{"lowlevel":{"average_loudness":0.82163220644,"barkbands":{"dmean":[0.0000271244662144,0.00247513386421,0.000711767817847,0.000537603686098,0.00212001916952,0.00151594146155,0.000860801781528,0.00083152577281,0.000672345049679,0.000363708415534,0.000281585758785,0.000168188897078,0.000177766021807,0.000218183966354,0.000213603925658,0.000225677038543,0.000316573947202,0.000146820413647,0.0000892570606084,0.0000567945789953,0.0000485388227389,0.000039086691686,0.0000257575993601,0.0000145599587995,0.0000107846135506,0.00000459670400232,0.00000139247208608],"dmean2":[0.0000410994907725,0.00358504336327,0.0012685728725,0.00086720084073,0.00343451695517,0.00242537772283,0.00139270722866,0.00127709272783,0.00106425362173,0.000572291668504,0.000389983673813,0.000268846779363,0.000282235618215,0.00032509083394,0.000326510082232,0.00036396770156,0.000503293587826,0.000242571913986,0.000143511933857,0.0000892537209438,0.0000744083226891,0.0000573647448618,0.0000365175110346,0.0000205143005587,0.0000148329718286,0.00000632539740764,0.00000199035821424],"dvar":[3.38515904197e-9,0.0000426167644036,0.0000028014264899,0.0000012436646557,0.0000115350148917,0.00000731186764824,0.00000277568278761,0.00000689403259457,0.00000338992413162,4.49292542726e-7,0.00000139988458159,2.02910456437e-7,2.22101760983e-7,8.35243042729e-7,3.06781373638e-7,2.42859869104e-7,5.67082963698e-7,8.90256259822e-8,3.96654833423e-8,1.34381554773e-8,1.20058691877e-8,1.80187118559e-8,8.28673396569e-9,3.09202263793e-9,1.54603074787e-9,9.92495599594e-11,9.31781995311e-12],"dvar2":[7.59884777324e-9,0.0000915884666028,0.00000815898238216,0.00000311477356263,0.0000313706805173,0.0000185181033885,0.00000697962013874,0.0000153921482706,0.00000714205953045,0.00000102741273622,0.00000207064567803,4.71082472586e-7,4.92766162097e-7,0.00000158010732321,6.30209171959e-7,6.1031084897e-7,0.00000135944242174,2.44444066766e-7,9.3566946191e-8,3.15121937433e-8,2.89199704184e-8,3.53495188676e-8,1.57136170742e-8,5.79846881621e-9,2.69957323162e-9,1.92461269144e-10,1.9165002918e-11],"max":[0.00101065065246,0.0645662099123,0.0246689245105,0.0213769488037,0.0789111852646,0.0631193220615,0.0450848937035,0.0741534903646,0.0503954552114,0.0244985856116,0.0604399740696,0.0156555473804,0.0123314745724,0.0340354628861,0.0181710384786,0.0128508685157,0.0177621953189,0.00740946410224,0.00730359414592,0.00361013039947,0.00397013127804,0.00853136368096,0.00347981252708,0.00268831965514,0.00138539948966,0.000165786696016,0.0000470368977403],"mean":[0.0000381038007617,0.00334197515622,0.00098612846341,0.000961450277828,0.0053380378522,0.00361023424193,0.00163226760924,0.00181040191092,0.00115357839968,0.00069679209264,0.000511226884555,0.000284167617792,0.000274423451629,0.000405938917538,0.000412098568631,0.000460958428448,0.00066218979191,0.000326921406668,0.000205192627618,0.000137795534101,0.000117442257761,0.0000854825775605,0.0000537098276254,0.0000336561497534,0.0000258450927504,0.0000107738414954,0.00000316422051583],"median":[0.00000589199134993,0.000305949593894,0.000493900151923,0.000204988900805,0.00287348497659,0.00153591611888,0.000765260192566,0.000535614788532,0.000405465601943,0.0002971245558,0.0000744009303162,0.0000993540234049,0.0000833667872939,0.0000759958347771,0.000120158001664,0.000107368883619,0.000127181760035,0.0000987153180176,0.0000752501437091,0.0000575667072553,0.000039007543819,0.0000261932655121,0.0000109087350211,0.00000849299613037,0.0000066573179538,0.00000207481889447,3.48333742295e-7],"min":[5.74666356168e-12,4.37834447517e-14,2.53329533898e-15,2.59541673533e-15,1.09937761477e-14,1.9326095154e-14,9.72267530836e-15,1.45948909832e-14,2.72301712428e-14,1.60507627426e-14,2.05187632835e-14,5.12018812765e-14,2.20423587152e-14,6.19021571198e-14,3.16816309244e-14,3.66078085272e-14,9.99817633199e-14,1.2624099086e-13,4.08123343877e-14,9.16798375498e-14,1.98261803567e-13,1.38154543144e-13,2.6168013611e-13,5.51438723243e-13,3.57971421602e-12,1.39649351111e-11,4.76536379801e-11],"var":[6.57294663142e-9,0.0000657204218442,0.00000260329761659,0.00000412939243688,0.0000551109005755,0.0000251978926826,0.00000577274522584,0.0000306241054204,0.00000860100681166,0.0000011338195236,0.00000558247347726,3.82693229994e-7,4.17472705294e-7,0.00000269001498054,7.53262838771e-7,6.72210319408e-7,0.00000163649951901,2.59654882484e-7,1.01451696821e-7,3.94083770061e-8,4.37374652051e-8,5.63851365598e-8,2.33271251204e-8,8.44840020164e-9,4.38444924811e-9,3.52676082782e-10,3.43871979502e-11]},"barkbands_crest":{"dmean":2.33631253242,"dmean2":3.79244542122,"dvar":5.19291782379,"dvar2":13.0784673691,"max":25.7554416656,"mean":10.9165887833,"median":9.91100311279,"min":2.41289997101,"var":21.7178497314},"barkbands_flatness_db":{"dmean":0.0177405960858,"dmean2":0.0268285311759,"dvar":0.000344222818967,"dvar2":0.000710627296939,"max":0.507076144218,"mean":0.166258573532,"median":0.147783666849,"min":0.0206097979099,"var":0.00686435168609},"barkbands_kurtosis":{"dmean":3.2118844986,"dmean2":5.02265644073,"dvar":41.9773368835,"dvar2":96.9442520142,"max":214.882858276,"mean":8.72838115692,"median":3.12423753738,"min":-1.92984461784,"var":331.834777832},"barkbands_skewness":{"dmean":0.453066259623,"dmean2":0.69669765234,"dvar":0.230193212628,"dvar2":0.52921807766,"max":12.6265621185,"mean":1.93579638004,"median":1.68219447136,"min":-2.49422383308,"var":2.41456604004},"barkbands_spread":{"dmean":3.36655807495,"dmean2":5.20418930054,"dvar":19.3643093109,"dvar2":42.0508499146,"max":121.838401794,"mean":16.6894416809,"median":14.3841266632,"min":0.361285835505,"var":193.780487061},"dissonance":{"dmean":0.0192854143679,"dmean2":0.0318305641413,"dvar":0.000413169618696,"dvar2":0.00108635611832,"max":0.500000119209,"mean":0.443359941244,"median":0.45959931612,"min":0.0584839954972,"var":0.00292679807171},"dynamic_complexity":3.87331819534,"erbbands":{"dmean":[0.0674046799541,0.569285273552,0.815523982048,1.22281217575,6.4710316658,6.23677778244,8.87303161621,11.8287525177,12.8372087479,10.9938268661,20.5710830688,15.2104988098,12.108045578,11.2145767212,8.51766586304,6.69848871231,7.81042909622,10.9982328415,8.49706554413,11.5914640427,14.1993865967,15.3516626358,8.93538379669,4.34241533279,4.27130508423,2.82713627815,2.29062509537,1.75333082676,1.33408522606,1.0605584383,0.680944263935,0.393023312092,0.237080588937,0.148200780153,0.0592201054096,0.024440959096,0.00785468891263,0.00194740574807,0.000224459858146,0.00001549044282],"dmean2":[0.0983309149742,0.837374091148,1.37998819351,2.04605507851,10.3475942612,10.2597265244,14.4694948196,18.5890407562,20.5825157166,17.7316532135,30.8704357147,23.3820819855,19.1866645813,16.4743499756,12.1658668518,10.6183643341,12.1838531494,16.2839355469,12.9229850769,17.7412071228,22.943655014,24.1991996765,14.5748357773,6.98052453995,6.78064107895,4.44296741486,3.5945687294,2.65860581398,1.98141002655,1.49539649487,0.978804767132,0.573489785194,0.32838717103,0.207846522331,0.0834187492728,0.0343154370785,0.0110219111666,0.00282736751251,0.000320777442539,0.0000205821215786],"dvar":[0.0342875868082,2.24571561813,3.72795581818,6.98293352127,131.933044434,94.3275299072,221.96446228,494.600189209,475.998687744,951.891357422,3972.49902344,1563.01342773,486.433288574,979.380981445,1001.06573486,280.149902344,424.970062256,2131.95385742,433.916168213,1125.97668457,924.806335449,1456.32775879,372.117950439,57.1761283875,123.292785645,42.9902915955,29.6895542145,13.3955993652,18.3104190826,18.1610851288,5.93015861511,2.76631045341,0.725016891956,0.404724925756,0.0190315973014,0.00280134100467,0.000305955385556,0.0000184424079634,2.44559771545e-7,6.74398648037e-10],"dvar2":[0.075775846839,4.77546691895,9.85894775391,18.8033657074,318.920501709,261.421630859,611.175231934,1202.31848145,1202.30749512,2319.96264648,8321.30957031,3123.4621582,1215.42370605,1682.08374023,1739.4017334,636.434326172,860.494445801,4326.19580078,808.926574707,2371.74145508,2395.5300293,3320.80883789,1012.32128906,142.450378418,291.07510376,100.133140564,74.9464035034,32.2187347412,39.0587844849,33.481212616,11.3573942184,5.53921508789,1.31557738781,0.695357441902,0.0361299440265,0.00543057871982,0.000626142718829,0.0000402225887228,5.05034108755e-7,1.21454335478e-9],"max":[1.9872123003,13.8052034378,29.7477035522,42.6089935303,347.013458252,130.53793335,283.17489624,621.483825684,399.372436523,1053.50805664,1667.06689453,1274.50305176,318.419281006,1456.86340332,1565.11218262,580.233886719,635.920593262,1978.98413086,700.415527344,1242.25866699,568.495300293,1186.02416992,547.871643066,145.444168091,361.083679199,216.504638672,185.801422119,110.345046997,267.186218262,220.777816772,94.8542327881,73.7470855713,31.6358966827,23.3959331512,3.57806634903,0.894440174103,0.274351000786,0.0668852329254,0.00729539897293,0.000417653267505],"mean":[0.0939664170146,0.758656263351,1.27866113186,2.14617466927,15.6801404953,14.8536167145,18.8402347565,29.0853557587,25.8035869598,20.0848388672,48.7718658447,29.4904499054,21.6090106964,22.3064079285,16.217634201,12.2654657364,13.5054578781,19.5170726776,17.6279907227,24.5746631622,31.5298252106,33.9191017151,21.191608429,11.4593143463,9.62893295288,6.81052303314,5.27699518204,4.33012628555,3.05306220055,2.18324995041,1.40193903446,0.849942028522,0.541154503822,0.341065257788,0.143936097622,0.0568642877042,0.0176350679249,0.00434695696458,0.000515832507517,0.0000524192000739],"median":[0.00338731659576,0.095749899745,0.597404837608,0.857257127762,5.69179821014,7.85318470001,9.13816547394,11.3527851105,10.87596035,9.8463716507,14.208688736,11.3511505127,9.68205928802,7.09131813049,4.10960674286,4.96187877655,4.51720428467,4.3731045723,5.32734966278,6.87792778015,6.94068527222,7.03935146332,6.35198402405,4.3245973587,3.76175355911,2.85380768776,1.78701794147,1.47886991501,0.929232060909,0.573446273804,0.275302112103,0.197811335325,0.135169833899,0.0870590806007,0.0376353822649,0.0127716790885,0.00304460572079,0.000582712935284,0.0000643136518192,0.0000329031900037],"min":[5.70279656831e-11,7.98477690217e-12,5.98467152571e-12,1.08564147255e-11,3.20233631279e-11,4.77762204798e-11,8.89085957634e-11,1.41514938656e-10,1.74685321763e-10,1.95541277614e-10,3.76758152454e-10,7.21791570957e-10,7.26689985964e-10,1.07574882335e-9,1.13501308352e-9,2.20237850179e-9,1.19923215802e-9,3.58283314128e-9,3.08294345608e-9,2.28777796707e-9,1.80282744289e-9,6.86667522842e-9,8.05854405428e-9,2.79442557982e-9,3.03525027334e-9,3.97011579167e-9,8.46735925819e-9,6.66465771459e-9,4.76411754491e-9,5.93484861255e-9,8.45328607113e-9,6.240601369e-9,1.45591485534e-8,2.74468980876e-8,3.46830937303e-8,3.16173611736e-8,2.51915999172e-8,1.61277835531e-8,6.85610324069e-9,8.05555455674e-10],"var":[0.0557154044509,3.31981444359,4.28712844849,12.0814170837,965.68560791,311.065734863,560.675109863,1825.92175293,1497.39648438,1382.08251953,22582.578125,4731.50097656,985.98223877,3667.79394531,3116.24389648,577.5546875,983.754821777,5141.32519531,1572.59265137,2731.78173828,2975.33422852,4155.32617188,1124.52429199,240.846496582,262.652313232,104.40057373,89.9003143311,53.8602142334,60.1598472595,52.8235816956,16.4287471771,6.92980766296,2.13863301277,1.08959984779,0.0645055174828,0.00951653346419,0.000987927778624,0.0000610922579654,8.86339307726e-7,3.51639672935e-9]},"erbbands_crest":{"dmean":1.97437238693,"dmean2":3.09516191483,"dvar":4.18374681473,"dvar2":9.7405796051,"max":33.0094490051,"mean":9.40154457092,"median":7.56688547134,"min":2.37564468384,"var":30.7994480133},"erbbands_flatness_db":{"dmean":0.0145648391917,"dmean2":0.0201284643263,"dvar":0.000276448583463,"dvar2":0.000495813263115,"max":0.494646340609,"mean":0.181836605072,"median":0.161613702774,"min":0.0448222979903,"var":0.0059749330394},"erbbands_kurtosis":{"dmean":0.965166151524,"dmean2":1.45802378654,"dvar":3.79806661606,"dvar2":7.85593557358,"max":60.9977111816,"mean":1.4317189455,"median":-0.207287669182,"min":-1.84814524651,"var":26.1389961243},"erbbands_skewness":{"dmean":0.30858707428,"dmean2":0.468329161406,"dvar":0.100775882602,"dvar2":0.212463840842,"max":6.43453121185,"mean":0.667351543903,"median":0.536866664886,"min":-3.38074064255,"var":1.11696636677},"erbbands_spread":{"dmean":5.7615737915,"dmean2":8.61500358582,"dvar":47.6754341125,"dvar2":97.7581787109,"max":120.698989868,"mean":35.9371414185,"median":35.9088401794,"min":1.02409875393,"var":308.182678223},"gfcc":{"cov":[[22855.8984375,317.042602539,-1866.25061035,1257.24621582,-726.325683594,455.505767822,-769.263305664,45.7520256042,-164.597061157,65.3287353516,-75.2228469849,322.615234375,-91.778755188],[317.042602539,2143.1184082,-482.829406738,-126.347396851,119.79335022,-579.445861816,254.456695557,-245.821548462,52.2919044495,-199.277603149,45.1894760132,-192.924240112,65.4570922852],[-1866.25061035,-482.829406738,1799.81799316,323.2918396,110.893875122,480.064331055,-103.743759155,271.16809082,-3.13423967361,98.7262191772,1.83366596699,55.8403663635,-36.7757339478],[1257.24621582,-126.347396851,323.2918396,609.678283691,-1.31062591076,246.077377319,-5.1754117012,1.2525883913,21.0479660034,73.664680481,55.014591217,65.8652420044,23.9073371887],[-726.325683594,119.79335022,110.893875122,-1.31062591076,307.081604004,0.886722326279,58.8348922729,49.3701095581,26.131942749,3.19121527672,15.5086765289,-16.5855865479,-0.178457185626],[455.505767822,-579.445861816,480.064331055,246.077377319,0.886722326279,543.953125,-56.985332489,169.700958252,9.0318403244,107.521476746,39.7774848938,120.317619324,-8.44833469391],[-769.263305664,254.456695557,-103.743759155,-5.1754117012,58.8348922729,-56.985332489,274.061157227,-38.4241027832,25.0706825256,16.1213645935,30.4037780762,-1.04577457905,35.8442611694],[45.7520256042,-245.821548462,271.16809082,1.2525883913,49.3701095581,169.700958252,-38.4241027832,216.409637451,46.7004470825,48.2982902527,0.775382101536,16.7124671936,-30.7590045929],[-164.597061157,52.2919044495,-3.13423967361,21.0479660034,26.131942749,9.0318403244,25.0706825256,46.7004470825,104.115737915,42.3538703918,22.5823955536,-5.72175931931,3.68407082558],[65.3287353516,-199.277603149,98.7262191772,73.664680481,3.19121527672,107.521476746,16.1213645935,48.2982902527,42.3538703918,130.271118164,44.5742034912,57.810333252,11.5049800873],[-75.2228469849,45.1894760132,1.83366596699,55.014591217,15.5086765289,39.7774848938,30.4037780762,0.775382101536,22.5823955536,44.5742034912,89.546661377,50.3865776062,23.874622345],[322.615234375,-192.924240112,55.8403663635,65.8652420044,-16.5855865479,120.317619324,-1.04577457905,16.7124671936,-5.72175931931,57.810333252,50.3865776062,149.544128418,58.632232666],[-91.778755188,65.4570922852,-36.7757339478,23.9073371887,-0.178457185626,-8.44833469391,35.8442611694,-30.7590045929,3.68407082558,11.5049800873,23.874622345,58.632232666,84.7907333374]],"icov":[[0.000147506638314,-0.000280152307823,0.000344082072843,-0.000476264074678,0.000214744082768,-0.000101391895441,0.000468969315989,-0.00054676545551,0.000520737376064,-0.000423249672167,0.000733966939151,-0.000719222356565,0.00057868816657],[-0.000280152307823,0.00156255497131,-0.00072805385571,0.000797570217401,-0.000564360641874,0.000819896929897,-0.00139977701474,0.00138189166319,-0.00171153293923,0.00223896582611,-0.00283722835593,0.00246909190901,-0.00201453221962],[0.000344082072843,-0.00072805385571,0.00167792255525,-0.00144006637856,0.000262656947598,-0.000678707554471,0.00127470656298,-0.0021304266993,0.00188025459647,-0.00133813358843,0.00201495131478,-0.00141085637733,0.00119761400856],[-0.000476264074678,0.000797570217401,-0.00144006637856,0.00396825000644,-0.000683825986926,-0.000968690554146,-0.00135396746919,0.00327885663137,-0.00240064086393,0.000912298215553,-0.00294876028784,0.00257903733291,-0.00218340940773],[0.000214744082768,-0.000564360641874,0.000262656947598,-0.000683825986926,0.00411769282073,0.0000478638139612,-0.0000953687267611,-0.001933351974,0.000619557918981,-0.000315994519042,0.000349812529748,-0.000579808605835,0.000645644846372],[-0.000101391895441,0.000819896929897,-0.000678707554471,-0.000968690554146,0.0000478638139612,0.0047859409824,-0.00059883564245,-0.00194261223078,0.000276428356301,0.000192406951101,-0.00126035313588,-0.00157720316201,0.000668850261718],[0.000468969315989,-0.00139977701474,0.00127470656298,-0.00135396746919,-0.0000953687267611,-0.00059883564245,0.00620877323672,-0.00120114802849,0.00149899173994,-0.00285250437446,0.00199573510326,-0.00169070926495,0.000331661751261],[-0.00054676545551,0.00138189166319,-0.0021304266993,0.00327885663137,-0.001933351974,-0.00194261223078,-0.00120114802849,0.0116981118917,-0.00668258825317,0.00150246964768,-0.00190880568698,0.00205534137785,0.000249353877734],[0.000520737376064,-0.00171153293923,0.00188025459647,-0.00240064086393,0.000619557918981,0.000276428356301,0.00149899173994,-0.00668258825317,0.01702359505,-0.00707609625533,0.000895808101632,0.000807140138932,-0.00024160790781],[-0.000423249672167,0.00223896582611,-0.00133813358843,0.000912298215553,-0.000315994519042,0.000192406951101,-0.00285250437446,0.00150246964768,-0.00707609625533,0.0163986943662,-0.00702166091651,-0.000348379020579,-0.000954415183514],[0.000733966939151,-0.00283722835593,0.00201495131478,-0.00294876028784,0.000349812529748,-0.00126035313588,0.00199573510326,-0.00190880568698,0.000895808101632,-0.00702166091651,0.0225327424705,-0.0100413272157,0.00454191258177],[-0.000719222356565,0.00246909190901,-0.00141085637733,0.00257903733291,-0.000579808605835,-0.00157720316201,-0.00169070926495,0.00205534137785,0.000807140138932,-0.000348379020579,-0.0100413272157,0.0209643691778,-0.0143789080903],[0.00057868816657,-0.00201453221962,0.00119761400856,-0.00218340940773,0.000645644846372,0.000668850261718,0.000331661751261,0.000249353877734,-0.00024160790781,-0.000954415183514,0.00454191258177,-0.0143789080903,0.0239326693118]],"mean":[-52.3250732422,108.433296204,-117.762359619,21.357131958,-58.6460647583,-12.7635660172,-40.4411048889,2.22882509232,-19.2077980042,-3.61991357803,-18.7877292633,-2.37555193901,-7.19848155975]},"hfc":{"dmean":3.38467025757,"dmean2":4.68141508102,"dvar":27.9640827179,"dvar2":51.9634513855,"max":113.230857849,"mean":15.6173639297,"median":11.2428760529,"min":0.00000143193858548,"var":230.306747437},"melbands":{"dmean":[0.000676329480484,0.000480525777675,0.000316315301461,0.000539488450158,0.000263773312327,0.000274881080259,0.000187413417734,0.000125345672132,0.00016999298532,0.0000880478910403,0.0000596620084252,0.0000455569643236,0.0000358046418114,0.0000170304519997,0.0000208454785025,0.0000166230074683,0.0000224624363909,0.0000145214416989,0.0000173336193257,0.0000153358814714,0.0000198621928575,0.0000181366904144,0.0000131818223963,0.00000603653188591,0.00000370956195184,0.00000393088703277,0.00000250639527621,0.00000195982761397,0.00000161184732406,0.00000117837782909,0.00000110917017082,8.24523851861e-7,8.18054786578e-7,5.72456997361e-7,4.44935750465e-7,3.48029374209e-7,2.29710153121e-7,1.75205940423e-7,1.63043210932e-7,1.24582243188e-7],"dmean2":[0.000981031917036,0.00074971705908,0.000505568343215,0.000883818953298,0.000429140869528,0.00043368191109,0.000300561106997,0.000199033514946,0.000255902967183,0.000136976770591,0.0000948575034272,0.000067400324042,0.0000500377791468,0.0000273948080576,0.000032932315662,0.0000263826786977,0.0000331698101945,0.0000221220070671,0.0000265744874923,0.0000247017433139,0.0000321477236866,0.0000287066777673,0.0000214768660953,0.00000996745711745,0.00000604112801739,0.00000629205169389,0.00000399747023039,0.00000312817451231,0.00000256276985056,0.00000182801102255,0.0000017038646547,0.00000127226269342,0.00000121539267184,8.27800249681e-7,6.61753290387e-7,5.14266787377e-7,3.46893273218e-7,2.53664040883e-7,2.3139705263e-7,1.79534211497e-7],"dvar":[0.00000330805096382,0.00000132783986828,3.36322585781e-7,8.03190062015e-7,1.81261214038e-7,2.47724045721e-7,1.0521956284e-7,1.21096405792e-7,2.56286000422e-7,5.05183876953e-8,1.21659784469e-8,1.46099106146e-8,2.19409148627e-8,2.37232811173e-9,2.63334487549e-9,2.3809478833e-9,9.26230825371e-9,2.16620543725e-9,2.14074402649e-9,1.36957190033e-9,2.0318218219e-9,2.07303729738e-9,8.83965844967e-10,1.37044084414e-10,4.25715643293e-11,1.01531234808e-10,3.29901800322e-11,2.39388977391e-11,1.67263512069e-11,7.77175806349e-12,5.49682651826e-12,6.45900607305e-12,1.43899536384e-11,3.94364792558e-12,2.24930187323e-12,2.36535162117e-12,1.09416880938e-12,3.48165696577e-13,5.07636738634e-13,2.67479425111e-13],"dvar2":[0.00000724697110854,0.00000279217715615,8.00809687007e-7,0.0000022290846573,4.87886836709e-7,6.07422123267e-7,2.63386596089e-7,2.80533242858e-7,5.25156849562e-7,1.03041600141e-7,3.03408960178e-8,2.59388635016e-8,3.51933344689e-8,5.71306557617e-9,5.71121061554e-9,5.23308774092e-9,1.82901800372e-8,3.79669407025e-9,4.36713110119e-9,3.17464987631e-9,5.24434806692e-9,4.88634244178e-9,2.29025598486e-9,3.74400344061e-10,1.08654904518e-10,2.4479815397e-10,7.64342825144e-11,5.74888886495e-11,4.66655464271e-11,1.62287266958e-11,1.38014400256e-11,1.56364608761e-11,2.69578179224e-11,7.90218238067e-12,4.80029601138e-12,4.72724680581e-12,2.55919179078e-12,7.0186380579e-13,9.33624596904e-13,4.79307565859e-13],"max":[0.0186247453094,0.0156602337956,0.0152827985585,0.0192555189133,0.00781924836338,0.0130716944113,0.00538583332673,0.0109892971814,0.0123733319342,0.00695084128529,0.00158282916527,0.00544577324763,0.00814194325358,0.00156782765407,0.00192028633319,0.00110461341683,0.00372904282995,0.00177857512608,0.00129288958851,0.00111501174979,0.00102810328826,0.00146066781599,0.000728174636606,0.000267137773335,0.000115128692414,0.00044892882579,0.000223798197112,0.000172404659679,0.000170987477759,0.000148872160935,0.0000615901808487,0.000137512077345,0.000213906052522,0.0000926268694457,0.0000549624382984,0.0000688708823873,0.0000520185494679,0.0000207717894227,0.0000284801008092,0.0000190733935597],"mean":[0.000910212751478,0.000790852878708,0.000720629177522,0.00128955207765,0.000617704645265,0.000677263946272,0.000372581067495,0.000231209225603,0.000400531862397,0.000158796479809,0.000101311554317,0.0000871926094987,0.0000657433120068,0.0000293781758955,0.000035510824091,0.0000257500341831,0.0000387801446777,0.0000273096829915,0.0000326592489728,0.0000302028056467,0.0000404023303417,0.0000365620653611,0.0000272447596217,0.0000133580251713,0.00000867082599143,0.00000796262338554,0.00000541973713553,0.00000425013195127,0.00000340431620316,0.00000261164586846,0.00000250095672527,0.00000173488490418,0.0000015493369574,0.00000108370511498,8.35279422517e-7,6.61342255626e-7,4.6082303129e-7,3.75760009774e-7,3.42405257925e-7,2.7150929327e-7],"median":[0.0000560125699849,0.000280263659079,0.000241674249992,0.000607505324297,0.00032048104913,0.000272940436844,0.000153445434989,0.000104475817352,0.000116198811156,0.0000609307317063,0.0000418517083745,0.0000263677102339,0.000012571363186,0.0000103377515188,0.0000121048524306,0.00000750145500206,0.00000709991581971,0.00000704845660948,0.00000900518716662,0.00000823144000606,0.00000741696385376,0.00000655821622786,0.00000647422803013,0.00000430786303696,0.00000299449811791,0.00000270936652669,0.00000221231766773,0.000001635255785,0.0000010878870853,8.1893387005e-7,8.22427523417e-7,5.17405965184e-7,3.9339175828e-7,2.54780559317e-7,1.53120268465e-7,1.26264382061e-7,1.09231706347e-7,9.20385190284e-8,8.30559372389e-8,6.89901611395e-8],"min":[8.82781532336e-13,2.71373876773e-15,2.79760709973e-15,3.0124686535e-15,3.06302550903e-15,3.4937377393e-15,2.64682422369e-15,3.05019211284e-15,2.84572407685e-15,3.99645518163e-15,3.03690640106e-15,4.72352708773e-15,3.35093073725e-15,6.44625784772e-15,3.39800946373e-15,2.96161893634e-15,6.16932466078e-15,4.16455988144e-15,2.76300770966e-15,2.82331433792e-15,1.74893351246e-15,6.582624223e-15,7.10059588167e-15,6.22230148943e-15,1.81562634563e-15,1.86452365185e-15,2.51320096461e-15,2.39999331715e-15,4.91749805616e-15,4.16902798023e-15,3.52085041691e-15,2.30051353266e-15,3.02746346601e-15,3.04262006181e-15,4.84134386497e-15,4.73829849529e-15,3.06663873982e-15,7.49780605305e-15,1.654044943e-14,2.45305163037e-14],"var":[0.00000512825545229,0.00000209402901419,0.00000193503888113,0.00000347637387677,5.51559480755e-7,9.31407953431e-7,3.03981892102e-7,2.06347593235e-7,0.00000137376810017,1.397096554e-7,2.36583499458e-8,5.39849303038e-8,7.67679537717e-8,4.02229405339e-9,6.017530918e-9,3.9083833947e-9,2.43073170481e-8,7.27823534774e-9,5.26375965038e-9,3.29458216264e-9,5.87350523773e-9,5.277044135e-9,2.29166863264e-9,4.00387806243e-10,1.48208292861e-10,1.96062957536e-10,7.32244542778e-11,4.86305405667e-11,4.08456150847e-11,2.60281241005e-11,1.90236680575e-11,1.74758818527e-11,3.69386916887e-11,1.05593476671e-11,5.37136654599e-12,5.49695358676e-12,2.03762917997e-12,8.85557198318e-13,1.36704991945e-12,6.55088179882e-13]},"melbands_crest":{"dmean":2.79200720787,"dmean2":4.47388219833,"dvar":6.52859687805,"dvar2":17.1379127502,"max":33.1826438904,"mean":14.086060524,"median":13.1128530502,"min":3.43191051483,"var":30.2720737457},"melbands_flatness_db":{"dmean":0.0204655975103,"dmean2":0.0301265306771,"dvar":0.000473731692182,"dvar2":0.000943281047512,"max":0.621759295464,"mean":0.234183579683,"median":0.213590964675,"min":0.0525908060372,"var":0.00966882053763},"melbands_kurtosis":{"dmean":6.14391803741,"dmean2":9.64290237427,"dvar":123.222541809,"dvar2":310.029541016,"max":303.052886963,"mean":17.0557441711,"median":9.03227043152,"min":-1.81281399727,"var":640.052368164},"melbands_skewness":{"dmean":0.570180296898,"dmean2":0.874911129475,"dvar":0.394318133593,"dvar2":0.898524403572,"max":12.1791687012,"mean":2.74509859085,"median":2.4460067749,"min":-2.31654834747,"var":2.84173893929},"melbands_spread":{"dmean":4.19905185699,"dmean2":6.48835229874,"dvar":30.4377059937,"dvar2":65.1705169678,"max":200.1302948,"mean":18.410276413,"median":14.3400287628,"min":0.469288438559,"var":346.477050781},"mfcc":{"cov":[[12105.2275391,-586.440795898,-1015.93005371,348.339691162,39.9372253418,401.147827148,-79.3690261841,143.12286377,-73.6612548828,-161.915206909,-73.0133514404,-17.9631843567,80.4753723145],[-586.440795898,1718.19348145,-280.017303467,233.893218994,-96.9107894897,-199.068756104,-13.7611513138,-70.2559814453,-12.2783479691,-43.7501831055,8.94836902618,-42.5478897095,-38.4625740051],[-1015.93005371,-280.017303467,1378.92919922,63.8890113831,332.677978516,193.871704102,105.906669617,142.351593018,71.4468231201,105.937744141,40.7458000183,62.8692588806,39.5380325317],[348.339691162,233.893218994,63.8890113831,440.123718262,-13.2824869156,113.951179504,43.2107925415,-22.6052265167,25.6407165527,-23.595117569,28.0522785187,-3.46614813805,4.27501773834],[39.9372253418,-96.9107894897,332.677978516,-13.2824869156,369.241241455,39.1884765625,23.2518863678,80.1533203125,26.3692684174,59.4431228638,7.37547588348,55.7485733032,38.1613464355],[401.147827148,-199.068756104,193.871704102,113.951179504,39.1884765625,297.775512695,109.737007141,64.4671096802,23.870973587,11.4542636871,28.3067150116,5.56816053391,34.923866272],[-79.3690261841,-13.7611513138,105.906669617,43.2107925415,23.2518863678,109.737007141,151.822433472,62.4948616028,29.0832214355,15.0078573227,28.8089408875,16.0285339355,20.0210075378],[143.12286377,-70.2559814453,142.351593018,-22.6052265167,80.1533203125,64.4671096802,62.4948616028,132.064575195,38.1449508667,35.0164756775,13.2713794708,18.7424240112,27.7783432007],[-73.6612548828,-12.2783479691,71.4468231201,25.6407165527,26.3692684174,23.870973587,29.0832214355,38.1449508667,103.381416321,39.244972229,28.5211086273,23.7417449951,15.4695329666],[-161.915206909,-43.7501831055,105.937744141,-23.595117569,59.4431228638,11.4542636871,15.0078573227,35.0164756775,39.244972229,115.030906677,48.9819602966,31.5347194672,14.1146688461],[-73.0133514404,8.94836902618,40.7458000183,28.0522785187,7.37547588348,28.3067150116,28.8089408875,13.2713794708,28.5211086273,48.9819602966,88.727180481,43.102771759,21.256942749],[-17.9631843567,-42.5478897095,62.8692588806,-3.46614813805,55.7485733032,5.56816053391,16.0285339355,18.7424240112,23.7417449951,31.5347194672,43.102771759,81.1170501709,39.3106498718],[80.4753723145,-38.4625740051,39.5380325317,4.27501773834,38.1613464355,34.923866272,20.0210075378,27.7783432007,15.4695329666,14.1146688461,21.256942749,39.3106498718,72.8997116089]],"icov":[[0.000115514150821,0.0000438373535872,0.000149623054313,-0.000129187450511,-0.0000819111301098,-0.000205366552109,0.000254382699495,-0.000302995787933,0.0000885593617568,0.000107267878775,0.0000466923193017,-0.0000727616570657,-0.00000504753597852],[0.0000438373535872,0.000809755001683,0.000142747201608,-0.000647448410746,-0.0000721936303307,0.000837264815345,-0.000350232585333,-0.000170561135747,0.000115998220281,0.000142805176438,-0.00039542990271,0.000569243507925,-0.000106667728687],[0.000149623054313,0.000142747201608,0.00125869456679,-0.000322905339999,-0.000865895242896,-0.000640098936856,0.000174945904291,-0.000722792756278,-0.0000107367986857,-0.000291602453217,0.000161586460308,-0.000268198520644,0.000389955093851],[-0.000129187450511,-0.000647448410746,-0.000322905339999,0.00345779536292,-0.0000464986951556,-0.00153457082342,-0.000202008115593,0.00172060658224,-0.00119810376782,0.00101432728115,-0.00100561312865,0.000220154382987,0.000165079458384],[-0.0000819111301098,-0.0000721936303307,-0.000865895242896,-0.0000464986951556,0.00434141140431,0.000165096469573,0.000350679823896,-0.00139440828934,0.000473227119073,-0.00152300891932,0.00207268516533,-0.00257698306814,-0.00041230302304],[-0.000205366552109,0.000837264815345,-0.000640098936856,-0.00153457082342,0.000165096469573,0.00702584488317,-0.00384148745798,-0.000556521990802,0.000430871295976,0.000170654355315,-0.00144345243461,0.00280260574073,-0.00229444471188],[0.000254382699495,-0.000350232585333,0.000174945904291,-0.000202008115593,0.000350679823896,-0.00384148745798,0.0115264719352,-0.00444386992604,-0.000553076039068,0.00125314597972,-0.00173013925087,-0.00123599648941,0.000681573466863],[-0.000302995787933,-0.000170561135747,-0.000722792756278,0.00172060658224,-0.00139440828934,-0.000556521990802,-0.00444386992604,0.013687399216,-0.00305267493241,-0.00180496042594,0.00114865542855,0.0014169580536,-0.00256471545435],[0.0000885593617568,0.000115998220281,-0.0000107367986857,-0.00119810376782,0.000473227119073,0.000430871295976,-0.000553076039068,-0.00305267493241,0.0128427501768,-0.00293960794806,-0.000770093407482,-0.00163783656899,-0.000147869155626],[0.000107267878775,0.000142805176438,-0.000291602453217,0.00101432728115,-0.00152300891932,0.000170654355315,0.00125314597972,-0.00180496042594,-0.00293960794806,0.0145910428837,-0.00770747894421,0.000397139898269,0.000946715823375],[0.0000466923193017,-0.00039542990271,0.000161586460308,-0.00100561312865,0.00207268516533,-0.00144345243461,-0.00173013925087,0.00114865542855,-0.000770093407482,-0.00770747894421,0.0215564705431,-0.00986979901791,0.0000473845429951],[-0.0000727616570657,0.000569243507925,-0.000268198520644,0.000220154382987,-0.00257698306814,0.00280260574073,-0.00123599648941,0.0014169580536,-0.00163783656899,0.000397139898269,-0.00986979901791,0.0246550757438,-0.00982737448066],[-0.00000504753597852,-0.000106667728687,0.000389955093851,0.000165079458384,-0.00041230302304,-0.00229444471188,0.000681573466863,-0.00256471545435,-0.000147869155626,0.000946715823375,0.0000473845429951,-0.00982737448066,0.0206843130291]],"mean":[-687.159606934,139.189712524,-5.84195756912,28.1272144318,-1.64631199837,-10.0228595734,-14.1633224487,-3.9407556057,-0.911337316036,-4.33586597443,-4.23953056335,-2.96563339233,-3.81069254875]},"pitch_salience":{"dmean":0.0646243542433,"dmean2":0.102783516049,"dvar":0.00386378378607,"dvar2":0.00959160365164,"max":0.874510407448,"mean":0.600833058357,"median":0.637153446674,"min":0.0585418902338,"var":0.0224026404321},"silence_rate_20dB":{"dmean":0,"dmean2":0,"dvar":0,"dvar2":0,"max":1,"mean":1,"median":1,"min":1,"var":0},"silence_rate_30dB":{"dmean":0,"dmean2":0,"dvar":0,"dvar2":0,"max":1,"mean":1,"median":1,"min":1,"var":0},"silence_rate_60dB":{"dmean":0.0266412943602,"dmean2":0.0532898306847,"dvar":0.0259345509112,"dvar2":0.055886592716,"max":1,"mean":0.102609403431,"median":0,"min":0,"var":0.0920799300075},"spectral_centroid":{"dmean":163.353012085,"dmean2":251.426269531,"dvar":35853.765625,"dvar2":79587.515625,"max":4583.38378906,"mean":1070.39868164,"median":989.195556641,"min":198.23210144,"var":402296.5625},"spectral_complexity":{"dmean":2.7527525425,"dmean2":4.13172912598,"dvar":10.8512420654,"dvar2":20.0692844391,"max":54,"mean":17.0894260406,"median":14,"min":0,"var":149.789825439},"spectral_contrast_coeffs":{"dmean":[0.0490403547883,0.0437796786427,0.0356202758849,0.0260763522238,0.01960551925,0.0162135027349],"dmean2":[0.0796500891447,0.0721635594964,0.0577477887273,0.042273901403,0.031878888607,0.0253515783697],"dvar":[0.00174521573354,0.00134268915281,0.000807519885711,0.000473850464914,0.000300206942484,0.000307866430376],"dvar2":[0.00443888548762,0.00357491988689,0.00210044626147,0.00118056766223,0.0007571663009,0.000622989435215],"max":[-0.157328754663,-0.288850277662,-0.453385978937,-0.511603116989,-0.540339291096,-0.512163281441],"mean":[-0.580137312412,-0.711455464363,-0.76278424263,-0.797846436501,-0.796267330647,-0.756869912148],"median":[-0.582711458206,-0.720577538013,-0.769354939461,-0.806115031242,-0.802394449711,-0.771574854851],"min":[-0.926679849625,-0.965346038342,-0.964319884777,-0.958736658096,-0.948477208614,-0.940637350082],"var":[0.0137340473011,0.00896960496902,0.00472207553685,0.00350995408371,0.00249606743455,0.00470554502681]},"spectral_contrast_valleys":{"dmean":[0.43518063426,0.340977728367,0.331632107496,0.282405972481,0.226666435599,0.240615218878],"dmean2":[0.689040720463,0.555109143257,0.519858658314,0.427760362625,0.331435292959,0.307824224234],"dvar":[0.155083835125,0.091943114996,0.105884164572,0.0937981978059,0.0781913250685,0.110053703189],"dvar2":[0.342883050442,0.215235605836,0.209693580866,0.171081975102,0.141419157386,0.190979644656],"max":[-5.41675758362,-4.5624871254,-5.39778423309,-5.6348900795,-5.91256666183,-7.85693645477],"mean":[-8.13754558563,-6.77120161057,-7.82042980194,-8.08170032501,-7.95489120483,-11.0444221497],"median":[-7.95463466644,-6.48715400696,-7.49016094208,-7.80867433548,-7.63009595871,-10.6232471466],"min":[-20.155412674,-18.5073127747,-18.0572376251,-18.2318668365,-17.6403236389,-18.6324596405],"var":[3.23365902901,2.48508620262,2.4573700428,2.51720714569,2.47930979729,2.77042078972]},"spectral_decrease":{"dmean":1.61444668745e-9,"dmean2":2.31059904543e-9,"dvar":4.96431617443e-18,"dvar2":9.83190929266e-18,"max":3.26912597603e-17,"mean":-5.87233861538e-9,"median":-4.96565677466e-9,"min":-2.64653738924e-8,"var":2.16615524089e-17},"spectral_energy":{"dmean":0.00632191635668,"dmean2":0.00903474260122,"dvar":0.0000752340565668,"dvar2":0.000148065082612,"max":0.108967155218,"mean":0.023580012843,"median":0.0201161112636,"min":8.98198113108e-11,"var":0.000344036583556},"spectral_energyband_high":{"dmean":0.000133195091621,"dmean2":0.00018028136401,"dvar":1.05793567684e-7,"dvar2":1.78901743197e-7,"max":0.0153628783301,"mean":0.000397482537664,"median":0.000162878321134,"min":6.18127632412e-11,"var":5.1969885817e-7},"spectral_energyband_low":{"dmean":0.00281263818033,"dmean2":0.00395506247878,"dvar":0.0000443084645667,"dvar2":0.0000877315251273,"max":0.0669328793883,"mean":0.00462107546628,"median":0.00115228584036,"min":4.02361997887e-12,"var":0.0000832451551105},"spectral_energyband_middle_high":{"dmean":0.00119783880655,"dmean2":0.0017173436936,"dvar":0.00000513213444719,"dvar2":0.00000932857255975,"max":0.073360837996,"mean":0.00413330364972,"median":0.00203936593607,"min":6.79121038918e-13,"var":0.0000340888545907},"spectral_energyband_middle_low":{"dmean":0.00408861646429,"dmean2":0.00629863515496,"dvar":0.0000306633810396,"dvar2":0.0000722963886801,"max":0.0963513851166,"mean":0.0148366605863,"median":0.0112971495837,"min":3.47083310443e-13,"var":0.000172509651748},"spectral_entropy":{"dmean":0.136591359973,"dmean2":0.196786522865,"dvar":0.0261714104563,"dvar2":0.0482362695038,"max":9.20744132996,"mean":7.29362630844,"median":7.48744678497,"min":4.18273305893,"var":0.530298411846},"spectral_flux":{"dmean":0.0188896209002,"dmean2":0.0292735733092,"dvar":0.00054856389761,"dvar2":0.00115120701957,"max":0.31091350317,"mean":0.0652262121439,"median":0.0561924651265,"min":0.00000839364020067,"var":0.00196874607354},"spectral_kurtosis":{"dmean":2.57183384895,"dmean2":4.33710956573,"dvar":20.341627121,"dvar2":56.7733383179,"max":135.832672119,"mean":7.49527788162,"median":4.84156417847,"min":-0.831321716309,"var":106.193099976},"spectral_rms":{"dmean":0.000611264549661,"dmean2":0.000858756713569,"dvar":5.46652017874e-7,"dvar2":9.84854182207e-7,"max":0.0103106461465,"mean":0.00434203632176,"median":0.00443006493151,"min":2.96022108159e-7,"var":0.00000415154727307},"spectral_rolloff":{"dmean":274.3203125,"dmean2":453.618377686,"dvar":253152.6875,"dvar2":542531.875,"max":21274.8046875,"mean":1398.19702148,"median":775.1953125,"min":86.1328125,"var":6099096},"spectral_skewness":{"dmean":0.263633847237,"dmean2":0.42839807272,"dvar":0.118337415159,"dvar2":0.313650429249,"max":9.91816520691,"mean":1.81523954868,"median":1.64806556702,"min":0.00336741632782,"var":0.845611870289},"spectral_spread":{"dmean":392345.1875,"dmean2":558571.1875,"dvar":240921985024,"dvar2":464698966016,"max":19836872,"mean":4110587.5,"median":3795030.25,"min":750129.9375,"var":4797353164800},"spectral_strongpeak":{"dmean":0.339192211628,"dmean2":0.558637082577,"dvar":0.403592437506,"dvar2":1.00544953346,"max":11.7457313538,"mean":0.904465079308,"median":0.597782075405,"min":0,"var":1.13175332546},"zerocrossingrate":{"dmean":0.00687887845561,"dmean2":0.00811751000583,"dvar":0.0000624365711701,"dvar2":0.0000769348844187,"max":0.6806640625,"mean":0.0549537390471,"median":0.0439453125,"min":0.00390625,"var":0.00540880626068}},"metadata":{"audio_properties":{"analysis_sample_rate":44100,"bit_rate":0,"codec":"flac","downmix":"mix","equal_loudness":0,"length":170.826660156,"lossless":true,"md5_encoded":"eac24dc84aec2f05af18cacdd7f1884d","replay_gain":-15.707449913,"sample_rate":44100},"tags":{"album":["Rubber Factory"],"albumartist":["The Black Keys"],"albumartistsort":["Black Keys, The"],"artist":["The Black Keys"],"artistsort":["Black Keys, The"],"asin":["B0002O06N0"],"barcode":["045778037926"],"catalognumber":["80379"],"date":["2004-09-07"],"discnumber":["1"],"disctotal":["1"],"file_name":"01-11 Aeroplane Blues.flac","label":["Fat Possum Records"],"media":["CD"],"musicbrainz_albumartistid":["d15721d8-56b4-453d-b506-fc915b14cba2"],"musicbrainz_albumid":["d8318a0e-474a-4ab3-9303-cde152591b83"],"musicbrainz_artistid":["d15721d8-56b4-453d-b506-fc915b14cba2"],"musicbrainz_recordingid":["ad1cce73-efbc-4830-8da8-504684605905"],"musicbrainz_releasegroupid":["dc7f0c9d-fd57-33a2-bfd9-b345315c2258"],"originaldate":["2004-09-07"],"releasecountry":["US"],"releasestatus":["official"],"releasetype":["album"],"script":["Latn"],"title":["Aeroplane Blues"],"totaldiscs":["1"],"totaltracks":["13"],"tracknumber":["11"],"tracktotal":["13"]},"version":{"essentia":"2.1-beta1","essentia_build_sha":"ca57ba49d9b1854bd80e60cf9ccf267278fb7d6b","essentia_git_sha":"v2.1_beta1-28-g21ef5f4-dirty","extractor":"music 1.0"}},"rhythm":{"beats_count":302,"beats_loudness":{"dmean":0.01617901586,"dmean2":0.0294687841088,"dvar":0.00018726446433,"dvar2":0.000582004606258,"max":0.0989638119936,"mean":0.0345547683537,"median":0.034323990345,"min":2.26231491873e-10,"var":0.00036005344009},"beats_loudness_band_ratio":{"dmean":[0.403963804245,0.204063862562,0.154347330332,0.100306652486,0.0744374468923,0.034623388201],"dmean2":[0.802917480469,0.373829334974,0.287975907326,0.190099209547,0.14160400629,0.0636291727424],"dvar":[0.0545739009976,0.0230894349515,0.0172097925097