{"lowlevel":{"average_loudness":0.890987336636,"barkbands":{"dmean":[0.00000411718065152,0.000763886142522,0.00372916925699,0.00189144141041,0.00377259496599,0.00177922123112,0.00153465580661,0.00161542498972,0.000562509521842,0.000366935011698,0.000264647445874,0.000381948600989,0.000213532708585,0.000161488205777,0.000179504160769,0.0000782894494478,0.000104116123111,0.0000770886254031,0.0000633622257737,0.0000746937002987,0.0000814760496723,0.0000827592375572,0.000122740515508,0.0000893453689059,0.0000205040796573,0.000015016838006,0.00000468842927148],"dmean2":[0.00000684477572577,0.00125357299112,0.00659202644601,0.0032023137901,0.00620918441564,0.00285359378904,0.0023399842903,0.00235503586009,0.000790339836385,0.00052504776977,0.000388657732401,0.000560903921723,0.000315022596624,0.000240265522734,0.00028593299794,0.000123341756989,0.00016753100499,0.000125425955048,0.0000989649779513,0.000115237053251,0.000123915204313,0.000121129422041,0.000175350651261,0.000132980407216,0.0000303171145788,0.0000216319622268,0.00000698948542777],"dvar":[1.25199606238e-9,0.00000260756428361,0.0000271575318038,0.0000104834980448,0.0000267742725555,0.0000069058205554,0.00000830523549666,0.0000119706237456,0.00000219121238842,0.00000104778337118,9.84436724139e-7,0.00000143215015669,3.65427098359e-7,2.31055494737e-7,1.43375132211e-7,6.82473952907e-8,1.28066517391e-7,3.87629768284e-8,3.12037506944e-8,4.77922839082e-8,1.19956553135e-7,7.9753732507e-8,2.08420146919e-7,2.62003311491e-7,1.60246873548e-8,6.92491441967e-9,8.95803986545e-10],"dvar2":[3.05696268299e-9,0.00000701435783412,0.0000839616113808,0.000028846974601,0.00007094888133,0.000018412269128,0.000019305936803,0.0000247492098424,0.00000408101914218,0.00000209618792724,0.00000205619789995,0.00000296015196,7.74857369379e-7,5.06972355652e-7,3.44854669265e-7,1.54830743782e-7,3.29010646283e-7,9.70415996449e-8,7.72088881718e-8,1.13660519219e-7,2.80559163457e-7,1.62200123555e-7,4.09220518804e-7,5.71482928535e-7,4.01526243365e-8,1.38214462098e-8,1.95207516818e-9],"max":[0.00399438943714,0.0446425229311,0.0776465982199,0.0480414703488,0.0978480055928,0.0651938170195,0.0586963482201,0.0799539238214,0.0602867864072,0.0379968322814,0.0406432710588,0.041196834296,0.0209354534745,0.0209441967309,0.013178255409,0.0219781883061,0.0129709020257,0.00917637255043,0.0053083775565,0.00739662488922,0.0162818338722,0.0140504278243,0.0156866740435,0.0311595462263,0.0102155124769,0.00432030437514,0.00218756566755],"mean":[0.00000453546590506,0.00134973786771,0.00492174550891,0.00259528122842,0.00731777492911,0.00356738851406,0.00272370572202,0.00285980780609,0.00114624423441,0.00076751341112,0.000469322199933,0.000701928220224,0.00033832306508,0.000248894066317,0.000309047492919,0.000123725098092,0.00017421899247,0.000133225606987,0.000111135239422,0.000132867251523,0.000132385728648,0.000139791009133,0.000186610704986,0.000123974416056,0.0000314792705467,0.0000213903367694,0.00000575630338062],"median":[0.00000210764665098,0.00041159556713,0.00284871133044,0.00143853004556,0.00524322455749,0.00236351462081,0.00103072007187,0.000820326851681,0.0002539390116,0.000191088518477,0.000138153598527,0.000199608679395,0.000100070479675,0.0000473508007417,0.000129834632389,0.0000553697791474,0.0000567539827898,0.0000380556703021,0.000028427619327,0.0000232075872191,0.0000112764255391,0.00000860961154103,0.00000755213523007,0.00000729945122657,0.00000291212745651,0.00000227058808377,9.44698570038e-7],"min":[1.2817411988e-25,3.65937743347e-24,9.47592636949e-25,1.90432639685e-24,9.90174185043e-24,3.90754558007e-24,8.90686282006e-24,1.19958243993e-23,1.01006144735e-23,1.47036920084e-23,1.57780400975e-23,3.46492385142e-23,3.07953942458e-23,3.51841335396e-23,3.44289601505e-23,5.16525168593e-23,8.76812711484e-23,6.36797237231e-23,1.28892059035e-22,1.6075787442e-22,2.00715799728e-22,2.22676601856e-22,3.74430998506e-22,6.26582195328e-22,8.7981462384e-22,1.19551398132e-21,1.84785444158e-21],"var":[1.39144396005e-9,0.00000541732015336,0.0000367234060832,0.0000122099118016,0.000054819003708,0.000014588114027,0.0000188658759726,0.0000282580876956,0.00000659476836518,0.00000311100166073,0.00000198459360945,0.00000308201515509,6.49790592888e-7,4.12982700482e-7,2.65543121714e-7,1.02103179245e-7,2.03042063163e-7,7.33739895509e-8,6.92026205229e-8,1.15784878574e-7,2.1387063498e-7,2.20988354727e-7,4.30579973454e-7,3.8497995547e-7,2.59256847102e-8,1.27731416555e-8,1.10435272038e-9]},"barkbands_crest":{"dmean":2.53089642525,"dmean2":4.23552751541,"dvar":4.96454954147,"dvar2":14.3190288544,"max":25.5114631653,"mean":10.1654081345,"median":9.56388092041,"min":2.4830956459,"var":12.257235527},"barkbands_flatness_db":{"dmean":0.0228434503078,"dmean2":0.0347295962274,"dvar":0.000425379635999,"dvar2":0.000959806609899,"max":0.390155911446,"mean":0.184321790934,"median":0.185613200068,"min":0.0285662449896,"var":0.00236878474243},"barkbands_kurtosis":{"dmean":3.66563034058,"dmean2":5.81661367416,"dvar":25.1140880585,"dvar2":62.6258049011,"max":149.488876343,"mean":6.99194478989,"median":5.07926368713,"min":-1.94130194187,"var":56.7275085449},"barkbands_skewness":{"dmean":0.551898896694,"dmean2":0.857132852077,"dvar":0.295497924089,"dvar2":0.706299543381,"max":9.82286167145,"mean":1.96064889431,"median":1.88919103146,"min":-4.17441606522,"var":1.11098647118},"barkbands_spread":{"dmean":4.51064777374,"dmean2":6.77461290359,"dvar":60.5475883484,"dvar2":115.125137329,"max":117.353370667,"mean":13.7975502014,"median":8.90114593506,"min":0.510745048523,"var":206.280609131},"dissonance":{"dmean":0.0268317889422,"dmean2":0.0439121462405,"dvar":0.000595138175413,"dvar2":0.00155131472275,"max":0.499999970198,"mean":0.429364174604,"median":0.437476813793,"min":0.207036674023,"var":0.00200178241357},"dynamic_complexity":2.36219477654,"erbbands":{"dmean":[0.00789260864258,0.262636989355,3.26814770699,5.23816156387,10.6931285858,13.0291376114,16.2611713409,13.7484264374,20.4628067017,29.7558021545,28.2011737823,12.5139656067,12.8561096191,9.65694141388,11.59674263,16.3299350739,10.1421995163,8.41734600067,7.43076086044,7.92195177078,4.3356013298,5.10461091995,4.09322834015,3.28314638138,3.84779787064,2.79053640366,4.15916347504,2.31404924393,3.23778033257,2.92787098885,3.85240364075,2.4450647831,1.16978812218,0.317184776068,0.122889846563,0.0604009330273,0.0296586919576,0.00759578123689,0.000839359592646,0.0000319466998917],"dmean2":[0.0126895047724,0.439527213573,5.77611923218,8.92030239105,17.6860561371,21.5412216187,26.665348053,22.1063022614,31.2827587128,44.1599960327,41.120010376,17.1410522461,18.8367424011,13.4468221664,16.8118991852,24.1063613892,14.6709976196,12.3958482742,11.3677692413,12.4779472351,6.78830194473,8.03754997253,6.57946777344,5.24080181122,5.86029672623,4.28299045563,6.44473695755,3.43804097176,4.82677507401,4.20874929428,5.62524652481,3.60913157463,1.74055993557,0.473447412252,0.185127303004,0.0883556902409,0.0433949902654,0.010945443064,0.00127499189693,0.0000489968406328],"dvar":[0.000401424535085,0.237691298127,21.4916496277,60.3100547791,333.563720703,325.034362793,539.849304199,518.447143555,1420.20910645,4125.48144531,3969.79370117,1189.0489502,1281.6763916,1043.95458984,1702.80749512,2948.98681641,855.23425293,615.99432373,297.231262207,288.655456543,284.564483643,228.376419067,133.319152832,88.5353927612,89.0949172974,59.1008872986,431.045135498,53.6387825012,138.868347168,118.146186829,215.387283325,126.675567627,81.6745986938,3.30820417404,1.42807924747,0.104314923286,0.0351790264249,0.00230780127458,0.0000346611232089,1.93269364956e-8],"dvar2":[0.000950950372498,0.647856593132,65.5576171875,169.659255981,875.425720215,863.134033203,1448.8425293,1379.82873535,3237.21630859,9484.10058594,8412.00390625,2073.23168945,2785.76806641,1924.20605469,3543.65527344,6222.48193359,1803.74719238,1380.43127441,671.413024902,696.764892578,661.873840332,544.915161133,336.780456543,216.193161011,206.672546387,135.994476318,1036.97143555,115.278892517,300.654296875,228.939041138,446.376464844,283.802032471,175.853302002,7.70577716827,3.78351521492,0.203961655498,0.0771076977253,0.00470988918096,0.0000812255675555,4.49842048056e-8],"max":[1.3555355072,11.7375745773,57.2268791199,114.728500366,331.67779541,341.819488525,550.369689941,674.297973633,636.200500488,1651.77990723,1555.58044434,1623.78674316,1403.50952148,1523.75390625,1711.7232666,1889.0534668,1035.18518066,1166.54333496,386.133575439,735.086120605,1519.51647949,497.61416626,347.828857422,392.531768799,236.976150513,303.300262451,969.160705566,213.924835205,763.934936523,266.91204834,545.775024414,549.766906738,786.305908203,100.740585327,130.188369751,24.1907253265,12.2978372574,4.7669210434,0.34738612175,0.00724097061902],"mean":[0.0162845272571,0.46004858613,4.4964427948,8.03006267548,17.0383300781,23.5287780762,31.3640174866,26.3042316437,37.5260505676,54.7007904053,51.5105133057,26.3287334442,28.4000778198,20.0127754211,22.4166736603,30.2470684052,17.7589035034,14.2549276352,12.9502096176,13.4832344055,7.64556741714,9.00373935699,6.70926141739,6.56638383865,7.30122613907,5.15866613388,6.23003959656,4.19821929932,5.45145320892,4.49357652664,5.81974744797,3.47204446793,1.55922806263,0.467773467302,0.183112770319,0.0898015499115,0.0402894727886,0.00975680630654,0.00102343782783,0.0000678527139826],"median":[0.00579037936404,0.175096854568,2.56001353264,5.23338270187,8.82126331329,16.0676002502,20.5831108093,16.4691944122,17.1760864258,17.6476268768,17.1805686951,7.56210041046,6.61784219742,5.96410083771,7.29818487167,9.5356464386,6.52138185501,3.83321118355,5.27772569656,6.14127492905,3.4806201458,3.35879015923,2.40418934822,1.75908052921,1.5913118124,1.06507337093,0.586770117283,0.387976527214,0.304760187864,0.23608186841,0.222638398409,0.169749423862,0.0977651029825,0.0423038229346,0.0159122049809,0.00817820057273,0.00417158938944,0.0011404203251,0.000167378602782,0.0000453964421467],"min":[8.0993693358e-23,6.96678785022e-22,1.98889439057e-21,6.12089782989e-21,7.34263753618e-21,2.73766538964e-20,3.44907787494e-20,4.94326849912e-20,1.02910431812e-19,2.89417830129e-19,2.72556347878e-19,2.90961736893e-19,5.97957439382e-19,7.23736817267e-19,9.00290040415e-19,1.65150827917e-18,1.69066473462e-18,2.42766528962e-18,2.72442439938e-18,1.48298243028e-18,2.80266617275e-18,5.74360261593e-18,4.52636746707e-18,6.48500790768e-18,6.29076067084e-18,6.93779664882e-18,8.68976229108e-18,8.999681224e-18,9.07821126982e-18,1.12602169456e-17,1.25801027269e-17,1.00959966294e-17,9.44749778249e-18,8.47981971571e-18,6.41883056354e-18,3.93778131194e-18,2.40416177969e-18,9.47444195017e-19,2.55734932188e-19,2.76400915344e-20],"var":[0.00120903155766,0.481234282255,30.3126907349,85.7027053833,558.093994141,676.277893066,1242.14453125,995.733764648,3132.79296875,9978.05078125,8450.12109375,3649.22363281,3919.68896484,2857.32275391,3455.97949219,5611.63867188,1545.8704834,1126.69897461,547.001220703,512.414672852,453.211181641,403.465148926,213.713668823,214.567611694,255.300643921,146.798614502,596.955383301,156.380020142,391.062957764,234.068618774,435.104248047,185.495544434,118.400634766,5.13524436951,1.54796600342,0.214115709066,0.0524287186563,0.00340459146537,0.0000376748976123,2.29527987727e-8]},"erbbands_crest":{"dmean":2.58853030205,"dmean2":4.1475982666,"dvar":5.92513942719,"dvar2":14.5582323074,"max":30.4908981323,"mean":10.0614500046,"median":9.21440696716,"min":2.41269278526,"var":17.248418808},"erbbands_flatness_db":{"dmean":0.0183995757252,"dmean2":0.0263214986771,"dvar":0.000334247684805,"dvar2":0.000629839603789,"max":0.358956485987,"mean":0.189710780978,"median":0.191319301724,"min":0.0345018729568,"var":0.00236295349896},"erbbands_kurtosis":{"dmean":1.20065164566,"dmean2":1.87463223934,"dvar":2.65338087082,"dvar2":6.32670974731,"max":38.5392150879,"mean":1.02912604809,"median":0.380540132523,"min":-1.87985670567,"var":6.78397464752},"erbbands_skewness":{"dmean":0.399474740028,"dmean2":0.601345777512,"dvar":0.157572731376,"dvar2":0.343035250902,"max":5.24926280975,"mean":0.73245716095,"median":0.755913496017,"min":-4.2970905304,"var":0.639294922352},"erbbands_spread":{"dmean":8.52759838104,"dmean2":12.5511646271,"dvar":138.658187866,"dvar2":278.629150391,"max":147.384017944,"mean":34.6294784546,"median":27.1514339447,"min":2.59945559502,"var":563.204284668},"gfcc":{"cov":[[7875.21484375,-769.53338623,-445.603607178,900.003479004,-771.003479004,389.633514404,-234.242935181,-43.3529586792,-99.8478012085,42.2114067078,-68.1208648682,-103.790054321,-254.55329895],[-769.53338623,1706.71801758,-440.63168335,-656.452148438,532.423522949,-355.786132812,83.393737793,-1.93644678593,24.3123645782,-67.9272613525,67.4894943237,-81.3367919922,61.8616828918],[-445.603607178,-440.63168335,742.47833252,227.722106934,-54.4657287598,226.859298706,-64.9522628784,14.7317276001,8.57650375366,2.31517004967,-34.6341323853,55.0965538025,-24.7228450775],[900.003479004,-656.452148438,227.722106934,888.768005371,-143.992614746,175.813186646,-21.5097751617,-46.3726768494,23.2170505524,3.80759596825,9.52745723724,30.4310207367,-39.7756958008],[-771.003479004,532.423522949,-54.4657287598,-143.992614746,465.467071533,-143.525238037,0.382324099541,32.0936088562,10.4619722366,-23.4648418427,22.1171703339,0.749368965626,30.9629535675],[389.633514404,-355.786132812,226.859298706,175.813186646,-143.525238037,311.131256104,-22.0597248077,-36.1587753296,19.3995857239,-0.0514973178506,-27.0748729706,1.93816757202,-12.5910224915],[-234.242935181,83.393737793,-64.9522628784,-21.5097751617,0.382324099541,-22.0597248077,177.894836426,17.8853912354,-8.39850330353,8.89722442627,4.53278636932,-15.7410984039,3.27757620811],[-43.3529586792,-1.93644678593,14.7317276001,-46.3726768494,32.0936088562,-36.1587753296,17.8853912354,163.172653198,-10.5088214874,-22.2080345154,18.5983123779,6.08411216736,-30.1222419739],[-99.8478012085,24.3123645782,8.57650375366,23.2170505524,10.4619722366,19.3995857239,-8.39850330353,-10.5088214874,114.084640503,27.5153331757,-5.20353889465,6.56953191757,0.583720505238],[42.2114067078,-67.9272613525,2.31517004967,3.80759596825,-23.4648418427,-0.0514973178506,8.89722442627,-22.2080345154,27.5153331757,113.028541565,15.5870199203,-31.9251804352,-3.21630597115],[-68.1208648682,67.4894943237,-34.6341323853,9.52745723724,22.1171703339,-27.0748729706,4.53278636932,18.5983123779,-5.20353889465,15.5870199203,100.777648926,0.567256569862,-19.304309845],[-103.790054321,-81.3367919922,55.0965538025,30.4310207367,0.749368965626,1.93816757202,-15.7410984039,6.08411216736,6.56953191757,-31.9251804352,0.567256569862,115.524406433,8.91561985016],[-254.55329895,61.8616828918,-24.7228450775,-39.7756958008,30.9629535675,-12.5910224915,3.27757620811,-30.1222419739,0.583720505238,-3.21630597115,-19.304309845,8.91561985016,105.04914856]],"icov":[[0.000303403503494,-0.000316129589919,0.000458796159364,-0.000459487724584,0.000522179936524,-0.000530260324012,0.000645635300316,-0.000377933494747,0.000626041495707,-0.000589834526181,0.00064530200325,-0.000184157746844,0.000622055202257],[-0.000316129589919,0.00222794804722,-0.00024384156859,0.00144511426333,-0.00202657305636,0.00134533969685,-0.00135654758196,0.00146983738523,-0.00182771682739,0.00254309875891,-0.00197624252178,0.00162509828806,-0.000778950576205],[0.000458796159364,-0.00024384156859,0.00275349593721,-0.000850123760756,0.000248795025982,-0.00217941915616,0.00142728060018,-0.00107821868733,0.00124182982836,-0.00141390890349,0.00151706673205,-0.00112529832404,0.00121731392574],[-0.000459487724584,0.00144511426333,-0.000850123760756,0.00256238179281,-0.00130670773797,0.000778946559876,-0.00139070500154,0.00153914280236,-0.00176611158531,0.00202915258706,-0.00206338893622,0.000777925539296,-0.000604299304541],[0.000522179936524,-0.00202657305636,0.000248795025982,-0.00130670773797,0.00481241894886,-0.000198045454454,0.00170952442568,-0.00165825302247,0.0012049494544,-0.00159182131756,0.00141801184509,-0.000981396529824,0.000339957390679],[-0.000530260324012,0.00134533969685,-0.00217941915616,0.000778946559876,-0.000198045454454,0.00659496150911,-0.00145846640225,0.00204918021336,-0.00262045674026,0.00284209102392,-0.00138111470733,0.00191731168889,-0.00112815876491],[0.000645635300316,-0.00135654758196,0.00142728060018,-0.00139070500154,0.00170952442568,-0.00145846640225,0.00761498790234,-0.00210286467336,0.00222826586105,-0.0026110643521,0.0019505241653,-0.000459521572338,0.000958519522101],[-0.000377933494747,0.00146983738523,-0.00107821868733,0.00153914280236,-0.00165825302247,0.00204918021336,-0.00210286467336,0.00848949048668,-0.00148878060281,0.00354498717934,-0.00269212923013,0.001022737124,0.0013172525214],[0.000626041495707,-0.00182771682739,0.00124182982836,-0.00176611158531,0.0012049494544,-0.00262045674026,0.00222826586105,-0.00148878060281,0.0119931316003,-0.00563615048304,0.00327026797459,-0.00281636114232,0.00165198603645],[-0.000589834526181,0.00254309875891,-0.00141390890349,0.00202915258706,-0.00159182131756,0.00284209102392,-0.0026110643521,0.00354498717934,-0.00563615048304,0.014665951021,-0.00507801538333,0.00533386925235,-0.00148900377098],[0.00064530200325,-0.00197624252178,0.00151706673205,-0.00206338893622,0.00141801184509,-0.00138111470733,0.0019505241653,-0.00269212923013,0.00327026797459,-0.00507801538333,0.0137554369867,-0.00249340059236,0.0034526460804],[-0.000184157746844,0.00162509828806,-0.00112529832404,0.000777925539296,-0.000981396529824,0.00191731168889,-0.000459521572338,0.001022737124,-0.00281636114232,0.00533386925235,-0.00249340059236,0.0116106113419,-0.00181149551645],[0.000622055202257,-0.000778950576205,0.00121731392574,-0.000604299304541,0.000339957390679,-0.00112815876491,0.000958519522101,0.0013172525214,0.00165198603645,-0.00148900377098,0.0034526460804,-0.00181149551645,0.0123889325187]],"mean":[-26.6745128632,121.120147705,-97.4042282104,8.75876808167,-54.8400611877,-6.48666095734,-41.7985191345,-6.44472360611,-25.0290241241,-5.69875574112,-16.0102558136,-4.24301862717,-16.5694923401]},"hfc":{"dmean":5.47464227676,"dmean2":7.7925696373,"dvar":99.9346466064,"dvar2":197.846694946,"max":370.203369141,"mean":17.4756298065,"median":12.8708314896,"min":1.09095646615e-16,"var":326.508178711},"melbands":{"dmean":[0.000134758840431,0.00123002182227,0.00101369107142,0.000827505835332,0.000567387556657,0.000317736179568,0.000312696734909,0.000338263373123,0.00020713689446,0.0000758670503274,0.000063375053287,0.0000391732610296,0.0000380499477615,0.000044762291509,0.0000314629651257,0.0000201757666218,0.0000163519180205,0.0000118343241411,0.0000135289947139,0.00000830015051179,0.00000533647380507,0.0000061140813159,0.00000495544463774,0.00000272367401521,0.00000282792120743,0.00000262684079644,0.00000323634890265,0.00000171971441887,0.00000285118039756,0.00000217947126657,0.00000124110943034,0.00000192194829651,0.00000168284270785,0.00000177658910161,0.00000236484288507,0.00000198227075998,0.00000139067640248,9.64265041148e-7,4.57504313545e-7,2.2241678721e-7],"dmean2":[0.000218959554331,0.00216340064071,0.00170683430042,0.00136256183032,0.000928681227379,0.000508700148202,0.000476477638585,0.000498186331242,0.000301483727526,0.000105353305116,0.0000932145921979,0.0000544554059161,0.0000552682686248,0.0000661564336042,0.0000455326226074,0.0000297815986414,0.0000243901886279,0.000018109119992,0.0000215136096813,0.000013108312487,0.00000851174081618,0.00000978031675913,0.00000787849512562,0.00000445586010756,0.00000455107465314,0.00000410249549532,0.0000049861878324,0.00000270192458629,0.00000445706109531,0.00000334060905516,0.00000188858962247,0.00000292711979455,0.00000249755044024,0.00000259181729234,0.00000350158279616,0.00000294211508844,0.00000210259327105,0.00000146987429162,6.89322973813e-7,3.33533733965e-7],"dvar":[9.18851768006e-8,0.00000302576199829,0.00000211564270103,0.00000156865849021,5.74221985516e-7,2.49591124657e-7,3.24510779137e-7,5.30857334979e-7,2.16154859345e-7,4.44356409446e-8,3.14875663321e-8,1.80203105771e-8,2.11573727427e-8,2.16895426064e-8,8.07839661832e-9,3.42926709251e-9,2.56548871036e-9,9.32818711163e-10,9.28478571804e-10,4.12964717977e-10,5.33363797572e-10,3.81276760164e-10,1.94826529909e-10,5.87378687356e-11,7.21640108781e-11,5.50048721848e-11,7.38444791426e-11,3.45406411806e-11,2.19549767255e-10,8.54237930392e-11,1.5245853191e-11,5.29529232962e-11,3.57257730343e-11,4.65168181751e-11,8.73860983575e-11,6.15001383153e-11,5.52461722203e-11,6.51975487487e-11,1.02688439349e-11,1.73735288309e-12],"dvar2":[2.36157646327e-7,0.00000913026360649,0.00000584064810027,0.00000419260823037,0.00000153201312969,6.57917837543e-7,7.38666074085e-7,0.00000117209640393,4.5605656851e-7,7.91083678564e-8,6.85836596404e-8,3.28580149755e-8,4.33104787589e-8,4.53867272654e-8,1.66303806282e-8,7.47247153043e-9,5.81616843576e-9,2.06229322508e-9,2.27685026388e-9,9.87103732086e-10,1.30704391754e-9,9.31972610196e-10,4.8374926287e-10,1.504461139e-10,1.77284298353e-10,1.36535269202e-10,1.72464431625e-10,8.23359089241e-11,5.25496479664e-10,2.04414707383e-10,3.4760624934e-11,1.19139476062e-10,7.32482199894e-11,9.44220118759e-11,1.87024840059e-10,1.34396063722e-10,1.28833235746e-10,1.46257339573e-10,2.22215267021e-11,4.30749446528e-12],"max":[0.0104771703482,0.0239232927561,0.0188933517784,0.027067694813,0.0160935372114,0.0147030754015,0.00927954725921,0.0162378717214,0.0137607427314,0.00916083157063,0.00705605046824,0.00653716688976,0.00578071083874,0.0049961283803,0.00347482739016,0.00223341817036,0.00251734163612,0.000770588929299,0.000828452582937,0.00101373053622,0.00183215737343,0.000693448411766,0.000535344006494,0.000296543235891,0.000332105555572,0.000234155057115,0.000255593564361,0.000299000734231,0.000614032847807,0.000476659508422,0.000108258573164,0.000511679041665,0.000162283104146,0.000189991173102,0.000402939302148,0.000272429984761,0.000360293372069,0.000653878611047,0.000254827056779,0.0000618020130787],"mean":[0.000252234982327,0.0017799019115,0.00167453696486,0.00146087887697,0.00112174090464,0.000616086879745,0.000579102081247,0.000619619037025,0.000379769742722,0.000156072361278,0.000136776376166,0.0000774675281718,0.0000689496664563,0.0000842742228997,0.0000550422264496,0.0000326043227687,0.000025483992431,0.0000187187215488,0.0000231868107221,0.0000127340908875,0.00000853230994835,0.0000101435771285,0.00000773690317146,0.00000461406170871,0.00000541972985957,0.00000449318122264,0.00000593515642322,0.00000274401008937,0.00000383787164537,0.00000352659253622,0.00000203749254979,0.00000314828866976,0.00000262220828517,0.00000250710809269,0.00000351754897565,0.00000278979064205,0.00000186828719961,0.00000120643858281,6.21718868388e-7,3.14828326964e-7],"median":[0.0000784641379141,0.00103013869375,0.00114774901886,0.000974144146312,0.000789058103692,0.000393899303162,0.000261584180407,0.000192220933968,0.00012148055248,0.0000366159474652,0.0000296952803183,0.0000195037027879,0.0000195536122192,0.0000250636348937,0.0000185235585377,0.0000100043553175,0.0000052057503126,0.00000623191044724,0.00000890571573109,0.00000573589477426,0.00000272063425655,0.00000309350980388,0.00000234871731664,0.00000132514128381,0.00000119211858873,0.00000105068454559,8.22641368359e-7,4.9288144055e-7,3.24553013797e-7,2.72192210105e-7,1.85717055956e-7,1.60165285479e-7,1.40798618986e-7,1.10997369518e-7,1.19239729202e-7,1.188237988e-7,8.9774658818e-8,6.67138237986e-8,4.61173002009e-8,2.86748278455e-8],"min":[1.65555891318e-24,1.0053967156e-24,1.12088013428e-24,1.77219278687e-24,1.59236464656e-24,8.62007638227e-25,1.64218495982e-24,3.17643461793e-24,2.16346582371e-24,1.48693693646e-24,2.85300815489e-24,3.00324119226e-24,3.44571248514e-24,4.25479860068e-24,2.91892339998e-24,4.04594491501e-24,4.01256623796e-24,4.31313841449e-24,2.2158122668e-24,1.82650921286e-24,2.08251488977e-24,5.00626671013e-24,4.40959046522e-24,2.3956441542e-24,4.69139564083e-24,3.54146639397e-24,4.62316351126e-24,4.28602368746e-24,3.29153612932e-24,4.05530238307e-24,5.37284327304e-24,5.22013715673e-24,4.35610924572e-24,5.00930698006e-24,6.70757304771e-24,6.33592529247e-24,5.4116658792e-24,6.50825984582e-24,5.52339461579e-24,6.63821403034e-24],"var":[2.29608303925e-7,0.00000459029024569,0.00000314033741233,0.00000286588965537,0.00000136677579121,5.02060004237e-7,7.57173211241e-7,0.00000132324930746,4.68734782544e-7,1.37090864882e-7,9.56873691393e-8,4.97910654929e-8,4.31365059228e-8,4.86958739998e-8,1.50138053101e-8,5.93167648333e-9,4.40091518783e-9,1.59030266733e-9,1.62720603658e-9,5.90501092468e-10,7.9242090667e-10,6.46040942964e-10,2.88376322821e-10,9.69958974251e-11,1.6617897336e-10,1.17493681451e-10,2.18638773752e-10,5.38302319386e-11,2.68667310621e-10,1.64861013729e-10,3.61738763943e-11,1.4376358437e-10,7.76920819345e-11,8.07802782998e-11,1.69127392646e-10,1.02270254765e-10,6.92229051857e-11,8.82371259392e-11,1.43371824829e-11,2.33159672125e-12]},"melbands_crest":{"dmean":3.18873882294,"dmean2":5.38572120667,"dvar":7.50754499435,"dvar2":21.4898529053,"max":31.5922927856,"mean":13.272977829,"median":12.6465425491,"min":1.68043339252,"var":18.0067310333},"melbands_flatness_db":{"dmean":0.0280312318355,"dmean2":0.0418311245739,"dvar":0.000675510906149,"dvar2":0.00144722359255,"max":0.52618676424,"mean":0.26998257637,"median":0.2753290236,"min":0.00308750243858,"var":0.00460297614336},"melbands_kurtosis":{"dmean":7.04950523376,"dmean2":11.2316427231,"dvar":110.0546875,"dvar2":281.304138184,"max":207.142532349,"mean":14.6632080078,"median":9.95401573181,"min":-1.86606240273,"var":240.696212769},"melbands_skewness":{"dmean":0.71051377058,"dmean2":1.09524154663,"dvar":0.527262687683,"dvar2":1.27475214005,"max":12.221116066,"mean":2.69012713432,"median":2.4849832058,"min":-1.34380853176,"var":2.23531031609},"melbands_spread":{"dmean":4.75884056091,"dmean2":7.1858716011,"dvar":98.7117767334,"dvar2":197.991073608,"max":269.613220215,"mean":14.0843153,"median":9.81955051422,"min":0.669712245464,"var":288.696746826},"mfcc":{"cov":[[5243.29882812,-1604.39831543,330.679656982,290.289428711,-228.481246948,291.794677734,-47.5944747925,-5.08220243454,-163.632736206,184.178359985,-19.1748962402,90.1747360229,-21.7430152893],[-1604.39831543,2442.67138672,-939.789733887,-279.39276123,151.631942749,-350.378112793,79.0127639771,-83.9678726196,64.7343063354,-70.5842514038,62.4658317566,-65.2906112671,-2.21460103989],[330.679656982,-939.789733887,974.541687012,62.3719749451,35.7174415588,233.54309082,-37.7140846252,105.038108826,-15.1852264404,20.2406902313,-47.4664382935,40.6736106873,35.0406837463],[290.289428711,-279.39276123,62.3719749451,466.493530273,89.2989730835,83.0028915405,11.0209207535,47.6599578857,-18.0661334991,-5.58930444717,11.9592170715,0.290021955967,47.4076652527],[-228.481246948,151.631942749,35.7174415588,89.2989730835,331.133972168,19.0507888794,0.207623243332,27.3467712402,-6.90109157562,-2.93853783607,-7.06573200226,-12.8225317001,14.6329040527],[291.794677734,-350.378112793,233.54309082,83.0028915405,19.0507888794,293.006713867,-21.1159038544,-4.26753473282,9.23999881744,23.7635555267,-22.7151260376,4.61269760132,3.85246229172],[-47.5944747925,79.0127639771,-37.7140846252,11.0209207535,0.207623243332,-21.1159038544,156.221786499,5.54492712021,-4.8379740715,28.8068199158,-0.986794888973,3.42445850372,-5.01394605637],[-5.08220243454,-83.9678726196,105.038108826,47.6599578857,27.3467712402,-4.26753473282,5.54492712021,191.595596313,3.60936355591,-48.6762924194,14.2613039017,-1.41183590889,11.1175279617],[-163.632736206,64.7343063354,-15.1852264404,-18.0661334991,-6.90109157562,9.23999881744,-4.8379740715,3.60936355591,123.07396698,-0.858544826508,-14.7144126892,-3.8206820488,-5.24489307404],[184.178359985,-70.5842514038,20.2406902313,-5.58930444717,-2.93853783607,23.7635555267,28.8068199158,-48.6762924194,-0.858544826508,142.783416748,9.18740177155,0.9311196208,-6.4191365242],[-19.1748962402,62.4658317566,-47.4664382935,11.9592170715,-7.06573200226,-22.7151260376,-0.986794888973,14.2613039017,-14.7144126892,9.18740177155,124.029403687,22.1629695892,1.28390288353],[90.1747360229,-65.2906112671,40.6736106873,0.290021955967,-12.8225317001,4.61269760132,3.42445850372,-1.41183590889,-3.8206820488,0.9311196208,22.1629695892,100.868484497,21.9819087982],[-21.7430152893,-2.21460103989,35.0406837463,47.4076652527,14.6329040527,3.85246229172,-5.01394605637,11.1175279617,-5.24489307404,-6.4191365242,1.28390288353,21.9819087982,94.7248382568]],"icov":[[0.000277494720649,0.00016016542213,0.000132503046189,-0.0000937402583077,0.000138829549542,-0.000138998919283,0.000107029431092,-0.000104873470264,0.00032258380088,-0.000331801973516,0.000117155817861,-0.000213266364881,0.00011079973774],[0.00016016542213,0.000984750571661,0.000788769277278,0.000500686233863,-0.000558490981348,0.000227685057325,-0.000340070342645,0.0000908482834348,-0.000246664421866,0.000232871709159,-0.000310518138576,0.000269765994744,-0.000490496109705],[0.000132503046189,0.000788769277278,0.0021368463058,0.000526583229657,-0.000482527160784,-0.000947854074184,0.000083826140326,-0.000989782623947,0.000185526077985,-0.000324720080243,0.000435754540376,-0.000441854936071,-0.00068655947689],[-0.0000937402583077,0.000500686233863,0.000526583229657,0.0029699143488,-0.000998320989311,-0.000620820326731,-0.000580070714932,-0.000413508183556,-0.000025835028282,0.000432072149124,-0.000600702362135,0.000576232385356,-0.00159141537733],[0.000138829549542,-0.000558490981348,-0.000482527160784,-0.000998320989311,0.00376309501007,-0.000297946302453,0.00038163465797,-0.000487858866109,0.000604371714871,-0.000565173162613,0.000535097788088,0.0000552853161935,0.000180286791874],[-0.000138998919283,0.000227685057325,-0.000947854074184,-0.000620820326731,-0.000297946302453,0.00485854130238,0.000296892831102,0.000851499964483,-0.00086498435121,-0.000189876023796,0.000199914269615,0.00026264906046,0.000274540303508],[0.000107029431092,-0.000340070342645,0.000083826140326,-0.000580070714932,0.00038163465797,0.000296892831102,0.00721704913303,-0.000994230736978,0.000658291042782,-0.00219105067663,0.000916734978091,-0.000899920531083,0.000787972530816],[-0.000104873470264,0.0000908482834348,-0.000989782623947,-0.000413508183556,-0.000487858866109,0.000851499964483,-0.000994230736978,0.00687989778817,-0.000851939956192,0.00277201947756,-0.00154154270422,0.000933246454224,-0.000323217420373],[0.00032258380088,-0.000246664421866,0.000185526077985,-0.000025835028282,0.000604371714871,-0.00086498435121,0.000658291042782,-0.000851939956192,0.00903057027608,-0.000838956329972,0.00145184772555,-0.000549389631487,0.000640210229903],[-0.000331801973516,0.000232871709159,-0.000324720080243,0.000432072149124,-0.000565173162613,-0.000189876023796,-0.00219105067663,0.00277201947756,-0.000838956329972,0.00910750776529,-0.0016725595342,0.000907107198145,-0.000130234257085],[0.000117155817861,-0.000310518138576,0.000435754540376,-0.000600702362135,0.000535097788088,0.000199914269615,0.000916734978091,-0.00154154270422,0.00145184772555,-0.0016725595342,0.00947508309036,-0.00264864158817,0.000750999664888],[-0.000213266364881,0.000269765994744,-0.000441854936071,0.000576232385356,0.0000552853161935,0.00026264906046,-0.000899920531083,0.000933246454224,-0.000549389631487,0.000907107198145,-0.00264864158817,0.0116991177201,-0.00299192825332],[0.00011079973774,-0.000490496109705,-0.00068655947689,-0.00159141537733,0.000180286791874,0.000274540303508,0.000787972530816,-0.000323217420373,0.000640210229903,-0.000130234257085,0.000750999664888,-0.00299192825332,0.0123726790771]],"mean":[-681.538574219,163.860671997,9.90312576294,17.9533233643,1.44704341888,-1.5870153904,-9.14953708649,-4.46182966232,-11.006608963,-4.01841497421,-8.03765869141,-1.65270185471,-1.80508303642]},"pitch_salience":{"dmean":0.0689195543528,"dmean2":0.115084908903,"dvar":0.00351132429205,"dvar2":0.00993342883885,"max":0.879307389259,"mean":0.586022436619,"median":0.594267129898,"min":0.167761266232,"var":0.010794153437},"silence_rate_20dB":{"dmean":0,"dmean2":0,"dvar":0,"dvar2":0,"max":1,"mean":1,"median":1,"min":1,"var":0},"silence_rate_30dB":{"dmean":0.00156399339903,"dmean2":0.00312812277116,"dvar":0.00156167848036,"dvar2":0.0042477818206,"max":1,"mean":0.998870491982,"median":1,"min":0,"var":0.00112827436533},"silence_rate_60dB":{"dmean":0.0110348425806,"dmean2":0.0220706425607,"dvar":0.0109133785591,"dvar2":0.0243652947247,"max":1,"mean":0.0289326217026,"median":0,"min":0,"var":0.0280922576785},"spectral_centroid":{"dmean":183.981170654,"dmean2":275.073699951,"dvar":87581.765625,"dvar2":167017.09375,"max":11760.5029297,"mean":821.435852051,"median":611.514099121,"min":187.445846558,"var":612678.5},"spectral_complexity":{"dmean":2.3903901577,"dmean2":3.60933232307,"dvar":5.9661283493,"dvar2":12.0306901932,"max":51,"mean":14.6389074326,"median":14,"min":0,"var":38.0536117554},"spectral_contrast_coeffs":{"dmean":[0.0526658520103,0.0476860515773,0.0364280305803,0.0315900929272,0.0253509171307,0.020239841193],"dmean2":[0.0882171243429,0.077319689095,0.0570429190993,0.0503326430917,0.0395406633615,0.0303665436804],"dvar":[0.00170942686964,0.00153355905786,0.000950176734477,0.000682545942254,0.000546715280507,0.00040572474245],"dvar2":[0.00474943034351,0.00396471004933,0.00223217578605,0.00167136173695,0.00129897531588,0.000826539762784],"max":[-0.273111611605,-0.423890948296,-0.437072128057,-0.558331847191,-0.565137207508,-0.56522667408],"mean":[-0.544284641743,-0.680218338966,-0.742535948753,-0.75072479248,-0.764557421207,-0.784061789513],"median":[-0.545884370804,-0.682426452637,-0.752597332001,-0.753947079182,-0.766513824463,-0.795614957809],"min":[-0.987247169018,-0.9817289114,-0.976371705532,-0.969681799412,-0.966538727283,-0.964417338371],"var":[0.00589492591098,0.00499684270471,0.0059732706286,0.00280345999636,0.00222788285464,0.00273338076659]},"spectral_contrast_valleys":{"dmean":[0.423707455397,0.348025411367,0.326034158468,0.321985453367,0.279787778854,0.332829028368],"dmean2":[0.715897083282,0.548347234726,0.504131019115,0.488278746605,0.399872928858,0.433118224144],"dvar":[0.122983679175,0.0990905612707,0.0956881269813,0.0930266231298,0.0879925638437,0.170844942331],"dvar2":[0.323274463415,0.217192322016,0.196058765054,0.189049571753,0.157026395202,0.257177919149],"max":[-5.38574457169,-4.52782249451,-4.79694509506,-5.36203479767,-5.87453317642,-7.28848314285],"mean":[-7.50717496872,-6.56885480881,-7.67440223694,-8.31846427917,-8.58055400848,-10.9044399261],"median":[-7.37973499298,-6.46317863464,-7.57563591003,-8.21193408966,-8.49766349792,-10.9034404755],"min":[-27.9951648712,-28.1700954437,-27.9204978943,-27.6232147217,-27.4909496307,-27.3545265198],"var":[1.89512217045,1.79119896889,1.79903578758,1.80728828907,1.87768101692,2.12749886513]},"spectral_decrease":{"dmean":2.4481323635e-9,"dmean2":3.89230203623e-9,"dvar":7.25858266705e-18,"dvar2":1.86566004581e-17,"max":2.84545271032e-19,"mean":-7.69763719433e-9,"median":-6.95365898196e-9,"min":-3.58798786237e-8,"var":2.30443221147e-17},"spectral_energy":{"dmean":0.00954546779394,"dmean2":0.0151441683993,"dvar":0.00010974745237,"dvar2":0.000280731823295,"max":0.143050476909,"mean":0.0306377764791,"median":0.0278471149504,"min":1.02267214875e-20,"var":0.000356626755092},"spectral_energyband_high":{"dmean":0.0003800810955,"dmean2":0.00052660156507,"dvar":0.00000161740490512,"dvar2":0.00000298572240354,"max":0.0410517863929,"mean":0.000692855450325,"median":0.0000696925344528,"min":7.01180971981e-21,"var":0.00000435582614955},"spectral_energyband_low":{"dmean":0.00475538242608,"dmean2":0.00827853474766,"dvar":0.000040876238927,"dvar2":0.00012143868662,"max":0.0932907611132,"mean":0.00752921728417,"median":0.00479765422642,"min":1.01013915015e-23,"var":0.0000688171712682},"spectral_energyband_middle_high":{"dmean":0.00114348472562,"dmean2":0.00157672609203,"dvar":0.00000827625171951,"dvar2":0.000016912999854,"max":0.0964735150337,"mean":0.00323144090362,"median":0.00182405975647,"min":1.32346979499e-21,"var":0.0000227509553952},"spectral_energyband_middle_low":{"dmean":0.00703381700441,"dmean2":0.0109110446647,"dvar":0.0000667478670948,"dvar2":0.000163623713888,"max":0.135317742825,"mean":0.0205821897835,"median":0.0176584664732,"min":1.30854442044e-22,"var":0.000207525008591},"spectral_entropy":{"dmean":0.215890780091,"dmean2":0.310581833124,"dvar":0.0495927147567,"dvar2":0.0907764434814,"max":9.82159423828,"mean":6.89319419861,"median":6.83196210861,"min":4.72484350204,"var":0.377534031868},"spectral_flux":{"dmean":0.0222293548286,"dmean2":0.0357952006161,"dvar":0.000451200525276,"dvar2":0.00112425046973,"max":0.311417549849,"mean":0.0832910761237,"median":0.0818223878741,"min":6.37328800845e-11,"var":0.0016924518859},"spectral_kurtosis":{"dmean":3.69951629639,"dmean2":5.92238759995,"dvar":18.8477840424,"dvar2":48.3352890015,"max":60.6982536316,"mean":11.0667009354,"median":9.28626155853,"min":-1.25597918034,"var":81.4666061401},"spectral_rms":{"dmean":0.000826364557724,"dmean2":0.00129000330344,"dvar":6.0367591459e-7,"dvar2":0.00000149684808548,"max":0.0118136126548,"mean":0.00517718819901,"median":0.00521228509024,"min":3.15868468534e-12,"var":0.0000030872699881},"spectral_rolloff":{"dmean":379.711578369,"dmean2":645.317077637,"dvar":1051543.75,"dvar2":2256123.25,"max":19573.6816406,"mean":1057.39196777,"median":581.396484375,"min":129.19921875,"var":2998411.25},"spectral_skewness":{"dmean":0.39167740941,"dmean2":0.588749587536,"dvar":0.15868152678,"dvar2":0.338175654411,"max":6.71470212936,"mean":2.37325501442,"median":2.40284395218,"min":-0.14953315258,"var":1.08667767048},"spectral_spread":{"dmean":651277,"dmean2":897954.6875,"dvar":971995742208,"dvar2":1647239233540,"max":50009508,"mean":3941601.75,"median":3231115.25,"min":1210340.125,"var":7664406888450},"spectral_strongpeak":{"dmean":0.492310285568,"dmean2":0.822765171528,"dvar":0.513981163502,"dvar2":1.31211531162,"max":18.3028240204,"mean":0.976537883282,"median":0.650679290295,"min":0,"var":0.865938186646},"zerocrossingrate":{"dmean":0.00929957535118,"dmean2":0.0105890017003,"dvar":0.000227335374802,"dvar2":0.000230371166253,"max":0.51953125,"mean":0.0443567000329,"median":0.03125,"min":0.00537109375,"var":0.00196407665499}},"metadata":{"audio_properties":{"analysis_sample_rate":44100,"bit_rate":320016,"codec":"mp3","downmix":"mix","equal_loudness":0,"length":534.465332031,"lossless":false,"md5_encoded":"2abf18209ada406883665a13ad54935d","replay_gain":-7.39759635925,"sample_rate":44100},"tags":{"album":["The Velvet Underground: 45th Anniversary Super Deluxe Edition"],"albumartist":["The Velvet Underground"],"artist":["The Velvet Underground"],"date":["2014"],"discnumber":["2"],"encodedby":["exy"],"file_name":"2178972.mp3","genre":["Rock"],"musicbrainz_recordingid":["ad33efe3-0eb3-4aae-a7ff-dfe35341ca29"],"title":["The Murder Mystery [closet mix]"],"tracknumber":["209"]},"version":{"essentia":"2.1-beta2","essentia_build_sha":"70f2e5ece6736b2c40cc944ad0e695b16b925413","essentia_git_sha":"v2.1_beta2","extractor":"music 1.0"}},"rhythm":{"beats_count":979,"beats_loudness":{"dmean":0.0177362672985,"dmean2":0.0312115065753,"dvar":0.000198556765099,"dvar2":0.000569179537706,"max":0.107474796474,"mean":0.0365184508264,"median":0.0340213961899,"min":0,"var":0.000351266557118},"beats_loudness_band_ratio":{"dmean":[0.194031327963,0.183099687099,0.173252284527,0.0647621825337,0.0282547064126,0.0546417571604],"dmean2":[0.345624953508,0.307597279549,0.298501342535,0.114589631557,0.0504940636456,0.100185021758],"dvar":[0.0240683872253,0.0189933739603,0.022366348654,0.00775345368311,0.00149433489423,0.0117287160829],"dvar2":[0.0725313201547,0.0525084473193,0.0589699782431,0.0212748665363,0.00413100654259,0.0327735207975],"max":[0.911057949066,0.92439687252,0.850858449936,0.851937294006,0.498406350613,0.912082195282],"mean":[0.345277220011,0.337624073029,0.253080755472,0.0817181617022,0.0321426577866,0.0381940342486],"median":[0.313203811646,0.305343270302,0.199104249477,0.0446423105896,0.019718