{"lowlevel":{"average_loudness":0.698020040989,"barkbands":{"dmean":[0.00000322877804138,0.00052050082013,0.00132602453232,0.000519484980032,0.000498983601574,0.000505978998262,0.000774691114202,0.000540938111953,0.000616859702859,0.00016393554688,0.000117716699606,0.000189874161151,0.000180575472768,0.000172846572241,0.000159922477906,0.000139403098729,0.000194285355974,0.000138213756145,0.000357733224519,0.0000851677468745,0.000063905317802,0.0000549359247088,0.0000182994081115,0.00000579794232181,0.00000105352592072,3.85439903994e-7,2.75426739194e-8],"dmean2":[0.00000485682721774,0.000836342049297,0.00201311893761,0.000862732238602,0.000817080610432,0.000792220933363,0.00121715466958,0.000781845592428,0.000867135240696,0.000240724315518,0.000175879322342,0.000284257956082,0.000258353305981,0.00024050619686,0.000235823288676,0.00020886657876,0.000291586766252,0.00020863332611,0.000511338526849,0.000133677109261,0.000104964339698,0.0000926100692595,0.0000295779791486,0.00000915958389669,0.00000161503703566,6.39193160623e-7,4.83405848684e-8],"dvar":[7.19577619712e-10,0.00000104149069102,0.0000110815126391,5.67482743463e-7,5.82546135774e-7,6.96230131325e-7,0.0000021736218514,0.00000172282943822,0.00000262087905867,2.09215514246e-7,9.20749982924e-8,3.04935497297e-7,2.74145804724e-7,2.61473161345e-7,1.90368950825e-7,1.30585618763e-7,2.55064719568e-7,5.8203696085e-8,5.05086518388e-7,3.62756509276e-8,1.27812320727e-8,1.29423884943e-8,1.27106936088e-9,1.69213767998e-10,4.7303844869e-12,6.21620539331e-13,4.73090982689e-15],"dvar2":[1.28940080835e-9,0.00000233364016822,0.0000205524993362,0.00000153894825417,0.00000150162338741,0.00000167509938365,0.00000490783759233,0.00000330710327034,0.00000524814004166,4.68946694809e-7,1.85851035894e-7,6.44338058464e-7,5.08021230416e-7,4.4877569394e-7,3.8289050508e-7,2.77290610029e-7,5.745037015e-7,1.29512471858e-7,0.00000101953389731,8.751349867e-8,3.18083870354e-8,3.32539471515e-8,3.12746717412e-9,4.07271133485e-10,1.05733841821e-11,1.55662613875e-12,1.25117091641e-14],"max":[0.00136115739588,0.0144845778123,0.0613435134292,0.0119878975675,0.0105536133051,0.0180412121117,0.022542860359,0.030120305717,0.0458450503647,0.0134947802871,0.00838514883071,0.0162859130651,0.0163105726242,0.026454301551,0.01099120453,0.0138239664957,0.0118306586519,0.00606314977631,0.0192601084709,0.00339954416268,0.00147203821689,0.00131624692585,0.000388634973206,0.000184442702448,0.0000661004378344,0.00000978374282568,9.04498335785e-7],"mean":[0.00000357839917342,0.000718478520866,0.00206675939262,0.000824021291919,0.000916638527997,0.000987670384347,0.00137298856862,0.00108861806802,0.00141896551941,0.000310521572828,0.000212431827094,0.000310670729959,0.000310046627419,0.000293179793516,0.000277825252851,0.000228081611567,0.000348405825207,0.000300164625514,0.000896681798622,0.00013177463552,0.0000811300778878,0.0000514468629262,0.0000205084561458,0.00000714272982805,0.00000140471854593,3.6880859966e-7,2.12371649155e-8],"median":[7.07680214873e-7,0.000247396208579,0.00044939131476,0.000432954984717,0.000549179152586,0.000560461892746,0.000485079741338,0.000239432876697,0.000266098038992,0.0000679205986671,0.0000608365808148,0.0000731489562895,0.0000495373969898,0.0000438256793132,0.0000778333851486,0.0000626603505225,0.0000905106135178,0.0000903359905351,0.000162282405654,0.0000460868541268,0.000026650926884,0.0000112682773761,0.00000668285065331,0.00000239570317717,5.01273916598e-7,8.97130547628e-8,4.4942232158e-9],"min":[2.93829880988e-25,4.24245332194e-24,6.36215777719e-25,6.8261613243e-25,6.56220176009e-24,1.06190743708e-23,7.8161474449e-24,6.44617097056e-24,1.50525042126e-23,1.61148979035e-23,9.65832777407e-24,3.15424613003e-23,2.57319627302e-23,2.99563333881e-23,4.59591089134e-23,4.24946369215e-23,5.96869831374e-23,1.22093744106e-22,1.43293440612e-22,1.85437419394e-22,2.47973591417e-22,3.54067002311e-22,3.78744363718e-22,5.2783740873e-22,9.09029285982e-22,1.36673087654e-21,1.93162808708e-21],"var":[1.06772413133e-9,0.00000153134510583,0.0000305001631205,0.00000113387955025,0.00000118515379199,0.00000180890469892,0.00000605122704656,0.00000569005896978,0.000013595323253,7.85537395132e-7,2.91919519668e-7,6.27147414889e-7,8.19689887521e-7,0.00000116190346944,5.19248601449e-7,2.91452636247e-7,5.11236464718e-7,2.57619888089e-7,0.00000256789962805,7.47113233501e-8,1.6425648397e-8,1.06764623808e-8,1.31253030666e-9,1.87586654543e-10,6.9298967606e-12,5.61896124247e-13,3.29966597394e-15]},"barkbands_crest":{"dmean":2.45527696609,"dmean2":3.92963218689,"dvar":5.2421746254,"dvar2":12.1306018829,"max":24.4060230255,"mean":9.2936258316,"median":8.17524814606,"min":2.5253162384,"var":15.9895744324},"barkbands_flatness_db":{"dmean":0.0249918214977,"dmean2":0.0360636636615,"dvar":0.000564458256122,"dvar2":0.00104007252958,"max":0.419770658016,"mean":0.162496641278,"median":0.161550685763,"min":0.0549843907356,"var":0.00201130239293},"barkbands_kurtosis":{"dmean":2.39251089096,"dmean2":3.61009669304,"dvar":24.0559406281,"dvar2":47.4314994812,"max":150.241348267,"mean":3.00437569618,"median":0.99803262949,"min":-1.97960031033,"var":65.3809661865},"barkbands_skewness":{"dmean":0.493760734797,"dmean2":0.745346367359,"dvar":0.282603293657,"dvar2":0.60416829586,"max":10.7290258408,"mean":1.31808710098,"median":1.21761989594,"min":-4.4701795578,"var":1.32197511196},"barkbands_spread":{"dmean":5.77363348007,"dmean2":8.8265953064,"dvar":40.8995323181,"dvar2":90.1527099609,"max":160.753845215,"mean":21.5510921478,"median":20.0483474731,"min":0.590136110783,"var":159.335693359},"dissonance":{"dmean":0.0175606962293,"dmean2":0.0285122841597,"dvar":0.000279036496067,"dvar2":0.000701195793226,"max":0.5,"mean":0.457728296518,"median":0.463518679142,"min":0.25205090642,"var":0.000789124111179},"dynamic_complexity":3.93377113342,"erbbands":{"dmean":[0.00419092318043,0.166622102261,1.2903419733,1.58283102512,1.72059559822,1.7267781496,2.09993600845,5.03887367249,10.5949087143,9.53488540649,12.593457222,15.7492456436,6.21680688858,4.78427743912,4.62318563461,8.11115932465,8.3681974411,7.62412166595,9.03681564331,6.47403478622,8.51415061951,9.9799489975,6.39882612228,16.2786273956,12.7383460999,3.74858903885,2.45080471039,2.79138994217,2.16084599495,0.917306900024,0.465581566095,0.209579065442,0.0558526031673,0.0166266299784,0.00566554209217,0.00242552300915,0.000615173077676,0.0000662911770632,0.00000582728353038,0.00000475125625599],"dmean2":[0.00636684661731,0.265777856112,1.99203443527,2.47082328796,2.87390518188,2.81228089333,3.26345181465,7.90290307999,16.634771347,14.3072042465,18.1487026215,22.3058738708,8.58507537842,7.11066007614,7.01651573181,12.0862035751,11.9038486481,10.2269859314,13.045999527,9.07766532898,12.6131057739,14.9186592102,9.50496387482,23.1700725555,18.4107913971,5.82610034943,3.95276284218,4.64013719559,3.64415574074,1.52399122715,0.751526355743,0.332065403461,0.0873366296291,0.0252831652761,0.00881282705814,0.00393622787669,0.00104337627999,0.00011356939649,0.00000924483265408,0.00000656243810226],"dvar":[0.0000776094166213,0.105665743351,9.97046661377,7.21761655807,7.73471260071,7.96819829941,12.2356987,75.6307983398,455.44619751,399.323699951,1090.94152832,1977.06799316,266.483123779,216.760818481,115.202865601,499.83996582,639.986877441,427.061126709,562.827758789,352.559265137,484.995178223,601.27734375,130.767166138,854.944519043,958.403808594,58.8649253845,20.6013736725,28.5254554749,20.0986480713,3.43708848953,0.857575654984,0.221900746226,0.0135953677818,0.00127026811242,0.000124819591292,0.0000243248287006,0.0000017570895352,2.1456026289e-8,1.16909440462e-10,3.30198368648e-11],"dvar2":[0.000156606911332,0.234297186136,19.1951942444,16.2204055786,20.8171329498,20.8739471436,27.2388877869,183.145446777,1017.14105225,848.353149414,2128.11865234,4100.04882813,503.286315918,528.053894043,256.345977783,1072.47717285,1142.10302734,731.003417969,1106.59912109,711.609680176,1029.71337891,1354.9498291,299.770965576,1647.31140137,2162.7355957,145.210113525,52.3262710571,72.3109588623,51.4054794312,8.82154083252,2.09323692322,0.532868087292,0.0319729298353,0.00286722951569,0.000289290997898,0.0000596690952079,0.00000451316645922,5.52980488067e-8,2.96937474609e-10,5.7887906274e-11],"max":[0.243538752198,4.38161373138,58.9377326965,40.9124946594,40.9633102417,40.4935493469,99.2301483154,170.851821899,436.440460205,599.19543457,830.396362305,1355.14379883,524.889343262,479.081573486,327.624450684,583.221435547,788.820739746,1066.4888916,562.795837402,810.099304199,464.051300049,556.387573242,335.327941895,591.018249512,926.623413086,147.858215332,90.2652206421,52.2301063538,45.6532478333,20.1671295166,11.8913812637,7.22648620605,1.78940296173,1.10390818119,0.21106082201,0.0604562088847,0.0196938924491,0.00212606578134,0.00013239699183,0.0000860354775796],"mean":[0.00683297077194,0.24162144959,1.99167704582,2.75888252258,2.89432621002,3.01543569565,4.46553468704,9.52075862885,19.4484882355,18.9504108429,27.0673179626,36.5360336304,14.4720687866,9.11671638489,8.99710559845,14.0988636017,15.356127739,14.3654966354,15.9396858215,13.1001625061,14.3376913071,19.0756664276,15.1330509186,40.9133911133,30.9372673035,6.44601678848,3.55194544792,3.05161070824,2.01752257347,0.922125220299,0.52905780077,0.258447915316,0.0703873410821,0.0223782733083,0.0070655522868,0.00249844416976,0.000554092111997,0.0000592480901105,0.0000110464288809,0.0000162005708262],"median":[0.00257114879787,0.0855196788907,0.515358507633,1.25638735294,1.58158755302,1.6178907156,2.25089550018,5.24830722809,6.68157577515,7.5630979538,6.24325180054,7.41501617432,3.17331838608,2.39777326584,2.85457849503,3.49830341339,2.84106206894,2.59238147736,4.3721370697,3.18159270287,4.04218006134,5.36151027679,4.93748474121,9.45083141327,5.7789349556,2.44402718544,1.25827288628,0.891851902008,0.449770331383,0.24721480906,0.178502738476,0.0894774198532,0.0243170037866,0.00782527774572,0.00251946272328,0.000689414213412,0.000124663987663,0.0000144122222991,0.00000676354102325,0.0000110435121314],"min":[1.13985440447e-22,4.06933506683e-22,1.44697416123e-21,2.90236936845e-21,4.61822852365e-21,1.930592213e-20,3.47674706643e-20,7.99279939739e-20,9.78375011361e-20,9.96883371437e-20,2.12526416184e-19,3.00459036946e-19,5.45763325007e-19,4.54538538332e-19,1.04167981572e-18,1.28655888125e-18,1.4935284661e-18,1.87277785226e-18,2.45163884492e-18,2.31306706717e-18,3.98358767913e-18,4.86888062485e-18,6.75319226998e-18,4.64556005743e-18,7.75275194551e-18,8.27618687405e-18,1.00704334397e-17,8.86078022836e-18,1.25948414311e-17,1.07559734345e-17,1.17685136418e-17,1.05116507513e-17,9.07143748778e-18,8.07829383867e-18,6.24419743339e-18,4.44062027041e-18,2.29177295666e-18,9.4446344968e-19,2.25529837585e-19,2.80746166188e-20],"var":[0.000134655318107,0.169386595488,25.8105735779,17.5056819916,13.9030723572,16.0005092621,47.8591766357,174.524642944,1245.0847168,1311.31542969,3824.19213867,10005.3291016,1423.26708984,725.373779297,365.840576172,1083.84362793,1934.80505371,1920.28747559,1647.90722656,1269.66027832,989.988586426,1349.22387695,654.395629883,4370.78320313,4083.2644043,131.327514648,32.2248725891,27.3539905548,16.5909996033,3.01931095123,0.891556978226,0.244827523828,0.0172148942947,0.00185625685845,0.000162768148584,0.0000244922412094,0.00000141087355132,1.64240230305e-8,1.39986647274e-10,2.22860507826e-10]},"erbbands_crest":{"dmean":2.40585064888,"dmean2":3.76914906502,"dvar":5.33479785919,"dvar2":12.5807237625,"max":30.4417610168,"mean":9.22448158264,"median":8.58657646179,"min":2.40527105331,"var":14.336356163},"erbbands_flatness_db":{"dmean":0.0183684304357,"dmean2":0.0259705800563,"dvar":0.000285402609734,"dvar2":0.000540919601917,"max":0.35875493288,"mean":0.198550105095,"median":0.200735509396,"min":0.0254123769701,"var":0.00156060606241},"erbbands_kurtosis":{"dmean":0.673862338066,"dmean2":1.05130457878,"dvar":0.960676014423,"dvar2":2.13544487953,"max":17.0219688416,"mean":-0.323254615068,"median":-0.725311756134,"min":-1.81897509098,"var":2.0626180172},"erbbands_skewness":{"dmean":0.374373912811,"dmean2":0.567389786243,"dvar":0.129161775112,"dvar2":0.301503390074,"max":2.98610758781,"mean":0.162080153823,"median":0.199441879988,"min":-4.07764005661,"var":0.543361604214},"erbbands_spread":{"dmean":7.13080120087,"dmean2":10.9428653717,"dvar":57.8464813232,"dvar2":130.709152222,"max":151.553649902,"mean":37.907535553,"median":36.8340606689,"min":4.47782039642,"var":165.734207153},"gfcc":{"cov":[[25678.2714844,2249.64697266,-3933.55444336,1186.2947998,-1585.19812012,-337.204223633,-533.872924805,136.127166748,-244.09147644,-267.874572754,-166.727249146,-334.721923828,-480.134521484],[2249.64697266,1219.07092285,-213.72215271,-44.6454086304,74.8188018799,-98.400100708,-5.39048480988,-2.52223706245,10.4557590485,-83.791595459,111.526298523,-74.9690628052,31.4789943695],[-3933.55444336,-213.72215271,966.708251953,-49.3922119141,277.024780273,150.633392334,84.4234542847,-60.9573669434,39.4650230408,76.1817855835,6.66002416611,85.9070205688,94.5089797974],[1186.2947998,-44.6454086304,-49.3922119141,341.215759277,-23.638130188,5.47974061966,-75.1664581299,-18.7739372253,6.98497581482,10.5798225403,-27.9109477997,-10.6316776276,-7.76564693451],[-1585.19812012,74.8188018799,277.024780273,-23.638130188,319.717437744,25.4372634888,13.0922927856,-5.54333639145,52.1190643311,15.866891861,36.3038215637,-7.48624706268,50.0263938904],[-337.204223633,-98.400100708,150.633392334,5.47974061966,25.4372634888,229.40020752,71.9285202026,-15.4842767715,-15.2434968948,24.4633579254,-15.096906662,7.17820978165,22.617181778],[-533.872924805,-5.39048480988,84.4234542847,-75.1664581299,13.0922927856,71.9285202026,217.226623535,58.9277877808,-12.9445323944,-28.8327522278,11.9966421127,-4.93570280075,-8.4532251358],[136.127166748,-2.52223706245,-60.9573669434,-18.7739372253,-5.54333639145,-15.4842767715,58.9277877808,129.838500977,17.2185497284,-22.9420986176,25.4591007233,-21.1535625458,-19.3073387146],[-244.09147644,10.4557590485,39.4650230408,6.98497581482,52.1190643311,-15.2434968948,-12.9445323944,17.2185497284,91.356086731,31.3516178131,2.55160212517,-2.51578450203,11.1130275726],[-267.874572754,-83.791595459,76.1817855835,10.5798225403,15.866891861,24.4633579254,-28.8327522278,-22.9420986176,31.3516178131,107.900978088,-1.5522339344,18.7283496857,6.55850172043],[-166.727249146,111.526298523,6.66002416611,-27.9109477997,36.3038215637,-15.096906662,11.9966421127,25.4591007233,2.55160212517,-1.5522339344,110.364593506,0.0389277338982,-8.45198249817],[-334.721923828,-74.9690628052,85.9070205688,-10.6316776276,-7.48624706268,7.17820978165,-4.93570280075,-21.1535625458,-2.51578450203,18.7283496857,0.0389277338982,101.241844177,27.8932857513],[-480.134521484,31.4789943695,94.5089797974,-7.76564693451,50.0263938904,22.617181778,-8.4532251358,-19.3073387146,11.1130275726,6.55850172043,-8.45198249817,27.8932857513,101.989692688]],"icov":[[0.000545692571905,-0.00115718692541,0.00158042251132,-0.00153786595911,0.00116291840095,-0.000975346250925,0.000527923868503,-0.000693735957611,0.000377966149244,-0.000501199101564,0.00117215537466,-0.000747008423787,0.00119529757649],[-0.00115718692541,0.0036062519066,-0.0030291613657,0.00331522058696,-0.00270744320005,0.00237253191881,-0.0013541522203,0.00220850738697,-0.00115582579747,0.00178611348383,-0.00372259388678,0.00235090707429,-0.00333395483904],[0.00158042251132,-0.0030291613657,0.00654789665714,-0.00440056854859,0.00181736226659,-0.00335514452308,0.000700494274497,-0.00114624237176,0.000963699130807,-0.00202470785007,0.00324076414108,-0.00325739546679,0.00285068247467],[-0.00153786595911,0.00331522058696,-0.00440056854859,0.00764972949401,-0.00316692213528,0.00217851577327,-0.000161396717886,0.00185422471259,-0.0014028676087,0.00157079997007,-0.00272181234322,0.0024083761964,-0.0030272139702],[0.00116291840095,-0.00270744320005,0.00181736226659,-0.00316692213528,0.00778267579153,-0.00206327321939,0.00140452198684,-0.00130391202401,-0.00147447513882,-0.000429349282058,0.0010006306693,0.000220899819396,0.00110556208529],[-0.000975346250925,0.00237253191881,-0.00335514452308,0.00217851577327,-0.00206327321939,0.00781048741192,-0.00336341606453,0.00214591459371,0.000807935080957,-0.000783994153608,-0.00179521087557,0.00230452977121,-0.00345816463232],[0.000527923868503,-0.0013541522203,0.000700494274497,-0.000161396717886,0.00140452198684,-0.00336341606453,0.00793329253793,-0.00420496799052,0.00103973422665,0.00129088095855,0.00144063914195,-0.000871348427609,0.00232169195078],[-0.000693735957611,0.00220850738697,-0.00114624237176,0.00185422471259,-0.00130391202401,0.00214591459371,-0.00420496799052,0.0123811829835,-0.00413285894319,0.00263270083815,-0.0043883761391,0.00242087431252,-0.00132989638951],[0.000377966149244,-0.00115582579747,0.000963699130807,-0.0014028676087,-0.00147447513882,0.000807935080957,0.00103973422665,-0.00413285894319,0.0155241815373,-0.00551994983107,0.00231540109962,-0.00010839861352,-0.000130937100039],[-0.000501199101564,0.00178611348383,-0.00202470785007,0.00157079997007,-0.000429349282058,-0.000783994153608,0.00129088095855,0.00263270083815,-0.00551994983107,0.0134810581803,-0.00246153888293,-0.00036330340663,-0.00029519587406],[0.00117215537466,-0.00372259388678,0.00324076414108,-0.00272181234322,0.0010006306693,-0.00179521087557,0.00144063914195,-0.0043883761391,0.00231540109962,-0.00246153888293,0.0142598878592,-0.00333692599088,0.00465309480205],[-0.000747008423787,0.00235090707429,-0.00325739546679,0.0024083761964,0.000220899819396,0.00230452977121,-0.000871348427609,0.00242087431252,-0.00010839861352,-0.00036330340663,-0.00333692599088,0.0140213789418,-0.00534984935075],[0.00119529757649,-0.00333395483904,0.00285068247467,-0.0030272139702,0.00110556208529,-0.00345816463232,0.00232169195078,-0.00132989638951,-0.000130937100039,-0.00029519587406,0.00465309480205,-0.00534984935075,0.0156361814588]],"mean":[-90.3112716675,127.025718689,-145.781204224,42.9718017578,-60.2844772339,-9.89100265503,-32.0897407532,1.51578366756,-15.5367708206,-7.25171041489,-6.73265647888,-12.2062206268,-15.0578966141]},"hfc":{"dmean":3.79621696472,"dmean2":5.18148183823,"dvar":27.8204803467,"dvar2":52.2350616455,"max":107.037605286,"mean":12.0864467621,"median":6.24359369278,"min":1.0849355839e-16,"var":207.661834717},"melbands":{"dmean":[0.0000872886012075,0.000516654283274,0.000277594663203,0.000121058394143,0.0000703967016307,0.000111538014608,0.000162275144248,0.000103345169919,0.000109341432108,0.0000956381263677,0.0000295746158372,0.0000196169494302,0.0000146439861055,0.0000197700865101,0.0000211826154555,0.0000175104014488,0.0000158988459589,0.0000163742988661,0.0000105963472379,0.0000084351759142,0.0000119514388643,0.0000119617634482,0.0000067732739808,0.00000647954311717,0.0000148758745127,0.0000143334737004,0.00000477670528198,0.00000208524056688,0.00000159198134497,0.000001456236987,0.00000175832531113,0.00000143376064443,7.04398644302e-7,4.38312127926e-7,2.89374753493e-7,1.96030299549e-7,1.03163628751e-7,4.24361950024e-8,2.15725002306e-8,1.1540668865e-8],"dmean2":[0.000137862705742,0.000800815410912,0.000434083718574,0.000199449423235,0.000110229011625,0.000175163077074,0.000254450191278,0.000152679087478,0.000156088266522,0.000135291789775,0.0000413103443861,0.000029419974453,0.0000221035261347,0.0000296310827252,0.000030792747566,0.0000244736820605,0.0000217609576794,0.0000236026226048,0.0000153296186909,0.0000124614989545,0.0000178863392648,0.000018044911485,0.0000100937295429,0.00000963299316936,0.0000214351348404,0.0000206034346775,0.00000735175854061,0.00000337473488798,0.00000258444538304,0.0000023995862648,0.00000294442656923,0.00000243878866968,0.0000011855173625,7.27131862277e-7,4.72982208066e-7,3.13778485861e-7,1.63685257348e-7,6.71945912245e-8,3.29901830298e-8,1.77621473085e-8],"dvar":[2.94355739783e-8,0.00000140934912451,1.83816709409e-7,3.91372090291e-8,1.10157527544e-8,3.73330593106e-8,9.88041577443e-8,4.55921060905e-8,7.78642501587e-8,7.62120251352e-8,6.65624844132e-9,3.67777852617e-9,1.19366494467e-9,2.73574651821e-9,5.4871089894e-9,2.72169931037e-9,2.19038209792e-9,2.07862704826e-9,1.01006125686e-9,6.17045414764e-10,1.14150577879e-9,9.54000434206e-10,2.10700623615e-10,1.22269860903e-10,7.52540751936e-10,1.02416752856e-9,1.83947926335e-10,2.11859314814e-11,1.0016527538e-11,6.85455425059e-12,1.23703573426e-11,9.18210472933e-12,2.22315156735e-12,7.8815149936e-13,3.4538496195e-13,1.87148595774e-13,6.03498371068e-14,8.32085610944e-15,2.06476456992e-15,6.42477984503e-16],"dvar2":[6.31982999266e-8,0.00000274596936833,4.11387588883e-7,1.01392721774e-7,2.54846295178e-8,8.97525396226e-8,2.19440849492e-7,9.28290972979e-8,1.51184863739e-7,1.57198442707e-7,1.27674875117e-8,9.14698983223e-9,2.56678611699e-9,6.37388941627e-9,1.04697885916e-8,5.1924913258e-9,3.79998965627e-9,3.90355747726e-9,1.96913352291e-9,1.2605155808e-9,2.46810261118e-9,2.16291007327e-9,4.5562509321e-10,2.68548072668e-10,1.48216250384e-9,2.09408268503e-9,4.56856774633e-10,5.42709523155e-11,2.59087300225e-11,1.72856364639e-11,3.17867364374e-11,2.35932402087e-11,5.75924984786e-12,2.03453811957e-12,8.55666937045e-13,4.5274775682e-13,1.47481839566e-13,2.01561433966e-14,4.63654188624e-15,1.49708277103e-15],"max":[0.00258323107846,0.0215226821601,0.00651176506653,0.00298852822743,0.00280588725582,0.00409619510174,0.0056135430932,0.00614496832713,0.00644930405542,0.0089329816401,0.00255737616681,0.00209630955942,0.00116081396118,0.00142298929859,0.00279280706309,0.00174542178866,0.00251116836444,0.00137792434543,0.00111965020187,0.00114169821609,0.000767501071095,0.000743918179069,0.000392166693928,0.000273600337096,0.000579844927415,0.00101416104008,0.000520617992152,0.0000935401039897,0.0000669086075504,0.0000265999697149,0.0000399955169996,0.0000370546476915,0.0000171385781869,0.0000103155898614,0.00000851701588545,0.00000939930305321,0.00000417777118855,0.00000175477430275,0.00000119170988455,7.77622801706e-7],"mean":[0.000128631945699,0.000805931224022,0.000501865288243,0.000212833969272,0.000149422354298,0.000211219565244,0.0002981016587,0.000206227545277,0.000228460718063,0.000220778747462,0.0000634933676338,0.0000350228983734,0.0000275808633887,0.0000340068399964,0.0000365533378499,0.0000294834371743,0.0000269810261671,0.0000265646067419,0.0000190151586139,0.0000156388286996,0.0000177922192961,0.0000210426769627,0.0000141115633596,0.0000141550772241,0.0000355931297236,0.0000346024935425,0.00000879373146745,0.00000293986613542,0.00000225281473831,0.00000177711569904,0.00000180189113053,0.00000130675016408,6.56298311696e-7,4.45946966465e-7,3.16085163377e-7,2.33273496519e-7,1.25574146637e-7,5.12424414012e-8,2.74080171891e-8,1.53160932825e-8],"median":[0.0000454182336398,0.000243191781919,0.000266907853074,0.000115607072075,0.0000867962808115,0.000116223745863,0.000106680061435,0.0000726999496692,0.0000446343401563,0.0000431299995398,0.0000129424042825,0.00000871382690093,0.00000811316476756,0.00000912079849513,0.00000784642543294,0.00000483464646095,0.00000414751048083,0.00000646475018584,0.00000477081266581,0.00000397983103539,0.00000442140071755,0.00000540546352568,0.00000341230406775,0.00000446539979748,0.00000776136585046,0.00000495740641782,0.00000221613527174,0.00000113979001526,7.71439545133e-7,5.7449869928e-7,4.6398986342e-7,2.57338115262e-7,1.54300735744e-7,1.18422313733e-7,1.01407024999e-7,7.83616656008e-8,4.17058991786e-8,1.71402341209e-8,8.93578366856e-9,5.25643173432e-9],"min":[1.83626880276e-24,9.47680299117e-25,1.06990483005e-24,6.9104146272e-25,1.1017771772e-24,2.11898452106e-24,1.75268287618e-24,1.12781599657e-24,1.52109885378e-24,2.02377946221e-24,2.63086374069e-24,1.22057154371e-24,2.38528286064e-24,4.1265649218e-24,2.24662063781e-24,2.59219062367e-24,2.62500842062e-24,3.41102706e-24,3.52240869779e-24,3.14779975593e-24,3.37451423857e-24,3.97916862824e-24,3.77910009204e-24,4.83279816923e-24,3.05243120565e-24,5.17404559176e-24,4.9041143505e-24,4.69457908901e-24,5.91270181125e-24,5.78365757779e-24,4.97418531484e-24,5.92740893954e-24,4.45180990644e-24,5.76967777926e-24,5.9585444906e-24,6.41945027954e-24,5.95734147772e-24,5.5489560757e-24,6.50903647939e-24,6.42699021208e-24],"var":[4.7631054656e-8,0.00000351809990207,4.66741170158e-7,8.03463890975e-8,3.9800102769e-8,9.30008425826e-8,2.79043433693e-7,1.552503619e-7,2.82621840597e-7,3.91712035253e-7,3.20742508109e-8,1.22581438333e-8,4.23215462675e-9,6.02122174342e-9,1.18531051641e-8,7.31192706382e-9,9.1885636877e-9,6.09439831933e-9,2.91360779947e-9,1.83546300381e-9,1.93757854206e-9,1.87897453152e-9,8.54608717127e-10,5.18487530687e-10,3.51421092226e-9,5.08246111863e-9,4.60284615977e-10,2.87421648981e-11,1.49993455156e-11,8.34078119072e-12,1.09578422725e-11,7.45659870655e-12,1.79961145812e-12,7.12103173737e-13,3.4332904358e-13,2.04681486603e-13,6.38804601664e-14,1.00301643618e-14,3.0205038198e-15,8.95273061787e-16]},"melbands_crest":{"dmean":3.40212225914,"dmean2":5.54114437103,"dvar":9.56209564209,"dvar2":23.2481269836,"max":36.2195472717,"mean":13.30119133,"median":12.166015625,"min":1.50405991077,"var":29.6580429077},"melbands_flatness_db":{"dmean":0.032161924988,"dmean2":0.0454513430595,"dvar":0.000980069162324,"dvar2":0.0018801674014,"max":0.520858824253,"mean":0.207311451435,"median":0.202409029007,"min":0.00302068679594,"var":0.00427131960168},"melbands_kurtosis":{"dmean":4.98425197601,"dmean2":7.6659245491,"dvar":85.6586761475,"dvar2":188.281524658,"max":265.315704346,"mean":9.51670360565,"median":5.73168182373,"min":-1.88619184494,"var":242.863800049},"melbands_skewness":{"dmean":0.58963316679,"dmean2":0.900871992111,"dvar":0.433355659246,"dvar2":0.965856194496,"max":12.1619901657,"mean":2.30028319359,"median":2.11383533478,"min":-0.958056926727,"var":1.74177396297},"melbands_spread":{"dmean":8.02626609802,"dmean2":12.3482265472,"dvar":89.5763320923,"dvar2":207.346832275,"max":245.54498291,"mean":26.3899898529,"median":21.4945831299,"min":0.667942941189,"var":442.035827637},"mfcc":{"cov":[[9300.84375,276.587310791,-977.249694824,527.825073242,-560.421875,-181.52041626,-253.539779663,244.392913818,-188.710021973,100.043037415,249.403686523,-72.7623977661,-231.413299561],[276.587310791,1355.45727539,-47.3492088318,73.6312255859,126.466812134,-77.6853256226,93.089553833,20.7116909027,-17.7658424377,1.24220848083,-6.49320411682,72.0273590088,42.1735115051],[-977.249694824,-47.3492088318,436.584655762,3.0257461071,58.2442550659,148.204391479,52.8813056946,-16.8953495026,38.0762290955,-2.7863099575,-72.2663650513,16.1036872864,54.3319664001],[527.825073242,73.6312255859,3.0257461071,296.464385986,78.7093811035,-5.28205966949,-57.372089386,-3.97527956963,-11.1250247955,7.55059432983,8.58456611633,-32.4862289429,9.26114368439],[-560.421875,126.466812134,58.2442550659,78.7093811035,300.334594727,52.7717247009,-24.1554698944,-52.5611686707,8.5097990036,28.2330818176,-30.2800312042,-5.78622627258,29.6031036377],[-181.52041626,-77.6853256226,148.204391479,-5.28205966949,52.7717247009,228.327102661,27.2183647156,-30.7666683197,42.3944778442,2.45630192757,-48.2241783142,9.27147197723,14.299864769],[-253.539779663,93.089553833,52.8813056946,-57.372089386,-24.1554698944,27.2183647156,191.024032593,63.9407424927,13.747469902,16.1750087738,5.03703403473,30.7946281433,2.01181101799],[244.392913818,20.7116909027,-16.8953495026,-3.97527956963,-52.5611686707,-30.7666683197,63.9407424927,137.456237793,6.98803663254,1.78171181679,24.1233634949,10.3566017151,-13.6571922302],[-188.710021973,-17.7658424377,38.0762290955,-11.1250247955,8.5097990036,42.3944778442,13.747469902,6.98803663254,119.738456726,14.6372728348,-25.3251953125,3.54855275154,5.44559574127],[100.043037415,1.24220848083,-2.7863099575,7.55059432983,28.2330818176,2.45630192757,16.1750087738,1.78171181679,14.6372728348,112.261375427,26.4603004456,-8.46458625793,-11.9539136887],[249.403686523,-6.49320411682,-72.2663650513,8.58456611633,-30.2800312042,-48.2241783142,5.03703403473,24.1233634949,-25.3251953125,26.4603004456,151.04284668,7.9236536026,-26.7068958282],[-72.7623977661,72.0273590088,16.1036872864,-32.4862289429,-5.78622627258,9.27147197723,30.7946281433,10.3566017151,3.54855275154,-8.46458625793,7.9236536026,85.5941162109,35.3839492798],[-231.413299561,42.1735115051,54.3319664001,9.26114368439,29.6031036377,14.299864769,2.01181101799,-13.6571922302,5.44559574127,-11.9539136887,-26.7068958282,35.3839492798,92.8609237671]],"icov":[[0.000271233380772,-0.00011126048048,0.00057363009546,-0.000567476614378,0.000646196538582,-0.00052870484069,0.000433641369455,-0.000471194653073,0.000356180156814,-0.000441809534095,0.0000650962319924,-0.000163990393048,0.000247594463872],[-0.00011126048048,0.000960218370892,-0.000092783368018,-0.0000851594522828,-0.00071158062201,0.000692335132044,-0.000809462042525,0.000311693962431,-0.0000952583432081,0.000267313153017,0.000201587550691,-0.000739237118978,-0.0000873136887094],[0.00057363009546,-0.000092783368018,0.00454395636916,-0.00137048249599,0.00117358739953,-0.0028148596175,0.0000461477975477,-0.000955341965891,0.000632909184787,-0.000936796481255,0.00088993582176,-0.000118502379337,-0.000989065156318],[-0.000567476614378,-0.0000851594522828,-0.00137048249599,0.00541945546865,-0.00225775432773,0.000887765025254,0.000539673841558,-0.0000725902209524,-0.000453339045634,0.000841430388391,-0.000817735388409,0.00227635214105,-0.00152112869546],[0.000646196538582,-0.00071158062201,0.00117358739953,-0.00225775432773,0.00596802262589,-0.00207295943983,0.00134080683347,0.0000826053001219,0.000898880301975,-0.00232107867487,0.000567808689084,0.0000207037464861,-0.000324279943015],[-0.00052870484069,0.000692335132044,-0.0028148596175,0.000887765025254,-0.00207295943983,0.00764923077077,-0.00198045070283,0.002438131487,-0.00218443805352,0.00102871307172,0.000820121204015,-0.00086331286002,0.00063617748674],[0.000433641369455,-0.000809462042525,0.0000461477975477,0.000539673841558,0.00134080683347,-0.00198045070283,0.0086368303746,-0.00439718551934,0.00072252569953,-0.00201003672555,-0.0000340154074365,-0.00153262622189,0.000684267666657],[-0.000471194653073,0.000311693962431,-0.000955341965891,-0.0000725902209524,0.0000826053001219,0.002438131487,-0.00439718551934,0.0109035484493,-0.00174034526572,0.00124154728837,-0.000800373789389,-0.000566031434573,0.000794858264271],[0.000356180156814,-0.0000952583432081,0.000632909184787,-0.000453339045634,0.000898880301975,-0.00218443805352,0.00072252569953,-0.00174034526572,0.0100007560104,-0.0022259443067,0.00159561308101,-0.000510615471285,0.000164458804647],[-0.000441809534095,0.000267313153017,-0.000936796481255,0.000841430388391,-0.00232107867487,0.00102871307172,-0.00201003672555,0.00124154728837,-0.0022259443067,0.0110406260937,-0.00233939732425,0.00144402461592,0.000378186407033],[0.0000650962319924,0.000201587550691,0.00088993582176,-0.000817735388409,0.000567808689084,0.000820121204015,-0.0000340154074365,-0.000800373789389,0.00159561308101,-0.00233939732425,0.00872022751719,-0.00259245303459,0.00230831373483],[-0.000163990393048,-0.000739237118978,-0.000118502379337,0.00227635214105,0.0000207037464861,-0.00086331286002,-0.00153262622189,-0.000566031434573,-0.000510615471285,0.00144402461592,-0.00259245303459,0.0171559266746,-0.00722122518346],[0.000247594463872,-0.0000873136887094,-0.000989065156318,-0.00152112869546,-0.000324279943015,0.00063617748674,0.000684267666657,0.000794858264271,0.000164458804647,0.000378186407033,0.00230831373483,-0.00722122518346,0.015717850998]],"mean":[-706.045654297,140.6146698,-23.1072845459,41.5720787048,-6.9414396286,-4.23117017746,-8.67747402191,2.31502437592,-10.9877576828,4.9896697998,0.710622549057,0.928658902645,-3.09095621109]},"pitch_salience":{"dmean":0.0770206227899,"dmean2":0.122265711427,"dvar":0.00502886110917,"dvar2":0.011697653681,"max":0.971095442772,"mean":0.590710043907,"median":0.610145628452,"min":0.104332022369,"var":0.0164595320821},"silence_rate_20dB":{"dmean":0,"dmean2":0,"dvar":0,"dvar2":0,"max":1,"mean":1,"median":1,"min":1,"var":0},"silence_rate_30dB":{"dmean":0,"dmean2":0,"dvar":0,"dvar2":0,"max":1,"mean":1,"median":1,"min":1,"var":0},"silence_rate_60dB":{"dmean":0.0791355445981,"dmean2":0.158296242356,"dvar":0.072868809104,"dvar2":0.152002736926,"max":1,"mean":0.173816338181,"median":0,"min":0,"var":0.143603265285},"spectral_centroid":{"dmean":324.021057129,"dmean2":479.952789307,"dvar":125300.515625,"dvar2":269201.84375,"max":11627.3779297,"mean":1620.7434082,"median":1468.53723145,"min":157.256973267,"var":1685485.625},"spectral_complexity":{"dmean":3.45431423187,"dmean2":5.22695493698,"dvar":16.9434146881,"dvar2":38.1666030884,"max":41,"mean":13.8827457428,"median":13,"min":0,"var":64.3497543335},"spectral_contrast_coeffs":{"dmean":[0.0510443672538,0.0470621287823,0.038457006216,0.0301359407604,0.0284053757787,0.029432317242],"dmean2":[0.084256850183,0.0752239003778,0.0601244606078,0.0471062771976,0.0433429405093,0.0442161858082],"dvar":[0.00164902780671,0.0015287437709,0.00105814845301,0.000639369827695,0.000672229100019,0.000905368942767],"dvar2":[0.00453023472801,0.0037946801167,0.00251089432277,0.00141819403507,0.00140528066549,0.00172883295454],"max":[-0.363314121962,-0.42510420084,-0.466040819883,-0.549509882927,-0.555724561214,-0.585984349251],"mean":[-0.630303740501,-0.702332139015,-0.76124382019,-0.785054147243,-0.766671538353,-0.728344202042],"median":[-0.629278302193,-0.702250599861,-0.767381906509,-0.792729377747,-0.775958538055,-0.725829839706],"min":[-0.975018799305,-0.974476933479,-0.975395262241,-0.971558332443,-0.969099700451,-0.965730071068],"var":[0.00708714406937,0.00665289629251,0.00570660782978,0.00371007574722,0.00489799119532,0.00339396484196]},"spectral_contrast_valleys":{"dmean":[0.453232318163,0.402312248945,0.40868011117,0.381201207638,0.431541621685,0.420747280121],"dmean2":[0.736340403557,0.61713463068,0.605793297291,0.551707804203,0.594143211842,0.542656064034],"dvar":[0.14483846724,0.133218482137,0.154902875423,0.137087404728,0.182919368148,0.166404336691],"dvar2":[0.35083937645,0.27946138382,0.324568212032,0.26359513402,0.342951923609,0.293884783983],"max":[-6.2958521843,-5.32424116135,-5.85273313522,-6.33850717545,-6.01625680923,-9.23070240021],"mean":[-8.29814815521,-7.41488933563,-8.22295665741,-8.4499835968,-8.18052768707,-11.7214326859],"median":[-7.92854404449,-7.01928043365,-7.87723636627,-8.08302879333,-7.78100347519,-11.4594974518],"min":[-28.2007884979,-28.0754871368,-27.8719844818,-27.6548099518,-27.6240310669,-27.3951282501],"var":[6.19292736053,6.69319438934,6.15406656265,6.02986478806,6.30873346329,4.26323223114]},"spectral_decrease":{"dmean":9.53096490619e-10,"dmean2":1.33030508831e-9,"dvar":1.46710449163e-18,"dvar2":2.60935075488e-18,"max":5.03754687111e-16,"mean":-3.20150950195e-9,"median":-2.22362550595e-9,"min":-1.91832310037e-8,"var":8.57327623568e-18},"spectral_energy":{"dmean":0.00386120309122,"dmean2":0.00535903917626,"dvar":0.0000232080110436,"dvar2":0.00004072500451,"max":0.0733770951629,"mean":0.0131795015186,"median":0.00904696341604,"min":1.01294809135e-20,"var":0.000146459904499},"spectral_energyband_high":{"dmean":0.000163527030963,"dmean2":0.000262269226369,"dvar":8.4757104446e-8,"dvar2":2.08072862051e-7,"max":0.00295224692672,"mean":0.000204507872695,"median":0.0000730442843633,"min":7.10370673936e-21,"var":9.7317666814e-8},"spectral_energyband_low":{"dmean":0.00188712903764,"dmean2":0.00289760623127,"dvar":0.0000156177575263,"dvar2":0.0000302140506392,"max":0.0700422078371,"mean":0.003220601473,"median":0.00127727049403,"min":1.73775881115e-23,"var":0.0000397252915718},"spectral_energyband_middle_high":{"dmean":0.00117481139023,"dmean2":0.00161910010502,"dvar":0.00000327825864588,"dvar2":0.00000627739609627,"max":0.044799938798,"mean":0.00348556227982,"median":0.00145580340177,"min":1.21873895514e-21,"var":0.0000237017484324},"spectral_energyband_middle_low":{"dmean":0.00211910717189,"dmean2":0.00311657134444,"dvar":0.00000706941409589,"dvar2":0.0000145858257383,"max":0.048438437283,"mean":0.00675684027374,"median":0.00471831671894,"min":1.76508649907e-22,"var":0.0000417040937464},"spectral_entropy":{"dmean":0.210471540689,"dmean2":0.292365312576,"dvar":0.03960012272,"dvar2":0.0704849213362,"max":9.81774330139,"mean":7.3735537529,"median":7.31580924988,"min":5.5968003273,"var":0.216682910919},"spectral_flux":{"dmean":0.0179615784436,"dmean2":0.0280115697533,"dvar":0.000357788812835,"dvar2":0.000854065758176,"max":0.212048664689,"mean":0.0551636442542,"median":0.0508442483842,"min":6.37788780122e-11,"var":0.00101559213363},"spectral_kurtosis":{"dmean":2.70186853409,"dmean2":4.59802913666,"dvar":8.00036716461,"dvar2":22.0447368622,"max":49.7377128601,"mean":4.63173723221,"median":3.75161314011,"min":-1.27442538738,"var":14.4645719528},"spectral_rms":{"dmean":0.00053478020709,"dmean2":0.000723753240891,"dvar":3.23629308241e-7,"dvar2":5.3580271242e-7,"max":0.0084609342739,"mean":0.00320504186675,"median":0.00297090993263,"min":3.14363162238e-12,"var":0.00000258577551904},"spectral_rolloff":{"dmean":546.124023438,"dmean2":910.74609375,"dvar":642569.6875,"dvar2":1426914.25,"max":19422.9492188,"mean":1913.28149414,"median":1248.92578125,"min":107.666015625,"var":6545667},"spectral_skewness":{"dmean":0.333075851202,"dmean2":0.538397490978,"dvar":0.098104454577,"dvar2":0.238010764122,"max":5.17378473282,"mean":1.21179389954,"median":1.11357557774,"min":-0.0896121487021,"var":0.289910882711},"spectral_spread":{"dmean":416661.34375,"dmean2":642009.125,"dvar":479093489664,"dvar2":960133332992,"max":42816472,"mean":3701656.75,"median":2998653,"min":1195515.625,"var":20001746583600},"spectral_strongpeak":{"dmean":0.41592207551,"dmean2":0.688837587833,"dvar":0.611239433289,"dvar2":1.53130090237,"max":11.8966178894,"mean":0.837239146233,"median":0.452285528183,"min":0,"var":1.16039848328},"zerocrossingrate":{"dmean":0.00962875410914,"dmean2":0.0114140789956,"dvar":0.000102139048977,"dvar2":0.000121935219795,"max":0.69384765625,"mean":0.0589856021106,"median":0.04931640625,"min":0.0048828125,"var":0.00423392420635}},"metadata":{"audio_properties":{"analysis_sample_rate":44100,"bit_rate":161641,"codec":"mp3","downmix":"mix","equal_loudness":0,"length":146.102859497,"lossless":false,"md5_encoded":"14f2607113257bcee8cd67dac9c10ab1","replay_gain":-13.6933994293,"sample_rate":44100},"tags":{"acoustid_fingerprint":["AQADtImiZIkSPYmg50R6_A2u4-gR8oGXsRm-o2MYPMe0QTxjfEeu47yGPvlRyscf-Ghx_UGeSBZ-NLGkQlOS5fiPpiT65EnQJ_LgUocm4gk_4tuD5oqHKqOJdwGbHP2VBCfiZ4L1HGXATkf_o9sr4X9w-EFy7kWeJ2iS8EGlJXPQ1AnaD69RfzFiKT00JXmmI7yPSLkOfdFxMUcuvXguHnCV40x69EMYNc-G64mR-DX6E55kKvgSPRaaPfhRPQ0alcejKA9iFnugZSjjI3eHK9KPJuWO6cR9NGmP6UlyHEceZSmSdwouC89KOJay4-uEP8UlRsom9CR2qUcuHzrzGL3x_LiU5hD74UoI5UlyHPpjfLnQLMsTZHnWHK-OCz-aJ0Evg-2RJzrEJ8h53Ily9CQyVXugpxci88d1OBW6bcdrXPiO5NwRqok-OFGkMSgvJseVH1McHEweHDlx0kygJ8uCN0Y-isEv4aZENN3yoG8T5HuOQxyHJz9xHdqFNKEO_zQqySXYZ0Lfg8me4i9mpsNz5Emhax8a8qhEppDLo_mhOVFwPog_OGJefHhyET-F58OzINKhJ6GOXEppOM-DMUGzRDkeHh-LnjyaI_fx4drRRI2JLll-_PiDJ7lw5-j34sKjY-vyBD3-CWVOaGl05McZ1BS-KEfCJUco50TtTWjiGruIL4dH4UGMxHlQ-UnwhCVqold6-FlGoX-QdD_yJWZwKofPKMSzB8mRz0e5GleiGBt39Hjkgr-g5s9x4T2eo78keKWL86jF41uNH8mNT8iXY0rSPMzQH3_Q92iu4BQRvkiW8BH-pMJDHRcf7EJ_ULF21EkPNTOH_TiPjxlTXNvxHIcfJh30G1ee47lCfMMTC35SI_lm5CnKJWhi4vmU4BUVBFrDIo13VMGe406KugkeoTzOB0_0EHyOmz1qhcceIvkRy_iiB09IS7iVw4yCcvlxMR_-HZYXzMeXzUdzBlV_4UlEgdGJ5JSG8NLxJ8fTXLgb4RfxHM-FptdRLhfxPMfx4cbz4MqKuaFk_EJoNdGgKzochcdL42Z6NL9xHc9yISaa8ehEXA-uHi_2hBF4hPl0aJcexEp4VEmPpjpeFRfDoA-a42IObhq-I5R5aNlJ5EqJP0FF4p04VM9x7cij6Kj7BFqS4w5JPEOp5xCd4zLC7_hxJUp-_BWqs_gRPnFwEZoeI4zC1PgiWcNz7M_xoRnqxXiz4OPwNwr2N8jk_HiOQvyPXHsw5cdl9Xg0RgsuBX5x9dgfZHqPIlkiPjjF41N2XNfQi_APJs9yPArKTIf3I37QNYcu_MhyGUevEdfxxEWcJD6SSsnxBz7247hCjIkUHVcmSwEfJHsO30hfjFcSWFouVOXx4MIV-CsxnEfWcGmE5Dx-VHlkwRWFXg_-Yyd6onF8XKnSCNNSZREc-ugpHQ8eVEcYTZHw84Ee5WDPgDkTaHGQk8WT4Te67EETqvgjYd8jNM_xH3KUBCdxRrgVtE9HPMmIC9cRZg-0Wzh0RkcYK0ez5BXOPLjQE02THJdwJzmSZTzC6cWcffiDP0Zj_UNP_MPjIB0TJDfeC33QqAku6cdTHdfxnH