{"lowlevel":{"average_loudness":0.944658100605,"barkbands":{"dmean":[0.00000211448696064,0.00159396522213,0.00141027627978,0.0014489220921,0.00185969949234,0.00114630488679,0.00110649550334,0.00159289920703,0.00200372352265,0.00135300611146,0.000915360287763,0.000448427163064,0.000482504459796,0.000398205651436,0.000310471717967,0.000287187169306,0.000270417920547,0.000206033117138,0.000147677652421,0.0000989732798189,0.000064629210101,0.0000747526501073,0.0000653577153571,0.0000313988712151,0.0000195842840185,0.00000638779010842,0.00000390742843592],"dmean2":[0.00000371474311578,0.00281374598853,0.00252899900079,0.0025295545347,0.00316224503331,0.00168752821628,0.00166881154291,0.002344454173,0.00301443366334,0.00200448208489,0.0013982913224,0.000688546220772,0.000716485141311,0.000597259378992,0.000475973793073,0.000435379886767,0.00040150564746,0.000320558843669,0.00022080517374,0.000146724458318,0.0000941333346418,0.000105089427962,0.0000906848581508,0.000044021406211,0.0000280183867289,0.00000958396867645,0.00000530249189978],"dvar":[3.07736093552e-11,0.0000188956764759,0.0000151146632561,0.000013841812688,0.0000169845916389,0.00000943398572417,0.0000124258431242,0.0000185033113667,0.0000258060608758,0.0000127318744489,0.0000103673610283,0.0000028393797038,0.00000142436510941,0.00000136906498938,8.37455161218e-7,5.53490451694e-7,4.78657057101e-7,2.19915321509e-7,1.1350949336e-7,4.98046937025e-8,4.05500308887e-8,1.48237887743e-7,1.40687575367e-7,9.07890385093e-9,2.05004102583e-9,1.48545828416e-10,4.25956665773e-11],"dvar2":[8.61026944188e-11,0.0000508464836457,0.0000412918088841,0.0000370536545233,0.0000458527538285,0.0000196097171283,0.0000236040668824,0.0000385064122383,0.0000560960215807,0.0000272461365967,0.0000245828141487,0.00000650552237857,0.00000336381390298,0.00000289657987196,0.00000181456800874,0.00000127269220229,9.13310998385e-7,4.92835170007e-7,2.25753282734e-7,1.00041937401e-7,7.47369810483e-8,2.52475444995e-7,2.41883043373e-7,1.43405172182e-8,3.45299233651e-9,3.39923061921e-10,9.06781524868e-11],"max":[0.000135243637487,0.0370088778436,0.0412624366581,0.0362893491983,0.0600439049304,0.0763938501477,0.0961449071765,0.0782287940383,0.0944947898388,0.0777122229338,0.0760131701827,0.0614787787199,0.0363899469376,0.0408175475895,0.0318159535527,0.0240836217999,0.0221186876297,0.0161194186658,0.0104745319113,0.00994278676808,0.0080354809761,0.0154790505767,0.0231608022004,0.00598168326542,0.00302969617769,0.000403952115448,0.000140847696457],"mean":[0.00000189513423265,0.00125417229719,0.00110969156958,0.00113124318887,0.00264341197908,0.00194637093227,0.00174106645864,0.00277229887433,0.00305166537873,0.00296041346155,0.00127403135411,0.000621440063696,0.000808723736554,0.000608123082202,0.000485551427118,0.000480756891193,0.000515334366355,0.000363311875844,0.000324267573887,0.000208349796594,0.000135945534566,0.000136406961246,0.000127026854898,0.0000721885953681,0.0000430103391409,0.0000125194173961,0.00000812344933365],"median":[6.77292746332e-7,0.00024844892323,0.000214143161429,0.00018504599575,0.00144178653136,0.000624307722319,0.000427857419709,0.000533512036782,0.000621432729531,0.000434759014752,0.000231668222114,0.000154044479132,0.000357982324203,0.000236921725445,0.000211361591937,0.000193085230421,0.00019692684873,0.000152501772391,0.00011316898599,0.0000762904383009,0.0000548208226974,0.0000495136264362,0.0000432693923358,0.0000358896249963,0.0000260665656242,0.00000833461854199,0.00000504648278365],"min":[2.2540810433e-25,2.22069669631e-24,1.58102733485e-24,1.56463490385e-24,1.28535015856e-23,1.07023536277e-23,1.54304821821e-23,1.28817293954e-23,1.18498267561e-23,1.18065119815e-23,1.93786111059e-23,2.88962968135e-23,3.35768641551e-23,4.48095271597e-23,5.5777792388e-23,6.57085035774e-23,1.00427628857e-22,8.05183131548e-23,1.26507553399e-22,1.62277144793e-22,2.46050462126e-22,3.30888173701e-22,4.38291320889e-22,6.9312201946e-22,9.68519647116e-22,1.36583563932e-21,2.03548408649e-21],"var":[2.11290065305e-11,0.0000133954763442,0.0000103540023701,0.0000101340374385,0.0000181897230505,0.000018994709535,0.0000261455188593,0.0000394501985284,0.0000514337989443,0.0000366431704606,0.0000170858038473,0.00000436843220086,0.00000227810892284,0.00000214217493522,0.00000132506693262,0.00000104992830074,0.0000013345543266,4.54602314903e-7,3.43247222645e-7,1.39270866839e-7,8.81146320353e-8,2.92181397299e-7,3.30124123593e-7,2.78260348097e-8,5.8903233402e-9,2.48349896204e-10,9.48008060941e-11]},"barkbands_crest":{"dmean":2.85153746605,"dmean2":4.51852560043,"dvar":7.41403675079,"dvar2":17.5063209534,"max":26.3059329987,"mean":10.8489627838,"median":9.938580513,"min":2.45438075066,"var":20.461889267},"barkbands_flatness_db":{"dmean":0.0219828654081,"dmean2":0.0329509079456,"dvar":0.000430389976827,"dvar2":0.000964799663052,"max":0.371459424496,"mean":0.131075307727,"median":0.123123928905,"min":0.0278025045991,"var":0.00233347900212},"barkbands_kurtosis":{"dmean":2.59487080574,"dmean2":4.04374265671,"dvar":23.535533905,"dvar2":53.9066238403,"max":212.258850098,"mean":3.41535925865,"median":1.62592411041,"min":-1.98921012878,"var":44.4071578979},"barkbands_skewness":{"dmean":0.533621311188,"dmean2":0.812118113041,"dvar":0.324083715677,"dvar2":0.739563524723,"max":11.4149999619,"mean":1.1749702692,"median":1.10427117348,"min":-7.32930994034,"var":1.03568649292},"barkbands_spread":{"dmean":4.7834353447,"dmean2":7.17849874496,"dvar":35.1622505188,"dvar2":79.8634262085,"max":165.894821167,"mean":19.1030235291,"median":16.7100944519,"min":0.579212427139,"var":175.84588623},"dissonance":{"dmean":0.0231623090804,"dmean2":0.0382808931172,"dvar":0.000542812573258,"dvar2":0.00141488481313,"max":0.500000059605,"mean":0.451201558113,"median":0.459658592939,"min":0.200159877539,"var":0.00130788888782},"dynamic_complexity":3.06617021561,"erbbands":{"dmean":[0.0143315391615,0.461358338594,1.69029486179,3.05874490738,6.66624116898,5.94055938721,6.40684986115,9.84584903717,14.2374210358,19.0880298615,41.8068733215,47.0381546021,42.5034751892,37.8078842163,29.3739910126,19.1164398193,22.7587757111,20.4153957367,12.9198236465,20.7145996094,11.8431301117,12.6321411133,12.646697998,7.28975772858,6.91500234604,4.55487966537,3.07931494713,2.34168720245,2.67212080956,2.47085475922,1.79226696491,0.868250370026,0.464240252972,0.265508145094,0.123542875051,0.0398355945945,0.00912457797676,0.00284937024117,0.000705216487404,0.0000457771493529],"dmean2":[0.0251270774752,0.811475038528,2.99004364014,5.363052845,11.6685400009,9.95450782776,9.86073493958,14.6030578613,21.4663715363,28.4793395996,61.8274803162,70.882232666,61.6129302979,57.1853675842,45.1436805725,29.301815033,33.6867523193,30.0967979431,19.6959629059,31.5329399109,17.8932781219,18.7916030884,19.4237937927,10.8775272369,10.3903875351,6.66035938263,4.56972646713,3.36392879486,3.78035545349,3.47155761719,2.49642419815,1.19821691513,0.663010716438,0.379917740822,0.180822506547,0.0599584951997,0.0137659171596,0.00410023797303,0.000977114075795,0.0000630440190434],"dvar":[0.00152286340017,1.56268036366,20.6738872528,54.0837287903,285.865509033,172.460037231,266.611297607,830.338439941,1923.07177734,4175.74609375,12286.2724609,16283.0332031,10919.9150391,14688.2333984,10617.8662109,4915.60644531,3296.8503418,3079.73779297,1842.82141113,3243.23852539,866.6875,955.158996582,829.602783203,316.245635986,252.693344116,124.101669312,58.609916687,89.5731811523,163.498275757,218.29385376,97.6827545166,12.520658493,1.2307459116,0.44106310606,0.0741667672992,0.00601724348962,0.000320476450725,0.0000220942874876,0.00000138092650559,5.70642777475e-9],"dvar2":[0.00407260144129,4.18556642532,55.6956710815,145.375152588,803.425537109,446.544830322,584.813354492,1680.22509766,3601.06103516,8020.51074219,25932.8359375,35541.8125,22366.25,33559.515625,25137.1972656,11506.5253906,7788.73339844,6376.98095703,3949.48242188,7522.23242188,2037.20617676,1961.74133301,1746.95715332,642.08972168,509.003234863,243.008148193,110.23425293,165.454421997,275.664703369,366.851654053,178.847488403,20.0804672241,2.01962828636,0.721949458122,0.14312748611,0.0133647872135,0.000748014659621,0.00005065897858,0.00000297784345094,1.23787025075e-8],"max":[0.3364328444,10.6690206528,49.4077949524,67.3580474854,198.592010498,348.252441406,473.103027344,821.135314941,1576.31726074,1980.19042969,2127.37817383,2682.34594727,2507.1262207,2937.70458984,2816.03881836,2763.26391602,1947.00952148,2249.42089844,1971.32531738,1966.46118164,1546.72900391,957.363891602,880.550170898,739.448669434,468.474639893,496.16293335,336.659820557,419.446960449,516.597351074,635.32824707,606.921081543,211.328186035,52.8102531433,42.6554603577,17.5613384247,3.29612183571,0.676816523075,0.109744176269,0.0246039833874,0.00148256390821],"mean":[0.0117941498756,0.36611032486,1.37954354286,2.44683718681,7.13465023041,8.58128833771,10.5311231613,16.2424602509,23.7692050934,32.6158905029,73.1347579956,73.5908737183,105.411659241,62.0778427124,44.3160209656,28.6795692444,39.5436401367,34.5391349792,20.7370071411,35.2275085449,23.0348987579,25.6600532532,25.0150432587,15.3314647675,15.1784620285,9.83781909943,6.90037965775,4.66699361801,4.89288043976,4.56066942215,3.4274520874,1.83411705494,1.05931484699,0.586286723614,0.254669070244,0.0763465762138,0.0177945960313,0.00609494186938,0.00144578155596,0.000109505068394],"median":[0.00187792209908,0.0757697373629,0.310979515314,0.462635159492,2.92280197144,4.47488260269,3.89071059227,5.12086439133,6.1041264534,8.12118053436,17.3331413269,23.6519908905,20.009809494,15.1790838242,10.156747818,8.8790178299,18.5057411194,15.9005126953,8.64625072479,15.9629278183,11.4719295502,11.2763347626,10.6726646423,5.78057718277,5.7098941803,3.47956967354,2.70144820213,1.94027340412,1.7660804987,1.49957680702,1.22104251385,0.81480807066,0.556154370308,0.332839339972,0.159112006426,0.0494872741401,0.0119817284867,0.00425847945735,0.000909599359147,0.0000804944647825],"min":[1.50025491224e-22,3.35883165222e-22,2.03669395931e-21,6.40312515021e-21,1.37650544124e-20,4.55547621132e-20,5.04502043864e-20,1.18460109009e-19,2.18216811338e-19,1.94491371439e-19,3.64682218584e-19,3.59833932068e-19,3.7166036593e-19,6.01288340613e-19,1.28631186444e-18,1.50548132935e-18,2.16358250239e-18,2.84202921656e-18,3.22264314054e-18,3.37756621105e-18,4.89727153142e-18,5.53821325624e-18,4.91172940776e-18,7.00772029396e-18,6.9173822449e-18,7.96222220075e-18,7.91584962843e-18,8.74715208198e-18,1.15701094087e-17,1.08818231744e-17,1.27793978335e-17,1.21477246674e-17,1.10048704264e-17,1.00009477867e-17,6.94919891998e-18,4.99832115582e-18,2.40255684251e-18,9.88940951217e-19,2.5710872409e-19,2.90818156433e-20],"var":[0.00114586576819,1.11450922489,14.459072113,39.0905227661,205.475875854,235.307327271,560.522827148,1632.50024414,4368.57421875,9066.24902344,25549.4902344,30086.8535156,38967.0429688,31467.3671875,17676.5957031,7199.12597656,5185.36914062,5168.265625,2899.4921875,5118.05761719,1841.08679199,2415.37158203,2238.12939453,871.700622559,668.093566895,348.156433105,160.349487305,165.877639771,320.344665527,477.237365723,220.756866455,32.9204101562,4.18740940094,1.32894575596,0.176332861185,0.0107822772115,0.000492752995342,0.0000446399135399,0.0000029561856536,1.15838139081e-8]},"erbbands_crest":{"dmean":3.27118229866,"dmean2":5.05499410629,"dvar":10.4689092636,"dvar2":23.784532547,"max":32.9428901672,"mean":12.6692342758,"median":11.5167589188,"min":1.92255532742,"var":36.6655921936},"erbbands_flatness_db":{"dmean":0.022655736655,"dmean2":0.0303503423929,"dvar":0.000489131722134,"dvar2":0.000878763617948,"max":0.420077949762,"mean":0.1782964468,"median":0.172916561365,"min":0.00601911358535,"var":0.00323235779069},"erbbands_kurtosis":{"dmean":1.67305541039,"dmean2":2.54488563538,"dvar":10.8301382065,"dvar2":24.8110313416,"max":82.5750656128,"mean":1.95918083191,"median":0.318697214127,"min":-1.73783612251,"var":26.2449741364},"erbbands_skewness":{"dmean":0.427723973989,"dmean2":0.622183203697,"dvar":0.208205446601,"dvar2":0.437606841326,"max":7.899559021,"mean":0.669914722443,"median":0.607460021973,"min":-4.09630298615,"var":0.957660079002},"erbbands_spread":{"dmean":6.4330406189,"dmean2":9.20167064667,"dvar":50.5120277405,"dvar2":102.829528809,"max":178.652999878,"mean":29.2215843201,"median":27.1010513306,"min":1.20606040955,"var":275.689727783},"gfcc":{"cov":[[12702.34375,202.080123901,-955.24621582,233.370864868,-561.822814941,230.130905151,-379.017425537,58.9096450806,-214.454086304,-68.7769546509,-225.321624756,-69.4270401001,-145.523681641],[202.080123901,856.2734375,-276.592376709,-110.589767456,50.9582519531,-171.711898804,65.140296936,48.8898658752,29.5135746002,-46.124874115,10.1919269562,0.59673589468,39.4117088318],[-955.24621582,-276.592376709,873.091918945,71.9483261108,94.4278030396,201.35546875,-30.8568668365,-18.2160511017,-0.762309730053,33.7513237,22.9165458679,-1.37335634232,-53.2202072144],[233.370864868,-110.589767456,71.9483261108,463.937927246,60.0604743958,-86.898399353,-7.82095050812,-10.4280891418,2.79647636414,53.0489692688,-17.4474811554,-34.3906021118,1.38457810879],[-561.822814941,50.9582519531,94.4278030396,60.0604743958,275.542449951,9.2964220047,52.9573745728,-8.41054916382,14.6562862396,26.3573608398,23.6651096344,-0.800349116325,2.0935177803],[230.130905151,-171.711898804,201.35546875,-86.898399353,9.2964220047,381.305633545,19.6379051208,-3.63308405876,-28.7386169434,-4.33819627762,15.5168437958,30.9307937622,-45.146572113],[-379.017425537,65.140296936,-30.8568668365,-7.82095050812,52.9573745728,19.6379051208,207.261169434,71.7383270264,5.78987121582,-20.7106189728,-1.818811059,10.8185892105,31.3075523376],[58.9096450806,48.8898658752,-18.2160511017,-10.4280891418,-8.41054916382,-3.63308405876,71.7383270264,151.977828979,49.1635284424,-0.324236184359,-14.022974968,5.67041444778,22.3880672455],[-214.454086304,29.5135746002,-0.762309730053,2.79647636414,14.6562862396,-28.7386169434,5.78987121582,49.1635284424,128.438537598,51.1523551941,5.88075256348,-16.3680057526,-3.96144199371],[-68.7769546509,-46.124874115,33.7513237,53.0489692688,26.3573608398,-4.33819627762,-20.7106189728,-0.324236184359,51.1523551941,113.550575256,43.6872940063,-16.3633060455,-28.6079883575],[-225.321624756,10.1919269562,22.9165458679,-17.4474811554,23.6651096344,15.5168437958,-1.818811059,-14.022974968,5.88075256348,43.6872940063,90.9274978638,30.7707271576,-12.5178003311],[-69.4270401001,0.59673589468,-1.37335634232,-34.3906021118,-0.800349116325,30.9307937622,10.8185892105,5.67041444778,-16.3680057526,-16.3633060455,30.7707271576,90.178314209,44.46509552],[-145.523681641,39.4117088318,-53.2202072144,1.38457810879,2.0935177803,-45.146572113,31.3075523376,22.3880672455,-3.96144199371,-28.6079883575,-12.5178003311,44.46509552,102.740562439]],"icov":[[0.000130377491587,-0.0000916530771065,0.00017850009317,-0.000160497569595,0.000166679761605,-0.0002321251377,0.000302261818433,-0.000241434609052,0.000288945331704,-0.000147704558913,0.000338491750881,-0.0000972582856775,0.000222908129217],[-0.0000916530771065,0.00165814801585,0.000228722274187,0.000495169428177,-0.00062466179952,0.000784082338214,-0.00036691481364,-0.000186689198017,-0.000545870512724,0.00109163136221,-0.00104331143666,0.000434029090684,-0.000176367291715],[0.00017850009317,0.000228722274187,0.00176400318742,-0.000455668690847,-0.000348569068592,-0.000995251233689,0.000779334048275,-0.000523029535543,0.000232801685343,0.0000708003572072,0.000109032065666,0.0000024377977752,0.000572173681576],[-0.000160497569595,0.000495169428177,-0.000455668690847,0.00298963603564,-0.000778314657509,0.00116397382226,-0.000507932854816,0.000265642389422,0.000472505722428,-0.0016204098938,0.000772684114054,0.0004752096429,-0.000613884883933],[0.000166679761605,-0.00062466179952,-0.000348569068592,-0.000778314657509,0.00474167522043,-0.000460599228973,-0.00110966642387,0.000847910356242,-0.000110791799671,-0.000886590976734,-0.000245696021011,0.0000924975029193,-0.000161112562637],[-0.0002321251377,0.000784082338214,-0.000995251233689,0.00116397382226,-0.000460599228973,0.00443451618776,-0.00137951225042,0.000258626387222,0.00017436905182,0.0000125584538182,0.000227900862228,-0.00224533420987,0.00217097788118],[0.000302261818433,-0.00036691481364,0.000779334048275,-0.000507932854816,-0.00110966642387,-0.00137951225042,0.00756460754201,-0.0039273086004,0.00127021758817,0.00111724727321,-0.000599432794843,0.00110829772893,-0.00124610087369],[-0.000241434609052,-0.000186689198017,-0.000523029535543,0.000265642389422,0.000847910356242,0.000258626387222,-0.0039273086004,0.0103479605168,-0.0044180424884,-0.0000357884200639,0.00140336621553,-0.00113368942402,-0.00102534645703],[0.000288945331704,-0.000545870512724,0.000232801685343,0.000472505722428,-0.000110791799671,0.00017436905182,0.00127021758817,-0.0044180424884,0.0126760071144,-0.00651000672951,0.0021513083484,0.000889055081643,-0.0000591728021391],[-0.000147704558913,0.00109163136221,0.0000708003572072,-0.0016204098938,-0.000886590976734,0.0000125584538182,0.00111724727321,-0.0000357884200639,-0.00651000672951,0.0179347079247,-0.0100926542655,0.00424060458317,0.000799394503701],[0.000338491750881,-0.00104331143666,0.000109032065666,0.000772684114054,-0.000245696021011,0.000227900862228,-0.000599432794843,0.00140336621553,0.0021513083484,-0.0100926542655,0.0215359386057,-0.0110842008144,0.00560144800693],[-0.0000972582856775,0.000434029090684,0.0000024377977752,0.0004752096429,0.0000924975029193,-0.00224533420987,0.00110829772893,-0.00113368942402,0.000889055081643,0.00424060458317,-0.0110842008144,0.0220778286457,-0.0110790971667],[0.000222908129217,-0.000176367291715,0.000572173681576,-0.000613884883933,-0.000161112562637,0.00217097788118,-0.00124610087369,-0.00102534645703,-0.0000591728021391,0.000799394503701,0.00560144800693,-0.0110790971667,0.0176794193685]],"mean":[-5.74758672714,75.3869400024,-127.043533325,8.02316093445,-61.8758239746,2.07469749451,-38.0352630615,4.58486747742,-21.5134658813,-7.11972856522,-18.8471183777,-6.38273382187,-12.3111867905]},"hfc":{"dmean":6.75366735458,"dmean2":9.75357723236,"dvar":90.2697067261,"dvar2":177.568145752,"max":228.391815186,"mean":22.5392723083,"median":20.4450359344,"min":1.04661852652e-16,"var":289.775024414},"melbands":{"dmean":[0.000286664522719,0.000799376401119,0.000659074343275,0.000452079519164,0.00022523329244,0.000223679817282,0.000222041184315,0.000218399276491,0.000366313528502,0.000289586692816,0.000211161022889,0.000157307076734,0.000117639981909,0.0000562751010875,0.0000449535764346,0.0000513007798872,0.0000387827894883,0.0000227038963203,0.0000234203998843,0.0000264519458142,0.0000134831061587,0.0000124478019643,0.0000204433908948,0.00000680569064571,0.0000064889359237,0.00000576391721552,0.00000441332394985,0.00000306206948153,0.00000220130823436,0.00000170182636339,0.0000014222828213,0.00000157808574386,0.00000156816588515,0.00000143147588005,0.00000118278489936,7.79069125656e-7,4.82468010432e-7,3.62095477158e-7,2.79585947283e-7,2.2520936227e-7],"dmean2":[0.000506477721501,0.0013924560044,0.0011542160064,0.000778077344876,0.00034932946437,0.000330324866809,0.000334811920766,0.000324806780554,0.000541509420145,0.000436794158304,0.000306096364511,0.000238409367739,0.000181239272933,0.000085838844825,0.0000694351110724,0.0000745940706111,0.0000577911305299,0.0000346449160133,0.0000358487595804,0.0000401485849579,0.0000207122902793,0.0000188862977666,0.000030858664104,0.0000105566941784,0.00000974315025815,0.00000878393348103,0.00000661202966512,0.00000456342604593,0.00000332698914463,0.00000252940048995,0.00000206890672416,0.00000227309715228,0.00000226484280574,0.00000204889556699,0.00000168972599113,0.00000108083054329,6.94695188486e-7,5.30339548277e-7,4.08939371255e-7,3.30218000499e-7],"dvar":[6.15604506038e-7,0.00000449822528026,0.0000025167360036,0.00000115430202641,2.73600988976e-7,3.92323812548e-7,4.64165168523e-7,4.73233882303e-7,9.21513674257e-7,5.79664117595e-7,2.7509045708e-7,2.623027342e-7,1.72151501943e-7,4.49602559627e-8,1.76300716248e-8,1.57427635372e-8,1.26473773676e-8,6.80613565507e-9,5.41483657912e-9,5.12827202925e-9,1.096624902e-9,1.0089155067e-9,2.99697822115e-9,2.84433032682e-10,2.59676613545e-10,1.70889066786e-10,1.03931495354e-10,5.7162271444e-11,2.71830873783e-11,2.28527041041e-11,3.93468313487e-11,5.40261134441e-11,7.41764635825e-11,7.47410883184e-11,4.84652561139e-11,1.55368929527e-11,2.95930727839e-12,7.33872598108e-13,4.35617091444e-13,3.61536321714e-13],"dvar2":[0.00000165801418461,0.000011876310964,0.00000683539474267,0.00000317076478495,6.02980037456e-7,7.97563131982e-7,8.72798523233e-7,9.12546965992e-7,0.00000194505787476,0.00000126572967929,5.64179174489e-7,5.97043481321e-7,4.2109635956e-7,1.00807099557e-7,4.16754595278e-8,3.53636977479e-8,2.66511097635e-8,1.49247547654e-8,1.17760974305e-8,1.16141967155e-8,2.58967047806e-9,2.27219665305e-9,5.52656764796e-9,6.52837062187e-10,5.29520871595e-10,3.45415751557e-10,2.12276404787e-10,1.18074147681e-10,5.48541385925e-11,4.3787147519e-11,7.52494039302e-11,9.62669249871e-11,1.31039248896e-10,1.28504581975e-10,9.88224432841e-11,2.71459642959e-11,4.80060999633e-12,1.29449023115e-12,7.6493016565e-13,6.23518435234e-13],"max":[0.00656045321375,0.021391319111,0.0165845211595,0.0155759407207,0.0151175120845,0.0167660266161,0.0228597931564,0.0175589527935,0.018051026389,0.0147130079567,0.0120692420751,0.0128779495135,0.0122502613813,0.00851674005389,0.00369706656784,0.00412297202274,0.00386083871126,0.00306122284383,0.0026913729962,0.00231013912708,0.00165148149244,0.00124262191821,0.00184765900485,0.000891971052624,0.000600105850026,0.000384757295251,0.000442505028332,0.000292204291327,0.00021248748817,0.000210662532481,0.000296301528579,0.000350869435351,0.000403967482271,0.00040402796003,0.000474148895591,0.000277958781226,0.000117468887765,0.0000423816272814,0.0000465345765406,0.0000421957702201],"mean":[0.000226831631153,0.000661555503029,0.000575610611122,0.000583568762522,0.000373822607799,0.000378210883355,0.000366406602552,0.000372779933969,0.000617571000475,0.000446856371127,0.000517267093528,0.000244495051447,0.000169590377482,0.0000781248745625,0.0000687450519763,0.0000895917692105,0.0000603631306149,0.0000325863511534,0.0000373890215997,0.0000448213686468,0.0000239431410591,0.0000230799214478,0.0000373440125259,0.000012454978787,0.0000122780720631,0.000011866532077,0.00000888608519745,0.00000590692070546,0.00000450605557489,0.00000336918378707,0.00000247603247772,0.00000274964850178,0.00000267147629529,0.00000251854271482,0.00000211398992178,0.00000144746979913,9.94262904896e-7,7.69845712512e-7,5.93966376528e-7,4.62218878283e-7],"median":[0.0000420003780164,0.000144515113789,0.000155695102876,0.000289713090751,0.000160967887496,0.000116905692266,0.0000914786360227,0.0000881453524926,0.000142021177453,0.00012048791541,0.0000803159564384,0.0000478810688946,0.000034757576941,0.0000176164430741,0.0000255929026025,0.0000416893672082,0.0000236537125602,0.0000114638287414,0.0000156186833919,0.0000192956995306,0.00000997935330815,0.00000964678201854,0.0000135556319947,0.00000519108107255,0.00000398146585212,0.00000409220365327,0.00000331675732923,0.00000188213459751,0.00000161199852755,0.00000133766343424,9.09434334062e-7,9.10251742425e-7,9.26934887957e-7,7.52458788611e-7,6.8736051162e-7,5.65865491353e-7,4.67923797487e-7,4.03769547574e-7,3.07016563283e-7,2.63873715767e-7],"min":[1.93833675427e-24,5.70114903799e-25,9.65328399466e-25,1.77931915908e-24,1.76655657292e-24,2.83361322067e-24,3.06097673862e-24,2.11362815552e-24,2.37194499767e-24,2.26470468241e-24,1.53039055056e-24,2.01332488585e-24,3.46555075918e-24,4.62106474682e-24,2.21279467662e-24,3.87998278005e-24,4.54618370311e-24,3.88310903581e-24,4.81267551082e-24,3.91674212051e-24,5.87017155884e-24,5.83517295591e-24,5.60540538435e-24,4.1190344556e-24,5.21457489849e-24,4.12655032787e-24,4.57427661767e-24,4.79141452614e-24,3.86114872593e-24,5.56257102606e-24,3.95248856357e-24,5.7531823033e-24,6.39707581769e-24,5.92101443304e-24,5.14889631167e-24,6.39150803742e-24,6.46242821052e-24,7.37715660634e-24,6.88914989543e-24,7.10123199435e-24],"var":[4.40520437905e-7,0.00000329785621034,0.00000180622896551,0.00000110963412681,5.52669746412e-7,8.01522730853e-7,0.00000103679747099,0.00000102837327631,0.00000185375006367,0.00000109698521555,9.79954734248e-7,5.68765301523e-7,2.81190011719e-7,7.07708807113e-8,2.60261234786e-8,2.59181227591e-8,1.98699510179e-8,9.73855129871e-9,8.70208527459e-9,8.89994566933e-9,2.27281549137e-9,1.90316917781e-9,9.34084276594e-9,5.68148694757e-10,6.98777646857e-10,4.61577748245e-10,2.66610539201e-10,1.46271203483e-10,7.09703060209e-11,5.00572083784e-11,6.59985330276e-11,9.86999926234e-11,1.43654532714e-10,1.60428004214e-10,9.57756929321e-11,3.31721317082e-11,7.75239941686e-12,2.17511945955e-12,1.4383636426e-12,9.32647405485e-13]},"melbands_crest":{"dmean":3.88481593132,"dmean2":6.23114109039,"dvar":13.1527748108,"dvar2":32.6093788147,"max":38.5788536072,"mean":14.1907577515,"median":13.0818309784,"min":1.65999615192,"var":33.5781135559},"melbands_flatness_db":{"dmean":0.0253601651639,"dmean2":0.0385865308344,"dvar":0.000592175056227,"dvar2":0.00140949536581,"max":0.468770354986,"mean":0.179709374905,"median":0.175683900714,"min":0.00343464431353,"var":0.00302096502855},"melbands_kurtosis":{"dmean":5.08247375488,"dmean2":8.11772346497,"dvar":179.954925537,"dvar2":456.055938721,"max":723.619995117,"mean":7.95363759995,"median":4.3268737793,"min":-1.83510887623,"var":375.948394775},"melbands_skewness":{"dmean":0.664419949055,"dmean2":1.01287007332,"dvar":0.586708009243,"dvar2":1.38668334484,"max":23.4080028534,"mean":1.71625757217,"median":1.54520130157,"min":-2.27320837975,"var":2.0326128006},"melbands_spread":{"dmean":6.9373459816,"dmean2":10.4854593277,"dvar":89.1312332153,"dvar2":172.805755615,"max":206.96546936,"mean":24.3332633972,"median":20.2600822449,"min":0.72440379858,"var":336.768798828},"mfcc":{"cov":[[6252.85400391,73.3040390015,-85.7570800781,54.886516571,-17.1430969238,71.6386108398,-55.5694999695,24.3136005402,-14.6645507812,6.86103773117,-5.36081504822,-77.112449646,-83.6298904419],[73.3040390015,953.291687012,-221.425994873,-59.0063362122,-33.2083854675,-114.271247864,2.74074959755,61.0057754517,26.7902565002,-21.8560695648,-12.1338920593,18.6444644928,18.6258583069],[-85.7570800781,-221.425994873,649.304260254,-83.2292480469,120.872093201,112.582984924,32.5938224792,12.7475414276,-26.7426204681,22.163318634,17.7009811401,20.4638404846,-9.08229351044],[54.886516571,-59.0063362122,-83.2292480469,559.434814453,27.6443939209,-78.2795715332,-21.7135715485,-92.4103240967,60.0126571655,16.4343185425,-13.1964941025,8.86839103699,27.6116466522],[-17.1430969238,-33.2083854675,120.872093201,27.6443939209,220.897537231,86.3089523315,6.41133022308,-24.2971611023,-17.2531700134,12.0881576538,25.7190380096,21.0229892731,-3.24904894829],[71.6386108398,-114.271247864,112.582984924,-78.2795715332,86.3089523315,220.424087524,71.272644043,14.5731096268,-31.8701629639,-1.2989937067,31.2832145691,8.17827987671,-5.1741642952],[-55.5694999695,2.74074959755,32.5938224792,-21.7135715485,6.41133022308,71.272644043,168.56817627,65.2944030762,9.4923248291,-7.45004606247,-0.175759941339,6.01847648621,2.60558509827],[24.3136005402,61.0057754517,12.7475414276,-92.4103240967,-24.2971611023,14.5731096268,65.2944030762,157.614578247,53.541683197,-5.30301809311,-16.7879600525,-9.97646999359,3.58691477776],[-14.6645507812,26.7902565002,-26.7426204681,60.0126571655,-17.2531700134,-31.8701629639,9.4923248291,53.541683197,129.888427734,44.8599815369,-9.12606906891,-10.5377826691,5.31974649429],[6.86103773117,-21.8560695648,22.163318634,16.4343185425,12.0881576538,-1.2989937067,-7.45004606247,-5.30301809311,44.8599815369,109.022010803,49.1522979736,9.25292682648,-1.10296523571],[-5.36081504822,-12.1338920593,17.7009811401,-13.1964941025,25.7190380096,31.2832145691,-0.175759941339,-16.7879600525,-9.12606906891,49.1522979736,120.23387146,52.4158363342,2.85753941536],[-77.112449646,18.6444644928,20.4638404846,8.86839103699,21.0229892731,8.17827987671,6.01847648621,-9.97646999359,-10.5377826691,9.25292682648,52.4158363342,95.449180603,42.3461418152],[-83.6298904419,18.6258583069,-9.08229351044,27.6116466522,-3.24904894829,-5.1741642952,2.60558509827,3.58691477776,5.31974649429,-1.10296523571,2.85753941536,42.3461418152,92.6452484131]],"icov":[[0.000167816862813,-0.0000292592740152,0.0000196590735868,-0.0000720409661881,0.000051862833061,-0.00014814689348,0.000139769443194,-0.000127225954202,0.0000955215582508,-0.0000561501947232,-0.00000596016434429,0.0000841260189191,0.000130885033286],[-0.0000292592740152,0.00129551277496,0.000426947517553,0.000277308397926,-0.000419740827056,0.000828511954751,-0.000225630792556,-0.000402823265176,-0.0000886806228664,0.000230129589909,-0.0000170950315805,-0.000382829341106,-0.0000908259899006],[0.0000196590735868,0.000426947517553,0.00200431607664,0.000265423586825,-0.000921657832805,-0.000306774425553,-0.000064632302383,-0.000396421586629,0.000370695372112,-0.000639343168586,0.000571050215513,-0.000661758473143,0.000272969104117],[-0.0000720409661881,0.000277308397926,0.000265423586825,0.00267356215045,-0.000803904549684,0.0010931706056,-0.000933241739403,0.00239703990519,-0.00216961745173,0.000585501547903,0.000137759489007,-0.0000537034793524,-0.000773429987021],[0.000051862833061,-0.000419740827056,-0.000921657832805,-0.000803904549684,0.0063231959939,-0.00275046471506,0.000831784447655,0.000469938531751,0.000236611958826,-0.000480176415294,0.000114171140012,-0.00110419979319,0.000788878009189],[-0.00014814689348,0.000828511954751,-0.000306774425553,0.0010931706056,-0.00275046471506,0.00801135227084,-0.0032750708051,0.000223367285798,0.000724341953173,0.000760473543778,-0.00203328719363,0.00130418629851,-0.000787686090916],[0.000139769443194,-0.000225630792556,-0.000064632302383,-0.000933241739403,0.000831784447655,-0.0032750708051,0.00873916968703,-0.00393853941932,0.000727077305783,-0.0000931927133934,0.000602402316872,-0.0011403018143,0.000656066520605],[-0.000127225954202,-0.000402823265176,-0.000396421586629,0.00239703990519,0.000469938531751,0.000223367285798,-0.00393853941932,0.0119686182588,-0.0064025465399,0.00247825752012,-0.0000165958535945,0.000744148623198,-0.00105326785706],[0.0000955215582508,-0.0000886806228664,0.000370695372112,-0.00216961745173,0.000236611958826,0.000724341953173,0.000727077305783,-0.0064025465399,0.0142152942717,-0.00698950467631,0.00234022922814,0.000387078092899,-0.0000853607343743],[-0.0000561501947232,0.000230129589909,-0.000639343168586,0.000585501547903,-0.000480176415294,0.000760473543778,-0.0000931927133934,0.00247825752012,-0.00698950467631,0.0154712693766,-0.00747317168862,0.00244166259654,-0.000701825367287],[-0.00000596016434429,-0.0000170950315805,0.000571050215513,0.000137759489007,0.000114171140012,-0.00203328719363,0.000602402316872,-0.0000165958535945,0.00234022922814,-0.00747317168862,0.0159734450281,-0.00934324879199,0.00344169465825],[0.0000841260189191,-0.000382829341106,-0.000661758473143,-0.0000537034793524,-0.00110419979319,0.00130418629851,-0.0011403018143,0.000744148623198,0.000387078092899,0.00244166259654,-0.00934324879199,0.019807389006,-0.00861709471792],[0.000130885033286,-0.0000908259899006,0.000272969104117,-0.000773429987021,0.000788878009189,-0.000787686090916,0.000656066520605,-0.00105326785706,-0.0000853607343743,-0.000701825367287,0.00344169465825,-0.00861709471792,0.0150226205587]],"mean":[-645.725891113,115.582450867,-11.9715051651,7.46984291077,-4.14112567902,-5.56614780426,-7.82567405701,1.8987852335,-2.63654327393,0.743666112423,-2.71786022186,-3.98768258095,-6.38877296448]},"pitch_salience":{"dmean":0.0790676474571,"dmean2":0.127235040069,"dvar":0.00558557920158,"dvar2":0.0144502809271,"max":0.906673908234,"mean":0.536805033684,"median":0.542246639729,"min":0.0877106636763,"var":0.0132316714153},"silence_rate_20dB":{"dmean":0,"dmean2":0,"dvar":0,"dvar2":0,"max":1,"mean":1,"median":1,"min":1,"var":0},"silence_rate_30dB":{"dmean":0,"dmean2":0,"dvar":0,"dvar2":0,"max":1,"mean":1,"median":1,"min":1,"var":0},"silence_rate_60dB":{"dmean":0.00978158880025,"dmean2":0.0195644889027,"dvar":0.00968679971993,"dvar2":0.0229331050068,"max":1,"mean":0.0601594410837,"median":0,"min":0,"var":0.0565456226468},"spectral_centroid":{"dmean":211.715591431,"dmean2":318.743408203,"dvar":70515.9765625,"dvar2":139424.578125,"max":11800.1875,"mean":1356.08862305,"median":1201.65673828,"min":220.338928223,"var":585005.4375},"spectral_complexity":{"dmean":3.24641561508,"dmean2":5.00194311142,"dvar":12.0553588867,"dvar2":26.2569408417,"max":56,"mean":17.9532394409,"median":18,"min":0,"var":56.2081336975},"spectral_contrast_coeffs":{"dmean":[0.0554954111576,0.0523809306324,0.0460590496659,0.0342203900218,0.0266498569399,0.018649443984],"dmean2":[0.0905560851097,0.0806813314557,0.0703405588865,0.0527521930635,0.0400157794356,0.0283620357513],"dvar":[0.00223632226698,0.00219800882041,0.00159004714806,0.000821151887067,0.000596117170062,0.000360782432836],"dvar2":[0.00555144669488,0.00494187604636,0.00363118993118,0.00186760164797,0.00120886205696,0.000754453183617],"max":[-0.264891952276,-0.325636684895,-0.395126074553,-0.49328610301,-0.515168726444,-0.568629086018],"mean":[-0.611895859241,-0.689971089363,-0.704422414303,-0.743529140949,-0.761976063251,-0.779397666454],"median":[-0.617967605591,-0.699356555939,-0.711649358273,-0.744601368904,-0.771960139275,-0.784272670746],"min":[-0.988790810108,-0.984519004822,-0.977217197418,-0.987492740154,-0.967078745365,-0.963712155819],"var":[0.00706750201061,0.00934128277004,0.00814988929778,0.00359458802268,0.00355437980033,0.00210393732414]},"spectral_contrast_valleys":{"dmean":[0.510230839252,0.402514129877,0.388538569212,0.323987007141,0.313502669334,0.261879771948],"dmean2":[0.827419400215,0.640050053596,0.599285185337,0.489364862442,0.452615708113,0.331172555685],"dvar":[0.197864323854,0.141057044268,0.135344609618,0.100333198905,0.11576128751,0.0986853986979],"dvar2":[0.457178860903,0.342705786228,0.317086905241,0.221267104149,0.239335075021,0.163452789187],"max":[-5.33786153793,-4.67253017426,-4.96664524078,-5.88663053513,-5.29201936722,-7.49770021439],"mean":[-8.01420402527,-6.9588508606,-7.51413297653,-7.84661436081,-7.88014888763,-10.1632461548],"median":[-7.8954706192,-6.81868219376,-7.40702390671,-7.65672016144,-7.75194501877,-9.86004161835],"min":[-28.0929813385,-28.1468372345,-28.084022522,-27.6002864838,-27.4370498657,-27.3410797119],"var":[2.06873655319,2.18388104439,2.23131251335,2.11413502693,2.08971190453,2.09813189507]},"spectral_decrease":{"dmean":2.53007992335e-9,"dmean2":3.95098931349e-9,"dvar":1.14908870128e-17,"dvar2":2.80980184631e-17,"max":6.17787185849e-16,"mean":-6.03911676222e-9,"median":-5.26374277499e-9,"min":-2.78425424938e-8,"var":2.02875425457e-17},"spectral_energy":{"dmean":0.0100507494062,"dmean2":0.015636285767,"dvar":0.000177007343154,"dvar2":0.000430846965173,"max":0.1080108881,"mean":0.0248372945935,"median":0.0220096539706,"min":9.80866165942e-21,"var":0.000325600645738},"spectral_energyband_high":{"dmean":0.000241394460318,"dmean2":0.000317399448249,"dvar":8.01371982107e-7,"dvar2":0.00000118638206459,"max":0.0326515324414,"mean":0.000625853659585,"median":0.000332787807565,"min":7.04511666416e-21,"var":0.0000021958051093},"spectral_energyband_low":{"dmean":0.00324221560732,"dmean2":0.00551388971508,"dvar":0.0000593857148488,"dvar2":0.000150967927766,"max":0.0702047049999,"mean":0.00281459628604,"median":0.000652040587738,"min":1.78644241528e-23,"var":0.0000475311098853},"spectral_energyband_middle_high":{"dmean":0.00296790478751,"dmean2":0.00436430424452,"dvar":0.0000266462284344,"dvar2":0.0000602890177106,"max":0.0815148949623,"mean":0.0077278027311,"median":0.00508282193914,"min":1.13460745709e-21,"var":0.0000733793058316},"spectral_energyband_middle_low":{"dmean":0.00697312364355,"dmean2":0.0109501909465,"dvar":0.000108148655272,"dvar2":0.000267342780717,"max":0.10182788223,"mean":0.0149791771546,"median":0.0112632811069,"min":1.63715635809e-22,"var":0.000192502673599},"spectral_entropy":{"dmean":0.18116286397,"dmean2":0.252965450287,"dvar":0.0318417400122,"dvar2":0.0633160620928,"max":9.81976127625,"mean":7.4417219162,"median":7.48678159714,"min":5.08169364929,"var":0.232977375388},"spectral_flux":{"dmean":0.0312485061586,"dmean2":0.0484631843865,"dvar":0.00117851956747,"dvar2":0.002512807725,"max":0.2924079597,"mean":0.083220474422,"median":0.0695758908987,"min":6.38078409554e-11,"var":0.00275080511346},"spectral_kurtosis":{"dmean":1.53987598419,"dmean2":2.45802807808,"dvar":3.70623803139,"dvar2":10.2844905853,"max":54.0759353638,"mean":5.3462305069,"median":4.74340963364,"min":-1.24094259739,"var":11.0806283951},"spectral_rms":{"dmean":0.000921441824175,"dmean2":0.00139009323902,"dvar":0.00000119318940506,"dvar2":0.00000276458490589,"max":0.010265304707,"mean":0.00455607939512,"median":0.00463387882337,"min":3.09344889114e-12,"var":0.00000347371837961},"spectral_rolloff":{"dmean":422.802947998,"dmean2":695.692016602,"dvar":599980.5625,"dvar2":1346633.375,"max":21963.8671875,"mean":1749.77404785,"median":1378.125,"min":21.533203125,"var":3886297.75},"spectral_skewness":{"dmean":0.216481044888,"dmean2":0.323988884687,"dvar":0.0498342141509,"dvar2":0.117980375886,"max":6.06750917435,"mean":1.72354960442,"median":1.68115496635,"min":-0.0990550220013,"var":0.269492983818},"spectral_spread":{"dmean":501497.28125,"dmean2":712181.8125,"dvar":342068297728,"dvar2":706693890048,"max":42129716,"mean":4690054.5,"median":4444380,"min":1464317.625,"var":6543327100930},"spectral_strongpeak":{"dmean":0.895487487316,"dmean2":1.45465219021,"dvar":1.51237154007,"dvar2":3.48381781578,"max":16.4328575134,"mean":1.9235188961,"median":1.45817756653,"min":0,"var":3.23639297485},"zerocrossingrate":{"dmean":0.00952560640872,"dmean2":0.011416326277,"dvar":0.000140210497193,"dvar2":0.000175569701241,"max":0.86376953125,"mean":0.0688941702247,"median":0.05908203125,"min":0.00732421875,"var":0.00259968172759}},"metadata":{"audio_properties":{"analysis_sample_rate":44100,"bit_rate":0,"codec":"flac","downmix":"mix","equal_loudness":0,"length":346.559997559,"lossless":true,"md5_encoded":"2059c3aa3b17bf95c42b36d4b28b7b13","replay_gain":-13.7773685455},"tags":{"acoustid_id":["25a17574-9172-404f-bd3e-9a1c819c0c2c"],"album":["Thin Lizzy: Greatest Hits"],"album artist":["Thin Lizzy"],"albumartist":["Thin Lizzy"],"albumartist_credit":["Thin Lizzy"],"albumartistsort":["Thin Lizzy"],"artist":["Thin Lizzy"],"artist_credit":["Thin Lizzy"],"artistsort":["Thin Lizzy"],"asin":["B000Q36488"],"barcode":["602498496275"],"bpm":["0"],"catalognumber":["9849627"],"compilation":["0"],"date":["2007-6-4"],"disc":["2"],"discc":["2"],"discnumber":["2"],"disctotal":["2"],"file_name":"02-01. Whiskey in the Jar.flac","genre":["Hard Rock"],"label":["Universal Music TV"],"language":["eng"],"media":["CD"],"musicbrainz_albumartistid":["6a726ac6-019e-455c-8bbb-571a77bed52e"],"musicbrainz_albumid":["c7f9c062-e5b6-361a-944a-69e46bb69c63"],"musicbrainz_albumstatus":["Official"],"musicbrainz_albumtype":["compilation"],"musicbrainz_artistid":["6a726ac6-019e-455c-8bbb-571a77bed52e"],"musicbrainz_discid":["AaGIIPzflxq9g1Dj2d.pGZMM1us-"],"musicbrainz_recordingid":["ad4535c3-1a7e-452b-95a1-db0f38fcc105"],"musicbrainz_releasegroupid":["58cf0780-971e-3d54-a82d-5b4412a94395"],"originaldate":["2004-6-7"],"publisher":["Universal Music TV"],"releasecountry":["GB"],"releasestatus":["official"],"releasetype":["album","compilation"],"replaygain_album_gain":["-9.27 dB"],"replaygain_album_peak":["1.000000"],"replaygain_reference_loudness":["89.0 dB"],"replaygain_track_gain":["-8.34 dB"],"replaygain_track_peak":["0.988861"],"script":["Latn"],"title":["Whiskey in the Jar"],"totaldiscs":["2"],"totaltracks":["17"],"track":["1"],"trackc":["17"],"tracknumber":["1"],"tracktotal":["17"],"yea