{"lowlevel":{"average_loudness":0.714213073254,"barkbands":{"dmean":[0.00265253894031,0.00823092460632,0.00343086058274,0.00189985206816,0.00205456907861,0.00105948664714,0.000941807928029,0.000571983924601,0.00078381045023,0.000609827868175,0.000503244926222,0.000536017934792,0.00039040329284,0.000232700374909,0.000140492949868,0.0000862020315253,0.0000644193205517,0.0000519325039932,0.0000435517104052,0.0000254424139712,0.0000182449748536,0.00000769791768107,0.00000337120991389,0.00000212269674194,0.00000196011592379,0.00000546434011994,0.0000540149922017],"dmean2":[0.00471661798656,0.014360816218,0.00590505870059,0.00323722767644,0.00332765933126,0.00171404518187,0.00145198462997,0.000929719011765,0.00122263573576,0.000982091529295,0.000799220404588,0.000853856152389,0.00063011480961,0.00038115735515,0.000231873520534,0.000144188146805,0.000107349107566,0.000085955747636,0.0000688361251378,0.000039703456423,0.0000280538952211,0.0000125318065329,0.00000582514940106,0.00000414448777519,0.00000390122204408,0.00000847377486934,0.0000780508344178],"dvar":[0.0000267996038019,0.00020437836065,0.0000402762525482,0.0000147070941239,0.0000140153279062,0.00000564655147173,0.000004545304364,0.00000202836213248,0.00000286639101432,0.00000223211418415,0.00000186987199413,0.00000171800968474,8.91782633516e-7,4.70327506719e-7,8.00650212796e-8,3.19443174135e-8,2.07866452939e-8,1.35277815616e-8,1.29460868692e-8,7.44240580275e-9,4.06746014647e-9,7.04253988459e-10,5.13574946459e-11,2.84702556669e-11,2.65112931608e-11,1.24382462663e-10,1.77765855369e-8],"dvar2":[0.0000744594071875,0.000584290712141,0.000110875160317,0.00004190911568,0.0000357204044121,0.0000142837870953,0.00000981412722467,0.00000508040966452,0.0000064524838308,0.00000570266138311,0.00000445802606919,0.0000042035972001,0.00000221054915528,0.00000116681735562,2.06267742442e-7,8.74681944651e-8,5.53212444743e-8,3.51253461872e-8,3.01498808142e-8,1.85276380904e-8,8.63664784134e-9,1.60513169423e-9,1.25196450429e-10,8.16121961678e-11,7.5823451684e-11,2.42218300972e-10,3.82228506624e-8],"max":[0.0915634408593,0.260681092739,0.101119965315,0.0856229439378,0.0713819265366,0.080007776618,0.0822763741016,0.0555447712541,0.0455213114619,0.0423438772559,0.0415578857064,0.0386832877994,0.0289061944932,0.043437205255,0.00927971303463,0.0040590330027,0.00316873309202,0.00303068337962,0.0057164602913,0.00543462205678,0.00393691379577,0.00104282796383,0.000335433636792,0.0000815293096821,0.0000782430215622,0.000723052769899,0.00675861025229],"mean":[0.00306036090478,0.013339754194,0.00449960120022,0.00284927897155,0.0035615216475,0.00180792436004,0.0019079502672,0.000955738243647,0.00154175364878,0.00106620811857,0.000850976095535,0.00101136625744,0.000724290905055,0.000435121357441,0.000287972157821,0.000177687266842,0.000123522462673,0.000106106876046,0.0000931059475988,0.0000525630930497,0.0000365134364984,0.000012541920114,0.00000479454092783,0.00000137467714012,0.00000103728029899,0.0000105275139504,0.000181920695468],"median":[0.00154812657274,0.00862211268395,0.00176445138641,0.000983834499493,0.00180925615132,0.000650603557006,0.000632123381365,0.000308764632791,0.000501016387716,0.000309105671477,0.000203136354685,0.000258531596046,0.000197543704417,0.000151950691361,0.000123651814647,0.0000814289378468,0.0000493860861752,0.0000360231133527,0.0000286736212729,0.0000207182201848,0.0000130953321786,0.00000462176376459,0.000001961990165,2.3127418558e-7,4.66530565291e-8,0.00000390186869481,0.0000884295950527],"min":[1.27515933784e-24,1.61841046707e-23,3.13918456654e-23,2.44536593872e-23,1.31650842882e-23,2.23032384436e-22,7.26972053525e-23,1.85669300324e-23,4.66121121935e-23,7.72398514089e-23,4.5515835349e-23,3.34763064778e-23,1.60539012851e-22,1.41165977413e-22,1.21738453776e-22,1.08038514694e-22,1.62484596278e-22,2.52917187072e-22,2.41996777302e-22,3.36836260657e-22,3.07380472135e-22,5.43216738016e-22,6.26104132998e-22,1.05794522225e-21,1.05510188987e-21,1.83771218945e-21,2.54183373196e-21],"var":[0.0000282550263364,0.00025652628392,0.0000542361958651,0.0000245111332333,0.0000286829781544,0.0000130759617605,0.0000141044874908,0.00000405175796914,0.00000825856204756,0.0000047836633712,0.00000427431405114,0.00000460055207441,0.00000228711201089,0.00000108446010927,2.14179678437e-7,7.24334370261e-8,4.06813889242e-8,3.20367057327e-8,3.17608233047e-8,1.445264175e-8,9.72016422907e-9,1.36609190626e-9,8.33440400028e-11,1.60523781767e-11,1.43058924082e-11,3.52199935882e-10,7.18714474601e-8]},"barkbands_crest":{"dmean":3.12189793587,"dmean2":5.36578989029,"dvar":7.04648685455,"dvar2":19.5590591431,"max":25.6598186493,"mean":12.0195646286,"median":11.3362722397,"min":2.9183306694,"var":21.8742370605},"barkbands_flatness_db":{"dmean":0.0368269458413,"dmean2":0.0639959871769,"dvar":0.00152947835159,"dvar2":0.00403762981296,"max":0.48516497016,"mean":0.203635975718,"median":0.187889546156,"min":0.0451666973531,"var":0.00507982121781},"barkbands_kurtosis":{"dmean":7.98374509811,"dmean2":13.1707839966,"dvar":289.765380859,"dvar2":787.761047363,"max":368.59085083,"mean":16.7148551941,"median":7.34246730804,"min":-1.86655247211,"var":724.058349609},"barkbands_skewness":{"dmean":0.716058433056,"dmean2":1.16353213787,"dvar":0.691856920719,"dvar2":1.78086161613,"max":17.1010112762,"mean":2.74251747131,"median":2.25204896927,"min":-1.87113189697,"var":3.48332881927},"barkbands_spread":{"dmean":3.45034480095,"dmean2":5.5729341507,"dvar":26.0678882599,"dvar2":55.1961135864,"max":124.101089478,"mean":13.0643835068,"median":11.502073288,"min":0.326199769974,"var":113.658683777},"dissonance":{"dmean":0.0248091276735,"dmean2":0.0421320013702,"dvar":0.000609174952842,"dvar2":0.00166686228476,"max":0.500000059605,"mean":0.453096091747,"median":0.463966012001,"min":0.206101804972,"var":0.00148912577424},"dynamic_complexity":5.64091539383,"erbbands":{"dmean":[0.381417661905,1.55825293064,3.28838181496,5.59060049057,6.06168365479,7.38010025024,8.99920082092,8.76780033112,12.800904274,13.0364999771,12.9477090836,15.948343277,18.4582176208,15.8077011108,21.2090187073,20.26811409,17.1252422333,12.3459711075,7.58404684067,6.78817176819,4.1997385025,3.395591259,2.77711677551,2.28761601448,1.93327438831,1.15332436562,0.887049019337,0.597035050392,0.303059518337,0.15295933187,0.0911313593388,0.0507058091462,0.0327446907759,0.021982870996,0.0139407711104,0.00887480285019,0.0108888428658,0.0118130892515,0.00700049148872,0.00108719291165],"dmean2":[0.673175811768,2.70496678352,5.64398574829,9.47560691833,10.091878891,12.0107955933,14.821890831,14.1760606766,19.7904663086,20.7688541412,20.4848995209,25.3903675079,29.0197658539,25.3080120087,33.5707130432,32.1516685486,27.4117965698,20.3532352448,12.3453197479,11.2203521729,6.98756361008,5.64575195312,4.57802200317,3.67222070694,3.02566766739,1.78623497486,1.3727889061,0.929358363152,0.492102265358,0.254919499159,0.158480599523,0.096130348742,0.06498041749,0.0438981093466,0.027652585879,0.0167102236301,0.0166596267372,0.0168717466295,0.00986702367663,0.00161492591724],"dvar":[0.461331158876,6.44783306122,32.8394317627,118.30254364,125.637069702,253.360351562,470.162078857,443.733734131,1096.93444824,929.983825684,1242.96643066,1352.61486816,1823.91650391,1334.60290527,3237.11694336,2489.125,1714.80090332,1453.15991211,244.263763428,187.803848267,88.7469177246,62.8840408325,40.3893241882,34.484462738,23.1341133118,16.5072402954,13.8107919693,3.80963873863,1.19602644444,0.158371180296,0.0346664562821,0.0140354344621,0.00734441634268,0.00338740926236,0.00132046663202,0.00043799370178,0.000398007716285,0.0016581696691,0.000665600295179,0.00000565602658753],"dvar2":[1.3582829237,17.980556488,89.9867477417,334.920410156,329.700134277,655.692443848,1255.12182617,1038.11584473,2265.64477539,2287.36352539,3044.84277344,3185.36083984,4400.09619141,3282.86279297,7877.76025391,6081.84521484,4237.18798828,3752.51757812,607.101135254,486.077972412,244.356567383,166.576446533,103.982093811,85.2149963379,52.5855522156,41.2720832825,32.7541351318,8.37938976288,2.73057985306,0.335679590702,0.0894603505731,0.0401043221354,0.0210227649659,0.00968527514488,0.00377603922971,0.0012264540419,0.000787791912444,0.0031392397359,0.00142643542495,0.0000132035220304],"max":[9.97958755493,51.242855072,87.1173171997,254.67175293,203.911270142,391.385467529,733.37286377,950.561157227,1446.90063477,975.575439453,1212.29956055,1394.82226562,1310.38952637,1216.18273926,1506.0045166,1178.2746582,1395.42663574,2378.35668945,600.457397461,380.518676758,247.299255371,184.502120972,185.423873901,251.559844971,191.048904419,245.875869751,261.599060059,85.4750900269,45.7252502441,20.2161502838,7.11189317703,1.77565634251,1.29424715042,0.879622995853,0.551627397537,0.3315525949,0.967054724693,1.9198704958,1.71940505505,0.0575029179454],"mean":[0.556152641773,2.35714030266,4.55047369003,8.98239898682,9.71359157562,11.8717184067,14.5532655716,15.2266321182,24.8247928619,26.2406806946,24.2559814453,30.6877746582,36.3791236877,30.7096195221,40.0970878601,40.5290184021,34.3477363586,24.7715454102,16.3722114563,14.6085062027,9.13922405243,7.09188747406,5.87368774414,4.91771507263,4.2501077652,2.43669128418,1.80352127552,1.10752677917,0.503719568253,0.246963456273,0.123961701989,0.0430685989559,0.018222944811,0.0112329954281,0.00781054422259,0.00821096822619,0.0213445015252,0.0275164972991,0.0186562482268,0.00405918480828],"median":[0.36381649971,1.40540623665,2.26606369019,3.32572746277,4.37793779373,5.05934906006,5.9365439415,5.43729305267,7.88857698441,9.26239013672,7.54369735718,10.0200510025,13.4674034119,11.0415821075,10.2638044357,11.3068780899,10.149143219,9.23041343689,6.89545536041,6.5562210083,4.28887796402,3.02471160889,2.09762907028,1.61575472355,1.42631328106,0.928844869137,0.66481846571,0.387377560139,0.182784736156,0.0977779254317,0.0481719002128,0.0121835935861,0.00154652423225,0.000211450038478,0.000673401867971,0.002549208235,0.00783887226135,0.0106959734112,0.00746010337025,0.00206455495209],"min":[2.92563872043e-22,4.39449434331e-21,2.90398039155e-20,7.72075132614e-20,5.36779116042e-20,3.74791916633e-20,3.0606683036e-19,2.31892123116e-18,1.93667590022e-18,4.13737208383e-19,5.23322225181e-19,1.39187096735e-18,2.09069506912e-18,1.99282967649e-18,1.58864213903e-18,1.81518953801e-18,5.79619310491e-18,9.0472879498e-18,6.35047525285e-18,5.01868965123e-18,7.78690292428e-18,8.16642579703e-18,1.43225479339e-17,9.4230413605e-18,1.45127117937e-17,1.7475700872e-17,1.34130099109e-17,1.36557940381e-17,1.6410644622e-17,2.11217161431e-17,1.83410012759e-17,1.94694873896e-17,1.86600795797e-17,1.28708294153e-17,7.68026941716e-18,7.15019801856e-18,3.25046349928e-18,1.1179670647e-18,4.18393821642e-19,3.48118249935e-20],"var":[0.501716852188,8.75014209747,43.0906677246,226.58303833,236.672164917,456.45135498,806.748352051,1112.62670898,3050.15283203,2634.74926758,2799.31713867,3364.87915039,4441.60058594,3196.43066406,8018.98046875,7057.54443359,4730.14746094,3550.34936523,710.841552734,515.200866699,191.352127075,126.762123108,96.8939590454,80.3109817505,62.6600418091,32.3622627258,26.5097389221,8.74085140228,2.27356290817,0.348556816578,0.0492048449814,0.00908754393458,0.00398587342352,0.00181772641372,0.000720093725249,0.00033452254138,0.00121185393073,0.00454388931394,0.00177688978147,0.0000273139248748]},"erbbands_crest":{"dmean":2.44069027901,"dmean2":3.97646260262,"dvar":5.0993771553,"dvar2":12.677989006,"max":31.3760051727,"mean":8.87774181366,"median":8.02918243408,"min":2.28738689423,"var":14.995177269},"erbbands_flatness_db":{"dmean":0.0303163081408,"dmean2":0.052912902087,"dvar":0.00102062744554,"dvar2":0.00252008973621,"max":0.378538310528,"mean":0.175848439336,"median":0.176663696766,"min":0.0261535719037,"var":0.00230852514505},"erbbands_kurtosis":{"dmean":0.879239678383,"dmean2":1.40876984596,"dvar":1.68606162071,"dvar2":3.71837258339,"max":88.2586593628,"mean":0.8277952075,"median":0.285137534142,"min":-1.69124341011,"var":5.45634651184},"erbbands_skewness":{"dmean":0.32842206955,"dmean2":0.520832002163,"dvar":0.0898023694754,"dvar2":0.214583709836,"max":7.09627771378,"mean":0.281550735235,"median":0.248348593712,"min":-3.11787438393,"var":0.519407868385},"erbbands_spread":{"dmean":5.81497955322,"dmean2":9.20904350281,"dvar":39.5200271606,"dvar2":89.7361526489,"max":111.891548157,"mean":27.7698364258,"median":24.9036922455,"min":1.59738135338,"var":190.841812134},"gfcc":{"cov":[[16891.59375,180.561935425,-2303.06958008,-546.578063965,555.963867188,-802.140258789,590.188537598,-903.781677246,216.746688843,-375.261138916,20.302740097,-153.522155762,-245.067428589],[180.561935425,1234.39086914,-117.830055237,-352.361419678,238.661209106,-200.780212402,160.302215576,-84.1775436401,71.5541610718,-30.5039920807,-2.45377397537,-40.1561584473,28.1245269775],[-2303.06958008,-117.830055237,700.318481445,224.416473389,-285.860076904,257.819580078,-190.740615845,252.233032227,-65.0976104736,71.0960083008,-31.0156059265,25.034116745,5.38629198074],[-546.578063965,-352.361419678,224.416473389,360.532226562,3.82266187668,4.73647785187,-4.80277395248,55.6251411438,-1.48857033253,17.1516780853,-5.42232942581,27.305393219,-35.2583808899],[555.963867188,238.661209106,-285.860076904,3.82266187668,355.727783203,-154.062011719,171.565368652,-137.871429443,57.851348877,-28.6749706268,21.7010650635,-3.87050175667,-4.46024513245],[-802.140258789,-200.780212402,257.819580078,4.73647785187,-154.062011719,355.043609619,-156.565887451,143.872299194,-80.3762588501,32.3705673218,2.3359568119,-14.0475082397,40.298828125],[590.188537598,160.302215576,-190.740615845,-4.80277395248,171.565368652,-156.565887451,273.162231445,-99.477722168,73.087097168,-27.2269096375,-24.2472076416,34.766834259,-59.4435005188],[-903.781677246,-84.1775436401,252.233032227,55.6251411438,-137.871429443,143.872299194,-99.477722168,225.442169189,3.47702050209,31.4836177826,3.25803613663,-26.0982646942,45.1585693359],[216.746688843,71.5541610718,-65.0976104736,-1.48857033253,57.851348877,-80.3762588501,73.087097168,3.47702050209,125.009254456,35.7430915833,-7.73199224472,10.7178030014,-25.2431583405],[-375.261138916,-30.5039920807,71.0960083008,17.1516780853,-28.6749706268,32.3705673218,-27.2269096375,31.4836177826,35.7430915833,90.5573730469,28.3470802307,4.20544433594,12.4271450043],[20.302740097,-2.45377397537,-31.0156059265,-5.42232942581,21.7010650635,2.3359568119,-24.2472076416,3.25803613663,-7.73199224472,28.3470802307,77.3372268677,17.7412548065,19.2617950439],[-153.522155762,-40.1561584473,25.034116745,27.305393219,-3.87050175667,-14.0475082397,34.766834259,-26.0982646942,10.7178030014,4.20544433594,17.7412548065,89.0584869385,-7.4640455246],[-245.067428589,28.1245269775,5.38629198074,-35.2583808899,-4.46024513245,40.298828125,-59.4435005188,45.1585693359,-25.2431583405,12.4271450043,19.2617950439,-7.4640455246,121.778045654]],"icov":[[0.000169534250745,-0.000373535178369,0.00112998252735,-0.00089309719624,0.000922274834011,-0.000493087572977,0.00000956111034611,0.00033282712684,-0.000378638098482,0.000394086382585,-0.000180845498107,0.000209144374821,0.000119800737593],[-0.000373535178369,0.00596630433574,-0.0109882773831,0.0106624448672,-0.00676650600508,0.00439545838162,-0.00261600362137,0.00290534296073,-0.00361768878065,0.00473215943202,-0.00514914980158,0.00514785386622,-0.00271605001763],[0.00112998252735,-0.0109882773831,0.0282807480544,-0.0221913270652,0.013735528104,-0.00857373513281,0.00644739391282,-0.0107053834945,0.0110504254699,-0.0135355107486,0.015207035467,-0.0136094428599,0.00802552979439],[-0.00089309719624,0.0106624448672,-0.0221913270652,0.0238877143711,-0.0149251697585,0.00945428479463,-0.00392611837015,0.00310040824115,-0.00420671747997,0.00661666085944,-0.00781054003164,0.00696518644691,-0.00298835802823],[0.000922274834011,-0.00676650600508,0.013735528104,-0.0149251697585,0.0173527281731,-0.0072510750033,-0.00173156650271,0.00421848613769,-0.00369132100604,0.00203852541745,-0.00248507084325,0.00150449457578,-0.00137247738894],[-0.000493087572977,0.00439545838162,-0.00857373513281,0.00945428479463,-0.0072510750033,0.00975095760077,0.000310486851959,-0.00336640654132,0.00408573448658,-0.0019300871063,0.000533092417754,0.000250996788964,-0.00000841060591483],[0.00000956111034611,-0.00261600362137,0.00644739391282,-0.00392611837015,-0.00173156650271,0.000310486851959,0.0105129033327,-0.00536799011752,0.00385690014809,-0.00557894911617,0.00937096215785,-0.00908264610916,0.00548748997971],[0.00033282712684,0.00290534296073,-0.0107053834945,0.00310040824115,0.00421848613769,-0.00336640654132,-0.00536799011752,0.0225831586868,-0.0186188817024,0.0165351033211,-0.0168948322535,0.0162760838866,-0.0102332020178],[-0.000378638098482,-0.00361768878065,0.0110504254699,-0.00420671747997,-0.00369132100604,0.00408573448658,0.00385690014809,-0.0186188817024,0.0309138447046,-0.0249211639166,0.0204079318792,-0.016316415742,0.0103897908702],[0.000394086382585,0.00473215943202,-0.0135355107486,0.00661666085944,0.00203852541745,-0.0019300871063,-0.00557894911617,0.0165351033211,-0.0249211639166,0.0357421301305,-0.0249020569026,0.016850175336,-0.00976864993572],[-0.000180845498107,-0.00514914980158,0.015207035467,-0.00781054003164,-0.00248507084325,0.000533092417754,0.00937096215785,-0.0168948322535,0.0204079318792,-0.0249020569026,0.0366641394794,-0.0210478249937,0.00814536586404],[0.000209144374821,0.00514785386622,-0.0136094428599,0.00696518644691,0.00150449457578,0.000250996788964,-0.00908264610916,0.0162760838866,-0.016316415742,0.016850175336,-0.0210478249937,0.0286554470658,-0.00866270530969],[0.000119800737593,-0.00271605001763,0.00802552979439,-0.00298835802823,-0.00137247738894,-0.00000841060591483,0.00548748997971,-0.0102332020178,0.0103897908702,-0.00976864993572,0.00814536586404,-0.00866270530969,0.0156169235706]],"mean":[-62.6452636719,140.682952881,-84.0253677368,-4.08767080307,-1.39762055874,-23.1773033142,13.5610151291,-16.7705574036,-1.71884334087,-1.45376515388,-11.5420274734,6.48113012314,-15.1569366455]},"hfc":{"dmean":4.67810487747,"dmean2":7.07487869263,"dvar":57.3554229736,"dvar2":129.992767334,"max":195.192382812,"mean":20.8145980835,"median":13.1658477783,"min":1.23491792116e-16,"var":480.416778564},"melbands":{"dmean":[0.00273621687666,0.00168900680728,0.000911661772989,0.000462117954157,0.000314495729981,0.000197196743102,0.000189590398804,0.000136082991958,0.00011420930241,0.000103153608507,0.0000965836734395,0.0000694501432008,0.0000719461095287,0.0000598608967266,0.0000559738764423,0.0000348116227542,0.0000225413477892,0.0000141820328281,0.0000109554293886,0.00000724794472262,0.00000515114015798,0.00000404000456911,0.00000323537119584,0.0000023735758532,0.00000197465692509,0.00000178539778517,0.00000115199873107,7.60940054079e-7,6.20854393674e-7,4.92250535444e-7,3.19821083394e-7,1.93066412635e-7,1.19421855516e-7,7.61381642178e-8,5.74204150894e-8,3.96844122008e-8,2.80773715389e-8,2.32967884983e-8,2.02884855582e-8,1.79247727772e-8],"dmean2":[0.00479803141207,0.00290104583837,0.00153285998385,0.000752143852878,0.000514149258379,0.000317663274473,0.000292157259537,0.000218412838876,0.000180371673196,0.000163435499417,0.000152025488205,0.000111520392238,0.000113709080324,0.0000951212787186,0.0000894295590115,0.0000564685942663,0.0000372777976736,0.0000233008740906,0.0000181895229616,0.000011969514162,0.0000086410145741,0.00000676062654748,0.00000537871983397,0.00000394827748096,0.00000320466824633,0.0000028745050713,0.000001844521762,0.00000120074264487,9.85396241049e-7,7.69090718222e-7,5.13444604167e-7,3.14945395985e-7,1.98205995616e-7,1.28361563156e-7,9.94595765746e-8,7.23636404132e-8,5.44553095949e-8,4.62582825378e-8,4.04903133244e-8,3.581717678e-8],"dvar":[0.0000239983855863,0.00000692167941452,0.00000282731366497,7.71443581016e-7,4.81505082917e-7,2.03925637265e-7,2.10522031807e-7,9.69700053588e-8,9.51211731604e-8,5.0865484269e-8,4.99378458585e-8,2.71775171257e-8,4.06022557797e-8,2.21935874123e-8,2.23499529994e-8,7.19055659459e-9,4.59638194172e-9,9.16120568295e-10,5.22959064941e-10,2.07445186029e-10,1.32814037546e-10,8.87769233127e-11,4.81565586019e-11,3.05088870833e-11,2.72859321943e-11,2.16018869459e-11,7.686873707e-12,8.8285255842e-12,8.87555653972e-12,2.28402366464e-12,1.129601729e-12,5.26345893953e-13,1.47305616056e-13,3.45396081799e-14,1.40683939379e-14,6.78350147457e-15,4.79174246262e-15,3.7229905946e-15,2.88637276447e-15,2.25503739251e-15],"dvar2":[0.0000694467817084,0.0000191031776922,0.00000796762287791,0.00000195128473024,0.00000127202429212,4.82924519929e-7,4.45903594937e-7,2.41368724119e-7,2.26833861916e-7,1.18553181494e-7,1.2136821681e-7,6.76222171592e-8,9.63052073644e-8,5.48299396996e-8,5.57143309265e-8,1.87238970994e-8,1.18764234003e-8,2.32626429231e-9,1.37449629456e-9,5.50363199459e-10,3.68791913674e-10,2.37991043539e-10,1.23965837595e-10,8.1566593757e-11,6.87503665109e-11,5.12321678137e-11,1.8402104493e-11,2.27669029462e-11,2.29047024403e-11,4.63304741793e-12,2.6071612317e-12,1.26894187432e-12,3.11005561582e-13,7.71405170102e-14,3.60806050564e-14,1.90214834714e-14,1.37256911837e-14,1.06563605731e-14,8.25447159626e-15,6.44660640178e-15],"max":[0.0772955417633,0.0358234345913,0.0376133434474,0.0187555011362,0.0217751320451,0.0186279565096,0.019124083221,0.00890018884093,0.0082642622292,0.00791734643281,0.00636257650331,0.00483242701739,0.00616387929767,0.00545711070299,0.00422259932384,0.00243866513483,0.00413328967988,0.000953107082751,0.000498715380672,0.000363512954209,0.000291029427899,0.000223773327889,0.00021706809639,0.000136323302286,0.000226355070481,0.000218208413571,0.000090373425337,0.000182482312084,0.00021670733986,0.0000707866201992,0.0000385056482628,0.0000289353956759,0.0000204078696697,0.0000116292803796,0.00000519943750987,0.00000123246059047,0.00000108659605758,9.27705229969e-7,8.01739929557e-7,7.19516037861e-7],"mean":[0.00443382328376,0.00265612080693,0.00156215182506,0.000760851893574,0.000527964788489,0.000343052408425,0.000379636447178,0.00026457326021,0.000207270961255,0.000198900059331,0.00018451109645,0.000126294631627,0.000128226762172,0.000114294532978,0.000100844234112,0.0000648687782814,0.0000425172402174,0.0000268057501671,0.0000219273188122,0.000014966879462,0.00000990257194644,0.00000748679849494,0.00000616557417743,0.00000458824388261,0.00000386940610042,0.00000354992607754,0.00000235113452618,0.00000143340650993,0.00000115261559586,9.39742847095e-7,5.35547201252e-7,2.9880587249e-7,1.87793617101e-7,1.15051683736e-7,7.79134836648e-8,4.23705799335e-8,1.94800264808e-8,1.2736540711e-8,1.04195940764e-8,9.03072905345e-9],"median":[0.00298383296467,0.00159223692026,0.000688216823619,0.000363179395208,0.000233266502619,0.000120033233543,0.000127601233544,0.0000934596537263,0.0000557428866159,0.0000670585141052,0.00006515190762,0.0000415793037973,0.0000315618381137,0.0000282735891233,0.0000258927320829,0.0000194372114493,0.0000152098300532,0.00000978130992735,0.00000915802229429,0.0000066288216658,0.00000420681590185,0.000003018773441,0.00000210255120692,0.00000158745035606,0.00000118649791148,0.0000010717440091,8.78789933267e-7,5.03827152443e-7,4.09994413531e-7,3.2315909948e-7,1.81461075499e-7,1.03462284073e-7,6.80551153209e-8,4.59572504496e-8,2.92610025099e-8,1.43278642284e-8,4.01379374182e-9,8.92458107415e-10,2.24427962325e-10,5.10738534798e-11],"min":[3.40192794389e-24,1.24687260016e-23,1.20636041171e-23,3.31112847597e-24,8.07946132645e-24,5.16071920671e-23,2.63154105666e-23,3.65822845756e-24,5.53482836575e-24,7.72036237607e-24,1.04204920485e-23,8.07407182875e-24,5.80436675427e-24,4.00604906359e-24,8.90964828792e-24,1.65813087583e-23,1.61109283554e-23,9.34398800258e-24,9.17604503789e-24,5.75583642582e-24,1.03192259741e-23,7.60761837549e-24,1.16981382704e-23,1.30780145547e-23,6.59151346475e-24,9.91825270917e-24,1.23125181317e-23,1.14346390065e-23,6.73732414789e-24,9.23976685523e-24,8.10815614188e-24,9.28843562878e-24,1.0314905383e-23,1.18832949689e-23,1.0136653584e-23,1.04333717805e-23,1.15802177645e-23,1.25962761325e-23,1.21280414313e-23,1.06045948289e-23],"var":[0.0000285586211248,0.0000100012202893,0.00000558898045711,0.00000150859796122,8.7564825435e-7,5.18192848631e-7,6.14406360455e-7,2.58837360434e-7,2.28195816021e-7,1.33363712962e-7,1.18626473977e-7,5.97766458554e-8,9.56608161573e-8,6.09175998534e-8,5.18741209987e-8,1.81496240259e-8,1.07688409301e-8,2.16433027056e-9,1.30454336222e-9,5.16765519265e-10,2.54018639456e-10,1.56880980429e-10,1.13759675291e-10,6.30987206929e-11,5.57178435334e-11,4.80802099523e-11,2.02665401822e-11,1.45563162218e-11,1.34085520465e-11,5.87753630488e-12,2.27282559093e-12,9.00627012204e-13,2.86783292426e-13,6.94182599316e-14,2.04325793752e-14,5.83870864322e-15,2.77438420917e-15,2.01739171124e-15,1.54970215178e-15,1.20885249392e-15]},"melbands_crest":{"dmean":4.28339242935,"dmean2":7.34635257721,"dvar":13.2215929031,"dvar2":37.2852630615,"max":38.2975654602,"mean":18.3879718781,"median":17.1733093262,"min":4.00074052811,"var":49.6875343323},"melbands_flatness_db":{"dmean":0.0490888878703,"dmean2":0.0862570181489,"dvar":0.00251141074114,"dvar2":0.00660381652415,"max":0.661552488804,"mean":0.340644270182,"median":0.324446022511,"min":0.0104427151382,"var":0.00731319887564},"melbands_kurtosis":{"dmean":10.6386880875,"dmean2":17.4657745361,"dvar":564.998535156,"dvar2":1452.9609375,"max":610.851013184,"mean":22.1018257141,"median":9.34271240234,"min":-1.72541904449,"var":1480.86962891},"melbands_skewness":{"dmean":0.842246294022,"dmean2":1.37908911705,"dvar":0.920711457729,"dvar2":2.34358382225,"max":20.2916641235,"mean":3.22577357292,"median":2.67074155807,"min":-0.816396653652,"var":4.77915906906},"melbands_spread":{"dmean":3.18918848038,"dmean2":5.26906728745,"dvar":20.1898231506,"dvar2":51.4930648804,"max":157.909988403,"mean":11.2795829773,"median":9.56032657623,"min":0.26845562458,"var":95.5629730225},"mfcc":{"cov":[[11682.2568359,1372.76843262,-2779.65649414,463.846221924,-864.237915039,585.444458008,-410.60055542,30.6536808014,-385.79473877,-49.5030708313,-194.351348877,-57.9976387024,-21.1987819672],[1372.76843262,1366.54553223,-423.760314941,-88.282409668,-50.7736587524,-10.395409584,16.763425827,-54.9687309265,17.1866340637,-12.3007974625,-11.2442293167,-8.72654438019,0.958571970463],[-2779.65649414,-423.760314941,1255.69189453,-175.338012695,214.467071533,-191.319656372,69.9778366089,39.1494636536,94.5663833618,43.2882080078,50.3449707031,32.3501548767,-16.4599075317],[463.846221924,-88.282409668,-175.338012695,429.3019104,-54.7643051147,54.7625389099,-30.1597270966,34.9728088379,-18.012594223,7.7641544342,20.2189865112,2.50085282326,9.41316509247],[-864.237915039,-50.7736587524,214.467071533,-54.7643051147,270.273132324,-61.2972412109,80.5672149658,-36.3206176758,44.8395652771,-4.90136909485,25.2111949921,4.31564617157,6.77198553085],[585.444458008,-10.395409584,-191.319656372,54.7625389099,-61.2972412109,202.024383545,-10.2837772369,30.5992851257,-45.4040374756,-0.127338573337,-18.5056362152,-1.26375389099,5.0928478241],[-410.60055542,16.763425827,69.9778366089,-30.1597270966,80.5672149658,-10.2837772369,143.082717896,3.07129192352,25.0643138885,-26.9529418945,3.78143620491,-6.92814970016,2.10342264175],[30.6536808014,-54.9687309265,39.1494636536,34.9728088379,-36.3206176758,30.5992851257,3.07129192352,124.528236389,2.25356316566,19.1247634888,-1.4963735342,-1.0019313097,-5.81124591827],[-385.79473877,17.1866340637,94.5663833618,-18.012594223,44.8395652771,-45.4040374756,25.0643138885,2.25356316566,119.836875916,35.7812271118,15.7526750565,-1.91080105305,-6.99465560913],[-49.5030708313,-12.3007974625,43.2882080078,7.7641544342,-4.90136909485,-0.127338573337,-26.9529418945,19.1247634888,35.7812271118,96.9819793701,24.9918880463,10.8025131226,-1.42257201672],[-194.351348877,-11.2442293167,50.3449707031,20.2189865112,25.2111949921,-18.5056362152,3.78143620491,-1.4963735342,15.7526750565,24.9918880463,78.5730895996,24.4624633789,4.4747095108],[-57.9976387024,-8.72654438019,32.3501548767,2.50085282326,4.31564617157,-1.26375389099,-6.92814970016,-1.0019313097,-1.91080105305,10.8025131226,24.4624633789,57.5880317688,19.6565723419],[-21.1987819672,0.958571970463,-16.4599075317,9.41316509247,6.77198553085,5.0928478241,2.10342264175,-5.81124591827,-6.99465560913,-1.42257201672,4.4747095108,19.6565723419,55.6120643616]],"icov":[[0.000244381983066,-0.00013148887956,0.000394539471017,-0.0000542576308362,0.000220468878979,-0.000146935679368,0.000292274286039,-0.00011058387463,0.000302002299577,-0.000100455996289,0.000223167153308,-0.000130502943648,0.000248965632636],[-0.00013148887956,0.000963491736911,0.000187805926544,0.000315166107612,0.0000027323028462,0.000357300916221,-0.000421830016421,0.000236959123868,-0.000423736084485,-0.0000119348078442,-0.000169417427969,-0.0000584683766647,-0.0000761305127526],[0.000394539471017,0.000187805926544,0.00199509761296,0.000378963100957,-0.000320200924762,0.000757633300964,0.000270660239039,-0.000928643275984,0.000243277885602,-0.000482436735183,0.000228277742281,-0.000950286455918,0.000871624739375],[-0.0000542576308362,0.000315166107612,0.000378963100957,0.00278171640821,0.0000687946885591,-0.000211237755138,0.000293036777293,-0.000745178200305,-0.000170907049323,0.000193047962966,-0.00124948879238,0.000329907576088,-0.000495410407893],[0.000220468878979,0.0000027323028462,-0.000320200924762,0.0000687946885591,0.00585138238966,0.000246519775828,-0.00238181697205,0.00171805056743,-0.000555015227292,-0.0000673648246448,-0.000856047612615,0.000267117895419,-0.000584981229622],[-0.000146935679368,0.000357300916221,0.000757633300964,-0.000211237755138,0.000246519775828,0.006916414015,-0.00109893316403,-0.00143188610673,0.0018378830282,-0.00123987684492,0.00106112391222,-0.000607717782259,-0.000244777620537],[0.000292274286039,-0.000421830016421,0.000270660239039,0.000293036777293,-0.00238181697205,-0.00109893316403,0.010208170861,-0.00166427332442,-0.00182118755765,0.00372538296506,-0.000753388914745,0.00115062703844,-0.000499991467223],[-0.00011058387463,0.000236959123868,-0.000928643275984,-0.000745178200305,0.00171805056743,-0.00143188610673,-0.00166427332442,0.00989549886435,-0.000238633831032,-0.00193391973153,0.000484193005832,0.000225960699026,0.000625633867458],[0.000302002299577,-0.000423736084485,0.000243277885602,-0.000170907049323,-0.000555015227292,0.0018378830282,-0.00182118755765,-0.000238633831032,0.0120176682249,-0.00501990085468,0.000126206956338,0.000830914301332,0.00124585279264],[-0.000100455996289,-0.0000119348078442,-0.000482436735183,0.000193047962966,-0.0000673648246448,-0.00123987684492,0.00372538296506,-0.00193391973153,-0.00501990085468,0.014816862531,-0.00397000275552,-0.000661869475152,-0.000133779089083],[0.000223167153308,-0.000169417427969,0.000228277742281,-0.00124948879238,-0.000856047612615,0.00106112391222,-0.000753388914745,0.000484193005832,0.000126206956338,-0.00397000275552,0.0173260662705,-0.00697126286104,0.00143747555558],[-0.000130502943648,-0.0000584683766647,-0.000950286455918,0.000329907576088,0.000267117895419,-0.000607717782259,0.00115062703844,0.000225960699026,0.000830914301332,-0.000661869475152,-0.00697126286104,0.023739233613,-0.00812496058643],[0.000248965632636,-0.0000761305127526,0.000871624739375,-0.000495410407893,-0.000584981229622,-0.000244777620537,-0.000499991467223,0.000625633867458,0.00124585279264,-0.000133779089083,0.00143747555558,-0.00812496058643,0.0215071514249]],"mean":[-724.418762207,197.696411133,-14.5526742935,38.2438468933,-2.00068187714,18.230047226,6.35474348068,9.82197189331,3.16508746147,6.4562330246,2.73390078545,2.75902557373,2.34269046783]},"pitch_salience":{"dmean":0.0889378860593,"dmean2":0.152548477054,"dvar":0.00607775058597,"dvar2":0.0167189594358,"max":0.824688136578,"mean":0.492141604424,"median":0.512008368969,"min":0.0513159111142,"var":0.0197881348431},"silence_rate_20dB":{"dmean":0,"dmean2":0,"dvar":0,"dvar2":0,"max":1,"mean":1,"median":1,"min":1,"var":0},"silence_rate_30dB":{"dmean":0.0353356897831,"dmean2":0.0706769302487,"dvar":0.0340888649225,"dvar2":0.0802949294448,"max":1,"mean":0.961055278778,"median":1,"min":0,"var":0.0374313704669},"silence_rate_60dB":{"dmean":0.00628190021962,"dmean2":0.0125647876412,"dvar":0.00624125823379,"dvar2":0.0155454957858,"max":1,"mean":0.0603800266981,"median":0,"min":0,"var":0.0567346997559},"spectral_centroid":{"dmean":135.581695557,"dmean2":210.768859863,"dvar":33269.5859375,"dvar2":59572.2382812,"max":10950.6660156,"mean":736.870117188,"median":649.035400391,"min":141.094955444,"var":204032.09375},"spectral_complexity":{"dmean":2.30011773109,"dmean2":3.70991039276,"dvar":5.96265935898,"dvar2":13.655962944,"max":51,"mean":15.1037216187,"median":15,"min":0,"var":95.0710983276},"spectral_contrast_coeffs":{"dmean":[0.0516089610755,0.0510503128171,0.0426032543182,0.032600838691,0.0229293387383,0.072293870151],"dmean2":[0.0873287245631,0.0861830338836,0.0725911557674,0.0559291094542,0.0391935966909,0.133095085621],"dvar":[0.00166346109472,0.00172484968789,0.00135540869087,0.000825014722068,0.000465605407953,0.00479576038197],"dvar2":[0.00456779496744,0.00472467578948,0.00363718881272,0.00225589936599,0.00126988138072,0.0116126080975],"max":[-0.381561756134,-0.442781567574,-0.459066510201,-0.557216346264,-0.626063585281,-0.466182649136],"mean":[-0.69476556778,-0.752508163452,-0.780947327614,-0.809760868549,-0.825819075108,-0.690949499607],"median":[-0.697775840759,-0.758837580681,-0.786353588104,-0.81329536438,-0.823881268501,-0.671570181847],"min":[-0.980048060417,-0.969032466412,-0.966279983521,-0.983351171017,-0.972058534622,-0.958742320538],"var":[0.00608031731099,0.00501455133781,0.00394048215821,0.00265943724662,0.00180472515058,0.00819234270602]},"spectral_contrast_valleys":{"dmean":[0.373804926872,0.424733757973,0.398354709148,0.365743100643,0.362298578024,1.30902683735],"dmean2":[0.638223946095,0.727387309074,0.685836434364,0.631430387497,0.615626275539,2.45742273331],"dvar":[0.101466462016,0.163985341787,0.183297544718,0.219093635678,0.260068148375,1.7107872963],"dvar2":[0.272025793791,0.43212172389,0.473519146442,0.567762672901,0.649846732616,4.07836389542],"max":[-4.87464857101,-4.49819421768,-4.87213039398,-5.66417789459,-6.04541158676,-8.85972118378],"mean":[-6.74545383453,-6.85554122925,-7.38134908676,-7.96754789352,-8.36283683777,-12.8834466934],"median":[-6.54918670654,-6.55597782135,-7.015376091,-7.52580118179,-8.02233314514,-13.0078048706],"min":[-27.6454124451,-27.0166625977,-27.2460536957,-27.2056350708,-27.1011867523,-27.2506637573],"var":[1.32835352421,1.88505780697,2.31444549561,2.39524531364,1.97712886333,1.93707823753]},"spectral_decrease":{"dmean":3.46316952893e-9,"dmean2":5.87965809373e-9,"dvar":2.62070736566e-17,"dvar2":7.32744578391e-17,"max":1.71267584363e-15,"mean":-9.81104353315e-9,"median":-7.59883000967e-9,"min":-7.68371393178e-8,"var":7.08624256427e-17},"spectral_energy":{"dmean":0.0133323380724,"dmean2":0.0225783064961,"dvar":0.000384813960409,"dvar2":0.00107370025944,"max":0.293251782656,"mean":0.0389171242714,"median":0.0302105452865,"min":1.09861492224e-20,"var":0.00110699248035},"spectral_energyband_high":{"dmean":0.0000842056688271,"dmean2":0.000123654914205,"dvar":6.19940365709e-8,"dvar2":1.30931823605e-7,"max":0.0155150974169,"mean":0.000231821992202,"median":0.000106477229565,"min":7.90780465074e-21,"var":1.86243369171e-7},"spectral_energyband_low":{"dmean":0.011378086172,"dmean2":0.019639832899,"dvar":0.000325879140291,"dvar2":0.000928424415179,"max":0.275084108114,"mean":0.0218890011311,"median":0.0152829438448,"min":6.71769334426e-23,"var":0.000492071674671},"spectral_energyband_middle_high":{"dmean":0.00146577344276,"dmean2":0.00224689021707,"dvar":0.00000797233678895,"dvar2":0.0000184765431186,"max":0.064304895699,"mean":0.00477455416694,"median":0.00221219891682,"min":1.5152813872e-21,"var":0.000045142853196},"spectral_energyband_middle_low":{"dmean":0.00438219122589,"dmean2":0.0070778937079,"dvar":0.0000463940523332,"dvar2":0.000121791308629,"max":0.122861899436,"mean":0.0128854354843,"median":0.00881960242987,"min":4.38553550876e-22,"var":0.000187165569514},"spectral_entropy":{"dmean":0.253608107567,"dmean2":0.439565479755,"dvar":0.09991235286,"dvar2":0.258403927088,"max":9.80804443359,"mean":7.10975885391,"median":7.19474220276,"min":4.70821475983,"var":0.238647013903},"spectral_flux":{"dmean":0.0275584198534,"dmean2":0.0444489233196,"dvar":0.000780163099989,"dvar2":0.00176873605233,"max":0.423170655966,"mean":0.0950214713812,"median":0.0881696790457,"min":1.04814830426e-10,"var":0.00312873907387},"spectral_kurtosis":{"dmean":6.3300113678,"dmean2":10.9680299759,"dvar":79.9230041504,"dvar2":208.816970825,"max":153.101821899,"mean":21.5666294098,"median":19.6030349731,"min":-1.24062132835,"var":144.696929932},"spectral_rms":{"dmean":0.000954302377068,"dmean2":0.0015961722238,"dvar":0.00000110461451186,"dvar2":0.00000303166643789,"max":0.0169144701213,"mean":0.00557222450152,"median":0.00542896892875,"min":3.27386533681e-12,"var":0.00000691807417752},"spectral_rolloff":{"dmean":187.980606079,"dmean2":327.095581055,"dvar":281882.5625,"dvar2":759489.875,"max":22050,"mean":657.930786133,"median":452.197265625,"min":21.533203125,"var":2046228.75},"spectral_skewness":{"dmean":0.411274284124,"dmean2":0.694891095161,"dvar":0.330079197884,"dvar2":0.863969147205,"max":9.56112003326,"mean":3.06142425537,"median":2.933344841,"min":0.0247348863631,"var":0.748314321041},"spectral_spread":{"dmean":621014.6875,"dmean2":1102480.125,"dvar":639703580672,"dvar2":1507414245380,"max":40954436,"mean":3102392.25,"median":2858455,"min":752588.125,"var":1504860831740},"spectral_strongpeak":{"dmean":0.318886101246,"dmean2":0.561028301716,"dvar":0.390041053295,"dvar2":1.05889594555,"max":11.7626838684,"mean":0.432337611914,"median":0.223124906421,"min":0,"var":0.509459018707},"zerocrossingrate":{"dmean":0.00952921062708,"dmean2":0.0123987160623,"dvar":0.000293429853627,"dvar2":0.000404087331844,"max":0.9287109375,"mean":0.0518369041383,"median":0.04833984375,"min":0.00146484375,"var":0.00146432057954}},"metadata":{"audio_properties":{"analysis_sample_rate":44100,"bit_rate":876397,"codec":"alac","downmix":"mix","equal_loudness":0,"length":295.693328857,"lossless":true,"md5_encoded":"126bcd9297416529e67d5d9226bbe7f5","replay_gain":-8.18277168274,"sample_rate":44100},"tags":{"album":["Abandon"],"albumartistsort":["Deep Purple"],"artist":["Deep Purple"],"artistsort":["Deep Purple"],"asin":["B000007N8O"],"catalognumber":["0607686250-2"],"composer":["Ian Paice","Roger Glover","Jon Lord","Steve Morse","Ian Gillan"],"composersort":["Paice, Ian","Glover, Roger","Lord, Jon","Morse, Steve","Gillan, Ian"],"date":["1998"],"file_name":"03 - Don't Make Me Happy.m4a","label":["CMC International Records"],"media":["CD"],"musicbrainz_albumartistid":["79491354-3d83-40e3-9d8e-7592d58d790a"],"musicbrainz_albumid":["42ef7085-28d8-4de1-9f06-00c8e1dc1680"],"musicbrainz_artistid":["79491354-3d83-40e3-9d8e-7592d58d790a"],"musicbrainz_recordingid":["ad7ab136-f98d-404b-83fb-c126d4043b82"],"musicbrainz_releasegroupid":["ca8b119f-376c-3e8c-840a-4a9e572dfa25"],"musicbrainz_workid":["640dd195-26f4-3e6f-813a-3db353fcba66"],"script":["Latn"],"title":["Don't Make Me Happy"],"tracknumber":["3/12"]},"version":{"essentia":"2.1-beta1","essentia_build_sha":"ca57ba49d9b1854bd80e60cf9ccf267278fb7d6b","essentia_git_sha":"v2.1_beta1-28-g21ef5f4-dirty","extractor":"music 1.0"}},"rhythm":{"beats_count":466,"beats_loudness":{"dmean":0.0197775643319,"dmean2":0.0346200466156,"dvar":0.000375642935978,"dvar2":0.00112657668069,"max":0.193794071674,"mean":0.0430829674006,"median":0.0364093407989,"min":1.68300822168e-8,"var":0.00112143927254},"beats_loudness_band_ratio":{"dmean":[0.180158048868,0.106847494841,0.0815270096064,0.0681675598025,0.0179686713964,0.0150298951194],"dmean2":[0.305514872074,0.181460171938,0.144005298615,0.116785898805,0.0314765311778,0.0270061101764],"dvar":[0.0219141356647,0.0115112438798,0.00801222957