{"lowlevel":{"average_loudness":0.707025408745,"barkbands":{"dmean":[0.00099856487941,0.00449598906562,0.00312937656417,0.00175076012965,0.00259625515901,0.00113421631977,0.000862190907355,0.000901843130123,0.000516456260812,0.000604195520282,0.000251605291851,0.00018364097923,0.000199198431801,0.000186914767255,0.000149672603584,0.0000623560335953,0.0000770246988395,0.0000609581620665,0.0000603949301876,0.0000519298773725,0.0000657908676658,0.0000654923715047,0.000051159724535,0.0000574890982534,0.000077802578744,0.000033438544051,0.0000563360481465],"dmean2":[0.00138179631904,0.00664430949837,0.00526741100475,0.00316419289447,0.0042551853694,0.00165899528656,0.00129747483879,0.0013576510828,0.000797271961346,0.000932197319344,0.000376011215849,0.000278864026768,0.000307484937366,0.000286615133518,0.000233278638916,0.000099843920907,0.000121305609355,0.0000947737062234,0.0000939443561947,0.0000804773590062,0.000100437515357,0.0000949672030401,0.0000761543851695,0.0000902355459402,0.000128755287733,0.0000541300760233,0.0000917247598409],"dvar":[0.00000872941564012,0.000126810147776,0.0000953266280703,0.0000457805981569,0.0000921977771213,0.000003670588967,0.00000238312668444,0.00000491890978083,0.00000152848065227,0.00000377756464331,3.0557117725e-7,3.42404433695e-7,1.21103681749e-7,2.20929905481e-7,1.45436345633e-7,2.02634780067e-8,3.34841097072e-8,9.78269270036e-8,2.55656136261e-8,2.85891008645e-8,5.62178712471e-8,3.35758372216e-8,3.45636514965e-8,5.18517495607e-8,6.73265745377e-8,6.13137718375e-9,3.66860710699e-8],"dvar2":[0.0000164248249348,0.000247726566158,0.000244576454861,0.000130882835947,0.000220096160774,0.00000770574933995,0.0000057550191741,0.0000105681265268,0.00000345142507285,0.00000894348067959,7.15300700449e-7,5.93398738147e-7,2.7720366802e-7,4.41172204546e-7,2.84135069251e-7,4.63035583209e-8,7.63957359595e-8,1.95516932422e-7,6.09314412259e-8,6.07800885177e-8,1.1795198418e-7,5.64923610114e-8,7.40798924426e-8,1.23105579064e-7,1.75482384179e-7,1.52330006387e-8,8.30798185802e-8],"max":[0.0502688735723,0.205129101872,0.115206822753,0.107497245073,0.152285188437,0.0446680858731,0.0369552150369,0.0678498595953,0.026949653402,0.0513556301594,0.0104211652651,0.0240266416222,0.00700846826658,0.0135779604316,0.0152022177354,0.00329698622227,0.00323141156696,0.0140870856121,0.00471471110359,0.00593840237707,0.00638625631109,0.00442082434893,0.00430975714698,0.00437460560352,0.00403531175107,0.00141291227192,0.00508374907076],"mean":[0.00145690818317,0.00760387536138,0.00383378518745,0.00210964400321,0.00378120248206,0.00359398452565,0.00214091758244,0.00184494827408,0.000907626468688,0.00117357634008,0.0003759234678,0.000292206677841,0.000277707818896,0.000241739311605,0.000192858846276,0.0000804751180112,0.000101167614048,0.0000819119959488,0.0000879873332451,0.0000737892260076,0.0000973754285951,0.0000998538380372,0.000076504657045,0.0000778420435381,0.0000742212796467,0.0000539410975762,0.000175849956577],"median":[0.000210688944208,0.00280536687933,0.00171095505357,0.000990680418909,0.00173926155549,0.00119098857976,0.000577576400246,0.000214519081055,0.000269351789029,0.00020234749536,0.000104612321593,0.0000931572431,0.000108219741378,0.0000763119605836,0.0000618657795712,0.0000343194333254,0.0000386242645618,0.000026082398108,0.0000274598969554,0.0000200463364308,0.0000180727693078,0.000011319785699,0.00000702262059349,0.00000313416308018,0.00000263734818873,9.68373569776e-7,2.1874251388e-7],"min":[1.41211276962e-23,7.36970076638e-23,9.4139938859e-24,1.63633449124e-23,4.93650284934e-23,1.3381395786e-22,1.6699587407e-23,5.72647257745e-23,5.56285462156e-23,2.86086213295e-23,7.92269541638e-23,4.74413848652e-23,2.37762828295e-22,4.14753529013e-23,9.50663408184e-23,1.56109413717e-22,1.39721453189e-22,2.34880040246e-22,3.58344445952e-22,3.84554393705e-22,4.58190861027e-22,6.79842145655e-22,6.17626490974e-22,1.05073031304e-21,1.05123861714e-21,1.83276667528e-21,2.55563892402e-21],"var":[0.000017355712771,0.000280737207504,0.0000792458085925,0.0000287862785626,0.0000847087139846,0.0000294727342407,0.0000127615230667,0.0000154946519615,0.0000033066432934,0.00000929113502934,5.287198519e-7,6.69016799293e-7,2.30828277381e-7,3.49613571871e-7,2.39302977434e-7,2.68568847162e-8,4.53371917786e-8,1.43118327856e-7,4.04877482652e-8,4.23624655355e-8,9.1762331067e-8,6.76673295175e-8,5.96790101781e-8,7.21537034565e-8,5.95217102273e-8,1.24089254427e-8,2.55199978483e-7]},"barkbands_crest":{"dmean":2.68033766747,"dmean2":4.28286838531,"dvar":9.23791408539,"dvar2":21.6160087585,"max":26.9547939301,"mean":11.4317531586,"median":10.2147893906,"min":2.83588933945,"var":23.7675952911},"barkbands_flatness_db":{"dmean":0.0400017015636,"dmean2":0.0567861013114,"dvar":0.00248154136352,"dvar2":0.00497101992369,"max":0.735739529133,"mean":0.225813508034,"median":0.190184444189,"min":0.0282866321504,"var":0.0173861011863},"barkbands_kurtosis":{"dmean":70.7182540894,"dmean2":119.241348267,"dvar":762461.125,"dvar2":1949457.375,"max":21360.7441406,"mean":53.6649169922,"median":4.65023517609,"min":-1.75577580929,"var":565927.75},"barkbands_skewness":{"dmean":1.17066931725,"dmean2":1.75019073486,"dvar":32.3648643494,"dvar2":68.9191589355,"max":127.443778992,"mean":2.43581724167,"median":1.85914862156,"min":-3.03320121765,"var":36.0932922363},"barkbands_spread":{"dmean":4.57807922363,"dmean2":6.96073293686,"dvar":34.633605957,"dvar2":76.7962875366,"max":98.7994537354,"mean":14.181350708,"median":10.7055625916,"min":0.0111079374328,"var":149.460449219},"dissonance":{"dmean":0.0373096205294,"dmean2":0.0614400841296,"dvar":0.00195533083752,"dvar2":0.00490855704993,"max":0.500000178814,"mean":0.418479025364,"median":0.442003965378,"min":0.0357901267707,"var":0.00588537938893},"dynamic_complexity":3.89432477951,"erbbands":{"dmean":[0.202796027064,0.910487890244,2.85855412483,5.14860773087,5.62842416763,10.9289598465,7.7602763176,10.5802669525,12.8654823303,17.8147335052,15.0202579498,13.8741903305,18.727771759,11.0676813126,9.66885948181,9.34778022766,9.3941116333,9.75333023071,8.36005401611,5.61921787262,3.86127305031,3.52101111412,3.37560558319,2.7248609066,3.07435083389,2.70062613487,2.88377141953,2.15736913681,2.42785930634,1.92513918877,1.44602310658,1.06499838829,1.02329671383,0.556324601173,0.703413128853,0.200529232621,0.0605603866279,0.0281927641481,0.00841323006898,0.000977111398242],"dmean2":[0.298399716616,1.32551181316,4.62360239029,8.84362602234,9.9126663208,17.8073673248,12.1873807907,15.6063928604,18.9649887085,26.1127681732,22.5783824921,21.1897468567,28.8277893066,17.2492637634,14.3613443375,14.0345869064,14.3914070129,14.9838018417,12.7803554535,8.91910934448,6.1529135704,5.52091932297,5.24743318558,4.20972490311,4.73039007187,4.18023729324,4.4770860672,3.24578595161,3.57597327232,2.78936457634,2.16941738129,1.59644639492,1.68037831783,0.895342290401,1.18373036385,0.330883383751,0.0979782417417,0.0460568442941,0.0135486554354,0.00156843359582],"dvar":[0.28797313571,6.0480594635,76.6098709106,309.928894043,366.821594238,2411.63549805,532.16796875,328.624267578,523.559875488,1457.74975586,2543.72143555,1099.25427246,3333.28613281,2406.63696289,427.954345703,855.353149414,270.32925415,616.651733398,551.625,113.536552429,68.8532791138,66.32421875,257.4737854,56.6890563965,64.0168914795,80.0203933716,148.843521118,44.8507461548,53.3022766113,40.5074195862,22.4231147766,14.8926582336,20.656665802,5.50214767456,5.21310472488,0.310892015696,0.017618432641,0.00552219990641,0.000888675742317,0.0000119195319712],"dvar2":[0.593813657761,11.8584060669,183.86428833,838.09362793,1043.85241699,5724.29052734,1227.7520752,711.146484375,1189.74743652,3431.546875,5433.97070312,2529.08227539,7573.87255859,5916.81396484,971.876586914,1465.12390137,615.734558105,1258.37719727,984.880310059,262.520446777,164.980987549,145.691940308,519.307617188,124.140220642,145.009277344,167.937286377,323.870544434,95.0676498413,94.623008728,77.6250762939,47.2835197449,30.4256744385,52.6518249512,14.094493866,13.6848621368,0.802994072437,0.0429081656039,0.013685814105,0.00207748403773,0.0000270163691312],"max":[10.7759485245,37.763004303,117.158630371,276.324829102,285.209564209,806.861633301,431.683624268,466.501922607,612.363769531,933.418029785,1887.20007324,763.783691406,2020.2911377,1747.66320801,441.265167236,1229.56677246,330.445404053,731.394165039,946.227111816,202.035934448,168.127883911,160.744827271,710.195068359,221.729537964,230.746932983,331.104766846,383.143005371,119.335266113,204.80329895,141.292251587,101.992378235,71.337310791,94.6666259766,53.8887863159,31.1086387634,7.84330272675,2.51904153824,1.9769564867,0.782619476318,0.0914670079947],"mean":[0.30179938674,1.40370213985,3.80568861961,6.64839267731,8.3947763443,14.5145368576,14.926692009,32.8099250793,35.560256958,43.0957756042,28.4407424927,25.4999771118,39.6908149719,17.3706264496,15.7610645294,15.2177505493,13.6573667526,13.0764093399,11.2673940659,7.26328039169,5.1298251152,4.7971200943,4.63709545135,3.91870522499,4.61338615417,4.06149435043,4.27796411514,3.03432917595,3.52833938599,3.01073503494,2.17682170868,1.58139884472,1.24074089527,0.647670805454,0.623324394226,0.217942118645,0.101016916335,0.0637310370803,0.0236996505409,0.00284886406735],"median":[0.0821954384446,0.604049921036,1.74367344379,3.69111132622,5.44982624054,4.11322498322,6.95793533325,10.0780200958,10.3727169037,7.07694625854,6.05463123322,7.82893180847,6.11276674271,5.81039857864,4.83690929413,5.68112230301,6.06407928467,4.53267192841,4.23916435242,3.10241937637,2.24448633194,2.09502410889,1.60694956779,1.49210619926,1.2939183712,1.04010379314,0.864081084728,0.592426478863,0.455500036478,0.294498920441,0.189776524901,0.0842813402414,0.0430594980717,0.0214151926339,0.0157365519553,0.00687894318253,0.00151932844892,0.000389926310163,0.0000418086710852,0.0000421843906224],"min":[2.44140196947e-21,1.58427673212e-20,1.58063665275e-20,3.27816491204e-20,5.61948251065e-20,1.89055683291e-19,5.09138817712e-19,1.450158973e-18,3.16557134889e-19,6.88654588224e-19,1.04502441713e-18,1.57484776494e-18,9.06326907923e-19,1.68682527241e-18,3.3963413498e-18,2.96819638706e-18,1.08110231314e-17,2.77852490657e-18,3.50034380219e-18,6.63358319418e-18,8.09106798887e-18,8.5284124408e-18,1.53538899566e-17,1.40178245224e-17,1.9052235982e-17,1.86744063479e-17,1.90543055879e-17,1.91148022691e-17,2.41984822603e-17,2.18699572555e-17,1.58945765639e-17,1.74852663886e-17,1.89666492584e-17,1.03343925635e-17,8.76182792041e-18,6.69091797756e-18,2.83041849589e-18,1.39512768082e-18,3.76590155585e-19,3.75760945796e-20],"var":[0.542228460312,10.4833889008,75.3853988647,227.482574463,254.26473999,2163.87255859,662.477111816,2770.08935547,3350.10229492,6318.53955078,5887.53173828,2455.60400391,10209.0732422,4112.59375,850.481506348,1678.17944336,526.32611084,981.614929199,989.83770752,151.139831543,88.9404754639,92.5913009644,374.102111816,83.4538192749,118.513153076,126.070304871,235.010879517,62.0325622559,96.8620071411,77.3600616455,41.8210220337,26.303276062,22.8825416565,5.7175116539,4.24278497696,0.312500745058,0.0422708541155,0.0246520526707,0.00476889731362,0.0000714737689123]},"erbbands_crest":{"dmean":2.98468017578,"dmean2":4.67233610153,"dvar":10.0919065475,"dvar2":23.5262565613,"max":34.3382797241,"mean":11.9316530228,"median":10.7733383179,"min":2.211145401,"var":35.2831993103},"erbbands_flatness_db":{"dmean":0.0316265970469,"dmean2":0.0436116196215,"dvar":0.00148831063416,"dvar2":0.00275829993188,"max":0.661161541939,"mean":0.21245701611,"median":0.179436534643,"min":0.0255985148251,"var":0.0138454474509},"erbbands_kurtosis":{"dmean":2.09436702728,"dmean2":3.36673569679,"dvar":20.2988796234,"dvar2":50.6040840149,"max":116.434959412,"mean":2.37330746651,"median":0.867002487183,"min":-1.8334325552,"var":32.5039253235},"erbbands_skewness":{"dmean":0.485694617033,"dmean2":0.740111768246,"dvar":0.318170517683,"dvar2":0.754844486713,"max":9.26437282562,"mean":0.991071999073,"median":0.924182653427,"min":-3.76052260399,"var":0.875259816647},"erbbands_spread":{"dmean":8.65324497223,"dmean2":12.7952718735,"dvar":148.260635376,"dvar2":311.084320068,"max":191.474731445,"mean":29.9913444519,"median":25.57929039,"min":0.235367998481,"var":445.880493164},"gfcc":{"cov":[[29672.15625,-4712.75488281,1985.67321777,2640.20507812,-120.865447998,1503.90734863,-30.8553638458,950.341552734,-468.688720703,103.558372498,-828.215698242,60.5788154602,-974.500610352],[-4712.75488281,4955.01513672,-455.516479492,-190.418991089,450.293518066,-496.470062256,-19.0112876892,-621.824768066,167.67350769,-430.771972656,478.558776855,-320.276947021,421.679168701],[1985.67321777,-455.516479492,3354.86938477,604.75579834,569.487731934,619.735534668,250.281082153,493.830444336,-99.1381912231,-112.474472046,-386.245361328,19.9370517731,-236.01512146],[2640.20507812,-190.418991089,604.75579834,1664.90673828,227.066513062,677.331542969,189.803344727,288.816741943,-92.0126037598,-173.964233398,-211.165283203,-135.046646118,-113.580154419],[-120.865447998,450.293518066,569.487731934,227.066513062,500.283355713,119.779052734,163.618545532,24.695608139,13.6644458771,-103.038764954,-18.473154068,-48.4635009766,-14.2205991745],[1503.90734863,-496.470062256,619.735534668,677.331542969,119.779052734,548.306213379,116.388458252,271.8878479,-48.6922454834,-64.174156189,-189.231430054,-26.7736873627,-100.275054932],[-30.8553638458,-19.0112876892,250.281082153,189.803344727,163.618545532,116.388458252,235.983062744,120.807029724,30.631477356,-47.2136802673,-62.5790023804,-40.4703865051,-15.1049633026],[950.341552734,-621.824768066,493.830444336,288.816741943,24.695608139,271.8878479,120.807029724,343.228485107,16.8331680298,25.1809368134,-166.181594849,-3.11398530006,-115.826705933],[-468.688720703,167.67350769,-99.1381912231,-92.0126037598,13.6644458771,-48.6922454834,30.631477356,16.8331680298,162.149124146,41.5671920776,79.5072937012,-37.8159103394,-16.0298213959],[103.558372498,-430.771972656,-112.474472046,-173.964233398,-103.038764954,-64.174156189,-47.2136802673,25.1809368134,41.5671920776,178.65083313,41.3079185486,44.0595817566,-58.9688491821],[-828.215698242,478.558776855,-386.245361328,-211.165283203,-18.473154068,-189.231430054,-62.5790023804,-166.181594849,79.5072937012,41.3079185486,252.842163086,9.75223255157,45.9839363098],[60.5788154602,-320.276947021,19.9370517731,-135.046646118,-48.4635009766,-26.7736873627,-40.4703865051,-3.11398530006,-37.8159103394,44.0595817566,9.75223255157,134.91229248,20.1381282806],[-974.500610352,421.679168701,-236.01512146,-113.580154419,-14.2205991745,-100.275054932,-15.1049633026,-115.826705933,-16.0298213959,-58.9688491821,45.9839363098,20.1381282806,168.395477295]],"icov":[[0.0000528053642483,0.0000276166174444,-0.00000297761584989,-0.0000680379089317,0.0000147318469317,-0.00000145876845181,0.0000625405737082,0.0000281401771645,0.0000528666350874,0.0000581503045396,0.0000260510787484,-0.0000425475955126,0.000235075553064],[0.0000276166174444,0.000665928411763,-0.000128140643938,-0.0000483985277242,-0.000339436548529,0.000308981630951,0.000416955881519,0.000120892647828,-0.000247510412009,0.00108725146856,-0.000991961103864,0.00140029075556,-0.000983504229225],[-0.00000297761584989,-0.000128140643938,0.000591431802604,0.000119574448036,-0.000580278341658,-0.000287192495307,0.000125273349113,-0.000512850529049,0.000209322344745,0.0000290577700071,0.000513579172548,-0.000589573406614,0.000612049829215],[-0.0000680379089317,-0.0000483985277242,0.000119574448036,0.00156618223991,-0.000144283869304,-0.00173525267746,-0.000297566672089,-0.000227659009397,0.000788056349847,0.000421713048127,-0.000524444971234,0.00110255496111,-0.0000432959313912],[0.0000147318469317,-0.000339436548529,-0.000580278341658,-0.000144283869304,0.00400304002687,-0.000437150680227,-0.0025862173643,0.0015913391253,-0.000317719270242,0.000624124193564,-0.000152147797053,-0.000732246553525,0.00128237262834],[-0.00000145876845181,0.000308981630951,-0.000287192495307,-0.00173525267746,-0.000437150680227,0.00598095357418,0.000635802105535,-0.00243073608726,-0.0000878726641531,0.00124448875431,0.000376862648409,-0.000240399342147,-0.0000921175815165],[0.0000625405737082,0.000416955881519,0.000125273349113,-0.000297566672089,-0.0025862173643,0.000635802105535,0.00808499660343,-0.00312607851811,-0.0013009281829,0.00134723668452,0.0000507796939928,0.00166153826285,-0.00183670769911],[0.0000281401771645,0.000120892647828,-0.000512850529049,-0.000227659009397,0.0015913391253,-0.00243073608726,-0.00312607851811,0.00982755050063,-0.00345569406636,-0.00122523808386,0.0037571452558,-0.00172401126474,0.00257615442388],[0.0000528666350874,-0.000247510412009,0.000209322344745,0.000788056349847,-0.000317719270242,-0.0000878726641531,-0.0013009281829,-0.00345569406636,0.0114428726956,-0.00228220107965,-0.00447735749185,0.00378591241315,0.000237841319176],[0.0000581503045396,0.00108725146856,0.0000290577700071,0.000421713048127,0.000624124193564,0.00124448875431,0.00134723668452,-0.00122523808386,-0.00228220107965,0.0124009298161,-0.00278180744499,-0.00112092809286,0.00302995624952],[0.0000260510787484,-0.000991961103864,0.000513579172548,-0.000524444971234,-0.000152147797053,0.000376862648409,0.0000507796939928,0.0037571452558,-0.00447735749185,-0.00278180744499,0.0106815136969,-0.00426158634946,0.00199366523884],[-0.0000425475955126,0.00140029075556,-0.000589573406614,0.00110255496111,-0.000732246553525,-0.000240399342147,0.00166153826285,-0.00172401126474,0.00378591241315,-0.00112092809286,-0.00426158634946,0.0146805457771,-0.00570116657764],[0.000235075553064,-0.000983504229225,0.000612049829215,-0.0000432959313912,0.00128237262834,-0.0000921175815165,-0.00183670769911,0.00257615442388,0.000237841319176,0.00302995624952,0.00199366523884,-0.00570116657764,0.0134718753397]],"mean":[-83.5975189209,124.28175354,-100.024032593,4.77264118195,-50.2148551941,-2.50779676437,-23.8083686829,-4.66026973724,-11.977347374,1.30041742325,-7.11252689362,-2.61411428452,-4.00796461105]},"hfc":{"dmean":6.73532581329,"dmean2":10.0114622116,"dvar":160.783126831,"dvar2":340.275268555,"max":240.144622803,"mean":18.0120792389,"median":9.53784179688,"min":1.17600545619e-16,"var":543.271484375},"melbands":{"dmean":[0.00144476129208,0.00125655194279,0.000854731304571,0.000553323654458,0.000357913959306,0.000235275554587,0.00018564563652,0.000198149617063,0.000118055264466,0.0000803494549473,0.000092930822575,0.000045539742132,0.0000351552989741,0.0000232382280956,0.0000220654601435,0.0000174180004251,0.0000196148212126,0.00001386886197,0.00000802679824119,0.00000615362932876,0.00000482203222418,0.00000408008236263,0.00000294980372928,0.00000361120328307,0.00000196659675566,0.00000278458901448,0.00000184305463335,0.00000178617005986,0.00000211481778933,0.00000123803465613,0.00000140403415116,0.00000143318561641,0.00000133669243496,0.00000102610317754,9.37731329032e-7,6.8999230507e-7,6.35249705283e-7,7.98311418748e-7,5.84073518439e-7,4.33096289498e-7],"dmean2":[0.00211858819239,0.00190793955699,0.00145309313666,0.000928458000999,0.000561190012377,0.000343122199411,0.000270836811978,0.000291456584819,0.000177830501343,0.000123710735352,0.000143708341056,0.000071732843935,0.0000524878669239,0.0000353737668775,0.0000335788754455,0.0000268987569143,0.0000301982108795,0.0000211427450267,0.0000125759461298,0.00000981346147455,0.00000780726622907,0.00000648291279504,0.00000467439394924,0.00000554215557713,0.00000308894345835,0.0000043284289859,0.00000286474983113,0.00000278313041235,0.00000331209139404,0.0000018839986069,0.00000213844168684,0.0000021493483473,0.00000198788939088,0.00000151308529439,0.00000144282284964,0.0000010079841104,9.57282395575e-7,0.00000131976685225,9.54947950049e-7,6.9669857794e-7],"dvar":[0.0000128828951347,0.0000120096729006,0.00000831169563753,0.0000038753055378,0.00000173440867002,1.61893566997e-7,1.01233830208e-7,1.72628574546e-7,1.5159271527e-7,3.63394825342e-8,8.25707431318e-8,4.72737582413e-8,5.99379967881e-9,4.70398253682e-9,1.86625359611e-9,1.02360553367e-9,2.82232925919e-9,1.45696765763e-9,2.86006579531e-10,1.65207722502e-10,1.29965579965e-10,1.00493904864e-10,5.49886247647e-11,6.09598371781e-10,2.57305357576e-11,7.46553513453e-11,3.78368274212e-11,3.26824782515e-11,1.09533500325e-10,1.34708216804e-11,2.16733766351e-11,1.69625181956e-11,1.94580289381e-11,1.67167425735e-11,8.5397973415e-12,5.52901517972e-12,5.39438936228e-12,1.31464873709e-11,6.75942288253e-12,3.34648953514e-12],"dvar2":[0.0000259199241555,0.0000261473269347,0.0000220474739763,0.00000964946502791,0.00000395307915824,3.34297823201e-7,2.25690570232e-7,3.99751826308e-7,3.29313280645e-7,8.35040268043e-8,1.88255256717e-7,1.16757554736e-7,1.39834819279e-8,8.40068192787e-9,3.69170116699e-9,2.36324315672e-9,5.72473179972e-9,2.55992271825e-9,5.82285886175e-10,3.73947317556e-10,3.18291504264e-10,2.27534588393e-10,1.20883247856e-10,1.20626608702e-9,6.14015019385e-11,1.81791304232e-10,8.35956165401e-11,6.91527737851e-11,2.23261395482e-10,2.88744566451e-11,4.77403186427e-11,3.10895684197e-11,3.33615600423e-11,3.58822901947e-11,1.81802958105e-11,1.11663352176e-11,1.10891851257e-11,3.25829536962e-11,1.74268360159e-11,8.69959659866e-12],"max":[0.071948453784,0.0458876155317,0.0424020662904,0.0271869450808,0.0243120267987,0.00981355831027,0.0081225913018,0.00914795976132,0.0143124489114,0.00409877439961,0.0100227566436,0.00775214424357,0.00155067734886,0.00269242143258,0.00133594265208,0.00046316490625,0.00167661032174,0.00142903428059,0.000554278725758,0.00031389130163,0.00016832142137,0.000221665482968,0.000185187978786,0.00114990293514,0.000112164249003,0.000318172329571,0.000223685739911,0.000182036645128,0.000365302083082,0.000120649143355,0.0000844397218316,0.0000946579384618,0.000126352431835,0.0000915241471375,0.0000618784470134,0.0000471735293104,0.0000467972786282,0.0000737919399398,0.0000570079464524,0.0000445354853582],"mean":[0.00243006460369,0.00198329309933,0.00121389562264,0.000799658359028,0.000608875066973,0.000755840213969,0.000519290042575,0.00046817943803,0.000213231527596,0.000147947488585,0.000193452360691,0.0000671215311741,0.0000531035766471,0.000039160502638,0.0000335831173288,0.0000241245306825,0.0000253069501923,0.000018373653802,0.0000105168774098,0.00000792431364971,0.000006036043942,0.00000533436150363,0.00000397536587116,0.00000468853522761,0.00000270953364634,0.00000382555526812,0.00000259634998656,0.00000258194540947,0.00000302414173348,0.0000017506858967,0.00000187416685549,0.00000196732821678,0.00000198686029762,0.00000152506822815,0.00000136658093197,9.95861000774e-7,9.13847316042e-7,9.49615809986e-7,6.72163480431e-7,4.86325689053e-7],"median":[0.000802161637694,0.000958418706432,0.000738877337426,0.000417763541918,0.000245269504376,0.000228040444199,0.000152576831169,0.0000652923772577,0.0000506145152031,0.0000437525268353,0.0000274520280072,0.0000202780247491,0.0000145112098835,0.0000117982181109,0.0000146255151776,0.00000949204877543,0.00000710628319212,0.00000712094924893,0.00000422453013016,0.00000316302225656,0.00000220135643758,0.0000021256475975,0.00000150277423927,0.00000119701326184,0.00000103674142338,8.85109329829e-7,7.44816816223e-7,6.27313625046e-7,5.08344953687e-7,3.55499594207e-7,2.98274358101e-7,2.46242052526e-7,1.80509545089e-7,1.28757875473e-7,9.76151852683e-8,5.73975711404e-8,4.16384722257e-8,3.18231379026e-8,1.78246342131e-8,1.54130468388e-8],"min":[2.34975331488e-23,1.21142174328e-23,6.0042439917e-24,8.18260252323e-24,1.8357369133e-23,2.95901914875e-23,3.9158353249e-24,9.98240761115e-24,8.25937683311e-24,9.48031815536e-24,3.96409783508e-24,6.14786440254e-24,1.05415616871e-23,6.43293901216e-24,1.85335911928e-23,2.00143935525e-23,3.14556589906e-24,5.35713902457e-24,6.97451647829e-24,9.90637640825e-24,8.97747849285e-24,6.96821426851e-24,1.36833193601e-23,1.18635616133e-23,1.10078723565e-23,1.49823760558e-23,1.20555648356e-23,1.25755945661e-23,1.14146524266e-23,1.06960569399e-23,1.17713398292e-23,1.52043299601e-23,1.08196107015e-23,1.31177273903e-23,9.56970477339e-24,9.03263564735e-24,1.11026745047e-23,1.39848803738e-23,1.15816061597e-23,7.62587182798e-24],"var":[0.0000293035536743,0.0000166147019627,0.00000646284661343,0.00000328469377564,0.0000018247025082,0.00000142786279866,6.88273871674e-7,7.39210975098e-7,3.37133656103e-7,8.21140417884e-8,2.51014654395e-7,7.9587984203e-8,1.04342667839e-8,9.54996348668e-9,3.55272145036e-9,1.7663435159e-9,4.50151871334e-9,2.62681698615e-9,4.44215414452e-10,2.17398321567e-10,1.57201834883e-10,1.29320623654e-10,8.47031472739e-11,8.90934825915e-10,3.45350970044e-11,1.12948969622e-10,5.73576047769e-11,5.01529651142e-11,1.96088381643e-10,1.96968604621e-11,2.80869077995e-11,3.04291279674e-11,3.64223408378e-11,2.65785136955e-11,1.60114248249e-11,9.86352406002e-12,9.39711850001e-12,1.44933266777e-11,7.21003031584e-12,3.30346947713e-12]},"melbands_crest":{"dmean":3.3675904274,"dmean2":5.43587589264,"dvar":16.3850879669,"dvar2":38.2837181091,"max":39.9973754883,"mean":15.127863884,"median":13.4923019409,"min":2.63940572739,"var":41.3390426636},"melbands_flatness_db":{"dmean":0.0467162169516,"dmean2":0.0652945190668,"dvar":0.00322691327892,"dvar2":0.00631615938619,"max":0.832849919796,"mean":0.312881737947,"median":0.279185056686,"min":0.00748116569594,"var":0.0179225225002},"melbands_kurtosis":{"dmean":138.252410889,"dmean2":245.687927246,"dvar":4094251,"dvar2":11054351,"max":61176.1914062,"mean":99.294342041,"median":8.61960029602,"min":-1.8512648344,"var":2703308.75},"melbands_skewness":{"dmean":1.43859565258,"dmean2":2.19876337051,"dvar":77.689704895,"dvar2":184.072921753,"max":236.071350098,"mean":3.08656954765,"median":2.22681117058,"min":-2.22911882401,"var":71.7805175781},"melbands_spread":{"dmean":4.19890117645,"dmean2":6.32353258133,"dvar":42.123916626,"dvar2":88.5592193604,"max":200.881881714,"mean":11.8897743225,"median":9.8043346405,"min":0.00897561758757,"var":112.994613647},"mfcc":{"cov":[[17160.9375,-424.908172607,636.671142578,1423.04638672,446.712585449,733.438110352,404.092071533,761.61932373,353.90246582,339.320404053,170.65133667,24.2308444977,-140.45211792],[-424.908172607,3049.86572266,153.693618774,285.44052124,288.053527832,100.425003052,76.6595230103,-62.673286438,-138.663619995,-139.816070557,-75.5427017212,-0.981277525425,-26.7771759033],[636.671142578,153.693618774,2083.49755859,507.588470459,375.869873047,263.363464355,296.545837402,423.695770264,268.479766846,112.410247803,28.529050827,-83.003036499,-134.300460815],[1423.04638672,285.44052124,507.588470459,958.201721191,323.602630615,350.040924072,318.078430176,329.737060547,197.963516235,96.0253829956,28.4509429932,-32.4747428894,-103.009490967],[446.712585449,288.053527832,375.869873047,323.602630615,379.093902588,212.494476318,181.651184082,199.697463989,85.2601928711,26.8588600159,12.775305748,-9.09792423248,-37.5635604858],[733.438110352,100.425003052,263.363464355,350.040924072,212.494476318,300.719207764,181.941864014,184.353881836,86.0199356079,33.3631744385,-2.09834265709,-26.8802490234,-58.9204101562],[404.092071533,76.6595230103,296.545837402,318.078430176,181.651184082,181.941864014,264.169555664,212.597579956,131.474243164,43.0631523132,-6.04966831207,-38.8872337341,-63.8569450378],[761.61932373,-62.673286438,423.695770264,329.737060547,199.697463989,184.353881836,212.597579956,349.149139404,211.919342041,86.4805221558,16.9973602295,-38.1059684753,-67.8274536133],[353.90246582,-138.663619995,268.479766846,197.963516235,85.2601928711,86.0199356079,131.474243164,211.919342041,251.284835815,116.020195007,16.4758491516,-46.1522331238,-64.3511199951],[339.320404053,-139.816070557,112.410247803,96.0253829956,26.8588600159,33.3631744385,43.0631523132,86.4805221558,116.020195007,163.612136841,68.1245422363,11.6408367157,-17.5442523956],[170.65133667,-75.5427017212,28.529050827,28.4509429932,12.775305748,-2.09834265709,-6.04966831207,16.9973602295,16.4758491516,68.1245422363,129.948745728,81.7807998657,38.1204338074],[24.2308444977,-0.981277525425,-83.003036499,-32.4747428894,-9.09792423248,-26.8802490234,-38.8872337341,-38.1059684753,-46.1522331238,11.6408367157,81.7807998657,137.440872192,78.7317733765],[-140.45211792,-26.7771759033,-134.300460815,-103.009490967,-37.5635604858,-58.9204101562,-63.8569450378,-67.8274536133,-64.3511199951,-17.5442523956,38.1204338074,78.7317733765,121.997291565]],"icov":[[0.0000735837747925,0.0000105992785393,0.0000134786150738,-0.0000854566533235,0.0000459932052763,-0.000113606831292,0.000122476718388,-0.000175763925654,0.000108038489998,-0.00009689565195,-0.00000950691810431,-0.0000140832853504,0.0000105172503027],[0.0000105992785393,0.000408894411521,-0.0000148836352309,-0.000170548300957,-0.00041927563143,0.000154540510266,-0.0000398986194341,0.000279069150565,0.000157523681992,0.000164845507243,0.000219522305997,-0.000167370890267,0.000167590973433],[0.0000134786150738,-0.0000148836352309,0.000690120388754,-0.0000578103572479,-0.000362866994692,0.000106514991785,0.0000186323231901,-0.000558286323212,-0.0000403412850574,0.00000789335081208,-0.000290739146294,0.000251797813689,0.000270433112746],[-0.0000854566533235,-0.000170548300957,-0.0000578103572479,0.00240084296092,-0.000227737386012,-0.00131486088503,-0.00118380528875,-0.00016230509209,-0.000340722763212,-0.000159985385835,-0.000386413856177,-0.000263897585683,0.00050100509543],[0.0000459932052763,-0.00041927563143,-0.000362866994692,-0.000227737386012,0.00586288794875,-0.00230434979312,-0.000937642587814,-0.00171023665462,0.000726140104234,0.000221611640882,-0.000514901941642,-0.000148920662468,-0.000708284205757],[-0.000113606831292,0.000154540510266,0.000106514991785,-0.00131486088503,-0.00230434979312,0.00840767938644,-0.0021823507268,-0.00103045220021,0.00145151745528,-0.000309111026581,0.000647025357466,-0.000187352474313,0.00118597876281],[0.000122476718388,-0.0000398986194341,0.0000186323231901,-0.00118380528875,-0.000937642587814,-0.0021823507268,0.0103470450267,-0.00317304185592,-0.00100598437712,0.000470753264381,0.000631185073871,0.0000886246052687,0.000744952762034],[-0.000175763925654,0.000279069150565,-0.000558286323212,-0.00016230509209,-0.00171023665462,-0.00103045220021,-0.00317304185592,0.0109780253842,-0.00615013670176,0.00115836795885,-0.000479577458464,-0.000252290890785,-0.000239167493419],[0.000108038489998,0.000157523681992,-0.0000403412850574,-0.000340722763212,0.000726140104234,0.00145151745528,-0.00100598437712,-0.00615013670176,0.0125307654962,-0.00600508740172,0.000849009200465,0.00177822483238,0.00113884999882],[-0.00009689565195,0.000164845507243,0.00000789335081208,-0.000159985385835,0.000221611640882,-0.000309111026581,0.000470753264381,0.00115836795885,-0.00600508740172,0.012884920463,-0.00659343693405,0.000688629166689,0.000908843474463],[-0.00000950691810431,0.000219522305997,-0.000290739146294,-0.000386413856177,-0.000514901941642,0.000647025357466,0.000631185073871,-0.000479577458464,0.000849009200465,-0.00659343693405,0.01762348786,-0.0096826273948,-0.000149807354319],[-0.0000140832853504,-0.000167370890267,0.000251797813689,-0.000263897585683,-0.000148920662468,-0.000187352474313,0.0000886246052687,-0.000252290890785,0.00177822483238,0.000688629166689,-0.0096826273948,0.0180538315326,-0.00781742762774],[0.0000105172503027,0.000167590973433,0.000270433112746,0.00050100509543,-0.000708284205757,0.00118597876281,0.000744952762034,-0.000239167493419,0.00113884999882,0.000908843474463,-0.000149807354319,-0.00781742762774,0.0154014499858]],"mean":[-725.293823242,152.066986084,9.47505378723,14.2743549347,-4.67513561249,4.9078783989,-4.57773399353,-2.80217480659,-1.8201713562,1.7697327137,0.661767482758,0.335973024368,0.944157361984]},"pitch_salience":{"dmean":0.0752304196358,"dmean2":0.121189273894,"dvar":0.00868254154921,"dvar2":0.0208245459944,"max":0.918780982494,"mean":0.52322524786,"median":0.542239785194,"min":0.000869835552294,"var":0.0208492614329},"silence_rate_20dB":{"dmean":0,"dmean2":0,"dvar":0,"dvar2":0,"max":1,"mean":1,"median":1,"min":1,"var":0},"silence_rate_30dB":{"dmean":0.0330368503928,"dmean2":0.0660792961717,"dvar":0.0319491401315,"dvar2":0.0734152793884,"max":1,"mean":0.953921735287,"median":1,"min":0,"var":0.0439611896873},"silence_rate_60dB":{"dmean":0.0354087240994,"dmean2":0.0708234533668,"dvar":0.0341547504067,"dvar2":0.0776620060205,"max":1,"mean":0.101897343993,"median":0,"min":0,"var":0.0915077999234},"spectral_centroid":{"dmean":202.599914551,"dmean2":303.738739014,"dvar":112308.773438,"dvar2":209952.625,"max":11198.7470703,"mean":781.717712402,"median":641.574951172,"min":123.864349365,"var":279812.21875},"spectral_complexity":{"dmean":3.28708171844,"dmean2":4.6543545723,"dvar":18.7735919952,"dvar2":34.0923881531,"max":55,"mean":11.6162118912,"median":11,"min":0,"var":54.0144538879},"spectral_contrast_coeffs":{"dmean":[0.0523746944964,0.0458518750966,0.0400450564921,0.0364001020789,0.0295062586665,0.0324205048382],"dmean2":[0.0811982899904,0.0733308419585,0.0628864765167,0.0566075630486,0.0449951961637,0.0501066483557],"dvar":[0.00321121769957,0.00203639711253,0.00144754850771,0.00112581602298,0.000844963535201,0.00137642293703],"dvar2":[0.00722850486636,0.00499817775562,0.0034596323967,0.00256784749217,0.00183199322782,0.00303920614533],"max":[-0.233204334974,-0.246317490935,-0.364886403084,-0.46374347806,-0.499477356672,-0.523776888847],"mean":[-0.672120034695,-0.66867005825,-0.740899562836,-0.771820545197,-0.788358271122,-0.755046486855],"median":[-0.667380392551,-0.689840495586,-0.755856513977,-0.785059452057,-0.803682327271,-0.750067949295],"min":[-0.99796795845,-0.988608300686,-0.975589215755,-0.987295031548,-0.967278003693,-0.965787291527],"var":[0.00823700707406,0.0153755061328,0.00810819584876,0.00601396663114,0.00404154974967,0.00471837911755]},"spectral_contrast_valleys":{"dmean":[0.483726859093,0.524529516697,0.467768996954,0.527905642986,0.582629919052,0.672569036484],"dmean2":[0.727604925632,0.807854354382,0.702556312084,0.764616668224,0.810809791088,0.938736259937],"dvar":[0.60015386343,0.611946761608,0.522784948349,0.587749481201,0.672559976578,0.622622787952],"dvar2":[0.978514552116,1.08298528194,0.949107885361,1.11032128334,1.29380571842,1.23886561394],"max":[-5.22030067444,-4.51850509644,-5.12047529221,-5.89056634903,-5.57481241226,-7.56339263916],"mean":[-7.67928695679,-7.30746746063,-7.98663043976,-8.69762039185,-9.09127235413,-11.9353055954],"median":[-6.79442405701,-6.80895805359,-7.42334413528,-8.0644197464,-8.42333030701,-11.7400522232],"min":[-26.6582717896,-27.4949531555,-27.4070453644,-27.650018692,-27.2188968658,-27.163974762],"var":[4.52527427673,2.82153344154,2.58973646164,2.78759169579,3.51756477356,4.29400205612]},"spectral_decrease":{"dmean":2.79031286965e-9,"dmean2":4.25520774172e-9,"dvar":2.51635770421e-17,"dvar2":5.58538620852e-17,"max":-7.66338899895e-29,"mean":-7.7679755961e-9,"median":-5.18063014709e-9,"min":-6.31503738191e-8,"var":6.74938153162e-17},"spectral_energy":{"dmean":0.010951211676,"dmean2":0.0166603885591,"dvar":0.000383523816708,"dvar2":0.000846845447086,"max":0.240193217993,"mean":0.030951814726,"median":0.0208472628146,"min":1.09559555145e-20,"var":0.00104568572715},"spectral_energyband_high":{"dmean":0.000365401589079,"dmean2":0.000557941501029,"dvar":8.92958155418e-7,"dvar2":0.00000183944951004,"max":0.0172920655459,"mean":0.000673277419992,"median":0.0000880166771822,"min":8.1748830144e-21,"var":0.00000190767786989},"spectral_energyband_low":{"dmean":0.00648147659376,"dmean2":0.0100384373218,"dvar":0.000216102984268,"dvar2":0.000498044595588,"max":0.221798941493,"mean":0.0138095263392,"median":0.0065804971382,"min":1.02383233974e-22,"var":0.000538306718227},"spectral_energyband_middle_high":{"dmean":0.00129847915377,"dmean2":0.0019316941034,"dvar":0.00000550194226889,"dvar2":0.0000126466129586,"max":0.0501560531557,"mean":0.00251483498141,"median":0.00142649305053,"min":1.59101991009e-21,"var":0.0000117521967695},"spectral_energyband_middle_low":{"dmean":0.00638805050403,"dmean2":0.0100627010688,"dvar":0.00021167450177,"dvar2":0.000520381494425,"max":0.18730160594,"mean":0.0151748359203,"median":0.010792712681,"min":3.40515003048e-22,"var":0.000280150125036},"spectral_entropy":{"dmean":0.339016914368,"dmean2":0.475900530815,"dvar":0.177409633994,"dvar2":0.353019058704,"max":9.80817699432,"mean":6.7672662735,"median":6.99070644379,"min":2.74378180504,"var":0.926458895206},"spectral_flux":{"dmean":0.0311007294804,"dmean2":0.0505634695292,"dvar":0.00166161963716,"dvar2":0.00383874680847,"max":0.44726023078,"mean":0.0755270346999,"median":0.0571779683232,"min":1.04670702661e-10,"var":0.00425751600415},"spectral_kurtosis":{"dmean":19.0161895752,"dmean2":30.2572689056,"dvar":2516.93579102,"dvar2":6203.1953125,"max":946.913574219,"mean":30.3575363159,"median":7.3811674118,"min":-1.1466473341,"var":5562.69042969},"spectral_rms":{"dmean":0.000895413395483,"dmean2":0.00131860398687,"dvar":0.00000162042385909,"dvar2":0.00000323299559568,"max":0.015307999216,"mean":0.0048346077092,"median":0.00450985506177,"min":3.26936351255e-12,"var":0.00000682347081238},"spectral_rolloff":{"dmean":325.540039062,"dmean2":551.141784668,"dvar":941641.4375,"dvar2":2294567,"max":18776.953125,"mean":804.21081543,"median":538.330078125,"min":21.533203125,"var":1453973.5},"spectral_skewness":{"dmean":0.964626252651,"dmean2":1.4622951746,"dvar":3.02181148529,"dvar2":6.67252540588,"max":24.6870441437,"mean":3.1243853569,"median":2.12089776993,"min":-0.0330034419894,"var":9.2674703598},"spectral_spread":{"dmean":847623.8125,"dmean2":1240594.375,"dvar":1647780167680,"dvar2":3427691397120,"max":39170912,"mean":4058262.5,"median":3741331.25,"min":119125.304688,"var":6010181255170},"spectral_strongpeak":{"dmean":0.430272191763,"dmean2":0.724614679813,"dvar":0.559253692627,"dvar2":1.37545621395,"max":13.8953094482,"mean":0.888171076775,"median":0.588686823845,"min":0,"var":0.980635285378},"zerocrossingrate":{"dmean":0.00969737768173,"dmean2":0.0117484508082,"dvar":0.000160539755598,"dvar2":0.000204624608159,"max":0.5146484375,"mean":0.0448954068124,"median":0.0322265625,"min":0,"var":0.00144192343578}},"metadata":{"audio_properties":{"analysis_sample_rate":44100,"bit_rate":192000,"codec":"mp3","downmix":"mix","equal_loudness":0,"length":274.102844238,"lossless":false,"md5_encoded":"2f0bfd260bfad5b5ffd2d1f23d6985d8","replay_gain":-9.01817703247,"sample_rate":44100},"tags":{"album":["Climbing to New Lows"],"albumartist":["The Management"],"albumartistsort":["MGMT"],"artist":["The Management"],"artistsort":["MGMT"],"contentgroup":["Indie"],"date":["2005"],"discnumber":["1/1"],"file_name":"08 Greyhoundredux.mp3","genre":["Indie; Indie Rock; Electro"],"media":["Digital Media"],"mood":["Humorous"],"musicbrainz album release country":["XW"],"musicbrainz album status":["promotion"],"musicbrainz album type":["album"],"musicbrainz_albumartistid":["c485632c-b784-4ee9-8ea1-c5fb365681fc"],"musicbrainz_albumid":["9959f21d-d92c-4b78-8457-c973963d8fe1"],"musicbrainz_artistid":["c485632c-b784-4ee9-8ea1-c5fb365681fc"],"musicbrainz_recordingid":["ad9cb316-eacf-4af7-866c-f854640786e2"],"musicbrainz_releasegroupid":["ebda5bd4-832c-35c9-a6cb-a27d8a8eeb42"],"originaldate":["2005"],"originalyear":["2005"],"script":["Latn"],"title":["Greyhoundredux"],"tracknumber":["8/10"]},"version":{"essentia":"2.1-beta2","essentia_build_sha":"26c37b627ab5a2028d412893e0969599b764ad4d","essentia_git_sha":"v2.1_beta2","extractor":"music 1.0"}},"rhythm":{"beats_count":550,"beats_loudness":{"dmean":0.0229045674205,"dmean2":0.0408891551197,"dvar":0.000622598512564,"dvar2":0.0018444492016,"max":0.211713805795,"mean":0.0553058795631,"median":0.0338894277811,"min":1.58473028478e-7,"var":0.00231483578682},"beats_loudness_band_ratio":{"dmean":[0.19188554585,0.185269325972,0.118629939854,0.049033459276,0.0234445892274,0.0270863864571],"dmean2":[0.347694575787,0.344369292259,0.201316222548,0.0843659266829,0.0435275249183,0.0484084449708],"dvar":[0.0483828112483,0.0366099365056