{"lowlevel":{"average_loudness":0.903432250023,"barkbands":{"dmean":[0.0037460681051,0.0101609183475,0.00238563097082,0.00125885591842,0.00352284568362,0.00169157236814,0.00149913493078,0.00072155270027,0.000713332206942,0.000425559555879,0.000228913952014,0.00019165550475,0.00013710364874,0.0000855166144902,0.0000727651931811,0.0000630069189356,0.0000548041825823,0.0000772172643337,0.0000670433582854,0.0000380223791581,0.0000329061513185,0.0000266690221906,0.00000921590071812,0.00000411848031945,0.00000235717902797,0.00000568255245526,0.0000788723991718],"dmean2":[0.00653973408043,0.0167290307581,0.00393363460898,0.00208012433723,0.00552437035367,0.00270326482132,0.00234918831848,0.00118025916163,0.0011752017308,0.000703101977706,0.000381242687581,0.000318793579936,0.000225649011554,0.000143116369145,0.000119971686217,0.000102165417047,0.000086150066636,0.000122666140669,0.0001027482067,0.000056854034483,0.0000481091301481,0.0000396731848014,0.0000137127808557,0.00000642742998025,0.00000386811962017,0.0000084748116933,0.000112275905849],"dvar":[0.000075636737165,0.000513604609296,0.0000264450973191,0.00000715170881449,0.0000595715100644,0.0000188962349057,0.0000168629467225,0.00000518827209817,0.0000019716760562,9.73915462055e-7,1.65742605418e-7,9.40004625249e-8,4.32867466316e-8,1.96533544994e-8,1.34713937783e-8,1.27838646335e-8,1.0480473378e-8,3.05746041818e-8,1.48867211891e-8,7.03843783256e-9,7.26990867506e-9,3.62217367211e-9,5.24901622168e-10,6.69244451523e-11,1.71134877103e-11,1.6652883239e-10,1.7800116936e-8],"dvar2":[0.000218685978325,0.00133081246167,0.0000643837411189,0.0000176553203346,0.00012789061293,0.0000454187393188,0.0000374473747797,0.0000134896481541,0.0000050808666856,0.00000239006385527,4.25354841127e-7,2.48721676144e-7,1.15427340575e-7,5.43204237147e-8,3.57051028743e-8,3.35269056961e-8,2.63576502846e-8,7.69244152821e-8,3.39175976194e-8,1.51127803605e-8,1.5558406119e-8,7.78381803457e-9,1.18613807665e-9,1.55121138157e-10,4.19104195792e-11,3.7384528806e-10,3.8157377702e-8],"max":[0.119736611843,0.241457939148,0.0784080326557,0.0528470054269,0.232843309641,0.121045343578,0.100314259529,0.0839891880751,0.0410802327096,0.0206989534199,0.013865146786,0.00771379005164,0.00288543058559,0.00225951010361,0.00185834511649,0.00215043663047,0.0021631133277,0.00297243567184,0.0026793233119,0.00220969854854,0.00222038151696,0.00113138894085,0.000494973559398,0.000150048683281,0.0000613999072812,0.000250231154496,0.0038930347655],"mean":[0.00379975093529,0.0117065152153,0.00272948830388,0.00161457853392,0.00538059137762,0.0026832446456,0.00229651294649,0.000995827140287,0.00114266970195,0.000629075278994,0.000352027767804,0.00033030778286,0.00024392089108,0.000149292623973,0.000134340705699,0.00011398785864,0.000104626335087,0.000135541326017,0.000128464438603,0.0000781054550316,0.0000663669488858,0.0000460404917249,0.0000151368740262,0.00000571211558054,0.00000248025685323,0.00000954471124714,0.000259961787378],"median":[0.000989043852314,0.00404121913016,0.000930873968173,0.00044328084914,0.001657752553,0.00108665484004,0.000636517826933,0.000300473941024,0.000612227828242,0.000270428077783,0.000178851492819,0.000185825338122,0.00014129828196,0.0000807713950053,0.0000655849798932,0.0000419054485974,0.0000323126114381,0.000042012623453,0.0000497689397889,0.0000246055496973,0.0000181923278433,0.0000129213285618,0.00000399938835471,0.00000188336821338,8.5489830326e-7,0.00000313294458465,0.000108311432996],"min":[7.86551958655e-25,2.09006073876e-24,3.15760667749e-24,1.1123655641e-24,8.39962446914e-24,7.83361913623e-24,1.52335335908e-23,1.1745088116e-23,1.01965786138e-23,2.37436277745e-23,1.72005077709e-23,4.49253066971e-23,2.67643087093e-23,5.31905053237e-23,6.27201722507e-23,5.23763219834e-23,1.12375103971e-22,8.51029266113e-23,1.32673656266e-22,1.71673323833e-22,2.47236303082e-22,3.25090033425e-22,3.76508744534e-22,6.09587329396e-22,8.22100701733e-22,1.32719917594e-21,1.97474871353e-21],"var":[0.0000703884288669,0.00047868443653,0.0000308242233586,0.0000141370092024,0.000127117411466,0.0000338939389621,0.0000365115301975,0.00000754240909373,0.00000327171528625,0.0000015963697706,2.89005328113e-7,1.8370532473e-7,9.28345826878e-8,4.06034743605e-8,3.32777432277e-8,3.17759045743e-8,2.94500956954e-8,5.3538297351e-8,3.86142602338e-8,1.97530614088e-8,1.81881603112e-8,7.45350448028e-9,9.03993380152e-10,9.98990057344e-11,1.9942091381e-11,2.95079405355e-10,1.44217864317e-7]},"barkbands_crest":{"dmean":3.37352013588,"dmean2":5.50179195404,"dvar":8.3381280899,"dvar2":21.4375457764,"max":26.8313922882,"mean":11.8703699112,"median":10.9773368835,"min":2.47727513313,"var":24.9097080231},"barkbands_flatness_db":{"dmean":0.0342194214463,"dmean2":0.0538593642414,"dvar":0.00110726698767,"dvar2":0.00276824086905,"max":0.593261957169,"mean":0.172949835658,"median":0.164257973433,"min":0.030129916966,"var":0.00513034686446},"barkbands_kurtosis":{"dmean":13.6468448639,"dmean2":21.9498157501,"dvar":1382.99401855,"dvar2":3468.28076172,"max":1050.55041504,"mean":22.5713634491,"median":9.16452026367,"min":-1.64147984982,"var":2764.18847656},"barkbands_skewness":{"dmean":0.965637266636,"dmean2":1.52843260765,"dvar":1.55722784996,"dvar2":3.90061020851,"max":28.8971309662,"mean":2.89780950546,"median":2.34705495834,"min":-2.09345936775,"var":5.27852964401},"barkbands_spread":{"dmean":5.17229413986,"dmean2":7.89641094208,"dvar":38.5745811462,"dvar2":80.5006713867,"max":99.2739257812,"mean":16.0351524353,"median":11.7229766846,"min":0.11046333611,"var":198.617050171},"dissonance":{"dmean":0.0237216185778,"dmean2":0.0396286919713,"dvar":0.000573138706386,"dvar2":0.00157077948097,"max":0.500000178814,"mean":0.457208573818,"median":0.468318521976,"min":0.243614703417,"var":0.00137885753065},"dynamic_complexity":4.03929424286,"erbbands":{"dmean":[0.433707743883,1.82715654373,3.05082297325,3.10290408134,6.7746925354,14.8592557907,13.6517524719,14.7509670258,19.3048248291,19.6719017029,14.1001596451,15.3192844391,15.2115335464,9.51930713654,8.6673116684,7.13877820969,6.08496618271,4.37640953064,3.71489405632,3.42218112946,3.37962532043,3.06542277336,4.50185346603,2.70543551445,3.8293390274,1.77603363991,1.51060068607,1.16623926163,0.96076053381,0.563441634178,0.247599765658,0.120463006198,0.0517343096435,0.0270878449082,0.0165711008012,0.0111454166472,0.01215855591,0.0116537697613,0.00613705581054,0.00263181212358],"dmean2":[0.74149698019,2.94841837883,4.86569929123,5.08469343185,10.8816595078,23.0939979553,21.7744312286,23.5727157593,30.2191181183,31.1405544281,23.0458583832,25.3696708679,24.8927288055,15.5721540451,14.1621761322,11.8793096542,10.0075702667,7.19138717651,6.16504049301,5.56735086441,5.42838048935,4.7469587326,7.21130990982,4.17279911041,5.89272737503,2.64744234085,2.25918579102,1.70580601692,1.42261266708,0.835906922817,0.370465964079,0.186149254441,0.0818619132042,0.0443886481225,0.0271211713552,0.0176842492074,0.0180119927973,0.0165875051171,0.00819887779653,0.00384475290775],"dvar":[1.40318655968,12.6368122101,42.9277229309,36.6152496338,249.83934021,1441.58190918,1466.94836426,1100.09912109,2919.6171875,3618.84692383,2003.71459961,837.850158691,1239.44189453,338.198364258,206.025299072,130.891525269,87.0346908569,44.2469139099,35.4674720764,33.2795677185,40.8251876831,33.4681854248,116.021957397,24.3826999664,53.1594734192,16.4401531219,14.7759494781,9.53540897369,4.82068634033,1.66195607185,0.394634544849,0.0773049220443,0.00835524871945,0.00221572373994,0.000845566391945,0.000334298907546,0.000817487132736,0.00068172410829,0.00020969074103,0.0000118368288895],"dvar2":[3.82269501686,30.8000450134,99.0130996704,91.7007369995,584.551757812,3047.37475586,3519.89257812,2583.64282227,6677.27832031,8366.72265625,5078.38378906,2145.4284668,3089.06762695,833.432556152,514.520812988,345.532104492,234.030502319,120.419250488,96.8479309082,90.3182525635,104.834465027,82.3571853638,299.038757324,54.6844558716,126.057441711,35.258972168,32.1698188782,20.4262752533,10.1570539474,3.70288968086,0.906206905842,0.177559196949,0.019724201411,0.00542991701514,0.00207151263021,0.000796457461547,0.00181159703061,0.00143087899778,0.000386867672205,0.0000265759499598],"max":[13.3689966202,36.0668792725,87.2096786499,111.719673157,396.405914307,1407.86828613,976.636657715,730.979675293,1393.17736816,1716.04956055,1535.71728516,790.506896973,1196.9888916,423.53918457,230.514724731,329.49130249,132.991897583,126.574180603,91.1554641724,102.605476379,119.908157349,138.592895508,194.544204712,129.667892456,131.354888916,121.896247864,136.253890991,68.1524429321,43.154914856,20.2716884613,13.6518630981,5.30433559418,1.25795054436,0.690426945686,0.436356663704,0.282148629427,0.506334960461,0.494239926338,0.741015970707,0.106137029827],"mean":[0.442001074553,2.20148158073,3.72065901756,4.18707132339,9.49370288849,21.8754825592,20.6978702545,23.900970459,29.4919128418,30.8122997284,21.4517536163,24.9823894501,24.4476299286,15.8025798798,14.7655229568,13.2282361984,11.3795795441,8.41513633728,7.34164190292,6.61137247086,6.40617227554,6.21985340118,7.7126159668,5.65949678421,6.85429859161,3.75904417038,3.08977484703,2.26046395302,1.68628108501,0.936436593533,0.400979578495,0.180502936244,0.0665267035365,0.0293600149453,0.0175792444497,0.0143459783867,0.0207181405276,0.0249970387667,0.0181872639805,0.0111119607463],"median":[0.134928703308,0.712229847908,1.32428455353,1.55643224716,2.91890668869,5.67898654938,7.17435979843,9.6541519165,9.50539398193,8.43676376343,7.79777288437,13.2781686783,11.7731513977,8.33671569824,8.0235004425,7.99317169189,7.10136890411,4.98508691788,3.9863743782,2.99159526825,2.22275018692,2.01132392883,2.33773946762,2.2743396759,2.41274809837,1.23887729645,0.876507043839,0.620146989822,0.479216694832,0.260168910027,0.10500703752,0.0528958626091,0.0238245353103,0.0105963759124,0.00620250217617,0.00590439047664,0.00634285062551,0.00715833064169,0.00572582706809,0.00751603301615],"min":[1.22668400876e-22,3.89228968859e-22,3.2721017347e-21,6.2937805974e-21,1.17183761246e-20,1.92932381554e-20,4.83845599134e-20,8.86704400185e-20,1.65498716819e-19,2.30315051579e-19,2.57600146922e-19,2.85500819736e-19,4.66996602141e-19,1.00728057937e-18,1.12209759109e-18,1.89734470286e-18,1.52034990086e-18,2.81171594224e-18,3.61228036423e-18,3.70621995767e-18,3.34109023438e-18,6.05723517621e-18,4.92325244728e-18,6.37679241763e-18,8.81982734342e-18,8.12741513216e-18,9.1513538883e-18,9.77585457127e-18,1.20845859713e-17,1.07551727236e-17,1.22240271158e-17,1.01763886588e-17,1.10789618211e-17,9.00323810064e-18,6.14067577973e-18,4.27459684966e-18,2.44314204567e-18,9.13850632582e-19,2.64992427411e-19,2.68365243434e-20],"var":[1.08791220188,14.47057724,54.6529273987,63.2648849487,468.804229736,3045.34057617,2523.82202148,2142.51391602,5357.73828125,7526.84179688,3032.04785156,1470.49060059,2054.80249023,665.973144531,411.945617676,265.453765869,185.822570801,105.244789124,87.89427948,84.3525772095,107.451057434,98.8877410889,182.059005737,72.9447250366,116.992134094,43.9424819946,40.6094284058,22.191493988,10.4203538895,2.99984025955,0.650215685368,0.117943637073,0.0119111137465,0.00263145146891,0.000988145009615,0.000483436509967,0.00146049505565,0.00179243751336,0.00115194940008,0.000134528803756]},"erbbands_crest":{"dmean":2.83398461342,"dmean2":4.5946855545,"dvar":7.51229763031,"dvar2":17.6407737732,"max":31.3703269958,"mean":9.09834575653,"median":7.82909965515,"min":1.70832669735,"var":22.9992198944},"erbbands_flatness_db":{"dmean":0.0237462911755,"dmean2":0.0361362472177,"dvar":0.00047836266458,"dvar2":0.00110730913002,"max":0.376927822828,"mean":0.15042462945,"median":0.140475302935,"min":0.0215358100832,"var":0.0024860680569},"erbbands_kurtosis":{"dmean":1.66177415848,"dmean2":2.62398529053,"dvar":12.5954942703,"dvar2":30.8123512268,"max":98.2702484131,"mean":1.83239912987,"median":0.323207259178,"min":-1.76041829586,"var":23.5279254913},"erbbands_skewness":{"dmean":0.441321581602,"dmean2":0.68403929472,"dvar":0.208395689726,"dvar2":0.4860855937,"max":8.43812561035,"mean":0.768706023693,"median":0.636455953121,"min":-2.85278987885,"var":0.884137809277},"erbbands_spread":{"dmean":7.21722507477,"dmean2":11.1136016846,"dvar":55.0928993225,"dvar2":128.829589844,"max":116.917869568,"mean":30.9330463409,"median":29.8463401794,"min":1.46041333675,"var":257.202331543},"gfcc":{"cov":[[20932.7460938,525.192321777,-1676.35742188,172.831466675,-249.599411011,-625.878112793,167.088973999,-375.851074219,-0.975225329399,-344.502593994,-247.166488647,82.4422225952,-238.615188599],[525.192321777,872.538696289,147.730453491,-261.251068115,-40.7932853699,-28.5492229462,-52.2983322144,-34.9715270996,-47.7822608948,-14.1883621216,54.1943817139,-83.01902771,45.8611526489],[-1676.35742188,147.730453491,538.659973145,88.7614898682,-23.5972938538,224.309555054,-105.566596985,125.483383179,-54.6578025818,61.3396377563,11.4627695084,-28.0900115967,38.7708969116],[172.831466675,-261.251068115,88.7614898682,503.27722168,151.086898804,90.2054290771,93.7427902222,57.8329238892,3.99970936775,0.0752097740769,-49.0089530945,57.2319030762,-48.1615142822],[-249.599411011,-40.7932853699,-23.5972938538,151.086898804,241.593139648,59.7130661011,84.6489334106,12.0141963959,21.7138748169,-14.410112381,7.19442224503,4.49065446854,1.28710925579],[-625.878112793,-28.5492229462,224.309555054,90.2054290771,59.7130661011,292.659820557,-26.378452301,103.668884277,-34.8592948914,37.8130455017,-9.96596336365,-0.578261911869,16.6627902985],[167.088973999,-52.2983322144,-105.566596985,93.7427902222,84.6489334106,-26.378452301,204.235580444,5.36090517044,73.2919158936,-5.42904949188,3.73358750343,27.7972259521,-25.6799583435],[-375.851074219,-34.9715270996,125.483383179,57.8329238892,12.0141963959,103.668884277,5.36090517044,195.894729614,42.2884483337,49.3714103699,19.4462394714,-5.5135216713,6.86410236359],[-0.975225329399,-47.7822608948,-54.6578025818,3.99970936775,21.7138748169,-34.8592948914,73.2919158936,42.2884483337,144.168121338,51.4268722534,20.4265041351,25.6140804291,-2.91149282455],[-344.502593994,-14.1883621216,61.3396377563,0.0752097740769,-14.410112381,37.8130455017,-5.42904949188,49.3714103699,51.4268722534,95.2489929199,49.5287475586,14.2626485825,24.2478218079],[-247.166488647,54.1943817139,11.4627695084,-49.0089530945,7.19442224503,-9.96596336365,3.73358750343,19.4462394714,20.4265041351,49.5287475586,86.5850524902,23.5151042938,26.8606472015],[82.4422225952,-83.01902771,-28.0900115967,57.2319030762,4.49065446854,-0.578261911869,27.7972259521,-5.5135216713,25.6140804291,14.2626485825,23.5151042938,72.6632766724,19.2901248932],[-238.615188599,45.8611526489,38.7708969116,-48.1615142822,1.28710925579,16.6627902985,-25.6799583435,6.86410236359,-2.91149282455,24.2478218079,26.8606472015,19.2901248932,77.6126403809]],"icov":[[0.0000992275890894,-0.000243802889599,0.000535177241545,-0.000331877701683,0.000322855368722,-0.000175981142092,0.000168269631104,-0.0000566309026908,-0.0000841146684252,0.000143220080645,0.000083426508354,-0.000038812195271,0.00000183024985745],[-0.000243802889599,0.0024682127405,-0.00217955582775,0.00128709292039,-0.000569555908442,0.000516858824994,-0.000922897306737,0.000827907409985,-0.000230489866226,0.00134470721241,-0.00234429142438,0.00255069695413,-0.00105204374995],[0.000535177241545,-0.00217955582775,0.00737246498466,-0.00409831292927,0.0037934994325,-0.00388996023685,0.00237157032825,-0.000838742649648,-0.00100181985181,0.00101982965134,-0.00154940236825,0.00298928469419,-0.0022245971486],[-0.000331877701683,0.00128709292039,-0.00409831292927,0.00788531079888,-0.00645448453724,0.00350000709295,-0.00216139131226,-0.00220399862155,0.00536585273221,-0.00699641508982,0.0083013670519,-0.00963347963989,0.00590339815244],[0.000322855368722,-0.000569555908442,0.0037934994325,-0.00645448453724,0.0115353185683,-0.00559135619551,-0.00061709608417,0.00262979115359,-0.00618780963123,0.00985808577389,-0.010061012581,0.0104173822328,-0.00641795434058],[-0.000175981142092,0.000516858824994,-0.00388996023685,0.00350000709295,-0.00559135619551,0.00927434302866,-0.00102922401857,-0.00377332116477,0.00635726749897,-0.00810396671295,0.00820056628436,-0.00705726305023,0.00304967467673],[0.000168269631104,-0.000922897306737,0.00237157032825,-0.00216139131226,-0.00061709608417,-0.00102922401857,0.00893975514919,-0.000019876712031,-0.00469188112766,0.00298189045861,-0.00176091340836,-0.000755370187107,0.00141718867235],[-0.0000566309026908,0.000827907409985,-0.000838742649648,-0.00220399862155,0.00262979115359,-0.00377332116477,-0.000019876712031,0.00944721791893,-0.00566017022356,0.00338962418027,-0.00631379103288,0.00699377385899,-0.00251205940731],[-0.0000841146684252,-0.000230489866226,-0.00100181985181,0.00536585273221,-0.00618780963123,0.00635726749897,-0.00469188112766,-0.00566017022356,0.0195297002792,-0.0172667689621,0.0124286739156,-0.0121571589261,0.00624100398272],[0.000143220080645,0.00134470721241,0.00101982965134,-0.00699641508982,0.00985808577389,-0.00810396671295,0.00298189045861,0.00338962418027,-0.0172667689621,0.0362021923065,-0.0248526129872,0.0154355308041,-0.0101353479549],[0.000083426508354,-0.00234429142438,-0.00154940236825,0.0083013670519,-0.010061012581,0.00820056628436,-0.00176091340836,-0.00631379103288,0.0124286739156,-0.0248526129872,0.0365688242018,-0.0222379434854,0.00705089559779],[-0.000038812195271,0.00255069695413,0.00298928469419,-0.00963347963989,0.0104173822328,-0.00705726305023,-0.000755370187107,0.00699377385899,-0.0121571589261,0.0154355308041,-0.0222379434854,0.0382038168609,-0.0157013349235],[0.00000183024985745,-0.00105204374995,-0.0022245971486,0.00590339815244,-0.00641795434058,0.00304967467673,0.00141718867235,-0.00251205940731,0.00624100398272,-0.0101353479549,0.00705089559779,-0.0157013349235,0.0232919733971]],"mean":[-46.5765419006,108.01676178,-77.2313156128,-0.485683262348,-24.8020210266,-19.307674408,1.14030563831,-13.7992296219,-3.42295956612,-5.88666629791,-1.56387650967,-0.88650739193,-5.32608175278]},"hfc":{"dmean":37.1297035217,"dmean2":57.3844680786,"dvar":2395.07397461,"dvar2":6198.52929688,"max":883.026611328,"mean":128.422103882,"median":99.5869827271,"min":1.08033321715e-16,"var":13788.1611328},"melbands":{"dmean":[0.00330564449541,0.00179349747486,0.000603915948886,0.000765199074522,0.000529799959622,0.000329550210154,0.000294421362923,0.000202234237804,0.00011515623919,0.000102511214209,0.0000780071350164,0.0000419548741775,0.0000294461842714,0.0000226981683227,0.0000177172896656,0.0000128508909256,0.00000841406472318,0.00000657390637571,0.00000571181681153,0.00000417279079556,0.00000438706501882,0.000003488821676,0.00000373136072085,0.00000405950049753,0.00000223899974117,0.00000267819905275,0.00000224013911065,0.00000114308534194,0.00000104258492684,8.78605874277e-7,6.7340596388e-7,5.34184607659e-7,6.20597518264e-7,2.2312040926e-7,1.56549205599e-7,1.02080626618e-7,6.50765841215e-8,3.91604615402e-8,2.59195562791e-8,2.20137703622e-8],"dmean2":[0.00555246463045,0.00281386310235,0.000976582989097,0.00119288556743,0.000838212668896,0.000526179559529,0.000461442250526,0.000320422434015,0.000188958045328,0.000169034479768,0.000127736304421,0.0000690278684488,0.0000487835859531,0.000037479083403,0.0000296324669762,0.0000213134298974,0.0000139416442835,0.0000110397595563,0.00000945696501731,0.00000680554239807,0.00000714220095688,0.00000551894845557,0.0000059593039623,0.00000655575695419,0.00000353473797077,0.00000412525832871,0.00000347827040059,0.00000174253341356,0.00000160579600106,0.00000132680429488,0.00000100994623153,8.02801650934e-7,9.57569909588e-7,3.3589410009e-7,2.38459023194e-7,1.57401842671e-7,1.01767142269e-7,6.19810833768e-8,4.2127933142e-8,3.62360452755e-8],"dvar":[0.00006922850298,0.0000121193361338,0.00000134555068598,0.00000307607160721,0.00000170523946963,5.41791905562e-7,6.29215151093e-7,3.69244787635e-7,1.30162860046e-7,3.44157058407e-8,3.22392637031e-8,7.28443749765e-9,2.53601872835e-9,1.38211464495e-9,8.01979149756e-10,4.05931205316e-10,1.78133618967e-10,1.2311539288e-10,8.94810128771e-11,5.15327953921e-11,8.07985622853e-11,5.14160311549e-11,5.71421104878e-11,9.11743458509e-11,1.70020924423e-11,2.35644299212e-11,1.68262435235e-11,8.7432040774e-12,6.99632018986e-12,5.31292674785e-12,3.19216137898e-12,1.58033894131e-12,2.42962377647e-12,2.85404214368e-13,1.68262701949e-13,6.34348734023e-14,2.11609684175e-14,5.06093461545e-15,1.96901765963e-15,1.48951548456e-15],"dvar2":[0.000185831013368,0.0000270144209935,0.00000332337572218,0.00000669890732752,0.00000391081221096,0.00000128374449559,0.00000142546832649,8.85742622359e-7,3.37804351602e-7,8.87251019321e-8,8.02254973564e-8,1.79523471644e-8,6.41624220421e-9,3.61791752113e-9,2.1632318159e-9,1.10241826778e-9,4.87929974202e-10,3.4464994747e-10,2.38386366203e-10,1.40552139372e-10,2.11333783806e-10,1.31351013399e-10,1.44541198455e-10,2.33966818142e-10,3.99933801354e-11,5.41592951042e-11,4.00322171246e-11,1.94386173824e-11,1.59654789389e-11,1.1797271493e-11,6.99292837178e-12,3.29978167186e-12,5.80427242727e-12,6.38792079129e-13,3.95847308925e-13,1.49150196317e-13,4.89264492364e-14,1.19068014319e-14,4.84392138623e-15,3.6543250217e-15],"max":[0.0937441959977,0.0419602543116,0.0178592838347,0.0564713440835,0.0261396914721,0.0151074044406,0.0184402987361,0.0172139648348,0.0152305532247,0.00432232394814,0.00580080645159,0.00193853315432,0.00129274232313,0.00104063155595,0.000471120118164,0.000274635705864,0.000275750033325,0.000173456777702,0.000167035279446,0.000134647561936,0.000146492573549,0.000193434534594,0.000113595997391,0.000191913801245,0.00012077667634,0.000080756515672,0.0000717888979125,0.0000913872354431,0.0000715865317034,0.0000634368188912,0.0000395513197873,0.000025226672733,0.0000256995808741,0.00000930866463023,0.00000881832329469,0.00000531813202542,0.00000306045990328,0.00000102984802197,6.24580366093e-7,5.65849632039e-7],"mean":[0.00375489052385,0.00232240697369,0.000865922367666,0.00112766772509,0.000828978198115,0.000535337661859,0.000456199224573,0.000310605799314,0.000168572267285,0.000162212192663,0.000122174300486,0.0000653443566989,0.0000477495304949,0.0000392478286813,0.000030670020351,0.000022143651222,0.0000149068127939,0.0000118403931992,0.0000102699113995,0.00000740809673516,0.0000076537453424,0.00000647077195026,0.00000634455682302,0.00000664645585857,0.00000424394693255,0.00000481484312331,0.00000405741729992,0.00000218361969928,0.00000197304348148,0.00000164121706803,0.00000120128208891,9.29374152747e-7,9.14329405077e-7,3.65777196976e-7,2.42598844125e-7,1.55310374339e-7,9.12769948513e-8,4.99097687623e-8,2.88614074861e-8,2.29617516112e-8],"median":[0.00131524552125,0.000846870418172,0.000324929133058,0.000337662757374,0.000270359654678,0.000218882720219,0.000139560725074,0.0000841809232952,0.0000621188373771,0.0000865256006364,0.0000565089649172,0.0000315883225994,0.0000250767661782,0.0000211660917557,0.0000182372532436,0.0000127887797134,0.00000828234442452,0.00000608350273978,0.00000470941358799,0.0000030861920095,0.00000229000579566,0.00000189376510207,0.00000207949278774,0.00000191526623894,0.00000170435419022,0.00000173991634256,0.0000014028056512,6.29566443422e-7,5.41776216778e-7,4.17888600168e-7,3.26578515342e-7,2.56993473613e-7,2.25956355848e-7,1.01178784462e-7,6.03218239803e-8,4.11997760352e-8,2.71866795742e-8,1.71235896573e-8,1.05039070775e-8,7.72902275514e-9],"min":[1.28892614393e-24,1.0294970079e-24,1.22416243855e-24,1.51895522288e-24,1.48824969961e-24,1.84969620144e-24,2.80331504546e-24,3.2202233007e-24,1.559132106e-24,1.47626690246e-24,2.10336783615e-24,3.84726201299e-24,2.81888696251e-24,4.76009004288e-24,4.3393577844e-24,3.35330926301e-24,4.87424137131e-24,4.51287129038e-24,3.50197641148e-24,3.34337632092e-24,3.43164393976e-24,4.81585777572e-24,4.03670617052e-24,4.41670086299e-24,3.89676500694e-24,5.05756278492e-24,4.53395320364e-24,5.02647969311e-24,4.99066501358e-24,4.14111861664e-24,5.08876736132e-24,5.95300668705e-24,4.93750841034e-24,5.42674258882e-24,6.7441722494e-24,6.01947847351e-24,5.31862604631e-24,6.76404759991e-24,6.04318334928e-24,6.19493099959e-24],"var":[0.0000586900823691,0.000016650694306,0.00000253736243394,0.00000626860628472,0.00000329811450683,0.00000104980017568,0.00000125611825297,7.23057041796e-7,1.80898936719e-7,6.11049841837e-8,5.36499662473e-8,1.33967050786e-8,4.72511896277e-9,2.68481903376e-9,1.52734924708e-9,7.86270160091e-10,3.81467718524e-10,2.59662319424e-10,2.10487877128e-10,1.1445990683e-10,1.81481635275e-10,1.30230951023e-10,1.06014544365e-10,1.42396122671e-10,4.45246547964e-11,5.64513505386e-11,3.98738542184e-11,1.9250288863e-11,1.76021072718e-11,1.20478982693e-11,6.79322960731e-12,3.52021818813e-12,3.43153261882e-12,5.07498231807e-13,2.59064742315e-13,9.71723854268e-14,3.02591780029e-14,7.12353353388e-15,2.4090428054e-15,1.72597140217e-15]},"melbands_crest":{"dmean":4.52937889099,"dmean2":7.39607429504,"dvar":16.3254623413,"dvar2":40.9788742065,"max":39.7762870789,"mean":17.0464687347,"median":15.7171707153,"min":1.5463552475,"var":54.0884857178},"melbands_flatness_db":{"dmean":0.0404568649828,"dmean2":0.0627843588591,"dvar":0.00140987709165,"dvar2":0.00338991708122,"max":0.761241793633,"mean":0.283598691225,"median":0.279249966145,"min":0.00250821909867,"var":0.00723658362404},"melbands_kurtosis":{"dmean":17.1802940369,"dmean2":27.9668197632,"dvar":2185.86816406,"dvar2":5461.22998047,"max":1107.98974609,"mean":27.3921871185,"median":9.70274925232,"min":-1.64133286476,"var":4339.16455078},"melbands_skewness":{"dmean":1.09530460835,"dmean2":1.72307646275,"dvar":1.98531424999,"dvar2":4.91186761856,"max":30.2206687927,"mean":3.1006975174,"median":2.49044322968,"min":-1.85301780701,"var":6.95317554474},"melbands_spread":{"dmean":4.38419866562,"dmean2":6.83224725723,"dvar":44.0603256226,"dvar2":93.2691650391,"max":171.493499756,"mean":12.6585111618,"median":9.47733020782,"min":0.0689894780517,"var":219.653121948},"mfcc":{"cov":[[11218.8242188,455.142791748,-1219.32336426,689.227600098,-504.102294922,143.950286865,-336.651977539,244.085418701,-130.991500854,-6.17426300049,-188.605072021,-51.2575111389,-125.491905212],[455.142791748,1263.31506348,108.611785889,-202.905654907,-39.8200340271,-110.535469055,10.0233764648,-119.918869019,-56.8217697144,-41.4658546448,38.1282806396,-71.5482559204,-19.4494590759],[-1219.32336426,108.611785889,618.657592773,-107.368804932,152.506134033,-4.04280996323,82.3920516968,-28.1515388489,37.2425193787,10.1742534637,36.5039825439,11.4695682526,3.24751257896],[689.227600098,-202.905654907,-107.368804932,416.443634033,10.6709012985,92.8625488281,18.3918132782,96.9129333496,21.4508495331,23.7833404541,-5.3721575737,10.1002950668,5.00208234787],[-504.102294922,-39.8200340271,152.506134033,10.6709012985,245.243041992,50.2068367004,92.6503601074,25.2203445435,40.4407997131,10.6349277496,14.3623638153,10.0595254898,12.5512199402],[143.950286865,-110.535469055,-4.04280996323,92.8625488281,50.2068367004,191.554748535,52.1245384216,52.7386856079,22.9684886932,1.25249993801,-22.5695457458,17.9153251648,-7.69750070572],[-336.651977539,10.0233764648,82.3920516968,18.3918132782,92.6503601074,52.1245384216,154.273681641,44.5550537109,24.9545688629,2.28673052788,19.895565033,-2.89668726921,8.12011241913],[244.085418701,-119.918869019,-28.1515388489,96.9129333496,25.2203445435,52.7386856079,44.5550537109,134.807662964,49.2319374084,36.5305938721,9.19707107544,15.7205162048,7.56415510178],[-130.991500854,-56.8217697144,37.2425193787,21.4508495331,40.4407997131,22.9684886932,24.9545688629,49.2319374084,100.842834473,48.8010444641,17.2856941223,28.5282001495,19.3265895844],[-6.17426300049,-41.4658546448,10.1742534637,23.7833404541,10.6349277496,1.25249993801,2.28673052788,36.5305938721,48.8010444641,84.8396072388,36.3814964294,31.953540802,19.7129459381],[-188.605072021,38.1282806396,36.5039825439,-5.3721575737,14.3623638153,-22.5695457458,19.895565033,9.19707107544,17.2856941223,36.3814964294,86.8865966797,19.5558166504,24.6206703186],[-51.2575111389,-71.5482559204,11.4695682526,10.1002950668,10.0595254898,17.9153251648,-2.89668726921,15.7205162048,28.5282001495,31.953540802,19.5558166504,75.5489273071,31.7132091522],[-125.491905212,-19.4494590759,3.24751257896,5.00208234787,12.5512199402,-7.69750070572,8.12011241913,7.56415510178,19.3265895844,19.7129459381,24.6206703186,31.7132091522,63.5859985352]],"icov":[[0.000159087285283,-0.000154052482685,0.000209230522159,-0.000194685489987,0.0000835876635392,-0.0000818724292913,0.000283778499579,-0.000372964917915,0.000183379685041,-0.0000945743449847,0.000225913274335,-0.000117780691653,0.000198048262973],[-0.000154052482685,0.00113828468602,-0.000301474879961,0.000448244798463,0.000148903913214,0.000238410269958,-0.000595359946601,0.00094652507687,-0.000139789568493,0.000157067901455,-0.000804812763818,0.000929675705265,-0.00017107622989],[0.000209230522159,-0.000301474879961,0.00245109759271,0.000137087379699,-0.00101247592829,0.0000529189928784,-0.000294161232887,0.000239764558501,-0.000406580744311,-0.0000910020316951,-0.000221395253902,-0.000621277780738,0.000947426015045],[-0.000194685489987,0.000448244798463,0.000137087379699,0.00351614784449,-0.000218598986976,-0.00105782155879,-0.00000368185874322,-0.00135125289671,0.000320724735502,-0.000283382891212,-0.000484979682369,0.000762372626923,-0.000656488293316],[0.0000835876635392,0.000148903913214,-0.00101247592829,-0.000218598986976,0.00624795723706,-0.000777121051215,-0.0026423886884,0.000365523912478,-0.0012721264502,0.00012300319213,0.000181597395567,0.000172896892764,-0.000562005210668],[-0.0000818724292913,0.000238410269958,0.0000529189928784,-0.00105782155879,-0.000777121051215,0.00769344996661,-0.00233857776038,-0.000916504592169,-0.000518401095178,0.000800105975941,0.00224876194261,-0.00285913143307,0.00194902997464],[0.000283778499579,-0.000595359946601,-0.000294161232887,-0.00000368185874322,-0.0026423886884,-0.00233857776038,0.0111849540845,-0.00393486674875,-0.0000752948544687,0.00203783251345,-0.00231161876582,0.00203701318242,-0.00105828442611],[-0.000372964917915,0.00094652507687,0.000239764558501,-0.00135125289671,0.000365523912478,-0.000916504592169,-0.00393486674875,0.0137922074646,-0.00430690357462,-0.00272153527476,-0.000522864924278,0.00071105256211,0.000326787674567],[0.000183379685041,-0.000139789568493,-0.000406580744311,0.000320724735502,-0.0012721264502,-0.000518401095178,-0.0000752948544687,-0.00430690357462,0.0171203333884,-0.00765495095402,0.00186861108523,-0.001837460557,-0.00161253975239],[-0.0000945743449847,0.000157067901455,-0.0000910020316951,-0.000283382891212,0.00012300319213,0.000800105975941,0.00203783251345,-0.00272153527476,-0.00765495095402,0.0219528060406,-0.00708246510476,-0.00413292646408,0.00034891749965],[0.000225913274335,-0.000804812763818,-0.000221395253902,-0.000484979682369,0.000181597395567,0.00224876194261,-0.00231161876582,-0.000522864924278,0.00186861108523,-0.00708246510476,0.017528725788,-0.0018759239465,-0.00338088301942],[-0.000117780691653,0.000929675705265,-0.000621277780738,0.000762372626923,0.000172896892764,-0.00285913143307,0.00203701318242,0.00071105256211,-0.001837460557,-0.00413292646408,-0.0018759239465,0.0211969129741,-0.00870700925589],[0.000198048262973,-0.00017107622989,0.000947426015045,-0.000656488293316,-0.000562005210668,0.00194902997464,-0.00105828442611,0.000326787674567,-0.00161253975239,0.00034891749965,-0.00338088301942,-0.00870700925589,0.0225452892482]],"mean":[-707.273864746,167.532287598,1.27506673336,32.2153701782,-7.8848695755,10.3681917191,2.0826280117,6.04559659958,-2.0273141861,2.98464798927,3.37945270538,0.456506073475,0.900216281414]},"pitch_salience":{"dmean":0.0929322466254,"dmean2":0.150827020407,"dvar":0.00737979914993,"dvar2":0.0193606540561,"max":0.914509475231,"mean":0.523945271969,"median":0.552441120148,"min":0.0187505185604,"var":0.0213666092604},"silence_rate_20dB":{"dmean":0,"dmean2":0,"dvar":0,"dvar2":0,"max":1,"mean":1,"median":1,"min":1,"var":0},"silence_rate_30dB":{"dmean":0.0640269592404,"dmean2":0.128069326282,"dvar":0.0599242374301,"dvar2":0.131168872118,"max":1,"mean":0.935379087925,"median":1,"min":0,"var":0.060448396951},"silence_rate_60dB":{"dmean":0.0180527139455,"dmean2":0.0361097753048,"dvar":0.0177262127399,"dvar2":0.0379371717572,"max":1,"mean":0.0638989135623,"median":0,"min":0,"var":0.0598208680749},"spectral_centroid":{"dmean":197.186843872,"dmean2":294.835754395,"dvar":75171.5234375,"dvar2":138456.953125,"max":11769.7539062,"mean":928.942626953,"median":669.163574219,"min":68.3086395264,"var":1062767},"spectral_complexity":{"dmean":2.95823812485,"dmean2":4.48579692841,"dvar":10.1474838257,"dvar2":19.0765380859,"max":47,"mean":14.817568779,"median":14,"min":0,"var":83.9051589966},"spectral_contrast_coeffs":{"dmean":[0.0563773550093,0.050056386739,0.0378675423563,0.0277186147869,0.0227311141789,0.0365489162505],"dmean2":[0.0908015444875,0.0830947011709,0.0631674230099,0.0464797616005,0.0366667099297,0.0566464141011],"dvar":[0.00214898493141,0.00159394554794,0.000903986103367,0.00048590177903,0.000386800413253,0.00109669461381],"dvar2":[0.00522878253832,0.0043344697915,0.00252248975448,0.00134037807584,0.000977033399977,0.00247319764458],"max":[-0.284435778856,-0.399688661098,-0.543543279171,-0.624476015568,-0.664802074432,-0.479683458805],"mean":[-0.682660996914,-0.761647880077,-0.806032538414,-0.830453157425,-0.835309863091,-0.75921434164],"median":[-0.690232336521,-0.766881287098,-0.808687269688,-0.828926682472,-0.829307496548,-0.76186478138],"min":[-0.975959539413,-0.979667425156,-0.977989792824,-0.986403524876,-0.971168279648,-0.964004874229],"var":[0.0103237340227,0.00580848520622,0.00327327335253,0.00200434192084,0.00198824168183,0.00643308833241]},"spectral_contrast_valleys":{"dmean":[0.440568029881,0.392425179482,0.354150742292,0.344293981791,0.359578371048,0.608503103256],"dmean2":[0.685837805271,0.631720542908,0.560228168964,0.535619258881,0.520826339722,0.950701594353],"dvar":[0.178332805634,0.143772989511,0.143494829535,0.161602899432,0.167135372758,0.273971766233],"dvar2":[0.351383417845,0.302935957909,0.284156441689,0.342359095812,0.3382602036,0.671370267868],"max":[-4.96149539948,-4.50594377518,-5.31264638901,-6.17754364014,-6.11105680466,-9.07546615601],"mean":[-7.13674259186,-6.71119213104,-7.35138177872,-8.06221008301,-8.21887111664,-11.3928022385],"median":[-6.8158826828,-6.37042999268,-6.94305801392,-7.65906143188,-7.85712242126,-11.152009964],"min":[-28.1951332092,-28.1237869263,-27.7781772614,-27.7029914856,-27.6004600525,-27.4739112854],"var":[4.12674474716,4.26298666,4.10964584351,3.90804696083,4.07121992111,2.88291716576]},"spectral_decrease":{"dmean":4.51823467529e-9,"dmean2":7.13463510493e-9,"dvar":6.12096514107e-17,"dvar2":1.543822102e-16,"max":6.31233110227e-9,"mean":-7.61061258459e-9,"median":-4.4209929051e-9,"min":-8.59232756056e-8,"var":8.77697856051e-17},"spectral_energy":{"dmean":0.0173978917301,"dmean2":0.0270324144512,"dvar":0.000893099291716,"dvar2":0.00223844638094,"max":0.333022773266,"mean":0.0403725430369,"median":0.029259826988,"min":1.02555152892e-20,"var":0.00153328210581},"spectral_energyband_high":{"dmean":0.000122168421512,"dmean2":0.000166792888194,"dvar":5.8724477725e-8,"dvar2":1.11160773031e-7,"max":0.00540831498802,"mean":0.000341291161021,"median":0.000118112191558,"min":7.06276937698e-21,"var":2.75242229009e-7},"spectral_energyband_low":{"dmean":0.0133918495849,"dmean2":0.0217956919223,"dvar":0.000811399251688,"dvar2":0.00209110300057,"max":0.308274894953,"mean":0.0176120623946,"median":0.00759980734438,"min":1.40038903439e-23,"var":0.000826871488243},"spectral_energyband_middle_high":{"dmean":0.000783534371294,"dmean2":0.00120505399536,"dvar":0.00000137828214974,"dvar2":0.0000031054782994,"max":0.0249292049557,"mean":0.00225368561223,"median":0.00164866982959,"min":1.22676913001e-21,"var":0.00000537050482308},"spectral_energyband_middle_low":{"dmean":0.00629951292649,"dmean2":0.00971844512969,"dvar":0.000101214456663,"dvar2":0.000227435826673,"max":0.241893589497,"mean":0.0143275763839,"median":0.00835884176195,"min":1.88206472633e-22,"var":0.000302252476104},"spectral_entropy":{"dmean":0.232399404049,"dmean2":0.351668983698,"dvar":0.0565233677626,"dvar2":0.13062530756,"max":9.81645679474,"mean":7.29090881348,"median":7.37459468842,"min":4.29360437393,"var":0.316201597452},"spectral_flux":{"dmean":0.0326917730272,"dmean2":0.0529990158975,"dvar":0.00184513523709,"dvar2":0.0042340606451,"max":0.502907633781,"mean":0.107101082802,"median":0.0961506068707,"min":6.13090272994e-11,"var":0.00446173921227},"spectral_kurtosis":{"dmean":5.02632141113,"dmean2":7.83514308929,"dvar":49.6846084595,"dvar2":130.283508301,"max":140.745727539,"mean":17.5858135223,"median":14.3512840271,"min":-1.25138449669,"var":137.384750366},"spectral_rms":{"dmean":0.00117913435679,"dmean2":0.00174469628837,"dvar":0.00000224432756113,"dvar2":0.00000495932545164,"max":0.0180249903351,"mean":0.00559249334037,"median":0.00534286163747,"min":3.16312839636e-12,"var":0.00000811187965155},"spectral_rolloff":{"dmean":4015.65063477,"dmean2":7751.75488281,"dvar":58259760,"dvar2":134655744,"max":22028.4667969,"mean":10793.2871094,"median":3983.64257812,"min":21.533203125,"var":106338168},"spectral_skewness":{"dmean":0.415787637234,"dmean2":0.627855241299,"dvar":0.228317037225,"dvar2":0.559847533703,"max":9.08578205109,"mean":2.85168743134,"median":2.61559963226,"min":-0.0878009870648,"var":1.08785426617},"spectral_spread":{"dmean":529379.625,"dmean2":835990.8125,"dvar":461104742400,"dvar2":966380814336,"max":42159416,"mean":4204009,"median":3910677.5,"min":892483.3125,"var":10424142528500},"spectral_strongpeak":{"dmean":4.74873065948,"dmean2":8.7674779892,"dvar":201.130706787,"dvar2":535.966369629,"max":184.772109985,"mean":4.3949136734,"median":0.371327638626,"min":0,"var":194.402877808},"zerocrossingrate":{"dmean":0.0442831553519,"dmean2":0.0537998005748,"dvar":0.00154672027566,"dvar2":0.00208325637504,"max":0.759765625,"mean":0.251329183578,"median":0.23876953125,"min":0,"var":0.017249180004}},"metadata":{"audio_properties":{"analysis_sample_rate":44100,"bit_rate":261792,"codec":"mp3","downmix":"mix","equal_loudness":0,"length":192.915344238,"lossless":false,"md5_encoded":"513a86d57ec3135d7c6dcaf354954e59","replay_gain":-10.489572525,"sample_rate":44100},"tags":{"acoustid_id":["576db561-1a92-45f3-b9b5-6be391c14a0b"],"album":["AM"],"albumartist":["Arctic Monkeys"],"albumartistsort":["Arctic Monkeys"],"artist":["Arctic Monkeys"],"artistsort":["Arctic Monkeys"],"asin":["B00DKY4LBW"],"barcode":["887828031726"],"catalognumber":["WIGCD317"],"composer":["Jamie ’Cookie’ Cook","Nick O'Malley","Matt Helders","Alex Turner"],"contentgroup":["Indie"],"date":["2013-09-09"],"discnumber":["1/1"],"file_name":"10 Snap Out of It.mp3","genre":["Indie; Indie Rock; Alternative; Alternative Rock"],"label":["Domino"],"language":["eng"],"lyricist":["Alex Turner"],"media":["CD"],"mood":["Sexy; Energetic"],"musicbrainz album release country":["GB"],"musicbrainz album status":["official"],"musicbrainz album type":["album"],"musicbrainz_albumartistid":["ada7a83c-e3e1-40f1-93f9-3e73dbc9298a"],"musicbrainz_albumid":["aa087ce4-d417-45e3-bff0-db21b61e8daf"],"musicbrainz_artistid":["ada7a83c-e3e1-40f1-93f9-3e73dbc9298a"],"musicbrainz_recordingid":["adadc047-e040-45d5-b020-0603db0d69dc"],"musicbrainz_releasegroupid":["a348ba2f-f8b3-4686-b928-e63d8d94d543"],"musicbrainz_workid":["02f41366-7be0-4a04-bdf3-1dbfbbd5b6c7"],"originaldate":["2013-09-09"],"originalyear":["2013"],"script":["Latn"],"title":["Snap Out of It"],"tracknumber":["10/12"]},"version":{"essentia":"2.1-beta1","essentia_build_sha":"ca57ba49d9b1854bd80e60cf9ccf267278fb7d6b","essentia_git_sha":"v2.1_beta1-28-g21ef5f4-dirty","extractor":"music 1.0"}},"rhythm":{"beats_count":416,"beats_loudness":{"dmean":0.0262147579342,"dmean2":0.0450580902398,"dvar":0.000452902022516,"dvar2":0.00140036852099,"max":0.158539935946,"mean":0.0