{"lowlevel":{"average_loudness":0.602709174156,"barkbands":{"dmean":[0.0000617960831732,0.000147352286149,0.000301232183119,0.000968814711086,0.00102538929787,0.000504068273585,0.000827892508823,0.000406714359997,0.000669487286359,0.000490740989335,0.00029597899993,0.000302060740069,0.00027925579343,0.000199910180527,0.000207127843169,0.0000974402209977,0.000173938038643,0.000156032809173,0.0000653373717796,0.0000990217740764,0.0000668690772727,0.0000470322011097,0.0000718083683751,0.0000646593980491,0.0000308135713567,0.00000496708344144,0.00000365668620361],"dmean2":[0.0000607186739217,0.000239987581153,0.000485957571073,0.00162374437787,0.00151618081145,0.00075225852197,0.00121444754768,0.000564243120607,0.000953367562033,0.000663885963149,0.00041552100447,0.000428179366281,0.000388737389585,0.000267480878392,0.000279451778624,0.000136738060974,0.000251250603469,0.000223990937229,0.0000947560765781,0.000144601755892,0.0000929365342017,0.000064947802457,0.000094528972113,0.0000886658745003,0.0000390044879168,0.00000636153845335,0.0000051526039897],"dvar":[1.63850550905e-8,1.96219673398e-7,4.05715837815e-7,0.00000385255452784,0.00000379858033739,0.00000177849472038,0.00000707915114617,0.00000265147355094,0.00000490347792947,0.00000255774148172,0.00000163046627222,0.00000155973145866,9.4275947049e-7,4.66622509521e-7,4.05019079608e-7,1.33114554046e-7,4.13471354932e-7,8.04716307812e-7,1.83050108404e-8,5.64283375581e-8,3.91220957852e-8,4.81647006723e-8,1.97038943384e-7,1.82643034918e-7,1.95484552989e-8,2.38573660827e-10,1.65952931952e-10],"dvar2":[1.45882008695e-8,5.10027177825e-7,0.00000106946515643,0.0000103026814031,0.00000723363609723,0.00000420484229835,0.00001464235811,0.0000049296868383,0.00000982923302217,0.00000442533382738,0.00000307004211209,0.00000307366758534,0.00000158257535077,7.72084320033e-7,6.47843705792e-7,2.77759596656e-7,8.25714721486e-7,0.00000132268201014,3.60667371524e-8,1.11556332172e-7,6.69837447731e-8,8.76254233617e-8,3.20483536598e-7,3.3501257235e-7,2.98755118422e-8,3.60184049253e-10,3.54717061279e-10],"max":[0.00768663315102,0.00898843165487,0.0115004107356,0.0463217496872,0.135161668062,0.0392249561846,0.0866472795606,0.101177871227,0.0871488004923,0.0609374828637,0.0547813512385,0.0473805814981,0.0538938343525,0.0396622642875,0.0243890993297,0.0186978746206,0.0315122716129,0.0685481056571,0.0041336575523,0.0107540776953,0.00873912032694,0.0112726688385,0.0270933266729,0.0273275543004,0.00818911287934,0.000923154992051,0.000440793373855],"mean":[0.000191316765267,0.000207857898204,0.00069779419573,0.00169323419686,0.00263177789748,0.00119532027747,0.00189426308498,0.000802534981631,0.00138738250826,0.0011079297401,0.000585071335081,0.000565310067032,0.000561217893846,0.000402032048441,0.000462548312498,0.000181267896551,0.00038313496043,0.000354243209586,0.000148205639562,0.000209252495551,0.000177899171831,0.0000995402951958,0.000131988956127,0.000121605597087,0.000093659858976,0.0000126344129967,0.00000593239201407],"median":[0.000088047607278,0.0000207311350096,0.000299651990645,0.000813930411823,0.0012008997146,0.000520422530826,0.000657012104057,0.000294611789286,0.000325041648466,0.000244446942816,0.0000591504031036,0.0000676692725392,0.0000802181457402,0.0000643378007226,0.0000724963829271,0.0000322806081385,0.0000689728112775,0.0000563359280932,0.0000642161394353,0.0000892685347935,0.000033977907151,0.0000153861474246,0.00000874129273143,0.000010303736417,0.00000387923410017,0.00000194416816157,0.0000011328461369],"min":[2.42770192838e-10,3.39095307389e-10,2.05303052336e-10,6.24859747278e-11,4.02444744196e-10,1.37900940667e-10,4.99403365883e-11,8.95171367588e-11,7.69632552133e-11,1.15662297448e-11,3.68379146631e-11,1.38904693303e-10,9.94931775855e-11,3.97674809749e-11,8.06778879814e-11,9.22897938627e-11,3.05481404062e-11,8.57014320621e-11,3.22156260002e-11,6.94823434899e-11,3.44278147657e-11,9.38880570511e-11,1.02931253798e-10,2.15039583362e-10,3.29175714464e-10,5.24645438205e-10,1.30792188191e-9],"var":[9.61998125604e-8,2.88056270392e-7,0.00000105605818135,0.0000064629375629,0.0000229513334489,0.00000474370062875,0.0000210708603845,0.00000701857516106,0.000016494133888,0.0000108374524643,0.00000617794285063,0.00000506259220856,0.00000360357944373,0.00000176725677647,0.00000212945474232,3.491069549e-7,0.00000166926247402,0.0000040830495891,6.36112531538e-8,1.6536887415e-7,2.55816473782e-7,1.2937117333e-7,4.70214075676e-7,3.64950750509e-7,1.0867096023e-7,1.37284006385e-9,3.32074978626e-10]},"barkbands_crest":{"dmean":1.95584952831,"dmean2":3.06502866745,"dvar":3.53331899643,"dvar2":8.75628566742,"max":25.235086441,"mean":9.1612663269,"median":8.44828605652,"min":2.60800051689,"var":12.9637680054},"barkbands_flatness_db":{"dmean":0.0160494316369,"dmean2":0.0233136452734,"dvar":0.000249513337621,"dvar2":0.000510339450557,"max":0.330511391163,"mean":0.129222989082,"median":0.126550257206,"min":0.0210364200175,"var":0.0018459786661},"barkbands_kurtosis":{"dmean":1.7272400856,"dmean2":2.64806365967,"dvar":6.85399961472,"dvar2":16.4887981415,"max":73.8040161133,"mean":3.39286875725,"median":2.08283877373,"min":-1.92594408989,"var":24.2438869476},"barkbands_skewness":{"dmean":0.367858916521,"dmean2":0.538273155689,"dvar":0.157066479325,"dvar2":0.319368481636,"max":7.00102615356,"mean":1.33283698559,"median":1.35428833961,"min":-2.94461774826,"var":1.07490706444},"barkbands_spread":{"dmean":4.33035993576,"dmean2":6.32251930237,"dvar":40.8497314453,"dvar2":75.927192688,"max":143.028671265,"mean":21.7281494141,"median":16.4657287598,"min":1.49049890041,"var":281.73223877},"dissonance":{"dmean":0.0198046155274,"dmean2":0.0329862535,"dvar":0.000424066209234,"dvar2":0.00116212968715,"max":0.500000119209,"mean":0.449524611235,"median":0.456559985876,"min":0.253223448992,"var":0.00108501198702},"dynamic_complexity":4.86882925034,"erbbands":{"dmean":[0.00196340633556,0.0424313209951,0.269838422537,1.86927628517,3.60917139053,3.72489619255,2.51570677757,4.78923940659,10.7556247711,9.46032619476,10.5068693161,15.0536346436,12.6345014572,16.6262531281,11.2558612823,10.5810575485,10.2922821045,12.0009174347,10.4737348557,6.87849092484,5.10812091827,7.88690185547,8.91847515106,4.72406053543,3.47428560257,5.090239048,3.39673733711,1.8868252039,1.51955485344,1.89360141754,2.20957112312,1.67686390877,0.955254375935,0.477644503117,0.138159796596,0.0339945182204,0.0076497476548,0.00258652376942,0.000765629753005,0.0000334444885084],"dmean2":[0.0033159928862,0.0687938705087,0.42985150218,3.1744761467,5.79203557968,5.20152854919,3.67107391357,7.11129713058,15.6738319397,13.6640720367,14.6386566162,21.3111553192,17.3919143677,21.8509616852,15.9638652802,14.4802026749,14.309381485,15.2053642273,13.3118219376,9.44624233246,6.86557531357,11.2166843414,12.4444208145,6.80409431458,4.82319545746,7.44389247894,4.72713088989,2.62409901619,2.09741711617,2.56561660767,2.9022564888,2.3016808033,1.27669525146,0.615683913231,0.170958295465,0.0417657233775,0.0100174499676,0.00367586011998,0.00108401523903,0.0000462883035652],"dvar":[0.0000449790604762,0.0148668298498,0.333116978407,15.3943376541,35.5269927979,93.563873291,33.975440979,178.860610962,999.440734863,1583.89465332,1652.63415527,2865.88598633,2138.77539062,2776.83325195,2039.05529785,2181.88964844,1221.8972168,1932.94628906,1237.96350098,513.113708496,308.118377686,663.607543945,1563.82226562,398.094085693,65.3570022583,165.81199646,109.077552795,42.7870063782,46.7036514282,96.416847229,190.939422607,176.91116333,26.5996704102,5.46937656403,0.380158424377,0.0172905623913,0.000516101426911,0.0000601046886004,0.00000961728619586,9.05821906372e-9],"dvar2":[0.000119774085761,0.0381867699325,0.850497484207,43.8523483276,90.7389907837,148.193313599,72.3584976196,414.897644043,2008.85266113,3223.75439453,3115.23901367,5852.45898438,3990.9206543,4623.79101562,4031.71630859,4161.53857422,2291.73706055,2379.17675781,1784.35876465,985.119750977,577.231140137,1324.88513184,2707.85693359,634.635253906,120.273033142,336.392089844,186.412857056,72.7783355713,86.8898696899,177.610977173,312.337982178,307.217010498,44.8353233337,8.84558486938,0.51504868269,0.0226130578667,0.000871253607329,0.000135532041895,0.0000209721856663,1.86578468231e-8],"max":[0.239407211542,2.27494382858,12.655667305,95.31640625,118.489059448,798.108581543,213.9322052,427.448944092,1348.07348633,1742.03540039,2117.6184082,2126.27587891,1929.20080566,1979.66601562,1656.00219727,2136.83691406,1439.13879395,3806.29638672,1532.32299805,863.249206543,960.165344238,1085.64147949,2870.91772461,1647.83984375,310.064025879,587.106933594,510.657714844,476.557861328,329.953704834,416.171020508,646.320556641,1056.00952148,184.265701294,109.053825378,44.0896682739,10.0694026947,1.28511881828,0.252849310637,0.118061609566,0.00260501005687],"mean":[0.00245056464337,0.066623032093,0.608649194241,3.8620467186,7.06412696838,10.0488300323,6.41439580917,11.132973671,26.1480503082,20.5471134186,22.637386322,31.0290870667,27.3881530762,38.9166564941,23.9628372192,21.4644584656,21.822763443,28.9781398773,25.7708625793,14.1365823746,11.5242443085,18.3046398163,21.6229324341,11.4508218765,8.3151884079,11.1335573196,8.54107761383,4.83405256271,3.3381934166,3.80162501335,3.97917413712,2.97436738014,1.98523795605,1.26274228096,0.452315300703,0.0985447764397,0.0185797810555,0.00443868571892,0.00120880687609,0.0000703337573214],"median":[0.000859666382894,0.0115133281797,0.271571457386,1.89854645729,3.95293998718,3.32593679428,3.20579576492,4.79662895203,9.71851825714,6.32602787018,9.26519680023,7.91032886505,7.26289415359,8.44734668732,3.77493524551,2.94813966751,3.76440382004,4.15510368347,2.99825882912,3.62157464027,2.37892222404,3.60709381104,3.28335022926,4.21200370789,3.25280332565,4.63517999649,1.98970198631,1.04159331322,0.574558615685,0.36844214797,0.244759202003,0.191320598125,0.167870864272,0.0541871935129,0.0221587941051,0.00920424051583,0.00295701297,0.00140039715916,0.000186269797268,0.0000309985261993],"min":[1.15134799472e-8,7.17667631989e-8,2.26980830575e-7,3.46846803723e-7,7.20145180821e-7,0.00000144382784129,0.00000165415872289,8.69892573974e-7,4.65292487206e-7,0.00000173943465143,0.00000347807804246,0.00000241454904426,6.5641592073e-7,6.6561614176e-7,0.00000251141295848,0.00000608032041782,0.00000497560768054,0.0000021168573312,0.00000227997384172,0.0000067248047344,0.00000348791104443,0.00000217734032049,0.00000404012189392,0.00000245702995016,0.00000181238647201,0.00000312466931973,0.00000210471625905,0.00000172877855675,0.00000397108624384,0.00000237596850639,0.00000291234232463,0.00000284350267066,0.00000473872523798,0.00000339937423632,0.00000271083513326,0.00000139124938414,0.00000105882588741,6.43094381303e-7,1.81661448551e-7,1.73495529054e-8],"var":[0.0000355860975105,0.0252286437899,0.871053040028,28.7350215912,79.9339447021,669.600708008,125.376960754,448.493621826,3436.54345703,4710.05273438,3861.40039062,8528.63769531,6312.85253906,12338.4619141,6750.79052734,7459.48339844,4125.41259766,11032.4326172,7835.91015625,1378.45056152,1114.47265625,2697.82202148,7585.87255859,2120.33496094,245.179870605,466.019622803,623.806945801,236.357437134,128.484680176,244.685134888,448.534759521,334.649841309,66.9861450195,22.34034729,3.1793961525,0.11563283205,0.00265542627312,0.000100803110399,0.0000190990758711,1.91392608428e-8]},"erbbands_crest":{"dmean":2.059466362,"dmean2":3.14284515381,"dvar":4.14660024643,"dvar2":9.69788837433,"max":32.8036270142,"mean":9.53815078735,"median":8.68091773987,"min":1.85931384563,"var":16.9068393707},"erbbands_flatness_db":{"dmean":0.0148501265794,"dmean2":0.0199393257499,"dvar":0.000225254130783,"dvar2":0.000391505600419,"max":0.338499575853,"mean":0.170782059431,"median":0.168621450663,"min":0.0156636182219,"var":0.00186711549759},"erbbands_kurtosis":{"dmean":0.728094696999,"dmean2":1.08014822006,"dvar":1.17885649204,"dvar2":2.48557686806,"max":53.3233757019,"mean":0.521071732044,"median":-0.172566175461,"min":-1.80503940582,"var":5.60430860519},"erbbands_skewness":{"dmean":0.287794232368,"dmean2":0.410566806793,"dvar":0.0867673009634,"dvar2":0.167248904705,"max":5.46516752243,"mean":0.456400960684,"median":0.504086375237,"min":-4.03906154633,"var":0.589869141579},"erbbands_spread":{"dmean":5.91851186752,"dmean2":8.5920009613,"dvar":49.4944992065,"dvar2":103.442703247,"max":127.59135437,"mean":36.760684967,"median":35.6458587646,"min":1.74984157085,"var":284.083221436},"gfcc":{"cov":[[8789.75292969,-6.75550079346,-998.017883301,-35.4154701233,-606.323730469,-1.68793463707,-548.631225586,-4.75510120392,-274.474029541,-217.510559082,-156.422576904,-225.247756958,-131.446563721],[-6.75550079346,1938.84448242,-137.531341553,-239.372344971,294.894897461,-448.863006592,149.947753906,-201.826477051,-10.6444683075,-167.579162598,26.4070014954,-110.66116333,-71.3138580322],[-998.017883301,-137.531341553,630.817871094,151.299331665,93.1911315918,46.8953399658,102.232467651,25.8864955902,49.1769943237,81.2646026611,6.62048339844,57.3214988708,-21.6218910217],[-35.4154701233,-239.372344971,151.299331665,319.326751709,-16.3052749634,51.3512573242,-63.8579177856,51.1011276245,31.5297489166,25.957490921,-33.7562789917,9.93786239624,-3.65952897072],[-606.323730469,294.894897461,93.1911315918,-16.3052749634,359.327209473,-62.9029045105,77.6088790894,-7.50825929642,17.2494468689,6.68135690689,-9.84124851227,-2.29258227348,6.67841768265],[-1.68793463707,-448.863006592,46.8953399658,51.3512573242,-62.9029045105,378.136260986,-19.5633163452,53.9431610107,-23.5051326752,45.2981796265,4.54734945297,8.24741840363,4.39632606506],[-548.631225586,149.947753906,102.232467651,-63.8579177856,77.6088790894,-19.5633163452,310.257995605,-27.3356018066,-14.9558315277,12.6853847504,26.9474315643,29.0761375427,-16.5770492554],[-4.75510120392,-201.826477051,25.8864955902,51.1011276245,-7.50825929642,53.9431610107,-27.3356018066,150.034805298,14.4990558624,7.50135231018,-13.5439033508,16.5213356018,21.4105396271],[-274.474029541,-10.6444683075,49.1769943237,31.5297489166,17.2494468689,-23.5051326752,-14.9558315277,14.4990558624,117.998901367,31.1477813721,3.86603403091,-7.37037563324,-0.0312934443355],[-217.510559082,-167.579162598,81.2646026611,25.957490921,6.68135690689,45.2981796265,12.6853847504,7.50135231018,31.1477813721,139.829391479,15.1686820984,5.13072538376,-10.1476821899],[-156.422576904,26.4070014954,6.62048339844,-33.7562789917,-9.84124851227,4.54734945297,26.9474315643,-13.5439033508,3.86603403091,15.1686820984,89.1230926514,26.4219455719,-2.38054323196],[-225.247756958,-110.66116333,57.3214988708,9.93786239624,-2.29258227348,8.24741840363,29.0761375427,16.5213356018,-7.37037563324,5.13072538376,26.4219455719,96.1777572632,28.5612163544],[-131.446563721,-71.3138580322,-21.6218910217,-3.65952897072,6.67841768265,4.39632606506,-16.5770492554,21.4105396271,-0.0312934443355,-10.1476821899,-2.38054323196,28.5612163544,76.2082138062]],"icov":[[0.000190755905351,-0.0000189008933376,0.000209665377042,-0.0000456142188341,0.000217665598029,0.0000259173884842,0.000215958498302,-0.0000861602602527,0.000365839368897,0.0000474421722174,0.000205709220609,0.000110157750896,0.000390852539567],[-0.0000189008933376,0.00118515721988,-0.00000901178555068,0.000334968150128,-0.000786748074461,0.00095127383247,-0.000275532744126,0.000733038701583,-0.0000504110248585,0.00113580038305,-0.000703767698724,0.0011126070749,0.000550411758013],[0.000209665377042,-0.00000901178555068,0.00258266041055,-0.00109392264858,-0.000284470268525,-0.000165179226315,-0.000471327977721,-0.0000776865053922,-0.00024508064962,-0.00071165105328,0.00042424997082,-0.00129247270525,0.00138997123577],[-0.0000456142188341,0.000334968150128,-0.00109392264858,0.00437837652862,-0.0000233287591982,-0.0000233981281781,0.000882166670635,-0.00056755595142,-0.000722898519598,0.000191350685782,0.00131682190113,-0.000317307218211,0.00067463592859],[0.000217665598029,-0.000786748074461,-0.000284470268525,-0.0000233287591982,0.0039606387727,-0.0000706578430254,-0.000298421742627,-0.000593059405219,0.00016665282601,-0.000761481933296,0.00116202479694,0.0000288441660814,-0.000759758462664],[0.0000259173884842,0.00095127383247,-0.000165179226315,-0.0000233981281781,-0.0000706578430254,0.00392228644341,-0.000109894215711,-0.00048474848154,0.00121006509289,-0.000154193345224,-0.000888963404577,0.00130814849399,0.000241030662437],[0.000215958498302,-0.000275532744126,-0.000471327977721,0.000882166670635,-0.000298421742627,-0.000109894215711,0.00441582221538,0.000091832371254,0.00101283262484,-0.000304987479467,-0.0000953770359047,-0.00127283704933,0.00142438383773],[-0.0000861602602527,0.000733038701583,-0.0000776865053922,-0.00056755595142,-0.000593059405219,-0.00048474848154,0.000091832371254,0.008434580639,-0.00124077568762,0.000737487047445,0.000704794307239,-0.000604390574154,-0.00143549207132],[0.000365839368897,-0.0000504110248585,-0.00024508064962,-0.000722898519598,0.00016665282601,0.00121006509289,0.00101283262484,-0.00124077568762,0.0108056860045,-0.00203427649103,-0.000862396729644,0.00202658842318,-0.0000888153954293],[0.0000474421722174,0.00113580038305,-0.00071165105328,0.000191350685782,-0.000761481933296,-0.000154193345224,-0.000304987479467,0.000737487047445,-0.00203427649103,0.00976650044322,-0.00187533267308,0.00115755444858,0.00156129139941],[0.000205709220609,-0.000703767698724,0.00042424997082,0.00131682190113,0.00116202479694,-0.000888963404577,-0.0000953770359047,0.000704794307239,-0.000862396729644,-0.00187533267308,0.0145050697029,-0.00517687713727,0.00175375584513],[0.000110157750896,0.0011126070749,-0.00129247270525,-0.000317307218211,0.0000288441660814,0.00130814849399,-0.00127283704933,-0.000604390574154,0.00202658842318,0.00115755444858,-0.00517687713727,0.0162442065775,-0.00543057126924],[0.000390852539567,0.000550411758013,0.00138997123577,0.00067463592859,-0.000759758462664,0.000241030662437,0.00142438383773,-0.00143549207132,-0.0000888153954293,0.00156129139941,0.00175375584513,-0.00543057126924,0.0178016405553]],"mean":[-44.467502594,84.8073120117,-121.71169281,14.3996171951,-66.4095535278,-11.024181366,-36.7087287903,-2.00656175613,-30.1029815674,-7.8359837532,-19.1562271118,-12.3416614532,-14.2114238739]},"hfc":{"dmean":4.36439466476,"dmean2":5.46680641174,"dvar":95.4979705811,"dvar2":136.453536987,"max":425.161132812,"mean":16.4342250824,"median":7.66322135925,"min":0.0000399445016228,"var":543.87097168},"melbands":{"dmean":[0.0000300581250485,0.000108964544779,0.000366797932656,0.000264056521701,0.0000987827952486,0.000106182204036,0.000168695274624,0.0000946511208895,0.0000933412738959,0.0000940184181673,0.0000660440491629,0.0000712210094207,0.0000412235822296,0.0000332155868819,0.0000272997058346,0.0000259629050561,0.0000217851793423,0.0000173976350197,0.0000111021672637,0.00000751020752432,0.00000620084347247,0.00000746138312024,0.0000112624229587,0.00000867692779138,0.00000349054175786,0.00000245172623181,0.00000332753097609,0.00000358522675015,0.00000294349069918,0.00000112347902359,0.0000011702958318,8.07383969459e-7,0.00000112608540803,0.00000108558572265,0.00000132845400458,0.00000131964293359,9.95572577267e-7,7.29455337023e-7,5.92936601151e-7,3.53030600309e-7],"dmean2":[0.0000490267011628,0.000173211781657,0.000610550981946,0.000395163602661,0.00013954253518,0.000157514601597,0.000245432660449,0.000136204369483,0.000131245687953,0.000133090128656,0.0000906227505766,0.0000939444944379,0.0000584515946684,0.0000469955302833,0.0000384970662708,0.0000343524916389,0.0000280066760752,0.0000226800020755,0.0000149523239088,0.0000103541096905,0.00000866691971169,0.0000108992835521,0.0000162535980053,0.0000121704579215,0.00000516005547979,0.00000351136350218,0.00000482027462567,0.00000533834463567,0.00000418611307396,0.00000164014602433,0.0000016470422679,0.00000115043178539,0.00000156611554303,0.00000150312087044,0.00000181025870916,0.00000176173762156,0.00000142211786169,9.99183043859e-7,8.00759494268e-7,4.61109237904e-7],"dvar":[8.33238189557e-9,5.90805271372e-8,4.93510867727e-7,2.28601194863e-7,5.38899769253e-8,8.34255899917e-8,2.45018014766e-7,1.42721972907e-7,1.18284191331e-7,1.07574074093e-7,5.6202448917e-8,5.06964497049e-8,2.84714705145e-8,2.03977954527e-8,1.25493082592e-8,9.38131972106e-9,6.08777073197e-9,3.60512864006e-9,1.09068731824e-9,7.63982488383e-10,4.41562925113e-10,4.81571449384e-10,2.06907246891e-9,4.46556081002e-9,1.12916953565e-10,3.18970752589e-11,6.17402934333e-11,9.47482786673e-11,8.40109162792e-11,1.43958213406e-11,1.90435167635e-11,1.36797006015e-11,2.96037014347e-11,3.38188713145e-11,6.48750775323e-11,1.48574874625e-10,7.57804721752e-11,1.56168671744e-11,8.7883788788e-12,3.51247633409e-12],"dvar2":[2.21298055436e-8,1.48396395616e-7,0.00000131325350594,4.61906211058e-7,9.37963591241e-8,1.93917173874e-7,4.97754626849e-7,2.83820497771e-7,2.23410438593e-7,2.1760908453e-7,1.03578337018e-7,8.41534202323e-8,5.44740608177e-8,4.05855153929e-8,2.29268728447e-8,1.34995064016e-8,7.86709808409e-9,5.47038325749e-9,1.96631222416e-9,1.51236723145e-9,8.64576410464e-10,1.00550945348e-9,4.12229717028e-9,7.50597006771e-9,1.81675258171e-10,6.29968716082e-11,1.17227519358e-10,2.00716124277e-10,1.52748397264e-10,2.76999534421e-11,3.19300072493e-11,2.59266757369e-11,5.66791405476e-11,6.59497872979e-11,1.20456145059e-10,2.98626123829e-10,1.67396638218e-10,2.7211224593e-11,1.54386087248e-11,5.58539239165e-12],"max":[0.00240398221649,0.00533399218693,0.0165520440787,0.0286868363619,0.0164473354816,0.00858577620238,0.0197060834616,0.0159730855376,0.0148398038,0.0134107461199,0.00986081920564,0.00879366137087,0.00765104126185,0.00652729114518,0.00499252742156,0.00702563952655,0.00631195213646,0.00243020872585,0.00122717022896,0.0012216133764,0.00118825666141,0.00073576887371,0.00232114386745,0.00497298827395,0.000897797115613,0.000174413915374,0.000262668734649,0.000413754081819,0.000363179162377,0.000188136633369,0.000378658034606,0.000168474565726,0.00025270882179,0.000277267216006,0.000405868369853,0.00115640752483,0.000660384248476,0.000153775836225,0.000129684456624,0.000123818987049],"mean":[0.0000445346049673,0.000237771353568,0.000731448002625,0.00065741490107,0.00026341364719,0.000246716605034,0.000405130558647,0.000202426163014,0.000198195339181,0.000190789578483,0.000138708026498,0.000164632583619,0.0000860364016262,0.0000616434626863,0.0000498871631862,0.0000571586788283,0.0000489260273753,0.0000396705436287,0.0000236549840338,0.0000145027825056,0.000012943438378,0.0000161524185387,0.0000244485145231,0.0000201450930035,0.00000772977182351,0.00000537051573701,0.00000696886399965,0.00000718866476745,0.00000694896561981,0.00000260553770204,0.00000271031694865,0.00000157884608143,0.0000023081688596,0.00000201273383027,0.00000230861132877,0.00000208540836866,0.00000164909522482,0.00000140565600759,0.00000134269043883,9.26450070438e-7],"median":[0.0000128962456074,0.0000952961418079,0.000417551287683,0.000291530566756,0.000122204539366,0.000102718986454,0.000149763160152,0.0000661052908981,0.0000746790610719,0.0000452804342785,0.0000348159155692,0.0000338312602253,0.0000107183459477,0.00000795358209871,0.00000711301845513,0.00000789813202573,0.0000069595853347,0.00000404250295105,0.00000473258114653,0.00000365190771845,0.00000231543299378,0.0000033528763197,0.00000318785259878,0.00000261219361164,0.00000320734352499,0.00000201612465389,0.00000263092761088,0.00000289772901851,0.00000132183788537,5.89482056057e-7,5.29414137418e-7,3.21310494655e-7,2.08026051496e-7,1.84201809361e-7,1.41019739885e-7,9.87489769955e-8,1.0987678678e-7,1.29018104644e-7,6.81520617718e-8,3.22102522432e-8],"min":[1.10402131881e-10,1.13144889291e-10,7.1726409534e-11,4.55231061181e-11,6.08112310507e-11,2.03377627239e-11,7.93137083788e-12,2.17025043769e-11,2.90972575895e-11,1.16720366011e-11,2.74057946476e-12,2.27301706103e-12,6.44399247504e-12,1.3667533251e-11,1.7462373561e-11,6.84656194586e-12,3.59753568081e-12,3.00703320751e-12,7.37292258496e-12,8.81889613419e-12,2.79443070246e-12,1.7235084887e-12,3.91449372916e-12,3.61334811898e-12,1.73250346361e-12,1.62602917242e-12,1.64781448035e-12,2.06102908178e-12,1.50856117962e-12,8.93206298855e-13,1.01260156943e-12,2.74393658836e-12,1.2438676391e-12,1.39726359823e-12,1.40324676792e-12,1.86118915418e-12,1.83539880343e-12,3.76331604768e-12,2.34115309604e-12,2.91173292075e-12],"var":[9.30099464114e-9,1.52201053538e-7,9.29965779051e-7,0.00000128950659928,3.01791857282e-7,2.16435381617e-7,8.05227671208e-7,4.47845934559e-7,2.92529591661e-7,3.30147287286e-7,1.68580513105e-7,2.32526218724e-7,1.06511024001e-7,6.25478051575e-8,3.58130094469e-8,4.45746728417e-8,3.22002691178e-8,2.02392627102e-8,4.15955225819e-9,1.90563942404e-9,1.53444101869e-9,1.74535608188e-9,8.44151681889e-9,2.15901803102e-8,5.86443005268e-10,1.01825707588e-10,1.94806226705e-10,2.34843228197e-10,5.08423025902e-10,8.67413640915e-11,8.70436778211e-11,3.32403826686e-11,7.58843474169e-11,7.87661810775e-11,1.40040451457e-10,2.31199726031e-10,1.09938842752e-10,3.81046513787e-11,2.43386491516e-11,1.54611705383e-11]},"melbands_crest":{"dmean":2.67613363266,"dmean2":4.28416347504,"dvar":6.43293428421,"dvar2":16.8776512146,"max":33.1457901001,"mean":13.3181476593,"median":12.3993587494,"min":3.60172533989,"var":24.5432014465},"melbands_flatness_db":{"dmean":0.0186839699745,"dmean2":0.0271227229387,"dvar":0.000362131802831,"dvar2":0.00072598841507,"max":0.443143993616,"mean":0.194590806961,"median":0.19584736228,"min":0.0337894111872,"var":0.00383392558433},"melbands_kurtosis":{"dmean":3.64161705971,"dmean2":5.62134838104,"dvar":37.3493881226,"dvar2":94.283706665,"max":186.067092896,"mean":9.49512004852,"median":6.67438173294,"min":-1.90576910973,"var":147.92086792},"melbands_skewness":{"dmean":0.464226037264,"dmean2":0.689925789833,"dvar":0.256317973137,"dvar2":0.569503486156,"max":12.7176580429,"mean":2.21214604378,"median":2.15394353867,"min":-2.04723238945,"var":1.85216867924},"melbands_spread":{"dmean":5.87854099274,"dmean2":8.38188934326,"dvar":116.42086792,"dvar2":192.029846191,"max":232.87562561,"mean":25.9365310669,"median":17.754655838,"min":1.10710561275,"var":617.041320801},"mfcc":{"cov":[[8153.02099609,-91.6129455566,-392.077758789,-377.918640137,-117.881263733,-306.197265625,-225.973876953,-120.813896179,-231.667327881,-114.367774963,-188.876220703,-169.896697998,-193.614486694],[-91.6129455566,1997.35473633,-439.020111084,244.300064087,-67.8800201416,-98.1489257812,46.8512687683,-57.8778076172,-110.651641846,-44.3248291016,-112.332901001,-16.7908649445,-27.5686473846],[-392.077758789,-439.020111084,552.934753418,30.0870361328,20.4198589325,85.6522598267,0.927900493145,34.0909957886,35.8855705261,24.2793483734,50.2939987183,41.1691932678,42.9391517639],[-377.918640137,244.300064087,30.0870361328,381.634246826,29.2168464661,-32.2913780212,-31.7500553131,-11.2561807632,22.367143631,8.17551326752,-16.7201728821,15.6412830353,14.1960554123],[-117.881263733,-67.8800201416,20.4198589325,29.2168464661,304.625793457,1.25403511524,-40.0946617126,-6.74322223663,42.5810203552,8.6018037796,5.93939685822,7.39898443222,-5.95916414261],[-306.197265625,-98.1489257812,85.6522598267,-32.2913780212,1.25403511524,210.913101196,71.8692703247,7.68141078949,3.82988810539,31.6100559235,37.4365921021,11.6018686295,-4.88453483582],[-225.973876953,46.8512687683,0.927900493145,-31.7500553131,-40.0946617126,71.8692703247,195.89213562,50.5156097412,16.1816883087,-6.51263618469,19.0227222443,8.21791267395,2.60759997368],[-120.813896179,-57.8778076172,34.0909957886,-11.2561807632,-6.74322223663,7.68141078949,50.5156097412,130.475997925,29.4117736816,-15.1029453278,-6.30659246445,4.33688116074,9.06412029266],[-231.667327881,-110.651641846,35.8855705261,22.367143631,42.5810203552,3.82988810539,16.1816883087,29.4117736816,121.857002258,20.5212497711,16.8860931396,-2.98803663254,0.706377387047],[-114.367774963,-44.3248291016,24.2793483734,8.17551326752,8.6018037796,31.6100559235,-6.51263618469,-15.1029453278,20.5212497711,113.758483887,30.2223262787,7.45618152618,0.0934066325426],[-188.876220703,-112.332901001,50.2939987183,-16.7201728821,5.93939685822,37.4365921021,19.0227222443,-6.30659246445,16.8860931396,30.2223262787,103.329780579,24.4726963043,5.84883785248],[-169.896697998,-16.7908649445,41.1691932678,15.6412830353,7.39898443222,11.6018686295,8.21791267395,4.33688116074,-2.98803663254,7.45618152618,24.4726963043,96.8775634766,25.5941104889],[-193.614486694,-27.5686473846,42.9391517639,14.1960554123,-5.95916414261,-4.88453483582,2.60759997368,9.06412029266,0.706377387047,0.0934066325426,5.84883785248,25.5941104889,85.9715270996]],"icov":[[0.000162096272106,0.0000393395130232,0.000041414059524,0.00013192014012,0.0000325472428813,0.000192149236682,0.0000747846861486,0.0000626775145065,0.000238294960582,0.0000208770652534,0.000173004547833,0.000101509751403,0.000295526668197],[0.0000393395130232,0.000779492082074,0.000543076137546,-0.000538682914339,0.000058180281485,0.000167045989656,-0.000441040145233,0.000230990743148,0.000628557754681,-0.0000242441165028,0.000515378604177,-0.0000839775893837,0.000143610261148],[0.000041414059524,0.000543076137546,0.00257704337128,-0.000540608540177,0.0000500250644109,-0.000851841410622,0.000319343584124,-0.000456586887594,0.0000188568064914,0.0000450759252999,-0.000318359670928,-0.000466889847303,-0.000776467262767],[0.00013192014012,-0.000538682914339,-0.000540608540177,0.00333948223852,-0.000149402942043,0.000432528526289,0.000599950435571,0.00025799946161,-0.000841227127239,-0.000200368041988,0.000509623961989,-0.0003869686916,-0.000100586163171],[0.0000325472428813,0.000058180281485,0.0000500250644109,-0.000149402942043,0.00365033559501,-0.00029663706664,0.000931752787437,0.000194700245629,-0.00136466522235,0.000200559195946,0.0000579750776524,-0.000443639903096,0.000418147450546],[0.000192149236682,0.000167045989656,-0.000851841410622,0.000432528526289,-0.00029663706664,0.00670402217656,-0.00248865131289,0.000507171556819,0.00114251475316,-0.00152347842231,-0.000734764907975,0.0000762083000154,0.00124225101899],[0.0000747846861486,-0.000441040145233,0.000319343584124,0.000599950435571,0.000931752787437,-0.00248865131289,0.00738488789648,-0.00249113817699,-0.00111289485358,0.00101883569732,-0.00111078249756,-0.000270126707619,-0.000105705352325],[0.0000626775145065,0.000230990743148,-0.000456586887594,0.00025799946161,0.000194700245629,0.000507171556819,-0.00249113817699,0.00964608043432,-0.00209686183371,0.00119521294255,0.00160399929155,-0.000433418201283,-0.000462625088403],[0.000238294960582,0.000628557754681,0.0000188568064914,-0.000841227127239,-0.00136466522235,0.00114251475316,-0.00111289485358,-0.00209686183371,0.0109357861802,-0.00184040667955,-0.000888338952791,0.00133738468867,0.000667296873871],[0.0000208770652534,-0.0000242441165028,0.0000450759252999,-0.000200368041988,0.000200559195946,-0.00152347842231,0.00101883569732,0.00119521294255,-0.00184040667955,0.0103909308091,-0.00230733864009,-0.000212539103813,0.0000443226745119],[0.000173004547833,0.000515378604177,-0.000318359670928,0.000509623961989,0.0000579750776524,-0.000734764907975,-0.00111078249756,0.00160399929155,-0.000888338952791,-0.00230733864009,0.0127774765715,-0.00262596644461,0.000378880824428],[0.000101509751403,-0.0000839775893837,-0.000466889847303,-0.0003869686916,-0.000443639903096,0.0000762083000154,-0.000270126707619,-0.000433418201283,0.00133738468867,-0.000212539103813,-0.00262596644461,0.012320317328,-0.00297368457541],[0.000295526668197,0.000143610261148,-0.000776467262767,-0.000100586163171,0.000418147450546,0.00124225101899,-0.000105705352325,-0.000462625088403,0.000667296873871,0.0000443226745119,0.000378880824428,-0.00297368457541,0.0137532977387]],"mean":[-688.428771973,124.160575867,-6.74377584457,20.6307792664,-11.8612136841,-10.2062988281,-3.54940581322,-6.31786346436,-6.83044528961,0.0938529968262,-7.9629034996,-5.16107702255,-9.41275501251]},"pitch_salience":{"dmean":0.0531553402543,"dmean2":0.0841624587774,"dvar":0.00237355637364,"dvar2":0.00603900058195,"max":0.85793608427,"mean":0.572496652603,"median":0.57823997736,"min":0.157190620899,"var":0.00970746576786},"silence_rate_20dB":{"dmean":0,"dmean2":0,"dvar":0,"dvar2":0,"max":1,"mean":1,"median":1,"min":1,"var":0},"silence_rate_30dB":{"dmean":0.00163543445524,"dmean2":0.0032710917294,"dvar":0.00163259240799,"dvar2":0.00366958044469,"max":1,"mean":0.998023986816,"median":1,"min":0,"var":0.00197206274606},"silence_rate_60dB":{"dmean":0.0252129472792,"dmean2":0.0504293292761,"dvar":0.0245814174414,"dvar2":0.0537543781102,"max":1,"mean":0.136549472809,"median":0,"min":0,"var":0.11790343374},"spectral_centroid":{"dmean":210.364257812,"dmean2":302.499420166,"dvar":71891.984375,"dvar2":126197.625,"max":5329.49267578,"mean":1372.01916504,"median":1152.05517578,"min":234.26121521,"var":585844.875},"spectral_complexity":{"dmean":2.04388403893,"dmean2":3.11271643639,"dvar":4.29997253418,"dvar2":8.58582878113,"max":38,"mean":13.4708366394,"median":13,"min":0,"var":39.485912323},"spectral_contrast_coeffs":{"dmean":[0.0485213138163,0.0367851220071,0.0335865542293,0.0295032337308,0.0243114735931,0.0173844359815],"dmean2":[0.0764904469252,0.0585323646665,0.0513049997389,0.0444226339459,0.0367872565985,0.0261353030801],"dvar":[0.00174999097362,0.00104265462141,0.000886408728547,0.000689088599756,0.000471266161185,0.000262580229901],"dvar2":[0.00415965681896,0.00249939248897,0.00195553712547,0.0014193020761,0.000981030636467,0.000540134555195],"max":[-0.229791268706,-0.409041345119,-0.369272649288,-0.500299930573,-0.497272729874,-0.570976853371],"mean":[-0.532683074474,-0.702336072922,-0.704062044621,-0.734416723251,-0.736147940159,-0.740726053715],"median":[-0.528532981873,-0.704006135464,-0.710588037968,-0.742264389992,-0.740062355995,-0.740963935852],"min":[-0.933048903942,-0.959967076778,-0.950546264648,-0.965160250664,-0.935039401054,-0.920604348183],"var":[0.0116527825594,0.00526973698288,0.00598620809615,0.00484809651971,0.00334842479788,0.0022791675292]},"spectral_contrast_valleys":{"dmean":[0.491505563259,0.277941763401,0.285681992769,0.258617550135,0.243886947632,0.309140920639],"dmean2":[0.75238186121,0.448726117611,0.45250248909,0.397599369287,0.352383941412,0.40459805727],"dvar":[0.199252471328,0.0572980903089,0.0649491995573,0.0553887151182,0.0589713044465,0.117355279624],"dvar2":[0.411693841219,0.137328699231,0.148106411099,0.119287192822,0.109928123653,0.188911050558],"max":[-6.03406429291,-5.02092933655,-4.96739578247,-6.32447099686,-6.00877141953,-7.24407052994],"mean":[-8.75061893463,-7.13468027115,-8.10334873199,-8.66970157623,-8.40039348602,-11.1900949478],"median":[-8.72446060181,-6.97241210938,-7.97722864151,-8.50543785095,-8.22289466858,-11.0928325653],"min":[-14.2148065567,-14.2623128891,-14.9141874313,-14.1428289413,-14.4549922943,-15.691119194],"var":[1.2028554678,1.06984734535,1.08487415314,1.05740702152,1.03241562843,1.34467959404]},"spectral_decrease":{"dmean":9.48832123981e-10,"dmean2":1.3352576822e-9,"dvar":2.1958797694e-18,"dvar2":3.98642366786e-18,"max":-3.91483884554e-16,"mean":-3.92511756431e-9,"median":-2.65017385814e-9,"min":-3.81074478639e-8,"var":1.57526555319e-17},"spectral_energy":{"dmean":0.00389824714512,"dmean2":0.00542983273044,"dvar":0.0000361964739568,"dvar2":0.0000640791913611,"max":0.148069113493,"mean":0.0163049586117,"median":0.0110261328518,"min":5.10063413728e-9,"var":0.000265826733084},"spectral_energyband_high":{"dmean":0.00028177088825,"dmean2":0.000358409335604,"dvar":0.00000114970077902,"dvar2":0.00000168948122337,"max":0.0550675652921,"mean":0.000740782241337,"median":0.000147231738083,"min":2.51825982289e-9,"var":0.00000420512560595},"spectral_energyband_low":{"dmean":0.000810177298263,"dmean2":0.00135415815748,"dvar":0.00000277018125416,"dvar2":0.00000780185655458,"max":0.0340566709638,"mean":0.00189828232396,"median":0.00095417664852,"min":7.20218995554e-10,"var":0.00000631881084701},"spectral_energyband_middle_high":{"dmean":0.0013847835362,"dmean2":0.00171809655149,"dvar":0.00000886889029061,"dvar2":0.0000129603586174,"max":0.11143309623,"mean":0.00475340057164,"median":0.00150766200386,"min":6.84728607148e-10,"var":0.0000695261260262},"spectral_energyband_middle_low":{"dmean":0.00289898901246,"dmean2":0.00419723521918,"dvar":0.0000239877645072,"dvar2":0.0000480057133245,"max":0.140151202679,"mean":0.00979842059314,"median":0.00617930013686,"min":9.71505986769e-10,"var":0.00012226261606},"spectral_entropy":{"dmean":0.141689658165,"dmean2":0.201262429357,"dvar":0.0219715721905,"dvar2":0.0395438298583,"max":8.90394878387,"mean":7.22248125076,"median":7.19548511505,"min":5.66428613663,"var":0.172944560647},"spectral_flux":{"dmean":0.0149404164404,"dmean2":0.0232820045203,"dvar":0.000316765217576,"dvar2":0.000738743285183,"max":0.261574625969,"mean":0.0499053187668,"median":0.0413812361658,"min":0.000189388068975,"var":0.0012929928489},"spectral_kurtosis":{"dmean":1.67265248299,"dmean2":2.82089114189,"dvar":4.01105976105,"dvar2":11.0658025742,"max":52.1910514832,"mean":5.37048149109,"median":4.83859777451,"min":-1.39062142372,"var":12.0098247528},"spectral_rms":{"dmean":0.000436613074271,"dmean2":0.000605025328696,"dvar":2.81549688452e-7,"dvar2":4.74612591006e-7,"max":0.0120190549642,"mean":0.00355173600838,"median":0.0032798172906,"min":0.00000223074630412,"var":0.00000329248268827},"spectral_rolloff":{"dmean":455.316497803,"dmean2":730.753295898,"dvar":1042540.25,"dvar2":2266476.25,"max":18152.4902344,"mean":1851.56445312,"median":990.52734375,"min":64.599609375,"var":4150253.5},"spectral_skewness":{"dmean":0.205503433943,"dmean2":0.326177835464,"dvar":0.0431657917798,"dvar2":0.100519508123,"max":5.43182611465,"mean":1.60082125664,"median":1.55650997162,"min":-0.333542436361,"var":0.254559516907},"spectral_spread":{"dmean":380408.46875,"dmean2":527995.1875,"dvar":246895329280,"dvar2":380595044352,"max":14419823,"mean":4219732.5,"median":3756396,"min":1365428.5,"var":2752689733630},"spectral_strongpeak":{"dmean":0.514940679073,"dmean2":0.814964234829,"dvar":1.066857934,"dvar2":2.41838264465,"max":30.4952945709,"mean":1.33674097061,"median":0.551327347755,"min":0,"var":4.56191110611},"zerocrossingrate":{"dmean":0.00943735335022,"dmean2":0.0103803193197,"dvar":0.000187490382814,"dvar2":0.000175224864506,"max":0.43896484375,"mean":0.0670986175537,"median":0.04931640625,"min":0.0068359375,"var":0.00253154081292}},"metadata":{"audio_properties":{"analysis_sample_rate":44100,"bit_rate":0,"codec":"flac","downmix":"mix","equal_loudness":0,"length":340.741210938,"lossless":true,"md5_encoded":"206485fe0479893013b8199bb256a3d7","replay_gain":-7.41745948792,"sample_rate":44100},"tags":{"acoustid_id":["c67f1dc4-cd32-452d-8a4a-d92e09015bdb"],"album":["Rust Never Sleeps"],"albumartist":["Neil Young & Crazy Horse"],"albumartistsort":["Young, Neil & Crazy Horse"],"artist":["Neil Young & Crazy Horse"],"artistsort":["Young, Neil & Crazy Horse"],"asin":["B000002KDG"],"barcode":["075992724920"],"catalognumber":["2295-2"],"date":["1990-10-25"],"discid":["7b090309"],"discnumber":["1"],"disctotal":["1"],"file_name":"02 Thrasher.flac","genre":["Singer/Songwriter, Rock, Pop/Rock, Hard Rock, Folk-Rock"],"label":["Reprise Records"],"media":["CD"],"musicbrainz_albumartistid":["0f3515b0-75c9-46c9-b26c-4cd05d26eae7"],"musicbrainz_albumid":["49ef8c69-8c6b-3d22-83ac-610f75a904d5"],"musicbrainz_artistid":["0f3515b0-75c9-46c9-b26c-4cd05d26eae7"],"musicbrainz_discid":["ELGszDOHukTzxr_J6FOPP_XOKe8-"],"musicbrainz_recordingid":["adbb1fb8-f87b-4abf-a2d0-ce4c9ff2b871"],"musicbrainz_releasegroupid":["a710c7c7-46e6-36ca-9c3c-87c8e79f8daf"],"musicbrainz_workid":["1c7d12d2-5df9-361a-9be2-5dac44e380a6"],"originaldate":["1979-06-22"],"producer":["David Briggs","Neil Young","Tim Mulligan"],"releasecountry":["US"],"releasestatus":["official"],"releasetype":["album"],"replaygain_album_gain":["-4.60 dB"],"replaygain_album_peak":["1.00000000"],"replaygain_reference_loudness":["89.0 dB"],"replaygain_track_gai