{"lowlevel":{"average_loudness":0.174504861236,"barkbands":{"dmean":[0.00151231791824,0.0037517962046,0.00194669188932,0.00141625315882,0.00259526330046,0.00134575762786,0.00145179987885,0.000588240101933,0.000420885218773,0.000360233825631,0.000247097981628,0.000228218879784,0.00011614774121,0.000111680979899,0.0000908764995984,0.0000653488168609,0.0000471727653348,0.0000326555527863,0.0000305684916384,0.0000248202832154,0.0000236171126744,0.0000226473293878,0.0000077409486039,0.00000270154487225,0.00000168628116626,0.00000426955057264,0.0000685060658725],"dmean2":[0.0025753097143,0.00634137773886,0.00337889930233,0.00217718095519,0.00400993973017,0.00207192986272,0.00233083032072,0.000947429449297,0.000693182169925,0.000595091085415,0.000413138826843,0.000380424840841,0.000187932586414,0.000183964686585,0.000148455495946,0.00010367151117,0.000073615963629,0.0000491574974149,0.0000453047541669,0.0000367313186871,0.0000349703805114,0.0000338527897839,0.0000116268565762,0.00000420266542278,0.00000273901650871,0.00000650439869787,0.000108827771328],"dvar":[0.0000452316708106,0.0000919966769288,0.0000198865345737,0.0000108585909402,0.0000331126866513,0.00000726623329683,0.00000773130977905,0.00000212711915992,6.68897030209e-7,4.8000077868e-7,2.16984489043e-7,2.681106821e-7,7.69903110154e-8,6.63431123371e-8,4.147934618e-8,1.81713346592e-8,1.19185088465e-8,1.39635281116e-8,1.07625615087e-8,1.10120801367e-8,1.98889509306e-8,3.07517744602e-8,1.33789357371e-9,7.38931763e-11,1.16305541586e-11,1.65470817604e-10,1.50157184464e-8],"dvar2":[0.000112925292342,0.000253627164057,0.0000603568296356,0.0000225350031542,0.0000752516134526,0.0000173841108335,0.000019348502974,0.00000493889365316,0.00000174916840479,0.00000125440612919,5.73390764202e-7,7.13991823886e-7,1.99123974198e-7,1.76330061663e-7,1.08827919121e-7,4.38126868119e-8,2.76230665008e-8,3.08116199221e-8,2.3189381082e-8,2.46611424615e-8,4.21751344959e-8,6.80518397189e-8,2.69497180128e-9,1.53376727985e-10,2.91239359018e-11,3.4084907119e-10,3.57080836011e-8],"max":[0.24893116951,0.275582879782,0.0768434256315,0.119686409831,0.150804162025,0.0588043034077,0.0631130561233,0.0480616874993,0.0241060871631,0.0180412754416,0.0112126367167,0.0237357486039,0.0139940418303,0.0103532737121,0.00828211009502,0.00393348466605,0.0022352442611,0.00514442706481,0.00356216146611,0.00583418644965,0.00550503702834,0.00805883202702,0.00114884553477,0.000284172623651,0.0000705662241671,0.000383894570405,0.00301344157197],"mean":[0.00155523023568,0.00508888298646,0.00255946698599,0.00236834934913,0.00461369333789,0.00244716182351,0.00243140617386,0.000950834073592,0.00071937852772,0.000614136108197,0.000400071468903,0.000393552647438,0.000215890351683,0.000196633016458,0.000162709635333,0.000115760631161,0.0000768723766669,0.0000572524040763,0.0000545662915101,0.0000425544094469,0.0000410093089158,0.0000342789535352,0.000011997251022,0.00000363588651453,0.00000187133548479,0.00000690246724844,0.000199668575078],"median":[0.000370363821276,0.00236868974753,0.000812953570858,0.000579665531404,0.001562286634,0.00111605972052,0.00089879630832,0.000327021582052,0.000245418050326,0.000225282885367,0.000144008969073,0.000132835019031,0.0000810428100522,0.0000763457792345,0.0000668380089337,0.0000402336881962,0.0000177778529178,0.0000130789730974,0.00000880130028236,0.00000607995752944,0.00000421120967076,0.00000257873648479,0.00000135840014082,8.36975004859e-7,6.29767498594e-7,0.00000171331180354,0.0000806995012681],"min":[2.72127887557e-23,1.14081182917e-23,3.42318806083e-23,1.06141234797e-23,4.60601493736e-23,6.47055836878e-23,1.14560589467e-22,4.65909076124e-23,3.1204118858e-23,5.09855917619e-23,1.49857583758e-22,6.71026164344e-23,5.64254345694e-23,9.42914395958e-23,9.255221587e-23,1.4227101377e-22,1.83401855336e-22,2.47139847481e-22,2.83659689772e-22,4.12528032492e-22,3.70858531456e-22,5.55294211097e-22,6.30910858131e-22,1.03419457677e-21,9.56535019809e-22,1.92857119427e-21,2.46284444581e-21],"var":[0.0000450351071777,0.000103689475509,0.0000280386630038,0.0000369954432244,0.0000849784337333,0.0000158941038535,0.0000180385341082,0.00000507451022713,0.00000138068708111,0.00000110600853986,4.6267754783e-7,6.98341750649e-7,2.33119038739e-7,1.46436676118e-7,8.14627938439e-8,4.52869599599e-8,2.71742113256e-8,2.9704127158e-8,3.19109538793e-8,2.54508982778e-8,4.40650005373e-8,4.94814820229e-8,2.59304955286e-9,1.40872008503e-10,1.40423271969e-11,3.88450882571e-10,7.57988374289e-8]},"barkbands_crest":{"dmean":2.91309571266,"dmean2":4.7748966217,"dvar":6.54944944382,"dvar2":16.839263916,"max":26.1071834564,"mean":10.5577478409,"median":9.59866714478,"min":2.28183865547,"var":19.4676933289},"barkbands_flatness_db":{"dmean":0.0313076116145,"dmean2":0.0474616512656,"dvar":0.000839884683955,"dvar2":0.0019438409945,"max":0.509953916073,"mean":0.181380599737,"median":0.17641094327,"min":0.0312139727175,"var":0.00352819776163},"barkbands_kurtosis":{"dmean":7.19204807281,"dmean2":11.2116985321,"dvar":225.272781372,"dvar2":502.868347168,"max":475.832763672,"mean":14.4700155258,"median":9.09902381897,"min":-1.90548288822,"var":476.087615967},"barkbands_skewness":{"dmean":0.698328912258,"dmean2":1.08934795856,"dvar":0.627925038338,"dvar2":1.4514799118,"max":18.8028316498,"mean":2.36272501945,"median":2.23338460922,"min":-6.03823280334,"var":2.79512000084},"barkbands_spread":{"dmean":4.08284282684,"dmean2":6.16038179398,"dvar":27.0768489838,"dvar2":53.0058097839,"max":135.930740356,"mean":13.6224889755,"median":10.9022789001,"min":0.264256805182,"var":107.390594482},"dissonance":{"dmean":0.030072664842,"dmean2":0.0507669784129,"dvar":0.000896265148185,"dvar2":0.00241069449112,"max":0.500000119209,"mean":0.447763770819,"median":0.458034753799,"min":0.125843510032,"var":0.00183820771053},"dynamic_complexity":5.6913061142,"erbbands":{"dmean":[0.151735797524,0.742243468761,1.94645285606,3.01783847809,8.14509868622,8.69091320038,9.15104007721,13.4406890869,22.3503723145,15.6869239807,10.6515159607,9.73051738739,9.31856822968,10.5062656403,9.19171905518,7.85362100601,5.16914224625,4.95576953888,4.97898674011,4.55794239044,2.71759200096,2.55678033829,1.83565247059,1.74070382118,1.3711233139,1.13160669804,0.9549036026,0.974520504475,0.870967388153,0.42034342885,0.201125174761,0.087370082736,0.0337566398084,0.0186836030334,0.0122776106,0.00826751627028,0.00916671846062,0.00882875267416,0.00328504526988,0.00274054799229],"dmean2":[0.254834413528,1.25643754005,3.38204097748,4.88358449936,12.102558136,13.8740024567,14.3199863434,20.6782016754,36.0431518555,24.883441925,17.4433364868,16.0939807892,15.256816864,17.418964386,15.1932725906,12.9944496155,8.27132415771,8.0128660202,8.19082546234,7.31553459167,4.23481798172,3.93690013885,2.73739123344,2.61176562309,1.97060930729,1.65934026241,1.3744559288,1.46964657307,1.30484068394,0.62286233902,0.301745951176,0.134187579155,0.0529276430607,0.0303207598627,0.0198889803141,0.0131151201203,0.0140095455572,0.0130532411858,0.00466976873577,0.00423022639006],"dvar":[0.219534784555,3.05762672424,21.0793895721,42.4514350891,400.438079834,498.090881348,359.225463867,853.767089844,1871.5045166,2017.37805176,541.773864746,389.778594971,343.274993896,362.973419189,314.861083984,338.64666748,154.159484863,120.482040405,134.025619507,95.6044845581,35.1548423767,34.8656921387,36.5728912354,35.6211090088,28.403755188,20.6780109406,17.7531452179,52.4974098206,49.347038269,7.69231557846,0.808706581593,0.100371524692,0.00788829941303,0.00146618601866,0.000596532714553,0.000271707103821,0.000841322005726,0.00256956578232,0.000167724661878,0.0000152682914631],"dvar2":[0.560644209385,9.08045101166,64.6842727661,107.299087524,814.424682617,1164.13977051,889.895324707,2002.78173828,4851.10400391,4278.90576172,1353.94592285,1037.74572754,886.391235352,972.237182617,844.42590332,915.848144531,401.556488037,305.159210205,371.824127197,231.232666016,80.5524902344,78.3300933838,80.2590637207,85.9601211548,60.3405685425,44.3061790466,34.0971260071,118.00088501,112.717025757,15.5849437714,1.62824964523,0.214901551604,0.0167017579079,0.00366669427603,0.00149200973101,0.00064745103009,0.00182411726564,0.00531637761742,0.000321231869748,0.0000358475881512],"max":[15.0538816452,35.9400672913,74.3161849976,150.420730591,657.982849121,536.196411133,367.633636475,721.419616699,1097.01403809,1681.97167969,694.506225586,612.720947266,417.930847168,367.100219727,381.877471924,980.455749512,595.453674316,447.131713867,355.487823486,265.78793335,210.9453125,116.134422302,255.795974731,177.685165405,235.127334595,221.556396484,139.638153076,282.468597412,299.888092041,90.3471221924,32.4053916931,8.55248260498,3.41796875,0.802832484245,0.496532648802,0.376036554575,0.881898403168,1.87473106384,0.521916270256,0.0940982922912],"mean":[0.189697757363,1.00386095047,2.70500826836,5.15755081177,14.6009120941,13.6978778839,15.1616363525,24.0592479706,36.344329834,27.7369689941,18.263256073,16.8172588348,16.5558586121,20.3281116486,17.2182559967,14.6174736023,10.35476017,9.35587024689,9.66711902618,8.54454231262,5.28649187088,4.3357257843,3.33839678764,3.01463413239,2.49961948395,1.97800052166,1.7074996233,1.59619700909,1.30043530464,0.633511960506,0.321276694536,0.132412478328,0.0431583300233,0.0210843645036,0.0138591686264,0.0104682063684,0.0151806408539,0.0153386369348,0.00822055339813,0.0119560519233],"median":[0.0776246264577,0.462552577257,0.976211607456,1.82612359524,3.22676205635,4.58396053314,5.68941688538,10.6155691147,14.2772722244,9.25823116302,7.19080114365,5.63041639328,6.89062643051,8.23695850372,7.13492584229,5.66442728043,4.08274030685,3.96737074852,3.8917965889,3.54876875877,1.9093978405,1.04989361763,0.768459200859,0.569771885872,0.388237863779,0.285377204418,0.211885333061,0.143307000399,0.0960708037019,0.0615973137319,0.036967728287,0.0216598697007,0.0120453685522,0.00704705435783,0.00477025518194,0.00373259792104,0.00343611207791,0.00315253506415,0.00319030042738,0.00694886082783],"min":[4.64963351805e-22,3.0635377156e-21,2.99999796609e-20,4.54886425941e-20,9.31048906589e-20,1.38380763659e-19,1.80591079459e-19,6.4062331198e-19,1.54349606876e-18,1.16466885491e-18,1.32435152267e-18,6.43640608361e-19,1.10502706479e-18,2.90839246954e-18,5.9010490009e-18,3.01467111618e-18,2.9328714322e-18,4.74310905348e-18,4.34978301785e-18,5.16639846603e-18,8.08610407801e-18,1.02861662794e-17,1.1282600453e-17,2.04641257541e-17,1.19173060632e-17,1.89982971886e-17,1.76991488252e-17,1.35562130729e-17,1.62692943445e-17,2.31867907403e-17,1.7656234695e-17,2.0136312423e-17,1.68975231305e-17,1.02804099295e-17,7.81374824388e-18,5.72457787543e-18,3.94073476032e-18,1.27887406317e-18,3.028268156e-19,3.8498446199e-20],"var":[0.224023461342,3.59641575813,30.2157325745,108.913574219,1388.49511719,1036.49938965,757.337768555,1758.91882324,3711.45898438,5592.49511719,1364.08166504,792.689575195,714.643371582,1027.16992188,734.801635742,1011.32012939,470.215393066,311.302886963,316.772979736,211.278076172,102.520568848,83.7680358887,83.3221969604,85.0315246582,79.287727356,52.4240951538,51.2845840454,92.9625396729,73.8235473633,13.5448389053,1.63191556931,0.222281754017,0.014270093292,0.00182119163219,0.000735019799322,0.000434174900874,0.00209386413917,0.00467678066343,0.000481961993501,0.000165474571986]},"erbbands_crest":{"dmean":2.7969596386,"dmean2":4.49130630493,"dvar":6.59532499313,"dvar2":15.6890201569,"max":33.711391449,"mean":10.3771877289,"median":9.1231546402,"min":2.2095746994,"var":26.1419525146},"erbbands_flatness_db":{"dmean":0.0257686153054,"dmean2":0.0393056310713,"dvar":0.000561638677027,"dvar2":0.001370344311,"max":0.531391263008,"mean":0.17535084486,"median":0.171581313014,"min":0.0228416509926,"var":0.00265963212587},"erbbands_kurtosis":{"dmean":2.11818814278,"dmean2":3.28257203102,"dvar":30.5230140686,"dvar2":66.9318084717,"max":302.319000244,"mean":3.97056007385,"median":0.92838716507,"min":-1.75510537624,"var":231.410842896},"erbbands_skewness":{"dmean":0.46511811018,"dmean2":0.707373082638,"dvar":0.24033215642,"dvar2":0.518238663673,"max":11.7954940796,"mean":0.826413989067,"median":0.707185685635,"min":-9.61992168427,"var":1.29633021355},"erbbands_spread":{"dmean":5.35719108582,"dmean2":8.24789905548,"dvar":34.5936012268,"dvar2":75.2989349365,"max":127.268173218,"mean":22.5399093628,"median":20.5322265625,"min":0.421119093895,"var":153.074325562},"gfcc":{"cov":[[23109.7597656,1745.3581543,-1314.39318848,-45.8413238525,289.004333496,-1152.89685059,196.022277832,-609.138977051,274.603759766,-38.441619873,142.196060181,-1.90410149097,-86.0766143799],[1745.3581543,1355.11022949,71.3279571533,-326.893218994,81.6582641602,-234.401611328,-47.8494377136,-156.09336853,33.9799842834,-48.8107452393,-3.37953019142,-131.010894775,85.5309753418],[-1314.39318848,71.3279571533,673.643066406,63.041721344,-88.53099823,139.05291748,-110.686347961,92.2898788452,-40.6923789978,37.0516624451,30.2160453796,7.43953037262,36.0780982971],[-45.8413238525,-326.893218994,63.041721344,434.362518311,45.6908531189,-50.6822128296,0.184083849192,-7.26043510437,8.11334705353,40.9262962341,-4.96461439133,53.18800354,-53.5896034241],[289.004333496,81.6582641602,-88.53099823,45.6908531189,243.579467773,-11.7861862183,86.3301391602,-53.718952179,25.4989871979,-19.1896381378,41.2634429932,-1.16756284237,12.0158967972],[-1152.89685059,-234.401611328,139.05291748,-50.6822128296,-11.7861862183,298.142242432,13.0050506592,59.4157066345,-68.481262207,-15.1708784103,1.28279447556,17.5527801514,-4.56686067581],[196.022277832,-47.8494377136,-110.686347961,0.184083849192,86.3301391602,13.0050506592,230.474594116,-6.97492837906,43.6278495789,-36.8304176331,30.2080497742,35.200176239,-13.4736013412],[-609.138977051,-156.09336853,92.2898788452,-7.26043510437,-53.718952179,59.4157066345,-6.97492837906,164.596618652,27.5199069977,35.5118370056,7.84553098679,2.84363031387,18.8954715729],[274.603759766,33.9799842834,-40.6923789978,8.11334705353,25.4989871979,-68.481262207,43.6278495789,27.5199069977,147.778121948,52.1002349854,19.4084224701,18.8459835052,4.2259554863],[-38.441619873,-48.8107452393,37.0516624451,40.9262962341,-19.1896381378,-15.1708784103,-36.8304176331,35.5118370056,52.1002349854,111.292472839,43.656578064,11.4731149673,9.52303600311],[142.196060181,-3.37953019142,30.2160453796,-4.96461439133,41.2634429932,1.28279447556,30.2080497742,7.84553098679,19.4084224701,43.656578064,104.375190735,39.8886642456,10.3420505524],[-1.90410149097,-131.010894775,7.43953037262,53.18800354,-1.16756284237,17.5527801514,35.200176239,2.84363031387,18.8459835052,11.4731149673,39.8886642456,81.3745956421,7.44268989563],[-86.0766143799,85.5309753418,36.0780982971,-53.5896034241,12.0158967972,-4.56686067581,-13.4736013412,18.8954715729,4.2259554863,9.52303600311,10.3420505524,7.44268989563,83.1531295776]],"icov":[[0.0000644749452476,-0.0000935738135013,0.000117938740004,-0.0000535377621418,0.000043907250074,0.000108687439933,0.0000071721947279,0.0000501487156725,-0.0000158286875376,0.000033140724554,-0.000135386697366,-0.0000953916533035,0.0000890938972589],[-0.0000935738135013,0.00216530147009,-0.00124739075545,0.00159747211728,-0.000665480736643,0.00151135597844,-0.0000889981020009,0.00183354504406,-0.000670003937557,0.000428009778261,-0.000101911522506,0.00244964612648,-0.00122680084314],[0.000117938740004,-0.00124739075545,0.0031498267781,-0.00221210950986,0.00177390826866,-0.00222314358689,0.00109384045936,-0.00112517632078,-0.000552409037482,0.00133542437106,-0.00268837134354,0.000588549068198,-0.00117581442464],[-0.0000535377621418,0.00159747211728,-0.00221210950986,0.00622361851856,-0.00391677813604,0.0036995485425,-0.000338175625075,0.000068251232733,0.00261291489005,-0.00440171873197,0.00554847391322,-0.00508529646322,0.00410739146173],[0.000043907250074,-0.000665480736643,0.00177390826866,-0.00391677813604,0.00887824781239,-0.00304008740932,-0.00125256204046,0.0026871652808,-0.00375315430574,0.00485335150734,-0.00758197950199,0.00690529542044,-0.00486756768078],[0.000108687439933,0.00151135597844,-0.00222314358689,0.0036995485425,-0.00304008740932,0.00787595659494,-0.00118220725562,-0.00120678590611,0.00422285869718,-0.00267194909975,0.00370347267017,-0.0036424046848,0.00281806639396],[0.0000071721947279,-0.0000889981020009,0.00109384045936,-0.000338175625075,-0.00125256204046,-0.00118220725562,0.00735645741224,-0.00079490209464,-0.00313374074176,0.0046629011631,-0.00275636720471,-0.00161213264801,0.00100748986006],[0.0000501487156725,0.00183354504406,-0.00112517632078,0.000068251232733,0.0026871652808,-0.00120678590611,-0.00079490209464,0.0110473372042,-0.00408259220421,0.000352049595676,-0.00248891534284,0.00578978797421,-0.00443714018911],[-0.0000158286875376,-0.000670003937557,-0.000552409037482,0.00261291489005,-0.00375315430574,0.00422285869718,-0.00313374074176,-0.00408259220421,0.0144166583195,-0.00991701893508,0.00704099005088,-0.00796358659863,0.00403074687347],[0.000033140724554,0.000428009778261,0.00133542437106,-0.00440171873197,0.00485335150734,-0.00267194909975,0.0046629011631,0.000352049595676,-0.00991701893508,0.0219443589449,-0.0140084065497,0.00859106145799,-0.00503048114479],[-0.000135386697366,-0.000101911522506,-0.00268837134354,0.00554847391322,-0.00758197950199,0.00370347267017,-0.00275636720471,-0.00248891534284,0.00704099005088,-0.0140084065497,0.0246205087751,-0.0154209854081,0.00568948034197],[-0.0000953916533035,0.00244964612648,0.000588549068198,-0.00508529646322,0.00690529542044,-0.0036424046848,-0.00161213264801,0.00578978797421,-0.00796358659863,0.00859106145799,-0.0154209854081,0.0300121437758,-0.0102733327076],[0.0000890938972589,-0.00122680084314,-0.00117581442464,0.00410739146173,-0.00486756768078,0.00281806639396,0.00100748986006,-0.00443714018911,0.00403074687347,-0.00503048114479,0.00568948034197,-0.0102733327076,0.0191502030939]],"mean":[-85.8473739624,120.671188354,-70.1033554077,-12.586648941,-21.543548584,-15.7124242783,-9.61726093292,-16.2390289307,-2.3349404335,-6.91431474686,-3.82458782196,-3.76452755928,-2.26507878304]},"hfc":{"dmean":69.4088287354,"dmean2":105.131217957,"dvar":12780.0322266,"dvar2":28818.5234375,"max":2923.68237305,"mean":212.656661987,"median":141.911102295,"min":1.19239951419e-16,"var":59665.2578125},"melbands":{"dmean":[0.00119286775589,0.000920822785702,0.000663862680085,0.000601570645813,0.000321439380059,0.000289674237138,0.000315585319186,0.000160393625265,0.0000780323753133,0.0000634728930891,0.0000490494931,0.0000462471871288,0.0000340502665495,0.0000291727246804,0.0000143572515299,0.0000115056009236,0.00000971755343926,0.00000912326140678,0.00000691568993716,0.00000562344484933,0.00000308560402118,0.00000296733173855,0.00000215834302253,0.00000161429500167,0.00000151862798248,0.00000110213318294,9.63892489381e-7,7.55847111122e-7,6.39456743556e-7,5.66908624933e-7,6.27494387118e-7,5.40948633443e-7,3.93357737494e-7,1.87835283327e-7,1.26847297111e-7,8.51077004427e-8,4.25232755674e-8,2.46366376189e-8,1.78242700599e-8,1.51687284955e-8],"dmean2":[0.00200349511579,0.00158051063772,0.00101664906833,0.000919237383641,0.000503989926074,0.00044596355292,0.000507721328177,0.000254654383752,0.000128114668769,0.000104922270111,0.0000804124938441,0.0000767190213082,0.0000567159258935,0.0000487284414703,0.0000239014625549,0.0000184297969099,0.000015880976207,0.0000151025560626,0.000011223144611,0.00000911064853426,0.00000490599768455,0.00000466562732981,0.00000332756076205,0.00000245682213063,0.00000234568869928,0.00000163396578046,0.00000145643457472,0.00000113240673727,9.40781944792e-7,8.42737279072e-7,9.83226868811e-7,8.24022777124e-7,5.94455627834e-7,2.83403636558e-7,1.93128627757e-7,1.330881787e-7,6.59003731585e-8,3.87233924926e-8,2.89043704527e-8,2.46818459004e-8],"dvar":[0.000012068655451,0.00000451405139756,0.00000213239286495,0.00000220891115532,4.3186247467e-7,3.59816169748e-7,3.59439638942e-7,2.08145223723e-7,2.68301310058e-8,1.6715235418e-8,9.43783362573e-9,7.30522176084e-9,4.4532266763e-9,4.61108440319e-9,1.31052779739e-9,8.47877157373e-10,5.08221631446e-10,4.89839502293e-10,2.43115610976e-10,1.36459218925e-10,5.1157394293e-11,4.83374971993e-11,3.52558260364e-11,4.01276858963e-11,2.87347021177e-11,1.56424456721e-11,1.80378368492e-11,9.37582390198e-12,7.08574952185e-12,1.07201556659e-11,2.51844673588e-11,1.94377968582e-11,8.7162256579e-12,1.31173739405e-12,3.61855646358e-13,1.02243903719e-13,2.44150589367e-14,4.69261080867e-15,1.44126679382e-15,9.68038485912e-16],"dvar2":[0.0000310155264742,0.0000137909682962,0.00000451991036243,0.00000489707690576,0.00000106289917312,8.51298125326e-7,9.31344629862e-7,4.43704408326e-7,6.8589855573e-8,4.42741345807e-8,2.42884290458e-8,1.9374896354e-8,1.17543832445e-8,1.22519576706e-8,3.41386097169e-9,2.12406980893e-9,1.3042316116e-9,1.35942479496e-9,6.13019190965e-10,3.36240119081e-10,1.22421031645e-10,1.1471328748e-10,8.05727637387e-11,9.5575956871e-11,7.30235524826e-11,3.30644053803e-11,4.18561435511e-11,2.10712228915e-11,1.4273140829e-11,2.26122801039e-11,6.01190416893e-11,4.49146379811e-11,1.98429449955e-11,2.67243345509e-12,7.56009404385e-13,2.39859347662e-13,5.09832180271e-14,9.79106390148e-15,3.559338747e-15,2.4256956849e-15],"max":[0.10564109683,0.0403105504811,0.0502932369709,0.0422910042107,0.0127380806953,0.0140958614647,0.0149610331282,0.0173849295825,0.00459557771683,0.00391204236075,0.00216959393583,0.00175238260999,0.00163049122784,0.00351223465987,0.00184489495587,0.00128103047609,0.000904366432223,0.000841398083139,0.000792518840171,0.000234472419834,0.000248927099165,0.000161162242875,0.000185808967217,0.000303719803924,0.000162138225278,0.000141201089718,0.000256329018157,0.000118887801364,0.0000857941995491,0.000118707328511,0.000200217124075,0.000213258434087,0.000109676984721,0.0000379998091375,0.0000245220217039,0.00000948010074353,0.00000488615887662,0.00000268386679636,7.52679056859e-7,6.51953200759e-7],"mean":[0.00162731332239,0.00139384414069,0.00126167351846,0.00104884954635,0.0005393261672,0.000530290126335,0.000528118165676,0.000278975669062,0.000131494147354,0.000105795312265,0.0000837202387629,0.0000854715835885,0.0000589486917306,0.0000491439568577,0.0000263907659246,0.0000208394230867,0.0000167050020536,0.0000162515498232,0.0000122822748381,0.00000968663334788,0.00000547495483261,0.00000463669539386,0.00000350037521457,0.00000268000030701,0.00000243534077526,0.00000192034258362,0.00000159615103712,0.0000012427059346,0.00000109557709038,9.22367632938e-7,9.58674263529e-7,7.8508213619e-7,5.48764035102e-7,2.68814289939e-7,1.90193915728e-7,1.3833032142e-7,5.78875329893e-8,3.08652516878e-8,2.03947774224e-8,1.6651153345e-8],"median":[0.000743686745409,0.000629347981885,0.000404488819186,0.000301856547594,0.000200914335437,0.000241104120505,0.000212295723031,0.0000886206180439,0.0000502666516695,0.0000336099510605,0.0000339794642059,0.000032558789826,0.0000225069234148,0.0000165039054991,0.0000091300389613,0.00000790360081737,0.0000065520471253,0.0000055309851632,0.00000501295608046,0.00000353559653377,0.00000171509020674,0.00000105568176423,6.66049004394e-7,6.25386292086e-7,4.1528110728e-7,2.98828354062e-7,2.14521534758e-7,1.75991459628e-7,1.35839499649e-7,9.84590968756e-8,7.19768351587e-8,5.37854418781e-8,4.35435829615e-8,2.75602367594e-8,2.14255937436e-8,1.64936988511e-8,1.10857794056e-8,8.28141555331e-9,6.34590024973e-9,5.51536416538e-9],"min":[6.02771142034e-24,1.193337817e-23,9.18760973876e-24,8.34336764255e-24,7.47074706413e-24,1.43060082934e-23,2.51995163291e-23,1.10657479257e-23,1.10955858006e-23,3.63689174223e-24,5.9353507967e-24,1.08965680271e-23,1.98255370963e-23,9.08276618015e-24,8.57664012311e-24,5.48337649093e-24,9.41982435685e-24,6.32899633271e-24,8.01420911896e-24,7.71752089909e-24,9.70141141241e-24,9.29963824249e-24,1.19282631959e-23,1.04443156479e-23,1.79971121348e-23,8.35177768866e-24,9.76472223322e-24,1.33930280134e-23,1.14879052614e-23,9.25531530367e-24,7.49239104079e-24,7.45682366915e-24,1.36446746421e-23,1.26097128003e-23,9.46634111784e-24,1.08384187232e-23,1.31663314773e-23,1.36820193174e-23,8.64423051433e-24,8.37027805461e-24],"var":[0.0000133887924676,0.00000662752108838,0.00000784773874329,0.00000580690129937,9.44209318732e-7,7.71629288465e-7,7.46367618376e-7,5.64353399568e-7,6.44221529456e-8,3.2779180259e-8,1.92000744192e-8,1.9608156876e-8,9.91214843538e-9,1.19182193004e-8,3.37394201466e-9,2.2289552426e-9,1.14019516051e-9,1.06166153646e-9,4.53079185281e-10,3.0274310836e-10,1.34338484781e-10,9.96896384886e-11,8.00255695044e-11,6.92958884718e-11,6.00675065243e-11,4.31285909763e-11,3.88921429784e-11,2.09750723734e-11,2.00204020029e-11,2.18270141544e-11,3.94445483221e-11,2.83431403347e-11,1.26905309178e-11,2.26113008525e-12,6.4150253035e-13,2.7486506452e-13,4.45674957171e-14,8.33790942377e-15,1.9283329731e-15,1.15304181066e-15]},"melbands_crest":{"dmean":3.82987999916,"dmean2":6.32891750336,"dvar":10.7163543701,"dvar2":28.8346843719,"max":37.4103317261,"mean":14.8743553162,"median":13.7026443481,"min":2.41987752914,"var":32.0162239075},"melbands_flatness_db":{"dmean":0.0384886786342,"dmean2":0.058297239244,"dvar":0.00121069641318,"dvar2":0.00280137406662,"max":0.657647371292,"mean":0.301985770464,"median":0.300263494253,"min":0.00457162829116,"var":0.00534573942423},"melbands_kurtosis":{"dmean":6.31627130508,"dmean2":9.9966506958,"dvar":149.642410278,"dvar2":339.483612061,"max":365.11026001,"mean":11.7518806458,"median":6.35178184509,"min":-1.88108348846,"var":401.181335449},"melbands_skewness":{"dmean":0.678700566292,"dmean2":1.07345998287,"dvar":0.515800595284,"dvar2":1.18155646324,"max":15.9490098953,"mean":2.13318419456,"median":1.94828855991,"min":-9.7423658371,"var":2.5544667244},"melbands_spread":{"dmean":3.69154858589,"dmean2":5.64540576935,"dvar":34.3335266113,"dvar2":68.0779266357,"max":300.938964844,"mean":11.8438615799,"median":9.25063514709,"min":0.362445265055,"var":131.106109619},"mfcc":{"cov":[[15047.5400391,2004.34936523,-1790.17089844,613.492797852,-559.543579102,220.393432617,-397.517456055,49.1215553284,-322.679718018,-34.8133850098,-47.3752861023,123.539390564,-12.2867231369],[2004.34936523,1713.25927734,-13.6819467545,-97.836555481,23.7112083435,-65.4400177002,-78.7935943604,-156.519851685,-33.7207756042,-39.1930732727,-9.74087142944,-45.9828872681,-5.4945807457],[-1790.17089844,-13.6819467545,773.359985352,-93.4356079102,119.549507141,-57.438835144,27.9540672302,-33.5956230164,23.2181625366,-8.83161449432,6.70525455475,-23.7919616699,2.45185899734],[613.492797852,-97.836555481,-93.4356079102,420.50604248,14.9411640167,33.3657646179,-42.6944541931,6.87202548981,-32.5658340454,-6.06296396255,27.5926589966,46.3931617737,11.409485817],[-559.543579102,23.7112083435,119.549507141,14.9411640167,193.515106201,20.15102005,28.7778396606,-32.5997810364,-2.72830986977,-1.3706343174,2.39073443413,-2.72405767441,6.3865942955],[220.393432617,-65.4400177002,-57.438835144,33.3657646179,20.15102005,173.61730957,48.8852500916,46.136882782,-28.8658370972,-13.8454885483,-9.23194503784,4.54374217987,6.33419847488],[-397.517456055,-78.7935943604,27.9540672302,-42.6944541931,28.7778396606,48.8852500916,150.854812622,47.2999992371,2.22960782051,-24.7713527679,5.32939195633,-1.71548521519,1.42229449749],[49.1215553284,-156.519851685,-33.5956230164,6.87202548981,-32.5997810364,46.136882782,47.2999992371,139.518310547,23.0075263977,7.65522098541,-9.08693885803,13.5204334259,8.12151432037],[-322.679718018,-33.7207756042,23.2181625366,-32.5658340454,-2.72830986977,-28.8658370972,2.22960782051,23.0075263977,102.609680176,31.4313850403,11.4090528488,-10.1542510986,7.68072557449],[-34.8133850098,-39.1930732727,-8.83161449432,-6.06296396255,-1.3706343174,-13.8454885483,-24.7713527679,7.65522098541,31.4313850403,79.481086731,21.9757385254,7.50817918777,3.07934617996],[-47.3752861023,-9.74087142944,6.70525455475,27.5926589966,2.39073443413,-9.23194503784,5.32939195633,-9.08693885803,11.4090528488,21.9757385254,83.5918731689,42.4822311401,13.1196832657],[123.539390564,-45.9828872681,-23.7919616699,46.3931617737,-2.72405767441,4.54374217987,-1.71548521519,13.5204334259,-10.1542510986,7.50817918777,42.4822311401,86.4562683105,39.0822563171],[-12.2867231369,-5.4945807457,2.45185899734,11.409485817,6.3865942955,6.33419847488,1.42229449749,8.12151432037,7.68072557449,3.07934617996,13.1196832657,39.0822563171,64.6588516235]],"icov":[[0.000161353629665,-0.000213485342101,0.000258782878518,-0.00015830877237,0.000280084001133,-0.000162305033882,0.000272040226264,-0.000235001949477,0.000329192378558,-0.0000718432420399,0.0000693564652465,-0.000157265923917,0.0000877114798641],[-0.000213485342101,0.000966037099715,-0.000259395310422,0.000396215968067,-0.000453767628642,0.000282169407001,-0.0000673215399729,0.000867968832608,-0.000317026686389,0.000490449776407,-0.000317236059345,0.000630718248431,-0.000411476037698],[0.000258782878518,-0.000259395310422,0.00198785751127,0.0000776747328928,-0.000604081898928,0.000376878859242,0.000400121847633,-0.000450763385743,0.000474451633636,0.000327509769704,-0.000375437899493,0.000334588869009,-0.000189405924175],[-0.00015830877237,0.000396215968067,0.0000776747328928,0.00308807310648,-0.000981634482741,-0.000293274206342,0.00120837637223,-0.000287312082946,0.000266851828201,0.000976337760221,-0.00113621796481,-0.000721642572898,0.000179465161636],[0.000280084001133,-0.000453767628642,-0.000604081898928,-0.000981634482741,0.00722267618403,-0.00153781031258,-0.00150682067033,0.00221433932893,0.000114655675134,-0.00135957880411,0.00114653131459,-0.000589971896261,-0.000421871896833],[-0.000162305033882,0.000282169407001,0.000376878859242,-0.000293274206342,-0.00153781031258,0.00803342647851,-0.00202050805092,-0.00231153005734,0.00243012281135,0.0000191008966794,-0.0000253049947787,0.00143171451055,-0.00141953292768],[0.000272040226264,-0.0000673215399729,0.000400121847633,0.00120837637223,-0.00150682067033,-0.00202050805092,0.0106087299064,-0.00405791355297,0.000397345545935,0.00419928319752,-0.00338329561055,0.00122131954413,0.000141773212817],[-0.000235001949477,0.000867968832608,-0.000450763385743,-0.000287312082946,0.00221433932893,-0.00231153005734,-0.00405791355297,0.0121089825407,-0.00394663447514,-0.00179402844515,0.00405833078548,-0.00348894367926,0.00051256880397],[0.000329192378558,-0.000317026686389,0.000474451633636,0.000266851828201,0.000114655675134,0.00243012281135,0.000397345545935,-0.00394663447514,0.0146808568388,-0.00430721091107,-0.00307500036433,0.00519850337878,-0.00384889682755],[-0.0000718432420399,0.000490449776407,0.000327509769704,0.000976337760221,-0.00135957880411,0.0000191008966794,0.00419928319752,-0.00179402844515,-0.00430721091107,0.0174033530056,-0.00507096201181,0.000486208620714,0.000526581017766],[0.0000693564652465,-0.000317236059345,-0.000375437899493,-0.00113621796481,0.00114653131459,-0.0000253049947787,-0.00338329561055,0.00405833078548,-0.00307500036433,-0.00507096201181,0.0202033855021,-0.0117494501173,0.00326405186206],[-0.000157265923917,0.000630718248431,0.000334588869009,-0.000721642572898,-0.000589971896261,0.00143171451055,0.00122131954413,-0.00348894367926,0.00519850337878,0.000486208620714,-0.0117494501173,0.0253509692848,-0.0131119787693],[0.0000877114798641,-0.000411476037698,-0.000189405924175,0.000179465161636,-0.000421871896833,-0.00141953292768,0.000141773212817,0.00051256880397,-0.00384889682755,0.000526581017766,0.00326405186206,-0.0131119787693,0.0232314392924]],"mean":[-749.211120605,181.63659668,7.34686422348,20.4127731323,2.27272367477,9.64207935333,-2.65701985359,0.861229836941,0.197621375322,1.6398639679,-2.05217051506,-0.340649336576,2.77588653564]},"pitch_salience":{"dmean":0.0720756351948,"dmean2":0.118412867188,"dvar":0.00377339264378,"dvar2":0.0101841976866,"max":0.869612395763,"mean":0.559839069843,"median":0.576288759708,"min":0.069854259491,"var":0.0143088120967},"silence_rate_20dB":{"dmean":0,"dmean2":0,"dvar":0,"dvar2":0,"max":1,"mean":1,"median":1,"min":1,"var":0},"silence_rate_30dB":{"dmean":0.0222582556307,"dmean2":0.0445197895169,"dvar":0.0217621084303,"dvar2":0.0513815060258,"max":1,"mean":0.944505870342,"median":1,"min":0,"var":0.0524125210941},"silence_rate_60dB":{"dmean":0.0140035375953,"dmean2":0.0280091390014,"dvar":0.0138094648719,"dvar2":0.0304750539362,"max":1,"mean":0.13361337781,"median":0,"min":0,"var":0.11573394388},"spectral_centroid":{"dmean":137.292892456,"dmean2":198.536056519,"dvar":50036.09375,"dvar2":83743.5234375,"max":11330.4677734,"mean":696.122253418,"median":528.042541504,"min":138.101226807,"var":471159.1875},"spectral_complexity":{"dmean":2.35112023354,"dmean2":3.59327769279,"dvar":7.705742836,"dvar2":14.6979799271,"max":58,"mean":12.4726209641,"median":12,"min":0,"var":75.5915298462},"spectral_contrast_coeffs":{"dmean":[0.0534514710307,0.0467879921198,0.0352130495012,0.0277278851718,0.0240011718124,0.0330897457898],"dmean2":[0.0882160440087,0.0767900124192,0.0585582666099,0.0453140512109,0.0383644551039,0.0501608885825],"dvar":[0.00181585061364,0.00140218576416,0.000798877736088,0.000500560738146,0.000433763547335,0.00117582664825],"dvar2":[0.00477568851784,0.00374789652415,0.00212115002796,0.00126963632647,0.00104158278555,0.00239861151204],"max":[-0.320025742054,-0.45430368185,-0.528617322445,-0.574828863144,-0.63759958744,-0.502693355083],"mean":[-0.675797224045,-0.754085719585,-0.806895852089,-0.827368080616,-0.849213063717,-0.803716719151],"median":[-0.680942595005,-0.753886699677,-0.807705879211,-0.82705104351,-0.841711640358,-0.8259100914],"min":[-0.961632668972,-0.973292827606,-0.973551511765,-0.974927008152,-0.975043535233,-0.958204746246],"var":[0.00878336280584,0.00535739958286,0.00325762224384,0.00240927911364,0.00208107288927,0.00515245134011]},"spectral_contrast_valleys":{"dmean":[0.386056005955,0.359085142612,0.340162247419,0.322751969099,0.41747790575,0.614773929119],"dmean2":[0.644824266434,0.574554920197,0.533095419407,0.489007532597,0.620678782463,0.961629033089],"dvar":[0.0992066115141,0.0926732197404,0.0989630892873,0.104842029512,0.178377509117,0.28196105361],"dvar2":[0.256706178188,0.213957428932,0.210194215178,0.212640509009,0.387785404921,0.721273064613],"max":[-4.80446434021,-4.52802038193,-5.18196249008,-5.86039352417,-5.81735944748,-8.92076969147],"mean":[-7.32483434677,-6.83874893188,-7.6049695015,-8.28485774994,-8.80345058441,-11.6343994141],"median":[-6.9434223175,-6.41222667694,-7.15087795258,-7.85188627243,-8.52049732208,-11.37362957],"min":[-27.075761795,-26.8510665894,-27.4055366516,-27.4787349701,-27.3791236877,-27.3185958862],"var":[2.56885933876,2.59769272804,2.55331110954,2.36039400101,2.32380437851,1.68478906155]},"spectral_decrease":{"dmean":2.2936004207e-9,"dmean2":3.62417607036e-9,"dvar":2.02927471661e-17,"dvar2":4.95888325217e-17,"max":2.00757028779e-8,"mean":-4.04215860783e-9,"median":-2.08164019355e-9,"min":-1.12285825082e-7,"var":4.33523572329e-17},"spectral_energy":{"dmean":0.00950061157346,"dmean2":0.0145438481122,"dvar":0.00029840625939,"dvar2":0.000705554382876,"max":0.492417901754,"mean":0.0345446020365,"median":0.0243852287531,"min":1.07663647487e-20,"var":0.00147786329035},"spectral_energyband_high":{"dmean":0.0000951207548496,"dmean2":0.000135822265293,"dvar":2.01249733323e-7,"dvar2":3.90581703869e-7,"max":0.017054034397,"mean":0.000208454905078,"median":0.000061083905166,"min":7.80845169656e-21,"var":4.92616720749e-7},"spectral_energyband_low":{"dmean":0.00542211579159,"dmean2":0.00912369880825,"dvar":0.00019201116811,"dvar2":0.000502004637383,"max":0.424094796181,"mean":0.00930365547538,"median":0.00489714229479,"min":6.90850806872e-23,"var":0.000279312545899},"spectral_energyband_middle_high":{"dmean":0.000760288676247,"dmean2":0.00117533188313,"dvar":0.00000141260716191,"dvar2":0.00000339520079251,"max":0.03134233132,"mean":0.00224896706641,"median":0.00141283136327,"min":1.54538522811e-21,"var":0.00000845828890306},"spectral_energyband_middle_low":{"dmean":0.00492384005338,"dmean2":0.00737192388624,"dvar":0.0000700415912434,"dvar2":0.000152913562488,"max":0.215461060405,"mean":0.0136391222477,"median":0.00768476258963,"min":3.15040298903e-22,"var":0.000330449227476},"spectral_entropy":{"dmean":0.265088766813,"dmean2":0.396773189306,"dvar":0.0660411790013,"dvar2":0.15040114522,"max":9.79084777832,"mean":6.9969329834,"median":6.99285411835,"min":4.38923931122,"var":0.299825042486},"spectral_flux":{"dmean":0.0178428310901,"dmean2":0.0289992652833,"dvar":0.000488125428092,"dvar2":0.00128147623036,"max":0.576388895512,"mean":0.0861050635576,"median":0.081908762455,"min":1.03761096937e-10,"var":0.0031442262698},"spectral_kurtosis":{"dmean":8.84075450897,"dmean2":13.9631958008,"dvar":130.872207642,"dvar2":352.777984619,"max":255.579589844,"mean":25.3084335327,"median":21.9927558899,"min":-1.19151484966,"var":234.207519531},"spectral_rms":{"dmean":0.000706807419192,"dmean2":0.00106417597272,"dvar":6.66870050736e-7,"dvar2":0.00000150294897594,"max":0.0219182055444,"mean":0.00500202691182,"median":0.00487754726782,"min":3.24095199462e-12,"var":0.00000868175084179},"spectral_rolloff":{"dmean":2624.30444336,"dmean2":5124.27636719,"dvar":42226844,"dvar2":108810128,"max":22050,"mean":17090.3730469,"median":21748.5351562,"min":43.06640625,"var":73591952},"spectral_skewness":{"dmean":0.637304008007,"dmean2":0.974427580833,"dvar":0.473130643368,"dvar2":1.21466302872,"max":13.0267744064,"mean":3.62670779228,"median":3.55085372925,"min":-0.0400231778622,"var":1.42781209946},"spectral_spread":{"dmean":623722,"dmean2":981369.6875,"dvar":411156774912,"dvar2":930141700096,"max":40979760,"mean":3629673,"median":3488354,"min":532251.125,"var":1689270222850},"spectral_strongpeak":{"dmean":11.5891857147,"dmean2":21.0946235657,"dvar":708.542114258,"dvar2":1775.46130371,"max":261.815704346,"mean":10.5517101288,"median":0.428993940353,"min":0,"var":763.722290039},"zerocrossingrate":{"dmean":0.0459703058004,"dmean2":0.058283187449,"dvar":0.00178583723027,"dvar2":0.00280284020118,"max":0.87158203125,"mean":0.335220277309,"median":0.3388671875,"min":0.00830078125,"var":0.0171264540404}},"metadata":{"audio_properties":{"analysis_sample_rate":44100,"bit_rate":240024,"codec":"mp3","downmix":"mix","equal_loudness":0,"length":315.037811279,"lossless":false,"md5_encoded":"87d2e6f11e62247967004c86438e5bbe","replay_gain":-9.11843299866,"sample_rate":44100},"tags":{"album":["West Ryder Pauper Lunatic Asylum"],"albumartist":["Kasabian"],"albumartistsort":["Kasabian"],"artist":["Kasabian"],"artistsort":["Kasabian"],"asin":["B001WCBPCW"],"date":["2009-06-09"],"file_name":"07 - West Ryder Silver Bullet.mp3","musicbrainz album release country":["US"],"musicbrainz album status":["official"],"musicbrainz album type":["album"],"musicbrainz_albumartistid":["69b39eab-6577-46a4-a9f5-817839092033"],"musicbrainz_albumid":["f4a0443d-1a68-471a-9cc3-eca71fd12953"],"musicbrainz_artistid":["69b39eab-6577-46a4-a9f5-817839092033"],"musicbrainz_recordingid":["adbc30b7-f2f4-4a28-aa56-7a530e8226df"],"musicip_puid":["fb1f20e6-62ec-be6e-8300-5a2a1d91b591"],"replaygain_album_gain":["-9.44 dB"],"replaygain_album_peak":["1.172893"],"replaygain_track_gain":["-8.51 dB"],"replaygain_track_peak":["1.107363"],"title":["West Ryder Silver Bullet"],"tracknumber":["7/12"]},"version":{"essentia":"2.1-beta1","essentia_build_sha":"ca57ba49d9b1854bd80e60cf9ccf267278fb7d6b","essentia_git_sha":"v2.1_beta1-28-g21ef5f4-dirty","extractor":"music 1.0"}},"rhythm":{"beats_count":553,"beats_loudness":{"dmean":0.0220284108073,"dmean2":0.039426099509,"dvar":0.000994987552986,"dvar2":0.00296769547276,"max":0.276834964752,"mean":0.0486666113138,"median":0.038712721318,"min":2.19651030697e-9,"var":0.00218350742944},"beats_loudness_band_ratio":{"dmean":[0.178289040923,0.117291420698,0.073982656002,0.0363599509001,0.0166196096689,0.108447790146],"dmean2":[0.313952028751,0.204175159335,0.129386678338,0.0628494098783,0.030254477635,0.189615249634],"dvar":[0.0198931992054,0.0144360037521,0.00907834246755,0.00281302072108,0.00274146278389,0.0102369459346],"