{"lowlevel":{"average_loudness":0.84449750185,"barkbands":{"dmean":[0.0000588160728512,0.00137116597034,0.000722152821254,0.000721326330677,0.00140990619548,0.000843326211907,0.000441425392637,0.000296409038128,0.000359335448593,0.000363976840163,0.000226164280321,0.000332367286319,0.000312176998705,0.000495361804496,0.000558859261218,0.000540816399734,0.000483349140268,0.000287031522021,0.000247258896707,0.000165149322129,0.0000803071598057,0.0000211187652894,0.0000104379105323,0.0000103676657091,0.00000814424765849,0.0000055987839005,0.00000121531036257],"dmean2":[0.0000856369442772,0.00235568033531,0.00123307527974,0.00125800678506,0.00226702354848,0.0013374366099,0.000706001475919,0.000469076941954,0.000577414233703,0.000572960707359,0.000358282850357,0.000538209860679,0.000500916619785,0.00079621054465,0.000920521270018,0.000885442481376,0.000803951465059,0.00046878066496,0.000395281706005,0.000260487402556,0.000125599734019,0.000032041582017,0.0000153106102516,0.0000152726388478,0.0000116252949738,0.00000783315317676,0.00000180328606803],"dvar":[1.64687286031e-8,0.0000139445864988,0.00000230224304687,0.00000437144944954,0.0000209103145608,0.0000029833777262,0.00000251496635428,0.0000020604979909,0.00000203907416108,0.00000213080375033,4.79931543396e-7,7.31869420179e-7,0.00000101132002328,0.0000020935426619,0.0000019982487629,0.0000014648448996,9.93694698082e-7,5.84682595672e-7,6.10440906712e-7,2.89668122377e-7,1.22835771776e-7,4.90775331485e-9,1.57160151559e-9,3.90995236188e-9,6.61419641279e-10,3.79090425717e-10,1.79304539966e-11],"dvar2":[3.95334680547e-8,0.0000380973324354,0.00000643892553853,0.0000119317883218,0.0000511560137966,0.00000748961565478,0.00000574048726776,0.00000528993314219,0.00000499157249578,0.0000046881596063,9.86753434518e-7,0.00000181837151558,0.00000240355552705,0.00000477683670397,0.00000481450661027,0.00000365338019037,0.00000272078955277,0.00000142077192322,0.00000145001945384,6.21004517143e-7,2.980305851e-7,8.28889401561e-9,3.39514127923e-9,9.44080813525e-9,1.35427102865e-9,7.55617679538e-10,3.88735328649e-11],"max":[0.00145845708903,0.0442305356264,0.0310700163245,0.0376948267221,0.0907444879413,0.0534364655614,0.0621648691595,0.0561686232686,0.0434353724122,0.106285259128,0.0711779817939,0.0568172000349,0.0716947838664,0.0738267824054,0.0956875532866,0.0485984422266,0.0211603976786,0.0319484658539,0.0404641479254,0.0236177258193,0.0420615375042,0.00873137172312,0.00265507725999,0.0060011325404,0.00130175205413,0.000460046547232,0.000108639607788],"mean":[0.0000782973220339,0.0015741372481,0.00112831755541,0.000760766270105,0.0020415992476,0.00175459997263,0.000773643376306,0.000523270864505,0.000542472000234,0.000590968877077,0.000405961473007,0.000600800383836,0.000558774336241,0.000939631951042,0.00107509619556,0.00114795367699,0.00113069685176,0.000597210135311,0.000500417721923,0.00033267546678,0.000175081979251,0.0000404076708946,0.0000152367001647,0.0000156051264639,0.0000120114373203,0.00000741621670386,0.00000141841189816],"median":[0.0000150813175424,0.000378587079467,0.000395829731133,0.000196372740902,0.000861284381244,0.000867292401381,0.000268813106231,0.000161344738444,0.000149400977534,0.000176870875293,0.000150259089423,0.000290722993668,0.000270696735242,0.00048531088396,0.000446768768597,0.000436168134911,0.000428425089922,0.000227168784477,0.000214980274905,0.000175604203832,0.0000844778769533,0.0000192168881767,0.00000303651677314,0.00000297040651276,0.00000193486630451,6.80613993609e-7,1.1374699227e-7],"min":[3.67631639717e-25,7.46434782447e-24,2.2707649091e-24,2.20495201872e-24,1.41160284993e-23,1.43314821898e-23,2.20284327519e-23,9.54612887638e-24,3.87864195316e-23,3.32083367392e-23,1.93819542984e-23,3.84562212894e-23,3.29676615879e-23,5.81411817947e-23,4.49420021493e-23,8.72620515307e-23,1.09438711247e-22,6.72945683808e-23,1.65130675568e-22,2.61057953935e-22,3.343123349e-22,2.84023903696e-22,3.61539648163e-22,7.77355602421e-22,8.8984499656e-22,1.41025741926e-21,2.18486026315e-21],"var":[2.13623785328e-8,0.0000118534371722,0.0000039217657104,0.00000375751187676,0.0000211309561564,0.00000699622205502,0.00000401427041652,0.00000291643004857,0.00000281936604551,0.00000366855715583,0.00000145914816585,0.00000135850689276,0.00000167507482729,0.00000378713934879,0.00000440352732767,0.00000378889194508,0.00000394926928493,0.00000126315433135,0.00000109905704448,6.46684213734e-7,2.54217724205e-7,1.28380914788e-8,2.53582577159e-9,5.5315503289e-9,1.41170142243e-9,5.75272607328e-10,2.35049653352e-11]},"barkbands_crest":{"dmean":2.38473582268,"dmean2":3.90685415268,"dvar":5.37205266953,"dvar2":13.582865715,"max":24.7513885498,"mean":8.97371292114,"median":8.25046062469,"min":2.26430630684,"var":14.389040947},"barkbands_flatness_db":{"dmean":0.0177099499851,"dmean2":0.0269759707153,"dvar":0.000326604000293,"dvar2":0.000737775117159,"max":0.400655299425,"mean":0.144699454308,"median":0.142416119576,"min":0.0314452983439,"var":0.00237244018354},"barkbands_kurtosis":{"dmean":1.88351380825,"dmean2":3.10570907593,"dvar":15.26811409,"dvar2":41.7831382751,"max":234.093215942,"mean":2.62070703506,"median":-0.000563859939575,"min":-1.86686897278,"var":69.7694854736},"barkbands_skewness":{"dmean":0.456886947155,"dmean2":0.719255506992,"dvar":0.213622063398,"dvar2":0.544300734997,"max":11.5337133408,"mean":0.584626197815,"median":0.540312409401,"min":-4.05926942825,"var":2.51300573349},"barkbands_spread":{"dmean":4.25645828247,"dmean2":6.69822120667,"dvar":19.588224411,"dvar2":46.1607170105,"max":84.2195129395,"mean":21.1053237915,"median":20.8708896637,"min":0.650906383991,"var":90.7061004639},"dissonance":{"dmean":0.00993655063212,"dmean2":0.0164950601757,"dvar":0.000154436318553,"dvar2":0.00040586333489,"max":0.500000178814,"mean":0.475594520569,"median":0.48062568903,"min":0,"var":0.000443301396444},"dynamic_complexity":3.82723021507,"erbbands":{"dmean":[0.0396159812808,0.318726092577,0.771276116371,1.76304543018,4.55350828171,3.67302727699,6.05525970459,6.85950088501,7.10060310364,6.40856122971,6.08047008514,7.3566608429,11.4295778275,9.41441822052,10.728140831,13.1142377853,13.1045351028,21.5490722656,31.083820343,21.0664215088,30.6619300842,23.6218547821,14.4956188202,14.833864212,9.84565258026,8.23032951355,3.94144034386,2.6383960247,0.870519459248,0.387558072805,0.29642945528,0.264175981283,0.143354937434,0.100955344737,0.0532881617546,0.0254575554281,0.0105033023283,0.00216653081588,0.000198418740183,0.0000126738223116],"dmean2":[0.0623951926827,0.57187461853,1.33374619484,3.04485225677,7.44801044464,5.90909099579,9.51447105408,11.0121555328,10.9987916946,10.4821414948,9.37573337555,11.7279167175,18.0910396576,14.7496852875,17.0796375275,21.3123683929,20.9068183899,34.4261627197,50.9188270569,33.8971214294,50.3314933777,38.9735412598,23.7179050446,23.8203754425,15.5326690674,12.9837551117,6.15868234634,4.06705904007,1.3162176609,0.573314487934,0.439069539309,0.396918058395,0.20631994307,0.146691456437,0.0769803971052,0.035934753716,0.0148984156549,0.0031118853949,0.000295960286167,0.0000189644615602],"dvar":[0.0109862145036,0.757055878639,2.29296088219,23.8590698242,261.723297119,128.168685913,125.640953064,273.701446533,511.196075439,1019.11834717,521.709472656,683.277282715,2490.03662109,973.805297852,786.467407227,876.234985352,2073.51757812,3050.10351562,6788.95898438,3121.20117188,4099.26806641,2386.52124023,996.79119873,2398.7277832,1708.1640625,662.652099609,206.851119995,180.199569702,7.85030031204,1.76635026932,1.50698459148,3.75537848473,0.298359870911,0.131488204002,0.0252748597413,0.006831263192,0.00148859305773,0.0000580960804655,4.6276284138e-7,9.18650711057e-10],"dvar2":[0.0279556550086,2.1312892437,6.51593446732,64.1100463867,641.096252441,327.447479248,316.445556641,690.073852539,1188.71655273,2610.04663086,1250.11950684,1625.67138672,5687.46044922,2196.97045898,1765.29199219,2200.25610352,4887.23486328,7007.99072266,16642.9238281,7296.08300781,10563.8330078,6604.69482422,2605.97753906,5621.82275391,4071.76000977,1430.63745117,530.487854004,394.452026367,12.7571992874,4.01071405411,3.28745532036,9.45459079742,0.606046557426,0.273438990116,0.0520475842059,0.0134794153273,0.00308197340928,0.000121923854749,9.97718871076e-7,2.01262895239e-9],"max":[1.19822502136,10.8155584335,22.8250007629,89.9775390625,340.342498779,201.016342163,361.465789795,449.35144043,867.396057129,1614.06481934,1137.4708252,777.631652832,3382.27563477,1865.68884277,1722.2208252,1630.29589844,3462.84204102,3169.90844727,3715.65454102,2660.30517578,2524.24902344,1088.07092285,937.145751953,2059.87426758,2236.41333008,1135.00622559,1383.44042969,1718.83129883,364.222320557,115.751113892,84.9012680054,196.428527832,34.3937759399,21.3350334167,6.5330119133,2.10335350037,0.974439203739,0.183405220509,0.0166135523468,0.000724687357433],"mean":[0.0446353890002,0.351045012474,1.15442383289,2.23630714417,5.25538682938,5.40882825851,11.6914901733,13.0472984314,13.9414205551,10.6172189713,11.7358732224,12.4624767303,17.8043003082,16.771282196,21.2377948761,24.9070091248,25.8037033081,43.9768104553,61.404132843,47.5822410583,69.3309783936,60.6675453186,36.158367157,31.0839042664,20.1986274719,16.7112770081,8.64280223846,5.46954393387,1.76672375202,0.625942885876,0.436175495386,0.382427752018,0.219051852822,0.146939069033,0.0778358355165,0.0351223610342,0.0133762573823,0.00267704343423,0.000240961890086,0.0000298619761452],"median":[0.00745958928019,0.0900633335114,0.457941234112,0.677479863167,1.20269167423,2.07343959808,5.95025253296,5.01563739777,4.86519527435,3.27842760086,4.18873023987,4.28965091705,4.54536151886,6.55705547333,9.09862136841,12.9962902069,13.2027797699,24.1057262421,27.5130290985,21.884973526,28.1496429443,24.136051178,14.4819030762,12.0487060547,9.74613761902,8.80436706543,4.25433731079,2.66794776917,0.910192728043,0.188941657543,0.088495478034,0.0697790682316,0.042174577713,0.0244213845581,0.011602146551,0.00388412550092,0.00112296384759,0.000218877947191,0.0000331570699927,0.0000223570132221],"min":[1.35036641776e-22,1.27661988856e-21,2.71081990525e-21,7.13000607452e-21,1.61064214479e-20,4.16247688618e-20,7.43894640108e-20,1.45323471486e-19,2.75435660193e-19,3.7955396957e-19,2.71174930406e-19,9.06505992526e-19,1.46134235148e-18,1.22920279796e-18,1.21931705906e-18,1.71580213305e-18,1.38688162069e-18,3.79975381903e-18,3.04275410477e-18,3.3048617915e-18,5.92780167627e-18,5.31744205947e-18,3.1046139797e-18,7.70775414737e-18,7.98944719625e-18,1.37629610767e-17,9.4453810273e-18,1.06511820586e-17,9.87991885541e-18,1.3866055078e-17,9.89666595409e-18,1.34275666353e-17,1.13459831674e-17,9.45842897428e-18,6.27795508778e-18,4.79020623602e-18,2.71032117673e-18,1.05262506959e-18,2.65214396159e-19,3.1711225709e-20],"var":[0.0106300031766,0.602878928185,3.36496138573,24.6672325134,248.011047363,137.549545288,290.778778076,564.635131836,1048.25256348,1197.94824219,1025.57739258,1082.77282715,3928.03759766,1865.89099121,2271.65307617,1807.70849609,3466.22680664,6628.59033203,13845.2949219,6769.97363281,12888.5878906,10957.0117188,3754.00952148,4269.82958984,2765.15185547,1528.16015625,406.736877441,393.461334229,22.6819381714,2.97251749039,2.40331959724,4.19358205795,0.697908043861,0.314070045948,0.0456354394555,0.0107383932918,0.00212096585892,0.0000814975865069,6.16069485204e-7,1.40932654435e-9]},"erbbands_crest":{"dmean":2.35345888138,"dmean2":3.85476446152,"dvar":5.66775846481,"dvar2":13.8818798065,"max":31.9831161499,"mean":9.38319683075,"median":8.0024471283,"min":2.55200028419,"var":24.996383667},"erbbands_flatness_db":{"dmean":0.0178763009608,"dmean2":0.0258191656321,"dvar":0.000384790269891,"dvar2":0.000741998548619,"max":0.400707364082,"mean":0.209248915315,"median":0.209616228938,"min":0.0408354178071,"var":0.00360287795775},"erbbands_kurtosis":{"dmean":1.16685795784,"dmean2":1.8330630064,"dvar":5.6794962883,"dvar2":12.4047012329,"max":92.3376617432,"mean":1.57864892483,"median":-0.147880792618,"min":-1.83642876148,"var":24.6045970917},"erbbands_skewness":{"dmean":0.333317607641,"dmean2":0.520845174789,"dvar":0.109950691462,"dvar2":0.25751671195,"max":5.16398048401,"mean":-0.353041023016,"median":-0.303470283747,"min":-5.9354262352,"var":0.786797523499},"erbbands_spread":{"dmean":4.93236207962,"dmean2":7.78672742844,"dvar":34.8770828247,"dvar2":83.3669815063,"max":136.827667236,"mean":27.311498642,"median":25.843460083,"min":1.01946878433,"var":279.181335449},"gfcc":{"cov":[[9797.78222656,-1193.83361816,-1156.60827637,640.43182373,-574.063415527,-59.7167739868,-539.334960938,421.733093262,-227.454376221,-54.7173652649,-193.710357666,-73.404258728,-294.563018799],[-1193.83361816,1671.78344727,-201.128234863,-363.585754395,76.5311355591,-401.583099365,220.673904419,-250.33895874,115.947128296,-5.12837648392,145.794845581,-33.1470756531,165.164993286],[-1156.60827637,-201.128234863,1307.88391113,-71.1195678711,-99.2660446167,343.103912354,-55.8591537476,131.331115723,-7.14342927933,-5.4633731842,-49.5211677551,35.8831825256,-116.258056641],[640.43182373,-363.585754395,-71.1195678711,443.78692627,99.9457626343,83.8937149048,-14.560500145,79.4813079834,9.76839637756,-24.5465812683,-19.7700595856,-29.3236408234,-27.529958725],[-574.063415527,76.5311355591,-99.2660446167,99.9457626343,339.123199463,103.346389771,96.3774871826,-12.7703914642,36.3391075134,35.5239028931,28.1171150208,8.53196334839,62.8345756531],[-59.7167739868,-401.583099365,343.103912354,83.8937149048,103.346389771,396.245483398,20.5815124512,109.374031067,-18.3673763275,21.8176212311,-33.3683624268,9.74196243286,-40.9132003784],[-539.334960938,220.673904419,-55.8591537476,-14.560500145,96.3774871826,20.5815124512,194.177154541,-4.90602445602,34.3949317932,17.0937786102,23.8384780884,-4.02004528046,43.6480674744],[421.733093262,-250.33895874,131.331115723,79.4813079834,-12.7703914642,109.374031067,-4.90602445602,209.032806396,36.853263855,12.4367799759,-4.52681493759,4.97585582733,-41.4236106873],[-227.454376221,115.947128296,-7.14342927933,9.76839637756,36.3391075134,-18.3673763275,34.3949317932,36.853263855,109.583122253,39.3295783997,29.200668335,-4.63572597504,12.5982084274],[-54.7173652649,-5.12837648392,-5.4633731842,-24.5465812683,35.5239028931,21.8176212311,17.0937786102,12.4367799759,39.3295783997,117.936706543,52.5185317993,22.799243927,15.0019340515],[-193.710357666,145.794845581,-49.5211677551,-19.7700595856,28.1171150208,-33.3683624268,23.8384780884,-4.52681493759,29.200668335,52.5185317993,117.459526062,36.0783805847,33.2613449097],[-73.404258728,-33.1470756531,35.8831825256,-29.3236408234,8.53196334839,9.74196243286,-4.02004528046,4.97585582733,-4.63572597504,22.799243927,36.0783805847,87.532081604,29.4809780121],[-294.563018799,165.164993286,-116.258056641,-27.529958725,62.8345756531,-40.9132003784,43.6480674744,-41.4236106873,12.5982084274,15.0019340515,33.2613449097,29.4809780121,98.4531478882]],"icov":[[0.000388232700061,-0.000602654647082,0.000767561781686,-0.000768582161982,0.000839914660901,-0.000697242619935,0.00107528560329,-0.00116649386473,0.00113624776714,-0.000930920883548,0.00103027559817,-0.000809158431366,0.000961405399721],[-0.000602654647082,0.00308730499819,-0.00177720736247,0.00248102005571,-0.0019914964214,0.0028648590669,-0.00321612763219,0.00303787156008,-0.00330849713646,0.00303656002507,-0.00383064616472,0.00339599722065,-0.00298377498984],[0.000767561781686,-0.00177720736247,0.00293122418225,-0.00149441335816,0.00230774842203,-0.00310397264548,0.0026804197114,-0.00257958681323,0.00197546184063,-0.00183338474017,0.00268849497661,-0.0029769607354,0.00329468445852],[-0.000768582161982,0.00248102005571,-0.00149441335816,0.00530199240893,-0.00320423417725,0.00203795544803,-0.00234541366808,0.0019303264562,-0.00332428258844,0.00377997430041,-0.00357144046575,0.00353804789484,-0.00200337683782],[0.000839914660901,-0.0019914964214,0.00230774842203,-0.00320423417725,0.00722043262795,-0.00420397054404,0.00143087562174,-0.00158836483024,0.00149339204654,-0.00292305322364,0.00267284433357,-0.00244719255716,0.000109233384137],[-0.000697242619935,0.0028648590669,-0.00310397264548,0.00203795544803,-0.00420397054404,0.00801519490778,-0.00384050421417,0.000991065986454,-0.000727810082026,0.00126136455219,-0.00229098042473,0.00301919830963,-0.00208331411704],[0.00107528560329,-0.00321612763219,0.0026804197114,-0.00234541366808,0.00143087562174,-0.00384050421417,0.0109237330034,-0.00434562703595,0.00284135667607,-0.00319140264764,0.00365506857634,-0.00218886509538,0.00148470362183],[-0.00116649386473,0.00303787156008,-0.00257958681323,0.0019303264562,-0.00158836483024,0.000991065986454,-0.00434562703595,0.0116380881518,-0.00781059637666,0.00398245081306,-0.00447547109798,0.00196826411411,-0.0015286586713],[0.00113624776714,-0.00330849713646,0.00197546184063,-0.00332428258844,0.00149339204654,-0.000727810082026,0.00284135667607,-0.00781059637666,0.01808706671,-0.00779100786895,0.00337072717957,-0.000984766986221,0.00258037936874],[-0.000930920883548,0.00303656002507,-0.00183338474017,0.00377997430041,-0.00292305322364,0.00126136455219,-0.00319140264764,0.00398245081306,-0.00779100786895,0.0159681290388,-0.00866881851107,0.00204473570921,-0.00262698042206],[0.00103027559817,-0.00383064616472,0.00268849497661,-0.00357144046575,0.00267284433357,-0.00229098042473,0.00365506857634,-0.00447547109798,0.00337072717957,-0.00866881851107,0.0181314758956,-0.00845486018807,0.00281927292235],[-0.000809158431366,0.00339599722065,-0.0029769607354,0.00353804789484,-0.00244719255716,0.00301919830963,-0.00218886509538,0.00196826411411,-0.000984766986221,0.00204473570921,-0.00845486018807,0.0201955195516,-0.00940557010472],[0.000961405399721,-0.00298377498984,0.00329468445852,-0.00200337683782,0.000109233384137,-0.00208331411704,0.00148470362183,-0.0015286586713,0.00258037936874,-0.00262698042206,0.00281927292235,-0.00940557010472,0.0210666600615]],"mean":[-48.9854469299,113.427108765,-153.507339478,27.125328064,-29.5332775116,-5.90187215805,-31.7363700867,-2.99322223663,-25.3116607666,5.9831533432,-14.4391918182,-1.5708283186,-2.40850949287]},"hfc":{"dmean":4.99777984619,"dmean2":7.38048696518,"dvar":86.6792755127,"dvar2":171.592849731,"max":370.431671143,"mean":19.8782577515,"median":14.0636310577,"min":1.13223648448e-16,"var":399.301361084},"melbands":{"dmean":[0.000362487975508,0.000406657374697,0.000362655497156,0.000316110963468,0.000188461024663,0.000156315029017,0.000104368489701,0.0000672680325806,0.0000455761364719,0.0000527128395333,0.0000582522661716,0.0000409978274547,0.0000344032414432,0.0000359538389603,0.0000337987039529,0.0000310537798214,0.0000458629947389,0.0000524564493389,0.0000367440916307,0.00003348473183,0.0000398187003157,0.0000277404087683,0.0000223228762479,0.0000114432532428,0.0000135585341923,0.00000845463910082,0.00000691417699272,0.00000555233691557,0.0000026751315545,0.00000240767712967,0.00000127765815705,5.76988043122e-7,2.83156509795e-7,2.01051690851e-7,1.71564806806e-7,1.72000909515e-7,1.62680663607e-7,1.0322180799e-7,9.53471612775e-8,8.45911287684e-8],"dmean2":[0.000603100226726,0.000715042464435,0.000614828546531,0.000511605408974,0.000298598431982,0.000248971482506,0.000161743198987,0.000110762797704,0.0000702515244484,0.0000841018918436,0.000092286754807,0.0000644398314762,0.0000545077200513,0.0000582691063755,0.0000551315679331,0.0000497209075547,0.0000734017667128,0.0000863030945766,0.0000604131928412,0.0000544503527635,0.0000658558055875,0.0000460546325485,0.0000372887552658,0.0000185137068911,0.0000219680732698,0.0000137003726195,0.0000109710772449,0.00000887432361196,0.00000424425979872,0.0000038245466385,0.00000195613961296,8.92838386335e-7,4.34876596955e-7,3.02951121967e-7,2.59047737927e-7,2.55117356573e-7,2.48450135132e-7,1.50074214389e-7,1.39989111858e-7,1.25402195295e-7],"dvar":[9.85599626802e-7,7.33480931103e-7,8.99489748463e-7,0.00000136263645345,1.14433873932e-7,1.29672997673e-7,1.07436811447e-7,1.24074489349e-7,2.59450363416e-8,4.13220284656e-8,6.53884768553e-8,2.05237729034e-8,8.90555806876e-9,1.1702096181e-8,6.08438766037e-9,1.26412986745e-8,1.51665933146e-8,2.30781509458e-8,1.03818704744e-8,7.90365550785e-9,6.6981593605e-9,3.06975600495e-9,2.74681433154e-9,1.21173271417e-9,1.97900806853e-9,8.62985516381e-10,7.96611665521e-10,3.11770803618e-10,8.97943108757e-11,1.3722158132e-10,3.28090402069e-11,3.63911461729e-12,8.38727362302e-13,4.51657130749e-13,4.39961245604e-13,1.16296067828e-12,1.33612869033e-12,1.60603965565e-13,1.01502824429e-13,1.21784743748e-13],"dvar2":[0.00000263214451479,0.00000205901778827,0.00000235330685427,0.00000333618618242,2.91833600841e-7,3.25636449361e-7,2.43631035346e-7,3.21909567447e-7,6.04750951538e-8,9.92403101918e-8,1.48217139895e-7,4.67583660679e-8,1.90525693e-8,2.80340231029e-8,1.52498120798e-8,3.10157801664e-8,3.46925048689e-8,5.5837947599e-8,2.27911716166e-8,1.89957809482e-8,1.74129421993e-8,8.36003266613e-9,7.76085684606e-9,2.85554069279e-9,4.72171501897e-9,2.1163766295e-9,1.84394477465e-9,7.11651793051e-10,2.23056489945e-10,3.66555896747e-10,5.91077950474e-11,6.00726760003e-12,1.94733248624e-12,1.01405114774e-12,9.55949620678e-13,2.82122545811e-12,3.35745558959e-12,3.25203622711e-13,2.04018795131e-13,2.68385330236e-13],"max":[0.0110194999725,0.0104089425877,0.0162338875234,0.0232660397887,0.00960752740502,0.0102878985927,0.0121646784246,0.0177926477045,0.00768380286172,0.00607214542106,0.0177588295192,0.00692518148571,0.0066009350121,0.00846531055868,0.00304545718245,0.00917162001133,0.00742746656761,0.00825546495616,0.00951089803129,0.00508863013238,0.00419737352058,0.00142536766361,0.0012573763961,0.00140537100378,0.0018944441108,0.00162472971715,0.00149180437438,0.00100825948175,0.000730051251594,0.00137842912227,0.000733576132916,0.000259735417785,0.0000821401845315,0.0000436433656432,0.0000419020470872,0.0000975520742941,0.000112914916826,0.000029242659366,0.0000158609927894,0.0000247179486905],"mean":[0.000409469852457,0.000580343301408,0.000473049614811,0.000389056804124,0.000366313819541,0.000311145733576,0.00020536086231,0.000111461667984,0.0000873232420417,0.0000828396296129,0.0000889980292413,0.0000677378338878,0.0000653112947475,0.0000660502919345,0.0000620450155111,0.0000550640070287,0.0000860933214426,0.000098585987871,0.0000726188372937,0.0000662103848299,0.0000845536196721,0.0000639596692054,0.0000491414248245,0.0000233634564211,0.0000260357228399,0.0000162239921337,0.0000126991744764,0.0000105803283077,0.00000527076736034,0.00000474890111946,0.00000248582227869,0.00000108339008875,4.74915367477e-7,2.84821993546e-7,2.41607352791e-7,2.45063034754e-7,2.29679898212e-7,1.53237678546e-7,1.40468955578e-7,1.17807282152e-7],"median":[0.0000855511680129,0.000220574162086,0.000155458241352,0.000103893718915,0.000194943742827,0.000128549640067,0.0000728998857085,0.0000320359977195,0.0000303301458189,0.0000249208605965,0.0000216848584387,0.0000239509317908,0.0000262398316409,0.0000323788262904,0.0000294929959637,0.0000269958291028,0.0000435050351371,0.0000431935332017,0.0000309529787046,0.0000261689201579,0.0000333009957103,0.0000250513403444,0.0000160393283295,0.00000880601146491,0.00000956856820267,0.00000711621896698,0.00000629601981927,0.00000523398239238,0.00000248130209002,0.00000209343488677,0.00000118055902476,5.32928424946e-7,1.75262471203e-7,5.36432516185e-8,4.44759109541e-8,4.45604442234e-8,3.99441937304e-8,2.69283777499e-8,2.59226133892e-8,1.79472650075e-8],"min":[2.37551498769e-24,1.89468395279e-24,1.3266414852e-24,2.07930678968e-24,2.98606098504e-24,2.86715696687e-24,4.4383830994e-24,3.77012758811e-24,2.67326600042e-24,5.64606879744e-24,6.88806363396e-24,4.03711243388e-24,3.07339340927e-24,3.88069393815e-24,4.53220587673e-24,2.71145850393e-24,6.66961463867e-24,4.56015758519e-24,3.92666204639e-24,4.97880172885e-24,7.44640754976e-24,5.97807747548e-24,3.02653447986e-24,3.18867773918e-24,5.56179794238e-24,6.6131081376e-24,5.85488698437e-24,8.84624201494e-24,4.57533250799e-24,7.67726059393e-24,4.40916132489e-24,5.8656766294e-24,4.57842720932e-24,7.10189069321e-24,5.22715841321e-24,5.8925759974e-24,7.14306765474e-24,7.79580035557e-24,7.79442537101e-24,7.59093712279e-24],"var":[8.58545718074e-7,8.88132092314e-7,9.43734846715e-7,0.00000128351393869,2.64704681285e-7,2.89806763476e-7,2.17437545302e-7,1.46041685412e-7,5.54949082243e-8,6.06078813803e-8,1.04038356596e-7,3.62437759804e-8,2.79858483054e-8,2.06707504447e-8,1.37088447261e-8,1.81814208133e-8,3.05858200988e-8,4.16136991532e-8,2.34826824652e-8,1.57130060074e-8,2.19600622131e-8,1.21057386337e-8,9.24899712373e-9,2.27811836062e-9,3.30334404275e-9,1.3637733165e-9,1.35886191188e-9,6.91801116393e-10,1.640357572e-10,2.29733176926e-10,8.87526302451e-11,9.48211734825e-12,1.56993818987e-12,6.79184085275e-13,7.2568426962e-13,1.32780364395e-12,1.61555068368e-12,3.85703567609e-13,2.40637560876e-13,2.58841803243e-13]},"melbands_crest":{"dmean":3.00641822815,"dmean2":4.86394691467,"dvar":7.60905694962,"dvar2":19.1856594086,"max":30.8223171234,"mean":12.331287384,"median":11.1694545746,"min":1.57465970516,"var":29.1695518494},"melbands_flatness_db":{"dmean":0.0216259416193,"dmean2":0.0333255082369,"dvar":0.000508192169946,"dvar2":0.0012028288329,"max":0.538267016411,"mean":0.201758041978,"median":0.187723249197,"min":0.00245705153793,"var":0.00449187029153},"melbands_kurtosis":{"dmean":4.02966833115,"dmean2":6.70856523514,"dvar":99.3604202271,"dvar2":287.84576416,"max":356.215759277,"mean":8.10073471069,"median":1.6235537529,"min":-1.89078104496,"var":685.768005371},"melbands_skewness":{"dmean":0.559969246387,"dmean2":0.891580045223,"dvar":0.401466190815,"dvar2":1.04479444027,"max":15.724032402,"mean":1.57389581203,"median":1.32668209076,"min":-2.9296104908,"var":4.01549243927},"melbands_spread":{"dmean":7.39720249176,"dmean2":11.6347770691,"dvar":63.8278427124,"dvar2":147.407394409,"max":151.375808716,"mean":33.5826873779,"median":31.1155891418,"min":0.519710302353,"var":413.55166626},"mfcc":{"cov":[[9846.62011719,-1270.24938965,-1267.5880127,452.555084229,-237.311782837,-390.819671631,-289.050170898,-24.3689117432,-153.887908936,-41.1821289062,27.7410907745,43.8919525146,-131.778793335],[-1270.24938965,1575.6262207,-73.2386474609,-90.0678787231,-193.108612061,-105.24382782,-25.4562969208,-163.921295166,-26.2663536072,-36.0122261047,-6.10507249832,-32.9835395813,36.6365776062],[-1267.5880127,-73.2386474609,1198.3079834,-217.427658081,101.546607971,67.901260376,17.3911819458,147.250640869,-26.0182704926,75.4910736084,15.6377630234,-35.2088813782,37.0009918213],[452.555084229,-90.0678787231,-217.427658081,332.464630127,27.8314285278,-9.11357116699,-5.27886152267,-7.6196141243,29.5662517548,-22.3142108917,18.5980205536,42.0498504639,-7.43615245819],[-237.311782837,-193.108612061,101.546607971,27.8314285278,262.673156738,108.931488037,58.3455314636,70.8455429077,38.4576148987,31.1717567444,6.90634536743,33.7312393188,0.0627785399556],[-390.819671631,-105.24382782,67.901260376,-9.11357116699,108.931488037,216.166687012,100.95930481,42.0735816956,45.3459281921,20.6869716644,5.2414150238,-4.92228412628,-0.168810740113],[-289.050170898,-25.4562969208,17.3911819458,-5.27886152267,58.3455314636,100.95930481,153.716949463,62.4248847961,33.6401519775,35.4678421021,0.896473944187,4.39234638214,5.84287071228],[-24.3689117432,-163.921295166,147.250640869,-7.6196141243,70.8455429077,42.0735816956,62.4248847961,156.225753784,50.8854904175,35.5192642212,15.3863725662,7.80730342865,4.709379673],[-153.887908936,-26.2663536072,-26.0182704926,29.5662517548,38.4576148987,45.3459281921,33.6401519775,50.8854904175,109.918373108,41.5104789734,10.846036911,7.74827241898,-5.88463973999],[-41.1821289062,-36.0122261047,75.4910736084,-22.3142108917,31.1717567444,20.6869716644,35.4678421021,35.5192642212,41.5104789734,112.743003845,40.6350746155,11.6234922409,1.70138382912],[27.7410907745,-6.10507249832,15.6377630234,18.5980205536,6.90634536743,5.2414150238,0.896473944187,15.3863725662,10.846036911,40.6350746155,81.0171203613,43.7797241211,20.023727417],[43.8919525146,-32.9835395813,-35.2088813782,42.0498504639,33.7312393188,-4.92228412628,4.39234638214,7.80730342865,7.74827241898,11.6234922409,43.7797241211,94.5391311646,41.5691452026],[-131.778793335,36.6365776062,37.0009918213,-7.43615245819,0.0627785399556,-0.168810740113,5.84287071228,4.709379673,-5.88463973999,1.70138382912,20.023727417,41.5691452026,89.83984375]],"icov":[[0.000175323628355,0.000134681642521,0.000213093837374,-0.000133453620947,0.000141554133734,0.00009200230852,0.000310322386213,-0.00034041897743,0.000452121370472,-0.000290062656859,0.0000376488751499,-0.00000347671698364,0.000129496693262],[0.000134681642521,0.000943519349676,0.0000556461855012,0.000121631957882,0.000349723210093,0.000643934938125,-0.000503519433551,0.000931992661208,-0.000372990034521,0.000264736125246,-0.000510556448717,0.000477612251416,-0.000351848400896],[0.000213093837374,0.0000556461855012,0.00154342420865,0.000375716626877,-0.000169877050212,-0.000427694641985,0.00131266517565,-0.00197992520407,0.00172132288571,-0.00126669707242,0.000131824766868,0.000635275559034,-0.000483547250042],[-0.000133453620947,0.000121631957882,0.000375716626877,0.00403068726882,-0.000665180617943,0.000506902171765,-0.000485747499624,0.000623020576313,-0.00170802546199,0.00176598958205,-0.00125750689767,-0.00105292769149,0.000556026876438],[0.000141554133734,0.000349723210093,-0.000169877050212,-0.000665180617943,0.00632574921474,-0.0028890601825,0.00082077056868,-0.00187574198935,0.00066970102489,-0.00151749176439,0.00243787746876,-0.00356865790673,0.00129549379926],[0.00009200230852,0.000643934938125,-0.000427694641985,0.000506902171765,-0.0028890601825,0.00951609387994,-0.0059300228022,0.00289345975034,-0.00336093944497,0.00275954650715,-0.00333259790204,0.00311500160024,-0.000626595399808],[0.000310322386213,-0.000503519433551,0.00131266517565,-0.000485747499624,0.00082077056868,-0.0059300228022,0.0133672663942,-0.00609034253284,0.00320658856072,-0.00491903256625,0.00409844191745,-0.00177029427141,-0.000273293000646],[-0.00034041897743,0.000931992661208,-0.00197992520407,0.000623020576313,-0.00187574198935,0.00289345975034,-0.00609034253284,0.0135526359081,-0.00670193787664,0.00273244921118,-0.00319157843478,0.00149063952267,-0.00078908103751],[0.000452121370472,-0.000372990034521,0.00172132288571,-0.00170802546199,0.00066970102489,-0.00336093944497,0.00320658856072,-0.00670193787664,0.0162336751819,-0.00682929577306,0.00294987228699,-0.00136251328513,0.00126658543013],[-0.000290062656859,0.000264736125246,-0.00126669707242,0.00176598958205,-0.00151749176439,0.00275954650715,-0.00491903256625,0.00273244921118,-0.00682929577306,0.0162026751786,-0.00908861961216,0.00217887409963,0.000580716878176],[0.0000376488751499,-0.000510556448717,0.000131824766868,-0.00125750689767,0.00243787746876,-0.00333259790204,0.00409844191745,-0.00319157843478,0.00294987228699,-0.00908861961216,0.022827129811,-0.0102632939816,0.0000242663136305],[-0.00000347671698364,0.000477612251416,0.000635275559034,-0.00105292769149,-0.00356865790673,0.00311500160024,-0.00177029427141,0.00149063952267,-0.00136251328513,0.00217887409963,-0.0102632939816,0.0209841132164,-0.00805572979152],[0.000129496693262,-0.000351848400896,-0.000483547250042,0.000556026876438,0.00129549379926,-0.000626595399808,-0.000273293000646,-0.00078908103751,0.00126658543013,0.000580716878176,0.0000242663136305,-0.00805572979152,0.0155605450273]],"mean":[-683.10546875,144.798736572,-50.5461463928,34.1819076538,8.03551292419,6.04622364044,3.54580354691,-10.0975456238,2.26705670357,-4.23889112473,-6.0619225502,0.771083593369,-2.51717615128]},"pitch_salience":{"dmean":0.064039722085,"dmean2":0.104170329869,"dvar":0.00333852064796,"dvar2":0.00860146153718,"max":0.964931547642,"mean":0.597001850605,"median":0.615577995777,"min":0.110446169972,"var":0.0160573646426},"silence_rate_20dB":{"dmean":0,"dmean2":0,"dvar":0,"dvar2":0,"max":1,"mean":1,"median":1,"min":1,"var":0},"silence_rate_30dB":{"dmean":0.000485810276587,"dmean2":0.000971659901552,"dvar":0.000485419965116,"dvar2":0.0012130147079,"max":1,"mean":0.999554693699,"median":1,"min":0,"var":0.000444984005298},"silence_rate_60dB":{"dmean":0.0128739727661,"dmean2":0.0257489886135,"dvar":0.0127087421715,"dvar2":0.0290573965758,"max":1,"mean":0.101287342608,"median":0,"min":0,"var":0.0910271033645},"spectral_centroid":{"dmean":199.857009888,"dmean2":305.680450439,"dvar":47798.9296875,"dvar2":103171.117188,"max":11696.7275391,"mean":1596.84643555,"median":1547.76794434,"min":137.826705933,"var":513770.09375},"spectral_complexity":{"dmean":3.46002197266,"dmean2":5.3088259697,"dvar":12.3133497238,"dvar2":25.8176498413,"max":62,"mean":23.9376564026,"median":24,"min":0,"var":165.829666138},"spectral_contrast_coeffs":{"dmean":[0.0477238297462,0.0424581319094,0.034471642226,0.029063379392,0.0208210758865,0.0228500813246],"dmean2":[0.0776940211654,0.0695632025599,0.0564632341266,0.0477780625224,0.034157987684,0.0348143577576],"dvar":[0.00181004102342,0.00126697251108,0.000832366757095,0.000574694073293,0.000327910413034,0.000559409323614],"dvar2":[0.00458875810727,0.00330114224926,0.0021189043764,0.00148271617945,0.00080872385297,0.00118411937729],"max":[-0.276203304529,-0.38452193141,-0.431032896042,-0.473536610603,-0.559739291668,-0.477287560701],"mean":[-0.644966006279,-0.726817011833,-0.779769361019,-0.778692066669,-0.786873340607,-0.716135025024],"median":[-0.653222382069,-0.730617403984,-0.783541917801,-0.784367084503,-0.791369438171,-0.711582303047],"min":[-0.998891532421,-0.995336830616,-0.986812233925,-0.967794895172,-0.966538071632,-0.961418688297],"var":[0.00785103440285,0.00624127266929,0.00304264714941,0.00283434567973,0.00201234244741,0.00367972510867]},"spectral_contrast_valleys":{"dmean":[0.419892340899,0.325004428625,0.279009401798,0.246787726879,0.224179759622,0.315351784229],"dmean2":[0.687342464924,0.533865869045,0.450583100319,0.391174197197,0.330165952444,0.409090518951],"dvar":[0.14769923687,0.0830683410168,0.0653967857361,0.0576628446579,0.0658130049706,0.195736438036],"dvar2":[0.350140303373,0.202792093158,0.149245679379,0.121946178377,0.119091883302,0.347614735365],"max":[-5.54962301254,-5.14942884445,-5.37002754211,-5.25016307831,-5.24476051331,-7.90383243561],"mean":[-7.92843151093,-7.23220682144,-7.44023323059,-7.33441734314,-7.45682525635,-11.4396972656],"median":[-7.82776355743,-7.00774288177,-7.28854084015,-7.03284788132,-7.07561302185,-11.1098861694],"min":[-27.9086303711,-27.9376850128,-27.6014118195,-27.5622444153,-27.3857154846,-27.4068470001],"var":[1.22239506245,1.37234663963,1.14575946331,1.55896961689,1.72924304008,1.7655018568]},"spectral_decrease":{"dmean":1.37775046927e-9,"dmean2":2.18470486146e-9,"dvar":5.37707599137e-18,"dvar2":1.2746054183e-17,"max":1.12602720131e-28,"mean":-4.11247880194e-9,"median":-3.67687835734e-9,"min":-3.33675771458e-8,"var":1.07249847672e-17},"spectral_energy":{"dmean":0.00557434698567,"dmean2":0.00878181681037,"dvar":0.0000852264711284,"dvar2":0.000198682857445,"max":0.141683533788,"mean":0.0173244718462,"median":0.0155198294669,"min":1.03600413534e-20,"var":0.000186534627574},"spectral_energyband_high":{"dmean":0.000181934839929,"dmean2":0.000271576631349,"dvar":3.80117796794e-7,"dvar2":8.40319671624e-7,"max":0.068042948842,"mean":0.000420631899033,"median":0.000245067552896,"min":7.44602622702e-21,"var":9.54928395913e-7},"spectral_energyband_low":{"dmean":0.00221887999214,"dmean2":0.00377524434589,"dvar":0.0000262399116764,"dvar2":0.0000702152537997,"max":0.0615387223661,"mean":0.00317440042272,"median":0.00121909449808,"min":2.26649235955e-23,"var":0.0000288717710646},"spectral_energyband_middle_high":{"dmean":0.00202027033083,"dmean2":0.00305140949786,"dvar":0.0000143471925185,"dvar2":0.0000293175744446,"max":0.131144747138,"mean":0.00762614514679,"median":0.00492419535294,"min":1.3397956059e-21,"var":0.0000685223567416},"spectral_energyband_middle_low":{"dmean":0.00297509948723,"dmean2":0.00472964625806,"dvar":0.0000445465884695,"dvar2":0.000107592968561,"max":0.112617827952,"mean":0.00659693172202,"median":0.00472042383626,"min":1.98740151233e-22,"var":0.000067587774538},"spectral_entropy":{"dmean":0.120284006,"dmean2":0.17870901525,"dvar":0.0179104395211,"dvar2":0.037631008774,"max":9.81273365021,"mean":7.46108818054,"median":7.5282535553,"min":5.65159606934,"var":0.129902139306},"spectral_flux":{"dmean":0.0173985417932,"dmean2":0.0270205438137,"dvar":0.000529518059921,"dvar2":0.00114162743557,"max":0.309601038694,"mean":0.0683482065797,"median":0.0658489763737,"min":6.51076345615e-11,"var":0.00174086506013},"spectral_kurtosis":{"dmean":2.99840855598,"dmean2":5.19689750671,"dvar":10.3092546463,"dvar2":30.5982437134,"max":47.2217178345,"mean":7.4101691246,"median":6.15324211121,"min":-1.26128089428,"var":21.5231781006},"spectral_rms":{"dmean":0.00057631690288,"dmean2":0.000889647228178,"dvar":5.74188447899e-7,"dvar2":0.00000131145452542,"max":0.0117570338771,"mean":0.00378793780692,"median":0.00389118213207,"min":3.17920711458e-12,"var":0.0000025535050554},"spectral_rolloff":{"dmean":298.865692139,"dmean2":496.470275879,"dvar":170903.5,"dvar2":402156.1875,"max":19379.8828125,"mean":1794.85559082,"median":1808.7890625,"min":86.1328125,"var":958607.5},"spectral_skewness":{"dmean":0.308580756187,"dmean2":0.512841403484,"dvar":0.0862016230822,"dvar2":0.236596614122,"max":5.02926015854,"mean":1.5401892662,"median":1.47078573704,"min":-0.397539019585,"var":0.2988101542},"spectral_spread":{"dmean":328642.53125,"dmean2":472454.125,"dvar":255407341568,"dvar2":436288290816,"max":41897420,"mean":2888899,"median":2530610,"min":1225071.5,"var":2500793729020},"spectral_strongpeak":{"dmean":0.700733482838,"dmean2":1.18325567245,"dvar":1.37587833405,"dvar2":3.48866248131,"max":21.8357181549,"mean":1.19994819164,"median":0.638471484184,"min":0,"var":2.42885565758},"zerocrossingrate":{"dmean":0.00620309542865,"dmean2":0.00759087549523,"dvar":0.0000445473997388,"dvar2":0.0000660917212372,"max":0.51806640625,"mean":0.0624482706189,"median":0.06103515625,"min":0,"var":0.000781257811468}},"metadata":{"audio_properties":{"analysis_sample_rate":44100,"bit_rate":0,"codec":"flac","downmix":"mix","equal_loudness":0,"length":573.533325195,"lossless":true,"md5_encoded":"4a90529d1306eef0af2e687b6d5202e2","replay_gain":-12.4618110657},"tags":{"acoustid_id":["67c1f3c3-92a9-42a2-b428-d2f4c3147563"],"album":["Washing Machine"],"albumartist":["Sonic Youth"],"albumartistsort":["Sonic Youth"],"artist":["Sonic Youth"],"artists":["Sonic Youth"],"artistsort":["Sonic Youth"],"asin":["B0000073YS"],"barcode":["720642490921"],"catalognumber":["GED 24909"],"date":["1996"],"discnumber":["1"],"disctotal":["2"],"file_name":"04 - Washing Machine.flac","label":["Geffen Records"],"media":["CD"],"musicbrainz_albumartistid":["5cbef01b-cc35-4f52-af7b-d0df0c4f61b9"],"musicbrainz_albumid":["68b17bc7-ed93-3665-953b-9ad5c8351468"],"musicbrainz_artistid":["5cbef01b-cc35-4f52-af7b-d0df0c4f61b9"],"musicbrainz_recordingid":["adc244f2-f60d-4cb6-996a-c4655a791a8b"],"musicbrainz_releasegroupid":["9722731f-48ec-3958-a6b7-a08521fcf115"],"musicbrainz_releasetrackid":["b61d4048-1adf-3d1e-8e6b-aa7caca10ccc"],"originaldate":["1995"],"releasecountry":["US"],"releasestatus":["official"],"releasetype":["album"],"script":["Latn"],"title":["Washing Machine"],"totaldiscs":["2"],"totaltracks":["11"],"tracknumber":["4"],"tracktotal":["11"]},"version":{"essentia":"2.1-beta1","essentia_build_sha":"85931cb11b241c07ac43bfc3827c398894034a25","essentia_git_sha":"v2.1_beta1-6-g5578087","extractor":"music 1.0"}},"rhythm":{"beats_count":1258,"beats_loudness":{"dmean":0.0114251943305,"dmean2":0.0211612712592,"dvar":0.000166410012753,"dvar2":0.000520537840202,"max":0.132151097059,"mean":0.023166237399,"median":0.0213374309242,"min":0.00000494744381285,"var":0.000257272185991},"beats_loudness_band_ratio":{"dmean":[0.143589943647,0.172580778599,0.076731979847,0.0973190888762,0.0891432315111,0.0298107210547],"dmean2":[0.26101493835