{"lowlevel":{"average_loudness":0.876072406769,"barkbands":{"dmean":[0.00204176199622,0.00564711447805,0.00145668769255,0.000866939080879,0.00255937990732,0.00217473204248,0.00165339861996,0.00192029587924,0.00191653636284,0.000579445448238,0.000349162233761,0.000312024116283,0.000277922226815,0.000239078945015,0.0000845306494739,0.0000337184355885,0.0000533184283995,0.000033004067518,0.0000463739124825,0.0000188456870092,0.0000104505616036,0.00000880172046891,0.00000294937945,0.0000031977153867,0.00000192409584088,0.00000471639305033,0.000187363330042],"dmean2":[0.00346161518246,0.00977575033903,0.00251756096259,0.00150494801346,0.00407734373584,0.00352470204234,0.00268126418814,0.00310894171707,0.00304665626027,0.000951415335294,0.000571100739762,0.000495646323543,0.000449228973594,0.000386810104828,0.000134940128191,0.0000532145095349,0.0000806194948382,0.000049850805226,0.0000684490732965,0.0000278850384348,0.0000150331497935,0.0000128196870719,0.00000458317117591,0.0000054401093621,0.00000318274669553,0.00000747842386772,0.000251369987382],"dvar":[0.0000141177133628,0.000113300964586,0.00000762662193665,0.00000263210290541,0.0000167792604771,0.0000190696646314,0.0000130797589009,0.0000269702904916,0.0000188995818462,0.00000162581750374,4.57038453305e-7,6.41606220597e-7,2.37770976241e-7,1.58977456977e-7,2.69566520217e-8,2.5688247085e-9,1.61760098649e-8,4.92512652883e-9,1.68172231696e-8,8.52734860501e-9,8.65909566272e-10,3.4796690529e-10,2.60090178561e-11,1.34570882215e-10,1.13690853606e-11,3.09953701594e-10,9.00100332046e-8],"dvar2":[0.0000368421351595,0.000313047727104,0.0000206062941288,0.00000739712686482,0.0000406788894907,0.0000483524199808,0.0000340946899087,0.000071795671829,0.0000479458722111,0.00000429994906881,0.00000116585783871,0.00000149809545746,6.04961542194e-7,4.04359724371e-7,6.44982165454e-8,6.15752115962e-9,3.7311824741e-8,1.09588125241e-8,3.77926667738e-8,1.76942229757e-8,1.70493297258e-9,7.21539161752e-10,5.79505540776e-11,3.52980783491e-10,2.82150153935e-11,7.22264081876e-10,1.55435884608e-7],"max":[0.0513877049088,0.11506639421,0.0275821723044,0.0263316147029,0.0695912614465,0.105213612318,0.0731348469853,0.133673936129,0.152601331472,0.0237017925829,0.0162233170122,0.0306285806,0.008529570885,0.00545456632972,0.00657113455236,0.00114588544238,0.0021167609375,0.00214870716445,0.00463263643906,0.00332607049495,0.00127976096701,0.000487551675178,0.000108468047983,0.000561682565603,0.0000520151479577,0.00108707637992,0.00742948800325],"mean":[0.00246536452323,0.00649507297203,0.00157144316472,0.000973340356722,0.0040248464793,0.0031779659912,0.00240567047149,0.00269589270465,0.00304066715762,0.000806954689324,0.000502494105604,0.000484316726215,0.000477972993394,0.000410742475651,0.000150885549374,0.0000616358665866,0.000076452299254,0.00005319817501,0.0000693268884788,0.0000308667986246,0.0000178390546353,0.0000135094351208,0.00000396838368033,0.00000294668166134,0.00000200919475901,0.00000610184406469,0.000454540248029],"median":[0.00138589215931,0.00372112239711,0.000641863443889,0.000408528780099,0.00210177851841,0.00113761192188,0.000717304414138,0.000615239725448,0.000933857285418,0.000312357064104,0.00024355520145,0.000194396503503,0.000211411039345,0.000169453327544,0.0000890650189831,0.0000384534614568,0.0000259845728579,0.0000239955697907,0.0000187115547305,0.00000940880272537,0.000006684404525,0.0000042503752411,0.00000155402597102,8.37763366235e-7,7.71783902564e-7,0.00000220076594815,0.000289417861495],"min":[2.87650955385e-25,2.74351919162e-24,6.65955340808e-25,2.9939523551e-24,1.04018583651e-23,8.43849164594e-24,4.63483865266e-24,1.00584940343e-23,1.93229333032e-23,1.17551476703e-23,1.61078044662e-23,2.66218214971e-23,4.10568022376e-23,4.22215900741e-23,5.69327604838e-23,6.81433385386e-23,6.25140144972e-23,1.20246661006e-22,1.35836925387e-22,1.53719606937e-22,2.28469996344e-22,4.34704666965e-22,4.8223948136e-22,6.75212680723e-22,1.00368784882e-21,1.40210981139e-21,2.06302399062e-21],"var":[0.0000134904867082,0.0000934599156608,0.00000711256643626,0.00000292124104817,0.0000301170603052,0.000031063460483,0.0000226786687563,0.00003818717596,0.0000375783347408,0.00000233367495639,7.47800925183e-7,0.00000117078241146,4.93829247716e-7,3.38649869036e-7,5.78673784446e-8,5.56611468028e-9,2.30459971107e-8,9.31582633257e-9,2.96722788562e-8,1.92708107249e-8,2.34295871593e-9,7.41316230624e-10,4.62205967944e-11,1.05032010866e-10,1.25713337309e-11,3.67061714357e-10,3.11088712124e-7]},"barkbands_crest":{"dmean":3.04397559166,"dmean2":5.05039834976,"dvar":6.80985498428,"dvar2":17.9417457581,"max":24.4492683411,"mean":9.96290016174,"median":9.19886493683,"min":3.31190156937,"var":14.347782135},"barkbands_flatness_db":{"dmean":0.0276699829847,"dmean2":0.0438651628792,"dvar":0.000567726208828,"dvar2":0.00143775471952,"max":0.375024110079,"mean":0.167234331369,"median":0.164517298341,"min":0.0250067301095,"var":0.00184538180474},"barkbands_kurtosis":{"dmean":6.05036735535,"dmean2":9.91073799133,"dvar":136.27822876,"dvar2":354.656494141,"max":278.751098633,"mean":11.4117746353,"median":8.1064786911,"min":-1.73706877232,"var":214.964691162},"barkbands_skewness":{"dmean":0.69427216053,"dmean2":1.11789166927,"dvar":0.59119528532,"dvar2":1.52947998047,"max":14.0709104538,"mean":2.35488891602,"median":2.1598098278,"min":-2.18770933151,"var":1.64740228653},"barkbands_spread":{"dmean":5.75045585632,"dmean2":8.93799686432,"dvar":42.0413131714,"dvar2":94.8165206909,"max":115.448745728,"mean":18.7220363617,"median":16.1124897003,"min":0.967315495014,"var":150.674911499},"dissonance":{"dmean":0.0309220198542,"dmean2":0.0524516329169,"dvar":0.000797696586233,"dvar2":0.00220401608385,"max":0.499999910593,"mean":0.44907912612,"median":0.457008957863,"min":0.223856508732,"var":0.00129846169148},"dynamic_complexity":3.53543949127,"erbbands":{"dmean":[0.257156968117,0.969025552273,1.67096567154,2.16734743118,5.51352453232,10.3446397781,13.9886951447,18.1800060272,20.9135627747,30.5437335968,46.4740371704,45.5979003906,25.3984470367,11.6669588089,13.6834163666,13.3678750992,12.0569324493,12.4540367126,6.49195766449,2.63949918747,1.74699032307,3.17949414253,1.82030320168,2.1239259243,1.79983222485,0.887884914875,0.539916753769,0.379181534052,0.354219466448,0.137288600206,0.0798891037703,0.0854288041592,0.0368391871452,0.0213849451393,0.013834468089,0.00930175371468,0.0115955518559,0.0171248093247,0.0139487832785,0.00627529295161],"dmean2":[0.45165425539,1.66129183769,2.8957593441,3.7052936554,9.14078712463,16.4101295471,22.5114707947,29.612455368,33.7762908936,49.4390296936,75.3496246338,72.3574676514,41.2989692688,18.6766490936,22.3912086487,21.1931266785,19.2548999786,20.1011562347,10.0870599747,4.21678924561,2.68479585648,4.82433462143,2.69150829315,3.0923178196,2.6327047348,1.3016422987,0.777731776237,0.548905074596,0.514953613281,0.205366834998,0.12460770458,0.145513638854,0.0614383928478,0.0353918783367,0.022842509672,0.0153892422095,0.0189003311098,0.0232488028705,0.0179388932884,0.00802478659898],"dvar":[0.249836713076,3.31210303307,9.63320159912,16.1494083405,96.1013717651,339.373474121,1222.48815918,1153.15588379,1882.39257812,5036.25244141,15315.0498047,11167.0439453,3586.94458008,502.610412598,649.31817627,1081.75915527,432.749847412,438.424926758,160.746368408,12.2718839645,7.85842895508,64.6784515381,13.9478025436,26.0236186981,42.9585571289,17.6955223083,3.70662808418,0.760543644428,0.600451886654,0.0585452057421,0.0194337908179,0.136132478714,0.00617173034698,0.00143041857518,0.00057434104383,0.00038779163151,0.00394730316475,0.00182117673103,0.00192557682749,0.0000622722945991],"dvar2":[0.704008698463,9.00390815735,25.905456543,44.4822998047,247.871017456,812.821838379,2944.47119141,2971.11962891,4868.96386719,13292.9990234,39764.4414062,27931.2363281,9731.515625,1193.83691406,1634.00537109,2564.49755859,1099.72131348,1137.32385254,377.923675537,30.0842914581,17.8034553528,151.3152771,29.5030441284,53.6212692261,99.0787582397,37.8771133423,7.49142885208,1.37233161926,1.25018465519,0.123449347913,0.0434043481946,0.360924780369,0.0154030909762,0.00356008741073,0.00142078683712,0.000913563242648,0.00968828424811,0.00343341752887,0.00333267007954,0.000105349790829],"max":[5.13220691681,19.9015045166,34.158618927,60.3962402344,188.865936279,366.871643066,1113.6842041,610.814331055,779.257141113,1442.85961914,2614.13696289,3794.52734375,1160.60070801,501.529296875,566.598815918,1223.72277832,335.164001465,331.557373047,508.912902832,70.0927963257,70.0784378052,137.502960205,105.786224365,145.900375366,293.128936768,154.000015259,73.7333602905,35.2178840637,22.590221405,4.72146987915,3.44379091263,18.803194046,2.68075251579,0.587473809719,0.367299228907,0.967936336994,3.9619345665,1.26042234898,1.60061073303,0.131151750684],"mean":[0.287253916264,1.08205854893,1.87188756466,2.69198608398,7.5157418251,15.2470188141,19.6292495728,26.5861988068,31.4601097107,44.1189880371,68.2450790405,72.6554641724,38.8975944519,18.9542446136,21.2375564575,22.0751266479,21.853313446,22.7505741119,12.5587301254,5.30668783188,3.37736415863,4.53367614746,3.02495908737,3.38128209114,2.7628839016,1.47116172314,0.908345937729,0.645795583725,0.541031181812,0.204807281494,0.104352027178,0.0788245499134,0.0366761311889,0.0221738405526,0.0146593060344,0.0101132569835,0.0133931608871,0.0296872425824,0.0276904925704,0.0182915497571],"median":[0.160447910428,0.548420071602,0.853231668472,1.3150960207,3.62045836449,7.02372741699,6.86985731125,10.1470088959,10.6110706329,11.9272327423,17.7915039062,23.0917835236,14.6865692139,8.97203350067,10.804693222,9.91170597076,10.5659360886,9.90989303589,6.39239501953,3.73160028458,1.99582576752,1.52070140839,1.34495031834,1.1071331501,0.800643742085,0.461303532124,0.331548154354,0.234781011939,0.16658385098,0.0758446529508,0.040509223938,0.0216214358807,0.0122525310144,0.00844547338784,0.00580033333972,0.0040499237366,0.00426113652065,0.0080144200474,0.0101338522509,0.0143234105781],"min":[7.11573362437e-23,2.18647428519e-22,2.22727649361e-21,9.44632827835e-21,1.31484550814e-20,3.31926997237e-20,7.3124439898e-20,7.30091903742e-20,1.11083144285e-19,1.38004034588e-19,3.44555466714e-19,4.48854463356e-19,6.25421438382e-19,7.34836030124e-19,1.13843668294e-18,1.20838059399e-18,2.13348574259e-18,2.38428256162e-18,2.80317033934e-18,4.89801020371e-18,4.1418662078e-18,5.3310127846e-18,6.12323260856e-18,6.28960923543e-18,7.2677321118e-18,5.97665330889e-18,9.12144055581e-18,9.30849421645e-18,1.19826971721e-17,1.07632559326e-17,1.27341766966e-17,1.1583341817e-17,1.14694431826e-17,9.23327123873e-18,7.2752412574e-18,4.68421213951e-18,2.75136422437e-18,9.29777995277e-19,2.46455749324e-19,3.0088219799e-20],"var":[0.19819188118,2.80315184593,8.76423835754,17.9208717346,141.351409912,568.532226562,1784.12634277,1910.29675293,3280.19580078,8273.69140625,21748.6835938,21474.3222656,5764.93115234,1051.22802734,1079.30786133,1918.95837402,932.905578613,942.970092773,373.791351318,29.6417255402,18.3582496643,87.7544708252,27.7979011536,52.5867424011,73.5543518066,40.3133811951,9.4634552002,2.10880732536,1.26644086838,0.124492406845,0.0335009843111,0.101807162166,0.00625793170184,0.00156465859618,0.000643371371552,0.000431366090197,0.00370549503714,0.00490446994081,0.00597196863964,0.000239325381699]},"erbbands_crest":{"dmean":3.20116686821,"dmean2":5.24448537827,"dvar":8.5345954895,"dvar2":20.6948566437,"max":32.8126602173,"mean":10.0825338364,"median":8.91891765594,"min":2.15042567253,"var":21.3962345123},"erbbands_flatness_db":{"dmean":0.027088040486,"dmean2":0.0414281450212,"dvar":0.000523662252817,"dvar2":0.00119967083447,"max":0.375572383404,"mean":0.175709292293,"median":0.174390107393,"min":0.0278440471739,"var":0.00218236702494},"erbbands_kurtosis":{"dmean":1.58370471001,"dmean2":2.55164694786,"dvar":8.29388141632,"dvar2":20.7973098755,"max":84.7149581909,"mean":1.74892055988,"median":0.857077598572,"min":-1.6059076786,"var":13.3556833267},"erbbands_skewness":{"dmean":0.414615273476,"dmean2":0.654726743698,"dvar":0.13783980906,"dvar2":0.332902431488,"max":6.53738832474,"mean":0.601931452751,"median":0.584549069405,"min":-2.87474274635,"var":0.528039455414},"erbbands_spread":{"dmean":5.41755008698,"dmean2":8.35043334961,"dvar":30.8488101959,"dvar2":68.7964630127,"max":79.0975570679,"mean":20.7091579437,"median":18.5253105164,"min":1.02641141415,"var":115.554122925},"gfcc":{"cov":[[13263.1992188,553.160888672,-575.147949219,-66.6892166138,-134.447158813,-375.329315186,86.3103485107,-174.078094482,14.8845262527,-3.08764314651,-1.9801992178,-30.9846439362,-109.193405151],[553.160888672,715.4375,-30.1291217804,-218.756408691,61.8238258362,-52.6906585693,24.0782241821,-94.0099029541,45.0592269897,7.0259771347,46.1863708496,-51.862827301,36.6928062439],[-575.147949219,-30.1291217804,298.462097168,168.306900024,-10.1188220978,125.684860229,-46.4882316589,82.0618667603,-33.1886177063,-4.30958032608,-16.990524292,0.100470595062,14.4725465775],[-66.6892166138,-218.756408691,168.306900024,345.230804443,100.758453369,31.3002815247,65.9335021973,23.0675506592,-23.5193939209,-40.7422523499,-33.4678649902,50.3251266479,-32.0982322693],[-134.447158813,61.8238258362,-10.1188220978,100.758453369,223.9790802,6.76521921158,95.1462478638,-56.6100502014,-8.43307971954,-52.2419967651,-0.0609447620809,20.340970993,-4.87108135223],[-375.329315186,-52.6906585693,125.684860229,31.3002815247,6.76521921158,237.648132324,-49.4649620056,72.2320861816,-50.7968215942,8.71173191071,4.62996196747,-18.7301845551,35.6076889038],[86.3103485107,24.0782241821,-46.4882316589,65.9335021973,95.1462478638,-49.4649620056,190.624923706,-17.1269817352,43.6437339783,-24.9303474426,-21.5084877014,27.0805683136,-22.7625675201],[-174.078094482,-94.0099029541,82.0618667603,23.0675506592,-56.6100502014,72.2320861816,-17.1269817352,141.376968384,34.597328186,22.4588222504,-6.28371810913,-14.2144041061,12.1399507523],[14.8845262527,45.0592269897,-33.1886177063,-23.5193939209,-8.43307971954,-50.7968215942,43.6437339783,34.597328186,106.804374695,46.4124069214,5.12341976166,-3.03312587738,-12.514790535],[-3.08764314651,7.0259771347,-4.30958032608,-40.7422523499,-52.2419967651,8.71173191071,-24.9303474426,22.4588222504,46.4124069214,94.5720672607,38.3299674988,-3.16121673584,1.11101722717],[-1.9801992178,46.1863708496,-16.990524292,-33.4678649902,-0.0609447620809,4.62996196747,-21.5084877014,-6.28371810913,5.12341976166,38.3299674988,69.1929779053,24.0779838562,16.3840713501],[-30.9846439362,-51.862827301,0.100470595062,50.3251266479,20.340970993,-18.7301845551,27.0805683136,-14.2144041061,-3.03312587738,-3.16121673584,24.0779838562,73.2091827393,16.7890148163],[-109.193405151,36.6928062439,14.4725465775,-32.0982322693,-4.87108135223,35.6076889038,-22.7625675201,12.1399507523,-12.514790535,1.11101722717,16.3840713501,16.7890148163,69.3099822998]],"icov":[[0.000115313217975,-0.000363207305782,0.000680489698425,-0.000574372243136,0.000307309383061,-0.00000701331236996,0.000114144990221,-0.000337816163665,0.000391689303797,-0.000192894163774,0.000223486538744,-0.000106016414065,0.000134385525598],[-0.000363207305782,0.00503320991993,-0.00591604830697,0.0052945073694,-0.00201443536207,0.000755366985686,-0.00208670273423,0.00510589778423,-0.00461198668927,0.00306234532036,-0.00479394150898,0.00438066851348,-0.00246853940189],[0.000680489698425,-0.00591604830697,0.0153497187421,-0.0112991528586,0.0040107681416,-0.00298280501738,0.00399760343134,-0.00748131982982,0.00558481784537,-0.00337575655431,0.0053002317436,-0.0027808425948,0.000686867511831],[-0.000574372243136,0.0052945073694,-0.0112991528586,0.0143681000918,-0.00638157920912,0.00187696737703,-0.00278398231603,0.00296372314915,-0.00216398690827,0.00110458245035,-0.000133435663884,-0.00314552313648,0.00284443609416],[0.000307309383061,-0.00201443536207,0.0040107681416,-0.00638157920912,0.0114787220955,-0.00356657104567,-0.00267876056023,0.00371552188881,-0.00272306008264,0.00606012530625,-0.00479767564684,0.00270688417368,-0.0012441854924],[-0.00000701331236996,0.000755366985686,-0.00298280501738,0.00187696737703,-0.00356657104567,0.00937472190708,-0.00049331743503,-0.00482141738757,0.00682275369763,-0.00451712217182,0.000200955240871,0.00251215347089,-0.00265494198538],[0.000114144990221,-0.00208670273423,0.00399760343134,-0.00278398231603,-0.00267876056023,-0.00049331743503,0.0108191110194,-0.00255107018165,-0.00257516559213,-0.00023070993484,0.00597403896973,-0.00613327603787,0.00283788447268],[-0.000337816163665,0.00510589778423,-0.00748131982982,0.00296372314915,0.00371552188881,-0.00482141738757,-0.00255107018165,0.0208072066307,-0.0149637404829,0.00794187746942,-0.00706989923492,0.00735616497695,-0.00498460512608],[0.000391689303797,-0.00461198668927,0.00558481784537,-0.00216398690827,-0.00272306008264,0.00682275369763,-0.00257516559213,-0.0149637404829,0.0289711095393,-0.0177201405168,0.00921203382313,-0.0044425977394,0.00338271376677],[-0.000192894163774,0.00306234532036,-0.00337575655431,0.00110458245035,0.00606012530625,-0.00451712217182,-0.00023070993484,0.00794187746942,-0.0177201405168,0.0288179349154,-0.0182891339064,0.00673793442547,-0.000399274082156],[0.000223486538744,-0.00479394150898,0.0053002317436,-0.000133435663884,-0.00479767564684,0.000200955240871,0.00597403896973,-0.00706989923492,0.00921203382313,-0.0182891339064,0.0352112017572,-0.0179697759449,0.00246719201095],[-0.000106016414065,0.00438066851348,-0.0027808425948,-0.00314552313648,0.00270688417368,0.00251215347089,-0.00613327603787,0.00735616497695,-0.0044425977394,0.00673793442547,-0.0179697759449,0.031239496544,-0.0119948191568],[0.000134385525598,-0.00246853940189,0.000686867511831,0.00284443609416,-0.0012441854924,-0.00265494198538,0.00283788447268,-0.00498460512608,0.00338271376677,-0.000399274082156,0.00246719201095,-0.0119948191568,0.0231414660811]],"mean":[-40.2953605652,122.03326416,-79.2171325684,-24.766910553,-16.8897857666,-20.9570674896,1.3576259613,-15.6513566971,0.698193430901,-4.99601554871,-0.995298027992,-6.56216096878,-4.58920288086]},"hfc":{"dmean":64.6971282959,"dmean2":91.1686859131,"dvar":8201.71972656,"dvar2":17017.875,"max":1773.93847656,"mean":172.827896118,"median":137.704467773,"min":1.13648210478e-16,"var":20703.0878906},"melbands":{"dmean":[0.0019262235146,0.000962937483564,0.000437911687186,0.000557784631383,0.000473056250485,0.000409536412917,0.000324930297211,0.000344061845681,0.000387556414353,0.000273917918094,0.000123098740005,0.0000476872446598,0.0000466025085188,0.0000381458958145,0.0000338406498486,0.0000242647020059,0.000025342194931,0.0000124767102534,0.000005056336704,0.00000280509493678,0.00000207895391213,0.00000357544445251,0.0000020738866624,0.00000166516781519,0.00000180965969321,0.00000197642179955,8.27289170502e-7,5.72332908177e-7,3.83446575825e-7,2.56837097368e-7,2.29139956787e-7,2.52165676784e-7,1.06225591878e-7,6.70548843118e-8,4.75528416644e-8,4.3716521958e-8,5.57100179321e-8,2.68511506363e-8,1.94799287812e-8,1.74838206135e-8],"dmean2":[0.00334469624795,0.00164019945078,0.000745556608308,0.000897745951079,0.000756095745601,0.00066496670479,0.00052442017477,0.000553136167582,0.000625569140539,0.00043579924386,0.000200822993065,0.0000769179314375,0.0000762003837735,0.0000604243650741,0.0000544696886209,0.0000388189728255,0.0000412024164689,0.0000196591445274,0.00000811403788248,0.00000452486801805,0.00000325408404933,0.00000549645710635,0.0000031441632018,0.00000254973974734,0.00000268114808932,0.00000295757354252,0.00000122611459119,8.58157875427e-7,5.64510173717e-7,3.80784200615e-7,3.36094871045e-7,3.7330670466e-7,1.60808383498e-7,1.02794203372e-7,7.44516555073e-8,7.16145223123e-8,9.60497885671e-8,4.50270114527e-8,3.23010311831e-8,2.89420434285e-8],"dvar":[0.0000134709080157,0.00000280283302345,5.75211004161e-7,9.06020147795e-7,0.00000103482898339,5.7589016933e-7,4.49528840818e-7,6.45302066005e-7,9.44814189552e-7,3.82684390843e-7,8.54846291531e-8,8.76582806342e-9,7.85496023781e-9,1.08273212618e-8,4.38791181168e-9,1.84788828683e-9,1.84206550013e-9,6.11004247197e-10,5.67279626051e-11,1.56552392577e-11,1.23955030268e-11,8.5306345321e-11,2.00086787416e-11,1.27540261338e-11,1.88615321278e-11,3.90134695383e-11,1.68449629245e-11,8.09695106102e-12,2.06157183338e-12,5.97238025094e-13,2.61785737402e-13,3.36092671705e-13,5.15872982082e-14,1.37528241901e-14,7.11278214468e-15,1.12101363145e-14,7.70059404155e-14,3.78155868774e-15,1.20827534684e-15,9.54972579184e-16],"dvar2":[0.0000373403563572,0.00000750378831071,0.00000157242493515,0.00000220257288674,0.0000024896830837,0.00000147969888076,0.00000116221565349,0.0000017263372456,0.00000244514217229,9.59083195085e-7,2.316752159e-7,2.07490025161e-8,2.01646752629e-8,2.50224996279e-8,1.10961604349e-8,4.75894612606e-9,4.79707162881e-9,1.45691203546e-9,1.36952629792e-10,3.86244820849e-11,2.91528884366e-11,2.02974775876e-10,4.4944103994e-11,2.88892226114e-11,3.98213927111e-11,9.40341277067e-11,3.66683280961e-11,1.84859298008e-11,4.33102859132e-12,1.31334851848e-12,5.00417741099e-13,7.31379204161e-13,1.14622192488e-13,3.02580870244e-14,1.62130627256e-14,2.84838071098e-14,2.03053679014e-13,9.57991891652e-15,3.01479799411e-15,2.37602842573e-15],"max":[0.039158962667,0.0199982821941,0.0112832440063,0.0191196296364,0.0291798114777,0.0118796797469,0.0123312082142,0.022123452276,0.0217165723443,0.0203538890928,0.00561593472958,0.00210836878978,0.00187931128312,0.00453385990113,0.00145961216185,0.000805495248642,0.000570994510781,0.000967353291344,0.000166711542988,0.0000609460075793,0.0000729311941541,0.000170184008311,0.0000944981729845,0.000088674329163,0.0000948768065427,0.000274781923508,0.000159442119184,0.000107542909973,0.0000563511421205,0.0000326337649312,0.0000181284685823,0.0000162456253747,0.00000821633784653,0.00000230392129197,0.00000191271988115,0.0000041900279939,0.0000145659414557,0.00000181803261512,5.43010116871e-7,4.78639492485e-7],"mean":[0.00228922162205,0.00113603298087,0.000583558343351,0.000836871506181,0.000699194613844,0.000605517998338,0.000491990940645,0.000498471839819,0.000572806107812,0.000434767309343,0.00018000874843,0.0000721477335901,0.0000690544766258,0.000058796886151,0.0000555249534955,0.0000432494889537,0.0000431148364441,0.0000222026046686,0.00000936622291192,0.00000500809528603,0.00000365691244042,0.00000490405000164,0.00000313728037327,0.00000255687632489,0.00000275341972156,0.0000028041040423,0.00000127286136831,8.91011268322e-7,6.09746166447e-7,4.11924531818e-7,3.67032782833e-7,3.6896472011e-7,1.57618217145e-7,9.40214306411e-8,6.16294002498e-8,4.83225051084e-8,4.75806913869e-8,2.63421426894e-8,1.9926487127e-8,1.80808434891e-8],"median":[0.00134476460516,0.00059899315238,0.000292994751362,0.000412597117247,0.000283985136775,0.000230257341173,0.000159832270583,0.000128186366055,0.000148150153109,0.000135849564685,0.0000643099556328,0.0000307280133711,0.000034002630855,0.0000257680057985,0.0000249287841143,0.0000199350015464,0.0000171930405486,0.0000101419072962,0.00000596812014919,0.00000329271279043,0.00000198705720322,0.00000154103065597,0.00000126404063394,0.00000110306302759,8.38663083869e-7,6.98462201854e-7,3.72651072666e-7,2.71181193057e-7,2.14320564851e-7,1.51851210717e-7,1.27870407596e-7,1.04658028022e-7,5.56778552152e-8,3.56062095364e-8,2.39061392904e-8,1.69207901024e-8,1.09733351294e-8,8.37847036195e-9,7.321147244e-9,6.82125245177e-9],"min":[8.4705803382e-25,1.13260645303e-24,2.57115959194e-24,2.6816135293e-24,3.33338658084e-24,1.57284625562e-24,1.4994015304e-24,1.33749404189e-24,3.18380829802e-24,2.20308222116e-24,2.69392646474e-24,2.69159616963e-24,2.78224674004e-24,2.75590411062e-24,3.03736849831e-24,4.83405561351e-24,3.75226541063e-24,4.42180873735e-24,5.53095150883e-24,4.33252703782e-24,4.315701818e-24,4.19351791341e-24,5.28676632094e-24,4.69927596684e-24,4.67309998428e-24,5.65594849141e-24,4.17232200975e-24,3.76478266104e-24,4.951575378e-24,5.75689507715e-24,5.41149942955e-24,5.71825509229e-24,8.05568742535e-24,4.66450218927e-24,6.89802852492e-24,6.59159432299e-24,6.68949866665e-24,8.04239827454e-24,6.97966064025e-24,7.18353858576e-24],"var":[0.000011141522009,0.0000025971278319,7.10512779278e-7,0.00000148474134676,0.00000164380924161,9.77427930593e-7,8.12027963093e-7,0.00000105475544387,0.00000143245688378,7.47042520288e-7,1.35077229402e-7,1.76616623548e-8,1.25703811804e-8,1.89211597501e-8,8.07078404108e-9,3.88701781873e-9,3.72660702297e-9,1.30793498254e-9,1.2997376786e-10,3.10829695316e-11,2.62182428545e-11,1.10360401373e-10,3.30759829248e-11,2.25476408378e-11,3.62824562061e-11,5.58639384751e-11,3.32722599472e-11,1.5998318989e-11,4.8152887927e-12,1.32887190835e-12,6.1987849749e-13,6.29397738355e-13,1.00249696782e-13,2.52605638365e-14,1.18135998556e-14,1.17339609708e-14,5.64477053966e-14,3.68408171266e-15,1.30804862825e-15,1.04616880497e-15]},"melbands_crest":{"dmean":4.30438232422,"dmean2":7.23378181458,"dvar":14.0294399261,"dvar2":38.3179016113,"max":36.410320282,"mean":14.4178066254,"median":13.0081129074,"min":1.00076246262,"var":35.0122146606},"melbands_flatness_db":{"dmean":0.0345193110406,"dmean2":0.0548740178347,"dvar":0.000855251273606,"dvar2":0.00215658429079,"max":0.52797973156,"mean":0.287341475487,"median":0.285517513752,"min":-3.96917101853e-7,"var":0.00318247638643},"melbands_kurtosis":{"dmean":5.8732790947,"dmean2":9.75481128693,"dvar":202.170654297,"dvar2":551.82208252,"max":380.321136475,"mean":8.01047897339,"median":3.68973493576,"min":-1.71297228336,"var":254.20741272},"melbands_skewness":{"dmean":0.756324589252,"dmean2":1.1926317215,"dvar":0.720858693123,"dvar2":1.8375711441,"max":15.4897518158,"mean":1.80747747421,"median":1.55293130875,"min":-2.22645950317,"var":2.17581629753},"melbands_spread":{"dmean":3.9677169323,"dmean2":6.35894775391,"dvar":19.7017364502,"dvar2":46.9060630798,"max":153.525741577,"mean":13.2632598877,"median":11.7317504883,"min":0.494835942984,"var":113.388092041},"mfcc":{"cov":[[6562.34814453,894.220092773,-426.546295166,262.080078125,-305.222595215,6.82720279694,-131.32611084,-64.2430953979,-133.150604248,34.6715087891,116.76184845,-28.2277011871,-111.725448608],[894.220092773,1154.98596191,-135.883483887,-102.7576828,-27.8440380096,19.7626934052,-16.2611370087,-90.0258483887,-17.8042240143,6.52806949615,56.1500511169,-30.876750946,-11.0494222641],[-426.546295166,-135.883483887,364.610198975,-33.6143417358,85.4018173218,-20.1216011047,25.2814826965,14.5110559464,31.5596122742,24.2573356628,-28.1165351868,24.9362125397,11.5393486023],[262.080078125,-102.7576828,-33.6143417358,368.930633545,-7.07079696655,68.93309021,15.8241014481,91.7148132324,10.5330038071,-20.6306209564,-8.75008964539,-6.21156787872,9.68342876434],[-305.222595215,-27.8440380096,85.4018173218,-7.07079696655,173.031387329,42.1524085999,56.6777954102,22.8631153107,1.91223430634,-16.180480957,-26.159620285,0.454585433006,4.50322008133],[6.82720279694,19.7626934052,-20.1216011047,68.93309021,42.1524085999,136.80015564,70.945930481,33.2376098633,-2.99052238464,-16.5842056274,-19.1208934784,-9.18190860748,5.28191423416],[-131.32611084,-16.2611370087,25.2814826965,15.8241014481,56.6777954102,70.945930481,114.157722473,53.4899482727,8.30714130402,-15.6537618637,-30.3809757233,-9.53900146484,4.89649772644],[-64.2430953979,-90.0258483887,14.5110559464,91.7148132324,22.8631153107,33.2376098633,53.4899482727,117.918617249,45.0153770447,-6.64847326279,-21.4239845276,-2.69738388062,6.45504283905],[-133.150604248,-17.8042240143,31.5596122742,10.5330038071,1.91223430634,-2.99052238464,8.30714130402,45.0153770447,91.1464004517,36.9989051819,3.94639182091,7.46175861359,7.51866388321],[34.6715087891,6.52806949615,24.2573356628,-20.6306209564,-16.180480957,-16.5842056274,-15.6537618637,-6.64847326279,36.9989051819,79.2430267334,36.2859268188,19.6147823334,-0.716286301613],[116.76184845,56.1500511169,-28.1165351868,-8.75008964539,-26.159620285,-19.1208934784,-30.3809757233,-21.4239845276,3.94639182091,36.2859268188,74.7750091553,24.8480033875,1.54127049446],[-28.2277011871,-30.876750946,24.9362125397,-6.21156787872,0.454585433006,-9.18190860748,-9.53900146484,-2.69738388062,7.46175861359,19.6147823334,24.8480033875,60.6228675842,25.0181369781],[-111.725448608,-11.0494222641,11.5393486023,9.68342876434,4.50322008133,5.28191423416,4.89649772644,6.45504283905,7.51866388321,-0.716286301613,1.54127049446,25.0181369781,54.9755401611]],"icov":[[0.000218809465878,-0.000176556815859,0.0000961132900557,-0.000192461840925,0.000262857385678,-0.0000122193359857,0.0000971099434537,-0.00016909732949,0.000433088018326,-0.000275848433375,0.0000578659091843,-0.000215827050852,0.000447540543973],[-0.000176556815859,0.00118688144721,0.000189954749658,0.000359819299774,-0.000239237750066,-0.000336455617798,-0.000297066464555,0.000979581847787,-0.000793504586909,0.000508581171744,-0.00104793650098,0.00103308307007,-0.000585755740758],[0.0000961132900557,0.000189954749658,0.00385189102963,-0.000106534309452,-0.00169716833625,0.00129572569858,-0.000679308432154,0.000524517148733,-0.000515541411005,-0.00177952309605,0.00219809892587,-0.00167474464979,0.000205044227187],[-0.000192461840925,0.000359819299774,-0.000106534309452,0.00434937840328,0.000226181975449,-0.00259212660603,0.00255635147914,-0.00398768531159,0.000733937718906,0.000709761981852,-0.000840233231429,0.000874213757925,-0.00105691200588],[0.000262857385678,-0.000239237750066,-0.00169716833625,0.000226181975449,0.0083702839911,-0.00151485973038,-0.00237585790455,-0.000258549203863,0.000506690179463,0.00123337854166,0.000314331118716,-0.000897008110769,0.000850554613862],[-0.0000122193359857,-0.000336455617798,0.00129572569858,-0.00259212660603,-0.00151485973038,0.013167258352,-0.00819073338062,0.00194406532682,0.000242231137236,-0.000499968475197,0.000812566257082,-0.000149756961036,-0.000541855988558],[0.0000971099434537,-0.000297066464555,-0.000679308432154,0.00255635147914,-0.00237585790455,-0.00819073338062,0.0194296352565,-0.00858313869685,0.00247992970981,-0.000840524211526,0.00252858409658,0.00117615703493,-0.000867465976626],[-0.00016909732949,0.000979581847787,0.000524517148733,-0.00398768531159,-0.000258549203863,0.00194406532682,-0.00858313869685,0.0197839643806,-0.0102109387517,0.00370939751156,0.000876581820194,-0.000910101050977,0.000555841834284],[0.000433088018326,-0.000793504586909,-0.000515541411005,0.000733937718906,0.000506690179463,0.000242231137236,0.00247992970981,-0.0102109387517,0.0207520388067,-0.0108576156199,0.0020306755323,0.000944958184846,-0.00185367197264],[-0.000275848433375,0.000508581171744,-0.00177952309605,0.000709761981852,0.00123337854166,-0.000499968475197,-0.000840524211526,0.00370939751156,-0.0108576156199,0.0239169634879,-0.00972923636436,-0.00261975312606,0.00263794860803],[0.0000578659091843,-0.00104793650098,0.00219809892587,-0.000840233231429,0.000314331118716,0.000812566257082,0.00252858409658,0.000876581820194,0.0020306755323,-0.00972923636436,0.0238409060985,-0.008648885414,0.00202467432246],[-0.000215827050852,0.00103308307007,-0.00167474464979,0.000874213757925,-0.000897008110769,-0.000149756961036,0.00117615703493,-0.000910101050977,0.000944958184846,-0.00261975312606,-0.008648885414,0.0271467771381,-0.0122182527557],[0.000447540543973,-0.000585755740758,0.000205044227187,-0.00105691200588,0.000850554613862,-0.000541855988558,-0.000867465976626,0.000555841834284,-0.00185367197264,0.00263794860803,0.00202467432246,-0.0122182527557,0.0249105915427]],"mean":[-708.254211426,192.847702026,-8.12396144867,16.9014091492,-5.34015321732,7.95093393326,1.04565572739,1.12881112099,0.171120747924,4.38435697556,8.77589511871,0.696869850159,-1.7506622076]},"pitch_salience":{"dmean":0.0768762305379,"dmean2":0.12721811235,"dvar":0.00469031045213,"dvar2":0.0127833522856,"max":0.996086657047,"mean":0.57903200388,"median":0.592674612999,"min":0.0804495289922,"var":0.0111697549},"silence_rate_20dB":{"dmean":0,"dmean2":0,"dvar":0,"dvar2":0,"max":1,"mean":1,"median":1,"min":1,"var":0},"silence_rate_30dB":{"dmean":0.019861638546,"dmean2":0.0397277101874,"dvar":0.0194680802524,"dvar2":0.0479701198637,"max":1,"mean":0.981479406357,"median":1,"min":0,"var":0.0181768834591},"silence_rate_60dB":{"dmean":0.00379379605874,"dmean2":0.00758843868971,"dvar":0.00378025299869,"dvar2":0.00820018164814,"max":1,"mean":0.0449626259506,"median":0,"min":0,"var":0.0429412946105},"spectral_centroid":{"dmean":129.231613159,"dmean2":197.018127441,"dvar":37624.5390625,"dvar2":65518.2148438,"max":11738.3613281,"mean":723.382324219,"median":632.397705078,"min":193.012145996,"var":428659.125},"spectral_complexity":{"dmean":2.6349029541,"dmean2":3.96495938301,"dvar":6.11215877533,"dvar2":12.1870851517,"max":44,"mean":14.5370969772,"median":15,"min":0,"var":39.0795021057},"spectral_contrast_coeffs":{"dmean":[0.0575800575316,0.0516190305352,0.0409581288695,0.0286138486117,0.0218614283949,0.0382556132972],"dmean2":[0.0944754630327,0.085072889924,0.0682570040226,0.0473886504769,0.0352769307792,0.060340218246],"dvar":[0.00212067854591,0.0016793529503,0.00109539146069,0.000515419000294,0.000325598288327,0.00126170762815],"dvar2":[0.00553690362722,0.00453432835639,0.0029788184911,0.00138455838896,0.000828469055705,0.00296463025734],"max":[-0.384589493275,-0.468595474958,-0.492399990559,-0.592578291893,-0.706921994686,-0.514722645283],"mean":[-0.685136735439,-0.755130648613,-0.776767134666,-0.806380093098,-0.83152538538,-0.791845262051],"median":[-0.688403129578,-0.760737240314,-0.783473134041,-0.810334324837,-0.832534253597,-0.80497944355],"min":[-0.976884067059,-0.997237324715,-0.996522784233,-0.985275804996,-0.987705171108,-0.965212285519],"var":[0.00666244793683,0.00485756667331,0.00359747139737,0.00204499461688,0.00115370459389,0.00367506826296]},"spectral_contrast_valleys":{"dmean":[0.41479447484,0.371656179428,0.317717194557,0.269730895758,0.333485335112,0.654401540756],"dmean2":[0.679380238056,0.583524405956,0.490594923496,0.404248356819,0.481566488743,1.04829156399],"dvar":[0.134847983718,0.104967676103,0.0793728381395,0.066321618855,0.111920312047,0.312154710293],"dvar2":[0.315371215343,0.212451756001,0.152062118053,0.112126879394,0.199980825186,0.746611297131],"max":[-5.09302330017,-4.07981157303,-5.30311727524,-6.19409513474,-5.91512298584,-9.06059741974],"mean":[-7.01717710495,-6.36434793472,-7.10366725922,-7.80236625671,-8.41354751587,-11.4437818527],"median":[-6.81983566284,-6.20741128922,-6.90570878983,-7.58111381531,-8.26311206818,-11.2893943787],"min":[-28.4326686859,-27.9064769745,-27.6935787201,-27.6353969574,-27.4817028046,-27.4129219055],"var":[2.32892012596,2.46036839485,2.15528130531,2.07628393173,2.07151031494,1.84609603882]},"spectral_decrease":{"dmean":3.0297946374e-9,"dmean2":5.00186114749e-9,"dvar":1.62944058936e-17,"dvar2":4.3534773719e-17,"max":6.38390895702e-9,"mean":-5.78718584165e-9,"median":-4.26712798429e-9,"min":-4.76817021422e-8,"var":3.01266623717e-17},"spectral_energy":{"dmean":0.0143608646467,"dmean2":0.0224640984088,"dvar":0.000325522589264,"dvar2":0.000814290135168,"max":0.205467939377,"mean":0.0375181287527,"median":0.0311574079096,"min":1.02765251921e-20,"var":0.000756259134505},"spectral_energyband_high":{"dmean":0.000154609821038,"dmean2":0.000201361239306,"dvar":1.14764908687e-7,"dvar2":1.97607434416e-7,"max":0.00952775031328,"mean":0.00032348925015,"median":0.000154760142323,"min":7.32607130571e-21,"var":3.58660344091e-7},"spectral_energyband_low":{"dmean":0.00771019607782,"dmean2":0.0131953749806,"dvar":0.000182526564458,"dvar2":0.000491798622534,"max":0.132751509547,"mean":0.0103104952723,"median":0.00647351099178,"min":1.19101272837e-23,"var":0.000167718273588},"spectral_energyband_middle_high":{"dmean":0.00108683668077,"dmean2":0.00161071552429,"dvar":0.00000245799128606,"dvar2":0.00000554691132493,"max":0.0318051315844,"mean":0.00283346977085,"median":0.00186001381371,"min":1.29321025187e-21,"var":0.00000888836802915},"spectral_energyband_middle_low":{"dmean":0.00716608623043,"dmean2":0.011093894951,"dvar":0.0000975941802608,"dvar2":0.000247373216553,"max":0.174890309572,"mean":0.0167493429035,"median":0.0108357723802,"min":1.46331665813e-22,"var":0.000301086285617},"spectral_entropy":{"dmean":0.221071317792,"dmean2":0.337979376316,"dvar":0.0377338826656,"dvar2":0.0875979885459,"max":9.82064819336,"mean":7.11016273499,"median":7.10823392868,"min":5.28507471085,"var":0.163506805897},"spectral_flux":{"dmean":0.0282099097967,"dmean2":0.0443758256733,"dvar":0.000967518775724,"dvar2":0.00205443054438,"max":0.355763107538,"mean":0.108553417027,"median":0.102668248117,"min":6.59464011177e-11,"var":0.00281724845991},"spectral_kurtosis":{"dmean":8.78236865997,"dmean2":13.852971077,"dvar":74.7841415405,"dvar2":189.298370361,"max":107.075958252,"mean":29.8157119751,"median":27.986579895,"min":-1.24474108219,"var":167.231750488},"spectral_rms":{"dmean":0.00108858407475,"dmean2":0.0016577609349,"dvar":0.00000132016998577,"dvar2":0.00000313087798531,"max":0.0141582675278,"mean":0.00561551842839,"median":0.00551339006051,"min":3.16636669141e-12,"var":0.00000506914557263},"spectral_rolloff":{"dmean":4516.56201172,"dmean2":8794.703125,"dvar":63489840,"dvar2":152793488,"max":22050,"mean":14972.8525391,"median":21296.3378906,"min":64.599609375,"var":88324424},"spectral_skewness":{"dmean":0.596060812473,"dmean2":0.927592456341,"dvar":0.301155000925,"dvar2":0.730286598206,"max":8.21840190887,"mean":4.0165643692,"median":3.9965839386,"min":-0.0820421278477,"var":0.906251430511},"spectral_spread":{"dmean":570126.125,"dmean2":894364.9375,"dvar":458934517760,"dvar2":897893400576,"max":41812744,"mean":3708268,"median":3535123,"min":1339643.125,"var":4939358666750},"spectral_strongpeak":{"dmean":3.99109482765,"dmean2":7.15286016464,"dvar":212.175033569,"dvar2":559.170166016,"max":210.588531494,"mean":3.67722129822,"median":0.33106175065,"min":0,"var":213.070785522},"zerocrossingrate":{"dmean":0.0390659868717,"dmean2":0.0498104095459,"dvar":0.00102850957774,"dvar2":0.00163857394364,"max":0.7138671875,"mean":0.297431647778,"median":0.28515625,"min":0.04443359375,"var":0.00894868187606}},"metadata":{"audio_properties":{"analysis_sample_rate":44100,"bit_rate":320000,"codec":"mp3","downmix":"mix","equal_loudness":0,"length":208.091430664,"lossless":false,"md5_encoded":"f82ce6728a2524cc5b28b48e9e2b1914","replay_gain":-1.35722160339,"sample_rate":44100},"tags":{"album":["Full Circle"],"albumartist":["The Doors"],"albumartistsort":["Doors, The","Doors, The"],"artist":["The Doors"],"artistsort":["Doors, The"],"asin":["B00004WNO1"],"catalognumber":["EKS 75038"],"composer":["Robbie Krieger"],"date":["1972"],"discnumber":["1/1"],"file_name":"04. The Doors - Hardwood Floor.mp3","genre":["Classic Rock"],"label":["Elektra"],"musicbrainz album release country":["US"],"musicbrainz album status":["official"],"musicbrainz album type":["album"],"musicbrainz_albumartistid":["9efff43b-3b29-4082-824e-bc82f646f93d"],"musicbrainz_albumid":["4f3320b6-0de4-48fd-a82c-4bf92e895bf7"],"musicbrainz_artistid":["9efff43b-3b29-4082-824e-bc82f646f93d"],"musicbrainz_recordingid":["add38236-1795-4f4b-82b2-aaab3adda25b"],"musicip_puid":["4143d0b2-7ecb-3e35-0b9e-3853f2d1ba0c"],"title":["Hardwood Floor"],"tracknumber":["4/9"]},"version":{"essentia":"2.1-beta1","essentia_build_sha":"ca57ba49d9b1854bd80e60cf9ccf267278fb7d6b","essentia_git_sha":"v2.1_beta1-28-g21ef5f4-dirty","extractor":"music 1.0"}},"rhythm":{"beats_count":456,"beats_loudness":{"dmean":0.0191344339401,"dmean2":0.033218819648,"dvar":0.000295201258268,"dvar2":0.000897657359019,"max":0.163098454475,"mean":0.049894105643,"median":0.0475338697433,"min":0,"var":0.000628253561445},"beats_loudness_band_ratio":{"dmean":[0.170402556658,0.107882544398,0.123362675309,0.0424879677594,0.0128165157512,0.112856008112],"dmean2":[0.298887640238,0.188657701015,0.210408478975,0.0741936117411,0.022470658645,0.202659264207],"dvar":[0.0151885682717,0.00955275446177,0.0147906281054,0.00208586920053,0.000170853541931,0.00769302481785],"dvar2":[0.0419610366225,0.02634