{"lowlevel":{"average_loudness":0.955228805542,"barkbands":{"dmean":[0.000305468274746,0.00727286469191,0.00159269629512,0.00132717040833,0.00137135980185,0.000704018690158,0.000351510941982,0.000398079137085,0.000983434380032,0.000554175174329,0.000546261493582,0.000573268043809,0.000432043278124,0.00045253499411,0.000362687569577,0.00027881632559,0.000331561546773,0.000300842919387,0.000371423637262,0.000510081474204,0.000213390943827,0.000139157215017,0.000140319316415,0.000143090597703,0.000127710227389,0.0000785318625276,0.000025883786293],"dmean2":[0.000469489605166,0.0126513950527,0.00267079519108,0.00213346350938,0.00231113424525,0.00117739732377,0.000597222184297,0.000671096786391,0.00156013318338,0.000880206527654,0.0008652593242,0.000910804315936,0.000688429863658,0.000731940439437,0.000590376206674,0.00046417536214,0.000546497642063,0.000507833028678,0.000637419463601,0.000829084427096,0.000375239236746,0.000241277346504,0.000226275369641,0.000215503081563,0.000188709804206,0.000111867382657,0.0000394751696149],"dvar":[2.53643065662e-7,0.00020064607088,0.00000639001882519,0.00000325669202539,0.0000056907074395,0.00000222510357162,0.00000225568737733,7.77825334808e-7,0.00000567300776311,0.00000159805210842,0.00000137644406095,0.00000113312603389,7.31229761186e-7,8.61977980549e-7,6.27900647032e-7,3.38950229661e-7,2.37850613871e-7,1.94787176611e-7,2.80567263644e-7,6.7418773142e-7,1.01741299829e-7,6.26783673852e-8,7.39799546068e-8,1.37862372185e-7,1.22506278899e-7,5.13930373813e-8,5.01811392439e-9],"dvar2":[5.39484972251e-7,0.000533252896275,0.0000176974244823,0.00000820026889414,0.0000154772315,0.00000574867863179,0.00000610553570368,0.00000198033558263,0.0000138231589517,0.00000380831784241,0.00000338232302965,0.00000286078602585,0.00000174936656094,0.00000223045549319,0.00000156845703714,9.14167287647e-7,5.98968938448e-7,5.10201971338e-7,7.62196464166e-7,0.00000163160541433,2.89177393142e-7,1.64543621395e-7,1.61617435879e-7,2.55463760368e-7,2.1615677781e-7,9.6286512985e-8,1.24501609022e-8],"max":[0.00639864709228,0.102453880012,0.0359233319759,0.0380161628127,0.0298660770059,0.0285812318325,0.0458744429052,0.0213050674647,0.0459139756858,0.0301419608295,0.0251557268202,0.022097826004,0.0180090144277,0.0176746640354,0.0173258520663,0.028532795608,0.00885613728315,0.00741555914283,0.00843255780637,0.017929084599,0.00388624612242,0.00478959549218,0.00679059699178,0.00837673805654,0.0101012084633,0.00603656750172,0.00214638048783],"mean":[0.000393597118091,0.00784337986261,0.00296428333968,0.00347357848659,0.00252183619887,0.000985756749287,0.000430167507147,0.000476559100207,0.00155288295355,0.000894322234672,0.000973308517132,0.000983514473774,0.000719888834283,0.000729635183234,0.000608457252383,0.000514359271619,0.000636068056338,0.000562902481761,0.000730230181944,0.00107300165109,0.000435991241829,0.000255725550232,0.000285081478069,0.000309172814013,0.000258666957961,0.000143133220263,0.0000388198459405],"median":[0.000138395203976,0.00351676763967,0.00202504219487,0.00254662847146,0.00185025157407,0.000550507276785,0.000203268631594,0.000190327875316,0.000585344387218,0.000300661369693,0.000386269006412,0.000582680571824,0.000336384022376,0.000302756787278,0.000242055670242,0.000327498884872,0.00043355464004,0.000397859024815,0.000615905271843,0.000760035240091,0.000386035157135,0.000198700159672,0.000193884188775,0.000199095753487,0.000150483567268,0.0000629772257525,0.0000133785506478],"min":[1.71883288852e-11,2.27607446779e-11,2.30171298687e-11,4.24264373633e-11,1.58664512084e-10,6.93806123664e-11,1.2874363034e-11,5.51402153104e-12,2.40153361607e-12,3.12795709473e-12,1.51271855285e-12,1.08569381783e-12,1.33914602497e-12,7.97297666257e-13,6.85117110613e-13,1.1773850124e-12,1.02046376991e-12,6.84580484748e-13,7.80578889286e-13,4.79039063191e-13,4.12519546517e-13,2.85843478878e-13,3.56676466791e-13,3.51761425977e-13,3.71786911153e-13,3.3505956256e-13,9.15087450259e-13],"var":[4.23220598122e-7,0.000171675404999,0.0000101555779111,0.0000118937350635,0.00000667336553306,0.00000225475832849,0.00000163441325185,8.43778423132e-7,0.00000874444413057,0.00000350408026861,0.00000330225520884,0.00000183447150448,0.00000155463214924,0.00000161992727499,0.00000134311574129,5.01958083987e-7,4.69815688575e-7,3.48965841113e-7,4.08479507996e-7,0.00000128989063342,1.36350919888e-7,8.19242558237e-8,1.54473497105e-7,3.2590477872e-7,2.77210915556e-7,1.00945001691e-7,6.3104694803e-9]},"barkbands_crest":{"dmean":2.78381037712,"dmean2":4.64119005203,"dvar":10.7624988556,"dvar2":28.1299190521,"max":24.9097194672,"mean":8.76860618591,"median":7.45005130768,"min":2.13056540489,"var":18.3276863098},"barkbands_flatness_db":{"dmean":0.0189963392913,"dmean2":0.0310943797231,"dvar":0.000507190881763,"dvar2":0.00132381380536,"max":0.354558646679,"mean":0.097730115056,"median":0.0724448412657,"min":0.0186902061105,"var":0.00422811694443},"barkbands_kurtosis":{"dmean":2.14394187927,"dmean2":3.62073516846,"dvar":40.9263305664,"dvar2":115.438644409,"max":257.146026611,"mean":3.63499689102,"median":0.0915648937225,"min":-1.94266712666,"var":176.362808228},"barkbands_skewness":{"dmean":0.508295118809,"dmean2":0.827356278896,"dvar":0.438334196806,"dvar2":1.17311251163,"max":14.0126848221,"mean":1.24595737457,"median":0.968019008636,"min":-2.95000004768,"var":1.74051356316},"barkbands_spread":{"dmean":7.69781398773,"dmean2":12.4866228104,"dvar":81.8613433838,"dvar2":199.438323975,"max":128.965072632,"mean":35.3418998718,"median":37.0921478271,"min":0.774044811726,"var":317.133850098},"dissonance":{"dmean":0.00977336894721,"dmean2":0.0166092514992,"dvar":0.000121518292872,"dvar2":0.00032370435656,"max":0.500000178814,"mean":0.48100027442,"median":0.486891180277,"min":0.253034412861,"var":0.000365405750927},"dynamic_complexity":2.84204149246,"erbbands":{"dmean":[0.234105870128,1.56453633308,1.91138494015,3.27242875099,4.43587255478,4.66604948044,4.74183988571,5.53987264633,5.59549808502,4.35263347626,12.6347150803,22.016740799,19.7651576996,20.1232967377,15.4738283157,23.968000412,18.7149219513,23.477142334,18.9188861847,14.7868442535,14.707821846,17.723903656,16.3664112091,17.8869037628,19.3134555817,25.3331699371,11.7017850876,7.3120880127,5.45705223083,4.16857671738,4.10663032532,3.46721887589,2.20015954971,1.5402482748,0.914034128189,0.389347881079,0.134158581495,0.0358667448163,0.00424553779885,0.000213286199141],"dmean2":[0.406104505062,2.73447036743,3.2591984272,5.27222204208,7.40652990341,7.88959550858,7.9446554184,9.2632484436,9.39046573639,7.28308343887,20.7228946686,34.9175300598,30.6245326996,31.9658546448,24.8217468262,38.0544395447,30.0371131897,38.0189590454,30.2055778503,23.950340271,24.4569969177,28.9496631622,27.4027614594,30.491399765,32.4265480042,41.5882835388,19.9265899658,12.8981103897,9.50458908081,7.02168512344,6.60538482666,5.32392930984,3.29747843742,2.30976557732,1.35645401478,0.565365672112,0.191489487886,0.0538991503417,0.00644476525486,0.000329063623212],"dvar":[0.195173770189,9.75938987732,11.0452299118,21.254327774,45.6055259705,71.506401062,73.4057922363,203.034591675,533.300720215,173.886383057,663.227050781,3522.97827148,2260.36328125,2168.89306641,1032.57751465,2103.46801758,1241.15869141,2219.48144531,1961.0447998,1088.78735352,511.771270752,685.453430176,578.769287109,595.670959473,831.349914551,1789.72070312,313.908081055,125.89365387,92.5189208984,57.8255195618,71.2217712402,78.8897705078,31.2544250488,14.7256402969,7.08739995956,1.40370345116,0.166960671544,0.00821682624519,0.000107326944999,6.30145279956e-7],"dvar2":[0.516841232777,26.1371154785,30.6227703094,54.5147247314,126.819274902,193.132537842,189.598220825,521.929748535,1432.65380859,470.543884277,1670.56384277,8736.8046875,5211.04492188,5368.78417969,2585.54833984,5358.07861328,3000.04248047,5854.99755859,4689.39794922,2715.82006836,1332.36474609,1699.05981445,1474.48034668,1625.96496582,2128.19775391,4382.30175781,826.723144531,353.510650635,245.637145996,144.265533447,153.933944702,154.123016357,57.7950553894,27.0084247589,12.765001297,2.74452066422,0.303515344858,0.0175249315798,0.000251672696322,0.00000169368809111],"max":[3.7303583622,22.9294204712,41.963634491,84.2233810425,88.7522583008,102.190139771,129.731719971,312.269378662,670.091796875,425.134796143,498.097259521,1262.58618164,1244.6895752,1113.82678223,1080.29821777,957.302062988,668.184631348,957.524108887,1026.94030762,994.646118164,743.361755371,521.349975586,421.91015625,468.381378174,561.463378906,865.405700684,318.77130127,138.974456787,173.545578003,148.947906494,248.606277466,244.42956543,140.405654907,112.760383606,72.3440246582,36.4001312256,12.691827774,2.31148147583,0.303631544113,0.0306136514992],"mean":[0.257259845734,1.63251543045,3.30791354179,8.9361038208,9.5770406723,8.42361354828,7.40594482422,7.123939991,6.67886257172,6.13057947159,17.8831653595,34.4171104431,32.3742027283,36.1760101318,29.2466773987,42.715549469,35.0633049011,40.2738800049,33.0465507507,29.2780094147,30.2203922272,35.6976737976,32.1970710754,34.9981765747,40.1602859497,51.4122962952,24.4316177368,14.756234169,9.95856380463,8.12780189514,8.13350105286,7.1159029007,4.67073822021,3.18122363091,1.71254515648,0.712247252464,0.236693039536,0.0567617192864,0.00649131182581,0.000339144753525],"median":[0.101838767529,0.762812137604,2.26976656914,7.08034420013,7.8927154541,5.66421937943,4.26428508759,3.60315966606,2.96680545807,3.52409505844,6.84174585342,12.7495822906,11.5297298431,12.8131828308,15.5996055603,26.083694458,18.9585552216,18.4775466919,14.7032680511,14.7899465561,21.6969013214,24.3729782104,22.766040802,29.2172107697,32.6952095032,35.0800819397,20.7670230865,12.7286472321,7.93303632736,5.96589803696,5.16392850876,4.41131973267,3.00419044495,1.96395039558,0.909608840942,0.349863529205,0.0944616049528,0.0199248977005,0.00224885810167,0.000146509089973],"min":[8.46006098509e-10,4.71387284762e-9,2.19256808265e-8,9.20661520354e-8,2.87319409153e-7,5.88105706356e-7,7.25559345938e-7,4.8584530532e-7,2.18937358909e-7,1.76742304347e-7,9.34291719545e-8,6.03741270311e-8,6.16380475549e-8,1.10508366902e-7,4.83970374887e-8,4.83071289636e-8,5.74865453018e-8,4.48430625966e-8,3.30314477992e-8,5.48721459381e-8,6.28411740422e-8,5.59009869505e-8,3.86281335807e-8,3.69074228956e-8,4.30415205699e-8,1.97988221373e-8,1.96602627511e-8,1.4741103449e-8,9.80715242349e-9,1.06776854025e-8,9.06484221019e-9,1.01912336348e-8,4.29425739412e-9,5.07665554039e-9,1.87191995238e-9,8.59437909728e-10,8.32584001742e-10,4.46182840674e-10,1.4253602465e-10,1.18463910556e-11],"var":[0.183065250516,7.8508234024,12.9593982697,64.9440307617,69.4990081787,85.1649169922,101.431861877,177.69418335,391.845916748,151.627624512,962.318908691,5062.06103516,4476.79589844,5270.77148438,2104.20581055,3359.7487793,2603.89648438,4066.87744141,3390.7902832,2733.49438477,959.97467041,1498.97424316,1176.76660156,905.419555664,1401.75109863,3231.59667969,494.811462402,171.669265747,117.870094299,94.1337814331,147.142929077,171.909393311,75.1423492432,34.8360595703,14.6199970245,2.55497360229,0.325147777796,0.014267699793,0.000161025804118,5.54662790364e-7]},"erbbands_crest":{"dmean":1.96187341213,"dmean2":3.16976094246,"dvar":4.42906761169,"dvar2":11.2285671234,"max":25.817937851,"mean":7.45128202438,"median":6.31852149963,"min":2.2031788826,"var":16.557012558},"erbbands_flatness_db":{"dmean":0.0127183394507,"dmean2":0.0189056806266,"dvar":0.000187674260815,"dvar2":0.000375529227313,"max":0.371729254723,"mean":0.127349555492,"median":0.110663183033,"min":0.0355811156332,"var":0.00382744357921},"erbbands_kurtosis":{"dmean":0.571790397167,"dmean2":0.903472542763,"dvar":0.464024543762,"dvar2":1.13495016098,"max":31.634098053,"mean":0.449137985706,"median":-0.175057411194,"min":-1.78481006622,"var":7.32438898087},"erbbands_skewness":{"dmean":0.280751317739,"dmean2":0.440395355225,"dvar":0.0777002647519,"dvar2":0.198733896017,"max":4.8028011322,"mean":-0.0810552611947,"median":-0.231000721455,"min":-2.81313657761,"var":0.725112736225},"erbbands_spread":{"dmean":7.0855140686,"dmean2":10.9723701477,"dvar":61.9651908875,"dvar2":141.700149536,"max":134.291717529,"mean":42.7878570557,"median":41.3545150757,"min":5.68720149994,"var":320.929077148},"gfcc":{"cov":[[14436.4990234,-3535.49536133,593.536193848,598.938293457,-769.90423584,1307.47973633,-10.502571106,1092.58532715,196.988479614,629.980529785,79.5619812012,269.003875732,-415.231506348],[-3535.49536133,1703.08654785,-601.966186523,-34.4204559326,259.850982666,-438.541259766,105.012359619,-330.521942139,31.2135009766,-151.313644409,44.9814224243,-139.65246582,173.408782959],[593.536193848,-601.966186523,1318.01464844,34.9367828369,-155.07673645,177.809768677,-110.944023132,173.433609009,-33.2116737366,99.5329360962,-18.7589416504,120.466537476,-83.9019470215],[598.938293457,-34.4204559326,34.9367828369,287.788452148,39.392124176,65.4697952271,-0.0226887818426,51.9028244019,64.0167007446,46.9756507874,29.8370399475,35.8616371155,10.3239574432],[-769.90423584,259.850982666,-155.07673645,39.392124176,265.882995605,-88.5680618286,54.2646484375,-68.5098495483,23.0021457672,-27.3216171265,10.0867757797,-6.95345258713,59.4467926025],[1307.47973633,-438.541259766,177.809768677,65.4697952271,-88.5680618286,268.009338379,27.4678421021,151.609909058,-1.32069194317,63.5939483643,7.59552812576,35.6550636292,-56.8207550049],[-10.502571106,105.012359619,-110.944023132,-0.0226887818426,54.2646484375,27.4678421021,137.716079712,24.5093631744,-2.59052658081,-9.96168041229,22.0642089844,-4.05008554459,10.0523004532],[1092.58532715,-330.521942139,173.433609009,51.9028244019,-68.5098495483,151.609909058,24.5093631744,181.29498291,35.5633850098,71.0238113403,2.23334360123,21.170337677,-40.2330055237],[196.988479614,31.2135009766,-33.2116737366,64.0167007446,23.0021457672,-1.32069194317,-2.59052658081,35.5633850098,100.254486084,44.3113517761,12.5578985214,-7.08440589905,4.98151826859],[629.980529785,-151.313644409,99.5329360962,46.9756507874,-27.3216171265,63.5939483643,-9.96168041229,71.0238113403,44.3113517761,88.4603652954,25.9463500977,19.4107322693,-21.1481380463],[79.5619812012,44.9814224243,-18.7589416504,29.8370399475,10.0867757797,7.59552812576,22.0642089844,2.23334360123,12.5578985214,25.9463500977,59.0702400208,25.9662570953,8.94557380676],[269.003875732,-139.65246582,120.466537476,35.8616371155,-6.95345258713,35.6550636292,-4.05008554459,21.170337677,-7.08440589905,19.4107322693,25.9662570953,79.8241577148,6.60853719711],[-415.231506348,173.408782959,-83.9019470215,10.3239574432,59.4467926025,-56.8207550049,10.0523004532,-40.2330055237,4.98151826859,-21.1481380463,8.94557380676,6.60853719711,65.0099258423]],"icov":[[0.000278978492133,0.000397076189984,0.000248446653131,-0.000374622439267,0.000370135239791,-0.000169780585566,-0.000169948325492,-0.00045862206025,0.0000708259904059,-0.000796316307969,-0.0000395778370148,-0.0000266696224571,0.000102138030343],[0.000397076189984,0.00275961239822,0.0000471829880553,-0.00111764937174,0.00086768809706,0.00148756115232,-0.00220531923696,0.00145207170863,-0.00087181275012,-0.0000874145116541,-0.00268350634724,0.00388574739918,-0.00282743992284],[0.000248446653131,0.0000471829880553,0.00149258447345,-0.000222929811571,0.000220256028115,-0.000212205879507,0.000976675888523,-0.00165985571221,0.0010390393436,-0.00164453475736,0.00122589059174,-0.00231845979579,0.00131000997499],[-0.000374622439267,-0.00111764937174,-0.000222929811571,0.00558700878173,-0.0015973362606,-0.00183926452883,0.00172894517891,-0.000147781684063,-0.00274181063287,0.00119587674271,-0.000526493531652,-0.00240541249514,-0.000176151224878],[0.000370135239791,0.00086768809706,0.000220256028115,-0.0015973362606,0.0065891565755,0.000872706004884,-0.00364465801977,0.0019453172572,-0.00139172701165,-0.00169173115864,0.00119901751168,0.000330934330123,-0.00354980188422],[-0.000169780585566,0.00148756115232,-0.000212205879507,-0.00183926452883,0.000872706004884,0.0106284897774,-0.00290903053246,-0.00387703557499,0.00264761364087,-0.000522712944075,-0.00138682464603,0.00124435068574,0.00119928701315],[-0.000169948325492,-0.00220531923696,0.000976675888523,0.00172894517891,-0.00364465801977,-0.00290903053246,0.0137792732567,-0.0066022449173,0.00206652190536,0.00452476972714,-0.00459711020812,-0.00173083948903,0.00247863377444],[-0.00045862206025,0.00145207170863,-0.00165985571221,-0.000147781684063,0.0019453172572,-0.00387703557499,-0.0066022449173,0.0193290375173,-0.00548561709002,-0.00478812353685,0.00340402475558,0.00291641359217,-0.00300783454441],[0.0000708259904059,-0.00087181275012,0.0010390393436,-0.00274181063287,-0.00139172701165,0.00264761364087,0.00206652190536,-0.00548561709002,0.0188715178519,-0.00972829945385,0.00113524263725,0.00187076395378,-0.000530576973688],[-0.000796316307969,-0.0000874145116541,-0.00164453475736,0.00119587674271,-0.00169173115864,-0.000522712944075,0.00452476972714,-0.00478812353685,-0.00972829945385,0.0316202379763,-0.0142567651346,0.00189238472376,0.0030629017856],[-0.0000395778370148,-0.00268350634724,0.00122589059174,-0.000526493531652,0.00119901751168,-0.00138682464603,-0.00459711020812,0.00340402475558,0.00113524263725,-0.0142567651346,0.033200442791,-0.0139188831672,0.00120157643687],[-0.0000266696224571,0.00388574739918,-0.00231845979579,-0.00240541249514,0.000330934330123,0.00124435068574,-0.00173083948903,0.00291641359217,0.00187076395378,0.00189238472376,-0.0139188831672,0.0277278088033,-0.0107190776616],[0.000102138030343,-0.00282743992284,0.00131000997499,-0.000176151224878,-0.00354980188422,0.00119928701315,0.00247863377444,-0.00300783454441,-0.000530576973688,0.0030629017856,0.00120157643687,-0.0107190776616,0.0293061360717]],"mean":[33.1315727234,63.2738990784,-110.004867554,38.6896972656,-40.815700531,15.5236520767,-26.3489627838,8.22791099548,-33.2741851807,-2.88982200623,-17.8919429779,-4.97642278671,-11.2723779678]},"hfc":{"dmean":10.1753892899,"dmean2":16.0578079224,"dvar":214.558349609,"dvar2":486.058837891,"max":321.378570557,"mean":34.5720596313,"median":32.401550293,"min":1.44853416373e-7,"var":615.478271484},"melbands":{"dmean":[0.00207820720971,0.00131739291828,0.000543432193808,0.000355935859261,0.000151088257553,0.000126149941934,0.0000814423619886,0.0000516207473993,0.000121801036585,0.000141527503729,0.0000979770120466,0.0000801419519121,0.0000566721100768,0.0000537802479812,0.0000634489333606,0.0000441128358943,0.0000483428702864,0.0000323912245221,0.0000268452986347,0.0000209699010156,0.0000184811760846,0.0000210118269024,0.0000176788598765,0.0000127972643895,0.0000158873372129,0.0000146137072079,0.0000175057248271,0.0000182053117896,0.00000877671209309,0.00000598782162342,0.00000390479226553,0.00000337199662681,0.00000265106677944,0.00000244960301643,0.00000250228640652,0.00000244322677645,0.00000222962512453,0.00000169657380411,0.00000137254960464,0.00000138735765631],"dmean2":[0.00362358801067,0.00224065664224,0.000877977756318,0.000605479232036,0.000250441895332,0.000210545942537,0.000136713584652,0.0000871150623425,0.00019874892314,0.00022334116511,0.000152196051204,0.000127767576487,0.0000910070375539,0.0000864136454766,0.000101475947304,0.0000701128446963,0.0000789585756138,0.0000515650426678,0.0000437177623098,0.000034321918065,0.0000311097392114,0.0000345644111803,0.0000294838082482,0.000021741276214,0.0000271099415841,0.0000251445235335,0.0000287685415969,0.0000299787479889,0.0000147941855175,0.0000105502022052,0.00000683172584104,0.00000586174292039,0.00000459390912511,0.00000410780467064,0.00000408341475122,0.00000389146271118,0.00000342707471646,0.00000258433374256,0.00000208801429835,0.00000213687803807],"dvar":[0.000016120782675,0.0000057942015701,5.45668456198e-7,3.96853153006e-7,6.82401903873e-8,9.6487127621e-8,1.14472307189e-7,1.96736582581e-8,6.4901051644e-8,1.39988188153e-7,5.70204576889e-8,3.35761889403e-8,1.30779653773e-8,1.14868337064e-8,1.92160101165e-8,8.1363875637e-9,1.05355741908e-8,6.42004183149e-9,3.32090022148e-9,3.1170206416e-9,7.1175204619e-10,1.00784680601e-9,9.00463870135e-10,3.32370769796e-10,4.7322357144e-10,4.43464709399e-10,7.74976305351e-10,9.6782792891e-10,2.03279032496e-10,8.01018903984e-11,3.76823364179e-11,3.34430295956e-11,2.59319545004e-11,1.99528345235e-11,2.74058848532e-11,3.0013980884e-11,3.30060492826e-11,1.97611840086e-11,1.15558699762e-11,1.16723592597e-11],"dvar2":[0.0000429028259532,0.0000155913057824,0.00000143084400861,0.00000109352720301,1.76433815113e-7,2.48932991553e-7,3.08072173993e-7,5.23379242168e-8,1.63279565868e-7,3.40677985378e-7,1.31433807837e-7,8.31646360666e-8,3.27813474144e-8,2.94128863487e-8,4.71601921959e-8,1.92260909415e-8,2.80677223685e-8,1.5261386821e-8,8.26636536999e-9,8.47090575462e-9,1.85220550009e-9,2.51807774632e-9,2.35699570972e-9,8.9037094364e-10,1.29130206528e-9,1.20583543151e-9,1.89385307436e-9,2.36650499197e-9,5.167218875e-10,2.28749602593e-10,1.05091380043e-10,8.90561513422e-11,6.97568391939e-11,4.90487858662e-11,6.2373210763e-11,6.37887798138e-11,6.46373926605e-11,3.88028012499e-11,2.27761629001e-11,2.24700084928e-11],"max":[0.0295637100935,0.0214911233634,0.0130385514349,0.00792931299657,0.0042827934958,0.00750748300925,0.00962344184518,0.00437999842688,0.00427807308733,0.00702918320894,0.00609932560474,0.00414962181821,0.00357200554572,0.00302118901163,0.00346834235825,0.0020892934408,0.0020213983953,0.00192700896878,0.0016001900658,0.00288367597386,0.000432903994806,0.000736218644306,0.000726191268768,0.000201646602363,0.000424597441452,0.000275048078038,0.000550745113287,0.000728077604435,0.000315126060741,0.0000998553368845,0.000103541569842,0.000119696902402,0.000107620857307,0.000096603500424,0.000172751548234,0.000123614590848,0.000149127503391,0.000118050178571,0.0000943842169363,0.000106611303636],"mean":[0.00225454266183,0.00189548032358,0.00153445370961,0.000669446715619,0.000260341970716,0.000168079059222,0.0000990419794107,0.0000667959757266,0.00017444686091,0.000221000402234,0.000155249683303,0.000138268602313,0.000103627913631,0.0000948052620515,0.000107668216515,0.0000725812788005,0.0000764028736739,0.0000516411673743,0.0000456929446955,0.0000370782290702,0.0000345655498677,0.0000387966720155,0.0000324837601511,0.0000237808653765,0.0000289327836072,0.0000271670323855,0.0000343380816048,0.0000342070488841,0.0000164977900567,0.0000109883385448,0.00000735028379495,0.00000572668295717,0.0000045944939302,0.00000450789593742,0.00000458715157947,0.00000460713226857,0.00000431739954365,0.00000334077753905,0.00000277023946182,0.00000268212306764],"median":[0.000972874229774,0.00120700034313,0.00130449549761,0.00051219278248,0.000168270256836,0.0000904239714146,0.000045721346396,0.0000347050663549,0.000061901693698,0.0000785478259786,0.000049987109378,0.0000458606155007,0.000048156012781,0.0000555454171263,0.0000563126814086,0.0000309322495013,0.0000310956093017,0.000021085366825,0.0000186721772479,0.000020583602236,0.0000252988029388,0.0000256147213804,0.0000212215090869,0.0000172445397766,0.0000235360530496,0.0000222704438784,0.0000242291171162,0.0000218049262912,0.0000127603816509,0.00000957424072112,0.00000596185054746,0.00000437267681264,0.00000333597813551,0.00000315289162245,0.0000027892720027,0.00000271731528301,0.00000262260209638,0.0000020733295969,0.00000169755719526,0.00000159404294209],"min":[7.73642781782e-12,9.6465162247e-12,2.07542819736e-11,3.18929709031e-11,2.65790323778e-11,1.11500825933e-11,3.15140903824e-12,1.79278044233e-12,6.62306364266e-13,3.49470750732e-13,3.14289013651e-13,4.7130805118e-13,1.80242797142e-13,9.6531215367e-14,1.68148277962e-13,1.14844630117e-13,7.8977352002e-14,5.30936311084e-14,6.18004928374e-14,7.64087212013e-14,7.38510679476e-14,6.07923609998e-14,3.90709261277e-14,3.48873829673e-14,2.86079177654e-14,3.16398078256e-14,2.53479268147e-14,1.00792075695e-14,1.33212473509e-14,8.62025261014e-15,9.13193589622e-15,6.00543394988e-15,4.30610205154e-15,7.01542968344e-15,5.84049249461e-15,4.47046286572e-15,6.74169319884e-15,2.44886415359e-15,3.98305723798e-15,4.31581286076e-15],"var":[0.0000141392911246,0.00000551368339075,0.00000157901945386,4.34501686186e-7,9.6152803053e-8,8.62573088511e-8,8.40630747234e-8,1.8674214175e-8,1.01624578974e-7,2.18474937697e-7,1.13403302748e-7,7.98238062316e-8,2.83187073791e-8,1.87431794529e-8,2.99717086705e-8,1.96225826699e-8,1.84163315708e-8,1.02448947104e-8,8.0344459974e-9,4.46573178436e-9,1.20037146889e-9,2.02619587775e-9,1.54025336929e-9,5.5929294529e-10,6.87219392503e-10,6.19049145278e-10,1.42612655019e-9,1.66747038399e-9,3.13415071673e-10,9.48609038542e-11,5.11369765976e-11,4.17148607323e-11,3.15701284559e-11,3.27878071915e-11,5.10795711284e-11,5.81786563369e-11,7.15228015702e-11,4.25812787808e-11,2.61824936731e-11,2.57006672888e-11]},"melbands_crest":{"dmean":3.19959640503,"dmean2":5.18733024597,"dvar":10.5482492447,"dvar2":26.7349681854,"max":33.0402603149,"mean":13.6505069733,"median":12.8117551804,"min":3.41525554657,"var":25.8928012848},"melbands_flatness_db":{"dmean":0.0261225029826,"dmean2":0.042469009757,"dvar":0.000929760746658,"dvar2":0.0023896524217,"max":0.476025491953,"mean":0.164885416627,"median":0.142886757851,"min":0.0399715639651,"var":0.0054365019314},"melbands_kurtosis":{"dmean":6.85808849335,"dmean2":11.5302305222,"dvar":226.028793335,"dvar2":618.42956543,"max":350.003448486,"mean":12.6042509079,"median":6.12995624542,"min":-1.68367516994,"var":360.387542725},"melbands_skewness":{"dmean":0.760672152042,"dmean2":1.23368096352,"dvar":0.962730824947,"dvar2":2.49293613434,"max":14.1502885818,"mean":2.6501557827,"median":2.43167734146,"min":-1.52921938896,"var":2.73074889183},"melbands_spread":{"dmean":9.64655399323,"dmean2":15.6752338409,"dvar":118.348014832,"dvar2":299.606842041,"max":208.242980957,"mean":33.1570205688,"median":32.9122238159,"min":0.592814445496,"var":327.439605713},"mfcc":{"cov":[[10559.0986328,-1547.9128418,286.054992676,-184.025466919,-207.120666504,46.1155471802,273.436035156,375.043914795,201.831573486,542.167297363,295.679260254,362.417663574,268.770599365],[-1547.9128418,970.046630859,-399.521331787,105.551780701,-21.7974472046,-32.0869598389,-21.4842453003,-102.110229492,-8.90238952637,-69.4655380249,-34.5574226379,-23.7860984802,-32.9596443176],[286.054992676,-399.521331787,1104.36022949,-21.6317443848,57.2028846741,7.57504653931,-29.6977462769,70.9104995728,-42.9916725159,67.7775268555,9.52594661713,46.5828475952,36.659942627],[-184.025466919,105.551780701,-21.6317443848,226.554336548,76.1159210205,25.6426391602,-21.0107364655,-11.4834451675,29.1718540192,-29.9991149902,27.2112960815,14.3360919952,28.0079975128],[-207.120666504,-21.7974472046,57.2028846741,76.1159210205,153.416870117,29.3262901306,-18.5544013977,-10.7884454727,23.3252315521,-3.13189792633,0.583946466446,-2.992623806,14.0982198715],[46.1155471802,-32.0869598389,7.57504653931,25.6426391602,29.3262901306,80.9603424072,32.9511871338,22.1297073364,5.89458942413,-8.44665527344,17.8895130157,4.37366199493,0.029046067968],[273.436035156,-21.4842453003,-29.6977462769,-21.0107364655,-18.5544013977,32.9511871338,138.495880127,59.7820129395,16.6869068146,8.93059158325,6.41855573654,22.2796077728,4.03225326538],[375.043914795,-102.110229492,70.9104995728,-11.4834451675,-10.7884454727,22.1297073364,59.7820129395,87.8131942749,27.4514713287,23.107925415,15.8438167572,20.8667850494,10.975646019],[201.831573486,-8.90238952637,-42.9916725159,29.1718540192,23.3252315521,5.89458942413,16.6869068146,27.4514713287,73.654510498,36.389831543,19.0131645203,9.18914318085,8.17422389984],[542.167297363,-69.4655380249,67.7775268555,-29.9991149902,-3.13189792633,-8.44665527344,8.93059158325,23.107925415,36.389831543,132.701034546,24.8569030762,30.077960968,11.1314525604],[295.679260254,-34.5574226379,9.52594661713,27.2112960815,0.583946466446,17.8895130157,6.41855573654,15.8438167572,19.0131645203,24.8569030762,74.5089416504,31.1188259125,11.1710281372],[362.417663574,-23.7860984802,46.5828475952,14.3360919952,-2.992623806,4.37366199493,22.2796077728,20.8667850494,9.18914318085,30.077960968,31.1188259125,70.0295639038,35.1352005005],[268.770599365,-32.9596443176,36.659942627,28.0079975128,14.0982198715,0.029046067968,4.03225326538,10.975646019,8.17422389984,11.1314525604,11.1710281372,35.1352005005,64.4505462646]],"icov":[[0.000209452453419,0.000296213693218,0.000111379551527,-0.0000394964117731,0.000305245630443,0.00000201241300601,-0.0000991732085822,-0.000199707603315,-0.0000330986476911,-0.000541571178474,-0.000229972050874,-0.000380652985768,-0.000449613115052],[0.000296213693218,0.0019271740457,0.000523443624843,-0.000994457048364,0.000892241136171,0.000363196479157,-0.000600381114054,0.00125534448307,-0.000214907384361,-0.00059336196864,0.0004306769697,-0.00121447467245,0.000230304853176],[0.000111379551527,0.000523443624843,0.00140496448148,-0.000204341878998,-0.00059763394529,0.00024090646184,0.00074279285036,-0.00181067117956,0.00191973790061,-0.00103688950185,0.000195870452444,-0.000846229610033,-0.000151665386511],[-0.0000394964117731,-0.000994457048364,-0.000204341878998,0.00732056703418,-0.00262694177218,-0.00127188896295,0.00123641383834,0.000343592226272,-0.00288220448419,0.00267357658595,-0.00237560388632,-0.000560981163289,-0.00234819040634],[0.000305245630443,0.000892241136171,-0.00059763394529,-0.00262694177218,0.0104415733367,-0.00398282660171,0.000449479644885,0.00322084105574,-0.0042599006556,-0.000754175824113,0.00190524582285,0.000298961444059,-0.00201665959321],[0.00000201241300601,0.000363196479157,0.00024090646184,-0.00127188896295,-0.00398282660171,0.0176380202174,-0.00395955704153,-0.00310612865724,0.00279443338513,0.00123590033036,-0.0045780967921,0.00141758972313,0.00168582913466],[-0.0000991732085822,-0.000600381114054,0.00074279285036,0.00123641383834,0.000449479644885,-0.00395955704153,0.0125534189865,-0.00803374778479,-0.00010864581418,0.000626513909083,0.00230032321997,-0.00360201206058,0.00110341899563],[-0.000199707603315,0.00125534448307,-0.00181067117956,0.000343592226272,0.00322084105574,-0.00310612865724,-0.00803374778479,0.0246479995549,-0.00912594143301,0.00136997166555,0.0000142461549331,-0.000958109740168,-0.000601896375883],[-0.0000330986476911,-0.000214907384361,0.00191973790061,-0.00288220448419,-0.0042599006556,0.00279443338513,-0.00010864581418,-0.00912594143301,0.0241829548031,-0.00665653450415,-0.00300151878037,0.00300688506104,-0.000356248929165],[-0.000541571178474,-0.00059336196864,-0.00103688950185,0.00267357658595,-0.000754175824113,0.00123590033036,0.000626513909083,0.00136997166555,-0.00665653450415,0.0129383327439,-0.00124226685148,-0.00296633131802,0.00171691109426],[-0.000229972050874,0.0004306769697,0.000195870452444,-0.00237560388632,0.00190524582285,-0.0045780967921,0.00230032321997,0.0000142461549331,-0.00300151878037,-0.00124226685148,0.0204930230975,-0.00845720339566,0.00319285551086],[-0.000380652985768,-0.00121447467245,-0.000846229610033,-0.000560981163289,0.000298961444059,0.00141758972313,-0.00360201206058,-0.000958109740168,0.00300688506104,-0.00296633131802,-0.00845720339566,0.0284885559231,-0.0119197806343],[-0.000449613115052,0.000230304853176,-0.000151665386511,-0.00234819040634,-0.00201665959321,0.00168582913466,0.00110341899563,-0.000601896375883,-0.000356248929165,0.00171691109426,0.00319285551086,-0.0119197806343,0.0247823763639]],"mean":[-609.759643555,94.4716110229,-3.6555981636,29.0566825867,9.16624641418,9.26390647888,16.5796394348,6.34607744217,0.975141048431,2.04182887077,-5.79471969604,-1.71745300293,-4.01273012161]},"pitch_salience":{"dmean":0.0729221776128,"dmean2":0.118968889117,"dvar":0.00568557018414,"dvar2":0.0147265139967,"max":0.877733170986,"mean":0.595277607441,"median":0.607179880142,"min":0.110517777503,"var":0.0117901330814},"silence_rate_20dB":{"dmean":0,"dmean2":0,"dvar":0,"dvar2":0,"max":1,"mean":1,"median":1,"min":1,"var":0},"silence_rate_30dB":{"dmean":0,"dmean2":0,"dvar":0,"dvar2":0,"max":1,"mean":1,"median":1,"min":1,"var":0},"silence_rate_60dB":{"dmean":0.00560689438134,"dmean2":0.0112149529159,"dvar":0.00557457283139,"dvar2":0.0125394435599,"max":1,"mean":0.0576204322278,"median":0,"min":0,"var":0.054302290082},"spectral_centroid":{"dmean":265.656463623,"dmean2":432.758575439,"dvar":83036.453125,"dvar2":217725.4375,"max":4883.09228516,"mean":1979.06420898,"median":2136.14135742,"min":223.749633789,"var":439592.8125},"spectral_complexity":{"dmean":5.09791278839,"dmean2":8.1919002533,"dvar":26.7589321136,"dvar2":63.7710990906,"max":62,"mean":31.0119400024,"median":34,"min":0,"var":175.102478027},"spectral_contrast_coeffs":{"dmean":[0.0455006398261,0.0446797311306,0.036750741303,0.0296561308205,0.0209774691612,0.0176379773766],"dmean2":[0.0744836330414,0.0724765583873,0.0597312599421,0.0480834208429,0.0342083200812,0.0286881364882],"dvar":[0.00149817741476,0.00151762890164,0.000991830136627,0.000613738666289,0.000324884371366,0.000254805956502],"dvar2":[0.00400522211567,0.00399936269969,0.00251246779226,0.00155220087618,0.000788362638559,0.000647879613098],"max":[-0.390488564968,-0.442098706961,-0.483032345772,-0.556296110153,-0.58912217617,-0.59669059515],"mean":[-0.645606696606,-0.758520364761,-0.779559671879,-0.787298560143,-0.7928134799,-0.757522583008],"median":[-0.648735404015,-0.764859259129,-0.786051630974,-0.791157484055,-0.794040381908,-0.758894085884],"min":[-0.961258649826,-0.923567175865,-0.956987559795,-0.95264518261,-0.928047418594,-0.942868113518],"var":[0.00405011605471,0.00365414889529,0.00400384282693,0.00276340055279,0.00147075555287,0.00183480407577]},"spectral_contrast_valleys":{"dmean":[0.35012742877,0.354449242353,0.288199365139,0.256087064743,0.235145717859,0.242742747068],"dmean2":[0.572207927704,0.568259835243,0.463465958834,0.412616252899,0.376088768244,0.369224339724],"dvar":[0.0933104231954,0.103312365711,0.0629411786795,0.0562350973487,0.0709341093898,0.108350135386],"dvar2":[0.241594493389,0.262992441654,0.155541285872,0.132758826017,0.165876612067,0.230805382133],"max":[-5.29806184769,-4.8624382019,-5.17453861237,-5.7679605484,-5.38402414322,-7.02414798737],"mean":[-7.00542545319,-6.95355987549,-7.0591840744,-7.28881263733,-6.85849809647,-9.62621593475],"median":[-6.68944454193,-6.76462841034,-6.87924289703,-7.06599092484,-6.51945114136,-9.04298591614],"min":[-14.2023649216,-14.9890384674,-16.2962398529,-17.3454971313,-18.037902832,-18.8930988312],"var":[1.25254535675,1.02347099781,0.932441592216,1.06186425686,1.45306491852,2.84711909294]},"spectral_decrease":{"dmean":2.74658207289e-9,"dmean2":4.5592183362e-9,"dvar":1.49158515001e-17,"dvar2":3.85721267951e-17,"max":-9.46293561969e-17,"mean":-7.328584406e-9,"median":-6.81821710202e-9,"min":-3.08677527983e-8,"var":2.20100386378e-17},"spectral_energy":{"dmean":0.0108027644455,"dmean2":0.0178257022053,"dvar":0.000216624364839,"dvar2":0.00055734399939,"max":0.120929092169,"mean":0.0307955443859,"median":0.0292365029454,"min":3.70291769469e-10,"var":0.000352156581357},"spectral_energyband_high":{"dmean":0.000904451240785,"dmean2":0.00145291059744,"dvar":0.00000217109504774,"dvar2":0.00000472116335004,"max":0.0331636331975,"mean":0.00227352394722,"median":0.00189980701543,"min":3.1734862134e-12,"var":0.00000525103132532},"spectral_energyband_low":{"dmean":0.00837175641209,"dmean2":0.0143257984892,"dvar":0.000223410665058,"dvar2":0.000587339571211,"max":0.11147288233,"mean":0.0133601501584,"median":0.00955722108483,"min":7.26096752168e-11,"var":0.000225551033509},"spectral_energyband_middle_high":{"dmean":0.00239022145979,"dmean2":0.00379939330742,"dvar":0.00000906750756258,"dvar2":0.0000221316968236,"max":0.0410790592432,"mean":0.00768657913432,"median":0.00649132020772,"min":1.23371599395e-11,"var":0.0000336423472618},"spectral_energyband_middle_low":{"dmean":0.00348065118305,"dmean2":0.00565906474367,"dvar":0.0000240332465182,"dvar2":0.0000632936571492,"max":0.0679607987404,"mean":0.00986308697611,"median":0.00883742701262,"min":2.91695556598e-10,"var":0.0000454877699667},"spectral_entropy":{"dmean":0.103314086795,"dmean2":0.154991582036,"dvar":0.0165786948055,"dvar2":0.0346211902797,"max":8.99152946472,"mean":7.86955165863,"median":8.00488471985,"min":5.68639755249,"var":0.22657866776},"spectral_flux":{"dmean":0.02744900994,"dmean2":0.0421875156462,"dvar":0.000987745705061,"dvar2":0.00206261780113,"max":0.300356417894,"mean":0.0933068692684,"median":0.0884571522474,"min":0.0000827192925499,"var":0.00251980684698},"spectral_kurtosis":{"dmean":1.20854353905,"dmean2":2.01947665215,"dvar":5.97804260254,"dvar2":17.828830719,"max":52.0050849915,"mean":4.10209226608,"median":3.1702208519,"min":-0.942555427551,"var":14.2281503677},"spectral_rms":{"dmean":0.000855817284901,"dmean2":0.00137831410393,"dvar":0.00000104874902718,"dvar2":0.00000263152332991,"max":0.0108618419617,"mean":0.00516364956275,"median":0.00534073170274,"min":6.01049293891e-7,"var":0.00000338125141752},"spectral_rolloff":{"dmean":832.617980957,"dmean2":1382.66223145,"dvar":1295334.75,"dvar2":2844882.75,"max":12403.125,"mean":2311.59179688,"median":2282.51953125,"min":64.599609375,"var":3049465.25},"spectral_skewness":{"dmean":0.162779301405,"dmean2":0.267589956522,"dvar":0.0455844067037,"dvar2":0.128536701202,"max":4.32699584961,"mean":1.34998130798,"median":1.28516554832,"min":0.0956473723054,"var":0.193523958325},"spectral_spread":{"dmean":520384.28125,"dmean2":755034.25,"dvar":493911441408,"dvar2":864091111424,"max":16883300,"mean":4993546,"median":4940655,"min":1144210,"var":2808121917440},"spectral_strongpeak":{"dmean":0.452810913324,"dmean2":0.795349419117,"dvar":0.739087283611,"dvar2":1.90795147419,"max":9.13065814972,"mean":0.703971683979,"median":0.36935043335,"min":0,"var":1.00842452049},"zerocrossingrate":{"dmean":0.0130770755932,"dmean2":0.0159337893128,"dvar":0.000231427897234,"dvar2":0.000285404734313,"max":0.341796875,"mean":0.0877749919891,"median":0.0869140625,"min":0.001953125,"var":0.00162046519108}},"metadata":{"audio_properties":{"analysis_sample_rate":44100,"bit_rate":0,"codec":"flac","downmix":"mix","equal_loudness":0,"length":223.613327026,"lossless":true,"md5_encoded":"2d95c60bff795bbc50f31052a246481e","replay_gain":-14.8804759979},"tags":{"acoustid_id":["0daab082-d0dc-4a97-b287-e0ce198039a0"],"album":["Siren Song of the Counter Culture"],"albumartist":["Rise Against"],"artist":["Rise Against"],"date":["2005-05-09"],"discnumber":["1"],"disctotal":["1"],"file_name":"04 - Rise Against - Paper Wings.flac","musicbrainz_albumartistid":["606bf117-494f-4864-891f-09d63ff6aa4b"],"musicbrainz_albumid":["1f21c9ce-fb91-4e27-9086-4e6fbd0a604d"],"musicbrainz_artistid":["606bf117-494f-4864-891f-09d63ff6aa4b"],"musicbrainz_recordingid":["adda0d01-70de-4e4f-837a-11c3e26f9277"],"musicbrainz_releasegroupid":["4dbed05b-d989-3729-b58a-c1e54b323141"],"replaygain_album_gain":["-10.64 dB"],"replaygain_album_peak":["1.000000"],"replaygain_track_gain":["-10.58 dB"],"replaygain_track_peak":["0.999023"],"title":["Paper Wings"],"tracknumber":["4"],"tracktotal":["13"]},"version":{"essentia":"2.1-beta1","essentia_build_sha":"46c2b6830b139c2e69ed9f3e0d9145e1b8fbae31","essentia_git_sha":"v2.1_beta1-6-g5578087","extractor":"music 1.0"}},"rhythm":{"beats_count":374,"beats_loudness":{"dmean":0.0138082718477,"dmean2":0.0243891589344,"dvar":0.000222400849452,"dvar2":0.000656443822663,"max":0.11071176827,"mean":0.0335278473794,"median":0.0318871065974,"min":0.00000108128188003,"var":0.000384031416615},"beats_loudness_band_ratio":{"dmean":[0.165936455131,0.0889464467764,0.0770348012447,0.0841374471784,0.0589165315032,0.0514923036098],"dmean2":[0.287003159523,0.153972715139,0.136905044317,0.147253006697,0.106756292284,0.0883279815316],"dvar":[0.0204529445618,0.00706975813955,0.00950538460165,0.00997750926763,0.00427702395245,0.00280114985071],"dvar2":[0.0576161146164,0.018313255161,0.0286151338369,0.0269517023116,0.0117625920102,0.00779664469883],"max":[0.949144005775,0.899025917053,0.689692556858,0.601122438908,0.709148287773,0.380064219236],"mean":[0.451597332954,0.166202753782,0