{"lowlevel":{"average_loudness":0.899933874607,"barkbands":{"dmean":[0.00000533570892003,0.00247065490112,0.00384214101359,0.00148878898472,0.00104835140519,0.000550770841073,0.000537880987395,0.000734859728254,0.000720312877093,0.00034650991438,0.000192218358279,0.0000867377093527,0.0000518362903676,0.0000426375227107,0.0000407391780755,0.0000357339704351,0.0000513771992701,0.0000375282215828,0.0000276322716672,0.0000413489469793,0.0000145270996654,0.0000152905722643,0.0000094180340966,0.0000184618238563,0.0000134192914629,0.00000221723303184,1.39700645718e-7],"dmean2":[0.00000881838695932,0.00427240692079,0.00676137441769,0.00244101299904,0.0016683798749,0.000764541735407,0.000745186815038,0.000945126870647,0.000896779238246,0.000465561868623,0.000268695031991,0.000122887970065,0.0000733181586838,0.0000618416815996,0.0000562574241485,0.0000499048146594,0.0000705085039954,0.0000546838127775,0.0000416405891883,0.0000603385960858,0.0000205808737519,0.0000212384074985,0.000012848516235,0.0000271236403933,0.0000195050415641,0.00000335864660883,2.1204822076e-7],"dvar":[2.11039172249e-10,0.0000131873975988,0.0000355352749466,0.00000560302851227,0.00000250251173384,0.00000217656247514,0.00000391732964999,0.0000052576942835,0.00000589812270846,0.00000120858862829,4.96823247431e-7,1.18350236278e-7,2.8744537417e-8,2.08998933715e-8,2.92273849567e-8,2.6904762862e-8,5.5962637191e-8,1.80998593891e-8,7.49562474311e-8,1.00403866554e-7,6.20841644761e-9,4.01736821587e-9,1.55739776631e-9,4.18621670661e-9,5.84509329826e-9,1.54144225162e-10,5.464715052e-13],"dvar2":[5.0265691609e-10,0.0000364450279449,0.000109189699288,0.0000154438039317,0.00000631529474049,0.00000382659845855,0.00000743165719541,0.00000903201544133,0.00000878069567989,0.00000207000266528,9.48610875184e-7,2.14776534335e-7,5.51126362325e-8,4.11930081157e-8,5.36506732374e-8,5.1533874057e-8,9.77559082571e-8,3.70744146494e-8,1.75952479253e-7,2.41749603447e-7,1.09126894188e-8,6.07740480163e-9,2.23660978627e-9,7.54335616193e-9,1.02035846439e-8,3.38622740959e-10,1.18051401987e-12],"max":[0.000413335394114,0.0542535185814,0.0977022126317,0.0271423943341,0.0306905135512,0.0422191545367,0.0595465674996,0.0602163746953,0.072488181293,0.0384794659913,0.0199401993304,0.0116097899154,0.00412623025477,0.00806751474738,0.00514921266586,0.00592215405777,0.00790586788207,0.00421542208642,0.0126412231475,0.0151475993916,0.0024559609592,0.00243749702349,0.00136474485043,0.00261181220412,0.00248004635796,0.000454358931165,0.0000241468660533],"mean":[0.00000598841461397,0.00457983231172,0.0068531204015,0.00312589295208,0.00330611714162,0.00194003689103,0.00144545675721,0.00272224424407,0.00266821426339,0.000967407017015,0.000511776888743,0.000228094679187,0.000117817107821,0.000088767032139,0.0000849527132232,0.000072003720561,0.000110817331006,0.000090069763246,0.0000444933721155,0.0000766090452089,0.0000231690301007,0.0000293829307338,0.0000195711181732,0.0000353068571712,0.0000223222596105,0.00000349998617821,2.43905532216e-7],"median":[0.00000198036332222,0.00250695296563,0.00387972779572,0.00169230648316,0.00247272313572,0.000414324313169,0.000157680507982,0.0000729471066734,0.0000589013907302,0.00004021861605,0.0000161898497026,0.00000697573659636,0.00000668553320793,0.00000916058888834,0.00000322822052112,0.00000700869168213,0.00000849118623591,0.000010657515304,0.00000408245841754,0.00000614891405348,0.00000132138131903,0.00000339833309226,0.00000230974524129,0.00000295921017823,7.26909888726e-7,2.26403400916e-7,9.68476925323e-8],"min":[1.20910079124e-25,2.79893331756e-24,4.86021443834e-25,4.52166985048e-25,8.10031565334e-24,8.53651234658e-24,9.71544603677e-24,8.93833127043e-24,1.69140408218e-23,1.52630448773e-23,1.76119018884e-23,1.95906158965e-23,3.7713657053e-23,3.94504700199e-23,4.31929460611e-23,4.97777920735e-23,5.4589692134e-23,1.06322799023e-22,1.46770474425e-22,1.84946470232e-22,2.8098293957e-22,3.24779764965e-22,4.7046679889e-22,5.64150809278e-22,7.59595655007e-22,1.35373983943e-21,2.0099115636e-21],"var":[2.73124994843e-10,0.0000326203880832,0.0000679295189911,0.0000137942670335,0.00000951535366767,0.0000179494509212,0.0000202028822969,0.0000511802390974,0.000057400429796,0.00000725384188627,0.00000268576673079,6.65416507672e-7,1.33410878789e-7,9.57587715789e-8,1.22893666799e-7,9.49683567342e-8,1.95014862925e-7,7.93394079324e-8,9.65976667544e-8,1.73701835138e-7,2.01547543099e-8,1.47585321741e-8,5.87403059527e-9,1.09384394875e-8,1.42474778642e-8,2.56015569855e-10,1.04338835748e-12]},"barkbands_crest":{"dmean":2.13683605194,"dmean2":3.5496301651,"dvar":3.90640759468,"dvar2":10.9887666702,"max":24.2338447571,"mean":12.9249982834,"median":12.5715026855,"min":3.32485198975,"var":16.5438518524},"barkbands_flatness_db":{"dmean":0.0246759094298,"dmean2":0.0391098074615,"dvar":0.000730399100576,"dvar2":0.00166681280825,"max":0.608816027641,"mean":0.277991265059,"median":0.265544593334,"min":0.0504333116114,"var":0.00848179496825},"barkbands_kurtosis":{"dmean":8.49412822723,"dmean2":13.8461914062,"dvar":210.941940308,"dvar2":520.50012207,"max":272.459777832,"mean":20.0225734711,"median":13.0325202942,"min":-1.85081660748,"var":561.61895752},"barkbands_skewness":{"dmean":0.704613089561,"dmean2":1.11187887192,"dvar":0.705969214439,"dvar2":1.65159261227,"max":13.117524147,"mean":2.60465431213,"median":2.46521139145,"min":-2.33954763412,"var":4.07239866257},"barkbands_spread":{"dmean":2.0032658577,"dmean2":3.12814450264,"dvar":24.4979991913,"dvar2":51.2074508667,"max":91.950088501,"mean":7.08161592484,"median":4.41178894043,"min":0.27866563201,"var":85.4577636719},"dissonance":{"dmean":0.031216641888,"dmean2":0.0508155487478,"dvar":0.00101949786767,"dvar2":0.00265161157586,"max":0.499726325274,"mean":0.389715373516,"median":0.400664538145,"min":0.117500498891,"var":0.00445008138195},"dynamic_complexity":4.5169005394,"erbbands":{"dmean":[0.0144148143008,0.756369113922,4.1460313797,4.19549179077,4.67747735977,3.42308020592,2.52137327194,5.5618481636,7.80051803589,8.61494731903,19.9586143494,15.2928409576,10.6276540756,8.13057518005,5.63888883591,2.83299040794,2.66576266289,1.94029641151,1.99467110634,1.94265425205,1.84559214115,2.93288516998,2.16482186317,1.10820794106,1.93716430664,1.90996217728,0.70696336031,0.620763003826,0.572974324226,0.328188151121,0.286643266678,0.268156319857,0.377666503191,0.187238886952,0.0808535888791,0.0189301986247,0.00233465665951,0.000257833336946,0.0000267287632596,0.00000961345995165],"dmean2":[0.0236761085689,1.31814968586,7.35890197754,7.13628387451,7.55919218063,5.35451793671,3.78509497643,7.61300230026,10.7670040131,11.5874462128,25.4857254028,18.9083385468,14.0560569763,10.9570007324,7.80705690384,3.87317156792,3.74284982681,2.87895441055,2.8207218647,2.67957377434,2.48776292801,3.93484401703,3.06192660332,1.6728978157,2.85918545723,2.75435900688,1.01867210865,0.842564463615,0.790656745434,0.450833320618,0.400557845831,0.387931138277,0.56031370163,0.270863711834,0.120006598532,0.0282286051661,0.00358551484533,0.000387889653211,0.0000403122394346,0.0000155351717694],"dvar":[0.000469531019917,1.21053671837,36.2845611572,45.4914741516,47.2355461121,38.9627456665,26.7976818085,221.067062378,930.621337891,762.886291504,3678.44873047,2375.44189453,928.697753906,693.806030273,514.443115234,86.0101089478,81.9558944702,35.8218383789,70.0956115723,66.8801803589,66.3830795288,201.668121338,65.9249038696,39.4832725525,315.842102051,240.189163208,18.6424884796,10.6087760925,6.05305624008,1.69443762302,1.42169106007,1.09810245037,1.68638598919,1.09372639656,0.208351030946,0.0108711002395,0.000174191882252,0.00000195095071831,1.45531418028e-8,1.49278478467e-10],"dvar2":[0.00114608905278,3.41373515129,111.212501526,134.272247314,133.273544312,96.0115966797,49.4015846252,383.843078613,1792.4140625,1394.6015625,6112.99121094,3638.12573242,1604.1262207,1239.19750977,927.405151367,153.265991211,155.500244141,80.4812088013,133.968963623,127.229927063,131.435073853,334.376403809,126.260696411,94.4812774658,732.301208496,572.85723877,42.122303009,16.5605697632,9.09558105469,2.60999011993,2.23119473457,1.86996102333,3.17666172981,1.93831717968,0.379437625408,0.021886266768,0.000417713687057,0.00000435950823885,3.04978122756e-8,3.7504982453e-10],"max":[0.367655813694,15.8751153946,104.603500366,87.4572219849,87.171043396,104.807434082,135.612670898,409.617462158,982.676696777,928.662658691,1525.31616211,1337.17907715,639.744140625,734.178161621,989.224914551,318.529174805,216.279403687,135.295593262,402.720275879,237.209671021,233.783615112,544.448730469,276.090667725,218.445068359,847.359313965,887.213378906,230.493804932,111.931785583,99.1006240845,49.310382843,41.4718055725,49.3018608093,45.5221138,36.4220542908,14.3809280396,3.27621912956,0.531191587448,0.0418794974685,0.00378958694637,0.000299638573779],"mean":[0.0347017608583,1.42940115929,7.75505447388,8.58327484131,11.5870294571,11.4479856491,8.3695230484,19.4974746704,22.785610199,26.5860748291,77.5485458374,55.8899536133,37.4757766724,24.596446991,17.0665245056,8.62486743927,6.25291156769,4.18569421768,4.47060632706,4.4224562645,4.06417131424,6.56844854355,5.34356403351,2.44534397125,3.34940433502,3.61643314362,1.18980503082,1.00947582722,1.10196959972,0.667272865772,0.591025352478,0.516746044159,0.696829855442,0.316673099995,0.128980919719,0.0300254058093,0.00377914798446,0.000433194567449,0.0000592288852204,0.000035397184547],"median":[0.0176695771515,0.921072661877,4.92505502701,5.51623153687,7.88482141495,7.98705911636,4.78641605377,4.44140529633,3.341807127,3.75922989845,1.3255033493,1.33884811401,1.61847043037,1.05593693256,0.650518894196,0.365539520979,0.347939759493,0.49949067831,0.232534825802,0.287421762943,0.388096272945,0.54691183567,0.588744878769,0.348699480295,0.284470438957,0.305840045214,0.11026173085,0.0730552896857,0.117120325565,0.100479751825,0.0649498701096,0.0561252199113,0.0492607094347,0.0145613718778,0.00414210418239,0.00160898512695,0.000302572268993,0.0000862989327288,0.0000319003374898,0.0000301339041471],"min":[1.11007888116e-22,5.78360958349e-22,1.52594749346e-21,6.93375020405e-21,1.41260040431e-20,3.61163695988e-20,5.10418259324e-20,8.82388908457e-20,1.75288140874e-19,2.18232398522e-19,2.11670607367e-19,4.51733879068e-19,5.38037768279e-19,6.03846603452e-19,1.35311455712e-18,1.00636034094e-18,1.73898821242e-18,2.10347108048e-18,3.15122870915e-18,3.9853979639e-18,2.9602033408e-18,4.46822287386e-18,4.89647537008e-18,6.94869599417e-18,8.40024907669e-18,8.21110926654e-18,1.01104102516e-17,9.65625087213e-18,1.20607639968e-17,1.01145056228e-17,1.30292584908e-17,1.16410641345e-17,9.47901419101e-18,7.1972910652e-18,6.5590364366e-18,4.051602605e-18,2.48566926212e-18,9.66073749978e-19,2.73066692467e-19,2.78519951741e-20],"var":[0.00182035891339,2.67224121094,68.6270599365,89.9514923096,140.689041138,135.795700073,150.345962524,1772.96765137,4589.90136719,3833.48486328,35675.3398438,21285.40625,6964.33935547,4155.33886719,3532.83129883,668.696533203,382.557891846,135.011962891,333.475769043,283.552429199,238.492111206,696.657958984,304.764801025,89.1518936157,480.515075684,407.736328125,45.6847267151,35.7044334412,22.780582428,6.14104413986,5.09697055817,3.01718235016,4.1856174469,2.71761918068,0.451506465673,0.0212615150958,0.000253123202128,0.00000344376053363,2.99290725536e-8,6.16380946283e-10]},"erbbands_crest":{"dmean":2.19143199921,"dmean2":3.47527003288,"dvar":5.08115959167,"dvar2":12.9145746231,"max":28.0713272095,"mean":12.9698877335,"median":12.4264612198,"min":1.91579473019,"var":21.875705719},"erbbands_flatness_db":{"dmean":0.0172905679792,"dmean2":0.0253269802779,"dvar":0.000388853834011,"dvar2":0.000781811482739,"max":0.431903541088,"mean":0.224689036608,"median":0.223397031426,"min":0.0214293133467,"var":0.00356033118442},"erbbands_kurtosis":{"dmean":2.51783299446,"dmean2":3.92828702927,"dvar":12.7070589066,"dvar2":30.3235759735,"max":72.5763320923,"mean":6.62165641785,"median":5.19115161896,"min":-1.84621655941,"var":50.2148551941},"erbbands_skewness":{"dmean":0.413362115622,"dmean2":0.63894122839,"dvar":0.208397522569,"dvar2":0.468935370445,"max":6.30318975449,"mean":1.648209095,"median":1.70760643482,"min":-3.18157839775,"var":1.32979261875},"erbbands_spread":{"dmean":6.46763467789,"dmean2":9.67996883392,"dvar":129.687423706,"dvar2":274.254455566,"max":147.767120361,"mean":25.5508308411,"median":16.8636283875,"min":1.57720398903,"var":513.736450195},"gfcc":{"cov":[[30649.8066406,880.600402832,-3119.40380859,146.879348755,-2259.86376953,620.913452148,-1126.82751465,1137.97497559,-210.517242432,-418.460296631,-384.588348389,-609.348999023,-484.32598877],[880.600402832,1962.5925293,207.81628418,-327.855834961,491.45211792,-198.820297241,369.764892578,-369.999938965,7.05420446396,-196.392791748,69.6654891968,-5.10128545761,53.153087616],[-3119.40380859,207.81628418,1173.20373535,150.252639771,430.746948242,-40.3484611511,29.6609039307,-122.913101196,10.8957309723,55.0310401917,53.5817756653,75.2153015137,77.1373748779],[146.879348755,-327.855834961,150.252639771,1020.4017334,204.919815063,-282.154785156,-68.0518188477,-140.161178589,-57.7282295227,27.6995849609,61.6969871521,88.6276016235,76.4716796875],[-2259.86376953,491.45211792,430.746948242,204.919815063,754.490722656,-161.684814453,196.356307983,-268.491851807,1.58952736855,-2.23968338966,34.6681213379,67.8724975586,102.114372253],[620.913452148,-198.820297241,-40.3484611511,-282.154785156,-161.684814453,358.618377686,-23.3657531738,104.577613831,13.1009073257,11.2359666824,-59.6350440979,-59.2831764221,-33.5471801758],[-1126.82751465,369.764892578,29.6609039307,-68.0518188477,196.356307983,-23.3657531738,412.620147705,-155.637832642,-29.7802886963,-35.6922988892,27.5149860382,46.9904899597,33.238494873],[1137.97497559,-369.999938965,-122.913101196,-140.161178589,-268.491851807,104.577613831,-155.637832642,360.249176025,50.0426292419,-11.7960176468,-36.5590248108,-42.8827133179,-45.6546669006],[-210.517242432,7.05420446396,10.8957309723,-57.7282295227,1.58952736855,13.1009073257,-29.7802886963,50.0426292419,132.916931152,-11.6777181625,-26.8942146301,-9.25491809845,8.01718044281],[-418.460296631,-196.392791748,55.0310401917,27.6995849609,-2.23968338966,11.2359666824,-35.6922988892,-11.7960176468,-11.6777181625,141.42276001,-2.25320601463,-13.4663496017,-1.13626003265],[-384.588348389,69.6654891968,53.5817756653,61.6969871521,34.6681213379,-59.6350440979,27.5149860382,-36.5590248108,-26.8942146301,-2.25320601463,122.905715942,27.5764598846,-16.6254920959],[-609.348999023,-5.10128545761,75.2153015137,88.6276016235,67.8724975586,-59.2831764221,46.9904899597,-42.8827133179,-9.25491809845,-13.4663496017,27.5764598846,116.76953125,29.3527011871],[-484.32598877,53.153087616,77.1373748779,76.4716796875,102.114372253,-33.5471801758,33.238494873,-45.6546669006,8.01718044281,-1.13626003265,-16.6254920959,29.3527011871,94.8757858276]],"icov":[[0.000221231603064,-0.000784589909017,0.00049671396846,-0.000765134056564,0.000386761908885,-0.00076205516234,0.000529241864569,-0.000852050201502,0.000600717379712,-0.000288614945021,0.000668170687277,-0.0000452385465906,0.000577491766308],[-0.000784589909017,0.00406098505482,-0.00192329916172,0.00346763525158,-0.00171702750959,0.00354370381683,-0.002222571522,0.00404295325279,-0.00224069249816,0.00272548547946,-0.00279294047505,0.00125110091176,-0.00234091375023],[0.00049671396846,-0.00192329916172,0.00233876262791,-0.00182024436072,0.000166539655766,-0.00217126635835,0.00152480637189,-0.00212023151107,0.00123721244745,-0.00131628580857,0.00100966752507,-0.000742738135159,0.000963767641224],[-0.000765134056564,0.00346763525158,-0.00182024436072,0.00455617764965,-0.00167058792431,0.00399882206693,-0.00144671241287,0.00376109383069,-0.00158726691734,0.00180294481106,-0.00278246845119,0.000316518853651,-0.00294213998131],[0.000386761908885,-0.00171702750959,0.000166539655766,-0.00167058792431,0.00340846762992,-0.000966654974036,0.000294695637422,-0.000601183040999,0.000522076792549,-0.000764452037401,0.00138408469502,-0.0000698019866832,-0.0000445632977062],[-0.00076205516234,0.00354370381683,-0.00217126635835,0.00399882206693,-0.000966654974036,0.00740078091621,-0.00231693591923,0.00314158224501,-0.00173373229336,0.00179375871085,-0.00114283780567,0.00177220627666,-0.00193316116929],[0.000529241864569,-0.002222571522,0.00152480637189,-0.00144671241287,0.000294695637422,-0.00231693591923,0.0048962389119,-0.00121810543351,0.00203293072991,-0.000444924080512,0.00117764330935,-0.00137686636299,0.000890529481694],[-0.000852050201502,0.00404295325279,-0.00212023151107,0.00376109383069,-0.000601183040999,0.00314158224501,-0.00121810543351,0.00869054161012,-0.00367063493468,0.00307925534435,-0.00262235268019,0.00105212838389,-0.00199371040799],[0.000600717379712,-0.00224069249816,0.00123721244745,-0.00158726691734,0.000522076792549,-0.00173373229336,0.00203293072991,-0.00367063493468,0.0103981653228,-0.000239642002271,0.00323640881106,-0.0000332103700202,0.00063775270246],[-0.000288614945021,0.00272548547946,-0.00131628580857,0.00180294481106,-0.000764452037401,0.00179375871085,-0.000444924080512,0.00307925534435,-0.000239642002271,0.0103413825855,-0.00125969876535,0.00251588551328,-0.00114362570457],[0.000668170687277,-0.00279294047505,0.00100966752507,-0.00278246845119,0.00138408469502,-0.00114283780567,0.00117764330935,-0.00262235268019,0.00323640881106,-0.00125969876535,0.0127099007368,-0.00225999741815,0.00546704605222],[-0.0000452385465906,0.00125110091176,-0.000742738135159,0.000316518853651,-0.0000698019866832,0.00177220627666,-0.00137686636299,0.00105212838389,-0.0000332103700202,0.00251588551328,-0.00225999741815,0.0120746223256,-0.00299142161384],[0.000577491766308,-0.00234091375023,0.000963767641224,-0.00294213998131,-0.0000445632977062,-0.00193316116929,0.000890529481694,-0.00199371040799,0.00063775270246,-0.00114362570457,0.00546704605222,-0.00299142161384,0.0162963774055]],"mean":[-125.56401825,144.192459106,-66.5729598999,31.3656692505,-51.4205665588,1.44545018673,-31.8203926086,4.6851272583,-19.9566555023,-14.4852085114,-12.7389659882,-10.0799388885,-9.65267658234]},"hfc":{"dmean":2.43932104111,"dmean2":3.36082482338,"dvar":19.0975875854,"dvar2":31.6707229614,"max":125.414886475,"mean":11.2374267578,"median":5.00156164169,"min":1.0693565966e-16,"var":163.764266968},"melbands":{"dmean":[0.000381625402952,0.00180176144931,0.000746232806705,0.000272360630333,0.000104374114017,0.000121139033581,0.000116963754408,0.000108346408524,0.000169078659383,0.000087930871814,0.000054017680668,0.0000367381544493,0.0000218805162149,0.0000128212441268,0.00000523664130014,0.00000447466209152,0.00000371362943952,0.00000337857431987,0.00000341966119777,0.00000242391229222,0.000002344836048,0.00000317021294904,0.00000267823725153,0.00000151304129759,8.60340662712e-7,0.000001251231879,0.00000181092525509,0.00000122647588796,4.85415739604e-7,3.25203785678e-7,4.18208060182e-7,3.68713699572e-7,2.40615548819e-7,1.70643659203e-7,1.86594448337e-7,1.12857932777e-7,2.13458548615e-7,3.15588323474e-7,1.89065659129e-7,1.59509312425e-7],"dmean2":[0.000649174267892,0.00318314810283,0.00126067642123,0.000432620145148,0.00015847843315,0.00016690902703,0.000161170086358,0.000141450815136,0.000215295964153,0.00011030602036,0.0000717843067832,0.0000494010819239,0.0000307276750391,0.0000176002977241,0.00000729332577976,0.00000635471087662,0.00000557215116714,0.00000485853979626,0.00000466083793071,0.00000344891645909,0.00000326877307089,0.00000431057424066,0.00000378986305805,0.00000225234316531,0.00000134881236136,0.0000018450710968,0.00000271904491456,0.00000181129280463,7.28279644591e-7,4.61353607761e-7,5.99790610067e-7,5.17509135989e-7,3.44377582451e-7,2.41532546852e-7,2.66963894546e-7,1.61565878898e-7,3.21701890016e-7,4.78631022816e-7,2.73062624956e-7,2.33320847087e-7],"dvar":[3.19345815569e-7,0.00000639943846181,0.00000115459329209,1.61524710052e-7,3.53209408388e-8,1.06460589677e-7,1.96107777128e-7,1.02166218596e-7,2.55694828866e-7,7.31051983394e-8,2.43736248962e-8,1.51705510376e-8,7.24983806322e-9,2.14019713063e-9,2.77582262731e-10,2.14406756238e-10,1.36280667307e-10,2.27171489953e-10,2.40499731241e-10,1.30395430564e-10,1.23203267033e-10,2.59669452607e-10,1.27770738434e-10,2.88854200975e-11,2.94457236372e-11,2.12145495615e-10,2.14666492915e-10,1.25444793442e-10,9.51956222184e-12,4.00065440845e-12,5.03232394991e-12,2.89337369168e-12,7.83324089187e-13,5.7021157544e-13,6.01475629285e-13,2.63539515731e-13,6.69015298889e-13,1.07325736839e-12,6.42021104249e-13,9.14995293075e-13],"dvar2":[8.44854582738e-7,0.0000194565291167,0.00000336593961947,4.16103517864e-7,7.44388231055e-8,1.9111787708e-7,3.77682880526e-7,1.85016048704e-7,4.1814035967e-7,1.13053353346e-7,4.16005221382e-8,2.72964868486e-8,1.36244615589e-8,3.82367071339e-9,5.32448363177e-10,4.06224776039e-10,3.12234710309e-10,4.34831476381e-10,4.35725455716e-10,2.65448357739e-10,2.5957583305e-10,4.69418892646e-10,2.33735392152e-10,5.96565158384e-11,7.4247524795e-11,5.13709075278e-10,5.15412046376e-10,3.11505599093e-10,2.30954266128e-11,7.90239835374e-12,8.78775177626e-12,4.5875447538e-12,1.42493059452e-12,9.3083331841e-13,9.73441271167e-13,4.69977301434e-13,1.28496291298e-12,2.1835092328e-12,1.11539531951e-12,1.68793343018e-12],"max":[0.00841632112861,0.039373062551,0.0124831041321,0.00841570086777,0.00388453737833,0.00915009714663,0.0141686229035,0.00876524206251,0.0121828336269,0.00725860707462,0.00390051747672,0.00393634382635,0.00313112698495,0.00157898978796,0.000381461635698,0.000309942028252,0.000244156341068,0.000871939118952,0.000455422617961,0.000418173061917,0.000304394983687,0.00061752210604,0.000403840123909,0.000147044076584,0.000216484288103,0.000825821945909,0.000689361884724,0.000740361050703,0.000168104626937,0.0000676613490214,0.0000776914603193,0.0000671704983688,0.0000338487006957,0.0000252518839261,0.0000258816671703,0.0000236984869844,0.0000406360704801,0.0000322949235851,0.0000310381401505,0.0000318620514008],"mean":[0.000773227831814,0.00338104367256,0.00169428007212,0.000822959525976,0.000359727244359,0.000422237761086,0.000336327240802,0.000368440436432,0.000636559794657,0.000321700325003,0.000182727264473,0.00010576700879,0.0000613622396486,0.0000372291215172,0.0000124486095956,0.0000103443699118,0.00000724804522179,0.00000678025253364,0.00000721764990885,0.00000486746239403,0.00000470431450594,0.00000658781573293,0.00000626281826044,0.00000372637464352,0.00000170176440406,0.00000186249826584,0.00000318657953358,0.00000218394825424,7.63269497384e-7,5.12943813646e-7,6.3328457145e-7,6.71369434713e-7,4.7693453098e-7,3.25279643221e-7,3.68076115365e-7,2.17377035483e-7,3.81097009949e-7,5.73460965825e-7,3.17606975386e-7,2.51104694371e-7],"median":[0.000393630034523,0.00242520938627,0.00124323798809,0.000632641720586,0.000231094309129,0.0000971073386609,0.0000513867707923,0.000027258096452,0.00000847218052513,0.0000082248407125,0.00000751797915655,0.00000434257617599,0.00000229615056924,8.93582807748e-7,8.46855471082e-7,6.14354348727e-7,8.77966158441e-7,2.98428744827e-7,2.79201401554e-7,4.00275553147e-7,4.03458273013e-7,5.10937127274e-7,4.94166670251e-7,4.38208246578e-7,2.15525545855e-7,1.6167764727e-7,1.94342192117e-7,1.81392564969e-7,5.65315403378e-8,2.03793391051e-8,3.65030921046e-8,5.9256638707e-8,6.00793796934e-8,4.0916191324e-8,3.41112915692e-8,2.14300914791e-8,3.35910250726e-8,3.48058613042e-8,1.62642610491e-8,6.86975232256e-9],"min":[8.58413883766e-25,1.36607476831e-24,1.67438389539e-24,1.9311977603e-24,1.63207136858e-24,2.29907752142e-24,2.77871717914e-24,2.47525126359e-24,1.8236706941e-24,2.49698122608e-24,2.62068270184e-24,2.00443284572e-24,3.46356006869e-24,2.12666151818e-24,2.42787050268e-24,2.66518037336e-24,3.6875101855e-24,4.82158885019e-24,3.40531018502e-24,4.47572698579e-24,3.24204674321e-24,3.19426918527e-24,4.67578408351e-24,4.77833600119e-24,5.25145887897e-24,4.81843695645e-24,3.39993646453e-24,4.94774545831e-24,6.08699944497e-24,4.93799158764e-24,6.09880908715e-24,6.54046785329e-24,5.02806214808e-24,5.04401883204e-24,6.77017941573e-24,5.73798450353e-24,6.19363529555e-24,5.75541517409e-24,5.77115216029e-24,6.27701710437e-24],"var":[9.50995570292e-7,0.0000111886211016,0.0000025498757168,5.75598789965e-7,1.77484835717e-7,8.22146489554e-7,9.78904608928e-7,6.76281388223e-7,0.00000248115384238,6.51554387332e-7,1.78615380264e-7,8.74214478586e-8,4.08521074746e-8,1.55904338328e-8,1.23963295184e-9,9.90722059946e-10,4.41677444618e-10,1.01726593815e-9,9.52638301577e-10,4.15265183351e-10,3.54091089783e-10,7.29766802543e-10,5.62871860232e-10,1.34055544443e-10,5.45045952816e-11,2.30283112024e-10,3.68684971441e-10,1.82898293732e-10,1.96112726752e-11,1.16364010441e-11,1.40658457104e-11,1.00255385591e-11,2.61678374282e-12,1.846287229e-12,2.11889533697e-12,7.29510852768e-13,1.59933210338e-12,2.48362918773e-12,1.66983180755e-12,2.1495726206e-12]},"melbands_crest":{"dmean":2.85181808472,"dmean2":4.86207580566,"dvar":7.48816823959,"dvar2":22.0050830841,"max":32.1718711853,"mean":17.2617912292,"median":16.5183868408,"min":1.61628329754,"var":38.4474449158},"melbands_flatness_db":{"dmean":0.0293202083558,"dmean2":0.045654065907,"dvar":0.00104576046579,"dvar2":0.00224855728447,"max":0.75877147913,"mean":0.375332921743,"median":0.361935704947,"min":0.00347846350633,"var":0.0141562726349},"melbands_kurtosis":{"dmean":15.4033079147,"dmean2":25.131729126,"dvar":831.319641113,"dvar2":2083.77197266,"max":438.780029297,"mean":34.9199180603,"median":20.4205207825,"min":-1.77826857567,"var":2170.12304688},"melbands_skewness":{"dmean":0.84077835083,"dmean2":1.32183754444,"dvar":1.29274845123,"dvar2":2.99182343483,"max":17.8355388641,"mean":3.18353462219,"median":2.8200469017,"min":-1.55477905273,"var":6.56600427628},"melbands_spread":{"dmean":1.98851907253,"dmean2":2.97620034218,"dvar":33.0116691589,"dvar2":51.3972702026,"max":186.334762573,"mean":8.47114562988,"median":3.86965513229,"min":0.346460729837,"var":287.64730835},"mfcc":{"cov":[[13492.8847656,233.38848877,-643.769104004,-971.667114258,-683.905517578,-1014.90087891,-532.126953125,350.418273926,-27.1411437988,523.715820312,-41.5225906372,19.7665996552,202.493835449],[233.38848877,2753.54467773,236.716369629,-159.135681152,91.5852813721,170.861572266,215.736984253,174.201507568,12.4324703217,1.46710646152,-31.2055721283,-26.7484092712,-55.5219116211],[-643.769104004,236.716369629,732.912780762,177.627792358,206.752944946,53.6808280945,30.4423408508,-5.7912607193,2.72940635681,-36.4925460815,18.7392635345,13.5622959137,-30.3274097443],[-971.667114258,-159.135681152,177.627792358,1257.83642578,286.535827637,173.940887451,91.0572967529,-125.160255432,-35.3616714478,-276.70904541,27.6701831818,21.9890575409,-52.2011146545],[-683.905517578,91.5852813721,206.752944946,286.535827637,463.145874023,56.3006286621,-19.1936912537,-56.9830284119,24.3916015625,-25.4710388184,-5.3657450676,-20.6982479095,-48.6017684937],[-1014.90087891,170.861572266,53.6808280945,173.940887451,56.3006286621,392.522918701,135.99458313,-69.6089172363,33.199256897,-92.8081436157,33.7028160095,-32.464176178,-87.2026290894],[-532.126953125,215.736984253,30.4423408508,91.0572967529,-19.1936912537,135.99458313,242.647949219,11.36921978,-16.2358055115,-48.2914848328,21.835483551,-10.7838783264,-13.933391571],[350.418273926,174.201507568,-5.7912607193,-125.160255432,-56.9830284119,-69.6089172363,11.36921978,230.614578247,30.0843887329,10.6883974075,-9.12530040741,8.54338932037,25.1939868927],[-27.1411437988,12.4324703217,2.72940635681,-35.3616714478,24.3916015625,33.199256897,-16.2358055115,30.0843887329,181.096435547,41.7726974487,-27.337223053,-23.6660785675,-21.8363819122],[523.715820312,1.46710646152,-36.4925460815,-276.70904541,-25.4710388184,-92.8081436157,-48.2914848328,10.6883974075,41.7726974487,202.588058472,-9.80598258972,-26.9202423096,23.7762546539],[-41.5225906372,-31.2055721283,18.7392635345,27.6701831818,-5.3657450676,33.7028160095,21.835483551,-9.12530040741,-27.337223053,-9.80598258972,111.506034851,12.6444883347,-32.341468811],[19.7665996552,-26.7484092712,13.5622959137,21.9890575409,-20.6982479095,-32.464176178,-10.7838783264,8.54338932037,-23.6660785675,-26.9202423096,12.6444883347,111.322364807,16.8671741486],[202.493835449,-55.5219116211,-30.3274097443,-52.2011146545,-48.6017684937,-87.2026290894,-13.933391571,25.1939868927,-21.8363819122,23.7762546539,-32.341468811,16.8671741486,151.65435791]],"icov":[[0.000111662549898,-0.0000416433067585,0.0000524840324942,-0.0000474881126138,0.000145030353451,0.000192792300368,0.000171820312971,-0.0000792577629909,0.0000288716400973,-0.000199879956199,-0.000063690902607,0.0000390032473661,0.0000336711855198],[-0.0000416433067585,0.000466218014481,-0.000132523127832,0.000119472832012,-0.00018841009296,-0.000251035700785,-0.00040508370148,-0.000350499612978,0.000141933531268,-0.0000101537580122,0.00030645049992,-0.0000382579637517,0.000148829960381],[0.0000524840324942,-0.000132523127832,0.00165615428705,-0.0000880047591636,-0.000622872728854,0.0000771730847191,-0.00002538150693,-0.000114764639875,-0.00000750419894757,-0.0000542500456504,-0.000298820406897,-0.000296375743346,0.0000204592179216],[-0.0000474881126138,0.000119472832012,-0.0000880047591636,0.00148144434206,-0.000824106740765,0.0000289230047201,-0.00048527267063,0.000567409908399,-0.000257586711086,0.00195537600666,-0.000181988623808,-0.0000159615537996,-0.000167532474734],[0.000145030353451,-0.00018841009296,-0.000622872728854,-0.000824106740765,0.00330170313828,0.000125262216898,0.000895671488252,0.000254860759014,-0.000155281217303,-0.000898455269635,0.000282395485556,0.000508762896061,0.000621382438112],[0.000192792300368,-0.000251035700785,0.0000771730847191,0.0000289230047201,0.000125262216898,0.00496065756306,-0.00178114545997,0.00142171373591,-0.00148209941108,0.00158070307225,-0.000989935710095,0.00104916945565,0.00137976894621],[0.000171820312971,-0.00040508370148,-0.00002538150693,-0.00048527267063,0.000895671488252,-0.00178114545997,0.00619479035959,-0.00091807654826,0.000850500015076,-0.00035216571996,-0.000689555483405,0.000553067424335,-0.000596190569922],[-0.0000792577629909,-0.000350499612978,-0.000114764639875,0.000567409908399,0.000254860759014,0.00142171373591,-0.00091807654826,0.00576362619177,-0.00170583266299,0.00150438747369,-0.000451935309684,-0.000100253135315,-0.000559510721359],[0.0000288716400973,0.000141933531268,-0.00000750419894757,-0.000257586711086,-0.000155281217303,-0.00148209941108,0.000850500015076,-0.00170583266299,0.00715757859871,-0.00229636905715,0.00210150727071,0.000381955876946,0.00117909803521],[-0.000199879956199,-0.0000101537580122,-0.0000542500456504,0.00195537600666,-0.000898455269635,0.00158070307225,-0.00035216571996,0.00150438747369,-0.00229636905715,0.00934042595327,-0.00111523759551,0.00184251775499,-0.000973703688942],[-0.000063690902607,0.00030645049992,-0.000298820406897,-0.000181988623808,0.000282395485556,-0.000989935710095,-0.000689555483405,-0.000451935309684,0.00210150727071,-0.00111523759551,0.0108783962205,-0.00156026461627,0.00257871556096],[0.0000390032473661,-0.0000382579637517,-0.000296375743346,-0.0000159615537996,0.000508762896061,0.00104916945565,0.000553067424335,-0.000100253135315,0.000381955876946,0.00184251775499,-0.00156026461627,0.0103252148256,-0.00101204263046],[0.0000336711855198,0.000148829960381,0.0000204592179216,-0.000167532474734,0.000621382438112,0.00137976894621,-0.000596190569922,-0.000559510721359,0.00117909803521,-0.000973703688942,0.00257871556096,-0.00101204263046,0.0085655124858]],"mean":[-768.779785156,169.801330566,41.8279647827,32.569694519,12.6665210724,-2.91194987297,2.29021716118,10.2015266418,-1.5310741663,-0.845954358578,-2.79862260818,-3.96284604073,-5.30547380447]},"pitch_salience":{"dmean":0.0674204528332,"dmean2":0.113442949951,"dvar":0.00420370558277,"dvar2":0.0118087371811,"max":0.967295408249,"mean":0.484740167856,"median":0.490876555443,"min":0.0906191244721,"var":0.0174926910549},"silence_rate_20dB":{"dmean":0,"dmean2":0,"dvar":0,"dvar2":0,"max":1,"mean":1,"median":1,"min":1,"var":0},"silence_rate_30dB":{"dmean":0.000572246091906,"dmean2":0.00114465586375,"dvar":0.000571859185584,"dvar2":0.00142927176785,"max":1,"mean":0.999570906162,"median":1,"min":0,"var":0.000428977014963},"silence_rate_60dB":{"dmean":0.00143061520066,"dmean2":0.00286163971759,"dvar":0.00142855697777,"dvar2":0.00399816781282,"max":1,"mean":0.0510656572878,"median":0,"min":0,"var":0.0484585687518},"spectral_centroid":{"dmean":91.8540267944,"dmean2":139.119506836,"dvar":58573.453125,"dvar2":99118.921875,"max":11765.9599609,"mean":607.475891113,"median":389.867553711,"min":107.619110107,"var":1156472.25},"spectral_complexity":{"dmean":1.16337621212,"dmean2":1.86206901073,"dvar":2.52666664124,"dvar2":4.92809200287,"max":32,"mean":7.72164201736,"median":7,"min":0,"var":23.1969947815},"spectral_contrast_coeffs":{"dmean":[0.0422741807997,0.0376424454153,0.0309167783707,0.0269375890493,0.0234973635525,0.0201174486428],"dmean2":[0.072902828455,0.0604266040027,0.0477244891226,0.0418205149472,0.0346097312868,0.0288554951549],"dvar":[0.00122413295321,0.0013300726423,0.000816874497104,0.000630531925708,0.000551900593564,0.000472840532893],"dvar2":[0.00352595094591,0.00303657306358,0.00164215615951,0.00136621587444,0.00100332382135,0.000928355322685],"max":[-0.344438493252,-0.342763513327,-0.417002230883,-0.521214425564,-0.537703573704,-0.552583515644],"mean":[-0.588287472725,-0.648635745049,-0.718271911144,-0.764997363091,-0.768070220947,-0.798698186874],"median":[-0.585016608238,-0.660519421101,-0.737637579441,-0.773155808449,-0.773314833641,-0.807346761227],"min":[-0.98342859745,-0.989140331745,-0.974354088306,-0.969700276852,-0.966950297356,-0.963913500309],"var":[0.00755171943456,0.0142433224246,0.011217768304,0.00552786560729,0.00531956227496,0.00342715554871]},"spectral_contrast_valleys":{"dmean":[0.382756054401,0.333021193743,0.302721351385,0.312426477671,0.31306797266,0.269134998322],"dmean2":[0.647964119911,0.552508056164,0.489065349102,0.485322803259,0.46879863739,0.390263736248],"dvar":[0.126777753234,0.123824842274,0.104748398066,0.126278594136,0.136708423495,0.129100471735],"dvar2":[0.309394180775,0.268853783607,0.216429769993,0.262856841087,0.278802961111,0.239132866263],"max":[-5.45792484283,-4.82356023788,-5.37573575974,-6.39716434479,-5.68124818802,-7.7750787735],"mean":[-7.56285905838,-8.09292793274,-9.05272960663,-9.99566650391,-9.87165641785,-12.0022516251],"median":[-7.15002250671,-7.74444723129,-8.81508255005,-9.70862770081,-9.56282997131,-11.7303667068],"min":[-28.0989513397,-28.0235881805,-27.8292980194,-27.8431358337,-27.5225772858,-27.3861522675],"var":[5.12183952332,4.93475484848,4.81970214844,4.5018362999,4.84036302567,4.55756235123]},"spectral_decrease":{"dmean":2.09256900696e-9,"dmean2":3.44256201323e-9,"dvar":6.17277659135e-18,"dvar2":1.65890128862e-17,"max":1.325004303e-24,"mean":-7.45950057279e-9,"median":-6.55047927012e-9,"min":-3.54500784283e-8,"var":2.40458326957e-17},"spectral_energy":{"dmean":0.00807166285813,"dmean2":0.0132370768115,"dvar":0.0000914422853384,"dvar2":0.000243991511525,"max":0.135901972651,"mean":0.0291730985045,"median":0.0252916347235,"min":9.97737500043e-21,"var":0.000374469032977},"spectral_energyband_high":{"dmean":0.0000739158131182,"dmean2":0.0000948052547756,"dvar":1.31531152192e-7,"dvar2":2.11758901969e-7,"max":0.0203824918717,"mean":0.000163024131325,"median":0.0000279391588265,"min":6.86746024057e-21,"var":4.52393692285e-7},"spectral_energyband_low":{"dmean":0.00631455611438,"dmean2":0.0110256755725,"dvar":0.0000727596780052,"dvar2":0.000219614346861,"max":0.123389072716,"mean":0.0128204040229,"median":0.00983972847462,"min":1.25088143351e-23,"var":0.00013353486429},"spectral_energyband_middle_high":{"dmean":0.000564240675885,"dmean2":0.000748313206714,"dvar":0.0000020742857032,"dvar2":0.00000348995467903,"max":0.0411946922541,"mean":0.0021437597461,"median":0.000216797721805,"min":1.08050376638e-21,"var":0.0000188202611753},"spectral_energyband_middle_low":{"dmean":0.00355173903517,"dmean2":0.00518411723897,"dvar":0.0000289936397166,"dvar2":0.0000589013543504,"max":0.0861419737339,"mean":0.015472038649,"median":0.00931425951421,"min":1.56953621104e-22,"var":0.000236230538576},"spectral_entropy":{"dmean":0.216492831707,"dmean2":0.327678143978,"dvar":0.071019731462,"dvar2":0.1504791677,"max":9.8237991333,"mean":6.21704149246,"median":6.20316696167,"min":3.75739741325,"var":0.711327016354},"spectral_flux":{"dmean":0.0207271948457,"dmean2":0.0328394211829,"dvar":0.000530760909896,"dvar2":0.00126562837977,"max":0.26672232151,"mean":0.0568844787776,"median":0.0505261532962,"min":6.46180817188e-11,"var":0.00137388752773},"spectral_kurtosis":{"dmean":6.48903894424,"dmean2":10.1545763016,"dvar":98.7907867432,"dvar2":227.735305786,"max":174.688018799,"mean":17.4573383331,"median":9.91337013245,"min":-1.29182946682,"var":384.115661621},"spectral_rms":{"dmean":0.000742429576349,"dmean2":0.00121857295744,"dvar":6.17554690052e-7,"dvar2":0.00000164208131537,"max":0.0115146553144,"mean":0.00495948316529,"median":0.00496737007052,"min":3.11993985334e-12,"var":0.00000386502597394},"spectral_rolloff":{"dmean":114.533447266,"dmean2":197.658538818,"dvar":327099.625,"dvar2":633340,"max":19401.4160156,"mean":651.343933105,"median":322.998046875,"min":21.533203125,"var":3457222},"spectral_skewness":{"dmean":0.520754754543,"dmean2":0.787264943123,"dvar":0.402204364538,"dvar2":0.850920855999,"max":11.3121356964,"mean":3.04512548447,"median":2.66302371025,"min":-0.11192329973,"var":2.4515683651},"spectral_spread":{"dmean":554698.625,"dmean2":829078.5625,"dvar":726465052672,"dvar2":1372451897340,"max":42890816,"mean":3880665.5,"median":3351747,"min":618079.8125,"var":14763135336400},"spectral_strongpeak":{"dmean":0.331152319908,"dmean2":0.549755275249,"dvar":0.309584140778,"dvar2":0.688687682152,"max":9.30309391022,"mean":1.1009581089,"median":0.534182608128,"min":0,"var":1.68392574787},"zerocrossingrate":{"dmean":0.00443497672677,"dmean2":0.00546268559992,"dvar":0.0000803063085186,"dvar2":0.0000838438500068,"max":0.52294921875,"mean":0.0276105552912,"median":0.0185546875,"min":0.00341796875,"var":0.00262049329467}},"metadata":{"audio_properties":{"analysis_sample_rate":44100,"bit_rate":320051,"codec":"mp3","downmix":"mix","equal_loudness":0,"length":162.298782349,"lossless":false,"md5_encoded":"f81da239357c0391426ce5586c219ccc","replay_gain":-11.5742359161,"sample_rate":44100},"tags":{"acoustid_id":["c3200f78-7e8b-405a-8105-0523155a0408"],"album":["On My One"],"albumartist":["Jake Bugg"],"albumartistsort":["Bugg, Jake"],"artist":["Jake Bugg"],"artistsort":["Bugg, Jake"],"date":["2016-06-17"],"file_name":"10 - All That.mp3","media":["Digital Media"],"musicbrainz album release country":["GB"],"musicbrainz album status":["official"],"musicbrainz album type":["album"],"musicbrainz_albumartistid":["0d9905e6-add6-4713-94ca-9f686f9b5e9b"],"musicbrainz_albumid":["3c001e27-64a1-43bc-a1df-0e1c8a003819"],"musicbrainz_artistid":["0d9905e6-add6-4713-94ca-9f686f9b5e9b"],"musicbrainz_recordingid":["adfa059c-791c-42cd-bade-bd60347b33b6"],"musicbrainz_releasegroupid":["8dbb1432-e000-44f9-a9a9-35a90683ec31"],"originaldate":["2016"],"script":["Latn"],"title":["All That"],"tracknumber":["10/11"]},"version":{"essentia":"2.1-beta2","essentia_build_sha":"70f2e5ece6736b2c40cc944ad0e695b16b925413","essentia_git_sha":"v2.1_beta2","extractor":"music 1.0"}},"rhythm":{"beats_count":433,"beats_loudness":{"dmean":0.0147843528539,"dmean2":0.0244745723903,"dvar":0.000187138808542,"dvar2":0.000507239194121,"max":0.104925632477,"mean":0.032253716141,"median":0.0290722772479,"min":0,"var":0.000398145522922},"beats_loudness_band_ratio":{"dmean":[0.210900038481,0.139135912061,0.116422131658,0.0536691956222,0.015206082724,0.0228493362665],"dmean2":[0.355154335499,0.238861471415,0.184168741107,0.0943861454725,0.0269847009331,0.0436097420752],"dvar":[0.0369713678956,0.01943