{"lowlevel":{"average_loudness":0.846195876598,"barkbands":{"dmean":[0.00176896166522,0.00643548369408,0.00310703460127,0.00152150145732,0.00173916679341,0.00173658528365,0.00078005308751,0.000393960130168,0.000373403774574,0.000346238521161,0.000225061230594,0.000289122632239,0.00022863621416,0.000136046815896,0.000128514395328,0.000151739412104,0.000211097401916,0.000212109269341,0.000168065642356,0.000185752243851,0.000164204917382,0.000119991411339,0.0000436252485088,0.00000608260415902,0.00000204101615964,0.0000491443461215,0.000844203110319],"dmean2":[0.00299495202489,0.0109265157953,0.00538703519851,0.00253382581286,0.00275924406014,0.00268625188619,0.0012595334556,0.000644540530629,0.00060670269886,0.000571286829654,0.00036599158193,0.000474249449326,0.000371161091607,0.000222364004003,0.000211715727346,0.000243208414759,0.000337141216733,0.000330574112013,0.000255165447015,0.00027630731347,0.000234121063841,0.000169400605955,0.0000599060185777,0.00000942058068176,0.00000337973960995,0.0000664245017106,0.00108582468238],"dvar":[0.0000183338852366,0.000184173884918,0.0000349453184754,0.00000708971401764,0.00000987797648122,0.0000171891806531,0.00000215898194256,6.55978226405e-7,6.80130767705e-7,6.36470133486e-7,2.77393922943e-7,2.96598045679e-7,1.86709002037e-7,4.19875796354e-8,3.69548693868e-8,6.61011512193e-8,1.75657902446e-7,1.56296408704e-7,1.04133640377e-7,1.60445992492e-7,1.56251601879e-7,6.18318125589e-8,7.90726595312e-9,1.49685652762e-10,1.08547537278e-11,1.09429771911e-8,0.00000219890648623],"dvar2":[0.0000466823294119,0.000492832099553,0.0000962433259701,0.0000177501424332,0.0000228155622608,0.000037169920688,0.00000503501996718,0.00000153960536409,0.00000151153460592,0.00000157782210408,6.33903368907e-7,7.53576330226e-7,4.69874748887e-7,1.03660497075e-7,9.69687192764e-8,1.63947831311e-7,4.35005119925e-7,3.7475703607e-7,2.33738305155e-7,3.24738664403e-7,2.99767918932e-7,1.22264665947e-7,1.54660106944e-8,3.38971378744e-10,2.65971550339e-11,2.06946442205e-8,0.0000039291394387],"max":[0.0616100281477,0.142563223839,0.104418903589,0.0599520131946,0.0863645300269,0.1563064605,0.0454597733915,0.0222516730428,0.0383369363844,0.0240292847157,0.01716561988,0.0156563315541,0.0120672350749,0.00442796386778,0.00469300569966,0.00465901009738,0.00608745589852,0.00839485693723,0.00894971750677,0.0106131983921,0.0147593766451,0.0101524731144,0.00257424567826,0.000257244566455,0.0000464917975478,0.00252493028529,0.0391135364771],"mean":[0.00165935710538,0.0076530049555,0.00370222236961,0.00205099629238,0.00311563513242,0.00305217411369,0.00127735675778,0.000589221832342,0.00058301811805,0.000517578271683,0.000339553196682,0.000483635667479,0.000338754383847,0.000224096816964,0.000233555678278,0.000268136238446,0.000358960824087,0.000399409531383,0.000359339959687,0.000396830262616,0.00032866926631,0.000239398141275,0.0000803956281743,0.0000086383533926,0.00000216250600715,0.000091798043286,0.00232706265524],"median":[0.000527756870724,0.00408139731735,0.00155499891844,0.000876669539139,0.00140167563222,0.000879709841684,0.00062899972545,0.000261651002802,0.00032898192876,0.000243068236159,0.000164844241226,0.00025985747925,0.000169231178006,0.000145764759509,0.000148506311234,0.000142426899401,0.000140724878293,0.000146595237311,0.000160715688253,0.000158911716426,0.000135812006192,0.0000928510344238,0.0000269176453003,0.00000313456348522,9.30297915147e-7,0.0000289415929728,0.00117184221745],"min":[9.90965491417e-25,3.34036523884e-24,1.49207015297e-24,1.24736855701e-24,4.74562785591e-24,7.13176564455e-24,8.1482981179e-24,1.24463633727e-23,1.14775412068e-23,1.99567546416e-23,6.74076200371e-24,1.82814444263e-23,2.34425053675e-23,4.26178317513e-23,4.31755784994e-23,5.68904459849e-23,7.14977391907e-23,8.38651849184e-23,9.29481672464e-23,1.55988661201e-22,2.22692025665e-22,2.49946551473e-22,3.52213949112e-22,5.97125094142e-22,9.76176015518e-22,1.3342108241e-21,1.97656443152e-21],"var":[0.000015496789274,0.000158886658028,0.0000367412467313,0.0000134589354275,0.0000306807778543,0.0000597308680881,0.00000448499031336,0.00000127762336888,0.0000011163185718,0.0000010578646652,5.07331662902e-7,6.49876881198e-7,3.15722701316e-7,7.09042851099e-8,8.27428152661e-8,1.35940425139e-7,3.29046201841e-7,4.01004342621e-7,3.23930777313e-7,5.18063018262e-7,3.93670489984e-7,1.54056138513e-7,1.78912493709e-8,2.22448670595e-10,1.21548830029e-11,2.5233250156e-8,0.00000969193115452]},"barkbands_crest":{"dmean":2.88870549202,"dmean2":4.74736452103,"dvar":7.18821239471,"dvar2":18.3993053436,"max":25.2917041779,"mean":9.93995952606,"median":8.87318897247,"min":2.55884194374,"var":18.2783432007},"barkbands_flatness_db":{"dmean":0.0236511044204,"dmean2":0.0369653366506,"dvar":0.00053346180357,"dvar2":0.00126034137793,"max":0.388469487429,"mean":0.11663505435,"median":0.106955051422,"min":0.037291135639,"var":0.00224513490684},"barkbands_kurtosis":{"dmean":5.32407236099,"dmean2":8.0255355835,"dvar":201.033721924,"dvar2":389.997924805,"max":424.556213379,"mean":8.26668262482,"median":2.8600564003,"min":-1.8732945919,"var":483.572113037},"barkbands_skewness":{"dmean":0.701320290565,"dmean2":1.05145406723,"dvar":0.679948568344,"dvar2":1.48262298107,"max":17.4643325806,"mean":2.06401467323,"median":1.84716868401,"min":-2.19601225853,"var":2.9896197319},"barkbands_spread":{"dmean":11.8523015976,"dmean2":17.6361198425,"dvar":156.127578735,"dvar2":341.56652832,"max":132.076507568,"mean":47.0302238464,"median":42.7878341675,"min":0.480463534594,"var":798.532714844},"dissonance":{"dmean":0.0136403050274,"dmean2":0.0230654869229,"dvar":0.000219628986088,"dvar2":0.000605156004895,"max":0.500000059605,"mean":0.476840615273,"median":0.483344435692,"min":0.286371618509,"var":0.000467937119538},"dynamic_complexity":2.91600608826,"erbbands":{"dmean":[0.250206828117,1.29569113255,3.36880540848,4.22894001007,5.04184913635,5.98299884796,11.5457086563,14.9547128677,11.2406206131,11.4312429428,7.92607736588,8.12641429901,11.3908338547,8.66859340668,9.23770999908,11.08207798,10.1562643051,7.04823064804,6.55057477951,6.7410197258,9.00628471375,11.7070627213,10.6330471039,9.36901664734,8.34807014465,8.97990989685,7.24046993256,6.48339176178,4.43121385574,2.68821239471,1.00376868248,0.289285570383,0.0383722819388,0.022818505764,0.0147259971127,0.011620786041,0.0961313024163,0.232544109225,0.12135796994,0.0150916967541],"dmean2":[0.428928226233,2.20676088333,5.84307193756,7.08273506165,8.24672317505,9.53713417053,18.2939281464,23.0131511688,18.2249755859,18.3962135315,12.9047403336,13.2741880417,18.8044643402,14.0349836349,15.0867528915,18.0819835663,16.3169002533,11.3784532547,10.7505617142,10.8800697327,14.2703151703,18.5305690765,16.4656276703,14.2268877029,12.5880498886,13.4178876877,10.5591278076,9.28707695007,6.32902669907,3.77476453781,1.36383509636,0.410152614117,0.0615483224392,0.0377873890102,0.0242530312389,0.0178028736264,0.126802191138,0.302033573389,0.159522786736,0.0204196255654],"dvar":[0.347036153078,6.35030698776,37.1657981873,54.3266639709,69.8346405029,150.734970093,686.166809082,1668.45361328,519.028137207,483.968017578,307.411315918,265.765655518,812.309875488,422.649383545,334.499816895,432.254943848,377.233001709,116.751403809,108.731178284,96.9410552979,288.497558594,543.550048828,423.272338867,273.884246826,301.588897705,395.408874512,302.081420898,212.747528076,82.3366622925,30.2412376404,4.27597332001,0.392685264349,0.0034427200444,0.00137306156103,0.000551681441721,0.000281258748146,0.0434001386166,0.272898852825,0.0739863142371,0.000613302632701],"dvar2":[0.946980237961,16.9207496643,101.380622864,138.40625,166.112945557,353.425048828,1549.02893066,3550.08007812,1245.53015137,1152.84130859,695.65020752,593.308654785,2035.1262207,1006.27185059,832.796630859,1106.07568359,932.585388184,282.91027832,280.109588623,244.274154663,709.761657715,1337.98046875,994.790405273,623.024780273,678.917480469,817.240661621,562.704101562,419.683166504,161.697021484,59.7971305847,8.17756557465,0.795144498348,0.00816190242767,0.00336855836213,0.00134684692603,0.000614870281424,0.0807911232114,0.498309880495,0.129204779863,0.00122055097017],"max":[6.7101688385,29.7723674774,102.444747925,141.503646851,189.843963623,355.238555908,540.057067871,1780.41296387,830.128601074,547.832397461,533.343811035,585.109680176,649.148864746,416.413116455,549.301513672,467.489715576,516.219482422,240.789047241,217.212905884,270.551391602,292.14251709,330.557159424,450.882385254,502.046081543,489.958831787,502.97277832,640.542541504,483.321838379,377.693969727,178.939651489,57.2136154175,11.5202627182,0.831350445747,0.505001366138,0.344801545143,0.265671730042,4.98030805588,19.9137630463,9.99790668488,0.501173138618],"mean":[0.282084912062,1.50349724293,4.10576248169,5.97449588776,7.98302268982,10.0084209442,18.0435085297,27.2311286926,18.5895786285,18.6622161865,12.3793201447,12.9300298691,17.2419986725,14.4639472961,15.8417234421,19.0898666382,16.1752223969,12.1815471649,11.941321373,13.0300254822,16.1275749207,20.9018630981,20.5020809174,19.5177536011,18.2587070465,19.1005001068,14.8954553604,12.6162052155,8.80527305603,5.12989377975,1.8692265749,0.478152692318,0.048562027514,0.0245591793209,0.0161574967206,0.0173651985824,0.181365862489,0.48940089345,0.293094217777,0.0451084189117],"median":[0.123407587409,0.770431637764,1.83881855011,3.03859782219,4.12128925323,3.6949698925,5.6364068985,7.29675483704,8.59399700165,8.25911712646,6.08156681061,7.54685306549,8.59744644165,6.95697259903,8.89659404755,10.7093200684,8.58404254913,7.93458747864,7.72262525558,8.29322147369,8.03164291382,8.14069747925,7.46650695801,8.54609870911,8.0121088028,7.40964698792,6.14369821548,5.07912969589,3.49529957771,1.85506486893,0.629797458649,0.150892645121,0.0243004467338,0.010821538046,0.00735067157075,0.00942454766482,0.0561719946563,0.177495136857,0.12952503562,0.0251740198582],"min":[8.10680671642e-23,9.83957188026e-22,3.17260337768e-21,5.13754810263e-21,9.94796242887e-21,1.4250518959e-20,3.33276400235e-20,9.69863969093e-20,1.5997362854e-19,2.61203371519e-19,3.49540858417e-19,3.6189671372e-19,5.84467933049e-19,5.99221112864e-19,9.64274632145e-19,1.06676768671e-18,1.28167903263e-18,1.62238004448e-18,2.30868445749e-18,3.67237875804e-18,3.76936527127e-18,4.5832609496e-18,4.32316765446e-18,4.56355006278e-18,8.85867009062e-18,8.00629603815e-18,7.86819079026e-18,9.40427511394e-18,9.25564151121e-18,1.07626132132e-17,1.09465459214e-17,1.15722137562e-17,1.05093197563e-17,8.56238061265e-18,6.03292930109e-18,4.30039164988e-18,2.7134115235e-18,9.72354532369e-19,2.61610861368e-19,2.84257257083e-20],"var":[0.274791121483,5.75148057938,41.1935920715,95.0898132324,157.468338013,416.13092041,1527.38269043,6641.13867188,1073.95336914,1109.18359375,589.877319336,460.664825439,1276.87329102,844.554992676,653.075500488,919.284118652,689.982421875,203.41885376,214.565078735,241.672622681,554.831542969,1118.29589844,1058.98571777,841.272888184,911.440551758,1262.94616699,833.015686035,517.136657715,210.423782349,69.7395553589,9.68927097321,0.728459775448,0.00457023316994,0.00153281993698,0.000631122675259,0.000491712475196,0.0985917001963,0.729738295078,0.243845537305,0.00302108656615]},"erbbands_crest":{"dmean":2.19218850136,"dmean2":3.50800180435,"dvar":5.36351585388,"dvar2":12.521115303,"max":31.8558349609,"mean":7.11000156403,"median":5.84445238113,"min":2.19369196892,"var":16.0166378021},"erbbands_flatness_db":{"dmean":0.0159038361162,"dmean2":0.0241170246154,"dvar":0.000222360016778,"dvar2":0.000474885542644,"max":0.37858107686,"mean":0.113769493997,"median":0.108298458159,"min":0.0398828499019,"var":0.00109777785838},"erbbands_kurtosis":{"dmean":1.01062321663,"dmean2":1.56328117847,"dvar":11.1876487732,"dvar2":26.7294807434,"max":218.984039307,"mean":0.586186885834,"median":-0.298097372055,"min":-1.72447192669,"var":28.5179519653},"erbbands_skewness":{"dmean":0.352802455425,"dmean2":0.517973899841,"dvar":0.123074039817,"dvar2":0.250954031944,"max":12.1444892883,"mean":0.0883207172155,"median":0.0443646609783,"min":-3.36883330345,"var":0.916180312634},"erbbands_spread":{"dmean":8.64205741882,"dmean2":13.2349004745,"dvar":71.4327392578,"dvar2":161.277694702,"max":146.674484253,"mean":44.2813606262,"median":43.1533088684,"min":0.964456021786,"var":300.472869873},"gfcc":{"cov":[[14735.2919922,477.601867676,-1164.25427246,-107.49836731,-207.331985474,-592.760314941,317.62600708,-406.867462158,49.5371780396,-115.364135742,-41.2957954407,101.748168945,-83.1919937134],[477.601867676,976.45513916,108.361190796,-317.229034424,-37.9818725586,55.4283752441,-149.75994873,36.7285232544,-69.759223938,15.599855423,68.1643753052,-72.4495391846,126.412696838],[-1164.25427246,108.361190796,355.880279541,50.9570083618,-60.9604492188,142.667373657,-116.623558044,75.9772109985,-46.0337371826,36.4925231934,-6.55075836182,-24.3800754547,23.2116031647],[-107.49836731,-317.229034424,50.9570083618,310.073883057,128.821853638,-34.0148048401,88.1775741577,-16.8134098053,44.7632293701,-17.0158615112,-39.9715690613,18.6916046143,-65.977684021],[-207.331985474,-37.9818725586,-60.9604492188,128.821853638,234.486801147,13.295258522,79.9172134399,15.4081058502,31.7699794769,-17.7487487793,3.81816458702,-25.1359634399,-0.123024649918],[-592.760314941,55.4283752441,142.667373657,-34.0148048401,13.295258522,241.677337646,-37.4726104736,83.9815292358,-25.4790611267,28.0050106049,3.03051757812,-19.4225883484,23.6781692505],[317.62600708,-149.75994873,-116.623558044,88.1775741577,79.9172134399,-37.4726104736,213.743392944,-30.3734264374,71.5008010864,-10.6177721024,-16.910243988,35.520866394,-57.9190559387],[-406.867462158,36.7285232544,75.9772109985,-16.8134098053,15.4081058502,83.9815292358,-30.3734264374,147.447402954,11.3873262405,40.40026474,26.1724948883,-39.2041549683,46.9957962036],[49.5371780396,-69.759223938,-46.0337371826,44.7632293701,31.7699794769,-25.4790611267,71.5008010864,11.3873262405,111.591941833,33.9695930481,-0.178472071886,23.2139663696,-33.8891487122],[-115.364135742,15.599855423,36.4925231934,-17.0158615112,-17.7487487793,28.0050106049,-10.6177721024,40.40026474,33.9695930481,77.9489593506,41.4981536865,2.12114310265,15.3353157043],[-41.2957954407,68.1643753052,-6.55075836182,-39.9715690613,3.81816458702,3.03051757812,-16.910243988,26.1724948883,-0.178472071886,41.4981536865,69.557762146,15.353758812,33.3361282349],[101.748168945,-72.4495391846,-24.3800754547,18.6916046143,-25.1359634399,-19.4225883484,35.520866394,-39.2041549683,23.2139663696,2.12114310265,15.353758812,80.3509216309,-6.26413488388],[-83.1919937134,126.412696838,23.2116031647,-65.977684021,-0.123024649918,23.6781692505,-57.9190559387,46.9957962036,-33.8891487122,15.3353157043,33.3361282349,-6.26413488388,102.429679871]],"icov":[[0.000193185944227,-0.000639078731183,0.00156072492246,-0.00145765696652,0.00119070685469,-0.000425533333328,0.0000114839940579,-0.0000695345806889,0.000442389020463,-0.000570022093598,0.000423826189945,0.0000197784684133,-0.000113799360406],[-0.000639078731183,0.00488307699561,-0.00809349864721,0.00877900235355,-0.00567519664764,0.00227417051792,-0.000494045030791,0.00221700966358,-0.0035016532056,0.00439559435472,-0.00421763351187,0.00239799753763,-0.00118299608584],[0.00156072492246,-0.00809349864721,0.0227349735796,-0.0201668664813,0.0147221088409,-0.00800178013742,0.00321002467535,-0.00351643469185,0.00707899779081,-0.00940417964011,0.00708097219467,-0.00131541118026,-0.000224880772294],[-0.00145765696652,0.00877900235355,-0.0201668664813,0.0268252044916,-0.0200093090534,0.00958775077015,-0.0013537282357,-0.000239448927459,-0.00234562205151,0.002566563664,0.00182381132618,-0.00541851436719,0.00484918570146],[0.00119070685469,-0.00567519664764,0.0147221088409,-0.0200093090534,0.0227006170899,-0.00926027540118,-0.00218193372712,0.00308370217681,-0.00397905847058,0.005909438245,-0.009088373743,0.0119943013415,-0.00724418694153],[-0.000425533333328,0.00227417051792,-0.00800178013742,0.00958775077015,-0.00926027540118,0.0108572440222,-0.000446239922894,-0.00513672828674,0.00445189094171,-0.00464561581612,0.00644763140008,-0.00672788685188,0.00407885666937],[0.0000114839940579,-0.000494045030791,0.00321002467535,-0.0013537282357,-0.00218193372712,-0.000446239922894,0.00953106954694,-0.00181882141624,-0.00109149492346,-0.00178474269342,0.00352037907578,-0.00507684191689,0.0037939241156],[-0.0000695345806889,0.00221700966358,-0.00351643469185,-0.000239448927459,0.00308370217681,-0.00513672828674,-0.00181882141624,0.0185913592577,-0.0111234569922,0.00692653469741,-0.0127527825534,0.0153505215421,-0.0101452087983],[0.000442389020463,-0.0035016532056,0.00707899779081,-0.00234562205151,-0.00397905847058,0.00445189094171,-0.00109149492346,-0.0111234569922,0.028424391523,-0.0240157004446,0.0200290717185,-0.0167258456349,0.0104766543955],[-0.000570022093598,0.00439559435472,-0.00940417964011,0.002566563664,0.005909438245,-0.00464561581612,-0.00178474269342,0.00692653469741,-0.0240157004446,0.045081295073,-0.034484859556,0.0178750623018,-0.00758827105165],[0.000423826189945,-0.00421763351187,0.00708097219467,0.00182381132618,-0.009088373743,0.00644763140008,0.00352037907578,-0.0127527825534,0.0200290717185,-0.034484859556,0.0500669367611,-0.0257018879056,0.00538316601887],[0.0000197784684133,0.00239799753763,-0.00131541118026,-0.00541851436719,0.0119943013415,-0.00672788685188,-0.00507684191689,0.0153505215421,-0.0167258456349,0.0178750623018,-0.0257018879056,0.0356284715235,-0.0121458722278],[-0.000113799360406,-0.00118299608584,-0.000224880772294,0.00484918570146,-0.00724418694153,0.00407885666937,0.0037939241156,-0.0101452087983,0.0104766543955,-0.00758827105165,0.00538316601887,-0.0121458722278,0.0222607757896]],"mean":[3.69426894188,70.6813812256,-81.2218933105,12.3176860809,-10.6579494476,-31.9458274841,13.4473142624,-28.1411266327,3.4685997963,-7.86757135391,-8.87482261658,5.93185853958,-15.9835910797]},"hfc":{"dmean":49.6131019592,"dmean2":73.1644287109,"dvar":4630.64208984,"dvar2":10329.4814453,"max":924.198486328,"mean":166.045074463,"median":145.572753906,"min":1.0481551634e-16,"var":14757.84375},"melbands":{"dmean":[0.00199996237643,0.00168251094874,0.000737969414331,0.000357928132871,0.000376810523449,0.000328016612912,0.000166307348991,0.000115171715152,0.0000641829683445,0.0000528614255018,0.0000579206134717,0.0000365643936675,0.0000308645430778,0.0000334950564138,0.0000272762717941,0.0000212665054278,0.0000129063155327,0.0000114079930427,0.00000986480517895,0.0000094001634352,0.0000119908654597,0.0000130811813506,0.000011316695236,0.0000103205193227,0.00000790920603322,0.00000712302698958,0.00000597954340265,0.00000655428630125,0.00000517306489201,0.00000404547017752,0.00000402692057833,0.00000280072049463,0.00000213470661947,0.0000013113760815,6.37652419755e-7,3.80488671681e-7,9.32523036568e-8,2.38848496537e-8,2.08050199291e-8,1.85490023341e-8],"dmean2":[0.00338695547543,0.00290120858699,0.00122786511201,0.000569508702029,0.00059751723893,0.000505360250827,0.000268955132924,0.00018590631953,0.000105144536064,0.0000860269356053,0.0000958052914939,0.0000596112986386,0.0000504920171807,0.0000547737763554,0.0000444505858468,0.0000343961874023,0.0000210753805732,0.0000188896883628,0.0000162917258422,0.0000153188084369,0.0000192927727767,0.0000210836697079,0.0000177361198439,0.0000162604228535,0.0000123142326629,0.000011116881069,0.00000918350542634,0.0000100142606243,0.00000780439950177,0.00000602038198849,0.00000593662616666,0.00000417357341576,0.00000310414020532,0.00000188896478903,9.08060883376e-7,5.33810407433e-7,1.43138436215e-7,3.98479436114e-8,3.46597630596e-8,3.07927585652e-8],"dvar":[0.0000203805047931,0.00000796639142209,0.00000151057452058,3.81284820605e-7,6.6553468514e-7,7.1017711889e-7,1.06746632866e-7,4.68284184763e-8,1.93807654369e-8,1.27926078619e-8,2.08639239219e-8,7.637018129e-9,4.55622961582e-9,4.41651515359e-9,2.47328801883e-9,1.6801554592e-9,3.77606446111e-10,3.46709772003e-10,2.06401146174e-10,1.99867455919e-10,5.71208691458e-10,6.77110811864e-10,5.82365322632e-10,3.80893760976e-10,2.01606259465e-10,2.17909940092e-10,1.58503404846e-10,2.23414883815e-10,1.43897935234e-10,1.04041102122e-10,7.81363238e-11,3.32463986896e-11,2.0522781391e-11,6.95720260915e-12,1.71470455022e-12,7.10173131239e-13,3.77536069356e-14,1.57229813208e-15,1.17114533996e-15,9.10514255003e-16],"dvar2":[0.0000544744543731,0.0000215345753531,0.00000389213073504,8.83968255039e-7,0.00000150694779677,0.00000152293807787,2.55198415289e-7,1.12901659577e-7,4.45557013506e-8,2.83277952207e-8,5.19803649013e-8,1.82756121347e-8,1.07749826839e-8,1.11841655936e-8,6.3662493055e-9,4.29646451749e-9,9.2212454339e-10,9.01089758365e-10,5.3444282333e-10,5.02629105004e-10,1.42909406531e-9,1.7106364103e-9,1.42513345569e-9,9.40708066999e-10,4.72808014962e-10,5.30737453985e-10,3.52768009249e-10,4.90502471973e-10,2.76975248292e-10,2.13402920335e-10,1.61252081132e-10,6.87785037257e-11,4.31926890088e-11,1.41253059596e-11,3.43877834194e-12,1.41440494299e-12,8.48923931368e-14,3.86628696994e-15,2.87975129616e-15,2.2353493822e-15],"max":[0.0511303767562,0.0386716276407,0.0203684289008,0.0149691374972,0.017233857885,0.0356006547809,0.0106328576803,0.00510787218809,0.00357519811951,0.00511711090803,0.00335119990632,0.00198051775806,0.00243747839704,0.00219058943912,0.00134762353264,0.000868726987392,0.000419268384576,0.000348565692548,0.000420882424805,0.000257247593254,0.000451073778095,0.000340867263731,0.000729172374122,0.000356339471182,0.000430634070653,0.000440573378,0.000334009790095,0.000428282597568,0.000422995304689,0.00037732187775,0.000300383835565,0.000236445048358,0.000160598414368,0.0000735915309633,0.0000361153797712,0.0000156861024152,0.0000045007245717,5.06454568949e-7,4.4891021389e-7,4.12645562164e-7],"mean":[0.00237441295758,0.00210266676731,0.00110732333269,0.000635818461888,0.000612401345279,0.000597959791776,0.00027859970578,0.000185620578122,0.000095609582786,0.0000823460286483,0.0000854581594467,0.0000581707718084,0.0000495631575177,0.000055275948398,0.0000432162596553,0.0000314343778882,0.0000211061851587,0.0000188328267541,0.0000177777928911,0.0000168756632775,0.0000195087850443,0.0000217338510993,0.0000196125874936,0.000018535356503,0.0000153504970513,0.000014028759324,0.0000122054962048,0.0000128978417706,0.00000988277224678,0.00000755644350647,0.00000728938948669,0.00000523983590028,0.00000392387801185,0.00000236454502556,0.00000113917769795,6.27322606306e-7,1.34462410983e-7,2.45376838848e-8,2.15582218743e-8,1.94571025958e-8],"median":[0.00117778894491,0.00108942366205,0.000623091065791,0.000301791209495,0.000201039685635,0.000172074433067,0.000131274500745,0.0000811408172012,0.0000465613302367,0.0000460145565739,0.0000411662658735,0.0000265050639427,0.0000266385031864,0.0000285840942524,0.0000236176074395,0.0000158442016982,0.0000134608744702,0.0000114800786832,0.000011152760635,0.0000100861334431,0.00000887059104571,0.00000844722308102,0.00000647202978143,0.00000690206206855,0.00000671023462928,0.00000598070391788,0.00000500120586366,0.0000047279681894,0.00000396034010919,0.00000305995763483,0.00000282707173938,0.00000203778427021,0.00000143751833548,8.28889540117e-7,3.76888067422e-7,1.75128818114e-7,4.59586821933e-8,9.83959402845e-9,8.84345396912e-9,8.2337727747e-9],"min":[1.18489767585e-24,2.41372109905e-24,9.94612099559e-25,7.41274054405e-25,1.10377122036e-24,2.40233073644e-24,2.22808911185e-24,2.52179425421e-24,2.34626382811e-24,1.84844881514e-24,2.61636763269e-24,2.07280697025e-24,2.03819983956e-24,2.4378194192e-24,3.04084579718e-24,3.60004523264e-24,2.61597438553e-24,3.7963583965e-24,3.39174296074e-24,3.10783073766e-24,4.82266564533e-24,4.71219119758e-24,3.61336436016e-24,4.12924941546e-24,3.03394858907e-24,4.37631394566e-24,4.54900664186e-24,4.89920605795e-24,4.7095504857e-24,5.14010287916e-24,5.23794845268e-24,4.90467759719e-24,4.74582112683e-24,6.20845523095e-24,6.19237982342e-24,6.22645900896e-24,6.41590356091e-24,6.35921246639e-24,6.15510022919e-24,6.69490078613e-24],"var":[0.000017126367311,0.00000839412041387,0.00000249681670539,0.00000114171996302,0.00000165820097209,0.00000276334867522,2.26255906455e-7,1.06781968157e-7,3.45495045906e-8,2.13289119699e-8,3.27660956145e-8,1.47017384933e-8,8.23388290883e-9,9.47962863762e-9,4.83680340224e-9,2.51173837285e-9,6.34287289358e-10,6.07325800761e-10,4.66301441904e-10,4.33323293914e-10,9.71077773748e-10,1.24353038977e-9,1.17397425115e-9,8.62208027197e-10,5.42925759905e-10,5.48117884414e-10,4.61269411556e-10,6.25975493662e-10,3.72999298115e-10,2.36324376734e-10,1.74192160696e-10,7.87758538956e-11,4.28220549298e-11,1.52314758028e-11,3.64899603589e-12,1.35405640693e-12,5.67581531362e-14,1.70869711812e-15,1.28145242898e-15,1.00885636837e-15]},"melbands_crest":{"dmean":4.33865356445,"dmean2":7.14869642258,"dvar":13.8755664825,"dvar2":36.8587150574,"max":38.4028778076,"mean":16.0503444672,"median":15.2054748535,"min":1.6434533596,"var":37.0449142456},"melbands_flatness_db":{"dmean":0.0330070629716,"dmean2":0.0508495941758,"dvar":0.000905919761863,"dvar2":0.00214516790584,"max":0.540583372116,"mean":0.220510333776,"median":0.2157779634,"min":0.00355623336509,"var":0.00460614310578},"melbands_kurtosis":{"dmean":11.6275806427,"dmean2":18.8564796448,"dvar":556.915527344,"dvar2":1361.81945801,"max":654.411376953,"mean":20.5144176483,"median":11.0333518982,"min":-1.80239796638,"var":1232.37243652},"melbands_skewness":{"dmean":0.977425813675,"dmean2":1.56418788433,"dvar":1.25564110279,"dvar2":3.17890453339,"max":20.4753627777,"mean":3.31736183167,"median":2.88215494156,"min":-1.16211354733,"var":4.11967515945},"melbands_spread":{"dmean":8.08783912659,"dmean2":12.3754053116,"dvar":115.355003357,"dvar2":248.810333252,"max":177.657562256,"mean":23.5513744354,"median":16.6999645233,"min":0.351945698261,"var":507.017303467},"mfcc":{"cov":[[7875.94482422,550.085571289,-847.609863281,449.333221436,-671.666564941,177.414459229,-273.217407227,112.810050964,-164.11000061,-47.3466415405,-69.3572998047,-18.8737792969,27.8821544647],[550.085571289,1111.12341309,88.01612854,-254.808486938,44.4144897461,-97.0415878296,30.9923038483,-119.325370789,-10.2006807327,-49.0016746521,-14.8300094604,-33.571182251,25.0886116028],[-847.609863281,88.01612854,486.287200928,-170.92300415,119.246559143,-51.1770019531,33.1460990906,-65.0154571533,16.0660476685,-11.942117691,-8.00364208221,6.39579200745,-15.6062049866],[449.333221436,-254.808486938,-170.92300415,426.996948242,-56.7311248779,96.7162094116,-49.9090805054,83.3119888306,-12.9531850815,27.8649120331,13.9523744583,2.66169261932,-14.9329528809],[-671.666564941,44.4144897461,119.246559143,-56.7311248779,278.377685547,-43.1447410583,100.118270874,-39.6991996765,64.3093185425,-8.70077800751,27.4615535736,-1.54302561283,0.25911450386],[177.414459229,-97.0415878296,-51.1770019531,96.7162094116,-43.1447410583,182.696426392,-11.4983558655,82.7183456421,-13.8017539978,32.7815971375,-14.0931835175,21.1637115479,-1.73427522182],[-273.217407227,30.9923038483,33.1460990906,-49.9090805054,100.118270874,-11.4983558655,144.775909424,-1.20051324368,45.7313652039,-2.7575109005,21.2189788818,-9.99043273926,4.79844427109],[112.810050964,-119.325370789,-65.0154571533,83.3119888306,-39.6991996765,82.7183456421,-1.20051324368,117.636756897,15.6112213135,30.3574924469,-1.34457957745,15.3467302322,-6.12298345566],[-164.11000061,-10.2006807327,16.0660476685,-12.9531850815,64.3093185425,-13.8017539978,45.7313652039,15.6112213135,90.1258163452,34.0842018127,27.8707847595,0.384261131287,3.99121689796],[-47.3466415405,-49.0016746521,-11.942117691,27.8649120331,-8.70077800751,32.7815971375,-2.7575109005,30.3574924469,34.0842018127,84.0011062622,35.0343055725,19.1598911285,3.53531861305],[-69.3572998047,-14.8300094604,-8.00364208221,13.9523744583,27.4615535736,-14.0931835175,21.2189788818,-1.34457957745,27.8707847595,35.0343055725,71.0660552979,26.4604549408,8.36913967133],[-18.8737792969,-33.571182251,6.39579200745,2.66169261932,-1.54302561283,21.1637115479,-9.99043273926,15.3467302322,0.384261131287,19.1598911285,26.4604549408,60.1577949524,25.5744552612],[27.8821544647,25.0886116028,-15.6062049866,-14.9329528809,0.25911450386,-1.73427522182,4.79844427109,-6.12298345566,3.99121689796,3.53531861305,8.36913967133,25.5744552612,54.6035041809]],"icov":[[0.000213652238017,-0.000181583978701,0.000247304211371,-0.000175997280166,0.000409650237998,-0.000115630115033,0.0000824618036859,0.0000598662591074,-0.000162871947396,0.000266435265075,-0.00000652623066344,-0.0000978425960056,0.0000322164451063],[-0.000181583978701,0.00128404877614,-0.000179216920515,0.000712392909918,-0.000347692490323,-0.0000360829581041,-0.0000355324700649,0.000601178093348,0.00021390474285,-0.0000129528689286,-0.000250105920713,0.000892196490895,-0.000676953117363],[0.000247304211371,-0.000179216920515,0.00314862071536,0.000651727605145,-0.00053871126147,-0.0000979927644948,0.0000721615215298,0.00124350120313,-0.000331426592311,-0.000271685421467,0.00141185917892,-0.00202868948691,0.00194233609363],[-0.000175997280166,0.000712392909918,0.000651727605145,0.00386683596298,-0.000847202842124,-0.00119176076259,0.00140438496601,-0.001344584045,0.000727481965441,0.000203763411264,-0.00217725406401,0.0019395253621,0.0000572306635149],[0.000409650237998,-0.000347692490323,-0.00053871126147,-0.000847202842124,0.00713136373088,-0.000502942537423,-0.00297339214012,0.00248988275416,-0.00420977687463,0.00244621559978,-0.000529424170963,-0.00172413897235,0.00109360239003],[-0.000115630115033,-0.0000360829581041,-0.0000979927644948,-0.00119176076259,-0.000502942537423,0.0101731549948,-0.00163837219588,-0.00524363061413,0.00352488923818,-0.00455166259781,0.00477498536929,-0.00340690580197,0.000504034513142],[0.0000824618036859,-0.0000355324700649,0.0000721615215298,0.00140438496601,-0.00297339214012,-0.00163837219588,0.011590173468,-0.00210876204073,-0.00290831411257,0.00321316579357,-0.00493141729385,0.00515515403822,-0.00256811385043],[0.0000598662591074,0.000601178093348,0.00124350120313,-0.001344584045,0.00248988275416,-0.00524363061413,-0.00210876204073,0.0172737594694,-0.00566104054451,-0.0012556144502,0.00399801041931,-0.00565612642094,0.00415629614145],[-0.000162871947396,0.00021390474285,-0.000331426592311,0.000727481965441,-0.00420977687463,0.00352488923818,-0.00290831411257,-0.00566104054451,0.0211576111615,-0.00852081738412,-0.00271014356986,0.00470576481894,-0.00294164195657],[0.000266435265075,-0.0000129528689286,-0.000271685421467,0.000203763411264,0.00244621559978,-0.00455166259781,0.00321316579357,-0.0012556144502,-0.00852081738412,0.0222645103931,-0.0103239435703,0.000130822794745,-0.0000289707077172],[-0.00000652623066344,-0.000250105920713,0.00141185917892,-0.00217725406401,-0.000529424170963,0.00477498536929,-0.00493141729385,0.00399801041931,-0.00271014356986,-0.0103239435703,0.0284455697984,-0.0148061355576,0.00440352736041],[-0.0000978425960056,0.000892196490895,-0.00202868948691,0.0019395253621,-0.00172413897235,-0.00340690580197,0.00515515403822,-0.00565612642094,0.00470576481894,0.000130822794745,-0.0148061355576,0.0336851887405,-0.0154567733407],[0.0000322164451063,-0.000676953117363,0.00194233609363,0.0000572306635149,0.00109360239003,0.000504034513142,-0.00256811385043,0.00415629614145,-0.00294164195657,-0.0000289707077172,0.00440352736041,-0.0154567733407,0.026663184166]],"mean":[-662.721801758,137.746902466,-16.2386131287,56.0121383667,-13.8025779724,25.070646286,-6.61392354965,11.2564868927,-3.49427771568,1.93849158287,1.30638611317,1.60418069363,3.86068964005]},"pitch_salience":{"dmean":0.080234631896,"dmean2":0.132451474667,"dvar":0.00546192657202,"dvar2":0.0142758060247,"max":0.855587780476,"mean":0.579886198044,"median":0.598907709122,"min":0.0739984363317,"var":0.0134435538203},"silence_rate_20dB":{"dmean":0,"dmean2":0,"dvar":0,"dvar2":0,"max":1,"mean":1,"median":1,"min":1,"var":0},"silence_rate_30dB":{"dmean":0.0116256540641,"dmean2":0.0232535600662,"dvar":0.0114912493154,"dvar2":0.030076680705,"max":1,"mean":0.991087853909,"median":1,"min":0,"var":0.00883161649108},"silence_rate_60dB":{"dmean":0.0197636112571,"dmean2":0.0395310521126,"dvar":0.0193781144917,"dvar2":0.0406754165888,"max":1,"mean":0.0685847103596,"median":0,"min":0,"var":0.0638772025704},"spectral_centroid":{"dmean":299.421325684,"dmean2":428.214263916,"dvar":104917.078125,"dvar2":195100.25,"max":11586.4902344,"mean":1586.7355957,"median":1414.12548828,"min":167.573425293,"var":1216218.125},"spectral_complexity":{"dmean":4.80352640152,"dmean2":6.70438909531,"dvar":30.0539054871,"dvar2":48.9476890564,"max":61,"mean":21.6681194305,"median":19,"min":0,"var":195.054489136},"spectral_contrast_coeffs":{"dmean":[0.0539889112115,0.0502164177597,0.0360298901796,0.0258623585105,0.0186994001269,0.0522822104394],"dmean2":[0.0886432752013,0.0827998667955,0.0605149418116,0.0433464646339,0.0306342877448,0.0812598466873],"dvar":[0.00182838283945,0.00161826738622,0.000842837325763,0.000423865974881,0.000240594745264,0.00199692253955],"dvar2":[0.00483512459323,0.0043186484836,0.00231738691218,0.00114609661978,0.000594958313741,0.00454699806869],"max":[-0.300912111998,-0.4199039042,-0.553658604622,-0.590899884701,-0.656478345394,-0.36846229434],"mean":[-0.683278620243,-0.764562904835,-0.817794799805,-0.826288342476,-0.821786463261,-0.65359044075],"median":[-0.688029646873,-0.77336704731,-0.822861909866,-0.828764677048,-0.822381615639,-0.647900462151],"min":[-0.982167363167,-0.976709187031,-0.974559962749,-0.977021634579,-0.968473613262,-0.964449644089],"var":[0.00724844727665,0.005968994461,0.00257901242003,0.00138253881596,0.00115271320101,0.00861472915858]},"spectral_contrast_valleys":{"dmean":[0.429517567158,0.402391433716,0.348253637552,0.303666293621,0.281584858894,0.631153821945],"dmean2":[0.692489326,0.645246088505,0.547227263451,0.457166463137,0.386996716261,1.00677108765],"dvar":[0.171800360084,0.164400488138,0.131803706288,0.131056264043,0.148546740413,0.311289280653],"dvar2":[0.360121816397,0.356758564711,0.254076719284,0.23599627614,0.244482770562,0.744756281376],"max":[-4.95897579193,-4.96868419647,-5.51971435547,-5.82237577438,-5.20043134689,-9.16984176636],"mean":[-7.01483774185,-6.75057458878,-7.29358911514,-7.61596155167,-7.34747123718,-11.35871315],"median":[-6.74460697174,-6.44628334045,-6.94262552261,-7.3192486763,-7.11074304581,-11.1621904373],"min":[-28.0867004395,-27.8542613983,-27.947555542,-27.7057533264,-27.5110015869,-27.4340820312],"var":[3.18684458733,3.39193153381,3.26634097099,3.07392191887,3.23701500893,2.35779118538]},"spectral_decrease":{"dmean":3.13534798124e-9,"dmean2":5.09147257688e-9,"dvar":2.32199623373e-17,"dvar2":5.96392126218e-17,"max":5.7460805003e-9,"mean":-5.43007949716e-9,"median":-3.84718035207e-9,"min":-4.97224910134e-8,"var":3.17513443565e-17},"spectral_energy":{"dmean":0.013882397674,"dmean2":0.0218110065907,"dvar":0.000420805328758,"dvar2":0.00104927795473,"max":0.202994048595,"mean":0.0355551242828,"median":0.0303216464818,"min":9.88564034738e-21,"var":0.000693230365869},"spectral_energyband_high":{"dmean":0.00116422784049,"dmean2":0.00143931247294,"dvar":0.0000047876633289,"dvar2":0.00000824587186798,"max":0.061950981617,"mean":0.00304272631183,"median":0.00144006009214,"min":7.00505091103e-21,"var":0.0000187315836229},"spectral_energyband_low":{"dmean":0.00980095658451,"dmean2":0.016458503902,"dvar":0.000300074752886,"dvar2":0.000789257872384,"max":0.176496803761,"mean":0.013668959029,"median":0.00841829366982,"min":1.92858836619e-23,"var":0.000292689539492},"spectral_energyband_middle_high":{"dmean":0.0012714555487,"dmean2":0.00183613644913,"dvar":0.00000332313516083,"dvar2":0.00000716122576705,"max":0.0343267247081,"mean":0.00360223092139,"median":0.00250821188092,"min":1.11134158872e-21,"var":0.0000131463739308},"spectral_energyband_middle_low":{"dmean":0.00437971530482,"dmean2":0.00675264419988,"dvar":0.0000392584552174,"dvar2":0.0000893546821317,"max":0.162591159344,"mean":0.0108614945784,"median":0.0070408876054,"min":1.87375013239e-22,"var":0.00015561383043},"spectral_entropy":{"dmean":0.137071669102,"dmean2":0.199341088533,"dvar":0.0234536901116,"dvar2":0.0462890230119,"max":9.8263835907,"mean":7.73989200592,"median":7.82100105286,"min":4.91335391998,"var":0.160414174199},"spectral_flux":{"dmean":0.028445513919,"dmean2":0.0437808223069,"dvar":0.00133110873867,"dvar2":0.00267363572493,"max":0.385960698128,"mean":0.105027377605,"median":0.0969899967313,"min":6.38154806776e-11,"var":0.00295472959988},"spectral_kurtosis":{"dmean":2.2634241581,"dmean2":3.48759627342,"dvar":7.92767333984,"dvar2":18.5614929199,"max":61.7505493164,"mean":13.7654571533,"median":12.8745889664,"min":-1.25388360023,"var":27.3450298309},"spectral_rms":{"dmean":0.00105220836122,"dmean2":0.00157919630874,"dvar":0.00000168006408785,"dvar2":0.00000385459088648,"max":0.0140727749094,"mean":0.00544554367661,"median":0.00543894246221,"min":3.10556398306e-12,"var":0.00000503411956743},"spectral_rolloff":{"dmean":3945.39111328,"dmean2":7324.94824219,"dvar":44344088,"dvar2":105079376,"max":22050,"mean":15623.3964844,"median":20047.4121094,"min":43.06640625,"var":71057832},"spectral_skewness":{"dmean":0.22452275455,"dmean2":0.338252872229,"dvar":0.0673295781016,"dvar2":0.143264576793,"max":6.19510364532,"mean":2.41123557091,"median":2.33674931526,"min":-0.0600436255336,"var":0.324641376734},"spectral_spread":{"dmean":381220.875,"dmean2":596978.1875,"dvar":336549019648,"dvar2":684300435456,"max":42615016,"mean":4986295,"median":4748741,"min":1595698.75,"var":8232091254780},"spectral_strongpeak":{"dmean":3.00391960144,"dmean2":5.5466542244,"dvar":119.932922363,"dvar2":323.510406494,"max":163.181716919,"mean":3.16644215584,"median":0.293517202139,"min":0,"var":157.854095459},"zerocrossingrate":{"dmean":0.0416222624481,"dmean2":0.0516812652349,"dvar":0.00135028979275,"dvar2":0.00206371140666,"max":0.81689453125,"mean":0.30685031414,"median":0.3056640625,"min":0.0419921875,"var":0.00995676219463}},"metadata":{"audio_properties":{"analysis_sample_rate":44100,"bit_rate":128000,"codec":"mp3","downmix":"mix","equal_loudness":0,"length":239.673461914,"lossless":false,"md5_encoded":"a9c2f18f3d77787d1a96c439c43b70b6","replay_gain":-2.75082588196,"sample_rate":44100},"tags":{"acoustid_fingerprint":["AQADtAojZkqUZWguJDv-IwvFw0w--CqqG-GDrUl4XOyD_MEPdySeZI_gJ89xvHGx6sKZpER28YT2HBNZ5MqI1EcyE_3yZEIzOSPe4YqC3mh2GQ-iH4kj4SuuHecjY3p2OFaSo8iDxNFQ5kF_Ec-DTz-OJt8RfpGRXMH54VKe4D6ua0T6BEmp5MMTnFMKc6aEG0qPR8WbHJfTBBeF5pE-TDrxI5SEhJS2SGgm6cG5Ez8R-9DyBKESibiSGyd-9EfC_QhFKsdJXLlRfQ2aOMcnfbiRrOQR7Qma400kfNQwTs1g7Xh4_BqDH8-RJzcuN4F-IZTXwxKHipGS6bh0_PglNN8FTVkyH1cO5xX2J_gbvBGsZsFXHXmhPdAyKz1uHtMoXNSOvzCLUoeeBNcuxNdQ8jSaRA9uPDr-o_BlJNPSBDn1owmN6QoT_LiPpkPHEOcvhNeDJ4Mv4drRxwtqHz-5wMp7tONxtcLeE-lxHmeGJpKixEP-QPwR5hmDU_zxJTnQ82ieH-uEM8nxxOgTGa7x6UhyrUSY49REnC_Ool2P5jn-ET8-aUfK49SOp9ElfBN0Xwj5o_mOa8enBN24C83x5jjy9ULC6nA0_A0eCz8aPcmG6se1H-8WJGOiUBD_4EyFnB9c42EShcKpodnx4SeSRz5Su8cznfgPP0R0cUFSJj6YHU02CY909BuaN8MjicJPJOuSGnmGavvArCdOHX0y48uP_BBPIT_2-EGjEf0RKdWHZM_RE16zoh3xMJGPfwr45kay6ynCTFKDH823BewJh4nAUPsSJH50IwwfgTl-7AlTIXHpIB6PpkfFhDm-jLim5Hjko1OVw9ER6dGhWgrYG_lj7JuORjxO4TG-I94ObSeFmJJC4Uki_MgnaPkyIVIfcOqER0YkLdHSQ_wR8hSKpjqehA4q3miUO0jOojnCHnk07A_-4SN86JxxNG8FPTyaH090hELzP_gReXqgu0P47PBhnEmOJpuUMMGzsjjeZIEnvsKO_AGvQrn0IkycUniUwBVT9LlwozmqD_mSKI0EldKRM2hehM-P_eCcV1CYKUvROIAv9DyeB32PJolIB8e1HI6aHV9xUQ_2V9CfI2X04sdjOfCPe6pQaVnKIUueHCekHM2m4xf-CMp9hEfT-bjwO3iyKE3wEx91hP-hJSJySjlmHjyDS8ux3-gUOF-sorKEHyfyhRmuDNrhvWgjbsLcg6tydF-OKWmiUNCF98OHb6goxsF1WOOHXtB1nHjTCv0uNBfeo0_RPBfx1UNPwtEoPEf_4MeTGD1OHx_R7MSPHbrEHEyoItcCLs_wI81z4g40TniiTwgfNMepY4qa7IjEO2j7JGhejJMO7QzRTMaPPTHa9RCLiTzy5KiJ5uRxZcnxS9icLGKCn_iFHwmf5MhJPHGwy8QzB_2PxtrxRhnyH-qFH-GT3XBfIZdeaGSSyMhXzMxwNE2Yot4cHPfx-TjzgOuCXBS0oyGRHz-uB9OKH3vgMcfHBR4ZKhJ6Hc9RfU_R_HhwVNTQPMGv4v_wvAnyPEimZ2ie4D-eM8WLphXyQVsSHrwZSB-aK0dI9cRd5CHxw0-hZ8jx5biOy8EV1Ap_2NXhJcpRXngedGUGJs9unEiOPHxSMLTwPMUJT8ekI3xCQ0t85M_wRUk-vBLRPgya_DnCH4d4UkUeGn6ImxTaZbeQzznUf8jxSS_2PPiRJ4WkC