{"lowlevel":{"average_loudness":0.14976502955,"barkbands":{"dmean":[0.0000064216183091,0.0000693404508638,0.000243106755079,0.00075403979281,0.00212091114372,0.00203443993814,0.0012940679444,0.000444147852249,0.000816076528281,0.000567903218325,0.000165361139807,0.0000691609311616,0.0000780683330959,0.000039944818127,0.0000173505450221,0.0000174428951141,0.00000409477934227,0.00000276971354651,0.00000372659951609,0.00000116493367841,2.02268353178e-7,1.16101332992e-7,6.39054320573e-8,7.36412673064e-8,9.65400825947e-9,8.67143246097e-9,2.27933161234e-9],"dmean2":[0.000010129758266,0.00010036212916,0.000355605356162,0.00120184547268,0.00325809814967,0.00310095841996,0.00206384481862,0.00073650223203,0.00133830460254,0.000983845442533,0.000260949018411,0.000113541362225,0.000123666788568,0.0000629198693787,0.0000291061187454,0.0000322452615364,0.00000666650612402,0.00000425909092883,0.0000054049623941,0.00000179814082912,3.16315691862e-7,1.85987005352e-7,1.06140014111e-7,1.29576434915e-7,1.65904339156e-8,1.48961794011e-8,3.69567154657e-9],"dvar":[1.01771231442e-8,1.79831857849e-7,8.73904582477e-7,6.58612293591e-7,0.0000125984624901,0.0000345516018569,0.0000130196822283,0.0000015309454966,0.00000544730255569,0.00000161665502674,2.67693934575e-7,2.74840363801e-8,4.99232086781e-8,1.4676239779e-8,6.2492442332e-9,1.01687945175e-7,3.40817152278e-10,9.58873744294e-11,8.01296307085e-10,4.9132642399e-11,5.4794883908e-13,1.59031492944e-13,3.83737773545e-14,1.09583301905e-13,1.87672410266e-15,2.43469456293e-15,1.44905822638e-15],"dvar2":[2.52624428043e-8,4.4268227839e-7,0.00000218925993067,0.00000171322199094,0.0000301004292851,0.0000913614567253,0.0000400700373575,0.00000467207701149,0.0000146394722833,0.00000494120331496,5.90244667364e-7,6.4945311351e-8,1.07260120785e-7,3.33737553149e-8,1.77508177046e-8,3.03126824974e-7,9.28307208881e-10,1.95734706221e-10,1.54158696919e-9,9.56008050501e-11,1.09516161331e-12,3.0991921811e-13,9.8807518157e-14,3.09869995331e-13,4.85859538501e-15,6.4307986494e-15,3.64032060247e-15],"max":[0.00330092478544,0.0136173618957,0.0254632681608,0.00932085420936,0.0798180326819,0.157421931624,0.082720451057,0.0222332440317,0.0392403230071,0.013503683731,0.0103602092713,0.00331158936024,0.00537444604561,0.00238579930738,0.00221631326713,0.0103014819324,0.000516586063895,0.000353612005711,0.00102493783925,0.000213686667848,0.0000209680802072,0.00001340631934,0.00000409037329518,0.00000354065196007,0.0000012182165392,0.00000118690024919,0.00000125167127862],"mean":[0.0000288398568955,0.000452289386885,0.000661344616674,0.00120782572776,0.00619595684111,0.00421957066283,0.00275227683596,0.000791423663031,0.00151360407472,0.000839501211885,0.000319440383464,0.000120422235341,0.000152018110384,0.000093873582955,0.000030446684832,0.0000167844482348,0.0000062028721004,0.00000466427036372,0.00000685637724018,0.00000210081907426,3.85806316672e-7,2.54603776284e-7,1.43444140122e-7,1.16207559131e-7,2.31105996562e-8,1.16896385904e-8,8.24890644679e-9],"median":[2.86469656885e-7,0.000151565967826,0.00017788761761,0.000902151572518,0.00349154043943,0.00140403362457,0.00124433054589,0.000341406586813,0.000396998220822,0.000183247801033,0.0000719824165571,0.000051366048865,0.0000360013473255,0.0000163785825862,0.00000768813242757,0.00000219584876504,0.00000133908019961,0.00000119610581351,6.56150746181e-7,2.29168207966e-7,8.36211384581e-8,1.01346557813e-7,7.14433241455e-8,5.83884727234e-8,1.31916877422e-8,4.38742464581e-9,7.19838366692e-9],"min":[1.18921081316e-10,4.26541362231e-8,2.8931552265e-8,2.47278397758e-9,1.4577042684e-8,1.90134414879e-8,4.68927012776e-8,5.66863036511e-8,9.01773500317e-9,7.68438646048e-9,4.78088013622e-9,3.99034005838e-9,2.0423169822e-9,4.61305793564e-9,8.02043054193e-9,4.84524731448e-9,1.87396587137e-9,1.71002623173e-9,1.2123053672e-9,6.10390016309e-10,2.56581950131e-10,4.65304100805e-10,1.5299145284e-9,4.52907977788e-9,3.19100790236e-9,1.44742517971e-9,5.03847541466e-9],"var":[7.12618408727e-9,5.40599273791e-7,0.00000195882398657,0.0000012714526747,0.0000523478774994,0.0000906676796149,0.0000343880274158,0.00000254190672422,0.0000136759153975,0.00000271675435215,7.46082889691e-7,5.40605924471e-8,1.51918456481e-7,5.48868399619e-8,6.50020215431e-9,5.59413741996e-8,3.71447317349e-10,2.14377293695e-10,2.45855713565e-9,1.24684151892e-10,1.57131046456e-12,4.84599177192e-13,7.15546464311e-14,7.82932543125e-14,1.37537546558e-15,1.45894850071e-15,7.54326726425e-16]},"barkbands_crest":{"dmean":1.97165882587,"dmean2":3.1176674366,"dvar":3.07369852066,"dvar2":8.26494312286,"max":22.7167358398,"mean":11.2456169128,"median":10.6654319763,"min":3.68582773209,"var":11.6234121323},"barkbands_flatness_db":{"dmean":0.0182966217399,"dmean2":0.0282149352133,"dvar":0.000283051020233,"dvar2":0.000673683709465,"max":0.428564101458,"mean":0.302344501019,"median":0.312025129795,"min":0.0556473471224,"var":0.00335347279906},"barkbands_kurtosis":{"dmean":1.96000576019,"dmean2":3.10995864868,"dvar":5.30979919434,"dvar2":13.1010246277,"max":32.5284614563,"mean":4.02124595642,"median":3.3257124424,"min":-1.55096328259,"var":14.185921669},"barkbands_skewness":{"dmean":0.3742865026,"dmean2":0.589821755886,"dvar":0.120491407812,"dvar2":0.289838790894,"max":4.67605161667,"mean":1.24843215942,"median":1.2149412632,"min":-0.949028372765,"var":0.506253123283},"barkbands_spread":{"dmean":1.0471020937,"dmean2":1.68297362328,"dvar":2.78296160698,"dvar2":7.66710567474,"max":36.9359893799,"mean":4.65421867371,"median":3.63834834099,"min":0.996667265892,"var":12.8515729904},"dissonance":{"dmean":0.036279283464,"dmean2":0.0617309361696,"dvar":0.00105269521009,"dvar2":0.0029794848524,"max":0.498147845268,"mean":0.407500565052,"median":0.413989782333,"min":0.211500555277,"var":0.00248009338975},"dynamic_complexity":4.72022342682,"erbbands":{"dmean":[0.00109522533603,0.0204401817173,0.19221496582,1.13903272152,5.47021913528,9.13380527496,10.775478363,18.0001430511,18.5147895813,20.4044017792,10.6032962799,20.5003433228,21.4631977081,5.7032699585,5.76804256439,3.0829911232,3.75843882561,2.07277488708,1.37380087376,0.790773332119,0.88113796711,0.277185708284,0.138450816274,0.189245790243,0.161244705319,0.0392239168286,0.0127132637426,0.00451675616205,0.00454940227792,0.00266307219863,0.00181629136205,0.00259121670388,0.000574341975152,0.000134917514515,0.00007192116027,0.0000490255661134,0.0000129442532852,0.00000212636450669,0.00000249338268077,0.00000552496521777],"dmean2":[0.00165397115052,0.0301288664341,0.286689668894,1.79622602463,8.63433742523,13.7020664215,17.0670490265,27.2907867432,28.7887611389,34.1469421387,17.6206645966,33.2251358032,36.9747619629,9.55655956268,9.0137796402,5.08374881744,5.89231538773,3.19266629219,2.21155977249,1.38960778713,1.62993836403,0.463934093714,0.212241947651,0.277971953154,0.23273524642,0.0596400760114,0.0190664082766,0.0067575275898,0.00719881383702,0.00432593468577,0.00307880225591,0.00459124473855,0.000988403218798,0.000233632759773,0.000123167803395,0.0000876264384715,0.0000213973635255,0.00000340922838404,0.00000391164667235,0.00000869062932907],"dvar":[0.0000377282885893,0.0159685388207,0.74014955759,2.63715338707,37.838180542,326.814758301,1056.14111328,2591.49560547,1645.89306641,4004.15356445,1287.33996582,3789.11669922,2451.25390625,220.594238281,393.566375732,56.9492759705,126.41683197,37.1369400024,18.0226993561,65.9086608887,284.937133789,5.09156608582,0.214778468013,2.80616855621,1.43379592896,0.0354030802846,0.00187712721527,0.000299326347886,0.000318246660754,0.0000479322116007,0.000035210076021,0.000153219501954,0.00000436028403783,2.9083435038e-7,1.10566240608e-7,6.85610359596e-8,5.92756022044e-9,5.76062364477e-10,5.41445568936e-11,1.03516029082e-10],"dvar2":[0.0000898719299585,0.0396586433053,1.86440098286,6.90518093109,100.697250366,769.107116699,2899.79345703,6848.48291016,4807.50732422,12335.3398438,3810.44995117,9699.38574219,7182.02978516,620.87902832,840.710144043,147.202957153,261.484436035,83.5537414551,45.1288528442,192.764022827,854.356811523,14.911154747,0.483074188232,5.15057420731,2.32531571388,0.0608987249434,0.00382103677839,0.000551183708012,0.000582278182264,0.000118182309961,0.0000917388242669,0.000434957793914,0.0000119018368423,7.66907874095e-7,2.88270399551e-7,1.89481383472e-7,1.50460408577e-8,1.44775769151e-9,1.41020292665e-10,2.91862617408e-10],"max":[0.204634398222,4.01085519791,25.2273197174,29.97889328,90.2993011475,412.897247314,752.639709473,1049.49108887,799.225341797,1192.42346191,1025.55517578,1042.46154785,685.811950684,347.814605713,419.893280029,152.000869751,294.192352295,138.187408447,72.6893005371,256.949371338,547.217407227,71.5204238892,11.9249210358,81.6667251587,46.4213485718,5.31035327911,1.04072451591,0.614301145077,0.63394767046,0.155032485723,0.139614835382,0.133974477649,0.0351361222565,0.0137705188245,0.00859598442912,0.00473043229431,0.00221839849837,0.000780825736001,0.00020355808374,0.0002906776499],"mean":[0.0100793717429,0.113558918238,0.606612026691,2.65766978264,12.6724052429,21.776309967,23.9163417816,35.6289291382,37.8317489624,38.8308830261,21.1627578735,36.5174369812,35.4101066589,12.9186916351,11.1788415909,5.98649835587,7.66528320312,4.8225646019,3.12250304222,1.18061161041,0.845155656338,0.385681450367,0.239744573832,0.354459762573,0.296541750431,0.0792506113648,0.0259572844952,0.00993080437183,0.00963855721056,0.00642331689596,0.00379883311689,0.00371718243696,0.00119013153017,0.000356269185431,0.000146067948663,0.0000718843293726,0.0000237611329794,0.00000493324250783,0.00000999908934318,0.0000217957494897],"median":[0.00149088469334,0.0430869087577,0.196335375309,1.88905930519,10.1114177704,9.12777137756,6.77627897263,12.0933628082,12.1357097626,19.2515602112,7.09469985962,9.00292396545,10.6348371506,2.46878051758,2.9606859684,2.60961437225,2.21591711044,1.00162756443,0.581779122353,0.304961264133,0.113031819463,0.0768092274666,0.062139570713,0.052656032145,0.0220698807389,0.0112636778504,0.00550640327856,0.00263871252537,0.00336363166571,0.00321482168511,0.00199555139989,0.00175968022086,0.000658539996948,0.000195220607566,0.0000888184149517,0.0000297773567581,0.0000121351185953,0.00000321902825817,0.00000656629481455,0.0000139863032018],"min":[8.02242823283e-7,0.0000104982582343,0.0000586146888963,0.0000492295512231,0.0000722221739125,0.000032500251109,0.000096281284641,0.000273260549875,0.000470449303975,0.0017520802794,0.00134732609149,0.000394679547753,0.000272233708529,0.000175550929271,0.000218665983994,0.000122827637824,0.000110434135422,0.000279512576526,0.000328966736561,0.00051078456454,0.000195012267795,0.0000992248824332,0.000115479837405,0.0000962944905041,0.0000528272503288,0.0000309551869577,0.0000155788857228,0.000016933421648,0.0000156123005581,0.0000263361871475,0.0000463497053715,0.0000796615931904,0.0000741559633752,0.0000419540629082,0.000021879299311,0.00000681290657667,0.00000291678247777,9.63346110439e-7,4.56923743286e-7,1.07765842472e-7],"var":[0.000247530959314,0.035787820816,1.24670577049,7.97922039032,111.498001099,965.877868652,2315.14526367,6119.23388672,4651.32421875,7654.23388672,2948.85742188,8597.28320312,4546.69970703,903.023925781,1066.90917969,127.982421875,386.175872803,124.874412537,53.3311271667,43.0294189453,151.76953125,3.3282430172,0.377323627472,6.84616327286,4.31132507324,0.112755276263,0.00639865128323,0.00100479705725,0.000967432395555,0.000127458566567,0.0000503413248225,0.000102385354694,0.00000499602174386,2.73575977872e-7,7.04201852386e-8,4.12360670055e-8,3.59523588678e-9,3.09781200691e-10,1.31445895835e-10,6.18419926379e-10]},"erbbands_crest":{"dmean":2.67713069916,"dmean2":4.34606456757,"dvar":5.72438144684,"dvar2":15.0265789032,"max":28.1978263855,"mean":11.6946077347,"median":10.9266738892,"min":4.30490779877,"var":16.0601234436},"erbbands_flatness_db":{"dmean":0.0155410468578,"dmean2":0.0233756303787,"dvar":0.000232126112678,"dvar2":0.000504309369717,"max":0.431249558926,"mean":0.319142013788,"median":0.324891090393,"min":0.0930247157812,"var":0.0028457660228},"erbbands_kurtosis":{"dmean":1.09457731247,"dmean2":1.73054182529,"dvar":1.41745686531,"dvar2":3.46489334106,"max":13.3160877228,"mean":1.20147824287,"median":0.72173833847,"min":-1.52222490311,"var":3.99265122414},"erbbands_skewness":{"dmean":0.335880458355,"dmean2":0.52984637022,"dvar":0.0938819125295,"dvar2":0.23022454977,"max":3.08387088776,"mean":0.602047920227,"median":0.567900180817,"min":-2.32719779015,"var":0.362154722214},"erbbands_spread":{"dmean":2.43786120415,"dmean2":3.7677898407,"dvar":6.94969129562,"dvar2":16.9061260223,"max":49.3358001709,"mean":11.973074913,"median":10.5549945831,"min":2.25544953346,"var":39.7492179871},"gfcc":{"cov":[[6036.49072266,1466.13146973,-671.379577637,-15.4254713058,-195.73387146,-302.904724121,199.424499512,-539.980712891,-255.722259521,-356.479949951,36.1591644287,-68.2153701782,295.471069336],[1466.13146973,992.074157715,183.839813232,-243.58505249,-142.9037323,-148.998138428,113.455993652,-238.765151978,-113.285057068,-199.041168213,27.5218448639,-83.5867614746,74.7135391235],[-671.379577637,183.839813232,504.324645996,-74.7588882446,-113.198265076,22.3678283691,6.32632827759,-26.6220207214,14.087310791,-27.9689807892,17.9894390106,-2.82892990112,-12.8137559891],[-15.4254713058,-243.58505249,-74.7588882446,295.887390137,148.875991821,58.1527938843,-31.7649936676,40.4950752258,1.30005216599,33.2727012634,-23.1657447815,17.3938770294,12.0948839188],[-195.73387146,-142.9037323,-113.198265076,148.875991821,298.455413818,73.6385955811,-39.1631774902,78.7967147827,-23.8394050598,22.0692386627,-59.5483207703,-3.74326014519,26.1105155945],[-302.904724121,-148.998138428,22.3678283691,58.1527938843,73.6385955811,167.294052124,21.2070331573,28.1030368805,-0.975827395916,12.8807992935,-9.58586406708,17.0161342621,5.63628339767],[199.424499512,113.455993652,6.32632827759,-31.7649936676,-39.1631774902,21.2070331573,87.786491394,-17.1148319244,-14.0027198792,-22.1155910492,8.7031879425,-12.4118032455,22.1988735199],[-539.980712891,-238.765151978,-26.6220207214,40.4950752258,78.7967147827,28.1030368805,-17.1148319244,136.68119812,52.8287124634,61.069480896,-31.5028839111,10.8064193726,-14.3203935623],[-255.722259521,-113.285057068,14.087310791,1.30005216599,-23.8394050598,-0.975827395916,-14.0027198792,52.8287124634,78.8513336182,54.919757843,-2.20787906647,9.94881248474,-10.5556879044],[-356.479949951,-199.041168213,-27.9689807892,33.2727012634,22.0692386627,12.8807992935,-22.1155910492,61.069480896,54.919757843,95.6396636963,6.91225671768,13.0206251144,-18.4241981506],[36.1591644287,27.5218448639,17.9894390106,-23.1657447815,-59.5483207703,-9.58586406708,8.7031879425,-31.5028839111,-2.20787906647,6.91225671768,56.0815238953,9.2014913559,-10.3371801376],[-68.2153701782,-83.5867614746,-2.82892990112,17.3938770294,-3.74326014519,17.0161342621,-12.4118032455,10.8064193726,9.94881248474,13.0206251144,9.2014913559,53.5945854187,15.6261730194],[295.471069336,74.7135391235,-12.8137559891,12.0948839188,26.1105155945,5.63628339767,22.1988735199,-14.3203935623,-10.5556879044,-18.4241981506,-10.3371801376,15.6261730194,83.9780807495]],"icov":[[0.00110544892959,-0.0022660207469,0.00240204972215,-0.00183781504165,0.00195169472136,-0.00058421632275,0.0009648532141,0.000592346477788,0.000368515407899,-0.000312814867357,0.000850499898661,-0.000600476865657,-0.00176974479109],[-0.0022660207469,0.0113104246557,-0.00712413899601,0.00706115970388,-0.00861073285341,0.00679212389514,-0.00862361583859,0.00729875825346,-0.00458280649036,0.00737831089646,-0.00312296161428,0.00508726714179,0.00126345397439],[0.00240204972215,-0.00712413899601,0.00833262037486,-0.0048541110009,0.00686633586884,-0.00427028210834,0.00533065060154,-0.00186653842684,0.00133836024906,-0.00163764262106,0.00188671122305,-0.00179167964961,-0.00334382639267],[-0.00183781504165,0.00706115970388,-0.0048541110009,0.00954434834421,-0.00780793698505,0.00301301595755,-0.00435765320435,0.00413139024749,-0.00295134540647,0.00282688089646,-0.00194913509768,0.00162993557751,0.00185663055163],[0.00195169472136,-0.00861073285341,0.00686633586884,-0.00780793698505,0.0165468379855,-0.00827180687338,0.011728387326,-0.0103407492861,0.0112355556339,-0.00753202335909,0.00613357173279,0.00102225609589,-0.00616254564375],[-0.00058421632275,0.00679212389514,-0.00427028210834,0.00301301595755,-0.00827180687338,0.0139192529023,-0.0115143517032,0.00771410902962,-0.00409725587815,0.00502847600728,-0.000877032929566,-0.00136691809166,0.00165862240829],[0.0009648532141,-0.00862361583859,0.00533065060154,-0.00435765320435,0.011728387326,-0.0115143517032,0.0268170945346,-0.0125428652391,0.00814820360392,-0.00488963164389,-0.00189922540449,0.00489928945899,-0.00757704814896],[0.000592346477788,0.00729875825346,-0.00186653842684,0.00413139024749,-0.0103407492861,0.00771410902962,-0.0125428652391,0.029437545687,-0.0138542810455,0.00296929851174,0.00670173345134,-0.00105333817191,0.0015063083265],[0.000368515407899,-0.00458280649036,0.00133836024906,-0.00295134540647,0.0112355556339,-0.00409725587815,0.00814820360392,-0.0138542810455,0.033813804388,-0.0184207558632,0.00565537344664,-0.000697058218066,-0.00329016405158],[-0.000312814867357,0.00737831089646,-0.00163764262106,0.00282688089646,-0.00753202335909,0.00502847600728,-0.00488963164389,0.00296929851174,-0.0184207558632,0.032180827111,-0.011696562171,0.00377799291164,0.00028458549059],[0.000850499898661,-0.00312296161428,0.00188671122305,-0.00194913509768,0.00613357173279,-0.000877032929566,-0.00189922540449,0.00670173345134,0.00565537344664,-0.011696562171,0.0316627509892,-0.00890722218901,0.00385089032352],[-0.000600476865657,0.00508726714179,-0.00179167964961,0.00162993557751,0.00102225609589,-0.00136691809166,0.00489928945899,-0.00105333817191,-0.000697058218066,0.00377799291164,-0.00890722218901,0.0309272035956,-0.0107321729884],[-0.00176974479109,0.00126345397439,-0.00334382639267,0.00185663055163,-0.00616254564375,0.00165862240829,-0.00757704814896,0.0015063083265,-0.00329016405158,0.00028458549059,0.00385089032352,-0.0107321729884,0.0224173218012]],"mean":[-173.911422729,214.378143311,-101.662094116,-24.903755188,-55.156703949,-13.0803928375,-31.8523311615,-16.8412399292,-14.0839948654,-18.0736122131,-1.14722537994,-17.2831821442,-9.67684745789]},"hfc":{"dmean":1.89810013771,"dmean2":3.04426026344,"dvar":14.5600423813,"dvar2":42.4443206787,"max":106.296928406,"mean":7.59506559372,"median":4.57471466064,"min":0.000677257135976,"var":101.184181213},"melbands":{"dmean":[0.000014058025954,0.0000746691512177,0.000341956329066,0.000477671273984,0.000383505335776,0.000414546229877,0.000270815566182,0.000190131919226,0.0000965000290307,0.00012378275278,0.00010890953854,0.0000243962549575,0.0000233676692005,0.00000786309465184,0.00000777984041633,0.00000736155698178,0.00000399859573008,0.00000265450375991,0.00000120009156035,0.00000106643710751,0.00000104090520381,2.763493967e-7,1.54506707872e-7,1.33988237394e-7,1.62857219266e-7,1.59799569133e-7,7.08846954467e-8,1.82486505906e-8,8.40149994019e-9,5.57845147853e-9,2.04966532635e-9,2.7223978627e-9,2.37285857629e-9,1.27559607321e-9,9.06907104969e-10,1.53593660013e-9,1.65733660129e-9,4.00715016724e-10,2.09269865326e-10,8.86823184332e-11],"dmean2":[0.0000206119475479,0.000110951928946,0.000542624562513,0.000742463918868,0.000593523378484,0.000626817403827,0.000425079953857,0.000317917932989,0.00015553450794,0.000201131406357,0.00018744256522,0.0000414329442719,0.0000368803703168,0.0000128862220663,0.0000125476153698,0.0000115036273201,0.00000626290557193,0.00000428695966548,0.00000203430067813,0.00000192493735085,0.00000194353879124,4.54069521538e-7,2.44804795102e-7,2.06431906236e-7,2.41541670221e-7,2.33075397205e-7,1.05804431882e-7,2.93941031515e-8,1.29519737158e-8,8.83806361429e-9,3.05862424277e-9,4.25205159971e-9,4.01076860612e-9,2.02645633607e-9,1.52784329632e-9,2.69331512648e-9,2.94356605757e-9,6.73207489754e-10,3.66110641803e-10,1.51452170249e-10],"dvar":[8.19555889819e-9,1.30930416731e-7,1.30478056803e-7,5.92908520503e-7,9.17169927561e-7,0.00000127606142541,4.03389094572e-7,3.22123895558e-7,1.08371494889e-7,1.3773460239e-7,6.34600070271e-8,4.38336922315e-9,6.36657171427e-9,4.22587548288e-10,2.90045792939e-10,5.08412867362e-10,1.57278162716e-10,6.69556354804e-11,4.96010177375e-11,2.16190287894e-10,4.12919587411e-10,2.38296838859e-12,2.0541225242e-13,3.33501672459e-13,2.44047945915e-12,1.87695150221e-12,2.29733685417e-13,5.58252141074e-15,8.38409569516e-16,5.37249069763e-16,6.04993084053e-17,1.39664271588e-16,5.14010727472e-17,9.19078641528e-18,6.5358307117e-18,3.88471180266e-17,6.34007072696e-17,1.8246065757e-18,6.04066995387e-19,1.4167044803e-19],"dvar2":[2.00190992672e-8,3.28255993054e-7,3.3587514281e-7,0.00000144220928178,0.00000243986232817,0.00000337907272296,0.00000121404093534,9.8893053746e-7,3.10887543264e-7,3.56028351689e-7,1.85778233686e-7,1.27695889418e-8,1.37677131917e-8,1.0107992221e-9,7.0398881169e-10,9.74021974187e-10,3.70103531155e-10,1.61669969079e-10,1.41951186916e-10,6.30230423404e-10,1.24202836904e-9,6.72877552288e-12,4.76679405583e-13,6.15608692495e-13,4.36635319914e-12,2.76930540132e-12,3.88020643177e-13,1.42976400169e-14,1.84748283126e-15,1.04509995527e-15,1.155341161e-16,2.40473500758e-16,1.28032523988e-16,2.26895294607e-17,1.63648849905e-17,1.06711672385e-16,1.8055138575e-16,4.68321207814e-18,1.65558503882e-18,3.63882257383e-19],"max":[0.00295442831703,0.0108212875202,0.00456783175468,0.0165167376399,0.0205073058605,0.0270515233278,0.012300898321,0.010435401462,0.0102805960923,0.00620785076171,0.00340163265355,0.00133632088546,0.00168539071456,0.000438200979261,0.000354094896466,0.000530951423571,0.000283538887743,0.000162502750754,0.000208728699363,0.000464420154458,0.000659912766423,0.0000456321213278,0.000011314209587,0.0000238119700953,0.0000760026086937,0.0000604190099693,0.0000152534075823,0.00000118887089684,6.32155263247e-7,7.8149747651e-7,2.17329386487e-7,4.34594113585e-7,1.41825836408e-7,7.23183077866e-8,6.2559152525e-8,8.62977032057e-8,8.70360281624e-8,3.75725264234e-8,1.26768266995e-8,1.12093427873e-8],"mean":[0.000104894897959,0.00026907020947,0.000726695405319,0.00127092318144,0.000918293197174,0.000846616749186,0.000575315498281,0.000358475575922,0.000183289987035,0.000221856244025,0.000171577747096,0.0000502461225551,0.0000432456763519,0.0000145261765283,0.0000159385053848,0.0000152115399032,0.0000083983541117,0.00000591196248934,0.0000019483302367,0.00000120849244922,9.25819222175e-7,4.04090684469e-7,2.26044846841e-7,2.24033954055e-7,2.89710783363e-7,2.70779111133e-7,1.29853290787e-7,3.31561160749e-8,1.66904658983e-8,9.443559712e-9,4.55661819387e-9,5.73477620947e-9,4.56557147643e-9,3.10530645642e-9,1.9350001601e-9,2.41442088544e-9,2.21712870285e-9,8.96706042752e-10,4.14104223134e-10,2.35076208499e-10],"median":[0.0000282841410808,0.0000771935883677,0.000571786891669,0.000776337517891,0.000271200435236,0.000282725319266,0.000206068405532,0.00017774043954,0.0000493937259307,0.0000582743050472,0.0000509675010107,0.0000077905406215,0.0000107906771518,0.00000532745434612,0.00000673107797411,0.00000346659271599,0.0000015153395907,9.86326540442e-7,4.39658833784e-7,2.40336873958e-7,1.06659896915e-7,7.72017472173e-8,5.91675188844e-8,5.1737714557e-8,4.12747418466e-8,1.99355341124e-8,9.84317338748e-9,6.32031849079e-9,3.50375684022e-9,2.08169437244e-9,1.24401311474e-9,1.78213310775e-9,2.01646521703e-9,1.51751988753e-9,9.83437664637e-10,1.16127929495e-9,1.03597042056e-9,5.10178344015e-10,1.73442080142e-10,1.36870681455e-10],"min":[1.1330406835e-8,2.47925733277e-8,8.95749785457e-9,3.7908929329e-9,2.65517496878e-9,4.26914459339e-9,7.81381004344e-9,2.19269189472e-8,8.3717637267e-9,1.54799062457e-9,1.349892087e-9,7.74797670466e-10,7.95844223855e-10,3.04367114845e-10,2.19440604576e-10,2.37930591895e-10,5.88529780465e-10,4.46767955964e-10,8.2989232153e-10,4.53789478216e-10,1.60601948407e-10,1.0565097408e-10,7.40699723778e-11,7.8003888071e-11,7.61150933948e-11,3.86287252185e-11,1.61896850093e-11,2.07192232121e-11,1.06553507337e-11,5.74975180315e-12,9.36630981108e-12,7.41599750359e-12,1.14040634575e-11,1.28597349783e-11,2.07779210504e-11,2.24379091696e-11,5.03597961943e-11,5.11801989678e-11,4.64704837111e-11,2.98210935112e-11],"var":[2.7883139353e-8,2.3418196804e-7,3.65295619531e-7,0.00000194148265109,0.00000245270871346,0.00000327671455125,0.00000117689091894,6.24500785307e-7,2.65895266693e-7,3.07067978156e-7,1.11190011864e-7,1.47763268288e-8,1.61083626438e-8,9.32511734497e-10,9.86655424029e-10,1.72298308954e-9,4.5384584979e-10,2.16640677619e-10,4.265330103e-11,1.34227184923e-10,2.17379239609e-10,2.07117114258e-12,3.53337584885e-13,7.10780609717e-13,5.56563345758e-12,5.07268923047e-12,6.54226184945e-13,1.02402573319e-14,2.6227932637e-15,1.28285215092e-15,2.10169401528e-16,4.48226277583e-16,9.64769071085e-17,2.92162673896e-17,1.12012613018e-17,3.75746793252e-17,4.04057148979e-17,3.20338182638e-18,5.31714799676e-19,1.20967151274e-19]},"melbands_crest":{"dmean":2.26932120323,"dmean2":3.66974806786,"dvar":3.64200425148,"dvar2":9.67305278778,"max":23.5908489227,"mean":12.8820114136,"median":12.5858078003,"min":5.11928319931,"var":9.58866596222},"melbands_flatness_db":{"dmean":0.0206539668143,"dmean2":0.0316989347339,"dvar":0.00039294193266,"dvar2":0.000955004943535,"max":0.53830498457,"mean":0.40215420723,"median":0.413431167603,"min":0.094974629581,"var":0.00413802079856},"melbands_kurtosis":{"dmean":2.21847558022,"dmean2":3.51852869987,"dvar":7.81190347672,"dvar2":19.358669281,"max":34.4147758484,"mean":4.43461704254,"median":3.28991007805,"min":-1.46941888332,"var":20.8942584991},"melbands_skewness":{"dmean":0.410648673773,"dmean2":0.642153143883,"dvar":0.133531406522,"dvar2":0.327671736479,"max":4.70099449158,"mean":1.40028882027,"median":1.30424571037,"min":-0.618422746658,"var":0.664036989212},"melbands_spread":{"dmean":1.60238361359,"dmean2":2.59250926971,"dvar":7.62362718582,"dvar2":21.3829860687,"max":56.3141593933,"mean":6.83815574646,"median":5.67952060699,"min":1.82740151882,"var":23.1247463226},"mfcc":{"cov":[[4852.92822266,1820.92224121,-944.096679688,189.242279053,-235.34979248,-24.2992153168,77.9466323853,-13.2446432114,-289.437133789,-50.2073020935,-281.413330078,-367.369995117,-280.340820312],[1820.92224121,1480.5201416,104.66040802,-164.420913696,-207.721343994,-98.0040664673,44.2419471741,-34.4927024841,-167.376251221,-127.277153015,-135.913116455,-197.959350586,-126.119468689],[-944.096679688,104.66040802,658.216491699,-110.743011475,-105.22845459,-23.837387085,-12.1416158676,-25.0160179138,-0.0586882792413,-59.8501396179,32.284614563,31.3949146271,45.0190353394],[189.242279053,-164.420913696,-110.743011475,228.010360718,101.113258362,34.6631469727,6.30902767181,1.91011059284,15.8670473099,33.6483955383,-15.0549755096,-20.4552898407,-7.75227355957],[-235.34979248,-207.721343994,-105.22845459,101.113258362,233.423141479,68.5417175293,12.8395442963,28.622587204,49.9137001038,17.6232948303,-4.95995759964,12.8787851334,-15.5780029297],[-24.2992153168,-98.0040664673,-23.837387085,34.6631469727,68.5417175293,126.599975586,64.246711731,23.8337688446,19.6712818146,9.11397743225,-8.35754871368,-9.69807910919,-19.5680866241],[77.9466323853,44.2419471741,-12.1416158676,6.30902767181,12.8395442963,64.246711731,101.618217468,34.5144958496,-8.5335483551,-1.13261044025,-17.7486362457,-30.9927768707,-22.2063751221],[-13.2446432114,-34.4927024841,-25.0160179138,1.91011059284,28.622587204,23.8337688446,34.5144958496,59.28748703,28.7976474762,-1.55206871033,-11.6595191956,-8.87136268616,-11.3832960129],[-289.437133789,-167.376251221,-0.0586882792413,15.8670473099,49.9137001038,19.6712818146,-8.5335483551,28.7976474762,111.932998657,37.7860832214,7.43120956421,21.9588718414,6.08268547058],[-50.2073020935,-127.277153015,-59.8501396179,33.6483955383,17.6232948303,9.11397743225,-1.13261044025,-1.55206871033,37.7860832214,71.2652587891,32.3565711975,-1.16201913357,-5.70082521439],[-281.413330078,-135.913116455,32.284614563,-15.0549755096,-4.95995759964,-8.35754871368,-17.7486362457,-11.6595191956,7.43120956421,32.3565711975,78.1454620361,37.1036491394,11.798157692],[-367.369995117,-197.959350586,31.3949146271,-20.4552898407,12.8787851334,-9.69807910919,-30.9927768707,-8.87136268616,21.9588718414,-1.16201913357,37.1036491394,90.1336288452,41.9036216736],[-280.340820312,-126.119468689,45.0190353394,-7.75227355957,-15.5780029297,-19.5680866241,-22.2063751221,-11.3832960129,6.08268547058,-5.70082521439,11.798157692,41.9036216736,73.1616668701]],"icov":[[0.0159270595759,-0.0218164417893,0.0222856216133,-0.0243111848831,0.0247672088444,-0.0242029614747,0.0236746836454,-0.0213785916567,0.0196287035942,-0.0181559380144,0.0172122400254,-0.0140819661319,0.0120347775519],[-0.0218164417893,0.0318205170333,-0.030658595264,0.0343167111278,-0.0335301719606,0.0347402356565,-0.0333666168153,0.031079377979,-0.0266018044204,0.0269680730999,-0.0223094355315,0.0221388991922,-0.0141500066966],[0.0222856216133,-0.030658595264,0.0333974696696,-0.0338284187019,0.0353850573301,-0.0341439284384,0.0324378050864,-0.0283564869314,0.0253368169069,-0.021762797609,0.0214994139969,-0.0188023094088,0.0157437268645],[-0.0243111848831,0.0343167111278,-0.0338284187019,0.0441373847425,-0.0403551198542,0.0371740497649,-0.0359789691865,0.0343565009534,-0.028638895601,0.0250700972974,-0.0234866458923,0.0244888346642,-0.0186350811273],[0.0247672088444,-0.0335301719606,0.0353850573301,-0.0403551198542,0.0460254400969,-0.0406268239021,0.0381418541074,-0.0346098728478,0.0284525230527,-0.0257894787937,0.026420770213,-0.0232568774372,0.0208628661931],[-0.0242029614747,0.0347402356565,-0.0341439284384,0.0371740497649,-0.0406268239021,0.0531289055943,-0.0470779687166,0.0368473529816,-0.0321879349649,0.0297956503928,-0.0252465717494,0.0223686937243,-0.0146443592384],[0.0236746836454,-0.0333666168153,0.0324378050864,-0.0359789691865,0.0381418541074,-0.0470779687166,0.0576132461429,-0.0448233485222,0.0357503481209,-0.0326081439853,0.0275712776929,-0.0196390841156,0.0167568866163],[-0.0213785916567,0.031079377979,-0.0283564869314,0.0343565009534,-0.0346098728478,0.0368473529816,-0.0448233485222,0.0609512254596,-0.0383134186268,0.0357482470572,-0.0246512517333,0.024184865877,-0.0127944638953],[0.0196287035942,-0.0266018044204,0.0253368169069,-0.028638895601,0.0284525230527,-0.0321879349649,0.0357503481209,-0.0383134186268,0.0441208779812,-0.0380060449243,0.0294272843748,-0.0230247508734,0.0148819610476],[-0.0181559380144,0.0269680730999,-0.021762797609,0.0250700972974,-0.0257894787937,0.0297956503928,-0.0326081439853,0.0357482470572,-0.0380060449243,0.0590131953359,-0.0378602929413,0.0286061577499,-0.0114111537114],[0.0172122400254,-0.0223094355315,0.0214994139969,-0.0234866458923,0.026420770213,-0.0252465717494,0.0275712776929,-0.0246512517333,0.0294272843748,-0.0378602929413,0.046753026545,-0.0259608346969,0.0171169470996],[-0.0140819661319,0.0221388991922,-0.0188023094088,0.0244888346642,-0.0232568774372,0.0223686937243,-0.0196390841156,0.024184865877,-0.0230247508734,0.0286061577499,-0.0259608346969,0.0407229736447,-0.0177922286093],[0.0120347775519,-0.0141500066966,0.0157437268645,-0.0186350811273,0.0208628661931,-0.0146443592384,0.0167568866163,-0.0127944638953,0.0148819610476,-0.0114111537114,0.0171169470996,-0.0177922286093,0.0326531343162]],"mean":[-817.879821777,243.550170898,15.2500295639,-7.22022294998,-3.62054920197,-8.58687782288,-6.95287895203,-6.86173772812,-15.4442920685,-1.87744128704,-0.612392127514,-7.99408769608,-6.63151454926]},"pitch_salience":{"dmean":0.0599492453039,"dmean2":0.096333026886,"dvar":0.00255864160135,"dvar2":0.00714740576223,"max":0.843990147114,"mean":0.590697705746,"median":0.58882522583,"min":0.227432444692,"var":0.00852133426815},"silence_rate_20dB":{"dmean":0,"dmean2":0,"dvar":0,"dvar2":0,"max":1,"mean":1,"median":1,"min":1,"var":0},"silence_rate_30dB":{"dmean":0.00776322185993,"dmean2":0.0155339809135,"dvar":0.00770294759423,"dvar2":0.0201470218599,"max":1,"mean":0.982541203499,"median":1,"min":0,"var":0.0171539857984},"silence_rate_60dB":{"dmean":0.000485201366246,"dmean2":0.000970873807091,"dvar":0.000484968739329,"dvar2":0.000969941436779,"max":1,"mean":0.072259940207,"median":0,"min":0,"var":0.0670357123017},"spectral_centroid":{"dmean":45.6974067688,"dmean2":73.4107971191,"dvar":7236.30664062,"dvar2":18238.5566406,"max":1932.90441895,"mean":434.532897949,"median":390.001342773,"min":192.472518921,"var":31735.0585938},"spectral_complexity":{"dmean":1.37214946747,"dmean2":2.28446602821,"dvar":1.59319603443,"dvar2":3.930747509,"max":23,"mean":9.75315189362,"median":10,"min":0,"var":16.8221759796},"spectral_contrast_coeffs":{"dmean":[0.0354862958193,0.0400970764458,0.0341862142086,0.0247507169843,0.0163107849658,0.0116816535592],"dmean2":[0.0551259480417,0.0646832883358,0.0552339106798,0.0411088317633,0.0268381927162,0.0193153005093],"dvar":[0.000849252508488,0.000995399896055,0.000769614940509,0.000424897938501,0.000207667733775,0.000142294011312],"dvar2":[0.00214092130773,0.00266403472051,0.00212605250999,0.00117924204096,0.000506383657921,0.000330844894052],"max":[-0.334015905857,-0.465362042189,-0.526591718197,-0.640709400177,-0.682338297367,-0.682145833969],"mean":[-0.555903255939,-0.710109591484,-0.720214605331,-0.783517181873,-0.811898231506,-0.830051004887],"median":[-0.543937563896,-0.713100612164,-0.716218054295,-0.783071279526,-0.809738874435,-0.829252123833],"min":[-0.869837760925,-0.952841997147,-0.93433713913,-0.953968822956,-0.96824067831,-0.960429370403],"var":[0.00746923778206,0.00545822316781,0.00458276551217,0.00228648516349,0.00109437922947,0.000966389954556]},"spectral_contrast_valleys":{"dmean":[0.23639562726,0.287660598755,0.235503152013,0.243492007256,0.204278439283,0.145935505629],"dmean2":[0.389710515738,0.468640476465,0.391755402088,0.384580105543,0.308834761381,0.248264536262],"dvar":[0.0677075535059,0.0551940351725,0.0425344221294,0.0785341709852,0.0649857372046,0.0367952510715],"dvar2":[0.186310485005,0.138744026423,0.102051183581,0.153185591102,0.131087630987,0.095460742712],"max":[-5.29840135574,-3.93222784996,-5.36918449402,-6.64835977554,-7.72661209106,-10.5308456421],"mean":[-7.93400859833,-6.71125459671,-8.03143405914,-9.04316043854,-10.333782196,-13.2732305527],"median":[-7.87765836716,-6.65057563782,-8.01823043823,-8.99785423279,-10.3484840393,-13.2927074432],"min":[-12.4560089111,-10.8279886246,-12.4323835373,-12.6667375565,-13.1430559158,-14.3899211884],"var":[0.892476439476,0.986134886742,0.938589990139,0.780388534069,0.792518258095,0.234442949295]},"spectral_decrease":{"dmean":1.27077171008e-9,"dmean2":1.99581418059e-9,"dvar":5.35622855839e-18,"dvar2":1.50924495978e-17,"max":-2.08727037932e-13,"mean":-4.96193219846e-9,"median":-3.2066047595e-9,"min":-6.6443135438e-8,"var":3.18233322308e-17},"spectral_energy":{"dmean":0.00495765404776,"dmean2":0.00779317738488,"dvar":0.0000819473934826,"dvar2":0.000231261379668,"max":0.260412663221,"mean":0.0194163322449,"median":0.0125036854297,"min":8.4921407506e-7,"var":0.000491686281748},"spectral_energyband_high":{"dmean":5.99455063366e-7,"dmean2":9.43580118928e-7,"dvar":3.8209604751e-12,"dvar2":8.69942919784e-12,"max":0.0000449530270998,"mean":0.0000014033679463,"median":4.81066877001e-7,"min":1.89971025577e-8,"var":1.10245788193e-11},"spectral_energyband_low":{"dmean":0.000411785236793,"dmean2":0.000626348482911,"dvar":0.00000249204640568,"dvar2":0.0000062686444835,"max":0.046086512506,"mean":0.0015862955479,"median":0.000794901396148,"min":1.06895527097e-7,"var":0.00000539960956303},"spectral_energyband_middle_high":{"dmean":0.000563319190405,"dmean2":0.000940416415688,"dvar":0.0000015512215441,"dvar2":0.00000454518612969,"max":0.0211781989783,"mean":0.00137366552372,"median":0.000416188966483,"min":5.16316553956e-8,"var":0.00000600207704338},"spectral_energyband_middle_low":{"dmean":0.00478628370911,"dmean2":0.00749835371971,"dvar":0.000078363053035,"dvar2":0.00022261160484,"max":0.257835388184,"mean":0.0171930659562,"median":0.0114999162033,"min":5.53296729322e-7,"var":0.000425786449341},"spectral_entropy":{"dmean":0.144432425499,"dmean2":0.220107421279,"dvar":0.0200619045645,"dvar2":0.043199095875,"max":8.08086395264,"mean":5.97259378433,"median":5.88909339905,"min":4.91314649582,"var":0.249034509063},"spectral_flux":{"dmean":0.012309031561,"dmean2":0.0212123058736,"dvar":0.000163796590641,"dvar2":0.000441478972789,"max":0.26207870245,"mean":0.0491353049874,"median":0.0395229384303,"min":0.00064980762545,"var":0.00137477100361},"spectral_kurtosis":{"dmean":21.830619812,"dmean2":37.8844032288,"dvar":399.329345703,"dvar2":1127.46875,"max":208.13092041,"mean":64.189453125,"median":59.5141143799,"min":2.40733623505,"var":1415.74987793},"spectral_rms":{"dmean":0.000488001358462,"dmean2":0.000741016701795,"dvar":3.03387651002e-7,"dvar2":7.66656455653e-7,"max":0.0159392952919,"mean":0.00384882651269,"median":0.00349266594276,"min":0.0000287837028736,"var":0.00000412928511651},"spectral_rolloff":{"dmean":89.5802001953,"dmean2":156.522491455,"dvar":23616.0996094,"dvar2":60181.859375,"max":2540.91796875,"mean":567.933349609,"median":495.263671875,"min":107.666015625,"var":58946.9726562},"spectral_skewness":{"dmean":1.15644276142,"dmean2":2.0073029995,"dvar":0.950303912163,"dvar2":2.67438983917,"max":11.9300508499,"mean":5.73124599457,"median":5.63380908966,"min":1.082036376,"var":4.08949613571},"spectral_spread":{"dmean":247763.9375,"dmean2":416766.875,"dvar":179271090176,"dvar2":180352843776,"max":23264414,"mean":1300126.75,"median":1115891.5,"min":434052.8125,"var":798423842816},"spectral_strongpeak":{"dmean":0.353025346994,"dmean2":0.58103966713,"dvar":0.180165350437,"dvar2":0.446607798338,"max":5.28661632538,"mean":0.773540735245,"median":0.556049108505,"min":0,"var":0.481888413429},"zerocrossingrate":{"dmean":0.00202183029614,"dmean2":0.00279908417724,"dvar":0.00000524364577359,"dvar2":0.00000947558146436,"max":0.07080078125,"mean":0.0210181158036,"median":0.01904296875,"min":0.0009765625,"var":0.0000629659552942}},"metadata":{"audio_properties":{"analysis_sample_rate":44100,"bit_rate":0,"codec":"flac","downmix":"mix","equal_loudness":0,"length":47.8400001526,"lossless":true,"md5_encoded":"436217e3ea602ebabdcf0cef3d791c06","replay_gain":-1.23197174072,"sample_rate":44100},"tags":{"acoustid_id":["d1c8e459-d289-4c9e-9f91-1a067fe740d7"],"album":["48:13"],"albumartist":["Kasabian"],"albumartistsort":["Kasabian"],"artist":["Kasabian"],"artistsort":["Kasabian"],"date":["2014-06-10"],"discnumber":["1"],"disctotal":["1"],"file_name":"04 (mortis).flac","genre":["Alternative en Indie"],"label":["Sony Music"],"media":["Digital Media"],"musicbrainz_albumartistid":["69b39eab-6577-46a4-a9f5-817839092033"],"musicbrainz_albumid":["c0f4080d-4c57-4740-9b95-92486791b000"],"musicbrainz_artistid":["69b39eab-6577-46a4-a9f5-817839092033"],"musicbrainz_recordingid":["aeab7311-b0ff-4c4c-9f88-7a4a3944ce4d"],"musicbrainz_releasegroupid":["c714fb23-514a-4395-a396-8c77926c4209"],"originaldate":["2014-06-10"],"releasecountry":["IT"],"releasestatus":["official"],"releasetype":["album"],"script":["Latn"],"title":["(mortis)"],"tracknumber":["4"],"tracktotal":["13"]},"version":{"essentia":"2.1-beta2","essentia_build_sha":"70f2e5ece6736b2c40cc944ad0e695b16b925413","essentia_git_sha":"v2.1_beta2","extractor":"music 1.0"}},"rhythm":{"beats_count":109,"beats_loudness":{"dmean":0.0130634410307,"dmean2":0.0221010521054,"dvar":0.000214583065826,"dvar2":0.000525492767338,"max":0.129308879375,"mean":0.0228609424084,"median":0.0178457628936,"min":0.00000897389327292,"var":0.000458805938251},"beats_loudness_band_ratio":{"dmean":[0.142869502306,0.163459569216,0.150152608752,0.0406034439802,0.0104408422485,0.0010933483718],"dmean2":[0.249935805798,0.299215734005,0.262474685907,0.0688082203269,0.0187134537846,0.00205243262462],"dvar":[0.0158449131995,0.0186575073749,0.0180112849921,0.00245989533141,0.000535554543603,0.00001814992174