{"lowlevel":{"average_loudness":0.95375841856,"barkbands":{"dmean":[0.000191178260138,0.00635711662471,0.00279528228566,0.00133623194415,0.00177473551594,0.00108424224891,0.00169427332003,0.000920558115467,0.000833088357467,0.000834611593746,0.000632618437521,0.000481529859826,0.000375126546714,0.000245769624598,0.00024553318508,0.000280371896224,0.000265591224888,0.000149100495037,0.000119207521493,0.000180862072739,0.0000845657705213,0.000145672311191,0.0000570375123061,0.0000431908811152,0.0000247277566814,0.0000138796549436,4.7955535365e-7],"dmean2":[0.000336846947903,0.011149215512,0.00508419843391,0.00226824660785,0.00288324127905,0.00171722809318,0.00276872119866,0.00144369108602,0.00131020008121,0.00127835408784,0.000954661052674,0.000740807969123,0.000570319243707,0.000384875194868,0.000395801500417,0.000454176130006,0.000435365480371,0.000242488487856,0.000194476844626,0.000295849022223,0.00014011769963,0.000235990650253,0.0000900588711374,0.0000668108477839,0.0000368088076357,0.0000231262692978,8.15076646177e-7],"dvar":[2.65776009201e-7,0.000449150655186,0.0000665517582092,0.00000702817669662,0.00000583351265959,0.00000228830413107,0.0000101076593637,0.00000285437226921,0.00000150918310737,0.0000025101094252,0.00000140333543186,7.21368792256e-7,6.74533282563e-7,3.28111070758e-7,2.66885876954e-7,2.23506447128e-7,1.81863015314e-7,4.88877525129e-8,2.90024715355e-8,1.78548091867e-7,3.59282168461e-8,1.70537290956e-7,2.00668459627e-8,1.08615854089e-8,4.62706362114e-9,2.87923263009e-9,3.23113085766e-12],"dvar2":[7.86185580637e-7,0.00121551193297,0.000200230540941,0.0000192129937204,0.0000153738637891,0.00000570603788219,0.0000254418264376,0.00000670488407195,0.00000347849641003,0.00000526513122168,0.00000277714275398,0.00000152358586547,0.00000122186827411,7.15192868483e-7,6.32032993053e-7,5.65325137813e-7,4.66222104478e-7,1.25164135056e-7,7.49350377305e-8,4.89107549129e-7,9.24806684566e-8,4.15934380271e-7,4.80396806779e-8,2.41618103303e-8,1.05526289929e-8,7.74621078392e-9,8.79652080343e-12],"max":[0.00518454890698,0.179543972015,0.0862659364939,0.0330296754837,0.0507344081998,0.0246824622154,0.045203384012,0.040789026767,0.0274840183556,0.0644926726818,0.0277224313468,0.0330933481455,0.0242645256221,0.0168870631605,0.0153564810753,0.00895116571337,0.00785255990922,0.00352280074731,0.00230410438962,0.0141567774117,0.0054071880877,0.0133791025728,0.00524989329278,0.00258515123278,0.00105492514558,0.000808071461506,0.0000341315935657],"mean":[0.000191879051272,0.00595664232969,0.00300379144028,0.00197992660105,0.00366131798364,0.00263634184375,0.00295191351324,0.00170816958416,0.00154985394329,0.00169352919329,0.00121370225679,0.000916650460567,0.000666633946821,0.000427494553151,0.000457199814264,0.000565762456972,0.000570569187403,0.000335289369104,0.000266848976025,0.000395660405047,0.000176947432919,0.000280243984889,0.000129017003928,0.000093039489002,0.00004316911145,0.0000139683752423,4.36400142689e-7],"median":[0.00000471776911581,0.000864759436809,0.00121022039093,0.000913560972549,0.00277088489383,0.00181610987056,0.00146920373663,0.000924768624827,0.000970154651441,0.000907927402295,0.000572929973714,0.000485720403958,0.000273340818239,0.000197201326955,0.000228444783716,0.000330714625306,0.000336199707817,0.000202645751415,0.000176972331246,0.000141613927553,0.0000767393430579,0.0000350041955244,0.0000283558147203,0.0000277658291452,0.00000985063888947,9.06498826225e-7,3.56965657033e-8],"min":[3.91538646304e-23,1.42205857014e-23,1.38769957564e-23,3.8585780649e-23,8.18878514169e-23,1.23413741903e-22,1.638662262e-23,2.80591323773e-23,9.40379864756e-24,3.90996320209e-23,1.34412734841e-22,4.43372108922e-23,1.17902986811e-22,7.95752709633e-23,1.41149922516e-22,1.32277080112e-22,1.75295785731e-22,2.36241500573e-22,3.2515379863e-22,2.87920270723e-22,5.68550305479e-22,5.52484351661e-22,4.37886565825e-22,6.27635305704e-22,1.02927965779e-21,1.900898812e-21,2.61373685099e-21],"var":[2.93300388421e-7,0.000346904067555,0.0000453282191302,0.00000883226766746,0.0000110749542728,0.00000701820817994,0.0000196546843654,0.00000630247677691,0.0000033144885947,0.00000642193663225,0.00000404833326684,0.00000178383822913,0.00000195511779566,7.73795989062e-7,6.71063332902e-7,4.97332905525e-7,4.73383721555e-7,1.49666831817e-7,7.89489220665e-8,4.66445953862e-7,6.69276403187e-8,4.46811043275e-7,6.28940526326e-8,2.78653224939e-8,7.67565566662e-9,2.15694151429e-9,2.30455671907e-12]},"barkbands_crest":{"dmean":2.51983499527,"dmean2":4.17185544968,"dvar":8.06743526459,"dvar2":21.4889087677,"max":25.1772766113,"mean":8.15939998627,"median":7.33030605316,"min":2.07816457748,"var":14.0986862183},"barkbands_flatness_db":{"dmean":0.0199148040265,"dmean2":0.0308555010706,"dvar":0.00056603574194,"dvar2":0.00133573228959,"max":0.296571671963,"mean":0.137394964695,"median":0.140188276768,"min":0.0218605808914,"var":0.00236438051797},"barkbands_kurtosis":{"dmean":2.96147251129,"dmean2":4.8653550148,"dvar":40.497718811,"dvar2":105.947662354,"max":118.322883606,"mean":3.94048452377,"median":1.49580264091,"min":-1.88179790974,"var":51.4554290771},"barkbands_skewness":{"dmean":0.51150405407,"dmean2":0.807425200939,"dvar":0.496135175228,"dvar2":1.21381652355,"max":9.3612537384,"mean":1.44636821747,"median":1.24129617214,"min":-2.11257410049,"var":1.18519973755},"barkbands_spread":{"dmean":4.51769161224,"dmean2":6.95148324966,"dvar":36.9661407471,"dvar2":81.603187561,"max":126.896476746,"mean":18.9258003235,"median":16.9473648071,"min":1.5585821867,"var":135.713928223},"dissonance":{"dmean":0.0177816338837,"dmean2":0.0295405723155,"dvar":0.000298306491459,"dvar2":0.000794056570157,"max":0.5,"mean":0.464261472225,"median":0.47119808197,"min":0.296220034361,"var":0.000766331853811},"dynamic_complexity":2.29865336418,"erbbands":{"dmean":[0.145959898829,1.59277331829,3.35273146629,3.78637266159,5.16370201111,6.50165653229,6.65062427521,9.6697845459,23.959608078,20.1080341339,19.5454444885,20.5735740662,18.7308311462,27.7527561188,23.5819072723,17.3723678589,17.6718425751,12.1787748337,10.5627908707,13.5551271439,16.511510849,13.3280162811,8.42931747437,6.34224653244,5.53915500641,9.95055580139,4.10240983963,3.99981021881,5.77353286743,1.89332592487,1.58324801922,1.14087581635,0.630054056644,0.329274594784,0.152343079448,0.0765489786863,0.0228797439486,0.0022084324155,0.0000800741763669,0.0000150739388118],"dmean2":[0.254949331284,2.82619094849,6.06333398819,6.56696414948,8.60671043396,10.5573425293,10.3843107224,15.5781021118,39.1308059692,32.3726005554,30.4859828949,32.2468299866,29.1441783905,42.5123252869,35.242893219,27.0757694244,26.6492538452,19.2333183289,16.7009162903,21.8130569458,26.3381843567,21.5773334503,13.6157169342,10.4399366379,8.99757385254,16.4099693298,6.76308774948,6.50937271118,9.37938594818,2.98801159859,2.48627352715,1.78953659534,0.970926046371,0.495607733727,0.229923963547,0.123993650079,0.039254065603,0.00374460988678,0.000132869259687,0.0000244669117819],"dvar":[0.185194775462,30.1651916504,114.080131531,68.7035903931,59.878288269,87.3571472168,78.9057922363,205.66796875,1957.46679688,1694.14758301,1040.03088379,915.735778809,1741.34631348,2370.2590332,1576.01269531,1035.4609375,1535.9395752,704.897766113,593.643676758,721.451782227,723.756347656,428.244598389,154.716583252,87.9804000854,78.9780960083,653.801879883,66.9525604248,87.1217193604,274.558685303,21.3799381256,17.6260757446,8.17440032959,2.24124217033,0.712608754635,0.209063485265,0.0827965438366,0.00905857048929,0.000067602537456,7.51591073822e-8,8.33166036163e-10],"dvar2":[0.511680483818,82.7481307983,331.843048096,193.827697754,162.437210083,227.320953369,195.92376709,525.184875488,4892.19287109,3991.51464844,2470.44360352,2092.95947266,3635.37231445,4941.57714844,3218.87524414,2219.64575195,2715.43457031,1585.55761719,1362.06750488,1752.87451172,1801.43969727,1070.32873535,395.212585449,232.28578186,203.008758545,1838.78967285,170.679443359,217.40536499,672.673461914,50.1521263123,42.2449150085,18.3716907501,5.21482419968,1.59377300739,0.502133607864,0.217211663723,0.0252116825432,0.000183970332728,2.01485732987e-7,2.09721240374e-9],"max":[4.09955310822,46.26770401,106.889770508,91.4066925049,186.757980347,129.081329346,206.720306396,253.240890503,693.434631348,778.564025879,725.965454102,588.707519531,2253.05908203,1238.17810059,864.797607422,1688.88342285,1184.32324219,838.889648438,722.539245605,743.121948242,535.062255859,476.059051514,200.662445068,133.181335449,226.303955078,886.789794922,120.5364151,242.283996582,527.687316895,129.872955322,174.403686523,91.167427063,38.427482605,14.0640697479,6.57680416107,4.13448381424,1.74927568436,0.12632766366,0.00406253617257,0.000307846203214],"mean":[0.135695159435,1.45283675194,3.54378533363,5.57881259918,8.61599254608,12.5949401855,17.8510875702,21.1979160309,42.34400177,36.9229278564,38.0080299377,39.0717811584,41.3086585999,55.3267173767,50.9701271057,35.0977706909,33.2112503052,22.5997390747,19.7875862122,27.9421463013,35.7766647339,30.9591369629,20.1833171844,14.8803777695,13.0865707397,20.8234786987,9.11576938629,8.51715087891,10.7812623978,4.5036072731,3.52153325081,2.5438246727,1.29299545288,0.604575097561,0.244165882468,0.0850591212511,0.0212953463197,0.0020022848621,0.0000944581406657,0.0000412897279602],"median":[0.00962119176984,0.254597902298,1.30968117714,2.717420578,5.76840162277,8.457280159,12.6155929565,13.8510694504,21.7196464539,19.8752861023,23.9374885559,24.6500816345,25.1470336914,30.5896110535,29.2983322144,20.8697891235,14.5890245438,11.3745651245,10.287651062,15.8370685577,20.7374744415,18.8039531708,12.982460022,8.77514743805,8.60723686218,6.76750946045,4.51856231689,2.1501455307,1.40853476524,0.978492498398,0.690847277641,0.625351548195,0.395691752434,0.156349956989,0.047203630209,0.00778613518924,0.00101591518614,0.0000940140307648,0.0000250538723776,0.0000351143316948],"min":[4.64602116619e-22,3.35085130811e-21,1.19503130447e-20,1.0026300795e-19,7.97150272779e-20,3.71397813634e-19,4.50146674569e-19,1.35870081799e-18,4.95205994269e-19,2.07537082449e-19,7.08234573709e-19,2.60045783951e-19,1.00598045824e-18,3.67013048114e-18,3.62330461384e-18,2.70848090666e-18,5.32459923972e-18,2.54025780588e-18,7.53196172359e-18,6.69079017816e-18,8.24981387458e-18,9.20637546111e-18,1.18306076088e-17,1.78409292366e-17,1.46017445517e-17,1.43343799254e-17,2.00451240323e-17,2.05249251835e-17,1.87810828685e-17,1.89901296072e-17,1.22112240143e-17,1.16646263743e-17,1.220903364e-17,8.77756172284e-18,8.93993562272e-18,5.36854858644e-18,3.45351669413e-18,1.42179794832e-18,3.59743459188e-19,4.7120508384e-20],"var":[0.155740126967,22.0187358856,79.7027206421,75.5678939819,86.6829452515,173.554122925,305.042938232,501.836608887,3990.60473633,3248.89379883,2328.35131836,2036.02087402,3922.7421875,6388.171875,4685.78125,2365.30981445,4626.52880859,1562.73950195,1289.29504395,1974.86938477,1944.55554199,1266.04431152,485.842193604,283.71472168,204.715316772,1523.75427246,147.746429443,235.93611145,680.94354248,68.99974823,51.3909721375,23.131072998,5.14163780212,1.33755397797,0.286095052958,0.0684462338686,0.00603954074904,0.000048332643928,5.78189407463e-8,1.01021946364e-9]},"erbbands_crest":{"dmean":2.20037722588,"dmean2":3.55210733414,"dvar":4.90301561356,"dvar2":11.7564792633,"max":27.9965667725,"mean":7.83515119553,"median":6.84316587448,"min":2.26258969307,"var":13.0846824646},"erbbands_flatness_db":{"dmean":0.0156896021217,"dmean2":0.0223097894341,"dvar":0.00028437236324,"dvar2":0.000510624260642,"max":0.319756895304,"mean":0.173031583428,"median":0.17327144742,"min":0.0314028076828,"var":0.00174601969775},"erbbands_kurtosis":{"dmean":0.810018599033,"dmean2":1.27363061905,"dvar":1.44402217865,"dvar2":3.47849059105,"max":26.3489494324,"mean":0.483577221632,"median":-0.159107208252,"min":-1.86984634399,"var":3.79370832443},"erbbands_skewness":{"dmean":0.308734834194,"dmean2":0.472740709782,"dvar":0.101929672062,"dvar2":0.225495100021,"max":4.3487200737,"mean":0.513157367706,"median":0.441259413958,"min":-3.88257741928,"var":0.485482245684},"erbbands_spread":{"dmean":6.9932718277,"dmean2":10.6370172501,"dvar":77.7373580933,"dvar2":169.786407471,"max":128.472824097,"mean":34.0852165222,"median":31.5094776154,"min":5.09611368179,"var":226.473602295},"gfcc":{"cov":[[10042.2617188,-188.5546875,-745.342529297,472.733001709,-480.363677979,496.678771973,-256.499725342,157.153900146,-201.579681396,68.5795822144,-184.766235352,110.793380737,-28.9686050415],[-188.5546875,1857.80859375,-191.051895142,-15.2821292877,400.604187012,-391.59942627,329.708709717,-170.079986572,188.806640625,-175.389160156,183.820526123,-135.10395813,114.779769897],[-745.342529297,-191.051895142,888.612182617,71.4360198975,6.55227279663,176.315597534,-85.6399917603,137.842025757,-47.2615242004,45.9314994812,13.4449748993,-31.9616966248,-85.8173446655],[472.733001709,-15.2821292877,71.4360198975,299.795837402,71.0288009644,101.224998474,63.2802467346,37.3654937744,40.1250839233,20.7640628815,-2.18208789825,19.0423774719,32.5998802185],[-480.363677979,400.604187012,6.55227279663,71.0288009644,434.761505127,-49.8957328796,195.453125,-5.80322599411,89.2964324951,24.1272830963,-1.6535654068,27.7292098999,34.9738960266],[496.678771973,-391.59942627,176.315597534,101.224998474,-49.8957328796,289.399414062,-28.1986274719,102.039024353,-43.5038337708,53.5882911682,-16.5463867188,23.5602416992,-31.3880119324],[-256.499725342,329.708709717,-85.6399917603,63.2802467346,195.453125,-28.1986274719,239.106231689,-12.3941240311,63.3673248291,-8.25074005127,21.0840320587,22.5005989075,35.3772583008],[157.153900146,-170.079986572,137.842025757,37.3654937744,-5.80322599411,102.039024353,-12.3941240311,113.752700806,3.15098428726,36.4735450745,-7.11475563049,10.6569328308,-10.5347700119],[-201.579681396,188.806640625,-47.2615242004,40.1250839233,89.2964324951,-43.5038337708,63.3673248291,3.15098428726,98.6162338257,9.75707817078,22.6546897888,-4.34086322784,30.0385971069],[68.5795822144,-175.389160156,45.9314994812,20.7640628815,24.1272830963,53.5882911682,-8.25074005127,36.4735450745,9.75707817078,88.3844070435,-4.72601461411,24.6233253479,-14.0298175812],[-184.766235352,183.820526123,13.4449748993,-2.18208789825,-1.6535654068,-16.5463867188,21.0840320587,-7.11475563049,22.6546897888,-4.72601461411,94.1023712158,-23.2931652069,14.9980268478],[110.793380737,-135.10395813,-31.9616966248,19.0423774719,27.7292098999,23.5602416992,22.5005989075,10.6569328308,-4.34086322784,24.6233253479,-23.2931652069,92.7186508179,24.4278717041],[-28.9686050415,114.779769897,-85.8173446655,32.5998802185,34.9738960266,-31.3880119324,35.3772583008,-10.5347700119,30.0385971069,-14.0298175812,14.9980268478,24.4278717041,71.6004562378]],"icov":[[0.000408225634601,-0.00117919198237,0.000858623592649,-0.000988046987914,0.000806470925454,-0.000990225467831,0.00119795312639,-0.00124871288426,0.00135553232394,-0.00135147175752,0.0015030298382,-0.00137354503386,0.00125107285567],[-0.00117919198237,0.00575195485726,-0.00272772763856,0.0029775982257,-0.00368056329899,0.004284305498,-0.00492325657979,0.00446584215388,-0.00498881144449,0.00677328323945,-0.00706624425948,0.00639988528565,-0.00484042847529],[0.000858623592649,-0.00272772763856,0.00363760394976,-0.00262875808403,0.00111006665975,-0.00232144957408,0.00354102207348,-0.00465819286183,0.00379658583552,-0.0026988775935,0.0023516502697,-0.00302588636987,0.00470012472942],[-0.000988046987914,0.0029775982257,-0.00262875808403,0.00733089074492,-0.00203354004771,0.0000767527671997,-0.00386984553188,0.00402868026868,-0.00542195001617,0.00318807829171,-0.00264321174473,0.00399947585538,-0.00604121433571],[0.000806470925454,-0.00368056329899,0.00111006665975,-0.00203354004771,0.00684483908117,-0.00213946052827,-0.000150148800458,-0.00216123624705,0.00136701634619,-0.00601666281,0.00615049665794,-0.00415291031823,0.00233375350945],[-0.000990225467831,0.004284305498,-0.00232144957408,0.0000767527671997,-0.00213946052827,0.0105894124135,-0.00433240644634,-0.00142276054248,-0.000130488610012,0.00308055779897,-0.00580108398572,0.00400929292664,-0.00196183193475],[0.00119795312639,-0.00492325657979,0.00354102207348,-0.00386984553188,-0.000150148800458,-0.00433240644634,0.0126346377656,-0.00440028868616,0.00273452000692,-0.00303535861894,0.00383929372765,-0.00761230196804,0.00571791781113],[-0.00124871288426,0.00446584215388,-0.00465819286183,0.00402868026868,-0.00216123624705,-0.00142276054248,-0.00440028868616,0.0204242374748,-0.00870199222118,0.00228594662622,-0.00372187956236,0.00500472355634,-0.00629958044738],[0.00135553232394,-0.00498881144449,0.00379658583552,-0.00542195001617,0.00136701634619,-0.000130488610012,0.00273452000692,-0.00870199222118,0.023709313944,-0.00998169463128,0.00378480507061,-0.00183050008491,0.00013751455117],[-0.00135147175752,0.00677328323945,-0.0026988775935,0.00318807829171,-0.00601666281,0.00308055779897,-0.00303535861894,0.00228594662622,-0.00998169463128,0.0253022797406,-0.0102497665212,0.00140475260559,0.000847610936034],[0.0015030298382,-0.00706624425948,0.0023516502697,-0.00264321174473,0.00615049665794,-0.00580108398572,0.00383929372765,-0.00372187956236,0.00378480507061,-0.0102497665212,0.0225869286805,-0.00322968885303,0.000740241375752],[-0.00137354503386,0.00639988528565,-0.00302588636987,0.00399947585538,-0.00415291031823,0.00400929292664,-0.00761230196804,0.00500472355634,-0.00183050008491,0.00140475260559,-0.00322968885303,0.0239112284034,-0.0144171873108],[0.00125107285567,-0.00484042847529,0.00470012472942,-0.00604121433571,0.00233375350945,-0.00196183193475,0.00571791781113,-0.00629958044738,0.00013751455117,0.000847610936034,0.000740241375752,-0.0144171873108,0.0297360252589]],"mean":[-0.660373985767,116.788948059,-135.381835938,30.7763690948,-69.1855316162,4.82011222839,-34.3851318359,4.8587346077,-21.9811687469,-7.20605421066,-12.3914165497,-3.87685680389,-6.17351436615]},"hfc":{"dmean":5.57191467285,"dmean2":8.59660434723,"dvar":58.3916435242,"dvar2":137.339004517,"max":151.126113892,"mean":23.1729412079,"median":18.3841648102,"min":1.21078661424e-16,"var":331.746368408},"melbands":{"dmean":[0.00155658402946,0.00184903875925,0.000657289521769,0.000430652609793,0.000230113932048,0.000223928131163,0.000361528596841,0.00020978221437,0.000160759140272,0.000122011042549,0.000094964481832,0.00011663314217,0.0000906258574105,0.0000586610403843,0.0000423103701905,0.0000327817579091,0.0000239637920458,0.0000177169713425,0.0000187693494809,0.0000179930593731,0.0000207497523661,0.0000159617211466,0.0000114106060209,0.00000722275171938,0.00000552463870918,0.00000464710228698,0.0000054201959756,0.0000068652752816,0.00000318625120599,0.00000209151107811,0.00000279277855952,0.00000460067349195,0.00000148567880842,0.0000010913386177,9.83591917247e-7,9.52236632656e-7,6.63084620101e-7,5.24478764419e-7,3.4305875829e-7,2.67463377668e-7],"dmean2":[0.00271856016479,0.00328556541353,0.00113583484199,0.00069950526813,0.000362764985766,0.00035859431955,0.000587707210798,0.000336631492246,0.000249876786256,0.000192878418602,0.00014760925842,0.000178946283995,0.000135495371069,0.0000896767814993,0.0000645261825412,0.0000506600918015,0.0000380021883757,0.0000281358425127,0.0000301473173749,0.0000292787426588,0.0000334016658599,0.0000260923334281,0.0000185977714864,0.0000118238358482,0.00000914333122637,0.00000760515740694,0.00000903403724806,0.0000113074038381,0.00000528293821844,0.0000034729816889,0.00000456849511465,0.0000075435737017,0.00000241524617195,0.00000176055641532,0.0000015682396679,0.00000152025472744,0.00000104520086097,8.2769997789e-7,5.27327529198e-7,4.06422259402e-7],"dvar":[0.0000246669187618,0.0000364982915926,0.00000181555685685,3.70188303123e-7,9.46607414676e-8,1.0818645535e-7,4.34030567931e-7,1.77655564926e-7,6.56259828702e-8,3.261023096e-8,4.44911236741e-8,4.37195346592e-8,2.86079675504e-8,1.05080397717e-8,8.25773671664e-9,4.12607725764e-9,2.98171998203e-9,2.099817209e-9,1.77099890308e-9,1.14898490722e-9,1.18021736828e-9,6.46468656385e-10,3.07115305409e-10,1.33784885947e-10,6.79970524331e-11,4.60863083807e-11,1.4688029959e-10,2.81766859844e-10,3.66951261044e-11,2.46599303477e-11,4.89721353747e-11,2.03447078628e-10,1.39923420073e-11,7.03865915205e-12,6.71410106332e-12,6.22468136063e-12,2.78666759806e-12,1.4576556108e-12,7.94819722191e-13,5.0733495096e-13],"dvar2":[0.0000668267821311,0.000100758348708,0.0000051256279221,9.74855879576e-7,2.37392114855e-7,2.72035293847e-7,0.00000108939843813,4.14472907551e-7,1.5254192931e-7,7.624427667e-8,9.28790555577e-8,9.03556482967e-8,5.60569297647e-8,2.19869775719e-8,1.61491531259e-8,8.25270873861e-9,6.75861633326e-9,4.73699213188e-9,4.06703826172e-9,2.90058976837e-9,2.95856983357e-9,1.63218527582e-9,7.82630071861e-10,3.455827291e-10,1.82573942076e-10,1.19692519784e-10,4.12878203848e-10,7.74948605287e-10,9.3099708498e-11,6.426469773e-11,1.231887925e-10,5.05208819224e-10,3.44362559301e-11,1.74059395369e-11,1.62016615401e-11,1.53847663775e-11,6.27214166021e-12,3.53466019475e-12,1.76352259618e-12,1.14488778701e-12],"max":[0.0453111082315,0.0560996904969,0.0146997515112,0.012531708926,0.00749655067921,0.00524739921093,0.0104543119669,0.00949381291866,0.00609367853031,0.00386194000021,0.0115483663976,0.00546215893701,0.00408125901595,0.00316406809725,0.00248704128899,0.00153350061737,0.00183180894237,0.00142946455162,0.00122538919095,0.000846245093271,0.000657934579067,0.000621244253125,0.00031502879574,0.000183513038792,0.00011652710964,0.000100378805655,0.000391938345274,0.000555997132324,0.0000884219334694,0.000169952458236,0.000192054954823,0.000471381557873,0.000138024959597,0.0000635857286397,0.0000965130820987,0.000104218859633,0.0000481940332975,0.0000301012678392,0.0000235966235778,0.0000140884558277],"mean":[0.00147220678627,0.00195294513833,0.00103195663542,0.000794130959548,0.000611783878412,0.000494883337524,0.000644131505396,0.000388194428524,0.00031112623401,0.000229343422689,0.000202967217774,0.000224937975872,0.000184448101209,0.000113610563858,0.0000772657876951,0.0000595085002715,0.0000408139931096,0.0000303949927911,0.0000352818969986,0.0000368269138562,0.0000426104088547,0.0000337256424245,0.000023343391149,0.0000150106179717,0.0000117222625704,0.00000963645015872,0.000010734856005,0.0000142908293128,0.00000625775919616,0.00000402292289436,0.00000544611566511,0.00000768442896515,0.00000316343903251,0.000002242461278,0.00000200385193239,0.00000199183477889,0.00000137325059768,0.00000103622664938,5.88174145832e-7,4.72359829473e-7],"median":[0.000167885998962,0.000605646055192,0.000574723992031,0.00055768317543,0.000453148677479,0.00032685638871,0.000329274509568,0.000216708285734,0.000200636219233,0.000144960547914,0.000119897711556,0.00011921224359,0.0000950449175434,0.0000584678273299,0.0000355871452484,0.0000271684002655,0.0000189967031474,0.0000144150581036,0.0000178115205927,0.0000221089285333,0.0000232233214774,0.0000191788549273,0.0000148255185195,0.0000083163013187,0.00000662902220938,0.00000646657190373,0.00000523805829289,0.00000417181581724,0.00000313455893775,0.0000015312132291,0.00000110084340577,8.40636062094e-7,5.55762767362e-7,5.77446201078e-7,3.86612953207e-7,3.12866120566e-7,3.86188560242e-7,3.12262557145e-7,1.4789367242e-7,1.16257126592e-7],"min":[5.80712421757e-24,5.61837938523e-24,1.45413633668e-23,1.53006198999e-23,1.74386222797e-23,2.75449654611e-23,7.23117868469e-24,2.68916923905e-24,5.12747282164e-24,1.51200634438e-24,4.71613589653e-24,1.36845641827e-23,1.46742138541e-23,5.73874299329e-24,1.22678615047e-23,8.28907744619e-24,4.40271396471e-24,1.24526632158e-23,9.96075495703e-24,9.57449473681e-24,9.37451534189e-24,9.5668333197e-24,9.69148911994e-24,1.13996317261e-23,1.51028177611e-23,1.0222007545e-23,1.15435097e-23,8.74776771928e-24,1.14281174934e-23,1.28821419696e-23,1.15948787445e-23,1.04860045801e-23,9.51663731144e-24,1.05974098837e-23,7.16879950861e-24,6.7284999498e-24,7.36617960684e-24,7.95245866502e-24,9.33452482716e-24,6.50411832607e-24],"var":[0.0000197977642529,0.0000276640294032,0.00000199550072466,6.31258842532e-7,3.23415036974e-7,2.73452684496e-7,8.9469364184e-7,3.52582105734e-7,1.47910512283e-7,6.98527600207e-8,9.90513555621e-8,1.171807682e-7,8.4681737178e-8,2.81034537863e-8,2.17745537157e-8,1.13890799014e-8,6.23767748564e-9,4.42835546011e-9,4.45125225568e-9,2.63166066716e-9,2.98020297329e-9,1.71314396002e-9,7.16527837064e-10,3.59649365844e-10,1.90033974667e-10,1.05505611192e-10,2.81588335982e-10,7.26459836731e-10,7.25721011063e-11,4.18264832491e-11,1.21604587511e-10,4.33673902345e-10,3.84961645894e-11,1.75078666842e-11,1.78799960948e-11,1.70209540906e-11,6.7023431076e-12,3.37743656827e-12,1.38811217295e-12,9.06278361818e-13]},"melbands_crest":{"dmean":2.84884929657,"dmean2":4.67799711227,"dvar":8.28103637695,"dvar2":19.5941696167,"max":29.3671875,"mean":11.1715583801,"median":10.1486415863,"min":1.59743356705,"var":21.3320674896},"melbands_flatness_db":{"dmean":0.0247835274786,"dmean2":0.0378794930875,"dvar":0.000928524008486,"dvar2":0.00213237665594,"max":0.409323990345,"mean":0.19105514884,"median":0.200293689966,"min":0.00328124477528,"var":0.00496112694964},"melbands_kurtosis":{"dmean":6.87989282608,"dmean2":11.3745012283,"dvar":314.894775391,"dvar2":801.247924805,"max":451.32119751,"mean":10.4439315796,"median":5.07241010666,"min":-1.54227900505,"var":363.249145508},"melbands_skewness":{"dmean":0.686021506786,"dmean2":1.08385396004,"dvar":1.04726815224,"dvar2":2.49660825729,"max":16.238286972,"mean":2.20005941391,"median":1.82767760754,"min":-0.693010628223,"var":2.11993360519},"melbands_spread":{"dmean":5.60783290863,"dmean2":8.62841510773,"dvar":51.8366127014,"dvar2":112.030288696,"max":190.421966553,"mean":22.7605037689,"median":18.8062133789,"min":1.01151430607,"var":318.366027832},"mfcc":{"cov":[[6994.45800781,-703.679931641,-461.358520508,-64.8826751709,-141.352493286,187.739181519,-33.0986938477,92.6850204468,66.2746200562,-35.4184036255,-84.739616394,22.791015625,5.84919214249],[-703.679931641,1717.51989746,-354.562316895,367.183410645,6.52621555328,-27.1782779694,63.7635955811,30.4024009705,6.66401576996,11.6178216934,32.3547134399,-4.63451862335,40.5155181885],[-461.358520508,-354.562316895,879.815979004,-141.720001221,151.163894653,-61.0474433899,68.0134658813,-2.73020744324,-64.9228134155,47.0779266357,62.1671791077,2.70901989937,-44.9851379395],[-64.8826751709,367.183410645,-141.720001221,337.756408691,41.510974884,86.6520462036,31.68866539,49.7452278137,83.4497756958,10.7723894119,2.32544946671,18.347234726,45.9895057678],[-141.352493286,6.52621555328,151.163894653,41.510974884,202.868881226,38.1330909729,46.959526062,13.9752149582,34.6756591797,39.682674408,30.2882480621,13.5550832748,9.07472801208],[187.739181519,-27.1782779694,-61.0474433899,86.6520462036,38.1330909729,162.925918579,64.6383209229,54.4474487305,57.317741394,15.0224161148,18.9877891541,17.9995708466,14.8815307617],[-33.0986938477,63.7635955811,68.0134658813,31.68866539,46.959526062,64.6383209229,130.855636597,53.8463973999,20.5864620209,27.2877979279,34.1812705994,12.9022922516,7.20479822159],[92.6850204468,30.4024009705,-2.73020744324,49.7452278137,13.9752149582,54.4474487305,53.8463973999,95.9115982056,53.6758460999,4.72066688538,5.88186216354,14.0938568115,13.9900856018],[66.2746200562,6.66401576996,-64.9228134155,83.4497756958,34.6756591797,57.317741394,20.5864620209,53.6758460999,108.982772827,18.7879104614,-3.29608511925,13.9025669098,28.010017395],[-35.4184036255,11.6178216934,47.0779266357,10.7723894119,39.682674408,15.0224161148,27.2877979279,4.72066688538,18.7879104614,75.8014755249,38.4583511353,3.46182012558,3.5707154274],[-84.739616394,32.3547134399,62.1671791077,2.32544946671,30.2882480621,18.9877891541,34.1812705994,5.88186216354,-3.29608511925,38.4583511353,72.7068939209,17.1155166626,-3.97114539146],[22.791015625,-4.63451862335,2.70901989937,18.347234726,13.5550832748,17.9995708466,12.9022922516,14.0938568115,13.9025669098,3.46182012558,17.1155166626,50.1571311951,22.3692359924],[5.84919214249,40.5155181885,-44.9851379395,45.9895057678,9.07472801208,14.8815307617,7.20479822159,13.9900856018,28.010017395,3.5707154274,-3.97114539146,22.3692359924,55.8651809692]],"icov":[[0.000167243924807,0.0000804098817753,0.00010740126163,0.0000177267647814,0.0000398651245632,-0.00016086488904,0.0000610838687862,-0.000215666615986,0.000131925829919,-0.000126067214296,0.000185148324817,-0.000115722767077,0.000079981124145],[0.0000804098817753,0.00109086418524,0.000578877341468,-0.00132858497091,-0.000241900299443,0.00124937132932,-0.000829246127978,-0.00050725339679,0.0010018349858,-5.00166891015e-7,-0.000706976628862,0.000473975698696,-0.0000415524409618],[0.00010740126163,0.000578877341468,0.00207548798062,-0.000144044010085,-0.00152798742056,0.00147783139255,-0.00103775353637,-0.00108545587864,0.00152633001562,-0.000415803020587,-0.000702489865944,-0.000152343942318,0.000891347823199],[0.0000177267647814,-0.00132858497091,-0.000144044010085,0.00592499086633,-0.000360812380677,-0.00276124407537,0.00107458583079,0.000155631467351,-0.00279063684866,0.000330622453475,0.000504439638462,-0.0000620421778876,-0.00197654427029],[0.0000398651245632,-0.000241900299443,-0.00152798742056,-0.000360812380677,0.00735242478549,-0.00127854268067,-0.00103196664713,0.00219500623643,-0.00278529012576,-0.00149689579848,-0.000146387319546,-0.000650795409456,-0.000290089781629],[-0.00016086488904,0.00124937132932,0.00147783139255,-0.00276124407537,-0.00127854268067,0.0120966471732,-0.00482277525589,-0.00182904407848,-0.00167948764283,0.000984957558103,-0.00252986303531,-0.000503690273035,0.00144022260793],[0.0000610838687862,-0.000829246127978,-0.00103775353637,0.00107458583079,-0.00103196664713,-0.00482277525589,0.0145080760121,-0.00672617228702,0.00259698228911,-0.0021135287825,-0.00226561212912,0.000553943391424,-0.00140944891609],[-0.000215666615986,-0.00050725339679,-0.00108545587864,0.000155631467351,0.00219500623643,-0.00182904407848,-0.00672617228702,0.0206191800535,-0.00972121022642,0.00333128264174,0.000220651490963,-0.00184265256394,0.000637499149889],[0.000131925829919,0.0010018349858,0.00152633001562,-0.00279063684866,-0.00278529012576,-0.00167948764283,0.00259698228911,-0.00972121022642,0.0202270373702,-0.00581322982907,0.00355911976658,-0.000445057201432,-0.00355343567207],[-0.000126067214296,-5.00166891015e-7,-0.000415803020587,0.000330622453475,-0.00149689579848,0.000984957558103,-0.0021135287825,0.00333128264174,-0.00581322982907,0.0217920113355,-0.0117682721466,0.00481916964054,-0.00241872761399],[0.000185148324817,-0.000706976628862,-0.000702489865944,0.000504439638462,-0.000146387319546,-0.00252986303531,-0.00226561212912,0.000220651490963,0.00355911976658,-0.0117682721466,0.0256992504001,-0.0101352790371,0.00529985036701],[-0.000115722767077,0.000473975698696,-0.000152343942318,-0.0000620421778876,-0.000650795409456,-0.000503690273035,0.000553943391424,-0.00184265256394,-0.000445057201432,0.00481916964054,-0.0101352790371,0.0295876301825,-0.0124259917066],[0.000079981124145,-0.0000415524409618,0.000891347823199,-0.00197654427029,-0.000290089781629,0.00144022260793,-0.00140944891609,0.000637499149889,-0.00355343567207,-0.00241872761399,0.00529985036701,-0.0124259917066,0.0272410120815]],"mean":[-629.962463379,136.964904785,-9.06230449677,21.9336566925,-9.38859367371,-2.31938385963,-4.46190929413,4.64869165421,-2.65094685555,-2.2530002594,-7.2024435997,0.603873491287,-0.133482381701]},"pitch_salience":{"dmean":0.0703189224005,"dmean2":0.115007914603,"dvar":0.00549137126654,"dvar2":0.0141041819006,"max":0.889491677284,"mean":0.633310616016,"median":0.650293767452,"min":0.146713271737,"var":0.0110668158159},"silence_rate_20dB":{"dmean":0,"dmean2":0,"dvar":0,"dvar2":0,"max":1,"mean":1,"median":1,"min":1,"var":0},"silence_rate_30dB":{"dmean":0.0415217615664,"dmean2":0.083052277565,"dvar":0.0397927574813,"dvar2":0.101028047502,"max":1,"mean":0.970916748047,"median":1,"min":0,"var":0.0282355733216},"silence_rate_60dB":{"dmean":0.00274001481012,"dmean2":0.00548060704023,"dvar":0.00273259403184,"dvar2":0.00671571865678,"max":1,"mean":0.0384615398943,"median":0,"min":0,"var":0.0369831174612},"spectral_centroid":{"dmean":204.334686279,"dmean2":312.44354248,"dvar":65636.9375,"dvar2":134417.921875,"max":10944.8720703,"mean":1250.13842773,"median":1132.49169922,"min":217.802597046,"var":427741.46875},"spectral_complexity":{"dmean":3.62166714668,"dmean2":5.68001699448,"dvar":14.109375,"dvar2":30.1524524689,"max":59,"mean":24.4168605804,"median":24,"min":0,"var":146.066665649},"spectral_contrast_coeffs":{"dmean":[0.050392087549,0.0448516532779,0.0366138927639,0.0288930106908,0.0201709158719,0.0174277387559],"dmean2":[0.0842344090343,0.073542393744,0.0595455914736,0.0469482094049,0.0331770479679,0.0276028569788],"dvar":[0.00158550986089,0.00132559577469,0.00085849565221,0.000612059782725,0.000298971572192,0.00030596961733],"dvar2":[0.00438704388216,0.00352758029476,0.00218017539009,0.00148131500464,0.000732692948077,0.000671845860779],"max":[-0.33428311348,-0.463371187449,-0.523097276688,-0.576004743576,-0.595282256603,-0.584283649921],"mean":[-0.615524172783,-0.733778595924,-0.76769310236,-0.797075986862,-0.801465392113,-0.743152022362],"median":[-0.617174804211,-0.737016916275,-0.769951224327,-0.801579356194,-0.803251624107,-0.745428919792],"min":[-0.960887730122,-0.952468752861,-0.961852312088,-0.959216058254,-0.95841896534,-0.957320511341],"var":[0.00621526036412,0.00430813059211,0.00299922190607,0.00217457604595,0.00111726566684,0.00280268699862]},"spectral_contrast_valleys":{"dmean":[0.389005452394,0.31175789237,0.289903521538,0.269688606262,0.219916135073,0.260320872068],"dmean2":[0.650001764297,0.512955248356,0.472790271044,0.425795465708,0.339093714952,0.346974939108],"dvar":[0.119352400303,0.0806760191917,0.0724525973201,0.0769753307104,0.0655277073383,0.154989272356],"dvar2":[0.290901899338,0.191589072347,0.157998785377,0.157764837146,0.118684276938,0.249303802848],"max":[-5.16155672073,-4.76431083679,-4.99918460846,-5.57007598877,-5.67787361145,-7.93005895615],"mean":[-7.28825473785,-6.23470067978,-6.78345060349,-7.44277381897,-7.28167486191,-10.4546613693],"median":[-7.15850067139,-6.07824134827,-6.58778810501,-7.212433815,-7.04819297791,-10.2189540863],"min":[-27.9916477203,-27.5846405029,-27.2190322876,-27.369934082,-27.2472896576,-27.3018074036],"var":[1.4466906786,1.02862274647,1.10181963444,1.0985840559,1.1578758955,1.58317112923]},"spectral_decrease":{"dmean":3.09593417569e-9,"dmean2":5.08701303303e-9,"dvar":4.28939370461e-17,"dvar2":1.0902928026e-16,"max":5.98698355397e-18,"mean":-7.89143328461e-9,"median":-6.63960708636e-9,"min":-6.01162355451e-8,"var":4.57520578207e-17},"spectral_energy":{"dmean":0.0120280040428,"dmean2":0.0197285655886,"dvar":0.000619426718913,"dvar2":0.00156973884441,"max":0.229540631175,"mean":0.0318858735263,"median":0.0271757729352,"min":1.05980940786e-20,"var":0.000681285455357},"spectral_energyband_high":{"dmean":0.000352600938641,"dmean2":0.000539029017091,"dvar":5.2883041235e-7,"dvar2":0.00000122633616684,"max":0.0190065857023,"mean":0.000941523059737,"median":0.000277094339253,"min":7.75399429325e-21,"var":0.00000233109335568},"spectral_energyband_low":{"dmean":0.00852425955236,"dmean2":0.0144928600639,"dvar":0.000653470051475,"dvar2":0.00169082696084,"max":0.219542264938,"mean":0.0102564822882,"median":0.00302701164037,"min":6.93275386642e-23,"var":0.000598583021201},"spectral_energyband_middle_high":{"dmean":0.00203594658524,"dmean2":0.00308266910724,"dvar":0.00000878980517882,"dvar2":0.0000188175254152,"max":0.0587060190737,"mean":0.00704162102193,"median":0.00533449277282,"min":1.57781288917e-21,"var":0.0000463524374936},"spectral_energyband_middle_low":{"dmean":0.00458876276389,"dmean2":0.00736768823117,"dvar":0.0000287852144538,"dvar2":0.0000722920594853,"max":0.0759259164333,"mean":0.0150108616799,"median":0.0135771110654,"min":3.08756952373e-22,"var":0.0000775334701757},"spectral_entropy":{"dmean":0.1271905303,"dmean2":0.188867121935,"dvar":0.0226346608251,"dvar2":0.044464096427,"max":9.79765892029,"mean":7.55925321579,"median":7.59776830673,"min":6.12158536911,"var":0.164515346289},"spectral_flux":{"dmean":0.0265095103532,"dmean2":0.0418123491108,"dvar":0.00165331561584,"dvar2":0.00339175085537,"max":0.437716454268,"mean":0.0910776555538,"median":0.0786897391081,"min":1.02947046721e-10,"var":0.00340153067373},"spectral_kurtosis":{"dmean":1.91769206524,"dmean2":3.27119588852,"dvar":4.44567584991,"dvar2":12.7046527863,"max":30.7458534241,"mean":4.60736894608,"median":3.68321323395,"min":-1.22130692005,"var":10.3377199173},"spectral_rms":{"dmean":0.000879224506207,"dmean2":0.00139938050415,"dvar":0.00000179464007033,"dvar2":0.00000427056693297,"max":0.0149646950886,"mean":0.0052338829264,"median":0.00514907296747,"min":3.21552550211e-12,"var":0.00000371471696781},"spectral_rolloff":{"dmean":378.755096436,"dmean2":618.308105469,"dvar":397673.15625,"dvar2":870029.1875,"max":19315.2832031,"mean":1500.9465332,"median":1012.06054688,"min":86.1328125,"var":3216059},"spectral_skewness":{"dmean":0.236039444804,"dmean2":0.386535555124,"dvar":0.0560644678771,"dvar2":0.135907590389,"max":4.49563646317,"mean":1.50555205345,"median":1.42848956585,"min":-0.124261178076,"var":0.243226364255},"spectral_spread":{"dmean":454449.875,"dmean2":656548.5625,"dvar":593690820608,"dvar2":1046700032000,"max":41167988,"mean":3917976.25,"median":3742854,"min":1694228.625,"var":2170442743810},"spectral_strongpeak":{"dmean":0.583455383778,"dmean2":0.975529611111,"dvar":0.936159014702,"dvar2":2.23963212967,"max":21.2463912964,"mean":1.08120429516,"median":0.661654651165,"min":0,"var":1.73240566254},"zerocrossingrate":{"dmean":0.00853877235204,"dmean2":0.0100653972477,"dvar":0.0000977186427917,"dvar2":0.000119596719742,"max":0.51513671875,"mean":0.0581146255136,"median":0.04638671875,"min":0.009765625,"var":0.00212268508039}},"metadata":{"audio_properties":{"analysis_sample_rate":44100,"bit_rate":0,"codec":"flac","downmix":"mix","equal_loudness":0,"length":220.320007324,"lossless":true,"md5_encoded":"8f7205b60aba48aafdba9f73bd480cd2","replay_gain":-12.774520874},"tags":{"acoustid_id":["8c24a324-c5f5-4ff3-9c08-5bff47889388"],"album":["Elephant"],"albumartist":["The White Stripes"],"albumartistsort":["White Stripes, The"],"artist":["The White Stripes"],"artistsort":["White Stripes, The"],"asin":["B00007KN36"],"barcode":["634904016227"],"catalognumber":["XLCD 162"],"composer":["Jack White"],"date":["2003-03-31"],"discnumber":["1"],"disctotal":["1"],"engineer":["Liam Watson"],"file_name":"12 The Air Near My Fingers.flac","genre":["Rock","Punk Blues"],"isrc":["GBBKS0200619","USVT10300012"],"label":["XL Recordings"],"media":["CD"],"mixer":["Jack White","Liam Watson"],"musicbrainz_albumartistid":["11ae9fbb-f3d7-4a47-936f-4c0a04d3b3b5"],"musicbrainz_albumid":["f337bb41-489f-329d-84e7-249eafbb16cf"],"musicbrainz_artistid":["11ae9fbb-f3d7-4a47-936f-4c0a04d3b3b5"],"musicbrainz_recordingid":["af038ac0-c0bc-4561-b1ff-ce40bc6719a6"],"musicbrainz_releasegroupid":["d85b9684-4277-3565-b89b-115c8b4b7fd3"],"musicbrainz_releasetrackid":["2a14bcce-dc3f-332a-8566-027003367d83"],"musicbrainz_workid":["b617bebb-ffce-3b04-8f86-def26af87c23"],"originaldate":["2003-03-19"],"producer":["Jack White"],"releasecountry":["GB"],"releasestatus":["official"],"releasetype":["album"],"script":["Latn"],"title":["The Air Near My Fingers"],"totaldiscs":["1"],"totaltracks":["14"],"tracknumber":["12"],"tracktotal":["14"]},"version":{"essentia":"2.1-beta1","essentia_build_sha":"7598a69e7b456135ce4c070efb04a3d0ebb71fdd","essentia_git_sha":"v2.1_beta1-6-g5578087","extractor":"music 1.0"}},"rhythm":{"beats_count":345,"beats_loudness":{"dmean":0.0332270525396,"dmean2":0.0588236041367,"dvar":0.00100507831667,"dvar2":0.00291512068361,"max":0.20336034894,"mean":0.0556896552444,"median":0.0457565523684,"min":8.26359591866e-10,"var":0.00142615614459},"beats_loudness_band_ratio":{"dmean":[0.4