{"lowlevel":{"average_loudness":0.968013763428,"barkbands":{"dmean":[0.000548528216314,0.00383689324372,0.00106441404205,0.00262730871327,0.000890689727385,0.000312771706376,0.000676252297126,0.000500637688674,0.000725841149688,0.000244180846494,0.000216636515688,0.000192268547835,0.000272963516181,0.000282546505332,0.00026668125065,0.000301141553791,0.000409358239267,0.000369088491425,0.000406161649153,0.000376128882635,0.000376290234271,0.000375197763788,0.000338928337442,0.000283220084384,0.000157663904247,0.0000442260643467,0.00000700451164448],"dmean2":[0.00078886927804,0.00573146762326,0.00187615246978,0.00444795098156,0.00144982826896,0.000500962603837,0.00105745706242,0.000790679245256,0.00112342066132,0.000380405079341,0.000340614496963,0.000303884618916,0.000429309060564,0.000447234895546,0.000431913649663,0.000496225547977,0.000660142512061,0.000568974413909,0.000636195705738,0.000585648114793,0.000553102057893,0.000538386870176,0.000474529340863,0.00039104433381,0.000206597876968,0.000063701038016,0.0000108854737846],"dvar":[0.00000103107674931,0.0000552920682821,0.00000279904975287,0.0000302936568914,0.00000170158568835,5.91464186073e-7,0.00000241714383264,0.00000231779608839,0.00000169710460796,2.41661354039e-7,2.68750454779e-7,1.76303927901e-7,3.04204348822e-7,2.89699443101e-7,1.95241455003e-7,1.66314066519e-7,3.7599204461e-7,4.35724189174e-7,4.26180946533e-7,3.27181965076e-7,4.19641850158e-7,4.52263179795e-7,4.09028643844e-7,2.8880108971e-7,1.0164130515e-7,7.06986291732e-9,2.11745121437e-10],"dvar2":[0.00000189818206309,0.000103626909549,0.00000786797227192,0.0000771788909333,0.00000427569284511,0.00000154648546413,0.00000548186335436,0.00000558567126063,0.00000394525250158,5.48382331544e-7,6.54364271213e-7,3.87501785326e-7,6.98090389051e-7,6.62060301693e-7,4.84335544115e-7,4.14687633565e-7,8.91143031367e-7,8.97213737971e-7,9.70466771832e-7,7.19791273696e-7,8.65946844897e-7,8.90704484391e-7,7.7846948443e-7,5.35264859991e-7,1.68178260651e-7,1.36300233322e-8,4.79474127069e-10],"max":[0.00705888867378,0.0582488030195,0.016399057582,0.0413012057543,0.023537941277,0.017482670024,0.0397335514426,0.0335132330656,0.0238886550069,0.00893711484969,0.0108070075512,0.0125776808709,0.0148656647652,0.010784172453,0.00749709503725,0.00944785960019,0.0171694215387,0.0233831200749,0.0244242846966,0.0131840277463,0.0114202387631,0.00876304879785,0.00650766072795,0.00673353858292,0.0048914863728,0.0010518633062,0.000145559082739],"mean":[0.000539365108125,0.00431595183909,0.0015640319325,0.00260707363486,0.00157473271247,0.000524064758793,0.00112591183279,0.000726355647203,0.00139395787846,0.000453593529528,0.000375599629479,0.000335756252753,0.000504355120938,0.000538958876859,0.000553158984985,0.000649413384963,0.000923234736547,0.000807029020507,0.000947727123275,0.000760824070312,0.000634091440588,0.000542045047041,0.000459948903881,0.000385955761885,0.000222469810979,0.0000593402910454,0.00000884810924617],"median":[0.0000297317419609,0.00113479816355,0.000983329839073,0.000865062233061,0.000925348838791,0.000222556278459,0.000388391054003,0.000163924138178,0.000723857840057,0.000206771554076,0.000113405498269,0.000121793986182,0.000216114960494,0.00022644890123,0.000358291756129,0.000466806610348,0.000642401690129,0.000443116645329,0.000603426597081,0.000384559796657,0.000256813305896,0.000161241958267,0.0000981127159321,0.0000778857647674,0.0000573606084799,0.0000169530321728,0.00000196247356143],"min":[3.70151522758e-24,1.46253928304e-23,4.45492851026e-23,1.28848343519e-23,5.02130918319e-23,8.21016390331e-23,8.24423827679e-23,4.47422152364e-23,8.45877499531e-23,5.97364415608e-23,7.28014864533e-23,7.87319723448e-23,9.64677175067e-23,1.54185981504e-22,1.40847403826e-22,1.23625144004e-22,1.43046407241e-22,3.55228659947e-22,2.20040443281e-22,2.38451270362e-22,4.12048253601e-22,6.11545875386e-22,6.57784534516e-22,8.5536877102e-22,1.26218714188e-21,1.58273517927e-21,2.63204367465e-21],"var":[0.00000135733409934,0.0000694009941071,0.00000302125658891,0.000025948325856,0.00000375515401174,0.00000108749622996,0.00000492304570798,0.00000395334427594,0.00000419646266892,6.12216695117e-7,5.83502924201e-7,4.78112383462e-7,6.86942371431e-7,7.71286750023e-7,4.27503096034e-7,4.20053908101e-7,0.00000110572034373,0.00000138405266625,0.00000137762799568,9.00557324712e-7,7.59743613798e-7,7.81948585882e-7,6.98027747603e-7,5.35826359283e-7,2.12064463767e-7,1.27059882615e-8,3.06557806917e-10]},"barkbands_crest":{"dmean":3.06673264503,"dmean2":5.01448822021,"dvar":9.7124376297,"dvar2":21.8240242004,"max":24.1357784271,"mean":7.96486330032,"median":6.8737282753,"min":2.18477725983,"var":15.8604822159},"barkbands_flatness_db":{"dmean":0.0188637152314,"dmean2":0.0293282531202,"dvar":0.000312242016662,"dvar2":0.00072064565029,"max":0.212090328336,"mean":0.0846926867962,"median":0.0824635475874,"min":0.0170218404382,"var":0.000741800875403},"barkbands_kurtosis":{"dmean":1.02355372906,"dmean2":1.64164531231,"dvar":3.10384559631,"dvar2":6.77420377731,"max":27.7517757416,"mean":-0.197247982025,"median":-0.825973510742,"min":-1.89385175705,"var":4.19918107986},"barkbands_skewness":{"dmean":0.48064288497,"dmean2":0.733739554882,"dvar":0.231634318829,"dvar2":0.483864217997,"max":5.15229129791,"mean":0.600537896156,"median":0.556347548962,"min":-2.22353124619,"var":0.661572694778},"barkbands_spread":{"dmean":8.64333343506,"dmean2":13.0834503174,"dvar":69.9553604126,"dvar2":147.164672852,"max":103.536392212,"mean":40.3052101135,"median":37.3969306946,"min":7.78940725327,"var":221.65423584},"dissonance":{"dmean":0.00920819491148,"dmean2":0.0153058199212,"dvar":0.0000900746745174,"dvar2":0.000237105152337,"max":0.499980211258,"mean":0.482259780169,"median":0.485166221857,"min":0.315183401108,"var":0.000167688805959},"dynamic_complexity":2.69334053993,"erbbands":{"dmean":[0.185564756393,0.673491418362,1.14994907379,5.25465536118,5.60207891464,2.75200366974,1.98474562168,2.71978902817,7.16328525543,13.1013202667,10.3168334961,17.1909923553,7.96611166,7.72119951248,7.42854261398,7.91145372391,11.1718168259,12.9691953659,13.4593801498,12.278263092,19.2052345276,21.1961860657,18.7912559509,19.4782829285,19.3942947388,17.9273967743,15.3830966949,14.8755683899,14.8273096085,10.0984420776,9.73999977112,7.50299501419,3.90233778954,2.2385904789,0.878241300583,0.278134256601,0.0684262290597,0.0124495672062,0.00111498183105,0.0000677525240462],"dmean2":[0.276978343725,1.049741745,2.0086786747,8.89312744141,9.29888057709,4.39802360535,3.15547513962,4.37052536011,11.2674846649,20.0105190277,16.1550788879,26.5888366699,12.9174203873,11.9491710663,11.4863319397,12.4394187927,17.4452209473,20.392868042,21.4236660004,20.0107326508,31.4425239563,34.3218383789,29.2560863495,29.9994812012,30.9105014801,27.789680481,23.0291233063,21.5462055206,21.4738349915,14.4967098236,13.6606521606,10.6751537323,5.26587486267,2.98581552505,1.16966021061,0.389661312103,0.100312970579,0.0183702483773,0.00173345254734,0.000104365062725],"dvar":[0.141627803445,1.77463150024,3.47290182114,117.702476501,95.0732727051,21.7226543427,14.2527961731,54.2444419861,351.153381348,1251.4666748,760.064147949,987.849914551,224.250137329,344.717498779,299.017913818,243.766387939,523.930175781,718.844665527,500.463195801,418.827758789,784.937988281,874.796630859,1046.57189941,1292.80773926,917.954162598,863.115600586,585.895263672,750.748535156,732.46862793,343.661010742,352.225860596,213.544265747,54.4012374878,21.6201877594,3.04263663292,0.27946344018,0.0172979161143,0.00063619366847,0.00000567452389078,1.54665720231e-8],"dvar2":[0.285117030144,3.91144371033,9.63320350647,301.05090332,238.251693726,50.9444007874,34.1703605652,141.234344482,779.337280273,2821.64038086,1992.21887207,2302.83105469,547.682678223,803.485534668,645.898071289,548.108825684,1209.57958984,1606.80114746,1208.23498535,1044.14624023,1937.46826172,2142.19067383,2279.34155273,2698.28222656,2199.60107422,1862.28369141,1255.3704834,1526.00561523,1454.03430176,673.243835449,685.009765625,412.841766357,99.0478439331,37.5605354309,5.08516120911,0.505387365818,0.0349903851748,0.0013026377419,0.0000129204845507,3.4449836761e-8],"max":[2.65116167068,12.7253875732,20.3858776093,83.3332977295,114.835212708,101.427062988,86.9413146973,178.202713013,629.023620605,949.273742676,754.02520752,605.848754883,549.809265137,385.49710083,511.520782471,417.65625,692.27130127,642.330505371,473.534362793,507.054168701,629.181945801,856.778503418,803.729248047,1508.37890625,1010.24822998,809.063476562,300.031341553,517.296142578,462.464874268,219.34487915,201.820983887,158.462203979,99.3064498901,72.4944381714,26.5513858795,6.57480859756,1.3277053833,0.251717209816,0.0257945172489,0.00148745882325],"mean":[0.170509874821,0.785429954529,1.85637021065,5.45782995224,7.38861083984,5.03848743439,3.47853112221,4.61377763748,11.8164749146,22.2589435577,17.4275798798,32.5694389343,16.3200187683,15.2717065811,14.1782445908,15.4540805817,22.2143573761,26.6050205231,29.3798561096,28.3863983154,43.3337936401,51.3409919739,45.2741622925,46.7250747681,46.1404151917,36.9530487061,27.8982944489,23.223361969,21.3862552643,14.4531917572,13.0132474899,9.95403194427,5.32485961914,3.08832836151,1.23668420315,0.381093561649,0.0902665555477,0.0154263935983,0.00135614536703,0.000116339077067],"median":[0.0102060306817,0.319960981607,1.28027236462,2.11504793167,4.03642368317,2.54022932053,1.68286955357,2.05258965492,4.19873952866,6.59060955048,7.98382472992,17.0288619995,9.00397109985,5.90302038193,4.81478834152,7.14986515045,10.8636665344,10.5545635223,18.512796402,20.0976066589,30.7113132477,38.4123497009,28.5761089325,26.2599811554,29.9339408875,18.8033981323,12.6130208969,9.02602672577,6.89955425262,3.5238263607,2.57889389992,1.95654547215,1.17050790787,0.696214973927,0.337243884802,0.108444608748,0.0265686493367,0.00392558658496,0.0003224395914,0.0000454187720607],"min":[2.50704362813e-22,4.45036700096e-21,3.70577625282e-20,6.81702290272e-20,4.07793676575e-20,2.03159603873e-19,4.82481578304e-19,8.78856963563e-19,1.19833986213e-18,6.97482052926e-19,1.127972538e-18,1.58903515322e-18,1.86334882046e-18,3.52909370515e-18,2.22761351963e-18,3.76838547584e-18,4.25249913319e-18,5.76585915108e-18,8.77597022734e-18,7.70968892282e-18,7.02435737762e-18,9.07650893212e-18,1.68359461513e-17,1.18018498476e-17,1.4002003866e-17,1.06690020105e-17,1.92804203714e-17,1.28764451445e-17,2.21398017693e-17,2.30662407466e-17,1.70101354991e-17,1.56765764222e-17,1.59627627162e-17,1.05041871006e-17,1.00857842575e-17,6.68967100279e-18,2.97786964394e-18,1.53109446003e-18,3.88973178602e-19,3.14406471758e-20],"var":[0.162004068494,1.858466506,3.47685885429,100.80316925,100.695335388,62.5182304382,33.2399902344,90.4068069458,686.635925293,2712.52441406,1119.28515625,2309.55859375,765.55267334,857.547546387,795.366821289,618.306030273,1148.14050293,1962.17041016,1293.53442383,958.861022949,2005.64257812,2661.33789062,3075.96044922,4834.26611328,2855.85131836,2287.87866211,1149.26708984,1284.32446289,1248.19287109,596.146118164,580.844299316,357.167205811,104.313682556,42.6550674438,6.39734268188,0.557693362236,0.0284785162657,0.000986875384115,0.00000737885102353,2.85577215209e-8]},"erbbands_crest":{"dmean":1.97396683693,"dmean2":3.1746609211,"dvar":3.52352690697,"dvar2":8.66957187653,"max":26.0502948761,"mean":6.98581647873,"median":6.21746444702,"min":2.6821346283,"var":8.48004055023},"erbbands_flatness_db":{"dmean":0.0161501914263,"dmean2":0.0232690852135,"dvar":0.000249221076956,"dvar2":0.000485464173835,"max":0.283346295357,"mean":0.140570893884,"median":0.136974081397,"min":0.0419702157378,"var":0.00105922599323},"erbbands_kurtosis":{"dmean":0.735740125179,"dmean2":1.15334808826,"dvar":0.779084384441,"dvar2":1.8627794981,"max":17.0310783386,"mean":0.240737706423,"median":-0.106985807419,"min":-1.69067692757,"var":1.96465182304},"erbbands_skewness":{"dmean":0.312617748976,"dmean2":0.460094600916,"dvar":0.0732128918171,"dvar2":0.158860996366,"max":2.01452922821,"mean":-0.543901443481,"median":-0.538086414337,"min":-3.13285470009,"var":0.353896856308},"erbbands_spread":{"dmean":7.79391050339,"dmean2":12.1345615387,"dvar":75.3483963013,"dvar2":184.816879272,"max":108.372215271,"mean":38.2710533142,"median":36.9872970581,"min":7.73156070709,"var":185.16607666},"gfcc":{"cov":[[8473.72265625,-965.582092285,475.703979492,899.127624512,-792.987304688,171.484436035,-278.448486328,-26.4063205719,-204.884521484,15.7833299637,-70.1134643555,-68.602897644,-145.782684326],[-965.582092285,977.510437012,-485.832733154,-138.003204346,145.032455444,-169.70425415,90.6533508301,47.9649467468,93.1685180664,15.6006317139,91.281867981,12.5704278946,62.0229721069],[475.703979492,-485.832733154,650.065917969,154.647018433,-37.3976211548,133.395614624,-84.9766845703,6.71223211288,19.4219589233,33.7024116516,-60.4826583862,38.3180007935,-26.7254085541],[899.127624512,-138.003204346,154.647018433,385.25213623,-60.579864502,70.5634613037,5.69865989685,-56.1833534241,54.4463539124,-19.1796474457,10.5314474106,-30.2363395691,25.2881832123],[-792.987304688,145.032455444,-37.3976211548,-60.579864502,241.780914307,24.5527076721,83.59425354,38.3642463684,7.55565547943,39.8608283997,6.54030036926,28.8919715881,39.6992111206],[171.484436035,-169.70425415,133.395614624,70.5634613037,24.5527076721,180.546569824,65.0179824829,12.2090129852,8.28904056549,7.22983646393,12.6032361984,21.2580699921,16.2259654999],[-278.448486328,90.6533508301,-84.9766845703,5.69865989685,83.59425354,65.0179824829,170.140029907,25.9499015808,12.9890823364,5.82466077805,24.8017368317,3.83752560616,36.6699562073],[-26.4063205719,47.9649467468,6.71223211288,-56.1833534241,38.3642463684,12.2090129852,25.9499015808,116.539764404,29.2439060211,43.9847755432,10.1247062683,21.2577362061,0.872246861458],[-204.884521484,93.1685180664,19.4219589233,54.4463539124,7.55565547943,8.28904056549,12.9890823364,29.2439060211,134.426559448,30.4357376099,41.2443351746,3.37094163895,14.6267175674],[15.7833299637,15.6006317139,33.7024116516,-19.1796474457,39.8608283997,7.22983646393,5.82466077805,43.9847755432,30.4357376099,85.6006088257,21.146697998,19.0511837006,5.19957494736],[-70.1134643555,91.281867981,-60.4826583862,10.5314474106,6.54030036926,12.6032361984,24.8017368317,10.1247062683,41.2443351746,21.146697998,89.9924621582,34.3363075256,13.6045951843],[-68.602897644,12.5704278946,38.3180007935,-30.2363395691,28.8919715881,21.2580699921,3.83752560616,21.2577362061,3.37094163895,19.0511837006,34.3363075256,79.37059021,22.9716930389],[-145.782684326,62.0229721069,-26.7254085541,25.2881832123,39.6992111206,16.2259654999,36.6699562073,0.872246861458,14.6267175674,5.19957494736,13.6045951843,22.9716930389,68.7775344849]],"icov":[[0.000406207225751,-0.0000704791527824,0.000290406460408,-0.00127077230718,0.00126539298799,-0.00043061535689,0.000292040844215,-0.000782104674727,0.00127675733529,-0.00111801340245,0.000520439061802,-0.000609266397078,0.000643598439638],[-0.0000704791527824,0.00253642117605,0.00123085267842,0.000323529093293,-0.00133171514608,0.00203283247538,-0.000488603487611,-0.000321135448758,-0.00191105087288,0.00082031020429,-0.000904310203623,-0.000352738599759,-0.000882613414433],[0.000290406460408,0.00123085267842,0.00436258828267,-0.00224993145093,0.000408030377002,-0.00200140429661,0.00186796195339,-0.000622629537247,-0.00103708019014,-0.0021813577041,0.0042992355302,-0.00439528143033,0.00227972492576],[-0.00127077230718,0.000323529093293,-0.00224993145093,0.0083790468052,-0.0031528417021,0.000652506016195,-0.00126772909425,0.00413427455351,-0.00532157626003,0.00422662356868,-0.00360448658466,0.00523732928559,-0.00487509416416],[0.00126539298799,-0.00133171514608,0.000408030377002,-0.0031528417021,0.0105994679034,-0.00209849514067,-0.00166226527654,-0.00214005121961,0.00454596569762,-0.00626525375992,0.00373985455371,-0.00313136237673,0.000304208893795],[-0.00043061535689,0.00203283247538,-0.00200140429661,0.000652506016195,-0.00209849514067,0.0116657046601,-0.00534290773794,-0.000108825741336,-0.00143961142749,0.00254977168515,-0.00345736043528,-0.000141750468174,-0.00160976860207],[0.000292040844215,-0.000488603487611,0.00186796195339,-0.00126772909425,-0.00166226527654,-0.00534290773794,0.0113326143473,-0.00257777795196,0.00136582541745,0.000220147194341,-0.000964380975347,0.00211302237585,-0.00236001075245],[-0.000782104674727,-0.000321135448758,-0.000622629537247,0.00413427455351,-0.00214005121961,-0.000108825741336,-0.00257777795196,0.0145051823929,-0.00520127266645,-0.00314097898081,0.00170763675123,-0.0017272233963,0.000903871201444],[0.00127675733529,-0.00191105087288,-0.00103708019014,-0.00532157626003,0.00454596569762,-0.00143961142749,0.00136582541745,-0.00520127266645,0.0162742249668,-0.00536659313366,-0.00414836360142,0.00232127308846,0.0000266567567451],[-0.00111801340245,0.00082031020429,-0.0021813577041,0.00422662356868,-0.00626525375992,0.00254977168515,0.000220147194341,-0.00314097898081,-0.00536659313366,0.0208782721311,-0.0063596945256,0.00273483898491,-0.00266644707881],[0.000520439061802,-0.000904310203623,0.0042992355302,-0.00360448658466,0.00373985455371,-0.00345736043528,-0.000964380975347,0.00170763675123,-0.00414836360142,-0.0063596945256,0.0239216051996,-0.0138917844743,0.00533504877239],[-0.000609266397078,-0.000352738599759,-0.00439528143033,0.00523732928559,-0.00313136237673,-0.000141750468174,0.00211302237585,-0.0017272233963,0.00232127308846,0.00273483898491,-0.0138917844743,0.026087930426,-0.0105365868658],[0.000643598439638,-0.000882613414433,0.00227972492576,-0.00487509416416,0.000304208893795,-0.00160976860207,-0.00236001075245,0.000903871201444,0.0000266567567451,-0.00266644707881,0.00533504877239,-0.0105365868658,0.0234889127314]],"mean":[27.0027828217,56.9033355713,-128.26234436,47.3271255493,-52.229019165,11.6257715225,-35.7176208496,15.5946769714,-20.650844574,-0.187675729394,-22.8069229126,-8.85669517517,-15.8697080612]},"hfc":{"dmean":13.1727828979,"dmean2":17.9486045837,"dvar":360.352416992,"dvar2":602.699157715,"max":205.497360229,"mean":35.2518844604,"median":26.6792449951,"min":1.17632600522e-16,"var":915.049194336},"melbands":{"dmean":[0.00129793945234,0.00064354238566,0.000938745273743,0.000266512448434,0.0000762562849559,0.0000631532384432,0.000115318223834,0.000137490991619,0.0000985908263829,0.000100021497929,0.0000395907882194,0.0000321056686516,0.0000293219945888,0.000019890263502,0.0000290444640996,0.0000228053904721,0.0000263477177214,0.0000242842415901,0.0000183066022146,0.0000180478764378,0.0000248910946539,0.0000249078057095,0.000020636138288,0.000017468140868,0.0000173078678927,0.0000164799985214,0.0000138242776302,0.0000128913170556,0.0000100127199403,0.00000946737145568,0.00000891247236723,0.00000913640906219,0.00000679441563989,0.0000054433535297,0.00000572387170905,0.00000579853349336,0.00000425196412834,0.00000285453188553,0.00000240048530031,0.00000174824606347],"dmean2":[0.00189392222092,0.00104949215893,0.00157768873032,0.00043118611211,0.00012059025903,0.00010120322986,0.000180743867531,0.000209776757401,0.000152464330313,0.000155663889018,0.0000641025035293,0.0000495663116453,0.0000458908107248,0.0000310004434141,0.0000458190588688,0.0000354619696736,0.0000413647321693,0.0000383567276003,0.000029726390494,0.000029652584999,0.0000408404775953,0.0000405384816986,0.0000332079252985,0.0000268187704933,0.0000268736148428,0.0000261514342128,0.0000218248551391,0.0000201255170396,0.0000151695348904,0.0000142332264659,0.0000131878105094,0.0000134759002322,0.00000989306136034,0.0000079461678979,0.00000812129383121,0.00000841073051561,0.00000613803103988,0.00000392942047256,0.0000033228270695,0.00000236595747083],"dvar":[0.00000643843623038,0.00000115609805107,0.00000354446797246,1.48615498574e-7,1.96161451527e-8,2.73835638609e-8,8.14575571439e-8,1.39833815638e-7,5.23704528632e-8,3.2072374978e-8,5.58693580288e-9,6.01163829828e-9,4.57570248358e-9,2.47541409593e-9,2.89269119769e-9,2.77120237868e-9,2.9435607285e-9,1.82413217864e-9,1.14692599862e-9,5.402744363e-10,1.63326308034e-9,1.36539668461e-9,8.82931949775e-10,1.07684705597e-9,1.10366826789e-9,7.22949200505e-10,4.91456486618e-10,5.59294277558e-10,2.40851977251e-10,2.73055994482e-10,3.06251413118e-10,2.99722052732e-10,1.57066248896e-10,1.04232261711e-10,1.31236188583e-10,1.37417160984e-10,6.9403073566e-11,2.98348706851e-11,2.45688729777e-11,1.38097519531e-11],"dvar2":[0.0000121927605505,0.00000293959010378,0.00000898278540262,3.71493086959e-7,4.45696777263e-8,7.10627077183e-8,1.80400931526e-7,3.1297673786e-7,1.34800231422e-7,7.6257677506e-8,1.35991840011e-8,1.36923450356e-8,1.06094732999e-8,5.32593880109e-9,6.69056055003e-9,6.46612452471e-9,6.61361854171e-9,4.35143698851e-9,2.85257240051e-9,1.37700717495e-9,3.87791443401e-9,3.24600946122e-9,2.11493467184e-9,2.15272732973e-9,2.31227170744e-9,1.72762404382e-9,1.08729336645e-9,1.19803023058e-9,5.22909882061e-10,6.06256989055e-10,6.45296482915e-10,6.21518114752e-10,3.31386390551e-10,2.12590486881e-10,2.7027824423e-10,2.7835972416e-10,1.37636443909e-10,5.67064971368e-11,4.75694553193e-11,2.41239996729e-11],"max":[0.0181106384844,0.0103006167337,0.0141538185999,0.00597590534016,0.00361150270328,0.0037435318809,0.00934127904475,0.00973393581808,0.00534820836037,0.00324643729255,0.00263976654969,0.00157866778318,0.00175317178946,0.00145749968942,0.000978594878688,0.00191478931811,0.00115964666475,0.000948172411881,0.000742984993849,0.000534205231816,0.00104980915785,0.000927811663132,0.000699711148627,0.00103035348002,0.00146924692672,0.000729768536985,0.000613623764366,0.000744133023545,0.000230340039707,0.000237693311647,0.000399432406994,0.000328461552272,0.000152069580508,0.000151645552251,0.000146999998833,0.000112221561722,0.000107286832645,0.0000724661367713,0.0000733371416572,0.0000581662425247],"mean":[0.00133966805879,0.000976779032499,0.00105070089921,0.000439370749518,0.000140309159178,0.000106492829218,0.000192828418221,0.000229029465117,0.000170901330421,0.000190638558706,0.0000761922201491,0.0000606589237577,0.0000522647969774,0.0000355318043148,0.000052188308473,0.0000445711339125,0.000049617527111,0.0000482919385831,0.0000373949915229,0.0000394582202716,0.0000523475537193,0.0000540447254025,0.0000453792163171,0.0000376816351491,0.0000374760493287,0.000036089317291,0.000029069282391,0.0000234862163779,0.0000174674332811,0.000014720118088,0.0000130503503897,0.0000127606444948,0.00000930208079808,0.00000750452545617,0.000007452198588,0.0000073122178037,0.00000559111686016,0.00000379875086765,0.00000318920137943,0.00000238438019551],"median":[0.000212700237171,0.000672108028084,0.000474616186693,0.000258731190115,0.0000667816857458,0.0000459202346974,0.0000684960687067,0.0000648704226478,0.0000758089663577,0.000103155449324,0.0000381279314752,0.0000224093200814,0.0000168275946635,0.0000103050833786,0.0000257904630416,0.0000189548081835,0.0000184243035619,0.0000278076713585,0.0000241038287641,0.0000296511716442,0.0000345401276718,0.0000385726634704,0.0000303597735183,0.0000187338901014,0.0000191321232705,0.0000226009124162,0.0000160281797434,0.0000108569411168,0.00000830332828627,0.00000575201966058,0.00000468738517156,0.00000407859351981,0.00000243051113102,0.00000176356661541,0.00000146411730384,0.00000137663505484,0.00000106234062969,7.96031883965e-7,7.39284587326e-7,5.26546500623e-7],"min":[3.54027679172e-24,1.55958747595e-23,1.04442714717e-23,6.93977031085e-24,1.62533240597e-23,1.88648275761e-23,1.71933464916e-23,7.34282143544e-24,8.8338371772e-24,1.14341507016e-23,9.57838066563e-24,1.40652684555e-23,7.91191358107e-24,7.67954671283e-24,1.01056332066e-23,9.79462242811e-24,1.13306758167e-23,1.46955351866e-23,1.1681012889e-23,8.23137542642e-24,9.03291411524e-24,9.31084322279e-24,1.1879006721e-23,1.65463827306e-23,8.36954204738e-24,9.52466318229e-24,9.78900337188e-24,6.05777017628e-24,1.28439847676e-23,8.54629974383e-24,7.17910439861e-24,1.2066270467e-23,1.31046977748e-23,1.32247986921e-23,9.57182286492e-24,9.23309151425e-24,9.60282036533e-24,1.08804728981e-23,9.97205696721e-24,8.69101391031e-24],"var":[0.00000806802563602,0.0000011433058944,0.00000313217333314,2.4748842975e-7,5.37837792081e-8,4.71182346473e-8,1.63011691257e-7,3.02785139183e-7,9.00932661807e-8,7.37044629773e-8,1.86496222909e-8,1.48009302592e-8,1.05010942164e-8,6.85924073096e-9,6.01889382779e-9,6.15313622276e-9,7.677195768e-9,4.69206007381e-9,2.3305697372e-9,1.37281863655e-9,4.14108081159e-9,3.72866715281e-9,2.28279839476e-9,3.73389852371e-9,3.83048037733e-9,1.98205607482e-9,1.52502654949e-9,1.23658383533e-9,4.51453430195e-10,4.37760411254e-10,4.88964257972e-10,4.78635020507e-10,2.46444170626e-10,1.72271127918e-10,2.02946548455e-10,2.01935815292e-10,1.16385213966e-10,5.40159514339e-11,4.36999915421e-11,2.6805961964e-11]},"melbands_crest":{"dmean":4.87061452866,"dmean2":7.66071462631,"dvar":21.6326656342,"dvar2":47.0736274719,"max":34.7518081665,"mean":13.8947658539,"median":12.3578042984,"min":1.76743268967,"var":40.796962738},"melbands_flatness_db":{"dmean":0.0265008937567,"dmean2":0.0412077605724,"dvar":0.000664899824187,"dvar2":0.00146250077523,"max":0.299416154623,"mean":0.1307361871,"median":0.12679092586,"min":0.00338359572925,"var":0.00171908421908},"melbands_kurtosis":{"dmean":4.26646471024,"dmean2":6.71964406967,"dvar":47.4167327881,"dvar2":99.8791351318,"max":100.61265564,"mean":5.22650337219,"median":2.76464319229,"min":-1.75165915489,"var":68.0790481567},"melbands_skewness":{"dmean":0.721398770809,"dmean2":1.08714342117,"dvar":0.627786397934,"dvar2":1.25136649609,"max":9.16450691223,"mean":1.96498370171,"median":1.76078259945,"min":-1.0987688303,"var":1.51936662197},"melbands_spread":{"dmean":14.4014282227,"dmean2":22.5969753265,"dvar":258.63760376,"dvar2":605.738708496,"max":201.907348633,"mean":49.0089759827,"median":44.5427017212,"min":4.11617851257,"var":658.583618164},"mfcc":{"cov":[[6141.67626953,-526.698303223,454.751983643,430.014099121,-132.467453003,-9.13864135742,-46.8189926147,-44.7856712341,-184.112487793,-24.2024326324,-19.5112419128,-33.2341194153,-107.696723938],[-526.698303223,886.135314941,-469.3878479,-1.51301109791,-32.0832366943,-157.359313965,-2.08513474464,-16.7299060822,25.6927871704,1.55857336521,38.9284057617,44.1970443726,50.0725021362],[454.751983643,-469.3878479,590.75390625,44.6723861694,88.9054946899,105.452568054,-69.4974517822,21.0736637115,1.62849152088,1.64598500729,1.44336438179,-9.65858459473,-1.37490546703],[430.014099121,-1.51301109791,44.6723861694,223.306335449,35.3099021912,32.8529663086,-25.1201381683,-13.4315567017,12.814002037,21.7290916443,-6.29169511795,-0.410043537617,-14.1221828461],[-132.467453003,-32.0832366943,88.9054946899,35.3099021912,133.757064819,31.5414638519,-11.5501527786,2.26267170906,21.0754871368,13.2493152618,13.3667984009,1.24542450905,7.87625217438],[-9.13864135742,-157.359313965,105.452568054,32.8529663086,31.5414638519,164.543762207,54.9353218079,32.2974090576,24.2012004852,7.84110116959,-6.86884689331,4.52403640747,-3.83987021446],[-46.8189926147,-2.08513474464,-69.4974517822,-25.1201381683,-11.5501527786,54.9353218079,157.152053833,34.1291007996,37.1104621887,-0.388132274151,-10.7727842331,5.22560882568,8.57594013214],[-44.7856712341,-16.7299060822,21.0736637115,-13.4315567017,2.26267170906,32.2974090576,34.1291007996,92.2788467407,11.3522520065,9.94563674927,17.3618946075,-0.49081030488,9.90840625763],[-184.112487793,25.6927871704,1.62849152088,12.814002037,21.0754871368,24.2012004852,37.1104621887,11.3522520065,104.806350708,30.8523178101,2.11119508743,9.47464370728,9.86784172058],[-24.2024326324,1.55857336521,1.64598500729,21.7290916443,13.2493152618,7.84110116959,-0.388132274151,9.94563674927,30.8523178101,77.1846389771,36.5469093323,4.07729101181,1.22260427475],[-19.5112419128,38.9284057617,1.44336438179,-6.29169511795,13.3667984009,-6.86884689331,-10.7727842331,17.3618946075,2.11119508743,36.5469093323,81.9629440308,29.1585712433,15.1486406326],[-33.2341194153,44.1970443726,-9.65858459473,-0.410043537617,1.24542450905,4.52403640747,5.22560882568,-0.49081030488,9.47464370728,4.07729101181,29.1585712433,60.9546699524,30.4877719879],[-107.696723938,50.0725021362,-1.37490546703,-14.1221828461,7.87625217438,-3.83987021446,8.57594013214,9.90840625763,9.86784172058,1.22260427475,15.1486406326,30.4877719879,63.9671707153]],"icov":[[0.000255394174019,0.0000689374428475,-0.000265852373559,-0.000610193703324,0.000424188736361,0.000334507407388,-0.000364311621524,0.0000601776846452,0.000445734214736,0.0000390864443034,-0.000163409800734,-0.0000769284743001,0.000248823664151],[0.0000689374428475,0.00260649598204,0.00198208866641,-0.000750862644054,-0.000452327891253,0.00136666523758,0.000651285925414,-0.000431523367297,-0.0009797278326,0.0010307993507,-0.000964842387475,-0.000478646077681,-0.00134210789111],[-0.000265852373559,0.00198208866641,0.00432444969192,0.000250092969509,-0.00191415357403,-0.00123068119865,0.00278656627052,-0.0009327493608,-0.00145785743371,0.0011535937665,-0.000539024244063,0.000249854841968,-0.00170686270576],[-0.000610193703324,-0.000750862644054,0.000250092969509,0.00687381997705,-0.00197366066277,-0.00225534895435,0.00189625262283,0.000489484285936,-0.000940704194363,-0.00221771374345,0.00215884018689,-0.000866752816364,0.000950292509515],[0.000424188736361,-0.000452327891253,-0.00191415357403,-0.00197366066277,0.0101689686999,-0.000963697675616,-0.000149175888509,0.0010688212933,-0.000891217496246,0.000368505221559,-0.00241860654205,0.00194214785006,-0.00108657905366],[0.000334507407388,0.00136666523758,-0.00123068119865,-0.00225534895435,-0.000963697675616,0.0108074778691,-0.00409217504784,-0.00227614911273,0.000135388443596,-0.000404849066399,0.00117105524987,-0.00288398982957,0.00172170961741],[-0.000364311621524,0.000651285925414,0.00278656627052,0.00189625262283,-0.000149175888509,-0.00409217504784,0.0109141049907,-0.00275952159427,-0.00382891180925,0.00102989119478,0.00141288514715,-0.000238092427026,-0.00155785144307],[0.0000601776846452,-0.000431523367297,-0.0009327493608,0.000489484285936,0.0010688212933,-0.00227614911273,-0.00275952159427,0.0139862755314,-0.000155649235239,0.000147873026435,-0.00447791302577,0.0040465821512,-0.00238462840207],[0.000445734214736,-0.0009797278326,-0.00145785743371,-0.000940704194363,-0.000891217496246,0.000135388443596,-0.00382891180925,-0.000155649235239,0.0143660446629,-0.00679639400914,0.00377067597583,-0.00263647339307,0.000211005622987],[0.0000390864443034,0.0010307993507,0.0011535937665,-0.00221771374345,0.000368505221559,-0.000404849066399,0.00102989119478,0.000147873026435,-0.00679639400914,0.0215318035334,-0.0117213381454,0.00474255392328,-0.00028419692535],[-0.000163409800734,-0.000964842387475,-0.000539024244063,0.00215884018689,-0.00241860654205,0.00117105524987,0.00141288514715,-0.00447791302577,0.00377067597583,-0.0117213381454,0.0233174078166,-0.0112650413066,0.00130690960214],[-0.0000769284743001,-0.000478646077681,0.000249854841968,-0.000866752816364,0.00194214785006,-0.00288398982957,-0.000238092427026,0.0040465821512,-0.00263647339307,0.00474255392328,-0.0112650413066,0.0281442571431,-0.0113781290129],[0.000248823664151,-0.00134210789111,-0.00170686270576,0.000950292509515,-0.00108657905366,0.00172170961741,-0.00155785144307,-0.00238462840207,0.000211005622987,-0.00028419692535,0.00130690960214,-0.0113781290129,0.0231773890555]],"mean":[-607.309875488,81.6489028931,-11.1005220413,33.050075531,7.57511329651,2.2561340332,-0.727887630463,6.12824440002,6.47192764282,7.86628341675,1.59713459015,0.728944063187,-5.19319248199]},"pitch_salience":{"dmean":0.0786452814937,"dmean2":0.124078914523,"dvar":0.00570548605174,"dvar2":0.0125030959025,"max":0.859088182449,"mean":0.57863008976,"median":0.595000445843,"min":0.148718968034,"var":0.0112359216437},"silence_rate_20dB":{"dmean":0,"dmean2":0,"dvar":0,"dvar2":0,"max":1,"mean":1,"median":1,"min":1,"var":0},"silence_rate_30dB":{"dmean":0,"dmean2":0,"dvar":0,"dvar2":0,"max":1,"mean":1,"median":1,"min":1,"var":0},"silence_rate_60dB":{"dmean":0.000969932123553,"dmean2":0.00194017786998,"dvar":0.00096900423523,"dvar2":0.00225982675329,"max":1,"mean":0.0374979786575,"median":0,"min":0,"var":0.0360914245248},"spectral_centroid":{"dmean":293.345703125,"dmean2":456.323120117,"dvar":92831.484375,"dvar2":209512.40625,"max":11040.7021484,"mean":2320.58862305,"median":2293.72875977,"min":653.378967285,"var":326259.6875},"spectral_complexity":{"dmean":4.56644058228,"dmean2":7.1773648262,"dvar":18.7456092834,"dvar2":40.930683136,"max":59,"mean":29.0271530151,"median":28,"min":0,"var":106.165145874},"spectral_contrast_coeffs":{"dmean":[0.0586896538734,0.0449796691537,0.0371666066349,0.0279535483569,0.0221496671438,0.0180408470333],"dmean2":[0.0910959988832,0.0728852823377,0.0599242113531,0.0463177971542,0.036317486316,0.0292171984911],"dvar":[0.00226658140309,0.00134806276765,0.000908765417989,0.000468468730105,0.000346784538124,0.000267736235401],"dvar2":[0.0055491453968,0.00344911892898,0.00234916154295,0.00125227763783,0.000848639756441,0.000663028680719],"max":[-0.376045167446,-0.461978763342,-0.476936519146,-0.626008272171,-0.619945883751,-0.614200353622],"mean":[-0.636789143085,-0.738502383232,-0.752894341946,-0.785396814346,-0.782958567142,-0.743466854095],"median":[-0.634108603001,-0.746244072914,-0.756293237209,-0.787117004395,-0.790211498737,-0.74157679081],"min":[-0.960672914982,-0.978408336639,-0.971925258636,-0.96263307333,-0.959023833275,-0.959805369377],"var":[0.00690843956545,0.0056001227349,0.00331735960208,0.00161170540377,0.00149855285417,0.00159233401064]},"spectral_contrast_valleys":{"dmean":[0.462553650141,0.325457006693,0.293578267097,0.217904940248,0.211625337601,0.376143187284],"dmean2":[0.69650799036,0.532389521599,0.479010611773,0.360065460205,0.336608022451,0.502799212933],"dvar":[0.157042384148,0.094085238874,0.0827514603734,0.0599550567567,0.0720183551311,0.224956542253],"dvar2":[0.335728406906,0.210099980235,0.169473186135,0.112670600414,0.130472362041,0.37599799037],"max":[-5.65176534653,-5.40337753296,-5.62326335907,-5.96989250183,-5.57743883133,-7.34347915649],"mean":[-7.51941299438,-6.97998571396,-7.51456069946,-7.22644138336,-6.73615789413,-9.51906871796],"median":[-7.39571237564,-6.87767791748,-7.47607755661,-7.14752578735,-6.64300537109,-9.52998828888],"min":[-27.6523914337,-26.8624095917,-27.1741352081,-27.4837055206,-27.1832485199,-27.2638244629],"var":[1.05880379677,0.774667978287,0.64890319109,0.53616797924,0.896382570267,1.5590916872]},"spectral_decrease":{"dmean":2.03885197614e-9,"dmean2":3.00517988272e-9,"dvar":5.89991328192e-18,"dvar2":1.1556668551e-17,"max":-2.48826567789e-29,"mean":-5.38824984631e-9,"median":-4.76813832861e-9,"min":-1.9969382592e-8,"var":1.08294758765e-17},"spectral_energy":{"dmean":0.00842957105488,"dmean2":0.012134633027,"dvar":0.0000968556996668,"dvar2":0.000184253411135,"max":0.080175794661,"mean":0.0235339608043,"median":0.0212320368737,"min":1.07635293933e-20,"var":0.000192272214917},"spectral_energyband_high":{"dmean":0.00159879075363,"dmean2":0.00212744856253,"dvar":0.0000070303940447,"dvar2":0.0000117437857625,"max":0.0267527624965,"mean":0.00267854123376,"median":0.00106561079156,"min":7.95355403941e-21,"var":0.0000152871743921},"spectral_energyband_low":{"dmean":0.00560007384047,"dmean2":0.00829098839313,"dvar":0.0000684435799485,"dvar2":0.000124684578623,"max":0.0643569380045,"mean":0.00761073967442,"median":0.00349303986877,"min":7.48763168518e-23,"var":0.0000994646688923},"spectral_energyband_middle_high":{"dmean":0.00154717359692,"dmean2":0.00231744814664,"dvar":0.00000330194302478,"dvar2":0.00000693331094226,"max":0.030322169885,"mean":0.00638747401536,"median":0.0050231856294,"min":1.56357966749e-21,"var":0.00002118132943},"spectral_energyband_middle_low":{"dmean":0.00404952233657,"dmean2":0.00655228830874,"dvar":0.0000351073977072,"dvar2":0.0000862162341946,"max":0.0492116734385,"mean":0.00812073238194,"median":0.00593463424593,"min":3.63672273667e-22,"var":0.000047845991503},"spectral_entropy":{"dmean":0.124619364738,"dmean2":0.176851540804,"dvar":0.0168621726334,"dvar2":0.0313264280558,"max":9.79475212097,"mean":7.94036960602,"median":7.91181755066,"min":6.60782575607,"var":0.0693880990148},"spectral_flux":{"dmean":0.0271188821644,"dmean2":0.0422687344253,"dvar":0.000743620621506,"dvar2":0.00173329655081,"max":0.235920250416,"mean":0.0900474414229,"median":0.0855395868421,"min":1.03747427316e-10,"var":0.00179670797661},"spectral_kurtosis":{"dmean":0.991607904434,"dmean2":1.5859156847,"dvar":0.995787382126,"dvar2":2.64377808571,"max":21.5411663055,"mean":3.53808617592,"median":3.36843109131,"min":-1.19737267494,"var":5.41779470444},"spectral_rms":{"dmean":0.00080641056411,"dmean2":0.00113556347787,"dvar":7.71944996814e-7,"dvar2":0.00000136819005547,"max":0.00884422287345,"mean":0.00454075122252,"median":0.00455128354952,"min":3.24052525265e-12,"var":0.00000234152366829},"spectral_rolloff":{"dmean":872.124938965,"dmean2":1331.59106445,"dvar":1070028.375,"dvar2":1967382.625,"max":18109.4238281,"mean":3123.97729492,"median":2734.71679688,"min":21.533203125,"var":3139732.25},"spectral_skewness":{"dmean":0.16273586452,"dmean2":0.250615745783,"dvar":0.0212098080665,"dvar2":0.0502807311714,"max":3.43551540375,"mean":1.18796646595,"median":1.18449771404,"min":0.00993345212191,"var":0.14776660502},"spectral_spread":{"dmean":569356.8125,"dmean2":782010.0625,"dvar":556047925248,"dvar2":839588577280,"max":40281024,"mean":4469910,"median":4246380.5,"min":1764830.625,"var":1829898551300},"spectral_strongpeak":{"dmean":0.671277940273,"dmean2":1.1446236372,"dvar":1.61418545246,"dvar2":3.85310411453,"max":20.1719417572,"mean":0.947403311729,"median":0.386807948351,"min":0,"var":2.4839758873},"zerocrossingrate":{"dmean":0.0159963015467,"dmean2":0.0171807892621,"dvar":0.000311981944833,"dvar2":0.000363462255336,"max":0.51220703125,"mean":0.0965886116028,"median":0.087890625,"min":0.01611328125,"var":0.00166830059607}},"metadata":{"audio_properties":{"analysis_sample_rate":44100,"bit_rate":0,"codec":"flac","downmix":"mix","equal_loudness":0,"length":143.626663208,"lossless":true,"md5_encoded":"21ec73c0e2f1561364c444622cd64e96","replay_gain":-13.6628742218,"sample_rate":44100},"tags":{"album":["Subterranean Jungle"],"albumartist":["Ramones"],"albumartistsort":["Ramones"],"artist":["Ramones"],"artistsort":["Ramones"],"asin":["B0000691TI"],"barcode":["081227815721"],"catalognumber":["R2 78157"],"date":["2002-08-20"],"discnumber":["1"],"disctotal":["1"],"file_name":"01-04 What'd Ya Do_.flac","genre":["Alternative"],"isrc":["USWB10201748"],"label":["Rhino"],"labelno":["R2 78157"],"media":["CD"],"musicbrainz_albumartistid":["d6ed7887-a401-47a8-893c-34b967444d26"],"musicbrainz_albumid":["ab858cfb-3228-4b38-9b78-5d6ca94a4969"],"musicbrainz_artistid":["d6ed7887-a401-47a8-893c-34b967444d26"],"musicbrainz_recordingid":["af367ef2-5d05-4222-a3ce-afded9624855"],"musicbrainz_releasegroupid":["729e7ddd-599d-332c-82fd-ebe1ff99d17e"],"originaldate":["1983-02"],"publisher":["Rhino"],"release date":["2002-08-20"],"releasecountry":["US"],"releasestatus":["official"],"releasetype":["album"],"script":["Latn"],"title":["What'd Ya Do?"],"totaldiscs":["1"],"totaltracks":["19"],"tracknumber":["4"],"tracktotal":["19"]},"version":{"essentia":"2.1-beta1","essentia_build_sha":"ca57ba49d9b1854bd80e60cf9ccf267278fb7d6b","essentia_git_sha":"v2.1_beta1-28-g21ef5f4-dirty","extractor":"music 1.0"}},"rhythm":{"beats_count":353,"beats_loudness":{"dmean":0.0127779357135,"dmean2":0.0229477789253,"dvar":0.0000939558522077,"dvar2":0.00030671665445,"max":0.0658899843693,"mean":0.0347251072526,"median":0.0357914753258,"min":0.00000202475553124,"var":0.000152780499775},"beats_loudness_band_ratio":{"dmean":[0.223844751716,0.0393001846969,0.0790095180273,0.0446696020663,0.0749335214496,0.272613555193],"dmean2":[0.40525239706,0.0690724849701,0.143587335944,0.0806675329804,0.138287976384,0.532873690128],"dvar":[0.0306407045573,0.00209628068842