{"lowlevel":{"average_loudness":0.26386025548,"barkbands":{"dmean":[0.000155772868311,0.00239628739655,0.000344608852174,0.000400628487114,0.000915311684366,0.000895926903468,0.000565258902498,0.000715546484571,0.000452787353424,0.000158589842613,0.000173555919901,0.000284609530354,0.000163661548868,0.000139514202601,0.0000828812844702,0.0000273011719401,0.0000633955423837,0.0000626394103165,0.0000444523720944,0.0000635474498267,0.0000780759073677,0.00011454190826,0.0000921428290894,0.0000486930766783,0.0000216346488742,0.0000063393417804,0.00000133005698899],"dmean2":[0.000253060163232,0.00340484594926,0.000530456192791,0.000626347551588,0.00142472668085,0.00121665280312,0.000765226781368,0.00105376867577,0.000604775501415,0.000215393389226,0.000216396991163,0.000393206166336,0.000229156896239,0.000192274805158,0.000123889491078,0.0000399725286115,0.0000939781966736,0.0000919027879718,0.0000677854259266,0.0000941798862186,0.000114638627565,0.000155994363013,0.00011986932077,0.0000679143413436,0.0000321627194353,0.0000101632149381,0.00000227861323765],"dvar":[8.05622050848e-7,0.000131670269184,0.00000238682696363,0.00000113078806407,0.00000438754659626,0.00000625667280474,0.00000299167163575,0.0000133491257657,0.00000909936716198,0.00000141976954637,9.95812683868e-7,0.00000302682701658,0.00000100527017821,6.82951167619e-7,1.79511431497e-7,1.08001696475e-8,1.07477561073e-7,7.64295577937e-8,4.51270842916e-8,1.0430933628e-7,2.24709154395e-7,3.05239296949e-7,1.69825568719e-7,7.7238304641e-8,1.85742781156e-8,7.46528783235e-10,3.75615892556e-11],"dvar2":[0.00000204582693186,0.000252878351603,0.00000626869041298,0.00000294186952488,0.0000104881428342,0.0000126414188344,0.00000662285629005,0.0000291726028081,0.0000171938736457,0.00000263644938059,0.00000149427251017,0.00000576934462515,0.00000173695036665,0.00000119648541386,3.98755190645e-7,2.30631709286e-8,2.25085742045e-7,1.7816273612e-7,1.10039771073e-7,2.45379027319e-7,4.97813289257e-7,4.94009611884e-7,2.67133202669e-7,1.39230337481e-7,3.54071794106e-8,1.85904225347e-9,1.04179984084e-10],"max":[0.0209542345256,0.242090478539,0.0423748753965,0.0252963416278,0.0508014857769,0.0717258304358,0.0684777498245,0.0950824841857,0.155540138483,0.054191082716,0.052375163883,0.0877064615488,0.0374678559601,0.0345364324749,0.0155276441947,0.00398898730054,0.0161705650389,0.00770624354482,0.00633674766868,0.0130204083398,0.0233199689537,0.0235151741654,0.0162077397108,0.0137227913365,0.00702242646366,0.000928627036046,0.000123805497424],"mean":[0.000184727978194,0.00527909258381,0.000661788799334,0.000970135675743,0.00211972906254,0.00261836755089,0.00150838971604,0.00130545755383,0.00106344395317,0.000268010800937,0.000412604276789,0.000596822123043,0.000278402701952,0.00026528746821,0.000151070547872,0.0000577252758376,0.000117487295938,0.000125264850794,0.0000836487524793,0.000113333051559,0.000152604829054,0.000251154531725,0.00018573764828,0.0000894661643542,0.0000347637360392,0.00000736028050596,0.00000146336094531],"median":[0.00000283633653453,0.000103987906186,0.0000948968154262,0.000240784458583,0.000715498812497,0.000600932631642,0.000316575664328,0.0000652020607959,0.0000882069944055,0.000028615404517,0.0000215210875467,0.0000209077552427,0.0000104207010736,0.0000142137860166,0.0000107024479803,0.00000775155240262,0.0000058403438743,0.00000431872877016,0.00000381243239644,0.00000443767612524,0.00000457187661596,0.00000325604719364,0.00000236588630287,0.00000295913946502,0.00000188562830772,6.7280774374e-7,4.91017658533e-7],"min":[8.92061660994e-25,5.9558698577e-24,2.31771652967e-24,3.81411328889e-24,1.37055510382e-23,1.201387827e-23,9.38093982511e-24,4.64583931798e-24,1.5174629347e-23,2.32116988662e-23,1.27105939106e-23,3.36314249308e-23,4.10947685353e-23,5.52281014874e-23,3.77720769362e-23,6.33215556286e-23,9.22070860685e-23,1.25507378746e-22,1.69180927269e-22,2.62748186243e-22,2.41147912481e-22,3.29318832748e-22,4.36876268508e-22,6.16206894754e-22,9.22939895102e-22,1.35587615049e-21,2.04783706767e-21],"var":[8.47872456688e-7,0.000407285027904,0.00000435421816292,0.00000343632018485,0.00001461094962,0.0000300909487123,0.00000956024450716,0.0000305528410536,0.000028629316148,0.00000254098881669,0.00000587860313317,0.000010016550732,0.0000031531960758,0.00000246090735345,5.39032669167e-7,4.44081074136e-8,2.77452613773e-7,2.55842479646e-7,1.38948863082e-7,2.1389490712e-7,8.60049794937e-7,0.00000166969073234,7.96779374923e-7,2.68472149401e-7,5.31786703561e-8,1.0208065504e-9,2.83412356084e-11]},"barkbands_crest":{"dmean":2.13656353951,"dmean2":3.32619476318,"dvar":4.68095350266,"dvar2":11.7008886337,"max":26.3721351624,"mean":12.7150688171,"median":12.116736412,"min":2.9590318203,"var":24.08710289},"barkbands_flatness_db":{"dmean":0.0211603771895,"dmean2":0.0314208455384,"dvar":0.000502382114064,"dvar2":0.00111933914013,"max":0.498513251543,"mean":0.205951854587,"median":0.200920835137,"min":0.0155644547194,"var":0.00436229817569},"barkbands_kurtosis":{"dmean":5.96645689011,"dmean2":9.02806758881,"dvar":114.412124634,"dvar2":274.7996521,"max":225.980209351,"mean":14.8894271851,"median":9.92753601074,"min":-1.91122663021,"var":336.000457764},"barkbands_skewness":{"dmean":0.630537033081,"dmean2":0.928896129131,"dvar":0.567441284657,"dvar2":1.27820527554,"max":13.4144029617,"mean":2.3715429306,"median":2.36605596542,"min":-5.03428554535,"var":3.33215522766},"barkbands_spread":{"dmean":3.88397359848,"dmean2":5.89667892456,"dvar":65.6341171265,"dvar2":136.269439697,"max":106.292259216,"mean":11.4551811218,"median":6.86196374893,"min":0.229636624455,"var":190.203369141},"dissonance":{"dmean":0.0272797979414,"dmean2":0.0446058921516,"dvar":0.000789875921328,"dvar2":0.00220655160956,"max":0.500000119209,"mean":0.414601296186,"median":0.422680407763,"min":0.0312072578818,"var":0.00351310265251},"dynamic_complexity":6.78775072098,"erbbands":{"dmean":[0.0739637166262,0.530767738819,0.486353814602,0.812275648117,2.2197573185,3.6052570343,5.26999473572,7.34222793579,6.29825544357,11.9363479614,16.2504367828,7.77939653397,5.22446203232,7.12979984283,4.87303066254,10.011013031,8.94742870331,7.70926094055,3.7131228447,3.49539256096,1.54382157326,3.90414452553,3.82577419281,1.73750805855,2.83146238327,2.8213326931,2.58883810043,3.62167334557,4.15589857101,3.75065994263,2.31042647362,1.40308558941,0.611704707146,0.289248883724,0.141562223434,0.0396556966007,0.00990771781653,0.00192811700981,0.000224204020924,0.0000148885428644],"dmean2":[0.107576280832,0.748833596706,0.730796694756,1.27595019341,3.56445431709,5.49991083145,7.51529502869,9.87468910217,8.4125957489,16.7656097412,23.1882953644,10.205698967,7.05431890488,8.62950897217,6.24397802353,13.9582796097,12.3531894684,10.2850046158,5.46985864639,5.06988716125,2.17602968216,5.68997430801,5.62953710556,2.57631778717,4.24523639679,4.18069267273,3.84123182297,5.21377325058,5.63369607925,4.96422958374,2.94084620476,1.87940394878,0.886985003948,0.430231124163,0.212737321854,0.0615618899465,0.01584729366,0.00324566871859,0.000380530080292,0.0000231452631851],"dvar":[0.167157053947,5.98259496689,3.70099258423,5.10063171387,33.519733429,98.6287612915,202.074279785,570.015014648,496.266113281,2048.41772461,7430.37792969,2339.78271484,1082.88305664,1947.18225098,513.721862793,4187.06933594,3167.20605469,2167.82421875,392.846374512,293.504577637,32.3342895508,421.105499268,281.678924561,85.3993377686,145.496520996,205.126831055,211.193130493,476.775543213,409.399536133,312.062561035,98.9205093384,61.0987968445,13.8023929596,3.53730082512,0.756181299686,0.0372803211212,0.00157029530965,0.0000678487049299,0.000001133923206,2.10440331827e-9],"dvar2":[0.351682275534,11.4970798492,8.9267244339,13.1775617599,89.0504837036,226.33895874,413.005981445,1252.81445312,1130.01062012,4547.88330078,15566.3212891,4465.87646484,2305.66015625,2671.73657227,844.766174316,8176.63085938,5511.47021484,3782.51220703,913.784057617,602.250366211,63.0454521179,866.25958252,642.365478516,219.851119995,335.43057251,477.619995117,469.981170654,948.06439209,686.875793457,500.540130615,133.480514526,109.272964478,27.1524467468,6.91485404968,1.47747588158,0.0905358418822,0.00379243376665,0.000185330834938,0.00000313793771056,5.47862955003e-9],"max":[7.85862970352,56.4160881042,46.7331542969,44.7200126648,124.916244507,287.13104248,436.739379883,670.416625977,1211.40258789,1554.57861328,3574.6237793,2331.6887207,1357.83862305,2157.29711914,901.453186035,3315.89038086,2063.07495117,2046.16345215,729.310058594,637.393188477,248.994018555,1141.77392578,443.0027771,297.616699219,327.19744873,542.475219727,561.818908691,1046.29992676,851.19519043,1032.69628906,410.195007324,426.152313232,171.351257324,87.7861785889,47.1938323975,7.62714958191,1.05541777611,0.165766447783,0.0248153749853,0.00093967304565],"mean":[0.167261898518,1.11917638779,1.01468157768,2.08525848389,4.69502925873,8.28677749634,14.6810426712,21.4608860016,17.1665782928,28.1161079407,35.618106842,18.3591537476,9.47644233704,17.1090641022,11.2821569443,21.2930927277,17.8585681915,14.8311281204,6.91467905045,6.95361471176,3.75578331947,7.78239345551,7.84382820129,3.56080508232,5.43825817108,5.17143392563,4.86665153503,7.25299072266,8.8347492218,7.86041069031,4.77554273605,2.61016106606,1.05748569965,0.469198286533,0.211540430784,0.0498461946845,0.0111347427592,0.0018706045812,0.000237894884776,0.0000389808301406],"median":[0.00132782454602,0.0280030388385,0.125744909048,0.685436546803,1.843765378,2.36872601509,4.04855537415,4.67904090881,6.01813554764,3.38466525078,2.62469124794,1.96318733692,1.69921374321,1.39476418495,0.729314804077,0.917287051678,0.676027715206,0.732527673244,0.630596041679,0.707451939583,0.425836205482,0.39304292202,0.27362754941,0.249413073063,0.183749854565,0.198743194342,0.199612364173,0.172948285937,0.126519650221,0.0816457569599,0.0687698349357,0.0612687729299,0.0474994853139,0.0243964847177,0.0111462380737,0.00427475431934,0.000952076457907,0.000205076445127,0.000061306891439,0.0000197936096811],"min":[1.1251578627e-22,1.23856180537e-21,4.46121768805e-21,1.26300382117e-20,1.99509210594e-20,2.23011528215e-20,4.68846294312e-20,1.40412784532e-19,1.89293756211e-19,9.29439394063e-20,2.85287639783e-19,3.46516194959e-19,5.92038651907e-19,9.87686118227e-19,1.19932131192e-18,1.86950511217e-18,2.72487666038e-18,2.31239829164e-18,2.85565453561e-18,3.11862497171e-18,3.8332389174e-18,5.82961740551e-18,6.89704807749e-18,6.51890370123e-18,1.0102539628e-17,1.22589887316e-17,1.09918117261e-17,1.1564527594e-17,1.08007404492e-17,1.18015595072e-17,1.10209557806e-17,1.35998716656e-17,1.01759031037e-17,8.99510195213e-18,7.24660591896e-18,4.27747916051e-18,2.39660031492e-18,8.67214499839e-19,2.56080693684e-19,2.89716842996e-20],"var":[0.474717348814,17.7795772552,8.79681015015,14.0297985077,64.0001983643,348.732208252,1025.29943848,2786.03027344,1146.16479492,5591.71337891,22982.7304688,7058.88330078,1604.14196777,10279.4638672,2413.00585938,12872.6181641,10350.0615234,7572.27294922,892.011352539,883.751403809,183.934585571,1179.75109863,958.083984375,229.20993042,458.119628906,460.200439453,682.704101562,2020.71276855,2048.59399414,1531.76477051,525.358215332,223.376358032,36.0393791199,9.6386346817,2.04731941223,0.0599690750241,0.00216772430576,0.0000594548109802,8.84303119619e-7,3.6074441212e-9]},"erbbands_crest":{"dmean":2.37221169472,"dmean2":3.59143304825,"dvar":5.66205310822,"dvar2":13.6152992249,"max":33.1654090881,"mean":12.7307214737,"median":11.3352880478,"min":2.97737050056,"var":33.83045578},"erbbands_flatness_db":{"dmean":0.0191944688559,"dmean2":0.0273473020643,"dvar":0.000393749825889,"dvar2":0.000836838153191,"max":0.469131141901,"mean":0.204836800694,"median":0.199691683054,"min":0.0468582585454,"var":0.00372551963665},"erbbands_kurtosis":{"dmean":2.36876559258,"dmean2":3.41178226471,"dvar":12.4077234268,"dvar2":25.890455246,"max":112.433433533,"mean":4.98916339874,"median":2.79598236084,"min":-1.91637694836,"var":59.0770874023},"erbbands_skewness":{"dmean":0.451383441687,"dmean2":0.638504266739,"dvar":0.242816582322,"dvar2":0.496499627829,"max":7.34599161148,"mean":1.34084177017,"median":1.38433253765,"min":-4.29133272171,"var":1.74135601521},"erbbands_spread":{"dmean":8.09785652161,"dmean2":12.2564048767,"dvar":191.115234375,"dvar2":451.981201172,"max":169.902893066,"mean":27.3704681396,"median":20.3329925537,"min":1.30974936485,"var":507.747283936},"gfcc":{"cov":[[19541.5878906,1407.0246582,642.627319336,1956.34130859,-1187.32226562,631.671203613,-80.3995285034,225.490859985,-109.26953125,39.6529922485,-89.8045959473,46.5451889038,-434.227905273],[1407.0246582,2793.73217773,1479.87438965,-99.5663909912,345.653106689,-261.575256348,65.6428146362,-216.434967041,17.6618728638,-124.225364685,53.248336792,-157.248336792,12.7893466949],[642.627319336,1479.87438965,3165.5859375,675.907165527,263.490600586,147.964035034,195.931945801,-32.8255271912,-38.6349182129,41.26953125,3.02274608612,-110.49786377,-6.42488574982],[1956.34130859,-99.5663909912,675.907165527,941.353942871,31.138633728,226.397003174,166.051513672,121.161811829,110.371253967,72.2661972046,24.3165283203,15.2148866653,6.97867202759],[-1187.32226562,345.653106689,263.490600586,31.138633728,494.252410889,40.3171539307,109.315879822,46.5246963501,118.208068848,35.6604652405,44.2189674377,-7.38576841354,72.1175231934],[631.671203613,-261.575256348,147.964035034,226.397003174,40.3171539307,375.942718506,188.920135498,115.764129639,51.1770553589,40.9331970215,39.0179824829,42.5074691772,-38.7451820374],[-80.3995285034,65.6428146362,195.931945801,166.051513672,109.315879822,188.920135498,314.690032959,114.615074158,83.1220703125,15.1339464188,86.7410430908,33.0989151001,-6.10279130936],[225.490859985,-216.434967041,-32.8255271912,121.161811829,46.5246963501,115.764129639,114.615074158,204.949172974,95.0066299438,42.3888626099,26.3255214691,30.0528640747,1.63994836807],[-109.26953125,17.6618728638,-38.6349182129,110.371253967,118.208068848,51.1770553589,83.1220703125,95.0066299438,229.836624146,81.431060791,54.9374961853,21.6632709503,42.7833099365],[39.6529922485,-124.225364685,41.26953125,72.2661972046,35.6604652405,40.9331970215,15.1339464188,42.3888626099,81.431060791,141.293273926,49.492893219,15.1346244812,25.359664917],[-89.8045959473,53.248336792,3.02274608612,24.3165283203,44.2189674377,39.0179824829,86.7410430908,26.3255214691,54.9374961853,49.492893219,141.95324707,48.2437057495,2.85214114189],[46.5451889038,-157.248336792,-110.49786377,15.2148866653,-7.38576841354,42.5074691772,33.0989151001,30.0528640747,21.6632709503,15.1346244812,48.2437057495,99.7162780762,25.1259727478],[-434.227905273,12.7893466949,-6.42488574982,6.97867202759,72.1175231934,-38.7451820374,-6.10279130936,1.63994836807,42.7833099365,25.359664917,2.85214114189,25.1259727478,139.355392456]],"icov":[[0.000226676769671,-0.000539022730663,0.000269217533059,-0.000637155608274,0.000632110924926,-0.000571988348383,0.000543284229934,-0.000572060176637,0.000425096310209,-0.000570527859963,0.000408491498092,-0.000585514644627,0.000415002723457],[-0.000539022730663,0.00211497908458,-0.00105213432107,0.00174684100784,-0.00177127704956,0.00188539596274,-0.00154198054224,0.00201985845342,-0.00169060530607,0.00239363824949,-0.00171686301474,0.0021932919044,-0.000936993863434],[0.000269217533059,-0.00105213432107,0.000977561576292,-0.00121891242452,0.000624899985269,-0.00091268972028,0.000504186726175,-0.000741295807529,0.00123257399537,-0.00141502311453,0.000851745018736,-0.000606760673691,0.000466262019472],[-0.000637155608274,0.00174684100784,-0.00121891242452,0.00346175534651,-0.00147883198224,0.00113850214984,-0.00176841183566,0.00146082125138,-0.00201867474243,0.00168089463841,-0.00104278523941,0.00175816391129,-0.00136981427204],[0.000632110924926,-0.00177127704956,0.000624899985269,-0.00147883198224,0.00466563832015,-0.00196258118376,0.00102094351314,-0.00183578114957,0.000161716670846,-0.001597886323,0.000929380010348,-0.000948926492129,-0.000265577924438],[-0.000571988348383,0.00188539596274,-0.00091268972028,0.00113850214984,-0.00196258118376,0.00666542397812,-0.00401992211118,0.00102335656993,-0.000901501334738,0.000594413664658,-0.0000878577047843,0.0000436429108959,0.00078886229312],[0.000543284229934,-0.00154198054224,0.000504186726175,-0.00176841183566,0.00102094351314,-0.00401992211118,0.00832091271877,-0.00366497715004,0.000423114543082,0.00103314314038,-0.00265425583348,-0.000839474145323,0.000595468562096],[-0.000572060176637,0.00201985845342,-0.000741295807529,0.00146082125138,-0.00183578114957,0.00102335656993,-0.00366497715004,0.0099461004138,-0.00375372869894,0.00105669186451,0.000186490346096,0.000691736466251,-0.000286626192974],[0.000425096310209,-0.00169060530607,0.00123257399537,-0.00201867474243,0.000161716670846,-0.000901501334738,0.000423114543082,-0.00375372869894,0.00918415654451,-0.00487747695297,0.000406493898481,-0.00116320175584,-0.000364580948371],[-0.000570527859963,0.00239363824949,-0.00141502311453,0.00168089463841,-0.001597886323,0.000594413664658,0.00103314314038,0.00105669186451,-0.00487747695297,0.0137394499034,-0.00615368410945,0.0038116525393,-0.00268600345589],[0.000408491498092,-0.00171686301474,0.000851745018736,-0.00104278523941,0.000929380010348,-0.0000878577047843,-0.00265425583348,0.000186490346096,0.000406493898481,-0.00615368410945,0.0139040341601,-0.00749089941382,0.00295917363837],[-0.000585514644627,0.0021932919044,-0.000606760673691,0.00175816391129,-0.000948926492129,0.0000436429108959,-0.000839474145323,0.000691736466251,-0.00116320175584,0.0038116525393,-0.00749089941382,0.0173584613949,-0.0049964170903],[0.000415002723457,-0.000936993863434,0.000466262019472,-0.00136981427204,-0.000265577924438,0.00078886229312,0.000595468562096,-0.000286626192974,-0.000364580948371,-0.00268600345589,0.00295917363837,-0.0049964170903,0.0104723609984]],"mean":[-121.173797607,94.2343292236,-96.2711029053,11.1257801056,-71.2419052124,-2.2173974514,-42.7416191101,-5.22397327423,-18.8978939056,-1.2266920805,-12.989115715,-3.38561034203,-7.62057209015]},"hfc":{"dmean":3.73004841805,"dmean2":4.75048160553,"dvar":103.013389587,"dvar2":156.906280518,"max":315.479125977,"mean":12.7362852097,"median":3.24881243706,"min":1.09335595167e-16,"var":798.348815918},"melbands":{"dmean":[0.000679485558067,0.000399269221816,0.000178339134436,0.000208038662095,0.000173604974407,0.000166224897839,0.000100597273558,0.000140083473525,0.000132532339194,0.0000460978517367,0.0000268552521447,0.0000292415552394,0.0000190850532817,0.000019571834855,0.0000357598546543,0.0000140903639476,0.0000153077744471,0.00000598877431912,0.00000741338499211,0.00000251390360972,0.00000169651002579,0.00000415322847402,0.00000449356912213,0.00000241208294938,0.00000138042048548,0.00000190898299479,0.00000242090868596,0.00000191171261577,0.00000155337636443,0.00000205041715162,0.00000239357495957,0.00000242497799263,0.00000249543177233,0.00000219252046918,0.00000150658252096,0.0000011380708429,7.77170498623e-7,4.76731628396e-7,3.34765786647e-7,2.27892385851e-7],"dmean2":[0.000962254300248,0.000579543411732,0.000279481464531,0.00032605350134,0.000249894423177,0.000223361726967,0.00013521022629,0.00019956639153,0.000186440069228,0.0000608493028267,0.0000361716301995,0.0000359855330316,0.00002419944758,0.0000277475792245,0.000049584901717,0.000019604975023,0.0000207887624128,0.00000898457619769,0.0000108490557977,0.00000365808546121,0.00000246566787609,0.0000060303104874,0.00000669733844916,0.00000354523649548,0.00000210532425626,0.00000288409751192,0.00000366687595488,0.00000289799936581,0.00000234652270592,0.00000306937135974,0.00000352279107574,0.00000333015123033,0.0000034738704926,0.00000298010718325,0.00000198711177291,0.00000151407289195,0.00000110349697025,7.04219075942e-7,5.12266637998e-7,3.39731684562e-7],"dvar":[0.0000117960225907,0.00000278645575236,2.125553209e-7,2.46048074359e-7,1.91017008433e-7,2.51526273587e-7,1.01461552049e-7,3.33335378855e-7,5.71803184357e-7,7.68209957869e-8,3.08016190331e-8,3.27913269871e-8,9.55131174152e-9,1.03799502327e-8,7.31263014586e-8,9.05887098668e-9,9.99104177168e-9,1.31874222653e-9,1.55743529184e-9,1.37522743193e-10,4.34802090166e-11,5.77445480321e-10,4.05823014082e-10,1.18851317676e-10,6.82111034322e-11,7.90300255793e-11,1.1305274078e-10,1.32269403763e-10,9.1753472875e-11,1.77473299945e-10,2.13106227109e-10,1.48198495142e-10,1.56593363276e-10,1.15944281953e-10,4.27031673911e-11,3.70063389654e-11,1.97897306181e-11,8.15410933219e-12,5.18917981501e-12,2.2000871177e-12],"dvar2":[0.0000228830049309,0.00000572109274799,5.5435680224e-7,5.84179304042e-7,3.97317847955e-7,5.30099896423e-7,2.27130684038e-7,7.33658055196e-7,0.00000113231135401,1.48880758388e-7,6.42920809923e-8,4.76330832555e-8,1.5118109431e-8,2.0214814711e-8,1.33588841322e-7,1.62184718988e-8,1.79127912503e-8,2.98962987699e-9,3.32219296517e-9,3.12549514048e-10,9.18422837781e-11,1.21814847098e-9,9.40855726661e-10,2.58994686808e-10,1.83242407359e-10,1.83050657965e-10,2.53149529117e-10,3.27751048523e-10,2.20584384092e-10,4.2406747558e-10,4.26730567549e-10,2.63980060033e-10,2.8846786071e-10,2.05003555798e-10,6.40077574277e-11,7.01151497973e-11,3.85486018106e-11,1.64229498056e-11,1.19287002151e-11,4.30106774849e-12],"max":[0.0681209787726,0.0372801013291,0.00853086076677,0.0114762885496,0.0117110852152,0.0136965969577,0.0162952262908,0.0160751789808,0.037731718272,0.0122670261189,0.0072628906928,0.00797967147082,0.00447785155848,0.00301631260663,0.0132836876437,0.00404729740694,0.00416491506621,0.00111443980131,0.00157973612659,0.000584318768233,0.000244939350523,0.00136890658177,0.000587239104789,0.000310146453558,0.000272255303571,0.000285092799459,0.000253041274846,0.000503891438711,0.000396002928028,0.000662500387989,0.00068717735121,0.000498981738929,0.000682242505718,0.00058985495707,0.000303978013108,0.00031515408773,0.00021129421657,0.000118882198876,0.0000952696500462,0.0000707146464265],"mean":[0.00153321737889,0.000863309716806,0.000435651774751,0.000464407261461,0.000482341099996,0.000488434685394,0.000276668550214,0.000300308136502,0.000306964211632,0.000103986247268,0.0000453452812508,0.0000668881184538,0.0000441797128587,0.0000404768143198,0.0000716009235475,0.000025186498533,0.0000288081646431,0.00000982328219834,0.0000134612928377,0.00000514002249474,0.00000368546034224,0.00000804260344012,0.00000828658812679,0.00000483779012939,0.00000255277700489,0.00000359539694728,0.00000429749024988,0.00000319563287121,0.00000261743412011,0.00000369659369426,0.00000445490150014,0.00000485677173856,0.00000510160634803,0.00000419019170295,0.00000295142240248,0.00000201156763069,0.00000139669430155,7.86419832366e-7,4.88326918457e-7,3.61539804317e-7],"median":[0.0000219723860937,0.0000602329018875,0.00016142851382,0.000167705889908,0.000150781561388,0.000119120151794,0.0000884666151251,0.0000245162536885,0.0000166221252584,0.0000100334318631,0.00000727101496523,0.00000541561848877,0.00000257305237028,0.00000165539017871,0.00000204252182812,8.41842563659e-7,0.00000124695236536,8.18875889763e-7,8.55991345361e-7,7.09667745014e-7,3.65785439271e-7,3.76678826797e-7,2.17184378926e-7,2.20781473104e-7,1.76762881665e-7,1.19134263343e-7,1.18055957898e-7,1.20474439314e-7,1.19496391449e-7,1.07832754281e-7,8.55052562088e-8,7.13556858045e-8,4.92596718971e-8,4.04391862219e-8,3.89335959028e-8,3.36220260522e-8,3.59794931626e-8,3.35293748321e-8,2.5291283734e-8,1.78075296731e-8],"min":[2.25541032323e-24,1.82944121163e-24,2.29669950022e-24,2.31258814493e-24,1.45288319168e-24,3.15197421062e-24,2.67950056537e-24,9.46546705996e-25,2.49038989879e-24,2.2822937168e-24,2.58254916569e-24,4.28039989807e-24,2.42163889596e-24,5.99003818452e-24,5.08224939809e-24,5.50660252813e-24,4.00926327735e-24,4.36783802966e-24,4.49119181498e-24,4.1135621275e-24,4.17995700002e-24,5.50458698852e-24,5.55385845179e-24,5.35923542242e-24,4.66329444323e-24,5.45658164699e-24,4.2512317661e-24,6.94347085736e-24,5.83700902967e-24,6.28057013389e-24,5.84767482354e-24,5.23883947107e-24,4.81553039844e-24,7.13706678983e-24,5.79394195741e-24,6.5835834405e-24,7.63507389044e-24,7.14496959838e-24,6.85574873584e-24,7.53573894753e-24],"var":[0.0000366694439435,0.00000799685312813,5.2496278613e-7,7.27075700979e-7,9.18985165299e-7,0.0000012184669913,2.68698045147e-7,8.18196213004e-7,0.00000203992522074,2.12796805954e-7,4.53392985378e-8,1.52282964905e-7,4.4379401487e-8,3.87488015008e-8,2.07252199402e-7,3.10701651074e-8,3.4829799489e-8,2.68854671859e-9,5.12406739261e-9,3.39622996393e-10,1.83728310343e-10,1.58029400676e-9,1.06204001149e-9,3.96319616014e-10,1.42924519442e-10,2.46479725519e-10,2.81581064021e-10,2.19227760945e-10,1.88413104563e-10,5.68759817021e-10,8.22798551514e-10,6.70661082225e-10,6.93639812255e-10,4.55717852343e-10,2.06499178868e-10,1.30785271502e-10,6.46766182277e-11,1.94642080231e-11,1.03543467203e-11,6.09085741912e-12]},"melbands_crest":{"dmean":2.46219611168,"dmean2":3.85092711449,"dvar":6.50338029861,"dvar2":16.8815040588,"max":35.1896820068,"mean":15.5493927002,"median":14.8693552017,"min":1.82315981388,"var":36.322303772},"melbands_flatness_db":{"dmean":0.0239649731666,"dmean2":0.0350318476558,"dvar":0.00073810829781,"dvar2":0.00157721585128,"max":0.65491014719,"mean":0.278716206551,"median":0.28492128849,"min":0.00503476290032,"var":0.00925520248711},"melbands_kurtosis":{"dmean":9.41086959839,"dmean2":14.3055086136,"dvar":360.587646484,"dvar2":844.560791016,"max":364.383636475,"mean":21.5375080109,"median":13.1678504944,"min":-1.89645159245,"var":852.041809082},"melbands_skewness":{"dmean":0.729028105736,"dmean2":1.08951282501,"dvar":0.851254403591,"dvar2":1.9217249155,"max":15.7236299515,"mean":2.69015336037,"median":2.40616750717,"min":-1.81427669525,"var":3.98659682274},"melbands_spread":{"dmean":4.35583543777,"dmean2":6.21106290817,"dvar":131.172668457,"dvar2":218.035202026,"max":252.668746948,"mean":14.7853364944,"median":7.09526109695,"min":0.414675176144,"var":602.262817383},"mfcc":{"cov":[[13355.8701172,-391.860351562,388.512969971,785.875976562,-484.831970215,386.47164917,-164.517913818,544.52947998,-255.358062744,96.4027099609,315.154541016,157.049499512,-20.7301635742],[-391.860351562,2905.86376953,882.75402832,159.282287598,229.563537598,-96.4301834106,48.5911712646,-204.36289978,-64.9782333374,-152.292266846,-111.141929626,-38.8690338135,-30.9006481171],[388.512969971,882.75402832,2290.046875,712.256774902,260.921691895,285.5390625,252.837188721,32.6013031006,36.9624176025,78.8548965454,-15.3031349182,50.5987243652,21.7663612366],[785.875976562,159.282287598,712.256774902,680.39831543,205.631134033,158.092697144,69.3176269531,48.646938324,86.2746658325,99.4518814087,18.4905662537,42.1580543518,48.4135551453],[-484.831970215,229.563537598,260.921691895,205.631134033,353.652191162,98.2295303345,41.709312439,-2.17194795609,106.249328613,79.8654632568,6.07494497299,15.8795232773,35.9988327026],[386.47164917,-96.4301834106,285.5390625,158.092697144,98.2295303345,278.544158936,124.932113647,116.140930176,52.2846946716,89.9318466187,67.4097518921,54.7808227539,30.187707901],[-164.517913818,48.5911712646,252.837188721,69.3176269531,41.709312439,124.932113647,263.641418457,129.777374268,28.7824611664,53.7267875671,55.0329627991,42.6706123352,29.9675006866],[544.52947998,-204.36289978,32.6013031006,48.646938324,-2.17194795609,116.140930176,129.777374268,296.942749023,52.1503944397,87.5286178589,109.223907471,54.8780021667,43.7223739624],[-255.358062744,-64.9782333374,36.9624176025,86.2746658325,106.249328613,52.2846946716,28.7824611664,52.1503944397,191.446105957,93.4837722778,7.68967676163,16.936712265,21.8660030365],[96.4027099609,-152.292266846,78.8548965454,99.4518814087,79.8654632568,89.9318466187,53.7267875671,87.5286178589,93.4837722778,196.081893921,83.3346405029,42.8920478821,42.9268875122],[315.154541016,-111.141929626,-15.3031349182,18.4905662537,6.07494497299,67.4097518921,55.0329627991,109.223907471,7.68967676163,83.3346405029,173.799636841,74.9856948853,36.6122360229],[157.049499512,-38.8690338135,50.5987243652,42.1580543518,15.8795232773,54.7808227539,42.6706123352,54.8780021667,16.936712265,42.8920478821,74.9856948853,140.287704468,66.7471466064],[-20.7301635742,-30.9006481171,21.7663612366,48.4135551453,35.9988327026,30.187707901,29.9675006866,43.7223739624,21.8660030365,42.9268875122,36.6122360229,66.7471466064,119.876480103]],"icov":[[0.000123410558444,-0.0000292088679998,0.0000259036605712,-0.000229186145589,0.000259508902673,-0.00020429622964,0.000300580752082,-0.000270931486739,0.000204589465284,-0.0000365440719179,-0.0000617901023361,-0.0000635917749605,0.00012890752987],[-0.0000292088679998,0.000486534496304,-0.000214917046833,0.000137556155096,-0.000455042696558,0.000409342203056,-0.000244275899604,0.000241069486947,0.0000362312639481,0.00037968729157,-0.0000657919081277,-0.00000581266795052,-0.00000870097665029],[0.0000259036605712,-0.000214917046833,0.000868618895765,-0.000799020635895,0.000108009866381,-0.00049801019486,-0.000472980493214,0.00010336071864,0.000331407296471,-0.000182568546734,0.000340923375916,-0.0001797008008,0.000288431794615],[-0.000229186145589,0.000137556155096,-0.000799020635895,0.00306803383864,-0.00126527622342,-0.0000175388231582,9.05482011149e-7,0.000293114746455,-0.000660262652673,-0.000274857651675,0.000258231215412,0.0000621943181613,-0.000715550384484],[0.000259508902673,-0.000455042696558,0.000108009866381,-0.00126527622342,0.00518071139231,-0.00161230296362,0.000584760215133,0.000403050478781,-0.00149158679415,-0.000727096747141,-0.000270683638519,0.000508672033902,-0.000692086585332],[-0.00020429622964,0.000409342203056,-0.00049801019486,-0.0000175388231582,-0.00161230296362,0.00671889493242,-0.00204697414301,-0.000600781291723,-0.000129181935336,-0.00069619162241,-0.000311931216856,-0.000937764067203,0.000581012282055],[0.000300580752082,-0.000244275899604,-0.000472980493214,9.05482011149e-7,0.000584760215133,-0.00204697414301,0.00678003532812,-0.00272275297903,0.000486742152134,-0.000150347361341,-0.000174315122422,-0.000393753260141,-0.0000499170237163],[-0.000270931486739,0.000241069486947,0.00010336071864,0.000293114746455,0.000403050478781,-0.000600781291723,-0.00272275297903,0.00664711324498,-0.00171493692324,-0.0000211927963392,-0.00246327882633,0.000754560460337,-0.00118275429122],[0.000204589465284,0.0000362312639481,0.000331407296471,-0.000660262652673,-0.00149158679415,-0.000129181935336,0.000486742152134,-0.00171493692324,0.00871432852,-0.00371692865156,0.00243545114063,-0.000988133833744,0.000783298513852],[-0.0000365440719179,0.00037968729157,-0.000182568546734,-0.000274857651675,-0.000727096747141,-0.00069619162241,-0.000150347361341,-0.0000211927963392,-0.00371692865156,0.00987968593836,-0.00400257995352,0.000990783330053,-0.00151438754983],[-0.0000617901023361,-0.0000657919081277,0.000340923375916,0.000258231215412,-0.000270683638519,-0.000311931216856,-0.000174315122422,-0.00246327882633,0.00243545114063,-0.00400257995352,0.01108042337,-0.00444295397028,0.00098675431218],[-0.0000635917749605,-0.00000581266795052,-0.0001797008008,0.0000621943181613,0.000508672033902,-0.000937764067203,-0.000393753260141,0.000754560460337,-0.000988133833744,0.000990783330053,-0.00444295397028,0.012315005064,-0.00577295245603],[0.00012890752987,-0.00000870097665029,0.000288431794615,-0.000715550384484,-0.000692086585332,0.000581012282055,-0.0000499170237163,-0.00118275429122,0.000783298513852,-0.00151438754983,0.00098675431218,-0.00577295245603,0.0124163841829]],"mean":[-769.459594727,130.6690979,22.4206962585,12.9059724808,-6.23406648636,-2.32054185867,-13.6172199249,-7.82307386398,-7.17741060257,-4.22327804565,-5.81907463074,-2.93993020058,-4.09014558792]},"pitch_salience":{"dmean":0.0570194236934,"dmean2":0.0894586965442,"dvar":0.00312392832711,"dvar2":0.00768690928817,"max":0.962403893471,"mean":0.525429487228,"median":0.525872349739,"min":0.0633533000946,"var":0.0218422375619},"silence_rate_20dB":{"dmean":0,"dmean2":0,"dvar":0,"dvar2":0,"max":1,"mean":1,"median":1,"min":1,"var":0},"silence_rate_30dB":{"dmean":0.0106880431995,"dmean2":0.0213796552271,"dvar":0.0105739580467,"dvar2":0.0252657532692,"max":1,"mean":0.974787116051,"median":1,"min":0,"var":0.0245781671256},"silence_rate_60dB":{"dmean":0.0287241153419,"dmean2":0.0574578270316,"dvar":0.027898170054,"dvar2":0.0598321147263,"max":1,"mean":0.284521609545,"median":0,"min":0,"var":0.203566849232},"spectral_centroid":{"dmean":152.195999146,"dmean2":220.49041748,"dvar":108635.375,"dvar2":184757.453125,"max":11475.8173828,"mean":927.532409668,"median":517.530029297,"min":159.112609863,"var":1034424},"spectral_complexity":{"dmean":1.30661320686,"dmean2":2.06313681602,"dvar":3.4415872097,"dvar2":6.63376617432,"max":46,"mean":7.77358484268,"median":7,"min":0,"var":36.841129303},"spectral_contrast_coeffs":{"dmean":[0.0396176092327,0.0377279631793,0.0347415171564,0.0280723515898,0.0228769313544,0.0190807245672],"dmean2":[0.0657353550196,0.059099253267,0.0531647354364,0.0428537279367,0.0348154380918,0.0288384892046],"dvar":[0.00120267516468,0.0011983201839,0.000947135966271,0.000643535633571,0.000488655699883,0.000359071360435],"dvar2":[0.00310895428993,0.00280065881088,0.00204201764427,0.00131380977109,0.000997771159746,0.000714747584425],"max":[-0.238429009914,-0.271785408258,-0.396956890821,-0.437308192253,-0.564263701439,-0.512372970581],"mean":[-0.604280114174,-0.660359382629,-0.73220539093,-0.751047253609,-0.788140833378,-0.790557265282],"median":[-0.618974328041,-0.665900468826,-0.73595482111,-0.76152074337,-0.800601601601,-0.801266014576],"min":[-0.975175917149,-0.997954130173,-0.994673669338,-0.963958501816,-0.972944796085,-0.964508891106],"var":[0.0146876964718,0.0135762067512,0.00785520393401,0.0073211225681,0.00449450965971,0.00356260873377]},"spectral_contrast_valleys":{"dmean":[0.366880238056,0.309389919043,0.320198386908,0.280095815659,0.255056530237,0.347183465958],"dmean2":[0.611986100674,0.492056518793,0.515288889408,0.445234447718,0.390132188797,0.489369988441],"dvar":[0.158897534013,0.11333938688,0.120129488409,0.0999370664358,0.104348905385,0.185082301497],"dvar2":[0.334971129894,0.226691171527,0.248188868165,0.196628525853,0.187983751297,0.36116451025],"max":[-4.82161569595,-5.16254758835,-6.05399608612,-6.54704666138,-5.35908937454,-6.89970588684],"mean":[-8.9095916748,-7.81344509125,-9.08542060852,-9.55671882629,-9.47194766998,-11.3461685181],"median":[-8.47893047333,-7.51512908936,-8.92453384399,-9.5046043396,-9.51860141754,-11.3569717407],"min":[-27.8239593506,-27.8843345642,-27.738368988,-27.5849761963,-27.3662338257,-27.3257102966],"var":[5.38546037674,2.82018899918,2.3237221241,2.19504070282,2.4949991703,2.72952699661]},"spectral_decrease":{"dmean":1.38000222361e-9,"dmean2":1.9147221586e-9,"dvar":1.42654162234e-17,"dvar2":2.65453607486e-17,"max":1.59090045791e-16,"mean":-4.70245486994e-9,"median":-2.11128448058e-9,"min":-8.86137385692e-8,"var":6.53762395655e-17},"spectral_energy":{"dmean":0.00544239813462,"dmean2":0.0075325681828,"dvar":0.000209462348721,"dvar2":0.000390271830838,"max":0.348800212145,"mean":0.0189033318311,"median":0.00846418552101,"min":1.01859440682e-20,"var":0.00101197126787},"spectral_energyband_high":{"dmean":0.000321408064337,"dmean2":0.000408761232393,"dvar":0.00000177464710305,"dvar2":0.00000259037983596,"max":0.0463252104819,"mean":0.000776859465986,"median":0.0000241003017436,"min":7.02620783234e-21,"var":0.0000108791418825},"spectral_energyband_low":{"dmean":0.00274010025896,"dmean2":0.00397308543324,"dvar":0.000160722061992,"dvar2":0.000310736329993,"max":0.25729188323,"mean":0.00652730418369,"median":0.000509172677994,"min":3.1287681316e-23,"var":0.000499725167174},"spectral_energyband_middle_high":{"dmean":0.000833624042571,"dmean2":0.00108458439354,"dvar":0.00000952827213041,"dvar2":0.000014792480215,"max":0.10848981142,"mean":0.00239944132045,"median":0.000280389853287,"min":1.28508697878e-21,"var":0.0000565440823266},"spectral_energyband_middle_low":{"dmean":0.0028143376112,"dmean2":0.00391133315861,"dvar":0.0000374337905669,"dvar2":0.0000760668190196,"max":0.222958192229,"mean":0.00962924864143,"median":0.00574661558494,"min":2.04764347489e-22,"var":0.000166906480445},"spectral_entropy":{"dmean":0.217419475317,"dmean2":0.314399898052,"dvar":0.0651150345802,"dvar2":0.138254374266,"max":9.81969642639,"mean":6.78643321991,"median":6.79557752609,"min":3.69845175743,"var":0.658380866051},"spectral_flux":{"dmean":0.0148490956053,"dmean2":0.0233723148704,"dvar":0.000747830141336,"dvar2":0.00182478001807,"max":0.385235518217,"mean":0.0417668409646,"median":0.0247814711183,"min":6.43323033733e-11,"var":0.00211618747562},"spectral_kurtosis":{"dmean":3.23032808304,"dmean2":5.2301697731,"dvar":19.5949001312,"dvar2":51.0867347717,"max":90.9979400635,"mean":9.74428844452,"median":6.5697183609,"min":-1.22603499889,"var":111.040267944},"spectral_rms":{"dmean":0.000488586025313,"dmean2":0.000668716849759,"dvar":7.68563438669e-7,"dvar2":0.00000145322303524,"max":0.0184470303357,"mean":0.00339292013086,"median":0.0028736286331,"min":3.15238113391e-12,"var":0.00000693034735377},"spectral_rolloff":{"dmean":300.030700684,"dmean2":504.196746826,"dvar":1081582.5,"dvar2":2265709.5,"max":21985.4003906,"mean":1187.9934082,"median":495.263671875,"min":64.599609375,"var":4570340.5},"spectral_skewness":{"dmean":0.354548931122,"dmean2":0.548297047615,"dvar":0.149215966463,"dvar2":0.342726618052,"max":7.96325778961,"mean":2.30574798584,"median":2.13591599464,"min":-0.31489354372,"var":1.35436964035},"spectral_spread":{"dmean":819337.5625,"dmean2":1226162.125,"dvar":1730636021760,"dvar2":3691769495550,"max":41772540,"mean":4685475.5,"median":4248723,"min":975812.9375,"var":8867971858430},"spectral_strongpeak":{"dmean":0.350913196802,"dmean2":0.557486772537,"dvar":0.796659648418,"dvar2":1.95517277718,"max":14.0281867981,"mean":0.970972418785,"median":0.509445786476,"min":0,"var":2.0462770462},"zerocrossingrate":{"dmean":0.00877381395549,"dmean2":0.0100710559636,"dvar":0.000246197654633,"dvar2":0.000263719732175,"max":0.765625,"mean":0.0491076894104,"median":0.02978515625,"min":0.0029296875,"var":0.00360658927821}},"metadata":{"audio_properties":{"analysis_sample_rate":44100,"bit_rate":0,"codec":"flac","downmix":"mix","equal_loudness":0,"length":139.026672363,"lossless":true,"md5_encoded":"230f8a47bd88ee33a9438c3cd6b3ce14","replay_gain":-8.94588661194,"sample_rate":44100},"tags":{"acoustid_id":["4673746c-681e-4a64-804f-fd58b7041e90"],"album":["Sacred Love"],"albumartist":["Sting"],"albumartistsort":["Sting"],"artist":["Sting"],"artists":["Sting"],"artistsort":["Sting"],"barcode":["602498605349"],"catalognumber":["0602498605349"],"composer":["Sting","Dominic Miller"],"composersort":["Sting","Miller, Dominic"],"date":["2003"],"file_name":"12 - Shape of My Heart (live).flac","isrc":["USAM10300282"],"label":["A&M Records"],"media":["CD"],"musicbrainz_albumartistid":["7944ed53-2a58-4035-9b93-140a71e41c34"],"musicbrainz_albumid":["f28264c8-acfe-43ac-a1e2-6fdc8d4a0b68"],"musicbrainz_artistid":["7944ed53-2a58-4035-9b93-140a71e41c34"],"musicbrainz_recordingid":["af93e027-fce1-4076-a76e-7ac50a31c98c"],"musicbrainz_releasegroupid":["04ff0520-46ba-3735-be38-f53f2e4d102b"],"musicbrainz_releasetrackid":["f31ec607-a1a6-49fe-a696-8003095869ac"],"musicbrainz_workid":["20926c71-170c-30a7-85a7-e3c4ec5e9cac"],"originaldate":["2003"],"releasecountry":["XE"],"releasestatus":["official"],"releasetype":["album"],"script":["Latn"],"title":["Shape of My Heart (live)"],"totaltracks":["12"],"tracknumber":["12"],"tracktotal":["12"],"work":["Shape of My Heart"]},"version":{"essentia":"2.1-beta1","essentia_build_sha":"ca57ba49d9b1854bd80e60cf9ccf267278fb7d6b","essentia_git_sha":"v2.1_beta1-28-g21ef5f4-dirty","extractor":"music 1.0"}},"rhythm":{"beats_count":213,"beats_loudness":{"dmean":0.0496897697449,"dmean2":0.0948664620519,"dvar":0.00552478153259,"dvar2":0.0157800540328,"max":0.351125955582,"mean":0.0400555245578,"median":0.013