{"lowlevel":{"average_loudness":0.909649372101,"barkbands":{"dmean":[0.0000456738525827,0.0112015036866,0.0016080517089,0.000644856481813,0.00114179262891,0.000863602908794,0.000993282883428,0.00104610179551,0.00133586442098,0.00130504777189,0.00052946707001,0.00041848316323,0.000453739980003,0.00069329154212,0.000402529462008,0.0001771360985,0.000166204379639,0.0000926737993723,0.000084870349383,0.0000449935650977,0.0000334256001224,0.0000324202737829,0.0000405253158533,0.0000412149020121,0.0000560285880056,0.0000526421390532,0.00000466194205728],"dmean2":[0.000069571826316,0.0170105863363,0.0025143912062,0.00111629930325,0.00184650055598,0.00132815202232,0.00153170584235,0.00161567446776,0.00198255991563,0.00189499917906,0.000785829790402,0.000632895622402,0.000718025141396,0.00118047045544,0.000680391851347,0.000300415646052,0.000290863361442,0.000157548012794,0.000130567656015,0.0000704227932147,0.0000528991658939,0.00005060921103,0.0000621257713647,0.0000659172801534,0.0000914833217394,0.0000894031618373,0.00000814463783172],"dvar":[6.7861360975e-9,0.000600646482781,0.0000118033358376,0.000002930733217,0.00000481777260575,0.0000021432883841,0.0000097104402812,0.0000129926866066,0.000017584527086,0.0000164529974427,0.00000435372930951,0.00000252364566222,0.00000121160519484,0.00000407590232498,0.00000151427946093,2.25466436632e-7,1.75518096057e-7,5.01274541875e-8,3.16575672343e-8,1.45560772324e-8,8.56355697465e-9,6.38918118412e-9,1.33162982863e-8,2.77619527367e-8,2.55546126482e-8,2.61430272985e-8,2.87204204863e-10],"dvar2":[1.53877088849e-8,0.00138535909355,0.0000279355717794,0.00000812438429421,0.0000121704370031,0.00000507051800014,0.0000225973944907,0.0000289113413601,0.0000377033065888,0.0000334052747348,0.00000883759275894,0.00000536266270501,0.00000281660231849,0.000010728163943,0.00000391888625018,5.79234210818e-7,4.79414723031e-7,1.32902030714e-7,6.41648227884e-8,3.67067798379e-8,2.37202879561e-8,1.49728514032e-8,3.07987981785e-8,6.1631780568e-8,6.19849984673e-8,6.57300844864e-8,7.62571672475e-10],"max":[0.00125971785747,0.196018397808,0.0878360420465,0.0234335102141,0.0333381332457,0.0319272466004,0.107541151345,0.134142637253,0.0967397913337,0.0976640731096,0.095875903964,0.0656014308333,0.0379794798791,0.0302889049053,0.0203478615731,0.0110309300944,0.00658861827105,0.00496361171827,0.00572231039405,0.00370737444609,0.00271904258989,0.00224534631707,0.00233249249868,0.0120363943279,0.00271040503867,0.00228236126713,0.00039031173219],"mean":[0.0000588615403103,0.0115720583126,0.00204623118043,0.000768553931266,0.00154801795725,0.00168590480462,0.00193274358753,0.00175480684265,0.00231918576173,0.00250861584209,0.00103111902718,0.000670330889989,0.000674040406011,0.000634353782516,0.0004347335489,0.000200944923563,0.000169093327713,0.000103040467366,0.000163271062775,0.0000655157200526,0.0000511620019097,0.0000488072328153,0.0000485267555632,0.0000452875428891,0.0000498111985507,0.0000395002971345,0.00000316559203384],"median":[0.0000166917125171,0.00234236870892,0.000677373376675,0.000254673766904,0.000838196545374,0.00093126646243,0.000675928662531,0.000442103599198,0.000339459511451,0.000214218773181,0.000137152630487,0.0000985651131487,0.0000986726081464,0.000100607772765,0.0000745982324588,0.0000364129664376,0.0000344891923305,0.0000241844099946,0.0000460414848931,0.0000195329575945,0.000017591057258,0.0000166399950103,0.00000768115569372,0.00000580717551202,0.00000486948147227,0.00000180387814908,4.12045366716e-8],"min":[7.19302937131e-24,2.85221968841e-23,6.40330150795e-24,4.44718718153e-24,2.54782839958e-23,2.75902302998e-23,2.53219727851e-23,4.16307080125e-23,5.27431517707e-23,8.10631699157e-23,4.81969148194e-23,3.28189644627e-23,6.26261968288e-23,1.35528057944e-22,6.77024978212e-23,1.84063968382e-22,1.36484813693e-22,2.12343281304e-22,2.20050263022e-22,2.83533446784e-22,5.41857827288e-22,4.54660601191e-22,4.53219749903e-22,7.09183681874e-22,1.00516176916e-21,1.73344603285e-21,1.88734403594e-21],"var":[9.58922807826e-9,0.000658884411678,0.0000145628364407,0.00000253332291322,0.00000497408018418,0.00000526166468262,0.0000198259494937,0.0000317360063491,0.0000415356953454,0.000050637696404,0.0000146531083374,0.00000482961741,0.0000027525452424,0.00000327127531818,0.00000158697253028,2.96490071605e-7,1.74938790565e-7,5.16258964467e-8,1.26877637285e-7,1.97200940022e-8,1.19354393036e-8,1.11453264395e-8,1.95529992197e-8,4.39646292705e-8,2.4024350509e-8,2.04415080418e-8,1.98102159676e-10]},"barkbands_crest":{"dmean":3.55304813385,"dmean2":5.71993398666,"dvar":12.1676168442,"dvar2":27.1719684601,"max":26.1244983673,"mean":11.7066717148,"median":10.6191158295,"min":2.70902752876,"var":24.8272380829},"barkbands_flatness_db":{"dmean":0.0325795821846,"dmean2":0.0494381897151,"dvar":0.00113782100379,"dvar2":0.00249675917439,"max":0.459757596254,"mean":0.176525205374,"median":0.173740312457,"min":0.0273817740381,"var":0.00331439753063},"barkbands_kurtosis":{"dmean":7.13008260727,"dmean2":11.3644704819,"dvar":405.010223389,"dvar2":910.314758301,"max":1163.57275391,"mean":8.41731929779,"median":3.4101600647,"min":-1.93089449406,"var":491.720489502},"barkbands_skewness":{"dmean":0.928458690643,"dmean2":1.39141571522,"dvar":1.35024631023,"dvar2":2.98782420158,"max":27.6574001312,"mean":1.6535615921,"median":1.37995505333,"min":-2.41065001488,"var":3.04778718948},"barkbands_spread":{"dmean":5.89784860611,"dmean2":9.32363605499,"dvar":66.8850326538,"dvar2":151.622558594,"max":105.847351074,"mean":14.3136129379,"median":11.2260532379,"min":0.167076230049,"var":130.985366821},"dissonance":{"dmean":0.0312274135649,"dmean2":0.0513353608549,"dvar":0.000959530763794,"dvar2":0.0024797860533,"max":0.500000298023,"mean":0.433170586824,"median":0.445354491472,"min":0.131042465568,"var":0.00244583049789},"dynamic_complexity":4.2395567894,"erbbands":{"dmean":[0.187232390046,2.90613627434,3.16418075562,1.68409907818,3.1793410778,3.66667532921,5.47390890121,7.35651063919,13.0885009766,15.9447183609,25.8943729401,30.0032939911,45.2815628052,24.8941440582,16.1098594666,18.3837127686,21.9215660095,29.4934368134,32.7416229248,12.5169410706,9.60736751556,8.3535490036,5.48927879333,4.66109609604,3.62109804153,2.14865684509,1.33783793449,1.32149910927,1.21386170387,1.25953137875,1.02147877216,0.803097426891,0.71906542778,0.564234614372,0.44478943944,0.233385533094,0.0993765965104,0.0184793099761,0.000391698384192,0.0000255554514297],"dmean2":[0.311353981495,4.35811376572,4.59353780746,2.78348255157,5.52113676071,5.78564357758,8.54068756104,11.4118337631,20.0708637238,24.5690879822,39.432598114,44.1193695068,66.3228302002,34.7286224365,24.1779060364,27.5426387787,34.3443603516,49.4399871826,56.4007759094,20.4122810364,16.4356250763,14.6181612015,9.39815711975,7.38243341446,5.46309614182,3.35043931007,2.1400001049,2.06268239021,1.8814599514,1.95082092285,1.56725764275,1.26670944691,1.15040266514,0.911988973618,0.73115426302,0.393850266933,0.169046536088,0.0318532697856,0.000670222565532,0.0000365000487363],"dvar":[0.171348407865,40.1110877991,40.0613174438,13.8581485748,99.3631134033,37.8398857117,89.6708221436,198.765792847,1587.67028809,2061.27441406,9521.35839844,10918.3144531,19107.1035156,8675.01074219,2659.07421875,3974.52832031,2931.73583984,6149.08740234,11961.3056641,1030.93847656,634.610412598,434.837127686,180.31729126,90.0386581421,66.792930603,35.3651809692,15.6161680222,11.1896762848,8.89246559143,11.3893947601,9.29662036896,6.9250869751,10.3373394012,2.77191281319,1.66232442856,0.499738991261,0.0966763645411,0.0034596065525,0.0000015457127347,2.05149874866e-9],"dvar2":[0.436350047588,90.8553848267,80.2291870117,36.4538879395,273.070983887,86.5615844727,209.029907227,481.713775635,3668.64111328,4818.91650391,21502.3417969,23684.7480469,40917.9101562,16030.5839844,5504.61669922,8342.98730469,6878.37890625,15690.1328125,31613.8925781,2500.21118164,1681.77160645,1187.60424805,482.688201904,202.221054077,139.647506714,89.860496521,44.5782546997,28.9371433258,21.1819820404,27.0165367126,21.1806144714,15.9361763,22.2468833923,6.4515953064,4.09100627899,1.24877023697,0.244810298085,0.0088316174224,0.00000394477501686,4.39044933742e-9],"max":[3.53059625626,49.979927063,96.1993713379,68.9785461426,141.98500061,79.8890151978,167.126525879,351.383148193,1122.71520996,1710.67028809,3778.16772461,3022.04174805,3146.10205078,3869.26757812,2281.07543945,2487.92602539,2059.01953125,1738.57739258,1284.16491699,998.461730957,492.28704834,273.357208252,319.100860596,307.601287842,260.395721436,197.523101807,141.640563965,74.0587921143,71.654914856,68.9978637695,64.1744842529,126.867584229,252.768768311,52.1524620056,19.2817344666,10.5634813309,4.66181612015,1.07833361626,0.0237182453275,0.00068951206049],"mean":[0.193068683147,2.9903216362,3.79347395897,2.36340594292,3.64024543762,5.01638507843,8.51693725586,14.1782112122,25.9501056671,30.5959873199,44.3111495972,53.0697593689,90.1684036255,54.7331428528,33.7570114136,31.4034385681,33.8655395508,30.8759651184,29.5333766937,16.940984726,10.8415956497,8.4899597168,6.20301151276,8.09848976135,6.63041543961,3.26777291298,1.9641160965,2.10412931442,1.84596383572,1.6238142252,1.23193347454,0.896817684174,0.770697295666,0.524082005024,0.381099641323,0.182181715965,0.0729851275682,0.0131528479978,0.000292394746793,0.0000436928894487],"median":[0.0401110872626,0.555931806564,1.10364758968,1.04363262653,1.68802642822,2.46902132034,4.38456678391,7.1469244957,9.65881729126,10.81108284,11.3793449402,9.34344959259,9.12331771851,5.37238121033,6.25498962402,5.6713385582,5.85125350952,6.54050636292,4.85386180878,3.08168315887,2.3785943985,1.87552475929,1.46343076229,2.26821112633,2.08158898354,1.01718485355,0.670566558838,0.748777925968,0.612660467625,0.408678144217,0.190547868609,0.113806828856,0.0944817364216,0.0594723373652,0.0298266559839,0.010815215297,0.00265567214228,0.000333557865815,0.0000226775919145,0.0000218955101445],"min":[6.1094351382e-22,7.60847674451e-21,1.06968508811e-20,1.24373705603e-20,4.08134080784e-20,9.38672797651e-20,2.2882641082e-19,1.83047237192e-19,2.54811229938e-19,5.01485225697e-19,7.36826898762e-19,9.71095563477e-19,2.94809134868e-18,1.90417638754e-18,1.35414925667e-18,2.45472402181e-18,3.17435833344e-18,5.62174939912e-18,4.40233793807e-18,6.46077441086e-18,1.10468961646e-17,8.71302343709e-18,1.0745368979e-17,1.34500303792e-17,8.70504528008e-18,1.32387370179e-17,1.74498680215e-17,2.26719799969e-17,2.02010062187e-17,1.53871459259e-17,1.42028201577e-17,1.42208609669e-17,1.23749321565e-17,1.14396952862e-17,7.60961413078e-18,6.11618668411e-18,3.05304878109e-18,1.12142054376e-18,2.65237944957e-19,2.79403128604e-20],"var":[0.166492789984,44.8684577942,54.7853775024,15.5619783401,72.0670700073,50.4152603149,143.36390686,446.29385376,3178.38891602,5199.61425781,21946.3515625,22155.3183594,63484.9804688,31125.2636719,9759.41992188,8316.43554688,6503.24902344,5768.83740234,9171.75585938,2415.55493164,657.598022461,397.022033691,191.412841797,315.098236084,195.147521973,49.2505607605,19.4061107635,18.4461174011,15.124294281,16.5909061432,14.2410421371,10.3764314651,16.8667201996,3.10828113556,1.45497977734,0.399823009968,0.0743849873543,0.0025981713552,0.0000011682677723,3.08575009988e-9]},"erbbands_crest":{"dmean":3.34879684448,"dmean2":5.32958841324,"dvar":9.89622497559,"dvar2":23.8642349243,"max":32.405708313,"mean":12.0153255463,"median":10.8740005493,"min":2.26617574692,"var":31.6346530914},"erbbands_flatness_db":{"dmean":0.0280224122107,"dmean2":0.0386966317892,"dvar":0.000754051783588,"dvar2":0.00146151718218,"max":0.407559096813,"mean":0.190406158566,"median":0.186198562384,"min":0.0418214313686,"var":0.00352895911783},"erbbands_kurtosis":{"dmean":2.48651242256,"dmean2":3.84081363678,"dvar":15.9106502533,"dvar2":34.3662261963,"max":87.2639923096,"mean":3.65591359138,"median":1.45343971252,"min":-1.90436017513,"var":40.5127563477},"erbbands_skewness":{"dmean":0.574549555779,"dmean2":0.858251154423,"dvar":0.36467641592,"dvar2":0.758597373962,"max":8.1632642746,"mean":0.881915152073,"median":0.779188036919,"min":-5.13034820557,"var":1.26913642883},"erbbands_spread":{"dmean":8.87758541107,"dmean2":13.1419820786,"dvar":143.48475647,"dvar2":306.101013184,"max":182.082397461,"mean":27.4533309937,"median":22.5698623657,"min":1.38490211964,"var":449.851287842},"gfcc":{"cov":[[15308.6796875,-115.183105469,-708.693847656,-190.823303223,3.92857050896,377.666534424,-110.184043884,360.552703857,-148.934890747,330.214385986,-55.8376083374,96.5870056152,-145.523864746],[-115.183105469,1389.47045898,-32.9844856262,-55.1636695862,102.984870911,-165.270736694,247.389205933,-78.1990966797,146.852828979,-47.3863677979,117.518814087,-72.8239746094,85.2936248779],[-708.693847656,-32.9844856262,1253.43908691,323.904602051,103.603652954,186.12097168,-74.5713043213,40.9832382202,61.6559295654,85.738494873,-2.47229480743,88.0104598999,-30.3979587555],[-190.823303223,-55.1636695862,323.904602051,600.505432129,213.88041687,20.2499694824,-78.6462860107,-36.3374710083,102.230377197,40.5799980164,-15.386015892,-0.898417830467,11.9505958557],[3.92857050896,102.984870911,103.603652954,213.88041687,547.359741211,111.631469727,3.09161233902,24.3012771606,15.8479852676,20.765171051,-37.1149749756,-22.1396369934,-49.2307014465],[377.666534424,-165.270736694,186.12097168,20.2499694824,111.631469727,322.847625732,98.8472366333,83.7529144287,-44.2754669189,-10.5201063156,-8.90731334686,14.9498271942,-45.9977149963],[-110.184043884,247.389205933,-74.5713043213,-78.6462860107,3.09161233902,98.8472366333,350.96862793,83.388961792,-29.0477313995,-70.9733581543,27.4374198914,-25.1036376953,1.26955485344],[360.552703857,-78.1990966797,40.9832382202,-36.3374710083,24.3012771606,83.7529144287,83.388961792,182.117660522,11.4950895309,6.15699481964,-11.5103664398,1.914711833,-12.2294178009],[-148.934890747,146.852828979,61.6559295654,102.230377197,15.8479852676,-44.2754669189,-29.0477313995,11.4950895309,197.59197998,64.6948242188,16.0809345245,-11.5378646851,30.0810565948],[330.214385986,-47.3863677979,85.738494873,40.5799980164,20.765171051,-10.5201063156,-70.9733581543,6.15699481964,64.6948242188,155.511413574,29.2617549896,8.96904468536,-2.79108166695],[-55.8376083374,117.518814087,-2.47229480743,-15.386015892,-37.1149749756,-8.90731334686,27.4374198914,-11.5103664398,16.0809345245,29.2617549896,110.453369141,23.6286201477,10.2418651581],[96.5870056152,-72.8239746094,88.0104598999,-0.898417830467,-22.1396369934,14.9498271942,-25.1036376953,1.914711833,-11.5378646851,8.96904468536,23.6286201477,108.876747131,15.0266218185],[-145.523864746,85.2936248779,-30.3979587555,11.9505958557,-49.2307014465,-45.9977149963,1.26955485344,-12.2294178009,30.0810565948,-2.79108166695,10.2418651581,15.0266218185,95.7373352051]],"icov":[[0.00010255156667,-0.000188191057532,0.000178303278517,-0.000133263703901,0.000158266455401,-0.000277314917184,0.000220491740038,-0.000312667951221,0.000269521464361,-0.000412603927543,0.000287718954496,-0.000265213544481,0.000216208849452],[-0.000188191057532,0.00205014459789,-0.000789640762378,0.000985141727142,-0.00125009252224,0.00168111361563,-0.00184519751929,0.00167541822884,-0.00186571280938,0.00164251076058,-0.00217535113916,0.001585983322,-0.0014650078956],[0.000178303278517,-0.000789640762378,0.00158425152767,-0.00103049410973,0.000717308954336,-0.00144643650856,0.000922573206481,-0.000946698535699,0.000663987593725,-0.00133539049421,0.00112412858289,-0.00160757824779,0.00103143067099],[-0.000133263703901,0.000985141727142,-0.00103049410973,0.00307085760869,-0.00156824605074,0.000888308684807,-0.000630258931778,0.00153986550868,-0.00199478282593,0.00119750015438,-0.000987358624116,0.00111598183867,-0.00137319753412],[0.000158266455401,-0.00125009252224,0.000717308954336,-0.00156824605074,0.00324898445979,-0.00180161977187,0.00105674052611,-0.00117261090782,0.00118749577086,-0.00151760608424,0.00200138986111,-0.00084552844055,0.00192036584485],[-0.000277314917184,0.00168111361563,-0.00144643650856,0.000888308684807,-0.00180161977187,0.00633767573163,-0.00272516719997,0.000213719569729,-0.00065934995655,0.00163890700787,-0.0017535026418,0.000853848352563,0.00000109901532142],[0.000220491740038,-0.00184519751929,0.000922573206481,-0.000630258931778,0.00105674052611,-0.00272516719997,0.00608024885878,-0.00333060976118,0.00171496148687,0.000534347607754,-0.000150747306179,-0.0000405109312851,0.000577882456128],[-0.000312667951221,0.00167541822884,-0.000946698535699,0.00153986550868,-0.00117261090782,0.000213719569729,-0.00333060976118,0.00900480616838,-0.00290176947601,0.00077614071779,-0.000223614624701,0.00078759342432,-0.000931916001718],[0.000269521464361,-0.00186571280938,0.000663987593725,-0.00199478282593,0.00118749577086,-0.00065934995655,0.00171496148687,-0.00290176947601,0.00904567074031,-0.00432095304132,0.00139892159496,-0.000159633200383,-0.000660618941765],[-0.000412603927543,0.00164251076058,-0.00133539049421,0.00119750015438,-0.00151760608424,0.00163890700787,0.000534347607754,0.00077614071779,-0.00432095304132,0.0113707128912,-0.00498010637239,0.00190470460802,-0.000641934981104],[0.000287718954496,-0.00217535113916,0.00112412858289,-0.000987358624116,0.00200138986111,-0.0017535026418,-0.000150747306179,-0.000223614624701,0.00139892159496,-0.00498010637239,0.013912320137,-0.00470292661339,0.00168078392744],[-0.000265213544481,0.001585983322,-0.00160757824779,0.00111598183867,-0.00084552844055,0.000853848352563,-0.0000405109312851,0.00078759342432,-0.000159633200383,0.00190470460802,-0.00470292661339,0.0128479730338,-0.00379702774808],[0.000216208849452,-0.0014650078956,0.00103143067099,-0.00137319753412,0.00192036584485,0.00000109901532142,0.000577882456128,-0.000931916001718,-0.000660618941765,-0.000641934981104,0.00168078392744,-0.00379702774808,0.014044332318]],"mean":[-53.5417404175,112.807861328,-108.462028503,16.2978534698,-59.6882247925,12.8936386108,-30.9010829926,11.09486866,-18.8521289825,9.31720256805,-12.6282911301,1.05863296986,-11.4109306335]},"hfc":{"dmean":7.3032078743,"dmean2":10.7889299393,"dvar":128.165542603,"dvar2":289.231964111,"max":142.025497437,"mean":16.5495548248,"median":9.32016086578,"min":1.06327509856e-16,"var":324.654907227},"melbands":{"dmean":[0.00252356263809,0.00261262897402,0.000337491423124,0.000233502723859,0.000191325176274,0.000172960208147,0.000200518130441,0.000176106754225,0.000219132678467,0.000195402477402,0.00022745381284,0.000103778504126,0.0000655731491861,0.0000456149864476,0.0000501503163832,0.0000421159493271,0.0000597386460868,0.0000610038769082,0.0000196140226763,0.00001438795789,0.0000111247500172,0.00000917667694011,0.00000701625594957,0.00000425329790232,0.0000039458077481,0.00000311773237627,0.00000212086024476,0.00000129671218474,8.20247691991e-7,8.60870443375e-7,8.01058263278e-7,7.33941362796e-7,5.8614767795e-7,8.56549263517e-7,6.68258735459e-7,4.7485789878e-7,5.09690778472e-7,5.17072862749e-7,4.73581366123e-7,4.81943061459e-7],"dmean2":[0.00396118965,0.00376637745649,0.000567246403079,0.000388988119084,0.000294651748845,0.000266565708444,0.000307637936203,0.000271394674201,0.000332770694513,0.000285741087282,0.000332311377861,0.000144590754644,0.0000981881239568,0.0000687523715897,0.0000772313578636,0.0000675041301292,0.000101012650703,0.000105680650449,0.0000324058128172,0.0000236403884628,0.0000191745875782,0.0000161107491294,0.0000122168685266,0.00000713031249688,0.00000626183509667,0.00000473706904813,0.0000032508064578,0.00000206085428545,0.00000132514014695,0.00000138409188821,0.00000125469966861,0.00000114896363357,9.23948618947e-7,0.00000134669448926,0.00000103348099856,7.43588543628e-7,8.17873853975e-7,8.29646296552e-7,7.6593016729e-7,7.88864667811e-7],"dvar":[0.000031092302379,0.0000288163373625,6.40525740891e-7,2.7459748253e-7,1.05751638557e-7,1.09359589828e-7,3.81656803938e-7,2.38617417381e-7,6.79431252593e-7,4.3376570602e-7,4.83254439132e-7,1.58313255838e-7,5.45753806591e-8,3.53288349686e-8,2.0232267417e-8,1.13552980352e-8,2.75865836841e-8,4.41427197018e-8,2.90367707656e-9,1.43183198631e-9,8.6574358793e-10,5.39051858706e-10,3.60031698898e-10,1.08485713468e-10,7.02702271371e-11,4.97600190219e-11,2.97072678956e-11,1.34902635937e-11,5.73100421286e-12,6.69044290455e-12,3.95011540838e-12,3.28438361577e-12,2.32690277636e-12,5.75793883059e-12,4.00043149648e-12,2.32257811074e-12,3.2831304949e-12,7.57769454823e-12,2.74266568658e-12,2.04650879576e-12],"dvar2":[0.0000745769793866,0.0000598583355895,0.00000171838848928,7.29028215574e-7,2.37518875679e-7,2.63234198883e-7,8.7521578962e-7,5.54218502202e-7,0.00000156289900133,9.26460757e-7,0.00000102860985862,2.89105798856e-7,1.1070153505e-7,7.30473530552e-8,4.41369252258e-8,2.74175633308e-8,7.11675625098e-8,1.1746092099e-7,7.08494907187e-9,3.47754336438e-9,2.33165731167e-9,1.47825141017e-9,9.90739934537e-10,2.76032557922e-10,1.54093210414e-10,1.01507358075e-10,6.91745341563e-11,3.52430203077e-11,1.6105386122e-11,1.92389108117e-11,9.93081485101e-12,7.99695379361e-12,5.37458272332e-12,1.40742278942e-11,9.32754394556e-12,5.23409917838e-12,7.9414443771e-12,1.68524499911e-11,6.07486023291e-12,5.00595485203e-12],"max":[0.0464477241039,0.0409330613911,0.0104117002338,0.00720536103472,0.00548705598339,0.0082601159811,0.0204648617655,0.0176196694374,0.0324118919671,0.018781259656,0.0164071638137,0.0143055124208,0.0113487243652,0.00963961984962,0.0058128698729,0.00401909695938,0.00352598610334,0.00246134400368,0.00211791112088,0.000951031979639,0.000445673882496,0.000314666162012,0.000447422702564,0.000237729866058,0.000303997250739,0.000176807792741,0.000170623738086,0.000126191793242,0.0000807907927083,0.0000827331459732,0.0000435466499766,0.0000406356884923,0.0000556450795557,0.0000428240018664,0.0000417696428485,0.0000384021695936,0.0000964992286754,0.000232539998251,0.0000817220206955,0.0000397495532525],"mean":[0.00260455580428,0.00291121564806,0.000453995307907,0.000297359452816,0.000295061414363,0.000340238213539,0.000401398778195,0.000327605055645,0.000361686892575,0.000342716521118,0.000444553879788,0.000218228175072,0.000134536516271,0.0000754378634156,0.0000826949399197,0.000058668480051,0.0000584829249419,0.0000520664507349,0.0000235938005062,0.0000186849320016,0.0000118505677165,0.00000900334089238,0.00000709825098966,0.00000512935457664,0.00000672908618071,0.00000572933231524,0.00000334743936037,0.00000182690291695,0.00000112842451472,0.00000122581423057,0.00000124762561882,0.00000109539087134,8.17093336991e-7,0.00000100823694993,7.76720412432e-7,5.45036868971e-7,5.42691452665e-7,5.55737585728e-7,4.73095781217e-7,4.27068812314e-7],"median":[0.000551973702386,0.000766120676417,0.000225922383834,0.000160153023899,0.000147468177602,0.000170759434695,0.000148848746903,0.000117381103337,0.0000838642736198,0.0000510858480993,0.0000400061217078,0.0000183978390851,0.000020597170078,0.0000130312273541,0.0000131765809783,0.0000103040174508,0.0000103477459561,0.00000693953597874,0.00000456210636912,0.00000322455684909,0.00000247256457442,0.00000192417883227,0.00000125042549826,0.00000115604018447,0.00000167523739947,0.00000149965887886,9.44850057749e-7,5.06296657932e-7,3.5876092852e-7,3.87153590964e-7,4.06586138979e-7,3.52285582039e-7,2.46046880648e-7,1.93463606024e-7,1.08688311684e-7,6.81011442794e-8,6.25705638413e-8,6.26123508596e-8,5.49539578287e-8,4.31225615216e-8],"min":[8.85447614507e-24,7.1665638768e-24,1.83908483898e-24,5.37165130421e-24,6.81005475676e-24,4.07660596624e-24,4.41543750225e-24,6.46279029768e-24,5.39467933733e-24,7.07161894483e-24,1.42801904537e-23,7.56701491584e-24,5.76768708876e-24,2.97838181855e-24,9.89730687442e-24,5.69029115649e-24,9.45515349249e-24,6.93442656708e-24,5.43789234885e-24,8.26744451359e-24,1.40788526403e-23,9.52110068644e-24,7.02621211113e-24,1.09689239271e-23,1.08682613313e-23,6.17600622647e-24,8.98916388944e-24,5.89936572322e-24,1.03319526671e-23,1.11145137291e-23,1.41178239467e-23,1.17815271789e-23,7.53962172091e-24,8.24735301519e-24,7.88423797393e-24,7.83568358522e-24,8.55928123889e-24,7.78269658708e-24,1.1031927881e-23,8.64282318647e-24],"var":[0.0000325839209836,0.0000365603118553,6.09097583038e-7,2.38625290194e-7,1.66159807691e-7,2.62328597955e-7,7.75355829319e-7,5.7874575532e-7,0.00000142289889027,9.66580046224e-7,0.00000158516490956,5.67929475892e-7,2.19272749291e-7,6.46723066211e-8,4.80772257561e-8,1.88034512405e-8,2.44439313235e-8,3.26319060662e-8,4.70293270993e-9,3.03565084181e-9,8.21285928154e-10,4.46665732179e-10,4.36499170142e-10,1.40737740906e-10,2.62587229738e-10,1.63674046538e-10,5.42418922278e-11,1.73352894539e-11,6.6501318341e-12,8.15713729202e-12,6.82547117783e-12,5.32317679519e-12,4.06526071486e-12,7.3125290545e-12,5.69645242435e-12,3.58916130323e-12,4.5283082839e-12,1.18885084069e-11,4.00234966696e-12,1.94966200302e-12]},"melbands_crest":{"dmean":3.43144059181,"dmean2":5.47639846802,"dvar":9.63678359985,"dvar2":22.3864517212,"max":33.209438324,"mean":14.0501842499,"median":13.3629274368,"min":2.13155603409,"var":24.9124755859},"melbands_flatness_db":{"dmean":0.0382915958762,"dmean2":0.0562388598919,"dvar":0.0016356803244,"dvar2":0.00335826165974,"max":0.596289932728,"mean":0.252446442842,"median":0.250255048275,"min":0.00710596656427,"var":0.00538367917761},"melbands_kurtosis":{"dmean":13.2110643387,"dmean2":20.8372859955,"dvar":1125.64465332,"dvar2":2553.99902344,"max":745.31048584,"mean":16.6451854706,"median":6.27093410492,"min":-1.8715928793,"var":1465.96057129},"melbands_skewness":{"dmean":1.08901333809,"dmean2":1.59504556656,"dvar":1.8909175396,"dvar2":4.05539989471,"max":17.812877655,"mean":2.24986767769,"median":1.81205439568,"min":-2.14422702789,"var":4.91121244431},"melbands_spread":{"dmean":6.84281539917,"dmean2":10.6848335266,"dvar":97.8971481323,"dvar2":209.473754883,"max":219.655563354,"mean":16.1645259857,"median":12.6309967041,"min":0.293407857418,"var":211.890594482},"mfcc":{"cov":[[9888.82519531,176.762939453,-703.096191406,-166.29234314,51.5417938232,130.167877197,210.784851074,105.400749207,73.5944976807,83.3165054321,187.317169189,-28.6943244934,-51.7995452881],[176.762939453,1500.26843262,-62.4206504822,68.7252960205,-107.968322754,11.3809986115,65.2096939087,42.8167114258,20.1313533783,11.4341201782,85.1836242676,9.93375968933,14.676361084],[-703.096191406,-62.4206504822,1062.05810547,136.675796509,109.376396179,94.3374557495,-35.4180412292,33.1530570984,5.55920124054,29.0949058533,-22.0862884521,74.0715103149,87.3440856934],[-166.29234314,68.7252960205,136.675796509,528.949645996,231.119689941,107.50919342,-86.3397903442,-36.926410675,31.8659572601,52.8388557434,-41.8222427368,40.6040267944,82.5604476929],[51.5417938232,-107.968322754,109.376396179,231.119689941,542.957092285,160.81427002,-33.3712806702,-17.5044460297,25.2863197327,58.8994674683,-10.1744689941,50.0289993286,36.4024581909],[130.167877197,11.3809986115,94.3374557495,107.50919342,160.81427002,237.184310913,65.8938674927,41.6832885742,13.6353902817,28.7260627747,13.3571395874,29.144744873,28.9809341431],[210.784851074,65.2096939087,-35.4180412292,-86.3397903442,-33.3712806702,65.8938674927,323.709991455,149.497787476,29.0413856506,-3.7053360939,65.3580093384,-18.0527648926,-41.526348114],[105.400749207,42.8167114258,33.1530570984,-36.926410675,-17.5044460297,41.6832885742,149.497787476,230.145874023,57.1853256226,0.63917863369,34.8168716431,-2.36365938187,-15.9833011627],[73.5944976807,20.1313533783,5.55920124054,31.8659572601,25.2863197327,13.6353902817,29.0413856506,57.1853256226,149.700332642,55.5424194336,10.2709589005,-0.41368111968,3.86689019203],[83.3165054321,11.4341201782,29.0949058533,52.8388557434,58.8994674683,28.7260627747,-3.7053360939,0.63917863369,55.5424194336,151.273178101,41.3671379089,-3.88492083549,18.8937835693],[187.317169189,85.1836242676,-22.0862884521,-41.8222427368,-10.1744689941,13.3571395874,65.3580093384,34.8168716431,10.2709589005,41.3671379089,127.090988159,20.1182632446,-13.3543958664],[-28.6943244934,9.93375968933,74.0715103149,40.6040267944,50.0289993286,29.144744873,-18.0527648926,-2.36365938187,-0.41368111968,-3.88492083549,20.1182632446,108.671836853,43.342792511],[-51.7995452881,14.676361084,87.3440856934,82.5604476929,36.4024581909,28.9809341431,-41.526348114,-15.9833011627,3.86689019203,18.8937835693,-13.3543958664,43.342792511,117.95350647]],"icov":[[0.000111277557153,-0.00000384955001209,0.0000767797027947,0.0000339475118381,-0.0000184529762919,-0.000078191216744,-0.00000994061792881,-0.0000121255861814,-0.0000322645137203,-0.0000161456864589,-0.000121375065646,0.0000265432772721,-0.0000313572745654],[-0.00000384955001209,0.000733484164812,0.0000440630101366,-0.000248123134952,0.000235111496295,-0.0000491293540108,-0.0000531071200385,-0.0000261891236732,-0.0000701048629708,0.000140425428981,-0.000564803602174,0.0000548926036572,-0.00013895657321],[0.0000767797027947,0.0000440630101366,0.00112785841338,-0.0000741990661481,-0.0000114719778139,-0.000302099622786,0.000127865365357,-0.00034773212974,0.000151676140376,-0.000232637365116,0.000183000258403,-0.000488162244437,-0.000446953374194],[0.0000339475118381,-0.000248123134952,-0.0000741990661481,0.00286496849731,-0.000857163977344,-0.000683207414113,0.000489198078867,0.000136594331707,-0.000387252861401,-0.000467853533337,0.000842892506626,-0.0000730324391043,-0.00107154739089],[-0.0000184529762919,0.000235111496295,-0.0000114719778139,-0.000857163977344,0.00285164127126,-0.00154239393305,0.000242118723691,0.00019561839872,-0.0000974687209236,-0.000643771840259,0.000219272245886,-0.000869088748004,0.000632238748949],[-0.000078191216744,-0.0000491293540108,-0.000302099622786,-0.000683207414113,-0.00154239393305,0.00645920680836,-0.00163291185163,-0.000469900696771,0.000558547384571,-0.00048792551388,0.000162633354194,-0.00059314497048,-0.00077966065146],[-0.00000994061792881,-0.0000531071200385,0.000127865365357,0.000489198078867,0.000242118723691,-0.00163291185163,0.00543871615082,-0.00276608089916,-0.000122447992908,0.000669461092912,-0.00189785554539,0.000975819537416,0.00075488811126],[-0.0000121255861814,-0.0000261891236732,-0.00034773212974,0.000136594331707,0.00019561839872,-0.000469900696771,-0.00276608089916,0.00702149886638,-0.00247571081854,0.000994636677206,-0.000538488326129,0.0000221152677113,0.0000452814383607],[-0.0000322645137203,-0.0000701048629708,0.000151676140376,-0.000387252861401,-0.0000974687209236,0.000558547384571,-0.000122447992908,-0.00247571081854,0.00896428711712,-0.00361806759611,0.00124751031399,-0.000590267940424,0.000311360461637],[-0.0000161456864589,0.000140425428981,-0.000232637365116,-0.000467853533337,-0.000643771840259,-0.00048792551388,0.000669461092912,0.000994636677206,-0.00361806759611,0.0100337350741,-0.00449313269928,0.00279497518204,-0.00186012254562],[-0.000121375065646,-0.000564803602174,0.000183000258403,0.000842892506626,0.000219272245886,0.000162633354194,-0.00189785554539,-0.000538488326129,0.00124751031399,-0.00449313269928,0.0120743727311,-0.00407489901409,0.00198592757806],[0.0000265432772721,0.0000548926036572,-0.000488162244437,-0.0000730324391043,-0.000869088748004,-0.00059314497048,0.000975819537416,0.0000221152677113,-0.000590267940424,0.00279497518204,-0.00407489901409,0.0129157844931,-0.00445776991546],[-0.0000313572745654,-0.00013895657321,-0.000446953374194,-0.00107154739089,0.000632238748949,-0.00077966065146,0.00075488811126,0.0000452814383607,0.000311360461637,-0.00186012254562,0.00198592757806,-0.00445776991546,0.011981388554]],"mean":[-697.883911133,147.686431885,5.29273557663,13.2767076492,-4.18571472168,3.65222525597,-1.20000326633,1.38567709923,0.0384946092963,4.67977190018,7.23512458801,-1.50228500366,2.37063169479]},"pitch_salience":{"dmean":0.0953371152282,"dmean2":0.14783822,"dvar":0.00871585123241,"dvar2":0.0182401686907,"max":0.875662147999,"mean":0.523447036743,"median":0.547631263733,"min":0.0375168994069,"var":0.020009085536},"silence_rate_20dB":{"dmean":0,"dmean2":0,"dvar":0,"dvar2":0,"max":1,"mean":1,"median":1,"min":1,"var":0},"silence_rate_30dB":{"dmean":0.0641967430711,"dmean2":0.128403738141,"dvar":0.0600832663476,"dvar2":0.151197716594,"max":1,"mean":0.953692615032,"median":1,"min":0,"var":0.0441606715322},"silence_rate_60dB":{"dmean":0.0381667204201,"dmean2":0.0763395354152,"dvar":0.0367114283144,"dvar2":0.0823172107339,"max":1,"mean":0.0926946103573,"median":0,"min":0,"var":0.0841104835272},"spectral_centroid":{"dmean":217.538482666,"dmean2":330.248168945,"dvar":87576.96875,"dvar2":176896.953125,"max":10792.8808594,"mean":948.215087891,"median":851.18359375,"min":105.721099854,"var":246382},"spectral_complexity":{"dmean":3.39763665199,"dmean2":5.2212729454,"dvar":20.0157089233,"dvar2":43.7899932861,"max":48,"mean":13.1333332062,"median":12,"min":0,"var":52.5003700256},"spectral_contrast_coeffs":{"dmean":[0.0528943166137,0.0451755709946,0.0428722649813,0.0361395217478,0.0257146432996,0.0237955581397],"dmean2":[0.0855049788952,0.0728799775243,0.0667199715972,0.0562747828662,0.0399403423071,0.035066999495],"dvar":[0.00216625607572,0.00148614461068,0.0013656016672,0.00100218178704,0.000534918101039,0.000512452679686],"dvar2":[0.00537326140329,0.00370832462795,0.00308245047927,0.00224176514894,0.00117605819833,0.00104402762372],"max":[-0.348015427589,-0.273433625698,-0.396683961153,-0.494259387255,-0.542944908142,-0.591964125633],"mean":[-0.675983428955,-0.703558504581,-0.723349630833,-0.760636389256,-0.781914949417,-0.77465492487],"median":[-0.6806422472,-0.707677602768,-0.737779021263,-0.765296161175,-0.785467207432,-0.777103602886],"min":[-0.969691932201,-0.968141615391,-0.960748851299,-0.962691664696,-0.963488399982,-0.959424555302],"var":[0.00560813490301,0.00631955219433,0.00862912461162,0.00448868516833,0.00287195364945,0.0022900942713]},"spectral_contrast_valleys":{"dmean":[0.517073750496,0.363946408033,0.40089905262,0.507947564125,0.41048631072,0.498533219099],"dmean2":[0.783390462399,0.56807243824,0.617506563663,0.746119856834,0.577106416225,0.628443062305],"dvar":[0.272357225418,0.122185863554,0.166025996208,0.313210308552,0.218249574304,0.298084914684],"dvar2":[0.507327437401,0.250375330448,0.335066407919,0.58974224329,0.410990387201,0.507760226727],"max":[-5.17467546463,-4.92609882355,-4.76576805115,-5.45698213577,-5.73900747299,-7.73556470871],"mean":[-7.53894042969,-6.952460289,-7.81341028214,-8.35937786102,-8.58239936829,-10.9704828262],"median":[-7.22806549072,-6.73070907593,-7.64726114273,-8.2851228714,-8.45082092285,-10.9030742645],"min":[-27.3564834595,-27.3203277588,-27.3656921387,-27.3717517853,-27.4076919556,-27.2888870239],"var":[1.90257894993,1.62567210197,1.63687062263,1.77828466892,1.49346983433,1.73287415504]},"spectral_decrease":{"dmean":4.127597375e-9,"dmean2":5.68217783936e-9,"dvar":4.12527313015e-17,"dvar2":8.65142048445e-17,"max":-8.18780347278e-29,"mean":-7.71722952209e-9,"median":-4.26544932708e-9,"min":-5.52390240216e-8,"var":7.60655571318e-17},"spectral_energy":{"dmean":0.016009259969,"dmean2":0.0219303779304,"dvar":0.00059714668896,"dvar2":0.00124009372666,"max":0.210178360343,"mean":0.0306276381016,"median":0.0170488134027,"min":1.00150391833e-20,"var":0.00115258735605},"spectral_energyband_high":{"dmean":0.000253249076195,"dmean2":0.000398775882786,"dvar":3.90629395497e-7,"dvar2":9.27884173052e-7,"max":0.0157638583332,"mean":0.000309393944917,"median":0.000087513231847,"min":7.15324871882e-21,"var":4.79173138501e-7},"spectral_energyband_low":{"dmean":0.0125168869272,"dmean2":0.0183564592153,"dvar":0.000666140578687,"dvar2":0.00146654364653,"max":0.205907359719,"mean":0.0140810506418,"median":0.00407658610493,"min":4.78630783507e-23,"var":0.000807638571132},"spectral_energyband_middle_high":{"dmean":0.00294273090549,"dmean2":0.00447827903554,"dvar":0.0000315706856782,"dvar2":0.000068935129093,"max":0.110422372818,"mean":0.00585844647139,"median":0.0018314459594,"min":1.66077803428e-21,"var":0.0000988652755041},"spectral_energyband_middle_low":{"dmean":0.00463758921251,"dmean2":0.00704561639577,"dvar":0.000056917204347,"dvar2":0.000129371648654,"max":0.156151950359,"mean":0.011392894201,"median":0.00728608714417,"min":3.00813034705e-22,"var":0.000170891697053},"spectral_entropy":{"dmean":0.249462142587,"dmean2":0.352074533701,"dvar":0.0697077512741,"dvar2":0.132194772363,"max":9.80362796783,"mean":7.15021705627,"median":7.1638712883,"min":4.67826604843,"var":0.283091217279},"spectral_flux":{"dmean":0.040953438729,"dmean2":0.0634366199374,"dvar":0.00227042078041,"dvar2":0.00536312442273,"max":0.405585944653,"mean":0.0884477421641,"median":0.0675163194537,"min":1.00075170373e-10,"var":0.00454716291279},"spectral_kurtosis":{"dmean":2.87032938004,"dmean2":4.64368534088,"dvar":10.7518253326,"dvar2":27.5629234314,"max":57.7619056702,"mean":7.54646015167,"median":6.44132041931,"min":-1.44017648697,"var":28.0982933044},"spectral_rms":{"dmean":0.00124425604008,"dmean2":0.00158648274373,"dvar":0.0000021862470021,"dvar2":0.00000378230947717,"max":0.0143196387216,"mean":0.00472121266648,"median":0.00407835608348,"min":3.12582295117e-12,"var":0.00000759075010137},"spectral_rolloff":{"dmean":409.788482666,"dmean2":698.767211914,"dvar":936393.375,"dvar2":2108474.25,"max":18906.1523438,"mean":997.13482666,"median":775.1953125,"min":21.533203125,"var":1301651.875},"spectral_skewness":{"dmean":0.335892677307,"dmean2":0.522745132446,"dvar":0.113985843956,"dvar2":0.263573259115,"max":5.94321012497,"mean":2.08884978294,"median":2.04195618629,"min":-0.186337590218,"var":0.476346552372},"spectral_spread":{"dmean":902917.75,"dmean2":1298383,"dvar":1497721339900,"dvar2":2787110551550,"max":41641064,"mean":4272200.5,"median":3794213.5,"min":1265667.25,"var":3763378847740},"spectral_strongpeak":{"dmean":0.626235663891,"dmean2":1.02252912521,"dvar":0.883704006672,"dvar2":1.97976863384,"max":12.2800521851,"mean":1.27625215054,"median":0.644887149334,"min":0,"var":2.64723801613},"zerocrossingrate":{"dmean":0.0103227579966,"dmean2":0.0123505564407,"dvar":0.000213735955185,"dvar2":0.000254646205576,"max":0.50048828125,"mean":0.0426133684814,"median":0.03662109375,"min":0.00341796875,"var":0.00089057959849}},"metadata":{"audio_properties":{"analysis_sample_rate":44100,"bit_rate":128000,"codec":"mp3","downmix":"mix","equal_loudness":0,"length":290.79510498,"lossless":false,"md5_encoded":"79beb1e4941826ca0b2c35f1599880f9","replay_gain":-14.3942508698,"sample_rate":44100},"tags":{"album":["Mystic Man"],"albumartist":["Peter Tosh"],"artist":["Peter Tosh"],"bpm":["72"],"composer":["Peter Tosh"],"date":["1979"],"discnumber":["1/1"],"file_name":"copy7123872852665557384.mp3","genre":["Reggae"],"musicbrainz_recordingid":["afac60a5-a7bb-4447-b7cd-38e6f669790a"],"title":["The Day The Dollar Die"],"tracknumber":["7/14"]},"version":{"essentia":"2.1-beta2","essentia_build_sha":"cead25079874084f62182a551b7393616cd33d87","essentia_git_sha":"v2.1_beta2-1-ge3940c0","extractor":"music 1.0"}},"rhythm":{"beats_count":695,"beats_loudness":{"dmean":0.0255434606224,"dmean2":0.0436512604356,"dvar":0.000436603586422,"dvar2":0.00125098158605,"max":0.157566845417,"mean":0.0636977627873,"median":0.0621505379677,"min":1.03566888399e-9,"var":0.000944481405895},"beats_loudness_band_ratio":{"dmean":[0.190551757812,0.0619611814618,0.108598046005,0.0801141634583,0.0252074729651,0.0143868783489],"dmean2":[0.328050106764,0.109705023468,0.192743763328,0.140576064587,0.0444259047508,0.0254783015698],"dvar":[0.028018720448,0.00629216292873,0.0129187265411,0.0112754497677,0.00186043104623,0.000771625083871],"dvar2":[0.0773104652762,0.018097858876,0.0374626927078,0.0290825776756,0.00439527491108,0.00205124239437],"max":[0.986155092716,0.711669385433,0.674809873104,0.86071395874,0.574225842953,0.227174475789],"mean":[0.713396728039,0.0736135989428,0.124097071588,0.0779247954488,0.0250585842878,0.0142350839451],"median":[0.778855860233,0.0491084456444,0.0831710249186,0.0366205275059,0.00981008727103,0.00571979302913],"min":[0.002794964239,0.00137302221265,0.00127301784232,0.000106849074655,0.000115358227049,0.00