{"lowlevel":{"average_loudness":0.827415287495,"barkbands":{"dmean":[0.0000458830072603,0.00397970806807,0.00399922532961,0.00236153928563,0.0038751102984,0.00162555929273,0.000632983981632,0.000446826859843,0.000296440499369,0.000118791591376,0.000211643680814,0.000156228736159,0.000108438143798,0.0000732036132831,0.0000725526406313,0.0000449236140412,0.0000271744556812,0.0000213980420085,0.0000087788221208,0.0000115835837278,0.0000112614934551,0.0000126716449813,0.0000202682040253,0.000028223852496,0.0000100401675809,6.04593481057e-7,4.55766411278e-8],"dmean2":[0.000074369723734,0.00585486693308,0.00623871106654,0.00369862746447,0.00606793677434,0.00243800948374,0.000973895541392,0.000672023161314,0.000470167113235,0.000192282459466,0.000332269817591,0.0002456093207,0.000174749962753,0.000119898722915,0.000116648523544,0.000071826405474,0.0000444602483185,0.00003460429798,0.0000132615978146,0.0000170335351868,0.00001555275594,0.0000160999315995,0.0000261806635535,0.0000359065234079,0.0000130338448798,7.36247102395e-7,5.74243514961e-8],"dvar":[3.18176844871e-8,0.0000699140800862,0.0000908274305402,0.0000270147229458,0.0000439502327936,0.0000114403428597,0.00000254749124906,0.00000160539923399,8.32038324461e-7,9.03248178474e-8,5.73919635372e-7,1.71998109977e-7,8.77969341673e-8,6.02754468559e-8,4.85958899787e-8,8.91432634376e-8,1.98343474977e-8,1.19230989526e-8,2.1091350888e-9,1.08921991426e-8,5.86805271041e-9,1.24225092435e-8,2.4742719873e-8,4.46016166222e-8,5.35753130748e-9,1.297775689e-11,9.59581196512e-14],"dvar2":[7.31462250769e-8,0.000158638256835,0.00022405119671,0.0000658176286379,0.000105670900666,0.0000245345672738,0.00000556906115889,0.00000353545442522,0.00000207230095839,2.08184161465e-7,0.00000156954922659,3.9048180156e-7,2.23494311058e-7,1.63904942951e-7,1.2282917794e-7,2.31794018646e-7,5.28782280185e-8,2.9516012745e-8,3.82507669983e-9,2.48103493306e-8,1.11302114192e-8,2.09793213912e-8,4.45795862447e-8,7.53030704459e-8,8.62101146026e-9,1.91062009963e-11,1.37509741007e-13],"max":[0.00462717749178,0.120857700706,0.220416516066,0.120112501085,0.108122520149,0.0697700753808,0.0617172755301,0.0548713579774,0.0402902886271,0.0121388025582,0.0434149801731,0.0132678924128,0.0101247634739,0.0117035806179,0.00877554062754,0.0198184046894,0.00711260084063,0.00729348044842,0.00266657141037,0.00983602739871,0.00436209607869,0.0109162917361,0.00904909148812,0.00890591088682,0.00341663276777,0.000189583559404,0.0000192803327081],"mean":[0.0000473394684377,0.00579702015966,0.00600047316402,0.00320351333357,0.0111276935786,0.00477706361562,0.00132580951322,0.000891789735761,0.000538155785762,0.000213331193663,0.000404910155339,0.000291475444101,0.000177136520506,0.000113358772069,0.000130606495077,0.0000757638481446,0.0000457585447293,0.000039405967982,0.0000169815830304,0.0000206355489354,0.0000192334027815,0.0000224066006922,0.0000355516203854,0.0000461442396045,0.0000170829243871,0.00000116739738587,9.61968069646e-8],"median":[0.0000069966722549,0.00175711978227,0.00121260166634,0.000924784166273,0.00708374008536,0.00150769785978,0.000393984955736,0.000141778466059,0.00010311963706,0.0000452911153843,0.0000590422932873,0.0000518201777595,0.0000343042629538,0.0000222051330638,0.0000232527090702,0.0000111434837891,0.00000757941916163,0.00000935337538976,0.0000039770402509,0.00000348713820131,0.00000116614921808,9.69942561824e-7,9.13550707082e-7,6.51965706311e-7,2.64236177827e-7,5.68530396095e-8,1.17114264953e-8],"min":[1.80591382956e-24,2.20137473173e-24,2.48794936036e-24,3.24537553902e-24,8.84917421092e-24,1.58487062574e-23,9.94927229769e-24,1.2210556282e-23,1.85574652793e-23,2.02182399436e-23,1.14018468475e-23,3.32498150456e-23,4.83940259161e-23,6.13657738071e-23,4.53221826185e-23,6.58703967678e-23,9.34751452637e-23,7.42067822025e-23,1.23935021189e-22,2.00474824809e-22,2.15463182008e-22,3.28371669548e-22,5.0697447379e-22,5.7240353128e-22,7.5817878509e-22,1.40024552482e-21,2.07121097843e-21],"var":[3.31952278998e-8,0.000106556311948,0.000140178730362,0.000041414401494,0.000156551686814,0.000052740200772,0.00000857176746649,0.00000669864175507,0.00000260680758402,2.71849813771e-7,0.0000016554464537,4.20090202624e-7,1.87295739806e-7,1.0130246153e-7,1.11010848514e-7,1.20244720847e-7,3.85824918681e-8,2.00085121804e-8,4.58655291524e-9,1.66797580192e-8,1.24744543584e-8,2.66946269534e-8,5.93538942439e-8,1.21110986129e-7,1.48024090763e-8,4.661421249e-11,3.33003644191e-13]},"barkbands_crest":{"dmean":2.33940458298,"dmean2":3.65286278725,"dvar":5.76199817657,"dvar2":13.3251142502,"max":26.6676597595,"mean":14.571062088,"median":13.70291996,"min":3.55011820793,"var":27.1609706879},"barkbands_flatness_db":{"dmean":0.027375523001,"dmean2":0.0430606901646,"dvar":0.00110630353447,"dvar2":0.00269218394533,"max":0.69047999382,"mean":0.317013502121,"median":0.288263142109,"min":0.0369214080274,"var":0.0149477683008},"barkbands_kurtosis":{"dmean":6.43983745575,"dmean2":10.1211843491,"dvar":186.039657593,"dvar2":429.088134766,"max":625.388671875,"mean":13.6691417694,"median":7.56687259674,"min":-1.88298094273,"var":503.299530029},"barkbands_skewness":{"dmean":0.678427636623,"dmean2":1.04952955246,"dvar":0.635509610176,"dvar2":1.41729402542,"max":14.9169597626,"mean":1.78463494778,"median":1.7861405611,"min":-11.8147220612,"var":3.64115858078},"barkbands_spread":{"dmean":1.81974279881,"dmean2":2.62355041504,"dvar":15.5016679764,"dvar2":26.6455402374,"max":145.692092896,"mean":6.2326593399,"median":4.14099931717,"min":0.0829176753759,"var":65.2884368896},"dissonance":{"dmean":0.0385040231049,"dmean2":0.0646659433842,"dvar":0.00133018591441,"dvar2":0.00355834467337,"max":0.499520778656,"mean":0.376453220844,"median":0.403703689575,"min":0.0546733662486,"var":0.00819566939026},"dynamic_complexity":2.94189524651,"erbbands":{"dmean":[0.0877915024757,1.01428961754,3.75730252266,7.15884923935,8.68086147308,16.3790225983,13.6915483475,13.1378087997,8.89138317108,10.0655088425,7.51038217545,7.16509819031,4.18439435959,5.819688797,7.95366954803,5.91404438019,4.84739542007,3.92676973343,3.6746263504,2.93093848228,2.1838452816,1.43657743931,1.11047923565,0.73976868391,0.378527313471,0.539606034756,0.595959305763,0.349761366844,0.444168776274,0.486593484879,0.610264599323,0.636016845703,0.438076466322,0.184462368488,0.0324451737106,0.00530955009162,0.000715645437595,0.0000889820512384,0.0000118624584502,0.000013383145415],"dmean2":[0.126479208469,1.50213384628,5.80411577225,11.0504922867,13.9038143158,25.510345459,20.6860656738,20.0362052917,13.5037603378,15.1877317429,11.3724794388,11.4161691666,6.66167593002,9.42964744568,12.2163705826,9.28337192535,7.73411130905,6.37745141983,5.9677977562,4.72019815445,3.41072678566,2.34178042412,1.78709840775,1.1674220562,0.559116005898,0.783420860767,0.83147752285,0.474635243416,0.581945538521,0.625793278217,0.795983910561,0.817799389362,0.542232751846,0.238090753555,0.0416766405106,0.00653831427917,0.0008619663422,0.00010309094796,0.0000150993455463,0.0000194774947886],"dvar":[0.0388377644122,4.48916578293,70.9509735107,240.897338867,264.071563721,961.310180664,834.778320312,863.510620117,340.284820557,663.645751953,451.817321777,563.787109375,112.430587769,269.140258789,1022.31848145,221.453948975,166.995346069,110.402648926,119.399726868,119.203186035,133.860565186,58.8758201599,46.1471061707,7.18014431,6.97221851349,25.8784885406,19.5073184967,5.56812810898,16.6252632141,14.9093923569,22.6398143768,23.7182197571,11.0615997314,1.89626049995,0.0492851920426,0.00102478812914,0.0000207184075407,2.77935299664e-7,2.20794382777e-9,3.92505306035e-10],"dvar2":[0.0849678739905,10.3256177902,172.653991699,595.159240723,711.8125,2255.01318359,1830.57397461,1985.12121582,749.233398438,1416.13952637,936.855224609,1406.60510254,264.029724121,745.459228516,2593.05004883,511.245727539,427.377685547,291.824462891,312.913543701,317.618469238,320.095489502,165.965408325,115.084022522,16.7089633942,11.079003334,58.7808570862,36.9240150452,10.9095525742,29.0979385376,26.1433486938,41.3979606628,42.6571884155,18.1712875366,3.1003537178,0.0737322196364,0.00147383322474,0.0000347919958585,3.40824158229e-7,2.75247202808e-9,8.62125926204e-10],"max":[2.79029774666,33.2376365662,184.455032349,345.48059082,350.443786621,586.768249512,513.85760498,791.98059082,506.609191895,837.257019043,1457.2487793,847.730102539,467.927032471,643.559143066,1527.79138184,500.837371826,429.386169434,332.710174561,380.067718506,522.835571289,649.832214355,494.29800415,454.131408691,126.602508545,203.250747681,516.246520996,264.283752441,133.543395996,401.070129395,312.477264404,240.152633667,223.673400879,152.691253662,67.7461395264,11.7426519394,1.55187118053,0.247416108847,0.0352279022336,0.00237229908817,0.000283178320387],"mean":[0.123187482357,1.51651084423,5.90055084229,10.3616256714,16.6534843445,47.6009597778,43.5109672546,36.3422393799,22.7386341095,21.1714744568,15.7886867523,13.1154842377,7.61639690399,10.7414321899,16.3893241882,11.4747781754,8.66901683807,6.87612295151,6.51704788208,5.44362926483,4.197473526,2.66330957413,2.12040066719,1.45807361603,0.778918266296,0.962602436543,1.0101236105,0.620925962925,0.768856585026,0.891927421093,1.04729938507,1.02827370167,0.702919781208,0.30672544241,0.0581682138145,0.0102231670171,0.00141319108661,0.000191259110579,0.0000328960704792,0.0000403514968639],"median":[0.0330616980791,0.495431691408,1.43987369537,3.58061051369,8.13683128357,25.8263721466,21.4494304657,12.9404602051,8.63514995575,4.94718885422,3.29875397682,2.49951338768,2.25368475914,2.41707205772,2.64565944672,2.33067822456,1.97826802731,1.83981263638,1.49586582184,1.42575180531,0.673206329346,0.535730004311,0.595138251781,0.330043137074,0.198478505015,0.153157666326,0.0754396915436,0.0348107777536,0.0356350876391,0.02751734294,0.0268528796732,0.0161518640816,0.00945853255689,0.00431751040742,0.00135913502891,0.000394447968574,0.0000878958089743,0.0000189735019376,0.0000169924969669,0.0000326029985445],"min":[1.24653869112e-22,8.08744895333e-22,1.78408681351e-21,1.05078304176e-20,2.69834361439e-20,4.81192578878e-20,6.29765364444e-20,1.26994570828e-19,1.40023621903e-19,1.84605490369e-19,3.88961856568e-19,3.66265545674e-19,4.79427524085e-19,1.01538446783e-18,9.97792507554e-19,1.53588176783e-18,2.63977073549e-18,2.70957113071e-18,3.23142407633e-18,2.87443029475e-18,3.63455220222e-18,5.50519303337e-18,4.81791554577e-18,4.99338867783e-18,7.77287973136e-18,9.99647439398e-18,9.12088055454e-18,1.06435595892e-17,1.31765495794e-17,1.32249049037e-17,1.51492156945e-17,1.20269604339e-17,1.04645519144e-17,6.91156096134e-18,6.69548401454e-18,4.01468512067e-18,2.64314232367e-18,1.00262551708e-18,2.6092430146e-19,2.8430559545e-20],"var":[0.0551021881402,6.93031454086,114.530448914,369.769256592,588.489990234,3666.33105469,3440.02758789,3423.15966797,1346.47583008,2485.69824219,2098.70678711,1653.56518555,308.354095459,623.413391113,3338.87792969,582.090454102,356.21295166,212.296783447,235.264038086,200.35307312,253.214660645,120.194824219,73.7020950317,17.2767887115,17.6806163788,39.1514663696,36.1304359436,12.9852561951,32.7815589905,38.2373085022,51.5023880005,59.3765678406,29.5082530975,5.12026023865,0.148511394858,0.00370898586698,0.0000643804378342,0.00000108810104393,9.23189613644e-9,1.00496144739e-9]},"erbbands_crest":{"dmean":2.43422913551,"dmean2":3.87586808205,"dvar":6.11749172211,"dvar2":14.7189502716,"max":31.5047359467,"mean":13.9445209503,"median":13.2048511505,"min":2.39594984055,"var":29.3205757141},"erbbands_flatness_db":{"dmean":0.0188089441508,"dmean2":0.0294210035354,"dvar":0.000609070411883,"dvar2":0.00143640558235,"max":0.573828518391,"mean":0.281515985727,"median":0.258042633533,"min":0.016132902354,"var":0.00967999454588},"erbbands_kurtosis":{"dmean":3.05331039429,"dmean2":4.77911281586,"dvar":43.0442199707,"dvar2":90.0318450928,"max":302.067077637,"mean":6.50784540176,"median":2.57093238831,"min":-1.93727624416,"var":177.938293457},"erbbands_skewness":{"dmean":0.494145572186,"dmean2":0.756578445435,"dvar":0.316427826881,"dvar2":0.697484791279,"max":11.5422019958,"mean":1.29328989983,"median":1.17842483521,"min":-3.34049892426,"var":1.89449429512},"erbbands_spread":{"dmean":4.62215995789,"dmean2":6.79826545715,"dvar":62.1004066467,"dvar2":102.66784668,"max":164.620864868,"mean":20.5949516296,"median":17.1641998291,"min":0.366818904877,"var":390.040039062},"gfcc":{"cov":[[15316.8486328,-1864.4831543,-4080.45532227,916.58380127,-852.116394043,1454.38781738,-753.435119629,530.017150879,-159.214614868,-42.0944824219,-358.13269043,-493.399627686,-378.579620361],[-1864.4831543,2028.73974609,723.055175781,-529.719055176,656.961608887,-512.178649902,355.188171387,-271.761291504,119.712387085,-118.687667847,208.860046387,93.4591140747,144.196990967],[-4080.45532227,723.055175781,2457.43481445,-86.9688110352,-137.965393066,-426.695129395,190.928146362,-99.0114822388,127.124038696,113.717567444,168.961791992,163.326889038,95.7936248779],[916.58380127,-529.719055176,-86.9688110352,478.860290527,-77.5535507202,129.85496521,-71.3890380859,116.649230957,31.1085624695,32.1221199036,-67.7448043823,-49.8397827148,-31.294670105],[-852.116394043,656.961608887,-137.965393066,-77.5535507202,775.471313477,-119.132240295,155.08883667,-107.177200317,30.3394088745,-72.2499771118,4.932721138,19.9576892853,79.2861938477],[1454.38781738,-512.178649902,-426.695129395,129.85496521,-119.132240295,457.43637085,-17.1916255951,110.801605225,-27.7208690643,20.337228775,-55.5016555786,-89.0514450073,-122.006324768],[-753.435119629,355.188171387,190.928146362,-71.3890380859,155.08883667,-17.1916255951,308.350738525,8.73134708405,34.8085670471,-12.8343582153,49.4154319763,2.74293899536,-43.038394928],[530.017150879,-271.761291504,-99.0114822388,116.649230957,-107.177200317,110.801605225,8.73134708405,201.323684692,48.725353241,33.087600708,-15.9963169098,-40.3009910583,-61.1896781921],[-159.214614868,119.712387085,127.124038696,31.1085624695,30.3394088745,-27.7208690643,34.8085670471,48.725353241,144.253829956,38.2487411499,10.4077920914,-6.67434358597,-9.17635440826],[-42.0944824219,-118.687667847,113.717567444,32.1221199036,-72.2499771118,20.337228775,-12.8343582153,33.087600708,38.2487411499,140.420822144,51.6604957581,13.2263059616,-21.7468662262],[-358.13269043,208.860046387,168.961791992,-67.7448043823,4.932721138,-55.5016555786,49.4154319763,-15.9963169098,10.4077920914,51.6604957581,163.160598755,66.3962860107,7.8976817131],[-493.399627686,93.4591140747,163.326889038,-49.8397827148,19.9576892853,-89.0514450073,2.74293899536,-40.3009910583,-6.67434358597,13.2263059616,66.3962860107,140.756591797,84.7689819336],[-378.579620361,144.196990967,95.7936248779,-31.294670105,79.2861938477,-122.006324768,-43.038394928,-61.1896781921,-9.17635440826,-21.7468662262,7.8976817131,84.7689819336,190.557449341]],"icov":[[0.000402717851102,-0.00105254421942,0.000688336382154,-0.00105693610385,0.00083856616402,-0.000982115743682,0.00087761785835,-0.000592903583311,0.00068774324609,-0.000673395290505,0.000690419052262,-0.000328140915371,0.00018068360805],[-0.00105254421942,0.00524447578937,-0.00212799548171,0.00428852671757,-0.00332074030302,0.00357230287045,-0.00337976240553,0.00287239067256,-0.00400696741417,0.00393233913928,-0.00445315986872,0.00271371728741,-0.00122452375945],[0.000688336382154,-0.00212799548171,0.00185270525981,-0.00214628386311,0.00191947713029,-0.00130635336973,0.001103978022,-0.00080105260713,0.00104838458356,-0.00179833883885,0.00143890385516,-0.00108611164615,0.000319791346556],[-0.00105693610385,0.00428852671757,-0.00214628386311,0.00648370804265,-0.00306147453375,0.00268421391957,-0.00231828633696,0.00102336297277,-0.0033385977149,0.00260603055358,-0.00252928887494,0.00217455066741,-0.00112971570343],[0.00083856616402,-0.00332074030302,0.00191947713029,-0.00306147453375,0.00418712804094,-0.00219618435949,0.00108666869346,-0.000730102066882,0.00159573939163,-0.00195396249183,0.00260236626491,-0.00128253141884,-0.00010965718684],[-0.000982115743682,0.00357230287045,-0.00130635336973,0.00268421391957,-0.00219618435949,0.00644575152546,-0.00298242690042,0.00108798092697,-0.00160058494657,0.00173892208841,-0.00224612094462,0.00191692344379,0.000521383655723],[0.00087761785835,-0.00337976240553,0.001103978022,-0.00231828633696,0.00108666869346,-0.00298242690042,0.00727330055088,-0.00287478044629,0.00199378305115,-0.00116539432202,0.00142932706513,-0.00169005908538,0.00237889145501],[-0.000592903583311,0.00287239067256,-0.00080105260713,0.00102336297277,-0.000730102066882,0.00108798092697,-0.00287478044629,0.00960768386722,-0.00493641523644,0.00167428923305,-0.00241370638832,0.00167369854171,-0.0000356839263986],[0.00068774324609,-0.00400696741417,0.00104838458356,-0.0033385977149,0.00159573939163,-0.00160058494657,0.00199378305115,-0.00493641523644,0.0125172017142,-0.00545065617189,0.00389414536767,-0.00128632551059,0.000891136471182],[-0.000673395290505,0.00393233913928,-0.00179833883885,0.00260603055358,-0.00195396249183,0.00173892208841,-0.00116539432202,0.00167428923305,-0.00545065617189,0.0132189113647,-0.00692050950602,0.00167759123724,0.00000595276469539],[0.000690419052262,-0.00445315986872,0.00143890385516,-0.00252928887494,0.00260236626491,-0.00224612094462,0.00142932706513,-0.00241370638832,0.00389414536767,-0.00692050950602,0.0139531083405,-0.00698307994753,0.00255542434752],[-0.000328140915371,0.00271371728741,-0.00108611164615,0.00217455066741,-0.00128253141884,0.00191692344379,-0.00169005908538,0.00167369854171,-0.00128632551059,0.00167759123724,-0.00698307994753,0.0148116583005,-0.0060556223616],[0.00018068360805,-0.00122452375945,0.000319791346556,-0.00112971570343,-0.00010965718684,0.000521383655723,0.00237889145501,-0.0000356839263986,0.000891136471182,0.00000595276469539,0.00255542434752,-0.0060556223616,0.0097238291055]],"mean":[-124.394218445,176.197052002,-74.5982131958,18.1734752655,-47.3647422791,-1.68998026848,-37.5164070129,-12.658080101,-17.5955352783,-11.5378789902,-0.698228180408,-5.60518026352,-1.03202950954]},"hfc":{"dmean":2.76249194145,"dmean2":3.95114183426,"dvar":21.7438774109,"dvar2":38.6514663696,"max":177.763427734,"mean":10.5594081879,"median":8.26858520508,"min":1.09464919892e-16,"var":99.9254608154},"melbands":{"dmean":[0.00097653886769,0.00175830081571,0.00122547475621,0.000863786553964,0.000542635563761,0.0002928461181,0.000138933333801,0.000111207133159,0.0000562220120628,0.0000468389116577,0.000021060639483,0.0000230583918892,0.0000255688464676,0.0000177981237357,0.0000148279741552,0.0000118797233881,0.00000717032025932,0.00000612538906353,0.00000574764089833,0.00000359308683073,0.00000236881510318,0.00000169518796156,0.00000100550619209,0.00000111112615286,5.92277558553e-7,3.14542660362e-7,3.06196511701e-7,4.0072069396e-7,4.28285716225e-7,2.72133320323e-7,2.01560283131e-7,2.68568129513e-7,2.59128682956e-7,2.86710189812e-7,3.47159442526e-7,3.94672781567e-7,4.15338007542e-7,3.39330000543e-7,2.46358865752e-7,1.32216229076e-7],"dmean2":[0.00141997286119,0.00267413863912,0.00189837941434,0.00137703295331,0.000810015539173,0.000442587537691,0.00020953908097,0.000167856152984,0.0000857695486047,0.0000749569371692,0.0000335051227012,0.0000374413539248,0.0000398456359108,0.0000275423135463,0.0000233390583162,0.0000189480469999,0.0000117413219414,0.0000100083980215,0.00000911851384444,0.0000059510130086,0.00000369011900148,0.0000027838391361,0.00000161529294473,0.00000178618324753,9.40805648497e-7,4.75962565361e-7,4.51449380989e-7,6.0594459228e-7,6.17723344476e-7,3.86550027542e-7,2.80761270233e-7,3.68044027255e-7,3.40309100011e-7,3.87393811252e-7,4.67301305207e-7,5.21506365203e-7,5.61995648241e-7,4.33651706544e-7,3.29747592787e-7,1.76716156375e-7],"dvar":[0.0000042422475417,0.000012840960153,0.00000560685748496,0.00000228544308811,0.00000106583638626,3.84538367371e-7,8.98413503592e-8,7.818083958e-8,2.32989645355e-8,2.55774885716e-8,3.02951796982e-9,4.15901402206e-9,1.04569215509e-8,2.67369570928e-9,2.14974638091e-9,1.40767364432e-9,4.80225081922e-10,4.09852235483e-10,3.64934610309e-10,6.84581946686e-10,1.32682240195e-10,9.23935164487e-11,2.22273761896e-11,5.1181326538e-11,5.02306876649e-12,3.56062315049e-12,7.56997155932e-12,1.43199853017e-11,1.08491236828e-11,3.35016476366e-12,2.12680025501e-12,5.59834687289e-12,6.08917647207e-12,5.08765295518e-12,7.90320239807e-12,9.20317728276e-12,1.10563806374e-11,6.97840483316e-12,3.86171129796e-12,9.5865069355e-13],"dvar2":[0.00000940686550166,0.000030643241189,0.0000137271408676,0.00000588821285419,0.00000228497788157,8.61129080931e-7,1.94205298953e-7,1.69312258436e-7,4.88211142624e-8,6.40712798372e-8,6.93681023733e-9,1.12589235712e-8,2.87662409448e-8,6.23842977276e-9,5.00892483046e-9,3.54224005683e-9,1.31074562315e-9,1.09372488843e-9,9.01380248219e-10,1.85230430993e-9,3.00257485542e-10,2.62649541005e-10,5.32534467912e-11,1.25762872338e-10,1.18012171216e-11,6.82039450958e-12,1.32834594019e-11,3.43945115444e-11,2.15750715904e-11,6.78139358903e-12,4.48330261804e-12,1.01549905637e-11,1.11831750457e-11,9.6841311012e-12,1.54280286463e-11,1.62697043338e-11,2.13604602756e-11,1.20690350075e-11,7.14163407231e-12,1.64110934044e-12],"max":[0.0299523286521,0.0692939311266,0.048759162426,0.0242801941931,0.0183586850762,0.0157233159989,0.0103300707415,0.00839574355632,0.0101352427155,0.00641327537596,0.00246067345142,0.00238870084286,0.00682569015771,0.00243963557296,0.00213308515958,0.00139235169627,0.000760166847613,0.000797162356321,0.000957160315011,0.00177018053364,0.000420841010055,0.000626687018666,0.000303157576127,0.000522524002008,0.000120120101201,0.000110657267214,0.000227335942327,0.000380812649382,0.000205338044907,0.0000815621533548,0.0000903796390048,0.000215302599827,0.000239867906203,0.000167477744981,0.000162514959811,0.000132656714413,0.000149442217662,0.000103288293758,0.00010789665248,0.000052462786698],"mean":[0.00140233943239,0.0027951693628,0.00190372834913,0.00225099595264,0.00179632578511,0.000828474876471,0.000345137465047,0.000233675702475,0.000112862369861,0.0000834187449072,0.0000359865516657,0.0000409833373851,0.0000506327669427,0.000035157554521,0.0000263321999228,0.0000196050914383,0.0000114323884191,0.00000982202163868,0.0000104506343632,0.00000547806757822,0.00000448604214398,0.0000028441431823,0.00000184720261132,0.00000192577249436,0.00000110344649329,5.98737926794e-7,5.36681568519e-7,6.66708046992e-7,6.948354212e-7,4.37582713175e-7,3.36777816301e-7,4.3670092964e-7,4.39337696889e-7,5.10653364927e-7,5.82067912092e-7,6.34787909348e-7,6.44613237455e-7,5.28954160472e-7,3.83581436836e-7,2.14209663341e-7],"median":[0.000405630533351,0.000872843200341,0.000838115112856,0.00139468698762,0.00109075324144,0.000282026041532,0.000120142045489,0.0000480175403936,0.0000222093549382,0.000013903782019,0.00000985678707366,0.00000820940476842,0.00000815262865217,0.00000608345862929,0.00000394281323679,0.00000293185189548,0.00000265960602519,0.00000178399079687,0.00000170335704297,9.69224515757e-7,5.39941538591e-7,4.29435914384e-7,4.5063984544e-7,4.36827548356e-7,2.03244184149e-7,1.32719662815e-7,1.05635855618e-7,8.6156816792e-8,5.08627699958e-8,2.34487256279e-8,1.48324339477e-8,1.95187546126e-8,1.48795660238e-8,1.42629890121e-8,1.50282399858e-8,1.32361082095e-8,7.80025999347e-9,5.59646640141e-9,5.51295498141e-9,2.44230347057e-9],"min":[1.69022106692e-24,9.45299023867e-25,2.27294196798e-24,2.50791602152e-24,2.09090048119e-24,3.15353773294e-24,2.23790924683e-24,2.10788958686e-24,3.63611195322e-24,2.15546835185e-24,2.44608451212e-24,3.13795477183e-24,2.15663251333e-24,3.84580774791e-24,3.19559506324e-24,4.13173432731e-24,5.09272073775e-24,3.49320901138e-24,2.57107163394e-24,4.18348833586e-24,3.72742694174e-24,5.09500172905e-24,3.40477652061e-24,4.48666020351e-24,3.38509522989e-24,4.01769856701e-24,4.87412659205e-24,6.19355522617e-24,5.70377673367e-24,5.0600208755e-24,6.51554063755e-24,7.42741414575e-24,5.29025939702e-24,5.71620050406e-24,7.25032986088e-24,7.84493850136e-24,6.71772016553e-24,6.18586856551e-24,6.69998972782e-24,5.14427950322e-24],"var":[0.00000638697065369,0.0000206200274988,0.00000899274709809,0.00000687153169565,0.00000456827501694,0.00000159473700023,3.51653142161e-7,3.14942838031e-7,1.0336105305e-7,7.51103428343e-8,7.42534211895e-9,9.89108794869e-9,3.01638287681e-8,7.47944639556e-9,5.07504038794e-9,3.03700975479e-9,8.02750477202e-10,7.31704752344e-10,9.21803577913e-10,7.65003949077e-10,3.07346120776e-10,1.83068837867e-10,4.48937519104e-11,7.35719124512e-11,1.17960545845e-11,7.4443767123e-12,1.61475850052e-11,1.92032171414e-11,1.80806047217e-11,6.75173111864e-12,4.31956640595e-12,1.0525390455e-11,1.17477303926e-11,1.25714300081e-11,1.59339035022e-11,2.17773264699e-11,2.55084859485e-11,1.75735086205e-11,8.80464798292e-12,2.48186475711e-12]},"melbands_crest":{"dmean":2.69191813469,"dmean2":4.29257106781,"dvar":7.27540206909,"dvar2":18.4502124786,"max":33.5513687134,"mean":16.7875595093,"median":16.3213405609,"min":1.74923157692,"var":28.4165019989},"melbands_flatness_db":{"dmean":0.0317254289985,"dmean2":0.0487481839955,"dvar":0.00143315992318,"dvar2":0.00344327301718,"max":0.842075049877,"mean":0.415442347527,"median":0.383598357439,"min":0.00510754343122,"var":0.0212115719914},"melbands_kurtosis":{"dmean":7.88831472397,"dmean2":12.2328033447,"dvar":184.742080688,"dvar2":424.066955566,"max":351.058929443,"mean":17.7354393005,"median":10.2672986984,"min":-1.77167129517,"var":525.383300781},"melbands_skewness":{"dmean":0.699487924576,"dmean2":1.06533682346,"dvar":0.629781723022,"dvar2":1.34797465801,"max":15.2241983414,"mean":2.34963989258,"median":2.16079139709,"min":-2.15752959251,"var":3.9002597332},"melbands_spread":{"dmean":1.94832873344,"dmean2":2.91111898422,"dvar":13.9716663361,"dvar2":28.7021522522,"max":183.319747925,"mean":6.78113174438,"median":4.42163085938,"min":0.310509383678,"var":90.2697677612},"mfcc":{"cov":[[12072.2744141,-1301.15332031,-2837.7265625,-955.14074707,-280.894622803,194.078567505,-190.814788818,254.048080444,-8.92429828644,489.142578125,116.347885132,86.9942932129,-284.439331055],[-1301.15332031,2099.72143555,-113.747413635,38.702671051,204.378463745,5.2009472847,159.273651123,39.122089386,-9.63218212128,-116.438995361,-16.0559234619,-44.7376861572,119.701148987],[-2837.7265625,-113.747413635,2192.01904297,347.76071167,-126.727363586,-123.258399963,-66.070098877,-96.3053436279,-12.0788707733,-79.3465118408,53.3961372375,110.817489624,103.202720642],[-955.14074707,38.702671051,347.76071167,443.30569458,126.382164001,-19.4411659241,9.87328624725,-16.3969974518,59.850479126,-29.3698482513,-22.7928161621,3.27287244797,48.7226524353],[-280.894622803,204.378463745,-126.727363586,126.382164001,350.476776123,70.5687408447,19.7122344971,-15.101808548,66.939414978,-22.0607433319,-36.0982627869,-15.8093528748,28.7469654083],[194.078567505,5.2009472847,-123.258399963,-19.4411659241,70.5687408447,222.209960938,81.3988800049,36.7525405884,27.0786552429,17.427986145,13.9872484207,31.6159477234,-16.7699069977],[-190.814788818,159.273651123,-66.070098877,9.87328624725,19.7122344971,81.3988800049,205.127761841,68.7013015747,5.22447967529,5.64534950256,31.4366359711,21.7251815796,13.8722419739],[254.048080444,39.122089386,-96.3053436279,-16.3969974518,-15.101808548,36.7525405884,68.7013015747,175.34197998,35.3814926147,53.1413993835,47.682308197,4.21725034714,-0.700601100922],[-8.92429828644,-9.63218212128,-12.0788707733,59.850479126,66.939414978,27.0786552429,5.22447967529,35.3814926147,154.122039795,43.6546058655,-13.2563858032,-0.976395845413,-3.88799190521],[489.142578125,-116.438995361,-79.3465118408,-29.3698482513,-22.0607433319,17.427986145,5.64534950256,53.1413993835,43.6546058655,165.905044556,83.296333313,4.45275735855,-35.4231529236],[116.347885132,-16.0559234619,53.3961372375,-22.7928161621,-36.0982627869,13.9872484207,31.4366359711,47.682308197,-13.2563858032,83.296333313,167.986663818,67.4842147827,4.73706912994],[86.9942932129,-44.7376861572,110.817489624,3.27287244797,-15.8093528748,31.6159477234,21.7251815796,4.21725034714,-0.976395845413,4.45275735855,67.4842147827,162.662796021,63.2141571045],[-284.439331055,119.701148987,103.202720642,48.7226524353,28.7469654083,-16.7699069977,13.8722419739,-0.700601100922,-3.88799190521,-35.4231529236,4.73706912994,63.2141571045,143.040939331]],"icov":[[0.000179427865078,0.0000632919618511,0.000207611286896,0.000142483972013,0.0000672715323162,-0.0000549134856556,0.000260650092969,-0.000181304800208,0.00011765628733,-0.000393292342778,0.000198935085791,-0.000351015012711,0.000113722286187],[0.0000632919618511,0.000628715264611,0.0000832330988487,0.000173523643753,-0.000316521036439,0.000154442721396,-0.000374886207283,-0.000127624749439,0.00000712331211616,0.000338498473866,-0.000255260703852,0.000348234141711,-0.000463400792796],[0.000207611286896,0.0000832330988487,0.000874272722285,-0.000398525211494,0.000504958326928,0.0000349528054358,0.000437453825725,0.0000806869284133,-0.0000178249283636,-0.0000761411283747,-0.000189317666809,-0.000597863865551,-0.0000401171128033],[0.000142483972013,0.000173523643753,-0.000398525211494,0.00340937799774,-0.00122955394909,0.000524252594914,-0.000337710167514,-0.000111084460514,-0.000830388686154,-0.0000628393827355,0.000239271146711,0.0000843197194627,-0.000478195695905],[0.0000672715323162,-0.000316521036439,0.000504958326928,-0.00122955394909,0.00444105872884,-0.00160410278477,0.00049172306899,0.000888707698323,-0.00149125116877,0.00032595495577,-0.000158834736794,0.000607821508311,-0.000893952208571],[-0.0000549134856556,0.000154442721396,0.0000349528054358,0.000524252594914,-0.00160410278477,0.00650307536125,-0.00244843401015,-0.000428750237916,-0.000368460896425,-0.0000519319182786,0.000526350457221,-0.00191840331536,0.00168540515006],[0.000260650092969,-0.000374886207283,0.000437453825725,-0.000337710167514,0.00049172306899,-0.00244843401015,0.00744496006519,-0.00243497616611,0.000621243088972,0.0000334589385602,-0.000483652984258,-0.000680966186337,-0.000146253383718],[-0.000181304800208,-0.000127624749439,0.0000806869284133,-0.000111084460514,0.000888707698323,-0.000428750237916,-0.00243497616611,0.00827966444194,-0.00211315229535,-0.000626653200015,-0.0020454232581,0.0015534912236,-0.00105769641232],[0.00011765628733,0.00000712331211616,-0.0000178249283636,-0.000830388686154,-0.00149125116877,-0.000368460896425,0.000621243088972,-0.00211315229535,0.00941805262119,-0.00399891193956,0.0033488383051,-0.00157470547128,0.000560303509701],[-0.000393292342778,0.000338498473866,-0.0000761411283747,-0.0000628393827355,0.00032595495577,-0.0000519319182786,0.0000334589385602,-0.000626653200015,-0.00399891193956,0.0122696459293,-0.00687414547428,0.00252302130684,0.000975548464339],[0.000198935085791,-0.000255260703852,-0.000189317666809,0.000239271146711,-0.000158834736794,0.000526350457221,-0.000483652984258,-0.0020454232581,0.0033488383051,-0.00687414547428,0.0122818853706,-0.00539000099525,0.00115875853226],[-0.000351015012711,0.000348234141711,-0.000597863865551,0.0000843197194627,0.000607821508311,-0.00191840331536,-0.000680966186337,0.0015534912236,-0.00157470547128,0.00252302130684,-0.00539000099525,0.0114889554679,-0.00517700752243],[0.000113722286187,-0.000463400792796,-0.0000401171128033,-0.000478195695905,-0.000893952208571,0.00168540515006,-0.000146253383718,-0.00105769641232,0.000560303509701,0.000975548464339,0.00115875853226,-0.00517700752243,0.0106893368065]],"mean":[-772.778320312,195.231674194,37.3729553223,24.7173500061,13.9347763062,5.0753569603,-2.43379378319,-2.38394832611,-12.3886060715,-4.77400112152,-7.38348531723,-3.93156719208,-1.46606254578]},"pitch_salience":{"dmean":0.0664793327451,"dmean2":0.106449767947,"dvar":0.00495690712705,"dvar2":0.0116270342842,"max":0.942077636719,"mean":0.474304497242,"median":0.486141592264,"min":0.0611156783998,"var":0.0180524177849},"silence_rate_20dB":{"dmean":0,"dmean2":0,"dvar":0,"dvar2":0,"max":1,"mean":1,"median":1,"min":1,"var":0},"silence_rate_30dB":{"dmean":0.0319727025926,"dmean2":0.0639494433999,"dvar":0.0309504494071,"dvar2":0.0776798203588,"max":1,"mean":0.975674510002,"median":1,"min":0,"var":0.0237337891012},"silence_rate_60dB":{"dmean":0.00568684423342,"dmean2":0.0113744074479,"dvar":0.00565450405702,"dvar2":0.0125088533387,"max":1,"mean":0.0358880385756,"median":0,"min":0,"var":0.0346000865102},"spectral_centroid":{"dmean":69.704208374,"dmean2":100.417861938,"dvar":22826.8105469,"dvar2":40122.0898438,"max":11743.0117188,"mean":450.688293457,"median":359.653198242,"min":123.307029724,"var":235532.640625},"spectral_complexity":{"dmean":1.52129411697,"dmean2":2.49706172943,"dvar":2.38729453087,"dvar2":5.72285079956,"max":43,"mean":8.77108764648,"median":8,"min":0,"var":20.7013111115},"spectral_contrast_coeffs":{"dmean":[0.0471234284341,0.0477553233504,0.0416472628713,0.0320584513247,0.0201911684126,0.0150064742193],"dmean2":[0.0762606933713,0.0759255588055,0.0680831894279,0.0527045615017,0.0326432175934,0.0244211275131],"dvar":[0.00182419491466,0.001968807308,0.00130330049433,0.000844361318741,0.000381953490432,0.000212766855839],"dvar2":[0.00440739747137,0.00442017568275,0.00331159704365,0.00219596736133,0.00093154766364,0.000548714480828],"max":[-0.25609254837,-0.364868819714,-0.426004678011,-0.506001055241,-0.529029369354,-0.574503064156],"mean":[-0.556683182716,-0.665966510773,-0.752851903439,-0.770883440971,-0.80171507597,-0.810844540596],"median":[-0.554113805294,-0.673560917377,-0.760580360889,-0.776280999184,-0.80948638916,-0.810252547264],"min":[-0.973730742931,-0.969523310661,-0.974956452847,-0.973515808582,-0.963946521282,-0.96480089426],"var":[0.00918832980096,0.0100109139457,0.00597812188789,0.00720309931785,0.00496829440817,0.00173546886072]},"spectral_contrast_valleys":{"dmean":[0.42712944746,0.435687154531,0.459459483624,0.411394268274,0.305962264538,0.230353504419],"dmean2":[0.657155930996,0.703606128693,0.757781863213,0.686859250069,0.502660691738,0.34830185771],"dvar":[0.152092948556,0.203052893281,0.281670302153,0.302349001169,0.181664198637,0.0811503604054],"dvar2":[0.336987346411,0.479708313942,0.687839984894,0.738537669182,0.441505491734,0.163746342063],"max":[-4.92333364487,-4.69998407364,-5.26034069061,-6.17647504807,-6.287940979,-7.23691225052],"mean":[-7.26749324799,-7.32078742981,-8.48682308197,-9.30312347412,-9.73718070984,-12.2621679306],"median":[-7.14940595627,-7.1109662056,-8.20331478119,-8.9223279953,-9.42912960052,-12.2180204391],"min":[-27.7920970917,-28.1409091949,-27.8246059418,-27.604221344,-27.4314365387,-27.3602657318],"var":[1.78470671177,1.90587937832,2.15989398956,2.54655051231,2.44598889351,2.83931851387]},"spectral_decrease":{"dmean":3.14364334564e-9,"dmean2":4.59954030418e-9,"dvar":2.24967831431e-17,"dvar2":4.98480345297e-17,"max":2.51525930761e-16,"mean":-9.12029207711e-9,"median":-7.39036343234e-9,"min":-6.82442404809e-8,"var":5.17043998778e-17},"spectral_energy":{"dmean":0.0120522771031,"dmean2":0.0176388844848,"dvar":0.000328386435285,"dvar2":0.00072730705142,"max":0.260734796524,"mean":0.0353798680007,"median":0.0287175439298,"min":1.03208859836e-20,"var":0.000766219687648},"spectral_energyband_high":{"dmean":0.0000767479141359,"dmean2":0.0000895484190551,"dvar":2.5590838959e-7,"dvar2":3.634276311e-7,"max":0.0217809304595,"mean":0.000154360881425,"median":0.00000774148338678,"min":7.25636679882e-21,"var":8.55989867432e-7},"spectral_energyband_low":{"dmean":0.00856299698353,"dmean2":0.0127143580467,"dvar":0.000254098937148,"dvar2":0.000583880348131,"max":0.251252233982,"mean":0.0137390941381,"median":0.00533012254164,"min":3.11775279347e-23,"var":0.000417891365942},"spectral_energyband_middle_high":{"dmean":0.000509239500389,"dmean2":0.000799326284323,"dvar":0.00000117851266168,"dvar2":0.00000304153718389,"max":0.0458511151373,"mean":0.00148914777674,"median":0.000634237308986,"min":1.27995193605e-21,"var":0.00000569043913856},"spectral_energyband_middle_low":{"dmean":0.00635562231764,"dmean2":0.00971777830273,"dvar":0.0000874898178154,"dvar2":0.000208076962736,"max":0.13564029336,"mean":0.0219102893025,"median":0.0179934762418,"min":1.75264445865e-22,"var":0.000302359752823},"spectral_entropy":{"dmean":0.240101650357,"dmean2":0.380459100008,"dvar":0.094127625227,"dvar2":0.22190529108,"max":9.81574440002,"mean":5.88849639893,"median":6.06410694122,"min":2.83944177628,"var":1.19061386585},"spectral_flux":{"dmean":0.0311849545687,"dmean2":0.0487782023847,"dvar":0.00132379552815,"dvar2":0.00308767380193,"max":0.384856432676,"mean":0.0697087571025,"median":0.059378258884,"min":6.41124583978e-11,"var":0.00267050042748},"spectral_kurtosis":{"dmean":16.4765415192,"dmean2":27.5742511749,"dvar":855.977844238,"dvar2":2273.54907227,"max":437.806213379,"mean":47.1159477234,"median":18.5707206726,"min":-1.25753545761,"var":4077.65673828},"spectral_rms":{"dmean":0.000890462426469,"dmean2":0.00127425277606,"dvar":0.00000117520232834,"dvar2":0.00000247640991802,"max":0.0159491505474,"mean":0.00544562889263,"median":0.00529311969876,"min":3.17319347881e-12,"var":0.00000486206909045},"spectral_rolloff":{"dmean":130.831970215,"dmean2":221.447052002,"dvar":278901.59375,"dvar2":582635.625,"max":21468.6035156,"mean":545.4375,"median":344.53125,"min":21.533203125,"var":1579097.25},"spectral_skewness":{"dmean":0.849662959576,"dmean2":1.41113698483,"dvar":1.36008167267,"dvar2":3.69114613533,"max":17.4652118683,"mean":4.54799604416,"median":3.29472613335,"min":-0.0899359360337,"var":10.5158700943},"spectral_spread":{"dmean":393301.5,"dmean2":595946.3125,"dvar":363490410496,"dvar2":568932106240,"max":41778412,"mean":2598151.5,"median":2179098.25,"min":221408.90625,"var":5573439913980},"spectral_strongpeak":{"dmean":0.314481347799,"dmean2":0.532286167145,"dvar":0.188867866993,"dvar2":0.490479499102,"max":7.75970172882,"mean":0.947988212109,"median":0.851934432983,"min":0,"var":0.394365996122},"zerocrossingrate":{"dmean":0.00376534392126,"dmean2":0.0043974625878,"dvar":0.0000602396503382,"dvar2":0.0000694589834893,"max":0.79443359375,"mean":0.0227070376277,"median":0.0166015625,"min":0.00341796875,"var":0.0014815335162}},"metadata":{"audio_properties":{"analysis_sample_rate":44100,"bit_rate":0,"codec":"flac","downmix":"mix","equal_loudness":0,"length":367.466674805,"lossless":true,"md5_encoded":"c45d0f65d31bce163b67637afec9ec9b","replay_gain":-8.51139640808},"tags":{"acoustid_id":["569d6dbb-c68a-4fd7-9886-8b26103df520"],"album":["Violator"],"albumartist":["Depeche Mode"],"albumartistsort":["Depeche Mode"],"artist":["Depeche Mode"],"artists":["Depeche Mode"],"artistsort":["Depeche Mode"],"asin":["B000EQ46FA"],"barcode":["0094635843125"],"catalognumber":["CDXSTUMM 64"],"composer":["Martin L. Gore"],"composersort":["Gore, Martin L."],"date":["2006-04-03"],"discnumber":["1"],"disctotal":["1"],"engineer":["Dennis Mitchell","Daryl Bamonte","Mark Flannery","Pino Pischetola","ゴウ・ホトダ","Peter Iversen","David Browne","Dick Meaney","Steve Lyon","Ricky","Phil Legg","Alan Gregorie"],"file_name":"05 Waiting for the Night.flac","genre":["Electronica; New Wave; Synth Pop; Ambient; Alternative"],"grouping":["Electronica"],"label":["Mute"],"language":["eng"],"lyricist":["Martin L. Gore"],"media":["CD"],"mixer":["François Kevorkian"],"mood":["Melancholic; Melancholy; Sad; Moody"],"musicbrainz_albumartistid":["8538e728-ca0b-4321-b7e5-cff6565dd4c0"],"musicbrainz_albumid":["5ef56b1f-f78f-357c-bc56-95a39ed3a606"],"musicbrainz_artistid":["8538e728-ca0b-4321-b7e5-cff6565dd4c0"],"musicbrainz_recordingid":["b00db402-51d2-4125-912b-c0eab9c6edd1"],"musicbrainz_releasegroupid":["71f1482e-e63f-3b2c-811b-939f62708f2a"],"musicbrainz_releasetrackid":["0acd8a7a-ab49-3fa2-b178-06a9a5817eac"],"musicbrainz_workid":["dbd43d93-9648-34c8-8886-243284d370d2"],"originaldate":["1990-03-19"],"originalyear":["2006"],"performer":["Dave Gahan (lead vocals)"],"producer":["Depeche Mode","Flood"],"releasecountry":["GB"],"releasestatus":["official"],"releasetype":["album"],"replaygain_album_gain":["-6.01 dB"],"replaygain_album