{"lowlevel":{"average_loudness":0.974741458893,"barkbands":{"dmean":[0.0000112522448035,0.00149196793791,0.00124726071954,0.00121733790729,0.00246571050957,0.000585471629165,0.000990298110992,0.000507710909005,0.000554749916773,0.000303720356897,0.000200852417038,0.000238073596847,0.000312102638418,0.000367288012058,0.000548726064153,0.000676654977724,0.000669171509799,0.000441885116743,0.000288924085908,0.000179844428203,0.000197734785615,0.000183531039511,0.00011244216148,0.0000884974942892,0.0000559863437957,0.0000487352008349,0.00000641596807327],"dmean2":[0.0000184418349818,0.00262210005894,0.00220887525938,0.00208747340366,0.00413279887289,0.00096720259171,0.00157648965251,0.000820422312245,0.000898666388821,0.000499343965203,0.000327884044964,0.000375591451302,0.00051356171025,0.00059645663714,0.000903289648704,0.00109963293653,0.0010744582396,0.000710454012733,0.000459952862002,0.000283513247268,0.000309296447085,0.000269363255939,0.000160653857165,0.000127964231069,0.0000828453194117,0.0000731221589376,0.0000099768039945],"dvar":[5.35498700938e-10,0.0000132488785312,0.00000813433689473,0.00000409496078646,0.0000108842332338,0.00000101584294043,0.00000377587753064,0.00000132919103635,0.00000148901290231,5.05794730543e-7,3.104538564e-7,3.1904920661e-7,3.55489873982e-7,3.74382466362e-7,6.5423802198e-7,0.00000102177114059,7.83580162533e-7,3.71190452597e-7,1.27589842691e-7,6.17684250415e-8,8.55696669078e-8,1.25275022356e-7,6.52212293062e-8,2.49959288823e-8,1.33269173475e-8,8.81975470435e-9,1.87119930661e-10],"dvar2":[1.26163457459e-9,0.0000359982295777,0.0000221354603127,0.0000110267774289,0.0000290520019917,0.00000257335000242,0.00000919112335396,0.00000336067364515,0.00000369532585864,0.00000127412545226,8.45409374506e-7,7.43750092624e-7,9.24319692786e-7,9.44420207816e-7,0.00000171124497683,0.00000255214263234,0.00000196938685804,9.16548231089e-7,3.15244193416e-7,1.45532098372e-7,1.97939229452e-7,2.6495581551e-7,1.33158422955e-7,5.20358724998e-8,3.16985335758e-8,2.1435671016e-8,4.65866512034e-10],"max":[0.000406619365094,0.039873033762,0.036744851619,0.0309275053442,0.0459720827639,0.0238125473261,0.0339773595333,0.0223038177937,0.0257848054171,0.0186018105596,0.0253325775266,0.0118369720876,0.0121322693303,0.012513817288,0.0128133399412,0.0181317068636,0.0228139739484,0.0134676052257,0.00888214446604,0.00748169515282,0.00430151168257,0.00634053256363,0.00718841189519,0.00350027298555,0.00227930373512,0.00199356628582,0.000231151483604],"mean":[0.0000113761261673,0.00154223025311,0.00157018844038,0.00175263173878,0.00397900491953,0.000959785946179,0.0015677382471,0.000813611375634,0.00093338341685,0.000516657484695,0.000314938282827,0.000430637912359,0.000558954372536,0.000677464646287,0.0010773189133,0.00150461064186,0.00157400686294,0.00103255279828,0.000741038995329,0.000456842099084,0.000472871412057,0.000389602413634,0.000236938270973,0.000188548234291,0.0000945210558712,0.0000671384623274,0.00000775360422267],"median":[0.00000330902480528,0.000720319338143,0.000912369927391,0.00104285776615,0.00267230137251,0.000604264554568,0.000699696189258,0.000372754817363,0.000380747485906,0.000241092842771,0.000134198984597,0.000180334682227,0.00028670715983,0.000410623906646,0.000711462111212,0.000967629137449,0.00113162142225,0.000787522410974,0.000594239856582,0.000337950477842,0.000323870510329,0.000217884226004,0.000113838977995,0.000107149702671,0.0000460697483504,0.0000310370960506,0.00000288402952719],"min":[1.08949776835e-24,5.17404559176e-24,1.45685510634e-24,2.57737266043e-24,9.72585821186e-24,8.54552192698e-24,4.79057517813e-24,8.73006962487e-24,1.25781402203e-23,1.57917489223e-23,9.40559251725e-24,3.39134711034e-23,1.40954565846e-23,5.39001267287e-23,4.69335951005e-23,7.00579670644e-23,7.6002387395e-23,8.52203028031e-23,1.24031804956e-22,1.75486904641e-22,2.14392375905e-22,3.62214660662e-22,3.92437171497e-22,6.68161450677e-22,8.51431080304e-22,1.27874489051e-21,1.95195782778e-21],"var":[5.47268952378e-10,0.00000947455828282,0.00000644294459562,0.00000475734304928,0.0000178350292117,0.00000149403740579,0.00000672985106576,0.00000232348520512,0.00000326150097862,0.00000104086620922,4.25665859893e-7,8.34968147956e-7,8.03400325822e-7,7.82024926593e-7,0.00000144359739807,0.00000290383559332,0.0000024102248517,0.00000100341492271,4.11707816284e-7,2.01017698487e-7,2.03496171025e-7,2.91557569199e-7,1.79952238e-7,6.50164437843e-8,1.97308871464e-8,1.07358202328e-8,1.87803800289e-10]},"barkbands_crest":{"dmean":2.20268154144,"dmean2":3.65816259384,"dvar":4.20310354233,"dvar2":11.0514221191,"max":24.6962490082,"mean":7.19885873795,"median":6.54613494873,"min":1.9737136364,"var":9.24905204773},"barkbands_flatness_db":{"dmean":0.0148305408657,"dmean2":0.022842425853,"dvar":0.000189169542864,"dvar2":0.000434864254203,"max":0.287933826447,"mean":0.0872260704637,"median":0.0808229446411,"min":0.0200525913388,"var":0.00123728998005},"barkbands_kurtosis":{"dmean":0.75157481432,"dmean2":1.23316764832,"dvar":2.90227341652,"dvar2":8.07449913025,"max":88.1275863647,"mean":-0.277583301067,"median":-0.921070694923,"min":-1.88790285587,"var":6.08627271652},"barkbands_skewness":{"dmean":0.39792189002,"dmean2":0.627988219261,"dvar":0.151780933142,"dvar2":0.369414031506,"max":9.10035133362,"mean":0.496365725994,"median":0.430451929569,"min":-2.26866912842,"var":0.628877222538},"barkbands_spread":{"dmean":5.30637598038,"dmean2":8.12876224518,"dvar":24.7387485504,"dvar2":54.6168670654,"max":75.4599227905,"mean":35.0705871582,"median":34.9888305664,"min":4.23432159424,"var":113.215019226},"dissonance":{"dmean":0.00866626389325,"dmean2":0.0146286468953,"dvar":0.0000805468807812,"dvar2":0.000215783846215,"max":0.500000119209,"mean":0.481450140476,"median":0.485241293907,"min":0.310983091593,"var":0.00026642071316},"dynamic_complexity":1.990483284,"erbbands":{"dmean":[0.027719501406,0.392775952816,1.27631020546,2.9732093811,5.87323141098,10.4339580536,4.35660171509,4.94246435165,10.4748697281,17.6724243164,9.38726997375,12.6555089951,10.4156799316,8.02863883972,7.1330370903,9.87525939941,13.1470746994,17.7078647614,21.1047115326,34.3731651306,38.8351325989,34.7933998108,24.1419830322,16.750087738,12.0410842896,8.5597820282,8.50517749786,7.30813598633,6.02380084991,5.66858530045,2.84705853462,2.17126274109,1.28130996227,0.613968610764,0.429756045341,0.191869944334,0.101408004761,0.0173217505217,0.00111559010111,0.0000470990635222],"dmean2":[0.0484512709081,0.692485570908,2.26445651054,5.10534954071,9.99137210846,17.4678249359,7.16728973389,8.16682815552,16.9720401764,27.8505020142,14.9524459839,20.4681491852,16.8393211365,12.9904327393,11.5173015594,15.4585361481,21.3318367004,28.5855045319,34.0915298462,55.9184837341,62.9221992493,55.9947853088,38.5675163269,26.5857181549,19.4206600189,13.4990119934,13.3006916046,11.2361488342,8.87746047974,8.45280075073,4.05158138275,3.15419054031,1.84494936466,0.890397131443,0.654748499393,0.293812334538,0.153243780136,0.0261349771172,0.00170872139279,0.0000713379486115],"dvar":[0.00424719275907,0.923763990402,9.15060806274,24.7853393555,70.1594161987,229.311691284,51.3322944641,84.703918457,552.530090332,1355.90185547,467.453033447,987.131408691,645.153015137,418.314483643,490.325195312,509.093841553,643.406677246,1089.83007812,1098.00854492,2801.52514648,3275.30810547,2430.39404297,1175.90893555,439.829162598,258.222503662,169.860946655,156.621658325,119.50188446,136.456970215,158.087768555,51.6587371826,16.5891571045,5.09637498856,1.4657176733,0.878512144089,0.197790116072,0.0376899540424,0.00106162647717,0.00000550826598555,8.58753868016e-9],"dvar2":[0.0113742528483,2.51833677292,24.9364128113,67.0550689697,190.16506958,606.648925781,134.305480957,216.266021729,1372.03100586,3219.35595703,1155.48291016,2441.60644531,1611.79956055,1038.1965332,1366.33520508,1172.31555176,1659.21875,2727.87768555,2781.44677734,7372.18212891,8207.42773438,5995.98535156,2907.96337891,1028.23413086,656.534484863,402.395507812,363.6434021,271.690216064,290.763763428,347.153289795,107.491882324,34.2644271851,10.764415741,3.33950853348,2.19491314888,0.510691463947,0.091349683702,0.00254679727368,0.0000135786112878,2.10114077248e-8],"max":[0.722870588303,10.2518167496,33.7477149963,58.5320625305,173.866744995,242.581512451,224.761199951,275.94732666,496.220306396,597.52154541,561.481262207,798.756408691,686.770385742,736.611816406,1091.81506348,574.458618164,648.194824219,708.851318359,757.777282715,882.069519043,1197.76318359,1498.01550293,940.168640137,618.617431641,410.484313965,497.336639404,205.062469482,192.184555054,300.130584717,197.429504395,240.155319214,85.3421936035,67.9763641357,27.4798564911,18.032699585,13.1191473007,3.26347565651,0.536933898926,0.0417393483222,0.0017324538203],"mean":[0.0267870072275,0.419436901808,1.66910588741,4.25874519348,9.4733877182,15.8127746582,7.53944063187,8.07342147827,15.630106926,28.5647296906,17.2975063324,22.1387958527,17.7154006958,15.3206558228,13.0294475555,19.1903209686,26.8177604675,34.8651275635,42.1718673706,70.3815917969,92.7458572388,89.3218460083,62.1297416687,43.4611129761,31.3987026215,22.2582206726,20.3804035187,17.4712219238,13.2475976944,10.912976265,6.15680646896,4.60283041,2.65098714828,1.14052164555,0.640061318874,0.267925202847,0.135923996568,0.0225775558501,0.00140008865856,0.0000811720456113],"median":[0.00932543165982,0.205860793591,1.00804829597,2.73923921585,6.91150617599,9.04088592529,5.24489402771,4.9937953949,7.30995750427,12.3360595703,8.34329986572,8.51330471039,9.01915645599,7.03550672531,6.05185031891,8.89930057526,13.9020614624,20.3676567078,29.3279685974,45.216129303,61.9924049377,64.7821426392,48.2664260864,34.8973503113,25.7764205933,16.3865852356,14.0617828369,11.9303264618,7.74281787872,4.96243667603,2.93997240067,2.53706693649,1.50383102894,0.591857194901,0.29148966074,0.116072870791,0.0620494149625,0.00991453044116,0.000547907722648,0.0000509329111082],"min":[8.4568672141e-23,5.21140093241e-22,2.8403879739e-21,6.50097964732e-21,2.03774570653e-20,2.06661834888e-20,2.03915643722e-20,9.69870948429e-20,1.33576705456e-19,3.59227712076e-19,1.95927809347e-19,3.2311652205e-19,6.58841706478e-19,6.07073538419e-19,9.43939740954e-19,1.69043736335e-18,1.09879963555e-18,2.75782285059e-18,2.40725853711e-18,2.65201011343e-18,4.78685243222e-18,4.78867140239e-18,4.45535028917e-18,7.02900778702e-18,7.4844360615e-18,8.67774335678e-18,9.53023983198e-18,9.12813741005e-18,1.07527532203e-17,1.22367235111e-17,1.14625858553e-17,1.08099841926e-17,1.0224327084e-17,8.24533551875e-18,6.08383192804e-18,4.34835116821e-18,2.3050403133e-18,9.23417389957e-19,2.43758339196e-19,2.77108865627e-20],"var":[0.0032236489933,0.654325425625,6.9306602478,25.3663330078,92.7992019653,386.820251465,70.3510971069,110.821235657,892.150939941,2541.78393555,1103.26660156,2325.13623047,1040.82214355,1088.66162109,637.34753418,1290.20849609,1781.09387207,2367.89331055,2145.32543945,6406.95117188,10158.8730469,7963.12646484,3272.87084961,1393.23498535,719.291564941,562.708557129,384.507446289,299.911682129,325.407501221,334.616516113,135.584686279,45.3678016663,12.3960847855,2.69896054268,1.04380941391,0.203065350652,0.0456341169775,0.00127146381419,0.00000573314628127,9.26094845255e-9]},"erbbands_crest":{"dmean":2.12973022461,"dmean2":3.47014689445,"dvar":4.02355527878,"dvar2":9.95948600769,"max":27.3628730774,"mean":8.03056716919,"median":7.19148683548,"min":2.07962608337,"var":12.9575157166},"erbbands_flatness_db":{"dmean":0.0157772582024,"dmean2":0.0226785652339,"dvar":0.000235640633036,"dvar2":0.000447526370408,"max":0.285542011261,"mean":0.144117563963,"median":0.140621379018,"min":0.0241556167603,"var":0.00116905500181},"erbbands_kurtosis":{"dmean":0.840556800365,"dmean2":1.32550942898,"dvar":1.09204256535,"dvar2":2.56678247452,"max":24.2493667603,"mean":0.734540820122,"median":0.122220635414,"min":-1.72123765945,"var":4.62437820435},"erbbands_skewness":{"dmean":0.268716990948,"dmean2":0.416649192572,"dvar":0.0563617907465,"dvar2":0.126256674528,"max":3.50922608376,"mean":-0.604815840721,"median":-0.617775321007,"min":-3.91118955612,"var":0.426389396191},"erbbands_spread":{"dmean":6.79103946686,"dmean2":10.6607227325,"dvar":42.1077842712,"dvar2":99.7584915161,"max":131.750549316,"mean":35.6429901123,"median":34.4735145569,"min":4.86290788651,"var":194.223190308},"gfcc":{"cov":[[18503.5722656,-771.305603027,-1804.43371582,662.365600586,-747.425598145,152.464065552,-763.412963867,51.417175293,-372.319244385,-44.2676353455,-480.616119385,24.2095623016,-258.437347412],[-771.305603027,1045.15002441,-191.959243774,9.43563079834,148.286895752,-85.588218689,122.088020325,5.89703798294,84.7361907959,-42.1675071716,110.563743591,-60.1676712036,44.8451805115],[-1804.43371582,-191.959243774,592.678100586,-69.0924530029,73.9350891113,8.47052192688,49.7621231079,-7.24022340775,11.8094043732,54.9669380188,10.5257749557,51.6431732178,4.01565122604],[662.365600586,9.43563079834,-69.0924530029,275.758911133,17.5018157959,2.63056969643,-56.112033844,-17.3324279785,31.1725749969,-23.7903022766,-11.2768621445,-0.547289252281,33.2430496216],[-747.425598145,148.286895752,73.9350891113,17.5018157959,253.679443359,-16.7565917969,44.4777259827,27.0625724792,37.1534805298,19.4369392395,18.4029102325,11.235121727,30.323797226],[152.464065552,-85.588218689,8.47052192688,2.63056969643,-16.7565917969,117.089164734,41.7230987549,10.3511800766,-20.7968997955,-6.28256940842,3.71273183823,2.73721122742,-7.32929563522],[-763.412963867,122.088020325,49.7621231079,-56.112033844,44.4777259827,41.7230987549,154.052337646,28.8058128357,7.49180555344,-6.07085418701,36.5489578247,-4.5327205658,0.491426050663],[51.417175293,5.89703798294,-7.24022340775,-17.3324279785,27.0625724792,10.3511800766,28.8058128357,76.8721160889,29.4071464539,15.0668516159,1.19044923782,-5.93297386169,-3.9552192688],[-372.319244385,84.7361907959,11.8094043732,31.1725749969,37.1534805298,-20.7968997955,7.49180555344,29.4071464539,88.430229187,25.1119441986,17.699930191,-11.6573619843,10.5055828094],[-44.2676353455,-42.1675071716,54.9669380188,-23.7903022766,19.4369392395,-6.28256940842,-6.07085418701,15.0668516159,25.1119441986,65.07081604,11.6307077408,5.49900913239,-11.9696741104],[-480.616119385,110.563743591,10.5257749557,-11.2768621445,18.4029102325,3.71273183823,36.5489578247,1.19044923782,17.699930191,11.6307077408,68.3185577393,8.20076465607,8.22768211365],[24.2095623016,-60.1676712036,51.6431732178,-0.547289252281,11.235121727,2.73721122742,-4.5327205658,-5.93297386169,-11.6573619843,5.49900913239,8.20076465607,58.9635505676,15.2945261002],[-258.437347412,44.8451805115,4.01565122604,33.2430496216,30.323797226,-7.32929563522,0.491426050663,-3.9552192688,10.5055828094,-11.9696741104,8.22768211365,15.2945261002,60.2167205811]],"icov":[[0.000266194663709,-0.000290688069072,0.0006684132386,-0.000695638242178,0.000480553950183,-0.000509072269779,0.000736370799132,-0.000930354755837,0.00123775796965,-0.00121139409021,0.00156062433962,-0.00121250492521,0.000965307292063],[-0.000290688069072,0.00236687622964,-0.0000641899750917,0.00090846378589,-0.00146525714081,0.00215809629299,-0.00209183199331,0.00181641743984,-0.00248855026439,0.00296205375344,-0.00439186627045,0.00303675467148,-0.00151885638479],[0.0006684132386,-0.0000641899750917,0.00410475954413,-0.00128247484099,0.000486473087221,-0.000942175334785,0.000462490774225,-0.000826630333904,0.00215011183172,-0.00429900921881,0.00407679984346,-0.0043698111549,0.0022562390659],[-0.000695638242178,0.00090846378589,-0.00128247484099,0.00695857685059,-0.00199644104578,-0.000299684877973,0.000222989881877,0.00401050969958,-0.00661947065964,0.00560912350193,-0.00374974380247,0.00298520131037,-0.00416366383433],[0.000480553950183,-0.00146525714081,0.000486473087221,-0.00199644104578,0.00635937973857,-0.000441286567366,0.000171643972863,-0.0032325880602,0.00235284096561,-0.00436784420162,0.00418255152181,-0.00328132882714,-0.00026327703381],[-0.000509072269779,0.00215809629299,-0.000942175334785,-0.000299684877973,-0.000441286567366,0.0132193835452,-0.00613149022684,0.000183521580766,0.000616557314061,0.00269523845054,-0.00513924146071,0.00318646733649,-0.00134939211421],[0.000736370799132,-0.00209183199331,0.000462490774225,0.000222989881877,0.000171643972863,-0.00613149022684,0.0142086111009,-0.00621264521033,0.00346250506118,0.000368720415281,0.000257023901213,-0.00234618131071,0.00323750334792],[-0.000930354755837,0.00181641743984,-0.000826630333904,0.00401050969958,-0.0032325880602,0.000183521580766,-0.00621264521033,0.0220059230924,-0.0116834007204,0.00216421787627,-0.00238908384927,0.00381847727112,-0.00253312732093],[0.00123775796965,-0.00248855026439,0.00215011183172,-0.00661947065964,0.00235284096561,0.000616557314061,0.00346250506118,-0.0116834007204,0.0263484474272,-0.0132946418598,0.00439467793331,-0.000837355502881,0.00114370463416],[-0.00121139409021,0.00296205375344,-0.00429900921881,0.00560912350193,-0.00436784420162,0.00269523845054,0.000368720415281,0.00216421787627,-0.0132946418598,0.0307156722993,-0.0134229380637,0.00424062507227,0.0016338332789],[0.00156062433962,-0.00439186627045,0.00407679984346,-0.00374974380247,0.00418255152181,-0.00513924146071,0.000257023901213,-0.00238908384927,0.00439467793331,-0.0134229380637,0.0327306427062,-0.0130494516343,0.00428347894922],[-0.00121250492521,0.00303675467148,-0.0043698111549,0.00298520131037,-0.00328132882714,0.00318646733649,-0.00234618131071,0.00381847727112,-0.000837355502881,0.00424062507227,-0.0130494516343,0.0292429756373,-0.0111671984196],[0.000965307292063,-0.00151885638479,0.0022562390659,-0.00416366383433,-0.00026327703381,-0.00134939211421,0.00323750334792,-0.00253312732093,0.00114370463416,0.0016338332789,0.00428347894922,-0.0111671984196,0.0261806994677]],"mean":[29.0936985016,61.8187065125,-127.562454224,41.6196174622,-48.7764320374,1.35508823395,-47.3925437927,5.49325227737,-22.3670749664,-0.842591285706,-25.0821208954,-1.86759626865,-16.7414970398]},"hfc":{"dmean":7.69853067398,"dmean2":11.0591344833,"dvar":81.8123931885,"dvar2":162.87991333,"max":131.569107056,"mean":33.0266113281,"median":30.9001293182,"min":1.08755007021e-16,"var":311.006561279},"melbands":{"dmean":[0.000341265462339,0.000617359241005,0.000533475074917,0.000634774332866,0.000198626206839,0.000114841946925,0.000169365535839,0.000173689782969,0.0000787682074588,0.0000789286568761,0.0000520622052136,0.0000337408600899,0.0000284018187813,0.0000227287673624,0.0000332948475261,0.0000299649636872,0.0000352157840098,0.0000356432756234,0.0000369384615624,0.0000454773180536,0.0000518066808581,0.0000429079409514,0.0000324872889905,0.0000207646025956,0.0000150053056132,0.0000103911388578,0.00000779060792411,0.00000601221199759,0.00000569121266381,0.00000531045770913,0.00000453895063401,0.00000360568742508,0.00000395531969843,0.00000296378789244,0.000001786028065,0.00000140348663535,0.00000148960918978,0.00000111583585749,5.9402594843e-7,5.2031901987e-7],"dmean2":[0.00059842626797,0.00108505599201,0.000905945664272,0.00107073201798,0.000324524444295,0.00018951430684,0.000271512486506,0.000275196769508,0.00012589963444,0.000127958395751,0.0000841316577862,0.0000548163261556,0.00004624045323,0.0000359142941306,0.0000530724464625,0.0000485312739329,0.0000570273696212,0.0000577710634388,0.000060423528339,0.0000742291595088,0.0000838238265715,0.0000693738547852,0.0000527845986653,0.0000335190161422,0.0000241003090196,0.0000168239457707,0.0000126394652398,0.00000965522849583,0.00000903200634639,0.00000848516538099,0.0000070684441198,0.00000547087347513,0.0000060713896346,0.00000449347498943,0.00000263874790107,0.00000204218417821,0.00000225635221796,0.0000016627631112,8.77314903391e-7,7.75381010953e-7],"dvar":[6.77723448916e-7,0.00000209996960621,6.91926970831e-7,7.44756732729e-7,9.00101824186e-8,4.3109366743e-8,1.27691066609e-7,1.32149310161e-7,3.35969403409e-8,3.62680623311e-8,1.60203974531e-8,7.50186046616e-9,6.72984912242e-9,3.55750851e-9,4.84940443357e-9,3.10054293351e-9,4.252949104e-9,3.17249315707e-9,3.44268702435e-9,4.64642724296e-9,5.91509818904e-9,4.08992084644e-9,1.86298731997e-9,8.32105329085e-10,3.75769443339e-10,1.97399804835e-10,1.12627712712e-10,8.69690222616e-11,6.77474951138e-11,6.44673550654e-11,4.49579748429e-11,4.51300594118e-11,7.82971118496e-11,4.31703318926e-11,2.44268529015e-11,1.02840635313e-11,7.43247217244e-12,4.09905399554e-12,1.19022608609e-12,1.15634249138e-12],"dvar2":[0.00000183010331511,0.00000571471900912,0.0000018544235445,0.00000199421424441,2.27798906849e-7,1.09084403732e-7,3.1475127571e-7,3.18649426845e-7,8.30399500273e-8,8.89271731808e-8,3.99273289986e-8,1.85664887908e-8,1.84838473416e-8,8.72629613013e-9,1.10906643869e-8,7.75657937879e-9,1.07819300155e-8,7.9657427321e-9,8.79429062906e-9,1.1977789427e-8,1.51049803776e-8,1.04110560173e-8,4.60714089101e-9,2.03478012217e-9,8.90741758131e-10,4.97363095153e-10,2.90359070121e-10,2.06508921075e-10,1.6015150317e-10,1.57404242418e-10,1.03135847085e-10,1.01078943826e-10,1.79515693977e-10,9.61214649542e-11,5.3983838233e-11,2.17123749535e-11,1.64654227752e-11,9.03788849316e-12,2.64210940452e-12,2.73910581716e-12],"max":[0.00919625256211,0.0140048116446,0.0130000840873,0.0115790776908,0.00654435623437,0.00560578983277,0.00691657839343,0.00542642083019,0.00497102271765,0.00473600113764,0.00333436578512,0.00319685554132,0.00385267031379,0.00162172294222,0.00164921220858,0.000920901540667,0.001472461503,0.00112258456647,0.0011997949332,0.00128804612905,0.00147151062265,0.00179012771696,0.000873870158102,0.000645878200885,0.000564741552807,0.000384212500649,0.000269668991677,0.000324772438034,0.00016182276886,0.000155700618052,0.000111211855256,0.000204970696359,0.000130139174871,0.000108765438199,0.000180065093446,0.000100083780126,0.0000430581931141,0.0000599293707637,0.0000270101008937,0.0000243129707087],"mean":[0.000341663195286,0.000778629910201,0.000847265764605,0.00100078119431,0.000345124717569,0.000184524586075,0.000260804838035,0.000281538319541,0.000140602336614,0.000134349160362,0.0000854125100886,0.0000620235368842,0.0000467689133075,0.0000408068044635,0.000062160725065,0.0000554296602786,0.0000646659900667,0.0000646616172162,0.0000726646612748,0.0000970436449279,0.000111245382868,0.0000959885001066,0.0000721217365935,0.0000454195323982,0.0000342389685102,0.0000252061727224,0.0000177280126081,0.0000139527173815,0.0000126776394609,0.0000114688464237,0.00000987811563391,0.0000076171550063,0.00000707129174771,0.00000548835623704,0.00000358711417903,0.00000286570411845,0.00000288231808554,0.00000213014982364,0.00000116080866519,8.73183751082e-7],"median":[0.000143032186315,0.00045595865231,0.000616146018729,0.000655128038488,0.000230429955991,0.000112747351523,0.000123209261801,0.000128793413751,0.0000588965267525,0.0000522760092281,0.0000426947517553,0.0000275331985904,0.000020703759219,0.000016178115402,0.0000298932991427,0.0000296926573355,0.0000362644459528,0.0000434747344116,0.0000457193928014,0.0000647326523904,0.0000725891295588,0.0000660617297399,0.0000521818510606,0.0000336266020895,0.0000265255803242,0.0000196671408048,0.0000138717496156,0.00000962049853115,0.00000866493155627,0.00000768114750826,0.00000650782112643,0.00000455197778138,0.0000031869826671,0.00000241596080741,0.00000166671225088,0.00000141430973599,0.00000158366469805,0.00000117931608656,6.2357241859e-7,4.2705511305e-7],"min":[1.24840423277e-24,1.65362590813e-24,1.92807465997e-24,1.75761542621e-24,5.92874477687e-25,2.48081726892e-24,2.10761013289e-24,3.32231018487e-24,1.56831641908e-24,1.79568960058e-24,3.46666423635e-24,2.26501628247e-24,2.58383836162e-24,2.88234214486e-24,2.77758910804e-24,2.55446532303e-24,5.22724873779e-24,2.87200096726e-24,3.58682274057e-24,4.29703973557e-24,5.30880275589e-24,4.61325305171e-24,5.46608544874e-24,3.26116360396e-24,5.17412881658e-24,5.02951601873e-24,5.28416347438e-24,6.04554046566e-24,4.36588757107e-24,4.40439384401e-24,5.79801800171e-24,5.3649120655e-24,5.29399307569e-24,6.22113143683e-24,5.46373503768e-24,6.34194706219e-24,6.21459927411e-24,5.81787994158e-24,5.66015588105e-24,6.02304649138e-24],"var":[4.95386927923e-7,0.00000155710142735,7.52138930693e-7,0.00000119219612316,1.51105339796e-7,5.81599479688e-8,2.18356802861e-7,2.39680360892e-7,8.33827229485e-8,8.08523452633e-8,2.60940016261e-8,1.96762872662e-8,8.780809857e-9,8.78533246151e-9,1.23749615e-8,6.96732271876e-9,8.70990213286e-9,5.70984770576e-9,7.73042074798e-9,1.11952580539e-8,1.65509064232e-8,1.14671054874e-8,5.24768051235e-9,2.0669432832e-9,1.04667707834e-9,5.8708971018e-10,2.51014958819e-10,2.83666756751e-10,1.57395166345e-10,1.35067484974e-10,1.07001206506e-10,1.03890000769e-10,1.42322126306e-10,9.1708481087e-11,5.49249291881e-11,2.65094057816e-11,1.67323446765e-11,8.61165045524e-12,2.65740034144e-12,1.79509976762e-12]},"melbands_crest":{"dmean":3.16823792458,"dmean2":5.32294464111,"dvar":8.11815357208,"dvar2":21.2506732941,"max":32.9516677856,"mean":11.2365131378,"median":10.5469284058,"min":1.60724556446,"var":18.7755012512},"melbands_flatness_db":{"dmean":0.0200434606522,"dmean2":0.0318032428622,"dvar":0.000394095812226,"dvar2":0.000949717592448,"max":0.41918182373,"mean":0.127759709954,"median":0.118333697319,"min":0.00329745328054,"var":0.00275525893085},"melbands_kurtosis":{"dmean":2.7956392765,"dmean2":4.52623653412,"dvar":52.0065727234,"dvar2":144.352645874,"max":409.151184082,"mean":3.70677661896,"median":1.75526332855,"min":-1.82339453697,"var":93.3212814331},"melbands_skewness":{"dmean":0.540466785431,"dmean2":0.857521533966,"dvar":0.330695301294,"dvar2":0.814482152462,"max":16.7979125977,"mean":1.69025158882,"median":1.55900812149,"min":-1.25282156467,"var":1.12238395214},"melbands_spread":{"dmean":10.4578819275,"dmean2":16.5633029938,"dvar":103.936065674,"dvar2":245.979782104,"max":167.318756104,"mean":47.8708534241,"median":46.5463256836,"min":1.12384414673,"var":459.489196777},"mfcc":{"cov":[[7529.79833984,-60.9039573669,-316.174560547,146.08442688,-32.7661018372,13.9996318817,-190.26335144,-29.8437461853,-47.8970489502,-57.4313659668,-89.6700134277,-84.0297012329,-140.396530151],[-60.9039573669,797.670959473,-167.661224365,95.9690170288,51.6701889038,-24.9725704193,46.4735794067,28.1530361176,18.8633308411,18.319694519,41.2180595398,46.5286331177,17.9215164185],[-316.174560547,-167.661224365,347.573242188,-25.3985214233,-28.0545978546,28.6863670349,-5.42998838425,-6.80512714386,-16.5656356812,-10.3909358978,-9.4929599762,-2.9002020359,21.697385788],[146.08442688,95.9690170288,-25.3985214233,222.819290161,96.9378051758,16.0128955841,-41.7281112671,-3.79679346085,25.2799606323,-1.12801420689,-26.5937423706,22.5225162506,16.2776279449],[-32.7661018372,51.6701889038,-28.0545978546,96.9378051758,163.99105835,14.9850625992,-22.6893901825,-11.6284332275,30.3823814392,9.088306427,-11.512257576,7.20970726013,13.9265766144],[13.9996318817,-24.9725704193,28.6863670349,16.0128955841,14.9850625992,85.0385055542,30.1259822845,14.975933075,-4.34516429901,-3.31088876724,-3.33633470535,-3.79505944252,-2.19260239601],[-190.26335144,46.4735794067,-5.42998838425,-41.7281112671,-22.6893901825,30.1259822845,115.949371338,44.0107040405,2.51956653595,1.37539291382,20.529291153,1.50476431847,-6.37754631042],[-29.8437461853,28.1530361176,-6.80512714386,-3.79679346085,-11.6284332275,14.975933075,44.0107040405,74.9915390015,15.9463891983,4.04022979736,6.76458263397,1.81178367138,-3.00962495804],[-47.8970489502,18.8633308411,-16.5656356812,25.2799606323,30.3823814392,-4.34516429901,2.51956653595,15.9463891983,68.4441680908,23.3084354401,-0.152827188373,7.92656946182,4.70430278778],[-57.4313659668,18.319694519,-10.3909358978,-1.12801420689,9.088306427,-3.31088876724,1.37539291382,4.04022979736,23.3084354401,69.4952011108,34.3571281433,1.00398647785,-2.79647803307],[-89.6700134277,41.2180595398,-9.4929599762,-26.5937423706,-11.512257576,-3.33633470535,20.529291153,6.76458263397,-0.152827188373,34.3571281433,75.8518753052,19.1114597321,-2.14061570168],[-84.0297012329,46.5286331177,-2.9002020359,22.5225162506,7.20970726013,-3.79505944252,1.50476431847,1.81178367138,7.92656946182,1.00398647785,19.1114597321,62.0351715088,24.1507797241],[-140.396530151,17.9215164185,21.697385788,16.2776279449,13.9265766144,-2.19260239601,-6.37754631042,-3.00962495804,4.70430278778,-2.79647803307,-2.14061570168,24.1507797241,56.412322998]],"icov":[[0.000158985669259,0.0000108605845526,0.000156154914293,-0.000107740306703,0.000128012572532,-0.000159868679475,0.000331251212629,-0.0000857980849105,0.0000638383426121,0.0000938008888625,0.0000427491722803,0.0000728772793082,0.000328057911247],[0.0000108605845526,0.00166562187951,0.000668398395646,-0.000862290035002,-0.000179000882781,0.000802842143457,-0.000986963394098,-0.000225864467211,0.000337228673743,-0.0000270970340353,-0.000700336764567,-0.000452882261015,-0.000420777330874],[0.000156154914293,0.000668398395646,0.00363682000898,-0.0000482394934807,0.000702873861883,-0.00136408628896,0.000514907878824,0.0000534117898496,0.000429318693932,0.000114202965051,0.00000627902363703,0.000247782329097,-0.00151004723739],[-0.000107740306703,-0.000862290035002,-0.0000482394934807,0.00771603593603,-0.00337990862317,-0.0019408701919,0.0027928755153,-0.00110619340558,-0.00068784900941,-0.000448610750027,0.0027168514207,-0.00287756766193,0.000183738418855],[0.000128012572532,-0.000179000882781,0.000702873861883,-0.00337990862317,0.009401159361,-0.00210937997326,0.000696929229889,0.00211376207881,-0.00327328662388,-0.000141098484164,-0.00020436559862,0.00130870344583,-0.00143297645263],[-0.000159868679475,0.000802842143457,-0.00136408628896,-0.0019408701919,-0.00210937997326,0.0155527042225,-0.00539968768135,-0.00142563832924,0.00260306615382,-0.000535850529559,0.000606910616625,0.000512966595124,0.000430281274021],[0.000331251212629,-0.000986963394098,0.000514907878824,0.0027928755153,0.000696929229889,-0.00539968768135,0.0151785779744,-0.00668842019513,-0.000814228318632,0.00196982524358,-0.00253499648534,0.0000100604947875,0.0011762966169],[-0.0000857980849105,-0.000225864467211,0.0000534117898496,-0.00110619340558,0.00211376207881,-0.00142563832924,-0.00668842019513,0.0189289934933,-0.00499459775165,0.000497404718772,-0.000321987929055,0.000433252338553,0.0000768266472733],[0.0000638383426121,0.000337228673743,0.000429318693932,-0.00068784900941,-0.00327328662388,0.00260306615382,-0.000814228318632,-0.00499459775165,0.0209701731801,-0.00840282998979,0.00463338661939,-0.00316236843355,2.2336067218e-7],[0.0000938008888625,-0.0000270970340353,0.000114202965051,-0.000448610750027,-0.000141098484164,-0.000535850529559,0.00196982524358,0.000497404718772,-0.00840282998979,0.0232932306826,-0.0124158393592,0.0047876178287,-0.0000745344295865],[0.0000427491722803,-0.000700336764567,0.00000627902363703,0.0027168514207,-0.00020436559862,0.000606910616625,-0.00253499648534,-0.000321987929055,0.00463338661939,-0.0124158393592,0.0232707615942,-0.00902107637376,0.00305599579588],[0.0000728772793082,-0.000452882261015,0.000247782329097,-0.00287756766193,0.00130870344583,0.000512966595124,0.0000100604947875,0.000433252338553,-0.00316236843355,0.0047876178287,-0.00902107637376,0.024264914915,-0.00944799277931],[0.000328057911247,-0.000420777330874,-0.00151004723739,0.000183738418855,-0.00143297645263,0.000430281274021,0.0011762966169,0.0000768266472733,2.2336067218e-7,-0.0000745344295865,0.00305599579588,-0.00944799277931,0.0238691475242]],"mean":[-601.730407715,90.2156219482,-17.242603302,34.2156410217,11.8444099426,1.62936222553,-11.6098108292,0.202932208776,-0.277782589197,-1.52489387989,-3.597468853,-0.0819993764162,-7.10345602036]},"pitch_salience":{"dmean":0.0588079579175,"dmean2":0.0969675555825,"dvar":0.0027938503772,"dvar2":0.00728940637782,"max":0.846647560596,"mean":0.614695549011,"median":0.621790528297,"min":0.179561302066,"var":0.00709676230326},"silence_rate_20dB":{"dmean":0,"dmean2":0,"dvar":0,"dvar2":0,"max":1,"mean":1,"median":1,"min":1,"var":0},"silence_rate_30dB":{"dmean":0,"dmean2":0,"dvar":0,"dvar2":0,"max":1,"mean":1,"median":1,"min":1,"var":0},"silence_rate_60dB":{"dmean":0.000453566171927,"dmean2":0.000907235196792,"dvar":0.000453392945928,"dvar2":0.000906542176381,"max":1,"mean":0.0274376422167,"median":0,"min":0,"var":0.0266853682697},"spectral_centroid":{"dmean":229.654159546,"dmean2":363.667755127,"dvar":66737.6953125,"dvar2":147305.015625,"max":11583.6806641,"mean":2106.90917969,"median":2102.83422852,"min":96.7942886353,"var":782802.25},"spectral_complexity":{"dmean":4.14514112473,"dmean2":6.27194356918,"dvar":15.02597332,"dvar2":29.5717144012,"max":61,"mean":31.5285720825,"median":32,"min":0,"var":101.076065063},"spectral_contrast_coeffs":{"dmean":[0.0526764169335,0.0458447784185,0.035279750824,0.0295380782336,0.0204621367157,0.0167963691056],"dmean2":[0.0873672142625,0.0759095624089,0.0580753535032,0.0482113137841,0.0334818959236,0.0271781012416],"dvar":[0.00186047656462,0.00134190241806,0.000802652619313,0.000551337783691,0.000289549090667,0.000213105173316],"dvar2":[0.00508193718269,0.00361545872875,0.00206860247999,0.0014929351164,0.00071371049853,0.000528409087565],"max":[-0.313798248768,-0.474141389132,-0.534120321274,-0.568766713142,-0.597967624664,-0.600510954857],"mean":[-0.604707837105,-0.74232429266,-0.770701110363,-0.762257039547,-0.772042632103,-0.733624756336],"median":[-0.601142168045,-0.745722413063,-0.77679669857,-0.763776361942,-0.774252772331,-0.731737196445],"min":[-0.979479908943,-0.980490028858,-0.978189229965,-0.981146395206,-0.980348706245,-0.977019369602],"var":[0.00652384432033,0.00415275571868,0.00339554436505,0.00235765916295,0.00178171379957,0.00156596349552]},"spectral_contrast_valleys":{"dmean":[0.409969955683,0.342979967594,0.287673175335,0.230312108994,0.17938670516,0.256838083267],"dmean2":[0.658161461353,0.566137552261,0.464696228504,0.371403634548,0.274775803089,0.343907654285],"dvar":[0.155860558152,0.104666545987,0.0756672173738,0.0554696880281,0.0482066012919,0.100480526686],"dvar2":[0.3590503335,0.242640450597,0.157221674919,0.109057888389,0.0815409123898,0.175138220191],"max":[-5.2907242775,-5.0078868866,-4.9636554718,-5.64264678955,-5.55546617508,-7.68572807312],"mean":[-7.52908182144,-6.82832050323,-7.56241321564,-7.30394363403,-6.88578271866,-9.76030254364],"median":[-7.31418418884,-6.60089206696,-7.31221818924,-7.01490736008,-6.57271671295,-9.47515487671],"min":[-28.1580295563,-28.0325908661,-27.6288642883,-27.7497272491,-27.5348186493,-27.4565391541],"var":[3.33798098564,3.64945292473,3.6112985611,3.72811222076,3.94676733017,3.38671469688]},"spectral_decrease":{"dmean":1.7016137388e-9,"dmean2":2.7457851548e-9,"dvar":4.6077467365e-18,"dvar2":1.15768186707e-17,"max":1.58011826915e-28,"mean":-5.42539213555e-9,"median":-5.05651165383e-9,"min":-2.66712252284e-8,"var":7.0699466099e-18},"spectral_energy":{"dmean":0.00690124277025,"dmean2":0.0110363140702,"dvar":0.0000726250873413,"dvar2":0.000179668699275,"max":0.10644941777,"mean":0.0234722923487,"median":0.0222045909613,"min":1.03006871055e-20,"var":0.000121489742014},"spectral_energyband_high":{"dmean":0.000621270795818,"dmean2":0.000854231766425,"dvar":9.33331364195e-7,"dvar2":0.00000173725732111,"max":0.0157915316522,"mean":0.0016903077485,"median":0.00111220264807,"min":7.23206271377e-21,"var":0.00000302353737425},"spectral_energyband_low":{"dmean":0.00303441844881,"dmean2":0.00520255835727,"dvar":0.000037978450564,"dvar2":0.000101745288703,"max":0.0603607296944,"mean":0.00402513705194,"median":0.00249297590926,"min":1.36163671574e-23,"var":0.0000303241577058},"spectral_energyband_middle_high":{"dmean":0.00198044884019,"dmean2":0.00307289743796,"dvar":0.00000479780692331,"dvar2":0.0000111953258966,"max":0.0412812717259,"mean":0.00857078004628,"median":0.00783391483128,"min":1.22242461426e-21,"var":0.0000236192099692},"spectral_energyband_middle_low":{"dmean":0.00415917905048,"dmean2":0.0067649865523,"dvar":0.0000265740964096,"dvar2":0.0000666045598336,"max":0.0873723402619,"mean":0.0101837879047,"median":0.00865222513676,"min":1.81500561715e-22,"var":0.0000486056414957},"spectral_entropy":{"dmean":0.0996400490403,"dmean2":0.143573835492,"dvar":0.0117244292051,"dvar2":0.0231329593807,"max":9.82063293457,"mean":7.85290288925,"median":7.87094402313,"min":6.05277633667,"var":0.121379107237},"spectral_flux":{"dmean":0.0195947419852,"dmean2":0.0299382451922,"dvar":0.000445970217697,"dvar2":0.000863510358613,"max":0.275772422552,"mean":0.0862933918834,"median":0.0820687711239,"min":6.33264898853e-11,"var":0.00120120018255},"spectral_kurtosis":{"dmean":1.08830869198,"dmean2":1.83146440983,"dvar":2.29267883301,"dvar2":6.79951858521,"max":47.9830932617,"mean":4.23432826996,"median":3.72252035141,"min":-1.26765346527,"var":9.8504743576},"spectral_rms":{"dmean":0.000657073571347,"dmean2":0.00103019166272,"dvar":5.16191335009e-7,"dvar2":0.00000122394692426,"max":0.01019083336,"mean":0.00462294230238,"median":0.00465435441583,"min":3.17008680591e-12,"var":0.00000152820825861},"spectral_rolloff":{"dmean":489.847900391,"dmean2":782.943115234,"dvar":450528.75,"dvar2":950292.5625,"max":19789.0136719,"mean":2852.55883789,"median":2648.58398438,"min":64.599609375,"var":3053804},"spectral_skewness":{"dmean":0.152524039149,"dmean2":0.245645225048,"dvar":0.0235547535121,"dvar2":0.0629795491695,"max":5.27846670151,"mean":1.33577167988,"median":1.30860042572,"min":-0.0714597254992,"var":0.166119724512},"spectral_spread":{"dmean":450996.28125,"dmean2":651713.875,"dvar":350296014848,"dvar2":628237991936,"max":42553676,"mean":4479856.5,"median":4152005,"min":1350355.125,"var":9956801642500},"spectral_strongpeak":{"dmean":0.78358143568,"dmean2":1.35351991653,"dvar":1.53322386742,"dvar2":3.94856452942,"max":12.0288391113,"mean":1.16017389297,"median":0.542308688164,"min":0,"var":2.25684070587},"zerocrossingrate":{"dmean":0.0104661276564,"dmean2":0.0121287330985,"dvar":0.00011671250104,"dvar2":0.000149531144416,"max":0.53564453125,"mean":0.0965353101492,"median":0.09130859375,"min":0.00830078125,"var":0.00204258458689}},"metadata":{"audio_properties":{"analysis_sample_rate":44100,"bit_rate":0,"codec":"flac","downmix":"mix","equal_loudness":0,"length":204.773330688,"lossless":true,"md5_encoded":"9d28d8360a8f5bceb0e52852cae42c1d","replay_gain":-9.70058822632},"tags":{"album":["Lifes Rich Pageant"],"albumartist":["R.E.M."],"albumartistsort":["R.E.M."],"albumsort":["Lifes Rich Pageant (1993, R.E.M., 1f233a68-c3c2-348b-a135-10edc450edf7)"],"artist":["R.E.M."],"artists":["R.E.M."],"artistsort":["R.E.M."],"asin":["B000005RQF"],"barcode":["077771320125"],"catalognumber":["0777 7 13201 2 5"],"date":["1993"],"discnumber":["1"],"disctotal":["1"],"file_name":"02 - R.E.M. - These Days.flac","genre":["Alternative Rock"],"label":["EMI"],"media":["CD"],"mixer":["Don Gehman"],"musicbrainz_albumartistid":["ea4dfa26-f633-4da6-a52a-f49ea4897b58"],"musicbrainz_albumid":["1f233a68-c3c2-348b-a135-10edc450edf7"],"musicbrainz_artistid":["ea4dfa26-f633-4da6-a52a-f49ea4897b58"],"musicbrainz_recordingid":["b02f5e17-f53b-494b-b383-510ab0b4f837"],"musicbrainz_releasegroupid":["8b6b2628-7bd4-3fed-9d65-cf4e5dc45939"],"musicbrainz_releasetrackid":["86bdd111-9b84-37cd-8d44-39bedb84f6f6"],"musicip_puid":["0ea77002-c354-35b6-db45-57aa3d973fb3"],"originaldate":["1986-07-28"],"producer":["Don Gehman"],"releasecountry":["XE"],"releasestatus":["official"],"releasetype":["album"],"replaygain_album_gain":["-3.430000"],"replaygain_album_peak":["0.977234"],"replaygain_track_gain":["-4.470000"],"replaygain_track_peak":["0.977234"],"script":["Latn"],"title":["These Days"],"totaldiscs":["1"],"totaltracks":["18"],"tracknumber":["2"],"tracktotal":["18"]},"version":{"essentia":"2.1-beta1","essentia_build_sha":"5a55991247aa8bc5301991e5ebe36927b56abb96","essentia_git_sha":"v2.1_beta1-6-g5578087","extractor":"music 1.0"}},"rhythm":{"beats_count":557,"beats_loudness":{"dmean":0.00948862824589,"dmean2":0.0173154994845,"dvar":0.0000665868283249,"dvar2":0.000203684045118,"max":0.0620351731777,"mean