{"lowlevel":{"average_loudness":0.90433216095,"barkbands":{"dmean":[0.00235145748593,0.00567178148776,0.0015013043303,0.000645499152597,0.000868624716531,0.00030049556517,0.000244448892772,0.000244249386014,0.00030138134025,0.000358638033504,0.000161657269928,0.000251076649874,0.000728782033548,0.000835340877529,0.000668250606395,0.000515749852639,0.000580088410061,0.000307427573716,0.000227217678912,0.000167815829627,0.000077643970144,0.0000431904081779,0.0000402020705224,0.0000315580291499,0.00000156237126703,0.00000664450408294,0.00015800804249],"dmean2":[0.00378680089489,0.00949878059328,0.00255698082037,0.00110674742609,0.00145173538476,0.000487276905915,0.000404969759984,0.000404157821322,0.000493991130497,0.000578424951527,0.000265479902737,0.000413455913076,0.00119452353101,0.00137486238964,0.00111624295823,0.000854816462379,0.000963292084634,0.00050952314632,0.000362919498002,0.000262781890342,0.000118804266094,0.0000644638566882,0.0000598570368311,0.0000476045934192,0.00000262650473815,0.00000950416506384,0.000256929750321],"dvar":[0.0000168797268998,0.0000521346883033,0.00000363157778338,0.00000119493745387,0.00000161054731507,4.23526870463e-7,3.60223026519e-7,8.33292176594e-7,6.69229279993e-7,9.74436375145e-7,1.40044804198e-7,1.63577752232e-7,0.00000196483210857,0.00000301227669297,0.00000170385499132,0.00000122631308841,0.00000138363816404,3.01757125953e-7,1.52324417968e-7,2.66449916353e-7,5.00092873779e-8,8.05449484886e-9,4.54249482473e-9,3.19686699335e-9,6.79970879949e-12,1.34292660325e-10,7.1226040177e-8],"dvar2":[0.0000399716118409,0.000139088078868,0.0000100041270343,0.0000029997186175,0.00000423438450525,0.00000100027227745,9.24834637317e-7,0.00000231756553148,0.00000177516085387,0.00000236890446104,3.43264616731e-7,4.08759490256e-7,0.00000494678670293,0.00000762040917834,0.00000440416806669,0.00000319576724905,0.00000363744175047,7.87470241903e-7,3.48025025687e-7,5.60280000172e-7,1.01614517689e-7,1.60131943261e-8,9.80000525175e-9,7.11282011068e-9,1.71909916857e-11,2.65044625136e-10,1.80084768431e-7],"max":[0.0521059036255,0.109747722745,0.0304672159255,0.08742646873,0.0237323846668,0.0189144574106,0.015149589628,0.0310359057039,0.0234928615391,0.0417964570224,0.0103504043072,0.0102445911616,0.0451974458992,0.0490692742169,0.0299946889281,0.0423414446414,0.0277184080333,0.0131263015792,0.0123882330954,0.0184508543462,0.00894108135253,0.00232321000658,0.00111877650488,0.000973426445853,0.0000394968337787,0.000340918108122,0.0145139284432],"mean":[0.00275306939147,0.00848224852234,0.00196937145665,0.000801109999884,0.00125321024098,0.000437129870988,0.000341731501976,0.000339304126101,0.000444152654381,0.000517927575856,0.000231162193813,0.000411693763454,0.0012283725664,0.00153327407315,0.00132298714016,0.00104366813321,0.00125758862123,0.000669254804961,0.000543477013707,0.000357891723979,0.00018209409609,0.000112429304863,0.000103611440863,0.0000719140007277,0.00000160348736244,0.0000168884707819,0.000680473924149],"median":[0.00112610473298,0.00589649844915,0.00127336056903,0.000475717504742,0.000745403754991,0.000201836941415,0.000142474862514,0.0000827185067465,0.000137576600537,0.000176588000613,0.000100273966382,0.000257514358964,0.000674095470458,0.000719093717635,0.000669084431138,0.00052081712056,0.000580423162319,0.000405067024985,0.000404224585509,0.000233869577642,0.000120263182907,0.0000738401940907,0.0000472153951705,0.0000279413725366,6.83332416429e-7,0.00000855757389218,0.000456882989965],"min":[1.58634664859e-25,1.07441001468e-24,1.51153105568e-24,7.12141914213e-25,8.36651203265e-24,5.09468539583e-24,6.3711053334e-24,2.21919332464e-24,1.29648729682e-23,1.06465290969e-23,9.79764060993e-24,1.97242473561e-23,3.00720750601e-23,2.14607905326e-23,4.73508804312e-23,5.59145998016e-23,5.44740388145e-23,7.77672522557e-23,1.00798286197e-22,1.52023720073e-22,2.09818610863e-22,2.4211476565e-22,3.56979325311e-22,6.34836482431e-22,8.85924673406e-22,1.33105820776e-21,1.94078018624e-21],"var":[0.0000199991936825,0.0000741137046134,0.00000483765825265,0.00000229347097047,0.00000247608409154,7.78510184318e-7,5.51523271497e-7,0.00000135878167384,0.00000137584356708,0.00000182670567028,2.19520231326e-7,2.83135932477e-7,0.00000315197803502,0.00000717374541637,0.00000387854561268,0.00000256417888522,0.00000353251311935,6.68382540425e-7,3.28844805608e-7,4.19658306328e-7,8.60903952571e-8,1.92336937488e-8,1.88667161893e-8,9.7438404012e-9,7.08848995126e-12,5.27316135202e-10,4.78972594919e-7]},"barkbands_crest":{"dmean":2.91960144043,"dmean2":4.84161663055,"dvar":6.30853652954,"dvar2":16.5645370483,"max":24.5960788727,"mean":9.28924560547,"median":8.49821186066,"min":2.04926466942,"var":17.3273620605},"barkbands_flatness_db":{"dmean":0.020669626072,"dmean2":0.03275616467,"dvar":0.000341750506777,"dvar2":0.000848580268212,"max":0.335184007883,"mean":0.104045912623,"median":0.101072870195,"min":0.0260341148823,"var":0.00126922817435},"barkbands_kurtosis":{"dmean":2.14892959595,"dmean2":3.44190764427,"dvar":18.4059410095,"dvar2":42.2566795349,"max":176.812698364,"mean":2.02150988579,"median":0.261919498444,"min":-1.86134004593,"var":36.7324333191},"barkbands_skewness":{"dmean":0.551227152348,"dmean2":0.866990447044,"dvar":0.307014912367,"dvar2":0.720594227314,"max":11.8784675598,"mean":1.08018100262,"median":0.908756673336,"min":-2.17355084419,"var":1.47026479244},"barkbands_spread":{"dmean":8.1413860321,"dmean2":13.0805616379,"dvar":53.3206558228,"dvar2":127.63508606,"max":112.382453918,"mean":40.6538162231,"median":41.2814331055,"min":1.84646570683,"var":191.249191284},"dissonance":{"dmean":0.00730422418565,"dmean2":0.0125346872956,"dvar":0.0000785031807027,"dvar2":0.000217656168388,"max":0.500000059605,"mean":0.489458918571,"median":0.492934495211,"min":0.366963475943,"var":0.00011660574819},"dynamic_complexity":2.4605345726,"erbbands":{"dmean":[0.249559864402,1.06878483295,1.80414676666,1.73697984219,2.92856478691,2.90492534637,1.89676523209,2.82416772842,3.44590878487,3.46126174927,6.02913808823,6.64459037781,10.2418012619,8.42940616608,6.81184911728,11.3655042648,32.1293907166,39.1456489563,36.7974052429,28.2923812866,22.4089031219,32.1323127747,19.2566623688,9.19110488892,11.9258184433,7.82596349716,4.56017351151,2.33296132088,1.70993971825,1.15441465378,1.27863526344,0.892360210419,0.36770761013,0.0377821475267,0.0104390783235,0.0155534623191,0.0157176088542,0.00608996674418,0.00498276064172,0.00332596572116],"dmean2":[0.420560866594,1.78679442406,3.05180239677,2.95060610771,4.98774719238,4.83737373352,3.14853000641,4.57025575638,5.67775774002,5.67657470703,9.9501247406,10.8571882248,16.7334804535,13.6400623322,11.1247396469,18.6688213348,52.58335495,64.1282730103,61.3954658508,47.6644515991,36.9388999939,53.205783844,31.9296112061,14.7018136978,19.0543308258,12.1419649124,7.05169534683,3.54319000244,2.59917283058,1.71523821354,1.91878581047,1.3555713892,0.557281315327,0.0594715736806,0.0174350980669,0.0237736906856,0.0225390791893,0.00845776684582,0.00744423177093,0.00543364323676],"dvar":[0.128738746047,1.81074714661,5.42216348648,6.35851860046,18.115442276,28.5057640076,14.8968429565,44.8152236938,71.2165145874,111.974632263,471.169647217,367.329284668,838.312072754,659.940734863,209.913818359,326.839202881,4107.60498047,6942.51757812,5499.47070312,2985.69750977,1840.86608887,4361.39453125,1223.5604248,232.420455933,524.609924316,642.212463379,207.83253479,30.8315792084,13.6176128387,3.62530779839,4.9516658783,2.61311864853,0.437659084797,0.00336238625459,0.000298242783174,0.00069108029129,0.00083304673899,0.0000854225509102,0.0000548762873223,0.0000273982896033],"dvar2":[0.347626537085,4.74805402756,14.7447834015,16.6964912415,48.2821121216,74.0093994141,37.8198814392,103.188209534,188.268218994,279.865570068,1274.36767578,987.655517578,2088.60986328,1571.94482422,520.244873047,816.993041992,10470.9199219,16906.828125,13725.1455078,8100.34179688,4698.95654297,11464.3300781,3334.55126953,506.819396973,1199.19909668,1361.3560791,436.919891357,61.1763839722,28.4184417725,7.34338378906,11.0010004044,5.91787242889,0.958179354668,0.00760109908879,0.00076153856935,0.00155136780813,0.00169864797499,0.000161472606123,0.000123508260003,0.0000725343852537],"max":[4.78183174133,24.2410182953,35.3843078613,166.837692261,134.405426025,119.298789978,120.69078064,213.251312256,233.428619385,380.330596924,717.500671387,713.311645508,745.942138672,1554.39025879,443.651031494,459.741424561,2036.88891602,2884.15063477,2229.26025391,1773.55004883,1291.00109863,1700.52026367,785.701904297,519.14276123,686.667480469,869.749694824,511.212463379,240.071914673,95.5561676025,47.0308647156,35.6429100037,25.0408172607,12.0446014404,0.963999390602,0.273347705603,0.651017725468,0.859350860119,0.265845507383,0.226776838303,0.20156416297],"mean":[0.326968699694,1.57999014854,2.5666308403,2.53761076927,3.91733717918,4.00507545471,2.72758507729,4.05678653717,4.92129230499,5.11846208572,8.70417881012,10.0326604843,15.248290062,12.88027668,11.2057113647,20.6602554321,55.4042472839,76.3712768555,76.581703186,63.1358680725,52.8182373047,72.7569732666,46.904006958,24.0612277985,27.1641864777,17.1514320374,10.1269779205,5.69953155518,4.22318029404,3.16166186333,3.11237406731,2.06424379349,0.805634737015,0.0705776363611,0.0124345589429,0.0317981913686,0.0388191044331,0.0198838803917,0.0221257414669,0.0168229229748],"median":[0.197263255715,1.04431474209,1.76579797268,1.75303304195,2.36792993546,2.13809251785,1.51642477512,1.75380337238,2.16063308716,1.94435846806,2.23195791245,3.22507309914,4.98287725449,5.07237148285,6.21838998795,13.4590606689,30.8214187622,37.1336860657,38.4141044617,33.10131073,26.9493675232,34.2837142944,25.8392963409,18.6304798126,18.9051589966,11.3683691025,6.50664186478,3.83590888977,2.75742793083,1.88843858242,1.27942419052,0.79745465517,0.315696179867,0.0389363355935,0.00682546803728,0.0170752685517,0.0188378356397,0.0132605992258,0.0166981257498,0.0114739229903],"min":[3.40853607392e-23,1.80656581521e-22,3.16545440461e-21,5.39303058963e-21,1.2659084045e-20,3.18233377626e-20,3.7972814925e-20,6.90935629236e-20,5.1627505349e-20,1.85982797788e-19,1.69689795413e-19,3.61370756098e-19,3.34134464411e-19,4.87461464085e-19,6.33474041645e-19,1.02173711154e-18,1.69957801932e-18,1.28239288949e-18,2.20159930975e-18,3.27946383118e-18,3.78582823341e-18,3.95486755467e-18,4.62041914348e-18,5.8294474199e-18,5.30539458744e-18,8.1216240407e-18,8.57280722427e-18,8.53212813611e-18,9.59950131903e-18,9.99049884124e-18,1.09192448253e-17,1.07574375441e-17,8.68191896451e-18,8.01243537266e-18,6.33399367915e-18,3.48148491141e-18,2.42469798596e-18,9.54188198551e-19,2.34805117191e-19,2.80091982646e-20],"var":[0.153556615114,2.75845766068,7.22163724899,11.338845253,26.6267242432,39.1316795349,23.9374065399,78.8881378174,103.311813354,202.487609863,805.974853516,739.136413574,1642.53283691,1133.8392334,336.208435059,610.78503418,6507.32666016,16675.7382812,12772.0996094,7578.69873047,5321.28808594,11408.1455078,3473.11206055,556.640319824,1017.83178711,992.344116211,325.763427734,61.9760093689,28.8496570587,13.7329015732,18.5301246643,8.26249313354,1.22339749336,0.00754983350635,0.000320883234963,0.00179175229277,0.00300459237769,0.000453698041383,0.000358569610398,0.000258828076767]},"erbbands_crest":{"dmean":2.00351786613,"dmean2":3.36674404144,"dvar":4.10626459122,"dvar2":10.6282339096,"max":30.349691391,"mean":7.31896352768,"median":6.62047243118,"min":2.51687836647,"var":9.5373544693},"erbbands_flatness_db":{"dmean":0.0151516702026,"dmean2":0.0237395334989,"dvar":0.000169367704075,"dvar2":0.000400508783059,"max":0.294396013021,"mean":0.144365742803,"median":0.140256807208,"min":0.0625517517328,"var":0.00148452911526},"erbbands_kurtosis":{"dmean":1.05027580261,"dmean2":1.69282197952,"dvar":1.66028153896,"dvar2":4.22358179092,"max":38.1151313782,"mean":2.04538702965,"median":1.36279296875,"min":-1.64399528503,"var":6.35576438904},"erbbands_skewness":{"dmean":0.321937888861,"dmean2":0.506955742836,"dvar":0.0853753611445,"dvar2":0.202910467982,"max":3.71335625648,"mean":-0.677670538425,"median":-0.699530601501,"min":-5.30941486359,"var":0.375026702881},"erbbands_spread":{"dmean":5.82097816467,"dmean2":9.21750450134,"dvar":38.2357559204,"dvar2":90.5288543701,"max":107.490661621,"mean":27.2436580658,"median":25.4206256866,"min":2.92612028122,"var":205.228027344},"gfcc":{"cov":[[24442.2226562,861.163269043,-1988.67797852,437.087432861,-254.027633667,19.3712291718,-149.218002319,-271.4609375,101.185134888,-251.721664429,45.2696456909,-138.747406006,-232.514587402],[861.163269043,807.223876953,-157.314437866,-157.274520874,135.237838745,-225.789657593,137.563232422,-39.4004745483,14.892127037,-1.13595068455,-27.5787010193,-23.8831062317,56.0766563416],[-1988.67797852,-157.314437866,501.005096436,112.286338806,-167.150680542,129.205505371,14.7764997482,97.8269577026,-41.1147460938,36.1087684631,-11.2380723953,27.5210266113,-13.4317998886],[437.087432861,-157.274520874,112.286338806,271.346191406,-18.7301979065,84.4359512329,25.1631641388,-28.6913757324,-18.0878620148,-10.0823202133,3.24949431419,8.50524997711,-30.63804245],[-254.027633667,135.237838745,-167.150680542,-18.7301979065,367.90625,-75.9293670654,-0.924332022667,-67.2773132324,11.0650815964,-0.444899201393,14.1954030991,-14.9999418259,49.8645744324],[19.3712291718,-225.789657593,129.205505371,84.4359512329,-75.9293670654,226.849243164,-23.7234077454,57.1103363037,-20.0115585327,-13.3896713257,15.6947250366,20.1496562958,-19.8140392303],[-149.218002319,137.563232422,14.7764997482,25.1631641388,-0.924332022667,-23.7234077454,173.47605896,14.4699230194,6.04167413712,-0.0387956053019,-22.0336360931,2.47659683228,8.04876041412],[-271.4609375,-39.4004745483,97.8269577026,-28.6913757324,-67.2773132324,57.1103363037,14.4699230194,124.677978516,26.8090991974,23.7655620575,-5.05589532852,-9.99471187592,-2.25814080238],[101.185134888,14.892127037,-41.1147460938,-18.0878620148,11.0650815964,-20.0115585327,6.04167413712,26.8090991974,83.5612640381,20.883890152,8.18556785583,-12.6138820648,-12.7877655029],[-251.721664429,-1.13595068455,36.1087684631,-10.0823202133,-0.444899201393,-13.3896713257,-0.0387956053019,23.7655620575,20.883890152,60.951385498,19.4269256592,4.61898183823,3.31116104126],[45.2696456909,-27.5787010193,-11.2380723953,3.24949431419,14.1954030991,15.6947250366,-22.0336360931,-5.05589532852,8.18556785583,19.4269256592,53.5130653381,23.9924468994,4.09060668945],[-138.747406006,-23.8831062317,27.5210266113,8.50524997711,-14.9999418259,20.1496562958,2.47659683228,-9.99471187592,-12.6138820648,4.61898183823,23.9924468994,50.7213668823,18.5689620972],[-232.514587402,56.0766563416,-13.4317998886,-30.63804245,49.8645744324,-19.8140392303,8.04876041412,-2.25814080238,-12.7877655029,3.31116104126,4.09060668945,18.5689620972,59.6571922302]],"icov":[[0.00017224549083,-0.000490475853439,0.00115897366777,-0.000935583317187,0.000537260493729,-0.000393049122067,0.000557471357752,-0.000529998796992,0.00026836185134,-0.000147433427628,0.000104120656033,-0.00014221087622,0.00034076848533],[-0.000490475853439,0.00367458886467,-0.00344034284353,0.00364016345702,-0.00181326351594,0.00265329517424,-0.00339808012359,0.00181601301301,-0.00067596428562,0.00107388524339,-0.000960471166763,0.00147910357919,-0.00194576871581],[0.00115897366777,-0.00344034284353,0.011716474779,-0.00795298628509,0.00435964483768,-0.00324829551391,0.00418966356665,-0.00646858243272,0.00426344154403,-0.00408715801314,0.00329628353938,-0.00351770105772,0.00278118578717],[-0.000935583317187,0.00364016345702,-0.00795298628509,0.0113009959459,-0.00348099833354,0.000364860607078,-0.00533263850957,0.00685937935486,-0.00210248539224,0.00119830714539,-0.00147638062481,0.00212365598418,-0.000121992241475],[0.000537260493729,-0.00181326351594,0.00435964483768,-0.00348099833354,0.00602471688762,-0.00153510598466,0.00174842320848,0.000468924292363,-0.0000292935874313,-0.00101530493703,-0.00150425976608,0.00337217794731,-0.00366792408749],[-0.000393049122067,0.00265329517424,-0.00324829551391,0.000364860607078,-0.00153510598466,0.0102741224691,-0.000978964846581,-0.0044166748412,0.00153402390424,0.00510842166841,-0.00358628993854,-0.00226797675714,0.00108757801354],[0.000557471357752,-0.00339808012359,0.00418966356665,-0.00533263850957,0.00174842320848,-0.000978964846581,0.0101828267798,-0.00416102679446,0.000305364490487,-0.00109197583515,0.0048719253391,-0.00452705705538,0.00145470502321],[-0.000529998796992,0.00181601301301,-0.00646858243272,0.00685937935486,0.000468924292363,-0.0044166748412,-0.00416102679446,0.0196861028671,-0.00727147841826,-0.00365185388364,0.00000693615129421,0.00856037065387,-0.00627962173894],[0.00026836185134,-0.00067596428562,0.00426344154403,-0.00210248539224,-0.0000292935874313,0.00153402390424,0.000305364490487,-0.00727147841826,0.0184095669538,-0.00452691456303,-0.00230467086658,0.000252903380897,0.0060557583347],[-0.000147433427628,0.00107388524339,-0.00408715801314,0.00119830714539,-0.00101530493703,0.00510842166841,-0.00109197583515,-0.00365185388364,-0.00452691456303,0.0262254737318,-0.0117608150467,0.00171720143408,-0.00148849154357],[0.000104120656033,-0.000960471166763,0.00329628353938,-0.00147638062481,-0.00150425976608,-0.00358628993854,0.0048719253391,0.00000693615129421,-0.00230467086658,-0.0117608150467,0.0349612049758,-0.0185567028821,0.00423923414201],[-0.00014221087622,0.00147910357919,-0.00351770105772,0.00212365598418,0.00337217794731,-0.00226797675714,-0.00452705705538,0.00856037065387,0.000252903380897,0.00171720143408,-0.0185567028821,0.0397080332041,-0.0154113294557],[0.00034076848533,-0.00194576871581,0.00278118578717,-0.000121992241475,-0.00366792408749,0.00108757801354,0.00145470502321,-0.00627962173894,0.0060557583347,-0.00148849154357,0.00423923414201,-0.0154113294557,0.0293631665409]],"mean":[3.31620669365,63.7318267822,-115.279052734,29.7074813843,2.25150680542,-3.68086504936,-2.66178870201,-17.4095344543,4.32086515427,-11.387087822,0.411288887262,-7.46749448776,-9.58506774902]},"hfc":{"dmean":14.8771724701,"dmean2":23.3981246948,"dvar":269.806091309,"dvar2":630.529602051,"max":441.678100586,"mean":69.5408630371,"median":58.6326370239,"min":1.03798229771e-16,"var":1677.72888184},"melbands":{"dmean":[0.00189918803517,0.00104498676956,0.000313230324537,0.000215877022129,0.000075128460594,0.0000619501442998,0.0000518516681041,0.000039634447603,0.00005102085197,0.0000430180662079,0.0000527298034285,0.0000371840251319,0.0000225400635827,0.000026875470212,0.000048591500672,0.0000787732205936,0.0000818469125079,0.0000657072669128,0.0000466990313726,0.0000427203958679,0.0000258470608969,0.0000357454700861,0.0000312040174322,0.0000114932308861,0.00000813161477708,0.0000102890398921,0.00000725295467419,0.00000547687204744,0.00000344212503478,0.00000203923445952,0.00000127340013023,0.00000111329518404,8.07145909221e-7,6.55975043173e-7,7.81265896421e-7,7.31194802484e-7,5.37511709808e-7,3.25425844494e-7,1.01212741299e-7,1.39500704321e-8],"dmean2":[0.00316676008515,0.00173744279891,0.000531297060661,0.000362328690244,0.000123613790493,0.000100170749647,0.0000855370308273,0.0000650351576041,0.0000841149303596,0.0000706130813342,0.0000860976069816,0.0000603843145655,0.0000369011904695,0.0000444160941697,0.00008005235577,0.000129007166834,0.000134228845127,0.000110463566671,0.0000782390125096,0.0000715979767847,0.0000430549152952,0.0000594035518588,0.0000521906476934,0.000018987160729,0.00001323147535,0.0000166989484569,0.0000116692026495,0.00000861864100443,0.00000541537838217,0.00000322011442222,0.00000196478504222,0.00000173137561887,0.00000124446376049,0.00000100216311694,0.00000119154242384,0.00000111351846499,8.34146419493e-7,4.97836765589e-7,1.59710268122e-7,2.35090080736e-8],"dvar":[0.00000658721410218,0.0000017440955844,1.96747521386e-7,1.02062720941e-7,2.08060271234e-8,1.95582998685e-8,1.51638896995e-8,1.68342868534e-8,2.86788264248e-8,1.60784345837e-8,2.18423643616e-8,1.34395463647e-8,2.68003885751e-9,1.9805053153e-9,6.79879752497e-9,2.50123068923e-8,3.27723412852e-8,1.79957933e-8,7.5454442694e-9,1.01338653025e-8,2.28314145367e-9,5.53021095584e-9,4.29208757424e-9,2.9185576178e-10,1.82168988228e-10,3.18942705579e-10,3.44290651544e-10,3.1419486457e-10,1.12003940844e-10,3.27879355611e-11,7.47276025781e-12,5.90006385762e-12,2.3821383234e-12,1.06571142969e-12,1.80878304955e-12,1.74359593604e-12,9.89641636868e-13,3.41455786172e-13,3.23451931471e-14,5.62058982425e-16],"dvar2":[0.0000175236855284,0.0000046517939154,5.13859390594e-7,2.69685045851e-7,5.34202122537e-8,4.55120883203e-8,3.99304198595e-8,4.46418120248e-8,7.60032463631e-8,4.34710862862e-8,5.44148690551e-8,3.21495399191e-8,6.56049703451e-9,4.97592411719e-9,1.75752656872e-8,6.3071396994e-8,8.03374220482e-8,4.49583801299e-8,1.99122958122e-8,2.6894030114e-8,5.97970650773e-9,1.42677993864e-8,1.19493863693e-8,7.34373173383e-10,4.10405681661e-10,7.66526175866e-10,7.8113526758e-10,6.97075841494e-10,2.41819758662e-10,7.15359715908e-11,1.52508058265e-11,1.27966439528e-11,5.12607230968e-12,2.3282098905e-12,4.18485038289e-12,3.96017333509e-12,2.36777112674e-12,7.64836111111e-13,7.57628890722e-14,1.4309353212e-15],"max":[0.0317433848977,0.0215874686837,0.0292152483016,0.00555676780641,0.00430167000741,0.00427943421528,0.00326128676534,0.00484956754372,0.00477380957454,0.00464807311073,0.00362896430306,0.00687939953059,0.00156479678117,0.000904590182472,0.00188398931641,0.00544906128198,0.00633941823617,0.00414916779846,0.002168800449,0.0044872588478,0.00113258999772,0.00219311681576,0.00180921645369,0.000372958340449,0.000436323753092,0.000461875170004,0.000689281034283,0.00058809039183,0.000375124742277,0.000183108801139,0.000121766322991,0.0000673316171742,0.0000338627032761,0.0000218925742956,0.0000233907139773,0.0000223544811888,0.000017182332158,0.0000115871689559,0.00000312540259984,3.68351066982e-7],"mean":[0.00279816822149,0.00163954833988,0.000486997159896,0.000305588153424,0.000109084307041,0.0000901200037333,0.0000744687058614,0.0000575688318349,0.0000728574814275,0.0000633388917777,0.0000771025806898,0.0000541340850759,0.0000340411534125,0.0000434402354585,0.0000805633535492,0.000131834211061,0.000145273719681,0.000124968733871,0.0000937051081564,0.000081775135186,0.0000543173082406,0.0000741917319829,0.0000657954878989,0.0000257526789937,0.000018039421775,0.0000221894024435,0.0000148646449816,0.0000107841642603,0.00000691872764946,0.00000431329681305,0.00000289480772153,0.00000245864453063,0.00000196321957446,0.00000164318521456,0.00000179156006652,0.0000016315823359,0.00000114369106541,6.77281207118e-7,1.85668596941e-7,1.35910154242e-8],"median":[0.00190475943964,0.00118561345153,0.0003485189809,0.000178311020136,0.0000605058303336,0.0000403108060709,0.0000330988768837,0.0000198728848773,0.0000186786710401,0.0000199103706109,0.0000245344926952,0.0000202126357181,0.0000162214364536,0.0000267242921836,0.000046828048653,0.0000697530631442,0.000066677625,0.000060860409576,0.000049326041335,0.0000396940486098,0.0000278874431388,0.0000342168168572,0.0000303171309497,0.0000174385440914,0.0000133954536068,0.0000156257592607,0.00000977433774096,0.00000676946547173,0.00000431219768871,0.00000271880685432,0.00000193772302737,0.00000158209377332,0.00000122394465052,9.16083649827e-7,7.20746641036e-7,6.29193550594e-7,4.19092827997e-7,2.56486686112e-7,8.10211631119e-8,5.15306819437e-9],"min":[4.70897057432e-25,1.0104156459e-24,1.21219344646e-24,1.25970249587e-24,2.26570614133e-24,1.41448775371e-24,9.34198666247e-25,2.02175208968e-24,1.62987419375e-24,1.98656494901e-24,1.39983298606e-24,1.54621431146e-24,1.65536307846e-24,2.49364000572e-24,2.8703475148e-24,2.45594251242e-24,2.28262444674e-24,2.81915852788e-24,3.15192490682e-24,3.51113626988e-24,3.98249643797e-24,3.34261152027e-24,3.80654495737e-24,3.09554383463e-24,3.94441536106e-24,4.33843008398e-24,4.41201818466e-24,4.77490524511e-24,4.06756364812e-24,3.80297615063e-24,4.79439602593e-24,4.80747060657e-24,4.14552282707e-24,5.42105647941e-24,5.32057532161e-24,5.78441646198e-24,5.44085531041e-24,4.31254676881e-24,4.85640917055e-24,6.15118077378e-24],"var":[0.00000886282668944,0.00000257036140283,3.62052503533e-7,1.52413889509e-7,3.28391820403e-8,3.5375670393e-8,2.2645904707e-8,2.87642922814e-8,5.28342667394e-8,3.19017239292e-8,4.26979767099e-8,2.25403358201e-8,4.17221768245e-9,3.30380656166e-9,1.15226965747e-8,4.05130933245e-8,7.29095006591e-8,3.82782907593e-8,1.8295331472e-8,1.8271451907e-8,5.67642821636e-9,1.27341284184e-8,1.04787440947e-8,7.21813053772e-10,3.71276759337e-10,6.19855611284e-10,5.34054578338e-10,4.55631726792e-10,1.66506114452e-10,5.16064274647e-11,1.49276788847e-11,1.08846820446e-11,6.02249196693e-12,3.90607554981e-12,6.29739186145e-12,5.4741272279e-12,2.67250501243e-12,9.00738142927e-13,6.58718142966e-14,5.65235991252e-16]},"melbands_crest":{"dmean":4.61235046387,"dmean2":7.66208648682,"dvar":16.1525115967,"dvar2":43.0192260742,"max":36.406879425,"mean":15.8705043793,"median":15.6299352646,"min":1.0040115118,"var":39.850025177},"melbands_flatness_db":{"dmean":0.0292674582452,"dmean2":0.0463791787624,"dvar":0.000635367294308,"dvar2":0.00160259508993,"max":0.465640485287,"mean":0.183149635792,"median":0.18166847527,"min":1.46687312963e-7,"var":0.00330666243099},"melbands_kurtosis":{"dmean":6.49587535858,"dmean2":10.3944330215,"dvar":158.575759888,"dvar2":362.183258057,"max":419.404418945,"mean":8.99441814423,"median":2.90949201584,"min":-1.82202982903,"var":351.091400146},"melbands_skewness":{"dmean":0.883380174637,"dmean2":1.405397892,"dvar":0.756349086761,"dvar2":1.78863453865,"max":16.5447254181,"mean":2.27843666077,"median":1.92017960548,"min":-1.7210392952,"var":3.6263923645},"melbands_spread":{"dmean":11.2019844055,"dmean2":18.1094150543,"dvar":114.931556702,"dvar2":287.330383301,"max":167.77281189,"mean":41.4283409119,"median":37.6049575806,"min":0.75774204731,"var":607.014892578},"mfcc":{"cov":[[7507.27734375,645.268371582,-382.821899414,244.640991211,70.9465332031,290.270294189,-164.013336182,229.244384766,-222.506652832,269.491607666,-127.032775879,201.961807251,-173.464889526],[645.268371582,1113.33227539,-375.505218506,134.79397583,-14.1119318008,-56.7061500549,27.2818202972,-64.4376907349,110.435997009,-81.4034423828,95.4183120728,-87.5349502563,77.8441619873],[-382.821899414,-375.505218506,619.421203613,-43.914642334,-135.499450684,6.06642055511,28.0320014954,87.4556045532,-25.1519985199,57.1858482361,-26.8641414642,57.2641029358,-44.0748977661],[244.640991211,134.79397583,-43.914642334,260.68963623,3.36602020264,76.1093444824,30.3930931091,-7.15493440628,12.0945415497,-2.55367970467,9.73172473907,-23.471622467,11.167550087],[70.9465332031,-14.1119318008,-135.499450684,3.36602020264,257.022918701,42.9975318909,4.04467964172,-26.1707077026,-18.067647934,-2.20333099365,-5.99487829208,8.97677230835,0.0871559306979],[290.270294189,-56.7061500549,6.06642055511,76.1093444824,42.9975318909,141.928039551,39.6119651794,39.9015693665,-28.937746048,3.31537342072,-32.3961410522,19.8710422516,-17.8628921509],[-164.013336182,27.2818202972,28.0320014954,30.3930931091,4.04467964172,39.6119651794,108.213127136,24.8379154205,30.4811954498,-21.2655315399,1.5961073637,-17.3954391479,16.1671543121],[229.244384766,-64.4376907349,87.4556045532,-7.15493440628,-26.1707077026,39.9015693665,24.8379154205,99.8700332642,1.54471623898,44.1552886963,-23.3348274231,24.4476280212,-29.6994113922],[-222.506652832,110.435997009,-25.1519985199,12.0945415497,-18.067647934,-28.937746048,30.4811954498,1.54471623898,94.0386886597,5.89205884933,35.5426139832,-29.2223739624,18.3987541199],[269.491607666,-81.4034423828,57.1858482361,-2.55367970467,-2.20333099365,3.31537342072,-21.2655315399,44.1552886963,5.89205884933,101.312080383,6.73484992981,37.8492584229,-30.5342750549],[-127.032775879,95.4183120728,-26.8641414642,9.73172473907,-5.99487829208,-32.3961410522,1.5961073637,-23.3348274231,35.5426139832,6.73484992981,71.486579895,-2.58680653572,23.2986087799],[201.961807251,-87.5349502563,57.2641029358,-23.471622467,8.97677230835,19.8710422516,-17.3954391479,24.4476280212,-29.2223739624,37.8492584229,-2.58680653572,73.5055999756,-5.71625041962],[-173.464889526,77.8441619873,-44.0748977661,11.167550087,0.0871559306979,-17.8628921509,16.1671543121,-29.6994113922,18.3987541199,-30.5342750549,23.2986087799,-5.71625041962,62.4042663574]],"icov":[[0.000266762246611,-0.000315361976391,0.000190447841305,-0.000107920575829,0.0000834265301819,-0.000281611399259,0.000207998775295,-0.000335903663654,0.000649925204925,-0.000696582021192,0.000382201193133,-0.00041205182788,0.000281359069049],[-0.000315361976391,0.00192444189452,0.000616616278421,-0.000643063627649,0.000167753416463,0.000956876494456,-0.000164127370226,-0.000471631792607,-0.0015760154929,0.00202443823218,-0.00174383225385,0.000543797854334,-0.00047879703925],[0.000190447841305,0.000616616278421,0.00295692286454,-0.000420806492912,0.00140605808701,0.000875153229572,-0.00138137151953,-0.00128889759071,0.000727404898498,-0.000292530807201,-0.000052831175708,-0.00198683491908,0.00139707024209],[-0.000107920575829,-0.000643063627649,-0.000420806492912,0.00607669632882,0.000590678479057,-0.00491925608367,6.53677773244e-7,0.0022589629516,0.0000402147925342,-0.00239314255305,-0.000856558384839,0.00338599691167,-0.00176936236676],[0.0000834265301819,0.000167753416463,0.00140605808701,0.000590678479057,0.00526385148987,-0.00194207741879,-0.00118038686924,0.00233413092792,0.000537623185664,-0.00136853381991,0.000309211638523,-0.00112467317376,0.000716816401109],[-0.000281611399259,0.000956876494456,0.000875153229572,-0.00491925608367,-0.00194207741879,0.0159283168614,-0.00553101021796,-0.0042290952988,0.00217487569898,0.00357233872637,0.00235381629318,-0.00494747469202,0.00327906478196],[0.000207998775295,-0.000164127370226,-0.00138137151953,6.53677773244e-7,-0.00118038686924,-0.00553101021796,0.0167839992791,-0.00588758150116,-0.00469212140888,0.00386675982736,-0.00113854871597,0.00360187492333,-0.00489429244772],[-0.000335903663654,-0.000471631792607,-0.00128889759071,0.0022589629516,0.00233413092792,-0.0042290952988,-0.00588758150116,0.0221805777401,-0.00380260287784,-0.00710376678035,0.00591834355146,-0.00313239032403,0.00435642478988],[0.000649925204925,-0.0015760154929,0.000727404898498,0.0000402147925342,0.000537623185664,0.00217487569898,-0.00469212140888,-0.00380260287784,0.0220423862338,-0.00739314593375,-0.00558085972443,0.00742093287408,-0.00304611725733],[-0.000696582021192,0.00202443823218,-0.000292530807201,-0.00239314255305,-0.00136853381991,0.00357233872637,0.00386675982736,-0.00710376678035,-0.00739314593375,0.0234090480953,-0.00589164998382,-0.00835165008903,0.00747029902413],[0.000382201193133,-0.00174383225385,-0.000052831175708,-0.000856558384839,0.000309211638523,0.00235381629318,-0.00113854871597,0.00591834355146,-0.00558085972443,-0.00589164998382,0.0244987420738,-0.00488104484975,-0.00369244115427],[-0.00041205182788,0.000543797854334,-0.00198683491908,0.00338599691167,-0.00112467317376,-0.00494747469202,0.00360187492333,-0.00313239032403,0.00742093287408,-0.00835165008903,-0.00488104484975,0.0277156885713,-0.00958471931517],[0.000281359069049,-0.00047879703925,0.00139707024209,-0.00176936236676,0.000716816401109,0.00327906478196,-0.00489429244772,0.00435642478988,-0.00304611725733,0.00747029902413,-0.00369244115427,-0.00958471931517,0.0280400514603]],"mean":[-638.616882324,112.962364197,-39.1727104187,43.7528114319,16.6615715027,29.5048847198,1.78607213497,14.4207687378,-5.02860736847,15.236410141,-1.24769616127,8.26803207397,-6.58327102661]},"pitch_salience":{"dmean":0.0835685282946,"dmean2":0.137909039855,"dvar":0.00514966668561,"dvar2":0.0135462284088,"max":0.996040463448,"mean":0.560198605061,"median":0.571478188038,"min":0.145206570625,"var":0.0140866404399},"silence_rate_20dB":{"dmean":0,"dmean2":0,"dvar":0,"dvar2":0,"max":1,"mean":1,"median":1,"min":1,"var":0},"silence_rate_30dB":{"dmean":0,"dmean2":0,"dvar":0,"dvar2":0,"max":1,"mean":1,"median":1,"min":1,"var":0},"silence_rate_60dB":{"dmean":0.000542691734154,"dmean2":0.00108548172284,"dvar":0.000542367459275,"dvar2":0.00126522406936,"max":1,"mean":0.0331916436553,"median":0,"min":0,"var":0.0320907756686},"spectral_centroid":{"dmean":223.920974731,"dmean2":346.348846436,"dvar":55831.4804688,"dvar2":118785.414062,"max":11663.6953125,"mean":2205.28540039,"median":2148.88525391,"min":333.059783936,"var":1246862.75},"spectral_complexity":{"dmean":4.02261209488,"dmean2":6.19647216797,"dvar":12.4364652634,"dvar2":26.5480041504,"max":63,"mean":28.1125087738,"median":30,"min":0,"var":128.024276733},"spectral_contrast_coeffs":{"dmean":[0.0514914020896,0.0465336553752,0.0363151542842,0.0273932274431,0.0198316201568,0.0259052123874],"dmean2":[0.0867972224951,0.0780293121934,0.0608287416399,0.0461739450693,0.0331491716206,0.0406568907201],"dvar":[0.00163107877597,0.00134997942951,0.00087167636957,0.000475108972751,0.000261005188804,0.000591963471379],"dvar2":[0.004621849861,0.00372410309501,0.00235218950547,0.00134060939308,0.000715822912753,0.00144146138337],"max":[-0.458741307259,-0.439512819052,-0.525161445141,-0.591252446175,-0.631491482258,-0.494572073221],"mean":[-0.727820515633,-0.797553896904,-0.818059682846,-0.807655692101,-0.789037704468,-0.706977903843],"median":[-0.728869140148,-0.804082691669,-0.825181007385,-0.811153292656,-0.793210327625,-0.705846428871],"min":[-0.996575951576,-0.99601739645,-0.994160473347,-0.986946642399,-0.99077039957,-0.964681923389],"var":[0.00415829475969,0.00374364224263,0.00272145471536,0.00180464750156,0.00174025876913,0.00290216412395]},"spectral_contrast_valleys":{"dmean":[0.381283581257,0.361368507147,0.292139202356,0.225597023964,0.174801260233,0.351647645235],"dmean2":[0.636213600636,0.594354152679,0.477070480585,0.364387273788,0.268827021122,0.529646396637],"dvar":[0.096169129014,0.0900846421719,0.0612935051322,0.0428217276931,0.0374638475478,0.127130761743],"dvar2":[0.248230189085,0.225563153625,0.14603894949,0.0907007306814,0.0691903010011,0.286312103271],"max":[-5.47133016586,-5.18753623962,-5.61307859421,-5.2689538002,-5.36193084717,-8.91701698303],"mean":[-7.12533140182,-7.37488365173,-7.48348808289,-6.96200323105,-7.1369805336,-10.8746700287],"median":[-6.75988006592,-7.02213525772,-7.12841033936,-6.60525941849,-6.76203155518,-10.4656076431],"min":[-28.2587528229,-27.8890628815,-27.8439445496,-27.6878929138,-27.5511322021,-27.4158153534],"var":[6.20927715302,6.12525939941,5.95606517792,6.29826545715,6.07748699188,4.54933309555]},"spectral_decrease":{"dmean":2.28195617957e-9,"dmean2":3.66234909066e-9,"dvar":6.88988593416e-18,"dvar2":1.73025703154e-17,"max":4.24731444459e-10,"mean":-5.9114406703e-9,"median":-5.2460982225e-9,"min":-3.62223246952e-8,"var":1.39739574802e-17},"spectral_energy":{"dmean":0.00898929033428,"dmean2":0.0143761150539,"dvar":0.000102481215436,"dvar2":0.000257660343777,"max":0.140467450023,"mean":0.0286186691374,"median":0.0260766278952,"min":9.90081071057e-21,"var":0.000258820509771},"spectral_energyband_high":{"dmean":0.000273877434665,"dmean2":0.000396963907406,"dvar":3.53602985115e-7,"dvar2":7.22340416814e-7,"max":0.0186904035509,"mean":0.00104084308259,"median":0.000798065273557,"min":6.76505544229e-21,"var":9.98112568595e-7},"spectral_energyband_low":{"dmean":0.00749574415386,"dmean2":0.0123267956078,"dvar":0.0000878843347891,"dvar2":0.000229431971093,"max":0.132144659758,"mean":0.0129235647619,"median":0.00980181805789,"min":8.2908792045e-24,"var":0.000137387236464},"spectral_energyband_middle_high":{"dmean":0.00220809131861,"dmean2":0.00344645325094,"dvar":0.0000102759595393,"dvar2":0.0000254304613918,"max":0.0747199654579,"mean":0.00886634085327,"median":0.00585958501324,"min":1.13782510081e-21,"var":0.0000742584743421},"spectral_energyband_middle_low":{"dmean":0.00175686937291,"dmean2":0.00287580071017,"dvar":0.00000532748435944,"dvar2":0.0000137063616421,"max":0.0923087149858,"mean":0.00378735270351,"median":0.00276819779538,"min":1.4780380648e-22,"var":0.0000133013891173},"spectral_entropy":{"dmean":0.0783888027072,"dmean2":0.121345221996,"dvar":0.00503205228597,"dvar2":0.0112450830638,"max":9.8288936615,"mean":7.85905361176,"median":7.84179019928,"min":6.79110050201,"var":0.0896579101682},"spectral_flux":{"dmean":0.0201764311641,"dmean2":0.0325185544789,"dvar":0.00041864241939,"dvar2":0.00097326451214,"max":0.312860012054,"mean":0.0973451063037,"median":0.0941071212292,"min":6.38304201162e-11,"var":0.00130263809115},"spectral_kurtosis":{"dmean":2.05010652542,"dmean2":3.10455536842,"dvar":5.43005371094,"dvar2":11.9297819138,"max":48.737537384,"mean":13.0957212448,"median":11.706870079,"min":-1.27231919765,"var":53.7470779419},"spectral_rms":{"dmean":0.000794100109488,"dmean2":0.00125251931604,"dvar":5.87438648836e-7,"dvar2":0.00000143919351103,"max":0.0117064686492,"mean":0.00503641972318,"median":0.0050438689068,"min":3.10794575839e-12,"var":0.00000255521854342},"spectral_rolloff":{"dmean":2445.90063477,"dmean2":4425.73583984,"dvar":24525726,"dvar2":61759260,"max":22028.4667969,"mean":4349.14550781,"median":2713.18359375,"min":64.599609375,"var":28371078},"spectral_skewness":{"dmean":0.176083743572,"dmean2":0.265113979578,"dvar":0.0275478363037,"dvar2":0.0588750466704,"max":4.24672603607,"mean":2.0334250927,"median":1.95841240883,"min":-0.061493486166,"var":0.418562084436},"spectral_spread":{"dmean":312306.8125,"dmean2":484578,"dvar":310547349504,"dvar2":711428407296,"max":50478336,"mean":4014778,"median":3413074.5,"min":1694132.5,"var":18633180839900},"spectral_strongpeak":{"dmean":0.594466924667,"dmean2":1.0661547184,"dvar":5.82969713211,"dvar2":16.5438098907,"max":66.0826797485,"mean":0.610540986061,"median":0.161223620176,"min":0,"var":4.57301568985},"zerocrossingrate":{"dmean":0.0264739766717,"dmean2":0.0338255465031,"dvar":0.000567535113078,"dvar2":0.000890517258085,"max":0.521484375,"mean":0.191854029894,"median":0.18359375,"min":0.046875,"var":0.00369442952797}},"metadata":{"audio_properties":{"analysis_sample_rate":44100,"bit_rate":320000,"codec":"mp3","downmix":"mix","equal_loudness":0,"length":256.706359863,"lossless":false,"md5_encoded":"3e9954a2a85b53cd876eaf52409e438a","replay_gain":-10.4753494263,"sample_rate":44100},"tags":{"album":["Born Again"],"albumartist":["Black Sabbath"],"albumartistsort":["Black Sabbath","Black Sabbath"],"artist":["Black Sabbath"],"artistsort":["Black Sabbath"],"composer":["Bill Ward/Geezer Butler/Ian Gillan/Tony Iommi"],"date":["1983"],"discnumber":["1/1"],"file_name":"01. Black Sabbath - Trashed.mp3","genre":["Heavy Metal"],"label":["Earmark"],"language":["eng"],"musicbrainz album release country":["GB"],"musicbrainz album status":["official"],"musicbrainz album type":["album"],"musicbrainz_albumartistid":["5182c1d9-c7d2-4dad-afa0-ccfeada921a8"],"musicbrainz_albumid":["ab9e6b45-9967-4f1a-8acb-14250f7932f0"],"musicbrainz_artistid":["5182c1d9-c7d2-4dad-afa0-ccfeada921a8"],"musicbrainz_recordingid":["b0339e79-8b53-471e-b6f6-28a7d2913fa6"],"script":["Latn"],"title":["Trashed"],"tracknumber":["1/9"]},"version":{"essentia":"2.1-beta1","essentia_build_sha":"ca57ba49d9b1854bd80e60cf9ccf267278fb7d6b","essentia_git_sha":"v2.1_beta1-28-g21ef5f4-dirty","extractor":"music 1.0"}},"rhythm":{"beats_count":713,"beats_loudness":{"dmean":0.0123651176691,"dmean2":0.0215307101607,"dvar":0.0001278387208,"dvar2":0.000379814126063,"max":0.110277704895,"mean":0.0324368327856,"median":0.0307173077017,"min":0,"var":0.000240613138885},"beats_loudness_band_ratio":{"dmean":[0.182576149702,0.0500404797494,0.0405120626092,0.0687916502357,0.0751020908356,0.065542653203],"dmean2":[0.316720306873,0.0881364569068,0.0720961391926,0.119713708758,0.128433018923,0.119095720351],"dvar":[0.0188917517662,0.00356068229303,0.00365043454804,0.00426584063098,0.00545366993174,0.00429178914055],"dvar2":[0.0509598702192,0.0102292187512,0.0106404405087,0.0119170695543,0.0147818941623,0.0127184353769],"max":[0.926153182983,0.502745330334,