{"lowlevel":{"average_loudness":0.866947412491,"barkbands":{"dmean":[0.0000173263215402,0.00105338415597,0.0013815574348,0.00108743133023,0.00180143711623,0.000737749796826,0.000486520293634,0.000419466348831,0.000633388757706,0.000790181569755,0.000315470504574,0.000249528937275,0.000339151360095,0.00043011593516,0.000257549632806,0.000206810858799,0.00026555187651,0.000159199873451,0.00024912218214,0.000247383781243,0.000175070177647,0.00016989033611,0.000168708822457,0.000120026008517,0.000121486322314,0.000113882248115,0.00000854871359479],"dmean2":[0.0000269893025688,0.00175802398007,0.00225381413475,0.00185255589895,0.00297826062888,0.00120051472913,0.000762278679758,0.000672597030643,0.000987842562608,0.00126150529832,0.000505004019942,0.00039956351975,0.000539032334927,0.000681098899804,0.000404494756367,0.00032864860259,0.000427829741966,0.000257417705143,0.000409969565226,0.000392630405258,0.000277522456599,0.000270885822829,0.00026281416649,0.000182694886462,0.000175264416612,0.000191878803889,0.0000125237384054],"dvar":[1.19376741825e-9,0.00000430503769167,0.00000457466194348,0.00000390248715121,0.0000176572575583,0.00000322317441714,0.00000214714532376,0.00000202977889785,0.0000030251555927,0.0000062362605604,7.14649615929e-7,5.03413900788e-7,8.30600242807e-7,0.00000121977438994,4.28777326533e-7,1.74908237227e-7,2.51967207987e-7,7.53006901277e-8,1.45992913758e-7,1.82641159086e-7,7.39096677194e-8,2.20191807898e-7,3.41688831895e-7,1.65944541664e-7,7.27762952124e-8,1.49811953065e-7,3.00734825931e-10],"dvar2":[2.66098032498e-9,0.000011069255379,0.0000116259861898,0.000010488789485,0.0000437087510363,0.00000768256904848,0.00000460394494439,0.00000494881487612,0.00000691960667609,0.0000164190605574,0.00000173651562818,0.00000122836252103,0.00000200607041734,0.00000296154030366,9.42414374094e-7,4.32573472153e-7,6.19581442152e-7,1.79504255016e-7,3.81326287879e-7,4.36426120132e-7,1.78724263833e-7,5.15832368819e-7,7.48312743326e-7,3.37688675245e-7,1.63642155826e-7,4.15178305957e-7,6.39977904004e-10],"max":[0.000426067039371,0.025867395103,0.0450039766729,0.0290798004717,0.0436424463987,0.0420496836305,0.0352342203259,0.0356487631798,0.0321506336331,0.0474534928799,0.0251337736845,0.0169986449182,0.0192434508353,0.0223113596439,0.0264079906046,0.0119874663651,0.0125857815146,0.00923498719931,0.00995349604636,0.011593228206,0.00709042884409,0.0124373454601,0.0153038594872,0.0109105529264,0.00471926899627,0.00834068004042,0.00031223782571],"mean":[0.0000218106069951,0.00136020127684,0.00235266191885,0.00133233470842,0.00216907262802,0.00099654821679,0.000725873280317,0.000553625868633,0.000984628335573,0.00124451890588,0.000508271332365,0.000377774296794,0.000543850008398,0.000699800380971,0.000449194776593,0.000402586068958,0.00053282949375,0.000359563564416,0.000596639118157,0.000589936913457,0.000445064390078,0.000327019457472,0.000283146480797,0.000203353381949,0.000211177350138,0.000108527070552,0.0000106238630906],"median":[0.00000962884587352,0.000675421324559,0.00154234608635,0.000646132277325,0.000961790094152,0.000425955455285,0.000239507658989,0.000216479194933,0.000328772759531,0.000233944883803,0.000172783024027,0.000162385767908,0.000194352207473,0.000238995300606,0.000203071409487,0.000229347555432,0.000346180779161,0.000260101893218,0.000462643511128,0.000405642931582,0.000361994752893,0.000201463946723,0.000138215822517,0.000107095111161,0.000112360416097,0.0000248376236414,0.00000111928920887],"min":[2.9999013524e-24,5.88059990557e-24,1.68931060311e-23,2.0024508327e-23,2.19109902957e-23,4.93496772602e-23,4.72126751561e-23,3.861174995e-23,1.06856043752e-22,8.89141660799e-23,9.03129489935e-23,8.21099126062e-23,1.00185947119e-22,1.15172934856e-22,1.96446093234e-22,1.66067236478e-22,9.77608119916e-23,2.92213264391e-22,4.35319296895e-22,3.35501306057e-22,4.60640595993e-22,5.55222418443e-22,8.38882259677e-22,8.6136966748e-22,1.16802274675e-21,1.87093835444e-21,2.23729272994e-21],"var":[1.40010836258e-9,0.00000425703728979,0.00000732768921807,0.00000441038719146,0.0000171517513081,0.00000432485012425,0.00000406110848417,0.00000246459649134,0.00000578375374971,0.0000125351625684,0.00000137820472901,6.65342213324e-7,0.00000150043479152,0.00000212651934817,9.12812311071e-7,3.94346159283e-7,4.92706988098e-7,1.67952350694e-7,3.51722974301e-7,4.9031996241e-7,1.66649229527e-7,3.18222390661e-7,4.73463586559e-7,2.47744054604e-7,1.11661087487e-7,1.01772428707e-7,5.16664266925e-10]},"barkbands_crest":{"dmean":2.2657353878,"dmean2":3.66161417961,"dvar":4.52366161346,"dvar2":10.8068084717,"max":25.5737819672,"mean":7.70683002472,"median":6.85679483414,"min":2.0278904438,"var":13.1741943359},"barkbands_flatness_db":{"dmean":0.0156760644168,"dmean2":0.0238719712943,"dvar":0.00023732916452,"dvar2":0.000541030662134,"max":0.349728137255,"mean":0.083783455193,"median":0.0733336955309,"min":0.0170582607388,"var":0.00180630490649},"barkbands_kurtosis":{"dmean":1.44575083256,"dmean2":2.30741429329,"dvar":13.322013855,"dvar2":33.3890609741,"max":114.004615784,"mean":0.906206429005,"median":-0.538857936859,"min":-1.98602175713,"var":34.709980011},"barkbands_skewness":{"dmean":0.450716912746,"dmean2":0.683938741684,"dvar":0.248419135809,"dvar2":0.549955964088,"max":9.48309421539,"mean":0.8196439147,"median":0.669941604137,"min":-8.9571647644,"var":1.021302104},"barkbands_spread":{"dmean":7.05850744247,"dmean2":11.0144720078,"dvar":57.0065422058,"dvar2":134.981063843,"max":165.820678711,"mean":39.3769340515,"median":39.0067138672,"min":0.819944441319,"var":345.259124756},"dissonance":{"dmean":0.0109592154622,"dmean2":0.0183930024505,"dvar":0.000163806893397,"dvar2":0.000431216700235,"max":0.500000119209,"mean":0.481073796749,"median":0.486659169197,"min":0.261578828096,"var":0.000384279730497},"dynamic_complexity":3.31154441833,"erbbands":{"dmean":[0.0242088045925,0.272984594107,1.27855801582,2.67320919037,6.68000459671,4.16752815247,7.29799365997,4.69241952896,6.78035402298,7.32553529739,9.75765895844,13.6172523499,20.6484909058,18.643995285,11.4498109818,10.4685153961,14.0050086975,19.3783836365,16.0117664337,11.5941019058,10.9241399765,14.7242708206,8.66455936432,10.1882286072,11.5102128983,13.2441177368,6.53822803497,7.54101896286,5.86135578156,5.34181022644,5.18861865997,3.03510808945,1.74678480625,1.14196455479,0.998564720154,0.765014111996,0.139835610986,0.0157608482987,0.00161526456941,0.0000637428092887],"dmean2":[0.0396934896708,0.457122385502,2.07616090775,4.48390054703,11.2038288116,6.97314834595,11.5899124146,7.55682516098,10.5481300354,11.8733634949,15.313451767,21.0617351532,32.2446517944,29.0507068634,18.4159107208,16.5944290161,22.0370750427,30.5080070496,25.1142044067,17.8854808807,17.3107719421,23.6170368195,13.9714403152,16.535402298,18.63646698,21.1017971039,10.4241170883,11.9714069366,9.33741569519,8.41206455231,8.11117935181,4.71986961365,2.6261947155,1.70445501804,1.45734572411,1.28629136086,0.234275758266,0.023599434644,0.00238400534727,0.0000922803010326],"dvar":[0.00251130154356,0.271763443947,3.84915280342,21.1536026001,241.559158325,85.416229248,336.506622314,156.601928711,456.873321533,566.607666016,1042.18933105,1577.9786377,3442.93237305,3249.12402344,1053.2121582,866.171875,1420.6842041,3232.28295898,1480.81750488,896.462036133,454.520843506,893.678527832,244.688308716,247.620544434,303.71307373,592.698913574,112.010864258,151.714202881,253.929351807,327.990539551,324.139648438,119.042564392,33.4758644104,7.3959069252,5.34611177444,7.01261234283,0.19165225327,0.00117821455933,0.0000110173350549,1.50001344679e-8],"dvar2":[0.00624014250934,0.70818656683,9.80877304077,56.7753448486,603.718383789,220.722549438,803.40020752,363.828186035,1003.94018555,1340.83349609,2527.48095703,3496.95361328,8133.68554688,8203.3984375,2604.9609375,2064.44287109,3329.28808594,7711.92480469,3494.58764648,2042.73059082,1129.02819824,2257.90698242,590.151123047,607.885498047,790.713256836,1464.51501465,274.034301758,360.251037598,599.409667969,746.449401855,719.355163574,255.011001587,67.7799606323,15.5518369675,12.5567579269,19.3313007355,0.531458675861,0.0027542328462,0.0000240667159233,3.28819353967e-8],"max":[0.549457788467,6.6496963501,44.4262924194,63.0385818481,176.756210327,150.765396118,466.265075684,440.100341797,549.464050293,691.136291504,912.710388184,858.702575684,1244.83996582,1578.35766602,1045.03955078,856.412719727,757.152648926,1340.44616699,1675.51171875,1123.85009766,620.735534668,887.015686035,655.434570312,322.04473877,399.619720459,802.290283203,306.869171143,298.400299072,494.085479736,479.231750488,496.520629883,305.388153076,232.06388855,99.8565292358,40.4880752563,52.9760475159,11.1080503464,0.525082409382,0.0561596751213,0.00208807783201],"mean":[0.0284033231437,0.372885942459,2.26367473602,3.96562290192,7.08715057373,5.18881225586,9.8935585022,6.60133934021,10.2962284088,10.2023162842,14.0161218643,20.5106868744,35.4781150818,31.3218994141,18.9926452637,17.9394798279,24.7072753906,32.2088775635,29.6159648895,22.7643013,23.6284275055,30.7336711884,21.0113945007,25.2869224548,29.3374156952,30.5444564819,17.5533447266,17.9401264191,11.8234233856,9.11583614349,8.58939266205,5.00330924988,2.99530982971,2.09323334694,1.59409499168,0.736027896404,0.142350837588,0.0194388255477,0.00199705944397,0.0000980024415185],"median":[0.0132607305422,0.198602184653,1.54749643803,2.45005679131,2.86038947105,2.42362117767,3.71376657486,2.99838829041,3.33033180237,4.43607139587,5.36438417435,6.86222839355,9.00260353088,8.01139259338,7.27675485611,7.45011377335,9.54419612885,11.0970888138,13.0511226654,11.5649356842,14.5606384277,19.8979282379,16.0467453003,18.9155502319,22.8085861206,20.2880001068,14.0392065048,14.0189418793,7.70674133301,4.60157823563,4.21947097778,2.62299776077,1.55852603912,1.18519151211,0.775050401688,0.198825851083,0.0316516570747,0.00299480906688,0.000223652023124,0.0000384772101825],"min":[2.16174873384e-22,1.63665600571e-21,1.41861814326e-20,5.62989593908e-20,4.30672458343e-20,9.76186989394e-20,2.33517403773e-19,4.60487311105e-19,3.64360858916e-19,1.1022834101e-18,1.22189651841e-18,2.10505140904e-18,2.37779870639e-18,3.13994927432e-18,3.3824279651e-18,4.02879847628e-18,4.60393343388e-18,4.01912914851e-18,8.00160426972e-18,1.40138887971e-17,6.87844354474e-18,7.13447993256e-18,1.29824549574e-17,1.85747939499e-17,2.16659844426e-17,1.87314785015e-17,1.74578370795e-17,1.80650554779e-17,1.89830737566e-17,1.86033333353e-17,2.53158030902e-17,2.18062577309e-17,1.43124149714e-17,1.21058230063e-17,9.01547458344e-18,7.53361856636e-18,3.47808519909e-18,1.15886525233e-18,3.62211533491e-19,3.19335111116e-20],"var":[0.00234436686151,0.280582129955,6.2450761795,25.9932346344,214.430496216,85.0394439697,448.639709473,212.330764771,934.815917969,652.822509766,1511.64001465,2748.52514648,8131.94628906,6735.41845703,1900.59729004,1342.28234863,2867.16625977,5235.36474609,3455.03295898,1951.35070801,1047.41943359,1672.18151855,509.820007324,682.557556152,811.091247559,1473.53063965,276.772705078,309.997192383,357.785827637,448.476379395,437.396179199,158.600982666,54.5573654175,12.2279214859,7.30749988556,4.84800863266,0.136403545737,0.00165900180582,0.0000179340586328,2.44543620909e-8]},"erbbands_crest":{"dmean":2.12626314163,"dmean2":3.46067142487,"dvar":5.1821231842,"dvar2":12.8872470856,"max":30.366065979,"mean":7.04229879379,"median":5.80391740799,"min":1.99560976028,"var":15.16492939},"erbbands_flatness_db":{"dmean":0.0154139958322,"dmean2":0.0214612726122,"dvar":0.000228479417274,"dvar2":0.000452891370514,"max":0.310162097216,"mean":0.128070607781,"median":0.121736682951,"min":0.0214110799134,"var":0.00158354325686},"erbbands_kurtosis":{"dmean":0.741632282734,"dmean2":1.16081285477,"dvar":1.9102268219,"dvar2":4.4562754631,"max":57.658367157,"mean":0.194725230336,"median":-0.245568275452,"min":-1.78645479679,"var":4.46768140793},"erbbands_skewness":{"dmean":0.310022562742,"dmean2":0.471973717213,"dvar":0.111352294683,"dvar2":0.238011598587,"max":5.51540088654,"mean":-0.178380176425,"median":-0.287140339613,"min":-5.50647068024,"var":0.534864008427},"erbbands_spread":{"dmean":8.28171157837,"dmean2":12.6005554199,"dvar":73.8512039185,"dvar2":166.591934204,"max":117.527687073,"mean":43.7965049744,"median":41.6392707825,"min":2.10253810883,"var":300.073181152},"gfcc":{"cov":[[18132.4140625,-96.3823852539,-639.239501953,304.056610107,-763.672851562,531.152282715,-754.369812012,266.482452393,-533.21661377,270.548217773,-346.004699707,72.1233291626,-280.850982666],[-96.3823852539,1047.39489746,-366.640106201,68.5464096069,-25.7420253754,-142.835372925,91.2294616699,-100.982902527,18.2604179382,-111.225837708,4.84307193756,-88.6721878052,67.4886779785],[-639.239501953,-366.640106201,842.371337891,-128.174438477,91.8696594238,9.07851600647,3.71867537498,37.5471992493,24.2518901825,57.832775116,-10.3929128647,84.9680633545,-75.9847640991],[304.056610107,68.5464096069,-128.174438477,312.375549316,-20.5517597198,17.1939964294,-75.4074172974,2.89587497711,-12.2077541351,-10.4819974899,24.0252628326,-25.1725730896,24.7720928192],[-763.672851562,-25.7420253754,91.8696594238,-20.5517597198,256.217468262,-37.8245391846,74.2323760986,-15.9685935974,29.1557636261,21.3481864929,-0.764860153198,5.6054558754,-1.53243160248],[531.152282715,-142.835372925,9.07851600647,17.1939964294,-37.8245391846,220.534545898,8.81803607941,71.1169052124,-31.905582428,14.1756401062,2.13707280159,7.88131332397,-29.5153846741],[-754.369812012,91.2294616699,3.71867537498,-75.4074172974,74.2323760986,8.81803607941,195.448348999,23.6424293518,28.6926708221,-30.1623668671,-8.90651130676,-5.63173770905,-0.635909557343],[266.482452393,-100.982902527,37.5471992493,2.89587497711,-15.9685935974,71.1169052124,23.6424293518,132.484893799,16.3105430603,31.9174976349,-10.6127586365,3.9387524128,-21.929693222],[-533.21661377,18.2604179382,24.2518901825,-12.2077541351,29.1557636261,-31.905582428,28.6926708221,16.3105430603,99.5772781372,26.1678504944,7.09100675583,-13.3062925339,1.21437489986],[270.548217773,-111.225837708,57.832775116,-10.4819974899,21.3481864929,14.1756401062,-30.1623668671,31.9174976349,26.1678504944,95.4049606323,20.7094631195,13.407869339,-24.6242160797],[-346.004699707,4.84307193756,-10.3929128647,24.0252628326,-0.764860153198,2.13707280159,-8.90651130676,-10.6127586365,7.09100675583,20.7094631195,73.0140228271,18.8082733154,6.67339801788],[72.1233291626,-88.6721878052,84.9680633545,-25.1725730896,5.6054558754,7.88131332397,-5.63173770905,3.9387524128,-13.3062925339,13.407869339,18.8082733154,69.169052124,7.45738220215],[-280.850982666,67.4886779785,-75.9847640991,24.7720928192,-1.53243160248,-29.5153846741,-0.635909557343,-21.929693222,1.21437489986,-24.6242160797,6.67339801788,7.45738220215,67.3844223022]],"icov":[[0.000170404789969,-0.000198295267182,0.000199977919692,-0.000128586849314,0.000268444098765,-0.000212591403397,0.000423852819949,-0.000107616033347,0.000655350042507,-0.0008686822257,0.00126295839436,-0.000805491697975,0.000698381802067],[-0.000198295267182,0.00179240317084,0.00012623758812,-0.000103017388028,0.0000278566894849,0.00103022600524,-0.00141960731708,0.000692807836458,-0.000833467871416,0.00177715299651,-0.00199277792126,0.00219932803884,-0.00115906924475],[0.000199977919692,0.00012623758812,0.00209863064811,0.000147022568854,-0.000223823735723,0.0000187928035302,0.000769599864725,-0.000209224730497,-0.0000329918984789,-0.000520510307979,0.00196666340344,-0.00323731964454,0.00293568801135],[-0.000128586849314,-0.000103017388028,0.000147022568854,0.00451103085652,-0.00105189695023,-0.00044858007459,0.00215842714533,-0.00127221585717,-0.000381552585168,0.00202172622085,-0.00297410669737,0.00238110311329,-0.0017627037596],[0.000268444098765,0.0000278566894849,-0.000223823735723,-0.00105189695023,0.00586239760742,0.000509476754814,-0.00249545136467,0.00163283466827,0.000980315729976,-0.00406692828983,0.002847913187,-0.00102379184682,0.000416999013396],[-0.000212591403397,0.00103022600524,0.0000187928035302,-0.00044858007459,0.000509476754814,0.00710096396506,-0.00182916095946,-0.00277802930214,0.00178391509689,0.00107861217111,-0.00264735636301,0.00126614654437,0.000952852482442],[0.000423852819949,-0.00141960731708,0.000769599864725,0.00215842714533,-0.00249545136467,-0.00182916095946,0.0102856131271,-0.00328002497554,-0.000971398025285,0.00296782772057,0.00198233197443,-0.002570993267,0.00262461765669],[-0.000107616033347,0.000692807836458,-0.000209224730497,-0.00127221585717,0.00163283466827,-0.00277802930214,-0.00328002497554,0.0121342157945,-0.002513038693,-0.00369021389633,0.0026889781002,-0.000512686790898,0.000314910692396],[0.000655350042507,-0.000833467871416,-0.0000329918984789,-0.000381552585168,0.000980315729976,0.00178391509689,-0.000971398025285,-0.002513038693,0.0169249046594,-0.00845511257648,0.00301075540483,0.00203670817427,-0.000272414996289],[-0.0008686822257,0.00177715299651,-0.000520510307979,0.00202172622085,-0.00406692828983,0.00107861217111,0.00296782772057,-0.00369021389633,-0.00845511257648,0.0236595533788,-0.0118255605921,0.00198041577823,0.00222659413703],[0.00126295839436,-0.00199277792126,0.00196666340344,-0.00297410669737,0.002847913187,-0.00264735636301,0.00198233197443,0.0026889781002,0.00301075540483,-0.0118255605921,0.0276542194188,-0.0124382367358,0.00463189603761],[-0.000805491697975,0.00219932803884,-0.00323731964454,0.00238110311329,-0.00102379184682,0.00126614654437,-0.002570993267,-0.000512686790898,0.00203670817427,0.00198041577823,-0.0124382367358,0.027277963236,-0.010845605284],[0.000698381802067,-0.00115906924475,0.00293568801135,-0.0017627037596,0.000416999013396,0.000952852482442,0.00262461765669,0.000314910692396,-0.000272414996289,0.00222659413703,0.00463189603761,-0.010845605284,0.0249844789505]],"mean":[8.18742179871,56.5874099731,-119.443603516,43.4370727539,-57.5549240112,14.3677368164,-34.6199417114,10.5018291473,-30.8361434937,1.79825305939,-22.8880023956,-4.07410097122,-12.302857399]},"hfc":{"dmean":8.6577796936,"dmean2":12.6509504318,"dvar":262.708740234,"dvar2":581.84161377,"max":307.493743896,"mean":26.6420555115,"median":20.06407547,"min":1.2475303741e-16,"var":614.930664062},"melbands":{"dmean":[0.000255175866187,0.000547262898181,0.000562433968298,0.000413231668063,0.000220120535232,0.000113921538286,0.0000997070310405,0.0000815664388938,0.0000841063374537,0.0000897207137314,0.000109067754238,0.0000855201433296,0.0000422457887908,0.000023814240194,0.0000425107609772,0.0000290124517051,0.0000398787778977,0.000030054445233,0.0000183981537702,0.000014876415662,0.0000143104325616,0.0000174822998815,0.0000100108891274,0.00000803605962574,0.00000917256329558,0.0000114499534902,0.00000876963531482,0.00000984257076198,0.00000434282401329,0.00000489826106786,0.00000448731043434,0.00000351944686372,0.00000378857157557,0.000002950966973,0.00000343790065926,0.00000220982587962,0.00000186017564374,0.0000013053559087,0.00000108855363123,9.7188546988e-7],"dmean2":[0.00042496790411,0.000888316659257,0.000932016584557,0.000694809830748,0.000348128087353,0.000182966585271,0.0001555228082,0.000131749518914,0.000132779081468,0.000138310890179,0.000171679421328,0.000134274640004,0.0000674744878779,0.000037954592699,0.0000666997511871,0.000046262259275,0.0000631463844911,0.0000475853776152,0.0000284420912067,0.0000236574032897,0.0000228000317293,0.0000281704233203,0.0000161828320415,0.000013095351278,0.0000150224532263,0.0000189198581211,0.0000140866459333,0.0000158504844876,0.00000702546230968,0.00000784677831689,0.00000721331298337,0.00000567581446376,0.00000614733517068,0.00000473794898426,0.00000538841595699,0.00000351057769876,0.00000290528623736,0.00000199853116101,0.00000166894267295,0.00000147481910062],"dvar":[2.71791208206e-7,7.37145285257e-7,9.31156478146e-7,9.84423536465e-7,2.68985189678e-7,7.89688456848e-8,9.39701578773e-8,7.19161690199e-8,7.74249073743e-8,6.57606733512e-8,1.00250041157e-7,7.38675041134e-8,1.45638985316e-8,5.40463673815e-9,1.27330350708e-8,6.79472389464e-9,1.39892275541e-8,5.33887778431e-9,1.82031567597e-9,1.23843924005e-9,8.44916636655e-10,1.31663679959e-9,2.20104254267e-10,2.12473427741e-10,2.07879186087e-10,3.67321728589e-10,2.46928283376e-10,3.46276812779e-10,5.41506110785e-11,5.21745840976e-11,5.58838114673e-11,8.55750054152e-11,1.24183344163e-10,1.02132205471e-10,1.29321511833e-10,8.10164713094e-11,4.10653212823e-11,1.9376413668e-11,9.68320475886e-12,4.83244173843e-12],"dvar2":[6.90196827691e-7,0.00000186180386663,0.00000240521148953,0.00000250181619776,6.31829777831e-7,1.81577632929e-7,2.04363274747e-7,1.72666290155e-7,1.87877489566e-7,1.43958942544e-7,2.42034559506e-7,1.9061043588e-7,3.60935139554e-8,1.32160158373e-8,2.83885128738e-8,1.70083271911e-8,3.35520162764e-8,1.28377282138e-8,3.84574594392e-9,2.96818170042e-9,2.06693795413e-9,3.30479310584e-9,5.59422952406e-10,5.03989239231e-10,5.17781983955e-10,9.89608617274e-10,5.67033420218e-10,8.67710514552e-10,1.35287905878e-10,1.26937765854e-10,1.36053127098e-10,2.10050032923e-10,2.98033014934e-10,2.29658042583e-10,2.89971463507e-10,1.85435528044e-10,8.8335831705e-11,3.93502695706e-11,2.07856752643e-11,1.04302053106e-11],"max":[0.00631341524422,0.0166679285467,0.012944933027,0.0105993691832,0.013130042702,0.0088374549523,0.00796590838581,0.00750781362876,0.00894844159484,0.0054002548568,0.00617064395919,0.00713726645336,0.00395378796384,0.00172863935586,0.00261307111941,0.00167704583146,0.00264949072152,0.00268452451564,0.00117876927834,0.00101036205888,0.000827207695693,0.00101946771611,0.000363913248293,0.000456400652183,0.000295177072985,0.000527158845216,0.000590477779042,0.000639871694148,0.000188300196896,0.000135984868393,0.000186174293049,0.000311646814225,0.000282423134195,0.00028465903597,0.000303496402921,0.000335342803737,0.000169585837284,0.000167772785062,0.000136449118145,0.0000682261088514],"mean":[0.000313628435833,0.000962372228969,0.000799327914137,0.000454228633316,0.0003124421346,0.000161404619575,0.000152712571435,0.000111162451503,0.000118931013276,0.000135488371598,0.000183623866178,0.000136090340675,0.0000673351605656,0.0000368908586097,0.0000678273063386,0.0000472434767289,0.0000615304670646,0.0000502681541548,0.0000331606497639,0.0000272385768767,0.0000273951027339,0.0000331722694682,0.0000217250653805,0.0000173109601747,0.0000202843039006,0.0000250631765084,0.0000192799052456,0.0000204563311854,0.0000101017512861,0.0000110487635538,0.00000996330800263,0.00000674364991937,0.00000592796277488,0.00000468772805107,0.00000548976913706,0.00000339407915817,0.00000296822372547,0.00000212473537431,0.00000185046656043,0.00000172427098732],"median":[0.000150017716805,0.000669667613693,0.000478712026961,0.000187806363101,0.000127787061501,0.0000722498371033,0.0000507354416186,0.0000495917120134,0.0000414375172113,0.0000442711825599,0.0000439036084572,0.0000314177159453,0.0000236428695644,0.0000169766990439,0.000022334357709,0.00001674511077,0.0000193655814655,0.0000188298326975,0.0000152336815518,0.000013665269762,0.0000163539152709,0.0000203194704227,0.0000165879173437,0.0000119932483358,0.0000149256247823,0.0000185504177352,0.0000137151655508,0.0000128956580738,0.00000769919097365,0.00000889120565262,0.0000075985985859,0.000004325665941,0.00000298958889289,0.00000219760818254,0.00000266001597993,0.00000161697880685,0.00000152313748458,0.00000107310381736,0.00000100079023468,9.63431375567e-7],"min":[2.2991510827e-24,5.35850769824e-24,8.82097322242e-24,4.63601366097e-24,7.74387043104e-24,9.98253619548e-24,6.65736757312e-24,1.11964400896e-23,1.27183073925e-23,1.32052459858e-23,1.24415355439e-23,1.32712720658e-23,1.17092746198e-23,9.70634337079e-24,1.06018062056e-23,8.77686406491e-24,7.56428782369e-24,1.32416235175e-23,1.48096644269e-23,1.69502984467e-23,5.8806365876e-24,6.62967776648e-24,7.89824262158e-24,1.53071706009e-23,1.45593430845e-23,1.68840293975e-23,1.17647481075e-23,1.30828131955e-23,1.04454579185e-23,1.12115783304e-23,1.01123953223e-23,9.23457930592e-24,1.32616716286e-23,8.92470290943e-24,1.40820159725e-23,1.73062971737e-23,1.09182017486e-23,9.93780383785e-24,8.69268787315e-24,1.02763379733e-23],"var":[2.5604870757e-7,0.00000110839482659,0.00000106637151021,8.50985259149e-7,3.85972185768e-7,1.13161348736e-7,1.90982092363e-7,8.02308974812e-8,1.17950108347e-7,1.19670787058e-7,2.27617974247e-7,1.45392490936e-7,2.63567798697e-8,6.74671918333e-9,2.46150158034e-8,1.14452562983e-8,2.15463611397e-8,1.16255156613e-8,4.02814048783e-9,2.78255374297e-9,1.68888458774e-9,2.3106845326e-9,4.72326455725e-10,4.52944848295e-10,4.88822371469e-10,7.42820638333e-10,5.52280776667e-10,7.8779766044e-10,1.15680541535e-10,1.07159274509e-10,1.06144190659e-10,1.13229446652e-10,1.61279406496e-10,1.36239255988e-10,1.72626885009e-10,9.71159888619e-11,5.35028930881e-11,3.1087420832e-11,1.48531967975e-11,7.76517825735e-12]},"melbands_crest":{"dmean":3.08509469032,"dmean2":4.95281744003,"dvar":7.07488536835,"dvar2":17.4048843384,"max":37.9522399902,"mean":12.8022565842,"median":12.1089420319,"min":1.61702632904,"var":24.4219169617},"melbands_flatness_db":{"dmean":0.0222936347127,"dmean2":0.0342193618417,"dvar":0.000484816206153,"dvar2":0.00106841907836,"max":0.459213554859,"mean":0.13097551465,"median":0.118394091725,"min":0.00463427510113,"var":0.00279411766678},"melbands_kurtosis":{"dmean":4.55696249008,"dmean2":7.1637635231,"dvar":84.2409439087,"dvar2":212.19291687,"max":313.054168701,"mean":7.8209528923,"median":3.69134950638,"min":-1.9112893343,"var":221.550064087},"melbands_skewness":{"dmean":0.630134284496,"dmean2":0.956344246864,"dvar":0.467814207077,"dvar2":1.04945075512,"max":12.9536094666,"mean":2.17968583107,"median":1.93296527863,"min":-1.63520884514,"var":1.9162787199},"melbands_spread":{"dmean":11.2912244797,"dmean2":17.5666370392,"dvar":186.791442871,"dvar2":395.25869751,"max":248.059921265,"mean":43.4746055603,"median":41.2480506897,"min":0.618924617767,"var":602.353881836},"mfcc":{"cov":[[8547.97558594,-462.966491699,176.14630127,-111.94303894,110.182411194,89.0105743408,28.2159576416,-36.0069198608,-103.212142944,60.4533081055,-5.88727998734,-76.9625854492,-45.885433197],[-462.966491699,834.827148438,-114.556716919,99.900062561,-80.1916427612,2.86770057678,13.8690490723,-0.899267554283,49.5944595337,-27.6841983795,-21.8696231842,-4.03638887405,-27.0307445526],[176.14630127,-114.556716919,508.512695312,-44.1995735168,41.5649719238,-4.85718917847,-25.3104743958,31.5928993225,-41.1553192139,14.7721719742,12.0754308701,10.2328481674,36.9390945435],[-111.94303894,99.900062561,-44.1995735168,255.238006592,58.7554588318,-9.29094696045,-17.6250343323,-36.4489440918,14.4792480469,-26.0590572357,-13.2722291946,10.742061615,6.14016342163],[110.182411194,-80.1916427612,41.5649719238,58.7554588318,152.593765259,22.5627365112,-4.26098155975,-25.9137248993,-11.4389753342,9.43946552277,7.88961267471,11.0152711868,13.102853775],[89.0105743408,2.86770057678,-4.85718917847,-9.29094696045,22.5627365112,94.9365005493,36.1495895386,15.3675308228,-6.20209407806,6.50023698807,4.14656400681,-7.15654754639,-5.70793628693],[28.2159576416,13.8690490723,-25.3104743958,-17.6250343323,-4.26098155975,36.1495895386,118.759765625,56.2970275879,11.7628660202,1.94907939434,13.3749513626,2.47687673569,-12.2081050873],[-36.0069198608,-0.899267554283,31.5928993225,-36.4489440918,-25.9137248993,15.3675308228,56.2970275879,106.651420593,34.2060394287,12.6109418869,5.81798219681,-0.3090236485,-2.76176309586],[-103.212142944,49.5944595337,-41.1553192139,14.4792480469,-11.4389753342,-6.20209407806,11.7628660202,34.2060394287,91.2281494141,33.1605567932,4.30195140839,3.24695062637,-2.12484669685],[60.4533081055,-27.6841983795,14.7721719742,-26.0590572357,9.43946552277,6.50023698807,1.94907939434,12.6109418869,33.1605567932,85.9396438599,35.3795204163,3.70199418068,5.6205291748],[-5.88727998734,-21.8696231842,12.0754308701,-13.2722291946,7.88961267471,4.14656400681,13.3749513626,5.81798219681,4.30195140839,35.3795204163,72.6183013916,28.8726902008,3.15236449242],[-76.9625854492,-4.03638887405,10.2328481674,10.742061615,11.0152711868,-7.15654754639,2.47687673569,-0.3090236485,3.24695062637,3.70199418068,28.8726902008,65.333694458,28.2900238037],[-45.885433197,-27.0307445526,36.9390945435,6.14016342163,13.102853775,-5.70793628693,-12.2081050873,-2.76176309586,-2.12484669685,5.6205291748,3.15236449242,28.2900238037,60.043346405]],"icov":[[0.000126434257254,0.000055257249187,-0.0000323973436025,0.0000172389154613,-0.0000403327976528,-0.0000716326321708,-0.0000624546373729,0.0000707664803485,0.000117193550977,-0.000148139195517,0.0000801101195975,0.0000756122099119,0.000110397464596],[0.000055257249187,0.00149294245057,0.000025813404136,-0.000681464094669,0.00102213432547,-0.000461525167339,-0.000202055060072,0.0004213990469,-0.000748547143303,0.000260642904323,0.000244505470619,-0.000268300471362,0.000542199064512],[-0.0000323973436025,0.000025813404136,0.0025063988287,0.000270654098131,-0.000863800640218,0.000389160064515,0.00113052560482,-0.0020361028146,0.00171832949854,-0.000469108461402,-0.000252162804827,0.000241734480369,-0.00121700100135],[0.0000172389154613,-0.000681464094669,0.000270654098131,0.00542052602395,-0.0026099642273,0.000565730326343,0.000157413553097,0.00132560008205,-0.00194819166791,0.00218092161231,0.0000572555909457,-0.000322271895129,-0.000422381592216],[-0.0000403327976528,0.00102213432547,-0.000863800640218,-0.0026099642273,0.00937045086175,-0.00263377092779,-0.00078883417882,0.00253932015039,0.000146694204886,-0.00154626427684,0.000234029343119,-0.00106527633034,-0.000471605308121],[-0.0000716326321708,-0.000461525167339,0.000389160064515,0.000565730326343,-0.00263377092779,0.0132223488763,-0.00359170604497,-0.00112205278128,0.00213070400059,-0.00134803284891,8.03382931736e-7,0.00179284042679,-0.000153116779984],[-0.0000624546373729,-0.000202055060072,0.00113052560482,0.000157413553097,-0.00078883417882,-0.00359170604497,0.0137141449377,-0.00750057119876,0.000863426655997,0.00152163079474,-0.0023212635424,-0.00104144390207,0.00192446471192],[0.0000707664803485,0.0004213990469,-0.0020361028146,0.00132560008205,0.00253932015039,-0.00112205278128,-0.00750057119876,0.0172762237489,-0.00687944982201,0.0007921087672,0.000389965047361,0.00038892950397,-0.000551661185455],[0.000117193550977,-0.000748547143303,0.00171832949854,-0.00194819166791,0.000146694204886,0.00213070400059,0.000863426655997,-0.00687944982201,0.0184014793485,-0.00891457125545,0.00347195565701,-0.00220603309572,0.00126712396741],[-0.000148139195517,0.000260642904323,-0.000469108461402,0.00218092161231,-0.00154626427684,-0.00134803284891,0.00152163079474,0.0007921087672,-0.00891457125545,0.0206848215312,-0.011063345708,0.00531256152317,-0.00354916136712],[0.0000801101195975,0.000244505470619,-0.000252162804827,0.0000572555909457,0.000234029343119,8.03382931736e-7,-0.0023212635424,0.000389965047361,0.00347195565701,-0.011063345708,0.0241652820259,-0.0124466279522,0.00556967500597],[0.0000756122099119,-0.000268300471362,0.000241734480369,-0.000322271895129,-0.00106527633034,0.00179284042679,-0.00104144390207,0.00038892950397,-0.00220603309572,0.00531256152317,-0.0124466279522,0.0264743380249,-0.0123652685434],[0.000110397464596,0.000542199064512,-0.00121700100135,-0.000422381592216,-0.000471605308121,-0.000153116779984,0.00192446471192,-0.000551661185455,0.00126712396741,-0.00354916136712,0.00556967500597,-0.0123652685434,0.024139938876]],"mean":[-625.598144531,85.0048675537,-4.14647531509,29.4761562347,0.0713032111526,6.11013746262,4.80501079559,2.96568608284,2.34963202477,1.28415954113,-2.83319282532,-3.66637587547,-5.25090932846]},"pitch_salience":{"dmean":0.0646001175046,"dmean2":0.104154273868,"dvar":0.00330916070379,"dvar2":0.00831136573106,"max":0.872663676739,"mean":0.597273051739,"median":0.606215655804,"min":0.137283474207,"var":0.00948930066079},"silence_rate_20dB":{"dmean":0,"dmean2":0,"dvar":0,"dvar2":0,"max":1,"mean":1,"median":1,"min":1,"var":0},"silence_rate_30dB":{"dmean":0,"dmean2":0,"dvar":0,"dvar2":0,"max":1,"mean":1,"median":1,"min":1,"var":0},"silence_rate_60dB":{"dmean":0.0180161949247,"dmean2":0.0360360369086,"dvar":0.0176897663623,"dvar2":0.0381843596697,"max":1,"mean":0.0791417881846,"median":0,"min":0,"var":0.0728873088956},"spectral_centroid":{"dmean":304.713104248,"dmean2":470.764953613,"dvar":107532.851562,"dvar2":229294.9375,"max":11112.5390625,"mean":2142.98706055,"median":2243.32275391,"min":174.01902771,"var":488079.90625},"spectral_complexity":{"dmean":4.07834005356,"dmean2":6.24658346176,"dvar":16.449464798,"dvar2":34.050579071,"max":57,"mean":24.9236927032,"median":26,"min":0,"var":142.015075684},"spectral_contrast_coeffs":{"dmean":[0.0500484928489,0.0477483831346,0.037108913064,0.0290323849767,0.020239058882,0.01779441908],"dmean2":[0.0823767930269,0.0781497582793,0.0605950765312,0.0467988029122,0.0328171886504,0.0280866287649],"dvar":[0.00177397322841,0.0016365388874,0.00096447870601,0.000571722048335,0.000285395712126,0.000248032680247],"dvar2":[0.00463891867548,0.0041043353267,0.00241712620482,0.00141704874113,0.000705574755557,0.000564703077544],"max":[-0.327465653419,-0.451440513134,-0.501844227314,-0.585087656975,-0.607181966305,-0.605057358742],"mean":[-0.642946124077,-0.767955541611,-0.785766363144,-0.791236042976,-0.793923795223,-0.73924100399],"median":[-0.644894957542,-0.778142929077,-0.797770857811,-0.799915194511,-0.799369096756,-0.737935304642],"min":[-0.972343087196,-0.975760340691,-0.967896282673,-0.965745449066,-0.96554505825,-0.960759878159],"var":[0.00527751306072,0.00527720432729,0.00446457229555,0.00297567225061,0.00171587814111,0.00152225571219]},"spectral_contrast_valleys":{"dmean":[0.430527806282,0.396265178919,0.326897025108,0.262660503387,0.194887086749,0.271827548742],"dmean2":[0.694163262844,0.648677945137,0.525142908096,0.408814966679,0.297201305628,0.363792300224],"dvar":[0.14046433568,0.13312843442,0.0904665887356,0.0629054009914,0.0471832975745,0.123079814017],"dvar2":[0.332098037004,0.335437655449,0.212513774633,0.126766085625,0.085311897099,0.213821128011],"max":[-5.57646894455,-4.6685552597,-5.35973739624,-5.67649507523,-5.58607769012,-7.03996658325],"mean":[-7.58319330215,-6.99530744553,-7.3416595459,-7.58007001877,-7.08831977844,-9.70321273804],"median":[-7.37192201614,-6.77856731415,-7.14517116547,-7.32103157043,-6.73080539703,-9.33034229279],"min":[-26.9492034912,-26.7463111877,-27.4683609009,-27.3805274963,-27.0774593353,-27.3163051605],"var":[1.96924519539,1.79533159733,1.74101758003,1.74903559685,1.7128200531,1.98870885372]},"spectral_decrease":{"dmean":1.56219048808e-9,"dmean2":2.44530018456e-9,"dvar":5.57650427398e-18,"dvar2":1.30700178155e-17,"max":6.11593389771e-17,"mean":-4.23242907388e-9,"median":-3.13840819999e-9,"min":-2.53514311765e-8,"var":1.18920431401e-17},"spectral_energy":{"dmean":0.0065005668439,"dmean2":0.0100592747331,"dvar":0.0000957208030741,"dvar2":0.000221780108404,"max":0.108621828258,"mean":0.018390648067,"median":0.0138786360621,"min":1.13646764411e-20,"var":0.000216335072764},"spectral_energyband_high":{"dmean":0.000805797288194,"dmean2":0.00120144162793,"dvar":0.00000322224491356,"dvar2":0.00000704617150404,"max":0.0366300716996,"mean":0.00190532719716,"median":0.00133825850207,"min":8.06373142738e-21,"var":0.00000566095650356},"spectral_energyband_low":{"dmean":0.00242468551733,"dmean2":0.00392282148823,"dvar":0.0000155629786605,"dvar2":0.0000375517738576,"max":0.0587206408381,"mean":0.0044054184109,"median":0.00312600634061,"min":3.97513068593e-23,"var":0.0000221449918172},"spectral_energyband_middle_high":{"dmean":0.00174811552279,"dmean2":0.00260650389828,"dvar":0.0000101921050373,"dvar2":0.0000237178483076,"max":0.0586209222674,"mean":0.00585399661213,"median":0.00347801973112,"min":1.7922116012e-21,"var":0.0000480385642732},"spectral_energyband_middle_low":{"dmean":0.00404431577772,"dmean2":0.00650791684166,"dvar":0.0000514610146638,"dvar2":0.000125732767629,"max":0.0738681778312,"mean":0.0070784590207,"median":0.00424833456054,"min":2.93091689408e-22,"var":0.0000703176192474},"spectral_entropy":{"dmean":0.106584817171,"dmean2":0.160100877285,"dvar":0.0132218562067,"dvar2":0.0285277627409,"max":9.81184196472,"mean":7.95914840698,"median":8.01499462128,"min":5.95006465912,"var":0.0968775823712},"spectral_flux":{"dmean":0.0194951333106,"dmean2":0.0291935652494,"dvar":0.000531149795279,"dvar2":0.00109171820804,"max":0.263800621033,"mean":0.0754292905331,"median":0.0650356933475,"min":1.06605238526e-10,"var":0.00179052259773},"spectral_kurtosis":{"dmean":0.810105085373,"dmean2":1.34843599796,"dvar":0.922259688377,"dvar2":2.58728098869,"max":17.7174568176,"mean":2.95720553398,"median":2.74180841446,"min":-1.21580696106,"var":2.15995311737},"spectral_rms":{"dmean":0.000663389568217,"dmean2":0.000996618997306,"dvar":6.89239072926e-7,"dvar2":0.00000150448147451,"max":0.0102942958474,"mean":0.00390404951759,"median":0.00367969181389,"min":3.32978805119e-12,"var":0.00000270044461104},"spectral_rolloff":{"dmean":778.650878906,"dmean2":1276.9317627,"dvar":1083480.5,"dvar2":2599435.5,"max":21576.2695312,"mean":3066.46899414,"median":3036.18164062,"min":129.19921875,"var":5713626.5},"spectral_skewness":{"dmean":0.141179740429,"dmean2":0.221532076597,"dvar":0.0238448213786,"dvar2":0.0539171360433,"max":3.45941090584,"mean":1.20390820503,"median":1.1834975481,"min":-0.221076577902,"var":0.0945776030421},"spectral_spread":{"dmean":572208.9375,"dmean2":791730.3125,"dvar":506292535296,"dvar2":922564755456,"max":40889856,"mean":5163881,"median":4939384,"min":1923427.5,"var":2618288242690},"spectral_strongpeak":{"dmean":0.548176765442,"dmean2":0.929763734341,"dvar":1.05769276619,"dvar2":2.71803736687,"max":13.7262382507,"mean":0.831764400005,"median":0.319749593735,"min":0,"var":1.5247759819},"zerocrossingrate":{"dmean":0.0127947973087,"dmean2":0.014906886965,"dvar":0.00019232732302,"dvar2":0.000248364289291,"max":0.8076171875,"mean":0.105584830046,"median":0.1015625,"min":0.00634765625,"var":0.00375366560183}},"metadata":{"audio_properties":{"analysis_sample_rate":44100,"bit_rate":0,"codec":"flac","downmix":"mix","equal_loudness":0,"length":229.399993896,"lossless":true,"md5_encoded":"b70824091b86fa53d9c3dfa190cd74cf","replay_gain":-14.4938488007},"tags":{"album":["Van Halen"],"albumartist":["Van Halen"],"albumartistsort":["Van Halen"],"artist":["Van Halen"],"artists":["Van Halen"],"artistsort":["Van Halen"],"asin":["B00004Y6O9"],"barcode":["093624773726"],"catalognumber":["9362-47737-2"],"date":["2000-07"],"discnumber":["1"],"disctotal":["1"],"engineer":["Donn Landee"],"file_name":"04 Ain't Talkin' 'Bout Love.flac","genre":["Hard Rock"],"isrc":["USWB17700031"],"label":["Warner Bros. Records"],"language":["eng"],"media":["HDCD"],"musicbrainz_albumartistid":["b665b768-0d83-4363-950c-31ed39317c15"],"musicbrainz_albumid":["74d8b208-8aa7-3698-9767-14e847969e5e"],"musicbrainz_artistid":["b665b768-0d83-4363-950c-31ed39317c15"],"musicbrainz_recordingid":["b03602f1-a3fd-4c66-b405-be5356752f73"],"musicbrainz_releasegroupid":["43a0e8b5-6059-397f-81e6-b8df5a648496"],"musicbrainz_releasetrackid":["aa07b4f3-96c8-3c35-961f-0232b78ca5e5"],"musicbrainz_workid":["aac180ec-25d0-365c-84c0-5a5816a9d1a8"],"originaldate":["1978-02-10"],"performer":["Alex Van Halen (drums)","Eddie Van Halen (guitar)","David Lee Roth (vocals)","Michael Anthony (electric bass guitar)","Michael Anthony (background vocals)","David Lee Roth (lead vocals)"],"producer":["Ted Templeman"],"releasecountry":["XE"],"releasestatus":["official"],"releasetype":["album"],"script":["Latn"],"title":["Ain't Talkin' 'Bout Love"],"totaldiscs":["1"],"totaltracks":["11"],"tracknumber":["4"],"tracktotal":["11"],"work":["Ain't Talkin' 'Bout Love"]},"version":{"essentia":"2.1-beta1","essentia_build_sha":"7598a69e7b456135ce4c070efb04a3d0ebb71fdd","essentia_git_sha":"v2.1_beta1-6-g5578087","extractor":"music 1.0"}},"rhythm":{"beats_count":525,"beats_loudness":{"dmean":0.0138341067359,"dmean2":0.0249367915094,"dvar":0.00013640