{"lowlevel":{"average_loudness":0.930248379707,"barkbands":{"dmean":[0.00767307030037,0.0215366370976,0.004130827263,0.00149351474829,0.00191788526718,0.00154763471801,0.000545701186638,0.000526852847543,0.000856383529026,0.000830765988212,0.0015076843556,0.00187503732741,0.000465405202704,0.000417088944232,0.000255084858509,0.0001116758649,0.000104955724964,0.0000668257489451,0.0000487950783281,0.000030848364986,0.0000264797417913,0.0000121907378343,0.00000758681744628,0.00000367354664377,0.00000354736380359,0.00000441466590928,0.0000814642917248],"dmean2":[0.012789462693,0.0360238216817,0.00694469409063,0.00249184132554,0.00307774078101,0.00243277428672,0.000899272330571,0.000851145246997,0.00140667101368,0.0013536203187,0.00251588784158,0.00318301119842,0.000776008993853,0.000677472387906,0.000420012773247,0.000180094779353,0.000166958852788,0.000102552301541,0.0000741321127862,0.0000462247226096,0.0000382671496482,0.0000180013612407,0.0000115117709356,0.00000615819499217,0.00000594435823587,0.00000704742751623,0.000126340877614],"dvar":[0.000118177966215,0.000812606536783,0.0000537640917173,0.00000639860172669,0.000012486641026,0.0000131572287501,0.00000129013244532,0.00000151442543483,0.00000350953905581,0.00000323813242176,0.0000084650801,0.0000138232171594,4.63163047471e-7,3.9353392367e-7,1.52737641201e-7,5.94392517428e-8,5.52278258681e-8,1.73206498033e-8,1.32088180393e-8,6.09391204165e-9,1.08618767314e-8,7.35750183001e-10,4.50252418682e-10,4.05723961372e-11,3.77470520119e-11,8.37007546606e-11,1.06580335668e-8],"dvar2":[0.000311530515319,0.00217169616371,0.000137124385219,0.0000163862932823,0.0000282920664176,0.0000302819080389,0.00000326011195284,0.0000037555766994,0.00000872266991792,0.00000789647856436,0.0000241939815169,0.000039864647988,0.00000123384825201,0.0000010269162658,3.99358611958e-7,1.45916857264e-7,1.39695103485e-7,3.87449219375e-8,2.87687527134e-8,1.2846709474e-8,2.33797301519e-8,1.49679746375e-9,1.12413656161e-9,9.93082699408e-11,9.23489895666e-11,2.1145546425e-10,2.45738416282e-8],"max":[0.173406749964,0.380860030651,0.0769547075033,0.0371268130839,0.0882051885128,0.0689303129911,0.0310723409057,0.0436312928796,0.0439416579902,0.0465020351112,0.0575432442129,0.0727283880115,0.016167588532,0.0180072039366,0.0124096665531,0.0101442933083,0.0119078122079,0.00360200740397,0.00450282078236,0.00261024362408,0.00675729289651,0.000995451933704,0.00123130681459,0.0000910777962417,0.0000889751681825,0.000464113487396,0.0025822960306],"mean":[0.0102759078145,0.0302661750466,0.00436899671331,0.00167020817753,0.00320506165735,0.00236583244987,0.000787695171311,0.000761356612202,0.00132157932967,0.00129155348986,0.00247951550409,0.003288121894,0.000849717762321,0.000797002925538,0.000478643341921,0.000203721094294,0.000199767659069,0.000120551303553,0.000087332467956,0.0000546432893316,0.0000442736200057,0.0000189755191968,0.00000979933793133,0.00000344567183674,0.00000335593790624,0.00000516516547577,0.000209678095416],"median":[0.0063417586498,0.0201970096678,0.00183955661487,0.000749390979763,0.0013560638763,0.000755830435082,0.000412566907471,0.000353583251126,0.00059445889201,0.000539186934475,0.0012115839636,0.00190511299297,0.000604530912824,0.000551479286514,0.000339475285728,0.000116956740385,0.00011816478218,0.0000558638639632,0.0000347794302797,0.0000240652952925,0.0000158686216309,0.00000751911647967,0.00000337932988259,0.00000103052684608,0.00000102147521375,0.00000213795783566,0.000169427250512],"min":[4.61848527027e-25,2.29130645264e-24,1.45932266325e-24,9.25511828566e-25,6.17958292182e-24,6.37657568935e-24,7.16286254143e-24,3.45316761512e-24,1.81606335341e-23,6.76269628118e-24,1.5586332698e-23,2.15750964777e-23,1.44291652579e-23,2.31987867909e-23,4.39206008264e-23,7.39690132148e-23,4.68427088579e-23,1.01801426968e-22,1.34485650833e-22,1.5916813668e-22,2.58353385342e-22,2.79449873598e-22,4.00919231142e-22,5.34288044259e-22,7.97824737998e-22,1.30259186538e-21,1.91079589878e-21],"var":[0.000146734935697,0.00105325260665,0.0000518307606399,0.00000716572094461,0.0000399925847887,0.0000289521285595,0.00000173044372787,0.00000218593368118,0.00000608616392128,0.00000581147514822,0.0000170374059962,0.0000282968740066,9.27582277654e-7,9.11873087261e-7,2.93973016596e-7,1.131042211e-7,1.12830242927e-7,3.80403548661e-8,2.69094542205e-8,1.12326388191e-8,2.15699618167e-8,1.56991875055e-9,4.90268881048e-10,4.18479417785e-11,3.90065826861e-11,8.91779081136e-11,3.68928283478e-8]},"barkbands_crest":{"dmean":3.4552063942,"dmean2":5.73284053802,"dvar":8.23240947723,"dvar2":22.4040603638,"max":26.5732517242,"mean":12.7645769119,"median":12.3464183807,"min":2.86204648018,"var":22.1773796082},"barkbands_flatness_db":{"dmean":0.0357752405107,"dmean2":0.0571601726115,"dvar":0.000977398012765,"dvar2":0.00247842492536,"max":0.558239936829,"mean":0.191831156611,"median":0.180175453424,"min":0.0458685494959,"var":0.00435717450455},"barkbands_kurtosis":{"dmean":11.1714067459,"dmean2":18.0003108978,"dvar":691.783935547,"dvar2":1682.73999023,"max":1003.78265381,"mean":17.2830581665,"median":4.27240657806,"min":-1.73800039291,"var":2057.81201172},"barkbands_skewness":{"dmean":0.993388831615,"dmean2":1.58598101139,"dvar":1.11064779758,"dvar2":2.75661587715,"max":22.8857345581,"mean":2.55398488045,"median":1.96457028389,"min":-2.20353031158,"var":5.15793418884},"barkbands_spread":{"dmean":4.751932621,"dmean2":7.60598182678,"dvar":23.2498683929,"dvar2":56.3486709595,"max":118.746109009,"mean":15.7722826004,"median":16.0002098083,"min":0.0825082063675,"var":81.5112304688},"dissonance":{"dmean":0.0206337552518,"dmean2":0.0352711156011,"dvar":0.000467705976916,"dvar2":0.00130427908152,"max":0.500000119209,"mean":0.468426764011,"median":0.476494044065,"min":0.246151834726,"var":0.00086208054563},"dynamic_complexity":2.98274445534,"erbbands":{"dmean":[1.06760144234,3.52713274956,5.09406900406,4.81160640717,4.16987323761,7.52984857559,10.6355237961,14.1263275146,8.98056602478,9.23601722717,10.6030006409,19.2224178314,23.0667552948,37.0392227173,68.7119903564,61.7084197998,20.4162521362,20.3484611511,16.2803459167,8.41808128357,5.41975021362,5.51450443268,3.55509662628,3.08535408974,1.99691843987,1.45524859428,1.28479921818,0.828190863132,0.448398649693,0.331583082676,0.201811864972,0.0868127644062,0.0588594265282,0.0400116108358,0.0250607747585,0.0140145346522,0.00782889872789,0.00646646181121,0.00383488158695,0.0026099300012],"dmean2":[1.78610670567,5.90337181091,8.4682559967,7.97405767441,6.95095396042,12.1273231506,16.613243103,22.3857517242,14.6263685226,15.0754995346,17.2739715576,31.4926433563,38.0308876038,60.1164588928,115.139328003,103.654426575,33.5859718323,33.1024436951,26.5116100311,13.7711524963,8.55719852448,8.73028373718,5.43018770218,4.69662189484,3.00397634506,2.17857170105,1.87755119801,1.19538986683,0.656463503838,0.498906075954,0.308612704277,0.143107563257,0.0986522212625,0.0670671761036,0.0419577509165,0.0234064850956,0.0125501677394,0.00945290457457,0.00539270695299,0.00407351506874],"dvar":[1.88584947586,28.638710022,75.8113861084,64.3313293457,44.0374069214,228.329483032,697.194946289,1203.5982666,408.309020996,310.379119873,702.372924805,2013.59533691,2622.94311523,5138.22314453,19440.4492188,12649.5986328,829.991882324,1075.66271973,492.698730469,370.275115967,115.885734558,170.802230835,51.4334487915,47.7415809631,20.4601325989,14.0320196152,18.0989341736,11.0892848969,1.06271326542,0.742975413799,0.308118671179,0.0215593241155,0.0104072270915,0.00481029832736,0.00188003096264,0.000582060252782,0.000202169030672,0.000319804443279,0.0000887553323992,0.0000122211968119],"dvar2":[5.10003852844,75.7614440918,189.559936523,163.824569702,111.792503357,506.987182617,1603.19018555,2788.51513672,992.520690918,766.907470703,1778.90893555,4992.48095703,6545.71484375,13109.9150391,55997.078125,35362.5,2203.42504883,2812.39355469,1321.05151367,962.427001953,261.328369141,440.875946045,112.055786133,105.963905334,43.1681213379,29.4689884186,37.967124939,23.9330558777,2.06097459793,1.79066205025,0.762439072132,0.0521958060563,0.0254762675613,0.011772768572,0.00459903711453,0.00142304773908,0.00048736698227,0.000757397268899,0.000167187812622,0.0000328635214828],"max":[17.9222755432,75.2490997314,93.5286254883,118.991249084,122.005882263,472.338867188,734.279846191,756.104980469,534.869750977,445.900909424,1132.28015137,1198.10168457,1430.58752441,1701.75268555,2904.19824219,2421.41186523,656.719177246,955.495178223,420.739379883,1087.56567383,394.254180908,646.360290527,213.8175354,240.462661743,148.287307739,143.249710083,230.439468384,212.795028687,40.4149551392,47.3934593201,31.2961502075,2.16696214676,1.46798551083,1.0070912838,0.625796556473,0.350937277079,0.512035250664,1.01456403732,0.468945801258,0.0797019079328],"mean":[1.46366834641,4.44849777222,5.76512289047,5.70005273819,5.51166200638,12.2566547394,16.8587265015,21.3101558685,13.5044364929,14.4107723236,16.7041015625,29.4619503021,37.238697052,64.1665802002,123.894226074,115.297363281,43.7182731628,41.5774917603,33.8123817444,16.8206005096,11.230389595,10.9128055573,6.80177259445,5.70514535904,3.64683413506,2.60655665398,2.19756126404,1.35569536686,0.713302373886,0.461518377066,0.258752793074,0.0906580537558,0.0556373372674,0.0377748757601,0.0238511525095,0.0136015880853,0.00918737985194,0.0101805832237,0.00844917818904,0.00876022037119],"median":[0.950267076492,2.63901185989,2.83703064919,2.8133187294,3.30719017982,4.39099121094,4.96316146851,6.83161830902,6.22588062286,7.73303174973,8.65375328064,13.1244220734,17.3200531006,29.9387359619,67.0598220825,70.4037475586,32.968963623,29.7135181427,25.8295860291,11.591217041,6.8774728775,6.46554660797,3.31865572929,2.46380829811,1.53603577614,1.16170370579,0.860943973064,0.469099491835,0.285438597202,0.170478969812,0.0898571014404,0.0338911190629,0.0170555114746,0.0114124901593,0.00739542767406,0.00450219493359,0.00391747197136,0.00415378902107,0.00408553611487,0.00747839035466],"min":[1.22961213423e-22,3.1985338541e-22,2.25956299274e-21,6.04221227412e-21,6.98953804337e-21,2.93051576399e-20,4.02674785677e-20,5.16911336327e-20,9.73490509844e-20,2.26681040353e-19,1.71933664996e-19,4.57894151584e-19,3.61825110898e-19,6.17662122344e-19,1.03660278792e-18,8.92061144284e-19,1.33556530004e-18,1.64069485722e-18,2.08169968675e-18,3.30092110306e-18,3.60377074367e-18,3.078447155e-18,5.97181347512e-18,6.95240093613e-18,7.42906459129e-18,7.21746848188e-18,8.85124035436e-18,1.05309910612e-17,9.22507470604e-18,1.04860768083e-17,1.24389245031e-17,9.98986356653e-18,9.84365525735e-18,8.24970303238e-18,6.22261339608e-18,4.07830192722e-18,2.03807459484e-18,1.00674746147e-18,2.61290225484e-19,2.68893508115e-20],"var":[2.55127859116,30.8939781189,75.2571563721,69.9497299194,53.3519859314,697.992980957,1599.54516602,2642.10327148,642.603515625,509.503479004,955.625061035,3321.41088867,4386.68115234,11108.8984375,43270.96875,29711.6621094,2080.00195312,2447.94702148,1180.30041504,546.502990723,282.419494629,351.585266113,120.712631226,100.454078674,44.4955444336,25.9100494385,36.0629844666,23.0090961456,2.50410866737,0.938797354698,0.346549391747,0.0247587766498,0.0107500869781,0.00496547110379,0.00194638280664,0.00060730567202,0.000248907890636,0.00047321326565,0.000258857879089,0.0000592992255406]},"erbbands_crest":{"dmean":2.92216849327,"dmean2":4.84108543396,"dvar":6.51968765259,"dvar2":16.9711933136,"max":32.8332290649,"mean":9.69544506073,"median":8.81013774872,"min":2.35893750191,"var":17.6814670563},"erbbands_flatness_db":{"dmean":0.0281609334052,"dmean2":0.0441659577191,"dvar":0.00052771915216,"dvar2":0.00132006860804,"max":0.497078299522,"mean":0.177330613136,"median":0.175797134638,"min":0.0254416428506,"var":0.00231751496904},"erbbands_kurtosis":{"dmean":1.63604450226,"dmean2":2.61045908928,"dvar":8.54500770569,"dvar2":19.4942302704,"max":133.742660522,"mean":2.36890172958,"median":1.0798368454,"min":-1.75912356377,"var":46.9125938416},"erbbands_skewness":{"dmean":0.401666551828,"dmean2":0.631172120571,"dvar":0.131890028715,"dvar2":0.309058576822,"max":8.42335128784,"mean":-0.266112655401,"median":-0.354021251202,"min":-4.11616563797,"var":0.973093807697},"erbbands_spread":{"dmean":6.06842947006,"dmean2":9.54621601105,"dvar":36.331489563,"dvar2":84.116859436,"max":155.851486206,"mean":21.9362449646,"median":19.4111289978,"min":0.837574183941,"var":145.872131348},"gfcc":{"cov":[[18226.390625,753.616943359,-1731.03039551,-284.929443359,-32.6719703674,141.968887329,310.591308594,-129.824981689,3.46181416512,-61.3559417725,43.4674949646,150.435974121,-42.9130783081],[753.616943359,715.012329102,-143.484649658,-178.171630859,154.425872803,-55.4046401978,109.596595764,-113.165740967,36.775138855,-34.1956100464,39.7317047119,-31.4007034302,45.4378471375],[-1731.03039551,-143.484649658,562.28729248,190.632888794,-96.9588470459,134.659301758,-179.917160034,122.368370056,-67.5357208252,38.2052383423,-26.0637130737,-34.9155082703,-14.218919754],[-284.929443359,-178.171630859,190.632888794,312.745880127,-2.32894849777,-30.7845344543,-18.3797626495,38.7497329712,9.49200057983,20.4052639008,-35.8016891479,13.4226789474,-54.9165725708],[-32.6719703674,154.425872803,-96.9588470459,-2.32894849777,223.260345459,41.9423217773,115.99394989,-26.3200759888,47.6388702393,-7.01539564133,23.1950912476,-5.07222270966,16.2596664429],[141.968887329,-55.4046401978,134.659301758,-30.7845344543,41.9423217773,287.373901367,-33.5826568604,114.146980286,-32.0883750916,26.6285896301,11.3749780655,-19.059047699,18.3918495178],[310.591308594,109.596595764,-179.917160034,-18.3797626495,115.99394989,-33.5826568604,214.880813599,-35.0924186707,71.1013870239,-16.2487373352,14.4894065857,29.3067703247,-2.72191166878],[-129.824981689,-113.165740967,122.368370056,38.7497329712,-26.3200759888,114.146980286,-35.0924186707,166.040679932,9.98885536194,42.0168991089,3.87922286987,-17.3102035522,5.74687385559],[3.46181416512,36.775138855,-67.5357208252,9.49200057983,47.6388702393,-32.0883750916,71.1013870239,9.98885536194,97.8011474609,29.2339630127,6.98218727112,6.99787664413,-19.6005764008],[-61.3559417725,-34.1956100464,38.2052383423,20.4052639008,-7.01539564133,26.6285896301,-16.2487373352,42.0168991089,29.2339630127,64.7469406128,26.6571598053,-1.59310400486,0.406838059425],[43.4674949646,39.7317047119,-26.0637130737,-35.8016891479,23.1950912476,11.3749780655,14.4894065857,3.87922286987,6.98218727112,26.6571598053,61.1821174622,27.0892333984,22.085773468],[150.435974121,-31.4007034302,-34.9155082703,13.4226789474,-5.07222270966,-19.059047699,29.3067703247,-17.3102035522,6.99787664413,-1.59310400486,27.0892333984,66.3382797241,19.4227561951],[-42.9130783081,45.4378471375,-14.218919754,-54.9165725708,16.2596664429,18.3918495178,-2.72191166878,5.74687385559,-19.6005764008,0.406838059425,22.085773468,19.4227561951,76.357093811]],"icov":[[0.000195043437998,-0.000581419561058,0.00131804926787,-0.000881509331521,0.000801329442766,-0.000891803239938,0.000300442974549,-0.000230799239944,0.000496558495797,-0.000290363590466,0.000263836089289,-0.000493378378451,0.00031750233029],[-0.000581419561058,0.00436364160851,-0.00468503590673,0.00349853467196,-0.00304484018125,0.00299034756608,-0.00162972870748,0.00238530570641,-0.00331497262232,0.00305725215003,-0.00370384729467,0.0048838048242,-0.00262740976177],[0.00131804926787,-0.00468503590673,0.0134681547061,-0.00975146424025,0.00746824592352,-0.00836026389152,0.00423996290192,-0.00205977400765,0.00324373622425,-0.00106394814793,0.000282450608211,-0.00110056356061,0.000789481273387],[-0.000881509331521,0.00349853467196,-0.00975146424025,0.014475075528,-0.0104905767366,0.00936088338494,-0.00208994816057,-0.00269898027182,0.00414252839983,-0.0078568989411,0.0101258065552,-0.00898943562061,0.0065882448107],[0.000801329442766,-0.00304484018125,0.00746824592352,-0.0104905767366,0.0171844474971,-0.0102511430159,-0.00202214950696,0.00467187538743,-0.00750298053026,0.00896866526455,-0.0113621260971,0.0109671289101,-0.00698282709345],[-0.000891803239938,0.00299034756608,-0.00836026389152,0.00936088338494,-0.0102511430159,0.0133203612641,-0.00175099016633,-0.00542720546946,0.00570030231029,-0.00569074554369,0.0053450576961,-0.00433251215145,0.00326505699195],[0.000300442974549,-0.00162972870748,0.00423996290192,-0.00208994816057,-0.00202214950696,-0.00175099016633,0.0113881640136,-0.00145083270036,-0.00435076793656,0.00352320610546,0.000454627763247,-0.00503659667447,0.00180665333755],[-0.000230799239944,0.00238530570641,-0.00205977400765,-0.00269898027182,0.00467187538743,-0.00542720546946,-0.00145083270036,0.0150678344071,-0.00940475706011,0.00344041734934,-0.00770515482873,0.0109730381519,-0.00774222007021],[0.000496558495797,-0.00331497262232,0.00324373622425,0.00414252839983,-0.00750298053026,0.00570030231029,-0.00435076793656,-0.00940475706011,0.0335044823587,-0.0261982940137,0.019201470539,-0.0174682736397,0.0142420381308],[-0.000290363590466,0.00305725215003,-0.00106394814793,-0.0078568989411,0.00896866526455,-0.00569074554369,0.00352320610546,0.00344041734934,-0.0261982940137,0.0484529212117,-0.0343436859548,0.0228029713035,-0.0113535923883],[0.000263836089289,-0.00370384729467,0.000282450608211,0.0101258065552,-0.0113621260971,0.0053450576961,0.000454627763247,-0.00770515482873,0.019201470539,-0.0343436859548,0.0520434193313,-0.0327706299722,0.00981013663113],[-0.000493378378451,0.0048838048242,-0.00110056356061,-0.00898943562061,0.0109671289101,-0.00433251215145,-0.00503659667447,0.0109730381519,-0.0174682736397,0.0228029713035,-0.0327706299722,0.0457357428968,-0.0189114511013],[0.00031750233029,-0.00262740976177,0.000789481273387,0.0065882448107,-0.00698282709345,0.00326505699195,0.00180665333755,-0.00774222007021,0.0142420381308,-0.0113535923883,0.00981013663113,-0.0189114511013,0.0267605353147]],"mean":[-21.8155384064,128.096740723,-95.0480499268,-7.05451250076,-2.9536690712,2.80991244316,6.41241264343,-12.8541488647,-4.51885795593,-4.1358704567,1.92021846771,1.27870464325,0.283460944891]},"hfc":{"dmean":19.6303348541,"dmean2":30.3169021606,"dvar":928.305297852,"dvar2":2246.0378418,"max":456.52230835,"mean":66.8670730591,"median":59.7975120544,"min":1.07011508813e-16,"var":2605.13916016},"melbands":{"dmean":[0.00752255134284,0.00313513632864,0.000781409151386,0.000387037434848,0.000373468850739,0.000303372595226,0.00012927496573,0.000106570441858,0.0000933371702558,0.00012558970775,0.000118793235742,0.000147730854223,0.000211488251807,0.000246079871431,0.0000851266595419,0.0000437767739641,0.0000411062937928,0.0000305238354485,0.0000174384094862,0.00000902777446754,0.00000668973643769,0.00000659221677779,0.00000413444786318,0.00000330813259097,0.00000262281173491,0.00000177771937615,0.000001181054472,9.96799030872e-7,8.66593381943e-7,7.1329674256e-7,4.24819262435e-7,2.65857607928e-7,2.29211067904e-7,1.72169137613e-7,1.30244188767e-7,7.25867508322e-8,4.77336214999e-8,4.18215968523e-8,3.68664885286e-8,3.26633085024e-8],"dmean2":[0.012544196099,0.00516735669225,0.00128011917695,0.000629616435617,0.000584308581892,0.000479022332001,0.000210924816201,0.000173965803697,0.000152879569214,0.00020625628531,0.000196071647224,0.000239467262872,0.000353481882485,0.00041874096496,0.000141064359923,0.0000725430945749,0.0000671521993354,0.0000499664856761,0.0000289288200293,0.0000147538439705,0.0000107107543954,0.0000105831095425,0.00000649546609566,0.00000514459679835,0.00000407128300139,0.00000271996395895,0.0000018137952793,0.00000152185225488,0.00000129892237055,0.00000106199991023,6.24852305009e-7,3.96804750835e-7,3.4939958482e-7,2.61790745526e-7,1.99586025929e-7,1.1593927951e-7,8.00454813543e-8,7.01201940956e-8,6.18236200012e-8,5.47406777685e-8],"dvar":[0.0000937287186389,0.0000236032592511,0.00000152787606567,4.37698787437e-7,7.27447513782e-7,5.13401460012e-7,7.79712578947e-8,4.50271286923e-8,4.93194605156e-8,8.38697076233e-8,7.00598050685e-8,8.41205363145e-8,1.70715821923e-7,2.64202952849e-7,1.71155125628e-8,4.54323023646e-9,4.3311225717e-9,1.73905956302e-9,8.82841411087e-10,5.0854009892e-10,1.66291910797e-10,2.37705632955e-10,8.14138617633e-11,4.18520426648e-11,3.68010413809e-11,1.80937435174e-11,8.03094049595e-12,7.11674035675e-12,6.2262508517e-12,1.02103317121e-11,2.53921167946e-12,4.22493691508e-13,2.55030507346e-13,2.67244966391e-13,1.56523082798e-13,1.85709026011e-14,6.84978561434e-15,5.26189911142e-15,4.08909983375e-15,3.20429853441e-15],"dvar2":[0.00025100557832,0.0000593802724325,0.00000384887425753,0.00000101452940271,0.00000165613880654,0.00000118589230169,1.89356853753e-7,1.09543144333e-7,1.24271451796e-7,2.08518855516e-7,1.74235978534e-7,2.12426684243e-7,4.96934887906e-7,7.63955256389e-7,4.48297221567e-8,1.19354455208e-8,1.11114051293e-8,4.70984540257e-9,2.32410735101e-9,1.29445509867e-9,3.79460574074e-10,6.44894804225e-10,1.81439127611e-10,9.51888290412e-11,8.45377101655e-11,4.01135305528e-11,1.84623254185e-11,1.56056417788e-11,1.31857632452e-11,2.36274298737e-11,5.3903062569e-12,8.39980754223e-13,5.81099350496e-13,6.82341498841e-13,3.96877870195e-13,4.29264202038e-14,1.67560599727e-14,1.28851219448e-14,1.00130254972e-14,7.84198433864e-15],"max":[0.128852576017,0.067021496594,0.0183714460582,0.0238173101097,0.0197520647198,0.0148689271882,0.00723928166553,0.00656626326963,0.00808884669095,0.00767630431801,0.00735209090635,0.00639975443482,0.0088309859857,0.0104817328975,0.0025703033898,0.00199854793027,0.00218719034456,0.000802718685009,0.00114789407235,0.00116082292516,0.000500904163346,0.000747483223677,0.00044545927085,0.000208596116863,0.00021694721363,0.000158838462085,0.0000966136867646,0.000112554502266,0.000100832301541,0.000210678364965,0.0000878841310623,0.0000286886352114,0.0000192998377315,0.0000307953559968,0.0000230861023738,0.00000482949826619,0.00000117529191357,0.00000104237687992,9.24925927848e-7,8.23302343633e-7],"mean":[0.0109312795103,0.0039952644147,0.00097930256743,0.000593950797338,0.00063185376348,0.000466335797682,0.000195079657715,0.000163213800988,0.000143571902299,0.000190198246855,0.000183300537174,0.000242724898271,0.000374085910153,0.000421802600613,0.000156506604981,0.0000797745087766,0.000077294302173,0.0000581696949666,0.0000318437523674,0.000015634461306,0.0000126925897348,0.0000122107776406,0.000007229469702,0.00000571183227294,0.00000455077997685,0.00000301405907521,0.00000201555485546,0.00000166766267284,0.0000014335519154,0.00000111463543817,6.67718609293e-7,4.0782100541e-7,3.28715827891e-7,2.25137839038e-7,1.64440834283e-7,8.43814120799e-8,4.47456294239e-8,3.92060535148e-8,3.46377468929e-8,3.08045429165e-8],"median":[0.00741549115628,0.0023667733185,0.000515417661518,0.000291095027933,0.000192734776647,0.00014915515203,0.0000942070473684,0.0000823808513815,0.0000731622130843,0.0000832183723105,0.000080772813817,0.000107522268081,0.000193729036255,0.000234190636547,0.000104611652205,0.0000556507584406,0.0000523837152286,0.0000431472544733,0.0000217732522287,0.00000885654662852,0.00000750653362047,0.00000719641275282,0.00000357450608135,0.00000259313992501,0.00000189627144209,0.00000117217985007,8.65257334226e-7,7.2386615102e-7,5.67547431274e-7,3.65621190213e-7,2.25946649834e-7,1.60102771929e-7,1.27256498672e-7,7.76172015549e-8,5.45943485974e-8,3.17372119696e-8,1.33567130689e-8,1.16855565224e-8,1.03533484008e-8,9.26338117324e-9],"min":[1.50359708713e-24,8.14489911348e-25,1.65644224017e-24,1.21923580498e-24,1.14283620403e-24,1.12934490761e-24,1.56438197532e-24,2.22669716678e-24,1.23049452642e-24,2.53106514478e-24,1.27727821823e-24,2.04585810123e-24,2.46312351324e-24,2.96666309259e-24,1.3207080679e-24,1.58003682138e-24,2.15559161137e-24,2.09109039945e-24,4.47624092867e-24,3.67370788067e-24,3.40902493102e-24,2.3740942492e-24,4.29466999741e-24,4.75801691642e-24,4.69393301193e-24,4.66929767472e-24,4.54805527561e-24,3.98578874896e-24,4.69331217839e-24,4.8229074312e-24,5.01923873886e-24,5.01548809968e-24,4.60209145876e-24,4.84200220384e-24,6.31889141894e-24,5.80991362973e-24,4.72482835485e-24,6.13610879733e-24,6.5984294083e-24,6.26011142074e-24],"var":[0.000128291998408,0.0000258643394773,0.00000176992705292,9.37585298288e-7,0.00000214114083974,0.00000116826447538,1.25603534684e-7,7.42291135225e-8,6.96719624216e-8,1.38711186537e-7,1.14904551651e-7,1.73076173837e-7,3.81929368132e-7,5.23602864178e-7,3.79726650124e-8,8.71992078544e-9,9.73152758377e-9,3.76561137827e-9,1.52354873162e-9,7.72762964729e-10,3.73802072628e-10,4.38743347209e-10,1.76871225999e-10,8.65580870868e-11,6.9969453842e-11,3.443920496e-11,1.41518905969e-11,1.16646787715e-11,1.22422827084e-11,1.77402641188e-11,5.38159881242e-12,9.30529199701e-13,4.14596173148e-13,2.71204418515e-13,1.59389455844e-13,2.77019211606e-14,7.06932215471e-15,5.42123786726e-15,4.2133489792e-15,3.30823900616e-15]},"melbands_crest":{"dmean":5.28858137131,"dmean2":8.73771953583,"dvar":19.1798381805,"dvar2":50.7809562683,"max":38.4702072144,"mean":21.5868091583,"median":21.6107597351,"min":1.5597410202,"var":53.5015563965},"melbands_flatness_db":{"dmean":0.0433667637408,"dmean2":0.0695561692119,"dvar":0.00134202407207,"dvar2":0.00345351081342,"max":0.692013204098,"mean":0.311795771122,"median":0.301719814539,"min":0.00220232480206,"var":0.00644801836461},"melbands_kurtosis":{"dmean":15.9149999619,"dmean2":25.9933300018,"dvar":1610.6697998,"dvar2":3984.14794922,"max":1190.03674316,"mean":22.9484176636,"median":6.7648692131,"min":-1.80106365681,"var":3002.58154297},"melbands_skewness":{"dmean":1.21364808083,"dmean2":1.9539706707,"dvar":1.68761897087,"dvar2":4.18208456039,"max":29.7223072052,"mean":3.19935870171,"median":2.58981370926,"min":-1.66310036182,"var":6.03263759613},"melbands_spread":{"dmean":5.63537740707,"dmean2":9.1328458786,"dvar":33.9125442505,"dvar2":81.9279556274,"max":172.669754028,"mean":16.0041122437,"median":13.9405899048,"min":0.0755154117942,"var":219.159744263},"mfcc":{"cov":[[8219.3125,873.423034668,-1078.02453613,49.0506362915,-401.998596191,236.610977173,21.1509628296,195.527160645,-10.6219425201,1.66891932487,0.77683454752,-0.24803750217,156.606704712],[873.423034668,1132.49353027,-304.555114746,-85.6663360596,-12.021859169,122.123855591,91.9536743164,11.6952610016,30.9423027039,-10.8362531662,12.7839050293,16.8228378296,22.4494857788],[-1078.02453613,-304.555114746,662.762756348,-15.5099897385,174.213516235,-89.0590896606,5.83899688721,-43.4226722717,-15.2763633728,21.532251358,-6.08816051483,-1.58418142796,-46.4493942261],[49.0506362915,-85.6663360596,-15.5099897385,356.367645264,-40.0937232971,18.9392719269,-58.2698249817,17.5024833679,-9.525847435,11.7150163651,17.2171611786,-17.9360733032,14.9684934616],[-401.998596191,-12.021859169,174.213516235,-40.0937232971,199.76210022,18.0719127655,56.6818771362,-8.25954532623,25.5160541534,16.5276126862,9.60566043854,27.8776416779,-17.4676876068],[236.610977173,122.123855591,-89.0590896606,18.9392719269,18.0719127655,141.790679932,44.999961853,40.5129737854,14.5603303909,3.00696516037,5.72757577896,4.79483699799,27.9446926117],[21.1509628296,91.9536743164,5.83899688721,-58.2698249817,56.6818771362,44.999961853,118.743545532,36.3950386047,32.6270332336,3.08322834969,-5.04724264145,21.0430374146,10.0364141464],[195.527160645,11.6952610016,-43.4226722717,17.5024833679,-8.25954532623,40.5129737854,36.3950386047,90.829788208,35.6015319824,12.9576101303,9.53349304199,4.37872362137,24.6486778259],[-10.6219425201,30.9423027039,-15.2763633728,-9.525847435,25.5160541534,14.5603303909,32.6270332336,35.6015319824,81.1371154785,37.1198616028,11.4648504257,24.2184123993,6.98193120956],[1.66891932487,-10.8362531662,21.532251358,11.7150163651,16.5276126862,3.00696516037,3.08322834969,12.9576101303,37.1198616028,67.2290878296,40.2683525085,14.2715969086,7.45471715927],[0.77683454752,12.7839050293,-6.08816051483,17.2171611786,9.60566043854,5.72757577896,-5.04724264145,9.53349304199,11.4648504257,40.2683525085,66.5203857422,28.6743106842,8.99647426605],[-0.24803750217,16.8228378296,-1.58418142796,-17.9360733032,27.8776416779,4.79483699799,21.0430374146,4.37872362137,24.2184123993,14.2715969086,28.6743106842,62.2550086975,23.4448471069],[156.606704712,22.4494857788,-46.4493942261,14.9684934616,-17.4676876068,27.9446926117,10.0364141464,24.6486778259,6.98193120956,7.45471715927,8.99647426605,23.4448471069,58.5500564575]],"icov":[[0.000176735586138,-0.0000924699270399,0.000201494680368,0.0000052149334806,0.000149240790051,-0.0000590630406805,0.0000601452848059,-0.000401274039177,0.000461700401502,-0.00048918905668,0.00041652758955,-0.000285144196823,0.00000998939140118],[-0.0000924699270399,0.00123214058112,0.000366546562873,0.000192440231331,-0.0000669675209792,-0.000609307782724,-0.000899263541214,0.00114937755279,-0.000883414235432,0.000946527288761,-0.0011437718058,0.000754205917474,-0.000183821786777],[0.000201494680368,0.000366546562873,0.00294953281991,-0.000134320900543,-0.00233957963064,0.00143793027382,-0.000237575688516,-0.000600254337769,0.00215663178824,-0.00240163342096,0.00162674975581,-0.000225805037189,0.000493009050842],[0.0000052149334806,0.000192440231331,-0.000134320900543,0.00339908781461,0.000154437060701,-0.000924554187804,0.00189196038991,-0.000708757957909,-0.000244182156166,0.000164191325894,-0.00109639239963,0.00124677421991,-0.000924433639739],[0.000149240790051,-0.0000669675209792,-0.00233957963064,0.000154437060701,0.00963537581265,-0.0028322073631,-0.00311064487323,0.00179554137867,-0.00140731339343,-0.000395570183173,-0.000270828721114,-0.00371637102216,0.00348254689015],[-0.0000590630406805,-0.000609307782724,0.00143793027382,-0.000924554187804,-0.0028322073631,0.0112837040797,-0.00269834185019,-0.00240455404855,0.000804972602054,0.000390992965549,-0.00107267487328,0.00308993831277,-0.00420512584969],[0.0000601452848059,-0.000899263541214,-0.000237575688516,0.00189196038991,-0.00311064487323,-0.00269834185019,0.0155237326398,-0.00595405977219,-0.000738064525649,-0.000639938050881,0.0047186720185,-0.00455631967634,0.000986061058939],[-0.000401274039177,0.00114937755279,-0.000600254337769,-0.000708757957909,0.00179554137867,-0.00240455404855,-0.00595405977219,0.0215302482247,-0.0120524484664,0.00719641521573,-0.00898372381926,0.00951058510691,-0.00792927760631],[0.000461700401502,-0.000883414235432,0.00215663178824,-0.000244182156166,-0.00140731339343,0.000804972602054,-0.000738064525649,-0.0120524484664,0.0308773275465,-0.0224108994007,0.0160264708102,-0.0154404565692,0.00816505216062],[-0.00048918905668,0.000946527288761,-0.00240163342096,0.000164191325894,-0.000395570183173,0.000390992965549,-0.000639938050881,0.00719641521573,-0.0224108994007,0.0414099805057,-0.0279710609466,0.0148920631036,-0.00849146489054],[0.00041652758955,-0.0011437718058,0.00162674975581,-0.00109639239963,-0.000270828721114,-0.00107267487328,0.0047186720185,-0.00898372381926,0.0160264708102,-0.0279710609466,0.0400508567691,-0.0222746320069,0.00871513411403],[-0.000285144196823,0.000754205917474,-0.000225805037189,0.00124677421991,-0.00371637102216,0.00308993831277,-0.00455631967634,0.00951058510691,-0.0154404565692,0.0148920631036,-0.0222746320069,0.038022313267,-0.0176879577339],[0.00000998939140118,-0.000183821786777,0.000493009050842,-0.000924433639739,0.00348254689015,-0.00420512584969,0.000986061058939,-0.00792927760631,0.00816505216062,-0.00849146489054,0.00871513411403,-0.0176879577339,0.0298167429864]],"mean":[-679.073852539,187.977081299,-22.0247154236,18.1413478851,5.44013929367,26.1295509338,15.5122308731,11.0933351517,3.78686833382,1.54526102543,3.64328789711,4.23138952255,6.25930929184]},"pitch_salience":{"dmean":0.10363702476,"dmean2":0.17084659636,"dvar":0.00760559178889,"dvar2":0.0196258015931,"max":0.854402422905,"mean":0.449739843607,"median":0.462264448404,"min":0.0437177158892,"var":0.0214242208749},"silence_rate_20dB":{"dmean":0,"dmean2":0,"dvar":0,"dvar2":0,"max":1,"mean":1,"median":1,"min":1,"var":0},"silence_rate_30dB":{"dmean":0.135082378983,"dmean2":0.270185858011,"dvar":0.116819083691,"dvar2":0.246384218335,"max":1,"mean":0.82831043005,"median":1,"min":0,"var":0.142198488116},"silence_rate_60dB":{"dmean":0.00296712736599,"dmean2":0.00593471806496,"dvar":0.002958888188,"dvar2":0.00761836022139,"max":1,"mean":0.027873205021,"median":0,"min":0,"var":0.0270976610482},"spectral_centroid":{"dmean":160.709518433,"dmean2":243.369247437,"dvar":37894.203125,"dvar2":71667.09375,"max":11724.1025391,"mean":961.713623047,"median":880.453735352,"min":100.97480011,"var":932466.0625},"spectral_complexity":{"dmean":3.18247842789,"dmean2":4.82555055618,"dvar":8.93590259552,"dvar2":17.775686264,"max":57,"mean":19.7902870178,"median":21,"min":0,"var":77.4844894409},"spectral_contrast_coeffs":{"dmean":[0.053628757596,0.0492600649595,0.0411513671279,0.030107665807,0.0230646543205,0.0440515689552],"dmean2":[0.0877256318927,0.0817105546594,0.06879542768,0.049743514508,0.0376781597733,0.0711427256465],"dvar":[0.00182802183554,0.00152951246127,0.00105387414806,0.000549621647224,0.000391155772377,0.00174022221472],"dvar2":[0.00477594416589,0.00412494782358,0.00282310391776,0.0014637109125,0.00102749757934,0.00428194738925],"max":[-0.232335746288,-0.454967319965,-0.536696076393,-0.596318542957,-0.66824388504,-0.43229585886],"mean":[-0.729929506779,-0.779695868492,-0.790473341942,-0.799948692322,-0.826463758945,-0.777370333672],"median":[-0.741535186768,-0.786409020424,-0.792428672314,-0.798020780087,-0.823297441006,-0.792725920677],"min":[-0.982542514801,-0.977435648441,-0.976989746094,-0.978927791119,-0.972679615021,-0.96519613266],"var":[0.00691911857575,0.00432042824104,0.0031560016796,0.0021120486781,0.00141632033046,0.00508339703083]},"spectral_contrast_valleys":{"dmean":[0.396111667156,0.388510704041,0.329231113195,0.289384067059,0.343236446381,0.793486297131],"dmean2":[0.640574574471,0.621039807796,0.517743587494,0.443467140198,0.510360300541,1.2857824564],"dvar":[0.109959959984,0.116038806736,0.0940204486251,0.086584687233,0.132276654243,0.438023477793],"dvar2":[0.263019263744,0.267608642578,0.201151221991,0.172941610217,0.284490317106,1.12146139145],"max":[-4.78177022934,-4.77461576462,-4.56267261505,-5.65925645828,-5.5539021492,-8.78474521637],"mean":[-6.56633853912,-6.68261289597,-6.65605974197,-7.37262773514,-8.06335449219,-11.3190412521],"median":[-6.27395391464,-6.38740587234,-6.25588560104,-6.94897508621,-7.74175596237,-11.1049013138],"min":[-27.8926944733,-28.0160484314,-27.7951755524,-27.7488059998,-27.5005016327,-27.4411468506],"var":[4.17789459229,4.17442512512,4.52936220169,4.17156648636,3.89948415756,3.19601726532]},"spectral_decrease":{"dmean":7.72981412211e-9,"dmean2":1.25126335959e-8,"dvar":8.27909656458e-17,"dvar2":2.15927730027e-16,"max":2.33562194736e-28,"mean":-1.62023745531e-8,"median":-1.39308848901e-8,"min":-1.16476286394e-7,"var":1.43534894519e-16},"spectral_energy":{"dmean":0.0299965459853,"dmean2":0.0482998378575,"dvar":0.00121969298925,"dvar2":0.00315904058516,"max":0.447528332472,"mean":0.0672165825963,"median":0.058823376894,"min":9.74612470485e-21,"var":0.00222655525431},"spectral_energyband_high":{"dmean":0.0000965132130659,"dmean2":0.000136892733281,"dvar":4.29035225125e-8,"dvar2":8.01312296517e-8,"max":0.00944121275097,"mean":0.000204590367503,"median":0.000109757638711,"min":7.01355697729e-21,"var":1.22984559425e-7},"spectral_energyband_low":{"dmean":0.0271980017424,"dmean2":0.0447255149484,"dvar":0.00113126891665,"dvar2":0.00299777509645,"max":0.441588640213,"mean":0.0438459441066,"median":0.032423183322,"min":2.10211409952e-23,"var":0.00167134718504},"spectral_energyband_middle_high":{"dmean":0.00320051261224,"dmean2":0.00511370971799,"dvar":0.0000249593304034,"dvar2":0.000069401867222,"max":0.101019173861,"mean":0.00964474584907,"median":0.007131987717,"min":1.08009875888e-21,"var":0.000114639311505},"spectral_energyband_middle_low":{"dmean":0.00459129642695,"dmean2":0.00709652295336,"dvar":0.0000372780959879,"dvar2":0.0000874637335073,"max":0.106887713075,"mean":0.0104741565883,"median":0.00693140178919,"min":1.87008678856e-22,"var":0.00011544256995},"spectral_entropy":{"dmean":0.186890661716,"dmean2":0.293727248907,"dvar":0.0325439050794,"dvar2":0.0817973017693,"max":9.82574272156,"mean":7.32649087906,"median":7.35879659653,"min":3.82584929466,"var":0.216379076242},"spectral_flux":{"dmean":0.0424441024661,"dmean2":0.06822912395,"dvar":0.00182834162842,"dvar2":0.00434765499085,"max":0.517696499825,"mean":0.140344247222,"median":0.133827745914,"min":6.32785768229e-11,"var":0.0043784910813},"spectral_kurtosis":{"dmean":7.32973718643,"dmean2":11.7065753937,"dvar":63.5109901428,"dvar2":168.074493408,"max":115.822685242,"mean":22.5660915375,"median":20.2203731537,"min":-1.27322256565,"var":139.582138062},"spectral_rms":{"dmean":0.00172944797669,"dmean2":0.00270970910788,"dvar":0.0000027951082302,"dvar2":0.00000683191183271,"max":0.0208952873945,"mean":0.00755706243217,"median":0.00757553055882,"min":3.08357159251e-12,"var":0.00000846789680509},"spectral_rolloff":{"dmean":501.783630371,"dmean2":904.765014648,"dvar":3752663,"dvar2":10818892,"max":21985.4003906,"mean":1029.83569336,"median":925.927734375,"min":43.06640625,"var":4847942},"spectral_skewness":{"dmean":0.473372876644,"dmean2":0.738830566406,"dvar":0.227657407522,"dvar2":0.579588651657,"max":8.8290348053,"mean":3.19842171669,"median":3.12060070038,"min":-0.0698449611664,"var":0.804410099983},"spectral_spread":{"dmean":580759.8125,"dmean2":933964.9375,"dvar":410725056512,"dvar2":957903863808,"max":42740108,"mean":3386007.5,"median":2960521.75,"min":1063959,"var":11725460996100},"spectral_strongpeak":{"dmean":0.341543227434,"dmean2":0.607037067413,"dvar":0.505500555038,"dvar2":1.42016983032,"max":10.996462822,"mean":0.412154525518,"median":0.235172823071,"min":0,"var":0.481883049011},"zerocrossingrate":{"dmean":0.0229237508029,"dmean2":0.0310270208865,"dvar":0.000402660225518,"dvar2":0.000699123193044,"max":0.52197265625,"mean":0.115086041391,"median":0.111328125,"min":0.00390625,"var":0.00302665005438}},"metadata":{"audio_properties":{"analysis_sample_rate":44100,"bit_rate":130406,"codec":"mp3","downmix":"mix","equal_loudness":0,"length":297.377960205,"lossless":false,"md5_encoded":"8c9e1495cf52450ce1df19bff3dc443a","replay_gain":-10.2792720795,"sample_rate":44100},"tags":{"acoustid_fingerprint":["AQADtJKUS0mWRJhJ4zn6Ck0e5XiVoIquF-7xDDm-ktCRXhWqDGdUoVo4-BMRFhdUkTlyRUkNWxtx4T3ye3ghO1aEazx6idCy6fiWhcJl4wi_oXk55EqCd4JGObigEecDnYqGmjpEE6WNJ05T6GzwH1quHHUvXAsFnTK6vPiLklIqfMvw5eh4aBlpXIkYCp_wo3l0hGfCIM9xOduhZ0e8F-eJZzK6LYK9DCH0RNqQJz6e40fNJEKTHrmSQX3x49yELnkgdnGRmsclNJfxrMjTBzqqRw6aUkR0ZrjCoZKPJycqm0O-XLgqaI82hPmF38Hz4rY0oT6mlJEY_MinIHHkodOFs0aPetGRi4WWI9-y48pa_OCngbmOpkq0GXkO_UEelBl5POmHH28kCf2GZOknhMxxlscvCqcNO4qMK1EO_Ee8McSjQV_xyWiegeHxnHiM1xUY0ZbQFG-SsPiEsMePKj32kqjOIoX2CLlFzJHK4c4l4_tQobmRa1Es6Cxyajiz4VF2jOqSDVdEhD-S5S3eSMR3vBgzaRqm_ELNIw8HPciTDyFJDqfT4U4MMR2F8HjiYmbD4BdqB40qI2kTJcdFiUZ-_Clu4jvCcYJvDhotPG6EswY_gRe0zCK6TUmFn6gJ5T8eMsdv1ETOHEVTInIeKnh4_PB16PrxJEJo5_hDMMwVXD_OyRM6TiIyhYJGtkOea8J9HI1G5aiaZQquRDFyQv8QK8eLpouFJ0c-aHyQJxdxVviN5kE3JWqQhxGS62h4eGRQG0-NjkH6IBkzejgZCjia5Dn6XcgNPUfYG6eE4-GHPx7SI9mT4zmHa8cZ4myERq1RdR2uLMh_9DDHGF6jDip7nIdDSRSk8MdH4-qD8DkarTqy68IpHaouon2Qk2EG67TwIZozDXJlpEswSS-O1wqaHxUVDXkWjdAvhCG8Hz2zBufQTx7yQsuNK0-InBdy4XnhW_gkKN6O58TZDeqP7kI-4uGD82iWHQ9yCv9EoXko1MOnMNAowxms8EJ1bainZPggVgh5arjyMMH64PAl4tERWZkOPUdzD37xWwq6WMR76DvCTCfaE_-w9klQ_Wg-IbkSIVsvXMefDg9JvDiRRymSBaVO4pFpPHzwp_DxKESi88j944-FUgoDJ8cv5IN2IY-o4A04HucidCMaP0csRslxcZOg47pZ5GoqdJaKdzvyg8lu6HFSxDqOrlKOKaF2XFGMXIJe_EFIBk78EGkXQxPDzEF4NLtw5dSwH88LtyoeHXlT6EYfnHmGUEmmI_YYnGigvSauxNlwXlnwo8kV1IoSKcIX6dBPaPgYFT-eLUd_oSITNMefCXp-4T6hR5iiCxWTqVCpHDeuEyF5CT_qTNlwhLKiCYqyH7mWNbj44dmIWlKOxtlxJRryF_qPswzO7cJ5CRUpiBdCWnjGRUIeCzGdCo3YIhSXQMeP7NGG09mCJ4pkXNrRK0cK7R-yPlTwRVyEZ2jCC30iDl-GHLeOR4xRTu1wUiR-Bj-y5MXztHg6xDyam0G_QteNaxfC49txx4ND8fiSI7XyQUfzI6a-4DoY-WjWHLm2DfomHaHxHJWv4H-CMyXxrAjdSEiWJRKJPxz4R_gjTD8aFWeiI2cyFVpDhMsfPLnwDNcSBmEcCdqiHRF3CWdO_Kido3GSBLyYI3mD_PhYCS-P05SQZRxcBtqFPCdOxsL1ouO2I0zY4y2SMxx-gT2eiQmFxuJRPUXOHbqR5yr-TLhvVLmNp