{"lowlevel":{"average_loudness":0.153170108795,"barkbands":{"dmean":[0.0000111319941425,0.00103076524101,0.00119585683569,0.000897305842955,0.00086420821026,0.000525462208316,0.000346908956999,0.000275376078207,0.000478586211102,0.00057923264103,0.000322082894854,0.000426855374826,0.000383264443371,0.00040570445708,0.000149026789586,0.000189832266187,0.00017514861247,0.000228763339692,0.000155861649546,0.000182524279808,0.0000909228765522,0.0000813437218312,0.0000573591823922,0.0000264335176325,0.0000114535569082,0.00000362362038686,0.00000104060393369],"dmean2":[0.0000152574439198,0.00164113997016,0.00199919613078,0.00153348001186,0.0014295859728,0.000847392133437,0.000562075409107,0.000435274210759,0.000773623003624,0.000923160812818,0.000520453264471,0.000675677438267,0.000600140076131,0.000664187013172,0.000233224083786,0.000298357743304,0.000280519336229,0.000360994570656,0.000243001020863,0.000292189011816,0.000136458475026,0.00011417742644,0.0000805511226645,0.0000381169520551,0.0000156430960487,0.00000544311706108,0.00000174038143541],"dvar":[1.23116794537e-9,0.00000767154051573,0.00000760381863074,0.00000665970310365,0.00000465777111458,0.00000183181646207,0.00000118830450901,8.19936872176e-7,0.00000261642480837,0.00000511986263518,0.00000194035897039,0.00000261993773165,0.00000231185208577,0.00000241691282099,2.44296529672e-7,3.90903892367e-7,1.96885395098e-7,3.35228236281e-7,1.12596900692e-7,1.3668581289e-7,4.16594438946e-8,3.58019640601e-8,1.75547363312e-8,8.66399307853e-9,1.34162037035e-9,1.74028319533e-10,1.90487695062e-11],"dvar2":[2.36835062672e-9,0.0000176846242539,0.0000205309715966,0.0000181753639481,0.0000125115748233,0.00000455254439657,0.00000295189170174,0.00000168937799572,0.00000675757792123,0.0000133451585498,0.00000480258040625,0.00000609714379607,0.00000542072484677,0.0000067013052103,5.4639406244e-7,9.3957368108e-7,4.95666540701e-7,8.02424722224e-7,2.64405855432e-7,3.36376587029e-7,9.52039371782e-8,7.14347478947e-8,3.54475275799e-8,1.94937239684e-8,2.76816702893e-9,3.91852744697e-10,5.0522207945e-11],"max":[0.000796109845396,0.0587841197848,0.0397001802921,0.0502093434334,0.0459823086858,0.0440175421536,0.033472891897,0.0287005994469,0.0406000763178,0.0571061708033,0.0459412448108,0.0833010226488,0.0606226958334,0.0392232611775,0.0181539319456,0.0292586591095,0.0149640254676,0.0147279947996,0.00832128990442,0.00908392947167,0.00760992057621,0.00368286808953,0.00308334757574,0.00403185747564,0.00122326624114,0.000482792995172,0.000075374446169],"mean":[0.0000148581566464,0.0012919906294,0.00167643441819,0.00119504227769,0.00150174275041,0.000835390645079,0.000507863005623,0.000447100028396,0.000745134078898,0.000753344967961,0.000437387177953,0.000604448025115,0.000549435557332,0.000584972207434,0.000224821924348,0.000308159447741,0.000330940674758,0.000437605020124,0.000307648064336,0.000395536771975,0.000178643676918,0.000159799703397,0.000124358484754,0.0000500922942592,0.0000193889554794,0.00000562178911423,0.00000109172083285],"median":[5.70673591938e-7,0.0000651733862469,0.000070767782745,0.000107897503767,0.000408791180234,0.000261554232566,0.0000801735877758,0.000062210005126,0.000071313828812,0.0000657194759697,0.000051274044381,0.0000625685788691,0.0000520099783898,0.0000541073168279,0.0000531653568032,0.0000686286075506,0.000100365388789,0.000140276999446,0.000102245699964,0.000143977405969,0.0000428656858276,0.0000235497900576,0.0000316838268191,0.0000125635297081,0.00000360808144251,7.79743118073e-7,7.75684014798e-8],"min":[7.82179450569e-25,7.14866698944e-24,3.69612020785e-24,3.09328177598e-24,1.56148705301e-23,5.04276414877e-24,2.34743911253e-23,1.32968122265e-23,2.06879371928e-23,1.76156505554e-23,1.68697888804e-23,4.70057821842e-23,3.0590400851e-23,4.23933377149e-23,5.19873662255e-23,8.43303225516e-23,7.15949773413e-23,1.01042378694e-22,1.32569715953e-22,2.05889654415e-22,2.87208781295e-22,3.51436927431e-22,3.97778706458e-22,6.58622670829e-22,9.27783526303e-22,1.47149998561e-21,2.09014889081e-21],"var":[2.23166862767e-9,0.0000111216268124,0.0000135779246193,0.00000894723143574,0.00000780556274549,0.00000332766171596,0.00000213489624912,0.00000176851256128,0.00000393357595385,0.00000748967386244,0.00000278770380646,0.00000467637619295,0.00000426875703852,0.0000044031953621,4.00335267159e-7,6.04718252362e-7,4.49504398148e-7,8.44857311222e-7,3.05993609118e-7,4.47142042503e-7,1.2007900807e-7,1.11142384185e-7,5.36450279753e-8,1.42622802457e-8,2.45219311523e-9,2.98162217138e-10,1.75443201633e-11]},"barkbands_crest":{"dmean":2.71553516388,"dmean2":4.42078733444,"dvar":6.12735176086,"dvar2":15.4916267395,"max":24.7857456207,"mean":9.33947944641,"median":8.4944934845,"min":2.36554312706,"var":15.5005397797},"barkbands_flatness_db":{"dmean":0.0209318194538,"dmean2":0.031426448375,"dvar":0.000418210023781,"dvar2":0.000905362132471,"max":0.428782254457,"mean":0.137580603361,"median":0.124750509858,"min":0.0174948181957,"var":0.00342894508503},"barkbands_kurtosis":{"dmean":2.13731598854,"dmean2":3.30662512779,"dvar":15.6429538727,"dvar2":37.1414413452,"max":88.0891494751,"mean":2.19027686119,"median":0.247154116631,"min":-1.90621232986,"var":35.6508331299},"barkbands_skewness":{"dmean":0.535348415375,"dmean2":0.801468491554,"dvar":0.295839548111,"dvar2":0.667758405209,"max":7.46572160721,"mean":0.971608817577,"median":0.874690413475,"min":-6.67996025085,"var":1.51716315746},"barkbands_spread":{"dmean":6.55439853668,"dmean2":9.75438690186,"dvar":52.8953819275,"dvar2":110.930183411,"max":113.988540649,"mean":26.7798061371,"median":24.7754440308,"min":0.865859270096,"var":253.480697632},"dissonance":{"dmean":0.015603210777,"dmean2":0.026121456176,"dvar":0.000304013898131,"dvar2":0.000823609996587,"max":0.500000059605,"mean":0.470456719398,"median":0.478207528591,"min":0.281599521637,"var":0.000718353490811},"dynamic_complexity":6.90101146698,"erbbands":{"dmean":[0.0231006443501,0.269985318184,1.1558021307,2.15034294128,3.48364543915,2.58304595947,3.20130395889,4.7665143013,5.50622224808,3.88552379608,6.72279024124,10.2374696732,15.8964138031,14.8328866959,12.4414720535,17.1306743622,16.2072601318,12.7924060822,16.2509078979,8.40315437317,9.40360355377,9.6291475296,11.6797685623,8.46479797363,7.77539157867,8.51387214661,4.52583599091,3.3166012764,2.8958003521,2.3406047821,1.52013266087,0.726916611195,0.355896770954,0.162386998534,0.0657311454415,0.0215588845313,0.00572500610724,0.00111178867519,0.000176135246875,0.0000152394168254],"dmean2":[0.0330018028617,0.444819658995,1.95202863216,3.56564664841,6.0319314003,4.07926702499,5.04864835739,7.686876297,8.89958572388,6.08959436417,10.4538612366,16.4144954681,25.2214183807,23.5232276917,19.1219005585,27.3316650391,25.58335495,19.7516403198,26.9590644836,12.8493518829,14.4099082947,15.2939176559,18.1166095734,13.1919727325,11.9477043152,13.4784126282,6.96028423309,4.81319952011,4.13456010818,3.24547600746,2.17143797874,1.04737687111,0.515066921711,0.224905580282,0.09115768224,0.0312541127205,0.00886615365744,0.00177914567757,0.000292243814329,0.0000246214331128],"dvar":[0.00491456827149,0.497437357903,7.13187646866,29.1253013611,115.00881958,43.1415367126,74.9029998779,180.405197144,284.413421631,162.712127686,364.629394531,1202.70178223,2943.02905273,4522.0390625,2683.15063477,4753.37695312,4429.92382812,1472.97839355,5081.79492188,778.352233887,806.679260254,521.456481934,794.242248535,437.915161133,292.961120605,317.141662598,85.7499923706,55.6485557556,47.0995140076,32.1391334534,11.9460983276,4.18083333969,2.2729370594,0.316635727882,0.0417033992708,0.00542037421837,0.000503887829836,0.0000196637920453,5.55844621886e-7,2.41532549516e-9],"dvar2":[0.00997024495155,1.21568930149,19.4077854156,76.3661651611,328.529785156,101.345581055,183.014221191,464.890777588,714.587402344,348.897521973,808.048950195,3145.25195312,7517.70898438,10886.4189453,6591.79443359,11090.6689453,10431.2851562,3222.71850586,14521.7783203,1660.86523438,1934.62805176,1308.91870117,1860.89672852,1015.96191406,674.460693359,762.708007812,204.027999878,117.804153442,98.3180465698,61.5159988403,24.9101200104,8.28228378296,5.55818796158,0.714634239674,0.0797714143991,0.0116699077189,0.00116302981041,0.0000491150130983,0.00000147096034198,6.33328323119e-9],"max":[1.64510774612,14.5121660233,37.1727333069,124.507827759,165.588882446,239.035095215,232.837890625,534.921386719,600.438659668,523.560119629,416.665344238,1080.67504883,1173.00549316,2855.66552734,1980.48718262,3904.49926758,2686.73071289,1300.10949707,1880.19616699,1305.64587402,1021.60620117,761.450744629,853.920959473,608.096557617,482.162841797,569.776672363,287.068267822,242.273071289,153.521499634,149.020080566,75.6659469604,74.2125396729,68.7821578979,20.7204799652,5.5253200531,2.4836037159,0.866648495197,0.11524631083,0.0160421635956,0.000815297302324],"mean":[0.028993839398,0.333730518818,1.59097349644,3.41440033913,4.66105747223,4.71462583542,5.39498376846,7.3606543541,8.53701019287,6.5021905899,11.9916496277,15.9903659821,22.9821987152,20.4756717682,18.8461227417,26.3029689789,25.0282020569,20.2955570221,25.1429920197,14.7031850815,17.063533783,19.7837734222,23.39112854,18.1792106628,16.9415645599,18.3983726501,9.60018730164,6.58772420883,5.61446332932,4.76320981979,3.28951239586,1.51445508003,0.636918365955,0.273351103067,0.110180154443,0.0355510041118,0.00833106506616,0.00134830770548,0.000198502515559,0.0000281809661828],"median":[0.000968062202446,0.0183424539864,0.0827766507864,0.275072604418,0.782282829285,1.27021050453,1.94668400288,1.9235959053,1.70227789879,1.20730638504,1.79089426994,1.8605260849,2.31476640701,2.74079561234,2.66210794449,2.76834964752,2.77570176125,3.05726337433,3.12127804756,3.82802653313,4.40679359436,6.48903799057,7.82231903076,5.70856189728,5.88455295563,6.81875991821,2.97792816162,1.25172543526,0.827474355698,0.939129829407,0.861847102642,0.412593781948,0.149647265673,0.0573651567101,0.016263987869,0.00490981992334,0.00118463812396,0.000162703086971,0.0000212642516999,0.000010391113392],"min":[1.69157046872e-22,1.6215471358e-21,5.69266909249e-21,8.1077909119e-21,1.51240830782e-20,4.28810978847e-20,7.58843021623e-20,4.29809056267e-20,2.54256346844e-19,3.65920378714e-19,4.31312728449e-19,5.53151495443e-19,7.18269153418e-19,1.07253034385e-18,1.46376237176e-18,2.00787898696e-18,1.42908416875e-18,1.50584022234e-18,3.94965218091e-18,3.14819750579e-18,4.80507067162e-18,3.65270095845e-18,5.23155258775e-18,6.15804864055e-18,8.82015159822e-18,9.00298332901e-18,9.51402543761e-18,1.04159327195e-17,1.28965514236e-17,1.16637462541e-17,1.2546102295e-17,1.43115679385e-17,1.07656837077e-17,9.50371628564e-18,7.50566565192e-18,5.37173075025e-18,2.69619892893e-18,9.47874432333e-19,2.87716216212e-19,3.23506395537e-20],"var":[0.00757638458163,0.673730015755,11.5010871887,58.1087150574,119.617424011,89.6156997681,131.593994141,289.968139648,551.82598877,434.282714844,986.737976074,1786.04882812,4538.87988281,6619.57861328,4402.23339844,8995.28417969,7891.12304688,3170.89550781,9063.38476562,1487.21203613,1522.63806152,1426.56884766,2252.06396484,1207.0892334,933.641479492,1001.17120361,264.429656982,185.913101196,140.909057617,96.219543457,35.8709869385,10.0607833862,2.89081978798,0.47178030014,0.0903360694647,0.0108623867854,0.000749296275899,0.0000212797367567,5.32216517968e-7,2.83828427428e-9]},"erbbands_crest":{"dmean":2.87780332565,"dmean2":4.65370512009,"dvar":8.07336044312,"dvar2":19.8766880035,"max":31.9107494354,"mean":9.5256280899,"median":8.23942375183,"min":2.00787234306,"var":25.3773365021},"erbbands_flatness_db":{"dmean":0.0193250440061,"dmean2":0.0275311227888,"dvar":0.00038707931526,"dvar2":0.000752169871703,"max":0.474866509438,"mean":0.184007331729,"median":0.169769510627,"min":0.0302954614162,"var":0.00436125742272},"erbbands_kurtosis":{"dmean":1.22443807125,"dmean2":1.90650093555,"dvar":6.56174612045,"dvar2":15.7269182205,"max":84.1943969727,"mean":0.815978825092,"median":-0.0863878726959,"min":-1.77589690685,"var":12.9427261353},"erbbands_skewness":{"dmean":0.416018813848,"dmean2":0.623771250248,"dvar":0.178878724575,"dvar2":0.412787735462,"max":4.99381875992,"mean":0.00690648891032,"median":0.0225199572742,"min":-7.5165104866,"var":1.02835524082},"erbbands_spread":{"dmean":8.61431121826,"dmean2":12.9502420425,"dvar":79.1681976318,"dvar2":177.52671814,"max":126.49684906,"mean":37.4119377136,"median":34.9424285889,"min":1.29190957546,"var":348.282714844},"gfcc":{"cov":[[23229.9550781,1805.14123535,-828.354248047,1899.13452148,-287.266387939,814.823120117,-292.908416748,7.99406194687,-193.605300903,-326.134674072,-444.544036865,-253.705856323,-521.709655762],[1805.14123535,2128.51123047,649.94732666,342.602935791,340.998138428,206.212173462,362.200531006,-109.498023987,2.58414745331,-76.5487442017,-166.548919678,-69.6291427612,-144.433624268],[-828.354248047,649.94732666,1698.16308594,452.724975586,325.643493652,260.444915771,147.74987793,-29.4693870544,-53.9923171997,24.4925289154,-285.697967529,29.242067337,-167.93347168],[1899.13452148,342.602935791,452.724975586,913.759765625,178.496749878,142.445510864,-58.9526252747,-80.4573822021,54.7598190308,7.82825946808,-68.9065475464,-13.1989746094,-60.5419044495],[-287.266387939,340.998138428,325.643493652,178.496749878,444.219360352,186.667938232,97.2382125854,-7.85454368591,14.1782951355,26.4665851593,-34.7563896179,-5.9810090065,-69.1793823242],[814.823120117,206.212173462,260.444915771,142.445510864,186.667938232,460.884002686,210.115280151,7.55065822601,-48.199131012,18.4112224579,-60.8035125732,-35.7898826599,-148.722213745],[-292.908416748,362.200531006,147.74987793,-58.9526252747,97.2382125854,210.115280151,382.42477417,16.7623138428,-28.142824173,21.0830745697,-36.5669975281,-22.2782764435,-83.0551605225],[7.99406194687,-109.498023987,-29.4693870544,-80.4573822021,-7.85454368591,7.55065822601,16.7623138428,166.568389893,64.3938598633,-1.30770230293,-4.16659545898,-6.81907558441,15.0642871857],[-193.605300903,2.58414745331,-53.9923171997,54.7598190308,14.1782951355,-48.199131012,-28.142824173,64.3938598633,214.378005981,48.3289337158,13.2831068039,-12.2183856964,29.6458568573],[-326.134674072,-76.5487442017,24.4925289154,7.82825946808,26.4665851593,18.4112224579,21.0830745697,-1.30770230293,48.3289337158,141.577926636,61.1120071411,4.50426912308,5.70576715469],[-444.544036865,-166.548919678,-285.697967529,-68.9065475464,-34.7563896179,-60.8035125732,-36.5669975281,-4.16659545898,13.2831068039,61.1120071411,216.179351807,38.3242912292,70.5069122314],[-253.705856323,-69.6291427612,29.242067337,-13.1989746094,-5.9810090065,-35.7898826599,-22.2782764435,-6.81907558441,-12.2183856964,4.50426912308,38.3242912292,100.668701172,42.4954071045],[-521.709655762,-144.433624268,-167.93347168,-60.5419044495,-69.1793823242,-148.722213745,-83.0551605225,15.0642871857,29.6458568573,5.70576715469,70.5069122314,42.4954071045,158.080917358]],"icov":[[0.000125068967463,-0.000204646581551,0.000288620038191,-0.000318535312545,0.000263917696429,-0.000278103019809,0.000362904276699,-0.000412080407841,0.000324715860188,-0.000199609465199,0.000361701269867,-0.0002142614685,0.000336774013704],[-0.000204646581551,0.00113760889508,-0.000674198905472,0.000365623738617,-0.000793005980086,0.000738825125154,-0.00144216814078,0.00131773739122,-0.000919368991163,0.00112731091212,-0.000693297304679,0.000825484923553,-0.000528375792783],[0.000288620038191,-0.000674198905472,0.00185314693954,-0.00110498792492,0.000235026673181,-0.000622879771981,0.000887533067726,-0.00135369831696,0.00132646458223,-0.00156544160563,0.00243989680894,-0.00171902915463,0.00117575831246],[-0.000318535312545,0.000365623738617,-0.00110498792492,0.00244922214188,-0.000827901414596,0.0000135503069032,-0.000105249833723,0.00195564795285,-0.00166626018472,0.000761150382459,-0.00108993984759,0.000746766687371,-0.000973868533038],[0.000263917696429,-0.000793005980086,0.000235026673181,-0.000827901414596,0.00383441406302,-0.00164367177058,0.000929577334318,-0.000940926023759,0.000292937009363,-0.000711642729584,0.000312039221171,-0.00066328648245,0.000798654742539],[-0.000278103019809,0.000738825125154,-0.000622879771981,0.0000135503069032,-0.00164367177058,0.0051731839776,-0.00269768084399,0.0000757563029765,0.000271919241641,0.0000957546071731,-0.000897343095858,0.000673425383866,0.00198851060122],[0.000362904276699,-0.00144216814078,0.000887533067726,-0.000105249833723,0.000929577334318,-0.00269768084399,0.00579877290875,-0.00195040064864,0.00136597279925,-0.00183021172415,0.0012545415666,-0.000920360384043,0.0013816599967],[-0.000412080407841,0.00131773739122,-0.00135369831696,0.00195564795285,-0.000940926023759,0.0000757563029765,-0.00195040064864,0.00970309507102,-0.0044163800776,0.00252352631651,-0.00124547746964,0.00149135710672,-0.00224323570728],[0.000324715860188,-0.000919368991163,0.00132646458223,-0.00166626018472,0.000292937009363,0.000271919241641,0.00136597279925,-0.0044163800776,0.00796429440379,-0.00378655875102,0.00193591066636,-0.0000380268975277,0.000315047363983],[-0.000199609465199,0.00112731091212,-0.00156544160563,0.000761150382459,-0.000711642729584,0.0000957546071731,-0.00183021172415,0.00252352631651,-0.00378655875102,0.0111876623705,-0.00480054505169,0.00163135083858,-0.000414791924413],[0.000361701269867,-0.000693297304679,0.00243989680894,-0.00108993984759,0.000312039221171,-0.000897343095858,0.0012545415666,-0.00124547746964,0.00193591066636,-0.00480054505169,0.00982307270169,-0.00346428481862,-0.000834813632537],[-0.0002142614685,0.000825484923553,-0.00171902915463,0.000746766687371,-0.00066328648245,0.000673425383866,-0.000920360384043,0.00149135710672,-0.0000380268975277,0.00163135083858,-0.00346428481862,0.0135579910129,-0.00392674095929],[0.000336774013704,-0.000528375792783,0.00117575831246,-0.000973868533038,0.000798654742539,0.00198851060122,0.0013816599967,-0.00224323570728,0.000315047363983,-0.000414791924413,-0.000834813632537,-0.00392674095929,0.0123744262382]],"mean":[-92.8957443237,69.5522766113,-144.185043335,36.4995918274,-66.2516860962,1.22877776623,-36.8586654663,0.788558721542,-25.9017734528,-6.36440420151,-10.0974216461,-2.33864498138,-9.0285243988]},"hfc":{"dmean":4.09130620956,"dmean2":5.48553133011,"dvar":48.4660491943,"dvar2":85.5355300903,"max":205.483398438,"mean":14.7292613983,"median":7.31749725342,"min":1.10469586995e-16,"var":405.183197021},"melbands":{"dmean":[0.000245305651333,0.000500173598994,0.000400330638513,0.000210598809645,0.000108413056296,0.000105746767076,0.0000799420813564,0.0000443524004368,0.0000593410732108,0.0000689868247719,0.0000831956203911,0.0000648314016871,0.0000420381802542,0.0000421012773586,0.0000588975017308,0.0000275062757282,0.0000265316939476,0.0000339770740538,0.0000107682963062,0.0000135949412652,0.0000112551206257,0.0000112005191113,0.00000973831083684,0.0000126032800836,0.00000706110540705,0.00000617694922767,0.00000722945424059,0.00000586106125411,0.00000340894007422,0.00000222214725909,0.00000202954515771,0.00000177943582003,0.00000153033147399,0.00000132329307689,0.00000100492752608,6.38214601167e-7,4.2570803771e-7,2.87197764237e-7,1.74459302116e-7,1.30375667595e-7],"dmean2":[0.000374076684238,0.000834646169096,0.000678843818605,0.000352188508259,0.000169714257936,0.000170561179402,0.000128908475745,0.0000693013062119,0.0000919492158573,0.000110526198114,0.000132342014695,0.000103424979898,0.0000667340500513,0.0000635906326352,0.0000957218289841,0.0000419958560087,0.0000416345937992,0.0000568910654692,0.0000166779773281,0.0000211041478906,0.0000175297536771,0.0000180327097041,0.0000152260518007,0.0000199747555598,0.0000112072757474,0.00000964309219853,0.0000114526583275,0.00000940513018577,0.0000053445978665,0.00000342303451362,0.00000300913029605,0.00000260779370365,0.00000223003871724,0.0000018926912162,0.0000014775650925,9.36758112857e-7,6.33906779512e-7,4.26211045124e-7,2.55918649827e-7,1.84033012829e-7],"dvar":[4.91293803861e-7,0.0000013166267081,0.00000110767882688,3.12713723361e-7,7.53221485184e-8,8.06799533848e-8,5.76477816594e-8,2.21059934802e-8,2.93794855111e-8,5.57393136091e-8,8.42417264835e-8,8.73428973591e-8,2.96387341336e-8,3.25663975786e-8,5.10567872425e-8,2.03988790304e-8,6.66653221515e-9,2.49915892425e-8,1.55702017945e-9,2.55762122592e-9,1.16687648433e-9,8.64416094259e-10,4.61346461034e-10,1.33051403228e-9,3.03622293973e-10,1.87326557044e-10,2.99361535561e-10,1.43707781786e-10,4.84149352553e-11,2.59806984954e-11,2.2113569656e-11,1.77555505021e-11,1.54389487306e-11,1.00814070633e-11,5.2070908349e-12,2.40330173297e-12,1.76796760825e-12,1.62418722135e-12,5.00616258517e-13,1.81481335493e-13],"dvar2":[0.00000107529172055,0.00000349406286659,0.00000303468641505,8.46994566928e-7,1.84911627343e-7,2.04715618679e-7,1.43958146737e-7,4.54729978117e-8,6.69935928954e-8,1.45442527355e-7,2.18185661538e-7,2.15344343246e-7,7.41311723118e-8,7.18531509847e-8,1.38264724114e-7,4.45065495569e-8,1.50662451404e-8,7.20286337241e-8,3.4553488959e-9,5.84866688413e-9,2.95432700526e-9,2.18612639102e-9,1.07526498816e-9,3.45217698872e-9,7.23917314982e-10,4.49368431354e-10,7.57734153201e-10,3.52537915527e-10,1.17843595993e-10,6.18770937266e-11,4.76631061008e-11,3.87913381972e-11,3.18275440725e-11,2.01632356644e-11,1.14080940875e-11,5.2018589089e-12,3.7731107301e-12,4.01929921637e-12,1.27411189238e-12,3.91191744796e-13],"max":[0.0150887789205,0.0158652290702,0.0190238282084,0.0125294998288,0.00654086098075,0.0104461684823,0.00794492196292,0.00662738690153,0.00397765589878,0.00638630660251,0.00586766004562,0.0110840210691,0.0055168508552,0.0103779565543,0.00562545051798,0.00824979133904,0.00293151871301,0.00421317433938,0.00157382676844,0.00257046055049,0.00098888319917,0.000939164601732,0.000743306532968,0.00105734390672,0.000489024969283,0.00029853254091,0.000376233336283,0.000342848914443,0.000177317226189,0.000171219406184,0.000137473165523,0.0000984407161013,0.000104518003354,0.0000785856755101,0.0000456244197267,0.0000542084926565,0.000054769050621,0.0000587870090385,0.0000295936461043,0.0000143390452649],"mean":[0.000309127877699,0.000718202558346,0.000637686520349,0.000339592719683,0.000194947773707,0.000167487392901,0.000123018704471,0.0000728178056306,0.000104871156509,0.000102830636024,0.000116737697681,0.0000852885787026,0.0000598839069426,0.0000607691436016,0.0000828814081615,0.0000403382218792,0.0000383877340937,0.0000498558874824,0.0000167832440638,0.0000213410366996,0.0000190586852113,0.0000203986692213,0.0000188284120668,0.0000225905023399,0.0000136645185194,0.000011720447219,0.0000139307639984,0.0000117547269838,0.00000670592635288,0.00000404968886869,0.00000375085414817,0.00000327872180605,0.00000279671121461,0.00000260192018686,0.00000204193315767,0.00000131142178361,7.84355961514e-7,4.87941861138e-7,2.86976131747e-7,2.08215809039e-7],"median":[0.0000137503056976,0.0000401859797421,0.0000662687962176,0.0000838996638777,0.0000692851608619,0.0000445739351562,0.0000235609404626,0.0000115721977636,0.000013605436834,0.000010051485333,0.00000981524681265,0.0000095558589237,0.00000747080048313,0.00000728609757061,0.00000612208350503,0.00000481900542582,0.00000517509397469,0.00000399015698349,0.0000041529920054,0.00000477930825582,0.00000473428008263,0.00000574014757149,0.00000667950325806,0.00000596215159021,0.00000410215670854,0.00000372250633518,0.00000433185414295,0.00000415378099206,0.00000194463791559,8.61578541844e-7,6.04468255005e-7,4.43988824372e-7,4.15567484424e-7,5.24123208834e-7,4.99820203004e-7,3.48442000586e-7,1.86555453752e-7,1.0445698706e-7,6.71606557034e-8,3.86401026731e-8],"min":[1.99146831118e-24,2.65637510793e-24,1.81801041989e-24,1.34714319126e-24,2.82404788777e-24,6.90749189755e-25,4.23103653249e-24,3.70218536492e-24,3.2832724169e-24,3.77614265251e-24,2.64981730723e-24,3.75384707674e-24,3.3709773807e-24,5.93951992658e-24,5.0035968104e-24,2.67890694754e-24,2.65876732863e-24,5.62876395019e-24,4.74431361364e-24,3.96108083655e-24,5.22114295438e-24,3.41547110791e-24,3.9580973646e-24,5.44052319997e-24,4.40276484624e-24,5.44100637728e-24,5.58325850887e-24,5.26254395241e-24,5.2288264596e-24,5.97436272947e-24,6.12290760451e-24,6.18183866957e-24,7.39492490937e-24,5.76659767185e-24,6.41441695254e-24,7.47608213043e-24,9.09447682029e-24,7.53019088878e-24,6.43709709799e-24,8.6173256243e-24],"var":[7.21175013041e-7,0.00000220411311602,0.0000018610198822,4.4927648446e-7,1.4988967223e-7,1.423700553e-7,1.09542924065e-7,5.70444349535e-8,7.92429730723e-8,7.87857530327e-8,1.28363296881e-7,1.26246462173e-7,4.56979662999e-8,5.50250192077e-8,8.49712122886e-8,3.63043355378e-8,1.27014434526e-8,4.39427516596e-8,2.50130427482e-9,3.75372355421e-9,2.07878692038e-9,1.92749993744e-9,1.19166998491e-9,3.05434433301e-9,7.21655957214e-10,4.75675554501e-10,7.77962583243e-10,4.07449435302e-10,1.36636632564e-10,6.91622870086e-11,6.70746860831e-11,5.02543215375e-11,3.84528138497e-11,2.87268559634e-11,1.40955198902e-11,6.54576913506e-12,3.36719194194e-12,2.03324011273e-12,5.44942454876e-13,2.94697019608e-13]},"melbands_crest":{"dmean":3.4810590744,"dmean2":5.65538215637,"dvar":9.32412147522,"dvar2":23.6898899078,"max":32.5285072327,"mean":13.4673624039,"median":12.5976028442,"min":1.47843182087,"var":25.8122806549},"melbands_flatness_db":{"dmean":0.0264458023012,"dmean2":0.0396302826703,"dvar":0.000717353308573,"dvar2":0.0015839113621,"max":0.445761561394,"mean":0.173873543739,"median":0.1656678617,"min":0.00365231698379,"var":0.00388369942084},"melbands_kurtosis":{"dmean":5.09597206116,"dmean2":7.98340559006,"dvar":80.2485351562,"dvar2":193.648086548,"max":197.416259766,"mean":8.50748252869,"median":3.90680623055,"min":-1.80306625366,"var":191.074783325},"melbands_skewness":{"dmean":0.704931259155,"dmean2":1.07803940773,"dvar":0.544046878815,"dvar2":1.23945951462,"max":11.0112981796,"mean":2.06888079643,"median":1.80747687817,"min":-3.30113840103,"var":2.45303797722},"melbands_spread":{"dmean":10.3751478195,"dmean2":15.9233322144,"dvar":176.994094849,"dvar2":397.59942627,"max":175.478805542,"mean":34.8031196594,"median":28.5610771179,"min":1.05952656269,"var":639.386413574},"mfcc":{"cov":[[17980.7109375,1202.94592285,157.444137573,1110.90966797,164.537445068,847.286071777,-11.1591119766,483.778533936,-20.1344890594,-86.3479537964,208.023193359,-6.34226322174,-247.026473999],[1202.94592285,2017.37744141,464.68548584,214.342300415,1.98014748096,366.082855225,244.857406616,142.5859375,178.129638672,-132.292266846,243.940124512,-62.7863121033,-107.443504333],[157.444137573,464.68548584,1236.27734375,436.212036133,193.007827759,394.892242432,77.2331771851,91.0923233032,206.342391968,-165.627593994,182.518371582,-66.4536895752,-64.7133560181],[1110.90966797,214.342300415,436.212036133,672.098754883,255.027328491,225.824966431,-49.2027549744,13.1903104782,79.4823150635,-72.4760055542,18.7842330933,3.81065034866,52.6327552795],[164.537445068,1.98014748096,193.007827759,255.027328491,435.998077393,113.528015137,-32.2673950195,22.4314727783,26.6572799683,15.957274437,-26.009601593,17.3910808563,60.9484481812],[847.286071777,366.082855225,394.892242432,225.824966431,113.528015137,529.195373535,213.559555054,89.8309173584,85.5328140259,-75.3892440796,193.860641479,-4.10085248947,-52.6305503845],[-11.1591119766,244.857406616,77.2331771851,-49.2027549744,-32.2673950195,213.559555054,332.50201416,79.399017334,6.3458147049,-29.2375087738,104.460578918,3.74428057671,-52.1535453796],[483.778533936,142.5859375,91.0923233032,13.1903104782,22.4314727783,89.8309173584,79.399017334,178.456634521,61.3447532654,-5.28069877625,54.6542434692,-23.1455307007,-30.8095245361],[-20.1344890594,178.129638672,206.342391968,79.4823150635,26.6572799683,85.5328140259,6.3458147049,61.3447532654,216.055557251,4.12451410294,81.026008606,-9.19297790527,-27.4052753448],[-86.3479537964,-132.292266846,-165.627593994,-72.4760055542,15.957274437,-75.3892440796,-29.2375087738,-5.28069877625,4.12451410294,167.576217651,-11.5588617325,47.2647438049,18.5030593872],[208.023193359,243.940124512,182.518371582,18.7842330933,-26.009601593,193.860641479,104.460578918,54.6542434692,81.026008606,-11.5588617325,214.018569946,20.493106842,-31.2564640045],[-6.34226322174,-62.7863121033,-66.4536895752,3.81065034866,17.3910808563,-4.10085248947,3.74428057671,-23.1455307007,-9.19297790527,47.2647438049,20.493106842,110.203445435,47.0849723816],[-247.026473999,-107.443504333,-64.7133560181,52.6327552795,60.9484481812,-52.6305503845,-52.1535453796,-30.8095245361,-27.4052753448,18.5030593872,-31.2564640045,47.0849723816,136.839096069]],"icov":[[0.0000862335364218,-0.0000352065435436,0.0000886687557795,-0.000185338954907,0.0000664648177917,-0.000150955733261,0.000184522898053,-0.000286791357212,0.000172306943568,-0.0000246720064752,0.00000414409350924,-0.000115237518912,0.000237783824559],[-0.0000352065435436,0.000686619547196,-0.0000298387749353,-0.00012653657177,-0.00000218211107494,0.0000980555050774,-0.000389416352846,0.0000202664523385,-0.000324444641592,0.000297250197036,-0.000493345374707,0.000298103637761,0.0000845194299472],[0.0000886687557795,-0.0000298387749353,0.00169414712582,-0.000786283169873,-0.000331584335072,-0.000447284546681,0.000271583761787,-0.000217944354517,-0.000648139161058,0.00100629380904,-0.000774592219386,0.000377935997676,0.00069750304101],[-0.000185338954907,-0.00012653657177,-0.000786283169873,0.00328264362179,-0.000944164348766,-0.00093370716786,0.000582210544962,0.000730859930627,-0.000728078652173,0.000582895241678,0.00108399789315,-0.000295640318654,-0.00149582629092],[0.0000664648177917,-0.00000218211107494,-0.000331584335072,-0.000944164348766,0.00362722272985,-0.00114839570597,0.000479522364913,-0.000811926729511,0.000218120942009,-0.00122676801402,0.00146768568084,-0.000220092158997,-0.00111215375364],[-0.000150955733261,0.0000980555050774,-0.000447284546681,-0.00093370716786,-0.00114839570597,0.00541342794895,-0.00259796553291,0.000398137344746,-0.0000679307850078,0.000878419319633,-0.00323552289046,0.000296590063954,0.000671668851282],[0.000184522898053,-0.000389416352846,0.000271583761787,0.000582210544962,0.000479522364913,-0.00259796553291,0.0057561523281,-0.00209968886338,0.00137909490149,0.000240729583311,-0.0000993504145299,-0.00132323254365,0.00111640337855],[-0.000286791357212,0.0000202664523385,-0.000217944354517,0.000730859930627,-0.000811926729511,0.000398137344746,-0.00209968886338,0.00839541107416,-0.00219851895235,-0.000422819401138,-0.000684505677782,0.00218587648124,-0.000572870543692],[0.000172306943568,-0.000324444641592,-0.000648139161058,-0.000728078652173,0.000218120942009,-0.0000679307850078,0.00137909490149,-0.00219851895235,0.00725290831178,-0.00143249123357,-0.00185566756409,-0.0000200407612283,0.00116646382958],[-0.0000246720064752,0.000297250197036,0.00100629380904,0.000582895241678,-0.00122676801402,0.000878419319633,0.000240729583311,-0.000422819401138,-0.00143249123357,0.00877560023218,-0.000742964213714,-0.00319310720079,0.000776863074861],[0.00000414409350924,-0.000493345374707,-0.000774592219386,0.00108399789315,0.00146768568084,-0.00323552289046,-0.0000993504145299,-0.000684505677782,-0.00185566756409,-0.000742964213714,0.0100307380781,-0.00287499302067,-0.000243995891651],[-0.000115237518912,0.000298103637761,0.000377935997676,-0.000295640318654,-0.000220092158997,0.000296590063954,-0.00132323254365,0.00218587648124,-0.0000200407612283,-0.00319310720079,-0.00287499302067,0.013838483952,-0.00447222171351],[0.000237783824559,0.0000845194299472,0.00069750304101,-0.00149582629092,-0.00111215375364,0.000671668851282,0.00111640337855,-0.000572870543692,0.00116646382958,0.000776863074861,-0.000243995891651,-0.00447222171351,0.0113705582917]],"mean":[-719.911743164,89.7241516113,-19.9268493652,25.3220901489,-6.76851320267,-1.89233016968,-3.01822423935,2.7574441433,-11.5235958099,0.544460713863,-8.79996299744,-2.21714282036,-2.44058775902]},"pitch_salience":{"dmean":0.0743467733264,"dmean2":0.121220871806,"dvar":0.0045194751583,"dvar2":0.0114836599678,"max":0.995899856091,"mean":0.571401715279,"median":0.576055645943,"min":0.117960579693,"var":0.0125259235501},"silence_rate_20dB":{"dmean":0,"dmean2":0,"dvar":0,"dvar2":0,"max":1,"mean":1,"median":1,"min":1,"var":0},"silence_rate_30dB":{"dmean":0.000255656399531,"dmean2":0.000511378166266,"dvar":0.000255591789028,"dvar2":0.000511116289999,"max":1,"mean":0.999488770962,"median":1,"min":0,"var":0.000510985730216},"silence_rate_60dB":{"dmean":0.0639140978456,"dmean2":0.127844542265,"dvar":0.0598318353295,"dvar2":0.126596137881,"max":1,"mean":0.377811849117,"median":0,"min":0,"var":0.235050216317},"spectral_centroid":{"dmean":314.600341797,"dmean2":471.604187012,"dvar":120023.875,"dvar2":259128.65625,"max":11559.0195312,"mean":1877.76452637,"median":1854.50415039,"min":230.987564087,"var":765828.5625},"spectral_complexity":{"dmean":3.20337462425,"dmean2":4.67297363281,"dvar":15.8136262894,"dvar2":30.7214946747,"max":61,"mean":14.0291414261,"median":10,"min":0,"var":153.632446289},"spectral_contrast_coeffs":{"dmean":[0.049657560885,0.0466176904738,0.0397804714739,0.0312927626073,0.0230533257127,0.0185329597443],"dmean2":[0.0790166258812,0.075180105865,0.0628141611814,0.049319062382,0.0361498817801,0.0283796526492],"dvar":[0.00187205232214,0.00162157882005,0.00130960904062,0.00073478295235,0.000442140124505,0.000343868596246],"dvar2":[0.00459475116804,0.00403633061796,0.00299211218953,0.0016928606201,0.000991572858766,0.000767914229073],"max":[-0.303161501884,-0.383390903473,-0.487671613693,-0.459276348352,-0.475242465734,-0.592369616032],"mean":[-0.650165259838,-0.722712755203,-0.761075079441,-0.769742131233,-0.782275319099,-0.751824140549],"median":[-0.643481850624,-0.732975184917,-0.772654414177,-0.783053159714,-0.789415597916,-0.746022105217],"min":[-0.999531924725,-0.998595714569,-0.996966302395,-0.994068920612,-0.997001945972,-0.96406006813],"var":[0.0102375922725,0.0104365162551,0.0070540481247,0.0063255415298,0.00402474077418,0.0030239529442]},"spectral_contrast_valleys":{"dmean":[0.499016314745,0.412525445223,0.365859866142,0.318830639124,0.325702488422,0.338946551085],"dmean2":[0.777781963348,0.644872546196,0.560124993324,0.464914292097,0.441304922104,0.418496578932],"dvar":[0.256455898285,0.164928838611,0.143783971667,0.127276182175,0.191133275628,0.21970230341],"dvar2":[0.520608782768,0.343245923519,0.278285384178,0.230285689235,0.349470943213,0.384551644325],"max":[-5.56006717682,-5.11582279205,-4.97805070877,-5.34794807434,-5.55110263824,-7.79696178436],"mean":[-8.91977882385,-7.9904999733,-8.37243556976,-8.58122253418,-8.02325630188,-10.9420919418],"median":[-8.50364494324,-7.5623421669,-7.98092937469,-8.25954437256,-7.6372013092,-10.6282510757],"min":[-27.9976348877,-27.8220710754,-27.7117366791,-27.6683502197,-27.4769821167,-27.327047348],"var":[4.77748441696,3.24617552757,3.19546413422,2.96638202667,3.05375170708,2.63689732552]},"spectral_decrease":{"dmean":1.06421838009e-9,"dmean2":1.63532964947e-9,"dvar":3.31667124231e-18,"dvar2":7.83218444538e-18,"max":1.63839474259e-28,"mean":-3.27294991109e-9,"median":-1.37742639517e-9,"min":-2.73583999899e-8,"var":1.67616140471e-17},"spectral_energy":{"dmean":0.00427217455581,"dmean2":0.00649217003956,"dvar":0.0000518914130225,"dvar2":0.000120135446195,"max":0.121894679964,"mean":0.0136888483539,"median":0.00601085647941,"min":1.0161664217e-20,"var":0.000288828334305},"spectral_energyband_high":{"dmean":0.000292491953587,"dmean2":0.000398745789425,"dvar":3.29957117629e-7,"dvar2":6.11269570072e-7,"max":0.0147009631619,"mean":0.000719965260942,"median":0.000248696655035,"min":7.30498547023e-21,"var":0.00000137923541388},"spectral_energyband_low":{"dmean":0.00212563038804,"dmean2":0.00342344166711,"dvar":0.0000218726290768,"dvar2":0.0000537136584171,"max":0.0730242431164,"mean":0.0036317941267,"median":0.000257661391515,"min":2.06822779047e-23,"var":0.0000497472719871},"spectral_energyband_middle_high":{"dmean":0.00168035307433,"dmean2":0.00240097916685,"dvar":0.0000153476848936,"dvar2":0.000032569252653,"max":0.10950601846,"mean":0.00465285452083,"median":0.0016508710105,"min":1.19418091998e-21,"var":0.0000773301508161},"spectral_energyband_middle_low":{"dmean":0.00231046578847,"dmean2":0.00379751436412,"dvar":0.0000224343875743,"dvar2":0.0000603533299,"max":0.0686137005687,"mean":0.00547378091142,"median":0.00222495151684,"min":2.28980345174e-22,"var":0.0000554873004148},"spectral_entropy":{"dmean":0.154913529754,"dmean2":0.217949852347,"dvar":0.0288146138191,"dvar2":0.0569850951433,"max":9.81392669678,"mean":7.56751155853,"median":7.64113616943,"min":4.70806121826,"var":0.295913845301},"spectral_flux":{"dmean":0.0170934274793,"dmean2":0.026701901108,"dvar":0.000402204954298,"dvar2":0.000871262396686,"max":0.284777373075,"mean":0.059199731797,"median":0.0489646345377,"min":6.55034498864e-11,"var":0.00211201864295},"spectral_kurtosis":{"dmean":1.56173682213,"dmean2":2.63459682465,"dvar":4.39655923843,"dvar2":11.713845253,"max":66.1465988159,"mean":3.87931108475,"median":3.17257523537,"min":-1.23924326897,"var":8.99540042877},"spectral_rms":{"dmean":0.000515743915457,"dmean2":0.00074943859363,"dvar":4.00408850965e-7,"dvar2":8.64729258865e-7,"max":0.0109051195905,"mean":0.00295475963503,"median":0.00242162123322,"min":3.1486217713e-12,"var":0.00000462439857074},"spectral_rolloff":{"dmean":669.516723633,"dmean2":1088.47631836,"dvar":1058123.25,"dvar2":2314685.25,"max":19358.3496094,"mean":2354.21948242,"median":1981.0546875,"min":86.1328125,"var":3758322.75},"spectral_skewness":{"dmean":0.224129781127,"dmean2":0.35657542944,"dvar":0.0641332566738,"dvar2":0.157328888774,"max":6.35772371292,"mean":1.22864043713,"median":1.18765819073,"min":-0.474709033966,"var":0.209834754467},"spectral_spread":{"dmean":423246.125,"dmean2":598050.75,"dvar":383981027328,"dvar2":630546497536,"max":41970548,"mean":4163952,"median":3879985.25,"min":1279026.75,"var":4206301282300},"spectral_strongpeak":{"dmean":0.517537415028,"dmean2":0.879437744617,"dvar":0.850617408752,"dvar2":2.25089788437,"max":15.001958847,"mean":0.868685424328,"median":0.392148792744,"min":0,"var":1.64079022408},"zerocrossingrate":{"dmean":0.0116596417502,"dmean2":0.0132842836902,"dvar":0.000199634960154,"dvar2":0.000268046540441,"max":0.53271484375,"mean":0.0820779278874,"median":0.07373046875,"min":0.01171875,"var":0.00222054868937}},"metadata":{"audio_properties":{"analysis_sample_rate":44100,"bit_rate":0,"codec":"flac","downmix":"mix","equal_loudness":0,"length":181.626663208,"lossless":true,"md5_encoded":"62833c8a86ddec36f92b3f2e7fa57c4b","replay_gain":-13.562620163},"tags":{"album":["Jazz"],"albumartist":["Queen"],"albumartistsort":["Queen"],"arranger":["Queen"],"artist":["Queen"],"artistsort":["Queen"],"asin":["B000025KL5"],"barcode":["077778949527"],"catalognumber":["CDPCSD 133"],"composer":["Freddie Mercury"],"date":["1994"],"engineer":["John Etchells","Geoff Workman"],"file_name":"01 Mustapha.flac","format":["CD"],"isrc":["GBCEG9800001"],"label":["Parlophone"],"language":["eng"],"lyricist":["Freddie Mercury"],"musicbrainz_albumartistid":["0383dadf-2a4e-4d10-a46a-e9e041da8eb3"],"musicbrainz_albumid":["993f394d-895d-4fbb-9733-f9e98e0afdd6"],"musicbrainz_artistid":["0383dadf-2a4e-4d10-a46a-e9e041da8eb3"],"musicbrainz_recordingid":["b0ba8001-b17d-4b52-9396-6fde70c830da"],"performer":["John Deacon (bass guitar)","Brian May (guitar)","Roger Taylor (percussion instruments)","Roger Taylor (vocal)","Brian May (vocal)","Freddie Mercury (vocal)","Freddie Mercury (piano)"],"producer":["Roy Thomas Baker","Queen"],"releasecountry":["GB"],"releasestatus":["official"],"releasetype":["album"],"replaygain_album_gain":["-8.00 dB"],"replaygain_album_peak":["0.97723389"],"replaygain_reference_loudness":["89.0 dB"],"replaygain_track_gain":["-8.94 dB"],"replaygain_track_peak":["0.93957520"],"script":["Latn"],"title":["Mustapha"],"totaltracks":["13"],"tracknumber":["1"],"tracktotal":["13"]},"version":{"essentia":"2.1-beta1","essentia_build_sha":"d95b123ab7c93145a6f110a2dd6bea92b4529a00","essent