{"lowlevel":{"average_loudness":0.920144081116,"barkbands":{"dmean":[0.000697324459907,0.0072740376927,0.00315580354072,0.00178121216595,0.00266025587916,0.000709405576345,0.000638152181637,0.000636067357846,0.00110003550071,0.000825736206025,0.0006257823552,0.000497808621731,0.000812889717054,0.000581508444156,0.000459654693259,0.000280295003904,0.000211303471588,0.000147397600813,0.000130689368234,0.000163818433066,0.000107899526483,0.0000968775057117,0.000117299961857,0.0000853440506035,0.0000701364842826,0.0000156638507178,0.00000799536155682],"dmean2":[0.00116262224037,0.0130300745368,0.00544139044359,0.00312359654345,0.00470630452037,0.00117609126028,0.0010303464951,0.00104550400283,0.00165239337366,0.00129188771825,0.000987389241345,0.000800114299636,0.00132004148327,0.000935379008297,0.000739196490031,0.000442458549514,0.00034189762664,0.000239610686549,0.000198532346985,0.000249193573836,0.000162800468388,0.000144981459016,0.000172819054569,0.000121307035442,0.000105703395093,0.0000220700349018,0.0000119703772725],"dvar":[9.78098569249e-7,0.000126413884573,0.0000263283109234,0.000015913588868,0.0000447726743005,0.00000120788740787,0.00000134985850764,0.00000209663767237,0.0000057665033637,0.00000175996228791,0.00000115823627311,7.14719135431e-7,0.00000193955406758,0.00000111408803605,5.5232470686e-7,2.78524566966e-7,1.50283938183e-7,6.13033250829e-8,5.07380875092e-8,9.85185835134e-8,4.42903278497e-8,4.06950810827e-8,7.67610828234e-8,9.52856495928e-8,2.99130391568e-8,1.00442454354e-9,3.33120253604e-10],"dvar2":[0.00000250782045441,0.000360038538929,0.0000724260389688,0.000043457497668,0.000122273748275,0.00000315358420266,0.00000327943666889,0.00000543551959709,0.0000127381172206,0.00000405385617341,0.00000282087103187,0.00000167525195138,0.00000500692476635,0.00000286806402983,0.0000013575416915,6.68075017529e-7,3.76326539708e-7,1.56411701369e-7,1.15026992376e-7,2.17679215098e-7,9.89542030538e-8,8.48940047149e-8,1.65812011232e-7,1.94147645516e-7,6.7978717766e-8,2.02776462288e-9,8.16236911394e-10],"max":[0.0151419192553,0.134730085731,0.0728002637625,0.0627169460058,0.0731596052647,0.0166075490415,0.0263560842723,0.0310641210526,0.0508942045271,0.026357172057,0.0192848015577,0.0239405781031,0.0249830093235,0.0193735733628,0.0168970488012,0.0137033984065,0.00972560234368,0.00944600813091,0.00506186578423,0.0134614929557,0.00530536938459,0.00879667792469,0.00799102894962,0.0153945628554,0.00629159389064,0.000819553097244,0.000427954742918],"mean":[0.00101817096584,0.00842922739685,0.00440802052617,0.00170676293783,0.00261997734196,0.00105562643148,0.00104017590638,0.000893655873369,0.0019977404736,0.00153987470549,0.00108961877413,0.000869712093845,0.00146016210783,0.00108798348811,0.000843284884468,0.000569224590436,0.000420175492764,0.000294345198199,0.000277264305623,0.000424009282142,0.000215629363083,0.000201368864509,0.000211261212826,0.000162371841725,0.00010583778203,0.0000262032735918,0.0000116292676466],"median":[0.000431375287008,0.00466189114377,0.00225531682372,0.000572505465243,0.0011381021468,0.000608369009569,0.000411674263887,0.000327426241711,0.00051988568157,0.00076120661106,0.000527345284354,0.000505954958498,0.000643890874926,0.000563622568734,0.000484068907099,0.000246350478847,0.000201749586267,0.000191330444068,0.000166662153788,0.000146357808262,0.000109289343527,0.0000921862229006,0.0000699263982824,0.000047721714509,0.0000359668338206,0.0000099253575172,0.00000482841687699],"min":[6.5403403783e-26,1.56005556629e-24,1.66677138765e-24,6.8904564463e-25,5.55186815573e-24,8.25057630085e-24,8.57044519842e-24,7.19155814572e-24,1.10812356319e-23,1.09903596444e-23,8.10640250409e-24,2.11110269621e-23,2.35957794637e-23,2.56545533873e-23,3.51020636065e-23,5.22533606564e-23,3.68618545138e-23,7.77848722528e-23,9.67412629142e-23,1.78704876532e-22,2.21949764351e-22,2.74863953788e-22,3.90506216706e-22,5.8283143941e-22,7.22694635127e-22,1.32784500689e-21,1.79799924016e-21],"var":[0.0000021579787699,0.000128598607262,0.0000387321670132,0.0000124157086248,0.0000313878845191,0.00000185296198651,0.0000029514696962,0.00000283356348518,0.000017428659703,0.00000488482010041,0.00000259141415881,0.00000151975473273,0.00000502502052768,0.00000246971217166,0.00000129828129047,9.9561918887e-7,4.59401064745e-7,1.3750880612e-7,1.3835126822e-7,8.04465003057e-7,9.76456959734e-8,1.10657047969e-7,2.03341670613e-7,2.38222142457e-7,5.72269165389e-8,2.12125428334e-9,4.58687754445e-10]},"barkbands_crest":{"dmean":3.05631065369,"dmean2":5.25225877762,"dvar":7.24893140793,"dvar2":21.2912349701,"max":23.1214561462,"mean":9.04758071899,"median":8.31588840485,"min":2.01893639565,"var":14.4245691299},"barkbands_flatness_db":{"dmean":0.0227774288505,"dmean2":0.0367989726365,"dvar":0.000502643873915,"dvar2":0.00120585225523,"max":0.419018447399,"mean":0.106067962945,"median":0.0962565094233,"min":0.0181173607707,"var":0.00236032693647},"barkbands_kurtosis":{"dmean":2.7816131115,"dmean2":4.70406389236,"dvar":63.4576301575,"dvar2":169.825897217,"max":274.830047607,"mean":3.19487428665,"median":0.349021673203,"min":-1.92646551132,"var":166.32975769},"barkbands_skewness":{"dmean":0.587245821953,"dmean2":0.964446306229,"dvar":0.388985931873,"dvar2":0.973958849907,"max":12.877368927,"mean":1.15578305721,"median":0.878743827343,"min":-2.25728201866,"var":1.69230496883},"barkbands_spread":{"dmean":6.00546503067,"dmean2":9.42874717712,"dvar":37.3437423706,"dvar2":83.5908203125,"max":107.676635742,"mean":26.3085308075,"median":25.1516170502,"min":0.450775772333,"var":151.051254272},"dissonance":{"dmean":0.0160428453237,"dmean2":0.0269682481885,"dvar":0.000247082789429,"dvar2":0.000678786134813,"max":0.5,"mean":0.471218943596,"median":0.476247429848,"min":0.284495681524,"var":0.000447531754617},"dynamic_complexity":3.33462452888,"erbbands":{"dmean":[0.296935021877,1.39210569859,3.45368814468,4.73872280121,9.01326942444,8.09166240692,4.72147321701,6.16107034683,7.72725439072,12.5333881378,14.2313194275,25.3188934326,22.8588104248,24.7472248077,22.3379631042,20.2620754242,39.5638198853,31.6480140686,25.0279273987,17.3420124054,14.6573076248,10.1216020584,8.07989788055,6.70238780975,6.56777524948,7.56228256226,5.1819024086,4.15648174286,3.49641561508,3.73699140549,3.07219529152,2.23251414299,1.23529851437,0.912316977978,0.449787437916,0.0985021144152,0.0244587063789,0.00775140803307,0.00118820974603,0.000084493382019],"dmean2":[0.541575849056,2.45668935776,5.95754623413,8.35346984863,16.0176277161,14.1496353149,7.83226394653,10.3902025223,12.3086109161,20.9035453796,22.6311912537,37.4517173767,35.6678504944,39.310333252,35.2413368225,32.1275978088,64.1319961548,50.6662254333,40.4003486633,27.2279815674,23.0992889404,16.3158721924,13.0920000076,10.5561342239,9.90939903259,11.611366272,7.91758584976,6.16069936752,5.28628253937,5.53038978577,4.4971370697,3.28625559807,1.77738070488,1.37174332142,0.689643323421,0.141370370984,0.0347242504358,0.0115829166025,0.00177997897845,0.000124190410133],"dvar":[0.169896230102,6.33440351486,32.6575508118,98.817199707,449.875274658,344.133178711,77.7818832397,90.8386764526,222.473937988,640.963195801,1171.11035156,3703.46899414,2002.31420898,1796.90930176,1327.58325195,966.518188477,4895.01953125,3214.3762207,1569.41125488,1289.10717773,817.241271973,289.615753174,169.264312744,138.088516235,146.680221558,201.620407104,95.0307235718,78.6224822998,51.5151176453,62.7149810791,66.8992004395,74.5024185181,17.2800369263,5.39918470383,1.22336113453,0.0434013232589,0.00248724617995,0.000305354973534,0.00000691511149853,3.59838132624e-8],"dvar2":[0.531832337379,17.5669059753,89.114654541,280.623962402,1226.18225098,935.906311035,196.601821899,242.833862305,542.302246094,1676.55358887,2872.39746094,7884.44726562,4775.02978516,4293.31884766,3259.52319336,2199.75878906,12802.8730469,8238.19042969,3980.63769531,3058.72021484,2061.51953125,698.358398438,434.557830811,339.62701416,319.56362915,457.611877441,217.979095459,173.668579102,109.202957153,141.32711792,140.557235718,160.599884033,32.9731178284,11.7290802002,2.99617290497,0.0907601863146,0.0051199728623,0.000750726438127,0.0000169509148691,8.13027369873e-8],"max":[4.45838594437,32.4046936035,72.0631942749,141.078887939,245.96836853,213.172241211,141.088684082,150.516113281,378.287719727,579.752441406,668.445861816,1519.65625,965.585144043,1085.37316895,882.860290527,643.944519043,1366.91589355,990.222961426,816.837646484,1504.77856445,783.177368164,631.359008789,382.41229248,555.752807617,337.187438965,522.248168945,292.923370361,304.249328613,277.403442383,239.11378479,260.264434814,556.369750977,182.477661133,89.9106826782,29.5925750732,5.34108448029,1.25830578804,0.38269290328,0.0567057318985,0.00633151177317],"mean":[0.321067929268,1.62686359882,4.85628557205,5.45308971405,8.36901283264,8.40539169312,6.4823050499,9.13901233673,12.4781780243,19.6462249756,23.4487133026,47.4573097229,43.6728477478,48.5225830078,42.3665122986,40.7110557556,74.4932937622,61.2814559937,49.6902389526,32.0341033936,32.4714698792,22.3284835815,17.3166942596,14.641705513,14.4643068314,18.9608764648,12.7680244446,8.29324913025,7.14979219437,6.96831798553,5.72498273849,4.11456394196,2.32075643539,1.41636669636,0.641683518887,0.163192942739,0.0396546050906,0.0109779741615,0.00173076160718,0.000160962852533],"median":[0.160836651921,0.861587464809,2.56851220131,2.74447655678,3.37035226822,3.81266212463,3.34821915627,5.23241758347,5.76250123978,6.24181032181,9.33735370636,12.9135141373,16.3646144867,27.6359863281,23.6307373047,27.9147605896,36.3629722595,33.9841575623,32.1607017517,17.6135902405,14.1701049805,11.9196205139,11.0608663559,9.96199321747,8.59402751923,7.1278219223,5.0298242569,4.02587890625,3.39079189301,2.81958246231,1.71815896034,1.1840236187,0.713365674019,0.477171063423,0.220788881183,0.0611692890525,0.0153308287263,0.00444632722065,0.000733348715585,0.0000947968146647],"min":[5.90042019359e-23,3.94245997998e-22,2.14625298131e-21,2.9309860614e-21,8.35749202035e-21,1.93596759451e-20,5.02767872634e-20,7.48480258006e-20,1.06685257613e-19,2.50089967345e-19,2.33221014619e-19,3.09651262448e-19,2.84178778322e-19,5.63077869589e-19,1.10773577111e-18,1.02213353785e-18,1.53199122721e-18,1.5316247862e-18,2.29287393405e-18,2.16628345388e-18,3.55441453088e-18,2.6806526897e-18,5.40510542002e-18,6.49758105299e-18,6.65158223071e-18,7.9483197762e-18,7.66307812249e-18,1.00824804982e-17,1.00408245097e-17,1.11894441996e-17,1.16605392749e-17,9.24739948359e-18,8.72452869223e-18,7.77457710598e-18,6.31561703466e-18,4.50085142671e-18,2.19762718845e-18,8.50294313614e-19,2.37145624734e-19,2.69763857216e-20],"var":[0.182487249374,5.80791664124,44.3470153809,81.2518615723,314.355438232,257.465179443,96.5963058472,139.493789673,432.286834717,1140.79370117,2019.58056641,11881.6611328,5635.4453125,4473.28125,3100.35839844,2355.25805664,12831.0107422,7192.29003906,3643.23535156,2940.77124023,3475.10058594,1043.07946777,417.676635742,355.319885254,405.507751465,1255.00610352,605.24822998,172.703277588,132.090026855,153.091384888,186.590301514,159.188095093,45.178894043,11.2314167023,1.94515049458,0.095258064568,0.00471087032929,0.000376855692593,0.00000960135821515,6.23079756679e-8]},"erbbands_crest":{"dmean":2.74904084206,"dmean2":4.3779540062,"dvar":7.01409292221,"dvar2":17.3415317535,"max":31.8578624725,"mean":9.5039024353,"median":8.22148799896,"min":2.13863110542,"var":25.129650116},"erbbands_flatness_db":{"dmean":0.018293781206,"dmean2":0.026348663494,"dvar":0.000316713034408,"dvar2":0.000625146785751,"max":0.333772003651,"mean":0.141321212053,"median":0.138412162662,"min":0.0380114465952,"var":0.00160417507868},"erbbands_kurtosis":{"dmean":1.08349013329,"dmean2":1.67906475067,"dvar":2.29883098602,"dvar2":5.56089258194,"max":27.3075122833,"mean":1.25374317169,"median":0.47346997261,"min":-1.58874714375,"var":6.48908281326},"erbbands_skewness":{"dmean":0.340468078852,"dmean2":0.520498991013,"dvar":0.098692573607,"dvar2":0.224580600858,"max":4.27906847,"mean":0.106504045427,"median":0.109384208918,"min":-3.81062602997,"var":0.460647761822},"erbbands_spread":{"dmean":7.80802488327,"dmean2":11.9639005661,"dvar":70.535697937,"dvar2":158.207351685,"max":130.315917969,"mean":32.3506126404,"median":29.1715373993,"min":3.6793422699,"var":279.408782959},"gfcc":{"cov":[[29055.5878906,717.920532227,-2034.42541504,298.832458496,-1004.03186035,318.473999023,-613.247558594,311.177825928,-345.050933838,157.15663147,-477.245056152,-65.113861084,-147.38621521],[717.920532227,951.036682129,-228.437942505,19.8593521118,84.4154205322,-14.3954458237,78.1005020142,-14.5289058685,32.4139938354,-22.4056167603,61.3704719543,-40.4335861206,13.8048171997],[-2034.42541504,-228.437942505,826.346984863,61.4602432251,185.201904297,64.8701248169,24.9429244995,11.9045696259,1.26389837265,1.00838780403,13.6453428268,49.7465553284,-14.9559707642],[298.832458496,19.8593521118,61.4602432251,276.956787109,-8.17259120941,41.0006446838,-9.61237049103,4.90908193588,14.5391988754,-4.86982059479,16.3529758453,1.39694964886,16.6425991058],[-1004.03186035,84.4154205322,185.201904297,-8.17259120941,323.174163818,78.5516891479,84.8395004272,-17.6226119995,-7.0457611084,19.5585536957,33.6971702576,11.838183403,2.80620241165],[318.473999023,-14.3954458237,64.8701248169,41.0006446838,78.5516891479,239.948059082,55.9436340332,-2.71506524086,-40.9671974182,27.6319713593,34.6230659485,7.81522798538,-9.61348342896],[-613.247558594,78.1005020142,24.9429244995,-9.61237049103,84.8395004272,55.9436340332,147.917068481,23.6168403625,15.7334241867,15.787858963,27.7595348358,-7.31271123886,7.48856973648],[311.177825928,-14.5289058685,11.9045696259,4.90908193588,-17.6226119995,-2.71506524086,23.6168403625,110.497009277,54.7644004822,10.1513490677,-14.1921863556,3.02241659164,6.66519355774],[-345.050933838,32.4139938354,1.26389837265,14.5391988754,-7.0457611084,-40.9671974182,15.7334241867,54.7644004822,108.12097168,16.9614772797,1.11741387844,-4.03195858002,15.6925973892],[157.15663147,-22.4056167603,1.00838780403,-4.86982059479,19.5585536957,27.6319713593,15.787858963,10.1513490677,16.9614772797,67.2092895508,19.5924968719,-0.279339760542,3.67209887505],[-477.245056152,61.3704719543,13.6453428268,16.3529758453,33.6971702576,34.6230659485,27.7595348358,-14.1921863556,1.11741387844,19.5924968719,79.7238693237,16.8181209564,6.76626300812],[-65.113861084,-40.4335861206,49.7465553284,1.39694964886,11.838183403,7.81522798538,-7.31271123886,3.02241659164,-4.03195858002,-0.279339760542,16.8181209564,61.5093727112,14.567240715],[-147.38621521,13.8048171997,-14.9559707642,16.6425991058,2.80620241165,-9.61348342896,7.48856973648,6.66519355774,15.6925973892,3.67209887505,6.76626300812,14.567240715,61.2017707825]],"icov":[[0.0000975610746536,-0.00017539440887,0.000196861714358,-0.000172511776327,0.000142541495734,-0.000222832182772,0.000379858742235,-0.000504450232256,0.000556927989237,-0.000632037350442,0.00073019345291,-0.000316043384373,0.00022606649145],[-0.00017539440887,0.0017438440118,0.000140216638101,0.000159882678417,-0.000837970059365,0.000600490544457,-0.00105797278229,0.000984195969068,-0.00147835200187,0.00226910226047,-0.00262404722162,0.00150245300028,-0.000494521169458],[0.000196861714358,0.000140216638101,0.002111552516,-0.000796678010374,-0.000843741348945,-0.000481518392917,0.000792860635556,-0.00122961355373,0.00079663383076,-0.000729325984139,0.00134833774064,-0.0016272951616,0.00125280534849],[-0.000172511776327,0.000159882678417,-0.000796678010374,0.00445196218789,0.000199579502805,-0.000792983570136,0.000226753778406,0.000923843763303,-0.00196528155357,0.00211776793003,-0.00222662091255,0.001434322563,-0.00183726509567],[0.000142541495734,-0.000837970059365,-0.000843741348945,0.000199579502805,0.00499073136598,-0.00113316148054,-0.00153140502516,0.000692195491865,0.000695102615282,-0.00188306777272,0.00132071843836,-0.00108447473031,0.0000238602260652],[-0.000222832182772,0.000600490544457,-0.000481518392917,-0.000792983570136,-0.00113316148054,0.00666920188814,-0.00264800479636,-0.000118654825201,0.00221150019206,-0.000799582689069,-0.00304917013273,0.00046833200031,0.000568931223825],[0.000379858742235,-0.00105797278229,0.000792860635556,0.000226753778406,-0.00153140502516,-0.00264800479636,0.0115451561287,-0.00464061368257,0.00152617727872,-0.00208313250914,0.0000818737971713,0.00150246580597,-0.000600487866905],[-0.000504450232256,0.000984195969068,-0.00122961355373,0.000923843763303,0.000692195491865,-0.000118654825201,-0.00464061368257,0.0167042650282,-0.0101383375004,0.00248263287358,0.000392123125494,-0.00101269374136,-0.00064197962638],[0.000556927989237,-0.00147835200187,0.00079663383076,-0.00196528155357,0.000695102615282,0.00221150019206,0.00152617727872,-0.0101383375004,0.0188011620194,-0.00739171542227,0.00279734213836,-0.00003646371988,-0.0010412101401],[-0.000632037350442,0.00226910226047,-0.000729325984139,0.00211776793003,-0.00188306777272,-0.000799582689069,-0.00208313250914,0.00248263287358,-0.00739171542227,0.023141304031,-0.00982798356563,0.00430498318747,-0.00227405293845],[0.00073019345291,-0.00262404722162,0.00134833774064,-0.00222662091255,0.00132071843836,-0.00304917013273,0.0000818737971713,0.000392123125494,0.00279734213836,-0.00982798356563,0.0240244884044,-0.00877129193395,0.00199717469513],[-0.000316043384373,0.00150245300028,-0.0016272951616,0.001434322563,-0.00108447473031,0.00046833200031,0.00150246580597,-0.00101269374136,-0.00003646371988,0.00430498318747,-0.00877129193395,0.022521449253,-0.00647773360834],[0.00022606649145,-0.000494521169458,0.00125280534849,-0.00183726509567,0.0000238602260652,0.000568931223825,-0.000600487866905,-0.00064197962638,-0.0010412101401,-0.00227405293845,0.00199717469513,-0.00647773360834,0.0197572223842]],"mean":[3.96174454689,82.2601776123,-114.026199341,28.091386795,-45.009929657,26.8923034668,-24.828119278,5.79207658768,-19.7241420746,2.43461513519,-11.2118701935,-2.44530463219,-9.84410953522]},"hfc":{"dmean":7.01598310471,"dmean2":10.3190641403,"dvar":96.085105896,"dvar2":218.603942871,"max":194.647109985,"mean":25.7437095642,"median":22.624546051,"min":1.07788826978e-16,"var":416.288085938},"melbands":{"dmean":[0.00222269375809,0.00170384475496,0.00089123507496,0.000699842930771,0.000167992897332,0.000133839464979,0.000121802440844,0.000138155926834,0.000139506810228,0.000151251020725,0.000113812850032,0.000102744699689,0.0000880797306309,0.0000513784871146,0.000078283737821,0.000077415825217,0.0000623188825557,0.0000428902458225,0.0000274013782473,0.0000203603158297,0.0000189405218407,0.0000119818669191,0.0000100056458905,0.00000753422273192,0.00000571979308006,0.00000521774109075,0.00000506223750563,0.00000558650799576,0.00000389038541471,0.0000029059276585,0.00000247695993494,0.00000211638234759,0.0000019551450805,0.00000233575201491,0.0000018489967033,0.00000172747002125,0.00000133763057875,9.3613948593e-7,7.20286038813e-7,8.87840599262e-7],"dmean2":[0.00400489708409,0.00294385617599,0.00155479263049,0.00124087301083,0.000279395637335,0.000224099727347,0.000193619416677,0.00023078713275,0.000215897103772,0.00022610979795,0.000177959620487,0.000163294942467,0.000138805698953,0.0000822706060717,0.000126203347463,0.00012440176215,0.000100253142591,0.0000690423476044,0.0000436511545558,0.0000321119841828,0.0000303121760226,0.0000193195683096,0.0000164649300132,0.0000123158633869,0.00000908588026505,0.00000802219346951,0.00000781531525718,0.00000865097990754,0.00000598785527473,0.00000455595045423,0.00000371583132619,0.00000330607690557,0.00000293015978059,0.00000357291628461,0.00000276042487712,0.00000261227023657,0.00000199917258215,0.00000136246535476,0.00000106042637071,0.00000138905193126],"dvar":[0.0000103339170892,0.00000835639002617,0.00000283308099824,0.00000307718050863,9.12297082323e-8,4.13556016099e-8,5.35708473137e-8,8.30686843756e-8,1.13168283633e-7,1.15950776092e-7,4.95947745094e-8,3.14970911575e-8,2.18493134696e-8,9.12281361565e-9,1.54582444623e-8,1.78504606652e-8,1.34870257185e-8,5.01207697567e-9,2.5876913945e-9,1.7188481749e-9,1.73561276462e-9,4.67450411712e-10,2.69243127793e-10,1.77665382406e-10,1.03878308733e-10,1.03189561063e-10,8.6425894219e-11,1.29711311136e-10,6.79811484883e-11,3.27901976405e-11,3.29180120662e-11,2.05490589822e-11,1.61605052257e-11,2.65756323198e-11,2.72983285282e-11,2.27647622975e-11,3.55008071551e-11,1.13492314505e-11,5.15569835088e-12,5.20286374747e-12],"dvar2":[0.0000304762288579,0.0000229169345403,0.00000788698162069,0.00000844654550747,2.3293100071e-7,1.0964649988e-7,1.29110105718e-7,2.1894568647e-7,2.70701065119e-7,2.50488540132e-7,1.17668385258e-7,7.50066604382e-8,5.34894226689e-8,2.11820569973e-8,3.85803815561e-8,4.49295463056e-8,3.43621699983e-8,1.25397967565e-8,5.9847988787e-9,4.05395672587e-9,4.55459092663e-9,1.11985676288e-9,7.17318704435e-10,4.61039456612e-10,2.58656818186e-10,2.22770316083e-10,1.92306462421e-10,2.89888502092e-10,1.51414977778e-10,7.95710441981e-11,7.35303623545e-11,4.55529503007e-11,3.48653744764e-11,6.31632385284e-11,6.04662708792e-11,4.70831706956e-11,7.98683827408e-11,2.22143900497e-11,1.02766770788e-11,1.24361137707e-11],"max":[0.0340095423162,0.0292133782059,0.0235351826996,0.0191485043615,0.00413467921317,0.00323770125397,0.00566240027547,0.00601991871372,0.00632614828646,0.00838613696396,0.00485633360222,0.00459358794615,0.0031451927498,0.0030115256086,0.00262932386249,0.00263379630633,0.00185540725943,0.00177922612056,0.00126381928567,0.00148650608025,0.00126398762222,0.000800482463092,0.000253344303928,0.000473095016787,0.000484368851176,0.000342246552464,0.000246316893026,0.000518446206115,0.000335415243171,0.000105924002128,0.000240889581619,0.000186964709428,0.000135736830998,0.000159674047609,0.000189330690773,0.000166880970937,0.000404656049795,0.000150522435433,0.0000671198504278,0.0000874469187693],"mean":[0.00259776948951,0.00239074765705,0.00104158569593,0.000679242657498,0.000235474391957,0.000200995331397,0.000197149813175,0.000210853555473,0.000233558355831,0.000283243134618,0.000208852710784,0.000192053441424,0.000156103444169,0.0000914978591027,0.000147507962538,0.000137483992148,0.000111812594696,0.0000806063544587,0.000049611342547,0.000035209730413,0.0000402672885684,0.0000238144020841,0.0000187352452485,0.0000142706185216,0.0000114627155199,0.000010217464478,0.0000108344565888,0.0000134808051371,0.00000969207667367,0.0000052008581406,0.0000046333498176,0.00000402214527639,0.00000382372627428,0.00000392879792344,0.00000329680642608,0.00000297641099678,0.00000235264928961,0.00000168080327967,0.00000126044756144,0.0000012165797898],"median":[0.00145065644756,0.00134174036793,0.000539022730663,0.000295446661767,0.000127344290377,0.000115970848128,0.0000872939563124,0.0000690765446052,0.0000768559693824,0.0000759487083997,0.000070750269515,0.000102317026176,0.0000787170356489,0.0000526753719896,0.0000884278488229,0.0000652195885777,0.0000520706635143,0.0000475604138046,0.0000294101409963,0.0000177643560164,0.0000149135648826,0.0000117995286928,0.00000981472749118,0.00000913096482691,0.00000734985087547,0.00000574349996896,0.00000530638590135,0.00000424010022471,0.00000302998523694,0.00000252095333053,0.00000211993074117,0.00000186955867321,0.00000165937581187,0.00000148743799855,9.4433198683e-7,8.85698170805e-7,6.294962418e-7,4.9820255299e-7,4.02007032108e-7,3.79173371812e-7],"min":[8.82405904907e-25,9.64743163282e-25,5.75825369284e-25,9.23800197617e-25,1.60975508522e-24,1.44293723339e-24,1.74671612951e-24,2.73637822549e-24,1.94190575822e-24,1.63992260535e-24,1.16389139463e-24,1.96669097901e-24,1.40789159464e-24,2.21296763437e-24,2.14795819882e-24,2.36825293141e-24,2.17714171358e-24,3.04432704036e-24,2.39583643904e-24,3.93361546084e-24,3.11884264425e-24,2.26993128034e-24,3.15024443587e-24,3.49250061429e-24,4.31523481235e-24,3.11291277682e-24,3.90274338931e-24,4.88316851575e-24,3.76577268148e-24,3.50101242346e-24,4.96635705364e-24,4.16145781736e-24,5.71078418509e-24,5.06742078523e-24,5.8486612941e-24,4.76077832402e-24,4.83816636769e-24,5.07903676205e-24,5.15886080819e-24,5.70983321327e-24],"var":[0.0000113621244964,0.00000995611662802,0.00000245306546276,0.00000212059489968,1.09608876642e-7,6.50714113704e-8,1.08565323842e-7,1.32854040658e-7,2.30739587437e-7,3.71367178786e-7,1.38700997354e-7,7.64844401147e-8,4.88606026749e-8,1.93716136465e-8,3.66886148129e-8,4.45942234251e-8,2.94422122238e-8,1.10892033334e-8,5.60492185997e-9,3.94925869784e-9,7.61372209723e-9,1.45803447094e-9,6.26784291136e-10,3.54317047924e-10,2.49466836078e-10,2.43595504879e-10,2.6088037286e-10,8.65589933063e-10,5.90482940321e-10,6.02249361492e-11,6.71685138065e-11,4.5199666926e-11,4.26549039145e-11,5.36693293973e-11,6.72815761438e-11,5.9895650939e-11,6.56382934117e-11,2.75024360924e-11,1.21480655396e-11,8.30087300979e-12]},"melbands_crest":{"dmean":4.37697029114,"dmean2":7.6292347908,"dvar":13.2746744156,"dvar2":41.5784606934,"max":34.4901657104,"mean":14.1449728012,"median":13.6725492477,"min":1.56130456924,"var":31.3012161255},"melbands_flatness_db":{"dmean":0.0302710402757,"dmean2":0.0486879982054,"dvar":0.00080841302406,"dvar2":0.00195777392946,"max":0.547779738903,"mean":0.178184628487,"median":0.169725582004,"min":0.00312677794136,"var":0.00472713075578},"melbands_kurtosis":{"dmean":6.9677400589,"dmean2":11.5748205185,"dvar":241.970428467,"dvar2":591.021850586,"max":595.195373535,"mean":10.5072584152,"median":3.39520168304,"min":-1.68686175346,"var":648.55847168},"melbands_skewness":{"dmean":0.818675577641,"dmean2":1.3469606638,"dvar":0.751470506191,"dvar2":1.89102780819,"max":17.9271316528,"mean":2.22238659859,"median":1.79294085503,"min":-1.10522449017,"var":2.91274452209},"melbands_spread":{"dmean":8.47535514832,"dmean2":13.7571706772,"dvar":74.70262146,"dvar2":179.480133057,"max":197.060440063,"mean":30.6668643951,"median":27.982000351,"min":0.4093362391,"var":411.184967041},"mfcc":{"cov":[[11658.6845703,604.644775391,-245.794311523,35.1122817993,-124.843460083,-105.46446228,-186.44480896,-17.0547485352,152.304199219,196.490524292,-97.5215988159,-112.706367493,-23.4246139526],[604.644775391,1021.4822998,-129.574035645,58.170589447,55.1791038513,49.1669960022,82.596862793,34.7860145569,13.7650947571,12.8235635757,57.5106010437,2.35022759438,-3.84396576881],[-245.794311523,-129.574035645,471.48135376,66.8389129639,87.552772522,51.3607940674,16.9451713562,38.5377616882,-7.10443973541,-21.7850990295,-3.57775068283,18.9673919678,37.2168312073],[35.1122817993,58.170589447,66.8389129639,215.448364258,50.2406234741,3.42526936531,-15.0838088989,9.80309963226,17.17096138,7.46194648743,-21.8742828369,16.8045043945,20.1601600647],[-124.843460083,55.1791038513,87.552772522,50.2406234741,186.122131348,83.5366973877,52.7579193115,23.8498458862,0.219378590584,-10.9301214218,11.5404205322,3.40895032883,20.9433631897],[-105.46446228,49.1669960022,51.3607940674,3.42526936531,83.5366973877,192.957901001,124.60181427,14.4670467377,-13.9607048035,-7.96955251694,24.2449264526,9.58317375183,-1.92592573166],[-186.44480896,82.596862793,16.9451713562,-15.0838088989,52.7579193115,124.60181427,178.78364563,31.6499919891,-8.93912029266,-0.728647470474,32.758556366,7.78398370743,1.0802038908],[-17.0547485352,34.7860145569,38.5377616882,9.80309963226,23.8498458862,14.4670467377,31.6499919891,87.7161636353,26.800945282,6.42247056961,11.1953363419,4.91087245941,16.0852336884],[152.304199219,13.7650947571,-7.10443973541,17.17096138,0.219378590584,-13.9607048035,-8.93912029266,26.800945282,89.2797393799,42.069278717,-4.30350828171,3.36917257309,4.1702466011],[196.490524292,12.8235635757,-21.7850990295,7.46194648743,-10.9301214218,-7.96955251694,-0.728647470474,6.42247056961,42.069278717,89.0737457275,21.5780754089,1.03145635128,0.69770950079],[-97.5215988159,57.5106010437,-3.57775068283,-21.8742828369,11.5404205322,24.2449264526,32.758556366,11.1953363419,-4.30350828171,21.5780754089,76.0611953735,5.88747549057,-4.24722957611],[-112.706367493,2.35022759438,18.9673919678,16.8045043945,3.40895032883,9.58317375183,7.78398370743,4.91087245941,3.36917257309,1.03145635128,5.88747549057,73.1434631348,26.8871898651],[-23.4246139526,-3.84396576881,37.2168312073,20.1601600647,20.9433631897,-1.92592573166,1.0802038908,16.0852336884,4.1702466011,0.69770950079,-4.24722957611,26.8871898651,64.3899383545]],"icov":[[0.0000995988011709,-0.0000777401219239,0.00000928814552026,0.0000259039552475,0.0000551113007532,-0.0000901644161786,0.000141330834595,-0.00000360437547897,-0.000041572831833,-0.000239929315285,0.000206045500818,0.000148008897668,-0.0000468998077849],[-0.0000777401219239,0.0012278847862,0.000457274232758,-0.000534348248038,-0.000291842588922,0.000163422024343,-0.000531180703547,-0.000273726065643,-0.000128630461404,0.000455277739093,-0.00102872622665,-0.0000330208458763,0.0000744552671677],[0.00000928814552026,0.000457274232758,0.0027288699057,-0.0006836305256,-0.000804656534456,-0.000570367788896,0.000383772247005,-0.00107647874393,0.000341058592312,0.000478824920719,-0.000259536580415,-0.000105296967376,-0.000825834518764],[0.0000259039552475,-0.000534348248038,-0.0006836305256,0.00582424970344,-0.00147643988021,-0.0000108447775347,0.000888091162778,-0.0000533903075848,-0.000282008986687,-0.0012237142073,0.00233835098334,-0.00117328646593,-0.000296855869237],[0.0000551113007532,-0.000291842588922,-0.000804656534456,-0.00147643988021,0.00811025034636,-0.0032348963432,0.000184383461601,-0.000466071302071,-0.00076032517245,0.00119639839977,-0.00103062286507,0.00169424165506,-0.00243053375743],[-0.0000901644161786,0.000163422024343,-0.000570367788896,-0.0000108447775347,-0.0032348963432,0.0113648651168,-0.00717680342495,0.00132914329879,0.000537806132343,0.000333079340635,-0.000348959641997,-0.001398924971,0.00201317528263],[0.000141330834595,-0.000531180703547,0.000383772247005,0.000888091162778,0.000184383461601,-0.00717680342495,0.0118206012994,-0.00319690373726,0.000985239166766,-0.00066176278051,-0.00127687782515,-0.00000593936829318,-0.000292869633995],[-0.00000360437547897,-0.000273726065643,-0.00107647874393,-0.0000533903075848,-0.000466071302071,0.00132914329879,-0.00319690373726,0.015470742248,-0.00570476194844,0.00196337327361,-0.00225878949277,0.00105097633786,-0.00323815201409],[-0.000041572831833,-0.000128630461404,0.000341058592312,-0.000282008986687,-0.00076032517245,0.000537806132343,0.000985239166766,-0.00570476194844,0.0175184998661,-0.0086355721578,0.00395534047857,-0.00132713618223,0.00131437485106],[-0.000239929315285,0.000455277739093,0.000478824920719,-0.0012237142073,0.00119639839977,0.000333079340635,-0.00066176278051,0.00196337327361,-0.0086355721578,0.0176923479885,-0.00690801301971,0.000764478114434,-0.00121957086958],[0.000206045500818,-0.00102872622665,-0.000259536580415,0.00233835098334,-0.00103062286507,-0.000348959641997,-0.00127687782515,-0.00225878949277,0.00395534047857,-0.00690801301971,0.01847637631,-0.00214658002369,0.00227564712986],[0.000148008897668,-0.0000330208458763,-0.000105296967376,-0.00117328646593,0.00169424165506,-0.001398924971,-0.00000593936829318,0.00105097633786,-0.00132713618223,0.000764478114434,-0.00214658002369,0.0172671657056,-0.00764941005036],[-0.0000468998077849,0.0000744552671677,-0.000825834518764,-0.000296855869237,-0.00243053375743,0.00201317528263,-0.000292869633995,-0.00323815201409,0.00131437485106,-0.00121957086958,0.00227564712986,-0.00764941005036,0.021024974063]],"mean":[-629.330932617,114.202255249,-3.90677881241,13.2889165878,5.6589717865,17.4371528625,9.01737976074,7.7154583931,1.3647787571,5.10726642609,2.71105313301,1.47738111019,-0.517537713051]},"pitch_salience":{"dmean":0.0843688696623,"dmean2":0.144059151411,"dvar":0.00555043062195,"dvar2":0.0155471134931,"max":0.847954213619,"mean":0.545346021652,"median":0.547392964363,"min":0.17677077651,"var":0.0120448321104},"silence_rate_20dB":{"dmean":0,"dmean2":0,"dvar":0,"dvar2":0,"max":1,"mean":1,"median":1,"min":1,"var":0},"silence_rate_30dB":{"dmean":0.00423857104033,"dmean2":0.00847778376192,"dvar":0.00422070827335,"dvar2":0.0121912006289,"max":1,"mean":0.997578144073,"median":1,"min":0,"var":0.00241596042179},"silence_rate_60dB":{"dmean":0.00741749908775,"dmean2":0.0148361213505,"dvar":0.00736124720424,"dvar2":0.0162819642574,"max":1,"mean":0.0762885063887,"median":0,"min":0,"var":0.0704740658402},"spectral_centroid":{"dmean":258.440948486,"dmean2":398.532592773,"dvar":82075.078125,"dvar2":182682.90625,"max":11723.5224609,"mean":1625.17297363,"median":1430.45458984,"min":143.887054443,"var":1612398},"spectral_complexity":{"dmean":4.17968511581,"dmean2":6.12020301819,"dvar":22.4294147491,"dvar2":42.3400764465,"max":59,"mean":22.3152198792,"median":23,"min":0,"var":131.931106567},"spectral_contrast_coeffs":{"dmean":[0.0619389899075,0.0450620092452,0.0399622805417,0.0318970121443,0.0203498173505,0.016586670652],"dmean2":[0.104774832726,0.0754454806447,0.0638093575835,0.050879791379,0.0325336046517,0.0255629979074],"dvar":[0.00277630263008,0.00134482141584,0.00109169562347,0.000705443206243,0.000307830137899,0.000211998441955],"dvar2":[0.00777471857145,0.00363510590978,0.00265901978128,0.0016590784071,0.000716430717148,0.000477465306176],"max":[-0.347183316946,-0.352759569883,-0.479313820601,-0.531418025494,-0.563537836075,-0.591453254223],"mean":[-0.688409388065,-0.762210965157,-0.761438190937,-0.762009680271,-0.796033382416,-0.768643677235],"median":[-0.691801786423,-0.765759825706,-0.762989163399,-0.763981997967,-0.801595747471,-0.767690062523],"min":[-0.976217746735,-0.98153758049,-0.979761362076,-0.987823665142,-0.968309998512,-0.966300189495],"var":[0.00652760313824,0.00462918961421,0.00452069751918,0.00386814353988,0.00252324948087,0.00189976987895]},"spectral_contrast_valleys":{"dmean":[0.415538996458,0.387390524149,0.353611409664,0.29757168889,0.265464544296,0.325998902321],"dmean2":[0.686901628971,0.620859146118,0.550734937191,0.44422313571,0.376755416393,0.418654620647],"dvar":[0.135532647371,0.127963736653,0.12568244338,0.0948340967298,0.0938976183534,0.122620135546],"dvar2":[0.323343276978,0.290855377913,0.263659536839,0.170779719949,0.165254503489,0.216583609581],"max":[-5.05825090408,-4.76361560822,-5.18907022476,-5.79206562042,-5.68602705002,-7.31897878647],"mean":[-7.23985767365,-7.0202498436,-7.30710887909,-7.60920333862,-7.69919013977,-10.1168785095],"median":[-6.75065469742,-6.57700061798,-6.81166601181,-7.09324550629,-7.21159744263,-9.70401763916],"min":[-28.2560043335,-28.1478404999,-27.8292331696,-27.8574886322,-27.6494922638,-27.480260849],"var":[6.93528318405,7.03588867188,6.89542245865,6.64822006226,6.59048509598,5.62233161926]},"spectral_decrease":{"dmean":3.25223625808e-9,"dmean2":5.47980905097e-9,"dvar":1.73002029245e-17,"dvar2":4.41895864355e-17,"max":2.06434412208e-28,"mean":-8.11953881907e-9,"median":-7.28077198531e-9,"min":-4.18182040107e-8,"var":3.26503010851e-17},"spectral_energy":{"dmean":0.0126693546772,"dmean2":0.0212310086936,"dvar":0.000258779065916,"dvar2":0.000658262753859,"max":0.160398870707,"mean":0.0329800471663,"median":0.0299672875553,"min":9.90226150782e-21,"var":0.000512316357344},"spectral_energyband_high":{"dmean":0.000493675936013,"dmean2":0.000691907131113,"dvar":9.12448513191e-7,"dvar2":0.00000184550447102,"max":0.0220195408911,"mean":0.00119328789879,"median":0.000513996463269,"min":6.8715492916e-21,"var":0.00000349721153725},"spectral_energyband_low":{"dmean":0.0097129996866,"dmean2":0.0170994270593,"dvar":0.000201887625735,"dvar2":0.000553621619474,"max":0.150162354112,"mean":0.01467042882,"median":0.0096883457154,"min":1.56217209982e-23,"var":0.000275142607279},"spectral_energyband_middle_high":{"dmean":0.00230664224364,"dmean2":0.00357745168731,"dvar":0.00000703887963027,"dvar2":0.0000171044721355,"max":0.0377445295453,"mean":0.00829615537077,"median":0.00775498943403,"min":1.20561291552e-21,"var":0.0000376852149202},"spectral_energyband_middle_low":{"dmean":0.00564647046849,"dmean2":0.00950275734067,"dvar":0.0000923762927414,"dvar2":0.000244083581492,"max":0.094194188714,"mean":0.00991913769394,"median":0.0068393452093,"min":1.72098564037e-22,"var":0.000111217370431},"spectral_entropy":{"dmean":0.140819296241,"dmean2":0.199970468879,"dvar":0.0201343223453,"dvar2":0.0396375730634,"max":9.82678794861,"mean":7.79234409332,"median":7.78894376755,"min":6.01657962799,"var":0.16593311727},"spectral_flux":{"dmean":0.0290262103081,"dmean2":0.0439354777336,"dvar":0.00107586733066,"dvar2":0.00207490334287,"max":0.342752367258,"mean":0.101368024945,"median":0.0960087776184,"min":6.18843726263e-11,"var":0.00278886849992},"spectral_kurtosis":{"dmean":1.13937592506,"dmean2":1.80194377899,"dvar":1.61297631264,"dvar2":4.10842514038,"max":31.9920692444,"mean":4.01062202454,"median":3.83025598526,"min":-1.2605689764,"var":4.81817245483},"spectral_rms":{"dmean":0.0010034685256,"dmean2":0.00163984077517,"dvar":0.0000011957413335,"dvar2":0.00000290909747491,"max":0.0125094642863,"mean":0.00525050284341,"median":0.00540706748143,"min":3.10817365769e-12,"var":0.00000460770388599},"spectral_rolloff":{"dmean":465.740356445,"dmean2":779.018371582,"dvar":558030.3125,"dvar2":1177462.125,"max":19552.1484375,"mean":1823.12536621,"median":1378.125,"min":64.599609375,"var":5673117},"spectral_skewness":{"dmean":0.173382490873,"dmean2":0.261806666851,"dvar":0.029081441462,"dvar2":0.0641565471888,"max":4.18201589584,"mean":1.51908910275,"median":1.54713284969,"min":-0.101906724274,"var":0.166267082095},"spectral_spread":{"dmean":550537.625,"dmean2":759328.875,"dvar":473849954304,"dvar2":923749318656,"max":42941388,"mean":5260838,"median":4588792.5,"min":1746993.875,"var":19958140502000},"spectral_strongpeak":{"dmean":0.707478582859,"dmean2":1.26113939285,"dvar":1.53912389278,"dvar2":4.11574554443,"max":19.5882091522,"mean":0.874210298061,"median":0.298497766256,"min":0,"var":1.89693260193},"zerocrossingrate":{"dmean":0.010109144263,"dmean2":0.0119732953608,"dvar":0.000125138569274,"dvar2":0.000167631485965,"max":0.52880859375,"mean":0.0691244080663,"median":0.05810546875,"min":0.00146484375,"var":0.00366521184333}},"metadata":{"audio_properties":{"analysis_sample_rate":44100,"bit_rate":0,"codec":"flac","downmix":"mix","equal_loudness":0,"length":306.773345947,"lossless":true,"md5_encoded":"748f3a063a8e72d38d2bac8d7207c99e","replay_gain":-14.2255439758,"sample_rate":44100},"tags":{"acoustid_id":["ffed066c-18e6-49c5-b788-66eb0243fddd"],"album":["Velociraptor!"],"albumartist":["Kasabian"],"albumartistsort":["Kasabian"],"artist":["Kasabian"],"artistsort":["Kasabian"],"asin":["B005DWBZ8G"],"barcode":["4547366061406"],"catalognumber":["SICP-3272","SICP-3273"],"date":["2011-09-21"],"discnumber":["1"],"disctotal":["1"],"file_name":"02. Days Are Forgotten.flac","genre":["Brit Pop"],"isrc":["GBARL1100557"],"label":["Sony Music Japan International Inc.","Sony Music Japan International Inc."],"language":["eng"],"media":["CD"],"musicbrainz_albumartistid":["69b39eab-6577-46a4-a9f5-817839092033"],"musicbrainz_albumid":["9f49563c-f399-4c0a-833f-0145eced2148"],"musicbrainz_artistid":["69b39eab-6577-46a4-a9f5-817839092033"],"musicbrainz_recordingid":["b0be55f6-4c16-4639-bb6d-1f07c23ea787"],"musicbrainz_releasegroupid":["b4fe76e4-1fe5-497f-b1ec-f28c6c7d20bf"],"originaldate":["2011-09-16"],"performer":["Kasabian"],"releasecountry":["JP"],"releasestatus":["official"],"releasetype":["album"],"script":["Latn"],"title":["Days Are Forgotten"],"totaldiscs":["1"],"totaltracks":["14"],"tracknumber":["2"],"tracktotal":["14"]},"version":{"essentia":"2.1-beta2","essentia_build_sha":"70f2e5ece6736b2c40cc944ad0e695b16b925413","essentia_git_sha":"v2.1_beta2","extractor":"music 1.0"}},"rhythm":{"beats_count":535,"beats_loudness":{"dmean":0.0191111918539,"dmean2":0.0359325967729,"dvar":0.000325526663801,"dvar2":0.000969975546468,"max":0.131405860186,"mean":0.0396528206766,"median":0.0367843359709,"min":0,"var":0.000472911720863},"beats_loudness_band_ratio":{"dmean":[0.356111049652,0.212557330728,0.0930311083794,0.10833953321,0.0623169392347,0.08