{"lowlevel":{"average_loudness":0.97168648243,"barkbands":{"dmean":[0.0000551478115085,0.00319523108192,0.0037181256339,0.00110437453259,0.00184425059706,0.00071791902883,0.000648734567221,0.000516828382388,0.000771817693021,0.00056580954697,0.000453156710137,0.000583430344705,0.000310799136059,0.000344363041222,0.000267321593128,0.00054276373703,0.000588689465076,0.000433023873484,0.000423015328124,0.00018473835371,0.000108651976916,0.0000587603390159,0.0000463838405267,0.0000548913121747,0.0000863737077452,0.0000818459011498,0.0000102098465504],"dmean2":[0.0000830600911286,0.00556316692382,0.00652222940698,0.00191706453916,0.00301647977903,0.00106882222462,0.000999746727757,0.00087165745208,0.00120558869094,0.000903739011846,0.00071824179031,0.000931085960474,0.00051220075693,0.000565288879443,0.000429881096352,0.00089878437575,0.000983469886705,0.000720312993508,0.00071530387504,0.000308897026116,0.000179944108822,0.000086291860498,0.0000681331803207,0.0000760092734708,0.000126814135001,0.000122271027067,0.0000140981237564],"dvar":[1.08722817416e-8,0.0000476316672575,0.0000464525401185,0.00000355395900442,0.0000161012303579,7.60902764796e-7,8.6558361545e-7,7.77057096002e-7,9.39583571835e-7,5.89778096582e-7,4.1612756263e-7,7.04152057551e-7,1.76415284159e-7,2.09276606711e-7,1.40276227967e-7,5.4786301007e-7,4.62165928639e-7,3.0529616879e-7,2.69452840485e-7,6.85368775066e-8,1.90809146261e-8,1.29429542639e-8,1.13894644826e-8,2.12882387274e-8,7.87363632071e-8,7.18630133179e-8,5.42474620779e-10],"dvar2":[2.19603535356e-8,0.0001320958836,0.000136758462759,0.0000100331599242,0.0000413621310145,0.0000015610966102,0.00000202766455004,0.00000224108293878,0.00000225513281293,0.00000142000294545,9.8625184819e-7,0.00000169365193869,4.5509540314e-7,4.98761721701e-7,3.41188695074e-7,0.00000146012382629,0.00000125179110455,7.7980041624e-7,7.68695770148e-7,1.82951794159e-7,4.85437681164e-8,2.53446597043e-8,2.31956569507e-8,4.33674962608e-8,1.79076039331e-7,1.62916492741e-7,1.13272580204e-9],"max":[0.00106943922583,0.0786124914885,0.0632450133562,0.0226535387337,0.0414927080274,0.0256715714931,0.0186237376183,0.0125230932608,0.0182004813105,0.012377794832,0.00919963233173,0.0165005996823,0.00675815390423,0.0104324026033,0.00527883181348,0.013302708976,0.0100502790883,0.0126391882077,0.00786641333252,0.00674539944157,0.00207589822821,0.00182049302384,0.00204286305234,0.00250743003562,0.00533642759547,0.00566899310797,0.00052712514298],"mean":[0.0000740410469007,0.00479609612375,0.00568972434849,0.00174397812225,0.00245253345929,0.00173971487675,0.00129955820739,0.000810743367765,0.0015228590928,0.0010361217428,0.00079668633407,0.00109428248834,0.000572693068534,0.000731901614927,0.000537546526175,0.00112690054812,0.00137625285424,0.00105159939267,0.00101413240191,0.000434041314293,0.00029449397698,0.000141364522278,0.000105895698653,0.000112499081297,0.000140680349432,0.000120657517982,0.0000172537038452],"median":[0.0000336388329742,0.00323905423284,0.00385791296139,0.00112312694546,0.00121905351989,0.00107559934258,0.000803588074632,0.000469232560135,0.00106180284638,0.000667119049467,0.000456827954622,0.0006913744146,0.000413024041336,0.000534866529051,0.000377748627216,0.00085261836648,0.00116852030624,0.000879479979631,0.000807403645013,0.0003217626072,0.000240172274061,0.000055430442444,0.0000294836954708,0.00003656534318,0.0000361240417988,0.0000279323521681,0.00000897306381376],"min":[3.30790302095e-24,4.59938014383e-24,8.70566483226e-25,1.51315354535e-24,1.14034640124e-23,1.06896734775e-23,1.77456374777e-23,3.97240809028e-24,1.57808326651e-23,2.23539656707e-23,2.21694163951e-23,2.36410490356e-23,5.10303990613e-23,4.02281007013e-23,4.08990836991e-23,5.18643133906e-23,5.46944781058e-23,6.00251267868e-23,1.25827012563e-22,1.85512531574e-22,2.39371549183e-22,2.84527361037e-22,4.63847839376e-22,5.61945128943e-22,8.20406708136e-22,1.28152157993e-21,1.98698375684e-21],"var":[1.57493094122e-8,0.0000400978497055,0.0000445329933427,0.00000432598790212,0.0000161317821039,0.0000050300473049,0.00000249957838605,0.00000104018818092,0.00000237124731939,0.00000136847393151,0.00000100754857613,0.00000185095859706,3.24322542156e-7,5.83429027756e-7,3.16388451438e-7,0.00000117307240544,0.00000123108418393,7.90724470789e-7,6.97370239777e-7,1.61143063337e-7,5.67896307757e-8,4.10969960285e-8,3.23764659527e-8,4.58829276795e-8,1.2173184416e-7,1.03494876669e-7,8.19218470838e-10]},"barkbands_crest":{"dmean":2.01875090599,"dmean2":3.34264349937,"dvar":4.05970430374,"dvar2":10.9186506271,"max":24.340593338,"mean":7.28100061417,"median":6.47137212753,"min":2.21288919449,"var":9.71971988678},"barkbands_flatness_db":{"dmean":0.0146648222581,"dmean2":0.0233337972313,"dvar":0.000275926635368,"dvar2":0.000734790461138,"max":0.340413838625,"mean":0.098144441843,"median":0.0831437185407,"min":0.0197262298316,"var":0.00295031676069},"barkbands_kurtosis":{"dmean":0.90737503767,"dmean2":1.53694200516,"dvar":2.9607834816,"dvar2":8.2752532959,"max":36.1313858032,"mean":0.029807407409,"median":-0.613089323044,"min":-1.79154443741,"var":4.2997136116},"barkbands_skewness":{"dmean":0.368095844984,"dmean2":0.599363565445,"dvar":0.171901121736,"dvar2":0.462397009134,"max":5.46316432953,"mean":0.741479516029,"median":0.691659748554,"min":-3.0065202713,"var":0.512437939644},"barkbands_spread":{"dmean":4.7632727623,"dmean2":7.46189451218,"dvar":24.6199188232,"dvar2":58.7747421265,"max":84.6087722778,"mean":32.6358718872,"median":33.2516593933,"min":3.9710149765,"var":119.620201111},"dissonance":{"dmean":0.011204842478,"dmean2":0.0188641101122,"dvar":0.000197323199245,"dvar2":0.000561042397749,"max":0.499954253435,"mean":0.478937536478,"median":0.484452545643,"min":0.168164208531,"var":0.000510879675858},"dynamic_complexity":1.64239573479,"erbbands":{"dmean":[0.0563907511532,0.883886694908,3.87623167038,4.03233766556,3.03358578682,9.36379718781,5.02598142624,6.87116622925,7.54280900955,13.0640935898,10.7797603607,17.3519134521,22.2418384552,10.0048780441,18.3966655731,24.1188983917,15.2561388016,16.0977668762,12.3572750092,13.3799133301,34.4269142151,32.3053512573,22.2236633301,27.9635772705,12.4215497971,8.71821975708,5.24395227432,3.41874337196,2.18059921265,1.72834563255,1.33559167385,1.03877675533,0.93312728405,0.775562345982,0.723369061947,0.538464486599,0.119442373514,0.0148196909577,0.00190033018589,0.000087474596512],"dmean2":[0.090401083231,1.57336735725,6.85827589035,7.02470016479,5.24263525009,15.0724086761,8.18521881104,10.2171974182,11.7512235641,20.6020069122,17.9921836853,26.8972930908,35.7063217163,16.1817436218,28.6909942627,38.9218597412,25.12383461,26.4398937225,19.725938797,22.0101776123,57.2257575989,53.8778991699,36.6993255615,46.9283905029,20.914604187,14.6820659637,8.8266248703,5.47636222839,3.24460482597,2.50699353218,1.96659946442,1.48923051357,1.3200224638,1.12219119072,1.08167231083,0.812893331051,0.180048152804,0.0210395380855,0.00265212566592,0.000119964563055],"dvar":[0.0115877278149,3.91234827042,57.4195747375,50.4578895569,19.9628276825,457.194671631,77.1792221069,79.7475662231,108.633392334,522.721557617,294.588165283,581.457824707,833.149536133,138.470077515,651.019348145,1415.11816406,412.459747314,536.276489258,279.162780762,303.379882812,2344.99560547,1399.8302002,742.080505371,1098.41674805,239.66796875,185.126831055,46.1652069092,21.5483760834,16.6496677399,13.266409874,9.84245491028,6.77719163895,6.34395742416,5.57714033127,5.71980762482,3.25558900833,0.14845687151,0.00149629346561,0.0000194742369786,3.73413726606e-8],"dvar2":[0.0277973916382,11.1038599014,168.140914917,146.987640381,55.4708862305,1155.96606445,203.664535522,162.027282715,254.103851318,1217.48608398,843.921203613,1347.74206543,2010.91821289,341.585113525,1540.41015625,3502.10546875,1052.33410645,1250.53759766,649.078613281,774.885314941,6275.49072266,3799.63500977,1851.59411621,3075.04785156,655.082397461,494.670166016,125.877479553,50.1916046143,34.4777030945,25.9776420593,20.3199996948,13.9192590714,13.063791275,12.2547636032,13.1260099411,7.44278526306,0.343061000109,0.00327790249139,0.0000407910047215,7.38779561971e-8],"max":[1.02871131897,21.8221950531,74.4241638184,79.8287277222,68.1144180298,213.141616821,114.522750854,288.65234375,235.779342651,630.976074219,282.949310303,507.268005371,484.861419678,195.047134399,433.684967041,854.898254395,324.624816895,570.506530762,288.285552979,259.858581543,840.363525391,624.239990234,583.10949707,421.915802002,314.727508545,459.27041626,125.410102844,57.8643264771,61.9050064087,65.3377990723,62.9572906494,43.8817138672,44.7612724304,58.903465271,40.7694396973,35.5576286316,8.7676897049,0.820657193661,0.0940272733569,0.00401535909623],"mean":[0.0938088297844,1.28241467476,5.84803104401,6.64785814285,5.22660970688,11.1386508942,8.83041286469,16.2121219635,15.9492521286,24.2623176575,19.693239212,34.2991943359,41.4929161072,22.0601329803,37.0591964722,46.6811103821,31.1793613434,35.5712623596,28.4126300812,31.5127563477,74.868850708,80.0404586792,60.8662033081,69.0424423218,32.1921958923,20.8425521851,13.8503017426,9.05310535431,5.30546665192,4.07329416275,2.97667169571,2.20964860916,1.81005084515,1.38106369972,1.1083779335,0.757390201092,0.177178755403,0.0250191316009,0.00314215035178,0.000171702486114],"median":[0.0624598897994,0.847196638584,3.99218392372,4.95467185974,3.60751008987,4.17982959747,5.71821594238,9.32782268524,9.55453205109,12.8917894363,13.4849700928,22.5187492371,29.2332744598,17.381477356,23.8225326538,29.6942214966,23.4707736969,25.8274650574,21.1028232574,25.0839691162,58.1473121643,69.2670135498,52.3657951355,56.6769828796,26.3418197632,16.0383663177,11.5212640762,6.77451372147,2.36360168457,1.31209874153,0.814342558384,0.720305263996,0.567254900932,0.400850117207,0.26202583313,0.135153397918,0.0491514764726,0.0116260470822,0.00157175539061,0.000101641941001],"min":[1.68918066194e-22,9.57815574561e-22,1.60036658653e-21,6.43193914674e-21,2.8226659524e-20,2.22981656009e-20,5.15045300876e-20,1.17471834972e-19,2.86953659084e-19,2.48744609778e-19,3.11814391449e-19,3.49807572465e-19,6.02014450094e-19,6.80900959053e-19,1.04951704184e-18,1.58073491276e-18,2.19834456083e-18,1.91909438309e-18,2.13489070886e-18,3.35942800138e-18,3.95265774167e-18,3.84564497223e-18,3.80912494819e-18,4.76324262959e-18,8.56079159869e-18,8.82032530615e-18,9.76754306047e-18,7.8482896519e-18,1.08130034018e-17,1.15446429992e-17,1.06070908504e-17,1.08126419239e-17,8.96152255517e-18,8.0996425431e-18,6.57680014026e-18,4.36427894449e-18,2.26892395339e-18,9.77853112093e-19,2.75606498839e-19,2.93229743348e-20],"var":[0.0137175600976,3.00005173683,49.7926673889,46.7440719604,30.5886497498,451.184448242,109.419471741,531.399780273,409.392974854,1381.02978516,435.570129395,1511.88623047,1794.30737305,337.899719238,1733.40185547,3636.48242188,803.678710938,1466.24108887,773.513244629,725.367980957,4883.52587891,3926.5925293,2172.67114258,3026.38232422,648.516174316,371.203460693,123.29385376,66.2021331787,51.7197418213,41.8325920105,26.7104206085,15.8566884995,12.7018356323,9.90562534332,8.35483551025,4.64648199081,0.202553033829,0.00223911996,0.0000290931147902,5.88967594695e-8]},"erbbands_crest":{"dmean":1.83197081089,"dmean2":2.93841457367,"dvar":2.98998212814,"dvar2":7.46533155441,"max":26.4085102081,"mean":7.35742664337,"median":6.49242639542,"min":2.04133343697,"var":11.5465955734},"erbbands_flatness_db":{"dmean":0.0126368887722,"dmean2":0.0181671716273,"dvar":0.000189122933079,"dvar2":0.000346743996488,"max":0.411089867353,"mean":0.149356350303,"median":0.137764066458,"min":0.0368065461516,"var":0.00313980458304},"erbbands_kurtosis":{"dmean":0.551569461823,"dmean2":0.851278603077,"dvar":0.640914440155,"dvar2":1.24815642834,"max":48.3829345703,"mean":0.20891456306,"median":-0.188600063324,"min":-1.57293975353,"var":4.72899246216},"erbbands_skewness":{"dmean":0.250464260578,"dmean2":0.38815921545,"dvar":0.0461338162422,"dvar2":0.110171206295,"max":2.15178966522,"mean":-0.369930356741,"median":-0.379126608372,"min":-3.93311929703,"var":0.334887951612},"erbbands_spread":{"dmean":5.68484163284,"dmean2":8.87468719482,"dvar":37.1332130432,"dvar2":87.5261383057,"max":107.864128113,"mean":33.3186302185,"median":31.9856891632,"min":1.28458297253,"var":122.717849731},"gfcc":{"cov":[[19382.3867188,-2289.59667969,-281.758666992,1050.46533203,-748.306762695,850.80078125,-1140.1673584,440.303649902,-454.583129883,219.011001587,-404.262176514,324.758666992,-126.308860779],[-2289.59667969,2119.234375,-826.273254395,-165.051879883,256.209381104,-598.726745605,540.188232422,-187.574615479,160.668441772,-85.4904251099,100.694915771,-246.576522827,53.7595443726],[-281.758666992,-826.273254395,918.370178223,-132.282806396,-39.5682106018,359.777954102,-262.48034668,143.82572937,-75.7160644531,37.7907905579,-15.578912735,120.769714355,-35.3326377869],[1050.46533203,-165.051879883,-132.282806396,279.647888184,-10.4824256897,41.2758102417,-16.0375442505,-3.2006213665,6.99415206909,8.6473274231,-21.8456039429,-2.79793691635,9.43679141998],[-748.306762695,256.209381104,-39.5682106018,-10.4824256897,226.459762573,-73.3721923828,129.642379761,11.1557016373,33.7521934509,6.39804315567,29.7825832367,-34.8562355042,10.7556152344],[850.80078125,-598.726745605,359.777954102,41.2758102417,-73.3721923828,350.485565186,-172.426513672,114.310195923,-61.287612915,20.7004871368,-12.7879447937,89.0186080933,-24.1537227631],[-1140.1673584,540.188232422,-262.48034668,-16.0375442505,129.642379761,-172.426513672,264.538665771,-49.3862571716,67.9817733765,-34.8512802124,36.8259773254,-73.0776977539,22.1156597137],[440.303649902,-187.574615479,143.82572937,-3.2006213665,11.1557016373,114.310195923,-49.3862571716,126.376213074,-3.44903540611,23.4908752441,-7.81006193161,21.2036437988,-9.90406131744],[-454.583129883,160.668441772,-75.7160644531,6.99415206909,33.7521934509,-61.287612915,67.9817733765,-3.44903540611,94.0420913696,12.9834938049,7.95807361603,-33.5353431702,9.87777900696],[219.011001587,-85.4904251099,37.7907905579,8.6473274231,6.39804315567,20.7004871368,-34.8512802124,23.4908752441,12.9834938049,60.1115036011,12.4825973511,2.26172924042,-6.74912548065],[-404.262176514,100.694915771,-15.578912735,-21.8456039429,29.7825832367,-12.7879447937,36.8259773254,-7.81006193161,7.95807361603,12.4825973511,61.3232460022,7.17412853241,1.40252661705],[324.758666992,-246.576522827,120.769714355,-2.79793691635,-34.8562355042,89.0186080933,-73.0776977539,21.2036437988,-33.5353431702,2.26172924042,7.17412853241,88.231918335,12.0789299011],[-126.308860779,53.7595443726,-35.3326377869,9.43679141998,10.7556152344,-24.1537227631,22.1156597137,-9.90406131744,9.87777900696,-6.74912548065,1.40252661705,12.0789299011,50.8229026794]],"icov":[[0.000182094765478,-0.000196281878743,0.000330845272401,-0.000526888645254,0.000196589826373,-0.000128330822918,0.000498636392877,-0.000616465113126,0.000670629786327,-0.000807597883977,0.00107868062332,-0.000796554086264,0.000470268685604],[-0.000196281878743,0.00212399265729,0.000405833387049,0.00171932845842,-0.000649383640848,0.000962971709669,-0.00136576930527,0.000601788633503,-0.0010781591991,0.00255891913548,-0.00342673016712,0.00368904741481,-0.00169780291617],[0.000330845272401,0.000405833387049,0.00370848318562,0.00125828909222,-0.00120518065523,-0.00220437766984,0.00255070533603,-0.0012079665903,0.000440295843873,-0.000603617285378,0.00151282455772,-0.000995191512629,0.000628610723652],[-0.000526888645254,0.00171932845842,0.00125828909222,0.00730595039204,-0.00176971091423,-0.00179772835691,-0.00102089904249,0.00291900825687,-0.00295590655878,0.00221966742538,-0.00240022595972,0.00426796637475,-0.00315554928966],[0.000196589826373,-0.000649383640848,-0.00120518065523,-0.00176971091423,0.00799854565412,0.00131748826243,-0.00414408929646,-0.00287488638423,0.00220744218677,-0.00374567625113,0.000526054471266,-0.000981964170933,0.000135127527756],[-0.000128330822918,0.000962971709669,-0.00220437766984,-0.00179772835691,0.00131748826243,0.00930196419358,-0.000243591930484,-0.00455989362672,0.00095257780049,0.00246037147008,-0.00324610923417,-0.0014759786427,0.00140506459866],[0.000498636392877,-0.00136576930527,0.00255070533603,-0.00102089904249,-0.00414408929646,-0.000243591930484,0.0148374848068,-0.00179420446511,-0.00269390735775,0.0055824755691,-0.00228412705474,0.0012210480636,-0.000360435282346],[-0.000616465113126,0.000601788633503,-0.0012079665903,0.00291900825687,-0.00287488638423,-0.00455989362672,-0.00179420446511,0.0156197277829,-0.00401316024363,-0.00113179441541,-0.000334057695,0.0026266083587,-0.00126985448878],[0.000670629786327,-0.0010781591991,0.000440295843873,-0.00295590655878,0.00220744218677,0.00095257780049,-0.00269390735775,-0.00401316024363,0.018747607246,-0.00957276206464,0.0050726076588,-0.000450546387583,-0.00091000465909],[-0.000807597883977,0.00255891913548,-0.000603617285378,0.00221966742538,-0.00374567625113,0.00246037147008,0.0055824755691,-0.00113179441541,-0.00957276206464,0.0313860401511,-0.0162190366536,0.00909243430942,-0.00191834045108],[0.00107868062332,-0.00342673016712,0.00151282455772,-0.00240022595972,0.000526054471266,-0.00324610923417,-0.00228412705474,-0.000334057695,0.0050726076588,-0.0162190366536,0.0332509316504,-0.0152932722121,0.0066551156342],[-0.000796554086264,0.00368904741481,-0.000995191512629,0.00426796637475,-0.000981964170933,-0.0014759786427,0.0012210480636,0.0026266083587,-0.000450546387583,0.00909243430942,-0.0152932722121,0.0302201453596,-0.0133446203545],[0.000470268685604,-0.00169780291617,0.000628610723652,-0.00315554928966,0.000135127527756,0.00140506459866,-0.000360435282346,-0.00126985448878,-0.00091000465909,-0.00191834045108,0.0066551156342,-0.0133446203545,0.0271223410964]],"mean":[30.4975528717,88.1940612793,-126.075134277,27.0309352875,-34.1214332581,-0.666469395161,-25.8112201691,16.1048793793,-25.2509498596,0.556666910648,-16.7456607819,1.31594347954,-13.9924697876]},"hfc":{"dmean":6.77266979218,"dmean2":10.3174324036,"dvar":107.994041443,"dvar2":216.913497925,"max":186.16784668,"mean":31.8388080597,"median":29.0562858582,"min":1.07910382824e-16,"var":362.608886719},"melbands":{"dmean":[0.000688766478561,0.00170931359753,0.000639217032585,0.000408262392739,0.000245956180152,0.0001496328332,0.000118227915664,0.000137366601848,0.0000989838445093,0.000104757462395,0.000111783803732,0.000041737974243,0.0000678245560266,0.0000698705334798,0.0000463180695078,0.0000301379350276,0.0000325761611748,0.0000213278708543,0.0000213109869946,0.0000238236516452,0.0000430420623161,0.0000375599520339,0.0000288096089207,0.0000247892658081,0.00002666036562,0.000010666012713,0.00000918852856557,0.00000615113685853,0.00000378418326363,0.00000314312705996,0.0000019446611077,0.00000132352238325,0.00000121230789318,9.91260662886e-7,8.45246574954e-7,6.75737226175e-7,6.54862503779e-7,6.49251092e-7,7.04001934082e-7,6.84041424392e-7],"dmean2":[0.00116205518134,0.00303274416365,0.00110928213689,0.000672753318213,0.000396986462874,0.000221498019528,0.000183088646736,0.000219931578613,0.000163148899446,0.000162204945809,0.000179276394192,0.0000675907940604,0.000107127183583,0.000111111803562,0.0000758308233344,0.0000493392471981,0.000053533269238,0.0000345001353708,0.0000347034147126,0.0000393222617276,0.0000718992814654,0.0000629429632681,0.0000475195229228,0.0000418442177761,0.0000448738137493,0.0000181313916983,0.0000154311110236,0.0000102872463685,0.00000640018015474,0.00000523814696862,0.00000312593374474,0.00000202115938919,0.00000182235658031,0.00000147722789734,0.00000127064618027,9.83534391708e-7,9.69963593889e-7,9.43681129684e-7,0.00000103795446194,0.00000102856313333],"dvar":[0.00000196059386326,0.0000121816283354,0.0000012023393765,7.02600914337e-7,2.6331727554e-7,3.57923219951e-8,2.61944173019e-8,5.68628415465e-8,2.07148964648e-8,1.83559052402e-8,2.09965822506e-8,2.5186566166e-9,9.53281364957e-9,1.08670086263e-8,3.61077034938e-9,1.90455562432e-9,1.93110949454e-9,7.58482998631e-10,1.08626885265e-9,9.39036293168e-10,3.90835275255e-9,2.13959672202e-9,1.2744411082e-9,1.01718944379e-9,1.05556896557e-9,1.77149836467e-10,1.6090116739e-10,9.93810936323e-11,2.54820765183e-11,1.55849968347e-11,8.26847791624e-12,6.30210770722e-12,5.62202151153e-12,4.46699448264e-12,3.73682595284e-12,2.70626489968e-12,2.71642300667e-12,3.03835949456e-12,3.8997216914e-12,4.73731730927e-12],"dvar2":[0.00000523402241015,0.0000353888208338,0.00000348937851413,0.00000182097767265,6.74814657486e-7,7.2635778281e-8,6.18525817231e-8,1.39878068239e-7,5.8029957728e-8,4.3014754425e-8,5.05735791023e-8,6.17845241635e-9,2.26749516941e-8,2.55748435762e-8,9.06993058436e-9,4.70020466992e-9,4.63145122254e-9,1.8766581622e-9,2.77563283468e-9,2.43164399727e-9,1.05410951079e-8,5.8485696286e-9,3.08021141926e-9,2.68343414156e-9,2.95998447974e-9,5.09088660117e-10,4.32372665449e-10,2.67898120354e-10,7.14691153481e-11,4.1466777928e-11,1.98710371074e-11,1.4020639684e-11,1.14394665615e-11,9.27653787119e-12,8.09069131136e-12,5.51901970305e-12,5.88374357915e-12,6.49811758222e-12,8.30056769846e-12,1.09540189419e-11],"max":[0.0157983154058,0.0334095954895,0.0120772318915,0.00827020406723,0.006111739669,0.00595574500039,0.00363664864562,0.00609959708527,0.00196073111147,0.00276545691304,0.00240110093728,0.000810771598481,0.00138390564825,0.00202698702924,0.00113023398444,0.000884037173819,0.000979622709565,0.000449599872809,0.00057785701938,0.000585252419114,0.000962671998423,0.000830794742797,0.000799337460194,0.000498172827065,0.00041489987052,0.000233693775954,0.00019352210802,0.000343598570907,0.0000896716155694,0.000048790123401,0.000039926108002,0.0000409357598983,0.0000370745219698,0.0000352800379915,0.0000349496513081,0.000031352883525,0.0000332447125402,0.0000286019876512,0.0000368935179722,0.0000581336425967],"mean":[0.00108828744851,0.00266818050295,0.00115148490295,0.000554619182367,0.000380811805371,0.000357305805665,0.000253137375694,0.000247232732363,0.000177807931323,0.000210857077036,0.000203786912607,0.0000839509884827,0.000122933168313,0.00012887873163,0.0000911151000764,0.0000578642357141,0.0000680250086589,0.0000447249112767,0.0000412898843933,0.0000523006674484,0.0000890728188097,0.0000831893194118,0.0000643142702756,0.0000538504500582,0.0000591256793996,0.0000254014084931,0.0000187917721632,0.0000125820515677,0.00000868359893502,0.00000738433118386,0.00000447989259555,0.00000290084949484,0.00000266503820967,0.00000216103057937,0.00000180656047633,0.00000135780476285,0.00000133542221192,0.00000122334847674,0.00000123569498101,0.00000114588851829],"median":[0.000762753712479,0.00195313571021,0.000884120527189,0.000297207996482,0.000217666980461,0.000210814512684,0.000158485243446,0.000134697460453,0.00012128760136,0.000146405116539,0.000141074924613,0.0000629953938187,0.0000714850539225,0.0000768683530623,0.0000674801121932,0.0000397688854719,0.0000484752636112,0.0000322408450302,0.0000279151536233,0.0000417326664319,0.000067122913606,0.0000678333162796,0.0000516923682881,0.0000440934818471,0.0000468284961244,0.0000210835441976,0.0000135446962304,0.00000919308695302,0.00000685219447405,0.00000585922452956,0.0000030832666198,0.00000129801287585,9.08494371288e-7,6.62585023292e-7,4.94085725222e-7,3.72124333126e-7,4.53682844181e-7,3.78205754714e-7,3.63193038311e-7,3.26344746782e-7],"min":[2.32978274886e-24,8.78756831574e-25,1.48714243472e-24,2.00347714074e-24,1.45853123855e-24,2.95112016618e-24,4.39107274433e-24,2.36955455191e-24,2.48940678088e-24,2.04414923129e-24,2.28169497137e-24,2.60252904026e-24,3.64301054184e-24,2.49526604526e-24,4.26095999878e-24,4.19185223361e-24,3.44101836832e-24,3.27749282748e-24,2.82386921077e-24,2.95899378687e-24,4.05426305882e-24,2.77785317923e-24,4.48074650773e-24,2.9463915367e-24,3.60927806067e-24,5.57797747954e-24,5.40495385619e-24,4.95061651757e-24,5.58489026765e-24,5.06321655103e-24,3.96892960812e-24,5.68133561307e-24,5.22171093423e-24,5.73785631363e-24,4.09005288923e-24,6.80486878517e-24,5.75214850108e-24,6.10128019393e-24,5.67098615242e-24,5.26264334888e-24],"var":[0.0000018649576532,0.00000980832646746,0.00000120460879316,6.9767770583e-7,3.0074218671e-7,2.40916591565e-7,9.34045019108e-8,1.32318461965e-7,3.35727321499e-8,4.84413149593e-8,4.56311397556e-8,5.89192294953e-9,2.26366942968e-8,2.8025640475e-8,8.4367792752e-9,4.00181088267e-9,5.1839390558e-9,1.95309057816e-9,2.15720930008e-9,2.13530348958e-9,7.79122455441e-9,5.36940225615e-9,3.26785731808e-9,2.10781259113e-9,2.54786125531e-9,4.1527453698e-10,3.35841243704e-10,1.66856528594e-10,5.65187514845e-11,3.92247033465e-11,2.08245261313e-11,1.62025913519e-11,1.69736273647e-11,1.28325518614e-11,9.84147572464e-12,6.41040779487e-12,5.83305669391e-12,5.80803460881e-12,6.99618618247e-12,7.67757211972e-12]},"melbands_crest":{"dmean":2.98506760597,"dmean2":4.9255399704,"dvar":8.18829441071,"dvar2":22.2735500336,"max":29.3105640411,"mean":12.565870285,"median":11.9782428741,"min":1.57503926754,"var":20.8146095276},"melbands_flatness_db":{"dmean":0.0199624784291,"dmean2":0.031841814518,"dvar":0.000506634358317,"dvar2":0.00131795264315,"max":0.459587872028,"mean":0.165852412581,"median":0.154309511185,"min":0.00275938725099,"var":0.0044163656421},"melbands_kurtosis":{"dmean":3.05918002129,"dmean2":5.22287130356,"dvar":31.2253055573,"dvar2":87.8687362671,"max":93.9216842651,"mean":4.24406576157,"median":2.63358354568,"min":-1.85161340237,"var":33.7550811768},"melbands_skewness":{"dmean":0.535535752773,"dmean2":0.876528799534,"dvar":0.439324319363,"dvar2":1.18841195107,"max":8.06337928772,"mean":1.85459601879,"median":1.73421490192,"min":-1.91417384148,"var":0.836214959621},"melbands_spread":{"dmean":7.75839853287,"dmean2":12.5230512619,"dvar":61.3402938843,"dvar2":159.384262085,"max":165.50213623,"mean":37.3111839294,"median":35.5185470581,"min":2.46229028702,"var":309.279998779},"mfcc":{"cov":[[7839.43505859,-720.793395996,26.2348766327,240.229370117,427.615264893,183.94960022,-97.2194137573,105.195899963,-74.730758667,-49.2230758667,-18.9607105255,-63.0619392395,-110.155952454],[-720.793395996,1239.23376465,-426.873199463,222.333480835,-150.819381714,-142.720001221,103.853805542,-74.0472793579,80.4736557007,36.9742584229,21.8474445343,49.3576698303,-5.22803068161],[26.2348766327,-426.873199463,647.790161133,-274.333831787,115.2758255,64.5024108887,-70.8408355713,77.119758606,-58.643409729,-17.4597187042,-0.968561530113,-22.1709499359,18.0603923798],[240.229370117,222.333480835,-274.333831787,244.334396362,-17.6943302155,-11.8388090134,44.9663352966,-26.8406486511,39.5555534363,17.6737651825,7.23835706711,7.43606853485,-14.8017492294],[427.615264893,-150.819381714,115.2758255,-17.6943302155,162.489517212,40.5011634827,6.497797966,31.8846092224,-4.1895160675,7.48755168915,9.1563167572,6.22740936279,0.61987644434],[183.94960022,-142.720001221,64.5024108887,-11.8388090134,40.5011634827,104.197128296,13.0732631683,35.6033630371,-6.83940410614,-3.57567119598,3.07573437691,-0.377836614847,9.46964836121],[-97.2194137573,103.853805542,-70.8408355713,44.9663352966,6.497797966,13.0732631683,105.66519928,23.5228099823,15.0499229431,3.39575695992,-0.974880516529,17.67619133,11.0706214905],[105.195899963,-74.0472793579,77.119758606,-26.8406486511,31.8846092224,35.6033630371,23.5228099823,93.1526184082,22.1407032013,1.17457342148,0.715503573418,1.30543160439,11.0123634338],[-74.730758667,80.4736557007,-58.643409729,39.5555534363,-4.1895160675,-6.83940410614,15.0499229431,22.1407032013,76.0975799561,30.657075882,4.75261163712,7.81605672836,0.264659434557],[-49.2230758667,36.9742584229,-17.4597187042,17.6737651825,7.48755168915,-3.57567119598,3.39575695992,1.17457342148,30.657075882,74.4247207642,31.7589111328,4.98587560654,-2.06493735313],[-18.9607105255,21.8474445343,-0.968561530113,7.23835706711,9.1563167572,3.07573437691,-0.974880516529,0.715503573418,4.75261163712,31.7589111328,53.5849380493,20.1499710083,0.0349473692477],[-63.0619392395,49.3576698303,-22.1709499359,7.43606853485,6.22740936279,-0.377836614847,17.67619133,1.30543160439,7.81605672836,4.98587560654,20.1499710083,52.970993042,22.5615520477],[-110.155952454,-5.22803068161,18.0603923798,-14.8017492294,0.61987644434,9.46964836121,11.0706214905,11.0123634338,0.264659434557,-2.06493735313,0.0349473692477,22.5615520477,49.6357460022]],"icov":[[0.000186502424185,0.0000558132342121,0.0000850758078741,-0.000317267520586,-0.000455054832855,-0.000105748891656,0.000354083487764,-0.000342354207532,0.0003337211092,0.0000288427745545,0.000161101386766,-0.0000679425065755,0.000347243912984],[0.0000558132342121,0.00145289034117,0.000132743167342,-0.000703440513462,0.000663868151605,0.00140679848846,-0.00112068036105,0.000451093277661,-0.000698006595485,0.0000798908658908,-0.000431568594649,-0.000664294988383,0.000201312665013],[0.0000850758078741,0.000132743167342,0.00414628721774,0.00345235527493,-0.00212076399475,-0.000622868654318,0.00160194933414,-0.00216801697388,0.00149426329881,-0.000259709282545,-0.000381452759029,0.00118078896776,-0.000562549510505],[-0.000317267520586,-0.000703440513462,0.00345235527493,0.00959333498031,-0.00116062641609,-0.00148999714293,-0.00144684070256,0.00155765202362,-0.00244417018257,0.000250902201515,-0.0013724748278,0.00164367561229,0.0003796252131],[-0.000455054832855,0.000663868151605,-0.00212076399475,-0.00116062641609,0.00978549849242,-0.000830044096801,-0.0020765834488,0.00000521389665664,-0.000525218434632,-0.00126983015798,-0.000227200071095,-0.00252596172504,0.00108201801777],[-0.000105748891656,0.00140679848846,-0.000622868654318,-0.00148999714293,-0.000830044096801,0.0139685925096,-0.00237485859543,-0.00313722272404,0.00107820378616,0.000594271812588,-0.00191115902271,0.00101714371704,-0.00217510410585],[0.000354083487764,-0.00112068036105,0.00160194933414,-0.00144684070256,-0.0020765834488,-0.00237485859543,0.0146061815321,-0.00566143030301,0.00265276827849,-0.00135949940886,0.0035955295898,-0.00368526042439,-0.000267336756224],[-0.000342354207532,0.000451093277661,-0.00216801697388,0.00155765202362,0.00000521389665664,-0.00313722272404,-0.00566143030301,0.0188658032566,-0.00938955321908,0.00333575741388,-0.00295514962636,0.00287843099795,-0.00290082511492],[0.0003337211092,-0.000698006595485,0.00149426329881,-0.00244417018257,-0.000525218434632,0.00107820378616,0.00265276827849,-0.00938955321908,0.0231399592012,-0.010435868986,0.00678802700713,-0.00450828764588,0.00217381771654],[0.0000288427745545,0.0000798908658908,-0.000259709282545,0.000250902201515,-0.00126983015798,0.000594271812588,-0.00135949940886,0.00333575741388,-0.010435868986,0.0239466615021,-0.0156648401171,0.00651984522119,-0.00219328701496],[0.000161101386766,-0.000431568594649,-0.000381452759029,-0.0013724748278,-0.000227200071095,-0.00191115902271,0.0035955295898,-0.00295514962636,0.00678802700713,-0.0156648401171,0.0339430756867,-0.0157920271158,0.0067291110754],[-0.0000679425065755,-0.000664294988383,0.00118078896776,0.00164367561229,-0.00252596172504,0.00101714371704,-0.00368526042439,0.00287843099795,-0.00450828764588,0.00651984522119,-0.0157920271158,0.0336439795792,-0.01512563508],[0.000347243912984,0.000201312665013,-0.000562549510505,0.0003796252131,0.00108201801777,-0.00217510410585,-0.000267336756224,-0.00290082511492,0.00217381771654,-0.00219328701496,0.0067291110754,-0.01512563508,0.0291288457811]],"mean":[-605.3046875,123.572158813,-25.4355602264,32.1124267578,7.05050516129,-4.22432088852,8.21075248718,7.71504163742,4.4451842308,-1.79233241081,1.65964615345,4.02154445648,-1.8866430521]},"pitch_salience":{"dmean":0.0636607855558,"dmean2":0.105293095112,"dvar":0.00394722633064,"dvar2":0.0110969748348,"max":0.858580827713,"mean":0.573450088501,"median":0.577207326889,"min":0.190883219242,"var":0.00928528606892},"silence_rate_20dB":{"dmean":0,"dmean2":0,"dvar":0,"dvar2":0,"max":1,"mean":1,"median":1,"min":1,"var":0},"silence_rate_30dB":{"dmean":0,"dmean2":0,"dvar":0,"dvar2":0,"max":1,"mean":1,"median":1,"min":1,"var":0},"silence_rate_60dB":{"dmean":0.00257069407962,"dmean2":0.00514233252034,"dvar":0.00256415246986,"dvar2":0.00621807156131,"max":1,"mean":0.0359831117094,"median":0,"min":0,"var":0.0346903465688},"spectral_centroid":{"dmean":195.97026062,"dmean2":313.164855957,"dvar":44047.578125,"dvar2":105608.429688,"max":11547.7216797,"mean":1940.42834473,"median":1934.60864258,"min":406.425750732,"var":895255.9375},"spectral_complexity":{"dmean":3.5784060955,"dmean2":5.75133132935,"dvar":9.92819309235,"dvar2":23.5668430328,"max":58,"mean":33.171836853,"median":35,"min":0,"var":110.949836731},"spectral_contrast_coeffs":{"dmean":[0.0511803925037,0.0420673303306,0.036500480026,0.0277380459011,0.0209509693086,0.0175846032798],"dmean2":[0.0859280973673,0.0696589127183,0.0604135878384,0.0461137145758,0.034864064306,0.0286959148943],"dvar":[0.00182777794544,0.00107903778553,0.000811449193861,0.000464681710582,0.000273438781733,0.000264081259957],"dvar2":[0.00501192035154,0.00292806397192,0.00222624884918,0.0012604855001,0.000712017819751,0.000644545711111],"max":[-0.309985846281,-0.528528630733,-0.554399013519,-0.609907150269,-0.594520568848,-0.477024585009],"mean":[-0.654306471348,-0.760298371315,-0.761654496193,-0.782182812691,-0.761624693871,-0.738812863827],"median":[-0.657355189323,-0.763490557671,-0.762923717499,-0.783414542675,-0.762194991112,-0.746204972267],"min":[-0.979724347591,-0.982337117195,-0.982831656933,-0.968767821789,-0.967541158199,-0.965488731861],"var":[0.00467561138794,0.00358974421397,0.002588912379,0.00155434699263,0.00144337047823,0.0035828249529]},"spectral_contrast_valleys":{"dmean":[0.359697580338,0.337216615677,0.2795342803,0.225711882114,0.177598908544,0.229656711221],"dmean2":[0.601609945297,0.56658154726,0.463807374239,0.367727220058,0.279768705368,0.32909360528],"dvar":[0.102039463818,0.101186938584,0.0668609291315,0.0517307817936,0.0473147258162,0.111776977777],"dvar2":[0.233321383595,0.234068721533,0.139936640859,0.0958957672119,0.0772675350308,0.199496224523],"max":[-5.440762043,-4.67561006546,-5.49141788483,-5.76890707016,-5.52390480042,-7.70019483566],"mean":[-7.10114383698,-6.50047254562,-6.92734098434,-7.25358867645,-6.9763841629,-10.3241510391],"median":[-6.7838602066,-6.27902412415,-6.67017745972,-6.94505357742,-6.6217007637,-9.89326572418],"min":[-28.0813598633,-28.0444164276,-27.9122409821,-27.6285686493,-27.4453048706,-27.3582172394],"var":[3.89095854759,3.83624148369,3.78384900093,3.89182019234,4.25128173828,4.76116704941]},"spectral_decrease":{"dmean":2.22400076133e-9,"dmean2":3.8023921789e-9,"dvar":1.27183014462e-17,"dvar2":3.54036842506e-17,"max":1.4483487905e-28,"mean":-7.4045352072e-9,"median":-7.03702784932e-9,"min":-3.56897267295e-8,"var":1.43714177645e-17},"spectral_energy":{"dmean":0.0087774079293,"dmean2":0.0149087235332,"dvar":0.000190058795852,"dvar2":0.00052586698439,"max":0.137333825231,"mean":0.0308342501521,"median":0.0295242071152,"min":1.00916818291e-20,"var":0.00022938773327},"spectral_energyband_high":{"dmean":0.000426281651016,"dmean2":0.000603323627729,"dvar":7.78885123509e-7,"dvar2":0.00000148599815475,"max":0.0153611572459,"mean":0.00113808608148,"median":0.000665380561259,"min":7.09885755458e-21,"var":0.00000204003686122},"spectral_energyband_low":{"dmean":0.00648820446804,"dmean2":0.0112896859646,"dvar":0.000166513375007,"dvar2":0.000470071245218,"max":0.126131549478,"mean":0.0115534123033,"median":0.0088814785704,"min":1.51819562871e-23,"var":0.000146560618305},"spectral_energyband_middle_high":{"dmean":0.00189419719391,"dmean2":0.00304003758356,"dvar":0.00000323224071508,"dvar2":0.00000832024215924,"max":0.0260123740882,"mean":0.00930125731975,"median":0.00927822850645,"min":1.22948200373e-21,"var":0.0000203839754249},"spectral_energyband_middle_low":{"dmean":0.00362106715329,"dmean2":0.00585593748838,"dvar":0.0000302400130749,"dvar2":0.0000789448604337,"max":0.0592829212546,"mean":0.0101101938635,"median":0.00866889860481,"min":1.91628210452e-22,"var":0.0000456706329715},"spectral_entropy":{"dmean":0.085066318512,"dmean2":0.123260490596,"dvar":0.00950032752007,"dvar2":0.0168232955039,"max":9.82706832886,"mean":7.72493267059,"median":7.74795341492,"min":5.43787765503,"var":0.167016878724},"spectral_flux":{"dmean":0.0202560666949,"dmean2":0.0317011214793,"dvar":0.000782337621786,"dvar2":0.00148600293323,"max":0.313259869814,"mean":0.0872635021806,"median":0.0805794969201,"min":6.45849762559e-11,"var":0.00169396819547},"spectral_kurtosis":{"dmean":1.64667856693,"dmean2":2.76828026772,"dvar":12.2957859039,"dvar2":35.2701377869,"max":118.619445801,"mean":6.52841424942,"median":5.65838336945,"min":-1.24507713318,"var":71.2458877563},"spectral_rms":{"dmean":0.000693793583196,"dmean2":0.00115557597019,"dvar":8.50754531712e-7,"dvar2":0.00000231704598264,"max":0.0115751549602,"mean":0.00528504233807,"median":0.00536694563925,"min":3.13776088445e-12,"var":0.00000215053069041},"spectral_rolloff":{"dmean":459.562927246,"dmean2":765.450317383,"dvar":412720.3125,"dvar2":981980.75,"max":19444.4824219,"mean":2294.30004883,"median":2325.5859375,"min":129.19921875,"var":3084979},"spectral_skewness":{"dmean":0.188224807382,"dmean2":0.312000662088,"dvar":0.0593576692045,"dvar2":0.169530078769,"max":9.04350090027,"mean":1.56095170975,"median":1.5364164114,"min":-0.289267629385,"var":0.455467075109},"spectral_spread":{"dmean":397128.8125,"dmean2":553886.375,"dvar":532241547264,"dvar2":873127804928,"max":42423780,"mean":4087576,"median":3595088.5,"min":725620.875,"var":12041192472600},"spectral_strongpeak":{"dmean":0.451253920794,"dmean2":0.793227374554,"dvar":0.842960298061,"dvar2":2.18016934395,"max":10.0936613083,"mean":0.66797798872,"median":0.363815248013,"min":0,"var":0.990706503391},"zerocrossingrate":{"dmean":0.00907937716693,"dmean2":0.0105738667771,"dvar":0.000120350683574,"dvar2":0.000150799402036,"max":0.521484375,"mean":0.0780334770679,"median":0.07177734375,"min":0.0078125,"var":0.00224391766824}},"metadata":{"audio_properties":{"analysis_sample_rate":44100,"bit_rate":0,"codec":"flac","downmix":"mix","equal_loudness":0,"length":126.440002441,"lossless":true,"md5_encoded":"7b3bbb0fb203ac3cdb4889966b3d0563","replay_gain":-8.4424495697,"sample_rate":44100},"tags":{"album":["Bossanova"],"album artist":["Pixies"],"albumartist":["Pixies"],"albumartistsort":["Pixies"],"artist":["Pixies"],"artistsort":["Pixies"],"asin":["B00008YJHC"],"barcode":["652637010022"],"catalognumber":["GAD 0010 CD"],"copyright":["4AD Ltd."],"date":["2003-05-20"],"disc":["1"],"discnumber":["1"],"disctotal":["1"],"ensemble":["Pixies"],"file_name":"01-01 Cecilia Ann.flac","genre":["Alternative"],"label":["4AD"],"media":["CD"],"musicbrainz_albumartistid":["b6b2bb8d-54a9-491f-9607-7b546023b433"],"musicbrainz_albumid":["ac3d27d6-1377-330c-9536-d0c4c79e3da8"],"musicbrainz_artistid":["b6b2bb8d-54a9-491f-9607-7b546023b433"],"musicbrainz_recordingid":["b0f52420-7f12-47c1-8e41-86729300b904"],"musicbrainz_releasegroupid":["e062f23a-ed81-3baf-8f24-8979fef060cc"],"organization":["4AD Records"],"originaldate":["1990-08-13"],"producer":["Gil Norton"],"releasecountry":["US"],"releasestatus":["official"],"releasetype":["album"],"script":["Latn"],"title":["Cecilia Ann"],"totaldiscs":["1"],"totaltracks":["14"],"tracknumber":["1"],"tracktotal":["14"]},"version":{"essentia":"2.1-beta1","essentia_build_sha":"ca57ba49d9b1854bd80e60cf9ccf267278fb7d6b","essentia_git_sha":"v2.1_beta1-28-g21ef5f4-dirty","extractor":"music 1.0"}},"rhythm":{"beats_count":317,"beats_loudness":{"dmean":0.00983855966479,"dmean2":0.0183350425214,"dvar":0.0000602916552452,"dvar2":0.000200920345378,"max":0.0738946124911,"mean":0.0359437540174,"median":0.0375897288322,"min":0,"var":0.000148422201164},"beats_loudness_band_ratio":{"dmean":[0.317010104656,0.206453949213,0.0601926892996,0.0544019602239,0.055614054203,0.1041104123],"dmean2":[0.622288286686,0.408318668604,0.102739535272,0.0922018066049,0.0955161377788,0.201508626342],"dvar":[0.0314001813531,0.0151193924248,0.00409863283858,0.00495474273339,0.0024361864198,0.0050227814354],"dvar2":[