{"lowlevel":{"average_loudness":0.929666936398,"barkbands":{"dmean":[0.00973702128977,0.0250344090164,0.00491184322163,0.00193976680748,0.00327042024583,0.00222530332394,0.00116898003034,0.00088529085042,0.000749165425077,0.000407108833315,0.000215552398004,0.000366867810953,0.000625837070402,0.000469934515422,0.000256127852481,0.000277159997495,0.000119674092275,0.0000897375066415,0.0000652552043903,0.0000544208232895,0.000042201976612,0.0000442684431619,0.0000437463022536,0.0000241860198003,0.00000367430720871,0.0000404781458201,0.000458367459942],"dmean2":[0.0166864227504,0.0416768565774,0.00853549409658,0.00320727308281,0.00528075965121,0.00350366462953,0.00188197602984,0.00142425741069,0.00119958317373,0.00064338784432,0.000358257006155,0.000609287177213,0.00104237615597,0.000769108883105,0.000415989081375,0.000455337110907,0.000187493380508,0.000136860384373,0.000097274001746,0.0000823153313831,0.0000610962961218,0.0000639308636892,0.0000633843446849,0.0000350314912794,0.00000614603231952,0.0000587275171711,0.00071571895387],"dvar":[0.000753687636461,0.0025015133433,0.0000558138926863,0.00000854377776704,0.0000433319546573,0.00002446758117,0.0000119178876048,0.00000461335912405,0.00000283290660263,0.00000110738960757,1.66653052247e-7,2.06249509915e-7,5.58957594876e-7,3.98909776322e-7,1.14110491722e-7,1.14670775986e-7,3.83356208999e-8,2.8499389515e-8,1.34624746906e-8,1.32035724576e-8,8.19674106367e-9,1.57848969451e-8,1.65285580778e-8,2.12417039513e-9,3.47909791254e-11,4.70354777349e-9,2.28785282275e-7],"dvar2":[0.00192368787248,0.0064305216074,0.000157868358656,0.0000215527361433,0.000100698474853,0.0000540525215911,0.0000295497247862,0.0000109549473564,0.00000703344176145,0.00000262191883849,4.43381054538e-7,5.46708918137e-7,0.0000014730676412,9.69852749222e-7,2.76526861853e-7,2.95458676192e-7,8.55684660905e-8,6.05026926337e-8,2.69918611906e-8,2.84016437035e-8,1.62874496112e-8,3.22392814667e-8,2.88201942311e-8,3.63377594681e-9,8.80290215721e-11,8.90093154737e-9,5.43841906619e-7],"max":[0.252205103636,0.579196691513,0.144138306379,0.0599992647767,0.160139560699,0.167859837413,0.151951059699,0.0636062771082,0.0494233816862,0.0540305152535,0.0165094994009,0.00854813028127,0.0207331851125,0.0182018596679,0.0143263479695,0.00684793014079,0.00279899430461,0.00258992635645,0.00208299793303,0.00533191999421,0.00356272119097,0.00791747774929,0.00932079739869,0.0028037445154,0.0000840141583467,0.00347975012846,0.0123821115121],"mean":[0.00760964397341,0.0295954104513,0.00581197673455,0.00280667678453,0.00498503120616,0.00348969153129,0.00173558155075,0.00135019829031,0.00116090732627,0.000643735053018,0.000326507142745,0.000645689025987,0.00119695533067,0.000906268891413,0.000486346252728,0.000575671205297,0.000228557211813,0.000173352949787,0.00013241590932,0.000115174356324,0.0000920126694837,0.0000882555978023,0.0000837039260659,0.0000435495785496,0.00000380712117476,0.0000798710534582,0.00163292558864],"median":[0.00130646605976,0.0148911904544,0.00332822627388,0.00150318094529,0.00253148400225,0.00156394811347,0.000726152502466,0.00042279146146,0.000363327853847,0.000285538611934,0.000188794714632,0.000487290555611,0.000952127680648,0.000679137709085,0.000366881955415,0.000450332619948,0.000130307424115,0.0000847969495226,0.000060912418121,0.0000542542038602,0.0000549866563233,0.0000480290582345,0.0000423908677476,0.000021790718165,0.00000170020837231,0.0000442630225734,0.00151073304005],"min":[4.80174338062e-14,6.12278401197e-15,7.12462017127e-16,4.95011517738e-15,6.12855442393e-14,1.3734596041e-14,2.79961600777e-14,3.13742426678e-14,6.15988109045e-14,1.16886724908e-13,3.02747363041e-14,4.25101035102e-14,4.13946763152e-14,2.50371961661e-14,6.87078703394e-14,1.56444911821e-13,2.65139337352e-13,3.64303530918e-13,2.20645943465e-13,3.57449042154e-13,3.53598227087e-13,4.53861747447e-13,3.55272289452e-13,6.42563910067e-13,8.58311414564e-13,1.1874348076e-12,1.51556089727e-12],"var":[0.000572594231926,0.00225987844169,0.0000609818926023,0.0000146140528159,0.0000650656220387,0.000049107860832,0.0000164362045325,0.00000936177639232,0.00000512417955179,0.00000202622368306,2.37216255528e-7,3.43064726849e-7,9.72495854512e-7,8.18385103685e-7,2.24949729954e-7,2.42430218123e-7,7.95242200979e-8,6.10042789617e-8,3.54405820246e-8,3.74341766474e-8,2.21968452507e-8,4.20934860301e-8,5.23150021081e-8,6.79633416212e-9,3.61669444393e-11,1.58039998865e-8,9.11146514682e-7]},"barkbands_crest":{"dmean":3.54757666588,"dmean2":5.82615804672,"dvar":9.02289009094,"dvar2":23.0236263275,"max":25.7483844757,"mean":11.4186134338,"median":10.8207044601,"min":2.59213113785,"var":20.8954372406},"barkbands_flatness_db":{"dmean":0.032577380538,"dmean2":0.0515385568142,"dvar":0.000946745916735,"dvar2":0.00229816976935,"max":0.470891445875,"mean":0.144734084606,"median":0.134379073977,"min":0.0355719700456,"var":0.00333966314793},"barkbands_kurtosis":{"dmean":7.68125629425,"dmean2":12.6778898239,"dvar":226.321105957,"dvar2":583.910522461,"max":314.526611328,"mean":10.832280159,"median":5.51216602325,"min":-1.68978238106,"var":298.389190674},"barkbands_skewness":{"dmean":0.859490633011,"dmean2":1.36829435825,"dvar":1.06300365925,"dvar2":2.53164672852,"max":14.4937705994,"mean":2.64904618263,"median":2.32128310204,"min":-1.70020973682,"var":2.12575674057},"barkbands_spread":{"dmean":10.1286725998,"dmean2":15.9766168594,"dvar":87.7475814819,"dvar2":209.145080566,"max":112.653839111,"mean":32.3617591858,"median":31.1033401489,"min":0.533897638321,"var":289.629974365},"dissonance":{"dmean":0.0158006493002,"dmean2":0.0265258606523,"dvar":0.00023030556622,"dvar2":0.000630699971225,"max":0.5,"mean":0.471972614527,"median":0.477240711451,"min":0.250837653875,"var":0.000456143083284},"dynamic_complexity":2.2027733326,"erbbands":{"dmean":[1.19140934944,4.18777656555,6.03219461441,5.6919131279,8.10044956207,11.7216701508,19.0003604889,16.7416629791,15.6375350952,18.6410331726,18.4553394318,16.9017429352,13.7754631042,11.918135643,8.05418300629,16.2117710114,27.092830658,23.0201206207,17.3529472351,10.3756599426,13.3309173584,5.9814248085,4.89624834061,4.02608299255,3.13198590279,2.54854416847,1.97500026226,1.53636705875,1.60095393658,1.51180422306,1.2610783577,0.739414334297,0.258318036795,0.0462731793523,0.0266524981707,0.0429706759751,0.0951248556376,0.0517487116158,0.0109024411067,0.011118481867],"dmean2":[1.99457538128,7.08799505234,10.5441446304,9.41003322601,13.367351532,18.9943275452,30.0258655548,26.789855957,25.0798721313,30.1935253143,29.7520866394,27.1403465271,21.8995456696,18.7368583679,13.1402111053,27.0160522461,44.8926849365,37.5814285278,28.243970871,16.5769443512,21.7432613373,9.17960739136,7.27365636826,6.12445831299,4.69800376892,3.8748114109,2.92548680305,2.20743131638,2.33889889717,2.2201154232,1.84330499172,1.0622947216,0.37944817543,0.07547993958,0.0442763864994,0.0643612742424,0.137906342745,0.07524176687,0.0151027953252,0.0166351292282],"dvar":[8.75068187714,45.7119483948,77.7726898193,65.8798294067,169.760620117,807.938171387,2257.57763672,1416.06518555,1704.15979004,2506.72412109,2109.98217773,1691.64575195,1456.93200684,510.843536377,222.238327026,391.122528076,1156.1529541,1000.65606689,450.68762207,183.024612427,273.691619873,101.178596497,87.547164917,51.3628005981,32.4388504028,32.4277191162,15.9530134201,14.2079343796,21.7023983002,19.880525589,15.14930439,2.28319787979,0.253676593304,0.00476625654846,0.00173773942515,0.0040456042625,0.0256271958351,0.00853086821735,0.000221274662181,0.00012123707711],"dvar2":[22.5456771851,123.002212524,223.15335083,168.141693115,396.214691162,1934.50561523,4972.609375,3375.62060547,4135.71435547,6142.20996094,5215.35888672,4240.15283203,3565.42456055,1236.94689941,568.884033203,1030.75878906,3011.453125,2407.16748047,1117.8449707,439.923126221,689.917419434,215.829772949,179.406066895,109.427085876,66.8653030396,73.701210022,34.018699646,27.4236869812,46.0212974548,39.0966949463,27.5546379089,3.77737426758,0.468443125486,0.0117129720747,0.004382643383,0.0082992054522,0.0489512681961,0.0181661918759,0.000429609295679,0.000262837769696],"max":[28.0036849976,98.8494720459,162.600799561,160.719436646,417.391540527,728.936462402,1868.0637207,908.64453125,1278.46606445,1771.17175293,1620.2590332,1457.44091797,1655.97961426,691.290527344,498.009338379,357.291015625,1111.65087891,989.710998535,663.57043457,242.68522644,347.736724854,141.147842407,159.000091553,138.962509155,146.607208252,308.815368652,146.205734253,194.510467529,333.585876465,312.930511475,257.263671875,101.449378967,29.2485847473,1.57389199734,0.592468738556,2.72369456291,8.52725601196,5.39010000229,0.395468622446,0.220493331552],"mean":[1.13748991489,5.48163175583,7.70990610123,8.77021884918,12.1989688873,16.0505332947,27.620803833,26.1024188995,24.1723861694,28.7122135162,28.6020679474,26.2995834351,21.3379669189,20.2065887451,14.5857009888,30.5531711578,53.8180541992,48.4225883484,36.9833908081,23.880531311,28.4518165588,12.7887601852,9.86903572083,8.12070083618,6.4697599411,5.42608690262,4.3550491333,3.23552680016,3.18147826195,2.88879036903,2.33886528015,1.34702050686,0.456039279699,0.0604766756296,0.0301526561379,0.0763587206602,0.184515610337,0.116049639881,0.0431811660528,0.0507675930858],"median":[0.390810310841,3.21050429344,5.02439498901,5.12530994415,6.83262348175,6.93595218658,10.669667244,11.997879982,10.1927099228,11.5273609161,9.02405929565,8.86645793915,7.80334758759,10.6451368332,9.14485263824,23.9917812347,42.9533538818,37.8712768555,29.5449943542,18.9254207611,22.2513389587,7.61212444305,4.84484815598,3.69382214546,3.04090809822,2.65867328644,2.507147789,1.87289249897,1.74081635475,1.55200338364,1.13989365101,0.669461846352,0.229985252023,0.0345862098038,0.0151686165482,0.0436351336539,0.100743144751,0.0772432237864,0.0313534401357,0.0480880513787],"min":[4.63775773427e-13,7.49972187217e-13,1.1619831616e-12,9.35074066788e-12,1.10776866846e-10,2.44465114818e-10,9.75471509124e-11,1.4401138615e-10,2.3706986374e-10,6.11410533313e-10,8.04466437909e-10,1.00533270597e-9,3.25323412653e-9,3.59108143222e-9,8.15859102499e-10,2.1579018572e-9,1.61812774291e-9,1.6438377326e-9,2.99534530512e-9,3.8224148291e-9,1.30197426174e-8,1.3558303813e-8,1.58453428156e-8,1.52950132559e-8,1.5714810786e-8,1.39038682789e-8,1.50007668509e-8,1.22730199337e-8,1.28619310757e-8,1.86427726589e-8,1.05445643328e-8,1.26329435801e-8,1.02509627453e-8,6.68825306249e-9,7.04873581725e-9,4.67010696781e-9,2.14388662378e-9,8.63157378905e-10,2.06819117388e-10,2.25315408692e-11],"var":[6.93930244446,47.5632972717,82.255355835,121.036437988,287.336334229,1060.93737793,4086.49853516,2649.61157227,2726.66625977,4102.88623047,3671.21606445,2799.87426758,2426.81762695,1070.17077637,382.813964844,653.354553223,2046.00830078,2012.75854492,953.833190918,386.102752686,595.204467773,225.324188232,195.044174194,129.99798584,88.3425979614,83.8960037231,43.2851600647,37.6985282898,53.978012085,53.4232673645,45.8785057068,7.630235672,0.705165922642,0.00645133526996,0.00189446227159,0.0107658514753,0.0824344977736,0.0276683680713,0.00159763696138,0.000641937833279]},"erbbands_crest":{"dmean":2.38132047653,"dmean2":3.92289853096,"dvar":5.08356809616,"dvar2":12.7972745895,"max":30.2723522186,"mean":7.95189332962,"median":7.0064573288,"min":2.3668191433,"var":13.1199588776},"erbbands_flatness_db":{"dmean":0.019218178466,"dmean2":0.0298909582198,"dvar":0.000328392314259,"dvar2":0.000826790579595,"max":0.338114082813,"mean":0.127255246043,"median":0.115537911654,"min":0.0277864877135,"var":0.00197671051137},"erbbands_kurtosis":{"dmean":1.00636875629,"dmean2":1.63193523884,"dvar":12.4074850082,"dvar2":33.6595458984,"max":183.093841553,"mean":0.629365265369,"median":0.00359511375427,"min":-1.78830575943,"var":21.7215080261},"erbbands_skewness":{"dmean":0.351023644209,"dmean2":0.549221754074,"dvar":0.132405534387,"dvar2":0.342013597488,"max":11.7680253983,"mean":-0.00871383678168,"median":-0.0731745287776,"min":-4.39284896851,"var":0.757698595524},"erbbands_spread":{"dmean":6.59449195862,"dmean2":10.5091514587,"dvar":32.2891616821,"dvar2":80.8183670044,"max":146.368041992,"mean":34.3249015808,"median":33.5758895874,"min":2.42663049698,"var":153.194656372},"gfcc":{"cov":[[9074.84667969,-690.188964844,-641.722961426,344.597381592,-534.881591797,-322.008850098,273.04977417,-76.6072311401,163.430099487,93.0672607422,28.9900569916,279.317810059,-164.138504028],[-690.188964844,915.261901855,36.0189361572,-413.969543457,306.443511963,18.2714862823,-88.6613693237,-3.60954785347,78.9874267578,-10.7772159576,57.3057022095,-146.455566406,134.490631104],[-641.722961426,36.0189361572,296.400421143,100.033843994,-31.5515022278,113.296684265,-38.1329421997,27.6542873383,-34.6072883606,19.9897136688,-21.9973316193,11.286149025,-8.40031719208],[344.597381592,-413.969543457,100.033843994,424.930633545,-124.402870178,-13.0888185501,89.9409255981,-10.3539562225,-68.2686538696,-1.18770468235,-26.8556041718,96.6737594604,-78.3410873413],[-534.881591797,306.443511963,-31.5515022278,-124.402870178,317.004943848,75.3871536255,-34.8670349121,-31.0563774109,15.416680336,-27.561132431,47.0075187683,-40.3683662415,71.346031189],[-322.008850098,18.2714862823,113.296684265,-13.0888185501,75.3871536255,208.599395752,1.37552571297,35.9888114929,-11.7874040604,6.89688634872,-9.72559356689,3.37611174583,29.2493286133],[273.04977417,-88.6613693237,-38.1329421997,89.9409255981,-34.8670349121,1.37552571297,138.912322998,32.5923728943,20.77293396,-9.0027961731,-20.6578388214,15.3249549866,-23.8188076019],[-76.6072311401,-3.60954785347,27.6542873383,-10.3539562225,-31.0563774109,35.9888114929,32.5923728943,104.363540649,28.2047386169,22.8487491608,-13.1268177032,-21.6654338837,8.58920288086],[163.430099487,78.9874267578,-34.6072883606,-68.2686538696,15.416680336,-11.7874040604,20.77293396,28.2047386169,104.156745911,44.2308578491,19.9912719727,-10.0859222412,-7.53226232529],[93.0672607422,-10.7772159576,19.9897136688,-1.18770468235,-27.561132431,6.89688634872,-9.0027961731,22.8487491608,44.2308578491,75.8781204224,33.4466667175,4.55417060852,-6.49871683121],[28.9900569916,57.3057022095,-21.9973316193,-26.8556041718,47.0075187683,-9.72559356689,-20.6578388214,-13.1268177032,19.9912719727,33.4466667175,61.3310470581,21.0317459106,16.3020057678],[279.317810059,-146.455566406,11.286149025,96.6737594604,-40.3683662415,3.37611174583,15.3249549866,-21.6654338837,-10.0859222412,4.55417060852,21.0317459106,94.8248596191,-1.17696154118],[-164.138504028,134.490631104,-8.40031719208,-78.3410873413,71.346031189,29.2493286133,-23.8188076019,8.58920288086,-7.53226232529,-6.49871683121,16.3020057678,-1.17696154118,82.7553482056]],"icov":[[0.000224318690016,-0.000581109314226,0.00118516245857,-0.00057137128897,0.000579892774113,-0.00050016498426,0.000325169647112,-0.00000977948911896,-0.0000623982123216,-0.000563082401641,0.000740171060897,-0.00104411528446,0.000529610610101],[-0.000581109314226,0.00815446302295,-0.00942951161414,0.00562082510442,-0.00367388618179,0.00480741960928,-0.00444296933711,0.00296209705994,-0.0040362556465,0.0063126781024,-0.0091485818848,0.0105540445074,-0.00807840749621],[0.00118516245857,-0.00942951161414,0.0186880398542,-0.00948841683567,0.00598492380232,-0.00970101822168,0.00901920162141,-0.00376323610544,0.00324023095891,-0.00834819953889,0.0120926145464,-0.0118554178625,0.00893390364945],[-0.00057137128897,0.00562082510442,-0.00948841683567,0.0121553419158,-0.00602035550401,0.00701459543779,-0.00823521241546,0.000590656127315,0.00581175228581,-0.00305775669403,0.0000866460104589,-0.00148973509204,0.000805905787274],[0.000579892774113,-0.00367388618179,0.00598492380232,-0.00602035550401,0.0126724177971,-0.00843171123415,0.00347510655411,0.00319551373832,-0.006253041327,0.00978223606944,-0.0108294906095,0.00513827428222,-0.00284206820652],[-0.00050016498426,0.00480741960928,-0.00970101822168,0.00701459543779,-0.00843171123415,0.0137193938717,-0.00563564244658,-0.00185769202653,0.00383174722083,-0.00471758982167,0.00415097316727,-0.00101399584673,-0.00301202433184],[0.000325169647112,-0.00444296933711,0.00901920162141,-0.00823521241546,0.00347510655411,-0.00563564244658,0.0165606737137,-0.00532020675018,-0.0049681738019,0.00319759570993,0.00480892369524,-0.00440739560872,0.00408857082948],[-0.00000977948911896,0.00296209705994,-0.00376323610544,0.000590656127315,0.00319551373832,-0.00185769202653,-0.00532020675018,0.0182647667825,-0.00696599530056,0.000865497451741,-0.00378276943229,0.0108431624249,-0.00984815321863],[-0.0000623982123216,-0.0040362556465,0.00324023095891,0.00581175228581,-0.006253041327,0.00383174722083,-0.0049681738019,-0.00696599530056,0.0285294502974,-0.0235383808613,0.0148895680904,-0.0149215906858,0.0131990825757],[-0.000563082401641,0.0063126781024,-0.00834819953889,-0.00305775669403,0.00978223606944,-0.00471758982167,0.00319759570993,0.000865497451741,-0.0235383808613,0.0511946864426,-0.0426128692925,0.0238922163844,-0.0104416878894],[0.000740171060897,-0.0091485818848,0.0120926145464,0.0000866460104589,-0.0108294906095,0.00415097316727,0.00480892369524,-0.00378276943229,0.0148895680904,-0.0426128692925,0.065922126174,-0.0350815579295,0.011815446429],[-0.00104411528446,0.0105540445074,-0.0118554178625,-0.00148973509204,0.00513827428222,-0.00101399584673,-0.00440739560872,0.0108431624249,-0.0149215906858,0.0238922163844,-0.0350815579295,0.043059848249,-0.0202608201653],[0.000529610610101,-0.00807840749621,0.00893390364945,0.000805905787274,-0.00284206820652,-0.00301202433184,0.00408857082948,-0.00984815321863,0.0131990825757,-0.0104416878894,0.011815446429,-0.0202608201653,0.0314121693373]],"mean":[27.5853309631,92.2167892456,-75.0126876831,-2.13746261597,-3.12715888023,-2.73420453072,-9.75420570374,-23.6451416016,6.23445224762,-4.59109926224,-1.81621181965,-2.91883826256,-10.7831401825]},"hfc":{"dmean":91.5536956787,"dmean2":139.253997803,"dvar":16157.8730469,"dvar2":36407.25,"max":2322.08837891,"mean":314.406219482,"median":266.796386719,"min":8.32864444078e-8,"var":41724.1640625},"melbands":{"dmean":[0.00893071293831,0.00375447492115,0.000982782221399,0.00070927926572,0.000615296768956,0.000379505509045,0.000239514614805,0.000201117043616,0.000149794417666,0.000106453459011,0.0000691918903613,0.0000501250578964,0.0000280258354906,0.0000363308899978,0.0000502069087815,0.0000683445978211,0.0000429814499512,0.0000328781607095,0.0000181681152753,0.0000205119758903,0.0000146102693179,0.00000675619094181,0.00000595306801188,0.00000425899315815,0.00000342356338479,0.00000247186926572,0.00000221462141781,0.00000172897273387,0.00000140774488955,0.00000105475703549,9.17468867101e-7,9.47767603066e-7,9.40684572015e-7,8.6232449803e-7,8.12299845165e-7,5.85034115375e-7,4.30732285395e-7,2.23377099928e-7,6.33067998024e-8,3.34158620774e-8],"dmean2":[0.014843352139,0.00645074434578,0.00162174401339,0.00114798778668,0.000973457703367,0.00060385017423,0.000383137172321,0.000324325374095,0.000241228874074,0.000170777682797,0.000110223612865,0.0000788412435213,0.0000462706302642,0.0000600376988587,0.0000833688172861,0.000114336900879,0.0000704138947185,0.0000541037734365,0.0000295515401376,0.0000339858197549,0.0000239397668338,0.0000106063534986,0.00000911811366677,0.00000652195922157,0.00000533466572961,0.00000373955845134,0.00000344130421581,0.00000268613621301,0.00000214945407606,0.00000157914030297,0.0000013470742033,0.00000141277291732,0.00000140876659316,0.00000129649993141,0.00000120919446545,8.60168029249e-7,6.39446341211e-7,3.32914027013e-7,1.01292897625e-7,5.60112312087e-8],"dvar":[0.000413492525695,0.0000274547492154,0.00000181431732926,0.00000214607848648,0.00000218186505663,6.88338786858e-7,4.34804263705e-7,2.60845951061e-7,1.37608097361e-7,6.32706687043e-8,3.78075597496e-8,9.33393273783e-9,2.9175659666e-9,2.31803909401e-9,3.94216215227e-9,6.65148247592e-9,3.46062445367e-9,1.62939550741e-9,6.27169149947e-10,6.56572352042e-10,3.19108212077e-10,1.25519608596e-10,1.1843537262e-10,6.7207593657e-11,3.7534555325e-11,2.10034472453e-11,1.94042004686e-11,1.65874102648e-11,8.18556073617e-12,5.44370234654e-12,5.55268331315e-12,6.86079752038e-12,8.74245034005e-12,5.97466824279e-12,6.74324745348e-12,2.15536182652e-12,7.44345123732e-13,2.17863921348e-13,9.96768975274e-15,2.94312333666e-15],"dvar2":[0.00105680327397,0.0000763128191466,0.00000462049001726,0.00000491915170642,0.0000049767818382,0.00000161015668709,0.00000106224524643,6.26487462796e-7,3.41776001278e-7,1.57835373216e-7,9.23977054867e-8,2.20099831694e-8,7.62875007609e-9,6.03392402709e-9,1.03834469911e-8,1.78335319845e-8,8.33365998432e-9,4.18257206647e-9,1.52855073043e-9,1.70037728342e-9,8.10827072151e-10,2.8291452514e-10,2.60003824026e-10,1.4887113764e-10,8.48414394294e-11,4.42473037376e-11,4.27237308032e-11,3.96537282177e-11,1.89748373264e-11,1.17013109271e-11,1.12077534753e-11,1.46511448806e-11,1.97754868037e-11,1.15617480867e-11,1.26278614301e-11,4.00039766937e-12,1.36276818823e-12,4.2299158425e-13,2.26220731465e-14,7.46086271106e-15],"max":[0.207801267505,0.0844122469425,0.0282582398504,0.0454383082688,0.0484714172781,0.0184101723135,0.0252676662058,0.0157097280025,0.0114122424275,0.00937421154231,0.00876249745488,0.0029844022356,0.00236924085766,0.00101523671765,0.0015680086799,0.00213992292993,0.00170766317751,0.00115200050641,0.000972741865553,0.000433996930951,0.000319859682349,0.000164554134244,0.000155732195708,0.000137671842822,0.000115142232971,0.0000764111973695,0.000155004076078,0.000249703822192,0.000103843980469,0.000084270213847,0.000114261740237,0.000182875752216,0.00017440362717,0.000172653541085,0.000185050317668,0.000105521408841,0.0000507146432938,0.0000285406258627,0.00000389422075386,7.86808982411e-7],"mean":[0.00958641897887,0.00527461245656,0.00160314235836,0.00103419180959,0.000908069312572,0.000601647305302,0.000368917011656,0.000310197850922,0.000227772499784,0.000162107040524,0.000103400299849,0.0000824265443953,0.0000454717883258,0.0000639535646769,0.0000961249825195,0.000127276871353,0.0000842845474835,0.0000642423037789,0.0000342040912074,0.0000394529597543,0.0000297492642858,0.0000128594510898,0.000010713057236,0.00000791042293713,0.0000064314458541,0.00000466644860353,0.00000438348024545,0.00000339445523423,0.00000288058163278,0.00000211431074604,0.00000177637480192,0.00000179879680218,0.00000168650581145,0.00000158071566148,0.00000143477382153,0.00000103567515453,7.47575995774e-7,3.8298961158e-7,8.90675480036e-8,3.42091652783e-8],"median":[0.00400158390403,0.00369868986309,0.00102661945857,0.000509884790517,0.000364954437828,0.00027954383404,0.000154939189088,0.000119380165415,0.0000684941769578,0.0000517685730301,0.0000359267214662,0.0000415654831158,0.0000270220880338,0.0000465488010377,0.0000771645864006,0.0000996101007331,0.0000638111159788,0.0000501980975969,0.0000255087597907,0.000029454995456,0.0000231838621403,0.00000771836675995,0.00000502265947944,0.0000036763569824,0.00000285248643195,0.00000213577436625,0.00000193673645299,0.00000164067375863,0.00000157523652433,0.00000121590846902,9.75361672317e-7,9.53715471042e-7,8.660107369e-7,8.32827083741e-7,6.79330241837e-7,4.97318183079e-7,3.61970307949e-7,1.85736794833e-7,4.69528167457e-8,1.50259591436e-8],"min":[5.38332763715e-15,7.34740730646e-16,3.55658207827e-15,1.44586474277e-14,4.90992388755e-15,2.94626265252e-15,4.48766314027e-15,6.4312666351e-15,6.39496788518e-15,7.83584165571e-15,1.63039713837e-14,1.48166882545e-14,2.70919337718e-15,5.08414882392e-15,3.90484983893e-15,3.87347785615e-15,2.76616460145e-15,4.5529719216e-15,4.49840732969e-15,5.86440508174e-15,1.893593992e-14,1.4726491104e-14,1.48388415542e-14,1.46226109834e-14,1.19574633195e-14,1.01498653639e-14,1.51379034769e-14,7.43804787863e-15,8.55058245616e-15,8.2245628629e-15,7.10083982716e-15,6.13671897451e-15,1.09355333152e-14,9.25895695699e-15,5.06004311327e-15,8.52246096231e-15,6.6888273315e-15,7.05274910806e-15,5.57680139725e-15,6.03029267282e-15],"var":[0.000347135850461,0.0000309767274302,0.00000325257474287,0.0000032770267353,0.00000363439539797,0.00000133152389026,6.66397852456e-7,4.79989751057e-7,2.39396655388e-7,1.06737417127e-7,6.26862473041e-8,1.98201384194e-8,4.28675894781e-9,4.00319155602e-9,6.28049390272e-9,1.18952963035e-8,6.84622181168e-9,3.14281645153e-9,1.16675880069e-9,1.26938404232e-9,6.6283539768e-10,2.42909581338e-10,2.40947456431e-10,1.35620958908e-10,8.56995377441e-11,4.9028919813e-11,4.93050981987e-11,3.78409872881e-11,1.97997278295e-11,1.2544524447e-11,1.35115581917e-11,1.63976627415e-11,1.93581487645e-11,1.61443861751e-11,1.97834196941e-11,5.98480943623e-12,2.22711497681e-12,5.44735860152e-13,1.70012387415e-14,3.02007225651e-15]},"melbands_crest":{"dmean":4.82601118088,"dmean2":7.94473409653,"dvar":18.300201416,"dvar2":44.7585334778,"max":37.4716682434,"mean":17.1018886566,"median":16.5441303253,"min":2.37844562531,"var":35.293636322},"melbands_flatness_db":{"dmean":0.0414393916726,"dmean2":0.0655341520905,"dvar":0.00135980860796,"dvar2":0.00333932368085,"max":0.645411670208,"mean":0.264265239239,"median":0.253354430199,"min":0.0122631192207,"var":0.00541215436533},"melbands_kurtosis":{"dmean":12.5091581345,"dmean2":20.7126083374,"dvar":482.973602295,"dvar2":1294.14782715,"max":601.174926758,"mean":20.1589336395,"median":11.1830024719,"min":-1.81622207165,"var":1126.35644531},"melbands_skewness":{"dmean":1.08831894398,"dmean2":1.75538742542,"dvar":1.38248944283,"dvar2":3.37834215164,"max":19.4284114838,"mean":3.37358903885,"median":3.00965619087,"min":-0.651979804039,"var":3.37366247177},"melbands_spread":{"dmean":5.65030002594,"dmean2":9.09485244751,"dvar":38.1996574402,"dvar2":94.3610992432,"max":142.985519409,"mean":14.7714509964,"median":13.0174999237,"min":0.369333833456,"var":99.7289352417},"mfcc":{"cov":[[6786.44775391,-785.577453613,-185.542251587,585.713928223,-741.924560547,23.9415493011,-288.884063721,225.929092407,-265.9737854,266.927398682,-134.582473755,135.047622681,-113.420295715],[-785.577453613,1344.01806641,-225.274459839,-383.910461426,334.870697021,-44.9133071899,11.307639122,-160.54397583,138.117599487,-66.4638595581,119.982849121,-23.828338623,52.9330558777],[-185.542251587,-225.274459839,385.462463379,55.8990020752,-37.6516723633,31.3648395538,15.8031902313,29.4658622742,-0.947050452232,22.6979923248,-3.31913733482,-1.9898712635,-14.0100698471],[585.713928223,-383.910461426,55.8990020752,344.564208984,-134.111953735,22.0175552368,-8.15789031982,60.7301063538,-81.9724121094,24.2744312286,-52.4789657593,16.5453739166,-17.4373989105],[-741.924560547,334.870697021,-37.6516723633,-134.111953735,294.410339355,56.2525863647,65.0591049194,-54.2660331726,46.2111358643,-77.2887649536,30.777256012,-9.69056797028,50.5977249146],[23.9415493011,-44.9133071899,31.3648395538,22.0175552368,56.2525863647,143.086761475,35.7956199646,43.9816703796,-18.1485443115,1.49777674675,-30.7276592255,15.1544027328,4.72707080841],[-288.884063721,11.307639122,15.8031902313,-8.15789031982,65.0591049194,35.7956199646,113.733032227,25.7237453461,42.0807723999,-23.4133892059,-1.48207890987,-27.4090080261,10.6505422592],[225.929092407,-160.54397583,29.4658622742,60.7301063538,-54.2660331726,43.9816703796,25.7237453461,109.989578247,8.85512447357,33.7574615479,-34.6168174744,2.3555855751,-20.8815193176],[-265.9737854,138.117599487,-0.947050452232,-81.9724121094,46.2111358643,-18.1485443115,42.0807723999,8.85512447357,105.403747559,20.9580993652,37.582572937,-18.661775589,6.44098472595],[266.927398682,-66.4638595581,22.6979923248,24.2744312286,-77.2887649536,1.49777674675,-23.4133892059,33.7574615479,20.9580993652,93.4527053833,27.3996219635,21.9494132996,-17.9889526367],[-134.582473755,119.982849121,-3.31913733482,-52.4789657593,30.777256012,-30.7276592255,-1.48207890987,-34.6168174744,37.582572937,27.3996219635,84.7171401978,20.4310512543,13.8990316391],[135.047622681,-23.828338623,-1.9898712635,16.5453739166,-9.69056797028,15.1544027328,-27.4090080261,2.3555855751,-18.661775589,21.9494132996,20.4310512543,58.7718353271,19.6729221344],[-113.420295715,52.9330558777,-14.0100698471,-17.4373989105,50.5977249146,4.72707080841,10.6505422592,-20.8815193176,6.44098472595,-17.9889526367,13.8990316391,19.6729221344,54.6973152161]],"icov":[[0.000261884968495,-0.0000895964549272,0.000193440937437,-0.000215228457819,0.000492528779432,-0.000199543967028,0.000300643063383,-0.000287028378807,0.000311355688609,-0.000312582124025,0.0000490421771246,-0.0000438496499555,-0.000131959750433],[-0.0000895964549272,0.00168183143251,0.000578309700359,0.000774048676249,-0.00132363452576,-0.000106260806206,0.000738013826776,0.00113328592852,-0.00142919877544,0.000341299397405,-0.000731631298549,0.000317669910146,0.000456279027276],[0.000193440937437,0.000578309700359,0.00318356719799,-0.000257541949395,0.000380862446036,-0.00112064846326,0.000318403879646,0.000136861388455,-0.00047768643708,-0.000169871389517,-0.000962942431215,0.000597862817813,0.000339616264682],[-0.000215228457819,0.000774048676249,-0.000257541949395,0.00530292838812,0.000294451368973,0.000756248016842,-0.00185624102596,-0.000888949085493,0.00341214169748,-0.00112820707727,0.000615194730926,-0.000120224038255,-0.000772382481955],[0.000492528779432,-0.00132363452576,0.000380862446036,0.000294451368973,0.011083425954,-0.00633050687611,-0.000512220140081,0.00105033395812,-0.00239843688905,0.00720077520236,-0.00388515274972,0.000419468648033,-0.00322421407327],[-0.000199543967028,-0.000106260806206,-0.00112064846326,0.000756248016842,-0.00633050687611,0.0150023223832,-0.00564036378637,-0.00323259085417,0.00568361952901,-0.00700291292742,0.00752863427624,-0.00587938493118,0.00129592325538],[0.000300643063383,0.000738013826776,0.000318403879646,-0.00185624102596,-0.000512220140081,-0.00564036378637,0.0192367918789,-0.00576722901314,-0.00665140384808,0.00690131867304,-0.00649792514741,0.00975343119353,-0.0043910597451],[-0.000287028378807,0.00113328592852,0.000136861388455,-0.000888949085493,0.00105033395812,-0.00323259085417,-0.00576722901314,0.0217550415546,-0.00796641316265,-0.00488942116499,0.0105688171461,-0.00762853398919,0.00618398142979],[0.000311355688609,-0.00142919877544,-0.00047768643708,0.00341214169748,-0.00239843688905,0.00568361952901,-0.00665140384808,-0.00796641316265,0.02622776106,-0.0112532936037,-0.0051134810783,0.0093619832769,-0.00588185200468],[-0.000312582124025,0.000341299397405,-0.000169871389517,-0.00112820707727,0.00720077520236,-0.00700291292742,0.00690131867304,-0.00488942116499,-0.0112532936037,0.0303577110171,-0.0133732557297,-0.00459840334952,0.00571348099038],[0.0000490421771246,-0.000731631298549,-0.000962942431215,0.000615194730926,-0.00388515274972,0.00752863427624,-0.00649792514741,0.0105688171461,-0.0051134810783,-0.0133732557297,0.0314052477479,-0.0150853702798,0.00265192217194],[-0.0000438496499555,0.000317669910146,0.000597862817813,-0.000120224038255,0.000419468648033,-0.00587938493118,0.00975343119353,-0.00762853398919,0.0093619832769,-0.00459840334952,-0.0150853702798,0.0397106930614,-0.0180390886962],[-0.000131959750433,0.000456279027276,0.000339616264682,-0.000772382481955,-0.00322421407327,0.00129592325538,-0.0043910597451,0.00618398142979,-0.00588185200468,0.00571348099038,0.00265192217194,-0.0180390886962,0.0318803116679]],"mean":[-642.182678223,158.989639282,-6.4756231308,21.8923797607,17.1074733734,30.8312988281,-5.83149766922,5.87552213669,-5.46361303329,10.5813407898,-0.156137347221,9.27098464966,-0.574803352356]},"pitch_salience":{"dmean":0.0946457386017,"dmean2":0.152596995234,"dvar":0.00719377445057,"dvar2":0.0177422128618,"max":0.829481244087,"mean":0.537560045719,"median":0.554169476032,"min":0.0764454454184,"var":0.0148223638535},"silence_rate_20dB":{"dmean":0.0163783859462,"dmean2":0.0327592790127,"dvar":0.0161133166403,"dvar2":0.0442386083305,"max":1,"mean":0.989898204803,"median":1,"min":0,"var":0.00999827869236},"silence_rate_30dB":{"dmean":0.134853824973,"dmean2":0.269728273153,"dvar":0.116672776639,"dvar2":0.220853894949,"max":1,"mean":0.803627431393,"median":1,"min":0,"var":0.15782392025},"silence_rate_60dB":{"dmean":0.000765345175751,"dmean2":0.00153080746531,"dvar":0.000764704775065,"dvar2":0.00152840395458,"max":1,"mean":0.0188260506839,"median":0,"min":0,"var":0.0184720065445},"spectral_centroid":{"dmean":181.163269043,"dmean2":278.722900391,"dvar":38924.4960938,"dvar2":74612.4609375,"max":10948.9873047,"mean":941.896850586,"median":884.756286621,"min":129.431472778,"var":176590.546875},"spectral_complexity":{"dmean":3.56467175484,"dmean2":5.31373882294,"dvar":10.8301773071,"dvar2":20.1051692963,"max":57,"mean":23.260427475,"median":23,"min":0,"var":68.5446243286},"spectral_contrast_coeffs":{"dmean":[0.0549712665379,0.0521249249578,0.0371994823217,0.0269777905196,0.0248258356005,0.0269475020468],"dmean2":[0.0913963466883,0.0864939689636,0.0618480183184,0.0459345020354,0.0413142181933,0.042490106076],"dvar":[0.00188242155127,0.00166003662162,0.000841809378471,0.000438714079792,0.000638930127025,0.00060299114557],"dvar2":[0.00512551236898,0.00455337995663,0.00225260294974,0.0012433960801,0.00172202382237,0.00147498399019],"max":[-0.34840592742,-0.439191907644,-0.524316608906,-0.59085214138,-0.627197682858,-0.509151935577],"mean":[-0.684033870697,-0.751644968987,-0.808604538441,-0.80601978302,-0.817853987217,-0.755298316479],"median":[-0.688238441944,-0.756313502789,-0.814814567566,-0.806779146194,-0.819163858891,-0.736543655396],"min":[-0.953093707561,-0.964943826199,-0.967308938503,-0.984835505486,-0.974370539188,-0.958817064762],"var":[0.00439367862418,0.00444119796157,0.00258755637333,0.00120485608932,0.00143219938036,0.00490104127675]},"spectral_contrast_valleys":{"dmean":[0.401559948921,0.365902483463,0.320867598057,0.233590617776,0.320073902607,0.469840705395],"dmean2":[0.647073209286,0.595092535019,0.515401721001,0.369249969721,0.494375109673,0.730928838253],"dvar":[0.11566067487,0.0959764122963,0.0804520472884,0.0569303072989,0.141756370664,0.178310140967],"dvar2":[0.273369073868,0.232017695904,0.184081956744,0.117414876819,0.332705438137,0.458953648806],"max":[-4.59037256241,-4.52652835846,-5.26620101929,-5.52110385895,-5.83832550049,-8.39343357086],"mean":[-6.37894058228,-6.36120223999,-6.97158813477,-6.81821012497,-7.66963529587,-10.6407194138],"median":[-6.25555801392,-6.25105905533,-6.86741638184,-6.68087434769,-7.43232727051,-10.4878377914],"min":[-27.3031692505,-27.170463562,-27.1347351074,-27.1715240479,-27.2578449249,-27.2640838623],"var":[0.870018780231,0.963317871094,0.858931958675,0.873193442822,1.20177447796,0.812635779381]},"spectral_decrease":{"dmean":1.01493453641e-8,"dmean2":1.65366369487e-8,"dvar":3.76444046952e-16,"dvar2":9.34862217072e-16,"max":1.84443109674e-8,"mean":-1.31467112752e-8,"median":-8.0361086674e-9,"min":-1.99047207161e-7,"var":3.70508331225e-16},"spectral_energy":{"dmean":0.0389994457364,"dmean2":0.0623891875148,"dvar":0.00543076219037,"dvar2":0.0133928535506,"max":0.781294822693,"mean":0.0781361311674,"median":0.0593487471342,"min":7.92515098685e-12,"var":0.00570645648986},"spectral_energyband_high":{"dmean":0.000364863517461,"dmean2":0.000515935418662,"dvar":2.64926711679e-7,"dvar2":4.64708193704e-7,"max":0.0284768901765,"mean":0.00122496555559,"median":0.00099654647056,"min":5.32793774377e-12,"var":0.0000013369149201},"spectral_energyband_low":{"dmean":0.0340699218214,"dmean2":0.0563344880939,"dvar":0.00477693788707,"dvar2":0.012043312192,"max":0.703844189644,"mean":0.0428409017622,"median":0.0237086936831,"min":2.66357489314e-14,"var":0.00436664605513},"spectral_energyband_middle_high":{"dmean":0.00154148368165,"dmean2":0.00233268807642,"dvar":0.00000400710041504,"dvar2":0.00000833088506624,"max":0.0576978735626,"mean":0.0052779102698,"median":0.00454252958298,"min":1.54940372598e-12,"var":0.0000126144677779},"spectral_energyband_middle_low":{"dmean":0.00656656408682,"dmean2":0.010229350999,"dvar":0.0000982222627499,"dvar2":0.000219369132537,"max":0.222128942609,"mean":0.015719583258,"median":0.0112187610939,"min":2.39945108053e-13,"var":0.000241980043938},"spectral_entropy":{"dmean":0.175042286515,"dmean2":0.270862817764,"dvar":0.0317210145295,"dvar2":0.0799643695354,"max":9.79294490814,"mean":7.5243139267,"median":7.61556100845,"min":4.4575214386,"var":0.174806728959},"spectral_flux":{"dmean":0.0490889661014,"dmean2":0.0799968466163,"dvar":0.00505328457803,"dvar2":0.0117621272802,"max":0.758890211582,"mean":0.158095434308,"median":0.135841950774,"min":0.0000300074461848,"var":0.00845569651574},"spectral_kurtosis":{"dmean":6.00956726074,"dmean2":9.50916957855,"dvar":86.751953125,"dvar2":229.889755249,"max":118.077865601,"mean":20.783498764,"median":15.1191139221,"min":-1.2099493742,"var":246.486282349},"spectral_rms":{"dmean":0.00179989018943,"dmean2":0.00276622758247,"dvar":0.00000615637100054,"dvar2":0.0000137452825584,"max":0.0276086740196,"mean":0.00806036870927,"median":0.00760928494856,"min":8.79309638435e-8,"var":0.0000112611596705},"spectral_rolloff":{"dmean":4776.04248047,"dmean2":9159.57714844,"dvar":62425436,"dvar2":135654800,"max":22050,"mean":15853.9628906,"median":20951.8066406,"min":21.533203125,"var":80023168},"spectral_skewness":{"dmean":0.451632976532,"dmean2":0.704184472561,"dvar":0.348230153322,"dvar2":0.906286478043,"max":8.90995883942,"mean":3.22752594948,"median":2.80842828751,"min":-0.00581915257499,"var":1.51440310478},"spectral_spread":{"dmean":531441.125,"dmean2":828340.0625,"dvar":276418396160,"dvar2":580158291968,"max":40539672,"mean":4563817.5,"median":4573941,"min":1302307.625,"var":1223045283840},"spectral_strongpeak":{"dmean":5.81918954849,"dmean2":11.0573129654,"dvar":373.763397217,"dvar2":1035.34753418,"max":229.409805298,"mean":4.43826961517,"median":0.395588934422,"min":0,"var":282.576904297},"zerocrossingrate":{"dmean":0.0488732308149,"dmean2":0.0618981420994,"dvar":0.00163678568788,"dvar2":0.00254151364788,"max":0.76904296875,"mean":0.302240401506,"median":0.30126953125,"min":0.03662109375,"var":0.00986895803362}},"metadata":{"audio_properties":{"analysis_sample_rate":44100,"bit_rate":206990,"codec":"mp3","downmix":"mix","equal_loudness":0,"length":303.387176514,"lossless":false,"md5_encoded":"db07029748cbee123dc76f90d94aa1f6","replay_gain":-2.06074142456,"sample_rate":44100},"tags":{"acoustid_id":["be3ba8d5-9858-477d-80ae-4503da716d3f"],"album":["In My Head"],"albumartist":["Black Flag"],"albumartistsort":["Black Flag"],"artist":["Black Flag"],"artists":["Black Flag"],"artistsort":["Black Flag"],"asin":["B000000M0F"],"barcode":["018861004525"],"catalognumber":["SST CD 045"],"date":["1993-05-01"],"file_name":"09 - Retired at 21.mp3","label":["SST Records"],"media":["CD"],"musicbrainz album release country":["US"],"musicbrainz album status":["official"],"musicbrainz album type":["album"],"musicbrainz release track id":["d6d8e77d-996d-3e8f-b2d3-34b8b770449b"],"musicbrainz_albumartistid":["9941a936-196a-4a62-ae53-a69cbc33f20e"],"musicbrainz_albumid":["d1050ce1-b246-4fd5-9bd1-ec3c56473243"],"musicbrainz_artistid":["9941a936-196a-4a62-ae53-a69cbc33f20e"],"musicbrainz_recordingid":["b0fa30b6-f1ed-4249-924f-eb49865f9cbf"],"musicbrainz_releasegroupid":["46d32ab1-a694-3243-be78-5bcfb5597564"],"musicbrainz_workid":["ff8942e0-a80e-40b5-bb7f-e33b9a453d2c"],"originaldate":["1985"],"performer:background vocals":["Kira Roessler","Henry Rollins"],"performer:bass":["Kira Roessler"],"performer:drums":["Bill Stevenson"],"performer:guitar":["Greg Ginn"],"performer:vocals":["Henry Rollins"],"script":["Latn"],"title":["Retired at 21"],"tracknumber":["9/12"],"work":["Retired at 21"],"writer":["Greg Ginn"]},"version":{"essentia":"2.1-beta1","essentia_build_sha":"ca57ba49d9b1854bd80e60cf9ccf267278fb7d6b","essentia_git_sha":"v2.1_beta1-28-g21ef5f4-dirty","extractor":"music 1.0"}},"rhythm":{"beats_count":749,"beats_loudness":{"dmean":0.0474491305649,"dmean2":0.0842243134975,"dvar":0.0022984216921,"dvar2":0.00667548412457,"max":0.561686933041,"mean":0.104195646942,"median":0.0999222621322,"min":4.9397672619e-9,"var":0.00297321658581},"