{"lowlevel":{"average_loudness":0.55067807436,"barkbands":{"dmean":[0.0000060591592046,0.000854184094351,0.00342785916291,0.000913633382879,0.00208345428109,0.000231989528402,0.000694647955243,0.000432628177805,0.000398073520046,0.000656032294501,0.000519155699294,0.000816143467091,0.000635527539998,0.000697780400515,0.000512225786224,0.000455978617538,0.000432054075645,0.000443470984465,0.000491446699016,0.000248301948886,0.000186218967428,0.000043708638259,0.0000171179362951,0.00000817442651169,0.00000467431436846,0.00000266306551566,0.00000148606829953],"dmean2":[0.0000110422797661,0.00165615964215,0.00624889787287,0.00133682356682,0.00373810110614,0.000381015532184,0.00120502198115,0.000577918894123,0.00065574987093,0.00103781395592,0.000879270257428,0.00136171095073,0.00106327561662,0.00117651245091,0.000854762154631,0.000766976678278,0.000711333879735,0.000734195695259,0.00081829802366,0.000405244441936,0.000306851376081,0.0000720719544915,0.0000278121297015,0.0000129806448967,0.00000697373752701,0.0000040142904254,0.0000023598606731],"dvar":[8.1420356568e-11,0.00000166429117598,0.0000270612290478,0.00000149516517922,0.000010404155546,5.31397745362e-7,0.00000651397249385,0.00000116469652767,9.04243961486e-7,0.00000152201778292,8.69122970926e-7,0.00000165154176557,9.3945863e-7,0.0000012022910596,5.10637164552e-7,4.48270611741e-7,4.4822337486e-7,5.76665115659e-7,8.40851669182e-7,3.36305703286e-7,3.21067290088e-7,1.7260424201e-8,3.49456619197e-9,3.61738389243e-10,1.51943624349e-10,2.30129960227e-11,4.27823358337e-12],"dvar2":[2.683299416e-10,0.00000620674654783,0.0000886514753802,0.00000317861167787,0.0000327982852468,0.00000139960559409,0.0000170925777638,0.00000245182150138,0.00000228818203141,0.00000346187516698,0.00000227740065384,0.00000445868681709,0.00000245289902523,0.00000335106278726,0.00000130378430185,0.00000117573245006,0.00000112226393867,0.00000145302294641,0.00000200852423404,8.01300075182e-7,7.67283609093e-7,4.53926780608e-8,8.8760510053e-9,8.67716620778e-10,2.96048102699e-10,4.15082031247e-11,1.04018633984e-11],"max":[0.0000907609864953,0.0154150053859,0.053125679493,0.0377693399787,0.0345738567412,0.0180721934885,0.0420300960541,0.0183134656399,0.00982383545488,0.0192521866411,0.0103808501735,0.0181712061167,0.0125492662191,0.0144762257114,0.00831006094813,0.00458048796281,0.00709828082472,0.00706630339846,0.00974571984261,0.00672107189894,0.00722551811486,0.00263135437854,0.0010435472941,0.000393006339436,0.000581564614549,0.000192423976841,0.0000405244645663],"mean":[0.0000122659266708,0.00139953976031,0.00449713785201,0.00442054867744,0.00371897523291,0.000571088283323,0.000765427190345,0.000838938867673,0.000505513104144,0.00103552115615,0.000633193529211,0.00101045833435,0.000809164368547,0.000804050825536,0.000590250012465,0.000450310471933,0.000502047420014,0.000438350485638,0.000568247283809,0.000383887818316,0.000302000320517,0.000114493828733,0.000046028115321,0.0000391545399907,0.0000250993434747,0.0000150570249389,0.0000056904241319],"median":[0.00000601612509854,0.000497559667565,0.00209756707773,0.00239201867953,0.00207533407956,0.000292563257972,0.000275372876786,0.000213442661334,0.00016247802705,0.000232363468967,0.000160206778673,0.000318368489388,0.000200273265364,0.000224409915973,0.000209408113733,0.000147745697177,0.000172670843313,0.000106836043415,0.000114823691547,0.0000967493106145,0.0000700396631146,0.0000412180379499,0.0000178917707672,0.0000238319371419,0.0000191359577002,0.0000105125918708,0.00000318908996633],"min":[8.34211631194e-25,3.93955163915e-24,6.17518590974e-25,1.57611628128e-24,1.38446019722e-23,1.29208568963e-23,2.21375511477e-23,1.72208840481e-23,2.00387819762e-23,2.4320791545e-23,1.25427842634e-23,2.70719960167e-23,4.49852853694e-23,4.99100966691e-23,4.29277247139e-23,8.17372925799e-23,9.40196107496e-23,1.31318001956e-22,1.72398305937e-22,1.87597535123e-22,2.73609273673e-22,3.38258987076e-22,3.654864518e-22,6.62613423485e-22,9.6344751131e-22,1.27208968127e-21,2.16892370777e-21],"var":[2.01340694117e-10,0.00000429843612437,0.0000371223577531,0.0000357280587195,0.0000225733747357,7.9556792798e-7,0.0000051708684623,0.00000304623972625,0.00000107291771201,0.00000344646696249,0.00000135594700623,0.00000253342977885,0.0000019672822873,0.00000173605826603,7.89018827163e-7,4.72360056847e-7,5.74591695113e-7,6.4324962068e-7,0.00000105197898392,4.98351766964e-7,4.03101125812e-7,3.36650778365e-8,5.7157110156e-9,2.24414908878e-9,8.29587787354e-10,2.64416349927e-10,4.39240172012e-11]},"barkbands_crest":{"dmean":2.05636644363,"dmean2":3.59442615509,"dvar":2.9344124794,"dvar2":9.07364654541,"max":18.6031093597,"mean":7.78298377991,"median":7.39813518524,"min":2.95314264297,"var":5.15289592743},"barkbands_flatness_db":{"dmean":0.0167984962463,"dmean2":0.0287542715669,"dvar":0.000157854548888,"dvar2":0.000481013732497,"max":0.214638903737,"mean":0.1156116575,"median":0.113876864314,"min":0.0271893180907,"var":0.00052872375818},"barkbands_kurtosis":{"dmean":1.18483924866,"dmean2":1.98665452003,"dvar":1.31792652607,"dvar2":3.76812672615,"max":15.7309026718,"mean":0.553809821606,"median":0.163596853614,"min":-1.83253014088,"var":2.83556938171},"barkbands_skewness":{"dmean":0.425562918186,"dmean2":0.723761677742,"dvar":0.110375419259,"dvar2":0.321464180946,"max":3.66126060486,"mean":0.834469139576,"median":0.930190443993,"min":-2.23630428314,"var":0.626522898674},"barkbands_spread":{"dmean":5.91832304001,"dmean2":9.38233852386,"dvar":23.1891918182,"dvar2":55.5148582458,"max":80.2891082764,"mean":26.8128242493,"median":26.0234832764,"min":5.64658737183,"var":78.2519226074},"dissonance":{"dmean":0.0132528599352,"dmean2":0.0224262624979,"dvar":0.000182122676051,"dvar2":0.000492897757795,"max":0.500000059605,"mean":0.478810817003,"median":0.482326805592,"min":0.356086939573,"var":0.000238861786784},"dynamic_complexity":7.15611028671,"erbbands":{"dmean":[0.00736780744046,0.303499102592,3.27547025681,4.21006011963,5.13710975647,8.17561721802,1.29216885567,2.5211930275,8.94845104218,7.15110588074,11.099738121,9.62548160553,16.787481308,20.4697227478,22.3808631897,36.2953948975,28.7296047211,34.6365203857,28.051158905,25.1254177094,24.9994258881,22.1701431274,23.2202625275,21.7844924927,27.5130081177,9.56230163574,8.95311641693,4.20551919937,1.61695516109,0.858547687531,0.446256548166,0.251866012812,0.0911234021187,0.0557641983032,0.0354312807322,0.0142481224611,0.00462629878893,0.00141810683999,0.000348502158886,0.0000127172261273],"dmean2":[0.0140457050875,0.589898586273,6.23247528076,6.72685194016,9.4093837738,13.8287887573,1.92094409466,4.22500228882,15.4018163681,12.4320421219,14.2951574326,15.5488576889,26.6977787018,32.9886856079,37.1994361877,60.21484375,47.8408126831,57.9207725525,46.5152931213,41.489151001,41.635887146,36.3742218018,38.2444610596,35.3144569397,45.0797958374,15.6064872742,14.7190189362,6.92114400864,2.61616611481,1.44202923775,0.732291281223,0.39848357439,0.146728083491,0.0827818661928,0.0533805042505,0.0213806945831,0.00714316917583,0.00222058827057,0.000552986050025,0.0000210389334825],"dvar":[0.000126631028252,0.205042034388,24.6565380096,34.0249328613,55.0380935669,164.853393555,6.23049402237,59.5411643982,1295.1829834,594.53302002,681.615966797,485.992218018,1274.38330078,1538.05187988,1407.85009766,3574.98364258,1816.06860352,2735.30078125,1481.82739258,1217.1151123,1304.84802246,1094.03210449,1701.66442871,1753.38220215,3382.4609375,324.914154053,653.447814941,119.182121277,21.7784023285,10.2434587479,2.19141149521,0.384509623051,0.0531947910786,0.0194078572094,0.0106687126681,0.000871320546139,0.0000724626734154,0.00000450559628007,2.45051552383e-7,2.71739825086e-10],"dvar2":[0.000461077666841,0.76874679327,88.0807037354,85.0904541016,189.289413452,453.701660156,15.4219503403,157.841552734,3398.1184082,1497.38098145,1323.34716797,1221.37487793,2904.69238281,3618.64916992,3658.57983398,9658.31542969,4739.81787109,7589.34228516,3839.48339844,3072.28759766,3352.35180664,2767.5871582,4177.9921875,4122.60253906,7893.71337891,805.432922363,1572.69067383,290.295288086,55.8908119202,27.9129600525,5.65009737015,0.906414568424,0.121193006635,0.0406273007393,0.0215012263507,0.00165679410566,0.000150325067807,0.0000106824045361,6.22711468168e-7,7.07205460859e-10],"max":[0.100229397416,4.97848272324,45.4447479248,112.046173096,107.449043274,117.013839722,75.7003936768,187.305770874,577.962036133,549.795043945,504.807983398,233.217819214,701.345397949,557.993530273,501.399230957,860.999938965,661.088684082,645.354431152,523.360534668,226.647171021,250.130859375,257.751953125,475.699310303,515.957641602,618.30255127,223.590179443,328.250213623,138.184860229,76.2673950195,55.6389923096,26.8160915375,12.4495048523,7.21500873566,5.39321517944,4.91267538071,1.01092410088,0.311482965946,0.0520205721259,0.0106698088348,0.000279093626887],"mean":[0.0145246293396,0.458256572485,4.26218605042,13.1640119553,13.0394268036,12.0058956146,4.4605345726,4.61524534225,10.5044765472,8.9792881012,22.464597702,14.4742326736,25.9257621765,29.8018836975,29.6571331024,47.5880470276,39.0573768616,43.2419242859,35.6074523926,25.8574104309,27.0319347382,25.1804943085,24.3759613037,24.6722335815,32.1997413635,17.7269077301,14.8353767395,7.90609788895,4.26460838318,2.18849301338,1.39346897602,1.08481776714,0.431867867708,0.283121317625,0.168550819159,0.072221018374,0.025210365653,0.00758918374777,0.00128303503152,0.0000655156109133],"median":[0.00781864672899,0.169900476933,1.9096146822,7.30647087097,8.51125717163,5.98316335678,2.42551517487,2.36637067795,3.51539897919,3.89334821701,5.43269014359,5.48048591614,7.49211978912,7.9772605896,8.43896198273,16.17420578,13.0493545532,13.571097374,14.41888237,9.14936447144,10.2932100296,9.5923910141,7.77541828156,5.83183288574,7.02544784546,6.40860652924,3.89108800888,2.54446649551,1.66484940052,1.29969620705,0.648752808571,0.436164587736,0.296882271767,0.216942280531,0.0928751677275,0.0477439463139,0.0179321430624,0.00496970303357,0.000690860208124,0.0000513471895829],"min":[1.67883989454e-22,3.88771505264e-22,1.57728186587e-21,1.02652500095e-20,2.30657100456e-20,3.96578884615e-20,7.78832939725e-20,9.10373785673e-20,2.25016391069e-19,2.10391010659e-19,4.35486500874e-19,6.20457941116e-19,9.07589082141e-19,7.46704159059e-19,6.72742890262e-19,1.5851317913e-18,1.87265522273e-18,3.02906633359e-18,2.03127806533e-18,4.39212846136e-18,4.26432947031e-18,5.24907144594e-18,7.84049678335e-18,6.59377967669e-18,1.05203353205e-17,8.39619920041e-18,9.94166292505e-18,1.19135382555e-17,1.32271713786e-17,8.38376750298e-18,1.22906639588e-17,1.18709665781e-17,1.17810371562e-17,9.70284099296e-18,7.10521014659e-18,4.36022410513e-18,2.51493780732e-18,1.04871519363e-18,2.69537939974e-19,3.08342171581e-20],"var":[0.000290830590529,0.453311055899,33.2320823669,307.725585938,218.223388672,273.133148193,37.4711875916,68.1855010986,1024.29663086,533.454101563,2156.16918945,675.311340332,2644.9284668,3163.1328125,2777.2578125,5763.09472656,3953.68212891,4416.04248047,2629.69116211,1385.62109375,1555.09619141,1351.26660156,1925.76989746,2190.33032227,4027.03735352,706.823181152,842.060241699,184.061630249,45.4533119202,11.9693202972,4.63833904266,2.11279273033,0.31421020627,0.107948705554,0.0517842099071,0.00706092407927,0.000920617952943,0.0000646888656775,0.00000234178946812,3.78822395675e-9]},"erbbands_crest":{"dmean":2.64110636711,"dmean2":4.53453111649,"dvar":5.03507518768,"dvar2":14.1190690994,"max":24.5076789856,"mean":8.97672271729,"median":8.57963943481,"min":2.62527918816,"var":7.78748130798},"erbbands_flatness_db":{"dmean":0.0131087210029,"dmean2":0.0218588188291,"dvar":0.00011262139742,"dvar2":0.000318774196785,"max":0.267502397299,"mean":0.160300716758,"median":0.154296159744,"min":0.052806019783,"var":0.000817589985672},"erbbands_kurtosis":{"dmean":1.08632409573,"dmean2":1.77156615257,"dvar":1.59222853184,"dvar2":4.22953748703,"max":15.4343471527,"mean":0.589123487473,"median":0.282290101051,"min":-1.65710365772,"var":2.17381286621},"erbbands_skewness":{"dmean":0.463415622711,"dmean2":0.700222253799,"dvar":0.162975922227,"dvar2":0.378097891808,"max":2.85183906555,"mean":-0.276356577873,"median":-0.361203342676,"min":-3.20125746727,"var":0.43239608407},"erbbands_spread":{"dmean":7.82036066055,"dmean2":12.543589592,"dvar":41.7905158997,"dvar2":109.309593201,"max":92.9018783569,"mean":33.4271125793,"median":32.9330368042,"min":6.425385952,"var":149.029708862},"gfcc":{"cov":[[28089.09375,1663.88183594,-474.061462402,366.819732666,-362.075775146,-109.470184326,-42.4311103821,173.522003174,-0.43838763237,-137.381347656,-424.989013672,-401.451324463,-135.246246338],[1663.88183594,538.932739258,138.449050903,-55.3868522644,0.495080888271,47.1462097168,9.57395935059,16.6990203857,64.4084396362,30.8038253784,-21.288318634,-60.983341217,-22.6831626892],[-474.061462402,138.449050903,401.879211426,13.694188118,-9.74791717529,23.5662822723,87.2093353271,-27.1282634735,47.6453475952,78.0434112549,39.1351242065,-7.90504741669,8.76713657379],[366.819732666,-55.3868522644,13.694188118,320.464172363,51.8786659241,-120.401916504,-10.4772901535,42.8975219727,-7.42268800735,5.49554538727,7.51907205582,14.9377222061,-10.4069023132],[-362.075775146,0.495080888271,-9.74791717529,51.8786659241,271.016357422,16.1896457672,-101.806762695,-20.9971485138,34.6676940918,5.89597702026,34.8190803528,27.1903839111,0.0450351908803],[-109.470184326,47.1462097168,23.5662822723,-120.401916504,16.1896457672,223.575363159,26.1072406769,-105.490982056,-23.1135864258,36.8233337402,-0.817158639431,-5.8692984581,8.82710838318],[-42.4311103821,9.57395935059,87.2093353271,-10.4772901535,-101.806762695,26.1072406769,213.013763428,17.3343658447,-80.6886138916,-26.9958114624,22.9049263,-11.8632230759,4.4984536171],[173.522003174,16.6990203857,-27.1282634735,42.8975219727,-20.9971485138,-105.490982056,17.3343658447,167.515426636,30.520565033,-93.2416610718,-30.9430656433,14.482254982,-3.25223922729],[-0.43838763237,64.4084396362,47.6453475952,-7.42268800735,34.6676940918,-23.1135864258,-80.6886138916,30.520565033,155.082901001,32.8206100464,-72.3300247192,-29.7621269226,23.1019153595],[-137.381347656,30.8038253784,78.0434112549,5.49554538727,5.89597702026,36.8233337402,-26.9958114624,-93.2416610718,32.8206100464,162.051605225,34.6923942566,-52.2102775574,-12.114405632],[-424.989013672,-21.288318634,39.1351242065,7.51907205582,34.8190803528,-0.817158639431,22.9049263,-30.9430656433,-72.3300247192,34.6923942566,152.576400757,44.4962387085,-58.1463928223],[-401.451324463,-60.983341217,-7.90504741669,14.9377222061,27.1903839111,-5.8692984581,-11.8632230759,14.482254982,-29.7621269226,-52.2102775574,44.4962387085,120.383483887,13.0952062607],[-135.246246338,-22.6831626892,8.76713657379,-10.4069023132,0.0450351908803,8.82710838318,4.4984536171,-3.25223922729,23.1019153595,-12.114405632,-58.1463928223,13.0952062607,86.4232788086]],"icov":[[0.0000562431523576,-0.000216745611397,0.000109208078356,-0.000126535916934,0.0000854012032505,0.000012369653632,0.0000352412862412,0.0000639078280074,0.0000880133011378,0.0000622157094767,0.000121161458082,0.0000752291671233,0.0000593888435105],[-0.000216745611397,0.00324293202721,-0.00135455711279,0.000757488713134,-0.000405647442676,-0.000839361688122,0.000211946346099,-0.0011703860946,-0.000644523359369,-0.000112713532872,-0.000300130544929,0.000786124845035,0.000606902642176],[0.000109208078356,-0.00135455711279,0.00468933489174,-0.000801027461421,0.000152839478687,0.000181714232895,-0.00324607733637,0.00129103730433,-0.00358229642734,-0.000970275723375,-0.00185589422472,-0.000944436644204,-0.000841857399791],[-0.000126535916934,0.000757488713134,-0.000801027461421,0.00532672181726,-0.0023079928942,0.00320767331868,-0.000920951890294,-0.00101371586788,0.00252692610957,-0.00334876636043,0.00363563047722,-0.0024403880816,0.00207782699727],[0.0000854012032505,-0.000405647442676,0.000152839478687,-0.0023079928942,0.00647981511429,-0.00234000198543,0.0034548456315,0.000835031096358,-0.00262437341735,0.00377486040816,-0.00555207394063,0.00241025374271,-0.00304906163365],[0.000012369653632,-0.000839361688122,0.000181714232895,0.00320767331868,-0.00234000198543,0.00972569175065,-0.00310367555358,0.00551397586241,0.00129797530826,-0.00162038800772,0.00482951290905,-0.00319757242687,0.00270353583619],[0.0000352412862412,0.000211946346099,-0.00324607733637,-0.000920951890294,0.0034548456315,-0.00310367555358,0.0116346487775,-0.00373307219706,0.00594073208049,0.00277285510674,-0.00322859315202,0.00511680543423,-0.00424858834594],[0.0000639078280074,-0.0011703860946,0.00129103730433,-0.00101371586788,0.000835031096358,0.00551397586241,-0.00373307219706,0.0169182419777,-0.00755556393415,0.00949674472213,-0.00130624615122,-0.0000065651697696,0.00228017172776],[0.0000880133011378,-0.000644523359369,-0.00358229642734,0.00252692610957,-0.00262437341735,0.00129797530826,0.00594073208049,-0.00755556393415,0.0200385879725,-0.00872883480042,0.0116734877229,-0.00173528736923,0.0014483659761],[0.0000622157094767,-0.000112713532872,-0.000970275723375,-0.00334876636043,0.00377486040816,-0.00162038800772,0.00277285510674,0.00949674472213,-0.00872883480042,0.0204317606986,-0.0123699549586,0.0104742273688,-0.00457283621654],[0.000121161458082,-0.000300130544929,-0.00185589422472,0.00363563047722,-0.00555207394063,0.00482951290905,-0.00322859315202,-0.00130624615122,0.0116734877229,-0.0123699549586,0.026683261618,-0.0130131151527,0.0154355447739],[0.0000752291671233,0.000786124845035,-0.000944436644204,-0.0024403880816,0.00241025374271,-0.00319757242687,0.00511680543423,-0.0000065651697696,-0.00173528736923,0.0104742273688,-0.0130131151527,0.0189596377313,-0.00951134320349],[0.0000593888435105,0.000606902642176,-0.000841857399791,0.00207782699727,-0.00304906163365,0.00270353583619,-0.00424858834594,0.00228017172776,0.0014483659761,-0.00457283621654,0.0154355447739,-0.00951134320349,0.022989416495]],"mean":[-43.8028488159,74.9867630005,-119.886688232,27.8850460052,-40.4414825439,11.2678956985,-32.1119499207,-3.20485162735,-35.7856559753,-4.48289299011,-24.6116333008,-7.68476915359,-20.822675705]},"hfc":{"dmean":3.66240715981,"dmean2":5.8891453743,"dvar":22.2579364777,"dvar2":55.823474884,"max":66.3205337524,"mean":19.9276046753,"median":21.8416137695,"min":1.08429428732e-16,"var":260.522583008},"melbands":{"dmean":[0.000136660819408,0.001235361211,0.000635284639429,0.000571558892261,0.0000866589907673,0.0000563027315366,0.000140583098982,0.0000702417237335,0.0000875683836057,0.0000629847418168,0.0000848811905598,0.000084427461843,0.0000722128315829,0.0000907153080334,0.0000785124721006,0.0000644005849608,0.0000701939570718,0.0000482963623654,0.0000378834411094,0.0000332250201609,0.0000304785371554,0.0000249413533311,0.00002352552292,0.0000192372062884,0.0000177279107447,0.0000231879257626,0.0000135141644932,0.00000550954700884,0.00000494934647577,0.00000643826297164,0.00000159208036621,0.00000104646267118,6.79142146964e-7,4.55553191614e-7,3.00199815229e-7,2.05355561889e-7,1.5121297281e-7,8.07780651257e-8,6.0427346682e-8,5.22054790508e-8],"dmean2":[0.000263748603174,0.00234027369879,0.00102043384686,0.00102145876735,0.000137293041917,0.0000942687693168,0.000242882422754,0.000119729775179,0.000114615351777,0.000102803300251,0.000135348818731,0.000135811147629,0.00012141559273,0.000151131898747,0.000132456159918,0.000107616702735,0.00011888230074,0.0000807956894278,0.0000635897667962,0.0000555967235414,0.0000509410056111,0.0000411365072068,0.0000389682973037,0.0000319693208439,0.0000289045765385,0.0000383935548598,0.0000220280180656,0.00000910617382033,0.00000811403606349,0.0000106051165858,0.00000267742257165,0.0000017196338149,0.00000115513341825,7.49416983581e-7,5.01086503846e-7,3.25704291981e-7,2.36142710719e-7,1.28138893274e-7,9.47969809317e-8,7.60113039178e-8],"dvar":[4.35522586884e-8,0.00000348273351847,7.36800018331e-7,7.83906216384e-7,1.89823676777e-8,3.18161070822e-8,2.95492839086e-7,5.59267121503e-8,4.24093897777e-8,2.11272190853e-8,3.21165103401e-8,2.74387943477e-8,1.57452468841e-8,2.04625010269e-8,1.29064021692e-8,1.11827116456e-8,1.28581323366e-8,4.64796245936e-9,2.85716650339e-9,2.26841190276e-9,2.05451655688e-9,1.42545453219e-9,1.59945168221e-9,1.02644448496e-9,1.40537748106e-9,2.90266166658e-9,1.18580001374e-9,1.30454605451e-10,1.24566232329e-10,5.62251689651e-10,1.56350730973e-11,8.00633604553e-12,6.07341087144e-12,2.63366021699e-12,9.46240156542e-13,3.45153349261e-13,1.26727635005e-13,4.00900185716e-14,2.03702885723e-14,1.81047007491e-14],"dvar2":[1.60251076409e-7,0.0000123650306705,0.00000185712042367,0.0000024681476134,4.76169184083e-8,8.2022523884e-8,7.76802437485e-7,1.40193932907e-7,8.3715775645e-8,5.30769987961e-8,7.36860243933e-8,6.4465687899e-8,4.1268098272e-8,5.52636585383e-8,3.4282265915e-8,2.94049549154e-8,3.62209782168e-8,1.2305473085e-8,7.23522264323e-9,5.9535647523e-9,5.28792343246e-9,3.64461283375e-9,4.0604128948e-9,2.61045274286e-9,3.32477045895e-9,6.80089851102e-9,2.72939715273e-9,3.39651889947e-10,3.18189141701e-10,1.33083888354e-9,3.9487878245e-11,2.0342937404e-11,1.71428912732e-11,6.9988966879e-12,2.50601449314e-12,8.15234706998e-13,3.08241225513e-13,8.89399095821e-14,5.12864897035e-14,3.81371095728e-14],"max":[0.0022992156446,0.0173797756433,0.0155731160194,0.0087424935773,0.00268399622291,0.00408768467605,0.00776970665902,0.004921910353,0.00393483042717,0.00154441071209,0.00351468846202,0.00242849369533,0.0014312453568,0.00217119138688,0.00135957729071,0.00145425647497,0.00148326065391,0.000800796784461,0.000445399084128,0.00029076114879,0.000385515275411,0.000339556252584,0.00041885804967,0.000279542058706,0.000464178650873,0.000636426382698,0.000398288364522,0.000185688244528,0.000142076503835,0.000309634429868,0.0000761894989409,0.0000496614302392,0.0000487605357193,0.0000266818024102,0.0000162514461408,0.0000185122426046,0.00000825565803098,0.00000725749487174,0.00000452503036286,0.00000542994712305],"mean":[0.000236718216911,0.00167263718322,0.00211816094816,0.000968370470218,0.000192686813534,0.000107683248643,0.000161655174452,0.0000975298025878,0.000172708241735,0.0000869112627697,0.000128602114273,0.000120113421872,0.0000884962573764,0.000116941242595,0.0000983676800388,0.0000811686259112,0.0000825598399388,0.0000579269217269,0.0000400478384108,0.0000328851638187,0.0000319035098073,0.0000268436742772,0.0000245500559686,0.0000198080251721,0.0000185098797374,0.0000260603446804,0.0000157289214258,0.0000108798949441,0.00000874106444826,0.00000920768889046,0.00000350837080987,0.00000250491689258,0.00000180986035048,9.75243096946e-7,8.82267613633e-7,6.20120431449e-7,6.35959622741e-7,2.97869689803e-7,2.62218662783e-7,2.23646281938e-7],"median":[0.000101064884802,0.000756761757657,0.00138483894989,0.000540048000403,0.000116550574603,0.0000524987772224,0.0000556604936719,0.0000423726232839,0.0000375528798031,0.0000286287759081,0.0000356885720976,0.0000279802916339,0.0000227491891565,0.0000328633650497,0.0000390701643482,0.000018933264073,0.0000223419010581,0.0000210973994399,0.0000135727386805,0.0000108910571726,0.0000107741088868,0.00000927647306526,0.0000060143374867,0.00000497715245729,0.00000284999168798,0.0000041851435526,0.00000351208700522,0.00000268518897428,0.00000193800292436,9.69015218288e-7,8.79557660483e-7,6.79308641338e-7,5.57016505809e-7,4.27164764005e-7,2.31280381513e-7,2.05436663236e-7,2.08331698559e-7,1.2311598141e-7,1.17271767408e-7,1.06784732168e-7],"min":[2.3581267184e-24,2.1278935217e-24,2.46215084775e-24,1.50376797412e-24,2.46840316207e-24,1.63881543907e-24,3.98763941664e-24,2.62058547474e-24,3.91605620595e-24,3.58383414103e-24,4.73311257765e-24,2.87606241763e-24,1.71609471854e-24,2.58217051245e-24,4.16846369106e-24,4.8117608266e-24,3.53539334829e-24,3.2551465674e-24,4.38896806344e-24,5.86961146759e-24,4.01945536024e-24,5.07664138592e-24,6.28646568586e-24,5.45998479293e-24,4.87538048646e-24,5.93862062515e-24,6.49757314714e-24,5.01621424615e-24,5.43838144261e-24,6.05706532906e-24,5.91533424009e-24,6.81676244104e-24,6.0516505878e-24,3.68656039697e-24,6.0688706325e-24,6.63386346244e-24,6.49961156372e-24,7.12789312637e-24,7.81855425952e-24,7.73612145037e-24],"var":[1.07782412329e-7,0.0000051310685194,0.00000652719381833,0.00000153622750076,5.27634576031e-8,3.75106381512e-8,2.33672381e-7,5.28266923538e-8,1.29752791622e-7,2.87150250244e-8,6.55653380477e-8,5.76328531565e-8,2.5389878644e-8,3.35183685252e-8,1.95969054317e-8,2.38314363799e-8,1.96780050032e-8,7.21484072486e-9,3.48290951635e-9,2.42373077164e-9,2.41064612716e-9,1.69201586075e-9,1.8334453955e-9,1.17044351988e-9,1.6504928535e-9,3.26966764774e-9,1.30021304834e-9,3.45791228984e-10,2.27511828821e-10,6.86604662015e-10,4.82358319953e-11,1.69078050172e-11,1.10630593228e-11,3.33325576342e-12,2.57072705137e-12,9.33512273558e-13,8.09644181126e-13,2.6801553598e-13,1.21451798813e-13,8.4569212798e-14]},"melbands_crest":{"dmean":3.09552383423,"dmean2":5.50727033615,"dvar":6.44763088226,"dvar2":21.2953701019,"max":27.1532268524,"mean":13.4941682816,"median":13.2703971863,"min":1.8198890686,"var":19.1705532074},"melbands_flatness_db":{"dmean":0.0228633005172,"dmean2":0.0391815342009,"dvar":0.000293044431601,"dvar2":0.000901749939658,"max":0.31589230895,"mean":0.186010420322,"median":0.184304580092,"min":0.00492659816518,"var":0.00156225543469},"melbands_kurtosis":{"dmean":3.15856122971,"dmean2":5.51514196396,"dvar":12.1338644028,"dvar2":36.7259216309,"max":49.5695953369,"mean":4.8573551178,"median":3.6067943573,"min":-1.73905742168,"var":26.7288017273},"melbands_skewness":{"dmean":0.578130960464,"dmean2":0.998778820038,"dvar":0.229046627879,"dvar2":0.704228520393,"max":6.6993060112,"mean":1.88181841373,"median":1.96315348148,"min":-1.01806843281,"var":1.25016987324},"melbands_spread":{"dmean":9.80784797668,"dmean2":16.2558364868,"dvar":85.7936553955,"dvar2":220.887359619,"max":154.236999512,"mean":33.7299003601,"median":29.4700012207,"min":5.83596467972,"var":315.054107666},"mfcc":{"cov":[[18837.9492188,2193.95361328,-245.197158813,750.702758789,-169.777648926,-93.5565109253,-55.5431137085,87.6822280884,293.561828613,281.151885986,-141.055007935,191.090194702,-300.148254395],[2193.95361328,925.268249512,-7.67233228683,-136.146575928,93.0901870728,65.9252243042,29.128288269,-14.1130800247,33.7752418518,54.8788070679,25.3088207245,-14.4175376892,24.4568367004],[-245.197158813,-7.67233228683,434.033569336,-25.6718597412,-187.970443726,72.986579895,31.5820178986,-23.5096893311,15.4282627106,44.7723007202,14.0285978317,58.3802719116,-19.1244544983],[750.702758789,-136.146575928,-25.6718597412,547.292480469,24.9660053253,-160.790496826,5.66131496429,40.0318832397,1.28886163235,-17.2352046967,29.1257534027,48.788143158,-30.1239757538],[-169.777648926,93.0901870728,-187.970443726,24.9660053253,386.497619629,14.9562110901,-118.375663757,-21.5226306915,-5.76655721664,-6.90829515457,24.6501750946,-13.5259819031,38.9972381592],[-93.5565109253,65.9252243042,72.986579895,-160.790496826,14.9562110901,320.87689209,39.0850448608,-127.49420929,-28.7712783813,24.2332897186,-4.90828514099,24.9240131378,-10.2546901703],[-55.5431137085,29.128288269,31.5820178986,5.66131496429,-118.375663757,39.0850448608,253.152206421,32.3346710205,-92.3098754883,-33.9655609131,8.73678588867,3.91649103165,30.3461837769],[87.6822280884,-14.1130800247,-23.5096893311,40.0318832397,-21.5226306915,-127.49420929,32.3346710205,216.276596069,34.3089561462,-80.7206420898,-25.6126270294,-29.8189544678,10.1308603287],[293.561828613,33.7752418518,15.4282627106,1.28886163235,-5.76655721664,-28.7712783813,-92.3098754883,34.3089561462,182.225250244,46.5044288635,-57.5123977661,-8.90808963776,-61.2347488403],[281.151885986,54.8788070679,44.7723007202,-17.2352046967,-6.90829515457,24.2332897186,-33.9655609131,-80.7206420898,46.5044288635,147.550765991,3.42263770103,-6.20096969604,-34.987991333],[-141.055007935,25.3088207245,14.0285978317,29.1257534027,24.6501750946,-4.90828514099,8.73678588867,-25.6126270294,-57.5123977661,3.42263770103,126.187980652,-0.000537884479854,10.3921670914],[191.090194702,-14.4175376892,58.3802719116,48.788143158,-13.5259819031,24.9240131378,3.91649103165,-29.8189544678,-8.90808963776,-6.20096969604,-0.000537884479854,138.850036621,-33.5209922791],[-300.148254395,24.4568367004,-19.1244544983,-30.1239757538,38.9972381592,-10.2546901703,30.3461837769,10.1308603287,-61.2347488403,-34.987991333,10.3921670914,-33.5209922791,190.283584595]],"icov":[[0.000116863695439,-0.000346287561115,0.000211536840652,-0.000285528105451,0.000299268896924,-0.000168928992935,0.000248394266237,-0.000225651747314,0.000149941173731,-0.000258312706137,0.000184170959983,-0.000166851852555,0.0000681712190271],[-0.000346287561115,0.00230154604651,-0.000661287165713,0.00120033801068,-0.00140477134846,0.000455402972875,-0.00137218239252,0.00056011491688,-0.00111177749932,0.000288577895844,-0.00103279866744,0.000356614793418,-0.000402510951972],[0.000211536840652,-0.000661287165713,0.00405755825341,-0.0006632359582,0.00264065293595,-0.00165814731736,0.00122983637266,-0.00147984607611,0.000100193748949,-0.00183490582276,-0.000748488935642,-0.00185497233178,-0.000617459532805],[-0.000285528105451,0.00120033801068,-0.0006632359582,0.0032109755557,-0.00138916389551,0.00196877797134,-0.00146550824866,0.00101816258393,-0.000873406184837,0.000840054359287,-0.0010122267995,-0.000520052912179,0.000244383263635],[0.000299268896924,-0.00140477134846,0.00264065293595,-0.00138916389551,0.00558630889282,-0.00199850834906,0.003517257981,-0.00157816079445,0.00130829191767,-0.00114500429481,-0.000383015227271,-0.000914316275157,-0.000961058423854],[-0.000168928992935,0.000455402972875,-0.00165814731736,0.00196877797134,-0.00199850834906,0.0062861260958,-0.00259230309166,0.00444207619876,-0.000959714525379,0.00208660936914,0.000603736029007,0.000220213682042,0.000825945578981],[0.000248394266237,-0.00137218239252,0.00122983637266,-0.00146550824866,0.003517257981,-0.00259230309166,0.00806741137058,-0.00345117994584,0.00473668240011,-0.00158190587536,0.00094311585417,-0.000513495178893,-0.000412137625972],[-0.000225651747314,0.00056011491688,-0.00147984607611,0.00101816258393,-0.00157816079445,0.00444207619876,-0.00345117994584,0.010810714215,-0.00405496824533,0.00656115729362,0.000420755794039,0.0022289075423,0.000393338908907],[0.000149941173731,-0.00111177749932,0.000100193748949,-0.000873406184837,0.00130829191767,-0.000959714525379,0.00473668240011,-0.00405496824533,0.0117195779458,-0.00417018309236,0.004409218207,0.000338748679496,0.00221539079212],[-0.000258312706137,0.000288577895844,-0.00183490582276,0.000840054359287,-0.00114500429481,0.00208660936914,-0.00158190587536,0.00656115729362,-0.00417018309236,0.0123564377427,-0.000921409169678,0.00239271810278,0.00115594360977],[0.000184170959983,-0.00103279866744,-0.000748488935642,-0.0010122267995,-0.000383015227271,0.000603736029007,0.00094311585417,0.000420755794039,0.004409218207,-0.000921409169678,0.0107325147837,0.000689401116688,0.000910800357815],[-0.000166851852555,0.000356614793418,-0.00185497233178,-0.000520052912179,-0.000914316275157,0.000220213682042,-0.000513495178893,0.0022289075423,0.000338748679496,0.00239271810278,0.000689401116688,0.00934510584921,0.00174226798117],[0.0000681712190271,-0.000402510951972,-0.000617459532805,0.000244383263635,-0.000961058423854,0.000825945578981,-0.000412137625972,0.000393338908907,0.00221539079212,0.00115594360977,0.000910800357815,0.00174226798117,0.00686012720689]],"mean":[-689.831726074,117.31665802,-17.0482215881,21.9856624603,8.41742706299,12.9091033936,8.2860326767,0.702508568764,-3.34161829948,-2.91587710381,-5.05363607407,-5.97212362289,-4.915807724]},"pitch_salience":{"dmean":0.0636018738151,"dmean2":0.107098169625,"dvar":0.00235411035828,"dvar2":0.0066287079826,"max":0.896692991257,"mean":0.558989882469,"median":0.565048217773,"min":0.25066486001,"var":0.00674610584974},"silence_rate_20dB":{"dmean":0,"dmean2":0,"dvar":0,"dvar2":0,"max":1,"mean":1,"median":1,"min":1,"var":0},"silence_rate_30dB":{"dmean":0,"dmean2":0,"dvar":0,"dvar2":0,"max":1,"mean":1,"median":1,"min":1,"var":0},"silence_rate_60dB":{"dmean":0.00582472840324,"dmean2":0.0116525422782,"dvar":0.0057907900773,"dvar2":0.0162836015224,"max":1,"mean":0.268660664558,"median":0,"min":0,"var":0.196479707956},"spectral_centroid":{"dmean":377.958740234,"dmean2":585.103271484,"dvar":107910.34375,"dvar2":236389.84375,"max":11801.6611328,"mean":1781.32775879,"median":1664.05566406,"min":379.358947754,"var":779374.8125},"spectral_complexity":{"dmean":2.84723329544,"dmean2":4.63612270355,"dvar":7.7699971199,"dvar2":19.7689361572,"max":46,"mean":19.0434093475,"median":22,"min":0,"var":141.110183716},"spectral_contrast_coeffs":{"dmean":[0.0460804849863,0.0418427139521,0.0406303666532,0.0425104275346,0.0336585640907,0.0245539676398],"dmean2":[0.0825845003128,0.0685190483928,0.0666003376245,0.0707804635167,0.0542239062488,0.0370295345783],"dvar":[0.00129478657618,0.00138902373146,0.00101974478457,0.00116644776426,0.000761500676163,0.000707432744093],"dvar2":[0.00426159286872,0.00352387083694,0.00280626653694,0.00320266373456,0.00184891652316,0.00144463090692],"max":[-0.39571672678,-0.488522022963,-0.57618021965,-0.61953997612,-0.576378703117,-0.508356571198],"mean":[-0.592818856239,-0.772765100002,-0.773017525673,-0.77767264843,-0.740748882294,-0.711951196194],"median":[-0.580944478512,-0.778531551361,-0.774199485779,-0.779215455055,-0.739011406898,-0.716684341431],"min":[-0.976618468761,-0.970140635967,-0.975365102291,-0.967020571232,-0.964272022247,-0.964405238628],"var":[0.0073349555023,0.00400803331286,0.00350492773578,0.00254290387966,0.00332303298637,0.00382487941533]},"spectral_contrast_valleys":{"dmean":[0.390536993742,0.318632334471,0.449850678444,0.526628136635,0.451854854822,0.197632580996],"dmean2":[0.707090079784,0.524748563766,0.693933010101,0.797664821148,0.679394066334,0.281814277172],"dvar":[0.111256912351,0.0903866589069,0.149099826813,0.172588318586,0.188186571002,0.062446154654],"dvar2":[0.327846258879,0.204221948981,0.330196768045,0.364346176386,0.381650477648,0.106607623398],"max":[-5.89705610275,-5.09728288651,-5.44671821594,-5.72332334518,-5.99771118164,-8.82202529907],"mean":[-8.08678913116,-7.56065940857,-7.70384120941,-7.85729122162,-8.30827045441,-11.5929059982],"median":[-7.4532699585,-6.86613130569,-7.18665504456,-7.37124347687,-7.79451274872,-11.3294715881],"min":[-27.8526592255,-27.961523056,-27.7205448151,-27.6223087311,-27.4578723907,-27.3390007019],"var":[4.27749729156,4.28186225891,4.17283964157,4.08715629578,4.18129730225,3.35646414757]},"spectral_decrease":{"dmean":1.53100832012e-9,"dmean2":2.70146305326e-9,"dvar":3.98686951821e-18,"dvar2":1.26081855087e-17,"max":1.22744402403e-28,"mean":-6.01312066806e-9,"median":-5.09292918949e-9,"min":-2.81866494589e-8,"var":2.91369242252e-17},"spectral_energy":{"dmean":0.00591526413336,"dmean2":0.0104332584888,"dvar":0.0000590760537307,"dvar2":0.000185663840966,"max":0.109669148922,"mean":0.0245024561882,"median":0.0212900973856,"min":1.02610753323e-20,"var":0.000469145888928},"spectral_energyband_high":{"dmean":0.000278902414721,"dmean2":0.000449785002274,"dvar":4.45718569608e-7,"dvar2":0.00000105544063445,"max":0.00963259581476,"mean":0.00071249937173,"median":0.000495646498166,"min":7.03268633675e-21,"var":8.63223135639e-7},"spectral_energyband_low":{"dmean":0.00438809581101,"dmean2":0.00792997796088,"dvar":0.0000426889419032,"dvar2":0.000139212905196,"max":0.0862511992455,"mean":0.0093592600897,"median":0.00513635389507,"min":2.33408022642e-23,"var":0.000133270848892},"spectral_energyband_middle_high":{"dmean":0.00172063242644,"dmean2":0.00283374264836,"dvar":0.00000457487976746,"dvar2":0.0000122352657854,"max":0.0253967735916,"mean":0.0068686096929,"median":0.00694062374532,"min":1.20783949751e-21,"var":0.0000330211660184},"spectral_energyband_middle_low":{"dmean":0.00307372095995,"dmean2":0.00515588186681,"dvar":0.0000188907197298,"dvar2":0.0000530272882315,"max":0.0598817244172,"mean":0.0112291416153,"median":0.00904196314514,"min":1.61684413641e-22,"var":0.00011390481086},"spectral_entropy":{"dmean":0.14981906116,"dmean2":0.236845180392,"dvar":0.0161545071751,"dvar2":0.0401170551777,"max":9.8130197525,"mean":7.38933944702,"median":7.41898536682,"min":5.93581104279,"var":0.0983637794852},"spectral_flux":{"dmean":0.0110490499064,"dmean2":0.0181622412056,"dvar":0.000148568389704,"dvar2":0.000397058960516,"max":0.206111937761,"mean":0.0766614824533,"median":0.0876984894276,"min":6.42136066542e-11,"var":0.00212815310806},"spectral_kurtosis":{"dmean":2.22325515747,"dmean2":3.62971878052,"dvar":4.73456382751,"dvar2":12.9293060303,"max":25.535736084,"mean":6.62551450729,"median":5.98126316071,"min":-1.25837934017,"var":12.609913826},"spectral_rms":{"dmean":0.000504412397277,"dmean2":0.00088964716997,"dvar":2.93869078405e-7,"dvar2":9.2663748319e-7,"max":0.0103438040242,"mean":0.00415345747024,"median":0.00455750245601,"min":3.1639855666e-12,"var":0.00000665356901663},"spectral_rolloff":{"dmean":631.270202637,"dmean2":1044.60717773,"dvar":387895.90625,"dvar2":942612.625,"max":19401.4160156,"mean":2053.93139648,"median":1744.18945313,"min":150.732421875,"var":2455452},"spectral_skewness":{"dmean":0.367740899324,"dmean2":0.559124529362,"dvar":0.109388329089,"dvar2":0.265395671129,"max":3.50574827194,"mean":1.64114964008,"median":1.66949129105,"min":-0.0733360052109,"var":0.338668614626},"spectral_spread":{"dmean":413202.09375,"dmean2":629003,"dvar":395116544000,"dvar2":833452310528,"max":42754944,"mean":3617782.75,"median":3386847.5,"min":1536754.375,"var":7239081394180},"spectral_strongpeak":{"dmean":0.430736243725,"dmean2":0.783215582371,"dvar":0.883822500706,"dvar2":2.61704421043,"max":12.9598646164,"mean":0.583852887154,"median":0.369965791702,"min":5.85880580162e-11,"var":0.67543721199},"zerocrossingrate":{"dmean":0.00830284971744,"dmean2":0.0108782239258,"dvar":0.0000526057629031,"dvar2":0.0000835756945889,"max":0.51953125,"mean":0.0710484087467,"median":0.06494140625,"min":0.02197265625,"var":0.0015949398512}},"metadata":{"audio_properties":{"analysis_sample_rate":44100,"bit_rate":199365,"codec":"mp3","downmix":"mix","equal_loudness":0,"length":87.6930618286,"lossless":false,"md5_encoded":"8bace8e5efaaf7ba639c304ca2b80a8e","replay_gain":-7.68119049072,"sample_rate":44100},"tags":{"acoustid_id":["4e20ee9e-9790-4d83-9816-c3d61befc2db"],"album":["Church of Hawkwind"],"albumartist":["Hawkwind"],"albumartistsort":["Hawkwind"],"artist":["Hawkwind"],"artistsort":["Hawkwind"],"asin":["B000025V5V"],"catalognumber":["SOL 3010.862"],"contentgroup":["Rock"],"date":["1994-06"],"discnumber":["1/1"],"file_name":"15 - The Last Messiah.mp3","genre":["Rock","Space Rock","Psychedelic Rock","Progressive Rock"],"label":["Sound"],"media":["CD"],"musicbrainz album release country":["DE"],"musicbrainz album status":["official"],"musicbrainz album type":["album"],"musicbrainz_albumartistid":["5a28f8c2-31fb-4047-ae57-c5c326989262"],"musicbrainz_albumid":["fe443335-3535-3ed1-910c-2c2a887b52b1"],"musicbrainz_artistid":["5a28f8c2-31fb-4047-ae57-c5c326989262"],"musicbrainz_recordingid":["b142dd5c-9a9c-49d8-a938-cef482c4606b"],"musicbrainz_releasegroupid":["58ae3bf1-88bf-31d2-9563-eb4ff95981c9"],"originaldate":["1994-03"],"script":["Latn"],"title":["The Last Messiah"],"tracknumber":["15/15"]},"version":{"essentia":"2.1-beta2","essentia_build_sha":"2d9f1f26377add8aeb1075a9c2973f962c4f09fd","essentia_git_sha":"v2.1_beta2-1-ge3940c0","extractor":"music 1.0"}},"rhythm":{"beats_count":218,"beats_loudness":{"dmean":0.00537214800715,"dmean2":0.00906086340547,"dvar":0.0000540780092706,"dvar2":0.000145623591379,"max":0.0903180763125,"mean":0.0233377553523,"median":0.020101454109,"min":6.91928958574e-9,"var":0.000423075573053},"beats_loudness_band_ratio":{"dmean":[0.122192837298,0.0991621613503,0.0866790264845,0.119820773602,0.100843131542,0.0661102756858],"dmean2":[0.19698973,0.160704672337,0.149850070477