{"lowlevel":{"average_loudness":0.90761744976,"barkbands":{"dmean":[0.000966812309343,0.007785116788,0.00161012483295,0.0017374161398,0.000940309546422,0.00101723452099,0.00161480077077,0.000366993452189,0.000682362471707,0.000953662965912,0.000585732981563,0.00036528299097,0.000271873112069,0.000255592545727,0.000399324460886,0.000263099878794,0.000162339638337,0.000197391040274,0.000159952192917,0.000169212449691,0.000132189452415,0.0000276181472145,0.0000316166006087,0.0000480104099552,0.0000459245638922,0.0000208461060538,0.00000404265892939],"dmean2":[0.00161435629707,0.0126203903928,0.00278291199356,0.00313139264472,0.00157580699306,0.00159468594939,0.00236635957845,0.000557717168704,0.0010567184072,0.0014761305647,0.000898294150829,0.000564386020415,0.000435551832197,0.000405170401791,0.000658943026792,0.000425098318374,0.000257031293586,0.000309037975967,0.000248952797847,0.000252760772128,0.000200559195946,0.0000423088386015,0.0000464560289402,0.000068098801421,0.0000668681386742,0.0000325997607433,0.00000650640549793],"dvar":[0.00000350242498826,0.000149029598106,0.000010061179637,0.000011880083548,0.00000245547221311,0.00000639502968625,0.0000110603687062,8.80990000951e-7,0.00000346000229001,0.00000427799886893,0.00000278654556496,0.00000137908398301,5.07480535816e-7,3.89376509702e-7,7.42698944123e-7,4.21838507236e-7,1.27033970898e-7,1.7099692684e-7,1.11816078174e-7,1.31793555624e-7,1.57493033726e-7,6.04125327541e-9,1.28721504566e-8,3.44177628619e-8,2.34871055937e-8,3.10402592518e-9,2.23024668178e-10],"dvar2":[0.0000105763174361,0.000418902462116,0.0000269574629783,0.0000334743053827,0.00000665212564854,0.0000151329331857,0.0000243798840529,0.00000195734401132,0.00000856224414747,0.0000103181218947,0.00000603688067713,0.00000296307121062,0.00000129232762447,9.12599944058e-7,0.00000190602997918,0.00000111559177185,2.94873700568e-7,3.92489369005e-7,2.52599079431e-7,2.80785656059e-7,3.45551029568e-7,1.33825279747e-8,2.64028283681e-8,5.51314336406e-8,5.11048199314e-8,7.63684671057e-9,6.0748533981e-10],"max":[0.0235218778253,0.0971072912216,0.0384923480451,0.0275259204209,0.021392216906,0.0807964205742,0.0627215057611,0.0298190508038,0.0551016740501,0.0504730865359,0.0353389643133,0.02902142331,0.0187757723033,0.0171987432986,0.0168273951858,0.0114989662543,0.0141586354002,0.00954390317202,0.00686982180923,0.011785899289,0.0130700562149,0.00245657982305,0.00427107419819,0.00616923719645,0.0043661207892,0.00131467729807,0.000599486578722],"mean":[0.00304353912361,0.019205417484,0.00220286543481,0.00198095198721,0.00212655472569,0.00194628024474,0.00307539966889,0.000657141732518,0.00130012107547,0.0020014392212,0.00133065076079,0.000554021040443,0.000409712840337,0.000410612177802,0.000668347929604,0.000481912167743,0.000321528146742,0.00041753257392,0.000340806000168,0.000387011183193,0.000329755130224,0.0000527560514456,0.0000554717917112,0.000103331294667,0.0000933559276746,0.0000343812025676,0.00000887890928425],"median":[0.00255440035835,0.0186072736979,0.0013705289457,0.00105520710349,0.00135719892569,0.000803465722129,0.00127083889674,0.000270932563581,0.000358815101208,0.000434476765804,0.000187805373571,0.000149240164319,0.000110423527076,0.000125432139612,0.000192897758097,0.000103995553218,0.000140883974382,0.000143936820677,0.000141766111483,0.000169197752257,0.0000845868853503,0.0000166662812262,0.0000145930289364,0.000032057549106,0.0000414163187088,0.0000123729087136,0.00000155847885708],"min":[1.03486589662e-24,2.19388075034e-24,1.14024982494e-24,1.38597733451e-24,9.23118404858e-24,1.3226716413e-23,4.92427802967e-24,5.75713370757e-24,2.2155709148e-23,1.87492641866e-23,1.84688935546e-23,2.93098050782e-23,3.30094396614e-23,4.36364562838e-23,4.86800889684e-23,8.00236721236e-23,6.95939969453e-23,1.03065781672e-22,1.26452598193e-22,1.99376326532e-22,2.65456920022e-22,2.92647276728e-22,4.31476673384e-22,6.61937148808e-22,8.80894239942e-22,1.33522622061e-21,2.00949595381e-21],"var":[0.00000972965699475,0.000303874141537,0.00000952071968641,0.00000977365380095,0.00000506634432895,0.0000122569099403,0.0000244224629569,0.00000175253376256,0.0000123775325847,0.0000167013058672,0.000014107627976,0.00000248230276156,8.45504700919e-7,7.29711359782e-7,0.00000145456272094,0.00000114154795483,3.71918190467e-7,5.12887595505e-7,3.32539372039e-7,4.6675168619e-7,5.06980825321e-7,1.0903396408e-8,2.49047165113e-8,8.50686632248e-8,4.65120280069e-8,4.76749395517e-9,2.57434212836e-10]},"barkbands_crest":{"dmean":2.80390620232,"dmean2":4.50707817078,"dvar":7.1767873764,"dvar2":18.4770622253,"max":26.4469470978,"mean":12.8468379974,"median":12.3731069565,"min":2.64812636375,"var":18.0853843689},"barkbands_flatness_db":{"dmean":0.0232601650059,"dmean2":0.0368741042912,"dvar":0.000688674103003,"dvar2":0.00164691091049,"max":0.558901131153,"mean":0.163429155946,"median":0.146039739251,"min":0.0216123573482,"var":0.00470166839659},"barkbands_kurtosis":{"dmean":4.47423601151,"dmean2":7.1023015976,"dvar":87.0701599121,"dvar2":196.137741089,"max":462.133300781,"mean":7.79219484329,"median":3.53056526184,"min":-1.85960972309,"var":246.119003296},"barkbands_skewness":{"dmean":0.614727735519,"dmean2":0.957905352116,"dvar":0.489511668682,"dvar2":1.11900866032,"max":17.5355796814,"mean":2.01240730286,"median":1.72598612309,"min":-2.17969846725,"var":1.87634563446},"barkbands_spread":{"dmean":4.4792509079,"dmean2":7.00050258636,"dvar":35.7181167603,"dvar2":78.9676361084,"max":137.728149414,"mean":18.961769104,"median":17.4727954865,"min":0.123842187226,"var":177.398529053},"dissonance":{"dmean":0.0218100938946,"dmean2":0.0366429015994,"dvar":0.00043597840704,"dvar2":0.00119178148452,"max":0.500000059605,"mean":0.450063079596,"median":0.458131313324,"min":0.227704122663,"var":0.00119976373389},"dynamic_complexity":3.10557413101,"erbbands":{"dmean":[0.3823992908,1.25109398365,1.66370081902,4.39452838898,3.78380537033,3.49300289154,3.3491973877,9.92680358887,23.9237728119,15.4062080383,7.90294599533,17.6925697327,22.4957561493,28.2879981995,22.5644512177,15.9767713547,12.1681871414,13.4887647629,17.3886241913,16.839258194,13.4057588577,7.77161550522,7.32468700409,10.6315555573,7.57670164108,8.21625232697,6.8139667511,3.35445523262,1.00188183784,0.828913271427,0.966278254986,0.990110576153,0.817864596844,0.546489655972,0.333088487387,0.114837706089,0.0355557315052,0.0058517656289,0.000691817782354,0.0000460635237687],"dmean2":[0.615883886814,2.04359173775,2.83472752571,7.97203779221,6.55219459534,5.72134876251,5.56527996063,15.5284147263,34.9077453613,22.8409538269,11.7968177795,27.1187705994,34.3595161438,43.5331306458,34.3745994568,25.1903591156,19.2807884216,21.276966095,28.3610210419,27.5001411438,21.6847457886,11.9093255997,11.433432579,16.6873455048,11.6455802917,12.359131813,10.3194656372,4.98622322083,1.52497673035,1.24416029453,1.42338931561,1.39920854568,1.16820430756,0.779948592186,0.505591332912,0.177515238523,0.056684859097,0.00945247989148,0.00111531361472,0.0000737771333661],"dvar":[0.372010350227,3.96468496323,9.98650932312,75.7741317749,54.0516815186,29.901889801,37.2071533203,649.483947754,2730.80883789,1299.79345703,434.200592041,2610.32739258,3008.68945312,4245.33398438,4282.68261719,2507.17529297,1025.53820801,976.048461914,1712.42370605,2094.28930664,1154.6394043,347.920440674,232.995147705,522.841491699,305.100738525,302.804077148,390.168701172,130.286682129,6.80148363113,6.02554512024,13.8941497803,16.7842884064,8.63618659973,2.71661973,2.04272055626,0.115970700979,0.00816491153091,0.000412813737057,0.00000540240353075,1.79869008576e-8],"dvar2":[1.04565680027,11.1926269531,25.9487018585,217.351318359,143.452774048,80.6842651367,97.798248291,1570.30969238,5936.38964844,2920.35473633,889.890991211,6544.56689453,7070.43261719,10223.9375,9268.67285156,5533.33154297,2542.69189453,2186.03125,4307.89111328,5630.41162109,3171.18383789,715.902709961,544.331848145,1247.85778809,639.364868164,633.819824219,878.440551758,272.474060059,14.6153793335,12.1815624237,30.0307006836,27.6218643188,14.7157144547,5.07840299606,5.058198452,0.265771061182,0.0209136772901,0.00114561349619,0.0000143558445416,4.748484983e-8],"max":[4.86126852036,19.4740867615,41.535118103,65.2845993042,93.0364151001,108.707603455,204.11769104,835.204040527,1000.76702881,1206.60095215,806.958862305,1451.73669434,1898.49072266,1095.72680664,1730.04150391,1387.17028809,807.855102539,994.153564453,1053.32250977,1206.93188477,785.128234863,1007.04656982,361.326812744,624.099914551,505.17010498,680.008483887,636.916259766,517.753845215,78.5636978149,77.7640533447,135.349365234,136.215637207,101.757156372,55.1217842102,46.7679786682,8.82592010498,1.80271172523,0.860615849495,0.0840476602316,0.00470498250797],"mean":[0.981542885303,2.55004167557,2.79942798615,5.00872993469,5.61238288879,8.26573753357,8.04271125793,18.9193973541,45.4422454834,30.7102336884,15.1591072083,34.8871269226,44.2469444275,62.2095146179,53.6016845703,26.7434120178,20.510848999,24.1575889587,30.2193889618,30.5016803741,27.1830291748,17.2363090515,17.1142177582,23.3735122681,17.8492889404,19.9111061096,17.1970176697,8.24886131287,2.21393966675,1.47977054119,1.70033037663,1.96131551266,1.77603089809,1.18482637405,0.577518463135,0.193829089403,0.0566580481827,0.0108024794608,0.00148115551565,0.000139044277603],"median":[0.870824038982,2.07686781883,2.0217165947,2.89682793617,3.8822081089,4.47089099884,4.61483001709,8.46220207214,17.6579036713,12.8276929855,7.04602527618,10.0495214462,13.7553100586,13.9441757202,10.0759420395,7.80087280273,6.68741989136,8.54448032379,9.24517536163,10.226849556,8.01010704041,7.89484643936,7.26613998413,8.69629096985,7.28305768967,8.55831050873,5.28885269165,2.08901667595,0.722069859505,0.439936250448,0.441067814827,0.511500000954,0.629759252071,0.540199100971,0.230345070362,0.0735258534551,0.018769511953,0.00327939586714,0.000297426944599,0.0000682452664478],"min":[1.26486525523e-22,5.0616203541e-22,1.56400820198e-21,3.59611116752e-21,2.10454409529e-20,2.52867158397e-20,3.88106519503e-20,1.04754075226e-19,1.16552113528e-19,1.23251707803e-19,2.28161124963e-19,3.72042264879e-19,5.17347034328e-19,7.26490708322e-19,1.29347586893e-18,9.93564580648e-19,1.95059300723e-18,2.99705403029e-18,2.74947308269e-18,4.31841508825e-18,3.98077278351e-18,3.98930680589e-18,5.10939041898e-18,6.45027252581e-18,6.77950199013e-18,9.76936947526e-18,9.35272935407e-18,1.0368981948e-17,1.02502947649e-17,1.24133199544e-17,1.06836687499e-17,9.43164238451e-18,1.14779143392e-17,9.33982285497e-18,5.64314566644e-18,4.88587339617e-18,2.28164392326e-18,9.92123528623e-19,2.49190227483e-19,2.81483358597e-20],"var":[0.808836996555,6.52029371262,11.4027271271,58.1988525391,50.227481842,100.092391968,88.5739364624,1158.87414551,5969.65917969,3513.47705078,976.115112305,9571.70019531,9858.65136719,16656.9101562,22413.2792969,4767.10058594,1904.57568359,2248.04541016,3310.72241211,4510.7109375,3622.02368164,1150.28344727,711.228210449,1476.32946777,1051.44580078,1294.19775391,1246.67626953,421.394500732,15.318821907,11.8149223328,25.1411914825,38.6188812256,21.7486724854,7.03901863098,2.65832304955,0.196382716298,0.0113586038351,0.000441633659648,0.00000672500846122,3.01577536277e-8]},"erbbands_crest":{"dmean":2.93977665901,"dmean2":4.69172239304,"dvar":7.27463769913,"dvar2":17.6337776184,"max":30.6430339813,"mean":11.228102684,"median":10.2091941833,"min":2.23918795586,"var":26.1112499237},"erbbands_flatness_db":{"dmean":0.0162519197911,"dmean2":0.0241527166218,"dvar":0.000279145315289,"dvar2":0.000592675933149,"max":0.412008225918,"mean":0.160303398967,"median":0.151428565383,"min":0.0361360646784,"var":0.00276908348314},"erbbands_kurtosis":{"dmean":1.2568962574,"dmean2":2.0031914711,"dvar":4.52924823761,"dvar2":11.4649581909,"max":56.7911376953,"mean":1.59012508392,"median":0.447981595993,"min":-1.81130731106,"var":13.6710548401},"erbbands_skewness":{"dmean":0.368753910065,"dmean2":0.567498147488,"dvar":0.138526365161,"dvar2":0.340425103903,"max":4.5634355545,"mean":0.641316056252,"median":0.557527601719,"min":-2.5251584053,"var":0.752996742725},"erbbands_spread":{"dmean":6.49585676193,"dmean2":9.89611339569,"dvar":56.0538063049,"dvar2":126.217468262,"max":132.662734985,"mean":32.5555000305,"median":30.5957069397,"min":1.95946514606,"var":268.661590576},"gfcc":{"cov":[[15731.1660156,-1498.51391602,-1133.32629395,1262.75488281,29.5741863251,802.812744141,352.639953613,556.523986816,190.622909546,115.27482605,-147.557662964,180.135192871,-52.7301101685],[-1498.51391602,1719.26013184,127.059944153,-274.676025391,154.659790039,-282.578796387,-99.5492248535,-92.1150512695,-101.578186035,-14.5288724899,96.7763137817,-156.001113892,129.820495605],[-1133.32629395,127.059944153,723.783813477,17.5750350952,-40.2541694641,116.824172974,-42.8106536865,-38.5082626343,118.735237122,-20.2103939056,32.426776886,65.123336792,-52.6180839539],[1262.75488281,-274.676025391,17.5750350952,463.75491333,120.941207886,106.361587524,91.638092041,58.1774520874,145.332519531,7.39556598663,-13.0715246201,49.2221221924,27.0424098969],[29.5741863251,154.659790039,-40.2541694641,120.941207886,378.796569824,79.2496795654,146.850479126,28.7877216339,62.2265701294,-13.4776229858,8.13809680939,26.180524826,46.1427841187],[802.812744141,-282.578796387,116.824172974,106.361587524,79.2496795654,341.834320068,130.282028198,36.9199790955,90.7588577271,-36.4777412415,8.66804218292,61.6672592163,-32.297908783],[352.639953613,-99.5492248535,-42.8106536865,91.638092041,146.850479126,130.282028198,284.239562988,40.5718040466,66.0221099854,-7.52705001831,18.5145359039,63.9883232117,7.76948642731],[556.523986816,-92.1150512695,-38.5082626343,58.1774520874,28.7877216339,36.9199790955,40.5718040466,226.660903931,19.8096523285,52.47108078,17.5615119934,-15.8903884888,51.0618476868],[190.622909546,-101.578186035,118.735237122,145.332519531,62.2265701294,90.7588577271,66.0221099854,19.8096523285,199.290603638,-10.3302755356,10.6249866486,48.8878097534,1.47691440582],[115.27482605,-14.5288724899,-20.2103939056,7.39556598663,-13.4776229858,-36.4777412415,-7.52705001831,52.47108078,-10.3302755356,130.955581665,48.8397941589,-2.84342050552,11.8139762878],[-147.557662964,96.7763137817,32.426776886,-13.0715246201,8.13809680939,8.66804218292,18.5145359039,17.5615119934,10.6249866486,48.8397941589,124.857810974,16.3773708344,24.1965560913],[180.135192871,-156.001113892,65.123336792,49.2221221924,26.180524826,61.6672592163,63.9883232117,-15.8903884888,48.8878097534,-2.84342050552,16.3773708344,123.830474854,-2.15720629692],[-52.7301101685,129.820495605,-52.6180839539,27.0424098969,46.1427841187,-32.297908783,7.76948642731,51.0618476868,1.47691440582,11.8139762878,24.1965560913,-2.15720629692,143.699493408]],"icov":[[0.000161581105203,-0.000171562467585,0.000425101374276,-0.000485087453853,0.000305341964122,-0.000541776942555,0.000154170673341,-0.000338774814736,0.0000810793644632,-0.000174765635165,0.000266720948275,-0.000465629040264,0.000315089913784],[-0.000171562467585,0.00145298219286,-0.00105360103771,0.00107808236498,-0.00123911176343,0.00152009434532,-0.000325449131196,0.000919977086596,0.0000460861992906,0.000666144187562,-0.00133638863917,0.00214743777178,-0.00133201875724],[0.000425101374276,-0.00105360103771,0.00323942047544,-0.0013098185882,0.00133709178772,-0.00242721103132,0.00131072208751,-0.00102761620656,-0.000976565177552,-0.000512064201757,0.000668234424666,-0.00269576720893,0.00175903399941],[-0.000485087453853,0.00107808236498,-0.0013098185882,0.00486911833286,-0.00183026818559,0.00160846242215,-0.000503453309648,0.00094723579241,-0.00222252751701,0.0000620707651251,-0.000313356809784,0.00167360296473,-0.00181238981895],[0.000305341964122,-0.00123911176343,0.00133709178772,-0.00183026818559,0.00486629223451,-0.00190385780297,-0.00123162579257,-0.000783196301199,-0.000250028708251,-0.000420885247877,0.00124218617566,-0.00159700540826,0.000223928611376],[-0.000541776942555,0.00152009434532,-0.00242721103132,0.00160846242215,-0.00190385780297,0.00706950156018,-0.00206709746271,0.000459387578303,-0.000645131396595,0.00251863780431,-0.00225213263184,0.00195259077009,-0.000406633713283],[0.000154170673341,-0.000325449131196,0.00131072208751,-0.000503453309648,-0.00123162579257,-0.00206709746271,0.00608332129195,-0.00109939556569,-0.000603784050327,0.000050690563512,-0.000258226238657,-0.00282851583324,0.000920961203519],[-0.000338774814736,0.000919977086596,-0.00102761620656,0.00094723579241,-0.000783196301199,0.000459387578303,-0.00109939556569,0.00695442641154,-0.000458638940472,-0.00210035196505,-0.000491636397783,0.00335417012684,-0.00325643341057],[0.0000810793644632,0.0000460861992906,-0.000976565177552,-0.00222252751701,-0.000250028708251,-0.000645131396595,-0.000603784050327,-0.000458638940472,0.00812886562198,0.000652192509733,-0.000520509493072,-0.00115904142149,0.000112764435471],[-0.000174765635165,0.000666144187562,-0.000512064201757,0.0000620707651251,-0.000420885247877,0.00251863780431,0.000050690563512,-0.00210035196505,0.000652192509733,0.011182657443,-0.00504417810589,0.000552378711291,0.000511296500918],[0.000266720948275,-0.00133638863917,0.000668234424666,-0.000313356809784,0.00124218617566,-0.00225213263184,-0.000258226238657,-0.000491636397783,-0.000520509493072,-0.00504417810589,0.0118707772344,-0.00286218826659,-0.00072931824252],[-0.000465629040264,0.00214743777178,-0.00269576720893,0.00167360296473,-0.00159700540826,0.00195259077009,-0.00282851583324,0.00335417012684,-0.00115904142149,0.000552378711291,-0.00286218826659,0.014267376624,-0.0028375799302],[0.000315089913784,-0.00133201875724,0.00175903399941,-0.00181238981895,0.000223928611376,-0.000406633713283,0.000920961203519,-0.00325643341057,0.000112764435471,0.000511296500918,-0.00072931824252,-0.0028375799302,0.0102441776544]],"mean":[-7.19134521484,102.757850647,-98.1774978638,21.2879810333,-42.5443534851,8.13590526581,-29.5741004944,21.3728313446,-26.8771419525,12.6449680328,-7.34434747696,-3.11230659485,2.22629451752]},"hfc":{"dmean":4.82075738907,"dmean2":7.01066398621,"dvar":43.6733589172,"dvar2":94.1210784912,"max":129.64831543,"mean":22.1846065521,"median":16.9952850342,"min":1.09234626192e-16,"var":349.499206543},"melbands":{"dmean":[0.00265856157057,0.00100238271989,0.000716528506018,0.0002345071116,0.000124878788483,0.000227195487241,0.000356212054612,0.000143000623211,0.000066535489168,0.000115128525067,0.00011494581122,0.000120985605463,0.0000829635173432,0.0000469824226457,0.0000333610951202,0.0000248963806371,0.000026966272344,0.0000281043485302,0.0000214822139242,0.0000230325913435,0.0000150813693836,0.00000919416743272,0.00000758035366744,0.00000913825351745,0.00000923500192584,0.00000732132593839,0.00000499051657243,0.00000560779835723,0.00000552447500013,0.00000346575257026,0.00000162825244843,6.00213866164e-7,5.07046195253e-7,4.70631363214e-7,5.97250846113e-7,5.7818130017e-7,6.62756804104e-7,6.16677027665e-7,5.70305587644e-7,4.49192725682e-7],"dmean2":[0.00428349105641,0.00166797195561,0.00128275423776,0.000392998335883,0.000206229306059,0.000353276933311,0.000517870415933,0.000213511331822,0.0000985978695098,0.000177756417543,0.000174298329512,0.000185945973499,0.000126067403471,0.0000727883307263,0.0000529797289346,0.0000396451796405,0.0000428725943493,0.0000457580972579,0.0000351467715518,0.0000372677604901,0.0000244543916779,0.0000140315032695,0.0000122303017633,0.0000141340469781,0.0000146025449794,0.0000114012382255,0.00000757710813559,0.0000084617831817,0.00000843638736114,0.00000530911529495,0.00000246071044785,9.4361422498e-7,7.77010200181e-7,7.18514684195e-7,9.07094090508e-7,8.42766894493e-7,9.77145532488e-7,8.99025565104e-7,8.45784711601e-7,6.46232194867e-7],"dvar":[0.0000172056479641,0.00000254582869275,0.00000195506777345,1.59712811865e-7,4.16073717702e-8,3.38327623695e-7,5.71578141262e-7,1.13341705799e-7,2.8905601468e-8,1.14421609965e-7,7.54736220188e-8,8.19702634658e-8,5.52150858368e-8,2.07019521525e-8,1.21223031613e-8,3.66930352769e-9,3.92047905251e-9,4.6155701483e-9,2.4517394781e-9,2.87999712967e-9,1.51557322248e-9,5.86068638064e-10,2.48817771942e-10,4.56391952008e-10,4.31188112993e-10,3.00244273888e-10,1.90661125776e-10,1.32859695468e-10,2.48631920607e-10,1.54835214095e-10,3.21501020251e-11,2.62735146139e-12,2.11187838051e-12,2.11658446846e-12,5.66830740331e-12,6.758439728e-12,7.25706517449e-12,5.3383105228e-12,3.03135858429e-12,1.82978805718e-12],"dvar2":[0.0000484749980387,0.00000673943077345,0.0000054550173445,4.29017632086e-7,1.09363242018e-7,7.88276850017e-7,0.00000123805170915,2.56678134747e-7,5.9694620802e-8,2.89319189051e-7,1.75834173888e-7,1.98198790713e-7,1.19622669104e-7,4.47377637158e-8,2.94026065717e-8,8.90715057267e-9,8.99962504519e-9,1.15782494703e-8,6.46302922291e-9,7.53123607922e-9,4.08943723329e-9,1.17052301185e-9,5.97418003956e-10,1.05693265251e-9,1.03253594563e-9,6.29469698588e-10,4.03759720102e-10,2.85180740134e-10,5.60839874542e-10,3.55801194063e-10,6.84627077252e-11,5.92913131786e-12,4.42486368726e-12,4.40870820753e-12,1.36802496414e-11,1.2862211296e-11,1.33766912477e-11,9.62536474136e-12,6.12650251711e-12,3.35185004752e-12],"max":[0.0324558839202,0.0169797781855,0.011612072587,0.00514082284644,0.00588264269754,0.0190940946341,0.0147891063243,0.0115453274921,0.00576692353934,0.0102682970464,0.00956370308995,0.00493216468021,0.00505087058991,0.00397830363363,0.00301567022689,0.00178687460721,0.00180794007611,0.00163014465943,0.000987225212157,0.00126941932831,0.000954886898398,0.00125790375751,0.000364821898984,0.000611926487181,0.000553345133085,0.000438247021521,0.000626914727036,0.000381955323974,0.000468207173981,0.000522405025549,0.000227499695029,0.0000577754508413,0.0000435182046203,0.0000591842072026,0.0000850187279866,0.0000981284756563,0.0000834077800391,0.0000748312086216,0.0000580191626796,0.0000475746819575],"mean":[0.00673168897629,0.00205551460385,0.000902971019968,0.000468243291834,0.000324625318171,0.000432047789218,0.000690108165145,0.000279052910628,0.000116611401609,0.000224393850658,0.000218988789129,0.000255179620581,0.000189915168448,0.0000815864477772,0.0000524605748069,0.0000400811222789,0.0000444373617938,0.0000463713004137,0.0000365840060113,0.0000408956511819,0.0000283788031084,0.0000180203205673,0.0000151169524543,0.0000190351875062,0.0000183219253813,0.000014901902432,0.0000108356898636,0.0000127573221107,0.0000124260268421,0.00000769747566665,0.00000353732002623,0.00000118811669836,8.60180477957e-7,7.84753751759e-7,9.65907474892e-7,0.00000103024990494,0.00000127297312247,0.00000126820395963,0.00000118380171443,9.24370908706e-7],"median":[0.00641614431515,0.00173345080111,0.000576279649977,0.000307432928821,0.000190606850083,0.000178911170224,0.000279579660855,0.000117326060717,0.0000486703720526,0.0000608153204666,0.0000623703526799,0.0000492047402076,0.0000296851867461,0.0000204290136026,0.0000152642533067,0.0000119496871775,0.0000121636776385,0.0000119914730021,0.0000120166896522,0.0000108125359475,0.00000803055081633,0.00000795311825641,0.00000543131682207,0.00000641453380013,0.0000061641371758,0.00000467069276056,0.000004425872703,0.00000531087698619,0.0000035766088331,0.00000180277334039,8.16366878098e-7,3.62081749472e-7,2.53324770938e-7,2.11067728628e-7,2.31325444133e-7,2.57324217046e-7,3.13148291298e-7,3.8602260588e-7,4.94361131587e-7,4.02913428843e-7],"min":[1.10570629616e-24,1.5312549449e-24,1.39371329898e-24,1.77948284771e-24,1.23449622058e-24,2.13120654028e-24,1.4717056101e-24,1.30703937639e-24,2.06025560161e-24,2.93815858986e-24,2.29664132173e-24,2.17004393758e-24,3.39174098859e-24,3.25147422267e-24,2.3645742758e-24,4.39234596583e-24,5.24509750463e-24,4.78867244563e-24,4.4821928842e-24,4.70751601342e-24,4.48415004811e-24,3.81878926191e-24,3.39262609052e-24,3.8434490538e-24,3.86384939124e-24,4.06994088045e-24,5.09253535543e-24,6.10411062686e-24,4.7596991623e-24,5.38240229506e-24,5.77773165467e-24,5.11567974553e-24,6.9560389893e-24,6.43662299259e-24,5.72050216258e-24,5.77214612503e-24,5.64700320318e-24,6.83168453393e-24,6.66491933856e-24,8.37444008474e-24],"var":[0.0000369056033378,0.00000398288966608,0.00000162229923717,2.37965551264e-7,1.35551445624e-7,6.50517051781e-7,0.00000127636928937,2.95137311923e-7,6.14314927816e-8,4.32134328321e-7,2.46258593961e-7,3.20308686241e-7,2.76794963838e-7,4.95234431241e-8,2.00856451471e-8,6.90445478568e-9,8.63527738204e-9,8.64298943526e-9,4.99799579501e-9,6.43912478893e-9,4.4691503831e-9,1.76335956947e-9,7.45670802882e-10,1.26962274027e-9,1.05874020662e-9,9.76996927804e-10,4.91263918434e-10,5.10958553246e-10,7.09056369175e-10,3.96606109065e-10,9.89443943444e-11,5.01753066179e-12,3.86372314351e-12,3.80057834162e-12,8.55792606919e-12,1.28992389686e-11,1.57972575993e-11,1.25993946179e-11,7.40207461297e-12,4.51355489442e-12]},"melbands_crest":{"dmean":3.93287229538,"dmean2":6.4099984169,"dvar":14.4906263351,"dvar2":38.0391349792,"max":34.0498352051,"mean":19.6647281647,"median":20.1315574646,"min":1.00281882286,"var":37.2712402344},"melbands_flatness_db":{"dmean":0.0282735805959,"dmean2":0.0445633940399,"dvar":0.00104095146526,"dvar2":0.00246464530937,"max":0.723494648933,"mean":0.255489945412,"median":0.23665560782,"min":2.0708804982e-7,"var":0.00685169734061},"melbands_kurtosis":{"dmean":8.13449954987,"dmean2":13.0138282776,"dvar":187.636489868,"dvar2":472.268554688,"max":291.18270874,"mean":15.3422632217,"median":9.22763633728,"min":-1.78618645668,"var":389.483276367},"melbands_skewness":{"dmean":0.796718001366,"dmean2":1.24680685997,"dvar":0.734584391117,"dvar2":1.76684713364,"max":12.4363794327,"mean":2.82346796989,"median":2.56091213226,"min":-0.739092588425,"var":2.39707612991},"melbands_spread":{"dmean":4.94933366776,"dmean2":7.88039636612,"dvar":48.7834396362,"dvar2":107.160736084,"max":221.676803589,"mean":17.8080940247,"median":14.833694458,"min":0.269311755896,"var":249.337249756},"mfcc":{"cov":[[10130.2402344,-1877.01672363,-716.742492676,549.714782715,134.45098877,424.189941406,314.066925049,609.260070801,445.262573242,468.007507324,-48.7564811707,158.945541382,26.9849529266],[-1877.01672363,1724.69836426,32.4969520569,-32.4428710938,62.906452179,-208.791320801,90.5158691406,-246.832000732,-61.0283470154,-152.732009888,47.3863601685,-23.4310112,35.5432662964],[-716.742492676,32.4969520569,760.764221191,-82.2518310547,48.0480079651,124.948867798,-156.090530396,81.9105758667,-50.8875236511,-4.0523109436,56.2150154114,12.5534887314,37.6553421021],[549.714782715,-32.4428710938,-82.2518310547,365.242889404,84.0153121948,16.8786735535,17.2505493164,21.9342422485,98.8557510376,21.9232349396,7.75515794754,55.5956726074,15.2934322357],[134.45098877,62.906452179,48.0480079651,84.0153121948,240.289245605,61.8275680542,1.59268522263,54.2453613281,67.6837997437,23.5668373108,15.2133255005,9.58067798615,15.4034748077],[424.189941406,-208.791320801,124.948867798,16.8786735535,61.8275680542,370.374206543,-13.1000671387,204.814498901,-6.02005529404,51.6729736328,20.789522171,-23.7323169708,20.9583587646],[314.066925049,90.5158691406,-156.090530396,17.2505493164,1.59268522263,-13.1000671387,233.463134766,20.1493453979,54.079082489,29.0859413147,10.3519821167,31.8239822388,25.773147583],[609.260070801,-246.832000732,81.9105758667,21.9342422485,54.2453613281,204.814498901,20.1493453979,286.753570557,66.4908370972,69.113822937,13.6546592712,-6.85490179062,21.5483856201],[445.262573242,-61.0283470154,-50.8875236511,98.8557510376,67.6837997437,-6.02005529404,54.079082489,66.4908370972,189.120574951,49.1709442139,3.28206467628,13.2769737244,-15.5503044128],[468.007507324,-152.732009888,-4.0523109436,21.9232349396,23.5668373108,51.6729736328,29.0859413147,69.113822937,49.1709442139,122.103927612,26.6286964417,14.9654941559,9.64042663574],[-48.7564811707,47.3863601685,56.2150154114,7.75515794754,15.2133255005,20.789522171,10.3519821167,13.6546592712,3.28206467628,26.6286964417,106.199661255,21.7725467682,26.4303436279],[158.945541382,-23.4310112,12.5534887314,55.5956726074,9.58067798615,-23.7323169708,31.8239822388,-6.85490179062,13.2769737244,14.9654941559,21.7725467682,113.993782043,36.0424308777],[26.9849529266,35.5432662964,37.6553421021,15.2934322357,15.4034748077,20.9583587646,25.773147583,21.5483856201,-15.5503044128,9.64042663574,26.4303436279,36.0424308777,103.208976746]],"icov":[[0.000175715395017,0.000126138489577,0.000136942733661,-0.000144646124681,-0.00000196456539925,-0.0000586693604419,-0.0000982424026006,-0.000151303946041,-0.0000917773941183,-0.000323133106576,0.000116995892313,-0.000119821626868,-0.0000213440107473],[0.000126138489577,0.000949358392972,-0.0000890160081326,-0.000126435959828,-0.000455464614788,0.000202865383471,-0.00071907317033,0.000459303118987,0.0000338181998814,0.000690242100973,-0.000470980099635,0.000492734019645,-0.000309096445562],[0.000136942733661,-0.0000890160081326,0.00202938914299,0.000499586574733,-0.000231186219025,-0.000477174966363,0.00144093064591,-0.000609917682596,-0.000141507160151,-0.0000702128236298,-0.00062152458122,-0.000905351131223,-0.000460108654806],[-0.000144646124681,-0.000126435959828,0.000499586574733,0.00395331904292,-0.000762741197832,-0.000600549508817,0.000869879033417,0.000554192869458,-0.00189888186287,0.000626368331723,-0.000108317784907,-0.00176507316064,-0.000484328367747],[-0.00000196456539925,-0.000455464614788,-0.000231186219025,-0.000762741197832,0.00545126479119,-0.000918113684747,0.000552271376364,-0.000114362323075,-0.00185591052286,-0.00037267972948,0.0000577118298679,-0.0000510952777404,-0.000628187553957],[-0.0000586693604419,0.000202865383471,-0.000477174966363,-0.000600549508817,-0.000918113684747,0.00537327444181,-0.000307457288727,-0.00352740753442,0.0022450350225,-0.000423798919655,-0.000531730474904,0.00140546204057,0.0000908901492949],[-0.0000982424026006,-0.00071907317033,0.00144093064591,0.000869879033417,0.000552271376364,-0.000307457288727,0.00652675935999,-0.000569669879042,-0.00173052260652,-0.000776935950853,-0.000162644326338,-0.00177047355101,-0.00144042610191],[-0.000151303946041,0.000459303118987,-0.000609917682596,0.000554192869458,-0.000114362323075,-0.00352740753442,-0.000569669879042,0.00780530273914,-0.0025874490384,-0.000725181773305,0.000209772013477,0.000801205809694,-0.00138783082366],[-0.0000917773941183,0.0000338181998814,-0.000141507160151,-0.00189888186287,-0.00185591052286,0.0022450350225,-0.00173052260652,-0.0025874490384,0.00931124575436,-0.00197978247888,-0.000033737931517,0.000387289124774,0.00260003190488],[-0.000323133106576,0.000690242100973,-0.0000702128236298,0.000626368331723,-0.00037267972948,-0.000423798919655,-0.000776935950853,-0.000725181773305,-0.00197978247888,0.0125615112484,-0.00310857594013,-0.000319766171742,-0.000297208200209],[0.000116995892313,-0.000470980099635,-0.00062152458122,-0.000108317784907,0.0000577118298679,-0.000531730474904,-0.000162644326338,0.000209772013477,-0.000033737931517,-0.00310857594013,0.0116064036265,-0.00146157608833,-0.00170594628435],[-0.000119821626868,0.000492734019645,-0.000905351131223,-0.00176507316064,-0.0000510952777404,0.00140546204057,-0.00177047355101,0.000801205809694,0.000387289124774,-0.000319766171742,-0.00146157608833,0.0121719520539,-0.00333759188652],[-0.0000213440107473,-0.000309096445562,-0.000460108654806,-0.000484328367747,-0.000628187553957,0.0000908901492949,-0.00144042610191,-0.00138783082366,0.00260003190488,-0.000297208200209,-0.00170594628435,-0.00333759188652,0.0127874165773]],"mean":[-657.667053223,142.659103394,3.53480505943,23.7354679108,10.5903244019,-6.9453420639,17.2595939636,-6.01438426971,8.97461414337,4.52495384216,-1.90920329094,4.57782030106,2.348736763]},"pitch_salience":{"dmean":0.0768385902047,"dmean2":0.123880796134,"dvar":0.00574065512046,"dvar2":0.014562622644,"max":0.995985865593,"mean":0.469047367573,"median":0.454752624035,"min":0.0454187728465,"var":0.016487069428},"silence_rate_20dB":{"dmean":0,"dmean2":0,"dvar":0,"dvar2":0,"max":1,"mean":1,"median":1,"min":1,"var":0},"silence_rate_30dB":{"dmean":0.00368459848687,"dmean2":0.00736987544224,"dvar":0.00367105798796,"dvar2":0.0104470998049,"max":1,"mean":0.997881531715,"median":1,"min":0,"var":0.00211399816908},"silence_rate_60dB":{"dmean":0.011790715158,"dmean2":0.0235836021602,"dvar":0.0116501301527,"dvar2":0.025785272941,"max":1,"mean":0.0425531901419,"median":0,"min":0,"var":0.0407469719648},"spectral_centroid":{"dmean":204.617004395,"dmean2":308.949249268,"dvar":71912.046875,"dvar2":139447.421875,"max":11666.6074219,"mean":1282.27502441,"median":1198.80578613,"min":108.168067932,"var":828634.5625},"spectral_complexity":{"dmean":2.86164331436,"dmean2":4.58903741837,"dvar":9.11371040344,"dvar2":20.9596385956,"max":52,"mean":17.4869670868,"median":18,"min":0,"var":80.3192672729},"spectral_contrast_coeffs":{"dmean":[0.0462708622217,0.0460799112916,0.040278583765,0.0334523245692,0.0235532019287,0.0170558225363],"dmean2":[0.0768141970038,0.0734577551484,0.0644638836384,0.0545819960535,0.0372107475996,0.0262784678489],"dvar":[0.00168085482437,0.00150299002416,0.00114588998258,0.000818105181679,0.000431976164691,0.000282789842458],"dvar2":[0.00434257695451,0.0036290246062,0.00284192757681,0.00209051836282,0.000974221038632,0.000606432731729],"max":[-0.328070759773,-0.345887422562,-0.470522403717,-0.540456056595,-0.560554504395,-0.585372745991],"mean":[-0.69385266304,-0.700584173203,-0.736656010151,-0.768752753735,-0.774382591248,-0.782797932625],"median":[-0.716752767563,-0.705006122589,-0.747250914574,-0.775371611118,-0.782600641251,-0.787310242653],"min":[-0.97651720047,-0.975479424,-0.973309636116,-0.973692953587,-0.976135194302,-0.964907586575],"var":[0.0088584991172,0.00651752902195,0.00742017338052,0.00489700259641,0.00419572833925,0.00200912565924]},"spectral_contrast_valleys":{"dmean":[0.338496893644,0.333437651396,0.326253175735,0.310830831528,0.249928504229,0.251578450203],"dmean2":[0.55596780777,0.550271987915,0.537958800793,0.513407766819,0.388743489981,0.34491571784],"dvar":[0.125051796436,0.110226117074,0.136847808957,0.158387050033,0.0972540825605,0.116119556129],"dvar2":[0.260639637709,0.227881371975,0.305336177349,0.351432532072,0.18258652091,0.201847806573],"max":[-5.17464160919,-4.85170984268,-5.12566757202,-5.66520929337,-5.9254899025,-7.38676214218],"mean":[-6.91063928604,-6.85724782944,-7.44999027252,-7.96880912781,-7.9241194725,-10.5350828171],"median":[-6.44026756287,-6.69699621201,-7.27731227875,-7.74708843231,-7.53026723862,-9.97829246521],"min":[-28.4433937073,-27.8500938416,-27.8539066315,-27.5457553864,-27.4128055573,-27.3354263306],"var":[2.96137952805,2.19264769554,2.23507285118,2.27211141586,2.60769414902,3.0421602726]},"spectral_decrease":{"dmean":2.86172396891e-9,"dmean2":4.58874449549e-9,"dvar":1.19831339235e-17,"dvar2":3.287190608e-17,"max":7.02541037854e-17,"mean":-1.10029985123e-8,"median":-1.07246362901e-8,"min":-3.35444489963e-8,"var":4.97185576028e-17},"spectral_energy":{"dmean":0.0110055301338,"dmean2":0.0175925046206,"dvar":0.000173267224454,"dvar2":0.000474353699246,"max":0.13153450191,"mean":0.0435399971902,"median":0.0422647483647,"min":1.01114889274e-20,"var":0.00077544641681},"spectral_energyband_high":{"dmean":0.000295303470921,"dmean2":0.000427192280767,"dvar":4.10839760434e-7,"dvar2":8.21986759547e-7,"max":0.0162070784718,"mean":0.000858804560266,"median":0.000395370443584,"min":7.28432695755e-21,"var":0.00000167594612321},"spectral_energyband_low":{"dmean":0.0093187475577,"dmean2":0.0152907613665,"dvar":0.000169756473042,"dvar2":0.000474042200949,"max":0.110422536731,"mean":0.0253532342613,"median":0.0246865935624,"min":1.39131492517e-23,"var":0.000428546743933},"spectral_energyband_middle_high":{"dmean":0.00193204334937,"dmean2":0.00294373580255,"dvar":0.0000090349058155,"dvar2":0.000020549096007,"max":0.0572158433497,"mean":0.00681735016406,"median":0.00345073384233,"min":1.24247304085e-21,"var":0.000061559578171},"spectral_energyband_middle_low":{"dmean":0.00444816797972,"dmean2":0.00703716464341,"dvar":0.0000373319853679,"dvar2":0.0000889090733835,"max":0.108519382775,"mean":0.0117149809375,"median":0.00938095524907,"min":1.73958786404e-22,"var":0.0000851392615004},"spectral_entropy":{"dmean":0.167459279299,"dmean2":0.260647147894,"dvar":0.0448899678886,"dvar2":0.113737776875,"max":9.82104969025,"mean":7.33806657791,"median":7.44061803818,"min":4.43591928482,"var":0.311305999756},"spectral_flux":{"dmean":0.0270000137389,"dmean2":0.0429039075971,"dvar":0.000770748651121,"dvar2":0.00175667193253,"max":0.303941130638,"mean":0.0870952382684,"median":0.0803648158908,"min":6.43398043176e-11,"var":0.00221968255937},"spectral_kurtosis":{"dmean":2.07955360413,"dmean2":3.40464496613,"dvar":36.3994522095,"dvar2":98.362953186,"max":263.816986084,"mean":7.42538022995,"median":5.01051235199,"min":-1.26815259457,"var":96.1581954956},"spectral_rms":{"dmean":0.000819568405859,"dmean2":0.00128998339642,"dvar":7.82151289513e-7,"dvar2":0.00000199265627998,"max":0.0113281216472,"mean":0.00606752606109,"median":0.00642136251554,"min":3.14083871758e-12,"var":0.0000056631993175},"spectral_rolloff":{"dmean":297.980438232,"dmean2":506.896789551,"dvar":411164,"dvar2":885653.5625,"max":19552.1484375,"mean":1023.86480713,"median":667.529296875,"min":64.599609375,"var":3077521.25},"spectral_skewness":{"dmean":0.232483536005,"dmean2":0.365886092186,"dvar":0.132481828332,"dvar2":0.335820883512,"max":12.3172111511,"mean":1.96746301651,"median":1.73731803894,"min":-0.0871623679996,"var":0.754186630249},"spectral_spread":{"dmean":479254.125,"dmean2":698552.0625,"dvar":511666257920,"dvar2":818289639424,"max":41899548,"mean":4702980.5,"median":4448091.5,"min":315888.84375,"var":7013189812220},"spectral_strongpeak":{"dmean":0.346168905497,"dmean2":0.616488099098,"dvar":0.609110057354,"dvar2":1.67528522015,"max":11.7958936691,"mean":0.594249904156,"median":0.307829350233,"min":0,"var":0.640081882477},"zerocrossingrate":{"dmean":0.00748326117173,"dmean2":0.00934733636677,"dvar":0.000100132114312,"dvar2":0.000122012403153,"max":0.55126953125,"mean":0.0449491292238,"median":0.03955078125,"min":0.00244140625,"var":0.00215103942901}},"metadata":{"audio_properties":{"analysis_sample_rate":44100,"bit_rate":0,"codec":"flac","downmix":"mix","equal_loudness":0,"length":252.066665649,"lossless":true,"md5_encoded":"628d3d5840e44eccf5e8df0e21ee7e6d","replay_gain":-15.4580287933,"sample_rate":44100},"tags":{"album":["This Is Acting"],"albumartist":["Sia"],"albumartistsort":["Sia"],"artist":["Sia"],"artistsort":["Sia"],"barcode":["9332727037054"],"catalognumber":["IR5241CD"],"date":["2016-01-29"],"discnumber":["1"],"disctotal":["1"],"file_name":"Disc_1_-_03_-_One_Million_Bullets.flac","label":["Inertia Recordings","Monkey Puzzle Records"],"language":["eng"],"media":["CD"],"musicbrainz_albumartistid":["2f548675-008d-4332-876c-108b0c7ab9c5"],"musicbrainz_albumid":["447ee379-ee74-446b-a91e-d2e29306affd"],"musicbrainz_artistid":["2f548675-008d-4332-876c-108b0c7ab9c5"],"musicbrainz_discid":["xYPjk9MKuMJB3vc0TViI12xs9oY-"],"musicbrainz_recordingid":["b1646244-f245-4549-8a86-0ce66989b6bf"],"musicbrainz_releasegroupid":["2eb49f55-ad2a-43fa-a54f-90d0759d7f62"],"musicbrainz_releasetrackid":["fe862189-6edb-4549-971b-98c98b7c52a2"],"musicbrainz_workid":["60552962-4585-4a7c-8f50-e5ebf03e7db1"],"originaldate":["2016-01-29"],"producer":["Jesse Shatkin"],"releasecountry":["AU"],"releasestatus":["official"],"releasetype":["album"],"script":["Latn"],"title":["One Million Bullets"],"totaldiscs":["1"],"totaltracks":["12"],"tracknumber":["3"],"tracktotal":["12"],"writer":["Sia"]},"version":{"essentia":"2.1-beta1","essentia_build_sha":"ca57ba49d9b1854bd80e60cf9ccf267278fb7d6b","essentia_git_sha":"v2.1_beta1-28-g21ef5f4-dirty","extractor":"music 1.0"}},"rhythm":{"beats_count":404,"beats_loudness":{"dmean":0.0139270266518,"dmean2":0.0230901166797,"dvar":0.00014189905778,"dvar2":0.000383141654311,"max":0.115074492991,"mean":0.0475930683315,"median":0.048164203763,"min":0,"var":0.000725016288925},"beats_loudness_band_rati