{"lowlevel":{"average_loudness":0.921123325825,"barkbands":{"dmean":[0.0000177093497769,0.000996353221126,0.000543739297427,0.000956854724791,0.00121122412384,0.000946993881371,0.000630919763353,0.000561050546821,0.000715319765732,0.000480333750602,0.000241769012064,0.000408697640523,0.000302925764117,0.000520427362062,0.000524022616446,0.000761341187172,0.000577303988393,0.000216334243305,0.000379479548428,0.000117394862173,0.000115350914712,0.0000847036935738,0.0000670076406095,0.0000422336524935,0.0000323094609485,0.0000199850364879,0.00000320073058901],"dmean2":[0.0000273649748124,0.00156313343905,0.00087271706434,0.00158253591508,0.00197675894015,0.00143993261736,0.000944508297835,0.000847275368869,0.00103181251325,0.000702667515725,0.000327293470036,0.000613469397649,0.000449757149909,0.000719712988939,0.000781783659477,0.00117088342085,0.000889457704034,0.000328567723045,0.000581797212362,0.00017555100203,0.000171192310518,0.000122911776998,0.0000941080288612,0.0000591254174651,0.0000434443936683,0.0000289270046778,0.00000458496106148],"dvar":[6.34225616469e-10,0.00000197152121473,8.49226239552e-7,0.00000301033901451,0.00000473721547678,0.00000415825752498,0.00000260950696429,0.00000291276478492,0.00000463569085696,0.00000306646825265,9.23766492633e-7,0.00000221827212954,7.37737991585e-7,0.0000032205819025,0.00000150758023665,0.00000378035178983,0.00000221842788051,2.17145242232e-7,8.64903313413e-7,5.81840602365e-8,5.75119898372e-8,3.87193246354e-8,4.79969664013e-8,1.95317753082e-8,8.49081338572e-9,3.08001402161e-9,5.12672439223e-11],"dvar2":[1.59895341412e-9,0.00000490161937705,0.00000224160021389,0.00000817136697151,0.0000123475847431,0.00000884953169589,0.00000536800280315,0.00000545083094039,0.00000959990939009,0.00000665026072966,0.0000013626429336,0.00000489125113745,0.0000014911222479,0.00000591667503613,0.00000295529525829,0.00000882653330336,0.0000051286147027,5.01573254041e-7,0.00000196648579731,1.2639371505e-7,1.2527543447e-7,8.35497289131e-8,9.66815676406e-8,3.71213673134e-8,1.43383731555e-8,6.641910133e-9,1.06167220848e-10],"max":[0.000317453028401,0.0248740874231,0.0173430163413,0.0245771016926,0.0322492346168,0.0739075019956,0.0757385715842,0.0703480318189,0.0553598329425,0.061740450561,0.0492109581828,0.0595651492476,0.0289947073907,0.0815258324146,0.0284764710814,0.0527887567878,0.0314493626356,0.010138599202,0.0233273021877,0.00451796175912,0.00761216087267,0.00660071941093,0.00806310307235,0.00430951360613,0.00277757365257,0.00219879602082,0.000183889540494],"mean":[0.0000330285583914,0.00166622712277,0.000971589062829,0.00133676500991,0.00216831243597,0.00188741157763,0.00128670968115,0.00104960007593,0.00133250607178,0.000920526857954,0.000469309306936,0.000721945543773,0.000533640093636,0.000912141113076,0.000889625283889,0.00134746578988,0.00103755434975,0.000364894629456,0.000713588262442,0.000206837969017,0.000220127520151,0.000141869139043,0.000127000574139,0.0000823344453238,0.0000582025459153,0.0000244504008151,0.00000418326544604],"median":[0.0000202320206881,0.00132177537307,0.000604255241342,0.000771544349845,0.00138011691161,0.00109108362813,0.000636135460809,0.00030100098229,0.000426481070463,0.000279111467535,0.0000891043018783,0.000264746893663,0.000227415483096,0.000245165429078,0.000308423390379,0.000312319869408,0.000294416968245,0.000154045294039,0.000215463820496,0.000117260911793,0.000117826850328,0.0000642425438855,0.0000450120023743,0.0000296653088299,0.0000214530737139,0.00000566580047234,0.00000138473819788],"min":[5.82098144684e-25,2.05252078099e-23,9.95090681748e-24,9.17565691832e-24,1.33988056306e-23,6.0390998108e-24,1.43156166192e-23,9.53193963528e-24,3.43567099579e-23,6.00942941109e-23,5.89553935339e-23,7.61693987149e-23,9.42402141241e-23,8.41384463359e-23,1.49053033987e-22,1.04571660342e-22,1.05222073003e-22,1.60317879362e-22,1.9564607468e-22,3.05143792722e-22,2.88676062579e-22,4.96864836325e-22,6.08384827697e-22,6.89865147259e-22,9.92457801679e-22,1.62283354706e-21,1.9734457425e-21],"var":[1.38949751705e-9,0.00000281234974864,0.00000123839822663,0.00000344575028066,0.00000691273771736,0.0000104286391434,0.00000577019591219,0.00000817358977656,0.000010715373719,0.00000809906759969,0.00000442151895186,0.00000442547434432,0.00000191872595678,0.00000905608339963,0.00000340956785294,0.00000777747482061,0.00000498197459819,4.30003353813e-7,0.00000192511265595,9.85623245242e-8,1.21449090784e-7,7.26763360603e-8,1.20967143857e-7,5.33440491779e-8,2.41601298967e-8,4.52658932559e-9,7.41415609462e-11]},"barkbands_crest":{"dmean":2.10218691826,"dmean2":3.25444459915,"dvar":4.13492202759,"dvar2":9.67558956146,"max":25.9906787872,"mean":8.25664424896,"median":7.43713092804,"min":2.61433410645,"var":12.3299179077},"barkbands_flatness_db":{"dmean":0.0175989344716,"dmean2":0.0239746198058,"dvar":0.00034793667146,"dvar2":0.000618784048129,"max":0.334750205278,"mean":0.108030185103,"median":0.101215071976,"min":0.0307487547398,"var":0.00154645228758},"barkbands_kurtosis":{"dmean":1.58318722248,"dmean2":2.35806488991,"dvar":16.6851634979,"dvar2":36.5162467957,"max":125.592758179,"mean":1.43654215336,"median":-0.103369764984,"min":-1.82416546345,"var":32.6399421692},"barkbands_skewness":{"dmean":0.429080575705,"dmean2":0.616907715797,"dvar":0.246611297131,"dvar2":0.483103692532,"max":11.0891895294,"mean":0.771990180016,"median":0.686101436615,"min":-3.54980301857,"var":1.15247106552},"barkbands_spread":{"dmean":5.0530090332,"dmean2":7.30334186554,"dvar":34.331615448,"dvar2":66.3223800659,"max":101.841644287,"mean":26.9316577911,"median":26.4215393066,"min":1.25786912441,"var":149.034606934},"dissonance":{"dmean":0.0148947453126,"dmean2":0.0244501437992,"dvar":0.000298247556202,"dvar2":0.000761456729379,"max":0.500000119209,"mean":0.470861405134,"median":0.479234695435,"min":0.223236963153,"var":0.000733762106393},"dynamic_complexity":2.45944166183,"erbbands":{"dmean":[0.0269289780408,0.234894663095,0.546760499477,1.85761320591,4.29656791687,3.64449620247,5.88157463074,7.88550186157,9.76642227173,8.83908748627,12.8939199448,14.7625808716,19.8329334259,8.27690505981,10.419093132,16.8047637939,13.8783931732,24.5905075073,26.1233444214,26.5468158722,40.9637794495,28.6284370422,13.705529213,18.1489315033,14.7874469757,4.91923236847,3.68017935753,5.61831712723,2.97172617912,2.41439032555,1.80464196205,1.15070271492,0.594957351685,0.390092223883,0.218713521957,0.122548148036,0.0285083353519,0.00495261978358,0.000563841313124,0.0000296525704471],"dmean2":[0.0426137782633,0.36857971549,0.875026643276,3.01488447189,7.33587360382,5.7715845108,9.02206420898,12.1531877518,14.3127317429,13.3796644211,19.3328723907,21.4664936066,28.4791183472,11.9579916,14.7223072052,24.5818977356,20.294713974,33.3282279968,38.8301544189,38.7112159729,63.0297241211,44.3087844849,20.4964485168,28.2091464996,22.2167778015,7.27915430069,5.39986133575,8.38974666595,4.26746273041,3.45951581001,2.48966860771,1.6565220356,0.824666857719,0.532713472843,0.29640635848,0.17983391881,0.0409850366414,0.00692794471979,0.000805992342066,0.0000427028171543],"dvar":[0.00130641204305,0.119276769459,0.821083128452,9.55002403259,81.6970825195,39.8993110657,160.953292847,285.192169189,455.87991333,915.094970703,1583.81176758,1936.2635498,5909.32324219,813.20300293,1143.49108887,4172.85595703,1344.76403809,8791.02636719,3406.41870117,3910.65063477,9780.88378906,6473.05566406,815.803222656,2545.46264648,1494.25927734,79.5521240234,50.7592391968,174.641998291,43.7426490784,53.2057266235,35.3440895081,19.4201755524,3.59598135948,1.3231317997,0.417295217514,0.124576561153,0.0061985659413,0.000111007284431,0.00000165722451584,3.51450801794e-9],"dvar2":[0.00335715082474,0.292009830475,2.12623596191,25.3886623383,221.112823486,98.0895996094,367.513153076,597.949707031,912.123535156,1729.1171875,2912.39892578,4149.57421875,12632.9785156,1482.23583984,2309.9140625,8646.93652344,2701.82910156,16447.0078125,6813.29492188,7586.14550781,22979.3789062,15177.8867188,1887.8840332,6139.78369141,3270.99536133,171.467453003,96.6612472534,412.837371826,91.7079315186,120.821617126,66.2844619751,39.9526329041,7.14141893387,2.2832801342,0.739466845989,0.273042738438,0.0132447341457,0.000219685272896,0.00000351166113433,7.68440511223e-9],"max":[0.462124526501,6.44116973877,13.9804315567,47.3968315125,139.713439941,139.757141113,526.927734375,486.358612061,751.313354492,1545.70983887,1746.43151855,1703.72338867,2403.20629883,1410.95556641,1156.36523438,2738.54663086,1220.96191406,4629.72314453,1274.26306152,2253.56445312,2561.09765625,2224.24902344,578.305908203,1350.2043457,1449.02734375,180.897293091,159.118896484,506.664337158,189.052947998,284.517944336,190.701965332,171.259689331,56.2904281616,37.519367218,22.8311042786,13.2577314377,3.11959266663,0.224203824997,0.0340739972889,0.00147173146252],"mean":[0.0467220544815,0.382544279099,1.06138622761,3.06076860428,5.68499803543,6.95769309998,12.0364627838,15.1891689301,20.1086387634,18.3654212952,24.7903995514,28.3454360962,41.0928344727,16.7886276245,21.0630207062,31.7566146851,27.3003826141,44.6644172668,47.6524620056,49.4696884155,76.4477615356,52.1429443359,26.3965682983,33.9569396973,27.2949104309,9.72283744812,7.16120052338,9.99123096466,5.20555019379,4.27947568893,3.3866276741,2.15266871452,1.16893362999,0.737265110016,0.362733364105,0.149655431509,0.0365439727902,0.0065012620762,0.000724403536879,0.0000595700621489],"median":[0.0316121987998,0.293736279011,0.738397359848,1.92573821545,3.1496348381,4.41648674011,6.86674642563,8.42495536804,9.17229938507,8.77629184723,7.70647573471,11.2493057251,9.4319896698,6.55653429031,7.48093509674,11.737154007,12.225725174,13.5896196365,18.5744171143,20.7623138428,22.4815139771,17.8605251312,12.807305336,11.4496555328,9.4985370636,6.16260433197,4.38764810562,4.62057113647,2.5926721096,1.5468173027,1.21502673626,0.734038710594,0.443560928106,0.289721101522,0.125122651458,0.0337134078145,0.00948980171233,0.00180038250983,0.000222736533033,0.0000407442676078],"min":[2.81212655866e-22,3.65975439539e-21,1.21228730987e-20,2.23975015914e-20,5.83224111902e-20,5.03180461276e-20,3.60179383371e-20,5.55368158539e-20,8.39199934594e-20,2.08849197696e-19,1.92929292551e-19,8.61742079702e-19,9.80138405331e-19,2.61975110351e-18,2.30795074828e-18,3.29238335837e-18,4.86868251509e-18,6.38598694373e-18,6.48948543634e-18,4.90627870111e-18,5.38080244003e-18,6.55397078253e-18,9.82219157482e-18,6.26543322767e-18,1.61127123633e-17,1.1493631598e-17,1.14664107384e-17,1.04962420308e-17,1.90296274815e-17,1.54083300214e-17,1.61285925767e-17,1.50653081475e-17,1.15265169905e-17,1.12981431767e-17,6.50996766907e-18,6.31625934041e-18,2.86627987737e-18,1.10853265623e-18,2.5496601611e-19,3.05652768302e-20],"var":[0.00219152960926,0.167221516371,1.23986577988,14.7126436234,73.1680984497,79.2028656006,434.823760986,649.111022949,1290.36022949,1984.06054688,4267.15917969,4194.58935547,17380.9101562,2835.55126953,3938.78686523,9137.57617188,3967.19677734,22888.6308594,8393.41796875,8588.00195312,20244.0351562,12431.2666016,1732.60839844,4692.41699219,3722.14575195,156.977630615,107.765541077,317.286529541,83.5244369507,106.712944031,95.0232849121,47.8306694031,9.5271396637,3.86717987061,1.04872453213,0.190093278885,0.00894628092647,0.000176579604158,0.00000232475099438,5.10396303e-9]},"erbbands_crest":{"dmean":2.58495664597,"dmean2":3.95981192589,"dvar":6.9138045311,"dvar2":15.1862039566,"max":31.617307663,"mean":9.97213935852,"median":8.69340229034,"min":2.41021108627,"var":27.9895362854},"erbbands_flatness_db":{"dmean":0.0179193597287,"dmean2":0.0242370311171,"dvar":0.000341343780747,"dvar2":0.00059856090229,"max":0.326695531607,"mean":0.157723456621,"median":0.153732031584,"min":0.0346530340612,"var":0.0019281586865},"erbbands_kurtosis":{"dmean":1.03761363029,"dmean2":1.57233762741,"dvar":3.14452242851,"dvar2":7.16909265518,"max":43.236541748,"mean":0.82352399826,"median":-0.0716059952974,"min":-1.75508308411,"var":7.02593326569},"erbbands_skewness":{"dmean":0.345251113176,"dmean2":0.497155696154,"dvar":0.126331180334,"dvar2":0.261735647917,"max":5.46871471405,"mean":-0.129214212298,"median":-0.0867350175977,"min":-3.9492623806,"var":0.805274009705},"erbbands_spread":{"dmean":6.77089929581,"dmean2":9.94874382019,"dvar":57.163646698,"dvar2":117.172309875,"max":132.035140991,"mean":33.7689361572,"median":32.2031440735,"min":2.54644703865,"var":254.988067627},"gfcc":{"cov":[[5095.34033203,-391.851776123,-374.825836182,-2.46964716911,-102.263504028,40.5580368042,-78.2772598267,91.1066360474,-90.3937911987,73.7141036987,-163.491394043,113.305984497,-95.1744613647],[-391.851776123,707.430358887,-24.0969295502,-20.5926151276,67.7422027588,16.6812667847,18.8882274628,4.89300680161,55.5722694397,-42.3766784668,100.785064697,-75.9642105103,63.9916381836],[-374.825836182,-24.0969295502,663.838684082,39.8921813965,-51.6706581116,162.895095825,-9.33660507202,-18.0880146027,-51.9669075012,1.0839496851,-12.3677511215,11.0313577652,4.00977134705],[-2.46964716911,-20.5926151276,39.8921813965,302.094482422,58.8079528809,-97.9661254883,-36.1378364563,19.7996196747,59.9555511475,12.1639223099,-3.19077181816,-13.1230382919,15.1271295547],[-102.263504028,67.7422027588,-51.6706581116,58.8079528809,200.336074829,-38.9607505798,-0.504324495792,23.6953830719,18.2047996521,16.6036891937,-3.01172494888,4.88543510437,4.39814043045],[40.5580368042,16.6812667847,162.895095825,-97.9661254883,-38.9607505798,313.494659424,48.6831817627,-7.44298791885,-40.4319801331,-33.1355895996,17.7959880829,3.12625050545,2.14885210991],[-78.2772598267,18.8882274628,-9.33660507202,-36.1378364563,-0.504324495792,48.6831817627,134.987548828,22.2440910339,-18.2078990936,3.15714025497,-2.06438732147,7.99303531647,-4.97124481201],[91.1066360474,4.89300680161,-18.0880146027,19.7996196747,23.6953830719,-7.44298791885,22.2440910339,108.704849243,44.5874481201,3.63871479034,0.0557545460761,-3.42251610756,1.71893036366],[-90.3937911987,55.5722694397,-51.9669075012,59.9555511475,18.2047996521,-40.4319801331,-18.2078990936,44.5874481201,116.7133255,30.2808761597,2.55398249626,-15.4184713364,17.3199195862],[73.7141036987,-42.3766784668,1.0839496851,12.1639223099,16.6036891937,-33.1355895996,3.15714025497,3.63871479034,30.2808761597,104.806854248,22.447435379,8.28206920624,1.89083743095],[-163.491394043,100.785064697,-12.3677511215,-3.19077181816,-3.01172494888,17.7959880829,-2.06438732147,0.0557545460761,2.55398249626,22.447435379,112.762924194,9.89798927307,10.1100549698],[113.305984497,-75.9642105103,11.0313577652,-13.1230382919,4.88543510437,3.12625050545,7.99303531647,-3.42251610756,-15.4184713364,8.28206920624,9.89798927307,88.048324585,9.73397922516],[-95.1744613647,63.9916381836,4.00977134705,15.1271295547,4.39814043045,2.14885210991,-4.97124481201,1.71893036366,17.3199195862,1.89083743095,10.1100549698,9.73397922516,71.3864440918]],"icov":[[0.000359158380888,-0.000336999102728,0.000509596138727,-0.000463429169031,0.000584765628446,-0.000544234237168,0.000792844395619,-0.00091830349993,0.0011552182259,-0.00112851639278,0.00120406143833,-0.000901005289052,0.000610131712165],[-0.000336999102728,0.00324808410369,-0.000982678146102,0.00153476104606,-0.00209998432547,0.00116240186617,-0.00201255897991,0.00205640844069,-0.00334338145331,0.0037480359897,-0.00447839731351,0.00381172122434,-0.00289982068352],[0.000509596138727,-0.000982678146102,0.00287157855928,-0.00178311462514,0.00165724172257,-0.00225146138109,0.00199813721702,-0.00185275846161,0.00333626288921,-0.00300101516768,0.00291939848103,-0.00197250582278,0.00105182011612],[-0.000463429169031,0.00153476104606,-0.00178311462514,0.00563780264929,-0.00253132707439,0.0025281382259,-0.00130052643362,0.00186171440873,-0.00455074058846,0.00330470851623,-0.00317953201011,0.00270106596872,-0.00204512663186],[0.000584765628446,-0.00209998432547,0.00165724172257,-0.00253132707439,0.00743667175993,-0.00127067312133,0.00204783352092,-0.00331774773076,0.00373250851408,-0.00424112053588,0.00415807776153,-0.00346741615795,0.00199862662703],[-0.000544234237168,0.00116240186617,-0.00225146138109,0.0025281382259,-0.00127067312133,0.00581871950999,-0.00310448696837,0.00195266888477,-0.00269716070034,0.00409170752391,-0.00381444185041,0.00235117296688,-0.00177128403448],[0.000792844395619,-0.00201255897991,0.00199813721702,-0.00130052643362,0.00204783352092,-0.00310448696837,0.0112637421116,-0.00539141800255,0.00594823015854,-0.00521624600515,0.00489800050855,-0.00372159155086,0.00241474993527],[-0.00091830349993,0.00205640844069,-0.00185275846161,0.00186171440873,-0.00331774773076,0.00195266888477,-0.00539141800255,0.0150593724102,-0.00959048140794,0.00565522583202,-0.00487292930484,0.00315888295881,-0.00151411164552],[0.0011552182259,-0.00334338145331,0.00333626288921,-0.00455074058846,0.00373250851408,-0.00269716070034,0.00594823015854,-0.00959048140794,0.019923184067,-0.010057721287,0.00729381106794,-0.00294415629469,0.000611600698903],[-0.00112851639278,0.0037480359897,-0.00300101516768,0.00330470851623,-0.00424112053588,0.00409170752391,-0.00521624600515,0.00565522583202,-0.010057721287,0.0180933699012,-0.00955769233406,0.00428372202441,-0.00302689732052],[0.00120406143833,-0.00447839731351,0.00291939848103,-0.00317953201011,0.00415807776153,-0.00381444185041,0.00489800050855,-0.00487292930484,0.00729381106794,-0.00955769233406,0.0177142117172,-0.00717311305925,0.00339947314933],[-0.000901005289052,0.00381172122434,-0.00197250582278,0.00270106596872,-0.00346741615795,0.00235117296688,-0.00372159155086,0.00315888295881,-0.00294415629469,0.00428372202441,-0.00717311305925,0.0175817161798,-0.00605270126835],[0.000610131712165,-0.00289982068352,0.00105182011612,-0.00204512663186,0.00199862662703,-0.00177128403448,0.00241474993527,-0.00151411164552,0.000611600698903,-0.00302689732052,0.00339947314933,-0.00605270126835,0.0182058941573]],"mean":[11.5137414932,82.4622879028,-124.353866577,31.7743854523,-52.1753349304,6.85982990265,-43.7050666809,6.21148920059,-18.9022293091,2.96356940269,-15.5077848434,-1.02234375477,-8.96548080444]},"hfc":{"dmean":7.45117330551,"dmean2":10.4755182266,"dvar":129.010650635,"dvar2":261.889038086,"max":170.660842896,"mean":23.7445106506,"median":20.1466636658,"min":1.15471528306e-16,"var":352.630126953},"melbands":{"dmean":[0.000263963564066,0.00026980866096,0.000386583938962,0.000299377221381,0.000180729475687,0.000178550777491,0.000143662109622,0.0000967209780356,0.000111121385999,0.0000955502255238,0.0000980432159849,0.0000332382769557,0.000034499062167,0.0000455772133137,0.0000391830799344,0.0000308791459247,0.000049731839681,0.0000423057535954,0.0000367455650121,0.0000538637723366,0.0000453150641988,0.0000340720471286,0.000021933374228,0.00000880610059539,0.0000167677771969,0.0000135094214784,0.00000678755213812,0.0000029575642202,0.0000025966312478,0.00000239217433773,0.00000389549177271,0.00000191135109162,0.00000134800222895,0.00000142146473081,0.0000011101627706,9.9598230463e-7,6.64742515255e-7,4.37304976231e-7,3.91725563986e-7,3.29128027943e-7],"dmean2":[0.000414000824094,0.000422920216806,0.000641138874926,0.000490786740556,0.000277733779512,0.000272748526186,0.000211363032577,0.000146325561218,0.000166051817359,0.000138035349664,0.000141056094435,0.0000488803707412,0.0000468387115689,0.0000688641739544,0.0000574555597268,0.0000450411425845,0.0000680275479681,0.0000627998597338,0.0000535943872819,0.0000815231906017,0.0000701328535797,0.0000532466474397,0.0000337186356774,0.0000131226070152,0.0000264878963208,0.0000203993877221,0.0000103473676063,0.00000449099570687,0.00000390922286897,0.00000355591009793,0.0000058900991462,0.00000280019685306,0.00000196426663024,0.00000208831647797,0.00000156999419687,0.00000149215941292,9.68719405137e-7,6.25826828582e-7,5.59085549412e-7,4.5830114459e-7],"dvar":[1.30042067781e-7,1.68674617385e-7,4.96428924635e-7,3.30049005015e-7,1.28111381059e-7,1.46402271639e-7,1.02628980869e-7,1.05824753405e-7,1.02630401955e-7,9.12463278269e-8,1.44336411267e-7,1.30273898336e-8,1.55653321343e-8,2.19438369697e-8,1.89513915672e-8,1.0354857416e-8,3.35211538527e-8,9.96799354169e-9,8.54464055067e-9,2.02204670785e-8,1.13909468524e-8,1.06388720056e-8,2.62470800649e-9,3.50204337751e-10,2.4301836099e-9,1.45626433135e-9,2.59670118741e-10,3.08821822281e-11,2.48978546113e-11,2.53188164878e-11,1.01860006541e-10,1.58229315067e-11,2.06721011836e-11,1.78607788281e-11,1.22692394439e-11,1.82888062333e-11,6.27511454257e-12,1.83654870825e-12,1.71147547089e-12,9.99595697014e-13],"dvar2":[3.28420242113e-7,4.20124763423e-7,0.00000133756043397,8.67505775659e-7,2.9319977557e-7,3.03574637428e-7,2.06037341854e-7,1.99399153189e-7,1.93080765598e-7,1.93234839685e-7,3.0766793202e-7,2.40542608054e-8,2.49474236824e-8,5.18308951314e-8,3.93873271776e-8,2.10114770027e-8,6.09707058175e-8,1.9271672258e-8,1.61642930152e-8,4.64618246099e-8,2.68628514988e-8,2.45841338398e-8,6.04159433593e-9,7.76764985666e-10,5.87884096959e-9,3.12029424521e-9,6.06579120266e-10,6.76519049114e-11,5.0970536819e-11,5.07494844759e-11,2.52242282617e-10,3.42635503303e-11,4.82409355518e-11,4.13643841402e-11,2.3187486653e-11,4.35246179376e-11,1.33616598688e-11,3.75490784299e-12,3.61385422455e-12,1.81533369066e-12],"max":[0.00532637955621,0.0075594955124,0.0105356816202,0.00794482138008,0.0139238936827,0.0111529985443,0.0106659140438,0.0161245837808,0.0116985179484,0.0107724256814,0.0116225974634,0.00521742645651,0.00456195371225,0.00379781308584,0.00605478137732,0.003169211559,0.00846494641155,0.00291118794121,0.00304349442013,0.00351702817716,0.00230776332319,0.00257662916556,0.000964663748164,0.000597047794145,0.00130042980891,0.00155062868726,0.000355585041689,0.00011012203322,0.00011373203597,0.00013083810336,0.000409009953728,0.0000907268986339,0.000218567744014,0.00013277232938,0.000116497059935,0.000192560735741,0.0000846321781864,0.0000324004904542,0.00005386594421,0.0000297935257549],"mean":[0.000445164449047,0.000539549684618,0.000600017432589,0.000474856817164,0.00039331507287,0.000348839530488,0.000298625644064,0.000198012290639,0.000213189952774,0.000179498703801,0.000199639733182,0.0000623875894235,0.0000689063599566,0.0000817170002847,0.0000711338725523,0.0000544471586181,0.0000870749354362,0.0000735621797503,0.0000616196048213,0.0000951218607952,0.0000819557972136,0.0000566790877201,0.000037771937059,0.0000161287262017,0.0000290918833343,0.0000233473565459,0.0000114650792966,0.00000533611364517,0.00000465751054435,0.00000411719429394,0.00000659252054902,0.00000310573682327,0.00000214527904063,0.00000241405177803,0.00000196705946109,0.00000169296026797,0.00000117088620755,8.17636873762e-7,7.15136422968e-7,5.89062665313e-7],"median":[0.000341202772688,0.000426715123467,0.000388693006244,0.000291250355076,0.000237452753936,0.000192133084056,0.000138189367135,0.0000868585411808,0.0000642391096335,0.000062807033828,0.0000432160159107,0.0000241503930738,0.0000173839289346,0.0000316685764119,0.0000286402919301,0.000021216003006,0.0000223019978876,0.0000250343455264,0.0000209628888115,0.0000233525206568,0.0000229805045819,0.0000150353125719,0.000012438932572,0.00000730446936359,0.00000769736652728,0.00000696121651345,0.00000506926107846,0.00000333037382916,0.0000027544472232,0.00000211004567063,0.00000270088162324,0.0000014262516288,7.28030727259e-7,8.07997935226e-7,6.90567901529e-7,5.78754168146e-7,3.70783368453e-7,2.98540868471e-7,2.73492418046e-7,2.28474277719e-7],"min":[3.80323686916e-24,5.43898925994e-24,5.60918876126e-24,3.69436302019e-24,1.31189767488e-24,1.12804575231e-24,1.74535968318e-24,2.24501668637e-24,1.89163520261e-24,5.75846096605e-24,4.9935652607e-24,1.08745690631e-23,7.86997536877e-24,8.28755415578e-24,9.2644534684e-24,1.04487616679e-23,1.11515759922e-23,9.21684334618e-24,7.78635374623e-24,7.05452117357e-24,5.00485741012e-24,5.88460731897e-24,9.53394570856e-24,8.00444302095e-24,3.79187253896e-24,8.23908338632e-24,1.10826476929e-23,4.80902032382e-24,5.80871692774e-24,8.14002533359e-24,5.11041607114e-24,8.9347340647e-24,8.62745538718e-24,6.95210809541e-24,8.73284483753e-24,9.42491408741e-24,8.74563227281e-24,6.67182976009e-24,9.82121098492e-24,9.37941811242e-24],"var":[1.92632356288e-7,2.68936162229e-7,5.67553911424e-7,4.17414298681e-7,3.61541793836e-7,3.48353722757e-7,2.80050954871e-7,2.56175638924e-7,2.77816695871e-7,1.95914026335e-7,4.25334036436e-7,4.22465475935e-8,7.08870331323e-8,4.180676072e-8,4.44887469087e-8,2.27006413667e-8,9.50553982193e-8,2.63649582166e-8,2.01591525695e-8,4.20984562766e-8,2.49290046384e-8,2.07529833318e-8,5.25790877504e-9,8.72646510608e-10,4.43205339096e-9,3.7472132064e-9,4.11239431397e-10,5.76835801347e-11,4.8979278966e-11,5.1355197872e-11,1.70197092531e-10,2.85261848865e-11,3.29626534401e-11,3.51141719868e-11,3.03853574246e-11,3.47483881946e-11,1.44264713023e-11,4.51674808666e-12,4.12386444437e-12,2.62881426696e-12]},"melbands_crest":{"dmean":2.61499166489,"dmean2":4.07833528519,"dvar":5.96934986115,"dvar2":14.4872493744,"max":39.2217712402,"mean":10.869137764,"median":10.0141992569,"min":1.58518517017,"var":16.4815158844},"melbands_flatness_db":{"dmean":0.0202158279717,"dmean2":0.0277243014425,"dvar":0.000449529325124,"dvar2":0.000825087365229,"max":0.456167727709,"mean":0.160670310259,"median":0.153677642345,"min":0.00468327756971,"var":0.00224650301971},"melbands_kurtosis":{"dmean":3.45687389374,"dmean2":5.24662017822,"dvar":79.0871734619,"dvar2":187.210922241,"max":309.635498047,"mean":5.80390739441,"median":2.53322076797,"min":-1.84898936749,"var":144.865875244},"melbands_skewness":{"dmean":0.515226781368,"dmean2":0.753648340702,"dvar":0.36179792881,"dvar2":0.771469652653,"max":15.7664384842,"mean":1.70327496529,"median":1.56042838097,"min":-1.93387079239,"var":1.55585765839},"melbands_spread":{"dmean":7.94595098495,"dmean2":11.7051019669,"dvar":96.5216522217,"dvar2":193.420715332,"max":207.727966309,"mean":36.0299491882,"median":32.5809936523,"min":1.0310343504,"var":408.59072876},"mfcc":{"cov":[[3725.88964844,-273.6277771,-398.238830566,30.4704170227,-127.712593079,0.739545822144,-75.7778396606,47.7760505676,35.958065033,-36.9932327271,9.47680854797,-24.1622714996,15.7773809433],[-273.6277771,634.734741211,-29.4589614868,-63.8993492126,47.8036804199,-9.44725322723,66.2209014893,-2.34608983994,-9.66763973236,37.5884780884,-2.14047908783,5.73761367798,11.925330162],[-398.238830566,-29.4589614868,633.311828613,-82.7782211304,46.9043312073,103.705741882,53.4872207642,27.7843399048,-14.9286289215,9.80549716949,-23.8516693115,-7.50686788559,-25.8922214508],[30.4704170227,-63.8993492126,-82.7782211304,384.808563232,67.1787414551,-86.3374786377,-77.3330612183,-56.483833313,59.6651000977,-18.4939441681,3.27221798897,41.8922843933,43.6652793884],[-127.712593079,47.8036804199,46.9043312073,67.1787414551,193.509674072,5.8208899498,-16.3226528168,4.4279499054,13.6569280624,9.81118202209,-0.580515921116,10.2648677826,2.69750595093],[0.739545822144,-9.44725322723,103.705741882,-86.3374786377,5.8208899498,156.804473877,56.3245887756,20.124376297,-8.92929553986,-4.48684167862,-2.55952119827,-16.9822731018,-21.2766819],[-75.7778396606,66.2209014893,53.4872207642,-77.3330612183,-16.3226528168,56.3245887756,147.983917236,39.3516998291,-23.3831729889,5.12005472183,2.34047722816,-8.87921142578,-5.02831459045],[47.7760505676,-2.34608983994,27.7843399048,-56.483833313,4.4279499054,20.124376297,39.3516998291,127.549964905,9.44302082062,-6.34394407272,12.3930854797,-17.8480758667,-21.2725028992],[35.958065033,-9.66763973236,-14.9286289215,59.6651000977,13.6569280624,-8.92929553986,-23.3831729889,9.44302082062,111.307479858,27.9591617584,-8.03983974457,12.7323036194,4.0494556427],[-36.9932327271,37.5884780884,9.80549716949,-18.4939441681,9.81118202209,-4.48684167862,5.12005472183,-6.34394407272,27.9591617584,93.7754364014,18.5802230835,-3.54692649841,4.78300476074],[9.47680854797,-2.14047908783,-23.8516693115,3.27221798897,-0.580515921116,-2.55952119827,2.34047722816,12.3930854797,-8.03983974457,18.5802230835,93.5441665649,18.287027359,-15.4948921204],[-24.1622714996,5.73761367798,-7.50686788559,41.8922843933,10.2648677826,-16.9822731018,-8.87921142578,-17.8480758667,12.7323036194,-3.54692649841,18.287027359,79.7353057861,32.8757629395],[15.7773809433,11.925330162,-25.8922214508,43.6652793884,2.69750595093,-21.2766819,-5.02831459045,-21.2725028992,4.0494556427,4.78300476074,-15.4948921204,32.8757629395,92.9089508057]],"icov":[[0.000311744224746,0.000109366003016,0.000207473727642,-0.0000126559789351,0.000155305984663,-0.000186117744306,0.000159229748533,-0.000191233790247,-0.0000562945788261,0.0000357434983016,-0.00000727193537386,0.0000887745482032,-0.000117519666674],[0.000109366003016,0.00187515839934,0.000263672962319,0.000436783360783,-0.000671413261443,0.000470173952635,-0.0009831096977,0.000292343291221,-0.0000135362633955,-0.000518102082424,0.000193287211005,-0.000176228320925,-0.000128305240651],[0.000207473727642,0.000263672962319,0.00204498483799,0.000112891604658,-0.000404062157031,-0.00113683158997,-0.000157480622875,-0.000371684320271,0.000384386861697,-0.000576428079512,0.000863959430717,-0.000593776290771,0.000472653278848],[-0.0000126559789351,0.000436783360783,0.000112891604658,0.00437666894868,-0.00165920879226,0.00184040435124,0.000152705630171,0.00184796075337,-0.0026538760867,0.00216081226245,-0.00123221462127,0.0000976420196821,-0.001414008555],[0.000155305984663,-0.000671413261443,-0.000404062157031,-0.00165920879226,0.00633775722235,-0.00122496706899,0.00128456845414,-0.0013426898513,0.000652234361041,-0.00120069971308,0.000593437929638,-0.000776948174462,0.000431836699136],[-0.000186117744306,0.000470173952635,-0.00113683158997,0.00184040435124,-0.00122496706899,0.00933592859656,-0.0031403824687,0.00120117724873,-0.00153200502973,0.00167711044196,-0.000772772938944,0.00119230314158,0.000497756351251],[0.000159229748533,-0.0009831096977,-0.000157480622875,0.000152705630171,0.00128456845414,-0.0031403824687,0.00986722763628,-0.00302396528423,0.0021111543756,-0.00122520886362,0.000420600408688,-0.000596468918957,-0.000679051212501],[-0.000191233790247,0.000292343291221,-0.000371684320271,0.00184796075337,-0.0013426898513,0.00120117724873,-0.00302396528423,0.0106961270794,-0.00350239663385,0.00299221673049,-0.00283035845496,0.00265673082322,0.000208754921914],[-0.0000562945788261,-0.0000135362633955,0.000384386861697,-0.0026538760867,0.000652234361041,-0.00153200502973,0.0021111543756,-0.00350239663385,0.0131508661434,-0.00601312890649,0.00393346743658,-0.00363324489444,0.00198625866324],[0.0000357434983016,-0.000518102082424,-0.000576428079512,0.00216081226245,-0.00120069971308,0.00167711044196,-0.00122520886362,0.00299221673049,-0.00601312890649,0.0149843255058,-0.00529950950295,0.0039250953123,-0.00286006322131],[-0.00000727193537386,0.000193287211005,0.000863959430717,-0.00123221462127,0.000593437929638,-0.000772772938944,0.000420600408688,-0.00283035845496,0.00393346743658,-0.00529950950295,0.014722622931,-0.00632256967947,0.00477081816643],[0.0000887745482032,-0.000176228320925,-0.000593776290771,0.0000976420196821,-0.000776948174462,0.00119230314158,-0.000596468918957,0.00265673082322,-0.00363324489444,0.0039250953123,-0.00632256967947,0.0184267684817,-0.00695066899061],[-0.000117519666674,-0.000128305240651,0.000472653278848,-0.001414008555,0.000431836699136,0.000497756351251,-0.000679051212501,0.000208754921914,0.00198625866324,-0.00286006322131,0.00477081816643,-0.00695066899061,0.0150242317468]],"mean":[-630.403015137,113.379745483,-9.7995557785,23.2532863617,9.051902771,1.91133546829,-7.84399175644,-1.92467391491,-1.21419894695,1.28055226803,-1.83871722221,-0.0480663776398,-1.03276968002]},"pitch_salience":{"dmean":0.0634098872542,"dmean2":0.0993920862675,"dvar":0.00358657701872,"dvar2":0.00849311985075,"max":0.850010812283,"mean":0.575275123119,"median":0.583440244198,"min":0.0367643944919,"var":0.0118153560907},"silence_rate_20dB":{"dmean":0,"dmean2":0,"dvar":0,"dvar2":0,"max":1,"mean":1,"median":1,"min":1,"var":0},"silence_rate_30dB":{"dmean":0,"dmean2":0,"dvar":0,"dvar2":0,"max":1,"mean":1,"median":1,"min":1,"var":0},"silence_rate_60dB":{"dmean":0.0126377185807,"dmean2":0.025279533118,"dvar":0.0124780070037,"dvar2":0.0301501210779,"max":1,"mean":0.024137372151,"median":0,"min":0,"var":0.0235547591001},"spectral_centroid":{"dmean":227.30255127,"dmean2":328.508331299,"dvar":75722.0546875,"dvar2":150678.046875,"max":11236.8515625,"mean":1636.18493652,"median":1598.05187988,"min":221.371658325,"var":438541.96875},"spectral_complexity":{"dmean":3.92384958267,"dmean2":5.62307548523,"dvar":17.2314014435,"dvar2":30.5845527649,"max":63,"mean":20.597278595,"median":20,"min":0,"var":76.3500442505},"spectral_contrast_coeffs":{"dmean":[0.0507888495922,0.0463522933424,0.0383743233979,0.0341903939843,0.0254600085318,0.0173820368946],"dmean2":[0.081841185689,0.0735932141542,0.0600674673915,0.0521043799818,0.0384960323572,0.0265483763069],"dvar":[0.00187831115909,0.00149919162504,0.00108208169695,0.000851344142575,0.000534518796485,0.000271122495178],"dvar2":[0.00497493101284,0.0036308481358,0.00244049285538,0.0018641804345,0.00111650815234,0.000587695976719],"max":[-0.335778772831,-0.390673965216,-0.434124290943,-0.481485933065,-0.555714428425,-0.585789501667],"mean":[-0.6589833498,-0.7199472785,-0.754697263241,-0.744039297104,-0.755284667015,-0.759818553925],"median":[-0.665567874908,-0.727336764336,-0.768368840218,-0.750980198383,-0.758463561535,-0.761125922203],"min":[-0.982864201069,-0.973402619362,-0.971150457859,-0.96931219101,-0.962395489216,-0.961477160454],"var":[0.00499166129157,0.00518707791343,0.00601407000795,0.0046102097258,0.00343492999673,0.00165003945585]},"spectral_contrast_valleys":{"dmean":[0.384769588709,0.360213637352,0.36442181468,0.324246257544,0.308020353317,0.28347080946],"dmean2":[0.588430047035,0.559087097645,0.54335552454,0.472374081612,0.410097688437,0.34517544508],"dvar":[0.1282851547,0.119206927717,0.130936950445,0.111604779959,0.109585352242,0.0998741164804],"dvar2":[0.27280536294,0.25430727005,0.256007045507,0.212119534612,0.179223358631,0.148179456592],"max":[-5.71658086777,-5.14819288254,-5.30932712555,-5.21038484573,-5.73700809479,-7.58922100067],"mean":[-7.28782987595,-6.69693183899,-7.44512701035,-7.54370927811,-7.57475805283,-10.031993866],"median":[-7.09324502945,-6.58357572556,-7.34776830673,-7.43845272064,-7.46352767944,-9.99956703186],"min":[-27.6917266846,-27.45221138,-27.2417926788,-27.3507728577,-27.4356498718,-27.3908882141],"var":[0.874898135662,0.826735913754,0.856168150902,0.790946245193,0.84049063921,0.826087892056]},"spectral_decrease":{"dmean":1.3608512095e-9,"dmean2":1.97858351925e-9,"dvar":2.96810291565e-18,"dvar2":6.46773430854e-18,"max":1.39640778398e-28,"mean":-4.86301532376e-9,"median":-4.44657910492e-9,"min":-2.38886617154e-8,"var":8.65061927731e-18},"spectral_energy":{"dmean":0.00569263426587,"dmean2":0.00822751130909,"dvar":0.00005236391371,"dvar2":0.000113021225843,"max":0.0955026373267,"mean":0.0205078460276,"median":0.0188543330878,"min":1.07668962769e-20,"var":0.000152877502842},"spectral_energyband_high":{"dmean":0.00034118592157,"dmean2":0.00046261571697,"dvar":5.27585825694e-7,"dvar2":9.44794010138e-7,"max":0.0225086323917,"mean":0.000749293831177,"median":0.000428917846875,"min":7.65994450383e-21,"var":0.00000146174147631},"spectral_energyband_low":{"dmean":0.00147435907274,"dmean2":0.00222561066039,"dvar":0.00000371108012587,"dvar2":0.00000889624516276,"max":0.0321458429098,"mean":0.00334765110165,"median":0.0029029045254,"min":4.52407437741e-23,"var":0.00000759236354497},"spectral_energyband_middle_high":{"dmean":0.00269407359883,"dmean2":0.0037979579065,"dvar":0.0000203346226044,"dvar2":0.0000426509250246,"max":0.0879067108035,"mean":0.0076758954674,"median":0.00541130499914,"min":1.57187207235e-21,"var":0.0000612476142123},"spectral_energyband_middle_low":{"dmean":0.00347814103588,"dmean2":0.00526734720916,"dvar":0.0000267620398517,"dvar2":0.0000608934024058,"max":0.0844858512282,"mean":0.00966604147106,"median":0.00759647227824,"min":2.31420159425e-22,"var":0.0000658450662741},"spectral_entropy":{"dmean":0.162847265601,"dmean2":0.213697746396,"dvar":0.0279935635626,"dvar2":0.0461355224252,"max":9.81073188782,"mean":7.55814647675,"median":7.58021306992,"min":5.84121131897,"var":0.154674008489},"spectral_flux":{"dmean":0.0202543269843,"dmean2":0.0307630337775,"dvar":0.00047798777814,"dvar2":0.00101703358814,"max":0.250667065382,"mean":0.0708183124661,"median":0.0641615241766,"min":6.69830857447e-11,"var":0.00132384954486},"spectral_kurtosis":{"dmean":1.25445604324,"dmean2":2.04557704926,"dvar":1.69793450832,"dvar2":4.38508701324,"max":22.0410575867,"mean":4.65441513062,"median":4.38828754425,"min":-1.27474021912,"var":4.96010875702},"spectral_rms":{"dmean":0.000601424952038,"dmean2":0.000846326642204,"dvar":4.50550970754e-7,"dvar2":9.1091970944e-7,"max":0.00965263228863,"mean":0.0042617302388,"median":0.00428887782618,"min":3.24103200874e-12,"var":0.00000184531108971},"spectral_rolloff":{"dmean":407.989990234,"dmean2":648.550354004,"dvar":587932,"dvar2":1143121.5,"max":19422.9492188,"mean":2014.76550293,"median":1894.921875,"min":21.533203125,"var":1789961.875},"spectral_skewness":{"dmean":0.181783825159,"dmean2":0.277321130037,"dvar":0.0295487027615,"dvar2":0.065579816699,"max":3.65197300911,"mean":1.54965293407,"median":1.5184442997,"min":-0.0675651952624,"var":0.145845577121},"spectral_spread":{"dmean":472491.6875,"dmean2":659475.4375,"dvar":492046155776,"dvar2":914038587392,"max":43108152,"mean":4416638,"median":4117364.75,"min":1791869.125,"var":2646794305540},"spectral_strongpeak":{"dmean":1.05317854881,"dmean2":1.73194038868,"dvar":2.90693569183,"dvar2":6.62382888794,"max":22.017370224,"mean":2.07719731331,"median":0.784472584724,"min":0,"var":7.39242076874},"zerocrossingrate":{"dmean":0.00993674527854,"dmean2":0.0109565379098,"dvar":0.00021128996741,"dvar2":0.000250415236223,"max":0.5126953125,"mean":0.0731724202633,"median":0.06982421875,"min":0,"var":0.00114636903163}},"metadata":{"audio_properties":{"analysis_sample_rate":44100,"bit_rate":0,"codec":"flac","downmix":"mix","equal_loudness":0,"length":143.293334961,"lossless":true,"md5_encoded":"11b9974148c2ad960563596df99afdbf","replay_gain":-7.62461662292},"tags":{"acoustid_id":["fe5b26ac-c941-48f7-885f-b77f55c97eef"],"album":["Original Album Series"],"albumartist":["ZZ Top"],"albumartistsort":["ZZ Top"],"artist":["ZZ Top"],"artists":["ZZ Top"],"artistsort":["ZZ Top"],"asin":["B007WOFXB8"],"barcode":["081227977559"],"catalognumber":["R2 527527"],"date":["2012-09-11"],"discnumber":["4"],"discsubtitle":["Degüello"],"disctotal":["5"],"file_name":"4-02 She Loves My Automobile.flac","isrc":["USWB10102202"],"label":["Warner Bros. Records"],"language":["eng"],"media":["CD"],"musicbrainz_albumartistid":["a81259a0-a2f5-464b-866e-71220f2739f1"],"musicbrainz_albumid":["9d8f7a02-3851-4c49-9dc4-b08e7cb0ad7c"],"musicbrainz_artistid":["a81259a0-a2f5-464b-866e-71220f2739f1"],"musicbrainz_recordingid":["b199fd51-e30a-4663-86cf-54fb45dd4884"],"musicbrainz_releasegroupid":["cb078786-5be8-468c-bae5-867151c516a9"],"musicbrainz_releasetrackid":["78a920bb-b388-3304-a6b6-f092f9c9e1f7"],"musicbrainz_workid":["a1811f12-76d2-4b08-a72b-76b988a6e272"],"originaldate":["2012-09-11"],"releasecountry":["US"],"releasestatus":["official"],"releasetype":["album","compilation"],"replaygain_album_gain":["-6.72 dB"],"replaygain_album_peak":["1.000000"],"replaygain_track_gain":["-1.69 dB"],"replaygain_track_peak":["0.681213"],"script":["Latn"],"title":["She Loves My Automobile"],"totaldiscs":["5"],"totaltracks":["10"],"tracknumber":["2"],"tracktotal":["10"],"work":["She Loves My Automobile"],"writer":["Dusty Hill","Frank Beard","Billy Gibbons"]},"version":{"essentia":"2.1-beta1","essentia_build_sha":"50a0fbec89d6a9cedea3d45b6611406f7e8c7b1a","essentia_git_sha":"v2.1_beta1-7-ge0e83e8-dirty","extractor":"music 1.0"}},"rhythm":{"beats_count":311,"beats_loudness":{"dmean":0.0111397420987,"dm