{"lowlevel":{"average_loudness":0.946824967861,"barkbands":{"dmean":[0.00803160015494,0.0153845120221,0.00610889773816,0.00259145884775,0.00342091405764,0.00146755995229,0.00112828880083,0.000513539998792,0.000420137366746,0.000353008508682,0.000227476441069,0.000174910775968,0.00011493780039,0.0000921006940189,0.0000704386256984,0.000119046329928,0.0000940973695833,0.0000653295210213,0.0000549441065232,0.0000395481838495,0.0000310124087264,0.0000260453307419,0.00000985932365438,0.00000476729246657,0.00000383872520615,0.00000643053544991,0.0000865867186803],"dmean2":[0.0137610705569,0.0258166324347,0.0104634976014,0.00433584861457,0.00558420782909,0.00229994882829,0.00179409654811,0.000874950434081,0.000689897453412,0.000550814322196,0.000369088957086,0.000288253737381,0.000187674479093,0.00015300924133,0.000114581613161,0.000198973779334,0.00015424117737,0.000103129124909,0.0000841557121021,0.0000602644213359,0.000045113847591,0.0000385587081837,0.0000144212208397,0.00000772378280089,0.00000640990765532,0.00000992622517515,0.000133735142299],"dvar":[0.000401633034926,0.000768070400227,0.000219568930333,0.0000226358733926,0.0000190859063878,0.0000101890491351,0.0000064544315137,0.00000100774457223,7.77199204549e-7,5.96808661157e-7,4.14958350348e-7,1.66397569501e-7,7.3848326565e-8,3.54698102001e-8,3.76914819356e-8,8.37327149839e-8,5.84624686439e-8,2.8451456302e-8,2.07218509019e-8,2.19071942809e-8,1.00904351541e-8,1.0461228328e-8,6.5555483264e-10,9.58176038512e-11,3.42963574207e-11,3.08665759619e-10,4.88150355693e-8],"dvar2":[0.0010677886894,0.00213503488339,0.000595286954194,0.0000620626378804,0.000047991212341,0.0000226898373512,0.0000159157352755,0.00000278290531242,0.00000201864054361,0.00000141962641464,0.00000111226631816,4.29636799026e-7,1.91327913512e-7,9.41120674725e-8,8.50048564871e-8,2.28709424732e-7,1.53272424086e-7,6.52108624877e-8,4.45799308579e-8,4.56354065648e-8,2.04748733523e-8,2.40554651754e-8,1.13010845126e-9,1.79693676605e-10,8.41322705947e-11,4.92575424893e-10,1.1999171079e-7],"max":[0.308705836535,0.353152155876,0.237881362438,0.0824577063322,0.0794588476419,0.0877010077238,0.101293645799,0.0227037277073,0.0282972734421,0.0194346997887,0.0317737944424,0.0109457476065,0.0129867885262,0.00357910501771,0.00769795849919,0.00832402426749,0.00623279996216,0.00576642761007,0.0051979678683,0.00737391365692,0.00567031698301,0.00530613167211,0.00129021890461,0.000585068191867,0.0000782646675361,0.0014807615662,0.00889449659735],"mean":[0.0088797127828,0.0228058043867,0.00762800499797,0.00385095155798,0.00639370968565,0.00281337299384,0.00228989031166,0.000818622065708,0.000762430892792,0.000660437624902,0.000410546577768,0.000350564339897,0.000196659369976,0.000165823541465,0.00012575936853,0.000225882220548,0.000190068632946,0.000135165013489,0.000106198131107,0.0000730930260033,0.0000579906882194,0.0000427765735367,0.0000163469721883,0.0000061175655901,0.00000399041618948,0.0000109783677544,0.000337620265782],"median":[0.00413825362921,0.014447777532,0.00384103413671,0.00213881023228,0.00408374518156,0.000970775727183,0.000636840006337,0.000248020951403,0.000176233355887,0.00015196701861,0.0000885128320078,0.0000514050843776,0.0000391250141547,0.0000233787613979,0.000023998953111,0.0000160134222824,0.0000113501746455,0.0000141413374877,0.0000124950511236,0.000011862055544,0.0000106953702925,0.00000792203536548,0.00000511539519721,0.00000289927811536,0.00000167091707226,0.00000506642845721,0.0000246870131377],"min":[6.77459104145e-23,3.02337536803e-23,3.21645727874e-23,1.93071923727e-23,2.79533366636e-23,4.19461040688e-23,1.52425824565e-22,1.6020818352e-23,3.5666528294e-23,6.47795472863e-23,1.01388417263e-22,9.9565044167e-23,1.04554324335e-22,6.58692986734e-23,9.17904476037e-23,1.66941117656e-22,2.37396594886e-22,2.59963772305e-22,2.61950717288e-22,3.29530752342e-22,4.79060965136e-22,4.42507447951e-22,5.79509640801e-22,8.32863440296e-22,1.20942883135e-21,1.44388233135e-21,2.95106033739e-21],"var":[0.000327665300574,0.000780342437793,0.000199558824534,0.0000284917787212,0.0000555210062885,0.0000329959584633,0.0000199218648049,0.00000205074479709,0.00000245219939643,0.00000153380494794,9.81973130365e-7,6.74082457408e-7,2.15888050548e-7,9.27646297555e-8,9.24760144017e-8,2.16914813223e-7,1.74579639634e-7,8.23946209039e-8,6.18417175247e-8,4.87894844525e-8,2.70658180312e-8,1.78866024214e-8,2.04233918666e-9,2.16837311995e-10,3.82465552284e-11,8.90280404953e-10,4.13541584976e-7]},"barkbands_crest":{"dmean":2.7815349102,"dmean2":4.54507255554,"dvar":5.90722465515,"dvar2":15.46849823,"max":25.2796859741,"mean":12.3120326996,"median":11.7363901138,"min":2.70451807976,"var":21.8795776367},"barkbands_flatness_db":{"dmean":0.0418742001057,"dmean2":0.0664638504386,"dvar":0.00162109918892,"dvar2":0.00413302425295,"max":0.548497200012,"mean":0.229146018624,"median":0.229054570198,"min":0.0361991263926,"var":0.00857551395893},"barkbands_kurtosis":{"dmean":15.8204879761,"dmean2":25.9027423859,"dvar":627.633544922,"dvar2":1620.83642578,"max":471.880889893,"mean":31.9019565582,"median":17.9308624268,"min":-1.9360691309,"var":1694.47302246},"barkbands_skewness":{"dmean":1.04467856884,"dmean2":1.68553006649,"dvar":1.21111190319,"dvar2":3.12207436562,"max":16.9902572632,"mean":3.33388996124,"median":2.93355131149,"min":-12.7117319107,"var":5.213347435},"barkbands_spread":{"dmean":2.91548275948,"dmean2":4.67213010788,"dvar":21.6933479309,"dvar2":51.2357940674,"max":122.48449707,"mean":10.2825298309,"median":4.97620010376,"min":0.250255584717,"var":151.773544312},"dissonance":{"dmean":0.0272891893983,"dmean2":0.0454375967383,"dvar":0.000698164571077,"dvar2":0.00187790184282,"max":0.500000059605,"mean":0.448363959789,"median":0.459678739309,"min":0.224278897047,"var":0.00172473548446},"dynamic_complexity":4.22985935211,"erbbands":{"dmean":[0.742136538029,2.63287568092,6.36170625687,8.04236412048,11.2242736816,10.6492834091,11.4182882309,13.2881069183,13.8869895935,19.5079154968,8.65321731567,10.0802154541,9.02358341217,12.0376939774,7.15562772751,7.99514532089,5.48380661011,3.44091367722,4.04481077194,5.52095603943,4.80992174149,5.29888439178,3.41735386848,3.12296032906,2.44854879379,1.87231338024,1.433203578,1.20471811295,1.02137351036,0.521347999573,0.25449308753,0.120228037238,0.0715004727244,0.0432859919965,0.0273608583957,0.0175928249955,0.0125944865867,0.0117579940706,0.00591606460512,0.00353561621159],"dmean2":[1.26220929623,4.38039541245,10.9032649994,13.2994394302,18.8295116425,17.4781532288,18.2845573425,20.8616886139,21.7898845673,32.37317276,14.3235721588,16.7583522797,14.5091362,18.8802452087,11.6709451675,13.2153253555,8.98687839508,5.68851709366,6.62961435318,9.18456363678,7.93215560913,8.65576076508,5.38825464249,4.80648374557,3.7667901516,2.83149337769,2.16806530952,1.7736852169,1.52653586864,0.759867429733,0.375647991896,0.188000142574,0.11730530858,0.0721525996923,0.0456317961216,0.028865987435,0.0192412808537,0.017170611769,0.00875768903643,0.00552006112412],"dvar":[2.52947378159,19.0094013214,246.605072021,275.783813477,239.063262939,240.237136841,468.312683105,1011.71923828,1306.4786377,2002.74401855,287.268127441,472.117492676,480.894927979,905.273742676,308.601928711,392.238830566,167.810577393,42.5616378784,99.0570907593,188.351135254,130.632034302,182.232299805,74.1731109619,63.4201087952,41.4360809326,43.6084060669,20.8486652374,18.4667625427,20.3637771606,2.76501750946,0.449304252863,0.0787507891655,0.0184893142432,0.004424482584,0.00172672537155,0.000898497062735,0.00170392612927,0.00139544485137,0.000274879072094,0.0000577859318582],"dvar2":[7.0528178215,52.6777305603,667.400512695,747.655151367,640.539306641,589.311157227,1002.38256836,2210.80151367,3088.5847168,5448.64599609,722.720581055,1253.2019043,1160.17016602,2197.6940918,824.271789551,1016.38452148,435.911804199,108.182182312,241.968994141,508.964416504,324.87677002,478.025360107,165.651641846,134.609924316,88.2881469727,89.8357620239,42.9674339294,39.0253257751,49.7324562073,5.39890861511,0.818226754665,0.133881151676,0.0408515408635,0.0107779484242,0.00422408012673,0.00209973845631,0.00250626867637,0.002696295036,0.000561151187867,0.000144439196447],"max":[19.0221576691,51.0290985107,269.283416748,334.603393555,236.836105347,358.21484375,584.811157227,1059.08190918,1787.76062012,1199.8458252,536.519897461,629.705078125,832.939941406,858.981384277,661.51739502,556.906433105,537.47277832,139.657211304,353.093841553,398.372070312,409.553131104,372.148651123,284.376922607,301.764221191,249.494598389,293.513122559,164.421386719,274.693237305,264.65234375,89.7463684082,37.9562797546,17.3071842194,7.18855142593,0.981579363346,0.554685592651,1.34339034557,3.91776013374,2.41596698761,0.802373766899,0.299251884222],"mean":[0.976957440376,3.9075627327,8.42808055878,12.4711513519,17.9109649658,19.037820816,20.0108222961,25.2007312775,27.2798957825,37.7908439636,16.6266956329,17.9775943756,16.7440395355,23.525806427,15.1870384216,16.4395942688,10.1317491531,6.71170377731,7.64172029495,10.9489612579,10.0200452805,10.6893777847,7.72264528275,6.47808170319,4.79789495468,3.51345038414,2.68993330002,2.16405916214,1.65353310108,0.864955961704,0.422358334064,0.181011408567,0.0798029974103,0.045325987041,0.0287406165153,0.020226849243,0.0225296393037,0.0265583116561,0.0201033391058,0.0193847157061],"median":[0.56017267704,2.31470990181,4.53887081146,6.77824401855,11.0818099976,11.0473194122,9.16892910004,7.84916973114,8.59292984009,8.24324607849,5.85310649872,4.3350276947,4.38353824615,4.98012781143,3.36279273033,2.24747037888,1.94247853756,1.40544474125,1.24705696106,1.15703308582,0.838998198509,0.67542129755,0.720235407352,0.777151167393,0.559071540833,0.579232335091,0.477723479271,0.375657439232,0.298116087914,0.198968559504,0.145101100206,0.0891293883324,0.0326675623655,0.0192353613675,0.0120114292949,0.00915490835905,0.0113276876509,0.005888777785,0.00296081323177,0.00409881118685],"min":[1.04221253377e-21,7.11221038224e-21,3.71299695796e-20,5.56100342628e-20,9.39935540555e-20,9.07501465619e-20,1.05548065216e-19,5.0582502878e-19,1.88300490656e-18,1.58629883975e-18,3.57222419476e-19,1.00683348825e-18,1.42767144766e-18,2.96797449586e-18,3.30125321608e-18,4.11930154787e-18,4.30433936936e-18,3.83204240065e-18,3.62903449394e-18,6.57709213501e-18,1.01941664245e-17,1.30630016696e-17,1.46302574674e-17,1.2504631595e-17,1.32448002518e-17,1.4490331595e-17,1.71871736569e-17,1.80181659177e-17,1.70825766684e-17,1.93797912327e-17,1.72402389475e-17,1.78142460444e-17,1.1472820561e-17,9.32072739053e-18,1.15474405241e-17,5.35603747967e-18,2.88294673954e-18,1.43898841581e-18,3.94063518845e-19,4.32374059336e-20],"var":[2.13744258881,23.4362201691,221.81980896,323.045013428,457.057128906,726.242980957,1354.0390625,3343.73266602,3577.53369141,7207.33349609,783.779907227,1320.6373291,1125.55566406,2420.07763672,1107.6439209,1570.24829102,504.494110107,121.807289124,251.80291748,474.167114258,422.349517822,550.710388184,260.211700439,203.210800171,127.439720154,103.20022583,47.0718688965,46.500957489,30.438791275,6.10587406158,1.419485569,0.243016272783,0.0291049815714,0.00500196777284,0.00195233349223,0.0012543736957,0.00483506638557,0.0044390456751,0.0015474279644,0.000968653825112]},"erbbands_crest":{"dmean":2.78457140923,"dmean2":4.53944587708,"dvar":6.46195697784,"dvar2":16.3261680603,"max":31.5449085236,"mean":10.137383461,"median":9.04720878601,"min":2.52014875412,"var":23.8247070312},"erbbands_flatness_db":{"dmean":0.0312972441316,"dmean2":0.0493221133947,"dvar":0.000921623199247,"dvar2":0.00233572674915,"max":0.437901198864,"mean":0.153853073716,"median":0.144053637981,"min":0.0492263995111,"var":0.00278076692484},"erbbands_kurtosis":{"dmean":3.95141458511,"dmean2":6.43285131454,"dvar":68.5231399536,"dvar2":177.659103394,"max":218.067581177,"mean":5.82338666916,"median":2.2509791851,"min":-1.63716089725,"var":132.832595825},"erbbands_skewness":{"dmean":0.566416978836,"dmean2":0.901563882828,"dvar":0.403125554323,"dvar2":1.00210535526,"max":11.8420915604,"mean":1.38413167,"median":1.25697720051,"min":-5.3997926712,"var":1.99018979073},"erbbands_spread":{"dmean":8.95972061157,"dmean2":14.0945892334,"dvar":105.553825378,"dvar2":242.766647339,"max":112.406326294,"mean":28.2145996094,"median":25.7245674133,"min":1.3409153223,"var":269.968200684},"gfcc":{"cov":[[15858.5419922,1795.57763672,-2592.22241211,-377.974578857,502.753082275,-1262.64978027,888.373596191,-743.538330078,629.868469238,-215.492370605,19.5270805359,153.539291382,-140.107086182],[1795.57763672,1427.25305176,319.115509033,-48.9768714905,39.5746879578,-123.529785156,144.253387451,-168.381439209,79.5891571045,-73.7904663086,52.4388771057,-25.4994907379,21.2131652832],[-2592.22241211,319.115509033,1248.45996094,200.043426514,-160.645599365,319.983825684,-235.668930054,132.475479126,-138.490722656,11.4632930756,21.0972156525,-77.6476364136,18.9196662903],[-377.974578857,-48.9768714905,200.043426514,445.478546143,52.1272201538,122.704879761,-23.1618347168,45.3546638489,-46.4831962585,61.521938324,-28.276966095,32.4572982788,-24.873714447],[502.753082275,39.5746879578,-160.645599365,52.1272201538,187.336776733,-28.0728721619,85.6231689453,-51.8016281128,40.2701225281,-29.9915809631,3.65247344971,17.0079193115,1.63087260723],[-1262.64978027,-123.529785156,319.983825684,122.704879761,-28.0728721619,315.573638916,-101.290618896,145.284912109,-107.942222595,59.0909996033,-10.6564273834,-9.43231105804,23.8497390747],[888.373596191,144.253387451,-235.668930054,-23.1618347168,85.6231689453,-101.290618896,198.181045532,-65.3202972412,83.7629394531,-32.9773216248,3.7803645134,24.8963451385,-17.0191421509],[-743.538330078,-168.381439209,132.475479126,45.3546638489,-51.8016281128,145.284912109,-65.3202972412,160.71321106,-23.1785106659,65.2957229614,-0.331518471241,-6.58967733383,15.04180336],[629.868469238,79.5891571045,-138.490722656,-46.4831962585,40.2701225281,-107.942222595,83.7629394531,-23.1785106659,129.332641602,10.9262313843,19.5755329132,15.3153934479,-23.588054657],[-215.492370605,-73.7904663086,11.4632930756,61.521938324,-29.9915809631,59.0909996033,-32.9773216248,65.2957229614,10.9262313843,98.5148849487,24.4021949768,16.8177070618,5.36874580383],[19.5270805359,52.4388771057,21.0972156525,-28.276966095,3.65247344971,-10.6564273834,3.7803645134,-0.331518471241,19.5755329132,24.4021949768,55.4915466309,22.213727951,10.3896522522],[153.539291382,-25.4994907379,-77.6476364136,32.4572982788,17.0079193115,-9.43231105804,24.8963451385,-6.58967733383,15.3153934479,16.8177070618,22.213727951,56.2872200012,12.0955724716],[-140.107086182,21.2131652832,18.9196662903,-24.873714447,1.63087260723,23.8497390747,-17.0191421509,15.04180336,-23.588054657,5.36874580383,10.3896522522,12.0955724716,61.1153144836]],"icov":[[0.000189314072486,-0.000328677735524,0.000495509477332,-0.000200154347112,0.000101477133285,0.0000726229773136,0.000146446531289,0.0000250214870903,-0.000300721381791,0.000301416905131,-0.000133304027258,0.000057839526562,0.000185473792953],[-0.000328677735524,0.00183150265366,-0.00144107546657,0.00016354827676,0.000223501105211,-0.000322656851495,-0.0014825486578,0.00167663604952,-0.000422660232289,-0.00052009744104,-0.000765008851886,0.00134106061887,-0.00183489313349],[0.000495509477332,-0.00144107546657,0.00460738502443,-0.00350407836959,0.00388887780719,-0.00360192265362,0.00280768517405,0.000559116306249,-0.00423170952126,0.00689739501104,-0.00698959594592,0.00557187898085,-0.00142390327528],[-0.000200154347112,0.00016354827676,-0.00350407836959,0.0073741232045,-0.00615917192772,0.0034192004241,-0.00159875827376,-0.00155609054491,0.00672842003405,-0.0100573468953,0.0111079961061,-0.00998576357961,0.00590655719861],[0.000101477133285,0.000223501105211,0.00388887780719,-0.00615917192772,0.01390611846,-0.00731715979055,-0.000304546265397,0.00513484561816,-0.00966499838978,0.011556731537,-0.0111399097368,0.00914333295077,-0.00708114169538],[0.0000726229773136,-0.000322656851495,-0.00360192265362,0.0034192004241,-0.00731715979055,0.0143584897742,-0.00222768448293,-0.00919242762029,0.0125530138612,-0.00980597175658,0.00882138311863,-0.00774833047763,0.00475945929065],[0.000146446531289,-0.0014825486578,0.00280768517405,-0.00159875827376,-0.000304546265397,-0.00222768448293,0.0118716955185,0.000382996804547,-0.00670804688707,0.0061952569522,-0.00174973544199,-0.00127855641767,0.000836863531731],[0.0000250214870903,0.00167663604952,0.000559116306249,-0.00155609054491,0.00513484561816,-0.00919242762029,0.000382996804547,0.0187490861863,-0.00875352416188,-0.00232139904983,-0.00189443107229,0.00652010785416,-0.00653161574155],[-0.000300721381791,-0.000422660232289,-0.00423170952126,0.00672842003405,-0.00966499838978,0.0125530138612,-0.00670804688707,-0.00875352416188,0.0270318482071,-0.0154822962359,0.00835074298084,-0.0106470203027,0.0116322012618],[0.000301416905131,-0.00052009744104,0.00689739501104,-0.0100573468953,0.011556731537,-0.00980597175658,0.0061952569522,-0.00232139904983,-0.0154822962359,0.0349735058844,-0.0233123321086,0.0105140144005,-0.00670773349702],[-0.000133304027258,-0.000765008851886,-0.00698959594592,0.0111079961061,-0.0111399097368,0.00882138311863,-0.00174973544199,-0.00189443107229,0.00835074298084,-0.0233123321086,0.0459904447198,-0.0253698322922,0.00595202343538],[0.000057839526562,0.00134106061887,0.00557187898085,-0.00998576357961,0.00914333295077,-0.00774833047763,-0.00127855641767,0.00652010785416,-0.0106470203027,0.0105140144005,-0.0253698322922,0.0417663045228,-0.014289197512],[0.000185473792953,-0.00183489313349,-0.00142390327528,0.00590655719861,-0.00708114169538,0.00475945929065,0.000836863531731,-0.00653161574155,0.0116322012618,-0.00670773349702,0.00595202343538,-0.014289197512,0.0273365881294]],"mean":[-42.4048614502,113.646347046,-45.3983917236,13.7558326721,-23.5665302277,-10.0780525208,-6.81293678284,-9.80051422119,-6.34962177277,-7.7040977478,-6.45563077927,-1.40424513817,-5.62301921844]},"hfc":{"dmean":64.2350387573,"dmean2":103.644638062,"dvar":10440.3291016,"dvar2":26843.7929688,"max":1895.7064209,"mean":268.687286377,"median":113.684127808,"min":1.26107562206e-16,"var":109160.445312},"melbands":{"dmean":[0.00547809433192,0.00319275888614,0.00138386106119,0.000785706972238,0.000416868715547,0.000291956763249,0.000215993219172,0.000190237318748,0.0000682939353283,0.0000625471875537,0.0000453508837381,0.0000500472233398,0.0000295452118735,0.0000204516109079,0.0000158553229994,0.00000899734095583,0.00000712662949809,0.00000779152651376,0.00000578079061597,0.00000994428137346,0.00000482401492263,0.00000618496687821,0.00000422498078478,0.00000355059364665,0.00000263757146968,0.00000213985003938,0.00000150931646203,0.000001304166517,0.00000102399906154,7.64395906572e-7,7.42121414987e-7,6.60407863506e-7,4.10637454706e-7,2.572177209e-7,1.59825304991e-7,9.88147874637e-8,6.5722979059e-8,5.19290708212e-8,4.22397476996e-8,3.48982069909e-8],"dmean2":[0.00926758814603,0.00539662642404,0.00230136979371,0.00128987955395,0.000663437705953,0.000455504428828,0.00033879984403,0.000317994970828,0.000112094028736,0.000103946062154,0.0000729697567294,0.000078472228779,0.0000483307012473,0.0000337212986778,0.0000263438887487,0.0000145752937897,0.0000118798843687,0.0000130140379042,0.0000094217593869,0.0000167529833561,0.00000788149736763,0.0000102221811176,0.00000685867962602,0.00000564646234125,0.0000041240596147,0.00000335087906933,0.00000230637442655,0.00000200385125027,0.0000015983537196,0.00000115397108402,0.00000111849146833,0.00000100362535704,6.13316217368e-7,3.75373190309e-7,2.40541311314e-7,1.51707212126e-7,1.05763199088e-7,8.56380637515e-8,6.99030380247e-8,5.83320698411e-8],"dvar":[0.000127911320305,0.0000449124963779,0.00000694218852004,0.0000010361339946,5.23924256868e-7,4.62236812382e-7,2.7053297913e-7,1.81367241225e-7,1.75469274666e-8,1.76820762476e-8,1.19345688887e-8,1.542819561e-8,6.3368879033e-9,2.20159579456e-9,1.27731314414e-9,4.22339940798e-10,1.93304830476e-10,3.46271372687e-10,2.37661473834e-10,5.9646104722e-10,1.47804518624e-10,2.67104227625e-10,9.96412952148e-11,1.07952161099e-10,4.87645826497e-11,3.07548084222e-11,1.80312431652e-11,2.7487602472e-11,1.41499971462e-11,7.07630828933e-12,7.2630404295e-12,8.72027536986e-12,2.68465263041e-12,5.3172939142e-13,1.84134351104e-13,7.24486930951e-14,2.11142613268e-14,1.19584407955e-14,4.99223854936e-15,2.87477773045e-15],"dvar2":[0.000354895164492,0.00012153951684,0.0000188011817954,0.00000272308466265,0.00000113810995117,0.0000010207880905,6.42775489723e-7,5.01918862028e-7,4.42172378712e-8,4.74406327555e-8,2.88289037087e-8,3.72518869085e-8,1.71393317316e-8,5.64892399524e-9,3.36676930779e-9,1.05767694603e-9,5.08101838381e-10,9.01471230996e-10,5.40468447774e-10,1.66927816014e-9,3.50953738293e-10,7.28741178513e-10,2.43637193753e-10,2.534491228e-10,1.08166371693e-10,6.86917536741e-11,3.72115706304e-11,5.84328835318e-11,3.03741407026e-11,1.57954517521e-11,1.64829434823e-11,2.19098714865e-11,5.98253824952e-12,9.87913093345e-13,3.69578066067e-13,1.25943661966e-13,3.87719099448e-14,2.88192152163e-14,1.13027043101e-14,7.06487904338e-15],"max":[0.140806034207,0.11328677088,0.0516867116094,0.0150668220595,0.0210568513721,0.0206933487207,0.024122716859,0.0114844320342,0.00361212156713,0.00345004233532,0.00406027212739,0.00344352098182,0.00338975642808,0.00131670024712,0.0015191353159,0.00061335117789,0.000257745123236,0.000623928557616,0.000575463112909,0.000600349390879,0.000507292454131,0.000419363932451,0.000238868116867,0.000459668633994,0.000277017505141,0.00016335590044,0.000229421319091,0.000275426224107,0.000193464758922,0.000118355201266,0.000173881155206,0.000167164995219,0.0000795146916062,0.0000327606103383,0.0000241390680458,0.0000158438342623,0.00000836038907437,0.00000629716714684,0.00000274048647952,7.20796265341e-7],"mean":[0.00787752494216,0.0047623058781,0.00230980548076,0.00137249426916,0.000750971725211,0.000566810776945,0.000435395661043,0.00036244263174,0.000125670878333,0.000109225271444,0.0000801567002782,0.0000946299624047,0.0000561167325941,0.0000421333752456,0.000031521267374,0.0000159476621775,0.0000127526154756,0.0000134172578328,0.0000106497855086,0.0000185819371836,0.00000944173280004,0.0000114159756777,0.00000826711857371,0.00000679435061102,0.00000503425053466,0.00000392340007238,0.00000268949679594,0.00000226740394282,0.00000177334197815,0.00000135160212267,0.00000123448683098,0.00000101326691038,6.50584524919e-7,4.08857033563e-7,2.58477626858e-7,1.5564690159e-7,8.962064868e-8,5.61025395029e-8,4.42279848301e-8,3.59390561755e-8],"median":[0.00503670983016,0.00290009891614,0.00144785316661,0.000876906444319,0.000368043314666,0.000178843285539,0.000135446418426,0.0000800891139079,0.0000416125731135,0.0000250201755989,0.0000205054566322,0.0000190470418602,0.0000118559510156,0.00000655967505736,0.00000473723230243,0.0000036664723666,0.00000232399725064,0.00000190336572814,0.00000175990726348,0.00000128700048663,8.63618481617e-7,6.90859678798e-7,5.79104096232e-7,6.80153902977e-7,6.07567585575e-7,4.2821113766e-7,3.37530082106e-7,3.79677516094e-7,3.00971890965e-7,2.43300007696e-7,2.00179570697e-7,1.73352759703e-7,1.28290267298e-7,9.91497728364e-8,8.485559988e-8,6.28066629815e-8,4.5793036918e-8,2.16960049926e-8,1.80348216361e-8,1.48449341708e-8],"min":[1.26078361002e-23,1.59851302846e-23,1.02505225002e-23,7.64581028736e-24,3.4310266561e-24,1.04448654839e-23,2.96869657879e-23,1.37472738915e-23,2.96708986634e-24,5.8920786206e-24,7.26309363033e-24,1.21226259012e-23,1.38575818896e-23,9.36260906425e-24,1.05891765425e-23,1.0591164472e-23,6.61418887704e-24,5.23807269827e-24,7.9927891788e-24,1.17915409793e-23,1.13821292692e-23,1.14925200977e-23,1.6238338858e-23,1.16627720583e-23,1.00773099446e-23,8.41322206457e-24,9.51069797768e-24,1.05948878954e-23,9.80393019793e-24,1.42854632e-23,8.96900770445e-24,7.80508919273e-24,1.20213629822e-23,1.0339127357e-23,1.15067440487e-23,7.08315919101e-24,1.24300087084e-23,7.73345115621e-24,7.23934102847e-24,7.66342160707e-24],"var":[0.000111595385533,0.0000460654628114,0.00000829986038298,0.00000234385038311,0.00000176408138941,0.00000158945942985,7.61662818149e-7,6.21868366579e-7,5.11463902342e-8,4.78833790396e-8,2.71095945692e-8,4.035390333e-8,1.88033606463e-8,9.35965882576e-9,4.53010740031e-9,1.32201749548e-9,4.89658646963e-10,7.66975927213e-10,5.96222571314e-10,1.44597345209e-9,4.29453334005e-10,6.6742006366e-10,3.21223436739e-10,2.40187425504e-10,1.34330283008e-10,8.48804984632e-11,5.63015502275e-11,5.16876229317e-11,2.47497786154e-11,1.60815822464e-11,1.62349352711e-11,1.2058941519e-11,4.37924392929e-12,1.30214968582e-12,5.23155900111e-13,2.39315891323e-13,5.52445831865e-14,1.71053797483e-14,6.1862801428e-15,3.16853256821e-15]},"melbands_crest":{"dmean":4.16713905334,"dmean2":6.92118930817,"dvar":14.7944097519,"dvar2":39.0859222412,"max":38.0145683289,"mean":17.9734725952,"median":17.2890739441,"min":2.86599779129,"var":39.6819534302},"melbands_flatness_db":{"dmean":0.0493435300887,"dmean2":0.0783297866583,"dvar":0.00211942614987,"dvar2":0.00540951499715,"max":0.710856676102,"mean":0.353710472584,"median":0.355769634247,"min":0.0055588488467,"var":0.0113733727485},"melbands_kurtosis":{"dmean":19.7414550781,"dmean2":32.4517402649,"dvar":1156.33398438,"dvar2":3027.45996094,"max":615.528381348,"mean":35.485534668,"median":19.519985199,"min":-1.68265879154,"var":2077.25317383},"melbands_skewness":{"dmean":1.12280702591,"dmean2":1.79774057865,"dvar":1.52348899841,"dvar2":3.82675504684,"max":18.7166519165,"mean":3.37428665161,"median":2.98486876488,"min":-10.8571100235,"var":5.2014670372},"melbands_spread":{"dmean":2.24874043465,"dmean2":3.61612081528,"dvar":23.9456634521,"dvar2":56.5248374939,"max":253.408660889,"mean":7.73330879211,"median":3.72776532173,"min":0.211052536964,"var":195.513549805},"mfcc":{"cov":[[11418.7382812,394.900390625,-2677.98608398,295.949523926,-791.173461914,12.6853370667,-374.253936768,83.5917663574,96.1666946411,-142.837524414,219.527069092,-31.3873577118,323.410827637],[394.900390625,1099.77893066,301.921051025,-24.5680961609,-19.5631580353,-0.400587409735,18.2659492493,-5.65806531906,-9.94024753571,25.8636684418,-23.2950897217,2.7763261795,-8.1027097702],[-2677.98608398,301.921051025,1352.4921875,-12.4331178665,318.202941895,11.1015539169,159.733566284,-36.5987625122,-27.5890350342,85.0273971558,-50.6628761292,28.2560501099,-113.798286438],[295.949523926,-24.5680961609,-12.4331178665,311.796447754,17.2925930023,89.8060684204,-7.2794380188,30.0133304596,-1.71842181683,10.1414136887,13.0094099045,4.89146947861,3.12774682045],[-791.173461914,-19.5631580353,318.202941895,17.2925930023,225.317962646,42.9849586487,80.7629013062,-2.50402188301,9.8667011261,12.4842309952,-9.8981294632,8.46845531464,-31.653503418],[12.6853370667,-0.400587409735,11.1015539169,89.8060684204,42.9849586487,123.772399902,51.1471366882,33.6663208008,7.90006017685,1.67792379856,2.10300469398,-5.29962682724,0.985536456108],[-374.253936768,18.2659492493,159.733566284,-7.2794380188,80.7629013062,51.1471366882,120.993087769,22.714723587,19.8989200592,1.17436432838,-10.2495908737,-10.3693828583,-14.1299257278],[83.5917663574,-5.65806531906,-36.5987625122,30.0133304596,-2.50402188301,33.6663208008,22.714723587,74.5314254761,24.1424999237,7.82683515549,0.324024438858,2.18948435783,7.57536363602],[96.1666946411,-9.94024753571,-27.5890350342,-1.71842181683,9.8667011261,7.90006017685,19.8989200592,24.1424999237,62.9862518311,19.3196773529,14.4607496262,-0.272657722235,9.77810573578],[-142.837524414,25.8636684418,85.0273971558,10.1414136887,12.4842309952,1.67792379856,1.17436432838,7.82683515549,19.3196773529,56.8857421875,18.9914684296,12.7271947861,-3.8603579998],[219.527069092,-23.2950897217,-50.6628761292,13.0094099045,-9.8981294632,2.10300469398,-10.2495908737,0.324024438858,14.4607496262,18.9914684296,61.4215888977,25.0340576172,25.0642471313],[-31.3873577118,2.7763261795,28.2560501099,4.89146947861,8.46845531464,-5.29962682724,-10.3693828583,2.18948435783,-0.272657722235,12.7271947861,25.0340576172,50.5356216431,25.5430278778],[323.410827637,-8.1027097702,-113.798286438,3.12774682045,-31.653503418,0.985536456108,-14.1299257278,7.57536363602,9.77810573578,-3.8603579998,25.0642471313,25.5430278778,63.4159355164]],"icov":[[0.000225531766773,-0.000211768550798,0.000384727667551,-0.000229949946515,0.000138608986163,0.0000590818999626,0.0000633673698758,0.0000254891019722,-0.000188893987797,0.000254028127529,-0.000535091501661,0.000282019726001,-0.000253682723269],[-0.000211768550798,0.00124021421652,-0.000765887962189,0.00031914311694,0.000517236359883,-0.000349335576175,0.00000765786626289,0.0000347468776454,0.000102745420008,-0.000428906641901,0.000881474348716,-0.000140256641316,-0.000224348783377],[0.000384727667551,-0.000765887962189,0.00260146916844,-0.000608837697655,-0.00151230895426,0.00111361732706,-0.00186858815141,0.000814331055153,0.00116586731747,-0.00235957745463,0.000503750809003,-0.00154652213678,0.00145302375313],[-0.000229949946515,0.00031914311694,-0.000608837697655,0.00477932486683,-0.000326627399772,-0.004005856812,0.00237234984525,-0.00105198682286,0.000589251227211,-0.000446219637524,-0.000224132658332,-0.000120296303066,0.000457715650555],[0.000138608986163,0.000517236359883,-0.00151230895426,-0.000326627399772,0.00893105380237,-0.00216134730726,-0.00265319040045,0.00191714067478,-0.00280662300065,0.00211510970257,-0.0000500979767821,-0.0030146415811,0.00212834356353],[0.0000590818999626,-0.000349335576175,0.00111361732706,-0.004005856812,-0.00216134730726,0.0151912299916,-0.00630012946203,-0.0036872876808,0.00292128510773,-0.00118616328109,-0.00113462121226,0.00222718995064,-0.00139947771095],[0.0000633673698758,0.00000765786626289,-0.00186858815141,0.00237234984525,-0.00265319040045,-0.00630012946203,0.0169789139181,-0.00333389407024,-0.00458565494046,0.00430808868259,-0.00117335468531,0.00431532785296,-0.00114243978169],[0.0000254891019722,0.0000347468776454,0.000814331055153,-0.00105198682286,0.00191714067478,-0.0036872876808,-0.00333389407024,0.0193215887994,-0.00626907590777,-0.00226848293096,0.00447014765814,-0.00432357145473,0.000154205888975],[-0.000188893987797,0.000102745420008,0.00116586731747,0.000589251227211,-0.00280662300065,0.00292128510773,-0.00458565494046,-0.00626907590777,0.0250442679971,-0.00985235627741,-0.003158967942,0.00554144289345,-0.0041244616732],[0.000254028127529,-0.000428906641901,-0.00235957745463,-0.000446219637524,0.00211510970257,-0.00118616328109,0.00430808868259,-0.00226848293096,-0.00985235627741,0.0293469000608,-0.00925730541348,-0.00337088829838,0.00506470864639],[-0.000535091501661,0.000881474348716,0.000503750809003,-0.000224132658332,-0.0000500979767821,-0.00113462121226,-0.00117335468531,0.00447014765814,-0.003158967942,-0.00925730541348,0.0285038165748,-0.010988698341,-0.00396234961227],[0.000282019726001,-0.000140256641316,-0.00154652213678,-0.000120296303066,-0.0030146415811,0.00222718995064,0.00431532785296,-0.00432357145473,0.00554144289345,-0.00337088829838,-0.010988698341,0.0370262861252,-0.0159169584513],[-0.000253682723269,-0.000224348783377,0.00145302375313,0.000457715650555,0.00212834356353,-0.00139947771095,-0.00114243978169,0.000154205888975,-0.0041244616732,0.00506470864639,-0.00396234961227,-0.0159169584513,0.0293513853103]],"mean":[-714.296936035,171.674957275,30.6549186707,40.9060325623,5.90579557419,14.4072360992,2.94355964661,8.87067508698,1.19363343716,2.83355855942,-1.05929219723,1.65149700642,0.490207910538]},"pitch_salience":{"dmean":0.0845972076058,"dmean2":0.140013307333,"dvar":0.00579902902246,"dvar2":0.0157117340714,"max":0.88025945425,"mean":0.520689487457,"median":0.533826053143,"min":0.0839177444577,"var":0.0163578148931},"silence_rate_20dB":{"dmean":0,"dmean2":0,"dvar":0,"dvar2":0,"max":1,"mean":1,"median":1,"min":1,"var":0},"silence_rate_30dB":{"dmean":0.127042114735,"dmean2":0.254110008478,"dvar":0.110896140337,"dvar2":0.223433047533,"max":1,"mean":0.815949678421,"median":1,"min":0,"var":0.150184243917},"silence_rate_60dB":{"dmean":0.00263825478032,"dmean2":0.00527704507113,"dvar":0.00263193226419,"dvar2":0.00626292591915,"max":1,"mean":0.0255681816489,"median":0,"min":0,"var":0.0249133221805},"spectral_centroid":{"dmean":121.789649963,"dmean2":191.095245361,"dvar":37862.578125,"dvar2":72664.4375,"max":11206.7880859,"mean":630.294250488,"median":376.924072266,"min":117.456817627,"var":915531.625},"spectral_complexity":{"dmean":2.52034497261,"dmean2":3.95615983009,"dvar":10.2126092911,"dvar2":18.2630348206,"max":56,"mean":13.1743097305,"median":9,"min":0,"var":114.527191162},"spectral_contrast_coeffs":{"dmean":[0.0531517378986,0.0486121214926,0.0377992540598,0.0318955592811,0.0263524204493,0.034172475338],"dmean2":[0.0878947079182,0.0814142674208,0.0629415512085,0.0529872439802,0.042649012059,0.0525746829808],"dvar":[0.00181811861694,0.00145147345029,0.000896676036064,0.000673691625707,0.000546608120203,0.00126839929726],"dvar2":[0.00495151802897,0.00397664215416,0.00244110892527,0.00178247888107,0.00128234480508,0.00278953555971],"max":[-0.338357448578,-0.471897810698,-0.537687778473,-0.648154973984,-0.688535928726,-0.427926182747],"mean":[-0.676466882229,-0.764960467815,-0.822214901447,-0.860782384872,-0.867577970028,-0.788409292698],"median":[-0.67913043499,-0.771549105644,-0.822317361832,-0.862295925617,-0.865113019943,-0.813306689262],"min":[-0.965186297894,-0.967641294003,-0.973329663277,-0.9882183671,-0.97946023941,-0.959376811981],"var":[0.00609264150262,0.00534388795495,0.00403615552932,0.00444303778931,0.00352865178138,0.00590680493042]},"spectral_contrast_valleys":{"dmean":[0.367112547159,0.405629783869,0.451379239559,0.531409561634,0.539414346218,0.655723869801],"dmean2":[0.611859977245,0.668158173561,0.731098771095,0.855711340904,0.849856615067,1.05902147293],"dvar":[0.099396198988,0.140529796481,0.195868119597,0.292225569487,0.310594081879,0.333276808262],"dvar2":[0.252896130085,0.333930879831,0.473346799612,0.73777449131,0.766334474087,0.845815002918],"max":[-4.67529439926,-4.55168104172,-5.33767080307,-5.87786340714,-5.5620880127,-8.90794181824],"mean":[-6.3702287674,-6.65504217148,-7.51587772369,-8.17956256866,-8.22055339813,-10.9923048019],"median":[-6.13411140442,-6.42418479919,-7.33141136169,-8.01900863647,-8.12588500977,-10.8911151886],"min":[-26.9597835541,-27.5464382172,-27.125415802,-27.1528587341,-27.3224391937,-27.3238887787],"var":[2.11409163475,1.97151899338,1.96595203876,1.89976942539,1.80900216103,0.956858158112]},"spectral_decrease":{"dmean":7.25587945283e-9,"dmean2":1.21295808952e-8,"dvar":1.67425366152e-16,"dvar2":4.51368822757e-16,"max":1.21704575307e-8,"mean":-1.23171401967e-8,"median":-9.6124264104e-9,"min":-1.52372678031e-7,"var":1.88802955729e-16},"spectral_energy":{"dmean":0.0273499675095,"dmean2":0.0456579700112,"dvar":0.00238588219509,"dvar2":0.00644118851051,"max":0.579139828682,"mean":0.0708582028747,"median":0.063437871635,"min":1.10509068015e-20,"var":0.00270128855482},"spectral_energyband_high":{"dmean":0.000143162716995,"dmean2":0.000208118392038,"dvar":1.34845862476e-7,"dvar2":2.65357130047e-7,"max":0.0168012734503,"mean":0.000404958002036,"median":0.0000700579985278,"min":7.8437821638e-21,"var":5.89252522332e-7},"spectral_energyband_low":{"dmean":0.0234690047801,"dmean2":0.0395479686558,"dvar":0.00192553759553,"dvar2":0.00526450993493,"max":0.497711002827,"mean":0.0390846915543,"median":0.0276265889406,"min":1.05430944438e-22,"var":0.0018919557333},"spectral_energyband_middle_high":{"dmean":0.000743979820982,"dmean2":0.00114745157771,"dvar":0.00000190128741906,"dvar2":0.00000427163331551,"max":0.0407592244446,"mean":0.00250412570313,"median":0.000587875547353,"min":1.56065353627e-21,"var":0.0000146090933413},"spectral_energyband_middle_low":{"dmean":0.00615227641538,"dmean2":0.00998580735177,"dvar":0.000068538422056,"dvar2":0.000175502762431,"max":0.148443415761,"mean":0.0171091146767,"median":0.0131536675617,"min":3.04769582352e-22,"var":0.000239763015998},"spectral_entropy":{"dmean":0.386763900518,"dmean2":0.611491560936,"dvar":0.161906674504,"dvar2":0.412217199802,"max":9.81692218781,"mean":6.953373909,"median":7.04964542389,"min":4.17404651642,"var":0.504295229912},"spectral_flux":{"dmean":0.0393060110509,"dmean2":0.0648036450148,"dvar":0.00304685765877,"dvar2":0.00658831652254,"max":0.648428380489,"mean":0.12914031744,"median":0.122374035418,"min":1.05123292016e-10,"var":0.00573829608038},"spectral_kurtosis":{"dmean":6.55789899826,"dmean2":10.6653728485,"dvar":92.0519180298,"dvar2":243.923736572,"max":135.886413574,"mean":16.7770957947,"median":14.3506975174,"min":-1.24665105343,"var":136.695541382},"spectral_rms":{"dmean":0.00142586266156,"dmean2":0.00230687833391,"dvar":0.00000388808803109,"dvar2":0.0000100345969258,"max":0.0237700343132,"mean":0.00779136456549,"median":0.00786705873907,"min":3.283499991e-12,"var":0.00000842470126372},"spectral_rolloff":{"dmean":1650.44946289,"dmean2":3230.65917969,"dvar":29309238,"dvar2":77764888,"max":22028.4667969,"mean":9232.74804688,"median":495.263671875,"min":43.06640625,"var":110400336},"spectral_skewness":{"dmean":0.612452805042,"dmean2":0.962716221809,"dvar":0.552640199661,"dvar2":1.41974210739,"max":9.62521648407,"mean":2.99023127556,"median":2.85711956024,"min":-1.3204832077,"var":1.25445508957},"spectral_spread":{"dmean":731263.8125,"dmean2":1173120.875,"dvar":593711923200,"dvar2":1364080852990,"max":41469632,"mean":4291701.5,"median":4124290.25,"min":1016578.0625,"var":2013684432900},"spectral_strongpeak":{"dmean":7.78026485443,"dmean2":13.9852647781,"dvar":499.480773926,"dvar2":1325.91589355,"max":253.420303345,"mean":9.22820854187,"median":0.34334525466,"min":0,"var":744.698791504},"zerocrossingrate":{"dmean":0.0383067652583,"dmean2":0.0496719889343,"dvar":0.00155647716019,"dvar2":0.00241277460009,"max":0.87060546875,"mean":0.244510903955,"median":0.19482421875,"min":0.0029296875,"var":0.0320521965623}},"metadata":{"audio_properties":{"analysis_sample_rate":44100,"bit_rate":160000,"codec":"mp3","downmix":"mix","equal_loudness":0,"length":228.83265686,"lossless":false,"md5_encoded":"0fdc8b5238d7b5f3af340f168b8d04fd","replay_gain":-9.305727005,"sample_rate":44100},"tags":{"album":["In Rainbows"],"album artist credit":["Radiohead"],"albumartist":["Radiohead"],"albumartistsort":["Radiohead"],"artist":["Radiohead"],"artist credit":["Radiohead"],"artistsort":["Radiohead"],"bpm":["0"],"catalognumber":["88088-21623-1"],"copyright":["_XURBIA_XENDLESS LIMITED"],"date":["2008-01-01"],"discnumber":["1/1"],"file_name":"05 - Radiohead - All I Need.mp3","genre":["Alternative Pop / Rock"],"isrc":["GB-STK-07-00005"],"label":["RED Distribution, LLC"],"language":["eng"],"media":["12\" Vinyl"],"musicbrainz album release country":["US"],"musicbrainz album type":["album"],"musicbrainz_albumartistid":["a74b1b7f-71a5-4011-9441-d0b5e4122711"],"musicbrainz_albumid":["219e7d7c-806c-44b3-9972-cdb3614b3411"],"musicbrainz_artistid":["a74b1b7f-71a5-4011-9441-d0b5e4122711"],"musicbrainz_recordingid":["b1a5f3d3-84f2-4efa-9179-52a95d1fe65e"],"musicbrainz_releasegroupid":["6e335887-60ba-38f0-95af-fae7774336bf"],"originaldate":["2007-10-10"],"replaygain_album_gain":["0.00 dB"],"replaygain_album_peak":["0.000000"],"replaygain_track_gain":["0.00 dB"],"replaygain_track_peak":["0.000000"],"script":["Latn"],"title":["All I Need"],"tracknumber":["5/10"]},"version":{"essentia":"2.1-beta1","essentia_build_sha":"5a811adb4c06fd6d02ca903f7349a26d851abfa8","essentia_git_sha":"v2.1_beta1-34-gf95df8b","extractor":"music 1.0"}},"rhythm":{"beats_count":336,"beats_loudness":{"dmean":0.0372505448759,"dmean2":0.0654904469848,"dvar":0.00129626062699,"dvar2":0.00406303163618,"max":0.310684651136,"mean":0.0779255405068,"median":0.0741496086121,"min":3.0070037127e-8,"var":0.00176290422678},"beats_loudness_band_ratio":{"dmean":[0.170087412,0.0967481359839,0.0492526367307,0.0204840525985,0.0135379154235,0.0868358537555],"dmean2":[0.288423925638,0.161406904459,0.08832