{"lowlevel":{"average_loudness":0.15643055737,"barkbands":{"dmean":[0.00203654030338,0.004366686102,0.00120724178851,0.000710404594429,0.00121459248476,0.00212697917596,0.00086426344933,0.000580086139962,0.000731601379812,0.000551033590455,0.000396400515456,0.000409957021475,0.000430370448157,0.000361450511264,0.0004179335956,0.00028831596137,0.000232462203712,0.000181584691745,0.000101815683593,0.0000718106384738,0.0000636321201455,0.0000248205069511,0.0000109285565486,0.00000443695353169,0.00000198852626454,0.00000742267638998,0.000342499872204],"dmean2":[0.00346211995929,0.00746250757948,0.00209198636003,0.0011968347244,0.00200836732984,0.00340199703351,0.00140610884409,0.000976508425083,0.00121362821665,0.000903971027583,0.000648184330203,0.000680685567204,0.000718598254025,0.000602012616582,0.000703179743141,0.000477956113173,0.000384582497645,0.000306886067847,0.00016497739125,0.000111602726975,0.0000951110487222,0.0000354681869794,0.0000150637933984,0.00000612611165707,0.00000314009230351,0.00000950062894844,0.000517800974194],"dvar":[0.0000187054793059,0.0000396447285311,0.0000063835709625,0.00000169934662608,0.00000924047617445,0.0000448625687568,0.0000073041323958,0.00000384787472285,0.00000486285671286,0.0000022067433747,0.00000125265410134,6.85314319071e-7,4.9985123951e-7,3.0880516988e-7,4.03954544481e-7,2.1308171938e-7,1.27845510178e-7,1.08653104292e-7,1.34742592195e-7,5.66083606657e-8,6.33518197901e-8,6.46324149756e-9,5.81966641544e-10,8.54991910604e-11,1.26339815346e-11,2.17398585245e-10,1.83144365451e-7],"dvar2":[0.0000485545351694,0.000108044172521,0.0000170338571479,0.00000422328139393,0.0000219268749788,0.000111162866233,0.0000173571261257,0.0000103801339719,0.0000136560720421,0.00000559819591217,0.00000313120699502,0.00000168134033629,0.00000135847130878,8.12538871742e-7,0.00000111350902898,5.52228357265e-7,3.41700825857e-7,2.81829983351e-7,2.88203267473e-7,1.11347183918e-7,1.25343746049e-7,1.08290638678e-8,1.02001085356e-9,1.3893927675e-10,3.01042420159e-11,3.06711489539e-10,4.36500187107e-7],"max":[0.22913390398,0.133568555117,0.119289547205,0.0443833507597,0.134293660522,0.156956627965,0.144396826625,0.0976753309369,0.060387916863,0.0511706098914,0.0394531860948,0.0320958122611,0.0145737146959,0.0150532415137,0.015094904229,0.0122748687863,0.00619794428349,0.00857692584395,0.0310964882374,0.0096380924806,0.00894916243851,0.00445663556457,0.000799884204753,0.000217446373426,0.0000929432426346,0.000279079948086,0.0129598286003],"mean":[0.00215088622645,0.00577949779108,0.00144690391608,0.000891876232345,0.00166782957967,0.00312094716355,0.00141535617877,0.000885349232703,0.00113134807907,0.000843071728013,0.000624097068794,0.000718618335668,0.000777749461122,0.000679240270983,0.000789864396211,0.00058480881853,0.000461554824142,0.000303083128529,0.000173718304723,0.000126990082208,0.000117561387015,0.0000543942078366,0.0000248954547715,0.00000913151325221,0.00000287998886961,0.0000173216758412,0.00124487269204],"median":[0.000801121408585,0.00334616214968,0.00067219446646,0.000405266298912,0.000680077122524,0.000496399006806,0.000353035167791,0.000227154319873,0.000311835116008,0.000249881879427,0.000238011707552,0.000437651469838,0.000498032313772,0.000460192648461,0.000529173994437,0.000363441271475,0.000332573486958,0.000170482453541,0.0000740815448808,0.0000448876453447,0.0000306678266497,0.0000148418439494,0.00000604053047937,0.00000247411026066,0.00000122894084598,0.00000449930303148,0.00115036428906],"min":[9.18861731135e-25,4.21449056943e-24,1.25112018226e-24,2.49779986649e-24,1.1638669991e-23,1.09718127357e-23,1.5187923231e-23,1.41977623777e-23,1.36269000282e-23,2.04277740218e-23,3.09337856922e-23,3.57352475452e-23,3.28957774268e-23,4.31853161984e-23,2.72176355171e-23,8.62639279154e-23,8.1991217439e-23,1.04201533117e-22,1.50972035958e-22,1.96267040741e-22,2.93843417053e-22,3.46290550346e-22,3.87321010941e-22,6.16304284366e-22,9.75483837405e-22,1.32449680353e-21,2.14134826072e-21],"var":[0.0000218687764573,0.0000545236071048,0.00000765335244068,0.00000258068143921,0.0000132051836772,0.0000836954350234,0.0000187060704775,0.0000070972814683,0.00000884413202584,0.0000041458515625,0.00000242235546466,0.00000127817213524,0.00000105218816771,6.77309799357e-7,9.01918610907e-7,5.50605136596e-7,2.90546523729e-7,1.85154235055e-7,2.1250843929e-7,1.3817037825e-7,1.73675587689e-7,2.26210161713e-8,2.12521400478e-9,3.02087271864e-10,2.07835207378e-11,9.44044620255e-10,0.00000143696604482]},"barkbands_crest":{"dmean":3.22475147247,"dmean2":5.46629858017,"dvar":7.84169912338,"dvar2":21.7254428864,"max":26.3735351562,"mean":9.69250392914,"median":8.45562934875,"min":2.22770690918,"var":22.6322040558},"barkbands_flatness_db":{"dmean":0.0272187273949,"dmean2":0.0445594340563,"dvar":0.000725488003809,"dvar2":0.00200498080812,"max":0.519115447998,"mean":0.134834721684,"median":0.116612136364,"min":0.0278269425035,"var":0.00444386713207},"barkbands_kurtosis":{"dmean":6.63522863388,"dmean2":11.3603515625,"dvar":797.855773926,"dvar2":2584.2487793,"max":977.90032959,"mean":9.30038547516,"median":2.28834414482,"min":-1.75103867054,"var":957.477539062},"barkbands_skewness":{"dmean":0.661425054073,"dmean2":1.08766758442,"dvar":0.837803125381,"dvar2":2.46529436111,"max":22.7162494659,"mean":1.91849815845,"median":1.51034188271,"min":-2.10492229462,"var":2.96587848663},"barkbands_spread":{"dmean":7.91613721848,"dmean2":12.547586441,"dvar":59.3209037781,"dvar2":144.982711792,"max":112.827819824,"mean":35.9748077393,"median":35.7984924316,"min":0.14891782403,"var":474.670349121},"dissonance":{"dmean":0.0162549316883,"dmean2":0.0276047382504,"dvar":0.000318376987707,"dvar2":0.000883367320057,"max":0.500000119209,"mean":0.473990827799,"median":0.48198851943,"min":0.293503969908,"var":0.000607582682278},"dynamic_complexity":5.51836681366,"erbbands":{"dmean":[0.206627398729,0.772183358669,1.33512413502,1.6907030344,3.2191734314,4.52076005936,8.1038646698,21.218503952,13.8653125763,13.3111543655,12.5487976074,16.8218669891,15.825676918,16.1630496979,15.6341695786,15.8968811035,19.1590957642,15.3234491348,20.8307476044,19.1746120453,13.755317688,12.7456998825,9.98384094238,6.58768606186,4.38556957245,3.39734244347,3.12060379982,1.90009403229,0.967947006226,0.552723288536,0.282451122999,0.126135066152,0.0589005053043,0.0248219501227,0.0133629618213,0.0127476938069,0.0146232331172,0.0166596677154,0.0104152811691,0.00797731708735],"dmean2":[0.356144219637,1.3118571043,2.30544042587,2.8527610302,5.35614490509,7.54131174088,13.289513588,34.0336074829,22.3787956238,21.8886470795,21.0417366028,28.1075077057,25.8207035065,25.967874527,25.6516151428,26.1938610077,31.9469432831,25.1655387878,34.9113044739,32.1327972412,22.5862293243,21.1205043793,16.7627449036,10.8145685196,7.15346813202,5.29318475723,4.72688913345,2.82523369789,1.39855718613,0.76554197073,0.397589027882,0.172587200999,0.082909218967,0.0378333292902,0.021392788738,0.0180408861488,0.0186191368848,0.0211533885449,0.0137000214309,0.0119938338175],"dvar":[0.0887566134334,1.42204916477,7.38497018814,9.40026950836,47.130405426,185.758728027,522.751464844,5181.32421875,2339.61743164,1438.36730957,1836.65319824,2931.69848633,1870.03491211,1878.18640137,1743.52648926,797.736999512,1085.25671387,623.570983887,950.552246094,875.505981445,507.914611816,378.263061523,303.147033691,268.98727417,386.744598389,117.702270508,151.156707764,59.8200531006,11.3257198334,2.19241189957,0.35753557086,0.0713972970843,0.0149051044136,0.00193542183843,0.000593818956986,0.000552122364752,0.00091151765082,0.0014759254409,0.000789272366092,0.0000933856281335],"dvar2":[0.247985750437,3.79800391197,19.3856678009,24.2741756439,114.020202637,435.562896729,1327.63623047,12879.8984375,5775.18994141,3611.76660156,5376.78222656,8210.62792969,4985.91699219,4400.49267578,4386.55175781,2031.19885254,2929.75244141,1592.79626465,2586.18823242,2335.49169922,1308.28771973,1004.93963623,788.31427002,572.926879883,907.407592773,227.001831055,284.468719482,117.947723389,19.7770805359,3.72956776619,0.63508617878,0.115717850626,0.025643568486,0.00426036585122,0.00145467661787,0.000962547550444,0.00126282637939,0.00248508178629,0.00121052493341,0.000220499190618],"max":[3.75914406776,30.8817043304,136.480117798,88.0799179077,194.483642578,772.038085938,525.764343262,1669.14477539,2663.51269531,1491.15612793,1694.29858398,1773.08044434,1591.69018555,1636.40161133,1693.82702637,772.748291016,764.873596191,881.675170898,574.077697754,992.582214355,511.385345459,328.214904785,347.577209473,1068.10668945,1638.91845703,374.911407471,397.147644043,313.283721924,186.631332397,60.247013092,19.573633194,5.90898799896,2.89636349678,1.14392840862,0.609102129936,0.523197829723,0.625357091427,1.81602239609,1.24746119976,0.309881031513],"mean":[0.241200253367,1.02028024197,1.72577798367,2.3688519001,4.3261680603,5.60946512222,11.3268041611,30.2362995148,23.1411895752,21.5194339752,20.2379875183,25.8148155212,25.5179748535,26.4967479706,27.0073871613,30.4539813995,36.2896270752,32.0453186035,41.6597633362,39.1090965271,29.4639568329,26.4850330353,18.2553043365,11.4182977676,7.60212373734,6.03872728348,5.73179388046,3.58040976524,2.06335377693,1.24992108345,0.644947469234,0.276655316353,0.113639391959,0.0398898907006,0.0180631428957,0.0239030681551,0.0345989577472,0.0443357340991,0.0355144478381,0.0351393893361],"median":[0.126194268465,0.566924631596,0.881804347038,1.29141664505,1.94455528259,1.99132323265,2.94377231598,4.30956554413,5.10921096802,5.15760040283,5.92710208893,6.92978906631,7.74903678894,9.10612201691,12.5382289886,19.7682571411,23.8759117126,22.5846672058,30.1993103027,25.769908905,19.0325927734,19.4751853943,11.5176811218,5.41056537628,3.22018718719,2.17777872086,1.54829144478,0.961513161659,0.569138288498,0.310364305973,0.153790175915,0.0685930177569,0.0335280969739,0.0157433785498,0.00789136439562,0.0083525814116,0.00906018074602,0.0116422511637,0.01898040995,0.0345089398324],"min":[6.42443588047e-23,1.22493412595e-21,2.1581895449e-21,5.52598654451e-21,5.00836438215e-20,2.44377894243e-20,4.21773028927e-20,1.03437397561e-19,1.90388878718e-19,4.59407685309e-19,3.3101651049e-19,4.0635575879e-19,4.46145705344e-19,9.94817345686e-19,1.59513850537e-18,1.33013320496e-18,1.68796295595e-18,2.8574172575e-18,3.14378222248e-18,2.45785862275e-18,5.84853378535e-18,4.75453903518e-18,6.5024146829e-18,8.45060783238e-18,6.67330523437e-18,8.9395311314e-18,9.44157020622e-18,1.0768561469e-17,1.17291969201e-17,1.25100057875e-17,1.20254789534e-17,1.06496211687e-17,1.05094057831e-17,8.58855095287e-18,7.15601227109e-18,4.40577032402e-18,2.40174103563e-18,1.03863909979e-18,2.59596573179e-19,2.97660361816e-20],"var":[0.103001669049,1.98411071301,9.24263381958,14.5316781998,67.1600952148,237.657272339,869.207580566,9166.11035156,5384.22802734,3124.71142578,3487.6640625,5022.97412109,3422.52783203,4050.30737305,3444.72485352,1756.07714844,2312.46118164,1507.1784668,2216.91333008,2217.36083984,1368.90576172,916.372741699,576.757263184,484.857452393,504.262390137,300.306762695,425.306884766,156.797988892,36.5914039612,7.47392606735,1.35581421852,0.270179927349,0.0479456372559,0.00416975142434,0.000836836057715,0.00175395526458,0.00389712559991,0.00741796381772,0.00493046687916,0.000929273432121]},"erbbands_crest":{"dmean":2.41591715813,"dmean2":4.01287555695,"dvar":5.50364351273,"dvar2":13.6757726669,"max":29.1876106262,"mean":8.11346149445,"median":7.14530754089,"min":2.23967456818,"var":12.3056621552},"erbbands_flatness_db":{"dmean":0.0201154053211,"dmean2":0.0314103588462,"dvar":0.000337161764037,"dvar2":0.000867170107085,"max":0.319081276655,"mean":0.149609774351,"median":0.147643387318,"min":0.0324072279036,"var":0.00138710031752},"erbbands_kurtosis":{"dmean":1.11072182655,"dmean2":1.81097817421,"dvar":3.47324037552,"dvar2":9.03211784363,"max":63.2977905273,"mean":1.14765906334,"median":0.62961602211,"min":-1.61821579933,"var":6.69593286514},"erbbands_skewness":{"dmean":0.366621136665,"dmean2":0.579476773739,"dvar":0.114341728389,"dvar2":0.276203036308,"max":5.40119075775,"mean":-0.0541223734617,"median":-0.182240858674,"min":-4.45660877228,"var":0.711973190308},"erbbands_spread":{"dmean":5.23309326172,"dmean2":8.34275531769,"dvar":26.7312717438,"dvar2":66.1665878296,"max":102.902915955,"mean":25.2469959259,"median":23.3906593323,"min":3.87898588181,"var":120.71723175},"gfcc":{"cov":[[24024.6640625,-704.854064941,-3238.01977539,145.218322754,859.911987305,-1259.62109375,267.003845215,-758.848388672,418.391357422,-301.935119629,-76.8947601318,-62.1343574524,-368.598815918],[-704.854064941,1083.00683594,303.86227417,-417.718688965,24.8328456879,57.335899353,-12.6676893234,29.6073226929,10.7633466721,-46.9054374695,54.1854286194,-75.7735519409,138.120498657],[-3238.01977539,303.86227417,911.116638184,21.9424438477,-253.417282104,258.220428467,-99.5589294434,150.750747681,-86.0667877197,76.5941238403,19.1672344208,24.4564990997,59.0402183533],[145.218322754,-417.718688965,21.9424438477,453.991760254,29.4468383789,-54.9927635193,17.0974884033,-16.9564247131,-22.2937011719,54.2088050842,-8.32656574249,48.2100334167,-78.7671279907],[859.911987305,24.8328456879,-253.417282104,29.4468383789,322.340637207,-30.353313446,42.533908844,-69.4807434082,31.8497619629,-49.7541503906,14.3889045715,-28.7660369873,3.7627863884],[-1259.62109375,57.335899353,258.220428467,-54.9927635193,-30.353313446,273.563873291,-6.78976154327,78.2253494263,-50.0737686157,-0.039938185364,-15.1904592514,6.381731987,38.0967750549],[267.003845215,-12.6676893234,-99.5589294434,17.0974884033,42.533908844,-6.78976154327,140.758407593,-5.60316467285,21.4368972778,-11.54570961,-8.29009532928,-10.4235677719,-2.20780587196],[-758.848388672,29.6073226929,150.750747681,-16.9564247131,-69.4807434082,78.2253494263,-5.60316467285,134.354537964,9.82915592194,34.0522842407,2.64603281021,-7.78266954422,9.68894577026],[418.391357422,10.7633466721,-86.0667877197,-22.2937011719,31.8497619629,-50.0737686157,21.4368972778,9.82915592194,108.763519287,30.344625473,13.2719755173,-0.769448399544,-15.6642503738],[-301.935119629,-46.9054374695,76.5941238403,54.2088050842,-49.7541503906,-0.039938185364,-11.54570961,34.0522842407,30.344625473,88.5052108765,35.5463752747,17.1441612244,-9.41231918335],[-76.8947601318,54.1854286194,19.1672344208,-8.32656574249,14.3889045715,-15.1904592514,-8.29009532928,2.64603281021,13.2719755173,35.5463752747,68.5489730835,26.7255268097,10.6749820709],[-62.1343574524,-75.7735519409,24.4564990997,48.2100334167,-28.7660369873,6.381731987,-10.4235677719,-7.78266954422,-0.769448399544,17.1441612244,26.7255268097,73.0860671997,12.7522268295],[-368.598815918,138.120498657,59.0402183533,-78.7671279907,3.7627863884,38.0967750549,-2.20780587196,9.68894577026,-15.6642503738,-9.41231918335,10.6749820709,12.7522268295,83.378112793]],"icov":[[0.0000948875895119,-0.000124219761346,0.000343566265656,-0.000129552165163,0.0000783433497418,0.0000283687222691,0.0000828667980386,0.00014947145246,-0.00015488351346,0.000106797815533,0.0000712890978321,-0.000112488807645,0.000218952074647],[-0.000124219761346,0.00291845295578,-0.00220436416566,0.00205670297146,-0.00082163134357,0.00109972734936,-0.000741124153137,0.000333518604748,-0.000722659984604,0.00159865582827,-0.00267980084755,0.00283626513556,-0.00244963052683],[0.000343566265656,-0.00220436416566,0.00505829462782,-0.00305524631403,0.00296572293155,-0.00300077581778,0.00205178372562,-0.000158631315571,-0.000222740345635,-0.000236822786974,-0.000649664259981,0.000329246919136,-0.0000233152659348],[-0.000129552165163,0.00205670297146,-0.00305524631403,0.0074514169246,-0.00463367020711,0.00378818437457,-0.00233133765869,-0.00108349462971,0.00462896563113,-0.00593958748505,0.00531980348751,-0.00570141430944,0.00415544398129],[0.0000783433497418,-0.00082163134357,0.00296572293155,-0.00463367020711,0.00852598808706,-0.00414546811953,0.00116443319712,0.00301685766317,-0.00520932301879,0.00718044443056,-0.00837212521583,0.00747262546793,-0.00381951685995],[0.0000283687222691,0.00109972734936,-0.00300077581778,0.00378818437457,-0.00414546811953,0.00874694809318,-0.00192999630235,-0.0036084279418,0.00438742898405,-0.00291266990826,0.00557060493156,-0.00488394359127,0.00109509925824],[0.0000828667980386,-0.000741124153137,0.00205178372562,-0.00233133765869,0.00116443319712,-0.00192999630235,0.00883899908513,0.0000556879313081,-0.00274025625549,0.00206584413536,-0.000922377803363,0.0021311964374,-0.00149382057134],[0.00014947145246,0.000333518604748,-0.000158631315571,-0.00108349462971,0.00301685766317,-0.0036084279418,0.0000556879313081,0.0128804398701,-0.00448776083067,-0.000382886413718,-0.00288504757918,0.00559686264023,-0.00215862458572],[-0.00015488351346,-0.000722659984604,-0.000222740345635,0.00462896563113,-0.00520932301879,0.00438742898405,-0.00274025625549,-0.00448776083067,0.0184272471815,-0.0124605288729,0.0080194119364,-0.00802049227059,0.00597771070898],[0.000106797815533,0.00159865582827,-0.000236822786974,-0.00593958748505,0.00718044443056,-0.00291266990826,0.00206584413536,-0.000382886413718,-0.0124605288729,0.0309476908296,-0.0205360986292,0.00994041934609,-0.00425199652091],[0.0000712890978321,-0.00267980084755,-0.000649664259981,0.00531980348751,-0.00837212521583,0.00557060493156,-0.000922377803363,-0.00288504757918,0.0080194119364,-0.0205360986292,0.0364585109055,-0.0196922048926,0.00591573491693],[-0.000112488807645,0.00283626513556,0.000329246919136,-0.00570141430944,0.00747262546793,-0.00488394359127,0.0021311964374,0.00559686264023,-0.00802049227059,0.00994041934609,-0.0196922048926,0.0313543975353,-0.0121735464782],[0.000218952074647,-0.00244963052683,-0.0000233152659348,0.00415544398129,-0.00381951685995,0.00109509925824,-0.00149382057134,-0.00215862458572,0.00597771070898,-0.00425199652091,0.00591573491693,-0.0121735464782,0.0225924067199]],"mean":[-42.6906661987,95.3773574829,-91.4442443848,-7.75734567642,-6.23395824432,-11.1259040833,-4.28207492828,-14.9006462097,4.23307991028,-6.31046915054,-1.29567778111,-1.56014668941,-2.08575463295]},"hfc":{"dmean":48.173614502,"dmean2":77.5263671875,"dvar":5882.06933594,"dvar2":14709.1943359,"max":2858.39575195,"mean":179.828384399,"median":160.421234131,"min":1.08856075257e-16,"var":30506.7304688},"melbands":{"dmean":[0.00149885029532,0.000735136913136,0.000321764033288,0.000263395661023,0.00026386132231,0.000450858933618,0.000203548930585,0.000141090844409,0.000106763254735,0.000106785351818,0.0000815803869045,0.0000690253655193,0.0000536520346941,0.0000461370837002,0.0000490416277898,0.0000397651201638,0.000030733528547,0.0000365516971215,0.0000319641330861,0.000023368611437,0.0000165562705661,0.0000146304591908,0.0000111902363642,0.00000881208507053,0.00000535267190571,0.00000377913170269,0.00000277173126051,0.00000230531031775,0.00000206805111702,0.00000172790180386,9.92205627881e-7,6.08434334026e-7,4.39318739609e-7,2.85202702344e-7,1.94516928786e-7,1.11201757136e-7,7.02324669533e-8,4.64934224453e-8,2.85140302481e-8,1.89603355238e-8],"dmean2":[0.00254270783626,0.00125498673879,0.000537864398211,0.000435731606558,0.000433901615907,0.000721900491044,0.000327229441609,0.000232797174249,0.00017927394947,0.000177908164915,0.000133435736643,0.000111209323222,0.0000880638035596,0.0000761576520745,0.0000815604798845,0.0000664132385282,0.0000509836900164,0.0000615158278379,0.0000536935294804,0.0000390818677261,0.0000274435788015,0.0000244150378421,0.000018710792574,0.000015000784515,0.00000881725190993,0.00000622476591161,0.0000044702633204,0.0000036166186419,0.00000317292438012,0.00000261389754996,0.0000015120409671,8.96783149074e-7,6.37505252143e-7,4.07835017313e-7,2.86237167302e-7,1.58247402737e-7,1.00408847459e-7,6.71283615361e-8,4.21225436753e-8,2.99026474693e-8],"dvar":[0.00000460454339191,0.00000170160478774,3.2129378269e-7,4.41788898797e-7,5.08614448336e-7,0.00000222455082621,4.59121736185e-7,1.73788805569e-7,1.39019604717e-7,1.09300401618e-7,4.99805103971e-8,3.43733397301e-8,2.24841958385e-8,1.0837691633e-8,6.82572132149e-9,4.0805430146e-9,2.55234611224e-9,2.95718138865e-9,2.46144793437e-9,1.39458455894e-9,7.61616492095e-10,5.15040343707e-10,3.30621530154e-10,2.60047261502e-10,1.88180124261e-10,2.91281110343e-10,1.13926160172e-10,6.13761402812e-11,7.65876459474e-11,4.39237257677e-11,1.93634067114e-11,4.74368114234e-12,1.95002586127e-12,5.50842628889e-13,1.77740797341e-13,5.92697074688e-14,2.35885021639e-14,1.02838685172e-14,2.87746007204e-15,1.15716940221e-15],"dvar2":[0.0000126084687508,0.00000443891440227,8.04582384717e-7,0.00000101725663626,0.00000129792601911,0.00000551519815417,0.00000110112841867,4.42593773187e-7,4.14730067178e-7,3.03504975818e-7,1.32699071287e-7,8.11175553395e-8,5.72482825589e-8,2.59456420793e-8,1.78076806634e-8,1.10625597571e-8,6.63416743762e-9,8.11521072563e-9,6.76529898769e-9,3.70256425519e-9,2.00203853495e-9,1.38118549931e-9,8.83568274102e-10,6.74967637337e-10,4.02662875265e-10,6.90863311004e-10,2.61416749359e-10,1.22887880427e-10,1.52286808164e-10,9.08081734807e-11,4.0661189693e-11,8.88605855565e-12,3.66447367242e-12,1.00679425734e-12,3.53159531783e-13,1.10464934454e-13,4.27948285532e-14,1.88947165206e-14,5.62087548611e-15,2.74240024508e-15],"max":[0.0345530472696,0.0585526041687,0.0150553416461,0.0339492410421,0.0180798601359,0.0341331474483,0.0340239070356,0.0179406739771,0.0163154248148,0.0106869256124,0.00816292781383,0.00686187297106,0.00619548605755,0.00449240626767,0.00183417554945,0.00123989616986,0.00182865420356,0.000948188535403,0.00109663046896,0.00111669581383,0.000575797690544,0.000390474800952,0.000401591474656,0.000409970351029,0.000860961270519,0.001463869703,0.000773215433583,0.000250883225817,0.000293795601465,0.000301071937429,0.000212349361391,0.000120879769383,0.0000974522627075,0.000026218694984,0.0000134950287247,0.00000594861603531,0.00000406931121688,0.00000244944590122,0.00000116115643323,9.13239432521e-7],"mean":[0.00197959132493,0.00106184673496,0.000483778567286,0.000355059251888,0.000369605404558,0.000657734984998,0.000345615728293,0.00022413021361,0.000167404301465,0.000161169053172,0.000126667946461,0.00010814552661,0.0000879264698597,0.0000795053492766,0.0000865382462507,0.0000716045178706,0.000057759367337,0.0000674743569107,0.0000586290880165,0.0000457062960777,0.0000315702418447,0.0000276876398857,0.0000213457624341,0.0000134882766361,0.00000880439620232,0.00000607129959462,0.00000452527001471,0.00000387440786653,0.00000366619269698,0.00000298109534924,0.00000176077878677,0.00000119949368127,9.12351254101e-7,6.02566331054e-7,4.07258909263e-7,2.34180063785e-7,1.40838878337e-7,8.59899671468e-8,4.91160250249e-8,2.77009455374e-8],"median":[0.00116317451466,0.000632279377896,0.000272516277619,0.000149421452079,0.000102918522316,0.0000985865844996,0.0000785685188021,0.0000523741400684,0.0000478218717035,0.0000426398401032,0.0000369664339814,0.000034570817661,0.0000364132574759,0.0000455710796814,0.0000555121732759,0.0000454293258372,0.0000386136453017,0.0000480438611703,0.0000373264410882,0.0000281151587842,0.0000192390252778,0.0000196768669412,0.000014816161638,0.00000669802329867,0.00000390121476812,0.00000255148324868,0.00000177695233106,0.00000127498117308,9.48373326537e-7,7.50615697598e-7,4.62299453829e-7,3.35551419539e-7,2.19944567448e-7,1.45024188214e-7,9.17185900562e-8,5.57806103529e-8,3.47940343204e-8,2.40870221546e-8,1.67890163993e-8,1.14291420772e-8],"min":[8.75500709581e-25,1.49962004487e-24,1.48572248509e-24,2.04228140588e-24,1.19146454846e-24,2.39091000269e-24,2.94950004309e-24,4.55851399349e-24,2.7541993822e-24,2.07576440979e-24,1.92965494558e-24,3.49804867303e-24,4.60688654977e-24,3.98213987284e-24,2.40026727353e-24,3.51430157426e-24,4.25533226508e-24,4.27229001353e-24,2.30734951687e-24,3.93703872274e-24,5.30977502696e-24,4.21746457505e-24,5.6501314311e-24,4.5862345657e-24,6.25244329831e-24,3.97352985049e-24,6.21279830466e-24,5.18233375886e-24,5.09771264956e-24,5.81036722475e-24,4.69865079457e-24,5.63815139496e-24,6.01117137374e-24,5.44885514885e-24,6.11696077658e-24,5.0160971003e-24,5.87659525319e-24,6.04313365104e-24,6.87479657126e-24,6.82820407961e-24],"var":[0.0000061426717366,0.00000237897347688,5.38705592135e-7,6.13057579812e-7,8.49564628425e-7,0.00000408443338529,0.00000114886040592,3.55398640295e-7,2.52891538821e-7,1.88110348631e-7,8.86875497486e-8,7.16533108402e-8,4.3728384469e-8,1.94739122605e-8,1.41736258286e-8,8.68137295384e-9,5.36400657225e-9,6.08373262878e-9,5.35140776137e-9,3.33810556974e-9,1.73729108877e-9,1.08341469129e-9,6.86402434891e-10,4.07012284986e-10,3.27934845945e-10,3.61872865007e-10,1.67544395024e-10,1.48964507396e-10,1.91096485858e-10,1.15644230303e-10,4.14055872922e-11,1.38020324336e-11,5.74817147006e-12,1.61994094354e-12,5.67037031479e-13,1.97557343206e-13,7.46925579113e-14,2.9821102727e-14,7.70735522794e-15,1.97273676954e-15]},"melbands_crest":{"dmean":4.59394168854,"dmean2":7.74749660492,"dvar":14.8369140625,"dvar2":40.3754615784,"max":39.099105835,"mean":15.5875072479,"median":14.4054079056,"min":1.0017747879,"var":44.8900108337},"melbands_flatness_db":{"dmean":0.0362772867084,"dmean2":0.0590895973146,"dvar":0.00103087280877,"dvar2":0.00277051585726,"max":0.620604515076,"mean":0.239757105708,"median":0.220785364509,"min":-8.62865601192e-9,"var":0.00739271286875},"melbands_kurtosis":{"dmean":7.44436311722,"dmean2":12.6559362411,"dvar":587.601013184,"dvar2":1774.87817383,"max":813.896728516,"mean":10.7111215591,"median":3.49067759514,"min":-1.76526737213,"var":831.993286133},"melbands_skewness":{"dmean":0.774403631687,"dmean2":1.27739048004,"dvar":0.752204537392,"dvar2":2.09861087799,"max":21.0445632935,"mean":2.19648337364,"median":1.82873618603,"min":-1.05359959602,"var":2.73946619034},"melbands_spread":{"dmean":7.12908315659,"dmean2":11.469326973,"dvar":62.0763282776,"dvar2":149.508132935,"max":166.593063354,"mean":24.7439041138,"median":21.6226272583,"min":0.262715429068,"var":356.216003418},"mfcc":{"cov":[[17823.0292969,-348.377227783,-3552.94628906,939.108337402,-345.486724854,214.31211853,-642.215576172,47.8285713196,-235.613189697,-94.1234436035,99.4385910034,85.2796859741,-167.895462036],[-348.377227783,1468.79675293,108.373672485,-354.519958496,64.5052032471,-77.0136489868,34.2165298462,-30.7613620758,68.5174942017,-12.8390474319,-21.2976474762,-35.0620880127,8.58419132233],[-3552.94628906,108.373672485,1232.58312988,-187.784118652,22.7628517151,-61.8581848145,111.229934692,-10.1222829819,29.778181076,39.0604972839,-13.2309780121,-19.4391212463,37.8988990784],[939.108337402,-354.519958496,-187.784118652,439.760284424,1.56289958954,36.549949646,-32.0469055176,-23.8371925354,-48.5452232361,-10.3448553085,33.3418045044,35.7360610962,4.19433784485],[-345.486724854,64.5052032471,22.7628517151,1.56289958954,205.22102356,44.9769973755,31.1409702301,5.11689710617,1.05543088913,-14.4403343201,-3.13365125656,14.928068161,9.34990978241],[214.31211853,-77.0136489868,-61.8581848145,36.549949646,44.9769973755,138.957489014,40.4416160583,25.8154659271,1.60658848286,-8.70563220978,-16.7097549438,-1.15583622456,-5.2115983963],[-642.215576172,34.2165298462,111.229934692,-32.0469055176,31.1409702301,40.4416160583,136.533279419,33.8582878113,25.0479450226,-2.4554643631,-12.4562530518,-16.4122924805,-3.10648941994],[47.8285713196,-30.7613620758,-10.1222829819,-23.8371925354,5.11689710617,25.8154659271,33.8582878113,78.9180526733,27.8075065613,10.5648822784,-12.3482341766,-5.56906175613,-4.27570581436],[-235.613189697,68.5174942017,29.778181076,-48.5452232361,1.05543088913,1.60658848286,25.0479450226,27.8075065613,78.8800964355,32.31275177,0.874065160751,-9.10586547852,1.31684505939],[-94.1234436035,-12.8390474319,39.0604972839,-10.3448553085,-14.4403343201,-8.70563220978,-2.4554643631,10.5648822784,32.31275177,74.9867172241,29.7285194397,4.87349891663,1.21422052383],[99.4385910034,-21.2976474762,-13.2309780121,33.3418045044,-3.13365125656,-16.7097549438,-12.4562530518,-12.3482341766,0.874065160751,29.7285194397,73.1744537354,35.2094841003,7.07891654968],[85.2796859741,-35.0620880127,-19.4391212463,35.7360610962,14.928068161,-1.15583622456,-16.4122924805,-5.56906175613,-9.10586547852,4.87349891663,35.2094841003,63.2030487061,27.9641571045],[-167.895462036,8.58419132233,37.8988990784,4.19433784485,9.34990978241,-5.2115983963,-3.10648941994,-4.27570581436,1.31684505939,1.21422052383,7.07891654968,27.9641571045,53.002243042]],"icov":[[0.000192094055819,-0.000113963229524,0.000433512876043,-0.000227122247452,0.000280825886875,-0.000297503866022,0.000595918914769,-0.000488551275339,0.000361715385225,-0.0000172170748556,-0.000181017210707,0.0000199638488994,0.000256721803453],[-0.000113963229524,0.00102124549448,-0.000162178024766,0.000849005940836,-0.000542203779332,0.000611880444922,-0.000567957875319,0.00105938420165,-0.000989931868389,0.000465600372991,-0.0000508282500959,0.0003071227693,-0.000410960143199],[0.000433512876043,-0.000162178024766,0.00203958549537,-0.000115782568173,0.000464434677269,-0.0000247068637691,0.00022375775734,-0.00048097682884,0.00108679931145,-0.000878276885487,-0.0000111896933959,0.000296192214591,-0.000321425672155],[-0.000227122247452,0.000849005940836,-0.000115782568173,0.00360286328942,-0.000474280153867,-0.000211006190511,-0.000786083750427,0.00160561059602,0.000394754257286,0.000261755223619,-0.000861001899466,-0.000487111043185,-0.000556721934117],[0.000280825886875,-0.000542203779332,0.000464434677269,-0.000474280153867,0.00615462474525,-0.00227881688625,0.0000953850103542,-0.000539588334505,0.00035323027987,0.000947125488892,-0.0000710996027919,-0.00191229151096,0.000323061540257],[-0.000297503866022,0.000611880444922,-0.0000247068637691,-0.000211006190511,-0.00227881688625,0.0103455856442,-0.00379636557773,-0.000698124058545,-0.000235165134654,-0.000557704363018,0.00300047011115,-0.00133013655432,0.000452956213849],[0.000595918914769,-0.000567957875319,0.00022375775734,-0.000786083750427,0.0000953850103542,-0.00379636557773,0.0126442816108,-0.00509895291179,-0.00106439727824,0.00243062223308,-0.00262569612823,0.00301359687001,0.000552993966267],[-0.000488551275339,0.00105938420165,-0.00048097682884,0.00160561059602,-0.000539588334505,-0.000698124058545,-0.00509895291179,0.0191710609943,-0.00586305651814,-0.00214313645847,0.00463329767808,-0.0030018358957,0.000931645568926],[0.000361715385225,-0.000989931868389,0.00108679931145,0.000394754257286,0.00035323027987,-0.000235165134654,-0.00106439727824,-0.00586305651814,0.0206594895571,-0.0085145002231,0.000210130194318,0.00250036944635,-0.00178850325756],[-0.0000172170748556,0.000465600372991,-0.000878276885487,0.000261755223619,0.000947125488892,-0.000557704363018,0.00243062223308,-0.00214313645847,-0.0085145002231,0.0220053289086,-0.0104604968801,0.00311449891888,-0.000313700322295],[-0.000181017210707,-0.0000508282500959,-0.0000111896933959,-0.000861001899466,-0.0000710996027919,0.00300047011115,-0.00262569612823,0.00463329767808,0.000210130194318,-0.0104604968801,0.0266295708716,-0.0157164502889,0.0050082616508],[0.0000199638488994,0.0003071227693,0.000296192214591,-0.000487111043185,-0.00191229151096,-0.00133013655432,0.00301359687001,-0.0030018358957,0.00250036944635,0.00311449891888,-0.0157164502889,0.0329933688045,-0.0154605349526],[0.000256721803453,-0.000410960143199,-0.000321425672155,-0.000556721934117,0.000323061540257,0.000452956213849,0.000552993966267,0.000931645568926,-0.00178850325756,-0.000313700322295,0.0050082616508,-0.0154605349526,0.0276556629688]],"mean":[-702.45135498,159.872634888,-19.7721118927,21.269071579,9.27454566956,16.5940551758,-0.958968520164,6.42497634888,2.87662172318,4.09649944305,1.50686407089,5.01390886307,2.31044173241]},"pitch_salience":{"dmean":0.0819492340088,"dmean2":0.137768357992,"dvar":0.00488401716575,"dvar2":0.013605103828,"max":0.996069729328,"mean":0.565981805325,"median":0.595046758652,"min":0.0450630746782,"var":0.017807463184},"silence_rate_20dB":{"dmean":0,"dmean2":0,"dvar":0,"dvar2":0,"max":1,"mean":1,"median":1,"min":1,"var":0},"silence_rate_30dB":{"dmean":0.0119093060493,"dmean2":0.0238204300404,"dvar":0.0117670306936,"dvar2":0.0284457933158,"max":1,"mean":0.979847311974,"median":1,"min":0,"var":0.0197448991239},"silence_rate_60dB":{"dmean":0.0109932059422,"dmean2":0.0219880901277,"dvar":0.0108733493835,"dvar2":0.0250207427889,"max":1,"mean":0.195572525263,"median":0,"min":0,"var":0.157290816307},"spectral_centroid":{"dmean":208.832595825,"dmean2":319.31149292,"dvar":56232.484375,"dvar2":111291.570312,"max":11818.1220703,"mean":1230.25244141,"median":1175.23571777,"min":143.66293335,"var":622656.75},"spectral_complexity":{"dmean":3.53828525543,"dmean2":5.42815685272,"dvar":13.1482601166,"dvar2":27.7028980255,"max":63,"mean":22.3511447906,"median":26,"min":0,"var":183.573623657},"spectral_contrast_coeffs":{"dmean":[0.0522860735655,0.0491370372474,0.0351244173944,0.026632450521,0.0239647459239,0.027889277786],"dmean2":[0.0877313017845,0.0823726058006,0.0589984804392,0.0453337579966,0.0401049219072,0.0439728796482],"dvar":[0.00168068928178,0.00152757239994,0.000795127009042,0.00043573914445,0.000434554676758,0.000757133297157],"dvar2":[0.00465868832543,0.00417834986001,0.00221055885777,0.00122016482055,0.0011537327664,0.00183180009481],"max":[-0.408824801445,-0.45352011919,-0.591460704803,-0.622095823288,-0.622959136963,-0.486189484596],"mean":[-0.732457280159,-0.774465918541,-0.819204688072,-0.826183855534,-0.817456960678,-0.765768587589],"median":[-0.738056778908,-0.78516805172,-0.822920084,-0.822306632996,-0.802841603756,-0.750444531441],"min":[-0.975073516369,-0.973199009895,-0.982421159744,-0.986565887928,-0.976155877113,-0.964650392532],"var":[0.00513339787722,0.00528558855876,0.00287238205783,0.00173211528454,0.00339926942252,0.006146423053]},"spectral_contrast_valleys":{"dmean":[0.388507276773,0.363077014685,0.325083523989,0.288695007563,0.383727997541,0.450367420912],"dmean2":[0.653199613094,0.60192579031,0.525107145309,0.45812061429,0.604997634888,0.709849894047],"dvar":[0.0997935682535,0.0937789753079,0.0892563611269,0.0823825597763,0.163999304175,0.178091928363],"dvar2":[0.254730015993,0.230126291513,0.205448701978,0.186631977558,0.396146774292,0.447874009609],"max":[-5.18930006027,-4.19240427017,-4.97585344315,-5.37547254562,-5.45844650269,-8.98266983032],"mean":[-7.22004175186,-6.87438678741,-7.24178266525,-7.45434379578,-8.09579277039,-11.3192405701],"median":[-6.88307189941,-6.52163887024,-6.78505086899,-6.66946029663,-7.40446186066,-11.0210914612],"min":[-28.2616653442,-27.7845973969,-27.660238266,-27.6064815521,-27.5362911224,-27.3783073425],"var":[2.37567138672,2.79025626183,2.89886903763,3.72113490105,3.51977229118,1.98992156982]},"spectral_decrease":{"dmean":2.32108954279e-9,"dmean2":3.78215059271e-9,"dvar":1.02679840223e-17,"dvar2":2.64387305502e-17,"max":1.15068994333e-8,"mean":-4.28932223073e-9,"median":-3.13496051341e-9,"min":-7.33988159141e-8,"var":2.41663032801e-17},"spectral_energy":{"dmean":0.00929360743612,"dmean2":0.0148572251201,"dvar":0.000158794617164,"dvar2":0.000389752269257,"max":0.277856945992,"mean":0.0324998907745,"median":0.028625741601,"min":9.9598119527e-21,"var":0.000811562058516},"spectral_energyband_high":{"dmean":0.000273196870694,"dmean2":0.00038783805212,"dvar":2.94793238709e-7,"dvar2":4.90841841838e-7,"max":0.0197198260576,"mean":0.000924967345782,"median":0.00067748024594,"min":7.09685422654e-21,"var":0.00000168825988567},"spectral_energyband_low":{"dmean":0.00564993778244,"dmean2":0.00945622194558,"dvar":0.0000643124076305,"dvar2":0.000171299121575,"max":0.211673781276,"mean":0.00903931353241,"median":0.00628378335387,"min":2.96207929797e-23,"var":0.00010457944154},"spectral_energyband_middle_high":{"dmean":0.00184254860505,"dmean2":0.00286118872464,"dvar":0.0000074113681876,"dvar2":0.0000171820083779,"max":0.0643209218979,"mean":0.00589922256768,"median":0.00441494397819,"min":1.25418453296e-21,"var":0.0000388995067624},"spectral_energyband_middle_low":{"dmean":0.00409945752472,"dmean2":0.00657843239605,"dvar":0.0000714818233973,"dvar2":0.000177929687197,"max":0.179682806134,"mean":0.00934666674584,"median":0.00449360813946,"min":1.96411938712e-22,"var":0.000219981811824},"spectral_entropy":{"dmean":0.172441676259,"dmean2":0.27205953002,"dvar":0.0377009660006,"dvar2":0.098699182272,"max":9.82548522949,"mean":7.50747251511,"median":7.59866714478,"min":5.41963100433,"var":0.190085113049},"spectral_flux":{"dmean":0.0176356825978,"dmean2":0.0287074968219,"dvar":0.000360590958735,"dvar2":0.000924064777792,"max":0.347616761923,"mean":0.0986456423998,"median":0.105939246714,"min":6.43464587169e-11,"var":0.00291932676919},"spectral_kurtosis":{"dmean":6.12222719193,"dmean2":9.68712234497,"dvar":77.3483123779,"dvar2":205.451828003,"max":149.662109375,"mean":23.4663963318,"median":20.5402565002,"min":-1.24717068672,"var":178.778381348},"spectral_rms":{"dmean":0.000727681035642,"dmean2":0.00115777086467,"dvar":5.86400744851e-7,"dvar2":0.00000143361717164,"max":0.0164645053446,"mean":0.00497891707346,"median":0.00528465211391,"min":3.11719248504e-12,"var":0.00000691741342962},"spectral_rolloff":{"dmean":3442.61181641,"dmean2":6618.42724609,"dvar":45281244,"dvar2":119307504,"max":22050,"mean":17029.2539062,"median":21102.5390625,"min":21.533203125,"var":65004524},"spectral_skewness":{"dmean":0.478499442339,"dmean2":0.757138431072,"dvar":0.3479809165,"dvar2":0.917286396027,"max":10.0471630096,"mean":3.34631705284,"median":3.10064840317,"min":-0.109637089074,"var":1.21537590027},"spectral_spread":{"dmean":462813.75,"dmean2":719992.0625,"dvar":325349933056,"dvar2":735743770624,"max":42358536,"mean":3891082.5,"median":3651859,"min":714964.3125,"var":4046398423040},"spectral_strongpeak":{"dmean":5.45236158371,"dmean2":9.96533966064,"dvar":259.430084229,"dvar2":687.742248535,"max":238.398284912,"mean":4.54250955582,"median":0.167233243585,"min":0,"var":280.203063965},"zerocrossingrate":{"dmean":0.0405500456691,"dmean2":0.0534462556243,"dvar":0.00131623318885,"dvar2":0.00233022193424,"max":0.82177734375,"mean":0.31973618269,"median":0.32177734375,"min":0.00048828125,"var":0.010917622596}},"metadata":{"audio_properties":{"analysis_sample_rate":44100,"bit_rate":320000,"codec":"mp3","downmix":"mix","equal_loudness":0,"length":304.143676758,"lossless":false,"md5_encoded":"67b2fb6b88b294b2551cb83ce61b221a","replay_gain":-5.56241035461,"sample_rate":44100},"tags":{"album":["Jugulator"],"albumartist":["Judas Priest"],"albumartistsort":["Judas Priest"],"artist":["Judas Priest"],"artistsort":["Judas Priest"],"asin":["B000001YAN"],"date":["1997"],"discnumber":["1/1"],"file_name":"04. Judas Priest - Death Row.mp3","genre":["Heavy Metal"],"musicbrainz album release country":["GB"],"musicbrainz album status":["official"],"musicbrainz album type":["album"],"musicbrainz_albumartistid":["6b335658-22c8-485d-93de-0bc29a1d0349"],"musicbrainz_albumid":["9f65b0fc-63a8-41b2-aeb9-c8984a01d0b8"],"musicbrainz_artistid":["6b335658-22c8-485d-93de-0bc29a1d0349"],"musicbrainz_recordingid":["b1be20f7-6b3e-4282-b46d-9113424d4d18"],"musicip_puid":["2691ad17-33bf-aa2f-e7f5-3916d5a30eba"],"title":["Death Row"],"tracknumber":["4/10"]},"version":{"essentia":"2.1-beta1","essentia_build_sha":"ca57ba49d9b1854bd80e60cf9ccf267278fb7d6b","essentia_git_sha":"v2.1_beta1-28-g21ef5f4-dirty","extractor":"music 1.0"}},"rhythm":{"beats_count":591,"beats_loudness":{"dmean":0.0146198710427,"dmean2":0.0253389049321,"dvar":0.000400056131184,"dvar2":0.00115920626558,"max":0.240878850222,"mean":0.0389222688973,"median":0.0382087118924,"min":1.43247669282e-9,"var":0.000928272143938},"beats_loudness_band_ratio":{"dmean":[0.166597262025,0.093907892704,0.0670961663127,0.060312602669,0.0400938242674,0.078904338181],"dmean2":[0.292980968952,0.163123711944,0.118999697268,0.103343866765,0.0690043345094,0.135371178389],"dvar":[0.0172856990248,0.0114080831409,0.00598939135671,0.00494234263897,0.00163380126469,0.00528240250424],"dvar2":[0.0476820804179,0.0316646769643,0.017409009859,0.01429