{"lowlevel":{"average_loudness":0.727006912231,"barkbands":{"dmean":[0.000527238473296,0.00894021242857,0.00180891156197,0.00107780052349,0.00184846657794,0.000654897536151,0.000614559976384,0.000463051808765,0.000702032237314,0.000289949937724,0.000325586472172,0.000228200282436,0.000256039173109,0.000341321370797,0.000441877637058,0.000528513744939,0.000329732254613,0.000237774293055,0.000200136841158,0.00014921464026,0.000144379024277,0.000116601579066,0.000114012749691,0.0000994459114736,0.0000474839398521,0.0000409804197261,0.0000127060948216],"dmean2":[0.000720724754501,0.0141411004588,0.00309523171745,0.00195580744185,0.00312816654332,0.00106783944648,0.00102594762575,0.00077694223728,0.00114471337292,0.000474474363727,0.000541367160622,0.000374306517188,0.000415043556131,0.000561787863262,0.000723675417248,0.000865499838255,0.000539940374438,0.000376316107577,0.000314813689329,0.000230976482271,0.000207555844099,0.000156772162882,0.00014978206309,0.000129418593133,0.0000592686337768,0.0000562931891182,0.000018850341803],"dvar":[0.00000133766388899,0.000251461286098,0.0000168631704582,0.0000082103524619,0.0000144826772157,0.00000189739898815,0.0000016830789491,9.15043017358e-7,0.00000191986327991,4.48053242508e-7,6.85216605234e-7,2.23784439868e-7,2.51502200399e-7,4.86590181481e-7,6.56847475966e-7,0.00000141089515182,3.58117659971e-7,1.97230377808e-7,1.14605022361e-7,7.04015690189e-8,9.69304139176e-8,6.07821988297e-8,5.53950592064e-8,4.82386681711e-8,1.04308419679e-8,9.96637439243e-9,1.73698655459e-9],"dvar2":[0.00000244651505454,0.000681570847519,0.0000448160571977,0.0000235942006839,0.0000393343398173,0.0000047261992222,0.00000432903334513,0.00000241716998062,0.00000496415987072,0.00000116464843813,0.00000181517486908,6.03517264608e-7,6.5269159677e-7,0.00000128708302327,0.00000170914358932,0.00000385277689929,9.54966026256e-7,4.7013216431e-7,2.84731044076e-7,1.74474237724e-7,2.06146708592e-7,1.04139687096e-7,9.89199477885e-8,8.6896143614e-8,1.71161875784e-8,1.98365395221e-8,4.07006073289e-9],"max":[0.0211978834122,0.186156019568,0.0581325888634,0.0466300994158,0.0649827867746,0.0334008298814,0.0269940961152,0.0140786906704,0.0349750220776,0.0149325095117,0.0229328926653,0.0120819546282,0.011242935434,0.0158993732184,0.0122768711299,0.0220492221415,0.0136175937951,0.00868433341384,0.00680267438293,0.00982456374913,0.00790261197835,0.00942493416369,0.00366214616224,0.00407291855663,0.00202488759533,0.00256538647227,0.000874827615917],"mean":[0.00125115457922,0.0180779621005,0.00309754046611,0.00110694358591,0.00230338005349,0.000970080087427,0.000849041738547,0.000593628210481,0.00110421108548,0.000427356600994,0.000501463830005,0.000361760146916,0.000407226267271,0.000568190414924,0.000710907857865,0.000970253546257,0.000629247108009,0.000432490138337,0.000421340664616,0.000311510288157,0.000273662386462,0.000241683083004,0.000194697044208,0.000171269319253,0.000084384024376,0.0000650632355246,0.0000152393986355],"median":[0.000176967500011,0.0105881886557,0.000830726581626,0.000357597396942,0.00088472745847,0.000270347401965,0.000298407889204,0.000209258112591,0.000451508938568,0.000151500076754,0.00014488567831,0.000154243374709,0.000186284843949,0.000234880237258,0.000251208810369,0.000228247852647,0.000283054425381,0.000163690405316,0.000184809483471,0.000155146335601,0.000121487682918,0.0000977350428002,0.0000495449276059,0.0000311380717903,0.0000126643408294,0.00000517769240105,3.88771752569e-7],"min":[4.74378448519e-25,3.53714067519e-24,1.16419066873e-24,3.03105726594e-25,1.00462430245e-23,7.57746890056e-24,1.23068627879e-23,7.13377014011e-24,1.75038484548e-23,1.60340759483e-23,1.37948974243e-23,3.5011199452e-23,4.12420015346e-23,4.73526317025e-23,5.9393009388e-23,4.74464241086e-23,9.2162562759e-23,8.64132435075e-23,1.34100510006e-22,1.99218390268e-22,2.81734768189e-22,3.67705662677e-22,4.28749158405e-22,5.99313507889e-22,9.34979351397e-22,1.36637605322e-21,1.91905902112e-21],"var":[0.00000422730454375,0.000498468347359,0.0000331246483256,0.00000577460923523,0.0000154909903358,0.00000396113728129,0.00000286353451884,0.00000120052879993,0.00000361651564162,7.98704263616e-7,0.00000127836267438,3.6282591509e-7,4.45878072242e-7,9.46271313751e-7,0.00000126825898406,0.00000324883149005,8.45034549002e-7,4.62185880679e-7,3.35819748898e-7,2.00265532158e-7,2.15729770048e-7,1.83376329232e-7,1.31957534677e-7,1.21812249176e-7,3.5438368684e-8,2.72017075531e-8,2.26075491661e-9]},"barkbands_crest":{"dmean":3.02005410194,"dmean2":4.83932447433,"dvar":8.58142375946,"dvar2":21.3486442566,"max":25.6677379608,"mean":13.0033779144,"median":12.6307439804,"min":2.4031226635,"var":28.5127868652},"barkbands_flatness_db":{"dmean":0.0257500819862,"dmean2":0.0383379980922,"dvar":0.000654747884255,"dvar2":0.00146264710929,"max":0.463196545839,"mean":0.154299721122,"median":0.139988437295,"min":0.0219762697816,"var":0.00598331540823},"barkbands_kurtosis":{"dmean":5.73848342896,"dmean2":8.93292427063,"dvar":167.227798462,"dvar2":387.583862305,"max":252.248641968,"mean":9.380235672,"median":1.84987640381,"min":-1.90463888645,"var":457.739074707},"barkbands_skewness":{"dmean":0.730160474777,"dmean2":1.12719035149,"dvar":0.724529981613,"dvar2":1.74290931225,"max":13.0693254471,"mean":2.05506229401,"median":1.60423612595,"min":-2.73204803467,"var":3.60966515541},"barkbands_spread":{"dmean":6.70522022247,"dmean2":10.0315008163,"dvar":53.7226524353,"dvar2":113.966949463,"max":117.947128296,"mean":24.8558673859,"median":23.0223903656,"min":0.466655015945,"var":272.314331055},"dissonance":{"dmean":0.0141414189711,"dmean2":0.0238430462778,"dvar":0.000240575303906,"dvar2":0.000639827165287,"max":0.499998480082,"mean":0.473758161068,"median":0.481851667166,"min":0.227934032679,"var":0.000626184046268},"dynamic_complexity":4.38831949234,"erbbands":{"dmean":[0.328242957592,1.82008433342,2.20938706398,2.96819281578,4.52240037918,7.51790094376,5.02270793915,5.63704395294,7.43270969391,9.6339597702,11.0380573273,17.2879600525,10.0370111465,9.50586605072,12.0358457565,9.21880435944,11.3580846786,15.7770223618,17.0006828308,29.1424865723,23.5984649658,16.1026802063,13.2160453796,9.85175609589,9.58620929718,7.01831865311,6.14631700516,5.25065088272,3.93761658669,4.27212285995,3.12786030769,2.10647940636,1.63420629501,0.652869582176,0.305343538523,0.199186980724,0.0725262761116,0.0151830175892,0.00250195572153,0.000101647230622],"dmean2":[0.497983932495,2.97135591507,3.66318392754,5.3447804451,7.92231178284,12.7059698105,8.34798240662,9.16571331024,12.4868631363,15.8510599136,18.3196315765,28.2413825989,16.3562030792,15.7737531662,20.0341205597,15.0693664551,18.2513961792,25.634147644,27.4998111725,47.9542732239,38.7857170105,26.3628540039,20.9825515747,15.4592990875,15.0402069092,10.8933362961,9.25298309326,7.34951925278,5.34979200363,5.65790128708,4.12178707123,2.820540905,2.14746236801,0.841042816639,0.385969281197,0.269986599684,0.101033873856,0.0221134405583,0.00370132224634,0.000149312036228],"dvar":[0.41633912921,10.1246585846,19.2695446014,64.0648727417,102.47693634,255.178588867,123.922912598,178.256881714,285.57635498,389.6847229,505.512664795,1306.82629395,524.562805176,515.346801758,953.68536377,329.267883301,495.813415527,1134.19287109,949.864440918,3516.45727539,2962.40478516,742.212524414,630.603149414,367.124572754,249.161636353,155.252319336,193.003158569,127.223060608,72.0167999268,78.0051956177,42.6596565247,22.1606330872,13.1601171494,2.01605653763,0.47127571702,0.269922614098,0.0317786820233,0.00207862677053,0.0000656701740809,1.02895384657e-7],"dvar2":[1.05729329586,27.9095001221,50.1525001526,181.530776978,290.515655518,679.576660156,311.318634033,435.283416748,760.00793457,995.372558594,1337.78112793,3374.43530273,1364.43505859,1379.95947266,2590.88574219,871.90637207,1250.22875977,3025.52783203,2393.8503418,9349.25292969,8263.43554688,1962.10632324,1523.85009766,899.310058594,624.761962891,384.981628418,458.531494141,233.708282471,123.822235107,140.128753662,78.2689743042,42.5530548096,23.4793777466,3.48838162422,0.796358168125,0.492464184761,0.0690064877272,0.00485017383471,0.000152514840011,2.43466473648e-7],"max":[7.43705892563,37.3571395874,62.9888877869,122.752250671,112.859489441,298.667297363,226.956787109,427.783447266,403.079528809,423.057373047,372.368255615,1035.62841797,738.229980469,463.009918213,739.694152832,351.173431396,566.419494629,948.168029785,789.737060547,1056.24206543,1165.19152832,465.647705078,493.212005615,514.537841797,492.147064209,313.489227295,408.328460693,424.128692627,378.219024658,187.603591919,98.3055114746,87.2861862183,54.44947052,28.0557098389,18.7374973297,16.1189155579,4.23354482651,0.776659667492,0.164605498314,0.00753636332229],"mean":[0.605895102024,3.61190843582,4.72688055038,3.64089179039,5.23129224777,9.10540676117,6.79751157761,8.43454837799,10.3705310822,13.3104000092,15.6291389465,26.8596973419,16.50050354,15.22884655,19.2733135223,15.7373046875,19.5328063965,27.7279548645,30.4865779877,51.0480651855,48.6252784729,33.9541168213,25.3718013763,20.2155704498,21.0412769318,14.918296814,11.3374252319,10.4886875153,8.26146221161,7.85897016525,5.14952087402,3.50418281555,2.81761646271,1.14575636387,0.536229729652,0.336164772511,0.106394417584,0.0199787598103,0.00300737773068,0.000149493018398],"median":[0.300160348415,1.86936509609,1.81414365768,1.36290955544,2.2731089592,2.9587996006,2.37949442863,2.36171317101,3.94755578041,5.15876865387,6.64212942123,10.3821191788,7.36626291275,5.34634542465,6.53616714478,7.55135393143,9.66555786133,12.6196756363,13.8579483032,15.4529075623,14.4633197784,16.3476047516,10.5751447678,8.40810775757,10.1655731201,7.78023195267,5.02516269684,4.65911149979,3.42647266388,2.48183465004,1.20348513126,0.637908637524,0.514978766441,0.190841689706,0.0659261420369,0.0317746289074,0.00697794556618,0.000914251897484,0.0000937101503951,0.0000424720965384],"min":[1.28473016122e-22,4.69494720306e-22,2.98999255419e-21,3.98686474577e-21,1.39964711134e-20,3.49780042861e-20,4.71578995326e-20,1.16563177069e-19,1.57430086931e-19,1.83827914744e-19,2.29996199302e-19,3.39027883969e-19,9.34475450578e-19,9.62822723375e-19,6.48921432789e-19,1.57230759668e-18,1.82775668627e-18,2.68044754891e-18,2.52969967254e-18,3.74487576206e-18,3.37699545643e-18,4.86473231408e-18,4.15199586158e-18,6.008664785e-18,7.39950446492e-18,1.01411606908e-17,9.62134881337e-18,9.60503929323e-18,1.17676120149e-17,1.3313082357e-17,1.16600239413e-17,9.93253002391e-18,8.96908960341e-18,8.52301591448e-18,6.00491310734e-18,4.99495659868e-18,2.52783872295e-18,1.01113896334e-18,2.52503835469e-19,2.95866995474e-20],"var":[0.7274928689,21.9512367249,50.1832885742,58.4099769592,87.3698806763,282.203643799,198.828079224,395.302246094,455.365478516,598.256286621,710.316101074,2381.1328125,947.273803711,977.447021484,1682.93383789,607.906738281,950.743774414,2201.73852539,2002.12927246,7651.21826172,7516.04882812,1994.74206543,1475.09350586,987.72845459,826.591186523,417.306945801,334.751159668,359.386444092,218.289031982,202.084564209,95.8689880371,49.4933509827,34.6309928894,6.12700176239,1.63745808601,0.923004865646,0.0630978047848,0.00297626131214,0.00008703617641,1.30628720285e-7]},"erbbands_crest":{"dmean":2.61750984192,"dmean2":4.32884263992,"dvar":5.94215106964,"dvar2":15.2235689163,"max":29.5032062531,"mean":8.51004505157,"median":7.68274688721,"min":2.07357549667,"var":14.8928689957},"erbbands_flatness_db":{"dmean":0.0170564036816,"dmean2":0.0250073447824,"dvar":0.000248954311246,"dvar2":0.000504584400915,"max":0.311222702265,"mean":0.148638308048,"median":0.142350718379,"min":0.0445749014616,"var":0.00237293099053},"erbbands_kurtosis":{"dmean":0.944027006626,"dmean2":1.52713537216,"dvar":1.30799329281,"dvar2":3.2386302948,"max":19.802816391,"mean":0.461592972279,"median":0.00979018211365,"min":-1.83486318588,"var":3.09429550171},"erbbands_skewness":{"dmean":0.377727776766,"dmean2":0.589054226875,"dvar":0.122981786728,"dvar2":0.283940970898,"max":3.67594194412,"mean":-0.0997378602624,"median":-0.14352414012,"min":-3.89413690567,"var":0.667022705078},"erbbands_spread":{"dmean":8.93570804596,"dmean2":13.9258098602,"dvar":79.3146438599,"dvar2":182.694747925,"max":164.742050171,"mean":40.2273826599,"median":37.7825546265,"min":6.68054437637,"var":329.640380859},"gfcc":{"cov":[[26332.4082031,-1266.05151367,-853.037109375,1434.32250977,-6.42570304871,1074.98522949,-540.358703613,556.294067383,-168.488052368,292.957794189,-269.813964844,379.718597412,-11.3781814575],[-1266.05151367,1880.70874023,-36.6095085144,119.633422852,324.379577637,-137.398284912,342.079986572,18.5069217682,142.034591675,-123.73550415,126.230133057,-181.622879028,50.736328125],[-853.037109375,-36.6095085144,1286.71447754,348.750823975,447.12210083,158.778671265,165.506896973,97.3802566528,41.4158821106,73.5396270752,-8.4461517334,79.5524673462,16.7693481445],[1434.32250977,119.633422852,348.750823975,719.060791016,219.546401978,123.738922119,56.5480575562,65.8006439209,63.3858299255,34.4519004822,-8.48369121552,8.33039951324,72.1515808105],[-6.42570304871,324.379577637,447.12210083,219.546401978,568.206970215,71.0383071899,186.864196777,128.914779663,124.450218201,17.7837104797,33.6542854309,27.5645980835,41.4005050659],[1074.98522949,-137.398284912,158.778671265,123.738922119,71.0383071899,277.102783203,77.1172561646,97.4038085938,2.92090129852,63.2728004456,5.82425260544,22.4745883942,6.30893325806],[-540.358703613,342.079986572,165.506896973,56.5480575562,186.864196777,77.1172561646,335.971923828,94.4968338013,64.2141723633,16.6204872131,57.9364967346,-26.5520362854,-4.45355939865],[556.294067383,18.5069217682,97.3802566528,65.8006439209,128.914779663,97.4038085938,94.4968338013,180.226104736,55.4942626953,26.6976680756,15.2150859833,21.3951320648,13.6259250641],[-168.488052368,142.034591675,41.4158821106,63.3858299255,124.450218201,2.92090129852,64.2141723633,55.4942626953,128.821640015,32.6653366089,34.5575408936,-1.37492847443,22.7333698273],[292.957794189,-123.73550415,73.5396270752,34.4519004822,17.7837104797,63.2728004456,16.6204872131,26.6976680756,32.6653366089,118.233787537,36.8496131897,19.9752388,-4.82338285446],[-269.813964844,126.230133057,-8.4461517334,-8.48369121552,33.6542854309,5.82425260544,57.9364967346,15.2150859833,34.5575408936,36.8496131897,102.718048096,14.8911476135,10.442284584],[379.718597412,-181.622879028,79.5524673462,8.33039951324,27.5645980835,22.4745883942,-26.5520362854,21.3951320648,-1.37492847443,19.9752388,14.8911476135,103.284362793,18.5605754852],[-11.3781814575,50.736328125,16.7693481445,72.1515808105,41.4005050659,6.30893325806,-4.45355939865,13.6259250641,22.7333698273,-4.82338285446,10.442284584,18.5605754852,74.580368042]],"icov":[[0.0000865054244059,-0.0000738817179808,0.000195320724742,-0.000213612162042,-0.0000705396014382,-0.000271770870313,0.000201371993171,-0.000224326227908,0.00021993892733,-0.000242076683207,0.000320834747981,-0.000460477604065,0.000328332389472],[-0.0000738817179808,0.00128827802837,-0.000096016759926,0.0000381808822567,-0.000424553349148,0.000679774326272,-0.000902164727449,0.000423326855525,-0.000563933281228,0.00161474721972,-0.00187587784603,0.00236717495136,-0.000906201312318],[0.000195320724742,-0.000096016759926,0.00178739207331,-0.000857368460856,-0.00118648447096,-0.000722994504031,0.0000283657318505,-0.000181110939593,0.00117334059905,-0.00123694026843,0.00134758581407,-0.00181320123374,0.00110215996392],[-0.000213612162042,0.0000381808822567,-0.000857368460856,0.00251277652569,-0.0000780849222792,-0.0000467217505502,-0.000233322876738,0.000677379081026,-0.000952929782216,0.000236809588387,-0.000151116066263,0.00154342956375,-0.00244428799488],[-0.0000705396014382,-0.000424553349148,-0.00118648447096,-0.0000780849222792,0.00396817736328,0.000177128546056,-0.000763640447985,-0.000844480004162,-0.0024802221451,0.000845007249154,0.000178781585419,-0.00081850431161,-0.000499371613842],[-0.000271770870313,0.000679774326272,-0.000722994504031,-0.0000467217505502,0.000177128546056,0.00686929468066,-0.00184678297956,-0.00194691715296,0.00153788051102,-0.0017447079299,-0.000726751342881,0.00190707005095,-0.00168459385168],[0.000201371993171,-0.000902164727449,0.0000283657318505,-0.000233322876738,-0.000763640447985,-0.00184678297956,0.00592597993091,-0.00208678795025,0.0000643654420855,-0.000190576727618,-0.00125117716379,0.0000338651952916,0.00231387023814],[-0.000224326227908,0.000423326855525,-0.000181110939593,0.000677379081026,-0.000844480004162,-0.00194691715296,-0.00208678795025,0.00981756299734,-0.00347084528767,0.00115348456893,-0.0000527976771991,-0.000350091140717,-0.000994531787001],[0.00021993892733,-0.000563933281228,0.00117334059905,-0.000952929782216,-0.0024802221451,0.00153788051102,0.0000643654420855,-0.00347084528767,0.0142722912133,-0.00518322642893,-0.000275288737612,-0.000030374592825,-0.00167960696854],[-0.000242076683207,0.00161474721972,-0.00123694026843,0.000236809588387,0.000845007249154,-0.0017447079299,-0.000190576727618,0.00115348456893,-0.00518322642893,0.015362996608,-0.00718180695549,0.00227606715634,0.00138262147084],[0.000320834747981,-0.00187587784603,0.00134758581407,-0.000151116066263,0.000178781585419,-0.000726751342881,-0.00125117716379,-0.0000527976771991,-0.000275288737612,-0.00718180695549,0.0173391085118,-0.00681021856144,-0.0000479922782688],[-0.000460477604065,0.00236717495136,-0.00181320123374,0.00154342956375,-0.00081850431161,0.00190707005095,0.0000338651952916,-0.000350091140717,-0.000030374592825,0.00227606715634,-0.00681021856144,0.0182865038514,-0.00584798306227],[0.000328332389472,-0.000906201312318,0.00110215996392,-0.00244428799488,-0.000499371613842,-0.00168459385168,0.00231387023814,-0.000994531787001,-0.00167960696854,0.00138262147084,-0.0000479922782688,-0.00584798306227,0.0189948603511]],"mean":[-27.6926040649,86.6439819336,-115.200309753,41.9880714417,-44.1784286499,14.723690033,-27.3177890778,11.4589014053,-11.2423772812,5.10909605026,-14.6592025757,-0.975507736206,-8.29463291168]},"hfc":{"dmean":6.88005304337,"dmean2":9.00866317749,"dvar":100.241828918,"dvar2":158.568511963,"max":178.583877563,"mean":23.2341156006,"median":16.5905380249,"min":1.08838677994e-16,"var":547.647216797},"melbands":{"dmean":[0.00264873891138,0.00149463815615,0.000530751014594,0.000444949255325,0.000203509742278,0.000124826372485,0.000117713083455,0.000101116958831,0.0000981301272986,0.000106019491795,0.000049528258387,0.0000386341780541,0.0000444486140623,0.0000267714221991,0.0000250326302194,0.0000268106814474,0.0000322179075738,0.0000287346720143,0.0000345180596923,0.000042945266614,0.0000280738349829,0.0000196290166059,0.0000163660242833,0.000010104944522,0.00000851259937917,0.00000834035290609,0.00000628356519883,0.00000477634785057,0.00000410398160966,0.00000384605255022,0.00000303420665659,0.00000227328837354,0.00000250477637564,0.00000245127580456,0.00000203415424949,0.00000136954258778,0.00000130940566123,0.00000123609731872,9.3853020644e-7,4.5553517225e-7],"dmean2":[0.00413155229762,0.00244903401472,0.00095167796826,0.000756802852266,0.000337322329869,0.000203405958018,0.000197180896066,0.000166831319802,0.000161746240337,0.000173521882971,0.000080952711869,0.000064297557401,0.0000740019168006,0.000044537577196,0.0000404935817642,0.0000435469155491,0.0000526310795976,0.0000467354147986,0.0000562783643545,0.0000709397645551,0.0000463764299639,0.0000323645363096,0.0000264023128693,0.0000160791350936,0.0000135509671964,0.0000133068697323,0.0000100195993582,0.0000074996114563,0.00000632944920653,0.00000574946852794,0.00000438301231043,0.00000325262749357,0.00000351376138497,0.00000333654429596,0.00000279113260149,0.00000187003263363,0.00000180711094799,0.00000165929020568,0.00000127899295421,6.03058595061e-7],"dvar":[0.0000240298795688,0.00000673460226608,0.00000183027009371,8.60403872593e-7,1.78601212042e-7,7.77692932274e-8,6.71201831892e-8,4.15972785106e-8,3.80625380103e-8,4.67242848856e-8,1.31396706848e-8,8.90375417839e-9,1.25678623064e-8,3.48930884186e-9,2.43412934253e-9,2.8587092693e-9,4.78689710093e-9,3.02534064467e-9,4.65475347156e-9,9.2361780446e-9,4.55405047006e-9,1.19610776839e-9,1.0145999596e-9,3.6026975847e-10,3.08797404314e-10,1.98265237561e-10,1.28186211645e-10,7.78569431148e-11,9.794056538e-11,7.07803746169e-11,4.52204211576e-11,2.44782544928e-11,2.99621785715e-11,2.61547693226e-11,1.9007266247e-11,9.35856513812e-12,9.01252336649e-12,7.72969622337e-12,4.49321005749e-12,1.02435887463e-12],"dvar2":[0.0000638350174995,0.000017821934307,0.00000518310935149,0.0000023337292987,4.63962351205e-7,1.92703168977e-7,1.75683638304e-7,1.06991834059e-7,9.98327678303e-8,1.21240873341e-7,3.41809602844e-8,2.36906760875e-8,3.28533431571e-8,9.66570024019e-9,6.33910790526e-9,7.50008144479e-9,1.26345049978e-8,7.66802443763e-9,1.20097070067e-8,2.47911451368e-8,1.27361232671e-8,3.24772697624e-9,2.54738763417e-9,8.75247818666e-10,7.71827268764e-10,5.13149300829e-10,3.33056748847e-10,1.9556552211e-10,2.43577907844e-10,1.60749968892e-10,8.41873654123e-11,4.44651260256e-11,5.83106757324e-11,4.8865838459e-11,3.67608235519e-11,1.83677639071e-11,1.80038622899e-11,1.41929324196e-11,8.63442217031e-12,1.88540719495e-12],"max":[0.0584543831646,0.036397062242,0.0208423063159,0.0157542787492,0.00638041039929,0.00824554823339,0.00593671621755,0.00397020345554,0.00279922503978,0.00596210220829,0.00366383697838,0.0019614326302,0.00309226452373,0.00155910255853,0.00110074190889,0.00109652278479,0.00199884758331,0.0017164084129,0.00135338550899,0.00171396892983,0.00193239341024,0.000650902977213,0.000585881236475,0.000306459143758,0.000510415353347,0.000248391443165,0.000506476790179,0.000202461626031,0.000374728580937,0.000210009820876,0.000244470749749,0.000206309370697,0.00018397376698,0.0000948745509959,0.0000721108954167,0.0000505207353854,0.0000625567918178,0.0000416917464463,0.000038471105654,0.000020261404643],"mean":[0.0051834420301,0.00339952786453,0.000662608945277,0.000546931347344,0.000273412442766,0.000186768942513,0.000164892655448,0.000139235693496,0.000139058029163,0.000164564276929,0.0000778092653491,0.000058598096075,0.0000695557318977,0.0000413301313529,0.000041277060518,0.0000430128093285,0.0000529104072484,0.0000469012738904,0.000055719705415,0.0000741099356674,0.0000538519925612,0.0000366917374777,0.0000284063971776,0.0000182279618457,0.0000158290877152,0.0000165439632838,0.0000128840019897,0.00000912155792321,0.00000695918151905,0.00000668337270326,0.00000588159673498,0.00000460388855572,0.00000458007616544,0.00000425309053753,0.00000319515584124,0.00000219329626816,0.00000210373491427,0.00000205294259104,0.00000157518741162,7.66450170886e-7],"median":[0.00310791586526,0.00160803529434,0.00028281880077,0.00020277434669,0.000105192972114,0.0000526531403011,0.0000607184883847,0.0000552239689569,0.0000554052894586,0.0000634163152426,0.0000318870697811,0.0000192423303815,0.0000210438374779,0.0000173441203515,0.0000190944410861,0.0000197602676053,0.0000218185650738,0.0000194705753529,0.0000177928341145,0.0000180583774636,0.0000151699978233,0.0000166591398738,0.0000108677859316,0.00000688480349709,0.00000595132269154,0.00000738228527553,0.00000599425266046,0.00000441988640887,0.00000285923033516,0.00000279105961454,0.00000250390303336,0.00000192622201212,0.00000155374584665,0.00000122923563595,7.30006490812e-7,4.12616117274e-7,3.58937569445e-7,3.68199323475e-7,2.63610161255e-7,1.17486436579e-7],"min":[1.7453391728e-24,1.76412727576e-24,1.42659597974e-24,2.36390827998e-24,3.30384354273e-24,2.59777911154e-24,2.34242858361e-24,1.92247926957e-24,1.95509689307e-24,2.44619140277e-24,4.02849649508e-24,3.82936828108e-24,1.94358682081e-24,3.77209145733e-24,3.10435166385e-24,4.48107901261e-24,4.51648427332e-24,4.26587341893e-24,3.62613562378e-24,2.95941819404e-24,2.8463728486e-24,5.09958422205e-24,3.60232898496e-24,4.23135404901e-24,3.69681125001e-24,5.31128135686e-24,4.81750412843e-24,6.01366062433e-24,5.89033366028e-24,5.24430864372e-24,4.77443468958e-24,5.44134637633e-24,5.35446202509e-24,6.37000526687e-24,5.64655158031e-24,4.59404389423e-24,5.83910227208e-24,6.20000929167e-24,6.17018956059e-24,7.3591240349e-24],"var":[0.0000439281720901,0.0000185974404303,0.00000158223394919,9.26513337163e-7,2.45807399324e-7,1.68390002386e-7,1.12354378246e-7,6.15209430066e-8,5.67210527436e-8,8.52881640867e-8,2.33423111951e-8,1.64294426952e-8,2.36758435079e-8,5.30223243089e-9,4.37324620961e-9,5.08320363579e-9,8.86507489639e-9,5.90999071903e-9,8.99222829531e-9,1.98441991728e-8,1.10727720326e-8,2.66972466356e-9,2.0015882285e-9,8.22577284065e-10,7.35174809918e-10,5.331862174e-10,4.02684524614e-10,1.68496064323e-10,1.42181363905e-10,1.37622815921e-10,1.26810589807e-10,7.18747283912e-11,7.13901715521e-11,6.21470028217e-11,3.8838144506e-11,1.93690185418e-11,1.90600556171e-11,1.90789849197e-11,1.13670886939e-11,2.99489382946e-12]},"melbands_crest":{"dmean":3.63490271568,"dmean2":5.8197388649,"dvar":12.6864128113,"dvar2":31.0213813782,"max":37.6996955872,"mean":18.5503177643,"median":18.2684230804,"min":1.66626226902,"var":51.5128898621},"melbands_flatness_db":{"dmean":0.0318669266999,"dmean2":0.0470515191555,"dvar":0.00103159737773,"dvar2":0.00223831553012,"max":0.619530856609,"mean":0.225453346968,"median":0.210009887815,"min":0.0036644700449,"var":0.0101445522159},"melbands_kurtosis":{"dmean":14.5598430634,"dmean2":22.7217903137,"dvar":887.244934082,"dvar2":2035.10510254,"max":853.749755859,"mean":27.5560283661,"median":10.8719272614,"min":-1.7370480299,"var":2333.51660156},"melbands_skewness":{"dmean":1.03939282894,"dmean2":1.62036895752,"dvar":1.44701373577,"dvar2":3.44365859032,"max":25.780166626,"mean":3.65358638763,"median":3.07255125046,"min":-0.950462043285,"var":6.60741043091},"melbands_spread":{"dmean":7.91857194901,"dmean2":12.1974411011,"dvar":102.413352966,"dvar2":221.167358398,"max":208.728897095,"mean":23.9073066711,"median":18.5588951111,"min":0.444310158491,"var":477.865325928},"mfcc":{"cov":[[14712.1660156,-1041.66723633,-253.034500122,120.358016968,458.126251221,378.629425049,7.34487485886,246.665603638,21.5357666016,291.67868042,-119.734039307,-64.1722488403,115.432662964],[-1041.66723633,1714.37609863,-63.6411552429,271.588928223,100.927207947,22.3120803833,205.590530396,136.990112305,123.849014282,73.07787323,117.271026611,94.9375152588,6.49319791794],[-253.034500122,-63.6411552429,735.007507324,266.468994141,208.663711548,167.562850952,125.116279602,55.1664009094,86.1200027466,-16.3105869293,49.6347885132,47.9181785583,0.896470844746],[120.358016968,271.588928223,266.468994141,616.5234375,263.50289917,156.124572754,92.985496521,95.7238998413,119.710037231,70.5421142578,21.2068977356,35.4375267029,35.7449760437],[458.126251221,100.927207947,208.663711548,263.50289917,420.166625977,106.930145264,57.1911430359,91.3362350464,102.278137207,67.6797943115,0.0768451914191,10.1873970032,33.6072731018],[378.629425049,22.3120803833,167.562850952,156.124572754,106.930145264,210.887207031,100.758995056,41.9916610718,59.5968322754,45.6368560791,46.5572319031,30.0960426331,6.03955888748],[7.34487485886,205.590530396,125.116279602,92.985496521,57.1911430359,100.758995056,229.59777832,110.706420898,75.9441452026,64.7052078247,69.4441146851,57.9830780029,2.314848423],[246.665603638,136.990112305,55.1664009094,95.7238998413,91.3362350464,41.9916610718,110.706420898,168.17880249,86.5944900513,46.6760368347,21.4528636932,35.3069114685,19.958360672],[21.5357666016,123.849014282,86.1200027466,119.710037231,102.278137207,59.5968322754,75.9441452026,86.5944900513,139.19770813,64.0052490234,31.8286952972,25.6365718842,5.58347034454],[291.67868042,73.07787323,-16.3105869293,70.5421142578,67.6797943115,45.6368560791,64.7052078247,46.6760368347,64.0052490234,133.785934448,49.5976219177,24.6232299805,9.9200963974],[-119.734039307,117.271026611,49.6347885132,21.2068977356,0.0768451914191,46.5572319031,69.4441146851,21.4528636932,31.8286952972,49.5976219177,114.686103821,55.3978691101,-2.72430467606],[-64.1722488403,94.9375152588,47.9181785583,35.4375267029,10.1873970032,30.0960426331,57.9830780029,35.3069114685,25.6365718842,24.6232299805,55.3978691101,91.9596786499,26.555103302],[115.432662964,6.49319791794,0.896470844746,35.7449760437,33.6072731018,6.03955888748,2.314848423,19.958360672,5.58347034454,9.9200963974,-2.72430467606,26.555103302,97.8125457764]],"icov":[[0.000090132758487,0.0000538967760804,0.000065713575168,0.0000272438646789,-0.0000736000583856,-0.000236329608015,0.0000914340052987,-0.000228932578466,0.000191550061572,-0.000216260625166,0.000119865799206,0.0000182634794328,-0.0000266970564553],[0.0000538967760804,0.000858730636537,0.000450920226285,-0.000447981234174,-0.000209822435863,0.000398501259042,-0.00070924294414,-0.0000520334760949,-0.000280735606793,0.000446833349997,-0.000654941482935,-0.000235725048697,0.000130319254822],[0.000065713575168,0.000450920226285,0.00247728382237,-0.000663140497636,-0.000944500789046,-0.000700044271071,-0.00114314921666,0.000534207269084,-0.000776668428443,0.00212427554652,-0.000917075260077,-0.000502927985508,0.000337834906531],[0.0000272438646789,-0.000447981234174,-0.000663140497636,0.00293560978025,-0.000807785603683,-0.00135759543628,0.000683830934577,-0.000348851084709,-0.000487914076075,-0.000856391969137,0.00101598771289,-0.000181394905667,-0.00046051319805],[-0.0000736000583856,-0.000209822435863,-0.000944500789046,-0.000807785603683,0.00425843708217,-0.000658867124002,0.000993766239844,-0.0010667348979,-0.000911502342205,-0.00149494560901,0.00109190889634,0.000718772469554,-0.000784757139627],[-0.000236329608015,0.000398501259042,-0.000700044271071,-0.00135759543628,-0.000658867124002,0.00886708963662,-0.00328759569675,0.00210455688648,-0.00132300809491,0.000438148126705,-0.00203372095712,0.000225498210057,-0.00000454446444564],[0.0000914340052987,-0.00070924294414,-0.00114314921666,0.000683830934577,0.000993766239844,-0.00328759569675,0.0102978739887,-0.0054647452198,0.000862170651089,-0.00258557801135,-0.00105918862391,-0.00150698353536,0.00102529884316],[-0.000228932578466,-0.0000520334760949,0.000534207269084,-0.000348851084709,-0.0010667348979,0.00210455688648,-0.0054647452198,0.0128466198221,-0.00567036215216,0.00131821923424,0.00145315472037,-0.00161074346397,-0.00119143491611],[0.000191550061572,-0.000280735606793,-0.000776668428443,-0.000487914076075,-0.000911502342205,-0.00132300809491,0.000862170651089,-0.00567036215216,0.0147407352924,-0.00475874589756,-0.000036311794247,0.0000415620124841,0.00113837607205],[-0.000216260625166,0.000446833349997,0.00212427554652,-0.000856391969137,-0.00149494560901,0.000438148126705,-0.00258557801135,0.00131821923424,-0.00475874589756,0.014011586085,-0.00545935705304,0.00083157105837,-0.000729367660824],[0.000119865799206,-0.000654941482935,-0.000917075260077,0.00101598771289,0.00109190889634,-0.00203372095712,-0.00105918862391,0.00145315472037,-0.000036311794247,-0.00545935705304,0.017233485356,-0.00805623177439,0.00224103475921],[0.0000182634794328,-0.000235725048697,-0.000502927985508,-0.000181394905667,0.000718772469554,0.000225498210057,-0.00150698353536,-0.00161074346397,0.0000415620124841,0.00083157105837,-0.00805623177439,0.0190296154469,-0.00530899967998],[-0.0000266970564553,0.000130319254822,0.000337834906531,-0.00046051319805,-0.000784757139627,-0.00000454446444564,0.00102529884316,-0.00119143491611,0.00113837607205,-0.000729367660824,0.00224103475921,-0.00530899967998,0.0124131925404]],"mean":[-661.307922363,112.06237793,-4.71544218063,31.820268631,8.8340473175,11.5155572891,-0.231782913208,7.54769134521,7.80039787292,7.74202823639,4.25436687469,3.30319929123,1.11881053448]},"pitch_salience":{"dmean":0.0849952474236,"dmean2":0.136032924056,"dvar":0.00725453346968,"dvar2":0.0178459770977,"max":0.97603315115,"mean":0.463287651539,"median":0.455801665783,"min":0.0785490050912,"var":0.0252261664718},"silence_rate_20dB":{"dmean":0,"dmean2":0,"dvar":0,"dvar2":0,"max":1,"mean":1,"median":1,"min":1,"var":0},"silence_rate_30dB":{"dmean":0.0322738401592,"dmean2":0.0645555704832,"dvar":0.0312314219773,"dvar2":0.0782399848104,"max":1,"mean":0.968341290951,"median":1,"min":0,"var":0.0306576695293},"silence_rate_60dB":{"dmean":0.0168704148382,"dmean2":0.033744957298,"dvar":0.0165864378214,"dvar2":0.0372520796955,"max":1,"mean":0.0801857933402,"median":0,"min":0,"var":0.0737595558167},"spectral_centroid":{"dmean":301.02520752,"dmean2":454.870239258,"dvar":119083,"dvar2":235633.90625,"max":11724.4873047,"mean":1652.98583984,"median":1648.28845215,"min":144.994506836,"var":1039292.8125},"spectral_complexity":{"dmean":4.11198043823,"dmean2":5.86355304718,"dvar":21.8512134552,"dvar2":37.0692405701,"max":61,"mean":20.832660675,"median":20,"min":0,"var":209.248672485},"spectral_contrast_coeffs":{"dmean":[0.0503941252828,0.0496539734304,0.0380233339965,0.0315942652524,0.0217365901917,0.0180378351361],"dmean2":[0.0833233371377,0.0818398594856,0.0621815472841,0.0515891425312,0.0354478806257,0.0273093301803],"dvar":[0.00186533771921,0.00156258686911,0.000938000273891,0.000656785967294,0.000323671585647,0.000321936240653],"dvar2":[0.00497588235885,0.00417922437191,0.00241869036108,0.00171815697104,0.000834890175611,0.000672546681017],"max":[-0.28484800458,-0.415686398745,-0.447534173727,-0.563745200634,-0.61311507225,-0.544641792774],"mean":[-0.67194968462,-0.747359931469,-0.785027444363,-0.784707605839,-0.794278025627,-0.747473478317],"median":[-0.681059956551,-0.752840042114,-0.789826452732,-0.786832213402,-0.793607354164,-0.746441364288],"min":[-0.973407387733,-0.985524117947,-0.983783900738,-0.981242597103,-0.966623842716,-0.965699136257],"var":[0.0081420596689,0.00551975565031,0.0039775557816,0.0034443072509,0.00194554845802,0.00211474718526]},"spectral_contrast_valleys":{"dmean":[0.420820951462,0.414644598961,0.343262135983,0.307899326086,0.270805120468,0.318466484547],"dmean2":[0.679390966892,0.663527369499,0.535441935062,0.461437910795,0.380139827728,0.385269939899],"dvar":[0.182290270925,0.154464095831,0.110196880996,0.109033331275,0.106922991574,0.130699932575],"dvar2":[0.392235964537,0.340445965528,0.217510357499,0.206213280559,0.179202795029,0.205626860261],"max":[-4.84714603424,-4.71972799301,-5.33460426331,-5.50979471207,-5.38168621063,-7.60949230194],"mean":[-7.50710725784,-7.2385263443,-7.67799806595,-7.80797147751,-7.68175268173,-10.4735155106],"median":[-6.95104408264,-6.91075611115,-7.25058937073,-7.30698156357,-7.190533638,-10.0342292786],"min":[-27.766462326,-28.0940666199,-27.7039012909,-27.779882431,-27.4719638824,-27.3701782227],"var":[4.99890470505,3.6880209446,3.7929880619,3.96599721909,4.12448072433,4.21858024597]},"spectral_decrease":{"dmean":3.06177394549e-9,"dmean2":4.77512029917e-9,"dvar":2.22210805362e-17,"dvar2":5.80652996744e-17,"max":4.1399299137e-21,"mean":-9.01755203842e-9,"median":-6.48052278507e-9,"min":-5.33237205502e-8,"var":6.48872368571e-17},"spectral_energy":{"dmean":0.0118674049154,"dmean2":0.0183904450387,"dvar":0.000323401211062,"dvar2":0.000839432934299,"max":0.203663378954,"mean":0.036141756922,"median":0.0261707920581,"min":1.01442086058e-20,"var":0.00100031949114},"spectral_energyband_high":{"dmean":0.000553876452614,"dmean2":0.000681075674947,"dvar":9.73197188614e-7,"dvar2":0.00000152598602199,"max":0.0228643864393,"mean":0.00119017274119,"median":0.000495255691931,"min":7.19107688377e-21,"var":0.00000333744787895},"spectral_energyband_low":{"dmean":0.0100463116542,"dmean2":0.0158349424601,"dvar":0.000299000181258,"dvar2":0.000790393620264,"max":0.194242238998,"mean":0.0230102613568,"median":0.0145900743082,"min":1.68052695247e-23,"var":0.000672241149005},"spectral_energyband_middle_high":{"dmean":0.00175629905425,"dmean2":0.00270034256391,"dvar":0.00000616701663603,"dvar2":0.0000144109126268,"max":0.0354907363653,"mean":0.00551521731541,"median":0.00388402095996,"min":1.22439916466e-21,"var":0.0000316648220178},"spectral_energyband_middle_low":{"dmean":0.004008944612,"dmean2":0.00669563841075,"dvar":0.000049289130402,"dvar2":0.000134300149512,"max":0.102868922055,"mean":0.00709301559255,"median":0.00480038719252,"min":1.54192204039e-22,"var":0.0000609452217759},"spectral_entropy":{"dmean":0.149609699845,"dmean2":0.210509330034,"dvar":0.023319773376,"dvar2":0.0448819622397,"max":9.83236885071,"mean":7.70329093933,"median":7.77607727051,"min":5.55186796188,"var":0.239106327295},"spectral_flux":{"dmean":0.0271613840014,"dmean2":0.0417201779783,"dvar":0.00119524390902,"dvar2":0.00260900333524,"max":0.372842490673,"mean":0.0851041227579,"median":0.0754375755787,"min":6.36880201355e-11,"var":0.00323063111864},"spectral_kurtosis":{"dmean":1.51014196873,"dmean2":2.50776648521,"dvar":4.90520048141,"dvar2":13.5253429413,"max":52.6628913879,"mean":4.24359226227,"median":3.51391935349,"min":-1.26578342915,"var":11.7765989304},"spectral_rms":{"dmean":0.000888849026524,"dmean2":0.00134879443794,"dvar":0.00000121245227547,"dvar2":0.00000296903931485,"max":0.0140959564596,"mean":0.00531630730256,"median":0.00505296746269,"min":3.14591625319e-12,"var":0.00000699706606611},"spectral_rolloff":{"dmean":543.872924805,"dmean2":877.439941406,"dvar":790407,"dvar2":1629282.75,"max":19918.2128906,"mean":1578.4552002,"median":1012.06054688,"min":43.06640625,"var":4998476},"spectral_skewness":{"dmean":0.211370676756,"dmean2":0.32765558362,"dvar":0.0595797672868,"dvar2":0.140032663941,"max":5.60328531265,"mean":1.39914834499,"median":1.34633159637,"min":-0.224183022976,"var":0.257135003805},"spectral_spread":{"dmean":510098.34375,"dmean2":713133.1875,"dvar":542009229312,"dvar2":965525635072,"max":42498824,"mean":4619833.5,"median":4162618.75,"min":1357982.5,"var":9544757411840},"spectral_strongpeak":{"dmean":0.26661080122,"dmean2":0.462893724442,"dvar":0.374667108059,"dvar2":1.00936222076,"max":12.7091598511,"mean":0.490573972464,"median":0.321154713631,"min":0,"var":0.415041446686},"zerocrossingrate":{"dmean":0.0112973833457,"dmean2":0.0127467736602,"dvar":0.00018596459995,"dvar2":0.000222310773097,"max":0.5263671875,"mean":0.0603746250272,"median":0.04931640625,"min":0.00146484375,"var":0.00337914982811}},"metadata":{"audio_properties":{"analysis_sample_rate":44100,"bit_rate":260014,"codec":"mp3","downmix":"mix","equal_loudness":0,"length":189.936325073,"lossless":false,"md5_encoded":"6e77fcf7c5336c0804b09a62e389179b","replay_gain":-8.89650917053,"sample_rate":44100},"tags":{"acoustid_id":["f33f84cd-e3af-4583-9cae-bebba0b33a0c"],"album":["Always Ascending"],"albumartist":["Franz Ferdinand"],"albumartistsort":["Franz Ferdinand"],"albumsort":["Always Ascending"],"artist":["Franz Ferdinand"],"artistsort":["Franz Ferdinand"],"date":["2018-02-09"],"discnumber":["1/1"],"file_name":"04-Finally.mp3","label":["Domino"],"media":["Digital Media"],"musicbrainz album release country":["US"],"musicbrainz album status":["official"],"musicbrainz album type":["album"],"musicbrainz_albumartistid":["aa7a2827-f74b-473c-bd79-03d065835cf7"],"musicbrainz_albumid":["06281055-5569-4f92-b1b3-39e614b9ae19"],"musicbrainz_artistid":["aa7a2827-f74b-473c-bd79-03d065835cf7"],"musicbrainz_recordingid":["b1ffaae7-2f47-4362-b354-2d065f5f06d8"],"musicbrainz_releasegroupid":["a0ef4495-f844-4d32-956a-c46a00a409be"],"originaldate":["2018-02-09"],"originalyear":["2018"],"script":["Latn"],"title":["Finally"],"titlesort":["Finally"],"tracknumber":["4/10"]},"version":{"essentia":"2.1-beta2","essentia_build_sha":"cead25079874084f62182a551b7393616cd33d87","essentia_git_sha":"v2.1_beta2-1-ge3940c0","extractor":"music 1.0"}},"rhythm":{"beats_count":350,"beats_loudness":{"dmean":0.0271268431097,"dmean2":0.0487645529211,"dvar":0.000634032301605,"dvar2":0.00192535074893,"max":0.161782428622,"mean":0.0455685630441,"median":0.0397516451776,"min":0,"var":0.00105706450995},"beats_loudness_band_ratio":{"dmean":[0.21114204824,0.0919873043895,0.0969444066286,0.0634168982506,0.0715852677822,0.0817144364119],"dmean2":[0.365471512079,0.164682298899,0.174470603466,0.11374475807,0.127617195249,0.147811412811],"dvar":[0