{"lowlevel":{"average_loudness":0.630712151527,"barkbands":{"dmean":[0.000108446613012,0.00426947558299,0.00235246494412,0.00152066489682,0.000880477891769,0.000713688437827,0.000569122727029,0.000365588697605,0.000435391266365,0.000427722319728,0.000312362302793,0.000443145196186,0.000436002941569,0.000243264832534,0.000213399820495,0.000213577557588,0.000288193637971,0.0001076096014,0.000188907739357,0.0000807073520264,0.0000551846605958,0.0000375209965569,0.0000298295399261,0.0000466214478365,0.0000283005629171,0.0000186211527762,0.00000846206057759],"dmean2":[0.000181809955393,0.00665927957743,0.00420528557152,0.00267268018797,0.00149435084313,0.00112761242781,0.00089052360272,0.000562292349059,0.000700610980857,0.000661768601276,0.000468038837425,0.000707003637217,0.000709174957592,0.000384292536182,0.00034597836202,0.000353511684807,0.00047118216753,0.00018049449136,0.000308600108838,0.000132585060783,0.0000916915232665,0.0000626846231171,0.0000473999862152,0.0000660725854686,0.0000405472346756,0.0000273659479717,0.0000136593553179],"dvar":[1.10999764047e-7,0.000239730885369,0.0000589546143601,0.0000242033129325,0.00000289782201435,0.00000208213737096,0.00000143708382438,5.58570832254e-7,6.63505204557e-7,8.33012734347e-7,4.98878648614e-7,0.00000123957011056,0.00000103959814624,4.99330212733e-7,2.36789588826e-7,2.85598474647e-7,4.31700016179e-7,4.34151807838e-8,1.80380780535e-7,2.88487065347e-8,1.55434403126e-8,1.20169501017e-8,1.03912585203e-8,6.55992877796e-8,3.19832906825e-8,1.28327357629e-8,1.48190060223e-9],"dvar2":[2.9206935892e-7,0.000542319903616,0.000170114217326,0.0000670805748086,0.00000865171932674,0.00000522012578585,0.00000350164395968,0.00000130556099975,0.00000162891899436,0.00000193516962099,0.00000105656670257,0.00000311392159347,0.00000272486272479,0.00000123400286611,5.93575180119e-7,7.92080925294e-7,0.00000111411304715,1.15542313495e-7,4.44656194531e-7,7.18225336982e-8,4.09163263271e-8,3.26116058602e-8,2.41047040106e-8,1.04477422269e-7,5.28329913152e-8,2.9602361451e-8,3.83568332651e-9],"max":[0.00755373667926,0.190947398543,0.114075407386,0.069639608264,0.0334605574608,0.0514193028212,0.0276040341705,0.0175809655339,0.0217189230025,0.0337077267468,0.0160034634173,0.0289441943169,0.0268412455916,0.0196962114424,0.0167973246425,0.0176058430225,0.0202378891408,0.00590449618176,0.00864320993423,0.00359960505739,0.00243995385244,0.00362282362767,0.0031440006569,0.00840185116976,0.00679412810132,0.00537433242425,0.000802206341177],"mean":[0.000151482832734,0.00567705929279,0.0033172541298,0.00164310680702,0.00191965699196,0.00147117965389,0.00105754821561,0.000676585943438,0.00079558393918,0.00078169076005,0.000640851736534,0.000752246414777,0.000738087750506,0.000412005523685,0.00037630731822,0.000395706272684,0.000568961433601,0.000232633581618,0.000428506580647,0.000184420889127,0.000125968130305,0.0000722964978195,0.0000583122673561,0.0000839841159177,0.0000529794306203,0.0000300408228213,0.0000138849882205],"median":[0.00000592050582782,0.00141682999674,0.000751612416934,0.000275203434285,0.00096423632931,0.000653626630083,0.000402392208343,0.00025796587579,0.000312379910611,0.000266717048362,0.000192260442418,0.000183971744264,0.00022812129464,0.0000850913711474,0.000104573875433,0.000100969242339,0.00012134310964,0.0000581344756938,0.000104392776848,0.0000526237781742,0.0000235256229644,0.0000140446827572,0.00000844456189952,0.00000953577182372,0.00000494288269692,0.00000156443047672,1.66333279594e-7],"min":[9.48435534826e-25,5.26203592599e-24,2.36616402774e-24,1.3529682388e-24,9.91966082589e-24,4.11032267019e-24,6.7932133653e-24,8.79124578807e-24,1.53436885499e-23,1.51634464548e-23,1.973087221e-23,2.96526377168e-23,2.53794286803e-23,6.09721763916e-23,7.02455644986e-23,6.23117631828e-23,5.88093848467e-23,1.09213147515e-22,9.97022239229e-23,1.80843143969e-22,2.55992785348e-22,3.1213713931e-22,3.84898993392e-22,5.21555450596e-22,1.01866464447e-21,1.34794472838e-21,1.98694639639e-21],"var":[1.5002584064e-7,0.000253844453255,0.000048199439334,0.0000183647680387,0.00000833093690744,0.00000646673424853,0.00000325115001942,0.00000142148178384,0.00000173176340468,0.00000202376918423,0.00000164145581039,0.00000245787259701,0.00000206535105463,0.00000100648753687,5.01679380704e-7,6.2941876422e-7,0.00000102498313481,1.33600465801e-7,5.22939615166e-7,9.19860028148e-8,4.58712854368e-8,1.88153173042e-8,2.09873771695e-8,1.5260627606e-7,7.11714136514e-8,1.85267641228e-8,1.79814674262e-9]},"barkbands_crest":{"dmean":2.4744811058,"dmean2":3.88452863693,"dvar":7.38284540176,"dvar2":17.277053833,"max":26.2594985962,"mean":9.53867816925,"median":8.29246139526,"min":2.24932861328,"var":20.7649459839},"barkbands_flatness_db":{"dmean":0.0226925108582,"dmean2":0.0354892499745,"dvar":0.000830584496725,"dvar2":0.0019059588667,"max":0.490681499243,"mean":0.149758294225,"median":0.134564042091,"min":0.0104663232341,"var":0.00594347342849},"barkbands_kurtosis":{"dmean":3.79397940636,"dmean2":5.96141433716,"dvar":195.546981812,"dvar2":413.326293945,"max":828.996643066,"mean":5.33416748047,"median":0.925577402115,"min":-1.87709987164,"var":626.293823242},"barkbands_skewness":{"dmean":0.574220180511,"dmean2":0.866463184357,"dvar":0.694496572018,"dvar2":1.44243049622,"max":25.2378196716,"mean":1.46413064003,"median":1.14559447765,"min":-2.58054757118,"var":2.67054581642},"barkbands_spread":{"dmean":4.86544847488,"dmean2":7.71544599533,"dvar":62.106918335,"dvar2":142.651626587,"max":118.358863831,"mean":20.4685935974,"median":17.69490242,"min":0.210120931268,"var":200.437805176},"dissonance":{"dmean":0.019970215857,"dmean2":0.0335061140358,"dvar":0.000477274559671,"dvar2":0.00122562923934,"max":0.500000238419,"mean":0.459343999624,"median":0.470175802708,"min":0.157614052296,"var":0.00138423324097},"dynamic_complexity":6.49890232086,"erbbands":{"dmean":[0.118129886687,1.02168345451,2.46707367897,4.46686553955,3.50860381126,2.61917757988,4.18621206284,6.71411466599,9.51241874695,6.46082210541,6.93538856506,11.9975271225,10.4869432449,11.1371440887,15.3622350693,21.4558753967,20.4110660553,13.4377088547,11.8693370819,7.59239768982,13.5973520279,11.9527225494,6.05857896805,8.45553302765,8.68494319916,3.89195418358,2.55907583237,1.81164228916,1.37030386925,1.0235543251,0.879661083221,0.966170847416,0.763358294964,0.427839428186,0.136938497424,0.0899474173784,0.0337126888335,0.0071943695657,0.00123400508892,0.000118043906696],"dmean2":[0.18800547719,1.60433697701,4.30289030075,7.85057163239,6.2011756897,4.32559013367,6.56819295883,10.682352066,14.7397642136,9.96852016449,10.8522205353,19.4079055786,16.1104755402,17.6368103027,22.9646625519,34.1471862793,33.0339317322,21.2159824371,19.015203476,12.3748598099,22.4645690918,19.3705768585,10.1016464233,13.692401886,14.3183174133,6.45309877396,4.25212287903,3.04035830498,2.30321621895,1.67977511883,1.39450311661,1.42023801804,1.0875159502,0.60830616951,0.204362154007,0.134176045656,0.0499359220266,0.010845888406,0.00196442171,0.000194707972696],"dvar":[0.186686784029,13.8996019363,68.7812728882,195.987533569,83.6701583862,24.8933944702,69.1852416992,231.944854736,356.401611328,179.519088745,198.677536011,525.909362793,772.306884766,567.560424805,1178.88598633,2917.38720703,2362.39379883,1389.67175293,828.33001709,266.839172363,1221.62414551,612.974365234,150.385253906,414.979736328,389.372436523,74.4028930664,30.1868915558,20.8473796844,15.5169935226,10.9453363419,9.26577949524,22.3444976807,20.8245220184,8.07580566406,0.593132734299,0.372753888369,0.0361212305725,0.000957515032496,0.0000306611764245,2.71011572295e-7],"dvar2":[0.451575815678,32.0601196289,191.970153809,539.730224609,244.261978149,69.0832672119,171.849075317,559.74041748,858.053710938,409.162963867,491.170501709,1292.68347168,1728.20910645,1376.80224609,2537.51635742,7324.95605469,6184.19482422,3453.98706055,2063.12084961,697.510620117,3463.578125,1568.63806152,398.357727051,1061.28149414,984.069885254,189.897247314,78.7609176636,55.5870399475,42.3342628479,28.9301757812,20.9012336731,38.742855072,31.8155136108,12.9646158218,1.13427519798,0.847056388855,0.0847193151712,0.00223662075587,0.0000779488909757,7.17872353562e-7],"max":[5.82489395142,48.5993843079,130.52041626,193.890106201,159.427841187,150.448867798,266.340026855,630.199951172,393.734222412,348.936523438,336.652496338,580.609619141,1243.01489258,618.728149414,780.009765625,1200.37145996,1302.09765625,1104.51013184,1031.06469727,508.364196777,1213.67004395,592.597045898,334.810791016,551.716491699,487.452331543,224.243728638,132.670013428,88.4928436279,137.140350342,97.3251800537,111.98197937,178.637145996,142.991500854,103.295860291,32.5658874512,23.3041305542,10.1642417908,1.0769585371,0.122706189752,0.0104139083996],"mean":[0.134844243526,1.37607777119,3.80474019051,5.26423597336,5.29722881317,6.0218167305,9.1715297699,12.8655118942,18.1910591125,12.8903417587,13.4338941574,22.0914859772,20.5307559967,20.1669597626,33.9916687012,38.5483665466,36.3414764404,24.9310512543,21.5939369202,16.2194957733,27.4736461639,26.1248073578,14.2186222076,18.8562088013,19.4405479431,9.08805370331,6.04835891724,3.93581557274,2.64832186699,1.95190393925,1.68505740166,1.70676553249,1.39583206177,0.787133336067,0.253098845482,0.143687054515,0.0532108359039,0.0113191986457,0.00187045778148,0.000221686204895],"median":[0.0215035490692,0.316171228886,0.986329555511,1.25246334076,2.03246045113,2.76295661926,4.12083435059,4.97240924835,6.89367961884,5.65133190155,6.12690830231,8.81979942322,7.96488952637,7.28190088272,11.0743122101,11.0919342041,11.7570877075,6.33589744568,5.75119018555,5.48888874054,6.62540245056,5.95014190674,3.62652611732,4.88308095932,4.50219631195,2.72201633453,1.26563739777,0.750501036644,0.512349486351,0.357185989618,0.228987455368,0.209765613079,0.14053581655,0.0707862600684,0.0221841335297,0.00865487009287,0.00251275440678,0.000434302754002,0.000032772855775,0.0000190020655282],"min":[1.56369220323e-22,7.19875688013e-22,4.70872765644e-21,9.92735561497e-21,1.82564351122e-20,2.456450477e-20,8.04699911455e-20,7.30908356856e-20,1.15328493682e-19,2.11211935718e-19,2.28331420772e-19,4.35734293166e-19,2.72931706931e-19,7.40860024634e-19,1.12975035593e-18,1.32379028062e-18,1.74936581359e-18,3.0468488556e-18,2.93368827306e-18,4.74905441413e-18,4.84110638142e-18,4.01988808672e-18,7.04318400836e-18,6.99835578224e-18,6.79338456235e-18,8.42513894132e-18,1.02200224361e-17,1.02736923957e-17,1.11704033291e-17,1.24875527969e-17,1.0595552508e-17,1.06589807174e-17,1.00482906419e-17,9.43381621515e-18,7.29334906819e-18,4.25487190078e-18,2.43265670423e-18,9.4867328201e-19,2.4927268705e-19,2.83090738548e-20],"var":[0.181646168232,14.1710186005,60.7779464722,154.259979248,91.5587844849,100.782897949,230.464385986,743.196411133,881.441223145,467.108093262,457.477111816,1353.89990234,1977.20361328,1103.17443848,4040.69482422,5764.67138672,4820.64892578,2978.96557617,1720.39404297,741.104064941,2702.99365234,1811.65185547,476.882537842,1015.71038818,1112.43493652,221.296020508,99.2250823975,47.1691665649,24.1893444061,16.8009872437,18.8304748535,49.8482017517,49.2069587708,18.4600486755,1.14249479771,0.508521437645,0.0530589818954,0.00148342375178,0.000035161334381,3.71115277176e-7]},"erbbands_crest":{"dmean":2.41089844704,"dmean2":3.87015485764,"dvar":5.28670549393,"dvar2":12.9507989883,"max":28.9508590698,"mean":8.81899833679,"median":7.83711051941,"min":1.93102991581,"var":16.3472175598},"erbbands_flatness_db":{"dmean":0.0205784980208,"dmean2":0.0303383506835,"dvar":0.000820290995762,"dvar2":0.00151150533929,"max":0.480625063181,"mean":0.17877393961,"median":0.163032844663,"min":0.0208227075636,"var":0.00485424557701},"erbbands_kurtosis":{"dmean":0.885792434216,"dmean2":1.41304707527,"dvar":2.57649564743,"dvar2":6.443151474,"max":31.207862854,"mean":0.538131415844,"median":-0.0734875202179,"min":-1.89224183559,"var":5.5249671936},"erbbands_skewness":{"dmean":0.324839651585,"dmean2":0.506062209606,"dvar":0.129222124815,"dvar2":0.303326010704,"max":4.8584280014,"mean":0.228918612003,"median":0.142906874418,"min":-3.05270147324,"var":0.57599568367},"erbbands_spread":{"dmean":7.54199075699,"dmean2":11.3868074417,"dvar":104.53868866,"dvar2":226.818695068,"max":177.094329834,"mean":31.8371448517,"median":29.2144050598,"min":2.74610948563,"var":294.137145996},"gfcc":{"cov":[[28287.7539062,-1824.47363281,-652.142578125,3078.48950195,528.831848145,1258.41638184,-149.569519043,1416.18322754,-251.472702026,103.987571716,-26.4812145233,-159.608840942,-350.528137207],[-1824.47363281,1987.27087402,-459.918029785,-450.664916992,153.171096802,-268.203552246,209.005828857,-352.036010742,58.9608955383,-117.899375916,96.0465240479,12.9325265884,185.773300171],[-652.142578125,-459.918029785,1391.69030762,294.591674805,135.272476196,394.387023926,68.4378204346,276.02230835,123.050567627,123.799598694,33.5761222839,33.151889801,-5.37655973434],[3078.48950195,-450.664916992,294.591674805,994.937683105,139.065155029,235.402069092,17.2883892059,303.814178467,11.5913381577,30.395116806,-35.6019020081,-65.6077575684,-87.7989425659],[528.831848145,153.171096802,135.272476196,139.065155029,372.529754639,76.0498733521,119.358558655,73.9808807373,74.4232788086,55.218082428,44.3142318726,31.8532886505,35.2125015259],[1258.41638184,-268.203552246,394.387023926,235.402069092,76.0498733521,462.940704346,57.1673240662,237.402511597,39.7937927246,75.7610931396,53.6322364807,7.09221220016,18.1895961761],[-149.569519043,209.005828857,68.4378204346,17.2883892059,119.358558655,57.1673240662,245.25,11.2384796143,57.6561431885,1.29354250431,28.2414302826,34.1545524597,39.9015960693],[1416.18322754,-352.036010742,276.02230835,303.814178467,73.9808807373,237.402511597,11.2384796143,363.11895752,58.4166297913,74.5219116211,22.2815074921,-31.4635620117,-38.185333252],[-251.472702026,58.9608955383,123.050567627,11.5913381577,74.4232788086,39.7937927246,57.6561431885,58.4166297913,134.068222046,66.524307251,52.2951927185,19.9326896667,25.1391887665],[103.987571716,-117.899375916,123.799598694,30.395116806,55.218082428,75.7610931396,1.29354250431,74.5219116211,66.524307251,131.110305786,59.3672790527,26.7813968658,9.27412033081],[-26.4812145233,96.0465240479,33.5761222839,-35.6019020081,44.3142318726,53.6322364807,28.2414302826,22.2815074921,52.2951927185,59.3672790527,134.536834717,49.2494659424,61.4806747437],[-159.608840942,12.9325265884,33.151889801,-65.6077575684,31.8532886505,7.09221220016,34.1545524597,-31.4635620117,19.9326896667,26.7813968658,49.2494659424,103.605506897,55.3325309753],[-350.528137207,185.773300171,-5.37655973434,-87.7989425659,35.2125015259,18.1895961761,39.9015960693,-38.185333252,25.1391887665,9.27412033081,61.4806747437,55.3325309753,115.761886597]],"icov":[[0.0000808756740298,-0.00000737551863494,0.000156112131663,-0.000196812761715,-0.0000805454910733,-0.000181935931323,0.0000814346349216,-0.000174518514541,0.000170395011082,0.000023366044843,-0.0000345587286574,-0.000197403744096,0.0001559938828],[-0.00000737551863494,0.00102068949491,0.000120709715702,0.000203148607397,-0.000459460163256,0.000220629706746,-0.000556016108021,0.000671626650728,-0.000587272399571,0.000909638998564,-0.000768711965065,0.00132309773471,-0.0011518568499],[0.000156112131663,0.000120709715702,0.00138426967897,-0.000423643796239,-0.000276706297882,-0.00109086185694,0.00016251859779,-0.000385018123779,-0.000496039690915,-0.0000422847297159,0.000360428064596,-0.00076417461969,0.000379484030418],[-0.000196812761715,0.000203148607397,-0.000423643796239,0.00204648124054,-0.000415203423472,0.000214390835026,-0.000278099119896,-0.000432143511716,-0.000185120559763,0.000390995963244,0.00012562192569,0.000982234254479,0.000129089821712],[-0.0000805454910733,-0.000459460163256,-0.000276706297882,-0.000415203423472,0.00403364701197,0.000316131307045,-0.00131941237487,-0.000305229244987,-0.000574050180148,-0.00142865628004,0.000437285896624,-0.000655573327094,-0.000436614471255],[-0.000181935931323,0.000220629706746,-0.00109086185694,0.000214390835026,0.000316131307045,0.00473831454292,-0.00120044092182,-0.00161059072707,0.00119015946984,-0.000911212759092,-0.000908532703761,0.00117779860739,-0.00201712432317],[0.0000814346349216,-0.000556016108021,0.00016251859779,-0.000278099119896,-0.00131941237487,-0.00120044092182,0.00616011209786,-0.0000932846742216,-0.00212918641046,0.00183016771916,0.000548922282178,-0.00215663411655,0.00042645065696],[-0.000174518514541,0.000671626650728,-0.000385018123779,-0.000432143511716,-0.000305229244987,-0.00161059072707,-0.0000932846742216,0.0066445027478,-0.00231134099886,-0.000486919510877,-0.000867379712872,0.0025075902231,0.000420947151724],[0.000170395011082,-0.000587272399571,-0.000496039690915,-0.000185120559763,-0.000574050180148,0.00119015946984,-0.00212918641046,-0.00231134099886,0.0138845825568,-0.00554906902835,-0.00175526039675,0.000369423767552,-0.0005609766813],[0.000023366044843,0.000909638998564,-0.0000422847297159,0.000390995963244,-0.00142865628004,-0.000911212759092,0.00183016771916,-0.000486919510877,-0.00554906902835,0.0149241667241,-0.00473649520427,-0.0016846191138,0.00202203495428],[-0.0000345587286574,-0.000768711965065,0.000360428064596,0.00012562192569,0.000437285896624,-0.000908532703761,0.000548922282178,-0.000867379712872,-0.00175526039675,-0.00473649520427,0.0141655327752,-0.00333509058692,-0.00439308071509],[-0.000197403744096,0.00132309773471,-0.00076417461969,0.000982234254479,-0.000655573327094,0.00117779860739,-0.00215663411655,0.0025075902231,0.000369423767552,-0.0016846191138,-0.00333509058692,0.0172481387854,-0.00684506399557],[0.0001559938828,-0.0011518568499,0.000379484030418,0.000129089821712,-0.000436614471255,-0.00201712432317,0.00042645065696,0.000420947151724,-0.0005609766813,0.00202203495428,-0.00439308071509,-0.00684506399557,0.0170812346041]],"mean":[-69.2169265747,107.624893188,-124.248596191,12.4031133652,-49.7403640747,2.69914865494,-30.8333053589,1.07720899582,-25.497926712,-1.77645909786,-10.9528484344,-1.28630888462,-10.9879398346]},"hfc":{"dmean":3.79080963135,"dmean2":5.71347284317,"dvar":54.0492286682,"dvar2":112.009101868,"max":199.463775635,"mean":16.4130363464,"median":7.32129240036,"min":1.09686696941e-16,"var":371.192169189},"melbands":{"dmean":[0.00112989393529,0.00124677910935,0.000716559006833,0.000209926627576,0.000136352769914,0.000147625774844,0.000138230825542,0.000071786569606,0.000057524182921,0.0000749251848902,0.0000524497008882,0.0000482870382257,0.0000441030751972,0.0000536257975909,0.0000519288478245,0.0000346586566593,0.00002712935202,0.0000190731152543,0.0000113493506433,0.0000148190383698,0.0000186668657989,0.0000159134906426,0.00000874641591508,0.00000529736371391,0.0000076975175034,0.00000870181884238,0.00000413113275499,0.00000249340860137,0.00000173409603121,0.00000168947281054,0.00000101733621705,8.3891649183e-7,7.17810905826e-7,5.5100491636e-7,5.18559374996e-7,5.68447376281e-7,6.62012723751e-7,5.60347814371e-7,5.64288029636e-7,3.08862666998e-7],"dmean2":[0.00177410675678,0.00203816662543,0.00125901575666,0.000363963074051,0.000214597763261,0.000233172933804,0.000214212923311,0.000110326123831,0.000090427151008,0.000121081997349,0.0000805946910987,0.0000765890945331,0.0000660401274217,0.0000839800704853,0.0000842382214614,0.0000561111992283,0.0000428901039413,0.000030609411624,0.0000183305346582,0.0000245074334089,0.0000310303876176,0.000025983863452,0.0000145945041368,0.00000892619937076,0.0000125744600155,0.0000143215347634,0.00000676801164445,0.00000415445720137,0.00000291366950478,0.00000285398755295,0.00000170864427673,0.0000014165407265,0.00000120711217733,9.03535521957e-7,8.45660395044e-7,8.78754406131e-7,9.73389774117e-7,8.19480817427e-7,8.07805292879e-7,4.5182864028e-7],"dvar":[0.0000171173414856,0.0000163831700775,0.0000047221751629,2.17583249196e-7,6.744025427e-8,1.01209792547e-7,7.72133361693e-8,2.29273116048e-8,1.25521193439e-8,2.1053034871e-8,1.96573211042e-8,1.07458513199e-8,9.43664435482e-9,1.44139358227e-8,1.35097932841e-8,5.86742476827e-9,6.54025766877e-9,2.11297246366e-9,6.09868655577e-10,1.10267639464e-9,2.32398367217e-9,1.15369469533e-9,5.27735355416e-10,1.03375384641e-10,3.93034160773e-10,4.48131254327e-10,7.60965596092e-11,3.22204034287e-11,1.32146212375e-11,1.46264996642e-11,7.49563865837e-12,6.14651775657e-12,4.17012648371e-12,3.19322389711e-12,2.99109651977e-12,4.78591341904e-12,1.21546227944e-11,1.06246574039e-11,1.43172253567e-11,4.09747756558e-12],"dvar2":[0.0000393783011532,0.0000406813633163,0.00001300738586,6.57257260173e-7,1.70173834135e-7,2.47106328288e-7,1.85317489354e-7,5.15817397684e-8,3.14286481284e-8,5.1903970899e-8,4.39559357801e-8,2.6041647061e-8,2.01868441962e-8,3.50919222569e-8,3.55855362955e-8,1.48664627275e-8,1.61795927767e-8,5.22268228664e-9,1.49353962531e-9,2.80146350562e-9,6.46758380185e-9,2.965536261e-9,1.37933731104e-9,2.78681688837e-10,1.02218855602e-9,1.14281817343e-9,1.94804922193e-10,8.41507974414e-11,3.51048808078e-11,3.98606356256e-11,2.01483985746e-11,1.69558620616e-11,1.12587127121e-11,8.31579770322e-12,7.2312607291e-12,9.52194399717e-12,2.19867735129e-11,1.73793601038e-11,2.42661706701e-11,7.14557623141e-12],"max":[0.0499297454953,0.0578301921487,0.0286663156003,0.00942440889776,0.00851145479828,0.0122601576149,0.00594658777118,0.00377481430769,0.00248963315971,0.00406073080376,0.00625535612926,0.0024487702176,0.00233526621014,0.00246610678732,0.00376152200624,0.00205636909232,0.00237508886494,0.00154566462152,0.000696316186804,0.00117131753359,0.00152652955148,0.000884788751137,0.000963521539234,0.00024612879497,0.000541897141375,0.000508574768901,0.00020335863519,0.000154038440087,0.000104443010059,0.0000614042000961,0.0000575784943067,0.0000969376560533,0.0000495750646223,0.0000512137485202,0.0000602193686063,0.0000821820067358,0.000128751184093,0.000105210026959,0.000172006170033,0.0000774812215241],"mean":[0.00141363707371,0.00199255044572,0.000897933496162,0.000415630667703,0.000306780450046,0.000287177739665,0.000264797999989,0.000139933137689,0.000108692904178,0.000135477384902,0.0000993666835711,0.0000798227774794,0.0000938620287343,0.000102707454062,0.0000919786034501,0.0000614908494754,0.0000455752051494,0.0000333753450832,0.0000214589308598,0.0000270538475888,0.0000341087397828,0.0000313887830998,0.0000162520918821,0.0000110649016278,0.0000152925713337,0.0000172292347997,0.00000912057930691,0.00000515341616847,0.00000370438465325,0.00000341804502568,0.00000193442724594,0.00000152052871272,0.00000127402586259,9.9431201761e-7,9.44665657698e-7,9.83759150586e-7,0.00000109259940473,9.6980932085e-7,9.71832832874e-7,5.47851698229e-7],"median":[0.000339977210388,0.000623444910161,0.000261676148511,0.000179539609235,0.000150778636453,0.000114125999971,0.000100209246739,0.0000582795255468,0.0000486390017613,0.0000524341885466,0.0000363478175132,0.0000251870624197,0.0000302831977024,0.0000313117379847,0.0000276168102573,0.0000199590758712,0.00000956246003625,0.00000865372021508,0.00000646592161502,0.00000781327617005,0.00000726123289496,0.00000676134823152,0.00000363735171049,0.000002684507308,0.00000378507047571,0.00000372785802938,0.00000230837986237,0.00000141591397096,7.82719098424e-7,5.76115041895e-7,3.68577104837e-7,2.90280297577e-7,2.32775235531e-7,1.68563659031e-7,1.27106943637e-7,1.1053410276e-7,1.20424232364e-7,9.35421269332e-8,8.28216784043e-8,4.62533158441e-8],"min":[1.65481146747e-24,1.83507762279e-24,1.94176711592e-24,7.74952449297e-25,2.70108143315e-24,1.77554722066e-24,1.62540559254e-24,2.44852938928e-24,1.5587746534e-24,2.5396733922e-24,9.05906860134e-25,2.67545923095e-24,3.16707892481e-24,4.56836765506e-24,3.19016000882e-24,4.10185148736e-24,5.15180365854e-24,3.84710700182e-24,4.30635578843e-24,4.86786698077e-24,5.442326536e-24,3.50340306643e-24,4.31445305119e-24,4.98782156444e-24,5.07507589145e-24,3.48015533555e-24,5.80935038304e-24,4.95169883473e-24,6.09412207008e-24,5.63735070114e-24,5.71722010678e-24,5.60864089736e-24,6.15277624497e-24,6.17113106608e-24,5.02697864763e-24,5.81846803739e-24,5.43659546152e-24,5.85738057369e-24,6.76458954735e-24,7.95438979651e-24],"var":[0.0000177279471245,0.0000169982504303,0.00000374482442567,5.59712930226e-7,2.14139191712e-7,3.1586674254e-7,1.90379211062e-7,6.1607472901e-8,2.89141333099e-8,5.37867386186e-8,4.9412516745e-8,1.98598630874e-8,3.21604680664e-8,3.38310961467e-8,2.81648944167e-8,1.25910659676e-8,1.29358328493e-8,4.31276214741e-9,1.56824531139e-9,2.70170685823e-9,4.63823024432e-9,2.91754553849e-9,9.83227721463e-10,3.06875386213e-10,7.72531705273e-10,9.95683646643e-10,2.35777841695e-10,8.22954690505e-11,3.72360996204e-11,3.80757127216e-11,1.35377742003e-11,8.55935027716e-12,6.4319743108e-12,4.92696508592e-12,5.42639717882e-12,1.03336870311e-11,2.53431355762e-11,2.35832985085e-11,3.01214539422e-11,8.82647080425e-12]},"melbands_crest":{"dmean":3.13612294197,"dmean2":4.91409397125,"dvar":10.0588378906,"dvar2":23.4192256927,"max":36.1865463257,"mean":14.3625602722,"median":13.0633850098,"min":1.5412299633,"var":35.9486961365},"melbands_flatness_db":{"dmean":0.0272703710943,"dmean2":0.0421773158014,"dvar":0.00118873582687,"dvar2":0.002654426964,"max":0.623570144176,"mean":0.221741855145,"median":0.202080726624,"min":0.0038344906643,"var":0.00820881314576},"melbands_kurtosis":{"dmean":8.58840370178,"dmean2":13.4786567688,"dvar":1182.0994873,"dvar2":2851.85961914,"max":1369.08117676,"mean":15.7437534332,"median":4.55646800995,"min":-1.86482226849,"var":5268.56201172},"melbands_skewness":{"dmean":0.728895246983,"dmean2":1.09442532063,"dvar":1.10004532337,"dvar2":2.34570407867,"max":28.3598823547,"mean":2.36708307266,"median":1.95572066307,"min":-1.09968721867,"var":4.46986818314},"melbands_spread":{"dmean":5.43076705933,"dmean2":8.44199466705,"dvar":56.3356513977,"dvar2":116.46333313,"max":189.9427948,"mean":21.9895076752,"median":19.2101325989,"min":0.172873601317,"var":238.073623657},"mfcc":{"cov":[[19856.6679688,-590.228942871,-455.186828613,1801.91430664,1062.07446289,409.89163208,586.085205078,764.417663574,442.964477539,426.908325195,335.780303955,494.652740479,171.697677612],[-590.228942871,1820.77600098,-270.73840332,-75.1559753418,-89.8216247559,-23.6185321808,25.4056167603,-87.4312515259,-51.7164306641,-84.5890350342,-62.0280342102,-95.2218093872,44.3207778931],[-455.186828613,-270.73840332,958.930419922,37.7696456909,161.930252075,163.407302856,119.922065735,163.237716675,118.433288574,120.667045593,81.3740997314,109.279602051,-24.6207923889],[1801.91430664,-75.1559753418,37.7696456909,644.73236084,216.374908447,80.4597930908,69.403793335,124.782699585,100.311859131,97.147644043,47.4762840271,57.6980705261,44.8271713257],[1062.07446289,-89.8216247559,161.930252075,216.374908447,339.702148438,86.8641891479,97.0957946777,93.6108169556,113.020126343,101.107940674,89.9052581787,86.3787231445,28.1013393402],[409.89163208,-23.6185321808,163.407302856,80.4597930908,86.8641891479,243.295028687,108.197639465,73.3386993408,38.3932991028,38.8075523376,19.8408851624,34.8952102661,24.2695331573],[586.085205078,25.4056167603,119.922065735,69.403793335,97.0957946777,108.197639465,199.137390137,122.462127686,82.5383148193,61.284160614,51.459564209,50.455242157,18.9714698792],[764.417663574,-87.4312515259,163.237716675,124.782699585,93.6108169556,73.3386993408,122.462127686,190.42779541,105.359375,67.6365203857,57.2890510559,59.2239608765,8.34883117676],[442.964477539,-51.7164306641,118.433288574,100.311859131,113.020126343,38.3932991028,82.5383148193,105.359375,150.533706665,84.2112579346,69.8324737549,57.1280250549,3.55158162117],[426.908325195,-84.5890350342,120.667045593,97.147644043,101.107940674,38.8075523376,61.284160614,67.6365203857,84.2112579346,140.823394775,80.1697235107,63.0178756714,11.1309528351],[335.780303955,-62.0280342102,81.3740997314,47.4762840271,89.9052581787,19.8408851624,51.459564209,57.2890510559,69.8324737549,80.1697235107,117.897979736,73.9074554443,10.1177568436],[494.652740479,-95.2218093872,109.279602051,57.6980705261,86.3787231445,34.8952102661,50.455242157,59.2239608765,57.1280250549,63.0178756714,73.9074554443,122.234580994,39.4754905701],[171.697677612,44.3207778931,-24.6207923889,44.8271713257,28.1013393402,24.2695331573,18.9714698792,8.34883117676,3.55158162117,11.1309528351,10.1177568436,39.4754905701,97.6432418823]],"icov":[[0.0000924827327253,0.0000120757222248,0.000158557333634,-0.000155589965289,-0.000159122151672,-0.0000389547385566,-0.0000567774150113,-0.000284710928099,0.000161683681654,-0.0000428549210483,0.00010362231842,-0.000312358752126,0.000148706400068],[0.0000120757222248,0.000635041855276,0.000102288315247,-0.0000167814760061,0.0000467383288196,0.0000460077098978,-0.000495024200063,0.000345920328982,-0.000176800327608,0.000240388995735,-0.000107519910671,0.0005238087615,-0.000455868837889],[0.000158557333634,0.000102288315247,0.00180244934745,0.0000963388010859,-0.000616608071141,-0.000838887528516,0.000225128140301,-0.00137935008388,0.000240298264544,-0.00076846597949,0.000718869152479,-0.00149120320566,0.00115242530592],[-0.000155589965289,-0.0000167814760061,0.0000963388010859,0.00259984144941,-0.00103542965371,-0.000265703769401,0.000928902707528,-0.00102074129973,-0.000358484365279,-0.000975013477728,0.000742915319279,0.000721187330782,-0.000861589913256],[-0.000159122151672,0.0000467383288196,-0.000616608071141,-0.00103542965371,0.00565769942477,-0.000551488134079,-0.000784743519034,0.00171287823468,-0.00218905834481,-0.000154615161591,-0.00176094775088,-0.000294761033729,-0.000507824472152],[-0.0000389547385566,0.0000460077098978,-0.000838887528516,-0.000265703769401,-0.000551488134079,0.00620052358136,-0.00301030860282,0.0000888408976607,0.00095379492268,-0.00012979125313,0.000878949533217,0.000330237409798,-0.00109156605322],[-0.0000567774150113,-0.000495024200063,0.000225128140301,0.000928902707528,-0.000784743519034,-0.00301030860282,0.0108887124807,-0.00521092675626,-0.00105703657027,-0.00085743406089,-0.000552701589186,0.00010998333164,-0.000592143274844],[-0.000284710928099,0.000345920328982,-0.00137935008388,-0.00102074129973,0.00171287823468,0.0000888408976607,-0.00521092675626,0.0138905663043,-0.00571557600051,0.00124510785099,-0.000799066270702,-0.00016216946824,-0.0000115295724754],[0.000161683681654,-0.000176800327608,0.000240298264544,-0.000358484365279,-0.00218905834481,0.00095379492268,-0.00105703657027,-0.00571557600051,0.0155534287915,-0.00397096760571,-0.00187787017785,-0.000952426344156,0.00157470535487],[-0.0000428549210483,0.000240388995735,-0.00076846597949,-0.000975013477728,-0.000154615161591,-0.00012979125313,-0.00085743406089,0.00124510785099,-0.00397096760571,0.0148457009345,-0.00636149337515,-0.000431039865362,-0.000357493845513],[0.00010362231842,-0.000107519910671,0.000718869152479,0.000742915319279,-0.00176094775088,0.000878949533217,-0.000552701589186,-0.000799066270702,-0.00187787017785,-0.00636149337515,0.0196298193187,-0.00834309961647,0.00230325409211],[-0.000312358752126,0.0005238087615,-0.00149120320566,0.000721187330782,-0.000294761033729,0.000330237409798,0.00010998333164,-0.00016216946824,-0.000952426344156,-0.000431039865362,-0.00834309961647,0.0190099384636,-0.00713745877147],[0.000148706400068,-0.000455868837889,0.00115242530592,-0.000861589913256,-0.000507824472152,-0.00109156605322,-0.000592143274844,-0.0000115295724754,0.00157470535487,-0.000357493845513,0.00230325409211,-0.00713745877147,0.0140367941931]],"mean":[-702.736083984,137.25718689,-13.3378410339,12.8288373947,-0.448958069086,-0.332994312048,3.98612928391,-0.430319726467,-5.53594970703,-2.82825613022,-3.78352618217,-0.609949290752,0.82564419508]},"pitch_salience":{"dmean":0.0710962563753,"dmean2":0.113392136991,"dvar":0.00532627478242,"dvar2":0.0128796529025,"max":0.93704688549,"mean":0.540287256241,"median":0.556285500526,"min":0.0217924490571,"var":0.016882006079},"silence_rate_20dB":{"dmean":0,"dmean2":0,"dvar":0,"dvar2":0,"max":1,"mean":1,"median":1,"min":1,"var":0},"silence_rate_30dB":{"dmean":0.0234769489616,"dmean2":0.0469569787383,"dvar":0.0229244846851,"dvar2":0.0564217790961,"max":1,"mean":0.982032775879,"median":1,"min":0,"var":0.0176461283118},"silence_rate_60dB":{"dmean":0.040658403188,"dmean2":0.0813221409917,"dvar":0.0390009321272,"dvar2":0.0820390284061,"max":1,"mean":0.211606562138,"median":0,"min":0,"var":0.166847392917},"spectral_centroid":{"dmean":200.977096558,"dmean2":321.975280762,"dvar":68479.8046875,"dvar2":161201.171875,"max":11803.6601562,"mean":1248.68371582,"median":1162.84118652,"min":122.878646851,"var":538407.6875},"spectral_complexity":{"dmean":2.44842290878,"dmean2":3.9826862812,"dvar":7.84447145462,"dvar2":18.9150524139,"max":55,"mean":17.9092464447,"median":14,"min":0,"var":169.0806427},"spectral_contrast_coeffs":{"dmean":[0.0490272454917,0.0442313998938,0.0357518084347,0.0299492329359,0.0222719106823,0.0199385024607],"dmean2":[0.079277575016,0.0722643360496,0.0580078326166,0.0488311499357,0.0360259599984,0.0316224247217],"dvar":[0.00191813055426,0.00151306961197,0.000907213194296,0.000695828231983,0.000414620531956,0.000405562954256],"dvar2":[0.00476570473984,0.00382773345336,0.00222176592797,0.00165117892902,0.000971496978309,0.000937298464123],"max":[-0.24715512991,-0.401542723179,-0.492919594049,-0.506007015705,-0.54379183054,-0.551917016506],"mean":[-0.612626791,-0.731928765774,-0.754988968372,-0.77750146389,-0.792800068855,-0.770809233189],"median":[-0.618197321892,-0.736752152443,-0.756066679955,-0.776899218559,-0.790117740631,-0.765270471573],"min":[-0.989345133305,-0.982489049435,-0.982961118221,-0.968613743782,-0.965444266796,-0.96405351162],"var":[0.00981559883803,0.00621242448688,0.00432543084025,0.00383566459641,0.00319753261283,0.00285503477789]},"spectral_contrast_valleys":{"dmean":[0.448928385973,0.376566380262,0.311913967133,0.294869363308,0.311398088932,0.388355970383],"dmean2":[0.708414435387,0.619374752045,0.510970413685,0.475296795368,0.470921218395,0.562100291252],"dvar":[0.268629074097,0.184254735708,0.109175875783,0.145215049386,0.248100623488,0.34302854538],"dvar2":[0.515239477158,0.416683703661,0.245434954762,0.296784818172,0.454238623381,0.617981076241],"max":[-5.20421123505,-4.87461614609,-5.44000339508,-5.80277490616,-5.69399881363,-7.46193933487],"mean":[-8.30635070801,-7.22595500946,-7.67840671539,-8.20727443695,-8.29322910309,-11.2451858521],"median":[-7.56750106812,-6.80893230438,-7.32935190201,-7.80975151062,-7.87525558472,-10.6841564178],"min":[-28.0866127014,-27.7446308136,-27.6576728821,-27.6076869965,-27.4440612793,-27.4130954742],"var":[4.60638046265,2.89196920395,2.75767683983,3.25583577156,3.95542168617,4.19510030746]},"spectral_decrease":{"dmean":2.04725858488e-9,"dmean2":3.17407344852e-9,"dvar":2.34717577701e-17,"dvar2":4.97743558982e-17,"max":1.04811688842e-11,"mean":-5.60952706508e-9,"median":-3.28494165203e-9,"min":-5.78054901723e-8,"var":4.73120211943e-17},"spectral_energy":{"dmean":0.00794845446944,"dmean2":0.0122952088714,"dvar":0.000340777653037,"dvar2":0.00072146038292,"max":0.221342951059,"mean":0.0226603783667,"median":0.0132790217176,"min":1.00449113894e-20,"var":0.000736108515412},"spectral_energyband_high":{"dmean":0.000207091405173,"dmean2":0.000312217103783,"dvar":4.4367470764e-7,"dvar2":8.35094851936e-7,"max":0.0196427423507,"mean":0.000513027014676,"median":0.00010254260269,"min":7.17420692292e-21,"var":0.00000119640117191},"spectral_energyband_low":{"dmean":0.0062361783348,"dmean2":0.00974513310939,"dvar":0.000319543672958,"dvar2":0.000675360031892,"max":0.209703415632,"mean":0.0102211488411,"median":0.00432727020234,"min":2.52944415395e-23,"var":0.000417177740019},"spectral_energyband_middle_high":{"dmean":0.00132445548661,"dmean2":0.002044032095,"dvar":0.00000480309790873,"dvar2":0.0000115302109407,"max":0.0433436483145,"mean":0.00528508704156,"median":0.00216355640441,"min":1.23501104777e-21,"var":0.0000403385565733},"spectral_energyband_middle_low":{"dmean":0.00300996564329,"dmean2":0.00499750254676,"dvar":0.0000386481078749,"dvar2":0.000104388062027,"max":0.0913067236543,"mean":0.00787976291031,"median":0.0050975526683,"min":1.64947445268e-22,"var":0.0000751576299081},"spectral_entropy":{"dmean":0.17335473001,"dmean2":0.271035790443,"dvar":0.0660121738911,"dvar2":0.136796846986,"max":9.81995296478,"mean":7.38398361206,"median":7.5164899826,"min":4.94306325912,"var":0.342373937368},"spectral_flux":{"dmean":0.0214183032513,"dmean2":0.0326971448958,"dvar":0.00126650510356,"dvar2":0.00244367308915,"max":0.436141848564,"mean":0.0661523491144,"median":0.0533974952996,"min":6.46076109279e-11,"var":0.00347407115623},"spectral_kurtosis":{"dmean":4.16475391388,"dmean2":6.78283071518,"dvar":155.134994507,"dvar2":298.106567383,"max":260.182617188,"mean":9.8601140976,"median":5.24665021896,"min":-1.37442481518,"var":438.695739746},"spectral_rms":{"dmean":0.000662766688038,"dmean2":0.000993766123429,"dvar":0.00000125798442241,"dvar2":0.00000252000995715,"max":0.0146950446069,"mean":0.00393642531708,"median":0.00359932519495,"min":3.13048133423e-12,"var":0.00000661225749354},"spectral_rolloff":{"dmean":456.292938232,"dmean2":762.690856934,"dvar":1485068.875,"dvar2":3426445,"max":19616.7480469,"mean":1471.95788574,"median":1184.32617188,"min":64.599609375,"var":3211283},"spectral_skewness":{"dmean":0.364283591509,"dmean2":0.587364375591,"dvar":0.46542224288,"dvar2":0.928353905678,"max":13.1436843872,"mean":1.95699119568,"median":1.64695048332,"min":-0.0691684931517,"var":1.55743575096},"spectral_spread":{"dmean":540611,"dmean2":817169,"dvar":816427892736,"dvar2":1637462704130,"max":42631156,"mean":3926146.5,"median":3676001.5,"min":352933.5,"var":6365123706880},"spectral_strongpeak":{"dmean":0.330341696739,"dmean2":0.572806298733,"dvar":0.554151773453,"dvar2":1.47145974636,"max":13.0873193741,"mean":0.608440279961,"median":0.383946686983,"min":0,"var":0.692960679531},"zerocrossingrate":{"dmean":0.00858877412975,"dmean2":0.0102112842724,"dvar":0.000190713573829,"dvar2":0.000250635261182,"max":0.521484375,"mean":0.055436603725,"median":0.0478515625,"min":0.00244140625,"var":0.00191621726844}},"metadata":{"audio_properties":{"analysis_sample_rate":44100,"bit_rate":0,"codec":"flac","downmix":"mix","equal_loudness":0,"length":354.079986572,"lossless":true,"md5_encoded":"63d2e403eea2aa4bfbce117a69a026e0","replay_gain":-13.3713359833,"sample_rate":44100},"tags":{"album":["Ritual"],"albumartist":["White Lies"],"albumartistsort":["White Lies"],"artist":["White Lies"],"artistsort":["White Lies"],"asin":["B004AYEQF2"],"barcode":["0602527516363"],"catalognumber":["2751636"],"date":["2011-01-17"],"discnumber":["1"],"disctotal":["1"],"file_name":"04. Peace & Quiet.flac","isrc":["GBUM71027263"],"label":["Fiction Records"],"language":["eng"],"media":["CD"],"musicbrainz_albumartistid":["5bdb38bd-5c5b-4d0f-8901-8bbe1d7062d8"],"musicbrainz_albumid":["949cf406-2a82-47fa-9b4d-1c11b0885edd"],"musicbrainz_artistid":["5bdb38bd-5c5b-4d0f-8901-8bbe1d7062d8"],"musicbrainz_recordingid":["b23550e8-1245-449d-9bc7-9d0e5e6a4ca5"],"musicbrainz_releasegroupid":["5c88e996-ef97-4b44-822d-41dc5f1d03eb"],"musicip_puid":["71301b02-c15f-3a98-c224-75e3503556ea"],"originaldate":["2011-01-17"],"releasecountry":["GB"],"releasestatus":["official"],"releasetype":["album"],"script":["Latn"],"title":["Peace & Quiet"],"totaldiscs":["1"],"totaltracks":["10"],"tracknumber":["4"],"tracktotal":["10"]},"version":{"essentia":"2.1-beta2","essentia_build_sha":"70f2e5ece6736b2c40cc944ad0e695b16b925413","essentia_git_sha":"v2.1_beta2","extractor":"music 1.0"}},"rhythm":{"beats_count":724,"beats_loudness":{"dmean":0.0290549919009,"dmean2":0.0545868165791,"dvar":0.00153890706133,"dvar2":0.00450218562037,"max":0.209064900875,"mean":0.0354335680604,"median":0.0204958990216,"min":0,"var":0.00163139624055},"beats_loudness_band_ratio":{"dmean":[0.261462122202,0.133766800165,0.111967556179,0.100201800466,0.0437270849943,0.0424563027918],"dmean2":[0.472661226988,0.234318524599,0.194780960679,0.170192047954,0.0772601217031,0.07469