{"lowlevel":{"average_loudness":0.858792901039,"barkbands":{"dmean":[0.00000742446400182,0.000403776735766,0.00192232872359,0.00190243753605,0.00116688059643,0.000698235002346,0.000678781012539,0.000919669691939,0.0005802437081,0.000210939280805,0.000113389214675,0.000263979076408,0.000325769273331,0.000227979195188,0.000207545235753,0.000139080890222,0.00018649638514,0.000344250584021,0.000239313769271,0.0000823095469968,0.0000575779595238,0.0000422185876232,0.0000343895080732,0.0000493679654028,0.000024300896257,0.0000180094539246,0.0000068530525823],"dmean2":[0.0000129078889586,0.000685680424795,0.00294153252617,0.00306238187477,0.00185084796976,0.00109004939441,0.00101949018426,0.0013437991729,0.000807105971035,0.000295333971735,0.000174443179276,0.000390620582039,0.000469350168714,0.00034336358658,0.000311855546897,0.000213942519622,0.000274120859103,0.000533044396434,0.000348600297002,0.000140496282256,0.0000982007259154,0.0000693066540407,0.0000556279992452,0.0000800620618975,0.0000396816103603,0.0000345992521034,0.0000132504701469],"dvar":[6.93232554694e-11,4.0416202296e-7,0.0000133051635203,0.00000718122691978,0.00000350643017555,0.00000187349530734,0.00000290681032311,0.00000505784464622,0.00000342740622727,4.05203138598e-7,1.22038315453e-7,5.67298286569e-7,8.45691943141e-7,3.93386187625e-7,3.27041306036e-7,1.45395588902e-7,1.79055064109e-7,0.00000243389308707,4.42047053184e-7,4.23743102829e-8,2.88510690893e-8,8.29238189226e-9,3.96554256099e-9,8.84038264815e-9,2.1078940815e-9,3.0706368559e-9,5.38181887944e-10],"dvar2":[2.07261971474e-10,9.78830030363e-7,0.0000231086942222,0.0000175393033714,0.00000867357903189,0.00000433133618571,0.0000055667428569,0.00000950641606323,0.00000593697859586,6.96913787124e-7,2.79238093981e-7,0.00000108560743683,0.00000147360390201,7.6453869724e-7,6.22484321866e-7,3.07085315399e-7,3.39492714829e-7,0.0000056544877225,8.30507360661e-7,1.16418299001e-7,8.21981558374e-8,2.21125695532e-8,9.6244896497e-9,2.19010551916e-8,5.26747578888e-9,8.85396733707e-9,1.56396429141e-9],"max":[0.000169165155967,0.016697011888,0.100972384214,0.0318157896399,0.0278235096484,0.02970026806,0.0452710054815,0.0529222339392,0.0474081635475,0.016552425921,0.0127979256213,0.0231449287385,0.0256282631308,0.0239213574678,0.0186612457037,0.0196665972471,0.0142733659595,0.0676659569144,0.0281504057348,0.00415244232863,0.00457034306601,0.00180757115595,0.00105484179221,0.00126355316024,0.000712378998287,0.000752992113121,0.00030169665115],"mean":[0.0000112421485028,0.000582927430514,0.00357533222996,0.00267873913981,0.00183006899897,0.00123644387349,0.00119742623065,0.00141445745248,0.00114593619946,0.00041928992141,0.000165167992236,0.000414135603933,0.000544408219866,0.000326644891175,0.000303376786178,0.000205346921575,0.000353923678631,0.000608642061707,0.000479596230434,0.0000866136469995,0.0000565744194319,0.0000462476382381,0.0000353093601007,0.0000463407595817,0.0000223356764764,0.0000103655975181,0.00000389427896152],"median":[0.00000970751716522,0.000266856251983,0.00137969013304,0.00169919687323,0.00110930332448,0.000600392755587,0.000244473805651,0.000217374137719,0.000173000706127,0.0000637658158666,0.0000293407920253,0.0000602631516813,0.0000698431540513,0.0000616505858488,0.0000616157922195,0.0000678328069625,0.0000846008042572,0.000108458414616,0.0000948693996179,0.0000225900312216,0.0000195592037926,0.0000173401404027,0.0000113852274808,0.0000117873296404,0.00000528342934558,4.75101444408e-7,1.8829256021e-7],"min":[5.81120943237e-25,2.37004620947e-24,5.97647825721e-25,7.93394587451e-25,6.6671320934e-24,8.87003958187e-24,3.54866080542e-24,6.27061786471e-24,1.91737265739e-23,1.47046417969e-23,1.53689857414e-23,1.05185837467e-23,1.84774621617e-23,2.48384641591e-23,3.29082288073e-23,5.17896966153e-23,7.33347564252e-23,1.1155077588e-22,1.44574525478e-22,1.45073539954e-22,2.04415633104e-22,2.83885190395e-22,3.36253008458e-22,6.41374107229e-22,8.72026686061e-22,1.36155746362e-21,1.84852248686e-21],"var":[7.23117399293e-11,0.00000129589398057,0.000061904618633,0.0000100378547359,0.0000055002165027,0.00000383770975532,0.0000110302080429,0.0000112641455416,0.000012386994058,0.00000147646119331,1.8643888211e-7,0.00000144271268709,0.00000267088285,9.20181435049e-7,7.41824237593e-7,2.57147291904e-7,5.82651409786e-7,0.00000664786375637,0.00000144331193042,3.60642502528e-8,1.86900326327e-8,7.15808168295e-9,4.24057233772e-9,8.74522587679e-9,1.96480920422e-9,1.67977654009e-9,2.90786061896e-10]},"barkbands_crest":{"dmean":2.52034163475,"dmean2":4.08215904236,"dvar":4.81855726242,"dvar2":11.9775075912,"max":26.9078025818,"mean":9.96479034424,"median":9.12008666992,"min":2.6587293148,"var":17.0788002014},"barkbands_flatness_db":{"dmean":0.0318926945329,"dmean2":0.0465338006616,"dvar":0.000827223528177,"dvar2":0.00178713025525,"max":0.549645602703,"mean":0.151662290096,"median":0.144732370973,"min":0.0305416528136,"var":0.00366412312724},"barkbands_kurtosis":{"dmean":6.14336299896,"dmean2":9.24427509308,"dvar":321.423187256,"dvar2":571.62310791,"max":1811.84277344,"mean":13.1806783676,"median":2.97127246857,"min":-1.82402789593,"var":5299.09423828},"barkbands_skewness":{"dmean":0.738521814346,"dmean2":1.12421286106,"dvar":0.649390459061,"dvar2":1.38012897968,"max":42.1432533264,"mean":2.13313674927,"median":1.67566871643,"min":-2.17738652229,"var":6.97038698196},"barkbands_spread":{"dmean":7.40023374557,"dmean2":11.5180578232,"dvar":89.8174057007,"dvar2":210.371932983,"max":118.562156677,"mean":18.7444648743,"median":16.2183475494,"min":0.31122636795,"var":161.912704468},"dissonance":{"dmean":0.0218953080475,"dmean2":0.0352428853512,"dvar":0.000489856873173,"dvar2":0.00121845421381,"max":0.499976217747,"mean":0.450299113989,"median":0.459054172039,"min":0.250540524721,"var":0.00128306390252},"dynamic_complexity":3.56200242043,"erbbands":{"dmean":[0.00344461831264,0.137246102095,1.62466812134,4.09116029739,6.76866817474,2.63001489639,2.79111886024,7.72538995743,9.43748855591,13.2648925781,18.2070140839,13.2774581909,7.08370685577,6.60670423508,5.97862100601,9.56099033356,11.7688055038,11.8699541092,11.2148628235,7.65156793594,7.59590339661,11.1122131348,19.5918540955,15.2143278122,6.66521453857,3.7889547348,1.93174421787,2.78912949562,1.64553999901,1.07459771633,0.952355086803,0.983395755291,0.829357862473,0.413798928261,0.100136213005,0.0439005345106,0.0362565778196,0.0160818304867,0.000805365038104,0.0000241126181209],"dmean2":[0.00561911379918,0.227768585086,2.49975848198,6.49456882477,10.836274147,4.15184116364,4.38778114319,11.9831228256,14.0929479599,19.8574771881,26.5180950165,18.0885639191,9.43015575409,9.34340953827,8.74621868134,13.7810621262,16.9026908875,17.4349727631,16.1756458282,11.7918167114,11.44444561,15.9432821274,30.2611312866,22.0774097443,9.86616897583,6.42768287659,3.22044444084,4.85513687134,2.71636867523,1.72479045391,1.5458394289,1.59574520588,1.35944652557,0.674865186214,0.166960284114,0.0809882730246,0.0699897259474,0.0312053263187,0.00155481661204,0.0000427080922236],"dvar":[0.000024988408768,0.0522317476571,10.3963861465,29.9250831604,101.627708435,26.5448760986,24.6690406799,242.723983765,603.75769043,1127.02746582,2119.27587891,2084.81201172,568.377197266,380.918304443,261.037017822,821.565246582,1239.57641602,880.833374023,911.545715332,307.801055908,466.304473877,694.616149902,10165.0810547,2097.08422852,205.69442749,90.586265564,20.8786811829,91.9253082275,14.3639879227,3.67978811264,3.22688484192,3.8572576046,2.71594691277,0.638944983482,0.0372508242726,0.0185497924685,0.0144394636154,0.00257296208292,0.00000657584814689,3.29856431058e-9],"dvar2":[0.0000620029532001,0.117758080363,18.3214607239,73.1641464233,242.44291687,60.9337234497,55.5455741882,561.635742188,1188.5859375,2190.23876953,4130.45068359,3173.98193359,990.963134766,756.559082031,560.559326172,1514.41052246,2073.85424805,1693.23986816,1567.4576416,655.00579834,934.541442871,1167.66235352,24606.0332031,4108.79785156,399.218719482,249.690444946,57.1109580994,266.19430542,38.9474983215,9.00107955933,7.93942737579,9.42652606964,6.87810897827,1.59839224815,0.0954789295793,0.0533174164593,0.0418618731201,0.00743185495958,0.0000190726277651,9.51898204704e-9],"max":[0.126953005791,5.44828510284,87.909866333,76.9115142822,167.896621704,106.728485107,127.316101074,316.065826416,758.004516602,1192.56201172,817.161193848,1486.85644531,626.584716797,584.977355957,562.360168457,908.604858398,1418.18395996,785.816589355,888.550476074,493.114746094,1279.83508301,880.70111084,4883.62939453,2006.69665527,317.097106934,189.18006897,80.9700469971,288.554412842,81.249130249,18.1883411407,33.1603050232,27.468120575,26.1372509003,12.9582605362,2.37276959419,2.84602594376,2.29330921173,0.614583790302,0.0336776636541,0.00104849564377],"mean":[0.00600716099143,0.223771631718,2.98817205429,7.33592796326,9.26407527924,4.20099592209,4.90518951416,13.6286888123,18.4640293121,19.7839298248,30.6513748169,26.1634178162,15.1451663971,12.0302314758,10.1207704544,15.9849128723,21.178445816,21.0527744293,17.7059688568,12.5547399521,13.0400362015,22.1952514648,36.139175415,30.9025115967,12.8792829514,4.30955219269,2.03851318359,2.62014508247,1.77108824253,1.19018292427,0.950861275196,0.959666013718,0.757123410702,0.382997065783,0.0863400101662,0.0287713315338,0.0204609092325,0.00888589583337,0.000468689657282,0.00003485355046],"median":[0.00340127502568,0.102102823555,1.15852308273,4.4887843132,5.24231624603,2.43137288094,2.66476154327,6.0572886467,4.89343118668,5.46320009232,5.31410837173,4.13095998764,2.62406158447,1.96381151676,2.25244426727,2.17957568169,2.92979764938,3.93015384674,3.54192376137,3.4656162262,4.28355550766,5.37708044052,5.77955341339,6.83459043503,3.35218286514,1.25859236717,0.729181945324,0.858574032784,0.658729374409,0.413346648216,0.29566976428,0.247941419482,0.189285233617,0.0933550745249,0.0175998397171,0.00299331196584,0.000747952028178,0.000206427663215,0.0000315399556712,0.0000208838227991],"min":[1.1014497526e-22,4.32268210106e-22,1.82817053183e-21,4.46424570223e-21,1.13237778528e-20,2.22366020376e-20,5.96429210276e-20,9.98842497019e-20,5.08787259489e-20,1.74774694358e-19,2.93021959456e-19,3.92820654125e-19,4.34097561228e-19,4.36895034361e-19,8.35206952832e-19,1.12432570547e-18,1.08848427972e-18,2.43253448829e-18,2.06306413473e-18,3.26271590531e-18,3.43790924353e-18,4.67250339793e-18,5.03714280992e-18,7.34550032427e-18,7.58540255425e-18,6.95346634476e-18,9.06533206768e-18,8.9133384573e-18,9.97924753054e-18,1.21973315159e-17,1.06212000701e-17,1.0952255122e-17,1.09132783715e-17,9.03166664393e-18,6.46948048681e-18,4.21039770796e-18,2.37658605961e-18,9.69773728858e-19,2.55910191081e-19,2.51159967473e-20],"var":[0.0000594130142417,0.183120325208,46.8500938416,72.3924636841,146.849182129,43.4670524597,53.1164588928,514.275268555,2467.39746094,2294.03369141,4999.44189453,7673.93701172,2024.72229004,952.290649414,553.087524414,2443.57592773,3852.38452148,2689.12084961,2514.34423828,728.54309082,912.357849121,2646.85961914,27644.2460938,6482.78271484,705.25012207,78.856552124,16.6263828278,54.4278907776,11.6328849792,3.99616456032,3.37715315819,3.96404790878,2.48278546333,0.59511333704,0.0318185724318,0.0105510158464,0.00778726674616,0.00139357906301,0.00000358063425665,2.5216468913e-9]},"erbbands_crest":{"dmean":2.48518276215,"dmean2":3.9795794487,"dvar":5.52058506012,"dvar2":13.0918130875,"max":28.3343009949,"mean":8.53772544861,"median":7.75293874741,"min":2.32210278511,"var":14.6292057037},"erbbands_flatness_db":{"dmean":0.0246871449053,"dmean2":0.0347395688295,"dvar":0.0005036846851,"dvar2":0.000990478671156,"max":0.303078681231,"mean":0.163966089487,"median":0.163791581988,"min":0.0220738854259,"var":0.00214917305857},"erbbands_kurtosis":{"dmean":0.856924057007,"dmean2":1.33813416958,"dvar":1.37093043327,"dvar2":3.13622903824,"max":20.01263237,"mean":0.148797735572,"median":-0.427121400833,"min":-1.78890883923,"var":3.8047618866},"erbbands_skewness":{"dmean":0.416364699602,"dmean2":0.632468760014,"dvar":0.169164657593,"dvar2":0.374574393034,"max":4.0387134552,"mean":0.275638371706,"median":0.325173199177,"min":-3.59044981003,"var":0.783251643181},"erbbands_spread":{"dmean":10.1808166504,"dmean2":15.3328123093,"dvar":124.924133301,"dvar2":302.669525146,"max":132.493835449,"mean":42.954624176,"median":39.5200576782,"min":7.33281326294,"var":378.721466064},"gfcc":{"cov":[[40189.3046875,2997.27783203,-4705.83886719,960.664550781,-2101.3581543,-133.056900024,-1613.12426758,264.795806885,-820.986999512,-435.742095947,-428.649597168,-538.715148926,-847.969726562],[2997.27783203,1544.64562988,-460.727386475,-61.408946991,-77.2794952393,-148.468978882,-27.5353546143,-26.9530258179,48.2939872742,-196.343551636,71.9572296143,-114.448295593,-33.4976997375],[-4705.83886719,-460.727386475,1208.48498535,35.2235488892,235.157913208,88.7693328857,176.080108643,-109.549850464,59.860534668,100.89730072,-52.9558753967,92.8432388306,118.378463745],[960.664550781,-61.408946991,35.2235488892,406.711303711,-11.0747766495,66.4925994873,-135.293365479,-28.4306640625,0.910251736641,-9.83333206177,-34.6647262573,-26.6524562836,33.327419281],[-2101.3581543,-77.2794952393,235.157913208,-11.0747766495,410.194793701,-54.9805450439,55.3427314758,-69.2324447632,69.928894043,52.2788047791,13.5929861069,43.6140022278,33.4963340759],[-133.056900024,-148.468978882,88.7693328857,66.4925994873,-54.9805450439,202.078674316,22.7958145142,0.543433666229,-26.2380657196,16.6015415192,-2.2462105751,-28.2485332489,18.4774627686],[-1613.12426758,-27.5353546143,176.080108643,-135.293365479,55.3427314758,22.7958145142,308.539825439,51.4592971802,-0.259269982576,-33.9263763428,16.6087818146,27.6006946564,-3.73916244507],[264.795806885,-26.9530258179,-109.549850464,-28.4306640625,-69.2324447632,0.543433666229,51.4592971802,146.785446167,4.27716588974,-36.8279418945,18.2263832092,-4.95538187027,-20.3441677094],[-820.986999512,48.2939872742,59.860534668,0.910251736641,69.928894043,-26.2380657196,-0.259269982576,4.27716588974,117.571754456,28.8976745605,17.3602104187,-1.18286192417,24.7871952057],[-435.742095947,-196.343551636,100.89730072,-9.83333206177,52.2788047791,16.6015415192,-33.9263763428,-36.8279418945,28.8976745605,123.039596558,-10.9642009735,14.8632001877,13.5342664719],[-428.649597168,71.9572296143,-52.9558753967,-34.6647262573,13.5929861069,-2.2462105751,16.6087818146,18.2263832092,17.3602104187,-10.9642009735,94.400642395,18.4358081818,4.33248853683],[-538.715148926,-114.448295593,92.8432388306,-26.6524562836,43.6140022278,-28.2485332489,27.6006946564,-4.95538187027,-1.18286192417,14.8632001877,18.4358081818,89.6063461304,16.1053695679],[-847.969726562,-33.4976997375,118.378463745,33.327419281,33.4963340759,18.4774627686,-3.73916244507,-20.3441677094,24.7871952057,13.5342664719,4.33248853683,16.1053695679,90.2596969604]],"icov":[[0.000215941909119,-0.000509168254212,0.00050599797396,-0.000490494712722,0.000419684947701,-0.000256472820183,0.000532065983862,-0.000432608561823,0.000932062859647,-0.000761621515267,0.00124338152818,-0.000814091530629,0.00112234428525],[-0.000509168254212,0.00246155075729,-0.000936080352403,0.00133357383311,-0.000762499694247,0.00136564625427,-0.00139679538552,0.0022847277578,-0.00316027202643,0.00373377045617,-0.00380387227051,0.00343173998408,-0.00279592396691],[0.00050599797396,-0.000936080352403,0.00272710924037,-0.00132569484413,0.000701692129951,-0.00110582518391,0.000225979165407,0.0000593038239458,0.00142208987381,-0.00192342686933,0.0038800467737,-0.00286554335617,0.00153078860603],[-0.000490494712722,0.00133357383311,-0.00132569484413,0.00471202237532,-0.00132212694734,-0.000846014532726,0.000783596711699,0.000977798714302,-0.00269420421682,0.00363272242248,-0.00174180709291,0.00202898890711,-0.00328090460971],[0.000419684947701,-0.000762499694247,0.000701692129951,-0.00132212694734,0.00448353635147,0.000826693431009,-0.000010233260582,0.00100578158163,0.000186947348993,-0.00205197557807,0.00155673047993,-0.00179283227772,0.00212243199348],[-0.000256472820183,0.00136564625427,-0.00110582518391,-0.000846014532726,0.000826693431009,0.00818443018943,-0.00224834121764,0.000974020571448,0.000928934721742,-0.000589854491409,-0.00402944954112,0.0054897479713,-0.00294863735326],[0.000532065983862,-0.00139679538552,0.000225979165407,0.000783596711699,-0.000010233260582,-0.00224834121764,0.00702382111922,-0.00332418759353,0.00243136449717,0.000475916109281,0.00327990367077,-0.00299505214207,0.00353823788464],[-0.000432608561823,0.0022847277578,0.0000593038239458,0.000977798714302,0.00100578158163,0.000974020571448,-0.00332418759353,0.0116473203525,-0.00513570662588,0.00488135172054,-0.00395871978253,0.00219636387192,-0.00126372673549],[0.000932062859647,-0.00316027202643,0.00142208987381,-0.00269420421682,0.000186947348993,0.000928934721742,0.00243136449717,-0.00513570662588,0.0169938188046,-0.00801337044686,0.00305130914785,-0.000964789476711,0.00195738486946],[-0.000761621515267,0.00373377045617,-0.00192342686933,0.00363272242248,-0.00205197557807,-0.000589854491409,0.000475916109281,0.00488135172054,-0.00801337044686,0.0174099449068,-0.00364508572966,0.00254458282143,-0.00327508267947],[0.00124338152818,-0.00380387227051,0.0038800467737,-0.00174180709291,0.00155673047993,-0.00402944954112,0.00327990367077,-0.00395871978253,0.00305130914785,-0.00364508572966,0.021234523505,-0.00994111504406,0.00577786751091],[-0.000814091530629,0.00343173998408,-0.00286554335617,0.00202898890711,-0.00179283227772,0.0054897479713,-0.00299505214207,0.00219636387192,-0.000964789476711,0.00254458282143,-0.00994111504406,0.0206987038255,-0.00678582116961],[0.00112234428525,-0.00279592396691,0.00153078860603,-0.00328090460971,0.00212243199348,-0.00294863735326,0.00353823788464,-0.00126372673549,0.00195738486946,-0.00327508267947,0.00577786751091,-0.00678582116961,0.0203541815281]],"mean":[-75.4198532104,100.851165771,-112.36164093,34.9750595093,-53.0345916748,0.059138674289,-44.3089065552,3.75783395767,-20.9340553284,-11.0496921539,-13.0595273972,-13.1800994873,-19.4175815582]},"hfc":{"dmean":5.3097782135,"dmean2":7.57185125351,"dvar":80.1330032349,"dvar2":150.405288696,"max":287.601409912,"mean":13.3205623627,"median":7.44822359085,"min":1.0872146981e-16,"var":346.901763916},"melbands":{"dmean":[0.0000682406971464,0.00061850406928,0.000812264042906,0.000314563716529,0.000100303797808,0.000161177304108,0.000143314915476,0.000164428856806,0.000145278070704,0.0000817368709249,0.0000363096005458,0.0000280953954643,0.0000168555470736,0.000024239110644,0.000030307286579,0.0000311061739922,0.0000224003670155,0.0000194022068172,0.00001456631162,0.00000928781901166,0.00000945360807236,0.0000122579422168,0.0000139835392474,0.0000174824126589,0.0000133966386784,0.00000694917252986,0.0000034654758565,0.0000023185120881,0.00000127548867113,0.00000111800329705,0.00000182110193236,9.92817604129e-7,6.66138873839e-7,6.03146474987e-7,5.35811068403e-7,6.06927812896e-7,6.08899426879e-7,6.0518260625e-7,5.13996553764e-7,3.00129158859e-7],"dmean2":[0.000115553579235,0.000955034396611,0.00128226075321,0.000496466644108,0.000158391034347,0.000250199460424,0.000213815379539,0.000243527727434,0.000212121653021,0.000111469962576,0.0000490774618811,0.0000399639902753,0.0000250256161962,0.0000360047124559,0.0000423052624683,0.0000452887543361,0.0000334163560183,0.000028530439522,0.0000220807396545,0.0000145316389535,0.0000141565824379,0.0000176218454726,0.0000209817753785,0.0000271471053566,0.0000196899891307,0.0000100717707028,0.00000571181453779,0.000004012471436,0.00000217304204853,0.00000186229658539,0.00000321195466313,0.00000165511175965,0.00000106977586256,9.79344804364e-7,8.85158840447e-7,9.83358972917e-7,9.96685116661e-7,9.99365511234e-7,8.41358996695e-7,4.94537857776e-7],"dvar":[1.05629673897e-8,0.0000014277778746,0.0000011278303873,2.57424204619e-7,2.72578155602e-8,1.02091007648e-7,1.28219014073e-7,1.65515047001e-7,1.48803678712e-7,7.90219516489e-8,1.48328309635e-8,7.03725744344e-9,2.5509196977e-9,4.38615410658e-9,9.63224255912e-9,8.27656343461e-9,3.37750427626e-9,3.07556358159e-9,1.59734703242e-9,4.62450411298e-10,1.0491812974e-9,8.85220452496e-10,6.08479133746e-9,5.50147349898e-9,1.92923432785e-9,2.6895582983e-10,7.05981106908e-11,3.74700270811e-11,1.04946711044e-11,7.82347103767e-12,4.41707018184e-11,5.77805381666e-12,1.6107505954e-12,1.26027920738e-12,1.12231296305e-12,1.54954207018e-12,1.65599380996e-12,1.67355549991e-12,9.97448000931e-13,3.65987811888e-13],"dvar2":[2.65508095509e-8,0.0000025609176646,0.00000268341000265,6.33149852547e-7,6.24534166604e-8,2.34147947253e-7,2.51241715432e-7,3.12412510084e-7,2.91221368798e-7,1.1668538491e-7,2.56760497308e-8,1.36829623187e-8,5.70741276462e-9,9.07016239893e-9,1.77850942862e-8,1.47525076599e-8,6.5501835067e-9,5.43787104235e-9,3.21671400627e-9,1.05185360422e-9,2.12237027952e-9,1.66233826704e-9,1.23558345777e-8,1.26479884344e-8,3.8859115925e-9,4.78165784745e-10,1.86324053408e-10,1.05025946273e-10,2.90044446793e-11,2.15530007036e-11,1.2865367105e-10,1.58714690696e-11,4.0434387609e-12,3.12753403904e-12,2.81740581386e-12,3.79141509854e-12,4.16029884154e-12,4.34142869224e-12,2.5019589265e-12,9.26412917733e-13],"max":[0.00237806304358,0.0321487262845,0.0138958599418,0.00748449796811,0.00329432124272,0.00673694629222,0.0105626704171,0.0140290781856,0.00793404132128,0.00935076456517,0.00314542418346,0.00246499339119,0.00205212133005,0.0015982715413,0.00291660428047,0.00275214365683,0.001956183929,0.00158769532572,0.00136869878042,0.000553686521016,0.00197700969875,0.00110678200144,0.00409653643146,0.00318561610766,0.00199176440947,0.000385725841625,0.000187107216334,0.00010117925558,0.0000490193560836,0.0000541783520021,0.000208301382372,0.0000495398126077,0.0000229286360991,0.0000114324548122,0.0000179769176611,0.0000216684657062,0.000019370660084,0.0000232690199482,0.0000148810331666,0.0000113593332571],"mean":[0.000102360063465,0.00115756713785,0.00141835433897,0.000463052099803,0.000172409330844,0.000289058749331,0.0002725434897,0.000239557557506,0.000250889483141,0.000159704577527,0.0000734551431378,0.0000501871509186,0.0000278683182842,0.0000375321869797,0.0000479447771795,0.0000533347374585,0.0000368463297491,0.0000288969222311,0.0000222471444431,0.0000138944342325,0.0000152450302267,0.0000228212284128,0.0000255362938333,0.0000313471464324,0.0000256299281318,0.0000138076375151,0.00000449753770226,0.00000231543299378,0.00000124307553051,0.00000115752993679,0.00000166903873833,0.00000104051900962,7.37110156024e-7,6.43974487957e-7,5.12664371399e-7,6.09127255302e-7,5.71805912841e-7,5.357558166e-7,4.76411571526e-7,2.71780720595e-7],"median":[0.0000529472672497,0.000473444233648,0.000950087269302,0.000266664894298,0.0000977209128905,0.000129035615828,0.0000718506926205,0.0000557479870622,0.0000393636873923,0.000023626284019,0.0000120566983242,0.00000771989198256,0.00000608137588642,0.00000680708626533,0.00000416576222051,0.00000721358401279,0.00000679517961544,0.00000517527450938,0.00000492370145366,0.00000425986445407,0.00000461595573142,0.00000502435932503,0.00000485373857373,0.00000522711161466,0.00000550960157852,0.00000266497136181,0.00000113986118322,6.06587718721e-7,3.86807016639e-7,3.98771760501e-7,5.33180525508e-7,3.78602351248e-7,2.43140902967e-7,2.23142990308e-7,1.48835113123e-7,1.70619784967e-7,1.33595221996e-7,1.20401637105e-7,1.24384968103e-7,6.12792376842e-8],"min":[1.26112569955e-24,8.29565634892e-25,7.36108987628e-25,1.44161076378e-24,2.076347378e-24,2.1673034348e-24,7.07058691755e-25,1.97236703043e-24,2.16037940542e-24,2.31214322738e-24,1.89670363392e-24,1.4310549174e-24,2.68373004311e-24,1.47502119248e-24,3.19670006015e-24,2.47516527775e-24,2.07240721499e-24,2.66641079915e-24,3.04758543033e-24,4.1670835789e-24,2.59737186209e-24,3.98802556406e-24,3.05285916269e-24,4.10171698658e-24,5.05529165438e-24,4.3897084094e-24,4.52941252027e-24,4.60974143739e-24,4.84274688853e-24,4.51186509829e-24,5.34936519478e-24,4.21056243656e-24,4.68501336167e-24,5.40156372645e-24,5.1250593017e-24,5.6048567316e-24,6.22698241817e-24,6.05191446178e-24,5.92890461981e-24,6.6096978919e-24],"var":[2.9261361334e-8,0.00000637086668576,0.00000228340354624,3.94644473545e-7,5.51173933161e-8,2.1665472616e-7,5.25594771261e-7,3.55326477575e-7,3.71647786324e-7,3.0399448292e-7,5.00208905407e-8,1.83023445288e-8,4.49617498788e-9,9.405686896e-9,2.88921242486e-8,2.68791531255e-8,9.25418408571e-9,7.91213139451e-9,3.58077012486e-9,9.20567233553e-10,1.78524250938e-9,2.93128255002e-9,1.78575678689e-8,1.57570241299e-8,5.12963449495e-9,1.02821440251e-9,8.68325480963e-11,2.77949416955e-11,7.74010890103e-12,5.89467840859e-12,2.54165438696e-11,4.42863757819e-12,1.71313668546e-12,1.29520114252e-12,1.09123333199e-12,1.58532323553e-12,1.59990304425e-12,1.43233612904e-12,9.27996286586e-13,3.25928384759e-13]},"melbands_crest":{"dmean":3.50753521919,"dmean2":5.63641500473,"dvar":9.47525691986,"dvar2":24.4870605469,"max":39.9644927979,"mean":15.1950035095,"median":14.8508005142,"min":1.47041726112,"var":34.1103439331},"melbands_flatness_db":{"dmean":0.0386426858604,"dmean2":0.0560695938766,"dvar":0.00129931455012,"dvar2":0.00277854246087,"max":0.555456161499,"mean":0.219571277499,"median":0.213144987822,"min":0.00281980703585,"var":0.00653184158728},"melbands_kurtosis":{"dmean":14.2686672211,"dmean2":21.8178882599,"dvar":1385.87805176,"dvar2":2421.30273438,"max":3801.69042969,"mean":30.5378303528,"median":9.93717193604,"min":-1.71568787098,"var":19044.4003906},"melbands_skewness":{"dmean":0.992093503475,"dmean2":1.51906514168,"dvar":1.26765167713,"dvar2":2.95165252686,"max":59.79637146,"mean":3.4121491909,"median":2.79034614563,"min":-0.993347287178,"var":11.4749364853},"melbands_spread":{"dmean":7.8427491188,"dmean2":12.5283308029,"dvar":112.456634521,"dvar2":277.108001709,"max":164.250854492,"mean":22.3078556061,"median":15.8726015091,"min":0.263424068689,"var":586.539855957},"mfcc":{"cov":[[12067.1972656,1063.4576416,-884.746032715,95.7094421387,-78.7262954712,-471.739471436,-121.446907043,58.6195144653,-261.583587646,-43.2761764526,236.973937988,-35.7088394165,-325.120727539],[1063.4576416,1680.84606934,-146.186416626,88.4628601074,4.14999723434,-99.9632644653,-35.589553833,88.2258682251,-45.577671051,-45.5495223999,96.0469207764,-16.5697517395,-46.9907035828],[-884.746032715,-146.186416626,709.962768555,65.2309799194,9.12306118011,154.346923828,34.2108345032,-26.1119232178,66.162437439,18.0375480652,-114.477149963,3.68079018593,59.9635620117],[95.7094421387,88.4628601074,65.2309799194,302.769226074,147.09564209,49.6776657104,-48.2608757019,-5.59890699387,15.438788414,-0.599608063698,-39.1403388977,-25.5569229126,17.0000514984],[-78.7262954712,4.14999723434,9.12306118011,147.09564209,304.273834229,83.3010787964,-86.6105117798,-83.8078765869,-5.8473072052,11.7084951401,-31.6234016418,-12.9450302124,23.5554599762],[-471.739471436,-99.9632644653,154.346923828,49.6776657104,83.3010787964,224.376251221,22.7668781281,-70.0769882202,25.7321910858,24.6969413757,-54.9366073608,2.38605952263,37.7131233215],[-121.446907043,-35.589553833,34.2108345032,-48.2608757019,-86.6105117798,22.7668781281,170.610671997,73.0739212036,10.9304561615,-1.99652433395,5.41463327408,8.77678012848,-7.57526493073],[58.6195144653,88.2258682251,-26.1119232178,-5.59890699387,-83.8078765869,-70.0769882202,73.0739212036,172.287826538,4.00296640396,-16.4205207825,36.9346694946,4.19320631027,-25.2057418823],[-261.583587646,-45.577671051,66.162437439,15.438788414,-5.8473072052,25.7321910858,10.9304561615,4.00296640396,95.1619644165,28.7368030548,-15.2242031097,-8.07021331787,5.25639629364],[-43.2761764526,-45.5495223999,18.0375480652,-0.599608063698,11.7084951401,24.6969413757,-1.99652433395,-16.4205207825,28.7368030548,92.7991104126,7.72848367691,-11.0210342407,-7.88755512238],[236.973937988,96.0469207764,-114.477149963,-39.1403388977,-31.6234016418,-54.9366073608,5.41463327408,36.9346694946,-15.2242031097,7.72848367691,110.014373779,22.1728916168,-34.5843353271],[-35.7088394165,-16.5697517395,3.68079018593,-25.5569229126,-12.9450302124,2.38605952263,8.77678012848,4.19320631027,-8.07021331787,-11.0210342407,22.1728916168,69.9616241455,15.0626974106],[-325.120727539,-46.9907035828,59.9635620117,17.0000514984,23.5554599762,37.7131233215,-7.57526493073,-25.2057418823,5.25639629364,-7.88755512238,-34.5843353271,15.0626974106,85.1698455811]],"icov":[[0.000110759297968,-0.0000447765451099,0.0000725321515347,-0.000118670723168,0.0000537587366125,0.000142592034535,-0.0000173199587152,0.000116473616799,0.000212501516216,-0.0000581110580242,0.0000340820915881,-0.0000681078599882,0.000333030213369],[-0.0000447765451099,0.000699911324773,-0.0000214871743083,-0.000211813967326,0.00000512830183652,-0.0000291046981147,0.000188201549463,-0.000294000317808,0.0000870375661179,0.000345763430232,-0.000644708808977,0.000349343928974,-0.000083084742073],[0.0000725321515347,-0.0000214871743083,0.00205371645279,-0.000345088425092,0.000460570503492,-0.000900665880181,0.00000303414776681,-0.000227269658353,-0.000601659470703,-0.000281657441519,0.00168606510852,-0.000702260236721,-0.0000876697959029],[-0.000118670723168,-0.000211813967326,-0.000345088425092,0.00517555885017,-0.00239717587829,-0.000683985010255,0.00102186470758,-0.00186278717592,-0.000874737335835,0.000402320438297,0.000890037335921,0.00117284827866,-0.000609270762652],[0.0000537587366125,0.00000512830183652,0.000460570503492,-0.00239717587829,0.00580999907106,-0.00167405128013,0.00182633730583,0.00128873845097,0.000871141266543,-0.000364136561984,-0.0000693693655194,0.0000372080030502,-0.0000817417749204],[0.000142592034535,-0.0000291046981147,-0.000900665880181,-0.000683985010255,-0.00167405128013,0.00806403812021,-0.00321197579615,0.00318835489452,-0.000375272968085,-0.00137670256663,0.0012491857633,-0.00104428676423,-0.000563357025385],[-0.0000173199587152,0.000188201549463,0.00000303414776681,0.00102186470758,0.00182633730583,-0.00321197579615,0.00948568060994,-0.00449108751491,-0.0000696490751579,0.000120667173178,0.000394569913624,-0.00028388822102,0.000489230267704],[0.000116473616799,-0.000294000317808,-0.000227269658353,-0.00186278717592,0.00128873845097,0.00318835489452,-0.00449108751491,0.0103728044778,-0.000809016637504,0.00116791191977,-0.00202942243777,-0.000103515900264,0.0010686761234],[0.000212501516216,0.0000870375661179,-0.000601659470703,-0.000874737335835,0.000871141266543,-0.000375272968085,-0.0000696490751579,-0.000809016637504,0.0132899591699,-0.00400058599189,0.000924486434087,0.000637215620372,0.000209021891351],[-0.0000581110580242,0.000345763430232,-0.000281657441519,0.000402320438297,-0.000364136561984,-0.00137670256663,0.000120667173178,0.00116791191977,-0.00400058599189,0.013494214043,-0.0032798172906,0.00262841931544,0.000853556091897],[0.0000340820915881,-0.000644708808977,0.00168606510852,0.000890037335921,-0.0000693693655194,0.0012491857633,0.000394569913624,-0.00202942243777,0.000924486434087,-0.0032798172906,0.0159866809845,-0.00634115282446,0.00456248223782],[-0.0000681078599882,0.000349343928974,-0.000702260236721,0.00117284827866,0.0000372080030502,-0.00104428676423,-0.00028388822102,-0.000103515900264,0.000637215620372,0.00262841931544,-0.00634115282446,0.0184755343944,-0.00504899676889],[0.000333030213369,-0.000083084742073,-0.0000876697959029,-0.000609270762652,-0.0000817417749204,-0.000563357025385,0.000489230267704,0.0010686761234,0.000209021891351,0.000853556091897,0.00456248223782,-0.00504899676889,0.0165936127305]],"mean":[-696.439208984,125.815124512,0.942795038223,27.5505180359,12.4943208694,-5.70494318008,-5.82271337509,1.59603357315,-7.46355772018,-1.98951995373,3.88627171516,-3.92932128906,-8.92060184479]},"pitch_salience":{"dmean":0.0837445408106,"dmean2":0.134303212166,"dvar":0.00514512974769,"dvar2":0.0131920389831,"max":0.918423891068,"mean":0.541353404522,"median":0.554634273052,"min":0.00447916751727,"var":0.0193874221295},"silence_rate_20dB":{"dmean":0,"dmean2":0,"dvar":0,"dvar2":0,"max":1,"mean":1,"median":1,"min":1,"var":0},"silence_rate_30dB":{"dmean":0.00122199591715,"dmean2":0.00244448962621,"dvar":0.00122047925834,"dvar2":0.0032532485202,"max":1,"mean":0.998778223991,"median":1,"min":0,"var":0.00122022244614},"silence_rate_60dB":{"dmean":0.0342158861458,"dmean2":0.068445712328,"dvar":0.033045258373,"dvar2":0.0845484212041,"max":1,"mean":0.0816534310579,"median":0,"min":0,"var":0.0749865099788},"spectral_centroid":{"dmean":334.225189209,"dmean2":515.066894531,"dvar":164935.75,"dvar2":375959.375,"max":11683.9853516,"mean":1408.58581543,"median":1072.52600098,"min":137.176437378,"var":2758258},"spectral_complexity":{"dmean":3.68635439873,"dmean2":5.81870031357,"dvar":18.8464412689,"dvar2":43.8359565735,"max":50,"mean":12.5113010406,"median":11,"min":0,"var":56.8507957458},"spectral_contrast_coeffs":{"dmean":[0.0539172887802,0.0492450520396,0.0424258373678,0.0363787636161,0.0338627509773,0.024942278862],"dmean2":[0.0890667513013,0.0771352723241,0.0645963475108,0.0557855218649,0.0504206195474,0.0392996892333],"dvar":[0.001868414809,0.00186247879174,0.00134907953907,0.00100792653393,0.000986120314337,0.000493234547321],"dvar2":[0.00506625184789,0.00429369416088,0.00286539224908,0.00212926906534,0.00194218987599,0.00118220702279],"max":[-0.343242019415,-0.361900448799,-0.442308038473,-0.511162042618,-0.458508133888,-0.653142154217],"mean":[-0.588979125023,-0.710302889347,-0.761596262455,-0.77678334713,-0.759932100773,-0.790529608727],"median":[-0.580442130566,-0.714587569237,-0.7709004879,-0.787442147732,-0.770148396492,-0.78762793541],"min":[-0.990064442158,-0.980363726616,-0.97631329298,-0.970186710358,-0.968121767044,-0.965708851814],"var":[0.00866408273578,0.00925680808723,0.00742150424048,0.00545300636441,0.00608820375055,0.00218561151996]},"spectral_contrast_valleys":{"dmean":[0.449142575264,0.4268437922,0.427892893553,0.477625638247,0.518164694309,0.657231628895],"dmean2":[0.754150688648,0.674659907818,0.641340911388,0.703533113003,0.691637277603,0.851028561592],"dvar":[0.15515896678,0.164242312312,0.161545321345,0.202340081334,0.225003451109,0.345441073179],"dvar2":[0.378159791231,0.340239018202,0.315232306719,0.40888351202,0.435755550861,0.654949307442],"max":[-6.08734893799,-5.05252790451,-5.7461104393,-6.05474996567,-5.87158632278,-8.06770420074],"mean":[-8.28378582001,-7.66965436935,-8.6207818985,-8.66819953918,-8.64871788025,-11.0430641174],"median":[-7.68114900589,-7.07679271698,-8.05223751068,-8.12086582184,-8.10579299927,-10.6163196564],"min":[-28.1221637726,-28.1239452362,-27.8043117523,-27.6993980408,-27.4904766083,-27.4067687988],"var":[10.1821193695,10.9059658051,9.89735507965,9.93729305267,9.99055671692,7.98310804367]},"spectral_decrease":{"dmean":1.50304946267e-9,"dmean2":2.14613704586e-9,"dvar":3.2672817355e-18,"dvar2":5.95414489724e-18,"max":1.82120052217e-28,"mean":-4.39626601789e-9,"median":-3.1948421686e-9,"min":-2.99986062657e-8,"var":1.5941790379e-17},"spectral_energy":{"dmean":0.00601946562529,"dmean2":0.00854946952313,"dvar":0.0000526909716427,"dvar2":0.0000942726255744,"max":0.126983016729,"mean":0.0178007762879,"median":0.0129121281207,"min":1.02078110401e-20,"var":0.000264111760771},"spectral_energyband_high":{"dmean":0.000247376505286,"dmean2":0.000405850092648,"dvar":2.3754184042e-7,"dvar2":6.2209068119e-7,"max":0.0084828864783,"mean":0.000253547710599,"median":0.0000903199397726,"min":7.05629571933e-21,"var":2.06073892173e-7},"spectral_energyband_low":{"dmean":0.00269726081751,"dmean2":0.0041763833724,"dvar":0.0000192329371203,"dvar2":0.0000374238588847,"max":0.111185573041,"mean":0.00540203275159,"median":0.00271157152019,"min":1.17511292128e-23,"var":0.0000814705417724},"spectral_energyband_middle_high":{"dmean":0.00149027747102,"dmean2":0.00207822583616,"dvar":0.0000101132909549,"dvar2":0.0000166261306731,"max":0.11511708051,"mean":0.00382939865813,"median":0.00136340106837,"min":1.19551872711e-21,"var":0.0000510351383127},"spectral_energyband_middle_low":{"dmean":0.00394738418981,"dmean2":0.00578547548503,"dvar":0.0000246714025707,"dvar2":0.0000498627450725,"max":0.0691295415163,"mean":0.00960642937571,"median":0.00669032800943,"min":1.42677535882e-22,"var":0.0000869148716447},"spectral_entropy":{"dmean":0.304923921824,"dmean2":0.422623634338,"dvar":0.0744319409132,"dvar2":0.144842758775,"max":9.82799625397,"mean":7.36154317856,"median":7.29290390015,"min":5.02414274216,"var":0.405574113131},"spectral_flux":{"dmean":0.0204680934548,"dmean2":0.0323429815471,"dvar":0.000423139659688,"dvar2":0.000970484281424,"max":0.249153643847,"mean":0.0658189207315,"median":0.0600573010743,"min":6.29458360435e-11,"var":0.00135802745353},"spectral_kurtosis":{"dmean":2.52376866341,"dmean2":4.10025930405,"dvar":7.1923623085,"dvar2":19.0587692261,"max":35.1079216003,"mean":5.52210855484,"median":4.81284284592,"min":-1.25554001331,"var":16.4280433655},"spectral_rms":{"dmean":0.000696284638252,"dmean2":0.000982197700068,"dvar":4.7704094186e-7,"dvar2":8.35334049043e-7,"max":0.011130402796,"mean":0.00375576876104,"median":0.00354925310239,"min":3.15576297732e-12,"var":0.00000326082022184},"spectral_rolloff":{"dmean":569.155029297,"dmean2":982.286132812,"dvar":986699.3125,"dvar2":2360668,"max":19702.8808594,"mean":1634.70275879,"median":818.26171875,"min":21.533203125,"var":8840534},"spectral_skewness":{"dmean":0.317680627108,"dmean2":0.493695348501,"dvar":0.0895726233721,"dvar2":0.22170330584,"max":4.44031238556,"mean":1.6345487833,"median":1.57681167126,"min":-0.0820937380195,"var":0.337070733309},"spectral_spread":{"dmean":864912.9375,"dmean2":1285018.25,"dvar":1112080515070,"dvar2":2352136060930,"max":42623372,"mean":5060322,"median":3837085,"min":1526494.25,"var":33587659276300},"spectral_strongpeak":{"dmean":0.494711041451,"dmean2":0.799531817436,"dvar":1.34881591797,"dvar2":3.12802219391,"max":28.0465259552,"mean":0.925549507141,"median":0.425120562315,"min":0,"var":3.03852629662},"zerocrossingrate":{"dmean":0.0105265881866,"dmean2":0.013188467361,"dvar":0.000165788485901,"dvar2":0.000251813558862,"max":0.5263671875,"mean":0.0566811896861,"median":0.0419921875,"min":0,"var":0.00567176518962}},"metadata":{"audio_properties":{"analysis_sample_rate":44100,"bit_rate":256000,"codec":"mp3","downmix":"mix","equal_loudness":0,"length":113.99836731,"lossless":false,"md5_encoded":"91c37b15e3b92f089639d38ce1e93eb6","replay_gain":-11.8514251709,"sample_rate":44100},"tags":{"album":["Johnny Cash With His Hot and Blue Guitar"],"albumartist":["Johnny Cash"],"albumartistsort":["Cash, Johnny"],"artist":["Johnny Cash"],"artistsort":["Cash, Johnny"],"contentgroup":["Country"],"date":["1957"],"discnumber":["1/1"],"file_name":"03- Country Boy- With His Hot And Blue Guitar- Johnny Cash.mp3","genre":["Country"],"language":["eng"],"musicbrainz album release country":["US"],"musicbrainz album status":["official"],"musicbrainz album type":["album"],"musicbrainz_albumartistid":["d43d12a1-2dc9-4257-a2fd-0a3bb1081b86"],"musicbrainz_albumid":["9ebc8268-c4a5-4149-a51c-f96e8c3e8e8f"],"musicbrainz_artistid":["d43d12a1-2dc9-4257-a2fd-0a3bb1081b86"],"musicbrainz_recordingid":["b23f5c98-f0a0-4706-b068-1643b196cfab"],"originaldate":["1956"],"script":["Latn"],"title":["Country Boy"],"tracknumber":["3/12"]},"version":{"essentia":"2.1-beta2","essentia_build_sha":"70f2e5ece6736b2c40cc944ad0e695b16b925413","essentia_git_sha":"v2.1_beta2","extractor":"music 1.0"}},"rhythm":{"beats_count":197,"beats_loudness":{"dmean":0.0160825718194,"dmean2":0.027453744784,"dvar":0.00026544634602,"dvar2":0.000715007074177,"max":0.123112410307,"mean":0.0231256056577,"median":0.0181520227343,"min":0,"var":0.000298741273582},"beats_loudness_band_ratio":{"dmean":[0.265163570642,0.125611811876,0.1623262465,0.0606715157628,0.0841626897454,0.035755533725],"dmean2":[0.461355090141,0.221873313189,0.282594114542,0.105970434844,0.151281386614,0.0646691024303],"dvar":[0.0426655299962,0.0144685953856,0.0230447035283,0.00364876980893,0.00979251321405,0.00132445956115],"dva