{"lowlevel":{"average_loudness":0.914020895958,"barkbands":{"dmean":[4.29991786177e-7,0.0060228118673,0.0168039761484,0.00558779062703,0.00509504182264,0.000343053980032,0.000157979535288,0.0000959807730396,0.000127555715153,0.000112113411888,0.0000375248346245,0.000028233638659,0.0000277150884358,0.0000431643566117,0.00012530409731,0.000197576897335,0.000374749681214,0.00051223882474,0.000138549279654,0.000049608937843,0.0000144274063132,0.00000245612136496,3.22403536757e-7,5.34329664958e-8,8.87467077604e-9,2.65846877845e-9,1.85236559425e-9],"dmean2":[7.54231280098e-7,0.00995212327689,0.0277490541339,0.00943864230067,0.00839173328131,0.000565204885788,0.000260641449131,0.000159321309184,0.00020646052144,0.000179961920367,0.0000613001102465,0.0000470092345495,0.0000459032817162,0.0000699524171068,0.000204866286367,0.00032196342363,0.000623047875706,0.000829312950373,0.00022896687733,0.0000810877900221,0.0000229443467106,0.00000404919865105,5.46500587006e-7,9.1058218743e-8,1.52358641259e-8,4.6170929302e-9,3.37683614404e-9],"dvar":[2.66471469456e-13,0.0000482459981868,0.000377198535716,0.0000578703511565,0.0000338677600666,2.49820658382e-7,6.61596004647e-8,2.72014748504e-8,4.74016985663e-8,4.4975774216e-8,5.55509016564e-9,2.77493072964e-9,5.50537571087e-9,1.45441951815e-8,1.66673373769e-7,3.34743674557e-7,6.52250434996e-7,9.5032498848e-7,6.89255514885e-8,7.29197857652e-9,1.0991920707e-9,1.18935191556e-11,1.23221731755e-13,2.84191835782e-15,6.27166686076e-17,6.55235405802e-18,5.88503395706e-18],"dvar2":[7.5517874289e-13,0.000126022016048,0.000999184208922,0.000154344088514,0.0000926200373215,6.68001916893e-7,1.72922312913e-7,7.05296230308e-8,1.18522869741e-7,1.10263414399e-7,1.35952822333e-8,6.96363677832e-9,1.29687993677e-8,3.23371907029e-8,4.05142543514e-7,8.36454205455e-7,0.00000165845528954,0.00000229925967687,1.84998782515e-7,1.8242758415e-8,2.63364263731e-9,3.06289681118e-11,3.51800646991e-13,8.08533690439e-15,1.8137582674e-16,1.9875077205e-17,1.84722781478e-17],"max":[0.00000641766837362,0.0832448452711,0.239810109138,0.127300232649,0.077042363584,0.0141644384712,0.00630319863558,0.00450024241582,0.00702728517354,0.006527652964,0.00230714958161,0.00233816518448,0.00522777810693,0.00637423899025,0.0133827775717,0.0200976897031,0.0269246716052,0.0297209601849,0.0127029726282,0.00236009503715,0.00157106970437,0.000188580845133,0.00000879279104993,0.00000156813712238,1.79112134902e-7,4.21855155253e-8,3.39531105453e-8],"mean":[4.92471826874e-7,0.00946201104671,0.0291326064616,0.0082804793492,0.0108210630715,0.000662040081806,0.00026178380358,0.000147406666656,0.000224943913054,0.000184676842764,0.0000629396454315,0.0000431755615864,0.0000467253521492,0.000067022498115,0.000215493622818,0.000353369076038,0.000723643053789,0.000973259098828,0.000279210275039,0.00009800252883,0.0000318877282552,0.00000663714217808,0.00000107652067527,2.16692043864e-7,4.37884963844e-8,1.08814157684e-8,2.05713135415e-9],"median":[3.32795025315e-7,0.00641648937017,0.0198502875865,0.00468830438331,0.0079182209447,0.000395754585043,0.00015184894437,0.0000755613000365,0.00010213755013,0.0000677369971527,0.0000258040236076,0.0000243145550485,0.0000233354076045,0.0000317295816785,0.0000913302428671,0.000175619090442,0.000407901388826,0.000603553664405,0.000193010011571,0.0000641047663521,0.00002191380554,0.00000544284557691,9.5038001291e-7,2.02908964297e-7,4.2921172394e-8,1.06398223565e-8,1.26808752388e-9],"min":[4.16480100988e-24,1.28783088945e-23,2.15653240689e-23,2.85100862915e-23,8.71158535168e-23,6.24906200382e-23,4.55704655444e-23,7.61371627029e-23,6.10395577347e-23,5.43009374883e-23,5.03998309854e-23,3.46027840732e-23,1.03746764271e-22,1.35153203863e-22,1.28033172525e-22,1.2416264227e-22,1.93467329212e-22,1.94893046992e-22,2.46092618852e-22,1.9682597078e-22,5.80957004925e-22,3.76698752727e-22,5.91854089656e-22,8.26179705836e-22,1.20868323789e-21,1.66017542028e-21,2.6282325046e-21],"var":[2.7832629864e-13,0.0000883246102603,0.000814657541923,0.000108123698737,0.0000940863537835,7.53401309339e-7,1.35504791388e-7,5.51329506493e-8,1.04946934698e-7,1.03745371405e-7,1.30993083047e-8,4.92780172223e-9,1.53279895443e-8,3.10255288127e-8,4.04921820518e-7,7.85819622706e-7,0.00000190197090433,0.000002082152605,1.66173109051e-7,1.53644048595e-8,1.87163040621e-9,2.58857293239e-11,4.00796746052e-13,1.11821173116e-14,2.75444791233e-16,1.84790726094e-17,5.22651298987e-18]},"barkbands_crest":{"dmean":2.89534664154,"dmean2":4.84902906418,"dvar":6.11159849167,"dvar2":16.5410747528,"max":25.4003181458,"mean":13.9016122818,"median":13.5123786926,"min":3.81942343712,"var":15.2889270782},"barkbands_flatness_db":{"dmean":0.028432674706,"dmean2":0.0465561114252,"dvar":0.000571817101445,"dvar2":0.00153659470379,"max":0.490753084421,"mean":0.301696479321,"median":0.300882697105,"min":0.0333510376513,"var":0.00254094274715},"barkbands_kurtosis":{"dmean":10.2429924011,"dmean2":16.6351528168,"dvar":154.487960815,"dvar2":381.754882812,"max":320.441864014,"mean":21.3206710815,"median":15.1811170578,"min":-1.9717900753,"var":550.436279297},"barkbands_skewness":{"dmean":0.950296223164,"dmean2":1.53769004345,"dvar":0.705550611019,"dvar2":1.82873606682,"max":14.01242733,"mean":3.84685730934,"median":3.74206399918,"min":-2.09982848167,"var":3.18045330048},"barkbands_spread":{"dmean":4.47069549561,"dmean2":7.44336605072,"dvar":26.1508255005,"dvar2":68.0598754883,"max":139.91619873,"mean":11.0402822495,"median":8.25634002686,"min":0.356212317944,"var":87.115020752},"dissonance":{"dmean":0.00893427524716,"dmean2":0.0146759524941,"dvar":0.0000706214559614,"dvar2":0.000182345902431,"max":0.500000059605,"mean":0.478003591299,"median":0.480842351913,"min":0.363449394703,"var":0.000190774269868},"dynamic_complexity":1.73663496971,"erbbands":{"dmean":[0.0302247386426,1.99422967434,17.164264679,16.7352218628,21.1114997864,12.5414352417,2.68957209587,2.68899559975,2.46621823311,1.98896670341,1.79424059391,2.71439003944,2.53563642502,3.17259907722,1.21097075939,1.04159700871,1.15210354328,1.81025731564,4.33624839783,8.27632045746,10.5955553055,21.0854301453,28.0642776489,13.6833209991,4.50025606155,2.19250226021,0.859360098839,0.388886213303,0.106380656362,0.0263787470758,0.00727812480181,0.00192044256255,0.000586366571952,0.0001545559644,0.0000457914538856,0.0000181464547495,0.00000839509084472,0.00000172930094777,0.0000104291802927,0.0000255619306699],"dmean2":[0.0501308403909,3.2635011673,27.9122142792,28.3398513794,35.650188446,20.1581382751,4.49044942856,4.48315477371,4.05134057999,3.32946753502,2.93508577347,4.37102031708,4.14956951141,5.0923948288,1.98698222637,1.72685170174,1.89980077744,2.9252140522,7.08350372314,13.2683439255,17.2667255402,34.921257019,45.8017158508,22.206325531,7.39321184158,3.56619548798,1.347894907,0.613691449165,0.172838032246,0.0440846905112,0.0123733812943,0.0032659645658,0.00100173347164,0.000264008005615,0.0000777676395955,0.0000303854740196,0.0000138415098263,0.00000293021048492,0.0000172730942722,0.0000424532481702],"dvar":[0.00128959852736,5.09225225449,376.923858643,459.141204834,624.99810791,215.149581909,12.336274147,19.5278205872,17.0278549194,10.3185501099,8.06842136383,22.5660114288,23.6729240417,40.9930343628,5.38464689255,3.75261211395,8.9160451889,24.319108963,260.330169678,583.334777832,1002.65905762,2240.97485352,3080.95239258,558.959655762,52.2464981079,13.0164213181,4.2874288559,0.338638335466,0.02260469459,0.000877298240084,0.0000628697162028,0.00000395604229197,3.09956163846e-7,1.90847568859e-8,1.55773749455e-9,2.6152119359e-10,5.96688878862e-11,2.8949826477e-12,1.15626674901e-10,7.02107927353e-10],"dvar2":[0.00339016853832,13.163146019,975.615661621,1228.23486328,1716.05737305,535.722473145,33.5149612427,52.7745056152,44.5616416931,27.7955608368,20.979259491,55.5201301575,59.2809638977,98.504119873,13.7496500015,9.05255794525,21.7714157104,57.983543396,624.78894043,1398.34545898,2521.10449219,5688.22802734,7668.31103516,1377.38244629,132.135269165,32.7367973328,8.94415664673,0.811777472496,0.0570493005216,0.00239171087742,0.000178979549673,0.0000112508205348,8.8963190592e-7,5.52454508806e-8,4.46134329479e-9,7.21391668623e-10,1.60528881854e-10,8.30001432167e-12,3.14543030511e-10,1.91542715022e-9],"max":[0.447891205549,25.735584259,255.036895752,369.94732666,384.158416748,218.750228882,80.2071685791,125.434425354,120.058914185,70.1934204102,112.790557861,127.358642578,172.750289917,277.825653076,149.089248657,113.597709656,166.422897339,299.744262695,673.661010742,883.013000488,1274.14477539,1847.56665039,2044.64794922,946.376525879,327.291564941,113.400436401,126.251365662,22.8206062317,8.87834739685,0.849461555481,0.204514846206,0.0561633780599,0.0151283824816,0.00347032025456,0.000653812370729,0.000272970792139,0.000127934355987,0.0000265058897639,0.000143543322338,0.000349396606907],"mean":[0.0497643128037,3.39998579025,31.1657218933,29.1798171997,43.155960083,27.5787506104,5.69770479202,5.01814603806,4.32761669159,3.35891771317,3.2293908596,4.6631155014,4.63319301605,5.62381839752,2.33187127113,1.72232425213,2.03076505661,3.1414604187,7.32517814636,15.3955612183,21.3516082764,43.1904563904,55.10754776,28.0874290466,9.95829963684,4.56815814972,1.86511063576,0.903707027435,0.292947024107,0.0849297195673,0.0262571889907,0.00769831053913,0.00256614643149,0.000773834355641,0.000250109442277,0.0000935282223509,0.0000360934573109,0.00000657054124531,0.0000291750948236,0.0000686812272761],"median":[0.0361399389803,2.38557600975,21.4548988342,21.6234550476,32.2832717896,18.9801368713,4.29291820526,2.91750097275,2.47960639,2.11444854736,1.91840863228,2.21003961563,2.10458898544,2.05090665817,1.22834432125,1.0172008276,1.10183179379,1.478931427,3.53016281128,7.12509632111,12.0763874054,25.4812335968,34.7546539307,18.5591182709,7.31588792801,3.09379386902,1.26014900208,0.633568704128,0.234394997358,0.0744760408998,0.0233344435692,0.00709242094308,0.00243533286266,0.000755978981033,0.00024588330416,0.0000916121643968,0.0000350124464603,0.00000626902510703,0.0000264422887994,0.0000616946344962],"min":[3.56614732734e-22,3.31549135641e-21,2.69303414883e-20,5.61335491177e-20,1.0578268078e-19,4.27550762722e-19,2.12869230849e-19,6.29422821197e-19,1.00413191637e-18,6.14386745613e-19,1.72743911671e-18,1.12298174377e-18,2.01375755278e-18,1.87669992913e-18,1.75007987725e-18,1.64823564248e-18,4.87436565949e-18,4.9035444556e-18,1.06971253241e-17,4.11999637959e-18,6.83875914126e-18,1.19137632486e-17,8.46059769264e-18,1.51634117682e-17,1.09173100498e-17,1.07065146513e-17,2.0954207106e-17,2.00028253245e-17,1.28682196605e-17,1.51911868388e-17,2.01400711317e-17,1.56815411603e-17,1.40891705046e-17,1.40277854314e-17,8.00066376536e-18,6.04444117368e-18,2.8953982893e-18,1.50503640958e-18,3.26355502835e-19,3.92115598975e-20],"var":[0.00218386901543,10.4340715408,910.294006348,820.888305664,1473.96679688,707.151123047,29.6118221283,48.0701637268,37.2402496338,18.5387191772,17.5555877686,48.1093101501,50.1328735352,112.898803711,12.7625274658,7.1259098053,21.661447525,74.0644989014,519.93951416,1432.47766113,2522.71826172,6784.62792969,6891.54150391,1414.78735352,117.951080322,29.1814994812,9.27812004089,0.854817390442,0.053397860378,0.002754091518,0.00022666004952,0.0000157243648573,0.00000132897400817,8.95523939448e-8,7.35167882127e-9,1.00857322494e-9,1.88490098529e-10,9.21200095372e-12,2.47071280102e-10,1.47119316729e-9]},"erbbands_crest":{"dmean":2.58992171288,"dmean2":4.24246692657,"dvar":5.91237926483,"dvar2":14.8545665741,"max":34.2155952454,"mean":10.5356464386,"median":9.35992431641,"min":2.27663445473,"var":21.4290142059},"erbbands_flatness_db":{"dmean":0.0122332992032,"dmean2":0.0193207655102,"dvar":0.000121891229355,"dvar2":0.00029714545235,"max":0.42913043499,"mean":0.243018135428,"median":0.238906994462,"min":0.0369968004525,"var":0.000983150792308},"erbbands_kurtosis":{"dmean":1.05546891689,"dmean2":1.77184164524,"dvar":6.76217842102,"dvar2":17.1558742523,"max":122.104904175,"mean":-0.369224727154,"median":-1.3994603157,"min":-1.95439124107,"var":16.074256897},"erbbands_skewness":{"dmean":0.522193789482,"dmean2":0.847551345825,"dvar":0.225639209151,"dvar2":0.581742286682,"max":10.0525522232,"mean":0.0548266358674,"median":0.0766033381224,"min":-8.91950321198,"var":1.23180985451},"erbbands_spread":{"dmean":9.61517333984,"dmean2":15.8014755249,"dvar":79.7079849243,"dvar2":205.026916504,"max":135.933441162,"mean":62.9290466309,"median":66.1999816895,"min":2.31801342964,"var":279.615020752},"gfcc":{"cov":[[8490.58691406,2043.77453613,-1060.44360352,524.287231445,211.109771729,-410.495269775,235.205963135,-139.905212402,173.326675415,-290.486694336,72.2239685059,-163.531112671,48.2416152954],[2043.77453613,714.467163086,-155.950622559,38.4345817566,33.3262557983,-70.0235214233,112.605827332,8.20934009552,57.62915802,-87.1787948608,14.2765693665,-39.5459709167,24.9085769653],[-1060.44360352,-155.950622559,432.228637695,29.3320217133,8.43613529205,52.6073608398,28.0272769928,25.7080783844,-4.66392421722,43.3566894531,3.83671355247,9.97482776642,-8.92584133148],[524.287231445,38.4345817566,29.3320217133,259.94317627,87.2770690918,-82.2892532349,-30.0545330048,-58.4233589172,-4.22548866272,13.7527303696,14.2347021103,-25.2857208252,-8.32103443146],[211.109771729,33.3262557983,8.43613529205,87.2770690918,184.387939453,23.1769638062,-11.2844572067,10.3875341415,37.955493927,-2.06872105598,-6.28234434128,-17.2529945374,-12.358962059],[-410.495269775,-70.0235214233,52.6073608398,-82.2892532349,23.1769638062,115.788742065,51.5632858276,26.0782165527,7.08117675781,13.4135341644,-6.05652713776,7.58623456955,3.50955891609],[235.205963135,112.605827332,28.0272769928,-30.0545330048,-11.2844572067,51.5632858276,160.109313965,57.0076370239,13.6906099319,-6.77364778519,13.5924692154,-4.96851587296,6.62415790558],[-139.905212402,8.20934009552,25.7080783844,-58.4233589172,10.3875341415,26.0782165527,57.0076370239,101.246070862,44.2608680725,-14.4633512497,-6.67853784561,14.1756258011,0.129263117909],[173.326675415,57.62915802,-4.66392421722,-4.22548866272,37.955493927,7.08117675781,13.6906099319,44.2608680725,84.4511795044,18.9777030945,-5.38971233368,-10.2221336365,-1.04932940006],[-290.486694336,-87.1787948608,43.3566894531,13.7527303696,-2.06872105598,13.4135341644,-6.77364778519,-14.4633512497,18.9777030945,83.8882827759,26.5825710297,-10.1604833603,-14.795255661],[72.2239685059,14.2765693665,3.83671355247,14.2347021103,-6.28234434128,-6.05652713776,13.5924692154,-6.67853784561,-5.38971233368,26.5825710297,53.7155151367,19.1276836395,-9.86168670654],[-163.531112671,-39.5459709167,9.97482776642,-25.2857208252,-17.2529945374,7.58623456955,-4.96851587296,14.1756258011,-10.2221336365,-10.1604833603,19.1276836395,56.4376449585,20.3966770172],[48.2416152954,24.9085769653,-8.92584133148,-8.32103443146,-12.358962059,3.50955891609,6.62415790558,0.129263117909,-1.04932940006,-14.795255661,-9.86168670654,20.3966770172,46.878780365]],"icov":[[0.00204179692082,-0.00324309268035,0.00320173520595,-0.00292097008787,0.0000230092955462,0.00146244058851,-0.00290073384531,0.00446611503139,-0.00520051876083,0.00529131339863,-0.00341945933178,0.00126724177971,0.000290184951155],[-0.00324309268035,0.00919959694147,-0.00504097156227,0.00636954093352,-0.00129220436793,0.00129653909244,0.0008651309181,-0.00285040657036,0.00284074130468,-0.00152490113396,-0.000631791888736,0.00280981627293,-0.00370520236902],[0.00320173520595,-0.00504097156227,0.00806044135243,-0.00632205652073,0.000800118374173,0.00020775286248,-0.00438630254939,0.00498649757355,-0.00683264620602,0.00631219195202,-0.00389265990816,0.000829814758617,0.001256951713],[-0.00292097008787,0.00636954093352,-0.00632205652073,0.0158832352608,-0.00796938408166,0.0104163018987,-0.00184820592403,0.00222274637781,0.00569110875949,-0.0074422811158,0.00362572702579,-0.000988622196019,-0.00241732550785],[0.0000230092955462,-0.00129220436793,0.000800118374173,-0.00796938408166,0.012453510426,-0.0114292381331,0.00631720386446,-0.00534407608211,-0.0029424901586,0.0034807457123,-0.00243374193087,0.00291836960241,0.0019125691615],[0.00146244058851,0.00129653909244,0.00020775286248,0.0104163018987,-0.0114292381331,0.0290712937713,-0.0162963718176,0.014267699793,-0.00592026952654,0.000372510985471,0.00356093165465,-0.00469102105126,-0.000456390785985],[-0.00290073384531,0.0008651309181,-0.00438630254939,-0.00184820592403,0.00631720386446,-0.0162963718176,0.0232400335371,-0.0220947861671,0.0137346452102,-0.00748263206333,-0.0042094392702,0.00845429766923,-0.00559342652559],[0.00446611503139,-0.00285040657036,0.00498649757355,0.00222274637781,-0.00534407608211,0.014267699793,-0.0220947861671,0.0428946353495,-0.0303996559232,0.0209725126624,-0.00317411147989,-0.00870305579156,0.00784685555845],[-0.00520051876083,0.00284074130468,-0.00683264620602,0.00569110875949,-0.0029424901586,-0.00592026952654,0.0137346452102,-0.0303996559232,0.0439510792494,-0.0323207452893,0.0182620417327,-0.00376983801834,-0.00237284204923],[0.00529131339863,-0.00152490113396,0.00631219195202,-0.0074422811158,0.0034807457123,0.000372510985471,-0.00748263206333,0.0209725126624,-0.0323207452893,0.0507542788982,-0.0377995371819,0.0229919385165,-0.00552524905652],[-0.00341945933178,-0.000631791888736,-0.00389265990816,0.00362572702579,-0.00243374193087,0.00356093165465,-0.0042094392702,-0.00317411147989,0.0182620417327,-0.0377995371819,0.063497364521,-0.0424363538623,0.0237527731806],[0.00126724177971,0.00280981627293,0.000829814758617,-0.000988622196019,0.00291836960241,-0.00469102105126,0.00845429766923,-0.00870305579156,-0.00376983801834,0.0229919385165,-0.0424363538623,0.0554504357278,-0.028745861724],[0.000290184951155,-0.00370520236902,0.001256951713,-0.00241732550785,0.0019125691615,-0.000456390785985,-0.00559342652559,0.00784685555845,-0.00237284204923,-0.00552524905652,0.0237527731806,-0.028745861724,0.0398260913789]],"mean":[-82.5655059814,172.390808105,-132.655517578,80.4929275513,-8.88309574127,-31.9305229187,-16.2589969635,-8.04263782501,-12.2211761475,-32.3952407837,-16.7447872162,-16.8516197205,-7.23671627045]},"hfc":{"dmean":3.97554850578,"dmean2":6.58399438858,"dvar":17.2819728851,"dvar2":45.647228241,"max":87.1586608887,"mean":16.0614242554,"median":15.1450452805,"min":1.16652080477e-16,"var":59.8518981934},"melbands":{"dmean":[0.000882245483808,0.00663597881794,0.0028424221091,0.00135260587558,0.000116553041153,0.0000606793691986,0.0000357444914698,0.0000223391598411,0.0000166324098245,0.0000167407888512,0.000013508108168,0.0000145025551319,0.00000470724762636,0.00000316491446029,0.00000313854616252,0.0000025837305202,0.00000356983741767,0.00000660512569084,0.0000100032639239,0.0000135565342134,0.0000133765506689,0.0000225978401431,0.0000279083797068,0.0000248869237112,0.0000109846305349,0.00000425877897214,0.00000266465553977,0.0000012743254274,6.50206857244e-7,3.62679912769e-7,1.99885903385e-7,7.25082998088e-8,3.08115808423e-8,1.1347043305e-8,5.24251442258e-9,2.31769403669e-9,1.0243698112e-9,5.37303979087e-10,2.4636817586e-10,1.22087187582e-10],"dmean2":[0.00146348099224,0.010784484446,0.0048124496825,0.00221433816478,0.000195304193767,0.000100540499261,0.0000587437425565,0.0000372780195903,0.000026996835004,0.000027041451176,0.0000220532692765,0.0000232926067838,0.00000770054703025,0.00000527819429408,0.00000527023985342,0.00000422716357207,0.00000581458425586,0.0000108428193926,0.0000163974200404,0.0000217878605326,0.0000219174416998,0.0000376817879442,0.0000459421717096,0.0000406217586715,0.0000179355101864,0.00000708834431862,0.00000438205961473,0.00000208566075344,0.00000103450031474,5.77656010137e-7,3.22973079392e-7,1.19849758562e-7,5.19165475055e-8,1.93522211589e-8,8.96554297469e-9,3.97550525832e-9,1.75401870806e-9,9.22535048353e-10,4.22522600241e-10,2.09619210878e-10],"dvar":[0.00000106274171685,0.0000550756194571,0.0000109586226245,0.00000230547288993,1.9836758014e-8,8.95874308071e-9,3.46094641834e-9,1.32303989986e-9,6.52502385456e-10,8.95261476064e-10,6.46686704187e-10,8.52227566295e-10,8.00908228626e-11,4.08737904634e-11,4.69434213723e-11,5.83764009354e-11,9.95833832063e-11,6.03293304202e-10,1.11627063148e-9,1.3713449265e-9,2.11612705137e-9,3.38297012625e-9,2.98462787818e-9,2.47754572413e-9,4.08228256754e-10,5.77999904883e-11,1.93800808734e-11,5.6756500541e-12,4.07741245281e-12,5.39370360441e-13,8.49545992365e-14,1.28722072335e-14,1.45729212778e-15,1.55837002522e-16,3.26367253969e-17,5.9499568818e-18,1.05577941946e-18,2.59426665112e-19,5.2481003876e-20,1.16886654772e-20],"dvar2":[0.0000027860528462,0.00014262451441,0.0000298539762298,0.00000624698577667,5.49445786646e-8,2.41774529286e-8,9.05678820828e-9,3.51355944339e-9,1.66374003463e-9,2.19005524826e-9,1.61618418648e-9,2.05725103619e-9,1.9934275064e-10,1.03265077045e-10,1.15346607266e-10,1.39268555022e-10,2.37391634128e-10,1.41920009078e-9,2.719467318e-9,3.31505756179e-9,5.26041299409e-9,8.53628456809e-9,7.49468132e-9,6.26414653482e-9,1.02559627457e-9,1.47125506222e-10,5.02700138461e-11,1.36627029135e-11,8.46515826186e-12,1.16965898772e-12,2.1161781908e-13,3.3651348445e-14,3.94969133964e-15,4.40033113173e-16,9.41179137329e-17,1.71206815705e-17,3.01078129935e-18,7.4822001923e-19,1.53618645463e-19,3.42372188111e-20],"max":[0.0124680306762,0.0972461476922,0.0531063377857,0.0189443454146,0.00230020727031,0.00251781730913,0.00154359394219,0.00090037973132,0.000819604669232,0.000973529764451,0.000862316170242,0.00117707357276,0.000365090905689,0.000345950218616,0.000334103679052,0.000610108079854,0.000503675139043,0.00110053643584,0.00133618107066,0.00121502042748,0.0020352837164,0.00245596002787,0.00180211581755,0.00167370471172,0.000946000393014,0.000305008958094,0.000145631900523,0.000107984400529,0.000132636560011,0.0000391516841773,0.00000950148751144,0.00000759052500143,0.00000126739018924,3.14812098168e-7,1.26132789546e-7,5.35223101394e-8,2.59936303593e-8,1.0769701575e-8,6.42367314896e-9,1.95724569885e-9],"mean":[0.0013729732018,0.0121490648016,0.0056163710542,0.00301081012003,0.000244335911702,0.00011634137627,0.0000622392617515,0.0000362545870303,0.0000291150736302,0.0000291400210699,0.000023902655812,0.0000246641830017,0.00000844775604492,0.00000492803656016,0.00000466042047265,0.00000459370676253,0.00000561405977351,0.0000100215020211,0.0000170769180841,0.0000241226262006,0.0000241286925302,0.0000420290125476,0.000052771956689,0.0000451185987913,0.0000208537530852,0.00000821856247057,0.0000051141773838,0.00000243037516157,0.00000124589848838,7.55708867928e-7,4.28212189263e-7,1.74357907667e-7,8.05512030411e-8,3.24338174096e-8,1.6002276837e-8,7.37273841978e-9,3.45537087831e-9,1.91275928429e-9,9.42576350305e-10,4.83808493268e-10],"median":[0.000939700228628,0.00859397929162,0.00460914429277,0.00227211229503,0.000186469304026,0.0000681994570186,0.0000357467215508,0.0000215215713979,0.0000161452881002,0.0000134119509312,0.0000102540961961,0.00000848707168188,0.00000382100006391,0.00000279581672658,0.00000245324872594,0.0000021917480808,0.00000243997396865,0.00000474317494081,0.00000706848913978,0.0000113538917503,0.0000130007201733,0.0000227378513955,0.0000312177944579,0.000027923795642,0.000013101958757,0.00000574163641431,0.00000342550720234,0.00000155709733463,8.01137957751e-7,5.06804553879e-7,2.9622745501e-7,1.38949616257e-7,6.81593519403e-8,2.8251090356e-8,1.39861757731e-8,6.57295906592e-9,3.17291837248e-9,1.79657244637e-9,9.00732155529e-10,4.68727612279e-10],"min":[3.42686147052e-24,1.01471588446e-23,1.10541721808e-23,1.80989603885e-23,1.15193887001e-23,1.45140246032e-23,1.43735032325e-23,9.27908210502e-24,1.26186269285e-23,7.88754803429e-24,1.01956083148e-23,7.5981062907e-24,6.56864083723e-24,3.98641707667e-24,6.28208790227e-24,1.1297258091e-23,8.99910984773e-24,1.93220986884e-23,5.898930272e-24,6.95836849556e-24,7.81099145002e-24,1.24629578507e-23,7.56555788975e-24,1.0154614369e-23,1.26211899376e-23,8.13373259015e-24,7.41738772364e-24,6.29434403972e-24,1.09311004132e-23,1.51414214584e-23,1.07913379267e-23,7.03886465119e-24,7.16186147694e-24,8.68907173476e-24,1.21839527368e-23,1.06659689962e-23,8.65719780989e-24,8.30860017587e-24,1.35127707879e-23,1.11692401656e-23],"var":[0.00000185659973795,0.000131280015921,0.0000198647958314,0.00000662342836222,4.66034180135e-8,2.45898430506e-8,7.59894014379e-9,2.47243270302e-9,1.40174716279e-9,1.96514515771e-9,1.37478195494e-9,2.2259858401e-9,1.98338817592e-10,7.15150716424e-11,8.15592107739e-11,2.08559003401e-10,2.68030930783e-10,1.08968367662e-9,2.68389244162e-9,3.42452044499e-9,4.83258943973e-9,9.37617361529e-9,7.39878780465e-9,4.42294512126e-9,1.02273023384e-9,1.06598778415e-10,3.87668612489e-11,1.19033810586e-11,7.12745661102e-12,1.13157963902e-12,1.83267016471e-13,2.21811061001e-14,3.25487931861e-15,4.07622667996e-16,9.50537991129e-17,1.7534996487e-17,3.31399014315e-18,8.4388950583e-19,1.74077587897e-19,3.88679891376e-20]},"melbands_crest":{"dmean":3.68802809715,"dmean2":6.10491752625,"dvar":9.97810649872,"dvar2":26.7057933807,"max":34.0171394348,"mean":21.6886138916,"median":21.4140930176,"min":1.59618973732,"var":28.9643516541},"melbands_flatness_db":{"dmean":0.0322978124022,"dmean2":0.0525997169316,"dvar":0.000741822703276,"dvar2":0.00197561574169,"max":0.579800188541,"mean":0.372013866901,"median":0.372060000896,"min":0.00327169289812,"var":0.00375614780933},"melbands_kurtosis":{"dmean":29.2204494476,"dmean2":47.3378410339,"dvar":970.22833252,"dvar2":2406.53076172,"max":759.209716797,"mean":71.7014770508,"median":57.5079193115,"min":-1.97499203682,"var":3649.22485352},"melbands_skewness":{"dmean":1.43359422684,"dmean2":2.31920456886,"dvar":1.55762660503,"dvar2":4.05660629272,"max":20.4917316437,"mean":6.86248207092,"median":6.73286724091,"min":-0.66774392128,"var":6.34895038605},"melbands_spread":{"dmean":3.92366623878,"dmean2":6.54152965546,"dvar":36.3792228699,"dvar2":94.8586807251,"max":183.890350342,"mean":8.66510772705,"median":5.05053710938,"min":0.291628301144,"var":181.562591553},"mfcc":{"cov":[[4479.73242188,1320.81555176,-831.686401367,684.037780762,-112.385307312,-19.5976810455,-77.2588806152,142.82623291,-6.43676376343,-11.9163265228,-1.21404981613,-10.4218149185,-59.1941680908],[1320.81555176,689.404052734,-134.549026489,113.784698486,-31.3813323975,-32.3285980225,21.3351783752,112.669639587,71.638092041,10.9167051315,26.3386898041,-7.67161035538,-8.85756969452],[-831.686401367,-134.549026489,353.488098145,-49.5127716064,-16.4272136688,12.3109579086,46.7845687866,-16.6266326904,13.5110177994,4.80124998093,7.46797847748,12.7191429138,21.7073059082],[684.037780762,113.784698486,-49.5127716064,372.412811279,75.928565979,24.3234615326,-11.4489707947,-30.7044754028,-27.1910400391,-6.11735200882,4.59447908401,14.4909639359,2.9045791626],[-112.385307312,-31.3813323975,-16.4272136688,75.928565979,184.91645813,34.2876091003,-30.0178699493,-4.98469495773,8.09589481354,4.46943378448,6.98293638229,2.80356621742,3.986795187],[-19.5976810455,-32.3285980225,12.3109579086,24.3234615326,34.2876091003,95.5960540771,35.6841316223,-25.8430900574,-1.96152293682,12.8570327759,6.62698173523,7.72754621506,9.86461162567],[-77.2588806152,21.3351783752,46.7845687866,-11.4489707947,-30.0178699493,35.6841316223,103.520843506,34.9140548706,11.7178611755,9.60218238831,16.3737487793,3.56573414803,3.61394381523],[142.82623291,112.669639587,-16.6266326904,-30.7044754028,-4.98469495773,-25.8430900574,34.9140548706,121.570678711,58.1445083618,-1.19485890865,8.16310787201,-3.92584180832,-8.67710876465],[-6.43676376343,71.638092041,13.5110177994,-27.1910400391,8.09589481354,-1.96152293682,11.7178611755,58.1445083618,98.7274398804,37.7949409485,4.79122591019,0.0027186118532,8.51727962494],[-11.9163265228,10.9167051315,4.80124998093,-6.11735200882,4.46943378448,12.8570327759,9.60218238831,-1.19485890865,37.7949409485,67.7871322632,31.9156742096,0.850419640541,6.98305797577],[-1.21404981613,26.3386898041,7.46797847748,4.59447908401,6.98293638229,6.62698173523,16.3737487793,8.16310787201,4.79122591019,31.9156742096,70.4389801025,28.3584365845,-0.357734441757],[-10.4218149185,-7.67161035538,12.7191429138,14.4909639359,2.80356621742,7.72754621506,3.56573414803,-3.92584180832,0.0027186118532,0.850419640541,28.3584365845,55.0758705139,22.5337619781],[-59.1941680908,-8.85756969452,21.7073059082,2.9045791626,3.986795187,9.86461162567,3.61394381523,-8.67710876465,8.51727962494,6.98305797577,-0.357734441757,22.5337619781,50.5632324219]],"icov":[[0.0280414242297,-0.0386288799345,0.0401696749032,-0.0396430902183,0.0410010553896,-0.0391809418797,0.0395924784243,-0.0399334989488,0.0381733365357,-0.0329919941723,0.0291516054422,-0.0209405589849,0.0134861161932],[-0.0386288799345,0.0554700382054,-0.0545717142522,0.0535904914141,-0.0555358976126,0.0540601536632,-0.0544401779771,0.0537431463599,-0.0542838945985,0.0467423573136,-0.0420921519399,0.0303935874254,-0.0193641539663],[0.0401696749032,-0.0545717142522,0.061225887388,-0.0566542744637,0.0587011016905,-0.0550073608756,0.0541770718992,-0.0551987625659,0.0522353798151,-0.0453069470823,0.04037354514,-0.0294221695513,0.0180506017059],[-0.0396430902183,0.0535904914141,-0.0566542744637,0.0596425011754,-0.0597689114511,0.0554661862552,-0.0566481240094,0.0577138103545,-0.052618086338,0.0459545813501,-0.0399485379457,0.0278017520905,-0.0184372384101],[0.0410010553896,-0.0555358976126,0.0587011016905,-0.0597689114511,0.0679801404476,-0.0619926899672,0.0627714917064,-0.0609365552664,0.0544460266829,-0.0466092303395,0.0395518913865,-0.0281474422663,0.0183836314827],[-0.0391809418797,0.0540601536632,-0.0550073608756,0.0554661862552,-0.0619926899672,0.0729813575745,-0.065941862762,0.0636571496725,-0.0558881498873,0.0452150180936,-0.0391519442201,0.0271385461092,-0.018884472549],[0.0395924784243,-0.0544401779771,0.0541770718992,-0.0566481240094,0.0627714917064,-0.065941862762,0.0752371400595,-0.0664714574814,0.0580539852381,-0.0485256314278,0.0383043512702,-0.0273061431944,0.0173030067235],[-0.0399334989488,0.0537431463599,-0.0551987625659,0.0577138103545,-0.0609365552664,0.0636571496725,-0.0664714574814,0.0790416523814,-0.0690616443753,0.0581845641136,-0.046960324049,0.0319285728037,-0.0172162242234],[0.0381733365357,-0.0542838945985,0.0522353798151,-0.052618086338,0.0544460266829,-0.0558881498873,0.0580539852381,-0.0690616443753,0.0796308293939,-0.0656577795744,0.0518426224589,-0.0352674759924,0.018125006929],[-0.0329919941723,0.0467423573136,-0.0453069470823,0.0459545813501,-0.0466092303395,0.0452150180936,-0.0485256314278,0.0581845641136,-0.0656577795744,0.0769958421588,-0.0580369979143,0.040143776685,-0.0231918357313],[0.0291516054422,-0.0420921519399,0.04037354514,-0.0399485379457,0.0395518913865,-0.0391519442201,0.0383043512702,-0.046960324049,0.0518426224589,-0.0580369979143,0.066056676209,-0.0449438802898,0.0252185314894],[-0.0209405589849,0.0303935874254,-0.0294221695513,0.0278017520905,-0.0281474422663,0.0271385461092,-0.0273061431944,0.0319285728037,-0.0352674759924,0.040143776685,-0.0449438802898,0.0533504374325,-0.0274980831891],[0.0134861161932,-0.0193641539663,0.0180506017059,-0.0184372384101,0.0183836314827,-0.018884472549,0.0173030067235,-0.0172162242234,0.018125006929,-0.0231918357313,0.0252185314894,-0.0274980831891,0.0361094512045]],"mean":[-711.182983398,177.823364258,-35.4363594055,98.6888275146,21.004699707,4.26779842377,0.491013914347,17.6586151123,5.09018802643,-5.29766750336,-4.04977273941,-7.73656892776,-10.9382562637]},"pitch_salience":{"dmean":0.0851613730192,"dmean2":0.140608668327,"dvar":0.00568399392068,"dvar2":0.0150064956397,"max":0.918910503387,"mean":0.428024172783,"median":0.449529528618,"min":0.046427231282,"var":0.0166115239263},"silence_rate_20dB":{"dmean":0,"dmean2":0,"dvar":0,"dvar2":0,"max":1,"mean":1,"median":1,"min":1,"var":0},"silence_rate_30dB":{"dmean":0.0844381153584,"dmean2":0.168882399797,"dvar":0.0772948265076,"dvar2":0.180170238018,"max":1,"mean":0.896063089371,"median":1,"min":0,"var":0.093097910285},"silence_rate_60dB":{"dmean":0.000657390162814,"dmean2":0.00131482828874,"dvar":0.000656532705761,"dvar2":0.00160542898811,"max":1,"mean":0.0311518516392,"median":0,"min":0,"var":0.0301871653646},"spectral_centroid":{"dmean":252.522827148,"dmean2":417.402923584,"dvar":60726.625,"dvar2":157926.03125,"max":11162.6738281,"mean":884.610839844,"median":776.336425781,"min":132.112167358,"var":257596.53125},"spectral_complexity":{"dmean":3.11880493164,"dmean2":5.03747272491,"dvar":8.5020904541,"dvar2":20.4813709259,"max":40,"mean":15.2353372574,"median":16,"min":0,"var":40.8302536011},"spectral_contrast_coeffs":{"dmean":[0.0552520826459,0.0441078171134,0.0331733264029,0.0310583300889,0.0241879466921,0.0168299358338],"dmean2":[0.0923505052924,0.0739620029926,0.0551628395915,0.0514372810721,0.0393787547946,0.0268225502223],"dvar":[0.00189510523342,0.00116063223686,0.000679179443978,0.000633794465102,0.000390506407712,0.000182071831659],"dvar2":[0.00539811048657,0.0032431865111,0.00187126977835,0.00168805068824,0.000991295557469,0.000451529282145],"max":[-0.269456684589,-0.431730180979,-0.574361085892,-0.488104611635,-0.492183595896,-0.536843001842],"mean":[-0.492102593184,-0.76930218935,-0.812568247318,-0.792454183102,-0.753741681576,-0.672409176826],"median":[-0.48587501049,-0.77256155014,-0.817469835281,-0.799676656723,-0.755922913551,-0.670795440674],"min":[-0.966205239296,-0.983318507671,-0.964522838593,-0.96631026268,-0.958665549755,-0.956055939198],"var":[0.00543997855857,0.00344713265076,0.0025779416319,0.00283604138531,0.00236962828785,0.00170392950531]},"spectral_contrast_valleys":{"dmean":[0.466213464737,0.345328569412,0.31142359972,0.278687238693,0.20761859417,0.104081250727],"dmean2":[0.77035933733,0.569331884384,0.509270012379,0.449014663696,0.329505950212,0.177927598357],"dvar":[0.137008532882,0.0760219991207,0.0662835091352,0.0609726086259,0.0368963219225,0.011091155],"dvar2":[0.360314249992,0.196465149522,0.163840979338,0.139998793602,0.0785808935761,0.0224263165146],"max":[-5.42805051804,-5.52387952805,-6.18850278854,-6.55831050873,-6.04053926468,-11.5276241302],"mean":[-7.18252277374,-7.2432141304,-8.04572296143,-8.14473342896,-7.46854782104,-12.606385231],"median":[-7.02298021317,-7.07533931732,-7.89458751678,-8.00126647949,-7.31654453278,-12.5212478638],"min":[-27.3712024689,-26.6786327362,-27.0575637817,-27.3186950684,-27.2879981995,-27.3762321472],"var":[1.35914957523,1.14496195316,1.06615757942,0.973900079727,0.957666516304,0.260318428278]},"spectral_decrease":{"dmean":6.178948464e-9,"dmean2":1.02614592379e-8,"dvar":4.12741817491e-17,"dvar2":1.12517765601e-16,"max":3.57035224626e-20,"mean":-1.60624544776e-8,"median":-1.43402845154e-8,"min":-8.41777989535e-8,"var":8.64039582125e-17},"spectral_energy":{"dmean":0.0235772132874,"dmean2":0.0391600765288,"dvar":0.000599687453359,"dvar2":0.00163552619051,"max":0.321574270725,"mean":0.0620801225305,"median":0.0555873289704,"min":1.03735185812e-20,"var":0.00125471805222},"spectral_energyband_high":{"dmean":0.0000286489212158,"dmean2":0.0000452268468507,"dvar":2.66570077123e-9,"dvar2":5.9430904642e-9,"max":0.00270045478828,"mean":0.0000721940596122,"median":0.0000510408826813,"min":7.68810337978e-21,"var":8.04208255545e-9},"spectral_energyband_low":{"dmean":0.0222457442433,"dmean2":0.0364237129688,"dvar":0.000594316981733,"dvar2":0.0015658037737,"max":0.31390735507,"mean":0.043072219938,"median":0.0331204161048,"min":5.15922510416e-23,"var":0.00132546690293},"spectral_energyband_middle_high":{"dmean":0.000983304111287,"dmean2":0.00158617564011,"dvar":0.00000176279604602,"dvar2":0.00000452532640338,"max":0.0301170032471,"mean":0.002996976953,"median":0.00236420566216,"min":1.36916859558e-21,"var":0.00000711316806701},"spectral_energyband_middle_low":{"dmean":0.00816060043871,"dmean2":0.0137222977355,"dvar":0.0000809374541859,"dvar2":0.000224585266551,"max":0.129458263516,"mean":0.0204295758158,"median":0.0172595847398,"min":3.7282884094e-22,"var":0.000202592826099},"spectral_entropy":{"dmean":0.168187394738,"dmean2":0.272747904062,"dvar":0.0207993350923,"dvar2":0.0530317127705,"max":9.78419399261,"mean":6.91167736053,"median":6.93408679962,"min":4.610912323,"var":0.105627812445},"spectral_flux":{"dmean":0.0387248918414,"dmean2":0.0630725175142,"dvar":0.00130553368945,"dvar2":0.00329073960893,"max":0.3817461133,"mean":0.106495350599,"median":0.0984002128243,"min":1.018504725e-10,"var":0.00278419977985},"spectral_kurtosis":{"dmean":3.52087783813,"dmean2":6.23713207245,"dvar":8.6124048233,"dvar2":26.4188518524,"max":32.4181098938,"mean":4.69324922562,"median":3.96982121468,"min":-1.19258022308,"var":13.0288696289},"spectral_rms":{"dmean":0.00144174182788,"dmean2":0.00237502832897,"dvar":0.00000176742264557,"dvar2":0.00000482326004203,"max":0.0177124533802,"mean":0.00741612631828,"median":0.00736420694739,"min":3.18127425444e-12,"var":0.00000556663826501},"spectral_rolloff":{"dmean":200.538085938,"dmean2":372.531433105,"dvar":288199.0625,"dvar2":778121.375,"max":19035.3515625,"mean":525.269104004,"median":215.33203125,"min":107.666015625,"var":2518369.75},"spectral_skewness":{"dmean":0.368401587009,"dmean2":0.642924368382,"dvar":0.0903537124395,"dvar2":0.271434932947,"max":3.98820161819,"mean":0.942477941513,"median":0.888376832008,"min":-0.38132378459,"var":0.197082981467},"spectral_spread":{"dmean":182086.015625,"dmean2":299839.3125,"dvar":61171167232,"dvar2":102117957632,"max":41371216,"mean":2633779.25,"median":2546017.75,"min":1238078.5,"var":625656266752},"spectral_strongpeak":{"dmean":0.373342961073,"dmean2":0.631267130375,"dvar":0.527206778526,"dvar2":1.32773303986,"max":18.5586967468,"mean":0.890278816223,"median":0.803603887558,"min":0,"var":0.703851282597},"zerocrossingrate":{"dmean":0.00534339947626,"dmean2":0.00706563284621,"dvar":0.0000267587438429,"dvar2":0.0000445999830845,"max":0.50830078125,"mean":0.0278101507574,"median":0.0224609375,"min":0.00439453125,"var":0.00153090164531}},"metadata":{"audio_properties":{"analysis_sample_rate":44100,"bit_rate":192000,"codec":"mp3","downmix":"mix","equal_loudness":0,"length":635.768188477,"lossless":false,"md5_encoded":"985db7150495a6a6bf15ee1fff89d13f","replay_gain":-2.83485221863,"sample_rate":44100},"tags":{"acoustid_fingerprint":["AQADtMkSJUkURQ_Mp_BxMTCXCH-OXqnwB8eTH43LoU9x3Ax-ocvx4NphRbiO3sL94MdF9D2aB8d9nGh_GIccHT0-HECjOdAOHMePPEf540Yz2ULuK_hf_GjIBaUoB4ee4cyHMOLhozzew3VC5L2C_wl0BFZy4nKY4MdzNEe44zvKzvAS-Ee_q9APHWdS-Ar-hHiCZ8c1qE-Dz-ieobmOIw-XbsjFBz80Cc3Cpcjr4EfVo3mCcGsFX4ahMTyepzjzCLrwBmWIZk-DPzI-9ElONCp0HeWPhywO7Q9-nPjgJabwNMaRnwgjB49YBX6Kb8Z1aPmFX8F1HL2Gxg3O49Sho_txC2GPG-_gDz9-5DmcZ_iO69A_vKiOE3oOH2WjOAmOH4-Uo1HUxOgN_MFzoamPS4Uv4oEflLlwCn9wioHXqMfl48f5BP9x1DsexUCTR3jy4TieJLkMhzfuYz-eE_uhZ7gM7aRgqUb547-C40OTxRT6uNjVY91xaDl0Be5x9fBO9PHw43j0wIrn4sfxD_1xbbhhHRXuPPgHXIGrJVvxD_g1oDZOPJlwNPtxHTieHJ6-FT-u436GL0ebHacB_dByC-eD40OjdGi5FJeOS8KVmCEa_XiDazn-oiyuOMF9qXgBLzJ-vDd-HM0XXMcTE69y9EqFrwt0PPrxPBCnETueYz-uo2_w4TDabIeOC4d__FB-_N8wVfhSXD4O70GPR1mHZ8cTwJeM-_jxPMM39PAh67hRN4cu4PC34sTq47nQkOgV1Dkahht-dFaM5spx4jl-eC9u_HiPvWhOHL_hw-fRPzgw5UEfkKKKH3_A_PC2EYd7vBcaRVuOXQquY5SE5mnQPrjz4drRY7OGDz_0ofvxPTiuo-GKHjveK1D-FfWiFD-OF00vvFGIC8_RF82TYceP7-gHMzjhDfwHHlZ-tCdyMGOPU9lAPWizh_iw88c7FZ1e-IRGHd-D4_KP5kt0dBt26JMe7Dn-HL0NT5OyA_1EKMeP68EfuGPwBTx05QvYHM_DYNcco0fTLQ_ki7j84FxGfDl-eFyIP0dy5H7ROBeuCzd84tDfodHu4HqC68cnBmaMHfrxPcOUPMX04jkaTYoRPkbSjTka5kGfo0X60Eh0XAfrBxZpTFeKoxFCH8mdwwvPEM9x9ImO5oHS73hygt0V8IuORi96_Ej0vQjvoBIP_gmug9EXNLvwD28eZOWOqWpxfIAF7eHwPjiLBzfEG_iLVfkSHGUjwq2gH3k6gymP6_iBfkfT6biPXGAafMRnaCZ6VWiu49oX7Md3NDUUXamx68Lz4Aa-vdBiD22M48cPlTe-qTBDpZi54z7-4TsmLjrMiByOskskyPmDk4a65EBz6dD0ELvwRMeHnkVzGhc-yHMX5Dh-9EFzNch1nMeFafNhHji6qMmEHx9-HJ5n_MGnY74CRUEbKsZ0BWbQHdr1oPlx4smOHk0cEL9wgXlxmCd6BR_0XPiOozmmL3GhcnjODLfRHc2J40evoU-OB8_xHcoe4uBxHryPhseHR9BFhJeFKw8uHcep5PBb5OGD-_ixC7VxbSLgJ6jF48an4xKRXrhz7MgDpj90E1dEHD66h1JwHSf0JMckMUvRXAxuHNcx5XMUvIPxZJPwiB4IFf5R6bgicIVPEfqNv7gcNBbB8UOaiESIh0XD2Ar648QJMfWGD8_BM9mgUYrCwcPD4EuOu8YD20c1XLPRR_pAiUWfGHuk4iPRSEclHz_8JOnw4NJx5bCazMT5YM8O6U9RUk_gblHB9IKqtegHi0flCT8axg_6CVeCH7bj4CF