{"lowlevel":{"average_loudness":0.961204230785,"barkbands":{"dmean":[0.000166838945006,0.00260615791194,0.00242551974952,0.00157736067194,0.00230619404465,0.000858276034705,0.00134651863482,0.000692355504725,0.000836394261569,0.00034911246621,0.000347458320903,0.000384000682971,0.00039450492477,0.000740988354664,0.00053526944248,0.000702209246811,0.000646799511742,0.000306070200168,0.000166593570611,0.0000424062054662,0.000035101587855,0.0000275090460491,0.0000303366941807,0.0000318261008942,0.0000258295858657,0.0000541341396456,0.0000176523790287],"dmean2":[0.000246277952101,0.00455531710759,0.00421360367909,0.00271445838735,0.00400907173753,0.00138603663072,0.00218398845755,0.00107633986045,0.00122504099272,0.000540196313523,0.000538591120858,0.000608532340266,0.000622509222012,0.00118285790086,0.000863389228471,0.00116115773562,0.00107488711365,0.000503773975652,0.000270182732493,0.0000677764692227,0.0000575617596041,0.0000434242756455,0.0000460664159618,0.0000460350529465,0.0000366507701983,0.0000836858307594,0.00002784105709],"dvar":[1.57264736345e-7,0.0000474941662105,0.0000248292290053,0.00000495010499435,0.0000217664564843,0.00000198708562493,0.0000127591165437,0.00000634658863419,0.0000051078868637,0.00000103448905975,8.57019358591e-7,9.33162311867e-7,7.19287641004e-7,0.00000124999576201,6.47170111279e-7,6.84839221776e-7,4.52976848919e-7,1.14398318374e-7,4.60628477583e-8,7.92874921274e-9,5.22648591073e-9,4.5460519793e-9,4.78036810136e-9,1.11840954276e-8,3.83269771476e-9,3.198395504e-8,3.40403749632e-9],"dvar2":[3.03914220012e-7,0.000129299558466,0.0000692451067152,0.0000140273596116,0.0000617637560936,0.00000515131887369,0.0000306653273583,0.0000138313043863,0.0000106382312879,0.00000219101252696,0.00000201272132472,0.00000202257820092,0.00000165440917499,0.00000307367099595,0.00000154881035996,0.00000179613766704,0.0000012006516954,3.03540190316e-7,1.15312175808e-7,1.97288638759e-8,1.38576927711e-8,1.18723031406e-8,1.0930033767e-8,2.03174455038e-8,7.98748356345e-9,7.49621591467e-8,7.95648880114e-9],"max":[0.00417189579457,0.0663493275642,0.0580345280468,0.0312607139349,0.057446628809,0.0218382962048,0.0721816644073,0.0867436304688,0.052320536226,0.0259464215487,0.0262280330062,0.027751673013,0.0208425354213,0.0398051403463,0.0287051200867,0.0145279299468,0.011138365604,0.00592162506655,0.00684377131984,0.00156096089631,0.00129954901058,0.00120124069508,0.00235573761165,0.00549369119108,0.00137996824924,0.00296824541874,0.00115166336764],"mean":[0.000194764317712,0.00266362866387,0.00342736230232,0.00285744364373,0.00346142775379,0.00197150767781,0.00236433465034,0.00117553921882,0.0016610706225,0.000670735200401,0.00070935790427,0.000737959344406,0.000780610076617,0.00158554990776,0.00116681295913,0.00156501110177,0.00163723190781,0.000758930342272,0.000417503440985,0.0000732192129362,0.0000733642154955,0.0000424860954809,0.0000500201276736,0.0000495655694976,0.0000366306994692,0.0000507344157086,0.0000153741584654],"median":[0.0000214455267269,0.00108534714673,0.00244023837149,0.00226847198792,0.00248022377491,0.00126430450473,0.000959291937761,0.000333756877808,0.000610036600847,0.000211740232771,0.000300491112284,0.000340449885698,0.000453525397461,0.00106736179441,0.000838643114548,0.00127300177701,0.00141488737427,0.000633606337942,0.000338801153703,0.0000342803905369,0.000051636932767,0.0000143997249324,0.0000141338869071,0.0000124073703773,0.00000737017307983,0.00000363342155651,6.3167232156e-7],"min":[1.35916395235e-23,7.97787260794e-24,4.41480799125e-24,7.07040094359e-24,1.13585683606e-23,4.43744104171e-23,2.43389684779e-23,5.08787326637e-23,7.12964786856e-23,1.21416626926e-23,4.43512652381e-23,3.61580896122e-23,5.78337784771e-23,2.73813020668e-23,9.51439142444e-23,8.38141803277e-23,1.38617312979e-22,1.09815736272e-22,1.93950074221e-22,1.89699111062e-22,3.22837273872e-22,3.68486950518e-22,5.62794473392e-22,7.42346233127e-22,1.0616464314e-21,1.5655561364e-21,2.14567136994e-21],"var":[2.34546206457e-7,0.0000352913302777,0.0000202779974643,0.00000674621333019,0.00001756805068,0.00000460642831968,0.0000215868440137,0.000012015867469,0.0000119561900647,0.00000265608628069,0.00000196959354071,0.00000264386562776,0.00000152739301029,0.00000308021617457,0.00000136228163683,0.00000132851448598,0.00000101931823338,2.57882561527e-7,1.00507527634e-7,1.23269776608e-8,6.1325193812e-9,5.78460790379e-9,8.61032400934e-9,2.16081019744e-8,6.24885876377e-9,3.03440259586e-8,3.19265391902e-9]},"barkbands_crest":{"dmean":1.80171656609,"dmean2":3.00489759445,"dvar":3.84355187416,"dvar2":10.1937141418,"max":26.7703151703,"mean":7.20329427719,"median":6.35371255875,"min":2.32253718376,"var":10.2209568024},"barkbands_flatness_db":{"dmean":0.0151434596628,"dmean2":0.0222384575754,"dvar":0.000244119873969,"dvar2":0.000545591348782,"max":0.451398670673,"mean":0.123645178974,"median":0.12021407485,"min":0.020633565262,"var":0.00177722936496},"barkbands_kurtosis":{"dmean":1.19996547699,"dmean2":1.92929816246,"dvar":36.8701972961,"dvar2":73.5587997437,"max":523.921447754,"mean":0.0197467245162,"median":-0.875145196915,"min":-1.80869531631,"var":61.3493423462},"barkbands_skewness":{"dmean":0.412107020617,"dmean2":0.659606575966,"dvar":0.299685806036,"dvar2":0.70455044508,"max":22.5805740356,"mean":0.683515608311,"median":0.591469585896,"min":-2.05526804924,"var":0.692385554314},"barkbands_spread":{"dmean":4.0273900032,"dmean2":6.3921380043,"dvar":24.7391166687,"dvar2":61.0589294434,"max":130.562957764,"mean":27.1061058044,"median":27.6358413696,"min":1.13377451897,"var":60.438079834},"dissonance":{"dmean":0.010522224009,"dmean2":0.017633639276,"dvar":0.000127969833557,"dvar2":0.000342477753293,"max":0.500000119209,"mean":0.476938158274,"median":0.480717778206,"min":0.265249073505,"var":0.000262272456894},"dynamic_complexity":1.90711796284,"erbbands":{"dmean":[0.0729895159602,0.64226526022,2.50302195549,4.10857152939,6.39433193207,9.17806053162,5.96157121658,7.24345493317,13.4630355835,23.6349067688,12.1388130188,20.5151004791,11.8541984558,11.301571846,13.6280412674,13.7877569199,17.3742141724,22.7223739624,35.2866287231,26.0884723663,45.4223556519,32.554977417,15.0477113724,12.1936988831,5.05240631104,1.9452445507,1.43368506432,1.34309208393,0.980019986629,0.9706813097,0.855338275433,0.720053732395,0.492059618235,0.292556643486,0.192726641893,0.168691962957,0.110006086528,0.0290275793523,0.00287126004696,0.000134145069751],"dmean2":[0.124807976186,1.14661347866,4.38757896423,7.09028100967,11.1525726318,15.9340457916,9.93526744843,11.5434646606,22.3273887634,37.8882064819,17.7702045441,29.9004421234,17.7966156006,17.0736064911,21.0136489868,21.6123580933,27.068397522,36.0290794373,56.6519470215,42.3052749634,75.3968963623,54.0508499146,24.6631774902,20.1288909912,8.06029701233,3.098706007,2.35008263588,2.19218111038,1.56122255325,1.49356794357,1.30231070518,1.06024241447,0.712022602558,0.41862270236,0.277366936207,0.252361953259,0.172278627753,0.0458940453827,0.00452845776454,0.000209190315218],"dvar":[0.0394551083446,2.9137609005,29.3277397156,39.6098823547,126.834190369,347.613555908,72.1167526245,170.687911987,1230.08435059,4694.69580078,1713.09814453,3382.44750977,1542.8425293,988.971923828,1153.79833984,1172.92041016,1425.39880371,1328.53112793,2772.76513672,1391.03625488,2826.46948242,1175.79174805,267.463745117,173.121994019,53.8440475464,16.904132843,9.33008861542,7.90702629089,6.2385225296,4.45385599136,4.43558883667,5.1510310173,2.79015493393,0.579956948757,0.230880066752,0.263019710779,0.140044987202,0.0100607080385,0.0000881446758285,1.71277434902e-7],"dvar2":[0.10478630662,8.19531822205,82.5882492065,112.159591675,362.081756592,987.004699707,193.91355896,448.226257324,3029.15869141,11092.4736328,3568.22875977,7076.953125,3461.34545898,1892.0222168,2713.83691406,2411.56762695,3323.62890625,3089.9465332,6783.37255859,3399.50952148,7463.73339844,3084.98291016,704.712402344,459.726013184,123.04058075,42.5126075745,24.6468734741,20.7769508362,16.4002761841,10.9730033875,10.2166824341,9.71554088593,5.13366556168,1.14462709427,0.511668622494,0.607410132885,0.332005918026,0.0238031279296,0.000205078817089,3.94939974058e-7],"max":[1.73161029816,16.4923725128,58.6303062439,90.0996780396,163.286315918,231.191558838,140.619995117,225.383636475,1251.13818359,1788.70727539,1748.83007812,1628.84887695,1271.38818359,1669.55651855,1121.91003418,1166.96850586,1014.80670166,1166.76220703,1750.22094727,899.639221191,979.141906738,633.361816406,262.877227783,380.094329834,182.323776245,85.123336792,49.4372787476,53.4665985107,56.2719535828,34.1549339294,86.6245422363,110.391044617,74.800819397,26.1909332275,8.36901378632,8.32720279694,6.36854887009,1.94304180145,0.150685206056,0.00591534283012],"mean":[0.070220194757,0.656424582005,3.511677742,7.18072462082,9.82319736481,13.3663311005,12.2268600464,17.1585521698,23.9548072815,42.4013252258,24.224363327,39.6947059631,22.6753406525,25.5375442505,31.073972702,28.9938297272,37.4273262024,55.0370330811,79.4513473511,61.4678001404,105.690818787,88.0286331177,44.308807373,35.7727241516,13.0204772949,3.68590044975,2.80821728706,2.66696405411,1.53025901318,1.60687971115,1.36401605606,1.11184966564,0.754888474941,0.437693685293,0.251710623503,0.175583422184,0.0988343134522,0.0252359881997,0.00251605431549,0.000146787351696],"median":[0.018060170114,0.319295167923,2.32347536087,5.83615016937,7.56981801987,8.52189350128,9.11239051819,10.7929315567,12.0686092377,12.7090673447,9.69757938385,13.9938373566,7.73002147675,11.2688798904,14.461309433,15.4603662491,22.0545330048,39.5251350403,59.1797523499,45.9700737,87.2686767578,77.0324935913,38.420715332,31.5742263794,9.99269771576,1.92494690418,1.87074232101,1.77421760559,0.555858850479,0.525208234787,0.364757210016,0.27679464221,0.183370068669,0.0970395058393,0.0453322790563,0.0176564417779,0.00568524003029,0.0011275151046,0.000120133045129,0.0000397940202674],"min":[8.02016075894e-22,6.17943499462e-22,3.77301715089e-21,2.22664936308e-20,5.39298236436e-20,2.76830403028e-20,1.46277482151e-19,4.03758515064e-19,1.68633020482e-19,1.05409858845e-18,1.29011120839e-18,1.48907244414e-18,6.73299014128e-19,1.17048579577e-18,9.92162406112e-19,2.2418565358e-18,2.98623326711e-18,2.46814068456e-18,6.03708919239e-18,4.051286622e-18,5.35692876678e-18,8.687325417e-18,6.23660019306e-18,1.10574005312e-17,8.17204400775e-18,9.42775049972e-18,1.42284280151e-17,1.09709146623e-17,1.40821543587e-17,1.44723056751e-17,1.70037066514e-17,1.38672569714e-17,1.35167813731e-17,1.1254296814e-17,8.32907680242e-18,4.83107102623e-18,3.08724298004e-18,1.16708370531e-18,2.92604440041e-19,3.41277240087e-20],"var":[0.0322683639824,1.94868528843,22.7632751465,41.3349685669,107.375816345,298.078979492,126.528137207,362.736785889,2092.98364258,8087.71484375,3432.56713867,7358.32763672,3141.74829102,2533.83276367,3090.46044922,3200.2421875,3322.64453125,3723.03198242,5738.35449219,3162.31445312,5531.02587891,2756.55249023,688.817626953,402.032165527,127.829559326,25.9741706848,10.4874792099,9.73920631409,7.59943008423,6.96999597549,7.57735157013,10.0761795044,5.08964920044,1.05330181122,0.312285006046,0.270321190357,0.128898248076,0.00921018607914,0.0000832254518173,1.65723832879e-7]},"erbbands_crest":{"dmean":2.13653874397,"dmean2":3.50644922256,"dvar":4.07368850708,"dvar2":10.5250425339,"max":26.6778831482,"mean":8.50330066681,"median":7.84255361557,"min":2.37255382538,"var":9.08763122559},"erbbands_flatness_db":{"dmean":0.0183244962245,"dmean2":0.0255289655179,"dvar":0.000410385866417,"dvar2":0.000753456784878,"max":0.389128297567,"mean":0.183392226696,"median":0.185554504395,"min":0.0244726445526,"var":0.00236852862872},"erbbands_kurtosis":{"dmean":0.69149017334,"dmean2":1.10687017441,"dvar":0.538870990276,"dvar2":1.35680103302,"max":12.5258016586,"mean":0.313539654016,"median":0.0882980823517,"min":-1.64639782906,"var":1.4555208683},"erbbands_skewness":{"dmean":0.284146040678,"dmean2":0.437409818172,"dvar":0.0737497583032,"dvar2":0.164337441325,"max":2.87327742577,"mean":-0.656163573265,"median":-0.75389611721,"min":-2.8276283741,"var":0.371787279844},"erbbands_spread":{"dmean":5.39318847656,"dmean2":8.61515617371,"dvar":34.7318305969,"dvar2":85.8309326172,"max":158.544631958,"mean":29.2228050232,"median":28.188457489,"min":5.18912553787,"var":105.144012451},"gfcc":{"cov":[[8553.92773438,87.7842330933,285.247192383,137.778457642,-317.495025635,187.567657471,-326.924285889,156.045181274,66.1641921997,67.7401123047,-344.987335205,-302.004302979,-511.48727417],[87.7842330933,968.250976562,-509.176300049,156.095947266,112.352218628,-154.076660156,18.790599823,-32.8467903137,50.8677253723,-42.1580657959,38.733757019,-121.828201294,37.9287033081],[285.247192383,-509.176300049,959.985046387,81.6346206665,50.167427063,209.285247803,3.17090344429,97.470199585,7.08847856522,50.2365837097,-110.936775208,-11.1473741531,-166.653259277],[137.778457642,156.095947266,81.6346206665,216.706726074,78.6867218018,54.2306938171,-26.8911247253,9.19303894043,14.4080295563,10.1743507385,-11.2176971436,-50.8335227966,-18.9340381622],[-317.495025635,112.352218628,50.167427063,78.6867218018,218.913467407,11.5463199615,37.8954544067,7.8279042244,-9.68933868408,21.3146648407,3.8686196804,17.1443767548,23.5104351044],[187.567657471,-154.076660156,209.285247803,54.2306938171,11.5463199615,185.415847778,32.8528404236,50.7455444336,-9.93369579315,-7.69215106964,-23.2173023224,-4.31699466705,-38.496131897],[-326.924285889,18.790599823,3.17090344429,-26.8911247253,37.8954544067,32.8528404236,131.464889526,19.509759903,11.487370491,-18.3440380096,7.29321670532,12.5532131195,17.2721328735],[156.045181274,-32.8467903137,97.470199585,9.19303894043,7.8279042244,50.7455444336,19.509759903,86.5345230103,29.550163269,12.4725646973,-22.2319869995,-19.6820869446,-29.9639797211],[66.1641921997,50.8677253723,7.08847856522,14.4080295563,-9.68933868408,-9.93369579315,11.487370491,29.550163269,79.5008544922,20.9929943085,3.2077331543,-29.8273544312,-28.114938736],[67.7401123047,-42.1580657959,50.2365837097,10.1743507385,21.3146648407,-7.69215106964,-18.3440380096,12.4725646973,20.9929943085,70.8294677734,14.7599773407,9.77956676483,-8.22502422333],[-344.987335205,38.733757019,-110.936775208,-11.2176971436,3.8686196804,-23.2173023224,7.29321670532,-22.2319869995,3.2077331543,14.7599773407,81.1773300171,43.2245521545,47.0925254822],[-302.004302979,-121.828201294,-11.1473741531,-50.8335227966,17.1443767548,-4.31699466705,12.5532131195,-19.6820869446,-29.8273544312,9.77956676483,43.2245521545,105.465377808,62.9106559753],[-511.48727417,37.9287033081,-166.653259277,-18.9340381622,23.5104351044,-38.496131897,17.2721328735,-29.9639797211,-28.114938736,-8.22502422333,47.0925254822,62.9106559753,122.020591736]],"icov":[[0.000232916456298,-0.000210478829104,0.000210818834603,-0.0000455779372714,0.000361816055374,-0.000396442221245,0.00039353244938,-0.000122990226373,0.000121851371659,-0.000578880484682,0.00105955975596,-0.00063234497793,0.000948083645198],[-0.000210478829104,0.00343150715344,0.00125207402743,-0.00231347396038,-0.00188395648729,0.00267936266027,-0.00134498113766,-0.000709987129085,-0.000371621892555,0.00245900428854,-0.00265110004693,0.00367325940169,-0.000164067139849],[0.000210818834603,0.00125207402743,0.00316109484993,-0.00177286088001,-0.000508365046699,-0.000762088398915,-0.000311048381263,-0.000906529661734,0.000186952805961,-0.00118859857321,0.00285197980702,-0.00201152381487,0.00411507487297],[-0.0000455779372714,-0.00231347396038,-0.00177286088001,0.0106118414551,-0.00280159711838,-0.00533199682832,0.004364291206,0.00284094270319,-0.00235577346757,-0.000875643803738,-0.000946641317569,0.00447290902957,-0.00385173666291],[0.000361816055374,-0.00188395648729,-0.000508365046699,-0.00280159711838,0.0084156980738,0.0000881286032381,-0.00247108610347,-0.000879752042238,0.00282999477349,-0.00459609320387,0.00363164115697,-0.0045033544302,0.000775754277129],[-0.000396442221245,0.00267936266027,-0.000762088398915,-0.00533199682832,0.0000881286032381,0.0129997562617,-0.00463945046067,-0.00588233629242,0.00409157574177,0.00423138635233,-0.00451363483444,0.00109858787619,0.00133720017038],[0.00039353244938,-0.00134498113766,-0.000311048381263,0.004364291206,-0.00247108610347,-0.00463945046067,0.0126690641046,-0.000662199570797,-0.00431761611253,0.0031503753271,0.000738797127269,-0.000842113047838,-0.00125686463434],[-0.000122990226373,-0.000709987129085,-0.000906529661734,0.00284094270319,-0.000879752042238,-0.00588233629242,-0.000662199570797,0.0195251572877,-0.0073809013702,-0.00317521253601,0.00402428675443,0.00157935032621,-0.0021721010562],[0.000121851371659,-0.000371621892555,0.000186952805961,-0.00235577346757,0.00282999477349,0.00409157574177,-0.00431761611253,-0.0073809013702,0.0219963733107,-0.00592513103038,-0.00425769854337,0.00341114844196,0.00461366213858],[-0.000578880484682,0.00245900428854,-0.00118859857321,-0.000875643803738,-0.00459609320387,0.00423138635233,0.0031503753271,-0.00317521253601,-0.00592513103038,0.0238422285765,-0.0093404604122,0.000858265848365,-0.000551035336684],[0.00105955975596,-0.00265110004693,0.00285197980702,-0.000946641317569,0.00363164115697,-0.00451363483444,0.000738797127269,0.00402428675443,-0.00425769854337,-0.0093404604122,0.0295830331743,-0.0138977095485,0.0019111528527],[-0.00063234497793,0.00367325940169,-0.00201152381487,0.00447290902957,-0.0045033544302,0.00109858787619,-0.000842113047838,0.00157935032621,0.00341114844196,0.000858265848365,-0.0138977095485,0.029414055869,-0.0130820143968],[0.000948083645198,-0.000164067139849,0.00411507487297,-0.00385173666291,0.000775754277129,0.00133720017038,-0.00125686463434,-0.0021721010562,0.00461366213858,-0.000551035336684,0.0019111528527,-0.0130820143968,0.0241931099445]],"mean":[13.7123193741,105.960037231,-140.50340271,22.8745765686,-28.9703407288,-0.733953773975,-50.4988746643,6.45449256897,-19.4180755615,-5.31244277954,-16.9076004028,-0.578563690186,-13.6342325211]},"hfc":{"dmean":6.35978460312,"dmean2":9.7165184021,"dvar":68.5202407837,"dvar2":154.480758667,"max":110.273117065,"mean":27.465669632,"median":25.5247840881,"min":1.11156927762e-16,"var":172.526473999},"melbands":{"dmean":[0.000666514155455,0.0011486611329,0.000732108426746,0.000585674250033,0.000230495526921,0.000162862837897,0.000227502227062,0.000239787390456,0.000102019126643,0.000129240535898,0.0000602194159001,0.0000473378204333,0.0000489930935146,0.0000467438221676,0.000037443889596,0.0000373639923055,0.0000494829546369,0.0000709609230398,0.0000359464393114,0.0000326888548443,0.0000609804883425,0.0000397440599045,0.0000247057596425,0.0000192113420781,0.0000100777506304,0.00000595703158979,0.00000210067491935,0.00000121657853924,9.03575198663e-7,0.00000103517209027,7.18056980986e-7,5.77723312745e-7,5.55706890282e-7,5.81321842219e-7,5.25803102391e-7,4.73372239185e-7,4.47913720336e-7,3.64309357792e-7,3.03876504404e-7,2.393689158e-7],"dmean2":[0.00114522280637,0.00202763290145,0.00126224395353,0.00101734604686,0.000387841282645,0.000260030152276,0.000374985334929,0.000382440106478,0.000147573256982,0.000188631151104,0.0000910490489332,0.0000721793985576,0.0000752158230171,0.0000730895844754,0.0000584995541431,0.0000589263836446,0.0000783987852628,0.000114027621748,0.000058219589846,0.0000535124672751,0.000101265446574,0.0000659826037008,0.0000410297507187,0.0000316982986988,0.0000166964327946,0.00000964427999861,0.00000332186868945,0.00000196880387193,0.00000148492119934,0.00000173087903477,0.00000117031709124,9.35398418278e-7,8.88930458132e-7,9.01724718005e-7,8.11700545e-7,7.26743166979e-7,6.60449074985e-7,5.35242861588e-7,4.45221814971e-7,3.4820098449e-7],"dvar":[0.00000319395053339,0.00000702784200257,0.00000115455975447,0.00000145624699144,1.19562969303e-7,8.25183050779e-8,3.46426077158e-7,4.84432518988e-7,9.68817914782e-8,1.4025449957e-7,3.9658278439e-8,1.71277427796e-8,1.45501628523e-8,1.47439402909e-8,6.84653134186e-9,6.21015550095e-9,5.9099178884e-9,1.12974305466e-8,3.05823988356e-9,1.6480471432e-9,4.84330353601e-9,1.89242266302e-9,8.94209817304e-10,5.36205191359e-10,1.2853566822e-10,6.28049071083e-11,1.6178745843e-11,7.10865047382e-12,4.20955588096e-12,3.46592459594e-12,2.71821020553e-12,2.24756823396e-12,1.86117462588e-12,1.45516411421e-12,1.63620983082e-12,1.7635907925e-12,2.2877119036e-12,1.55980664582e-12,9.61679303899e-13,3.51867759105e-13],"dvar2":[0.00000852954144648,0.0000198067082238,0.00000322919458995,0.00000412908184444,3.2854140386e-7,2.14189896042e-7,8.49881814702e-7,0.0000011369393178,1.98799938289e-7,2.95378498549e-7,8.89636808665e-8,3.28817826301e-8,3.43040618134e-8,3.04349221381e-8,1.54613690739e-8,1.40959146577e-8,1.38850761999e-8,2.78600627013e-8,7.26562587872e-9,4.05437328155e-9,1.27618564605e-8,4.93728391504e-9,2.35025998663e-9,1.42769307487e-9,3.40122735532e-10,1.51752679867e-10,3.69741563755e-11,1.82993151882e-11,1.11325072424e-11,9.35045270378e-12,7.09929337539e-12,5.95634175662e-12,4.87889286263e-12,3.51255287877e-12,3.91906732761e-12,3.77417801872e-12,4.32951851453e-12,2.80865782021e-12,1.96841046067e-12,7.2213068858e-13],"max":[0.0162873603404,0.0268961507827,0.0144369453192,0.0152871087193,0.00440027983859,0.00455126911402,0.0169891491532,0.0180151313543,0.0121714044362,0.00980426277965,0.00615342706442,0.00639861263335,0.00326751894318,0.00418816646561,0.00303094368428,0.00275263027288,0.00199095229618,0.00389421009459,0.00125897536054,0.00113814813085,0.00148846174125,0.000883284898009,0.000732178217731,0.000408573047025,0.000362552149454,0.000209188743611,0.000132066619699,0.0000611323048361,0.0000381276804546,0.0000421576078224,0.000031625135307,0.0000422604462074,0.0000265337075689,0.0000212183531403,0.0000531939913344,0.0000456759371446,0.0000831631186884,0.0000555264341529,0.000036448094761,0.0000177843539859],"mean":[0.000676832452882,0.00150611053687,0.00134012999479,0.000864740111865,0.000468087382615,0.000380601530196,0.000401936209528,0.000433612935012,0.000200893176952,0.000241669025854,0.000108351167,0.000102140715171,0.000108689877379,0.0000880978404894,0.0000746668083593,0.0000778346220613,0.000110982553451,0.000147254264448,0.000077510412666,0.0000767636083765,0.000134003072162,0.0000966092338786,0.0000534226855962,0.0000423652818426,0.0000275427883025,0.0000137460156111,0.00000417618730353,0.00000191985350284,0.00000148125627675,0.00000218229229176,0.00000125486064917,8.46526802434e-7,8.1250442463e-7,9.42780786772e-7,8.12098960523e-7,6.98616872796e-7,6.69903158723e-7,5.48851915028e-7,4.31909796816e-7,3.50850882569e-7],"median":[0.000231569283642,0.00098968250677,0.00113587954547,0.000625456799753,0.000351149297785,0.000241733723669,0.000193332976778,0.000132158325869,0.0000751818733988,0.0000845904796734,0.0000340118494933,0.0000427607010351,0.0000482454815938,0.0000358622528438,0.0000426586666435,0.0000471753701277,0.0000778433386586,0.000103331483842,0.0000557273924642,0.0000614216987742,0.000109648033686,0.0000821236390038,0.0000422937046096,0.0000332626295858,0.0000239851269725,0.000010605852367,0.00000226586485041,8.62603599217e-7,8.29072178021e-7,0.00000163099753081,7.19169861441e-7,3.02690949638e-7,2.42493058522e-7,2.95840749232e-7,2.05971403489e-7,1.6805488201e-7,1.56771292836e-7,1.3202325988e-7,8.68900826845e-8,7.6454668374e-8],"min":[7.11026208513e-24,1.48238797005e-24,7.54132802704e-24,2.98728490273e-24,4.56597740652e-24,8.80983213986e-24,3.0451306924e-24,1.10384304614e-23,9.76826658526e-24,8.6241618929e-24,3.14145415881e-24,4.29820093882e-24,4.0792774437e-24,3.01583082066e-24,7.24358746673e-24,4.91292079922e-24,3.29466928762e-24,9.95113006512e-24,6.40063673582e-24,4.9469656693e-24,5.61294492246e-24,8.12499595563e-24,6.64962253675e-24,4.9947556518e-24,9.92496828206e-24,4.5095363809e-24,8.02999816997e-24,5.28609578917e-24,8.20744296427e-24,8.19105832327e-24,5.31687793055e-24,8.57320384501e-24,6.19735477472e-24,8.24981741666e-24,1.0134203382e-23,7.609073035e-24,8.50528449879e-24,9.40512314502e-24,6.52467761898e-24,9.4067134886e-24],"var":[0.00000255575196206,0.00000507588856635,0.00000123534448448,0.00000114253407446,1.74241634454e-7,1.7825718146e-7,5.89201135881e-7,8.6323262849e-7,2.10793118072e-7,2.89120976049e-7,8.06999125302e-8,4.46633059425e-8,3.91521837173e-8,4.51144259728e-8,1.67385234562e-8,1.30977326762e-8,1.60360809076e-8,2.40600215307e-8,6.36609653881e-9,3.86862053503e-9,9.39804234434e-9,4.1379033533e-9,1.84528936575e-9,1.11108156009e-9,2.79634537748e-10,1.36605032841e-10,3.63566780848e-11,9.24251560702e-12,4.44404409106e-12,4.19219563577e-12,3.2773601541e-12,2.6331319937e-12,2.26477387191e-12,2.40897384506e-12,2.6137510125e-12,3.08766250415e-12,4.35801004658e-12,2.87127504932e-12,1.5480175735e-12,6.16165755571e-13]},"melbands_crest":{"dmean":2.70642662048,"dmean2":4.51133012772,"dvar":6.93640136719,"dvar2":18.9006118774,"max":39.4097938538,"mean":11.6911792755,"median":11.0727186203,"min":1.89131140709,"var":17.1104793549},"melbands_flatness_db":{"dmean":0.0189187116921,"dmean2":0.0297591034323,"dvar":0.000393828813685,"dvar2":0.000985832419246,"max":0.452462941408,"mean":0.186597019434,"median":0.184340447187,"min":0.00542229553685,"var":0.00145303818863},"melbands_kurtosis":{"dmean":3.26192831993,"dmean2":5.41632652283,"dvar":225.743667603,"dvar2":556.657104492,"max":1201.23522949,"mean":3.79189991951,"median":1.63409614563,"min":-1.72145020962,"var":350.633148193},"melbands_skewness":{"dmean":0.52796214819,"dmean2":0.857085049152,"dvar":0.536170482635,"dvar2":1.3492115736,"max":31.0225372314,"mean":1.68655598164,"median":1.55860185623,"min":-1.33086752892,"var":1.22481501102},"melbands_spread":{"dmean":7.19950962067,"dmean2":11.705083847,"dvar":51.5785865784,"dvar2":129.464050293,"max":143.359466553,"mean":34.1997108459,"median":34.1256446838,"min":0.590177834034,"var":129.376953125},"mfcc":{"cov":[[4605.53076172,352.391906738,577.83380127,-0.927907407284,125.268424988,38.8632736206,-82.4415283203,92.9959335327,-10.8527650833,213.880172729,11.4186916351,3.82929873466,-32.3414268494],[352.391906738,782.303588867,-342.368499756,184.80128479,43.053691864,-42.8339042664,-12.8181152344,-19.3449459076,18.312166214,-29.8266277313,50.400604248,11.9784984589,-60.7098121643],[577.83380127,-342.368499756,691.917480469,-40.9561386108,88.3950424194,69.1433792114,16.4771671295,79.3763046265,23.9204177856,140.877914429,3.01650857925,22.8018226624,36.4582061768],[-0.927907407284,184.80128479,-40.9561386108,180.141159058,89.9773178101,25.2960758209,4.95784807205,-29.1789855957,26.0579853058,-10.7733716965,26.527929306,12.9926700592,-16.3685665131],[125.268424988,43.053691864,88.3950424194,89.9773178101,176.964935303,49.6553840637,28.0410289764,0.724877357483,24.0723896027,1.12377548218,25.671163559,16.4394836426,-8.81388950348],[38.8632736206,-42.8339042664,69.1433792114,25.2960758209,49.6553840637,96.4109039307,51.546672821,27.7625408173,10.7371206284,2.03746700287,2.30134105682,5.72198820114,3.75270366669],[-82.4415283203,-12.8181152344,16.4771671295,4.95784807205,28.0410289764,51.546672821,99.5344696045,39.8110084534,23.7886734009,-7.54087686539,-4.24279165268,0.714319169521,0.400111019611],[92.9959335327,-19.3449459076,79.3763046265,-29.1789855957,0.724877357483,27.7625408173,39.8110084534,99.4762115479,24.6392841339,43.7713890076,-10.6699228287,-5.64527082443,7.79434108734],[-10.8527650833,18.312166214,23.9204177856,26.0579853058,24.0723896027,10.7371206284,23.7886734009,24.6392841339,72.8248748779,26.9006099701,14.7018795013,-4.19004487991,-10.51649189],[213.880172729,-29.8266277313,140.877914429,-10.7733716965,1.12377548218,2.03746700287,-7.54087686539,43.7713890076,26.9006099701,136.808486938,22.4350833893,9.43467903137,2.2712533474],[11.4186916351,50.400604248,3.01650857925,26.527929306,25.671163559,2.30134105682,-4.24279165268,-10.6699228287,14.7018795013,22.4350833893,66.020111084,24.308380127,-3.55835700035],[3.82929873466,11.9784984589,22.8018226624,12.9926700592,16.4394836426,5.72198820114,0.714319169521,-5.64527082443,-4.19004487991,9.43467903137,24.308380127,58.3108520508,20.8555603027],[-32.3414268494,-60.7098121643,36.4582061768,-16.3685665131,-8.81388950348,3.75270366669,0.400111019611,7.79434108734,-10.51649189,2.2712533474,-3.55835700035,20.8555603027,63.0223426819]],"icov":[[0.00032567686867,-0.000449206214398,-0.000395223469241,0.000436298782006,-0.000179346330697,-0.000337811623467,0.000403183570597,0.0000906145724002,0.000137093476951,-0.000245537492447,0.000256894301856,0.000137368624564,0.0000583977998758],[-0.000449206214398,0.00331905833445,0.00176299305167,-0.00339416926727,0.00014258925512,0.00208012759686,-0.000482204282889,-0.00232144165784,0.000736285699531,0.00016592501197,-0.00147908716463,-0.000981702818535,0.00160979444627],[-0.000395223469241,0.00176299305167,0.00344959273934,-0.000607256195508,-0.00149193627294,-0.000280984735582,0.000284326029941,-0.00134411873296,0.000134746835101,-0.0021299009677,0.000193593368749,-0.000857433245983,-0.000291385687888],[0.000436298782006,-0.00339416926727,-0.000607256195508,0.0127514153719,-0.0044668642804,-0.00423181569204,0.00170312891714,0.00513220671564,-0.0037911972031,-0.000688500585966,0.00134697661269,-0.000196877997951,-0.000867432332598],[-0.000179346330697,0.00014258925512,-0.00149193627294,-0.0044668642804,0.0100986016914,-0.00208296510391,-0.00119406066369,0.00000448695163868,-0.000754918379243,0.00193260284141,-0.00220367778093,-0.000977960298769,0.00129520427436],[-0.000337811623467,0.00208012759686,-0.000280984735582,-0.00423181569204,-0.00208296510391,0.0189534518868,-0.00813447125256,-0.00375468935817,0.00280535500497,0.0011636740528,-0.00167065567803,-0.000333665142534,0.000432260509115],[0.000403183570597,-0.000482204282889,0.000284326029941,0.00170312891714,-0.00119406066369,-0.00813447125256,0.0181405413896,-0.00527308601886,-0.00431027170271,0.00264982995577,0.00132176978514,-0.0015352476621,0.000642551633064],[0.0000906145724002,-0.00232144165784,-0.00134411873296,0.00513220671564,0.00000448695163868,-0.00375468935817,-0.00527308601886,0.0195453893393,-0.00445450376719,-0.00530999572948,0.00462343916297,0.00192082545254,-0.00316538428888],[0.000137093476951,0.000736285699531,0.000134746835101,-0.0037911972031,-0.000754918379243,0.00280535500497,-0.00431027170271,-0.00445450376719,0.020057618618,-0.00281098438427,-0.00442446721718,0.00315248593688,0.00217791157775],[-0.000245537492447,0.00016592501197,-0.0021299009677,-0.000688500585966,0.00193260284141,0.0011636740528,0.00264982995577,-0.00530999572948,-0.00281098438427,0.013033432886,-0.00455484865233,-0.00103340065107,0.00107406056486],[0.000256894301856,-0.00147908716463,0.000193593368749,0.00134697661269,-0.00220367778093,-0.00167065567803,0.00132176978514,0.00462343916297,-0.00442446721718,-0.00455484865233,0.0233068633825,-0.00881879404187,0.00181609543506],[0.000137368624564,-0.000981702818535,-0.000857433245983,-0.000196877997951,-0.000977960298769,-0.000333665142534,-0.0015352476621,0.00192082545254,0.00315248593688,-0.00103340065107,-0.00881879404187,0.0255867987871,-0.00917691085488],[0.0000583977998758,0.00160979444627,-0.000291385687888,-0.000867432332598,0.00129520427436,0.000432260509115,0.000642551633064,-0.00316538428888,0.00217791157775,0.00107406056486,0.00181609543506,-0.00917691085488,0.0213982667774]],"mean":[-624.294067383,141.879440308,-40.3798065186,23.8291778564,26.6329650879,-2.79280662537,-10.602596283,3.25387334824,-3.54694843292,-5.8270816803,0.981870114803,-0.740849614143,-7.07236480713]},"pitch_salience":{"dmean":0.0561398379505,"dmean2":0.0913186147809,"dvar":0.00260707852431,"dvar2":0.00680185621604,"max":0.836761176586,"mean":0.59930574894,"median":0.604775428772,"min":0.0285069551319,"var":0.00802663806826},"silence_rate_20dB":{"dmean":0,"dmean2":0,"dvar":0,"dvar2":0,"max":1,"mean":1,"median":1,"min":1,"var":0},"silence_rate_30dB":{"dmean":0.000473148800666,"dmean2":0.000946353597101,"dvar":0.000472796993563,"dvar2":0.00141812278889,"max":1,"mean":0.999763429165,"median":1,"min":0,"var":0.000236471300013},"silence_rate_60dB":{"dmean":0.000118287200166,"dmean2":0.000236588399275,"dvar":0.000118259224109,"dvar2":0.000236476509599,"max":1,"mean":0.0130108222365,"median":0,"min":0,"var":0.012842014432},"spectral_centroid":{"dmean":181.092254639,"dmean2":295.969390869,"dvar":39502.2148438,"dvar2":92514.0859375,"max":11408.0380859,"mean":1579.09545898,"median":1592.31213379,"min":196.672058105,"var":110518.179688},"spectral_complexity":{"dmean":2.97374033928,"dmean2":4.84686803818,"dvar":6.76060247421,"dvar2":17.0462589264,"max":50,"mean":28.9516239166,"median":30,"min":0,"var":42.4208259583},"spectral_contrast_coeffs":{"dmean":[0.0495488345623,0.0426612794399,0.0347083136439,0.0279446579516,0.0263871680945,0.0167910065502],"dmean2":[0.0827294960618,0.0691679343581,0.0554419644177,0.0461418926716,0.0423969849944,0.0259434673935],"dvar":[0.0017522436101,0.00136444042437,0.000854923098814,0.000486075237859,0.000594198645558,0.000213940686081],"dvar2":[0.00479777017608,0.00354917999357,0.00201195012778,0.00129497423768,0.00140137504786,0.000479612936033],"max":[-0.340975522995,-0.39310619235,-0.423627465963,-0.53302270174,-0.484809368849,-0.63308930397],"mean":[-0.623053967953,-0.687274217606,-0.76430529356,-0.765221834183,-0.687497258186,-0.763760328293],"median":[-0.623193621635,-0.692328155041,-0.777029514313,-0.768469750881,-0.682139277458,-0.765665888786],"min":[-0.974147796631,-0.963485121727,-0.965168714523,-0.967093646526,-0.960416436195,-0.963857889175],"var":[0.00612027524039,0.00512377731502,0.00490547483787,0.00213382276706,0.00273554120213,0.00135138595942]},"spectral_contrast_valleys":{"dmean":[0.434818834066,0.326464146376,0.282267689705,0.208760872483,0.225485727191,0.314747780561],"dmean2":[0.716263532639,0.53274077177,0.460339516401,0.344888925552,0.346258282661,0.406171649694],"dvar":[0.159164622426,0.100807383657,0.0689975097775,0.041829392314,0.0673393979669,0.152367353439],"dvar2":[0.379874885082,0.236944198608,0.156749710441,0.0915748476982,0.135106399655,0.265955537558],"max":[-5.03925991058,-4.29943561554,-5.21186256409,-5.6158747673,-5.84782409668,-7.90548467636],"mean":[-7.22002029419,-6.79302978516,-7.13986825943,-6.90854501724,-7.57365894318,-10.5207920074],"median":[-7.01866674423,-6.66068315506,-7.01139497757,-6.76507329941,-7.47250986099,-10.4420375824],"min":[-27.6034011841,-27.6497783661,-27.5989074707,-27.4023208618,-27.3312358856,-27.3232727051],"var":[1.34751713276,1.21935200691,1.06315648556,1.02711057663,0.975908279419,1.31920933723]},"spectral_decrease":{"dmean":2.4291815226e-9,"dmean2":4.0253183009e-9,"dvar":1.50681701924e-17,"dvar2":3.9627926894e-17,"max":6.66026297074e-29,"mean":-7.34114813383e-9,"median":-6.44122133409e-9,"min":-3.63402357095e-8,"var":1.83813180589e-17},"spectral_energy":{"dmean":0.00959815364331,"dmean2":0.0158270597458,"dvar":0.000228583900025,"dvar2":0.000597351929173,"max":0.141105085611,"mean":0.030198354274,"median":0.026720834896,"min":1.011150993e-20,"var":0.000291070202366},"spectral_energyband_high":{"dmean":0.000209581601666,"dmean2":0.000302110478515,"dvar":2.13285204609e-7,"dvar2":4.65759399049e-7,"max":0.00783870741725,"mean":0.000345431995811,"median":0.00014085706789,"min":7.13198678435e-21,"var":3.18521216514e-7},"spectral_energyband_low":{"dmean":0.00530169950798,"dmean2":0.00909422710538,"dvar":0.00013440514158,"dvar2":0.000362367078196,"max":0.121292792261,"mean":0.00771262077615,"median":0.00547955743968,"min":4.9217296934e-23,"var":0.000108951433504},"spectral_energyband_middle_high":{"dmean":0.00215177913196,"dmean2":0.00336000253446,"dvar":0.00000609309199717,"dvar2":0.0000134890269692,"max":0.070026576519,"mean":0.00999966822565,"median":0.00912292860448,"min":1.31535641738e-21,"var":0.0000251920318988},"spectral_energyband_middle_low":{"dmean":0.00515927141532,"dmean2":0.00853287708014,"dvar":0.0000748130260035,"dvar2":0.000196086519281,"max":0.123671986163,"mean":0.0136372689158,"median":0.0110589433461,"min":2.73666551286e-22,"var":0.000109208769572},"spectral_entropy":{"dmean":0.102903425694,"dmean2":0.146263062954,"dvar":0.0108685949817,"dvar2":0.0196499116719,"max":9.80416965485,"mean":7.44891119003,"median":7.4419093132,"min":5.53317499161,"var":0.111996285617},"spectral_flux":{"dmean":0.0248897317797,"dmean2":0.038499135524,"dvar":0.00105169508606,"dvar2":0.00206621317193,"max":0.322023004293,"mean":0.0885519087315,"median":0.0771424248815,"min":6.55095214186e-11,"var":0.00233048805967},"spectral_kurtosis":{"dmean":2.58016371727,"dmean2":4.45494890213,"dvar":7.25843334198,"dvar2":22.0037078857,"max":33.3691368103,"mean":8.33786201477,"median":7.70805549622,"min":-1.20921099186,"var":12.1431760788},"spectral_rms":{"dmean":0.000768740952481,"dmean2":0.00123660010286,"dvar":0.0000010906899206,"dvar2":0.0000027554767712,"max":0.0117330094799,"mean":0.0052271890454,"median":0.00510579161346,"min":3.14084197019e-12,"var":0.00000213823477679},"spectral_rolloff":{"dmean":335.724914551,"dmean2":579.763977051,"dvar":466764.875,"dvar2":1218905,"max":19422.9492188,"mean":2022.83898926,"median":2196.38671875,"min":21.533203125,"var":601313.5},"spectral_skewness":{"dmean":0.243930786848,"dmean2":0.413000464439,"dvar":0.0525541007519,"dvar2":0.157260477543,"max":4.34150362015,"mean":1.8109588623,"median":1.81061947346,"min":-0.0406332090497,"var":0.10348945111},"spectral_spread":{"dmean":477364.1875,"dmean2":638820.0625,"dvar":502564519936,"dvar2":851960004608,"max":40892488,"mean":3161357,"median":2753862.5,"min":1444655,"var":2492625846270},"spectral_strongpeak":{"dmean":0.646215796471,"dmean2":1.12447524071,"dvar":1.22263836861,"dvar2":3.04046869278,"max":13.5150270462,"mean":1.05694520473,"median":0.485512286425,"min":0,"var":1.766076684},"zerocrossingrate":{"dmean":0.0075062699616,"dmean2":0.00950959976763,"dvar":0.0000951948750298,"dvar2":0.000141403681482,"max":0.5224609375,"mean":0.0651008337736,"median":0.06298828125,"min":0,"var":0.000367810716853}},"metadata":{"audio_properties":{"analysis_sample_rate":44100,"bit_rate":0,"codec":"flac","downmix":"mix","equal_loudness":0,"length":392.600006104,"lossless":true,"md5_encoded":"0ff33363ace5235e07c04c126b59d186","replay_gain":-12.5454788208,"sample_rate":44100},"tags":{"album":["Ecstasy"],"albumartist":["Lou Reed"],"albumartistsort":["Reed, Lou"],"artist":["Lou Reed"],"artistsort":["Reed, Lou"],"asin":["B00004S4P9"],"date":["2000-04-03"],"discnumber":["01"],"disctotal":["01"],"file_name":"14_big_sky.flac","genre":["Rock"],"label":["WEA International"],"language":["English"],"media":["CD"],"musicbrainz_albumartistid":["9d1ebcfe-4c15-4d18-95d3-d919898638a1"],"musicbrainz_albumid":["1d0ae2fd-9a8c-4843-b134-0c7903e73e00"],"musicbrainz_artistid":["9d1ebcfe-4c15-4d18-95d3-d919898638a1"],"musicbrainz_discid":["O4ZM5KDiGQCsFGzS5xXzFh6qSjo-","f_fMHhbIwOcr5SBP95cuAml2egI-","oJE8Eg4ojZgVIfXPGM7mV9jT68Q-"],"musicbrainz_recordingid":["b2b7a134-21b1-436c-ba29-25841a7644b8"],"musicbrainz_releasegroupid":["001c2db4-68d0-34ba-80e0-992628859eba"],"musicip_puid":["0397f839-87f9-90e3-bc57-0e015674ec31"],"releasecountry":["United Kingdom"],"script":["Latin"],"title":["Big Sky"],"tracknumber":["14"],"tracktotal":["14"]},"version":{"essentia":"2.1-beta2","essentia_build_sha":"70f2e5ece6736b2c40cc944ad0e695b16b925413","essentia_git_sha":"v2.1_beta2","extractor":"music 1.0"}},"rhythm":{"beats_count":819,"beats_loudness":{"dmean":0.011721923016,"dmean2":0.0199795439839,"dvar":0.000113207999675,"dvar2":0.000315673532896,"max":0.116366326809,"mean":0.0383630916476,"median":0.0370503291488,"min":3.35308514288e-9,"var":0.000218525034143},"beats_loudness_band_ratio":{"dmean":[0.207365393639,0.118611425161,0.118348173797,0.0644011870027,0.0793448537588,0.030174434185],"dmean2":[0.399449765682,0.218245103955,0.21820576489,0.11390747875,0.139443561435,0.0565293580294],"dvar":[0.0226076580584,0.00699812499806,0.0153321018443,0.00473195454106,0.00400223117322,0.000635336968116],"dvar2":[0.0689351260662,0.0221980493516,0.0448778644204,0.0136047527