{"lowlevel":{"average_loudness":0.371942967176,"barkbands":{"dmean":[0.000630489899777,0.00513079855591,0.00176729611121,0.00142268405762,0.00351788057014,0.00200484646484,0.000775610038545,0.000368387089111,0.000477865454741,0.00036596035352,0.00036829453893,0.000409908825532,0.00032635286334,0.000142960168887,0.0000447870188509,0.0000197945810214,0.0000163877703017,0.0000296349462587,0.00000597403777647,0.00000381060362997,0.00000305665162159,0.00000235943684856,0.00000198055840883,0.00000190166588254,0.00000188206331586,0.00000207855146073,0.0000581734202569],"dmean2":[0.00108748360071,0.00845010671765,0.00294568995014,0.00229564285837,0.00558941112831,0.00318627501838,0.0012610409176,0.000617611396592,0.000790382677224,0.000601573672611,0.000597874226514,0.000678776879795,0.000548098585568,0.000240457753534,0.0000742786724004,0.0000324660686601,0.0000274148642347,0.0000483886287839,0.0000101015584733,0.00000637716948404,0.00000516187628818,0.0000039935625864,0.00000335582876687,0.00000321648872159,0.000003171958042,0.00000345989315065,0.0000883624961716],"dvar":[0.00000193192818188,0.0000931501781452,0.0000098533637356,0.00000656153679301,0.0000497513829032,0.0000223079896386,0.0000056425560615,7.32573369078e-7,8.85162990016e-7,0.00000107461687548,0.00000110378607587,8.5397039129e-7,5.62003720006e-7,2.15384659441e-7,1.08779314445e-8,1.98913530092e-9,2.21974549852e-9,7.58704477022e-9,1.08692665979e-10,3.40436671908e-11,2.2914383932e-11,1.48013042794e-11,1.04364641929e-11,9.5521611454e-12,9.07305740955e-12,1.02449281697e-11,2.4103018248e-8],"dvar2":[0.00000544545082448,0.000235886662267,0.0000254832120845,0.0000151980921146,0.000119397431263,0.0000489651065436,0.0000138163113661,0.00000167307882748,0.0000022111673843,0.00000197037911676,0.00000228452313422,0.00000197423196369,0.00000147433422626,5.50132597255e-7,2.8511077943e-8,4.62194016393e-9,5.54657386687e-9,1.82405131e-8,2.97000146698e-10,8.88887505268e-11,6.06497421729e-11,3.87218659914e-11,2.73244586679e-11,2.49561135646e-11,2.36687457827e-11,2.66551208189e-11,4.90226632621e-8],"max":[0.0437033437192,0.176967874169,0.0710180327296,0.087494648993,0.150648534298,0.171148121357,0.0860317796469,0.0640392899513,0.0403047390282,0.0861371979117,0.0661015063524,0.0569048933685,0.0333977416158,0.0222665946931,0.00372603232972,0.00256543955766,0.00314061576501,0.00701692700386,0.000430800573668,0.000110672670417,0.000069725618232,0.0000429964602517,0.0000382017387892,0.0000339347679983,0.000035653309169,0.0000443970384367,0.0122939031571],"mean":[0.000772660598159,0.00944549031556,0.00295668956824,0.00248559727333,0.00766549026594,0.00415996322408,0.00133128312882,0.000589893956203,0.000887476897333,0.000661212776322,0.000659089069813,0.000792963604908,0.000627071363851,0.000267692783382,0.0000901770763448,0.0000405792525271,0.0000339846519637,0.0000666958076181,0.0000097033325801,0.00000601140072831,0.00000390246259485,0.00000243082149609,0.00000201942452804,0.00000189290688013,0.00000192901234186,0.00000231735680245,0.000175309804035],"median":[0.000191116239876,0.0025182319805,0.0010798687581,0.000883156782947,0.0025376859121,0.00118078384548,0.000450904539321,0.000252715253737,0.00037526327651,0.000271481199889,0.000244502967689,0.000318710226566,0.00022983062081,0.0000822270230856,0.0000290472344204,0.0000128438277898,0.0000107407013274,0.0000181546238309,0.00000422608945883,0.00000278794482256,0.00000185943304132,9.42396241044e-7,7.55715177547e-7,6.65046513859e-7,7.23719324469e-7,0.00000100905299405,0.0000516820909979],"min":[1.69730498855e-25,5.75497143983e-24,7.14518456298e-25,2.46248098604e-24,6.43000208301e-24,8.06939940561e-24,8.36749495333e-24,9.97232991309e-24,1.83555326648e-23,1.77364898466e-23,1.70241168948e-23,2.05467263576e-23,2.23114981328e-23,3.7642713214e-23,4.08487196635e-23,5.58715974159e-23,5.78338289642e-23,9.60035517501e-23,1.16540327416e-22,1.54012634053e-22,2.70707729668e-22,2.58695384944e-22,2.95924419499e-22,5.87635236291e-22,8.80070997323e-22,1.29727123208e-21,1.96648538923e-21],"var":[0.00000402600062444,0.000318220088957,0.0000318912243529,0.0000226790471061,0.000212256869418,0.000147742030094,0.0000157111680892,0.00000199416081159,0.00000303198953588,0.00000317773583447,0.00000316205728268,0.00000257675310422,0.00000137798213018,4.52579030252e-7,2.71191211709e-8,6.07606143177e-9,4.32599689404e-9,1.84284605353e-8,2.18281531739e-10,6.96575644388e-11,3.11473485892e-11,1.62718189617e-11,1.1384650167e-11,1.04246290419e-11,1.01631229474e-11,1.23931516091e-11,1.04052908512e-7]},"barkbands_crest":{"dmean":2.97241258621,"dmean2":4.86613321304,"dvar":7.5524930954,"dvar2":20.0494346619,"max":26.3265857697,"mean":13.5682621002,"median":12.7993402481,"min":2.92979025841,"var":30.6516304016},"barkbands_flatness_db":{"dmean":0.0361985042691,"dmean2":0.0581978410482,"dvar":0.000998003990389,"dvar2":0.0027691188734,"max":0.540813863277,"mean":0.21817727387,"median":0.210133820772,"min":0.0366987213492,"var":0.00402157241479},"barkbands_kurtosis":{"dmean":13.6421661377,"dmean2":22.3025245667,"dvar":754.781311035,"dvar2":1943.32287598,"max":587.805969238,"mean":28.19414711,"median":13.0759277344,"min":-1.85809326172,"var":1988.4630127},"barkbands_skewness":{"dmean":0.919758737087,"dmean2":1.4920156002,"dvar":1.03131151199,"dvar2":2.70438718796,"max":20.4495620728,"mean":3.44420719147,"median":2.74692583084,"min":-2.40312719345,"var":5.49771595001},"barkbands_spread":{"dmean":2.56741166115,"dmean2":4.09284973145,"dvar":8.52486133575,"dvar2":20.5667705536,"max":123.400169373,"mean":9.44093418121,"median":7.3964099884,"min":0.240821659565,"var":70.9014053345},"dissonance":{"dmean":0.0258599054068,"dmean2":0.0442325808108,"dvar":0.000536120554898,"dvar2":0.00149634107947,"max":0.500000178814,"mean":0.454325020313,"median":0.461455523968,"min":0.18275976181,"var":0.00111248414032},"dynamic_complexity":4.64617204666,"erbbands":{"dmean":[0.132442593575,1.24856114388,2.17609024048,3.21228408813,7.42237472534,13.7154636383,18.3005714417,14.90645504,12.3775310516,8.63812541962,7.77588605881,11.3039360046,11.0123405457,12.3871641159,14.2881135941,14.8354673386,14.5535058975,8.26238059998,3.60212159157,1.65824007988,0.947109222412,0.920075893402,1.78096938133,0.672617018223,0.199871376157,0.187336444855,0.140592709184,0.10565045476,0.0859358236194,0.0695936307311,0.0549325086176,0.0419197827578,0.0305598676205,0.0210308674723,0.013411601074,0.00774114346132,0.00391759444028,0.00167999730911,0.000943005143199,0.00307888863608],"dmean2":[0.222261190414,2.05313467979,3.61672353745,5.21128177643,11.7515544891,22.0140514374,29.5656051636,23.6826686859,20.1728839874,14.0274953842,13.0532550812,18.8808937073,18.2148284912,19.7688465118,23.0993499756,24.7047252655,24.3840999603,13.8642625809,5.93516349792,2.73787736893,1.55762887001,1.52317917347,2.91363549232,1.10694611073,0.334396511316,0.315392881632,0.236973106861,0.178562641144,0.145501643419,0.117868706584,0.0930368974805,0.0709549188614,0.0516630373895,0.035494517535,0.0225700885057,0.0129620572552,0.00651513133198,0.0027755650226,0.00144025741611,0.00463207950816],"dvar":[0.0589913092554,5.87140083313,14.3047084808,29.9477233887,201.039749146,1060.88928223,1776.71789551,1637.2520752,1575.12487793,401.656219482,368.029937744,522.845336914,423.057373047,3566.74511719,1269.55883789,994.326660156,1236.26367188,600.407470703,93.0726623535,16.2306194305,4.50178050995,8.46820068359,29.85297966,3.69281673431,0.0987790450454,0.0831316113472,0.0477449595928,0.0288724601269,0.0196338426322,0.0129034267738,0.00803752057254,0.00466489000246,0.00245370506309,0.00114587042481,0.00045578944264,0.000146797217894,0.0000362317623512,0.00000666980713504,0.00000235410016103,0.0000350196787622],"dvar2":[0.163934931159,14.526591301,37.1816558838,70.8659820557,439.592407227,2517.6027832,4221.03759766,3542.93481445,3837.29223633,932.573608398,797.478942871,1321.19689941,1085.54724121,5599.51171875,2795.04614258,2489.09985352,3216.59570312,1547.2142334,231.40788269,41.4946861267,10.4542608261,21.0883598328,72.8168258667,7.95651435852,0.258032292128,0.219597071409,0.126426428556,0.0757641643286,0.0513742901385,0.0337563194335,0.0210441704839,0.0122002009302,0.00640908302739,0.00299050286412,0.00118836073671,0.000382332509616,0.0000942463739193,0.000017246020434,0.00000511214284415,0.0000730906394892],"max":[3.66912198067,46.1642417908,64.7991638184,158.031906128,502.108306885,834.246520996,1155.60375977,1734.8067627,1566.76342773,892.10723877,1577.14282227,1073.46289062,665.452209473,6311.64990234,1552.55761719,1196.52612305,1761.73156738,1294.74304199,619.242370605,177.920227051,131.088119507,201.99987793,480.209533691,197.767425537,7.09956455231,5.11014127731,3.19356679916,2.27088975906,1.59684348106,1.31772351265,1.04101669788,0.754256188869,0.549664318562,0.390117108822,0.258739501238,0.157795742154,0.0851043239236,0.0386548824608,0.0584363788366,0.245390638709],"mean":[0.226565256715,2.24203109741,3.82263970375,6.38497018814,16.8280601501,25.3844642639,33.714012146,31.5075149536,25.6628379822,14.8709888458,13.1186351776,20.1874809265,21.0287857056,24.3038749695,29.1578350067,31.11444664,29.5604305267,16.9015808105,7.83992290497,3.58419752121,2.09380507469,2.10963511467,3.86306810379,1.48128330708,0.334096729755,0.299023509026,0.197769969702,0.120479211211,0.0890607759356,0.0707435980439,0.0560953617096,0.041873279959,0.0304814372212,0.0213286504149,0.0139088425785,0.00826327688992,0.00444736285135,0.00224032951519,0.00317593896762,0.0122224669904],"median":[0.0595968663692,0.583569288254,1.56232559681,2.80857896805,5.20994377136,8.18625831604,10.0893583298,9.00658798218,7.46340084076,6.10737228394,6.1403055191,8.55285263062,9.51715087891,10.0563201904,11.6331644058,12.9912185669,11.1762065887,5.54839229584,2.583111763,1.1529507637,0.688854455948,0.661080062389,1.02296257019,0.495581507683,0.159056454897,0.136086016893,0.0945127606392,0.0544091835618,0.0351066440344,0.0263316482306,0.0210303720087,0.0147512005642,0.0107707940042,0.00782638601959,0.00532422959805,0.00333280814812,0.00198807683773,0.00120611046441,0.00167065602727,0.00692301802337],"min":[1.59671530912e-22,5.73322396463e-22,2.07673123771e-21,1.59926841137e-20,1.20085404206e-20,1.72536708743e-20,5.30401424272e-20,8.062393075e-20,1.147699012e-19,1.11043413766e-19,2.33698323682e-19,4.09307061667e-19,6.43980424496e-19,5.74638959421e-19,8.36725759834e-19,1.23945063517e-18,1.3213465823e-18,1.64915763867e-18,2.81213718397e-18,3.52662663898e-18,3.67169674763e-18,4.17192057459e-18,5.62836560325e-18,5.36510834227e-18,7.93171577976e-18,8.44084213807e-18,8.58514214157e-18,1.14499730053e-17,9.86072991956e-18,1.03670736423e-17,8.43752018073e-18,1.1796850368e-17,9.19966371762e-18,9.37463392387e-18,6.122650687e-18,4.19701888873e-18,2.29718768095e-18,9.51358413676e-19,2.36081353479e-19,2.8004367659e-20],"var":[0.162438496947,20.0277023315,40.7456932068,120.512634277,1331.01293945,3217.2043457,6538.51220703,12069.6689453,9345.79492188,1026.11914062,911.606811523,1561.43591309,1252.17724609,9792.56835938,4272.20214844,3010.25195312,3090.58837891,1423.3157959,228.995162964,45.8734931946,15.2231435776,16.6771373749,62.3567199707,12.4400625229,0.211954623461,0.174299120903,0.0757997706532,0.0339972525835,0.0216231476516,0.0140840923414,0.00877208821476,0.00507420860231,0.00268734828569,0.00127120292746,0.000515607651323,0.000171108171344,0.0000442841046606,0.00000910510607355,0.000016856169168,0.000255011022091]},"erbbands_crest":{"dmean":2.36955332756,"dmean2":3.89325523376,"dvar":5.02919530869,"dvar2":12.9134407043,"max":31.6006755829,"mean":9.1647310257,"median":7.59877109528,"min":2.3766283989,"var":22.7459850311},"erbbands_flatness_db":{"dmean":0.0306406263262,"dmean2":0.0496206246316,"dvar":0.000653140246868,"dvar2":0.0017870045267,"max":0.433309495449,"mean":0.186905860901,"median":0.188651621342,"min":0.0211024004966,"var":0.00329896388575},"erbbands_kurtosis":{"dmean":1.00888419151,"dmean2":1.66518318653,"dvar":1.8683911562,"dvar2":4.71601915359,"max":51.9792289734,"mean":0.719528973103,"median":0.164399623871,"min":-1.71315991879,"var":4.48783397675},"erbbands_skewness":{"dmean":0.38343283534,"dmean2":0.624822378159,"dvar":0.109084695578,"dvar2":0.285000890493,"max":6.30235910416,"mean":0.531601130962,"median":0.456184625626,"min":-2.19902539253,"var":0.60155081749},"erbbands_spread":{"dmean":4.74451541901,"dmean2":7.80445671082,"dvar":26.1196575165,"dvar2":69.8145141602,"max":166.287811279,"mean":23.7506561279,"median":21.4888496399,"min":1.42069292068,"var":149.65826416},"gfcc":{"cov":[[17832.0039062,1842.47595215,-1991.27734375,-1086.4296875,73.9577865601,-640.204223633,-215.380401611,-493.448913574,-217.203292847,-354.408416748,163.982940674,-175.125854492,3.60578632355],[1842.47595215,1116.91577148,-175.388977051,-357.815551758,220.7293396,-201.537811279,76.9586868286,-151.884674072,10.3362007141,-153.11390686,85.7548675537,-71.5930023193,-11.1567707062],[-1991.27734375,-175.388977051,842.618225098,464.427947998,-55.6456108093,322.783050537,73.4875335693,168.677246094,19.4219760895,95.1427230835,-82.1660842896,41.5597305298,-15.6342983246],[-1086.4296875,-357.815551758,464.427947998,522.241577148,-27.4286956787,261.250701904,59.6412963867,176.314422607,29.1619529724,113.90209198,-72.3292694092,32.3099060059,-10.0863494873],[73.9577865601,220.7293396,-55.6456108093,-27.4286956787,253.102645874,-12.7536745071,113.640113831,15.6236467361,62.8608398438,-21.8238201141,45.9168205261,-19.439535141,-0.777736127377],[-640.204223633,-201.537811279,322.783050537,261.250701904,-12.7536745071,245.643875122,68.587600708,130.664459229,26.1443328857,72.9536056519,-43.3250198364,19.843706131,-14.7928781509],[-215.380401611,76.9586868286,73.4875335693,59.6412963867,113.640113831,68.587600708,138.074966431,77.455619812,70.6650085449,23.6851081848,23.5952205658,-1.29878270626,-0.829775154591],[-493.448913574,-151.884674072,168.677246094,176.314422607,15.6236467361,130.664459229,77.455619812,145.175735474,67.8289718628,80.1883621216,-6.9046459198,22.1978816986,-6.91573619843],[-217.203292847,10.3362007141,19.4219760895,29.1619529724,62.8608398438,26.1443328857,70.6650085449,67.8289718628,92.4557723999,57.8443984985,42.0022315979,14.9728975296,7.58997249603],[-354.408416748,-153.11390686,95.1427230835,113.90209198,-21.8238201141,72.9536056519,23.6851081848,80.1883621216,57.8443984985,104.295173645,32.272102356,42.5787124634,10.7052078247],[163.982940674,85.7548675537,-82.1660842896,-72.3292694092,45.9168205261,-43.3250198364,23.5952205658,-6.9046459198,42.0022315979,32.272102356,86.0800018311,38.8855476379,28.9437561035],[-175.125854492,-71.5930023193,41.5597305298,32.3099060059,-19.439535141,19.843706131,-1.29878270626,22.1978816986,14.9728975296,42.5787124634,38.8855476379,61.4338150024,38.7107048035],[3.60578632355,-11.1567707062,-15.6342983246,-10.0863494873,-0.777736127377,-14.7928781509,-0.829775154591,-6.91573619843,7.58997249603,10.7052078247,28.9437561035,38.7107048035,54.5162887573]],"icov":[[0.000118613061204,-0.00032604491571,0.000471059029223,-0.000164076380315,0.000149998144479,-0.000368710927432,0.00019652066112,-0.000189365295228,0.000374508847017,-0.000162615484442,-0.0000429659521615,0.000122786586871,-0.000173360356712],[-0.00032604491571,0.00308263115585,-0.00239345175214,0.00105584191624,-0.000736508343834,0.00159248698037,-0.00122704450041,0.000933587260079,-0.00144006882329,0.003639775794,-0.00437483750284,0.00297484407201,0.000378820404876],[0.000471059029223,-0.00239345175214,0.00551241450012,-0.00270753866062,0.00141848309431,-0.00425720773637,0.000209438032471,0.000976116629317,-0.0000870525254868,-0.00076787173748,0.00370340095833,-0.00479106791317,0.00114973436575],[-0.000164076380315,0.00105584191624,-0.00270753866062,0.00770323397592,-0.00286352774128,-0.000130444735987,-0.000736979942303,-0.00248140306212,0.00393135193735,-0.00721281766891,0.00604673242196,-0.0000894524928299,-0.00180436077062],[0.000149998144479,-0.000736508343834,0.00141848309431,-0.00286352774128,0.0100679462776,-0.00117444596253,-0.0047694654204,0.00101985828951,-0.00479572406039,0.00806463137269,-0.00746102631092,0.0033441556152,0.000268729665549],[-0.000368710927432,0.00159248698037,-0.00425720773637,-0.000130444735987,-0.00117444596253,0.0170692056417,-0.00724417483434,-0.0046497033909,0.00651782285422,-0.00621742988005,0.00537451077253,-0.00287501979619,0.00252160872333],[0.00019652066112,-0.00122704450041,0.000209438032471,-0.000736979942303,-0.0047694654204,-0.00724417483434,0.0278147533536,-0.0126003278419,-0.00920970458537,0.0121176736429,-0.0121915508062,0.0104240728542,-0.00557566108182],[-0.000189365295228,0.000933587260079,0.000976116629317,-0.00248140306212,0.00101985828951,-0.0046497033909,-0.0126003278419,0.0381494536996,-0.0183146838099,-0.00956900790334,0.0193552728742,-0.019296426326,0.0112797152251],[0.000374508847017,-0.00144006882329,-0.0000870525254868,0.00393135193735,-0.00479572406039,0.00651782285422,-0.00920970458537,-0.0183146838099,0.0509311109781,-0.026338448748,-0.00884428806603,0.0182973220944,-0.0105961253867],[-0.000162615484442,0.003639775794,-0.00076787173748,-0.00721281766891,0.00806463137269,-0.00621742988005,0.0121176736429,-0.00956900790334,-0.026338448748,0.0580690279603,-0.032243154943,-0.00148932880256,0.00703960377723],[-0.0000429659521615,-0.00437483750284,0.00370340095833,0.00604673242196,-0.00746102631092,0.00537451077253,-0.0121915508062,0.0193552728742,-0.00884428806603,-0.032243154943,0.0716601237655,-0.0488561876118,0.0091187171638],[0.000122786586871,0.00297484407201,-0.00479106791317,-0.0000894524928299,0.0033441556152,-0.00287501979619,0.0104240728542,-0.019296426326,0.0182973220944,-0.00148932880256,-0.0488561876118,0.0860302448273,-0.0412157736719],[-0.000173360356712,0.000378820404876,0.00114973436575,-0.00180436077062,0.000268729665549,0.00252160872333,-0.00557566108182,0.0112797152251,-0.0105961253867,0.00703960377723,0.0091187171638,-0.0412157736719,0.0449800416827]],"mean":[-82.0867538452,137.586578369,-67.4141769409,-24.1227817535,-16.4058322906,-6.08071565628,-11.9270048141,-14.9009237289,-13.9323768616,-14.1037397385,3.1946041584,-4.98506307602,-3.70158791542]},"hfc":{"dmean":36.7010383606,"dmean2":57.1036872864,"dvar":2870.74462891,"dvar2":6853.39208984,"max":1404.53051758,"mean":128.087921143,"median":98.3513336182,"min":1.07010542666e-16,"var":16362.5292969},"melbands":{"dmean":[0.00131496076938,0.00130425323732,0.00062772835372,0.000739684328437,0.000627393426839,0.000340725324349,0.000180126866326,0.0000892894458957,0.0000630165814073,0.0000751816551201,0.0000561385168112,0.000051301682106,0.0000502220318594,0.0000489033045596,0.0000409085478168,0.0000299129405903,0.0000155262914632,0.00000710011363481,0.00000296779626296,0.0000016215388996,0.00000118767013646,9.57493853093e-7,0.00000140305701279,0.00000157393037625,5.3517771903e-7,1.5563659872e-7,1.36849294563e-7,1.22561232274e-7,9.38582758181e-8,7.47981090399e-8,5.80961092567e-8,4.97752665751e-8,4.28062847391e-8,3.70365782487e-8,3.21686925986e-8,2.81181939954e-8,2.46299443063e-8,2.17078586218e-8,1.92574169944e-8,1.72100378393e-8],"dmean2":[0.00216187583283,0.00214132387191,0.00100044824649,0.00118067616131,0.00101371691562,0.000540259294212,0.000292199110845,0.000146145932376,0.000105869185063,0.000125109378132,0.000093114504125,0.0000822670917842,0.0000814470622572,0.0000810382407508,0.0000698000658303,0.0000501374124724,0.000026355166483,0.0000117468498502,0.00000494639289172,0.00000266728284259,0.00000197302711058,0.00000159396267918,0.00000232292836699,0.00000257770898315,8.92643129191e-7,2.62741650658e-7,2.29860688705e-7,2.07113799888e-7,1.58762816227e-7,1.26430904857e-7,9.83700161328e-8,8.43243341819e-8,7.24699376065e-8,6.27661904673e-8,5.45142455621e-8,4.75877612871e-8,4.16848031648e-8,3.67060124518e-8,3.25311582117e-8,2.90355739452e-8],"dvar":[0.00000581052563575,0.00000532772128281,0.00000101286741483,0.00000238705706579,0.0000019505612272,7.59852468946e-7,3.03392056367e-7,4.12756406831e-8,2.3659575632e-8,2.24618013078e-8,1.10006093124e-8,5.62137181248e-8,1.74349725768e-8,1.33831639104e-8,8.6129761101e-9,5.66924551748e-9,2.57351562283e-9,4.4999629023e-10,4.93372044608e-11,1.48682333806e-11,7.61983271619e-12,1.20482079174e-11,1.38825739099e-11,2.284667594e-11,2.50974956963e-12,6.02438292394e-14,4.63362055431e-14,3.60189512222e-14,2.16507601371e-14,1.34612737556e-14,8.91826082384e-15,6.55030271628e-15,4.88205608007e-15,3.64931312775e-15,2.7582590312e-15,2.10275865628e-15,1.60815663662e-15,1.24014813786e-15,9.68173164151e-16,7.6519987661e-16],"dvar2":[0.0000152404127221,0.0000135061163746,0.00000233441141972,0.00000558781766813,0.00000478056335851,0.00000164934238001,7.2620764513e-7,9.79709042781e-8,5.47262146711e-8,5.67111264616e-8,2.82644396776e-8,8.85402613449e-8,3.75976512146e-8,3.05585459159e-8,2.35143620131e-8,1.47964112074e-8,6.73451516775e-9,1.12675535568e-9,1.29997707043e-10,3.6438775608e-11,1.86620649489e-11,3.02813850384e-11,3.70494121493e-11,5.46562205217e-11,5.38414451912e-12,1.62186656791e-13,1.20887647765e-13,9.58437227695e-14,5.7648879431e-14,3.5489603064e-14,2.33659713621e-14,1.71379905167e-14,1.27825521842e-14,9.54607995028e-15,7.22077206919e-15,5.51075569726e-15,4.20265264714e-15,3.23942880238e-15,2.52790778592e-15,1.99680415194e-15],"max":[0.0428757183254,0.0433619469404,0.0288412235677,0.041860461235,0.0397109165788,0.0369739979506,0.0202807281166,0.00849499180913,0.0105244461447,0.00627395184711,0.00377892632969,0.0248073190451,0.00558228464797,0.00773468846455,0.00323015381582,0.00396208325401,0.0028698949609,0.00154875975568,0.000263794587227,0.000165888253832,0.00011913250637,0.000277871789876,0.00020551776106,0.000429471314419,0.000171383362613,0.0000039146079871,0.0000052000505093,0.00000349386618836,0.00000299551152239,0.00000183103577456,0.00000115342299978,9.13614201181e-7,7.80579739512e-7,7.23030041172e-7,6.17946000148e-7,5.15365968567e-7,4.37437194023e-7,3.88691660191e-7,3.51467207338e-7,3.20913585483e-7],"mean":[0.00245118606836,0.0024605426006,0.00138038920704,0.00156032154337,0.00118577352259,0.000730177096557,0.000374613358872,0.000151126980199,0.000103961268906,0.000132714805659,0.000104130929685,0.0000962867197813,0.000096233045042,0.0000916612843866,0.000076151205576,0.000055521431932,0.0000283993522316,0.000013754610336,0.00000594930952502,0.00000320342519444,0.0000023102029445,0.00000191608978639,0.00000308910534841,0.00000326053805111,0.00000100609327092,2.25819135835e-7,2.07337237157e-7,1.8974287741e-7,1.30427977751e-7,9.37104331911e-8,6.16187563196e-8,5.16569329534e-8,4.3354663859e-8,3.7610476511e-8,3.28602105526e-8,2.84983023846e-8,2.44135343053e-8,2.15752518073e-8,1.93328482112e-8,1.74882757165e-8],"median":[0.000664715538733,0.000950662593823,0.000597591628321,0.000492781749927,0.000366063672118,0.000207739401958,0.000111154571641,0.0000626101245871,0.0000474397202197,0.0000545525108464,0.0000454078763141,0.0000382770922442,0.0000368613473256,0.0000360806952813,0.0000290797888738,0.0000193711202883,0.00000877467391547,0.00000435588208347,0.00000194289123101,0.00000101703358268,7.32854459784e-7,6.13411145878e-7,8.29028294902e-7,8.69653831614e-7,3.43822364357e-7,1.06734987071e-7,9.56545420649e-8,8.53594173122e-8,6.14020905232e-8,4.38998881691e-8,2.53264857975e-8,2.03945624833e-8,1.62255950897e-8,1.39700002677e-8,1.23202870128e-8,1.04210595708e-8,8.46432612889e-9,7.55511386785e-9,6.92369628297e-9,6.43726316696e-9],"min":[2.06661263721e-24,1.27459135799e-24,2.68042353263e-24,9.1877475922e-25,2.42053291297e-24,1.80536182414e-24,1.68497021152e-24,1.22285707096e-24,2.13324653458e-24,2.20644296583e-24,2.66127669517e-24,1.85812143313e-24,2.5311237177e-24,1.89800663493e-24,3.05215175168e-24,2.48932395049e-24,2.30708978442e-24,2.54676327958e-24,3.63745420005e-24,3.69658169148e-24,4.04357162697e-24,3.89365413396e-24,3.27895833383e-24,4.51108925359e-24,3.13097493054e-24,4.22070087691e-24,4.48327086263e-24,4.48248436831e-24,4.09234492459e-24,5.31408299636e-24,6.43744892996e-24,4.44259246119e-24,5.18059274284e-24,5.83494379182e-24,4.43919720386e-24,5.64548622366e-24,5.88806686847e-24,6.03874995099e-24,6.4135874653e-24,7.06340611395e-24],"var":[0.000019630722818,0.0000169961058418,0.00000485583586851,0.00000971601639321,0.00000748807633499,0.00000610654160482,0.00000188913634247,1.08355742157e-7,5.40581908126e-8,7.35396383789e-8,3.34267014068e-8,1.55982974093e-7,5.77265559798e-8,4.01772339842e-8,2.02464427446e-8,1.24389449851e-8,5.35044808458e-9,8.71348160292e-10,1.20886509136e-10,4.07958319903e-11,2.06472425962e-11,1.76698499582e-11,3.40487499306e-11,4.72566118181e-11,7.81647576525e-12,1.00430826307e-13,8.66503456444e-14,7.20290797493e-14,3.42434752971e-14,1.82551100836e-14,9.95582705632e-15,7.23149974147e-15,5.3236202847e-15,3.98070672155e-15,3.01010903147e-15,2.28840540843e-15,1.74885569131e-15,1.35576358235e-15,1.06630722505e-15,8.50828872468e-16]},"melbands_crest":{"dmean":3.52999329567,"dmean2":5.78818655014,"dvar":10.3269844055,"dvar2":27.9999351501,"max":38.0051727295,"mean":17.6662654877,"median":17.1759281158,"min":1.0001847744,"var":44.030582428},"melbands_flatness_db":{"dmean":0.0443534702063,"dmean2":0.0714252516627,"dvar":0.00142213131767,"dvar2":0.0039507006295,"max":0.706685841084,"mean":0.347595691681,"median":0.34247469902,"min":3.45146347058e-8,"var":0.00612016906962},"melbands_kurtosis":{"dmean":11.7071771622,"dmean2":19.1290092468,"dvar":532.092041016,"dvar2":1401.93530273,"max":832.796508789,"mean":25.7159881592,"median":10.3209476471,"min":-1.73605406284,"var":1908.328125},"melbands_skewness":{"dmean":0.827645123005,"dmean2":1.34254610538,"dvar":0.738342642784,"dvar2":1.96776151657,"max":21.4536724091,"mean":3.25873422623,"median":2.69591236115,"min":-1.62239813805,"var":4.93184041977},"melbands_spread":{"dmean":2.45721292496,"dmean2":3.97731184959,"dvar":9.32637405396,"dvar2":23.4895153046,"max":183.317382812,"mean":8.79754924774,"median":6.18791484833,"min":0.119332760572,"var":146.872024536},"mfcc":{"cov":[[9870.48242188,2030.69152832,-1584.27978516,-397.872528076,-234.394744873,-252.363189697,-177.208358765,-186.447647095,-356.379364014,-267.379516602,-64.9744033813,-13.5008077621,-226.185012817],[2030.69152832,1828.64367676,-477.773071289,-193.264358521,-1.58109760284,-89.5401077271,9.99671173096,-15.0713634491,-156.484680176,-120.062149048,8.87165737152,6.81200790405,-123.07434082],[-1584.27978516,-477.773071289,938.624938965,225.045257568,89.7470703125,182.119033813,101.398193359,104.866241455,144.174926758,100.184921265,25.7951221466,-5.88324403763,76.9311523438],[-397.872528076,-193.264358521,225.045257568,216.137466431,85.7985839844,79.7275466919,62.4581832886,58.0605812073,82.1035995483,66.8617248535,23.0426559448,21.227848053,40.4378089905],[-234.394744873,-1.58109760284,89.7470703125,85.7985839844,101.023536682,64.5535430908,50.1180953979,46.7022247314,45.0867156982,33.9315223694,24.3902168274,16.7291297913,13.7417764664],[-252.363189697,-89.5401077271,182.119033813,79.7275466919,64.5535430908,100.649047852,69.3822631836,55.133102417,58.1574363708,43.9712104797,22.2698364258,13.4249897003,24.5220603943],[-177.208358765,9.99671173096,101.398193359,62.4581832886,50.1180953979,69.3822631836,85.0255355835,68.6813354492,54.2280235291,41.3553581238,27.3590393066,19.5026416779,18.7873630524],[-186.447647095,-15.0713634491,104.866241455,58.0605812073,46.7022247314,55.133102417,68.6813354492,83.8577041626,71.9094924927,47.165397644,31.0647125244,20.5933551788,19.2376499176],[-356.379364014,-156.484680176,144.174926758,82.1035995483,45.0867156982,58.1574363708,54.2280235291,71.9094924927,100.359718323,77.0602722168,36.2056541443,25.3396091461,35.1838531494],[-267.379516602,-120.062149048,100.184921265,66.8617248535,33.9315223694,43.9712104797,41.3553581238,47.165397644,77.0602722168,81.465927124,50.178943634,31.5014419556,34.8352127075],[-64.9744033813,8.87165737152,25.7951221466,23.0426559448,24.3902168274,22.2698364258,27.3590393066,31.0647125244,36.2056541443,50.178943634,60.5925445557,45.7481002808,26.9292163849],[-13.5008077621,6.81200790405,-5.88324403763,21.227848053,16.7291297913,13.4249897003,19.5026416779,20.5933551788,25.3396091461,31.5014419556,45.7481002808,57.4253234863,43.6190605164],[-226.185012817,-123.07434082,76.9311523438,40.4378089905,13.7417764664,24.5220603943,18.7873630524,19.2376499176,35.1838531494,34.8352127075,26.9292163849,43.6190605164,67.833442688]],"icov":[[0.00019283372967,-0.000174943430466,0.000340005324688,-0.000324135558913,0.000746818899643,-0.00106800848152,0.000967219239101,-0.000701192824636,0.000523398281075,-0.000181245675776,0.000142732285894,-0.000230572914006,0.000212175669731],[-0.000174943430466,0.00116957759019,-0.000364307896234,0.00089484162163,-0.00156838190742,0.00183838163503,-0.00155632884707,-0.00181420275476,0.00354907033034,-0.00199588155374,0.00191668933257,-0.00327294436283,0.00254495674744],[0.000340005324688,-0.000364307896234,0.00330161605962,-0.00261804275215,0.00335870007984,-0.00607264041901,0.00260724197142,0.000378593365895,-0.00485780788586,0.00760108185932,-0.00921356491745,0.0101939961314,-0.00530677288771],[-0.000324135558913,0.00089484162163,-0.00261804275215,0.0123062459752,-0.00943067204207,0.00428195670247,-0.00341136008501,-0.00141867168713,0.00675982655957,-0.0170693490654,0.0187806449831,-0.0134737202898,0.00435336306691],[0.000746818899643,-0.00156838190742,0.00335870007984,-0.00943067204207,0.0271948762238,-0.0182157345116,0.00704318005592,-0.00312782591209,-0.00685441447422,0.0138992369175,-0.0153993442655,0.00759809138253,-0.000885376124643],[-0.00106800848152,0.00183838163503,-0.00607264041901,0.00428195670247,-0.0182157345116,0.0493618510664,-0.0387035161257,0.0226486120373,-0.0167295411229,0.00905730482191,-0.00539397029206,0.00490270927548,-0.00273455074057],[0.000967219239101,-0.00155632884707,0.00260724197142,-0.00341136008501,0.00704318005592,-0.0387035161257,0.0809534937143,-0.0759828984737,0.0617035143077,-0.0560823865235,0.0422598011792,-0.0288242269307,0.00972480326891],[-0.000701192824636,-0.00181420275476,0.000378593365895,-0.00141867168713,-0.00312782591209,0.0226486120373,-0.0759828984737,0.136885091662,-0.139694333076,0.121569961309,-0.0973966047168,0.0619790256023,-0.0217069927603],[0.000523398281075,0.00354907033034,-0.00485780788586,0.00675982655957,-0.00685441447422,-0.0167295411229,0.0617035143077,-0.139694333076,0.209200188518,-0.200491145253,0.152939766645,-0.102009996772,0.0389607585967],[-0.000181245675776,-0.00199588155374,0.00760108185932,-0.0170693490654,0.0138992369175,0.00905730482191,-0.0560823865235,0.121569961309,-0.200491145253,0.25040730834,-0.208431169391,0.138006910682,-0.0583063289523],[0.000142732285894,0.00191668933257,-0.00921356491745,0.0187806449831,-0.0153993442655,-0.00539397029206,0.0422598011792,-0.0973966047168,0.152939766645,-0.208431169391,0.23496080935,-0.177227020264,0.07259041816],[-0.000230572914006,-0.00327294436283,0.0101939961314,-0.0134737202898,0.00759809138253,0.00490270927548,-0.0288242269307,0.0619790256023,-0.102009996772,0.138006910682,-0.177227020264,0.188150793314,-0.0917329639196],[0.000212175669731,0.00254495674744,-0.00530677288771,0.00435336306691,-0.000885376124643,-0.00273455074057,0.00972480326891,-0.0217069927603,0.0389607585967,-0.0583063289523,0.07259041816,-0.0917329639196,0.0680249035358]],"mean":[-749.505249023,203.917007446,6.25285005569,5.68730974197,8.88186645508,9.08902072906,10.3503799438,5.67951536179,-7.81377410889,-6.67029571533,2.00679254532,2.29711127281,-5.83886051178]},"pitch_salience":{"dmean":0.0840084776282,"dmean2":0.13676327467,"dvar":0.00544115621597,"dvar2":0.0146702416241,"max":0.996097683907,"mean":0.504940330982,"median":0.534510612488,"min":0.0585056692362,"var":0.0276912059635},"silence_rate_20dB":{"dmean":0,"dmean2":0,"dvar":0,"dvar2":0,"max":1,"mean":1,"median":1,"min":1,"var":0},"silence_rate_30dB":{"dmean":0.0167550016195,"dmean2":0.0335119105875,"dvar":0.0164723396301,"dvar2":0.0394534543157,"max":1,"mean":0.962274909019,"median":1,"min":0,"var":0.0363024547696},"silence_rate_60dB":{"dmean":0.00581295927987,"dmean2":0.0116265816614,"dvar":0.00577765749767,"dvar2":0.0138871027157,"max":1,"mean":0.0832573547959,"median":0,"min":0,"var":0.0763499066234},"spectral_centroid":{"dmean":83.1134338379,"dmean2":134.032287598,"dvar":13567.8242188,"dvar2":30335.2148438,"max":11944.3046875,"mean":524.782653809,"median":432.694091797,"min":109.11643219,"var":513577.3125},"spectral_complexity":{"dmean":1.97845780849,"dmean2":3.31049823761,"dvar":3.08167624474,"dvar2":8.17959976196,"max":36,"mean":13.2217912674,"median":14,"min":0,"var":49.4686737061},"spectral_contrast_coeffs":{"dmean":[0.0535325855017,0.048874232918,0.0332656875253,0.032923668623,0.0343689136207,0.016404170543],"dmean2":[0.0892563089728,0.0823919028044,0.0565487667918,0.0559277608991,0.0573185607791,0.0272715315223],"dvar":[0.00185546511784,0.00151379872113,0.000672213325743,0.000681262521539,0.000812654092442,0.00030261912616],"dvar2":[0.00509611144662,0.00426786439493,0.0019472388085,0.00194054970052,0.00219312100671,0.00083015661221],"max":[-0.210571303964,-0.312599807978,-0.537261843681,-0.608336091042,-0.66705095768,-0.663066327572],"mean":[-0.644748032093,-0.766941964626,-0.825575530529,-0.80779504776,-0.84196138382,-0.85299962759],"median":[-0.65762925148,-0.775878310204,-0.82928866148,-0.798154234886,-0.835604429245,-0.855434656143],"min":[-0.978877961636,-0.997198700905,-0.998613357544,-0.988098442554,-0.987519443035,-0.964840948582],"var":[0.0145967919379,0.00674857199192,0.00261752679944,0.00326590240002,0.00435045966879,0.000715444039088]},"spectral_contrast_valleys":{"dmean":[0.407960623503,0.372344732285,0.289527237415,0.326117515564,0.532001197338,0.717240035534],"dmean2":[0.688915371895,0.624234259129,0.484900176525,0.536501169205,0.872979104519,1.15883934498],"dvar":[0.107612557709,0.0956790149212,0.0654463618994,0.116817347705,0.251650005579,0.339755743742],"dvar2":[0.292005091906,0.255886465311,0.172555819154,0.312958329916,0.694310724735,0.96602922678],"max":[-5.02036046982,-4.70949697495,-5.03106975555,-6.04884386063,-6.91956424713,-9.26899909973],"mean":[-7.1457362175,-6.77893686295,-7.14384317398,-8.19509601593,-8.97222232819,-11.5017766953],"median":[-6.82121276855,-6.43705940247,-6.7918806076,-7.9128370285,-8.68879413605,-11.3226089478],"min":[-28.058057785,-28.3307266235,-27.6785907745,-27.8547229767,-27.574054718,-27.3659610748],"var":[2.99892091751,3.20198631287,3.27893805504,3.01844406128,2.54847025871,2.13447141647]},"spectral_decrease":{"dmean":2.55948173766e-9,"dmean2":4.10745215618e-9,"dvar":1.07057503364e-17,"dvar2":2.76367742817e-17,"max":1.35092470543e-8,"mean":-7.26162641129e-9,"median":-5.75215786114e-9,"min":-5.20229050949e-8,"var":4.74523242611e-17},"spectral_energy":{"dmean":0.0100270733237,"dmean2":0.0159910097718,"dvar":0.000159753675689,"dvar2":0.000402953184675,"max":0.22475926578,"mean":0.0390247739851,"median":0.0337395220995,"min":1.01010667748e-20,"var":0.00100007746369},"spectral_energyband_high":{"dmean":0.0000315034121741,"dmean2":0.0000495338172186,"dvar":3.00750224724e-9,"dvar2":6.84305456744e-9,"max":0.00158182147425,"mean":0.0000824421149446,"median":0.0000334784781444,"min":7.01929231162e-21,"var":1.55425095016e-8},"spectral_energyband_low":{"dmean":0.00644711451605,"dmean2":0.0105355950072,"dvar":0.000114279253467,"dvar2":0.000294952071272,"max":0.188303440809,"mean":0.014147348702,"median":0.0067490004003,"min":1.81370166163e-23,"var":0.000420784024755},"spectral_energyband_middle_high":{"dmean":0.000951617839746,"dmean2":0.00148783612531,"dvar":0.00000452754557045,"dvar2":0.00000861915486894,"max":0.161410853267,"mean":0.00316381826997,"median":0.00141157535836,"min":1.25247312131e-21,"var":0.0000255457325693},"spectral_energyband_middle_low":{"dmean":0.00577042857185,"dmean2":0.00912625622004,"dvar":0.0000779734400567,"dvar2":0.000188435456948,"max":0.193959146738,"mean":0.0173050668091,"median":0.0105329649523,"min":1.31933666872e-22,"var":0.000468045007437},"spectral_entropy":{"dmean":0.291888684034,"dmean2":0.475604921579,"dvar":0.0738611966372,"dvar2":0.200944647193,"max":9.8201713562,"mean":6.85430383682,"median":6.88556575775,"min":4.47469329834,"var":0.299037635326},"spectral_flux":{"dmean":0.0189081635326,"dmean2":0.031524579972,"dvar":0.000439990166342,"dvar2":0.00122879934497,"max":0.331460773945,"mean":0.086992457509,"median":0.0852154791355,"min":6.42598058098e-11,"var":0.00215121521614},"spectral_kurtosis":{"dmean":15.5913848877,"dmean2":25.531835556,"dvar":247.186782837,"dvar2":681.647766113,"max":176.501876831,"mean":36.3268203735,"median":33.5366249084,"min":-1.26841974258,"var":500.160583496},"spectral_rms":{"dmean":0.000761543982662,"dmean2":0.00121789763216,"dvar":6.39604365915e-7,"dvar2":0.00000168487144947,"max":0.0148080158979,"mean":0.00559535436332,"median":0.00573729909956,"min":3.13921957006e-12,"var":0.00000676486752127},"spectral_rolloff":{"dmean":4901.06152344,"dmean2":9609.06152344,"dvar":70689208,"dvar2":173420800,"max":22050,"mean":9254.91503906,"median":1378.125,"min":43.06640625,"var":102941464},"spectral_skewness":{"dmean":0.96082419157,"dmean2":1.57298922539,"dvar":0.788101017475,"dvar2":2.19721460342,"max":10.9845552444,"mean":4.4134054184,"median":4.43424987793,"min":-0.0958668142557,"var":1.9476377964},"spectral_spread":{"dmean":764376.4375,"dmean2":1255105.25,"dvar":589215039488,"dvar2":1529028804610,"max":42404888,"mean":3417173.75,"median":2887072,"min":1013531.75,"var":7431362969600},"spectral_strongpeak":{"dmean":3.58129525185,"dmean2":6.64269828796,"dvar":231.096252441,"dvar2":626.760253906,"max":223.885238647,"mean":3.67599916458,"median":0.485045492649,"min":0,"var":257.704467773},"zerocrossingrate":{"dmean":0.0404937006533,"dmean2":0.0523975379765,"dvar":0.0015765799908,"dvar2":0.00262182066217,"max":0.96728515625,"mean":0.229486837983,"median":0.2119140625,"min":0.0068359375,"var":0.0153451422229}},"metadata":{"audio_properties":{"analysis_sample_rate":44100,"bit_rate":193222,"codec":"mp3","downmix":"mix","equal_loudness":0,"length":407.432922363,"lossless":false,"md5_encoded":"e4e0769034e84a30c5b6660f47220e63","replay_gain":0.0647239685059,"sample_rate":44100},"tags":{"album":["The Chicago Transit Authority"],"albumartist":["Chicago Transit Authority"],"albumartistsort":["Chicago Transit Authority"],"artist":["Chicago Transit Authority"],"date":["2002"],"file_name":"07 - Chicago Transit Authority - Free Form Guitar.mp3","genre":["Jazz Fusion","Blues Rock","Jazz","Rock","Fusion","rock","Blues","Hard Rock","Progressive Rock","Classic Rock"],"musicbrainz_albumid":["c0438de8-91c5-43fe-9019-e860870e3a6a"],"musicbrainz_artistid":["f1478a31-c0ac-41be-97a7-f8700b4c4a0e"],"musicbrainz_recordingid":["b2ba50d4-bcf9-4828-9eb4-28ae171b7a51"],"title":["Free Form Guitar"],"tracknumber":["7/12"]},"version":{"essentia":"2.1-beta1","essentia_build_sha":"ca57ba49d9b1854bd80e60cf9ccf267278fb7d6b","essentia_git_sha":"v2.1_beta1-28-g21ef5f4-dirty","extractor":"music 1.0"}},"rhythm":{"beats_count":818,"beats_loudness":{"dmean":0.0172227527946,"dmean2":0.0294084381312,"dvar":0.00050942983944,"dvar2":0.00135714909993,"max":0.191118210554,"mean":0.0389869511127,"median":0.0337361134589,"min":0,"var":0.00100112112705},"beats_loudness_band_ratio":{"dmean":[0.182158693671,0.150643229485,0.0576300173998,0.0489979311824,0.0068298545666,0.0834331139922],"dmean2":[0.304298013449,0.255006253719,0.0970789566636,0.0850554257631,0.0118094030768,0.145255044103],"dvar":[0.0262220259756,0.0236528553069,0.00594943901524,0.00512478966266,0.00018016595277,0.00718273362145],"dvar2":[0.0686256885529,0.0616405531764,0.015718979761,0.0142254559323,0.000512126309332,0.0206199064851],"max":[0.968563735485,0.961479663849,0.694166719913,0.507667422295,0.202756673098,0.816590547562],"mean":[0.460664927959,0.260354936123,0.0777183026075,0.0712054222822,0.00859138742089,0.155148163438],"median":[0.460111498833,0.174652114511,0.0