{"lowlevel":{"average_loudness":0.867379665375,"barkbands":{"dmean":[0.00370033853687,0.00842634774745,0.00260506547056,0.00091605563648,0.00117167085409,0.00185038452037,0.000700441480149,0.000613138545305,0.00101853813976,0.00050744676264,0.000332440249622,0.000326676701661,0.000231282363529,0.000151658547111,0.000180080358405,0.000172174652107,0.000163498101756,0.000185964250704,0.000169527469552,0.000106115119706,0.0000712661130819,0.000043076754082,0.0000183742176887,0.00000912195901037,0.00000175111642875,0.0000114371459858,0.000131842301926],"dmean2":[0.00589133007452,0.0138621637598,0.00458414526656,0.00153785711154,0.0018822363345,0.00287381233647,0.00114528345875,0.00096675491659,0.00162552192342,0.000822237576358,0.000548669020645,0.000512953498401,0.000382973812521,0.000251202931395,0.00028792602825,0.000263957044808,0.000258919433691,0.000298672181088,0.000251220015343,0.000147329774336,0.0000967658270383,0.0000595438941673,0.000025482433557,0.000013130123989,0.00000287928060061,0.0000157392678375,0.000184079137398],"dvar":[0.000101622383227,0.000226447285968,0.000020025358026,0.00000218200830204,0.00000537643927601,0.0000256184684986,0.00000418153285864,0.00000351579683411,0.0000104089176602,0.00000211442807085,8.09167204352e-7,4.70222573767e-7,2.15529610159e-7,1.70362085328e-7,2.34408219058e-7,3.03587256667e-7,2.4691780709e-7,3.13339228342e-7,2.65804857236e-7,9.46221732079e-8,3.29407292554e-8,1.79426908886e-8,1.99757232977e-9,5.33189881136e-10,1.32366357458e-11,8.23472234845e-10,1.09025876327e-7],"dvar2":[0.000235974250245,0.000571159063838,0.0000586593523622,0.00000568916402699,0.0000125080632642,0.0000597827711317,0.0000102212306956,0.00000736728361517,0.0000258240324911,0.00000554010284759,0.00000214393435272,0.00000104140121948,5.50148115508e-7,4.35095216744e-7,5.7373938489e-7,6.83432745063e-7,5.74511830109e-7,7.46429577703e-7,5.3667776001e-7,1.76297291432e-7,5.93116595837e-8,3.69385730892e-8,3.8839567118e-9,1.11398035241e-9,3.13541172192e-11,1.52767853923e-9,2.16448441392e-7],"max":[0.123233407736,0.182224288583,0.0703199207783,0.0204116217792,0.0814608186483,0.144015833735,0.050826869905,0.0408664233983,0.065869666636,0.0325910076499,0.0193268544972,0.0132983317599,0.00767437554896,0.00766894966364,0.00781137309968,0.0179813802242,0.00942294392735,0.00965645629913,0.00797301903367,0.00929617229849,0.00484666461125,0.00317084859125,0.000998431933112,0.000651385285892,0.0000741330586607,0.000825270602945,0.0113917933777],"mean":[0.00337479985319,0.00995787791908,0.00291381357238,0.001141200657,0.00182763894554,0.00257364474237,0.000946468848269,0.000832299760077,0.00142695254181,0.000651363399811,0.00042943371227,0.000535252795089,0.000328971160343,0.00019867575611,0.000248920579907,0.000235948566115,0.000208183424547,0.000237189553445,0.000228017146583,0.000169159888173,0.000120275683003,0.0000563181929465,0.0000250611974479,0.0000113001497084,0.00000167702023646,0.0000159619048645,0.000306782982079],"median":[0.000669176224619,0.00533478613943,0.00139927933924,0.000620433944277,0.000816662388388,0.000480454938952,0.000219676774577,0.000126946746605,0.000255926133832,0.000161526346346,0.000143139943248,0.000159496528795,0.000123712816276,0.0000657211567159,0.0000877286802279,0.000062800158048,0.0000523036178492,0.0000483541916765,0.0000442215641669,0.0000307264563162,0.0000270231867034,0.0000103064940049,0.00000621131312073,0.00000254901397057,4.70144243536e-7,0.00000421189361077,0.000120537290059],"min":[4.25508271603e-16,4.45134766144e-16,2.8832829471e-16,5.06889926625e-16,1.82867848807e-15,2.13061354651e-15,3.61534371844e-15,3.4856523863e-15,6.62507963189e-15,6.13897885841e-15,4.92095987982e-15,4.59521599578e-15,2.30622380527e-15,1.82932689179e-15,5.7605482545e-15,1.20999791539e-14,1.13318524079e-14,4.55515345495e-15,1.10779229418e-14,1.70687845368e-14,1.1813250878e-14,1.30206057118e-14,1.51646595536e-14,1.13775921871e-14,1.13986070745e-14,2.81729561826e-14,9.02238556761e-14],"var":[0.0000957478696364,0.000234618986724,0.0000191511862795,0.00000257778174273,0.0000141989276017,0.0000516740728926,0.00000673953081787,0.00000661855938233,0.0000180493661901,0.00000291427500088,9.11976883344e-7,0.00000113795874768,2.97488412571e-7,1.83908113627e-7,2.76715212522e-7,4.0619360675e-7,2.99937795489e-7,3.75314272105e-7,3.90082362856e-7,2.28680761438e-7,8.95448408755e-8,2.51343799107e-8,3.26652616067e-9,7.7113077035e-10,1.40902029627e-11,1.48769996322e-9,3.41939937698e-7]},"barkbands_crest":{"dmean":3.47900557518,"dmean2":5.69496488571,"dvar":8.06023216248,"dvar2":20.5106334686,"max":26.7750053406,"mean":11.3954105377,"median":10.6923513412,"min":2.32848834991,"var":20.9626331329},"barkbands_flatness_db":{"dmean":0.0339198112488,"dmean2":0.0530699752271,"dvar":0.000920593796764,"dvar2":0.00217393925413,"max":0.442108213902,"mean":0.152304023504,"median":0.146109119058,"min":0.0320040248334,"var":0.00308475364},"barkbands_kurtosis":{"dmean":10.0916080475,"dmean2":16.0017852783,"dvar":372.155059814,"dvar2":895.023681641,"max":431.784484863,"mean":14.832777977,"median":6.204662323,"min":-1.81409835815,"var":650.57409668},"barkbands_skewness":{"dmean":0.99441331625,"dmean2":1.5323921442,"dvar":1.17554557323,"dvar2":2.71659708023,"max":20.5410423279,"mean":2.6671128273,"median":2.18798494339,"min":-1.662150383,"var":3.90938949585},"barkbands_spread":{"dmean":7.53619289398,"dmean2":11.6961421967,"dvar":78.9632492065,"dvar2":175.387207031,"max":92.4978790283,"mean":21.2451858521,"median":17.4752216339,"min":0.317479133606,"var":257.366790771},"dissonance":{"dmean":0.0231683794409,"dmean2":0.0387692600489,"dvar":0.000594098411966,"dvar2":0.00157295935787,"max":0.500000119209,"mean":0.460704505444,"median":0.471274733543,"min":0.243867769837,"var":0.0012355876388},"dynamic_complexity":3.97345089912,"erbbands":{"dmean":[0.328493714333,1.68214726448,3.41499853134,2.69707798958,3.13574814796,4.02829027176,9.23508834839,16.0278263092,12.1882581711,10.2661867142,15.1913061142,22.2178459167,19.5539665222,14.1072731018,12.2022027969,11.9102125168,10.7245864868,7.80826044083,8.67678070068,8.84803390503,9.42121124268,9.20380687714,9.79727649689,10.1301355362,6.95152711868,4.93056631088,3.60034489632,2.36596298218,1.65206849575,0.939202845097,0.478961080313,0.246875137091,0.124814093113,0.0239908341318,0.0126188239083,0.0163349341601,0.0249564107507,0.0276023559272,0.0121228955686,0.0029923368711],"dmean2":[0.54354673624,2.81547641754,5.98254680634,4.50185203552,5.30117845535,6.56022548676,14.0390672684,25.6119232178,19.4617347717,16.2938899994,23.8072185516,35.3173408508,31.5027484894,22.6478805542,19.3702087402,18.7854480743,17.540933609,12.7991437912,13.7641382217,13.9712104797,14.2925262451,14.4761676788,15.6042222977,15.4949626923,9.99374389648,6.74344491959,4.96238088608,3.22200369835,2.28291416168,1.29660260677,0.670041739941,0.353695899248,0.182770863175,0.0381490699947,0.0206009186804,0.0243447925895,0.0344355665147,0.0373861156404,0.016304930672,0.00429745577276],"dvar":[0.641994953156,6.75147390366,31.1490745544,20.6528186798,27.5377655029,84.4596862793,552.158325195,2259.50170898,1613.01416016,1129.1685791,2177.31982422,5192.19775391,4190.86621094,2024.00439453,716.041748047,575.652526855,444.324676514,387.500671387,571.743164062,564.150634766,1007.91772461,803.414672852,903.570007324,974.487426758,409.896575928,201.749588013,96.5384521484,37.3692550659,26.4066982269,7.11219120026,1.42144334316,0.394348651171,0.102390520275,0.00206026970409,0.000660455378238,0.00139774265699,0.00419170735404,0.00561306485906,0.00085347017739,0.0000602926011197],"dvar2":[1.64305365086,18.075843811,92.4486236572,54.3478622437,74.9174957275,214.535446167,1138.64855957,5566.89990234,3789.42773438,2717.70117188,4565.63476562,12557.5019531,11184.2958984,5050.89355469,1809.71130371,1325.99230957,1127.24328613,976.672546387,1412.43066406,1325.7142334,2189.23266602,1855.3125,2194.87255859,2106.08666992,781.581787109,353.754730225,182.046524048,70.5191345215,56.334903717,13.5341396332,2.84395909309,0.804784059525,0.22722683847,0.00471398886293,0.00155813700985,0.00304377288558,0.00782225187868,0.0107018211856,0.0015640091151,0.000127807288663],"max":[9.00404453278,29.2472686768,72.2383422852,64.7250747681,83.0687332153,274.149230957,689.856018066,1148.91357422,1197.53222656,998.891418457,1013.00823975,1871.61853027,1249.86071777,1620.35778809,444.603668213,505.159362793,370.549865723,461.679077148,355.178192139,455.696502686,1194.08288574,485.238677979,575.416687012,539.905639648,356.664916992,456.831634521,261.346618652,149.349197388,133.297027588,59.5870552063,32.7659797668,18.2623577118,8.69721698761,0.870506942272,0.524357557297,0.933595359325,1.89281570911,1.9015263319,0.751018345356,0.294778048992],"mean":[0.325068533421,2.05102038383,3.97981524467,3.60916757584,4.2671546936,5.66785621643,13.8493719101,21.5854187012,16.8159503937,14.5299072266,21.8918838501,31.8183765411,26.5683612823,19.2025165558,19.0675144196,20.1103363037,15.9807901382,11.1001014709,11.751001358,12.9234313965,13.2098016739,11.9844360352,12.4693698883,13.2995176315,9.9144821167,8.0444393158,5.97741746902,3.81204605103,2.1826031208,1.24157392979,0.651034593582,0.316802889109,0.149297654629,0.0257885958999,0.0125807914883,0.0199057925493,0.0344143658876,0.040159817785,0.0275264196098,0.00817343313247],"median":[0.112413875759,1.1460955143,1.97753572464,2.16808629036,2.17206406593,2.39264321327,3.82589769363,3.5403213501,3.05879664421,3.35587239265,3.81574273109,5.79762220383,5.34070777893,6.23811626434,7.3160905838,7.32343196869,6.51812744141,4.28704786301,4.16829919815,4.37734556198,3.55725288391,3.00543999672,2.6041636467,2.7643930912,1.91946232319,1.43711411953,1.31218743324,0.809716641903,0.404161155224,0.262931108475,0.165793374181,0.0756503269076,0.0331432409585,0.00877186655998,0.00412147445604,0.00598326185718,0.00868495274335,0.00892465841025,0.00689244410023,0.00380257517099],"min":[1.87733858271e-14,8.2496496071e-14,2.86228560385e-13,1.10282638056e-12,3.38893214706e-12,6.73427372894e-12,1.01378610368e-11,2.05231248662e-11,4.44466997929e-11,6.19536782986e-11,9.24029047722e-11,1.50643678087e-10,1.6637545508e-10,2.23855670112e-10,1.97920679845e-10,1.75147576997e-10,1.17707454894e-10,9.25975754407e-11,1.97197924656e-10,4.50878751002e-10,6.97557955842e-10,6.44931774652e-10,3.04911013105e-10,2.85904272479e-10,8.18222933852e-10,8.05897848455e-10,2.86127510574e-10,7.48588746546e-10,5.36426791875e-10,4.00322247573e-10,4.0828423975e-10,2.75035438868e-10,1.50362250428e-10,1.29625629675e-10,7.53210688265e-11,6.1034038934e-11,5.13288404835e-11,3.17326685761e-11,1.14522610145e-11,1.55898059219e-12],"var":[0.533861160278,7.65323448181,31.2965641022,23.4179058075,38.4564857483,144.245605469,1367.32519531,4007.78955078,3326.64135742,1829.9765625,4163.20410156,9198.84960938,6693.2734375,2426.5168457,1154.80822754,1293.66784668,650.171325684,460.210998535,642.317687988,739.265625,1431.24194336,993.884460449,1044.54968262,1298.18212891,679.04486084,543.436706543,243.852584839,89.4464645386,36.0042495728,10.8845319748,2.25889134407,0.604845643044,0.135193958879,0.00245316093788,0.000715356087312,0.0019167837454,0.00749763753265,0.00966310501099,0.00307390023954,0.000177463778527]},"erbbands_crest":{"dmean":2.90771532059,"dmean2":4.7635102272,"dvar":7.52792024612,"dvar2":18.8490619659,"max":28.7094783783,"mean":8.79777812958,"median":7.62153530121,"min":1.92508733273,"var":19.2788124084},"erbbands_flatness_db":{"dmean":0.0235284101218,"dmean2":0.0345540195704,"dvar":0.000439947354607,"dvar2":0.000882616266608,"max":0.359819829464,"mean":0.138542622328,"median":0.133253082633,"min":0.0221253801137,"var":0.00197091163136},"erbbands_kurtosis":{"dmean":1.36002576351,"dmean2":2.13429379463,"dvar":4.11946821213,"dvar2":9.64937496185,"max":41.7384414673,"mean":1.13530421257,"median":0.291768312454,"min":-1.64228451252,"var":8.55077266693},"erbbands_skewness":{"dmean":0.44748800993,"dmean2":0.670664846897,"dvar":0.175662100315,"dvar2":0.392822653055,"max":5.07955598831,"mean":0.244578689337,"median":0.21534819901,"min":-4.52785396576,"var":0.894133448601},"erbbands_spread":{"dmean":9.01216697693,"dmean2":13.4516305923,"dvar":75.7122573853,"dvar2":162.475982666,"max":108.391853333,"mean":34.1908493042,"median":31.5188922882,"min":2.18057513237,"var":307.630981445},"gfcc":{"cov":[[9988.27246094,-75.7836608887,-764.664916992,434.951019287,-71.5897750854,-493.918334961,250.768127441,-49.1696662903,44.8369674683,94.8090820312,-40.2543334961,134.740310669,-121.366081238],[-75.7836608887,982.391601562,48.6091041565,-362.137237549,58.7067527771,-5.53132915497,-20.5342178345,-39.4218215942,36.2995300293,-3.11638498306,39.0189208984,-55.7286262512,64.4631271362],[-764.664916992,48.6091041565,526.983520508,175.556930542,-49.2592201233,151.04083252,-64.5979232788,97.7501602173,-8.96990776062,32.1308135986,-6.79145669937,-3.66288280487,-3.40903568268],[434.951019287,-362.137237549,175.556930542,494.362915039,95.6902999878,-40.0703620911,90.5587539673,39.4114379883,4.78541183472,10.8815851212,-11.5182943344,30.9728813171,-46.2918586731],[-71.5897750854,58.7067527771,-49.2592201233,95.6902999878,276.139556885,50.7857780457,97.0120162964,-63.9457015991,-9.71707439423,-32.532661438,20.5570678711,-4.84872627258,2.33350300789],[-493.918334961,-5.53132915497,151.04083252,-40.0703620911,50.7857780457,331.96975708,-48.2253646851,33.1798057556,-61.762512207,-1.69497776031,-1.29590678215,6.49300050735,2.3744828701],[250.768127441,-20.5342178345,-64.5979232788,90.5587539673,97.0120162964,-48.2253646851,187.267745972,-26.0678730011,31.7176132202,-19.0932407379,0.83041369915,18.4960536957,-16.8073978424],[-49.1696662903,-39.4218215942,97.7501602173,39.4114379883,-63.9457015991,33.1798057556,-26.0678730011,153.37852478,41.5877914429,30.8009090424,-10.3294706345,-9.86980056763,7.65268373489],[44.8369674683,36.2995300293,-8.96990776062,4.78541183472,-9.71707439423,-61.762512207,31.7176132202,41.5877914429,119.806106567,33.6784439087,-0.677880048752,6.57977676392,-21.9169425964],[94.8090820312,-3.11638498306,32.1308135986,10.8815851212,-32.532661438,-1.69497776031,-19.0932407379,30.8009090424,33.6784439087,76.2994766235,28.210439682,1.40843629837,0.90816372633],[-40.2543334961,39.0189208984,-6.79145669937,-11.5182943344,20.5570678711,-1.29590678215,0.83041369915,-10.3294706345,-0.677880048752,28.210439682,61.1280174255,25.9462795258,6.24316835403],[134.740310669,-55.7286262512,-3.66288280487,30.9728813171,-4.84872627258,6.49300050735,18.4960536957,-9.86980056763,6.57977676392,1.40843629837,25.9462795258,74.1445999146,11.541970253],[-121.366081238,64.4631271362,-3.40903568268,-46.2918586731,2.33350300789,2.3744828701,-16.8073978424,7.65268373489,-21.9169425964,0.90816372633,6.24316835403,11.541970253,79.4381942749]],"icov":[[0.000207446937566,-0.000416769122239,0.000655304349493,-0.000564984511584,0.000188299527508,0.0000817971376819,-0.0000157470876729,-0.000276983802905,0.000732651737053,-0.000989790889435,0.00107241433579,-0.000970707042143,0.000639609177597],[-0.000416769122239,0.00320799322799,-0.00302589847706,0.00376031477936,-0.001946704695,0.000950822373852,-0.000455216009868,0.000781249604188,-0.00225816247985,0.00235256017186,-0.00335112703033,0.00312009593472,-0.00216125254519],[0.000655304349493,-0.00302589847706,0.00684358552098,-0.0061543667689,0.00386489275843,-0.0031310711056,0.00107006286271,-0.000734206463676,0.000799284200184,-0.00176511437166,0.001690928475,-0.00113416451495,0.000713733956218],[-0.000564984511584,0.00376031477936,-0.0061543667689,0.0103463744745,-0.00716546503827,0.00503450213,-0.00153528433293,-0.00275332503952,0.00307558244094,-0.00267188972794,0.00296706962399,-0.0033919014968,0.00298965116963],[0.000188299527508,-0.001946704695,0.00386489275843,-0.00716546503827,0.0119854817167,-0.0063108401373,-0.00229922449216,0.00525824492797,-0.00600222311914,0.00734937842935,-0.00929830316454,0.00849855598062,-0.0055428519845],[0.0000817971376819,0.000950822373852,-0.0031310711056,0.00503450213,-0.0063108401373,0.00814026873559,0.000562862085644,-0.00442526582628,0.00733943190426,-0.00576272094622,0.00689882831648,-0.00732050416991,0.00525255780667],[-0.0000157470876729,-0.000455216009868,0.00107006286271,-0.00153528433293,-0.00229922449216,0.000562862085644,0.00857499334961,0.0000784586882219,-0.00200073374435,0.00147504266351,0.000956465373747,-0.00229525775649,0.00104348699097],[-0.000276983802905,0.000781249604188,-0.000734206463676,-0.00275332503952,0.00525824492797,-0.00442526582628,0.0000784586882219,0.0132641401142,-0.00962931010872,0.00424332171679,-0.00588915729895,0.00868115760386,-0.00748024322093],[0.000732651737053,-0.00225816247985,0.000799284200184,0.00307558244094,-0.00600222311914,0.00733943190426,-0.00200073374435,-0.00962931010872,0.0241666194052,-0.0175841748714,0.0169495977461,-0.0158703643829,0.013082020916],[-0.000989790889435,0.00235256017186,-0.00176511437166,-0.00267188972794,0.00734937842935,-0.00576272094622,0.00147504266351,0.00424332171679,-0.0175841748714,0.0349964685738,-0.0276411157101,0.0180425196886,-0.0108950603753],[0.00107241433579,-0.00335112703033,0.001690928475,0.00296706962399,-0.00929830316454,0.00689882831648,0.000956465373747,-0.00588915729895,0.0169495977461,-0.0276411157101,0.0451790951192,-0.0265616923571,0.012297032401],[-0.000970707042143,0.00312009593472,-0.00113416451495,-0.0033919014968,0.00849855598062,-0.00732050416991,-0.00229525775649,0.00868115760386,-0.0158703643829,0.0180425196886,-0.0265616923571,0.0345642901957,-0.0149123817682],[0.000639609177597,-0.00216125254519,0.000713733956218,0.00298965116963,-0.0055428519845,0.00525255780667,0.00104348699097,-0.00748024322093,0.013082020916,-0.0108950603753,0.012297032401,-0.0149123817682,0.0229735858738]],"mean":[-33.6365966797,97.7609176636,-83.5496368408,7.55870866776,-15.8868694305,-13.0610523224,2.71540117264,-14.0458402634,-2.06204724312,-9.80753898621,-5.25269508362,-0.846956729889,-7.95828056335]},"hfc":{"dmean":17.8573703766,"dmean2":26.2266101837,"dvar":979.907714844,"dvar2":2165.87231445,"max":440.897979736,"mean":54.5956916809,"median":37.1351242065,"min":3.52957063576e-9,"var":2707.00048828},"melbands":{"dmean":[0.00268557388335,0.00192435923964,0.000458459981019,0.000239366607275,0.000293868390145,0.000363087659935,0.000172971675056,0.000114494432637,0.000136830494739,0.000140950651257,0.0000977470044745,0.0000573422512389,0.0000432669985457,0.0000389409688069,0.0000281191605609,0.0000207864759432,0.0000144645628097,0.0000139911471706,0.0000134203846756,0.0000113597625386,0.0000115472239486,0.00000973036367213,0.00000920762704482,0.00000896815799933,0.00000856038786878,0.00000616271972831,0.00000423960773333,0.0000032112466215,0.00000253011967288,0.00000181082327799,0.00000130486171201,0.00000101115483631,7.29765645247e-7,4.5374201818e-7,2.91501208949e-7,2.03470548854e-7,1.345150622e-7,1.05965924035e-7,3.58719951521e-8,1.6107801315e-8],"dmean2":[0.00433444976807,0.00329235894606,0.000763291318435,0.000396457209717,0.000446474645287,0.000573513563722,0.000275924510788,0.000181197654456,0.000215506617678,0.000224676099606,0.000157831964316,0.0000924153864617,0.0000700914679328,0.0000614460004726,0.000045343520469,0.0000342841012753,0.0000239962955675,0.0000226178963203,0.0000214643478103,0.0000180918013939,0.0000177255788003,0.0000155686248036,0.0000149538718688,0.0000144236410051,0.0000132426412165,0.00000909770005819,0.00000613213114775,0.00000446802641818,0.00000362717150892,0.00000253022585639,0.00000182758230949,0.00000143580973599,0.00000104754201402,6.3585036969e-7,4.14803707827e-7,2.98029107171e-7,1.94425638256e-7,1.5595315972e-7,5.59901742747e-8,2.64918131876e-8],"dvar":[0.0000322134619637,0.00000860358522914,5.35148728886e-7,2.08300406257e-7,5.02790214796e-7,0.00000109685038296,2.95907170766e-7,1.20857009733e-7,1.64963793736e-7,2.09951366514e-7,1.046641529e-7,3.22733342273e-8,1.10397024855e-8,7.00235114337e-9,3.47367623554e-9,1.83094850392e-9,1.41405975818e-9,1.479032119e-9,1.31752986299e-9,1.05570863163e-9,1.80798764848e-9,9.40640898506e-10,7.66584573597e-10,7.33955229926e-10,7.14797332435e-10,3.58061330585e-10,1.56077137325e-10,8.96775431691e-11,5.37537028777e-11,2.24358951556e-11,1.16625875624e-11,9.80842143616e-12,6.27151889449e-12,1.43624055791e-12,5.39402073355e-13,2.8358131815e-13,1.18322493188e-13,7.74467770188e-14,6.28208846298e-15,1.12299659911e-15],"dvar2":[0.0000788443139754,0.0000247537172982,0.0000014222343907,5.37469020401e-7,0.00000102840328964,0.0000026413474643,6.90173180828e-7,2.84533115291e-7,3.59773906666e-7,5.19155548773e-7,2.78638083273e-7,8.00307660143e-8,2.91037114408e-8,1.60498512258e-8,8.34222291246e-9,4.5983172825e-9,3.61595886567e-9,3.71028763269e-9,3.18472426208e-9,2.52637843978e-9,3.97147115194e-9,2.20099383164e-9,1.90424054303e-9,1.74100212025e-9,1.56777757443e-9,7.14847514516e-10,3.28926913484e-10,1.61291716094e-10,1.11038435391e-10,4.35943087185e-11,2.29644202959e-11,2.12008050005e-11,1.37529909336e-11,2.74682555347e-12,1.09828866921e-12,6.09781918969e-13,2.42291158924e-13,1.75008946679e-13,1.43533764789e-14,2.6599191413e-15],"max":[0.069434851408,0.0394473001361,0.0102135417983,0.0119647663087,0.0240352172405,0.0262989606708,0.016260093078,0.00904737971723,0.00825763400644,0.0115897580981,0.00616555521265,0.0063549769111,0.0021021401044,0.00163617776707,0.00135726213921,0.000893394928426,0.000793398881797,0.000563417794183,0.000634689466096,0.000594127515797,0.00181374663953,0.000539184955414,0.000595979567152,0.000434576388216,0.000495765707456,0.000349556241417,0.000233433253015,0.000313492811983,0.000150000763824,0.000145543323015,0.0000745694123907,0.0000830157514429,0.0000506386495545,0.0000267845825874,0.0000199668138521,0.0000144909945448,0.00000998241011985,0.00000743104828871,0.00000148928108956,6.80702385125e-7],"mean":[0.00302877184004,0.00240029674023,0.000652675051242,0.000341117352946,0.000448020000476,0.000498452456668,0.00024055870017,0.000158335431479,0.000192323263036,0.000199049914954,0.000128414278151,0.0000756084846216,0.0000615623503109,0.0000625847533229,0.0000433146560681,0.0000294065303024,0.0000192885509023,0.0000179058843059,0.0000186331435543,0.0000159522642207,0.0000154442532221,0.0000123134886962,0.0000112530324259,0.0000112322322821,0.0000108750891741,0.0000081713687905,0.00000604948309046,0.00000512328006153,0.00000390097875425,0.00000298447957903,0.00000192314087144,0.00000129967190787,9.06361037778e-7,5.92347703332e-7,3.89961968494e-7,2.65213230932e-7,1.64389604151e-7,1.24459390349e-7,3.96964807692e-8,1.53545620662e-8],"median":[0.00137037259992,0.00135797634721,0.00041502690874,0.000161311763804,0.000129941938212,0.0000837176703499,0.0000467650897917,0.0000336827833962,0.0000336342563969,0.0000345902044501,0.0000230952064157,0.0000231150643231,0.0000221233185584,0.0000195363445528,0.0000162481246662,0.000010919646229,0.00000644940791972,0.00000568245377508,0.00000651923892292,0.00000462272828372,0.00000367899770026,0.00000299376961266,0.00000238805932895,0.00000221479513129,0.00000216576927414,0.00000145352453274,0.0000010864774822,8.79554079347e-7,8.06728394309e-7,6.75551120821e-7,3.75536899355e-7,2.32720324789e-7,1.5916805296e-7,1.2862631138e-7,9.91590525246e-8,6.65853434612e-8,3.61316914166e-8,2.56254413245e-8,1.09794600078e-8,4.22224433194e-9],"min":[1.65770607881e-16,1.35490913787e-16,2.48207123325e-16,3.67835889337e-16,3.51015323782e-16,4.63309869731e-16,7.0194456784e-16,6.84451590474e-16,8.11419446987e-16,9.58131059166e-16,8.27544942599e-16,9.09046664543e-16,6.6553395663e-16,5.74621698643e-16,3.23044998844e-16,2.06645320951e-16,1.63390246775e-16,2.65068452341e-16,4.74912209405e-16,7.19314301912e-16,8.37143467018e-16,7.17612559782e-16,4.19863114647e-16,1.71370858856e-16,2.06732459465e-16,5.03112636137e-16,7.06871811434e-16,4.96669785902e-16,1.57766649455e-16,2.23600419161e-16,5.22746224579e-16,3.83688349173e-16,9.73602565933e-17,2.93335874085e-16,3.05236951691e-16,7.63193162914e-17,2.17200092627e-16,1.16520234504e-16,9.92040686485e-17,1.05004801734e-16],"var":[0.0000312928932544,0.00000942264341575,6.31527257156e-7,3.21819641158e-7,0.0000013583363625,0.00000210411371881,6.2380951249e-7,2.03657378961e-7,3.00778452811e-7,3.62079504157e-7,1.66356628029e-7,3.89754788443e-8,1.40364297962e-8,1.55661243895e-8,6.61694787851e-9,2.51193688072e-9,1.6041469264e-9,1.59771396113e-9,1.59215673978e-9,1.30420885203e-9,2.53441445608e-9,1.11712827877e-9,8.4720003235e-10,8.68691285572e-10,9.17643128151e-10,5.33591337781e-10,2.69471889247e-10,2.45366060803e-10,1.13397242985e-10,6.12830688973e-11,2.32408727679e-11,1.30031879361e-11,7.67531871393e-12,2.24696671859e-12,8.32082341397e-13,4.16658732256e-13,1.74943867444e-13,9.88950878112e-14,7.69014267142e-15,1.19376281372e-15]},"melbands_crest":{"dmean":4.74744606018,"dmean2":7.89061689377,"dvar":16.0399856567,"dvar2":41.845199585,"max":39.7382202148,"mean":16.6570968628,"median":16.1677112579,"min":2.29849505424,"var":36.31873703},"melbands_flatness_db":{"dmean":0.0425400435925,"dmean2":0.0660454556346,"dvar":0.00137141079176,"dvar2":0.00316941225901,"max":0.594888448715,"mean":0.263441294432,"median":0.259973615408,"min":0.0164925679564,"var":0.00513943843544},"melbands_kurtosis":{"dmean":16.1459255219,"dmean2":26.1561012268,"dvar":988.826965332,"dvar2":2583.45458984,"max":623.308776855,"mean":23.7294883728,"median":9.80593204498,"min":-1.80634260178,"var":1583.6484375},"melbands_skewness":{"dmean":1.21158254147,"dmean2":1.88568866253,"dvar":1.69253122807,"dvar2":4.00294065475,"max":23.9701652527,"mean":3.27715158463,"median":2.70898151398,"min":-1.09004950523,"var":5.56314659119},"melbands_spread":{"dmean":6.62377071381,"dmean2":10.4681243896,"dvar":82.6593322754,"dvar2":182.66734314,"max":149.824264526,"mean":15.7672548294,"median":12.2947883606,"min":0.384841650724,"var":204.167526245},"mfcc":{"cov":[[8065.63623047,95.2832946777,-964.664245605,678.490783691,-474.80758667,14.5415782928,-230.441177368,96.392539978,-109.97718811,20.6415653229,-12.3424501419,119.33731842,-8.31721401215],[95.2832946777,1319.41125488,-59.8427276611,-291.134490967,12.7953681946,-30.2820034027,-14.4004154205,-82.33984375,23.1929740906,-68.9226531982,51.6503067017,-40.7060852051,48.3886871338],[-964.664245605,-59.8427276611,605.374450684,-35.2754364014,113.22694397,-22.2742996216,3.55496072769,18.3595237732,25.204252243,53.771270752,19.8031425476,10.5898599625,-18.6218261719],[678.490783691,-291.134490967,-35.2754364014,550.886474609,-31.0996246338,19.1438369751,1.91238057613,56.9418716431,5.4463596344,45.1431121826,12.4665174484,28.8186683655,-5.90731143951],[-474.80758667,12.7953681946,113.22694397,-31.0996246338,216.149276733,73.1289291382,74.6315383911,15.6965742111,11.7459468842,4.03031587601,11.6786174774,-9.72750282288,2.46576476097],[14.5415782928,-30.2820034027,-22.2742996216,19.1438369751,73.1289291382,214.723236084,95.6239700317,55.5016441345,-26.1199550629,-5.41689062119,-24.6401996613,-3.35643959045,7.38730573654],[-230.441177368,-14.4004154205,3.55496072769,1.91238057613,74.6315383911,95.6239700317,159.211730957,32.6954040527,6.52299451828,-23.0779209137,-19.0097732544,-15.7776899338,13.8345460892],[96.392539978,-82.33984375,18.3595237732,56.9418716431,15.6965742111,55.5016441345,32.6954040527,119.178977966,20.8121967316,19.1482048035,-7.33065223694,10.1156902313,-11.9681825638],[-109.97718811,23.1929740906,25.204252243,5.4463596344,11.7459468842,-26.1199550629,6.52299451828,20.8121967316,94.4749526978,25.0986061096,16.8196163177,-4.10740280151,0.681207358837],[20.6415653229,-68.9226531982,53.771270752,45.1431121826,4.03031587601,-5.41689062119,-23.0779209137,19.1482048035,25.0986061096,86.9083251953,27.708946228,18.072385788,-20.5643939972],[-12.3424501419,51.6503067017,19.8031425476,12.4665174484,11.6786174774,-24.6401996613,-19.0097732544,-7.33065223694,16.8196163177,27.708946228,97.0680389404,20.0871829987,8.3647851944],[119.33731842,-40.7060852051,10.5898599625,28.8186683655,-9.72750282288,-3.35643959045,-15.7776899338,10.1156902313,-4.10740280151,18.072385788,20.0871829987,70.5308456421,17.2151355743],[-8.31721401215,48.3886871338,-18.6218261719,-5.90731143951,2.46576476097,7.38730573654,13.8345460892,-11.9681825638,0.681207358837,-20.5643939972,8.3647851944,17.2151355743,63.3421707153]],"icov":[[0.000205153293791,-0.0000878338323673,0.000269273295999,-0.000230149453273,0.000221665904974,-0.0000867698909133,0.000229820187087,-0.000193122366909,0.000172720450792,-0.000070618778409,0.0000630293725408,-0.000253418373177,0.000102308069472],[-0.0000878338323673,0.00101467128843,-0.0000501631475345,0.000529600656591,-0.000088993103418,-0.00013894350559,0.000138287054142,0.000392123183701,-0.000498427078128,0.000653780531138,-0.000761414354201,0.00063390651485,-0.000542586785741],[0.000269273295999,-0.0000501631475345,0.00239767623134,-0.0000969621542026,-0.000980918528512,0.000601247418672,0.000307907903334,-0.000580070598517,0.00034495521686,-0.00124641053844,0.000260003289441,-0.000560091983061,0.000270258169621],[-0.000230149453273,0.000529600656591,-0.0000969621542026,0.00248677236959,0.0000732305707061,0.000075124342402,-0.000391796726035,-0.000516757601872,-0.0000827222102089,-0.000696114264429,-0.000488483638037,0.000115464310511,-0.000447043421445],[0.000221665904974,-0.000088993103418,-0.000980918528512,0.0000732305707061,0.00711909914389,-0.00202601030469,-0.00203439011239,0.000464849144919,-0.000602053129114,0.0000229482648137,-0.00147505686618,0.000329813134158,0.000425937352702],[-0.0000867698909133,-0.00013894350559,0.000601247418672,0.000075124342402,-0.00202601030469,0.00851000286639,-0.00378347490914,-0.00321423751302,0.00368363037705,-0.00208427617326,0.00134766253177,0.00039674618165,-0.00141814956442],[0.000229820187087,0.000138287054142,0.000307907903334,-0.000391796726035,-0.00203439011239,-0.00378347490914,0.0109548410401,-0.0012878885027,-0.00187198095955,0.00275932671502,0.000671239220537,0.00138373032678,-0.00168577162549],[-0.000193122366909,0.000392123183701,-0.000580070598517,-0.000516757601872,0.000464849144919,-0.00321423751302,-0.0012878885027,0.0121896890923,-0.00388089753687,-0.000185536933714,0.000711457978468,-0.00236996985041,0.002929254435],[0.000172720450792,-0.000498427078128,0.00034495521686,-0.0000827222102089,-0.000602053129114,0.00368363037705,-0.00187198095955,-0.00388089753687,0.0145376957953,-0.00512124598026,-0.000804651121143,0.00267253140919,-0.00267251371406],[-0.000070618778409,0.000653780531138,-0.00124641053844,-0.000696114264429,0.0000229482648137,-0.00208427617326,0.00275932671502,-0.000185536933714,-0.00512124598026,0.0190659668297,-0.00430307816714,-0.00404729228467,0.0065775802359],[0.0000630293725408,-0.000761414354201,0.000260003289441,-0.000488483638037,-0.00147505686618,0.00134766253177,0.000671239220537,0.000711457978468,-0.000804651121143,-0.00430307816714,0.0135437184945,-0.00281367520802,-0.00190331740305],[-0.000253418373177,0.00063390651485,-0.000560091983061,0.000115464310511,0.000329813134158,0.00039674618165,0.00138373032678,-0.00236996985041,0.00267253140919,-0.00404729228467,-0.00281367520802,0.019617324695,-0.00778329651803],[0.000102308069472,-0.000542586785741,0.000270258169621,-0.000447043421445,0.000425937352702,-0.00141814956442,-0.00168577162549,0.002929254435,-0.00267251371406,0.0065775802359,-0.00190331740305,-0.00778329651803,0.0218543112278]],"mean":[-697.733154297,155.905899048,-6.6949877739,36.369556427,-1.30040085316,17.4601459503,3.21098518372,12.3268003464,0.190085589886,5.99007463455,-2.15359354019,4.56386995316,-0.891415894032]},"pitch_salience":{"dmean":0.0966302007437,"dmean2":0.158326402307,"dvar":0.00662363227457,"dvar2":0.0177924968302,"max":0.97509354353,"mean":0.520782351494,"median":0.530108094215,"min":0.00999613665044,"var":0.0155712049454},"silence_rate_20dB":{"dmean":0,"dmean2":0,"dvar":0,"dvar2":0,"max":1,"mean":1,"median":1,"min":1,"var":0},"silence_rate_30dB":{"dmean":0.0444874279201,"dmean2":0.0889920666814,"dvar":0.0425095967948,"dvar2":0.104294791818,"max":1,"mean":0.962676465511,"median":1,"min":0,"var":0.0359305143356},"silence_rate_60dB":{"dmean":0.0174081232399,"dmean2":0.0348229818046,"dvar":0.0171056669205,"dvar2":0.039409507066,"max":1,"mean":0.0483465492725,"median":0,"min":0,"var":0.0460070073605},"spectral_centroid":{"dmean":269.732269287,"dmean2":397.123657227,"dvar":103121.054688,"dvar2":190748.421875,"max":3984.1640625,"mean":1087.20495605,"median":893.196655273,"min":115.999237061,"var":471082.34375},"spectral_complexity":{"dmean":3.98491287231,"dmean2":5.74850082397,"dvar":30.1740264893,"dvar2":52.2823982239,"max":64,"mean":14.9688644409,"median":12,"min":0,"var":126.753448486},"spectral_contrast_coeffs":{"dmean":[0.0540386140347,0.0515392310917,0.040781095624,0.0292158704251,0.0214280039072,0.0394290611148],"dmean2":[0.0909202173352,0.0850299820304,0.066210784018,0.0481308586895,0.0348680429161,0.0609943196177],"dvar":[0.00177578290459,0.00168432109058,0.00113286543638,0.000541913148481,0.000374565657694,0.00118874374311],"dvar2":[0.00497958157212,0.00445594172925,0.00285497610457,0.00143321952783,0.000960491073783,0.00286198500544],"max":[-0.348408997059,-0.422293663025,-0.53221809864,-0.594824254513,-0.649544715881,-0.504573583603],"mean":[-0.69731169939,-0.764091432095,-0.794455885887,-0.816818773746,-0.827935934067,-0.7360663414],"median":[-0.700635790825,-0.77546787262,-0.803347349167,-0.818835318089,-0.829381525517,-0.740972042084],"min":[-0.951567590237,-0.985799849033,-0.984935283661,-0.975229680538,-0.957904338837,-0.911240398884],"var":[0.00450387457386,0.00567787187174,0.00403471384197,0.00195512804203,0.00120527588297,0.00510564306751]},"spectral_contrast_valleys":{"dmean":[0.467116475105,0.397160947323,0.353029221296,0.349803775549,0.37138313055,0.599049031734],"dmean2":[0.739367127419,0.627724170685,0.547281682491,0.523025691509,0.519612133503,0.909948527813],"dvar":[0.154070079327,0.106183640659,0.0945368632674,0.130335941911,0.177141651511,0.250942796469],"dvar2":[0.340592622757,0.253003925085,0.211930975318,0.276664018631,0.355001926422,0.620339930058],"max":[-4.79952669144,-4.80532407761,-5.19988203049,-5.32099723816,-5.32415485382,-8.95877552032],"mean":[-6.99988985062,-6.89901542664,-7.33284330368,-7.85784816742,-7.90637683868,-11.3126983643],"median":[-6.85146427155,-6.8316783905,-7.19001293182,-7.72995281219,-7.78716468811,-11.2247591019],"min":[-20.2179870605,-18.4542808533,-18.4904537201,-19.0645637512,-18.3689994812,-20.504737854],"var":[1.10827374458,1.05020475388,0.969543933868,1.0324113369,1.34131813049,0.981196284294]},"spectral_decrease":{"dmean":4.07774303213e-9,"dmean2":6.34385521892e-9,"dvar":4.39823346787e-17,"dvar2":9.77580907633e-17,"max":3.1093455588e-10,"mean":-6.82554635034e-9,"median":-4.16217105226e-9,"min":-8.21570580456e-8,"var":6.77232421309e-17},"spectral_energy":{"dmean":0.0163333714008,"dmean2":0.0251526590437,"dvar":0.000698732445017,"dvar2":0.00154021801427,"max":0.333495020866,"mean":0.0307131148875,"median":0.0199260264635,"min":3.20141645398e-13,"var":0.00113954558037},"spectral_energyband_high":{"dmean":0.000286408496322,"dmean2":0.000371044705389,"dvar":4.63011161855e-7,"dvar2":8.09706421023e-7,"max":0.0145229240879,"mean":0.000554865342565,"median":0.000165328514413,"min":1.79857512347e-13,"var":0.00000124484449771},"spectral_energyband_low":{"dmean":0.0121603151783,"dmean2":0.0194760337472,"dvar":0.000461792107671,"dvar2":0.00109509460162,"max":0.275172203779,"mean":0.0158123392612,"median":0.00882189814001,"min":1.15990584803e-15,"var":0.000534437072929},"spectral_energyband_middle_high":{"dmean":0.00168787513394,"dmean2":0.00254267104901,"dvar":0.0000140057090903,"dvar2":0.0000302955158986,"max":0.0536353737116,"mean":0.00323789962567,"median":0.00173134403303,"min":7.43879580872e-14,"var":0.0000241138804995},"spectral_energyband_middle_low":{"dmean":0.00440082373098,"dmean2":0.00664854515344,"dvar":0.0000625718457741,"dvar2":0.000137090872158,"max":0.167515665293,"mean":0.0090181780979,"median":0.00374330277555,"min":1.97236331271e-14,"var":0.000189539699932},"spectral_entropy":{"dmean":0.211355164647,"dmean2":0.313921660185,"dvar":0.0459813326597,"dvar2":0.0986059382558,"max":8.6605014801,"mean":7.45879268646,"median":7.52425909042,"min":5.44246339798,"var":0.168955281377},"spectral_flux":{"dmean":0.0329822078347,"dmean2":0.0536580979824,"dvar":0.00179582869168,"dvar2":0.00415387842804,"max":0.506208300591,"mean":0.0973589792848,"median":0.0821308642626,"min":0.0000364964544133,"var":0.00373953743838},"spectral_kurtosis":{"dmean":4.01283597946,"dmean2":5.98291063309,"dvar":32.2102584839,"dvar2":69.7734527588,"max":95.5618591309,"mean":14.8875055313,"median":13.2968902588,"min":3.33004379272,"var":71.7239074707},"spectral_rms":{"dmean":0.00128455867525,"dmean2":0.00192209344823,"dvar":0.00000232577394854,"dvar2":0.00000471559133075,"max":0.0180377662182,"mean":0.00485977996141,"median":0.00440908456221,"min":1.76729546553e-8,"var":0.00000634654770693},"spectral_rolloff":{"dmean":3704.81787109,"dmean2":6997.91064453,"dvar":47713780,"dvar2":115228896,"max":22050,"mean":5451.15625,"median":1141.25976562,"min":43.06640625,"var":66777928},"spectral_skewness":{"dmean":0.364492356777,"dmean2":0.515304982662,"dvar":0.18333491683,"dvar2":0.38084384799,"max":7.37068510056,"mean":2.53838467598,"median":2.44526600838,"min":0.74588227272,"var":0.637855947018},"spectral_spread":{"dmean":527296.75,"dmean2":790286.6875,"dvar":258187329536,"dvar2":567925342208,"max":10350389,"mean":4050308.25,"median":3877553,"min":1356513.875,"var":988283338752},"spectral_strongpeak":{"dmean":0.741129219532,"dmean2":1.31695854664,"dvar":8.96472072601,"dvar2":23.6465816498,"max":60.149723053,"mean":0.812131285667,"median":0.272362858057,"min":0,"var":7.00067234039},"zerocrossingrate":{"dmean":0.0373091250658,"dmean2":0.0464553944767,"dvar":0.00116835045628,"dvar2":0.00161760475021,"max":0.99951171875,"mean":0.195187479258,"median":0.17529296875,"min":0.00537109375,"var":0.0132038025185}},"metadata":{"audio_properties":{"analysis_sample_rate":44100,"bit_rate":202011,"codec":"mp3","downmix":"mix","equal_loudness":0,"length":120.033721924,"lossless":false,"md5_encoded":"2cc11c899bc91ec93d955b9832f1b730","replay_gain":-1.15352249146,"sample_rate":44100},"tags":{"album":["Synchronicity"],"artist":["The Police"],"date":["1983-06"],"file_name":"05 - The Police - Miss Gradenko.mp3","musicbrainz_albumid":["1299f319-8ff4-44fb-8440-7fb990972864"],"musicbrainz_artistid":["9e0e2b01-41db-4008-bd8b-988977d6019a"],"musicbrainz_recordingid":["b2bfd04d-9105-478a-8cbc-5c7021ebf742"],"title":["Miss Gradenko"],"tracknumber":["05/11"]},"version":{"essentia":"2.1-beta1","essentia_build_sha":"ca57ba49d9b1854bd80e60cf9ccf267278fb7d6b","essentia_git_sha":"v2.1_beta1-28-g21ef5f4-dirty","extractor":"music 1.0"}},"rhythm":{"beats_count":218,"beats_loudness":{"dmean":0.0514566153288,"dmean2":0.0942022800446,"dvar":0.00189444818534,"dvar2":0.00645124679431,"max":0.205963000655,"mean":0.0768614709377,"median":0.0700229555368,"min":0.00000277560229733,"var":0.00232560187578},"beats_loudness_band_ratio":{"dmean":[0.30038189888,0.0913062915206,0.10607714951,0.0583231262863,0.0628917589784,0.0949238315225],"dmean2":[0.574252426624,0.166549578309,0.189953073859,0.105252943933,0.123645715415,0.185779064894],"dvar":[0.0347281098366,0.00898271705955,0.0179512817413,0.00404172530398,0.00233997334726,0.00518254982308],"dvar2":[0.106264688075,0.0265472438186,0.0456901155412,0.0119582694024,0.00760462554172,0.0156312808394],"max":[0.982316553593,0.542504429817,0.652328372002,0.428526669741,0.238516226411,0.462958306074],"mean":[0.64225679636,0.0909479483962,0.0894765853882,0.0517330169678,0.0463583618402,0.0921789482236],"median":[0.685400366783,0.0550549216568,0.0382667705417,0.0326344892383,0.0270575415343,0.0686087086797],"min":[0.0886768996716,0.00105131196324,0.00119290081784,0.00080657255603,0.000371475616703,0.00701773539186],"var":[0.0655639320612,0.00954728480