{"lowlevel":{"average_loudness":0.946913361549,"barkbands":{"dmean":[0.000633258663584,0.0104209901765,0.00319231068715,0.00325720431283,0.00184527796227,0.000571321346797,0.000509565812536,0.000345432286849,0.000589869567193,0.000331708666636,0.000341769104125,0.000254761689575,0.000233267564909,0.000379929115297,0.00034039709135,0.000374411116354,0.00038326199865,0.000279668398434,0.000205992240808,0.000210248777876,0.00023552129278,0.00023049909214,0.000189612168469,0.000163695876836,0.000140514079249,0.0000165044220921,0.00000113377450361],"dmean2":[0.000821923953481,0.017098583281,0.00547893205658,0.00540285231546,0.00302327726968,0.00088528188644,0.000764390453696,0.000516629719641,0.000880546693224,0.000500063004438,0.000548919430003,0.000394868227886,0.00037312292261,0.000591084826738,0.000521870853845,0.000589996401686,0.000612142554019,0.000475174980238,0.000352623144863,0.000335179356625,0.000378154916689,0.00035711642704,0.00028676664806,0.000229641518672,0.000216062908294,0.0000273654259217,0.00000181672521649],"dvar":[0.00000182632015822,0.000614960677922,0.0000302505522995,0.0000310089308186,0.00000528410600964,8.22957247237e-7,0.00000103696720544,6.4427530333e-7,0.00000201616444429,7.31221689421e-7,2.33690812479e-7,2.49904047678e-7,2.6809655651e-7,6.83249993472e-7,5.37838161563e-7,3.50759677303e-7,2.42263325845e-7,1.89191311506e-7,1.15919618793e-7,1.67525868733e-7,1.81465381388e-7,1.49424678852e-7,1.04422014147e-7,6.45125481924e-8,7.73163861822e-8,1.45718914712e-9,5.97825565093e-12],"dvar2":[0.000003150865723,0.00150193669833,0.0000863295281306,0.0000853404926602,0.0000149434335981,0.00000196615610548,0.00000229872966884,0.00000134268793772,0.00000425109510616,0.00000150683399625,5.85966574818e-7,5.49290405161e-7,6.01279793955e-7,0.00000155258805989,0.00000116897615499,8.6654944198e-7,5.87229180837e-7,5.16412967499e-7,3.13669090701e-7,3.79115903115e-7,4.46415214128e-7,3.41493006317e-7,2.27634842531e-7,1.18744445388e-7,1.88268316492e-7,3.8190566265e-9,1.5206757728e-11],"max":[0.0130583811551,0.199114352465,0.0696841180325,0.0800056010485,0.026283916086,0.0178837608546,0.0222423449159,0.0234703402966,0.027705013752,0.0238617938012,0.00805740151554,0.0117034772411,0.0139361890033,0.0181253254414,0.0162801742554,0.0200019609183,0.00976438634098,0.00666269846261,0.00474724778906,0.0109563991427,0.00586934015155,0.00498275924474,0.00463806604967,0.00460446532816,0.00308838742785,0.00038034823956,0.000037679583329],"mean":[0.000791273952927,0.0116358017549,0.00561895687133,0.00544245960191,0.00423589209095,0.00124204182066,0.00110279733781,0.000718256167602,0.00123749230988,0.000777133333031,0.000619142025243,0.000492008693982,0.000450491759693,0.000740322517231,0.000654219416901,0.000844406022225,0.000967963831499,0.000487821846036,0.000343389314367,0.000390233588405,0.00043608417036,0.000462153402623,0.000385368446587,0.000378268538043,0.000176706598722,0.0000166489662661,0.00000137252447985],"median":[0.0000201490838663,0.00406106701121,0.0044947671704,0.00372882001102,0.00355340098031,0.00079431803897,0.000412348948885,0.00037532200804,0.000319508370012,0.000272143108305,0.000417110073613,0.000316122866934,0.000279599364148,0.00036110371002,0.000358107121428,0.000620257633273,0.000768675003201,0.000354841875378,0.000239031083765,0.000200481939828,0.000230205536354,0.000233016049606,0.000223777024075,0.000237295098486,0.00006878390559,0.00000337233404935,2.95605872225e-7],"min":[8.6116681111e-25,9.17711078897e-25,8.7543010653e-25,2.14733835136e-24,6.19208794489e-24,5.44457360629e-24,7.22131950109e-24,8.95730731951e-24,1.19419183782e-23,1.83960343614e-23,9.68140037783e-24,2.75777852302e-23,3.1881027779e-23,3.44443050728e-23,4.55853876373e-23,3.20403398166e-23,5.50848948341e-23,9.89447155055e-23,1.04520157192e-22,1.79468443402e-22,2.35871354414e-22,3.46538618702e-22,4.20442819105e-22,6.06274668952e-22,8.61726611263e-22,1.32232505053e-21,1.89210133421e-21],"var":[0.00000337414417118,0.000574577774387,0.0000311098920065,0.0000391971225326,0.0000102337307908,0.00000198100497073,0.00000381568270313,0.00000172885188476,0.00000621152048552,0.00000305845219373,4.79786933738e-7,4.85320356347e-7,5.27010399765e-7,0.00000166679512859,0.00000117830745694,7.9274741438e-7,8.10397295936e-7,2.34400090449e-7,1.35779075094e-7,3.83445581065e-7,3.05262148004e-7,3.3344070971e-7,2.11505636116e-7,1.77083649078e-7,8.59879349946e-8,1.22804777458e-9,6.33609918005e-12]},"barkbands_crest":{"dmean":2.51680850983,"dmean2":4.02919530869,"dvar":9.55024719238,"dvar2":22.8355007172,"max":24.2305831909,"mean":8.67059135437,"median":7.58382940292,"min":2.43488550186,"var":14.8311872482},"barkbands_flatness_db":{"dmean":0.0179599411786,"dmean2":0.0282115209848,"dvar":0.000408074469306,"dvar2":0.00101554952562,"max":0.378862887621,"mean":0.11656460166,"median":0.107622750103,"min":0.0370071530342,"var":0.00206988607533},"barkbands_kurtosis":{"dmean":2.41282129288,"dmean2":3.93025588989,"dvar":23.7799949646,"dvar2":59.4482040405,"max":167.028793335,"mean":3.50773859024,"median":0.995191574097,"min":-1.79437160492,"var":115.306602478},"barkbands_skewness":{"dmean":0.509803235531,"dmean2":0.800487220287,"dvar":0.439316511154,"dvar2":1.04233276844,"max":10.0177526474,"mean":1.53307271004,"median":1.38410973549,"min":-2.47794365883,"var":1.34606719017},"barkbands_spread":{"dmean":6.55072164536,"dmean2":10.0967941284,"dvar":53.7318077087,"dvar2":128.666107178,"max":136.6590271,"mean":30.8990917206,"median":29.3774871826,"min":1.05326342583,"var":177.504394531},"dissonance":{"dmean":0.0097081689164,"dmean2":0.0160197187215,"dvar":0.0000953147973632,"dvar2":0.000251098623266,"max":0.500000059605,"mean":0.476911962032,"median":0.481586188078,"min":0.314291089773,"var":0.00032644579187},"dynamic_complexity":2.03106355667,"erbbands":{"dmean":[0.347307741642,2.26049613953,3.66947841644,7.37345933914,8.34837055206,6.56302690506,5.35562372208,4.65327882767,5.29746627808,9.0262966156,8.34790325165,11.494342804,14.8072605133,7.71424818039,12.2584486008,10.21459198,10.3080282211,17.8034877777,14.7974491119,18.615814209,22.2182598114,19.8884677887,14.5519275665,12.551815033,9.15624237061,10.0595521927,9.67342758179,9.04066085815,8.71730232239,7.38752412796,4.84732103348,3.6615653038,2.73540282249,2.02361512184,0.740439891815,0.128669813275,0.0211523864418,0.00253915181383,0.00021487842605,0.0000272497800324],"dmean2":[0.555773794651,3.82064199448,6.27556610107,12.353307724,14.1708869934,10.4925479889,8.16450881958,7.356092453,8.42294311523,12.8897800446,12.4479455948,17.133605957,21.4602508545,11.7916145325,19.5871181488,15.7039546967,16.2851657867,27.8130817413,22.9914836884,28.8275966644,34.7660446167,31.861656189,24.5456466675,21.7315807343,15.2765455246,16.0765476227,15.4456548691,14.5575389862,13.5646409988,11.2987651825,7.27940320969,5.41365718842,3.86412549019,3.01267576218,1.20291852951,0.21344281733,0.0344720706344,0.00403929781169,0.000337654608302,0.0000405664359278],"dvar":[0.751414120197,29.1196842194,47.4398765564,131.902145386,187.406005859,67.1594772339,55.0355415344,69.4314804077,122.768371582,381.532928467,397.420074463,880.358032227,1315.76745605,178.097320557,296.777923584,453.250671387,549.972961426,1590.77990723,1076.77331543,1472.03466797,848.91619873,621.173522949,494.738922119,439.759033203,264.976806641,391.705810547,319.662811279,266.983703613,213.321456909,171.124847412,61.9717254639,35.9630813599,17.0835018158,15.1945934296,2.72697639465,0.0882408767939,0.00215061055496,0.0000289251111099,2.19636049792e-7,2.05188155356e-9],"dvar2":[1.75354266167,75.525352478,132.709136963,361.817565918,549.436279297,181.193389893,132.603790283,167.517822266,294.221374512,751.097595215,828.33416748,1815.97143555,2502.46508789,382.843658447,746.740783691,957.941223145,1246.61340332,3726.86499023,2385.07421875,3529.78027344,1974.70373535,1517.515625,1326.74938965,1212.48974609,691.726989746,872.480041504,778.10144043,661.121520996,498.074707031,389.477478027,127.559906006,70.755607605,32.5787315369,35.9320220947,6.87535333633,0.231822967529,0.00551080657169,0.0000722372642485,5.59126817734e-7,4.69285499349e-9],"max":[6.53149747849,48.2519111633,71.4116973877,137.462921143,180.286102295,137.160186768,121.68598175,226.851013184,245.99848938,443.430419922,640.813049316,648.273010254,954.690856934,537.243469238,346.747833252,570.922424316,757.029052734,1047.98608398,967.086181641,1073.36669922,542.774353027,342.672393799,316.082977295,178.9478302,270.975769043,722.683959961,406.759490967,240.829528809,211.26701355,245.047149658,99.6983566284,99.8514175415,66.8907394409,59.2060623169,22.8721637726,3.0372607708,0.435716241598,0.0664813742042,0.00961705762893,0.000510165060405],"mean":[0.355052560568,2.49423599243,6.45069646835,13.4968147278,15.479183197,14.4358139038,12.2827196121,9.48635959625,9.69839954376,22.0475788116,17.6795711517,24.2711353302,35.9485015869,18.6231746674,23.9925003052,21.0618495941,22.4507293701,35.9727745056,31.2976741791,38.2730941772,56.4795913696,53.4905471802,29.5902900696,20.6475944519,15.5777254105,18.8281879425,17.9982013702,16.8659515381,17.2485980988,14.2414445877,10.3276433945,8.33152008057,5.88358926773,2.86948299408,0.757172107697,0.127495110035,0.0225041490048,0.00304676964879,0.000282911525574,0.0000636546537862],"median":[0.0402908027172,1.14612829685,4.82513093948,10.6134815216,12.0036716461,10.9187402725,8.59017276764,5.87882328033,5.23501205444,6.69623231888,9.83552265167,8.38188838959,10.1381855011,12.4013814926,17.2471523285,13.7681617737,14.7948513031,18.9115009308,17.2014732361,22.5551795959,43.8418731689,44.5837135315,22.3807239532,15.1234731674,9.71670436859,9.37981033325,9.72495555878,8.72225379944,8.40114688873,7.27980089188,6.30649614334,5.22755336761,3.62281537056,1.29726588726,0.184834435582,0.0287862140685,0.00478457659483,0.000656096031889,0.0000834638776723,0.0000485292730446],"min":[8.44339220766e-23,2.2838283037e-22,1.01711458959e-21,6.63461576438e-21,6.29045127621e-21,1.76165834434e-20,4.39012086816e-20,5.02335056841e-20,1.23045610584e-19,1.81580982008e-19,1.9063072565e-19,3.61395442269e-19,4.48539927928e-19,6.7195665509e-19,7.67795662017e-19,1.45316081144e-18,1.57925860216e-18,2.0626774278e-18,2.50292962637e-18,2.83360727715e-18,2.62428322609e-18,3.4391266466e-18,5.86896390571e-18,5.44485020768e-18,6.98681413115e-18,7.68247302631e-18,7.19841603083e-18,1.13322180548e-17,1.16565497828e-17,1.132240852e-17,1.09970146921e-17,1.22836585662e-17,9.56967814922e-18,7.20951348593e-18,6.33700254863e-18,4.50311666082e-18,2.21716829644e-18,9.88572442254e-19,2.57095851091e-19,2.63650055449e-20],"var":[0.770810902119,23.7361125946,45.1354598999,163.815689087,213.502487183,165.729736328,160.379165649,148.179199219,227.727523804,1964.86450195,993.020996094,2437.43701172,5938.73095703,567.039306641,590.556518555,920.410705566,1121.15319824,3704.76416016,2537.08447266,3281.34326172,2845.23803711,1845.62463379,760.544006348,447.079833984,350.407684326,1003.23205566,558.315734863,454.375305176,470.216583252,340.353546143,137.767623901,89.3174285889,44.092338562,19.0648345947,2.58960771561,0.0729821771383,0.00202315486968,0.0000329484973918,2.34848215541e-7,2.82345591351e-9]},"erbbands_crest":{"dmean":1.7210111618,"dmean2":2.70567703247,"dvar":3.07690930367,"dvar2":7.30803728104,"max":24.68683815,"mean":6.91613054276,"median":6.08786201477,"min":2.16196346283,"var":10.0752410889},"erbbands_flatness_db":{"dmean":0.0129086058587,"dmean2":0.018019977957,"dvar":0.000190743419807,"dvar2":0.000369360786863,"max":0.326628416777,"mean":0.135387778282,"median":0.128827944398,"min":0.0227496102452,"var":0.00160647789016},"erbbands_kurtosis":{"dmean":0.499828457832,"dmean2":0.7676025033,"dvar":0.503048539162,"dvar2":0.980679154396,"max":46.650352478,"mean":0.259933382273,"median":-0.342532396317,"min":-1.70137441158,"var":12.7964115143},"erbbands_skewness":{"dmean":0.232175394893,"dmean2":0.35694617033,"dvar":0.0484533458948,"dvar2":0.111483700573,"max":5.96956825256,"mean":-0.168276175857,"median":-0.278796136379,"min":-2.20366811752,"var":0.648223400116},"erbbands_spread":{"dmean":8.35770988464,"dmean2":12.803440094,"dvar":75.8524932861,"dvar2":176.311294556,"max":136.226852417,"mean":49.890422821,"median":48.5331230164,"min":5.79571866989,"var":325.926361084},"gfcc":{"cov":[[28861.2265625,520.560424805,-2749.68505859,1469.97094727,-1596.11523438,1129.90100098,-932.522521973,428.992645264,-346.016082764,-22.6141223907,-420.69821167,-179.525360107,-140.249893188],[520.560424805,1171.5489502,-576.112792969,-182.562103271,148.658721924,-183.845230103,-0.802473545074,-84.3195648193,101.096076965,-195.064849854,112.674873352,-75.9700622559,35.9243812561],[-2749.68505859,-576.112792969,968.219116211,84.5931549072,34.1017189026,52.4432983398,110.281585693,19.768913269,-20.2774066925,141.994445801,-9.26792430878,90.6534194946,-8.6368637085],[1469.97094727,-182.562103271,84.5931549072,384.073150635,-144.040924072,115.134162903,-29.0278053284,10.0573530197,-11.2139968872,24.927192688,2.84712862968,0.0257229469717,1.45587456226],[-1596.11523438,148.658721924,34.1017189026,-144.040924072,332.987701416,-90.7967071533,64.0797805786,4.48620462418,31.7241802216,-1.56800758839,42.162902832,43.7031860352,34.1112670898],[1129.90100098,-183.845230103,52.4432983398,115.134162903,-90.7967071533,273.732330322,-25.715795517,75.3446426392,20.5664596558,0.883938908577,12.6856384277,-9.31785488129,0.0540800318122],[-932.522521973,-0.802473545074,110.281585693,-29.0278053284,64.0797805786,-25.715795517,147.202896118,9.34794425964,15.7152910233,34.5364761353,12.294090271,6.54484319687,7.75133943558],[428.992645264,-84.3195648193,19.768913269,10.0573530197,4.48620462418,75.3446426392,9.34794425964,112.082511902,29.0778694153,30.9615058899,3.82361388206,2.48579120636,2.32258081436],[-346.016082764,101.096076965,-20.2774066925,-11.2139968872,31.7241802216,20.5664596558,15.7152910233,29.0778694153,97.1586151123,-12.8919801712,45.3151168823,-16.5460414886,11.3255968094],[-22.6141223907,-195.064849854,141.994445801,24.927192688,-1.56800758839,0.883938908577,34.5364761353,30.9615058899,-12.8919801712,121.590591431,-18.3971614838,28.446603775,-4.6861000061],[-420.69821167,112.674873352,-9.26792430878,2.84712862968,42.162902832,12.6856384277,12.294090271,3.82361388206,45.3151168823,-18.3971614838,92.7761154175,1.23615539074,11.3709144592],[-179.525360107,-75.9700622559,90.6534194946,0.0257229469717,43.7031860352,-9.31785488129,6.54484319687,2.48579120636,-16.5460414886,28.446603775,1.23615539074,77.4298324585,16.0963687897],[-140.249893188,35.9243812561,-8.6368637085,1.45587456226,34.1112670898,0.0540800318122,7.75133943558,2.32258081436,11.3255968094,-4.6861000061,11.3709144592,16.0963687897,56.9460220337]],"icov":[[0.000540895620361,-0.00129676156212,0.00138479273301,-0.00164641684387,0.00115398864727,-0.00190705596469,0.00146448274609,-0.00201877369545,0.00200317800045,-0.00215213513002,0.00233455840498,-0.00160695507657,0.00100844807457],[-0.00129676156212,0.00532329268754,-0.00239482242614,0.00415818206966,-0.00308528821915,0.00562763074413,-0.00405545486137,0.0055097588338,-0.00598530843854,0.00703926337883,-0.00715212710202,0.00445806467906,-0.00291373580694],[0.00138479273301,-0.00239482242614,0.00542582338676,-0.00436200387776,0.00270115258172,-0.00495152221993,0.00259608472697,-0.00432451302186,0.00449798256159,-0.00593429896981,0.00546620367095,-0.00527781294659,0.00308288331144],[-0.00164641684387,0.00415818206966,-0.00436200387776,0.00862341094762,-0.00214862404391,0.00479036290199,-0.0041860146448,0.00678018247709,-0.00589588936418,0.00595208071172,-0.00812582485378,0.00481940386817,-0.00406167004257],[0.00115398864727,-0.00308528821915,0.00270115258172,-0.00214862404391,0.00748031865805,-0.00296302582137,0.00191235134844,-0.00532646477222,0.00378774548881,-0.00415974436328,0.00361926667392,-0.00592504069209,0.00058849103516],[-0.00190705596469,0.00562763074413,-0.00495152221993,0.00479036290199,-0.00296302582137,0.0131506379694,-0.00475378753617,0.00316472467966,-0.00760515546426,0.00995388627052,-0.0099458489567,0.00621704338118,-0.00427974900231],[0.00146448274609,-0.00405545486137,0.00259608472697,-0.0041860146448,0.00191235134844,-0.00475378753617,0.0129548748955,-0.00584553182125,0.00499776750803,-0.00845894124359,0.00595019105822,-0.002478542272,0.00182238058187],[-0.00201877369545,0.0055097588338,-0.00432451302186,0.00678018247709,-0.00532646477222,0.00316472467966,-0.00584553182125,0.0216668620706,-0.0120595311746,0.00429709395394,-0.00751710636541,0.00566926691681,-0.0035268496722],[0.00200317800045,-0.00598530843854,0.00449798256159,-0.00589588936418,0.00378774548881,-0.00760515546426,0.00499776750803,-0.0120595311746,0.0243839100003,-0.00808711536229,0.00245147268288,-0.00176798435859,0.00158739334438],[-0.00215213513002,0.00703926337883,-0.00593429896981,0.00595208071172,-0.00415974436328,0.00995388627052,-0.00845894124359,0.00429709395394,-0.00808711536229,0.0228459145874,-0.00879591144621,0.0036534590181,-0.0031228470616],[0.00233455840498,-0.00715212710202,0.00546620367095,-0.00812582485378,0.00361926667392,-0.0099458489567,0.00595019105822,-0.00751710636541,0.00245147268288,-0.00879591144621,0.0266893487424,-0.00914670992643,0.00468126079068],[-0.00160695507657,0.00445806467906,-0.00527781294659,0.00481940386817,-0.00592504069209,0.00621704338118,-0.002478542272,0.00566926691681,-0.00176798435859,0.0036534590181,-0.00914670992643,0.024023681879,-0.00835621450096],[0.00100844807457,-0.00291373580694,0.00308288331144,-0.00406167004257,0.00058849103516,-0.00427974900231,0.00182238058187,-0.0035268496722,0.00158739334438,-0.0031228470616,0.00468126079068,-0.00835621450096,0.0228555686772]],"mean":[16.4006633759,88.9103317261,-118.038414001,55.4894485474,-56.682888031,26.5287189484,-43.1120605469,4.29753065109,-17.5659713745,-13.2179498672,-15.8354444504,-7.21375894547,-6.64113903046]},"hfc":{"dmean":8.50589466095,"dmean2":11.7784643173,"dvar":143.704711914,"dvar2":278.090362549,"max":126.238609314,"mean":31.4825592041,"median":27.3751087189,"min":1.07822006847e-16,"var":448.255828857},"melbands":{"dmean":[0.00295893778093,0.00218828697689,0.00128451234195,0.000476349698147,0.000205992619158,0.000105283077573,0.0000849413263495,0.0000903277395992,0.0000680588782416,0.0000814673985587,0.0000749934260966,0.0000319959799526,0.0000505601346958,0.0000250610555668,0.0000285102905764,0.0000248891155934,0.0000364095176337,0.0000266691968136,0.0000244373131864,0.0000230309487961,0.0000297206170217,0.0000243052581936,0.0000172831569216,0.0000127961839098,0.0000108028216346,0.00000693687343301,0.00000687108649799,0.00000705390721123,0.0000065198610173,0.00000654192263028,0.00000515238616572,0.00000482311907035,0.00000528578038939,0.00000435584843217,0.00000322939126818,0.0000023611250981,0.00000244096031565,0.00000210306257031,0.00000180590814125,0.00000175972763827],"dmean2":[0.00481771398336,0.00367042305879,0.00215690187179,0.000793250568677,0.00031616416527,0.000165642704815,0.000133012712467,0.000129868378281,0.000101069257653,0.000121128337923,0.000109102977149,0.0000482533068862,0.0000813297447166,0.0000385360799555,0.0000449465114798,0.0000394569942728,0.0000566186572541,0.0000414470268879,0.0000376439238607,0.0000362595637853,0.0000471447347081,0.0000392776819353,0.0000286396316369,0.0000221844584303,0.0000187496061699,0.0000117251529446,0.0000113580463221,0.000011306055967,0.0000104818172986,0.0000106499574031,0.00000838400683278,0.00000759132854,0.00000826508949103,0.00000680225230099,0.00000496581378684,0.00000356982786798,0.00000367109350918,0.00000305052139993,0.00000259757939602,0.00000272536613011],"dvar":[0.000052381587011,0.0000201978600671,0.00000431069611295,3.92962789419e-7,6.96884896456e-8,3.29576508307e-8,3.00759168681e-8,3.47988624583e-8,2.51991050249e-8,4.16211385357e-8,3.28626796886e-8,3.74643605028e-9,5.15852205396e-9,2.88336932108e-9,3.68316821486e-9,2.53831800023e-9,7.26877225077e-9,3.75090136728e-9,3.48422735108e-9,2.22283857987e-9,1.59895496843e-9,9.32595001224e-10,5.41781119967e-10,5.16976572662e-10,3.06563940899e-10,1.47371878589e-10,1.97537319835e-10,2.13009859751e-10,1.70875383287e-10,1.54614140935e-10,8.693302328e-11,7.12916600754e-11,7.63436952544e-11,7.09922468034e-11,2.71015154762e-11,1.65373374716e-11,1.49545827111e-11,1.01154397358e-11,8.50087535087e-12,1.34842614505e-11],"dvar2":[0.000125026199385,0.000053211912018,0.0000120420518215,0.00000112560792331,1.74286142851e-7,7.93062255866e-8,7.06863900746e-8,6.88101025048e-8,5.19678025057e-8,8.77646968434e-8,6.31401206874e-8,7.93963828016e-9,1.29971633456e-8,6.26857499242e-9,8.1224227344e-9,5.88431525728e-9,1.66967648596e-8,8.18749956721e-9,7.91946419554e-9,5.6889053468e-9,3.74924491453e-9,2.27908270034e-9,1.39681732847e-9,1.42845024698e-9,8.45326475485e-10,3.88147153307e-10,4.95119056865e-10,4.78439010632e-10,4.17953033294e-10,3.85350307219e-10,2.21616280882e-10,1.70968156299e-10,1.78446840637e-10,1.70455441428e-10,5.90171661541e-11,3.516785127e-11,3.06232227076e-11,2.03681637528e-11,1.75180564499e-11,3.32358203459e-11],"max":[0.0543373152614,0.0420990660787,0.0265641473234,0.00812989287078,0.00441404571757,0.00437131384388,0.00432668533176,0.00417246017605,0.00483722053468,0.00410129968077,0.00469266204163,0.00242175045423,0.0011805620743,0.00146741466597,0.00168240768835,0.00138254486956,0.00231344276108,0.00143614201806,0.00110109068919,0.00185802951455,0.000813327496871,0.000404193968279,0.00044538534712,0.00036619513412,0.00016282175784,0.000258186686551,0.000347933731973,0.000498975219671,0.00041450781282,0.00019634491764,0.000162233249284,0.000148189777974,0.000105250808701,0.000163266246091,0.0000790238991613,0.0000537356827408,0.0000666732084937,0.0000583200562687,0.000038465619582,0.0000534372302354],"mean":[0.00318380491808,0.00342938303947,0.00245769391768,0.00103754922748,0.000490318459924,0.00021864187147,0.000165911100339,0.000220176050789,0.000138058167067,0.000168308586581,0.000179630776984,0.0000726498474251,0.0000912925243028,0.0000495657004649,0.00005603023601,0.0000490916099807,0.0000693776819389,0.0000517176413268,0.000045710872655,0.0000494166379212,0.0000707884682924,0.0000597990074311,0.0000379951161449,0.0000194880558411,0.0000166118097695,0.0000111036079034,0.0000113387286547,0.0000126484128486,0.0000114823988042,0.0000107236346594,0.00000913513667911,0.0000091308802439,0.00000976852606982,0.00000750254048398,0.00000633123909211,0.00000484614429297,0.0000052478590078,0.00000435632864537,0.00000330266198034,0.0000021058465336],"median":[0.000760801893193,0.00230335560627,0.00194428919349,0.000863509601913,0.000365492276615,0.000136194677907,0.0000808498807601,0.0000725311329006,0.0000693895053701,0.0000472749889013,0.0000477591638628,0.0000443809840363,0.0000620440405328,0.0000310746436298,0.0000350162190443,0.0000296909056487,0.0000342545608873,0.0000263744695985,0.0000233904738707,0.0000344187719747,0.0000526854128111,0.000048833371693,0.0000290391435556,0.0000129409145302,0.0000119300093502,0.00000721755941413,0.00000610487586528,0.00000584005510973,0.00000572578119318,0.00000562151626582,0.00000463271817353,0.00000441976271759,0.00000451207370133,0.0000036031910895,0.00000375978606826,0.00000290485286314,0.00000327691554958,0.00000267879318017,0.00000178970879006,7.81845926667e-7],"min":[1.6833897287e-24,9.34762997617e-25,1.11417333747e-24,8.60402897931e-25,1.49897732045e-24,1.14034300914e-24,1.9539496921e-24,1.61932692623e-24,1.463013349e-24,1.70652445525e-24,1.87900475066e-24,2.15905194973e-24,2.20930258661e-24,2.58289153132e-24,2.38271294902e-24,2.4047807412e-24,3.50552786328e-24,3.44210147435e-24,3.61775318781e-24,2.1623789706e-24,3.23934134474e-24,3.26543351082e-24,4.70211507724e-24,4.56426952266e-24,3.62633244458e-24,3.49909746361e-24,4.65959941875e-24,3.74127105619e-24,3.78294105579e-24,5.02004850458e-24,6.07045742621e-24,6.00349970144e-24,4.56397527754e-24,5.6230068433e-24,5.04683388218e-24,5.67395818588e-24,6.25308267008e-24,5.58694091158e-24,4.42643382884e-24,6.21792432282e-24],"var":[0.0000512267142767,0.0000182952699106,0.00000520267485626,6.38708399947e-7,2.01709696057e-7,7.25025870452e-8,6.64942021444e-8,1.72119655417e-7,6.55820784345e-8,1.17518808906e-7,1.48305957737e-7,1.21874066394e-8,9.88477832919e-9,5.67064484258e-9,7.47255146649e-9,4.88541118671e-9,1.69994347488e-8,8.51523118683e-9,7.01158642258e-9,3.79913789317e-9,5.52326628878e-9,2.47606135595e-9,1.42896183775e-9,5.1857057537e-10,3.10785175373e-10,1.77828168857e-10,2.84227891223e-10,5.48074086115e-10,2.98786634323e-10,2.19083418074e-10,1.39917466502e-10,1.40986305963e-10,1.63441690737e-10,1.15008051693e-10,5.53431016292e-11,3.3976911562e-11,3.59894128388e-11,2.46502523255e-11,1.70740799971e-11,1.40446525937e-11]},"melbands_crest":{"dmean":3.24035573006,"dmean2":5.10456180573,"dvar":10.9088802338,"dvar2":26.3802375793,"max":33.4959526062,"mean":14.6926822662,"median":14.1999959946,"min":1.53569889069,"var":25.4228935242},"melbands_flatness_db":{"dmean":0.0238640904427,"dmean2":0.037205491215,"dvar":0.000756920373533,"dvar2":0.00178275350481,"max":0.492853373289,"mean":0.173925802112,"median":0.164211139083,"min":0.00306933769025,"var":0.00385499373078},"melbands_kurtosis":{"dmean":9.18806934357,"dmean2":14.8923377991,"dvar":351.095825195,"dvar2":884.251831055,"max":292.305450439,"mean":16.6908569336,"median":10.0306825638,"min":-1.57626402378,"var":547.137512207},"melbands_skewness":{"dmean":0.837645947933,"dmean2":1.30636787415,"dvar":1.33152472973,"dvar2":3.10941243172,"max":14.4013996124,"mean":3.22059559822,"median":2.9682033062,"min":-0.635538935661,"var":2.83737277985},"melbands_spread":{"dmean":7.45957422256,"dmean2":11.7596063614,"dvar":74.9537811279,"dvar2":188.977111816,"max":175.994491577,"mean":27.9748458862,"median":24.952381134,"min":0.854945540428,"var":365.732635498},"mfcc":{"cov":[[10832.2294922,-268.436767578,122.19165802,99.7549133301,3.72322821617,227.492431641,-31.9419364929,171.970367432,165.190155029,168.17350769,17.8453426361,33.3912582397,-25.9273281097],[-268.436767578,1205.81933594,-469.98348999,-56.2833442688,99.5929107666,-116.734695435,-38.8337173462,35.0053138733,-35.6680984497,-37.2480964661,-26.5281848907,34.3506736755,-63.0704650879],[122.19165802,-469.98348999,672.567504883,84.2452926636,-34.9367523193,122.401008606,39.5880393982,8.44266414642,14.1463832855,30.9484100342,30.0749969482,-11.1657619476,53.1709098816],[99.7549133301,-56.2833442688,84.2452926636,277.614471436,-30.9354705811,43.7685928345,13.1529541016,-32.3958320618,1.58003914356,-18.0417499542,-5.84140777588,5.9903421402,25.6803092957],[3.72322821617,99.5929107666,-34.9367523193,-30.9354705811,204.016815186,1.57946658134,4.34252309799,46.5117683411,4.17879247665,-10.2889728546,-0.793081879616,20.9499759674,10.1409778595],[227.492431641,-116.734695435,122.401008606,43.7685928345,1.57946658134,116.000740051,30.0546321869,15.412322998,9.71802616119,4.04736185074,6.15310621262,-3.64763760567,10.6847133636],[-31.9419364929,-38.8337173462,39.5880393982,13.1529541016,4.34252309799,30.0546321869,91.4554901123,15.6091041565,15.3496246338,16.2376861572,12.7755069733,-1.35087180138,6.49622058868],[171.970367432,35.0053138733,8.44266414642,-32.3958320618,46.5117683411,15.412322998,15.6091041565,95.0752792358,10.1877508163,11.2298336029,12.8553571701,13.7104310989,4.81058120728],[165.190155029,-35.6680984497,14.1463832855,1.58003914356,4.17879247665,9.71802616119,15.3496246338,10.1877508163,75.8535614014,24.2439498901,5.2677230835,-2.932254076,4.55184459686],[168.17350769,-37.2480964661,30.9484100342,-18.0417499542,-10.2889728546,4.04736185074,16.2376861572,11.2298336029,24.2439498901,89.2652740479,31.9805145264,1.16532409191,-7.61606740952],[17.8453426361,-26.5281848907,30.0749969482,-5.84140777588,-0.793081879616,6.15310621262,12.7755069733,12.8553571701,5.2677230835,31.9805145264,72.8876190186,18.3261966705,3.48065638542],[33.3912582397,34.3506736755,-11.1657619476,5.9903421402,20.9499759674,-3.64763760567,-1.35087180138,13.7104310989,-2.932254076,1.16532409191,18.3261966705,55.4037361145,17.7488803864],[-25.9273281097,-63.0704650879,53.1709098816,25.6803092957,10.1409778595,10.6847133636,6.49622058868,4.81058120728,4.55184459686,-7.61606740952,3.48065638542,17.7488803864,55.973487854]],"icov":[[0.000107350570033,0.0000231137419178,0.0000333421594405,-0.0000550689874217,0.0000264315240202,-0.000223278082558,0.000183440497494,-0.000193940461031,-0.000170063081896,-0.000190548686078,0.00010467703396,-0.000116984847409,0.000121061872051],[0.0000231137419178,0.00129586656112,0.00069177034311,-0.000228399512707,-0.000396942195948,0.000513696519192,0.0000352283786924,-0.000585437519476,0.000298934843158,0.000142035612953,0.000266070332145,-0.000770893704612,0.00116153329145],[0.0000333421594405,0.00069177034311,0.00247666309588,-0.000339264981449,0.0000862492743181,-0.00167308130767,0.000115149166959,-0.000368088134564,0.000384211889468,-0.000656530959532,-0.000460053619463,0.000667543907184,-0.00138370424975],[-0.0000550689874217,-0.000228399512707,-0.000339264981449,0.00443181442097,0.000526341143996,-0.00146025733557,-0.00051678577438,0.00186749745626,-0.000234346633079,0.000873239594512,0.000211314953049,-0.000746956735384,-0.00154942425434],[0.0000264315240202,-0.000396942195948,0.0000862492743181,0.000526341143996,0.00599227193743,-0.000446570833446,-0.0000716445138096,-0.00243352237158,-0.000481010967633,0.000780464848503,0.000489794299938,-0.00139250827488,-0.000984971877187],[-0.000223278082558,0.000513696519192,-0.00167308130767,-0.00146025733557,-0.000446570833446,0.0128470202908,-0.00304435426369,-0.00176050770096,-0.0000904606204131,0.00121296313591,-0.00019278806576,0.00078945804853,0.000801911693998],[0.000183440497494,0.0000352283786924,0.000115149166959,-0.00051678577438,-0.0000716445138096,-0.00304435426369,0.0131847783923,-0.00173752976116,-0.00169969908893,-0.00171074655373,-0.0012484358158,0.00118028081488,-0.000925566011574],[-0.000193940461031,-0.000585437519476,-0.000368088134564,0.00186749745626,-0.00243352237158,-0.00176050770096,-0.00173752976116,0.0141284456477,-0.000813213991933,-0.000445637211669,-0.00115241354797,-0.00192530883942,-0.000804621900897],[-0.000170063081896,0.000298934843158,0.000384211889468,-0.000234346633079,-0.000481010967633,-0.0000904606204131,-0.00169969908893,-0.000813213991933,0.0155502408743,-0.00406285375357,0.0007543580723,0.0016613570042,-0.00201892270707],[-0.000190548686078,0.000142035612953,-0.000656530959532,0.000873239594512,0.000780464848503,0.00121296313591,-0.00171074655373,-0.000445637211669,-0.00406285375357,0.0160028226674,-0.00619539618492,0.000192963896552,0.0029906060081],[0.00010467703396,0.000266070332145,-0.000460053619463,0.000211314953049,0.000489794299938,-0.00019278806576,-0.0012484358158,-0.00115241354797,0.0007543580723,-0.00619539618492,0.0187211502343,-0.0065987361595,0.000904299784452],[-0.000116984847409,-0.000770893704612,0.000667543907184,-0.000746956735384,-0.00139250827488,0.00078945804853,0.00118028081488,-0.00192530883942,0.0016613570042,0.000192963896552,-0.0065987361595,0.0249484796077,-0.00869370624423],[0.000121061872051,0.00116153329145,-0.00138370424975,-0.00154942425434,-0.000984971877187,0.000801911693998,-0.000925566011574,-0.000804621900897,-0.00201892270707,0.0029906060081,0.000904299784452,-0.00869370624423,0.0247293151915]],"mean":[-603.676757812,98.9526443481,8.61536026001,24.324016571,18.1985092163,12.8631153107,-2.79702591896,10.8055953979,2.79182076454,-2.2967441082,-6.68738603592,1.76108384132,-5.29314899445]},"pitch_salience":{"dmean":0.0689312443137,"dmean2":0.109773591161,"dvar":0.0055643087253,"dvar2":0.0141970096156,"max":0.875785052776,"mean":0.574537098408,"median":0.58368074894,"min":0.168556541204,"var":0.0112425899133},"silence_rate_20dB":{"dmean":0,"dmean2":0,"dvar":0,"dvar2":0,"max":1,"mean":1,"median":1,"min":1,"var":0},"silence_rate_30dB":{"dmean":0.0625857785344,"dmean2":0.125188738108,"dvar":0.0586642585695,"dvar2":0.147405326366,"max":1,"mean":0.955811738968,"median":1,"min":0,"var":0.0422360561788},"silence_rate_60dB":{"dmean":0.00219599227421,"dmean2":0.00439258757979,"dvar":0.0021911165677,"dvar2":0.00492214644328,"max":1,"mean":0.0386990532279,"median":0,"min":0,"var":0.0372030176222},"spectral_centroid":{"dmean":241.779678345,"dmean2":382.194763184,"dvar":81163.5625,"dvar2":184296.71875,"max":11776.8251953,"mean":1687.55908203,"median":1541.09753418,"min":179.804000854,"var":1585461.375},"spectral_complexity":{"dmean":4.36343669891,"dmean2":6.70528459549,"dvar":21.6759605408,"dvar2":45.8995361328,"max":59,"mean":27.9610271454,"median":28,"min":0,"var":104.094032288},"spectral_contrast_coeffs":{"dmean":[0.0474661998451,0.0389383211732,0.033401504159,0.0277140587568,0.0209155604243,0.0194298569113],"dmean2":[0.0755745247006,0.0624732375145,0.0537381246686,0.0447208061814,0.0341005958617,0.0314108505845],"dvar":[0.00175976066384,0.00101751694456,0.000780795991886,0.00051454489585,0.000322101608617,0.000403593177907],"dvar2":[0.00458605540916,0.00271573197097,0.00196999497712,0.00129678612575,0.000794400053564,0.000987322884612],"max":[-0.282261192799,-0.490402132273,-0.552473843098,-0.586555540562,-0.59106439352,-0.637035489082],"mean":[-0.629623889923,-0.750110149384,-0.777346372604,-0.782497942448,-0.778134703636,-0.755714893341],"median":[-0.627049982548,-0.752485513687,-0.781067430973,-0.782745778561,-0.782658219337,-0.752698659897],"min":[-0.981297671795,-0.976088821888,-0.98156106472,-0.973438978195,-0.966828107834,-0.964509129524],"var":[0.00648400792852,0.00423064222559,0.00420540384948,0.00268374895677,0.00255030672997,0.00219752709381]},"spectral_contrast_valleys":{"dmean":[0.373854756355,0.288604438305,0.261105895042,0.23926794529,0.252081900835,0.288786530495],"dmean2":[0.594410359859,0.466062039137,0.416257172823,0.376430988312,0.388017803431,0.375077158213],"dvar":[0.141860201955,0.0832443162799,0.0738042294979,0.0740665867925,0.113983824849,0.140946626663],"dvar2":[0.303908795118,0.174612998962,0.140355721116,0.127200871706,0.220547109842,0.252667337656],"max":[-4.8996181488,-5.25250005722,-5.70596694946,-5.89559459686,-5.4207572937,-7.66348218918],"mean":[-6.97545480728,-6.9884262085,-7.4138007164,-7.5575003624,-7.41933345795,-9.71221828461],"median":[-6.55337667465,-6.56546735764,-6.97454786301,-7.08559131622,-6.91452550888,-9.2145242691],"min":[-28.2503128052,-28.0394248962,-28.0441188812,-27.6074371338,-27.5741062164,-27.390247345],"var":[7.10270309448,6.99462556839,6.82380437851,6.87270641327,7.1074962616,6.233502388]},"spectral_decrease":{"dmean":4.04763111916e-9,"dmean2":6.32947916301e-9,"dvar":4.82067229059e-17,"dvar2":1.11409078882e-16,"max":4.92060166429e-17,"mean":-1.00134727177e-8,"median":-7.99391486339e-9,"min":-6.16095618966e-8,"var":6.42461057079e-17},"spectral_energy":{"dmean":0.0157575402409,"dmean2":0.0244543869048,"dvar":0.000704946869519,"dvar2":0.00161998870317,"max":0.235633343458,"mean":0.0406486578286,"median":0.0328666754067,"min":1.00179496635e-20,"var":0.000973190471996},"spectral_energyband_high":{"dmean":0.000869066978339,"dmean2":0.00121756107546,"dvar":0.00000180540712336,"dvar2":0.00000354950725523,"max":0.0137436361983,"mean":0.00207940558903,"median":0.00133157125674,"min":6.91296082881e-21,"var":0.00000485043801746},"spectral_energyband_low":{"dmean":0.0132640916854,"dmean2":0.0210110805929,"dvar":0.000699830998201,"dvar2":0.00163001171313,"max":0.221217572689,"mean":0.0209582354873,"median":0.0123439636081,"min":1.53873109802e-23,"var":0.000782294897363},"spectral_energyband_middle_high":{"dmean":0.00157898489852,"dmean2":0.00238836207427,"dvar":0.00000376246885025,"dvar2":0.00000806099251349,"max":0.0364933796227,"mean":0.00635226024315,"median":0.00538393482566,"min":1.16482186474e-21,"var":0.0000190579812624},"spectral_energyband_middle_low":{"dmean":0.00495183421299,"dmean2":0.00803802162409,"dvar":0.0000512699371029,"dvar2":0.000140234973514,"max":0.0919561013579,"mean":0.0143397478387,"median":0.0126946475357,"min":1.3306375745e-22,"var":0.0000918021905818},"spectral_entropy":{"dmean":0.110784672201,"dmean2":0.155842736363,"dvar":0.0134215867147,"dvar2":0.0262975674123,"max":9.82503318787,"mean":7.85548686981,"median":7.8863530159,"min":5.4236574173,"var":0.208286464214},"spectral_flux":{"dmean":0.0347966440022,"dmean2":0.0551854372025,"dvar":0.00238670781255,"dvar2":0.00531807821244,"max":0.407550632954,"mean":0.0973426401615,"median":0.0794081911445,"min":6.315783313e-11,"var":0.00450905179605},"spectral_kurtosis":{"dmean":1.13778793812,"dmean2":1.96022248268,"dvar":5.2279343605,"dvar2":16.9936542511,"max":47.547618866,"mean":2.78935408592,"median":1.89438009262,"min":-1.27279162407,"var":15.4208011627},"spectral_rms":{"dmean":0.00103002262767,"dmean2":0.00155918905511,"dvar":0.00000219611365537,"dvar2":0.00000475374690723,"max":0.01516199857,"mean":0.00587657559663,"median":0.00566260097548,"min":3.12627723188e-12,"var":0.0000051230263125},"spectral_rolloff":{"dmean":617.523742676,"dmean2":999.693725586,"dvar":788259.0625,"dvar2":1724811.25,"max":21145.6054688,"mean":1985.58117676,"median":1571.92382812,"min":43.06640625,"var":6391709.5},"spectral_skewness":{"dmean":0.163512080908,"dmean2":0.271745234728,"dvar":0.0417961105704,"dvar2":0.123979106545,"max":4.76196241379,"mean":1.2106667757,"median":1.16422140598,"min":-0.115484327078,"var":0.198732897639},"spectral_spread":{"dmean":607390.8125,"dmean2":874644.9375,"dvar":777745793024,"dvar2":1649263640580,"max":42835956,"mean":5613391,"median":5076639,"min":1149204.5,"var":20365472432100},"spectral_strongpeak":{"dmean":0.356581360102,"dmean2":0.633408427238,"dvar":0.536753714085,"dvar2":1.35635316372,"max":15.3049383163,"mean":0.590243399143,"median":0.374967604876,"min":0,"var":0.63889580965},"zerocrossingrate":{"dmean":0.0110145416111,"dmean2":0.0130203869194,"dvar":0.000121004297398,"dvar2":0.000161653064424,"max":0.66845703125,"mean":0.0763661935925,"median":0.06640625,"min":0.00537109375,"var":0.00370402098633}},"metadata":{"audio_properties":{"analysis_sample_rate":44100,"bit_rate":0,"codec":"flac","downmix":"mix","equal_loudness":0,"length":169.173339844,"lossless":true,"md5_encoded":"4d2e87ef7d4c2087265d13777cbc8f7d","replay_gain":-14.3841934204},"tags":{"acoustid_id":["caa2d770-df88-4c6b-81e9-49715df92304"],"album":["Nirvana"],"albumartist":["Nirvana"],"artist":["Nirvana"],"date":["2002-10-28"],"discnumber":["1"],"disctotal":["1"],"file_name":"02 - Nirvana - About a Girl.flac","musicbrainz_albumartistid":["5b11f4ce-a62d-471e-81fc-a69a8278c7da"],"musicbrainz_albumid":["56a92998-6dcc-36a9-9efc-5b7096ee0e41"],"musicbrainz_artistid":["5b11f4ce-a62d-471e-81fc-a69a8278c7da"],"musicbrainz_recordingid":["b2e623ea-378b-4479-bb75-fa202aacbfc9"],"musicbrainz_releasegroupid":["5ab32af4-c62e-3cbf-aa8c-c761581d3b94"],"replaygain_album_gain":["-8.91 dB"],"replaygain_album_peak":["1.000000"],"replaygain_track_gain":["-10.10 dB"],"replaygain_track_peak":["0.988708"],"title":["About a Girl"],"tracknumber":["2"],"tracktotal":["15"]},"version":{"essentia":"2.1-beta1","essentia_build_sha":"46c2b6830b139c2e69ed9f3e0d9145e1b8fbae31","essentia_git_sha":"v2.1_beta1-6-g5578087","extractor":"music 1.0"}},"rhythm":{"beats_count":374,"beats_loudness":{"dmean":0.0410457327962,"dmean2":0.0779755711555,"dvar":0.000885686895344,"dvar2":0.00299859489314,"max":0.177708253264,"mean":0.069241642952,"median":0.0641092509031,"min":0,"var":0.00138264638372},"beats_loudness_band_ratio":{"dmean":[0.286226689816,0.0757332593203,0.0533880367875,0.0487362965941,0.074943870306,0.114103220403],"dmean2":[0.543921172619,0.138287857175,0.0927714556456,0.0889761447906,0.142311900854,0.226264774799],"dvar":[0.0280085615814,0.00412083044648,0.0036141697783,0.00304217729717,0.00386170786805,0.00669015059248],"dvar2":[0.0967317596078,0.012218689546,0.010730676353,0.00881049502641,0.0118854213506,0.0204278361052],"max":[0.961118221283,0.578402757645,0.382066935301,0.415420860052,0.686914622784,0.752337