{"lowlevel":{"average_loudness":0.820405960083,"barkbands":{"dmean":[0.000148660707055,0.00288839801215,0.00172722386196,0.00186776882038,0.00245416304097,0.00178164872341,0.000867213122547,0.000950888847001,0.00040497496957,0.000348025118001,0.000145368045196,0.000330686831148,0.000266697315965,0.0000871075317264,0.000216649335925,0.0000712695546099,0.000130421554786,0.00008645287744,0.0000633997624391,0.0000460215087514,0.0000298955510516,0.0000240764948103,0.0000294851524814,0.0000480038688693,0.00008517743845,0.000128876636154,0.00000313451482725],"dmean2":[0.000241629983066,0.00470323069021,0.00281283212826,0.00310226343572,0.00392830232158,0.00257218303159,0.00117579824291,0.00135007477365,0.000578192586545,0.000511218502652,0.000211107108044,0.000532289384864,0.000399090378778,0.000135450231028,0.000336952129146,0.000111526074761,0.000193020357983,0.000131968758069,0.000102491911093,0.0000721338292351,0.0000471213134006,0.0000368738328689,0.0000456770321762,0.0000685725244693,0.000116834096843,0.000219017005293,0.00000509062647325],"dvar":[1.37092584396e-7,0.0000500248315802,0.0000126931026898,0.00000965460003499,0.0000181868326763,0.00000980563527264,0.00000503963610754,0.00000713175813871,0.0000018482211317,9.49755246893e-7,4.60560528381e-7,5.27884992607e-7,5.83904636642e-7,8.10995430811e-8,4.14896305756e-7,6.86418530904e-8,3.66463410728e-7,1.60788857784e-7,3.69944679335e-8,2.51615777103e-8,6.9821952664e-9,3.70471187061e-9,6.00421135033e-9,3.28295968188e-8,1.23256739926e-7,5.96989650603e-7,2.7850055595e-10],"dvar2":[3.41601094078e-7,0.00013309645874,0.0000367482898582,0.0000268159565167,0.0000453950560768,0.0000204996249522,0.00000941327289183,0.00001422625337,0.00000305908179143,0.0000019208177946,9.44848068229e-7,0.00000143728573221,0.0000013306234905,1.69959349705e-7,9.97478764475e-7,1.46350828345e-7,7.32625835553e-7,3.57352945457e-7,8.87102373781e-8,5.802491998e-8,1.60827582363e-8,7.98171395644e-9,1.22407266545e-8,6.13857409348e-8,2.44986551934e-7,0.00000164517427947,6.93258617179e-10],"max":[0.00714872125536,0.118481993675,0.0689846277237,0.0548458509147,0.0848032832146,0.101842932403,0.096439294517,0.103604391217,0.0508295223117,0.0336679704487,0.0313555113971,0.0189867578447,0.0167011097074,0.0151921054348,0.0207322370261,0.0121225649491,0.0267779454589,0.0227346960455,0.00880777742714,0.00908826012164,0.00472429674119,0.0018720041262,0.00405882950872,0.0127833699808,0.0181771013886,0.0412333980203,0.000334456737619],"mean":[0.000305999652483,0.00649930071086,0.00503134541214,0.00471374439076,0.00593882333487,0.00475284224376,0.00209112092853,0.00204009003937,0.000763729854953,0.000663205166347,0.000259780790657,0.000569074065425,0.000396040821215,0.000148109917063,0.000351116323145,0.000113804599096,0.000206991986488,0.00013038108591,0.000116607145173,0.0000993906724034,0.0000684103069943,0.000059571746533,0.0000780810951255,0.00011517744133,0.000147372207721,0.00010316256521,0.00000261021045844],"median":[0.0000591456046095,0.00336628872901,0.00269935955293,0.00290756905451,0.00391451222822,0.00213334942237,0.000516540021636,0.000408470048569,0.00018990773242,0.000207626260817,0.0000617153345956,0.000194091553567,0.0000651700684102,0.0000316362566082,0.0000977500894805,0.00002751368811,0.0000362795835827,0.0000256958246609,0.0000362200953532,0.0000252421814366,0.0000282084420178,0.0000245463925239,0.0000325636792695,0.0000311434778268,0.0000161866864801,0.00000128673673316,1.02389677181e-7],"min":[1.27186178256e-11,1.46823254509e-12,7.74953696049e-14,9.37180563189e-14,2.075904959e-13,1.75385693382e-13,1.25807296438e-13,9.95112060245e-14,2.74717504604e-13,1.12142364622e-13,4.12440975741e-14,8.2027876787e-14,8.67197074783e-14,3.96499510742e-14,6.96752158465e-14,2.96040047944e-14,7.34325726853e-14,6.04377116929e-14,1.06610284023e-13,1.39051124131e-13,1.92595546174e-13,5.24044078531e-13,2.41988666518e-13,3.63680819401e-13,4.28681721197e-13,5.07409273019e-13,1.19976749889e-12],"var":[3.22872324432e-7,0.0000891273230081,0.0000387070176657,0.0000290006501018,0.0000458757203887,0.0000537793639523,0.0000300969495584,0.0000319733408105,0.00000651900745652,0.00000356303144144,0.00000141653595165,0.0000012018471125,0.00000102949422853,2.2496462293e-7,7.77949878739e-7,1.41238828633e-7,8.06828211353e-7,2.81810116576e-7,9.37110513632e-8,6.73697897469e-8,2.05567260991e-8,1.25648824678e-8,2.47059528391e-8,9.22914580315e-8,2.48893115895e-7,4.11151319213e-7,2.32211569418e-10]},"barkbands_crest":{"dmean":2.11428499222,"dmean2":3.37238121033,"dvar":4.22921562195,"dvar2":10.9310026169,"max":25.1364936829,"mean":10.8343763351,"median":10.1980352402,"min":3.05743932724,"var":12.7169399261},"barkbands_flatness_db":{"dmean":0.018140444532,"dmean2":0.0272219907492,"dvar":0.000366031104932,"dvar2":0.000775673252065,"max":0.415772438049,"mean":0.18668821454,"median":0.180152863264,"min":0.0295901615173,"var":0.0037369937636},"barkbands_kurtosis":{"dmean":4.22833633423,"dmean2":6.47560882568,"dvar":33.9530258179,"dvar2":80.5772247314,"max":146.185302734,"mean":11.9084968567,"median":7.67693376541,"min":-1.91548144817,"var":193.256668091},"barkbands_skewness":{"dmean":0.514290988445,"dmean2":0.7859172225,"dvar":0.256160646677,"dvar2":0.630197703838,"max":10.1825685501,"mean":2.45849394798,"median":2.29250955582,"min":-1.99141919613,"var":1.85046601295},"barkbands_spread":{"dmean":3.96584486961,"dmean2":6.11280441284,"dvar":50.7656440735,"dvar2":119.529823303,"max":122.889701843,"mean":13.9224529266,"median":10.392493248,"min":0.573349893093,"var":147.342269897},"dissonance":{"dmean":0.0259134266526,"dmean2":0.0435523688793,"dvar":0.000579463900067,"dvar2":0.0015755824279,"max":0.500000119209,"mean":0.435046076775,"median":0.444655776024,"min":0.193971887231,"var":0.00192779407371},"dynamic_complexity":2.61621260643,"erbbands":{"dmean":[0.078882239759,0.709448695183,1.79768908024,4.17431259155,7.91388750076,7.7896938324,12.2828702927,15.2246007919,14.9703187943,14.7464427948,18.2789459229,10.4545669556,10.6711683273,8.69817352295,4.62852954865,16.6835842133,12.502038002,5.82408761978,9.7970123291,6.39517593384,3.84131026268,5.9016699791,5.45571279526,2.82120275497,3.20270133018,2.45648193359,1.37195527554,1.02630257607,0.835193097591,0.961903452873,0.834995865822,0.911415755749,0.85720717907,0.829529047012,0.764974951744,0.659202992916,0.221625849605,0.0197798088193,0.00051400938537,0.000025266670491],"dmean2":[0.127075731754,1.16663277149,2.98350477219,6.99229764938,12.8319044113,12.4412212372,19.9639034271,20.8128166199,19.3638381958,20.6578788757,25.5166797638,15.009645462,15.5189533234,12.6465549469,6.84717607498,26.8416652679,18.6809978485,8.74412155151,15.2052621841,9.73580932617,5.85453510284,8.71858215332,8.25829124451,4.48889446259,5.17332744598,3.84342026711,2.18768119812,1.61769509315,1.27352952957,1.50831282139,1.29392457008,1.37046289444,1.21147286892,1.15395247936,1.08235347271,1.09621477127,0.386775493622,0.0328147783875,0.000836353749037,0.0000402463520004],"dvar":[0.0372774638236,3.09732580185,14.7818078995,48.7314033508,218.418899536,176.846359253,422.848968506,977.849060059,1214.3807373,1742.39746094,2772.78833008,1249.75683594,985.756347656,1204.98632813,432.10647583,1302.36254883,1274.50878906,237.103668213,840.101135254,558.541503906,184.796661377,699.71484375,532.527893066,117.148170471,111.225021362,96.5791625977,21.9866638184,7.03745317459,5.16134929657,4.58246898651,6.09531116486,8.83878421783,10.4415025711,8.99885845184,11.618142128,15.6617078781,1.83593082428,0.011181473732,0.00000677384150549,9.90546844548e-9],"dvar2":[0.0967352762818,8.35295200348,42.6876792908,138.528869629,567.555480957,452.32119751,1215.95703125,1862.30163574,2061.78491211,3271.7800293,5250.17236328,2166.00317383,2000.97216797,2358.07861328,732.66619873,3650.23242188,2933.47973633,482.26348877,1970.14941406,1269.49682617,366.873382568,1345.71472168,1169.79309082,296.287689209,259.299713135,221.053329468,54.7335472107,15.7579851151,11.0485754013,9.60618877411,12.6053190231,16.0134506226,19.9206104279,16.1123275757,25.17146492,42.3223495483,5.15004062653,0.0297959782183,0.0000176679968718,2.62870880618e-8],"max":[3.48672676086,28.7291297913,60.6197357178,109.268470764,262.261535645,372.158813477,434.362304688,1286.82189941,1397.52331543,1387.4543457,2492.81835938,1423.87426758,1045.859375,1830.15270996,1494.70422363,968.851501465,733.309631348,808.529418945,862.963012695,1048.37890625,628.806762695,1500.25793457,1032.35644531,501.071990967,548.294799805,635.218688965,264.572814941,71.0380096436,57.304851532,93.1266174316,175.358505249,196.103027344,229.34538269,147.649841309,185.633392334,231.23210144,64.140953064,5.18334531784,0.12430318445,0.0052178115584],"mean":[0.191206634045,1.46368956566,5.19357776642,11.0268363953,19.9445037842,17.4720516205,25.5317077637,40.2322235107,40.0468063354,32.8261833191,39.7156677246,20.8684692383,20.1805019379,17.7907562256,9.76697444916,28.9629878998,19.5227127075,11.0427656174,16.2692756653,11.3376102448,6.84449100494,9.82869243622,8.86646366119,5.01719427109,6.47680187225,4.98367929459,3.27035951614,2.31359601021,2.00858354568,2.41839313507,2.20826292038,2.29662442207,1.88217759132,1.630600214,1.13005542755,0.580366849899,0.167560815811,0.0163051504642,0.000453976186691,0.0000571766540816],"median":[0.0749724060297,0.765900552273,3.09681129456,8.47607326508,12.3107852936,10.9475479126,15.0162286758,15.0840854645,10.1072597504,6.96096038818,10.5265598297,6.43991327286,6.35299682617,5.06492424011,3.24030971527,10.04733181,4.02498435974,3.54089069366,4.1163854599,3.71003961563,2.06863689423,1.97839796543,1.68043398857,1.39846622944,2.22101211548,1.22642111778,0.967978239059,1.01732540131,0.737444162369,1.15700376034,0.870712995529,0.772935509682,0.416547596455,0.253218531609,0.0764947980642,0.0114061143249,0.00216447608545,0.000314921460813,0.0000325284781866,0.0000411733490182],"min":[4.42547776203e-10,3.04281239094e-10,1.0564100289e-10,2.36880653981e-10,5.98207483549e-10,5.15372078347e-10,5.81012904455e-10,1.19981657942e-9,1.93395766068e-9,1.87302462429e-9,2.97335644994e-9,6.41420205838e-9,5.00365215927e-9,2.1879114076e-9,1.63145408294e-9,3.8266088076e-9,4.07632994026e-9,2.23412621736e-9,4.11082012874e-9,2.1734860578e-9,1.29794541781e-9,4.52971438136e-9,3.94782961877e-9,3.05897995823e-9,6.10814643309e-9,6.03030958501e-9,9.14767817051e-9,7.66030350263e-9,1.91042275333e-8,1.17555334356e-8,7.31981675273e-9,8.44002379097e-9,4.42971925807e-9,2.39216957354e-9,4.32299351871e-9,2.29535257468e-9,9.20983178609e-10,5.13492415255e-10,1.81266196497e-10,1.71886758299e-11],"var":[0.0789074152708,4.67521333694,36.6527328491,108.602470398,529.617797852,480.811737061,1040.27648926,5410.1484375,8140.703125,8549.48925781,12352.6796875,4282.25292969,2871.72485352,5560.32617188,1659.00708008,2849.74414063,2257.97631836,689.572875977,1736.34130859,1055.55102539,441.88873291,1696.47375488,1093.34289551,175.612045288,326.174468994,201.039779663,65.9868164063,18.4296569824,16.1525249481,16.8724117279,23.7731494904,30.3941440582,26.7981987,23.9693107605,18.2115058899,11.7668380737,1.1920620203,0.0083828093484,0.00000538143876838,8.80092443367e-9]},"erbbands_crest":{"dmean":2.68592810631,"dmean2":4.13960647583,"dvar":6.56274557114,"dvar2":15.7677640915,"max":32.715259552,"mean":11.4032077789,"median":10.2382717133,"min":2.31637787819,"var":28.7077980042},"erbbands_flatness_db":{"dmean":0.0173775330186,"dmean2":0.0246584676206,"dvar":0.000400413060561,"dvar2":0.000746103236452,"max":0.406921833754,"mean":0.171264216304,"median":0.166838288307,"min":0.0315349660814,"var":0.00304674147628},"erbbands_kurtosis":{"dmean":1.68846023083,"dmean2":2.46725988388,"dvar":7.34802627563,"dvar2":14.5895586014,"max":87.510055542,"mean":3.03744053841,"median":0.924443602562,"min":-1.8759611845,"var":36.0424423218},"erbbands_skewness":{"dmean":0.387635886669,"dmean2":0.568874955177,"dvar":0.134968489408,"dvar2":0.295713424683,"max":7.222615242,"mean":1.11173546314,"median":0.968244433403,"min":-2.75702500343,"var":1.26880836487},"erbbands_spread":{"dmean":8.16131019592,"dmean2":12.0218811035,"dvar":123.82522583,"dvar2":255.755584717,"max":184.938140869,"mean":37.8204956055,"median":32.7201766968,"min":1.18522322178,"var":572.115661621},"gfcc":{"cov":[[7463.15039063,-784.201293945,-31.0046596527,413.932983398,-341.229797363,654.291809082,-369.847229004,249.437240601,-298.814575195,118.884277344,-61.5632820129,26.0921916962,-68.014251709],[-784.201293945,1420.89599609,-228.6431427,-119.778511047,264.563323975,-258.140441895,214.450027466,-233.199478149,243.109558105,-193.548110962,90.9189071655,-97.1698608398,48.3419685364],[-31.0046596527,-228.6431427,915.235046387,145.60218811,-202.386825562,36.8185272217,25.3323669434,76.7196731567,-123.450630188,-2.35717535019,-107.935005188,1.51613128185,-8.98455429077],[413.932983398,-119.778511047,145.60218811,427.705841064,-31.2707462311,111.778625488,34.7111358643,31.9298667908,-28.5414562225,-40.6246643066,7.69852495193,-44.0946350098,29.3805198669],[-341.229797363,264.563323975,-202.386825562,-31.2707462311,508.71307373,10.8573598862,92.2530670166,-16.0049266815,86.1998901367,43.621131897,-8.38350009918,29.9105796814,-31.7816753387],[654.291809082,-258.140441895,36.8185272217,111.778625488,10.8573598862,427.390350342,-9.37290477753,27.6623954773,-35.1609382629,49.2513504028,26.8436012268,-21.1587524414,16.251789093],[-369.847229004,214.450027466,25.3323669434,34.7111358643,92.2530670166,-9.37290477753,198.392181396,-4.79286193848,28.458562851,-32.2985229492,4.89850234985,-16.3784675598,0.0721520334482],[249.437240601,-233.199478149,76.7196731567,31.9298667908,-16.0049266815,27.6623954773,-4.79286193848,186.671142578,1.02611196041,32.2537727356,-38.5711631775,12.9310932159,-16.7823181152],[-298.814575195,243.109558105,-123.450630188,-28.5414562225,86.1998901367,-35.1609382629,28.458562851,1.02611196041,184.121536255,19.7898426056,35.4723548889,-30.7457752228,1.25524926186],[118.884277344,-193.548110962,-2.35717535019,-40.6246643066,43.621131897,49.2513504028,-32.2985229492,32.2537727356,19.7898426056,167.669387817,28.9911155701,29.3541641235,-39.5861434937],[-61.5632820129,90.9189071655,-107.935005188,7.69852495193,-8.38350009918,26.8436012268,4.89850234985,-38.5711631775,35.4723548889,28.9911155701,130.924468994,23.9868030548,6.78250074387],[26.0921916962,-97.1698608398,1.51613128185,-44.0946350098,29.9105796814,-21.1587524414,-16.3784675598,12.9310932159,-30.7457752228,29.3541641235,23.9868030548,106.520622253,14.0456514359],[-68.014251709,48.3419685364,-8.98455429077,29.3805198669,-31.7816753387,16.251789093,0.0721520334482,-16.7823181152,1.25524926186,-39.5861434937,6.78250074387,14.0456514359,85.4151992798]],"icov":[[0.00028529780684,-0.000558126077522,0.000313421478495,-0.000512209255248,0.000511562102474,-0.000635803095065,0.000627155124675,-0.000564873917028,0.000625333632343,-0.000580425257795,0.000860043277498,-0.000851983728353,0.000745627505239],[-0.000558126077522,0.00412253523245,-0.00125870958436,0.00215237215161,-0.00265352334827,0.00253512407653,-0.0025949513074,0.00313827558421,-0.00354857207276,0.00425845710561,-0.00461453339085,0.0044918092899,-0.00284773437306],[0.000313421478495,-0.00125870958436,0.00212199613452,-0.00139993615448,0.00177541270386,-0.00108461140189,0.000231324956985,-0.00101673149038,0.00146557891276,-0.00182107684668,0.00324505893514,-0.00240736897103,0.00160637346562],[-0.000512209255248,0.00215237215161,-0.00139993615448,0.00451424578205,-0.00201770244166,0.00116908573546,-0.00174692657311,0.000804691109806,-0.00117997871712,0.00291552674025,-0.00423200754449,0.00464067002758,-0.00319818034768],[0.000511562102474,-0.00265352334827,0.00177541270386,-0.00201770244166,0.00512175494805,-0.00241654622369,0.000167043530382,-0.00108913471922,0.000613375043031,-0.00337517797016,0.00561097962782,-0.00583491241559,0.00388200045563],[-0.000635803095065,0.00253512407653,-0.00108461140189,0.00116908573546,-0.00241654622369,0.00501926103607,-0.00171776523348,0.00142546568532,-0.000974718248472,0.00126609776635,-0.0044696261175,0.00509821344167,-0.00391225423664],[0.000627155124675,-0.0025949513074,0.000231324956985,-0.00174692657311,0.000167043530382,-0.00171776523348,0.00841968134046,-0.00260494835675,0.00213813222945,-0.000974655733444,0.00151920039207,-0.00176432833541,0.00214968807995],[-0.000564873917028,0.00313827558421,-0.00101673149038,0.000804691109806,-0.00108913471922,0.00142546568532,-0.00260494835675,0.00950588658452,-0.00459518423304,0.00208722800016,-0.000090779743914,0.000563678622711,-0.000466863712063],[0.000625333632343,-0.00354857207276,0.00146557891276,-0.00117997871712,0.000613375043031,-0.000974718248472,0.00213813222945,-0.00459518423304,0.0118370503187,-0.00517770368606,0.000542134046555,0.00137786520645,-0.000267849303782],[-0.000580425257795,0.00425845710561,-0.00182107684668,0.00291552674025,-0.00337517797016,0.00126609776635,-0.000974655733444,0.00208722800016,-0.00517770368606,0.013640621677,-0.00681255105883,0.00214725243859,0.00143321731593],[0.000860043277498,-0.00461453339085,0.00324505893514,-0.00423200754449,0.00561097962782,-0.0044696261175,0.00151920039207,-0.000090779743914,0.000542134046555,-0.00681255105883,0.0185172725469,-0.0112623693421,0.00522890826687],[-0.000851983728353,0.0044918092899,-0.00240736897103,0.00464067002758,-0.00583491241559,0.00509821344167,-0.00176432833541,0.000563678622711,0.00137786520645,0.00214725243859,-0.0112623693421,0.0215924568474,-0.00978042371571],[0.000745627505239,-0.00284773437306,0.00160637346562,-0.00319818034768,0.00388200045563,-0.00391225423664,0.00214968807995,-0.000466863712063,-0.000267849303782,0.00143321731593,0.00522890826687,-0.00978042371571,0.019138533622]],"mean":[-20.3576583862,113.712425232,-85.6868362427,34.2927322388,-64.5699615479,15.0235519409,-43.1393203735,3.08448052406,-24.9463768005,-0.839280724525,-11.1073408127,-5.16770124435,-10.0736732483]},"hfc":{"dmean":5.29570055008,"dmean2":7.67384290695,"dvar":225.229827881,"dvar2":547.624938965,"max":867.622924805,"mean":17.4255485535,"median":12.3202295303,"min":4.53585435878e-8,"var":408.653167725},"melbands":{"dmean":[0.000735937675927,0.000914069067221,0.000784572679549,0.000548391893972,0.000395370443584,0.000343309744494,0.000224114322918,0.000172664556885,0.000138844072353,0.0000637629855191,0.0000519403620274,0.0000352646093233,0.0000148647050082,0.0000369838962797,0.000029221891964,0.0000273388941423,0.0000097639112937,0.0000141493028423,0.0000140174461194,0.00000667129370413,0.00000468415782962,0.0000057890338212,0.00000838206142362,0.00000338670020028,0.00000231724038713,0.00000298814757116,0.000001759044153,0.00000175511308953,0.00000103125296391,7.65168636008e-7,6.13449458342e-7,4.98801853155e-7,5.87615716086e-7,5.72937096877e-7,4.82612279029e-7,6.84320980326e-7,5.16617490121e-7,5.60209230116e-7,7.52471294163e-7,7.08678669525e-7],"dmean2":[0.00118930090684,0.00152613641694,0.00129131495487,0.000885445857421,0.000636005483102,0.000468974962132,0.000291769334581,0.000243287082412,0.000193498650333,0.0000917778452276,0.0000758032692829,0.0000514312596351,0.0000215052350541,0.0000591746938881,0.0000453600587207,0.0000404781931138,0.0000150832647705,0.0000219612666115,0.0000217235465243,0.0000102649164546,0.00000711226539352,0.00000857513805386,0.0000125273554659,0.00000528180407855,0.00000373801890419,0.00000488312980451,0.00000281083976006,0.00000278875972981,0.00000167463701928,0.00000123175539102,9.88368242361e-7,7.79524555128e-7,9.21894354633e-7,9.21723597003e-7,7.75009993959e-7,0.00000103752256564,7.99353301772e-7,8.17572129108e-7,0.00000106750485429,0.00000102642673028],"dvar":[0.0000032834011563,0.0000040567247197,0.00000155295015247,0.00000104020944036,4.43265946615e-7,4.6072327109e-7,2.74859388583e-7,2.44965690399e-7,1.68485414065e-7,5.24142720337e-8,2.42565949549e-8,1.96792946383e-8,4.70694772048e-9,6.7500911527e-9,4.415506627e-9,6.33831875874e-9,9.70529434596e-10,1.94971638834e-9,2.341052463e-9,5.15175291316e-10,3.68256897199e-10,8.11792688626e-10,1.83794124364e-9,3.52849582885e-10,8.64872617967e-11,9.91814616547e-11,2.18966181992e-11,5.85797521602e-11,1.64549623927e-11,3.4783627801e-12,2.66927343943e-12,2.05054549729e-12,1.93270378e-12,1.89352570082e-12,1.96926025833e-12,4.27459630192e-12,3.08472431626e-12,4.53534649072e-12,6.55284897524e-12,7.11309310064e-12],"dvar2":[0.00000857722807268,0.0000115448001452,0.000004324420388,0.0000026505790629,0.00000119482706396,8.6096446239e-7,4.79807283682e-7,4.77737899018e-7,3.10464884024e-7,8.94869032209e-8,4.94313745492e-8,3.81306399788e-8,8.59907167694e-9,1.80496275703e-8,1.10647189189e-8,1.38783109449e-8,1.9647503624e-9,4.50971571198e-9,5.84691317584e-9,1.08573039448e-9,6.92686463744e-10,1.51160206574e-9,4.02754141149e-9,7.75708886014e-10,2.20835974507e-10,2.34206903871e-10,5.30036708968e-11,1.36143568641e-10,4.07458441987e-11,8.41729116963e-12,6.28444041598e-12,4.57725654254e-12,4.47672324558e-12,4.20357151865e-12,4.45619626269e-12,8.09992177497e-12,6.2683244012e-12,9.33630603384e-12,1.18025806142e-11,1.36789858954e-11],"max":[0.0296406839043,0.0307185277343,0.0195399764925,0.0179528798908,0.0167569611222,0.0248685199767,0.0219421423972,0.0168328750879,0.0194007791579,0.00942913908511,0.00502850767225,0.00736554898322,0.00388142256998,0.00290224608034,0.00131659209728,0.00232554459944,0.00185321888421,0.00147223984823,0.00225434056483,0.00082162860781,0.000978511408903,0.00221846415661,0.00213039945811,0.00168050010689,0.000432416272815,0.000514729879797,0.000137109702337,0.00053052714793,0.000273109588306,0.0000796691892901,0.0000424421050411,0.0000357666358468,0.0000569243456994,0.0000712835317245,0.000100071170891,0.000127627456095,0.000100648969237,0.000150953535922,0.000155362780788,0.000116742856335],"mean":[0.00174305553082,0.00248868810013,0.00230497331358,0.00134326028638,0.000862809247337,0.00092348101316,0.000589459377807,0.000377606716938,0.000297151011182,0.000120007534861,0.0000957127995207,0.0000703254918335,0.0000278815186903,0.0000654334653518,0.0000484531155962,0.0000421102195105,0.000017272106561,0.00002280179433,0.0000227123491641,0.0000109294760477,0.00000759528165872,0.00000925268705032,0.0000129009786178,0.00000502516786582,0.00000360851799996,0.00000535781282451,0.0000035088671666,0.00000324636289406,0.00000217789624912,0.00000164307016348,0.00000117998308724,0.0000010372828001,0.00000136279572871,0.00000129116722292,0.00000111550684778,0.00000165466610724,0.00000121491564187,0.0000011406223166,0.00000155957525294,0.00000130519947561],"median":[0.000834940117784,0.0016177269863,0.00176414998714,0.000899224542081,0.000516277679708,0.000349030189682,0.00014368299162,0.0000666704800096,0.0000758871319704,0.0000329513859469,0.0000280637577816,0.0000188516005437,0.00000748565707909,0.0000216396874748,0.0000170201747096,0.00000666127561999,0.00000427487248089,0.00000517744774697,0.00000652213884678,0.00000290358616439,0.00000189929778571,0.00000175624029453,0.00000177908327714,0.00000105448202703,8.83086158865e-7,0.00000164463517649,0.00000118164223295,6.43832777314e-7,4.47221594868e-7,7.78934577284e-7,4.58155795968e-7,2.77486662981e-7,6.55896315038e-7,5.73069371512e-7,4.06262557817e-7,6.00093187586e-7,3.80255244181e-7,2.50697155479e-7,3.05717378524e-7,1.76843869326e-7],"min":[3.77604891799e-12,2.63686201509e-14,5.02629012088e-14,4.10681891597e-14,2.49890558956e-14,2.95013579538e-14,2.89213877185e-14,2.02820768671e-14,2.7784557695e-14,4.05750601304e-14,2.42406751817e-14,8.96918275056e-15,5.55735606188e-15,8.03526963391e-15,1.21282166913e-14,6.62551331276e-15,3.44147347711e-15,6.28648117584e-15,4.42848941857e-15,2.41392213869e-15,1.13958415119e-15,4.29085715255e-15,5.14804306023e-15,2.50322037539e-15,2.15862471432e-15,5.11217629711e-15,3.95290413561e-15,4.05010413092e-15,4.8980785553e-15,6.52851618184e-15,3.98243212767e-15,1.08843716782e-14,1.07822322102e-14,4.86708053756e-15,4.61502132015e-15,3.64239075099e-15,5.92065272812e-15,3.57261937658e-15,1.93239470784e-15,1.87813335373e-15],"var":[0.00000638922210783,0.0000078838547779,0.00000473036516269,0.00000231259059547,0.00000123419579268,0.0000026856275781,0.00000181957921086,0.00000117058164051,7.63642049151e-7,1.75911864631e-7,6.96982240811e-8,9.36263475637e-8,1.62571502926e-8,1.73263128289e-8,8.92920226647e-9,1.21617045323e-8,2.75877920508e-9,3.99173805121e-9,3.93406329735e-9,1.07690023565e-9,8.65511884385e-10,2.09534611884e-9,3.43415562654e-9,5.83980142022e-10,1.1877375472e-10,2.75195893851e-10,6.09882283564e-11,1.08621257822e-10,4.68905678175e-11,9.13568699856e-12,5.57814211488e-12,5.54667466471e-12,5.61616508507e-12,5.6098736767e-12,6.90324186703e-12,1.39088723178e-11,9.4795907235e-12,1.05380461302e-11,1.74450107138e-11,1.78824472591e-11]},"melbands_crest":{"dmean":2.48005867004,"dmean2":4.02258491516,"dvar":5.68966293335,"dvar2":14.7876205444,"max":37.6924858093,"mean":14.2351236343,"median":13.6455612183,"min":4.38210344315,"var":17.7579154968},"melbands_flatness_db":{"dmean":0.0198490656912,"dmean2":0.0301946420223,"dvar":0.000455521774711,"dvar2":0.00102352234535,"max":0.55756598711,"mean":0.270018398762,"median":0.263937473297,"min":0.0512341074646,"var":0.00524645159021},"melbands_kurtosis":{"dmean":8.9646320343,"dmean2":13.7770614624,"dvar":159.508468628,"dvar2":388.175140381,"max":339.180847168,"mean":25.885602951,"median":16.8616294861,"min":-1.72323727608,"var":818.153686523},"melbands_skewness":{"dmean":0.699207603931,"dmean2":1.05587828159,"dvar":0.542563080788,"dvar2":1.27554368973,"max":14.2210760117,"mean":3.29805827141,"median":3.01567316055,"min":-1.85535538197,"var":3.34643363953},"melbands_spread":{"dmean":2.98213648796,"dmean2":4.60614681244,"dvar":17.7039432526,"dvar2":41.1453399658,"max":118.744026184,"mean":11.4989404678,"median":8.68551063538,"min":0.805371463299,"var":94.930267334},"mfcc":{"cov":[[5623.89404297,-911.501037598,-33.7605819702,-237.732040405,214.680541992,136.094604492,199.37310791,21.4577007294,-27.2981185913,37.4076538086,35.9329376221,37.2362251282,64.1581954956],[-911.501037598,1356.42431641,-337.10736084,114.226028442,-6.34212255478,27.7660827637,-108.8020401,43.7896842957,12.3080329895,-11.3979949951,6.55739593506,7.44943618774,-22.012556076],[-33.7605819702,-337.10736084,976.602478027,72.8189620972,-110.925468445,-52.5599784851,71.7800827026,15.8967447281,15.0760545731,-10.0853805542,-55.7022361755,-81.9905319214,-31.6201515198],[-237.732040405,114.226028442,72.8189620972,401.040588379,-10.2131605148,-41.2840499878,16.4737548828,48.8093528748,24.4780483246,6.51600027084,-22.828994751,-20.477230072,-25.944858551],[214.680541992,-6.34212255478,-110.925468445,-10.2131605148,239.447982788,104.626716614,20.0116062164,22.0082645416,37.4321403503,29.5009536743,36.7257843018,29.1990604401,10.300245285],[136.094604492,27.7660827637,-52.5599784851,-41.2840499878,104.626716614,259.524169922,94.5871047974,10.7838859558,7.4243683815,40.7242431641,11.5801229477,15.4135284424,25.6403446198],[199.37310791,-108.8020401,71.7800827026,16.4737548828,20.0116062164,94.5871047974,168.807022095,56.0422210693,6.17955827713,11.014415741,-6.20526504517,-12.4285726547,10.2005376816],[21.4577007294,43.7896842957,15.8967447281,48.8093528748,22.0082645416,10.7838859558,56.0422210693,121.987953186,48.9404449463,5.49207115173,-12.0311107635,-9.44137382507,-13.7383708954],[-27.2981185913,12.3080329895,15.0760545731,24.4780483246,37.4321403503,7.4243683815,6.17955827713,48.9404449463,110.922203064,54.7944564819,5.36024045944,-15.7863359451,-14.5387744904],[37.4076538086,-11.3979949951,-10.0853805542,6.51600027084,29.5009536743,40.7242431641,11.014415741,5.49207115173,54.7944564819,119.518623352,51.6462783813,6.50482273102,-3.62573719025],[35.9329376221,6.55739593506,-55.7022361755,-22.828994751,36.7257843018,11.5801229477,-6.20526504517,-12.0311107635,5.36024045944,51.6462783813,112.226829529,66.2633666992,9.29550647736],[37.2362251282,7.44943618774,-81.9905319214,-20.477230072,29.1990604401,15.4135284424,-12.4285726547,-9.44137382507,-15.7863359451,6.50482273102,66.2633666992,125.520446777,57.9066390991],[64.1581954956,-22.012556076,-31.6201515198,-25.944858551,10.300245285,25.6403446198,10.2005376816,-13.7383708954,-14.5387744904,-3.62573719025,9.29550647736,57.9066390991,104.538978577]],"icov":[[0.000217284730752,0.000131890497869,0.0000393032423744,0.0000923258121475,-0.000186056509847,0.0000481575625599,-0.000169209262822,-0.0000820543136797,0.000160631432664,-0.0000979021497187,0.0000315874131047,0.000014841830307,-0.0000506170508743],[0.000131890497869,0.00106396607589,0.000336638593581,-0.000305098452372,0.000311744457576,-0.000683926744387,0.00104549853131,-0.000884563312866,0.000119047646876,0.000315354001941,-0.000429425301263,0.000363686529454,-0.0000478136535094],[0.0000393032423744,0.000336638593581,0.00130887178238,-0.000233638551435,0.000541505462024,0.0000615115714027,-0.000442773656687,0.0000688519503456,-0.000343997671735,0.000165175064467,-0.0000279374999081,0.00056985905394,0.000013200145986],[0.0000923258121475,-0.000305098452372,-0.000233638551435,0.00294095254503,-0.000400830846047,0.000923587009311,-0.000739139737561,-0.00063993758522,0.000204639101867,-0.000871504773386,0.00108924799133,-0.000589375791606,0.000567156472243],[-0.000186056509847,0.000311744457576,0.000541505462024,-0.000400830846047,0.00636446941644,-0.0029873130843,0.00132726738229,-0.000809035205748,-0.00238481187262,0.00155759300105,-0.00219975947402,0.0000642183003947,-0.00000370007887796],[0.0000481575625599,-0.000683926744387,0.0000615115714027,0.000923587009311,-0.0029873130843,0.0073788058944,-0.00482450798154,0.00181147002149,0.001025824924,-0.00302845030092,0.00249901972711,-0.00127037323546,-0.000213278573938],[-0.000169209262822,0.00104549853131,-0.000442773656687,-0.000739139737561,0.00132726738229,-0.00482450798154,0.0118599738926,-0.00634248182178,0.00212325924076,0.000413152534747,-0.00216256338172,0.00288100354373,-0.00202555395663],[-0.0000820543136797,-0.000884563312866,0.0000688519503456,-0.00063993758522,-0.000809035205748,0.00181147002149,-0.00634248182178,0.0146034033969,-0.00686234934255,0.00192730489653,0.00211432157084,-0.00269410852343,0.00231634220108],[0.000160631432664,0.000119047646876,-0.000343997671735,0.000204639101867,-0.00238481187262,0.001025824924,0.00212325924076,-0.00686234934255,0.0169698204845,-0.00852471776307,0.00218992331065,0.00135938578751,-0.000135732596391],[-0.0000979021497187,0.000315354001941,0.000165175064467,-0.000871504773386,0.00155759300105,-0.00302845030092,0.000413152534747,0.00192730489653,-0.00852471776307,0.0167762320489,-0.00947102718055,0.00371822016314,-0.00105873483699],[0.0000315874131047,-0.000429425301263,-0.0000279374999081,0.00108924799133,-0.00219975947402,0.00249901972711,-0.00216256338172,0.00211432157084,0.00218992331065,-0.00947102718055,0.0207609795034,-0.0122486511245,0.00515961041674],[0.000014841830307,0.000363686529454,0.00056985905394,-0.000589375791606,0.0000642183003947,-0.00127037323546,0.00288100354373,-0.00269410852343,0.00135938578751,0.00371822016314,-0.0122486511245,0.0192689821124,-0.0095027461648],[-0.0000506170508743,-0.0000478136535094,0.000013200145986,0.000567156472243,-0.00000370007887796,-0.000213278573938,-0.00202555395663,0.00231634220108,-0.000135732596391,-0.00105873483699,0.00515961041674,-0.0095027461648,0.0150357037783]],"mean":[-671.151000977,138.502990723,34.6821060181,22.5246047974,8.03872489929,5.18028974533,-0.896816015244,-1.29300773144,-7.46418237686,0.885131001472,-3.42893648148,-2.15685129166,-0.615439832211]},"pitch_salience":{"dmean":0.0594312809408,"dmean2":0.0950011983514,"dvar":0.00301383971237,"dvar2":0.00779046863317,"max":0.831743657589,"mean":0.534258782864,"median":0.540339708328,"min":0.0713052302599,"var":0.0115287201479},"silence_rate_20dB":{"dmean":0,"dmean2":0,"dvar":0,"dvar2":0,"max":1,"mean":1,"median":1,"min":1,"var":0},"silence_rate_30dB":{"dmean":0.00405056215823,"dmean2":0.00810169056058,"dvar":0.0040340628475,"dvar2":0.0104101207107,"max":1,"mean":0.994832396507,"median":1,"min":0,"var":0.00514119211584},"silence_rate_60dB":{"dmean":0.00432991143316,"dmean2":0.00866042729467,"dvar":0.00431139534339,"dvar2":0.0109607428312,"max":1,"mean":0.0341480448842,"median":0,"min":0,"var":0.032982815057},"spectral_centroid":{"dmean":117.156845093,"dmean2":181.532867432,"dvar":24175.125,"dvar2":54624.9023438,"max":4268.27685547,"mean":727.356750488,"median":591.768615723,"min":181.105407715,"var":220441.125},"spectral_complexity":{"dmean":1.92736923695,"dmean2":3.11747455597,"dvar":5.19084453583,"dvar2":11.5289134979,"max":53,"mean":12.6634082794,"median":12,"min":0,"var":35.268951416},"spectral_contrast_coeffs":{"dmean":[0.0424084216356,0.0439580865204,0.0373492762446,0.0315272994339,0.0203669033945,0.0129469530657],"dmean2":[0.070401892066,0.0701787695289,0.0598691999912,0.0497465543449,0.0328076034784,0.021445132792],"dvar":[0.00133827363607,0.00131479487754,0.000999390380457,0.000712416309398,0.00031094395672,0.000191497500055],"dvar2":[0.00359587254934,0.00328266108409,0.00249391235411,0.00170676643029,0.000744207820389,0.000468843238195],"max":[-0.246730282903,-0.309189647436,-0.394011378288,-0.517778515816,-0.565602779388,-0.661187767982],"mean":[-0.608654916286,-0.663634419441,-0.718862533569,-0.755592107773,-0.784445285797,-0.782329142094],"median":[-0.614295244217,-0.675593614578,-0.723646998405,-0.757954955101,-0.790710449219,-0.782127857208],"min":[-0.960489749908,-0.980853796005,-0.955747961998,-0.956622064114,-0.945197165012,-0.921837687492],"var":[0.0075717153959,0.00949047226459,0.00509214680642,0.00422129174694,0.00210914714262,0.000871974858455]},"spectral_contrast_valleys":{"dmean":[0.320282876492,0.3182310462,0.303541570902,0.275645673275,0.209703177214,0.217376559973],"dmean2":[0.531533181667,0.52134937048,0.495320886374,0.44828826189,0.33563965559,0.308394700289],"dvar":[0.0841104462743,0.0751203224063,0.0762704834342,0.0728088915348,0.0664855241776,0.152992025018],"dvar2":[0.213517829776,0.192720830441,0.189631417394,0.174243301153,0.147927924991,0.294236689806],"max":[-4.90210580826,-4.45108890533,-5.26492738724,-5.75909328461,-5.92540121078,-7.25940179825],"mean":[-6.91109514236,-6.8612575531,-8.00894737244,-8.54477882385,-8.38830184937,-10.4446344376],"median":[-6.68423271179,-6.76772117615,-7.94710731506,-8.49655914307,-8.36828994751,-10.3141536713],"min":[-18.7290229797,-17.581861496,-18.0073852539,-18.1866588593,-17.6730041504,-18.9054298401],"var":[1.15379750729,0.794277727604,0.845461547375,0.924930036068,0.776591956615,1.43618571758]},"spectral_decrease":{"dmean":2.02043071162e-9,"dmean2":3.13862824619e-9,"dvar":7.5260308386e-18,"dvar2":1.96567875501e-17,"max":-6.80724107838e-18,"mean":-9.05757158165e-9,"median":-8.36027425066e-9,"min":-4.45649988023e-8,"var":3.07274767379e-17},"spectral_energy":{"dmean":0.00785541813821,"dmean2":0.0121455006301,"dvar":0.000114004149509,"dvar2":0.00029492500471,"max":0.171518221498,"mean":0.035765837878,"median":0.0330278240144,"min":2.98063067283e-11,"var":0.000473615014926},"spectral_energyband_high":{"dmean":0.000311942276312,"dmean2":0.000448131177109,"dvar":0.00000157848546678,"dvar2":0.00000372818749383,"max":0.0723259970546,"mean":0.000627815257758,"median":0.000180450108019,"min":3.52239721765e-12,"var":0.00000259401963376},"spectral_energyband_low":{"dmean":0.00437655905262,"dmean2":0.00720999855548,"dvar":0.0000821998110041,"dvar2":0.0002250787511,"max":0.144871845841,"mean":0.0137534094974,"median":0.00976647995412,"min":1.66427201881e-11,"var":0.000193087937078},"spectral_energyband_middle_high":{"dmean":0.000982836354524,"dmean2":0.00145392783452,"dvar":0.00000358597367267,"dvar2":0.0000080235186033,"max":0.0450866147876,"mean":0.00282092578709,"median":0.00131562002935,"min":7.36059975991e-13,"var":0.0000165798119269},"spectral_energyband_middle_low":{"dmean":0.00557175464928,"dmean2":0.00841589085758,"dvar":0.0000484661577502,"dvar2":0.000117063042126,"max":0.128106459975,"mean":0.0206447020173,"median":0.017053373158,"min":2.619089624e-12,"var":0.000236784559092},"spectral_entropy":{"dmean":0.178664043546,"dmean2":0.265490233898,"dvar":0.0485608242452,"dvar2":0.101090446115,"max":8.94208526611,"mean":7.00715494156,"median":7.05085754395,"min":4.80598783493,"var":0.385883510113},"spectral_flux":{"dmean":0.0199535116553,"dmean2":0.0322620682418,"dvar":0.000561142282095,"dvar2":0.00130931427702,"max":0.345031142235,"mean":0.0686276555061,"median":0.0601432844996,"min":0.00000768115296523,"var":0.00153797934763},"spectral_kurtosis":{"dmean":2.08009457588,"dmean2":3.42756938934,"dvar":13.5004434586,"dvar2":35.4371871948,"max":96.7427444458,"mean":6.59544086456,"median":4.35660743713,"min":-0.9345895648,"var":64.1071166992},"spectral_rms":{"dmean":0.000619827420451,"dmean2":0.000945667445194,"dvar":5.13531233537e-7,"dvar2":0.00000127624423385,"max":0.0129357967526,"mean":0.00558904977515,"median":0.00567646604031,"min":1.70526604393e-7,"var":0.00000365564710592},"spectral_rolloff":{"dmean":263.246398926,"dmean2":455.782104492,"dvar":865420.625,"dvar2":2211644.5,"max":13910.4492188,"mean":745.563171387,"median":452.197265625,"min":21.533203125,"var":1172951},"spectral_skewness":{"dmean":0.229417562485,"dmean2":0.366361111403,"dvar":0.0873292610049,"dvar2":0.214743629098,"max":8.22794628143,"mean":1.98749184608,"median":1.84813427925,"min":0.280161529779,"var":0.636426329613},"spectral_spread":{"dmean":657192.75,"dmean2":947844.3125,"dvar":1473360166910,"dvar2":2938816430080,"max":16623584,"mean":5202230,"median":4732152,"min":960876.625,"var":5586110906370},"spectral_strongpeak":{"dmean":0.449888825417,"dmean2":0.744580626488,"dvar":0.608674824238,"dvar2":1.4274456501,"max":14.9386501312,"mean":0.989206433296,"median":0.562825620174,"min":0,"var":1.34372138977},"zerocrossingrate":{"dmean":0.00828744843602,"dmean2":0.0100446529686,"dvar":0.00016172483447,"dvar2":0.000208111829124,"max":0.38671875,"mean":0.0423691049218,"median":0.03369140625,"min":0.0029296875,"var":0.00091955170501}},"metadata":{"audio_properties":{"analysis_sample_rate":44100,"bit_rate":0,"codec":"flac","downmix":"mix","equal_loudness":0,"length":332.474975586,"lossless":true,"md5_encoded":"d47426aedcaa853b1d71b0e2bef82154","replay_gain":-4.81930541992,"sample_rate":96000},"tags":{"acoustid_id":["73b15632-19e2-48c6-a7f9-bca3f8fd28d9"],"album":["The Endless River"],"albumartist":["Pink Floyd"],"albumartistsort":["Pink Floyd"],"artist":["Pink Floyd"],"artistsort":["Pink Floyd"],"asin":["B00NPZJ05I"],"barcode":["825646213337"],"catalognumber":["825646213337"],"date":["2014"],"discnumber":["2"],"disctotal":["1"],"file_name":"27_evrika_(b).flac","genre":["Pop","Rock"],"label":["Parlophone"],"media":["Blu-ray"],"musicbrainz_albumartistid":["83d91898-7763-47d7-b03b-b92132375c47"],"musicbrainz_albumid":["873e8c9d-aa38-4af1-ba78-dde038113169"],"musicbrainz_artistid":["83d91898-7763-47d7-b03b-b92132375c47"],"musicbrainz_recordingid":["b2fc8b9e-a2de-4b00-8f06-4e58ab593b2e"],"musicbrainz_releasegroupid":["38b4c840-16ce-40fa-b7c0-a354b7c87178"],"musicbrainz_releasetrackid":["7a9475ef-e4d5-4c39-92cf-e972c73cd3c8"],"originaldate":["2014-11-10"],"releasecountry":["XE"],"releasestatus":["official"],"releasetype":["album"],"script":["Latn"],"title":["Evrika (B)"],"totaldiscs":["1"],"totaltracks":["27"],"tracknumber":["27"],"tracktotal":["27"],"website":["http://www.pinkfloyd.com/"]},"version":{"essentia":"2.1-beta2","essentia_build_sha":"2d9f1f26377add8aeb1075a9c2973f962c4f09fd","essentia_git_sha":"v2.1_beta2-1-ge3940c0","extractor":"music 1.0"}},"rhythm":{"beats_count":661,"beats_loudness":{"dmean":0.0159203186631,"dmean2":0.028149722144,"dvar":0.000198084744625,"dvar2":0.000552311248612,"max":0.145755961537,"mean":0.0397540293634,"median":0.0382018536329,"min":2.13709627772e-9,"var":0.000393984577386},"beats_loudness_band_ratio":{"dmean":[0.177911132574,0.188056468964,0.111226454377,0.0326895527542,0.0236527062953,0.058265529573],"dmean2":[0.2992519438