{"lowlevel":{"average_loudness":0.701566874981,"barkbands":{"dmean":[0.00580319110304,0.0148128187284,0.00211720447987,0.001062002033,0.00198671757244,0.00167127535678,0.000973164860625,0.000681216653902,0.000684564874973,0.000733092252631,0.000563229317777,0.000770921411458,0.000264402973698,0.000218904635403,0.000239559420152,0.00015182387142,0.000113868358312,0.000077541822975,0.000079658741015,0.0000727662772988,0.0000443235549028,0.0000269024021691,0.0000122131314129,0.00000756507961341,0.00000244321518039,0.00000914894008019,0.000100178818684],"dmean2":[0.00955031998456,0.0252383220941,0.00353019451723,0.00178918952588,0.00317118875682,0.00263162236661,0.0015998914605,0.00109815690666,0.00111874891445,0.00120420963503,0.000921950326301,0.001259585144,0.000444404431619,0.000366221036529,0.000396074814489,0.000249238801189,0.000186157572898,0.000125016216771,0.000121988698083,0.000108345171611,0.0000634880998405,0.0000395608585677,0.0000190217469935,0.0000115052171168,0.00000408696178056,0.0000135004356707,0.000151469634147],"dvar":[0.000256099534454,0.00138192856684,0.0000234082308452,0.00000588292596149,0.0000123637146316,0.0000153119726747,0.00000479790833197,0.00000253895041169,0.00000336237076226,0.0000036349781567,0.00000203698573387,0.00000224018072004,2.54958365531e-7,1.68944609413e-7,1.87733547818e-7,9.55118295565e-8,4.84411160073e-8,2.67888982108e-8,6.96928736943e-8,8.92214870873e-8,5.37676143608e-8,1.28914665609e-8,1.88613746843e-9,7.25191517947e-10,2.46419863681e-11,6.65303478975e-10,3.91993957294e-8],"dvar2":[0.000646833563223,0.00371111696586,0.0000634062307654,0.0000156885216711,0.0000293730699923,0.0000351662019966,0.0000124385678646,0.00000599209761276,0.00000797913526185,0.00000967448431766,0.00000508187395099,0.0000056940725699,6.83744303842e-7,4.4757177875e-7,4.84831446101e-7,2.52317846616e-7,1.24304705196e-7,6.62109727045e-8,1.37370207653e-7,1.80025210739e-7,1.16598513955e-7,2.44316922249e-8,4.53347315243e-9,1.71380842851e-9,6.13203099409e-11,1.50703471924e-9,8.75637553577e-8],"max":[0.229653209448,0.446969896555,0.101908825338,0.0583444647491,0.0881827995181,0.0772504359484,0.0478539280593,0.0290188752115,0.0485215485096,0.0460890643299,0.0359884276986,0.0304248016328,0.0124461846426,0.00906805880368,0.0183955319226,0.00853607710451,0.00544165866449,0.00617130380124,0.00959786958992,0.00926059670746,0.0142270354554,0.00609376234934,0.00120572792366,0.000751317478716,0.0000724045166862,0.000684337632265,0.00482760975137],"mean":[0.00588056864217,0.0171807799488,0.00270468671806,0.00134578312282,0.0034085502848,0.00280159967951,0.00157376332209,0.0010201347759,0.00101659353822,0.001120547764,0.00092612800654,0.00145031372085,0.000461891671875,0.000415496295318,0.000501486880239,0.000299024075503,0.00022969681595,0.000157522736117,0.000152464999701,0.000132189161377,0.0000841166984173,0.0000497414112033,0.0000192504503502,0.0000123010167954,0.00000243015051637,0.0000178565132956,0.000350858899765],"median":[0.000962309422903,0.005091981031,0.000955255702138,0.000435911904788,0.00180486880708,0.000871331430972,0.000593291537371,0.000350020010956,0.000371620408259,0.000339521619026,0.000326273322571,0.000637297169305,0.000185060460353,0.000163041971973,0.000215238062083,0.0000969786779024,0.0000817780019133,0.0000537458254257,0.0000394650996896,0.0000255800805462,0.000014679530068,0.00000927212022361,0.00000381108384317,0.00000198511065719,5.54138296138e-7,0.00000305601270156,0.000102442296338],"min":[3.16626300597e-23,5.07308243994e-23,4.89697650037e-23,8.50385113852e-24,2.85625707853e-23,1.04697884398e-22,1.7821150399e-22,5.57790608763e-23,4.88648181043e-23,4.48630845043e-23,6.19514998738e-23,6.77758808181e-23,1.18149174523e-22,1.23958346229e-22,1.0769457134e-22,8.54743033928e-23,2.08922262927e-22,1.79213483557e-22,3.08047103776e-22,3.46780174222e-22,1.8318180732e-22,3.7714432661e-22,8.98598146678e-22,7.36604941324e-22,1.23332316312e-21,2.00772769369e-21,2.70429899168e-21],"var":[0.000238525230088,0.00123166304547,0.0000255125996773,0.00000850836750033,0.0000255036284216,0.0000397797812184,0.00000995307254925,0.00000458993508801,0.00000612769690633,0.00000616516126684,0.00000417422734245,0.00000566834842175,5.00538078541e-7,3.79655574534e-7,6.26025098427e-7,2.44431618057e-7,1.40087621503e-7,7.11292642563e-8,1.52034203893e-7,1.74555879084e-7,1.16685285434e-7,3.16814343648e-8,2.36981567703e-9,9.7892982609e-10,2.63910594767e-11,1.27353905199e-9,2.64409834472e-7]},"barkbands_crest":{"dmean":3.28719830513,"dmean2":5.40488195419,"dvar":7.73592376709,"dvar2":20.0227813721,"max":26.2525291443,"mean":11.7267847061,"median":11.1144447327,"min":2.73051095009,"var":20.5026721954},"barkbands_flatness_db":{"dmean":0.0331074930727,"dmean2":0.0520280599594,"dvar":0.00100972142536,"dvar2":0.00246103666723,"max":0.498959034681,"mean":0.172054693103,"median":0.160051211715,"min":0.0339279100299,"var":0.004740240518},"barkbands_kurtosis":{"dmean":10.3874349594,"dmean2":16.399477005,"dvar":1413.16369629,"dvar2":3056.08105469,"max":1456.14038086,"mean":15.3279380798,"median":5.47514104843,"min":-1.81651353836,"var":2203.15698242},"barkbands_skewness":{"dmean":0.872509598732,"dmean2":1.35193705559,"dvar":1.50277459621,"dvar2":3.27503347397,"max":29.5762500763,"mean":2.41055846214,"median":1.9637452364,"min":-2.78922772408,"var":4.04796648026},"barkbands_spread":{"dmean":4.74937534332,"dmean2":7.43424892426,"dvar":41.5565795898,"dvar2":95.803894043,"max":120.667327881,"mean":16.6719341278,"median":13.6891078949,"min":0.135584175587,"var":180.821166992},"dissonance":{"dmean":0.0214739758521,"dmean2":0.036134686321,"dvar":0.000444735371275,"dvar2":0.00120796228293,"max":0.500000119209,"mean":0.46203944087,"median":0.469548046589,"min":0.206156149507,"var":0.000935058691539},"dynamic_complexity":6.69141387939,"erbbands":{"dmean":[0.813209712505,2.05249643326,2.46567201614,2.90228056908,4.64001607895,7.38090896606,10.2088327408,16.4718990326,12.324839592,18.3532505035,10.8837156296,16.4317493439,15.9224500656,23.5946159363,26.1617336273,29.7464523315,13.277299881,8.6157541275,13.6808366776,9.06822395325,7.42475318909,6.07814645767,4.3207359314,3.73573040962,4.11529541016,3.39796257019,2.26474499702,1.48801600933,0.994883835316,0.696066319942,0.278841227293,0.198516666889,0.100995272398,0.029614219442,0.0174269881099,0.0184690002352,0.0218681916595,0.0158475153148,0.00668051559478,0.00248043332249],"dmean2":[1.39880740643,3.45069789886,4.06897163391,4.82228517532,7.56324481964,11.8906087875,16.3736190796,26.1385707855,19.7269611359,30.078748703,17.6520175934,26.9300136566,26.1713123322,38.3067398071,42.9865989685,48.7236022949,22.0524768829,14.3391933441,22.6379833221,14.801735878,12.1624565125,9.89946460724,6.88613271713,5.92293310165,6.1735830307,5.06235456467,3.27643036842,2.1695690155,1.46001768112,1.06815731525,0.434444874525,0.306417018175,0.152785584331,0.0486963018775,0.0290398746729,0.0281477123499,0.0322272069752,0.0233064778149,0.00922400038689,0.00370580563322],"dvar":[4.80119657516,20.1303710938,27.0042953491,46.3652229309,93.1780853271,210.061553955,515.878356934,1780.64660645,812.412841797,1931.26135254,541.971740723,1956.38671875,1997.60009766,3679.31396484,4048.21850586,3312.41381836,617.706359863,298.425598145,601.056335449,318.369506836,221.623733521,136.585342407,76.3726730347,112.782485962,250.644500732,194.262802124,92.6835632324,93.5526580811,21.3277053833,7.87234020233,0.902512907982,0.626423418522,0.0923823565245,0.00340422033332,0.00122898782138,0.00159407721367,0.00441196886823,0.00227794074453,0.000289372372208,0.0000211775568459],"dvar2":[13.0236797333,53.7716026306,72.7468719482,122.222068787,224.960586548,507.351593018,1218.33398438,4093.63842773,1987.85668945,4935.00390625,1279.33447266,4856.51708984,5342.55126953,9475.76464844,10668.3251953,8218.7421875,1642.36962891,783.593017578,1560.60107422,832.491882324,561.609191895,349.836791992,184.398498535,265.478973389,510.631774902,389.493804932,172.578079224,223.200393677,40.5871353149,18.5484600067,2.20033955574,1.55695593357,0.204237818718,0.00827905256301,0.00304762204178,0.00337918521836,0.0101145431399,0.00507077388465,0.000536758336239,0.0000455520166724],"max":[24.9461555481,56.3544654846,106.961509705,198.490066528,193.345733643,458.066040039,508.852142334,919.999328613,694.381591797,1346.73425293,636.633300781,1148.29052734,1141.43054199,1706.18933105,1610.17285156,1212.63464355,638.386901855,413.39654541,951.065490723,573.828430176,435.467468262,293.29296875,237.614074707,553.571655273,503.755859375,421.794586182,372.67086792,664.039611816,243.145706177,68.32837677,34.1359863281,26.9880199432,8.171667099,0.810916483402,0.513206660748,0.893212556839,1.94102728367,1.19970369339,0.504811823368,0.135511100292],"mean":[0.821280241013,2.59684467316,3.4107208252,4.21279096603,7.047747612,11.8173294067,15.4231472015,27.9434967041,20.9454402924,29.0331897736,18.356174469,24.2826213837,25.5938606262,39.0392799377,47.3336448669,56.7804794312,26.4443073273,18.2308216095,29.5111255646,20.1568241119,15.9776229858,13.0638380051,9.34252548218,7.6205329895,7.6080698967,6.2327003479,4.29792928696,2.78253746033,1.87690591812,1.0898373127,0.467177480459,0.322637677193,0.157966032624,0.0340206585824,0.0182458180934,0.0297801047564,0.0424921289086,0.0337682291865,0.0200946871191,0.0118043171242],"median":[0.183123230934,0.862703204155,1.39973187447,1.59509778023,3.26416492462,5.71464824677,6.50150918961,7.80039024353,8.57288742065,9.74926185608,7.60435676575,9.27197170258,8.66661071777,14.2219333649,18.3632793427,24.8208236694,11.8404359818,7.38845348358,13.0709056854,8.53401756287,5.66557598114,4.81708240509,3.36337184906,2.28078222275,1.65084087849,1.24818098545,0.755416691303,0.49506765604,0.358394265175,0.190804630518,0.100462704897,0.0551107004285,0.0243740081787,0.00997266266495,0.00490249413997,0.0060669509694,0.00626692827791,0.00539861060679,0.00443017669022,0.00552818924189],"min":[1.60027661852e-21,1.13924750412e-20,6.0754690545e-20,2.90261198925e-20,4.64548024743e-20,7.16523362886e-20,6.00657408601e-19,7.23810694836e-19,2.35729786209e-18,1.6288770312e-18,1.51786618767e-18,1.34704625675e-18,9.60667297494e-19,2.39868977314e-18,1.62427004878e-18,3.49284127404e-18,4.94279624361e-18,7.5422650853e-18,4.83468084242e-18,6.01480287874e-18,5.99962039219e-18,1.09694373177e-17,7.56904423045e-18,1.47031999082e-17,1.59559368218e-17,1.69371103403e-17,8.87251957562e-18,8.72926926432e-18,1.36748191922e-17,2.58350524848e-17,1.89266501127e-17,1.54748221077e-17,1.30830583179e-17,1.1399332181e-17,1.02341630886e-17,6.41845171482e-18,3.70049255911e-18,1.65691100934e-18,4.01169052006e-19,3.83922988931e-20],"var":[3.89586615562,20.9021644592,31.28358078,75.6397247314,168.240112305,397.260467529,843.317810059,4951.26611328,1654.72509766,4177.08398438,1135.84533691,3174.86450195,3155.27368164,6401.46484375,8422.79101562,8691.55957031,1475.43603516,718.220031738,1946.50769043,941.634155273,671.564453125,424.74798584,227.511489868,254.58795166,476.591003418,383.597290039,227.667877197,176.559921265,53.5118713379,10.6434717178,1.17508018017,0.720537602901,0.148358181119,0.0041497531347,0.0013526645489,0.00329552195035,0.00795439723879,0.00489610433578,0.0014774443116,0.000224738250836]},"erbbands_crest":{"dmean":2.78025269508,"dmean2":4.51632881165,"dvar":6.64351177216,"dvar2":16.4055747986,"max":29.5097675323,"mean":9.31830406189,"median":8.18448257446,"min":2.2565176487,"var":18.717338562},"erbbands_flatness_db":{"dmean":0.025084124878,"dmean2":0.0385361835361,"dvar":0.000580158957746,"dvar2":0.0013555000769,"max":0.360007494688,"mean":0.157992899418,"median":0.152888596058,"min":0.033161599189,"var":0.00211782357655},"erbbands_kurtosis":{"dmean":1.69973015785,"dmean2":2.72591924667,"dvar":31.3439807892,"dvar2":89.7614364624,"max":215.966064453,"mean":1.62356114388,"median":0.335324406624,"min":-1.71027624607,"var":34.3222007751},"erbbands_skewness":{"dmean":0.429641991854,"dmean2":0.648276627064,"dvar":0.259005457163,"dvar2":0.559422910213,"max":10.6550559998,"mean":0.37232246995,"median":0.2092346102,"min":-4.34701061249,"var":1.1313072443},"erbbands_spread":{"dmean":6.31337690353,"dmean2":9.86970424652,"dvar":43.7238426208,"dvar2":101.20866394,"max":134.306060791,"mean":26.9986610413,"median":25.1035499573,"min":1.24765634537,"var":161.280456543},"gfcc":{"cov":[[22756.1992188,-1077.20678711,-2933.36083984,-1010.77282715,289.17590332,-938.054626465,537.864074707,15.5906581879,611.613952637,173.725723267,393.166107178,208.294708252,180.403045654],[-1077.20678711,1171.87194824,130.534240723,-338.937286377,17.930973053,17.032333374,-88.7005004883,-72.8727340698,-45.6890945435,-43.4574623108,23.5055351257,-85.7482452393,62.3488349915],[-2933.36083984,130.534240723,703.691162109,214.145889282,-62.5096588135,247.609436035,-138.462768555,54.3950691223,-92.6110229492,21.2975788116,-35.0711746216,-30.7537670135,-22.8640594482],[-1010.77282715,-338.937286377,214.145889282,472.377716064,21.6433601379,-8.43729496002,36.6861038208,36.6145896912,-39.9485092163,-15.4251098633,-69.5666885376,12.7063684464,-59.7580032349],[289.17590332,17.930973053,-62.5096588135,21.6433601379,213.573471069,64.7248306274,89.2031555176,-22.1012172699,52.965927124,-16.256155014,19.5091094971,12.0648174286,14.9371452332],[-938.054626465,17.032333374,247.609436035,-8.43729496002,64.7248306274,326.291564941,-30.056602478,62.4903945923,-33.149684906,28.7183246613,0.247723028064,5.48592329025,13.9600334167],[537.864074707,-88.7005004883,-138.462768555,36.6861038208,89.2031555176,-30.056602478,200.072509766,-8.51643753052,63.6771278381,-8.63072490692,21.6010131836,27.5916023254,-4.20470237732],[15.5906581879,-72.8727340698,54.3950691223,36.6145896912,-22.1012172699,62.4903945923,-8.51643753052,135.41027832,24.4351234436,42.4189033508,6.05863523483,-1.98998451233,6.68407344818],[611.613952637,-45.6890945435,-92.6110229492,-39.9485092163,52.965927124,-33.149684906,63.6771278381,24.4351234436,142.131484985,54.3913230896,37.2225952148,18.5420055389,-8.48524856567],[173.725723267,-43.4574623108,21.2975788116,-15.4251098633,-16.256155014,28.7183246613,-8.63072490692,42.4189033508,54.3913230896,93.2676239014,48.1305541992,4.54018878937,5.54276704788],[393.166107178,23.5055351257,-35.0711746216,-69.5666885376,19.5091094971,0.247723028064,21.6010131836,6.05863523483,37.2225952148,48.1305541992,84.1254806519,29.559343338,20.5568962097],[208.294708252,-85.7482452393,-30.7537670135,12.7063684464,12.0648174286,5.48592329025,27.5916023254,-1.98998451233,18.5420055389,4.54018878937,29.559343338,71.5701599121,18.9912948608],[180.403045654,62.3488349915,-22.8640594482,-59.7580032349,14.9371452332,13.9600334167,-4.20470237732,6.68407344818,-8.48524856567,5.54276704788,20.5568962097,18.9912948608,70.637878418]],"icov":[[0.000112170244392,0.0000827159237815,0.000424806552473,0.0000386000356229,-0.0000367653738067,0.0000270481032203,0.0000911686729523,-0.000126306345919,-0.000114291928185,0.0000196567161765,-0.000311301730108,0.000103082442365,-0.000121910466987],[0.0000827159237815,0.00176662695594,-0.0010724789463,0.00195339974016,-0.00126131926663,0.00131423037965,-0.000146954567754,-0.000137516486575,0.000617013080046,0.000346324697603,-0.000125905527966,0.00129367632326,-0.000718150811736],[0.000424806552473,-0.0010724789463,0.00719745317474,-0.00555371679366,0.00510727800429,-0.00627607526258,0.00305251777172,0.00178743200377,-0.00483180116862,0.00475504761562,-0.00691819749773,0.00451840180904,-0.00248902919702],[0.0000386000356229,0.00195339974016,-0.00555371679366,0.0107138631865,-0.0089423879981,0.00866917241365,-0.00359362969175,-0.00479358900338,0.01005394198,-0.010630602017,0.0121914912015,-0.00870774593204,0.00669570593163],[-0.0000367653738067,-0.00126131926663,0.00510727800429,-0.0089423879981,0.0170450769365,-0.0113704018295,0.000703459139913,0.00659185042605,-0.0142436260357,0.0157778542489,-0.0138030173257,0.0109383417293,-0.00851678662002],[0.0000270481032203,0.00131423037965,-0.00627607526258,0.00866917241365,-0.0113704018295,0.0135514130816,-0.00276515143923,-0.00641467701644,0.0118520185351,-0.0130745815113,0.0120691843331,-0.00973867066205,0.00579759757966],[0.0000911686729523,-0.000146954567754,0.00305251777172,-0.00359362969175,0.000703459139913,-0.00276515143923,0.00928475428373,0.00105006806552,-0.00589382555336,0.00642898399383,-0.00618287688121,0.00206151325256,-0.0012715557823],[-0.000126306345919,-0.000137516486575,0.00178743200377,-0.00479358900338,0.00659185042605,-0.00641467701644,0.00105006806552,0.0129962936044,-0.00748710380867,0.00301365740597,-0.00450887950137,0.00632191775367,-0.00584957189858],[-0.000114291928185,0.000617013080046,-0.00483180116862,0.01005394198,-0.0142436260357,0.0118520185351,-0.00589382555336,-0.00748710380867,0.0270369611681,-0.0239743702114,0.0158629789948,-0.0144848488271,0.0121229114011],[0.0000196567161765,0.000346324697603,0.00475504761562,-0.010630602017,0.0157778542489,-0.0130745815113,0.00642898399383,0.00301365740597,-0.0239743702114,0.0436952263117,-0.0310121700168,0.0193925593048,-0.0109621882439],[-0.000311301730108,-0.000125905527966,-0.00691819749773,0.0121914912015,-0.0138030173257,0.0120691843331,-0.00618287688121,-0.00450887950137,0.0158629789948,-0.0310121700168,0.0423862785101,-0.0223859101534,0.00759514002129],[0.000103082442365,0.00129367632326,0.00451840180904,-0.00870774593204,0.0109383417293,-0.00973867066205,0.00206151325256,0.00632191775367,-0.0144848488271,0.0193925593048,-0.0223859101534,0.0323767885566,-0.013624643907],[-0.000121910466987,-0.000718150811736,-0.00248902919702,0.00669570593163,-0.00851678662002,0.00579759757966,-0.0012715557823,-0.00584957189858,0.0121229114011,-0.0109621882439,0.00759514002129,-0.013624643907,0.0248628612608]],"mean":[-55.027923584,115.002944946,-83.0929946899,0.0316784754395,-16.0954055786,-6.71519231796,-4.10715103149,-14.5596780777,-5.58799791336,-5.85805892944,-2.8741300106,2.30059957504,-4.55384397507]},"hfc":{"dmean":20.5657691956,"dmean2":32.6353378296,"dvar":1076.12780762,"dvar2":2723.37573242,"max":701.099243164,"mean":93.9053344727,"median":64.0221710205,"min":1.24025674336e-16,"var":9907.34375},"melbands":{"dmean":[0.00560741173103,0.00158571044449,0.000522657181136,0.00040791707579,0.000365326210158,0.000346363609424,0.00018668489065,0.000192554070964,0.0000906938003027,0.00010365385242,0.0000837716725073,0.000101900892332,0.0000840318898554,0.000087190332124,0.0000568456271139,0.0000238535412791,0.0000176918692887,0.000024003067665,0.0000170203402377,0.0000110503451651,0.00000932142938836,0.00000724223718862,0.00000521560514244,0.00000350241111846,0.00000325929545397,0.00000320717344948,0.00000296643406728,0.00000231818694374,0.00000163926563346,0.00000106026459434,8.99102872154e-7,6.50367212529e-7,4.30765140891e-7,3.71740583205e-7,1.63763687056e-7,1.2907540281e-7,1.26287247326e-7,8.36415168237e-8,3.6402965975e-8,2.24399947513e-8],"dmean2":[0.00955232605338,0.0025986272376,0.000863325607497,0.000652333372273,0.000583977089263,0.000546319119167,0.000300201587379,0.000313581025694,0.000146753678564,0.000170382932993,0.000137834518682,0.000165822071722,0.000137379814987,0.000142586271977,0.0000934029085329,0.0000402747646149,0.0000296063553833,0.0000399608470616,0.0000281756492768,0.0000180610095413,0.0000153656073962,0.000011954753063,0.00000842612553242,0.00000566112521483,0.00000523701919519,0.00000491190803587,0.00000453292841485,0.00000351208814209,0.00000238588381762,0.00000158317493515,0.00000134899846671,9.58292957876e-7,6.57119983316e-7,5.8421568383e-7,2.59581128148e-7,2.03419574518e-7,1.98124098461e-7,1.27193828803e-7,5.80167096587e-8,3.75653463891e-8],"dvar":[0.000217764012632,0.00000881244613993,0.00000128564977331,5.96667803165e-7,5.42267912351e-7,7.26982136712e-7,1.80432721208e-7,2.06648181234e-7,3.95558465982e-8,8.05521764846e-8,5.46446052851e-8,7.15197003842e-8,4.62637039789e-8,3.23213065201e-8,1.25517409799e-8,2.34278152433e-9,1.33242938904e-9,1.78802417317e-9,9.05151897879e-10,5.78233683157e-10,3.60027702095e-10,2.03256467213e-10,1.17320070325e-10,5.91721394105e-11,9.13361608568e-11,1.39399131127e-10,1.45037398758e-10,9.74637939799e-11,4.86112990139e-11,2.31684602059e-11,4.01678204587e-11,9.29155277024e-12,3.27429468087e-12,2.44605074043e-12,2.85415734016e-13,2.69010128843e-13,2.43227448815e-13,7.07721912758e-14,6.42049788173e-15,2.09299511926e-15],"dvar2":[0.000580773979891,0.0000232693546423,0.00000338675818057,0.00000143351439874,0.00000128128772303,0.00000166634254128,4.44824564738e-7,5.16622492341e-7,9.31794730263e-8,1.97003899416e-7,1.4599460485e-7,1.84379842949e-7,1.1715142989e-7,8.37362676975e-8,3.06901632996e-8,6.31759533576e-9,3.49228157503e-9,4.71925032386e-9,2.40138775531e-9,1.50617063266e-9,9.27514398619e-10,5.44113087919e-10,2.9120308942e-10,1.47057838129e-10,2.27572641287e-10,2.84725770738e-10,3.08169378904e-10,2.08008221758e-10,9.24137016911e-11,4.63708307863e-11,9.91274493045e-11,1.7109662645e-11,7.51426178225e-12,5.93795759091e-12,7.04840320224e-13,6.81091576367e-13,6.04522996332e-13,1.59637128278e-13,1.45092305412e-14,5.21437675143e-15],"max":[0.173523157835,0.0411488339305,0.0284473150969,0.0236380323768,0.0169167853892,0.0181055478752,0.0107343001291,0.013061542064,0.00663491850719,0.00645273784176,0.00589577155188,0.00757056381553,0.00544283213094,0.00441985204816,0.00350755802356,0.00154136656784,0.000943621445913,0.00136017089244,0.000852688099258,0.000660772901028,0.000503404880874,0.000379506207537,0.000302413391182,0.000290878757369,0.000494136940688,0.000392492540414,0.000407609622926,0.000286694441456,0.000227658689255,0.000234384817304,0.000427350052632,0.000144419827848,0.00011049794557,0.0000353197392542,0.0000204692205443,0.0000196151086129,0.0000150571358972,0.00000732646094548,0.00000246187551056,6.65708455472e-7],"mean":[0.00623387517408,0.00232763728127,0.000793503422756,0.000681287783664,0.000574229168706,0.000596833531745,0.000316344405292,0.000302699161693,0.000145278958371,0.000150447973283,0.000128864543512,0.000159544608323,0.000143442623084,0.000162428477779,0.000104627135443,0.000041640134441,0.0000325497094309,0.0000487548422825,0.0000344097352354,0.0000216035659832,0.0000181840478035,0.0000140348847708,0.0000102400817923,0.00000682627751303,0.00000606195953878,0.00000573292572881,0.00000509960818817,0.00000391783714804,0.00000287985653813,0.00000192754328054,0.00000153927919655,0.00000116704165976,7.28758152491e-7,5.32451224444e-7,2.65484487727e-7,2.07044379863e-7,1.95019509874e-7,1.2862997778e-7,4.73133994205e-8,2.21528395628e-8],"median":[0.00176513881888,0.00100259622559,0.000353879877366,0.000351532478817,0.000252829515375,0.0001782704785,0.000131414766656,0.0000992402201518,0.0000582647917327,0.0000541004083061,0.0000396260729758,0.0000534345781489,0.0000512279730174,0.000070755937486,0.0000446095509687,0.0000155878187797,0.0000118013595056,0.0000206056356546,0.0000146199927258,0.00000718713408787,0.00000622170682618,0.00000481632741867,0.00000352292454409,0.0000021726336854,0.00000170288080881,0.00000135613686325,9.482959058e-7,7.39393442473e-7,4.7083545951e-7,3.35761683345e-7,2.60891283688e-7,2.12228769669e-7,1.35242601118e-7,8.76582504361e-8,5.84574593177e-8,4.17868797342e-8,2.78298308842e-8,1.71526224335e-8,1.10331841441e-8,4.98341901078e-9],"min":[1.53141551753e-23,2.59702129231e-23,6.31594305131e-24,3.09658808925e-24,1.6792870209e-23,1.80562767026e-23,3.84927203057e-23,1.68355065632e-23,1.18507150135e-23,7.47244548166e-24,4.88574769647e-24,9.913932118e-24,7.1791793404e-24,5.64081025064e-24,1.18848932011e-23,1.22451352109e-23,1.34023113285e-23,7.37059249474e-24,7.71449009549e-24,6.656205581e-24,8.0232076553e-24,1.24329716699e-23,8.52410987543e-24,6.75020861305e-24,1.23740784702e-23,1.24396872428e-23,9.93937367105e-24,1.21089509974e-23,6.68550703047e-24,4.53257151376e-24,5.00678854162e-24,7.11064310495e-24,8.94859119536e-24,1.7921193739e-23,1.10979421281e-23,9.90718577953e-24,9.34706061581e-24,8.37415925026e-24,1.0220272051e-23,9.59382104013e-24],"var":[0.00018956263375,0.0000117558156489,0.00000198768384507,0.00000114114777716,9.76044361778e-7,0.00000201299394575,3.66666000673e-7,4.42570609493e-7,8.01841650855e-8,1.3451871439e-7,8.61970761434e-8,1.20668261161e-7,9.51165759489e-8,7.58233440479e-8,3.10461345521e-8,4.44830527968e-9,2.7268531877e-9,5.18823428663e-9,2.67687116917e-9,1.37477840223e-9,9.72171121383e-10,5.39313482761e-10,2.91326934798e-10,1.45628994974e-10,1.82194523357e-10,2.63035621062e-10,2.52643267418e-10,1.73733152864e-10,1.11078493625e-10,5.48648175502e-11,6.62103982751e-11,2.24998752268e-11,6.20515314478e-12,2.79531064094e-12,3.6890805623e-13,2.8557261807e-13,2.83505911889e-13,1.07590477326e-13,1.00120531034e-14,2.22746689359e-15]},"melbands_crest":{"dmean":4.87947130203,"dmean2":7.98404836655,"dvar":18.4917240143,"dvar2":46.3268661499,"max":37.389175415,"mean":17.5250606537,"median":16.6904525757,"min":3.51187705994,"var":42.5032196045},"melbands_flatness_db":{"dmean":0.0402506403625,"dmean2":0.062839999795,"dvar":0.00140279263724,"dvar2":0.00339408917353,"max":0.667401909828,"mean":0.28811955452,"median":0.278201133013,"min":0.00879306159914,"var":0.00712789827958},"melbands_kurtosis":{"dmean":12.1849594116,"dmean2":19.5641670227,"dvar":822.640197754,"dvar2":1927.80517578,"max":1114.33410645,"mean":19.7158164978,"median":7.75808191299,"min":-1.92785763741,"var":1544.67199707},"melbands_skewness":{"dmean":0.989941000938,"dmean2":1.56793344021,"dvar":1.41413140297,"dvar2":3.4503736496,"max":19.8720397949,"mean":2.88061642647,"median":2.40384149551,"min":-1.55894303322,"var":3.77403974533},"melbands_spread":{"dmean":4.99199056625,"dmean2":7.65888309479,"dvar":69.070930481,"dvar2":122.20450592,"max":166.471343994,"mean":14.8055076599,"median":11.6447200775,"min":0.185475513339,"var":242.670562744},"mfcc":{"cov":[[19356.9785156,677.047302246,-3375.24291992,189.078338623,-1012.65740967,-87.1208953857,-648.110961914,206.665603638,-159.28894043,290.080413818,-105.72467041,433.740081787,81.8285064697],[677.047302246,1415.37731934,-158.825683594,-329.827575684,-30.7388877869,-58.8638000488,-43.4670677185,-106.258056641,-35.1986465454,-82.757850647,23.4189605713,-57.282459259,48.5958862305],[-3375.24291992,-158.825683594,946.999816895,-41.9398384094,239.912200928,21.4145717621,127.544799805,-46.6876907349,18.6216773987,-31.740852356,43.6921424866,-64.0683822632,-21.1854782104],[189.078338623,-329.827575684,-41.9398384094,430.122131348,-41.5576782227,-14.8842973709,-15.5576162338,37.5704231262,-0.0465334877372,19.6132354736,-26.7083110809,-8.71227359772,-7.08738279343],[-1012.65740967,-30.7388877869,239.912200928,-41.5576782227,229.132476807,67.2304534912,63.7586021423,9.77263355255,33.696056366,-2.78603172302,22.1075153351,-15.2641458511,-2.23276686668],[-87.1208953857,-58.8638000488,21.4145717621,-14.8842973709,67.2304534912,163.950210571,65.8251647949,45.2327194214,15.4973649979,17.1853618622,-7.51601362228,14.3647470474,0.00354097085074],[-648.110961914,-43.4670677185,127.544799805,-15.5576162338,63.7586021423,65.8251647949,140.473403931,38.3934822083,29.3005599976,-13.2009334564,-2.46525239944,-11.8083181381,6.31800556183],[206.665603638,-106.258056641,-46.6876907349,37.5704231262,9.77263355255,45.2327194214,38.3934822083,106.565071106,35.2281570435,15.809885025,-10.1516141891,18.7428264618,-2.50550127029],[-159.28894043,-35.1986465454,18.6216773987,-0.0465334877372,33.696056366,15.4973649979,29.3005599976,35.2281570435,82.6388092041,23.6990432739,12.7635850906,8.01601982117,2.41648125648],[290.080413818,-82.757850647,-31.740852356,19.6132354736,-2.78603172302,17.1853618622,-13.2009334564,15.809885025,23.6990432739,96.8900680542,40.8467826843,34.3518486023,-2.41282296181],[-105.72467041,23.4189605713,43.6921424866,-26.7083110809,22.1075153351,-7.51601362228,-2.46525239944,-10.1516141891,12.7635850906,40.8467826843,82.4743423462,31.7371253967,9.21710205078],[433.740081787,-57.282459259,-64.0683822632,-8.71227359772,-15.2641458511,14.3647470474,-11.8083181381,18.7428264618,8.01601982117,34.3518486023,31.7371253967,88.3395233154,16.3198833466],[81.8285064697,48.5958862305,-21.1854782104,-7.08738279343,-2.23276686668,0.00354097085074,6.31800556183,-2.50550127029,2.41648125648,-2.41282296181,9.21710205078,16.3198833466,56.2701683044]],"icov":[[0.000169517894392,-0.0000795307350927,0.000466853234684,-0.0000314483513648,0.000100220415334,-0.0000162892720255,0.000229567973292,-0.000216094820644,0.000267468101811,-0.000355045718607,0.00022974969761,-0.000424597994424,0.0000213585826714],[-0.0000795307350927,0.00114084489178,0.000119498305139,0.000770736602135,0.00000375645595341,-0.0000355031988875,0.000081319383753,0.00062196230283,-0.000214536034036,0.00100875215139,-0.00105096609332,0.00134453014471,-0.000874151301105],[0.000466853234684,0.000119498305139,0.00318350619636,0.00000368475389223,-0.00131592154503,0.000546211900655,-0.000809876713902,0.000551753037143,0.000951006601099,-0.000484980613692,-0.000548390555196,-0.000255322811427,0.000582430744544],[-0.0000314483513648,0.000770736602135,0.00000368475389223,0.0031233204063,0.00034553578007,0.000403649290092,0.000382768135751,-0.000848030787893,0.000245990173426,-0.000461970426841,0.000354344461812,0.00136341981124,-0.00077600608347],[0.000100220415334,0.00000375645595341,-0.00131592154503,0.00034553578007,0.00764162419364,-0.00302004115656,0.000311880256049,-0.000229528173804,-0.00215573399328,0.00101891136728,-0.00195148470812,0.00102651386987,-0.000184531425475],[-0.0000162892720255,-0.0000355031988875,0.000546211900655,0.000403649290092,-0.00302004115656,0.00991671625525,-0.00413970183581,-0.00192534143571,0.00207620952278,-0.00308899115771,0.00310143595561,-0.00196336628869,0.000409252592362],[0.000229567973292,0.000081319383753,-0.000809876713902,0.000382768135751,0.000311880256049,-0.00413970183581,0.0127331735566,-0.00376685941592,-0.00224330159836,0.00244126538746,-0.000946732936427,0.00163528881967,-0.00236372603104],[-0.000216094820644,0.00062196230283,0.000551753037143,-0.000848030787893,-0.000229528173804,-0.00192534143571,-0.00376685941592,0.0155618879944,-0.00529173202813,0.0000590601484873,0.0021970034577,-0.0023678780999,0.00154155935161],[0.000267468101811,-0.000214536034036,0.000951006601099,0.000245990173426,-0.00215573399328,0.00207620952278,-0.00224330159836,-0.00529173202813,0.0172655228525,-0.00470955111086,-0.000164408658748,-0.000162692653248,-0.00075333827408],[-0.000355045718607,0.00100875215139,-0.000484980613692,-0.000461970426841,0.00101891136728,-0.00308899115771,0.00244126538746,0.0000590601484873,-0.00470955111086,0.0185467787087,-0.00949799176306,-0.000738894275855,0.00194110290613],[0.00022974969761,-0.00105096609332,-0.000548390555196,0.000354344461812,-0.00195148470812,0.00310143595561,-0.000946732936427,0.0021970034577,-0.000164408658748,-0.00949799176306,0.0219470709562,-0.00754877878353,-0.0012676169863],[-0.000424597994424,0.00134453014471,-0.000255322811427,0.00136341981124,0.00102651386987,-0.00196336628869,0.00163528881967,-0.0023678780999,-0.000162692653248,-0.000738894275855,-0.00754877878353,0.0194057468325,-0.00513269053772],[0.0000213585826714,-0.000874151301105,0.000582430744544,-0.00077600608347,-0.000184531425475,0.000409252592362,-0.00236372603104,0.00154155935161,-0.00075333827408,0.00194110290613,-0.0012676169863,-0.00513269053772,0.0207553524524]],"mean":[-716.02166748,169.961227417,-3.63647413254,25.0004196167,4.03273391724,18.0375480652,5.02815723419,7.63311100006,-0.884108185768,1.65022742748,-2.63296341896,3.20336604118,4.11426305771]},"pitch_salience":{"dmean":0.0951100811362,"dmean2":0.155189692974,"dvar":0.00728848110884,"dvar2":0.0183432213962,"max":0.849173545837,"mean":0.524734973907,"median":0.540884554386,"min":0.0804563164711,"var":0.017319098115},"silence_rate_20dB":{"dmean":0.00130731158424,"dmean2":0.00261486740783,"dvar":0.00130568980239,"dvar2":0.00372903654352,"max":1,"mean":0.999253034592,"median":1,"min":0,"var":0.000746371690184},"silence_rate_30dB":{"dmean":0.0806798040867,"dmean2":0.161374673247,"dvar":0.0741772949696,"dvar2":0.151008665562,"max":1,"mean":0.901680648327,"median":1,"min":0,"var":0.0886458456516},"silence_rate_60dB":{"dmean":0.0248389206827,"dmean2":0.0496824793518,"dvar":0.0242165625095,"dvar2":0.0546862334013,"max":1,"mean":0.184967324138,"median":0,"min":0,"var":0.150754913688},"spectral_centroid":{"dmean":157.833786011,"dmean2":232.307388306,"dvar":59288.515625,"dvar2":87408.1328125,"max":11177.4306641,"mean":864.622802734,"median":742.323242188,"min":98.1212158203,"var":346343.46875},"spectral_complexity":{"dmean":2.67774772644,"dmean2":4.18939113617,"dvar":8.71554660797,"dvar2":18.1728954315,"max":55,"mean":17.5875816345,"median":18,"min":0,"var":149.253112793},"spectral_contrast_coeffs":{"dmean":[0.0534549802542,0.0484529472888,0.0369039401412,0.0297155380249,0.0246281120926,0.0352112390101],"dmean2":[0.0868398025632,0.0797809734941,0.0612481422722,0.0485867448151,0.0397022180259,0.0553744025528],"dvar":[0.00184572231956,0.00149830419105,0.000870000571012,0.000568178540561,0.000507349497639,0.00119255133905],"dvar2":[0.00474933069199,0.00407699681818,0.00241069030017,0.00144318770617,0.00121269829106,0.00282458285801],"max":[-0.315378934145,-0.461534500122,-0.55953758955,-0.624337494373,-0.647354483604,-0.456633657217],"mean":[-0.701907217503,-0.774252772331,-0.810987353325,-0.817989170551,-0.831980526447,-0.768558502197],"median":[-0.712735533714,-0.779606819153,-0.811057209969,-0.812144696712,-0.819402575493,-0.771299481392],"min":[-0.964455604553,-0.973447918892,-0.969216883183,-0.990395665169,-0.97726047039,-0.959669530392],"var":[0.00744720734656,0.00580456852913,0.00347749586217,0.00265314476565,0.00306699494831,0.00591131579131]},"spectral_contrast_valleys":{"dmean":[0.395296573639,0.388153195381,0.345205098391,0.34073138237,0.37475708127,0.635874509811],"dmean2":[0.642186224461,0.626800656319,0.540585279465,0.523713290691,0.566600620747,1.00465679169],"dvar":[0.12196816504,0.133803099394,0.125034317374,0.140248641372,0.18647903204,0.327453434467],"dvar2":[0.27424672246,0.290291398764,0.243054330349,0.28344348073,0.404046475887,0.814146399498],"max":[-4.8155465126,-4.67809152603,-5.01205158234,-5.63419675827,-5.76840353012,-8.91129970551],"mean":[-6.95785474777,-6.83480453491,-7.23521089554,-7.87286901474,-8.28960514069,-11.4804353714],"median":[-6.67378425598,-6.3576965332,-6.67220115662,-7.32457256317,-7.84969997406,-11.1914720535],"min":[-27.2063274384,-26.9498825073,-27.464553833,-27.0393161774,-27.0709056854,-27.2906551361],"var":[1.37343657017,2.07187795639,2.34940743446,2.53934264183,2.43512272835,1.74698829651]},"spectral_decrease":{"dmean":5.80001158212e-9,"dmean2":9.48208001006e-9,"dvar":1.70900596751e-16,"dvar2":4.38301883708e-16,"max":2.01174854553e-9,"mean":-1.01048476253e-8,"median":-6.19261708579e-9,"min":-1.54147670628e-7,"var":2.03418271006e-16},"spectral_energy":{"dmean":0.0222182385623,"dmean2":0.036127012223,"dvar":0.00245372368954,"dvar2":0.00625460315496,"max":0.590367794037,"mean":0.0466555431485,"median":0.0334441512823,"min":1.10017800279e-20,"var":0.00338934361935},"spectral_energyband_high":{"dmean":0.000163397096912,"dmean2":0.000224602525122,"dvar":2.71727657264e-7,"dvar2":5.05784555571e-7,"max":0.0242479257286,"mean":0.000440887204604,"median":0.000111496199679,"min":8.07579743989e-21,"var":8.73842225246e-7},"spectral_energyband_low":{"dmean":0.0195719301701,"dmean2":0.0325633138418,"dvar":0.00230414792895,"dvar2":0.00602147448808,"max":0.576533555984,"mean":0.0253800824285,"median":0.00963659584522,"min":1.21906070941e-22,"var":0.00226917443797},"spectral_energyband_middle_high":{"dmean":0.00175102509093,"dmean2":0.00273190205917,"dvar":0.00000973344049271,"dvar2":0.0000239418550336,"max":0.0648183822632,"mean":0.00567725440487,"median":0.00312951998785,"min":1.45709106884e-21,"var":0.0000509499113832},"spectral_energyband_middle_low":{"dmean":0.00443696649745,"dmean2":0.0069824536331,"dvar":0.0000465426892333,"dvar2":0.000112562935101,"max":0.146792069077,"mean":0.0113926175982,"median":0.00785814970732,"min":4.32429465896e-22,"var":0.00015466248442},"spectral_entropy":{"dmean":0.222226813436,"dmean2":0.338726252317,"dvar":0.0642787665129,"dvar2":0.152538716793,"max":9.80335426331,"mean":7.27154827118,"median":7.38126087189,"min":4.47208356857,"var":0.271306991577},"spectral_flux":{"dmean":0.0341933965683,"dmean2":0.0561798363924,"dvar":0.00286301458254,"dvar2":0.00668024178594,"max":0.61817586422,"mean":0.105597808957,"median":0.0947026610374,"min":1.04889368024e-10,"var":0.00738875800744},"spectral_kurtosis":{"dmean":5.76423597336,"dmean2":9.10073947906,"dvar":82.1431350708,"dvar2":208.719512939,"max":129.462768555,"mean":18.2014312744,"median":15.3993148804,"min":-1.25457692146,"var":138.417205811},"spectral_rms":{"dmean":0.00121601938736,"dmean2":0.00189626519568,"dvar":0.00000361866818821,"dvar2":0.00000857189752423,"max":0.0239993464202,"mean":0.00560076208785,"median":0.00571213103831,"min":3.27619355256e-12,"var":0.0000141489599628},"spectral_rolloff":{"dmean":2784.3125,"dmean2":5313.15673828,"dvar":38965140,"dvar2":101019248,"max":22050,"mean":4102.93261719,"median":1076.66015625,"min":21.533203125,"var":52650172},"spectral_skewness":{"dmean":0.438540935516,"dmean2":0.677954792976,"dvar":0.328865736723,"dvar2":0.800576508045,"max":9.12170314789,"mean":2.91894102097,"median":2.73825240135,"min":-0.00036000853288,"var":0.874035358429},"spectral_spread":{"dmean":548750.1875,"dmean2":853053.75,"dvar":407935123456,"dvar2":786880528384,"max":42178848,"mean":3583113.75,"median":3506121.5,"min":822527.0625,"var":1192036139010},"spectral_strongpeak":{"dmean":0.927358210087,"dmean2":1.73478925228,"dvar":32.4899864197,"dvar2":94.4963607788,"max":107.318557739,"mean":0.882676005363,"median":0.233802571893,"min":0,"var":23.0933208466},"zerocrossingrate":{"dmean":0.0287276618183,"dmean2":0.0369783677161,"dvar":0.000801606918685,"dvar2":0.00127072201576,"max":0.76611328125,"mean":0.160292387009,"median":0.16259765625,"min":0.00341796875,"var":0.00860346946865}},"metadata":{"audio_properties":{"analysis_sample_rate":44100,"bit_rate":320000,"codec":"mp3","downmix":"mix","equal_loudness":0,"length":248.659591675,"lossless":false,"md5_encoded":"dec7d78496eee1e7da51bee104026d7f","replay_gain":-9.03429794312,"sample_rate":44100},"tags":{"album":["Backspacer"],"albumartist":["Pearl Jam"],"albumartistsort":["Pearl Jam"],"artist":["Pearl Jam"],"artistsort":["Pearl Jam"],"barcode":["804879199724"],"catalognumber":["MWR9724"],"composer":["Eddie Vedder"],"date":["2009"],"discnumber":["1/1"],"file_name":"07. Pearl Jam - Unthought Known.mp3","genre":["Grunge"],"isrc":["USA320900007"],"label":["Monkeywrench"],"lyricist":["Eddie Vedder"],"musicbrainz album release country":["US"],"musicbrainz album status":["official"],"musicbrainz album type":["album"],"musicbrainz_albumartistid":["83b9cbe7-9857-49e2-ab8e-b57b01038103"],"musicbrainz_albumid":["2fe339f1-dd0b-4694-b0d9-cab1f1126a12"],"musicbrainz_artistid":["83b9cbe7-9857-49e2-ab8e-b57b01038103"],"musicbrainz_recordingid":["b32d7352-32f4-4f23-b773-2daa305c59c0"],"musicip_puid":["f8a2ba54-55db-7167-2746-9c9e7ca9328d"],"title":["Unthought Known"],"tracknumber":["7/11"]},"version":{"essentia":"2.1-beta1","essentia_build_sha":"ca57ba49d9b1854bd80e60cf9ccf267278fb7d6b","essentia_git_sha":"v2.1_beta1-28-g21ef5f4-dirty","extractor":"music 1.0"}},"rhythm":{"beats_count":486,"beats_loudness":{"dmean":0.0219261050224,"dmean2":0.0380940623581,"dvar":0.000635318632703,"dvar2":0.00180120253935,"max":0.227524459362,"mean":0.0559360906482,"median":0.057233389467,"min":7.75004380671e-8,"var":0.00209808629006},"beats_loudness_band_ratio":{"dmean":[0.201388567686,0.125105574727,0.0698812529445,0.0608568787575,0.0231866277754,0.060219053179],"dmean2":[0.350786626339,0.212371617556,0.120202973485,0.104212529957,0.0417455099523,0.107892483473],"dvar":[0.0282168444246,0.0189713705331,0.00782407447696,0.00442664930597,0.00106