{"lowlevel":{"average_loudness":0.972755908966,"barkbands":{"dmean":[0.000505594769493,0.00645868619904,0.00230034533888,0.00241360394284,0.0025757891126,0.000873789889738,0.000613666779827,0.000576163758524,0.000554344675038,0.000602821120992,0.000444327219157,0.000554359867238,0.000723178090993,0.000640092534013,0.000468612241093,0.000369535468053,0.000333933654474,0.000286942260573,0.000201973802177,0.000270219490631,0.000223967130296,0.000172075553564,0.000150304418639,0.00014165812172,0.0000858084531501,0.0000247241096076,0.00000413827820012],"dmean2":[0.000825717754196,0.0115845389664,0.00403104536235,0.00381298945285,0.00430622836575,0.00149251648691,0.0009997386951,0.000929798348807,0.000903512642253,0.000953795562964,0.000715132569894,0.000885852961801,0.00115768867545,0.00102361838799,0.000748942664359,0.000600750441663,0.000540394685231,0.000467686448246,0.000333220523316,0.000435913680121,0.000359710014891,0.000268342904747,0.000221213602345,0.000197958870558,0.000121245073387,0.0000346817796526,0.00000655639041724],"dvar":[6.71257510021e-7,0.000162167867529,0.0000281275679299,0.0000283567715087,0.0000292362201435,0.00000236781488638,0.00000110816858978,0.00000108392100628,9.28043391468e-7,0.00000102315550521,8.52807488627e-7,0.00000112811540021,0.00000185422129562,0.00000152100949435,6.21450510607e-7,4.59935534991e-7,2.66514291525e-7,1.5325038305e-7,8.0672059255e-8,1.42103161238e-7,7.11518666208e-8,4.4807222821e-8,3.99885848879e-8,7.16258199418e-8,3.45241133459e-8,2.09515182981e-9,5.0301048049e-11],"dvar2":[0.00000164492507793,0.000467758683953,0.0000792011851445,0.0000671051748213,0.0000794371444499,0.00000664785420668,0.00000272494708042,0.00000260131082541,0.00000226678957915,0.00000238182701651,0.00000207979906008,0.0000027189080356,0.00000458970635009,0.00000360030776392,0.00000146571460391,0.00000111233111966,6.38068456738e-7,3.86029853416e-7,1.99584746952e-7,3.3344770145e-7,1.83627307138e-7,1.07643202796e-7,8.24059043225e-8,1.22297095118e-7,5.70510962916e-8,3.86352017046e-9,1.20629894962e-10],"max":[0.00741953309625,0.105740070343,0.0452997609973,0.0648714751005,0.0587965399027,0.0181042104959,0.0180346779525,0.0200695879757,0.0231878757477,0.0150616783649,0.0182429067791,0.0234521571547,0.0217136256397,0.023817608133,0.0196095183492,0.0146736996248,0.011745932512,0.0120884636417,0.00676537537947,0.0127992546186,0.00464221369475,0.00456998217851,0.00423805601895,0.00592471892014,0.00460098776966,0.00146161043085,0.000118347881653],"mean":[0.000691231805831,0.00805725250393,0.00294650229625,0.00361325824633,0.00384700042196,0.00151764438488,0.00104550737888,0.000938467797823,0.000955226307269,0.00103236408904,0.00071530637797,0.000978139811195,0.00128661398776,0.00111897697207,0.000892866170034,0.000745195196941,0.000686058367137,0.00062416063156,0.000463293545181,0.000684492406435,0.000577549973968,0.00044443886145,0.000377814343665,0.000352116214344,0.000196854118258,0.0000519444220117,0.00000470486065751],"median":[0.000167200239957,0.00509667675942,0.00149717682507,0.00202741706744,0.00236149551347,0.000973132788204,0.000649266410619,0.000409649801441,0.000567953102291,0.000489556929097,0.000280047563137,0.000467477191705,0.000602452782914,0.000489246798679,0.00048817897914,0.000469657039503,0.000470680563012,0.000471452338388,0.000359936850145,0.000483056472149,0.000478525907965,0.000366885680705,0.000290606141789,0.000238200911554,0.000119443422591,0.0000291171636491,0.00000180816311968],"min":[3.17179794004e-25,2.4696600147e-24,1.26224252938e-24,8.25991059612e-25,5.90502067261e-24,3.19915400921e-24,8.41559416931e-24,9.55663413706e-24,1.08335948388e-23,1.09655199923e-23,1.23462119587e-23,2.13120870965e-23,3.20714998223e-23,1.92897411918e-23,3.31719008317e-23,4.8521865559e-23,6.37804328617e-23,9.29545349316e-23,1.33781911174e-22,1.60358496232e-22,2.13989589837e-22,3.01137010412e-22,3.38225716079e-22,5.89240675519e-22,7.24351823629e-22,1.28198666707e-21,1.89657550083e-21],"var":[0.00000121104460504,0.00012333104678,0.0000219379708142,0.0000336712218996,0.0000271278240689,0.00000286309568764,0.00000178425057129,0.00000237259337155,0.00000169569671016,0.00000221190543925,0.00000181705968316,0.00000238758821069,0.00000392128185922,0.00000321198012898,0.00000156961527864,0.00000112031113986,6.76692479828e-7,3.16579587434e-7,1.84843756301e-7,6.47553918043e-7,2.14235498674e-7,1.26347416085e-7,1.17200123384e-7,2.11535990502e-7,1.00460141539e-7,5.66448044026e-9,5.91850735088e-11]},"barkbands_crest":{"dmean":2.4234457016,"dmean2":4.05699300766,"dvar":5.71854400635,"dvar2":15.7263832092,"max":23.0965938568,"mean":7.94499874115,"median":7.1927728653,"min":2.17595887184,"var":10.4532966614},"barkbands_flatness_db":{"dmean":0.0176703017205,"dmean2":0.0285907499492,"dvar":0.000345880311215,"dvar2":0.000954424671363,"max":0.35557743907,"mean":0.0801060125232,"median":0.0754432529211,"min":0.0208931397647,"var":0.000877553771716},"barkbands_kurtosis":{"dmean":1.73197388649,"dmean2":2.921428442,"dvar":12.6406745911,"dvar2":32.9031295776,"max":189.701797485,"mean":1.17512381077,"median":-0.0717239379883,"min":-1.81879508495,"var":29.1206035614},"barkbands_skewness":{"dmean":0.486167132854,"dmean2":0.772482156754,"dvar":0.345708966255,"dvar2":0.902335643768,"max":12.1658210754,"mean":1.04388642311,"median":0.93731200695,"min":-3.82129430771,"var":0.948400020599},"barkbands_spread":{"dmean":6.88285732269,"dmean2":10.3340587616,"dvar":50.4587745667,"dvar2":107.885704041,"max":93.7815475464,"mean":35.9622154236,"median":35.0693016052,"min":1.05989193916,"var":175.854324341},"dissonance":{"dmean":0.0105208493769,"dmean2":0.0179549381137,"dvar":0.000111364977784,"dvar2":0.000315005250741,"max":0.500000119209,"mean":0.482270985842,"median":0.485600888729,"min":0.298722118139,"var":0.000178654954652},"dynamic_complexity":1.3513520956,"erbbands":{"dmean":[0.20881588757,1.41202497482,2.92424345016,4.38404798508,10.1800107956,8.52937316895,7.63867759705,6.77025556564,8.1734418869,10.6900224686,11.1691570282,13.1656103134,14.76171875,17.4159889221,19.677526474,19.7398052216,32.1148147583,30.3460597992,26.8488903046,20.2841510773,19.3023052216,16.6698627472,15.4273881912,11.0699577332,10.8326635361,13.5926370621,9.43906784058,9.46606826782,6.1406211853,5.92889070511,3.98653674126,3.41078925133,2.16605377197,1.17062032223,0.553503930569,0.145071089268,0.0384606793523,0.0109789669514,0.000378321972676,0.0000176487137651],"dmean2":[0.363462924957,2.56759142876,5.16684341431,7.13398599625,16.0057373047,14.616268158,13.2671461105,11.5727710724,13.5444612503,17.3004589081,17.9610900879,21.3720703125,23.6782054901,27.4679584503,30.8144073486,31.2185020447,51.4337158203,47.6737251282,42.7378616333,32.5975875854,31.0498790741,26.9295692444,24.9924850464,18.3188648224,17.7216129303,21.9795722961,14.9519557953,15.4415569305,9.68046283722,8.98219680786,5.8890414238,4.90299415588,3.1090118885,1.65091359615,0.812259197235,0.208241283894,0.0540457963943,0.0158742200583,0.00058015238028,0.0000282268665615],"dvar":[0.107644706964,10.2533121109,51.4598236084,63.3692970276,650.448425293,233.156066895,220.754348755,133.60559082,181.722381592,409.293304443,412.130950928,585.181213379,599.764831543,1205.64099121,1398.26464844,1549.74743652,3754.26293945,3415.88793945,2244.33398438,1249.81018066,1094.76098633,664.924560547,455.649749756,218.796875,269.150360107,394.265014648,136.395187378,155.908096313,49.2452201843,60.2488822937,33.8939361572,37.8953895569,18.5798969269,7.59155464172,1.14985990524,0.104348316789,0.00367488665506,0.000278360093944,4.50260358775e-7,5.60486546064e-10],"dvar2":[0.300754874945,29.8927536011,145.180526733,157.708190918,1605.08569336,658.399719238,627.344909668,371.614227295,464.952362061,1026.54968262,989.684631348,1439.89172363,1401.93566895,2813.88647461,3270.70825195,3696.93896484,9219.89941406,7964.31835938,5485.64599609,3132.08081055,2496.66821289,1583.7010498,1131.8026123,565.969360352,653.014709473,939.765441895,329.036407471,416.184234619,121.083709717,135.592300415,70.2196502686,67.578163147,33.8734931946,12.81752491,2.07963609695,0.184058740735,0.0071803573519,0.000609374197666,0.00000106288916868,1.40662403947e-9],"max":[2.27699065208,27.059425354,57.8640403748,85.937461853,256.711975098,180.587356567,158.569564819,162.009033203,237.873413086,356.081573486,368.3671875,652.539367676,438.492645264,606.299255371,745.398803711,937.65020752,1100.73181152,1254.8717041,981.560058594,901.956848145,877.765808105,645.905395508,512.585021973,414.941101074,376.950012207,774.757080078,263.293548584,279.552520752,118.685348511,155.190414429,134.410644531,142.108840942,101.254058838,69.4284133911,38.2912521362,11.5662641525,1.43998610973,0.30876788497,0.00977860298008,0.000235639832681],"mean":[0.281770735979,1.61168193817,3.68901348114,6.99161672592,14.0914411545,12.8453865051,11.7913856506,12.3102550507,13.864443779,18.4451618195,19.6518993378,23.0010223389,25.7702388763,31.7543907166,37.4150772095,38.9819831848,60.2563476562,56.9729270935,52.6545829773,42.5628509521,41.9970397949,37.6622200012,35.4383087158,26.5735740662,26.1631298065,33.7403717041,24.0653362274,22.5873451233,15.9468040466,14.3818054199,9.95629310608,8.03411579132,5.33788967133,2.6884624958,1.14745342731,0.325408518314,0.0766799598932,0.0159069094807,0.000511369260494,0.0000590207928326],"median":[0.171532273293,0.945661604404,1.91945314407,4.83331775665,6.97571754456,8.25735664368,7.58122587204,8.08620166779,8.8659324646,9.42660236359,10.4048347473,13.6097612381,14.5976295471,14.5807094574,16.5083122253,20.0245704651,29.5068740845,27.3950786591,27.3269042969,25.4459915161,28.4412231445,26.6070899963,26.50664711,21.4226799011,20.6382751465,23.3286914825,19.3333320618,17.8937473297,13.2921581268,11.403875351,7.58016586304,5.3491230011,3.69218444824,1.59755325317,0.70071554184,0.198822915554,0.0412788130343,0.00646343547851,0.00021909372299,0.0000511011894559],"min":[8.37618630724e-23,6.31866982791e-22,1.4646579741e-21,7.31958876234e-21,1.32410597281e-20,1.42067623971e-20,2.94265011584e-20,2.70031317666e-20,1.19531682718e-19,1.61714701558e-19,2.70549530164e-19,4.2289128018e-19,4.30718063136e-19,7.2257788553e-19,7.19871298867e-19,1.11892700781e-18,1.59637679474e-18,1.48616097518e-18,2.82400950051e-18,3.44177838085e-18,3.1450145148e-18,4.54870093001e-18,5.20675578093e-18,5.84320591503e-18,5.59613120196e-18,8.90191426586e-18,7.81967251143e-18,9.34279408773e-18,9.67755242727e-18,9.75334285089e-18,9.76259982913e-18,1.07661171503e-17,9.34047963638e-18,8.0950599625e-18,5.41119429651e-18,4.22278556481e-18,2.12637777959e-18,9.30529282068e-19,2.57168642985e-19,2.66956548389e-20],"var":[0.113188549876,6.96069002151,37.1547203064,71.3820495605,680.541870117,236.590759277,197.804748535,180.173721313,273.607788086,785.672363281,807.50189209,1056.69543457,1199.4251709,2466.21044922,3576.2097168,3270.34277344,8016.109375,7457.30615234,5499.17480469,3544.80834961,2981.02709961,1835.15124512,998.471801758,490.65814209,618.990966797,1807.98754883,447.11114502,402.742767334,149.732208252,159.149749756,89.3224945068,105.234527588,52.3701705933,21.4965896606,2.93753814697,0.275396555662,0.00993548613042,0.000488614547066,5.77136688662e-7,9.79794467781e-10]},"erbbands_crest":{"dmean":2.04859471321,"dmean2":3.36611461639,"dvar":4.44010019302,"dvar2":11.193821907,"max":25.1086845398,"mean":6.78374767303,"median":5.81212520599,"min":2.13221764565,"var":11.3585777283},"erbbands_flatness_db":{"dmean":0.0116797378287,"dmean2":0.0173982232809,"dvar":0.000117881463666,"dvar2":0.000245724833803,"max":0.251723200083,"mean":0.116892635822,"median":0.113060601056,"min":0.0648714154959,"var":0.000636126846075},"erbbands_kurtosis":{"dmean":0.516288816929,"dmean2":0.811344921589,"dvar":0.339490622282,"dvar2":0.813798487186,"max":10.0569534302,"mean":-0.0600286014378,"median":-0.329352140427,"min":-1.64669466019,"var":1.06543278694},"erbbands_skewness":{"dmean":0.2380708009,"dmean2":0.359610199928,"dvar":0.0443955175579,"dvar2":0.0990102887154,"max":2.02654886246,"mean":-0.0931461974978,"median":-0.127945303917,"min":-1.98181009293,"var":0.224834516644},"erbbands_spread":{"dmean":8.01050376892,"dmean2":12.0313005447,"dvar":62.0806808472,"dvar2":136.350296021,"max":123.634155273,"mean":45.0732192993,"median":44.1692352295,"min":9.70753860474,"var":261.976196289},"gfcc":{"cov":[[23120.1835938,1033.76196289,-2032.32519531,829.401733398,-1044.20581055,502.591583252,-702.088623047,159.827774048,-498.060699463,127.53175354,-377.024871826,45.8461723328,-238.160049438],[1033.76196289,535.274719238,-157.042602539,44.6229362488,-18.6553497314,1.14470601082,1.90449643135,26.1038684845,15.0921030045,-0.400248259306,40.6282615662,-21.8876037598,13.532617569],[-2032.32519531,-157.042602539,486.044586182,11.2227296829,126.044044495,-16.1770343781,51.4472160339,18.0327033997,65.6113433838,8.17314147949,25.7334384918,18.8504333496,15.4294891357],[829.401733398,44.6229362488,11.2227296829,203.973510742,-2.46593332291,13.8082351685,-26.3683700562,22.7533130646,8.92570114136,20.3071289062,-12.3331708908,1.31257712841,16.8258056641],[-1044.20581055,-18.6553497314,126.044044495,-2.46593332291,179.908416748,33.8301506042,73.032661438,6.96688175201,37.416595459,3.5893599987,20.3870334625,6.17625236511,18.0914993286],[502.591583252,1.14470601082,-16.1770343781,13.8082351685,33.8301506042,135.169342041,38.288394928,24.0928211212,-22.0978889465,7.73153448105,9.58012485504,11.6952762604,-6.94827842712],[-702.088623047,1.90449643135,51.4472160339,-26.3683700562,73.032661438,38.288394928,135.554885864,19.1053028107,24.2860183716,-0.370529532433,23.3201713562,5.28871488571,3.86754131317],[159.827774048,26.1038684845,18.0327033997,22.7533130646,6.96688175201,24.0928211212,19.1053028107,80.2261352539,36.9503974915,16.0506401062,1.0312088728,2.86217689514,8.9846830368],[-498.060699463,15.0921030045,65.6113433838,8.92570114136,37.416595459,-22.0978889465,24.2860183716,36.9503974915,94.6586227417,34.6160964966,9.03481483459,-3.42868542671,13.6082134247],[127.53175354,-0.400248259306,8.17314147949,20.3071289062,3.5893599987,7.73153448105,-0.370529532433,16.0506401062,34.6160964966,63.8241043091,25.3320484161,5.91178894043,1.12317109108],[-377.024871826,40.6282615662,25.7334384918,-12.3331708908,20.3870334625,9.58012485504,23.3201713562,1.0312088728,9.03481483459,25.3320484161,75.0788574219,25.9493103027,8.09744167328],[45.8461723328,-21.8876037598,18.8504333496,1.31257712841,6.17625236511,11.6952762604,5.28871488571,2.86217689514,-3.42868542671,5.91178894043,25.9493103027,57.5078773499,20.5794467926],[-238.160049438,13.532617569,15.4294891357,16.8258056641,18.0914993286,-6.94827842712,3.86754131317,8.9846830368,13.6082134247,1.12317109108,8.09744167328,20.5794467926,55.949432373]],"icov":[[0.000341974431649,-0.000630840077065,0.000754089851398,-0.000918950769119,0.000772196799517,-0.00102434167638,0.000727373524569,-0.000609533628449,0.00102927000262,-0.00155878055375,0.00228333100677,-0.00200872030109,0.0015367019223],[-0.000630840077065,0.00385604123585,-0.000258573592873,0.000844364054501,-0.00143601105083,0.00188156857621,-0.00114953680895,0.000350117159542,-0.00305199297145,0.00494661694393,-0.00746277906001,0.00582489697263,-0.00349877914414],[0.000754089851398,-0.000258573592873,0.00491302041337,-0.00268979324028,-0.000129756997922,-0.00150156486779,0.00169976160396,-0.00187274650671,0.00046478168224,-0.00179612007923,0.00326179666445,-0.00465809134766,0.0039295013994],[-0.000918950769119,0.000844364054501,-0.00268979324028,0.00849732942879,-0.00223755789921,0.0020463783294,-0.00068076926982,0.000543838599697,-0.00160697405227,0.00111520476639,-0.00350932660513,0.00512143364176,-0.00599959725514],[0.000772196799517,-0.00143601105083,-0.000129756997922,-0.00223755789921,0.0114348167554,-0.00543177872896,-0.0016021206975,0.00157981726807,-0.00133859063499,-0.0018780749524,0.00420771772042,-0.00317743211053,0.000751055136789],[-0.00102434167638,0.00188156857621,-0.00150156486779,0.0020463783294,-0.00543177872896,0.0147870890796,-0.00490865996107,-0.00348655157723,0.00408551283181,0.000814858707599,-0.00600329460576,0.00378446886316,-0.00205797026865],[0.000727373524569,-0.00114953680895,0.00169976160396,-0.00068076926982,-0.0016021206975,-0.00490865996107,0.0128985587507,-0.00272535975091,-0.00068561383523,-0.00000793309482106,0.00157518510241,-0.00355381402187,0.00381083134562],[-0.000609533628449,0.000350117159542,-0.00187274650671,0.000543838599697,0.00157981726807,-0.00348655157723,-0.00272535975091,0.0201967842877,-0.0108405658975,0.00306888693012,-0.00207289517857,0.00254916376434,-0.00438769441098],[0.00102927000262,-0.00305199297145,0.00046478168224,-0.00160697405227,-0.00133859063499,0.00408551283181,-0.00068561383523,-0.0108405658975,0.0273305531591,-0.0180089641362,0.0106274448335,-0.00418322626501,0.00191772007383],[-0.00155878055375,0.00494661694393,-0.00179612007923,0.00111520476639,-0.0018780749524,0.000814858707599,-0.00000793309482106,0.00306888693012,-0.0180089641362,0.0356719493866,-0.0223619434983,0.0105034234002,-0.00441845692694],[0.00228333100677,-0.00746277906001,0.00326179666445,-0.00350932660513,0.00420771772042,-0.00600329460576,0.00157518510241,-0.00207289517857,0.0106274448335,-0.0223619434983,0.0395887009799,-0.023659510538,0.0106351841241],[-0.00200872030109,0.00582489697263,-0.00465809134766,0.00512143364176,-0.00317743211053,0.00378446886316,-0.00355381402187,0.00254916376434,-0.00418322626501,0.0105034234002,-0.023659510538,0.0384624302387,-0.018797814846],[0.0015367019223,-0.00349877914414,0.0039295013994,-0.00599959725514,0.000751055136789,-0.00205797026865,0.00381083134562,-0.00438769441098,0.00191772007383,-0.00441845692694,0.0106351841241,-0.018797814846,0.0309214890003]],"mean":[49.5046081543,66.0264205933,-115.285926819,46.7671089172,-57.3600082397,26.8671550751,-39.1805877686,9.72523498535,-25.8425216675,5.45958375931,-16.992937088,0.78545075655,-11.4965286255]},"hfc":{"dmean":6.45186233521,"dmean2":9.52926921844,"dvar":52.1906394958,"dvar2":104.098419189,"max":129.071121216,"mean":35.6400756836,"median":34.0246658325,"min":1.07648768757e-16,"var":306.128540039},"melbands":{"dmean":[0.00177361897659,0.00163167738356,0.00100604421459,0.000637359800749,0.000279613945168,0.000154431530973,0.000122981582535,0.000120972821605,0.0000913231124287,0.0000803680159152,0.0000770619008108,0.0000757046655053,0.0000642918530502,0.0000640997386654,0.0000681515666656,0.0000666413543513,0.0000614999662503,0.0000490083511977,0.0000316491132253,0.0000264437894657,0.0000246264007728,0.000018965869458,0.0000184522268682,0.0000143926135934,0.00000955814175541,0.00000815040766611,0.00000992396417132,0.00000983399513643,0.00000745909710531,0.00000507862387167,0.00000640135931462,0.00000385205748898,0.00000368776159121,0.00000350817686012,0.00000247441857937,0.00000239723681261,0.00000221063760364,0.00000171468593635,0.00000132922582452,9.87136900221e-7],"dmean2":[0.00314464676194,0.00292787165381,0.00160290533677,0.00103936437517,0.000484649586724,0.000263605033979,0.000202238326892,0.000195128566702,0.000147216371261,0.00013082526857,0.000123722827993,0.000119574193377,0.000101698344224,0.000101842284494,0.000108783337055,0.000105854815047,0.0000973781861831,0.0000786238597357,0.0000506777760165,0.0000430676118413,0.0000397751573473,0.0000308776143356,0.0000299958028336,0.0000237107633438,0.0000159082246682,0.0000134915917442,0.000016309430066,0.0000159163155331,0.0000120437362057,0.00000820498280518,0.0000105683029687,0.00000618866579316,0.00000584204099141,0.00000538486528967,0.00000380136157219,0.00000355710380973,0.00000327253064825,0.00000256521934716,0.00000192814763977,0.00000144441833072],"dvar":[0.00000969726988842,0.0000164491866599,0.00000467451400255,0.00000177066738161,2.77862682196e-7,6.86838532715e-8,4.03664053295e-8,4.8652132989e-8,2.62787658301e-8,2.17631068722e-8,1.62330628939e-8,2.18940066077e-8,1.5944188192e-8,1.67976867971e-8,1.84841191242e-8,1.63161537614e-8,1.47115448712e-8,8.46291658974e-9,3.15249626404e-9,2.77700151763e-9,1.93687199612e-9,8.69911975787e-10,7.96168186934e-10,4.6447956592e-10,1.70953987078e-10,1.66920199884e-10,2.13970507978e-10,2.51719284305e-10,1.04893371766e-10,3.58776446052e-11,8.20114462452e-11,1.99824636005e-11,2.49633404226e-11,2.07782489131e-11,1.2539496351e-11,1.51995551562e-11,1.71596903353e-11,1.17145520714e-11,8.33756414603e-12,6.00920571983e-12],"dvar2":[0.0000276804075838,0.0000470216436952,0.0000112547741082,0.0000046638965614,7.90136766682e-7,1.91120420823e-7,1.00801571534e-7,1.20594904729e-7,6.33157455354e-8,5.35728119644e-8,3.79150790764e-8,5.06465340777e-8,3.88060783507e-8,4.01236484038e-8,4.52882176205e-8,3.98884587582e-8,3.41672077298e-8,2.08956976167e-8,7.56740448082e-9,7.29799065624e-9,4.43054037902e-9,2.08876538288e-9,1.98512495331e-9,1.17495357888e-9,4.4523032483e-10,4.04664274312e-10,5.32413557686e-10,5.9615340442e-10,2.60004434649e-10,9.11072675636e-11,2.23211740757e-10,5.06666583688e-11,6.04003513871e-11,4.75678975376e-11,2.83591154032e-11,2.92090379661e-11,3.26101957937e-11,2.33814582279e-11,1.65197126811e-11,1.07323273532e-11],"max":[0.025109231472,0.031611982733,0.0244693737477,0.0144931878895,0.00588035630062,0.00354216084816,0.00382485473529,0.00365886930376,0.00287596625276,0.00418589776382,0.0021711003501,0.00260260771029,0.00233501009643,0.00334598054178,0.00277897412889,0.00218228297308,0.00249229371548,0.00204542605206,0.00144477561116,0.00137265271042,0.00141189910937,0.00073285761755,0.000500190653838,0.000717622053344,0.000351606664481,0.000440505798906,0.000386679690564,0.000690808170475,0.000260833417997,0.0000868828428793,0.000212048136746,0.0000872743694345,0.000114839691378,0.0000898070575204,0.0000799567642389,0.000101516401628,0.0000993555877358,0.0000785680604167,0.000108238986286,0.0000607396723353],"mean":[0.00235159671865,0.0019970445428,0.00154994428158,0.000983795849606,0.00045025991858,0.00027924310416,0.000210091340705,0.000208754863706,0.000162772616022,0.000136299146106,0.000129845968331,0.000131775770569,0.000113933398097,0.000114233909699,0.000121448487334,0.000119725656987,0.000105623032141,0.0000872114251251,0.000060930949985,0.0000517492080689,0.0000486162534798,0.0000383935766877,0.0000368579494534,0.0000290643674816,0.0000204315419978,0.0000172389572981,0.0000216377575271,0.0000223548195208,0.0000159455958055,0.0000122603805721,0.000013382623365,0.00000886368798092,0.00000840242955746,0.00000769758480601,0.00000563788717045,0.00000526680105395,0.00000478028869111,0.0000039723536247,0.000002888976951,0.00000206269328373],"median":[0.00152049516328,0.00118844269309,0.000939509074669,0.000588551047258,0.000304094224703,0.000183454336366,0.0001335220295,0.000102044628875,0.00008904322749,0.00008057008381,0.0000700359669281,0.0000573465513298,0.0000485589553136,0.0000522385525983,0.0000593632285018,0.0000553040008526,0.000046966924856,0.0000415039758082,0.0000333180832968,0.0000309718416247,0.0000321935585816,0.0000260554807028,0.0000248537689913,0.0000211941878661,0.0000157699214469,0.0000128448009491,0.0000157118138304,0.0000144031173477,0.0000117879917525,0.00000984866164799,0.00000997621464194,0.00000715038868293,0.0000065931935751,0.00000584658391745,0.00000429127157986,0.00000359326782018,0.00000310991322294,0.00000279471078102,0.0000017785844193,0.00000116946534945],"min":[8.56105380934e-25,8.45493426822e-25,1.67291168372e-24,9.23209044976e-25,9.20979132412e-25,5.38304728746e-25,2.42633084341e-24,1.93498330657e-24,2.02331640086e-24,1.61027731114e-24,1.69421842234e-24,2.19410715342e-24,2.35350458515e-24,2.02522031665e-24,2.37879231032e-24,3.74510807564e-24,2.43877847685e-24,3.3144057986e-24,3.01616352275e-24,4.2499987765e-24,3.29884177016e-24,4.05376213215e-24,4.38144903572e-24,4.67844096704e-24,4.23498004816e-24,4.30233969756e-24,4.31348866874e-24,4.81355509073e-24,5.06836071299e-24,4.55157951171e-24,5.11913456187e-24,4.37376986924e-24,5.62324152942e-24,4.45701007753e-24,5.55173207722e-24,5.05854964992e-24,5.9145015974e-24,5.7968236663e-24,6.1231237524e-24,6.10891755079e-24],"var":[0.00000844029818836,0.0000111980489237,0.00000526480698682,0.00000179311109605,2.56372743479e-7,9.18056528576e-8,6.3993979893e-8,1.0339854839e-7,5.14102680427e-8,3.69439163705e-8,3.24843760779e-8,4.48433290501e-8,3.73826942734e-8,3.61428647011e-8,3.82208931171e-8,3.40947181598e-8,2.97895539347e-8,1.85300486066e-8,7.72812125405e-9,6.4606879846e-9,4.91261653579e-9,2.24451368602e-9,1.69129199534e-9,8.44206871076e-10,3.57780666205e-10,3.44388323414e-10,4.67726413156e-10,1.140690431e-9,2.69497146821e-10,9.99301544291e-11,1.7723801593e-10,4.9980939526e-11,5.78307297883e-11,5.09641530366e-11,2.8380452502e-11,3.8835722832e-11,4.31323969596e-11,2.92459355344e-11,2.04886784622e-11,1.52835383238e-11]},"melbands_crest":{"dmean":3.40945935249,"dmean2":5.68744516373,"dvar":11.6192016602,"dvar2":30.2995929718,"max":31.7655220032,"mean":12.6361570358,"median":11.7265415192,"min":1.66627895832,"var":25.9634513855},"melbands_flatness_db":{"dmean":0.0242626518011,"dmean2":0.0386587493122,"dvar":0.000721197866369,"dvar2":0.00189812411554,"max":0.429826766253,"mean":0.135450080037,"median":0.129922986031,"min":0.00299506098963,"var":0.00215765531175},"melbands_kurtosis":{"dmean":6.36135578156,"dmean2":10.6519622803,"dvar":166.97303772,"dvar2":454.32144165,"max":413.209716797,"mean":9.53545093536,"median":5.62229537964,"min":-1.45363330841,"var":251.761230469},"melbands_skewness":{"dmean":0.754065454006,"dmean2":1.2030339241,"dvar":0.950094819069,"dvar2":2.49768471718,"max":15.7479305267,"mean":2.46568369865,"median":2.29140424728,"min":-0.387330323458,"var":2.09809303284},"melbands_spread":{"dmean":9.31043338776,"dmean2":14.4051113129,"dvar":89.8955612183,"dvar2":207.125549316,"max":161.832489014,"mean":37.4693260193,"median":35.1068496704,"min":0.645272195339,"var":432.36831665},"mfcc":{"cov":[[6030.65478516,534.468688965,-53.1928253174,170.907287598,19.4747810364,166.2006073,12.2823038101,21.1796035767,-3.1442899704,27.707698822,-29.0788707733,-17.5409545898,-53.8084716797],[534.468688965,500.426055908,-36.4241981506,25.2512264252,15.8598709106,5.23593616486,28.1482906342,23.1735687256,0.529485523701,7.74730682373,32.8447799683,34.1660728455,7.5953745842],[-53.1928253174,-36.4241981506,233.375686646,60.3225364685,45.1447219849,-5.81240606308,-12.9026403427,5.37423801422,8.89431381226,3.99579334259,0.638050019741,13.4016885757,20.0538444519],[170.907287598,25.2512264252,60.3225364685,169.897247314,41.9262466431,3.29220199585,-23.820898056,-7.49360227585,29.9253787994,14.085981369,-8.01684951782,10.9752407074,16.1761455536],[19.4747810364,15.8598709106,45.1447219849,41.9262466431,115.103942871,25.1433258057,3.66927933693,6.93950510025,20.2565765381,10.2500600815,-0.566295325756,9.8928976059,7.1502404213],[166.2006073,5.23593616486,-5.81240606308,3.29220199585,25.1433258057,97.6302337646,53.6574249268,19.4069232941,1.738899827,5.26393127441,11.1813840866,-1.07962310314,-2.36713862419],[12.2823038101,28.1482906342,-12.9026403427,-23.820898056,3.66927933693,53.6574249268,106.893280029,45.1398391724,-8.86285686493,-1.30402231216,11.8297929764,0.422328591347,3.02030897141],[21.1796035767,23.1735687256,5.37423801422,-7.49360227585,6.93950510025,19.4069232941,45.1398391724,73.3341369629,25.8663082123,2.22753810883,4.89589691162,-0.822791397572,9.11914348602],[-3.1442899704,0.529485523701,8.89431381226,29.9253787994,20.2565765381,1.738899827,-8.86285686493,25.8663082123,80.5167770386,36.1629829407,-1.22447824478,0.463952094316,7.31629753113],[27.707698822,7.74730682373,3.99579334259,14.085981369,10.2500600815,5.26393127441,-1.30402231216,2.22753810883,36.1629829407,67.4322433472,24.4259300232,-0.552338063717,2.71826601028],[-29.0788707733,32.8447799683,0.638050019741,-8.01684951782,-0.566295325756,11.1813840866,11.8297929764,4.89589691162,-1.22447824478,24.4259300232,62.93201828,26.3987808228,5.16739988327],[-17.5409545898,34.1660728455,13.4016885757,10.9752407074,9.8928976059,-1.07962310314,0.422328591347,-0.822791397572,0.463952094316,-0.552338063717,26.3987808228,62.7853164673,27.8623504639],[-53.8084716797,7.5953745842,20.0538444519,16.1761455536,7.1502404213,-2.36713862419,3.02030897141,9.11914348602,7.31629753113,2.71826601028,5.16739988327,27.8623504639,54.5396957397]],"icov":[[0.000213389721466,-0.000242062451434,0.0000191394647118,-0.000202408031328,0.00015796039952,-0.000549427757505,0.000333949341439,-0.000232529157074,0.000278971157968,-0.000289403455099,0.000393344496842,-0.000105290870124,0.000266587914666],[-0.000242062451434,0.00253834878094,0.000589325965848,-0.000423318211688,-0.000554948521312,0.00115862407256,-0.000839950982481,-0.000570032570977,0.000161963005667,0.000184256554348,-0.00118029071018,-0.000968119420577,0.000156908354256],[0.0000191394647118,0.000589325965848,0.00528767472133,-0.00163273117505,-0.0017540307017,0.000737680995371,0.000537718064152,-0.00133955385536,0.00110923219472,-0.000191390950931,-0.000409666681662,-0.000271911208984,-0.00102853483986],[-0.000202408031328,-0.000423318211688,-0.00163273117505,0.0080923717469,-0.00158745981753,-0.000659224868286,0.0010045748204,0.0019132590387,-0.00267069879919,-0.000172707092133,0.00126093172003,-0.000399278942496,-0.00168519106228],[0.00015796039952,-0.000554948521312,-0.0017540307017,-0.00158745981753,0.0112723447382,-0.00372411776334,0.000757755944505,-0.000166077385074,-0.00142894673627,-0.000947749882471,0.00192773353774,-0.0020011740271,0.000773856882006],[-0.000549427757505,0.00115862407256,0.000737680995371,-0.000659224868286,-0.00372411776334,0.0173509418964,-0.00948786828667,0.00207240995951,-0.00175786984619,0.00144059921149,-0.00373365031555,0.00159212213475,0.000345484237187],[0.000333949341439,-0.000839950982481,0.000537718064152,0.0010045748204,0.000757755944505,-0.00948786828667,0.0201778095216,-0.0123107014224,0.00727926008403,-0.00327192549594,0.00138979859184,-0.00095182104269,-0.0000782321731094],[-0.000232529157074,-0.000570032570977,-0.00133955385536,0.0019132590387,-0.000166077385074,0.00207240995951,-0.0123107014224,0.0267498940229,-0.0137415090576,0.00785652175546,-0.00465284846723,0.00479962443933,-0.00446342863142],[0.000278971157968,0.000161963005667,0.00110923219472,-0.00267069879919,-0.00142894673627,-0.00175786984619,0.00727926008403,-0.0137415090576,0.0258889421821,-0.0154658472165,0.0077534657903,-0.00394309544936,0.00122016051318],[-0.000289403455099,0.000184256554348,-0.000191390950931,-0.000172707092133,-0.000947749882471,0.00144059921149,-0.00327192549594,0.00785652175546,-0.0154658472165,0.0286939758807,-0.0152152525261,0.00844588130713,-0.00336378323846],[0.000393344496842,-0.00118029071018,-0.000409666681662,0.00126093172003,0.00192773353774,-0.00373365031555,0.00138979859184,-0.00465284846723,0.0077534657903,-0.0152152525261,0.0294008888304,-0.0145921260118,0.00500252470374],[-0.000105290870124,-0.000968119420577,-0.000271911208984,-0.000399278942496,-0.0020011740271,0.00159212213475,-0.00095182104269,0.00479962443933,-0.00394309544936,0.00844588130713,-0.0145921260118,0.0292475409806,-0.0136199481785],[0.000266587914666,0.000156908354256,-0.00102853483986,-0.00168519106228,0.000773856882006,0.000345484237187,-0.0000782321731094,-0.00446342863142,0.00122016051318,-0.00336378323846,0.00500252470374,-0.0136199481785,0.026606541127]],"mean":[-578.515014648,88.8101425171,3.9269695282,22.1605930328,8.1439704895,13.6801404953,3.17410898209,3.93997049332,-0.0600033663213,2.06190085411,-1.12276506424,2.00790023804,-2.66225290298]},"pitch_salience":{"dmean":0.0708691328764,"dmean2":0.118627801538,"dvar":0.00499814003706,"dvar2":0.0135123319924,"max":0.907858431339,"mean":0.597443044186,"median":0.605850577354,"min":0.0711895078421,"var":0.00987394805998},"silence_rate_20dB":{"dmean":0,"dmean2":0,"dvar":0,"dvar2":0,"max":1,"mean":1,"median":1,"min":1,"var":0},"silence_rate_30dB":{"dmean":0,"dmean2":0,"dvar":0,"dvar2":0,"max":1,"mean":1,"median":1,"min":1,"var":0},"silence_rate_60dB":{"dmean":0.000191296028788,"dmean2":0.000382628670195,"dvar":0.000191259459825,"dvar2":0.000382457015803,"max":1,"mean":0.0173106342554,"median":0,"min":0,"var":0.0170107837766},"spectral_centroid":{"dmean":268.53729248,"dmean2":405.796691895,"dvar":71380.5859375,"dvar2":152710.421875,"max":11741.9267578,"mean":1999.87438965,"median":1898.20385742,"min":207.140258789,"var":1272023.375},"spectral_complexity":{"dmean":4.26379728317,"dmean2":6.78037118912,"dvar":14.016784668,"dvar2":32.0296287537,"max":57,"mean":32.7196807861,"median":34,"min":0,"var":97.263053894},"spectral_contrast_coeffs":{"dmean":[0.0505590587854,0.0434251986444,0.0370389893651,0.0294358804822,0.0197520237416,0.0177022218704],"dmean2":[0.0826422125101,0.0722096040845,0.0612948462367,0.048078019172,0.032426379621,0.0287021305412],"dvar":[0.00187911256216,0.00120484398212,0.000898275175132,0.000553283316549,0.000252422119956,0.000219332214328],"dvar2":[0.00481765856966,0.00331602431834,0.00230907858349,0.00140866718721,0.000647309469059,0.000547461037058],"max":[-0.30277889967,-0.521366655827,-0.556543767452,-0.602030515671,-0.659449100494,-0.63367074728],"mean":[-0.661979019642,-0.760051906109,-0.787430584431,-0.784249842167,-0.796363830566,-0.754596352577],"median":[-0.668261528015,-0.761484563351,-0.793296933174,-0.789526224136,-0.798176765442,-0.752329945564],"min":[-0.980892896652,-0.978776633739,-0.977645397186,-0.972851157188,-0.971188247204,-0.964601099491],"var":[0.00696124183014,0.00349824666046,0.00314546562731,0.00244529917836,0.00127130153123,0.00151231430937]},"spectral_contrast_valleys":{"dmean":[0.357235789299,0.327107280493,0.283164590597,0.232086867094,0.176778376102,0.193259015679],"dmean2":[0.590620815754,0.540317833424,0.464715868235,0.376438558102,0.282883256674,0.266905665398],"dvar":[0.110671982169,0.0852732732892,0.0642614141107,0.0491220504045,0.0379403233528,0.0442891977727],"dvar2":[0.264866352081,0.205111607909,0.149190947413,0.105419777334,0.0743916258216,0.0733219385147],"max":[-4.93896102905,-4.99831295013,-5.25332260132,-5.65890359879,-5.62738513947,-7.50720071793],"mean":[-6.929500103,-6.66098546982,-7.02528762817,-7.14665031433,-6.94378900528,-9.24876785278],"median":[-6.55141735077,-6.36721038818,-6.74510383606,-6.8498134613,-6.61862945557,-8.97664165497],"min":[-28.6313552856,-28.2816753387,-27.7221126556,-27.6339626312,-27.5547275543,-27.4035797119],"var":[6.02075624466,5.84657669067,5.58851718903,5.50609254837,5.56863927841,4.54636287689]},"spectral_decrease":{"dmean":3.00862001978e-9,"dmean2":5.10157871503e-9,"dvar":2.64015107314e-17,"dvar2":7.00653544045e-17,"max":2.2693632897e-19,"mean":-8.37583513658e-9,"median":-7.22142168286e-9,"min":-4.01818986973e-8,"var":2.5321032526e-17},"spectral_energy":{"dmean":0.0115692671388,"dmean2":0.0195678621531,"dvar":0.000380836136173,"dvar2":0.00101026787888,"max":0.154397279024,"mean":0.0348450168967,"median":0.0305379927158,"min":1.01102295772e-20,"var":0.000378698721761},"spectral_energyband_high":{"dmean":0.000660781515762,"dmean2":0.000916398654226,"dvar":6.22054415089e-7,"dvar2":0.00000111193355679,"max":0.0144005399197,"mean":0.00235700467601,"median":0.00198515458032,"min":6.87738236895e-21,"var":0.00000315253828376},"spectral_energyband_low":{"dmean":0.00869923457503,"dmean2":0.0154658164829,"dvar":0.00031194393523,"dvar2":0.000884103646968,"max":0.141672313213,"mean":0.012898042798,"median":0.0092192478478,"min":5.94851057432e-24,"var":0.000239633998717},"spectral_energyband_middle_high":{"dmean":0.00220394926146,"dmean2":0.00340281659737,"dvar":0.00000649126377539,"dvar2":0.0000150222695083,"max":0.0372362919152,"mean":0.00878801196814,"median":0.00714452331886,"min":1.12502086596e-21,"var":0.000036455814552},"spectral_energyband_middle_low":{"dmean":0.00507084652781,"dmean2":0.00801302772015,"dvar":0.000102239588159,"dvar2":0.000256276194705,"max":0.0998693332076,"mean":0.0121511882171,"median":0.00954217277467,"min":1.6620573521e-22,"var":0.000119213851576},"spectral_entropy":{"dmean":0.0893418863416,"dmean2":0.128380179405,"dvar":0.00704003032297,"dvar2":0.0140611212701,"max":9.82599544525,"mean":8.05931377411,"median":8.04478359222,"min":6.31562709808,"var":0.0756852701306},"spectral_flux":{"dmean":0.0277526788414,"dmean2":0.043410602957,"dvar":0.00129485654179,"dvar2":0.00270266621374,"max":0.357470482588,"mean":0.104070685804,"median":0.0956685692072,"min":6.29880453351e-11,"var":0.00236683129333},"spectral_kurtosis":{"dmean":0.598263978958,"dmean2":0.975751459599,"dvar":0.385747730732,"dvar2":0.951159179211,"max":25.0584697723,"mean":2.26889157295,"median":2.18769288063,"min":-1.25315308571,"var":1.16913795471},"spectral_rms":{"dmean":0.00084126892034,"dmean2":0.0013912555296,"dvar":0.00000142654641877,"dvar2":0.00000368406540474,"max":0.0122732017189,"mean":0.00563463382423,"median":0.00545831117779,"min":3.14064291067e-12,"var":0.00000224594737119},"spectral_rolloff":{"dmean":701.791137695,"dmean2":1096.99853516,"dvar":825348.125,"dvar2":1585315.875,"max":20133.5449219,"mean":2467.60375977,"median":1959.52148438,"min":107.666015625,"var":6451014.5},"spectral_skewness":{"dmean":0.115185059607,"dmean2":0.180716171861,"dvar":0.0108455689624,"dvar2":0.0245980229229,"max":3.94573807716,"mean":1.17353785038,"median":1.17588591576,"min":-0.0899037793279,"var":0.0660233944654},"spectral_spread":{"dmean":433975.5,"dmean2":621908.4375,"dvar":384445317120,"dvar2":707490152448,"max":43806952,"mean":5700820.5,"median":5173772,"min":1903865.75,"var":15626624041000},"spectral_strongpeak":{"dmean":0.585967719555,"dmean2":1.02309012413,"dvar":1.08595180511,"dvar2":2.81285190582,"max":12.052189827,"mean":0.777910888195,"median":0.317326784134,"min":0,"var":1.35160636902},"zerocrossingrate":{"dmean":0.0119935981929,"dmean2":0.0143494624645,"dvar":0.000166095182067,"dvar2":0.000219424022362,"max":0.533203125,"mean":0.0914155319333,"median":0.08154296875,"min":0.0048828125,"var":0.00353585742414}},"metadata":{"audio_properties":{"analysis_sample_rate":44100,"bit_rate":256028,"codec":"mp3","downmix":"mix","equal_loudness":0,"length":242.75592041,"lossless":false,"md5_encoded":"f581562b67debb2265e738b710c6d61f","replay_gain":-14.6123924255,"sample_rate":44100},"tags":{"album":["Eyes Wide, Tongue Tied"],"albumartist":["The Fratellis"],"artist":["The Fratellis"],"artistsort":["Fratellis, The"],"composer":["The Fratellis"],"date":["2015"],"file_name":"10. The Fratellis - Too Much Wine.mp3","genre":["Alternative Rock"],"label":["Cooking Vinyl"],"musicbrainz_albumid":["b264c2b1-9002-425c-a7c4-69e11315fc1f"],"musicbrainz_artistid":["f4ad883e-9a92-45ed-a540-a49c2d1c36dd"],"musicbrainz_recordingid":["b3393788-6711-4bbf-90dc-bfae03381142"],"title":["Too Much Wine"],"tracknumber":["10/11"]},"version":{"essentia":"2.1-beta2","essentia_build_sha":"c0e182ba78c2de26e491b7b7a4a2c98c1ed34208","essentia_git_sha":"v2.1_beta2-2-gbb40004","extractor":"music 1.0"}},"rhythm":{"beats_count":537,"beats_loudness":{"dmean":0.0173269230872,"dmean2":0.0326927900314,"dvar":0.000295365578495,"dvar2":0.000949123641476,"max":0.111557260156,"mean":0.0446730516851,"median":0.0430835075676,"min":0,"var":0.000299104169244},"beats_loudness_band_ratio":{"dmean":[0.128513559699,0.0468537956476,0.0502126850188,0.0706005915999,0.0424898639321,0.0402646772563],"dmean2":[0.224883854389,0.0800729840994,0.0906681492925,0.121597521007,0.0725450962782,0.0711919814348],"dvar":[0.0109835984185,0.00174619990867,0.00356627232395,0.0051267882809,0.0018496188568,0.00108787126373],"dvar2":[0.0295764021575,0.00488566141576,0.0103336600587,0.0142878917977,0.00510664144531,0.00325553468429],"max":[0.940698504448,0.586535334587,0.478199034929,0.509827494621,0.369334608316,0.382177382708],"mean":[0.623056590557,0.0839090868831,0.0660927891731,0.0915996134281,0.0767035037279,0.0726030766964],"median":[0.644493579865,0.0720915794373,0.0436175018549,0.0634908229113,0.0651651993394,0.0639323890209],"min":[0,0,0,0,0,0],"var":[0.0288257189095,0.00311967218295,0.00363064534031,0.006364759