{"lowlevel":{"average_loudness":0.94115537405,"barkbands":{"dmean":[0.000175837936695,0.00516416318715,0.0018978365697,0.000586227688473,0.00112468958832,0.000804617535323,0.000773937266786,0.000595192774199,0.00107270677108,0.00138627726119,0.000841928704176,0.0012426431058,0.000605464796536,0.000649402732961,0.000591223186348,0.00058807048481,0.000514733837917,0.000305902649416,0.000271551107289,0.000166442507179,0.000130377142341,0.000103655089333,0.0000887001660885,0.0000698174189893,0.0000602725740464,0.0000235450534092,0.00000976416777121],"dmean2":[0.00026092378539,0.00835267081857,0.0031689919997,0.000998464180157,0.00197671120986,0.00134203140624,0.00127024145331,0.000978401280008,0.00166834227275,0.00215936102904,0.00132597004995,0.00193118897732,0.000966134190094,0.00103597471025,0.000919212645385,0.000943203398492,0.000823383394163,0.00048828573199,0.000441693468019,0.000269864336587,0.000216527303564,0.000173662891029,0.00014284127974,0.000107923122414,0.000089556502644,0.0000354076291842,0.0000133224430101],"dvar":[8.19951040398e-8,0.00010013726569,0.0000114220720207,6.91250875207e-7,0.0000125843389469,0.00000336507741849,0.00000374847058993,0.00000271720227829,0.00000608441132499,0.00000819292199594,0.00000356277860192,0.00000553225390831,0.0000019376786895,0.00000166902054843,0.00000142494002375,0.00000129926888803,6.82572704136e-7,1.84507797485e-7,1.36317055421e-7,4.23077253231e-8,3.32793703706e-8,3.2612092582e-8,2.11647375181e-8,1.93427123207e-8,1.28115660303e-8,2.00228122971e-9,2.15476650411e-10],"dvar2":[1.84423115002e-7,0.000253369333223,0.0000309841598209,0.00000179980088433,0.0000348404282704,0.00000868133429321,0.00000955293398874,0.00000691453942636,0.0000132306195155,0.0000190511309484,0.00000810860819911,0.0000131507867991,0.00000449663093605,0.00000399445798394,0.00000324089046444,0.00000318199181493,0.00000158360580826,4.46731547754e-7,3.36201537721e-7,1.07891978018e-7,8.78432189211e-8,8.86333637595e-8,5.07386275217e-8,4.1813486007e-8,2.652398301e-8,4.66313654357e-9,4.2484310514e-10],"max":[0.00495421374217,0.113765753806,0.0483054220676,0.0143898762763,0.0562773868442,0.0337782464921,0.0385598056018,0.0652135759592,0.050728932023,0.052747502923,0.0397474691272,0.0418650098145,0.0292834714055,0.0399907417595,0.0217770151794,0.0236023012549,0.0269165970385,0.00785876903683,0.011805549264,0.00409141974524,0.00318305427209,0.0038211659994,0.00369971059263,0.00275300606154,0.00296202464961,0.0012465819018,0.000196153123397],"mean":[0.00037241159589,0.00910946633667,0.00353130628355,0.000880646111909,0.0012536291033,0.00109052541666,0.00118757470045,0.000812447106,0.0016316055553,0.00235543190502,0.00141539087053,0.00229733251035,0.00099696975667,0.00120985414833,0.00102983799297,0.00107539363671,0.00105862517375,0.000642049126327,0.000685944920406,0.000424664089223,0.000321889237966,0.000214687286643,0.000197937828489,0.00015306622663,0.000150146588567,0.0000577497994527,0.0000243941012741],"median":[0.000195058339159,0.00573971774429,0.00258418498561,0.000592466734815,0.000610813440289,0.000502454815432,0.000417653034674,0.000310681876726,0.000601980893407,0.000811617355794,0.000421920180088,0.000794236198999,0.000340818020049,0.000439189083409,0.000442997203209,0.000558463507332,0.000636361073703,0.000438642746303,0.000502748240251,0.000337182485964,0.000271841709036,0.000159637012985,0.000145098514622,0.000100107143226,0.000107690197183,0.0000402179939556,0.0000145868361869],"min":[2.22110729841e-23,2.51727660558e-23,3.23676063559e-25,9.86960839031e-24,4.29744189686e-23,1.59758075264e-23,4.71597709883e-23,1.60614352222e-23,3.45932420117e-23,6.43458883586e-23,2.71411633409e-23,8.43521519106e-23,1.09075443955e-22,3.4912159543e-23,1.70892528242e-22,1.25201881316e-22,1.83728835026e-22,1.36742840629e-22,3.21178469782e-22,2.70764477166e-22,2.93508510889e-22,4.44872617027e-22,6.91959402569e-22,6.63491848502e-22,1.20763320723e-21,1.58532870149e-21,2.39137591972e-21],"var":[2.25587498903e-7,0.000134411136969,0.0000132702016344,9.1232845989e-7,0.00000865549736773,0.00000393827804146,0.00000756359440857,0.000003336773716,0.0000115004022518,0.0000186241177289,0.00000960767465585,0.0000148613216879,0.00000441777319793,0.00000504925810674,0.00000307364166474,0.00000252887389252,0.00000196856672119,4.5360184231e-7,4.60610351638e-7,1.28795321075e-7,6.92978190386e-8,4.8259316543e-8,4.80606630049e-8,4.20883417007e-8,3.19818909134e-8,4.26630819561e-9,7.41288419537e-10]},"barkbands_crest":{"dmean":2.51298975945,"dmean2":4.05422687531,"dvar":6.08533573151,"dvar2":15.1478939056,"max":25.6433067322,"mean":9.40515613556,"median":8.5739402771,"min":2.27733206749,"var":16.5176811218},"barkbands_flatness_db":{"dmean":0.0177602432668,"dmean2":0.0273476596922,"dvar":0.000371088186512,"dvar2":0.000853565754369,"max":0.397106081247,"mean":0.0932513326406,"median":0.0829793959856,"min":0.0153801320121,"var":0.00197996827774},"barkbands_kurtosis":{"dmean":2.16784763336,"dmean2":3.40239357948,"dvar":90.0307388306,"dvar2":237.830932617,"max":480.390594482,"mean":2.12724256516,"median":-0.207631260157,"min":-1.94706177711,"var":148.800552368},"barkbands_skewness":{"dmean":0.451828867197,"dmean2":0.688389062881,"dvar":0.404834806919,"dvar2":0.924466252327,"max":18.8046836853,"mean":0.893654942513,"median":0.605534553528,"min":-3.39570093155,"var":1.72279787064},"barkbands_spread":{"dmean":5.59756803513,"dmean2":8.58209323883,"dvar":34.5960235596,"dvar2":74.3064575195,"max":117.284126282,"mean":31.3022708893,"median":30.9520149231,"min":0.369875282049,"var":146.824462891},"dissonance":{"dmean":0.0153792994097,"dmean2":0.0262732617557,"dvar":0.000260292406892,"dvar2":0.000720315263607,"max":0.500000119209,"mean":0.47634267807,"median":0.482325851917,"min":0.331366509199,"var":0.000431002787082},"dynamic_complexity":2.24276161194,"erbbands":{"dmean":[0.152621537447,1.21166992188,2.35216546059,1.86307728291,3.03430771828,3.92342352867,3.51038193703,7.66264629364,11.2959260941,11.3229227066,12.7048749924,23.3608398438,46.3245124817,27.8475971222,35.3825950623,52.8995323181,28.774274826,29.1514530182,28.4743080139,29.0272293091,29.3714599609,23.2758255005,17.5291175842,14.4656352997,11.5790920258,7.64526510239,5.57104635239,5.05269002914,3.86668944359,3.00854754448,2.47943329811,1.59432625771,1.1694791317,0.746191561222,0.437190026045,0.147479459643,0.034684907645,0.00881185755134,0.0012734325137,0.000132561995997],"dmean2":[0.232425481081,2.00184011459,3.93118906021,3.12278628349,5.34807014465,6.91007137299,5.81186389923,12.9079685211,18.7002296448,18.7452259064,20.4872093201,35.7811164856,73.1052246094,42.0846633911,53.7710533142,82.9034881592,44.7055282593,45.140914917,44.1874046326,45.0880851746,46.3632583618,36.8688812256,27.7090568542,23.3460559845,18.6689300537,12.4034957886,9.16646003723,8.42470645905,6.51312685013,4.95963668823,3.9858212471,2.50606441498,1.79677963257,1.13151979446,0.655752360821,0.218933299184,0.053576476872,0.0129290604964,0.00178509403486,0.000184774587979],"dvar":[0.0911057889462,5.60725164413,18.790895462,7.40751028061,65.9916152954,175.868041992,64.7056427002,350.609619141,694.148193359,1077.57275391,1092.68103027,3051.9621582,10084.0224609,3759.99462891,5332.15380859,10788.7392578,3773.75146484,3869.01977539,2543.53442383,4226.65771484,2596.44946289,1216.07116699,648.248718262,414.496459961,266.384155273,88.1988601685,59.7040061951,56.8087921143,45.3005867004,26.2432041168,17.8134307861,8.78511238098,6.81601142883,2.02716803551,0.695765912533,0.0841220542789,0.004441737663,0.000184880977031,0.0000042433634917,4.27953565918e-8],"dvar2":[0.215339496732,14.6448917389,51.255443573,18.6278438568,185.265579224,484.871398926,160.523483276,915.943847656,1792.31884766,2787.49511719,2665.15649414,6457.79296875,24620.671875,8262.71972656,11933.8027344,26732.6679688,8679.9921875,9065.22070313,5903.77197266,10329.6347656,6238.85693359,2894.74682617,1540.59094238,990.319458008,678.671691895,228.107025146,154.544021606,152.333068848,123.337783813,69.1159896851,42.5045089722,20.3640346527,14.7629051208,4.25999546051,1.48776257038,0.180532321334,0.0114147430286,0.000439602823462,0.00000924985306483,8.60065156871e-8],"max":[3.97469472885,24.8452033997,55.8768577576,39.6717185974,149.883163452,208.970077515,223.496063232,414.502532959,515.383178711,906.665771484,938.553894043,1556.48083496,1832.02722168,1526.0012207,1804.18676758,1655.86413574,1316.87976074,2315.92553711,1113.39221191,1127.54284668,1761.6619873,799.452636719,501.338348389,848.490234375,527.410400391,190.458892822,127.349273682,137.475769043,121.725341797,80.9006271362,124.324325562,53.7784843445,72.6850585938,36.1316452026,18.2921886444,8.982837677,1.18703734875,0.185617402196,0.026749689132,0.00356897502206],"mean":[0.276481330395,1.94441366196,4.50264787674,3.40271925926,3.66567897797,3.97661304474,4.7172088623,9.8958272934,17.5693798065,16.2087497711,19.3181743622,38.1613235474,80.3472824097,51.1251373291,68.8722229004,98.541343689,54.1785316467,57.2730979919,57.8141288757,55.1472167969,64.0148468018,53.5715103149,39.4789848328,35.0457267761,30.4461841583,20.2544517517,13.6375770569,11.8406190872,8.07467651367,6.5221657753,5.34045934677,3.42430043221,2.52652835846,1.80733108521,1.00346517563,0.365488857031,0.080994553864,0.0217588208616,0.00310479057953,0.000336007506121],"median":[0.151814579964,1.16690564156,3.28394556046,2.32869029045,2.09381103516,1.58799672127,2.03429317474,4.30121231079,6.69950675964,5.6349196434,8.43410110474,15.7296466827,28.3947048187,20.9523887634,25.2004947662,38.2848587036,24.4653663635,23.8366165161,28.4310913086,27.2263298035,38.5600814819,36.0381889343,27.6680526733,25.8826980591,23.5627479553,16.5590209961,11.4772014618,9.49801635742,6.08364200592,4.90826416016,3.69788503647,2.29278182983,1.61028802395,1.2818801403,0.68809056282,0.256549656391,0.0552417114377,0.0138627160341,0.00181150296703,0.000218251007027],"min":[1.51491737522e-21,2.72441123396e-21,8.57683301538e-22,1.46622836519e-20,1.08381469007e-19,1.46187487485e-19,9.56081459877e-20,2.16313404125e-19,6.74353049023e-19,4.11689884669e-19,4.93964447869e-19,1.02988711532e-18,1.6603774131e-18,1.20996112935e-18,2.47825317434e-18,3.87039173462e-18,5.37868568484e-18,2.58581663927e-18,6.4414709105e-18,8.54404284565e-18,8.00632250793e-18,1.07261982411e-17,6.37130862376e-18,1.50920095377e-17,1.63879534034e-17,1.43112651904e-17,9.01013761413e-18,1.30469030805e-17,1.69579354394e-17,1.77226192479e-17,1.98122925422e-17,1.50847071873e-17,1.42816024936e-17,1.25158307933e-17,8.94167766509e-18,6.19349581134e-18,2.74874226862e-18,1.2440403502e-18,2.96503691901e-19,3.653396333e-20],"var":[0.136913329363,6.74606132507,22.3660488129,11.9096822739,46.0548973083,119.433067322,76.8435440063,389.515350342,1423.49694824,1432.79907227,1624.64208984,6461.97851563,23472.3222656,8862.12402344,17056.2617188,26509.6347656,9784.85449219,11126.6367188,7450.84960938,8122.52392578,6716.01025391,3639.77685547,1700.79699707,1357.43029785,798.187438965,272.852050781,128.872879028,110.102401733,66.0756912231,44.9782867432,39.7911262512,18.2909870148,13.5801315308,4.96549797058,1.54453873634,0.190670058131,0.00794895272702,0.000546684139408,0.0000129070149342,1.18493311163e-7]},"erbbands_crest":{"dmean":2.81346988678,"dmean2":4.50044870377,"dvar":7.54400205612,"dvar2":18.7655277252,"max":31.639623642,"mean":9.73876571655,"median":8.50681686401,"min":2.25771355629,"var":24.8244953156},"erbbands_flatness_db":{"dmean":0.0149039551616,"dmean2":0.0222176443785,"dvar":0.000225508934818,"dvar2":0.00046069311793,"max":0.350528866053,"mean":0.137563243508,"median":0.134175866842,"min":0.0408223792911,"var":0.00152366666589},"erbbands_kurtosis":{"dmean":0.858072221279,"dmean2":1.3549271822,"dvar":1.30778729916,"dvar2":3.17573428154,"max":29.2781181335,"mean":0.920231044292,"median":0.359119176865,"min":-1.74151980877,"var":3.87116360664},"erbbands_skewness":{"dmean":0.315459430218,"dmean2":0.486886918545,"dvar":0.0891034901142,"dvar2":0.207016140223,"max":3.35021424294,"mean":0.118453405797,"median":0.039099406451,"min":-2.75672841072,"var":0.463266253471},"erbbands_spread":{"dmean":6.21609449387,"dmean2":9.36108207703,"dvar":56.0097236633,"dvar2":114.692581177,"max":169.773651123,"mean":31.8891506195,"median":28.3008899689,"min":2.40704607964,"var":295.733978271},"gfcc":{"cov":[[5489.1015625,-594.278259277,-315.550811768,-37.9115715027,-106.038314819,-15.4389324188,-189.242095947,-11.2094421387,-25.6133708954,30.9764652252,-69.6063995361,4.81644582748,-31.1721668243],[-594.278259277,718.534912109,-112.309326172,7.67134189606,63.0171051025,-14.5924224854,91.1052627563,-4.4078874588,-1.20792293549,-4.87971401215,52.354309082,-21.4054412842,30.4784832001],[-315.550811768,-112.309326172,509.386352539,118.738311768,0.444540292025,7.20463466644,-33.6744384766,29.898059845,49.088142395,25.2072200775,-5.05611371994,31.6710262299,8.1706609726],[-37.9115715027,7.67134189606,118.738311768,245.974899292,58.1477088928,16.594745636,-9.66485691071,4.19865989685,38.6101913452,21.8199977875,-4.45888805389,-6.51816272736,-5.03149604797],[-106.038314819,63.0171051025,0.444540292025,58.1477088928,199.397338867,41.574760437,48.1587295532,13.570479393,21.1495304108,22.296421051,2.41531705856,-5.41191053391,4.86636638641],[-15.4389324188,-14.5924224854,7.20463466644,16.594745636,41.574760437,198.653320313,63.3177108765,22.2764282227,-4.67346286774,-5.63455963135,30.2820491791,-5.36541891098,-8.41953468323],[-189.242095947,91.1052627563,-33.6744384766,-9.66485691071,48.1587295532,63.3177108765,160.825576782,37.7171669006,3.31631302834,-0.354170143604,16.9899139404,8.73364925385,10.5063419342],[-11.2094421387,-4.4078874588,29.898059845,4.19865989685,13.570479393,22.2764282227,37.7171669006,114.751213074,53.4911384583,8.2981262207,-1.37628901005,2.5219874382,18.8545341492],[-25.6133708954,-1.20792293549,49.088142395,38.6101913452,21.1495304108,-4.67346286774,3.31631302834,53.4911384583,97.1158599854,33.8800354004,0.609190642834,-2.15506863594,5.03265810013],[30.9764652252,-4.87971401215,25.2072200775,21.8199977875,22.296421051,-5.63455963135,-0.354170143604,8.2981262207,33.8800354004,77.5508880615,35.0486907959,6.06732034683,-8.9069776535],[-69.6063995361,52.354309082,-5.05611371994,-4.45888805389,2.41531705856,30.2820491791,16.9899139404,-1.37628901005,0.609190642834,35.0486907959,81.5230407715,26.1844272614,-0.952398240566],[4.81644582748,-21.4054412842,31.6710262299,-6.51816272736,-5.41191053391,-5.36541891098,8.73364925385,2.5219874382,-2.15506863594,6.06732034683,26.1844272614,67.3425674438,30.6074447632],[-31.1721668243,30.4784832001,8.1706609726,-5.03149604797,4.86636638641,-8.41953468323,10.5063419342,18.8545341492,5.03265810013,-8.9069776535,-0.952398240566,30.6074447632,66.4590072632]],"icov":[[0.000228085380513,0.000153543951456,0.000238463020651,-0.0000726504804334,0.000077725679148,-0.000112134614028,0.000253292353591,-0.000128106228658,0.000112331494165,-0.000316691439366,0.000295718840789,-0.000213894702028,0.0000299486073345],[0.000153543951456,0.00210079899989,0.000352614122676,-0.000290782772936,-0.00043023226317,0.000946255866438,-0.00104818353429,0.000493354222272,-0.000318028556649,0.0010868847603,-0.00253713154234,0.00226792972535,-0.00169075990561],[0.000238463020651,0.000352614122676,0.00276582781225,-0.00121394963935,0.000374036986614,-0.000437564303866,0.000767023826484,-0.00057937001111,-0.000445475510787,-0.000787411758211,0.00100996962283,-0.00187021808233,0.00028248160379],[-0.0000726504804334,-0.000290782772936,-0.00121394963935,0.00532755302265,-0.00135095103178,-0.000510567217134,0.000460540963104,0.000989363295957,-0.00170440378133,-0.000342433719197,0.000517271168064,0.000425145903137,0.000227400727454],[0.000077725679148,-0.00043023226317,0.000374036986614,-0.00135095103178,0.00647947611287,-0.00132640043739,-0.00133269780781,0.000349933368852,-0.000308500078972,-0.00266733090393,0.00205940380692,-0.000130962624098,-0.000689875450917],[-0.000112134614028,0.000946255866438,-0.000437564303866,-0.000510567217134,-0.00132640043739,0.00740839354694,-0.00271746772341,-0.00089356652461,0.000563704583328,0.0033401127439,-0.0053373798728,0.00304914498702,0.000171568623045],[0.000253292353591,-0.00104818353429,0.000767023826484,0.000460540963104,-0.00133269780781,-0.00271746772341,0.00947319809347,-0.00325652491301,0.00125843356363,-0.000748542021029,0.00122077087872,-0.00285357190296,0.000855756283272],[-0.000128106228658,0.000493354222272,-0.00057937001111,0.000989363295957,0.000349933368852,-0.00089356652461,-0.00325652491301,0.0144191337749,-0.00835667923093,0.00150619866326,-0.000405823404435,0.00190155138262,-0.00390184251592],[0.000112331494165,-0.000318028556649,-0.000445475510787,-0.00170440378133,-0.000308500078972,0.000563704583328,0.00125843356363,-0.00835667923093,0.0186065137386,-0.00779409101233,0.00262439111248,0.000498627487104,-0.000255470746197],[-0.000316691439366,0.0010868847603,-0.000787411758211,-0.000342433719197,-0.00266733090393,0.0033401127439,-0.000748542021029,0.00150619866326,-0.00779409101233,0.023554738611,-0.0128392325714,0.00242837728001,0.00217807013541],[0.000295718840789,-0.00253713154234,0.00100996962283,0.000517271168064,0.00205940380692,-0.0053373798728,0.00122077087872,-0.000405823404435,0.00262439111248,-0.0128392325714,0.0254027619958,-0.0123019237071,0.00442257476971],[-0.000213894702028,0.00226792972535,-0.00187021808233,0.000425145903137,-0.000130962624098,0.00304914498702,-0.00285357190296,0.00190155138262,0.000498627487104,0.00242837728001,-0.0123019237071,0.027605170384,-0.0131728285924],[0.0000299486073345,-0.00169075990561,0.00028248160379,0.000227400727454,-0.000689875450917,0.000171568623045,0.000855756283272,-0.00390184251592,-0.000255470746197,0.00217807013541,0.00442257476971,-0.0131728285924,0.0233040507883]],"mean":[49.3808860779,62.570350647,-118.199447632,29.1853656769,-38.5518951416,23.0776348114,-22.7187728882,17.9642276764,-19.6450824738,3.56039166451,-14.0523862839,1.73791754246,-9.63638687134]},"hfc":{"dmean":7.29868507385,"dmean2":11.377743721,"dvar":83.8551025391,"dvar2":207.697677612,"max":117.267852783,"mean":34.2478218079,"median":34.9094543457,"min":1.20011267562e-16,"var":351.299560547},"melbands":{"dmean":[0.00137095875107,0.00131481641438,0.000324803637341,0.000279612548184,0.000122419834952,0.000173522057594,0.000166228113812,0.000124139623949,0.000106863924884,0.000160302341101,0.000234681749134,0.000119234464364,0.000116247720143,0.000138798422995,0.000110273358587,0.0000546092123841,0.0000625362372375,0.0000519165550941,0.0000436495683971,0.0000414179412473,0.0000390408167732,0.0000298196828226,0.000022646956495,0.0000135339869303,0.0000135742393468,0.0000101034311228,0.0000079392666521,0.00000528711279912,0.00000378100639864,0.00000364409629583,0.00000312089377985,0.00000238373263528,0.00000203463355319,0.00000177591539341,0.00000163441950463,0.0000012377636267,9.80209165391e-7,8.87431781393e-7,7.8843618212e-7,6.48986485885e-7],"dmean2":[0.00216027791612,0.00220856070518,0.000548416457605,0.000497112807352,0.000202574708965,0.000290569267236,0.000275239057373,0.00020564958686,0.000172212923644,0.000245886505581,0.00036953255767,0.000179145674338,0.000179079463123,0.00020857193158,0.000172494226717,0.0000851195800351,0.0000977167801466,0.0000803052607807,0.0000665236075292,0.0000653594033793,0.0000617837213213,0.0000473850232083,0.0000361084057658,0.000021605665097,0.0000219442172238,0.000016449854229,0.0000129705713334,0.0000086417694547,0.00000620518403593,0.00000610875713392,0.0000052520645113,0.00000403807780458,0.0000034302165659,0.00000292673507829,0.00000265142261924,0.00000197579220185,0.00000155244003963,0.00000138218854318,0.00000122309734252,0.00000100340275822],"dvar":[0.0000072658017416,0.00000599208533458,2.22383306436e-7,8.92241644124e-7,7.87419764947e-8,1.65972494415e-7,1.51609526711e-7,1.24000706592e-7,6.94764139553e-8,1.41663974773e-7,2.56296146972e-7,6.85335379558e-8,6.09358608017e-8,7.44039567735e-8,5.06047541649e-8,1.68246270249e-8,1.83909207863e-8,8.81663098085e-9,9.53093604039e-9,8.46628100959e-9,4.93230700727e-9,2.30956453962e-9,1.29740052035e-9,3.86008724984e-10,4.06228967131e-10,1.94176535961e-10,1.18758516909e-10,4.36068126053e-11,2.81977063227e-11,2.51344084434e-11,2.34070020311e-11,1.73508811485e-11,1.20936715503e-11,8.56774894087e-12,7.44555892634e-12,5.08858320064e-12,3.52123365188e-12,4.2463875298e-12,3.0506768986e-12,1.42711005773e-12],"dvar2":[0.0000176572502824,0.0000163107433764,5.73670604354e-7,0.00000249208710557,1.98969814846e-7,4.31925030853e-7,3.8850657802e-7,3.22454127399e-7,1.67679189644e-7,2.97532409377e-7,6.23648816145e-7,1.47080328361e-7,1.37120238719e-7,1.61909838425e-7,1.22623433185e-7,3.77755213776e-8,4.35098108653e-8,1.94571647683e-8,2.05621670801e-8,2.03874144233e-8,1.17327250138e-8,5.48659651045e-9,2.93813795516e-9,9.2908641891e-10,9.60319490595e-10,4.89721596608e-10,2.99633567957e-10,1.14071321833e-10,7.14031681004e-11,6.72533834178e-11,6.24456042431e-11,4.65615462852e-11,3.33025482191e-11,2.19313629757e-11,1.79372020709e-11,1.22707425818e-11,8.19273295039e-12,9.17788067767e-12,7.23553291934e-12,2.96661957153e-12],"max":[0.0325581729412,0.0303528383374,0.0060794041492,0.0148685360327,0.00680796941742,0.00806821137667,0.00805362872779,0.0123897623271,0.00619473448023,0.0096834404394,0.00946410838515,0.00682158861309,0.00619348185137,0.00620589405298,0.00449796346948,0.00388388545252,0.00509265810251,0.00168027193286,0.00240495847538,0.00241359672509,0.00290118763223,0.0012719524093,0.00101461657323,0.00040266092401,0.000880287610926,0.000320879393257,0.00027658129693,0.000118014213513,0.000094167808129,0.0000781239577918,0.00011944193102,0.0000846991169965,0.0000553318786842,0.0000482696850668,0.000081546146248,0.0000619838610874,0.0000345583175658,0.0000627552435617,0.0000366007443517,0.000032977295632],"mean":[0.0024523336906,0.002494210843,0.000604445987847,0.000291034230031,0.00016138709907,0.000233459184528,0.000262490444584,0.000173692053067,0.000163063334185,0.000250100507401,0.000400307646487,0.000200692811632,0.000209056204767,0.000257961131865,0.000187694269698,0.0000917542274692,0.00011242961773,0.000095705530839,0.0000758253736421,0.0000722403783584,0.0000781522030593,0.0000593510485487,0.0000449049512099,0.0000272846573353,0.0000289959170914,0.0000235303450609,0.0000184986492968,0.0000121484226838,0.00000818367152533,0.00000803266811999,0.00000644256715532,0.00000451283585789,0.00000398574684368,0.00000356878103958,0.0000032748778267,0.00000246808122029,0.00000193858363673,0.00000177072558927,0.0000016270944343,0.0000015030667555],"median":[0.00146483047865,0.00173534313217,0.000446268008091,0.000134895133669,0.0000706882856321,0.000102835139842,0.000098967429949,0.0000585190282436,0.0000688794025336,0.0000942304468481,0.000132961373311,0.0000706945065758,0.0000666986888973,0.0000882165622897,0.0000763777206885,0.0000320726067002,0.0000401578581659,0.0000416021212004,0.0000327430425386,0.0000334443684551,0.0000443800672656,0.0000353890463884,0.0000285685127892,0.0000180385504791,0.0000197071312869,0.0000172720829141,0.0000141852178785,0.00000940397330851,0.00000640161670162,0.00000652800554235,0.00000478833226225,0.00000324334155266,0.00000293692846753,0.00000256006887867,0.0000021883847694,0.00000158083480528,0.00000124150255942,0.00000108182757685,0.00000101423165688,0.00000106110655906],"min":[1.08964670529e-23,1.26404399186e-24,5.01272195892e-24,1.05524266684e-23,3.83890008739e-24,5.27955100467e-24,9.09678818274e-24,3.41132958815e-24,4.1219512688e-24,6.03139816178e-24,8.79101780727e-24,5.62693418732e-24,5.45085491125e-24,9.97556108736e-24,1.0140112739e-23,1.41717141906e-23,3.20268357012e-24,9.17241706658e-24,1.52848647699e-23,8.5363869177e-24,7.17261917311e-24,1.01830188837e-23,8.23210670048e-24,5.63700794108e-24,1.28408111802e-23,1.06982925718e-23,1.21575669173e-23,8.36648600024e-24,3.69423916902e-24,6.71417186918e-24,7.19857900778e-24,7.85873015656e-24,9.80431042889e-24,9.57082495588e-24,1.19606025487e-23,1.05919415e-23,8.23052661208e-24,8.33246952914e-24,1.1031292848e-23,1.05191722369e-23],"var":[0.0000103177999335,0.00000715988790034,3.04346173152e-7,5.81556832913e-7,8.77861126014e-8,1.94386416297e-7,3.32617617005e-7,1.55172102723e-7,1.1151441015e-7,2.84934088768e-7,6.01064527928e-7,1.55357696485e-7,1.88516267485e-7,2.05024704769e-7,9.70062501437e-8,4.10372678061e-8,5.08224680118e-8,2.44722215825e-8,1.97576675021e-8,1.52660142305e-8,1.16230625125e-8,6.36251717978e-9,3.11245451634e-9,9.35632682442e-10,1.22979948447e-9,5.46301170967e-10,2.94138047252e-10,1.15428860914e-10,5.79864559147e-11,4.99449509528e-11,4.23001945971e-11,2.44806189209e-11,1.74246311824e-11,1.55336195296e-11,1.61580731434e-11,1.0140149137e-11,6.87813174471e-12,7.99981088317e-12,5.4112456703e-12,3.50568098856e-12]},"melbands_crest":{"dmean":3.03659772873,"dmean2":4.87699604034,"dvar":8.21740818024,"dvar2":20.5015735626,"max":37.2029075623,"mean":13.983953476,"median":13.2756891251,"min":2.39608621597,"var":28.0411491394},"melbands_flatness_db":{"dmean":0.0228877421468,"dmean2":0.0347478091717,"dvar":0.000612834002823,"dvar2":0.00137810839806,"max":0.512593150139,"mean":0.160779625177,"median":0.14936645329,"min":0.00580644002184,"var":0.00351935857907},"melbands_kurtosis":{"dmean":6.15035438538,"dmean2":9.50950431824,"dvar":444.965332031,"dvar2":1058.05578613,"max":670.030090332,"mean":10.0139331818,"median":2.08128714561,"min":-1.76255106926,"var":1122.41027832},"melbands_skewness":{"dmean":0.663822472095,"dmean2":1.01352274418,"dvar":0.852259278297,"dvar2":1.84894025326,"max":20.0835266113,"mean":2.01307344437,"median":1.47478818893,"min":-1.54150724411,"var":4.07724285126},"melbands_spread":{"dmean":7.58644771576,"dmean2":11.7433776855,"dvar":65.1104278564,"dvar2":148.319473267,"max":189.777206421,"mean":36.6116523743,"median":36.215221405,"min":0.416020363569,"var":299.192352295},"mfcc":{"cov":[[4407.4375,-377.871673584,-305.633728027,-143.932571411,-79.6791687012,-63.7582817078,-108.263587952,-48.621421814,-50.3656425476,1.59713053703,-43.3491363525,-14.2302999496,0.380507647991],[-377.871673584,613.867248535,-115.580307007,32.4484367371,-27.0105991364,-2.05602240562,69.3734130859,8.54262638092,9.3705291748,-2.52127599716,16.9254741669,-1.00153625011,-5.97318744659],[-305.633728027,-115.580307007,441.965057373,57.4959526062,58.0566215515,0.0915055721998,-39.1181411743,10.0395383835,4.73012065887,8.81635570526,7.54381895065,13.0547409058,10.1203975677],[-143.932571411,32.4484367371,57.4959526062,234.318984985,58.3182601929,12.9862442017,-27.4802799225,-20.4649391174,34.6569366455,4.21984577179,18.699382782,5.06861543655,18.7259044647],[-79.6791687012,-27.0105991364,58.0566215515,58.3182601929,162.518295288,34.2231636047,-8.17035579681,0.65330696106,21.5214481354,27.8711414337,8.9268913269,13.6411581039,11.3923845291],[-63.7582817078,-2.05602240562,0.0915055721998,12.9862442017,34.2231636047,139.938598633,66.209526062,22.3708152771,-11.3741760254,10.1451025009,21.036403656,6.63624477386,-0.736168563366],[-108.263587952,69.3734130859,-39.1181411743,-27.4802799225,-8.17035579681,66.209526062,138.204406738,51.8383293152,2.2575879097,8.05630683899,14.8052778244,5.78109455109,1.63471198082],[-48.621421814,8.54262638092,10.0395383835,-20.4649391174,0.65330696106,22.3708152771,51.8383293152,100.656578064,43.2605171204,15.7125606537,-2.91685771942,5.71035766602,0.89773952961],[-50.3656425476,9.3705291748,4.73012065887,34.6569366455,21.5214481354,-11.3741760254,2.2575879097,43.2605171204,101.959587097,34.0521392822,4.51485919952,-1.28293561935,1.87357759476],[1.59713053703,-2.52127599716,8.81635570526,4.21984577179,27.8711414337,10.1451025009,8.05630683899,15.7125606537,34.0521392822,84.004699707,31.5031070709,8.62211227417,-0.484254360199],[-43.3491363525,16.9254741669,7.54381895065,18.699382782,8.9268913269,21.036403656,14.8052778244,-2.91685771942,4.51485919952,31.5031070709,71.717666626,27.6541938782,9.59630298615],[-14.2302999496,-1.00153625011,13.0547409058,5.06861543655,13.6411581039,6.63624477386,5.78109455109,5.71035766602,-1.28293561935,8.62211227417,27.6541938782,66.6901397705,30.4856529236],[0.380507647991,-5.97318744659,10.1203975677,18.7259044647,11.3923845291,-0.736168563366,1.63471198082,0.89773952961,1.87357759476,-0.484254360199,9.59630298615,30.4856529236,71.1529006958]],"icov":[[0.000269706884865,0.000181513270945,0.000236963940552,0.0000676578420098,0.0000699873198755,0.0000169781851582,0.000207406876143,-0.0000333420321112,0.000127078106743,-0.000151831860421,0.0000901590974536,-0.00000729295879864,-0.0000665040643071],[0.000181513270945,0.00203156471252,0.000592476688325,-0.000523134658579,0.000180098548299,0.000694069371093,-0.00116522924509,0.00015570569667,0.0000361905731552,0.0000774654108682,-0.000340249855071,-0.0000218724671868,0.000280969514279],[0.000236963940552,0.000592476688325,0.00285359239206,-0.000574506004341,-0.000645310617983,0.000208414174267,0.000921702187043,-0.00118653324898,0.000827897165436,-0.000145383310155,-0.000291136617307,-0.000156336827786,-0.0000234799845202],[0.0000676578420098,-0.000523134658579,-0.000574506004341,0.00589579110965,-0.00141310330946,-0.00123101496138,0.00120358995628,0.00196207594126,-0.00302544166334,0.00161395850591,-0.00160275551025,0.000853302888572,-0.00141188758425],[0.0000699873198755,0.000180098548299,-0.000645310617983,-0.00141310330946,0.00817970465869,-0.00250859325752,0.00090377900051,0.000857729231939,-0.00107957597356,-0.00262887799181,0.00189613155089,-0.00158269202802,-0.000455860252259],[0.0000169781851582,0.000694069371093,0.000208414174267,-0.00123101496138,-0.00250859325752,0.0112180011347,-0.00534275127575,-0.00142539734952,0.00297708087601,-0.0000815698949737,-0.0023127773311,0.000630546535831,0.000973774353042],[0.000207406876143,-0.00116522924509,0.000921702187043,0.00120358995628,0.00090377900051,-0.00534275127575,0.0135475164279,-0.00612263428047,0.00136102759279,0.0000556567247258,-0.0018489502836,0.000730903353542,-0.00108001905028],[-0.0000333420321112,0.00015570569667,-0.00118653324898,0.00196207594126,0.000857729231939,-0.00142539734952,-0.00612263428047,0.0178516693413,-0.0084625268355,-0.000472010724479,0.00359229254536,-0.00268897227943,0.000316219608067],[0.000127078106743,0.0000361905731552,0.000827897165436,-0.00302544166334,-0.00107957597356,0.00297708087601,0.00136102759279,-0.0084625268355,0.0168529264629,-0.00555423926562,0.000153701897943,0.00173609575722,-0.000286141206743],[-0.000151831860421,0.0000774654108682,-0.000145383310155,0.00161395850591,-0.00262887799181,-0.0000815698949737,0.0000556567247258,-0.000472010724479,-0.00555423926562,0.0180773027241,-0.00830577872694,0.00100501731504,0.000986851635389],[0.0000901590974536,-0.000340249855071,-0.000291136617307,-0.00160275551025,0.00189613155089,-0.0023127773311,-0.0018489502836,0.00359229254536,0.000153701897943,-0.00830577872694,0.0223720148206,-0.00864612404257,0.00073040323332],[-0.00000729295879864,-0.0000218724671868,-0.000156336827786,0.000853302888572,-0.00158269202802,0.000630546535831,0.000730903353542,-0.00268897227943,0.00173609575722,0.00100501731504,-0.00864612404257,0.0227901507169,-0.00856435112655],[-0.0000665040643071,0.000280969514279,-0.0000234799845202,-0.00141188758425,-0.000455860252259,0.000973774353042,-0.00108001905028,0.000316219608067,-0.000286141206743,0.000986851635389,0.00073040323332,-0.00856435112655,0.0181421488523]],"mean":[-596.208496094,100.651603699,-13.3349227905,19.1602916718,8.87130641937,9.65393257141,11.1259660721,12.9623088837,8.39243888855,4.61398839951,2.68886852264,2.82122969627,4.21467161179]},"pitch_salience":{"dmean":0.0678240209818,"dmean2":0.109830714762,"dvar":0.00442488025874,"dvar2":0.0111879101023,"max":0.891053080559,"mean":0.513639867306,"median":0.510656714439,"min":0.0465436205268,"var":0.0115746865049},"silence_rate_20dB":{"dmean":0,"dmean2":0,"dvar":0,"dvar2":0,"max":1,"mean":1,"median":1,"min":1,"var":0},"silence_rate_30dB":{"dmean":0.000738606962841,"dmean2":0.00147732312325,"dvar":0.000738283328246,"dvar2":0.00206588278525,"max":1,"mean":0.999556839466,"median":1,"min":0,"var":0.000442817428848},"silence_rate_60dB":{"dmean":0.00310214934871,"dmean2":0.00620475690812,"dvar":0.00309429853223,"dvar2":0.00660909898579,"max":1,"mean":0.0166912842542,"median":0,"min":0,"var":0.016408899799},"spectral_centroid":{"dmean":208.944671631,"dmean2":320.883544922,"dvar":55991.9921875,"dvar2":113219,"max":11367.4599609,"mean":1856.20605469,"median":1908.97021484,"min":181.051010132,"var":256862.625},"spectral_complexity":{"dmean":4.42425584793,"dmean2":6.74146842957,"dvar":18.2422466278,"dvar2":38.1406669617,"max":57,"mean":28.8296890259,"median":30,"min":0,"var":121.486503601},"spectral_contrast_coeffs":{"dmean":[0.0489397421479,0.0480937249959,0.0420332252979,0.0322979465127,0.0205690953881,0.017984315753],"dmean2":[0.0819415077567,0.0792987272143,0.0676310583949,0.0518364049494,0.0336843542755,0.0286006722599],"dvar":[0.00181574432645,0.00167106545996,0.00117902818602,0.000705437851138,0.000282195280306,0.000261058768956],"dvar2":[0.00490515958518,0.0042659654282,0.00292700133286,0.00174367008731,0.000721743388567,0.000641163962428],"max":[-0.297445386648,-0.453916162252,-0.474305510521,-0.557324767113,-0.618876814842,-0.594199299812],"mean":[-0.691826224327,-0.759040772915,-0.741386830807,-0.763760507107,-0.785452544689,-0.760237812996],"median":[-0.699483394623,-0.767677783966,-0.745708286762,-0.768079638481,-0.787979662418,-0.759894490242],"min":[-0.969593405724,-0.975033760071,-0.967752337456,-0.963163912296,-0.964031755924,-0.961365580559],"var":[0.00471032178029,0.00507160881534,0.00527230929583,0.00328632816672,0.00129964575171,0.00118763383944]},"spectral_contrast_valleys":{"dmean":[0.363515764475,0.382174968719,0.329243510962,0.277074337006,0.20494247973,0.25023189187],"dmean2":[0.605571210384,0.625345110893,0.522936224937,0.435745209455,0.309044808149,0.346384435892],"dvar":[0.114551082253,0.145649060607,0.111924909055,0.0905932337046,0.0697586983442,0.108179040253],"dvar2":[0.272445321083,0.331728219986,0.23414593935,0.1827673316,0.113779492676,0.178743824363],"max":[-5.46703910828,-4.51546382904,-5.00383234024,-5.55607223511,-5.61638402939,-7.7983250618],"mean":[-6.99181461334,-6.71324491501,-6.82884263992,-7.10757350922,-6.8584651947,-9.47029495239],"median":[-6.88176679611,-6.64711523056,-6.74490070343,-6.99240589142,-6.68760585785,-9.25462532043],"min":[-26.8223876953,-27.3035850525,-27.3942337036,-27.1736392975,-27.3143081665,-27.3849430084],"var":[0.646954417229,0.598890721798,0.59232622385,0.625526487827,0.638120472431,0.789906919003]},"spectral_decrease":{"dmean":2.4832966794e-9,"dmean2":4.00936528422e-9,"dvar":1.16219082859e-17,"dvar2":2.95754854598e-17,"max":6.4670831106e-19,"mean":-8.23402412919e-9,"median":-7.44625694438e-9,"min":-3.9775436278e-8,"var":2.06740178715e-17},"spectral_energy":{"dmean":0.00983807165176,"dmean2":0.0158625282347,"dvar":0.000176748959348,"dvar2":0.000449302431662,"max":0.153724431992,"mean":0.034183409065,"median":0.0315149948001,"min":1.08302636433e-20,"var":0.000329001166392},"spectral_energyband_high":{"dmean":0.000410928943893,"dmean2":0.00064632849535,"dvar":4.09948285096e-7,"dvar2":0.00000103259992557,"max":0.00911286380142,"mean":0.00130639364943,"median":0.00114149204455,"min":7.51170792195e-21,"var":0.00000102261901702},"spectral_energyband_low":{"dmean":0.00632817810401,"dmean2":0.0102408416569,"dvar":0.000128411251353,"dvar2":0.000328950933181,"max":0.130964741111,"mean":0.0135735264048,"median":0.0097102150321,"min":3.93843287662e-23,"var":0.000190227176063},"spectral_energyband_middle_high":{"dmean":0.0032370404806,"dmean2":0.00498081604019,"dvar":0.0000146948359543,"dvar2":0.0000342831335729,"max":0.0558416992426,"mean":0.0125100826845,"median":0.0112183522433,"min":1.77832684148e-21,"var":0.0000812983926153},"spectral_energyband_middle_low":{"dmean":0.00384970987216,"dmean2":0.0062379874289,"dvar":0.000043722884584,"dvar2":0.000112554305815,"max":0.0962797552347,"mean":0.00806634686887,"median":0.00565915834159,"min":2.08992566211e-22,"var":0.0000605309651291},"spectral_entropy":{"dmean":0.107474692166,"dmean2":0.159983545542,"dvar":0.0131439482793,"dvar2":0.0258199330419,"max":9.82034492493,"mean":7.88037061691,"median":7.9170999527,"min":6.60174846649,"var":0.0741913616657},"spectral_flux":{"dmean":0.0278236772865,"dmean2":0.0436377376318,"dvar":0.000830092816614,"dvar2":0.0018400446279,"max":0.306769311428,"mean":0.102470748127,"median":0.0980816334486,"min":1.06092218344e-10,"var":0.00204639765434},"spectral_kurtosis":{"dmean":0.91299289465,"dmean2":1.48281979561,"dvar":1.32235562801,"dvar2":3.59320211411,"max":29.8070220947,"mean":4.29655408859,"median":4.1291475296,"min":-1.33884859085,"var":3.53557419777},"spectral_rms":{"dmean":0.000776458939072,"dmean2":0.00122453062795,"dvar":8.55130281252e-7,"dvar2":0.00000205721721613,"max":0.0122464299202,"mean":0.00555963069201,"median":0.00554493814707,"min":3.25055542379e-12,"var":0.00000244032889896},"spectral_rolloff":{"dmean":436.497589111,"dmean2":703.287414551,"dvar":466228.40625,"dvar2":979053.5,"max":20865.6738281,"mean":1876.38208008,"median":1808.7890625,"min":43.06640625,"var":1379541},"spectral_skewness":{"dmean":0.135847315192,"dmean2":0.216543093324,"dvar":0.0216848924756,"dvar2":0.0514817126095,"max":4.09716892242,"mean":1.51773238182,"median":1.51268982887,"min":-0.0781258940697,"var":0.0856058672071},"spectral_spread":{"dmean":441241.21875,"dmean2":622519.125,"dvar":420988518400,"dvar2":717223231488,"max":41508080,"mean":4753583,"median":4649298,"min":1487884.25,"var":1630519820290},"spectral_strongpeak":{"dmean":0.860474765301,"dmean2":1.49555897713,"dvar":1.88377904892,"dvar2":4.61871814728,"max":14.0419397354,"mean":1.40269827843,"median":0.418530315161,"min":0,"var":3.45282125473},"zerocrossingrate":{"dmean":0.00950664374977,"dmean2":0.010832789354,"dvar":0.000101489371445,"dvar2":0.000108318628918,"max":0.50830078125,"mean":0.0756977647543,"median":0.07470703125,"min":0.00146484375,"var":0.000938860117458}},"metadata":{"audio_properties":{"analysis_sample_rate":44100,"bit_rate":0,"codec":"flac","downmix":"mix","equal_loudness":0,"length":314.359985352,"lossless":true,"md5_encoded":"1b3ed8233725aacd662e48c38d1f0de1","replay_gain":-13.7437343597,"sample_rate":44100},"tags":{"acoustid_id":["05be9823-6bdd-402c-bb90-56eab22f9951"],"album":["Slash"],"albumartist":["Slash"],"albumartistsort":["Slash"],"artist":["Slash feat. Cypress Hill & Fergie"],"artistsort":["Slash feat. Cypress Hill & Fergie"],"asin":["B003ABZHC2"],"barcode":["776974302630"],"catalognumber":["77697430263"],"date":["2010-04-06"],"discnumber":["1"],"disctotal":["1"],"engineer":["Bradley Cook","Eric Valentine"],"file_name":"98236bdd402cbb9056eab22f9951.flac","genre":["Hard Rock","Pop","Heavy Metal","Blues"],"label":["Universal Music Canada"],"media":["CD"],"mixer":["Eric Valentine"],"musicbrainz_albumartistid":["5e7a7026-dfc5-4aba-8496-95140716f3db"],"musicbrainz_albumid":["08fc5dba-5432-4f8b-aeb8-68fda0850c56"],"musicbrainz_artistid":["5e7a7026-dfc5-4aba-8496-95140716f3db","51508c1f-8d07-4a00-9cf1-26c570fe7b78","1c46e82f-4764-4d82-a33b-5d5aee5e2881"],"musicbrainz_recordingid":["b3597e03-3f93-4860-9515-07c85615a482"],"musicbrainz_releasegroupid":["b41ac508-2d26-4323-9bb5-be7ec9bf3318"],"musicbrainz_releasetrackid":["0f638345-3073-48b8-ad5d-c3d6dc46e939"],"originaldate":["2010-03-31"],"originalyear":["2010"],"performer":["Slash (guitars)"],"producer":["Eric Valentine"],"releasecountry":["CA"],"releasestatus":["official"],"releasetype":["album"],"script":["Latn"],"title":["Paradise City"],"totaldiscs":["1"],"totaltracks":["17"],"tracknumber":["17"],"tracktotal":["17"]},"version":{"essentia":"2.1-beta2","essentia_build_sha":"2d9f1f26377add8aeb1075a9c2973f962c4f09fd","essentia_git_sha":"v2.1_beta2-1-ge3940c0","extractor":"music 1.0"}},"rhythm":{"beats_count":481,"beats_loudness":{"dmean":0.01981