{"lowlevel":{"average_loudness":0.901207447052,"barkbands":{"dmean":[0.00195071368944,0.00554845808074,0.00195161928423,0.000738481467124,0.00110059278086,0.000644136685878,0.00142787699588,0.00182708632201,0.00121588190086,0.00116766861174,0.000813305494376,0.00125814217608,0.000904139189515,0.000740171468351,0.000566588889342,0.000394501868868,0.00025326301693,0.000183725263923,0.000128593761474,0.00011574148084,0.000068133813329,0.0000299557705148,0.0000107547693915,0.00000593183358433,0.00000414550822825,0.00000684596079736,0.000252268480835],"dmean2":[0.00345211732201,0.00958465691656,0.00325045338832,0.00126502884086,0.00185930752195,0.00106349063572,0.00232386519201,0.0028650960885,0.00200226949528,0.00191279256251,0.00134856323712,0.00211288803257,0.00149959151167,0.00122141453903,0.00094803085085,0.000665956002194,0.000422185607022,0.000301767257042,0.000204677169677,0.000181509531103,0.000105445098598,0.0000461698873551,0.0000166764748428,0.00000960487523116,0.00000707268191036,0.0000107810174086,0.000407954008551],"dvar":[0.0000161246225616,0.00007703526353,0.0000128063293232,0.00000214653277908,0.00000542937732462,0.00000199583223548,0.0000163800887094,0.0000164882276295,0.00000751842753743,0.00000574466139369,0.00000273847945209,0.00000458817248727,0.00000243757199314,0.00000177668414381,8.92566049515e-7,3.81889805112e-7,1.37453341154e-7,1.04294507253e-7,1.48819779611e-7,1.17239835618e-7,4.0431864079e-8,8.388222561e-9,5.1668525014e-10,1.39042777292e-10,7.33848676271e-11,1.64585900464e-10,8.99714862612e-8],"dvar2":[0.0000456954148831,0.000221769747441,0.0000331688825099,0.00000590862237004,0.000014265567188,0.00000480967946714,0.0000397269504901,0.0000386371248169,0.0000192963489098,0.0000147112205013,0.00000666454525344,0.0000118887674034,0.00000631957027508,0.00000433295690527,0.00000228084081755,9.91777937998e-7,3.51041308022e-7,2.59984773265e-7,3.52258098246e-7,2.54302790381e-7,9.03669317154e-8,1.74984293722e-8,1.14964371356e-9,3.42172484791e-10,1.9935504636e-10,3.86680104603e-10,2.32668696754e-7],"max":[0.0684135183692,0.111762747169,0.0600816272199,0.0287426896393,0.0686955079436,0.0330049805343,0.118402294815,0.0647625401616,0.0614953674376,0.0433070920408,0.0381217449903,0.044844891876,0.0438169762492,0.0389667898417,0.0379973836243,0.0119603639469,0.0067421621643,0.0080401878804,0.0196543578058,0.012746905908,0.012919081375,0.00635272124782,0.000851403805427,0.000396029063268,0.000135496768053,0.00035626810859,0.00507334293798],"mean":[0.00194165913854,0.00768882548437,0.00226653995924,0.000886325433385,0.00152403919492,0.000896851939615,0.0019566421397,0.00330595602281,0.00173213041853,0.00171223492362,0.00120202021208,0.00210871384479,0.00149637390859,0.00127494044136,0.00105641328264,0.000690554094035,0.000494079024065,0.000356062460924,0.000231247584452,0.000211907361518,0.000144005913171,0.0000603099069849,0.0000196971723199,0.00000885765166458,0.00000420073411078,0.0000117603540275,0.000926785753109],"median":[0.000844348454848,0.00504520349205,0.000935683667194,0.000405459606554,0.000908737012651,0.000451743457234,0.000620121718384,0.000534141086973,0.000703922240064,0.000700222095475,0.000658969802316,0.00138350855559,0.000955748255365,0.000823073496576,0.000781517126597,0.000498208391946,0.000373059941921,0.000248418800766,0.000134008791065,0.000108017760795,0.0000904339103727,0.0000354174626409,0.000011122032447,0.00000442256441602,0.00000154588440182,0.00000663496484776,0.000907264300622],"min":[1.24641348311e-23,2.41701948427e-23,1.32293930181e-23,9.75547914999e-24,1.29285041139e-23,6.19730515537e-23,2.83653713362e-23,5.24771289408e-23,6.86273331029e-23,3.2842788062e-23,5.19232507665e-23,8.25867001374e-23,1.17512658435e-22,2.95763895771e-22,2.79757693434e-22,4.88973349508e-23,9.23508291472e-23,1.5401111944e-22,1.9123819762e-22,2.55413698334e-22,3.00149356559e-22,4.55990027454e-22,6.70131356264e-22,1.0133215949e-21,1.23512373498e-21,2.00013241468e-21,2.40104601651e-21],"var":[0.0000132856148412,0.0000831418365124,0.0000140668071253,0.00000213045291275,0.0000055612408687,0.00000284150223706,0.0000238506836467,0.0000572392600589,0.0000114623644549,0.0000100617853604,0.00000444049919679,0.00000755281371312,0.00000404834418077,0.00000330371676682,0.00000163033905665,6.16816180354e-7,2.75371917269e-7,1.89470412693e-7,2.027690158e-7,1.87634938698e-7,6.2680825863e-8,1.25576535837e-8,9.16364428782e-10,1.89818105678e-10,6.1145873087e-11,2.74010925061e-10,4.80414144022e-7]},"barkbands_crest":{"dmean":2.80530428886,"dmean2":4.69089174271,"dvar":5.89647674561,"dvar2":15.7396411896,"max":25.9320697784,"mean":9.13345813751,"median":8.21823310852,"min":2.11095452309,"var":17.1683578491},"barkbands_flatness_db":{"dmean":0.0241687633097,"dmean2":0.0392573960125,"dvar":0.000683514925186,"dvar2":0.00177019182593,"max":0.525050997734,"mean":0.125522464514,"median":0.108972281218,"min":0.0271719954908,"var":0.00364074902609},"barkbands_kurtosis":{"dmean":5.89981126785,"dmean2":9.71179866791,"dvar":517.343200684,"dvar2":1386.7121582,"max":544.481140137,"mean":9.49408817291,"median":1.7796216011,"min":-1.71314811707,"var":1013.0916748},"barkbands_skewness":{"dmean":0.583616614342,"dmean2":0.950790286064,"dvar":0.771826446056,"dvar2":2.03855586052,"max":18.2184028625,"mean":1.72537636757,"median":1.22489738464,"min":-3.35509991646,"var":3.73167037964},"barkbands_spread":{"dmean":6.34022474289,"dmean2":10.1836709976,"dvar":35.2217788696,"dvar2":87.00440979,"max":90.9259796143,"mean":30.0709934235,"median":30.7462844849,"min":0.268638908863,"var":197.530899048},"dissonance":{"dmean":0.0179121289402,"dmean2":0.0304462518543,"dvar":0.000387568143196,"dvar2":0.0010807699291,"max":0.500000059605,"mean":0.472122341394,"median":0.479796350002,"min":0.198502153158,"var":0.000736239599064},"dynamic_complexity":5.01751327515,"erbbands":{"dmean":[0.24991042912,1.00603556633,2.26624846458,2.1173210144,2.95222020149,4.1280632019,3.91411399841,6.73864030838,14.4848070145,35.1866836548,30.3216590881,26.0457458496,39.0973396301,27.5454082489,34.2866096497,50.2343215942,39.6586380005,34.0873069763,33.8580513,24.4227695465,18.845085144,13.4816703796,10.42760849,6.70536088943,6.55016803741,5.6518778801,3.58983659744,2.0384953022,1.2014144659,0.576090931892,0.283099204302,0.148230209947,0.0870352312922,0.0489039607346,0.02816940099,0.0195879898965,0.0132799185812,0.0130959181115,0.010846350342,0.00594004103914],"dmean2":[0.434474945068,1.73618233204,3.7886121273,3.56575465202,4.99740886688,7.00289058685,6.56233119965,11.087679863,23.4828166962,55.7837677002,47.8738632202,43.0358734131,63.9579353333,45.49036026,56.8851928711,84.4523010254,65.5362548828,56.0718383789,55.9860496521,40.6883773804,31.9085903168,22.3785686493,16.9819641113,10.8323869705,10.3039245605,8.87059593201,5.54786634445,3.18478655815,1.85874164104,0.890972077847,0.441085100174,0.237707406282,0.142005294561,0.0825755372643,0.0482786744833,0.0323458462954,0.0209156274796,0.0195951536298,0.0158323589712,0.00943040009588],"dvar":[0.190542116761,2.45412826538,15.7905158997,16.16588974,36.7953033447,89.6249847412,111.852294922,235.349716187,2513.93188477,5956.69873047,4786.14599609,3806.32543945,7766.86279297,3007.28833008,3831.90576172,7460.52294922,4520.76171875,4101.44384766,3456.12109375,1853.92504883,880.253662109,395.35836792,319.646911621,243.546264648,536.026916504,261.042480469,87.4111938477,46.1713676453,14.1900844574,2.04267048836,0.328708380461,0.0939222201705,0.0279244873673,0.00965380482376,0.00348981958814,0.00142197357491,0.000674164912198,0.000863906869199,0.000532136997208,0.0000454578257632],"dvar2":[0.547906816006,7.04101371765,41.198348999,43.2097892761,102.466171265,233.533920288,296.893035889,554.012634277,5956.79296875,14860.046875,11385.5878906,9901.30566406,20071.2578125,7684.21630859,9630.20703125,19431.9980469,11585.4472656,10406.8974609,8542.58105469,4734.69189453,2300.89746094,1002.58447266,793.85723877,580.901489258,1295.13220215,548.321533203,178.565200806,107.557151794,29.1135349274,4.57505655289,0.734499871731,0.21635606885,0.0706315636635,0.0259433239698,0.00949241686612,0.00369421998039,0.00155696657021,0.0017858967185,0.00107619655319,0.000111778572318],"max":[6.02285003662,27.6349601746,59.4012336731,67.3620605469,197.971755981,291.415740967,316.410858154,423.770874023,1819.24731445,1521.37597656,1571.04199219,1376.29711914,1517.79797363,1126.86572266,1360.58752441,1684.95654297,1660.31420898,1412.71484375,1755.92626953,2389.62548828,549.070861816,376.499298096,445.942565918,427.297393799,1132.1138916,642.393127441,503.059814453,450.876556396,250.908889771,83.7472229004,19.9836559296,14.0267744064,3.09666728973,1.52383196354,0.96494436264,0.610651910305,0.969093620777,1.69332766533,1.07706689835,0.135461628437],"mean":[0.313706159592,1.36057901382,2.79087567329,2.77135848999,3.92454838753,5.22455120087,5.12703704834,9.38058567047,20.518404007,55.7660064697,56.4975738525,38.7706565857,59.0966796875,43.596572876,57.7077484131,87.381980896,71.6991271973,63.1553001404,64.9385299683,48.171169281,34.6957893372,28.4585819244,21.4177112579,13.2303323746,11.5038261414,10.4064340591,7.43259763718,4.21019029617,2.42438340187,1.13450324535,0.510580420494,0.235378339887,0.125449195504,0.0543874055147,0.0272036343813,0.0263294428587,0.0237030982971,0.0328197777271,0.0355946645141,0.0277048069984],"median":[0.172980934381,0.875764012337,1.30831575394,1.43846487999,2.12055706978,2.89025115967,2.70408296585,4.4804148674,8.40145111084,12.2207765579,13.3288154602,16.8826522827,22.7707920074,25.6160449982,37.7367630005,59.4555664062,49.0546531677,41.8181190491,47.0102005005,37.514289856,26.1822547913,22.1599464417,15.7174911499,8.71541500092,6.24597644806,5.30922317505,4.49015712738,2.71227788925,1.42023944855,0.678811788559,0.290217608213,0.12176528573,0.0613157972693,0.0217130370438,0.00961111765355,0.0124942837283,0.013712560758,0.0226743705571,0.0276874322444,0.0278922766447],"min":[4.173708559e-22,6.26528164036e-21,1.72033307948e-20,3.09854942749e-20,1.93461098599e-20,6.73342079218e-20,1.86926326524e-19,6.23779795058e-19,4.22787313917e-19,8.02699788734e-19,1.09215106798e-18,1.45568495308e-18,1.47113720391e-18,1.48918669846e-18,2.28248123684e-18,3.55955421762e-18,4.76112794235e-18,1.0539261213e-17,1.29586478722e-17,1.35434596022e-17,4.19008628802e-18,5.44469469773e-18,7.56332096779e-18,9.95635861581e-18,1.14580942646e-17,1.06981030516e-17,1.48238607442e-17,1.15057903259e-17,1.58171491499e-17,2.00037881627e-17,1.83640481821e-17,2.07873614677e-17,1.57988089014e-17,1.17303243672e-17,1.07608695165e-17,8.58123288599e-18,3.20674617673e-18,1.15060833546e-18,3.11933427909e-19,3.7012257901e-20],"var":[0.189837113023,2.67792224884,17.9350013733,17.3611221313,37.0523643494,86.538192749,98.7383804321,348.924102783,3164.20410156,11605.3945312,15914.7753906,5536.33544922,13909.8496094,4177.64599609,6468.81445312,12485.0078125,7988.83447266,7451.01464844,6847.265625,3177.56152344,1468.96105957,859.741760254,616.55255127,405.594665527,641.399902344,437.661468506,163.949264526,60.6724662781,21.3727626801,3.21189403534,0.593039691448,0.143817812204,0.0362445674837,0.00881000608206,0.00282893027179,0.00161305814981,0.00113644660451,0.00185628666077,0.00155645131599,0.000373470946215]},"erbbands_crest":{"dmean":2.90120840073,"dmean2":4.8512468338,"dvar":7.638215065,"dvar2":19.901556015,"max":32.8370742798,"mean":9.01537418365,"median":7.93687868118,"min":2.12701654434,"var":16.7565727234},"erbbands_flatness_db":{"dmean":0.0216018557549,"dmean2":0.0342917963862,"dvar":0.000419879652327,"dvar2":0.00105125934351,"max":0.404772430658,"mean":0.160176441073,"median":0.157942384481,"min":0.017755324021,"var":0.00177729735151},"erbbands_kurtosis":{"dmean":1.62990736961,"dmean2":2.72379422188,"dvar":22.508392334,"dvar2":61.1481590271,"max":178.06678772,"mean":1.81319725513,"median":0.752259373665,"min":-1.4915817976,"var":28.0527992249},"erbbands_skewness":{"dmean":0.401595771313,"dmean2":0.645005226135,"dvar":0.193789362907,"dvar2":0.493621200323,"max":9.76932907104,"mean":0.217768743634,"median":0.0558706633747,"min":-4.03757190704,"var":0.849866390228},"erbbands_spread":{"dmean":4.98201847076,"dmean2":8.04222202301,"dvar":28.7010822296,"dvar2":73.2373580933,"max":131.072479248,"mean":21.9956474304,"median":20.2211265564,"min":1.1446813345,"var":117.222869873},"gfcc":{"cov":[[24876.8652344,500.863800049,-1920.21081543,1806.03234863,1048.15930176,-240.577560425,1002.85821533,-255.039077759,231.878265381,225.12928772,-302.333190918,81.8913726807,-132.784011841],[500.863800049,659.017700195,248.212432861,-25.8646144867,152.565765381,35.7273483276,12.6031770706,3.43800854683,44.8686561584,-11.4007358551,20.7278060913,-14.2590169907,36.3158683777],[-1920.21081543,248.212432861,1181.15112305,268.04196167,-42.0829086304,233.754638672,-239.022338867,157.958374023,-114.005638123,5.37267065048,-4.50816011429,-8.41907405853,43.2421188354],[1806.03234863,-25.8646144867,268.04196167,542.803771973,141.744445801,39.5281105042,52.5804176331,11.3792123795,-38.8790855408,29.1384391785,-39.7778396606,23.2203979492,-1.41659581661],[1048.15930176,152.565765381,-42.0829086304,141.744445801,269.095245361,66.6751251221,42.5879173279,-41.1450996399,-0.251059800386,-5.48433876038,24.7406215668,16.4945278168,45.2957878113],[-240.577560425,35.7273483276,233.754638672,39.5281105042,66.6751251221,205.815383911,-63.4414863586,56.3949317932,-41.367855072,3.85513520241,4.96542692184,14.6854476929,28.8971252441],[1002.85821533,12.6031770706,-239.022338867,52.5804176331,42.5879173279,-63.4414863586,210.803619385,-20.0208415985,75.1376190186,7.79657030106,-15.7129058838,2.51734805107,-26.8462944031],[-255.039077759,3.43800854683,157.958374023,11.3792123795,-41.1450996399,56.3949317932,-20.0208415985,133.13269043,25.3310127258,28.0704269409,-6.3181476593,-18.396150589,-0.0763845741749],[231.878265381,44.8686561584,-114.005638123,-38.8790855408,-0.251059800386,-41.367855072,75.1376190186,25.3310127258,113.416656494,36.3962669373,4.15181827545,0.791072070599,-20.1712284088],[225.12928772,-11.4007358551,5.37267065048,29.1384391785,-5.48433876038,3.85513520241,7.79657030106,28.0704269409,36.3962669373,67.8440856934,27.7368240356,5.26346111298,-2.41182804108],[-302.333190918,20.7278060913,-4.50816011429,-39.7778396606,24.7406215668,4.96542692184,-15.7129058838,-6.3181476593,4.15181827545,27.7368240356,72.8832168579,27.6527729034,21.1755428314],[81.8913726807,-14.2590169907,-8.41907405853,23.2203979492,16.4945278168,14.6854476929,2.51734805107,-18.396150589,0.791072070599,5.26346111298,27.6527729034,60.0179405212,25.8774013519],[-132.784011841,36.3158683777,43.2421188354,-1.41659581661,45.2957878113,28.8971252441,-26.8462944031,-0.0763845741749,-20.1712284088,-2.41182804108,21.1755428314,25.8774013519,66.179069519]],"icov":[[0.000157108705025,-0.000461384741357,0.000603906984907,-0.000644633313641,-0.0000561199594813,-0.0000973452188191,0.000024283219318,-0.000272259785561,0.000560873362701,-0.000868096249178,0.000875696481671,-0.000501648406498,0.000305740744807],[-0.000461384741357,0.00442968262359,-0.00374625413679,0.00394883425906,-0.00326349493116,0.00197856221348,-0.00124777737074,0.00129494885914,-0.00270093861036,0.00194986071438,-0.00127780227922,0.00129228481092,-0.000807736127172],[0.000603906984907,-0.00374625413679,0.00592716643587,-0.00622843438759,0.0043281679973,-0.0039423443377,0.00287553085946,-0.0018949129153,0.000972413690761,0.000181222872925,-0.000542593304999,0.00116452947259,-0.000794131949078],[-0.000644633313641,0.00394883425906,-0.00622843438759,0.0109725166112,-0.00866611953825,0.00629954366013,-0.00375459506176,-0.0010356339626,0.00486838631332,-0.00640256563202,0.007072142791,-0.00724512012675,0.00432136328891],[-0.0000561199594813,-0.00326349493116,0.0043281679973,-0.00866611953825,0.0164681859314,-0.0100353555754,0.00177989818621,0.00553877651691,-0.00817119050771,0.0108919804916,-0.013252960518,0.0124837048352,-0.0102308942005],[-0.0000973452188191,0.00197856221348,-0.0039423443377,0.00629954366013,-0.0100353555754,0.0137753123417,-0.00118473207112,-0.00618792045861,0.00785388704389,-0.00742925005034,0.00878276117146,-0.0106126954779,0.00525827752426],[0.000024283219318,-0.00124777737074,0.00287553085946,-0.00375459506176,0.00177989818621,-0.00118473207112,0.010228917934,0.00000932972398004,-0.0063288602978,0.00405604951084,-0.00147367152385,0.00109930348117,0.000483215408167],[-0.000272259785561,0.00129494885914,-0.0018949129153,-0.0010356339626,0.00553877651691,-0.00618792045861,0.00000932972398004,0.01641279459,-0.00981260370463,0.00171125738416,-0.00441523175687,0.0108017362654,-0.00684661930427],[0.000560873362701,-0.00270093861036,0.000972413690761,0.00486838631332,-0.00817119050771,0.00785388704389,-0.0063288602978,-0.00981260370463,0.0287992153317,-0.0206954777241,0.0148223228753,-0.0157528482378,0.0111015876755],[-0.000868096249178,0.00194986071438,0.000181222872925,-0.00640256563202,0.0108919804916,-0.00742925005034,0.00405604951084,0.00171125738416,-0.0206954777241,0.0420796647668,-0.0286439228803,0.0164102185518,-0.00765665434301],[0.000875696481671,-0.00127780227922,-0.000542593304999,0.007072142791,-0.013252960518,0.00878276117146,-0.00147367152385,-0.00441523175687,0.0148223228753,-0.0286439228803,0.0419010818005,-0.0241645555943,0.00711265811697],[-0.000501648406498,0.00129228481092,0.00116452947259,-0.00724512012675,0.0124837048352,-0.0106126954779,0.00109930348117,0.0108017362654,-0.0157528482378,0.0164102185518,-0.0241645555943,0.0409594327211,-0.018570959568],[0.000305740744807,-0.000807736127172,-0.000794131949078,0.00432136328891,-0.0102308942005,0.00525827752426,0.000483215408167,-0.00684661930427,0.0111015876755,-0.00765665434301,0.00711265811697,-0.018570959568,0.0297636315227]],"mean":[-19.0716781616,90.4810028076,-105.267654419,-12.5478105545,-9.57405948639,-9.51385688782,2.88061618805,-13.1614637375,3.39036917686,-4.55548000336,-2.25055265427,-5.01428318024,-5.11971473694]},"hfc":{"dmean":27.2283725739,"dmean2":43.649810791,"dvar":839.276733398,"dvar2":2125.47753906,"max":552.829650879,"mean":130.996307373,"median":139.404403687,"min":1.19843171226e-16,"var":6073.90478516},"melbands":{"dmean":[0.00185811228584,0.00116339011583,0.00037534191506,0.000244813330937,0.000150113948621,0.000143177312566,0.000242755224463,0.00041184789734,0.000230594960158,0.000172892352566,0.000199544141651,0.000116742368846,0.000113211841381,0.000129570733407,0.000134082307341,0.0000826063769637,0.0000664931794745,0.0000626900655334,0.0000400568496843,0.0000313201708195,0.0000221770897042,0.0000154697263497,0.0000131398055601,0.00000812331654743,0.00000569516532778,0.00000508850962433,0.00000468514144814,0.00000379650305149,0.00000261543686975,0.00000174621482074,0.00000110747782855,7.73572537582e-7,5.11018015459e-7,2.73167898968e-7,1.83950106702e-7,1.15026573155e-7,8.49061621011e-8,6.42721786903e-8,5.07194322097e-8,3.85270375602e-8],"dmean2":[0.00323041738011,0.0019544751849,0.000627651868854,0.000414152047597,0.0002509856713,0.000234810984693,0.000394670903916,0.000646638218313,0.000365506188245,0.000286927708657,0.000326723064063,0.000193162530195,0.000187884579645,0.000216290354729,0.000224158589845,0.000136824135552,0.000110138353193,0.000103985097667,0.0000671785746817,0.0000527423035237,0.0000377330106858,0.0000258393556578,0.0000216557073145,0.0000133592493512,0.00000927248493099,0.0000080757536125,0.00000745839406591,0.00000602096179136,0.00000412479994338,0.00000276158402812,0.00000176385663053,0.00000121761388527,8.04484784567e-7,4.28621689252e-7,2.90655663093e-7,1.83348277005e-7,1.37696318347e-7,1.04897360131e-7,8.41635667825e-8,6.56460628079e-8],"dvar":[0.00000995128266368,0.00000357430621989,4.9232545507e-7,2.66419192485e-7,1.47789208427e-7,1.00508010803e-7,6.12972655745e-7,7.72255702941e-7,2.80812315623e-7,1.64413435755e-7,1.96558929133e-7,5.5649095998e-8,4.87804712179e-8,4.68280028088e-8,6.58801084796e-8,2.61456953865e-8,1.53253054691e-8,1.30615749327e-8,4.351215388e-9,2.69584821133e-9,1.26420007796e-9,5.27279220286e-10,5.23200704983e-10,2.1805762751e-10,1.74183750756e-10,2.92956270354e-10,2.63324972938e-10,1.14180824518e-10,4.13293878287e-11,2.76338535388e-11,1.31927706606e-11,6.40365928686e-12,1.47670872926e-12,4.47678081671e-13,1.28076531585e-13,6.17026232625e-14,2.8773136624e-14,1.52417361637e-14,9.50728499426e-15,6.27253520188e-15],"dvar2":[0.000028632070098,0.00000969216489466,0.00000131961064653,7.12401060809e-7,3.8488002474e-7,2.38750033077e-7,0.000001462910177,0.00000188484887076,6.73778629334e-7,4.27451681162e-7,5.07131289851e-7,1.4257439318e-7,1.19037011359e-7,1.1897600416e-7,1.72274440047e-7,6.83581049543e-8,3.882622579e-8,3.19287707384e-8,1.10279447796e-8,7.02822333665e-9,3.32197336306e-9,1.35880262597e-9,1.35199784701e-9,5.52058565528e-10,4.22438806158e-10,7.06586400501e-10,6.40944630703e-10,2.36995006953e-10,8.50348819137e-11,6.18938580943e-11,3.18146411993e-11,1.34122686915e-11,3.18410749156e-12,1.04662947146e-12,2.91053070317e-13,1.37716132443e-13,6.8801748695e-14,3.86324781573e-14,2.46546642287e-14,1.70456419026e-14],"max":[0.0412586629391,0.0324356257915,0.0133958281949,0.0189837608486,0.0108049008995,0.00812884513289,0.0272669587284,0.0144032491371,0.0140579557046,0.00957197695971,0.00756901595742,0.00499560311437,0.00504325097427,0.00509576871991,0.00782393012196,0.00496386503801,0.00242810859345,0.00396678643301,0.00325249857269,0.00144045997877,0.000718456692994,0.000417277973611,0.000689629290719,0.000283419765765,0.000306828209432,0.000923370185774,0.000561600143556,0.00043776651728,0.000275828002486,0.000330404698616,0.000231632264331,0.000166591707966,0.0000688455911586,0.0000349982838088,0.0000117718791444,0.0000104133905552,0.00000734664718038,0.00000255129452853,0.00000150965558987,0.00000125166582166],"mean":[0.00250719161704,0.00159207521938,0.000526479445398,0.000333707779646,0.000199100380996,0.000199840083951,0.000339747872204,0.000694450980518,0.00041285448242,0.000245849165367,0.000295994774206,0.000173959182575,0.000177224530489,0.000217934939428,0.000219161462155,0.000136857124744,0.000113543355837,0.000109698732558,0.0000738653689041,0.0000544495524082,0.000037212834286,0.000029501694371,0.0000248916130658,0.0000149935340232,0.0000102027797766,0.00000846368493512,0.00000779127640271,0.00000659662964608,0.00000496359143654,0.00000337058463629,0.00000208900905818,0.00000144090688536,9.57469410423e-7,4.9408168934e-7,3.16299775704e-7,1.83863392067e-7,1.26291027414e-7,9.2938883256e-8,6.43014743673e-8,3.87246927858e-8],"median":[0.00157772295643,0.000945257605053,0.000292372831609,0.000198167923372,0.000104631479189,0.0000964120699791,0.00012524802878,0.000133450274006,0.0000998055620585,0.0000997940514935,0.000109716012958,0.0000945680949371,0.000105905157398,0.00014526063751,0.000140939315315,0.0000828141201055,0.0000716048816685,0.0000739628158044,0.0000557746025152,0.0000398782649427,0.0000265179915004,0.0000218713248614,0.0000177478541445,0.0000102619269455,0.00000631984948996,0.00000449906519862,0.00000384557370126,0.00000320322851621,0.0000028591082355,0.00000198463749257,0.00000131188187424,8.03835234819e-7,5.35952153768e-7,2.83708345705e-7,1.74134370923e-7,9.34087651672e-8,6.30551326708e-8,4.57582913782e-8,2.77682428163e-8,1.39437092983e-8],"min":[5.64209964379e-24,9.26883164642e-24,4.39192037538e-24,3.07141750992e-24,6.03655888983e-24,1.35753621675e-23,5.76217137331e-24,1.00094757954e-23,9.16818403897e-24,9.1231235152e-24,7.34880021224e-24,5.52273197263e-24,6.93679393866e-24,7.46795765197e-24,1.43158296117e-23,9.62870289163e-24,2.27598440728e-23,2.27566618079e-23,2.09064895289e-23,9.39227338973e-24,4.15155800743e-24,5.20823600668e-24,6.44380399341e-24,7.13045455772e-24,7.93451523487e-24,7.91084861885e-24,9.50490300547e-24,6.19160989518e-24,9.26660626981e-24,6.55143301988e-24,7.61248485842e-24,9.99783220843e-24,7.30475889676e-24,1.33215698371e-23,1.16190447094e-23,8.22511581513e-24,1.44282470238e-23,1.03686465321e-23,1.18883389455e-23,8.91412428469e-24],"var":[0.0000100673842098,0.00000419967864218,5.59144666568e-7,2.69688484877e-7,1.38036128305e-7,1.4973139173e-7,8.15494274775e-7,0.00000191331560018,8.22962874736e-7,2.38564894062e-7,3.51652516883e-7,7.42419601352e-8,8.15932992282e-8,8.17608309944e-8,9.47495806258e-8,4.07238545108e-8,2.68393360869e-8,2.36874146964e-8,7.92600385324e-9,4.17043333201e-9,1.95437555028e-9,1.02951613901e-9,8.99868013438e-10,3.64944546805e-10,2.75492489932e-10,3.5554356681e-10,3.16455472937e-10,1.92411156452e-10,7.81390299687e-11,4.08464546908e-11,1.59822797358e-11,8.96408901968e-12,2.4895521842e-12,6.54235671714e-13,2.2773634107e-13,9.82031499847e-14,4.11255875004e-14,1.9895158993e-14,1.07165320997e-14,5.26109612418e-15]},"melbands_crest":{"dmean":4.3618273735,"dmean2":7.31835460663,"dvar":13.8180770874,"dvar2":37.8270568848,"max":39.2280158997,"mean":14.5696763992,"median":13.3913068771,"min":2.41445732117,"var":38.884021759},"melbands_flatness_db":{"dmean":0.0312867723405,"dmean2":0.0508382059634,"dvar":0.000988075626083,"dvar2":0.00258184992708,"max":0.689698755741,"mean":0.223879218102,"median":0.205574259162,"min":0.00692151952535,"var":0.00613408116624},"melbands_kurtosis":{"dmean":8.44614505768,"dmean2":14.1079378128,"dvar":3027.64086914,"dvar2":8498.14257812,"max":2874.50195312,"mean":12.0023117065,"median":1.59243631363,"min":-1.89004588127,"var":3394.68530273},"melbands_skewness":{"dmean":0.72907692194,"dmean2":1.18465411663,"dvar":0.993080019951,"dvar2":2.64224410057,"max":37.1821517944,"mean":1.75281536579,"median":1.23687422276,"min":-1.83218955994,"var":4.32159471512},"melbands_spread":{"dmean":6.17722940445,"dmean2":9.94636058807,"dvar":42.9567527771,"dvar2":103.955970764,"max":176.650726318,"mean":25.8829116821,"median":25.7840194702,"min":0.0744534060359,"var":213.952865601},"mfcc":{"cov":[[19780.6367188,1352.0513916,-3357.0168457,1329.72180176,-511.542419434,717.667114258,-97.3605880737,263.525695801,163.743774414,208.915283203,3.73925256729,213.190673828,-22.0460529327],[1352.0513916,1165.27612305,-27.4343299866,99.7305450439,187.913330078,115.729034424,13.6683483124,49.169670105,64.1957168579,-7.82698822021,38.3183937073,37.3108291626,31.9748134613],[-3357.0168457,-27.4343299866,1141.48840332,-61.2530288696,247.370864868,-108.621879578,51.0971870422,-15.6219501495,-5.2982916832,-36.7082481384,7.58749055862,-54.8996353149,10.1602678299],[1329.72180176,99.7305450439,-61.2530288696,441.489379883,38.8876152039,99.228805542,24.528263092,39.092918396,10.1187372208,37.6592254639,-17.3779602051,5.28453159332,-4.9368853569],[-511.542419434,187.913330078,247.370864868,38.8876152039,334.510253906,64.1890411377,74.0784301758,4.27894306183,1.32966578007,-42.7641944885,-24.9973773956,-11.7633638382,15.8077440262],[717.667114258,115.729034424,-108.621879578,99.228805542,64.1890411377,153.083312988,45.2499084473,31.43501091,-0.345297455788,-10.5167512894,-19.3830909729,-0.736301362514,2.81389689445],[-97.3605880737,13.6683483124,51.0971870422,24.528263092,74.0784301758,45.2499084473,93.5810470581,20.0988101959,-1.50367498398,-3.57030534744,-19.8913135529,-9.90951538086,4.4033780098],[263.525695801,49.169670105,-15.6219501495,39.092918396,4.27894306183,31.43501091,20.0988101959,75.0704040527,35.835308075,13.3175706863,6.23946857452,-1.77924191952,-3.05106902122],[163.743774414,64.1957168579,-5.2982916832,10.1187372208,1.32966578007,-0.345297455788,-1.50367498398,35.835308075,79.9245681763,33.2015304565,26.4504032135,7.65475273132,0.897964596748],[208.915283203,-7.82698822021,-36.7082481384,37.6592254639,-42.7641944885,-10.5167512894,-3.57030534744,13.3175706863,33.2015304565,74.3195114136,29.656835556,17.455619812,4.76600837708],[3.73925256729,38.3183937073,7.58749055862,-17.3779602051,-24.9973773956,-19.3830909729,-19.8913135529,6.23946857452,26.4504032135,29.656835556,68.842918396,29.3058319092,10.4845523834],[213.190673828,37.3108291626,-54.8996353149,5.28453159332,-11.7633638382,-0.736301362514,-9.90951538086,-1.77924191952,7.65475273132,17.455619812,29.3058319092,59.3409233093,24.717748642],[-22.0460529327,31.9748134613,10.1602678299,-4.9368853569,15.8077440262,2.81389689445,4.4033780098,-3.05106902122,0.897964596748,4.76600837708,10.4845523834,24.717748642,52.5112800598]],"icov":[[0.000173601496499,-0.000140118558193,0.00044399977196,-0.00038877161569,0.0000711066459189,-0.00017454722547,0.000106619714643,-0.000135818103445,-0.000105067905679,0.0000218702771235,-0.0000028950619253,-0.0000733956330805,0.0000417986702814],[-0.000140118558193,0.00123313302174,-0.000270144984825,0.000203081115615,-0.000718349998351,-0.000453840650152,0.000440315285232,-0.000110730317829,-0.000628346402664,0.000468676560558,-0.00067238783231,-0.000198777473997,-0.000345098407706],[0.00044399977196,-0.000270144984825,0.00256154383533,-0.00113908795174,-0.0010594134219,0.00121322693303,-0.00029139421531,-0.000581911008339,0.0000134518304549,0.000393283873564,-0.00125264050439,0.00149259937461,-0.000495690212119],[-0.00038877161569,0.000203081115615,-0.00113908795174,0.00392948556691,-0.00042594972183,-0.00153563870117,0.000541774905287,-0.000650594418403,0.00103289424442,-0.00276799383573,0.00157721946016,-0.000510644109454,0.000589256174862],[0.0000711066459189,-0.000718349998351,-0.0010594134219,-0.00042594972183,0.00574559811503,-0.00185444811359,-0.00293321930803,0.00175071973354,-0.00188544171397,0.00269351154566,0.000978573225439,-0.000819787848741,-0.000672086433042],[-0.00017454722547,-0.000453840650152,0.00121322693303,-0.00153563870117,-0.00185444811359,0.0123062403873,-0.00398398796096,-0.00310211325996,0.00146985729225,0.00208176136948,0.0000198885772988,0.000657799537294,-0.000651090871543],[0.000106619714643,0.000440315285232,-0.00029139421531,0.000541774905287,-0.00293321930803,-0.00398398796096,0.0167337059975,-0.00421755667776,0.00183468952309,-0.00376219977625,0.003808013862,0.000639912032057,-0.00141926133074],[-0.000135818103445,-0.000110730317829,-0.000581911008339,-0.000650594418403,0.00175071973354,-0.00310211325996,-0.00421755667776,0.020814223215,-0.00937664695084,0.00128246878739,-0.000994003959931,0.00124535209034,0.000920279242564],[-0.000105067905679,-0.000628346402664,0.0000134518304549,0.00103289424442,-0.00188544171397,0.00146985729225,0.00183468952309,-0.00937664695084,0.0218610838056,-0.00797719787806,-0.00402201898396,0.00161986763123,0.000613905373029],[0.0000218702771235,0.000468676560558,0.000393283873564,-0.00276799383573,0.00269351154566,0.00208176136948,-0.00376219977625,0.00128246878739,-0.00797719787806,0.0231880713254,-0.00659919623286,-0.00196277466603,-0.000871585099958],[-0.0000028950619253,-0.00067238783231,-0.00125264050439,0.00157721946016,0.000978573225439,0.0000198885772988,0.003808013862,-0.000994003959931,-0.00402201898396,-0.00659919623286,0.025795718655,-0.0106109678745,0.000638141005766],[-0.0000733956330805,-0.000198777473997,0.00149259937461,-0.000510644109454,-0.000819787848741,0.000657799537294,0.000639912032057,0.00124535209034,0.00161986763123,-0.00196277466603,-0.0106109678745,0.0290162190795,-0.0114056039602],[0.0000417986702814,-0.000345098407706,-0.000495690212119,0.000589256174862,-0.000672086433042,-0.000651090871543,-0.00141926133074,0.000920279242564,0.000613905373029,-0.000871585099958,0.000638141005766,-0.0114056039602,0.0251421779394]],"mean":[-675.392456055,153.294281006,-29.3113975525,16.9081916809,-0.0701789334416,17.2151603699,3.48814964294,6.45279788971,5.77668952942,5.53453636169,4.50534725189,7.61905527115,2.753428936]},"pitch_salience":{"dmean":0.0758270099759,"dmean2":0.126249879599,"dvar":0.00420316075906,"dvar2":0.0115825040266,"max":0.833902895451,"mean":0.577218651772,"median":0.59229362011,"min":0.0607988126576,"var":0.0128424642608},"silence_rate_20dB":{"dmean":0,"dmean2":0,"dvar":0,"dvar2":0,"max":1,"mean":1,"median":1,"min":1,"var":0},"silence_rate_30dB":{"dmean":0.00464037107304,"dmean2":0.00928160361946,"dvar":0.00461861211807,"dvar2":0.0123511301354,"max":1,"mean":0.996937632561,"median":1,"min":0,"var":0.00305303535424},"silence_rate_60dB":{"dmean":0.0174477957189,"dmean2":0.0348988287151,"dvar":0.0171440523118,"dvar2":0.0422226153314,"max":1,"mean":0.119896061718,"median":0,"min":0,"var":0.105546832085},"spectral_centroid":{"dmean":181.053207397,"dmean2":280.5909729,"dvar":38409.1914062,"dvar2":77917.703125,"max":10816.7324219,"mean":1257.1472168,"median":1260.48693848,"min":117.356201172,"var":276916.8125},"spectral_complexity":{"dmean":3.35684466362,"dmean2":5.25190258026,"dvar":11.5009307861,"dvar2":25.0353794098,"max":61,"mean":25.426410675,"median":29,"min":0,"var":185.229736328},"spectral_contrast_coeffs":{"dmean":[0.0517129488289,0.0518688261509,0.0394871458411,0.0284446775913,0.0217676125467,0.0307491794229],"dmean2":[0.0865473076701,0.0857805013657,0.0661324709654,0.0484611839056,0.0363864079118,0.0493867956102],"dvar":[0.00169662223198,0.00182929006405,0.00104454008397,0.000537497748155,0.000384038372431,0.000743342796341],"dvar2":[0.00459557492286,0.00485148886219,0.00291913072579,0.0015081212623,0.00104146299418,0.00191562669352],"max":[-0.395634591579,-0.460950493813,-0.592136383057,-0.583561718464,-0.66072511673,-0.504767000675],"mean":[-0.728924095631,-0.763797104359,-0.805967211723,-0.814195036888,-0.814954161644,-0.742023766041],"median":[-0.733906030655,-0.77582359314,-0.808397173882,-0.808469414711,-0.803676962852,-0.721916079521],"min":[-0.954056143761,-0.964832186699,-0.97196918726,-0.990909993649,-0.982849776745,-0.958108007908],"var":[0.00425820844248,0.00654407404363,0.00353729422204,0.00275565497577,0.00279197725467,0.00620644446462]},"spectral_contrast_valleys":{"dmean":[0.399958908558,0.374216198921,0.324791312218,0.288095027208,0.298240214586,0.496307492256],"dmean2":[0.660481870174,0.61584508419,0.534187316895,0.471404194832,0.469974815845,0.797515809536],"dvar":[0.111364029348,0.106893934309,0.0994982793927,0.103491276503,0.132216110826,0.188698276877],"dvar2":[0.287518620491,0.269597023726,0.242174893618,0.253007262945,0.31059589982,0.480146437883],"max":[-5.21424531937,-4.61236000061,-5.02327442169,-5.32472133636,-5.36842298508,-9.00871753693],"mean":[-7.22182035446,-6.73177862167,-6.82517290115,-7.12476062775,-7.75467348099,-11.1857023239],"median":[-6.72976112366,-6.2992272377,-6.28190612793,-6.47750759125,-7.08195304871,-10.9100799561],"min":[-27.4014663696,-26.9866008759,-27.3206787109,-27.284696579,-27.2013950348,-27.2686195374],"var":[3.12122631073,1.90612006187,2.08475279808,2.59199142456,2.86269545555,1.71251451969]},"spectral_decrease":{"dmean":2.95709567943e-9,"dmean2":4.89993734476e-9,"dvar":1.54051122888e-17,"dvar2":4.21832234638e-17,"max":2.1101844716e-9,"mean":-7.0215415704e-9,"median":-6.65935750988e-9,"min":-4.61777958094e-8,"var":3.18483494813e-17},"spectral_energy":{"dmean":0.0118433516473,"dmean2":0.0194800682366,"dvar":0.000236064995988,"dvar2":0.000641199818347,"max":0.193353012204,"mean":0.0383825227618,"median":0.0392920747399,"min":1.06551978136e-20,"var":0.00067465036409},"spectral_energyband_high":{"dmean":0.000239249624428,"dmean2":0.000358387245797,"dvar":2.85346089868e-7,"dvar2":5.75746810227e-7,"max":0.0301628317684,"mean":0.000787593715359,"median":0.000681167468429,"min":7.94201147713e-21,"var":7.07255708221e-7},"spectral_energyband_low":{"dmean":0.00780495069921,"dmean2":0.0134061519057,"dvar":0.000149180923472,"dvar2":0.000424034631578,"max":0.14136493206,"mean":0.011908993125,"median":0.00872198864818,"min":4.97762585279e-23,"var":0.000167375357705},"spectral_energyband_middle_high":{"dmean":0.00336193898693,"dmean2":0.00536008784547,"dvar":0.00001993747901,"dvar2":0.0000485523923999,"max":0.0657497346401,"mean":0.0103874970227,"median":0.00950285606086,"min":1.48542351943e-21,"var":0.0000729208550183},"spectral_energyband_middle_low":{"dmean":0.00476757343858,"dmean2":0.00756489019841,"dvar":0.0000517594271514,"dvar2":0.000126808517962,"max":0.125176608562,"mean":0.0110340584069,"median":0.00731053203344,"min":2.51001555115e-22,"var":0.000142423450598},"spectral_entropy":{"dmean":0.15561722219,"dmean2":0.249198168516,"dvar":0.0443193055689,"dvar2":0.116762086749,"max":9.79820251465,"mean":7.54834032059,"median":7.64285373688,"min":4.80044269562,"var":0.14547097683},"spectral_flux":{"dmean":0.0225978530943,"dmean2":0.0360123515129,"dvar":0.000622846069746,"dvar2":0.00137174851261,"max":0.364387542009,"mean":0.110011167824,"median":0.116208001971,"min":1.0322401961e-10,"var":0.00309046590701},"spectral_kurtosis":{"dmean":4.58127403259,"dmean2":7.29741287231,"dvar":40.4369697571,"dvar2":101.060913086,"max":117.27986908,"mean":20.9921340942,"median":18.4305171967,"min":-1.16406440735,"var":126.119186401},"spectral_rms":{"dmean":0.00086370453937,"dmean2":0.00139897654299,"dvar":8.89494117473e-7,"dvar2":0.00000235045149566,"max":0.0137345213443,"mean":0.00556548172608,"median":0.00619142409414,"min":3.22417656809e-12,"var":0.00000647197748549},"spectral_rolloff":{"dmean":4656.36181641,"dmean2":8896.01660156,"dvar":54363276,"dvar2":129417600,"max":22050,"mean":11518.421875,"median":7321.2890625,"min":43.06640625,"var":87966224},"spectral_skewness":{"dmean":0.354254812002,"dmean2":0.55475205183,"dvar":0.204859480262,"dvar2":0.507862508297,"max":9.32613277435,"mean":3.104180336,"median":2.8510620594,"min":0.0327518545091,"var":0.912127792835},"spectral_spread":{"dmean":435967.78125,"dmean2":697924.375,"dvar":358457049088,"dvar2":779373051904,"max":40172420,"mean":3743275.75,"median":3535048.25,"min":1427548.25,"var":1143759699970},"spectral_strongpeak":{"dmean":1.68091678619,"dmean2":3.02521276474,"dvar":25.0549545288,"dvar2":69.2562332153,"max":63.0852661133,"mean":1.70155251026,"median":0.267530024052,"min":0,"var":21.5721683502},"zerocrossingrate":{"dmean":0.034893553704,"dmean2":0.0462571941316,"dvar":0.00119638629258,"dvar2":0.00217064539902,"max":0.89013671875,"mean":0.277434468269,"median":0.2490234375,"min":0.01220703125,"var":0.0127543509007}},"metadata":{"audio_properties":{"analysis_sample_rate":44100,"bit_rate":160000,"codec":"vorbis","downmix":"mix","equal_loudness":0,"length":250.193557739,"lossless":false,"md5_encoded":"1d4edc46ffb35f55a1f72da2058b8262","replay_gain":-7.67777252197},"tags":{"album":["Chinese Democracy"],"albumartist":["Guns N' Roses"],"albumartistsort":["Guns N' Roses"],"artist":["Guns N' Roses"],"artistsort":["Guns N' Roses"],"asin":["B000NQDFP8"],"barcode":["602517906075"],"catalognumber":["B0012356-02"],"date":["2008-11-23"],"discid":["c510be0e"],"file_name":"09 - Guns N' Roses - Riad n' the Bedouins.ogg","format":["CD"],"genre":["Hard Rock"],"label":["Geffen Records"],"language":["eng"],"musicbrainz_albumartistid":["eeb1195b-f213-4ce1-b28c-8565211f8e43"],"musicbrainz_albumid":["e1d4ab97-2177-4eab-8979-80c2504ca4c9"],"musicbrainz_artistid":["eeb1195b-f213-4ce1-b28c-8565211f8e43"],"musicbrainz_discid":["Z4FJedB1oBBM3UvyjD9RZeyqD1c-"],"musicbrainz_recordingid":["b4236e54-c9fc-4bdd-ad59-5001ab41a97d"],"releasecountry":["US"],"releasestatus":["official"],"releasetype":["album"],"script":["Latn"],"title":["Riad n' the Bedouins"],"totaltracks":["14"],"tracknumber":["9"],"tracktotal":["14"]},"version":{"essentia":"2.1-beta1","essentia_build_sha":"ab033649a6180e58ab3ffa3648ee50b8e9460706","essentia_git_sha":"v2.1_beta1-8-g0ed32f5-dirty","extractor":"music 1.0"}},"rhythm":{"beats_count":539,"beats_loudness":{"dmean":0.0145514393225,"dmean2":0.0246756430715,"dvar":0.000202189854463,"dvar2":0.000576540245675,"max":0.118250012398,"mean":0.0426701568067,"median":0.0470239408314,"min":8.79496511175e-8,"var":0.000659506651573},"beats_loudness_band_ratio":{"dmean":[0.185743182898,0.0479629039764,0.13194039464,0.0988005027175,0.0439181998372,0.0723246261477],"dmean2":[0.32200551033,0.082286298275,0.227645650506,0.171665459871,0.0760634467006,0.123640730977],"dvar":[0.0215894151479,0.00350838829763,0.0185914020985,0.00896378047764,0.00308610429056,0.00560751417652],"dvar2":[0.0641917735338,0.00971429143101,0.0531743243337,0.0246239602566,0.0