{"lowlevel":{"average_loudness":0.893199265003,"barkbands":{"dmean":[0.000393283524318,0.00678809685633,0.00288487877697,0.00211380259134,0.00318232155405,0.000924143823795,0.000832811987493,0.000333563657477,0.00044737875578,0.000285198329948,0.0000981390767265,0.000142406061059,0.0000832867954159,0.000302433094475,0.0000993939611362,0.000262153247604,0.000284063513391,0.000174402433913,0.000253112812061,0.000176572822966,0.0000446930098406,0.0000296150610666,0.0000315467295877,0.0000261026925727,0.0000129255595311,0.00000534490300197,7.24079711745e-7],"dmean2":[0.000575765094254,0.00948063470423,0.00507165212184,0.00343025359325,0.00532402656972,0.00154954777099,0.00134686147794,0.000553129764739,0.000730021507479,0.000466615427285,0.000161374919116,0.000229382101679,0.000134939386044,0.000498380395584,0.000163663527928,0.000411439134041,0.000445820536697,0.000274727441138,0.000404280493967,0.000287373346509,0.0000722678814782,0.0000479490227008,0.000050046841352,0.0000414347450715,0.0000200412669074,0.00000815653311292,0.00000123640973015],"dvar":[8.52437835874e-7,0.000220410351176,0.0000543038222531,0.0000192613297259,0.0000380742967536,0.00000427269515058,0.00000252162635661,4.23478837774e-7,7.5239375974e-7,2.84833589603e-7,3.68467212297e-8,6.89843062673e-8,2.96511082354e-8,7.13193060164e-7,4.27803072967e-8,5.0085213843e-7,7.9669121078e-7,3.14181477279e-7,4.27597882435e-7,1.4457238251e-7,4.6719716984e-9,2.89661805652e-9,3.92053634002e-9,3.031276119e-9,9.09720909714e-10,4.10177503074e-10,1.17409961961e-11],"dvar2":[0.00000174855335899,0.000406976498198,0.000152729393449,0.0000454792934761,0.000100470751931,0.000011037240256,0.00000632617047813,0.00000112768191229,0.00000196888481696,7.75569617417e-7,9.36558564035e-8,1.72167887058e-7,7.19808213034e-8,0.00000190230707631,1.13006883851e-7,0.00000122146775539,0.00000208272899727,8.36315507513e-7,9.89999534795e-7,3.67666871171e-7,1.18324177123e-8,7.32846183737e-9,9.72779812258e-9,7.57844276222e-9,2.18739359958e-9,9.47767531123e-10,3.15030085352e-11],"max":[0.0108701987192,0.138739109039,0.0897312983871,0.0604965686798,0.0778879970312,0.0271765440702,0.0198489502072,0.0118981171399,0.00952710304409,0.00944851338863,0.00298173469491,0.00444625644013,0.00508706551045,0.0163592323661,0.00449694925919,0.0269752871245,0.0277561172843,0.0224746912718,0.0157678425312,0.00961205363274,0.00109272974078,0.000743759970646,0.00125549535733,0.000847808434628,0.000643951178063,0.000739087234251,0.0000991601264104],"mean":[0.000460726034362,0.00966227799654,0.00306060002185,0.00237537384965,0.00354462256655,0.00101779354736,0.00113343307748,0.000419159565354,0.00055202562362,0.000363047263818,0.00012004738528,0.000216803164221,0.0001143587142,0.000509074307047,0.000154368681251,0.000450611871202,0.000544873182662,0.00032586386078,0.000495185493492,0.000375073344912,0.0000997042006929,0.0000556207305635,0.0000639763675281,0.0000526233088749,0.0000261994136963,0.00000906082186702,6.71110058192e-7],"median":[0.0000164163266163,0.00104017381091,0.00089227873832,0.000605142093264,0.00166006910149,0.000392917485442,0.00043641513912,0.000139301380841,0.000178122907528,0.000111617271614,0.0000401354482165,0.000072148439358,0.0000332928320859,0.000110516164568,0.0000585070592933,0.000110667635454,0.0000940505196922,0.0000929046582314,0.0000930149035412,0.0000984901125776,0.000047615456424,0.0000260074120888,0.0000258711170318,0.0000182759067684,0.00000903617456061,0.0000022072374577,9.38881541401e-8],"min":[2.49953338832e-25,2.32658549562e-24,2.8436891438e-24,1.50193160454e-24,1.80991591815e-24,1.89191122504e-23,5.494744371e-24,7.15075747084e-24,9.42512076896e-24,9.03346710674e-24,1.18587779608e-23,2.80557339645e-23,2.41005573574e-23,2.81858423714e-23,3.94401485638e-23,5.26550801838e-23,6.2855092709e-23,9.68336606143e-23,1.41269602182e-22,1.98478779527e-22,2.41133422684e-22,3.29863310856e-22,3.6491158046e-22,6.30036825491e-22,9.16852160833e-22,1.34086431679e-21,2.0722754484e-21],"var":[0.00000135012555802,0.000414210313465,0.0000404969614465,0.0000262972553173,0.0000350984300894,0.00000383790529668,0.00000324825532516,5.54787561668e-7,9.6703820418e-7,4.51408681101e-7,4.62940334955e-8,1.46663111877e-7,5.41611022697e-8,0.00000162648882451,7.66323822177e-8,9.39446636039e-7,0.00000180730467036,4.38855238372e-7,0.00000101843590983,4.38535039393e-7,1.67431331022e-8,5.55688073334e-9,8.89128681791e-9,6.5091665391e-9,1.88660043143e-9,5.83764814266e-10,8.56553196427e-12]},"barkbands_crest":{"dmean":3.05969786644,"dmean2":4.75661325455,"dvar":8.9846830368,"dvar2":19.2673740387,"max":25.9944419861,"mean":11.6029548645,"median":10.5288181305,"min":2.38926076889,"var":30.3032665253},"barkbands_flatness_db":{"dmean":0.0304784309119,"dmean2":0.0451964810491,"dvar":0.00130737514701,"dvar2":0.00274227536283,"max":0.540230035782,"mean":0.159428626299,"median":0.127263501287,"min":0.0199071783572,"var":0.00803557131439},"barkbands_kurtosis":{"dmean":14.3364191055,"dmean2":22.4659671783,"dvar":1690.83288574,"dvar2":3786.06494141,"max":604.907775879,"mean":19.923160553,"median":3.47439622879,"min":-1.86109685898,"var":2803.83886719},"barkbands_skewness":{"dmean":0.9701821208,"dmean2":1.50062215328,"dvar":1.8424025774,"dvar2":4.04520320892,"max":20.6839675903,"mean":2.43385744095,"median":1.8946210146,"min":-2.80289816856,"var":6.69261169434},"barkbands_spread":{"dmean":6.23798465729,"dmean2":9.74174213409,"dvar":54.7291259766,"dvar2":124.246444702,"max":129.496231079,"mean":21.9406223297,"median":20.8398418427,"min":0.130748108029,"var":282.882263184},"dissonance":{"dmean":0.0179924070835,"dmean2":0.0307788811624,"dvar":0.00035915299668,"dvar2":0.00103716575541,"max":0.500000119209,"mean":0.466352462769,"median":0.473276078701,"min":0.242024019361,"var":0.000892736017704},"dynamic_complexity":4.19754695892,"erbbands":{"dmean":[0.278569638729,1.3993844986,3.34785366058,5.6619977951,8.16101360321,11.2987413406,11.1917648315,5.52760219574,9.94653606415,11.0495080948,7.70177459717,10.8555078506,9.70285129547,5.84410619736,4.47626018524,5.64513301849,3.79331326485,12.6623106003,9.15971755981,5.21017408371,17.2747688293,12.6315155029,9.10104179382,13.1514854431,10.8477296829,8.33137512207,2.36841964722,1.45909523964,1.08961498737,1.03555476665,0.845554590225,0.68568956852,0.3518230021,0.181715577841,0.0768329203129,0.0292024258524,0.00937620829791,0.00150714255869,0.000124691199744,0.0000182066705747],"dmean2":[0.385378777981,2.11817455292,5.76075839996,9.30759906769,13.5667552948,19.4761390686,18.2899856567,9.25436592102,16.0276584625,18.3594532013,12.689696312,17.7261886597,16.0624008179,9.53124237061,7.28812074661,9.07263755798,6.10791492462,20.778181076,15.0146970749,8.0588092804,27.2596664429,19.522819519,14.2446651459,20.8338241577,17.4222240448,13.3918361664,3.80809831619,2.37126135826,1.76220786572,1.65417075157,1.36085343361,1.09393835068,0.56102091074,0.288818955421,0.1178875193,0.0436415150762,0.0148032056168,0.00248665176332,0.0002126039617,0.0000285620371869],"dvar":[0.444864362478,9.37668132782,69.0425186157,144.769470215,178.735061646,624.45123291,619.842407227,114.260505676,250.751068115,733.212158203,215.535400391,488.207641602,312.454345703,143.130325317,73.3459396362,119.730613708,46.7242355347,1345.50036621,397.831420898,111.269813538,2189.34594727,1010.89990234,664.788513184,1561.55871582,597.754455566,391.985717773,13.3437223434,5.5892329216,3.79077601433,3.93523573875,2.95457267761,1.92179310322,0.652299523354,0.179268136621,0.0321374498308,0.00716756470501,0.00197950401343,0.0000517739026691,3.62581857871e-7,9.74506919604e-10],"dvar2":[0.863654315472,19.5765132904,192.033630371,366.410736084,469.045227051,1705.85888672,1536.14550781,305.331848145,631.292419434,1877.17590332,561.110351562,1279.70666504,865.428588867,342.19631958,184.705459595,293.945159912,115.189819336,3585.60009766,1064.37597656,256.865356445,5695.3203125,2573.00756836,1716.34338379,3750.77978516,1457.75598145,973.028686523,33.3819999695,14.1834917068,9.5578622818,9.63423061371,7.5005903244,4.81325674057,1.66817963123,0.448899239302,0.073870241642,0.0144562581554,0.00498920446262,0.000137501454446,9.70982455328e-7,2.30520780242e-9],"max":[6.10887050629,28.2779197693,90.2104187012,129.277648926,126.790504456,368.250579834,322.089233398,131.489074707,205.150741577,397.261688232,194.028457642,278.596099854,196.839279175,366.414337158,155.119720459,190.767120361,144.610839844,733.345581055,335.510162354,298.197052002,1853.77905273,821.817443848,723.501220703,1135.19763184,567.08203125,557.228881836,69.608253479,41.8512268066,33.0662269592,44.7996749878,26.7259254456,22.0331916809,9.98391628265,6.78705453873,5.15348243713,3.00366353989,1.59571349621,0.213182881474,0.0193504691124,0.000574379053432],"mean":[0.337241768837,1.90951406956,3.64598560333,6.6768078804,9.53261470795,11.255856514,11.8062858582,6.91711616516,14.6087789536,13.3409309387,10.112326622,13.7678346634,12.5330724716,7.68318510056,6.11391782761,8.80943012238,6.01931858063,21.6342449188,15.8958740234,10.3007707596,32.0816802979,26.7403774261,18.404006958,24.9613990784,22.9941139221,17.9617862701,5.48141479492,3.23478984833,2.11861920357,2.07706880569,1.64613723755,1.36576426029,0.679926455021,0.35551482439,0.157237961888,0.0579644963145,0.0131147066131,0.0018453723751,0.000123994919704,0.0000344487561961],"median":[0.0178208369762,0.255319148302,1.13533604145,1.8857281208,4.30057764053,4.45547580719,3.53192090988,3.13908433914,5.64518642426,4.45591211319,3.49262595177,4.55991411209,4.37889766693,2.68563938141,2.41301655769,2.91290903091,2.33145427704,5.03038835526,5.76191902161,4.30663871765,7.19751501083,5.48651838303,5.39075088501,5.20663404465,5.55786705017,4.47930288315,2.47667384148,1.52085566521,1.03736937046,0.845741987228,0.666528880596,0.466907382011,0.237764984369,0.123782671988,0.0527804903686,0.0162740759552,0.00271930173039,0.000344941799995,0.0000322065825458,0.000023509894163],"min":[3.71501579312e-23,6.12234620376e-22,3.96565531787e-21,5.14841979235e-21,7.24971057983e-21,7.22230456748e-21,3.40095018045e-20,1.17641445772e-19,9.72549010286e-20,2.70986643419e-19,2.80412883487e-19,2.5318856007e-19,3.51652547123e-19,7.84722672482e-19,9.2206815498e-19,1.55028546383e-18,1.28959773603e-18,1.93203645096e-18,2.16655931861e-18,3.12439042058e-18,3.29749616173e-18,4.11345668966e-18,5.02885156505e-18,7.24522866324e-18,8.19624234939e-18,1.02598015517e-17,9.94382848389e-18,1.08459706851e-17,1.2209633346e-17,9.52299455699e-18,1.11320204943e-17,1.12748299183e-17,1.01356913726e-17,8.28733313281e-18,5.88093155481e-18,4.06151967336e-18,2.50200318409e-18,1.03419662291e-18,2.7484701779e-19,2.91804149261e-20],"var":[0.710600137711,15.015376091,56.1327552795,174.655166626,191.116607666,483.756134033,624.058654785,114.404289246,459.828125,732.50390625,334.654083252,646.34777832,449.232330322,249.595199585,111.405441284,271.337005615,100.123687744,3163.2019043,826.315490723,343.021179199,4425.86962891,2709.17626953,1203.54602051,2996.34643555,1679.5859375,1163.71948242,51.4132385254,19.1658115387,7.77323150635,9.16786289215,5.52872610092,4.43582010269,1.14824032784,0.333498448133,0.0750241801143,0.0159711707383,0.00195040833205,0.0000425163161708,2.62281020014e-7,1.44817813297e-9]},"erbbands_crest":{"dmean":2.36654019356,"dmean2":3.81664514542,"dvar":5.90135478973,"dvar2":14.0483703613,"max":30.0607700348,"mean":8.07961177826,"median":6.7833275795,"min":2.3734099865,"var":17.9215984344},"erbbands_flatness_db":{"dmean":0.0164827760309,"dmean2":0.0251258891076,"dvar":0.00028424791526,"dvar2":0.000617645215243,"max":0.38260692358,"mean":0.149918988347,"median":0.144370600581,"min":0.0304423104972,"var":0.00195290148258},"erbbands_kurtosis":{"dmean":1.13592886925,"dmean2":1.79326951504,"dvar":2.66046762466,"dvar2":6.33082056046,"max":27.9168395996,"mean":0.766415894032,"median":-0.14029955864,"min":-1.76154839993,"var":6.60722017288},"erbbands_skewness":{"dmean":0.398523390293,"dmean2":0.612164258957,"dvar":0.146022573113,"dvar2":0.337120354176,"max":4.87787055969,"mean":0.237852826715,"median":0.130247920752,"min":-3.09403681755,"var":1.12204194069},"erbbands_spread":{"dmean":9.18503284454,"dmean2":14.391535759,"dvar":95.0299453735,"dvar2":221.460800171,"max":138.856018066,"mean":42.2563552856,"median":41.2714118958,"min":4.90853309631,"var":329.980529785},"gfcc":{"cov":[[27963.25,1815.52233887,-2911.32373047,1454.67687988,-977.754882812,-28.1217327118,-1036.54699707,206.257461548,-749.407104492,-179.116485596,-327.61138916,-145.141036987,-229.939651489],[1815.52233887,1760.9765625,291.795196533,-113.517959595,159.486923218,-55.2898597717,148.856491089,-162.950668335,135.193496704,-110.204414368,103.346488953,-130.998962402,65.194480896],[-2911.32373047,291.795196533,1291.29211426,-50.0806694031,192.184906006,258.541320801,320.02142334,-68.7251052856,186.857589722,62.8032608032,100.01171875,49.9345474243,92.8192062378],[1454.67687988,-113.517959595,-50.0806694031,504.640960693,124.894226074,132.550918579,81.3270874023,108.899452209,19.5372695923,57.659122467,48.0628433228,14.7423620224,-3.3130903244],[-977.754882812,159.486923218,192.184906006,124.894226074,367.455596924,54.2657012939,182.217010498,45.5034141541,115.208595276,34.3439102173,97.2763214111,-11.2010536194,20.2568340302],[-28.1217327118,-55.2898597717,258.541320801,132.550918579,54.2657012939,220.307510376,101.330467224,28.8558940887,29.2040233612,39.2073364258,22.4176368713,28.4316978455,24.2991218567],[-1036.54699707,148.856491089,320.02142334,81.3270874023,182.217010498,101.330467224,248.279998779,36.5408287048,116.884712219,29.970035553,80.7981338501,7.07876729965,35.2504043579],[206.257461548,-162.950668335,-68.7251052856,108.899452209,45.5034141541,28.8558940887,36.5408287048,133.918426514,38.4980125427,47.4992485046,20.5994262695,27.4220161438,1.4428498745],[-749.407104492,135.193496704,186.857589722,19.5372695923,115.208595276,29.2040233612,116.884712219,38.4980125427,140.803375244,49.2233772278,69.3772659302,12.7083997726,40.3401985168],[-179.116485596,-110.204414368,62.8032608032,57.659122467,34.3439102173,39.2073364258,29.970035553,47.4992485046,49.2233772278,90.226600647,50.9381523132,37.9372138977,15.3039646149],[-327.61138916,103.346488953,100.01171875,48.0628433228,97.2763214111,22.4176368713,80.7981338501,20.5994262695,69.3772659302,50.9381523132,102.805419922,32.6211662292,31.0488700867],[-145.141036987,-130.998962402,49.9345474243,14.7423620224,-11.2010536194,28.4316978455,7.07876729965,27.4220161438,12.7083997726,37.9372138977,32.6211662292,78.3204650879,34.4864234924],[-229.939651489,65.194480896,92.8192062378,-3.3130903244,20.2568340302,24.2991218567,35.2504043579,1.4428498745,40.3401985168,15.3039646149,31.0488700867,34.4864234924,67.9970092773]],"icov":[[0.000192047547898,-0.000599750666879,0.000309042166919,-0.000620955950581,0.00034882168984,-0.000348623143509,0.000440708099632,-0.000487383076688,0.000660735066049,-0.000523807480931,0.000625104294159,-0.000696238537785,0.000368470384274],[-0.000599750666879,0.00306337117217,-0.00108925730456,0.00189057772513,-0.000841509085149,0.00109293172136,-0.0010707010515,0.00218327110633,-0.00304968981072,0.00371253723279,-0.00440998096019,0.004780319985,-0.00245444360189],[0.000309042166919,-0.00108925730456,0.0023996992968,-0.000454274180811,0.000396455667214,-0.00221322081052,-0.000995452399366,0.00131736462936,-0.000316125981044,-0.0018081269227,0.00226377905346,-0.0025830953382,0.000823376525659],[-0.000620955950581,0.00189057772513,-0.000454274180811,0.00533953355625,-0.00188139174134,-0.00100909220055,-0.00174104736652,-0.000233000755543,-0.000732809945475,0.00086666631978,-0.00310231279582,0.0031211511232,-0.00113031070214],[0.00034882168984,-0.000841509085149,0.000396455667214,-0.00188139174134,0.00605319719762,-0.000290470285108,-0.00124867830891,-0.00148682831787,-0.000261865498032,0.000535214319825,-0.00275886571035,0.00149422546383,0.000869758543558],[-0.000348623143509,0.00109293172136,-0.00221322081052,-0.00100909220055,-0.000290470285108,0.00980810914189,-0.00358789064921,0.000411796791013,0.00176406570245,-0.00203564530239,0.00170060142409,0.00040619232459,-0.00239293463528],[0.000440708099632,-0.0010707010515,-0.000995452399366,-0.00174104736652,-0.00124867830891,-0.00358789064921,0.0135583383963,-0.00376880634576,-0.00340886996128,0.00460419245064,-0.00422128196806,0.000858261599205,0.000974549620878],[-0.000487383076688,0.00218327110633,0.00131736462936,-0.000233000755543,-0.00148682831787,0.000411796791013,-0.00376880634576,0.0164173524827,-0.00729101756588,-0.00258567673154,0.00281615648419,-0.0032730710227,0.00163171777967],[0.000660735066049,-0.00304968981072,-0.000316125981044,-0.000732809945475,-0.000261865498032,0.00176406570245,-0.00340886996128,-0.00729101756588,0.0240326877683,-0.0105048613623,-0.0001411561243,0.00264405854978,-0.0062462859787],[-0.000523807480931,0.00371253723279,-0.0018081269227,0.00086666631978,0.000535214319825,-0.00203564530239,0.00460419245064,-0.00258567673154,-0.0105048613623,0.0298177730292,-0.0155988512561,0.000495380198117,0.00180822401308],[0.000625104294159,-0.00440998096019,0.00226377905346,-0.00310231279582,-0.00275886571035,0.00170060142409,-0.00422128196806,0.00281615648419,-0.0001411561243,-0.0155988512561,0.0325322262943,-0.0155835365877,0.0020867632702],[-0.000696238537785,0.004780319985,-0.0025830953382,0.0031211511232,0.00149422546383,0.00040619232459,0.000858261599205,-0.0032730710227,0.00264405854978,0.000495380198117,-0.0155835365877,0.0347070544958,-0.0163922775537],[0.000368470384274,-0.00245444360189,0.000823376525659,-0.00113031070214,0.000869758543558,-0.00239293463528,0.000974549620878,0.00163171777967,-0.0062462859787,0.00180822401308,0.0020867632702,-0.0163922775537,0.0278426222503]],"mean":[-64.898727417,94.0367355347,-108.154785156,44.0223655701,-53.5788650513,6.95428228378,-39.5615196228,9.79851341248,-21.4875068665,-0.673054933548,-14.1206979752,-6.26638698578,-10.0707273483]},"hfc":{"dmean":4.7764878273,"dmean2":7.28564977646,"dvar":46.259223938,"dvar2":108.419883728,"max":131.810195923,"mean":14.0493173599,"median":8.70988559723,"min":1.10999578157e-16,"var":234.724349976},"melbands":{"dmean":[0.00209809211083,0.00171740003861,0.000985306221992,0.00074847479118,0.000395155482693,0.000137957569677,0.000156341848196,0.000108216830995,0.0000630069334875,0.0000687970314175,0.0000489884478156,0.0000254015994869,0.0000138602699735,0.0000159210831043,0.0000116666697068,0.00000881216783455,0.0000280567946902,0.0000188276608242,0.00000625304073765,0.0000126557370095,0.0000238792072196,0.0000165346755239,0.0000103583724922,0.00000782958431955,0.0000123683557831,0.00000895477205631,0.00000857429313328,0.00000521935680808,0.00000171595559095,0.00000106225638774,8.97423660717e-7,6.76099887187e-7,5.94895539052e-7,6.5903208224e-7,5.10565200784e-7,4.92763774673e-7,4.36397186832e-7,2.71642676353e-7,2.02354982548e-7,1.4735597631e-7],"dmean2":[0.00280713173561,0.00282701081596,0.00162505917251,0.00127009488642,0.00065061589703,0.000230287085287,0.000251479679719,0.000180328075658,0.000103613259853,0.0001124381306,0.000080962330685,0.000041591887566,0.0000226728116104,0.0000257048177446,0.0000190184873645,0.00001443129986,0.0000462092684756,0.0000309494280373,0.0000101548612292,0.0000196048586076,0.000038076290366,0.0000258885211224,0.0000163216118381,0.0000121721477626,0.000019686856831,0.0000143823599501,0.0000140969641507,0.00000836941762827,0.00000278153083855,0.0000017442622493,0.00000145871865698,0.00000111506665235,9.66789116319e-7,0.00000105858555344,8.26075449822e-7,7.96740266651e-7,6.96291238e-7,4.39437002342e-7,3.25422007563e-7,2.35783005564e-7],"dvar":[0.0000225144012802,0.0000150445239342,0.00000356167788595,0.0000023450363642,7.2085526881e-7,7.44856265555e-8,6.66493278345e-8,6.46027444873e-8,1.44734872976e-8,1.94010496557e-8,7.97317678547e-9,2.79244338763e-9,7.14442560668e-10,8.70543914733e-10,5.60456292487e-10,3.78592407424e-10,7.18122539212e-9,1.87431603571e-9,1.5595465197e-10,1.06439868031e-9,4.41799308248e-9,2.30771490806e-9,7.43057448904e-10,5.5302445956e-10,1.43485701098e-9,4.63691252062e-10,3.4093827761e-10,1.55089163734e-10,7.91638716385e-12,3.03487031512e-12,2.26941881086e-12,1.47541625185e-12,1.35603204013e-12,1.70596349547e-12,1.0563829542e-12,1.10551693668e-12,8.19669473354e-13,4.02777746052e-13,1.95140006042e-13,1.20240704329e-13],"dvar2":[0.0000412522640545,0.0000402458863391,0.00000906882814888,0.00000630853628536,0.00000183086126526,1.96839678779e-7,1.66349863662e-7,1.65499159266e-7,3.77297162402e-8,5.12025692956e-8,2.21315463733e-8,6.72746081065e-9,1.80862558263e-9,2.17963669336e-9,1.41117317831e-9,9.68944591229e-10,1.90693256741e-8,4.98675500893e-9,4.04864392012e-10,2.31330932188e-9,1.1911721387e-8,5.94976112822e-9,1.92840365898e-9,1.43596734503e-9,3.4452509734e-9,1.0647097648e-9,8.95983343074e-10,3.85322079799e-10,2.04984432206e-11,7.74058421527e-12,5.75835256214e-12,3.80059265309e-12,3.50147211572e-12,4.01473125577e-12,2.69513816646e-12,2.83717233734e-12,2.07554112786e-12,1.0447044705e-12,4.95500613196e-13,3.02183191664e-13],"max":[0.0434969328344,0.0384595766664,0.0203022602946,0.0195469353348,0.0113131888211,0.00354220322333,0.00328027270734,0.00410473067313,0.00161465269048,0.00165392062627,0.00103413756005,0.00160584959667,0.000437795213656,0.000589356233831,0.000545183080249,0.000528566946741,0.00171421130653,0.000811058504041,0.000290706026135,0.00103106384631,0.00232271593995,0.00136607151944,0.000647718377877,0.000869651674293,0.00112569052726,0.00063920894172,0.000373273884179,0.00031976547325,0.000069572852226,0.0000374149094569,0.0000296749076369,0.0000273857276625,0.000018559892851,0.0000398063129978,0.0000149415882333,0.0000226286756515,0.0000190872160601,0.00000959040426096,0.00000540264181836,0.00000675852788845],"mean":[0.00280442880467,0.00214653369039,0.0011931079207,0.00078836485045,0.000423921534093,0.000171412772033,0.000224800169235,0.00012970881653,0.0000823648297228,0.000084934370534,0.0000620479622739,0.0000325246801367,0.0000177377351065,0.0000237086587731,0.0000175080185727,0.000012466570297,0.0000467119571113,0.0000308631933876,0.0000101906407508,0.0000213338571484,0.0000429846950283,0.0000316995756293,0.0000185630069609,0.0000143328161357,0.0000213692528632,0.0000167299349414,0.0000171296414919,0.0000101411960713,0.00000348813864548,0.00000209705490306,0.0000018253373355,0.00000120271363357,9.97707843453e-7,0.00000127316241105,9.29956172513e-7,9.03077648218e-7,8.10875576462e-7,4.76803762695e-7,3.74025887595e-7,2.78167846091e-7],"median":[0.000233166036196,0.000630988855846,0.000510755984578,0.000357142678695,0.000139795287396,0.0000722666445654,0.0000909649243113,0.0000429931242252,0.0000252315276157,0.00002662105544,0.0000204236457648,0.0000102785961644,0.00000633553054286,0.00000797524171503,0.0000051577794693,0.00000378135382562,0.00000923311654333,0.00000964899481914,0.00000423189612775,0.00000560233775104,0.00000826810355647,0.00000545233888261,0.00000416442935602,0.00000403567310059,0.00000399791315431,0.00000348442222275,0.00000394734388465,0.00000236771734308,0.00000156797966611,9.2191442036e-7,8.22520291877e-7,5.82828192819e-7,4.05519955393e-7,4.8495695637e-7,3.84447758961e-7,3.32824754423e-7,2.5627500122e-7,1.63369790585e-7,1.31270454062e-7,9.39542275091e-8],"min":[5.18010591705e-25,1.93006475882e-24,1.02947284904e-24,4.83120703678e-25,8.95060417118e-25,3.06125402323e-24,1.24848538684e-24,2.40461133332e-24,2.3485497498e-24,1.72509798805e-24,1.63843609558e-24,3.02984927338e-24,2.01624741829e-24,2.9192513689e-24,2.44312155056e-24,3.73915690897e-24,3.24713529048e-24,2.54142702999e-24,3.73927878798e-24,4.09450443132e-24,3.49680542825e-24,3.27801012302e-24,2.57963353578e-24,4.494849763e-24,3.89244165475e-24,5.39170335956e-24,6.35021905764e-24,6.27982544919e-24,5.56335042064e-24,4.37013045945e-24,6.68153984897e-24,6.61407606993e-24,5.55064976006e-24,4.81262896803e-24,6.51356572427e-24,5.64960289429e-24,6.19978486074e-24,5.42602551426e-24,5.79151266025e-24,6.35214703369e-24],"var":[0.0000407295519835,0.0000158903058036,0.00000419052321377,0.0000019590370357,7.07676235834e-7,7.5560599555e-8,1.0883596957e-7,6.47939870646e-8,2.33438974817e-8,2.46884770405e-8,1.1569974312e-8,4.84708229109e-9,9.52831258338e-10,1.7049723855e-9,1.11168152461e-9,6.77317146813e-10,1.6653746826e-8,3.78676334734e-9,2.91428381427e-10,2.58932453256e-9,9.16758580161e-9,5.53159074101e-9,1.31537658543e-9,8.77025618795e-10,2.56253640529e-9,1.12421993936e-9,9.09485486922e-10,4.01528366112e-10,2.34923590997e-11,8.91894284122e-12,7.02865283336e-12,2.66003451904e-12,2.16053216984e-12,4.21397161957e-12,1.80439907807e-12,2.00777263738e-12,1.76946467461e-12,6.10203727824e-13,3.54384300768e-13,2.20152265558e-13]},"melbands_crest":{"dmean":3.96702003479,"dmean2":6.13270998001,"dvar":14.142416954,"dvar2":31.817522049,"max":37.6196594238,"mean":16.6114501953,"median":15.0308561325,"min":1.59689688683,"var":52.8151397705},"melbands_flatness_db":{"dmean":0.0373854003847,"dmean2":0.0551953651011,"dvar":0.00184461160097,"dvar2":0.003773070639,"max":0.671796917915,"mean":0.227437376976,"median":0.187018409371,"min":0.00257140677422,"var":0.0137972282246},"melbands_kurtosis":{"dmean":21.2336997986,"dmean2":33.2698020935,"dvar":2756.9152832,"dvar2":6086.8515625,"max":1297.5703125,"mean":35.1304550171,"median":13.197725296,"min":-1.77466130257,"var":5144.81054688},"melbands_skewness":{"dmean":1.10246145725,"dmean2":1.71583497524,"dvar":2.08470058441,"dvar2":4.5757894516,"max":29.2880630493,"mean":3.64607214928,"median":3.09053254128,"min":-1.3295981884,"var":6.98325157166},"melbands_spread":{"dmean":7.84851980209,"dmean2":12.1671533585,"dvar":120.055480957,"dvar2":254.262161255,"max":185.492919922,"mean":25.5580196381,"median":16.6132545471,"min":0.116626344621,"var":816.567626953},"mfcc":{"cov":[[16223.7412109,178.973190308,-1182.5020752,844.95501709,74.4281997681,-333.229736328,-55.3461837769,5.9384970665,-314.143920898,12.9749679565,-303.285003662,-206.3959198,-91.250793457],[178.973190308,1839.47351074,333.931488037,34.0578193665,73.452331543,149.335784912,44.5323104858,20.4197349548,29.2383804321,11.5295085907,17.5097179413,30.787940979,52.9882087708],[-1182.5020752,333.931488037,863.411254883,-41.1416549683,24.6790504456,264.718139648,95.6528396606,53.6375579834,113.33000946,-0.764683783054,49.8845901489,71.9358825684,6.19693136215],[844.95501709,34.0578193665,-41.1416549683,360.870574951,131.316070557,69.8119735718,101.636474609,77.2083740234,41.5747261047,81.2420196533,48.0767288208,54.9084358215,55.5356140137],[74.4281997681,73.452331543,24.6790504456,131.316070557,162.191604614,72.8112411499,63.3728752136,42.0885772705,34.5133056641,44.6597213745,39.4772109985,33.709728241,38.6099281311],[-333.229736328,149.335784912,264.718139648,69.8119735718,72.8112411499,210.554138184,105.843032837,54.7333831787,57.3261680603,30.3548927307,39.8666305542,47.1496582031,25.8619804382],[-55.3461837769,44.5323104858,95.6528396606,101.636474609,63.3728752136,105.843032837,129.620040894,69.2102508545,42.1618385315,40.648109436,39.1552734375,43.0049095154,35.3223876953],[5.9384970665,20.4197349548,53.6375579834,77.2083740234,42.0885772705,54.7333831787,69.2102508545,92.037071228,54.0204086304,35.3227996826,29.0539112091,31.9512405396,25.8164367676],[-314.143920898,29.2383804321,113.33000946,41.5747261047,34.5133056641,57.3261680603,42.1618385315,54.0204086304,89.0001525879,45.369884491,31.1807079315,30.2203769684,17.3268299103],[12.9749679565,11.5295085907,-0.764683783054,81.2420196533,44.6597213745,30.3548927307,40.648109436,35.3227996826,45.369884491,82.9032287598,47.6635322571,24.5353908539,21.5277404785],[-303.285003662,17.5097179413,49.8845901489,48.0767288208,39.4772109985,39.8666305542,39.1552734375,29.0539112091,31.1807079315,47.6635322571,77.9405136108,49.6043739319,28.9739112854],[-206.3959198,30.787940979,71.9358825684,54.9084358215,33.709728241,47.1496582031,43.0049095154,31.9512405396,30.2203769684,24.5353908539,49.6043739319,82.5512237549,50.6869049072],[-91.250793457,52.9882087708,6.19693136215,55.5356140137,38.6099281311,25.8619804382,35.3223876953,25.8164367676,17.3268299103,21.5277404785,28.9739112854,50.6869049072,80.4522705078]],"icov":[[0.000100727287645,-0.0000305343528453,0.0000390257664549,-0.000301592022879,0.0000340613732988,0.0000495312706335,0.000080585028627,-0.000229109078646,0.000458218855783,-0.000272351142485,0.000530619639903,-0.0000819135602796,0.000180111106602],[-0.0000305343528453,0.000628212234005,-0.000265149428742,0.0000894206241355,-0.000203192656045,-0.000284750538412,0.000270409247605,0.00000222605308409,0.000195266897208,-0.000129718318931,-0.0000014368928305,0.000317822006764,-0.000627143715974],[0.0000390257664549,-0.000265149428742,0.00266464031301,0.000308051647153,0.000707046943717,-0.00299992971122,0.000149610525114,0.000754845910706,-0.00282733002678,0.00206334935501,-0.000695776834618,-0.00113709154539,0.00114189437591],[-0.000301592022879,0.0000894206241355,0.000308051647153,0.00622894661501,-0.0028446377255,-0.000126606260892,-0.00175259716343,-0.00119078683201,0.000411860179156,-0.00307057611644,0.000754242995754,-0.00201448635198,-0.000436553731561],[0.0000340613732988,-0.000203192656045,0.000707046943717,-0.0028446377255,0.0106368241832,-0.00272796745412,-0.00035171568743,0.000483313546283,-0.00135126407258,0.000262472924078,-0.0025628444273,0.00198997394182,-0.00225681113079],[0.0000495312706335,-0.000284750538412,-0.00299992971122,-0.000126606260892,-0.00272796745412,0.0135966101661,-0.00800228212029,0.00129640556406,-0.000678886426613,-0.0000395033421228,0.000655171636026,-0.000829152355436,0.00104123703204],[0.000080585028627,0.000270409247605,0.000149610525114,-0.00175259716343,-0.00035171568743,-0.00800228212029,0.0216018799692,-0.0107151744887,0.00457521807402,-0.00291657005437,-0.000187421508599,-0.00084887817502,-0.00179569679312],[-0.000229109078646,0.00000222605308409,0.000754845910706,-0.00119078683201,0.000483313546283,0.00129640556406,-0.0107151744887,0.0263109784573,-0.0140885198489,0.00382904615253,-0.00235298206098,0.000139605690492,-0.00111559138168],[0.000458218855783,0.000195266897208,-0.00282733002678,0.000411860179156,-0.00135126407258,-0.000678886426613,0.00457521807402,-0.0140885198489,0.030099445954,-0.0152457365766,0.00662487698719,-0.00412671314552,0.00151457695756],[-0.000272351142485,-0.000129718318931,0.00206334935501,-0.00307057611644,0.000262472924078,-0.0000395033421228,-0.00291657005437,0.00382904615253,-0.0152457365766,0.0317604988813,-0.0180692858994,0.00773262511939,-0.00190373545047],[0.000530619639903,-0.0000014368928305,-0.000695776834618,0.000754242995754,-0.0025628444273,0.000655171636026,-0.000187421508599,-0.00235298206098,0.00662487698719,-0.0180692858994,0.0346893742681,-0.0170136969537,0.00362675217912],[-0.0000819135602796,0.000317822006764,-0.00113709154539,-0.00201448635198,0.00198997394182,-0.000829152355436,-0.00084887817502,0.000139605690492,-0.00412671314552,0.00773262511939,-0.0170136969537,0.0327288992703,-0.0148577354848],[0.000180111106602,-0.000627143715974,0.00114189437591,-0.000436553731561,-0.00225681113079,0.00104123703204,-0.00179569679312,-0.00111559138168,0.00151457695756,-0.00190373545047,0.00362675217912,-0.0148577354848,0.0233930256218]],"mean":[-697.787231445,117.13609314,6.07598114014,34.8914489746,9.63262176514,0.923296272755,-1.29876101017,2.73808121681,-2.46538615227,6.50105714798,-3.06741976738,-1.68911647797,-2.41127586365]},"pitch_salience":{"dmean":0.0951631516218,"dmean2":0.148950353265,"dvar":0.00922673102468,"dvar2":0.0220224205405,"max":0.903110027313,"mean":0.516451001167,"median":0.547581553459,"min":0.025007199496,"var":0.0269545763731},"silence_rate_20dB":{"dmean":0,"dmean2":0,"dvar":0,"dvar2":0,"max":1,"mean":1,"median":1,"min":1,"var":0},"silence_rate_30dB":{"dmean":0.020865296945,"dmean2":0.0417369939387,"dvar":0.0204298943281,"dvar2":0.0568723976612,"max":1,"mean":0.987267971039,"median":1,"min":0,"var":0.0125688295811},"silence_rate_60dB":{"dmean":0.0515495538712,"dmean2":0.103114932775,"dvar":0.0488913692534,"dvar2":0.117950044572,"max":1,"mean":0.136830806732,"median":0,"min":0,"var":0.118115216494},"spectral_centroid":{"dmean":284.959716797,"dmean2":442.632415771,"dvar":120191.617188,"dvar2":259442.578125,"max":11662.2451172,"mean":1461.34436035,"median":1328.49365234,"min":91.3934249878,"var":1397553.75},"spectral_complexity":{"dmean":3.5483276844,"dmean2":5.39358615875,"dvar":15.8544416428,"dvar2":33.3570365906,"max":55,"mean":14.6981134415,"median":13,"min":0,"var":134.711715698},"spectral_contrast_coeffs":{"dmean":[0.0589065589011,0.0480557456613,0.0388541780412,0.0297706704587,0.0211722701788,0.0172555949539],"dmean2":[0.0959264561534,0.0793677419424,0.0637350901961,0.0486029461026,0.0335649400949,0.0281653739512],"dvar":[0.00286101875827,0.00158307142556,0.00107816571835,0.000729631807189,0.000373620947357,0.000334491778631],"dvar2":[0.00729144690558,0.00410713767633,0.00273779593408,0.00183513772208,0.000887188944034,0.000843789079227],"max":[-0.300604760647,-0.406564712524,-0.511877655983,-0.514520645142,-0.55745691061,-0.616373300552],"mean":[-0.620553195477,-0.754622519016,-0.788854598999,-0.795875668526,-0.798605322838,-0.786622524261],"median":[-0.618293941021,-0.762387633324,-0.802565395832,-0.816540837288,-0.805483520031,-0.779476761818],"min":[-0.972042322159,-0.982136070728,-0.985573470592,-0.983905732632,-0.982491374016,-0.974767029285],"var":[0.0133328177035,0.00712588382885,0.00614547682926,0.00648642797023,0.00507238740101,0.00177327054553]},"spectral_contrast_valleys":{"dmean":[0.518349766731,0.554395377636,0.517426490784,0.44392183423,0.367758274078,0.306182861328],"dmean2":[0.804617166519,0.87353438139,0.807289898396,0.676032781601,0.542150199413,0.433528006077],"dvar":[0.224921569228,0.273534178734,0.272002488375,0.217713266611,0.209841281176,0.193484947085],"dvar2":[0.470622807741,0.622402667999,0.600675821304,0.469495803118,0.433700680733,0.395274609327],"max":[-5.16402816772,-4.72765779495,-5.40421867371,-6.0033659935,-5.69027805328,-8.13093566895],"mean":[-7.85733604431,-7.39968967438,-8.14319229126,-8.45181560516,-8.0730304718,-10.7125892639],"median":[-7.42892074585,-7.02134037018,-7.81076860428,-8.06595039368,-7.59189081192,-10.3091688156],"min":[-27.9921894073,-27.9532165527,-27.8012161255,-27.6444950104,-27.4604587555,-27.3505935669],"var":[5.08392000198,4.85095977783,4.47422933578,4.27065229416,4.64838552475,3.60898542404]},"spectral_decrease":{"dmean":3.51033468959e-9,"dmean2":5.46537615165e-9,"dvar":2.63638128021e-17,"dvar2":5.72083604121e-17,"max":4.22047938527e-18,"mean":-6.60501120464e-9,"median":-4.22809964817e-9,"min":-4.6264744924e-8,"var":5.15225988141e-17},"spectral_energy":{"dmean":0.0135795706883,"dmean2":0.0211366415024,"dvar":0.000387005216908,"dvar2":0.000842778128572,"max":0.178634405136,"mean":0.0262031555176,"median":0.0175595562905,"min":1.00816910383e-20,"var":0.000763471878599},"spectral_energyband_high":{"dmean":0.000164181328728,"dmean2":0.000251937570283,"dvar":7.60010863132e-8,"dvar2":1.78231445602e-7,"max":0.00456015625969,"mean":0.000420491851401,"median":0.000201289483812,"min":7.10347328702e-21,"var":2.75038843256e-7},"spectral_energyband_low":{"dmean":0.00892316084355,"dmean2":0.0137163940817,"dvar":0.00031139573548,"dvar2":0.00065231701592,"max":0.146786779165,"mean":0.0146901262924,"median":0.00375785282813,"min":9.5411787742e-24,"var":0.000612422940321},"spectral_energyband_middle_high":{"dmean":0.00111622631084,"dmean2":0.00173913745675,"dvar":0.00000370131647287,"dvar2":0.0000090017401817,"max":0.0449100248516,"mean":0.00351782958023,"median":0.0014624245232,"min":1.1778143155e-21,"var":0.0000247543703153},"spectral_energyband_middle_low":{"dmean":0.00664835236967,"dmean2":0.0106590511277,"dvar":0.000108257059765,"dvar2":0.00026980318944,"max":0.0987170040607,"mean":0.00918095000088,"median":0.00594491837546,"min":2.03800952686e-22,"var":0.000127777457237},"spectral_entropy":{"dmean":0.194938421249,"dmean2":0.298020035028,"dvar":0.0523128397763,"dvar2":0.1197771281,"max":9.81862068176,"mean":7.46992588043,"median":7.58768367767,"min":5.03985071182,"var":0.357067853212},"spectral_flux":{"dmean":0.0369613021612,"dmean2":0.0603321045637,"dvar":0.00214300723746,"dvar2":0.00466264225543,"max":0.352875083685,"mean":0.0857693254948,"median":0.0692197680473,"min":6.42181169352e-11,"var":0.00414825370535},"spectral_kurtosis":{"dmean":1.84272491932,"dmean2":3.06162118912,"dvar":6.83996105194,"dvar2":17.5751800537,"max":47.7017288208,"mean":5.13487386703,"median":3.73038244247,"min":-1.27117455006,"var":20.437702179},"spectral_rms":{"dmean":0.00120960443746,"dmean2":0.00179850868881,"dvar":0.00000213798148252,"dvar2":0.00000452046197097,"max":0.0132014192641,"mean":0.00435466412455,"median":0.00413899449632,"min":3.13620722274e-12,"var":0.00000660088880977},"spectral_rolloff":{"dmean":458.216064453,"dmean2":753.928771973,"dvar":529566.0625,"dvar2":1182114.875,"max":20241.2109375,"mean":1647.23291016,"median":775.1953125,"min":43.06640625,"var":6363629},"spectral_skewness":{"dmean":0.25076213479,"dmean2":0.402056604624,"dvar":0.093811146915,"dvar2":0.22600838542,"max":5.2396068573,"mean":1.5609909296,"median":1.35647630692,"min":-0.0833296850324,"var":0.43868008256},"spectral_spread":{"dmean":531245.5,"dmean2":839144.125,"dvar":603783692288,"dvar2":1179243511810,"max":42483984,"mean":4616481.5,"median":4137068.25,"min":1259491.125,"var":10663915159600},"spectral_strongpeak":{"dmean":0.378962278366,"dmean2":0.639737069607,"dvar":0.799451351166,"dvar2":2.17082333565,"max":15.770152092,"mean":0.640817701817,"median":0.418189615011,"min":0,"var":1.16694021225},"zerocrossingrate":{"dmean":0.0095725748688,"dmean2":0.0114846862853,"dvar":0.000112133137009,"dvar2":0.000153985849465,"max":0.53125,"mean":0.0621219724417,"median":0.05517578125,"min":0.001953125,"var":0.00436044018716}},"metadata":{"audio_properties":{"analysis_sample_rate":44100,"bit_rate":262646,"codec":"mp3","downmix":"mix","equal_loudness":0,"length":151.327346802,"lossless":false,"md5_encoded":"1fb6b523c6e64ffde34e3a8f16a51803","replay_gain":-1.86596107483},"tags":{"acoustid_id":["63387430-d62e-4d81-84a7-d8af7e38f976"],"album":["Paranoid"],"albumartist":["Black Sabbath"],"artist":["Black Sabbath"],"date":["1987"],"discnumber":["1/1"],"file_name":"07 - Black Sabbath - Rat Salad.mp3","musicbrainz_albumartistid":["5182c1d9-c7d2-4dad-afa0-ccfeada921a8"],"musicbrainz_albumid":["bb5ae596-020a-3f49-8f89-c3529f3b6365"],"musicbrainz_artistid":["5182c1d9-c7d2-4dad-afa0-ccfeada921a8"],"musicbrainz_recordingid":["b4829586-0ff3-4376-b2b8-f42dbbc9e885"],"musicbrainz_releasegroupid":["cc053745-c447-3566-8f27-bed5438c9133"],"replaygain_album_gain":["+0.04 dB"],"replaygain_album_peak":["0.406499"],"replaygain_track_gain":["+2.49 dB"],"replaygain_track_peak":["0.376217"],"title":["Rat Salad"],"tracknumber":["7/8"]},"version":{"essentia":"2.1-beta1","essentia_build_sha":"46c2b6830b139c2e69ed9f3e0d9145e1b8fbae31","essentia_git_sha":"v2.1_beta1-6-g5578087","extractor":"music 1.0"}},"rhythm":{"beats_count":320,"beats_loudness":{"dmean":0.0254077408463,"dmean2":0.0458129532635,"dvar":0.000564913556445,"dvar2":0.00172530650161,"max":0.129402771592,"mean":0.03605248034,"median":0.0307462979108,"min":0,"var":0.000765582430176},"beats_loudness_band_ratio":{"dmean":[0.254041850567,0.180645659566,0.0978866368532,0.0395291596651,0.0653772652149,0.0522039867938],"dmean2":[0.460228651762,0.321718543768,0.171891838312,0.0704294964671,0.116096161306,0.089016340673],"dvar":[0.0503957383335,0.0262313373387,0.010057141073,0.00190522824414,0.00626610592008,0.00824378244579],"dvar2":[0.154447108507,0.0792537257075,0.0298894792795,0.00536073604599,0.0206565186381,0.0183978583664],"max":[0.996125221252,0.74161118269,0.709430098534,0.431230723858,0.537617862225,0.827069282532],"mean":[0.529443144798,0.237373068929,0.122540906072,0.0486431829631,0.0787392854691,0.06162469