{"lowlevel":{"average_loudness":0.838754296303,"barkbands":{"dmean":[0.000466177560156,0.00342770921998,0.00112571462523,0.00282303523272,0.00158738147002,0.00055313721532,0.000546654919162,0.000631312723272,0.000350313930539,0.000310731586069,0.000197969886358,0.000226597505389,0.000125796228531,0.000124750295072,0.000166736266692,0.00012741725368,0.000173454274773,0.000164900120581,0.000242752066697,0.00028576850309,0.000212790095247,0.000202770810574,0.000149715837324,0.000133590685437,0.0000658522403683,0.0000328520472976,0.00000613576230535],"dmean2":[0.000613666488789,0.00521817570552,0.00190944341011,0.00457274634391,0.00258439755999,0.000840843771584,0.000814076454844,0.000925091502722,0.000510581943672,0.000468274025479,0.000313968688715,0.000373829767341,0.000203427029192,0.000200178576051,0.000274169346085,0.000212921004277,0.0002896579972,0.000274080055533,0.000408617866924,0.000464218319394,0.000316423684126,0.000326225301251,0.000216219748836,0.000190577862668,0.0000953236230998,0.0000476904824609,0.0000111423851195],"dvar":[7.40612847494e-7,0.0000413525776821,0.00000735535331842,0.0000620898790658,0.00000991192064248,0.00000154296526489,0.00000219156754611,0.00000296132634503,6.43760188268e-7,5.26727717443e-7,3.074541155e-7,5.41072552096e-7,1.26642220266e-7,9.44653564261e-8,2.65182364956e-7,8.82626451926e-8,3.10629417299e-7,2.0870398032e-7,4.50333317303e-7,6.59963234284e-7,3.96227648025e-7,3.21336074194e-7,2.63847539372e-7,3.03288089754e-7,4.6141469312e-8,1.28066357519e-8,2.88791568437e-9],"dvar2":[0.0000012667047713,0.0000969575557974,0.0000197623321583,0.00015006333706,0.0000248662854574,0.00000347406762558,0.0000048591768973,0.00000649722187518,0.00000144612056374,0.00000114478859814,7.19746822142e-7,0.00000144664124946,2.91303905442e-7,2.38904561911e-7,6.82575887367e-7,2.29187847367e-7,8.54078393786e-7,5.47685488073e-7,0.00000118969501273,0.00000161241541718,8.77736965776e-7,7.26788925931e-7,6.10995641637e-7,6.06510297985e-7,9.58536290341e-8,3.19380255576e-8,8.57514947938e-9],"max":[0.010324976407,0.084680840373,0.0519545711577,0.103049509227,0.0636130869389,0.0357217304409,0.0531443059444,0.0392323024571,0.0194387100637,0.015233756043,0.0126847336069,0.0179193392396,0.0170942731202,0.0109792519361,0.0128533998504,0.00733540859073,0.0171991586685,0.0154262082651,0.0111300284043,0.0186863336712,0.0153483320028,0.00771557493135,0.0112042333931,0.0193703584373,0.00517782242969,0.00204317085445,0.0011209147051],"mean":[0.00080127036199,0.0048915320076,0.00127469084691,0.00331889349036,0.00270080054179,0.00100722163916,0.000938986020628,0.0010774070397,0.00062263320433,0.000463746313471,0.000256101833656,0.00027308324934,0.000182248782949,0.000179181311978,0.000229402896366,0.000166219775565,0.000226498930715,0.000205530741368,0.000282962369965,0.000352342001861,0.000263280933723,0.000229738638154,0.00017449016741,0.000171130581293,0.0000764250507927,0.0000380020428565,0.00000491295895699],"median":[0.0000640068537905,0.0011137065012,0.000434344023233,0.000864659436047,0.00109026522841,0.000395360635594,0.000242561625782,0.000235766055994,0.000183182943147,0.000153303262778,0.0000606740795774,0.0000676784839015,0.0000563202956982,0.0000544642534805,0.0000532610356458,0.0000498823574162,0.0000677031639498,0.0000498435474583,0.0000628294656053,0.0000432773522334,0.000021569612727,0.0000183213851415,0.0000186422676052,0.0000186882334674,0.00000762026320444,0.00000766037555877,9.57831844062e-7],"min":[4.70378033399e-12,2.31492342656e-12,4.84527240378e-13,5.22822182682e-13,4.53926555632e-13,1.73718813857e-13,7.20009853605e-14,1.28607409485e-14,7.72872502217e-14,3.19006024938e-14,5.23469004146e-14,9.42214310588e-14,3.07191236695e-14,1.61504517442e-13,6.95441696851e-14,3.23773295772e-14,3.80381896771e-14,1.12969793839e-13,2.37936569319e-13,1.50923110814e-13,1.52789320909e-13,3.15188521983e-13,3.12017067999e-13,1.01403943836e-12,4.56124125015e-13,2.18316792595e-12,2.54986765209e-12],"var":[0.00000185485794191,0.0000594217526668,0.00000662912316329,0.0000657798882457,0.0000223088518396,0.00000351158382728,0.00000498103781865,0.00000688169529894,0.00000149199047428,9.2542575203e-7,4.24201431315e-7,5.24990696249e-7,1.80462237154e-7,1.56875501034e-7,3.73790470576e-7,1.27046902776e-7,3.43531638691e-7,3.05050633642e-7,5.09070616772e-7,9.45913541273e-7,6.01265298883e-7,4.19812096197e-7,3.30634208012e-7,6.07538822806e-7,7.6113444436e-8,1.25700392317e-8,1.50213930183e-9]},"barkbands_crest":{"dmean":2.85995054245,"dmean2":4.68072128296,"dvar":6.54331207275,"dvar2":16.8173179626,"max":25.6105594635,"mean":10.3988351822,"median":9.86133766174,"min":2.50630259514,"var":15.2424755096},"barkbands_flatness_db":{"dmean":0.0280038043857,"dmean2":0.0416181311011,"dvar":0.000957143027335,"dvar2":0.00202930276282,"max":0.443587213755,"mean":0.144689664245,"median":0.133946686983,"min":0.0209992527962,"var":0.00370230595581},"barkbands_kurtosis":{"dmean":3.24978208542,"dmean2":5.15676689148,"dvar":27.120300293,"dvar2":64.5941848755,"max":149.069747925,"mean":4.83039426804,"median":2.632386446,"min":-1.93148362637,"var":59.2190933228},"barkbands_skewness":{"dmean":0.632561981678,"dmean2":0.965658664703,"dvar":0.417405873537,"dvar2":0.96142822504,"max":10.9001331329,"mean":1.55792367458,"median":1.51389026642,"min":-7.92743110657,"var":1.57278335094},"barkbands_spread":{"dmean":7.7797832489,"dmean2":12.3054084778,"dvar":110.233192444,"dvar2":264.87298584,"max":128.937011719,"mean":22.6317596436,"median":17.1858940125,"min":0.555879414082,"var":310.725402832},"dissonance":{"dmean":0.0242175180465,"dmean2":0.0390554107726,"dvar":0.000696416187566,"dvar2":0.00165945163462,"max":0.5,"mean":0.451084017754,"median":0.461907714605,"min":0.150227814913,"var":0.00160830421373},"dynamic_complexity":4.13805294037,"erbbands":{"dmean":[0.125894412398,0.689923048019,1.36430764198,5.62332773209,8.05335330963,4.20629167557,2.98958778381,5.17269659042,8.40803909302,8.5436964035,13.9852590561,8.1654253006,9.40619182587,7.83862018585,7.69456481934,9.37410354614,5.94129228592,6.78156471252,7.82203435898,6.41466236115,7.09800100327,8.630194664,8.7871131897,10.6113786697,12.7729625702,13.7566413879,9.31335258484,8.62456130981,7.62709999084,4.96548986435,4.90898275375,3.24355792999,1.97311794758,0.877951323986,0.410957187414,0.192327871919,0.050891879946,0.00843440741301,0.00097866600845,0.0000654281393508],"dmean2":[0.178135871887,1.12766480446,2.29346513748,9.12763118744,12.938117981,6.85226011276,4.73299503326,7.89711427689,12.4186897278,12.7730731964,20.132598877,12.0350751877,14.1976890564,11.8637142181,12.1907024384,15.5436592102,9.6429567337,10.7838563919,12.6148138046,10.5977153778,11.8459968567,14.378578186,14.8012371063,17.8110523224,21.1226005554,22.3836021423,14.2924909592,12.4852962494,12.5243825912,7.66610527039,7.3588809967,4.65482282639,2.81743407249,1.26532685757,0.598954796791,0.27366822958,0.0759118050337,0.0139176156372,0.00177988642827,0.000117550625873],"dvar":[0.0484238266945,2.1360411644,10.7292900085,225.495025635,345.053100586,75.2599258423,44.8302726746,187.784805298,509.067504883,787.698120117,1368.97961426,417.589111328,563.682922363,381.126647949,451.489044189,933.446716309,334.672302246,301.962646484,513.955200195,231.268920898,274.010620117,721.977050781,729.028747559,816.483764648,1327.54089355,1513.73400879,679.543579102,673.217529297,449.899261475,228.150497437,370.841156006,174.260635376,67.7086181641,9.83096408844,1.80170965195,0.364854484797,0.0371051616967,0.00269106193446,0.0000757113375585,3.61857217968e-7],"dvar2":[0.09716052562,5.38773775101,28.2752227783,546.479614258,855.097473145,184.022140503,105.19719696,421.457519531,1127.66430664,1813.31359863,2952.6784668,991.795043945,1205.35949707,835.915100098,1102.74462891,2531.81469727,765.976806641,761.703918457,1342.54211426,578.469848633,727.717224121,1958.95983887,1956.69519043,2160.6184082,3419.88647461,3609.12182617,1498.81054688,1509.88476562,1055.92944336,530.055297852,937.880615234,371.208007812,132.363143921,19.0003376007,3.99122548103,0.827672481537,0.0979342907667,0.00786972790956,0.000224646777497,0.00000107478115297],"max":[2.92409038544,19.8912067413,57.0169830322,220.981002808,273.845092773,225.230743408,196.022979736,447.825286865,773.526916504,842.564941406,1069.96362305,539.372680664,539.653869629,430.87387085,437.88949585,869.088684082,903.138366699,621.607788086,619.776672363,490.588439941,447.164672852,764.583618164,1092.04016113,744.835144043,658.822387695,763.939086914,685.136657715,751.030944824,327.432281494,317.722503662,384.689239502,442.389831543,268.373352051,106.34387207,24.7549533844,10.3158521652,4.61348867416,1.40013444424,0.193486467004,0.0155449174345],"mean":[0.20354513824,0.827091693878,1.55279624462,6.97200202942,11.6476011276,7.12843894958,5.47950267792,9.16955566406,15.2189102173,14.1874046326,25.8067016602,14.9883069992,14.9302091599,11.6492929459,10.4857683182,11.8181066513,9.19130325317,10.4083480835,11.4545907974,9.32197475433,9.86996078491,11.8801870346,11.4881238937,13.2629947662,15.2334213257,16.8214683533,11.4333724976,10.054977417,8.44930934906,5.95337486267,5.2776350975,4.02037525177,2.5265455246,1.05828356743,0.452596336603,0.221727803349,0.0578479468822,0.00877697020769,0.000798449444119,0.0000653561073705],"median":[0.022486096248,0.216297417879,0.549743056297,2.11976838112,4.13891267776,2.89595079422,2.21438932419,3.1683447361,4.12910938263,3.71883964539,6.5665230751,5.49163627625,5.09961748123,3.70465397835,2.81726455688,3.47640752792,3.07045793533,3.67595434189,3.23946475983,2.98931074142,3.25627207756,3.81295228004,3.15381908417,3.29089736938,2.91740202904,2.09091567993,1.13233613968,0.757119417191,0.637386858463,0.572082102299,0.54116910696,0.41125997901,0.267203807831,0.0697801187634,0.0584101453424,0.0381979718804,0.0127724939957,0.00211330177262,0.000163379998412,0.0000262873836618],"min":[1.85109039208e-10,5.75964775873e-10,7.47751416341e-10,1.55782131639e-9,1.5770216244e-9,1.43206568826e-9,1.67318592315e-9,1.27060406641e-9,9.87449455536e-10,8.56146598061e-10,4.60924326484e-10,1.98539162888e-9,7.0884637049e-10,1.23056731471e-9,4.28486401916e-9,2.62894639391e-9,1.47797385441e-9,6.77643274827e-9,5.18748466405e-9,3.6537064485e-9,1.2969199048e-9,2.69420263876e-9,4.97061991567e-9,7.12239023315e-9,1.41963552025e-8,9.73873870436e-9,7.38496996888e-9,7.11989756041e-9,1.33060087393e-8,6.31086916059e-9,8.37175839763e-9,9.72455360682e-9,2.16550652965e-8,6.22509999104e-9,3.54983509254e-9,7.89593279649e-9,3.07733527549e-9,1.32645350259e-9,2.36935332465e-10,5.20836360152e-11],"var":[0.101576857269,2.30731105804,9.63714885712,249.339874268,485.978851318,187.803131104,119.952957153,398.869903564,1277.28625488,1431.16906738,3467.48632812,921.921142578,1043.38806152,635.334533691,592.739868164,907.62677002,480.29473877,498.305419922,750.802978516,390.491455078,396.322265625,895.28314209,1090.78601074,1135.56274414,1527.24938965,2117.46533203,997.590393066,958.090148926,568.685119629,289.95010376,367.802520752,297.241912842,140.691894531,19.5500659943,2.23507857323,0.422003865242,0.0318411923945,0.00155238725711,0.0000395012975787,1.88485302033e-7]},"erbbands_crest":{"dmean":3.24047517776,"dmean2":5.18724060059,"dvar":9.27740097046,"dvar2":22.0983467102,"max":31.915719986,"mean":10.0625209808,"median":8.93489933014,"min":2.35187506676,"var":24.0076751709},"erbbands_flatness_db":{"dmean":0.0255916174501,"dmean2":0.0362645350397,"dvar":0.000714129535481,"dvar2":0.00141660287045,"max":0.475646048784,"mean":0.164675220847,"median":0.152709975839,"min":0.0309444479644,"var":0.0032637307886},"erbbands_kurtosis":{"dmean":1.48828136921,"dmean2":2.31728672981,"dvar":4.23743057251,"dvar2":9.72968482971,"max":60.1546363831,"mean":1.15075075626,"median":0.282967448235,"min":-1.88163793087,"var":8.76573753357},"erbbands_skewness":{"dmean":0.506311655045,"dmean2":0.763660788536,"dvar":0.26015278697,"dvar2":0.584081530571,"max":6.70144367218,"mean":0.349240094423,"median":0.369880706072,"min":-5.78810024261,"var":1.05885565281},"erbbands_spread":{"dmean":11.5251197815,"dmean2":17.3367271423,"dvar":157.084762573,"dvar2":357.642608643,"max":146.222305298,"mean":38.8476333618,"median":33.5017356873,"min":1.93956816196,"var":517.791625977},"gfcc":{"cov":[[13783.4013672,-1068.79162598,552.73248291,1432.87597656,-581.269042969,355.416534424,-480.12399292,191.489028931,-374.545623779,100.119628906,-231.859832764,93.1212997437,-118.744934082],[-1068.79162598,2610.90087891,-210.003082275,-269.292175293,482.592407227,-243.413970947,401.297637939,-133.094467163,313.596252441,-123.166053772,239.819168091,-85.2588806152,171.184509277],[552.73248291,-210.003082275,1343.73901367,301.481140137,-112.502494812,206.709640503,-77.6415863037,118.793289185,-102.843643188,91.4561920166,-22.385345459,32.9568443298,-58.7603187561],[1432.87597656,-269.292175293,301.481140137,1098.94030762,73.2917404175,20.0487976074,20.1134281158,-19.4534702301,-52.3283233643,-10.401517868,-18.4956455231,-27.1320343018,37.3078842163],[-581.269042969,482.592407227,-112.502494812,73.2917404175,450.299468994,-4.54026889801,92.3668289185,0.803029119968,80.9430389404,-2.94542503357,47.5114173889,-1.63420128822,69.3753051758],[355.416534424,-243.413970947,206.709640503,20.0487976074,-4.54026889801,277.997009277,28.6168689728,56.0529212952,-21.5912322998,31.8860855103,-23.9384822845,37.018283844,-27.5853919983],[-480.12399292,401.297637939,-77.6415863037,20.1134281158,92.3668289185,28.6168689728,291.187011719,18.398607254,74.9972763062,-7.36265516281,30.7771835327,-13.4442062378,27.0150775909],[191.489028931,-133.094467163,118.793289185,-19.4534702301,0.803029119968,56.0529212952,18.398607254,158.417266846,22.9566917419,45.8265151978,-15.8251409531,8.30952548981,-16.3254432678],[-374.545623779,313.596252441,-102.843643188,-52.3283233643,80.9430389404,-21.5912322998,74.9972763062,22.9566917419,193.55368042,22.6241931915,37.6328125,-11.2160844803,33.907283783],[100.119628906,-123.166053772,91.4561920166,-10.401517868,-2.94542503357,31.8860855103,-7.36265516281,45.8265151978,22.6241931915,124.194412231,8.10139560699,13.977848053,-14.4291229248],[-231.859832764,239.819168091,-22.385345459,-18.4956455231,47.5114173889,-23.9384822845,30.7771835327,-15.8251409531,37.6328125,8.10139560699,122.222694397,27.7950630188,30.3848838806],[93.1212997437,-85.2588806152,32.9568443298,-27.1320343018,-1.63420128822,37.018283844,-13.4442062378,8.30952548981,-11.2160844803,13.977848053,27.7950630188,129.892837524,36.123588562],[-118.744934082,171.184509277,-58.7603187561,37.3078842163,69.3753051758,-27.5853919983,27.0150775909,-16.3254432678,33.907283783,-14.4291229248,30.3848838806,36.123588562,133.1146698]],"icov":[[0.000138007671922,-0.000217824010178,0.00016061727365,-0.000299204519251,0.000313547498081,-0.000313669850584,0.000415557267843,-0.000360941368854,0.000283694971586,-0.000259910564637,0.000295924110105,-0.00022255226213,0.0000933824849199],[-0.000217824010178,0.00154668197501,-0.000732233049348,0.000951371737756,-0.00132816913538,0.00133194914088,-0.00184052495752,0.00146104360465,-0.00147269037552,0.00148914044257,-0.00175737915561,0.00113758631051,-0.000623288506176],[0.00016061727365,-0.000732233049348,0.00142224889714,-0.000836340419482,0.000892577576451,-0.0012937169522,0.00119778118096,-0.00136189244222,0.00113428395707,-0.00117937161122,0.000548371637706,-0.000546868075617,0.000410217762692],[-0.000299204519251,0.000951371737756,-0.000836340419482,0.00189497496467,-0.0012331744656,0.00106458296068,-0.00151801214088,0.0013933617156,-0.000713550776709,0.00101582414936,-0.000947596214246,0.0011507429881,-0.000852493220009],[0.000313547498081,-0.00132816913538,0.000892577576451,-0.0012331744656,0.00402308581397,-0.00156092015095,0.00134270603303,-0.0015834585065,0.000741522409953,-0.00134751794394,0.000910519214813,-0.00068723608274,-0.000515818770509],[-0.000313669850584,0.00133194914088,-0.0012937169522,0.00106458296068,-0.00156092015095,0.00606357073411,-0.00265045999549,0.000679076823872,-0.00103368307464,0.000959385070018,-0.000451488245744,-0.00064344657585,0.000474072934594],[0.000415557267843,-0.00184052495752,0.00119778118096,-0.00151801214088,0.00134270603303,-0.00265045999549,0.00667154975235,-0.00251680240035,0.000653818075079,-0.00121372984722,0.00128611712717,-0.000696309260093,0.000377403572202],[-0.000360941368854,0.00146104360465,-0.00136189244222,0.0013933617156,-0.0015834585065,0.000679076823872,-0.00251680240035,0.00975512620062,-0.00269284821115,-0.000674276496284,-0.000210181955481,0.000651178357657,-0.0000353177601937],[0.000283694971586,-0.00147269037552,0.00113428395707,-0.000713550776709,0.000741522409953,-0.00103368307464,0.000653818075079,-0.00269284821115,0.00861002597958,-0.00297004985623,0.000235434563365,0.00018166146765,-0.000834133825265],[-0.000259910564637,0.00148914044257,-0.00117937161122,0.00101582414936,-0.00134751794394,0.000959385070018,-0.00121372984722,-0.000674276496284,-0.00297004985623,0.0113514875993,-0.00258903182112,0.000201521237614,0.0006358231185],[0.000295924110105,-0.00175737915561,0.000548371637706,-0.000947596214246,0.000910519214813,-0.000451488245744,0.00128611712717,-0.000210181955481,0.000235434563365,-0.00258903182112,0.0122972847894,-0.00376247614622,0.000050145888963],[-0.00022255226213,0.00113758631051,-0.000546868075617,0.0011507429881,-0.00068723608274,-0.00064344657585,-0.000696309260093,0.000651178357657,0.00018166146765,0.000201521237614,-0.00376247614622,0.0109319556504,-0.00391160370782],[0.0000933824849199,-0.000623288506176,0.000410217762692,-0.000852493220009,-0.000515818770509,0.000474072934594,0.000377403572202,-0.0000353177601937,-0.000834133825265,0.0006358231185,0.000050145888963,-0.00391160370782,0.0104347681627]],"mean":[-52.7651672363,89.6996612549,-107.289428711,28.4759845734,-54.280128479,5.88778448105,-31.0835170746,7.72324371338,-21.4685726166,-0.0402534306049,-17.1361846924,-3.0902261734,-16.5572109222]},"hfc":{"dmean":8.55623054504,"dmean2":12.5837631226,"dvar":371.440704346,"dvar2":708.123901367,"max":268.81451416,"mean":15.8631181717,"median":7.32729959488,"min":1.07190942344e-7,"var":696.562927246},"melbands":{"dmean":[0.00101160723716,0.000760623603128,0.00105597032234,0.000431092543295,0.000112606634502,0.000117942116049,0.00012356620573,0.0000973989881459,0.000111975787149,0.0000485581113026,0.0000471777275379,0.0000322982450598,0.0000266125225608,0.0000281228858512,0.0000147331502376,0.0000134363999678,0.0000133537469083,0.000011690309293,0.0000118748239402,0.00000938501852943,0.00000878587979969,0.0000102706153484,0.00000784229359851,0.00000832640216686,0.0000086399322754,0.000010412654774,0.00000961066143645,0.00000931939212023,0.00000593987715547,0.00000592471678829,0.00000463232936454,0.00000457975647805,0.0000038150283217,0.00000234988806369,0.00000301796217173,0.00000238979555434,0.00000188028843695,0.00000149787354076,0.0000010864680462,6.51846960409e-7],"dmean2":[0.00147608108819,0.00126614503097,0.00170632218942,0.000695099472068,0.000179077382199,0.000178828457138,0.000182281859452,0.00014587790065,0.000160512921866,0.0000720987227396,0.0000713382687536,0.000048950285418,0.0000422930897912,0.0000463033393316,0.0000243157228397,0.0000214720057556,0.0000214353403862,0.0000188287831406,0.000019684781364,0.0000155460202222,0.0000147715190906,0.0000171333304024,0.0000134533420351,0.0000140328083944,0.0000146500487972,0.0000176276425918,0.0000160200997925,0.0000151940612341,0.00000920199090615,0.00000911639563128,0.00000665212610329,0.00000763162643125,0.00000597228199695,0.00000364631887351,0.00000461278023067,0.000003516823881,0.00000269991755886,0.00000217020851778,0.00000158415002716,9.89919954009e-7],"dvar":[0.00000320588151226,0.00000292844879368,0.00000753391168473,7.55512303385e-7,6.67998065751e-8,8.40875102881e-8,1.0628016156e-7,1.02517539347e-7,7.65706644756e-8,1.68370419829e-8,1.4084979405e-8,6.8463159586e-9,5.69881164481e-9,8.38848723816e-9,1.59024871049e-9,1.42905343115e-9,1.18902288015e-9,9.5241858844e-10,1.54545831688e-9,5.64120972157e-10,5.46238776433e-10,1.47353185209e-9,4.04807604104e-10,5.88101678467e-10,6.06571348705e-10,9.8710584151e-10,9.39223254726e-10,6.95812907292e-10,2.65369115571e-10,3.45875245111e-10,2.20683540886e-10,1.67035080212e-10,1.35008490498e-10,5.48695706926e-11,1.92633548002e-10,6.6355601569e-11,7.44451791879e-11,4.67912826541e-11,1.58307048026e-11,5.72452979117e-12],"dvar2":[0.00000701789213053,0.00000752696996642,0.000018164735593,0.00000186424313142,1.51088840994e-7,1.8806777291e-7,2.33206520761e-7,2.33145115658e-7,1.6347345877e-7,3.99710842203e-8,3.01735063601e-8,1.50435841562e-8,1.3632560858e-8,2.21606395456e-8,4.18754231291e-9,3.28679550243e-9,3.00567393197e-9,2.46508680135e-9,3.89696541703e-9,1.45467315971e-9,1.48512113718e-9,4.05184463759e-9,1.08273068289e-9,1.57653112787e-9,1.6132069014e-9,2.63659671873e-9,2.54260856813e-9,1.57148938307e-9,6.0649929523e-10,7.6204825783e-10,5.26876153817e-10,3.9789568862e-10,3.35031585807e-10,1.29398797233e-10,5.16862774802e-10,1.41560388411e-10,1.60801510996e-10,9.82216113998e-11,2.96990002036e-11,1.22465492608e-11],"max":[0.0234385207295,0.0280376747251,0.0360194630921,0.0166711583734,0.00929913949221,0.00875624362379,0.0121442331001,0.00969916023314,0.00782518927008,0.0034150222782,0.00275027099997,0.00201068841852,0.00197106227279,0.00216409005225,0.000867772265337,0.00201076013036,0.00108987104613,0.000791340775322,0.000936385768,0.00065257580718,0.000603594526183,0.00113877526019,0.000535419967491,0.00087015714962,0.000738351314794,0.000459166563815,0.0011623086175,0.000398633506848,0.00045340959332,0.000442214688519,0.000684206141159,0.000229907629546,0.000244264432695,0.00020266851061,0.000307508744299,0.000260996457655,0.000307926820824,0.00023814382439,0.000148274528328,0.0000811252684798],"mean":[0.00156272936147,0.000905112130567,0.00136971927714,0.000695591617841,0.000207414545002,0.000212101571378,0.000223280789214,0.000161665273481,0.00020564479928,0.000085689847765,0.0000728705272195,0.000046467892389,0.0000349920592271,0.000034250846511,0.000020651752493,0.000019607370632,0.0000191559338418,0.0000165054843819,0.0000161340230989,0.0000123001454995,0.0000113396326924,0.0000136019798447,0.00000950689991441,0.0000103336260509,0.0000105624749267,0.0000112328834803,0.0000114870927064,0.0000111114113679,0.00000714649513611,0.0000069012971835,0.00000525228415427,0.00000492783374284,0.00000411768769482,0.00000288008936877,0.00000310009477289,0.00000273727437161,0.00000234861818171,0.00000189951106222,0.00000129916236347,7.51819300149e-7],"median":[0.000274372752756,0.000327832240146,0.000491936865728,0.000274993712083,0.000081077167124,0.0000741685071262,0.0000606919420534,0.0000407695406466,0.0000535693616257,0.0000277135459328,0.0000231045105465,0.0000136615235533,0.00000840853317641,0.00000772436851548,0.00000731947557142,0.00000590781701248,0.00000576175580136,0.00000462528760181,0.00000362935907106,0.00000356245459443,0.00000340864130521,0.00000387166483051,0.00000272922420663,0.00000231018839258,0.00000239990026785,0.00000217221759158,0.00000159242961217,0.00000122257677049,6.76958279655e-7,5.44678584902e-7,3.46269274587e-7,3.32023887495e-7,3.11711687573e-7,3.01058179275e-7,3.0084777336e-7,2.40561831788e-7,2.1942369699e-7,1.81821064871e-7,1.17544885825e-7,2.88687207473e-8],"min":[1.59248829401e-12,4.43109877133e-13,2.75799348637e-13,1.0563856105e-13,6.02049944729e-14,2.89823232687e-14,1.52323476505e-14,7.83230444612e-15,5.08622701926e-15,1.21434243208e-14,3.31609481323e-15,4.76188201013e-15,1.05212766058e-14,1.34919329601e-14,3.12850284991e-15,3.62937481921e-15,1.42575296187e-14,9.63493370645e-15,5.28115471141e-15,3.64330385251e-15,1.07795657505e-15,2.06182197746e-15,5.54363158704e-15,3.82082882924e-15,5.36316782949e-15,1.03903337824e-14,7.16625702871e-15,6.41516538581e-15,3.30043931502e-15,4.44114324377e-15,4.34735890882e-15,1.00057359316e-14,2.30534479683e-15,4.33260317136e-15,5.14106308523e-15,4.59550356346e-15,6.40401970277e-15,1.41032967775e-14,1.59522799159e-14,2.03429150085e-15],"var":[0.00000564773336009,0.00000288632213596,0.00000841979908728,0.00000143222530369,2.17333635533e-7,1.89221822211e-7,2.65205414962e-7,1.94760147565e-7,1.96215225401e-7,3.61848719876e-8,2.58312873314e-8,1.14428440057e-8,7.74802710879e-9,8.4651610166e-9,1.88808657597e-9,2.06525796465e-9,1.94514315766e-9,1.41497313866e-9,2.15536544168e-9,7.88432652499e-10,6.56771748098e-10,1.67376823512e-9,5.2153459329e-10,8.34578905984e-10,8.69261052028e-10,9.30016896827e-10,1.39403288912e-9,9.43378708484e-10,3.82502723939e-10,4.46821857292e-10,3.19835546936e-10,2.02294694884e-10,1.47733866807e-10,7.22860937774e-11,1.57347301855e-10,1.00310336426e-10,1.29981123087e-10,8.97783097864e-11,3.19419143913e-11,9.84466761583e-12]},"melbands_crest":{"dmean":4.09162807465,"dmean2":6.54227876663,"dvar":13.1280546188,"dvar2":30.7694816589,"max":35.0124588013,"mean":16.0105018616,"median":15.3339796066,"min":3.13530993462,"var":35.0177001953},"melbands_flatness_db":{"dmean":0.035432163626,"dmean2":0.0524093769491,"dvar":0.00163503794465,"dvar2":0.0034718583338,"max":0.603267967701,"mean":0.223243415356,"median":0.213347002864,"min":0.0240031853318,"var":0.00659636454657},"melbands_kurtosis":{"dmean":8.14042186737,"dmean2":12.9855661392,"dvar":184.312545776,"dvar2":453.320373535,"max":373.807373047,"mean":14.2478675842,"median":8.51239013672,"min":-1.9168856144,"var":372.868927002},"melbands_skewness":{"dmean":0.885459780693,"dmean2":1.34559416771,"dvar":0.83158904314,"dvar2":1.95507156849,"max":16.7942943573,"mean":2.66235756874,"median":2.42945075035,"min":-3.00165629387,"var":3.02274227142},"melbands_spread":{"dmean":9.50800895691,"dmean2":15.4349193573,"dvar":262.306182861,"dvar2":622.645874023,"max":275.547271729,"mean":23.0740089417,"median":16.3756885529,"min":0.634992957115,"var":533.956054688},"mfcc":{"cov":[[10163.0498047,-1416.46704102,530.072998047,953.688537598,79.2756576538,210.06350708,-23.4322166443,41.0803413391,-74.0034103394,-58.7952690125,-165.083267212,-83.3608551025,-10.7389793396],[-1416.46704102,2419.41015625,-324.152801514,-209.642501831,41.4318962097,-44.1385421753,44.9668083191,69.0651702881,55.0914001465,55.7299041748,118.787521362,43.6491508484,69.8303375244],[530.072998047,-324.152801514,1253.15563965,187.079483032,67.7021102905,53.8916969299,79.5255584717,4.60859870911,-22.9873790741,-3.21948385239,4.39443826675,25.4291954041,6.70672464371],[953.688537598,-209.642501831,187.079483032,821.180725098,149.660140991,132.7396698,78.9028396606,7.64312934875,31.2750816345,9.26505184174,-10.0908069611,-27.799495697,5.76072311401],[79.2756576538,41.4318962097,67.7021102905,149.660140991,318.547210693,49.1451835632,20.6703548431,-1.61033093929,13.9295425415,7.79492998123,-5.59731245041,1.59006106853,0.407662212849],[210.06350708,-44.1385421753,53.8916969299,132.7396698,49.1451835632,230.403594971,65.7113189697,56.0001335144,31.4737377167,11.8700380325,3.67446756363,12.7994480133,4.26271295547],[-23.4322166443,44.9668083191,79.5255584717,78.9028396606,20.6703548431,65.7113189697,178.778366089,46.7723846436,11.5172662735,8.99892902374,6.05438041687,6.60553646088,0.0818454697728],[41.0803413391,69.0651702881,4.60859870911,7.64312934875,-1.61033093929,56.0001335144,46.7723846436,149.34588623,36.1916770935,16.6808280945,11.9553222656,3.13435220718,13.5414810181],[-74.0034103394,55.0914001465,-22.9873790741,31.2750816345,13.9295425415,31.4737377167,11.5172662735,36.1916770935,146.240890503,46.4416618347,18.1960124969,10.2763223648,-1.82628238201],[-58.7952690125,55.7299041748,-3.21948385239,9.26505184174,7.79492998123,11.8700380325,8.99892902374,16.6808280945,46.4416618347,141.230545044,50.0219459534,28.9167842865,-12.7919120789],[-165.083267212,118.787521362,4.39443826675,-10.0908069611,-5.59731245041,3.67446756363,6.05438041687,11.9553222656,18.1960124969,50.0219459534,119.53868103,44.6446609497,8.75375270844],[-83.3608551025,43.6491508484,25.4291954041,-27.799495697,1.59006106853,12.7994480133,6.60553646088,3.13435220718,10.2763223648,28.9167842865,44.6446609497,102.08366394,29.1869659424],[-10.7389793396,69.8303375244,6.70672464371,5.76072311401,0.407662212849,4.26271295547,0.0818454697728,13.5414810181,-1.82628238201,-12.7919120789,8.75375270844,29.1869659424,102.648376465]],"icov":[[0.000122626646771,0.000049802911235,-0.0000238661996264,-0.000132480738102,0.0000292937220365,-0.0000455613335362,0.000101260331576,-0.0000890457449714,0.0000817380496301,-0.000022380714654,0.000113143178169,0.000001656274776,-0.000010069406926],[0.000049802911235,0.000507159798872,0.000112732581329,0.0000760298789828,-0.00014968807227,0.000121132972708,-0.000172104322701,-0.000166408048244,-0.0000704207195668,-0.0000388351218135,-0.000408888037782,0.000113141170004,-0.000337175530149],[-0.0000238661996264,0.000112732581329,0.000892322103027,-0.000105896986497,-0.000136104674311,0.000021126743377,-0.000376687152311,0.00001587341103,0.000162727563293,0.0000378968579753,-0.000116936214908,-0.000259316846495,-0.0000423523233621],[-0.000132480738102,0.0000760298789828,-0.000105896986497,0.00171818770468,-0.000617072044406,-0.000629667192698,-0.000555868085939,0.000459494884126,-0.000343264720868,-0.000108204687422,-0.000299387524137,0.000774803862441,-0.000401031516958],[0.0000292937220365,-0.00014968807227,-0.000136104674311,-0.000617072044406,0.0035610657651,-0.000494294974487,0.0000740095274523,0.000301643885905,-0.000122925121104,-0.000146495149238,0.00044724624604,-0.000230319579714,0.000121855919133],[-0.0000455613335362,0.000121132972708,0.000021126743377,-0.000629667192698,-0.000494294974487,0.00577239738777,-0.00134193070699,-0.00164029502776,-0.000613868643995,0.000151935499161,0.000166046171216,-0.000953168550041,0.000191370927496],[0.000101260331576,-0.000172104322701,-0.000376687152311,-0.000555868085939,0.0000740095274523,-0.00134193070699,0.00698825111613,-0.00173422938678,0.0003626102407,-0.0000573496472498,0.000223324910621,-0.000410918379202,0.000559223582968],[-0.0000890457449714,-0.000166408048244,0.00001587341103,0.000459494884126,0.000301643885905,-0.00164029502776,-0.00173422938678,0.00850934907794,-0.00162512855604,-0.000395072216634,-0.000497470260598,0.00103863631375,-0.00130824383814],[0.0000817380496301,-0.0000704207195668,0.000162727563293,-0.000343264720868,-0.000122925121104,-0.000613868643995,0.0003626102407,-0.00162512855604,0.00828386191279,-0.00238678790629,0.0000994564761641,-0.000190556893358,0.000200816095457],[-0.000022380714654,-0.0000388351218135,0.0000378968579753,-0.000108204687422,-0.000146495149238,0.000151935499161,-0.0000573496472498,-0.000395072216634,-0.00238678790629,0.00955705810338,-0.0031132879667,-0.00171148765367,0.00197477545589],[0.000113143178169,-0.000408888037782,-0.000116936214908,-0.000299387524137,0.00044724624604,0.000166046171216,0.000223324910621,-0.000497470260598,0.0000994564761641,-0.0031132879667,0.0117830503732,-0.00413822941482,0.000156827023602],[0.000001656274776,0.000113141170004,-0.000259316846495,0.000774803862441,-0.000230319579714,-0.000953168550041,-0.000410918379202,0.00103863631375,-0.000190556893358,-0.00171148765367,-0.00413822941482,0.0135779595003,-0.00392404478043],[-0.000010069406926,-0.000337175530149,-0.0000423523233621,-0.000401031516958,0.000121855919133,0.000191370927496,0.000559223582968,-0.00130824383814,0.000200816095457,0.00197477545589,0.000156827023602,-0.00392404478043,0.0115113519132]],"mean":[-698.051452637,122.934013367,3.97835659981,26.3163814545,0.429057389498,2.76492238045,-1.01239669323,5.26633214951,-2.78542232513,6.68984889984,-1.39336788654,0.864839732647,-3.57833504677]},"pitch_salience":{"dmean":0.0791491121054,"dmean2":0.128584593534,"dvar":0.00547713460401,"dvar2":0.0138680404052,"max":0.871055424213,"mean":0.53029948473,"median":0.529487609863,"min":0.123955212533,"var":0.0117361778393},"silence_rate_20dB":{"dmean":0,"dmean2":0,"dvar":0,"dvar2":0,"max":1,"mean":1,"median":1,"min":1,"var":0},"silence_rate_30dB":{"dmean":0.00770218251273,"dmean2":0.0154056008905,"dvar":0.00764285866171,"dvar2":0.0207848940045,"max":1,"mean":0.99510627985,"median":1,"min":0,"var":0.00486975396052},"silence_rate_60dB":{"dmean":0.048940949142,"dmean2":0.0978897511959,"dvar":0.0465457327664,"dvar2":0.0987382233143,"max":1,"mean":0.172482952476,"median":0,"min":0,"var":0.142732590437},"spectral_centroid":{"dmean":351.487487793,"dmean2":552.497558594,"dvar":214630.46875,"dvar2":491482.40625,"max":10994.9746094,"mean":1340.77539062,"median":1113.87451172,"min":192.700119019,"var":644533.625},"spectral_complexity":{"dmean":3.93982672691,"dmean2":5.84610462189,"dvar":33.4334793091,"dvar2":68.3783035278,"max":58,"mean":12.8622541428,"median":11,"min":0,"var":93.7218170166},"spectral_contrast_coeffs":{"dmean":[0.0541759394109,0.0482578501105,0.0419733375311,0.033406522125,0.0251325629652,0.0252420902252],"dmean2":[0.0857581868768,0.076098009944,0.066518008709,0.053660787642,0.0405485033989,0.0399854034185],"dvar":[0.00200993334875,0.00159199465998,0.00118630228098,0.00077215291094,0.000579325656872,0.000793282117229],"dvar2":[0.00473235780373,0.00381186977029,0.00287733273581,0.00188025319949,0.00135782151483,0.00181844376493],"max":[-0.225196763873,-0.357929110527,-0.457097828388,-0.505392253399,-0.415295869112,-0.463663727045],"mean":[-0.645076930523,-0.709051668644,-0.757948338985,-0.782065391541,-0.792752027512,-0.758492588997],"median":[-0.659678637981,-0.713618397713,-0.761478483677,-0.78983527422,-0.801142632961,-0.764178812504],"min":[-0.971180856228,-0.969283342361,-0.962067902088,-0.95609074831,-0.959721565247,-0.958704292774],"var":[0.0112667726353,0.00700917653739,0.00457874964923,0.00357876624912,0.00309767830186,0.00304014165886]},"spectral_contrast_valleys":{"dmean":[0.534795463085,0.402291417122,0.384177535772,0.384780466557,0.479140222073,0.565113186836],"dmean2":[0.833475112915,0.656265616417,0.610730230808,0.557806432247,0.669138669968,0.733258485794],"dvar":[0.330456405878,0.157299846411,0.157099038363,0.187010452151,0.399784713984,0.507345974445],"dvar2":[0.628771960735,0.355609089136,0.345228791237,0.341282337904,0.801148176193,0.995526373386],"max":[-5.20747041702,-5.08077526093,-4.85322618484,-5.99454879761,-5.10726118088,-7.24073934555],"mean":[-7.78908967972,-7.36716222763,-8.03051567078,-8.36924934387,-8.121509552,-10.8888778687],"median":[-7.37846183777,-7.13723754883,-7.85716676712,-8.19875335693,-7.99341392517,-10.6675357819],"min":[-27.7393627167,-26.7995109558,-27.0261707306,-27.2470359802,-27.4450340271,-27.269952774],"var":[2.5182557106,1.35621082783,1.21243166924,1.18202996254,1.70595788956,2.50542664528]},"spectral_decrease":{"dmean":2.31731545064e-9,"dmean2":3.3529423682e-9,"dvar":1.42585406981e-17,"dvar2":3.03085792408e-17,"max":-2.50682481988e-18,"mean":-5.02617147902e-9,"median":-3.72029873574e-9,"min":-4.25993533781e-8,"var":2.79742126864e-17},"spectral_energy":{"dmean":0.00932348519564,"dmean2":0.0134009709582,"dvar":0.000232774837059,"dvar2":0.000478505360661,"max":0.17084813118,"mean":0.0204087682068,"median":0.0150691000745,"min":1.918387324e-11,"var":0.000466910860268},"spectral_energyband_high":{"dmean":0.0008688250673,"dmean2":0.00127113005146,"dvar":0.00000517522676091,"dvar2":0.00000959195222094,"max":0.0325413383543,"mean":0.00113862729631,"median":0.000153088782099,"min":6.52470525525e-12,"var":0.00000899981114344},"spectral_energyband_low":{"dmean":0.00553599419072,"dmean2":0.00826389994472,"dvar":0.000097996169643,"dvar2":0.000229552242672,"max":0.118678443134,"mean":0.0085871880874,"median":0.00409745657817,"min":7.39198719596e-12,"var":0.00014420109801},"spectral_energyband_middle_high":{"dmean":0.00125899445266,"dmean2":0.00198193406686,"dvar":0.00000509286155648,"dvar2":0.0000126519971673,"max":0.0373571552336,"mean":0.00253201462328,"median":0.00141167803667,"min":9.37147061342e-13,"var":0.0000108738022391},"spectral_energyband_middle_low":{"dmean":0.00486851669848,"dmean2":0.00757487351075,"dvar":0.0000896798228496,"dvar2":0.000208218902117,"max":0.120096638799,"mean":0.00989278033376,"median":0.00588036188856,"min":1.31378339197e-12,"var":0.000157574031618},"spectral_entropy":{"dmean":0.249822080135,"dmean2":0.351008474827,"dvar":0.0913974866271,"dvar2":0.17787925899,"max":9.80115222931,"mean":7.42006587982,"median":7.46919393539,"min":4.32945823669,"var":0.318886131048},"spectral_flux":{"dmean":0.0265574436635,"dmean2":0.0412717051804,"dvar":0.00116257579066,"dvar2":0.00250243395567,"max":0.311202079058,"mean":0.0689697489142,"median":0.0566568784416,"min":0.0000182901912922,"var":0.002530438127},"spectral_kurtosis":{"dmean":2.96767997742,"dmean2":4.65401268005,"dvar":46.6242675781,"dvar2":96.915222168,"max":175.349746704,"mean":6.29367685318,"median":4.16994047165,"min":-1.2097440958,"var":85.615852356},"spectral_rms":{"dmean":0.000903799023945,"dmean2":0.00125852669589,"dvar":0.00000126395229927,"dvar2":0.00000240989561462,"max":0.0129105038941,"mean":0.00389118748717,"median":0.00383426155895,"min":1.36806335149e-7,"var":0.00000476965306007},"spectral_rolloff":{"dmean":687.132751465,"dmean2":1172.82446289,"dvar":1554963.375,"dvar2":3656248.75,"max":15525.4394531,"mean":1550.97277832,"median":818.26171875,"min":21.533203125,"var":3427710},"spectral_skewness":{"dmean":0.371752977371,"dmean2":0.557412266731,"dvar":0.318216472864,"dvar2":0.65862172842,"max":10.3674535751,"mean":1.65490329266,"median":1.56648218632,"min":-0.537255764008,"var":0.783242225647},"spectral_spread":{"dmean":690343.3125,"dmean2":959846.3125,"dvar":740643241984,"dvar2":1382374309890,"max":41367632,"mean":4546607,"median":4437650.5,"min":529258.625,"var":3601615552510},"spectral_strongpeak":{"dmean":0.395495563745,"dmean2":0.669725835323,"dvar":0.602680146694,"dvar2":1.59107339382,"max":27.4086952209,"mean":0.643741309643,"median":0.351253241301,"min":0,"var":0.839182555676},"zerocrossingrate":{"dmean":0.0130125936121,"dmean2":0.0144763654098,"dvar":0.000277204293525,"dvar2":0.000312185264193,"max":0.44580078125,"mean":0.0605619959533,"median":0.04833984375,"min":0.0029296875,"var":0.00203964486718}},"metadata":{"audio_properties":{"analysis_sample_rate":44100,"bit_rate":0,"codec":"flac","downmix":"mix","equal_loudness":0,"length":289.399993896,"lossless":true,"md5_encoded":"c3f5fd70522f79947b04015d7c85689a","replay_gain":-5.6620464325},"tags":{"acoustid_id":["f99d83cd-cd64-4140-9e33-6391f1e7fa09"],"album":["Construction Time Again"],"albumartist":["Depeche Mode"],"albumartistsort":["Depeche Mode"],"artist":["Depeche Mode"],"artists":["Depeche Mode"],"artistsort":["Depeche Mode"],"barcode":["4006758468075"],"catalognumber":["INT 846.807"],"composer":["Alan Wilder"],"composersort":["Wilder, Alan"],"date":["1984"],"discnumber":["1"],"disctotal":["1"],"engineer":["Gareth Jones"],"file_name":"07 The Landscape Is Changing.flac","genre":["Pop; New Wave; Synth Pop; Industrial; Hard Rock"],"grouping":["Pop"],"isrc":["GBAJH0602611"],"label":["Intercord","Mute"],"lyricist":["Alan Wilder"],"media":["CD"],"mood":["Melancholy; Sexy; Melancholic; Chill"],"musicbrainz_albumartistid":["8538e728-ca0b-4321-b7e5-cff6565dd4c0"],"musicbrainz_albumid":["a24d7484-2e2f-3737-a897-657df6268363"],"musicbrainz_artistid":["8538e728-ca0b-4321-b7e5-cff6565dd4c0"],"musicbrainz_recordingid":["b49c0226-4c5c-4eaa-8dc6-3c888f8dc75f"],"musicbrainz_releasegroupid":["f8d0b912-ac57-3365-a2bb-89de094bb3db"],"musicbrainz_releasetrackid":["bb440a5d-5f44-3bd2-927c-08cf51b46ed4"],"musicbrainz_workid":["b699a1ac-2338-37bb-a77d-dfc8e28d5ca8"],"originaldate":["1983-08-22"],"originalyear":["1984"],"performer":["Dave Gahan (lead vocals)"],"producer":["Daniel Miller","Depeche Mode"],"releasecountry":["DE"],"releasestatus":["official"],"releasetype":["album"],"replaygain_album_gain":["-0.68 dB"],"replaygain_album_peak":["0.844177"],"replaygain_track_gain":["+1.16 dB"],"replaygain_track_peak":["0.723297"],"script":["Latn"],"title":["The Landscape Is Changing"],"totaldiscs":["1"],"totaltracks":["10