{"lowlevel":{"average_loudness":0.929164946079,"barkbands":{"dmean":[0.000809543009382,0.0177432764322,0.00208570878021,0.00159532786347,0.00173826608807,0.0014407314593,0.000616539851762,0.0006287068245,0.000513111648615,0.000506903801579,0.000262416084297,0.000416860450059,0.000297452497762,0.000385192892281,0.000244709081016,0.00034566046088,0.000220126792556,0.000138310235343,0.000135848138598,0.000105527520645,0.0000898310754565,0.0000783098657848,0.0000486767130496,0.0000575845660933,0.0000726444559405,0.0000240874596784,0.00000967102550931],"dmean2":[0.00129049504176,0.0282057542354,0.00361822964624,0.00282200076617,0.002783580916,0.00219555245712,0.000933255127165,0.000901597144548,0.00075043994002,0.000778742891271,0.000393924477976,0.000657427706756,0.000482552190078,0.000630147638731,0.000396811781684,0.000563988869544,0.00035908803693,0.000224458199227,0.000219240333536,0.000168646263774,0.000140227057273,0.000119278098282,0.000078544842836,0.0000925300846575,0.000120852899272,0.0000404546553909,0.0000173016051122],"dvar":[0.00000306725996779,0.00124512682669,0.0000394216949644,0.0000222204107558,0.0000150594496517,0.00000854676363815,0.00000220176843868,0.00000264636332759,0.0000015069319943,0.00000180901031399,3.08193108367e-7,6.32329374639e-7,4.15291452782e-7,4.43309716047e-7,2.05836002465e-7,4.76468017041e-7,2.17496847199e-7,6.16682385157e-8,7.3758826602e-8,6.20069116053e-8,1.11491715415e-7,5.57038077886e-8,1.93490112821e-8,3.12631769361e-8,2.38059474356e-8,4.0092054121e-9,7.28467119959e-10],"dvar2":[0.00000786513737694,0.00297494488768,0.000109920161776,0.0000639642530587,0.000039851431211,0.0000181449759111,0.00000498916233482,0.00000521903302797,0.00000336834887094,0.00000442962664238,6.59271108816e-7,0.00000152505879214,0.000001072243208,0.00000116430646813,4.86587282467e-7,0.00000115410693979,5.52377684926e-7,1.44597905205e-7,1.68785859955e-7,1.42528818969e-7,2.29066984048e-7,1.183896714e-7,4.63794229688e-8,6.7824075245e-8,5.66181768136e-8,9.42674116544e-9,2.05772376916e-9],"max":[0.0222514886409,0.334029585123,0.0800378769636,0.0830277055502,0.070601657033,0.0875896587968,0.0590992942452,0.0546238087118,0.0601373016834,0.0456207580864,0.017908660695,0.025273296982,0.0125118400902,0.0124647384509,0.0121265957132,0.0195957776159,0.0138801215217,0.00707341218367,0.00580351287499,0.008943984285,0.0139627149329,0.00686655379832,0.00362386577763,0.00481565762311,0.00264335609972,0.00220847479068,0.000468228274258],"mean":[0.00143307610415,0.0342733748257,0.00309437001124,0.00201525725424,0.00415799720213,0.0040761497803,0.00137265084777,0.00150755164213,0.0011774818413,0.00116179115139,0.00049624836538,0.000773063278757,0.000578589562792,0.000758809852414,0.000440692791017,0.000626057561021,0.000399032200221,0.000279297004454,0.000263291905867,0.000195872271433,0.000154992812895,0.000156331967446,0.0000795374871814,0.0000854926620377,0.0000829154669191,0.0000276563787338,0.0000075416069194],"median":[0.000275481375866,0.0211659036577,0.00158858101349,0.000484142452478,0.00178065802902,0.00119325728156,0.000467509613372,0.000478737871163,0.000433086475823,0.000282613065792,0.000175529479748,0.000332572904881,0.000216634536628,0.000317545607686,0.000194320542505,0.000279608299024,0.000168139769812,0.000148636579979,0.000117374511319,0.000111154266051,0.0000595974561293,0.0000450657898909,0.000022677855668,0.0000184724231076,0.0000155016696226,0.00000506607648276,0.00000110699340894],"min":[4.01211619281e-24,3.13538091591e-24,7.08539561168e-24,3.17244416504e-24,2.70708032591e-23,2.18208613596e-23,6.98257074813e-24,3.18879539778e-23,2.70834755206e-23,1.7641559903e-23,1.12822665784e-23,5.3594408418e-23,8.09355259103e-23,4.42088569121e-23,6.50831072735e-23,1.25503125208e-22,1.77763670809e-22,1.22513001589e-22,1.4124853644e-22,2.60027562753e-22,3.28105552054e-22,3.64157050781e-22,5.67558435953e-22,7.62907760092e-22,1.09317451335e-21,1.5712105904e-21,1.85372770665e-21],"var":[0.00000579004654355,0.00201722234488,0.0000312936936098,0.0000197364061023,0.0000394901508116,0.0000628776033409,0.0000122502933664,0.0000135505524668,0.00000475827209812,0.00000929486486712,0.00000129358636514,0.00000233674677474,0.00000131793751734,0.00000129676527649,5.97534722147e-7,0.00000143718864365,4.73811667234e-7,1.53434285721e-7,1.88420045788e-7,1.18620334888e-7,2.35182923802e-7,1.27481101231e-7,3.54555247384e-8,5.87202855229e-8,3.55709772748e-8,7.36066674278e-9,4.99806973586e-10]},"barkbands_crest":{"dmean":2.65874958038,"dmean2":4.2370762825,"dvar":8.58483314514,"dvar2":21.3325252533,"max":26.0182781219,"mean":14.4395112991,"median":14.5312891006,"min":2.38110280037,"var":26.9335861206},"barkbands_flatness_db":{"dmean":0.0246094185859,"dmean2":0.0373554155231,"dvar":0.000636997283436,"dvar2":0.00144976924639,"max":0.464761734009,"mean":0.167582094669,"median":0.162566274405,"min":0.027901655063,"var":0.00303561170585},"barkbands_kurtosis":{"dmean":5.60506248474,"dmean2":8.92410087585,"dvar":202.54876709,"dvar2":494.050231934,"max":477.949005127,"mean":9.07362747192,"median":4.42332935333,"min":-1.91979324818,"var":324.373596191},"barkbands_skewness":{"dmean":0.666559100151,"dmean2":1.03515970707,"dvar":0.799181520939,"dvar2":1.91669869423,"max":18.4588108063,"mean":2.31901860237,"median":2.04734730721,"min":-2.08261966705,"var":2.47061705589},"barkbands_spread":{"dmean":4.6536693573,"dmean2":7.24723005295,"dvar":42.1056632996,"dvar2":87.6573562622,"max":124.339614868,"mean":17.0228500366,"median":14.3834238052,"min":0.322696596384,"var":139.735870361},"dissonance":{"dmean":0.0180778056383,"dmean2":0.0299288313836,"dvar":0.000346692599123,"dvar2":0.000910402508453,"max":0.499997168779,"mean":0.455750823021,"median":0.463486760855,"min":0.176110044122,"var":0.00106775609311},"dynamic_complexity":3.23068022728,"erbbands":{"dmean":[0.694293141365,3.56154942513,2.95418858528,4.0777592659,5.27553796768,6.00414514542,8.00466823578,14.2488021851,10.1694383621,8.23275375366,12.8821115494,9.39513492584,16.7221679688,13.1717996597,10.4384050369,11.013045311,12.3554592133,16.8055038452,13.6699151993,10.1497297287,21.9557132721,12.9846591949,8.2354888916,6.82621240616,5.94482755661,4.13082695007,4.05755233765,2.98169541359,3.17783260345,1.6213234663,1.47138130665,1.19487416744,1.00933074951,1.02560245991,0.396680504084,0.122215203941,0.0464376695454,0.00844594277442,0.00179176242091,0.000119644362712],"dmean2":[1.11799371243,5.66319084167,5.02291059494,7.11939334869,8.91265964508,9.58003425598,11.8544607162,21.7998962402,15.5009479523,12.5515079498,18.2833213806,13.6634683609,25.448299408,19.6886920929,16.3844852448,17.3043289185,20.0374202728,27.3715133667,22.1361217499,16.4591846466,35.7831802368,21.1602287292,13.3912916183,10.9540700912,9.6257276535,6.47311401367,6.33747148514,4.60026216507,4.83083200455,2.55730748177,2.38174438477,1.93605279922,1.61933350563,1.70441150665,0.665393471718,0.203195154667,0.0786300525069,0.0145210204646,0.00320513057522,0.000211538834265],"dvar":[2.17279696465,48.050163269,60.2191581726,151.927261353,217.056045532,189.956680298,327.949798584,1011.29589844,506.127655029,410.622619629,1029.76452637,717.833435059,1546.6340332,644.395568848,409.810302734,390.175415039,818.806213379,1005.27935791,558.890380859,344.122650146,2126.76538086,760.813781738,220.953735352,187.20362854,141.600570679,125.986930847,207.059112549,125.030227661,91.3512878418,22.6956043243,19.2988491058,14.1198940277,8.90237617493,4.8703289032,0.804125249386,0.10264544189,0.0155803235248,0.000574512465391,0.0000227785112656,1.23970352206e-7],"dvar2":[5.46983861923,116.584777832,167.907699585,432.395141602,608.607849121,492.156066895,658.30255127,2158.85400391,1204.60229492,876.928649902,2007.70324707,1730.01904297,3786.96923828,1410.61853027,1011.00653076,894.508422852,2169.15966797,2642.83300781,1387.15881348,839.305480957,5122.23632812,1950.2701416,513.807800293,435.533691406,329.009185791,281.498687744,424.925109863,231.820678711,194.596817017,50.4828262329,49.5608291626,31.3641090393,19.4959526062,11.6090488434,1.95513033867,0.233427494764,0.0381578467786,0.00157361535821,0.000063494539063,3.61082072686e-7],"max":[14.8856964111,68.1474304199,104.011543274,170.367965698,344.78338623,252.085662842,504.373657227,1019.47283936,726.994628906,708.66027832,1039.93408203,1794.89953613,1342.74621582,738.518981934,628.653198242,975.357666016,635.211242676,658.743164062,672.600891113,405.359130859,1344.7845459,930.999511719,406.382446289,300.761474609,411.00213623,405.982818604,579.164733887,562.253540039,297.665161133,119.516220093,103.935562134,108.692123413,74.0503311157,38.5232086182,16.2661533356,10.0503387451,4.43337631226,0.698705554008,0.0728089809418,0.00695161242038],"mean":[1.181178689,6.74214029312,5.52050876617,5.3225235939,10.3759965897,13.3887090683,21.1850357056,39.975479126,23.8760280609,20.4990005493,32.892036438,23.1021633148,40.1833496094,29.6441383362,23.0186443329,21.970872879,25.878780365,35.812953949,28.8673763275,21.5966911316,39.8297233582,25.78956604,17.5585670471,14.1046104431,12.5858945847,8.0378112793,6.86535978317,5.57278728485,6.21052598953,3.26022744179,2.23544812202,1.69012463093,1.48571252823,1.16157186031,0.445886641741,0.152828276157,0.0480734109879,0.00799274258316,0.00141598959453,0.000144832374644],"median":[0.575896263123,4.07292461395,3.6971116066,2.05242776871,2.60253190994,6.27610301971,8.60127258301,10.5679073334,9.64649963379,8.68774032593,11.8543014526,10.0295066833,13.4291753769,11.2895927429,10.3870506287,11.3960990906,10.9634571075,15.7255086899,15.0974111557,11.5576953888,17.100856781,11.5633563995,9.29323482513,6.58449745178,6.8518705368,4.4802069664,2.95658707619,1.87965750694,1.87771129608,0.897012114525,0.583905279636,0.366184651852,0.331208378077,0.207571655512,0.089572712779,0.0340410359204,0.00674811378121,0.00113068288192,0.000234667168115,0.0000841160290292],"min":[1.65209675255e-22,7.4140969746e-22,7.32568598818e-21,1.68259764924e-20,2.96937386573e-20,9.6394827062e-20,5.04358256609e-20,2.15011564012e-19,1.92861076e-19,4.95820899657e-19,1.10137061629e-18,6.82695889284e-19,1.11287566464e-18,9.29492307773e-19,1.50012016501e-18,2.48969473657e-18,3.18293268087e-18,2.3160182408e-18,3.22524627793e-18,4.79914226817e-18,7.62180015556e-18,9.75671526625e-18,6.18310145976e-18,8.457356799e-18,7.22546483686e-18,1.12389435146e-17,1.52855433313e-17,1.3553690172e-17,1.19750846289e-17,1.3413207607e-17,1.43932619501e-17,1.37198335339e-17,1.37906335769e-17,1.11976812641e-17,7.15576246255e-18,5.11414381237e-18,3.24072013885e-18,1.13273699493e-18,2.6327561405e-19,2.88776959025e-20],"var":[3.16570997238,77.3440475464,59.1386184692,113.19203949,463.398834229,472.885955811,1521.87963867,7903.90429688,2090.4621582,2193.93554688,5115.75390625,1976.04211426,7662.63964844,2873.33520508,2138.39160156,1459.23754883,2468.07104492,3334.76757812,1696.67736816,1035.13000488,6507.08105469,1878.65649414,581.162475586,468.595031738,378.364654541,240.451889038,395.137359619,310.048065186,198.901351929,53.4997215271,31.124912262,23.8498878479,17.3345718384,7.05764102936,1.17928946018,0.209190428257,0.0233056452125,0.000608889793511,0.0000159847877512,8.18425007765e-8]},"erbbands_crest":{"dmean":2.26023507118,"dmean2":3.59762597084,"dvar":4.8288898468,"dvar2":11.6659736633,"max":28.5232639313,"mean":9.352891922,"median":8.14199924469,"min":2.39838171005,"var":21.790599823},"erbbands_flatness_db":{"dmean":0.0166830066592,"dmean2":0.0252454690635,"dvar":0.000264546833932,"dvar2":0.000579054118134,"max":0.434991061687,"mean":0.152878776193,"median":0.148323744535,"min":0.0408357344568,"var":0.00193387561012},"erbbands_kurtosis":{"dmean":0.844930708408,"dmean2":1.35554671288,"dvar":2.05746746063,"dvar2":5.33019590378,"max":45.443977356,"mean":0.641119301319,"median":0.00290811061859,"min":-1.77625870705,"var":4.99677276611},"erbbands_skewness":{"dmean":0.321025490761,"dmean2":0.500370264053,"dvar":0.100253924727,"dvar2":0.230919212103,"max":4.90778636932,"mean":0.263986170292,"median":0.289928913116,"min":-5.5515961647,"var":0.795054376125},"erbbands_spread":{"dmean":6.76952219009,"dmean2":10.6840276718,"dvar":60.204990387,"dvar2":145.479812622,"max":157.100952148,"mean":37.0533943176,"median":35.5775604248,"min":2.94662618637,"var":233.760406494},"gfcc":{"cov":[[8664.49707031,-467.807067871,500.235870361,1648.78186035,129.878341675,503.710662842,350.78427124,536.506103516,182.072967529,342.041992188,-110.316055298,-33.4981079102,-20.2197742462],[-467.807067871,1022.87353516,23.9291133881,135.343276978,476.961639404,91.7949676514,289.356994629,80.4575042725,179.278137207,14.6679697037,131.939102173,-27.066488266,20.5252456665],[500.235870361,23.9291133881,748.844970703,303.411529541,185.513183594,248.102294922,107.176803589,144.210617065,64.3405227661,113.230995178,25.908241272,0.365216135979,7.05788993835],[1648.78186035,135.343276978,303.411529541,724.808044434,287.288970947,243.159790039,232.090637207,188.004867554,151.263046265,112.344581604,41.5503082275,-15.8583660126,6.63325357437],[129.878341675,476.961639404,185.513183594,287.288970947,712.818115234,218.654342651,314.769226074,217.484527588,159.091903687,74.2453613281,126.538040161,-5.42847299576,-3.92504692078],[503.710662842,91.7949676514,248.102294922,243.159790039,218.654342651,367.114868164,199.81187439,124.521591187,90.4841842651,74.4289016724,19.4994220734,14.6074666977,-8.14032077789],[350.78427124,289.356994629,107.176803589,232.090637207,314.769226074,199.81187439,317.88873291,154.659820557,138.598739624,69.7139434814,70.3376998901,13.2308530807,8.23731994629],[536.506103516,80.4575042725,144.210617065,188.004867554,217.484527588,124.521591187,154.659820557,197.997787476,97.5994415283,71.7167205811,39.0340156555,-0.994733929634,4.79599714279],[182.072967529,179.278137207,64.3405227661,151.263046265,159.091903687,90.4841842651,138.598739624,97.5994415283,154.109268188,63.3215675354,48.5608940125,8.34108543396,12.4679031372],[342.041992188,14.6679697037,113.230995178,112.344581604,74.2453613281,74.4289016724,69.7139434814,71.7167205811,63.3215675354,122.473274231,54.7642211914,17.5523052216,12.0818872452],[-110.316055298,131.939102173,25.908241272,41.5503082275,126.538040161,19.4994220734,70.3376998901,39.0340156555,48.5608940125,54.7642211914,126.290092468,36.788433075,34.5875740051],[-33.4981079102,-27.066488266,0.365216135979,-15.8583660126,-5.42847299576,14.6074666977,13.2308530807,-0.994733929634,8.34108543396,17.5523052216,36.788433075,80.6238479614,36.369808197],[-20.2197742462,20.5252456665,7.05788993835,6.63325357437,-3.92504692078,-8.14032077789,8.23731994629,4.79599714279,12.4679031372,12.0818872452,34.5875740051,36.369808197,78.6977844238]],"icov":[[0.000304747867631,0.0000109691818579,0.000200487222173,-0.00075696001295,0.00024038675474,-0.0000156722744578,0.0000361207712558,-0.000701840384863,0.000542233174201,-0.000571953714825,0.000506569864228,-0.000196050939849,0.0000404890524806],[0.0000109691818579,0.00217414344661,-0.000134803616675,0.000230663499678,-0.00101839681156,0.000385748397093,-0.00142440595664,0.00170006172266,-0.00180297286715,0.00110111222602,-0.00116890645586,0.00168632343411,-0.000685976643581],[0.000200487222173,-0.000134803616675,0.00222309492528,-0.000947684922721,0.00000808195363788,-0.00120004685596,0.00098767504096,-0.00127542589325,0.00103410740849,-0.00157910492271,0.000574039295316,0.0000216408807319,-0.000365901360055],[-0.00075696001295,0.000230663499678,-0.000947684922721,0.00423857802525,-0.000850128591992,-0.000371970090782,-0.000788186793216,0.00145094271284,-0.00235185725614,0.000903184292838,-0.000955353083555,0.00154493818991,-0.000673881964758],[0.00024038675474,-0.00101839681156,0.00000808195363788,-0.000850128591992,0.00400887336582,-0.000556133454666,-0.00105159555096,-0.00308169238269,0.00101550354157,0.000732898362912,-0.00195614853874,0.000102520796645,0.00137753935996],[-0.0000156722744578,0.000385748397093,-0.00120004685596,-0.000371970090782,-0.000556133454666,0.00572830159217,-0.0030673823785,0.000500708236359,-0.000117985604447,-0.000850112293847,0.00178038573358,-0.0015681857476,0.000981133896858],[0.0000361207712558,-0.00142440595664,0.00098767504096,-0.000788186793216,-0.00105159555096,-0.0030673823785,0.0103119025007,-0.0033466599416,-0.00207530125044,-0.0000800001071184,-0.00040344891022,-0.0016285199672,0.000384503247915],[-0.000701840384863,0.00170006172266,-0.00127542589325,0.00145094271284,-0.00308169238269,0.000500708236359,-0.0033466599416,0.0142624275759,-0.00473605515435,-0.000932387018111,-0.0002427893196,0.00241913530044,-0.00137024349533],[0.000542233174201,-0.00180297286715,0.00103410740849,-0.00235185725614,0.00101550354157,-0.000117985604447,-0.00207530125044,-0.00473605515435,0.0154751902446,-0.00501887500286,0.00126626121346,-0.00141524942592,-0.000324324442772],[-0.000571953714825,0.00110111222602,-0.00157910492271,0.000903184292838,0.000732898362912,-0.000850112293847,-0.0000800001071184,-0.000932387018111,-0.00501887500286,0.0167767889798,-0.00764097645879,0.000408772786614,0.00103397236671],[0.000506569864228,-0.00116890645586,0.000574039295316,-0.000955353083555,-0.00195614853874,0.00178038573358,-0.00040344891022,-0.0002427893196,0.00126626121346,-0.00764097645879,0.0171266682446,-0.00551235908642,-0.00339950597845],[-0.000196050939849,0.00168632343411,0.0000216408807319,0.00154493818991,0.000102520796645,-0.0015681857476,-0.0016285199672,0.00241913530044,-0.00141524942592,0.000408772786614,-0.00551235908642,0.0196179188788,-0.0072386036627],[0.0000404890524806,-0.000685976643581,-0.000365901360055,-0.000673881964758,0.00137753935996,0.000981133896858,0.000384503247915,-0.00137024349533,-0.000324324442772,0.00103397236671,-0.00339950597845,-0.0072386036627,0.0179312247783]],"mean":[5.08453607559,100.71648407,-109.893554688,25.0830802917,-44.0286102295,11.7906665802,-33.6739311218,9.57514572144,-16.544128418,5.07258653641,-9.81642246246,3.22830510139,-2.54131317139]},"hfc":{"dmean":5.64212322235,"dmean2":8.72278118134,"dvar":79.1534042358,"dvar2":160.287216187,"max":164.942520142,"mean":21.8020248413,"median":19.7615242004,"min":1.16164811539e-16,"var":302.734283447},"melbands":{"dmean":[0.00551074557006,0.00245121843182,0.000727367645595,0.000399225071305,0.000270514254225,0.000300860177958,0.000147816259414,0.000107840118289,0.0000961142141023,0.0000674719776725,0.0000881728919921,0.0000585303023399,0.0000305614739773,0.0000512846127094,0.0000215071631828,0.0000367322027159,0.0000320227918564,0.0000259316566371,0.0000217365868593,0.0000148171957335,0.0000277368253592,0.0000148721383084,0.00000890204319148,0.00000715119313099,0.0000060056354414,0.00000505629532199,0.0000046429959184,0.00000283152735392,0.00000284479256152,0.00000217243041334,0.00000173414218807,0.00000200143244911,0.00000140523502523,8.46884006478e-7,9.21101161566e-7,7.36513811717e-7,7.61571186558e-7,7.09671326149e-7,7.0376364647e-7,9.99791268441e-7],"dmean2":[0.00880778208375,0.00389885203913,0.00125869351905,0.000656500749756,0.000403602956794,0.000460522656795,0.000225590847549,0.00015984523634,0.000135800990392,0.0000987957973848,0.000134375935886,0.0000875210025697,0.0000472005667689,0.0000808853583294,0.0000344127874996,0.0000600109960942,0.0000520051580679,0.0000422314442403,0.000035479250073,0.0000242520709435,0.0000453120701422,0.0000244700422627,0.0000144298746818,0.0000117753879749,0.00000973206624622,0.00000809788343759,0.00000766578432376,0.00000452484800917,0.00000444286069978,0.00000341511827173,0.00000267235577667,0.00000309127676701,0.00000219824187297,0.00000136471408041,0.00000149975596742,0.00000121638151995,0.00000123058987356,0.00000114335887247,0.00000113603925911,0.00000168761221175],"dvar":[0.000127369421534,0.0000245956616709,0.00000464739423478,9.38818573104e-7,3.50833175844e-7,4.11343989981e-7,1.03382575389e-7,6.66238690883e-8,5.38316093923e-8,3.44744641723e-8,4.3410736339e-8,1.35232722798e-8,3.50477513678e-9,1.01319930224e-8,3.31555849442e-9,5.78598280399e-9,3.53118934093e-9,2.29145702413e-9,1.57953039537e-9,6.44825581819e-10,3.64502339423e-9,1.13518883182e-9,3.39101940972e-10,1.96056559876e-10,1.52885773486e-10,9.46053999029e-11,8.09441194627e-11,7.09616532202e-11,8.82208889275e-11,9.20794898662e-11,3.74392739033e-11,3.49243620135e-11,1.88854470257e-11,6.00955656765e-12,7.68736376638e-12,4.81728112262e-12,6.02485509399e-12,5.09296034165e-12,3.22132077957e-12,4.72463604698e-12],"dvar2":[0.000311351992423,0.0000622458246653,0.0000132512286655,0.00000259635021393,7.17006400919e-7,8.86493751295e-7,2.46330927212e-7,1.37376531484e-7,1.03330762613e-7,8.29029147553e-8,1.06719369342e-7,3.03577287752e-8,8.19776158067e-9,2.5151530636e-8,7.47173878324e-9,1.51734926845e-8,9.17902021058e-9,5.93988103148e-9,3.75414499487e-9,1.58454682708e-9,8.79257378017e-9,2.91438873035e-9,8.27973523077e-10,4.78421191552e-10,3.65874025521e-10,2.08204120611e-10,2.01832967006e-10,1.71590200382e-10,1.84546850024e-10,2.06348091392e-10,7.31808988408e-11,7.62322635572e-11,4.30249447181e-11,1.39144607295e-11,2.00045015275e-11,1.18648320335e-11,1.33599381558e-11,1.13787781281e-11,7.27867592587e-12,1.16261930638e-11],"max":[0.108859367669,0.0586564913392,0.0372821241617,0.0179935153574,0.0174119919538,0.0201998986304,0.00961069110781,0.00729582039639,0.0081937732175,0.0118257272989,0.00674575520679,0.0032448458951,0.00258804601617,0.00311538693495,0.00305103184655,0.00150646746624,0.00112680415623,0.00118757598102,0.00127281551249,0.000513094593771,0.00178953586146,0.00118191202637,0.000635576434433,0.000540670822375,0.000255902472418,0.000256382976659,0.000359891739208,0.000255005172221,0.000304230372421,0.000496704597026,0.000297581398627,0.000216022555833,0.000109308210085,0.0000803016373538,0.00006990518159,0.0000528319469595,0.0000676950803609,0.0000638634664938,0.0000481426468468,0.000029696873753],"mean":[0.0100653516129,0.00511348480359,0.00107204425149,0.000863491150085,0.00072366965469,0.000849455362186,0.000348798494088,0.000267170951702,0.000245245842962,0.000154013963765,0.000208515964914,0.000130956905195,0.0000673751055729,0.0000935343559831,0.0000382780162909,0.0000727118385839,0.0000650746005704,0.0000492606122862,0.0000372997965314,0.0000276777736872,0.0000475095475849,0.0000261735040112,0.000017258547814,0.0000140453230415,0.0000111750596261,0.00000979236392595,0.00000854961945151,0.00000459890725324,0.00000462370917376,0.00000338278687195,0.00000314298540616,0.0000037500506096,0.00000263050128524,0.00000155122756951,0.00000138467748911,9.97212623588e-7,0.00000103250999928,0.00000103283923636,9.83532800092e-7,0.00000101504440408],"median":[0.00615622568876,0.00334627833217,0.000419717747718,0.00031633747858,0.00031883554766,0.000239636865444,0.00013935691095,0.0000971782501438,0.0000851196236908,0.0000580384003115,0.0000643356906949,0.0000452204294561,0.0000290338321065,0.0000369594017684,0.0000140207812365,0.0000268950698228,0.000025934758014,0.0000218808709178,0.0000164074626809,0.0000137390297823,0.0000182816966117,0.0000111033459689,0.00000786580676504,0.00000675309274811,0.00000471722978546,0.00000481221013615,0.00000451966207038,0.0000021662749532,0.00000194301674128,0.00000104142714008,9.87202270153e-7,0.00000114856629807,5.58841577458e-7,4.37033975231e-7,3.27842371917e-7,2.5146846383e-7,1.95324076913e-7,2.26062610409e-7,1.99654493827e-7,1.52944636511e-7],"min":[1.57071623257e-24,3.00929924958e-24,4.04282339241e-24,5.61814036038e-24,2.06740366748e-24,4.54951585158e-24,2.60087933489e-24,5.96332301554e-24,6.91418597398e-24,4.02041106523e-24,5.21255778115e-24,3.33881315501e-24,3.61951550307e-24,6.40053536719e-24,7.74948002094e-24,6.38505554965e-24,4.1204851708e-24,4.31258897287e-24,4.44119657182e-24,5.76746975758e-24,9.05780188794e-24,8.85965738349e-24,5.93926749109e-24,6.28048888122e-24,6.0571410597e-24,5.05533109742e-24,6.53527833183e-24,7.14242946627e-24,1.02996417133e-23,6.08363771422e-24,8.00900973673e-24,6.40550874077e-24,7.31453603882e-24,7.6414549863e-24,7.63869239541e-24,8.30393564134e-24,8.34024375336e-24,9.79284670221e-24,7.99105131822e-24,9.87007224053e-24],"var":[0.000194510561414,0.0000391398025386,0.00000423065012001,0.00000212008376366,0.00000153027212946,0.00000314648514177,4.87977786179e-7,3.55507609129e-7,2.63467740069e-7,9.65524549201e-8,2.18886228254e-7,6.43728768068e-8,1.90832221136e-8,3.78448063998e-8,9.9841104273e-9,1.91275280059e-8,1.15031539849e-8,6.066450009e-9,4.31546443025e-9,1.783796999e-9,1.08774580454e-8,2.35122565861e-9,8.27925727975e-10,4.22934520738e-10,3.59297175345e-10,2.37012187654e-10,1.80750400758e-10,1.07057286647e-10,1.54789750462e-10,1.69553163176e-10,8.92192431046e-11,7.25084089992e-11,3.88908523441e-11,1.25466477485e-11,1.22953990739e-11,7.49415807189e-12,9.82651373466e-12,9.38722190258e-12,6.61410206118e-12,5.51367198426e-12]},"melbands_crest":{"dmean":2.9867618084,"dmean2":4.73284006119,"dvar":10.8369340897,"dvar2":26.8535823822,"max":35.4408569336,"mean":18.4769458771,"median":17.8600616455,"min":1.79302990437,"var":37.3520774841},"melbands_flatness_db":{"dmean":0.0274962857366,"dmean2":0.0415626093745,"dvar":0.000851950433571,"dvar2":0.00187225430273,"max":0.616813063622,"mean":0.251686245203,"median":0.245954990387,"min":0.00611500861123,"var":0.00529772602022},"melbands_kurtosis":{"dmean":11.7525424957,"dmean2":18.741065979,"dvar":719.90032959,"dvar2":1819.19384766,"max":979.106567383,"mean":22.6744709015,"median":13.0340900421,"min":-1.72127187252,"var":1176.88012695},"melbands_skewness":{"dmean":0.865569531918,"dmean2":1.34558165073,"dvar":1.19947254658,"dvar2":2.95080280304,"max":23.9612293243,"mean":3.50089097023,"median":3.10346603394,"min":-0.917332053185,"var":4.07074546814},"melbands_spread":{"dmean":4.50177431107,"dmean2":6.98779535294,"dvar":46.5452690125,"dvar2":93.7230377197,"max":156.073242188,"mean":15.4566583633,"median":12.4419136047,"min":0.354970097542,"var":188.471008301},"mfcc":{"cov":[[7164.04736328,-309.818450928,354.467071533,963.895446777,402.218414307,451.944396973,315.582214355,356.855743408,469.527282715,393.965606689,372.406494141,44.4742698669,122.875411987],[-309.818450928,831.583312988,-181.262695312,173.471160889,148.265365601,54.6705627441,136.633911133,99.3896636963,49.7883491516,93.6123580933,69.6432571411,53.5800323486,53.107383728],[354.467071533,-181.262695312,675.419372559,97.6342697144,113.624908447,180.49571228,90.2382278442,49.7022018433,100.961257935,49.3295249939,78.8318939209,34.4082717896,11.0655670166],[963.895446777,173.471160889,97.6342697144,501.719665527,260.393829346,183.626464844,192.240600586,160.50289917,149.930923462,188.909240723,113.654968262,105.495765686,86.6590270996],[402.218414307,148.265365601,113.624908447,260.393829346,355.389678955,165.525100708,209.698608398,137.942169189,122.737693787,136.611373901,92.2262420654,93.6801986694,65.7005691528],[451.944396973,54.6705627441,180.49571228,183.626464844,165.525100708,328.594512939,183.516906738,172.381500244,131.11315918,113.927940369,130.868209839,59.0382537842,39.8689498901],[315.582214355,136.633911133,90.2382278442,192.240600586,209.698608398,183.516906738,283.232635498,156.18347168,127.772697449,127.332984924,109.932830811,96.6436462402,60.2721633911],[356.855743408,99.3896636963,49.7022018433,160.50289917,137.942169189,172.381500244,156.18347168,214.431686401,124.110359192,109.082717896,98.2593460083,49.5261459351,46.2400817871],[469.527282715,49.7883491516,100.961257935,149.930923462,122.737693787,131.11315918,127.772697449,124.110359192,167.687866211,110.365692139,94.7738571167,51.8334121704,39.5134963989],[393.965606689,93.6123580933,49.3295249939,188.909240723,136.611373901,113.927940369,127.332984924,109.082717896,110.365692139,185.851196289,93.2528915405,76.8083114624,45.0383033752],[372.406494141,69.6432571411,78.8318939209,113.654968262,92.2262420654,130.868209839,109.932830811,98.2593460083,94.7738571167,93.2528915405,162.98449707,49.3913726807,32.7745933533],[44.4742698669,53.5800323486,34.4082717896,105.495765686,93.6801986694,59.0382537842,96.6436462402,49.5261459351,51.8334121704,76.8083114624,49.3913726807,136.006378174,55.0007247925],[122.875411987,53.107383728,11.0655670166,86.6590270996,65.7005691528,39.8689498901,60.2721633911,46.2400817871,39.5134963989,45.0383033752,32.7745933533,55.0007247925,94.7585830688]],"icov":[[0.000247634772677,0.000213386243558,0.0000571624223085,-0.000521754089277,0.0000571645468881,0.00000706495620761,0.0000328770584019,0.0000936046126299,-0.000402367499191,-0.00000293953644359,-0.000318750098813,0.000411872082623,-0.0000390543136746],[0.000213386243558,0.00173439050559,0.000586995971389,-0.000711951463018,-0.000295424921205,0.00018738147628,-0.000437597016571,-0.000107050909719,0.0000115284710773,-0.000114025089715,-0.000695403607097,0.000526396092027,-0.000225246840273],[0.0000571624223085,0.000586995971389,0.00211017788388,-0.000188506644918,-0.00044834628352,-0.0011324257357,0.0000213393668673,0.00102789641824,-0.00110897654667,0.000414525391534,-0.000377784948796,0.0000284839734377,0.000174569839146],[-0.000521754089277,-0.000711951463018,-0.000188506644918,0.00534410960972,-0.00176348898094,-0.000513920735102,0.000331457878929,-0.000440254458226,0.000278040126432,-0.00222399341874,0.000963886792306,-0.00102012802381,-0.001146935625],[0.0000571645468881,-0.000295424921205,-0.00044834628352,-0.00176348898094,0.00642508314922,-0.000255285820458,-0.00274966866709,-0.0000979917895165,-0.000353473820724,-0.000544129870832,0.000634630734567,-0.000377584743546,-0.000388398533687],[0.00000706495620761,0.00018738147628,-0.0011324257357,-0.000513920735102,-0.000255285820458,0.00736229633912,-0.00165817176457,-0.00338626187295,0.0000839740387164,0.000280526466668,-0.00225003599189,0.000351975933881,0.000680127530359],[0.0000328770584019,-0.000437597016571,0.0000213393668673,0.000331457878929,-0.00274966866709,-0.00165817176457,0.00972261372954,-0.00223571062088,-0.00129061948974,-0.000247032963671,-0.000734389992431,-0.00261768628843,-0.000163071876159],[0.0000936046126299,-0.000107050909719,0.00102789641824,-0.000440254458226,-0.0000979917895165,-0.00338626187295,-0.00223571062088,0.0122364265844,-0.00428944034502,-0.000991116627119,-0.000645706080832,0.00174393737689,-0.00136433297303],[-0.000402367499191,0.0000115284710773,-0.00110897654667,0.000278040126432,-0.000353473820724,0.0000839740387164,-0.00129061948974,-0.00428944034502,0.0154689084738,-0.00356697547249,-0.00198218831792,-0.0000765739823692,-0.000510660989676],[-0.00000293953644359,-0.000114025089715,0.000414525391534,-0.00222399341874,-0.000544129870832,0.000280526466668,-0.000247032963671,-0.000991116627119,-0.00356697547249,0.0128680355847,-0.00230950373225,-0.00295173190534,0.000836572377011],[-0.000318750098813,-0.000695403607097,-0.000377784948796,0.000963886792306,0.000634630734567,-0.00225003599189,-0.000734389992431,-0.000645706080832,-0.00198218831792,-0.00230950373225,0.0118722328916,-0.00111596472561,-0.00027975460398],[0.000411872082623,0.000526396092027,0.0000284839734377,-0.00102012802381,-0.000377584743546,0.000351975933881,-0.00261768628843,0.00174393737689,-0.0000765739823692,-0.00295173190534,-0.00111596472561,0.0131667535752,-0.00479330634698],[-0.0000390543136746,-0.000225246840273,0.000174569839146,-0.001146935625,-0.000388398533687,0.000680127530359,-0.000163071876159,-0.00136433297303,-0.000510660989676,0.000836572377011,-0.00027975460398,-0.00479330634698,0.0152054158971]],"mean":[-641.93737793,134.733688354,-2.74353480339,21.315284729,9.96146011353,4.97814702988,1.05568945408,2.1592001915,3.28005337715,0.977415919304,1.77915775776,-0.998465180397,2.77030086517]},"pitch_salience":{"dmean":0.0701827183366,"dmean2":0.11198490113,"dvar":0.0063121188432,"dvar2":0.0160535164177,"max":0.858036577702,"mean":0.428854167461,"median":0.433949828148,"min":0.0554020255804,"var":0.0181211363524},"silence_rate_20dB":{"dmean":0.000188768288353,"dmean2":0.000377572199795,"dvar":0.000188708072528,"dvar2":0.000566117407288,"max":1,"mean":0.999905645847,"median":1,"min":0,"var":0.0000943601844483},"silence_rate_30dB":{"dmean":0.085700802505,"dmean2":0.171417787671,"dvar":0.0783524364233,"dvar2":0.175639644265,"max":1,"mean":0.861929059029,"median":1,"min":0,"var":0.118999756873},"silence_rate_60dB":{"dmean":0.00981595087796,"dmean2":0.0196337550879,"dvar":0.00972205679864,"dvar2":0.0209439732134,"max":1,"mean":0.070875801146,"median":0,"min":0,"var":0.065851919353},"spectral_centroid":{"dmean":182.333953857,"dmean2":280.716064453,"dvar":60428.296875,"dvar2":117129.4375,"max":11223.2919922,"mean":1134.87756348,"median":1021.52722168,"min":162.584152222,"var":344857.03125},"spectral_complexity":{"dmean":2.99141097069,"dmean2":4.67472171783,"dvar":11.999206543,"dvar2":23.4838218689,"max":61,"mean":19.2376365662,"median":19,"min":0,"var":87.3616790771},"spectral_contrast_coeffs":{"dmean":[0.0409056022763,0.0427169650793,0.0378848202527,0.031929269433,0.0225619915873,0.0210419073701],"dmean2":[0.066176392138,0.068297766149,0.0593797750771,0.0513272248209,0.0363452211022,0.0330055095255],"dvar":[0.00131092581432,0.00130392040592,0.000933483126573,0.000682366196997,0.000339932332281,0.000383016944397],"dvar2":[0.00342019903474,0.00319057609886,0.00225251540542,0.00162791775074,0.000835101294797,0.000891021161806],"max":[-0.207333877683,-0.369247794151,-0.454087972641,-0.558915436268,-0.593280315399,-0.584640622139],"mean":[-0.637547254562,-0.691298484802,-0.721277415752,-0.744666874409,-0.764306724072,-0.76643371582],"median":[-0.663750529289,-0.699696063995,-0.72706925869,-0.746680319309,-0.765969276428,-0.764438509941],"min":[-0.972432613373,-0.967369258404,-0.974977314472,-0.965648114681,-0.967164695263,-0.966297566891],"var":[0.0124437827617,0.00734014436603,0.00423393724486,0.00268010818399,0.0017727437662,0.00179625407327]},"spectral_contrast_valleys":{"dmean":[0.356751292944,0.342637777328,0.3157556355,0.30546939373,0.252375036478,0.354771703482],"dmean2":[0.566288709641,0.548477947712,0.489676862955,0.469763308764,0.373475521803,0.522773563862],"dvar":[0.139471575618,0.11312045902,0.0910462886095,0.0983491390944,0.0829352736473,0.176421806216],"dvar2":[0.303874284029,0.272362083197,0.196692347527,0.192666336894,0.152333006263,0.337853878736],"max":[-4.47049331665,-4.64797019958,-5.50476884842,-5.57988595963,-5.31834173203,-7.48543310165],"mean":[-7.20901679993,-6.82783889771,-7.53199195862,-7.84137439728,-7.83279371262,-10.4021558762],"median":[-6.52698135376,-6.64548587799,-7.39148426056,-7.6726808548,-7.63173389435,-10.2905902863],"min":[-27.8831558228,-27.5393390656,-27.3065261841,-27.4006538391,-27.3835639954,-27.3127994537],"var":[2.98728966713,1.0624204874,0.916272222996,1.02343428135,1.25790631771,1.5033673048]},"spectral_decrease":{"dmean":5.26513099786e-9,"dmean2":8.16292988759e-9,"dvar":8.42132596957e-17,"dvar2":1.87304660324e-16,"max":6.60771096294e-29,"mean":-1.52872203785e-8,"median":-1.34453532752e-8,"min":-9.40489570667e-8,"var":1.90818391217e-16},"spectral_energy":{"dmean":0.0201789774001,"dmean2":0.0312878228724,"dvar":0.00121121737175,"dvar2":0.00269212387502,"max":0.357228547335,"mean":0.0596750564873,"median":0.0532366223633,"min":1.03986546937e-20,"var":0.00278604030609},"spectral_energyband_high":{"dmean":0.000355779688107,"dmean2":0.000557015824597,"dvar":9.11742574772e-7,"dvar2":0.00000181623659046,"max":0.0251387301832,"mean":0.000673941918649,"median":0.000273610698059,"min":7.50673191358e-21,"var":0.00000210641837839},"spectral_energyband_low":{"dmean":0.0184274818748,"dmean2":0.0286857653409,"dvar":0.00126222975086,"dvar2":0.00286822021008,"max":0.350607544184,"mean":0.0397264882922,"median":0.0257612392306,"min":1.98492470997e-23,"var":0.0023944133427},"spectral_energyband_middle_high":{"dmean":0.00152781663928,"dmean2":0.00236284686252,"dvar":0.00000459921466245,"dvar2":0.000010668935829,"max":0.0514151081443,"mean":0.00581873720512,"median":0.00375264743343,"min":1.36657386167e-21,"var":0.0000366206513718},"spectral_energyband_middle_low":{"dmean":0.00467710709199,"dmean2":0.00757397105917,"dvar":0.0000823259324534,"dvar2":0.000227550364798,"max":0.161491021514,"mean":0.0145035367459,"median":0.0102905258536,"min":2.63937738001e-22,"var":0.000186907491297},"spectral_entropy":{"dmean":0.153960555792,"dmean2":0.230111226439,"dvar":0.0285400915891,"dvar2":0.0544248558581,"max":9.80509662628,"mean":7.38965702057,"median":7.39586448669,"min":5.25389623642,"var":0.175865471363},"spectral_flux":{"dmean":0.034271247685,"dmean2":0.0565830022097,"dvar":0.00241211219691,"dvar2":0.0059737060219,"max":0.534456789494,"mean":0.0917388796806,"median":0.0716682896018,"min":6.58886695204e-11,"var":0.00520134763792},"spectral_kurtosis":{"dmean":1.66647791862,"dmean2":2.79214406013,"dvar":5.46921348572,"dvar2":15.2144317627,"max":73.6257476807,"mean":5.97172832489,"median":5.05181074142,"min":-1.26045048237,"var":30.4778423309},"spectral_rms":{"dmean":0.00108907406684,"dmean2":0.00167550926562,"dvar":0.00000244399598159,"dvar2":0.00000555524093215,"max":0.0186685733497,"mean":0.00686925742775,"median":0.0072068143636,"min":3.18512620792e-12,"var":0.0000110325700007},"spectral_rolloff":{"dmean":323.507019043,"dmean2":541.32019043,"dvar":588641.5625,"dvar2":1305015.375,"max":19616.7480469,"mean":894.60345459,"median":559.86328125,"min":64.599609375,"var":1536215.375},"spectral_skewness":{"dmean":0.215188339353,"dmean2":0.347469240427,"dvar":0.0475481972098,"dvar2":0.119968384504,"max":6.50659561157,"mean":1.7711994648,"median":1.7129573822,"min":-0.0285255741328,"var":0.322694242001},"spectral_spread":{"dmean":672467.25,"dmean2":1056744.75,"dvar":978049892352,"dvar2":2112804225020,"max":42269640,"mean":4430800,"median":4094791.5,"min":1047737.125,"var":3088149643260},"spectral_strongpeak":{"dmean":0.281749904156,"dmean2":0.482660770416,"dvar":0.3046695292,"dvar2":0.785646378994,"max":10.8583173752,"mean":0.742895424366,"median":0.535310387611,"min":0,"var":0.554809570312},"zerocrossingrate":{"dmean":0.00801841262728,"dmean2":0.00972400512546,"dvar":0.00012193465227,"dvar2":0.000138917428558,"max":0.51025390625,"mean":0.0398562550545,"median":0.03369140625,"min":0.001953125,"var":0.00097377068596}},"metadata":{"audio_properties":{"analysis_sample_rate":44100,"bit_rate":0,"codec":"flac","downmix":"mix","equal_loudness":0,"length":246,"lossless":true,"md5_encoded":"6a026b8080450103bbd9304a6f50b14e","replay_gain":-12.3317584991,"sample_rate":44100},"tags":{"acoustid_id":["30cdeab6-deb8-4c54-8407-e34d92728ebb"],"album":["Ghost Stories"],"album artist":["Coldplay"],"albumartist":["Coldplay"],"albumartistsort":["Coldplay"],"artist":["Coldplay"],"artistsort":["Coldplay"],"barcode":["825646305933"],"catalognumber":["542280-2","542280-2"],"date":["2014-05-19"],"disc":["1"],"discnumber":["1"],"disctotal":["1"],"ensemble":["Coldplay"],"file_name":"04. Coldplay - True Love.flac","genre":["Britpop"],"label":["Atlantic","Parlophone"],"media":["CD"],"musicbrainz_albumartistid":["cc197bad-dc9c-440d-a5b5-d52ba2e14234"],"musicbrainz_albumid":["7d659b9d-a82e-4274-88e2-b4cfbd34d0d8"],"musicbrainz_artistid":["cc197bad-dc9c-440d-a5b5-d52ba2e14234"],"musicbrainz_recordingid":["b4cb134b-9811-49d6-9c69-450f0d6f02ae"],"originaldate":["2014-05-16"],"releasecountry":["US"],"releasestatus":["official"],"releasetype":["album"],"replaygain_album_gain":["-7.020000 dB"],"replaygain_track_gain":["-7.400000 dB"],"replaygain_track_peak":["1.000000"],"script":["Latn"],"title":["True Love"],"totaldiscs":["1"],"totaltracks":["12"],"tracknumber":["4"],"tracktotal":["12"],"year":["2014"]},"version":{"essentia":"2.1-beta1","essentia_build_sha":"ca57ba49d9b1854bd80e60cf9ccf267278fb7d6b","essentia_git_sha":"v2.1_beta1-28-g21ef5f4-dirty","extractor":"music 1.0"}},"rhythm":{"beats_count":491,"beats_loudness":{"dmean":0.0578973628581,"dmean2":0.103323914111,"dvar":0.00513705518097,"dvar2":0.0140546839684,"max":0.336240679026,"mean":0.0774751529098,"median":0.0640861019492,"min":0.0000114939721243,"var":0.00466194096953},"beats_loudness_band_ratio":{"dmean":[