{"lowlevel":{"average_loudness":0.785340547562,"barkbands":{"dmean":[0.0000286154318019,0.0000802601061878,0.000590825104155,0.00135060981847,0.00408959388733,0.00273789698258,0.001368209254,0.000414254638599,0.000468320649816,0.000209912162973,0.000153398766997,0.000128977306304,0.000090573586931,0.0000839634085423,0.0000277170056506,0.0000417634037149,0.000018990602257,0.00000701064118402,0.00000616227862338,0.00000486010594614,0.00000413875432059,0.00000251225037573,0.0000018448810124,0.00000119815388189,0.00000106202423922,0.00000124932910239,0.00000361125307791],"dmean2":[0.0000497845321661,0.000134704037919,0.000947444466874,0.00228419387713,0.00623110961169,0.00384594290517,0.00193446851335,0.000611087947618,0.000691925000865,0.000342526298482,0.000235986895859,0.000192325183889,0.00013750778453,0.00013451045379,0.0000422758857894,0.0000642244995106,0.0000291185897368,0.0000107792020572,0.00000950861976889,0.0000075303205449,0.00000648371587886,0.00000412867939303,0.00000305529124489,0.0000020111106096,0.00000178792470251,0.00000208862252293,0.00000540693554285],"dvar":[3.19501003432e-9,1.77423409298e-8,0.00000102166507077,0.00000422966877522,0.0000684805127094,0.0000745065917727,0.000018639042537,0.00000232445518122,0.00000334599485541,5.97746691255e-7,3.54393307589e-7,1.00363806155e-7,4.35205329552e-8,3.20327870895e-8,3.96127175506e-9,1.27292594243e-8,1.91684712547e-9,3.34213684505e-10,3.07986330883e-10,1.44112999312e-10,9.75505995426e-11,2.17031202038e-11,1.1434768063e-11,5.51783618796e-12,4.98081393838e-12,5.45882002795e-12,3.51489358452e-11],"dvar2":[8.9928873237e-9,4.68565986012e-8,0.00000254530300481,0.0000114885215226,0.000147906233906,0.000133813577122,0.0000359565819963,0.00000531278647031,0.00000661769718135,0.00000158210627887,7.91085994933e-7,2.12045321746e-7,9.13030788752e-8,8.14477729705e-8,9.16541598173e-9,2.5002483639e-8,4.51155690584e-9,6.11078521118e-10,6.67051247571e-10,2.87164042545e-10,1.88944040969e-10,5.24806136049e-11,2.8212038608e-11,1.38526551341e-11,1.26039777573e-11,1.36379093782e-11,6.81308134909e-11],"max":[0.000818903790787,0.0017712332774,0.0119055695832,0.032591316849,0.0898257568479,0.207433089614,0.0852348580956,0.0338463932276,0.0489231497049,0.0127915851772,0.0131065882742,0.00634173536673,0.0046243169345,0.00259487191215,0.00133576826192,0.00321248476394,0.000730161555111,0.000570591364522,0.000525163661223,0.000233981772908,0.000222696296987,0.0000975332950475,0.0000391716239392,0.0000299278599414,0.00002633387885,0.0000296019516099,0.000100578559795],"mean":[0.0000252022746281,0.0000952105401666,0.000984086305834,0.00209658360109,0.00588504271582,0.00398339703679,0.00219518644735,0.000657625612803,0.000730253872462,0.000278012710623,0.000223493261728,0.000200544251129,0.000151701329742,0.000119103278848,0.0000462702992081,0.0000679222575855,0.0000286292724923,0.00000913962230698,0.00000817625914351,0.00000621116532784,0.00000458179692941,0.00000253562893704,0.00000174955619059,0.00000114057922929,9.63072238847e-7,0.00000120056733977,0.00000679883669363],"median":[0.0000070684691309,0.0000373993389076,0.000290100841084,0.000983248231933,0.00236028758809,0.000543919974007,0.000270389020443,0.0000665386760375,0.0000523348280694,0.0000427307677455,0.000038894766476,0.0000466719357064,0.0000323888234561,0.0000241049110628,0.0000109633274405,0.0000172042055055,0.00000736488937036,0.00000238168354372,0.00000235787956626,0.00000179389758159,0.00000121544144349,7.38043354431e-7,4.88083855998e-7,3.1252733379e-7,1.9243502436e-7,3.35587031941e-7,0.00000269653264695],"min":[3.46866439318e-24,2.31250914051e-23,4.10075812615e-24,4.03779558743e-24,8.09427061223e-24,3.00515078785e-23,5.03593087784e-23,1.93650174548e-23,3.69024745396e-23,3.89449774182e-23,5.50698686116e-23,4.28815163975e-23,7.2305286633e-23,1.01200415932e-22,5.94763635866e-23,8.89880223933e-23,1.53324974536e-22,2.477999158e-22,1.54045008905e-22,2.61552020675e-22,2.98242181191e-22,4.05777756037e-22,4.01629483636e-22,9.72367773721e-22,1.03650193812e-21,1.35378749925e-21,2.17071155688e-21],"var":[2.68343969267e-9,2.42393305427e-8,0.00000235614220401,0.00000761400269766,0.000102085432445,0.000176387489773,0.000044402484491,0.00000523242306372,0.00000829797136248,7.96965935024e-7,6.9143681003e-7,2.22057963128e-7,1.23175283306e-7,5.57973116599e-8,9.80381109628e-9,2.57057006792e-8,3.82233755758e-9,7.61763874202e-10,6.31848240396e-10,2.83387174838e-10,1.72751549177e-10,2.38567325617e-11,1.18236436267e-11,5.70097268004e-12,4.96145095494e-12,5.73683722055e-12,1.03467082124e-10]},"barkbands_crest":{"dmean":3.15415596962,"dmean2":5.04698753357,"dvar":7.80933856964,"dvar2":19.2177200317,"max":26.0342559814,"mean":13.7455129623,"median":12.9883832932,"min":2.55423569679,"var":25.1916160583},"barkbands_flatness_db":{"dmean":0.0451114624739,"dmean2":0.0706988871098,"dvar":0.00141101458576,"dvar2":0.00372113031335,"max":0.528848528862,"mean":0.234203100204,"median":0.23048466444,"min":0.0332142338157,"var":0.00507240416482},"barkbands_kurtosis":{"dmean":15.8300437927,"dmean2":25.6914844513,"dvar":688.48626709,"dvar2":1843.88549805,"max":368.277526855,"mean":30.3496608734,"median":13.6412792206,"min":-1.52396047115,"var":2053.77880859},"barkbands_skewness":{"dmean":1.16906893253,"dmean2":1.86766886711,"dvar":1.52871131897,"dvar2":4.14799499512,"max":14.5486536026,"mean":3.26980185509,"median":2.76963949203,"min":-1.8437435627,"var":5.06395816803},"barkbands_spread":{"dmean":2.56873011589,"dmean2":4.00480413437,"dvar":15.5735034943,"dvar2":33.8914527893,"max":78.9155426025,"mean":6.32404470444,"median":4.0171546936,"min":0.196011379361,"var":54.0471076965},"dissonance":{"dmean":0.0361065268517,"dmean2":0.0601387806237,"dvar":0.0011346101528,"dvar2":0.00301284715533,"max":0.500000178814,"mean":0.425601989031,"median":0.436403989792,"min":0.227854087949,"var":0.00262541533448},"dynamic_complexity":8.37732410431,"erbbands":{"dmean":[0.00196475558914,0.0219181738794,0.402155280113,2.91521906853,6.2500705719,16.1321964264,20.7230510712,24.7289905548,18.518995285,19.3242969513,7.5929889679,9.11221408844,9.23968887329,5.33425569534,6.15427684784,5.14010858536,4.10689353943,4.74247980118,1.63555967808,1.56063318253,2.26413607597,0.952189922333,0.383647739887,0.350730478764,0.294260114431,0.224507793784,0.207386910915,0.132455006242,0.0919822752476,0.0698011741042,0.0503568574786,0.0290901176631,0.0183991137892,0.0120388148353,0.0074766157195,0.00422106357291,0.00236206990667,0.00118500436656,0.000385243765777,0.0000768514655647],"dmean2":[0.00337059493177,0.0360048860312,0.648946762085,4.77549171448,10.231426239,24.6893520355,30.438659668,34.9282684326,26.9486045837,26.7445335388,11.6248188019,13.2994976044,14.5673809052,8.14494991302,9.19760322571,7.57055330276,6.1850104332,7.53008079529,2.50502181053,2.35089540482,3.47750473022,1.42773401737,0.594618916512,0.522625029087,0.452136904001,0.35202857852,0.320565909147,0.212629258633,0.150809764862,0.115445867181,0.0836433768272,0.048868149519,0.030841903761,0.0202682036906,0.0125910537317,0.00709729641676,0.00395702989772,0.00194578827359,0.000592652708292,0.000109286083898],"dvar":[0.0000128745787151,0.00121067708824,0.418697446585,20.7698364258,93.7587738037,1327.77246094,2788.67089844,7754.08740234,3979.10644531,3577.81958008,1099.80249023,1076.45678711,1590.26037598,363.381164551,480.978546143,147.195755005,88.9857177734,99.6395111084,9.65770339966,11.2310237885,46.0906486511,4.0702791214,0.795435130596,1.1193652153,0.592409729958,0.320175647736,0.352402001619,0.0758844837546,0.0285970885307,0.0145873101428,0.00895527843386,0.00300040352158,0.00137607671786,0.000636161130387,0.000246785173658,0.0000756809822633,0.0000192996703845,0.00000412935060012,6.94763969022e-7,1.57823780711e-8],"dvar2":[0.0000351969465555,0.00314802234061,1.05294144154,51.4618263245,224.770568848,2951.73168945,5077.94580078,13716.7607422,8401.36914062,6027.25,2775.59033203,2215.28027344,3626.52539062,798.455444336,1020.67327881,312.515991211,194.372940063,247.387588501,22.7192459106,24.5643005371,93.6115875244,8.98924732208,1.66497921944,2.02615213394,1.18394958973,0.661720216274,0.702365458012,0.168351620436,0.0682224929333,0.0351629443467,0.0222462359816,0.00753437308595,0.0034705856815,0.0016085448442,0.000624176347628,0.000191129831364,0.0000483149378852,0.00000983534937404,0.00000131675756165,2.88495964895e-8],"max":[0.0464221648872,0.56933093071,7.57915115356,52.2535934448,192.012084961,416.481414795,1331.55993652,2324.13330078,1082.02600098,1367.62426758,700.713134766,707.873779297,1074.53967285,482.055175781,584.412902832,235.180099487,163.821350098,156.602783203,49.5036087036,62.0443000793,210.542709351,32.3894577026,20.1707630157,38.4471740723,22.4859638214,10.9474773407,14.4204626083,6.43590211868,3.49592590332,1.26853191853,1.17452073097,0.729476869106,0.435921013355,0.294364869595,0.186407163739,0.101723514497,0.056306373328,0.0215006377548,0.0183789171278,0.00258679781109],"mean":[0.0021353897173,0.0349816679955,0.71591180563,5.18890762329,10.6945877075,20.7150783539,26.7151470184,37.1835212708,27.7674388885,35.7158241272,12.001039505,14.2881622314,14.000336647,8.22232532501,9.8338766098,8.45413684845,7.04603338242,7.21620941162,2.93112444878,2.77697515488,3.77261686325,1.55489981174,0.536175787449,0.460372120142,0.391512393951,0.29349347949,0.236459612846,0.142323493958,0.0941667631269,0.0683508366346,0.0476938001812,0.0278217401356,0.0172963757068,0.0110207870603,0.00676624802873,0.00393099989742,0.00227482314222,0.00119760131929,0.000500699970871,0.000190861930605],"median":[0.000956258736551,0.0167697817087,0.275565415621,2.32090592384,5.99395847321,6.4996881485,5.57132291794,4.49769735336,4.41103172302,2.67173433304,1.25538468361,1.19921290874,1.47799754143,1.50763380527,1.91169977188,2.18592596054,1.83888721466,1.51883780956,0.828408062458,0.728510499001,0.964174747467,0.451577752829,0.168462738395,0.124980285764,0.114689223468,0.0838194265962,0.0604602918029,0.0411500185728,0.0278138332069,0.0193885024637,0.012960462831,0.0079442076385,0.00454140920192,0.00240234727971,0.00130980275571,0.000955523573793,0.000664532999508,0.000348529574694,0.000179022084922,0.0000852728044265],"min":[8.86914523448e-22,4.77349089008e-21,5.51389023974e-21,1.04831272826e-20,1.8335715204e-20,2.80270181907e-20,1.32919911125e-19,2.83543839654e-19,4.147796886e-19,3.20117035902e-19,9.9872194837e-19,9.78914798409e-19,1.64970130313e-18,9.01965184553e-19,1.78580953022e-18,2.28526118408e-18,3.39665216292e-18,4.41290268885e-18,4.97335974007e-18,6.46026776274e-18,4.96618684339e-18,9.30769598716e-18,1.32215300068e-17,7.39828850942e-18,9.86539521821e-18,1.16739123038e-17,1.01626806216e-17,1.46301830212e-17,1.44589582887e-17,1.55374876566e-17,1.15539769053e-17,1.69823571198e-17,1.66129978152e-17,1.1506468614e-17,7.95308599089e-18,4.24940878642e-18,2.66984040512e-18,1.0683425352e-18,2.60221533982e-19,3.27669860516e-20],"var":[0.0000127362018247,0.00246747653,1.05273604393,49.5105285645,224.108428955,1852.28381348,5038.71533203,19429.9453125,7581.38769531,14489.2578125,1638.48144531,2548.19897461,3299.5234375,591.817199707,1141.55664062,332.914764404,225.711639404,194.040649414,24.6724147797,30.0390453339,89.2271347046,9.76984214783,1.47918999195,2.70858716965,1.24137020111,0.620786190033,0.609542608261,0.112989887595,0.0329098105431,0.0159006267786,0.00907871220261,0.00312102097087,0.00140245072544,0.000635323871393,0.000246036070166,0.0000762696217862,0.0000202206392714,0.00000471135899716,0.00000143873648994,6.44890860713e-8]},"erbbands_crest":{"dmean":3.39406323433,"dmean2":5.47531032562,"dvar":8.64110469818,"dvar2":20.0169239044,"max":29.7241954803,"mean":12.8402137756,"median":11.8717365265,"min":2.24853992462,"var":30.1077003479},"erbbands_flatness_db":{"dmean":0.0435555838048,"dmean2":0.0682653561234,"dvar":0.00128656404559,"dvar2":0.00343563710339,"max":0.449908286333,"mean":0.226996019483,"median":0.226656585932,"min":0.0306103508919,"var":0.00399308418855},"erbbands_kurtosis":{"dmean":4.28901720047,"dmean2":6.94245481491,"dvar":85.3910293579,"dvar2":255.028152466,"max":140.76423645,"mean":6.13350486755,"median":1.9213309288,"min":-1.72137343884,"var":169.241500854},"erbbands_skewness":{"dmean":0.671225368977,"dmean2":1.03425145149,"dvar":0.433655112982,"dvar2":1.11326527596,"max":9.74885177612,"mean":1.49392724037,"median":1.24330842495,"min":-1.95422458649,"var":2.64947223663},"erbbands_spread":{"dmean":6.61208724976,"dmean2":10.2480134964,"dvar":49.8328666687,"dvar2":102.669555664,"max":111.668449402,"mean":20.9957942963,"median":17.2548465729,"min":1.29816603661,"var":246.685379028},"gfcc":{"cov":[[32360.1582031,2109.81689453,-2390.23535156,-1717.04919434,-916.067199707,-885.658081055,-779.057617188,-598.380187988,-60.5978164673,-79.8050308228,37.7231063843,-129.153793335,59.2617645264],[2109.81689453,1273.50952148,-136.323898315,-390.327514648,67.8220596313,-145.876037598,-50.0724906921,-125.398193359,56.3530921936,-63.367477417,21.7541713715,-117.189170837,59.7689552307],[-2390.23535156,-136.323898315,859.98425293,483.112854004,-69.9379653931,200.515228271,-51.3236160278,114.343215942,-140.917709351,-10.1015796661,-64.6884994507,11.2877969742,-80.0352706909],[-1717.04919434,-390.327514648,483.112854004,583.111755371,131.075134277,96.5852966309,60.1092567444,-9.34557056427,-123.516021729,-39.7532463074,-39.8816490173,35.7542076111,-78.8210906982],[-916.067199707,67.8220596313,-69.9379653931,131.075134277,369.366821289,59.086730957,76.5925674438,-95.9846038818,-4.00459480286,-50.6900405884,27.1585483551,-22.7966442108,18.6053142548],[-885.658081055,-145.876037598,200.515228271,96.5852966309,59.086730957,258.880462646,-23.3431835175,52.2922554016,-56.1336021423,11.152592659,-14.3623218536,21.4475860596,-17.0263080597],[-779.057617188,-50.0724906921,-51.3236160278,60.1092567444,76.5925674438,-23.3431835175,192.717346191,20.46159935,55.5834960938,-9.63122177124,-4.40582895279,-5.77831935883,-3.85635018349],[-598.380187988,-125.398193359,114.343215942,-9.34557056427,-95.9846038818,52.2922554016,20.46159935,210.528411865,71.6923370361,47.7950325012,-30.4714221954,-19.2144947052,2.67161917686],[-60.5978164673,56.3530921936,-140.917709351,-123.516021729,-4.00459480286,-56.1336021423,55.5834960938,71.6923370361,180.275421143,57.7606964111,1.92539703846,-19.9519557953,1.55236542225],[-79.8050308228,-63.367477417,-10.1015796661,-39.7532463074,-50.6900405884,11.152592659,-9.63122177124,47.7950325012,57.7606964111,85.78565979,36.3347930908,5.06371545792,-5.84152841568],[37.7231063843,21.7541713715,-64.6884994507,-39.8816490173,27.1585483551,-14.3623218536,-4.40582895279,-30.4714221954,1.92539703846,36.3347930908,79.2028198242,38.5349960327,14.386267662],[-129.153793335,-117.189170837,11.2877969742,35.7542076111,-22.7966442108,21.4475860596,-5.77831935883,-19.2144947052,-19.9519557953,5.06371545792,38.5349960327,97.2655181885,27.3034915924],[59.2617645264,59.7689552307,-80.0352706909,-78.8210906982,18.6053142548,-17.0263080597,-3.85635018349,2.67161917686,1.55236542225,-5.84152841568,14.386267662,27.3034915924,88.5337524414]],"icov":[[0.0000974527720246,-0.000368017295841,0.000924382940866,-0.00101180106867,0.000965695478953,-0.00053269858472,0.000498653098475,-0.0000435752663179,-0.000200715861865,0.000509217381477,-0.000566070433706,0.000527607684489,-0.000197896195459],[-0.000368017295841,0.00383092276752,-0.00596470898017,0.0067305630073,-0.00408110022545,0.00266119791195,-0.00200738199055,0.00254150852561,-0.00140872027259,0.00170803756919,-0.000895773759112,0.00134897767566,-0.00066764181247],[0.000924382940866,-0.00596470898017,0.0174055099487,-0.0220649968833,0.0188451167196,-0.0134001383558,0.00741616543382,-0.00172691477928,-0.00719125941396,0.0133487433195,-0.0162321757525,0.013916133903,-0.00731097208336],[-0.00101180106867,0.0067305630073,-0.0220649968833,0.0371284149587,-0.0347420312464,0.0248009525239,-0.0109140612185,-0.00398065662012,0.0241494104266,-0.0345934145153,0.0421065762639,-0.0355778075755,0.0223811008036],[0.000965695478953,-0.00408110022545,0.0188451167196,-0.0347420312464,0.0421727150679,-0.0295000914484,0.00843198597431,0.0108323525637,-0.0320380665362,0.0481260307133,-0.0555954501033,0.0467690192163,-0.0279334839433],[-0.00053269858472,0.00266119791195,-0.0134001383558,0.0248009525239,-0.0295000914484,0.0263890661299,-0.00578880542889,-0.00883947126567,0.0255674794316,-0.0365650355816,0.0416818931699,-0.0351523570716,0.0210222005844],[0.000498653098475,-0.00200738199055,0.00741616543382,-0.0109140612185,0.00843198597431,-0.00578880542889,0.0109600424767,-0.000721863994841,-0.00823967996985,0.0116921681911,-0.0112675102428,0.00851604901254,-0.00425659213215],[-0.0000435752663179,0.00254150852561,-0.00172691477928,-0.00398065662012,0.0108323525637,-0.00883947126567,-0.000721863994841,0.0158992819488,-0.0155186206102,0.0134926587343,-0.0156352296472,0.0182710178196,-0.0132110053673],[-0.000200715861865,-0.00140872027259,-0.00719125941396,0.0241494104266,-0.0320380665362,0.0255674794316,-0.00823967996985,-0.0155186206102,0.0445723645389,-0.054977927357,0.0569687001407,-0.0451625958085,0.0281055048108],[0.000509217381477,0.00170803756919,0.0133487433195,-0.0345934145153,0.0481260307133,-0.0365650355816,0.0116921681911,0.0134926587343,-0.054977927357,0.0962091907859,-0.093657463789,0.0673942565918,-0.0355217456818],[-0.000566070433706,-0.000895773759112,-0.0162321757525,0.0421065762639,-0.0555954501033,0.0416818931699,-0.0112675102428,-0.0156352296472,0.0569687001407,-0.093657463789,0.114951886237,-0.0824704021215,0.0430532693863],[0.000527607684489,0.00134897767566,0.013916133903,-0.0355778075755,0.0467690192163,-0.0351523570716,0.00851604901254,0.0182710178196,-0.0451625958085,0.0673942565918,-0.0824704021215,0.0788114517927,-0.0427930094302],[-0.000197896195459,-0.00066764181247,-0.00731097208336,0.0223811008036,-0.0279334839433,0.0210222005844,-0.00425659213215,-0.0132110053673,0.0281055048108,-0.0355217456818,0.0430532693863,-0.0427930094302,0.0386859476566]],"mean":[-172.777038574,134.538269043,-83.8652191162,-9.46624565125,-38.6431045532,-17.30402565,-37.0682144165,-27.7000865936,-24.8186759949,-12.9726734161,-16.6397457123,-7.3622136116,-11.305639267]},"hfc":{"dmean":2.91442728043,"dmean2":3.97508621216,"dvar":24.1941299438,"dvar2":46.5031356812,"max":84.7913970947,"mean":7.16743469238,"median":3.7828040123,"min":1.15237283992e-16,"var":94.4965362549},"melbands":{"dmean":[0.0000206843069464,0.00015291525051,0.000572904304136,0.00069746049121,0.00081108242739,0.000534822349437,0.00029176051612,0.000184656208148,0.0000607094734733,0.0000627676708973,0.0000470616105304,0.0000221992868319,0.0000221974860324,0.0000157240519911,0.0000103653328551,0.00000931756767386,0.00000909656773729,0.00000289725608127,0.00000211633187064,0.00000249052504842,0.00000280664403363,0.00000119424601053,4.14750587652e-7,3.49911914554e-7,2.84725103938e-7,2.40631322868e-7,1.8636853838e-7,1.44377295896e-7,1.39024720625e-7,9.92689521695e-8,7.11199987791e-8,5.36587094757e-8,4.48549890564e-8,3.6952769733e-8,3.07621590423e-8,2.22219664892e-8,1.61914499586e-8,1.3139243471e-8,1.12392424256e-8,9.79456427075e-9],"dmean2":[0.0000350410264218,0.000246381678153,0.000953313254286,0.00107133423444,0.00120280077681,0.000755318324082,0.000420805648901,0.000253548001638,0.000094896669907,0.0000926358698052,0.0000744140561437,0.0000346627784893,0.0000337355668307,0.0000231025896937,0.0000159734227054,0.0000139755093187,0.0000146475467773,0.00000451607365903,0.0000032581499454,0.00000381105496672,0.00000437495782535,0.00000179937069333,6.48138438919e-7,5.47002059648e-7,4.38192103047e-7,3.74619901322e-7,2.88330880949e-7,2.27455316804e-7,2.17585323981e-7,1.60467877208e-7,1.1546948997e-7,8.84437554305e-8,7.43196082453e-8,6.12125745647e-8,5.10504847284e-8,3.73825308486e-8,2.72021942749e-8,2.2006680922e-8,1.89261992745e-8,1.64914570888e-8],"dvar":[1.31047594998e-9,6.10151644764e-8,6.66933942739e-7,0.00000151568485762,0.00000376081129616,0.00000333827551913,9.20457637221e-7,3.13422475529e-7,7.45651789202e-8,5.65610918102e-8,4.03927344905e-8,6.77445255448e-9,7.12593761776e-9,1.7030996613e-9,5.64240321133e-10,4.03911848412e-10,3.76527226065e-10,3.64281244059e-11,2.57813510124e-11,3.38111379172e-11,6.9851992246e-11,7.15567969461e-12,7.71580119675e-13,9.83027786776e-13,8.50343829639e-13,5.12771249073e-13,1.85201029859e-13,1.49636203493e-13,1.84451263399e-13,5.92943459631e-14,2.17333831189e-14,1.11445903639e-14,6.25485169504e-15,4.33232957972e-15,3.34776283403e-15,1.78611465895e-15,9.75101258385e-16,6.9468814246e-16,5.42381560027e-16,4.23413479715e-16],"dvar2":[3.54275009329e-9,1.53118065782e-7,0.00000173700277628,0.00000336781545229,0.0000073536571108,0.00000597375674261,0.00000191641925085,5.32671833753e-7,1.87247877648e-7,1.13093285847e-7,9.19983733638e-8,1.50246712849e-8,1.56375072891e-8,3.50694540074e-9,1.20873178133e-9,8.58427162687e-10,9.69671676287e-10,8.79976300161e-11,5.92519158737e-11,6.82053719059e-11,1.46374495857e-10,1.62611191873e-11,1.73377111279e-12,1.9983079861e-12,1.69347532959e-12,1.14958736974e-12,3.81277854341e-13,3.20035745951e-13,3.73655614913e-13,1.25051824364e-13,5.12593744848e-14,2.76345667947e-14,1.48032322891e-14,1.05377649491e-14,8.26994434711e-15,4.52491819038e-15,2.45613762551e-15,1.75140441344e-15,1.37068152662e-15,1.07078707643e-15],"max":[0.00045554045937,0.00294310902245,0.0124729229137,0.0147731639445,0.0386086665094,0.0466742105782,0.0171517822891,0.0129212876782,0.00640851352364,0.00573749653995,0.00540495244786,0.00209059962071,0.00214667455293,0.000874642515555,0.000395633425796,0.000330018869136,0.000317880680086,0.000113366048026,0.000113443486043,0.000131860055262,0.000239788103499,0.0000438778370153,0.0000144018404171,0.000028216125429,0.0000307445334329,0.0000232644397329,0.000010742149243,0.00000816724514152,0.0000103726870293,0.00000481537517771,0.000003105075848,0.00000246091030931,9.83917402664e-7,7.75169439748e-7,7.3704109127e-7,5.08772529884e-7,4.13707539337e-7,3.09061107373e-7,2.75681401263e-7,2.41698046466e-7],"mean":[0.0000225639214477,0.000263912428636,0.00100624130573,0.00109329563566,0.00102320918813,0.0008027778822,0.000442507764092,0.000336526194587,0.0000861348817125,0.0000970196488197,0.0000693827605573,0.000032129813917,0.0000333301395585,0.0000251775272773,0.0000169896120497,0.0000152321290443,0.0000130153002829,0.00000467682775707,0.00000350987011188,0.0000041164294089,0.00000446015974376,0.00000181204950422,5.3748647133e-7,4.44481031536e-7,3.60466202665e-7,3.07165436197e-7,2.37352381305e-7,1.84046470508e-7,1.59152904189e-7,1.07378845371e-7,7.3959341762e-8,5.42624292166e-8,4.45863861387e-8,3.5404383425e-8,2.89152648492e-8,2.09197317247e-8,1.54107766548e-8,1.23431842525e-8,1.04012567448e-8,8.87993323317e-9],"median":[0.00000926203028939,0.0000920683232835,0.000561243738048,0.000511915597599,0.000221037451411,0.0000988803003565,0.0000633042291156,0.0000249202967098,0.00000846896364237,0.00000738576181902,0.00000707984054316,0.00000556633131055,0.00000608416257819,0.00000532804415343,0.00000437093058281,0.00000336577704729,0.00000251462006418,0.00000127893929402,8.095623798e-7,0.00000101650948636,9.89176214716e-7,4.45955180339e-7,1.55788384859e-7,1.1100131303e-7,9.01708290257e-8,8.7598444054e-8,6.90768402478e-8,5.04882997632e-8,3.70392143623e-8,2.81693033344e-8,2.1524996896e-8,1.58441224585e-8,1.23263044216e-8,1.0071209644e-8,7.51033546464e-9,5.88527493406e-9,4.27002078141e-9,3.19227777545e-9,2.44149522821e-9,1.76242165306e-9],"min":[8.50849121837e-24,4.3737343705e-24,1.69174179353e-24,1.65897073659e-24,3.9418499854e-24,6.31839443657e-24,7.95357569206e-24,2.67710538644e-24,1.04454342526e-23,6.03788733159e-24,8.33693921503e-24,3.1193769003e-24,6.04341369666e-24,5.63777431945e-24,5.25887614363e-24,7.37946402448e-24,7.90373151576e-24,7.45861438341e-24,5.57356183062e-24,6.85587810903e-24,5.67629715846e-24,7.15134517222e-24,9.85472258503e-24,8.99147130759e-24,5.52815263034e-24,5.30086168759e-24,6.21925237016e-24,6.28398511275e-24,6.57096679361e-24,5.52971141949e-24,7.57238548088e-24,7.64504982544e-24,7.38532447215e-24,8.05986996587e-24,6.28780714383e-24,6.5158080614e-24,1.13239870651e-23,1.16652901023e-23,1.13506521414e-23,8.51574637211e-24],"var":[1.41961375988e-9,1.51750043642e-7,0.0000014301963347,0.00000273124783234,0.00000615578483121,0.00000825866845844,0.00000181835355306,0.00000130139460452,1.05799031758e-7,1.38964935559e-7,8.39812557274e-8,1.01801775898e-8,1.54338426483e-8,3.9922651851e-9,1.46491818676e-9,9.71503766323e-10,6.52656151345e-10,7.2456034228e-11,5.93621540812e-11,7.9150054566e-11,1.35122676936e-10,1.58126220451e-11,1.14769164224e-12,2.06460543106e-12,1.83272472719e-12,9.25209236481e-13,3.53315927947e-13,2.67921291706e-13,3.16149694314e-13,9.024827733e-14,2.83850261275e-14,1.18238591186e-14,6.98739501047e-15,4.56219865149e-15,3.39961459117e-15,1.7826361064e-15,1.00544526081e-15,7.09609792496e-16,5.44086743229e-16,4.22051503675e-16]},"melbands_crest":{"dmean":3.65236926079,"dmean2":6.00550460815,"dvar":9.82270717621,"dvar2":25.3904876709,"max":36.757900238,"mean":17.8088531494,"median":17.4621639252,"min":1.87436568737,"var":32.7809410095},"melbands_flatness_db":{"dmean":0.0519820861518,"dmean2":0.0816211402416,"dvar":0.00189441978,"dvar2":0.00496788555756,"max":0.680883467197,"mean":0.345369786024,"median":0.340829998255,"min":0.00384735199623,"var":0.00699844909832},"melbands_kurtosis":{"dmean":17.9069404602,"dmean2":29.3806533813,"dvar":1440.26843262,"dvar2":3588.55737305,"max":1060.18981934,"mean":35.44896698,"median":16.0909461975,"min":-1.44072628021,"var":3815.56860352},"melbands_skewness":{"dmean":1.12334156036,"dmean2":1.78865838051,"dvar":1.35620975494,"dvar2":3.5732691288,"max":24.1667041779,"mean":3.39927482605,"median":3.06645512581,"min":-0.941775560379,"var":5.47259759903},"melbands_spread":{"dmean":2.82271766663,"dmean2":4.46593284607,"dvar":23.0768814087,"dvar2":51.9462280273,"max":130.828567505,"mean":7.09209680557,"median":4.56795787811,"min":0.207863152027,"var":85.6645431519},"mfcc":{"cov":[[16472.421875,5227.29833984,-1702.18908691,-442.490264893,-708.92388916,-325.699005127,-801.48840332,-476.209838867,-369.15411377,-193.76713562,-256.295196533,-6.67865657806,17.9753456116],[5227.29833984,3222.32470703,-443.644714355,-313.892791748,-102.418395996,-115.078353882,-279.769470215,-265.875030518,-107.590339661,-93.8366088867,-160.303268433,-7.37447690964,45.6116790771],[-1702.18908691,-443.644714355,814.020812988,189.809524536,103.811775208,39.5531272888,91.2337417603,79.0953903198,0.998870432377,-13.5412597656,18.3061981201,-29.832906723,-40.1044540405],[-442.490264893,-313.892791748,189.809524536,426.390716553,71.4937438965,75.6051635742,90.8717880249,53.0824661255,-23.1046199799,-40.1121406555,-0.535459637642,-12.2746171951,-45.0079956055],[-708.92388916,-102.418395996,103.811775208,71.4937438965,255.852325439,138.978424072,94.9982147217,16.4181861877,-7.98180818558,-37.5079078674,-27.3326644897,22.2848911285,20.5265865326],[-325.699005127,-115.078353882,39.5531272888,75.6051635742,138.978424072,216.481872559,104.702507019,30.1074237823,-42.7188796997,-48.7423744202,-33.0665664673,4.00218963623,9.07107925415],[-801.48840332,-279.769470215,91.2337417603,90.8717880249,94.9982147217,104.702507019,172.725952148,61.6935272217,0.378732472658,-27.9988174438,-11.1123809814,-7.84714317322,-4.35880279541],[-476.209838867,-265.875030518,79.0953903198,53.0824661255,16.4181861877,30.1074237823,61.6935272217,105.716430664,57.4313659668,15.9913082123,8.1771774292,-2.59952044487,-5.28262090683],[-369.15411377,-107.590339661,0.998870432377,-23.1046199799,-7.98180818558,-42.7188796997,0.378732472658,57.4313659668,140.075759888,86.5970840454,30.4625167847,6.6753745079,5.31941890717],[-193.76713562,-93.8366088867,-13.5412597656,-40.1121406555,-37.5079078674,-48.7423744202,-27.9988174438,15.9913082123,86.5970840454,121.442741394,69.8916168213,10.3298463821,-4.53109312057],[-256.295196533,-160.303268433,18.3061981201,-0.535459637642,-27.3326644897,-33.0665664673,-11.1123809814,8.1771774292,30.4625167847,69.8916168213,97.1858444214,37.3987846375,-2.7251727581],[-6.67865657806,-7.37447690964,-29.832906723,-12.2746171951,22.2848911285,4.00218963623,-7.84714317322,-2.59952044487,6.6753745079,10.3298463821,37.3987846375,73.5997695923,40.5882225037],[17.9753456116,45.6116790771,-40.1044540405,-45.0079956055,20.5265865326,9.07107925415,-4.35880279541,-5.28262090683,5.31941890717,-4.53109312057,-2.7251727581,40.5882225037,70.9007034302]],"icov":[[0.000214315965422,-0.000296333688311,0.000273133686278,-0.000172325962922,0.000343060091836,-0.000115621143777,0.000500570866279,-0.000500609981827,0.000556701503228,-0.000170691972016,0.000220333880861,-0.000225210140343,0.000175070133992],[-0.000296333688311,0.000888605136424,-0.0003122354683,0.000361286132829,-0.000395405746531,0.000104479739093,-0.000293435936328,0.00158969371114,-0.000979190110229,0.000267294817604,0.000659825978801,-0.000116255767352,-0.0000598219594394],[0.000273133686278,-0.0003122354683,0.0019789703656,-0.000626849825494,-0.000535004190169,0.000483159616124,0.000702578923665,-0.00179481785744,0.00126519345213,0.000105456587335,-0.000789511948824,0.00102803856134,0.000148576727952],[-0.000172325962922,0.000361286132829,-0.000626849825494,0.00339328846894,-0.000520757166669,-0.000250676326687,-0.000923682178836,-0.000286940921796,-0.000347949418938,0.00132350379135,-0.000548292766325,-0.000695513910614,0.00220320816152],[0.000343060091836,-0.000395405746531,-0.000535004190169,-0.000520757166669,0.00840200018138,-0.00436833593994,-0.00137025478762,0.00278345285915,-0.00221934728324,0.000512223225087,0.00281863380224,-0.00426232954487,0.000531374418642],[-0.000115621143777,0.000104479739093,0.000483159616124,-0.000250676326687,-0.00436833593994,0.0102920625359,-0.00347992707975,-0.0034442464821,0.00541236437857,-0.00308840954676,0.00273095699959,-0.000730269355699,-0.000526802206878],[0.000500570866279,-0.000293435936328,0.000702578923665,-0.000923682178836,-0.00137025478762,-0.00347992707975,0.0130070224404,-0.00547106796876,0.000606995774433,0.00289618549868,-0.00236241519451,0.00298999459483,-0.000556074723136],[-0.000500609981827,0.00158969371114,-0.00179481785744,-0.000286940921796,0.00278345285915,-0.0034442464821,-0.00547106796876,0.0232051108032,-0.0139272613451,0.00584768038243,-0.000973801943474,-0.000463880249299,0.000581032014452],[0.000556701503228,-0.000979190110229,0.00126519345213,-0.000347949418938,-0.00221934728324,0.00541236437857,0.000606995774433,-0.0139272613451,0.0253225062042,-0.0197679344565,0.00976557191461,-0.00373022072017,-0.000719139759894],[-0.000170691972016,0.000267294817604,0.000105456587335,0.00132350379135,0.000512223225087,-0.00308840954676,0.00289618549868,0.00584768038243,-0.0197679344565,0.0341758280993,-0.0236940663308,0.0108418455347,-0.00181837240234],[0.000220333880861,0.000659825978801,-0.000789511948824,-0.000548292766325,0.00281863380224,0.00273095699959,-0.00236241519451,-0.000973801943474,0.00976557191461,-0.0236940663308,0.0368897654116,-0.0233753342181,0.0098943868652],[-0.000225210140343,-0.000116255767352,0.00102803856134,-0.000695513910614,-0.00426232954487,-0.000730269355699,0.00298999459483,-0.000463880249299,-0.00373022072017,0.0108418455347,-0.0233753342181,0.0367931649089,-0.019239993766],[0.000175070133992,-0.0000598219594394,0.000148576727952,0.00220320816152,0.000531374418642,-0.000526802206878,-0.000556074723136,0.000581032014452,-0.000719139759894,-0.00181837240234,0.0098943868652,-0.019239993766,0.026835931465]],"mean":[-814.487548828,173.922424316,8.50981521606,12.5115432739,4.11207532883,5.64268064499,-9.09916400909,-12.3348083496,-12.4635562897,-12.0971317291,-13.8547697067,-7.10523080826,-4.29380273819]},"pitch_salience":{"dmean":0.0990622416139,"dmean2":0.161795124412,"dvar":0.00652126409113,"dvar2":0.0164992604405,"max":0.966631531715,"mean":0.528991162777,"median":0.550455451012,"min":0.0515982545912,"var":0.0216145012528},"silence_rate_20dB":{"dmean":0,"dmean2":0,"dvar":0,"dvar2":0,"max":1,"mean":1,"median":1,"min":1,"var":0},"silence_rate_30dB":{"dmean":0.00706090033054,"dmean2":0.0141280349344,"dvar":0.00701103545725,"dvar2":0.0148111656308,"max":1,"mean":0.991618871689,"median":1,"min":0,"var":0.0083109838888},"silence_rate_60dB":{"dmean":0.0432480126619,"dmean2":0.086534217,"dvar":0.0413768216968,"dvar2":0.0922909677029,"max":1,"mean":0.225408032537,"median":0,"min":0,"var":0.174602478743},"spectral_centroid":{"dmean":110.438491821,"dmean2":168.903121948,"dvar":54611.8242188,"dvar2":95638.125,"max":10818.3095703,"mean":490.619659424,"median":388.274688721,"min":150.162399292,"var":293178.21875},"spectral_complexity":{"dmean":1.67872905731,"dmean2":2.68609261513,"dvar":3.25334739685,"dvar2":7.32000017166,"max":23,"mean":7.36479949951,"median":7,"min":0,"var":24.6580219269},"spectral_contrast_coeffs":{"dmean":[0.0604125075042,0.0519155487418,0.0376458130777,0.029997466132,0.0315362252295,0.0329181961715],"dmean2":[0.0965995565057,0.0831093117595,0.0614385083318,0.0479438342154,0.0509660169482,0.0523840375245],"dvar":[0.0024433657527,0.00198484491557,0.000932432129048,0.000576583202928,0.000759437505621,0.00129160133656],"dvar2":[0.0058311293833,0.00492040766403,0.0023418047931,0.00151267508045,0.00185401970521,0.00275527685881],"max":[-0.236975133419,-0.360907435417,-0.528744220734,-0.66108083725,-0.665316164494,-0.530109167099],"mean":[-0.52482765913,-0.738539755344,-0.815935194492,-0.832705020905,-0.861518442631,-0.826764166355],"median":[-0.507413327694,-0.744576454163,-0.822436988354,-0.8312458992,-0.861729443073,-0.846594929695],"min":[-0.965929269791,-0.981969356537,-0.974587202072,-0.984358429909,-0.974005043507,-0.963787019253],"var":[0.0134602077305,0.00894183665514,0.00545656075701,0.00344939902425,0.00308041530661,0.00275414041243]},"spectral_contrast_valleys":{"dmean":[0.518854618073,0.450201183558,0.420539915562,0.425596684217,0.618511855602,0.830512404442],"dmean2":[0.83613973856,0.697625339031,0.653099119663,0.649357795715,0.957925260067,1.33157992363],"dvar":[0.214360520244,0.184924304485,0.178954705596,0.208030804992,0.306406706572,0.515359938145],"dvar2":[0.468833804131,0.370415300131,0.381701529026,0.470003962517,0.732400119305,1.38489675522],"max":[-6.63811159134,-4.97403430939,-5.96722126007,-6.65471220016,-6.82995176315,-9.40506267548],"mean":[-8.8387336731,-7.61801290512,-8.39178943634,-8.96792030334,-9.54043102264,-12.3079814911],"median":[-8.36502552032,-7.10032320023,-7.83109378815,-8.43699359894,-9.04781723022,-11.9175539017],"min":[-27.2396659851,-27.3351211548,-27.46251297,-27.4169406891,-27.2702140808,-27.3115730286],"var":[2.94949889183,4.10760736465,3.74991178513,3.60902070999,3.21825003624,3.04347896576]},"spectral_decrease":{"dmean":2.05925831942e-9,"dmean2":2.97816171724e-9,"dvar":1.10221245868e-17,"dvar2":2.13670264799e-17,"max":3.47265572452e-15,"mean":-4.55130244603e-9,"median":-2.93170532295e-9,"min":-5.68932421174e-8,"var":3.20672512498e-17},"spectral_energy":{"dmean":0.00802021380514,"dmean2":0.0115822870284,"dvar":0.000167608406628,"dvar2":0.000324496679241,"max":0.222418531775,"mean":0.0178277734667,"median":0.0113964900374,"min":1.06187283575e-20,"var":0.000493167666718},"spectral_energyband_high":{"dmean":0.0000165213114087,"dmean2":0.000026361336495,"dvar":8.92012130826e-10,"dvar2":1.94154492483e-9,"max":0.000501088681631,"mean":0.0000204648604267,"median":0.00000763529988035,"min":7.2793485258e-21,"var":1.48337575556e-9},"spectral_energyband_low":{"dmean":0.00124599121045,"dmean2":0.00199352623895,"dvar":0.000004247216566,"dvar2":0.0000102295980469,"max":0.0255618095398,"mean":0.00233582500368,"median":0.000920990423765,"min":3.69936037513e-23,"var":0.0000115267648653},"spectral_energyband_middle_high":{"dmean":0.000478895439301,"dmean2":0.000697277660947,"dvar":9.65109506978e-7,"dvar2":0.00000215513205148,"max":0.0164706036448,"mean":0.00108449626714,"median":0.000373033166397,"min":1.4794193918e-21,"var":0.00000298495888273},"spectral_energyband_middle_low":{"dmean":0.0076239593327,"dmean2":0.0110489353538,"dvar":0.000161692834808,"dvar2":0.000315960496664,"max":0.215536653996,"mean":0.0156403873116,"median":0.00913997553289,"min":2.33524007283e-22,"var":0.000445298530394},"spectral_entropy":{"dmean":0.418905109167,"dmean2":0.661635637283,"dvar":0.137177839875,"dvar2":0.359539210796,"max":9.81085300446,"mean":6.50928211212,"median":6.524122715,"min":4.04269266129,"var":0.471222370863},"spectral_flux":{"dmean":0.0217699818313,"dmean2":0.0354398190975,"dvar":0.000647719425615,"dvar2":0.00168210628908,"max":0.319400697947,"mean":0.0596391223371,"median":0.0525452829897,"min":6.9140151937e-11,"var":0.00202863034792},"spectral_kurtosis":{"dmean":12.825217247,"dmean2":21.5407886505,"dvar":289.814819336,"dvar2":807.827697754,"max":186.243759155,"mean":22.904718399,"median":18.0044288635,"min":-1.24100708961,"var":319.019134521},"spectral_rms":{"dmean":0.00081816065358,"dmean2":0.00115373497829,"dvar":8.99517942798e-7,"dvar2":0.00000162863068454,"max":0.0147307058796,"mean":0.00345072546043,"median":0.00333444564603,"min":3.21865429274e-12,"var":0.00000548545403944},"spectral_rolloff":{"dmean":259.632629395,"dmean2":475.318939209,"dvar":2196652.5,"dvar2":5226145.5,"max":22050,"mean":739.537231445,"median":387.59765625,"min":64.599609375,"var":4401916},"spectral_skewness":{"dmean":0.893005013466,"dmean2":1.44708502293,"dvar":0.915166735649,"dvar2":2.55461096764,"max":11.2762851715,"mean":3.44329690933,"median":3.28779602051,"min":0.0288038030267,"var":1.50863182545},"spectral_spread":{"dmean":836234.5625,"dmean2":1358545.375,"dvar":919697817600,"dvar2":1947109031940,"max":42256744,"mean":3011012.5,"median":2792581.75,"min":618360.1875,"var":4185430949890},"spectral_strongpeak":{"dmean":0.356121063232,"dmean2":0.546099066734,"dvar":0.264679223299,"dvar2":0.565441191196,"max":6.48144769669,"mean":0.745867908001,"median":0.431037276983,"min":0,"var":0.832711040974},"zerocrossingrate":{"dmean":0.00568311102688,"dmean2":0.00717891985551,"dvar":0.000225021474762,"dvar2":0.000383158825571,"max":0.60205078125,"mean":0.0291788429022,"median":0.0205078125,"min":0.00732421875,"var":0.00180068053305}},"metadata":{"audio_properties":{"analysis_sample_rate":44100,"bit_rate":320000,"codec":"mp3","downmix":"mix","equal_loudness":0,"length":52.6116790771,"lossless":false,"md5_encoded":"484219bcdde01b5be8aef69b668026df","replay_gain":-6.51203536987,"sample_rate":44100},"tags":{"acoustid_fingerprint":["AQABlFE0TomiRdBPhBlDSfCPyfqRR4OaB6EuGj5z1H7wKMiF5F7RhBPOoyKH48rT4Z6E0EqPJM4L9thQkQ_ORKGMZgmVo-ThSfEiJA_yuLgSpeiFX0ezvniiY11EHM8R7SL040miHLOOZ2lwIz83lEsOJ4qISs_xHPxxB19y4XmDTzp-HY8PKvaHPJhMIVnGKMlxtegN37gkiuiT4yce_vjxI4xOYpIZgmWCKUyWoBbDIMy_GO147GiTskFTXcGZCsgZGhFfXBfOI_yqwD_u42hnGsd7XLOCC-eDfpvgnrigZVkS4T9-nOgPHzryByee4yGaWSGi7zgJSY2LXKxxhPkxndD-CGHi4Plx_XiPB_9xIdehJ0HYCMbhO3jy4FKCdN-hMdKOXymevdgdUJNO7EeuBWaOI8fTK8EfBSKfIfKS40RzME9LVDemJGcU_FIknMHh_8iPC_qjNdDSGPWP6Mdz5AeTC7WOWVmMZLJw9Bce4-hpPMrhHn9w9MuD6yzy_UiWJUfJXDH6hTkqZ8az40eSS0qHPKdxDVe1HRnHJ4G6xYoQ6c3x8Sj6Dc2zI8-mIbkZfLgaUWjqGG_gmCl-oZmMPIL-4xuhJbmaIOaWDl7ECxNf4WKKPkg_B1JzPPmJ-MuK5_CYPDC3yXCVKDJ6OuBVIj8DRXnII1Sa66h-NFRFXB-ao1dUXJZxMh2e5Lj0oeGY4gyeh-iaHDG1BPMi4dnR_Ag9Hs-BrAyaY-_R9DiT4s2O3Dt6Hc3x0_iOP0FJpD8OsSrCZ_iFny2Ol8N5XHj6o__gE1cJa9FxHoZ3JCuPfDlmvREunNLxJ-EO9GDyBz9mckGZOHhq9D1uh_gzJHeIfMKl5HjIoxLxo12MUtIF8YpjlEt2fMKHJ1SHi3mC7VZxJUrw5tBtozmxJT4qy3iIR_nROKgki0qEbvqCJjqeF188lJKEplI0_EMeZhaSv0nw45_h48f_4DjyDwkuoc9sNEmz9LiQK9DJIH8qPE9wBT_8EM8RWzkF-Q_Cn6gk5ziP68d9_MWDpuxRlniaYc8FXsXIHNZeFc2P9g-OtD8e_Ojh4zTSn_ii48dhnvhmXAgf7AlUF3nQRxv44z1-HFgP-DiOFweOf7jkAySAEcRAA4AgBgjEEFEAIiEQBgghAYwiBjBDGSLEMmqMEAI6xBABBjhEkADAGMCUAgAgQIAg0ikiAIGECIGEIgYgIRUjSDEljGFEAEcowBQBCBAhhgAgBmUCEKCIAIoxJgSExJjEACLGAAeAFAYQAYUACAHJEEBEEQQFIQpRAYRAgAJJKOLCkCOEsswAApBAQBhACDBUCAUYEAIgZySAikkgLBIMCCQAREQwIAQAAwhBEDAAAIMAIZAgBBihwBgijEJQIQAIEIgIIQQyigJhmIACGEYMQQgIAwAQQAlECFAIAAFMIM5QwARyBCFHCHHCGIMBEMBYQYChBhAhFDIAACGI