{"lowlevel":{"average_loudness":0.82023525238,"barkbands":{"dmean":[0.00102172000334,0.00326721160673,0.000906876230147,0.000609047827311,0.00105999049265,0.00203559780493,0.00117440579925,0.000922651903238,0.000963310536463,0.0012487906497,0.00120179378428,0.000580428983085,0.000836756720673,0.000413729285356,0.000210143669392,0.000286456634058,0.000290580879664,0.000133300200105,0.0000842990339152,0.0000492723884236,0.0000316598961945,0.0000132265122375,0.0000042709493755,0.00000254689734902,0.0000015434782199,0.0000132944351208,0.000145378784509],"dmean2":[0.0016177414218,0.00508788134903,0.00155586085748,0.00102299533319,0.00173395639285,0.00321689387783,0.00186534912791,0.00144680752419,0.00147895119153,0.00198995484971,0.00194481166545,0.000941177655477,0.0013609706657,0.000677603122313,0.000340803526342,0.00046668734285,0.000469856429845,0.000212193073821,0.000134566289489,0.0000747826998122,0.0000468409562018,0.0000190348091564,0.0000065841295509,0.00000408629921367,0.00000263389915744,0.0000202076535061,0.000206594151678],"dvar":[0.00000263633819486,0.0000202783139684,0.00000254142128142,0.00000169881968759,0.0000049252662393,0.0000664961407892,0.00000679726963426,0.00000826998893899,0.0000154311237566,0.0000207582452276,0.00000972852831183,0.00000154466272306,0.0000033059047837,7.85173540407e-7,1.75370445277e-7,1.85169412248e-7,2.19115534605e-7,5.75741019304e-8,2.51525893447e-8,1.63463802494e-8,1.70253819931e-8,6.26472962395e-9,1.4857171049e-10,3.10774322942e-11,8.01308932402e-12,2.69010014264e-9,1.42218027577e-7],"dvar2":[0.00000686753082846,0.0000476998284284,0.00000692896583132,0.0000045426700126,0.0000131039159896,0.000173884065589,0.0000163669174071,0.0000203251129278,0.0000342178136634,0.0000504845011164,0.0000246636391239,0.00000386756664739,0.00000829038708616,0.00000195258826352,4.36620695154e-7,4.69264961112e-7,5.48577475001e-7,1.37384432719e-7,6.18793052354e-8,2.97970537133e-8,2.95090245572e-8,9.61165103064e-9,3.07793152077e-10,6.56551826794e-11,2.09625736908e-11,5.45177503142e-9,2.23871225558e-7],"max":[0.0371442623436,0.0619727894664,0.0279996972531,0.0235061142594,0.0581495463848,0.183501929045,0.0584746710956,0.141385093331,0.125483706594,0.129140868783,0.084101319313,0.0229216460139,0.0436456501484,0.0212490390986,0.00620699860156,0.00862722471356,0.00704639172181,0.00486570782959,0.00457113934681,0.00452818581834,0.00476780347526,0.00365892844275,0.000501760921907,0.000185403390788,0.000035553737689,0.00227774516679,0.0186710692942],"mean":[0.00208364892751,0.00801890529692,0.00107452087104,0.00074845837662,0.00156890775543,0.00277312635444,0.00202436139807,0.00146704481449,0.00125510513317,0.00174566125497,0.0018171624979,0.00083040795289,0.00125678861514,0.000647513719741,0.000315753277391,0.000570056785364,0.0005528468173,0.000254982383922,0.000165644421941,0.0000886432389962,0.0000553192840016,0.0000231999147218,0.00000662069442114,0.00000349536480826,0.00000155299733251,0.0000193413434317,0.00041720806621],"median":[0.0012594750151,0.00490023847669,0.000556997139938,0.000317585538141,0.000692171510309,0.000484365067678,0.000769259757362,0.000377977383323,0.000224124698434,0.000500179070514,0.000707465282176,0.000392636633478,0.000566375558265,0.00037564127706,0.000185118435184,0.000422455254011,0.000394377391785,0.000191993603949,0.000123922771309,0.0000546891205886,0.0000296269063256,0.0000114147314889,0.00000323736708197,0.00000169515385551,5.79107904741e-7,0.00000779585661803,0.000354554387741],"min":[5.09318853226e-24,1.90287702271e-23,5.29848287753e-24,1.49097740313e-23,2.27723632954e-23,6.65103538663e-24,3.6237041967e-23,5.19999501346e-23,7.83219603116e-23,3.5533466392e-23,1.10395694188e-22,1.39777481246e-22,1.46857817104e-22,1.04367534695e-22,1.49658677214e-22,1.53409691886e-22,2.03732530047e-22,2.94062278622e-22,1.787399272e-22,2.95602261327e-22,6.13028479504e-22,5.32685129387e-22,5.87752820742e-22,8.98123466983e-22,1.15162766754e-21,1.64829257496e-21,2.49102735362e-21],"var":[0.00000609523112871,0.0000790037156548,0.00000276288528767,0.00000189668355688,0.00000735210005587,0.000114930444397,0.0000162076321431,0.0000170312760019,0.0000249573859037,0.0000269919510174,0.0000156049300131,0.00000221684922508,0.00000480892458654,0.00000117410513667,2.26768278822e-7,4.08573555433e-7,4.33298083635e-7,9.45093177052e-8,4.31479243446e-8,3.1709127768e-8,3.24507070104e-8,1.14746780966e-8,2.57196708375e-10,4.69137992343e-11,7.98375515004e-12,3.7273464315e-9,3.43752390108e-7]},"barkbands_crest":{"dmean":2.47741246223,"dmean2":3.99422049522,"dvar":5.31852769852,"dvar2":13.0700368881,"max":25.4491767883,"mean":10.9160442352,"median":9.69386672974,"min":2.62062215805,"var":28.0041713715},"barkbands_flatness_db":{"dmean":0.0225988719612,"dmean2":0.034243106842,"dvar":0.000447211350547,"dvar2":0.0010106312111,"max":0.420940130949,"mean":0.146436423063,"median":0.131444364786,"min":0.0260681416839,"var":0.00406921748072},"barkbands_kurtosis":{"dmean":7.13023853302,"dmean2":10.5659179688,"dvar":576.284851074,"dvar2":1105.93505859,"max":740.812744141,"mean":13.9840354919,"median":2.00495553017,"min":-1.80949151516,"var":1847.23144531},"barkbands_skewness":{"dmean":0.621339201927,"dmean2":0.936587452888,"dvar":0.796884298325,"dvar2":1.54961514473,"max":21.9047641754,"mean":2.06792664528,"median":1.27051198483,"min":-1.659258008,"var":6.17735719681},"barkbands_spread":{"dmean":5.35653018951,"dmean2":8.22022151947,"dvar":40.4666404724,"dvar2":88.9071350098,"max":125.628364563,"mean":25.4583396912,"median":24.7173233032,"min":0.459223240614,"var":287.899749756},"dissonance":{"dmean":0.0201144628227,"dmean2":0.0338373556733,"dvar":0.000485197815578,"dvar2":0.00132278166711,"max":0.500000119209,"mean":0.467105329037,"median":0.476533770561,"min":0.2427598387,"var":0.000983706093393},"dynamic_complexity":4.35699415207,"erbbands":{"dmean":[0.168891340494,0.505218267441,0.999784648418,1.54212319851,2.49013352394,4.00514888763,7.23405981064,20.7700424194,13.6678924561,28.2510375977,16.081237793,22.5941143036,38.4925956726,31.0995922089,45.3396644592,25.6326007843,37.6522102356,21.864397049,13.515296936,11.7594070435,14.3302431107,16.2852516174,7.50308704376,4.83760261536,4.36648321152,2.27537155151,1.67165136337,0.981384336948,0.509334802628,0.264251083136,0.105570569634,0.0639339461923,0.0371480360627,0.0180440843105,0.0108743337914,0.0143988495693,0.0310448408127,0.0333805680275,0.0164412390441,0.00327763706446],"dmean2":[0.254103720188,0.826705038548,1.70119130611,2.56528043747,4.15815973282,6.64920043945,11.094367981,33.0148429871,22.5229148865,43.1195487976,25.7750778198,35.0173416138,61.0952186584,49.0102920532,73.6508560181,41.0132713318,60.747341156,35.8766174316,21.6541099548,19.2015972137,23.0610809326,26.2318973541,11.7970895767,7.61069488525,7.06114435196,3.4433157444,2.51218366623,1.42044150829,0.736433982849,0.389045834541,0.161319613457,0.101741492748,0.0602928362787,0.0305999275297,0.0185467042029,0.0237816441804,0.0481259599328,0.0471514500678,0.023012585938,0.00477788271382],"dvar":[0.0635682791471,0.492305517197,2.87274503708,8.63149547577,40.7612075806,83.6917953491,480.970977783,8179.14160156,2162.69580078,4087.9284668,6471.27783203,8993.75097656,28205.7910156,9004.77929688,9676.296875,2964.52734375,6706.33203125,2298.26342773,876.364379883,404.138458252,509.379699707,683.14831543,198.717285156,81.8423538208,63.8379592896,37.3793449402,35.6265907288,24.733253479,8.51922130585,2.71551704407,0.0833475589752,0.0210928842425,0.00631692493334,0.00107215857133,0.000402687030146,0.00338938296773,0.0155911333859,0.0603904575109,0.00490196701139,0.0000257702395174],"dvar2":[0.140374436975,1.28622436523,7.79187774658,22.6149635315,106.958106995,240.959457397,971.886047363,21489.7011719,5875.34521484,9014.87597656,16096.4677734,20178.6035156,69759.3671875,20723.2441406,25259.5136719,7414.05664062,16789.3886719,5855.94335938,2139.99316406,1004.79742432,1253.97277832,1717.75756836,469.083862305,198.11932373,159.175216675,68.2956848145,69.3986282349,38.021697998,13.1681241989,5.24516773224,0.159877717495,0.0449518337846,0.0137247247621,0.00280086440034,0.00105373805854,0.00830850750208,0.0302166584879,0.10034584254,0.00706389220431,0.0000531187470187],"max":[3.64632558823,8.47879314423,26.3861846924,56.5755615234,206.374008179,292.264770508,998.482788086,2233.49511719,1103.68481445,1851.95251465,4270.60693359,2993.11425781,5814.02001953,2684.07739258,1893.76416016,1014.91937256,1941.00366211,1062.00488281,751.930419922,371.426605225,402.632598877,373.783325195,308.274078369,232.978668213,288.212005615,206.077392578,162.733673096,210.346633911,134.098831177,110.079216003,10.9934272766,4.33694839478,2.7711789608,0.419386953115,0.248434811831,2.5464720726,5.53476858139,13.5533123016,3.86831688881,0.136508002877],"mean":[0.429378628731,1.00108349323,1.31325125694,2.05925154686,3.38079452515,5.43343400955,10.3958358765,27.6886310577,21.1423416138,52.2764472961,23.3241519928,30.3100776672,52.7080192566,48.8856048584,69.6555480957,41.1753807068,59.3661804199,35.8244400024,22.6233005524,21.988275528,30.3760070801,31.1033325195,15.0229520798,10.0614461899,8.53791713715,4.27518987656,2.79988574982,1.74820613861,0.904094099998,0.438492894173,0.163406789303,0.0891094282269,0.048892069608,0.0196028333157,0.0110188117251,0.0190514232963,0.0429502651095,0.0591000318527,0.035153310746,0.0113272294402],"median":[0.230421409011,0.642003536224,0.748263478279,1.01053667068,1.56932139397,2.12981033325,3.33695077896,3.97686386108,7.5722360611,14.3592529297,6.32657051086,5.87080478668,13.1204099655,22.796289444,29.7393188477,22.2135925293,27.7399597168,21.0015106201,13.9371738434,16.5893936157,22.6308517456,21.8718185425,11.5434436798,7.78334236145,6.26578998566,2.70864772797,1.48319077492,0.910630583763,0.458900809288,0.212597593665,0.0811562091112,0.0410359948874,0.0246790647507,0.0082890316844,0.00403376482427,0.0109126316383,0.0163764227182,0.0274893026799,0.0221923366189,0.0104902237654],"min":[1.65267722795e-22,5.33223806527e-21,9.75527539037e-21,3.07209515753e-20,3.05349264103e-20,1.14487535343e-19,6.88169356322e-20,1.20258916648e-19,5.87404320826e-19,3.33262952088e-19,1.52693487892e-18,2.12201129993e-18,1.30346469521e-18,2.03539390927e-18,5.49959302062e-18,4.87216494547e-18,6.53937393985e-18,5.75817298883e-18,5.9076536245e-18,7.91121162674e-18,1.00883394184e-17,1.0975859548e-17,1.42467583375e-17,1.16258125784e-17,9.67170426034e-18,1.45824100321e-17,1.51414087639e-17,2.79947168394e-17,1.99551549058e-17,2.21630538163e-17,1.57560486268e-17,1.51282367398e-17,1.70404185813e-17,9.9128017663e-18,9.12208989259e-18,6.32598574364e-18,2.92176673927e-18,1.202023194e-18,3.3686599574e-19,4.00827426413e-20],"var":[0.266529321671,1.164473176,3.22876954079,11.0388021469,48.2072486877,109.189537048,767.935180664,14244.3261719,3451.13647461,14009.4248047,10928.1191406,15045.3505859,32747.7226562,12933.7910156,16532.1894531,4565.828125,10214.6269531,3245.56152344,1310.64599609,668.88873291,1181.34082031,1349.03552246,327.644165039,145.460021973,110.16708374,73.3784866333,61.3204269409,48.7061386108,15.6957979202,4.01813077927,0.149485230446,0.0317556113005,0.00915520824492,0.00110574543942,0.000402727688197,0.00333946803585,0.0218106042594,0.0962631478906,0.0104678403586,0.0000966137740761]},"erbbands_crest":{"dmean":2.96601486206,"dmean2":4.8310341835,"dvar":8.11448287964,"dvar2":19.7306079865,"max":30.0625705719,"mean":9.72900104523,"median":8.32860374451,"min":2.14611363411,"var":23.9570064545},"erbbands_flatness_db":{"dmean":0.0197521746159,"dmean2":0.0306427069008,"dvar":0.00029442916275,"dvar2":0.000684435013682,"max":0.313489556313,"mean":0.159353226423,"median":0.160952627659,"min":0.0241538584232,"var":0.00201233662665},"erbbands_kurtosis":{"dmean":1.18993496895,"dmean2":1.8869228363,"dvar":3.10523748398,"dvar2":7.47767353058,"max":34.6179389954,"mean":1.16690385342,"median":0.435166597366,"min":-1.73754835129,"var":6.79747152328},"erbbands_skewness":{"dmean":0.380771577358,"dmean2":0.589444518089,"dvar":0.12476439774,"dvar2":0.281193912029,"max":4.31574201584,"mean":0.0886272937059,"median":-0.00975727848709,"min":-3.24794316292,"var":0.601353168488},"erbbands_spread":{"dmean":5.49988985062,"dmean2":8.5021572113,"dvar":40.5631484985,"dvar2":93.624168396,"max":193.713241577,"mean":25.9532794952,"median":22.2195014954,"min":2.55249524117,"var":346.735565186},"gfcc":{"cov":[[24884.8222656,3582.23657227,-2824.42700195,-1315.96362305,799.353637695,-1737.31201172,751.872253418,-808.470947266,284.123138428,-483.02053833,171.301239014,-89.9916915894,68.7549362183],[3582.23657227,1150.48864746,-99.5022659302,-331.5519104,80.4889526367,-104.173667908,117.638580322,-37.4341773987,60.8709068298,-42.0264396667,111.742858887,18.763053894,39.1665153503],[-2824.42700195,-99.5022659302,1180.43884277,316.600769043,-267.647979736,550.234924316,-184.702682495,263.344787598,-85.3432235718,178.668304443,10.7212505341,65.0895233154,-26.9513492584],[-1315.96362305,-331.5519104,316.600769043,370.883514404,46.0493965149,92.7423095703,-33.1668014526,51.3818321228,-3.53767037392,54.4386100769,-48.9871673584,13.9701728821,-24.5330047607],[799.353637695,80.4889526367,-267.647979736,46.0493965149,278.476989746,-77.3550338745,103.427970886,-66.3042602539,37.5419883728,-55.1841430664,5.93323087692,4.29431867599,23.707365036],[-1737.31201172,-104.173667908,550.234924316,92.7423095703,-77.3550338745,498.009735107,-56.3483657837,172.943405151,-80.3227005005,79.8262557983,35.2854194641,52.4987602234,22.1765060425],[751.872253418,117.638580322,-184.702682495,-33.1668014526,103.427970886,-56.3483657837,204.074951172,-26.0032978058,54.6458244324,-20.821313858,15.8392763138,28.3754920959,4.69284105301],[-808.470947266,-37.4341773987,263.344787598,51.3818321228,-66.3042602539,172.943405151,-26.0032978058,197.681350708,44.7347793579,76.7523803711,32.6874313354,7.77880048752,17.5217704773],[284.123138428,60.8709068298,-85.3432235718,-3.53767037392,37.5419883728,-80.3227005005,54.6458244324,44.7347793579,128.517181396,56.7444343567,34.7501945496,4.52746486664,-11.4291191101],[-483.02053833,-42.0264396667,178.668304443,54.4386100769,-55.1841430664,79.8262557983,-20.821313858,76.7523803711,56.7444343567,122.258056641,57.227645874,15.6764259338,-17.5952739716],[171.301239014,111.742858887,10.7212505341,-48.9871673584,5.93323087692,35.2854194641,15.8392763138,32.6874313354,34.7501945496,57.227645874,92.2522888184,34.6649169922,17.8303985596],[-89.9916915894,18.763053894,65.0895233154,13.9701728821,4.29431867599,52.4987602234,28.3754920959,7.77880048752,4.52746486664,15.6764259338,34.6649169922,73.8824920654,30.2778053284],[68.7549362183,39.1665153503,-26.9513492584,-24.5330047607,23.707365036,22.1765060425,4.69284105301,17.5217704773,-11.4291191101,-17.5952739716,17.8303985596,30.2778053284,82.9327926636]],"icov":[[0.000157617250807,-0.00069251388777,0.000685043341946,-0.000361154292477,0.0000896294659469,0.000118213400128,0.0000300603205687,-0.000344309373759,0.00081515830243,-0.000875741185155,0.00072973058559,-0.000561609165743,0.000300664862152],[-0.00069251388777,0.00587624311447,-0.00665714219213,0.0056065171957,-0.00292872544378,0.00153095053975,-0.00154196587391,0.00290404865518,-0.00568346120417,0.00693636573851,-0.00677037797868,0.00489368056878,-0.00244704401121],[0.000685043341946,-0.00665714219213,0.0120486905798,-0.00936017371714,0.00620361510664,-0.00478041125461,0.00306359003298,-0.00502699008211,0.00750891491771,-0.00898384302855,0.00802262127399,-0.00808106735349,0.00447056023404],[-0.000361154292477,0.0056065171957,-0.00936017371714,0.0152862211689,-0.0108484616503,0.00634220102802,-0.00161669240333,-0.000589629518799,0.000948552973568,-0.00408386113122,0.00440660910681,-0.00068082351936,-0.000681557226926],[0.0000896294659469,-0.00292872544378,0.00620361510664,-0.0108484616503,0.0142991309986,-0.00705900322646,-0.000442248245236,0.00462435977533,-0.00749316578731,0.00900050625205,-0.00668418919668,0.00386684248224,-0.0021339925006],[0.000118213400128,0.00153095053975,-0.00478041125461,0.00634220102802,-0.00705900322646,0.0107988053933,-0.00207557529211,-0.00681098364294,0.0105729606003,-0.00639776419848,0.00210643419996,-0.00375418853946,0.00120574294124],[0.0000300603205687,-0.00154196587391,0.00306359003298,-0.00161669240333,-0.000442248245236,-0.00207557529211,0.00890616886318,-0.000998341594823,-0.00226907990873,0.000102122161479,0.00278611411341,-0.0061906655319,0.00297914422117],[-0.000344309373759,0.00290404865518,-0.00502699008211,-0.000589629518799,0.00462435977533,-0.00681098364294,-0.000998341594823,0.0204123016447,-0.019989259541,0.0118134981021,-0.0104683758691,0.0137862032279,-0.00968180038035],[0.00081515830243,-0.00568346120417,0.00750891491771,0.000948552973568,-0.00749316578731,0.0105729606003,-0.00226907990873,-0.019989259541,0.0412678308785,-0.032237213105,0.0176699124277,-0.0162872374058,0.00939051434398],[-0.000875741185155,0.00693636573851,-0.00898384302855,-0.00408386113122,0.00900050625205,-0.00639776419848,0.000102122161479,0.0118134981021,-0.032237213105,0.0526894368231,-0.0370063483715,0.0174641888589,-0.00172484223731],[0.00072973058559,-0.00677037797868,0.00802262127399,0.00440660910681,-0.00668418919668,0.00210643419996,0.00278611411341,-0.0104683758691,0.0176699124277,-0.0370063483715,0.0461223721504,-0.0223611406982,0.00273605808616],[-0.000561609165743,0.00489368056878,-0.00808106735349,-0.00068082351936,0.00386684248224,-0.00375418853946,-0.0061906655319,0.0137862032279,-0.0162872374058,0.0174641888589,-0.0223611406982,0.0358041934669,-0.0141404131427],[0.000300664862152,-0.00244704401121,0.00447056023404,-0.000681557226926,-0.0021339925006,0.00120574294124,0.00297914422117,-0.00968180038035,0.00939051434398,-0.00172484223731,0.00273605808616,-0.0141404131427,0.02188257128]],"mean":[-36.3396873474,92.8287734985,-97.1894760132,-10.2924451828,-4.0593457222,-14.6971330643,1.23288500309,-8.39960384369,-2.45187807083,-2.85162305832,-0.956271886826,7.07557868958,-7.88727045059]},"hfc":{"dmean":14.1721324921,"dmean2":20.6523971558,"dvar":354.790039062,"dvar2":722.425109863,"max":440.188140869,"mean":53.537727356,"median":49.6729125977,"min":1.16084819865e-16,"var":1697.52087402},"melbands":{"dmean":[0.00115258665755,0.000521852867678,0.00027622008929,0.000226013435167,0.000238846434513,0.000437405804405,0.000216940432438,0.000287548929919,0.000138895251439,0.00013923116785,0.000195529210032,0.000126715822262,0.000172443396877,0.0000598708902544,0.000105105806142,0.0000633565286989,0.0000417625014961,0.0000245241717494,0.0000154115859914,0.0000212284721783,0.00001695195715,0.0000189576785488,0.0000104465107142,0.00000637676293991,0.00000398188285544,0.00000320806793752,0.00000256312432612,0.00000148739775341,0.00000121243351714,7.38983715109e-7,5.4228934232e-7,3.25137364143e-7,2.15486380739e-7,1.23487538417e-7,6.52835012716e-8,4.44523777787e-8,3.84798468644e-8,2.80319305546e-8,2.04453716179e-8,1.3919355446e-8],"dmean2":[0.00177409721073,0.000876511912793,0.00045906016021,0.000373974937247,0.000368976237951,0.000694841728546,0.000356715667294,0.00043970218394,0.000224162387894,0.000215113817831,0.000311555253575,0.000200988768484,0.000279167725239,0.0000960884281085,0.000170301165781,0.000102454891021,0.0000694070477039,0.0000398071679228,0.0000250274824793,0.0000349982219632,0.000027382373446,0.0000307078189508,0.0000167667221831,0.0000102714420791,0.00000638740357317,0.0000051635561249,0.0000041320586206,0.00000227484110837,0.00000187419971098,0.00000111426879812,8.09871437468e-7,4.8096012506e-7,3.21944753523e-7,1.89706597098e-7,1.01150469334e-7,7.11739858161e-8,6.15466362319e-8,4.5175557517e-8,3.44731958535e-8,2.37780746204e-8],"dvar":[0.000002719205213,6.17488637999e-7,2.84606386458e-7,2.47091946903e-7,4.04509080454e-7,0.00000345609942087,4.54145151707e-7,4.15392094055e-7,5.51524522052e-7,3.14952501412e-7,7.24623760107e-7,1.65649368e-7,1.72674575083e-7,1.46067575812e-8,5.51358780854e-8,2.26867271635e-8,8.87281270678e-9,3.16590909044e-9,9.3740271101e-10,1.05748476642e-9,7.5881617656e-10,9.50337031291e-10,3.59446666875e-10,1.12708259392e-10,5.99281596569e-11,3.78724031302e-11,2.2612160408e-11,1.88924969419e-11,1.84055028163e-11,8.64288588615e-12,9.44236702716e-12,3.9390387653e-12,2.20828932397e-12,4.20178377768e-13,3.28935351721e-14,1.08855168667e-14,7.53234466851e-15,3.99359348081e-15,1.57881372127e-15,6.72953488792e-16],"dvar2":[0.00000622498237135,0.0000016731555661,7.52175708385e-7,6.4896977392e-7,8.44004205192e-7,0.00000913316853257,0.00000123674590213,9.33247122248e-7,0.00000134100105242,7.07206879724e-7,0.00000179703476988,3.87255994383e-7,4.47549723503e-7,3.70997597088e-8,1.38309630415e-7,5.52541514764e-8,2.30880896623e-8,7.76057085261e-9,2.34178543224e-9,2.72915801069e-9,1.89448834398e-9,2.44290587759e-9,8.82616590925e-10,2.7732086072e-10,1.48465420513e-10,9.51913062264e-11,5.09688992401e-11,3.61415029848e-11,3.72479061483e-11,1.65934193469e-11,1.46570186543e-11,6.64463189332e-12,3.84659448391e-12,9.54879621554e-13,6.68648350664e-14,2.35010341537e-14,1.64650143698e-14,8.54606268836e-15,3.98465728322e-15,1.75698456062e-15],"max":[0.0232305377722,0.0110478177667,0.00868250243366,0.0149792805314,0.0258206631988,0.0432185567915,0.0156030533835,0.0181558337063,0.0374170020223,0.0160412341356,0.028554148972,0.011245790869,0.0102353012189,0.00252200523391,0.00629526283592,0.00278382701799,0.00236906134523,0.00156678631902,0.000486904813442,0.000751206185669,0.000562414177693,0.000416128226789,0.000402123841923,0.000208015408134,0.000196066990611,0.000214201834751,0.0001391320111,0.000148322214955,0.000114801769087,0.0000893709438969,0.000143857920193,0.00010249447223,0.0000952858681558,0.0000408855594287,0.00000827418716653,0.00000395553479393,0.00000281465599983,0.00000243193971983,0.00000104412799828,3.24442424926e-7],"mean":[0.00293591246009,0.000874019693583,0.000388446380384,0.000315360724926,0.000344740838045,0.000590054143686,0.000346314220224,0.000527023395989,0.000180099668796,0.000184041637112,0.000262407993432,0.00018674354942,0.000260799046373,0.0000903391410247,0.000155826826813,0.0000989469554042,0.0000638830824755,0.0000382553662348,0.000023796403184,0.0000392932888644,0.0000332944400725,0.0000344854815921,0.0000181764517038,0.0000120769300338,0.00000758735268391,0.00000594680477661,0.00000495897120345,0.00000242531223194,0.00000191423714568,0.00000121887308069,9.31715135266e-7,5.35680555913e-7,3.57939541118e-7,1.90450236914e-7,9.73439640006e-8,6.25238101293e-8,5.03961175014e-8,3.56700518012e-8,2.53487879576e-8,1.34860789203e-8],"median":[0.00172892515548,0.00059448974207,0.000202970142709,0.000134571411763,0.000117520990898,0.0000898068683455,0.000127981620608,0.000140076561365,0.0000399083328375,0.0000342981948052,0.000061605416704,0.0000785315496614,0.00010156074859,0.0000467964382551,0.0000702109828126,0.0000456330453744,0.0000356197488145,0.0000218528712139,0.0000150263231262,0.0000283768713416,0.0000239808014157,0.0000237373624259,0.0000124473444885,0.00000913444728212,0.00000555404130864,0.00000435377660324,0.00000353385871676,0.00000131040087581,9.65251047091e-7,6.2872561557e-7,4.6779598506e-7,2.56254452324e-7,1.70869697058e-7,8.91589309049e-8,4.72709409394e-8,3.02281435438e-8,2.17274660486e-8,1.72237353269e-8,1.38667548555e-8,4.53336035378e-9],"min":[3.64930525743e-24,6.28596475919e-24,5.33507852935e-24,4.37969973666e-24,3.64399188481e-24,3.00087539841e-24,7.87860471821e-24,4.8587658925e-24,1.26327940815e-23,1.26332634538e-23,6.18610995695e-24,7.32590589105e-24,1.75295716312e-23,1.56331768363e-23,1.47125446055e-23,1.34646486949e-23,1.06227551958e-23,8.65153457745e-24,1.11621561947e-23,1.03780387101e-23,1.25466126053e-23,1.05326010161e-23,1.37843708644e-23,1.3390517858e-23,8.8022322539e-24,7.24656068348e-24,7.27732704764e-24,9.95042324575e-24,1.03117546725e-23,9.66161890177e-24,1.83383086758e-23,8.98896351877e-24,1.36101114904e-23,1.1858907334e-23,9.03297880184e-24,8.38730719497e-24,9.83809970804e-24,1.28664972801e-23,9.50938373542e-24,7.76412601251e-24],"var":[0.0000110264600153,8.75651892329e-7,3.54900578259e-7,3.53901242534e-7,6.62083664338e-7,0.00000601854435445,7.34896730137e-7,0.00000138555537887,8.9839386419e-7,5.1220848718e-7,8.45207296152e-7,2.2416455181e-7,2.85292344415e-7,2.24157421513e-8,8.21585430799e-8,3.35907728299e-8,1.16728413602e-8,4.59790738816e-9,1.19331255988e-9,2.04404559945e-9,1.57319879346e-9,1.78893844183e-9,5.4469367905e-10,1.94289057065e-10,9.54452350488e-11,5.93359597567e-11,4.31164617898e-11,3.42092743022e-11,2.93600005419e-11,1.57849514709e-11,1.74377526307e-11,6.59586968377e-12,3.34392301175e-12,5.58770315174e-13,5.46836644163e-14,1.5596756471e-14,1.10130961222e-14,5.8271030213e-15,1.75008897128e-15,6.65351579848e-16]},"melbands_crest":{"dmean":3.91483974457,"dmean2":6.26636505127,"dvar":13.4666032791,"dvar2":32.2928657532,"max":38.6424751282,"mean":18.2528839111,"median":16.4116535187,"min":1.86334872246,"var":74.8573608398},"melbands_flatness_db":{"dmean":0.0280549507588,"dmean2":0.0428528897464,"dvar":0.000624543172307,"dvar2":0.00144237349741,"max":0.568986058235,"mean":0.251976579428,"median":0.234453216195,"min":0.00593876093626,"var":0.00710643595085},"melbands_kurtosis":{"dmean":16.2895698547,"dmean2":24.1654586792,"dvar":5530.63525391,"dvar2":11144.6972656,"max":2432.87084961,"mean":29.6175003052,"median":2.46561145782,"min":-1.82236266136,"var":17209.6210938},"melbands_skewness":{"dmean":0.834896922112,"dmean2":1.26731097698,"dvar":1.69543814659,"dvar2":3.5457201004,"max":40.8937492371,"mean":2.62141466141,"median":1.59089612961,"min":-1.75631380081,"var":12.8734426498},"melbands_spread":{"dmean":5.63992738724,"dmean2":8.85704040527,"dvar":44.5023384094,"dvar2":105.082946777,"max":147.913619995,"mean":24.1352996826,"median":23.3168830872,"min":0.162749156356,"var":287.342071533},"mfcc":{"cov":[[13320.9003906,2667.37866211,-2944.00537109,534.102172852,-729.933166504,-205.669128418,-327.011199951,-59.3233413696,-131.732086182,-182.954437256,-66.7649230957,-80.4100189209,41.3097953796],[2667.37866211,1418.09875488,-236.829864502,-69.7147750854,-80.419052124,-11.5808143616,26.2930107117,60.6565170288,-26.6631412506,-27.5038013458,19.800409317,81.8674697876,60.0768737793],[-2944.00537109,-236.829864502,1468.13342285,-199.322113037,228.980300903,89.7004165649,152.083251953,43.8042144775,25.6724777222,86.9803466797,71.7212295532,95.9895782471,5.82892990112],[534.102172852,-69.7147750854,-199.322113037,379.810089111,0.663609743118,23.0626430511,-70.8189468384,-8.64239406586,18.1206607819,24.8628749847,-1.99647367001,-19.5860347748,-5.21015930176],[-729.933166504,-80.419052124,228.980300903,0.663609743118,226.110198975,53.8803977966,65.5134048462,22.280878067,32.1726989746,19.1345424652,3.47762346268,26.533624649,10.2338047028],[-205.669128418,-11.5808143616,89.7004165649,23.0626430511,53.8803977966,170.388198853,88.4490966797,52.0147781372,2.40791130066,-9.237616539,-18.670879364,17.3242053986,18.595664978],[-327.011199951,26.2930107117,152.083251953,-70.8189468384,65.5134048462,88.4490966797,145.501190186,67.142539978,25.6275234222,-8.26456356049,-8.42557430267,15.9302015305,21.7780971527],[-59.3233413696,60.6565170288,43.8042144775,-8.64239406586,22.280878067,52.0147781372,67.142539978,104.594154358,44.8532676697,7.42036485672,-8.60770893097,14.2531366348,20.1451950073],[-131.732086182,-26.6631412506,25.6724777222,18.1206607819,32.1726989746,2.40791130066,25.6275234222,44.8532676697,79.9866027832,28.9681415558,8.60763072968,9.06517791748,14.6869335175],[-182.954437256,-27.5038013458,86.9803466797,24.8628749847,19.1345424652,-9.237616539,-8.26456356049,7.42036485672,28.9681415558,91.0221557617,61.0549087524,26.9864120483,-2.33138823509],[-66.7649230957,19.800409317,71.7212295532,-1.99647367001,3.47762346268,-18.670879364,-8.42557430267,-8.60770893097,8.60763072968,61.0549087524,100.381240845,51.9749641418,20.6040725708],[-80.4100189209,81.8674697876,95.9895782471,-19.5860347748,26.533624649,17.3242053986,15.9302015305,14.2531366348,9.06517791748,26.9864120483,51.9749641418,98.0110321045,55.6053848267],[41.3097953796,60.0768737793,5.82892990112,-5.21015930176,10.2338047028,18.595664978,21.7780971527,20.1451950073,14.6869335175,-2.33138823509,20.6040725708,55.6053848267,84.3607330322]],"icov":[[0.000299131876091,-0.000498233537655,0.000422652025009,-0.000307814334519,0.00035430805292,4.99395298448e-7,-0.000105930339487,0.000210123733268,-0.0000117277722893,0.00010029549594,-0.000127549210447,0.0000703615878592,0.0000837861662148],[-0.000498233537655,0.00169625342824,-0.000509828387294,0.000584930879995,-0.00040951432311,0.000374506984372,-0.0000936818614719,-0.00117476424202,0.000730842642952,0.00000684073393131,0.000215338135604,-0.00113128207158,-0.0000547760282643],[0.000422652025009,-0.000509828387294,0.00165804859716,0.0000296709167742,-0.000202125898795,-0.000049413247325,-0.000819023873191,0.00027087185299,0.00041360524483,-0.000702308316249,-0.000160150142619,-0.000872735574376,0.000748490041588],[-0.000307814334519,0.000584930879995,0.0000296709167742,0.0041243089363,-0.00103595561814,-0.00225898530334,0.00332104042172,-0.000393105787225,-0.00113999773748,-0.00130665290635,0.0000811426289147,0.00108498404734,-0.00072561512934],[0.00035430805292,-0.00040951432311,-0.000202125898795,-0.00103595561814,0.00682571530342,-0.000560192507692,-0.00261443527415,0.00214837817475,-0.00227339030243,-0.000427538325312,0.00130159733817,-0.00182601553388,0.000795146566816],[4.99395298448e-7,0.000374506984372,-0.000049413247325,-0.00225898530334,-0.000560192507692,0.0112705668435,-0.00682088220492,-0.00281168846413,0.00467137712985,-0.000930372276343,0.00274835969321,-0.00254818587564,-0.000217829147005],[-0.000105930339487,-0.0000936818614719,-0.000819023873191,0.00332104042172,-0.00261443527415,-0.00682088220492,0.0177377667278,-0.00628029927611,-0.00249712658115,0.00317968288437,-0.00261881714687,0.00316916941665,-0.00180507719051],[0.000210123733268,-0.00117476424202,0.00027087185299,-0.000393105787225,0.00214837817475,-0.00281168846413,-0.00628029927611,0.0199388619512,-0.0093833329156,-0.00207579322159,0.00362436752766,-0.00134556868579,-0.000512254191563],[-0.0000117277722893,0.000730842642952,0.00041360524483,-0.00113999773748,-0.00227339030243,0.00467137712985,-0.00249712658115,-0.0093833329156,0.0228677690029,-0.00779534457251,0.00233376957476,0.00150810775813,-0.00424294965342],[0.00010029549594,0.00000684073393131,-0.000702308316249,-0.00130665290635,-0.000427538325312,-0.000930372276343,0.00317968288437,-0.00207579322159,-0.00779534457251,0.0260112099349,-0.0152295008302,-0.00159211549908,0.00669066747651],[-0.000127549210447,0.000215338135604,-0.000160150142619,0.0000811426289147,0.00130159733817,0.00274835969321,-0.00261881714687,0.00362436752766,0.00233376957476,-0.0152295008302,0.0246581826359,-0.00907359085977,-0.00189685891382],[0.0000703615878592,-0.00113128207158,-0.000872735574376,0.00108498404734,-0.00182601553388,-0.00254818587564,0.00316916941665,-0.00134556868579,0.00150810775813,-0.00159211549908,-0.00907359085977,0.0259685125202,-0.0140223968774],[0.0000837861662148,-0.0000547760282643,0.000748490041588,-0.00072561512934,0.000795146566816,-0.000217829147005,-0.00180507719051,-0.000512254191563,-0.00424294965342,0.00669066747651,-0.00189685891382,-0.0140223968774,0.0229247454554]],"mean":[-694.596252441,162.954086304,-30.4054546356,25.2555828094,3.73860406876,11.982843399,5.19648504257,10.5280580521,0.508091926575,0.853131532669,1.66697239876,9.29503250122,5.87947177887]},"pitch_salience":{"dmean":0.0730616375804,"dmean2":0.116593547165,"dvar":0.00445020757616,"dvar2":0.0104260370135,"max":0.837479889393,"mean":0.502790570259,"median":0.524901866913,"min":0.0488193891943,"var":0.0233076754957},"silence_rate_20dB":{"dmean":0,"dmean2":0,"dvar":0,"dvar2":0,"max":1,"mean":1,"median":1,"min":1,"var":0},"silence_rate_30dB":{"dmean":0.0134809818119,"dmean2":0.0269662924111,"dvar":0.0133002400398,"dvar2":0.0326621346176,"max":1,"mean":0.985879361629,"median":1,"min":0,"var":0.0139205893502},"silence_rate_60dB":{"dmean":0.00609853956848,"dmean2":0.012199036777,"dvar":0.00606098584831,"dvar2":0.0165457092226,"max":1,"mean":0.0667522475123,"median":0,"min":0,"var":0.0622959323227},"spectral_centroid":{"dmean":182.138641357,"dmean2":274.377075195,"dvar":45970.265625,"dvar2":82325.6328125,"max":10728.6152344,"mean":1268.87597656,"median":1238.67358398,"min":168.061416626,"var":421429.6875},"spectral_complexity":{"dmean":3.40458989143,"dmean2":5.13451051712,"dvar":13.1544361115,"dvar2":26.4812927246,"max":57,"mean":20.6428108215,"median":23,"min":0,"var":128.736190796},"spectral_contrast_coeffs":{"dmean":[0.0511980429292,0.0496845468879,0.0407115221024,0.0306873228401,0.0218658968806,0.0362660810351],"dmean2":[0.0847425758839,0.0813110619783,0.066493704915,0.0505748316646,0.0361153967679,0.0578011795878],"dvar":[0.0017425842816,0.00158864376135,0.00114386668429,0.000611313444097,0.000337511708494,0.00116303970572],"dvar2":[0.00479263393208,0.00424097152427,0.00290566612966,0.00161152193323,0.000871648604516,0.00300993747078],"max":[-0.347235888243,-0.404589414597,-0.4860458076,-0.605069458485,-0.646955609322,-0.476473152637],"mean":[-0.732890486717,-0.749880433083,-0.785904884338,-0.797596514225,-0.802959740162,-0.751094579697],"median":[-0.744077086449,-0.756345868111,-0.789784312248,-0.795014619827,-0.792146682739,-0.75167131424],"min":[-0.991727352142,-0.981222093105,-0.962430596352,-0.969594717026,-0.957553625107,-0.961474120617],"var":[0.00742120761424,0.00726962042972,0.00526985898614,0.00274661183357,0.00258554215543,0.00535735674202]},"spectral_contrast_valleys":{"dmean":[0.395149856806,0.383540540934,0.337989985943,0.311545580626,0.275023460388,0.547983169556],"dmean2":[0.654324889183,0.612968802452,0.522037029266,0.476350694895,0.414178460836,0.89472591877],"dvar":[0.118823498487,0.112299516797,0.100265644491,0.10032633692,0.101069055498,0.251031428576],"dvar2":[0.296435058117,0.252058148384,0.199796080589,0.187981143594,0.19161593914,0.631690323353],"max":[-5.35676002502,-4.01425075531,-4.99843645096,-5.2841553688,-5.57667016983,-9.29504966736],"mean":[-7.25882291794,-6.973716259,-7.21851062775,-7.57555246353,-7.92475509644,-11.5233011246],"median":[-6.92165803909,-6.58964729309,-6.73026275635,-6.99348163605,-7.35094833374,-11.4376316071],"min":[-26.9042720795,-26.9732341766,-27.2848529816,-27.6302700043,-27.3778076172,-27.2628707886],"var":[2.75184559822,2.87194371223,2.988270998,2.96756434441,2.49506878853,1.24461185932]},"spectral_decrease":{"dmean":2.30659336076e-9,"dmean2":3.52154394534e-9,"dvar":1.14664016394e-17,"dvar2":2.73992725299e-17,"max":1.02648616061e-13,"mean":-6.95770374648e-9,"median":-5.48287948376e-9,"min":-5.88844599747e-8,"var":3.53475881702e-17},"spectral_energy":{"dmean":0.00948481354862,"dmean2":0.0143595431,"dvar":0.000187385623576,"dvar2":0.00044197277748,"max":0.247169673443,"mean":0.0311159789562,"median":0.0257300026715,"min":1.05882826179e-20,"var":0.0006185528473},"spectral_energyband_high":{"dmean":0.000197276604013,"dmean2":0.000278266670648,"dvar":4.08521827922e-7,"dvar2":6.02770910518e-7,"max":0.0294518154114,"mean":0.000495709013194,"median":0.00038068194408,"min":7.91282993452e-21,"var":9.25947745145e-7},"spectral_energyband_low":{"dmean":0.004287393298,"dmean2":0.00678893364966,"dvar":0.0000308859744109,"dvar2":0.0000751704792492,"max":0.076650954783,"mean":0.0112531511113,"median":0.00783097371459,"min":3.39181474708e-23,"var":0.000119008553156},"spectral_energyband_middle_high":{"dmean":0.00325060356408,"dmean2":0.00495126377791,"dvar":0.0000364433872164,"dvar2":0.0000839549902594,"max":0.145729333162,"mean":0.00788148958236,"median":0.00608223117888,"min":1.63873021764e-21,"var":0.0000839773201733},"spectral_energyband_middle_low":{"dmean":0.00507497088984,"dmean2":0.00778839644045,"dvar":0.000131047374452,"dvar2":0.000319396582199,"max":0.194857180119,"mean":0.0106046022847,"median":0.00568787194788,"min":2.26703806197e-22,"var":0.0002867851872},"spectral_entropy":{"dmean":0.141489773989,"dmean2":0.220438495278,"dvar":0.0203007292002,"dvar2":0.0495005585253,"max":9.79771614075,"mean":7.49223470688,"median":7.5264005661,"min":5.99357795715,"var":0.141215324402},"spectral_flux":{"dmean":0.0216614082456,"dmean2":0.0332759842277,"dvar":0.000582228414714,"dvar2":0.0013383171754,"max":0.446243822575,"mean":0.0854500085115,"median":0.082477837801,"min":1.02899383458e-10,"var":0.0022380205337},"spectral_kurtosis":{"dmean":3.46720027924,"dmean2":5.5561003685,"dvar":13.4827060699,"dvar2":34.3716888428,"max":63.3716125488,"mean":19.4746742249,"median":19.4919395447,"min":-1.18693172932,"var":61.1225395203},"spectral_rms":{"dmean":0.000777454464696,"dmean2":0.00115619250573,"dvar":7.35844480459e-7,"dvar2":0.00000164174571182,"max":0.0155287198722,"mean":0.00504584470764,"median":0.00501023372635,"min":3.21403667569e-12,"var":0.00000489653166369},"spectral_rolloff":{"dmean":1268.86254883,"dmean2":2336.7902832,"dvar":13747128,"dvar2":37890488,"max":22050,"mean":2702.82788086,"median":1442.72460938,"min":21.533203125,"var":21269270},"spectral_skewness":{"dmean":0.262848168612,"dmean2":0.409906357527,"dvar":0.0753778964281,"dvar2":0.190434277058,"max":6.24270772934,"mean":2.95843839645,"median":2.93542146683,"min":-0.00761857861653,"var":0.428636461496},"spectral_spread":{"dmean":391555.28125,"dmean2":616615.5625,"dvar":313169608704,"dvar2":513938948096,"max":39882952,"mean":3742118.5,"median":3231568,"min":1593039.25,"var":2717631905790},"spectral_strongpeak":{"dmean":0.57361716032,"dmean2":0.972788989544,"dvar":1.28463363647,"dvar2":3.13277697563,"max":37.6928215027,"mean":0.801860034466,"median":0.227315500379,"min":0,"var":1.84739363194},"zerocrossingrate":{"dmean":0.021097574383,"dmean2":0.027197657153,"dvar":0.000377579795895,"dvar2":0.000605390232522,"max":0.54833984375,"mean":0.149931490421,"median":0.146484375,"min":0.0126953125,"var":0.00430788658559}},"metadata":{"audio_properties":{"analysis_sample_rate":44100,"bit_rate":192000,"codec":"mp3","downmix":"mix","equal_loudness":0,"length":144.666122437,"lossless":false,"md5_encoded":"707ba747db7f0eb205bc70e68aadefa9","replay_gain":-7.88775253296,"sample_rate":44100},"tags":{"acoustid_fingerprint":["AQADtEmSJJIyRhWOM_CY4T6Om3hDXD-OaofWo3nxMD-042EtfBxO-LhjnDCVQHhy8DmR4wtR7whlWI-P59BOMsUfIU_yow-cp0Xt4mAvnMJ5hCd-Ht-hb8cHb0IbkfiF4j00lscv5Bt68fBk4ugXfG6EfDmu4Tu0lcFFHL6EEz6PL-CNGxBzXBuJHhd6HI5ZHB4_4gqHI0V1oDY5WDlywscPgQf-48MJMVdgjsGl4xl0WFmIE9dy5PiJ60cOVyzEIySPD2eiDs-qFdd65ES7Q8uO68B57MGr4pEeIuThU8N11K_w43nxIP0cqE8RfkejiA-eSMf9HP3So_mxp8gbaDhTVE6E-ciPL8fD5GgmG-EPnS3yDMeDZzJ2y0F3Fv6HLM-gHTl6ZD_-Q_mFakr24FIrjF-L0ySoR8LEH3piPHXwpUYP73geaOkuvBXyZ0GoB_6DkxaOH9-BX_g6VHrxQ0V08DqxbduLJ3gu9A_yH5US5ZDZ4FRCCX3Q7Ph26JqHMw8q6SMa3rh49E_wZMVWFRr_4NkTZMd5zMkY46QDP8fTEdVThHkOpZHxHPxxXOWF_oMO90NOfPgORy9--PhAHacurM2RPOIRG7YYVMfHKehyeFlIIumPHB-2Kgf1IdSN5Be6CPB7_A74IVoViGKKdDp-4BbSCpqTCdcf5D2eHj8uNFV3TFeESwf5XPhqGX2OcPnxF68OfoN2Dl_BJzjChDzuJ_gLhlGOZsc_8LrRXCTG_MIRH-I6H_8WPDnEyDvCHXeIW_hx5cGlB886-BkiH9LGnIh8Cm8pNL3wjxHRF_mh8-iHMLPwbbjg5zjz4Fdyof_xBDmO8LmEPDfuQryF52huhP5RMSHR_Nhx5IqiSvhyXEeROcoI__jx4zkc8UceQi7SfHiiBx6Yn7gSTG8D_0HFBXk6JOvxo8f34Dyao-IWiRPyo5ZyTDnwE-0gRp1JhHsj3HjwGheuBP2RRo8LNeqRzwN1HD-O_Ap0I4f3HpXx3Mb7EPxuhB3xEsonU2ieOMeZ4EF5Hc2yH8-DO0_wOcfxByUHH-Jh-cOhE-7hzYO8IxfwYw8YnseDkZ-C0zjRI0yg68grTSIuc5JwdFkI_0KboY-Ol8GPnsYXZTryQz-6_GhIIv_xpfhQ3UQTZ8mDGz-OPTNhTXWOJ8OPPDq0_OiV4zN6qNIHL8mOO8N_9ETkHD_6C35QG5f0DL_RREf4QE8unIibRDLxJVOEtsfL4tRyuIfXaPC6EP3xkjhzxMSjQ8sRftGLyrAi4U1o3KKGZ-iZ47jxBZVp5FEMTwqOW3jwHd0q40uGWvAJ7ctx65iO_McP9sY3_HB45BkKHYce6bjZDfkdtAdlHb2Oo71h8bh4bDpKUTryF3qK6IaV4-HR5Cn6eDr65ejBZlGOG4fjD9ePD7lwQmvhXDh--PhhkUJNHR-yf9gflGTgaTNxJmiHH8ePzzlxzaglRMreokyO8zKkI33wjYaPXspxHNeRR8mhiYZPZxCv40d6VJSO_kMjHpyHJzuO3hqaaVFW_Md_hC9OQ3_wZYef4z38Qxulo9SRXsdO-DmuHk2PK4oehD_EJ0bIbsaPv8OJikpENMpDI97xJ4JyXUGaHmSPCz9yZQnOCFL0PWh0jL6KH4cuPvhxRQs1lOThXOgenA90Hl8kdNeOZqKOaxf0ftD0J2iOXNiPJzv6KC-upxkRLRFPaKSPnMd