{"lowlevel":{"average_loudness":0.968394339085,"barkbands":{"dmean":[0.000194688604097,0.00699201133102,0.00448890822008,0.00156183145009,0.00248083658516,0.000608908012509,0.000339666818036,0.000309656286845,0.000564742542338,0.000641685852315,0.000288502982585,0.000336221361067,0.000386178668123,0.000375731557142,0.000275124562904,0.000327738496708,0.000441536278231,0.000275919097476,0.000406894483604,0.000651703565381,0.000318821606925,0.000127104111016,0.0000786086093285,0.0000839645799715,0.000080979662016,0.000046010944061,0.0000444598481408],"dmean2":[0.000316475488944,0.0124416770414,0.00828011985868,0.00268717040308,0.00429921131581,0.00100490124896,0.000582541164476,0.000525695329998,0.000892634503543,0.00103375152685,0.000480182934552,0.000530509918462,0.000617668323684,0.000621558807325,0.000456837093225,0.000550672644749,0.000751790881623,0.000459979695734,0.000671604182571,0.00107771751937,0.000561030581594,0.000213128805626,0.000120719822007,0.000124124941067,0.000119742137031,0.0000731294567231,0.0000746504520066],"dvar":[7.7450657443e-8,0.000142704710015,0.0000640290090814,0.00000599471377427,0.0000226353822654,0.00000141183954838,7.09600953996e-7,4.30592024259e-7,0.0000010335721754,0.00000148690844526,2.6147790777e-7,3.41647421465e-7,4.72878440405e-7,2.9163689419e-7,1.56958790853e-7,1.39110014175e-7,2.83071386775e-7,9.34496284799e-8,2.42309909027e-7,7.15244993899e-7,1.62255290093e-7,3.52419498029e-8,4.04631634865e-8,9.69995568312e-8,9.47366203263e-8,1.36810180962e-8,2.51488838643e-8],"dvar2":[1.8991579509e-7,0.000398129719542,0.000181308976607,0.0000156895057444,0.0000615490280325,0.00000341519330505,0.00000184908174106,0.00000109557663563,0.0000024652713364,0.0000036542462567,7.00226564732e-7,8.12861912891e-7,0.00000112524708129,7.30712656605e-7,4.04532812581e-7,3.76740473484e-7,7.52954690597e-7,2.41437788873e-7,6.33362617464e-7,0.00000171891485934,4.36727276565e-7,9.03385171114e-8,9.25497758431e-8,2.16921705487e-7,1.97934355128e-7,3.43401396208e-8,6.79003164805e-8],"max":[0.00215048855171,0.0671553015709,0.0540492013097,0.0638033226132,0.0392923392355,0.0193800404668,0.0133397271857,0.0111035844311,0.0131411626935,0.0167789850384,0.00902337022126,0.0104572959244,0.00994810275733,0.00988268665969,0.00979509204626,0.00539052300155,0.0086393551901,0.0049746260047,0.00651894183829,0.0172662623227,0.00440471014008,0.00279553583823,0.00661786040291,0.00888250209391,0.00694832159206,0.00144632149022,0.00305729615502],"mean":[0.000247076211963,0.00653352728114,0.0039615011774,0.00213077501394,0.00276904832572,0.000839342945255,0.000378310825909,0.000374273920897,0.000855510123074,0.00110568921082,0.000466181343654,0.00058816652745,0.000655043462757,0.000633504416328,0.000491005659569,0.000691644323524,0.000815334380604,0.00063422328094,0.000988076557405,0.00134468625765,0.000574654899538,0.000286737486022,0.000180344562978,0.000178383183083,0.000144971520058,0.000064563122578,0.0000420555988967],"median":[0.0000601363535679,0.00285365991294,0.00170456548221,0.00132773665246,0.00145376287401,0.000453254964668,0.000181082694326,0.000174447050085,0.00034565263195,0.000321703526424,0.000255867664237,0.000249734148383,0.000239332468482,0.000412883004174,0.000349325768184,0.00057034753263,0.000657641445287,0.000555061211344,0.00086067779921,0.000950461137109,0.000465942895971,0.000228649936616,0.00011313635332,0.0000897154677659,0.0000618105696049,0.00002161579323,0.00000656904330754],"min":[1.76491298122e-24,1.66950877444e-23,3.25420151204e-24,3.68469119106e-24,3.30569164661e-23,2.96544110761e-23,5.18354221488e-23,2.26852840955e-23,5.15663448495e-23,3.67982470813e-23,5.46197319573e-23,4.86011839453e-23,6.81586803055e-23,1.77183097582e-23,8.2714438806e-23,7.89942969947e-23,1.28254747776e-22,1.2251784835e-22,2.76593010674e-22,1.98822634529e-22,2.25555603373e-22,3.46347651254e-22,6.05105135328e-22,7.15875797193e-22,9.4228584421e-22,1.58539292108e-21,1.94449341132e-21],"var":[1.21542242937e-7,0.000105678162072,0.0000431587832281,0.00000814522809378,0.0000178399441211,0.00000177378819899,5.97668929458e-7,4.4531523713e-7,0.00000179560379365,0.00000379158996111,4.11922371768e-7,8.79974322743e-7,0.00000117690535717,5.31856414909e-7,3.43157410043e-7,2.95441736853e-7,4.54511848602e-7,1.9487578129e-7,4.92351034609e-7,0.00000178240111381,1.9475375268e-7,6.38552464238e-8,9.22592064967e-8,1.7557799481e-7,1.68485726704e-7,1.7019099019e-8,1.92357454409e-8]},"barkbands_crest":{"dmean":3.09421443939,"dmean2":5.25817632675,"dvar":8.19168281555,"dvar2":22.3557300568,"max":23.504196167,"mean":7.872153759,"median":6.95931625366,"min":2.36329603195,"var":12.7732381821},"barkbands_flatness_db":{"dmean":0.0230156295002,"dmean2":0.038174893707,"dvar":0.000668761786073,"dvar2":0.00178766180761,"max":0.318683296442,"mean":0.0828622430563,"median":0.0708760619164,"min":0.0168630853295,"var":0.00169705308508},"barkbands_kurtosis":{"dmean":1.74118435383,"dmean2":3.07971477509,"dvar":11.3197975159,"dvar2":29.5688152313,"max":78.7427062988,"mean":0.409009814262,"median":-0.834963202477,"min":-1.85246133804,"var":15.1714506149},"barkbands_skewness":{"dmean":0.628552913666,"dmean2":1.04283237457,"dvar":0.487717241049,"dvar2":1.32247626781,"max":8.25678253174,"mean":0.830648005009,"median":0.618746042252,"min":-3.56511545181,"var":0.911107420921},"barkbands_spread":{"dmean":8.60810565948,"dmean2":14.2824687958,"dvar":77.3122406006,"dvar2":206.530288696,"max":106.164573669,"mean":40.6139144897,"median":40.7420120239,"min":1.37884390354,"var":196.794433594},"dissonance":{"dmean":0.00788308959454,"dmean2":0.0135871302336,"dvar":0.0000792664213805,"dvar2":0.000235450526816,"max":0.500000119209,"mean":0.487403988838,"median":0.489922195673,"min":0.310766607523,"var":0.00010316157568},"dynamic_complexity":2.31402778625,"erbbands":{"dmean":[0.167545765638,1.74993491173,5.11608791351,5.08012771606,7.23842954636,8.39803695679,5.01047897339,5.36197280884,5.42037248611,4.89964151382,7.10144329071,13.1225032806,19.8860206604,12.2880582809,10.2876138687,14.1813993454,17.291759491,16.588104248,17.3351192474,12.1638498306,18.1581764221,24.406080246,15.313164711,19.0672645569,22.4937534332,32.2003669739,18.5996131897,8.35110569,4.84223079681,3.05460214615,2.19459557533,1.81242418289,1.40863656998,1.01845932007,0.549575269222,0.186332330108,0.0857178941369,0.0407789386809,0.00765404757112,0.000392349145841],"dmean2":[0.288887113333,3.21628212929,9.536444664,8.91370010376,12.4484205246,14.888001442,8.42246055603,9.03185462952,9.20934104919,8.33627223969,11.749874115,20.8177719116,31.6568813324,19.8527355194,16.8167514801,22.4729480743,27.333234787,27.1120662689,28.6104545593,20.0961666107,30.4189815521,41.3530807495,25.6303062439,31.5915794373,36.4556312561,53.3145217896,32.9064865112,14.2507448196,8.11420726776,4.95872306824,3.36470651627,2.71782803535,2.1215903759,1.53530979156,0.824735403061,0.285959154367,0.138750433922,0.0683289095759,0.0129057401791,0.000657766242512],"dvar":[0.0652724429965,10.0299034119,90.9863967896,54.6833572388,137.696716309,291.38394165,82.7722930908,110.502250671,188.10244751,88.2794876099,245.342636108,640.943664551,1395.78588867,480.544219971,329.957000732,599.336669922,920.161865234,712.859069824,562.355529785,285.960968018,431.839538574,905.582214355,293.38369751,475.264587402,865.979919434,1908.3614502,567.359375,125.791702271,49.1953849792,28.3508930206,35.7985153198,35.1203613281,33.1380577087,14.6750173569,4.65778112411,0.2918433249,0.0476138442755,0.016896052286,0.000821960507892,0.00000203054105441],"dvar2":[0.176646411419,28.2292480469,257.582214355,150.149505615,368.23815918,810.157775879,207.573547363,276.526092529,486.763366699,230.317672729,614.680053711,1521.67041016,3491.49511719,1230.50378418,861.570068359,1444.3894043,2169.19506836,1810.28344727,1417.83544922,738.682495117,1177.03027344,2371.21459961,750.665344238,1246.12329102,2155.93432617,4666.19726562,1547.61669922,332.7159729,127.112510681,66.3754043579,80.8660049438,78.0500488281,76.0130310059,31.6839618683,9.8127374649,0.677605926991,0.120896078646,0.0453345365822,0.00223433459178,0.00000545717284695],"max":[1.6535243988,18.024553299,62.4820632935,144.405975342,91.0927352905,157.548400879,157.124084473,170.697311401,202.402252197,141.381607056,292.928436279,389.52166748,564.246459961,424.044647217,350.684143066,381.160339355,504.61340332,563.878845215,441.244262695,634.347167969,383.330352783,504.212127686,296.553283691,260.146881104,492.45010376,1094.20495605,311.531738281,191.870010376,99.1739807129,127.689987183,212.658615112,163.704666138,151.765365601,89.5824966431,61.2017021179,11.4800901413,2.83026814461,2.02253341675,0.690495312214,0.0274379886687],"mean":[0.160172730684,1.55478489399,4.45038557053,6.5593123436,8.58378791809,8.79082298279,6.76159524918,7.01769065857,6.22454977036,5.92734718323,10.106127739,20.0581111908,34.2638969421,23.0750980377,17.5765476227,26.143037796,31.9275245667,29.5080757141,32.3676643372,27.118309021,40.8298034668,46.7862663269,36.0106506348,47.7979812622,54.3069572449,64.2904281616,31.6516017914,17.4636249542,10.7268733978,6.95356607437,5.04408359528,3.91611599922,2.80307793617,1.91501533985,0.890801787376,0.289003133774,0.114657759666,0.0425605997443,0.00721060950309,0.0003939504968],"median":[0.0596572831273,0.655932188034,1.77083230019,4.2541179657,4.97463226318,4.38807678223,3.81107568741,3.76757669449,2.83282065392,3.26457548141,4.13456773758,8.99614715576,11.0615377426,10.1384334564,10.2227725983,11.9275531769,12.5758686066,17.9735527039,24.7633018494,20.5090713501,35.5335273743,37.9664802551,31.0914611816,42.0953903198,42.892829895,45.7573852539,25.317243576,14.2461032867,8.58563423157,5.14916419983,3.08194184303,2.01717090607,1.36502349377,0.912636458874,0.318993449211,0.109457865357,0.0372690111399,0.00815322622657,0.0011416162597,0.0000965611252468],"min":[3.19058264105e-22,2.79783704387e-21,3.65717309104e-21,1.06558585888e-20,1.06131305096e-19,1.12008100231e-19,6.46131326734e-20,3.3407733725e-19,4.57669675445e-19,7.69659506732e-19,7.76544286066e-19,1.04873246102e-18,6.73883520628e-19,1.80469654515e-18,2.11190894311e-18,2.19536340191e-18,3.63201937518e-18,1.75059272923e-18,2.88767283597e-18,6.58816394751e-18,4.45021804706e-18,7.18204116343e-18,6.75136502801e-18,1.20615613989e-17,1.34355778795e-17,8.8761087123e-18,1.1625059844e-17,8.36003734557e-18,1.17787351126e-17,1.53598208415e-17,1.91089789176e-17,1.59814503806e-17,1.18774276858e-17,1.08054098838e-17,7.11923003079e-18,4.80994524697e-18,3.00775195715e-18,1.32102191391e-18,3.08345402755e-19,2.65950748463e-20],"var":[0.0599391274154,6.7467880249,58.8385696411,59.762008667,123.178146362,211.526809692,106.517181396,115.521263123,165.914047241,87.6866378784,350.013000488,1047.31616211,3511.69555664,1141.6340332,549.811279297,1462.32397461,2357.921875,1276.45678711,993.479248047,931.582641602,870.050292969,1488.14367676,615.643859863,1047.19921875,2099.79077148,4295.21679688,604.446166992,190.479095459,88.2770233154,59.886631012,80.6369171143,72.0709075928,54.2924003601,26.2007751465,7.55900096893,0.431153565645,0.0541015341878,0.0143026914448,0.000611434166785,0.00000153109692747]},"erbbands_crest":{"dmean":1.76893758774,"dmean2":2.95665979385,"dvar":3.12805175781,"dvar2":8.25771713257,"max":23.7462482452,"mean":6.49088859558,"median":5.81791400909,"min":2.62477350235,"var":6.60655832291},"erbbands_flatness_db":{"dmean":0.013952462934,"dmean2":0.0211818460375,"dvar":0.000172354470124,"dvar2":0.000361243670341,"max":0.383332282305,"mean":0.129000365734,"median":0.126563608646,"min":0.0428700223565,"var":0.00131179287564},"erbbands_kurtosis":{"dmean":0.695468842983,"dmean2":1.14291000366,"dvar":0.652388870716,"dvar2":1.65365970135,"max":21.4693279266,"mean":0.266314387321,"median":-0.0117748975754,"min":-1.81209754944,"var":1.61397087574},"erbbands_skewness":{"dmean":0.286477416754,"dmean2":0.46104285121,"dvar":0.0659401267767,"dvar2":0.163083791733,"max":2.80737948418,"mean":-0.614009320736,"median":-0.673056781292,"min":-2.62794041634,"var":0.31395098567},"erbbands_spread":{"dmean":8.78734588623,"dmean2":14.5303621292,"dvar":73.2991714478,"dvar2":198.770065308,"max":100.888290405,"mean":39.9920806885,"median":37.8636131287,"min":1.95765483379,"var":159.732269287},"gfcc":{"cov":[[8825.90234375,-298.057952881,157.509490967,627.84588623,-157.11932373,374.937133789,-57.1110839844,91.5375442505,-310.59753418,-28.6136169434,-209.128997803,-101.63785553,-66.0238723755],[-298.057952881,898.484680176,-252.168624878,209.264099121,72.8106994629,-22.0067710876,110.048553467,-23.5160713196,33.8480987549,-31.9546279907,12.8552513123,-37.8304443359,45.5838165283],[157.509490967,-252.168624878,588.247558594,95.3377609253,156.210479736,4.41891908646,-43.1905174255,-5.63957023621,42.2386932373,34.4316749573,-21.3647689819,33.659488678,-28.6224365234],[627.84588623,209.264099121,95.3377609253,461.454376221,86.1825637817,69.7210998535,-6.89492225647,-1.00446593761,13.2698478699,6.17959070206,-26.11236763,-21.1802520752,11.0501861572],[-157.11932373,72.8106994629,156.210479736,86.1825637817,191.108810425,8.32420253754,41.4557723999,-1.18997991085,33.2431030273,8.48449802399,-9.30325698853,4.64689064026,0.173457592726],[374.937133789,-22.0067710876,4.41891908646,69.7210998535,8.32420253754,212.058746338,75.3196868896,79.0087738037,-25.2541751862,-21.4118804932,-3.46093416214,-9.42789936066,1.30676925182],[-57.1110839844,110.048553467,-43.1905174255,-6.89492225647,41.4557723999,75.3196868896,150.983627319,60.4542579651,1.99949276447,-9.09642791748,7.577917099,-6.45579433441,3.82585191727],[91.5375442505,-23.5160713196,-5.63957023621,-1.00446593761,-1.18997991085,79.0087738037,60.4542579651,109.441818237,27.2864665985,8.91791534424,6.48337364197,-8.2085647583,5.81986665726],[-310.59753418,33.8480987549,42.2386932373,13.2698478699,33.2431030273,-25.2541751862,1.99949276447,27.2864665985,90.0076599121,40.0747070312,19.7076740265,1.29685020447,0.130657583475],[-28.6136169434,-31.9546279907,34.4316749573,6.17959070206,8.48449802399,-21.4118804932,-9.09642791748,8.91791534424,40.0747070312,70.9290542603,33.0211334229,7.98211860657,-6.25654411316],[-209.128997803,12.8552513123,-21.3647689819,-26.11236763,-9.30325698853,-3.46093416214,7.577917099,6.48337364197,19.7076740265,33.0211334229,65.831161499,22.2843647003,10.3939332962],[-101.63785553,-37.8304443359,33.659488678,-21.1802520752,4.64689064026,-9.42789936066,-6.45579433441,-8.2085647583,1.29685020447,7.98211860657,22.2843647003,54.2048149109,15.4365787506],[-66.0238723755,45.5838165283,-28.6224365234,11.0501861572,0.173457592726,1.30676925182,3.82585191727,5.81986665726,0.130657583475,-6.25654411316,10.3939332962,15.4365787506,50.2169876099]],"icov":[[0.000186356483027,-0.0000057630700212,-0.0000637967023067,-0.000242366673774,0.00020178113482,-0.000123288526083,0.000106175386463,-0.000327473622747,0.000851013115607,-0.00061055488186,0.000543161586393,0.0000327387424477,0.0000988210522337],[-0.0000057630700212,0.00233512744308,0.0010884120129,-0.00125820958056,-0.000666850246489,0.000816864543594,-0.00203756475821,0.00159627955873,-0.00173598050606,0.00179477629717,-0.00121528888121,0.00126486562658,-0.00118788913824],[-0.0000637967023067,0.0010884120129,0.00339801306836,-0.000599907303695,-0.00280464952812,-0.000105184277345,0.00073839421384,0.000148660372361,-0.00133175065275,-0.0000385606981581,0.000850120268296,-0.00208212831058,0.00139860599302],[-0.000242366673774,-0.00125820958056,-0.000599907303695,0.00387510377914,-0.00103289284743,-0.00198528775945,0.00173860590439,0.000740760704502,-0.000752317660954,-0.00134177634027,0.00114057422616,0.000690135057084,-0.00114769290667],[0.00020178113482,-0.000666850246489,-0.00280464952812,-0.00103289284743,0.00981549825519,-0.00021575174469,-0.00398758472875,0.00248431391083,-0.00208180770278,-0.000786705699284,0.00229203002527,-0.000214573577978,-0.00101412646472],[-0.000123288526083,0.000816864543594,-0.000105184277345,-0.00198528775945,-0.00021575174469,0.00970235746354,-0.00274686329067,-0.00623024208471,0.00349952024408,0.00340913934633,-0.003031977918,0.000420857599238,0.00106673268601],[0.000106175386463,-0.00203756475821,0.00073839421384,0.00173860590439,-0.00398758472875,-0.00274686329067,0.0135823106393,-0.00699711125344,0.00339444400743,-0.000352914736141,-0.000803277420346,-0.000930712092668,0.00228840950876],[-0.000327473622747,0.00159627955873,0.000148660372361,0.000740760704502,0.00248431391083,-0.00623024208471,-0.00699711125344,0.0213698521256,-0.0109972311184,-0.000283786532236,0.000855743128341,0.0031520803459,-0.00490064965561],[0.000851013115607,-0.00173598050606,-0.00133175065275,-0.000752317660954,-0.00208180770278,0.00349952024408,0.00339444400743,-0.0109972311184,0.0252705421299,-0.0110441865399,0.000345774198649,0.000975338683929,0.00122008216567],[-0.00061055488186,0.00179477629717,-0.0000385606981581,-0.00134177634027,-0.000786705699284,0.00340913934633,-0.000352914736141,-0.000283786532236,-0.0110441865399,0.0295096319169,-0.0152648258954,0.00114449765533,0.00432818289846],[0.000543161586393,-0.00121528888121,0.000850120268296,0.00114057422616,0.00229203002527,-0.003031977918,-0.000803277420346,0.000855743128341,0.000345774198649,-0.0152648258954,0.0293135456741,-0.00957542192191,-0.00294274883345],[0.0000327387424477,0.00126486562658,-0.00208212831058,0.000690135057084,-0.000214573577978,0.000420857599238,-0.000930712092668,0.0031520803459,0.000975338683929,0.00114449765533,-0.00957542192191,0.0277672801167,-0.00916197150946],[0.0000988210522337,-0.00118788913824,0.00139860599302,-0.00114769290667,-0.00101412646472,0.00106673268601,0.00228840950876,-0.00490064965561,0.00122008216567,0.00432818289846,-0.00294274883345,-0.00916197150946,0.0265024062246]],"mean":[38.0932579041,57.0875053406,-121.014884949,48.3970985413,-40.2612953186,9.09467124939,-25.9159412384,8.21538925171,-27.9121723175,-0.702130973339,-18.2151432037,-4.40052890778,-9.16857433319]},"hfc":{"dmean":9.55340194702,"dmean2":15.3977375031,"dvar":152.285980225,"dvar2":356.110137939,"max":191.086883545,"mean":32.3962135315,"median":30.822227478,"min":1.11339370717e-16,"var":385.454650879},"melbands":{"dmean":[0.00169369182549,0.00258677010424,0.000876888283528,0.000622965220828,0.000199437883566,0.000117505362141,0.0000774959044065,0.0000568674513488,0.0000635530377622,0.0000863457826199,0.000103023616248,0.0000553835743631,0.0000365929481632,0.0000295221907436,0.0000512255137437,0.0000345672960975,0.0000338509235007,0.0000321982079186,0.0000181866216735,0.000021813890271,0.0000230347704928,0.0000270207347057,0.0000217164561036,0.0000120528447951,0.0000176586308953,0.0000162202377396,0.0000245597238973,0.0000216891239688,0.0000136661219585,0.00000780455320637,0.00000431348917118,0.00000305111984744,0.00000231261151384,0.00000165483481851,0.00000135159154979,0.0000013777496406,0.00000106301126834,0.00000101125317542,0.00000101384978279,8.90595458714e-7],"dmean2":[0.00295675289817,0.00480657862499,0.00154315063264,0.0010815707501,0.000343718857039,0.00019665317086,0.000131840482936,0.0000967353626038,0.00010459565965,0.000137117138365,0.000164222277817,0.0000893669057405,0.0000605826971878,0.0000480722846987,0.0000820619752631,0.0000543978676433,0.0000558403044124,0.0000533639031346,0.0000305226749333,0.0000365908199456,0.0000388106636819,0.0000457492133137,0.0000367755455954,0.0000202359296964,0.0000294838846457,0.0000269573120022,0.0000395173046854,0.000036185116187,0.0000242291353061,0.0000136540429594,0.00000727695623937,0.00000510178733748,0.00000388092485082,0.00000268211465482,0.0000021122018552,0.00000215058980757,0.00000161157720413,0.00000155807288138,0.0000015519307226,0.00000134593642542],"dvar":[0.00000759826207286,0.0000230670721066,0.00000145441151744,0.00000140286590522,1.21347198956e-7,5.08768032148e-8,3.76888777964e-8,1.23856036538e-8,1.93309581675e-8,2.71194497969e-8,3.77481796932e-8,1.02755581821e-8,4.40816316782e-9,2.78921419294e-9,9.08506425645e-9,4.03726163611e-9,3.17296855457e-9,1.92386395703e-9,7.64558472088e-10,7.08126335347e-10,7.95888133176e-10,1.18889498246e-9,7.01258995317e-10,1.80997633548e-10,4.22251400511e-10,4.52620774194e-10,1.30305910506e-9,8.53151771452e-10,3.20870441328e-10,1.00583506801e-10,3.64854327306e-11,2.04464882525e-11,1.12781312067e-11,1.01986362064e-11,1.19985315086e-11,1.65326936169e-11,1.35372589874e-11,1.78894746239e-11,1.3702598084e-11,1.05522300967e-11],"dvar2":[0.0000209681420529,0.0000651835944154,0.00000395749793825,0.00000381072322853,3.2179522691e-7,1.2551834061e-7,9.77852110395e-8,3.22023900878e-8,4.78126906955e-8,6.4507453601e-8,9.42144993132e-8,2.5716925478e-8,1.17498162311e-8,7.11390724106e-9,2.1685403695e-8,9.41281985689e-9,8.01661226291e-9,4.79715822621e-9,1.993436749e-9,1.87036275356e-9,2.16527307195e-9,3.05831360237e-9,1.82671122673e-9,4.99447150304e-10,1.11301323713e-9,1.21861931657e-9,3.06436964692e-9,2.13113882097e-9,8.78107198066e-10,2.72374067745e-10,9.73785635461e-11,5.3577590281e-11,2.89622787558e-11,2.37335845421e-11,2.62651133481e-11,3.96839332228e-11,3.04548851415e-11,4.21707391229e-11,3.10875734877e-11,2.25244371765e-11],"max":[0.0158212464303,0.0281923022121,0.0226016156375,0.00957763940096,0.00440517766401,0.00351395574398,0.00302508659661,0.00148389511742,0.00217641005293,0.00225625373423,0.00292043806985,0.0017025724519,0.00120387494098,0.000912814750336,0.00170356861781,0.00117536121979,0.00123436411377,0.000764667987823,0.000711213797331,0.000483881973196,0.000633028219454,0.000733451335691,0.000646013475489,0.000179144684807,0.00025936178281,0.000340249331202,0.000660964113194,0.000693046778906,0.000279153493466,0.000106096209493,0.0000921556420508,0.0000669506262057,0.0000627252229606,0.0000750057733967,0.000139079173096,0.000165856501553,0.00011055390496,0.000114083355584,0.000090362264018,0.0000746653749957],"mean":[0.00163344817702,0.0023207985796,0.00118235405535,0.00068038754398,0.000257645151578,0.000157872011187,0.000088853375928,0.0000667889980832,0.0000905755514395,0.00012897689885,0.000174468339537,0.0000989319960354,0.0000592639880779,0.0000492903745908,0.000089680776,0.0000611827636021,0.0000546366354683,0.0000559364161745,0.000032646687032,0.0000440942858404,0.0000476226159662,0.0000492287290399,0.0000397754702135,0.0000272702545772,0.000040428887587,0.000035819131881,0.0000491374303238,0.0000401255056204,0.0000208546880458,0.0000136255139296,0.00000870853546076,0.00000623189134785,0.00000479073878523,0.00000348379603565,0.00000289768081529,0.0000028115148325,0.00000214115402741,0.00000188304477433,0.00000187872547031,0.00000156428950504],"median":[0.000692899455316,0.0009990548715,0.000809232587926,0.000348797795596,0.00014877441572,0.0000854649260873,0.0000406274666602,0.0000347918212356,0.0000325848304783,0.0000539178108738,0.0000529049139004,0.0000382925427402,0.0000330638977175,0.0000269385654974,0.0000312692354782,0.0000212730810745,0.0000324386164721,0.0000408563646488,0.0000225866497203,0.0000324831999023,0.0000405697355745,0.000038266320189,0.0000320779472531,0.0000242937985604,0.0000346649103449,0.0000298113118333,0.0000317788362736,0.0000283029039565,0.0000158831862791,0.0000110615583253,0.00000691575769451,0.00000483096209791,0.00000366881749869,0.00000244910256697,0.00000175911100087,0.00000148532171806,0.00000106239167508,8.97350332707e-7,8.88795227638e-7,7.06990817889e-7],"min":[4.03243606644e-24,2.59242136548e-24,4.43334385594e-24,8.81020211562e-24,4.96214256426e-24,6.52878324556e-24,9.69321593646e-24,9.01030457284e-24,6.40205353e-24,6.55478488986e-24,3.25237273525e-24,7.50655819379e-24,6.4225090877e-24,4.43932618261e-24,8.8508836725e-24,6.56012863363e-24,2.27685984567e-24,3.1474082837e-24,6.63626238846e-24,5.90994986998e-24,5.55731957902e-24,5.45275764375e-24,7.64583947521e-24,5.94562413227e-24,9.86350812893e-24,1.01679484849e-23,6.44917179744e-24,5.782834007e-24,7.66516972283e-24,4.02853238825e-24,4.9420865646e-24,5.78467994152e-24,8.33810988461e-24,7.60537169963e-24,1.05519517741e-23,9.86321151723e-24,8.80005105349e-24,7.13471835092e-24,6.45749585771e-24,8.7943042018e-24],"var":[0.00000617857313046,0.0000149694969878,0.00000158805346473,0.00000110635994588,1.2732878929e-7,5.65727305002e-8,3.27497531316e-8,1.26119950039e-8,3.29075788841e-8,4.53747865947e-8,9.46476674812e-8,2.4669901677e-8,6.75573863518e-9,4.3254386739e-9,2.35443824437e-8,1.2419161699e-8,5.40880051858e-9,3.30939564641e-9,1.68100411368e-9,1.75899095289e-9,1.30564403733e-9,2.02438688035e-9,1.09902908996e-9,3.29807792188e-10,8.65882643364e-10,7.95824572908e-10,3.20448045876e-9,1.70920355647e-9,3.19799131621e-10,1.18145118688e-10,5.48385468979e-11,3.32795076219e-11,2.0857902211e-11,2.04974856532e-11,2.58090025046e-11,3.612101937e-11,2.4433587098e-11,2.75555567947e-11,2.27730247854e-11,1.87116450806e-11]},"melbands_crest":{"dmean":4.08438444138,"dmean2":6.84808444977,"dvar":12.3822956085,"dvar2":31.8600273132,"max":30.1872272491,"mean":13.2585487366,"median":12.464635849,"min":1.76023411751,"var":24.2195587158},"melbands_flatness_db":{"dmean":0.0336625613272,"dmean2":0.0548626668751,"dvar":0.00129150121938,"dvar2":0.00347922928631,"max":0.4256901443,"mean":0.140614762902,"median":0.127893850207,"min":0.0034246831201,"var":0.00303378677927},"melbands_kurtosis":{"dmean":7.59275150299,"dmean2":13.3293113708,"dvar":180.511459351,"dvar2":487.181030273,"max":238.218917847,"mean":8.27384185791,"median":3.30575346947,"min":-1.57496798038,"var":203.930450439},"melbands_skewness":{"dmean":1.01478505135,"dmean2":1.69867992401,"dvar":1.46096432209,"dvar2":3.98626065254,"max":12.7778615952,"mean":2.37868309021,"median":1.97114610672,"min":-1.75016152859,"var":2.35442972183},"melbands_spread":{"dmean":14.6723661423,"dmean2":23.7910270691,"dvar":205.898513794,"dvar2":551.429992676,"max":172.237289429,"mean":44.2920379639,"median":43.5552902222,"min":1.43994808197,"var":484.819671631},"mfcc":{"cov":[[6464.24902344,-50.4644699097,153.351852417,340.693878174,103.47567749,205.354156494,234.652175903,89.9090499878,33.588092804,41.0206298828,-99.6442718506,-80.1418609619,-102.009902954],[-50.4644699097,597.88885498,-152.906967163,131.597061157,-32.5621681213,26.0055236816,23.9276943207,8.02118015289,41.4530410767,-18.5468330383,20.1967697144,-2.44983673096,17.1046638489],[153.351852417,-152.906967163,326.463256836,79.3195571899,124.159645081,49.3552932739,-13.781047821,13.3358840942,7.50179338455,10.0522890091,15.2439613342,9.87654304504,3.34303545952],[340.693878174,131.597061157,79.3195571899,378.900115967,128.605270386,92.2415237427,-21.2045478821,-20.0680999756,33.1989593506,-8.05585289001,16.400472641,-11.5230207443,17.4115638733],[103.47567749,-32.5621681213,124.159645081,128.605270386,169.709671021,60.9445495605,-12.9606103897,3.99234461784,23.9886627197,10.9449205399,6.08042907715,-3.27357959747,8.48322677612],[205.354156494,26.0055236816,49.3552932739,92.2415237427,60.9445495605,112.424095154,53.0667762756,35.3467559814,19.9273586273,-2.95040154457,6.30574846268,0.477403372526,-6.94842243195],[234.652175903,23.9276943207,-13.781047821,-21.2045478821,-12.9606103897,53.0667762756,144.303588867,82.2761917114,36.1225166321,15.3988552094,1.7473834753,10.7347888947,-4.6259522438],[89.9090499878,8.02118015289,13.3358840942,-20.0680999756,3.99234461784,35.3467559814,82.2761917114,108.761672974,48.4071922302,17.7623691559,2.93355870247,3.23105335236,-6.33773183823],[33.588092804,41.4530410767,7.50179338455,33.1989593506,23.9886627197,19.9273586273,36.1225166321,48.4071922302,78.6395721436,31.5150432587,12.0789871216,2.82468032837,-0.625983893871],[41.0206298828,-18.5468330383,10.0522890091,-8.05585289001,10.9449205399,-2.95040154457,15.3988552094,17.7623691559,31.5150432587,77.5435791016,24.8170490265,18.4461727142,9.10039997101],[-99.6442718506,20.1967697144,15.2439613342,16.400472641,6.08042907715,6.30574846268,1.7473834753,2.93355870247,12.0789871216,24.8170490265,57.8436126709,28.1805534363,7.2613658905],[-80.1418609619,-2.44983673096,9.87654304504,-11.5230207443,-3.27357959747,0.477403372526,10.7347888947,3.23105335236,2.82468032837,18.4461727142,28.1805534363,63.8283462524,24.0869007111],[-102.009902954,17.1046638489,3.34303545952,17.4115638733,8.48322677612,-6.94842243195,-4.6259522438,-6.33773183823,-0.625983893871,9.10039997101,7.2613658905,24.0869007111,57.0004005432]],"icov":[[0.000200369453523,0.0000228644057643,-0.0000878092541825,-0.000275625410723,0.0000914085248951,-0.0000396493378503,-0.000416721391957,0.0000882460954017,0.000220000845729,-0.000367544183973,0.000495556509122,0.0000177499314304,0.000389091379475],[0.0000228644057643,0.00247179018334,0.00124002131633,-0.00105174188502,0.000650006753858,-0.000297046964988,-0.000154408160597,0.000036031298805,-0.00136974430643,0.00117108458653,-0.00116672297008,0.000336730998242,-0.000789422134403],[-0.0000878092541825,0.00124002131633,0.00514652952552,-0.000276941107586,-0.00303159351461,-0.000526403775439,0.00101295870263,-0.00145047612023,0.000494924199302,0.000626574037597,-0.00147216860205,-0.000690131157171,-0.0000539752218174],[-0.000275625410723,-0.00105174188502,-0.000276941107586,0.0056111770682,-0.00228863116354,-0.0034963353537,0.00159055134282,0.00215116888285,-0.00249753240496,0.00135004275944,-0.00167237466667,0.00151435798034,-0.00226261350326],[0.0000914085248951,0.000650006753858,-0.00303159351461,-0.00228863116354,0.0123953279108,-0.00490474281833,0.00254499935545,0.000315642770147,-0.00262698740698,-0.00170906202402,0.00152111705393,0.00101749994792,-0.00173532834742],[-0.0000396493378503,-0.000297046964988,-0.000526403775439,-0.0034963353537,-0.00490474281833,0.0188182629645,-0.00718991179019,-0.0022022058256,0.00244887988083,0.0023115798831,-0.00141076080035,-0.00121931545436,0.00366543140262],[-0.000416721391957,-0.000154408160597,0.00101295870263,0.00159055134282,0.00254499935545,-0.00718991179019,0.0165176019073,-0.00909324828535,-0.00122822530102,-0.000730529660359,0.000888558162842,-0.00218440801837,-0.00125745602418],[0.0000882460954017,0.000036031298805,-0.00145047612023,0.00215116888285,0.000315642770147,-0.0022022058256,-0.00909324828535,0.0214877314866,-0.0097933774814,0.000660629360937,0.000472587300465,0.00118072971236,0.000138669885928],[0.000220000845729,-0.00136974430643,0.000494924199302,-0.00249753240496,-0.00262698740698,0.00244887988083,-0.00122822530102,-0.0097933774814,0.0244055874646,-0.00808959174901,-0.000312363699777,0.000767772435211,0.00231446279213],[-0.000367544183973,0.00117108458653,0.000626574037597,0.00135004275944,-0.00170906202402,0.0023115798831,-0.000730529660359,0.000660629360937,-0.00808959174901,0.0201152395457,-0.00760964071378,-0.00137833878398,-0.00265650521033],[0.000495556509122,-0.00116672297008,-0.00147216860205,-0.00167237466667,0.00152111705393,-0.00141076080035,0.000888558162842,0.000472587300465,-0.000312363699777,-0.00760964071378,0.0275582224131,-0.0110130421817,0.00391509896144],[0.0000177499314304,0.000336730998242,-0.000690131157171,0.00151435798034,0.00101749994792,-0.00121931545436,-0.00218440801837,0.00118072971236,0.000767772435211,-0.00137833878398,-0.0110130421817,0.0254342872649,-0.00995386671275],[0.000389091379475,-0.000789422134403,-0.0000539752218174,-0.00226261350326,-0.00173532834742,0.00366543140262,-0.00125745602418,0.000138669885928,0.00231446279213,-0.00265650521033,0.00391509896144,-0.00995386671275,0.023946762085]],"mean":[-601.325805664,86.2993545532,-14.2841968536,40.335231781,7.20742416382,8.75795459747,11.7092256546,4.90519618988,4.10935354233,3.23519706726,-3.84674501419,-3.70780873299,-2.8692343235]},"pitch_salience":{"dmean":0.0849921554327,"dmean2":0.141576498747,"dvar":0.00654811318964,"dvar2":0.0182059910148,"max":0.900511026382,"mean":0.600902616978,"median":0.615572452545,"min":0.186937406659,"var":0.0107566202059},"silence_rate_20dB":{"dmean":0,"dmean2":0,"dvar":0,"dvar2":0,"max":1,"mean":1,"median":1,"min":1,"var":0},"silence_rate_30dB":{"dmean":0,"dmean2":0,"dvar":0,"dvar2":0,"max":1,"mean":1,"median":1,"min":1,"var":0},"silence_rate_60dB":{"dmean":0.00514233252034,"dmean2":0.0102865537629,"dvar":0.00511603290215,"dvar2":0.0120183033869,"max":1,"mean":0.0389276519418,"median":0,"min":0,"var":0.0374100729823},"spectral_centroid":{"dmean":301.642852783,"dmean2":496.615509033,"dvar":80712.7421875,"dvar2":205046.625,"max":11579.40625,"mean":2397.81665039,"median":2444.91259766,"min":449.345123291,"var":290947.28125},"spectral_complexity":{"dmean":5.34839296341,"dmean2":8.41807460785,"dvar":23.0342121124,"dvar2":50.8084945679,"max":60,"mean":35.443813324,"median":38,"min":0,"var":145.492767334},"spectral_contrast_coeffs":{"dmean":[0.0608248226345,0.0489702150226,0.0381158962846,0.0294265337288,0.0203133821487,0.0199031978846],"dmean2":[0.101435385644,0.0811257064342,0.0624727681279,0.0492204651237,0.033623278141,0.0318951644003],"dvar":[0.00248559727333,0.00166037364397,0.000941876496654,0.000533170998096,0.000274428748526,0.000325630418956],"dvar2":[0.00680692307651,0.00432150950655,0.00244815018959,0.00142337894067,0.000727913691662,0.000813314516563],"max":[-0.416843235493,-0.504257142544,-0.568454086781,-0.618551254272,-0.661106228828,-0.593391537666],"mean":[-0.661345481873,-0.775284349918,-0.79161632061,-0.789735853672,-0.795100092888,-0.730691075325],"median":[-0.662973761559,-0.785796284676,-0.801245391369,-0.793404817581,-0.79734826088,-0.729062080383],"min":[-0.965668737888,-0.971066892147,-0.963099956512,-0.968609333038,-0.96166229248,-0.963618516922],"var":[0.00526036787778,0.00426780572161,0.0032487004064,0.0016638772795,0.00092693552142,0.00155061122496]},"spectral_contrast_valleys":{"dmean":[0.439736187458,0.406626313925,0.299090743065,0.258484095335,0.224152773619,0.231339380145],"dmean2":[0.723205447197,0.661717712879,0.483918011189,0.417537391186,0.363696575165,0.34219750762],"dvar":[0.137866139412,0.124315708876,0.0749081149697,0.0642683357,0.059882722795,0.08234513551],"dvar2":[0.326574981213,0.29838886857,0.168225765228,0.138013020158,0.12669326365,0.158294200897],"max":[-5.39896583557,-5.10860347748,-5.61477041245,-5.78112792969,-5.44994115829,-7.29428958893],"mean":[-7.02260065079,-6.9297952652,-7.08912277222,-7.13067293167,-6.49602508545,-9.60466861725],"median":[-6.78847694397,-6.81051063538,-6.96893405914,-6.98497962952,-6.30667877197,-9.37275886536],"min":[-27.3780860901,-27.7599563599,-27.6433200836,-27.3009719849,-27.3645343781,-27.361366272],"var":[1.49496293068,1.00661551952,1.02467179298,0.944065868855,1.12409186363,1.2965939045]},"spectral_decrease":{"dmean":3.76062869734e-9,"dmean2":6.63515598021e-9,"dvar":2.52303205913e-17,"dvar2":6.89580705842e-17,"max":2.39856940182e-16,"mean":-6.63375887555e-9,"median":-5.51112222524e-9,"min":-2.92451449724e-8,"var":2.29947243652e-17},"spectral_energy":{"dmean":0.0147314770147,"dmean2":0.0258958823979,"dvar":0.000370086403564,"dvar2":0.00100863911211,"max":0.11348118633,"mean":0.0279757548124,"median":0.0239796545357,"min":1.04476813008e-20,"var":0.000353440787876},"spectral_energyband_high":{"dmean":0.000861202599481,"dmean2":0.00143204536289,"dvar":0.0000014575748537,"dvar2":0.00000344456702805,"max":0.0190718155354,"mean":0.00203202548437,"median":0.00163920607883,"min":7.66687860381e-21,"var":0.0000030225203318},"spectral_energyband_low":{"dmean":0.0113610643893,"dmean2":0.0203200075775,"dvar":0.000367297034245,"dvar2":0.00102333677933,"max":0.103087738156,"mean":0.0120012490079,"median":0.00642820913345,"min":3.5110403444e-23,"var":0.000274237070698},"spectral_energyband_middle_high":{"dmean":0.00208753929473,"dmean2":0.0032723788172,"dvar":0.00000476391096527,"dvar2":0.0000113103697004,"max":0.0311792194843,"mean":0.00772730866447,"median":0.00710109435022,"min":1.25946952237e-21,"var":0.0000220576694119},"spectral_energyband_middle_low":{"dmean":0.00436935480684,"dmean2":0.00740271387622,"dvar":0.0000378272598027,"dvar2":0.000100681834738,"max":0.072099879384,"mean":0.00775861460716,"median":0.00591762596741,"min":2.91268474084e-22,"var":0.0000432507404184},"spectral_entropy":{"dmean":0.0856642201543,"dmean2":0.133053988218,"dvar":0.00766233773902,"dvar2":0.0159517135471,"max":9.82436466217,"mean":7.94295501709,"median":7.95515060425,"min":5.98973274231,"var":0.0510300546885},"spectral_flux":{"dmean":0.032911978662,"dmean2":0.0533862635493,"dvar":0.00152226828504,"dvar2":0.00285653094761,"max":0.296352177858,"mean":0.106434002519,"median":0.0965714901686,"min":6.50559120463e-11,"var":0.00281387893483},"spectral_kurtosis":{"dmean":0.960764050484,"dmean2":1.59484839439,"dvar":1.28819429874,"dvar2":3.5109732151,"max":41.1574859619,"mean":3.76848769188,"median":3.49895215034,"min":-1.2149964571,"var":5.11420345306},"spectral_rms":{"dmean":0.00121588632464,"dmean2":0.00206696125679,"dvar":0.00000191556364371,"dvar2":0.00000517599710292,"max":0.0105220414698,"mean":0.00493295583874,"median":0.00483681540936,"min":3.19262585119e-12,"var":0.00000295946506412},"spectral_rolloff":{"dmean":917.472473145,"dmean2":1550.34643555,"dvar":1419248.625,"dvar2":3558155,"max":20348.8769531,"mean":2916.58984375,"median":3057.71484375,"min":64.599609375,"var":2938694.5},"spectral_skewness":{"dmean":0.167438134551,"dmean2":0.27690628171,"dvar":0.0251840613782,"dvar2":0.065813139081,"max":4.66034889221,"mean":1.1502840519,"median":1.12116360664,"min":-0.0694111436605,"var":0.107135474682},"spectral_spread":{"dmean":426592,"dmean2":638515.1875,"dvar":427195432960,"dvar2":824035442688,"max":40911220,"mean":4241775.5,"median":4039492,"min":1249263.875,"var":2092155797500},"spectral_strongpeak":{"dmean":0.532913446426,"dmean2":0.948549985886,"dvar":1.27124142647,"dvar2":3.34625554085,"max":19.1284732819,"mean":0.65892803669,"median":0.293594509363,"min":0,"var":1.3203676939},"zerocrossingrate":{"dmean":0.0140847396106,"dmean2":0.0179219134152,"dvar":0.000210625250475,"dvar2":0.000325932633132,"max":0.52490234375,"mean":0.0957161262631,"median":0.091796875,"min":0.00830078125,"var":0.00148546451237}},"metadata":{"audio_properties":{"analysis_sample_rate":44100,"bit_rate":278942,"codec":"mp3","downmix":"mix","equal_loudness":0,"length":126.432655334,"lossless":false,"md5_encoded":"9ba5176654697bc957548c7bd3ff26a8","replay_gain":-4.87359046936,"sample_rate":44100},"tags":{"acoustid_id":["53943d22-7e89-47b1-9275-71b163bc231f"],"album":["The Unraveling"],"albumartist":["Rise Against"],"albumartistsort":["Rise Against"],"artist":["Rise Against"],"artists":["Rise Against"],"artistsort":["Rise Against"],"asin":["B000A2H7AY"],"barcode":["751097069523"],"catalognumber":["FAT695-2"],"date":["2005-08-23"],"file_name":"01 - Alive and Well.mp3","label":["Fat Wreck Chords"],"language":["eng"],"media":["CD"],"musicbrainz album release country":["US"],"musicbrainz album status":["official"],"musicbrainz album type":["album"],"musicbrainz release track id":["3129399f-1ad0-3f6e-ad85-cae5e5a1b558"],"musicbrainz_albumartistid":["606bf117-494f-4864-891f-09d63ff6aa4b"],"musicbrainz_albumid":["350602ac-b3d2-4429-a7ca-dca866d7d6fb"],"musicbrainz_artistid":["606bf117-494f-4864-891f-09d63ff6aa4b"],"musicbrainz_recordingid":["b54d8205-644d-47a7-bb1c-32d1c03737ee"],"musicbrainz_releasegroupid":["b8d78dea-7eb7-3c30-ae3d-083cf4863608"],"musicbrainz_workid":["6e6ff262-16a9-4cb1-b708-fdf1b53c069c"],"originaldate":["2001"],"script":["Latn"],"title":["Alive and Well"],"tracknumber":["1/18"],"work":["Alive and Well"]},"version":{"essentia":"2.1-beta1","essentia_build_sha":"65e368e5454dd45657e4cc002e00185f437e13e1","essentia_git_sha":"v2.1_beta1-28-g21ef5f4","extractor":"music 1.0"}},"rhythm":{"beats_count":234,"beats_loudness":{"dmean":0.00700374972075,"dmean2":0.0122413495556,"dvar":0.0000356757409463,"dvar2":0.000080129429989,"max":0.0526123791933,"mean":0.0245136003941,"median":0.0253215525299,"min":2.60869285285e-7,"var":0.0000793899744167},"beats_loudness_band_ratio":{"dmean":[0.148004963994,0.0841915458441,0.0752585977316,0.0881750509143,0.0634289011359,0.0775569453835],"dmean2":[0.248649612069,0.13787612319,0.126945912838,0.148348674178,0.106403835118,0.131129384041]