{"lowlevel":{"average_loudness":0.906208276749,"barkbands":{"dmean":[0.0000870486182976,0.00242038210854,0.00218068133108,0.000815933744889,0.00107252004091,0.00027664078516,0.000361535756383,0.00025700754486,0.000393073802115,0.000381680525606,0.000554363883566,0.000303975743009,0.000274638528936,0.000493674131576,0.000709037587512,0.00062085792888,0.000480327929836,0.000369196524844,0.000305512628984,0.000204380936339,0.000152652748511,0.000118783391372,0.000071065092925,0.0000355545344064,0.0000175631321326,0.00000549924516235,0.00000188580679605],"dmean2":[0.00014026039571,0.00399674009532,0.00379046518356,0.00145053328015,0.00189085851889,0.000458915194031,0.000625457032584,0.000417666335125,0.000637531920802,0.000631842820439,0.000924825319089,0.000499035755638,0.000460810755612,0.000828085234389,0.00118445209228,0.001057039015,0.000811898789834,0.000629112764727,0.000522793561686,0.000351461785613,0.00026305243955,0.000200208320166,0.000121222234156,0.0000575216727157,0.000027152520488,0.0000082791193563,0.00000284483326141],"dvar":[3.1795959643e-8,0.0000189021575352,0.0000112326451926,0.00000227011582865,0.00000673493241266,1.77464585249e-7,5.87657041251e-7,4.01876434353e-7,7.75773514761e-7,5.72866838411e-7,0.00000163233153216,2.10075270957e-7,2.32884389106e-7,7.6625337897e-7,0.00000157885267527,8.27400526759e-7,3.49245851794e-7,2.19145618985e-7,1.66000461377e-7,1.16985233944e-7,7.6217574474e-8,5.97112901346e-8,2.14051301128e-8,3.80808673484e-9,1.3521989084e-9,1.99148697533e-10,1.85265899844e-11],"dvar2":[7.74420030325e-8,0.0000480420785607,0.0000326491935994,0.00000641528049528,0.0000189635793504,4.78356525946e-7,0.00000164268283243,0.00000103066906831,0.00000198345946956,0.00000155696761794,0.00000456609905086,5.58475733214e-7,5.99499173859e-7,0.00000203335252991,0.00000447624006483,0.00000221525351662,9.62140916272e-7,6.24196673016e-7,4.73107434118e-7,3.30875820964e-7,2.14430968981e-7,1.62241590829e-7,6.0421328385e-8,9.62754764799e-9,2.76743383765e-9,4.36367081358e-10,3.95301881506e-11],"max":[0.0015713457251,0.0369296371937,0.0372700430453,0.0210470221937,0.0237612184137,0.00727152265608,0.00821125134826,0.0173050165176,0.0216424595565,0.0196313820779,0.0188485328108,0.0133031923324,0.0128701096401,0.0180448424071,0.021232906729,0.0219815354794,0.00977705791593,0.00557407643646,0.00561018567532,0.00560784805566,0.0034605904948,0.00300799449906,0.00199592788704,0.0015736973146,0.00110702798702,0.000444845150923,0.0000910572052817],"mean":[0.0000983211575658,0.00332934386097,0.00371421431191,0.000940323341638,0.00114573945757,0.000476818357129,0.000510124082211,0.000396751129301,0.000709170592017,0.000694760703482,0.000887324335054,0.00057348649716,0.000511944410391,0.000907570705749,0.00146309577394,0.00137723225635,0.0011666623177,0.0009517170256,0.000813714461401,0.000483469397295,0.000335400371114,0.000231289406656,0.00014270907559,0.000100667690276,0.0000442701639258,0.0000105389181044,0.00000239932001023],"median":[0.0000292503682431,0.00183564145118,0.00293377391063,0.000443844764959,0.000447636703029,0.000289715302642,0.000232507154578,0.0001979276567,0.000345268694218,0.000449922867119,0.000348385045072,0.000410456792451,0.000387425563531,0.000584372435696,0.000674629001878,0.00105600699317,0.00108202081174,0.000844699679874,0.000749734346755,0.000419303600211,0.000287839066004,0.000140732096042,0.0000734047716833,0.00005988983321,0.0000357700992026,0.00000687177907821,7.05465595274e-7],"min":[8.85453471799e-25,1.84062607597e-24,1.86727438899e-24,2.80774489387e-24,7.43337004558e-24,1.06649884421e-23,6.84393791037e-24,1.52287089175e-23,3.28655577432e-23,1.79391703013e-23,1.77223881691e-23,3.01944052984e-23,3.24449434194e-23,3.7420185019e-23,4.27480158888e-23,7.31585627643e-23,6.09747323009e-23,9.0571215743e-23,1.0552072312e-22,2.12593747797e-22,2.54206879989e-22,3.0710559513e-22,4.39776095952e-22,5.58338633589e-22,9.51264671655e-22,1.30093336421e-21,1.9659243766e-21],"var":[3.24360271975e-8,0.0000205865871976,0.0000137226179504,0.00000210372263609,0.00000520191906617,3.15925205996e-7,7.03268710822e-7,6.35115043224e-7,0.00000186971044513,9.70854671323e-7,0.00000284526163341,4.15707376078e-7,3.88575699617e-7,0.00000137623214869,0.00000408797222917,0.0000020797833713,0.00000105058722966,7.13043448286e-7,4.87707666252e-7,2.03199377324e-7,1.09919660929e-7,8.34202396049e-8,3.15957287e-8,1.39508697927e-8,3.13908787852e-9,2.9682109548e-10,2.73328998324e-11]},"barkbands_crest":{"dmean":2.07925915718,"dmean2":3.4334359169,"dvar":4.04771900177,"dvar2":10.5472784042,"max":25.4837741852,"mean":7.64368057251,"median":6.57692956924,"min":2.21371674538,"var":14.2682857513},"barkbands_flatness_db":{"dmean":0.0154450768605,"dmean2":0.0242873542011,"dvar":0.000308578717522,"dvar2":0.000683951016981,"max":0.37715113163,"mean":0.103899948299,"median":0.0859848707914,"min":0.022330917418,"var":0.0025835793931},"barkbands_kurtosis":{"dmean":1.9585558176,"dmean2":3.0847864151,"dvar":58.4813461304,"dvar2":133.025421143,"max":302.025817871,"mean":2.29726409912,"median":-0.929208159447,"min":-1.85565364361,"var":172.417663574},"barkbands_skewness":{"dmean":0.461005717516,"dmean2":0.721042394638,"dvar":0.358080387115,"dvar2":0.812303602695,"max":13.8481769562,"mean":0.702594637871,"median":0.320535421371,"min":-2.24427199364,"var":2.43039488792},"barkbands_spread":{"dmean":5.13444805145,"dmean2":8.12392711639,"dvar":30.7431335449,"dvar2":70.2774810791,"max":102.573753357,"mean":33.2078781128,"median":35.8002204895,"min":0.720668852329,"var":160.860977173},"dissonance":{"dmean":0.00796536356211,"dmean2":0.0135151986033,"dvar":0.0000971010595094,"dvar2":0.000252131489106,"max":0.500000059605,"mean":0.487110316753,"median":0.490924298763,"min":0.260623335838,"var":0.000209608231671},"dynamic_complexity":3.96142339706,"erbbands":{"dmean":[0.0566583573818,0.614916265011,2.31664562225,2.4498269558,3.67790651321,3.46510314941,2.27944421768,2.41238069534,4.58552408218,5.10332298279,6.108751297,9.54456615448,10.0036401749,14.066192627,20.3182411194,12.7547750473,12.227022171,19.3426094055,32.1204872131,34.373085022,31.3212776184,24.4401035309,20.2801952362,16.9635181427,13.7659988403,9.30061340332,7.39451980591,5.28588867188,4.41552352905,3.39928555489,1.80245053768,0.856922209263,0.563070118427,0.270862936974,0.106193371117,0.0320172086358,0.00899227987975,0.00186235946603,0.000297187187243,0.0000261555524048],"dmean2":[0.0987087786198,1.01999616623,3.98258423805,4.30771827698,6.53032493591,6.1580452919,3.86088728905,4.06605195999,7.8631196022,8.66593360901,9.87966060638,15.370059967,16.2085094452,23.6899662018,33.7566108704,20.9043636322,20.5043125153,32.1882743835,53.7911453247,57.5277290344,53.721496582,41.3904190063,34.4727783203,29.1980934143,23.7323951721,16.0420265198,12.8341732025,9.07729625702,7.44796705246,5.79688549042,3.0320649147,1.4009346962,0.91507512331,0.431914329529,0.161833822727,0.0483418107033,0.0135827437043,0.00280254753307,0.000446639896836,0.0000390917412005],"dvar":[0.0139200333506,1.17779552937,13.4158744812,15.877374649,70.4051132202,76.1764373779,14.5351629257,16.9539546967,84.5972595215,115.873939514,245.274963379,512.389099121,317.181396484,1146.53552246,2191.32373047,396.400177002,519.506225586,1357.18054199,3181.29125977,3656.23242188,1658.39086914,923.567871094,649.508911133,489.39944458,412.540588379,241.327468872,150.666809082,110.004295349,81.996421814,62.3872451782,10.8896980286,2.23255562782,1.04624652863,0.263211727142,0.0641055032611,0.00714581925422,0.000528422126081,0.0000147293394548,4.60503002842e-7,2.86872436916e-9],"dvar2":[0.0386114269495,2.96247506142,37.9645614624,45.2782325745,197.499755859,215.166091919,39.5204963684,46.6135635376,232.372497559,318.589935303,635.876159668,1311.2911377,798.097412109,3296.91552734,6076.41357422,1059.75195312,1323.01672363,3568.02441406,8873.18652344,9867.35839844,4705.38964844,2552.40942383,1821.11193848,1412.93603516,1163.86120605,679.47869873,423.420013428,307.637451172,224.517471313,175.530593872,30.3565559387,5.90224933624,2.5709335804,0.595649898052,0.133974403143,0.0153213310987,0.00115402066149,0.0000336516895914,9.87539579e-7,5.98690919063e-9],"max":[0.924671888351,10.463809967,44.8069648743,57.0533027649,82.752456665,89.1963653564,69.3047637939,58.7987174988,119.548721313,178.667404175,417.735595703,527.387756348,444.385498047,838.940795898,818.823425293,602.558959961,678.124633789,987.881713867,918.698364258,1137.32666016,616.850708008,498.058013916,349.65435791,326.556304932,320.293640137,227.775924683,154.078826904,146.758117676,105.544799805,95.0370178223,46.889919281,32.5528526306,33.3293151855,15.4647989273,9.08182525635,2.78776454926,0.617228627205,0.0989648774266,0.0129162594676,0.00139138847589],"mean":[0.0670210197568,0.882166326046,4.05080366135,3.74226117134,3.73463344574,3.54256606102,3.59573602676,3.8423705101,6.5863866806,7.70096492767,10.4681596756,17.2700157166,19.5157394409,25.1416091919,35.2913665771,25.550994873,24.7640590668,38.3925590515,66.538848877,79.0705490112,75.2500762939,65.6216278076,55.8962364197,46.271812439,35.061000824,22.5808067322,17.086233139,11.1761693954,8.49293422699,5.92142820358,3.85458278656,2.22392106056,1.50138413906,0.697720766068,0.252628237009,0.0670656710863,0.0161106530577,0.00284678838216,0.000396611721953,0.0000547324707441],"median":[0.0321551710367,0.514356911182,3.10894536972,2.48652124405,1.35127997398,1.26510286331,1.82461798191,2.34496736526,3.30836248398,3.83558487892,5.63900279999,8.18110656738,13.7314014435,13.9435768127,16.5716762543,18.7629737854,19.7090454102,26.9680862427,37.0947189331,40.8684539795,65.4596557617,62.740447998,51.694152832,42.6702728271,32.334236145,19.7269496918,15.1932048798,8.76926803589,5.19794082642,3.17165231705,1.99091792107,1.34159529209,0.925938010216,0.51670563221,0.199569553137,0.0490260384977,0.00947674829513,0.00126944691874,0.000131659646286,0.0000415874892497],"min":[4.75049134116e-23,6.69510415447e-22,2.94720756597e-21,6.69891815179e-21,2.14768382606e-20,1.64602738043e-20,3.71078489605e-20,8.73481918094e-20,9.09805680613e-20,2.63310433184e-19,4.37018180874e-19,6.08199072739e-19,5.79476932028e-19,9.66802702893e-19,9.3657452478e-19,1.52729056659e-18,1.67583297265e-18,1.74995104387e-18,2.50383993864e-18,3.45315004632e-18,3.82170140222e-18,4.30188884679e-18,5.61868841726e-18,7.38822999317e-18,5.93705948169e-18,8.78461095602e-18,9.86010457101e-18,1.21185682052e-17,1.11012005718e-17,1.24553547916e-17,1.21243841121e-17,1.24536756149e-17,1.08462337285e-17,8.64493489214e-18,7.08981135231e-18,3.86689069267e-18,2.17485449259e-18,1.01015430822e-18,2.47306375337e-19,2.91741335233e-20],"var":[0.0114204259589,1.32613182068,16.7953662872,17.7126941681,54.7577285767,56.5739364624,24.881401062,22.5231323242,110.277481079,166.069503784,432.295562744,1185.31384277,604.803222656,1762.07189941,3943.97607422,783.974304199,873.960083008,2286.27954102,7355.31591797,10623.8017578,4689.18554688,3116.4609375,2341.60327148,1592.05493164,946.277770996,432.540252686,252.73147583,145.618667603,112.703613281,68.5166320801,21.2507686615,6.45528888702,3.3557639122,0.689959824085,0.121106080711,0.0108436057344,0.000805690709967,0.0000230832902162,6.80291009303e-7,4.38525082913e-9]},"erbbands_crest":{"dmean":1.85509610176,"dmean2":3.13486909866,"dvar":3.620896101,"dvar2":9.24331188202,"max":27.9479694366,"mean":6.94421625137,"median":6.29024600983,"min":2.28346443176,"var":7.52219820023},"erbbands_flatness_db":{"dmean":0.0135555854067,"dmean2":0.0208013541996,"dvar":0.00016744864115,"dvar2":0.000363101105904,"max":0.287193596363,"mean":0.161888152361,"median":0.156039476395,"min":0.0200527571142,"var":0.00185150874313},"erbbands_kurtosis":{"dmean":0.772768199444,"dmean2":1.25711607933,"dvar":0.896085321903,"dvar2":2.08777594566,"max":21.3494968414,"mean":0.760741889477,"median":0.532424688339,"min":-1.82830452919,"var":2.365858078},"erbbands_skewness":{"dmean":0.261747866869,"dmean2":0.414092838764,"dvar":0.0673042312264,"dvar2":0.153277799487,"max":3.90761613846,"mean":-0.485178589821,"median":-0.567832887173,"min":-3.11887121201,"var":0.292338222265},"erbbands_spread":{"dmean":6.18805742264,"dmean2":9.84086513519,"dvar":64.7764816284,"dvar2":138.385299683,"max":159.667617798,"mean":32.39295578,"median":27.0198669434,"min":4.00398254395,"var":451.836669922},"gfcc":{"cov":[[18514.2539062,-1189.74450684,-1025.34411621,861.398254395,-520.568664551,1180.72265625,-773.266052246,811.684570312,-272.296112061,12.7147254944,-289.418579102,1.90732586384,-148.075531006],[-1189.74450684,1530.92004395,-632.722412109,-108.076499939,188.623855591,-365.560394287,285.877593994,-196.341491699,130.347808838,-88.7888946533,121.98046875,-71.7437744141,35.1521568298],[-1025.34411621,-632.722412109,1639.77502441,160.216094971,61.1457252502,306.815002441,-38.9406356812,62.1183166504,-12.7014636993,132.189605713,-70.7119445801,-6.5434217453,-90.7974472046],[861.398254395,-108.076499939,160.216094971,256.885437012,-27.0967979431,102.666465759,-28.0404529572,49.8467750549,-5.97800588608,6.28914785385,-0.138892233372,-4.45335817337,-18.571937561],[-520.568664551,188.623855591,61.1457252502,-27.0967979431,230.244598389,42.2140083313,111.018699646,7.19196605682,38.0039482117,10.0910758972,16.8917369843,-14.2088441849,8.07190227509],[1180.72265625,-365.560394287,306.815002441,102.666465759,42.2140083313,343.44418335,-36.8325080872,142.491317749,-24.1815547943,35.2304115295,-39.3148612976,-0.828294456005,-21.1928730011],[-773.266052246,285.877593994,-38.9406356812,-28.0404529572,111.018699646,-36.8325080872,183.738708496,-29.1045436859,36.8109474182,-5.94294261932,38.0683784485,-17.741355896,1.87267959118],[811.684570312,-196.341491699,62.1183166504,49.8467750549,7.19196605682,142.491317749,-29.1045436859,164.678268433,15.4670495987,25.0681762695,-21.1294994354,3.81576108932,-3.99171185493],[-272.296112061,130.347808838,-12.7014636993,-5.97800588608,38.0039482117,-24.1815547943,36.8109474182,15.4670495987,72.6988983154,15.2348222733,15.8119659424,-11.9530715942,4.72527503967],[12.7147254944,-88.7888946533,132.189605713,6.28914785385,10.0910758972,35.2304115295,-5.94294261932,25.0681762695,15.2348222733,61.082824707,8.04355239868,5.05022096634,-10.3159837723],[-289.418579102,121.98046875,-70.7119445801,-0.138892233372,16.8917369843,-39.3148612976,38.0683784485,-21.1294994354,15.8119659424,8.04355239868,65.1909561157,18.3822975159,11.1442747116],[1.90732586384,-71.7437744141,-6.5434217453,-4.45335817337,-14.2088441849,-0.828294456005,-17.741355896,3.81576108932,-11.9530715942,5.05022096634,18.3822975159,49.8138618469,22.6510276794],[-148.075531006,35.1521568298,-90.7974472046,-18.571937561,8.07190227509,-21.1928730011,1.87267959118,-3.99171185493,4.72527503967,-10.3159837723,11.1442747116,22.6510276794,48.0709075928]],"icov":[[0.000195069151232,-0.000279235653579,0.000336740980856,-0.000469818653073,0.000203664545552,-0.000681860547047,0.000576002930757,-0.000420364056481,0.000519838533364,-0.00059248477919,0.000795195286628,-0.000587352842558,0.000781618815381],[-0.000279235653579,0.00235696090385,-0.000159314600751,0.000479160342366,-0.00112957309466,0.00186864600983,-0.00190651742741,0.00152958545368,-0.00264148158021,0.00262947008014,-0.00314716179855,0.00327020138502,-0.00147207942791],[0.000336740980856,-0.000159314600751,0.0017028581351,-0.00131766498089,-0.0000532101548743,-0.00178109016269,0.000669535133056,0.000406943669077,0.00025191140594,-0.00270911352709,0.00264707696624,-0.00186733866576,0.00275261001661],[-0.000469818653073,0.000479160342366,-0.00131766498089,0.0061897886917,0.000554663070943,0.000248938798904,-0.000763509713579,0.000124878453789,-0.00140199624002,0.00318554299884,-0.0044610677287,0.0024794600904,-0.00115100189578],[0.000203664545552,-0.00112957309466,-0.0000532101548743,0.000554663070943,0.00790453702211,-0.00298311840743,-0.00296601327136,-0.000326412933646,-0.000645848689601,-0.00162035180256,0.0014233882539,-0.000262489746092,-0.00147740589455],[-0.000681860547047,0.00186864600983,-0.00178109016269,0.000248938798904,-0.00298311840743,0.0097247697413,-0.00213889079168,-0.00344443600625,0.0014753236901,0.00194405275397,-0.00286581693217,0.00392556842417,-0.00306244799867],[0.000576002930757,-0.00190651742741,0.000669535133056,-0.000763509713579,-0.00296601327136,-0.00213889079168,0.0122759491205,-0.00121849449351,0.000855513091665,-0.00025448872475,-0.00206888862886,0.000330028909957,0.00329918111674],[-0.000420364056481,0.00152958545368,0.000406943669077,0.000124878453789,-0.000326412933646,-0.00344443600625,-0.00121849449351,0.0135285342112,-0.00776887172833,-0.00050901301438,0.00126129691489,-0.00117146933917,-0.000975355214905],[0.000519838533364,-0.00264148158021,0.00025191140594,-0.00140199624002,-0.000645848689601,0.0014753236901,0.000855513091665,-0.00776887172833,0.0256229508668,-0.00920617301017,-0.000524664181285,0.00569415930659,-0.00350829935633],[-0.00059248477919,0.00262947008014,-0.00270911352709,0.00318554299884,-0.00162035180256,0.00194405275397,-0.00025448872475,-0.00050901301438,-0.00920617301017,0.0293321255594,-0.0110158286989,0.000861677748617,0.00280997739173],[0.000795195286628,-0.00314716179855,0.00264707696624,-0.0044610677287,0.0014233882539,-0.00286581693217,-0.00206888862886,0.00126129691489,-0.000524664181285,-0.0110158286989,0.0329729989171,-0.0188229084015,0.00562291266397],[-0.000587352842558,0.00327020138502,-0.00186733866576,0.0024794600904,-0.000262489746092,0.00392556842417,0.000330028909957,-0.00117146933917,0.00569415930659,0.000861677748617,-0.0188229084015,0.0429070293903,-0.0213340651244],[0.000781618815381,-0.00147207942791,0.00275261001661,-0.00115100189578,-0.00147740589455,-0.00306244799867,0.00329918111674,-0.000975355214905,-0.00350829935633,0.00280997739173,0.00562291266397,-0.0213340651244,0.0374266132712]],"mean":[-7.88558292389,81.5032196045,-144.211761475,47.7192344666,-40.7170143127,16.0054645538,-28.24634552,9.95068454742,-18.4594211578,-2.02977156639,-16.3586235046,-4.78708314896,-9.09401607513]},"hfc":{"dmean":5.96761035919,"dmean2":9.91140651703,"dvar":85.0863342285,"dvar2":229.188446045,"max":124.481063843,"mean":27.9323425293,"median":28.7471885681,"min":1.09685744029e-16,"var":422.646881104},"melbands":{"dmean":[0.000591296178754,0.00101976771839,0.000449967890745,0.00026978936512,0.0000872062664712,0.000053244868468,0.0000719762465451,0.0000542537309229,0.0000538132007932,0.0000584848203289,0.0000511400976393,0.0000564511574339,0.0000784989533713,0.0000369142617274,0.000028452679544,0.0000280362910416,0.0000415803588112,0.000054230724345,0.0000538020394742,0.0000446195408585,0.0000398129996029,0.0000277506278508,0.0000260991346295,0.0000168665228557,0.0000155684538186,0.000011827473827,0.00000938963421504,0.00000638562778477,0.00000503544970343,0.00000414490250478,0.00000315178203891,0.00000272744728136,0.00000221898312702,0.00000187735577128,0.00000114993440548,7.42279439692e-7,5.20047422015e-7,4.17004116571e-7,4.03048460385e-7,2.10371553067e-7],"dmean2":[0.000983647769317,0.00171328627039,0.000791288737673,0.000479473324958,0.000149983694428,0.0000889944130904,0.000123880206957,0.0000915631317184,0.0000867766721058,0.0000945874853642,0.0000830890567158,0.0000949838140514,0.000130874163006,0.0000609828421148,0.0000476516506751,0.00004685156091,0.0000697634095559,0.0000910750604817,0.0000903833497432,0.0000754958527978,0.0000684643455315,0.0000469835067634,0.0000440626463387,0.0000288200681098,0.0000267876566795,0.0000203526742553,0.0000162925862242,0.0000109969350888,0.00000877210368344,0.000007112482308,0.00000543341820958,0.00000462205525764,0.00000374383307644,0.00000325313862959,0.00000193762207346,0.00000125042402033,8.51746960961e-7,6.86509395109e-7,6.61424110149e-7,3.40420712064e-7],"dvar":[0.00000125667304474,0.00000267601876658,5.45829664134e-7,4.4456072601e-7,2.51047058697e-8,7.38584482463e-9,2.22691465268e-8,1.28888357764e-8,1.81694854717e-8,1.8035672511e-8,8.44938519151e-9,1.86557294057e-8,3.54629676735e-8,3.20959347988e-9,1.81235226826e-9,2.70251532264e-9,6.62226096182e-9,8.68042704383e-9,1.01825818888e-8,5.93248739023e-9,2.68239674917e-9,1.18713960884e-9,1.0652498883e-9,5.00959662642e-10,4.0871578344e-10,2.73770200954e-10,2.23421864343e-10,1.07890661682e-10,6.72092659304e-11,5.01116786955e-11,3.81246492709e-11,2.98491648065e-11,2.20469632134e-11,1.97419129655e-11,4.21418846e-12,1.71330625468e-12,8.01859338477e-13,6.27159890861e-13,4.88592998525e-13,1.82997443154e-13],"dvar2":[0.00000328914916281,0.00000720657862985,0.00000154375470629,0.00000125103156279,7.01078590737e-8,2.01771772623e-8,6.14594384274e-8,3.45162760595e-8,4.67238230328e-8,4.65007659045e-8,2.11682156248e-8,5.34920943096e-8,9.87716788359e-8,8.68443716939e-9,5.03826758091e-9,6.69110766793e-9,1.76636572036e-8,2.39136497271e-8,2.8878849534e-8,1.53659733826e-8,7.60883089868e-9,3.29792237963e-9,2.95736990452e-9,1.41662781505e-9,1.18577658803e-9,7.72462427356e-10,6.355593829e-10,3.04128111583e-10,1.89764634562e-10,1.4104391266e-10,1.06396592925e-10,8.20808560009e-11,6.02386404647e-11,5.61307493541e-11,1.16603289524e-11,4.74661109029e-12,2.09171959267e-12,1.53359725093e-12,1.22834381555e-12,4.08047673341e-13],"max":[0.0093687325716,0.019917562604,0.0104268100113,0.00620654039085,0.00190025183838,0.00116918573622,0.00186073943041,0.00191686558537,0.00343180075288,0.00283180759288,0.00215655332431,0.00353054027073,0.00296728801914,0.00141887436621,0.000944577739574,0.00160627195146,0.00219328841195,0.00182944140397,0.00217553623952,0.00199368130416,0.000832735968288,0.000453436747193,0.000569930823985,0.000291378179099,0.000274245830951,0.00022411061218,0.000266362971161,0.000137694893056,0.000116206516395,0.000081870421127,0.0000868742354214,0.000061419843405,0.0000564509609831,0.0000540662440471,0.0000286244940071,0.0000169254817592,0.0000208827023016,0.0000287770999421,0.0000171344454429,0.0000140754927997],"mean":[0.000758564274292,0.00182528968435,0.000672995287459,0.000268377800239,0.000129648600705,0.000088655455329,0.000102493293525,0.0000835601895233,0.0000930480964598,0.000105334220279,0.0000956583025982,0.0000964590799413,0.00012769800378,0.000070884496381,0.0000557247476536,0.0000521344481967,0.0000742520496715,0.000102819642052,0.000111097971967,0.0000970754990703,0.0000861630251165,0.0000660841469653,0.0000622004226898,0.0000418945528509,0.0000374505179934,0.0000285372007056,0.0000198468842427,0.0000139423709697,0.0000108928161353,0.00000840659049572,0.00000602615591561,0.00000499044244862,0.00000392193805965,0.00000300322062685,0.00000232615161622,0.00000164190737451,0.00000126549093693,0.00000102800493096,9.5003719025e-7,4.80296023397e-7],"median":[0.000400081393309,0.00138801825233,0.000446071615443,0.0000923262996366,0.0000646246189717,0.0000556304948987,0.0000506392316311,0.0000432539600297,0.0000471230378025,0.0000514129351359,0.0000646253611194,0.0000520790999872,0.0000530717734364,0.0000493587067467,0.0000428653293056,0.0000391888497688,0.0000489563390147,0.0000586678979744,0.0000472522660857,0.0000603104854235,0.000073673130828,0.0000610736897215,0.0000561963606742,0.0000362629871233,0.0000331708979502,0.0000254374790529,0.0000170935963979,0.0000117597783174,0.00000934307354328,0.0000069533371061,0.00000438009647041,0.00000306672563966,0.00000212267650568,0.00000152671350406,0.00000116099624847,9.29411328343e-7,7.68925019656e-7,6.37637072032e-7,5.6503711221e-7,3.66242886685e-7],"min":[6.59486089739e-25,1.78125245994e-24,1.88340541122e-24,1.93076487288e-24,1.17151317148e-24,2.11993194301e-24,1.25972813385e-24,2.8532414605e-24,2.89703073492e-24,4.44499296493e-24,2.6851377654e-24,3.95773764403e-24,2.37605161032e-24,2.22710500787e-24,2.82814818954e-24,3.42331277973e-24,2.57475581159e-24,3.62951431504e-24,4.75662260477e-24,4.33460055871e-24,4.34078443935e-24,3.17651350402e-24,5.10124359097e-24,4.65279667673e-24,5.6043451553e-24,3.8972371402e-24,4.22371905873e-24,5.31143755132e-24,5.4351250248e-24,4.32059748878e-24,4.152246683e-24,5.09278266333e-24,4.98499231481e-24,6.15624723295e-24,5.71527595908e-24,5.50686758539e-24,6.69134775661e-24,6.05709333362e-24,7.09556639533e-24,6.55533906465e-24],"var":[0.0000012266630165,0.00000341561917594,5.73803163206e-7,3.28572724584e-7,3.35631469284e-8,1.09524247449e-8,2.79039014117e-8,1.97605825036e-8,3.67112100719e-8,4.11117717647e-8,1.5907669848e-8,2.80274594644e-8,6.08207670894e-8,6.62716859168e-9,3.58414053991e-9,4.35122071707e-9,9.91806192729e-9,1.81480537265e-8,2.58002792464e-8,1.45717198308e-8,6.34322949722e-9,3.39249628389e-9,3.12283909842e-9,1.45659151407e-9,1.12309761491e-9,6.52348453034e-10,3.59015206453e-10,1.80653617066e-10,1.09134069837e-10,7.13476777658e-11,4.82075906971e-11,3.99247822302e-11,2.8332919344e-11,1.96992023388e-11,8.18437418532e-12,3.67772999554e-12,2.28171518138e-12,1.70820399926e-12,1.43617279527e-12,3.90037069482e-13]},"melbands_crest":{"dmean":3.13382315636,"dmean2":5.07160758972,"dvar":8.4316034317,"dvar2":20.8422374725,"max":31.4463672638,"mean":13.9256486893,"median":13.3640260696,"min":1.73285424709,"var":37.7423362732},"melbands_flatness_db":{"dmean":0.0218640752137,"dmean2":0.0342068597674,"dvar":0.0006073571858,"dvar2":0.00133167521562,"max":0.52135437727,"mean":0.151097074151,"median":0.128193795681,"min":0.00314230308868,"var":0.00562894623727},"melbands_kurtosis":{"dmean":6.834004879,"dmean2":10.7281970978,"dvar":574.508483887,"dvar2":1360.74023438,"max":547.910827637,"mean":12.9744100571,"median":1.2468047142,"min":-1.80876946449,"var":1909.44006348},"melbands_skewness":{"dmean":0.6811439991,"dmean2":1.0608676672,"dvar":0.915795445442,"dvar2":2.00831580162,"max":19.4257736206,"mean":2.1130437851,"median":1.49228322506,"min":-1.25871312618,"var":6.11136102676},"melbands_spread":{"dmean":9.00884819031,"dmean2":14.5278997421,"dvar":85.2517776489,"dvar2":197.494995117,"max":220.520523071,"mean":45.049118042,"median":47.4211425781,"min":0.495803624392,"var":482.261779785},"mfcc":{"cov":[[11235.8232422,-1076.9420166,-458.432373047,-81.3381729126,282.052337646,127.008056641,-63.3535575867,492.239532471,60.3718261719,279.1824646,-27.2234344482,-102.571350098,17.5481853485],[-1076.9420166,1255.78234863,-397.706604004,132.919952393,-86.0534515381,-3.61310195923,52.0551185608,-34.005279541,19.0063266754,-20.1430721283,50.7880897522,56.4086380005,2.26629447937],[-458.432373047,-397.706604004,1110.33422852,88.6840057373,171.71333313,174.197937012,27.4638996124,1.87430047989,22.5963096619,43.7978935242,65.4582901001,-5.57649230957,10.9607658386],[-81.3381729126,132.919952393,88.6840057373,204.037216187,3.0263736248,31.0931739807,8.4476776123,5.60778474808,-5.88689565659,4.5336933136,20.854932785,24.0866069794,9.33331012726],[282.052337646,-86.0534515381,171.71333313,3.0263736248,162.719192505,69.5528488159,29.6335678101,39.2919921875,42.8961029053,41.5366668701,11.821354866,-3.59950494766,12.900639534],[127.008056641,-3.61310195923,174.197937012,31.0931739807,69.5528488159,164.371124268,69.9695739746,43.2290725708,20.916343689,36.432308197,27.6725234985,-2.68860912323,1.19229054451],[-63.3535575867,52.0551185608,27.4638996124,8.4476776123,29.6335678101,69.9695739746,113.154937744,45.1970710754,26.0193729401,16.3607692719,21.7225532532,19.4679889679,5.09796524048],[492.239532471,-34.005279541,1.87430047989,5.60778474808,39.2919921875,43.2290725708,45.1970710754,101.42855072,39.2504234314,38.2519454956,9.34101581573,4.34313964844,7.73230457306],[60.3718261719,19.0063266754,22.5963096619,-5.88689565659,42.8961029053,20.916343689,26.0193729401,39.2504234314,76.5977096558,42.5779647827,14.1208372116,6.06629371643,-0.518589317799],[279.1824646,-20.1430721283,43.7978935242,4.5336933136,41.5366668701,36.432308197,16.3607692719,38.2519454956,42.5779647827,75.1530380249,31.71326828,7.53803491592,-0.828872144222],[-27.2234344482,50.7880897522,65.4582901001,20.854932785,11.821354866,27.6725234985,21.7225532532,9.34101581573,14.1208372116,31.71326828,60.7660369873,26.5225315094,3.04230213165],[-102.571350098,56.4086380005,-5.57649230957,24.0866069794,-3.59950494766,-2.68860912323,19.4679889679,4.34313964844,6.06629371643,7.53803491592,26.5225315094,51.3326072693,17.9216136932],[17.5481853485,2.26629447937,10.9607658386,9.33331012726,12.900639534,1.19229054451,5.09796524048,7.73230457306,-0.518589317799,-0.828872144222,3.04230213165,17.9216136932,43.0728683472]],"icov":[[0.000160564319231,0.00012918910943,0.000174379034434,-0.0000619669808657,-0.000233902363107,-0.0000930440801312,0.000370888359612,-0.000793996907305,0.000441053911345,-0.000383953942219,-0.00011332018039,0.000197835528525,-0.00000827872645459],[0.00012918910943,0.00135911500547,0.000790986989159,-0.000988867948763,0.000022391019229,-0.000567537848838,-0.0000815186358523,0.000348447501892,-0.000891836418305,0.000753437925596,-0.0016062988434,0.000147117680172,-0.0000990471744444],[0.000174379034434,0.000790986989159,0.00186735251918,-0.000924390740693,-0.001315210131,-0.0014778469922,0.000772406172473,0.00025534661836,-0.00024391086481,0.000713954854291,-0.00234165694565,0.000860431988258,-0.000271788012469],[-0.0000619669808657,-0.000988867948763,-0.000924390740693,0.00635381462052,0.000413774425397,-0.000878041202668,0.00109252694529,-0.00106688449159,0.00146910490002,-0.000250302487984,0.000829864118714,-0.00307117821649,0.000130413565785],[-0.000233902363107,0.000022391019229,-0.001315210131,0.000413774425397,0.0106111681089,-0.00220854138024,-0.000676089490298,0.000694457674399,-0.00424953503534,-0.00194817746524,0.00198301440105,0.000966365332715,-0.00345329614356],[-0.0000930440801312,-0.000567537848838,-0.0014778469922,-0.000878041202668,-0.00220854138024,0.0127629740164,-0.00700411852449,-0.00110799027607,0.00303656444885,-0.00336765870452,-0.00143451639451,0.00481597706676,0.0000394295639126],[0.000370888359612,-0.0000815186358523,0.000772406172473,0.00109252694529,-0.000676089490298,-0.00700411852449,0.017211118713,-0.00682266289368,-0.00191451981664,0.00409951526672,-0.00195510499179,-0.00590588385239,0.00165523088071],[-0.000793996907305,0.000348447501892,0.00025534661836,-0.00106688449159,0.000694457674399,-0.00110799027607,-0.00682266289368,0.0210123751312,-0.00681904889643,-0.0032586234156,0.00218935590237,0.000642701808829,-0.00323740229942],[0.000441053911345,-0.000891836418305,-0.00024391086481,0.00146910490002,-0.00424953503534,0.00303656444885,-0.00191451981664,-0.00681904889643,0.025332255289,-0.0124955046922,0.00294516794384,-0.00129450578243,0.00264554214664],[-0.000383953942219,0.000753437925596,0.000713954854291,-0.000250302487984,-0.00194817746524,-0.00336765870452,0.00409951526672,-0.0032586234156,-0.0124955046922,0.031034771353,-0.014172761701,0.000558153144084,0.00198140810244],[-0.00011332018039,-0.0016062988434,-0.00234165694565,0.000829864118714,0.00198301440105,-0.00143451639451,-0.00195510499179,0.00218935590237,0.00294516794384,-0.014172761701,0.033940449357,-0.0155711928383,0.00367516977713],[0.000197835528525,0.000147117680172,0.000860431988258,-0.00307117821649,0.000966365332715,0.00481597706676,-0.00590588385239,0.000642701808829,-0.00129450578243,0.000558153144084,-0.0155711928383,0.0366279855371,-0.0136260064319],[-0.00000827872645459,-0.0000990471744444,-0.000271788012469,0.000130413565785,-0.00345329614356,0.0000394295639126,0.00165523088071,-0.00323740229942,0.00264554214664,0.00198140810244,0.00367516977713,-0.0136260064319,0.0301642753184]],"mean":[-632.199035645,100.997360229,-29.1794548035,31.5678272247,10.2880401611,10.4031066895,5.15179109573,8.61835002899,6.67690610886,3.8732521534,-1.0005620718,0.398151397705,-1.32360196114]},"pitch_salience":{"dmean":0.0665787085891,"dmean2":0.109428592026,"dvar":0.00384888146073,"dvar2":0.0096189295873,"max":0.88560461998,"mean":0.594786465168,"median":0.617163658142,"min":0.112284056842,"var":0.0168437454849},"silence_rate_20dB":{"dmean":0,"dmean2":0,"dvar":0,"dvar2":0,"max":1,"mean":1,"median":1,"min":1,"var":0},"silence_rate_30dB":{"dmean":0,"dmean2":0,"dvar":0,"dvar2":0,"max":1,"mean":1,"median":1,"min":1,"var":0},"silence_rate_60dB":{"dmean":0.0123985242099,"dmean2":0.0248007085174,"dvar":0.012244079262,"dvar2":0.0271363761276,"max":1,"mean":0.110684767365,"median":0,"min":0,"var":0.0984404459596},"spectral_centroid":{"dmean":186.975952148,"dmean2":300.581756592,"dvar":73933.0234375,"dvar2":152511.921875,"max":11805.5742188,"mean":2153.44580078,"median":2298.52124023,"min":138.315353394,"var":889567.1875},"spectral_complexity":{"dmean":3.63247227669,"dmean2":5.76498365402,"dvar":14.4810285568,"dvar2":32.4483032227,"max":64,"mean":32.4017105103,"median":40,"min":0,"var":314.831512451},"spectral_contrast_coeffs":{"dmean":[0.0512373186648,0.043341960758,0.0358821377158,0.0295827034861,0.0193172898144,0.0167433023453],"dmean2":[0.0871201977134,0.0720053315163,0.059439048171,0.0495207905769,0.0325322933495,0.0271958205849],"dvar":[0.00189272593707,0.00124918005895,0.000840127642732,0.000561689957976,0.00024702589144,0.000237621861743],"dvar2":[0.00542596913874,0.00355334603228,0.00218546600081,0.00155003077816,0.000672676309478,0.00058061722666],"max":[-0.379315108061,-0.494064927101,-0.533191740513,-0.579105913639,-0.678474068642,-0.617525458336],"mean":[-0.667325019836,-0.787846684456,-0.799594819546,-0.793005526066,-0.798487782478,-0.728906333447],"median":[-0.669084906578,-0.793675780296,-0.803625524044,-0.796139240265,-0.796136796474,-0.728530526161],"min":[-0.981864690781,-0.975588917732,-0.983062744141,-0.976262629032,-0.97236508131,-0.964357376099],"var":[0.00414269883186,0.00317570008337,0.00265254895203,0.00212856708094,0.00101838179398,0.00214682077058]},"spectral_contrast_valleys":{"dmean":[0.413841128349,0.353645503521,0.294437617064,0.262248307467,0.211509600282,0.216611802578],"dmean2":[0.670953214169,0.573965191841,0.478146791458,0.413288235664,0.330831199884,0.319937795401],"dvar":[0.151720374823,0.140013426542,0.112371250987,0.118148438632,0.127934917808,0.112633794546],"dvar2":[0.31541749835,0.276189208031,0.205183893442,0.207215890288,0.228432536125,0.208175435662],"max":[-5.19853448868,-5.16305208206,-5.58628749847,-5.47652339935,-5.36409902573,-8.12569332123],"mean":[-7.58882045746,-7.12272119522,-7.19333791733,-7.20014095306,-6.97339200974,-10.3113889694],"median":[-7.25289916992,-6.73809719086,-6.69023036957,-6.68152713776,-6.36302423477,-9.5860748291],"min":[-27.97706604,-27.9343166351,-27.7621650696,-27.5706520081,-27.4721813202,-27.3802547455],"var":[3.69294834137,3.54295253754,3.75915169716,3.87585520744,3.95354270935,4.16088008881]},"spectral_decrease":{"dmean":1.55074020292e-9,"dmean2":2.53492205005e-9,"dvar":4.4928393553e-18,"dvar2":1.11783566706e-17,"max":1.48661063886e-28,"mean":-5.1627844222e-9,"median":-5.02704633476e-9,"min":-2.30155272618e-8,"var":1.18352604997e-17},"spectral_energy":{"dmean":0.00624109851196,"dmean2":0.0101997209713,"dvar":0.0000724164783605,"dvar2":0.000180810224265,"max":0.0932078510523,"mean":0.0220190696418,"median":0.0218267403543,"min":1.00564159854e-20,"var":0.000211543927435},"spectral_energyband_high":{"dmean":0.000409362837672,"dmean2":0.000689237145707,"dvar":6.48475179332e-7,"dvar2":0.00000179332675998,"max":0.00916748307645,"mean":0.00110566068906,"median":0.000909376540221,"min":7.00239084682e-21,"var":0.00000114077215585},"spectral_energyband_low":{"dmean":0.00396252516657,"dmean2":0.00645261257887,"dvar":0.0000390514578612,"dvar2":0.0000949965615291,"max":0.0665335357189,"mean":0.00769327254966,"median":0.00587452668697,"min":2.31272402622e-23,"var":0.0000558966567041},"spectral_energyband_middle_high":{"dmean":0.00198577507399,"dmean2":0.00325324432924,"dvar":0.0000066432417043,"dvar2":0.0000174153719854,"max":0.0434033386409,"mean":0.00948514137417,"median":0.00886694341898,"min":1.15749810534e-21,"var":0.0000579293664487},"spectral_energyband_middle_low":{"dmean":0.00233559031039,"dmean2":0.00403544213623,"dvar":0.0000196769269678,"dvar2":0.0000547591371287,"max":0.0426228158176,"mean":0.00441759359092,"median":0.00312397559173,"min":1.91756447681e-22,"var":0.0000233712926274},"spectral_entropy":{"dmean":0.0862701907754,"dmean2":0.131075829268,"dvar":0.0134000778198,"dvar2":0.0265353247523,"max":9.82647895813,"mean":7.87000370026,"median":7.93050479889,"min":5.73618078232,"var":0.0990275219083},"spectral_flux":{"dmean":0.0175131503493,"dmean2":0.0266879573464,"dvar":0.000439708237536,"dvar2":0.000881947344169,"max":0.233947515488,"mean":0.0800506547093,"median":0.0822744816542,"min":6.41460912165e-11,"var":0.00189085863531},"spectral_kurtosis":{"dmean":1.47855293751,"dmean2":2.55997085571,"dvar":3.55357098579,"dvar2":10.8664932251,"max":38.5968933105,"mean":4.16054201126,"median":3.81263780594,"min":-1.27754795551,"var":5.43379211426},"spectral_rms":{"dmean":0.000601420761086,"dmean2":0.000965507468209,"dvar":5.09077437982e-7,"dvar2":0.00000122901940358,"max":0.00953595805913,"mean":0.00428146496415,"median":0.00461458321661,"min":3.13227352042e-12,"var":0.00000315111242344},"spectral_rolloff":{"dmean":370.333618164,"dmean2":615.641296387,"dvar":438337.96875,"dvar2":1066743.75,"max":19336.8164062,"mean":2465.52978516,"median":2605.51757812,"min":64.599609375,"var":2845916},"spectral_skewness":{"dmean":0.187287330627,"dmean2":0.314590722322,"dvar":0.0394776053727,"dvar2":0.106341831386,"max":3.99222397804,"mean":1.23720622063,"median":1.23313486576,"min":-0.107811518013,"var":0.14176659286},"spectral_spread":{"dmean":336740.5625,"dmean2":508623.78125,"dvar":491503222784,"dvar2":753319739392,"max":42927440,"mean":3943687.75,"median":3504900.25,"min":1632061.375,"var":11012218552300},"spectral_strongpeak":{"dmean":0.403632491827,"dmean2":0.722513079643,"dvar":0.647851467133,"dvar2":1.73931908607,"max":11.6571588516,"mean":0.537575125694,"median":0.291922837496,"min":0,"var":0.660455167294},"zerocrossingrate":{"dmean":0.00818842276931,"dmean2":0.00990589614958,"dvar":0.000100360470242,"dvar2":0.000143704965012,"max":0.521484375,"mean":0.0802859440446,"median":0.08203125,"min":0.00439453125,"var":0.00193234533072}},"metadata":{"audio_properties":{"analysis_sample_rate":44100,"bit_rate":0,"codec":"flac","downmix":"mix","equal_loudness":0,"length":157.306671143,"lossless":true,"md5_encoded":"ef6287d4f4e4b6ae8e42a56e43c0ecd5","replay_gain":-15.1839523315},"tags":{"acoustid_id":["65f3c34b-dd34-436b-93d2-e8002bb85b6a"],"album":["The Colour and the Shape"],"albumartist":["Foo Fighters"],"artist":["Foo Fighters"],"date":["2003-10-20"],"discnumber":["1"],"disctotal":["1"],"file_name":"09 - Foo Fighters - Enough Space.flac","musicbrainz_albumartistid":["67f66c07-6e61-4026-ade5-7e782fad3a5d"],"musicbrainz_albumid":["02084fd8-5bce-3495-9e9f-86261dcb59a2"],"musicbrainz_artistid":["67f66c07-6e61-4026-ade5-7e782fad3a5d"],"musicbrainz_recordingid":["b57bf6c2-66b8-4c1a-bb0e-cf3f91850dcf"],"musicbrainz_releasegroupid":["7822977a-984d-358d-823f-426139c0eaba"],"replaygain_album_gain":["-10.06 dB"],"replaygain_album_peak":["0.999939"],"replaygain_track_gain":["-10.28 dB"],"replaygain_track_peak":["0.980194"],"title":["Enough Space"],"tracknumber":["9"],"tracktotal":["13"]},"version":{"essentia":"2.1-beta1","essentia_build_sha":"46c2b6830b139c2e69ed9f3e0d9145e1b8fbae31","essentia_git_sha":"v2.1_beta1-6-g5578087","extractor":"music 1.0"}},"rhythm":{"beats_count":377,"beats_loudness":{"dmean":0.00780008267611,"dmean2":0.0136342840269,"dvar":0.0000547016934433,"dvar2":0.000149863539264,"max":0.0708248093724,"mean":0.0275633502752,"median":0.0281279254705,"min":0,"var":0.000232019796385},"beats_loudness_band_ratio":{"dmean":[0.203658431768,0.0752989053726,0.0541181378067,0.0727594122291,0.0968303456903,0.0581058636308],"dmean2":[0.376253187656,0.13995295763,0.0957275107503,0.127929225564,0.173729449511,0.110024526715],"dvar":[0.0303085315973,0.00627125333995,0.0031974974554,0.00445740204304,0.0083089042455,0.0036374698393],"dvar2":[0.105484865606,0.0200834609568,0.00908730830997,0.0125234387815,0.0244041997939,0.0136619312689],"max":[0.984202682972,0.605221152306,0.423822075129,0.428395479918,