{"lowlevel":{"average_loudness":0.000251601595664,"barkbands":{"dmean":[0.00150567141827,0.00387161574326,0.00144597759936,0.000946231244598,0.000931364891585,0.000425956095569,0.000242459776928,0.000158174836542,0.000243765156483,0.000214492101804,0.000241179033765,0.000256605126197,0.000255317281699,0.000129500505864,0.000124315542052,0.0000596915961069,0.0000416307811975,0.0000363781400665,0.0000254370570474,0.0000254187943938,0.0000306400652335,0.0000215520303755,0.00000553721110919,0.00000148980313952,9.96593598757e-7,0.00000235751917899,0.0000680786761222],"dmean2":[0.00250490033068,0.00643873121589,0.00237917667255,0.00158895098139,0.00149151775986,0.000681392324623,0.00040397408884,0.000258705229498,0.000406045001,0.000355044670869,0.000398362753913,0.000422809825977,0.00042604104965,0.000219753128476,0.000208908546483,0.000100905228464,0.0000707801737008,0.0000610886127106,0.0000407345287385,0.0000370994566765,0.0000432805827586,0.0000310708892357,0.00000825608731247,0.00000237797121372,0.00000166220797837,0.00000356670398105,0.000106786275865],"dvar":[0.0000817666223156,0.00037243735278,0.0000475478773296,0.0000150729047164,0.0000189821639651,0.00000512658789376,0.00000128767317165,5.69198675748e-7,0.00000114111230687,8.41233770643e-7,9.68824451775e-7,0.00000112480040571,0.00000122811036363,5.60801140637e-7,6.88052068654e-7,9.79095915454e-8,5.4406495309e-8,4.72701060517e-8,3.10601961928e-8,9.84986243679e-8,1.36962114539e-7,7.95237298234e-8,2.43987008375e-9,5.87733264834e-11,1.91983165476e-11,1.73076261656e-10,9.30379329134e-8],"dvar2":[0.000210301572224,0.000932876428124,0.000118828713312,0.000039865513827,0.0000435272413597,0.0000118063981063,0.00000349640026798,0.00000138573716413,0.00000300084275295,0.00000217283991333,0.00000254694077739,0.00000283597046291,0.00000321935817738,0.00000149221375523,0.00000154458484758,2.63522963451e-7,1.48109563725e-7,1.25758134573e-7,7.33185032686e-8,1.98148086383e-7,2.51016160746e-7,1.69667572436e-7,4.87241580416e-9,1.30972732659e-10,5.00363951661e-11,3.62126467701e-10,2.13789391523e-7],"max":[0.31892812252,0.502034962177,0.51593953371,0.203066453338,0.378092586994,0.240911722183,0.0630670264363,0.0506419241428,0.0660525336862,0.0499825514853,0.0424823202193,0.0567455776036,0.0692777633667,0.119810663164,0.12330275774,0.0215220525861,0.0115757053718,0.0112436031923,0.0103528192267,0.0475003533065,0.0286323670298,0.0433635860682,0.00529089989141,0.00039111651131,0.000170215891558,0.000657465716358,0.0195649825037],"mean":[0.00181381509174,0.00466619990766,0.00213993154466,0.00136905675754,0.00159149162937,0.000740088988096,0.000414588430431,0.000266945397016,0.000424699101131,0.000381095771445,0.000439119467046,0.000492920749821,0.000451715895906,0.000237115105847,0.000232251302805,0.000101186538814,0.0000676746712998,0.0000606428911851,0.0000429196516052,0.0000406320614275,0.0000482488212583,0.0000346127453668,0.00000807243850431,0.0000018348824824,0.00000100616216514,0.00000349890524376,0.000199571761186],"median":[1.95130535145e-23,3.31650282755e-23,2.16101219019e-23,2.15202801112e-23,5.64947912202e-23,5.64439885779e-23,5.65973178943e-23,5.65484463835e-23,7.91478724358e-23,7.94082154672e-23,7.96525856429e-23,1.02241466203e-22,1.1383872494e-22,1.24788126927e-22,1.48100973538e-22,1.70232257975e-22,1.9230719881e-22,2.37221101734e-22,2.92191984079e-22,3.59328590952e-22,4.67753420298e-22,5.65594235408e-22,6.75034865164e-22,9.11195283457e-22,1.26704147634e-21,1.76966325547e-21,2.50621629606e-21],"min":[2.75428859128e-27,1.80539014918e-25,3.47938380493e-26,6.82764475258e-26,1.2102808532e-24,1.16062767985e-24,1.11949440149e-24,1.29120427561e-24,3.44410754763e-24,3.95154705808e-24,2.59756769681e-24,6.66270658372e-24,1.01791842308e-23,1.35642597392e-23,1.48568083324e-23,2.27633166385e-23,3.27844186659e-23,4.7193818225e-23,6.66785942316e-23,9.43045220651e-23,1.44954062237e-22,2.09066744379e-22,1.98790474248e-22,3.73313491837e-22,6.80112251629e-22,1.03176382496e-21,1.60321981438e-21],"var":[0.0000819008200779,0.000433566514403,0.000109801425424,0.0000289561212412,0.0000474113658129,0.0000139248859341,0.00000289270155918,0.0000013747057892,0.00000251472147283,0.00000191233266378,0.00000238110374084,0.00000292031518256,0.00000246815443461,9.44817941217e-7,0.00000130977400659,1.74617511561e-7,7.97787436113e-8,7.27744406959e-8,5.28963930435e-8,1.8613411612e-7,3.10760214006e-7,1.68793476973e-7,5.16841236475e-9,9.21196036119e-11,1.98227580184e-11,3.64953400833e-10,4.5568381779e-7]},"barkbands_crest":{"dmean":1.11395394802,"dmean2":1.87533795834,"dvar":2.4502594471,"dvar2":6.40978431702,"max":24.9132442474,"mean":7.31667137146,"median":6.67042779922,"min":2.49821400642,"var":5.90036201477},"barkbands_flatness_db":{"dmean":0.0128557402641,"dmean2":0.021465824917,"dvar":0.000254375219811,"dvar2":0.000666960026138,"max":0.46485555172,"mean":0.0927903354168,"median":0.0772963911295,"min":0.0331865102053,"var":0.00176888913848},"barkbands_kurtosis":{"dmean":1.71478188038,"dmean2":2.89805006981,"dvar":22.8814926147,"dvar2":61.4072875977,"max":242.611022949,"mean":4.51023769379,"median":3.2901263237,"min":-1.86992788315,"var":48.7142982483},"barkbands_skewness":{"dmean":0.262324273586,"dmean2":0.439585745335,"dvar":0.159762859344,"dvar2":0.413974523544,"max":11.9655704498,"mean":-0.958354830742,"median":-1.78927505016,"min":-2.42068147659,"var":3.19542980194},"barkbands_spread":{"dmean":3.79970383644,"dmean2":6.43070697784,"dvar":14.5593690872,"dvar2":36.2417831421,"max":131.750610352,"mean":25.2377185822,"median":25.7451896667,"min":0.601441442966,"var":52.0801849365},"dissonance":{"dmean":0.00807272642851,"dmean2":0.0139808077365,"dvar":0.000110559281893,"dvar2":0.000312404852593,"max":0.500000238419,"mean":0.488366395235,"median":0.492784768343,"min":0.279331624508,"var":0.000213815947063},"dynamic_complexity":56.464641571,"erbbands":{"dmean":[0.142454847693,0.7888250947,1.61502754688,2.48771595955,3.39545559883,2.87602853775,3.23408985138,3.65101242065,2.89686775208,4.3276052475,3.56539368629,5.82009077072,4.7305688858,7.58113861084,9.75310993195,10.4204788208,11.8797664642,5.65040683746,7.80270433426,3.9435133934,2.95891880989,2.21094489098,2.02178382874,1.55538582802,1.09132921696,1.17005097866,1.31826281548,1.15496850014,0.838538706303,0.392424046993,0.126080527902,0.0451642237604,0.0193687882274,0.0112102180719,0.00709792971611,0.00432521803305,0.00460718339309,0.00667570717633,0.00276525272056,0.00148828176316],"dmean2":[0.24842992425,1.27545595169,2.63590168953,4.14224100113,5.64858579636,4.54116487503,5.06053304672,5.85794639587,4.8233165741,7.19903230667,5.87723302841,9.69146251678,7.82525920868,12.4710435867,15.9303836823,17.1879062653,19.7877750397,9.5235710144,13.1129236221,6.58020687103,5.02797698975,3.75518250465,3.41554403305,2.53610277176,1.70892214775,1.70383322239,1.93120026588,1.61635136604,1.2081412077,0.562937557697,0.186343058944,0.0693054273725,0.031490072608,0.0186794605106,0.0118182683364,0.00709038926288,0.00687279459089,0.00914903357625,0.00368799082935,0.00230842200108],"dvar":[0.594023048878,18.0471515656,64.7597885132,101.117256165,234.216888428,281.140563965,314.615966797,411.024932861,236.619766235,386.046905518,312.729614258,677.065795898,487.637664795,943.925598145,1610.45922852,1761.11865234,2758.3503418,593.425720215,2189.73217773,589.232055664,273.937469482,162.764312744,154.048919678,103.22530365,79.8462677002,211.617156982,253.17980957,213.252334595,124.470115662,15.6841402054,1.06008899212,0.0755568146706,0.00750542618334,0.00243616569787,0.00095993920695,0.000330741022481,0.000673392380122,0.00290626171045,0.000599391583819,0.0000360918274964],"dvar2":[1.67377138138,42.4407997131,159.595413208,262.636871338,580.395446777,580.707641602,646.231933594,953.479614258,639.95501709,1010.01763916,748.234924316,1787.4987793,1266.93688965,2439.85107422,4224.70996094,4436.16113281,7207.10546875,1553.97399902,4875.28271484,1261.36706543,738.000427246,440.691711426,416.216674805,253.828079224,176.508300781,413.389801025,514.833312988,388.697692871,263.098602295,28.2536487579,2.10387921333,0.154472753406,0.0183441471308,0.00635875621811,0.00250335992314,0.000846054579597,0.00134869886097,0.00507510919124,0.000941256643273,0.0000832323130453],"max":[22.9419784546,133.891220093,519.549255371,540.864440918,1517.23937988,2251.10571289,1689.68652344,2860.48681641,1045.19921875,1293.40856934,1574.64538574,1475.42028809,1602.43847656,1562.27722168,1744.1973877,1974.59802246,3581.64575195,2056.33789062,7177.7578125,4148.20019531,1110.79614258,701.905029297,677.372436523,564.756652832,749.766479492,2219.91162109,1179.87670898,1443.16833496,1711.75427246,515.206848145,92.0656051636,13.7023191452,3.42166614532,1.92404222488,1.19974088669,0.664465725422,1.45063853264,6.03786468506,2.04121160507,0.356019794941],"mean":[0.155144229531,0.979563295841,2.38930010796,3.93883275986,5.25422620773,4.83263063431,5.49816083908,6.13554906845,5.07472705841,7.29899692535,6.55235385895,9.92615509033,9.0403470993,14.9050569534,19.5795764923,21.4450740814,22.008928299,11.8390703201,15.2128429413,7.90096092224,5.13912582397,3.8397436142,3.43804240227,2.6808590889,1.84842550755,1.9213770628,2.09003710747,1.7825012207,1.34253549576,0.600696921349,0.18751424551,0.0616292506456,0.0219714958221,0.0113735096529,0.00727649312466,0.00490738172084,0.00700045563281,0.0124038551003,0.00695359194651,0.0069227446802],"median":[1.16921686759e-21,6.60964565354e-21,2.23747040414e-20,5.44297767757e-20,1.10150756638e-19,1.96975394819e-19,3.21847342647e-19,4.9122782421e-19,7.12941541587e-19,9.97238710134e-19,1.33469614001e-18,1.74544642505e-18,2.24419725014e-18,2.82232618796e-18,3.49911213026e-18,4.25236099403e-18,5.11729992e-18,6.07031827837e-18,7.16573826073e-18,8.33603835446e-18,9.6343305859e-18,1.09730686406e-17,1.24887588263e-17,1.39030796822e-17,1.54639496458e-17,1.68932863114e-17,1.81254595149e-17,1.91777771835e-17,1.98318189677e-17,1.99321807914e-17,1.93764659667e-17,1.80566099638e-17,1.59053398381e-17,1.30392012018e-17,9.70418929735e-18,6.31868794269e-18,3.41047538493e-18,1.38210454925e-18,3.4938925172e-19,3.70852242783e-20],"min":[1.51136046451e-23,1.12418333549e-22,5.07279213913e-22,1.1088740823e-21,3.57457175596e-21,6.73241573543e-21,7.13255870219e-21,1.7464842653e-20,3.54808525503e-20,5.12375995501e-20,7.00645437158e-20,9.51867168526e-20,1.56666146861e-19,2.83005370924e-19,3.95797522054e-19,5.76365595552e-19,6.62156581084e-19,7.98205664767e-19,1.2666957932e-18,1.52838337557e-18,2.07046698763e-18,2.39884424912e-18,2.91335658719e-18,3.95270447737e-18,4.01253486467e-18,4.79799414148e-18,5.35065087952e-18,6.68749717214e-18,7.05902617145e-18,7.89912072773e-18,6.88169146942e-18,7.64484540743e-18,6.8102015578e-18,6.33784544567e-18,4.56869802132e-18,3.35594763895e-18,1.78140107115e-18,7.99885823688e-19,2.02900411998e-19,2.20481938816e-20],"var":[0.495103031397,23.2085018158,126.240486145,223.767227173,432.842346191,788.333679199,857.900024414,1083.2578125,519.329406738,833.965820312,796.732971191,1418.35290527,1156.16186523,2486.75952148,4389.08300781,5238.32470703,5723.49316406,1551.43762207,5308.99951172,1207.5065918,453.177062988,252.473205566,237.421157837,168.830764771,136.358032227,422.435821533,514.576416016,492.345825195,259.449676514,39.793964386,2.30165696144,0.13979126513,0.00994907319546,0.00251268036664,0.0010080463253,0.000400172866648,0.00148437486496,0.00866264943033,0.00185760064051,0.000428103114245]},"erbbands_crest":{"dmean":0.826186358929,"dmean2":1.40753531456,"dvar":1.42781150341,"dvar2":3.82787942886,"max":28.312166214,"mean":4.39439344406,"median":3.55234122276,"min":2.00429201126,"var":5.26402997971},"erbbands_flatness_db":{"dmean":0.0107676601037,"dmean2":0.0179215464741,"dvar":0.00015874991368,"dvar2":0.000410106236814,"max":0.37673458457,"mean":0.112075783312,"median":0.101148866117,"min":0.0218576006591,"var":0.000970009539742},"erbbands_kurtosis":{"dmean":0.458067715168,"dmean2":0.774667859077,"dvar":0.598080873489,"dvar2":1.65295171738,"max":46.1523017883,"mean":0.257045269012,"median":0.118408828974,"min":-1.80585098267,"var":1.02436065674},"erbbands_skewness":{"dmean":0.172578126192,"dmean2":0.290573865175,"dvar":0.0390804857016,"dvar2":0.0999303162098,"max":6.22534942627,"mean":-0.532067239285,"median":-0.616211593151,"min":-3.53713417053,"var":0.160499706864},"erbbands_spread":{"dmean":3.74818634987,"dmean2":6.32646560669,"dvar":14.4762439728,"dvar2":37.7259025574,"max":153.525115967,"mean":34.3330879211,"median":35.5382652283,"min":2.59926271439,"var":58.5831489563},"gfcc":{"cov":[[225926.421875,23018.7089844,-17898.8730469,-1272.99841309,-1502.07739258,-1054.62207031,350.53213501,-4089.38525391,-1151.32873535,-1807.08618164,-1079.35778809,-969.555541992,-1584.90637207],[23018.7089844,2594.25244141,-1802.80371094,-211.877746582,-125.620368958,-101.586608887,24.1016483307,-415.725799561,-126.120628357,-195.5078125,-96.4120178223,-129.481689453,-150.491439819],[-17898.8730469,-1802.80371094,1487.1472168,118.433784485,90.5394134521,107.498664856,-49.6108589172,339.133148193,79.6968154907,147.202453613,80.828994751,74.8942642212,124.328796387],[-1272.99841309,-211.877746582,118.433784485,116.119171143,-3.42060542107,-0.589460730553,12.2277774811,24.8492984772,8.49530220032,16.3123130798,-5.43975830078,28.6799259186,-1.27248835564],[-1502.07739258,-125.620368958,90.5394134521,-3.42060542107,78.5249938965,-1.89701163769,7.3013253212,30.1302013397,21.636390686,5.30214500427,15.7825984955,-0.997900009155,17.6869411469],[-1054.62207031,-101.586608887,107.498664856,-0.589460730553,-1.89701163769,52.4011116028,-13.4962244034,33.5974082947,-4.63458108902,13.1588096619,4.89863014221,5.07992744446,9.13226795197],[350.53213501,24.1016483307,-49.6108589172,12.2277774811,7.3013253212,-13.4962244034,43.0905456543,-21.8952903748,10.540104866,-4.48682689667,-2.95205330849,7.98914909363,-6.15783691406],[-4089.38525391,-415.725799561,339.133148193,24.8492984772,30.1302013397,33.5974082947,-21.8952903748,110.196090698,19.6106128693,37.4202766418,24.9762554169,13.0839653015,32.5940666199],[-1151.32873535,-126.120628357,79.6968154907,8.49530220032,21.636390686,-4.63458108902,10.540104866,19.6106128693,27.8925857544,12.3558073044,7.7437005043,8.02503395081,5.62231636047],[-1807.08618164,-195.5078125,147.202453613,16.3123130798,5.30214500427,13.1588096619,-4.48682689667,37.4202766418,12.3558073044,29.5830726624,13.5450143814,11.6512861252,15.4948511124],[-1079.35778809,-96.4120178223,80.828994751,-5.43975830078,15.7825984955,4.89863014221,-2.95205330849,24.9762554169,7.7437005043,13.5450143814,20.6940593719,7.71931219101,11.5568876266],[-969.555541992,-129.481689453,74.8942642212,28.6799259186,-0.997900009155,5.07992744446,7.98914909363,13.0839653015,8.02503395081,11.6512861252,7.71931219101,25.441280365,7.10710334778],[-1584.90637207,-150.491439819,124.328796387,-1.27248835564,17.6869411469,9.13226795197,-6.15783691406,32.5940666199,5.62231636047,15.4948511124,11.5568876266,7.10710334778,26.7243614197]],"icov":[[0.000388446263969,-0.00125442619901,0.00325706321746,-0.00157582364045,0.00157401862089,-0.00125829130411,0.00135864899494,0.000112878864456,-0.000921579601709,0.000565971364267,0.000294868194032,0.000393838417949,-0.0000575429148739],[-0.00125442619901,0.00778245041147,-0.00689270347357,0.00452822446823,-0.00307519058697,0.00113349151798,-0.00355636607856,0.00250650732778,0.00283764535561,0.0033386060968,-0.00734440982342,0.00673900265247,-0.00166482129134],[0.00325706321746,-0.00689270347357,0.0338113717735,-0.0141119612381,0.0152062466368,-0.0138139417395,0.0123169356957,-0.00286800530739,-0.00935190264136,0.00615950208157,-0.00160503084771,0.00862737372518,-0.00583508377895],[-0.00157582364045,0.00452822446823,-0.0141119612381,0.0285648517311,-0.0146278627217,0.0150663629174,-0.00848960783333,-0.0114836012945,0.0190531406552,-0.0218571275473,0.0301762707531,-0.033462330699,0.0201530028135],[0.00157401862089,-0.00307519058697,0.0152062466368,-0.0146278627217,0.0363445207477,-0.0117096966133,0.00150394125376,0.00242630927823,-0.0294070597738,0.0317292697728,-0.0296112522483,0.0288597326726,-0.025153644383],[-0.00125829130411,0.00113349151798,-0.0138139417395,0.0150663629174,-0.0117096966133,0.0388472676277,-0.00464639533311,-0.0159176141024,0.024802474305,-0.0233136210591,0.0231219530106,-0.0253122989088,0.0145925097167],[0.00135864899494,-0.00355636607856,0.0123169356957,-0.00848960783333,0.00150394125376,-0.00464639533311,0.0429152846336,0.0126607026905,-0.0203664992005,0.00650669960305,0.00136799865868,-0.00904008746147,0.000207124292501],[0.000112878864456,0.00250650732778,-0.00286800530739,-0.0114836012945,0.00242630927823,-0.0159176141024,0.0126607026905,0.0489484332502,-0.0161073319614,0.00873468630016,-0.0312111824751,0.0272473860532,-0.0147682018578],[-0.000921579601709,0.00283764535561,-0.00935190264136,0.0190531406552,-0.0294070597738,0.024802474305,-0.0203664992005,-0.0161073319614,0.092895232141,-0.0481162071228,0.0281411297619,-0.0320216789842,0.0363792516291],[0.000565971364267,0.0033386060968,0.00615950208157,-0.0218571275473,0.0317292697728,-0.0233136210591,0.00650669960305,0.00873468630016,-0.0481162071228,0.125904098153,-0.0662030503154,0.0339941717684,-0.0428048409522],[0.000294868194032,-0.00734440982342,-0.00160503084771,0.0301762707531,-0.0296112522483,0.0231219530106,0.00136799865868,-0.0312111824751,0.0281411297619,-0.0662030503154,0.145840391517,-0.0752484798431,0.0245185997337],[0.000393838417949,0.00673900265247,0.00862737372518,-0.033462330699,0.0288597326726,-0.0253122989088,-0.00904008746147,0.0272473860532,-0.0320216789842,0.0339941717684,-0.0752484798431,0.124406032264,-0.0397065170109],[-0.0000575429148739,-0.00166482129134,-0.00583508377895,0.0201530028135,-0.025153644383,0.0145925097167,0.000207124292501,-0.0147682018578,0.0363792516291,-0.0428048409522,0.0245185997337,-0.0397065170109,0.0995791777968]],"mean":[-890.966369629,25.5207118988,-19.5647907257,-1.30646502972,-1.74369490147,-1.05706620216,0.269174128771,-4.39530324936,-1.35033082962,-1.98134195805,-1.21497285366,-1.08250463009,-1.76048910618]},"hfc":{"dmean":14.5445652008,"dmean2":23.4548072815,"dvar":3036.54614258,"dvar2":7548.71923828,"max":2961.32739258,"mean":60.9964866638,"median":1.20158968932e-16,"min":9.83119179619e-17,"var":32121.8496094},"melbands":{"dmean":[0.00120903982315,0.000902086962014,0.000433221081039,0.000226459786063,0.00010891504644,0.0000792418722995,0.0000444961842732,0.0000435111687693,0.0000328931746481,0.0000353672439815,0.000024891072826,0.0000318394413625,0.0000348982612195,0.0000294232177112,0.0000296547314065,0.0000217064407479,0.0000104666114566,0.000013984213183,0.00000831618672237,0.00000451613323094,0.00000355290444531,0.00000250275206781,0.00000208935944102,0.00000177400261236,0.00000132021409627,9.17897295949e-7,7.7000447618e-7,8.32319869914e-7,8.85097563241e-7,7.95690311861e-7,6.7092213385e-7,5.15853400884e-7,3.73778931362e-7,1.73938659032e-7,8.12432645603e-8,4.07917823964e-8,2.28679777337e-8,1.4449012653e-8,1.03581063726e-8,9.12247077878e-9],"dmean2":[0.0020479648374,0.00144597422332,0.000719866715372,0.000367143395124,0.00016920104099,0.000126913713757,0.0000740851173759,0.0000720466123312,0.0000547640775039,0.0000586731403018,0.0000412379486079,0.0000524594761373,0.0000573108372919,0.0000481576607854,0.0000493805528095,0.0000363975996152,0.0000178051959665,0.0000236754076468,0.0000140324536915,0.00000760644206821,0.00000606604407949,0.00000427337135989,0.00000355428551302,0.00000298148916045,0.00000216809849007,0.00000146904619669,0.00000118522166304,0.00000123496056403,0.0000013433722188,0.000001169917482,9.72500515672e-7,7.56488418574e-7,5.52188339498e-7,2.56797790144e-7,1.23226911342e-7,6.19802520418e-8,3.60899683471e-8,2.35131381032e-8,1.72758589656e-8,1.52244190588e-8],"dvar":[0.0000373108268832,0.0000207546363526,0.000002928758704,0.00000115749003271,3.4604386201e-7,1.83367291129e-7,5.03820096753e-8,3.88532299667e-8,2.49946463526e-8,2.53030965069e-8,1.31385879953e-8,1.73366441203e-8,2.1290123442e-8,1.6299445349e-8,1.47075356338e-8,9.00165186835e-9,2.18510254335e-9,7.10107217472e-9,4.33015001633e-9,4.92022811382e-10,4.01615379841e-10,2.0021273528e-10,1.51891568767e-10,1.14356718539e-10,7.45793704571e-11,4.36293015604e-11,7.97885923998e-11,1.05279195084e-10,1.17914872311e-10,1.03708083787e-10,7.87133414004e-11,5.50708610658e-11,1.81218685891e-11,3.03517931274e-12,4.87884851876e-13,7.73574929699e-14,1.71551530983e-14,4.51103828499e-15,2.08972959549e-15,1.62081903803e-15],"dvar2":[0.0000998739342322,0.0000493450752401,0.0000075875773291,0.00000272702322945,6.96061704275e-7,4.31433250014e-7,1.37049326554e-7,1.00511130086e-7,6.21041351678e-8,6.5874445454e-8,3.43338406594e-8,4.48483241655e-8,5.59713164705e-8,4.08441387378e-8,3.88884728864e-8,2.38832331689e-8,5.913848522e-9,1.66371858512e-8,9.24081344778e-9,1.29511124047e-9,1.09891895583e-9,5.47091927317e-10,4.15293577305e-10,3.04266417617e-10,1.84622442334e-10,1.02956761172e-10,1.73162220674e-10,2.08086714526e-10,2.61388521938e-10,2.17347861931e-10,1.50432180601e-10,1.22353557841e-10,3.96699825767e-11,5.86309516562e-12,1.05599784559e-12,1.60976185723e-13,3.74393068902e-14,1.09690715847e-14,5.45851028155e-15,4.22664400834e-15],"max":[0.162329047918,0.189724996686,0.0796408429742,0.0952849164605,0.0439358986914,0.0562386661768,0.0143914641812,0.0130563415587,0.0140285398811,0.0101034156978,0.00774682406336,0.00678504444659,0.00655993865803,0.00843817181885,0.00470008561388,0.00649115210399,0.00400760211051,0.0144920870662,0.0113098546863,0.00187402195297,0.00103531475179,0.000793606974185,0.000748640683014,0.000471531413496,0.000487852521474,0.000475977023598,0.00117409660015,0.00152869755402,0.000947501626797,0.000667468935717,0.000955436204094,0.00116175960284,0.000532528909389,0.000200387570658,0.0000572484532313,0.0000182253879757,0.00000733532442609,0.00000321744300891,0.00000177429535597,0.00000157001932166],"mean":[0.00146405759733,0.00130585895386,0.000728366605472,0.000374117400497,0.000192633699044,0.000136951348395,0.000079606557847,0.0000748584061512,0.0000574402074562,0.0000603821827099,0.0000448001119366,0.0000594977391302,0.0000653186434647,0.0000572628559894,0.000055627348047,0.0000390773893741,0.0000193607884285,0.0000255335198744,0.0000150236355694,0.00000769900998421,0.00000558033343623,0.00000401813804274,0.00000336932157552,0.00000282448354483,0.00000213270050153,0.00000146197874074,0.00000116755029467,0.00000130975604407,0.00000133698267746,0.00000115641341836,0.00000100739180198,8.13485769413e-7,5.44855936369e-7,2.50134974067e-7,1.14704249654e-7,5.70187523863e-8,2.87167907231e-8,1.62239022217e-8,1.03572403987e-8,9.12893316496e-9],"median":[1.09955795371e-23,1.1045805522e-23,1.10742037258e-23,1.11031107448e-23,1.11947385166e-23,1.12089443238e-23,1.12076584805e-23,1.1282852702e-23,1.11999789196e-23,1.11914284563e-23,1.12572391773e-23,1.1280777209e-23,1.12967745193e-23,1.12720279527e-23,1.13098751323e-23,1.12902048857e-23,1.12797580007e-23,1.13174024431e-23,1.12829820752e-23,1.13182118144e-23,1.13067985748e-23,1.12534802551e-23,1.13184666164e-23,1.12863670774e-23,1.12299209241e-23,1.12659513571e-23,1.1271011111e-23,1.12594258997e-23,1.12201232717e-23,1.11961190232e-23,1.12001027708e-23,1.11985786915e-23,1.11702996058e-23,1.11709535715e-23,1.11388997863e-23,1.11373504635e-23,1.1112835822e-23,1.10974364683e-23,1.10709544077e-23,1.10716115288e-23],"min":[2.22819654485e-25,1.79149029677e-25,2.65998399866e-25,2.76931691538e-25,2.64846046647e-25,3.85029079513e-25,3.33639845178e-25,4.07463519449e-25,4.65517075363e-25,5.10295729268e-25,6.237917115e-25,8.00724485767e-25,6.92899772494e-25,7.48236294235e-25,1.07434079214e-24,1.15740311229e-24,9.49103206975e-25,1.13048126175e-24,1.21985999117e-24,1.61156325302e-24,1.699223942e-24,1.92817464809e-24,2.03153495098e-24,2.17091503724e-24,2.0126675675e-24,2.23272761397e-24,2.28681822852e-24,2.46404588886e-24,2.6603523474e-24,2.68546888976e-24,2.97406793269e-24,3.2422577635e-24,3.19555325361e-24,2.75726962885e-24,3.24486021563e-24,3.42922332007e-24,3.56999870405e-24,3.9464545665e-24,3.78575137276e-24,4.18138523269e-24],"var":[0.0000380154706363,0.0000331153933075,0.00000660991690893,0.00000271921112471,0.00000101064847513,4.95657161537e-7,1.1499797381e-7,8.7479847366e-8,5.92371236507e-8,5.37811217782e-8,2.94326909511e-8,4.20591526051e-8,5.27672590067e-8,4.21448831389e-8,3.44250992157e-8,1.85198132385e-8,4.50496973059e-9,1.59022821578e-8,6.68023725225e-9,9.68850222272e-10,5.81930337251e-10,2.86087653567e-10,2.23675661326e-10,1.69620345547e-10,1.14624039427e-10,6.9040675954e-11,1.19801807363e-10,2.12480671946e-10,2.12051751158e-10,1.88141627278e-10,1.78863923672e-10,1.03954636566e-10,3.66077342051e-11,6.69836582035e-12,9.2444010346e-13,1.38661895551e-13,2.78879465365e-14,5.96525070686e-15,2.13479810103e-15,1.65886479341e-15]},"melbands_crest":{"dmean":1.40244066715,"dmean2":2.40173959732,"dvar":5.93280076981,"dvar2":16.4562339783,"max":37.2779541016,"mean":5.39259958267,"median":2.43817543983,"min":1.00030219555,"var":40.9671211243},"melbands_flatness_db":{"dmean":0.00970780290663,"dmean2":0.0157632660121,"dvar":0.000437103735749,"dvar2":0.00112210190855,"max":0.611397922039,"mean":0.0647286400199,"median":0.00734541052952,"min":-6.12631993135e-7,"var":0.0130981467664},"melbands_kurtosis":{"dmean":1.84050559998,"dmean2":3.06076049805,"dvar":63.974319458,"dvar2":170.332885742,"max":432.805480957,"mean":2.02437543869,"median":-1.15220749378,"min":-1.74744164944,"var":169.850158691},"melbands_skewness":{"dmean":0.295853435993,"dmean2":0.494704037905,"dvar":0.256685972214,"dvar2":0.667708933353,"max":17.4559307098,"mean":0.594087421894,"median":0.0455509200692,"min":-1.34627532959,"var":1.89696252346},"melbands_spread":{"dmean":10.768910408,"dmean2":18.5358200073,"dvar":86.2665481567,"dvar2":254.11541748,"max":193.59487915,"mean":107.037605286,"median":127.769332886,"min":0.388363033533,"var":2370.45385742},"mfcc":{"cov":[[42063.2421875,14941.3320312,-1722.93908691,1858.21130371,105.202598572,2165.08398438,573.000427246,677.788574219,-29.3755474091,79.7180252075,220.669006348,30.6363239288,-30.0568523407],[14941.3320312,5837.05175781,-574.495788574,595.897033691,109.680084229,758.332214355,254.399047852,230.812576294,-2.65307331085,29.4909915924,92.7783966064,6.34644317627,-16.2920799255],[-1722.93908691,-574.495788574,203.680679321,-76.4003067017,-1.14185738564,-83.2650680542,-15.7028017044,-25.5298557281,-2.44795846939,0.696117579937,-12.3395833969,-2.94654583931,-0.328113675117],[1858.21130371,595.897033691,-76.4003067017,182.684936523,-5.91143608093,110.234588623,17.5666427612,44.6848716736,0.508054018021,7.5709400177,6.3142285347,3.94852423668,0.588906168938],[105.202598572,109.680084229,-1.14185738564,-5.91143608093,65.4403076172,-7.05091762543,16.993429184,2.94954895973,8.56704425812,3.26874518394,7.80000591278,2.56114411354,0.155026957393],[2165.08398438,758.332214355,-83.2650680542,110.234588623,-7.05091762543,148.586914062,30.6087760925,43.1432037354,-1.082234025,2.8649585247,8.13138484955,1.96167087555,0.954082250595],[573.000427246,254.399047852,-15.7028017044,17.5666427612,16.993429184,30.6087760925,33.3961257935,12.2160396576,4.21966505051,0.582091152668,3.65104007721,2.1741361618,1.12949216366],[677.788574219,230.812576294,-25.5298557281,44.6848716736,2.94954895973,43.1432037354,12.2160396576,33.6497840881,1.03072237968,5.08086109161,3.53359723091,2.9826002121,1.30012786388],[-29.3755474091,-2.65307331085,-2.44795846939,0.508054018021,8.56704425812,-1.082234025,4.21966505051,1.03072237968,17.2179756165,1.99034583569,2.91283583641,0.323304504156,0.183058783412],[79.7180252075,29.4909915924,0.696117579937,7.5709400177,3.26874518394,2.8649585247,0.582091152668,5.08086109161,1.99034583569,13.9349269867,3.95047545433,2.26784682274,-0.14148016274],[220.669006348,92.7783966064,-12.3395833969,6.3142285347,7.80000591278,8.13138484955,3.65104007721,3.53359723091,2.91283583641,3.95047545433,13.5944881439,3.49960255623,1.76702284813],[30.6363239288,6.34644317627,-2.94654583931,3.94852423668,2.56114411354,1.96167087555,2.1741361618,2.9826002121,0.323304504156,2.26784682274,3.49960255623,11.1779718399,4.66686344147],[-30.0568523407,-16.2920799255,-0.328113675117,0.588906168938,0.155026957393,0.954082250595,1.12949216366,1.30012786388,0.183058783412,-0.14148016274,1.76702284813,4.66686344147,10.9383029938]],"icov":[[0.000486013159389,-0.000976039969828,0.000592517084442,-0.000703601515852,0.000442692282377,-0.0012762483675,0.000801759015303,-0.000378182303393,0.000314964156132,-0.000100628159998,0.0000688183863531,-0.000377704534912,0.000148047882249],[-0.000976039969828,0.00284481141716,-0.000475252425531,0.000993184861727,-0.00194347649813,-0.000684109574649,-0.00449778884649,0.00122340326197,0.00109968963079,-0.000255352497334,-0.00292268162593,0.00201236200519,0.00148556800559],[0.000592517084442,-0.000475252425531,0.00808409973979,-0.000145336322021,-0.000106324034277,-0.0012309307931,-0.00215123686939,0.000106395724288,0.002553103026,-0.00363917043433,0.00253498158418,0.00111485621892,0.000514002924319],[-0.000703601515852,0.000993184861727,-0.000145336322021,0.0124427070841,-0.00020420695364,-0.00313008972444,0.0032185560558,-0.00615309225395,-0.00217017065734,-0.00229733251035,0.00307950866409,-0.00182289478835,-0.000166561323567],[0.000442692282377,-0.00194347649813,-0.000106324034277,-0.00020420695364,0.0227235332131,0.00753783155233,-0.00846807658672,-0.00283677666448,-0.00696435244754,-0.000660471152514,-0.00630362099037,-0.00213158340193,0.000597373757046],[-0.0012762483675,-0.000684109574649,-0.0012309307931,-0.00313008972444,0.00753783155233,0.0341894067824,-0.00301762321033,-0.0106810340658,-0.00386501383036,0.00474336976185,0.00463486928493,0.000973149843048,-0.00694001372904],[0.000801759015303,-0.00449778884649,-0.00215123686939,0.0032185560558,-0.00846807658672,-0.00301762321033,0.0590456612408,-0.00872658379376,-0.0120843695477,0.00663557741791,0.0113628599793,-0.0097498446703,-0.0067982794717],[-0.000378182303393,0.00122340326197,0.000106395724288,-0.00615309225395,-0.00283677666448,-0.0106810340658,-0.00872658379376,0.0567949637771,0.000664802966639,-0.0143966078758,0.00200223596767,-0.00526499003172,-0.00203468184918],[0.000314964156132,0.00109968963079,0.002553103026,-0.00217017065734,-0.00696435244754,-0.00386501383036,-0.0120843695477,0.000664802966639,0.0685167238116,-0.00720531726256,-0.0147347971797,0.007568445988,0.00221283826977],[-0.000100628159998,-0.000255352497334,-0.00363917043433,-0.00229733251035,-0.000660471152514,0.00474336976185,0.00663557741791,-0.0143966078758,-0.00720531726256,0.0877535492182,-0.0212830752134,-0.0130684291944,0.010248767212],[0.0000688183863531,-0.00292268162593,0.00253498158418,0.00307950866409,-0.00630362099037,0.00463486928493,0.0113628599793,0.00200223596767,-0.0147347971797,-0.0212830752134,0.107913143933,-0.0247198883444,-0.0128947393969],[-0.000377704534912,0.00201236200519,0.00111485621892,-0.00182289478835,-0.00213158340193,0.000973149843048,-0.0097498446703,-0.00526499003172,0.007568445988,-0.0130684291944,-0.0247198883444,0.122899204493,-0.0450687631965],[0.000148047882249,0.00148556800559,0.000514002924319,-0.000166561323567,0.000597373757046,-0.00694001372904,-0.0067982794717,-0.00203468184918,0.00221283826977,0.010248767212,-0.0128947393969,-0.0450687631965,0.117013789713]],"mean":[-1034.25598145,38.9717254639,-3.73197221756,4.75077104568,0.603902757168,5.47209405899,1.67572724819,1.77434456348,-0.00858411472291,0.242694631219,0.583087384701,0.102317020297,-0.0785042643547]},"pitch_salience":{"dmean":0.0268783401698,"dmean2":0.0453127361834,"dvar":0.00213170982897,"dvar2":0.00574544724077,"max":0.996097147465,"mean":0.740250170231,"median":0.78710526228,"min":0.0804982930422,"var":0.0121630718932},"silence_rate_20dB":{"dmean":0.0037605385296,"dmean2":0.00752119114622,"dvar":0.00374639686197,"dvar2":0.00925393868238,"max":1,"mean":0.996542811394,"median":1,"min":0,"var":0.00344526465051},"silence_rate_30dB":{"dmean":0.0212591737509,"dmean2":0.042518991977,"dvar":0.0208072215319,"dvar2":0.0471708588302,"max":1,"mean":0.934919416904,"median":1,"min":0,"var":0.0608451105654},"silence_rate_60dB":{"dmean":0.00106144230813,"dmean2":0.00212291697972,"dvar":0.00106031564064,"dvar2":0.00245201145299,"max":1,"mean":0.794310748577,"median":1,"min":0,"var":0.163381174207},"spectral_centroid":{"dmean":301.099700928,"dmean2":513.992492676,"dvar":70889.7421875,"dvar2":198186.0625,"max":12167.4814453,"mean":8837.99414062,"median":10919.5595703,"min":144.998016357,"var":17454164},"spectral_complexity":{"dmean":0.722235679626,"dmean2":1.12678360939,"dvar":4.81782484055,"dvar2":10.3029546738,"max":69,"mean":5.04066801071,"median":0,"min":0,"var":119.642585754},"spectral_contrast_coeffs":{"dmean":[0.0215196572244,0.018154585734,0.0139596518129,0.0111493794248,0.00850006844848,0.0109605407342],"dmean2":[0.0366897955537,0.0310003980994,0.0239029228687,0.0190652441233,0.0143385222182,0.0174708291888],"dvar":[0.000859422318172,0.000570087693632,0.000341561128153,0.000231890298892,0.000203978983336,0.000644602056127],"dvar2":[0.00240507815033,0.00162034120876,0.000963077589404,0.000652943388559,0.00054595223628,0.00148717360571],"max":[-0.237610891461,-0.427827447653,-0.538852274418,-0.602206230164,-0.657499372959,-0.346918910742],"mean":[-0.892799556255,-0.919405996799,-0.926357030869,-0.924116373062,-0.928086221218,-0.915644288063],"median":[-0.955612659454,-0.956512928009,-0.959596633911,-0.957866668701,-0.958489716053,-0.959205150604],"min":[-0.988488256931,-0.994940519333,-0.997936248779,-0.99085432291,-0.988382279873,-0.973853707314],"var":[0.0174839440733,0.00659451866522,0.00516026094556,0.00504605751485,0.0040794829838,0.00888495333493]},"spectral_contrast_valleys":{"dmean":[0.380502551794,0.32827731967,0.263165265322,0.212476462126,0.168475061655,0.203341275454],"dmean2":[0.654721677303,0.563536405563,0.45251250267,0.361701518297,0.277001410723,0.336680084467],"dvar":[0.0898889824748,0.0692280307412,0.049315713346,0.0446810275316,0.0520093627274,0.137460052967],"dvar2":[0.255119204521,0.194050610065,0.134197130799,0.114032395184,0.120763331652,0.355165302753],"max":[-4.46982383728,-3.91136455536,-4.74831485748,-4.7469701767,-4.79385948181,-8.4605474472],"mean":[-22.8095340729,-22.7433586121,-22.7532711029,-22.8924026489,-23.0392150879,-23.7321910858],"median":[-27.179189682,-27.1711730957,-27.1437549591,-27.1966514587,-27.2159194946,-27.2238292694],"min":[-28.922744751,-28.7219715118,-28.2006855011,-28.0338115692,-27.8061923981,-27.5364303589],"var":[73.7914276123,75.0187759399,72.9792785645,69.5555725098,64.7420349121,45.0294647217]},"spectral_decrease":{"dmean":1.81006776234e-9,"dmean2":2.93680102459e-9,"dvar":5.97323597762e-17,"dvar2":1.48984823616e-16,"max":8.35875990646e-9,"mean":-3.46759732039e-9,"median":-2.64382183579e-29,"min":-1.72807972376e-7,"var":1.15468828389e-16},"spectral_energy":{"dmean":0.00702176149935,"dmean2":0.0112857148051,"dvar":0.0008878656663,"dvar2":0.00218242756091,"max":0.72383928299,"mean":0.0186200793833,"median":1.08652637229e-20,"min":9.51636155722e-21,"var":0.00265288725495},"spectral_energyband_high":{"dmean":0.0000898720682017,"dmean2":0.00012313190382,"dvar":7.11779819085e-7,"dvar2":0.00000118403181659,"max":0.0937508046627,"mean":0.000198150606593,"median":7.91475005983e-21,"min":6.49251235515e-21,"var":0.00000207665857488},"spectral_energyband_low":{"dmean":0.00578580331057,"dmean2":0.00954642239958,"dvar":0.0006763432757,"dvar2":0.00172025628854,"max":0.59698599577,"mean":0.00873221643269,"median":7.97510670383e-23,"min":2.29629422293e-24,"var":0.000962740683462},"spectral_energyband_middle_high":{"dmean":0.000734886620194,"dmean2":0.00117654923815,"dvar":0.0000083512850324,"dvar2":0.0000191470862774,"max":0.237561389804,"mean":0.00248708296567,"median":1.63130821034e-21,"min":9.67839585907e-22,"var":0.0000524221177329},"spectral_energyband_middle_low":{"dmean":0.00186036911327,"dmean2":0.00299220951274,"dvar":0.0000550172044314,"dvar2":0.000132030225359,"max":0.420007020235,"mean":0.00487512676045,"median":3.47241070939e-22,"min":8.91381268464e-23,"var":0.000241740999627},"spectral_entropy":{"dmean":0.0484989024699,"dmean2":0.0776915922761,"dvar":0.0143552673981,"dvar2":0.0360671579838,"max":9.83981323242,"mean":9.27410888672,"median":9.79741573334,"min":4.96435499191,"var":1.03777778149},"spectral_flux":{"dmean":0.00832029338926,"dmean2":0.0136885996908,"dvar":0.000900499988347,"dvar2":0.00215164152905,"max":0.734106063843,"mean":0.0320417061448,"median":6.85580966997e-11,"min":6.11098671666e-11,"var":0.00532050896436},"spectral_kurtosis":{"dmean":1.50959825516,"dmean2":2.40476417542,"dvar":28.1211013794,"dvar2":73.6528091431,"max":144.305175781,"mean":3.94684433937,"median":-1.18932819366,"min":-1.30723297596,"var":143.403381348},"spectral_rms":{"dmean":0.000326500448864,"dmean2":0.00051614746917,"dvar":0.00000122243818623,"dvar2":0.00000289028002953,"max":0.0265741348267,"mean":0.0017885590205,"median":3.25580361282e-12,"min":3.04700752476e-12,"var":0.0000149669867824},"spectral_rolloff":{"dmean":1116.38171387,"dmean2":2089.00097656,"dvar":12870426,"dvar2":35154504,"max":22050,"mean":16676.9511719,"median":18712.3535156,"min":43.06640625,"var":36656632},"spectral_skewness":{"dmean":0.132912069559,"dmean2":0.211727693677,"dvar":0.105590634048,"dvar2":0.259972155094,"max":8.96194267273,"mean":0.692436814308,"median":0.0121271749958,"min":-0.134462460876,"var":2.02113461494},"spectral_spread":{"dmean":882851.4375,"dmean2":1517449.875,"dvar":572128886784,"dvar2":1654785179650,"max":44387296,"mean":32537754,"median":40249048,"min":639398.5,"var":233663434326000},"spectral_strongpeak":{"dmean":0.819899916649,"dmean2":1.55218434334,"dvar":64.4657897949,"dvar2":181.362457275,"max":210.855941772,"mean":0.677815854549,"median":3.40186634418e-9,"min":0,"var":56.0894088745},"zerocrossingrate":{"dmean":0.0167702939361,"dmean2":0.0260522961617,"dvar":0.000341012375429,"dvar2":0.000622611783911,"max":0.7412109375,"mean":0.43877851963,"median":0.49609375,"min":0.00244140625,"var":0.0161418020725}},"metadata":{"audio_properties":{"analysis_sample_rate":44100,"bit_rate":192000,"codec":"mp3","downmix":"mix","equal_loudness":0,"length":1531.29797363,"lossless":false,"md5_encoded":"fbd1fba0c20e1f1bcf02884e6c4ab239","replay_gain":4.57877922058,"sample_rate":44100},"tags":{"acoustid_id":["d585e56b-3d88-4c44-904e-81d6e165498c"],"album":["Infinity Land"],"albumartist":["Biffy Clyro"],"artist":["Biffy Clyro"],"date":["2004"],"discnumber":["1/1"],"file_name":"13 - Biffy Clyro - Pause It and Turn It Up _ [untitled].mp3","musicbrainz_albumartistid":["892500b7-09a6-4049-ba92-2d192dd70563"],"musicbrainz_albumid":["fcaeef84-bddf-4370-83c8-d5f0cfb7569d"],"musicbrainz_artistid":["892500b7-09a6-4049-ba92-2d192dd70563"],"musicbrainz_recordingid":["b5830477-a274-48fe-a202-2d3e7a2257c7"],"musicbrainz_releasegroupid":["cbd11d7f-794b-3d5d-8f55-8775be26b61d"],"replaygain_album_gain":["+0.53 dB"],"replaygain_album_peak":["0.392455"],"replaygain_track_gain":["+2.17 dB"],"replaygain_track_peak":["0.359942"],"title":["Pause It and Turn It Up / [untitled]"],"tracknumber":["13/13"]},"version":{"essentia":"2.1-beta1","essentia_build_sha":"e76a03f03bb3900de42a1fa0d9be1e72f12def64","essentia_git_sha":"v2.1_beta1-28-g21ef5f4-dirty","extractor":"music 1.0"}},"rhythm":{"beats_count":2889,"beats_loudness":{"dmean":0.0206385869533,"dmean2":0.0381224900484,"dvar":0.00285007874481,"dvar2":0.00870170816779,"max":0.654965817928,"mean":0.029284035787,"median":0,"min":0,"var":0.00488450657576},"beats_loudness_band_ratio":{"dmean":[0.0491930581629,0.0191314816475,0.0106776114553,0.0162500683218,0.00629014521837,0.0186571143568],"dmean2":[0.083723731339,0.0329074189067,0.0187999513,0.0276752598584,0.0110019696876,0.0318270847201],"dvar":[0.0140926251188,0.00351560837589,0.00109498505481,0.00250407774001,0.000545733957551,0