{"lowlevel":{"average_loudness":0.465074539185,"barkbands":{"dmean":[0.000255452730926,0.00236354814842,0.00474299304187,0.00196831696667,0.00195282092318,0.00129344884772,0.000974945083726,0.000348734814906,0.000298210681649,0.000158825481776,0.0000749529717723,0.0000496997636219,0.0000283075078187,0.0000291141750495,0.0000236773030338,0.0000275105940091,0.0000425699145126,0.0000313330274366,0.0000569695330341,0.0000301607833535,0.0000184120199265,0.00000483634994453,0.00000209317931876,0.00000169307975284,0.00000164397647495,0.00000176055516476,0.0000161843236128],"dmean2":[0.000430647458415,0.00366476154886,0.00748534640297,0.00313249067403,0.00304564740509,0.0019042568747,0.00137895473745,0.00053509924328,0.000456172652775,0.000245554780122,0.000109969136247,0.000080885256466,0.0000463469586975,0.0000476305285702,0.0000383165861422,0.0000437546550529,0.0000653586321278,0.0000484052943648,0.0000862746383063,0.000043921500037,0.0000250968405453,0.00000749354967411,0.00000336136008627,0.00000278142783827,0.00000269850374934,0.00000284087241198,0.0000223830811592],"dvar":[2.48605914521e-7,0.0000179790440598,0.0000846185721457,0.0000156580754265,0.0000224739578698,0.0000194410149561,0.0000282684522972,0.00000246303102358,0.00000381441554964,2.53014604823e-7,1.52586807189e-7,2.10307060655e-8,6.56798704313e-9,1.09151114813e-8,8.88251872055e-9,2.57626702194e-8,1.25567652276e-7,6.73662370332e-8,4.2471859274e-7,1.33479787223e-7,7.11278218546e-8,1.16221310353e-9,2.68534691011e-11,1.25609410026e-11,1.17030517222e-11,1.214146058e-11,7.17390991056e-9],"dvar2":[6.23324297067e-7,0.0000396883333451,0.000197364555788,0.0000342706771335,0.0000575089470658,0.0000427093473263,0.0000553569079784,0.00000525744098923,0.00000945371630223,5.75423598548e-7,2.23641066555e-7,5.31243316004e-8,1.43301184252e-8,2.75162417296e-8,1.93556495276e-8,6.23770972652e-8,2.90411321657e-7,1.47567206454e-7,9.68962808656e-7,3.10840931661e-7,1.52477781512e-7,2.95165114572e-9,5.84273601723e-11,2.96525234922e-11,2.76701404844e-11,2.81088277654e-11,1.32905384476e-8],"max":[0.0122137703001,0.0984382033348,0.310455948114,0.162376776338,0.145818904042,0.153674080968,0.264557480812,0.0878039002419,0.128537029028,0.0134986378253,0.0374489575624,0.00418075313792,0.00344710238278,0.00573622435331,0.00432793051004,0.00752677256241,0.0208655316383,0.0107793835923,0.026380777359,0.0218212082982,0.0172479618341,0.00213670171797,0.00017958295939,0.0000982672354439,0.0000957218944677,0.0000953268390731,0.00569277536124],"mean":[0.00025558116613,0.00362755428068,0.00831909198314,0.00327513227239,0.00359594076872,0.00226080790162,0.00196037138812,0.000562409637496,0.000454950495623,0.000242718175286,0.0001282102603,0.0000717171351425,0.0000413591951656,0.0000430548643635,0.0000347849381797,0.0000373392940674,0.0000584497138334,0.0000441137381131,0.0000740771938581,0.000043012558308,0.0000260644501395,0.00000701135422787,0.00000262740695689,0.0000017567526811,0.00000168889062024,0.00000207058064916,0.0000312238516926],"median":[0.0000914626361919,0.00159673346207,0.0033432985656,0.00123841071036,0.000973696936853,0.000228503136896,0.000156390160555,0.0000670129375067,0.000079522607848,0.0000393477057514,0.0000245327682933,0.0000244080838456,0.0000158327675308,0.0000129949494294,0.0000117590479931,0.00000751532115828,0.0000043742534217,0.00000300189117297,0.00000233979903896,0.0000018020615471,0.00000170387943399,0.00000127151838569,7.36451966077e-7,5.05313664689e-7,4.80986159346e-7,7.53094695938e-7,0.0000110449027488],"min":[1.28701205183e-23,9.62258369759e-24,3.53216951043e-23,1.14688532845e-24,6.28414864361e-23,4.05050161225e-23,2.25537983375e-23,8.00029471699e-23,5.12868892961e-23,5.15417292338e-23,4.75426462064e-23,7.70103686161e-23,7.61341208552e-23,7.09511974229e-23,1.04875460143e-22,2.02794530254e-22,1.35546889631e-22,2.66330649738e-22,3.93324608461e-22,3.40702688834e-22,5.52360658271e-22,5.57632167628e-22,5.58199188225e-22,8.39148276196e-22,1.33081132585e-21,1.35859780896e-21,2.7115424766e-21],"var":[2.64967496832e-7,0.000037192075979,0.000268369098194,0.0000568525429117,0.0000810103592812,0.0000623537780484,0.000128683837829,0.0000070267819865,0.00000446468857263,5.63300602607e-7,9.32451484914e-7,2.90315860241e-8,1.0289252117e-8,1.30951223198e-8,1.16569998099e-8,3.57502543125e-8,2.35793990555e-7,1.31469661824e-7,6.54759617191e-7,2.5963669259e-7,1.11390477286e-7,1.72363534556e-9,5.51132126048e-11,1.51385726871e-11,1.40232469734e-11,1.67763494069e-11,1.99078709073e-8]},"barkbands_crest":{"dmean":2.81226468086,"dmean2":4.54666996002,"dvar":5.98002052307,"dvar2":15.7377567291,"max":26.6383895874,"mean":13.3931474686,"median":12.7425107956,"min":3.40815973282,"var":21.389673233},"barkbands_flatness_db":{"dmean":0.0392582379282,"dmean2":0.0622214898467,"dvar":0.00107594230212,"dvar2":0.00275107170455,"max":0.506764173508,"mean":0.23998786509,"median":0.236011788249,"min":0.043230805546,"var":0.00375672616065},"barkbands_kurtosis":{"dmean":18.5393714905,"dmean2":29.6889228821,"dvar":767.801757812,"dvar2":1865.33544922,"max":804.573242188,"mean":38.9440002441,"median":26.9118614197,"min":-1.85655391216,"var":2036.98071289},"barkbands_skewness":{"dmean":1.11930811405,"dmean2":1.75619208813,"dvar":1.18589758873,"dvar2":2.91346931458,"max":22.3817615509,"mean":3.9792072773,"median":3.72744655609,"min":-2.58614015579,"var":5.18313074112},"barkbands_spread":{"dmean":2.52942752838,"dmean2":3.95505094528,"dvar":23.6801586151,"dvar2":50.1607894897,"max":124.149894714,"mean":6.55589723587,"median":4.17091274261,"min":0.141919955611,"var":85.2451324463},"dissonance":{"dmean":0.0330008193851,"dmean2":0.0552289485931,"dvar":0.000988309504464,"dvar2":0.0027245786041,"max":0.500000178814,"mean":0.431563198566,"median":0.442094355822,"min":0.0836957916617,"var":0.0024739515502},"dynamic_complexity":5.71661472321,"erbbands":{"dmean":[0.0328359343112,0.6972463727,4.63278532028,6.33015584946,5.78917217255,6.47281551361,8.84337711334,10.4521932602,11.4194450378,14.7455749512,7.86295127869,6.16433572769,5.99386024475,3.98722624779,2.24955773354,2.06210017204,1.29625022411,1.58226239681,1.02495396137,1.30694150925,1.63836836815,2.27673077583,1.77971827984,2.05514764786,2.95342898369,1.44660544395,0.914297103882,0.508101642132,0.194843843579,0.0938808396459,0.0558515824378,0.0380092523992,0.0270619094372,0.0184843521565,0.0116492658854,0.00658904574811,0.00329647934996,0.00199611252174,0.00175890349783,0.000723386416212],"dmean2":[0.0534496307373,1.0783547163,7.28121232986,10.0114383698,9.01510429382,10.2046375275,13.3270578384,15.6446361542,16.1482200623,20.9720973969,12.0361337662,9.41414546967,9.28783130646,5.89791631699,3.4890832901,3.34633708,2.1143951416,2.57238769531,1.64863288403,2.10074877739,2.62162351608,3.45497846603,2.69781541824,3.13162732124,4.31637811661,2.09315276146,1.35599780083,0.667677164078,0.297070384026,0.145070552826,0.0891551300883,0.0621767565608,0.0445152334869,0.0303639806807,0.0190955400467,0.0107668573037,0.0053024017252,0.00289552193135,0.00225742673501,0.00108173780609],"dvar":[0.00302772619762,1.55682826042,77.3309707642,155.6875,212.535461426,287.478485107,831.098632812,1552.92822266,1805.48681641,14467.8994141,1269.50476074,1322.57141113,914.569152832,318.815032959,101.916053772,39.4963798523,13.0241355896,35.9444923401,9.32789897919,38.9103736877,123.495132446,380.402557373,210.921264648,504.333679199,1184.62866211,295.675384521,193.890380859,36.8628807068,2.18324947357,0.178242057562,0.0173552148044,0.00632217293605,0.00323191937059,0.00149212568067,0.000582179054618,0.000180234346772,0.0000420592441515,0.0000580709929636,0.000217782202526,0.00000298178588309],"dvar2":[0.00750186480582,3.49670004845,182.240631104,349.032043457,553.370239258,691.439331055,1650.87988281,3789.06396484,3303.99511719,28571.9726562,2783.94458008,3067.10864258,2258.42993164,525.089599609,233.430252075,97.6036224365,30.1939983368,88.8193740845,21.6238098145,82.0628128052,299.385284424,885.524353027,444.997375488,1158.06982422,2666.45874023,688.364135742,468.227416992,64.2187576294,5.3137345314,0.430070310831,0.0367923788726,0.0147903794423,0.0076482151635,0.00352979358286,0.00137540162541,0.000424675905379,0.0000966737279668,0.0000912691830308,0.000365767598851,0.00000615869703324],"max":[1.30463850498,26.4572372437,279.266998291,593.151977539,638.606445312,511.204925537,1121.64782715,1421.75354004,2596.61230469,7216.04638672,2303.98974609,2233.80957031,1888.90075684,1574.95385742,510.075958252,203.498962402,163.773681641,346.924591064,114.021324158,320.606719971,415.781707764,1209.75842285,579.884399414,1226.5300293,1412.81323242,1018.0881958,972.168457031,526.673461914,96.296295166,23.684961319,5.16929483414,2.16761875153,1.58470702171,1.08022856712,0.676144063473,0.37702563405,0.176387488842,0.480056613684,1.17404401302,0.0841865390539],"mean":[0.0489843338728,1.10614383221,8.01034927368,11.7950811386,11.2605953217,11.0825691223,14.6223468781,17.931432724,22.8191585541,29.0037097931,13.8022222519,10.034409523,9.17310619354,7.27172374725,3.71944713593,3.02969384193,2.04513669014,2.41360020638,1.67393648624,1.95694875717,2.36457705498,3.26115298271,2.57705378532,2.81106138229,3.88371419907,2.06597590446,1.27625727654,0.770432591438,0.287542998791,0.131136149168,0.0693760365248,0.0414354354143,0.0274638738483,0.0188729446381,0.0120661854744,0.00699016451836,0.00397299649194,0.00311772455461,0.00306537537836,0.00219012890011],"median":[0.0275577101856,0.486659437418,3.25716757774,5.39080524445,3.56042265892,3.00040841103,2.21430563927,1.8195964098,1.98751842976,2.07537746429,1.79392623901,1.82639479637,1.61150443554,1.16296899319,1.12229549885,1.0242369175,0.842730402946,0.7869181633,0.627794623375,0.621826469898,0.388196289539,0.243908688426,0.172935068607,0.13888733089,0.109740152955,0.0857999920845,0.0745838806033,0.0608891583979,0.0468214377761,0.0313020758331,0.0201951283962,0.0125911887735,0.00751235894859,0.0052412673831,0.00351880071685,0.00217533577234,0.00150761636905,0.000970907916781,0.000653082854114,0.00155742710922],"min":[4.97221376211e-22,2.38387333502e-21,3.20137347063e-20,2.40564801646e-20,3.95306642059e-20,2.99253317805e-19,2.85042690924e-19,3.25194890887e-19,3.04770845135e-19,9.72417915083e-19,1.65046654859e-18,1.00315108696e-18,1.3521214234e-18,1.69693569425e-18,2.39656288499e-18,3.89402676626e-18,3.61229525348e-18,3.59523465334e-18,5.45866991418e-18,7.69048427054e-18,1.03577041675e-17,8.83322601498e-18,1.31757910548e-17,1.62319305963e-17,2.28797578406e-17,1.17160778355e-17,1.45957739621e-17,2.50991661421e-17,1.99962409668e-17,2.20860796972e-17,1.52882664098e-17,1.54644558803e-17,1.39953351359e-17,1.37569954501e-17,9.57306379947e-18,5.50121181308e-18,2.66469223978e-18,1.92808066647e-18,3.37099570865e-19,2.99509595161e-20],"var":[0.00474233133718,3.34470438957,219.133071899,571.741027832,917.189575195,943.669006348,2767.79541016,4051.69628906,9712.37304688,57805.1289062,4039.01196289,1992.45214844,1233.1159668,1812.09289551,202.158004761,56.1549339294,20.6279373169,42.7480239868,14.068687439,52.125919342,200.025619507,733.553466797,434.393005371,776.102416992,1941.17175293,581.348205566,264.125671387,76.4336395264,3.47298383713,0.319008618593,0.0337056107819,0.00800070632249,0.00385051057674,0.00178301136475,0.000700829550624,0.000219901572564,0.0000598308797635,0.000207296412555,0.000596264319029,0.00000926147185965]},"erbbands_crest":{"dmean":3.17782855034,"dmean2":5.14694452286,"dvar":7.66007900238,"dvar2":20.0048141479,"max":33.2486801147,"mean":11.8364458084,"median":10.8366670609,"min":2.20475935936,"var":26.2163028717},"erbbands_flatness_db":{"dmean":0.0328445136547,"dmean2":0.0519868396223,"dvar":0.000728596001863,"dvar2":0.00188484753016,"max":0.4349129498,"mean":0.178939789534,"median":0.174956068397,"min":0.0273430757225,"var":0.00286038196646},"erbbands_kurtosis":{"dmean":3.00355935097,"dmean2":4.80678462982,"dvar":29.4973983765,"dvar2":74.2338562012,"max":182.640945435,"mean":4.54058408737,"median":2.16402244568,"min":-1.88888978958,"var":71.8378067017},"erbbands_skewness":{"dmean":0.56725102663,"dmean2":0.876898765564,"dvar":0.326640099287,"dvar2":0.751258969307,"max":10.2480173111,"mean":1.22786343098,"median":1.22156941891,"min":-6.0241932869,"var":1.75754630566},"erbbands_spread":{"dmean":7.03045558929,"dmean2":11.2062187195,"dvar":54.9140815735,"dvar2":134.537490845,"max":112.916320801,"mean":24.4067935944,"median":22.4938335419,"min":0.457488507032,"var":180.156188965},"gfcc":{"cov":[[17878.015625,3374.1784668,-570.18560791,-99.0358047485,-250.562759399,-994.329650879,24.7198696136,-449.417816162,-73.9211502075,-484.357269287,-254.004562378,-333.819458008,-156.928466797],[3374.1784668,1760.28601074,106.896247864,-335.263366699,11.4136753082,-255.311752319,53.3754043579,-346.846221924,27.2405414581,-207.342758179,-64.524230957,-151.427505493,-64.8355712891],[-570.18560791,106.896247864,485.514373779,81.8044586182,1.01858139038,106.439338684,-21.8352603912,-6.41871452332,-35.3804473877,-4.62211322784,3.42531180382,-36.0204429626,-6.79360294342],[-99.0358047485,-335.263366699,81.8044586182,448.507202148,120.669128418,-57.2263679504,34.4339027405,44.3348312378,-28.5621528625,-13.8861408234,-12.1600046158,21.6051311493,6.70536851883],[-250.562759399,11.4136753082,1.01858139038,120.669128418,297.507171631,59.8422241211,86.0402755737,-45.7466926575,14.6966342926,-58.4518508911,1.04220342636,-24.4405384064,-11.9678974152],[-994.329650879,-255.311752319,106.439338684,-57.2263679504,59.8422241211,324.646881104,-7.48174571991,81.5563583374,-35.6069335938,47.3844947815,12.7666788101,-4.82116031647,-4.3832192421],[24.7198696136,53.3754043579,-21.8352603912,34.4339027405,86.0402755737,-7.48174571991,162.383300781,2.22338628769,46.1738471985,-34.8472938538,-7.55776548386,-8.75575447083,-3.30949616432],[-449.417816162,-346.846221924,-6.41871452332,44.3348312378,-45.7466926575,81.5563583374,2.22338628769,187.451080322,28.5737609863,67.9800262451,16.4698562622,19.6241970062,12.1924886703],[-73.9211502075,27.2405414581,-35.3804473877,-28.5621528625,14.6966342926,-35.6069335938,46.1738471985,28.5737609863,105.712646484,33.5012207031,9.63799190521,-3.02020430565,-12.0750350952],[-484.357269287,-207.342758179,-4.62211322784,-13.8861408234,-58.4518508911,47.3844947815,-34.8472938538,67.9800262451,33.5012207031,108.312438965,48.9057121277,30.3762435913,3.19967532158],[-254.004562378,-64.524230957,3.42531180382,-12.1600046158,1.04220342636,12.7666788101,-7.55776548386,16.4698562622,9.63799190521,48.9057121277,75.0320053101,41.0307655334,14.7615718842],[-333.819458008,-151.427505493,-36.0204429626,21.6051311493,-24.4405384064,-4.82116031647,-8.75575447083,19.6241970062,-3.02020430565,30.3762435913,41.0307655334,80.6323852539,43.4400444031],[-156.928466797,-64.8355712891,-6.79360294342,6.70536851883,-11.9678974152,-4.3832192421,-3.30949616432,12.1924886703,-12.0750350952,3.19967532158,14.7615718842,43.4400444031,72.364730835]],"icov":[[0.000148672042997,-0.000435463676695,0.000379143311875,-0.000399618584197,0.000252847385127,-0.0000121941138786,0.0000856961414684,-0.000365835003322,0.000247106974712,0.0000899505976122,-0.000108070446004,0.000276008475339,0.00000512421047461],[-0.000435463676695,0.00304395495914,-0.00172356213443,0.00226170010865,-0.000308991817292,0.000842256471515,-0.000410757958889,0.00297519518062,-0.00194954662584,0.00233266828582,-0.00132693175692,0.00155771453865,-0.00020147455507],[0.000379143311875,-0.00172356213443,0.00439776806161,-0.00349861686118,0.00286808260716,-0.00304513191804,0.000945704989135,0.000112570240162,-0.00105589942541,0.00211715558544,-0.00337822060101,0.00365960341878,-0.00144833733793],[-0.000399618584197,0.00226170010865,-0.00349861686118,0.00745191052556,-0.00564153911546,0.00533779105172,-0.00168506486807,-0.00166388286743,0.00474747642875,-0.00432007806376,0.00543692428619,-0.00426532514393,0.00216898112558],[0.000252847385127,-0.000308991817292,0.00286808260716,-0.00564153911546,0.0109301246703,-0.00652771443129,-0.000106574625534,0.00452688382939,-0.00778283830732,0.0108195254579,-0.00991057511419,0.00693527469411,-0.00221046851948],[-0.0000121941138786,0.000842256471515,-0.00304513191804,0.00533779105172,-0.00652771443129,0.00983477104455,-0.00194660003763,-0.00437465682626,0.00873539317399,-0.00843623373657,0.00628437893465,-0.0027268587146,0.00229748478159],[0.0000856961414684,-0.000410757958889,0.000945704989135,-0.00168506486807,-0.000106574625534,-0.00194660003763,0.0101652992889,-0.000759388844017,-0.00696704117581,0.00729946093634,-0.00277607142925,0.000316348508932,-0.000588864437304],[-0.000365835003322,0.00297519518062,0.000112570240162,-0.00166388286743,0.00452688382939,-0.00437465682626,-0.000759388844017,0.0138173438609,-0.00748284859583,0.00202826666646,-0.00377377611585,0.00492369150743,-0.00336617720313],[0.000247106974712,-0.00194954662584,-0.00105589942541,0.00474747642875,-0.00778283830732,0.00873539317399,-0.00696704117581,-0.00748284859583,0.0256016235799,-0.0190730709583,0.0103273857385,-0.00449664099142,0.00414217356592],[0.0000899505976122,0.00233266828582,0.00211715558544,-0.00432007806376,0.0108195254579,-0.00843623373657,0.00729946093634,0.00202826666646,-0.0190730709583,0.0388862155378,-0.0232970938087,0.00630234647542,0.000221652211621],[-0.000108070446004,-0.00132693175692,-0.00337822060101,0.00543692428619,-0.00991057511419,0.00628437893465,-0.00277607142925,-0.00377377611585,0.0103273857385,-0.0232970938087,0.0360746718943,-0.0192377436906,0.00394914811477],[0.000276008475339,0.00155771453865,0.00365960341878,-0.00426532514393,0.00693527469411,-0.0027268587146,0.000316348508932,0.00492369150743,-0.00449664099142,0.00630234647542,-0.0192377436906,0.0356897413731,-0.0156293343753],[0.00000512421047461,-0.00020147455507,-0.00144833733793,0.00216898112558,-0.00221046851948,0.00229748478159,-0.000588864437304,-0.00336617720313,0.00414217356592,0.000221652211621,0.00394914811477,-0.0156293343753,0.0228843260556]],"mean":[-124.04573822,122.979377747,-51.024307251,3.41588020325,-22.2826004028,-6.80938053131,-13.5066509247,-13.7692165375,-9.38394260406,-10.4904432297,-12.7593593597,-11.2599802017,-9.32169914246]},"hfc":{"dmean":19.9732055664,"dmean2":31.4061145782,"dvar":778.348999023,"dvar2":1842.70202637,"max":507.159576416,"mean":58.844379425,"median":44.4826812744,"min":1.21023604283e-16,"var":3111.02783203},"melbands":{"dmean":[0.000451439002063,0.0018798308447,0.00103197048884,0.000420598575147,0.000309233000735,0.000242656751652,0.000182419840712,0.000138689953019,0.0000611924842815,0.0000395763927372,0.0000299986968457,0.000016558169591,0.00000894909135241,0.000005632428838,0.00000438207598563,0.00000261141440205,0.00000319999435305,0.00000161832156209,0.00000183125848707,0.00000174603667347,0.0000020944478365,0.0000025619731332,0.00000208820961234,0.00000141279883792,0.00000176777382421,0.000002544368499,0.00000163198478731,8.40884354147e-7,6.0816188352e-7,5.05281889218e-7,2.26139306392e-7,1.21436826817e-7,7.23586097706e-8,4.54065336442e-8,3.31877458848e-8,2.65379753728e-8,2.19849258798e-8,1.9233883819e-8,1.69939156081e-8,1.51028949347e-8],"dmean2":[0.000709446321707,0.00291581917554,0.00162315694615,0.000655508309137,0.000473655381938,0.000359016732546,0.000258660817053,0.00019769804203,0.0000947994922171,0.0000606422690907,0.0000467177233077,0.0000245902829192,0.0000135805021273,0.00000917488523555,0.00000711421171218,0.00000429405145042,0.00000522786331203,0.00000262261755779,0.00000295213362733,0.00000277632830148,0.00000335699905918,0.00000398813244828,0.00000321459310726,0.00000214156261791,0.00000277754452327,0.0000036836468098,0.00000254022711488,0.00000129490035761,9.45974193201e-7,6.80147877574e-7,3.15088499292e-7,1.9010732899e-7,1.14244834037e-7,7.19374284586e-8,5.31985016039e-8,4.3174051001e-8,3.61325085407e-8,3.16552366542e-8,2.79396719094e-8,2.48031835071e-8],"dvar":[6.05276056831e-7,0.0000117254876386,0.00000354763142241,0.00000108182791791,8.42268093493e-7,7.72041119035e-7,4.79877144244e-7,0.00000117317324566,8.7662073156e-8,7.28285485252e-8,2.39922002265e-8,5.07215203172e-9,1.73310554796e-9,2.8503177596e-10,2.31479474477e-10,6.62339558199e-11,1.57531598877e-10,2.06546741516e-11,6.1683019803e-11,7.77581818379e-11,2.24328569609e-10,5.43385614282e-10,3.00760388816e-10,1.3352151329e-10,4.46959247391e-10,8.28131951902e-10,4.28791224749e-10,1.12236664407e-10,9.51217299372e-11,6.47572273582e-11,4.27233725828e-12,7.6659241021e-13,2.77660842452e-13,2.27054923393e-14,6.33435759561e-15,3.25853108941e-15,2.12427138732e-15,1.63607410141e-15,1.26907801877e-15,9.94014233547e-16],"dvar2":[0.00000136517394367,0.0000274337817245,0.00000795198138803,0.00000280086533166,0.00000180801930583,0.00000179944743195,9.09839684482e-7,0.00000230320642913,1.91997173715e-7,1.78561123221e-7,6.00002110218e-8,8.71111982548e-9,3.27111582266e-9,7.45949191305e-10,5.61016344491e-10,1.37162114999e-10,4.00866423389e-10,4.96894608792e-11,1.3546568034e-10,1.64064886676e-10,5.50134771071e-10,1.29945054717e-9,6.82407741426e-10,2.78628814465e-10,1.08127540255e-9,1.78285952668e-9,1.03171404753e-9,2.73904121606e-10,2.45774178786e-10,1.21289686628e-10,6.9799929725e-12,1.95414669689e-12,7.41297594056e-13,5.214995509e-14,1.31491234798e-14,7.42625040374e-15,5.01280789745e-15,3.8739009491e-15,3.00378656579e-15,2.35129951059e-15],"max":[0.0198320038617,0.100403696299,0.0811605006456,0.0354058817029,0.0291273295879,0.0364371202886,0.0342909730971,0.0663217008114,0.0191972181201,0.0184319093823,0.00979931373149,0.00591237330809,0.00253978394903,0.000683527148794,0.000712784647476,0.000363939761883,0.000688376079779,0.00019533939485,0.000412167515606,0.000421886128606,0.000584379013162,0.00155932689086,0.000757507514209,0.000575988146011,0.00120767322369,0.00149296817835,0.00121970637701,0.000675993971527,0.000700208300259,0.000727132428437,0.000126408645883,0.0000526594340045,0.0000335039949277,0.00000734627838028,0.00000293831362796,0.00000155015345626,0.00000127426130803,0.00000112752536552,9.9422788935e-7,8.8229847961e-7],"mean":[0.000709415005986,0.00334378820844,0.00206373468973,0.00079137890134,0.000511402904522,0.000428820261732,0.000369034503819,0.000267743860604,0.000104731669126,0.0000607968177064,0.0000446102239948,0.0000290771331493,0.0000146293596117,0.00000820457626105,0.00000618787180429,0.00000389926844946,0.00000465060247734,0.00000253004213846,0.00000265246035269,0.00000247092998507,0.00000288229830403,0.0000034996105569,0.00000279370510725,0.00000194835365619,0.00000220520041694,0.00000312318866236,0.00000216221815208,0.00000117431500257,7.99421229658e-7,6.85908219111e-7,3.54148568249e-7,1.70284351952e-7,9.98347644554e-8,6.03143490707e-8,4.10147720231e-8,3.07217149498e-8,2.28973853211e-8,1.93908071822e-8,1.72294782885e-8,1.54303876343e-8],"median":[0.000358978577424,0.00147400656715,0.000977703137323,0.000237938889768,0.000088571854576,0.0000408872620028,0.0000318236670864,0.0000205165779334,0.0000141135897138,0.0000107058704089,0.00000740085215511,0.00000439103496319,0.0000035413365822,0.00000283426129499,0.00000210611983675,0.00000152396444264,0.00000132165826017,9.31599402065e-7,8.79902131601e-7,6.48572381579e-7,3.77859947776e-7,2.57527602798e-7,1.68757367192e-7,1.36549900276e-7,1.05912739912e-7,8.25903967439e-8,6.6447690017e-8,5.24204430974e-8,4.65157086182e-8,3.94006249849e-8,3.24168247801e-8,2.7173635786e-8,2.10938591039e-8,1.50408610011e-8,1.16189644572e-8,9.76620384563e-9,6.55670007177e-9,5.18312770481e-9,4.68403094089e-9,4.30321467348e-9],"min":[4.80013853889e-24,1.19048466488e-23,4.18211295687e-24,1.15843655952e-23,1.25257882552e-23,7.68508372752e-24,4.54019782656e-24,1.15100288655e-23,1.40302020106e-23,5.99967135947e-24,6.59746108154e-24,6.63222499834e-24,7.45425513805e-24,6.63653848977e-24,1.18888785264e-23,6.45065248936e-24,7.04409401013e-24,8.16394122965e-24,7.72148650286e-24,1.39007231147e-23,1.13834119571e-23,6.82283351457e-24,1.68424674718e-23,8.37511771626e-24,1.36824453023e-23,1.51129467351e-23,1.77936996172e-23,5.29190969404e-24,7.50446613466e-24,1.33423137235e-23,1.49120175517e-23,1.03722697703e-23,1.24703786652e-23,1.16647844424e-23,9.10119002659e-24,7.76541658895e-24,1.01221598425e-23,9.43274826506e-24,1.00569565444e-23,1.25009194151e-23],"var":[0.00000119597348203,0.0000335234180966,0.0000139965859489,0.0000038987723201,0.00000272215470432,0.00000242144665208,0.0000025215201731,0.00000467514473712,2.71644609029e-7,8.731963419e-8,3.06182492693e-8,2.64917332515e-8,5.83641446283e-9,3.71487229867e-10,2.8264088292e-10,1.05446817944e-10,1.81073239736e-10,3.0451224875e-11,7.92089102641e-11,1.09634336332e-10,3.64335978054e-10,9.35455490847e-10,5.39987554671e-10,2.63732174988e-10,5.68888769426e-10,1.33387711987e-9,6.81422418491e-10,2.0214466212e-10,1.12004495956e-10,1.06859146531e-10,1.08830887011e-11,1.14866829156e-12,3.18902293895e-13,4.885712806e-14,1.25219489454e-14,4.57304067322e-15,2.56510502604e-15,1.94404797537e-15,1.51163998514e-15,1.18829193379e-15]},"melbands_crest":{"dmean":3.49414587021,"dmean2":5.66066741943,"dvar":9.27435016632,"dvar2":24.3655052185,"max":39.7370491028,"mean":19.1730957031,"median":18.6796474457,"min":1.79823696613,"var":36.8530082703},"melbands_flatness_db":{"dmean":0.0464311316609,"dmean2":0.0734057351947,"dvar":0.0014711630065,"dvar2":0.00376427080482,"max":0.665330529213,"mean":0.367971748114,"median":0.366678744555,"min":0.00469458242878,"var":0.00519443396479},"melbands_kurtosis":{"dmean":17.0807743073,"dmean2":27.3165607452,"dvar":502.249176025,"dvar2":1243.59216309,"max":453.029663086,"mean":37.888710022,"median":26.0857582092,"min":-1.91281092167,"var":1491.36279297},"melbands_skewness":{"dmean":1.04525542259,"dmean2":1.64805936813,"dvar":0.965164244175,"dvar2":2.34828424454,"max":15.1260814667,"mean":3.88048529625,"median":3.66607642174,"min":-1.976739645,"var":5.02517271042},"melbands_spread":{"dmean":2.44070696831,"dmean2":3.71295452118,"dvar":40.9875297546,"dvar2":73.8418502808,"max":154.9140625,"mean":6.07737112045,"median":3.33492827415,"min":0.247524023056,"var":136.53918457},"mfcc":{"cov":[[9779.58496094,1708.83300781,-493.71572876,536.799926758,-394.297698975,-301.076263428,-254.544158936,8.12940502167,26.6173114777,-35.0572662354,-41.9477500916,-60.0928077698,6.59407997131],[1708.83300781,1729.94189453,154.785797119,-136.574401855,-52.0899429321,45.5597839355,-64.5884399414,-50.6541442871,-22.3839988708,-10.3400859833,-17.0706062317,-54.173866272,-35.0258636475],[-493.71572876,154.785797119,509.687408447,-29.1383476257,52.4268608093,29.0245323181,32.6966667175,-34.4815597534,-16.2718391418,0.41769143939,-1.04563117027,1.95797657967,-18.5110778809],[536.799926758,-136.574401855,-29.1383476257,517.450866699,29.1059398651,-15.6237001419,-2.03558015823,39.8293838501,21.0129489899,-29.4371643066,-30.6528072357,-3.23542404175,14.2196063995],[-394.297698975,-52.0899429321,52.4268608093,29.1059398651,209.354537964,97.8094863892,75.986831665,26.1686229706,0.22941441834,7.7911863327,-3.73849415779,12.4702835083,-3.39821004868],[-301.076263428,45.5597839355,29.0245323181,-15.6237001419,97.8094863892,157.014266968,85.96824646,30.7860603333,12.4898347855,-0.331043452024,-5.99374103546,0.692067563534,-4.18252563477],[-254.544158936,-64.5884399414,32.6966667175,-2.03558015823,75.986831665,85.96824646,130.078994751,57.7388648987,12.5865736008,4.94957208633,-8.83442592621,6.00685787201,-4.01116514206],[8.12940502167,-50.6541442871,-34.4815597534,39.8293838501,26.1686229706,30.7860603333,57.7388648987,90.854850769,48.9304389954,14.9293317795,1.96066153049,3.31912374496,3.59723448753],[26.6173114777,-22.3839988708,-16.2718391418,21.0129489899,0.22941441834,12.4898347855,12.5865736008,48.9304389954,78.3796157837,37.006565094,7.98758554459,2.69517540932,0.832128942013],[-35.0572662354,-10.3400859833,0.41769143939,-29.4371643066,7.7911863327,-0.331043452024,4.94957208633,14.9293317795,37.006565094,70.4225997925,41.0661315918,11.6961212158,2.95930814743],[-41.9477500916,-17.0706062317,-1.04563117027,-30.6528072357,-3.73849415779,-5.99374103546,-8.83442592621,1.96066153049,7.98758554459,41.0661315918,71.4948501587,40.1242980957,8.20101451874],[-60.0928077698,-54.173866272,1.95797657967,-3.23542404175,12.4702835083,0.692067563534,6.00685787201,3.31912374496,2.69517540932,11.6961212158,40.1242980957,61.2451133728,31.856760025],[6.59407997131,-35.0258636475,-18.5110778809,14.2196063995,-3.39821004868,-4.18252563477,-4.01116514206,3.59723448753,0.832128942013,2.95930814743,8.20101451874,31.856760025,56.7680664062]],"icov":[[0.000176094137714,-0.000218167464482,0.000192570674699,-0.000227893004194,0.000176271307282,0.000279022176983,-0.0000450733678008,-0.0000820414352347,0.0000366751628462,-0.000112439010991,0.000140697491588,-0.000186429722817,0.000087554763013],[-0.000218167464482,0.000948810600676,-0.000483224983327,0.000418880052166,0.0000578222316108,-0.00106550764758,0.000873668584973,-0.000201660310267,0.000294144090731,-0.0000471448438475,-0.0000537486521353,0.000615175697021,0.00000842137706059],[0.000192570674699,-0.000483224983327,0.00251351064071,-0.00029322959017,-0.000351749011315,0.000802920665592,-0.00162826396991,0.0020624618046,-0.000797174056061,0.000125077567645,-0.0000713700210326,-0.000513710081577,0.000668657303322],[-0.000227893004194,0.000418880052166,-0.00029322959017,0.00256047025323,-0.000926056411117,0.00017048123118,0.000765508913901,-0.00108203210402,-0.000793168321252,0.00158360332716,0.000141796073876,0.000483701209305,-0.000735129055101],[0.000176271307282,0.0000578222316108,-0.000351749011315,-0.000926056411117,0.00836788862944,-0.00450301682577,-0.000183867858141,-0.00185635639355,0.00404440239072,-0.0050306445919,0.00483981240541,-0.00520981987938,0.00283364043571],[0.000279022176983,-0.00106550764758,0.000802920665592,0.00017048123118,-0.00450301682577,0.0143165756017,-0.0093007851392,0.00439006043598,-0.00631507765502,0.00627171015367,-0.0057216277346,0.00506644090638,-0.0028717815876],[-0.0000450733678008,0.000873668584973,-0.00162826396991,0.000765508913901,-0.000183867858141,-0.0093007851392,0.0226278267801,-0.0162231717259,0.0110251326114,-0.00899727270007,0.0117766102776,-0.00994937028736,0.00594163080677],[-0.0000820414352347,-0.000201660310267,0.0020624618046,-0.00108203210402,-0.00185635639355,0.00439006043598,-0.0162231717259,0.0312161073089,-0.0209806691855,0.0105819050223,-0.0113764069974,0.00926022045314,-0.00588057981804],[0.0000366751628462,0.000294144090731,-0.000797174056061,-0.000793168321252,0.00404440239072,-0.00631507765502,0.0110251326114,-0.0209806691855,0.0350228920579,-0.0237954091281,0.0173174608499,-0.012536181137,0.00726157054305],[-0.000112439010991,-0.0000471448438475,0.000125077567645,0.00158360332716,-0.0050306445919,0.00627171015367,-0.00899727270007,0.0105819050223,-0.0237954091281,0.042383890599,-0.0328864790499,0.021146863699,-0.0104940282181],[0.000140697491588,-0.0000537486521353,-0.0000713700210326,0.000141796073876,0.00483981240541,-0.0057216277346,0.0117766102776,-0.0113764069974,0.0173174608499,-0.0328864790499,0.0527137890458,-0.0393405593932,0.0172349829227],[-0.000186429722817,0.000615175697021,-0.000513710081577,0.000483701209305,-0.00520981987938,0.00506644090638,-0.00994937028736,0.00926022045314,-0.012536181137,0.021146863699,-0.0393405593932,0.054508164525,-0.0269396807998],[0.000087554763013,0.00000842137706059,0.000668657303322,-0.000735129055101,0.00283364043571,-0.0028717815876,0.00594163080677,-0.00588057981804,0.00726157054305,-0.0104940282181,0.0172349829227,-0.0269396807998,0.0318318456411]],"mean":[-790.64642334,180.564056396,27.2738056183,28.1339893341,10.4698858261,14.2202606201,2.35039114952,3.00708532333,2.55917668343,1.5079549551,-0.694942831993,-2.83757925034,-2.50273251534]},"pitch_salience":{"dmean":0.0879132673144,"dmean2":0.142157018185,"dvar":0.00586665980518,"dvar2":0.0148623613641,"max":0.82902097702,"mean":0.485239833593,"median":0.504494667053,"min":0.0145316738635,"var":0.0213775895536},"silence_rate_20dB":{"dmean":0.000206100579817,"dmean2":0.000412243622122,"dvar":0.0002060244733,"dvar2":0.000618060992565,"max":1,"mean":0.999896943569,"median":1,"min":0,"var":0.000103020640381},"silence_rate_30dB":{"dmean":0.0166941471398,"dmean2":0.0333917327225,"dvar":0.0164149701595,"dvar2":0.0380533188581,"max":1,"mean":0.967336416245,"median":1,"min":0,"var":0.0315975993872},"silence_rate_60dB":{"dmean":0.0214344598353,"dmean2":0.0428733378649,"dvar":0.0209739357233,"dvar2":0.0498940385878,"max":1,"mean":0.121792890131,"median":0,"min":0,"var":0.106957264245},"spectral_centroid":{"dmean":96.7667312622,"dmean2":144.741241455,"dvar":40425.0976562,"dvar2":61549.4453125,"max":10990.3457031,"mean":508.462585449,"median":316.216156006,"min":113.439094543,"var":598853.25},"spectral_complexity":{"dmean":1.60140144825,"dmean2":2.56436157227,"dvar":4.15741729736,"dvar2":8.13285446167,"max":47,"mean":6.66182374954,"median":6,"min":0,"var":23.4113826752},"spectral_contrast_coeffs":{"dmean":[0.0532575845718,0.0476214922965,0.0374011173844,0.0307183451951,0.0279105324298,0.0259166602045],"dmean2":[0.0874097719789,0.0774320214987,0.0614771470428,0.0504807718098,0.0459580048919,0.0426115766168],"dvar":[0.00177745276596,0.00151247892063,0.000935751129873,0.000630023947451,0.000555965700187,0.000882033840753],"dvar2":[0.00476390728727,0.00391057273373,0.00245710136369,0.00162594986614,0.00141315499786,0.00211595464498],"max":[-0.294863700867,-0.339441359043,-0.505298435688,-0.54043596983,-0.660945951939,-0.446829050779],"mean":[-0.624111950397,-0.769268512726,-0.821972131729,-0.847357988358,-0.877861261368,-0.827254831791],"median":[-0.626024842262,-0.784569978714,-0.830561339855,-0.8478089571,-0.880207955837,-0.843055725098],"min":[-0.958398342133,-0.976704895496,-0.979235589504,-0.984236657619,-0.966137528419,-0.962626338005],"var":[0.00823694933206,0.00796438474208,0.00411628931761,0.00235307519324,0.00183737068437,0.0028715566732]},"spectral_contrast_valleys":{"dmean":[0.422092407942,0.406408518553,0.401082903147,0.405988335609,0.535959422588,0.689422369003],"dmean2":[0.682572424412,0.649408757687,0.647053301334,0.653707504272,0.858883321285,1.12305009365],"dvar":[0.13941667974,0.125982418656,0.133883208036,0.153942123055,0.238897055387,0.35480043292],"dvar2":[0.317909091711,0.290797889233,0.318379670382,0.36921313405,0.567869901657,0.8814458251],"max":[-5.17622280121,-4.52207040787,-5.39029407501,-6.14291381836,-4.94631481171,-8.75262355804],"mean":[-7.46476125717,-7.38588428497,-8.21594142914,-8.83291530609,-9.1312379837,-11.6712465286],"median":[-7.11727905273,-7.12568187714,-7.94921016693,-8.57392120361,-8.98303508759,-11.5318489075],"min":[-26.9833984375,-27.0530738831,-27.3489208221,-27.3503570557,-27.5250415802,-27.1910381317],"var":[2.90339446068,2.43813443184,2.0099568367,1.7345199585,1.79400312901,1.39421403408]},"spectral_decrease":{"dmean":2.50157228265e-9,"dmean2":3.7616221249e-9,"dvar":1.57126365339e-17,"dvar2":3.4867141818e-17,"max":3.389903247e-9,"mean":-5.89067505885e-9,"median":-3.18402815225e-9,"min":-9.55395975666e-8,"var":6.75676395315e-17},"spectral_energy":{"dmean":0.0102779781446,"dmean2":0.0154284806922,"dvar":0.000248031137744,"dvar2":0.000548354058992,"max":0.36754745245,"mean":0.027570175007,"median":0.0177599098533,"min":1.08729926918e-20,"var":0.00109307572711},"spectral_energyband_high":{"dmean":0.0000510183454026,"dmean2":0.0000716117283446,"dvar":2.01995092652e-7,"dvar2":4.05382792223e-7,"max":0.0262982342392,"mean":0.0000811907666503,"median":0.0000134896381496,"min":7.75760593828e-21,"var":4.35415557831e-7},"spectral_energyband_low":{"dmean":0.00719262426719,"dmean2":0.0110965352505,"dvar":0.000150841151481,"dvar2":0.000345485954313,"max":0.346264719963,"mean":0.0141333164647,"median":0.00725190062076,"min":5.63657083325e-23,"var":0.000498327659443},"spectral_energyband_middle_high":{"dmean":0.000372071401216,"dmean2":0.000542479450814,"dvar":0.00000152544566845,"dvar2":0.00000274475905826,"max":0.0471040792763,"mean":0.000744359276723,"median":0.000220279980567,"min":1.65445068824e-21,"var":0.00000532502326678},"spectral_energyband_middle_low":{"dmean":0.00495693041012,"dmean2":0.00735813006759,"dvar":0.000103810853034,"dvar2":0.000219115478103,"max":0.341341048479,"mean":0.0122114242986,"median":0.00454259151593,"min":2.71971674165e-22,"var":0.000520692963619},"spectral_entropy":{"dmean":0.384023785591,"dmean2":0.614477157593,"dvar":0.111028708518,"dvar2":0.285617947578,"max":9.79623889923,"mean":6.66653776169,"median":6.64208078384,"min":4.17093133926,"var":0.459600806236},"spectral_flux":{"dmean":0.0221436228603,"dmean2":0.0364985503256,"dvar":0.000697262876201,"dvar2":0.00176034262404,"max":0.482491284609,"mean":0.0678465887904,"median":0.0607622675598,"min":1.04273645274e-10,"var":0.00183767091949},"spectral_kurtosis":{"dmean":8.70681190491,"dmean2":14.3983879089,"dvar":87.5225753784,"dvar2":232.40435791,"max":104.482078552,"mean":20.9219665527,"median":18.0324630737,"min":-1.17328679562,"var":163.171539307},"spectral_rms":{"dmean":0.000892082345672,"dmean2":0.00132699927781,"dvar":9.82416736406e-7,"dvar2":0.00000215125055547,"max":0.0189362838864,"mean":0.0044672312215,"median":0.00416254019365,"min":3.2569613239e-12,"var":0.00000694163099979},"spectral_rolloff":{"dmean":4016.72680664,"dmean2":7918.41943359,"dvar":64775408,"dvar2":159281504,"max":22050,"mean":8112.18212891,"median":645.99609375,"min":21.533203125,"var":103440792},"spectral_skewness":{"dmean":0.686434805393,"dmean2":1.11979043484,"dvar":0.4176889956,"dvar2":1.11144042015,"max":8.31288051605,"mean":3.39291405678,"median":3.30858135223,"min":-0.0356396660209,"var":1.17972004414},"spectral_spread":{"dmean":777510,"dmean2":1259239.625,"dvar":495980085248,"dvar2":1147148042240,"max":40584152,"mean":3830812.25,"median":3533438,"min":874814.75,"var":3079693664260},"spectral_strongpeak":{"dmean":1.18211829662,"dmean2":2.17743945122,"dvar":38.1733627319,"dvar2":104.697898865,"max":112.246681213,"mean":1.4053940773,"median":0.382343947887,"min":0,"var":40.6802177429},"zerocrossingrate":{"dmean":0.0386073775589,"dmean2":0.0490733459592,"dvar":0.00125320022926,"dvar2":0.00203264481388,"max":0.81591796875,"mean":0.20185571909,"median":0.1962890625,"min":0,"var":0.011616348289}},"metadata":{"audio_properties":{"analysis_sample_rate":44100,"bit_rate":192000,"codec":"mp3","downmix":"mix","equal_loudness":0,"length":225.306121826,"lossless":false,"md5_encoded":"4977f9b0d4b15c891dac4c8b1ce72425","replay_gain":3.33717918396},"tags":{"album":["Bridge Over Troubled Water"],"albumartist":["Simon & Garfunkel"],"albumartistsort":["Simon & Garfunkel"],"artist":["Simon & Garfunkel"],"artistsort":["Simon & Garfunkel"],"date":["2001-08-21"],"discnumber":["1/1"],"file_name":"05 - So Long, Frank Lloyd Wright.mp3","mp3gain_album_minmax":["040,182"],"mp3gain_minmax":["111,181"],"musicbrainz album release country":["US"],"musicbrainz album type":["album"],"musicbrainz_albumartistid":["5d02f264-e225-41ff-83f7-d9b1f0b1874a"],"musicbrainz_albumid":["80701fa5-7834-435b-95ea-505927c29264"],"musicbrainz_artistid":["5d02f264-e225-41ff-83f7-d9b1f0b1874a"],"musicbrainz_recordingid":["b5944424-1a0a-4a5f-be23-4cefbaf66a2e"],"musicbrainz_releasegroupid":["c39f7f80-d42f-3669-9653-230f8e922083"],"title":["So Long, Frank Lloyd Wright"],"tracknumber":["5/13"]},"version":{"essentia":"2.1-beta1","essentia_build_sha":"de1f7ffc9d3406fe9025cc52cfcd6ebfe2259f32","essentia_git_sha":"v2.1_beta1-5-gf9dded9","extractor":"music 1.0"}},"rhythm":{"beats_count":425,"beats_loudness":{"dmean":0.0262636933476,"dmean2":0.0452609732747,"dvar":0.00124104099814,"dvar2":0.00361865316518,"max":0.314810574055,"mean":0.0353488475084,"median":0.0256933011115,"min":1.80576293474e-7,"var":0.00133654556703},"beats_loudness_band_ratio":{"dmean":[0.228512585163,0.15601041913,0.0770958140492,0.0166754256934,0.0189004838467,0.0892106741667],"dmean2":[0.395992010832,0.270721554756,0.135030791163,0.029628098011,0.0372090451419,0.155786335468],"dvar":[0.03423006