{"lowlevel":{"average_loudness":0.938306510448,"barkbands":{"dmean":[0.0147274471819,0.0152101013809,0.00244601559825,0.00144373206422,0.00232366309501,0.0016723832814,0.00162678794004,0.00120676367078,0.000935728836339,0.000700075412169,0.000344251340721,0.00056024082005,0.000375425297534,0.000294909114018,0.000196148321265,0.000169040897163,0.000100299715996,0.0000901360472199,0.0000923394836718,0.0000999178300845,0.0000655103649478,0.0000263605779764,0.00000958172222454,0.00000479715345136,0.00000372772115043,0.00000562339209864,0.000085168685473],"dmean2":[0.0228140167892,0.0257886294276,0.00418997975066,0.00244558998384,0.00384396128356,0.00267430651002,0.00259254104458,0.00198877276853,0.00151882425416,0.00111493689474,0.000557775085326,0.000914376869332,0.000603663676884,0.000472022104077,0.000311233889079,0.000267271010671,0.000157379559823,0.000137762908707,0.000140464064316,0.000147225451656,0.0000956563308137,0.0000371047754015,0.0000138692521432,0.00000741566509532,0.00000594490074945,0.00000832783098303,0.000113971720566],"dvar":[0.000732853834052,0.000472555781016,0.0000115933808047,0.00000452252970717,0.0000103034635686,0.00000730208876121,0.0000119214928418,0.00000486016642753,0.00000317780654768,0.00000249874506153,4.72964956089e-7,0.00000132477396164,5.71207351641e-7,2.74062131211e-7,1.2282801265e-7,7.80399176392e-8,2.49898910454e-8,2.050827419e-8,5.8836871375e-8,1.41353794447e-7,5.27513037696e-8,5.90054138883e-9,2.72543043689e-10,5.07122364934e-11,3.7656426588e-11,6.07033451283e-11,1.97253537948e-8],"dvar2":[0.00159487477504,0.00130072841421,0.0000314716271532,0.000011978276234,0.0000275759775832,0.0000173461812665,0.0000283330464299,0.0000127616849568,0.00000798493238108,0.00000623241840003,0.00000120747745314,0.00000326331019096,0.00000142598526054,6.7677564175e-7,3.01536573488e-7,1.9639976756e-7,6.08570474014e-8,4.84110245225e-8,1.28889411144e-7,3.06348084678e-7,1.08772411522e-7,1.03273931629e-8,5.05221475766e-10,1.11364174826e-10,8.43651051796e-11,1.22016882709e-10,3.53430031907e-8],"max":[0.410886406898,0.276880502701,0.0502138212323,0.0282327160239,0.0454392842948,0.039884891361,0.0748475193977,0.0386680960655,0.0275806300342,0.0323818549514,0.014459378086,0.0175015125424,0.0140192555264,0.00904053635895,0.0112843709067,0.00585135491565,0.00312816747464,0.0034540023189,0.00853487383574,0.0147851230577,0.00897909142077,0.00329849310219,0.000443733646534,0.0000908877409529,0.0000809347257018,0.000174883112777,0.00424548750743],"mean":[0.0189623460174,0.019351862371,0.00282977335155,0.00175636040512,0.00357264094055,0.00255892495625,0.00269709271379,0.00178330950439,0.00149826263078,0.00106400542427,0.000508906028699,0.000841981498525,0.00058032508241,0.000467180216219,0.000351078837411,0.000296770653222,0.000182140895049,0.000178062633495,0.000172171436134,0.000180069589987,0.000118976182421,0.000050469639973,0.0000166477366292,0.00000683014513925,0.0000041925000005,0.0000100209017546,0.000243841714109],"median":[0.00466435635462,0.0108822137117,0.00159559270833,0.000887589529157,0.00222487770952,0.00128536683042,0.000810370314866,0.000657873461023,0.000525580137037,0.000307500100462,0.000177487178007,0.000260148663074,0.00019805325428,0.000214622443309,0.00016694876831,0.000152773543959,0.0000810873534647,0.0000709606829332,0.0000554926118639,0.0000406502440455,0.0000280074309558,0.0000179405396921,0.00000744819271858,0.00000363676758752,0.00000163049605817,0.00000627953386356,0.000130240019644],"min":[1.71869726311e-26,2.96583912738e-24,1.67539699e-24,1.76195100574e-24,1.03158559603e-23,3.82306843789e-24,1.04392298616e-23,8.96069626595e-24,1.64587560612e-23,1.24456896854e-23,1.03637634831e-23,2.38877905273e-23,2.86344044593e-23,4.42799364351e-23,5.84390746051e-23,5.65960872713e-23,9.07064012586e-23,9.38075964927e-23,8.936157012e-23,2.08360518231e-22,1.85459961884e-22,2.50607982943e-22,3.95666099089e-22,5.51449012744e-22,9.43735126844e-22,1.50834880184e-21,1.82188832126e-21],"var":[0.00123765971512,0.000584202061873,0.0000130657672344,0.00000626629480394,0.0000175900440809,0.0000140277816172,0.0000344959044014,0.00000949954574025,0.0000063168631641,0.00000470258555652,8.10560948139e-7,0.00000242062378675,0.00000104182868199,4.55123483789e-7,2.44230108137e-7,1.59364873298e-7,6.30503862453e-8,5.97825859927e-8,1.3585997749e-7,4.06095580274e-7,1.53731193109e-7,1.67277871554e-8,7.6327305587e-10,8.5844928388e-11,5.134623976e-11,1.48557569024e-10,9.73194715925e-8]},"barkbands_crest":{"dmean":3.36014676094,"dmean2":5.58874750137,"dvar":7.41228103638,"dvar2":19.8496513367,"max":25.2031459808,"mean":11.4107694626,"median":10.9788970947,"min":2.78538942337,"var":19.6883087158},"barkbands_flatness_db":{"dmean":0.0334196984768,"dmean2":0.0529293492436,"dvar":0.000845917616971,"dvar2":0.00205126451328,"max":0.432643711567,"mean":0.165824219584,"median":0.157368853688,"min":0.0459053963423,"var":0.00385988061316},"barkbands_kurtosis":{"dmean":10.190038681,"dmean2":16.4969120026,"dvar":386.051879883,"dvar2":943.703186035,"max":511.560119629,"mean":16.0979385376,"median":6.90984964371,"min":-1.92191386223,"var":685.639099121},"barkbands_skewness":{"dmean":0.924599289894,"dmean2":1.46099483967,"dvar":0.980893135071,"dvar2":2.33234548569,"max":17.378074646,"mean":2.68863368034,"median":2.1726140976,"min":-2.36362123489,"var":3.69607520103},"barkbands_spread":{"dmean":5.19917106628,"dmean2":8.21874904633,"dvar":43.5854110718,"dvar2":96.6180267334,"max":138.139450073,"mean":16.6496105194,"median":13.470079422,"min":0.460758179426,"var":226.195281982},"dissonance":{"dmean":0.0205011107028,"dmean2":0.0345096588135,"dvar":0.000407425453886,"dvar2":0.00110690470319,"max":0.500000178814,"mean":0.466769576073,"median":0.474065512419,"min":0.256083697081,"var":0.000777487235609},"dynamic_complexity":3.43440079689,"erbbands":{"dmean":[0.829010426998,2.2848200798,2.97772598267,3.74394774437,5.72516345978,8.38839912415,14.0259389877,12.511256218,19.8741931915,25.7436351776,25.016412735,20.8840274811,21.6401920319,18.5982265472,14.42827034,22.9680290222,16.9805011749,13.8786754608,11.9224233627,10.115486145,7.61608982086,5.23171901703,5.00211954117,4.43277215958,4.92974948883,4.60665750504,3.2521777153,2.12131214142,1.02775752544,0.500805318356,0.254989951849,0.130291283131,0.0688753575087,0.0426203086972,0.0261762738228,0.0162506736815,0.0113219814375,0.0104165449739,0.00817621033639,0.00264061498456],"dmean2":[1.41591024399,3.88697433472,5.0386929512,6.32300281525,9.64261054993,14.1573419571,22.6086406708,20.2925777435,31.7780303955,41.4066734314,41.0307731628,33.7560005188,34.9480018616,29.8151168823,22.9789600372,37.4120254517,26.9966888428,22.1259384155,18.7654342651,15.9718647003,11.88530159,8.11989212036,7.76536464691,6.85561561584,7.40521621704,6.74028968811,4.74489831924,3.13173389435,1.44174420834,0.719701945782,0.369723945856,0.195740655065,0.108511038125,0.0679240450263,0.0417102202773,0.025471733883,0.0166148226708,0.0142000904307,0.0108966846019,0.00364478887059],"dvar":[1.59587872028,10.9837388992,19.7262134552,27.6188621521,71.4971313477,169.654495239,518.168579102,473.967132568,1663.96191406,2499.96655273,2045.08544922,1680.70202637,2629.80371094,1614.31677246,884.042175293,2366.1730957,1270.13903809,586.207824707,531.719360352,258.347869873,159.065826416,65.4039840698,63.6258735657,82.5783996582,283.847351074,285.151519775,124.321578979,61.2452812195,9.88053512573,0.870980620384,0.191085413098,0.0377965010703,0.0112964939326,0.00482684886083,0.00186784227844,0.000599523773417,0.000241652975092,0.000561835011467,0.000575995829422,0.0000126857385112],"dvar2":[4.43306827545,29.8255519867,52.281539917,73.2073059082,193.138214111,457.741851807,1246.57885742,1162.04663086,3976.00878906,6180.79150391,5354.58007812,4254.75097656,6813.87988281,3799.66796875,2224.42260742,5803.21240234,3190.84033203,1400.24633789,1316.55334473,633.264831543,383.734985352,157.808273315,152.795883179,186.429748535,637.975524902,595.160400391,249.49105835,128.653762817,17.0748195648,1.64329612255,0.35983094573,0.0788392499089,0.0253192856908,0.0108305122703,0.00417503481731,0.00133360805921,0.000477248453535,0.000947810942307,0.00111115071923,0.0000230984878726],"max":[12.2904777527,45.3771018982,67.6815185547,69.2614135742,153.755233765,200.91758728,387.791503906,505.692901611,759.905456543,969.892578125,756.421447754,659.899963379,1658.40161133,1145.76049805,882.359619141,795.532897949,785.291320801,396.825958252,860.000427246,307.700134277,292.183929443,155.037384033,165.661727905,339.891021729,859.652832031,571.007019043,345.828155518,258.399200439,121.783027649,27.4516773224,11.9939832687,3.53291606903,1.3788561821,0.91114783287,0.577827990055,0.320555567741,0.3481079638,0.739107608795,0.69860625267,0.0756192207336],"mean":[1.00644946098,2.78468132019,3.68536806107,4.98528194427,7.91781949997,11.8785896301,20.7568492889,18.889667511,31.0474853516,43.6627120972,38.8410224915,33.4080085754,33.9198570251,29.7533779144,23.9991760254,35.2515487671,27.7836036682,23.7703933716,21.3604545593,18.9079704285,14.4549026489,10.1743183136,9.87909126282,8.67052268982,9.24462032318,8.43071651459,5.93253040314,3.82841229439,1.97710371017,0.933924615383,0.436563372612,0.200470611453,0.090481095016,0.0495041720569,0.029197242111,0.0220775771886,0.0207146499306,0.0238166823983,0.0198775492609,0.00949169043452],"median":[0.469693720341,1.59279501438,2.16143012047,2.91729450226,4.41144704819,6.89157772064,10.6028060913,9.66643619537,10.6405477524,14.3227348328,14.9179725647,12.2515134811,11.2161951065,9.11357212067,8.8382768631,11.0048236847,9.69400787354,10.896856308,10.171710968,9.82312297821,7.49530410767,4.84053134918,4.20460748672,3.08897805214,2.74392461777,1.87294733524,1.30971431732,1.0012409687,0.647253334522,0.417847841978,0.194529905915,0.101814754307,0.0466389134526,0.0210893098265,0.0110089322552,0.0122478110716,0.0128775695339,0.0118288453668,0.00738595705479,0.00667518051341],"min":[1.6589913653e-23,1.15440132773e-21,2.78323839658e-21,1.2393885417e-20,9.77885892356e-21,2.17376651098e-20,3.20534555316e-20,4.26094724511e-20,1.1808052358e-19,2.469111381e-19,1.93123343953e-19,4.15474365218e-19,6.98745416215e-19,5.47434953628e-19,9.06744944325e-19,1.08388825744e-18,1.42852354709e-18,1.71972514051e-18,2.61919068865e-18,2.80430130203e-18,4.01149137632e-18,5.31058349142e-18,5.04684770646e-18,5.98518526332e-18,6.67636580264e-18,9.52285889937e-18,9.33911975145e-18,1.11315680265e-17,8.60312670244e-18,1.14539294102e-17,1.20315835463e-17,1.05675400366e-17,8.65109573335e-18,8.63257350507e-18,6.39912050391e-18,4.94936902076e-18,2.48112597261e-18,1.04016038834e-18,2.18786635382e-19,2.79259115166e-20],"var":[1.96781110764,12.4318180084,21.8305015564,39.7517585754,107.169143677,243.049926758,973.886901855,798.797790527,3714.81225586,6940.70654297,4087.21166992,3086.19433594,4201.21923828,3736.93359375,1742.83703613,4293.59472656,2379.78515625,1116.23791504,917.885620117,592.078674316,359.303283691,180.807723999,177.226074219,207.341964722,632.895141602,854.805236816,393.350067139,158.699920654,29.3000965118,2.85677480698,0.513234078884,0.078789845109,0.0167603716254,0.00664011528715,0.00254910625517,0.000914291362278,0.00062744267052,0.00215929211117,0.00234542926773,0.0000739858514862]},"erbbands_crest":{"dmean":2.65164899826,"dmean2":4.41282176971,"dvar":6.41909170151,"dvar2":16.2126598358,"max":29.6779670715,"mean":8.07870006561,"median":7.05977582932,"min":2.24448370934,"var":15.0303506851},"erbbands_flatness_db":{"dmean":0.0212334450334,"dmean2":0.0329544916749,"dvar":0.000349290727172,"dvar2":0.000810081779491,"max":0.326990157366,"mean":0.13960956037,"median":0.137750163674,"min":0.0275237374008,"var":0.00137426832225},"erbbands_kurtosis":{"dmean":1.21849393845,"dmean2":1.95430982113,"dvar":4.04386663437,"dvar2":8.93392467499,"max":48.8959732056,"mean":1.00417613983,"median":0.238298103213,"min":-1.73544001579,"var":8.93342590332},"erbbands_skewness":{"dmean":0.410550147295,"dmean2":0.628431558609,"dvar":0.158819332719,"dvar2":0.329546451569,"max":5.67688751221,"mean":0.429367184639,"median":0.438173443079,"min":-5.34283542633,"var":0.744278013706},"erbbands_spread":{"dmean":7.03038883209,"dmean2":10.9891490936,"dvar":48.7222328186,"dvar2":114.756080627,"max":121.651924133,"mean":30.4511833191,"median":28.3882141113,"min":2.71019768715,"var":179.466491699},"gfcc":{"cov":[[22479.8046875,1840.96630859,-1702.95239258,39.2857017517,9.48116493225,-538.918151855,153.528060913,-434.535858154,-46.9638023376,-208.317810059,-13.9144582748,7.09558725357,-32.7352485657],[1840.96630859,900.67767334,-5.35168457031,-274.145477295,45.9209899902,-27.7003269196,-73.4874038696,-41.1387252808,44.4205055237,-50.1243782043,19.4361343384,-39.4463195801,59.9987602234],[-1702.95239258,-5.35168457031,587.476806641,121.346107483,-40.2894439697,169.920379639,-120.933273315,104.778755188,-27.2357330322,65.3470001221,-0.289431929588,-4.68337059021,43.9656524658],[39.2857017517,-274.145477295,121.346107483,388.332000732,74.9910964966,-19.5292415619,45.0350494385,-41.2775764465,-29.2042503357,35.6132354736,-6.77480554581,29.0100860596,-20.2718582153],[9.48116493225,45.9209899902,-40.2894439697,74.9910964966,194.974380493,28.4368572235,28.6590499878,-36.3387031555,-11.7861042023,-30.6257381439,14.6098995209,-0.486676096916,3.38265442848],[-538.918151855,-27.7003269196,169.920379639,-19.5292415619,28.4368572235,221.118927002,-56.6872634888,86.447555542,-34.7312660217,13.9923353195,1.42319560051,-3.79367399216,18.8180847168],[153.528060913,-73.4874038696,-120.933273315,45.0350494385,28.6590499878,-56.6872634888,188.44758606,-26.3163566589,43.7663955688,-20.8583030701,-7.1491484642,8.94356155396,-24.1496448517],[-434.535858154,-41.1387252808,104.778755188,-41.2775764465,-36.3387031555,86.447555542,-26.3163566589,161.384277344,20.9223918915,13.1497278214,8.01359462738,-8.0532579422,8.47762584686],[-46.9638023376,44.4205055237,-27.2357330322,-29.2042503357,-11.7861042023,-34.7312660217,43.7663955688,20.9223918915,93.4915008545,28.4613056183,4.85580635071,4.65718269348,-5.47771453857],[-208.317810059,-50.1243782043,65.3470001221,35.6132354736,-30.6257381439,13.9923353195,-20.8583030701,13.1497278214,28.4613056183,80.6764221191,22.3563861847,4.8084487915,6.20568275452],[-13.9144582748,19.4361343384,-0.289431929588,-6.77480554581,14.6098995209,1.42319560051,-7.1491484642,8.01359462738,4.85580635071,22.3563861847,57.1548690796,24.5417251587,1.64388036728],[7.09558725357,-39.4463195801,-4.68337059021,29.0100860596,-0.486676096916,-3.79367399216,8.94356155396,-8.0532579422,4.65718269348,4.8084487915,24.5417251587,53.8040657043,12.9391050339],[-32.7352485657,59.9987602234,43.9656524658,-20.2718582153,3.38265442848,18.8180847168,-24.1496448517,8.47762584686,-5.47771453857,6.20568275452,1.64388036728,12.9391050339,60.5004348755]],"icov":[[0.000142333185067,-0.000607972033322,0.000781333714258,-0.000806490075774,0.000611866882537,-0.000329588045133,0.0000350325135514,-0.0002109559573,0.000350855465513,-0.0000949342284002,0.0000747724479879,-0.0000749738246668,0.00000927409928408],[-0.000607972033322,0.00491074845195,-0.00395816611126,0.00441999500617,-0.00281953252852,0.00138310610782,0.000913008465432,0.00286833709106,-0.00462289806455,0.00377265340649,-0.00345800234936,0.0035745606292,-0.00262767914683],[0.000781333714258,-0.00395816611126,0.00802953727543,-0.00721808662638,0.00553394248709,-0.00460435915738,0.00161188410129,-0.00186996720731,0.000905607535969,-0.000191013270523,-0.000713451066986,0.00152850872837,-0.00208327826113],[-0.000806490075774,0.00441999500617,-0.00721808662638,0.0124483061954,-0.00950659159571,0.00644903862849,-0.00247839582153,-0.0000834291276988,0.00430610636249,-0.00785013474524,0.00747560476884,-0.0074432794936,0.00472857151181],[0.000611866882537,-0.00281953252852,0.00553394248709,-0.00950659159571,0.0147909047082,-0.00802284479141,0.00105973973405,0.00394552759826,-0.00592115148902,0.0114830173552,-0.0120485844091,0.00987670011818,-0.00603994820267],[-0.000329588045133,0.00138310610782,-0.00460435915738,0.00644903862849,-0.00802284479141,0.0123012606055,-0.00126837613061,-0.00582592422143,0.00811431277543,-0.00870273262262,0.00835298839957,-0.0073502282612,0.00386168668047],[0.0000350325135514,0.000913008465432,0.00161188410129,-0.00247839582153,0.00105973973405,-0.00126837613061,0.00917201954871,0.00185121642426,-0.007813048549,0.00662533473223,-0.00289240735583,0.00245424406603,-0.00098452786915],[-0.0002109559573,0.00286833709106,-0.00186996720731,-0.0000834291276988,0.00394552759826,-0.00582592422143,0.00185121642426,0.0137113388628,-0.0109438067302,0.0101448167115,-0.010545139201,0.00943075027317,-0.00498045003042],[0.000350855465513,-0.00462289806455,0.000905607535969,0.00430610636249,-0.00592115148902,0.00811431277543,-0.007813048549,-0.0109438067302,0.0308740790933,-0.0240593701601,0.0176167525351,-0.0164837390184,0.0100909750909],[-0.0000949342284002,0.00377265340649,-0.000191013270523,-0.00785013474524,0.0114830173552,-0.00870273262262,0.00662533473223,0.0101448167115,-0.0240593701601,0.0400026477873,-0.0279173571616,0.0212869457901,-0.0130718918517],[0.0000747724479879,-0.00345800234936,-0.000713451066986,0.00747560476884,-0.0120485844091,0.00835298839957,-0.00289240735583,-0.010545139201,0.0176167525351,-0.0279173571616,0.0457338280976,-0.0306734088808,0.0146677084267],[-0.0000749738246668,0.0035745606292,0.00152850872837,-0.0074432794936,0.00987670011818,-0.0073502282612,0.00245424406603,0.00943075027317,-0.0164837390184,0.0212869457901,-0.0306734088808,0.0437828153372,-0.0180043037981],[0.00000927409928408,-0.00262767914683,-0.00208327826113,0.00472857151181,-0.00603994820267,0.00386168668047,-0.00098452786915,-0.00498045003042,0.0100909750909,-0.0130718918517,0.0146677084267,-0.0180043037981,0.0273859482259]],"mean":[-17.5213165283,106.299385071,-82.9640655518,3.28466153145,-17.1038608551,-12.7305240631,-2.91842103004,-10.1508674622,1.32892227173,-0.642136871815,-3.40555429459,-1.73271167278,-5.05466842651]},"hfc":{"dmean":44.6700057983,"dmean2":71.4379577637,"dvar":2765.77612305,"dvar2":7389.87402344,"max":906.963012695,"mean":138.799316406,"median":119.935455322,"min":1.08373061336e-16,"var":10829.4755859},"melbands":{"dmean":[0.00603063357994,0.00189646065701,0.000651046808343,0.000480155606056,0.000459114467958,0.000293672143016,0.000312371936161,0.000276693928754,0.000202271694434,0.000132730041514,0.000109498563688,0.0000797672983026,0.0000475201668451,0.0000632842929917,0.0000501447902934,0.0000348031571775,0.0000271709577646,0.0000222706057684,0.0000144196401379,0.0000134458914545,0.00000927741712076,0.00000592814967604,0.00000501428212374,0.00000446639523943,0.0000038281518755,0.00000376323532691,0.00000394686730942,0.00000309175902657,0.00000230072942031,0.00000172227817075,0.00000114910926641,6.78530852838e-7,4.05449014806e-7,2.37302884898e-7,1.58198844247e-7,1.13561569037e-7,6.91143426934e-8,4.99661290121e-8,4.12890024393e-8,3.42751604876e-8],"dmean2":[0.0100750448182,0.00318107870407,0.00109028769657,0.000803066359367,0.000741863448638,0.00047177891247,0.000497908273246,0.000446197780548,0.000331610528519,0.000215278894757,0.00017699682212,0.00012828920444,0.0000762800991652,0.000102641199192,0.0000817414111225,0.0000558209358132,0.0000436903901573,0.0000357804274245,0.0000227479777095,0.0000215175477933,0.0000148027575051,0.00000937253389566,0.00000800672205514,0.00000693917081662,0.00000603982152825,0.00000574636760575,0.0000060632351051,0.0000046385589485,0.00000342565431311,0.00000259099806499,0.00000171575516106,9.7097051821e-7,5.97179564465e-7,3.47930949829e-7,2.34087096374e-7,1.70385021647e-7,1.0632005143e-7,7.89368996834e-8,6.56642669128e-8,5.47128671258e-8],"dvar":[0.0000795139130787,0.00000752068581278,7.43874011278e-7,4.63564788333e-7,4.97846315284e-7,2.42715600507e-7,4.19033881371e-7,2.63908106035e-7,1.37699416314e-7,6.88499639523e-8,6.70095730015e-8,3.12248111811e-8,9.27817023211e-9,1.72996266201e-8,1.17927623222e-8,5.13159514881e-9,2.42128384009e-9,1.90645321752e-9,6.00505145609e-10,5.09513486957e-10,2.35469255205e-10,9.00133856341e-11,6.27729535019e-11,5.39741376593e-11,6.46227238388e-11,1.17771112307e-10,3.19421433748e-10,1.22765797528e-10,6.37056934982e-11,4.52155118902e-11,1.89157040725e-11,5.16764929459e-12,8.57664742178e-13,1.74667436547e-13,8.04655617853e-14,3.53761074254e-14,1.051172038e-14,5.88735120429e-15,4.24530710878e-15,3.2105661547e-15],"dvar2":[0.000215946914977,0.0000195777938643,0.00000198047359845,0.00000125391090933,0.00000123445056488,5.88862576478e-7,9.95757204691e-7,6.62232991999e-7,3.57949176077e-7,1.74157875676e-7,1.73575614326e-7,7.45152490822e-8,2.34054020609e-8,4.30198383583e-8,3.08459355836e-8,1.22408865266e-8,5.93886673173e-9,4.8197086322e-9,1.44781497902e-9,1.31267674508e-9,5.76189373991e-10,2.23239440822e-10,1.60479227129e-10,1.27769517189e-10,1.53760254529e-10,2.68928018743e-10,8.11866462946e-10,2.51478976532e-10,1.35917679889e-10,9.68667090984e-11,4.18929786694e-11,9.62523116765e-12,1.73730994868e-12,3.4656278498e-13,1.60905075613e-13,7.37660800498e-14,2.30431823525e-14,1.32862555728e-14,9.58861879192e-15,7.20290645027e-15],"max":[0.0926016792655,0.0329637788236,0.0128361014649,0.010929364711,0.0106967911124,0.00977598875761,0.0129892351106,0.00906946603209,0.00728738959879,0.00405229208991,0.00810311827809,0.00508195115253,0.00224330252968,0.00242864759639,0.00264066830277,0.00145385426003,0.000852597411722,0.00149823946413,0.000539066910278,0.000467439094791,0.000331693212502,0.000199383212021,0.000167498830706,0.00018732859462,0.000306287023704,0.000416602822952,0.000921382568777,0.000345352804288,0.00022632991022,0.000289663585136,0.000164061886608,0.0000991874330794,0.000030064560633,0.0000102830563264,0.00000874841862242,0.00000510283416588,0.0000016276644601,0.00000101245973383,8.34038075936e-7,7.45684246795e-7],"mean":[0.00828928221017,0.00251269061118,0.000936930882744,0.000706128193997,0.000695581722539,0.000449144572485,0.00050751294475,0.000461652409285,0.000308381946525,0.000207573946682,0.000167211954249,0.00012209781562,0.0000739455135772,0.0000942937695072,0.0000759174290579,0.0000550372824364,0.0000429266583524,0.0000361933307431,0.0000258840627794,0.000023106998924,0.0000159309147421,0.0000106631332528,0.00000903196178115,0.00000843980342324,0.00000679454615238,0.00000658781937091,0.00000668309394314,0.00000534519585926,0.00000389954084312,0.00000291634910354,0.0000019710446395,0.00000121451660107,7.25575034721e-7,4.16701396944e-7,2.6122651775e-7,1.76045446665e-7,9.89449731037e-8,6.48098605893e-8,5.00255659119e-8,3.82689435696e-8],"median":[0.00430998485535,0.00155913981143,0.000599550374318,0.000419027055614,0.000385271938285,0.000224782823352,0.000162326861755,0.000158498471137,0.000109580178105,0.0000728068262106,0.0000531307523488,0.0000353599789378,0.0000265904036496,0.0000290133029921,0.0000249690365308,0.0000188165759027,0.0000191468679986,0.000016041298295,0.0000125132955873,0.0000116734536277,0.00000748418278818,0.00000485080909129,0.00000402686828238,0.00000322603364111,0.00000231403828366,0.00000203912236429,0.00000170122677901,0.00000107729647425,8.38512107748e-7,6.35683818473e-7,5.27392842287e-7,3.68810134432e-7,2.94679637136e-7,1.89613430734e-7,1.11998225805e-7,8.32155606645e-8,5.11975777329e-8,3.31879270732e-8,2.34261054999e-8,1.47203209622e-8],"min":[4.50993209325e-25,2.30032273836e-24,2.49121327236e-24,1.22580119847e-24,1.01943715782e-24,6.75200149667e-25,1.98518148419e-24,2.25369415633e-24,1.63350906758e-24,2.22503622015e-24,3.24684420081e-24,1.92494603762e-24,2.65465913825e-24,2.71327485616e-24,2.54643156357e-24,3.27225380499e-24,2.27081835443e-24,3.34148660462e-24,3.74608429101e-24,3.08741284806e-24,4.33588995186e-24,4.46484741062e-24,4.61741153197e-24,4.56198379818e-24,4.32373715519e-24,3.58739269258e-24,5.19595817555e-24,5.8044085639e-24,4.308391444e-24,4.52376861492e-24,5.78530471936e-24,3.43909551987e-24,6.32913635552e-24,4.86496160605e-24,5.6193244406e-24,5.93319799529e-24,5.73659610834e-24,6.18144936672e-24,6.09795396193e-24,6.95602557867e-24],"var":[0.000114375652629,0.00000895524954103,0.00000114100555493,7.58278929425e-7,9.00655493297e-7,4.39036170974e-7,0.00000108752237793,6.93137621965e-7,2.80433084754e-7,1.24833618997e-7,1.05913883885e-7,6.8760542149e-8,1.71286167472e-8,3.0812316254e-8,1.97062828278e-8,1.00221386745e-8,4.03910460633e-9,2.92391200141e-9,1.29225374845e-9,9.92662063659e-10,4.76245654024e-10,2.16554135735e-10,1.50483653316e-10,1.4381697222e-10,1.37972674952e-10,2.39624320386e-10,5.85281656473e-10,3.62843505242e-10,1.81090323292e-10,1.08740065563e-10,4.23557057483e-11,1.2928128186e-11,2.46270863945e-12,5.06401236049e-13,2.0035672611e-13,7.50694469152e-14,1.86686468151e-14,8.65495978515e-15,5.98522586134e-15,4.35691301695e-15]},"melbands_crest":{"dmean":5.35290002823,"dmean2":8.88348007202,"dvar":19.8769207001,"dvar2":52.4728317261,"max":38.5244369507,"mean":18.8703651428,"median":17.9420776367,"min":1.00020384789,"var":65.5154647827},"melbands_flatness_db":{"dmean":0.0394770279527,"dmean2":0.0628226995468,"dvar":0.00110913557,"dvar2":0.00270299147815,"max":0.590788722038,"mean":0.273008257151,"median":0.268682181835,"min":-2.24344702815e-7,"var":0.00565028330311},"melbands_kurtosis":{"dmean":13.2634248734,"dmean2":21.6356563568,"dvar":612.532165527,"dvar2":1583.90637207,"max":693.461914062,"mean":20.2758045197,"median":9.08421707153,"min":-1.87848877907,"var":1044.60253906},"melbands_skewness":{"dmean":1.09938752651,"dmean2":1.75303435326,"dvar":1.31561541557,"dvar2":3.31245326996,"max":17.795633316,"mean":3.08073854446,"median":2.5791258812,"min":-1.95350527763,"var":4.58108711243},"melbands_spread":{"dmean":5.39316129684,"dmean2":8.70116043091,"dvar":70.6921463013,"dvar2":170.692626953,"max":202.635345459,"mean":15.2562227249,"median":11.4635038376,"min":0.211901202798,"var":329.171630859},"mfcc":{"cov":[[10402.90625,1497.6307373,-980.709899902,485.635772705,-248.218963623,160.624984741,-59.6989440918,112.622184753,-127.980667114,23.1726074219,-65.4292144775,29.0761699677,-51.5588760376],[1497.6307373,1332.70385742,-22.38256073,-155.405288696,100.848152161,-20.9132900238,-46.662399292,-9.43539810181,26.7807102203,-12.3440790176,20.7808628082,-4.28985118866,-5.04575586319],[-980.709899902,-22.38256073,603.597961426,-49.0487861633,126.143936157,-18.5073070526,22.154750824,-38.9806060791,56.1977920532,4.29206800461,33.8806533813,11.4109125137,26.9107933044],[485.635772705,-155.405288696,-49.0487861633,421.14654541,-32.0087242126,102.356445312,2.25265431404,-4.8388004303,-28.6991195679,16.6058769226,-18.9369544983,6.9575920105,-0.139023855329],[-248.218963623,100.848152161,126.143936157,-32.0087242126,247.13772583,29.6721057892,52.7800331116,-4.03064584732,0.26790484786,-19.2436695099,11.2329778671,-9.19105434418,5.42386484146],[160.624984741,-20.9132900238,-18.5073070526,102.356445312,29.6721057892,154.260391235,36.9866943359,-1.73814272881,-9.37838363647,-0.231805965304,-18.7092685699,1.45519673824,-3.05711770058],[-59.6989440918,-46.662399292,22.154750824,2.25265431404,52.7800331116,36.9866943359,102.863769531,37.2370033264,4.0553560257,-3.15800952911,-3.09540939331,-3.84851408005,1.89838778973],[112.622184753,-9.43539810181,-38.9806060791,-4.8388004303,-4.03064584732,-1.73814272881,37.2370033264,108.282150269,20.1113834381,12.3699522018,7.31451797485,-2.64900302887,1.36537206173],[-127.980667114,26.7807102203,56.1977920532,-28.6991195679,0.26790484786,-9.37838363647,4.0553560257,20.1113834381,81.2319946289,27.8434047699,10.7096910477,0.414336174726,-0.813680529594],[23.1726074219,-12.3440790176,4.29206800461,16.6058769226,-19.2436695099,-0.231805965304,-3.15800952911,12.3699522018,27.8434047699,64.638633728,27.0610427856,6.430768013,2.66560745239],[-65.4292144775,20.7808628082,33.8806533813,-18.9369544983,11.2329778671,-18.7092685699,-3.09540939331,7.31451797485,10.7096910477,27.0610427856,59.3407974243,21.7088890076,9.36792087555],[29.0761699677,-4.28985118866,11.4109125137,6.9575920105,-9.19105434418,1.45519673824,-3.84851408005,-2.64900302887,0.414336174726,6.430768013,21.7088890076,56.3508796692,21.1916618347],[-51.5588760376,-5.04575586319,26.9107933044,-0.139023855329,5.42386484146,-3.05711770058,1.89838778973,1.36537206173,-0.813680529594,2.66560745239,9.36792087555,21.1916618347,47.0615653992]],"icov":[[0.000165312638273,-0.000228380144108,0.00018128278316,-0.000212627099245,0.000124931932078,-0.0000160591334861,-0.0000632275550743,-0.000148335064296,0.000200638969545,-0.000134637346491,0.000154772336828,-0.000190709833987,0.000109909713501],[-0.000228380144108,0.00117672933266,-0.0000763339266996,0.000584048626479,-0.000667709216941,-0.000166257465025,0.000788933830336,0.000157155067427,-0.000673354312312,0.000450884515885,-0.000514628714882,0.000304605811834,-0.00012079904991],[0.00018128278316,-0.0000763339266996,0.00247510778718,-0.000264568341663,-0.000905964232516,0.00033404660644,-0.00045597521239,0.00115852837916,-0.00177930248901,0.000498826848343,-0.00090181583073,-0.0000282482760667,-0.000981568940915],[-0.000212627099245,0.000584048626479,-0.000264568341663,0.00346654397435,0.000075466465205,-0.00209723436274,0.000796364678536,-0.000052612827858,0.000966157065704,-0.00130694266409,0.000699539668858,-0.000170662926394,-0.000156000285642],[0.000124931932078,-0.000667709216941,-0.000905964232516,0.000075466465205,0.00601853244007,-0.00112056126818,-0.00288249505684,0.000567873532418,0.000532188278157,0.00202112249099,-0.00238690129481,0.00177737569902,-0.000513570441399],[-0.0000160591334861,-0.000166257465025,0.00033404660644,-0.00209723436274,-0.00112056126818,0.00936830695719,-0.00336287473328,0.00116692285519,0.000111519948405,-0.00143424235284,0.00318339304067,-0.00180255214218,0.000868050323334],[-0.0000632275550743,0.000788933830336,-0.00045597521239,0.000796364678536,-0.00288249505684,-0.00336287473328,0.0148042067885,-0.00537794176489,0.000183647483937,0.000449250190286,0.000824274378829,0.000216662316234,-0.000332898955094],[-0.000148335064296,0.000157155067427,0.00115852837916,-0.000052612827858,0.000567873532418,0.00116692285519,-0.00537794176489,0.0125706447288,-0.00349600357004,-0.00018935589469,-0.00208939379081,0.00146475317888,-0.00123908440582],[0.000200638969545,-0.000673354312312,-0.00177930248901,0.000966157065704,0.000532188278157,0.000111519948405,0.000183647483937,-0.00349600357004,0.0177917983383,-0.00830576196313,0.00278164958581,-0.00093279662542,0.00185223331209],[-0.000134637346491,0.000450884515885,0.000498826848343,-0.00130694266409,0.00202112249099,-0.00143424235284,0.000449250190286,-0.00018935589469,-0.00830576196313,0.025215100497,-0.0127400625497,0.00307585694827,-0.00114785588812],[0.000154772336828,-0.000514628714882,-0.00090181583073,0.000699539668858,-0.00238690129481,0.00318339304067,0.000824274378829,-0.00208939379081,0.00278164958581,-0.0127400625497,0.0287028066814,-0.0105102751404,0.000930339389015],[-0.000190709833987,0.000304605811834,-0.0000282482760667,-0.000170662926394,0.00177737569902,-0.00180255214218,0.000216662316234,0.00146475317888,-0.00093279662542,0.00307585694827,-0.0105102751404,0.0258889142424,-0.0102896951139],[0.000109909713501,-0.00012079904991,-0.000981568940915,-0.000156000285642,-0.000513570441399,0.000868050323334,-0.000332898955094,-0.00123908440582,0.00185223331209,-0.00114785588812,0.000930339389015,-0.0102896951139,0.0266272630543]],"mean":[-674.53314209,164.664001465,-6.61678361893,31.8430404663,1.56563913822,14.4942483902,0.128621563315,4.88235855103,2.98974466324,7.53712368011,4.77497625351,4.12717247009,3.30663561821]},"pitch_salience":{"dmean":0.100818172097,"dmean2":0.16535551846,"dvar":0.00702987797558,"dvar2":0.0182096064091,"max":0.996096730232,"mean":0.500883638859,"median":0.515318751335,"min":0.0760212242603,"var":0.0230291951448},"silence_rate_20dB":{"dmean":0.000458400172647,"dmean2":0.00091690546833,"dvar":0.000458190042991,"dvar2":0.00137451745104,"max":1,"mean":0.999770820141,"median":1,"min":0,"var":0.000229121302254},"silence_rate_30dB":{"dmean":0.117350444198,"dmean2":0.234727799892,"dvar":0.103579320014,"dvar2":0.223412886262,"max":1,"mean":0.818265140057,"median":1,"min":0,"var":0.148707285523},"silence_rate_60dB":{"dmean":0.00893880333751,"dmean2":0.0178796555847,"dvar":0.00885890144855,"dvar2":0.0200814642012,"max":1,"mean":0.050762001425,"median":0,"min":0,"var":0.0481852218509},"spectral_centroid":{"dmean":208.721054077,"dmean2":314.647491455,"dvar":84822.9296875,"dvar2":154203.96875,"max":11789.6376953,"mean":1037.68017578,"median":792.354187012,"min":164.589111328,"var":1098193},"spectral_complexity":{"dmean":3.90511107445,"dmean2":5.58212041855,"dvar":17.580499649,"dvar2":29.4061222076,"max":56,"mean":18.8772773743,"median":17,"min":0,"var":124.8123703},"spectral_contrast_coeffs":{"dmean":[0.0549522563815,0.0504348799586,0.037686470896,0.0274981316179,0.0232510715723,0.0371553450823],"dmean2":[0.0922197476029,0.0837276428938,0.0628220364451,0.04567810148,0.0373856760561,0.0568717084825],"dvar":[0.00189195678104,0.00159729167353,0.000900388287846,0.000485392753035,0.000395052105887,0.00116893893573],"dvar2":[0.00511711696163,0.00421446049586,0.00243133096956,0.00125773705076,0.000957310199738,0.00260805594735],"max":[-0.428272634745,-0.440123319626,-0.586737334728,-0.614625871181,-0.623051166534,-0.398928493261],"mean":[-0.720178425312,-0.767090201378,-0.814358472824,-0.825645983219,-0.826310396194,-0.755817532539],"median":[-0.72276866436,-0.77358430624,-0.818575918674,-0.827801525593,-0.825412929058,-0.762145042419],"min":[-0.985092401505,-0.997179329395,-0.998624801636,-0.986800253391,-0.987546682358,-0.964660525322],"var":[0.00565815344453,0.00519539183006,0.00278568733484,0.00179941346869,0.00182761752512,0.00606750976294]},"spectral_contrast_valleys":{"dmean":[0.417029172182,0.387726485729,0.371125251055,0.321614801884,0.353351682425,0.570388972759],"dmean2":[0.668555855751,0.615336239338,0.564471721649,0.473484218121,0.505033016205,0.885058045387],"dvar":[0.12417986244,0.113093785942,0.11597250402,0.0962932184339,0.124112285674,0.231455489993],"dvar2":[0.280768245459,0.251877784729,0.225255846977,0.16992034018,0.239357963204,0.576293289661],"max":[-4.74889993668,-4.3771853447,-4.94248056412,-5.6284866333,-5.48095273972,-8.85467147827],"mean":[-6.72350263596,-6.47821855545,-7.14501619339,-7.55089902878,-7.90209817886,-11.1168727875],"median":[-6.33919858932,-6.1417798996,-6.84735822678,-7.23194122314,-7.59628248215,-10.8962497711],"min":[-28.2934207916,-27.9448833466,-27.9478626251,-27.6276569366,-27.6865463257,-27.3721046448],"var":[4.51281404495,4.4981341362,4.37739849091,4.18101263046,4.08093309402,2.89820480347]},"spectral_decrease":{"dmean":7.36212557584e-9,"dmean2":1.14986127286e-8,"dvar":9.84305621315e-17,"dvar2":2.38338501275e-16,"max":1.9836106091e-9,"mean":-1.40779139457e-8,"median":-9.87891279891e-9,"min":-1.2874801314e-7,"var":2.03477100091e-16},"spectral_energy":{"dmean":0.0286917984486,"dmean2":0.0443293042481,"dvar":0.00140033161733,"dvar2":0.00337681453675,"max":0.495912313461,"mean":0.065722823143,"median":0.0521978326142,"min":1.02110107104e-20,"var":0.0031911348924},"spectral_energyband_high":{"dmean":0.000197089728317,"dmean2":0.000264290778432,"dvar":2.3394819948e-7,"dvar2":4.05540475867e-7,"max":0.0142266526818,"mean":0.000471649924293,"median":0.000189505517483,"min":7.21308683509e-21,"var":0.0000010130628425},"spectral_energyband_low":{"dmean":0.0222436469048,"dmean2":0.0362328290939,"dvar":0.000985328108072,"dvar2":0.00255995779298,"max":0.329869091511,"mean":0.0351051911712,"median":0.020481608808,"min":2.35490757427e-23,"var":0.00167230435181},"spectral_energyband_middle_high":{"dmean":0.0017947020242,"dmean2":0.00256343418732,"dvar":0.00000755284008847,"dvar2":0.0000154497047333,"max":0.0443622395396,"mean":0.00455839792266,"median":0.0024304187391,"min":1.21718354862e-21,"var":0.0000303079250443},"spectral_energyband_middle_low":{"dmean":0.00558804674074,"dmean2":0.00870732869953,"dvar":0.0000422669509135,"dvar2":0.000104531376564,"max":0.0959999188781,"mean":0.0142274945974,"median":0.0110087394714,"min":1.32374835755e-22,"var":0.000160226380103},"spectral_entropy":{"dmean":0.191773965955,"dmean2":0.294175893068,"dvar":0.0344888046384,"dvar2":0.0777825936675,"max":9.82417583466,"mean":7.47183513641,"median":7.49862909317,"min":5.32292938232,"var":0.170105725527},"spectral_flux":{"dmean":0.0398927927017,"dmean2":0.0637510940433,"dvar":0.00175804807805,"dvar2":0.00458608660847,"max":0.462669253349,"mean":0.1401296556,"median":0.13457429409,"min":6.52168527515e-11,"var":0.00476063927636},"spectral_kurtosis":{"dmean":4.11977577209,"dmean2":6.46738004684,"dvar":25.2138442993,"dvar2":62.1496658325,"max":83.3880386353,"mean":15.1801300049,"median":13.5600261688,"min":-1.265822649,"var":61.3105163574},"spectral_rms":{"dmean":0.00161275221035,"dmean2":0.00241119996645,"dvar":0.00000263904712483,"dvar2":0.00000608436175753,"max":0.0219958387315,"mean":0.00725009804592,"median":0.00713615538552,"min":3.15625759036e-12,"var":0.000011555905985},"spectral_rolloff":{"dmean":4443.65771484,"dmean2":8581.53515625,"dvar":60869624,"dvar2":151210704,"max":22028.4667969,"mean":7122.78955078,"median":1421.19140625,"min":21.533203125,"var":87009048},"spectral_skewness":{"dmean":0.365051865578,"dmean2":0.55552226305,"dvar":0.149735108018,"dvar2":0.34596285224,"max":7.35353374481,"mean":2.60800004005,"median":2.52751636505,"min":-0.0728328749537,"var":0.598738074303},"spectral_spread":{"dmean":516021.53125,"dmean2":808935.8125,"dvar":430547861504,"dvar2":936855535616,"max":42285304,"mean":4092592.5,"median":3666644.75,"min":1411828.375,"var":10323554730000},"spectral_strongpeak":{"dmean":1.6502790451,"dmean2":3.17374253273,"dvar":72.3919143677,"dvar2":214.661514282,"max":129.279541016,"mean":1.1093558073,"median":0.184095367789,"min":0,"var":41.644947052},"zerocrossingrate":{"dmean":0.03998567909,"dmean2":0.051906786859,"dvar":0.00120388739742,"dvar2":0.00204864679836,"max":0.6630859375,"mean":0.207432195544,"median":0.19970703125,"min":0.0029296875,"var":0.00824491586536}},"metadata":{"audio_properties":{"analysis_sample_rate":44100,"bit_rate":320000,"codec":"mp3","downmix":"mix","equal_loudness":0,"length":202.606781006,"lossless":false,"md5_encoded":"c1b366d1815562b8fbe1efb24a52e4d0","replay_gain":-0.301332473755,"sample_rate":44100},"tags":{"acoustid_id":["4e25fdfa-7756-4b87-82d8-67326a0106bf"],"album":["Blood Pressures"],"albumartist":["The Kills"],"artist":["The Kills"],"date":["2011"],"discnumber":["1/1"],"file_name":"10 - The Kills - You Don’t Own the Road.mp3","musicbrainz_albumartistid":["2c629b8c-d751-4131-b785-5690bb5e0fd7"],"musicbrainz_albumid":["2fdc63e1-b76f-3b85-ad4e-73baaa106a43"],"musicbrainz_artistid":["2c629b8c-d751-4131-b785-5690bb5e0fd7"],"musicbrainz_recordingid":["b598c038-4009-4f69-b3da-5156a3ab0f8f"],"musicbrainz_releasegroupid":["b2cab197-5107-46a0-8b26-049f4771f4c5"],"replaygain_album_gain":["-0.15 dB"],"replaygain_album_peak":["0.343821"],"replaygain_track_gain":["-0.41 dB"],"replaygain_track_peak":["0.343821"],"title":["You Don’t Own the Road"],"tracknumber":["10/11"]},"version":{"essentia":"2.1-beta1","essentia_build_sha":"e76a03f03bb3900de42a1fa0d9be1e72f12def64","essentia_git_sha":"v2.1_beta1-28-g21ef5f4-dirty","extractor":"music 1.0"}},"rhythm":{"beats_count":430,"beats_loudness":{"dmean":0.0624659955502,"dmean2":0.118912450969,"dvar":0.00297822151333,"dvar2":0.00918343104422,"max":0.362318485975,"mean":0.0934279859066,"median":0.0818843841553,"min":0,"var":0.00307872612029},"beats_loudness_band_ratio":{"dmean":[0.362474858761,0.0874005183578,0.119272880256,0.0962595269084,0.0458211861551,0.0771178230643],"dmean2":[0.713728308678,0.161694929004,0.229170203209,0.189380720258,0.0914866030216,0.150120690465],"dvar":[0.0357866212726,0.00651080347598,0.00898166559637,0.00467057107016,0.000614843913354,0.00336618977599],"dvar2":[0.115093611181,0.02025995031,0.0261577665806,0