{"lowlevel":{"average_loudness":0.960704863071,"barkbands":{"dmean":[0.00000484400879941,0.00194748106878,0.00278901215643,0.00112977286335,0.00158194720279,0.000813638733234,0.000628571433481,0.000619320489932,0.000459534814581,0.000549014599528,0.000260793836787,0.000369081448298,0.000360610923963,0.000409555999795,0.000489922822453,0.000169309045305,0.000184180156793,0.000193346495507,0.000124857309856,0.000167899939697,0.000130776272272,0.0000924965715967,0.0000776174711064,0.0000896452256711,0.0000301976269839,0.00000372559770767,1.03563280618e-7],"dmean2":[0.00000722095956007,0.00251183868386,0.00336778536439,0.0018949144287,0.0026150806807,0.00132556271274,0.00101035775151,0.000936294207349,0.000718863098882,0.000762022507843,0.000392968533561,0.000549979566131,0.000555925653316,0.00059790542582,0.00070842896821,0.000253896316281,0.000282591936411,0.000284503068542,0.000178155634785,0.000235419574892,0.000194074891624,0.000144203950185,0.000118913791084,0.000140050848131,0.0000456091911474,0.00000555909946343,1.69602316191e-7],"dvar":[9.86237980172e-10,0.0000171727479028,0.0000520408320881,0.00000538331914868,0.00000723152243154,0.00000333433604283,0.00000322436790157,0.00000222001767725,0.00000291590390589,0.00000168349026808,8.91619663435e-7,0.00000124196412798,9.68606627794e-7,0.00000141465591241,0.00000227069403991,1.57987656735e-7,9.52073904159e-8,1.73455774188e-7,4.76818300399e-8,7.9644181028e-8,6.42627497882e-8,4.65589593546e-8,4.02306170599e-8,8.50387777973e-8,1.13208216135e-8,3.42488204463e-10,1.14878565645e-13],"dvar2":[1.77314685157e-9,0.0000286563772534,0.0000651709779049,0.0000131710130518,0.0000183524061868,0.00000865633683134,0.00000857254144648,0.00000478184938402,0.00000698342637406,0.00000271902672466,0.0000019883909772,0.00000238600659941,0.00000218077320824,0.00000271497970061,0.00000450750121672,3.32728802732e-7,1.9770644144e-7,3.68615928892e-7,9.59817469948e-8,1.5331255554e-7,1.39557059242e-7,1.17829280555e-7,9.02968011474e-8,1.97167693727e-7,2.37585950913e-8,6.46893982825e-10,3.07171904015e-13],"max":[0.00201927870512,0.0517509952188,0.148076191545,0.046239361167,0.0410390160978,0.0253466721624,0.040922999382,0.0323409251869,0.049091629684,0.0446647256613,0.0271268114448,0.0447718277574,0.0204724445939,0.0370163731277,0.0460931248963,0.0116815445945,0.00825177598745,0.0103215072304,0.00570278055966,0.00538718793541,0.00460323877633,0.00326434592716,0.00532076321542,0.00953813642263,0.00349603057839,0.000613660085946,0.00000517658872923],"mean":[0.00000836872368382,0.00658909184858,0.00544788967818,0.00147008243948,0.00247111241333,0.00124539202079,0.000996916554868,0.00107320770621,0.000727201520931,0.00107543286867,0.000381765130442,0.000583120563533,0.00055550277466,0.000655946729239,0.000860721920617,0.000268467876595,0.000339149613865,0.000367093161913,0.000232921724091,0.000343843188602,0.000219949477469,0.000120328739285,0.000118094976642,0.000126662445837,0.0000459133443655,0.00000443476938017,1.40700677775e-7],"median":[0.00000165742426361,0.00110870460048,0.000908550340682,0.000668182037771,0.00141512509435,0.000522349495441,0.000306988018565,0.000180076662218,0.000146545440657,0.000293733173748,0.0000796772364993,0.000152747263201,0.000105060018541,0.000122256969917,0.00018991586694,0.0000733326451154,0.000152108928887,0.0000965702784015,0.000079183933849,0.000103137826954,0.000050079295761,0.000042915227823,0.0000315572106047,0.0000269603297056,0.00000663717946736,3.63879905763e-7,5.50714354119e-8],"min":[2.15524885131e-25,1.60048695566e-24,7.21214948611e-25,2.05763964024e-25,5.05639960952e-24,4.86960602463e-24,8.28359801834e-24,1.83571009202e-24,1.3348078719e-23,1.256292546e-23,1.23825650358e-23,2.44321234845e-23,2.27097435167e-23,2.75245308082e-23,2.76519917978e-23,4.81545876987e-23,4.15251458016e-23,8.02599391202e-23,1.36581130454e-22,1.4759660743e-22,2.15826764844e-22,3.05233432564e-22,3.73963866632e-22,5.65427022139e-22,8.15065577071e-22,1.33699478365e-21,1.89283582051e-21],"var":[1.76902004156e-9,0.0000959848039201,0.000219064822886,0.00000729469047656,0.0000105400386019,0.00000415597560277,0.00000453764141639,0.00000708838524588,0.00000499166844747,0.00000709026789991,0.00000179421761004,0.00000360182957593,0.00000228369640354,0.0000042022929847,0.00000671258430884,4.12020085605e-7,3.00841236367e-7,5.79642005505e-7,1.57518584842e-7,2.95279477314e-7,1.74354823912e-7,4.8896399818e-8,6.76130724742e-8,1.27935777527e-7,2.39796520418e-8,5.59238044762e-10,1.03605688753e-13]},"barkbands_crest":{"dmean":2.38196349144,"dmean2":3.63795876503,"dvar":5.43539762497,"dvar2":10.9163789749,"max":25.4660720825,"mean":10.9967603683,"median":9.27114486694,"min":2.6605246067,"var":29.4201850891},"barkbands_flatness_db":{"dmean":0.0236930605024,"dmean2":0.0315098501742,"dvar":0.000605353969149,"dvar2":0.00095919216983,"max":0.421595185995,"mean":0.153066664934,"median":0.139751061797,"min":0.0234464649111,"var":0.00403443863615},"barkbands_kurtosis":{"dmean":4.00371313095,"dmean2":5.32755756378,"dvar":66.6699676514,"dvar2":95.1753234863,"max":228.746963501,"mean":7.27640867233,"median":1.76999330521,"min":-1.84463167191,"var":296.331359863},"barkbands_skewness":{"dmean":0.607773005962,"dmean2":0.827729463577,"dvar":0.466725379229,"dvar2":0.736941695213,"max":12.2075586319,"mean":1.77321350574,"median":1.39202451706,"min":-4.08991384506,"var":3.55601525307},"barkbands_spread":{"dmean":5.9900727272,"dmean2":9.01934432983,"dvar":57.3530654907,"dvar2":124.885559082,"max":109.284179688,"mean":22.5081596375,"median":20.6964702606,"min":0.426268696785,"var":217.585968018},"dissonance":{"dmean":0.0154602816328,"dmean2":0.0259846225381,"dvar":0.000239867571509,"dvar2":0.000648101209663,"max":0.500000059605,"mean":0.468183189631,"median":0.473130255938,"min":0.28765386343,"var":0.000517654232681},"dynamic_complexity":3.66069173813,"erbbands":{"dmean":[0.0259825997055,0.566886782646,2.96599197388,2.71828341484,5.78984451294,4.82050418854,6.34578371048,6.78690671921,7.07335042953,10.2137641907,14.7815179825,10.1593503952,11.6429862976,18.9830551147,10.7383384705,14.6489105225,14.5956144333,20.2994098663,23.7892189026,19.5117664337,7.55350494385,9.39333820343,11.0796318054,6.92518424988,5.81312847137,7.80915641785,6.90220165253,3.87145590782,3.41512322426,2.53213810921,2.26580429077,2.06426906586,1.3555316925,0.513170480728,0.139675483108,0.0331527777016,0.00368655100465,0.000298238010146,0.0000252370882663,0.0000108134790935],"dmean2":[0.031522616744,0.707664489746,3.50409817696,4.09711074829,9.70772266388,8.10096263885,10.2642421722,11.2130298615,11.0238075256,16.2378120422,22.4130439758,15.802895546,16.4268493652,26.6230201721,15.7105884552,21.3872966766,22.3370876312,29.2245159149,34.1742935181,27.8874874115,11.2093458176,14.1622285843,16.0039157867,9.90937423706,8.29773807526,10.8541584015,9.73506164551,5.90680170059,5.37098503113,3.87763762474,3.48392629623,3.20046401024,2.13570713997,0.782682001591,0.207985058427,0.0489669889212,0.00545862875879,0.000463866977952,0.0000383718579542,0.000013932535694],"dvar":[0.00345494179055,1.3267711401,52.1466369629,24.6462287903,138.284011841,64.7273712158,158.957427979,263.663543701,283.42086792,697.988769531,1454.69909668,1734.70788574,1151.16088867,2482.73706055,1282.9699707,2344.90112305,1483.93566895,3740.32104492,6197.05419922,3893.21533203,221.838180542,229.063186646,577.30279541,173.211105347,101.910972595,178.081665039,169.906311035,74.7875137329,65.8017501831,34.6422462463,39.5308761597,47.8212585449,19.438337326,3.22169184685,0.237559214234,0.0289856493473,0.000274596037343,8.29314046769e-7,4.86235052222e-9,1.97681801484e-10],"dvar2":[0.00462883524597,2.16480898857,60.2832756042,48.866973877,331.451507568,171.720489502,401.023773193,698.12298584,715.238708496,1782.6373291,3201.15795898,4184.140625,2495.77099609,4224.65869141,3000.67797852,4380.74755859,3409.62158203,7259.17626953,12312.6845703,7935.625,466.030456543,474.909759521,1197.98254395,357.298431396,207.103927612,334.877593994,324.550567627,178.94708252,167.288833618,82.8739852905,88.881690979,110.236419678,45.3916244507,7.06209516525,0.472314685583,0.058363057673,0.000495190848596,0.00000188795991107,1.21604406544e-8,3.4585781461e-10],"max":[0.897813141346,13.7393693924,151.73399353,83.3944549561,268.313598633,83.8111343384,229.019851685,214.443115234,439.293395996,520.06439209,836.378967285,1361.82568359,943.416625977,1996.5189209,1044.6138916,2224.29101563,890.420288086,1927.46020508,2932.27880859,2619.57324219,510.81854248,419.694702148,624.082580566,366.193054199,226.027404785,239.247650146,247.420608521,159.072799683,118.490364075,103.784713745,198.699554443,242.995437622,136.187072754,61.1267929077,14.2990789413,6.04808807373,0.727636635303,0.0215163286775,0.00105907244142,0.000238380831433],"mean":[0.093409024179,1.87417149544,6.50148391724,4.80851554871,7.36080646515,7.45258998871,10.2551403046,9.80959701538,12.7779197693,16.5223064423,25.4175815582,16.4218845367,22.4499759674,35.7096405029,18.5783557892,24.6644573212,24.4262294769,35.8431663513,43.0834541321,33.7939949036,14.2326393127,18.1134700775,22.1943435669,13.6525583267,11.3444013596,16.4493350983,13.5071182251,5.60810232162,4.37971639633,3.65630674362,3.45222735405,2.9756052494,1.85491323471,0.763807356358,0.205540165305,0.0412571243942,0.00431678816676,0.000368816516129,0.0000462640527985,0.0000334370379278],"median":[0.0228467322886,0.30213496089,1.70298290253,2.09922266006,3.14465284348,4.30514001846,4.99460887909,3.76973056793,4.64393186569,4.73158550262,4.5711016655,3.81919336319,5.57156801224,10.5949487686,5.70981311798,5.96210432053,4.94440555573,7.4783411026,9.95598983765,7.6822681427,5.5709810257,8.73649311066,6.61121749878,4.40570926666,4.47391319275,4.95293569565,3.23053503036,1.64837670326,1.6102232933,1.03975760937,0.90214163065,0.72001761198,0.331569343805,0.118340060115,0.0254922714084,0.00381839624606,0.000488709716592,0.000080508980318,0.0000260748911387,0.0000274748399534],"min":[8.17301486556e-23,3.48694013887e-22,8.79185251677e-22,1.55708652183e-21,6.54444055681e-21,1.20073836602e-20,3.11410656224e-20,4.44930499476e-20,1.11927101154e-19,1.54656446939e-19,6.58418513122e-20,3.53285272405e-19,3.59512727496e-19,7.41045157995e-19,9.0194998511e-19,1.05146939488e-18,1.27615315594e-18,1.87834043508e-18,2.2715860274e-18,2.38277647252e-18,2.62879880505e-18,2.65766720164e-18,4.1242154143e-18,5.8683670949e-18,7.24290180417e-18,6.61712850384e-18,7.38817209053e-18,1.05549445574e-17,9.37330629899e-18,1.05839620533e-17,9.54769996035e-18,1.05442846808e-17,9.3462641104e-18,8.37318869013e-18,5.41942143488e-18,4.13126506107e-18,2.27749189018e-18,8.85517318458e-19,2.43106831066e-19,2.69875106546e-20],"var":[0.0245633646846,7.07159233093,229.293441772,70.5043716431,186.242462158,89.9870300293,250.173660278,299.176147461,673.3203125,1029.06945801,4368.8203125,2471.62329102,3418.0168457,8898.90136719,2394.953125,7330.50341797,3930.45410156,12990.1630859,18929.6054688,10100.6279297,692.489074707,692.998474121,2064.5703125,647.823791504,298.26739502,674.389892578,646.147277832,135.342285156,66.6754074097,46.8712730408,65.0555801392,67.4574890137,30.9123134613,6.41792488098,0.507603287697,0.0443040281534,0.000446037622169,0.00000111316035145,5.88441873006e-9,8.23216717016e-10]},"erbbands_crest":{"dmean":2.40688586235,"dmean2":3.78538656235,"dvar":5.38954496384,"dvar2":12.6990013123,"max":31.1751422882,"mean":8.31130313873,"median":7.35518312454,"min":2.40991353989,"var":16.8602046967},"erbbands_flatness_db":{"dmean":0.016144476831,"dmean2":0.0233634840697,"dvar":0.000236853549723,"dvar2":0.000489079218823,"max":0.315557390451,"mean":0.162418842316,"median":0.161051109433,"min":0.0316029302776,"var":0.00145447975956},"erbbands_kurtosis":{"dmean":0.609668552876,"dmean2":0.938723325729,"dvar":0.65441519022,"dvar2":1.42731678486,"max":15.1642141342,"mean":-0.0799928531051,"median":-0.480896919966,"min":-1.76445376873,"var":1.93729460239},"erbbands_skewness":{"dmean":0.305172562599,"dmean2":0.459643810987,"dvar":0.0846241563559,"dvar2":0.18839725852,"max":3.32250475883,"mean":0.0125740272924,"median":0.00337842898443,"min":-3.47447919846,"var":0.436151117086},"erbbands_spread":{"dmean":7.74314975739,"dmean2":11.7681369781,"dvar":63.6774291992,"dvar2":141.16267395,"max":141.271942139,"mean":41.9252357483,"median":40.297908783,"min":6.26390886307,"var":259.694671631},"gfcc":{"cov":[[54975.9023438,4356.64111328,-6214.17871094,2245.08154297,-3314.19946289,1009.75878906,-1771.58825684,282.2706604,-755.859863281,-220.267059326,-219.73085022,-654.090698242,-72.6850204468],[4356.64111328,1985.99975586,-331.966827393,219.883483887,450.409729004,-111.451034546,244.221084595,-71.8950271606,122.828491211,-136.134552002,-2.040320158,-82.1918792725,11.8028039932],[-6214.17871094,-331.966827393,1296.13916016,8.69447135925,596.991943359,41.4328536987,276.028106689,74.480430603,168.476593018,70.6096343994,47.0240097046,102.571990967,-4.57306146622],[2245.08154297,219.883483887,8.69447135925,506.755401611,42.1833534241,113.631782532,-49.679901123,80.2631072998,77.6380081177,-8.10084629059,14.4885225296,-23.5422496796,47.2142562866],[-3314.19946289,450.409729004,596.991943359,42.1833534241,736.895080566,-65.3890304565,326.773712158,11.223783493,175.967697144,-3.98666572571,6.36675167084,24.5473194122,27.6392269135],[1009.75878906,-111.451034546,41.4328536987,113.631782532,-65.3890304565,259.020751953,32.3791160583,69.3835601807,14.199090004,51.5025062561,39.7342987061,-15.7348718643,-12.4010457993],[-1771.58825684,244.221084595,276.028106689,-49.679901123,326.773712158,32.3791160583,328.648284912,23.6231040955,97.0472488403,8.47676467896,39.6004219055,12.2277021408,3.15293574333],[282.2706604,-71.8950271606,74.480430603,80.2631072998,11.223783493,69.3835601807,23.6231040955,152.463684082,62.8720703125,51.666759491,18.0561447144,-6.40577030182,8.53463745117],[-755.859863281,122.828491211,168.476593018,77.6380081177,175.967697144,14.199090004,97.0472488403,62.8720703125,171.266738892,40.6036720276,32.3066864014,-8.03570556641,17.7651042938],[-220.267059326,-136.134552002,70.6096343994,-8.10084629059,-3.98666572571,51.5025062561,8.47676467896,51.666759491,40.6036720276,124.781288147,43.5061645508,15.9612951279,-5.09225416183],[-219.73085022,-2.040320158,47.0240097046,14.4885225296,6.36675167084,39.7342987061,39.6004219055,18.0561447144,32.3066864014,43.5061645508,101.986961365,14.6993932724,11.4410352707],[-654.090698242,-82.1918792725,102.571990967,-23.5422496796,24.5473194122,-15.7348718643,12.2277021408,-6.40577030182,-8.03570556641,15.9612951279,14.6993932724,87.3314666748,20.0643997192],[-72.6850204468,11.8028039932,-4.57306146622,47.2142562866,27.6392269135,-12.4010457993,3.15293574333,8.53463745117,17.7651042938,-5.09225416183,11.4410352707,20.0643997192,75.3781204224]],"icov":[[0.000357068580342,-0.00107506115455,0.000836589024402,-0.00094218441518,0.000969948421698,-0.00117607309949,0.000741569732781,-0.00100630067755,0.000984046491794,-0.000745420344174,0.000783129537012,-0.000220451518544,0.000344868836692],[-0.00107506115455,0.0043506086804,-0.00164061528631,0.0022507593967,-0.00396388862282,0.00384613429196,-0.00277104275301,0.00335502414964,-0.00329427258112,0.00298567442223,-0.00287174177356,0.000692365283612,-0.000175278371898],[0.000836589024402,-0.00164061528631,0.00424606120214,-0.00243518850766,0.0000246183917625,-0.00314525747672,0.00171267648693,-0.00263956165873,0.00171268975828,-0.00117231800687,0.00119697349146,-0.0023336596787,0.00250391359441],[-0.00094218441518,0.0022507593967,-0.00243518850766,0.00604537315667,-0.00304437172599,0.000996503978968,0.000350767630152,0.00146043288987,-0.00382148334756,0.00325585878454,-0.00228084134869,0.000730416271836,-0.00282272789627],[0.000969948421698,-0.00396388862282,0.0000246183917625,-0.00304437172599,0.0083342185244,-0.00156846852042,-0.00115123658907,-0.00175807683263,0.00138259353116,-0.003094159998,0.00421909289435,0.000269221782219,-0.000849349482451],[-0.00117607309949,0.00384613429196,-0.00314525747672,0.000996503978968,-0.00156846852042,0.0105017917231,-0.00518145924434,0.0022117998451,-0.00180868373718,0.000543285161257,-0.00352325569838,0.00229825335555,0.000103853220935],[0.000741569732781,-0.00277104275301,0.00171267648693,0.000350767630152,-0.00115123658907,-0.00518145924434,0.00948524754494,-0.00313625694253,0.00071332155494,0.000256641069427,-0.000587641785387,-0.00121003598906,0.000821707595605],[-0.00100630067755,0.00335502414964,-0.00263956165873,0.00146043288987,-0.00175807683263,0.0022117998451,-0.00313625694253,0.0130264731124,-0.00566938938573,-0.000841510249302,-0.000792169535998,0.00161193241365,-0.00193531229161],[0.000984046491794,-0.00329427258112,0.00171268975828,-0.00382148334756,0.00138259353116,-0.00180868373718,0.00071332155494,-0.00566938938573,0.0142887020484,-0.00515217753127,0.000563932640944,0.00230771698989,-0.000645675987471],[-0.000745420344174,0.00298567442223,-0.00117231800687,0.00325585878454,-0.003094159998,0.000543285161257,0.000256641069427,-0.000841510249302,-0.00515217753127,0.0149913066998,-0.00607424695045,-0.00224399520084,0.00175799895078],[0.000783129537012,-0.00287174177356,0.00119697349146,-0.00228084134869,0.00421909289435,-0.00352325569838,-0.000587641785387,-0.000792169535998,0.000563932640944,-0.00607424695045,0.0155399115756,-0.00170504581183,-0.0017544120783],[-0.000220451518544,0.000692365283612,-0.0023336596787,0.000730416271836,0.000269221782219,0.00229825335555,-0.00121003598906,0.00161193241365,0.00230771698989,-0.00224399520084,-0.00170504581183,0.0161925572902,-0.00551945483312],[0.000344868836692,-0.000175278371898,0.00250391359441,-0.00282272789627,-0.000849349482451,0.000103853220935,0.000821707595605,-0.00193531229161,-0.000645675987471,0.00175799895078,-0.0017544120783,-0.00551945483312,0.0180660951883]],"mean":[-71.7432022095,102.778137207,-126.593460083,43.3433837891,-56.0671730042,13.4295368195,-35.1183891296,1.1179677248,-20.0908164978,-7.2403087616,-9.32897186279,-10.0772123337,-3.32042336464]},"hfc":{"dmean":6.6284031868,"dmean2":8.72860431671,"dvar":99.6143035889,"dvar2":191.533782959,"max":194.080322266,"mean":18.0888805389,"median":11.2268180847,"min":1.06565962865e-16,"var":389.651550293},"melbands":{"dmean":[0.000399051990826,0.00124467595015,0.000586664886214,0.000376880314434,0.00021412143542,0.000150118808961,0.000118139039841,0.000112828362035,0.000113237205369,0.0000640643265797,0.0000602298896411,0.0000807019314379,0.000034806682379,0.0000430211111961,0.0000354892436008,0.0000356020827894,0.0000384868071706,0.0000407384322898,0.000030051694921,0.0000183557785931,0.00000875620480656,0.0000105974677354,0.0000106466159195,0.0000104285027192,0.00000563093681194,0.00000416096099798,0.00000461228864879,0.00000587265822105,0.00000523926973983,0.00000303871865981,0.00000208070650842,0.00000191968706531,0.00000191624440049,0.00000130012529098,0.00000129232148538,0.00000143116608342,0.00000123998768231,0.00000106675986444,6.77873742916e-7,3.70120403659e-7],"dmean2":[0.000499886751641,0.001444400521,0.000895183824468,0.000628801411949,0.000346801360138,0.000246315496042,0.000186106582987,0.00017617730191,0.000173371212441,0.0000994605943561,0.0000844879177748,0.000112968024041,0.0000515870597155,0.000064007283072,0.0000533632919542,0.0000552410310775,0.0000559385080123,0.0000590902091062,0.0000434825815319,0.0000267712512141,0.000013408472114,0.0000163044296642,0.000015945510313,0.0000153259807121,0.00000831999659567,0.00000609123799222,0.00000666709320285,0.00000837301558931,0.00000734506056688,0.00000461221543446,0.00000321690004057,0.00000301920522361,0.00000304611012325,0.00000199390410671,0.00000198746010938,0.00000223605002247,0.00000194149629351,0.00000171494991719,0.00000103538627627,5.68401048895e-7],"dvar":[7.79168942699e-7,0.00000735079538572,0.00000115762395581,4.36072582488e-7,1.65512147987e-7,1.22099862665e-7,9.23059388924e-8,6.87490953055e-8,9.03867842794e-8,7.36051433137e-8,2.99172029372e-8,4.40680842928e-8,1.45717171662e-8,1.84988842022e-8,1.0792675198e-8,9.03245656048e-9,1.39375062602e-8,1.74738801206e-8,8.26706791912e-9,2.62577604104e-9,3.34153038573e-10,3.27589622096e-10,3.98185234785e-10,7.39244832015e-10,1.35703157045e-10,5.31601707099e-11,6.56555990131e-11,1.14730003276e-10,1.05265539341e-10,4.1182120214e-11,2.44198133936e-11,2.08032306659e-11,2.23712454811e-11,9.81884712425e-12,1.39828842949e-11,2.18963701337e-11,1.66416897623e-11,1.16733792771e-11,5.46162334109e-12,1.79809888767e-12],"dvar2":[0.00000118358639156,0.00000881235519046,0.00000242033615905,0.0000011064194041,4.19161352738e-7,3.20740724646e-7,2.39428743498e-7,1.67174277976e-7,2.03833977253e-7,1.77744297503e-7,6.35930987869e-8,7.34169063321e-8,3.26845821519e-8,3.45403812219e-8,2.36780373086e-8,1.98623446579e-8,2.70846722827e-8,3.52019888794e-8,1.67267906193e-8,5.17954612533e-9,7.12281955639e-10,6.97159774354e-10,8.46420156186e-10,1.60943625094e-9,2.82168732824e-10,1.14165787934e-10,1.3264161991e-10,2.19746512653e-10,1.93173060881e-10,9.33937510661e-11,5.95255025826e-11,5.20451702568e-11,5.8583950191e-11,2.30391313666e-11,3.23676155323e-11,5.32008152809e-11,3.86164572541e-11,2.75785071863e-11,1.24451117814e-11,3.90822834165e-12],"max":[0.0123590538278,0.0563773773611,0.0200277231634,0.0112923700362,0.00654830876738,0.00478412071243,0.00716239307076,0.00478981202468,0.00618298538029,0.00937863439322,0.00456047430634,0.00843775924295,0.00312845152803,0.0055587682873,0.00286304112524,0.00235669873655,0.00418691243976,0.00473618879914,0.00359877548181,0.00162455253303,0.000716932932846,0.000543871719856,0.000398699106881,0.000791055383161,0.000349345995346,0.000178944406798,0.000197236789973,0.000203610426979,0.000258007697994,0.0000995040900307,0.000112647816422,0.0000775012304075,0.0000816938991193,0.0000675828996464,0.000137661409099,0.000152646447532,0.000134481408168,0.0000983436839306,0.000075584553997,0.000050897931942],"mean":[0.00140645552892,0.00315569341183,0.00098755385261,0.00053690985078,0.000355648167897,0.00022096002067,0.000203799980227,0.000191620158148,0.000191245489987,0.000101510966488,0.000114535294415,0.000151984262629,0.0000563746107218,0.000068481254857,0.0000569890071347,0.0000576417369302,0.0000638153214823,0.0000689852167852,0.0000513180348207,0.0000306164110953,0.000014987303075,0.000018793705749,0.0000197247700271,0.0000193257183128,0.0000100234710771,0.00000745423403714,0.00000869114865054,0.0000118046064017,0.0000101427276604,0.0000046589784688,0.0000026989273465,0.00000236889491134,0.00000245165324486,0.00000186053864581,0.00000192237644114,0.00000205868855119,0.00000171134968241,0.00000138917380355,9.52519201292e-7,5.41978351976e-7],"median":[0.000286622002022,0.000827968469821,0.000428668281529,0.000279928848613,0.0001915479952,0.0000862201413838,0.0000725302743376,0.00004994727351,0.0000341344966728,0.0000206761815207,0.0000274714202533,0.0000414435344283,0.0000146759903146,0.0000191565250134,0.000010019551155,0.0000113044989121,0.0000115756574814,0.0000143409779412,0.0000122396713778,0.0000067426235546,0.00000595808160142,0.00000821271078166,0.0000066685774982,0.00000448641958428,0.00000303732144857,0.00000266495453616,0.00000296488224194,0.00000310480436383,0.00000208694450521,0.00000102725016404,7.27284145796e-7,8.32350792734e-7,7.01858766661e-7,4.62814114144e-7,4.70614622827e-7,5.17062858307e-7,3.74916908186e-7,2.25881493066e-7,1.33030269467e-7,7.40433137025e-8],"min":[1.33862477539e-24,1.21161619749e-24,4.76259092917e-25,9.93355542744e-25,1.34613226601e-24,1.04001134048e-24,1.52643135628e-24,1.86294610642e-24,3.2250933828e-25,2.1142716688e-24,1.56622593769e-24,2.0400927113e-24,2.2146076762e-24,3.37058255582e-24,2.79546351287e-24,2.51314893033e-24,2.91348341517e-24,2.99861215647e-24,1.98644385886e-24,3.77654615486e-24,2.45106025228e-24,2.45916382593e-24,1.48259573629e-24,3.72427938673e-24,3.60781196268e-24,4.58577268764e-24,4.27820923133e-24,3.67506906017e-24,4.55683648078e-24,5.10505891674e-24,5.09627140068e-24,4.47696155311e-24,5.44751053544e-24,5.39969964813e-24,5.11521037329e-24,4.75403829645e-24,5.81054077415e-24,5.25665510575e-24,6.15857831692e-24,6.13847538004e-24],"var":[0.00000502023794979,0.0000324539541907,0.00000277808953797,5.97555469994e-7,2.65246001163e-7,1.44767938082e-7,1.73699007178e-7,1.36762565717e-7,2.4061756676e-7,1.10519380314e-7,9.05606327706e-8,1.65495791293e-7,2.9036469229e-8,5.31582209362e-8,2.99041573726e-8,2.53685872309e-8,4.51184405392e-8,5.21418996868e-8,2.14597850601e-8,6.93838853039e-9,9.44760603083e-10,9.10434005963e-10,1.169189634e-9,2.2864410365e-9,4.42440500903e-10,1.38983283215e-10,1.97271657343e-10,4.13569234414e-10,4.20458168282e-10,9.39972544245e-11,4.17653030216e-11,2.14078702682e-11,2.22916893278e-11,1.39898136478e-11,2.14142523158e-11,3.06441191866e-11,2.26579414953e-11,1.72817784388e-11,9.93496257484e-12,3.56997352687e-12]},"melbands_crest":{"dmean":2.97696447372,"dmean2":4.59884691238,"dvar":9.08797454834,"dvar2":19.774471283,"max":32.533115387,"mean":14.6655368805,"median":13.6076402664,"min":1.00056350231,"var":44.1704940796},"melbands_flatness_db":{"dmean":0.031356420368,"dmean2":0.0407903641462,"dvar":0.00116638280451,"dvar2":0.00182791682892,"max":0.555202722549,"mean":0.201561659575,"median":0.183476895094,"min":-2.847450844e-7,"var":0.00924821663648},"melbands_kurtosis":{"dmean":9.3213634491,"dmean2":12.6102790833,"dvar":330.789520264,"dvar2":521.740478516,"max":519.665771484,"mean":21.0825614929,"median":7.60657453537,"min":-1.84167313576,"var":1523.30859375},"melbands_skewness":{"dmean":0.78908765316,"dmean2":1.09129548073,"dvar":0.833713769913,"dvar2":1.3768017292,"max":19.0360336304,"mean":3.15420603752,"median":2.55707192421,"min":-1.04302883148,"var":5.7937541008},"melbands_spread":{"dmean":8.45693683624,"dmean2":12.681851387,"dvar":175.221420288,"dvar2":352.28112793,"max":241.949874878,"mean":29.0193424225,"median":20.7668323517,"min":0.385555267334,"var":1003.36065674},"mfcc":{"cov":[[16968.3320313,1173.42578125,6.59102153778,214.498077393,-216.06980896,44.8506507874,-151.767974854,-37.1335487366,-208.896743774,304.944458008,-48.6500473022,81.6862411499,-113.027984619],[1173.42578125,2241.77709961,-266.475921631,522.384460449,223.312713623,217.911605835,163.110519409,153.572616577,161.838546753,24.2074623108,-12.3586454391,64.2647247314,-2.05637574196],[6.59102153778,-266.475921631,450.521759033,55.0012245178,124.556007385,69.1180877686,34.0410766602,61.7114868164,18.3554763794,41.1001014709,37.7504043579,28.2345504761,73.6076583862],[214.498077393,522.384460449,55.0012245178,471.109771729,255.912139893,102.36089325,37.6835670471,97.9990921021,130.328979492,31.6768836975,-12.6829490662,23.2278347015,47.2987442017],[-216.06980896,223.312713623,124.556007385,255.912139893,301.608581543,88.449005127,36.3871231079,68.8278274536,103.808448792,60.9606056213,7.22978687286,18.6255016327,47.3705558777],[44.8506507874,217.911605835,69.1180877686,102.36089325,88.449005127,199.037704468,90.2594604492,67.5837173462,53.2509841919,33.1699638367,48.3840408325,24.1118183136,6.961353302],[-151.767974854,163.110519409,34.0410766602,37.6835670471,36.3871231079,90.2594604492,169.474731445,71.9893493652,38.6331214905,32.8063087463,43.1315307617,27.7203731537,10.8025979996],[-37.1335487366,153.572616577,61.7114868164,97.9990921021,68.8278274536,67.5837173462,71.9893493652,124.500328064,73.0029144287,25.4327945709,26.7413845062,29.532875061,18.0453186035],[-208.896743774,161.838546753,18.3554763794,130.328979492,103.808448792,53.2509841919,38.6331214905,73.0029144287,157.377456665,48.3325119019,18.8366298676,31.3878002167,20.8113536835],[304.944458008,24.2074623108,41.1001014709,31.6768836975,60.9606056213,33.1699638367,32.8063087463,25.4327945709,48.3325119019,148.923233032,60.8731498718,31.1301212311,24.1224098206],[-48.6500473022,-12.3586454391,37.7504043579,-12.6829490662,7.22978687286,48.3840408325,43.1315307617,26.7413845062,18.8366298676,60.8731498718,122.729354858,42.8829917908,10.6277494431],[81.6862411499,64.2647247314,28.2345504761,23.2278347015,18.6255016327,24.1118183136,27.7203731537,29.532875061,31.3878002167,31.1301212311,42.8829917908,104.278083801,38.3361320496],[-113.027984619,-2.05637574196,73.6076583862,47.2987442017,47.3705558777,6.961353302,10.8025979996,18.0453186035,20.8113536835,24.1224098206,10.6277494431,38.3361320496,104.014717102]],"icov":[[0.0000795211235527,-0.0000582181310165,-0.0000895308985491,-0.000110928587674,0.000209061647183,-0.0000466225355922,0.000149464947754,-0.0000353519317287,0.000214823056012,-0.000347482593497,0.000172080937773,-0.000125705933897,0.000163933131262],[-0.0000582181310165,0.000866466900334,0.000783024122939,-0.000745896948501,-0.00015267249546,-0.000483631854877,-0.000517283449881,-0.000277718703728,0.0000536105762876,0.000233145867242,0.00018227462715,-0.000333094852977,-0.0000179204162123],[-0.0000895308985491,0.000783024122939,0.00382655393332,0.000145287136547,-0.00175540335476,-0.00101075484417,-0.0000524009083165,-0.00177613971755,0.00103100796696,0.000359883415513,-0.000394379487261,0.0000408088599215,-0.00193961174227],[-0.000110928587674,-0.000745896948501,0.000145287136547,0.00572608457878,-0.00371367810294,-0.000344316329574,0.000891712668817,-0.00134313059971,-0.00151202455163,0.00115312531125,0.000341599923559,0.000522020447534,-0.00117939081974],[0.000209061647183,-0.00015267249546,-0.00175540335476,-0.00371367810294,0.00858027394861,-0.00114652351476,0.000449543440482,0.000661615515128,-0.00134211056866,-0.00275028427131,0.00130815198645,0.000427179591497,-0.000222002287046],[-0.0000466225355922,-0.000483631854877,-0.00101075484417,-0.000344316329574,-0.00114652351476,0.00867152400315,-0.00294250296429,-0.000600352941547,-0.0004925178946,0.000721189484466,-0.00248573091812,0.000342771876603,0.00122210895643],[0.000149464947754,-0.000517283449881,-0.0000524009083165,0.000891712668817,0.000449543440482,-0.00294250296429,0.00997239630669,-0.00440400699154,0.000852420635056,-0.00127869169228,-0.000664903840516,-0.00032022286905,-0.000183719646884],[-0.0000353519317287,-0.000277718703728,-0.00177613971755,-0.00134313059971,0.000661615515128,-0.000600352941547,-0.00440400699154,0.015901627019,-0.00508573325351,0.00113089533988,-0.000836944207549,-0.000963998085354,0.000457376037957],[0.000214823056012,0.0000536105762876,0.00103100796696,-0.00151202455163,-0.00134211056866,-0.0004925178946,0.000852420635056,-0.00508573325351,0.0120512414724,-0.00307854753919,0.000989382737316,-0.00188531517051,0.000526931136847],[-0.000347482593497,0.000233145867242,0.000359883415513,0.00115312531125,-0.00275028427131,0.000721189484466,-0.00127869169228,0.00113089533988,-0.00307854753919,0.0114109152928,-0.00520419655368,0.000385984167224,-0.00165205262601],[0.000172080937773,0.00018227462715,-0.000394379487261,0.000341599923559,0.00130815198645,-0.00248573091812,-0.000664903840516,-0.000836944207549,0.000989382737316,-0.00520419655368,0.0135074192658,-0.00423423293978,0.00128863193095],[-0.000125705933897,-0.000333094852977,0.0000408088599215,0.000522020447534,0.000427179591497,0.000342771876603,-0.00032022286905,-0.000963998085354,-0.00188531517051,0.000385984167224,-0.00423423293978,0.0139435287565,-0.00484518473968],[0.000163933131262,-0.0000179204162123,-0.00193961174227,-0.00117939081974,-0.000222002287046,0.00122210895643,-0.000183719646884,0.000457376037957,0.000526931136847,-0.00165205262601,0.00128863193095,-0.00484518473968,0.0135915558785]],"mean":[-677.863342285,117.630950928,-5.69889307022,25.8630332947,4.95414352417,7.11940908432,0.811709880829,2.11490631104,-2.65286803246,3.54889726639,-7.78315162659,-0.44750764966,-4.88144826889]},"pitch_salience":{"dmean":0.0734969228506,"dmean2":0.111638210714,"dvar":0.00506533728912,"dvar2":0.0108008468524,"max":0.996097564697,"mean":0.509051561356,"median":0.525061070919,"min":0.0943223163486,"var":0.0255274195224},"silence_rate_20dB":{"dmean":0,"dmean2":0,"dvar":0,"dvar2":0,"max":1,"mean":1,"median":1,"min":1,"var":0},"silence_rate_30dB":{"dmean":0.0127484062687,"dmean2":0.0255015939474,"dvar":0.0125861680135,"dvar2":0.0304770376533,"max":1,"mean":0.98837864399,"median":1,"min":0,"var":0.0114854993299},"silence_rate_60dB":{"dmean":0.0258717667311,"dmean2":0.0517532341182,"dvar":0.0252031721175,"dvar2":0.0588293708861,"max":1,"mean":0.113027177751,"median":0,"min":0,"var":0.100248761475},"spectral_centroid":{"dmean":291.910400391,"dmean2":432.37008667,"dvar":117943.429688,"dvar2":241351.765625,"max":11893.6240234,"mean":1735.08410645,"median":1356.86193848,"min":141.327865601,"var":3637015.25},"spectral_complexity":{"dmean":4.14060735703,"dmean2":5.68835544586,"dvar":27.7434711456,"dvar2":49.815776825,"max":54,"mean":16.5685100555,"median":15,"min":0,"var":104.069107056},"spectral_contrast_coeffs":{"dmean":[0.0496107749641,0.0428027585149,0.0367739833891,0.0323280245066,0.0242866333574,0.0189671721309],"dmean2":[0.0816168710589,0.0694332122803,0.0576742105186,0.0501050576568,0.0362482555211,0.0287003833801],"dvar":[0.00173127534799,0.00132243335247,0.0010116295889,0.000823214126285,0.000458782858914,0.000294309778837],"dvar2":[0.00448401179165,0.00328429951333,0.00223847129382,0.0017913246993,0.000898102705833,0.000639081234112],"max":[-0.32575750351,-0.424095720053,-0.462289005518,-0.492493182421,-0.557345449924,-0.605640649796],"mean":[-0.628451824188,-0.741345047951,-0.770211815834,-0.767258584499,-0.782472133636,-0.764050722122],"median":[-0.62624168396,-0.742382049561,-0.7757152915,-0.776545405388,-0.791342914104,-0.756032645702],"min":[-0.998780488968,-0.998154819012,-0.996789097786,-0.985806107521,-0.986987292767,-0.965367913246],"var":[0.0113430442289,0.00724592199549,0.00658213393763,0.00636511389166,0.00450493488461,0.00300090503879]},"spectral_contrast_valleys":{"dmean":[0.431959152222,0.401530593634,0.335851371288,0.343950241804,0.326498568058,0.500908851624],"dmean2":[0.680585920811,0.622850775719,0.507861852646,0.495764553547,0.43486097455,0.637055039406],"dvar":[0.178234755993,0.161470502615,0.116164185107,0.130947008729,0.142492830753,0.294877886772],"dvar2":[0.360687404871,0.327433854342,0.20888748765,0.210170656443,0.225714743137,0.523249566555],"max":[-5.10494613647,-4.79043245316,-5.57959938049,-5.88001585007,-5.80100536346,-7.50313138962],"mean":[-8.24337100983,-7.76408863068,-8.26427364349,-8.63997936249,-8.4772310257,-11.1510400772],"median":[-7.23244905472,-6.94484186172,-7.49198722839,-7.88693904877,-7.70459079742,-10.3691272736],"min":[-28.4034309387,-27.9848690033,-27.7763366699,-27.743057251,-27.5344047546,-27.4066390991],"var":[15.1825485229,15.2916650772,14.3158054352,13.8550958633,14.0429735184,11.1583890915]},"spectral_decrease":{"dmean":2.12194928295e-9,"dmean2":2.67874833426e-9,"dvar":8.15561537361e-18,"dvar2":1.25010168158e-17,"max":2.57794647785e-23,"mean":-6.5412155692e-9,"median":-5.05837860487e-9,"min":-5.15777891508e-8,"var":3.70111244826e-17},"spectral_energy":{"dmean":0.00844829343259,"dmean2":0.0106666488573,"dvar":0.000125549035147,"dvar2":0.000194562890101,"max":0.200717076659,"mean":0.0263286679983,"median":0.0204621497542,"min":9.9509843846e-21,"var":0.000572439283133},"spectral_energyband_high":{"dmean":0.000460983836092,"dmean2":0.000672868976835,"dvar":8.01410578788e-7,"dvar2":0.00000183280633337,"max":0.0181166529655,"mean":0.000853864650708,"median":0.000291180185741,"min":6.89000656682e-21,"var":0.00000172779243712},"spectral_energyband_low":{"dmean":0.0045205866918,"dmean2":0.0051792585291,"dvar":0.0000795676896814,"dvar2":0.0000991078122752,"max":0.180472999811,"mean":0.0126162115484,"median":0.00402362598106,"min":1.83655070221e-23,"var":0.000372712442186},"spectral_energyband_middle_high":{"dmean":0.00204349495471,"dmean2":0.00262385513633,"dvar":0.0000118308553283,"dvar2":0.000018451590222,"max":0.104633256793,"mean":0.00535672809929,"median":0.0025157132186,"min":1.08266289761e-21,"var":0.0000672826208756},"spectral_energyband_middle_low":{"dmean":0.00391835160553,"dmean2":0.00612723361701,"dvar":0.000038548190787,"dvar2":0.0000914077754715,"max":0.0898616462946,"mean":0.00816883239895,"median":0.00550735136494,"min":1.39104740666e-22,"var":0.0000728348895791},"spectral_entropy":{"dmean":0.190331801772,"dmean2":0.26275742054,"dvar":0.0403299443424,"dvar2":0.0748065263033,"max":9.825756073,"mean":7.58542728424,"median":7.51911878586,"min":5.64652109146,"var":0.364570826292},"spectral_flux":{"dmean":0.0228061135858,"dmean2":0.0343535207212,"dvar":0.000747233396396,"dvar2":0.00153642043006,"max":0.264317750931,"mean":0.0691266879439,"median":0.0611333027482,"min":6.32729146854e-11,"var":0.00189405702986},"spectral_kurtosis":{"dmean":1.7670249939,"dmean2":2.9093837738,"dvar":4.468501091,"dvar2":11.6720600128,"max":30.0136489868,"mean":3.74460816383,"median":3.07409095764,"min":-1.27164256573,"var":9.47975444794},"spectral_rms":{"dmean":0.000780910486355,"dmean2":0.000970174965914,"dvar":7.80399432188e-7,"dvar2":0.00000119602452742,"max":0.0139936255291,"mean":0.00448464602232,"median":0.00446800561622,"min":3.11581099463e-12,"var":0.00000557447356186},"spectral_rolloff":{"dmean":539.47454834,"dmean2":881.392944336,"dvar":1026103,"dvar2":2132867.25,"max":20004.3457031,"mean":2162.37451172,"median":1248.92578125,"min":21.533203125,"var":13071857},"spectral_skewness":{"dmean":0.230215609074,"dmean2":0.361743837595,"dvar":0.0562192760408,"dvar2":0.131590977311,"max":3.86624884605,"mean":1.32646036148,"median":1.30192553997,"min":-0.0846875160933,"var":0.237614288926},"spectral_spread":{"dmean":575832.9375,"dmean2":828919.625,"dvar":659985530880,"dvar2":1164753108990,"max":43169860,"mean":5473812,"median":4028544.75,"min":1751099.25,"var":46566777815000},"spectral_strongpeak":{"dmean":0.479267418385,"dmean2":0.800417661667,"dvar":1.12314414978,"dvar2":2.76769852638,"max":14.372218132,"mean":0.886627674103,"median":0.46114769578,"min":0,"var":2.1613714695},"zerocrossingrate":{"dmean":0.011759577319,"dmean2":0.0132594956085,"dvar":0.000267331750365,"dvar2":0.000306625152007,"max":0.53369140625,"mean":0.0726599991322,"median":0.05224609375,"min":0.0029296875,"var":0.00881322473288}},"metadata":{"audio_properties":{"analysis_sample_rate":44100,"bit_rate":258099,"codec":"aac","downmix":"mix","equal_loudness":0,"length":123.855239868,"lossless":false,"md5_encoded":"678ab87693912932f4cec09ddce5d84b","replay_gain":-8.53410148621,"sample_rate":44100},"tags":{"album":["A música do século 25"],"albumartistsort":["Various Artists"],"artist":["The Everly Brothers"],"artistsort":["Everly Brothers, The"],"bpm":["0"],"catalognumber":["SEC-0025"],"compilation":["1"],"date":["1999"],"discnumber":["1/1"],"file_name":"8cd71954-cb07-4c19-a127-cc411e87fd90.m4a","label":["Editora Caras"],"language":["eng"],"media":["CD"],"musicbrainz_albumartistid":["89ad4ac3-39f7-470e-963a-56509c546377"],"musicbrainz_albumid":["49fda6a4-f36d-4a67-840d-cc62a2e96990"],"musicbrainz_artistid":["091ec508-877f-4e3c-92a3-10903bbbc7ad"],"musicbrainz_recordingid":["b5c626e5-8c98-4b82-8577-fa1c1ffbca62"],"musicbrainz_releasegroupid":["ef8a68cb-5f60-4249-a5fe-ca9e25f2c1e7"],"musicbrainz_workid":["1615aa75-0f8c-495b-944b-84e35f7744b7"],"script":["Latn"],"title":["Wake Up Little Susie"],"tracknumber":["2/12"]},"version":{"essentia":"2.1-beta2","essentia_build_sha":"2d9f1f26377add8aeb1075a9c2973f962c4f09fd","essentia_git_sha":"v2.1_beta2-1-ge3940c0","extractor":"music 1.0"}},"rhythm":{"beats_count":193,"beats_loudness":{"dmean":0.0168401505798,"dmean2":0.030290806666,"dvar":0.000245019124122,"dvar2":0.00081323820632,"max":0.117426402867,"mean":0.0362967774272,"median":0.0367808043957,"min":0,"var":0.000369510089513},"beats_loudness_band_ratio":{"dmean":[0.218648254871,0.153524026275,0.107768781483,0.0959972813725,0.0828281641006,0.047407284379],"dmean2":[0.40553933382,0.280821591616,0.192450195551,0.172879070044,0.143423438072,0.0865086764097],"dvar":[0.0241231694818,0.0205915551633,0.0120208719745,0.0161281619221,0.00512877432629,0.00396101782098],"dvar2":[0