{"lowlevel":{"average_loudness":0.810594379902,"barkbands":{"dmean":[0.0000502723341924,0.00215108180419,0.00233091460541,0.00295068440028,0.00332952453755,0.00128596043214,0.00125708698761,0.000656573043671,0.000566504138988,0.000205699951039,0.000174805361894,0.000159195464221,0.000155420115334,0.000124178637634,0.0000991746710497,0.0000624801541562,0.0000483938201796,0.0000350933332811,0.0000503967676195,0.0000246448380494,0.0000217912929656,0.0000267420437012,0.0000306299552904,0.0000249107852142,0.00000652094195175,0.00000320592198477,0.00000249427785093],"dmean2":[0.0000652832823107,0.00355635909364,0.00419905595481,0.00509258778766,0.00523633789271,0.00193795189261,0.00198862771504,0.00101133959834,0.000869364885148,0.000325416127453,0.000271689001238,0.000260617380263,0.000227008698857,0.000200258844416,0.000153936620336,0.0000998082832666,0.0000769824182498,0.0000563986868656,0.0000803799412097,0.0000379040357075,0.0000325130567944,0.0000386585015804,0.0000429817700933,0.0000360516969522,0.00000913511121325,0.0000044890598474,0.00000353414566234],"dvar":[8.20975643023e-9,0.0000182647454494,0.0000273417172139,0.0000216260486923,0.0000431253574789,0.00000604952174399,0.00000746398382034,0.000004453208021,0.00000232443017012,1.88635141285e-7,1.12638389282e-7,1.04248101707e-7,2.39879426545e-7,1.24820758174e-7,2.50777887345e-8,1.11529541158e-8,8.82203909924e-9,6.9365975186e-9,3.13261772078e-8,4.95316365701e-9,3.94047150465e-9,1.12843823175e-8,3.28514602188e-8,3.06091116897e-8,1.67910518822e-9,4.78995801356e-11,2.06693655247e-11],"dvar2":[1.18935874482e-8,0.0000474392109027,0.0000790385893197,0.0000594494122197,0.000108331150841,0.0000133317817017,0.0000192422667169,0.0000109606326077,0.00000577479750064,4.67733428877e-7,2.69845742196e-7,2.76102241514e-7,4.59887843363e-7,3.39983245112e-7,5.95172053863e-8,2.62154244979e-8,2.11462527488e-8,1.74463625768e-8,7.6554094619e-8,1.03983444077e-8,7.22126403119e-9,2.11540047701e-8,6.41884625452e-8,6.46733298026e-8,3.51558293588e-9,9.91949994367e-11,4.69853496388e-11],"max":[0.00134381640237,0.049713909626,0.056117258966,0.0511418059468,0.140397951007,0.0544621571898,0.0603585317731,0.0571946538985,0.0398256070912,0.0122351963073,0.00987018272281,0.00635854899883,0.0208809245378,0.0164857041091,0.00262524397112,0.00355866667815,0.00480948388577,0.00366950547323,0.00763461040333,0.00429955730215,0.00318527291529,0.00438931351528,0.00877161882818,0.0109678534791,0.00224334187806,0.000244783499511,0.000063431354647],"mean":[0.000130218701088,0.00326213543303,0.00276546366513,0.00409012613818,0.00697724288329,0.00282501545735,0.00232901284471,0.00123005453497,0.00115284114145,0.000373750634026,0.000318229140248,0.000262326822849,0.000281924498267,0.000233632730669,0.000180139410077,0.000107659310743,0.0000910125672817,0.0000604311353527,0.0000967124069575,0.0000496205211675,0.0000429595711466,0.0000525211216882,0.0000583800028835,0.0000437503040303,0.000010772533642,0.0000044014109335,0.00000285743635686],"median":[0.0000900620798348,0.00147502834443,0.00132856681012,0.00205282052048,0.00238707335666,0.000997860683128,0.000627468980383,0.000183205323992,0.000260298373178,0.000133852474391,0.000123866455397,0.0000991715569398,0.0000916350109037,0.0000831183715491,0.0000898346916074,0.000058211182477,0.0000485350865347,0.0000293098764814,0.0000212434060813,0.0000177550227818,0.0000147327491504,0.0000166224053828,0.0000149632924149,0.00000907524372451,0.00000308671928906,0.00000128827809931,4.1133898776e-7],"min":[6.05375901579e-25,3.53900712009e-24,8.98817564394e-25,9.35318750124e-25,8.78344079827e-24,5.8211040161e-24,1.01393033677e-23,6.12536806167e-24,1.14084354138e-23,1.0978083391e-23,1.37333142089e-23,1.04546268488e-23,2.19067730453e-23,4.15745916032e-23,5.28616954766e-23,6.03286173542e-23,4.8202032949e-23,8.01447149409e-23,1.43078870445e-22,1.41363280992e-22,2.09370209703e-22,3.07842681516e-22,3.71622047838e-22,5.1777623888e-22,8.45381968665e-22,1.35952030922e-21,1.98907331685e-21],"var":[1.88375572918e-8,0.0000223987699428,0.0000204554289667,0.0000291953274427,0.000127253602841,0.0000222872567974,0.0000201561342692,0.0000112407669803,0.00000780935988587,5.11142616233e-7,3.13039805633e-7,1.89412446616e-7,5.64600554753e-7,3.74531140324e-7,6.07140790976e-8,2.08710080329e-8,1.88376620969e-8,9.95197968479e-9,8.53799448919e-8,1.30240405127e-8,1.11825260163e-8,3.00735116809e-8,9.24333107832e-8,8.03240638447e-8,3.28313842779e-9,9.80014611129e-11,2.70837553773e-11]},"barkbands_crest":{"dmean":2.65837907791,"dmean2":4.37932109833,"dvar":5.67820739746,"dvar2":14.8565788269,"max":25.6343688965,"mean":11.0769376755,"median":10.3632278442,"min":2.64689230919,"var":15.7931203842},"barkbands_flatness_db":{"dmean":0.0237188208848,"dmean2":0.0359563343227,"dvar":0.000484299409436,"dvar2":0.00108648452442,"max":0.358681738377,"mean":0.170075163245,"median":0.167178347707,"min":0.0244329627603,"var":0.00253590452485},"barkbands_kurtosis":{"dmean":4.90358638763,"dmean2":7.92555522919,"dvar":55.4988899231,"dvar2":143.54788208,"max":197.127243042,"mean":10.0504512787,"median":6.20680856705,"min":-1.90900290012,"var":156.299331665},"barkbands_skewness":{"dmean":0.622727096081,"dmean2":0.989230155945,"dvar":0.405662894249,"dvar2":1.02502655983,"max":11.6584129333,"mean":2.29070162773,"median":2.15533971786,"min":-2.16102981567,"var":1.7310603857},"barkbands_spread":{"dmean":3.45466709137,"dmean2":5.38353395462,"dvar":23.4656257629,"dvar2":48.8370018005,"max":96.3252868652,"mean":12.2650957108,"median":9.64002799988,"min":0.672653973103,"var":103.792877197},"dissonance":{"dmean":0.0228596907109,"dmean2":0.0376355238259,"dvar":0.000486687145894,"dvar2":0.00126625457779,"max":0.499999940395,"mean":0.446374416351,"median":0.457332372665,"min":0.18638792634,"var":0.00160934985615},"dynamic_complexity":4.05036449432,"erbbands":{"dmean":[0.0384936705232,0.591438412666,2.3254506588,6.64667654037,10.3492918015,12.6188707352,9.49054145813,11.4935312271,16.0555400848,18.8781929016,12.9605741501,10.8562259674,9.63966178894,5.38700580597,6.73112773895,4.9326210022,5.86752462387,7.19028043747,3.67850160599,6.21325302124,2.7439789772,2.65654420853,2.02255821228,2.98282408714,1.39034593105,1.18536520004,0.952120423317,0.94324940443,0.92316365242,0.966061711311,0.886818289757,0.682561635971,0.315541267395,0.104882113636,0.0298129506409,0.0109630590305,0.00627263356,0.00304918806069,0.000464872835437,0.0000203818617592],"dmean2":[0.0592360682786,1.00548648834,4.19013547897,11.6189575195,17.279384613,19.3373565674,14.5255556107,17.2066574097,25.4820404053,29.5580825806,19.7829093933,16.7815475464,15.2339506149,8.44620513916,10.5820827484,8.00287628174,8.90769577026,11.2419452667,5.82658433914,9.57803058624,4.39378404617,4.25111913681,3.22081542015,4.76195812225,2.18919587135,1.83252966404,1.42341303825,1.42035257816,1.34287059307,1.38597738743,1.2510818243,0.999915778637,0.453366786242,0.150488451123,0.0417539924383,0.0153310000896,0.00889013241976,0.00435756705701,0.000657572236378,0.0000305597095576],"dvar":[0.00620633270591,1.46177089214,27.0108604431,125.170288086,306.432769775,955.144165039,477.270629883,527.704772949,1311.09240723,2392.98876953,1681.22363281,804.718811035,787.679077148,91.455909729,131.072128296,101.954238892,271.314910889,701.717773438,41.0076942444,115.38217926,24.2102508545,27.5869064331,22.3233680725,102.319450378,20.8072566986,12.2246761322,8.00402641296,8.24673748016,12.4669961929,26.94024086,27.0478649139,23.090631485,5.06480979919,0.461270451546,0.0258118677884,0.0016470059054,0.000147378828842,0.0000313709206239,7.14488919584e-7,8.95993446104e-10],"dvar2":[0.0133928544819,3.93621850014,77.8331298828,350.697906494,847.529418945,2293.46264648,1146.8260498,1158.16052246,3361.92675781,6025.68359375,4052.11889648,2150.83105469,1925.64550781,233.462615967,315.065246582,270.109954834,667.224304199,1681.99621582,98.7974853516,264.984191895,61.8924102783,68.271987915,55.8109855652,256.966430664,46.8226890564,25.430185318,15.3337421417,16.3386859894,23.51379776,51.5110054016,51.9815597534,50.6053962708,10.3078260422,0.968393981457,0.0527907051146,0.00312111573294,0.000325579021592,0.0000726073412807,0.0000016044871245,2.10521156063e-9],"max":[1.06789958477,13.8978500366,54.376537323,110.610389709,340.60949707,648.773010254,771.862976074,565.298461914,1071.49816895,1181.79785156,1186.54626465,745.70300293,807.731201172,260.741424561,397.477935791,372.832305908,906.343139648,1339.3807373,266.784912109,185.749023438,173.114898682,265.355560303,217.387557983,338.873748779,298.938751221,226.579925537,206.870697021,136.941329956,154.262985229,232.868392944,306.829803467,314.153717041,126.143112183,39.0909080505,10.7518968582,1.95355010033,0.354389518499,0.0791254714131,0.0140979457647,0.000414832436945],"mean":[0.0586948059499,0.861409306526,2.97523975372,9.18524551392,18.61835289,25.2349090576,20.3350982666,24.8812065125,30.5106220245,34.9390945435,26.7424468994,22.5048408508,18.3792190552,11.2121162415,13.0022878647,9.11699199677,11.6504249573,14.2904396057,7.54817152023,11.1846227646,5.27088546753,5.30894136429,3.91929841042,5.54502534866,2.82257914543,2.43883800507,1.84699177742,1.87382042408,1.7991900444,1.87841129303,1.65049958229,1.20471048355,0.520464241505,0.170366004109,0.0518931336701,0.0177561361343,0.00802937988192,0.00359360850416,0.000543122994713,0.0000440998337581],"median":[0.0192131176591,0.405323624611,1.73348224163,5.21943569183,8.79829788208,6.81343650818,7.16940021515,8.87487411499,8.50258731842,8.05955219269,4.67613172531,5.40523052216,5.25357723236,5.63971996307,6.15799999237,4.34819221497,4.81281137466,4.0812330246,4.07223415375,5.43423128128,3.05510354042,2.96633005142,2.11931753159,1.39456582069,0.910031557083,0.864086031914,0.676898121834,0.569391012192,0.590742886066,0.522868216038,0.428142696619,0.244513019919,0.111510708928,0.0448517166078,0.0171726942062,0.00575676187873,0.00215010019019,0.00076817208901,0.0000752432679292,0.0000347702589352],"min":[9.20109878692e-23,5.73167047662e-22,1.52366153864e-21,4.30926323627e-21,1.28586332899e-20,2.00211247827e-20,4.07362217875e-20,6.54282222318e-20,1.20633991357e-19,1.19469023787e-19,2.15957070226e-19,3.30761170175e-19,4.40375862077e-19,6.10870194033e-19,9.0302687087e-19,5.61153382195e-19,1.6259419876e-18,2.16053806414e-18,2.78584193948e-18,3.7521226914e-18,3.44490181484e-18,2.99791326415e-18,3.85006997492e-18,7.2356730728e-18,7.87085844774e-18,7.59008522369e-18,8.75615263422e-18,1.0029540939e-17,8.26564032124e-18,1.13816553313e-17,1.10333237851e-17,9.47805466149e-18,8.4547197472e-18,8.61093528743e-18,5.74367871654e-18,3.65850652558e-18,2.42478752827e-18,8.15330474796e-19,2.37691202047e-19,2.63590133322e-20],"var":[0.00964643340558,1.55958616734,20.0812091827,131.50177002,672.572631836,2487.44287109,1486.16235352,1763.93994141,3293.82666016,5759.75439453,4586.72558594,2752.50537109,2041.04370117,264.95892334,395.401519775,187.196258545,545.878417969,2341.32055664,119.370437622,261.479522705,48.0974159241,58.074054718,36.1595115662,263.763702393,51.2598800659,32.7937164307,20.0041027069,22.1094856262,31.8692207336,74.8600387573,75.1711502075,59.1916885376,11.4242229462,0.870506942272,0.0614814572036,0.00446304492652,0.000233873332036,0.0000398950433009,9.50630180796e-7,1.40814870875e-9]},"erbbands_crest":{"dmean":2.54519844055,"dmean2":4.03996801376,"dvar":5.76285600662,"dvar2":14.2877464294,"max":27.5458679199,"mean":9.48909378052,"median":8.48176193237,"min":2.34307694435,"var":18.2600250244},"erbbands_flatness_db":{"dmean":0.020245987922,"dmean2":0.0267392918468,"dvar":0.000375454168534,"dvar2":0.000662214006297,"max":0.333020150661,"mean":0.166340827942,"median":0.162979707122,"min":0.03267121315,"var":0.00237019313499},"erbbands_kurtosis":{"dmean":1.2573274374,"dmean2":1.93864524364,"dvar":3.71530032158,"dvar2":8.32768344879,"max":46.1811790466,"mean":1.62961137295,"median":0.168613195419,"min":-1.85829508305,"var":15.9983978271},"erbbands_skewness":{"dmean":0.371048182249,"dmean2":0.559986889362,"dvar":0.120827451348,"dvar2":0.263186395168,"max":5.91280555725,"mean":0.712570428848,"median":0.615485668182,"min":-3.20762944221,"var":0.993910908699},"erbbands_spread":{"dmean":7.19807338715,"dmean2":10.8624649048,"dvar":66.1355056763,"dvar2":142.471893311,"max":151.420349121,"mean":34.9792289734,"median":33.2357711792,"min":3.56113886833,"var":311.877868652},"gfcc":{"cov":[[17153.1679688,745.434326172,-1124.82971191,290.324584961,-985.547058105,37.7064437866,-420.168518066,-21.5586109161,-177.174667358,-89.1833496094,-177.09916687,-37.7200431824,-217.263671875],[745.434326172,1125.18908691,-333.957611084,-176.441452026,-84.9964065552,-133.850662231,-56.2068634033,-69.3087768555,44.5347175598,-114.668380737,35.2069702148,-85.3555984497,25.7980442047],[-1124.82971191,-333.957611084,765.646240234,47.1616783142,125.558403015,58.7215042114,57.3167190552,52.3128585815,91.5254898071,93.7141113281,16.3901195526,106.025741577,20.4341945648],[290.324584961,-176.441452026,47.1616783142,372.003753662,22.111207962,16.641160965,4.62136793137,41.1550292969,-18.9516868591,20.0495758057,19.9177188873,26.5879230499,28.8492660522],[-985.547058105,-84.9964065552,125.558403015,22.111207962,438.278656006,117.816947937,89.3481674194,-2.84511041641,16.1950340271,74.3080673218,4.70378541946,36.3747901917,41.0297203064],[37.7064437866,-133.850662231,58.7215042114,16.641160965,117.816947937,196.722213745,63.0709457397,26.8948421478,19.8034172058,49.7353591919,-2.0664460659,12.3365716934,-0.939850449562],[-420.168518066,-56.2068634033,57.3167190552,4.62136793137,89.3481674194,63.0709457397,184.404876709,89.7562255859,19.1935386658,31.4159889221,24.3060379028,10.7401008606,1.78097629547],[-21.5586109161,-69.3087768555,52.3128585815,41.1550292969,-2.84511041641,26.8948421478,89.7562255859,144.942703247,51.3622779846,21.499786377,10.4529666901,19.1779823303,1.24031674862],[-177.174667358,44.5347175598,91.5254898071,-18.9516868591,16.1950340271,19.8034172058,19.1935386658,51.3622779846,118.209770203,39.9074478149,8.32887554169,5.61278104782,12.1838569641],[-89.1833496094,-114.668380737,93.7141113281,20.0495758057,74.3080673218,49.7353591919,31.4159889221,21.499786377,39.9074478149,100.977371216,25.0560379028,19.1293125153,2.2220184803],[-177.09916687,35.2069702148,16.3901195526,19.9177188873,4.70378541946,-2.0664460659,24.3060379028,10.4529666901,8.32887554169,25.0560379028,71.7297363281,22.851228714,6.35150575638],[-37.7200431824,-85.3555984497,106.025741577,26.5879230499,36.3747901917,12.3365716934,10.7401008606,19.1779823303,5.61278104782,19.1293125153,22.851228714,82.0637664795,28.5326976776],[-217.263671875,25.7980442047,20.4341945648,28.8492660522,41.0297203064,-0.939850449562,1.78097629547,1.24031674862,12.1838569641,2.2220184803,6.35150575638,28.5326976776,70.4742736816]],"icov":[[0.00011030708265,-0.000196032808162,0.000144655394251,-0.000182214265806,0.00028713780921,-0.000245107337832,0.000150147185195,-0.0000954976712819,0.000217467430048,-0.000475623382954,0.000615302473307,-0.000595365243498,0.000434908171883],[-0.000196032808162,0.00202904874459,0.000245252012974,0.000849393603858,-0.000792210863438,0.0010083335219,-0.000292431708658,0.000860105908941,-0.00221853633411,0.0029621059075,-0.00310205039568,0.00237854314037,-0.0016922687646],[0.000144655394251,0.000245252012974,0.00229552784003,-0.000354294345016,0.000153571250848,0.0000311376898026,-0.00040232995525,0.000730277330149,-0.00176777737215,-0.000844942696858,0.00123444758356,-0.00318177230656,0.00125313852914],[-0.000182214265806,0.000849393603858,-0.000354294345016,0.00369902397506,-0.000660185003653,0.000277526298305,0.00094252609415,-0.00171802612022,0.00102458125912,0.000742419855669,-0.00260956143029,0.00199777609669,-0.00266388896853],[0.00028713780921,-0.000792210863438,0.000153571250848,-0.000660185003653,0.00438251812011,-0.00195241556503,-0.00158452393953,0.00149999500718,0.000940331781749,-0.0034236679785,0.00312597723678,-0.00242560054176,-0.000517241773196],[-0.000245107337832,0.0010083335219,0.0000311376898026,0.000277526298305,-0.00195241556503,0.00777144730091,-0.00209904741496,0.000704786216374,-0.00156777538359,-0.000561156019103,-0.000128960222355,0.000897258229088,-0.0000293306638923],[0.000150147185195,-0.000292431708658,-0.00040232995525,0.00094252609415,-0.00158452393953,-0.00209904741496,0.0111691998318,-0.00796039588749,0.00332389143296,-0.000547188974451,-0.00312419305556,0.00220619724132,-0.000115935508802],[-0.0000954976712819,0.000860105908941,0.000730277330149,-0.00171802612022,0.00149999500718,0.000704786216374,-0.00796039588749,0.0151464808732,-0.00756232859567,0.00165061128791,0.00137321313377,-0.0035894617904,0.00153784477152],[0.000217467430048,-0.00221853633411,-0.00176777737215,0.00102458125912,0.000940331781749,-0.00156777538359,0.00332389143296,-0.00756232859567,0.0166280716658,-0.00758891925216,0.0019665195141,0.00185087998398,-0.00250560999848],[-0.000475623382954,0.0029621059075,-0.000844942696858,0.000742419855669,-0.0034236679785,-0.000561156019103,-0.000547188974451,0.00165061128791,-0.00758891925216,0.0209079496562,-0.0100171044469,0.0036278788466,-0.000552226847503],[0.000615302473307,-0.00310205039568,0.00123444758356,-0.00260956143029,0.00312597723678,-0.000128960222355,-0.00312419305556,0.00137321313377,0.0019665195141,-0.0100171044469,0.0244955737144,-0.0110596371815,0.00422177230939],[-0.000595365243498,0.00237854314037,-0.00318177230656,0.00199777609669,-0.00242560054176,0.000897258229088,0.00220619724132,-0.0035894617904,0.00185087998398,0.0036278788466,-0.0110596371815,0.0252067558467,-0.010812824592],[0.000434908171883,-0.0016922687646,0.00125313852914,-0.00266388896853,-0.000517241773196,-0.0000293306638923,-0.000115935508802,0.00153784477152,-0.00250560999848,-0.000552226847503,0.00422177230939,-0.010812824592,0.0216014236212]],"mean":[-48.720916748,120.285392761,-97.3906097412,26.6854877472,-53.9216842651,6.52994060516,-37.7365570068,-6.8355755806,-17.446516037,-8.10076904297,-15.5649175644,-3.91647195816,-12.9766454697]},"hfc":{"dmean":3.14864826202,"dmean2":4.77008295059,"dvar":24.4366874695,"dvar2":52.9322814941,"max":192.151443481,"mean":11.0068454742,"median":8.11689662933,"min":1.06758570217e-16,"var":104.740859985},"melbands":{"dmean":[0.000470572384074,0.00105731794611,0.00122925825417,0.000792223901954,0.000385839230148,0.000255803024629,0.000242970665568,0.000194641208509,0.000102983285615,0.0000710177700967,0.0000490895617986,0.0000229218603636,0.0000255052091234,0.0000185038734344,0.0000136120634124,0.0000153203382069,0.0000129856134663,0.00000660207524561,0.00000694179698257,0.0000067789555942,0.0000029329823974,0.00000281789016299,0.00000264949494522,0.00000174238721229,0.0000027671328553,0.00000150788628162,6.51651873795e-7,9.03237435068e-7,7.3818017654e-7,5.25599830326e-7,5.68768200537e-7,5.22781931522e-7,6.11305836173e-7,5.71676935124e-7,5.632406328e-7,4.70392848229e-7,4.27842820727e-7,2.71193499657e-7,1.27746233147e-7,7.55332791869e-8],"dmean2":[0.000749920669477,0.00186774483882,0.00212871003896,0.00126010831445,0.000586392765399,0.000385313964216,0.000386783998692,0.000304034736473,0.000156172958668,0.000110156594019,0.0000778016692493,0.0000360678932338,0.0000398522461182,0.000030470713682,0.0000212602171814,0.0000230936766457,0.0000203659128601,0.0000104933415059,0.0000107924652184,0.0000104960708995,0.0000047788912525,0.00000455845247416,0.00000417920500695,0.00000284517545879,0.00000443918133897,0.00000241226439357,0.00000102711135241,0.00000141934276598,0.00000113804469493,8.12519999727e-7,8.65522963522e-7,7.79793708716e-7,8.99742190086e-7,8.3349544866e-7,8.06458047009e-7,6.99115958014e-7,6.44754663881e-7,3.97862635282e-7,1.84821800531e-7,1.10223673744e-7],"dvar":[8.53878816542e-7,0.00000515563442605,0.00000372483532374,0.00000238266670749,7.92759578871e-7,2.50049311035e-7,2.76730531823e-7,2.55889005984e-7,9.72330909121e-8,3.59682807982e-8,2.00390637417e-8,1.71121894432e-9,2.23168949987e-9,1.66568447924e-9,1.42569267503e-9,2.69751065929e-9,1.9871380097e-9,1.46321940675e-10,1.30438312929e-10,1.38369732339e-10,3.63312921414e-11,3.26634518044e-11,2.784851863e-11,1.96985604911e-11,9.67561447629e-11,3.07937633726e-11,3.69927265903e-12,7.26688804617e-12,5.29896872908e-12,2.8748470618e-12,2.84095576925e-12,3.65642629022e-12,6.0018934267e-12,1.13959536252e-11,1.07038935007e-11,8.51964332416e-12,1.19765386844e-11,4.50775094335e-12,6.2402052926e-13,2.27981262341e-13],"dvar2":[0.00000207460607271,0.0000146106467582,0.0000103623888208,0.00000605872810411,0.00000190316279713,5.52229664663e-7,7.15281885277e-7,6.4230357566e-7,2.35060966247e-7,9.33483121912e-8,4.90607554582e-8,4.4003112265e-9,5.29735366683e-9,4.50845227817e-9,3.81696674268e-9,5.64199753583e-9,4.81538631192e-9,3.4279160066e-10,3.04906044857e-10,3.06024844354e-10,9.54679252319e-11,8.25791726666e-11,6.57299562001e-11,5.06260207367e-11,2.4474558491e-10,7.35929928108e-11,8.08815774772e-12,1.56193287471e-11,1.18933838472e-11,6.07055681764e-12,5.71928008425e-12,7.20577026866e-12,1.11784947618e-11,2.40606683882e-11,2.09635902387e-11,1.89084910923e-11,2.79362661476e-11,9.51692977896e-12,1.30404183545e-12,4.93888350356e-13],"max":[0.0108693996444,0.0221722684801,0.0222680605948,0.0384454168379,0.0242211632431,0.0121917137876,0.0141922403127,0.0112672634423,0.00776277109981,0.00435068039224,0.00407056277618,0.00103608961217,0.00152099994011,0.000772018451244,0.00222253776155,0.00258030090481,0.0022130489815,0.000617081124801,0.000172777596163,0.000381345947972,0.000251436751569,0.000277747982182,0.000269758456852,0.000209347490454,0.000327538698912,0.000360723817721,0.000135484238854,0.000157914924785,0.000168541504536,0.0000757168600103,0.0000770074402681,0.0000754684006097,0.0000961083715083,0.000145967933349,0.000212328435737,0.000109105640149,0.000255761202425,0.000120073229482,0.0000426716178481,0.0000273787009064],"mean":[0.000732811109629,0.00145615485962,0.00188071315642,0.00161151972134,0.000829786004033,0.000565857684705,0.000462865573354,0.000362230668543,0.000212670187466,0.000141722150147,0.000091137146228,0.00004526885823,0.0000477148278151,0.0000297786245937,0.0000241644083872,0.0000294686633424,0.0000249271088251,0.000012127451555,0.0000125191627376,0.0000120221320685,0.00000502301463712,0.00000521637139173,0.0000048847277867,0.00000278434390566,0.0000049262102948,0.00000279154301097,0.0000012805373899,0.0000017284853584,0.00000127824432639,9.83972427093e-7,0.00000108188510239,9.54363258643e-7,0.00000110524013053,0.00000103213312741,9.97295842353e-7,8.07747142062e-7,7.17197167432e-7,4.27335919539e-7,1.94090631567e-7,1.19151309264e-7],"median":[0.000310445961077,0.000906533619855,0.00111214327626,0.000642412691377,0.000266269169515,0.000204848387511,0.000134532165248,0.0000743280397728,0.0000356880736945,0.0000330901057168,0.0000257403844444,0.0000221193949983,0.0000210333819268,0.0000099469707493,0.00000969505526882,0.00000862716478878,0.00000689837543177,0.00000575180547457,0.00000639677045911,0.00000594133871346,0.00000227866871683,0.00000261816535385,0.0000023502723252,0.00000131380727453,0.00000100611055132,7.32784997126e-7,4.71939500812e-7,5.63583512303e-7,4.79379423268e-7,2.71999113011e-7,3.35181766786e-7,3.0762220149e-7,3.40763619988e-7,2.63576396264e-7,2.62757083647e-7,1.77469217988e-7,1.30993683456e-7,8.05682418559e-8,5.00034396111e-8,3.20265485243e-8],"min":[8.91835948168e-25,8.98815789457e-25,1.1183831923e-24,1.28259869061e-24,1.20692770131e-24,1.43969107077e-24,2.11659821682e-24,1.07324900864e-24,1.46484794364e-24,1.57380274946e-24,1.9530068061e-24,2.24935660464e-24,2.77308037354e-24,1.30448543921e-24,1.9564482118e-24,2.60596196571e-24,3.43051744638e-24,2.80414039118e-24,3.58918340683e-24,3.84811911036e-24,3.17382289668e-24,2.42757369377e-24,4.20625643931e-24,3.06270513287e-24,5.35739855981e-24,4.53219838256e-24,5.48261800117e-24,4.19363348153e-24,5.08401644652e-24,4.94117621912e-24,5.3111251624e-24,4.23268880166e-24,5.63010816917e-24,5.49955957797e-24,5.39080248041e-24,5.7215631805e-24,5.47326921058e-24,4.60366878614e-24,6.17208124904e-24,6.41670109929e-24],"var":[0.0000011809274838,0.00000418988429374,0.00000474317585031,0.00000634486377749,0.00000243220870288,8.63147022301e-7,7.14847601557e-7,6.39719530682e-7,2.85997685978e-7,1.16649687243e-7,5.1297821102e-8,4.52204673707e-9,6.29382235218e-9,2.91271673447e-9,2.1657073912e-9,8.00783528376e-9,6.61756338616e-9,4.10101896886e-10,2.94112678656e-10,3.04090863601e-10,6.86339249323e-11,6.74353559105e-11,5.52771890761e-11,2.3212140543e-11,2.46376863355e-10,6.28357435528e-11,9.57049977462e-12,1.80479260009e-11,9.78094428367e-12,7.02929771682e-12,7.24302692476e-12,8.48229386036e-12,1.61848017627e-11,2.79630485434e-11,2.78117581048e-11,2.03264939602e-11,2.74392383814e-11,9.34738224323e-12,1.13744940116e-12,4.06927069081e-13]},"melbands_crest":{"dmean":3.27593946457,"dmean2":5.48855018616,"dvar":8.4751663208,"dvar2":23.0457515717,"max":31.636516571,"mean":14.8953990936,"median":14.3322134018,"min":1.00090301037,"var":24.4406852722},"melbands_flatness_db":{"dmean":0.027316486463,"dmean2":0.0425042845309,"dvar":0.000660289428197,"dvar2":0.00153666676488,"max":0.478361427784,"mean":0.260429620743,"median":0.260886758566,"min":3.53775760686e-7,"var":0.00393579714},"melbands_kurtosis":{"dmean":9.56816196442,"dmean2":15.7029762268,"dvar":230.150466919,"dvar2":622.353881836,"max":270.49118042,"mean":20.5105190277,"median":13.5654067993,"min":-1.78582119942,"var":519.191223145},"melbands_skewness":{"dmean":0.801951289177,"dmean2":1.28889799118,"dvar":0.720847547054,"dvar2":1.8607339859,"max":13.5531158447,"mean":3.1684923172,"median":3.01384878159,"min":-0.458680421114,"var":2.73039364815},"melbands_spread":{"dmean":3.85099005699,"dmean2":6.12945508957,"dvar":38.7345581055,"dvar2":85.1783828735,"max":202.523468018,"mean":12.4837875366,"median":9.16738605499,"min":0.842887818813,"var":231.434829712},"mfcc":{"cov":[[6742.81005859,449.633209229,15.8511266708,74.2493743896,-336.285217285,-128.294937134,-220.634567261,18.2674617767,-152.584915161,1.90216910839,-44.5027656555,-27.4616985321,-89.5946350098],[449.633209229,1299.6151123,-139.123641968,-106.897209167,-23.7057247162,-50.5381965637,-103.719284058,-4.1533203125,-43.9786148071,-16.0542964935,-10.2762441635,-26.8613948822,1.20417630672],[15.8511266708,-139.123641968,525.602966309,64.9271621704,10.8851919174,-6.0176410675,-58.9264297485,33.5644493103,12.3544540405,13.9202022552,21.1904067993,39.7667694092,37.5053901672],[74.2493743896,-106.897209167,64.9271621704,294.259979248,59.012588501,-1.9410046339,34.7951545715,9.24386024475,15.7310209274,-21.4039287567,1.45568692684,-0.0656405612826,19.3987865448],[-336.285217285,-23.7057247162,10.8851919174,59.012588501,245.401535034,130.605026245,39.9261398315,-13.5715446472,45.2425422668,10.0571613312,-2.38208293915,2.42708301544,13.6254615784],[-128.294937134,-50.5381965637,-6.0176410675,-1.9410046339,130.605026245,182.938766479,75.752204895,-12.8957681656,28.5207271576,19.4408130646,7.14330482483,9.20383548737,0.267524600029],[-220.634567261,-103.719284058,-58.9264297485,34.7951545715,39.9261398315,75.752204895,184.756698608,41.8190231323,41.4908065796,24.2715167999,17.5276565552,24.2453384399,6.54171228409],[18.2674617767,-4.1533203125,33.5644493103,9.24386024475,-13.5715446472,-12.8957681656,41.8190231323,112.728424072,42.1244544983,20.1837291718,14.8821897507,20.1878242493,9.54022789001],[-152.584915161,-43.9786148071,12.3544540405,15.7310209274,45.2425422668,28.5207271576,41.4908065796,42.1244544983,113.111801147,52.4907493591,10.5421037674,16.4134998322,13.417550087],[1.90216910839,-16.0542964935,13.9202022552,-21.4039287567,10.0571613312,19.4408130646,24.2715167999,20.1837291718,52.4907493591,113.445106506,44.7865028381,13.5436458588,0.498030602932],[-44.5027656555,-10.2762441635,21.1904067993,1.45568692684,-2.38208293915,7.14330482483,17.5276565552,14.8821897507,10.5421037674,44.7865028381,85.1918945312,36.104183197,-4.82953834534],[-27.4616985321,-26.8613948822,39.7667694092,-0.0656405612826,2.42708301544,9.20383548737,24.2453384399,20.1878242493,16.4134998322,13.5436458588,36.104183197,71.3495101929,22.9578018188],[-89.5946350098,1.20417630672,37.5053901672,19.3987865448,13.6254615784,0.267524600029,6.54171228409,9.54022789001,13.417550087,0.498030602932,-4.82953834534,22.9578018188,74.3384475708]],"icov":[[0.000188143923879,-0.0000597671532887,0.0000311243566102,-0.000233626065892,0.000355891272193,-0.000288825336611,0.000301511056023,-0.000191760685993,0.000263275083853,-0.000298464350635,0.000337650999427,-0.000249203410931,0.000260249100393],[-0.0000597671532887,0.00089864601614,0.00029856551555,0.00031002148171,-0.000288790703053,0.000152351654833,0.000493653409649,-0.000344915053574,0.000212373648537,0.0000843750094646,-0.000274251156952,0.000273810524959,-0.000406190520152],[0.0000311243566102,0.00029856551555,0.00247924681753,-0.000660732737742,0.000138254603371,-0.000696642266121,0.00180891144555,-0.00118379760534,0.000367528497009,-0.000488486373797,0.0000254090937233,-0.00121178664267,-0.000763012038078],[-0.000233626065892,0.00031002148171,-0.000660732737742,0.00461975717917,-0.00205978006124,0.00211326684803,-0.00181339331903,0.000519693596289,-0.000876378559042,0.00198741513304,-0.00168866827153,0.00172924564686,-0.0011948448373],[0.000355891272193,-0.000288790703053,0.000138254603371,-0.00205978006124,0.00855533126742,-0.00638079456985,0.00176520610694,0.000390118948417,-0.00203440361656,0.000121147466416,0.000641417514998,0.0000372384965885,-0.000452629261417],[-0.000288825336611,0.000152351654833,-0.000696642266121,0.00211326684803,-0.00638079456985,0.0121920537204,-0.00502442428842,0.00267960387282,-0.000206154829357,-0.00012076292478,-0.000527072348632,0.0000545064831385,0.000660299498122],[0.000301511056023,0.000493653409649,0.00180891144555,-0.00181339331903,0.00176520610694,-0.00502442428842,0.00997660495341,-0.00384558038786,-0.000225894662435,-0.00104936375283,0.000508823199198,-0.00244860094972,0.000063150517235],[-0.000191760685993,-0.000344915053574,-0.00118379760534,0.000519693596289,0.000390118948417,0.00267960387282,-0.00384558038786,0.0128816226497,-0.00479008769616,0.0010009475518,-0.00118725618813,-0.000672464258969,-0.00017138144176],[0.000263275083853,0.000212373648537,0.000367528497009,-0.000876378559042,-0.00203440361656,-0.000206154829357,-0.000225894662435,-0.00479008769616,0.0156654901803,-0.00761556299403,0.00408293819055,-0.0026114853099,-0.000339356949553],[-0.000298464350635,0.0000843750094646,-0.000488486373797,0.00198741513304,0.000121147466416,-0.00012076292478,-0.00104936375283,0.0010009475518,-0.00761556299403,0.0160361677408,-0.00930765364319,0.00411134352908,-0.00129840453155],[0.000337650999427,-0.000274251156952,0.0000254090937233,-0.00168866827153,0.000641417514998,-0.000527072348632,0.000508823199198,-0.00118725618813,0.00408293819055,-0.00930765364319,0.0216453112662,-0.0115564269945,0.00513174710795],[-0.000249203410931,0.000273810524959,-0.00121178664267,0.00172924564686,0.0000372384965885,0.0000545064831385,-0.00244860094972,-0.000672464258969,-0.0026114853099,0.00411134352908,-0.0115564269945,0.0237969886512,-0.00750605948269],[0.000260249100393,-0.000406190520152,-0.000763012038078,-0.0011948448373,-0.000452629261417,0.000660299498122,0.000063150517235,-0.00017138144176,-0.000339356949553,-0.00129840453155,0.00513174710795,-0.00750605948269,0.0172874312848]],"mean":[-690.200805664,149.785522461,15.0541286469,22.6459388733,5.24264287949,10.2482728958,-8.81217288971,3.147554636,-6.08831548691,-0.890357077122,-5.52323007584,-3.27674174309,-4.1339507103]},"pitch_salience":{"dmean":0.0751005485654,"dmean2":0.124419607222,"dvar":0.00442337989807,"dvar2":0.0122627252713,"max":0.996086835861,"mean":0.556583046913,"median":0.56462430954,"min":0.168440356851,"var":0.0115892942995},"silence_rate_20dB":{"dmean":0,"dmean2":0,"dvar":0,"dvar2":0,"max":1,"mean":1,"median":1,"min":1,"var":0},"silence_rate_30dB":{"dmean":0.00181611801963,"dmean2":0.00363251101226,"dvar":0.00181297073141,"dvar2":0.00498120114207,"max":1,"mean":0.998865008354,"median":1,"min":0,"var":0.00113353773486},"silence_rate_60dB":{"dmean":0.0157396905124,"dmean2":0.0314817614853,"dvar":0.0154886720702,"dvar2":0.0368363782763,"max":1,"mean":0.0496368035674,"median":0,"min":0,"var":0.0471695922315},"spectral_centroid":{"dmean":157.83114624,"dmean2":249.4818573,"dvar":51212.7226562,"dvar2":115859.164062,"max":11809.2109375,"mean":804.334289551,"median":603.153198242,"min":195.554855347,"var":1064462},"spectral_complexity":{"dmean":2.13893294334,"dmean2":3.40472221375,"dvar":5.53122997284,"dvar2":11.8905639648,"max":38,"mean":12.2428121567,"median":12,"min":0,"var":29.3150463104},"spectral_contrast_coeffs":{"dmean":[0.0539301224053,0.0448462665081,0.0362869650126,0.0294486749917,0.0203010812402,0.0156336836517],"dmean2":[0.0886369049549,0.072098493576,0.0580949410796,0.0468206852674,0.032584913075,0.0245732720941],"dvar":[0.00196915143169,0.00143662164919,0.000886772992089,0.000580006919336,0.000294065161142,0.000218975255848],"dvar2":[0.00509007135406,0.00367743032984,0.0022304574959,0.00138902221806,0.000691189954523,0.000513734179549],"max":[-0.260868281126,-0.39694416523,-0.48785752058,-0.502994656563,-0.648071467876,-0.627934873104],"mean":[-0.589076459408,-0.706504762173,-0.761436164379,-0.769158780575,-0.801264941692,-0.777656316757],"median":[-0.592000305653,-0.712469220161,-0.763298988342,-0.770983815193,-0.804661214352,-0.781688094139],"min":[-0.97874134779,-0.997120141983,-0.998677253723,-0.994129419327,-0.99360114336,-0.972407400608],"var":[0.0114995436743,0.00736162438989,0.00414700433612,0.00344970147125,0.00170758506283,0.00149776018225]},"spectral_contrast_valleys":{"dmean":[0.433318376541,0.386876225471,0.345376133919,0.291882753372,0.268811643124,0.340933293104],"dmean2":[0.715084075928,0.623247683048,0.54186630249,0.443225622177,0.373806238174,0.401475131512],"dvar":[0.147618696094,0.150505453348,0.119482822716,0.0842003971338,0.0967833921313,0.147698417306],"dvar2":[0.348670065403,0.356787234545,0.265393018723,0.162773787975,0.163065165281,0.245372667909],"max":[-5.0589556694,-4.58440876007,-5.48401498795,-6.18729686737,-6.20695209503,-7.48412942886],"mean":[-7.43279266357,-7.02568244934,-7.90258359909,-8.42732524872,-8.53506851196,-10.9466409683],"median":[-7.15300130844,-6.84264945984,-7.71295452118,-8.2004032135,-8.34104061127,-10.6997890472],"min":[-27.9780445099,-27.95611763,-27.8152103424,-27.7194900513,-27.5166416168,-27.4092884064],"var":[4.234167099,4.34506320953,3.98299908638,3.71473693848,3.77421069145,3.21822094917]},"spectral_decrease":{"dmean":2.47669462716e-9,"dmean2":4.06554301335e-9,"dvar":1.21976383999e-17,"dvar2":3.18987644852e-17,"max":2.49385991456e-27,"mean":-6.89805368381e-9,"median":-5.09681008509e-9,"min":-3.94111978608e-8,"var":3.12930465924e-17},"spectral_energy":{"dmean":0.00957069639117,"dmean2":0.015698576346,"dvar":0.000181035968126,"dvar2":0.000472722429549,"max":0.152079701424,"mean":0.0270331595093,"median":0.0201625786722,"min":1.0068892357e-20,"var":0.000472701736726},"spectral_energyband_high":{"dmean":0.00011105525482,"dmean2":0.000149797546328,"dvar":2.28824021065e-7,"dvar2":3.86856214618e-7,"max":0.0246030520648,"mean":0.000247085292358,"median":0.0000819683336886,"min":7.06303675665e-21,"var":7.73894441863e-7},"spectral_energyband_low":{"dmean":0.00506545836106,"dmean2":0.00869459472597,"dvar":0.0000886747147888,"dvar2":0.000242864014581,"max":0.0924094319344,"mean":0.0080472426489,"median":0.00566101213917,"min":1.68530003426e-23,"var":0.0000851222066558},"spectral_energyband_middle_high":{"dmean":0.00062916794559,"dmean2":0.000961018260568,"dvar":0.00000106931940991,"dvar2":0.00000255856889453,"max":0.0372234880924,"mean":0.00196600938216,"median":0.00140065676533,"min":1.08785539466e-21,"var":0.00000437055632574},"spectral_energyband_middle_low":{"dmean":0.00687203602865,"dmean2":0.0111265014857,"dvar":0.0000959042808972,"dvar2":0.000243675924139,"max":0.149954691529,"mean":0.01870669052,"median":0.0111687947065,"min":1.22225275618e-22,"var":0.00035953434417},"spectral_entropy":{"dmean":0.200428202748,"dmean2":0.284926861525,"dvar":0.0388811044395,"dvar2":0.0739520564675,"max":9.8228597641,"mean":7.12381458282,"median":7.14497661591,"min":5.31302070618,"var":0.306335479021},"spectral_flux":{"dmean":0.0246057007462,"dmean2":0.0389424115419,"dvar":0.000924168794882,"dvar2":0.00184784654994,"max":0.285595923662,"mean":0.0722918957472,"median":0.0604516342282,"min":6.36161678891e-11,"var":0.00207834783942},"spectral_kurtosis":{"dmean":2.46364569664,"dmean2":3.96996712685,"dvar":9.11482334137,"dvar2":22.7370567322,"max":57.4332199097,"mean":7.06458616257,"median":5.99462080002,"min":-1.28006803989,"var":25.209274292},"spectral_rms":{"dmean":0.000848970317747,"dmean2":0.00136181560811,"dvar":0.00000101178261502,"dvar2":0.00000251986830335,"max":0.012180740945,"mean":0.00469588954002,"median":0.00443517882377,"min":3.13421597703e-12,"var":0.00000432241495218},"spectral_rolloff":{"dmean":238.809432983,"dmean2":409.53704834,"dvar":333713.28125,"dvar2":733829.8125,"max":19724.4140625,"mean":848.099243164,"median":495.263671875,"min":86.1328125,"var":3463747.25},"spectral_skewness":{"dmean":0.276895940304,"dmean2":0.424648046494,"dvar":0.0794234424829,"dvar2":0.180266112089,"max":5.89640808105,"mean":2.0152964592,"median":1.99162244797,"min":-0.088631786406,"var":0.468446075916},"spectral_spread":{"dmean":545056.8125,"dmean2":724974.9375,"dvar":436018446336,"dvar2":804294885376,"max":42727836,"mean":4370729,"median":3941829,"min":1304715.5,"var":12555068112900},"spectral_strongpeak":{"dmean":0.359611958265,"dmean2":0.615133404732,"dvar":0.358293861151,"dvar2":0.936975896358,"max":10.764995575,"mean":0.709233641624,"median":0.415296852589,"min":0,"var":0.631550550461},"zerocrossingrate":{"dmean":0.00644542323425,"dmean2":0.00792760495096,"dvar":0.0000775635708123,"dvar2":0.0000954224888119,"max":0.5224609375,"mean":0.0380394943058,"median":0.029296875,"min":0.00341796875,"var":0.00232838420197}},"metadata":{"audio_properties":{"analysis_sample_rate":44100,"bit_rate":207012,"codec":"mp3","downmix":"mix","equal_loudness":0,"length":306.834289551,"lossless":false,"md5_encoded":"f3f5541594b4b24e448569ad88481b6a","replay_gain":-8.1459980011,"sample_rate":44100},"tags":{"album":["The Collection"],"albumartist":["Thin Lizzy"],"albumartistsort":["Thin Lizzy"],"artist":["Thin Lizzy"],"artistsort":["Thin Lizzy"],"barcode":["5013428731178"],"catalognumber":["CCSCD 117"],"date":["1987"],"file_name":"10 - A Song for While I'm Away.mp3","label":["Castle Communications"],"media":["CD"],"musicbrainz album release country":["GB"],"musicbrainz album status":["official"],"musicbrainz album type":["album","compilation"],"musicbrainz_albumartistid":["6a726ac6-019e-455c-8bbb-571a77bed52e"],"musicbrainz_albumid":["69b979fb-f650-4461-9bb3-39f51484ecef"],"musicbrainz_artistid":["6a726ac6-019e-455c-8bbb-571a77bed52e"],"musicbrainz_recordingid":["b5fefaa5-823e-4f8a-9d9b-06eaa5c1b8c4"],"musicbrainz_releasegroupid":["c91cca6a-f7d7-3460-9ce0-5f204b4b9e36"],"originaldate":["1987"],"script":["Latn"],"title":["A Song for While I'm Away"],"tracknumber":["10/17"]},"version":{"essentia":"2.1-beta2","essentia_build_sha":"70f2e5ece6736b2c40cc944ad0e695b16b925413","essentia_git_sha":"v2.1_beta2","extractor":"music 1.0"}},"rhythm":{"beats_count":582,"beats_loudness":{"dmean":0.0143127916381,"dmean2":0.0243665557355,"dvar":0.000201255883439,"dvar2":0.000521563342772,"max":0.109235584736,"mean":0.0314340889454,"median":0.0273948088288,"min":0,"var":0.000425621372415},"beats_loudness_band_ratio":{"dmean":[0.211150407791,0.197055876255,0.12333817035,0.0407365746796,0.0266073010862,0.0228444766253],"dmean2":[0.35385748744,0.349074065685,0.210778176785,0.0703271701932,0.047711763531,0.0414578355849],"dvar":[0.0258529558778,0.0303313899785,0.0175639558583,0.0023269650992,0.00097006920259