{"lowlevel":{"average_loudness":0.785722374916,"barkbands":{"dmean":[0.000682842335664,0.00409589940682,0.00232285051607,0.00350408256054,0.0048834127374,0.00139449257404,0.000621374580078,0.0005115151871,0.00037516374141,0.000245954521233,0.000260534754489,0.000246764742769,0.000162121999892,0.000176838366315,0.000121831399156,0.0000504323288624,0.0000255753766396,0.0000154449371621,0.00000933388037083,0.00000775349781179,0.00000870413441589,0.00000391243747799,0.00000224978271035,0.00000197957547243,0.00000188868079931,0.00000188997205441,0.00000776511296863],"dmean2":[0.00113636988681,0.00678707519546,0.00385844591074,0.00562154967338,0.00755669083446,0.00214105774648,0.000957333482802,0.000805803749245,0.000601726176683,0.000384837621823,0.000427903054515,0.000398021598812,0.000260941917077,0.000289490853902,0.000198532143258,0.0000815903695184,0.0000407061852457,0.0000244481125264,0.0000149101506395,0.0000123001582324,0.0000141500495374,0.00000631758848613,0.00000369946087631,0.00000329335830429,0.00000314927456202,0.00000313610439662,0.000012007976693],"dvar":[0.00000294455730909,0.0000746338919271,0.0000120401846289,0.0000288814953819,0.0000768330210121,0.000017696964278,0.00000269520387519,0.00000272094780485,0.00000117004515232,5.29973590346e-7,4.77013543332e-7,5.18594447385e-7,1.26428787439e-7,1.35207912422e-7,7.50862270138e-8,1.02191819451e-8,1.99898431141e-9,6.03770367036e-10,2.44103459668e-10,1.63666247222e-10,2.39249869916e-10,4.02610098038e-11,1.68258983135e-11,1.50159884527e-11,1.39943733685e-11,1.34161856971e-11,1.2757164769e-10],"dvar2":[0.00000756383860789,0.000196565481019,0.0000318134261761,0.0000720254174666,0.000172550193383,0.0000379199882445,0.00000611932091488,0.00000632838555248,0.00000276654986919,0.00000114120371109,0.00000119562753298,0.00000134219874326,3.14636707799e-7,3.37344545187e-7,2.02094469159e-7,2.55599790222e-8,4.85687623453e-9,1.39445199832e-9,5.4827392626e-10,3.58429980141e-10,5.87558057763e-10,9.31834054363e-11,4.15528861319e-11,3.71572737856e-11,3.46144675423e-11,3.31907001883e-11,2.84352125179e-10],"max":[0.0251343790442,0.143197193742,0.0652040690184,0.121326372027,0.176182895899,0.27677488327,0.0591787174344,0.0457034297287,0.0234969332814,0.0217281728983,0.0126115949824,0.0186937022954,0.00937562808394,0.00752725359052,0.00621529296041,0.00113450025674,0.000621452636551,0.000312250223942,0.000306916743284,0.000228724224144,0.000392523652408,0.000113274676551,0.0000553862118977,0.0000508297234774,0.0000490324782731,0.0000478885885968,0.000157750706421],"mean":[0.000738719943911,0.00593563960865,0.00324075506069,0.00522947218269,0.00838295836002,0.00296943262219,0.00104718818329,0.000746630772483,0.0005901142722,0.000342080544215,0.000277415121673,0.000346105109202,0.000214073006646,0.00023738022719,0.000177931695362,0.0000543558708159,0.0000286752219836,0.0000183458723768,0.0000112122661449,0.00000912807718123,0.00000926748180063,0.00000454970904684,0.00000238193251789,0.00000184922714652,0.00000169956717855,0.00000182922519798,0.0000119390169857],"median":[0.000174000029801,0.00260718492791,0.00180416344665,0.00266613112763,0.00374268833548,0.00050930166617,0.000217023567529,0.0001498106285,0.000110893903184,0.0000684015030856,0.0000444161269115,0.0000522324553458,0.0000509726269229,0.0000561371998629,0.0000349639485648,0.0000141461923704,0.00000862381239131,0.00000631403690932,0.00000398204156227,0.00000307804748445,0.00000276679838862,0.00000171403371496,9.45880515246e-7,5.19451305081e-7,4.08694290854e-7,5.9960427734e-7,0.00000459805050923],"min":[6.15476558607e-10,1.46981671278e-9,1.33365751775e-9,1.16896869962e-9,1.22857024554e-9,1.46493039921e-10,7.53204651427e-11,5.89648677107e-11,6.46729544918e-11,5.25490588543e-11,5.04840162729e-11,3.4836331736e-11,2.00657494093e-11,1.76484729608e-11,1.44537888602e-11,3.05425927605e-11,2.32564974223e-11,1.24708889049e-11,1.25054107694e-11,7.4825649149e-12,1.44938982691e-11,7.22483704807e-12,9.44768829142e-12,2.37851509322e-11,7.24472240012e-13,1.51044784319e-11,1.01533286986e-11],"var":[0.00000341825170835,0.000104145343357,0.0000188959420484,0.0000558845640626,0.000207587218028,0.00012771486945,0.00000818904391053,0.00000540891187484,0.0000026239631552,0.00000114945635232,5.22458890373e-7,0.00000116304283893,2.28557993864e-7,2.04438066476e-7,1.58323459232e-7,1.07521298531e-8,2.29280350261e-9,8.13178246961e-10,3.78388043121e-10,2.68644967383e-10,2.91785318129e-10,6.06478478549e-11,1.85633938776e-11,1.57763958147e-11,1.45418564343e-11,1.41881879509e-11,2.74491762653e-10]},"barkbands_crest":{"dmean":3.10092830658,"dmean2":5.10070848465,"dvar":6.53823041916,"dvar2":16.9513664246,"max":25.5420188904,"mean":12.3236789703,"median":11.6463108063,"min":3.27398490906,"var":17.9520454407},"barkbands_flatness_db":{"dmean":0.0434468351305,"dmean2":0.0673954486847,"dvar":0.00119982147589,"dvar2":0.00288096116856,"max":0.462636679411,"mean":0.230953350663,"median":0.228261858225,"min":0.0560951158404,"var":0.0036732358858},"barkbands_kurtosis":{"dmean":8.67366981506,"dmean2":14.0124921799,"dvar":129.618591309,"dvar2":317.107086182,"max":277.857818604,"mean":15.5897045135,"median":10.9815883636,"min":-1.42838144302,"var":280.336975098},"barkbands_skewness":{"dmean":0.862730681896,"dmean2":1.3882843256,"dvar":0.64694917202,"dvar2":1.67165911198,"max":12.8383760452,"mean":2.42799973488,"median":2.29894018173,"min":-1.81716036797,"var":1.81090676785},"barkbands_spread":{"dmean":2.79556131363,"dmean2":4.34664916992,"dvar":11.9806804657,"dvar2":25.8721542358,"max":50.0314102173,"mean":6.41603279114,"median":4.72235393524,"min":0.373792827129,"var":28.6297569275},"dissonance":{"dmean":0.0277265701443,"dmean2":0.0461849942803,"dvar":0.000659109791741,"dvar2":0.00178135442548,"max":0.500000238419,"mean":0.448653787374,"median":0.458066761494,"min":0.228203639388,"var":0.00140061730053},"dynamic_complexity":3.80059194565,"erbbands":{"dmean":[0.120685741305,0.970369875431,2.49219632149,7.774766922,11.3003873825,21.6750278473,12.1214551926,13.040602684,8.59322834015,8.86560535431,11.0644359589,8.85307502747,6.43724966049,7.97405958176,12.9554672241,8.90887832642,6.9750623703,8.20384979248,7.84882450104,4.65261268616,2.18555212021,1.40082776546,0.913016498089,0.579493463039,0.432176053524,0.35862749815,0.366407692432,0.308635264635,0.153527617455,0.087403178215,0.0618333406746,0.0444549880922,0.0315635204315,0.0213486365974,0.0133089292794,0.00737215951085,0.00352426269092,0.00159614311997,0.000698536925483,0.000155650734087],"dmean2":[0.204266101122,1.60931456089,4.059425354,12.5394544601,17.6766338348,34.0195541382,19.0759010315,19.7962589264,13.4136829376,13.6560707092,17.530292511,14.1988220215,9.76146125793,12.7349843979,21.1294364929,14.2129278183,11.1449565887,13.4392051697,12.7082080841,7.6093916893,3.46676468849,2.19903159142,1.43662381172,0.923249125481,0.679440200329,0.571227252483,0.587866544724,0.504533350468,0.247971922159,0.141448050737,0.101647980511,0.0738125219941,0.0525969751179,0.0355883315206,0.0221880171448,0.0122836818919,0.00584319978952,0.00257320748642,0.00110675499309,0.000235508719925],"dvar":[0.0872406288981,3.78736424446,14.3340911865,145.991485596,399.523590088,2009.57177734,549.530761719,2189.55615234,478.897583008,690.72064209,1414.11486816,708.981079102,318.755554199,513.490905762,1259.08044434,645.498413086,229.35043335,299.82989502,268.307189941,87.1181945801,15.9017238617,5.64121484756,2.10558485985,0.868703901768,0.531271517277,0.354429244995,0.410949856043,0.288510710001,0.0646070986986,0.0224002916366,0.0128199886531,0.00738540617749,0.00385803030804,0.0017866716953,0.000694716989528,0.000212253406062,0.0000460965711682,0.00000670908275424,0.00000123209019876,5.21387661934e-8],"dvar2":[0.234433785081,9.98764896393,37.4013404846,357.92288208,979.351501465,4573.7734375,1252.74536133,4567.25585938,1140.80297852,1480.99938965,3348.48535156,1708.78210449,669.453796387,1196.63183594,3086.48803711,1710.75402832,572.56048584,755.386779785,674.57800293,230.070022583,38.3441848755,13.4407749176,4.82642126083,2.02807593346,1.15393090248,0.794044673443,0.980350136757,0.710879981518,0.151109829545,0.0537865832448,0.0316158235073,0.0182866305113,0.00954352505505,0.00441859709099,0.00171822612174,0.000524995790329,0.000114080306957,0.0000159830960911,0.00000282325981971,1.14367281867e-7],"max":[4.45151758194,34.576499939,70.0816574097,300.899841309,580.702697754,1019.84973145,469.122894287,3393.78442383,710.376342773,1042.32775879,998.481201172,649.830871582,584.274902344,675.081604004,1060.10375977,715.223693848,411.401947021,251.660415649,320.955413818,169.807998657,40.0248298645,30.5625133514,18.8995494843,19.0459651947,20.450460434,9.62220573425,16.3375606537,11.2246208191,5.61732721329,2.24156904221,1.48888635635,1.12308561802,0.81678712368,0.554157733917,0.345545619726,0.191458240151,0.0887180268764,0.0334546454251,0.0221226215363,0.00308118388057],"mean":[0.158408924937,1.34933674335,3.80081319809,12.1235647202,19.7877902985,33.6973190308,21.6694164276,29.0041217804,16.2434444427,14.8047370911,16.949213028,14.0663871765,10.0845336914,10.2677211761,14.3376436234,13.7323284149,10.2368564606,10.6853590012,12.2453117371,6.10344219208,2.53462576866,1.62265849113,1.09109961987,0.687347233295,0.520205199718,0.42465737462,0.402224302292,0.324212998152,0.177543133497,0.0987786650658,0.06497874856,0.0431536920369,0.0288610830903,0.0192627739161,0.0119982259348,0.00669995555654,0.00345522211865,0.00182543019764,0.00083733786596,0.000276589358691],"median":[0.0520060881972,0.628223419189,2.24776673317,6.58660364151,10.4188175201,12.7872896194,7.63665390015,4.28714609146,3.53027057648,3.55554056168,3.23683023453,2.63911294937,2.50752663612,1.95852565765,2.06865358353,2.27809047699,2.57400608063,2.76054000854,2.65298819542,1.32590043545,0.737582921982,0.503321945667,0.369703501463,0.248751387,0.183757692575,0.14653159678,0.122393898666,0.0983394682407,0.065850481391,0.0397363193333,0.0255737900734,0.0141149014235,0.00749848224223,0.00472792424262,0.00290933111683,0.00170316663571,0.00116977491416,0.000728534301743,0.000307167094434,0.000128856685478],"min":[4.49891857102e-8,3.31496977424e-7,0.00000133770174671,0.00000307597383653,0.00000438247343482,0.00000390202421841,0.00000195936922864,0.00000113613464237,0.00000117525439691,0.00000104512616872,0.00000134828792397,0.00000144321563766,0.00000154325778112,0.00000195156962945,0.00000202781848202,0.00000133936828206,9.06908780962e-7,9.92531681732e-7,7.21822914329e-7,0.00000116461239941,0.00000165940286934,0.00000127471264477,8.43054294819e-7,5.33264540081e-7,5.88939485624e-7,3.54760516075e-7,5.47224658476e-7,5.49945298189e-7,2.27266127695e-7,2.27913915296e-7,3.55661882168e-7,4.17670804609e-7,3.94038721652e-7,3.00204767711e-8,7.2591648248e-9,4.25162482998e-8,3.39507977287e-8,6.58505117102e-9,1.52430790212e-9,1.58062063438e-10],"var":[0.113664567471,4.99008655548,23.5805358887,291.753540039,1036.67590332,4575.77197266,1498.6373291,18034.1601562,1622.31652832,1827.03088379,2778.32910156,1550.86279297,741.175720215,938.658752441,1558.85876465,1720.4543457,501.864868164,386.419158936,586.671508789,146.590835571,18.9831161499,6.92554426193,2.85669612885,1.21484088898,0.879837632179,0.57158434391,0.552752614021,0.349780291319,0.0960238724947,0.0282059069723,0.014118168503,0.00781202595681,0.00403890805319,0.00185869750567,0.000722365046386,0.000221398833673,0.0000489639132866,0.00000889799684956,0.00000187815692243,1.20995267139e-7]},"erbbands_crest":{"dmean":3.35916399956,"dmean2":5.43291711807,"dvar":7.98116779327,"dvar2":20.2184104919,"max":31.6321868896,"mean":11.3561210632,"median":10.3309440613,"min":2.59970331192,"var":25.2571868896},"erbbands_flatness_db":{"dmean":0.038596060127,"dmean2":0.0612293407321,"dvar":0.000945231586229,"dvar2":0.00242778495885,"max":0.413732528687,"mean":0.201284125447,"median":0.199701964855,"min":0.0543628372252,"var":0.00288356724195},"erbbands_kurtosis":{"dmean":2.74469804764,"dmean2":4.30126428604,"dvar":21.0219116211,"dvar2":47.3776473999,"max":118.049987793,"mean":3.35795211792,"median":0.991229534149,"min":-1.77814507484,"var":53.8848571777},"erbbands_skewness":{"dmean":0.634589552879,"dmean2":0.953301429749,"dvar":0.33992254734,"dvar2":0.707962751389,"max":8.05772018433,"mean":1.12631416321,"median":1.03800964355,"min":-3.07473278046,"var":1.46661925316},"erbbands_spread":{"dmean":7.64104747772,"dmean2":11.9594526291,"dvar":58.0788345337,"dvar2":138.538192749,"max":88.1105575562,"mean":23.997133255,"median":22.0876121521,"min":1.01551473141,"var":167.944198608},"gfcc":{"cov":[[5734.65917969,-414.056610107,-742.176513672,-448.432067871,34.4332962036,9.61392784119,-106.185096741,8.51049900055,-68.5226669312,116.203239441,28.0345878601,-60.1950263977,161.00100708],[-414.056610107,881.87298584,38.2619476318,-229.046783447,62.1619987488,-75.5581436157,66.6143112183,-147.515808105,90.7364959717,-35.1665229797,51.3117218018,-55.1082382202,-3.98789310455],[-742.176513672,38.2619476318,541.593566895,171.208633423,-185.273452759,91.573387146,-139.77230835,153.747573853,-76.7793197632,39.2271461487,-5.96263885498,-3.42896652222,-31.8260478973],[-448.432067871,-229.046783447,171.208633423,320.028015137,62.1141891479,-18.9321994781,44.0176467896,54.526058197,-11.362154007,-24.0015449524,-44.2804450989,20.0542640686,-34.1693305969],[34.4332962036,62.1619987488,-185.273452759,62.1141891479,263.745605469,31.0299453735,135.958023071,-90.0541152954,30.2186813354,-65.4929733276,-11.6927833557,-12.6600790024,-7.73370838165],[9.61392784119,-75.5581436157,91.573387146,-18.9321994781,31.0299453735,241.61366272,-14.8931388855,75.1732025146,-86.4188079834,-9.10518836975,-2.97074365616,-7.30603647232,-6.4661231041],[-106.185096741,66.6143112183,-139.77230835,44.0176467896,135.958023071,-14.8931388855,198.501312256,-35.7038040161,52.1760597229,-66.4878768921,-30.5695877075,3.23051309586,-10.5535211563],[8.51049900055,-147.515808105,153.747573853,54.526058197,-90.0541152954,75.1732025146,-35.7038040161,174.319900513,-10.9649343491,37.6874809265,-9.8033657074,-0.459461808205,0.660822629929],[-68.5226669312,90.7364959717,-76.7793197632,-11.362154007,30.2186813354,-86.4188079834,52.1760597229,-10.9649343491,133.150863647,52.8464050293,23.6605567932,-1.33366465569,-8.02928543091],[116.203239441,-35.1665229797,39.2271461487,-24.0015449524,-65.4929733276,-9.10518836975,-66.4878768921,37.6874809265,52.8464050293,113.490226746,60.760471344,9.51842689514,2.26459574699],[28.0345878601,51.3117218018,-5.96263885498,-44.2804450989,-11.6927833557,-2.97074365616,-30.5695877075,-9.8033657074,23.6605567932,60.760471344,82.0913696289,44.5170783997,16.3229522705],[-60.1950263977,-55.1082382202,-3.42896652222,20.0542640686,-12.6600790024,-7.30603647232,3.23051309586,-0.459461808205,-1.33366465569,9.51842689514,44.5170783997,82.8786087036,39.5169487],[161.00100708,-3.98789310455,-31.8260478973,-34.1693305969,-7.73370838165,-6.4661231041,-10.5535211563,0.660822629929,-8.02928543091,2.26459574699,16.3229522705,39.5169487,69.6876525879]],"icov":[[0.000359258963726,0.000123308127513,-0.00019591372984,0.0018112504622,-0.00210113171488,0.00164467911236,-0.000353484705556,-0.0011512391502,0.00257952697575,-0.00330766057596,0.00269143353216,-0.00153277802747,0.000495941436384],[0.000123308127513,0.0336357578635,-0.0661069601774,0.0858403220773,-0.0720896720886,0.0542465150356,-0.0286500994116,-0.0011400351068,0.0132519723848,-0.017038103193,0.0187102388591,-0.0218331478536,0.0163223408163],[-0.00019591372984,-0.0661069601774,0.148361667991,-0.199155852199,0.177363693714,-0.13121522963,0.063435383141,0.0125629687682,-0.0528389513493,0.0758482068777,-0.0863245651126,0.0854338333011,-0.0530078038573],[0.0018112504622,0.0858403220773,-0.199155852199,0.288077294827,-0.26286008954,0.194205284119,-0.0855401009321,-0.0334058329463,0.100752517581,-0.142948836088,0.161201432347,-0.151747122407,0.0917804464698],[-0.00210113171488,-0.0720896720886,0.177363693714,-0.26286008954,0.254679650068,-0.184512853622,0.0723903551698,0.0410569496453,-0.109918497503,0.156655713916,-0.173961058259,0.159498170018,-0.0928922668099],[0.00164467911236,0.0542465150356,-0.13121522963,0.194205284119,-0.184512853622,0.142224356532,-0.0579542070627,-0.0316541269422,0.0855785831809,-0.113167926669,0.120139040053,-0.110879741609,0.0671184062958],[-0.000353484705556,-0.0286500994116,0.063435383141,-0.0855401009321,0.0723903551698,-0.0579542070627,0.0410992465913,0.00425004353747,-0.0329315550625,0.0429070070386,-0.034567091614,0.0307989940047,-0.019511083141],[-0.0011512391502,-0.0011400351068,0.0125629687682,-0.0334058329463,0.0410569496453,-0.0316541269422,0.00425004353747,0.0267324633896,-0.0341242030263,0.0406236536801,-0.0437800399959,0.0401131249964,-0.0237819533795],[0.00257952697575,0.0132519723848,-0.0528389513493,0.100752517581,-0.109918497503,0.0855785831809,-0.0329315550625,-0.0341242030263,0.099955663085,-0.127364337444,0.120477065444,-0.0984527096152,0.0544118322432],[-0.00330766057596,-0.017038103193,0.0758482068777,-0.142948836088,0.156655713916,-0.113167926669,0.0429070070386,0.0406236536801,-0.127364337444,0.198395997286,-0.200291290879,0.156904056668,-0.0789685994387],[0.00269143353216,0.0187102388591,-0.0863245651126,0.161201432347,-0.173961058259,0.120139040053,-0.034567091614,-0.0437800399959,0.120477065444,-0.200291290879,0.240890771151,-0.192668020725,0.09471103549],[-0.00153277802747,-0.0218331478536,0.0854338333011,-0.151747122407,0.159498170018,-0.110879741609,0.0307989940047,0.0401131249964,-0.0984527096152,0.156904056668,-0.192668020725,0.179147094488,-0.0943000614643],[0.000495941436384,0.0163223408163,-0.0530078038573,0.0917804464698,-0.0928922668099,0.0671184062958,-0.019511083141,-0.0237819533795,0.0544118322432,-0.0789685994387,0.09471103549,-0.0943000614643,0.0682459324598]],"mean":[-84.8811569214,150.088424683,-72.2508621216,7.87722206116,-23.9127750397,-2.78375172615,-22.2319507599,-19.134393692,-14.9999446869,-5.42595863342,-14.7688846588,-6.66607666016,-10.1198663712]},"hfc":{"dmean":3.27057933807,"dmean2":4.82903814316,"dvar":16.8729038239,"dvar2":36.2088088989,"max":111.390289307,"mean":8.87804889679,"median":5.7972240448,"min":0.00000217543242798,"var":86.5628051758},"melbands":{"dmean":[0.00107780809049,0.00126620137598,0.00134083954617,0.00113872811198,0.000561827677302,0.000277623534203,0.000127344799694,0.0000973907517618,0.0000908897418412,0.0000530998586328,0.0000326890512952,0.0000328268324665,0.0000382952930522,0.000032144231227,0.0000199069327209,0.0000142479293572,0.0000163662698469,0.0000141726832226,0.00000834484944789,0.00000471383373224,0.00000223416350309,0.00000156775877258,0.00000104651974198,6.86544581185e-7,4.58968742123e-7,3.42829054034e-7,2.77242548918e-7,2.34498983787e-7,2.283447742e-7,2.30091160347e-7,1.6240588252e-7,9.32417734134e-8,6.08311054862e-8,4.42314949112e-8,3.63769459e-8,3.08994430043e-8,2.58094452477e-8,2.25073772953e-8,1.96977776312e-8,1.74227157146e-8],"dmean2":[0.00179627072066,0.00206054304726,0.00215740967542,0.00176600553095,0.000878565828316,0.000422585144406,0.000196135224542,0.000149436469655,0.000145490368595,0.0000852191442391,0.0000495994427183,0.0000526750445715,0.0000625005777692,0.0000519447894476,0.0000318054953823,0.0000230578971241,0.0000269293559541,0.0000229552388191,0.0000137332181112,0.00000769786674937,0.00000355521342499,0.00000249886443271,0.00000166590768913,0.00000109355482891,7.38610822282e-7,5.4666656979e-7,4.41538560381e-7,3.77019233611e-7,3.67484375374e-7,3.77482649583e-7,2.66591143827e-7,1.519192665e-7,9.82323342669e-8,7.2279490837e-8,5.98544076524e-8,5.117504287e-8,4.29367297272e-8,3.74972373152e-8,3.28315437059e-8,2.90469319708e-8],"dvar":[0.00000599048144068,0.00000430902491644,0.00000408593996326,0.00000431423131886,0.00000114609736102,8.69998530106e-7,9.97239411049e-8,8.00384327704e-8,8.85742679202e-8,2.50523388701e-8,8.4430968883e-9,9.66070601294e-9,1.04521840072e-8,9.4584748922e-9,2.29926211404e-9,9.05398922502e-10,1.25136179197e-9,8.95380602994e-10,3.96859239915e-10,9.36598923418e-11,1.62848137752e-11,7.72630397161e-12,2.97636134489e-12,1.27302476286e-12,5.74870229544e-13,3.57370383286e-13,2.36301646653e-13,1.64737933581e-13,1.58189271144e-13,1.86493425954e-13,7.79169887248e-14,2.52655816597e-14,1.07987764577e-14,6.13271547328e-15,4.38722409096e-15,3.38958275646e-15,2.53698204988e-15,1.952187962e-15,1.51753681676e-15,1.19056949951e-15],"dvar2":[0.0000158440070663,0.0000111227036541,0.0000103024776763,0.00000972912494035,0.00000259015769188,0.00000183094493877,2.30902784892e-7,1.69125641492e-7,2.10263308986e-7,6.01596710226e-8,1.75303593863e-8,2.24904628254e-8,2.5698232875e-8,2.41618245411e-8,5.85066795011e-9,2.23697305124e-9,3.19199866539e-9,2.23994844895e-9,1.09442221952e-9,2.38394498586e-10,3.95791038832e-11,1.89445178295e-11,7.07352188975e-12,2.99878936787e-12,1.370687743e-12,8.10843471359e-13,5.22760708419e-13,3.8144961907e-13,3.66971969305e-13,4.75296830973e-13,1.92052238912e-13,6.03088745935e-14,2.50710198858e-14,1.50602644369e-14,1.08195016599e-14,8.39409566026e-15,6.28099282586e-15,4.83168218366e-15,3.75233647458e-15,2.94447562476e-15],"max":[0.0407439693809,0.0364966802299,0.0447288565338,0.0457248575985,0.0194176100194,0.0660963058472,0.0104750702158,0.00915689859539,0.00793819688261,0.00386412139051,0.00302126421593,0.00300069060177,0.00267889443785,0.002455733018,0.0011024888372,0.000587054353673,0.000573765137233,0.000668617663905,0.000481929630041,0.000117709809274,0.0000470773666166,0.0000430681284342,0.0000220137226279,0.0000188218000403,0.0000154973422468,0.0000136595726872,0.0000149096304085,0.0000079493602243,0.00000860045747686,0.0000106101952042,0.00000493426432513,0.00000370205316358,0.00000212535337596,0.00000110353482796,8.55573489389e-7,7.6752763789e-7,6.6177295821e-7,5.81575307024e-7,5.11035182171e-7,4.52247093108e-7],"mean":[0.0015531553654,0.00196477607824,0.00224947440438,0.00197315425612,0.000968632812146,0.000611800584011,0.000234738632571,0.000159396222443,0.000136995324283,0.0000828812044347,0.0000493575062137,0.0000416190923715,0.0000415901085944,0.0000418044728576,0.0000316297227982,0.0000180149454536,0.0000204401803785,0.0000214084666368,0.0000116429291666,0.0000050916037253,0.00000249180675382,0.000001749045623,0.00000120522929592,7.95943549292e-7,5.29996327714e-7,4.05295651262e-7,3.25265745005e-7,2.71220187642e-7,2.51170575893e-7,2.36650549823e-7,1.70139543343e-7,1.06428103663e-7,6.978333289e-8,4.83750284275e-8,3.8184538198e-8,3.13480299496e-8,2.4263908216e-8,2.05287058463e-8,1.77996053452e-8,1.56824100372e-8],"median":[0.000619546510279,0.00111573166214,0.00132882129401,0.000924139283597,0.00035129324533,0.0000930026435526,0.0000509194142069,0.0000365269879694,0.0000250663106272,0.0000152305974552,0.0000117003000923,0.00000746388514017,0.00000632330647932,0.00000600542307438,0.00000592754213358,0.000004767217888,0.00000488157729706,0.00000441974771093,0.00000222252037929,0.00000115869215733,7.4616849588e-7,5.19399122823e-7,3.84775006523e-7,2.76839131175e-7,1.88612716556e-7,1.41767628747e-7,1.15199881634e-7,9.22745044818e-8,7.68845325183e-8,6.60156445065e-8,5.23645660166e-8,3.82880571692e-8,2.73921756389e-8,1.95598683916e-8,1.4986490271e-8,1.17440350778e-8,6.98584123882e-9,5.30416510713e-9,4.39938485641e-9,3.77443942767e-9],"min":[4.34040775543e-10,6.22971119135e-10,5.7815280341e-10,3.11635356409e-10,8.68837224388e-11,2.56581006441e-11,1.7274098818e-11,1.16261392874e-11,1.07985955247e-11,9.226615999e-12,7.64686057531e-12,7.78045683436e-12,6.96152120325e-12,4.72801789039e-12,2.11256099419e-12,2.12451779259e-12,1.74546217323e-12,1.12230038631e-12,1.23245803754e-12,1.86068738542e-12,1.96067771394e-12,1.31775428243e-12,1.12796588476e-12,4.56258782925e-13,4.15128733255e-13,5.51654208425e-13,2.99470111252e-13,2.00369357065e-13,3.51390195153e-13,2.89143492135e-13,3.11567151202e-13,1.18823530117e-13,1.41139676986e-13,1.03121273998e-13,2.14588234877e-13,1.58185029203e-13,3.13597617926e-13,3.59046017744e-13,7.82091812103e-14,7.31846630823e-15],"var":[0.00000830494536785,0.00000686344719725,0.00000837806601339,0.000011490930774,0.00000293225889436,0.00000694779146215,3.40089542306e-7,2.13760543488e-7,1.74409677811e-7,5.54514549833e-8,1.95536919989e-8,1.80090236057e-8,1.22466783381e-8,1.82774044788e-8,6.69158373157e-9,1.33656019585e-9,1.56206370061e-9,1.84956694405e-9,7.57235718574e-10,1.00297596617e-10,1.87998627083e-11,8.75157411817e-12,3.73555006372e-12,1.62111903762e-12,7.67555994891e-13,5.4960582526e-13,3.68266262754e-13,2.50862021043e-13,2.20926223279e-13,2.10146312786e-13,9.4750162577e-14,3.55159220718e-14,1.56953121425e-14,7.07264972364e-15,4.8338734579e-15,3.63541797577e-15,2.66783784056e-15,2.04623932409e-15,1.58114772055e-15,1.23761921511e-15]},"melbands_crest":{"dmean":3.67062711716,"dmean2":6.06672430038,"dvar":8.99568939209,"dvar2":23.3622627258,"max":32.5276107788,"mean":16.2036800385,"median":15.5349378586,"min":4.99234390259,"var":25.3490638733},"melbands_flatness_db":{"dmean":0.0509173572063,"dmean2":0.0786792635918,"dvar":0.00161779369228,"dvar2":0.00390815502033,"max":0.624311625957,"mean":0.356633245945,"median":0.354890704155,"min":0.136688902974,"var":0.00494022853673},"melbands_kurtosis":{"dmean":11.8023929596,"dmean2":19.1301689148,"dvar":215.196533203,"dvar2":542.882141113,"max":193.465057373,"mean":23.1017990112,"median":16.2040252686,"min":-1.67427909374,"var":549.619812012},"melbands_skewness":{"dmean":0.932897508144,"dmean2":1.4951492548,"dvar":0.743731975555,"dvar2":1.88804781437,"max":10.9824008942,"mean":3.06590485573,"median":2.92297387123,"min":-1.50175213814,"var":2.65201711655},"melbands_spread":{"dmean":2.90284514427,"dmean2":4.54964447021,"dvar":16.3099441528,"dvar2":35.1826210022,"max":59.5799674988,"mean":6.36930608749,"median":4.48885631561,"min":0.446464061737,"var":35.3812637329},"mfcc":{"cov":[[5616.41699219,-5.89938640594,-1054.30566406,-244.706542969,-238.667984009,58.7017440796,-121.485702515,-103.931900024,-29.3064041138,4.66562461853,-19.7866153717,-13.6453533173,-36.6884803772],[-5.89938640594,893.3359375,-47.0752906799,-190.450378418,-29.0548286438,24.562084198,-38.0586433411,-75.2557601929,-57.7458877563,15.3495922089,35.6407966614,-24.9019145966,-28.4347133636],[-1054.30566406,-47.0752906799,730.140625,16.932888031,70.222946167,-142.950714111,13.1272249222,-12.7015380859,-28.0547885895,25.5343112946,30.3998394012,5.78068113327,1.53728103638],[-244.706542969,-190.450378418,16.932888031,327.701904297,20.6841163635,-1.4359806776,-17.4946250916,35.9811286926,53.628162384,-4.11221933365,-10.2935791016,18.7869205475,7.17105436325],[-238.667984009,-29.0548286438,70.222946167,20.6841163635,123.629875183,49.70703125,46.5395317078,17.8066272736,-6.01933050156,-0.339504599571,5.04286193848,5.96630716324,10.2737874985],[58.7017440796,24.562084198,-142.950714111,-1.4359806776,49.70703125,144.719909668,73.7505645752,39.1942253113,3.75320863724,-17.5819683075,-11.9061031342,-4.61862707138,-0.484800994396],[-121.485702515,-38.0586433411,13.1272249222,-17.4946250916,46.5395317078,73.7505645752,130.051208496,89.7799758911,21.4137420654,-19.3178882599,-25.1841220856,-5.44343042374,-4.0470032692],[-103.931900024,-75.2557601929,-12.7015380859,35.9811286926,17.8066272736,39.1942253113,89.7799758911,124.058082581,60.5939102173,-10.4865703583,-28.7196216583,-4.94216156006,-2.0041205883],[-29.3064041138,-57.7458877563,-28.0547885895,53.628162384,-6.01933050156,3.75320863724,21.4137420654,60.5939102173,86.275062561,31.4975776672,-2.32984757423,0.86067789793,-5.79819488525],[4.66562461853,15.3495922089,25.5343112946,-4.11221933365,-0.339504599571,-17.5819683075,-19.3178882599,-10.4865703583,31.4975776672,74.3452377319,50.533115387,6.30262756348,-5.85069942474],[-19.7866153717,35.6407966614,30.3998394012,-10.2935791016,5.04286193848,-11.9061031342,-25.1841220856,-28.7196216583,-2.32984757423,50.533115387,76.9814910889,35.6003189087,4.50023412704],[-13.6453533173,-24.9019145966,5.78068113327,18.7869205475,5.96630716324,-4.61862707138,-5.44343042374,-4.94216156006,0.86067789793,6.30262756348,35.6003189087,67.0317382812,37.0739517212],[-36.6884803772,-28.4347133636,1.53728103638,7.17105436325,10.2737874985,-0.484800994396,-4.0470032692,-2.0041205883,-5.79819488525,-5.85069942474,4.50023412704,37.0739517212,59.4838256836]],"icov":[[0.000281459069811,0.0000860228828969,0.000445806188509,0.00017550845223,0.000192223829799,0.000192387931747,-0.0000247481348197,0.0000751317420509,0.00036427914165,-0.000495823158417,0.00039405937423,-0.000344706641044,0.000323025276884],[0.0000860228828969,0.00143585761543,0.0000246728050115,0.000793066457845,0.000383334438084,-0.000804345996585,0.000668099499308,0.000192183681065,0.000230217337958,0.000120206124848,-0.000692420522682,0.000407084095059,0.000455281493487],[0.000445806188509,0.0000246728050115,0.00337153114378,-0.000294400844723,-0.00184570800047,0.00497198710218,-0.00315495929681,0.000703388708644,0.00182961008977,-0.00120613386389,-0.000510051730089,0.000423438992584,0.000237855827436],[0.00017550845223,0.000793066457845,-0.000294400844723,0.00470348540694,-0.00100895448122,-0.0015182060888,0.00408588349819,-0.00139083969407,-0.00299974554218,0.00180785765406,0.000632641895209,-0.00198871525936,0.00139799236786],[0.000192223829799,0.000383334438084,-0.00184570800047,-0.00100895448122,0.0132083026692,-0.00581968156621,-0.00254538748413,0.000950993737206,0.00212430278771,-0.00222455314361,-0.000395519513404,0.000606773712207,-0.00235870108008],[0.000192387931747,-0.000804345996585,0.00497198710218,-0.0015182060888,-0.00581968156621,0.0193720925599,-0.0126374587417,0.00378156406805,-0.0000619982529315,0.00301302387379,-0.00484278611839,0.00404004240409,-0.00164196442347],[-0.0000247481348197,0.000668099499308,-0.00315495929681,0.00408588349819,-0.00254538748413,-0.0126374587417,0.0311963874847,-0.0211337599903,0.00616532564163,-0.00317719695158,0.00725401565433,-0.00716488016769,0.00584537396207],[0.0000751317420509,0.000192183681065,0.000703388708644,-0.00139083969407,0.000950993737206,0.00378156406805,-0.0211337599903,0.0331711955369,-0.0215833969414,0.0115202339366,-0.00508055184036,0.00553884450346,-0.0042044906877],[0.00036427914165,0.000230217337958,0.00182961008977,-0.00299974554218,0.00212430278771,-0.0000619982529315,0.00616532564163,-0.0215833969414,0.0408093370497,-0.0316305607557,0.020110860467,-0.012659503147,0.00720942532644],[-0.000495823158417,0.000120206124848,-0.00120613386389,0.00180785765406,-0.00222455314361,0.00301302387379,-0.00317719695158,0.0115202339366,-0.0316305607557,0.0558980442584,-0.0437952391803,0.0239577684551,-0.00905818864703],[0.00039405937423,-0.000692420522682,-0.000510051730089,0.000632641895209,-0.000395519513404,-0.00484278611839,0.00725401565433,-0.00508055184036,0.020110860467,-0.0437952391803,0.0589083246887,-0.0368819944561,0.0163832884282],[-0.000344706641044,0.000407084095059,0.000423438992584,-0.00198871525936,0.000606773712207,0.00404004240409,-0.00716488016769,0.00553884450346,-0.012659503147,0.0239577684551,-0.0368819944561,0.0472990758717,-0.0257288552821],[0.000323025276884,0.000455281493487,0.000237855827436,0.00139799236786,-0.00235870108008,-0.00164196442347,0.00584537396207,-0.0042044906877,0.00720942532644,-0.00905818864703,0.0163832884282,-0.0257288552821,0.0323116369545]],"mean":[-749.952453613,197.46963501,13.852142334,26.5092201233,12.7248859406,20.013086319,0.809755206108,-3.33404350281,-1.97369873524,-1.17098796368,-2.00271129608,-3.6631937027,-5.86524105072]},"pitch_salience":{"dmean":0.0878989547491,"dmean2":0.145974576473,"dvar":0.00508148083463,"dvar2":0.0137760573998,"max":0.869396448135,"mean":0.586124718189,"median":0.599443912506,"min":0.153939962387,"var":0.0122664002702},"silence_rate_20dB":{"dmean":0,"dmean2":0,"dvar":0,"dvar2":0,"max":1,"mean":1,"median":1,"min":1,"var":0},"silence_rate_30dB":{"dmean":0.0169414617121,"dmean2":0.0338880494237,"dvar":0.0166553482413,"dvar2":0.0415141880512,"max":1,"mean":0.980036318302,"median":1,"min":0,"var":0.0195640176535},"silence_rate_60dB":{"dmean":0.015126304701,"dmean2":0.0302571859211,"dvar":0.0148975783959,"dvar2":0.0356956869364,"max":1,"mean":0.0541439801455,"median":0,"min":0,"var":0.0512107126415},"spectral_centroid":{"dmean":112.608856201,"dmean2":172.890716553,"dvar":22315.0917969,"dvar2":47900.9921875,"max":2452.45678711,"mean":414.780792236,"median":351.823883057,"min":123.146385193,"var":50279.6210938},"spectral_complexity":{"dmean":2.88685512543,"dmean2":4.35809373856,"dvar":10.6740350723,"dvar2":20.7290096283,"max":32,"mean":10.0435571671,"median":8,"min":0,"var":37.9685287476},"spectral_contrast_coeffs":{"dmean":[0.0571687594056,0.046046782285,0.037599068135,0.0301491543651,0.0279076434672,0.0448092967272],"dmean2":[0.0941410511732,0.0768468379974,0.0622640922666,0.0493483692408,0.0447745956481,0.0729462429881],"dvar":[0.0019936861936,0.00131021230482,0.00093166239094,0.000614531571046,0.000526539923158,0.00219678203575],"dvar2":[0.00531179551035,0.00361617980525,0.0024571812246,0.00157421128824,0.00133941066451,0.00532237766311],"max":[-0.32016518712,-0.373592913151,-0.544398903847,-0.648025333881,-0.726970493793,-0.517506837845],"mean":[-0.614947855473,-0.769971966743,-0.822739481926,-0.82947486639,-0.865943014622,-0.802949726582],"median":[-0.618618428707,-0.78644913435,-0.832569718361,-0.83749204874,-0.862605154514,-0.826674163342],"min":[-0.883085429668,-0.954162836075,-0.972636759281,-0.978566944599,-0.969854772091,-0.872886955738],"var":[0.00706690689549,0.00652560219169,0.00312428874895,0.00253391428851,0.00131109321956,0.00370618165471]},"spectral_contrast_valleys":{"dmean":[0.400506287813,0.381724476814,0.423076510429,0.447788178921,0.578949570656,0.904608547688],"dmean2":[0.664801955223,0.611644744873,0.640822172165,0.658281803131,0.881969809532,1.47163176537],"dvar":[0.103953719139,0.0924642980099,0.12630084157,0.158497363329,0.231515601277,0.540558338165],"dvar2":[0.277737140656,0.237998530269,0.280273109674,0.326712876558,0.57574647665,1.53814482689],"max":[-4.84285020828,-4.48316955566,-5.24608421326,-5.84011125565,-6.63145589828,-9.07941246033],"mean":[-6.7918305397,-6.79497671127,-7.6029176712,-8.07389068604,-8.7416305542,-11.6573095322],"median":[-6.72451019287,-6.76620006561,-7.60501003265,-8.03569793701,-8.70140171051,-11.5588884354],"min":[-12.6581373215,-13.5287046432,-13.9706668854,-14.6348781586,-14.6895170212,-17.676317215],"var":[0.507600426674,0.727484703064,0.753359973431,0.838293552399,0.749812722206,1.18821358681]},"spectral_decrease":{"dmean":2.98967850476e-9,"dmean2":4.58352911181e-9,"dvar":1.53888482636e-17,"dvar2":3.64066109648e-17,"max":-1.67577855906e-15,"mean":-7.90686982555e-9,"median":-5.72056180204e-9,"min":-7.50436583985e-8,"var":5.41002127168e-17},"spectral_energy":{"dmean":0.0115282908082,"dmean2":0.0176506452262,"dvar":0.000226674324949,"dvar2":0.000534668273758,"max":0.293335676193,"mean":0.0306476261467,"median":0.0220885127783,"min":6.52209175556e-9,"var":0.000810578174423},"spectral_energyband_high":{"dmean":0.000028094422305,"dmean2":0.0000448369682999,"dvar":1.82776438429e-9,"dvar2":4.26650004215e-9,"max":0.000706320279278,"mean":0.0000327708366967,"median":0.0000125444021251,"min":8.38095842726e-11,"var":2.660487608e-9},"spectral_energyband_low":{"dmean":0.00683274352923,"dmean2":0.0110843433067,"dvar":0.00012745593267,"dvar2":0.000325298984535,"max":0.177291512489,"mean":0.0126937860623,"median":0.00760528305545,"min":3.75243347506e-9,"var":0.000237867803662},"spectral_energyband_middle_high":{"dmean":0.00100857682992,"dmean2":0.00155189691577,"dvar":0.00000376484626941,"dvar2":0.00000853776782606,"max":0.0455366708338,"mean":0.00165952532552,"median":0.000516363768838,"min":2.65647975839e-10,"var":0.00000876613103173},"spectral_energyband_middle_low":{"dmean":0.00797809939831,"dmean2":0.0120873134583,"dvar":0.000119601900224,"dvar2":0.000273010722594,"max":0.284437566996,"mean":0.0190645493567,"median":0.0126413982362,"min":2.7568891614e-9,"var":0.000472999410704},"spectral_entropy":{"dmean":0.405248254538,"dmean2":0.625652551651,"dvar":0.115980543196,"dvar2":0.271703839302,"max":8.03525447845,"mean":6.64204931259,"median":6.65599822998,"min":4.60621261597,"var":0.349393516779},"spectral_flux":{"dmean":0.0239922385663,"dmean2":0.0392861329019,"dvar":0.000616795907263,"dvar2":0.00155814643949,"max":0.318379640579,"mean":0.0842879191041,"median":0.0771884918213,"min":0.00108745705802,"var":0.00201366678812},"spectral_kurtosis":{"dmean":9.74175739288,"dmean2":15.9881067276,"dvar":112.889160156,"dvar2":300.914489746,"max":112.30191803,"mean":20.2335472107,"median":16.3876609802,"min":2.84113359451,"var":176.961700439},"spectral_rms":{"dmean":0.00097398617072,"dmean2":0.00146624108311,"dvar":9.11275947146e-7,"dvar2":0.00000204591879083,"max":0.0169168896973,"mean":0.00494871428236,"median":0.00464217271656,"min":0.00000252250197263,"var":0.00000541032432011},"spectral_rolloff":{"dmean":141.364593506,"dmean2":246.529815674,"dvar":66252.1484375,"dvar2":155194.0625,"max":2842.3828125,"mean":404.467285156,"median":279.931640625,"min":86.1328125,"var":99825.96875},"spectral_skewness":{"dmean":0.753769695759,"dmean2":1.18379628658,"dvar":0.470257490873,"dvar2":1.21809196472,"max":8.51547622681,"mean":3.26200151443,"median":3.14482164383,"min":1.01419305801,"var":1.07371282578},"spectral_spread":{"dmean":803480.4375,"dmean2":1308753.5,"dvar":439359569920,"dvar2":1198585151490,"max":7348609,"mean":2866539.25,"median":2780287.5,"min":667833.0625,"var":998851477504},"spectral_strongpeak":{"dmean":0.332642972469,"dmean2":0.541393339634,"dvar":0.160714313388,"dvar2":0.388375073671,"max":7.84595394135,"mean":0.627862930298,"median":0.396706819534,"min":0,"var":0.467925518751},"zerocrossingrate":{"dmean":0.00338997622021,"dmean2":0.00423940410838,"dvar":0.0000125425849546,"dvar2":0.0000172088839463,"max":0.0810546875,"mean":0.0164456702769,"median":0.0146484375,"min":0.00146484375,"var":0.000064658393967}},"metadata":{"audio_properties":{"analysis_sample_rate":44100,"bit_rate":138462,"codec":"mp3","downmix":"mix","equal_loudness":0,"length":153.496582031,"lossless":false,"md5_encoded":"cdbd1ab34cecb11430582fae8e0276b8","replay_gain":-2.67102050781,"sample_rate":44100},"tags":{"album":["The Complete Columbia Album Collection"],"albumartist":["Johnny Cash"],"albumartistsort":["Cash, Johnny"],"artist":["Johnny Cash"],"artists":["Johnny Cash"],"artistsort":["Cash, Johnny"],"asin":["B008DDC874"],"barcode":["886979104723"],"catalognumber":["88697910472"],"date":["2012-12-04"],"discnumber":["15/63"],"file_name":"05 - The Ballad of Boot Hill.mp3","label":["Columbia","Legacy"],"media":["CD"],"musicbrainz album release country":["US"],"musicbrainz album status":["official"],"musicbrainz album type":["album","compilation"],"musicbrainz release track id":["1bcb0345-2588-3bfb-87a1-ebad8129a919"],"musicbrainz_albumartistid":["d43d12a1-2dc9-4257-a2fd-0a3bb1081b86"],"musicbrainz_albumid":["de36c451-000c-4488-9375-b6d40b6636e5"],"musicbrainz_artistid":["d43d12a1-2dc9-4257-a2fd-0a3bb1081b86"],"musicbrainz_recordingid":["b62564ca-49db-4190-8368-6591eeb70f04"],"musicbrainz_releasegroupid":["30578604-ce5e-4d3d-a09c-6c06fc4c526b"],"originaldate":["2012"],"script":["Latn"],"title":["The Ballad of Boot Hill"],"tracknumber":["5/26"]},"version":{"essentia":"2.1-beta1","essentia_build_sha":"ca57ba49d9b1854bd80e60cf9ccf267278fb7d6b","essentia_git_sha":"v2.1_beta1-28-g21ef5f4-dirty","extractor":"music 1.0"}},"rhythm":{"beats_count":418,"beats_loudness":{"dmean":0.0312027167529,"dmean2":0.0546743199229,"dvar":0.000645901600365,"dvar2":0.00179270550143,"max":0.163317546248,"mean":0.0399784371257,"median":0.0329491458833,"min":0.0000152333332153,"var":0.00087705423357},"beats_loudness_band_ratio":{"dmean":[0.260143309832,0.209918364882,0.0683660432696,0.0844512656331,0.0205188747495,0.00279961759225],"dmean2":[0.44874688983,0.366245597601,0.11827942729,0.147580772638,0.0370463505387,0.00500618107617],"dvar":[0.0360