{"lowlevel":{"average_loudness":0.762871086597,"barkbands":{"dmean":[0.00000506766036779,0.000102243917354,0.000222491376917,0.000721582386177,0.0040212017484,0.00120712467469,0.0012816634262,0.00165622727945,0.00088885409059,0.000846392882522,0.000702181365341,0.000820078246761,0.000435838854173,0.000220899935812,0.00015670202265,0.0000995623777271,0.000155010740855,0.0000898335856618,0.0000556689337827,0.0000652654489386,0.0000346553570125,0.0000222247927013,0.0000273472687695,0.0000162335454661,0.00000315010902341,1.92663506482e-7,6.54381082654e-8],"dmean2":[0.00000769660982769,0.000153339991812,0.000350090645952,0.00126894726418,0.00643867952749,0.00183065189049,0.00195423909463,0.00257557327859,0.00142926676199,0.001352995052,0.00114343117457,0.00136942241807,0.000707244151272,0.000359658908565,0.000256050290773,0.000160154333571,0.000250436656643,0.000144304343848,0.0000860208747326,0.0000965290455497,0.0000514185485372,0.0000325720975525,0.0000404003003496,0.0000236401192524,0.00000460869932795,3.02248594153e-7,1.07119738857e-7],"dvar":[1.32040142709e-10,3.20261008824e-8,1.43430909816e-7,0.00000110601934011,0.0000341035229212,0.00000414544319938,0.00000451320238426,0.00000560604803468,0.0000015938173874,0.00000152643576712,0.00000105734523004,0.00000181003338184,3.7556873167e-7,1.2922602366e-7,1.20673604442e-7,4.27920561208e-8,8.3449918975e-8,3.70899115865e-8,2.19418776481e-8,1.75136509739e-8,2.67442690216e-8,5.81699355351e-9,8.54460679989e-9,3.6615612764e-9,1.61920907238e-10,6.37144362877e-13,9.58046305049e-14],"dvar2":[2.85679035983e-10,6.66010322448e-8,3.47545210388e-7,0.00000354237226929,0.0000812360158307,0.0000101908926808,0.0000106836423583,0.0000138587256515,0.00000402173054681,0.00000393880873162,0.00000274189824268,0.00000479948130305,9.6547398698e-7,3.29667159349e-7,3.26305297449e-7,1.08263755294e-7,2.12583188386e-7,9.42112308167e-8,4.80006967507e-8,3.82190101789e-8,4.95546075285e-8,1.11604077091e-8,1.78598149603e-8,7.31988647473e-9,2.96109026188e-10,1.43218737651e-12,2.3897512658e-13],"max":[0.00030998600414,0.00993533246219,0.0116517897695,0.019121453166,0.111766889691,0.0503039471805,0.0575359761715,0.0409832894802,0.0191187504679,0.018304022029,0.0220859721303,0.0219231434166,0.00928983092308,0.00698302453384,0.00945744756609,0.00510326214135,0.00550836184993,0.0068778754212,0.00760263437405,0.00365193374455,0.00909832026809,0.00402120687068,0.00239119236358,0.00218853633851,0.00075490004383,0.0000325188739225,0.0000124004045574],"mean":[0.00000621676645096,0.000342285144143,0.00046961568296,0.00113631645218,0.00735493004322,0.00267313793302,0.00244553410448,0.00297686853446,0.00164032541215,0.00149626564234,0.00114186783321,0.00136157358065,0.000761231931392,0.000357013428584,0.000275743572274,0.000202265902772,0.000310016330332,0.000179120659595,0.00011478192755,0.000160403113114,0.0000622142761131,0.0000362072860298,0.0000399422169721,0.0000214022384171,0.0000051972519941,2.88352111966e-7,9.45628002569e-8],"median":[0.00000180290112439,0.000176133195055,0.00026487611467,0.000703593483195,0.00458969455212,0.00164199620485,0.00138521427289,0.0018759155646,0.00105766276829,0.000953340786509,0.000744550663512,0.000732242071535,0.000499394023791,0.000190662103705,0.000118742631457,0.000103381535155,0.00014072979684,0.000103833794128,0.0000631480579614,0.0000548825737496,0.0000146668899106,0.00000750465551391,0.00000683609596308,0.00000268800704362,5.13915153988e-7,9.21631553297e-8,4.79041695201e-8],"min":[1.21408222017e-11,2.67015264066e-11,4.00022983488e-12,8.48559590649e-12,6.5586646357e-12,2.89742253627e-12,4.03418834796e-12,4.57426793925e-13,1.58282740213e-12,2.5447307022e-12,9.78423071729e-13,2.73965398978e-12,2.21720970577e-13,9.0740240842e-14,8.09345483428e-13,2.88131432775e-12,3.31103287149e-12,3.46020608e-12,3.47398585593e-12,5.65958391263e-12,6.03723451439e-12,5.2397886377e-12,4.33236085895e-12,5.41213514976e-12,6.37846589782e-12,9.3634188944e-12,1.09081728025e-11],"var":[1.89647533788e-10,3.69629134411e-7,4.78787626434e-7,0.00000182644805591,0.0000780055415817,0.0000108752474262,0.0000105761355371,0.0000117402851174,0.00000334937135449,0.00000292306481242,0.00000187391094641,0.00000376827438231,7.80762718477e-7,2.49015414511e-7,2.56710507074e-7,1.18759594159e-7,2.25729138492e-7,7.03838409777e-8,3.7982658796e-8,7.41289767348e-8,4.77192330095e-8,1.95184277629e-8,1.72309597701e-8,7.57476659174e-9,5.37637934173e-10,1.16373132918e-12,7.99594358824e-14]},"barkbands_crest":{"dmean":2.50725102425,"dmean2":4.17360019684,"dvar":4.69518709183,"dvar2":12.7883968353,"max":23.6080341339,"mean":9.15110969543,"median":8.43859863281,"min":3.03077173233,"var":11.5966300964},"barkbands_flatness_db":{"dmean":0.0190877504647,"dmean2":0.0299412049353,"dvar":0.000287545990432,"dvar2":0.000676351599395,"max":0.311420291662,"mean":0.172136887908,"median":0.172033414245,"min":0.0374738164246,"var":0.00131899351254},"barkbands_kurtosis":{"dmean":1.74770569801,"dmean2":2.85702443123,"dvar":4.60726165771,"dvar2":12.6233472824,"max":34.6440010071,"mean":2.80927395821,"median":1.84548377991,"min":-1.83870244026,"var":11.5334615707},"barkbands_skewness":{"dmean":0.408675044775,"dmean2":0.657226145267,"dvar":0.122620582581,"dvar2":0.322163432837,"max":5.05166292191,"mean":1.34120607376,"median":1.24667298794,"min":-0.843873262405,"var":0.47508892417},"barkbands_spread":{"dmean":2.55624890327,"dmean2":3.96471166611,"dvar":8.80926609039,"dvar2":19.5207042694,"max":102.752861023,"mean":12.0123672485,"median":10.5707149506,"min":2.00855088234,"var":54.6823005676},"dissonance":{"dmean":0.0226810611784,"dmean2":0.0383517034352,"dvar":0.000393871916458,"dvar2":0.00108729628846,"max":0.5,"mean":0.452141195536,"median":0.456614822149,"min":0.296574801207,"var":0.000834001286421},"dynamic_complexity":2.96790456772,"erbbands":{"dmean":[0.000993361929432,0.0317020043731,0.230707809329,1.12955713272,11.0332260132,13.0386810303,9.8815612793,9.40442180634,13.839184761,26.2560386658,36.6269264221,21.7906799316,18.3966712952,38.8890228271,20.0018234253,34.300075531,22.0104579926,12.729186058,8.53931903839,5.36546516418,4.73780012131,8.95001792908,5.35567998886,2.8508336544,2.69370555878,3.19234466553,1.83905756474,1.1217135191,0.834910929203,0.633047878742,0.811785459518,0.544199109077,0.199129536748,0.056867338717,0.010129111819,0.00166240183171,0.00025291138445,0.0000547656673007,0.0000134291985887,0.00000774808631832],"dmean2":[0.00164090620819,0.0471919253469,0.358443200588,1.94930791855,18.7003135681,20.1035842896,15.0407314301,14.3674583435,20.9885025024,40.2202758789,56.8110771179,35.1096839905,28.6642475128,62.5229072571,33.2938575745,57.243144989,35.7413864136,20.7366809845,14.0690088272,8.65048980713,7.4457783699,14.5151977539,8.55226421356,4.41067886353,4.11248636246,4.74297142029,2.72966003418,1.63376891613,1.23364412785,0.904327988625,1.19664871693,0.802061796188,0.291952043772,0.0810322165489,0.0150410654023,0.00252798059955,0.000401441473514,0.0000888629583642,0.0000215507061512,0.000011973303117],"dvar":[0.00000363722369912,0.00311570730992,0.157923132181,2.62789797783,229.712463379,452.708587646,445.965545654,219.94442749,545.556335449,2185.76953125,3686.85620117,1019.35357666,852.193359375,3962.57641602,775.649780273,3125.59838867,1021.14117432,402.36114502,424.913696289,96.7647094727,96.3848419189,301.543151855,134.553741455,29.9063911438,54.8430900574,46.5096702576,71.7441940308,26.14868927,7.80661964417,5.5988368988,7.65197038651,3.65971326828,0.639367878437,0.0465750433505,0.0021044947207,0.0000477146895719,0.00000144368141264,6.10441333038e-8,3.63114804891e-9,8.75645111975e-11],"dvar2":[0.00000972937777988,0.00639357278123,0.368860334158,8.04535007477,614.509155273,1009.9776001,1082.24182129,523.864868164,1358.10168457,5299.07617188,9008.328125,2599.60375977,2048.04077148,10274.1064453,2125.28613281,8360.07617188,2642.5078125,1027.94787598,1172.0012207,242.182250977,232.556732178,776.325866699,335.304656982,65.4480895996,122.920547485,102.803405762,126.759933472,59.5130882263,15.2154655457,10.6268234253,15.8352603912,7.58432197571,1.28598105907,0.0812100768089,0.00400140322745,0.0000976531373453,0.00000359076534551,1.50138220079e-7,9.31999988296e-9,2.03489322614e-10],"max":[0.0653560236096,3.06033492088,14.872220993,31.5120925903,257.817779541,466.375793457,679.59552002,277.9453125,576.877319336,1079.81567383,1237.94665527,504.264434814,579.161193848,1219.26818848,513.841308594,882.121582031,537.567810059,416.990264893,576.550354004,232.993164063,314.138031006,366.138641357,437.197113037,188.928695679,397.625396729,165.000946045,533.17791748,188.874450684,173.092559814,134.33682251,73.5335998535,56.1573028564,30.624376297,12.0191574097,2.50631165504,0.325825601816,0.0550655834377,0.00900694169104,0.0028340939898,0.000247438350925],"mean":[0.00227371160872,0.105574518442,0.578633546829,2.11166739464,18.2053279877,23.1928253174,19.1399593353,20.3147354126,30.0907115936,52.2231712341,66.1652297974,40.5714111328,35.3173408508,64.4228897095,39.2919998169,58.1725578308,41.5098419189,23.239528656,16.0994033813,11.1427516937,11.0831804276,18.1737251282,11.4586906433,6.49948310852,6.05849266052,7.71005153656,4.05796051025,1.77916419506,1.32710456848,1.09260499477,1.16571319103,0.671693623066,0.285101562738,0.095333725214,0.0152388410643,0.00242470903322,0.000400057615479,0.0000880105726537,0.000029241115044,0.0000308760754706],"median":[0.00138492451515,0.0544999167323,0.340511322021,1.36942481995,11.2372865677,11.8817768097,9.38274002075,12.8864364624,19.0690059662,28.7029266357,37.8783073425,26.3066825867,22.6067581177,33.2803688049,30.0117816925,32.5851783752,27.3632831573,14.9801588058,7.44150447845,5.90927028656,5.37917137146,8.56505966187,6.36034631729,4.11601829529,3.02608776093,2.71310544014,1.15806460381,0.396278083324,0.292135924101,0.197186127305,0.190482676029,0.0866274833679,0.0336567610502,0.00910038687289,0.00207310961559,0.000525292183738,0.000167725942447,0.0000457614660263,0.0000205989308597,0.0000271532717306],"min":[1.02327679663e-9,5.05866326606e-9,1.05949693463e-8,2.13090931567e-8,2.21515978893e-8,1.6738209041e-8,6.45445012992e-8,2.7709251782e-8,7.02369433725e-8,2.48263347657e-8,8.05917022006e-9,2.74139484446e-8,9.67803543972e-8,3.62513539187e-8,8.60894857624e-8,8.95096903264e-8,1.53454244867e-8,4.85901452407e-9,1.94302067769e-8,7.44652766116e-8,1.80249998039e-7,2.04998485742e-7,2.13674042016e-7,1.56448479061e-7,2.19256705236e-7,2.86575556174e-7,2.36440413914e-7,2.20052314148e-7,1.77615177677e-7,1.28359488372e-7,1.38856606213e-7,1.55734042551e-7,6.07466930092e-8,4.79792880981e-8,5.82383279379e-8,3.91149121981e-8,1.99054355221e-8,4.41459668821e-9,1.5244735474e-9,1.6123233304e-10],"var":[0.0000107511814349,0.0346528328955,0.770923733711,5.17044210434,466.635803223,1075.9395752,1020.94055176,581.158996582,1321.47070313,5267.50146484,7256.71289063,2044.12927246,1779.4921875,7250.38867188,1470.15576172,6325.81347656,2427.57470703,792.971740723,944.390380859,244.842269897,317.62487793,794.22454834,285.013000488,67.7411270142,99.6542510986,174.90713501,138.756576538,42.0400657654,24.0277061462,18.4249897003,15.3393669128,6.48509645462,1.42429018021,0.160141170025,0.00604918086901,0.00011290400289,0.00000169688041751,5.82089469958e-8,3.11208081527e-9,3.88241661042e-10]},"erbbands_crest":{"dmean":2.55690908432,"dmean2":4.16927814484,"dvar":4.98269844055,"dvar2":12.4902257919,"max":26.2487010956,"mean":9.08804988861,"median":8.40231132507,"min":2.55276823044,"var":11.2558727264},"erbbands_flatness_db":{"dmean":0.0166701488197,"dmean2":0.0251562036574,"dvar":0.000246816052822,"dvar2":0.000534510239959,"max":0.326094269753,"mean":0.223374977708,"median":0.226107046008,"min":0.0316324718297,"var":0.00128548208158},"erbbands_kurtosis":{"dmean":0.75885117054,"dmean2":1.21138882637,"dvar":0.564743280411,"dvar2":1.42715859413,"max":10.7533035278,"mean":0.592146396637,"median":0.371659547091,"min":-1.69993245602,"var":1.55777466297},"erbbands_skewness":{"dmean":0.312085449696,"dmean2":0.494438737631,"dvar":0.0666657835245,"dvar2":0.171586290002,"max":2.87818717957,"mean":0.570350646973,"median":0.551697611809,"min":-2.03525590897,"var":0.226325899363},"erbbands_spread":{"dmean":4.83283662796,"dmean2":7.44792747498,"dvar":22.6981220245,"dvar2":48.4906349182,"max":101.933937073,"mean":24.4093265533,"median":21.9834976196,"min":5.54838848114,"var":117.263023376},"gfcc":{"cov":[[6647.80078125,185.639602661,-1232.78234863,227.50352478,-703.638244629,208.488128662,-284.761962891,-150.454742432,-60.3679008484,-257.018371582,64.5726089478,-297.293121338,115.442268372],[185.639602661,901.366577148,-23.7334098816,-238.799850464,330.433807373,-253.201202393,103.327613831,-23.7727069855,31.4344520569,-29.0715999603,16.0936965942,9.34242343903,-69.307723999],[-1232.78234863,-23.7334098816,476.780395508,37.6411819458,128.8699646,-5.26327228546,24.795091629,35.1564102173,21.8560752869,50.7230873108,-36.917175293,83.8455657959,-20.0916805267],[227.50352478,-238.799850464,37.6411819458,268.113769531,-73.5156936646,58.3854789734,-40.3909988403,-7.49776935577,8.08363628387,-2.37011885643,-28.2056884766,-6.56189966202,43.6320762634],[-703.638244629,330.433807373,128.8699646,-73.5156936646,325.175872803,-129.758407593,66.1085586548,27.2252807617,18.1240577698,26.5609722137,-17.2572250366,50.8458175659,-36.6918640137],[208.488128662,-253.201202393,-5.26327228546,58.3854789734,-129.758407593,198.696960449,-13.8563766479,9.78533172607,-8.60427856445,-13.0559539795,14.1489686966,-22.4573898315,16.4480323792],[-284.761962891,103.327613831,24.795091629,-40.3909988403,66.1085586548,-13.8563766479,109.167182922,10.659485817,0.42182263732,6.5830745697,4.15283536911,15.3745203018,-29.1434688568],[-150.454742432,-23.7727069855,35.1564102173,-7.49776935577,27.2252807617,9.78533172607,10.659485817,80.3242340088,25.9275665283,23.1295852661,5.33645009995,5.22052240372,2.3064467907],[-60.3679008484,31.4344520569,21.8560752869,8.08363628387,18.1240577698,-8.60427856445,0.42182263732,25.9275665283,80.6347732544,29.6048355103,-0.825335741043,3.46347951889,-14.1023674011],[-257.018371582,-29.0715999603,50.7230873108,-2.37011885643,26.5609722137,-13.0559539795,6.5830745697,23.1295852661,29.6048355103,86.9659194946,11.9471120834,11.4599704742,-5.25995063782],[64.5726089478,16.0936965942,-36.917175293,-28.2056884766,-17.2572250366,14.1489686966,4.15283536911,5.33645009995,-0.825335741043,11.9471120834,65.185760498,-0.748868525028,-7.28062391281],[-297.293121338,9.34242343903,83.8455657959,-6.56189966202,50.8458175659,-22.4573898315,15.3745203018,5.22052240372,3.46347951889,11.4599704742,-0.748868525028,73.9189605713,-1.02843976021],[115.442268372,-69.307723999,-20.0916805267,43.6320762634,-36.6918640137,16.4480323792,-29.1434688568,2.3064467907,-14.1023674011,-5.25995063782,-7.28062391281,-1.02843976021,71.3362197876]],"icov":[[0.00106986647006,-0.00259073870257,0.00236292625777,-0.00213005486876,0.00260111945681,-0.0020588694606,0.00260398676619,-0.00131900398992,0.00142647849862,-0.000553967081942,0.00129276269581,-0.00105617323425,0.000996861606836],[-0.00259073870257,0.0101690609008,-0.00579620432109,0.00710183475167,-0.00917963590473,0.00785789918154,-0.00804206728935,0.00546540366486,-0.0063635520637,0.0045125647448,-0.00544470036402,0.00498581118882,-0.00330842938274],[0.00236292625777,-0.00579620432109,0.00861274637282,-0.00534742232412,0.00475258519873,-0.0056642764248,0.00620914343745,-0.00373492366634,0.00370692810975,-0.00288356887177,0.00496405130252,-0.0056520672515,0.00359446834773],[-0.00213005486876,0.00710183475167,-0.00534742232412,0.0101799173281,-0.00602668430656,0.00448248721659,-0.00542235653847,0.00472147855908,-0.00555760227144,0.00252774916589,-0.00192109320778,0.00358677143231,-0.00494350912049],[0.00260111945681,-0.00917963590473,0.00475258519873,-0.00602668430656,0.0142711829394,-0.00386648438871,0.00547179300338,-0.00645823730156,0.00559819675982,-0.0036713629961,0.00568756693974,-0.00555855408311,0.00390922604129],[-0.0020588694606,0.00785789918154,-0.0056642764248,0.00448248721659,-0.00386648438871,0.0139607302845,-0.00746322236955,0.00214943452738,-0.00429816357791,0.00468188058585,-0.0060824919492,0.00522639136761,-0.00274678599089],[0.00260398676619,-0.00804206728935,0.00620914343745,-0.00542235653847,0.00547179300338,-0.00746322236955,0.0189971234649,-0.00542221823707,0.00617917021737,-0.0031211215537,0.00423358380795,-0.00530187273398,0.00685656536371],[-0.00131900398992,0.00546540366486,-0.00373492366634,0.00472147855908,-0.00645823730156,0.00214943452738,-0.00542221823707,0.0190347544849,-0.00826167687774,0.000469316903036,-0.00422357162461,0.00373914465308,-0.00511905923486],[0.00142647849862,-0.0063635520637,0.00370692810975,-0.00555760227144,0.00559819675982,-0.00429816357791,0.00617917021737,-0.00826167687774,0.0205736979842,-0.00764956558123,0.00490414863452,-0.00365203781985,0.0065652760677],[-0.000553967081942,0.0045125647448,-0.00288356887177,0.00252774916589,-0.0036713629961,0.00468188058585,-0.0031211215537,0.000469316903036,-0.00764956558123,0.0180719699711,-0.006549755577,0.00272113876417,-0.0021445855964],[0.00129276269581,-0.00544470036402,0.00496405130252,-0.00192109320778,0.00568756693974,-0.0060824919492,0.00423358380795,-0.00422357162461,0.00490414863452,-0.006549755577,0.0219401717186,-0.00519208749756,0.0040361052379],[-0.00105617323425,0.00498581118882,-0.0056520672515,0.00358677143231,-0.00555855408311,0.00522639136761,-0.00530187273398,0.00373914465308,-0.00365203781985,0.00272113876417,-0.00519208749756,0.0212663058192,-0.0043281246908],[0.000996861606836,-0.00330842938274,0.00359446834773,-0.00494350912049,0.00390922604129,-0.00274678599089,0.00685656536371,-0.00511905923486,0.0065652760677,-0.0021445855964,0.0040361052379,-0.0043281246908,0.0203265808523]],"mean":[-41.3630371094,145.515411377,-152.215881348,8.93972396851,-69.6502456665,-9.59989452362,-34.4039993286,-10.4230833054,-24.5429916382,-19.1799983978,-6.85724925995,-13.4190387726,-11.2855796814]},"hfc":{"dmean":3.65982818604,"dmean2":5.52019691467,"dvar":18.7624053955,"dvar2":39.5555992126,"max":98.2901992798,"mean":16.5764598846,"median":14.3985080719,"min":6.30782210465e-7,"var":131.188568115},"melbands":{"dmean":[0.0000172825475602,0.0000906556961127,0.000416161201429,0.00103990954813,0.000323309388477,0.000213481645915,0.000232478691032,0.000291624979582,0.000281813030597,0.000128166633658,0.0000929972957238,0.000158638285939,0.0000722609038348,0.0000990491607809,0.0000655565236229,0.0000405825885537,0.0000249876775342,0.0000142601402331,0.00000925429594645,0.00000781354810897,0.00000595710616835,0.0000100805873444,0.00000738431617719,0.00000377734977519,0.00000243239037445,0.00000236263304032,0.00000223775259656,0.00000224354926104,0.00000130385171815,8.94622075975e-7,6.21200172191e-7,4.96035625019e-7,4.33038508163e-7,3.344321442e-7,4.26098608841e-7,5.76821150844e-7,2.57497760003e-7,1.67385451277e-7,7.98406603053e-8,3.5207552429e-8],"dmean2":[0.0000267706454906,0.000138073999551,0.00072321773041,0.00167037290521,0.000490473525133,0.00032365260995,0.000351849215804,0.000447824015282,0.000440335599706,0.000206674041692,0.000145265934407,0.000255408638623,0.000119462602015,0.000166058292962,0.000107658153865,0.0000664057879476,0.0000408615451306,0.0000234734634432,0.0000149860825331,0.0000127231724036,0.0000094663901109,0.0000164387110999,0.0000119629203255,0.0000059737490119,0.00000385511293644,0.00000369553231394,0.00000339842904395,0.00000337231858794,0.00000198577799893,0.00000135565085202,9.26552786495e-7,7.63315540553e-7,6.37814650872e-7,4.89475041832e-7,6.30620149877e-7,8.86716350124e-7,3.81268563387e-7,2.52895119957e-7,1.17053531312e-7,5.13640578959e-8],"dvar":[8.72177052802e-10,2.44308679953e-8,2.83446922822e-7,0.00000257125930148,3.57498095127e-7,1.09512463098e-7,1.48292571112e-7,2.27325614333e-7,2.29304887966e-7,3.50902809032e-8,2.11340420719e-8,6.39897095311e-8,9.55980805628e-9,2.28398651103e-8,1.44494816112e-8,3.99124422401e-9,1.73301950568e-9,1.22934606939e-9,3.43920697476e-10,2.66818706018e-10,1.37595920768e-10,4.08688027864e-10,2.42856401655e-10,6.32300531378e-11,2.19720092814e-11,6.79714270979e-11,2.06509653128e-11,2.4358771944e-11,2.00891421553e-11,2.25384814978e-11,8.17887944871e-12,2.9706801255e-12,2.94979513905e-12,1.58492706806e-12,2.26109734235e-12,4.64990849644e-12,9.32878774229e-13,5.51583789494e-13,8.01918549468e-14,2.1700890935e-14],"dvar2":[2.02742089783e-9,5.50100338614e-8,8.56431483953e-7,0.00000605123022979,8.49859418395e-7,2.62191150568e-7,3.64348920812e-7,5.59760621854e-7,5.6515915503e-7,8.86922322252e-8,5.08143216393e-8,1.66114801914e-7,2.62051784716e-8,6.19552551484e-8,3.76610209685e-8,1.02905932664e-8,4.41977299204e-9,3.37348793344e-9,8.81485773263e-10,6.97184254772e-10,3.19597626142e-10,1.0518440563e-9,6.14519823916e-10,1.5193245273e-10,5.1131428952e-11,1.57086288421e-10,4.7398446279e-11,5.44511727374e-11,3.8002795355e-11,4.44383037312e-11,1.86000919528e-11,6.2439667152e-12,6.05404485224e-12,3.35361794758e-12,4.76274228389e-12,1.05550481549e-11,1.96974142726e-12,1.17850792059e-12,1.51902511294e-13,3.8575886192e-14],"max":[0.00156695907936,0.0066009410657,0.00766116008162,0.0307562034577,0.0184573289007,0.00559395365417,0.0106883486733,0.0106219341978,0.0103200431913,0.00287006120197,0.00290266587399,0.00461181020364,0.00150279491208,0.00293373782188,0.00234086764976,0.00101941952016,0.000865242502186,0.000905989436433,0.000403964630095,0.000448168808362,0.000306081288727,0.000416430528276,0.000479696725961,0.000213747523958,0.000180407441803,0.00046811698121,0.000133601628477,0.000112107460154,0.000261148903519,0.000261621316895,0.000117121169751,0.0000966303850873,0.0000959908211371,0.0000601866304351,0.0000508017365064,0.0000622339866823,0.0000305897992803,0.0000284405468847,0.0000149729985424,0.00000869741597853],"mean":[0.0000535413128091,0.000244623486651,0.000742250005715,0.00174943823367,0.000662915059365,0.000466832862003,0.000498644250911,0.000588715134654,0.000503255636431,0.000233467464568,0.00016572586901,0.000255757418927,0.00012775164214,0.000161078292876,0.00011653493857,0.0000715504720574,0.0000391956527892,0.0000247051993938,0.0000168255191966,0.0000144403011291,0.0000123920563055,0.0000192449024325,0.0000145340718518,0.00000743312057239,0.00000492905519422,0.0000044207386054,0.00000487011357109,0.00000519335117133,0.0000028219608339,0.00000147346031554,8.93272499525e-7,7.34871662189e-7,6.91570278377e-7,5.5592732906e-7,6.38098299532e-7,6.8694168931e-7,3.12640793254e-7,2.22905399028e-7,1.33251589318e-7,5.72202409899e-8],"median":[0.0000291016785923,0.000136298680445,0.000510232755914,0.000944537343457,0.000364470761269,0.00029341012123,0.000314814125886,0.000355072057573,0.000280634587398,0.000148975348566,0.00010044897499,0.000129547028337,0.000092962407507,0.000100403820397,0.0000644116225885,0.0000440021467512,0.0000211196584132,0.00000980185359367,0.00000774564250605,0.00000696669530953,0.00000566933795199,0.00000835434457258,0.00000741164649298,0.00000426957785749,0.00000307005461764,0.00000211734550248,0.0000018850593051,0.00000165315395861,7.48083834878e-7,3.26527839434e-7,1.60249470582e-7,1.58689800855e-7,1.23444749534e-7,9.49234504333e-8,1.02857718787e-7,8.80120722968e-8,3.3793075005e-8,2.25168967916e-8,1.22229506516e-8,5.06872499528e-9],"min":[8.84825199221e-12,6.0471272087e-12,3.89827059522e-12,1.11643929778e-12,2.00618363068e-12,6.52268820553e-13,1.00895062704e-12,2.21403367103e-13,4.74814076403e-14,2.23105740696e-13,4.72379513977e-13,1.49919871439e-13,2.03651738485e-13,3.27860297505e-13,6.94694139453e-14,2.45992411689e-14,5.25558236321e-15,2.31460138463e-14,7.18116972137e-14,1.0170594293e-13,2.38145224027e-13,1.70748221877e-13,2.43253361247e-13,1.63756852588e-13,1.15142460453e-13,1.52420909011e-13,1.69066190626e-13,1.97528110405e-13,1.06425210712e-13,1.94645514984e-13,1.1181750377e-13,1.07099686108e-13,8.66736085572e-14,5.68779168187e-14,6.33543578384e-14,1.19184203522e-13,8.10937688528e-14,4.74600759626e-14,2.61693844492e-14,4.69577583198e-14],"var":[8.14538569927e-9,1.53617079945e-7,5.90235231357e-7,0.00000572195540371,9.01535543107e-7,3.04081396507e-7,3.66182490552e-7,5.67014581065e-7,4.42515442955e-7,7.03338898234e-8,4.27733688468e-8,1.1633805741e-7,1.70166671865e-8,4.04025790601e-8,3.15864454592e-8,7.87337306463e-9,3.01432412364e-9,2.68920463675e-9,7.26470550383e-10,6.57072118937e-10,4.0795708478e-10,9.95828752792e-10,5.49156942142e-10,1.22466467523e-10,4.18351707443e-11,9.54590295699e-11,6.46090472789e-11,8.8258331199e-11,4.6330238257e-11,3.50933032633e-11,1.39343311195e-11,7.35685817821e-12,9.44412430204e-12,4.27912262915e-12,4.74273528436e-12,6.50778953296e-12,1.68277208574e-12,1.07240193288e-12,2.41687881731e-13,7.27542483724e-14]},"melbands_crest":{"dmean":3.30311822891,"dmean2":5.42130804062,"dvar":8.07891845703,"dvar2":21.0453128815,"max":32.2835655212,"mean":12.1694002151,"median":11.2272338867,"min":3.83574867249,"var":21.4519176483},"melbands_flatness_db":{"dmean":0.0234465003014,"dmean2":0.0358836390078,"dvar":0.000462146563223,"dvar2":0.00102301861625,"max":0.398833781481,"mean":0.230177596211,"median":0.2296846807,"min":0.0710635706782,"var":0.00258413213305},"melbands_kurtosis":{"dmean":2.86390399933,"dmean2":4.66277265549,"dvar":15.0638637543,"dvar2":40.891544342,"max":115.271965027,"mean":5.56984615326,"median":3.73687505722,"min":-1.41506767273,"var":38.4137687683},"melbands_skewness":{"dmean":0.47832608223,"dmean2":0.762827396393,"dvar":0.178283587098,"dvar2":0.462399274111,"max":10.057477951,"mean":1.71131145954,"median":1.54852676392,"min":-0.503726661205,"var":0.798641741276},"melbands_spread":{"dmean":3.44161248207,"dmean2":5.40908575058,"dvar":13.1912546158,"dvar2":29.3546352386,"max":158.595153809,"mean":15.6368894577,"median":14.7072410583,"min":2.5607984066,"var":49.2717094421},"mfcc":{"cov":[[6062.4453125,-440.071166992,-402.834686279,-278.550079346,-297.426239014,-17.7820320129,-121.359458923,-73.4496612549,-153.973022461,-3.6613240242,-258.211395264,17.6862316132,-57.0646705627],[-440.071166992,1403.10913086,-332.971588135,169.118713379,83.4417495728,-92.7653503418,30.5858802795,51.0276756287,-38.604888916,-8.00773048401,107.916999817,4.34095859528,-48.8558082581],[-402.834686279,-332.971588135,382.88092041,-11.594909668,24.2703609467,59.448059082,-15.5666265488,10.6868906021,27.4400424957,6.40762615204,-9.33607673645,-4.45133161545,6.46756696701],[-278.550079346,169.118713379,-11.594909668,257.777404785,66.9709091187,11.8209438324,-26.1969089508,8.32891273499,29.1289405823,-1.35040748119,20.0669345856,-31.1640739441,-3.78640532494],[-297.426239014,83.4417495728,24.2703609467,66.9709091187,144.098114014,-3.57092118263,-4.68653297424,5.58511781693,31.2381324768,4.92896413803,13.6298847198,-4.94033479691,3.79389357567],[-17.7820320129,-92.7653503418,59.448059082,11.8209438324,-3.57092118263,101.296531677,4.92092323303,21.6753444672,-1.12920427322,6.15579843521,2.36328148842,-9.28517246246,-15.8222885132],[-121.359458923,30.5858802795,-15.5666265488,-26.1969089508,-4.68653297424,4.92092323303,103.756378174,14.5665960312,-5.26556015015,0.457689106464,-3.01117682457,6.76977729797,14.0138759613],[-73.4496612549,51.0276756287,10.6868906021,8.32891273499,5.58511781693,21.6753444672,14.5665960312,92.5990066528,0.560573756695,2.30352878571,11.5400352478,2.34244894981,-24.8508987427],[-153.973022461,-38.604888916,27.4400424957,29.1289405823,31.2381324768,-1.12920427322,-5.26556015015,0.560573756695,83.7181243896,13.4731988907,0.67620486021,-8.23251914978,13.2180185318],[-3.6613240242,-8.00773048401,6.40762615204,-1.35040748119,4.92896413803,6.15579843521,0.457689106464,2.30352878571,13.4731988907,83.6708068848,16.0421333313,6.09310817719,6.39154434204],[-258.211395264,107.916999817,-9.33607673645,20.0669345856,13.6298847198,2.36328148842,-3.01117682457,11.5400352478,0.67620486021,16.0421333313,97.468460083,18.1198825836,-7.43799734116],[17.6862316132,4.34095859528,-4.45133161545,-31.1640739441,-4.94033479691,-9.28517246246,6.76977729797,2.34244894981,-8.23251914978,6.09310817719,18.1198825836,75.3936309814,14.5265760422],[-57.0646705627,-48.8558082581,6.46756696701,-3.78640532494,3.79389357567,-15.8222885132,14.0138759613,-24.8508987427,13.2180185318,6.39154434204,-7.43799734116,14.5265760422,92.9182281494]],"icov":[[0.000256305618677,0.0000804978408269,0.000355609256076,0.000119597883895,0.000254606071394,-0.000112271562102,0.000396961520892,0.0000223994011321,0.000262347137323,-0.00018132851983,0.000646885833703,-0.000168843296706,0.000149793500896],[0.0000804978408269,0.00126719370019,0.00097896810621,-0.000637925171759,-0.00049721886171,0.000905665860046,-0.000334294629283,-0.000582598848268,0.000736667017918,0.00002030757787,-0.000828897522297,0.00000775084026827,0.00051695050206],[0.000355609256076,0.00097896810621,0.00418979721144,0.000230106641538,-0.00066647247877,-0.00149684376083,0.000958611664828,-0.00057090370683,-0.000063839564973,-0.000119290270959,0.000500021211337,-0.000214391373447,0.0000167673624674],[0.000119597883895,-0.000637925171759,0.000230106641538,0.00545170484111,-0.00159896840341,-0.0014101130655,0.00165430281777,-0.000111616587674,-0.00112422928214,0.000342178129358,-0.00020595623937,0.00188319187146,-0.000684520811774],[0.000254606071394,-0.00049721886171,-0.00066647247877,-0.00159896840341,0.00910083483905,0.000414734124206,0.000254402664723,-0.00000674078182783,-0.00236487877555,-0.000232721911743,0.000348938890966,-0.000426412763773,-0.0000179615344678],[-0.000112271562102,0.000905665860046,-0.00149684376083,-0.0014101130655,0.000414734124206,0.0128321703523,-0.00152441090904,-0.00245724944398,0.00112587946933,-0.00089263136033,-0.00123826321214,0.00126986810938,0.00179843336809],[0.000396961520892,-0.000334294629283,0.000958611664828,0.00165430281777,0.000254402664723,-0.00152441090904,0.0115683441982,-0.00208333577029,0.000676115101669,-0.000194464751985,0.00168427207973,-0.000331513874698,-0.00239932839759],[0.0000223994011321,-0.000582598848268,-0.00057090370683,-0.000111616587674,-0.00000674078182783,-0.00245724944398,-0.00208333577029,0.0131290135905,-0.000892101612408,-0.000142031596624,-0.000362240680261,-0.0012393532088,0.00345145515166],[0.000262347137323,0.000736667017918,-0.000063839564973,-0.00112422928214,-0.00236487877555,0.00112587946933,0.000676115101669,-0.000892101612408,0.0149000892416,-0.00230722338893,0.000418146490119,0.00141768273897,-0.00169426330831],[-0.00018132851983,0.00002030757787,-0.000119290270959,0.000342178129358,-0.000232721911743,-0.00089263136033,-0.000194464751985,-0.000142031596624,-0.00230722338893,0.0130251040682,-0.00264234887436,-0.000415202695876,-0.000943937920965],[0.000646885833703,-0.000828897522297,0.000500021211337,-0.00020595623937,0.000348938890966,-0.00123826321214,0.00168427207973,-0.000362240680261,0.000418146490119,-0.00264234887436,0.0142955482006,-0.00383873935789,0.00120900443289],[-0.000168843296706,0.00000775084026827,-0.000214391373447,0.00188319187146,-0.000426412763773,0.00126986810938,-0.000331513874698,-0.0012393532088,0.00141768273897,-0.000415202695876,-0.00383873935789,0.0159603916109,-0.00303137511946],[0.000149793500896,0.00051695050206,0.0000167673624674,-0.000684520811774,-0.0000179615344678,0.00179843336809,-0.00239932839759,0.00345145515166,-0.00169426330831,-0.000943937920965,0.00120900443289,-0.00303137511946,0.0135654639453]],"mean":[-670.036743164,170.759521484,-25.9163818359,12.2966337204,-16.7161693573,-8.44106006622,-6.59960842133,0.398896127939,-16.6430664063,-4.36217880249,-10.7080698013,0.586373865604,-5.75348043442]},"pitch_salience":{"dmean":0.0616820454597,"dmean2":0.102303534746,"dvar":0.00252005062066,"dvar2":0.00676104146987,"max":0.852558672428,"mean":0.596232056618,"median":0.599868535995,"min":0.246998563409,"var":0.00645348802209},"silence_rate_20dB":{"dmean":0,"dmean2":0,"dvar":0,"dvar2":0,"max":1,"mean":1,"median":1,"min":1,"var":0},"silence_rate_30dB":{"dmean":0.000782013696153,"dmean2":0.00156418024562,"dvar":0.000781308743171,"dvar2":0.00195242336486,"max":1,"mean":0.9994135499,"median":1,"min":0,"var":0.000586196430959},"silence_rate_60dB":{"dmean":0.00195503421128,"dmean2":0.00391045073047,"dvar":0.00195120472927,"dvar2":0.00487274071202,"max":1,"mean":0.0439839698374,"median":0,"min":0,"var":0.0420526191592},"spectral_centroid":{"dmean":141.266586304,"dmean2":220.009109497,"dvar":21746.9980469,"dvar2":47798.5507813,"max":3885.90673828,"mean":883.053588867,"median":808.368652344,"min":310.520202637,"var":122986.007813},"spectral_complexity":{"dmean":2.32258057594,"dmean2":3.71893644333,"dvar":4.71227550507,"dvar2":10.8583946228,"max":53,"mean":18.5407104492,"median":18,"min":0,"var":49.9068489075},"spectral_contrast_coeffs":{"dmean":[0.0531827881932,0.0431322976947,0.0369608215988,0.0295190680772,0.0215498693287,0.0173630472273],"dmean2":[0.0893532708287,0.0710937380791,0.0616733133793,0.0490349829197,0.0347053520381,0.0269394703209],"dvar":[0.00166043336503,0.00117932865396,0.000821241410449,0.000523292284925,0.000325157103362,0.000234179664403],"dvar2":[0.00473425723612,0.00316987256519,0.00229170289822,0.00141875201371,0.000793960585725,0.000512638187502],"max":[-0.268318116665,-0.457402378321,-0.54483962059,-0.589374184608,-0.594152569771,-0.615038156509],"mean":[-0.523668706417,-0.708416104317,-0.747300446033,-0.762129724026,-0.772933065891,-0.754101157188],"median":[-0.521520674229,-0.707765519619,-0.748455822468,-0.761968195438,-0.775694847107,-0.753379762173],"min":[-0.920181691647,-0.960787177086,-0.961354553699,-0.939402878284,-0.934971451759,-0.910189092159],"var":[0.00659925304353,0.00406229542568,0.00284914905205,0.00204494898207,0.00142251257785,0.00133155973163]},"spectral_contrast_valleys":{"dmean":[0.375982433558,0.284951984882,0.252349287271,0.209427863359,0.200840011239,0.334068387747],"dmean2":[0.637736260891,0.474932640791,0.425555229187,0.346170693636,0.311931222677,0.488787531853],"dvar":[0.0910815149546,0.0498788021505,0.0390325598419,0.0266928039491,0.0367890782654,0.141499832273],"dvar2":[0.258840173483,0.137033328414,0.109976567328,0.0713158026338,0.0844784602523,0.303501367569],"max":[-6.17697572708,-4.76133728027,-5.11446380615,-6.04068183899,-6.03518152237,-8.01252555847],"mean":[-8.03091812134,-6.31020402908,-6.88665342331,-7.7959022522,-7.97992229462,-11.4634838104],"median":[-7.93192958832,-6.18459939957,-6.70889234543,-7.66615104675,-7.88444900513,-11.5571641922],"min":[-15.9011554718,-16.4505596161,-15.9023618698,-17.0654716492,-15.6340017319,-17.5446128845],"var":[0.630609989166,0.806265294552,0.900413811207,0.865306437016,0.904813528061,0.978937327862]},"spectral_decrease":{"dmean":1.66802371915e-9,"dmean2":2.6032815903e-9,"dvar":3.58782931891e-18,"dvar2":8.53517381512e-18,"max":-2.53002206618e-17,"mean":-6.37675068305e-9,"median":-5.65419089327e-9,"min":-3.43449286788e-8,"var":1.60018106042e-17},"spectral_energy":{"dmean":0.00656897062436,"dmean2":0.0102337282151,"dvar":0.0000550017903151,"dvar2":0.000130308253574,"max":0.13444224,"mean":0.0255708098412,"median":0.0227315239608,"min":1.52702711587e-10,"var":0.00025523288059},"spectral_energyband_high":{"dmean":0.000116457224067,"dmean2":0.000158827009727,"dvar":9.88696697846e-8,"dvar2":1.66307614791e-7,"max":0.0117766838521,"mean":0.00025041232584,"median":0.0000751027837396,"min":5.02080738096e-11,"var":3.17643724657e-7},"spectral_energyband_low":{"dmean":0.00041423048242,"dmean2":0.000655622920021,"dvar":4.139842531e-7,"dvar2":0.00000105161439024,"max":0.0218950714916,"mean":0.00109287025407,"median":0.00068173580803,"min":4.73656877609e-11,"var":0.00000198167708731},"spectral_energyband_middle_high":{"dmean":0.00183920748532,"dmean2":0.00295379501767,"dvar":0.00000532131525688,"dvar2":0.0000137032657221,"max":0.0454044565558,"mean":0.00595083413646,"median":0.00490520521998,"min":2.25455539654e-11,"var":0.000024454877348},"spectral_energyband_middle_low":{"dmean":0.00604013074189,"dmean2":0.00945924129337,"dvar":0.0000499965099152,"dvar2":0.000120926139061,"max":0.117965891957,"mean":0.0186412353069,"median":0.0159315187484,"min":3.09286103672e-11,"var":0.000168739337823},"spectral_entropy":{"dmean":0.150809779763,"dmean2":0.233019515872,"dvar":0.0212941914797,"dvar2":0.0494068749249,"max":8.684882164,"mean":7.1192688942,"median":7.10317611694,"min":5.9896903038,"var":0.117837376893},"spectral_flux":{"dmean":0.015678614378,"dmean2":0.0259763803333,"dvar":0.000224642106332,"dvar2":0.00060400943039,"max":0.254435181618,"mean":0.0732738748193,"median":0.0708441585302,"min":0.0000175890581886,"var":0.000967379892245},"spectral_kurtosis":{"dmean":3.91368532181,"dmean2":6.6640458107,"dvar":16.4935569763,"dvar2":46.9706611633,"max":49.0714797974,"mean":8.3740978241,"median":6.73701238632,"min":-0.920748233795,"var":34.787311554},"spectral_rms":{"dmean":0.00060945720179,"dmean2":0.000948785222135,"dvar":3.10972211537e-7,"dvar2":7.53013409849e-7,"max":0.0114526487887,"mean":0.00472248857841,"median":0.00470925634727,"min":3.85977017459e-7,"var":0.00000264518644144},"spectral_rolloff":{"dmean":218.582382202,"dmean2":366.638427734,"dvar":173470.9375,"dvar2":446646.53125,"max":11477.1972656,"mean":1059.06433105,"median":990.52734375,"min":86.1328125,"var":416287.5625},"spectral_skewness":{"dmean":0.342551618814,"dmean2":0.569265067577,"dvar":0.0998763814569,"dvar2":0.273383408785,"max":4.93351221085,"mean":1.93771016598,"median":1.85604941845,"min":0.1427667588,"var":0.337200641632},"spectral_spread":{"dmean":365486.09375,"dmean2":553196.625,"dvar":193990737920,"dvar2":413129048064,"max":10347261,"mean":2812172.75,"median":2626430,"min":1259284.875,"var":1053416095740},"spectral_strongpeak":{"dmean":0.526572644711,"dmean2":0.886728107929,"dvar":0.406806617975,"dvar2":1.0917942524,"max":17.6493015289,"mean":1.06680870056,"median":0.881262004375,"min":0,"var":0.622209906578},"zerocrossingrate":{"dmean":0.00501917814836,"dmean2":0.00621733954176,"dvar":0.0000336340563081,"dvar2":0.0000429834690294,"max":0.41455078125,"mean":0.0410624444485,"median":0.0380859375,"min":0.01220703125,"var":0.000352114642737}},"metadata":{"audio_properties":{"analysis_sample_rate":44100,"bit_rate":0,"codec":"flac","downmix":"mix","equal_loudness":0,"length":237.533340454,"lossless":true,"md5_encoded":"178e50c7bdc6b462737d51e48de6d80f","replay_gain":-8.89464187622,"sample_rate":44100},"tags":{"acoustid_id":["21b0c884-2c4f-4651-9043-e62935fd55c7"],"album":["Warrior on the Edge of Time"],"albumartist":["Hawkwind"],"albumartistsort":["Hawkwind"],"artist":["Hawkwind"],"artistsort":["Hawkwind"],"catalognumber":["55421 3931-2"],"date":["1993-05"],"discnumber":["1"],"disctotal":["1"],"file_name":"c8842c4f46519043e62935fd55c7.flac","label":["Griffin Music"],"media":["CD"],"musicbrainz_albumartistid":["5a28f8c2-31fb-4047-ae57-c5c326989262"],"musicbrainz_albumid":["b1384104-e9c1-317e-ae3b-48441870e969"],"musicbrainz_artistid":["5a28f8c2-31fb-4047-ae57-c5c326989262"],"musicbrainz_recordingid":["b63590f7-9bb0-45b3-9645-712c4bae2c3e"],"musicbrainz_releasegroupid":["f135db64-0d0f-32ca-9f2c-092a5d26aa58"],"musicbrainz_releasetrackid":["fb002576-7b07-355c-ac00-841189ddac47"],"originaldate":["1975-05"],"originalyear":["1975"],"releasecountry":["US"],"releasestatus":["official"],"releasetype":["album"],"script":["Latn"],"title":["The Demented Man"],"totaldiscs":["1"],"totaltracks":["12"],"tracknumber":["5"],"tracktotal":["12"]},"version":{"essentia":"2.1-beta2","essentia_build_sha":"2d9f1f26377add8aeb1075a9c2973f962c4f09fd","essentia_git_sha":"v2.1_beta2-1-ge3940c0","extractor":"music 1.0"}},"rhythm":{"beats_count":617,"beats_loudness":{"dmean":0.0100155100226,"dmean2":0.0174923110753,"dvar":0.000114146350825,"dvar2":0.000340763595887,"max":0.11449392885,"mean":0.0288433711976,"median":0.0249375086278,"min":2.67572417556e-8,"var":0.000354390125722},"beats_loudness_band_ratio":{"dmean":[0.117639601231,0.153686389327,0.140592634678,0.0921815186739,0.0277036502957,0.0194994341582],"dme