{"lowlevel":{"average_loudness":0.631728827953,"barkbands":{"dmean":[0.00756254605949,0.0145124047995,0.00322725181468,0.00161651638336,0.00231717946008,0.00144163623918,0.00131892459467,0.000773413979914,0.000559250474907,0.000576499965973,0.000289363844786,0.00045563277672,0.00037161167711,0.000331054994604,0.000272199889878,0.000268642092124,0.000220827030716,0.000193527404917,0.000127135528601,0.000112540503324,0.000109842760139,0.0000751311163185,0.0000353438808816,0.00000856836049934,0.00000324583288602,0.0000162029391504,0.000186195218703],"dmean2":[0.0127540668473,0.0243894532323,0.00553682306781,0.0027475960087,0.00372388865799,0.00227606645785,0.00208256719634,0.00125139369629,0.000909427355509,0.000953646027483,0.000481620751088,0.000751274521463,0.000622369756456,0.000557094113901,0.00045308994595,0.000443873344921,0.000365570769645,0.000321911065839,0.000205962438486,0.000178518763278,0.000166688740137,0.000111572575406,0.0000533448328497,0.0000137188817462,0.00000548419620827,0.0000249422064371,0.000291901291348],"dvar":[0.000228245262406,0.000465714081656,0.0000334587275574,0.00000839661970531,0.0000216552289203,0.0000106624856926,0.0000156036003318,0.00000454830615126,0.00000181131781574,9.95461846287e-7,3.7578271872e-7,4.70438948241e-7,3.02705217337e-7,2.88167285589e-7,1.84723759844e-7,1.58862150101e-7,1.22971201222e-7,1.1305334624e-7,4.4658399645e-8,4.70829029098e-8,4.38815312975e-8,2.38391315577e-8,4.96447416509e-9,3.06415809392e-10,3.10522302316e-11,8.60522597623e-10,6.00717697807e-8],"dvar2":[0.000570149044506,0.00130984932184,0.0000913376206881,0.0000220987276407,0.0000515226420248,0.0000232588499784,0.0000353165742126,0.0000112112475108,0.00000443703265773,0.00000252316590377,9.94020410872e-7,0.00000118709203889,8.45736678912e-7,8.17184684365e-7,4.8811796205e-7,4.11003554746e-7,3.28321135612e-7,3.01621213339e-7,1.11604634867e-7,1.18410483196e-7,1.00069307507e-7,5.38160556118e-8,1.10646123375e-8,7.45962625004e-10,7.92229337687e-11,2.00577887632e-9,1.433418646e-7],"max":[0.229321300983,0.279669523239,0.159504562616,0.0580218695104,0.0998352989554,0.110994838178,0.103134989738,0.0519265308976,0.0336170978844,0.0209321212023,0.0208580046892,0.014844590798,0.0154407219961,0.0136225474998,0.0103787854314,0.00794644653797,0.00527618266642,0.00484513211995,0.00368024804629,0.00503074517474,0.00580852059647,0.0033510804642,0.00265439134091,0.000590138719417,0.0000991498454823,0.000571114826016,0.00448057521135],"mean":[0.00761874113232,0.0194856580347,0.0038427435793,0.00198581349105,0.00388975511305,0.00227286666632,0.00201017456129,0.00114490429405,0.000860997417476,0.000896911951713,0.000432460539741,0.000770612212364,0.000669171276968,0.00059371459065,0.000522871443536,0.000511860940605,0.000400820223149,0.000353069859557,0.000245706323767,0.000216309214011,0.000213149469346,0.000138937743031,0.0000709411033313,0.000013212178601,0.0000031716358535,0.00003137913518,0.000591665680986],"median":[0.00235079415143,0.0124334152788,0.00180910958443,0.000957417301834,0.00182515196502,0.000883713481016,0.000650172994938,0.000329882779624,0.000343053397955,0.000487749057356,0.000205042015295,0.000507687684149,0.000467152975034,0.000388922693674,0.000329517439241,0.000352718227077,0.000274886231637,0.000183896961971,0.000151808490045,0.000126025392092,0.000118798285257,0.0000668620486977,0.0000236104133364,0.00000425481903221,0.00000119542448829,0.0000114542071969,0.000525228737388],"min":[1.366628312e-23,4.76741461639e-24,1.95304447421e-23,3.05727556103e-23,3.30596648575e-23,3.78672104059e-23,2.05292972648e-23,1.53701942763e-23,1.22919044074e-22,6.25645962584e-23,3.02879294918e-23,5.21689967157e-23,6.26245118219e-23,1.53896778785e-22,1.23438404851e-22,1.59147487457e-22,1.38615810988e-22,3.44842277455e-22,2.06275401087e-22,3.50892297862e-22,3.40769533752e-22,4.43055889295e-22,6.25507425987e-22,1.18403503278e-21,1.42345525153e-21,1.38363739005e-21,2.92311269946e-21],"var":[0.000242184789386,0.00055148411775,0.000041526138375,0.0000106088273242,0.0000526585354237,0.0000228356620937,0.0000321130464727,0.00000791560069047,0.0000034725489968,0.00000175137063252,5.51685559458e-7,8.3514578364e-7,5.42948953353e-7,5.49620324364e-7,4.06666231356e-7,2.99321101238e-7,1.97592584072e-7,2.03023162726e-7,8.6990681325e-8,8.81113493278e-8,8.81863329028e-8,4.24515924635e-8,1.44313823114e-8,5.99056415584e-10,3.10202037668e-11,2.20651252825e-9,2.07630421301e-7]},"barkbands_crest":{"dmean":3.42044782639,"dmean2":5.60138845444,"dvar":7.91023302078,"dvar2":20.7995090485,"max":25.4614677429,"mean":11.4363155365,"median":10.9095821381,"min":2.21877241135,"var":20.8532218933},"barkbands_flatness_db":{"dmean":0.0293647833169,"dmean2":0.0469909831882,"dvar":0.00066369905835,"dvar2":0.00177335157059,"max":0.451000511646,"mean":0.138057723641,"median":0.130242824554,"min":0.0246630068868,"var":0.00263570249081},"barkbands_kurtosis":{"dmean":7.18243598938,"dmean2":12.0011396408,"dvar":386.446289062,"dvar2":1132.15539551,"max":480.600189209,"mean":10.8519086838,"median":4.80541801453,"min":-1.90913689137,"var":661.401916504},"barkbands_skewness":{"dmean":0.771244585514,"dmean2":1.24261498451,"dvar":0.770002126694,"dvar2":2.09597802162,"max":18.2221908569,"mean":2.47953891754,"median":2.08299016953,"min":-1.96156334877,"var":2.74106836319},"barkbands_spread":{"dmean":7.51179361343,"dmean2":11.7957487106,"dvar":54.8696479797,"dvar2":134.599258423,"max":134.349853516,"mean":25.6867961884,"median":24.013250351,"min":0.432831525803,"var":199.042297363},"dissonance":{"dmean":0.0137087544426,"dmean2":0.0234247837216,"dvar":0.000210204598261,"dvar2":0.000592913886067,"max":0.500000119209,"mean":0.477719068527,"median":0.48312035203,"min":0.28876709938,"var":0.000359031255357},"dynamic_complexity":2.7467353344,"erbbands":{"dmean":[0.657699525356,2.60746073723,3.57050085068,4.8977804184,5.42370128632,8.22515964508,12.0092029572,12.1786336899,18.6353931427,16.2436561584,16.8162307739,13.1833295822,14.0018281937,16.7661361694,11.6150083542,19.1911296844,16.2509937286,16.5032253265,13.5361566544,14.2171802521,13.3767938614,11.3430929184,10.6764707565,7.85883188248,5.57536029816,5.27125406265,4.73832368851,4.23611783981,2.89686250687,1.8167746067,0.846079349518,0.287918835878,0.0941392183304,0.0391960591078,0.0227286815643,0.0176543071866,0.0304970946163,0.0414955355227,0.0134730720893,0.00428530806676],"dmean2":[1.12891983986,4.30988645554,6.10766506195,8.27366828918,9.13861560822,13.2881860733,18.9565029144,19.3958511353,29.3722782135,26.040977478,26.9679508209,21.2112369537,23.176612854,27.7353057861,19.1062755585,31.6364593506,27.0781784058,27.7799663544,22.4091644287,23.4658069611,22.1030483246,18.6616802216,17.7564678192,12.9029121399,8.99507522583,8.34321689606,7.35047912598,6.39325094223,4.31094837189,2.71174311638,1.28007614613,0.447593510151,0.153407037258,0.0658467933536,0.0383458994329,0.0289313234389,0.0469363033772,0.0610806159675,0.0203923434019,0.00675725284964],"dvar":[1.40269744396,12.7064275742,33.1978302002,70.339263916,84.1392211914,386.635681152,975.915283203,850.294311523,2962.07495117,1765.84875488,2487.73876953,1093.76806641,703.14642334,973.596923828,582.620910645,819.307556152,541.196350098,763.844726562,478.886962891,484.007507324,364.893554688,351.671936035,352.211486816,184.934432983,91.7950744629,105.941413879,86.7745132446,81.5456085205,36.9802284241,13.673664093,3.07316064835,0.373629689217,0.0314979329705,0.00423283455893,0.00152979046106,0.000846749753691,0.00327069638297,0.00601396150887,0.000606124114711,0.0000289357103611],"dvar2":[4.03551292419,34.4669723511,91.1437988281,183.078262329,227.142990112,924.857727051,2221.12817383,1759.90783691,6881.51757812,4120.33886719,6186.08837891,2563.41162109,1825.26855469,2493.83105469,1451.8963623,2105.33569336,1484.5949707,2194.83203125,1248.87585449,1302.6427002,960.37902832,933.562805176,941.856750488,471.080535889,225.565185547,267.447540283,210.43182373,189.078048706,85.0584487915,29.8203430176,7.09100532532,0.874133646488,0.0768661946058,0.0107302283868,0.00391292339191,0.00210626726039,0.0075677507557,0.0133314440027,0.00142587383743,0.0000693290712661],"max":[17.46626091,48.0880775452,127.692733765,180.285644531,219.547042847,456.343475342,761.44934082,1212.02416992,1366.32397461,1052.97253418,1405.10839844,1041.25292969,776.865356445,754.846130371,873.699707031,700.17376709,573.303710938,754.808837891,630.267456055,656.219421387,371.494049072,307.057739258,279.110565186,259.86730957,191.122833252,248.316192627,369.558319092,223.184890747,141.398178101,153.678466797,58.2782173157,22.2754249573,3.42943620682,1.26509034634,0.64725536108,0.564235329628,1.24480581284,1.43473517895,0.391355365515,0.106165379286],"mean":[0.745207905769,3.69263839722,4.84120130539,6.50183677673,7.95320367813,13.2060556412,18.7909507751,19.2249031067,28.0844402313,25.7756690979,25.4462356567,20.8408622742,22.6190929413,26.6416778564,20.361082077,33.0873184204,31.3428516388,31.7488212585,27.9300117493,28.597234726,27.2039985657,22.0415592194,19.9081420898,15.6003770828,11.0400285721,10.173324585,9.33881568909,7.64355278015,5.29003810883,3.50564432144,1.72357285023,0.524607896805,0.11913498491,0.0411050952971,0.0226783789694,0.0219462029636,0.0596209019423,0.0848248675466,0.0341178290546,0.0170568600297],"median":[0.388351619244,2.40071153641,2.91965079308,3.4250099659,4.6083817482,5.19873332977,5.73546934128,8.11017131805,9.43652248383,8.75518703461,7.69238090515,8.12631511688,12.5427865982,13.6503305435,11.1030693054,22.4854640961,22.6417541504,21.8729000092,18.078792572,19.0866756439,20.2422103882,15.0634565353,10.9016504288,8.7810049057,6.91619729996,5.9278960228,5.36546134949,4.0147895813,2.61552047729,1.36608874798,0.584677398205,0.167835563421,0.0356977246702,0.0162123758346,0.00910889264196,0.00889681652188,0.020702611655,0.0372291095555,0.0239382330328,0.0162237621844],"min":[2.42099594277e-22,1.12607513754e-21,1.1916694292e-20,8.79505602411e-20,1.40360542907e-19,6.19018995817e-20,2.25876710605e-19,2.55502571984e-19,2.32839865303e-19,3.9692277203e-19,6.33592742063e-19,3.20988015728e-18,1.46694991225e-18,2.07743784544e-18,1.09201923607e-18,2.44800214536e-18,3.18676997173e-18,8.73632428776e-18,4.75460893195e-18,7.38307417642e-18,8.97997199155e-18,8.48723952581e-18,1.72762130324e-17,1.52623442238e-17,9.40547452583e-18,1.52871232462e-17,1.58786450654e-17,1.27497442357e-17,1.63705842649e-17,1.72537054479e-17,2.10500740303e-17,2.62800839262e-17,1.69454417034e-17,1.24882434927e-17,1.10162904819e-17,6.70309903926e-18,2.44551936275e-18,1.03631648003e-18,3.57553240022e-19,4.9133775522e-20],"var":[1.34085154533,17.5734176636,42.7440872192,99.0600814819,113.664962769,899.878295898,2277.23510742,1641.61120605,5760.62158203,3398.06494141,4048.90991211,2146.33447266,1232.55224609,1677.68151855,981.993225098,1414.14160156,1042.77734375,1452.9921875,1096.13867188,1045.88525391,687.638549805,579.491577148,615.395446777,358.05065918,181.29788208,195.660827637,178.418380737,131.838104248,61.6117706299,32.9658470154,8.2942905426,0.891615211964,0.052050832659,0.00458277203143,0.00152600242291,0.00123634049669,0.00846764724702,0.0135853951797,0.00133703788742,0.000118658361316]},"erbbands_crest":{"dmean":2.11240100861,"dmean2":3.52410936356,"dvar":4.45490312576,"dvar2":11.1533031464,"max":29.3580245972,"mean":6.78342342377,"median":5.86754083633,"min":2.24484181404,"var":10.5775899887},"erbbands_flatness_db":{"dmean":0.0187023784965,"dmean2":0.0289382189512,"dvar":0.000277751503745,"dvar2":0.000657452968881,"max":0.361127048731,"mean":0.133066117764,"median":0.125164672732,"min":0.0379567965865,"var":0.00192001275718},"erbbands_kurtosis":{"dmean":0.618134379387,"dmean2":1.01066255569,"dvar":0.625172972679,"dvar2":1.56680929661,"max":21.1178226471,"mean":-0.0605132170022,"median":-0.307506084442,"min":-1.74460184574,"var":1.40848183632},"erbbands_skewness":{"dmean":0.307581871748,"dmean2":0.484960436821,"dvar":0.0746697410941,"dvar2":0.177299544215,"max":4.11646223068,"mean":-0.0566256344318,"median":-0.133200958371,"min":-2.98319029808,"var":0.361213564873},"erbbands_spread":{"dmean":6.9124045372,"dmean2":10.94257164,"dvar":40.5588035583,"dvar2":97.3740539551,"max":112.478866577,"mean":37.3253440857,"median":35.7667236328,"min":4.85214996338,"var":204.740463257},"gfcc":{"cov":[[8965.08789062,-879.649108887,-677.125183105,1086.3572998,10.5191440582,-203.944091797,478.521148682,-288.883636475,267.765533447,93.1491775513,-81.1639709473,421.088409424,-335.494628906],[-879.649108887,956.355529785,-104.553672791,-552.770751953,147.036575317,-134.812149048,-105.030151367,19.0345935822,-5.3919301033,-52.9760169983,32.3249816895,-168.649993896,141.210708618],[-677.125183105,-104.553672791,395.995330811,74.3643188477,-71.9631576538,200.660888672,-78.0053787231,79.6757507324,-61.6429519653,23.5018253326,5.50696563721,-5.3318977356,10.0257205963],[1086.3572998,-552.770751953,74.3643188477,646.668457031,44.7090072632,42.7978210449,209.664352417,-56.5721740723,16.6067352295,51.5655441284,6.22641706467,161.846542358,-93.1776123047],[10.5191440582,147.036575317,-71.9631576538,44.7090072632,260.125427246,-2.34912490845,64.0176010132,-0.69472360611,21.7792758942,-9.73613834381,38.3591270447,-6.87915182114,47.9528884888],[-203.944091797,-134.812149048,200.660888672,42.7978210449,-2.34912490845,233.200332642,-28.1816215515,78.0400848389,-27.8863143921,10.5501718521,-4.12055969238,2.65377211571,-3.98557591438],[478.521148682,-105.030151367,-78.0053787231,209.664352417,64.0176010132,-28.1816215515,235.791519165,-53.6563301086,69.6547088623,18.0192222595,1.60685098171,70.4631118774,-40.6110839844],[-288.883636475,19.0345935822,79.6757507324,-56.5721740723,-0.69472360611,78.0400848389,-53.6563301086,196.185699463,-1.41979849339,29.6888103485,22.7066688538,-43.2391662598,43.9564628601],[267.765533447,-5.3919301033,-61.6429519653,16.6067352295,21.7792758942,-27.8863143921,69.6547088623,-1.41979849339,128.156433105,28.0490016937,6.63480806351,35.4137039185,-31.8165073395],[93.1491775513,-52.9760169983,23.5018253326,51.5655441284,-9.73613834381,10.5501718521,18.0192222595,29.6888103485,28.0490016937,78.296043396,38.5643234253,22.1870136261,13.2143201828],[-81.1639709473,32.3249816895,5.50696563721,6.22641706467,38.3591270447,-4.12055969238,1.60685098171,22.7066688538,6.63480806351,38.5643234253,68.2718734741,23.2953472137,30.2128314972],[421.088409424,-168.649993896,-5.3318977356,161.846542358,-6.87915182114,2.65377211571,70.4631118774,-43.2391662598,35.4137039185,22.1870136261,23.2953472137,110.793235779,-20.5920886993],[-335.494628906,141.210708618,10.0257205963,-93.1776123047,47.9528884888,-3.98557591438,-40.6110839844,43.9564628601,-31.8165073395,13.2143201828,30.2128314972,-20.5920886993,110.198493958]],"icov":[[0.000238244814682,-0.000326395325828,0.000780330738053,-0.000659674813505,0.000240725741605,-0.00043473628466,0.000368478475139,-0.0000522917471244,-0.0000866222180775,-0.000429615349276,0.000598958169576,-0.000586288922932,0.000303712819004],[-0.000326395325828,0.00457053026184,-0.0030585094355,0.00462223123759,-0.00301541457884,0.00354045396671,-0.00213244813494,0.000532085774466,0.0000568308314541,0.00123011181131,-0.00187737122178,0.00246448162943,-0.00137767707929],[0.000780330738053,-0.0030585094355,0.00981461536139,-0.00635810941458,0.00505932699889,-0.0082672117278,0.00361467432231,0.000557230319828,-0.00133913371246,-0.000146665552165,-0.00101732381154,0.00100533314981,-0.00126706180163],[-0.000659674813505,0.00462223123759,-0.00635810941458,0.0113766044378,-0.00717503158376,0.00650107674301,-0.00535081978887,-0.00171019055415,0.0062270895578,-0.00463787140325,0.00379686360247,-0.00627566780895,0.0044744387269],[0.000240725741605,-0.00301541457884,0.00505932699889,-0.00717503158376,0.0115313036367,-0.00660296622664,0.000646677683108,0.00238721189089,-0.00597005104646,0.00777677167207,-0.00924717728049,0.00768548622727,-0.00658556213602],[-0.00043473628466,0.00354045396671,-0.0082672117278,0.00650107674301,-0.00660296622664,0.0136095136404,-0.00257674674504,-0.00385018717498,0.00420394912362,-0.00267769442871,0.00477608246729,-0.00457483716309,0.00371095375158],[0.000368478475139,-0.00213244813494,0.00361467432231,-0.00535081978887,0.000646677683108,-0.00257674674504,0.00989873334765,0.00103277433664,-0.00400025350973,-0.000762864074204,0.00182664126623,-0.00139218429103,0.0000381371937692],[-0.0000522917471244,0.000532085774466,0.000557230319828,-0.00171019055415,0.00238721189089,-0.00385018717498,0.00103277433664,0.00950350146741,-0.00470165349543,0.00144599121995,-0.00578515743837,0.00826600380242,-0.00532614113763],[-0.0000866222180775,0.0000568308314541,-0.00133913371246,0.0062270895578,-0.00597005104646,0.00420394912362,-0.00400025350973,-0.00470165349543,0.0185226406902,-0.0115217771381,0.00900696124882,-0.012119198218,0.0101971197873],[-0.000429615349276,0.00123011181131,-0.000146665552165,-0.00463787140325,0.00777677167207,-0.00267769442871,-0.000762864074204,0.00144599121995,-0.0115217771381,0.0313832834363,-0.0219637006521,0.0120365768671,-0.00995017029345],[0.000598958169576,-0.00187737122178,-0.00101732381154,0.00379686360247,-0.00924717728049,0.00477608246729,0.00182664126623,-0.00578515743837,0.00900696124882,-0.0219637006521,0.0396297127008,-0.0206816922873,0.00521400850266],[-0.000586288922932,0.00246448162943,0.00100533314981,-0.00627566780895,0.00768548622727,-0.00457483716309,-0.00139218429103,0.00826600380242,-0.012119198218,0.0120365768671,-0.0206816922873,0.0327206850052,-0.0108186770231],[0.000303712819004,-0.00137767707929,-0.00126706180163,0.0044744387269,-0.00658556213602,0.00371095375158,0.0000381371937692,-0.00532614113763,0.0101971197873,-0.00995017029345,0.00521400850266,-0.0108186770231,0.021487807855]],"mean":[14.838139534,97.071937561,-95.1552505493,7.85962724686,-7.81804990768,-15.1954288483,3.43537688255,-20.7732772827,3.5419588089,-5.90593385696,-5.38593673706,1.44040369987,-8.0013666153]},"hfc":{"dmean":46.5460700989,"dmean2":74.275680542,"dvar":6829.92675781,"dvar2":17582.2988281,"max":2199.11621094,"mean":147.191711426,"median":121.782859802,"min":1.2810379387e-16,"var":15985.7666016},"melbands":{"dmean":[0.00507223885506,0.00221670023166,0.000800396839622,0.000470507628052,0.000415322137997,0.000274541409453,0.00028024049243,0.000171804407728,0.000136173868668,0.0000808689073892,0.0000724025667296,0.000072910101153,0.0000383362494176,0.0000495207787026,0.000044087995775,0.0000393423142668,0.0000334242286044,0.000023973889256,0.0000212113864109,0.0000202952560358,0.000016815152776,0.000013106336155,0.0000099637763924,0.0000105005174191,0.00000663844684823,0.00000464753020424,0.00000404486945627,0.00000366749031855,0.00000338092399943,0.00000264584696197,0.0000025766064482,0.00000187247928807,0.00000126695886138,9.816022839e-7,5.64712252071e-7,3.13838427246e-7,1.33678312864e-7,7.05525806666e-8,4.63754936675e-8,2.98229565487e-8],"dmean2":[0.00855386629701,0.00373164867051,0.00134848221205,0.000772609666456,0.000653000432067,0.000434672343545,0.000440875650384,0.000275906320894,0.000218552522711,0.000130762709887,0.000119872245705,0.000120796466945,0.0000634557072772,0.0000821722496767,0.0000726586440578,0.0000661654412397,0.0000564734145883,0.0000398880729335,0.0000353771647497,0.0000335907207045,0.0000281401898974,0.0000216996577365,0.0000165996971191,0.0000176055800694,0.0000109444390546,0.00000758769010645,0.00000657938107906,0.00000588690727454,0.00000537448659088,0.0000041164457798,0.00000394650078306,0.00000286911927105,0.00000192437846636,0.0000014955116967,8.71779150202e-7,4.90193883707e-7,2.13256171833e-7,1.15628523645e-7,7.73548478605e-8,5.04202439799e-8],"dvar":[0.0000694840273354,0.00000884562359715,0.00000182649000635,7.2609708468e-7,0.00000112344810077,3.9546856101e-7,6.94566040238e-7,1.87899715343e-7,1.58952147444e-7,4.10649967364e-8,1.85551538578e-8,1.814522399e-8,6.51055698242e-9,5.80418824114e-9,4.2539904932e-9,3.86191789659e-9,3.12070946862e-9,1.49226953017e-9,1.08473230398e-9,1.06991604465e-9,5.62614399513e-10,4.3551151574e-10,3.00729358083e-10,3.53404278064e-10,1.31937558101e-10,6.51972434373e-11,5.07707521857e-11,5.41925844477e-11,4.81464208779e-11,2.73296576342e-11,3.2480976242e-11,1.64977649597e-11,6.54809279715e-12,4.15669018303e-12,1.41520530104e-12,5.29545754035e-13,8.9187995368e-14,1.98544285667e-14,6.91566571939e-15,2.63130848592e-15],"dvar2":[0.000196070206584,0.000024167529773,0.00000479811887999,0.00000182361861789,0.00000255403824667,8.28353449833e-7,0.00000160057629728,4.46579747404e-7,3.96978975914e-7,9.59240651355e-8,4.81007695896e-8,4.62792932865e-8,1.68378893051e-8,1.49143719597e-8,1.07011102202e-8,1.09924309655e-8,8.95389806743e-9,3.95993859925e-9,2.90010948589e-9,2.7915885159e-9,1.50636136897e-9,1.16421938756e-9,8.06922972885e-10,9.46261402568e-10,3.41913358737e-10,1.63329683112e-10,1.27228241831e-10,1.39856598524e-10,1.23521928796e-10,6.42004366336e-11,7.70032093644e-11,3.93382861008e-11,1.46627310987e-11,9.19842674252e-12,3.32528058908e-12,1.32477199783e-12,2.12896405149e-13,4.88240294006e-14,1.75716358104e-14,6.7128932316e-15],"max":[0.11793012172,0.0493543557823,0.0287438370287,0.0193339344114,0.0252092592418,0.0245977714658,0.019161010161,0.00995247066021,0.0110613349825,0.00632736552507,0.00389775284566,0.00327768432908,0.00308909453452,0.00197437778115,0.00176833523437,0.00198105210438,0.00152324989904,0.00106808217242,0.000707279948983,0.000760789203923,0.000397216761485,0.000344470056007,0.000293440069072,0.000345877662767,0.00021508068312,0.000161101561389,0.000141647396958,0.000165450270288,0.000243077083724,0.000180112925591,0.000152359032654,0.000108253865619,0.000102674312075,0.000100591620139,0.0000420905053033,0.0000284759262286,0.0000106848829091,0.00000257514602708,0.0000015058705003,9.05185402189e-7],"mean":[0.00653019594029,0.00341889844276,0.00113644590601,0.000747072510421,0.000678678159602,0.00043591458234,0.000427918625064,0.000269120762823,0.000202300187084,0.000123974037706,0.000112894216727,0.000111626752187,0.0000617077530478,0.000082372695033,0.0000772386920289,0.0000676408744766,0.0000582449465583,0.0000448972241429,0.0000397454714403,0.0000367149295926,0.0000312245792884,0.000023725668143,0.0000174214164872,0.0000179864691745,0.0000121634584502,0.00000846814964461,0.00000739846245779,0.00000651980144539,0.00000614980945102,0.00000481439656141,0.00000429551573689,0.00000315317606692,0.00000228698172577,0.00000179497521913,0.00000108474989702,5.81948029321e-7,2.02119821324e-7,8.12835594388e-8,4.94334742029e-8,2.89116481866e-8],"median":[0.00388321583159,0.00245169200934,0.000659446406644,0.000386474246625,0.000207560296985,0.000182084622793,0.000141801065183,0.000090117137006,0.0000573048419028,0.0000495397107443,0.0000614896853222,0.0000557954153919,0.0000309725910483,0.0000530772013008,0.0000524063980265,0.0000463002688775,0.0000376991338271,0.0000284154757537,0.00002548278826,0.0000230846417253,0.0000230087516684,0.0000161746193044,0.00000989454929368,0.00000894751701708,0.00000664969911668,0.00000512147471454,0.00000430307454735,0.00000360320927939,0.00000339229313795,0.00000260702245214,0.00000211339397538,0.00000151881476995,9.90865146377e-7,6.14900500295e-7,3.58347847396e-7,1.81802320753e-7,5.98265970098e-8,1.82993122877e-8,1.46936889323e-8,1.07246993508e-8],"min":[3.22291134423e-24,4.99835364639e-24,1.61076104065e-23,7.79727631433e-24,6.67892477507e-24,6.3668648116e-24,3.71786791972e-24,4.18746853356e-24,7.32322376397e-24,1.98770670684e-23,7.35190911306e-24,9.21313727765e-24,3.40196935908e-24,5.03982406418e-24,7.00070034945e-24,8.24159985261e-24,1.69359853544e-23,5.63675668888e-24,1.094797967e-23,1.20741346214e-23,9.76417397489e-24,9.08468468987e-24,1.17336157119e-23,1.59370444793e-23,1.21754661712e-23,6.7320734897e-24,8.15029709144e-24,1.07151402741e-23,1.0792697134e-23,7.66688707302e-24,7.26630823852e-24,8.10497466585e-24,1.00724410951e-23,9.07931491369e-24,1.2293256515e-23,1.12032274488e-23,1.88316449309e-23,1.38100230433e-23,8.74463909693e-24,1.0659907389e-23],"var":[0.0000752599153202,0.0000132302502607,0.00000251884421232,0.00000144644832289,0.000002808919362,7.90084925484e-7,0.0000013926869542,3.56786244993e-7,2.5929452363e-7,7.76899540256e-8,3.16275787782e-8,3.08034415752e-8,1.02159152249e-8,1.00199217812e-8,7.72712205332e-9,6.06395555991e-9,5.61752555583e-9,3.09358672013e-9,2.24507390456e-9,1.96825755694e-9,9.59463508643e-10,7.02769009653e-10,4.55566667723e-10,5.90636373143e-10,2.35698294215e-10,1.16146953166e-10,9.21797083109e-11,9.22642170997e-11,8.6566247226e-11,5.02901678634e-11,4.69022147509e-11,2.40366389986e-11,1.29840947022e-11,1.015192444e-11,3.51794418249e-12,1.17085345325e-12,1.6747486644e-13,3.03869986628e-14,8.59173385784e-15,2.62257896437e-15]},"melbands_crest":{"dmean":4.76989603043,"dmean2":7.8972826004,"dvar":16.1807441711,"dvar2":43.717250824,"max":39.230304718,"mean":17.6372947693,"median":16.7995128632,"min":2.09817910194,"var":46.0798873901},"melbands_flatness_db":{"dmean":0.0368197076023,"dmean2":0.0589567050338,"dvar":0.000965644430835,"dvar2":0.00256865168922,"max":0.582895517349,"mean":0.248249366879,"median":0.24068133533,"min":0.00664976518601,"var":0.00393258128315},"melbands_kurtosis":{"dmean":14.3133201599,"dmean2":24.1214828491,"dvar":1497.08581543,"dvar2":4629.76123047,"max":1063.75939941,"mean":21.6131706238,"median":10.4679002762,"min":-1.76336061954,"var":2013.71337891},"melbands_skewness":{"dmean":1.08337104321,"dmean2":1.76334476471,"dvar":1.65386867523,"dvar2":4.74885845184,"max":26.4343986511,"mean":3.43698072433,"median":2.93871617317,"min":-1.16605305672,"var":5.11435174942},"melbands_spread":{"dmean":5.93216133118,"dmean2":9.58183383942,"dvar":40.9860305786,"dvar2":103.305023193,"max":199.669509888,"mean":16.9668045044,"median":15.2526369095,"min":0.156337589025,"var":117.233825684},"mfcc":{"cov":[[7183.52197266,-655.262756348,-629.881469727,1108.59448242,-410.541107178,466.7550354,-194.417999268,287.405303955,-153.476333618,102.479881287,39.0087585449,78.7217788696,43.1451454163],[-655.262756348,1387.57434082,-296.056549072,-437.354064941,142.17098999,-274.275726318,-6.40639591217,-193.22845459,103.479118347,-102.812110901,26.7002620697,-38.6735305786,-20.3986549377],[-629.881469727,-296.056549072,552.04095459,-134.166137695,55.117729187,15.6773700714,48.0069007874,17.8589916229,-19.3720283508,42.6416969299,-23.7312602997,2.76794219017,-8.2458190918],[1108.59448242,-437.354064941,-134.166137695,589.642272949,-125.37272644,225.175628662,17.2521152496,112.479980469,-52.899105072,36.324054718,12.4429855347,22.5135707855,27.9018421173],[-410.541107178,142.17098999,55.117729187,-125.37272644,257.282470703,-62.3897285461,84.4575653076,-25.0076141357,47.5239295959,-25.0871543884,14.0351581573,6.81192493439,-0.576408982277],[466.7550354,-274.275726318,15.6773700714,225.175628662,-62.3897285461,272.914154053,2.39494276047,100.481063843,-49.1469650269,36.7136268616,-21.993024826,15.3090019226,24.1587314606],[-194.417999268,-6.40639591217,48.0069007874,17.2521152496,84.4575653076,2.39494276047,158.791671753,2.41821050644,40.7381706238,-12.1265649796,10.4759378433,-4.50538778305,3.78324198723],[287.405303955,-193.22845459,17.8589916229,112.479980469,-25.0076141357,100.481063843,2.41821050644,139.286483765,-2.24305796623,48.3764152527,-0.841586828232,22.6762943268,7.96840190887],[-153.476333618,103.479118347,-19.3720283508,-52.899105072,47.5239295959,-49.1469650269,40.7381706238,-2.24305796623,101.254692078,10.2535915375,29.0049877167,7.24833250046,5.59115934372],[102.479881287,-102.812110901,42.6416969299,36.324054718,-25.0871543884,36.7136268616,-12.1265649796,48.3764152527,10.2535915375,84.1854095459,18.195400238,21.7348747253,7.75029706955],[39.0087585449,26.7002620697,-23.7312602997,12.4429855347,14.0351581573,-21.993024826,10.4759378433,-0.841586828232,29.0049877167,18.195400238,66.0850372314,24.5763111115,14.4718427658],[78.7217788696,-38.6735305786,2.76794219017,22.5135707855,6.81192493439,15.3090019226,-4.50538778305,22.6762943268,7.24833250046,21.7348747253,24.5763111115,67.2188568115,29.0873069763],[43.1451454163,-20.3986549377,-8.2458190918,27.9018421173,-0.576408982277,24.1587314606,3.78324198723,7.96840190887,5.59115934372,7.75029706955,14.4718427658,29.0873069763,55.3999557495]],"icov":[[0.000225117255468,-0.0000104984892459,0.000160637311637,-0.000322270556353,0.000063388790295,-0.0000516329528182,0.000201596572879,-0.000169893028215,0.000107615422166,-0.0000361779493687,-0.000098193915619,-0.000106729887193,0.000116767158033],[-0.0000104984892459,0.00149061274715,0.000973798567429,0.00102259800769,-0.000301645486616,0.0000236465712078,0.00000117686909107,0.00088916614186,-0.000621128885541,0.000354629097274,-0.000279550236883,0.000271953322226,-0.0000111625886348],[0.000160637311637,0.000973798567429,0.00317753641866,0.00133593624923,-0.000380975398002,-0.000340273254551,-0.00111808255315,0.000375419593183,0.0010341120651,-0.00176945456769,0.000584830064327,-0.000164813973242,0.000277284765616],[-0.000322270556353,0.00102259800769,0.00133593624923,0.00445553660393,0.00083810754586,-0.00185698445421,-0.00174885522574,-0.000252762896707,0.000883664819412,0.0001853237045,-0.00158102205023,0.000272104138276,-0.000288327166345],[0.000063388790295,-0.000301645486616,-0.000380975398002,0.00083810754586,0.0058920327574,0.000125654332805,-0.00274516246282,-0.000491916609462,-0.000735900830477,0.00155614502728,-0.000619398255367,-0.00155254313722,0.000459003611468],[-0.0000516329528182,0.0000236465712078,-0.000340273254551,-0.00185698445421,0.000125654332805,0.00748514849693,-0.0006067432696,-0.00315736234188,0.00209899526089,-0.0011008521542,0.00261276680976,0.00039499567356,-0.00278144539334],[0.000201596572879,0.00000117686909107,-0.00111808255315,-0.00174885522574,-0.00274516246282,-0.0006067432696,0.0098325824365,-0.000209557110793,-0.0038797876332,0.00231348443776,-0.000845121277962,0.00172212219331,-0.000462990254164],[-0.000169893028215,0.00088916614186,0.000375419593183,-0.000252762896707,-0.000491916609462,-0.00315736234188,-0.000209557110793,0.0130655653775,-0.00216258247383,-0.00475516123697,0.00200738944113,-0.0026609536726,0.00190588796977],[0.000107615422166,-0.000621128885541,0.0010341120651,0.000883664819412,-0.000735900830477,0.00209899526089,-0.0038797876332,-0.00216258247383,0.0157559216022,-0.00333293131553,-0.00413266103715,0.000730203581043,-0.00137833855115],[-0.0000361779493687,0.000354629097274,-0.00176945456769,0.0001853237045,0.00155614502728,-0.0011008521542,0.00231348443776,-0.00475516123697,-0.00333293131553,0.019193559885,-0.00510136689991,-0.00231513381004,0.00102365529165],[-0.000098193915619,-0.000279550236883,0.000584830064327,-0.00158102205023,-0.000619398255367,0.00261276680976,-0.000845121277962,0.00200738944113,-0.00413266103715,-0.00510136689991,0.02295614779,-0.00617738347501,-0.00214255438186],[-0.000106729887193,0.000271953322226,-0.000164813973242,0.000272104138276,-0.00155254313722,0.00039499567356,0.00172212219331,-0.0026609536726,0.000730203581043,-0.00231513381004,-0.00617738347501,0.0235942155123,-0.0104256719351],[0.000116767158033,-0.0000111625886348,0.000277284765616,-0.000288327166345,0.000459003611468,-0.00278144539334,-0.000462990254164,0.00190588796977,-0.00137833855115,0.00102365529165,-0.00214255438186,-0.0104256719351,0.025146689266]],"mean":[-647.0390625,156.50819397,-22.8393268585,39.3592376709,-0.121366038918,26.0212860107,-2.83076667786,9.74624919891,1.07878124714,3.92579555511,1.98337781429,4.81465625763,2.72545075417]},"pitch_salience":{"dmean":0.0928061380982,"dmean2":0.151637911797,"dvar":0.00602723285556,"dvar2":0.0161817651242,"max":0.824509501457,"mean":0.514330267906,"median":0.531852722168,"min":0.0411162078381,"var":0.017396107316},"silence_rate_20dB":{"dmean":0,"dmean2":0,"dvar":0,"dvar2":0,"max":1,"mean":1,"median":1,"min":1,"var":0},"silence_rate_30dB":{"dmean":0.0785613507032,"dmean2":0.15713378787,"dvar":0.0723853111267,"dvar2":0.163185045123,"max":1,"mean":0.911501288414,"median":1,"min":0,"var":0.0806581005454},"silence_rate_60dB":{"dmean":0.00521861761808,"dmean2":0.0104379719123,"dvar":0.00519218388945,"dvar2":0.0120196053758,"max":1,"mean":0.042733233422,"median":0,"min":0,"var":0.0409118495882},"spectral_centroid":{"dmean":253.060913086,"dmean2":387.765228271,"dvar":68834.453125,"dvar2":148487.625,"max":11081.5351562,"mean":1282.64099121,"median":1209.02209473,"min":151.551147461,"var":323825.65625},"spectral_complexity":{"dmean":4.31410455704,"dmean2":6.43754863739,"dvar":19.1420173645,"dvar2":37.1997566223,"max":59,"mean":25.286863327,"median":25,"min":0,"var":120.978942871},"spectral_contrast_coeffs":{"dmean":[0.054746620357,0.0502870939672,0.0366342514753,0.0264496412128,0.0223602410406,0.0506119951606],"dmean2":[0.0917926579714,0.0836818665266,0.0619924142957,0.0445320755243,0.0371583923697,0.079290010035],"dvar":[0.00188081560191,0.00155966507737,0.000816726998892,0.000420528755058,0.000413120753365,0.00203843228519],"dvar2":[0.00518943509087,0.00418354663998,0.00227435585111,0.00118635816034,0.00108537299093,0.00486388336867],"max":[-0.35968452692,-0.417630791664,-0.574764728546,-0.628832578659,-0.588450074196,-0.399181336164],"mean":[-0.69427728653,-0.765177190304,-0.808952987194,-0.81369805336,-0.808864712715,-0.696051537991],"median":[-0.701107084751,-0.773190915585,-0.812913537025,-0.814717948437,-0.81180793047,-0.684875011444],"min":[-0.962550699711,-0.964806258678,-0.967316389084,-0.972630381584,-0.973059117794,-0.962687015533],"var":[0.00585703644902,0.00482980627567,0.00203827512451,0.00108820467722,0.00177520385478,0.00969444215298]},"spectral_contrast_valleys":{"dmean":[0.398060023785,0.363595306873,0.299199163914,0.24709199369,0.286615967751,0.663193643093],"dmean2":[0.665340840816,0.600100398064,0.489094108343,0.393789052963,0.433942586184,1.06854116917],"dvar":[0.108848802745,0.0908965691924,0.065790772438,0.0560381561518,0.114564888179,0.317541062832],"dvar2":[0.276577830315,0.229119688272,0.152545884252,0.113913416862,0.245827510953,0.822834908962],"max":[-4.7291970253,-4.30946445465,-5.23753643036,-5.56442642212,-5.55491733551,-8.82485866547],"mean":[-6.59723520279,-6.43447875977,-6.84868621826,-7.0507311821,-7.38529586792,-11.100894928],"median":[-6.38247060776,-6.35844421387,-6.75901508331,-6.88088035583,-7.08881282806,-10.9920454025],"min":[-27.7818546295,-27.349187851,-27.3069610596,-27.1351299286,-27.3015594482,-27.1595535278],"var":[0.927167236805,0.750915050507,0.740969598293,0.894803702831,1.34640824795,1.00932574272]},"spectral_decrease":{"dmean":5.99964566916e-9,"dmean2":9.7987067349e-9,"dvar":6.94050591348e-17,"dvar2":1.83458574878e-16,"max":1.3888934447e-8,"mean":-1.10808660025e-8,"median":-8.89513351865e-9,"min":-1.15892746066e-7,"var":1.00589933664e-16},"spectral_energy":{"dmean":0.0234370399266,"dmean2":0.038133688271,"dvar":0.00104223471135,"dvar2":0.00273696845397,"max":0.450353711843,"mean":0.0551724508405,"median":0.0470074899495,"min":1.1125633361e-20,"var":0.0017497970257},"spectral_energyband_high":{"dmean":0.000359703408321,"dmean2":0.000526228861418,"dvar":3.21891178601e-7,"dvar2":7.16171143722e-7,"max":0.0120480209589,"mean":0.000972557347268,"median":0.000729645427782,"min":8.23407893478e-21,"var":8.67786866365e-7},"spectral_energyband_low":{"dmean":0.0192173328251,"dmean2":0.032235648483,"dvar":0.000827211362775,"dvar2":0.00228548678569,"max":0.392020791769,"mean":0.0293653886765,"median":0.0205060001463,"min":5.48549513466e-23,"var":0.00104064599145},"spectral_energyband_middle_high":{"dmean":0.00163487216923,"dmean2":0.00257150037214,"dvar":0.00000533294632987,"dvar2":0.0000130349071696,"max":0.0460961833596,"mean":0.00538884056732,"median":0.0042424867861,"min":1.47244530604e-21,"var":0.0000193086070794},"spectral_energyband_middle_low":{"dmean":0.00532067427412,"dmean2":0.00834127236158,"dvar":0.0000624301537755,"dvar2":0.000148129431182,"max":0.148078024387,"mean":0.0124065186828,"median":0.00789178255945,"min":2.65619387503e-22,"var":0.000176204848685},"spectral_entropy":{"dmean":0.136813342571,"dmean2":0.207513660192,"dvar":0.0190634801984,"dvar2":0.0425170622766,"max":9.79211902618,"mean":7.64004802704,"median":7.72358465195,"min":5.71611070633,"var":0.133994176984},"spectral_flux":{"dmean":0.0350587219,"dmean2":0.0579550862312,"dvar":0.0016377675347,"dvar2":0.00385901844129,"max":0.467259943485,"mean":0.130456089973,"median":0.122481800616,"min":1.05478119294e-10,"var":0.00396495778114},"spectral_kurtosis":{"dmean":4.25045490265,"dmean2":6.54604911804,"dvar":63.4488945007,"dvar2":160.086532593,"max":187.324874878,"mean":16.4865226746,"median":12.1462974548,"min":-1.16998589039,"var":216.15196228},"spectral_rms":{"dmean":0.00140173337422,"dmean2":0.00222733360715,"dvar":0.00000233488594858,"dvar2":0.00000589095952819,"max":0.0209611412138,"mean":0.00682024797425,"median":0.00677207252011,"min":3.29458292245e-12,"var":0.0000073110163612},"spectral_rolloff":{"dmean":4864.5703125,"dmean2":9234.60449219,"dvar":58236456,"dvar2":137771632,"max":22050,"mean":8521.98828125,"median":2347.11914062,"min":43.06640625,"var":88836944},"spectral_skewness":{"dmean":0.324411541224,"dmean2":0.480266809464,"dvar":0.205070495605,"dvar2":0.493971824646,"max":11.3037929535,"mean":2.49563956261,"median":2.17356085777,"min":0.0393109470606,"var":1.29556035995},"spectral_spread":{"dmean":439608.53125,"dmean2":681859.375,"dvar":212207271936,"dvar2":435218513920,"max":39572604,"mean":3903336,"median":3865648.75,"min":1071838.625,"var":1137560387580},"spectral_strongpeak":{"dmean":3.24807476997,"dmean2":6.14097642899,"dvar":225.189224243,"dvar2":625.14050293,"max":216.465408325,"mean":2.63922715187,"median":0.294782757759,"min":0,"var":189.570663452},"zerocrossingrate":{"dmean":0.0394456535578,"dmean2":0.0511908754706,"dvar":0.0012412260985,"dvar2":0.00214040884748,"max":0.6669921875,"mean":0.226857885718,"median":0.21435546875,"min":0.0244140625,"var":0.00739155337214}},"metadata":{"audio_properties":{"analysis_sample_rate":44100,"bit_rate":125033,"codec":"mp3","downmix":"mix","equal_loudness":0,"length":329.247344971,"lossless":false,"md5_encoded":"5833331891f71f2628af074d01e5e202","replay_gain":-7.49441337585,"sample_rate":44100},"tags":{"album":["Cryptic Writings"],"albumartist":["Megadeth"],"albumartistsort":["Megadeth"],"artist":["Megadeth"],"artistsort":["Megadeth"],"asin":["B000002U5D"],"date":["1997-05-30"],"file_name":"08 - Megadeth - A Secret Place.mp3","genre":["Speed Metal","Metal","Rock","Heavy Metal","Thrash Metal","Megadeth","Thrash"],"musicbrainz album release country":["US"],"musicbrainz album status":["official"],"musicbrainz album type":["album"],"musicbrainz_albumartistid":["a9044915-8be3-4c7e-b11f-9e2d2ea0a91e"],"musicbrainz_albumid":["b2d4c16d-7b7a-4365-ad0e-9f24d32c8378"],"musicbrainz_artistid":["a9044915-8be3-4c7e-b11f-9e2d2ea0a91e"],"musicbrainz_recordingid":["b664dfa2-fe61-4054-9fe9-15d5756cf80a"],"title":["A Secret Place"],"tracknumber":["8/12"]},"version":{"essentia":"2.1-beta1","essentia_build_sha":"81dca3489dfd3c4275b86ac4d56d870715677d3f","essentia_git_sha":"v2.1_beta1-28-g21ef5f4","extractor":"music 1.0"}},"rhythm":{"beats_count":710,"beats_loudness":{"dmean":0.0323243066669,"dmean2":0.058148406446,"dvar":0.00102777255233,"dvar2":0.00286102900282,"max":0.272518575191,"mean":0.0665539950132,"median":0.0630305483937,"min":3.01573606976e-7,"var":0.00154588627629},"beats_loudness_band_ratio":{"dmean":[0.195974230766,0.0900304764509,0.0735912546515,0.0475196093321,0.0375695042312,0.0735009685159],"dmean2":[0.351736694574,0.158355817199,0.130306363106,0.086480461061,0.0707865282893,0.132085800171],"dvar":[0.0202384088188,0.00899601448327,0.00958046223968,0.0021029273048,0.000947185733821,0.00403225887567],"dvar2":[0.06213163957,0.0240043513477,0.0248855631799,0.00618125684559,0.00294704176486,0.0117512596771],"max":[0.948270976543,0.680982589722,0.789831697941,0.541221916676,0.192773774266,0.506359934807],"mean":[0.5539169311