{"lowlevel":{"average_loudness":0.861252129078,"barkbands":{"dmean":[0.0000347402310581,0.00323132472113,0.00476064626127,0.00148200523108,0.000787568627857,0.000946359534282,0.000867625989486,0.000563476874959,0.000568782736082,0.000504339986946,0.000322739157127,0.000530361197889,0.000591879652347,0.00059296132531,0.000612016068771,0.00044781708857,0.000640960293822,0.0002483765129,0.000102210782643,0.0000637501216261,0.0000384148734156,0.0000445622281404,0.0000316610821756,0.0000168902388396,0.0000119662008728,0.00000308753669742,5.79575839765e-7],"dmean2":[0.000049986771046,0.00539136212319,0.00806822441518,0.0025605133269,0.00128832855262,0.00149862316903,0.00132253149059,0.00086350744823,0.000880892679561,0.000740593182854,0.000505762116518,0.000814297934994,0.000896945595741,0.000918369099963,0.000959622266237,0.000704551348463,0.00098655547481,0.000388739106711,0.000155460598762,0.0000964415085036,0.0000540184773854,0.0000592043434153,0.0000432508350059,0.000021967693101,0.0000144344930959,0.00000374378691959,7.28554823581e-7],"dvar":[4.70759919935e-9,0.0000484149168187,0.000179216978722,0.0000258868203673,0.0000027061378205,0.00000431872877016,0.00000435143738287,0.00000385173643735,0.00000512869655722,0.00000247667549047,8.26702262202e-7,0.00000208896426557,0.0000029155410175,0.00000253369489656,0.00000158569048381,5.49623678125e-7,8.38273820136e-7,1.37585715265e-7,2.32224639518e-8,1.62335478393e-8,5.49261880423e-9,9.49475165157e-9,6.15789552683e-9,4.42862679861e-9,5.19461362813e-10,2.91168790467e-11,1.39858448173e-12],"dvar2":[1.02803126012e-8,0.000123260746477,0.000472271756735,0.0000685310151312,0.00000695766129866,0.0000105325025288,0.00000941505822993,0.00000863384866534,0.0000122748078866,0.00000515452938998,0.0000020073343876,0.00000509865731146,0.00000695570906828,0.00000571374357605,0.00000376070261154,0.00000129017894324,0.00000203795252673,3.30650948399e-7,5.24900691801e-8,3.79184186272e-8,1.09374500568e-8,1.79099775011e-8,1.13704246019e-8,8.0403310676e-9,8.37664659858e-10,4.65613138323e-11,2.34673456882e-12],"max":[0.000742220145185,0.0696479454637,0.147121280432,0.0631283819675,0.0201253890991,0.0574335455894,0.0477988235652,0.0414597988129,0.0563458278775,0.0490114018321,0.0253529846668,0.0486823171377,0.0453360006213,0.0306545682251,0.0236590467393,0.0203449930996,0.0152226435021,0.00602940376848,0.00282369251363,0.00374577124603,0.0024667873513,0.00246450677514,0.00206986349076,0.00293202279136,0.000497260014527,0.00010512296285,0.000020376921384],"mean":[0.0000470376107842,0.00521152094007,0.00411510234699,0.00117840548046,0.00109751266427,0.00142213655636,0.00195913878269,0.000888719689101,0.000802590919193,0.000845640781336,0.000534880673513,0.000880773353856,0.000900898128748,0.000859665509779,0.000944049737882,0.000844713184051,0.00129393697716,0.000472986983368,0.000208669749554,0.000120830423839,0.0000671558882459,0.0000675606934237,0.0000477864887216,0.0000254740443779,0.00001795222488,0.00000497409973832,9.42733663578e-7],"median":[0.00000987542807707,0.00287070102058,0.000753151834942,0.000174130676896,0.000486004952108,0.000507589022163,0.000433439970948,0.000175066452357,0.000138228293508,0.000190016871784,0.000177906651516,0.000362405873602,0.000243796821451,0.000221924507059,0.000329682254232,0.000512657687068,0.000875237979926,0.000286625581793,0.000118846917758,0.0000392460278817,0.000022439935492,0.0000189923357539,0.0000112932120828,0.00000610625465924,0.00000354786220669,0.00000140003203342,2.20027430942e-7],"min":[8.7697253914e-26,1.4416771267e-24,1.16712552712e-24,5.20958663516e-25,8.61618493143e-24,2.69756193022e-24,7.22067579059e-24,6.44895131082e-24,1.02221960828e-23,1.03913010396e-23,1.24673754717e-23,1.3033157557e-23,2.77703966642e-23,3.17171876799e-23,5.24483670721e-23,5.33789484167e-23,7.01924331389e-23,7.26679922554e-23,1.13631033641e-22,1.62197842184e-22,2.17114286816e-22,2.44183524975e-22,4.16763016485e-22,5.37749591155e-22,7.73198141368e-22,1.11979292697e-21,1.81846024731e-21],"var":[6.96419411028e-9,0.0000541535191587,0.000134981804877,0.0000184544060176,0.00000331300657308,0.00000818484113552,0.00002216132998,0.00000737533719075,0.00000806518528407,0.00000532422336619,0.00000155855889261,0.00000338206768902,0.00000447094498668,0.00000458565727968,0.00000304832701659,0.00000138613620493,0.00000211316341847,3.27728599814e-7,6.63871588813e-8,3.94035239992e-8,1.45429881471e-8,1.87470750035e-8,1.25836132625e-8,7.63961605088e-9,1.14577791699e-9,7.23858820106e-11,3.47711009291e-12]},"barkbands_crest":{"dmean":2.44748544693,"dmean2":3.90760707855,"dvar":6.03584527969,"dvar2":13.8182029724,"max":26.8992576599,"mean":9.69795608521,"median":8.59965705872,"min":2.29605817795,"var":20.7954883575},"barkbands_flatness_db":{"dmean":0.0220688730478,"dmean2":0.0318737775087,"dvar":0.000508182449266,"dvar2":0.00106795190368,"max":0.470057755709,"mean":0.13587911427,"median":0.130754649639,"min":0.0269444398582,"var":0.00220879237168},"barkbands_kurtosis":{"dmean":3.11451983452,"dmean2":4.99881744385,"dvar":431.937896729,"dvar2":1103.54833984,"max":1401.72900391,"mean":2.53671431541,"median":-0.448732346296,"min":-1.84721386433,"var":549.813476563},"barkbands_skewness":{"dmean":0.613575875759,"dmean2":0.912039935589,"dvar":0.657614409924,"dvar2":1.40915179253,"max":26.9801559448,"mean":0.815786659718,"median":0.564096748829,"min":-2.19482636452,"var":2.34849381447},"barkbands_spread":{"dmean":5.65561103821,"dmean2":8.64701652527,"dvar":38.9615058899,"dvar2":83.1073150635,"max":124.781936646,"mean":26.1054897308,"median":25.468416214,"min":0.101985923946,"var":164.360397339},"dissonance":{"dmean":0.0154493506998,"dmean2":0.0259303357452,"dvar":0.000288824521704,"dvar2":0.000792624778114,"max":0.500000059605,"mean":0.471057474613,"median":0.476801931858,"min":0.201300188899,"var":0.000554808997549},"dynamic_complexity":4.26113367081,"erbbands":{"dmean":[0.0626665949821,0.881420612335,4.44271421432,6.28453779221,2.41005277634,2.89826226234,5.23637485504,8.32822704315,11.4084339142,13.1359357834,12.0311965942,12.7081241608,14.3979091644,14.166012764,12.4311599731,24.6706085205,25.9370231628,29.593000412,29.4001789093,27.2985267639,26.451921463,28.3951587677,17.2957553864,7.0374584198,4.47719907761,3.17792367935,1.95124518871,1.26995921135,1.54231345654,1.44836306572,0.816261231899,0.423355579376,0.255947738886,0.144360214472,0.0812750756741,0.0215798020363,0.00437311269343,0.000759564165492,0.000107512729301,0.0000163755703397],"dmean2":[0.102106235921,1.48113083839,7.47880840302,10.770611763,4.09366607666,4.68547677994,8.31480979919,13.1997795105,17.9654560089,19.2635803223,18.7144203186,19.3732833862,21.8360309601,20.9327201843,19.0576229095,37.4139099121,38.7328681946,45.5117950439,44.6709022522,43.0038146973,41.3708953857,43.3733406067,26.8192405701,10.7958049774,6.814473629,4.8314538002,2.76025390625,1.72381639481,2.06549167633,1.98311638832,1.10691571236,0.562237560749,0.334853202105,0.180485263467,0.0979305356741,0.0261715576053,0.00529163051397,0.000938755460083,0.000134315821924,0.0000224741161219],"dvar":[0.015454756096,3.8655269146,135.263916016,424.136627197,45.5694389343,37.1850624084,125.977813721,397.8465271,705.184265137,1468.1060791,1704.10327148,2894.45361328,3096.59130859,1922.53735352,1009.57714844,4464.98779297,4229.33007813,6527.80615234,5466.87597656,2195.31811523,1620.76367188,1690.93945313,619.152587891,113.404319763,52.9856758118,43.2475891113,14.4461193085,6.30245065689,11.3723592758,11.8495521545,4.31338596344,3.01118850708,0.891992747784,0.0894612893462,0.023092482239,0.00153530517127,0.0000569438234379,0.00000159789237841,4.42644498833e-8,7.00852986757e-10],"dvar2":[0.0377229899168,10.0208024979,358.421691895,1096.30895996,121.107574463,90.5059204102,313.349060059,932.002746582,1559.57141113,2937.16650391,3779.11108398,6732.09423828,6813.85888672,4280.29736328,2425.52856445,11046.9970703,9499.99902344,14892.4726563,12526.9111328,5221.84277344,3905.68017578,3993.90014648,1482.8104248,265.537109375,122.561706543,104.915466309,27.3441886902,12.1383924484,21.613155365,23.2740116119,7.7942943573,5.633497715,1.62262153625,0.159101337194,0.0352396629751,0.00243207579479,0.000091639078164,0.00000252849804383,7.44299839539e-8,1.41783884633e-9],"max":[1.2503285408,19.1158809662,113.739814758,235.333709717,77.9332885742,95.5396194458,178.709075928,539.657470703,631.649047852,1047.9498291,1100.41394043,1629.28649902,2060.67797852,1199.0222168,912.76373291,2350.16015625,1027.4909668,1800.30529785,1423.16809082,1093.26721191,1034.97045898,652.091186523,406.330963135,176.596206665,140.527816772,192.061752319,172.339324951,55.7389945984,79.840461731,92.6775894165,63.1536102295,76.876953125,36.4966545105,7.80193901062,2.07246232033,0.576642513275,0.199305966496,0.0290927570313,0.00352640356869,0.00038997764932],"mean":[0.101623237133,1.36407268047,4.33571720123,5.17365503311,2.44881916046,4.13826656342,7.68142032623,12.2837677002,20.0005054474,34.1201400757,18.6205883026,18.4646472931,22.4496994019,28.0855140686,22.6507015228,43.2396507263,44.5547637939,46.536151886,46.8802566528,49.0659675598,53.2591972351,60.3736610413,35.5191230774,15.216301918,8.96499443054,6.11179161072,3.67696785927,2.15150570869,2.35946202278,2.09554457664,1.24178302288,0.646020531654,0.381490677595,0.216820687056,0.118726931512,0.0332248322666,0.00716423708946,0.00130061118398,0.000183796422789,0.0000376178977604],"median":[0.0523047707975,0.667283654213,1.51312363148,0.896049439907,0.741496562958,1.75841665268,2.80048203468,3.95750951767,7.16747713089,4.47344112396,4.62486076355,3.07875561714,5.91240119934,7.1328253746,10.5981874466,18.0724754333,15.6199827194,14.2329320908,13.1036720276,27.5404777527,35.876335144,42.1503677368,24.4003143311,8.91594314575,4.56164121628,1.97886383533,1.21574807167,0.716257095337,0.663377404213,0.540042757988,0.293606966734,0.15411233902,0.0895409658551,0.0474400781095,0.0204968526959,0.00756893400103,0.00213478785008,0.0003708814329,0.0000555197802896,0.0000266300339717],"min":[6.30998226054e-23,4.86819166014e-22,1.80583685724e-21,3.18695544598e-21,7.12910619249e-21,2.58042788716e-20,3.75667370989e-20,3.85190772467e-20,9.76347191014e-20,1.59296154694e-19,2.23247749673e-19,3.32969070326e-19,4.54943184748e-19,4.95753070847e-19,9.63720938123e-19,9.50536816532e-19,1.43212767641e-18,1.82635172e-18,2.66078960165e-18,3.33062557245e-18,3.3420747861e-18,4.42001975084e-18,4.54048578576e-18,5.46393202364e-18,6.38777365386e-18,8.26291476113e-18,9.28203188147e-18,8.25716999177e-18,8.69729873364e-18,9.62951639474e-18,9.80093386026e-18,9.75841594959e-18,8.85371197003e-18,7.48635677488e-18,6.02447013856e-18,3.92523670436e-18,2.0979066365e-18,9.61231124479e-19,2.48566507452e-19,2.5957948673e-20],"var":[0.0192411858588,4.01844453812,104.119689941,317.066711426,36.1037254333,53.8416519165,194.395950317,784.014038086,1595.52893066,11048.2441406,2911.75610352,4577.69189453,4864.83007813,5696.625,1837.52734375,7298.00244141,8006.54980469,12955.6923828,10996.9375,4761.19238281,4187.19775391,4433.48632813,1525.17602539,357.411224365,139.797637939,100.662536621,47.4375953674,14.2474460602,22.2832622528,21.28931427,9.20929813385,5.2900800705,1.42893636227,0.179270848632,0.0521705411375,0.00365282222629,0.000141762924613,0.00000437953985966,1.11955699822e-7,1.50407641897e-9]},"erbbands_crest":{"dmean":2.40825366974,"dmean2":3.86117553711,"dvar":5.53684997559,"dvar2":13.761797905,"max":29.751083374,"mean":9.11647129059,"median":8.27764511108,"min":2.17937636375,"var":17.0688343048},"erbbands_flatness_db":{"dmean":0.0196366775781,"dmean2":0.0264993868768,"dvar":0.000363781204214,"dvar2":0.000638435652945,"max":0.393700987101,"mean":0.182797208428,"median":0.187375709414,"min":0.0278365109116,"var":0.00242578890175},"erbbands_kurtosis":{"dmean":1.06847918034,"dmean2":1.67248880863,"dvar":7.08629989624,"dvar2":18.680524826,"max":160.01701355,"mean":0.896786510944,"median":0.337481230497,"min":-1.7270232439,"var":12.0125732422},"erbbands_skewness":{"dmean":0.377595037222,"dmean2":0.566601574421,"dvar":0.144278407097,"dvar2":0.339125841856,"max":10.2097520828,"mean":-0.50288939476,"median":-0.539229094982,"min":-3.01188373566,"var":0.619883179665},"erbbands_spread":{"dmean":6.79811239243,"dmean2":10.0567808151,"dvar":62.6671905518,"dvar2":130.86958313,"max":115.043617249,"mean":28.29388237,"median":24.4160079956,"min":1.1088796854,"var":230.042633057},"gfcc":{"cov":[[45284.3046875,3806.78222656,-5082.68945313,1118.61901855,-1466.62805176,516.588256836,-1283.61413574,398.304656982,-316.979766846,128.490585327,-302.919799805,126.4842453,-416.754638672],[3806.78222656,1590.44238281,-681.496582031,72.1140823364,169.651763916,-98.1493759155,5.76645374298,18.6734352112,99.7964859009,-103.711013794,95.8889923096,-42.2029457092,26.6869087219],[-5082.68945313,-681.496582031,1281.45874023,99.4529647827,71.5046234131,144.757598877,130.871856689,-22.2271080017,48.5139808655,40.0881500244,-30.0120773315,16.0753059387,11.9232645035],[1118.61901855,72.1140823364,99.4529647827,339.591400146,45.1839752197,113.011909485,18.3312244415,20.7633361816,38.9876327515,11.0697107315,1.91873168945,19.9152011871,-0.0747780278325],[-1466.62805176,169.651763916,71.5046234131,45.1839752197,370.528778076,-2.23765873909,103.777435303,42.6807060242,60.4642562866,-12.5857257843,67.736076355,24.1507873535,48.176361084],[516.588256836,-98.1493759155,144.757598877,113.011909485,-2.23765873909,232.987854004,64.5153961182,46.5277481079,29.2622070313,36.7291908264,-21.8540782928,19.0861053467,-7.02696371078],[-1283.61413574,5.76645374298,130.871856689,18.3312244415,103.777435303,64.5153961182,241.111450195,33.8942909241,83.1342010498,23.5761547089,37.9244651794,-30.1011352539,19.1436786652],[398.304656982,18.6734352112,-22.2271080017,20.7633361816,42.6807060242,46.5277481079,33.8942909241,108.441947937,42.168762207,26.1117668152,6.09362983704,18.3362541199,2.91337537766],[-316.979766846,99.7964859009,48.5139808655,38.9876327515,60.4642562866,29.2622070313,83.1342010498,42.168762207,130.542831421,37.8851051331,33.7930793762,-14.2265710831,7.93405580521],[128.490585327,-103.711013794,40.0881500244,11.0697107315,-12.5857257843,36.7291908264,23.5761547089,26.1117668152,37.8851051331,101.195487976,19.4145011902,-2.76283502579,-15.4654226303],[-302.919799805,95.8889923096,-30.0120773315,1.91873168945,67.736076355,-21.8540782928,37.9244651794,6.09362983704,33.7930793762,19.4145011902,83.5531921387,19.0348167419,15.2606954575],[126.4842453,-42.2029457092,16.0753059387,19.9152011871,24.1507873535,19.0861053467,-30.1011352539,18.3362541199,-14.2265710831,-2.76283502579,19.0348167419,81.6637268066,24.9647216797],[-416.754638672,26.6869087219,11.9232645035,-0.0747780278325,48.176361084,-7.02696371078,19.1436786652,2.91337537766,7.93405580521,-15.4654226303,15.2606954575,24.9647216797,62.1204566956]],"icov":[[0.000220351532334,-0.000469285820145,0.000674090872053,-0.000718768220395,0.000684628845192,-0.000551499892026,0.000474678643513,-0.000571648881305,0.000503387942445,-0.000882471911609,0.000752635882236,-0.000617400801275,0.000616077566519],[-0.000469285820145,0.00222221924923,-0.000816579151433,0.00118587038014,-0.00179314776324,0.00103074789513,-0.000585368252359,0.00121390121058,-0.00224966951646,0.00353751005605,-0.00286933942698,0.00237057940103,-0.00139392050914],[0.000674090872053,-0.000816579151433,0.0033488268964,-0.00245762290433,0.00167991849594,-0.00206386740319,0.00108049018309,-0.000810027471744,0.000633527350146,-0.0023637234699,0.0027407289017,-0.00215553538874,0.00191972986795],[-0.000718768220395,0.00118587038014,-0.00245762290433,0.00622000545263,-0.00263294554316,-0.000164515397046,-0.000903792970348,0.0023543855641,-0.00253601348959,0.00295262224972,-0.00234050047584,0.00132922490593,-0.00156113528647],[0.000684628845192,-0.00179314776324,0.00167991849594,-0.00263294554316,0.00626258691773,-0.00111703830771,0.000311667827191,-0.00325256725773,0.00158650334924,-0.00176677247509,0.000168107959325,-0.00235873926431,0.000375219504349],[-0.000551499892026,0.00103074789513,-0.00206386740319,-0.000164515397046,-0.00111703830771,0.00882104132324,-0.00387030350976,-0.000115400805953,-0.000967432453763,0.0000910202579689,0.00189280312043,-0.00182253157254,-0.00027087732451],[0.000474678643513,-0.000585368252359,0.00108049018309,-0.000903792970348,0.000311667827191,-0.00387030350976,0.0089584197849,-0.00236515933648,-0.00140103371814,-0.000650891335681,-0.0023917388171,0.00427890056744,-0.00121690635569],[-0.000571648881305,0.00121390121058,-0.000810027471744,0.0023543855641,-0.00325256725773,-0.000115400805953,-0.00236515933648,0.0151939298958,-0.0054006180726,-0.000120659904496,0.00178714375943,-0.00355026661418,-0.0000250977846008],[0.000503387942445,-0.00224966951646,0.000633527350146,-0.00253601348959,0.00158650334924,-0.000967432453763,-0.00140103371814,-0.0054006180726,0.0155677227303,-0.00631685461849,-0.000981701887213,0.00188912439626,-0.000514813931659],[-0.000882471911609,0.00353751005605,-0.0023637234699,0.00295262224972,-0.00176677247509,0.0000910202579689,-0.000650891335681,-0.000120659904496,-0.00631685461849,0.0196319036186,-0.0096541736275,0.00481835473329,0.000733531953301],[0.000752635882236,-0.00286933942698,0.0027407289017,-0.00234050047584,0.000168107959325,0.00189280312043,-0.0023917388171,0.00178714375943,-0.000981701887213,-0.0096541736275,0.0251271221787,-0.0115685267374,0.00268828379922],[-0.000617400801275,0.00237057940103,-0.00215553538874,0.00132922490593,-0.00235873926431,-0.00182253157254,0.00427890056744,-0.00355026661418,0.00188912439626,0.00481835473329,-0.0115685267374,0.0243496168405,-0.0102593880147],[0.000616077566519,-0.00139392050914,0.00191972986795,-0.00156113528647,0.000375219504349,-0.00027087732451,-0.00121690635569,-0.0000250977846008,-0.000514813931659,0.000733531953301,0.00268828379922,-0.0102593880147,0.0242249034345]],"mean":[-61.1947517395,104.080612183,-137.414581299,27.7696495056,-31.1833610535,10.572019577,-37.2211494446,9.6441078186,-12.1256065369,-0.38705649972,-7.44823026657,6.32875394821,-8.91347026825]},"hfc":{"dmean":5.99894809723,"dmean2":8.06513404846,"dvar":56.623752594,"dvar2":101.408622742,"max":104.883354187,"mean":19.4935474396,"median":14.4959144592,"min":1.06763070079e-16,"var":288.024383545},"melbands":{"dmean":[0.000730371510144,0.00193658983335,0.000945501786191,0.000168575410498,0.000170343890204,0.000188571604667,0.00017543300055,0.000135442314786,0.000097332187579,0.0000812334692455,0.0000726140351617,0.0000589116098126,0.0000451463856734,0.0000568615396332,0.0000636895929347,0.0000552450183022,0.0000594757439103,0.0000494743180752,0.0000377083633794,0.0000346088636434,0.000035013701563,0.00003090467726,0.0000324965149048,0.00000982291658147,0.0000057028341871,0.00000408556252296,0.00000248218793786,0.00000206090271604,0.00000148331309902,9.19482374684e-7,7.50471997435e-7,8.64811681822e-7,9.54572215051e-7,7.72339546984e-7,5.16761929248e-7,3.46074273239e-7,2.33022859675e-7,1.97087899778e-7,1.39847543323e-7,1.21171083833e-7],"dmean2":[0.00120838510338,0.00323683163151,0.0016023197677,0.000280003179796,0.000269430165645,0.00029889435973,0.000273565499811,0.000199587855604,0.000152170992806,0.00012453047384,0.000110004533781,0.0000865306792548,0.0000702558972989,0.0000869715731824,0.0000945378633332,0.0000833951417007,0.0000925818749238,0.0000753822896513,0.0000586035530432,0.0000547173840459,0.0000555379265279,0.0000477194444102,0.000051214650739,0.0000153194869199,0.0000088846682047,0.00000630919566902,0.0000038167177081,0.00000314585327033,0.00000217143792725,0.00000134057052037,0.00000103160436993,0.00000117497086194,0.00000133292746796,0.00000106801132915,7.15531257356e-7,4.76446444964e-7,3.17790437521e-7,2.67209259164e-7,1.83821413202e-7,1.54682680886e-7],"dvar":[0.00000227175587497,0.0000232272886933,0.00000891319541552,1.6186784535e-7,1.18207381661e-7,1.90155503788e-7,1.61249872122e-7,1.54713205802e-7,1.06919593179e-7,1.15076574048e-7,7.70078472101e-8,3.45926665091e-8,1.43724259161e-8,2.248997788e-8,2.58694097255e-8,2.76994835957e-8,2.63908841447e-8,1.70311391656e-8,5.96326765745e-9,3.18562598522e-9,2.6854882762e-9,2.08988693018e-9,2.68164712658e-9,2.68996380726e-10,8.13723533e-11,4.45100171997e-11,2.06291025928e-11,2.01059585647e-11,8.5817394857e-12,3.46525347479e-12,2.55724304579e-12,3.59798172159e-12,4.85690741098e-12,3.58734678248e-12,1.64202841862e-12,1.53420397046e-12,1.05365130683e-12,6.65843519643e-13,1.43629316882e-13,5.41209634888e-14],"dvar2":[0.00000559509362574,0.0000612095172983,0.0000227236578212,4.25128746429e-7,2.91741912406e-7,4.52819563179e-7,3.62979164947e-7,3.17567014463e-7,2.33813238992e-7,2.68567475814e-7,1.67580552102e-7,7.58778568866e-8,3.61812162453e-8,5.34282307285e-8,5.91311106746e-8,6.41688941982e-8,6.1855871536e-8,3.8479988973e-8,1.40185942854e-8,7.34674410197e-9,6.64433486008e-9,4.87820228656e-9,6.88236712065e-9,6.16949602517e-10,1.96542115916e-10,1.03654092254e-10,4.73904908371e-11,4.89212420574e-11,1.73715330315e-11,7.68391600348e-12,5.08505650781e-12,7.01506994855e-12,9.88131191454e-12,7.21747965213e-12,3.10290551933e-12,2.84632647313e-12,2.08350871278e-12,1.26459650043e-12,2.72486568899e-13,9.77612359555e-14],"max":[0.015305140987,0.0441055670381,0.0329282283783,0.00445680972189,0.00515941716731,0.012622890994,0.0086326431483,0.00993832107633,0.00917740911245,0.00901893805712,0.00996408890933,0.00534460833296,0.00344141549431,0.00411133468151,0.00404589762911,0.0047779744491,0.00312288012356,0.00297266850248,0.00174430606421,0.00185910309665,0.00121149350889,0.000941038422752,0.000838173611555,0.000356653850758,0.000150027655764,0.000118306888908,0.0000868084825925,0.000139123818371,0.000120089483971,0.0000519928216818,0.0000381210156775,0.0000431070402556,0.0000538690146641,0.0000542234702152,0.000038067537389,0.0000521906295035,0.0000471886705782,0.0000304705645249,0.0000124795606098,0.00000457370833828],"mean":[0.00122231605928,0.00220060325228,0.000812208862044,0.000213553459616,0.000259177089902,0.000280396925518,0.000335474702297,0.000331612798618,0.000139708747156,0.00011657642608,0.000110366869194,0.000113644797239,0.000076523196185,0.0000938063531066,0.000109679138404,0.0000857158665895,0.0000862476881593,0.0000732319676899,0.0000596906720602,0.0000642862578388,0.0000645678519504,0.0000615237586317,0.0000593471013417,0.0000190826958715,0.000011179708963,0.00000759993463362,0.00000466881783723,0.00000377031165044,0.00000255787199421,0.00000153815312842,0.00000115270540846,0.00000129671957438,0.00000135732273066,0.00000108591405024,7.55620988002e-7,5.23953531228e-7,3.37825468932e-7,2.81453253592e-7,2.06393167446e-7,1.76040572342e-7],"median":[0.000626523571555,0.00105244619772,0.000164582263096,0.0000809884804767,0.0000970375986071,0.0000919654703466,0.000105988059659,0.0000432738816016,0.0000324515131069,0.0000192922743736,0.0000282443361357,0.0000250164994213,0.0000301856252918,0.0000372668982891,0.0000437705057266,0.0000267880313913,0.0000223170900426,0.0000178021418833,0.0000242150908889,0.0000407764782722,0.0000419613352278,0.0000411347828049,0.000036014651414,0.0000109401171358,0.00000607356469118,0.00000391753155782,0.00000178532820883,0.00000112065561098,7.7289297451e-7,5.0825588005e-7,3.27138167222e-7,3.48076071077e-7,3.56018034608e-7,2.60849645883e-7,1.73913235813e-7,1.17374334252e-7,8.01015431762e-8,6.37100328049e-8,4.54220234758e-8,3.65069361408e-8],"min":[1.16018897458e-24,1.16454082437e-24,6.94679689215e-25,1.73282586669e-24,1.34750271462e-24,5.86839248028e-25,1.54831070931e-24,1.90751674757e-24,1.70507768435e-24,1.92030950765e-24,2.03968309527e-24,1.77932704768e-24,2.5485354556e-24,1.47762502512e-24,3.18046569715e-24,2.56894131507e-24,2.60776983769e-24,3.70872896613e-24,3.98563610437e-24,3.65117091347e-24,2.94882201714e-24,4.22079277921e-24,3.58766682174e-24,2.8738680038e-24,3.25044495641e-24,3.89042532628e-24,4.11573977803e-24,4.43943425656e-24,5.13896336958e-24,4.87664897479e-24,4.01639063562e-24,4.85419404913e-24,4.52438865959e-24,5.39351063989e-24,5.93767596422e-24,4.75120431365e-24,4.87559190118e-24,5.13205570906e-24,5.55757280337e-24,5.73984858185e-24],"var":[0.00000280977792499,0.0000187122459465,0.00000691868217473,1.67718326338e-7,1.90364318087e-7,3.66733672763e-7,4.56368184132e-7,0.00000100772138012,1.87283717423e-7,1.87619662029e-7,1.22415528381e-7,1.04232562137e-7,2.55592969012e-8,3.83832770012e-8,4.45460202059e-8,4.48306209933e-8,4.75739909689e-8,3.20812461041e-8,1.05635677983e-8,7.77698971888e-9,6.4161231883e-9,5.19623988282e-9,5.40772404634e-9,6.59363175171e-10,2.24116988856e-10,1.07016714934e-10,5.091965391e-11,4.28868364433e-11,2.60141040653e-11,7.42577527246e-12,5.07438492267e-12,6.87531151802e-12,8.56508353825e-12,6.13022349896e-12,3.27071529582e-12,2.96452120664e-12,1.64706497139e-12,9.65247521668e-13,2.44361659813e-13,1.0868463383e-13]},"melbands_crest":{"dmean":3.17159175873,"dmean2":5.08864116669,"dvar":11.3452072144,"dvar2":26.8556938171,"max":34.8728065491,"mean":13.267329216,"median":12.9353494644,"min":1.57014501095,"var":32.2626647949},"melbands_flatness_db":{"dmean":0.0281200967729,"dmean2":0.0406222864985,"dvar":0.00092516670702,"dvar2":0.00188838597387,"max":0.57036024332,"mean":0.192984178662,"median":0.188152298331,"min":0.00282899453305,"var":0.00478581851348},"melbands_kurtosis":{"dmean":6.59943342209,"dmean2":10.5426034927,"dvar":281.371704102,"dvar2":670.073547363,"max":473.52822876,"mean":8.62687587738,"median":1.62422597408,"min":-1.74960494041,"var":590.567504883},"melbands_skewness":{"dmean":0.793727993965,"dmean2":1.19894564152,"dvar":1.0627579689,"dvar2":2.32178401947,"max":14.3461141586,"mean":1.96332263947,"median":1.48888492584,"min":-1.41091454029,"var":3.46885490417},"melbands_spread":{"dmean":9.21171760559,"dmean2":13.8596515656,"dvar":102.59777832,"dvar2":210.008392334,"max":170.83694458,"mean":36.0050163269,"median":33.1822433472,"min":0.307160168886,"var":589.490844727},"mfcc":{"cov":[[15029.8818359,2046.86279297,-735.415588379,408.988067627,36.1165008545,166.575759888,-199.576080322,116.01121521,-19.8400535583,74.2525253296,105.469093323,156.449523926,109.725036621],[2046.86279297,1745.65124512,-508.943481445,207.575759888,192.159133911,-30.6163444519,-6.5755200386,112.065406799,0.147135257721,-19.8088283539,35.6771774292,66.491104126,67.9079742432],[-735.415588379,-508.943481445,784.817749023,-1.81822657585,-18.5553646088,143.446762085,-5.06884431839,6.21723031998,46.3615646362,-2.93776750565,30.3722076416,-18.5241832733,-16.8903198242],[408.988067627,207.575759888,-1.81822657585,255.027374268,109.732376099,52.9246520996,23.5089569092,47.6573066711,16.9242668152,17.6956691742,6.83102655411,31.9954586029,37.6045608521],[36.1165008545,192.159133911,-18.5553646088,109.732376099,240.759765625,40.5783729553,18.1229038239,62.4412956238,19.333940506,-23.11602211,12.6096887589,16.7666664124,25.9756851196],[166.575759888,-30.6163444519,143.446762085,52.9246520996,40.5783729553,174.860961914,54.0645713806,46.1329231262,49.0771560669,37.0072784424,43.0356903076,12.8640766144,5.64330673218],[-199.576080322,-6.5755200386,-5.06884431839,23.5089569092,18.1229038239,54.0645713806,113.543777466,47.7138404846,31.5792751312,23.9918670654,19.2700595856,8.33409500122,8.21046161652],[116.01121521,112.065406799,6.21723031998,47.6573066711,62.4412956238,46.1329231262,47.7138404846,125.296394348,52.4474182129,5.12611818314,26.4540214539,14.5795688629,12.199801445],[-19.8400535583,0.147135257721,46.3615646362,16.9242668152,19.333940506,49.0771560669,31.5792751312,52.4474182129,101.841720581,49.9838867188,32.5363807678,7.89828634262,7.87869882584],[74.2525253296,-19.8088283539,-2.93776750565,17.6956691742,-23.11602211,37.0072784424,23.9918670654,5.12611818314,49.9838867188,117.547355652,52.4641189575,14.6480140686,9.86260700226],[105.469093323,35.6771774292,30.3722076416,6.83102655411,12.6096887589,43.0356903076,19.2700595856,26.4540214539,32.5363807678,52.4641189575,92.5815658569,29.2735500336,11.239566803],[156.449523926,66.491104126,-18.5241832733,31.9954586029,16.7666664124,12.8640766144,8.33409500122,14.5795688629,7.89828634262,14.6480140686,29.2735500336,76.897819519,38.9391784668],[109.725036621,67.9079742432,-16.8903198242,37.6045608521,25.9756851196,5.64330673218,8.21046161652,12.199801445,7.87869882584,9.86260700226,11.239566803,38.9391784668,71.2659988403]],"icov":[[0.0000927462460822,-0.0000847480187076,0.0000793247018009,-0.0000963125130511,0.000146011225297,-0.000247762218351,0.000309188413667,-0.0000872055024956,0.0000608604714216,-0.0000123628160509,-0.0000341029008268,-0.0000429101091868,-0.000022907535822],[-0.0000847480187076,0.000985838938504,0.000555104925297,-0.000457540678326,-0.000332303345203,0.000128113664687,0.000255989434663,-0.000492596125696,-0.000041864659579,0.000462006777525,-0.000583504035603,0.0000268130588665,-0.000252037774771],[0.0000793247018009,0.000555104925297,0.00218321499415,-0.000494499283377,0.000412044057157,-0.00196610949934,0.00134118110873,-0.0000322417108691,-0.000782514282037,0.00134228146635,-0.0010184176499,0.000524857547134,-0.000241624613409],[-0.0000963125130511,-0.000457540678326,-0.000494499283377,0.00617151195183,-0.00230918405578,-0.000872122007422,-0.000425111124059,-0.000848817755468,0.00115805980749,-0.00237670936622,0.00252808677033,-0.00126428599469,-0.00119142979383],[0.000146011225297,-0.000332303345203,0.000412044057157,-0.00230918405578,0.00649974448606,-0.00123111705761,0.000838167092297,-0.00156946235802,-0.000713340530638,0.00271694245748,-0.00142117717769,0.000732303888071,-0.00116464833263],[-0.000247762218351,0.000128113664687,-0.00196610949934,-0.000872122007422,-0.00123111705761,0.0105446837842,-0.00421618390828,-0.000183078824193,-0.00140921084676,-0.00109033368062,-0.00180659198668,-0.000242532740231,0.00110854418017],[0.000309188413667,0.000255989434663,0.00134118110873,-0.000425111124059,0.000838167092297,-0.00421618390828,0.0134753715247,-0.00433287816122,0.0000210873567994,-0.00112498516683,0.000107619234768,0.000167967067682,-0.000915567041375],[-0.0000872055024956,-0.000492596125696,-0.0000322417108691,-0.000848817755468,-0.00156946235802,-0.000183078824193,-0.00433287816122,0.0145513536409,-0.00686632795259,0.00412592897192,-0.00247099087574,-0.000300465821056,0.000380617537303],[0.0000608604714216,-0.000041864659579,-0.000782514282037,0.00115805980749,-0.000713340530638,-0.00140921084676,0.0000210873567994,-0.00686632795259,0.0178216230124,-0.00757057592273,0.000746367848478,0.000602146843448,-0.000675005605444],[-0.0000123628160509,0.000462006777525,0.00134228146635,-0.00237670936622,0.00271694245748,-0.00109033368062,-0.00112498516683,0.00412592897192,-0.00757057592273,0.0167984273285,-0.00833635125309,0.00120737706311,-0.0011623816099],[-0.0000341029008268,-0.000583504035603,-0.0010184176499,0.00252808677033,-0.00142117717769,-0.00180659198668,0.000107619234768,-0.00247099087574,0.000746367848478,-0.00833635125309,0.0191721078008,-0.00622946582735,0.00155603745952],[-0.0000429101091868,0.0000268130588665,0.000524857547134,-0.00126428599469,0.000732303888071,-0.000242532740231,0.000167967067682,-0.000300465821056,0.000602146843448,0.00120737706311,-0.00622946582735,0.0207775458694,-0.00998747721314],[-0.000022907535822,-0.000252037774771,-0.000241624613409,-0.00119142979383,-0.00116464833263,0.00110854418017,-0.000915567041375,0.000380617537303,-0.000675005605444,-0.0011623816099,0.00155603745952,-0.00998747721314,0.0207029823214]],"mean":[-677.496520996,133.329406738,-34.1267852783,21.8946266174,19.221075058,5.59258890152,-5.15755081177,10.4654169083,-0.539124846458,-3.01322078705,1.42962241173,6.6185464859,7.10622262955]},"pitch_salience":{"dmean":0.0773295611143,"dmean2":0.125616729259,"dvar":0.00655518099666,"dvar2":0.0167371388525,"max":0.953453719616,"mean":0.511166930199,"median":0.512902140617,"min":0.0429647378623,"var":0.0181922968477},"silence_rate_20dB":{"dmean":0,"dmean2":0,"dvar":0,"dvar2":0,"max":1,"mean":1,"median":1,"min":1,"var":0},"silence_rate_30dB":{"dmean":0.0185185186565,"dmean2":0.0370430536568,"dvar":0.0181759167463,"dvar2":0.0509439967573,"max":1,"mean":0.989118099213,"median":1,"min":0,"var":0.010763800703},"silence_rate_60dB":{"dmean":0.0240415856242,"dmean2":0.0480909831822,"dvar":0.0234652813524,"dvar2":0.055855628103,"max":1,"mean":0.102972224355,"median":0,"min":0,"var":0.0923705399036},"spectral_centroid":{"dmean":253.024612427,"dmean2":381.783233643,"dvar":103696.179688,"dvar2":195115.5,"max":11838.2480469,"mean":1863.4753418,"median":1693.95581055,"min":250.376083374,"var":2565690},"spectral_complexity":{"dmean":3.68063688278,"dmean2":5.27343606949,"dvar":14.5016050339,"dvar2":26.523349762,"max":49,"mean":20.2096805573,"median":21,"min":0,"var":87.9753112793},"spectral_contrast_coeffs":{"dmean":[0.049626391381,0.04543139413,0.0413030870259,0.0366306938231,0.0282936915755,0.0183350555599],"dmean2":[0.080056078732,0.0738457739353,0.0646890476346,0.0559905432165,0.0437380112708,0.027396298945],"dvar":[0.00188622460701,0.00153715233319,0.00126107921824,0.000931963149924,0.000729461375158,0.000287011789624],"dvar2":[0.00458080880344,0.00386983412318,0.0029603401199,0.0021762677934,0.00157046888489,0.000621521903668],"max":[-0.387520939112,-0.413335055113,-0.457908809185,-0.534241080284,-0.553407967091,-0.594850242138],"mean":[-0.688786029816,-0.734324574471,-0.758158922195,-0.749358355999,-0.736169576645,-0.775667309761],"median":[-0.690998852253,-0.740431725979,-0.759541988373,-0.744880259037,-0.726735472679,-0.773623526096],"min":[-0.991363823414,-0.987876653671,-0.974409818649,-0.974296927452,-0.971200108528,-0.965101420879],"var":[0.00775144947693,0.00789387710392,0.00652530929074,0.00532325590029,0.00492900377139,0.00266498909332]},"spectral_contrast_valleys":{"dmean":[0.454147130251,0.413446843624,0.409234642982,0.39079156518,0.350301355124,0.408888190985],"dmean2":[0.713803231716,0.649251163006,0.626805365086,0.579673826694,0.473732620478,0.453300148249],"dvar":[0.208707734942,0.170272320509,0.173260211945,0.154765561223,0.1648311764,0.186436697841],"dvar2":[0.382215052843,0.33077442646,0.33847373724,0.286157220602,0.270946264267,0.23985004425],"max":[-5.2587480545,-4.65487289429,-5.23202228546,-5.5169839859,-5.90925550461,-8.06831455231],"mean":[-8.05412101746,-7.60368156433,-8.11620235443,-8.17925453186,-8.40762710571,-11.3089551926],"median":[-7.32139539719,-6.94479370117,-7.49526643753,-7.51533889771,-7.74320459366,-10.8316068649],"min":[-28.0069732666,-28.1476745605,-27.9222202301,-27.7941837311,-27.4998626709,-27.4384174347],"var":[11.6738872528,12.0140266418,11.3715486526,11.3468170166,11.0370788574,8.32992649078]},"spectral_decrease":{"dmean":2.88255530556e-9,"dmean2":4.35769820228e-9,"dvar":3.06617324228e-17,"dvar2":7.16696877461e-17,"max":4.4156067552e-20,"mean":-6.11857231547e-9,"median":-4.20587964456e-9,"min":-5.77135281787e-8,"var":4.28140214728e-17},"spectral_energy":{"dmean":0.0113110300153,"dmean2":0.0169604867697,"dvar":0.000450293387985,"dvar2":0.00104433658998,"max":0.222327396274,"mean":0.02486102283,"median":0.0173148531467,"min":9.96421765881e-21,"var":0.000663842132781},"spectral_energyband_high":{"dmean":0.000154744295287,"dmean2":0.000192327308469,"dvar":8.73518644084e-8,"dvar2":1.44530474699e-7,"max":0.00723225157708,"mean":0.000285524962237,"median":0.000108057916805,"min":6.86907098094e-21,"var":2.3911670155e-7},"spectral_energyband_low":{"dmean":0.00823927018791,"dmean2":0.0135386399925,"dvar":0.000400932709454,"dvar2":0.00102194887586,"max":0.200800716877,"mean":0.0102804396302,"median":0.00544227240607,"min":7.78442971448e-24,"var":0.000354113901267},"spectral_energyband_middle_high":{"dmean":0.00253853085451,"dmean2":0.00365170813166,"dvar":0.0000146588317875,"dvar2":0.0000299981529679,"max":0.0647250115871,"mean":0.00772036286071,"median":0.00494224298745,"min":1.18123178716e-21,"var":0.000063444240368},"spectral_energyband_middle_low":{"dmean":0.00399523461238,"dmean2":0.0061016632244,"dvar":0.0000613780794083,"dvar2":0.000147336832015,"max":0.0903522223234,"mean":0.00761775299907,"median":0.00332958623767,"min":1.75439926396e-22,"var":0.000107933490654},"spectral_entropy":{"dmean":0.151569873095,"dmean2":0.207715958357,"dvar":0.0209280308336,"dvar2":0.0388470068574,"max":9.82439422607,"mean":7.4983830452,"median":7.44435214996,"min":3.99463820457,"var":0.273726671934},"spectral_flux":{"dmean":0.0309471990913,"dmean2":0.0454041436315,"dvar":0.00179986678995,"dvar2":0.00357347982936,"max":0.403681397438,"mean":0.0794226750731,"median":0.0620424859226,"min":6.27824181532e-11,"var":0.00409308029339},"spectral_kurtosis":{"dmean":2.66680288315,"dmean2":4.45687818527,"dvar":9.29850673676,"dvar2":25.7742481232,"max":45.5413322449,"mean":7.30258178711,"median":6.62409257889,"min":-1.2672239542,"var":19.5533351898},"spectral_rms":{"dmean":0.000932393711992,"dmean2":0.00131292256992,"dvar":0.00000186705335636,"dvar2":0.00000382250573239,"max":0.0147276874632,"mean":0.00433111563325,"median":0.00411005364731,"min":3.11788203762e-12,"var":0.00000549609603695},"spectral_rolloff":{"dmean":445.424346924,"dmean2":724.740112305,"dvar":521688.78125,"dvar2":1116854,"max":19659.8144531,"mean":2290.15966797,"median":2002.58789063,"min":64.599609375,"var":9302399},"spectral_skewness":{"dmean":0.268694669008,"dmean2":0.437659263611,"dvar":0.069732837379,"dvar2":0.196699082851,"max":5.61542606354,"mean":1.705529809,"median":1.72183001041,"min":-0.102588579059,"var":0.244521483779},"spectral_spread":{"dmean":489887.8125,"dmean2":670178.9375,"dvar":824854183936,"dvar2":1461636038660,"max":43293188,"mean":4290336,"median":2964264.25,"min":1144670.625,"var":37526135898100},"spectral_strongpeak":{"dmean":0.67861866951,"dmean2":1.15830612183,"dvar":1.32229566574,"dvar2":3.19622707367,"max":11.510684967,"mean":1.1279989481,"median":0.355380296707,"min":0,"var":2.40648531914},"zerocrossingrate":{"dmean":0.00922174192965,"dmean2":0.0108135854825,"dvar":0.000109719920147,"dvar2":0.000146246835357,"max":0.52978515625,"mean":0.0714117437601,"median":0.0576171875,"min":0.00390625,"var":0.00610878504813}},"metadata":{"audio_properties":{"analysis_sample_rate":44100,"bit_rate":320058,"codec":"mp3","downmix":"mix","equal_loudness":0,"length":142.942047119,"lossless":false,"md5_encoded":"db751c5b642e6f37c9e6b78cdfe7a18b","replay_gain":-8.04452896118,"sample_rate":44100},"tags":{"acoustid_fingerprint":["AQADtFEaKWmSKcE_QxdShtvxHOYe4z8eomGU5ajwo2mkI8t249AJPwtOvPnQcK3QJidO-D14RccxRUoSHj10oo2YIow1F7-wC1aWKMFNIwfT-Gi-HH_QvIf2HOfRo6naBc9xdgNFJTwu6fjR6DlKbY9xfYEOj1lG5Olxaz1qXqjTfOCv4_BIIk8J_Sn6D80V4XqqoszRyIF-xI-Dskfjd3gaITwPLU-Rr2j-BH1iPJIQPxDi3CH6KpjsHM9xDel_nOFwHv8EXy3uHLmNPnnQRDz-5PiyG2G28NB0Ixfx7GjSSMHhKk-Rcye0_sjxC83TBOcVNGeO_LiUQ6yDU8E_Dr8JzYp0HP2Da-iedDAV-iilDNrTZDjSODt2KYH7o-qDT_iRF2p-ZI-WoLkMN6ilTcQLc8uRP-B3VMyMRmEuXLzxHc3DolqlqriOR2h4oWdQwnFQUqtx5RGmxxAnx0FvIcyEXpHRPlPgHGWjHF-PQH2I_BkaN-g8C-eLH20cpE7moOeLSiy0PDveZ0PzLEd5Hc2hPTTy4GF0TDneoAm1eMjzQHsOn0GfPNBzeIka5MyFH823JKiT8Dh15D-ahYemW8FtNG6mBC13XMHLpMLp4MzRXBvBHA_I_hC5ED_-IwyXoTKD8wrSUEuOZ4b-oHmG8Dt-vE8MJhWPTs-Qp8MPh5-M6zgHrdOG6scvXCOy5PnRI8x-MM-D78GTgwmj7NCe48dz6MuIUjeqLJ9wFj8O9w3y1aLwGE3EvEg1yYLT6ULtMMWZ6Dgh5hH0HN-Da4edUPghmAtV8D-aCeUcPNPx7xB_IrqO5ziaHz1eoQqFLf6C52nRd3hRH1d31Ef-Q9qR3xPKUhn44bDFEaGPp8LDo3l0oZskC5qjZRO8K8ZD-CT6vHguFY32Q7MyXAtDPPjj4tsguA4eJjsu6XjgjoceXEf648cPPyRyQ8ujBKF-fBfeiFxR-_Ar1Bv-o3HRs8Z55C_0HPRCXMQrPLlQUToOPuiHUHSQWjsqHg_65dDxiTnq9MgfIm_hdSXo8bioGH8K8cG34dsDyR-uC0eYvqiV49tRB2Ee4oeqw4904dLxC022kiiZC_pQPkHziPihPIWdzCry1fjhF_-OdUfjEWEzHt6hB2SzIEwoPpi4C0fDXUe7fPiao8-O5pYivNTx5GgUHmW-4WnwBk2VIxKav9CseA_6xoGPSl2Ch30hHfeLp2imgfmRv9g_IU0bPGvwH-aTBmfkIYfP4cP7IE3o4k4lC8q_IKS-gAlX4z2aE3224OInfMmRhzIYSlmODn-gkZEuhNEFHk32o4-e4clR_2jI4-CLawqLPMJFNdB2HJUvlBmayZkOrkX9Dc0DXUe_F_-Fekug82hOtFGWCvyF5jnqKfhZUMeZLBRuCi_88MQfPIQWRx7C4-jJRWgyacH3BD-oszi-UkSvvTiF8Bcu1CYF8YdfMDKPh-GGf-iPrSOKCyeeKLoxNtKheazgb0X_CPGjVHh248rR1Ea4ZtnAUXQjfA2e49GCizWaVBGqKA7-JNC3w02Y40cO6sVz4Rf25Ifz5LjCIFxpJMuPH7WPxk2FYyqP5gm