{"lowlevel":{"average_loudness":0.649688303471,"barkbands":{"dmean":[0.0000155974794325,0.000877693528309,0.00136155472137,0.00122845009901,0.00103373709135,0.000602249871008,0.000460950686829,0.000502138107549,0.000418530253228,0.000232398233493,0.000133753448608,0.000178317262908,0.000274915219052,0.000218610686716,0.00027527322527,0.000225839554332,0.000219136665692,0.000123116144096,0.000287282513455,0.00012094223348,0.0000805324816611,0.0000836123435874,0.0000714701745892,0.0000436777627328,0.0000293759585475,0.0000150146333908,0.00000479635264128],"dmean2":[0.0000238854554482,0.001571548637,0.00232685380615,0.00212869280949,0.00175874005072,0.000968861219008,0.000712308159564,0.00073620287003,0.000631094968412,0.000356285308953,0.00020922733529,0.000282305380097,0.000431911030319,0.00034503673669,0.000434150657384,0.000347786524799,0.000336362340022,0.000184446194908,0.000415496702772,0.000191654311493,0.000132487490191,0.000131167893414,0.000109121181595,0.0000659565048409,0.0000436015652667,0.000023611688448,0.00000853852998262],"dvar":[1.85743842529e-9,0.00000450685683973,0.00000955256200541,0.00000685924442223,0.00000582459097132,0.00000213972862184,0.00000107622440737,0.00000151690630901,0.00000112748978154,3.04284469621e-7,1.74666226371e-7,2.19197190177e-7,2.70005187986e-7,2.57607894127e-7,2.76358292695e-7,1.49418099227e-7,1.8112756095e-7,4.92773715166e-8,4.00193329142e-7,1.28919410258e-7,4.36201155196e-8,5.16327851585e-8,3.91984649184e-8,1.2978930819e-8,6.46316289377e-9,2.14737361226e-9,3.02174701927e-10],"dvar2":[4.0335170759e-9,0.0000127398816403,0.0000250966368185,0.0000189588627109,0.0000162836131494,0.00000536811148777,0.00000249642334893,0.00000323094695887,0.00000234596996052,6.53188294564e-7,3.87989643968e-7,5.31464195319e-7,6.3000152295e-7,6.13104532476e-7,6.30235206245e-7,3.54855160367e-7,4.10477099422e-7,1.006215129e-7,8.25842391805e-7,3.02557424448e-7,1.13627471876e-7,1.31513445467e-7,9.32591390779e-8,3.04832070697e-8,1.47044723064e-8,5.35795940948e-9,8.28198898351e-10],"max":[0.000636038719676,0.03136818856,0.0536415874958,0.0269371885806,0.0334901548922,0.0257982034236,0.0243319012225,0.0323886685073,0.0429804772139,0.0130855692551,0.0142926834524,0.0137754650787,0.0124770719558,0.0150940157473,0.0162002779543,0.0108861941844,0.010688549839,0.0052715796046,0.0175087563694,0.0148145547137,0.00306966411881,0.0044581159018,0.00606046011671,0.00225503672846,0.00119090743829,0.000716923095752,0.000289631861961],"mean":[0.0000155928446475,0.00090537784854,0.00201443466358,0.00169547775295,0.00163206923753,0.00103262090124,0.000882157706656,0.00101633707527,0.000850666081533,0.00037360159331,0.00019181688549,0.000316410791129,0.000497839355376,0.000389989087125,0.000545622489881,0.000502725655679,0.000490966136567,0.000280758016743,0.000723597418983,0.000229271608987,0.000104676611954,0.000122605328215,0.000103610669612,0.0000584750741837,0.0000366554122593,0.0000150836540342,0.00000367765824194],"median":[5.96882046011e-7,0.000378264958272,0.000850105192512,0.000704682897776,0.00100869173184,0.000485100841615,0.000269391515758,0.000232735008467,0.000254133250564,0.000114614857011,0.00003699483932,0.000112280118628,0.000238073931541,0.000146541453432,0.000265217502601,0.000236442196183,0.000174293847522,0.000118108575407,0.000186058896361,0.0000490502497996,0.0000272378638329,0.0000310386603815,0.0000272133947874,0.0000125595634017,0.00000634222988083,0.00000212383406506,3.91359975538e-7],"min":[1.05354503817e-23,1.19206775095e-23,2.9553897575e-23,3.2936735085e-23,5.27814336127e-23,4.01939714231e-23,3.44319483556e-23,6.73804847997e-23,7.50768516047e-23,3.09342526978e-23,5.28786906959e-23,2.89867886257e-23,1.30760371959e-22,1.0462946807e-22,9.53955040752e-23,7.78434183538e-23,1.00306459822e-22,8.67011272508e-23,1.43023157933e-22,1.40889560552e-22,2.35913384923e-22,3.08932697961e-22,4.15348115565e-22,5.48309018175e-22,8.50906014485e-22,1.24778610109e-21,1.91325421655e-21],"var":[2.05753791782e-9,0.00000321293396155,0.0000116057808555,0.00000695725748301,0.00000531801697434,0.00000315530223816,0.00000280483459392,0.00000571395685256,0.00000354631333721,6.39067707198e-7,3.24301822729e-7,4.76394205862e-7,6.26193525477e-7,6.52281869407e-7,9.01045837054e-7,6.13565759977e-7,6.55477549572e-7,1.93400495618e-7,0.00000182859093911,4.36859750153e-7,4.52395774175e-8,6.97237467762e-8,6.55146408235e-8,1.78455579203e-8,8.4243128029e-9,2.01534766653e-9,2.08977932181e-10]},"barkbands_crest":{"dmean":1.87642502785,"dmean2":3.05840063095,"dvar":3.30356264114,"dvar2":8.36858558655,"max":26.9170188904,"mean":8.52494525909,"median":7.5398645401,"min":2.33401989937,"var":16.3279342651},"barkbands_flatness_db":{"dmean":0.0157530661672,"dmean2":0.023044269532,"dvar":0.000482683099108,"dvar2":0.000818532367703,"max":1,"mean":0.127047374845,"median":0.116468638182,"min":0.0243457201868,"var":0.00983103737235},"barkbands_kurtosis":{"dmean":3.50677633286,"dmean2":5.53073835373,"dvar":11349.7470703,"dvar2":29373.1347656,"max":8429.62011719,"mean":6.71373510361,"median":0.00678288936615,"min":-1.8514213562,"var":11783.3935547},"barkbands_skewness":{"dmean":0.416192233562,"dmean2":0.649014532566,"dvar":0.455833256245,"dvar2":0.844369769096,"max":59.2776374817,"mean":1.30160212517,"median":0.983822464943,"min":-3.08951568604,"var":4.95080947876},"barkbands_spread":{"dmean":4.78318881989,"dmean2":7.37688779831,"dvar":28.7899856567,"dvar2":65.9716110229,"max":91.3637008667,"mean":26.7425117493,"median":25.9521789551,"min":0.00306498166174,"var":115.444953918},"dissonance":{"dmean":0.0131400274113,"dmean2":0.0219537913799,"dvar":0.000166684316355,"dvar2":0.000446253048722,"max":0.5,"mean":0.471268862486,"median":0.475099414587,"min":0.312080800533,"var":0.000349935260601},"dynamic_complexity":3.83137440681,"erbbands":{"dmean":[0.0140631636605,0.24625299871,1.27051901817,3.01965641975,4.21316099167,3.17070746422,3.87637376785,5.0187664032,5.38986539841,9.59568977356,9.75136089325,9.39062976837,5.55931568146,7.72551298141,5.57793235779,7.88413953781,11.073225975,12.8756494522,9.46441364288,14.0656919479,12.884765625,9.96498775482,6.19998884201,11.6251316071,13.2688932419,4.84520339966,3.48415160179,3.04098653793,3.20421004295,2.48161411285,1.93660187721,1.16680324078,0.616961121559,0.351305544376,0.198805853724,0.0694311782718,0.0265800952911,0.00804113596678,0.000783396069892,0.0000343495303241],"dmean2":[0.024765631184,0.441415458918,2.19190359116,5.24374771118,7.31363868713,5.30724954605,6.18538475037,8.02807426453,8.39378166199,14.2852611542,14.5641012192,14.1356687546,8.51079177856,11.715681076,8.69743156433,12.3969726562,17.2468566895,20.1921634674,14.6922807693,22.0065975189,19.6735782623,15.1520547867,9.31759738922,16.4836349487,19.430644989,7.6652636528,5.7464261055,4.93021011353,5.02698612213,3.87526082993,2.9101998806,1.77850520611,0.936612248421,0.533310472965,0.295567542315,0.104767791927,0.0421723537147,0.0141215240583,0.00138852035161,0.0000583773507969],"dvar":[0.00137295201421,0.341455578804,7.97800970078,40.0755462646,106.055374146,42.9914627075,100.286270142,133.468887329,160.201370239,714.35345459,442.698303223,630.893554688,117.692260742,367.359100342,197.172302246,441.944061279,494.836090088,833.435180664,494.798736572,734.500061035,437.538238525,384.770843506,122.103744507,506.414245605,1342.43261719,159.777557373,77.2907867432,68.7398986816,78.436706543,54.7558174133,25.5360774994,9.51378154755,2.65492105484,0.906765222549,0.349344372749,0.0417659021914,0.00714652473107,0.000823118491098,0.00000789824935055,1.21796981389e-8],"dvar2":[0.003794942284,0.971694350243,21.4337787628,110.34627533,297.665893555,116.651794434,267.153869629,317.613433838,366.782287598,1625.61450195,955.243164062,1299.87963867,272.420074463,784.976623535,459.585266113,1076.09265137,1172.34240723,1953.95214844,1092.79638672,1785.59960938,989.639648438,827.138916016,256.188659668,942.152099609,2936.80200195,382.879730225,201.92980957,180.570022583,196.547470093,144.527130127,57.6339607239,22.2855968475,6.38305139542,2.14127111435,0.78550606966,0.0998301506042,0.017840789631,0.00224364362657,0.0000215169675357,3.20905115814e-8],"max":[0.535452246666,8.06728363037,41.995010376,72.2924575806,135.524810791,97.8687896729,177.894973755,211.485687256,377.715911865,795.230102539,525.712341309,933.946655273,213.030258179,419.822418213,400.038543701,647.725646973,581.665161133,920.470153809,871.640075684,876.925842285,739.334106445,566.36151123,298.294494629,556.32635498,1136.78747559,389.950561523,128.667663574,123.198005676,192.551315308,223.308120728,170.954086304,73.4344940186,25.0875549316,13.8808412552,11.150595665,3.65364837646,1.21706783772,0.43405649066,0.0504214912653,0.00190963561181],"mean":[0.0147812850773,0.270060300827,1.86845731735,4.48330545425,5.76019001007,5.12022781372,6.51748466492,8.83488273621,10.589972496,20.7109146118,20.111246109,19.4428482056,10.6199302673,12.819893837,9.52262210846,14.9997549057,21.5080661774,24.2149715424,20.9016437531,28.907951355,31.695514679,24.7190933228,15.5349836349,29.3332576752,33.4790039062,10.1655750275,4.78007888794,3.97890925407,4.66106414795,3.51748323441,2.80110669136,1.618039608,0.799717128277,0.435726642609,0.243928834796,0.0795948132873,0.0253987498581,0.00616952078417,0.000617415178567,0.0000429944411735],"median":[0.00561349838972,0.124319463968,0.885172963142,2.46798038483,2.97473907471,2.94708275795,3.61287498474,3.46950244904,4.35481452942,4.45986413956,6.42740249634,5.79944467545,4.32990932465,4.12413358688,3.31766986847,6.239320755,10.1109848022,10.1911487579,9.76102161407,13.2763328552,15.471288681,8.97902488708,7.33828163147,9.97557640076,7.0027346611,2.43290424347,1.47291314602,0.914285838604,1.16162693501,0.917519450188,0.735014796257,0.364234268665,0.166631147265,0.0759031921625,0.0409304723144,0.0126585485414,0.0032527835574,0.000683050078806,0.0000712670735084,0.0000181447903742],"min":[8.81098308792e-22,1.21431648731e-21,2.39361399257e-20,8.05324885182e-20,1.48469084259e-19,1.26449678524e-19,2.83595590141e-19,3.20897610057e-19,2.43362352327e-19,1.52779245842e-18,1.73325109449e-18,1.40862189174e-18,6.63117403064e-19,2.1176650862e-18,1.23798693908e-18,1.43562799457e-18,3.81321122041e-18,1.3019508513e-17,1.01590898306e-17,5.91645606699e-18,6.16139003663e-18,8.15407681767e-18,1.36306047341e-17,8.24695182966e-18,1.55882384959e-17,1.84644050427e-17,1.30288622713e-17,1.68001375026e-17,2.44017370804e-17,2.26843992866e-17,1.91142480581e-17,1.89518824301e-17,1.20304114314e-17,1.12886694771e-17,1.34573889779e-17,5.18744194081e-18,2.45826187329e-18,1.32028613675e-18,3.39775241653e-19,3.8174621145e-20],"var":[0.00101988273673,0.244406342506,9.1020822525,38.8306541443,90.448928833,51.8360900879,109.726760864,269.529663086,405.51461792,2667.93725586,1438.55102539,2041.50036621,279.236206055,770.266296387,393.903778076,975.194274902,1202.40075684,2203.51733398,1962.86499023,2002.38928223,2060.6081543,1610.17028809,503.549224854,2349.4152832,5917.36572266,623.231994629,85.8408279419,71.0891647339,109.945671082,72.5709533691,46.1712646484,14.1665420532,3.36145019531,1.1313046217,0.439153939486,0.046556327492,0.00646546296775,0.000561234541237,0.00000561527849641,1.0232308334e-8]},"erbbands_crest":{"dmean":2.20413470268,"dmean2":3.51749277115,"dvar":5.45499944687,"dvar2":12.8322601318,"max":35.7714042664,"mean":8.26207065582,"median":7.15266418457,"min":2.15587520599,"var":20.2474021912},"erbbands_flatness_db":{"dmean":0.0160483960062,"dmean2":0.0232732519507,"dvar":0.000353618030204,"dvar2":0.000704642385244,"max":0.340059816837,"mean":0.1549359411,"median":0.153403326869,"min":0.0236281529069,"var":0.00186190730892},"erbbands_kurtosis":{"dmean":0.750353693962,"dmean2":1.18368828297,"dvar":44.1020126343,"dvar2":69.9256286621,"max":319.900299072,"mean":3.35651898384,"median":-0.427047491074,"min":-1.7529759407,"var":1095.90856934},"erbbands_skewness":{"dmean":0.276929527521,"dmean2":0.423172146082,"dvar":0.190455928445,"dvar2":0.347998142242,"max":16.6366291046,"mean":-0.0655902773142,"median":-0.222004875541,"min":-2.55004572868,"var":3.42658519745},"erbbands_spread":{"dmean":7.44849491119,"dmean2":11.7231731415,"dvar":76.6251373291,"dvar2":180.399307251,"max":146.486434937,"mean":39.3247795105,"median":36.5403862,"min":2.92865896225,"var":256.771972656},"gfcc":{"cov":[[24606.9882812,1226.92419434,-2385.45019531,667.705810547,-1102.76330566,94.8040237427,-786.035827637,304.083129883,-330.508209229,-199.820663452,-373.23236084,-182.807373047,-477.405059814],[1226.92419434,1001.69854736,-423.146026611,-49.9327507019,130.183380127,-161.655426025,-42.5067253113,16.7602710724,31.4027004242,-71.8681869507,30.8918018341,-42.0184631348,-46.7984580994],[-2385.45019531,-423.146026611,792.339050293,9.23510932922,62.4172325134,216.634094238,115.170326233,-31.0447635651,3.56604623795,56.3394088745,-19.0841751099,59.8953018188,63.5702667236],[667.705810547,-49.9327507019,9.23510932922,273.297515869,-25.8327007294,27.5923690796,-13.0943174362,-7.03094911575,5.27248239517,-1.62156927586,-5.44615983963,-34.719669342,-6.91087007523],[-1102.76330566,130.183380127,62.4172325134,-25.8327007294,263.508239746,-38.5685768127,3.89121460915,2.16832756996,29.1683921814,-3.64873600006,25.1201286316,1.23592352867,14.407957077],[94.8040237427,-161.655426025,216.634094238,27.5923690796,-38.5685768127,275.855743408,74.9080886841,-17.1229877472,-32.5658798218,23.458984375,-40.7629699707,26.0773677826,23.7516078949],[-786.035827637,-42.5067253113,115.170326233,-13.0943174362,3.89121460915,74.9080886841,181.621368408,23.1781654358,11.8258590698,12.7586202621,14.0244541168,18.4352493286,21.7258110046],[304.083129883,16.7602710724,-31.0447635651,-7.03094911575,2.16832756996,-17.1229877472,23.1781654358,129.513198853,33.4663887024,-6.31632852554,16.2774982452,-6.1172504425,-13.3459300995],[-330.508209229,31.4027004242,3.56604623795,5.27248239517,29.1683921814,-32.5658798218,11.8258590698,33.4663887024,85.5433578491,31.4096546173,22.4035148621,-11.1663312912,-2.21498250961],[-199.820663452,-71.8681869507,56.3394088745,-1.62156927586,-3.64873600006,23.458984375,12.7586202621,-6.31632852554,31.4096546173,92.1270370483,29.0439510345,9.08225822449,6.22297000885],[-373.23236084,30.8918018341,-19.0841751099,-5.44615983963,25.1201286316,-40.7629699707,14.0244541168,16.2774982452,22.4035148621,29.0439510345,87.2211227417,19.485212326,-1.55436384678],[-182.807373047,-42.0184631348,59.8953018188,-34.719669342,1.23592352867,26.0773677826,18.4352493286,-6.1172504425,-11.1663312912,9.08225822449,19.485212326,78.4088134766,28.7331409454],[-477.405059814,-46.7984580994,63.5702667236,-6.91087007523,14.407957077,23.7516078949,21.7258110046,-13.3459300995,-2.21498250961,6.22297000885,-1.55436384678,28.7331409454,72.5685806274]],"icov":[[0.000181969706318,-0.000226326301345,0.000433474691818,-0.00046477370779,0.000480502581922,-0.000392757414375,0.000586264475714,-0.00072535010986,0.00060065544676,-0.000511899765115,0.000807611446362,-0.000607226742432,0.000671368907206],[-0.000226326301345,0.00188153726049,0.000324178225128,0.000809320656117,-0.00147049583029,0.000389355584048,-0.000943661201745,0.00131717068143,-0.00154203362763,0.00176030071452,-0.00139189965557,0.000865329289809,-0.000363636645488],[0.000433474691818,0.000324178225128,0.00340057141148,-0.00112190085929,0.0000497779547004,-0.00213413964957,0.000694247777574,-0.00121495663188,0.000661808182485,-0.00136677140836,0.00233307597227,-0.00226940074936,0.00131826288998],[-0.00046477370779,0.000809320656117,-0.00112190085929,0.00533516146243,-0.000856022292282,0.000150606938405,-0.000965411949437,0.00228014984168,-0.00228500273079,0.00215940433554,-0.00318643939681,0.00392046850175,-0.00209123804234],[0.000480502581922,-0.00147049583029,0.0000497779547004,-0.000856022292282,0.00619369978085,-0.000486711098347,0.00189568020869,-0.00170038302895,0.000429323583376,-0.00051055039512,0.000802797731012,-0.000883738335688,0.00056097144261],[-0.000392757414375,0.000389355584048,-0.00213413964957,0.000150606938405,-0.000486711098347,0.00720828399062,-0.00330770481378,0.00114400568418,0.0013864930952,-0.00146657065488,0.00168883777224,-0.000124462632812,-0.00125730945729],[0.000586264475714,-0.000943661201745,0.000694247777574,-0.000965411949437,0.00189568020869,-0.00330770481378,0.00914882216603,-0.00358200795017,0.000868840666953,-0.000825127703138,0.000451378844446,-0.00156330969185,0.000582588312682],[-0.00072535010986,0.00131717068143,-0.00121495663188,0.00228014984168,-0.00170038302895,0.00114400568418,-0.00358200795017,0.0126013094559,-0.00707648787647,0.00501047819853,-0.00485068559647,0.00240393308923,-0.000989307765849],[0.00060065544676,-0.00154203362763,0.000661808182485,-0.00228500273079,0.000429323583376,0.0013864930952,0.000868840666953,-0.00707648787647,0.0206040646881,-0.0092458371073,0.00245843618177,0.000777563836891,0.00122568791267],[-0.000511899765115,0.00176030071452,-0.00136677140836,0.00215940433554,-0.00051055039512,-0.00146657065488,-0.000825127703138,0.00501047819853,-0.0092458371073,0.0186062641442,-0.00868189707398,0.00226385961287,-0.0020396921318],[0.000807611446362,-0.00139189965557,0.00233307597227,-0.00318643939681,0.000802797731012,0.00168883777224,0.000451378844446,-0.00485068559647,0.00245843618177,-0.00868189707398,0.0214762743562,-0.0089901285246,0.00516794016585],[-0.000607226742432,0.000865329289809,-0.00226940074936,0.00392046850175,-0.000883738335688,-0.000124462632812,-0.00156330969185,0.00240393308923,0.000777563836891,0.00226385961287,-0.0089901285246,0.0211469195783,-0.00868499558419],[0.000671368907206,-0.000363636645488,0.00131826288998,-0.00209123804234,0.00056097144261,-0.00125730945729,0.000582588312682,-0.000989307765849,0.00122568791267,-0.0020396921318,0.00516794016585,-0.00868499558419,0.0203138981014]],"mean":[-40.604763031,86.5397033691,-125.168365479,33.5080528259,-49.0179367065,5.38048171997,-44.2490386963,3.11920952797,-21.7519550323,-3.55543017387,-17.7275848389,-6.50463581085,-20.2054767609]},"hfc":{"dmean":5.16034269333,"dmean2":7.39747619629,"dvar":90.895690918,"dvar2":205.517379761,"max":154.244750977,"mean":15.5930671692,"median":9.31698989868,"min":1.17171854304e-16,"var":313.866943359},"melbands":{"dmean":[0.000183935684618,0.000552724930458,0.000550721248146,0.000267943454674,0.00012485703337,0.000111160996312,0.0000852953598951,0.000107792380732,0.0000811204663478,0.0000563608300581,0.0000284841025859,0.000033165088098,0.0000197405552171,0.0000214602205233,0.0000250639168371,0.0000240568460868,0.0000246287654591,0.0000149064017023,0.0000193469131773,0.0000169355862454,0.0000164557186508,0.0000116188730317,0.00000823876962386,0.00000637079301669,0.0000104291566458,0.0000118678281069,0.00000715570331522,0.00000271805652119,0.0000022567257929,0.00000204066213882,0.00000172496891082,0.00000199596138373,0.00000151122594616,0.00000142175258588,0.00000121422874599,8.8133964482e-7,6.78008177601e-7,4.61816597408e-7,3.39759395729e-7,2.91864864721e-7],"dmean2":[0.000326879526256,0.000960127741564,0.000952705275267,0.000458882830571,0.000199543937924,0.000178150454303,0.000131769877044,0.000158789844136,0.000120454773423,0.0000846031907713,0.0000435537112935,0.0000504597010149,0.0000308977614623,0.0000338489007845,0.0000388309417758,0.0000377622855012,0.0000385153616662,0.0000231091780734,0.0000304042969219,0.0000264100290224,0.0000251907513302,0.0000176174671651,0.0000132350351123,0.00000951504898694,0.0000149628294821,0.0000173368734977,0.0000107412643047,0.00000444085480922,0.00000373695456801,0.00000337941969519,0.00000282852920463,0.00000316721320814,0.00000241390966949,0.00000224395785153,0.0000018473504042,0.00000135905293064,0.00000105806009287,7.17020100183e-7,5.27577128651e-7,4.5005742777e-7],"dvar":[2.1167346631e-7,0.0000014975397562,0.00000132688239773,3.91272379829e-7,8.88657112341e-8,6.67821851152e-8,3.67250017064e-8,8.62023128434e-8,3.30461489284e-8,1.97604865804e-8,3.12274583969e-9,7.15136927454e-9,3.53714280088e-9,3.2562297303e-9,2.54025267488e-9,2.0532153755e-9,3.24575011312e-9,1.37813727097e-9,1.31106392409e-9,9.63245150309e-10,7.87035381311e-10,5.49006839989e-10,2.88089441192e-10,1.37401950928e-10,4.19846463151e-10,7.86703757694e-10,5.96716398515e-10,4.82831170878e-11,3.38330370664e-11,2.92920514233e-11,2.41588277161e-11,3.56002761992e-11,1.75901463534e-11,2.0130059078e-11,1.04440484039e-11,5.26632383535e-12,3.33911327408e-12,1.52810706797e-12,9.15770822889e-13,7.0040170495e-13],"dvar2":[5.91644436554e-7,0.00000408889036407,0.00000362804689757,0.00000109680195237,2.33614457557e-7,1.6051180296e-7,8.29282029713e-8,1.91161490193e-7,7.00880349314e-8,4.07346796294e-8,7.22392368147e-9,1.52237955575e-8,7.97709187594e-9,7.95075383309e-9,6.0085421083e-9,4.78978545715e-9,7.47844630666e-9,3.12130699065e-9,2.98187541325e-9,2.39624609044e-9,1.8144517e-9,1.17023224444e-9,7.17040871123e-10,2.80138801045e-10,7.98688115644e-10,1.62318747332e-9,1.34272371e-9,1.25261551132e-10,8.98382826464e-11,7.723999218e-11,6.3546522211e-11,8.80671230385e-11,4.59493415539e-11,5.37564784353e-11,2.38096209415e-11,1.22477895881e-11,7.90152318575e-12,3.68985961577e-12,2.28067369677e-12,1.66275532839e-12],"max":[0.00696997903287,0.0157609004527,0.0116099482402,0.00867346953601,0.00536331953481,0.0047012460418,0.00567988632247,0.00911598280072,0.00501516461372,0.00502843316644,0.00102039647754,0.00193832616787,0.00200210837647,0.00173599948175,0.00126008060761,0.00102421513293,0.00173930730671,0.00160687579773,0.00123458646704,0.0009861610597,0.00100449938327,0.000544115027878,0.000568130228203,0.000269077776466,0.000507254560944,0.000795146392193,0.000908965070266,0.00013214784849,0.000102575868368,0.0000909235168365,0.0000877811107785,0.000166395489941,0.0000715212954674,0.000157185277203,0.000101541649201,0.0000796329841251,0.0000343280735251,0.000019804603653,0.0000196607215912,0.0000174950200744],"mean":[0.000194471955183,0.000777229142841,0.000832348014228,0.000402965437388,0.000218034459976,0.000193763902644,0.000168116792338,0.000234337043366,0.000164455021149,0.000114545975521,0.000051506813179,0.0000535056642548,0.0000302900843963,0.0000372091562895,0.0000464715667476,0.0000441372467321,0.0000442666751042,0.00002943182335,0.0000381190693588,0.000035870114516,0.0000382231264666,0.000027417558158,0.000016206271539,0.0000141177142723,0.0000243404920184,0.0000290735606541,0.0000164404209499,0.00000436764184997,0.00000289981949209,0.00000254092378782,0.00000218128639062,0.00000284497627945,0.00000208150231629,0.00000194740186998,0.00000172936506715,0.00000121220364235,9.08654214982e-7,5.98188762524e-7,4.05149648941e-7,3.54885941078e-7],"median":[0.0000811893987702,0.000376424839487,0.000464642769657,0.000243785281782,0.000126430037199,0.000078943943663,0.0000665013576508,0.0000495211279485,0.0000502643597429,0.0000353444265784,0.0000201049188036,0.0000160261697602,0.00000816035390017,0.0000129405398184,0.0000197287190531,0.0000229092966038,0.0000168301048689,0.0000124864873214,0.0000183591928362,0.0000174747874553,0.000016704940208,0.00000831148827274,0.00000731682939659,0.00000599290524406,0.0000078394468801,0.00000644274587103,0.00000284090083369,0.00000104996877326,8.52534412843e-7,6.24653353043e-7,4.46159560852e-7,6.66287746753e-7,5.37153880487e-7,4.77639048313e-7,4.47851675744e-7,2.74071169315e-7,1.96078133285e-7,1.27541056827e-7,6.95076707302e-8,5.84158570405e-8],"min":[5.95478083522e-24,8.64050235769e-24,1.62676844836e-23,1.01356604081e-23,8.94445756422e-24,7.18364508198e-24,4.54254942092e-24,1.60419077594e-23,1.71100932671e-23,7.41568851725e-24,2.98629271293e-24,8.20951687959e-24,5.14166521818e-24,3.02893399751e-24,4.84546609207e-24,1.27481996988e-23,1.14020448516e-23,9.66783275912e-24,7.27634018265e-24,7.08721078062e-24,6.63196940741e-24,5.57895448377e-24,4.89512567492e-24,4.22929393875e-24,5.38299433517e-24,5.39793969945e-24,5.31635767678e-24,4.17004141287e-24,4.81640011759e-24,4.13940047759e-24,6.12808213762e-24,4.26574167916e-24,4.73553201404e-24,6.19397726675e-24,5.6058140143e-24,5.81484716583e-24,4.86516355444e-24,5.88274008521e-24,5.93379989616e-24,6.07598773559e-24],"var":[1.54644027361e-7,0.00000152929112573,0.00000130066882775,3.43603829833e-7,1.04792150069e-7,1.26435367065e-7,9.57617842801e-8,3.4027283391e-7,1.02801799073e-7,6.45291748924e-8,7.04717129096e-9,1.49118708492e-8,6.62149846065e-9,6.6818817146e-9,6.26035046025e-9,4.56544313465e-9,8.63610871704e-9,4.63764404657e-9,4.13246281639e-9,3.55799389951e-9,3.47819928415e-9,2.23038854053e-9,6.94122037626e-10,5.23137866359e-10,1.78941006457e-9,3.55035001398e-9,2.48382092671e-9,1.03525493733e-10,3.57476964696e-11,2.90998249802e-11,2.47095312961e-11,5.21842916101e-11,2.05361318228e-11,2.6330833347e-11,1.78819979657e-11,9.41535738264e-12,4.44741769454e-12,1.91754446523e-12,1.0012666694e-12,8.72457488199e-13]},"melbands_crest":{"dmean":2.77461528778,"dmean2":4.56038379669,"dvar":6.94943141937,"dvar2":18.128911972,"max":40,"mean":13.4840660095,"median":12.3806915283,"min":2.55488920212,"var":35.1879310608},"melbands_flatness_db":{"dmean":0.019368942827,"dmean2":0.0297955293208,"dvar":0.000637340999674,"dvar2":0.00124380155466,"max":1,"mean":0.179904893041,"median":0.169290184975,"min":0.00731090921909,"var":0.00965588819236},"melbands_kurtosis":{"dmean":14493331,"dmean2":25417878,"dvar":107611582422000000,"dvar2":203691469713000000,"max":15978301440,"mean":152066416,"median":4.17025184631,"min":-1.73601722717,"var":2129150803440000000},"melbands_skewness":{"dmean":52.0316390991,"dmean2":90.891708374,"dvar":2179178.25,"dvar2":3866473.25,"max":71379.875,"mean":719.786315918,"median":1.98944711685,"min":-1.74972677231,"var":47283148},"melbands_spread":{"dmean":7.06254816055,"dmean2":11.1347169876,"dvar":67.1156921387,"dvar2":154.623092651,"max":182.738616943,"mean":30.9104099274,"median":28.2004375458,"min":9.77732472762e-9,"var":320.087249756},"mfcc":{"cov":[[10385.9033203,628.288146973,-327.495666504,300.29699707,-82.0482177734,-159.859329224,-121.719047546,202.908676147,-50.6537742615,181.632171631,48.4356002808,-89.9511108398,60.2886657715],[628.288146973,1119.08276367,-371.277923584,70.4873123169,104.448020935,-103.003189087,-56.0157585144,41.4161529541,-62.052116394,13.6316156387,33.9986801147,-36.3421096802,32.0801620483],[-327.495666504,-371.277923584,582.194396973,-73.8845291138,-40.4955024719,187.073760986,90.3779907227,11.0368213654,79.0808029175,-23.4732666016,-34.430267334,61.0266075134,-49.3311042786],[300.29699707,70.4873123169,-73.8845291138,235.202911377,60.8386154175,-44.0612945557,-35.9909439087,-8.42733764648,-25.3971157074,25.9331226349,7.59951114655,-12.4698238373,15.1322555542],[-82.0482177734,104.448020935,-40.4955024719,60.8386154175,207.239685059,-4.31535100937,-25.764623642,-11.3953199387,-21.1358623505,30.3022060394,-11.3052768707,-24.8304901123,-4.25817584991],[-159.859329224,-103.003189087,187.073760986,-44.0612945557,-4.31535100937,232.517807007,71.1717147827,-11.1169061661,47.385799408,-26.9952964783,-16.7618865967,22.5049743652,-36.0793762207],[-121.719047546,-56.0157585144,90.3779907227,-35.9909439087,-25.764623642,71.1717147827,123.005813599,47.0685958862,29.8001766205,-7.69425916672,-9.39147377014,26.4390583038,-2.02524280548],[202.908676147,41.4161529541,11.0368213654,-8.42733764648,-11.3953199387,-11.1169061661,47.0685958862,112.142181396,24.1466693878,5.28167772293,-0.330732703209,0.277731597424,9.4273109436],[-50.6537742615,-62.052116394,79.0808029175,-25.3971157074,-21.1358623505,47.385799408,29.8001766205,24.1466693878,93.3234176636,14.9325389862,-4.04086208344,6.73465633392,-17.7500476837],[181.632171631,13.6316156387,-23.4732666016,25.9331226349,30.3022060394,-26.9952964783,-7.69425916672,5.28167772293,14.9325389862,103.916465759,18.2083625793,-5.11649560928,13.2325706482],[48.4356002808,33.9986801147,-34.430267334,7.59951114655,-11.3052768707,-16.7618865967,-9.39147377014,-0.330732703209,-4.04086208344,18.2083625793,80.2056808472,29.1748085022,11.3551082611],[-89.9511108398,-36.3421096802,61.0266075134,-12.4698238373,-24.8304901123,22.5049743652,26.4390583038,0.277731597424,6.73465633392,-5.11649560928,29.1748085022,81.5585708618,23.470281601],[60.2886657715,32.0801620483,-49.3311042786,15.1322555542,-4.25817584991,-36.0793762207,-2.02524280548,9.4273109436,-17.7500476837,13.2325706482,11.3551082611,23.470281601,77.4443435669]],"icov":[[0.000116256393085,-0.0000485746386403,0.00000500948726767,-0.000134703921503,0.000173048421857,-0.0000985195729299,0.00020061864052,-0.000296950951451,0.000127283579786,-0.000229389348533,0.0000262804496742,0.0000608341615589,0.0000102192270788],[-0.0000485746386403,0.001254961011,0.000773013744038,0.0000379351986339,-0.000575730693527,-0.000207387143746,0.000205783027923,-0.000679365475662,0.000221784794121,0.000247629446676,-0.000268126896117,-0.000174570755917,0.0000635019314359],[0.00000500948726767,0.000773013744038,0.00335030676797,0.00017123138241,-0.0000921073806239,-0.00164594384842,0.0000305679022858,-0.000760237104259,-0.000676940486301,-0.000253526814049,0.0015040532453,-0.00266247801483,0.00157254037913],[-0.000134703921503,0.0000379351986339,0.00017123138241,0.00510963797569,-0.00136346137151,0.000343159714248,0.00051278778119,0.000244259601459,0.000452624459285,-0.000456434965599,-0.000205341610126,0.00000175915613454,-0.000520295230672],[0.000173048421857,-0.000575730693527,-0.0000921073806239,-0.00136346137151,0.00635556597263,-0.00104842928704,0.0010616001673,-0.000392912741518,0.00166908395477,-0.00244910363108,0.00131234084256,0.000732659187634,0.000634681317024],[-0.0000985195729299,-0.000207387143746,-0.00164594384842,0.000343159714248,-0.00104842928704,0.00783174764365,-0.0041317162104,0.00318313366733,-0.00248223636299,0.00185660761781,-0.000298909726553,-0.0000159102564794,0.0013050371781],[0.00020061864052,0.000205783027923,0.0000305679022858,0.00051278778119,0.0010616001673,-0.0041317162104,0.0146545749158,-0.00688308337703,0.00039459503023,-0.00113586254884,0.00240627466701,-0.00390223646536,0.000146789912833],[-0.000296950951451,-0.000679365475662,-0.000760237104259,0.000244259601459,-0.000392912741518,0.00318313366733,-0.00688308337703,0.0139037426561,-0.00385048193857,0.00125276274048,-0.00113486126065,0.00258115725592,-0.00214299140498],[0.000127283579786,0.000221784794121,-0.000676940486301,0.000452624459285,0.00166908395477,-0.00248223636299,0.00039459503023,-0.00385048193857,0.0155080165714,-0.00424184650183,0.000857255537994,-0.000857104256283,0.00311704189517],[-0.000229389348533,0.000247629446676,-0.000253526814049,-0.000456434965599,-0.00244910363108,0.00185660761781,-0.00113586254884,0.00125276274048,-0.00424184650183,0.0128276888281,-0.00370949530043,0.00236686225981,-0.00278566265479],[0.0000262804496742,-0.000268126896117,0.0015040532453,-0.000205341610126,0.00131234084256,-0.000298909726553,0.00240627466701,-0.00113486126065,0.000857255537994,-0.00370949530043,0.0173680000007,-0.00867208000273,0.00213469215669],[0.0000608341615589,-0.000174570755917,-0.00266247801483,0.00000175915613454,0.000732659187634,-0.0000159102564794,-0.00390223646536,0.00258115725592,-0.000857104256283,0.00236686225981,-0.00867208000273,0.0213042590767,-0.00784053932875],[0.0000102192270788,0.0000635019314359,0.00157254037913,-0.000520295230672,0.000634681317024,0.0013050371781,0.000146789912833,-0.00214299140498,0.00311704189517,-0.00278566265479,0.00213469215669,-0.00784053932875,0.018142728135]],"mean":[-670.73260498,115.772232056,-14.053976059,25.6330394745,10.7163705826,3.07362961769,-8.8733921051,2.89377260208,-9.28802013397,4.2823882103,0.900342583656,-5.03340148926,-2.62205958366]},"pitch_salience":{"dmean":0.0586017183959,"dmean2":0.0952936932445,"dvar":0.00309434626251,"dvar2":0.00769459921867,"max":0.838425457478,"mean":0.554989516735,"median":0.568144440651,"min":0.0000164102493727,"var":0.0148746175691},"silence_rate_20dB":{"dmean":0,"dmean2":0,"dvar":0,"dvar2":0,"max":1,"mean":1,"median":1,"min":1,"var":0},"silence_rate_30dB":{"dmean":0,"dmean2":0,"dvar":0,"dvar2":0,"max":1,"mean":1,"median":1,"min":1,"var":0},"silence_rate_60dB":{"dmean":0.0287961289287,"dmean2":0.0575992241502,"dvar":0.02796452865,"dvar2":0.0642065703869,"max":1,"mean":0.119888700545,"median":0,"min":0,"var":0.105503641069},"spectral_centroid":{"dmean":234.031707764,"dmean2":355.122924805,"dvar":77920.953125,"dvar2":155383.15625,"max":11214.7714844,"mean":1613.54528809,"median":1556.12207031,"min":166.255813599,"var":401402.625},"spectral_complexity":{"dmean":3.38608598709,"dmean2":5.10309791565,"dvar":20.4860515594,"dvar2":41.2068901062,"max":58,"mean":17.9762878418,"median":17,"min":0,"var":98.1633224487},"spectral_contrast_coeffs":{"dmean":[0.0467314757407,0.0411883890629,0.0353153683245,0.0300084538758,0.0228011552244,0.0162825156003],"dmean2":[0.0788394510746,0.0671966746449,0.0563162080944,0.047741830349,0.0354199185967,0.0264956895262],"dvar":[0.00159860402346,0.00117915309966,0.000881012354512,0.000578011618927,0.000429575826274,0.000321052328218],"dvar2":[0.00443301955238,0.0030005951412,0.00215964671224,0.00144008570351,0.000935436110012,0.000783692055847],"max":[-0.302777439356,-0.438773572445,-0.55024856329,-0.571328401566,-0.55936640501,-0.535978615284],"mean":[-0.620221436024,-0.733969271183,-0.760011672974,-0.752904653549,-0.761842906475,-0.769439816475],"median":[-0.617784321308,-0.739152133465,-0.759610414505,-0.751489162445,-0.771461009979,-0.771188497543],"min":[-0.979986488819,-0.994318962097,-0.996321022511,-0.994702160358,-0.987772583961,-0.96384459734],"var":[0.00620457855985,0.00559257017449,0.00382412783802,0.00309878727421,0.00389974517748,0.00188235822134]},"spectral_contrast_valleys":{"dmean":[0.440169781446,0.354256421328,0.33798122406,0.279217928648,0.267448067665,0.317598998547],"dmean2":[0.723687291145,0.557733178139,0.524502635002,0.423380166292,0.385166347027,0.406896948814],"dvar":[0.176886171103,0.118417918682,0.12627466023,0.0871261954308,0.126087769866,0.226353943348],"dvar2":[0.422080606222,0.260917007923,0.25864765048,0.164979860187,0.231496959925,0.431444108486],"max":[-5.48327302933,-4.90708732605,-5.45577383041,-5.82882404327,-5.67133998871,-7.82059431076],"mean":[-7.98490428925,-7.312520504,-8.11368274689,-8.10663127899,-8.00858211517,-10.6954526901],"median":[-7.5946855545,-6.92050552368,-7.76475811005,-7.74157810211,-7.68602657318,-10.5337810516],"min":[-27.5044555664,-27.3844623566,-27.1695652008,-27.0873317719,-27.4695777893,-27.3649482727],"var":[4.45935964584,5.11983776093,4.99719381332,4.8921661377,5.05622768402,4.28237533569]},"spectral_decrease":{"dmean":1.33809674452e-9,"dmean2":2.15272710768e-9,"dvar":5.96799479583e-18,"dvar2":1.52141295203e-17,"max":-2.46352752153e-30,"mean":-3.60810337163e-9,"median":-2.69485633808e-9,"min":-2.93048749711e-8,"var":1.07599538276e-17},"spectral_energy":{"dmean":0.00543844839558,"dmean2":0.00866538099945,"dvar":0.0000984346988844,"dvar2":0.000248456199188,"max":0.120154134929,"mean":0.0150321722031,"median":0.0111111234874,"min":1.06371298949e-20,"var":0.000189667014638},"spectral_energyband_high":{"dmean":0.000339146703482,"dmean2":0.000505200878251,"dvar":7.29971247893e-7,"dvar2":0.00000179981077508,"max":0.0134233236313,"mean":0.000500003108755,"median":0.000150324922288,"min":7.08482456474e-21,"var":9.7392103271e-7},"spectral_energyband_low":{"dmean":0.00253991107456,"dmean2":0.00440951809287,"dvar":0.0000310078976327,"dvar2":0.0000842950248625,"max":0.0673374012113,"mean":0.00381265720353,"median":0.00223184819333,"min":6.59179114379e-23,"var":0.0000295273803204},"spectral_energyband_middle_high":{"dmean":0.00126649730373,"dmean2":0.00179510784801,"dvar":0.00000365270739167,"dvar2":0.00000695906146575,"max":0.0380810573697,"mean":0.0044433567673,"median":0.00262230169028,"min":1.58061482213e-21,"var":0.0000266000643023},"spectral_energyband_middle_low":{"dmean":0.00304478243925,"dmean2":0.0049283686094,"dvar":0.0000350829795934,"dvar2":0.0000916046628845,"max":0.094151251018,"mean":0.0071867662482,"median":0.00487796263769,"min":3.08746577274e-22,"var":0.0000559358013561},"spectral_entropy":{"dmean":0.132759660482,"dmean2":0.186904236674,"dvar":0.0238436367363,"dvar2":0.0461659878492,"max":9.80703544617,"mean":7.60507392883,"median":7.56128501892,"min":6.10854196548,"var":0.149646863341},"spectral_flux":{"dmean":0.0185064021498,"dmean2":0.0287626516074,"dvar":0.000711478234734,"dvar2":0.00141187838744,"max":0.260353624821,"mean":0.0597093105316,"median":0.050173766911,"min":6.63256324862e-11,"var":0.00176160014234},"spectral_kurtosis":{"dmean":1.40900611877,"dmean2":2.37900662422,"dvar":2.57071113586,"dvar2":6.90302705765,"max":21.4541149139,"mean":4.58487844467,"median":4.31578969955,"min":-1.26215279102,"var":6.58379507065},"spectral_rms":{"dmean":0.000606135174166,"dmean2":0.000928778317757,"dvar":8.28891018045e-7,"dvar2":0.00000196930955099,"max":0.0108269825578,"mean":0.0034472704865,"median":0.00329243391752,"min":3.22144177653e-12,"var":0.00000278183324554},"spectral_rolloff":{"dmean":456.469360352,"dmean2":754.929870605,"dvar":461520.65625,"dvar2":1039040.125,"max":18841.5527344,"mean":1913.22741699,"median":1787.25585938,"min":21.533203125,"var":1688226.25},"spectral_skewness":{"dmean":0.188827395439,"dmean2":0.307856440544,"dvar":0.0409038364887,"dvar2":0.102465249598,"max":3.51701307297,"mean":1.43373143673,"median":1.43554055691,"min":-0.0643239095807,"var":0.143024370074},"spectral_spread":{"dmean":494147.21875,"dmean2":715969.4375,"dvar":1062819659780,"dvar2":2356558430210,"max":49725988,"mean":4646333,"median":3894037,"min":1743642.25,"var":22282200154100},"spectral_strongpeak":{"dmean":0.389043807983,"dmean2":0.670775413513,"dvar":0.634620070457,"dvar2":1.67052543163,"max":13.2531852722,"mean":0.693437755108,"median":0.351196289062,"min":0,"var":0.87809830904},"zerocrossingrate":{"dmean":0.00867551378906,"dmean2":0.0102607598528,"dvar":0.000132733563078,"dvar2":0.000143485347508,"max":0.50341796875,"mean":0.0661530718207,"median":0.06103515625,"min":0,"var":0.00118280632887}},"metadata":{"audio_properties":{"analysis_sample_rate":44100,"bit_rate":0,"codec":"flac","downmix":"mix","equal_loudness":0,"length":191.893325806,"lossless":true,"md5_encoded":"242246724b2b990d5a00a9147043116b","replay_gain":-7.30185890198},"tags":{"album":["L.A. Woman"],"albumartist":["The Doors"],"albumartistsort":["Doors, The"],"artist":["The Doors"],"artistsort":["Doors, The"],"asin":["B0000264WB"],"barcode":["07559750112"],"catalognumber":["7559-75011-2"],"composer":["The Doors"],"date":["1991-02-22"],"discnumber":["1"],"disctotal":["1"],"file_name":"07 Hyacinth House.flac","genre":["Rock"],"label":["Elektra"],"language":["eng"],"lyricist":["Jim Morrison"],"media":["CD"],"musicbrainz_albumartistid":["9efff43b-3b29-4082-824e-bc82f646f93d"],"musicbrainz_albumid":["ce32e713-b9ee-4158-b84d-e49f9c582eae"],"musicbrainz_artistid":["9efff43b-3b29-4082-824e-bc82f646f93d"],"musicbrainz_recordingid":["b686f02f-aa56-4cb1-94ea-8466b16e0993"],"musicbrainz_releasegroupid":["7be633bd-d1f6-3d89-8939-803ae0ed0de8"],"musicbrainz_releasetrackid":["c1cf9deb-57cc-3adf-9cd8-1bef4e37ebe1"],"musicbrainz_workid":["b877a0e6-6b52-4ec7-a9bb-9bb27d406ee6"],"originaldate":["1971-04"],"releasecountry":["XE"],"releasestatus":["official"],"releasetype":["album"],"script":["Latn"],"title":["Hyacinth House"],"totaldiscs":["1"],"totaltracks":["10"],"tracknumber":["7"],"tracktotal":["10"]},"version":{"essentia":"2.1-beta1","essentia_build_sha":"7598a69e7b456135ce4c070efb04a3d0ebb71fdd","essentia_git_sha":"v2.1_beta1-6-g5578087","extractor":"music 1.0"}},"rhythm":{"beats_count":544,"beats_loudness":{"dmean":0.0126605601981,"dmean2":0.0232896581292,"dvar":0.000127496386995,"dvar2":0.00040679203812,"max":0.0797531828284,"mean":0.0224219039083,"median":0.0197304040194,"min":3.53462548119e-9,"var":0.000198335343157},"beats_loudness_band_ratio":{"dmean":[0.179511725903,0.0954883173108,0.102499045432,0.0784764140844,0.0754157155752,0.0684476569295],"dmean2":[0.318444162607,0.161980