{"lowlevel":{"average_loudness":0.913626790047,"barkbands":{"dmean":[0.0000357443532266,0.00235804426484,0.00185827747919,0.00325083686039,0.00119793333579,0.000235945044551,0.000303003820591,0.000558260886464,0.000499725632835,0.000484447227791,0.00025520203053,0.000333534786478,0.00028911352274,0.000285708723823,0.00019189316663,0.000240721376031,0.000329403817886,0.000227176657063,0.000231867757975,0.000126842365717,0.00012997900194,0.000107767431473,0.0000595223973505,0.0000479030750284,0.0000298612794722,0.0000350074224116,0.0000220355286729],"dmean2":[0.000053577714425,0.00421145651489,0.00327264633961,0.00552936224267,0.00191184214782,0.000372136564692,0.000486901612021,0.000868430244736,0.000786599994171,0.000773226202,0.000411801767768,0.000534019607585,0.000455032160971,0.000436031143181,0.000304939312628,0.000398673495511,0.000543006928638,0.000368939829059,0.000376036652597,0.000205384785659,0.000190555088921,0.000148048333358,0.000086200881924,0.0000677244606777,0.000041440136556,0.0000501965150761,0.0000336348239216],"dvar":[5.42529576819e-9,0.0000490830716444,0.0000151487874973,0.0000833860249259,0.00000770032693254,2.03001263799e-7,6.74620366681e-7,0.00000247370007855,6.68459961162e-7,0.00000124426776438,6.36441370716e-7,0.00000121089169625,0.00000103630497961,5.45418572528e-7,2.80691125454e-7,1.13638463972e-7,1.99965612069e-7,1.45996708056e-7,1.21668776387e-7,7.04533178464e-8,9.79525509592e-8,6.13580155573e-8,1.17316156789e-8,1.04620410113e-8,4.91431562111e-9,7.03615299358e-9,1.80273651562e-9],"dvar2":[1.04454747074e-8,0.000138422095915,0.0000435406254837,0.000211943450267,0.0000175904024218,4.90709396672e-7,0.00000156820794928,0.00000584144800087,0.00000163028812494,0.00000302361536342,0.00000162952358096,0.0000029690734209,0.00000254595761362,0.00000115610691864,6.26857001862e-7,3.01142534909e-7,5.17151534041e-7,3.62980671298e-7,3.08921954684e-7,1.74987576429e-7,2.02633387403e-7,1.20275601034e-7,2.53154652796e-8,2.16573532441e-8,9.96313698209e-9,1.47830263586e-8,3.99620381231e-9],"max":[0.000986955594271,0.0586365833879,0.0414952225983,0.097154840827,0.0339953154325,0.0051911980845,0.0181466769427,0.0316702798009,0.0261913388968,0.029770610854,0.0177586190403,0.0236557982862,0.0200017429888,0.0200920831412,0.0198362972587,0.00586760882288,0.00860538892448,0.00714403158054,0.005677965004,0.00384336430579,0.00655155815184,0.00825205910951,0.00188541924581,0.00310015981086,0.0012993455166,0.000890358467586,0.000637136399746],"mean":[0.0000497158362123,0.00230903876945,0.00273449881934,0.00326423253864,0.00174825650174,0.000350932648871,0.000433462410001,0.00082471058704,0.000905788270757,0.000786147720646,0.000402015080908,0.000529966200702,0.000396238669055,0.000443972909125,0.000336615892593,0.000470984785352,0.000694967748132,0.0004757658171,0.000515313877258,0.000233317230595,0.000245875125984,0.000213801293285,0.000137131093652,0.0000979881660896,0.0000549989126739,0.0000505072675878,0.0000304591085296],"median":[0.0000226757147175,0.00102004152723,0.00115436781198,0.00111699709669,0.000880966137629,0.000154196139192,0.000160366180353,0.000264488393441,0.000613525742665,0.000432937755249,0.000193670697627,0.000158302078489,0.0000900353479665,0.000168332291651,0.000187001947779,0.000383310252801,0.000581132771913,0.000343618710758,0.000405832397519,0.000153148503159,0.000105732062366,0.0000721918113413,0.0000607597394264,0.0000425392281613,0.0000243243976001,0.0000139180010592,0.00000488365276397],"min":[2.71757109126e-25,1.86625675843e-24,1.66122187444e-25,9.3274430256e-25,3.48512910356e-24,7.94579279037e-24,5.29059387405e-24,4.5980327694e-24,1.01111568106e-23,1.26848202471e-23,1.58775549007e-23,1.92935971439e-23,1.66668985888e-23,2.70644829055e-23,3.59428788909e-23,5.51493984126e-23,6.96531425805e-23,9.49649753476e-23,7.75639848885e-23,1.62845137266e-22,2.44946157833e-22,2.91813280358e-22,3.89872780332e-22,4.6740753319e-22,7.76919646331e-22,1.31743870724e-21,1.7870572724e-21],"var":[7.79925279915e-9,0.0000330732145812,0.0000163377026183,0.0000680601442582,0.0000089453506007,3.11986099177e-7,0.00000123071788494,0.00000439413770437,0.00000120703907669,0.00000216602006731,9.91752131085e-7,0.00000215417981053,0.00000165819881204,0.00000116025114494,4.84607369344e-7,2.08223184472e-7,4.42294350478e-7,3.32226250066e-7,2.62764444869e-7,9.41852675851e-8,1.85369742667e-7,1.41684964206e-7,3.55360896265e-8,2.34431976054e-8,9.76308012213e-9,1.05148894036e-8,2.89268209386e-9]},"barkbands_crest":{"dmean":2.40106916428,"dmean2":4.01366662979,"dvar":6.26806688309,"dvar2":16.7185020447,"max":24.1362266541,"mean":7.83955001831,"median":6.87324094772,"min":2.2231733799,"var":12.1000337601},"barkbands_flatness_db":{"dmean":0.0159359779209,"dmean2":0.0261664222926,"dvar":0.000264266243903,"dvar2":0.000717255927157,"max":0.210068747401,"mean":0.0767767876387,"median":0.0732609331608,"min":0.0190862324089,"var":0.000606726156548},"barkbands_kurtosis":{"dmean":1.09882950783,"dmean2":1.88882160187,"dvar":2.77838993073,"dvar2":7.70606470108,"max":17.7500553131,"mean":0.365131288767,"median":-0.221221923828,"min":-1.7294485569,"var":3.34643340111},"barkbands_skewness":{"dmean":0.41108995676,"dmean2":0.677779972553,"dvar":0.197004184127,"dvar2":0.514934718609,"max":4.03322172165,"mean":0.856486320496,"median":0.861990451813,"min":-2.20993900299,"var":0.67499601841},"barkbands_spread":{"dmean":6.04045200348,"dmean2":9.77013397217,"dvar":33.4405326843,"dvar2":89.3987350464,"max":123.105819702,"mean":35.8682289124,"median":34.4558982849,"min":10.5080661774,"var":111.567276001},"dissonance":{"dmean":0.00949562061578,"dmean2":0.016162134707,"dvar":0.0000854663812788,"dvar2":0.000234196893871,"max":0.500000059605,"mean":0.484281003475,"median":0.487038731575,"min":0.405793577433,"var":0.000148164865095},"dynamic_complexity":6.10771226883,"erbbands":{"dmean":[0.0452219955623,0.611295580864,1.94564282894,6.22563886642,8.73883247375,2.88846445084,2.29700112343,1.88759255409,2.77778363228,8.17565822601,10.8613586426,10.3265237808,15.0190658569,10.8448953629,10.9599742889,10.790769577,12.8551683426,11.5482416153,13.6542701721,7.5942940712,14.906170845,19.9064807892,12.2005653381,12.2654161453,9.12317466736,5.62968826294,5.202272892,5.24844932556,3.91407132149,2.43460536003,1.70249915123,1.24730861187,0.606997549534,0.280096977949,0.253405332565,0.180799588561,0.0549910217524,0.0161244608462,0.00447014486417,0.000215580119402],"dmean2":[0.0785806551576,1.10064578056,3.43004822731,10.6756000519,14.2592096329,4.68223762512,3.64232516289,2.95072078705,4.54916858673,12.874502182,16.8234272003,16.4911613464,23.8033466339,17.3696060181,17.477766037,17.1627292633,19.8644580841,17.5345897675,21.1020393372,11.9646787643,24.644657135,32.8141021729,19.459569931,20.0859336853,14.5463275909,9.08079528809,7.8585600853,7.54323387146,5.37115812302,3.38057756424,2.50365591049,1.8310738802,0.825190782547,0.388609707355,0.35613694787,0.259330183268,0.0791985467076,0.0241046752781,0.00687659857795,0.000328076479491],"dvar":[0.0150720300153,3.37059307098,19.6980056763,241.94090271,571.91394043,37.2219734192,21.6596012115,11.2493906021,37.0951271057,482.773010254,1007.02581787,249.219360352,961.001953125,416.560913086,1104.91064453,1357.50622559,1944.32849121,849.018188477,1430.00292969,212.440048218,404.438751221,734.272705078,448.903594971,297.452087402,262.389801025,132.747146606,156.854614258,165.208129883,81.7097930908,23.7750225067,10.3789367676,7.99757671356,1.83749330044,0.464520931244,0.352834373713,0.215437665582,0.0164007749408,0.000925026717596,0.000074948737165,1.69186392895e-7],"dvar2":[0.0411886833608,9.56417179108,55.8659324646,628.04888916,1369.8001709,92.0697784424,50.8502006531,26.829208374,92.6039047241,1157.44628906,2374.85986328,613.169311523,2315.75317383,1021.19256592,2789.71777344,3235.27929688,4648.79101562,1743.87524414,3175.2878418,498.031188965,1084.6295166,1899.56787109,1100.81066895,755.119873047,648.649414062,322.275848389,343.235839844,331.082458496,157.931427002,45.1786460876,23.1082172394,18.3722476959,3.45166683197,0.937586009502,0.742603003979,0.462061971426,0.0345322415233,0.00201839534566,0.000167014179169,3.71858646986e-7],"max":[1.23107159138,15.0919523239,49.0449333191,171.954437256,240.152618408,66.2023849487,58.4995002747,44.7892379761,130.544876099,499.053924561,760.030578613,309.689971924,738.215454102,460.614898682,682.128967285,1087.77099609,1085.09753418,1185.06347656,1179.76208496,311.693634033,344.785552979,430.854309082,412.783630371,274.955688477,327.386047363,154.359802246,192.037322998,329.184539795,284.397888184,125.701751709,53.8378257751,86.3835906982,19.5952033997,20.0295906067,7.51010656357,4.86414480209,1.48793911934,0.439124405384,0.129979044199,0.00563786365092],"mean":[0.048032194376,0.607727587223,2.71351981163,7.2979516983,10.2994823456,3.95724463463,3.29206895828,2.98749947548,3.96561026573,12.6540288925,17.2895526886,18.7651157379,27.1341018677,19.8856754303,18.8195495605,17.9961967468,19.1317176819,19.5269603729,23.248872757,15.8067560196,31.2872085571,42.4420852661,27.6967487335,29.2725658417,19.5829372406,10.9229402542,9.34745883942,10.0563373566,7.70362567902,5.08168315887,3.99821376801,2.804033041,1.13250815868,0.527102351189,0.435526758432,0.258912950754,0.0784189403057,0.0233883392066,0.00613118894398,0.000313369877404],"median":[0.015681790188,0.284668534994,1.23867201805,3.45151972771,3.48570609093,2.20185995102,1.5359082222,1.36004734039,2.02468156815,4.82532167435,7.09532356262,12.8536157608,18.6367721558,13.4059000015,7.84823894501,6.3331618309,4.93204784393,8.05154514313,10.6441831589,10.3053560257,26.8499355316,35.3838119507,20.6319389343,25.2184181213,13.8886499405,7.46517419815,4.50115871429,3.98077106476,2.57480716705,2.06977558136,1.63168394566,1.05297636986,0.496251016855,0.23031257093,0.179776400328,0.0768751502037,0.0209848992527,0.00535161048174,0.000940183817875,0.0000714706548024],"min":[7.88017265815e-23,4.40005711274e-22,8.102793497e-22,4.13260524553e-21,1.06328590903e-20,1.06012283176e-20,2.91875590524e-20,9.72070796494e-20,1.1536445019e-19,1.00891090066e-19,2.89589495956e-19,2.06876397784e-19,5.76302729825e-19,5.0984243822e-19,9.36627154147e-19,9.31957512794e-19,1.08894295137e-18,1.33569123829e-18,1.94332705273e-18,3.06642305082e-18,3.18458807607e-18,4.03815388901e-18,5.2519231511e-18,5.26344784499e-18,5.26408105175e-18,7.92208905179e-18,7.76594961219e-18,8.45844288714e-18,9.67640181904e-18,1.11037259542e-17,1.03424890073e-17,9.45665798059e-18,8.77129252098e-18,7.50074558164e-18,5.15327235048e-18,4.06028593348e-18,2.22472955442e-18,9.45201604979e-19,2.26445319728e-19,2.39721449006e-20],"var":[0.0119465524331,2.199198246,18.4472045898,203.661132812,543.804931641,40.7495384216,28.2252788544,20.6013336182,49.3997116089,880.328063965,1736.48303223,473.166137695,1570.14880371,759.116271973,1818.09448242,2358.72973633,3434.16845703,1960.27893066,2655.95019531,525.33770752,796.339050293,1655.38452148,1093.62011719,698.783752441,498.247833252,189.147537231,241.971496582,347.850036621,192.337722778,60.6358451843,32.2761573792,20.5734157562,3.68586587906,0.988364577293,0.61944437027,0.308013349771,0.0246099289507,0.00154990679584,0.000119125586934,2.76115429187e-7]},"erbbands_crest":{"dmean":1.82415318489,"dmean2":3.06547808647,"dvar":3.2936899662,"dvar2":8.55337715149,"max":24.0861110687,"mean":6.42912721634,"median":5.89446640015,"min":2.51061701775,"var":6.27014970779},"erbbands_flatness_db":{"dmean":0.0134098362178,"dmean2":0.0195715557784,"dvar":0.00016344586038,"dvar2":0.000328246562276,"max":0.231150656939,"mean":0.119351416826,"median":0.117208264768,"min":0.0361093245447,"var":0.000827244366519},"erbbands_kurtosis":{"dmean":0.480387598276,"dmean2":0.78036993742,"dvar":0.228753387928,"dvar2":0.577224850655,"max":5.62791633606,"mean":-0.19851051271,"median":-0.34042429924,"min":-1.53257751465,"var":0.471099972725},"erbbands_skewness":{"dmean":0.260795593262,"dmean2":0.421104967594,"dvar":0.0477987639606,"dvar2":0.121773451567,"max":1.76921379566,"mean":-0.329827606678,"median":-0.367942929268,"min":-1.73014974594,"var":0.155202582479},"erbbands_spread":{"dmean":7.1207408905,"dmean2":11.0892858505,"dvar":53.9533729553,"dvar2":118.214187622,"max":97.4138412476,"mean":40.3057861328,"median":38.4570159912,"min":11.9007015228,"var":137.503219604},"gfcc":{"cov":[[84932.796875,4717.83300781,-6442.12988281,1899.00915527,-2563.58520508,387.208099365,-1533.98547363,599.728637695,-1245.94384766,-670.405273438,-1377.22167969,-221.573547363,-965.178161621],[4717.83300781,860.980285645,-645.210693359,203.31288147,-143.24697876,25.8555755615,-57.6670417786,97.5321426392,-35.1111869812,-70.5114440918,-24.2032985687,-32.6557388306,-33.8131065369],[-6442.12988281,-645.210693359,993.04876709,-231.859207153,355.277770996,-109.644210815,140.525421143,-68.7475280762,85.2877731323,74.6809463501,85.6231460571,25.5379447937,101.534141541],[1899.00915527,203.31288147,-231.859207153,245.918670654,-141.206375122,93.3174133301,-82.061164856,42.2254638672,-28.6267185211,-34.1513137817,-19.6515083313,-3.43966841698,-13.0495204926],[-2563.58520508,-143.24697876,355.277770996,-141.206375122,306.131378174,-69.3376693726,129.847183228,-15.3953027725,59.7779960632,39.3324546814,40.6605186462,-1.68164503574,41.6940765381],[387.208099365,25.8555755615,-109.644210815,93.3174133301,-69.3376693726,143.685409546,3.04453802109,25.5988006592,-13.0115289688,-6.35343599319,16.6225776672,18.3674068451,-5.46441793442],[-1533.98547363,-57.6670417786,140.525421143,-82.061164856,129.847183228,3.04453802109,160.7940979,-5.99164104462,40.0643615723,20.607881546,37.0335540771,17.0459861755,22.261838913],[599.728637695,97.5321426392,-68.7475280762,42.2254638672,-15.3953027725,25.5988006592,-5.99164104462,117.210838318,30.5333366394,-14.7906417847,-4.97330188751,-5.80877304077,6.29877853394],[-1245.94384766,-35.1111869812,85.2877731323,-28.6267185211,59.7779960632,-13.0115289688,40.0643615723,30.5333366394,113.737167358,36.7407302856,38.8079795837,-10.9286365509,2.27672743797],[-670.405273438,-70.5114440918,74.6809463501,-34.1513137817,39.3324546814,-6.35343599319,20.607881546,-14.7906417847,36.7407302856,61.5185241699,25.5392017365,0.119092002511,-5.78054618835],[-1377.22167969,-24.2032985687,85.6231460571,-19.6515083313,40.6605186462,16.6225776672,37.0335540771,-4.97330188751,38.8079795837,25.5392017365,80.0827102661,24.546995163,21.2317237854],[-221.573547363,-32.6557388306,25.5379447937,-3.43966841698,-1.68164503574,18.3674068451,17.0459861755,-5.80877304077,-10.9286365509,0.119092002511,24.546995163,49.8810310364,23.5524501801],[-965.178161621,-33.8131065369,101.534141541,-13.0495204926,41.6940765381,-5.46441793442,22.261838913,6.29877853394,2.27672743797,-5.78054618835,21.2317237854,23.5524501801,62.6871948242]],"icov":[[0.0000407163206546,-0.000120072712889,0.0000875191035448,-0.0000445622572443,-0.00000714157567927,0.0000401994075219,0.000100446668512,-0.00013010953262,0.000183124284376,-0.000156938345754,0.000482512579765,-0.000373572314857,0.000352567469236],[-0.000120072712889,0.00424742186442,0.00276926159859,-0.00235247984529,-0.00148543703835,0.00295274890959,-0.00150654523168,-0.00130736874416,0.000896385347005,0.00170232541859,-0.00507568009198,0.00358590343967,-0.0021247707773],[0.0000875191035448,0.00276926159859,0.0047491514124,-0.00129907391965,-0.00305399135686,0.002447537845,-0.0000775029620854,-0.000600793224294,0.000910449482035,-0.00021427826141,-0.00202837702818,0.00103157327976,-0.00254228501581],[-0.0000445622572443,-0.00235247984529,-0.00129907391965,0.0097314780578,0.00164256116841,-0.00658355886117,0.00368814705871,0.000555771810468,-0.00186882901471,0.00109197571874,0.00205778819509,0.000135598689667,-0.00143644562922],[-0.00000714157567927,-0.00148543703835,-0.00305399135686,0.00164256116841,0.00941119808704,0.00103325780947,-0.00461271498352,-0.000252777594142,-0.00032126851147,-0.00175871246029,0.000547809060663,0.00247993553057,-0.00139647070318],[0.0000401994075219,0.00295274890959,0.002447537845,-0.00658355886117,0.00103325780947,0.0149464281276,-0.00496917869896,-0.00380409322679,0.00408060150221,-0.000883997534402,-0.00615790486336,-0.00071558059426,0.00176421157084],[0.000100446668512,-0.00150654523168,-0.0000775029620854,0.00368814705871,-0.00461271498352,-0.00496917869896,0.0129817072302,0.00116246123798,-0.00289287627675,0.00080369686475,0.00214392878115,-0.00496688112617,0.000854260346387],[-0.00013010953262,-0.00130736874416,-0.000600793224294,0.000555771810468,-0.000252777594142,-0.00380409322679,0.00116246123798,0.0133856665343,-0.00759980501607,0.00370859052055,0.00282827601768,0.000282677618088,-0.00398706225678],[0.000183124284376,0.000896385347005,0.000910449482035,-0.00186882901471,-0.00032126851147,0.00408060150221,-0.00289287627675,-0.00759980501607,0.0189732778817,-0.00748802116141,-0.0071234065108,0.00582772213966,0.00264319800772],[-0.000156938345754,0.00170232541859,-0.00021427826141,0.00109197571874,-0.00175871246029,-0.000883997534402,0.00080369686475,0.00370859052055,-0.00748802116141,0.026832966134,-0.00706530315802,0.000732283631805,0.00437503447756],[0.000482512579765,-0.00507568009198,-0.00202837702818,0.00205778819509,0.000547809060663,-0.00615790486336,0.00214392878115,0.00282827601768,-0.0071234065108,-0.00706530315802,0.032469689846,-0.0161809492856,0.00114771071821],[-0.000373572314857,0.00358590343967,0.00103157327976,0.000135598689667,0.00247993553057,-0.00071558059426,-0.00496688112617,0.000282677618088,0.00582772213966,0.000732283631805,-0.0161809492856,0.0383901745081,-0.0145240109414],[0.000352567469236,-0.0021247707773,-0.00254228501581,-0.00143644562922,-0.00139647070318,0.00176421157084,0.000854260346387,-0.00398706225678,0.00264319800772,0.00437503447756,0.00114771071821,-0.0145240109414,0.0306086540222]],"mean":[-78.2713546753,56.0575752258,-109.503990173,31.1407909393,-38.8170433044,6.69977140427,-24.1594600677,13.9999847412,-19.3157024384,-10.9187545776,-25.6490364075,-4.31786966324,-16.7394866943]},"hfc":{"dmean":6.0299744606,"dmean2":7.98470211029,"dvar":102.512588501,"dvar2":179.655212402,"max":138.368423462,"mean":19.1700325012,"median":15.1915712357,"min":1.0532147956e-16,"var":339.668121338},"melbands":{"dmean":[0.000542246853001,0.000931906106416,0.00123843201436,0.000375317438738,0.000085159255832,0.0000427677878179,0.000046873708925,0.000104738828668,0.0000826839241199,0.0000689893422532,0.0000794876686996,0.0000498280714964,0.0000375571653422,0.0000370276029571,0.0000243888789555,0.0000332266245096,0.0000218627210415,0.0000258177078649,0.00001383615745,0.0000115292396003,0.0000191294984688,0.0000229659854085,0.0000155320612976,0.0000103498850876,0.0000111239387479,0.00000837540665088,0.00000588632383369,0.0000035744494653,0.00000336171524395,0.00000343020519722,0.00000311700682687,0.0000025262154395,0.0000018884588826,0.00000122010192172,0.00000104906916931,0.00000114838849186,6.28879490705e-7,5.49058484012e-7,2.63737064188e-7,2.31996381217e-7],"dmean2":[0.000961048412137,0.00165410328191,0.00209059775807,0.000607939669862,0.000133713125251,0.0000669460423524,0.0000759935646784,0.000163654069183,0.000128971194499,0.000109405154944,0.000126032042317,0.0000795229352661,0.0000603077096457,0.0000591869029449,0.0000377377145924,0.000051928582252,0.0000335639124387,0.0000403680751333,0.0000219846442633,0.0000188401281775,0.000031858937291,0.0000383268888982,0.0000251641413342,0.000016965173927,0.0000183942156582,0.0000135734835567,0.0000096126450444,0.00000587691374676,0.00000520273579241,0.00000516530781169,0.00000452609174317,0.00000358224792762,0.00000267643872576,0.00000174764079475,0.00000158265686423,0.00000177985464234,9.03890679638e-7,7.734803944e-7,3.78528966394e-7,3.34558961868e-7],"dvar":[0.00000246901618084,0.00000545488683201,0.0000104066966742,9.03568718513e-7,2.6759787275e-8,5.91665161309e-9,1.21134489106e-8,7.04241003291e-8,4.86897491214e-8,1.13699343274e-8,2.74821498891e-8,1.02239532396e-8,1.53165196082e-8,1.44178429196e-8,1.39426861168e-8,1.55385198042e-8,3.1365350317e-9,5.25611199009e-9,1.04716413318e-9,3.89823534563e-10,6.47403075593e-10,1.00188524144e-9,6.74261591005e-10,2.33857072596e-10,2.43418674106e-10,2.00253605365e-10,1.24821306069e-10,5.64340449372e-11,6.82463877077e-11,7.04300576193e-11,5.67970150078e-11,3.31058999659e-11,1.98770375159e-11,5.18845643532e-12,3.74340402426e-12,8.49103079514e-12,1.59254055256e-12,1.69320872427e-12,3.40157806436e-13,3.50063673795e-13],"dvar2":[0.00000692199773766,0.000015398432879,0.0000262346784439,0.00000214281590161,6.18529583107e-8,1.41744820326e-8,2.91291790688e-8,1.6926776425e-7,1.16242006243e-7,2.76583875802e-8,6.63877344209e-8,2.49491343141e-8,3.94283397043e-8,3.57463321166e-8,3.3253556353e-8,3.85824314719e-8,6.36906127838e-9,1.17974741087e-8,2.42564790476e-9,9.93127358129e-10,1.76191861101e-9,2.61798227541e-9,1.7300915145e-9,5.8678256698e-10,6.31378282989e-10,4.9786103018e-10,3.21343451848e-10,1.39047412473e-10,1.56221979797e-10,1.53422330396e-10,1.12930068075e-10,6.7587775654e-11,4.01546851325e-11,1.03157144285e-11,8.61846444905e-12,2.09667266188e-11,3.42084780641e-12,3.4023456795e-12,6.93730500562e-13,7.30493248356e-13],"max":[0.0135169606656,0.0241830144078,0.0342197343707,0.0102865817025,0.00200043921359,0.00096674868837,0.00255352794193,0.00462509412318,0.00550092943013,0.00296783656813,0.00356107577682,0.00254397233948,0.00285604293458,0.00279442733154,0.00401839846745,0.00258113048039,0.00228207721375,0.00171977293212,0.000852855446283,0.00054920715047,0.000471447128803,0.000623388041276,0.000548857671674,0.000224138886551,0.000271111988695,0.000277172628557,0.000168251135619,0.0000950794637902,0.00011437957437,0.000235810308368,0.000229020719416,0.000160928699188,0.000148333681864,0.0000356122036465,0.0000300707106362,0.000100719662441,0.0000348905632563,0.0000157466420205,0.0000136051421578,0.0000187543755601],"mean":[0.000543154601473,0.00123041402549,0.00146875786595,0.000483200041344,0.000124481739476,0.0000663893952151,0.0000673220274621,0.000161305550137,0.000131284832605,0.000124684389448,0.000139704119647,0.0000862841116032,0.0000609353701293,0.0000616497709416,0.0000355321681127,0.0000461690724478,0.0000347021268681,0.0000404740749218,0.0000244799175562,0.0000216781591007,0.000037930545659,0.0000452565873275,0.0000310139803332,0.000021504562028,0.0000246669496846,0.000016921068891,0.00001083227653,0.00000624753101874,0.00000550779577679,0.00000605945660936,0.00000578200115342,0.00000459243165096,0.00000361530078408,0.00000240101758209,0.00000218527839024,0.00000253099346992,0.00000132547552312,9.12593009161e-7,4.77625974327e-7,4.16795927549e-7],"median":[0.000216246233322,0.000601469539106,0.000754944572691,0.000215569685679,0.0000627481349511,0.0000305119792756,0.0000315064644383,0.0000611083087279,0.0000576152706344,0.0000863059176481,0.0000934672279982,0.0000563493958907,0.0000271311400866,0.0000185249919014,0.0000112917305159,0.00000963189177128,0.0000145263820741,0.0000155109046318,0.0000142346989378,0.0000151557887875,0.0000321567422361,0.0000367638385796,0.0000216311145778,0.0000170073308254,0.0000209958634514,0.000012050112673,0.00000718433420843,0.00000404638194595,0.00000249189724855,0.00000262477465185,0.00000209868085221,0.00000151161748363,0.0000010933640624,0.00000100401348391,8.87849523679e-7,6.81582719153e-7,5.8494907762e-7,3.44661287954e-7,2.13761708778e-7,1.73632116685e-7],"min":[8.19603159824e-25,7.9014329723e-25,1.18418770104e-24,8.82844314355e-25,1.36714732331e-24,1.9573406107e-24,1.78011058378e-24,1.27462301103e-24,2.02938707995e-24,1.60306870019e-24,2.5740669388e-24,1.74708965515e-24,2.73381304705e-24,3.10996953679e-24,1.59889523157e-24,1.76338732423e-24,2.16880010115e-24,2.85848501894e-24,3.03710206054e-24,2.82842468528e-24,3.46752330588e-24,3.72569184218e-24,3.59094177779e-24,4.06949517404e-24,3.78073816171e-24,2.7450123081e-24,3.84418506103e-24,4.55678796583e-24,3.69914825044e-24,4.50718518097e-24,4.04238439131e-24,4.37580513037e-24,4.41101790903e-24,5.43307516974e-24,5.27053038021e-24,5.61367935196e-24,4.54722460508e-24,5.03899260478e-24,5.54722965361e-24,5.85812565281e-24],"var":[0.0000017331071831,0.00000439773111793,0.00000902463580132,9.1160654847e-7,3.67951926705e-8,1.02781783085e-8,1.86131359214e-8,1.26192574612e-7,8.45077607892e-8,2.11591224542e-8,4.53042332538e-8,1.79911108233e-8,2.35038601915e-8,2.96878273076e-8,1.97284037995e-8,2.489341e-8,6.92752788467e-9,9.83585035641e-9,1.95981919582e-9,6.86242951353e-10,1.19539389498e-9,2.00572913833e-9,1.55920754086e-9,5.02288655113e-10,5.20557430495e-10,3.80944387146e-10,1.83417184219e-10,7.26553470165e-11,9.27900256631e-11,1.20964599448e-10,1.21396739883e-10,7.04060421075e-11,4.47662323877e-11,1.2586888129e-11,9.74024246675e-12,2.13975000912e-11,3.89289251876e-12,2.95051765138e-12,7.03727874585e-13,7.05175989216e-13]},"melbands_crest":{"dmean":3.30618739128,"dmean2":5.41266965866,"dvar":10.6734733582,"dvar2":26.5689926147,"max":34.0367164612,"mean":13.2019138336,"median":12.6950359344,"min":1.0028731823,"var":27.9813709259},"melbands_flatness_db":{"dmean":0.0227351151407,"dmean2":0.037275377661,"dvar":0.000571643118747,"dvar2":0.00153218919877,"max":0.302413076162,"mean":0.139127716422,"median":0.138365998864,"min":4.65948943429e-7,"var":0.00191626697779},"melbands_kurtosis":{"dmean":4.08665847778,"dmean2":6.89538955688,"dvar":41.1705780029,"dvar2":110.309646606,"max":59.6289405823,"mean":5.85441970825,"median":3.97541809082,"min":-1.41910707951,"var":46.182182312},"melbands_skewness":{"dmean":0.65455019474,"dmean2":1.06280684471,"dvar":0.56288766861,"dvar2":1.43881511688,"max":7.13909482956,"mean":2.1353764534,"median":2.03549265862,"min":-0.501469790936,"var":1.20148825645},"melbands_spread":{"dmean":9.25442409515,"dmean2":15.2088289261,"dvar":74.9851760864,"dvar2":194.239364624,"max":172.461532593,"mean":39.9798927307,"median":35.9933204651,"min":5.43229150772,"var":526.506164551},"mfcc":{"cov":[[30465.7519531,3933.14819336,-892.10534668,1263.76452637,-163.376327515,122.777404785,-168.975769043,726.194458008,30.1943149567,110.060577393,-173.311706543,-91.8368759155,-389.949035645],[3933.14819336,1129.24157715,-281.623321533,287.293151855,41.4699935913,-42.1086158752,37.6028594971,158.686279297,78.3239746094,53.858581543,0.335873275995,-8.86901950836,-57.588684082],[-892.10534668,-281.623321533,236.377182007,-25.9970779419,41.1195640564,-5.21981954575,-3.35342621803,-34.5745658875,-6.44655370712,-11.8233585358,-28.63322258,-10.608212471,12.0449094772],[1263.76452637,287.293151855,-25.9970779419,166.844802856,39.7823562622,-2.48124074936,3.03738927841,42.1567687988,23.8762321472,22.4559783936,-20.8822288513,-12.4306812286,-21.8652896881],[-163.376327515,41.4699935913,41.1195640564,39.7823562622,117.459373474,-18.6114444733,9.88243579865,4.36270475388,21.570318222,37.0872344971,-7.93667697906,-6.98540258408,-6.13390493393],[122.777404785,-42.1086158752,-5.21981954575,-2.48124074936,-18.6114444733,99.7360916138,28.8590450287,0.744872152805,-12.1414318085,-24.1971225739,24.3834133148,3.85834026337,-2.34203839302],[-168.975769043,37.6028594971,-3.35342621803,3.03738927841,9.88243579865,28.8590450287,95.9194107056,24.4541511536,26.9093551636,-23.2131538391,-1.37439072132,5.73130846024,6.79866695404],[726.194458008,158.686279297,-34.5745658875,42.1567687988,4.36270475388,0.744872152805,24.4541511536,115.861053467,22.8724861145,32.2452926636,-19.0396118164,9.06176185608,5.1982998848],[30.1943149567,78.3239746094,-6.44655370712,23.8762321472,21.570318222,-12.1414318085,26.9093551636,22.8724861145,76.5367736816,17.7682418823,19.5106124878,-8.36978244781,-5.8236413002],[110.060577393,53.858581543,-11.8233585358,22.4559783936,37.0872344971,-24.1971225739,-23.2131538391,32.2452926636,17.7682418823,97.1297607422,8.60192394257,13.2899074554,-5.92921733856],[-173.311706543,0.335873275995,-28.63322258,-20.8822288513,-7.93667697906,24.3834133148,-1.37439072132,-19.0396118164,19.5106124878,8.60192394257,99.5174636841,10.6177988052,2.63793587685],[-91.8368759155,-8.86901950836,-10.608212471,-12.4306812286,-6.98540258408,3.85834026337,5.73130846024,9.06176185608,-8.36978244781,13.2899074554,10.6177988052,49.6213493347,18.8899650574],[-389.949035645,-57.588684082,12.0449094772,-21.8652896881,-6.13390493393,-2.34203839302,6.79866695404,5.1982998848,-5.8236413002,-5.92921733856,2.63793587685,18.8899650574,50.6393737793]],"icov":[[0.0000872651871759,-0.000262596266111,-0.0000831386278151,-0.000192297622561,0.000210420010262,-0.000260158616584,0.000362710037734,-0.000276446138741,0.000113740337838,0.000114491449494,0.0000856698534335,-0.0000542706584383,0.000345503125573],[-0.000262596266111,0.00406938185915,0.00324791506864,-0.00393223529682,-0.001182737411,0.00303612649441,-0.00197240151465,-0.00152028526645,-0.000376521522412,0.000865717302077,-0.00151699653361,-0.000209911901038,0.000768703757785],[-0.0000831386278151,0.00324791506864,0.00822223722935,-0.00277782720514,-0.00317177898251,0.00131714344025,-0.00035891510197,-0.000344927917467,-0.000996141578071,0.00150541344192,0.00101121817715,0.000446399499197,-0.00049888889771],[-0.000192297622561,-0.00393223529682,-0.00277782720514,0.014909000136,-0.0026772255078,-0.00383332534693,0.0020678427536,0.00139149650931,-0.00230519403704,-0.00136378058232,0.00350850145333,0.00102846382651,-0.000767692807131],[0.000210420010262,-0.001182737411,-0.00317177898251,-0.0026772255078,0.0136053990573,0.000705643440597,-0.00288413814269,0.0020206940826,-0.0000953281705733,-0.00602201977745,0.000467926176498,0.00206548511051,0.000223243987421],[-0.000260158616584,0.00303612649441,0.00131714344025,-0.00383332534693,0.000705643440597,0.0168413966894,-0.00728279259056,-0.0023434094619,0.00546151259914,0.00238158577122,-0.00687272846699,0.000138181698276,0.00277707306668],[0.000362710037734,-0.00197240151465,-0.00035891510197,0.0020678427536,-0.00288413814269,-0.00728279259056,0.0195194203407,-0.00391140533611,-0.00789033528417,0.00719313183799,0.00346418120898,-0.00466299988329,0.000116733186587],[-0.000276446138741,-0.00152028526645,-0.000344927917467,0.00139149650931,0.0020206940826,-0.0023434094619,-0.00391140533611,0.0162906702608,-0.00329452357255,-0.00705973757431,0.0049356315285,-0.000158391529112,-0.00558910565451],[0.000113740337838,-0.000376521522412,-0.000996141578071,-0.00230519403704,-0.0000953281705733,0.00546151259914,-0.00789033528417,-0.00329452357255,0.0220419690013,-0.0029807605315,-0.0073918858543,0.00587577838451,0.00170691870153],[0.000114491449494,0.000865717302077,0.00150541344192,-0.00136378058232,-0.00602201977745,0.00238158577122,0.00719313183799,-0.00705973757431,-0.0029807605315,0.0191682353616,-0.00240627909079,-0.00716014718637,0.0047567691654],[0.0000856698534335,-0.00151699653361,0.00101121817715,0.00350850145333,0.000467926176498,-0.00687272846699,0.00346418120898,0.0049356315285,-0.0073918858543,-0.00240627909079,0.0159732326865,-0.0030320296064,-0.00185688992497],[-0.0000542706584383,-0.000209911901038,0.000446399499197,0.00102846382651,0.00206548511051,0.000138181698276,-0.00466299988329,-0.000158391529112,0.00587577838451,-0.00716014718637,-0.0030320296064,0.0286175943911,-0.0100997406989],[0.000345503125573,0.000768703757785,-0.00049888889771,-0.000767692807131,0.000223243987421,0.00277707306668,0.000116733186587,-0.00558910565451,0.00170691870153,0.0047567691654,-0.00185688992497,-0.0100997406989,0.0284004416317]],"mean":[-685.710449219,91.7114868164,-11.5969457626,28.2563209534,5.20323896408,1.4535806179,1.28693282604,17.9812393188,6.88898134232,4.46867895126,-1.78545761108,-3.59399366379,-8.34591197968]},"pitch_salience":{"dmean":0.0646596327424,"dmean2":0.107505053282,"dvar":0.00369762023911,"dvar2":0.0101685347036,"max":0.995984196663,"mean":0.591265439987,"median":0.594366252422,"min":0.126342132688,"var":0.0102823041379},"silence_rate_20dB":{"dmean":0,"dmean2":0,"dvar":0,"dvar2":0,"max":1,"mean":1,"median":1,"min":1,"var":0},"silence_rate_30dB":{"dmean":0.000977198709734,"dmean2":0.00195471569896,"dvar":0.000976242823526,"dvar2":0.00292824837379,"max":1,"mean":0.999511480331,"median":1,"min":0,"var":0.000488280988066},"silence_rate_60dB":{"dmean":0.00749185681343,"dmean2":0.014986153692,"dvar":0.00743593554944,"dvar2":0.0154125466943,"max":1,"mean":0.204526945949,"median":0,"min":0,"var":0.162690848112},"spectral_centroid":{"dmean":250.606216431,"dmean2":416.506561279,"dvar":86485.203125,"dvar2":203268.34375,"max":11768.1357422,"mean":2290.34448242,"median":1939.10754395,"min":883.520751953,"var":3133522.25},"spectral_complexity":{"dmean":3.87231278419,"dmean2":5.60254096985,"dvar":19.7727203369,"dvar2":35.7524490356,"max":60,"mean":22.8218536377,"median":25,"min":0,"var":190.742462158},"spectral_contrast_coeffs":{"dmean":[0.0473090857267,0.0425141528249,0.0349828377366,0.0265922937542,0.0188950374722,0.0165120437741],"dmean2":[0.0759950503707,0.0702456384897,0.0576265826821,0.0436281822622,0.0314466133714,0.025158924982],"dvar":[0.00188739341684,0.00127178593539,0.000809535442386,0.000502228795085,0.000256966537563,0.000272388540907],"dvar2":[0.00449522351846,0.00328110810369,0.0021747329738,0.00130140141118,0.000692904461175,0.00059171585599],"max":[-0.333776324987,-0.436128109694,-0.569287776947,-0.603127121925,-0.654237747192,-0.5614798069],"mean":[-0.665023207664,-0.789423882961,-0.790358781815,-0.808034241199,-0.801808595657,-0.755883872509],"median":[-0.656070649624,-0.79292589426,-0.78580224514,-0.806761264801,-0.791591763496,-0.743534445763],"min":[-0.980643630028,-0.995183706284,-0.996590912342,-0.987132012844,-0.988239943981,-0.966330111027],"var":[0.0105536878109,0.00587842427194,0.00431543216109,0.00328736775555,0.00267965579405,0.00423598987982]},"spectral_contrast_valleys":{"dmean":[0.410228252411,0.367950707674,0.279542893171,0.253873765469,0.206296682358,0.228199258447],"dmean2":[0.664919674397,0.576272785664,0.450195550919,0.389657557011,0.317325770855,0.289472550154],"dvar":[0.165984079242,0.125603526831,0.0871592238545,0.086039736867,0.093437589705,0.110018089414],"dvar2":[0.367953449488,0.246771067381,0.162243813276,0.143367171288,0.154351592064,0.155419796705],"max":[-5.40691423416,-5.12792396545,-5.30096483231,-5.93395662308,-5.63491535187,-7.98185157776],"mean":[-8.59317588806,-8.25189590454,-8.33425807953,-8.72017860413,-8.23083114624,-11.0914335251],"median":[-7.28324222565,-6.93003749847,-6.96673297882,-7.39621543884,-6.89154529572,-9.99829673767],"min":[-28.507692337,-28.2662334442,-28.059387207,-27.7072277069,-27.7223243713,-27.4297657013],"var":[17.6424388885,18.157377243,17.8758354187,17.1830101013,17.8118534088,13.3164663315]},"spectral_decrease":{"dmean":2.2543840128e-9,"dmean2":3.61570950957e-9,"dvar":1.8966468933e-17,"dvar2":4.67303510963e-17,"max":2.62774074205e-28,"mean":-4.50370940541e-9,"median":-3.38375660824e-9,"min":-3.71842148184e-8,"var":2.48015879167e-17},"spectral_energy":{"dmean":0.00897021591663,"dmean2":0.0141914775595,"dvar":0.000292608805466,"dvar2":0.000710208376404,"max":0.147186741233,"mean":0.01873681508,"median":0.0142868002877,"min":9.74193306403e-21,"var":0.000408833584515},"spectral_energyband_high":{"dmean":0.000395439215936,"dmean2":0.000513033941388,"dvar":6.76058277804e-7,"dvar2":0.00000115884120078,"max":0.0148565545678,"mean":0.00093007524265,"median":0.000517802895047,"min":7.00814233701e-21,"var":0.00000167418056662},"spectral_energyband_low":{"dmean":0.00483395345509,"dmean2":0.00842165388167,"dvar":0.000117640331155,"dvar2":0.000324480439303,"max":0.100191406906,"mean":0.00647852336988,"median":0.00346823036671,"min":1.20892342079e-23,"var":0.0000993974754238},"spectral_energyband_middle_high":{"dmean":0.00155650998931,"dmean2":0.00222930219024,"dvar":0.00000594843413637,"dvar2":0.0000121567672977,"max":0.0400390066206,"mean":0.00510386936367,"median":0.0039823949337,"min":1.04464066026e-21,"var":0.0000262868907157},"spectral_energyband_middle_low":{"dmean":0.00492573715746,"dmean2":0.00793190766126,"dvar":0.000144501158502,"dvar2":0.000346282176906,"max":0.124406829476,"mean":0.00769180804491,"median":0.00475308066234,"min":1.26152300935e-22,"var":0.00015078225988},"spectral_entropy":{"dmean":0.0824035182595,"dmean2":0.126186445355,"dvar":0.00661623198539,"dvar2":0.014259563759,"max":9.82585525513,"mean":7.99465322495,"median":7.91067218781,"min":7.32764339447,"var":0.164629891515},"spectral_flux":{"dmean":0.0232517942786,"dmean2":0.0355977900326,"dvar":0.00124914594926,"dvar2":0.00257611786947,"max":0.327084153891,"mean":0.0693104118109,"median":0.060206759721,"min":6.27250335006e-11,"var":0.00301843113266},"spectral_kurtosis":{"dmean":0.869312942028,"dmean2":1.39305102825,"dvar":0.710858225822,"dvar2":1.85307717323,"max":13.7749118805,"mean":4.27642154694,"median":4.14784049988,"min":-1.2635461092,"var":4.05767345428},"spectral_rms":{"dmean":0.000777065695729,"dmean2":0.00117767858319,"dvar":0.00000146565116665,"dvar2":0.00000333382695317,"max":0.0119831888005,"mean":0.00362922158092,"median":0.00373340887018,"min":3.08290849446e-12,"var":0.00000510853942615},"spectral_rolloff":{"dmean":627.569763184,"dmean2":1073.09326172,"dvar":566640.625,"dvar2":1455371.875,"max":19745.9472656,"mean":2901.12792969,"median":2411.71875,"min":21.533203125,"var":11390471},"spectral_skewness":{"dmean":0.138714522123,"dmean2":0.217008173466,"dvar":0.0173547770828,"dvar2":0.0405094400048,"max":2.39557886124,"mean":1.37824296951,"median":1.38410365582,"min":-0.0885584130883,"var":0.14865937829},"spectral_spread":{"dmean":441711.53125,"dmean2":647053.5625,"dvar":776106082304,"dvar2":1363618299900,"max":42584064,"mean":5883655.5,"median":4353355.5,"min":2143781.25,"var":48046662484000},"spectral_strongpeak":{"dmean":0.371023952961,"dmean2":0.644071340561,"dvar":0.552535116673,"dvar2":1.45240259171,"max":8.44407367706,"mean":0.542080819607,"median":0.314309567213,"min":0,"var":0.697897613049},"zerocrossingrate":{"dmean":0.0107460049912,"dmean2":0.0140128526837,"dvar":0.000116844123113,"dvar2":0.000195134794922,"max":0.5283203125,"mean":0.103164739907,"median":0.083984375,"min":0.017578125,"var":0.00726850051433}},"metadata":{"audio_properties":{"analysis_sample_rate":44100,"bit_rate":0,"codec":"flac","downmix":"mix","equal_loudness":0,"length":142.559997559,"lossless":true,"md5_encoded":"8b743f3856dda1557365503dbc329430","replay_gain":-13.1926212311},"tags":{"album":["Rocket to Russia"],"albumartist":["Ramones"],"albumartistsort":["Ramones"],"artist":["Ramones"],"artistsort":["Ramones"],"asin":["B00005JGAF"],"barcode":["081227430924"],"catalognumber":["R2 74309"],"date":["2001-06-19"],"file_name":"14 Why Is It Always This Way?.flac","format":["CD"],"genre":["Punk Rock"],"label":["Rhino"],"language":["eng"],"musicbrainz_albumartistid":["d6ed7887-a401-47a8-893c-34b967444d26"],"musicbrainz_albumid":["28e8154b-e979-4fbf-bcb6-0264cfc7012a"],"musicbrainz_artistid":["d6ed7887-a401-47a8-893c-34b967444d26"],"musicbrainz_recordingid":["b69fd811-7676-4725-b3c2-6f80a61b6ecb"],"releasecountry":["US"],"releasestatus":["official"],"releasetype":["album"],"replaygain_album_gain":["-7.89 dB"],"replaygain_album_peak":["0.97290039"],"replaygain_reference_loudness":["89.0 dB"],"replaygain_track_gain":["-7.47 dB"],"replaygain_track_peak":["0.94653320"],"script":["Latn"],"title":["Why Is It Always This Way?"],"totaltracks":["19"],"tracknumber":["14"],"tracktotal":["19"]},"version":{"essentia":"2.1-beta1","essentia_build_sha":"03b4ca2e34afff16e4ca03b046c45039d872eff7","essentia_git_sha":"v2.1_beta1-6-g5578087-dirty","extractor":"music 1.0"}},"rhythm":{"beats_count":243,"beats_loudness":{"dmean":0.0152454795316,"dmean2":0.0262523293495,"dvar":0.00026490422897,"dvar2":0.00077275314834,"max":0.106296442449,"mean":0.0321262553334,"median":0.032628621906,"min":0,"var":0.000655313837342},"beats_loudness_band_ratio":{"dmean":[0.155919060111,0.0512176193297,0.051759749651,0.0739147439599,0.0517247654498,0.0448828153312],"dmean2":[0.275187164545,0.0888182297349,0.0925558283925,0.133689835668,0.0941373482347