{"lowlevel":{"average_loudness":0.859629750252,"barkbands":{"dmean":[0.0000115351831482,0.00108668941539,0.000391540728742,0.000669122324325,0.0039712516591,0.0013971804874,0.0014282258926,0.000693080015481,0.000803705770522,0.00038092865725,0.000206920900382,0.000273849902442,0.000107963584014,0.0000864275716594,0.0000554541911697,0.0000284154102701,0.0000194301028387,0.0000260121541942,0.00000986926170299,0.0000075407483564,0.00000441240399596,0.00000325116684508,0.0000038291727833,0.0000104056880446,0.0000121336825032,0.00000187127648132,6.58987318047e-8],"dmean2":[0.0000192835432244,0.00139730493538,0.000519635912497,0.000888555834536,0.00584448501468,0.00215806043707,0.00201014010236,0.00103671976831,0.00113432318904,0.000559120962862,0.000279351399513,0.000384311482776,0.000173381384229,0.000134607820655,0.0000895730190678,0.0000430576510553,0.0000313143646054,0.0000405429709645,0.0000153207656695,0.0000112209136205,0.00000641581436867,0.00000467087511424,0.00000514468229085,0.0000145970998346,0.0000159110277309,0.0000025702986477,1.04207771301e-7],"dvar":[1.15298826042e-9,0.0000129954187287,0.0000031869662962,0.00000282707947008,0.0000735742141842,0.00000601237843512,0.00000607137826591,0.00000241384395849,0.00000246977083407,0.00000108048095626,2.13914603364e-7,4.35636053453e-7,7.45175725569e-8,5.36866657797e-8,1.52084229654e-8,7.4327606292e-9,3.8986294193e-9,4.69692418292e-9,1.78830439346e-9,6.49087061877e-10,5.8986182605e-10,3.46182915667e-10,7.41263717075e-10,6.34827479473e-9,5.67679370178e-9,7.71225999729e-11,4.6063999647e-14],"dvar2":[2.49828668863e-9,0.0000231162430282,0.00000498786721437,0.00000519005288879,0.000148857943714,0.0000148598992382,0.0000129332847791,0.00000604517163083,0.00000554892176297,0.00000240674330598,3.65495168353e-7,8.34139541439e-7,1.99893108288e-7,1.38782823456e-7,3.89179071192e-8,1.65256093254e-8,1.04174109339e-8,1.1368896935e-8,4.53406334699e-9,1.43616196713e-9,1.02888464415e-9,6.50265563618e-10,1.29745059141e-9,1.37150184543e-8,9.52504564111e-9,1.42746189868e-10,1.01006083651e-13],"max":[0.00141426094342,0.0937593728304,0.074797809124,0.0285300053656,0.120046325028,0.0424165725708,0.0622043609619,0.0365559607744,0.0391605272889,0.0276498273015,0.0131724243984,0.022616641596,0.005868867971,0.00540799321607,0.00291049480438,0.00282935937867,0.00256219995208,0.0017681265017,0.00189197459258,0.000797932210844,0.000978294759989,0.000755985325668,0.00111608591396,0.00225314404815,0.00283425534144,0.000348165951436,0.00000699985548636],"mean":[0.000014408808056,0.0050307828933,0.0012333614286,0.00135313987266,0.0074722529389,0.00308526982553,0.00389445526525,0.00153590040281,0.00167978473473,0.00078944908455,0.000590354087763,0.000748005928472,0.000198268491658,0.000165430858033,0.000108506312245,0.000059077719925,0.0000392972215195,0.0000529893477506,0.0000200844951905,0.0000157776084961,0.00000825806819194,0.0000057419983932,0.0000079838637248,0.000018925535187,0.0000221133595915,0.00000406064646086,2.66402366833e-7],"median":[0.00000506942842549,0.000211726350244,0.000124239202705,0.000148861348862,0.00261088181287,0.00157347857021,0.00139913451858,0.000412362569477,0.000747590733226,0.000180111484951,0.000153906803462,0.000117906478408,0.0000530018114659,0.0000575520607526,0.000050558221119,0.0000231655194511,0.0000115464990813,0.00000645487261863,0.0000051138181334,0.00000316520845445,0.00000138889822665,7.72204657551e-7,8.23456161925e-7,8.79238484686e-7,0.00000125457574995,5.24739050434e-7,2.23429779567e-7],"min":[1.30288661537e-24,1.52173224992e-23,8.10461336756e-24,8.54776071423e-24,2.34318699448e-23,1.83382430425e-22,1.22125790791e-22,4.18896973586e-23,7.88348145633e-23,7.47677127932e-23,3.61817365067e-23,1.21162282393e-22,7.30122322218e-23,8.36553731611e-23,1.36413248232e-22,1.97847274284e-22,1.33605092736e-22,2.55577680428e-22,2.54807297801e-22,4.20625027041e-22,5.72900021401e-22,5.04589160361e-22,5.42848232688e-22,8.91791274186e-22,9.58267636036e-22,1.47429252798e-21,2.40933821942e-21],"var":[1.61625290929e-9,0.000115313792776,0.000013689552361,0.0000081774451246,0.000154151362949,0.0000170532875927,0.0000422762495873,0.00000738141034162,0.00000627064355285,0.00000358076090379,0.00000149065510868,0.00000324747475133,1.65323896795e-7,1.15835248948e-7,3.6308154705e-8,2.11863806499e-8,9.16507225668e-9,1.59333577443e-8,2.41528219647e-9,1.46344403262e-9,1.52607582127e-9,9.34992416823e-10,2.42160913544e-9,1.5755999172e-8,1.70188876325e-8,2.02550476391e-10,9.4061192754e-14]},"barkbands_crest":{"dmean":1.95611834526,"dmean2":3.01200509071,"dvar":3.7213010788,"dvar2":8.93028831482,"max":23.8073196411,"mean":12.452173233,"median":12.1277332306,"min":3.3880212307,"var":16.205165863},"barkbands_flatness_db":{"dmean":0.0160589888692,"dmean2":0.0234057381749,"dvar":0.000279343192233,"dvar2":0.000545830000192,"max":0.383824139833,"mean":0.227110341191,"median":0.226304665208,"min":0.061434134841,"var":0.00242986297235},"barkbands_kurtosis":{"dmean":2.52148842812,"dmean2":3.83353543282,"dvar":16.8549842834,"dvar2":37.918548584,"max":67.1610107422,"mean":5.51131534576,"median":3.27312421799,"min":-1.96339094639,"var":56.3867645264},"barkbands_skewness":{"dmean":0.417914837599,"dmean2":0.616543650627,"dvar":0.205706566572,"dvar2":0.429430067539,"max":6.79544353485,"mean":1.45153141022,"median":1.35843014717,"min":-1.66106212139,"var":1.27261352539},"barkbands_spread":{"dmean":1.78036618233,"dmean2":2.49138355255,"dvar":16.6495456696,"dvar2":22.1724338531,"max":160.344085693,"mean":13.209643364,"median":6.8547334671,"min":0.524252295494,"var":785.645080566},"dissonance":{"dmean":0.0336633808911,"dmean2":0.0568520724773,"dvar":0.00093373976415,"dvar2":0.00255302316509,"max":0.500000059605,"mean":0.423822015524,"median":0.430734962225,"min":0.224264025688,"var":0.00217669876292},"dynamic_complexity":3.67518186569,"erbbands":{"dmean":[0.0222239308059,0.27772501111,0.494597405195,1.12032234669,9.07312965393,14.0775928497,16.321313858,10.5690078735,18.0124378204,19.3107223511,15.3295354843,19.3777370453,11.4372968674,9.06669807434,8.57758140564,10.5609645844,4.91712665558,3.76684594154,3.77702498436,2.29895305634,1.36913406849,1.03099298477,1.27512717247,0.784639894962,0.478148311377,0.369679063559,0.178223058581,0.186208993196,0.130237057805,0.081431530416,0.123729988933,0.209245681763,0.17898966372,0.158870220184,0.0738983601332,0.0155883962288,0.0020693638362,0.000156606416567,0.0000147759265019,0.00000807876222098],"dmean2":[0.0281995423138,0.357589811087,0.646053016186,1.4615291357,12.3917741776,20.9323348999,25.9529495239,16.3796081543,26.8219718933,25.7984046936,22.9584598541,27.3844871521,16.054359436,13.3657588959,11.9117116928,14.5622520447,7.7352104187,5.87928676605,5.88488435745,3.62712216377,2.04538369179,1.63500261307,1.97272229195,1.22683608532,0.727324604988,0.554519534111,0.262134552002,0.26392737031,0.18661545217,0.109250634909,0.173022195697,0.298885077238,0.244204238057,0.214909955859,0.105758346617,0.0211197659373,0.00280631054193,0.00021925062174,0.0000227170967264,0.000011059724784],"dvar":[0.00537675572559,0.85141056776,4.27004528046,6.73593091965,619.860839844,798.59185791,1270.76123047,411.655181885,1236.76611328,1649.51513672,1147.43200684,1598.35925293,661.856567383,469.410095215,255.466705322,730.719177246,145.705886841,99.7244949341,81.7339630127,18.9393424988,22.7789363861,8.89470481873,11.540184021,5.80201148987,6.58650684357,1.57576406002,1.06390154362,0.890977084637,0.607080996037,0.249893590808,0.768402457237,2.8993666172,1.47959148884,0.954349279404,0.274066865444,0.00633051246405,0.0000914263000595,4.59456373392e-7,2.58008792109e-9,1.68423622271e-10],"dvar2":[0.0090652583167,1.53586804867,7.19381046295,11.3198413849,1152.47741699,1817.76074219,3241.12036133,1041.72912598,2751.08007812,3279.54199219,2893.79345703,3565.06591797,1470.53808594,1071.91625977,495.397644043,1200.11730957,398.52243042,263.269042969,200.07623291,47.0586853027,52.3433685303,23.4607486725,27.4230651855,14.1216516495,17.2936038971,3.40736532211,2.17200255394,1.6931604147,1.15388560295,0.464309424162,1.439640522,6.45069503784,2.76215267181,1.63065457344,0.532211303711,0.0104428771883,0.000163323973538,8.3658181893e-7,5.78522652006e-9,3.12093711985e-10],"max":[1.82748115063,23.7731742859,86.2777786255,62.9272193909,378.455078125,503.166168213,673.812316895,413.245758057,638.036743164,1120.51953125,913.022094727,1112.11242676,622.045227051,450.192993164,439.5574646,1171.93811035,251.287200928,260.974243164,190.053482056,86.8237915039,181.28137207,112.753105164,87.0608444214,97.9459609985,128.163497925,37.4588546753,40.6064872742,38.5286064148,33.9646911621,15.9307289124,32.004447937,48.2369537354,36.3964004517,32.3281364441,20.9660682678,3.2454457283,0.473929286003,0.028800893575,0.00175613921601,0.00019648775924],"mean":[0.0918731540442,1.30767691135,1.79471457005,3.26605057716,13.9899368286,26.2508106232,29.624130249,23.8806037903,38.7599067688,69.5020217896,32.7356796265,39.8810997009,27.896697998,20.8901062012,25.4954681396,31.9329051971,10.8337574005,7.47901725769,7.50787639618,5.25650882721,2.89217400551,2.28420710564,2.8002512455,1.68427336216,1.03910458088,0.792377948761,0.325397461653,0.351079881191,0.226172581315,0.158252298832,0.252404779196,0.35985648632,0.337258338928,0.284300744534,0.128861993551,0.0326041169465,0.00486715184525,0.000459405215224,0.0000614642922301,0.0000347661480191],"median":[0.00418105535209,0.0579321980476,0.211457714438,0.528489410877,3.77610659599,7.56365394592,11.1329565048,12.3331651688,19.7047023773,16.2465305328,13.914683342,17.9257793427,10.9002952576,7.40638065338,11.6139774323,5.9410867691,3.71704769135,3.00292873383,2.82588791847,2.42860412598,1.0769585371,0.6662068367,0.464546889067,0.292861372232,0.260816216469,0.159302547574,0.0689462050796,0.0459722802043,0.0298109985888,0.0227868165821,0.0237857550383,0.018026439473,0.0151420840994,0.0138120437041,0.00770308682695,0.00288550299592,0.000877694226801,0.000215637206566,0.0000498743575008,0.0000292070490104],"min":[4.10571657447e-22,3.33884971714e-21,1.24577172646e-20,1.97158095105e-20,1.68289556351e-20,1.21795456335e-19,3.64045884048e-19,1.95248476929e-18,1.8032051385e-18,1.21773724749e-18,1.36121482667e-18,2.03049493209e-18,2.9333793211e-18,1.34817701265e-18,1.52354623015e-18,5.13392997263e-18,3.98827986116e-18,3.15047018453e-18,4.88544946611e-18,1.04217320828e-17,1.10400735789e-17,8.04828455323e-18,1.18905715858e-17,1.3493533462e-17,1.43335841777e-17,1.79453740238e-17,2.90186737936e-17,1.78733530622e-17,1.57591555171e-17,1.85909537503e-17,1.49395535334e-17,1.81480928309e-17,1.51913489662e-17,9.43662945642e-18,8.08772038893e-18,5.08148010434e-18,3.13150438065e-18,1.3996040721e-18,3.54830368241e-19,2.92095730427e-20],"var":[0.0393842756748,7.68347120285,17.9919624329,38.9486923218,1091.82458496,1846.23010254,2483.05737305,1073.34118652,3080.94580078,26321.421875,2840.70361328,3790.29199219,2230.69921875,1396.02478027,1599.375,7550.22998047,369.157592773,187.307723999,210.677444458,60.6031227112,59.5292358398,25.7756919861,38.7764549255,16.8493881226,7.69861650467,3.72087454796,2.00913214684,2.51706194878,1.51025795937,0.784972250462,2.43186330795,6.23809957504,4.52883434296,2.90016102791,0.643355190754,0.0188894141465,0.000258320302237,0.00000124173914173,5.43766542904e-9,7.64257435115e-10]},"erbbands_crest":{"dmean":2.35505723953,"dmean2":3.59184646606,"dvar":5.0352435112,"dvar2":11.9563999176,"max":33.0771522522,"mean":12.7161970139,"median":11.0033073425,"min":2.56948757172,"var":41.1760787964},"erbbands_flatness_db":{"dmean":0.0135825769976,"dmean2":0.0187725313008,"dvar":0.000168435988599,"dvar2":0.0003130279365,"max":0.425870597363,"mean":0.237212195992,"median":0.235248029232,"min":0.0220109894872,"var":0.00334044126794},"erbbands_kurtosis":{"dmean":1.25265431404,"dmean2":1.87774503231,"dvar":3.90686917305,"dvar2":8.16773891449,"max":57.6545181274,"mean":2.54204654694,"median":1.11129760742,"min":-1.78208899498,"var":30.1974048615},"erbbands_skewness":{"dmean":0.325387775898,"dmean2":0.472596645355,"dvar":0.0993306711316,"dvar2":0.210268422961,"max":6.22328424454,"mean":0.738692343235,"median":0.665051937103,"min":-2.60395979881,"var":1.04595935345},"erbbands_spread":{"dmean":3.22823929787,"dmean2":4.6457195282,"dvar":23.4867515564,"dvar2":39.4149208069,"max":132.291946411,"mean":17.8218784332,"median":14.9281320572,"min":1.10781288147,"var":162.312713623},"gfcc":{"cov":[[30149.5996094,6652.62451172,-1209.79296875,185.705184937,-1228.45068359,-331.218048096,-1601.26171875,249.344558716,-1072.71508789,-279.613098145,-343.58392334,-476.920318604,-326.102386475],[6652.62451172,2787.96240234,-146.890213013,-95.9803314209,201.96472168,-3.74417495728,0.185548827052,-80.5014724731,88.538230896,-4.27039194107,-34.0871887207,-81.3586502075,-40.391368866],[-1209.79296875,-146.890213013,438.829772949,202.353500366,184.240127563,152.777786255,135.127426147,61.1029663086,67.3730316162,19.527130127,30.7239074707,1.40822589397,2.93226337433],[185.705184937,-95.9803314209,202.353500366,391.839080811,174.003845215,104.777458191,40.1193389893,121.270080566,-0.199038460851,-17.5964508057,25.220823288,-12.4324378967,-11.1188325882],[-1228.45068359,201.96472168,184.240127563,174.003845215,524.228942871,178.874786377,275.482086182,53.3130645752,197.71434021,65.6607589722,80.9735031128,36.340133667,-5.28394699097],[-331.218048096,-3.74417495728,152.777786255,104.777458191,178.874786377,261.090362549,186.061462402,46.0948219299,49.477268219,66.6733551025,54.7239341736,35.5224266052,-1.23943173885],[-1601.26171875,0.185548827052,135.127426147,40.1193389893,275.482086182,186.061462402,371.777801514,14.4792385101,173.072052002,78.0852890015,67.5518951416,64.9703063965,20.9059524536],[249.344558716,-80.5014724731,61.1029663086,121.270080566,53.3130645752,46.0948219299,14.4792385101,196.01852417,29.1781616211,15.8285388947,22.8905792236,-4.38638019562,-8.61378192902],[-1072.71508789,88.538230896,67.3730316162,-0.199038460851,197.71434021,49.477268219,173.072052002,29.1781616211,284.280670166,110.016281128,37.1612510681,21.1342315674,19.3912353516],[-279.613098145,-4.27039194107,19.527130127,-17.5964508057,65.6607589722,66.6733551025,78.0852890015,15.8285388947,110.016281128,144.796234131,59.720035553,20.6001281738,-12.4595212936],[-343.58392334,-34.0871887207,30.7239074707,25.220823288,80.9735031128,54.7239341736,67.5518951416,22.8905792236,37.1612510681,59.720035553,113.803146362,47.0888290405,6.24600076675],[-476.920318604,-81.3586502075,1.40822589397,-12.4324378967,36.340133667,35.5224266052,64.9703063965,-4.38638019562,21.1342315674,20.6001281738,47.0888290405,115.982460022,51.7887840271],[-326.102386475,-40.391368866,2.93226337433,-11.1188325882,-5.28394699097,-1.23943173885,20.9059524536,-8.61378192902,19.3912353516,-12.4595212936,6.24600076675,51.7887840271,83.4999313354]],"icov":[[0.00124332716223,-0.00332132307813,0.00230999174528,-0.0029488762375,0.00312841893174,-0.00253065116704,0.00301459454931,-0.00259274779819,0.00249332818203,-0.00204616063274,0.000961521873251,-0.000638933619484,0.00135348795447],[-0.00332132307813,0.00929096061736,-0.00596488919109,0.00802126526833,-0.0086980657652,0.00657052919269,-0.00783025566489,0.00707876961678,-0.00681165745482,0.00562520092353,-0.00253422441892,0.00204669660889,-0.00362006109208],[0.00230999174528,-0.00596488919109,0.00800013076514,-0.00688435696065,0.00565239228308,-0.00618387432769,0.00535151269287,-0.00453551067039,0.00391749013215,-0.00316403643228,0.00163837068249,-0.000316592049785,0.00208851252683],[-0.0029488762375,0.00802126526833,-0.00688435696065,0.0119059979916,-0.00911738723516,0.00516275130212,-0.0060165268369,0.00402975874022,-0.00514428550377,0.00585989840329,-0.0026158480905,0.00216504000127,-0.00346566759981],[0.00312841893174,-0.0086980657652,0.00565239228308,-0.00911738723516,0.0128924241289,-0.00733627099544,0.00575481588021,-0.00604218337685,0.00355058442801,-0.00318478606641,0.000628286972642,-0.00221725623123,0.00526894815266],[-0.00253065116704,0.00657052919269,-0.00618387432769,0.00516275130212,-0.00733627099544,0.0141844628379,-0.0100980484858,0.00429532816634,-0.0013302549487,-0.000373185117496,-0.00115614105016,0.000840511289425,-0.00326419295743],[0.00301459454931,-0.00783025566489,0.00535151269287,-0.0060165268369,0.00575481588021,-0.0100980484858,0.0147823384032,-0.00555582856759,0.00292751519009,-0.00332812801935,0.00169240951072,-0.00327300536446,0.00366346212104],[-0.00259274779819,0.00707876961678,-0.00453551067039,0.00402975874022,-0.00604218337685,0.00429532816634,-0.00555582856759,0.0121916402131,-0.00670625036582,0.00469554122537,-0.0030914703384,0.00154205190483,-0.00214271224104],[0.00249332818203,-0.00681165745482,0.00391749013215,-0.00514428550377,0.00355058442801,-0.0013302549487,0.00292751519009,-0.00670625036582,0.0147566264495,-0.0116171762347,0.00445911381394,0.00045536988182,-0.00137631420512],[-0.00204616063274,0.00562520092353,-0.00316403643228,0.00585989840329,-0.00318478606641,-0.000373185117496,-0.00332812801935,0.00469554122537,-0.0116171762347,0.0195844788104,-0.008081426844,-0.0000664065519231,0.00299782655202],[0.000961521873251,-0.00253422441892,0.00163837068249,-0.0026158480905,0.000628286972642,-0.00115614105016,0.00169240951072,-0.0030914703384,0.00445911381394,-0.008081426844,0.0157373603433,-0.0053918287158,0.00132889836095],[-0.000638933619484,0.00204669660889,-0.000316592049785,0.00216504000127,-0.00221725623123,0.000840511289425,-0.00327300536446,0.00154205190483,0.00045536988182,-0.0000664065519231,-0.0053918287158,0.0167945791036,-0.0104838982224],[0.00135348795447,-0.00362006109208,0.00208851252683,-0.00346566759981,0.00526894815266,-0.00326419295743,0.00366346212104,-0.00214271224104,-0.00137631420512,0.00299782655202,0.00132889836095,-0.0104838982224,0.0212926659733]],"mean":[-105.941299438,137.772888184,-101.210548401,-18.4360656738,-56.8916282654,-1.57750058174,-38.7605133057,2.1396946907,-23.2146053314,0.0640983358026,-10.3331689835,-2.61744689941,-4.70390224457]},"hfc":{"dmean":2.58213353157,"dmean2":3.53226041794,"dvar":12.2531232834,"dvar2":24.3212661743,"max":57.3822135925,"mean":11.2455692291,"median":9.63225269318,"min":1.08270841665e-16,"var":75.0513076782},"melbands":{"dmean":[0.00026715718559,0.000293047429295,0.000392608024413,0.000858158746269,0.00055452552624,0.000240645706072,0.000279402214801,0.000196254404727,0.000131847074954,0.000113461406727,0.0000600150124228,0.0000414192109019,0.0000322576852341,0.0000324647662637,0.0000172997715708,0.0000092874861366,0.00000738004564482,0.00000731682894184,0.00000307539789901,0.00000270573809757,0.00000146778222643,0.00000103417198716,0.00000125474173274,0.00000152132440689,5.83371445373e-7,3.98352796083e-7,3.3698745483e-7,2.35582447772e-7,1.17658657928e-7,1.20956414662e-7,1.14828715425e-7,8.5256296245e-8,5.0215074765e-8,4.85139608486e-8,7.09434928581e-8,9.94827829004e-8,1.53984842655e-7,1.39596281201e-7,1.4370748147e-7,1.37192401439e-7],"dmean2":[0.000339113234077,0.000368222710676,0.000512395286933,0.00125121173915,0.00086890271632,0.000372341077309,0.000409690837841,0.0002672659175,0.000194403633941,0.000160657727974,0.0000844325913931,0.0000614419113845,0.0000438637580373,0.0000461925301352,0.0000252897352766,0.0000146687534652,0.0000115633629321,0.0000113801906991,0.0000048907108976,0.00000419550724473,0.00000220954871111,0.00000166872746377,0.00000200482145374,0.00000239487712861,9.18564012409e-7,6.21584035798e-7,5.15917292887e-7,3.60419051049e-7,1.76480099867e-7,1.86070863606e-7,1.7047351264e-7,1.26797388589e-7,7.4046198506e-8,6.77276119632e-8,1.02524630563e-7,1.40701629903e-7,2.28077709608e-7,2.04764859291e-7,2.03530944987e-7,1.8753105735e-7],"dvar":[7.97022323695e-7,0.00000102586034245,9.88253191281e-7,0.00000396761561205,0.00000132505670081,1.93213423927e-7,2.6912056228e-7,1.59045484338e-7,6.91778936357e-8,5.19187537407e-8,1.9358802561e-8,1.11359739208e-8,4.33364499841e-9,6.76311895376e-9,1.81367698637e-9,4.93586616024e-10,3.87420179271e-10,3.48375078785e-10,3.68520665373e-11,4.14566922458e-11,2.59281519865e-11,7.89112438587e-12,1.64984328282e-11,1.98527826123e-11,3.89955776003e-12,4.6332885445e-12,1.5940675429e-12,7.3557571709e-13,3.98314085708e-13,6.43058252047e-13,3.21203269061e-13,2.55257024285e-13,9.6674797616e-14,1.03336894705e-13,2.45210590114e-13,6.19410176362e-13,1.83518955241e-12,1.06829757714e-12,7.61160557326e-13,8.00936574008e-13],"dvar2":[0.00000139014343858,0.000001798741323,0.00000160703325491,0.00000803857346909,0.00000326960412167,4.8845680567e-7,5.91156151586e-7,3.31604439907e-7,1.68056260463e-7,1.18916616998e-7,4.30780993099e-8,2.54387497733e-8,7.43240446965e-9,1.41965905698e-8,3.60787866249e-9,1.33034450123e-9,1.02980846073e-9,8.52834969312e-10,9.0850403589e-11,8.87411186201e-11,5.99310046034e-11,2.07211556941e-11,4.39970629373e-11,4.90828627742e-11,9.48130029349e-12,1.22440963618e-11,3.91744362643e-12,1.67645107865e-12,8.60637678745e-13,1.36161427185e-12,6.3013407426e-13,5.13401550006e-13,1.90780347791e-13,2.08711981075e-13,5.16007158877e-13,1.31475960761e-12,4.40694572848e-12,2.4175292844e-12,1.48927994503e-12,1.52136007785e-12],"max":[0.0232320223004,0.035951744765,0.0149688869715,0.0316684432328,0.0214473214,0.00814654305577,0.0105239506811,0.0102928653359,0.00641237664968,0.00605884380639,0.00348661420867,0.0022838441655,0.00204618182033,0.00251113343984,0.00162536103744,0.000466525234515,0.000448780425359,0.000415123591665,0.000126584680402,0.000201866831048,0.000187680299859,0.0000807830074336,0.000168243801454,0.000114778558782,0.000084644270828,0.000105173763586,0.0000547481977264,0.0000284285815724,0.0000225370204134,0.0000357284770871,0.0000236981686612,0.0000207350876735,0.0000123861227621,0.0000107115101855,0.0000182315397979,0.0000259656244452,0.0000397904404963,0.0000352296010533,0.0000231934318435,0.0000306221409119],"mean":[0.00120309519116,0.00128202710766,0.00081196584506,0.00150279025547,0.00108618941158,0.000544396287296,0.000645803113002,0.000672150112223,0.000257304054685,0.000234773600823,0.000139326613862,0.0000886275010998,0.0000945552674239,0.000086076950538,0.0000462316493213,0.0000171583851625,0.0000137247379826,0.0000137875777,0.0000065107192313,0.00000583132396059,0.0000027972978387,0.00000208015467251,0.00000253981124843,0.00000284244811155,0.00000115387013011,7.81199560151e-7,7.03681280356e-7,4.63868872203e-7,1.9263154627e-7,1.9369497295e-7,2.07505081562e-7,1.38810804629e-7,8.44809449063e-8,8.81448016798e-8,1.32001218844e-7,1.80470919986e-7,2.39867347318e-7,2.31042861287e-7,2.57554631844e-7,2.27421082855e-7],"median":[0.000048002199037,0.000113913898531,0.000156642912771,0.000460048759123,0.000427035614848,0.00028383609606,0.000322182342643,0.000155915564392,0.00011542574066,0.000105041275674,0.0000475360684504,0.0000262255180132,0.0000330101502186,0.0000139958237924,0.00000795604410087,0.00000603560420132,0.00000483954545416,0.00000453879238194,0.00000313074588121,0.0000023769694053,8.32023545172e-7,6.31445459476e-7,5.17478270012e-7,2.79865474795e-7,1.96190299562e-7,1.97049800477e-7,1.33041410777e-7,8.86933904098e-8,4.1119399441e-8,2.94799793465e-8,2.41293331982e-8,1.74630674366e-8,1.26053940619e-8,1.19136247534e-8,1.35233886311e-8,1.14412959107e-8,1.00937604941e-8,9.50526946042e-9,1.05349222679e-8,1.1313974646e-8],"min":[3.53251795029e-24,5.77694161047e-24,3.03897777456e-24,4.20620989651e-24,1.21068518385e-23,4.17302748805e-23,2.8754248208e-23,1.18263967984e-23,1.08709063819e-23,1.29031169922e-23,1.43757104653e-23,5.05302328484e-24,4.24651003915e-24,1.0432473268e-23,1.36587636979e-23,7.49489330758e-24,5.69448434663e-24,7.95657415236e-24,1.1006241781e-23,1.47810035325e-23,1.23352893906e-23,8.1921958607e-24,9.24862260775e-24,1.11112691442e-23,1.10656619399e-23,9.26676009768e-24,1.06304323901e-23,1.278139891e-23,1.91293689252e-23,1.49373604971e-23,8.85322974484e-24,8.99225937963e-24,1.00543856467e-23,1.00458572715e-23,7.30927354772e-24,1.25663570049e-23,9.42470503927e-24,1.11346636033e-23,8.28435690253e-24,7.68419941445e-24],"var":[0.00000670316376272,0.00000639240170131,0.00000243215140472,0.00000763414936955,0.00000288620321953,5.31266323378e-7,7.74394322889e-7,0.00000225650251195,1.68314699067e-7,1.24717416838e-7,6.41535180534e-8,3.27749809514e-8,3.30071650012e-8,3.82952123346e-8,1.36931568306e-8,1.05535491457e-9,7.24580118128e-10,8.83427275777e-10,9.94463261739e-11,1.32299379785e-10,6.51890347259e-11,1.98015891878e-11,4.10976114251e-11,5.16964145103e-11,9.93550294121e-12,5.0718817167e-12,2.79286533136e-12,1.46635893532e-12,6.99933058561e-13,1.09598571538e-12,8.77255408073e-13,5.89703524727e-13,2.30941947423e-13,2.71292618361e-13,6.63330230587e-13,1.52519641881e-12,3.08624024774e-12,2.45843948497e-12,2.23516062429e-12,2.04390150638e-12]},"melbands_crest":{"dmean":2.36433362961,"dmean2":3.69807648659,"dvar":5.93513727188,"dvar2":15.1698846817,"max":32.323677063,"mean":14.9475250244,"median":13.908780098,"min":3.77228140831,"var":31.9845485687},"melbands_flatness_db":{"dmean":0.0180092006922,"dmean2":0.0255702231079,"dvar":0.000401936005801,"dvar2":0.000733853783458,"max":0.506130278111,"mean":0.310987770557,"median":0.315922886133,"min":0.00941906776279,"var":0.00521634612232},"melbands_kurtosis":{"dmean":3.27461266518,"dmean2":4.98331975937,"dvar":27.2728157043,"dvar2":65.1717376709,"max":105.145553589,"mean":7.23076725006,"median":4.32668638229,"min":-1.58984518051,"var":76.5305252075},"melbands_skewness":{"dmean":0.451544076204,"dmean2":0.668208837509,"dvar":0.234005495906,"dvar2":0.517181098461,"max":9.20076847076,"mean":1.74075460434,"median":1.64433956146,"min":-1.61092972755,"var":1.34049713612},"melbands_spread":{"dmean":2.31772422791,"dmean2":3.34657239914,"dvar":14.934794426,"dvar2":25.5133209229,"max":139.486022949,"mean":12.992483139,"median":8.94906997681,"min":0.740472972393,"var":298.86517334},"mfcc":{"cov":[[10838.8896484,2706.56835938,58.4279785156,242.1875,259.782470703,-611.177734375,112.560707092,-107.087509155,-334.096862793,-94.2918014526,-81.1357574463,-122.02645874,-290.807739258],[2706.56835938,2599.26196289,-109.681877136,83.7487640381,110.147567749,209.333526611,8.16901874542,49.9420051575,106.650314331,120.940711975,57.8560256958,9.29766273499,114.433097839],[58.4279785156,-109.681877136,329.442718506,46.4012336731,48.6881866455,26.97407341,61.485660553,23.3828582764,24.7723922729,7.00086402893,16.3749237061,20.9846973419,-10.472448349],[242.1875,83.7487640381,46.4012336731,256.991241455,165.223983765,54.2522697449,64.4493865967,90.54662323,47.6968231201,45.0426139832,31.5036277771,17.4663028717,16.2411155701],[259.782470703,110.147567749,48.6881866455,165.223983765,280.080566406,56.5379524231,83.9362487793,84.6950531006,51.2549095154,55.5513954163,47.4896354675,37.6783256531,39.5470085144],[-611.177734375,209.333526611,26.97407341,54.2522697449,56.5379524231,350.70602417,110.088020325,81.0089645386,106.531784058,70.4472808838,72.2337036133,52.654083252,97.129699707],[112.560707092,8.16901874542,61.485660553,64.4493865967,83.9362487793,110.088020325,226.908325195,110.22769165,16.77876091,29.3329257965,57.3497962952,23.9268550873,9.7992477417],[-107.087509155,49.9420051575,23.3828582764,90.54662323,84.6950531006,81.0089645386,110.22769165,162.032989502,81.6844940186,29.2086791992,29.6947555542,21.9743518829,32.9911193848],[-334.096862793,106.650314331,24.7723922729,47.6968231201,51.2549095154,106.531784058,16.77876091,81.6844940186,162.672271729,75.5812530518,43.8631782532,37.3134536743,59.3417129517],[-94.2918014526,120.940711975,7.00086402893,45.0426139832,55.5513954163,70.4472808838,29.3329257965,29.2086791992,75.5812530518,126.989547729,78.0506668091,31.371887207,41.395816803],[-81.1357574463,57.8560256958,16.3749237061,31.5036277771,47.4896354675,72.2337036133,57.3497962952,29.6947555542,43.8631782532,78.0506668091,128.657989502,62.8524131775,40.3851509094],[-122.02645874,9.29766273499,20.9846973419,17.4663028717,37.6783256531,52.654083252,23.9268550873,21.9743518829,37.3134536743,31.371887207,62.8524131775,110.191223145,74.0591964722],[-290.807739258,114.433097839,-10.472448349,16.2411155701,39.5470085144,97.129699707,9.7992477417,32.9911193848,59.3417129517,41.395816803,40.3851509094,74.0591964722,155.184661865]],"icov":[[0.000227057927987,-0.000303776672808,-0.0000800025081844,-0.000210713988054,-0.000104455881228,0.00056192453485,-0.000429781648563,0.000286850146949,0.000173489010194,0.000115931157779,0.000064356609073,-0.000190325416042,0.000284037058009],[-0.000303776672808,0.000840904365759,0.000251481833402,0.000247970456257,0.000014465123968,-0.000964566250332,0.000687920954078,-0.000371593079763,-0.000230168865528,-0.000419923278969,-0.0000877984493854,0.000533125014044,-0.000594277924392],[-0.0000800025081844,0.000251481833402,0.00352436723188,-0.000416763534304,-0.000221432914259,-0.000147437283886,-0.00116194330622,0.00109725212678,-0.00135086139198,0.000466923549538,0.000289131334284,-0.000802116119303,0.000634467462078],[-0.000210713988054,0.000247970456257,-0.000416763534304,0.00729641970247,-0.00340437120758,-0.00101120513864,0.00157513294835,-0.0034353043884,0.000958854099736,-0.00140764913522,0.000158184455358,0.000227301177802,0.00062106049154],[-0.000104455881228,0.000014465123968,-0.000221432914259,-0.00340437120758,0.00654434459284,0.000337413832312,-0.0010243835859,-0.000494366977364,-0.000158287773957,-0.00104799447581,0.0000657934942865,-0.000673758971971,-0.000929715984967],[0.00056192453485,-0.000964566250332,-0.000147437283886,-0.00101120513864,0.000337413832312,0.00639231130481,-0.00381327141076,0.00198009843007,-0.00241988454945,0.000739960407373,-0.000637127435766,0.000212632745388,-0.0016146193957],[-0.000429781648563,0.000687920954078,-0.00116194330622,0.00157513294835,-0.0010243835859,-0.00381327141076,0.0113016385585,-0.00862852018327,0.00528715364635,-0.00140033627395,-0.00281465589069,0.000322279403917,0.0011430059094],[0.000286850146949,-0.000371593079763,0.00109725212678,-0.0034353043884,-0.000494366977364,0.00198009843007,-0.00862852018327,0.0172109641135,-0.00902417488396,0.00404003588483,0.000665680912789,0.000589743955061,-0.00106387375854],[0.000173489010194,-0.000230168865528,-0.00135086139198,0.000958854099736,-0.000158287773957,-0.00241988454945,0.00528715364635,-0.00902417488396,0.0156851112843,-0.00727970153093,0.00121681473684,-0.00166230963077,-0.000136501723318],[0.000115931157779,-0.000419923278969,0.000466923549538,-0.00140764913522,-0.00104799447581,0.000739960407373,-0.00140033627395,0.00404003588483,-0.00727970153093,0.0180981773883,-0.00956430472434,0.00359993427992,-0.00153380469419],[0.000064356609073,-0.0000877984493854,0.000289131334284,0.000158184455358,0.0000657934942865,-0.000637127435766,-0.00281465589069,0.000665680912789,0.00121681473684,-0.00956430472434,0.018201848492,-0.00874250940979,0.00212789373472],[-0.000190325416042,0.000533125014044,-0.000802116119303,0.000227301177802,-0.000673758971971,0.000212632745388,0.000322279403917,0.000589743955061,-0.00166230963077,0.00359993427992,-0.00874250940979,0.0187254287302,-0.00792069081217],[0.000284037058009,-0.000594277924392,0.000634467462078,0.00062106049154,-0.000929715984967,-0.0016146193957,0.0011430059094,-0.00106387375854,-0.000136501723318,-0.00153380469419,0.00212789373472,-0.00792069081217,0.0124813476577]],"mean":[-747.726806641,188.453018188,3.70221781731,-3.61267590523,-3.71457839012,-10.0315656662,-4.99110412598,-7.38273620605,-5.20172739029,-1.49236452579,-4.14114236832,-4.35109996796,-1.12264454365]},"pitch_salience":{"dmean":0.0544408671558,"dmean2":0.0839029401541,"dvar":0.00273959967308,"dvar2":0.00672062439844,"max":0.842001676559,"mean":0.524726867676,"median":0.527308881283,"min":0.0999573841691,"var":0.0128093995154},"silence_rate_20dB":{"dmean":0,"dmean2":0,"dvar":0,"dvar2":0,"max":1,"mean":1,"median":1,"min":1,"var":0},"silence_rate_30dB":{"dmean":0.0141309471801,"dmean2":0.0282685514539,"dvar":0.0139305237681,"dvar2":0.0364206545055,"max":1,"mean":0.989639759064,"median":1,"min":0,"var":0.0102525157854},"silence_rate_60dB":{"dmean":0.0146019784734,"dmean2":0.0292108356953,"dvar":0.0143890054896,"dvar2":0.0307137034833,"max":1,"mean":0.0904167667031,"median":0,"min":0,"var":0.082242615521},"spectral_centroid":{"dmean":72.8665847778,"dmean2":104.252761841,"dvar":25416.0390625,"dvar2":34405.0117188,"max":10861.5107422,"mean":680.096801758,"median":544.55456543,"min":229.341049194,"var":387527.0625},"spectral_complexity":{"dmean":1.55628824234,"dmean2":2.47726726532,"dvar":2.29347085953,"dvar2":4.97878599167,"max":31,"mean":11.0784082413,"median":11,"min":0,"var":20.8683071136},"spectral_contrast_coeffs":{"dmean":[0.0460664704442,0.0400990881026,0.0319195613265,0.025919502601,0.0166576001793,0.0134056070819],"dmean2":[0.0737604051828,0.0654664188623,0.048873167485,0.041713539511,0.0261675771326,0.0213721469045],"dvar":[0.00175732071511,0.00114413152914,0.000703967351001,0.000477388501167,0.000210883503314,0.000221145746764],"dvar2":[0.00384607352316,0.00299589429051,0.00160412688274,0.00112973176874,0.00048164834152,0.000521333946381],"max":[-0.209738180041,-0.37896335125,-0.523736536503,-0.561738967896,-0.645944297314,-0.633879005909],"mean":[-0.575865328312,-0.702727615833,-0.71647053957,-0.767389655113,-0.811093628407,-0.827950119972],"median":[-0.588257610798,-0.70563441515,-0.711743950844,-0.766400039196,-0.816810429096,-0.826951801777],"min":[-0.970022857189,-0.961564481258,-0.965325653553,-0.963230550289,-0.959673821926,-0.962716460228],"var":[0.0193045772612,0.00729916151613,0.00503532541916,0.00333927152678,0.00247536646202,0.000916089862585]},"spectral_contrast_valleys":{"dmean":[0.378218531609,0.31160518527,0.270796924829,0.243589445949,0.200476825237,0.146666690707],"dmean2":[0.604407668114,0.481214761734,0.411611020565,0.370505064726,0.291630476713,0.202897056937],"dvar":[0.144240126014,0.0964677929878,0.079909645021,0.085937872529,0.0860175043344,0.0589113272727],"dvar2":[0.284295618534,0.176382541656,0.123719327152,0.123258374631,0.118310041726,0.0683685168624],"max":[-5.03112316132,-4.5351319313,-5.25723695755,-6.79727745056,-6.76817274094,-7.92783498764],"mean":[-8.33729457855,-6.8428812027,-7.86620521545,-8.80635643005,-9.29942798615,-11.7235498428],"median":[-8.08437538147,-6.44992399216,-7.5204539299,-8.55523395538,-9.13499832153,-11.5979290009],"min":[-27.3832836151,-27.2958641052,-27.1517066956,-27.2108154297,-27.1384468079,-27.2035903931],"var":[5.06747865677,4.1303319931,3.29575920105,2.72055411339,2.11387610435,1.834004879]},"spectral_decrease":{"dmean":1.82170678542e-9,"dmean2":2.48844522766e-9,"dvar":9.26359567998e-18,"dvar2":1.70642149132e-17,"max":-1.08127508942e-28,"mean":-7.1892518605e-9,"median":-5.69179281484e-9,"min":-4.62972842286e-8,"var":3.98118389227e-17},"spectral_energy":{"dmean":0.00707057770342,"dmean2":0.00966782961041,"dvar":0.000137904018629,"dvar2":0.000254357670201,"max":0.177432194352,"mean":0.0281538851559,"median":0.0224529076368,"min":1.02285786049e-20,"var":0.000596444355324},"spectral_energyband_high":{"dmean":0.0000330144939653,"dmean2":0.0000423649653385,"dvar":3.51964430934e-8,"dvar2":5.5612019878e-8,"max":0.00597509695217,"mean":0.0000726826256141,"median":0.00000868959887157,"min":7.44637115488e-21,"var":1.29442554453e-7},"spectral_energyband_low":{"dmean":0.00144573976286,"dmean2":0.00176158000249,"dvar":0.0000198487541638,"dvar2":0.0000326311201206,"max":0.119716271758,"mean":0.00687412684783,"median":0.000603488064371,"min":3.00682506624e-23,"var":0.00018460091087},"spectral_energyband_middle_high":{"dmean":0.000756103370804,"dmean2":0.00105522433296,"dvar":0.00000162795925007,"dvar2":0.0000033954522678,"max":0.0328287743032,"mean":0.00269839842804,"median":0.00146978918929,"min":1.48124379357e-21,"var":0.000010824295714},"spectral_energyband_middle_low":{"dmean":0.00627393694595,"dmean2":0.00882300920784,"dvar":0.000119743403047,"dvar2":0.000226619958994,"max":0.148431822658,"mean":0.0192001778632,"median":0.0130692021921,"min":5.08215598118e-22,"var":0.000378169497708},"spectral_entropy":{"dmean":0.148625567555,"dmean2":0.214474350214,"dvar":0.0280247852206,"dvar2":0.0493376292288,"max":9.80990505219,"mean":6.58225488663,"median":6.51566934586,"min":4.77051496506,"var":0.406036764383},"spectral_flux":{"dmean":0.0169466827065,"dmean2":0.0276841968298,"dvar":0.000611921132077,"dvar2":0.00155286386143,"max":0.311310529709,"mean":0.0550948083401,"median":0.0453980751336,"min":1.01136432562e-10,"var":0.00168027717154},"spectral_kurtosis":{"dmean":4.91591739655,"dmean2":8.10744094849,"dvar":26.407491684,"dvar2":70.3348236084,"max":70.0732192993,"mean":19.1979484558,"median":18.2624912262,"min":-1.21338629723,"var":103.497055054},"spectral_rms":{"dmean":0.000591022428125,"dmean2":0.000790339603554,"dvar":6.48051241114e-7,"dvar2":0.00000108127517251,"max":0.0131569216028,"mean":0.00468778703362,"median":0.00468030711636,"min":3.15897156523e-12,"var":0.00000549210380996},"spectral_rolloff":{"dmean":155.23109436,"dmean2":257.827697754,"dvar":378441.25,"dvar2":719828.0625,"max":19702.8808594,"mean":1440.00244141,"median":667.529296875,"min":86.1328125,"var":12356647},"spectral_skewness":{"dmean":0.38454580307,"dmean2":0.608125627041,"dvar":0.139676272869,"dvar2":0.331171900034,"max":6.64547967911,"mean":3.36104726791,"median":3.42371201515,"min":0.0173371322453,"var":0.817928135395},"spectral_spread":{"dmean":337368.3125,"dmean2":499029.4375,"dvar":485761908736,"dvar2":606776066048,"max":39899608,"mean":3106972.5,"median":2484199.5,"min":931512.1875,"var":5248261816320},"spectral_strongpeak":{"dmean":0.372716277838,"dmean2":0.623571753502,"dvar":0.288551837206,"dvar2":0.7281447649,"max":7.43651342392,"mean":1.03269100189,"median":0.720614135265,"min":0,"var":0.8225440979},"zerocrossingrate":{"dmean":0.00466247648001,"dmean2":0.00547266099602,"dvar":0.000100536446553,"dvar2":0.000113089867227,"max":0.55322265625,"mean":0.0460234098136,"median":0.0263671875,"min":0.00341796875,"var":0.00766254914925}},"metadata":{"audio_properties":{"analysis_sample_rate":44100,"bit_rate":320085,"codec":"mp3","downmix":"mix","equal_loudness":0,"length":98.5861206055,"lossless":false,"md5_encoded":"0fc038fd2c858ebce28b2d0098b01ae7","replay_gain":-8.82800292969,"sample_rate":44100},"tags":{"album":["20/20"],"artist":["The Beach Boys"],"asin":["B000002TRD"],"barcode":["724382963820"],"bpm":["124"],"composer":["Brian Wilson/Carl Wilson"],"date":["1969"],"discnumber":["1/1"],"file_name":"08 I Went to Sleep.mp3","genre":["Rock"],"initialkey":["Em"],"isrc":["USCA20100324"],"mood":["sleepy"],"musicbrainz_albumid":["6139678b-4918-455b-a1f3-7d4c410e38b9"],"musicbrainz_recordingid":["b718ac21-a6b0-448f-bef7-584458b22505"],"musicbrainz_releasegroupid":["27e5bbcc-1ff7-3f87-896f-e5f0dfc3464e"],"title":["I Went to Sleep"],"tracknumber":["8/12"]},"version":{"essentia":"2.1-beta2","essentia_build_sha":"cead25079874084f62182a551b7393616cd33d87","essentia_git_sha":"v2.1_beta2-1-ge3940c0","extractor":"music 1.0"}},"rhythm":{"beats_count":200,"beats_loudness":{"dmean":0.025767089799,"dmean2":0.0441681146622,"dvar":0.000483171228552,"dvar2":0.00138596666511,"max":0.127983570099,"mean":0.0469144620001,"median":0.0434730164707,"min":1.20976595408e-9,"var":0.000784022267908},"beats_loudness_band_ratio":{"dmean":[0.266335040331,0.248552069068,0.199719294906,0.0694608613849,0.0103533817455,0.00526161398739],"dmean2":[0.443082511425,0.441242456436,0.345996171236,0.121976286173,0.0184305030853,0.00859232991934],"dvar":[0.0359856002033,0.0316659919918,0.0253780335188,0.00826024916023,0.000201758070034,0.00142764509656],"dvar2":[0.0880201384425,0.0691410973668,0.07001812011,0.0219441596419,0.000526523625012,0.0027294352185],"max":[0.887281179428,0.83871781826,0.939842581749,0.609362185001,0.0849148109555,0.603394091129],"mean":[0.367050886154,0.374826401472,0.262159854174,0.0758287087083,0.0111185386777,0.0157003290951],"median":[0.341894090176,0.356145083904,0.214513584971,0.0453355461359,0.006418