{"lowlevel":{"average_loudness":0.957490324974,"barkbands":{"dmean":[0.00000439601126345,0.000470786966616,0.000385944149457,0.000167653895915,0.000691066321451,0.000497475848533,0.000699445081409,0.000441378011601,0.000913797935937,0.000609783921391,0.000731900159735,0.000970223569311,0.000806917320006,0.000664100807626,0.000745353812817,0.000372950831661,0.000458073336631,0.000334459531587,0.000258530460997,0.000144328849274,0.0000789661571616,0.0000508411903866,0.0000277365998045,0.0000137071319841,0.00000430649924965,5.18515605563e-7,1.57113984045e-8],"dmean2":[0.00000717757620805,0.000770889688283,0.000628067879006,0.000275505706668,0.00113429757766,0.000787161057815,0.00108688604087,0.000674435927067,0.00140957930125,0.000925115775317,0.00108024431393,0.00140458601527,0.00114029960241,0.00103081495035,0.00119163352065,0.000575351470616,0.000692044966854,0.000521965150256,0.000378918339266,0.000218967121327,0.000114078218758,0.0000727732694941,0.00003902042954,0.0000182832263818,0.00000561436718272,6.76438048686e-7,2.54582452897e-8],"dvar":[1.22135981884e-10,7.64803985476e-7,7.68784104821e-7,2.32917727772e-7,0.00000192216998585,7.81052960974e-7,0.00000286123918158,0.00000110039081846,0.00000432798969996,0.00000151779886437,0.00000306077390633,0.00000481416645925,0.00000289555237032,0.00000163680715559,0.00000245123305831,5.42678264992e-7,9.41863504522e-7,2.94588545557e-7,1.6707740258e-7,6.47134754672e-8,1.63553579569e-8,1.74609056103e-8,5.12687314824e-9,1.05603448208e-9,1.33598354601e-10,2.05852153899e-12,3.59215492096e-15],"dvar2":[2.91407481479e-10,0.00000195156349037,0.00000194605877368,6.1839494947e-7,0.00000477303728985,0.00000181517611963,0.00000662086722514,0.00000231534590966,0.00000990193166217,0.00000339784855896,0.00000680149742038,0.0000102875546872,0.00000542757970834,0.00000385318526241,0.00000627121653451,0.00000121319862956,0.00000193020332517,6.94366633525e-7,3.506009989e-7,1.51737012288e-7,3.41596901876e-8,4.00096134001e-8,9.64056745545e-9,1.97594451912e-9,1.98212030122e-10,3.41669119212e-12,9.55350334703e-15],"max":[0.000348432397004,0.0220714658499,0.0229381360114,0.0196719653904,0.0264879241586,0.0199861656874,0.0506254583597,0.0245096944273,0.0425129905343,0.019200079143,0.0360744930804,0.0524193905294,0.0375843755901,0.0245959125459,0.0375120155513,0.0182128362358,0.0189446229488,0.0127211604267,0.00912038050592,0.0073724524118,0.00332436198369,0.00748505722731,0.00328574283049,0.00109755154699,0.000503123737872,0.0000371397472918,0.00000144056809859],"mean":[0.00000572775388719,0.00104459421709,0.000835128361359,0.000244259194005,0.00106383441016,0.000952674075961,0.001564075239,0.000696832197718,0.00176584906876,0.00125487276819,0.00149367295671,0.00210136687383,0.00168095389381,0.00121534429491,0.00130022759549,0.000667498388793,0.000910631846637,0.000708798819687,0.00057993538212,0.000319438928273,0.000173059888766,0.000119520904263,0.0000676979325362,0.0000315785218845,0.0000101034929685,9.80521804195e-7,2.40196520451e-8],"median":[0.00000210802204492,0.000548995274585,0.000273162819212,0.000103840779047,0.000521658104844,0.000442570541054,0.000366206368199,0.00026106799487,0.000648803717922,0.000326771085383,0.000422508397605,0.000543636328075,0.000519033230375,0.000471019855468,0.000553626159672,0.000260169821559,0.000338780111633,0.000422117707785,0.000319073995342,0.000211429898627,0.000102503203379,0.0000813653532532,0.0000347093846358,0.0000116473320304,0.00000314169210469,2.55494597923e-7,1.37716718029e-8],"min":[6.50134390227e-25,1.79388882835e-24,7.49875547196e-25,7.25985917736e-26,4.37249033685e-24,4.62188634545e-24,4.50764863675e-24,5.79891178111e-24,1.3193312098e-23,1.43460082745e-23,1.16112357753e-23,2.08620955926e-23,1.75489239669e-23,2.63645629119e-23,4.90724052738e-23,3.55169634219e-23,7.1526264401e-23,9.04462349321e-23,1.11208877253e-22,1.62208684288e-22,2.46604532782e-22,2.7667363857e-22,3.53942172961e-22,5.79073886659e-22,7.76380090715e-22,1.29926900654e-21,1.90641382063e-21],"var":[2.05446701318e-10,0.00000233359173762,0.0000019867006813,2.8458546808e-7,0.00000286502336166,0.00000195979419004,0.0000124663101815,0.00000210927191802,0.00000893180185813,0.00000447363390776,0.00000811299560155,0.0000188586855074,0.0000118921989269,0.00000410781012761,0.0000053812459555,0.00000167670862083,0.00000303870911011,8.70309406764e-7,6.404470696e-7,1.67500985526e-7,4.37854410507e-8,3.41706822837e-8,1.53528052493e-8,3.60457819149e-9,6.31659280437e-10,6.5609405929e-12,2.83292053858e-15]},"barkbands_crest":{"dmean":2.14364886284,"dmean2":3.42897796631,"dvar":4.26890087128,"dvar2":10.128742218,"max":24.7676372528,"mean":8.97611522675,"median":7.90927791595,"min":2.68627810478,"var":16.51820755},"barkbands_flatness_db":{"dmean":0.014298286289,"dmean2":0.0209672488272,"dvar":0.000185887809494,"dvar2":0.000396350573283,"max":0.345236033201,"mean":0.136517971754,"median":0.133401706815,"min":0.0571549907327,"var":0.00120653095655},"barkbands_kurtosis":{"dmean":0.965291321278,"dmean2":1.50209200382,"dvar":8.82616043091,"dvar2":20.2539615631,"max":141.48008728,"mean":0.968088805676,"median":0.0330402851105,"min":-1.73336291313,"var":19.9297618866},"barkbands_skewness":{"dmean":0.333078622818,"dmean2":0.507640719414,"dvar":0.154920935631,"dvar2":0.330274790525,"max":8.49983882904,"mean":0.255908608437,"median":0.196008488536,"min":-2.24326443672,"var":0.898692131042},"barkbands_spread":{"dmean":3.89595794678,"dmean2":5.91591215134,"dvar":14.9365882874,"dvar2":31.6403255463,"max":73.8778457642,"mean":21.3559551239,"median":20.7770195007,"min":1.09683012962,"var":88.3738327026},"dissonance":{"dmean":0.014850708656,"dmean2":0.0249366872013,"dvar":0.000221063033678,"dvar2":0.000612905540038,"max":0.5,"mean":0.472094029188,"median":0.477743804455,"min":0.357611179352,"var":0.000466082390631},"dynamic_complexity":2.62019658089,"erbbands":{"dmean":[0.00709639210254,0.129217460752,0.428594738245,0.478016465902,1.15722572803,3.05246019363,3.60384225845,3.95382189751,7.52510118484,12.3560113907,10.2859830856,19.8697948456,19.0261478424,21.0976657867,26.9582977295,35.1691856384,35.8670959473,27.2380180359,33.1295547485,32.3221817017,21.6378288269,24.9980792999,17.6115131378,13.3859834671,10.763753891,6.28376102448,3.68530726433,2.9916779995,1.99937331676,1.24864721298,0.721337974072,0.36727052927,0.174592092633,0.0655349344015,0.0243144072592,0.004683194682,0.000513233535457,0.0000523472517671,0.0000050410512813,0.00000554123789698],"dmean2":[0.0116535546258,0.211475595832,0.692853450775,0.779768526554,1.92443156242,5.06784629822,5.7708940506,6.28574895859,11.9274263382,19.3398227692,15.3269014359,30.2897205353,28.3598690033,31.1481742859,38.6500816345,50.8247528076,50.2687530518,40.6921691895,52.0857276917,51.3150291443,32.4970054626,37.7222061157,27.5990619659,19.9325828552,15.8094882965,9.49073219299,5.48238325119,4.29942750931,2.85907459259,1.78634488583,1.01860558987,0.493987500668,0.232508018613,0.0859140604734,0.0313565023243,0.00603651162237,0.000684022845235,0.0000752894411562,0.00000685690883984,0.00000715536634743],"dvar":[0.000251566467341,0.054947283119,0.779827594757,1.26198065281,10.8889045715,35.060634613,47.4997596741,62.7494888306,344.373291016,985.20135498,517.313781738,2358.98535156,1757.89404297,2086.57836914,3496.3112793,6514.40283203,5838.96337891,3190.52099609,4119.0546875,3744.66845703,1698.71118164,2759.80249023,787.355102539,601.19317627,328.065246582,117.517524719,38.9124259949,24.9381637573,29.161233902,10.1309518814,3.38732838631,0.804526150227,0.139453172684,0.029914714396,0.005678167101,0.00016963762755,0.00000198969155463,2.69601976299e-8,9.42303249318e-11,3.88647690419e-11],"dvar2":[0.000605193781666,0.142297551036,2.00397968292,3.42438983917,24.4053993225,90.8997650146,118.245414734,146.883544922,833.202636719,2181.68969727,1092.1854248,5470.26269531,3862.26464844,4385.7265625,7702.76513672,13662.1552734,11370.6376953,7029.17382812,9990.81738281,9745.89941406,3694.09985352,5647.01953125,1879.86730957,1284.66955566,640.714416504,284.164855957,89.2514801025,49.9263420105,66.9951248169,20.9854316711,6.44574928284,1.55347144604,0.247520253062,0.0430980250239,0.00797939486802,0.000278702442301,0.00000411299379266,6.26042577778e-8,2.21286641788e-10,6.40469483004e-11],"max":[0.585815966129,5.70660018921,19.1517429352,25.9441757202,115.210670471,96.8126983643,194.615509033,217.098358154,422.259460449,1014.03869629,632.440856934,815.975952148,1088.68579102,855.712768555,1167.17004395,2256.66821289,1612.84484863,1432.76184082,1627.56787109,927.776733398,1222.33959961,1103.22717285,487.371582031,637.76751709,657.057861328,206.355239868,119.32824707,153.953735352,307.136291504,155.711288452,82.7395858765,34.6406669617,9.67625522614,6.15643453598,3.8757481575,0.330510377884,0.0412322990596,0.00371757219546,0.000250870594755,0.0000941450343817],"mean":[0.0136155923828,0.293918430805,0.988320231438,0.887511372566,1.55611252785,4.39424562454,6.43885231018,7.72640514374,14.4780912399,27.6880588531,19.826379776,38.3513259888,40.0777778625,47.7381973267,63.3206710815,80.0498733521,81.2677993774,55.0468711853,63.1878013611,60.134853363,43.5841522217,53.6610298157,38.9376068115,31.5970249176,26.2390441895,14.4729261398,8.35367298126,6.36253070831,4.52318239212,2.93906664848,1.83624339104,0.857516407967,0.412048101425,0.157102078199,0.0568648055196,0.00986882019788,0.000889158458449,0.0000811702411738,0.0000186432480405,0.0000268260573648],"median":[0.0052762683481,0.174808740616,0.539689660072,0.485618829727,0.628782510757,2.04231214523,3.55346894264,3.59395217896,4.18059015274,7.91922807693,9.81527614594,14.431221962,14.9904165268,17.4293994904,20.1865978241,26.8535003662,28.0061511993,26.1140956879,31.3410282135,27.1634788513,19.4772872925,21.8268737793,24.6893615723,18.5753993988,14.7806768417,9.76120567322,5.13778877258,3.90751051903,3.00969934464,1.82738471031,0.852612197399,0.332906365395,0.155601143837,0.0534156560898,0.0138979367912,0.00254636770114,0.000287561531877,0.0000341671038768,0.0000166608606378,0.0000264099871856],"min":[5.84528070958e-23,3.91184359405e-22,1.20489710944e-21,2.40986409303e-21,6.49143637412e-21,1.6345190686e-20,2.09061999602e-20,5.57929445758e-20,1.28630863327e-19,1.63941071102e-19,2.30934997599e-19,2.87489827218e-19,5.89574687657e-19,6.08881186552e-19,1.05589677571e-18,9.3577071202e-19,9.64522579534e-19,1.65919609579e-18,2.15422398773e-18,2.9317280618e-18,3.14615747161e-18,4.67575049543e-18,4.71962953179e-18,5.48170110397e-18,6.74647556341e-18,8.27582374177e-18,1.0202669014e-17,9.94272088905e-18,9.92964895383e-18,1.16768545853e-17,9.62319673486e-18,9.78880491094e-18,9.46476269623e-18,8.22656844501e-18,6.00744965668e-18,4.17169144556e-18,2.12237360504e-18,8.81160041184e-19,2.28160995716e-19,2.52982204357e-20],"var":[0.000603483000305,0.166390419006,1.85399973392,2.09423184395,15.1134157181,48.2061576843,79.7022018433,144.342941284,888.854675293,4304.35351562,1084.84082031,4426.52246094,4373.78759766,6208.00341797,11028.8388672,25097.7558594,23008.140625,7946.88916016,8800.20703125,8726.57714844,6188.62158203,9542.77441406,2070.14697266,2015.45080566,1744.19018555,260.209472656,91.6303634644,62.740688324,54.5670318604,23.8291931152,11.8403892517,2.46628451347,0.572037518024,0.1397677809,0.0276509243995,0.000644783431198,0.00000379502762371,3.13241095284e-8,1.92728680237e-10,2.27571142486e-10]},"erbbands_crest":{"dmean":2.50794124603,"dmean2":3.94891476631,"dvar":5.76623058319,"dvar2":13.6719150543,"max":29.8604393005,"mean":9.93149280548,"median":8.97277641296,"min":2.58223962784,"var":21.5993175507},"erbbands_flatness_db":{"dmean":0.0150023913011,"dmean2":0.0214264560491,"dvar":0.000208983576158,"dvar2":0.000406970852055,"max":0.354423165321,"mean":0.210465058684,"median":0.21215839684,"min":0.0440593995154,"var":0.00174985243939},"erbbands_kurtosis":{"dmean":0.837040305138,"dmean2":1.28671181202,"dvar":1.05666732788,"dvar2":2.40654802322,"max":19.5999126434,"mean":0.899353265762,"median":0.311025857925,"min":-1.64496898651,"var":4.10910654068},"erbbands_skewness":{"dmean":0.302717000246,"dmean2":0.44833701849,"dvar":0.0777378976345,"dvar2":0.168984055519,"max":3.74160838127,"mean":0.111642234027,"median":0.0659509897232,"min":-2.69201946259,"var":0.645611941814},"erbbands_spread":{"dmean":4.48254156113,"dmean2":6.83975172043,"dvar":22.8273963928,"dvar2":52.1325874329,"max":97.011428833,"mean":23.9081230164,"median":21.6703948975,"min":2.80902647972,"var":127.479293823},"gfcc":{"cov":[[45932.5,3346.63183594,-6877.81689453,1542.59643555,-2246.69091797,763.33404541,-1137.72583008,138.664123535,-640.978759766,-361.258850098,-243.790512085,-209.66998291,11.5354957581],[3346.63183594,1047.08422852,-550.953369141,33.929233551,-99.9223403931,-104.210929871,54.4467697144,-65.8651428223,71.5529937744,-32.4465141296,22.165719986,-89.4739303589,7.13190555573],[-6877.81689453,-550.953369141,1400.05151367,-42.8177032471,380.482147217,-70.6509170532,66.8564300537,56.1333503723,91.7604598999,95.5396957397,14.4085350037,56.7590141296,-22.5947914124],[1542.59643555,33.929233551,-42.8177032471,376.898590088,5.08365154266,19.6459541321,-145.043655396,61.3657150269,40.7696228027,0.20153991878,-17.6254901886,-7.33716964722,15.6871061325],[-2246.69091797,-99.9223403931,380.482147217,5.08365154266,351.647796631,30.4620132446,79.1871871948,33.4800758362,44.1086006165,16.9638977051,9.76476669312,2.4816865921,17.4178619385],[763.33404541,-104.210929871,-70.6509170532,19.6459541321,30.4620132446,286.412475586,89.4765930176,46.0141296387,-94.116104126,-25.6694469452,2.68264317513,3.4552063942,-20.050617218],[-1137.72583008,54.4467697144,66.8564300537,-145.043655396,79.1871871948,89.4765930176,275.925323486,-12.6446456909,1.15645503998,-28.5381031036,31.9567089081,-10.1172037125,-1.52372920513],[138.664123535,-65.8651428223,56.1333503723,61.3657150269,33.4800758362,46.0141296387,-12.6446456909,130.458602905,32.9807777405,15.388958931,-17.8013877869,3.82043552399,-4.8039150238],[-640.978759766,71.5529937744,91.7604598999,40.7696228027,44.1086006165,-94.116104126,1.15645503998,32.9807777405,169.226928711,47.2663497925,13.523021698,-18.2076702118,14.2086658478],[-361.258850098,-32.4465141296,95.5396957397,0.20153991878,16.9638977051,-25.6694469452,-28.5381031036,15.388958931,47.2663497925,103.970794678,36.7971687317,11.7622308731,-17.8974876404],[-243.790512085,22.165719986,14.4085350037,-17.6254901886,9.76476669312,2.68264317513,31.9567089081,-17.8013877869,13.523021698,36.7971687317,96.3924102783,30.0757579803,-0.904929697514],[-209.66998291,-89.4739303589,56.7590141296,-7.33716964722,2.4816865921,3.4552063942,-10.1172037125,3.82043552399,-18.2076702118,11.7622308731,30.0757579803,73.1680603027,20.8088874817],[11.5354957581,7.13190555573,-22.5947914124,15.6871061325,17.4178619385,-20.050617218,-1.52372920513,-4.8039150238,14.2086658478,-17.8974876404,-0.904929697514,20.8088874817,75.2205047607]],"icov":[[0.000415624148445,-0.000822788104415,0.00145029672422,-0.00104943278711,0.000741299649235,-0.000992351328023,0.00084681698354,-0.000718993484043,0.000787467288319,-0.000682376034092,0.000817474385258,-0.000946165062487,0.000164307304658],[-0.000822788104415,0.00327777001075,-0.00213450659066,0.00160237273667,-0.00167618854903,0.0029388666153,-0.00253907847218,0.00172640930396,-0.00182566407602,0.00140423187986,-0.00226846965961,0.00324624055065,-0.000175954963197],[0.00145029672422,-0.00213450659066,0.00664750020951,-0.0038759203162,0.00115260877647,-0.00247081718408,0.00224138749763,-0.0024826717563,0.0025107532274,-0.00309888017364,0.00337893050164,-0.00424613663927,0.00175010599196],[-0.00104943278711,0.00160237273667,-0.0038759203162,0.00712434668094,-0.00213397736661,0.000581591331866,0.00129858055152,0.000757113040891,-0.00383774796501,0.00336723146029,-0.00289510074072,0.00290137878619,-0.00122854684014],[0.000741299649235,-0.00167618854903,0.00115260877647,-0.00213397736661,0.00610831752419,-0.00266027054749,0.000731791078579,-0.00170674466062,0.00105385400821,-0.00131647463422,0.00105118344072,-0.000377851334633,-0.00177634262946],[-0.000992351328023,0.0029388666153,-0.00247081718408,0.000581591331866,-0.00266027054749,0.00997503008693,-0.00582971004769,-0.0013451067498,0.00308658904396,0.000534099643119,-0.00265601743013,0.0031795387622,0.000713503162842],[0.00084681698354,-0.00253907847218,0.00224138749763,0.00129858055152,0.000731791078579,-0.00582971004769,0.00975535158068,-0.0010736490367,-0.00119407067541,0.00241899350658,-0.00122584565543,-0.000791983504314,-0.0000755770888645],[-0.000718993484043,0.00172640930396,-0.0024826717563,0.000757113040891,-0.00170674466062,-0.0013451067498,-0.0010736490367,0.0126134986058,-0.00555104808882,0.000193855303223,0.00234420434572,-0.0013997729402,0.00137351395097],[0.000787467288319,-0.00182566407602,0.0025107532274,-0.00383774796501,0.00105385400821,0.00308658904396,-0.00119407067541,-0.00555104808882,0.0141538614407,-0.00638176081702,-0.0000424212630605,0.00312454090454,-0.003249990521],[-0.000682376034092,0.00140423187986,-0.00309888017364,0.00336723146029,-0.00131647463422,0.000534099643119,0.00241899350658,0.000193855303223,-0.00638176081702,0.0177526287735,-0.00757155567408,0.00035510835005,0.00408711703494],[0.000817474385258,-0.00226846965961,0.00337893050164,-0.00289510074072,0.00105118344072,-0.00265601743013,-0.00122584565543,0.00234420434572,-0.0000424212630605,-0.00757155567408,0.0190288461745,-0.0108171571046,0.00230979011394],[-0.000946165062487,0.00324624055065,-0.00424613663927,0.00290137878619,-0.000377851334633,0.0031795387622,-0.000791983504314,-0.0013997729402,0.00312454090454,0.00035510835005,-0.0108171571046,0.0260813944042,-0.00906460080296],[0.000164307304658,-0.000175954963197,0.00175010599196,-0.00122854684014,-0.00177634262946,0.000713503162842,-0.0000755770888645,0.00137351395097,-0.003249990521,0.00408711703494,0.00230979011394,-0.00906460080296,0.0188771151006]],"mean":[-51.8989486694,103.393226624,-170.881988525,36.5695953369,-60.4182662964,11.4636049271,-29.5444869995,1.271656394,-14.1858654022,-5.63988113403,-4.61734580994,-7.62489795685,-4.79044294357]},"hfc":{"dmean":6.14789819717,"dmean2":8.00206756592,"dvar":58.4384994507,"dvar2":98.1456069946,"max":115.171195984,"mean":26.0568313599,"median":23.475687027,"min":1.03505460773e-16,"var":326.084899902},"melbands":{"dmean":[0.0000997697061393,0.000203814342967,0.0000877573693288,0.000157575821504,0.000121930272144,0.0000941800753935,0.000118059426313,0.000128223109641,0.00010057468171,0.000123674239148,0.0000984264042927,0.000087998858362,0.000102233010693,0.0000891375675565,0.000114788810606,0.0000641917577013,0.0000565314330743,0.0000592624746787,0.0000584009103477,0.0000310181676468,0.0000260594606516,0.000031091782148,0.0000205179312616,0.0000149825627886,0.0000116693536256,0.0000096843823485,0.00000641625820208,0.00000420608330387,0.00000281915777123,0.00000201963416657,0.00000176008359176,0.00000128814156142,8.80259335645e-7,6.90789477176e-7,4.65089811996e-7,3.00230368566e-7,2.18973809751e-7,1.38798597504e-7,8.27676345239e-8,4.89885536581e-8],"dmean2":[0.000164228127687,0.000329574453644,0.000140987162013,0.000262834306341,0.000194328691578,0.000149426748976,0.000185778510058,0.00019980246725,0.000149228173541,0.000190190650756,0.00014749552065,0.000130730943056,0.000150110849063,0.000129739899421,0.000161546748132,0.0000925602798816,0.0000863212917466,0.0000936649885261,0.0000937735458137,0.0000483446747239,0.0000394806265831,0.000047184232244,0.0000327152010868,0.0000235773841268,0.0000176566736627,0.0000144339710459,0.00000966906100075,0.00000650288848192,0.00000431629223385,0.00000303883166453,0.00000258901877714,0.00000188550643543,0.00000129219631617,0.00000101374018868,6.78636524754e-7,4.19705799004e-7,3.02648118122e-7,1.9212527036e-7,1.09524236791e-7,6.59266206071e-8],"dvar":[3.81160312202e-8,1.40344340593e-7,4.75733834548e-8,1.18015684336e-7,4.66805829547e-8,3.14132364565e-8,7.73475647975e-8,9.06882036134e-8,4.78198174392e-8,9.03802117591e-8,4.56275728311e-8,3.41743309207e-8,5.28103463182e-8,4.43724879062e-8,7.23274808934e-8,1.78950898544e-8,1.42599621e-8,1.11788089896e-8,1.72677623311e-8,3.69357411323e-9,2.91618951209e-9,5.59368817932e-9,1.39590217163e-9,5.10449349456e-10,5.14313924782e-10,2.42494191394e-10,1.45853842892e-10,6.59275203874e-11,2.35472683019e-11,1.1045263662e-11,9.64949127547e-12,9.70602417882e-12,7.74079845361e-12,3.06338656698e-12,1.56138491893e-12,4.7140752673e-13,3.07932363419e-13,8.73324646649e-14,3.95134974545e-14,1.79905224019e-14],"dvar2":[9.57758814479e-8,3.6504570744e-7,1.18397601057e-7,2.97577571473e-7,1.15884844831e-7,7.32535951897e-8,1.84579391771e-7,2.00471802714e-7,1.03084254022e-7,2.11830524677e-7,1.00042107931e-7,7.2711046073e-8,1.17473256012e-7,9.79594645401e-8,1.42886847243e-7,3.65807899527e-8,3.27102895881e-8,2.6715333945e-8,4.52969928233e-8,8.81524897522e-9,6.49988196599e-9,1.12551123976e-8,3.42989237012e-9,1.17856313597e-9,1.12110831729e-9,4.91612917042e-10,3.01598385155e-10,1.69194991351e-10,5.69472420608e-11,2.36265798592e-11,2.05235706902e-11,2.12596069221e-11,2.01352632484e-11,5.7212737152e-12,3.23419914981e-12,8.45028311647e-13,6.19585600273e-13,1.69996558063e-13,5.99838036771e-14,2.78466164109e-14],"max":[0.00560478260741,0.00723268464208,0.00770596135408,0.00682767806575,0.00589680857956,0.00455178646371,0.00648539932445,0.00884131062776,0.00451806560159,0.00554988114163,0.00529220094904,0.00317082577385,0.00460877874866,0.00389280845411,0.00623057829216,0.00265151285566,0.00242410041392,0.00201937556267,0.00292249885388,0.00136883882806,0.00147249619476,0.00162221549544,0.000614684016909,0.000545201648492,0.000537685176823,0.00039028833271,0.000445223675342,0.000167988764588,0.0000841621294967,0.000099464552477,0.0000817053223727,0.000169664170244,0.000155846268171,0.000096195115475,0.0000612418225501,0.0000203826257348,0.0000210544058064,0.00000688758109391,0.00000785703559814,0.00000453266920886],"mean":[0.000211866616155,0.000494391890243,0.000167434875038,0.000214728133869,0.000226147632929,0.00018560278113,0.000243885544478,0.000272443314316,0.00019319045532,0.000234359773458,0.000202177965548,0.000192590086954,0.00022672265186,0.000186563687748,0.000259922759142,0.000125699662021,0.000104391780042,0.000106497522211,0.0000998562391032,0.0000552061574126,0.0000493419756822,0.000062001767219,0.0000392802248825,0.0000308034796035,0.0000248763262789,0.0000217683900701,0.0000146677348312,0.00000853281471791,0.00000569406120121,0.00000411237078879,0.00000349365609509,0.00000272965439763,0.00000192907350538,0.00000151036306306,0.00000110655992103,7.07055164639e-7,4.76293564589e-7,3.09730125991e-7,1.91641717606e-7,1.1206864059e-7],"median":[0.000101208839624,0.00034249125747,0.0000945150313783,0.0000922209292185,0.00013143842807,0.000086254447524,0.0000667254425935,0.0000842093431856,0.0000776897286414,0.0000853561796248,0.0000663155442453,0.0000663638929836,0.000073835508374,0.000046944081987,0.0000716161084711,0.0000452634303656,0.0000408649211749,0.0000485863092763,0.0000401492361561,0.0000231044887187,0.0000200366557692,0.0000201853126782,0.0000195329412236,0.0000192062252609,0.0000130882499434,0.000011388619896,0.00000792742957856,0.00000544243948752,0.00000329583622261,0.00000229248485084,0.0000020604418296,0.00000169250824911,0.00000118636648949,8.6440911673e-7,5.05957586938e-7,2.82888493075e-7,1.64092583077e-7,1.17428804458e-7,6.52339835483e-8,3.49775071129e-8],"min":[5.84812713666e-25,2.826703588e-25,1.19201221514e-24,9.06722049272e-25,9.89150125259e-25,1.20385252429e-24,1.65527058451e-24,2.21933453074e-24,1.42217973918e-24,1.99855957907e-24,2.40097074024e-24,2.02196567377e-24,2.79262913563e-24,2.95721253895e-24,1.0784475034e-24,1.90441593256e-24,2.61529990946e-24,2.92918371934e-24,3.03056989782e-24,2.62991533266e-24,2.09731549807e-24,3.19275792499e-24,3.65174559864e-24,3.50104989435e-24,3.98453919328e-24,3.64077136016e-24,4.17583638508e-24,4.75574815246e-24,4.55302391602e-24,4.29780966381e-24,5.34092674967e-24,4.13547786674e-24,5.29022389828e-24,5.41080878182e-24,4.5703887167e-24,5.71533591251e-24,6.04269307222e-24,5.73726624568e-24,6.25983965816e-24,6.14077096528e-24],"var":[1.07434999563e-7,3.49827928403e-7,7.83684583894e-8,1.57360418029e-7,8.28111907936e-8,7.74424080419e-8,2.50842219884e-7,3.63517756341e-7,1.08719490299e-7,1.65968458532e-7,1.16269674777e-7,1.01763340865e-7,1.49036921471e-7,1.40261377624e-7,3.10654343139e-7,4.75648676002e-8,3.46765425263e-8,2.49482692283e-8,3.8473263686e-8,8.00533594969e-9,9.39302768899e-9,1.86762640908e-8,3.40976158419e-9,1.47901091374e-9,1.59355106888e-9,1.12078157866e-9,6.48435249939e-10,1.05990015375e-10,4.92280591291e-11,2.78838150486e-11,2.13667711996e-11,1.99449640831e-11,1.14156678901e-11,7.58696837994e-12,4.53319196417e-12,1.96215309625e-12,8.89253351944e-13,3.15719997888e-13,1.87194565946e-13,7.98720898448e-14]},"melbands_crest":{"dmean":2.52483034134,"dmean2":4.00109052658,"dvar":6.19619369507,"dvar2":14.4610996246,"max":33.6350059509,"mean":10.6308517456,"median":9.80498886108,"min":1.54552948475,"var":20.9648857117},"melbands_flatness_db":{"dmean":0.0162481702864,"dmean2":0.0234133452177,"dvar":0.000306788657326,"dvar2":0.000616328034084,"max":0.471307486296,"mean":0.149920001626,"median":0.147500008345,"min":0.00278940494172,"var":0.00254147080705},"melbands_kurtosis":{"dmean":1.70680594444,"dmean2":2.72111439705,"dvar":33.9953460693,"dvar2":72.2252883911,"max":230.55090332,"mean":2.62124466896,"median":0.824732542038,"min":-1.74291968346,"var":95.6191635132},"melbands_skewness":{"dmean":0.393028378487,"dmean2":0.591542541981,"dvar":0.23719702661,"dvar2":0.494320899248,"max":12.2847061157,"mean":0.899765014648,"median":0.719194829464,"min":-1.84168171883,"var":1.26062262058},"melbands_spread":{"dmean":6.91060447693,"dmean2":10.6463384628,"dvar":57.9308013916,"dvar2":128.838150024,"max":158.191360474,"mean":37.7358016968,"median":33.3927383423,"min":0.719717860222,"var":526.061279297},"mfcc":{"cov":[[13107.4199219,1666.14978027,-1169.77893066,384.320159912,-214.135345459,234.420684814,-71.6735687256,271.715148926,-74.8888778687,49.081577301,-122.072814941,-129.717956543,-122.958984375],[1666.14978027,1224.81652832,-290.888977051,98.3530654907,-119.415214539,32.8333129883,6.15606594086,9.11462306976,14.3719739914,41.686504364,39.9737930298,-20.7150974274,-0.834308981895],[-1169.77893066,-290.888977051,453.352844238,59.1564674377,120.078804016,-30.0021343231,-21.7246379852,-29.2926673889,2.28567385674,-6.74159669876,18.8524951935,50.7434272766,37.4662399292],[384.320159912,98.3530654907,59.1564674377,302.322265625,153.678344727,-37.0831680298,-112.743240356,-31.2545700073,38.0281333923,27.2073059082,-18.1999092102,26.6315975189,41.4074134827],[-214.135345459,-119.415214539,120.078804016,153.678344727,300.706848145,-7.6016535759,-28.0188026428,-14.3074407578,46.7591018677,22.7962684631,-12.3735971451,40.1824378967,21.4193477631],[234.420684814,32.8333129883,-30.0021343231,-37.0831680298,-7.6016535759,151.072280884,111.685455322,49.3309669495,-5.9409070015,9.96558475494,17.7780017853,-11.3542385101,-19.5310688019],[-71.6735687256,6.15606594086,-21.7246379852,-112.743240356,-28.0188026428,111.685455322,232.035003662,93.4637832642,-9.38520145416,-6.88375854492,23.2937679291,-14.4427032471,-24.6413135529],[271.715148926,9.11462306976,-29.2926673889,-31.2545700073,-14.3074407578,49.3309669495,93.4637832642,135.651245117,36.5369567871,12.6366081238,8.10908985138,-20.7885417938,-15.9574279785],[-74.8888778687,14.3719739914,2.28567385674,38.0281333923,46.7591018677,-5.9409070015,-9.38520145416,36.5369567871,105.208061218,48.8707351685,5.20716905594,-12.2794218063,-9.40592098236],[49.081577301,41.686504364,-6.74159669876,27.2073059082,22.7962684631,9.96558475494,-6.88375854492,12.6366081238,48.8707351685,85.1429748535,41.0226173401,0.158137321472,-8.1805639267],[-122.072814941,39.9737930298,18.8524951935,-18.1999092102,-12.3735971451,17.7780017853,23.2937679291,8.10908985138,5.20716905594,41.0226173401,106.515220642,26.409160614,0.427613914013],[-129.717956543,-20.7150974274,50.7434272766,26.6315975189,40.1824378967,-11.3542385101,-14.4427032471,-20.7885417938,-12.2794218063,0.158137321472,26.409160614,99.2383575439,47.54114151],[-122.958984375,-0.834308981895,37.4662399292,41.4074134827,21.4193477631,-19.5310688019,-24.6413135529,-15.9574279785,-9.40592098236,-8.1805639267,0.427613914013,47.54114151,86.1105651855]],"icov":[[0.000143043827848,-0.000109301123302,0.000274522200925,-0.00023501382384,0.0000156941787282,-0.000220182497287,0.000273804325843,-0.000485861179186,0.000428044004366,-0.000130672735395,0.000188160178368,-0.000112017572974,0.000226484771702],[-0.000109301123302,0.00123716960661,0.000506188778672,-0.000789407698903,0.000650215544738,0.00011086219456,-0.000635669450276,0.000698926683981,-0.000540615466889,0.0000175721579581,-0.000682526326273,0.000129827138153,-0.000299372506561],[0.000274522200925,0.000506188778672,0.00362903391942,-0.00101828365587,-0.000615733733866,0.00000780100617703,0.0000694320115144,-0.000407461833674,0.000567195471376,0.000492937106173,-0.000822455156595,-0.000577234954108,-0.000161571922945],[-0.00023501382384,-0.000789407698903,-0.00101828365587,0.00717943208292,-0.00320000271313,-0.000479562528199,0.00291555607691,-0.000177728463314,-0.000689270964358,-0.000870378979016,0.000749121187255,0.000594267912675,-0.00235371128656],[0.0000156941787282,0.000650215544738,-0.000615733733866,-0.00320000271313,0.00601419480518,-0.000284360314254,-0.00145960203372,0.00113446637988,-0.00214071944356,-0.000425830221502,0.00110925163608,-0.00213502952829,0.000966389954556],[-0.000220182497287,0.00011086219456,0.00000780100617703,-0.000479562528199,-0.000284360314254,0.0113330371678,-0.00569915864617,0.000119182172057,0.00124037568457,-0.00190999673214,-0.000501782691572,0.000441744195996,0.000658967241179],[0.000273804325843,-0.000635669450276,0.0000694320115144,0.00291555607691,-0.00145960203372,-0.00569915864617,0.0111372824758,-0.00619689794257,0.00219242624007,0.00123088562395,-0.000701100681908,-0.00010483051301,0.000479474605527],[-0.000485861179186,0.000698926683981,-0.000407461833674,-0.000177728463314,0.00113446637988,0.000119182172057,-0.00619689794257,0.0143841477111,-0.00691693229601,0.00129945774097,-0.000904763117433,0.00137859466486,-0.00117584760301],[0.000428044004366,-0.000540615466889,0.000567195471376,-0.000689270964358,-0.00214071944356,0.00124037568457,0.00219242624007,-0.00691693229601,0.0184199027717,-0.00981161836535,0.00263834930956,0.00121668237261,0.0012451254297],[-0.000130672735395,0.0000175721579581,0.000492937106173,-0.000870378979016,-0.000425830221502,-0.00190999673214,0.00123088562395,0.00129945774097,-0.00981161836535,0.0223500020802,-0.00884642452002,0.000902223982848,0.000880736217368],[0.000188160178368,-0.000682526326273,-0.000822455156595,0.000749121187255,0.00110925163608,-0.000501782691572,-0.000701100681908,-0.000904763117433,0.00263834930956,-0.00884642452002,0.0150543618947,-0.00489687919617,0.00157821842004],[-0.000112017572974,0.000129827138153,-0.000577234954108,0.000594267912675,-0.00213502952829,0.000441744195996,-0.00010483051301,0.00137859466486,0.00121668237261,0.000902223982848,-0.00489687919617,0.01672263816,-0.00832610763609],[0.000226484771702,-0.000299372506561,-0.000161571922945,-0.00235371128656,0.000966389954556,0.000658967241179,0.000479474605527,-0.00117584760301,0.0012451254297,0.000880736217368,0.00157821842004,-0.00832610763609,0.0177726130933]],"mean":[-646.897399902,114.168708801,-41.4123497009,19.0210971832,-8.43373680115,6.79865789413,-3.48193049431,5.34796285629,-4.90486955643,2.58385515213,0.284051656723,-0.237494975328,-1.3904774189]},"pitch_salience":{"dmean":0.0556893870234,"dmean2":0.0875579565763,"dvar":0.00260852929205,"dvar2":0.00625986559317,"max":0.86286431551,"mean":0.575448513031,"median":0.578391134739,"min":0.123951680958,"var":0.0102752074599},"silence_rate_20dB":{"dmean":0,"dmean2":0,"dvar":0,"dvar2":0,"max":1,"mean":1,"median":1,"min":1,"var":0},"silence_rate_30dB":{"dmean":0,"dmean2":0,"dvar":0,"dvar2":0,"max":1,"mean":1,"median":1,"min":1,"var":0},"silence_rate_60dB":{"dmean":0.0067745577544,"dmean2":0.01355166547,"dvar":0.00672854715958,"dvar2":0.0163791086525,"max":1,"mean":0.0637817531824,"median":0,"min":0,"var":0.0597127303481},"spectral_centroid":{"dmean":190.976043701,"dmean2":288.34677124,"dvar":59703.7382812,"dvar2":116014.609375,"max":11908.234375,"mean":2054.59936523,"median":1791.06872559,"min":265.045593262,"var":2735429.25},"spectral_complexity":{"dmean":3.77794504166,"dmean2":5.4127612114,"dvar":15.6903877258,"dvar2":28.0866909027,"max":57,"mean":23.2652873993,"median":23,"min":0,"var":97.6139221191},"spectral_contrast_coeffs":{"dmean":[0.0462501868606,0.0435571745038,0.0372624062002,0.0305415801704,0.0205829665065,0.0160966999829],"dmean2":[0.0758568644524,0.0711515843868,0.0594075769186,0.0487490780652,0.0322184376419,0.0252716876566],"dvar":[0.0017518568784,0.0012729287846,0.000991200678982,0.000641833234113,0.000297081453027,0.000213127408642],"dvar2":[0.00461628101766,0.00326925003901,0.00237652170472,0.00154483679216,0.000697621842846,0.000495728629176],"max":[-0.362213760614,-0.409698307514,-0.488371670246,-0.526231050491,-0.556890308857,-0.598324477673],"mean":[-0.65715098381,-0.731494963169,-0.738161981106,-0.739448964596,-0.770863175392,-0.712332427502],"median":[-0.657163977623,-0.735139369965,-0.73913192749,-0.737177252769,-0.772569358349,-0.703693151474],"min":[-0.983424067497,-0.977408587933,-0.975826263428,-0.980433285236,-0.967179477215,-0.964607298374],"var":[0.00870333518833,0.00743917794898,0.00722321635112,0.00507649686188,0.0034321192652,0.00326929916628]},"spectral_contrast_valleys":{"dmean":[0.404256939888,0.349184781313,0.299070358276,0.257737249136,0.217059135437,0.247347965837],"dmean2":[0.656118690968,0.570409238338,0.475578218699,0.39918127656,0.311743766069,0.32520210743],"dvar":[0.158655852079,0.120407141745,0.100443340838,0.0870202034712,0.0853444412351,0.0918271839619],"dvar2":[0.338556915522,0.256176382303,0.191993921995,0.152742534876,0.134979143739,0.151659101248],"max":[-5.99753141403,-4.78453445435,-5.22751092911,-5.59349918365,-5.7028055191,-8.29157161713],"mean":[-8.63625717163,-7.47342777252,-7.84028339386,-7.9113278389,-7.84674549103,-11.2539453506],"median":[-7.93805742264,-6.79159927368,-7.13340854645,-7.19843101501,-7.15393638611,-10.6375408173],"min":[-28.6720066071,-28.2005367279,-27.9324970245,-27.6056003571,-27.524723053,-27.4589576721],"var":[11.9087362289,13.1669521332,12.9214057922,12.7817821503,12.7660455704,8.93129062653]},"spectral_decrease":{"dmean":1.01086117255e-9,"dmean2":1.33918875989e-9,"dvar":1.26286749793e-18,"dvar2":2.17703990377e-18,"max":2.33750719203e-28,"mean":-4.88715468094e-9,"median":-4.88295359702e-9,"min":-1.69773528569e-8,"var":7.07676340532e-18},"spectral_energy":{"dmean":0.00430613709614,"dmean2":0.00564845465124,"dvar":0.0000229653305723,"dvar2":0.0000388989355997,"max":0.0724457651377,"mean":0.0208086110651,"median":0.0207674056292,"min":9.88260465916e-21,"var":0.000131387700094},"spectral_energyband_high":{"dmean":0.000202146155061,"dmean2":0.00027201892226,"dvar":1.32500630912e-7,"dvar2":2.59761321786e-7,"max":0.0134934093803,"mean":0.000543224334251,"median":0.000368568726117,"min":7.01325324691e-21,"var":3.78712599058e-7},"spectral_energyband_low":{"dmean":0.000787757977378,"dmean2":0.00125962914899,"dvar":0.00000180197105237,"dvar2":0.00000453047960036,"max":0.0265327729285,"mean":0.00201595923863,"median":0.00147651857696,"min":9.69899670918e-24,"var":0.00000555961560167},"spectral_energyband_middle_high":{"dmean":0.00323116779327,"dmean2":0.00435301382095,"dvar":0.0000166051941051,"dvar2":0.0000290216248686,"max":0.0650696977973,"mean":0.0119904102758,"median":0.0094476826489,"min":1.04114483262e-21,"var":0.0000951111287577},"spectral_energyband_middle_low":{"dmean":0.00222386559471,"dmean2":0.0033418899402,"dvar":0.0000100379720607,"dvar2":0.0000220537640416,"max":0.0533392094076,"mean":0.00660252803937,"median":0.00498786522076,"min":1.65835323994e-22,"var":0.0000334024516633},"spectral_entropy":{"dmean":0.10271705687,"dmean2":0.145113691688,"dvar":0.0108079295605,"dvar2":0.0201657693833,"max":9.82030105591,"mean":7.61436748505,"median":7.57260227203,"min":6.31160116196,"var":0.223090007901},"spectral_flux":{"dmean":0.0171464234591,"dmean2":0.0259233359247,"dvar":0.000301869527902,"dvar2":0.000618229387328,"max":0.233830109239,"mean":0.0700808614492,"median":0.0658175647259,"min":6.28440008366e-11,"var":0.00122280011419},"spectral_kurtosis":{"dmean":1.87036716938,"dmean2":3.26049971581,"dvar":3.88984203339,"dvar2":11.646197319,"max":30.9261474609,"mean":4.21817588806,"median":3.74741458893,"min":-1.28724169731,"var":7.43591690063},"spectral_rms":{"dmean":0.000462201569462,"dmean2":0.00059806270292,"dvar":2.40209942604e-7,"dvar2":3.791598715e-7,"max":0.00840706843883,"mean":0.0042472826317,"median":0.00450120912865,"min":3.1050869341e-12,"var":0.00000226169731832},"spectral_rolloff":{"dmean":304.833282471,"dmean2":500.806945801,"dvar":279294.5,"dvar2":580083.3125,"max":19530.6152344,"mean":2475.89379883,"median":1937.98828125,"min":64.599609375,"var":8888018},"spectral_skewness":{"dmean":0.208007141948,"dmean2":0.351725041866,"dvar":0.0374944619834,"dvar2":0.107738904655,"max":3.94256734848,"mean":1.24561285973,"median":1.24973404408,"min":-0.0872330218554,"var":0.151178076863},"spectral_spread":{"dmean":275797.1875,"dmean2":431372.625,"dvar":573773250560,"dvar2":1231396274180,"max":45664152,"mean":4246686,"median":3067861.25,"min":1512393.875,"var":41536238649300},"spectral_strongpeak":{"dmean":0.937224805355,"dmean2":1.5007365942,"dvar":1.65340960026,"dvar2":3.77819871902,"max":12.8127307892,"mean":2.25050115585,"median":1.67328596115,"min":0,"var":5.21575307846},"zerocrossingrate":{"dmean":0.00646389182657,"dmean2":0.00784861762077,"dvar":0.0000966273364611,"dvar2":0.000165217745234,"max":0.53955078125,"mean":0.0816475152969,"median":0.06640625,"min":0,"var":0.00594892352819}},"metadata":{"audio_properties":{"analysis_sample_rate":44100,"bit_rate":0,"codec":"flac","downmix":"mix","equal_loudness":0,"length":123.373336792,"lossless":true,"md5_encoded":"35ad68847f667a9cfd483d51f39c111e","replay_gain":-14.9615726471},"tags":{"album":["Please Please Me"],"albumartist":["The Beatles"],"albumartistsort":["Beatles, The"],"artist":["The Beatles"],"artistsort":["Beatles, The"],"asin":["B000002UA9"],"catalognumber":["PMC 1202"],"date":["1963-03-22"],"file_name":"07 Please Please Me.flac","format":["Vinyl"],"genre":["Rock & Roll"],"isrc":["GBAYE6300120"],"label":["Parlophone"],"language":["eng"],"musicbrainz_albumartistid":["b10bbbfc-cf9e-42e0-be17-e2c3e1d2600d"],"musicbrainz_albumid":["ade577f6-6087-4a4f-8e87-38b0f8169814"],"musicbrainz_artistid":["b10bbbfc-cf9e-42e0-be17-e2c3e1d2600d"],"musicbrainz_recordingid":["b720b11f-2c00-4f48-83b9-4aa9d3207e8c"],"performer":["Paul McCartney (bass guitar)","Ringo Starr (drums)","John Lennon (guitar)","George Harrison (guitar)"],"producer":["George Martin"],"releasecountry":["GB"],"releasestatus":["official"],"releasetype":["album"],"replaygain_album_gain":["-7.67 dB"],"replaygain_album_peak":["1.00000000"],"replaygain_reference_loudness":["89.0 dB"],"replaygain_track_gain":["-8.98 dB"],"replaygain_track_peak":["1.00000000"],"script":["Latn"],"title":["Please Please Me"],"totaltracks":["14"],"tracknumber":["7"],"tracktotal":["14"]},"version":{"essentia":"2.1-beta1","essentia_build_sha":"eef087cf131c10083d474ad51def18efd0e38295","essentia_git_sha":"v2.1_beta1-7-ge0e83e8-dirty","extractor":"music 1.0"}},"rhythm":{"beats_count":281,"beats_loudness":{"dmean":0.0105407340452,"dmean2":0.0178267322481,"dvar":0.0000712004839443,"dvar2":0.000208597251913,"max":0.0609732419252,"mean":0.0294971670955,"median":0.0301492940634,"min":0,"var":0.000137646959047},"beats_loudness_band_ratio":{"dmean":[0.104085870087,