{"lowlevel":{"average_loudness":0.839745521545,"barkbands":{"dmean":[0.0000417175651819,0.00221514049917,0.00174911064096,0.000672044232488,0.00149588030763,0.00168282538652,0.000837826868519,0.000650743430015,0.000478071830003,0.000374545808882,0.000305542314891,0.000245803559665,0.000238239677856,0.000455654779216,0.000327624933561,0.000306050729705,0.000246329786023,0.000227967844694,0.0001264991879,0.00010139047663,0.0000735536377761,0.0000510991812916,0.0000386707688449,0.0000495084786962,0.0000342077692039,0.0000153018372657,0.00000209108770832],"dmean2":[0.0000731855907361,0.00387533241883,0.00296631711535,0.00116515450645,0.00233203917742,0.00280729262158,0.00136453693267,0.00100115465466,0.00074624089757,0.000570740900002,0.000481127819512,0.000359891215339,0.000358674122253,0.000718265655451,0.000518388289493,0.00049976358423,0.000400307297241,0.000368955021258,0.000204392825253,0.000167515638168,0.000120705000882,0.0000838429041323,0.0000621850049356,0.0000736792862881,0.0000502530310769,0.0000240888839471,0.00000339324128618],"dvar":[1.94187563807e-8,0.0000724396086298,0.0000445014629804,0.00000365056234841,0.00000551025686946,0.0000193522264453,0.00000291421474685,0.00000249698655352,0.00000129976501739,8.18971557237e-7,5.00359647049e-7,4.02035595926e-7,5.21438323631e-7,9.82641381597e-7,4.26016470101e-7,3.12618510634e-7,2.90871980724e-7,2.56393235532e-7,7.56662288381e-8,4.22028882952e-8,2.30850520921e-8,1.40374725177e-8,9.43903355477e-9,3.04412708374e-8,1.73426020211e-8,3.21794435543e-9,4.09538999935e-11],"dvar2":[5.86628026156e-8,0.00020260749443,0.000117333009257,0.0000104190530692,0.0000140721222124,0.0000541715744475,0.00000730807551008,0.00000542792440683,0.00000303832393911,0.00000181893210538,0.00000119512435504,8.20841933091e-7,0.000001129921543,0.0000023591135232,0.00000100469378594,7.91367028796e-7,7.28206714484e-7,6.34879427253e-7,1.84162232131e-7,1.06580401393e-7,6.1152391595e-8,3.81006195482e-8,2.44956286366e-8,6.0481930575e-8,3.46330786272e-8,8.11079292617e-9,1.02043470895e-10],"max":[0.00149082008284,0.0927015915513,0.0695879310369,0.0319040492177,0.0294588189572,0.0625371932983,0.0349777415395,0.0297579150647,0.0289452448487,0.0180208981037,0.0127413570881,0.0137771535665,0.0134749952704,0.021048374474,0.0163392238319,0.0100980671123,0.0142571134493,0.0107575599104,0.00820912979543,0.00522059621289,0.00286022876389,0.00184391136281,0.00278350105509,0.00600383244455,0.0049944492057,0.00203187880106,0.000130189248011],"mean":[0.0000429076862929,0.00228166556917,0.00169919175096,0.000887498084921,0.0035212514922,0.00288304314017,0.00158752093557,0.00134512013756,0.000826739647891,0.000750110950321,0.000540964712854,0.000450747844297,0.000377444608603,0.000847174203955,0.000655412033666,0.000717752205674,0.000554635596927,0.000500687630847,0.000296220270684,0.000245508592343,0.000172711821506,0.000113291825983,0.0000942151964409,0.00011670281674,0.0000816823085188,0.0000250214507105,0.00000273811792795],"median":[0.00000228464409702,0.000329947273713,0.000373000279069,0.000313734693918,0.0023737824522,0.0013233802747,0.000657944416162,0.000345903623383,0.000296286074445,0.000199659509235,0.00015043024905,0.00011239113519,0.0000893955148058,0.000315179233439,0.000256199273281,0.000199723843252,0.000130848988192,0.000118125986774,0.0000951661058934,0.0000433837776654,0.0000279027699435,0.0000224496325245,0.0000263495639956,0.0000315054203384,0.0000185335466085,0.00000334410879077,2.47029191769e-7],"min":[1.32034992505e-24,6.40904244319e-24,2.15950041716e-23,4.98489473271e-23,6.45386291659e-23,1.72280311279e-23,1.27477650364e-23,7.66169415946e-23,1.50793500958e-22,6.96157821281e-23,9.29568510272e-23,1.28288836033e-23,1.31252961952e-22,2.01994133047e-22,9.25516352683e-23,8.16901313196e-23,2.00125744392e-22,2.12283050197e-22,1.65398837789e-22,4.4237749416e-22,5.01429778746e-22,4.64453129193e-22,6.01170675786e-22,9.2452165588e-22,1.11674764619e-21,1.81842773362e-21,2.17730295044e-21],"var":[1.83560562306e-8,0.0000586572932662,0.0000358917131962,0.00000310422819894,0.000014636265405,0.0000219647263293,0.00000661850799588,0.00000848095623951,0.00000277772005575,0.00000268715007223,0.00000119953733702,0.00000124057203266,9.89137447505e-7,0.00000231450053434,0.00000107296227725,9.96110543383e-7,8.34878505884e-7,7.94160371242e-7,2.25289312539e-7,1.37648584086e-7,6.78659475284e-8,3.34180363382e-8,2.40581137234e-8,9.25207217506e-8,5.2711008891e-8,4.82598183638e-9,5.3693910429e-11]},"barkbands_crest":{"dmean":2.23754239082,"dmean2":3.61905217171,"dvar":4.94717264175,"dvar2":13.1361780167,"max":26.1908054352,"mean":9.66253376007,"median":8.75263786316,"min":2.57392215729,"var":17.9557647705},"barkbands_flatness_db":{"dmean":0.0179741382599,"dmean2":0.0273710172623,"dvar":0.00043894580449,"dvar2":0.000995813403279,"max":0.385540992022,"mean":0.146331101656,"median":0.13045668602,"min":0.027825396508,"var":0.00528371008113},"barkbands_kurtosis":{"dmean":2.71405792236,"dmean2":4.20220279694,"dvar":38.4439468384,"dvar2":87.1865692139,"max":153.892028809,"mean":5.45332336426,"median":1.02879738808,"min":-1.94011712074,"var":198.316802979},"barkbands_skewness":{"dmean":0.481872200966,"dmean2":0.730446577072,"dvar":0.35024151206,"dvar2":0.77143573761,"max":10.4971380234,"mean":1.42736458778,"median":1.09891057014,"min":-4.36042022705,"var":2.28902220726},"barkbands_spread":{"dmean":4.3570933342,"dmean2":6.66079998016,"dvar":42.0685844421,"dvar2":92.4653778076,"max":123.438278198,"mean":21.0422935486,"median":19.5577201843,"min":0.859114050865,"var":216.363006592},"dissonance":{"dmean":0.0186435803771,"dmean2":0.0305637270212,"dvar":0.000448637263617,"dvar2":0.00114528369159,"max":0.500000059605,"mean":0.451275736094,"median":0.470326423645,"min":0.17784537375,"var":0.00246679782867},"dynamic_complexity":4.55312728882,"erbbands":{"dmean":[0.0335556417704,0.620142459869,2.13869452477,1.84819555283,3.17796516418,5.84627485275,12.006524086,13.6345424652,12.1112852097,14.1863613129,11.044916153,11.3026809692,13.4566802979,8.57461643219,11.0007543564,10.8561697006,10.6084718704,18.6852245331,15.887348175,19.4628257751,14.3760738373,12.7466001511,10.4507980347,9.00481414795,5.27888774872,4.91123151779,3.42245292664,2.0657582283,1.86558163166,1.24966883659,1.24659526348,1.03084266186,0.860792815685,0.49488055706,0.198908090591,0.0851679593325,0.0251314099878,0.00407916633412,0.000333955977112,0.0000189811744349],"dmean2":[0.0553790032864,1.09126234055,3.69096899033,3.21945333481,5.15422725677,9.18925571442,19.4486751556,22.8708705902,19.8980388641,22.0007705688,16.9011154175,17.7026367188,20.4598827362,12.8773984909,17.0076332092,15.8610258102,15.5585222244,29.1142063141,24.8141803741,31.9439582825,23.2827758789,20.6254844666,16.6787128448,14.3598899841,8.62825298309,8.13405704498,5.56498670578,3.43978047371,3.08590841293,1.99736022949,2.0141916275,1.60222637653,1.2945381403,0.743611693382,0.300290435553,0.132116854191,0.0397694148123,0.00653999997303,0.000536773353815,0.0000296171820082],"dvar":[0.0103967022151,6.07312440872,70.8256835938,41.2943572998,36.417011261,94.6710739136,819.69921875,1276.11694336,703.905090332,949.361328125,863.95690918,862.583190918,1104.29223633,389.345001221,647.893066406,856.523620605,954.054504395,1634.80664062,1319.02282715,1401.453125,614.810668945,893.521850586,572.636535645,351.990020752,168.622512817,94.907371521,52.7541313171,20.627494812,18.8103256226,10.3374700546,8.7633600235,9.63036823273,11.3394699097,3.98285913467,0.667344093323,0.127317875624,0.00708283251151,0.000155690329848,0.00000107459709398,2.19960960557e-9],"dvar2":[0.0250673722476,16.9676036835,191.46522522,113.792152405,96.5351638794,244.988510132,2257.38623047,3539.25756836,1857.09619141,2196.44287109,1838.0123291,2084.48071289,2492.64233398,800.331665039,1584.78417969,1766.91760254,2046.38037109,3639.17529297,3040.75732422,3658.39575195,1577.31774902,2185.02954102,1365.64477539,840.418823242,419.625946045,243.921630859,138.364379883,56.5489807129,51.5049438477,27.0992450714,22.6279563904,21.5430335999,22.3417167664,8.49032783508,1.40278339386,0.309693366289,0.0177916344255,0.000391856185161,0.00000268148301075,5.42066214138e-9],"max":[1.09229183197,26.0986824036,89.2410430908,81.6900177002,73.8574981689,143.430541992,468.273773193,451.454650879,452.511138916,729.790893555,646.172302246,891.664916992,731.756774902,523.910766602,542.229003906,710.109130859,570.91973877,879.345458984,1270.48181152,724.412231445,484.396240234,989.689453125,465.197845459,463.399597168,539.788146973,152.419647217,165.774520874,100.477119446,79.7169189453,85.2690811157,87.2462921143,101.797660828,121.361930847,71.7517089844,30.3414478302,12.4517316818,2.5218269825,0.334887057543,0.0199736412615,0.000973945192527],"mean":[0.0464582294226,0.583666503429,2.01769995689,2.36880803108,5.78031587601,12.5523138046,22.1713371277,22.3785934448,22.4250507355,30.9972610474,23.1305961609,19.8310928345,27.0954093933,17.6667232513,21.124458313,21.0372524261,19.0782661438,36.7290763855,34.4850578308,43.3266220093,37.4452476501,30.5560092926,24.8880023956,23.230632782,13.5395956039,12.2065267563,7.9954161644,4.85513019562,4.11292028427,2.94075536728,2.93995904922,2.37471199036,1.98418033123,1.19235777855,0.423719882965,0.144025713205,0.0404001586139,0.00580156454816,0.000460271374322,0.00004672418072],"median":[0.00422340724617,0.0929461717606,0.419896900654,0.925171375275,2.93790197372,7.4343791008,11.68060112,8.86496162415,9.78529834747,10.9689130783,7.87952518463,7.94865226746,8.26364326477,7.61067056656,6.60667419434,6.1710691452,5.51749229431,14.4413347244,16.9771614075,15.7301616669,11.8628225327,7.88767719269,6.76852655411,5.19414281845,4.49858283997,2.07611846924,1.34231495857,0.837788462639,0.848779678345,0.729791641235,0.767033278942,0.747554779053,0.457984358072,0.25317966938,0.101663768291,0.0249644219875,0.0043064840138,0.000529974931851,0.000054366835684,0.000028741415008],"min":[1.4954498027e-22,2.14222532259e-21,1.84687733448e-20,9.31928302978e-20,2.58251060515e-19,1.30343825128e-19,1.98025500606e-19,1.27228895586e-19,1.94022902869e-19,4.05751270708e-19,2.03096787261e-18,2.52668873511e-18,3.50501199598e-18,3.95461526459e-18,2.02010885232e-18,7.02276133262e-19,5.58203066765e-18,9.19320343703e-18,7.27616356379e-18,3.88829316384e-18,7.74977409531e-18,1.01020135412e-17,1.29511436897e-17,7.67418219503e-18,1.10636523623e-17,1.99476077099e-17,2.10596544361e-17,1.87438895194e-17,1.44039888283e-17,1.93306054192e-17,1.54831154206e-17,1.7503202973e-17,1.73433486653e-17,1.18758088934e-17,8.83758608399e-18,5.78821742945e-18,3.46352992224e-18,1.16740537517e-18,2.79225258923e-19,3.62372122853e-20],"var":[0.016446325928,4.49690103531,53.5036239624,32.7771682739,58.981010437,242.140945435,1016.4967041,1569.34899902,1257.62719727,3659.13916016,2750.47290039,1569.03063965,3406.07250977,1156.9375,1669.21691895,2596.83374023,1999.92224121,4342.77587891,3137.19238281,4132.37304688,2345.70336914,2720.56347656,1782.38696289,1461.70959473,423.888031006,341.951171875,148.720703125,51.8747901917,42.4682159424,24.537525177,23.2396774292,23.1945953369,36.2274894714,11.7238636017,1.54307770729,0.192072123289,0.011004361324,0.0002305272792,0.00000144046725836,3.88715637456e-9]},"erbbands_crest":{"dmean":2.22176146507,"dmean2":3.55328369141,"dvar":5.51056957245,"dvar2":13.03079319,"max":32.6083183289,"mean":9.42480182648,"median":8.03413963318,"min":2.51300549507,"var":25.3678722382},"erbbands_flatness_db":{"dmean":0.0144643932581,"dmean2":0.020901273936,"dvar":0.000303860928398,"dvar2":0.000565822003409,"max":0.369630068541,"mean":0.174720644951,"median":0.160786747932,"min":0.0368042215705,"var":0.00323982466944},"erbbands_kurtosis":{"dmean":0.988902688026,"dmean2":1.53800177574,"dvar":3.47374272346,"dvar2":8.28039741516,"max":41.7480583191,"mean":0.981160104275,"median":-0.104922413826,"min":-1.79209780693,"var":11.207028389},"erbbands_skewness":{"dmean":0.326841205359,"dmean2":0.488122552633,"dvar":0.136484801769,"dvar2":0.282682061195,"max":6.13955259323,"mean":0.294068157673,"median":0.090888440609,"min":-4.53929185867,"var":1.04249882698},"erbbands_spread":{"dmean":6.55433082581,"dmean2":10.0505847931,"dvar":73.2499923706,"dvar2":163.408432007,"max":156.725402832,"mean":35.0782661438,"median":32.5420417786,"min":2.08454298973,"var":353.6121521},"gfcc":{"cov":[[25069.7265625,-535.628723145,-2467.06323242,649.11920166,-1247.45605469,-129.774337769,-1236.16052246,571.849121094,-33.4186096191,419.815612793,-265.595947266,41.2093963623,17.9753341675],[-535.628723145,2616.6965332,-103.18057251,-378.541534424,421.611328125,-145.830795288,270.47857666,-282.793029785,20.7120685577,-317.301177979,148.219436646,-129.39616394,82.2827301025],[-2467.06323242,-103.18057251,1204.17456055,183.536453247,73.004447937,122.80821991,104.74861145,-7.20608615875,-19.9190940857,1.38460695744,-60.4302940369,38.2479248047,-34.7977294922],[649.11920166,-378.541534424,183.536453247,576.950927734,43.589515686,100.898643494,-28.9492435455,114.037696838,85.5883560181,108.929794312,-19.5715332031,14.2688474655,31.9907588959],[-1247.45605469,421.611328125,73.004447937,43.589515686,619.406494141,45.0452156067,113.199554443,-41.4653434753,88.9381332397,4.67512750626,-2.9034383297,22.438583374,38.6252555847],[-129.774337769,-145.830795288,122.80821991,100.898643494,45.0452156067,235.847946167,66.8058624268,38.6324806213,4.13460731506,29.2253189087,11.8146934509,0.154611006379,-9.06879520416],[-1236.16052246,270.47857666,104.74861145,-28.9492435455,113.199554443,66.8058624268,260.682128906,34.0254669189,9.1241645813,-40.0818061829,65.753944397,-19.0767841339,-17.1544399261],[571.849121094,-282.793029785,-7.20608615875,114.037696838,-41.4653434753,38.6324806213,34.0254669189,196.351394653,53.0507164001,65.3067932129,3.85974001884,6.94274950027,-21.8715305328],[-33.4186096191,20.7120685577,-19.9190940857,85.5883560181,88.9381332397,4.13460731506,9.1241645813,53.0507164001,133.694747925,52.5670661926,5.82203292847,-2.17968535423,10.9420928955],[419.815612793,-317.301177979,1.38460695744,108.929794312,4.67512750626,29.2253189087,-40.0818061829,65.3067932129,52.5670661926,134.536560059,-1.00184988976,19.1603717804,-14.5433597565],[-265.595947266,148.219436646,-60.4302940369,-19.5715332031,-2.9034383297,11.8146934509,65.753944397,3.85974001884,5.82203292847,-1.00184988976,107.033843994,-2.47861242294,-4.77695512772],[41.2093963623,-129.39616394,38.2479248047,14.2688474655,22.438583374,0.154611006379,-19.0767841339,6.94274950027,-2.17968535423,19.1603717804,-2.47861242294,72.5493621826,24.9303531647],[17.9753341675,82.2827301025,-34.7977294922,31.9907588959,38.6252555847,-9.06879520416,-17.1544399261,-21.8715305328,10.9420928955,-14.5433597565,-4.77695512772,24.9303531647,82.3214797974]],"icov":[[0.000157737085829,-0.000374837196432,0.000362319784472,-0.00028825722984,0.000337271892931,-0.000305259192828,0.000673818401992,-0.000676414463669,0.000501572038047,-0.000602752726991,0.000686574436259,-0.0007135393098,0.000456990848761],[-0.000374837196432,0.00192123185843,-0.000961709592957,0.000970577530097,-0.00136361352634,0.00121519039385,-0.00190527527593,0.00227128295228,-0.00191029079724,0.00305829243734,-0.00291883363388,0.00339447963051,-0.00204523466527],[0.000362319784472,-0.000961709592957,0.00197124714032,-0.0012014163658,0.00092229625443,-0.00104475650005,0.000761988107115,-0.000996341579594,0.00124527607113,-0.00134645402431,0.00278065144084,-0.00297499611042,0.00218743178993],[-0.00028825722984,0.000970577530097,-0.0012014163658,0.00335369515233,-0.000891652540304,-0.0000785981974332,-0.00059788278304,0.000153984539793,-0.00165987538639,0.000167360776686,-0.00175860838499,0.00289039732888,-0.00311945239082],[0.000337271892931,-0.00136361352634,0.00092229625443,-0.000891652540304,0.00337727111764,-0.00117157411296,0.0000636553522781,-0.000360595266102,-0.000413938396377,-0.0024067547638,0.00324533833191,-0.00358020979911,0.0011318550678],[-0.000305259192828,0.00121519039385,-0.00104475650005,-0.0000785981974332,-0.00117157411296,0.00618553441018,-0.00281834648922,0.00128463818692,-0.000103588274214,0.000631559407339,-0.00206254119985,0.00261968187988,-0.0013616012875],[0.000673818401992,-0.00190527527593,0.000761988107115,-0.00059788278304,0.0000636553522781,-0.00281834648922,0.0103792361915,-0.00582627393305,0.00242011994123,-0.0000124898378999,-0.00127236475237,-0.00168703461532,0.00269943615422],[-0.000676414463669,0.00227128295228,-0.000996341579594,0.000153984539793,-0.000360595266102,0.00128463818692,-0.00582627393305,0.0118186092004,-0.00528537621722,0.00139763625339,-0.00201784051023,0.00180721259676,-0.000081831276475],[0.000501572038047,-0.00191029079724,0.00124527607113,-0.00165987538639,-0.000413938396377,-0.000103588274214,0.00242011994123,-0.00528537621722,0.0140406955034,-0.0069273239933,0.00213124370202,-0.000203965595574,-0.000650477944873],[-0.000602752726991,0.00305829243734,-0.00134645402431,0.000167360776686,-0.0024067547638,0.000631559407339,-0.0000124898378999,0.00139763625339,-0.0069273239933,0.0182899497449,-0.00599615368992,0.00135485618375,0.00140184583142],[0.000686574436259,-0.00291883363388,0.00278065144084,-0.00175860838499,0.00324533833191,-0.00206254119985,-0.00127236475237,-0.00201784051023,0.00213124370202,-0.00599615368992,0.0173456631601,-0.00693597923964,0.00383961037733],[-0.0007135393098,0.00339447963051,-0.00297499611042,0.00289039732888,-0.00358020979911,0.00261968187988,-0.00168703461532,0.00180721259676,-0.000203965595574,0.00135485618375,-0.00693597923964,0.0249841026962,-0.0112230638042],[0.000456990848761,-0.00204523466527,0.00218743178993,-0.00311945239082,0.0011318550678,-0.0013616012875,0.00269943615422,-0.000081831276475,-0.000650477944873,0.00140184583142,0.00383961037733,-0.0112230638042,0.0200443100184]],"mean":[-48.1554031372,93.4154891968,-119.722709656,24.0258522034,-58.4758911133,3.50819897652,-49.3333129883,2.68577075005,-24.0081672668,-2.77369379997,-13.211060524,-4.153901577,-7.595266819]},"hfc":{"dmean":4.12339448929,"dmean2":6.29306173325,"dvar":50.5556564331,"dvar2":123.016532898,"max":141.041976929,"mean":19.8620262146,"median":15.3836545944,"min":1.15025790453e-16,"var":348.77935791},"melbands":{"dmean":[0.000456434092484,0.00102977710776,0.000355113676051,0.000288330746116,0.00038619604311,0.000307443930069,0.000177880821866,0.000154018314788,0.0000874270626809,0.0000721249525668,0.0000675964474794,0.0000348578651028,0.0000421895892941,0.0000268247658823,0.000028246857255,0.0000232557322306,0.0000411904766224,0.000031362138543,0.0000230578280025,0.0000261021050392,0.000018139855456,0.0000151805525093,0.0000101791647467,0.0000128709443743,0.00000773485862737,0.00000443656608695,0.00000454296468888,0.00000326307622345,0.00000280850713352,0.0000020728355139,0.00000107290543383,0.00000125853716781,0.00000104455818928,6.47671868137e-7,7.88132012985e-7,6.1827341824e-7,7.21846788565e-7,6.24286712991e-7,6.26706764706e-7,4.20387550548e-7],"dmean2":[0.000780488771852,0.00178824784234,0.000603695109021,0.000459830131149,0.000619596627075,0.00051534443628,0.000289932853775,0.00023886555573,0.000132228349685,0.000113217371108,0.000102628022432,0.0000523630369571,0.0000659451980027,0.0000390033783333,0.0000413633460994,0.0000347740788129,0.0000646158005111,0.0000497349028592,0.0000372773029085,0.0000429072606494,0.0000294443980238,0.0000248111864494,0.0000160288818734,0.0000208646488318,0.0000123325526147,0.00000731150112188,0.00000751640482122,0.00000543505666428,0.00000460515093437,0.00000345242665389,0.00000179867936367,0.00000209341442314,0.00000173024602645,0.00000104316075067,0.00000128169028812,0.00000100138458947,0.00000113300211524,9.44293333305e-7,9.66810262071e-7,6.51708091937e-7],"dvar":[0.0000025916526738,0.0000168193946593,0.00000113780140509,2.33935807614e-7,7.0120233886e-7,6.3335573941e-7,1.41048474234e-7,1.12895421012e-7,5.43377112194e-8,3.22458362234e-8,2.78625229555e-8,6.87613743722e-9,9.4943635176e-9,4.45602887922e-9,6.26248342073e-9,5.37472200079e-9,8.26696489042e-9,5.46307044047e-9,1.97092386856e-9,2.47362441641e-9,1.08114550645e-9,1.29102228907e-9,5.47221046254e-10,1.00987618268e-9,2.79957279581e-10,9.84657355652e-11,9.82809250649e-11,4.54802272232e-11,3.9583565592e-11,1.74875339903e-11,6.6096720111e-12,8.44819353363e-12,5.78613068916e-12,2.91591252012e-12,3.2873708096e-12,2.83429486478e-12,4.99039394877e-12,6.75649943979e-12,5.14034214499e-12,2.7168553865e-12],"dvar2":[0.00000701138287695,0.0000460541414213,0.00000308855510411,6.29380508599e-7,0.00000191542017092,0.0000017601367972,3.65346608078e-7,2.55669704075e-7,1.13211569897e-7,7.75122472874e-8,6.23653946263e-8,1.38585747322e-8,2.31880825652e-8,8.82871731278e-9,1.30448789548e-8,1.10104769746e-8,1.87738180557e-8,1.30218538175e-8,4.85039741704e-9,6.2967928649e-9,2.83047763006e-9,3.13925685447e-9,1.29200139476e-9,2.53952214813e-9,6.55714649245e-10,2.53798676519e-10,2.44245762504e-10,1.18303047913e-10,1.02844101291e-10,4.76770185831e-11,1.82732978055e-11,2.30362968284e-11,1.56042852251e-11,7.59900822822e-12,8.4880349277e-12,7.20466698453e-12,1.11931974106e-11,1.33694444404e-11,1.08327409543e-11,6.12922169616e-12],"max":[0.0177433304489,0.0434587411582,0.0136476149783,0.00736465491354,0.0131628140807,0.0103609384969,0.00693826796487,0.00755678722635,0.00551087781787,0.00522692408413,0.00358825852163,0.00198703818023,0.00203884229995,0.00172847497743,0.00218119542114,0.00161524070427,0.00198002136312,0.00237107672729,0.000870038173161,0.000979424105026,0.000696646282449,0.00125530781224,0.000540912675206,0.000832916412037,0.000458743510535,0.000353515526513,0.000311351584969,0.000104546961666,0.000161530217156,0.0000593538716203,0.0000670864610584,0.0000538701242476,0.0000454715736851,0.0000463952783321,0.0000576990896661,0.0000524164970557,0.0000724722995074,0.000100455261418,0.0000788780598668,0.0000574882069486],"mean":[0.000523309281562,0.000981307122856,0.000517144042533,0.000620709150098,0.000774360960349,0.000519585970324,0.000336546538165,0.000336494238582,0.000172055151779,0.000123822363093,0.000133296867716,0.0000684308834025,0.0000754253997002,0.0000508032571815,0.000049655289331,0.0000371186288248,0.0000763229909353,0.0000602633044764,0.0000479813425045,0.0000573156685277,0.0000417442788603,0.0000335009754053,0.0000208470628422,0.0000264619066002,0.00001823923958,0.00000985530004982,0.0000100049619505,0.00000723263974578,0.0000052681739362,0.00000424661220677,0.00000224498398893,0.00000238894517679,0.00000214140254684,0.00000140485144584,0.00000175706509253,0.00000139153075907,0.00000150053870129,0.00000132689444854,0.0000013654647546,9.10852804736e-7],"median":[0.000061938430008,0.000197679852135,0.000214242725633,0.000392837275285,0.000446565914899,0.000220478061237,0.000146844424307,0.000112520363473,0.0000520573739777,0.0000447843267466,0.0000372550930479,0.0000256395505858,0.0000206831173273,0.0000142890594361,0.0000116506189443,0.0000104561040644,0.0000266202405328,0.0000258259842667,0.0000182142703125,0.0000178111040441,0.0000120378317661,0.00000779932452133,0.00000595946403337,0.00000557574730919,0.00000366117455997,0.0000035444218156,0.00000228125691137,0.00000109635288936,7.89283603808e-7,6.50826336823e-7,3.86873267644e-7,4.25500928714e-7,4.60371438749e-7,3.78053897521e-7,4.1329275291e-7,4.61225312165e-7,4.38845205508e-7,3.25847310023e-7,2.5255815217e-7,1.87771703963e-7],"min":[2.02913819434e-24,6.99647757703e-24,2.31797342223e-23,1.37836703559e-23,7.0533299936e-24,3.12523044543e-24,2.8566323791e-24,7.24308969549e-24,1.51104334243e-23,1.98019848651e-23,1.7542213916e-23,1.52583937534e-23,9.89173672757e-24,1.56743427538e-24,3.37265134354e-24,1.69919708129e-23,1.75064311854e-23,1.33164091091e-23,7.30955201562e-24,3.07417793144e-24,1.15593287278e-23,1.23534552795e-23,7.32224636531e-24,1.28169449824e-23,4.99280085448e-24,6.86783250718e-24,1.17799628678e-23,1.29427627747e-23,1.2524921297e-23,1.43073383129e-23,9.15936299633e-24,7.38194735861e-24,1.05798798167e-23,1.07231566786e-23,8.1401199969e-24,1.00495041754e-23,1.14894577397e-23,1.31841423788e-23,1.03071840124e-23,9.73447336181e-24],"var":[0.00000258592672253,0.0000125367077999,0.00000101228977201,4.94844300647e-7,9.97915890366e-7,7.71757811435e-7,2.71488204362e-7,4.43989961241e-7,1.64647715906e-7,6.19158413429e-8,8.57195274762e-8,2.11582324994e-8,2.29130350249e-8,1.44410545744e-8,1.43638239081e-8,1.04370112552e-8,2.06572572381e-8,1.14245608529e-8,5.56848744893e-9,7.01522262503e-9,3.28191362975e-9,3.74374797829e-9,1.3103053087e-9,2.67971556056e-9,9.95515003765e-10,2.34624986106e-10,2.41218989228e-10,1.36392216965e-10,7.94167162588e-11,4.44732861649e-11,1.24258442077e-11,1.61199126963e-11,1.31931878616e-11,6.10700032211e-12,8.29633930999e-12,6.38640312509e-12,1.10539468204e-11,1.9646574298e-11,1.57123463546e-11,7.05594914094e-12]},"melbands_crest":{"dmean":2.91720175743,"dmean2":4.71988391876,"dvar":8.59485340118,"dvar2":22.5280952454,"max":33.244304657,"mean":13.1727018356,"median":12.1080646515,"min":1.71135115623,"var":31.5021095276},"melbands_flatness_db":{"dmean":0.0214840807021,"dmean2":0.0324382707477,"dvar":0.000689332315233,"dvar2":0.00151882506907,"max":0.510146737099,"mean":0.203174650669,"median":0.185017839074,"min":0.00385893671773,"var":0.00926850829273},"melbands_kurtosis":{"dmean":6.1868519783,"dmean2":9.75705432892,"dvar":201.398269653,"dvar2":458.745300293,"max":479.942962646,"mean":14.6318264008,"median":5.02797365189,"min":-1.8184504509,"var":1353.02978516},"melbands_skewness":{"dmean":0.629165530205,"dmean2":0.976561009884,"dvar":0.659294188023,"dvar2":1.51497256756,"max":17.4632797241,"mean":2.38321256638,"median":1.99470353127,"min":-2.78695988655,"var":3.59063458443},"melbands_spread":{"dmean":6.50699996948,"dmean2":9.92146873474,"dvar":115.29334259,"dvar2":239.170715332,"max":272.081665039,"mean":26.5047664642,"median":21.2059516907,"min":0.699945867062,"var":654.989318848},"mfcc":{"cov":[[16514.3867188,-1219.13378906,-1344.14550781,199.159423828,-54.2388687134,-678.24041748,-680.97833252,-419.743469238,102.493278503,126.556800842,24.1762657166,15.6113290787,-29.8707122803],[-1219.13378906,2281.43457031,-193.987594604,-123.333145142,16.4537467957,100.15549469,119.122138977,116.502380371,-118.70488739,-52.8041496277,-100.117996216,-57.4644355774,1.49048221111],[-1344.14550781,-193.987594604,1004.38458252,124.379249573,-19.8841667175,100.787940979,60.9468460083,50.7049369812,23.3286132812,-7.32502889633,11.5769376755,-1.99958276749,4.29969215393],[199.159423828,-123.333145142,124.379249573,373.144989014,153.039154053,46.8227424622,4.24072933197,15.5726060867,97.0563583374,47.4894523621,22.7988033295,35.4689674377,27.6074142456],[-54.2388687134,16.4537467957,-19.8841667175,153.039154053,330.912994385,139.416595459,-1.64196944237,10.3528118134,101.675857544,21.9138431549,8.39772415161,10.2171678543,9.44637680054],[-678.24041748,100.15549469,100.787940979,46.8227424622,139.416595459,227.778274536,83.5483779907,33.7124061584,40.7450485229,5.05975437164,7.0492310524,6.03944540024,4.57002449036],[-680.97833252,119.122138977,60.9468460083,4.24072933197,-1.64196944237,83.5483779907,206.809890747,99.0497894287,-8.39192771912,32.0136184692,38.3925285339,18.8306064606,8.85374355316],[-419.743469238,116.502380371,50.7049369812,15.5726060867,10.3528118134,33.7124061584,99.0497894287,134.056594849,27.4759540558,26.089138031,21.7870903015,9.846534729,13.3613939285],[102.493278503,-118.70488739,23.3286132812,97.0563583374,101.675857544,40.7450485229,-8.39192771912,27.4759540558,137.989334106,43.4481506348,10.1491413116,9.16291236877,10.8528928757],[126.556800842,-52.8041496277,-7.32502889633,47.4894523621,21.9138431549,5.05975437164,32.0136184692,26.089138031,43.4481506348,100.409957886,62.784866333,23.3548049927,9.53236865997],[24.1762657166,-100.117996216,11.5769376755,22.7988033295,8.39772415161,7.0492310524,38.3925285339,21.7870903015,10.1491413116,62.784866333,113.877929688,48.8927764893,9.34142112732],[15.6113290787,-57.4644355774,-1.99958276749,35.4689674377,10.2171678543,6.03944540024,18.8306064606,9.846534729,9.16291236877,23.3548049927,48.8927764893,82.7192153931,35.0889854431],[-29.8707122803,1.49048221111,4.29969215393,27.6074142456,9.44637680054,4.57002449036,8.85374355316,13.3613939285,10.8528928757,9.53236865997,9.34142112732,35.0889854431,70.0907897949]],"icov":[[0.0000883218017407,0.0000277793005807,0.000103261569166,-0.0000794191510067,0.00000326210283674,0.000154726381879,0.000155196728883,0.0000951179099502,-0.0000236772357312,-0.000126907703816,-0.00000315115789817,0.00000795293362899,0.0000310963841912],[0.0000277793005807,0.000578282692004,0.000170650368091,0.0000211917704291,-0.000136897549964,-0.000257468898781,0.0000880437874002,-0.000681634643115,0.00080174539471,-0.000318836682709,0.000658180506434,0.000145765035995,-0.000106691710243],[0.000103261569166,0.000170650368091,0.00134733214509,-0.000703270139638,0.000692457950208,-0.000708553125151,0.000307673646603,-0.000412956462242,0.0000176647135959,0.00035381334601,-0.000290216383291,0.000453082524473,-0.0000115359753181],[-0.0000794191510067,0.0000211917704291,-0.000703270139638,0.00420463969931,-0.00180160463788,0.00073244899977,-0.000530319928657,0.000362785620382,-0.00135628099088,-0.00102807872463,0.000762452429626,-0.00132306455635,-0.000543834059499],[0.00000326210283674,-0.000136897549964,0.000692457950208,-0.00180160463788,0.00623237993568,-0.00372036965564,0.00136984849814,0.00000497951941725,-0.00260811764747,0.000822269998025,-0.000950419576839,0.000464962329715,0.0000859796273289],[0.000154726381879,-0.000257468898781,-0.000708553125151,0.00073244899977,-0.00372036965564,0.00879494193941,-0.00387098803185,0.00194513320457,-0.00155132531654,0.00112547364552,-0.0000700542441336,-0.000207654040423,0.0000729589228285],[0.000155196728883,0.0000880437874002,0.000307673646603,-0.000530319928657,0.00136984849814,-0.00387098803185,0.0107259489596,-0.00677151745185,0.00325551000424,-0.00248414301313,-0.000717479269952,-0.000723918317817,0.00054981384892],[0.0000951179099502,-0.000681634643115,-0.000412956462242,0.000362785620382,0.00000497951941725,0.00194513320457,-0.00677151745185,0.0141447801143,-0.00462825875729,0.000459261471406,-0.00128773367032,0.000905919237994,-0.0016587942373],[-0.0000236772357312,0.00080174539471,0.0000176647135959,-0.00135628099088,-0.00260811764747,-0.00155132531654,0.00325551000424,-0.00462825875729,0.0141606703401,-0.00625138776377,0.00340452208184,-0.000345050269971,-0.000193758824025],[-0.000126907703816,-0.000318836682709,0.00035381334601,-0.00102807872463,0.000822269998025,0.00112547364552,-0.00248414301313,0.000459261471406,-0.00625138776377,0.0199443437159,-0.0109261143953,0.00261591700837,-0.00121989287436],[-0.00000315115789817,0.000658180506434,-0.000290216383291,0.000762452429626,-0.000950419576839,-0.0000700542441336,-0.000717479269952,-0.00128773367032,0.00340452208184,-0.0109261143953,0.0193669758737,-0.00959930196404,0.00335418339819],[0.00000795293362899,0.000145765035995,0.000453082524473,-0.00132306455635,0.000464962329715,-0.000207654040423,-0.000723918317817,0.000905919237994,-0.000345050269971,0.00261591700837,-0.00959930196404,0.021820615977,-0.00958361010998],[0.0000310963841912,-0.000106691710243,-0.0000115359753181,-0.000543834059499,0.0000859796273289,0.0000729589228285,0.00054981384892,-0.0016587942373,-0.000193758824025,-0.00121989287436,0.00335418339819,-0.00958361010998,0.0192747041583]],"mean":[-681.095458984,121.661621094,-2.93202662468,17.0713710785,8.91528224945,-3.8011507988,-8.3081703186,-4.43506336212,-7.27184486389,-0.159468829632,-7.00733804703,-5.45622014999,-3.58256554604]},"pitch_salience":{"dmean":0.0647868141532,"dmean2":0.103748179972,"dvar":0.00432735309005,"dvar2":0.0110149690881,"max":0.919275343418,"mean":0.587903261185,"median":0.605637192726,"min":0.0809274092317,"var":0.017090735957},"silence_rate_20dB":{"dmean":0,"dmean2":0,"dvar":0,"dvar2":0,"max":1,"mean":1,"median":1,"min":1,"var":0},"silence_rate_30dB":{"dmean":0.00167340680491,"dmean2":0.00334728043526,"dvar":0.00167065532878,"dvar2":0.00500990776345,"max":1,"mean":0.999163389206,"median":1,"min":0,"var":0.000835799437482},"silence_rate_60dB":{"dmean":0.0284479148686,"dmean2":0.0569037646055,"dvar":0.0276380795985,"dvar2":0.0600787252188,"max":1,"mean":0.172197431326,"median":0,"min":0,"var":0.142552807927},"spectral_centroid":{"dmean":186.633911133,"dmean2":282.746673584,"dvar":65706.546875,"dvar2":128281.6875,"max":10909.2314453,"mean":1297.73144531,"median":1193.0612793,"min":173.223022461,"var":589155.1875},"spectral_complexity":{"dmean":2.75359082222,"dmean2":4.33193874359,"dvar":10.9913473129,"dvar2":23.751209259,"max":54,"mean":19.7713336945,"median":17,"min":0,"var":211.574676514},"spectral_contrast_coeffs":{"dmean":[0.0477756336331,0.0466848686337,0.0366025641561,0.0287063252181,0.0205981191248,0.0137223098427],"dmean2":[0.0767281353474,0.0757979154587,0.0588929355145,0.0456889271736,0.0335211977363,0.0223687812686],"dvar":[0.0016385918716,0.00162505730987,0.000980671495199,0.000603648659308,0.0003401323047,0.000171326653799],"dvar2":[0.00424652919173,0.00405139569193,0.0023577651009,0.00144542905036,0.00080876564607,0.000437135196989],"max":[-0.276530534029,-0.38243740797,-0.431743830442,-0.514805912971,-0.581193566322,-0.669465899467],"mean":[-0.610957562923,-0.705046892166,-0.765539467335,-0.77608191967,-0.785802185535,-0.787371277809],"median":[-0.612757325172,-0.712504327297,-0.777398824692,-0.777154326439,-0.785200595856,-0.783759355545],"min":[-0.961710453033,-0.962965607643,-0.979385435581,-0.970311582088,-0.959001779556,-0.962165772915],"var":[0.0110500846058,0.0079166488722,0.00635546678677,0.00365429301746,0.0021016143728,0.00157018844038]},"spectral_contrast_valleys":{"dmean":[0.407600075006,0.347411483526,0.313938111067,0.261216580868,0.211879760027,0.207856446505],"dmean2":[0.665294528008,0.566110134125,0.507149994373,0.412364691496,0.327747613192,0.28407227993],"dvar":[0.144446074963,0.118911780417,0.103442795575,0.0854767411947,0.0840726718307,0.116930291057],"dvar2":[0.333547741175,0.262259751558,0.217358902097,0.160760834813,0.15090328455,0.193272456527],"max":[-5.00005865097,-4.61850166321,-5.24654483795,-5.79695987701,-5.73524618149,-7.56369304657],"mean":[-7.94290351868,-7.14540576935,-7.82757472992,-7.97074985504,-8.05086135864,-10.6042032242],"median":[-7.66263723373,-6.67496585846,-7.35541629791,-7.3890914917,-7.81341934204,-10.0733242035],"min":[-27.2351417542,-26.9385242462,-27.2659053802,-27.4421424866,-27.302406311,-27.1460475922],"var":[2.52337121964,2.73241972923,2.47637462616,2.73276686668,2.9916434288,2.94907069206]},"spectral_decrease":{"dmean":1.86997484164e-9,"dmean2":3.07371439412e-9,"dvar":1.8895197397e-17,"dvar2":5.12356829468e-17,"max":5.33005325509e-18,"mean":-5.25046006672e-9,"median":-4.63853133681e-9,"min":-4.74350692059e-8,"var":2.5891902954e-17},"spectral_energy":{"dmean":0.00730908801779,"dmean2":0.0119986198843,"dvar":0.000277874583844,"dvar2":0.000753140309826,"max":0.181463703513,"mean":0.0216179825366,"median":0.0193800143898,"min":1.04837347433e-20,"var":0.000410891952924},"spectral_energyband_high":{"dmean":0.000219540757826,"dmean2":0.000334168871632,"dvar":2.84114264559e-7,"dvar2":6.57216617128e-7,"max":0.0133061902598,"mean":0.000707539846189,"median":0.000175971654244,"min":7.50081563349e-21,"var":0.00000120406002679},"spectral_energyband_low":{"dmean":0.00393257150427,"dmean2":0.00669548567384,"dvar":0.00022418302251,"dvar2":0.000605270208325,"max":0.1621247679,"mean":0.00440355902538,"median":0.000994721543975,"min":4.49546460119e-23,"var":0.000190659586224},"spectral_energyband_middle_high":{"dmean":0.00139729934745,"dmean2":0.00206447066739,"dvar":0.00000415987233282,"dvar2":0.00000913198346097,"max":0.0394810214639,"mean":0.0056480858475,"median":0.00431439466774,"min":1.47004212017e-21,"var":0.0000335899203492},"spectral_energyband_middle_low":{"dmean":0.00385864078999,"dmean2":0.00619684765115,"dvar":0.0000487838806293,"dvar2":0.000131514083478,"max":0.100646920502,"mean":0.0114484904334,"median":0.0101998047903,"min":3.91341450011e-22,"var":0.0000991136985249},"spectral_entropy":{"dmean":0.131820678711,"dmean2":0.193392887712,"dvar":0.0300437044352,"dvar2":0.0569360628724,"max":9.80105686188,"mean":7.40643310547,"median":7.59642696381,"min":5.02425575256,"var":0.442324668169},"spectral_flux":{"dmean":0.0207168739289,"dmean2":0.0323318466544,"dvar":0.00108400452882,"dvar2":0.00237699528225,"max":0.392991304398,"mean":0.0707095041871,"median":0.0649356096983,"min":1.02390110279e-10,"var":0.00289375102147},"spectral_kurtosis":{"dmean":2.16005992889,"dmean2":3.65975832939,"dvar":13.6452264786,"dvar2":37.2168579102,"max":112.956665039,"mean":7.16072463989,"median":4.5315580368,"min":-1.26968753338,"var":86.6815109253},"spectral_rms":{"dmean":0.000626186549198,"dmean2":0.000977361458354,"dvar":0.00000110637870421,"dvar2":0.00000281426309812,"max":0.0133055532351,"mean":0.00407380750403,"median":0.00434825615957,"min":3.1981296951e-12,"var":0.00000449475328423},"spectral_rolloff":{"dmean":362.539001465,"dmean2":592.069030762,"dvar":579750.9375,"dvar2":1158583.875,"max":19595.2148438,"mean":1870.8404541,"median":1485.79101562,"min":107.666015625,"var":6130824},"spectral_skewness":{"dmean":0.224335893989,"dmean2":0.366640836,"dvar":0.0810351967812,"dvar2":0.206597313285,"max":8.99206256866,"mean":1.83539390564,"median":1.5962729454,"min":-0.244661852717,"var":0.715625941753},"spectral_spread":{"dmean":444700.75,"dmean2":655147.5625,"dvar":631546249216,"dvar2":1051465285630,"max":40790616,"mean":4316475,"median":4054738.75,"min":790407.75,"var":3816294973440},"spectral_strongpeak":{"dmean":0.4910826087,"dmean2":0.822374463081,"dvar":0.703123092651,"dvar2":1.72509872913,"max":11.1888647079,"mean":1.00117194653,"median":0.65868639946,"min":0,"var":1.24726486206},"zerocrossingrate":{"dmean":0.00885585974902,"dmean2":0.0101544111967,"dvar":0.000175158522325,"dvar2":0.000173416963662,"max":0.53125,"mean":0.0676861181855,"median":0.05615234375,"min":0.00439453125,"var":0.00429439591244}},"metadata":{"audio_properties":{"analysis_sample_rate":44100,"bit_rate":0,"codec":"flac","downmix":"mix","equal_loudness":0,"length":166.493331909,"lossless":true,"md5_encoded":"fdaf436b5e0fe088b414e706d6bc9147","replay_gain":-12.5184116364},"tags":{"acoustid_id":["a9a203af-aa23-46bd-ae02-eee734998e2e"],"album":["Elephant"],"albumartist":["The White Stripes"],"albumartistsort":["White Stripes, The"],"artist":["The White Stripes"],"artistsort":["White Stripes, The"],"asin":["B00007KN36"],"barcode":["634904016227"],"catalognumber":["XLCD 162"],"composer":["Burt Bacharach"],"date":["2003-03-31"],"discnumber":["1"],"disctotal":["1"],"engineer":["Liam Watson"],"file_name":"04 I Just Don't Know What to Do With Myself.flac","genre":["Rock"],"isrc":["GBBKS0200611","USVT10300004"],"label":["XL Recordings"],"language":["eng"],"lyricist":["Hal David"],"media":["CD"],"mixer":["Jack White","Liam Watson"],"musicbrainz_albumartistid":["11ae9fbb-f3d7-4a47-936f-4c0a04d3b3b5"],"musicbrainz_albumid":["f337bb41-489f-329d-84e7-249eafbb16cf"],"musicbrainz_artistid":["11ae9fbb-f3d7-4a47-936f-4c0a04d3b3b5"],"musicbrainz_recordingid":["b7318d56-1c1a-4552-90e5-105b957c236a"],"musicbrainz_releasegroupid":["d85b9684-4277-3565-b89b-115c8b4b7fd3"],"musicbrainz_releasetrackid":["4a2fc3a1-8870-3f27-851f-1bf43cac6645"],"musicbrainz_workid":["cc888bcc-920e-3008-86e1-192d970fb898"],"originaldate":["2003-03-19"],"producer":["Jack White"],"releasecountry":["GB"],"releasestatus":["official"],"releasetype":["album"],"script":["Latn"],"title":["I Just Don't Know What to Do With Myself"],"totaldiscs":["1"],"totaltracks":["14"],"tracknumber":["4"],"tracktotal":["14"]},"version":{"essentia":"2.1-beta1","essentia_build_sha":"7598a69e7b456135ce4c070efb04a3d0ebb71fdd","essentia_git_sha":"v2.1_beta1-6-g5578087","extractor":"music 1.0"}},"rhythm":{"beats_count":260,"beats_loudness":{"dmean":0.013