{"lowlevel":{"average_loudness":0.904100000858,"barkbands":{"dmean":[0.0000128738465719,0.000782021612395,0.00084550131578,0.00230306340382,0.00124705408234,0.000812678248622,0.000724791549146,0.00131279870402,0.00172672350891,0.000639247358777,0.000685740902554,0.000808104407042,0.000639733625576,0.000451629864983,0.000452134408988,0.00045810759184,0.000381427438697,0.000241709029069,0.000162459808053,0.0000793245562818,0.0000650139481877,0.0000701195167494,0.0000445359728474,0.0000323351378029,0.0000312388256134,0.00000696227107255,5.35877404673e-7],"dmean2":[0.0000207412358577,0.0012833083747,0.00140925613232,0.00376871554181,0.00211740401573,0.00131423398852,0.00117817474529,0.0021230049897,0.00279864203185,0.00104570214171,0.00111340405419,0.00131996627897,0.00104226637632,0.00074822671013,0.000747602491174,0.000763957097661,0.000629754329566,0.00039470824413,0.000266633665888,0.000129173218738,0.000103565704194,0.000110023764137,0.0000683781036059,0.000048138666898,0.0000484770534968,0.0000102777094071,8.16698616291e-7],"dvar":[8.76010597395e-10,0.00000156277235419,0.00000172153715994,0.0000179622220458,0.00000341506233781,0.00000223259780796,0.00000235267293647,0.0000100018005469,0.0000121076427604,0.0000014875083707,0.00000159751311912,0.00000225644794227,0.0000011275972156,6.0765029275e-7,7.75578257617e-7,8.36047263419e-7,5.16015006724e-7,1.94598854364e-7,1.57599060913e-7,3.17705790565e-8,1.92528144538e-8,4.22819042001e-8,3.35820011799e-8,2.55385241843e-8,2.78835123879e-8,1.1667364852e-9,3.11270583961e-12],"dvar2":[2.01170702319e-9,0.00000425314647146,0.0000044867174438,0.0000430690779467,0.00000922248636925,0.00000576376169192,0.00000590008266954,0.000025201768949,0.0000311983094434,0.00000404238562624,0.00000384710165235,0.00000573626084588,0.0000028552835829,0.00000155769077992,0.00000197231770471,0.00000223497136176,0.00000133831497351,4.85009366002e-7,4.1368747361e-7,8.0065028385e-8,4.47211618848e-8,1.01700884159e-7,7.13265464469e-8,5.31467243547e-8,7.08519394266e-8,2.68546962445e-9,6.33176497344e-12],"max":[0.000402956211474,0.0175570975989,0.022298976779,0.0679498389363,0.0396990142763,0.0322064124048,0.0398389399052,0.0611346401274,0.0565387420356,0.0344500206411,0.0513238534331,0.0370962433517,0.0279385074973,0.0150011684746,0.0204894486815,0.0263408832252,0.0188354570419,0.00857818964869,0.0166294835508,0.00772395730019,0.00487966928631,0.00790105946362,0.0101471357048,0.00836779363453,0.0071806604974,0.00246345903724,0.0000941883627092],"mean":[0.0000137095285027,0.00186253723223,0.00125318125356,0.00275495508686,0.00191250548232,0.00139143096749,0.00119097891729,0.00205895979889,0.00273239868693,0.00102731527295,0.00109615013935,0.00139614287764,0.00111010402907,0.00080434884876,0.000933294533752,0.000874303397723,0.000722826574929,0.00052223255625,0.000371627218556,0.000190365841263,0.000160348281497,0.000144998091855,0.000088729437266,0.0000652249727864,0.0000649419453111,0.0000137382958201,0.00000101211526271],"median":[0.00000227909094974,0.00140394840855,0.000691082852427,0.00123597169295,0.0011590794893,0.000751918472815,0.00053570541786,0.000514565617777,0.00101347826421,0.0005333351437,0.000603120890446,0.000740270654205,0.000651559501421,0.00043836797704,0.000470774801215,0.000442166783614,0.000384377053706,0.000280147214653,0.000211407197639,0.000101580844785,0.0000738551825634,0.0000565851587453,0.0000246842519118,0.0000103041584225,0.0000117639347081,0.00000317958620144,2.35326140796e-7],"min":[5.01032086354e-25,1.96078694678e-24,5.98389749402e-25,2.66778085333e-24,1.60052186276e-24,5.97587892013e-24,8.21050374459e-24,6.08888206152e-24,1.33138752878e-23,9.61120674562e-24,1.3326878871e-23,2.07529203988e-23,3.54244268822e-23,2.85835860398e-23,5.12396838595e-23,3.68722800996e-23,7.23565941463e-23,6.74088333052e-23,9.11978174263e-23,1.07999627007e-22,1.98752356489e-22,2.98092815112e-22,3.1958252213e-22,5.78421037996e-22,8.41292160322e-22,1.32511405879e-21,1.90404133092e-21],"var":[9.61390411724e-10,0.00000366206381841,0.00000267984796665,0.0000221472928388,0.00000544583190276,0.00000498163763041,0.00000445724663223,0.0000222006219701,0.000025331213692,0.00000283680833491,0.00000296007578982,0.00000497858445669,0.00000221275172407,0.0000013112612578,0.00000245413571065,0.00000181790346687,0.00000108911751795,4.93630238907e-7,4.70720436851e-7,1.14177652222e-7,8.37431173295e-8,9.27449121946e-8,9.35627966214e-8,9.78390630735e-8,8.67847163022e-8,2.69807065578e-9,7.64438512491e-12]},"barkbands_crest":{"dmean":2.44079589844,"dmean2":4.0407834053,"dvar":5.29919147491,"dvar2":13.528553009,"max":26.83543396,"mean":7.78273773193,"median":6.71106529236,"min":2.32666134834,"var":14.5167341232},"barkbands_flatness_db":{"dmean":0.0159366521984,"dmean2":0.02495710738,"dvar":0.00023304251954,"dvar2":0.000550704891793,"max":0.516203463078,"mean":0.123570628464,"median":0.118619456887,"min":0.0282928999513,"var":0.00203415635042},"barkbands_kurtosis":{"dmean":1.25531566143,"dmean2":2.06491732597,"dvar":17.5993862152,"dvar2":46.4936790466,"max":225.155792236,"mean":0.854372382164,"median":-0.0444111935794,"min":-1.87495470047,"var":22.0812568665},"barkbands_skewness":{"dmean":0.39319524169,"dmean2":0.624947428703,"dvar":0.165845215321,"dvar2":0.41563129425,"max":11.7000780106,"mean":0.639574885368,"median":0.632363140583,"min":-4.21526956558,"var":0.772903442383},"barkbands_spread":{"dmean":4.23856687546,"dmean2":6.70643377304,"dvar":19.0269546509,"dvar2":42.4100151062,"max":138.22277832,"mean":22.366065979,"median":21.2947731018,"min":0.246648877859,"var":115.06061554},"dissonance":{"dmean":0.0150500526652,"dmean2":0.0258010067046,"dvar":0.000263269641437,"dvar2":0.000732731306925,"max":0.500000119209,"mean":0.47580704093,"median":0.482646644115,"min":0.212165594101,"var":0.000550067983568},"dynamic_complexity":2.76943087578,"erbbands":{"dmean":[0.0172343924642,0.198995351791,0.716985881329,4.84217500687,5.14671325684,4.54266262054,5.90123844147,6.09441900253,8.21774196625,15.6763648987,35.4069137573,35.4364738464,22.8060741425,20.0625419617,26.9841136932,30.9022941589,26.2818851471,21.6462936401,21.9071884155,20.528673172,25.6575088501,19.0509300232,13.1401968002,10.3296947479,6.38963699341,3.52381587029,2.80622839928,2.50629615784,2.58454799652,1.9756923914,1.20361423492,0.824795365334,0.479620099068,0.43567314744,0.181223750114,0.0470158010721,0.0106382332742,0.00156314962078,0.0000880687366589,0.00000991352953861],"dmean2":[0.0289664436132,0.324847608805,1.16778612137,7.86489248276,8.58874797821,7.72697877884,9.66491985321,9.93111896515,13.5689325333,25.0388355255,57.4815597534,57.621963501,36.9892921448,32.7490272522,43.4319572449,50.1042633057,42.3349723816,35.5397186279,35.7466621399,33.9245834351,42.8193206787,31.4251785278,21.3267879486,16.8489265442,10.3976345062,5.66820573807,4.53062677383,3.97120165825,4.08558368683,3.0742123127,1.86631429195,1.26006698608,0.730386912823,0.685166954994,0.275946229696,0.0698440074921,0.0162382144481,0.00233326479793,0.000130722430185,0.0000149838288053],"dvar":[0.000947876775172,0.096314817667,1.10070431232,72.0564346313,69.6138458252,53.4420013428,140.618148804,148.585327148,246.808578491,1421.61828613,6748.33056641,5465.65771484,1773.79223633,1124.81677246,3288.26733398,3586.16992188,1695.70214844,1217.56542969,1706.44348145,1540.12927246,2776.43481445,1238.30456543,618.413269043,417.616394043,293.723510742,70.2890167236,31.6423282623,35.6353225708,59.8692245483,41.0383415222,30.8365688324,18.3352985382,5.89753961563,6.75478601456,0.817389905453,0.0338423661888,0.00603711884469,0.000107293904875,1.41439826962e-7,2.54729709548e-10],"dvar2":[0.00258765369654,0.259603619576,2.80808448792,170.592559814,173.340377808,147.106552124,375.874206543,386.688720703,650.565673828,3404.52929688,17412.8007812,14029.4287109,4651.43945312,2972.34741211,8109.09228516,8829.10351562,4170.55712891,3146.53271484,4221.359375,4120.21923828,7544.75830078,3246.71166992,1519.65917969,1070.58618164,737.610534668,178.004348755,76.6483154297,86.410446167,145.512649536,92.9407424927,71.3840713501,39.8214645386,12.8154668808,17.7840995789,1.96470999718,0.0731228142977,0.0155915850773,0.000258883228526,3.08750998101e-7,5.57837720461e-10],"max":[0.393399775028,4.36518096924,16.6596069336,137.923065186,164.20010376,170.317626953,287.349884033,334.375793457,431.211791992,853.869384766,1484.06469727,1686.35095215,1107.01196289,801.746154785,2412.29907227,1450.49157715,892.700927734,810.691711426,1384.39172363,986.397766113,1564.48608398,834.476318359,509.149383545,878.569458008,768.807006836,379.062988281,165.266159058,221.90864563,313.283233643,260.136138916,317.061737061,229.286590576,126.472679138,102.458770752,36.1778793335,8.3177318573,6.1509308815,0.832174897194,0.0272946935147,0.000934519048315],"mean":[0.0323100239038,0.492713361979,1.33969843388,6.22029685974,6.96015357971,6.68302822113,9.56774806976,10.4788246155,14.0162248611,27.1004257202,57.706401825,56.9845085144,39.3176727295,35.9338912964,47.3634757996,56.2441101074,50.3726501465,42.6223220825,46.0974845886,46.3224525452,51.1512641907,40.1086807251,30.0110874176,23.5170783997,15.8084383011,9.03638076782,7.07680940628,5.80922794342,5.25337743759,3.91370034218,2.38598918915,1.58507275581,0.987201333046,0.833824694157,0.378470540047,0.0969763100147,0.0194802321494,0.00279139936902,0.000183679323527,0.0000376741190848],"median":[0.0275733061135,0.357637494802,0.963727772236,3.1249434948,3.8400053978,3.86109924316,4.54900312424,5.82567501068,7.3740568161,9.28822040558,16.9737071991,21.8243637085,21.1267147064,21.9110641479,26.4005432129,30.7072582245,30.6666240692,26.1045055389,24.4744815826,24.2118492126,26.3260173798,22.0137462616,15.6247577667,14.3347997665,8.91422843933,4.72875595093,3.67818617821,2.35557866096,1.97829329967,1.36846160889,0.632942140102,0.280302673578,0.158626794815,0.132885351777,0.0735279545188,0.0221363138407,0.00431607384235,0.000561780179851,0.000055116135627,0.0000326507797581],"min":[1.06811110235e-22,3.65172194859e-22,1.33573240426e-21,8.20808494559e-21,3.87309550369e-21,8.77808751244e-21,2.72550066476e-20,5.31025460958e-20,1.08001043473e-19,1.88399405948e-19,3.53813013636e-19,3.9268435027e-19,5.55798576801e-19,9.35528968486e-19,8.19600277721e-19,1.23248825596e-18,1.90662442856e-18,1.58260578851e-18,2.31312042032e-18,3.52536105264e-18,3.17571594362e-18,4.10776444628e-18,4.22181941786e-18,5.69852706281e-18,5.23248606107e-18,5.75175903036e-18,8.95930488394e-18,9.83082568605e-18,1.08765325272e-17,1.25256924406e-17,1.07989347139e-17,1.12000039873e-17,1.00870109664e-17,7.87163020725e-18,5.9473582939e-18,4.55399529953e-18,2.33559388359e-18,8.53939078189e-19,2.32844931784e-19,2.82245721854e-20],"var":[0.00126587157138,0.254830092192,2.10808587074,94.2940750122,91.5823516846,78.7154083252,282.093994141,330.558929443,471.515991211,3371.63061523,14177.5595703,10745.4765625,3834.10766602,2155.02758789,6167.29833984,7974.33837891,3913.39624023,2856.10791016,5200.1875,5298.46240234,5954.27001953,3032.53662109,1702.90820312,1070.50256348,1050.57897949,288.125366211,128.599472046,120.22795105,123.536064148,103.189041138,74.7450256348,57.7847480774,22.4392318726,17.6192951202,2.61607909203,0.123339675367,0.00754126626998,0.00014684216876,2.89747362103e-7,9.41927980058e-10]},"erbbands_crest":{"dmean":2.48714256287,"dmean2":4.13675498962,"dvar":6.30448532104,"dvar2":16.012386322,"max":30.0666103363,"mean":8.37795066833,"median":7.07509469986,"min":2.42094969749,"var":18.6843776703},"erbbands_flatness_db":{"dmean":0.015629157424,"dmean2":0.02377342619,"dvar":0.000239695582422,"dvar2":0.000522843678482,"max":0.51657474041,"mean":0.185072347522,"median":0.179582044482,"min":0.0224402546883,"var":0.00286808446981},"erbbands_kurtosis":{"dmean":0.924925982952,"dmean2":1.52821540833,"dvar":2.99779820442,"dvar2":7.93038988113,"max":60.8818054199,"mean":0.642085254192,"median":0.138248592615,"min":-1.77857935429,"var":4.99304437637},"erbbands_skewness":{"dmean":0.34467869997,"dmean2":0.555565059185,"dvar":0.115592129529,"dvar2":0.294262439013,"max":6.80668020248,"mean":0.0553060099483,"median":-0.0369032621384,"min":-2.98003077507,"var":0.647140979767},"erbbands_spread":{"dmean":5.34364080429,"dmean2":8.41875362396,"dvar":28.9664974213,"dvar2":65.4915924072,"max":107.229812622,"mean":27.2645206451,"median":24.88230896,"min":0.892646253109,"var":164.613189697},"gfcc":{"cov":[[19901.7480469,1171.82019043,-854.580993652,973.342407227,-1417.03662109,475.899475098,-812.794189453,-70.1072235107,-590.795166016,-34.1024360657,-374.878112793,31.9755477905,-344.032653809],[1171.82019043,1486.33703613,-419.379699707,57.6610946655,311.643127441,-282.098022461,124.061630249,-133.930709839,41.1618461609,-85.5220413208,69.2733764648,-133.911697388,84.7249755859],[-854.580993652,-419.379699707,983.182922363,183.589782715,-200.637924194,233.49130249,-40.360004425,4.79285860062,-50.1751708984,47.3742179871,-14.4276065826,80.3904953003,-50.3776054382],[973.342407227,57.6610946655,183.589782715,342.693664551,-53.6239242554,85.0341720581,-51.7606735229,-60.3648376465,-36.9195289612,15.0468521118,5.96018600464,5.85038757324,13.1062135696],[-1417.03662109,311.643127441,-200.637924194,-53.6239242554,489.132232666,-68.7210540771,136.655639648,9.20990657806,76.6623687744,5.90580034256,58.920753479,-20.0664596558,75.7593078613],[475.899475098,-282.098022461,233.49130249,85.0341720581,-68.7210540771,266.465332031,-7.96612644196,58.0951538086,-19.0630702972,18.0044841766,-18.7927455902,56.7659950256,-35.9862976074],[-812.794189453,124.061630249,-40.360004425,-51.7606735229,136.655639648,-7.96612644196,190.810958862,59.3191070557,69.9374542236,4.04044151306,30.3862133026,-15.5299777985,27.3770713806],[-70.1072235107,-133.930709839,4.79285860062,-60.3648376465,9.20990657806,58.0951538086,59.3191070557,152.576782227,62.0343170166,18.8581180573,-4.83004188538,17.3126487732,-15.6072835922],[-590.795166016,41.1618461609,-50.1751708984,-36.9195289612,76.6623687744,-19.0630702972,69.9374542236,62.0343170166,135.583862305,12.6601276398,20.1186122894,-15.6759490967,18.4332389832],[-34.1024360657,-85.5220413208,47.3742179871,15.0468521118,5.90580034256,18.0044841766,4.04044151306,18.8581180573,12.6601276398,94.6657028198,23.3884544373,20.903339386,4.27331113815],[-374.878112793,69.2733764648,-14.4276065826,5.96018600464,58.920753479,-18.7927455902,30.3862133026,-4.83004188538,20.1186122894,23.3884544373,84.8659439087,15.3037004471,25.9874916077],[31.9755477905,-133.911697388,80.3904953003,5.85038757324,-20.0664596558,56.7659950256,-15.5299777985,17.3126487732,-15.6759490967,20.903339386,15.3037004471,97.8506088257,2.14692687988],[-344.032653809,84.7249755859,-50.3776054382,13.1062135696,75.7593078613,-35.9862976074,27.3770713806,-15.6072835922,18.4332389832,4.27331113815,25.9874916077,2.14692687988,82.630821228]],"icov":[[0.000385320046917,-0.000876515114214,0.000852125056554,-0.000891855335794,0.00111643655691,-0.00109209364746,0.000996776740067,-0.00114685378503,0.00101510772947,-0.00092611904256,0.00112011481542,-0.000576516555157,0.000602050567977],[-0.000876515114214,0.00325123639777,-0.00168999575544,0.00136804103386,-0.00294811488129,0.0033297657501,-0.00298063387163,0.00323007954285,-0.00228658225387,0.00298480247147,-0.00314780278131,0.00197603763081,-0.00118522869889],[0.000852125056554,-0.00168999575544,0.00342714926228,-0.0025767760817,0.00283834571019,-0.0031719985418,0.00165585067589,-0.00196565757506,0.00219713104889,-0.00235999841243,0.00243300106376,-0.00178362044971,0.00178823107854],[-0.000891855335794,0.00136804103386,-0.0025767760817,0.00651244539768,-0.00221245619468,0.000393542693928,-0.00120248924941,0.0041122995317,-0.00245993235148,0.00116021151189,-0.00286891707219,0.00216360576451,-0.0030100599397],[0.00111643655691,-0.00294811488129,0.00283834571019,-0.00221245619468,0.00651363795623,-0.00359253538772,0.00139492761809,-0.00285140541382,0.0022810397204,-0.00309314602055,0.00261103431694,-0.00183742644731,0.0000928790905164],[-0.00109209364746,0.0033297657501,-0.0031719985418,0.000393542693928,-0.00359253538772,0.0103018628433,-0.00369863770902,0.000750781677198,-0.00184315571096,0.0033751744777,-0.00241707800888,-0.000579463026952,0.000202027469641],[0.000996776740067,-0.00298063387163,0.00165585067589,-0.00120248924941,0.00139492761809,-0.00369863770902,0.0116504160687,-0.00599204655737,0.000974011200015,-0.0021077785641,0.00123270193581,0.0000605761015322,0.0000274837402685],[-0.00114685378503,0.00323007954285,-0.00196565757506,0.0041122995317,-0.00285140541382,0.000750781677198,-0.00599204655737,0.0157384946942,-0.00786601379514,0.0014419030631,-0.00174873450305,0.000109544569568,0.000189000522369],[0.00101510772947,-0.00228658225387,0.00219713104889,-0.00245993235148,0.0022810397204,-0.00184315571096,0.000974011200015,-0.00786601379514,0.014331500046,-0.00309848599136,0.00140806264244,0.000699821161106,0.000100286320958],[-0.00092611904256,0.00298480247147,-0.00235999841243,0.00116021151189,-0.00309314602055,0.0033751744777,-0.0021077785641,0.0014419030631,-0.00309848599136,0.015255256556,-0.006395237986,0.000349670997821,-0.00135815888643],[0.00112011481542,-0.00314780278131,0.00243300106376,-0.00286891707219,0.00261103431694,-0.00241707800888,0.00123270193581,-0.00174873450305,0.00140806264244,-0.006395237986,0.0195565409958,-0.00551777938381,-0.000346300337696],[-0.000576516555157,0.00197603763081,-0.00178362044971,0.00216360576451,-0.00183742644731,-0.000579463026952,0.0000605761015322,0.000109544569568,0.000699821161106,0.000349670997821,-0.00551777938381,0.0153698800132,-0.00326233892702],[0.000602050567977,-0.00118522869889,0.00178823107854,-0.0030100599397,0.0000928790905164,0.000202027469641,0.0000274837402685,0.000189000522369,0.000100286320958,-0.00135815888643,-0.000346300337696,-0.00326233892702,0.0176625456661]],"mean":[-10.1547842026,104.432250977,-147.948760986,19.589427948,-47.8949432373,8.03137016296,-31.9672031403,6.71409654617,-23.2529697418,-1.87991130352,-19.7484912872,-3.17555475235,-13.2678136826]},"hfc":{"dmean":5.52363920212,"dmean2":8.43464279175,"dvar":47.7511901855,"dvar2":108.609474182,"max":203.959350586,"mean":24.1375274658,"median":20.3081760406,"min":1.1081480586e-16,"var":311.226348877},"melbands":{"dmean":[0.000190701844986,0.000318837322993,0.000823382870294,0.000320736289723,0.000189465950825,0.00014216308773,0.000131129650981,0.000191126135178,0.000315592566039,0.000221041918849,0.000116531075037,0.0000836691542645,0.0000912624091143,0.0000888786235009,0.0000867833368829,0.0000579603365622,0.0000412199187849,0.0000387510372093,0.0000378044569516,0.0000275552774838,0.0000342808089044,0.0000239574419538,0.0000136674225359,0.0000124569714899,0.00000908086167328,0.00000605704963164,0.00000400908447773,0.00000234193362303,0.00000195556094695,0.00000166561198967,0.00000154936276431,0.00000159086152962,0.0000014593342712,0.00000105546359919,7.79087770297e-7,5.65480092973e-7,5.17105945619e-7,3.3885311268e-7,3.89673004975e-7,3.8264809632e-7],"dmean2":[0.000317591067869,0.000514745886903,0.00133938994259,0.000540406734217,0.000310739822453,0.00023089403112,0.000214812869672,0.000304951856378,0.000512991042342,0.000360051402822,0.000189098020201,0.00013733463129,0.000147338971146,0.000144521283801,0.000141381955473,0.0000948040978983,0.0000679806908011,0.0000638488127152,0.0000628269190202,0.000045699547627,0.0000575081176066,0.0000397246512875,0.0000222781272896,0.0000204551288334,0.0000149174211401,0.000010043497241,0.00000655780240777,0.00000380449569093,0.00000319494984069,0.00000266049391939,0.0000024867861157,0.00000256913722296,0.00000231172634813,0.00000165312337685,0.00000122184587781,8.81756989202e-7,7.95708785972e-7,5.17215482887e-7,6.16635475126e-7,6.02197019361e-7],"dvar":[1.01541189679e-7,1.98670392138e-7,0.00000209453128264,2.23176073177e-7,1.23703301824e-7,7.13140764219e-8,6.37658459368e-8,2.07427689247e-7,5.27513577708e-7,2.04655023595e-7,4.66649048292e-8,2.18855724654e-8,3.24819957598e-8,2.51655940531e-8,2.81456102869e-8,1.12560032406e-8,4.75734873717e-9,6.13839468144e-9,6.45218145578e-9,2.87785995035e-9,5.51205703303e-9,2.11495776448e-9,7.49842299363e-10,5.35154642822e-10,3.55966894849e-10,3.96075228171e-10,9.30339971728e-11,3.14953063629e-11,1.38949771827e-11,1.59837785368e-11,1.47848643051e-11,2.16849056073e-11,2.16798159286e-11,1.38561523366e-11,1.24741710017e-11,7.51060498516e-12,8.13425021784e-12,2.84818197673e-12,5.17916482271e-12,5.12033861491e-12],"dvar2":[2.81726926232e-7,5.11544612891e-7,0.00000496381471748,5.84304814311e-7,3.33220128823e-7,1.8502080934e-7,1.63668445907e-7,5.00212934185e-7,0.00000136175492571,5.28620716977e-7,1.2271213734e-7,5.89151554209e-8,7.82637599173e-8,6.43056381477e-8,7.23146982295e-8,2.83228054343e-8,1.24240928656e-8,1.51282275596e-8,1.63720930146e-8,7.46229922299e-9,1.49209764544e-8,5.51996182097e-9,1.88859328176e-9,1.35483557706e-9,9.20122589232e-10,1.06866737681e-9,2.29500182747e-10,8.23258683447e-11,3.54147024206e-11,3.82275357202e-11,3.65412353154e-11,5.37667653455e-11,5.21387377717e-11,3.17590953536e-11,2.94848832849e-11,1.73192519354e-11,1.7830931176e-11,5.99196690529e-12,1.31496809969e-11,1.36150994992e-11],"max":[0.00407383497804,0.00638745725155,0.0229989718646,0.00973721221089,0.00808009691536,0.00675674481317,0.00753671769053,0.00971667841077,0.0137704750523,0.0108969714493,0.00536098703742,0.00389477633871,0.00730690453202,0.00445866724476,0.0042115394026,0.00329038407654,0.0017480251845,0.00238411081955,0.00222334032878,0.00158596970141,0.00247049657628,0.00115740997717,0.000644446525257,0.00055495131528,0.000867707596626,0.00109300762415,0.000414290931076,0.000262955902144,0.000104184975498,0.000165224497323,0.000131357039209,0.000167596459505,0.000186959485291,0.000186206612852,0.000196965091163,0.000119868454931,0.00016911511193,0.0000882632375578,0.0000867483759066,0.0000896311394172],"mean":[0.00042546869372,0.00070460094139,0.00109851907473,0.000475895765703,0.000320243329043,0.000247140444117,0.000224590869038,0.000323529617162,0.00050932134036,0.000348708184902,0.000192433406482,0.000141665426781,0.000152975102537,0.000152392065502,0.000143510987982,0.000101148580143,0.0000739296083339,0.0000712854744052,0.0000736503498047,0.0000537728374184,0.0000618138728896,0.0000443445969722,0.0000280681142613,0.0000254506940109,0.0000185710432561,0.00001284937116,0.00000883162101672,0.00000523468816027,0.00000445947671324,0.00000379364837499,0.00000319627270073,0.00000301680370285,0.00000271041949418,0.0000019536603304,0.00000144707996697,0.00000103348247649,9.48272543155e-7,6.67314736802e-7,7.06349737811e-7,7.01094222677e-7],"median":[0.000345611188095,0.000584944267757,0.000583876157179,0.000296150101349,0.000168475802639,0.000139396943268,0.000116502422316,0.000102234247606,0.000142629913171,0.000132708140882,0.0000986396335065,0.0000824811650091,0.0000829964774312,0.0000827985350043,0.0000738229646231,0.0000598760198045,0.0000428672356065,0.0000354242838512,0.0000356506789103,0.0000271147255262,0.0000302449261653,0.00002326424692,0.0000130202488435,0.0000136390117405,0.0000108082895167,0.00000682968220644,0.00000468916232421,0.00000255819986705,0.00000237809854298,0.00000168407495948,0.00000115172508686,0.00000108384324449,9.77753302323e-7,6.0558778614e-7,3.71610695993e-7,2.22466070454e-7,1.37072191819e-7,1.01047703538e-7,1.08069777127e-7,1.08471816418e-7],"min":[7.20427320301e-25,6.30442893614e-25,1.46665611144e-24,2.9847420096e-25,8.78717487137e-25,1.31338891781e-24,2.04267031431e-24,2.37257726968e-24,2.38114627126e-24,2.26914360273e-24,2.44723151588e-24,3.56444630657e-24,2.67783429392e-24,2.4965410417e-24,3.39862379998e-24,3.98101259061e-24,2.57546973071e-24,3.02680367864e-24,3.46602920332e-24,4.51927841865e-24,3.59308392958e-24,3.95838687655e-24,4.11601942922e-24,3.50643663104e-24,3.01564918544e-24,3.44691431473e-24,3.88476248827e-24,3.38392732132e-24,4.21980709751e-24,4.37412722323e-24,4.51269695212e-24,5.65181288812e-24,4.55286653827e-24,6.51753763893e-24,5.51727857719e-24,6.11939677905e-24,5.84879776704e-24,5.67428437986e-24,6.70741606439e-24,5.95066968662e-24],"var":[1.89302838294e-7,4.63429444153e-7,0.00000275930074167,3.19444893648e-7,2.59110152001e-7,1.62023880534e-7,1.25972164255e-7,5.1827396419e-7,0.00000113162968773,3.98983758032e-7,9.8930662773e-8,3.83120095648e-8,6.16509794327e-8,5.48825163094e-8,5.50602727856e-8,2.13684785422e-8,9.96455629121e-9,1.57725743577e-8,1.87161521836e-8,6.87002277289e-9,1.02207620145e-8,4.27566204664e-9,1.79198167416e-9,1.22174959039e-9,8.08627220739e-10,8.76405836792e-10,3.32390809321e-10,1.03028460763e-10,4.47561189498e-11,6.38314817669e-11,3.90173067466e-11,4.29382536471e-11,4.09104451704e-11,3.36286970493e-11,2.77668721349e-11,1.8803621854e-11,2.49622163218e-11,1.08467228255e-11,1.29827294748e-11,1.26607916859e-11]},"melbands_crest":{"dmean":3.35033941269,"dmean2":5.53136634827,"dvar":9.95240592957,"dvar2":24.4875965118,"max":34.8768119812,"mean":11.0605335236,"median":9.89908695221,"min":1.58041334152,"var":25.4241962433},"melbands_flatness_db":{"dmean":0.0193729344755,"dmean2":0.0306593161076,"dvar":0.000330086884787,"dvar2":0.000791449798271,"max":0.550919473171,"mean":0.17169611156,"median":0.167079210281,"min":0.00240155379288,"var":0.00279929628596},"melbands_kurtosis":{"dmean":2.36191248894,"dmean2":3.82143425941,"dvar":19.6182613373,"dvar2":51.5785675049,"max":143.90788269,"mean":3.42525911331,"median":1.87536334991,"min":-1.77690887451,"var":38.5480499268},"melbands_skewness":{"dmean":0.481767863035,"dmean2":0.75993347168,"dvar":0.216497868299,"dvar2":0.527068436146,"max":8.2647562027,"mean":1.35658991337,"median":1.28127837181,"min":-2.84043908119,"var":0.977678418159},"melbands_spread":{"dmean":6.83452367783,"dmean2":10.9282608032,"dvar":51.5089950562,"dvar2":120.872871399,"max":189.935409546,"mean":31.7597618103,"median":28.6334037781,"min":0.510744869709,"var":346.815917969},"mfcc":{"cov":[[8378.81738281,364.390777588,809.415161133,307.712280273,-161.346893311,227.718582153,-146.404495239,-7.73243093491,-190.408737183,-219.241989136,-31.6065254211,-32.9005851746,-40.5155181885],[364.390777588,1469.11230469,-568.684570312,288.213562012,65.3099441528,-21.3939037323,71.3039932251,-36.4644050598,10.0139245987,48.6974601746,-45.4024276733,-7.20987844467,3.20838117599],[809.415161133,-568.684570312,1050.02612305,-52.1965332031,-76.3970108032,112.876243591,-30.7443675995,36.9808158875,-43.4045524597,-74.3137969971,43.4171638489,-5.110060215,20.2725524902],[307.712280273,288.213562012,-52.1965332031,288.515930176,41.5619049072,53.0103492737,19.6719837189,-54.9255599976,-7.94704723358,11.4162788391,-37.8973693848,-5.78118610382,16.6193199158],[-161.346893311,65.3099441528,-76.3970108032,41.5619049072,192.005584717,59.6214523315,35.5654602051,21.1033763885,21.8808803558,22.6833820343,-3.41001033783,8.05620670319,5.87256622314],[227.718582153,-21.3939037323,112.876243591,53.0103492737,59.6214523315,156.971817017,45.7707138062,15.0191860199,0.721734523773,-8.05044841766,-7.52320718765,-2.06246995926,23.5009498596],[-146.404495239,71.3039932251,-30.7443675995,19.6719837189,35.5654602051,45.7707138062,129.552734375,29.9674625397,21.2311687469,26.1285743713,2.21897816658,9.42404651642,18.0682239532],[-7.73243093491,-36.4644050598,36.9808158875,-54.9255599976,21.1033763885,15.0191860199,29.9674625397,151.70664978,45.4651260376,17.5359973907,47.5334701538,8.34430789948,-6.86778831482],[-190.408737183,10.0139245987,-43.4045524597,-7.94704723358,21.8808803558,0.721734523773,21.2311687469,45.4651260376,102.832878113,56.327003479,24.5319519043,10.5098838806,-4.78275489807],[-219.241989136,48.6974601746,-74.3137969971,11.4162788391,22.6833820343,-8.05044841766,26.1285743713,17.5359973907,56.327003479,107.239448547,27.3326072693,17.4519748688,-0.0192347671837],[-31.6065254211,-45.4024276733,43.4171638489,-37.8973693848,-3.41001033783,-7.52320718765,2.21897816658,47.5334701538,24.5319519043,27.3326072693,92.2203369141,24.831905365,4.99392175674],[-32.9005851746,-7.20987844467,-5.110060215,-5.78118610382,8.05620670319,-2.06246995926,9.42404651642,8.34430789948,10.5098838806,17.4519748688,24.831905365,67.0618743896,21.9333019257],[-40.5155181885,3.20838117599,20.2725524902,16.6193199158,5.87256622314,23.5009498596,18.0682239532,-6.86778831482,-4.78275489807,-0.0192347671837,4.99392175674,21.9333019257,72.3045959473]],"icov":[[0.000161842734087,-0.000091590336524,-0.000116552197142,-0.000134593385155,0.000164292214322,-0.000260744127445,0.000222463713726,-0.000120902099297,0.000164911674801,0.000155071989866,-0.0000160618019436,-0.000124684243929,0.000212578292121],[-0.000091590336524,0.00116643903311,0.000603985332418,-0.00102130044252,-0.0000283605531877,0.000399198383093,-0.000543598551303,-0.000188073754543,0.000122450728668,-0.0000684045444359,-0.0000848194467835,0.000216262240428,-0.0000988101237454],[-0.000116552197142,0.000603985332418,0.00160812039394,-0.000236081003095,0.000619676604401,-0.00104225613177,0.000105893734144,-0.000247473421041,0.000246066221735,0.000465588236693,-0.000786346034147,0.000232600330492,-0.000250109820627],[-0.000134593385155,-0.00102130044252,-0.000236081003095,0.00551594141871,-0.00062413077103,-0.00149930419866,0.000113207606773,0.00182302342728,-0.000249779492151,-0.00105134188198,0.00110287347343,0.000202164825168,-0.000703181955032],[0.000164292214322,-0.0000283605531877,0.000619676604401,-0.00062413077103,0.00693143764511,-0.00313283340074,-0.0000245766550506,-0.00095688784495,-0.000170628714841,-0.00055751792388,0.000415509915911,-0.000939458841458,0.000678418553434],[-0.000260744127445,0.000399198383093,-0.00104225613177,-0.00149930419866,-0.00313283340074,0.0107100373134,-0.00318674836308,-0.000578294857405,-0.000507384713273,0.000920494145248,0.000759852002375,0.00130621006247,-0.00249420502223],[0.000222463713726,-0.000543598551303,0.000105893734144,0.000113207606773,-0.0000245766550506,-0.00318674836308,0.0105100357905,-0.00205549644306,0.0000476812601846,-0.00190883770119,0.00117216061335,-0.000681494944729,-0.00156233820599],[-0.000120902099297,-0.000188073754543,-0.000247473421041,0.00182302342728,-0.00095688784495,-0.000578294857405,-0.00205549644306,0.0101685868576,-0.00383772957139,0.00145816022996,-0.00416753860191,0.000551124452613,0.00120333640371],[0.000164911674801,0.000122450728668,0.000246066221735,-0.000249779492151,-0.000170628714841,-0.000507384713273,0.0000476812601846,-0.00383772957139,0.015875807032,-0.00713042588905,-0.000254890153883,-0.000310474832077,0.00103775958996],[0.000155071989866,-0.0000684045444359,0.000465588236693,-0.00105134188198,-0.00055751792388,0.000920494145248,-0.00190883770119,0.00145816022996,-0.00713042588905,0.0154451960698,-0.00356156378984,-0.00166414084379,0.000845889677294],[-0.0000160618019436,-0.0000848194467835,-0.000786346034147,0.00110287347343,0.000415509915911,0.000759852002375,0.00117216061335,-0.00416753860191,-0.000254890153883,-0.00356156378984,0.0161722451448,-0.00441317958757,-0.000803811708465],[-0.000124684243929,0.000216262240428,0.000232600330492,0.000202164825168,-0.000939458841458,0.00130621006247,-0.000681494944729,0.000551124452613,-0.000310474832077,-0.00166414084379,-0.00441317958757,0.0191118121147,-0.00583041086793],[0.000212578292121,-0.0000988101237454,-0.000250109820627,-0.000703181955032,0.000678418553434,-0.00249420502223,-0.00156233820599,0.00120333640371,0.00103775958996,0.000845889677294,-0.000803811708465,-0.00583041086793,0.0173389464617]],"mean":[-636.975097656,135.992767334,-36.3262062073,15.9626598358,-1.76887023449,4.03323888779,-1.18637311459,5.00814199448,0.84687936306,-1.63127660751,1.11158633232,-2.91645812988,-1.52980315685]},"pitch_salience":{"dmean":0.0663309693336,"dmean2":0.109126836061,"dvar":0.00334620755166,"dvar2":0.00858875364065,"max":0.868944168091,"mean":0.62517529726,"median":0.63754594326,"min":0.0430666059256,"var":0.0107097979635},"silence_rate_20dB":{"dmean":0,"dmean2":0,"dvar":0,"dvar2":0,"max":1,"mean":1,"median":1,"min":1,"var":0},"silence_rate_30dB":{"dmean":0,"dmean2":0,"dvar":0,"dvar2":0,"max":1,"mean":1,"median":1,"min":1,"var":0},"silence_rate_60dB":{"dmean":0.00726348301396,"dmean2":0.0145282847807,"dvar":0.00721072452143,"dvar2":0.0170412678272,"max":1,"mean":0.0472991392016,"median":0,"min":0,"var":0.0450619272888},"spectral_centroid":{"dmean":209.505371094,"dmean2":335.209136963,"dvar":56481.3671875,"dvar2":129946.726562,"max":12155.3388672,"mean":1574.84484863,"median":1427.51220703,"min":276.64642334,"var":1080329.5},"spectral_complexity":{"dmean":3.45705461502,"dmean2":5.46227169037,"dvar":9.11650466919,"dvar2":21.1395244598,"max":55,"mean":26.4667263031,"median":27,"min":0,"var":96.2096710205},"spectral_contrast_coeffs":{"dmean":[0.0539361201227,0.0503640882671,0.0390447303653,0.0284820199013,0.0218693036586,0.0162569601089],"dmean2":[0.0893289297819,0.0836785957217,0.0652855709195,0.0477096699178,0.0360349081457,0.0257515404373],"dvar":[0.00188770797104,0.00156991311815,0.000945496314671,0.000508046592586,0.000341913837474,0.000222618837142],"dvar2":[0.00501414388418,0.0042126737535,0.00262678018771,0.00138212763704,0.000883937289473,0.000511899415869],"max":[-0.286268860102,-0.433851778507,-0.421590864658,-0.538733243942,-0.595040798187,-0.57370609045],"mean":[-0.636545658112,-0.748874664307,-0.786852955818,-0.792932569981,-0.778732836246,-0.741288840771],"median":[-0.640429198742,-0.757934451103,-0.792948365211,-0.797386407852,-0.783233523369,-0.738434314728],"min":[-0.983399569988,-0.984321177006,-0.981365561485,-0.971638321877,-0.96782040596,-0.965856492519],"var":[0.00859115831554,0.00589114334434,0.00355331110768,0.00222811824642,0.00200829026289,0.00190095824655]},"spectral_contrast_valleys":{"dmean":[0.418694794178,0.336024910212,0.293985873461,0.235733315349,0.191774830222,0.237292215228],"dmean2":[0.675963401794,0.565513193607,0.482319444418,0.380145162344,0.296733170748,0.328608393669],"dvar":[0.149616569281,0.0946552753448,0.0792463347316,0.0627947375178,0.0541545636952,0.101502798498],"dvar2":[0.324351549149,0.23000870645,0.177425339818,0.132123440504,0.0995477810502,0.19054491818],"max":[-5.79872989655,-4.60653495789,-4.98534297943,-5.37497901917,-5.69324874878,-7.17900896072],"mean":[-7.74863052368,-6.68766736984,-6.81932115555,-7.11249065399,-7.44325304031,-10.7530155182],"median":[-7.185338974,-6.34355783463,-6.53190422058,-6.82848215103,-7.12870407104,-10.3482103348],"min":[-28.1951007843,-28.0978050232,-27.7960796356,-27.5595474243,-27.4767818451,-27.4058151245],"var":[5.1059756279,4.99614858627,4.6651263237,4.47195959091,4.44703626633,4.07046794891]},"spectral_decrease":{"dmean":1.64067592845e-9,"dmean2":2.53004861506e-9,"dvar":3.41975324947e-18,"dvar2":7.81739776475e-18,"max":3.78964022909e-16,"mean":-5.97977312111e-9,"median":-5.54235723982e-9,"min":-2.51624072689e-8,"var":1.29792951275e-17},"spectral_energy":{"dmean":0.00656075170264,"dmean2":0.0100906929001,"dvar":0.0000535268336535,"dvar2":0.000122003955767,"max":0.0988848283887,"mean":0.0247583966702,"median":0.0230147521943,"min":9.98695058537e-21,"var":0.000216965097934},"spectral_energyband_high":{"dmean":0.000223109134822,"dmean2":0.000332946859999,"dvar":3.74765420474e-7,"dvar2":7.97849111223e-7,"max":0.0240030903369,"mean":0.000622146995738,"median":0.000272977165878,"min":7.00709543655e-21,"var":0.0000016363536588},"spectral_energyband_low":{"dmean":0.00237527955323,"dmean2":0.00379899330437,"dvar":0.0000120420090752,"dvar2":0.0000289795243589,"max":0.0531788766384,"mean":0.00469493959099,"median":0.00381799926981,"min":9.76674723916e-24,"var":0.0000219564881263},"spectral_energyband_middle_high":{"dmean":0.00236662151292,"dmean2":0.00370269874111,"dvar":0.00000904790431377,"dvar2":0.0000219076791836,"max":0.0593547672033,"mean":0.00878642871976,"median":0.00679338024929,"min":1.10802276885e-21,"var":0.0000527848387719},"spectral_energyband_middle_low":{"dmean":0.00513246236369,"dmean2":0.00812349934131,"dvar":0.0000401296783821,"dvar2":0.0000961883997661,"max":0.0801106318831,"mean":0.0123845180497,"median":0.00939331576228,"min":1.61629938063e-22,"var":0.000108558713691},"spectral_entropy":{"dmean":0.103194572031,"dmean2":0.160592213273,"dvar":0.0120371188968,"dvar2":0.0266793537885,"max":9.82771205902,"mean":7.65443658829,"median":7.64100313187,"min":4.43888998032,"var":0.150921940804},"spectral_flux":{"dmean":0.0170922596008,"dmean2":0.027406219393,"dvar":0.0002840825764,"dvar2":0.000710569845978,"max":0.23331540823,"mean":0.0867926180363,"median":0.0858079791069,"min":6.35405478233e-11,"var":0.00120265607256},"spectral_kurtosis":{"dmean":2.15865659714,"dmean2":3.72112178802,"dvar":6.91834354401,"dvar2":20.3020133972,"max":55.1027030945,"mean":6.25490570068,"median":5.28482198715,"min":-1.25987279415,"var":19.3818302155},"spectral_rms":{"dmean":0.000628305366263,"dmean2":0.000955432187766,"dvar":3.7264331354e-7,"dvar2":8.12925350147e-7,"max":0.00982206687331,"mean":0.00463957805187,"median":0.0047385036014,"min":3.12143648602e-12,"var":0.00000262885123448},"spectral_rolloff":{"dmean":358.09753418,"dmean2":591.076965332,"dvar":366389.03125,"dvar2":831266.9375,"max":21727.0019531,"mean":2010.76330566,"median":1636.5234375,"min":172.265625,"var":4980057.5},"spectral_skewness":{"dmean":0.225420057774,"dmean2":0.379546701908,"dvar":0.050564583391,"dvar2":0.142549261451,"max":5.67456579208,"mean":1.59350728989,"median":1.58273208141,"min":-0.094820022583,"var":0.210506796837},"spectral_spread":{"dmean":336009,"dmean2":497972.8125,"dvar":409789661184,"dvar2":849564729344,"max":52073104,"mean":3794232.25,"median":3321746.25,"min":1222878.875,"var":15208055570400},"spectral_strongpeak":{"dmean":0.702394366264,"dmean2":1.18831336498,"dvar":0.977436542511,"dvar2":2.52175378799,"max":12.0320940018,"mean":1.20296156406,"median":0.607002615929,"min":0,"var":2.02558326721},"zerocrossingrate":{"dmean":0.00694122770801,"dmean2":0.00858302973211,"dvar":0.0000869343493832,"dvar2":0.000127094535856,"max":0.72607421875,"mean":0.0689840093255,"median":0.05908203125,"min":0.01220703125,"var":0.00338985119015}},"metadata":{"audio_properties":{"analysis_sample_rate":44100,"bit_rate":0,"codec":"flac","downmix":"mix","equal_loudness":0,"length":255.733337402,"lossless":true,"md5_encoded":"22ccffa0c9d6f890a8f48a7d419e5429","replay_gain":-13.3423233032},"tags":{"acoustid_id":["dd776d9f-f80c-44e7-bec0-16d5d778cc05"],"album":["Greatest Kiss"],"albumartist":["KISS"],"albumartistsort":["KISS"],"artist":["KISS"],"artists":["KISS"],"artistsort":["KISS"],"asin":["B000005RYK"],"barcode":["731453429925"],"catalognumber":["534 299-2"],"composer":["Paul Stanley"],"composersort":["Stanley, Paul"],"date":["1996-11-28"],"discnumber":["1"],"disctotal":["1"],"file_name":"13 God of Thunder.flac","genre":["Hard Rock"],"grouping":["Rock"],"isrc":["USPR37609136"],"label":["Mercury"],"language":["eng"],"media":["CD"],"musicbrainz_albumartistid":["e1f1e33e-2e4c-4d43-b91b-7064068d3283"],"musicbrainz_albumid":["7566242e-c2f6-46ab-8584-93c7da59d08c"],"musicbrainz_artistid":["e1f1e33e-2e4c-4d43-b91b-7064068d3283"],"musicbrainz_recordingid":["b73dccb5-2d6a-44d1-b2e1-580e2bc085f0"],"musicbrainz_releasegroupid":["7ee95e7f-8ba2-3945-a49d-fe8f40a3db5c"],"musicbrainz_releasetrackid":["d9fe4534-7729-3b42-8ad8-e8b796fcdd52"],"musicbrainz_workid":["75a72144-fbcf-3c3f-aabd-e85dec885cad"],"originaldate":["1996-11-11"],"originalyear":["1996"],"performer":["Gene Simmons (lead vocals)"],"releasecountry":["AT"],"releasestatus":["official"],"releasetype":["album","compilation"],"replaygain_album_gain":["-7.42 dB"],"replaygain_album_peak":["0.999969"],"replaygain_track_gain":["-8.05 dB"],"replaygain_track_peak":["0.944153"],"script":["Latn"],"title":["God of Thunder"],"totaldiscs":["1"],"totaltracks":["20"],"tracknumber":["13"],"tracktotal":["20"],"work":["God of Thunder"]},"version":{"essentia":"2.1-beta1","essentia_build_sha":"ed039d7e5a6e3dec64cf0be7c36ef885fb432306","essentia_git_sha":"v2.1_beta1-7-ge0e83e8","extractor":"music 1