{"lowlevel":{"average_loudness":0.934591591358,"barkbands":{"dmean":[0.00188739784062,0.00484046898782,0.00173854734749,0.00133635394741,0.00119935791008,0.00151839561295,0.00177730200812,0.000741975964047,0.000963221129496,0.00113491108641,0.000800695212092,0.00157019938342,0.00121292052791,0.00100710405968,0.000522871676367,0.000268963776762,0.000195583415916,0.000175788329216,0.000137843831908,0.000110771616164,0.0000979274627753,0.0000654880059301,0.0000244682250923,0.00000397657595386,0.00000231034346143,0.0000173498847289,0.000503303017467],"dmean2":[0.00303560355678,0.00817829277366,0.00297263148241,0.00225064205006,0.00201653968543,0.0024928022176,0.00280781672336,0.00123318319675,0.00157505390234,0.00186096830294,0.00132655142806,0.00262108584866,0.00202294508927,0.00166577054188,0.000866594200488,0.000443252123659,0.000324811204337,0.000286477414193,0.000215738022234,0.000171259729541,0.000143363067764,0.000094803974207,0.0000366260137525,0.00000625076472716,0.00000382047619496,0.0000259680891759,0.00079130398808],"dvar":[0.0000244900966209,0.0000736463553039,0.00000949630066316,0.00000506107789988,0.0000047058842938,0.00000913986878004,0.000013337305063,0.00000201753960027,0.00000297606857202,0.00000427706754635,0.00000283170516013,0.00000484792144562,0.00000237357949118,0.00000232410434364,5.57908947485e-7,1.66433338222e-7,7.02841020939e-8,9.80587913091e-8,8.21635453008e-8,8.36277180838e-8,5.73687515271e-8,2.00710523757e-8,2.36639530193e-9,4.57078715155e-11,1.41475060833e-11,1.40319555975e-9,3.9130381424e-7],"dvar2":[0.0000574265613977,0.000197150788154,0.0000256492039625,0.0000134181600515,0.0000121952107293,0.0000223310416914,0.0000304360819428,0.00000528606506123,0.00000753136282583,0.0000108165395432,0.00000719962417861,0.0000126473660202,0.00000636044660496,0.0000057865099734,0.00000141793259445,4.222851544e-7,1.76398103235e-7,2.40305496391e-7,1.81490321438e-7,1.9293797493e-7,1.16155760566e-7,4.01409749884e-8,5.36243938143e-9,9.96145180232e-11,3.58613382045e-11,3.36194849737e-9,9.03860438939e-7],"max":[0.0738420933485,0.119516633451,0.0591762587428,0.0539734512568,0.0503967218101,0.0643368661404,0.096798889339,0.0459452234209,0.0303979832679,0.0393925905228,0.0516269765794,0.0649822205305,0.0249723885208,0.0572486892343,0.020049508661,0.0108987074345,0.00812048092484,0.0116661507636,0.0102522708476,0.0148309916258,0.00803489238024,0.0047296048142,0.00162170187104,0.000390192697523,0.000057496388763,0.000869470473845,0.0176243763417],"mean":[0.00200599804521,0.00620726123452,0.00213906494901,0.00188674801029,0.00180138018914,0.00236322847195,0.00306417024694,0.00110215181485,0.00147476349957,0.00184676423669,0.00122288893908,0.00290415296331,0.00227119959891,0.00193634047173,0.0010482306825,0.000576228834689,0.000436738744611,0.000384054088499,0.000311091716867,0.000249369768426,0.00021580363682,0.000124438141938,0.0000444776596851,0.0000064023925006,0.00000252462723438,0.0000317908925354,0.00206388835795],"median":[0.000345503445715,0.00327346357517,0.00106474920176,0.0007085618563,0.00102728838101,0.00114194047637,0.00116127240472,0.000560707470868,0.000689278705977,0.000848049938213,0.000664316292387,0.00213695550337,0.00177541188896,0.00133797095623,0.000763104762882,0.000412132416386,0.000352294213371,0.000230289559113,0.000181849172805,0.000136517599458,0.000108236898086,0.0000539889515494,0.0000232390557358,0.00000323817903336,0.00000107547452899,0.0000154418303282,0.00180256774183],"min":[7.12014020139e-25,2.25922209912e-24,1.16220283786e-24,1.1180010878e-24,1.09943078933e-23,7.89713269429e-24,3.24228892351e-24,5.13309030014e-24,1.31279336727e-23,1.07693436958e-23,1.11814391106e-23,2.031262084e-23,2.15305416138e-23,3.49081205752e-23,3.42337770299e-23,6.21771772015e-23,5.9641393288e-23,5.42676980452e-23,9.09495408114e-23,1.49557021443e-22,2.08912720865e-22,2.64738185695e-22,4.0395416206e-22,5.516256671e-22,8.66680405312e-22,1.18785145349e-21,1.9911580301e-21],"var":[0.0000284982870653,0.000081471647718,0.0000114716976896,0.0000110810333354,0.00000676953277434,0.000017435701011,0.0000365233936463,0.00000345001603819,0.00000516260161021,0.0000089607137852,0.00000460466208096,0.0000103845068224,0.00000481830966237,0.00000561620208828,0.00000139601593219,4.35514181163e-7,1.84355215538e-7,2.57379440427e-7,2.2349500739e-7,1.87464522128e-7,1.49861293153e-7,4.55763959906e-8,4.17352419291e-9,8.91431234384e-11,1.58051124272e-11,2.18049023282e-9,0.0000031222978123]},"barkbands_crest":{"dmean":2.33447813988,"dmean2":3.89738297462,"dvar":4.54318141937,"dvar2":12.1330680847,"max":26.8677062988,"mean":7.48214149475,"median":6.57455348969,"min":2.34193229675,"var":11.3732299805},"barkbands_flatness_db":{"dmean":0.0174748115242,"dmean2":0.0275375787169,"dvar":0.000261560489889,"dvar2":0.000649641093332,"max":0.486712872982,"mean":0.104047171772,"median":0.0982685387135,"min":0.0213043875992,"var":0.00123948755208},"barkbands_kurtosis":{"dmean":1.7460873127,"dmean2":2.8183465004,"dvar":41.8294830322,"dvar2":101.297233582,"max":574.06036377,"mean":2.73325371742,"median":1.16427302361,"min":-1.78703284264,"var":82.8094406128},"barkbands_skewness":{"dmean":0.379437625408,"dmean2":0.611799359322,"dvar":0.199868232012,"dvar2":0.484120607376,"max":23.7818317413,"mean":1.22536170483,"median":1.06300020218,"min":-2.34806585312,"var":0.90300577879},"barkbands_spread":{"dmean":7.2413816452,"dmean2":11.5103139877,"dvar":43.4839744568,"dvar2":105.785186768,"max":122.631500244,"mean":39.2480773926,"median":38.0992202759,"min":0.897492051125,"var":261.722259521},"dissonance":{"dmean":0.0150511199608,"dmean2":0.0257653612643,"dvar":0.000231295096455,"dvar2":0.000660616031382,"max":0.500000119209,"mean":0.476084440947,"median":0.481488376856,"min":0.293633639812,"var":0.000410007429309},"dynamic_complexity":3.69000315666,"erbbands":{"dmean":[0.212478488684,0.889057815075,1.93113124371,3.1583814621,3.94949316978,4.12906122208,7.26962518692,14.4988985062,29.2821922302,15.6098833084,16.8879184723,20.9794769287,29.2033424377,27.2748661041,40.5013694763,60.0316123962,51.9997596741,42.9148979187,37.4627342224,18.4318943024,14.2578077316,10.3321990967,9.28014087677,8.0637512207,6.22737169266,5.0095539093,4.39351987839,3.82358956337,2.55973935127,1.27714860439,0.590842187405,0.131396725774,0.0482831336558,0.0260515064001,0.0165521092713,0.0118533344939,0.0250731166452,0.0665052011609,0.0389061793685,0.0122387092561],"dmean2":[0.359401971102,1.51569247246,3.29255843163,5.32359790802,6.62495326996,7.0028886795,12.1312589645,23.7507076263,46.2593803406,25.1457271576,27.9497413635,34.4240531921,47.7335929871,45.0014076233,66.5004653931,100.005905151,86.3872680664,70.8208618164,61.9814491272,30.4767723083,23.5204715729,17.0450706482,15.1341514587,12.6995573044,9.63831329346,7.76222038269,6.63350963593,5.54700803757,3.71736884117,1.83779776096,0.892466187477,0.196911409497,0.0780087634921,0.0430760122836,0.0273255966604,0.0190548561513,0.0356759391725,0.0903401970863,0.0530922226608,0.0192789174616],"dvar":[0.25673982501,1.60885310173,9.89291191101,28.3120365143,50.9340667725,65.4206085205,227.263565063,905.894775391,3881.34008789,990.637084961,1051.22253418,1608.3626709,2891.19628906,2580.14453125,5318.37255859,6610.59375,4326.56884766,4373.71630859,2716.7800293,842.486083984,489.986480713,197.399200439,281.345977783,237.569763184,205.845016479,177.393692017,146.098373413,72.4442977905,32.0400886536,7.2375202179,1.48345124722,0.0608046986163,0.00548952305689,0.00178836460691,0.000715398869943,0.000295055826427,0.00222452427261,0.0209386236966,0.00507442140952,0.000206406009966],"dvar2":[0.682823956013,4.44078350067,26.8078479767,75.9139785767,133.605575562,167.676391602,570.263366699,2198.51733398,8907.16796875,2352.79467773,2745.28808594,4105.40527344,7428.09765625,6462.53759766,13635.3349609,17483.3964844,11650.8457031,10798.9882812,6863.06396484,2179.76098633,1265.92285156,481.692230225,699.65612793,548.325439453,451.471099854,392.055847168,317.136688232,148.41645813,65.915977478,13.5868911743,3.47283864021,0.123959772289,0.013224016875,0.00453801685944,0.00180970889051,0.000718134222552,0.00462833186612,0.0410122610629,0.00977268628776,0.000495848769788],"max":[8.09089374542,14.0048437119,50.9598121643,159.7159729,181.740203857,218.039016724,394.368865967,693.289794922,1716.86889648,1421.02380371,980.835144043,799.549560547,1014.84399414,1337.54431152,1630.96240234,1562.59423828,1214.19946289,2949.06933594,1629.9317627,783.225524902,598.184570312,511.4972229,734.592834473,505.838317871,619.643676758,562.461181641,485.352325439,268.628234863,216.902633667,174.565170288,30.4038715363,16.3729858398,1.63868451118,0.649109125137,0.405816555023,0.268229871988,1.06018197536,2.71624994278,2.44585752487,0.400197595358],"mean":[0.231042981148,1.18887138367,2.54821801186,4.66297149658,5.79884052277,5.79466915131,10.8219842911,22.9547519684,49.5518035889,27.3680858612,26.8696193695,32.7154388428,48.8485717773,48.4748001099,71.9963150024,118.240386963,105.904983521,90.1747055054,79.8861541748,42.0733985901,32.7446937561,25.2339191437,21.0841674805,18.5625572205,14.2135219574,11.552110672,9.68116760254,7.98402357101,4.88294649124,2.44611406326,1.06248867512,0.249028354883,0.0649970918894,0.0292727742344,0.0184621345252,0.0168016180396,0.0533123388886,0.149457812309,0.13357655704,0.0601136796176],"median":[0.0846834853292,0.668273806572,1.41541385651,2.1793961525,2.6523103714,3.22115898132,5.600233078,10.8791007996,17.4582633972,14.240735054,14.3516149521,15.8550815582,24.7773628235,27.4386730194,47.8069839478,92.6958770752,86.9294586182,68.3950500488,61.0164070129,31.1109447479,24.5183601379,20.754989624,13.3395586014,10.9121932983,8.29830169678,6.3327832222,4.87793016434,3.91268467903,2.11822867393,1.18018531799,0.539882421494,0.128439754248,0.0324933752418,0.0132587263361,0.0081095835194,0.00933152809739,0.0273828413337,0.0701504424214,0.0783003792167,0.0584090873599],"min":[5.92638129043e-23,5.21869581319e-22,2.65575524312e-21,4.96886343829e-21,1.61485317266e-20,3.23571051334e-20,3.50651749054e-20,5.90560299206e-20,8.31415001807e-20,7.40189064835e-20,2.17753667743e-19,3.22919265323e-19,5.61009504468e-19,6.18186968443e-19,1.08551759645e-18,9.19953984732e-19,1.12211341092e-18,2.22349457377e-18,2.8900180998e-18,2.98639766926e-18,4.09221138281e-18,4.31474736941e-18,4.84318632707e-18,5.30046996766e-18,6.1096635378e-18,6.95859486456e-18,9.09948387363e-18,8.17273801229e-18,8.85395185241e-18,1.01552045633e-17,1.10092213964e-17,1.07677715115e-17,9.13501045376e-18,7.87624256634e-18,5.78974854076e-18,4.07239378969e-18,2.11349857745e-18,1.03083558129e-18,2.33468186526e-19,2.6440535859e-20],"var":[0.239291712642,2.18323898315,12.6532354355,52.9379997253,86.4778823853,88.7907180786,372.338500977,1735.1973877,9959.40234375,2800.51245117,1887.29553223,2682.85546875,5439.59765625,5136.95556641,9618.546875,14167.3320312,9402.43652344,10232.4248047,7144.45361328,2314.63110352,1277.82055664,588.307983398,717.934753418,684.459228516,495.41796875,423.83706665,341.125244141,180.619308472,71.4680252075,15.766749382,2.44685840607,0.137083977461,0.00825252756476,0.00201084301807,0.000810865836684,0.000458590162452,0.00518741179258,0.048977676779,0.0320598743856,0.00190466467757]},"erbbands_crest":{"dmean":2.39607143402,"dmean2":3.94923233986,"dvar":4.76054430008,"dvar2":12.0642175674,"max":29.6591911316,"mean":8.56414890289,"median":7.79787635803,"min":2.31150650978,"var":12.2954301834},"erbbands_flatness_db":{"dmean":0.017897458747,"dmean2":0.0271915886551,"dvar":0.000220436719246,"dvar2":0.000491831218824,"max":0.346659988165,"mean":0.155656099319,"median":0.152472615242,"min":0.0376926027238,"var":0.00116909143981},"erbbands_kurtosis":{"dmean":0.959089517593,"dmean2":1.54088914394,"dvar":1.5661226511,"dvar2":3.65092325211,"max":39.1488685608,"mean":1.05474483967,"median":0.620160102844,"min":-1.69897556305,"var":3.8227865696},"erbbands_skewness":{"dmean":0.305979281664,"dmean2":0.483564466238,"dvar":0.0762234479189,"dvar2":0.179476037621,"max":5.38440418243,"mean":0.0147471511737,"median":-0.042791750282,"min":-3.61413526535,"var":0.424215197563},"erbbands_spread":{"dmean":4.97356987,"dmean2":7.73510980606,"dvar":24.3219146729,"dvar2":57.1571655273,"max":106.675498962,"mean":23.602519989,"median":21.6949539185,"min":2.52396225929,"var":110.850830078},"gfcc":{"cov":[[26678.5566406,1196.48962402,-1828.83544922,-212.333587646,289.746551514,-252.727798462,555.617431641,-635.179870605,172.828155518,-49.727268219,-133.912246704,-96.6353302002,-170.8543396],[1196.48962402,706.57220459,-81.19972229,-213.940612793,78.5060958862,3.23282980919,-40.8312911987,-32.1274452209,32.3862762451,-23.3690643311,19.2862892151,-50.5316009521,51.2407035828],[-1828.83544922,-81.19972229,436.753845215,133.414840698,-92.8478088379,65.0375213623,-113.182739258,92.1090698242,-34.4046516418,-8.36085987091,14.06320858,35.5165710449,-12.7213592529],[-212.333587646,-213.940612793,133.414840698,291.301208496,35.5601158142,-49.7359771729,66.5048217773,-24.1348361969,-8.66374206543,-23.6097621918,-5.39362764359,38.6240692139,-64.6536331177],[289.746551514,78.5060958862,-92.8478088379,35.5601158142,236.582244873,40.9706840515,79.1082611084,-24.1641254425,13.420920372,3.67115306854,-1.0940874815,-39.3101577759,32.8307495117],[-252.727798462,3.23282980919,65.0375213623,-49.7359771729,40.9706840515,205.716506958,-32.7045402527,65.8399810791,-16.0361003876,26.0935897827,-9.29237747192,-10.6900062561,45.7193870544],[555.617431641,-40.8312911987,-113.182739258,66.5048217773,79.1082611084,-32.7045402527,196.750610352,-44.8235092163,49.8727149963,-0.309535503387,-10.7085666656,21.8081951141,-23.7468605042],[-635.179870605,-32.1274452209,92.1090698242,-24.1348361969,-24.1641254425,65.8399810791,-44.8235092163,145.731674194,12.1008653641,32.7457313538,9.97405719757,-23.4276847839,39.9384498596],[172.828155518,32.3862762451,-34.4046516418,-8.66374206543,13.420920372,-16.0361003876,49.8727149963,12.1008653641,115.47202301,46.1399040222,1.48309850693,6.92999839783,-19.1647472382],[-49.727268219,-23.3690643311,-8.36085987091,-23.6097621918,3.67115306854,26.0935897827,-0.309535503387,32.7457313538,46.1399040222,94.9287261963,41.5656929016,-1.72543728352,16.7282466888],[-133.912246704,19.2862892151,14.06320858,-5.39362764359,-1.0940874815,-9.29237747192,-10.7085666656,9.97405719757,1.48309850693,41.5656929016,84.9535217285,36.7849197388,13.4743509293],[-96.6353302002,-50.5316009521,35.5165710449,38.6240692139,-39.3101577759,-10.6900062561,21.8081951141,-23.4276847839,6.92999839783,-1.72543728352,36.7849197388,90.7423248291,2.48420023918],[-170.8543396,51.2407035828,-12.7213592529,-64.6536331177,32.8307495117,45.7193870544,-23.7468605042,39.9384498596,-19.1647472382,16.7282466888,13.4743509293,2.48420023918,100.371841431]],"icov":[[0.0000712691398803,-0.000217543492909,0.000440979812993,-0.000347727560438,0.000212174723856,-0.000174186949152,0.0000237499589275,0.0000309425195155,0.0000711328830221,-0.000143089157064,0.000130111235194,-0.0000594935663685,0.0000889621733222],[-0.000217543492909,0.00348493503407,-0.00241064210422,0.00322265247814,-0.00122896151152,0.000400146178436,-0.0000690022643539,0.00211697607301,-0.00328856520355,0.00425417954102,-0.00392427481711,0.00333384680562,-0.00191067182459],[0.000440979812993,-0.00241064210422,0.00862009823322,-0.00676945969462,0.00325929489918,-0.00322644296102,0.00328040355816,-0.00287184095941,0.00063629145734,-0.000451577274362,0.000841927307192,-0.00229396903887,0.00117622932885],[-0.000347727560438,0.00322265247814,-0.00676945969462,0.0129135819152,-0.00732405204326,0.00531085208058,-0.0024321989622,-0.00132880080491,0.00319706345908,-0.00153405056335,0.00313290092163,-0.00542874680832,0.00573283340782],[0.000212174723856,-0.00122896151152,0.00325929489918,-0.00732405204326,0.0130899548531,-0.00647111656144,-0.00303739705123,0.00580648100004,-0.00590963847935,0.00623794645071,-0.00917971134186,0.0130566190928,-0.00893795862794],[-0.000174186949152,0.000400146178436,-0.00322644296102,0.00531085208058,-0.00647111656144,0.0105697354302,0.000336839730153,-0.00518648745492,0.00606822036207,-0.0073259389028,0.00870912987739,-0.00816397741437,0.00336929922923],[0.0000237499589275,-0.0000690022643539,0.00328040355816,-0.0024321989622,-0.00303739705123,0.000336839730153,0.0103224804625,-0.00121680030134,-0.00228238292038,-0.000593822624069,0.00319073209539,-0.00551983527839,0.00206262408756],[0.0000309425195155,0.00211697607301,-0.00287184095941,-0.00132880080491,0.00580648100004,-0.00518648745492,-0.00121680030134,0.0174171607941,-0.00948002468795,0.00656026648358,-0.0105572007596,0.0150207597762,-0.0108610056341],[0.0000711328830221,-0.00328856520355,0.00063629145734,0.00319706345908,-0.00590963847935,0.00606822036207,-0.00228238292038,-0.00948002468795,0.0240550674498,-0.0195654146373,0.0166687183082,-0.0164143480361,0.0123634207994],[-0.000143089157064,0.00425417954102,-0.000451577274362,-0.00153405056335,0.00623794645071,-0.0073259389028,-0.000593822624069,0.00656026648358,-0.0195654146373,0.0336423330009,-0.0255603119731,0.0195271689445,-0.0113096730784],[0.000130111235194,-0.00392427481711,0.000841927307192,0.00313290092163,-0.00917971134186,0.00870912987739,0.00319073209539,-0.0105572007596,0.0166687183082,-0.0255603119731,0.0377243533731,-0.0275166966021,0.0114002311602],[-0.0000594935663685,0.00333384680562,-0.00229396903887,-0.00542874680832,0.0130566190928,-0.00816397741437,-0.00551983527839,0.0150207597762,-0.0164143480361,0.0195271689445,-0.0275166966021,0.0391683988273,-0.0170896518975],[0.0000889621733222,-0.00191067182459,0.00117622932885,0.00573283340782,-0.00893795862794,0.00336929922923,0.00206262408756,-0.0108610056341,0.0123634207994,-0.0113096730784,0.0114002311602,-0.0170896518975,0.0242681801319]],"mean":[7.71066761017,84.7192306519,-109.151771545,-11.6800556183,-7.66958379745,-21.1003036499,9.50878238678,-30.4203300476,4.27371692657,-5.41967487335,-0.962209820747,1.58436787128,-12.0553951263]},"hfc":{"dmean":54.1018867493,"dmean2":86.9368133545,"dvar":3550.68457031,"dvar2":8953.75488281,"max":935.983215332,"mean":252.259017944,"median":268.118377686,"min":1.04275665185e-16,"var":23177.5097656},"melbands":{"dmean":[0.00162390072364,0.00101361586712,0.000552450015675,0.000258051266428,0.000237243541051,0.000333997246344,0.000408319174312,0.000162468262715,0.000150891457452,0.000129654290504,0.000156098802108,0.000123600868392,0.000121296594443,0.000166389829246,0.000193464569747,0.0000928651206777,0.0000907349967747,0.0000741991825635,0.0000388705229852,0.0000187251534953,0.0000185761382454,0.000012325467651,0.0000092385807875,0.00000882328822627,0.00000710139329385,0.00000527733391209,0.00000426261976827,0.00000354933922608,0.00000310649693347,0.00000251960113928,0.00000231990452448,0.00000169329484834,9.8291127415e-7,6.86478301759e-7,4.38535579406e-7,1.32175145495e-7,6.33859542631e-8,3.61052592268e-8,2.54811372002e-8,2.09380210947e-8],"dmean2":[0.0027094038669,0.00171958387364,0.000923390209209,0.000433570792666,0.000396317918785,0.000543814327102,0.000644574000034,0.000264009810053,0.00024965533521,0.000211769685848,0.000255081889918,0.000203853327548,0.000199769245228,0.000275172729744,0.000323415501043,0.00015508843353,0.000150611522258,0.000123041056213,0.0000644231986371,0.0000308537237288,0.0000308882918034,0.0000205493088288,0.0000153412129293,0.0000144053392432,0.0000113270298243,0.00000833458670968,0.00000673364684189,0.0000056148933254,0.00000482309314975,0.00000379506263926,0.00000345504940924,0.00000252651193478,0.00000146291040437,0.00000102227602383,6.83442920035e-7,1.98613804514e-7,9.89434454368e-8,5.87827351239e-8,4.21086987501e-8,3.46881492419e-8],"dvar":[0.0000116843202704,0.00000207171910915,7.92490823187e-7,2.15682788962e-7,2.21830561031e-7,4.43467769173e-7,7.07070739736e-7,1.0244810511e-7,7.96404791004e-8,6.08272472391e-8,8.18517591483e-8,5.23267935648e-8,5.81505652519e-8,6.39354240661e-8,7.08208958144e-8,1.42000367021e-8,2.16620286153e-8,1.15975664627e-8,3.77935993612e-9,8.7942764182e-10,8.56829218687e-10,2.65810595756e-10,2.17352288945e-10,2.85798384958e-10,1.87006604646e-10,1.32421004717e-10,8.54871659572e-11,1.01579585021e-10,7.99994723244e-11,4.1853728816e-11,2.65168668273e-11,1.41487360023e-11,5.32382471441e-12,1.91842874052e-12,9.40000247779e-13,6.5222499168e-14,1.52975115892e-14,3.17406814028e-15,1.6125650196e-15,1.18828462813e-15],"dvar2":[0.0000304902714561,0.00000561308706892,0.00000210232724385,5.64398192182e-7,5.60700414098e-7,0.00000107538835437,0.00000162703520346,2.51600539514e-7,2.07859983448e-7,1.550964015e-7,2.09348812064e-7,1.30537330278e-7,1.49144128159e-7,1.62909600476e-7,1.85586742418e-7,3.79181663845e-8,5.32349382354e-8,2.90937425262e-8,9.44016775861e-9,2.19007567637e-9,2.21483276164e-9,6.79086009647e-10,5.57075718888e-10,7.16588455241e-10,4.46839398816e-10,2.96232011143e-10,1.91979293573e-10,2.34848945846e-10,1.88599080797e-10,8.89475715304e-11,5.76043310274e-11,3.04320041389e-11,1.04958168892e-11,4.01184510959e-12,2.33645091122e-12,1.33861224514e-13,3.3948490991e-14,7.70273212212e-15,4.07702537909e-15,3.01715825142e-15],"max":[0.0528203845024,0.0199217423797,0.0227268729359,0.0101795922965,0.0137266488746,0.0145204877481,0.0226524975151,0.0128782633692,0.00719979126006,0.00546568026766,0.00527285505086,0.00496352277696,0.00655444152653,0.00912108737975,0.00518402829766,0.00196871324442,0.00677479291335,0.00344025040977,0.00224715354852,0.000978150172159,0.000885151152033,0.000457909249235,0.000526434043422,0.000743569806218,0.000486515986267,0.00038781639887,0.000388802116504,0.000447507889476,0.000434856017819,0.000233571307035,0.000166204379639,0.000157818067237,0.00010956593178,0.0000823826194392,0.0000195083757717,0.0000117284371299,0.0000087973967311,9.4156268915e-7,5.96676557052e-7,5.29933174676e-7],"mean":[0.00200191326439,0.00144988601096,0.000874587800354,0.000389327673474,0.000357750279363,0.00053733662935,0.000707565865014,0.00027030686033,0.000231572790653,0.000199709116714,0.000254706770647,0.000206804019399,0.000200241425773,0.000300239422359,0.000334980693879,0.000179071415914,0.000171435181983,0.000143404962728,0.0000758601163398,0.0000391081848647,0.0000383568876714,0.0000269549054792,0.0000196684995899,0.0000181747291208,0.0000148742592501,0.0000110026767288,0.0000089489203674,0.00000738709786674,0.00000623036248726,0.00000519926607012,0.00000442063901573,0.00000302473767988,0.00000176211324288,0.00000122057167573,7.16721388017e-7,2.50957015169e-7,1.03186778233e-7,4.5573859353e-8,2.87889356798e-8,2.25752554428e-8],"median":[0.0009222663939,0.000888981914613,0.000431009510066,0.000217417444219,0.000191597355297,0.000255633058259,0.000259215245023,0.000139285693876,0.000113290036097,0.0000939323072089,0.000121841098007,0.000105433049612,0.000120701311971,0.000210662663449,0.00024653392029,0.000143243785715,0.000120399927255,0.000101614474261,0.000051696843002,0.0000269852935162,0.0000275654347206,0.0000217940814764,0.000013710678104,0.0000100477518572,0.0000084496123236,0.00000621750223218,0.00000497112341691,0.0000038696248339,0.00000304624018099,0.00000251065580414,0.00000209593054024,0.00000129344789457,7.15910232429e-7,6.14271129962e-7,3.52046981789e-7,1.22551384152e-7,5.03612334057e-8,2.06137151793e-8,1.28587789305e-8,9.34323018953e-9],"min":[8.19587530517e-25,8.92420888529e-25,1.63830080594e-24,1.16767003836e-24,9.89384022517e-25,1.53185664855e-24,1.07751437956e-24,8.93139639421e-25,1.87344860608e-24,1.81958873335e-24,2.52612214235e-24,2.52414841237e-24,2.76187006843e-24,2.66254400021e-24,2.61435899561e-24,2.52065316691e-24,3.28305705788e-24,3.57852865702e-24,2.61457612958e-24,3.33179978713e-24,4.71445956711e-24,3.07816956762e-24,3.43455917523e-24,2.32506043027e-24,3.77139962632e-24,3.7765997974e-24,3.45307886827e-24,3.789813612e-24,4.43520793426e-24,4.93453361587e-24,3.69979827182e-24,4.2105293044e-24,5.1194536561e-24,4.37522689533e-24,5.41566895386e-24,5.084776514e-24,5.66787291286e-24,5.36987833933e-24,5.36652370833e-24,6.03673677796e-24],"var":[0.0000122292995002,0.0000030486507967,0.00000166782353972,3.169158731e-7,3.54288800963e-7,8.86949180767e-7,0.00000189863385458,2.63951477564e-7,1.44632764432e-7,1.01925962781e-7,1.56837771215e-7,1.06969203273e-7,9.67066782209e-8,1.38866298016e-7,1.31667405867e-7,2.93867952195e-8,4.70580800993e-8,2.89642869689e-8,9.69319735589e-9,2.22830087715e-9,1.9950585628e-9,6.80275447085e-10,5.18584841736e-10,6.80059897284e-10,4.75002148725e-10,3.20321102976e-10,1.95733540487e-10,2.07378489381e-10,1.53654255985e-10,9.90930601463e-11,5.64056995556e-11,2.91505361516e-11,1.09357852635e-11,3.63384496105e-12,1.26698770832e-12,1.53357090481e-13,2.72708406828e-14,4.55971938606e-15,1.89339011117e-15,1.30928561399e-15]},"melbands_crest":{"dmean":3.99483132362,"dmean2":6.63811922073,"dvar":14.5235691071,"dvar2":37.3574752808,"max":39.9348564148,"mean":12.0504102707,"median":10.7681360245,"min":1.03435957432,"var":32.1709403992},"melbands_flatness_db":{"dmean":0.0245714839548,"dmean2":0.0387472994626,"dvar":0.000474506552564,"dvar2":0.00117817916907,"max":0.534545242786,"mean":0.195028290153,"median":0.191621214151,"min":0.00000852992889122,"var":0.00268969824538},"melbands_kurtosis":{"dmean":2.87138319016,"dmean2":4.71129846573,"dvar":120.004562378,"dvar2":304.49822998,"max":960.217651367,"mean":3.73132658005,"median":0.910592079163,"min":-1.76462161541,"var":226.383956909},"melbands_skewness":{"dmean":0.566001653671,"dmean2":0.908530652523,"dvar":0.365102887154,"dvar2":0.899530529976,"max":30.1264610291,"mean":1.36795723438,"median":1.14674854279,"min":-1.96475553513,"var":1.36775934696},"melbands_spread":{"dmean":6.49555635452,"dmean2":10.4644193649,"dvar":44.4017791748,"dvar2":107.275100708,"max":190.813568115,"mean":31.342256546,"median":30.3496341705,"min":0.429291814566,"var":264.534576416},"mfcc":{"cov":[[12851.2998047,1818.36462402,-1547.66467285,551.931213379,-466.147796631,718.599121094,2.65050125122,97.400138855,46.6464157104,168.31892395,33.355670929,70.8752746582,-153.664352417],[1818.36462402,1166.64257812,-242.075057983,-87.2789993286,30.2188987732,69.4043273926,-23.6149291992,-25.9022159576,28.6291637421,-2.15270280838,9.77540874481,10.1638507843,19.8559951782],[-1547.66467285,-242.075057983,552.407348633,-61.2304077148,79.8395385742,-125.658660889,-36.9310569763,21.2101478577,-53.6291618347,-42.6468658447,3.47656917572,-15.0460920334,43.0457954407],[551.931213379,-87.2789993286,-61.2304077148,395.460479736,-74.3848419189,74.9465179443,-14.9703731537,65.4224319458,-64.1863708496,18.8621559143,7.85466146469,-22.6962718964,-3.59152078629],[-466.147796631,30.2188987732,79.8395385742,-74.3848419189,204.364883423,-18.8300991058,57.2690620422,-30.008108139,34.1842880249,-8.30313777924,3.1714193821,4.00546550751,1.92754685879],[718.599121094,69.4043273926,-125.658660889,74.9465179443,-18.8300991058,191.523544312,22.3403949738,41.1371650696,6.31841850281,18.5402698517,-3.06976294518,13.8278341293,-17.0961036682],[2.65050125122,-23.6149291992,-36.9310569763,-14.9703731537,57.2690620422,22.3403949738,128.197433472,1.66802549362,29.7014732361,-15.9848461151,-4.40962505341,0.593066632748,-7.2201795578],[97.400138855,-25.9022159576,21.2101478577,65.4224319458,-30.008108139,41.1371650696,1.66802549362,100.013946533,-1.62473416328,8.72161769867,-11.8819522858,-9.37218761444,1.33110821247],[46.6464157104,28.6291637421,-53.6291618347,-64.1863708496,34.1842880249,6.31841850281,29.7014732361,-1.62473416328,122.334838867,39.5770530701,8.34526062012,9.83738231659,-17.7786312103],[168.31892395,-2.15270280838,-42.6468658447,18.8621559143,-8.30313777924,18.5402698517,-15.9848461151,8.72161769867,39.5770530701,88.9700241089,38.4505805969,14.3609027863,-6.32690763474],[33.355670929,9.77540874481,3.47656917572,7.85466146469,3.1714193821,-3.06976294518,-4.40962505341,-11.8819522858,8.34526062012,38.4505805969,72.5655975342,26.0916786194,11.5193014145],[70.8752746582,10.1638507843,-15.0460920334,-22.6962718964,4.00546550751,13.8278341293,0.593066632748,-9.37218761444,9.83738231659,14.3609027863,26.0916786194,66.580619812,19.7931423187],[-153.664352417,19.8559951782,43.0457954407,-3.59152078629,1.92754685879,-17.0961036682,-7.2201795578,1.33110821247,-17.7786312103,-6.32690763474,11.5193014145,19.7931423187,68.2780685425]],"icov":[[0.000177889902261,-0.000235528917983,0.000239489949308,-0.000155420551891,0.000274843216175,-0.000284199370071,-0.0000777460008976,0.00000525869609191,0.0000539846878382,-0.0000958355740295,-0.00000947868556977,-0.000175176537596,0.00028000009479],[-0.000235528917983,0.00140158261638,0.000368770066416,0.000571234442759,-0.000891847303137,0.0000182248022611,0.000880881969351,-0.000200240436243,-0.000169142367668,0.000747853657231,-0.000568128714804,0.000744367949665,-0.00110799493268],[0.000239489949308,0.000368770066416,0.00365048996173,0.000437250622781,-0.00156132236589,0.00106060830876,0.00150870601647,-0.00233418680727,0.0011439525988,0.00131886452436,-0.00145934592001,0.000558885745704,-0.000827737501822],[-0.000155420551891,0.000571234442759,0.000437250622781,0.00392391672358,0.0000134976935442,-0.000666195526719,0.000128969812067,-0.00194641028065,0.00225998391397,-0.000770509825088,-0.00122315541375,0.00184055813588,-0.000510901329108],[0.000274843216175,-0.000891847303137,-0.00156132236589,0.0000134976935442,0.00781672634184,-0.000904579996131,-0.0036988905631,0.00266955932602,-0.00145182933193,-0.000787021883298,0.000527995638549,-0.000360629492206,0.000537095358595],[-0.000284199370071,0.0000182248022611,0.00106060830876,-0.000666195526719,-0.000904579996131,0.00833266414702,-0.000920486287214,-0.00326480763033,0.000812803569715,-0.000724086014088,0.000936971278861,-0.00258165760897,0.00146451208275],[-0.0000777460008976,0.000880881969351,0.00150870601647,0.000128969812067,-0.0036988905631,-0.000920486287214,0.0113890198991,-0.00167300156318,-0.00270068063401,0.00489421468228,-0.0020996320527,0.000682546815369,-0.000357943208655],[0.00000525869609191,-0.000200240436243,-0.00233418680727,-0.00194641028065,0.00266955932602,-0.00326480763033,-0.00167300156318,0.0146947121248,-0.00167837040499,-0.00277551915497,0.0038696792908,0.00124837516341,-0.00162592856213],[0.0000539846878382,-0.000169142367668,0.0011439525988,0.00225998391397,-0.00145182933193,0.000812803569715,-0.00270068063401,-0.00167837040499,0.0134749878198,-0.00694378837943,0.00149224349298,-0.00111679849215,0.00249724183232],[-0.0000958355740295,0.000747853657231,0.00131886452436,-0.000770509825088,-0.000787021883298,-0.000724086014088,0.00489421468228,-0.00277551915497,-0.00694378837943,0.0213191863149,-0.0109205059707,0.000176899106009,0.00106598681305],[-0.00000947868556977,-0.000568128714804,-0.00145934592001,-0.00122315541375,0.000527995638549,0.000936971278861,-0.0020996320527,0.0038696792908,0.00149224349298,-0.0109205059707,0.0228503644466,-0.00664809951559,-0.00162945967168],[-0.000175176537596,0.000744367949665,0.000558885745704,0.00184055813588,-0.000360629492206,-0.00258165760897,0.000682546815369,0.00124837516341,-0.00111679849215,0.000176899106009,-0.00664809951559,0.0213238205761,-0.00678901001811],[0.00028000009479,-0.00110799493268,-0.000827737501822,-0.000510901329108,0.000537095358595,0.00146451208275,-0.000357943208655,-0.00162592856213,0.00249724183232,0.00106598681305,-0.00162945967168,-0.00678901001811,0.0194307211787]],"mean":[-646.276184082,152.774932861,-39.1012878418,25.7759094238,-10.8984308243,26.1442718506,-3.19367694855,5.41878557205,-5.86642313004,1.60247778893,4.15836524963,4.71024417877,4.18896102905]},"pitch_salience":{"dmean":0.0642935484648,"dmean2":0.106114961207,"dvar":0.00339060998522,"dvar2":0.00883532036096,"max":0.994111418724,"mean":0.611262202263,"median":0.626001358032,"min":0.00639518396929,"var":0.00962229631841},"silence_rate_20dB":{"dmean":0,"dmean2":0,"dvar":0,"dvar2":0,"max":1,"mean":1,"median":1,"min":1,"var":0},"silence_rate_30dB":{"dmean":0.00887556187809,"dmean2":0.0177521891892,"dvar":0.00879551656544,"dvar2":0.0239110924304,"max":1,"mean":0.994183242321,"median":1,"min":0,"var":0.0057818046771},"silence_rate_60dB":{"dmean":0.00659670168534,"dmean2":0.0131941949949,"dvar":0.00655525457114,"dvar2":0.0148135125637,"max":1,"mean":0.100383788347,"median":0,"min":0,"var":0.0903022587299},"spectral_centroid":{"dmean":186.190582275,"dmean2":283.189971924,"dvar":38833.2304688,"dvar2":78821.96875,"max":11910.5712891,"mean":1476.87414551,"median":1331.43566895,"min":273.043701172,"var":1039875.1875},"spectral_complexity":{"dmean":3.34524726868,"dmean2":5.26076507568,"dvar":9.92672634125,"dvar2":21.8696689606,"max":62,"mean":27.2688293457,"median":29,"min":0,"var":154.362411499},"spectral_contrast_coeffs":{"dmean":[0.0526350699365,0.0504980459809,0.0387674979866,0.0299453958869,0.0193110685796,0.0435783453286],"dmean2":[0.0881026908755,0.0842873230577,0.0647512450814,0.050366140902,0.0323864780366,0.0669824257493],"dvar":[0.00173704198096,0.00159050431103,0.000940060068388,0.000558787607588,0.000252828060184,0.00134655588772],"dvar2":[0.00475099310279,0.00439053354785,0.00258386437781,0.00154475937597,0.000696271890774,0.00319791701622],"max":[-0.341364622116,-0.425354212523,-0.544680833817,-0.591311633587,-0.658617556095,-0.412584513426],"mean":[-0.701130926609,-0.754097878933,-0.789005041122,-0.78340536356,-0.807320356369,-0.683562338352],"median":[-0.702363967896,-0.75919932127,-0.790796637535,-0.781542181969,-0.805161952972,-0.678285956383],"min":[-0.983214974403,-0.994545280933,-0.9944460392,-0.985186636448,-0.985876321793,-0.965414583683],"var":[0.00630838936195,0.00511003937572,0.00310615962371,0.00239834119566,0.00108170171734,0.00655979011208]},"spectral_contrast_valleys":{"dmean":[0.405855715275,0.334098100662,0.277650237083,0.223137140274,0.204801499844,0.535266578197],"dmean2":[0.678372502327,0.559118628502,0.461914688349,0.372536659241,0.314236760139,0.852976441383],"dvar":[0.10774653405,0.0717995986342,0.0531009323895,0.0411881655455,0.0453636050224,0.215111672878],"dvar2":[0.282385677099,0.188828215003,0.134026393294,0.101761296391,0.0943844094872,0.545485913754],"max":[-5.25219583511,-4.5346364975,-4.95993185043,-5.54997682571,-5.3893032074,-9.0232629776],"mean":[-7.27542114258,-6.58781147003,-6.84565782547,-7.06521892548,-7.50886964798,-11.3806810379],"median":[-6.82131671906,-6.1179561615,-6.29894351959,-6.46848392487,-7.00922489166,-11.0404510498],"min":[-28.3719825745,-27.9731025696,-27.7822113037,-27.7471847534,-27.4873390198,-27.398525238],"var":[5.05787181854,5.2167057991,5.22914218903,5.31530046463,4.99121952057,3.52614021301]},"spectral_decrease":{"dmean":2.72835132265e-9,"dmean2":4.36626779177e-9,"dvar":1.19774545014e-17,"dvar2":2.95942856208e-17,"max":3.64843621981e-9,"mean":-6.21735729567e-9,"median":-5.54383472462e-9,"min":-5.03499961724e-8,"var":2.572048797e-17},"spectral_energy":{"dmean":0.0102582797408,"dmean2":0.016650006175,"dvar":0.000156000052812,"dvar2":0.000398286589189,"max":0.199559256434,"mean":0.0463465377688,"median":0.0502019412816,"min":9.94520381383e-21,"var":0.000678223790601},"spectral_energyband_high":{"dmean":0.000472546904348,"dmean2":0.000650328933261,"dvar":6.03936996413e-7,"dvar2":0.00000108136816834,"max":0.0212674066424,"mean":0.00179822300561,"median":0.0012718817452,"min":7.10249585681e-21,"var":0.00000395574397771},"spectral_energyband_low":{"dmean":0.0071174367331,"dmean2":0.0117544047534,"dvar":0.000142601886182,"dvar2":0.000363348925021,"max":0.180297702551,"mean":0.0108017874882,"median":0.00691736862063,"min":1.42782608999e-23,"var":0.00018521824677},"spectral_energyband_middle_high":{"dmean":0.00346511905082,"dmean2":0.00561931403354,"dvar":0.0000165177698364,"dvar2":0.0000423707679147,"max":0.0693674385548,"mean":0.012863855809,"median":0.0127602592111,"min":1.10059621772e-21,"var":0.0000754875509301},"spectral_energyband_middle_low":{"dmean":0.00457053352147,"dmean2":0.00734248524532,"dvar":0.0000348515713995,"dvar2":0.0000856623664731,"max":0.106570348144,"mean":0.0121120791882,"median":0.00974216219038,"min":1.58034171217e-22,"var":0.000114629954624},"spectral_entropy":{"dmean":0.111737236381,"dmean2":0.165927618742,"dvar":0.0116317700595,"dvar2":0.0255618933588,"max":9.81863117218,"mean":7.66184711456,"median":7.69227218628,"min":5.83694934845,"var":0.122099965811},"spectral_flux":{"dmean":0.0189764741808,"dmean2":0.0308913178742,"dvar":0.00048142761807,"dvar2":0.00122656871099,"max":0.379528701305,"mean":0.120557330549,"median":0.131333366036,"min":6.29659172025e-11,"var":0.00277528958395},"spectral_kurtosis":{"dmean":3.56101942062,"dmean2":5.23153066635,"dvar":18.7745494843,"dvar2":42.6451759338,"max":108.595718384,"mean":20.2321243286,"median":19.0341567993,"min":-1.26650226116,"var":77.100112915},"spectral_rms":{"dmean":0.000687801802997,"dmean2":0.00110544846393,"dvar":5.30165493728e-7,"dvar2":0.00000131526530822,"max":0.0139532061294,"mean":0.00625399686396,"median":0.0069983927533,"min":3.11490568582e-12,"var":0.00000610387178313},"spectral_rolloff":{"dmean":3234.45361328,"dmean2":6119.68896484,"dvar":39695020,"dvar2":95849352,"max":22050,"mean":17650.5449219,"median":20801.0742188,"min":21.533203125,"var":49742184},"spectral_skewness":{"dmean":0.292723327875,"dmean2":0.421863853931,"dvar":0.0943996086717,"dvar2":0.193389773369,"max":8.41244029999,"mean":2.99834442139,"median":2.93430805206,"min":-0.0973834097385,"var":0.572909295559},"spectral_spread":{"dmean":346613.125,"dmean2":532440.9375,"dvar":204261638144,"dvar2":431391375360,"max":43324316,"mean":4203821.5,"median":3825412.5,"min":1318623.25,"var":12332162875400},"spectral_strongpeak":{"dmean":5.12374639511,"dmean2":9.68733978271,"dvar":230.474609375,"dvar2":652.079345703,"max":130.961486816,"mean":4.00609111786,"median":0.41765615344,"min":0,"var":172.396072388},"zerocrossingrate":{"dmean":0.034029264003,"dmean2":0.0435855574906,"dvar":0.000857192731928,"dvar2":0.00136224972084,"max":0.7021484375,"mean":0.32345032692,"median":0.3232421875,"min":0,"var":0.0059680044651}},"metadata":{"audio_properties":{"analysis_sample_rate":44100,"bit_rate":320000,"codec":"mp3","downmix":"mix","equal_loudness":0,"length":387.186950684,"lossless":false,"md5_encoded":"588fb26202b5d7a422398e04dcf4fb90","replay_gain":-10.4047851562,"sample_rate":44100},"tags":{"album":["Ceremony"],"albumartist":["The Cult"],"albumartistsort":["Cult, The"],"artist":["The Cult"],"artistsort":["Cult, The"],"asin":["B000026I1Y"],"barcode":["607618012229"],"catalognumber":["BBL 122 CD"],"date":["1991"],"discnumber":["1/1"],"file_name":"01. The Cult - Ceremony.mp3","genre":["Classic Rock"],"label":["Beggars Banquet"],"musicbrainz album release country":["GB"],"musicbrainz album status":["official"],"musicbrainz album type":["album"],"musicbrainz_albumartistid":["8846e4ff-0c19-4af2-872b-7a8dc7497f68"],"musicbrainz_albumid":["d832e7b1-d7a6-424e-a16a-b2a8b356323a"],"musicbrainz_artistid":["8846e4ff-0c19-4af2-872b-7a8dc7497f68"],"musicbrainz_recordingid":["b7bc59de-ca4e-497c-b892-4add01db7943"],"musicip_puid":["d0fcec10-a380-2c72-dd9c-78e6ae5274a1"],"title":["Ceremony"],"tracknumber":["1/11"]},"version":{"essentia":"2.1-beta1","essentia_build_sha":"ca57ba49d9b1854bd80e60cf9ccf267278fb7d6b","essentia_git_sha":"v2.1_beta1-28-g21ef5f4-dirty","extractor":"music 1.0"}},"rhythm":{"beats_count":946,"beats_loudness":{"dmean":0.0153709929436,"dmean2":0.027262147516,"dvar":0.00024781250977,"dvar2":0.000738588743843,"max":0.129274025559,"mean":0.0507361032069,"median":0.0544060282409,"min":0,"var":0.000633753777947},"beats_loudness_band_ratio":{"dmean":[0.205105915666,0.0668991357088,0.0930952951312,0.0963390618563,0.0422046370804,0.10068975389],"dmean2":[0.365864872932,0.116559706628,0.164645582438,0.172585636377,0.0713275596499,0.170031666756],"dvar":[0.0253778863698,0.00405372586101,0.00966540258378,0.00663129845634,0.0017443196848,0.00749693904072],"dvar2":[0.0787500441074,0.0111056556925,0.0268806051463,0.0199416968971,0.00487533956766,0.0219710189849],"max":