{"lowlevel":{"average_loudness":0.602014124393,"barkbands":{"dmean":[0.0000243934027822,0.00267898850143,0.00244296831079,0.00333784380928,0.00200604158454,0.00132707203738,0.000674144714139,0.00065615773201,0.000422065902967,0.000524066796061,0.000236184700043,0.000288254290354,0.000156780166435,0.000118912677863,0.0000617479818175,0.0000591167627135,0.0000540704495506,0.0000477985704492,0.0000278857842204,0.0000314364224323,0.0000280689873762,0.0000284044690488,0.0000341120976373,0.0000298780869343,0.0000276797236438,0.0000521314468642,0.0000152360744323],"dmean2":[0.0000336919692927,0.00397139554843,0.0045244093053,0.00553381349891,0.00327696604654,0.00213133031502,0.0010308510391,0.000999511103146,0.000632403825875,0.000763221294619,0.000359584752005,0.000439216644736,0.000247040123213,0.000184683070984,0.0000977084127953,0.0000937652803259,0.0000847072951728,0.0000741232433938,0.0000448658356618,0.000049510403187,0.0000454392175016,0.0000418517665821,0.0000480781200167,0.0000409891254094,0.0000385990606446,0.0000795795058366,0.0000238634402194],"dvar":[7.38851824167e-9,0.0000865630499902,0.0000964853315963,0.000154257111717,0.0000333383104589,0.0000126446830109,0.00000387353475162,0.00000269485281024,0.00000162703338447,0.00000244214174927,7.18222338492e-7,0.00000118200944144,4.02059015414e-7,1.57826917757e-7,4.75180499393e-8,2.80592367119e-8,5.41873106386e-8,2.13209734312e-8,6.43260822386e-9,8.02977773162e-9,8.01578003973e-9,6.99603752707e-9,3.81212608147e-8,1.84854354046e-8,6.57525189851e-9,3.30735474563e-8,3.51413143029e-9],"dvar2":[1.63539635167e-8,0.000202355862712,0.000282827793853,0.000377271615434,0.000087283027824,0.0000334011056111,0.00000876971716934,0.00000615220778855,0.00000367914435628,0.00000486890576212,0.00000154512963491,0.00000277613389699,0.00000103683771613,3.35795817819e-7,1.11228175115e-7,6.44558255658e-8,1.19252604236e-7,4.81768083205e-8,1.64976139416e-8,1.99125267386e-8,2.15442330642e-8,1.61183955072e-8,7.60247189646e-8,3.46774342574e-8,1.29332304866e-8,7.23682944681e-8,7.88989584777e-9],"max":[0.00170145789161,0.105748362839,0.127128332853,0.17787861824,0.148073971272,0.0730256214738,0.0710993558168,0.0492229908705,0.0541721992195,0.0430890023708,0.0331447347999,0.0336758047342,0.028628885746,0.0196803584695,0.00624948786572,0.00671344576403,0.00975336972624,0.00508193066344,0.00261012697592,0.00228223926388,0.00251346291043,0.00275933532976,0.0122193610296,0.00755857955664,0.00380914378911,0.00349483359605,0.00129574467428],"mean":[0.0000305052781187,0.0036811940372,0.00299165234901,0.003823725041,0.00358280818909,0.00278351595625,0.00132612651214,0.00129094033036,0.000821898633149,0.0010694146622,0.000467618345283,0.000490599195473,0.000260524393525,0.000203298812266,0.0000983919235296,0.000103933336504,0.000110690467409,0.0000966266961768,0.0000530711367901,0.0000592863543716,0.0000468156104034,0.0000495343956572,0.0000633573363302,0.0000518434644619,0.0000393904956582,0.0000490044767503,0.0000131270071506],"median":[8.06540469966e-7,0.000757743488066,0.00151423527859,0.00122972670943,0.00136787840165,0.000490541919135,0.000423397257691,0.000377821910661,0.000209486024687,0.000174402433913,0.0000611741197645,0.0000870484072948,0.0000492714825668,0.0000471548592031,0.0000228153949138,0.0000386707251891,0.0000158240327437,0.0000192402785615,0.0000139436133395,0.0000141071814141,0.00000767688652559,0.0000082164469859,0.00000755789187679,0.00000622479183221,0.00000398500105803,0.00000149125651205,1.12067752411e-7],"min":[6.23352956925e-25,8.19936423974e-24,5.77630618301e-24,3.96101062793e-24,3.12352062886e-23,8.48237834468e-24,3.95044628157e-23,3.23949611925e-23,4.21745487206e-23,2.79466376568e-23,2.71936162802e-23,5.73012531899e-23,8.50430741567e-23,3.41388076432e-23,1.41221702548e-22,1.22158758866e-22,6.56819599857e-23,2.05820045329e-22,1.4959221095e-22,2.76510388538e-22,2.68931795511e-22,3.99852413519e-22,4.74681562799e-22,6.09326361586e-22,1.0665816462e-21,1.4202282172e-21,2.16909415221e-21],"var":[1.02082093889e-8,0.000111984016257,0.0000559024774702,0.000141644995892,0.0000523371818417,0.000043745712901,0.00000837029438117,0.00000856674068928,0.00000463489232061,0.00000860803993419,0.00000287940179078,0.00000234052663473,7.29953285372e-7,4.08796239526e-7,9.46563076809e-8,7.00689497535e-8,2.29808804875e-7,7.31719325131e-8,1.64467497399e-8,1.86656201606e-8,1.54763100113e-8,1.61470214977e-8,9.09457114062e-8,4.55438033953e-8,1.31557031935e-8,3.46734871925e-8,3.43090711397e-9]},"barkbands_crest":{"dmean":2.22576928139,"dmean2":3.43524312973,"dvar":4.96959161758,"dvar2":12.1639566422,"max":26.3160514832,"mean":10.9044218063,"median":10.232339859,"min":3.00946259499,"var":16.8130149841},"barkbands_flatness_db":{"dmean":0.0199349820614,"dmean2":0.0296164490283,"dvar":0.000509429431986,"dvar2":0.00122920807917,"max":0.419236391783,"mean":0.178114384413,"median":0.173744082451,"min":0.0332560390234,"var":0.00303226639517},"barkbands_kurtosis":{"dmean":4.68444633484,"dmean2":7.38860177994,"dvar":103.754058838,"dvar2":252.152053833,"max":193.097229004,"mean":9.11068344116,"median":5.05782222748,"min":-1.89045011997,"var":182.23526001},"barkbands_skewness":{"dmean":0.579428732395,"dmean2":0.868862688541,"dvar":0.593905329704,"dvar2":1.34903872013,"max":11.6286535263,"mean":2.07166481018,"median":1.89171457291,"min":-1.93072450161,"var":2.08696651459},"barkbands_spread":{"dmean":3.47140097618,"dmean2":5.3509106636,"dvar":39.4963760376,"dvar2":86.2734985352,"max":114.988174438,"mean":12.2092170715,"median":9.90130996704,"min":0.469974398613,"var":101.560890198},"dissonance":{"dmean":0.0250348504633,"dmean2":0.0422306545079,"dvar":0.000566292030271,"dvar2":0.00154682341963,"max":0.500000119209,"mean":0.438869297504,"median":0.446656614542,"min":0.209487050772,"var":0.00149118958507},"dynamic_complexity":5.97907114029,"erbbands":{"dmean":[0.0604932866991,0.708935976028,2.47971463203,6.99304866791,9.6666059494,5.04189538956,8.94081020355,12.1985912323,10.8358469009,11.6358880997,9.5658493042,11.4682540894,15.2703504562,10.9903278351,11.136721611,9.4827413559,8.01293087006,5.10523223877,3.96726083755,3.59169173241,2.42876887321,2.87587094307,2.63192987442,1.68707978725,1.25803601742,1.52348101139,1.29234874249,1.02342116833,1.0292943716,0.94608604908,1.01052129269,0.695817410946,0.472887516022,0.288661688566,0.208272516727,0.133055657148,0.119907662272,0.0319544002414,0.00240360037424,0.0000935954449233],"dmean2":[0.0744878202677,1.12738239765,4.52692604065,11.793964386,16.3276062012,8.01092243195,13.501408577,19.8682975769,16.5929470062,17.9443264008,14.3119335175,16.9476795197,22.5181350708,15.7835073471,16.7080211639,14.3474473953,12.5014009476,7.88833379745,6.18409252167,5.62406110764,3.81541776657,4.43460845947,4.03724575043,2.67182564735,1.97873151302,2.37353873253,2.11431765556,1.62337219715,1.54013133049,1.3493219614,1.44187188148,0.974310100079,0.658456027508,0.401281654835,0.298760831356,0.194276228547,0.185432255268,0.0503133200109,0.00374039285816,0.000143370169098],"dvar":[0.0364114753902,6.65347671509,104.369735718,478.143768311,1596.10046387,153.349822998,517.092407227,1335.73547363,1025.01098633,972.384216309,672.253112793,1373.63623047,2165.56518555,1696.30151367,1269.60876465,1729.63769531,942.638977051,213.668609619,156.691757202,148.261291504,40.6272964478,147.417892456,83.0155105591,23.9378547668,13.2966156006,18.3744525909,18.1675262451,10.1278295517,8.70473861694,14.0426769257,40.7289543152,13.9876127243,3.31389188766,0.773679733276,0.407127201557,0.179310843349,0.1871625036,0.014643676579,0.0000843575398903,1.09207881849e-7],"dvar2":[0.0622458346188,16.7934818268,301.224761963,1202.86193848,4055.03955078,370.852081299,1127.63879395,3665.10400391,2232.73950195,2459.69140625,1402.85974121,3094.57714844,4272.90722656,3471.44970703,2699.63916016,4213.12207031,2364.32714844,452.563446045,345.146789551,318.966796875,96.585067749,322.650054932,181.309585571,57.840045929,33.6730957031,43.8819046021,49.2572669983,26.5048713684,20.2231769562,27.9148139954,83.1035003662,26.7735614777,6.42895030975,1.49544668198,0.833295464516,0.383269190788,0.415334880352,0.0329017192125,0.000186791861779,2.37895676491e-7],"max":[2.80004811287,30.3857383728,142.156494141,322.395965576,792.808349609,324.860198975,724.406555176,935.986206055,1113.28515625,1350.17224121,1122.58398438,1664.27709961,1549.43835449,1580.89758301,936.618347168,1644.13000488,1271.14453125,630.071472168,412.311065674,528.539978027,163.539764404,497.639678955,369.489044189,189.498336792,109.067817688,136.617614746,174.80909729,102.952537537,77.1377258301,185.977462769,424.610137939,203.972885132,109.43497467,47.1519622803,28.7886791229,11.3780574799,7.98785591125,2.15780925751,0.165588438511,0.00632109260187],"mean":[0.0960080847144,0.883103430271,2.88599824905,9.16555595398,11.0174016953,10.4335050583,22.1696739197,23.1445198059,22.0489597321,22.922246933,20.6121520996,23.2265663147,31.340839386,24.4588432312,22.9268264771,16.3636264801,13.8536920547,9.59271144867,7.3379406929,6.51004695892,4.96427345276,6.24977302551,5.53549003601,3.46901750565,2.45259523392,2.95642614365,2.19365715981,1.69049167633,1.73020100594,1.85401177406,1.81100344658,1.2030954361,0.806344807148,0.449591338634,0.270465284586,0.147075593472,0.107482902706,0.0274970103055,0.00211271410808,0.000100693425338],"median":[0.0109942220151,0.227214127779,1.55823743343,3.50708580017,3.0834634304,3.6857945919,3.85506105423,4.81266975403,7.2864689827,7.63450431824,6.90008354187,6.64273881912,7.04216480255,4.14004230499,4.44382095337,3.37343883514,3.13556432724,2.9655752182,1.90800189972,1.91078972816,1.79101407528,1.09164273739,1.02155518532,0.861267328262,0.670202255249,0.694676280022,0.400961816311,0.28902387619,0.288808465004,0.248134493828,0.212961807847,0.142510682344,0.093459919095,0.0490589737892,0.0243219397962,0.00929885730147,0.00221533607692,0.000291538104648,0.0000327600719174,0.0000196500204765],"min":[9.13237448704e-23,1.40586514271e-21,9.77643150389e-21,1.97390077262e-20,2.66274269786e-20,8.68315205816e-20,1.76341348589e-19,8.51034950455e-20,4.65315771136e-19,5.05848861922e-19,7.49342451623e-19,8.96373443612e-19,9.7898603934e-19,1.25419254465e-18,1.80697811607e-18,2.01021225667e-18,3.40685481539e-18,1.99372406552e-18,4.16973805854e-18,5.57052417174e-18,5.55344702799e-18,4.22875325934e-18,8.30959504463e-18,8.86326259738e-18,8.47800405427e-18,1.3214752916e-17,1.41174964775e-17,7.48066329072e-18,1.36182268034e-17,1.83294736869e-17,1.37228684596e-17,1.13616284615e-17,1.13301492761e-17,1.0371771201e-17,7.6696823325e-18,4.7171632928e-18,3.04041235646e-18,1.12121385201e-18,2.71583686876e-19,2.89595706273e-20],"var":[0.0758376568556,6.78811979294,61.8369445801,447.472320557,1301.84924316,466.434936523,2860.36572266,3385.25268555,2486.84643555,2874.42333984,2323.71069336,3753.00756836,7320.98828125,7990.24902344,4369.00927734,2818.46704102,1794.03283691,594.338806152,398.571380615,400.960601807,102.941986084,689.652404785,317.036346436,76.449508667,28.4819507599,52.0120887756,39.2804794312,17.6030368805,18.7835712433,40.0160255432,86.0517120361,32.0757255554,8.33580684662,1.85898900032,0.65708643198,0.218763962388,0.188409999013,0.0142360078171,0.0000844872411108,1.14569353116e-7]},"erbbands_crest":{"dmean":2.34576368332,"dmean2":3.69738888741,"dvar":5.30822515488,"dvar2":13.2105207443,"max":31.1038761139,"mean":10.4326810837,"median":9.39123344421,"min":2.31625056267,"var":21.4230079651},"erbbands_flatness_db":{"dmean":0.018440598622,"dmean2":0.024269098416,"dvar":0.000439702271251,"dvar2":0.000744468707126,"max":0.35860350728,"mean":0.173025622964,"median":0.17548853159,"min":0.0375284664333,"var":0.00282574328594},"erbbands_kurtosis":{"dmean":1.19851720333,"dmean2":1.87342631817,"dvar":3.23930263519,"dvar2":7.38835954666,"max":40.5158348083,"mean":1.86864435673,"median":1.10409593582,"min":-1.87210524082,"var":9.69478321075},"erbbands_skewness":{"dmean":0.324325710535,"dmean2":0.491979211569,"dvar":0.118256598711,"dvar2":0.26237180829,"max":5.58836746216,"mean":0.868757426739,"median":0.829336047173,"min":-2.44905352592,"var":0.562826693058},"erbbands_spread":{"dmean":7.08725595474,"dmean2":10.3795671463,"dvar":113.06728363,"dvar2":227.49760437,"max":175.866867065,"mean":30.6070919037,"median":25.2849502563,"min":2.64213228226,"var":412.76574707},"gfcc":{"cov":[[19704.3085938,-1901.46228027,801.962097168,1065.58654785,-955.36920166,557.51739502,-418.652709961,351.61328125,-292.959075928,56.1329193115,-258.75567627,102.032348633,-298.787902832],[-1901.46228027,1571.7545166,-371.162689209,-145.299713135,245.985565186,-142.451309204,123.939437866,-83.8085098267,114.563575745,-105.249534607,123.664001465,-115.734046936,110.33972168],[801.962097168,-371.162689209,886.80065918,191.761459351,146.147796631,107.056686401,-15.7456703186,54.7873954773,5.49866533279,57.2732658386,-100.098846436,14.26795578,-68.592590332],[1065.58654785,-145.299713135,191.761459351,434.940155029,6.49774265289,37.6400909424,-71.6590652466,51.6728439331,26.7437343597,-17.4514389038,-20.3047294617,-18.8381633759,-3.26619744301],[-955.36920166,245.985565186,146.147796631,6.49774265289,381.978912354,-19.3962001801,93.9524230957,-10.547036171,57.9865837097,40.1864929199,-30.9716014862,-18.3021640778,-15.0559206009],[557.51739502,-142.451309204,107.056686401,37.6400909424,-19.3962001801,219.983566284,53.7620048523,39.5711021423,-11.7447328568,24.0409049988,10.1436433792,2.73278641701,-14.8106594086],[-418.652709961,123.939437866,-15.7456703186,-71.6590652466,93.9524230957,53.7620048523,175.258666992,13.4505262375,16.4487705231,21.7412891388,11.2639017105,-5.67574214935,-11.3527641296],[351.61328125,-83.8085098267,54.7873954773,51.6728439331,-10.547036171,39.5711021423,13.4505262375,113.924034119,35.2661705017,22.2418117523,6.40063905716,22.7708110809,0.755881428719],[-292.959075928,114.563575745,5.49866533279,26.7437343597,57.9865837097,-11.7447328568,16.4487705231,35.2661705017,96.7883453369,30.4786682129,16.3257465363,-4.3903503418,8.95538330078],[56.1329193115,-105.249534607,57.2732658386,-17.4514389038,40.1864929199,24.0409049988,21.7412891388,22.2418117523,30.4786682129,96.6799545288,9.55403804779,17.8834667206,-19.0939826965],[-258.75567627,123.664001465,-100.098846436,-20.3047294617,-30.9716014862,10.1436433792,11.2639017105,6.40063905716,16.3257465363,9.55403804779,99.5858459473,31.9428348541,34.1394882202],[102.032348633,-115.734046936,14.26795578,-18.8381633759,-18.3021640778,2.73278641701,-5.67574214935,22.7708110809,-4.3903503418,17.8834667206,31.9428348541,89.5367736816,26.4132900238],[-298.787902832,110.33972168,-68.592590332,-3.26619744301,-15.0559206009,-14.8106594086,-11.3527641296,0.755881428719,8.95538330078,-19.0939826965,34.1394882202,26.4132900238,80.5412597656]],"icov":[[0.0000976443770924,-0.000121741177281,0.0000092202471933,-0.000252797384746,0.000290493189823,-0.000198514288059,0.000127298539155,-0.000188842983334,0.000317653291859,-0.000284083740553,0.000435759342508,-0.000405800732551,0.000409839412896],[-0.000121741177281,0.00204962282442,0.0000790549383964,0.000891166273504,-0.00158882082906,0.000955753494054,-0.000814532395452,0.000608726521023,-0.00195153860841,0.00271334545687,-0.00348083069548,0.00367568177171,-0.0022676223889],[0.0000092202471933,0.0000790549383964,0.00181044859346,-0.000584219873417,-0.000756668043323,-0.000856176600792,0.000545759801753,-0.00023962908017,0.000110742745164,-0.000475540495245,0.00151714228559,-0.00102757848799,0.000793219311163],[-0.000252797384746,0.000891166273504,-0.000584219873417,0.00400864519179,-0.00142470328137,0.0000967895102804,0.00115163903683,-0.000740630901419,-0.00209420756437,0.00265806191601,-0.00237786909565,0.00306168757379,-0.00170607154723],[0.000290493189823,-0.00158882082906,-0.000756668043323,-0.00142470328137,0.00582393910736,-0.0000368901019101,-0.00183975487016,0.000820370391011,-0.000295579695376,-0.00330219510943,0.00441316328943,-0.00315204472281,0.0017800865462],[-0.000198514288059,0.000955753494054,-0.000856176600792,0.0000967895102804,-0.0000368901019101,0.00711001362652,-0.00312584452331,-0.00118467817083,0.00102449441329,0.00000872576492839,-0.00352193950675,0.00327156065032,-0.00159184250515],[0.000127298539155,-0.000814532395452,0.000545759801753,0.00115163903683,-0.00183975487016,-0.00312584452331,0.0093306787312,-0.00190176011529,0.000780407281127,-0.000851784541737,0.000362180871889,-0.000863651919644,0.00235497928225],[-0.000188842983334,0.000608726521023,-0.00023962908017,-0.000740630901419,0.000820370391011,-0.00118467817083,-0.00190176011529,0.01345027145,-0.00656152749434,0.000526288291439,0.000193018669961,-0.00278934068047,-0.000540120410733],[0.000317653291859,-0.00195153860841,0.000110742745164,-0.00209420756437,-0.000295579695376,0.00102449441329,0.000780407281127,-0.00656152749434,0.0191601905972,-0.00782396458089,0.000560192624107,0.000667337561026,-0.000275471189525],[-0.000284083740553,0.00271334545687,-0.000475540495245,0.00265806191601,-0.00330219510943,0.00000872576492839,-0.000851784541737,0.000526288291439,-0.00782396458089,0.0189445056021,-0.00660284934565,0.00121502927504,0.00195246515796],[0.000435759342508,-0.00348083069548,0.00151714228559,-0.00237786909565,0.00441316328943,-0.00352193950675,0.000362180871889,0.000193018669961,0.000560192624107,-0.00660284934565,0.022270238027,-0.0115045150742,0.00051285000518],[-0.000405800732551,0.00367568177171,-0.00102757848799,0.00306168757379,-0.00315204472281,0.00327156065032,-0.000863651919644,-0.00278934068047,0.000667337561026,0.00121502927504,-0.0115045150742,0.0239898059517,-0.0101522328332],[0.000409839412896,-0.0022676223889,0.000793219311163,-0.00170607154723,0.0017800865462,-0.00159184250515,0.00235497928225,-0.000540120410733,-0.000275471189525,0.00195246515796,0.00051285000518,-0.0101522328332,0.0216319132596]],"mean":[-76.5405502319,117.262710571,-95.8904724121,12.7694444656,-57.9673538208,8.05625534058,-36.3344993591,3.36568975449,-22.8632640839,-2.02329874039,-16.7764530182,-3.84273600578,-13.6320610046]},"hfc":{"dmean":4.26543331146,"dmean2":6.02411699295,"dvar":80.0670776367,"dvar2":155.496231079,"max":153.292144775,"mean":11.5402507782,"median":5.81427621841,"min":1.12824841514e-16,"var":229.759033203},"melbands":{"dmean":[0.000641871825792,0.00114121381193,0.00136950088199,0.000470880913781,0.000301527150441,0.000267977418844,0.000154022782226,0.000140386080602,0.0000736919100746,0.0000700772070559,0.0000776768283686,0.0000473620239063,0.0000360552403436,0.0000293309531116,0.0000226270876738,0.0000141918135341,0.0000105430644908,0.0000079256196841,0.00000494778123539,0.00000485887039758,0.00000294398773804,0.00000370808493244,0.00000243769750341,0.00000222968378694,0.00000146677825796,9.12017469545e-7,0.0000010369416259,0.00000109850816443,8.99968426893e-7,7.03127227553e-7,5.98125723172e-7,6.08518803347e-7,5.7289292954e-7,5.63993978631e-7,6.47708816359e-7,4.86747012474e-7,4.29794823731e-7,3.63922282531e-7,2.75578713627e-7,2.43997277494e-7],"dmean2":[0.00087815040024,0.00199798727408,0.00230628764257,0.000785766460467,0.00045381867676,0.000432557775639,0.000236659878283,0.000215886015212,0.000110119501187,0.000104199483758,0.000114435373689,0.0000676864437992,0.0000537473715667,0.0000444467259513,0.0000353476098098,0.0000220615311264,0.0000163629283634,0.0000123803774841,0.00000779095080361,0.00000766598623159,0.00000463559899799,0.00000573734587306,0.00000389841807191,0.00000344351246895,0.00000235349284594,0.00000145913634242,0.00000164880987086,0.00000173267244463,0.00000148430888203,0.00000115215493679,9.59857288763e-7,9.29357327095e-7,8.53261951761e-7,8.10705216736e-7,9.39145195389e-7,7.02498937244e-7,6.24001984306e-7,5.2139557738e-7,3.88942339669e-7,3.47852761706e-7],"dvar":[0.00000448368427897,0.0000204942680284,0.0000216648204514,0.00000266753568212,5.3579572068e-7,5.70584859361e-7,2.04844241125e-7,1.30839026724e-7,4.10133509376e-8,4.80608584041e-8,5.80307677467e-8,2.9535078383e-8,1.33601663066e-8,1.04349604513e-8,1.12135483121e-8,2.23159801749e-9,1.06496722552e-9,7.32545135662e-10,2.8089702786e-10,2.30805624613e-10,7.64031615752e-11,3.10383274638e-10,5.82392398196e-11,5.35886821029e-11,1.96494244487e-11,7.00111279714e-12,1.02163555393e-11,1.06706648725e-11,8.51555544829e-12,5.44792249507e-12,3.79926819172e-12,3.04461078744e-12,3.48538754281e-12,6.62621043104e-12,1.68705327486e-11,9.78806966034e-12,4.84883530896e-12,2.04388914647e-12,8.68152229792e-13,5.59913606365e-13],"dvar2":[0.00000921231185202,0.0000568740797462,0.0000539624525118,0.00000682886729919,0.00000116421381335,0.0000015431646716,4.56850216324e-7,3.23849661754e-7,8.55332160654e-8,1.08052070402e-7,1.14183492883e-7,5.99638170229e-8,2.85802848055e-8,2.31728645161e-8,2.91714368217e-8,5.16715248366e-9,2.22315943432e-9,1.57376822685e-9,6.72635114274e-10,5.15752496266e-10,1.77887038433e-10,6.79755973731e-10,1.3564917245e-10,1.22823723414e-10,4.80529400992e-11,1.83757748601e-11,2.52833483316e-11,2.53559378355e-11,2.28846594452e-11,1.50238935875e-11,9.95310604768e-12,7.21370966433e-12,7.98242201505e-12,1.41791205513e-11,3.63307647855e-11,1.85371041433e-11,1.01897743715e-11,4.11768319095e-12,1.66843036782e-12,1.15977019655e-12],"max":[0.0277420729399,0.0647885873914,0.065937563777,0.0398562848568,0.0234182495624,0.0179911367595,0.0153461238369,0.013962475583,0.00863524060696,0.00934353563935,0.00792582798749,0.0065215122886,0.00420983321965,0.00307604018599,0.00337359402329,0.00193211331498,0.00157589570154,0.00110471295193,0.000443391589215,0.000672046619002,0.000233315615333,0.000747920246795,0.000259718392044,0.000233185055549,0.000186916440725,0.0000774042928242,0.0001368111989,0.000113693138701,0.000125257181935,0.0000420362957811,0.0000802402500995,0.0000385974999517,0.0000771442064433,0.000149251325638,0.000282763328869,0.000198744965019,0.000115882547107,0.0000815560852061,0.0000582771644986,0.0000383693004551],"mean":[0.000959843688179,0.00141827447806,0.00170429551508,0.000683701655362,0.000761281291489,0.000533636077307,0.000304146262351,0.000271649041679,0.000159816947416,0.000134982547024,0.000154349996592,0.00010026437667,0.0000740306131775,0.000052697614592,0.0000357571225322,0.0000243509875872,0.0000184029686352,0.000013646647858,0.00000841672408569,0.00000838484811538,0.00000543425312571,0.00000767613619246,0.00000445850764663,0.00000435141282651,0.00000273145246865,0.00000166481402175,0.00000184662383163,0.00000199713167603,0.00000146452714489,0.0000010590384818,9.3971283377e-7,9.55396899371e-7,9.95175469143e-7,0.00000105135018202,0.00000111308054329,8.26195105219e-7,7.07632921149e-7,6.06824926308e-7,4.33535603861e-7,3.60165557822e-7],"median":[0.000165164790815,0.000728788843844,0.0007476262399,0.000258473970462,0.000154386158101,0.000107659870991,0.0000992033383227,0.000082325990661,0.0000504846902913,0.0000347532477463,0.000028508296964,0.0000153505097842,0.000011969010302,0.0000101237747003,0.00000585017278354,0.000005585650797,0.00000479699610878,0.00000311301664624,0.00000228243038691,0.00000256727389569,0.00000168233850673,0.00000100612635379,9.82420260698e-7,7.46918885852e-7,6.50853849038e-7,4.52692972885e-7,4.54290784546e-7,4.43956508889e-7,2.55269810623e-7,1.65254391504e-7,1.53152740268e-7,1.56568276566e-7,1.54207384639e-7,1.22596858887e-7,1.27921623516e-7,9.48175085114e-8,8.33597439964e-8,6.83530032575e-8,4.40068177454e-8,3.83464247022e-8],"min":[1.4971076215e-24,4.27058331296e-24,3.13182985855e-24,5.91877880123e-24,7.56405037656e-24,1.58907282861e-24,7.67828295766e-24,5.93969584256e-24,6.50940527186e-24,5.64646835548e-24,4.32828769932e-24,4.9223291488e-24,4.46235303244e-24,4.75893160064e-24,5.29391142858e-24,7.68167663727e-24,2.98073222962e-24,4.29903752581e-24,1.00320285398e-23,7.58760260774e-24,5.63536789926e-24,3.93188272786e-24,7.25030461733e-24,7.3468296377e-24,6.33246653183e-24,5.67769580885e-24,7.58615110368e-24,6.84531762809e-24,9.23876500188e-24,5.44376896817e-24,4.62765252424e-24,7.118021321e-24,7.74790072141e-24,1.13352583097e-23,7.09538969049e-24,6.0785692829e-24,7.19359340686e-24,8.21394475585e-24,7.72715999049e-24,9.01735935592e-24],"var":[0.00000743093960409,0.0000143152283272,0.0000194510430447,0.00000249745562542,0.00000297236988445,0.00000156387466177,4.58516723256e-7,3.98191332351e-7,1.49832743546e-7,1.27713335019e-7,1.95232203737e-7,1.33058122742e-7,5.1459512207e-8,2.57389487501e-8,1.53693200389e-8,4.93853802297e-9,2.97798163906e-9,1.76154957288e-9,5.78002201657e-10,6.76303124614e-10,1.8023132986e-10,1.41312872515e-9,1.54172855038e-10,1.68886266083e-10,5.5609763322e-11,1.35453271863e-11,1.95878469694e-11,2.90456114022e-11,1.95644004469e-11,7.68644176086e-12,6.14618035286e-12,5.90663455646e-12,7.82504096242e-12,1.64981847628e-11,3.32808086645e-11,2.10142493684e-11,1.04196625286e-11,4.88380169639e-12,2.15617280974e-12,1.17715114999e-12]},"melbands_crest":{"dmean":2.72209572792,"dmean2":4.21921396255,"dvar":8.09558486938,"dvar2":19.044511795,"max":33.7596282959,"mean":14.6901416779,"median":14.1951961517,"min":1.71321594715,"var":26.5697212219},"melbands_flatness_db":{"dmean":0.0228688586503,"dmean2":0.0342369414866,"dvar":0.000741365423892,"dvar2":0.00181226141285,"max":0.543599426746,"mean":0.259691864252,"median":0.252602875233,"min":0.00380424573086,"var":0.00475766090676},"melbands_kurtosis":{"dmean":9.34565162659,"dmean2":14.7494812012,"dvar":481.267883301,"dvar2":1198.78979492,"max":434.337280273,"mean":17.8515167236,"median":9.8028049469,"min":-1.57282686234,"var":705.368530273},"melbands_skewness":{"dmean":0.713754355907,"dmean2":1.06016075611,"dvar":0.93830794096,"dvar2":2.12963724136,"max":14.8566665649,"mean":2.69774103165,"median":2.40671110153,"min":-1.06471335888,"var":3.29966759682},"melbands_spread":{"dmean":3.05950927734,"dmean2":4.66454839706,"dvar":25.8307857513,"dvar2":53.3034706116,"max":183.430435181,"mean":12.2418813705,"median":10.4070234299,"min":0.641250431538,"var":96.416557312},"mfcc":{"cov":[[13439.1982422,-545.179016113,312.952301025,512.019775391,-109.222251892,40.7900123596,-71.7360534668,232.044967651,-140.114395142,18.4089756012,-49.4124641418,68.5109786987,9.258852005],[-545.179016113,1378.73474121,-193.26789856,75.0430145264,91.3556365967,38.1914405823,60.9279136658,13.6902294159,29.3363380432,51.8432159424,30.7192020416,-18.6702690125,6.3005156517],[312.952301025,-193.26789856,478.728485107,84.8196029663,80.3238983154,46.4991912842,9.080991745,25.5378322601,26.1485023499,9.35587501526,2.51858901978,21.7704315186,-8.1766204834],[512.019775391,75.0430145264,84.8196029663,343.688232422,169.320480347,15.1812744141,-21.8546237946,14.4197883606,50.7719078064,-1.00602018833,7.87686395645,30.6958198547,-1.76288831234],[-109.222251892,91.3556365967,80.3238983154,169.320480347,232.61239624,52.6050682068,-0.561125516891,1.76942765713,58.048160553,14.0777931213,15.8870506287,23.488483429,-4.70274877548],[40.7900123596,38.1914405823,46.4991912842,15.1812744141,52.6050682068,141.242477417,74.3218460083,9.80868625641,28.8999824524,31.027299881,25.130651474,1.16657733917,1.49757349491],[-71.7360534668,60.9279136658,9.080991745,-21.8546237946,-0.561125516891,74.3218460083,125.757003784,38.4934806824,21.0181159973,22.6578369141,22.165681839,0.475473791361,5.8482632637],[232.044967651,13.6902294159,25.5378322601,14.4197883606,1.76942765713,9.80868625641,38.4934806824,99.7924041748,17.5753688812,10.9230480194,3.44843053818,12.204996109,8.33156204224],[-140.114395142,29.3363380432,26.1485023499,50.7719078064,58.048160553,28.8999824524,21.0181159973,17.5753688812,102.802825928,35.7306137085,27.6394615173,10.6212320328,0.491497606039],[18.4089756012,51.8432159424,9.35587501526,-1.00602018833,14.0777931213,31.027299881,22.6578369141,10.9230480194,35.7306137085,89.3106765747,34.6319046021,4.45258760452,6.79539585114],[-49.4124641418,30.7192020416,2.51858901978,7.87686395645,15.8870506287,25.130651474,22.165681839,3.44843053818,27.6394615173,34.6319046021,81.7340087891,31.5641117096,6.42674303055],[68.5109786987,-18.6702690125,21.7704315186,30.6958198547,23.488483429,1.16657733917,0.475473791361,12.204996109,10.6212320328,4.45258760452,31.5641117096,80.4720993042,33.9200172424],[9.258852005,6.3005156517,-8.1766204834,-1.76288831234,-4.70274877548,1.49757349491,5.8482632637,8.33156204224,0.491497606039,6.79539585114,6.42674303055,33.9200172424,68.8276596069]],"icov":[[0.0000966959996731,0.0000332706331392,-0.0000205158539757,-0.000258050247794,0.000223365728743,-0.000175192326424,0.000154272842337,-0.000257636915194,0.00022962676303,-0.00013316544937,0.0000478910042148,-0.0000566538401472,0.0000470083250548],[0.0000332706331392,0.000876121106558,0.000421147269662,-0.000258965796093,-0.000381447403925,0.0000886768757482,-0.00041849524132,-0.00013926930842,0.000282053049887,-0.000461133109638,-0.00018098205328,0.000422018696554,-0.000164420562214],[-0.0000205158539757,0.000421147269662,0.00256330496632,-0.000279218627838,-0.000639050209429,-0.000701769895386,0.0000798136388767,-0.000536907464266,0.0000230489713431,-0.000309561757604,0.000423346238676,-0.000586994749028,0.000571543700062],[-0.000258050247794,-0.000258965796093,-0.000279218627838,0.00557230785489,-0.00379861192778,0.000842697802,0.000518563436344,-0.0000975199291133,-0.00145412632264,0.00106543360744,0.0000661695958115,-0.000722753873561,0.000113039772259],[0.000223365728743,-0.000381447403925,-0.000639050209429,-0.00379861192778,0.00898263510317,-0.00337920361198,0.00185522553511,0.000165403427673,-0.00210811640136,0.0000225987078011,0.00074183329707,-0.00176682323217,0.00115556502715],[-0.000175192326424,0.0000886768757482,-0.000701769895386,0.000842697802,-0.00337920361198,0.0131210135296,-0.00786504894495,0.00242052762769,-0.000315238634357,-0.00168953102548,-0.00120468507521,0.00136513635516,-0.000578656326979],[0.000154272842337,-0.00041849524132,0.0000798136388767,0.000518563436344,0.00185522553511,-0.00786504894495,0.0150073170662,-0.00537307653576,-0.00069566629827,0.00050046358956,-0.00186430558097,0.000899240840226,-0.000600080413278],[-0.000257636915194,-0.00013926930842,-0.000536907464266,-0.0000975199291133,0.000165403427673,0.00242052762769,-0.00537307653576,0.0132740521803,-0.00212530791759,-0.000673762755468,0.00182792288251,-0.00195238844026,-0.000337307370501],[0.00022962676303,0.000282053049887,0.0000230489713431,-0.00145412632264,-0.00210811640136,-0.000315238634357,-0.00069566629827,-0.00212530791759,0.0145374070853,-0.00431963894516,-0.00232328777201,0.000418715499109,0.000421232689405],[-0.00013316544937,-0.000461133109638,-0.000309561757604,0.00106543360744,0.0000225987078011,-0.00168953102548,0.00050046358956,-0.000673762755468,-0.00431963894516,0.0160936303437,-0.00581802800298,0.00269653415307,-0.00221577310003],[0.0000478910042148,-0.00018098205328,0.000423346238676,0.0000661695958115,0.00074183329707,-0.00120468507521,-0.00186430558097,0.00182792288251,-0.00232328777201,-0.00581802800298,0.0194706898183,-0.00910204462707,0.00333481328562],[-0.0000566538401472,0.000422018696554,-0.000586994749028,-0.000722753873561,-0.00176682323217,0.00136513635516,0.000899240840226,-0.00195238844026,0.000418715499109,0.00269653415307,-0.00910204462707,0.0214084330946,-0.0100796939805],[0.0000470083250548,-0.000164420562214,0.000571543700062,0.000113039772259,0.00115556502715,-0.000578656326979,-0.000600080413278,-0.000337307370501,0.000421232689405,-0.00221577310003,0.00333481328562,-0.0100796939805,0.0196638293564]],"mean":[-722.283630371,149.597122192,17.5801506042,11.6108074188,1.44866621494,2.16733503342,-2.93027234077,1.03480529785,-3.36271595955,1.122803092,-3.306442976,-2.43428826332,-2.01399183273]},"pitch_salience":{"dmean":0.060801897198,"dmean2":0.0961315408349,"dvar":0.00392791628838,"dvar2":0.0099234143272,"max":0.91021156311,"mean":0.527414023876,"median":0.529500007629,"min":0.101850539446,"var":0.0118749868125},"silence_rate_20dB":{"dmean":0,"dmean2":0,"dvar":0,"dvar2":0,"max":1,"mean":1,"median":1,"min":1,"var":0},"silence_rate_30dB":{"dmean":0.0328771546483,"dmean2":0.0657596364617,"dvar":0.0317938812077,"dvar2":0.0786083415151,"max":1,"mean":0.973846137524,"median":1,"min":0,"var":0.0254692696035},"silence_rate_60dB":{"dmean":0.0137662971392,"dmean2":0.0275348238647,"dvar":0.013575787656,"dvar2":0.0308291073889,"max":1,"mean":0.146801620722,"median":0,"min":0,"var":0.125276312232},"spectral_centroid":{"dmean":122.931968689,"dmean2":191.698196411,"dvar":39561.3164063,"dvar2":94170.4921875,"max":11177.2978516,"mean":696.886291504,"median":630.154174805,"min":152.563980103,"var":169031.796875},"spectral_complexity":{"dmean":1.80435657501,"dmean2":2.86669898033,"dvar":6.62028694153,"dvar2":14.7055606842,"max":48,"mean":10.5174894333,"median":10,"min":0,"var":38.8059234619},"spectral_contrast_coeffs":{"dmean":[0.0444648601115,0.0388173833489,0.0341847725213,0.0260750968009,0.0180295594037,0.0139666451141],"dmean2":[0.0714246407151,0.0629770234227,0.0538590438664,0.0419506952167,0.0288520343602,0.0222792457789],"dvar":[0.00187396095134,0.00117220473476,0.000917393248528,0.000516178959515,0.000269478216069,0.000184780350537],"dvar2":[0.0044969683513,0.00294641032815,0.00217269849963,0.00125344947446,0.000606088491622,0.000459695234895],"max":[-0.25165745616,-0.360901296139,-0.426185041666,-0.530003786087,-0.539878189564,-0.675406217575],"mean":[-0.608158767223,-0.714723587036,-0.72712802887,-0.771459877491,-0.806157410145,-0.802171349525],"median":[-0.613807797432,-0.725896239281,-0.735414862633,-0.777285695076,-0.813551783562,-0.800546050072],"min":[-0.972629189491,-0.970863103867,-0.967011630535,-0.971132397652,-0.962671101093,-0.963128566742],"var":[0.00885016005486,0.00709774298593,0.00544920936227,0.00271478481591,0.00199332903139,0.00110867479816]},"spectral_contrast_valleys":{"dmean":[0.375697135925,0.297180294991,0.289596199989,0.247470542789,0.237090989947,0.327612161636],"dmean2":[0.606576800346,0.486904352903,0.459508359432,0.387673079967,0.349088698626,0.394708484411],"dvar":[0.138589844108,0.0835142210126,0.088970310986,0.0841272547841,0.109785944223,0.19644908607],"dvar2":[0.307001531124,0.192986935377,0.190810710192,0.167363956571,0.207366719842,0.296095103025],"max":[-4.96841001511,-4.69345331192,-5.34453582764,-6.08923006058,-5.9866809845,-7.35035419464],"mean":[-7.79689264297,-7.17467927933,-8.118019104,-8.69008636475,-8.86415195465,-11.1614599228],"median":[-7.4098443985,-6.91865253448,-7.89332294464,-8.48374557495,-8.5775384903,-10.8572635651],"min":[-27.7576541901,-27.5261363983,-27.4279232025,-27.2844104767,-27.4403553009,-27.3421096802],"var":[2.03822350502,1.70409345627,1.51374459267,1.56669855118,2.2228884697,2.94159221649]},"spectral_decrease":{"dmean":2.68844502216e-9,"dmean2":4.17904555405e-9,"dvar":4.30810717705e-17,"dvar2":1.04528266292e-16,"max":8.18143947802e-29,"mean":-5.99118310518e-9,"median":-3.39400263449e-9,"min":-8.60605453568e-8,"var":6.02517497916e-17},"spectral_energy":{"dmean":0.0104620242491,"dmean2":0.0161970127374,"dvar":0.000643138890155,"dvar2":0.0015517155407,"max":0.334217786789,"mean":0.0236588306725,"median":0.0134478257969,"min":1.02283806955e-20,"var":0.000922413426451},"spectral_energyband_high":{"dmean":0.000201034970814,"dmean2":0.000273810699582,"dvar":3.24687675857e-7,"dvar2":6.01844192261e-7,"max":0.0194610990584,"mean":0.00034772590152,"median":0.0000534076680196,"min":7.48307164e-21,"var":8.05599995601e-7},"spectral_energyband_low":{"dmean":0.00564539479092,"dmean2":0.00891250185668,"dvar":0.00030504289316,"dvar2":0.00077961437637,"max":0.243543863297,"mean":0.00867602229118,"median":0.00407385826111,"min":2.6178002041e-23,"var":0.0003132482816},"spectral_energyband_middle_high":{"dmean":0.00102930236608,"dmean2":0.00150004168972,"dvar":0.00000545936245544,"dvar2":0.0000118663265312,"max":0.0603951737285,"mean":0.00289166229777,"median":0.00104715523776,"min":1.36174648731e-21,"var":0.0000247574753303},"spectral_energyband_middle_low":{"dmean":0.00641013588756,"dmean2":0.0101474169642,"dvar":0.000321940315189,"dvar2":0.000762724259403,"max":0.296520322561,"mean":0.014044797048,"median":0.00741870049387,"min":3.03561981457e-22,"var":0.000458593916846},"spectral_entropy":{"dmean":0.18466372788,"dmean2":0.265291780233,"dvar":0.0489831529558,"dvar2":0.103876084089,"max":9.80484008789,"mean":7.05178117752,"median":7.03099393845,"min":5.02050304413,"var":0.295088708401},"spectral_flux":{"dmean":0.0262657925487,"dmean2":0.041196603328,"dvar":0.00230482663028,"dvar2":0.00452035712078,"max":0.487745374441,"mean":0.0610439889133,"median":0.0417650490999,"min":6.40710054456e-11,"var":0.00439632823691},"spectral_kurtosis":{"dmean":2.79604434967,"dmean2":4.51472139359,"dvar":13.5342626572,"dvar2":35.7710151672,"max":65.6976623535,"mean":8.9380197525,"median":6.97953891754,"min":-1.37986302376,"var":53.1178588867},"spectral_rms":{"dmean":0.000786583055742,"dmean2":0.00116126332432,"dvar":0.00000215785416913,"dvar2":0.00000473803220302,"max":0.0180573016405,"mean":0.00405807606876,"median":0.00362213049084,"min":3.15894099073e-12,"var":0.00000661384183331},"spectral_rolloff":{"dmean":227.38923645,"dmean2":397.469055176,"dvar":628320.6875,"dvar2":1565466,"max":18970.7519531,"mean":780.839599609,"median":602.9296875,"min":21.533203125,"var":946243.8125},"spectral_skewness":{"dmean":0.289739906788,"dmean2":0.453112185001,"dvar":0.0971997901797,"dvar2":0.234353154898,"max":6.31937170029,"mean":2.27665638924,"median":2.18872022629,"min":-0.0657659992576,"var":0.56785774231},"spectral_spread":{"dmean":704295,"dmean2":926424,"dvar":1190573113340,"dvar2":2042099531780,"max":50359656,"mean":4408942.5,"median":3947117.5,"min":915464.8125,"var":4537125437440},"spectral_strongpeak":{"dmean":0.330844432116,"dmean2":0.550309240818,"dvar":0.344004005194,"dvar2":0.84415268898,"max":9.45813846588,"mean":0.835797131062,"median":0.445253312588,"min":0,"var":0.974649965763},"zerocrossingrate":{"dmean":0.00795243214816,"dmean2":0.00955707300454,"dvar":0.000152412729221,"dvar2":0.000192136270925,"max":0.64599609375,"mean":0.0388069339097,"median":0.03369140625,"min":0.0029296875,"var":0.000817795284092}},"metadata":{"audio_properties":{"analysis_sample_rate":44100,"bit_rate":0,"codec":"flac","downmix":"mix","equal_loudness":0,"length":286.734008789,"lossless":true,"md5_encoded":"673da3faa57944f097f49a59a39ad780","replay_gain":-5.4860534668,"sample_rate":192000},"tags":{"album":["Mirage"],"albumartist":["Fleetwood Mac"],"albumartistsort":["Fleetwood Mac"],"artist":["Fleetwood Mac"],"artistsort":["Fleetwood Mac"],"date":["2012"],"discnumber":["1"],"disctotal":["1"],"file_name":"12 Wish You Were Here.flac","genre":["Rock"],"label":["Rhino","Warner Bros. Records"],"media":["Digital Media"],"musicbrainz_albumartistid":["bd13909f-1c29-4c27-a874-d4aaf27c5b1a"],"musicbrainz_albumid":["0cd57f9e-45de-41c3-b8ff-f54299ea90b7"],"musicbrainz_artistid":["bd13909f-1c29-4c27-a874-d4aaf27c5b1a"],"musicbrainz_recordingid":["b7d4278e-f6c1-49cb-9333-122fc752b8aa"],"musicbrainz_releasegroupid":["a0e25b7f-30d4-3e87-b469-df315573bb16"],"musicbrainz_releasetrackid":["2e86d9e7-da4e-3c8d-be28-4f7ef5a9a43b"],"originaldate":["1982-06-28"],"releasecountry":["US"],"releasestatus":["official"],"releasetype":["album"],"script":["Latn"],"title":["Wish You Were Here"],"totaldiscs":["1"],"totaltracks":["12"],"tracknumber":["12"],"tracktotal":["12"]},"version":{"essentia":"2.1-beta2","essentia_build_sha":"2d9f1f26377add8aeb1075a9c2973f962c4f09fd","essentia_git_sha":"v2.1_beta2-1-ge3940c0","extractor":"music 1.0"}},"rhythm":{"beats_count":690,"beats_loudness":{"dmean":0.0384591519833,"dmean2":0.0730188414454,"dvar":0.00101550354157,"dvar2":0.00320275570266,"max":0.228132456541,"mean":0.0479897260666,"median":0.0464843064547,"min":1.16963883023e-9,"var":0.00140636879951},"beats_loudness_band_ratio":{"dmean":[0.247969940305,0.152081400156,0.117030397058,0.0786557048559,0.0164314489812,0.0236470866948],"dmean2":[0.446708768606,0.273651957512,0.205492019653,0.139710769057,0.0280313305557,0.0422614775598],"dvar":[0.0367893