{"lowlevel":{"average_loudness":0.477468013763,"barkbands":{"dmean":[0.0000450385741715,0.00325270136818,0.00377272581682,0.00175484409556,0.00145423435606,0.000757300585974,0.000428023427958,0.000314612669172,0.000583480577916,0.000143449156894,0.0000421183940489,0.0000835662649479,0.0000677632706356,0.0000721046453691,0.0000802938957349,0.0000789675250417,0.000176748988451,0.000245468429057,0.000353212148184,0.000330986047629,0.000136752059916,0.00011361954239,0.0000952914488153,0.000101728808659,0.0000405297651014,0.00000717307102605,9.39761946483e-7],"dmean2":[0.0000753980420996,0.00568826450035,0.00651559326798,0.00287266052328,0.002438131487,0.00124851381406,0.000695102207828,0.000520392204635,0.000942470505834,0.000230687437579,0.0000687995052431,0.00013270850468,0.000110684122774,0.000117362789751,0.000129626365378,0.000129013875267,0.000295078061754,0.000402676523663,0.000577485887334,0.000540672568604,0.000217987690121,0.000181771567441,0.000151167274453,0.000155538320541,0.0000603983899055,0.0000105227127278,0.00000141617715599],"dvar":[8.31009749902e-9,0.0000470871964353,0.0000556851337024,0.00000804851606517,0.0000138572413562,0.0000017448384142,4.25245957558e-7,3.37133030825e-7,8.1818467379e-7,3.80980253567e-7,1.12755653703e-8,7.81037172715e-8,6.79581688701e-8,7.80328832661e-8,9.04013504055e-8,4.56374422697e-8,1.26589512206e-7,2.61473189767e-7,7.33540048259e-7,5.16835314102e-7,6.08797421364e-8,5.25222851877e-8,5.9103236083e-8,7.22761512861e-8,8.66598881544e-9,2.02511327152e-10,5.64828132182e-12],"dvar2":[2.1098379932e-8,0.000130920147058,0.000154909939738,0.0000219658868446,0.0000377882570319,0.0000046771651796,0.00000110748419502,8.76820422491e-7,0.00000213218868339,9.74261524789e-7,2.74625389096e-8,2.06023386795e-7,1.68491695263e-7,1.99724567551e-7,2.33312519526e-7,1.16308889631e-7,3.51300087686e-7,6.58237809148e-7,0.00000195202915165,0.00000135580660299,1.48737271388e-7,1.27297667518e-7,1.45835670651e-7,1.68130242173e-7,1.92256948139e-8,4.22703871905e-10,1.29871877141e-11],"max":[0.00124561833218,0.11876193434,0.165605947375,0.0461177006364,0.0653299018741,0.0332293659449,0.0104698333889,0.0126988850534,0.0218046400696,0.0259734261781,0.0045092352666,0.0108905686066,0.0111929867417,0.00891925208271,0.0201954394579,0.00804660376161,0.00818461924791,0.0174893084913,0.028732124716,0.0196045488119,0.00544613040984,0.00767554296181,0.0105144893751,0.0105798142031,0.00280337757431,0.0005514624645,0.0000617515179329],"mean":[0.0000443231401732,0.00399724580348,0.00538642844185,0.00273528555408,0.00223953719251,0.00130208930932,0.000696974806488,0.000547365110833,0.00113365263678,0.000230437071878,0.0000614207965555,0.000124578844407,0.000103931146441,0.0000924682899495,0.000120564167446,0.000126909581013,0.000316300574923,0.000476347107906,0.000787100580055,0.000772578292526,0.000320089340676,0.000250028999289,0.000225705982302,0.000263801455731,0.000120124816021,0.0000228727167269,0.00000172162719991],"median":[0.000017598260456,0.00218277517706,0.00278946617618,0.00153355184011,0.00123287807219,0.000756820256356,0.00041634045192,0.00032982591074,0.000739955925383,0.0000711422471795,0.0000242917376454,0.0000368144792446,0.0000159214996529,0.0000117311838039,0.0000240425251832,0.0000443722383352,0.000159670133144,0.000252847501542,0.000425388163421,0.000432365108281,0.000153300177772,0.000116032148071,0.0000827365729492,0.0000869661671459,0.0000468152647954,0.00000964279024629,4.53642712728e-7],"min":[1.03960583442e-22,4.07924928136e-23,2.48107577864e-23,8.26207947057e-24,5.47179546063e-23,3.22897303032e-23,1.26776548657e-22,6.24132296279e-23,8.93742045163e-23,1.05673263576e-22,1.37235834518e-22,8.17913327074e-23,5.92781196857e-23,1.20174716892e-22,1.12945986831e-22,5.7939397486e-23,1.95264998064e-22,2.79498593647e-22,2.63693001794e-22,3.51354406269e-22,4.62975018427e-22,4.4155723028e-22,5.61062664958e-22,8.67471538137e-22,1.08225587063e-21,1.68682897292e-21,2.30491838009e-21],"var":[7.32935223624e-9,0.0000399812852265,0.0000664551407681,0.0000123549125419,0.0000132964123623,0.00000307212803818,7.78781611643e-7,6.16111435647e-7,0.00000196307041733,8.26960217637e-7,2.42784388149e-8,1.45737786283e-7,1.93743943555e-7,1.33765979626e-7,1.87191730561e-7,9.73429123974e-8,2.55818207506e-7,5.87325871493e-7,0.00000185833255273,0.00000165455389833,2.26841294193e-7,1.65348282621e-7,1.94185005853e-7,2.90811613013e-7,4.45670664817e-8,1.41255962482e-9,1.23342005012e-11]},"barkbands_crest":{"dmean":2.23510313034,"dmean2":3.67009115219,"dvar":4.36832809448,"dvar2":11.6016244888,"max":26.0728740692,"mean":9.57375144958,"median":8.56831169128,"min":2.45071935654,"var":19.2860527039},"barkbands_flatness_db":{"dmean":0.0224152076989,"dmean2":0.0350975990295,"dvar":0.000494202133268,"dvar2":0.00125027413014,"max":0.523487269878,"mean":0.162821695209,"median":0.124555230141,"min":0.0337811782956,"var":0.0106111411005},"barkbands_kurtosis":{"dmean":4.48470211029,"dmean2":7.2632727623,"dvar":97.1479949951,"dvar2":254.487716675,"max":315.631347656,"mean":7.73816251755,"median":2.11788797379,"min":-1.92055594921,"var":296.328399658},"barkbands_skewness":{"dmean":0.603555500507,"dmean2":0.965929329395,"dvar":0.429981142282,"dvar2":1.14846670628,"max":10.9048814774,"mean":1.64784634113,"median":1.52451467514,"min":-2.29675793648,"var":1.6749253273},"barkbands_spread":{"dmean":6.63058185577,"dmean2":10.5250310898,"dvar":54.0601348877,"dvar2":137.285736084,"max":100.285957336,"mean":29.9413509369,"median":29.943813324,"min":0.101842410862,"var":388.83581543},"dissonance":{"dmean":0.0157512929291,"dmean2":0.026726052165,"dvar":0.000671482877806,"dvar2":0.00189627008513,"max":0.500000119209,"mean":0.46176636219,"median":0.485237717628,"min":0.0895703360438,"var":0.00415473198518},"dynamic_complexity":3.56379055977,"erbbands":{"dmean":[0.0498710982502,0.907581090927,3.80702614784,5.60697412491,5.33661031723,3.91661500931,6.08075666428,6.1846408844,6.65179920197,5.18165206909,9.37579154968,12.7790822983,5.67670202255,2.31864356995,1.98041749001,3.19930005074,3.06088995934,3.38525295258,2.91618156433,4.82887363434,4.37659311295,9.48429298401,11.474152565,16.10820961,18.8083839417,15.8602409363,6.59831619263,5.39541625977,4.19451141357,2.94981026649,2.75385522842,2.33815741539,1.63660955429,0.655711650848,0.222319543362,0.0515132062137,0.00980803836137,0.00142338802107,0.000178577422048,0.0000153942928591],"dmean2":[0.0835343375802,1.60978639126,6.69062137604,9.2081413269,9.04533481598,6.57682323456,9.96675777435,10.19181633,10.6997556686,8.57961273193,15.2154989243,20.6199264526,9.1484670639,3.66182875633,3.12781786919,5.13205623627,4.9309053421,5.36764526367,4.65792036057,7.80718374252,7.11514234543,15.8194561005,18.8186626434,26.2411384583,30.6461734772,25.971288681,10.6357183456,8.62416744232,6.73006677628,4.62741470337,4.38941049576,3.62751102448,2.52957010269,0.998107492924,0.332830280066,0.0755582973361,0.0142711726949,0.00201153359376,0.000270412216196,0.0000247435655183],"dvar":[0.0106717897579,3.7546646595,64.2281570435,75.0958099365,225.586471558,81.1612091064,94.4555358887,141.216567993,114.671096802,90.8577728271,201.959335327,444.818847656,395.210906982,67.4951705933,29.4131412506,96.3391265869,122.036125183,213.321548462,81.491065979,265.237579346,93.8594589233,347.444580078,488.152893066,1873.59155273,2071.51977539,1283.06689453,137.418197632,101.693321228,71.914352417,48.0683822632,53.4952850342,32.8036994934,24.1543827057,2.6885843277,0.302141606808,0.0111294165254,0.000395537557779,0.00000966745938058,2.17247603018e-7,8.30656488038e-10],"dvar2":[0.0281170159578,10.5549583435,178.455841064,203.76159668,598.979614258,228.438995361,245.228652954,387.542388916,291.785491943,236.518417358,526.204772949,1166.69384766,1035.24133301,157.852142334,73.94921875,249.684921265,292.705291748,550.619384766,197.093307495,676.113464355,243.304794312,955.68560791,1281.24963379,4891.49511719,5455.36621094,3388.44482422,351.499084473,246.739700317,174.488601685,112.20816803,133.696594238,77.8020629883,58.9117012024,6.33815336227,0.666505992413,0.0230763964355,0.000833299767692,0.0000199491278181,5.00994246977e-7,2.08268891022e-9],"max":[1.66687262058,31.4694786072,169.332443237,122.717887878,259.311431885,166.309295654,167.606002808,399.698059082,203.748306274,226.260162354,318.846740723,607.135681152,772.433227539,479.495544434,176.729370117,299.333526611,467.26348877,504.130889893,511.730560303,682.401062012,258.663146973,406.979309082,545.405578613,2498.10668945,1316.38061523,1180.08776855,237.184829712,258.967315674,295.223754883,320.125427246,319.633300781,179.725799561,225.221572876,57.7232627869,22.6093349457,4.12470817566,0.796136200428,0.0893868878484,0.0133151970804,0.000729665567633],"mean":[0.0669473931193,1.11263895035,5.0798869133,9.79223823547,7.06055736542,6.4270529747,10.6113443375,10.460319519,10.8440132141,8.75768852234,19.0622329712,24.5078392029,10.2100057602,4.00843524933,3.30796146393,4.88729763031,4.85301876068,4.66392326355,4.37691307068,8.17302894592,7.87580728531,18.2730255127,24.0592460632,34.878780365,43.7681121826,36.4859428406,15.8640947342,12.3187675476,9.41338253021,6.62403917313,6.50455617905,5.75255727768,4.03265857697,1.77334403992,0.668179810047,0.170434460044,0.0305064171553,0.00370407477021,0.000347192602931,0.0000428399580414],"median":[0.0405273251235,0.607605397701,2.51035571098,5.78808116913,3.58721613884,3.58566021919,6.19176769257,6.21102523804,6.20198535919,5.17405748367,13.166103363,16.0228767395,4.45512628555,1.80892562866,1.20858323574,1.59446382523,0.919396519661,0.655143380165,0.978752017021,1.81975913048,3.64737606049,9.84352016449,12.9367256165,18.9182701111,24.1145095825,20.4308509827,8.53917312622,5.62623977661,4.4862036705,2.95714998245,2.19967317581,1.93298864365,1.2542566061,0.681570053101,0.243694737554,0.068923830986,0.0130243115127,0.00150740903337,0.000109102991701,0.0000322462183249],"min":[9.21085705943e-22,1.07702074227e-20,3.317664725e-20,2.98306305864e-20,2.32365842344e-20,2.27512537815e-19,2.73675368151e-19,3.65383538496e-19,1.37338999471e-18,1.762335592e-18,1.74673848117e-18,1.9686249242e-18,1.70014711958e-18,4.93036578696e-18,5.9984892227e-18,3.84604243251e-18,2.82796962769e-18,5.5190152214e-18,6.0177956182e-18,4.38589689621e-18,6.82552962814e-18,8.8199646554e-18,1.29973036766e-17,1.65946889995e-17,1.0679391399e-17,1.82696205521e-17,1.92888063284e-17,1.80304296975e-17,1.44499039698e-17,1.13976306705e-17,1.77000487977e-17,1.7224092382e-17,1.54502184476e-17,1.00717519656e-17,7.97188284313e-18,5.7359197624e-18,3.35613210023e-18,1.41459330858e-18,3.23830895906e-19,3.28593556304e-20],"var":[0.00987055525184,3.11477684975,68.1249389648,134.661483765,198.824386597,89.2128295898,192.77973938,229.164978027,220.698303223,147.915878296,465.250213623,1042.6887207,848.536743164,156.067779541,70.1001358032,181.431503296,344.121368408,366.079803467,180.986968994,678.595947266,187.786575317,721.388549805,1247.67687988,4151.64160156,5747.82373047,3735.13696289,471.789764404,359.82711792,225.33782959,153.062835693,179.561325073,128.795806885,79.8314819336,10.1563262939,1.65223383904,0.0882502570748,0.00249340920709,0.0000371260975953,4.68208213533e-7,1.89317694854e-9]},"erbbands_crest":{"dmean":1.90130996704,"dmean2":3.12109065056,"dvar":3.49750113487,"dvar2":9.32701301575,"max":31.6083393097,"mean":8.35673522949,"median":6.66809988022,"min":2.43624997139,"var":24.2178325653},"erbbands_flatness_db":{"dmean":0.0128343915567,"dmean2":0.019644761458,"dvar":0.000164971410413,"dvar2":0.000381400517654,"max":0.510626196861,"mean":0.160050779581,"median":0.130497276783,"min":0.0394166857004,"var":0.006013459526},"erbbands_kurtosis":{"dmean":1.99509644508,"dmean2":3.20786499977,"dvar":33.6934242249,"dvar2":85.4017791748,"max":323.253540039,"mean":4.91974496841,"median":-0.90211379528,"min":-1.86269831657,"var":384.02835083},"erbbands_skewness":{"dmean":0.392030566931,"dmean2":0.61782181263,"dvar":0.169582948089,"dvar2":0.424838751554,"max":13.2001056671,"mean":0.239453703165,"median":-0.148942559958,"min":-3.34959435463,"var":2.39957618713},"erbbands_spread":{"dmean":8.49556350708,"dmean2":13.4943532944,"dvar":81.7733459473,"dvar2":201.13117981,"max":165.25151062,"mean":53.9894523621,"median":59.0645027161,"min":0.41423779726,"var":712.932373047},"gfcc":{"cov":[[23022.2480469,-3394.24243164,-4613.87597656,2882.02246094,-277.241790771,977.465087891,400.892883301,1293.38232422,-265.240081787,71.2538528442,-280.00491333,-133.421737671,-268.935699463],[-3394.24243164,1752.85583496,803.794555664,-647.703796387,257.041595459,-364.863342285,77.4764938354,-345.423034668,15.3027992249,-122.79650116,90.7450027466,-35.5707206726,81.1251831055],[-4613.87597656,803.794555664,1687.51733398,-625.840881348,-31.5274715424,-154.736175537,-199.626586914,-321.379150391,22.1928520203,-85.4982681274,-6.97970056534,30.8840579987,31.1393623352],[2882.02246094,-647.703796387,-625.840881348,697.301757813,61.1559448242,108.439987183,91.7267227173,236.054122925,-30.7927417755,4.27640104294,-47.7510261536,-19.2902584076,-31.9191627502],[-277.241790771,257.041595459,-31.5274715424,61.1559448242,275.118682861,-32.7920227051,92.2348327637,-36.5843925476,5.06135892868,-5.91966724396,19.4474220276,-14.6675882339,20.329580307],[977.465087891,-364.863342285,-154.736175537,108.439987183,-32.7920227051,312.889648438,-5.08627748489,24.4224662781,-8.27530765533,40.8229141235,-13.2646837234,-18.1156654358,-28.5654811859],[400.892883301,77.4764938354,-199.626586914,91.7267227173,92.2348327637,-5.08627748489,194.122085571,71.9498062134,5.37324714661,-14.6058120728,8.70390987396,-8.95522785187,-10.4579458237],[1293.38232422,-345.423034668,-321.379150391,236.054122925,-36.5843925476,24.4224662781,71.9498062134,249.118637085,23.7974796295,14.3442459106,-25.0634212494,2.32950186729,-27.7443294525],[-265.240081787,15.3027992249,22.1928520203,-30.7927417755,5.06135892868,-8.27530765533,5.37324714661,23.7974796295,82.4261398315,31.1043186188,-9.61815166473,-5.72680473328,3.89560747147],[71.2538528442,-122.79650116,-85.4982681274,4.27640104294,-5.91966724396,40.8229141235,-14.6058120728,14.3442459106,31.1043186188,77.5486068726,23.5377902985,10.3740339279,-2.47251152992],[-280.00491333,90.7450027466,-6.97970056534,-47.7510261536,19.4474220276,-13.2646837234,8.70390987396,-25.0634212494,-9.61815166473,23.5377902985,88.187461853,33.4966278076,6.96714639664],[-133.421737671,-35.5707206726,30.8840579987,-19.2902584076,-14.6675882339,-18.1156654358,-8.95522785187,2.32950186729,-5.72680473328,10.3740339279,33.4966278076,64.9081726074,17.0251522064],[-268.935699463,81.1251831055,31.1393623352,-31.9191627502,20.329580307,-28.5654811859,-10.4579458237,-27.7443294525,3.89560747147,-2.47251152992,6.96714639664,17.0251522064,59.9898300171]],"icov":[[0.000215299005504,-0.000320602965076,0.000452291715192,-0.000602856802288,0.000383042526664,-0.000484458956635,0.000300826271996,-0.000306622445351,0.000455889850855,-0.0000825534953037,0.000691640772857,-0.000540875131264,0.000433515757322],[-0.000320602965076,0.00322653842159,-0.00108321383595,0.0024858689867,-0.00208687619306,0.00239002052695,-0.00192856986541,0.00169393734541,-0.0017287035007,0.00328124989755,-0.00408530980349,0.00421329448,-0.00209691771306],[0.000452291715192,-0.00108321383595,0.00222614174709,-0.000760235765483,0.000690523884259,-0.00122253037989,0.00178733980283,-0.000148178281961,0.000120469398098,0.00108486937825,0.00238866358995,-0.00277804303914,0.00190723396372],[-0.000602856802288,0.0024858689867,-0.000760235765483,0.00585271604359,-0.00342614180408,0.0016717412509,-0.000950659916271,-0.000897085759789,-0.000219881127123,0.00248104194179,-0.00220146263018,0.00297052878886,-0.00164992839564],[0.000383042526664,-0.00208687619306,0.000690523884259,-0.00342614180408,0.00730502558872,-0.00112818204798,-0.00191658968106,0.00118968915194,0.000525013078004,-0.00269010756165,0.00142969354056,-0.000798637338448,-0.000523124996107],[-0.000484458956635,0.00239002052695,-0.00122253037989,0.0016717412509,-0.00112818204798,0.00616121524945,-0.001899353927,0.00216691172682,-0.000490295700729,-0.00091169209918,-0.00252676964737,0.00412731757388,-0.000776265806053],[0.000300826271996,-0.00192856986541,0.00178733980283,-0.000950659916271,-0.00191658968106,-0.001899353927,0.0100259874016,-0.00368772307411,-0.000359524943633,0.00249474612065,0.00071539345663,-0.00263196066953,0.00310047692619],[-0.000306622445351,0.00169393734541,-0.000148178281961,-0.000897085759789,0.00118968915194,0.00216691172682,-0.00368772307411,0.0100776944309,-0.00488144811243,0.00153743801638,-0.000775676977355,-0.000482710514916,0.00118825363461],[0.000455889850855,-0.0017287035007,0.000120469398098,-0.000219881127123,0.000525013078004,-0.000490295700729,-0.000359524943633,-0.00488144811243,0.020793074742,-0.0124807367101,0.00709165120497,0.000500780937728,-0.00136005401146],[-0.0000825534953037,0.00328124989755,0.00108486937825,0.00248104194179,-0.00269010756165,-0.00091169209918,0.00249474612065,0.00153743801638,-0.0124807367101,0.027837369591,-0.010847190395,0.00120623060502,0.000448308972409],[0.000691640772857,-0.00408530980349,0.00238866358995,-0.00220146263018,0.00142969354056,-0.00252676964737,0.00071539345663,-0.000775676977355,0.00709165120497,-0.010847190395,0.024509543553,-0.0143629591912,0.00461443932727],[-0.000540875131264,0.00421329448,-0.00277804303914,0.00297052878886,-0.000798637338448,0.00412731757388,-0.00263196066953,-0.000482710514916,0.000500780937728,0.00120623060502,-0.0143629591912,0.0293718986213,-0.0101964762434],[0.000433515757322,-0.00209691771306,0.00190723396372,-0.00164992839564,-0.000523124996107,-0.000776265806053,0.00310047692619,0.00118825363461,-0.00136005401146,0.000448308972409,0.00461443932727,-0.0101964762434,0.022943098098]],"mean":[-40.0614242554,83.8131332397,-77.9217300415,58.3197364807,-71.1373291016,-5.15240859985,-35.0538368225,22.806596756,-24.6673412323,-3.29573726654,-15.9393129349,-6.92982530594,-14.4265241623]},"hfc":{"dmean":5.33946609497,"dmean2":8.04608345032,"dvar":75.1949920654,"dvar2":174.397964478,"max":218.321731567,"mean":21.2238006592,"median":14.6967258453,"min":1.13005577169e-16,"var":507.39855957},"melbands":{"dmean":[0.000677284784615,0.00171050499193,0.000913410854992,0.000337272009347,0.000192436753423,0.000137738621561,0.0000951906622504,0.000057083194406,0.0000923485931708,0.0000748866659706,0.0000281916927634,0.0000108430031105,0.00000616772194917,0.00000918401474337,0.00000795499363448,0.00000670548615744,0.00000650055471851,0.00000492841309097,0.00000679584991303,0.00000567375673199,0.00000573603301746,0.00000905964589037,0.0000144839614222,0.0000109829916255,0.0000146300280903,0.0000144571704368,0.0000152295096996,0.00000997189090413,0.00000491294258609,0.0000035084517549,0.00000337164101438,0.00000265631911134,0.00000213947942029,0.00000174270962816,0.00000173377088686,0.00000150857329118,0.00000166153586179,0.00000126165684833,9.68761924014e-7,5.16920806604e-7],"dmean2":[0.00116225029342,0.00301286508329,0.00150238745846,0.000572022981942,0.000314486096613,0.000226461474085,0.000153873785166,0.0000941658436204,0.000149939514813,0.000120549935673,0.0000455956142105,0.0000171109422809,0.00000993071535049,0.0000145461281136,0.0000128900373966,0.0000107950736492,0.0000104280316009,0.00000801303031039,0.000011009348782,0.00000924968026084,0.00000942646784097,0.0000151227686729,0.0000241687557718,0.0000180320221261,0.0000240220597334,0.000023766353479,0.0000248620508501,0.0000164325319929,0.00000804338196758,0.00000570003885514,0.00000544906561117,0.00000431086118624,0.00000347266450262,0.00000278962738776,0.00000279298706118,0.00000241701559389,0.00000261218042397,0.00000198804764295,0.00000152841050749,8.06535354059e-7],"dvar":[0.00000197552503778,0.0000129232012114,0.00000216863713831,9.01984947177e-7,9.08907438202e-8,6.48114806268e-8,2.24364722357e-8,1.16526885918e-8,1.82424990669e-8,1.50013921285e-8,1.05790336491e-8,1.89973703435e-9,2.3169877128e-10,1.08494324635e-9,1.05184849719e-9,6.79309275498e-10,7.33851257539e-10,2.55972326668e-10,8.02549138257e-10,3.48021111929e-10,1.58274615636e-10,3.20854842695e-10,1.05302588871e-9,4.999643477e-10,1.65739855174e-9,1.28304600278e-9,1.25535615236e-9,4.94181418009e-10,8.58384474611e-11,4.39574418531e-11,4.09634479115e-11,2.90566893463e-11,2.16078092918e-11,1.85527964519e-11,2.18978342403e-11,1.53536818676e-11,1.7390889076e-11,1.4153348632e-11,8.01761955438e-12,1.53480852159e-12],"dvar2":[0.00000539119855603,0.0000361082311429,0.00000583534483667,0.00000246931131187,2.35208062804e-7,1.76609461278e-7,5.76626497661e-8,3.027879103e-8,4.78791086778e-8,3.91746048933e-8,2.76264380261e-8,4.50638681926e-9,5.78935177575e-10,2.87942625299e-9,2.65777688746e-9,1.65040792144e-9,1.88839188731e-9,6.18713746903e-10,2.12007456035e-9,8.96685947716e-10,4.13957063072e-10,8.75968519942e-10,2.89134338693e-9,1.26412003087e-9,4.33305125114e-9,3.3745495287e-9,3.28157945262e-9,1.30909771912e-9,2.22352192214e-10,1.1153008378e-10,1.01358844928e-10,7.28019866614e-11,5.3304995834e-11,4.47464287845e-11,5.5326961762e-11,3.85363616018e-11,4.26771118445e-11,3.53039854295e-11,1.99241265847e-11,3.69220496191e-12],"max":[0.025340879336,0.0620922297239,0.0244164895266,0.0171179529279,0.00542638264596,0.00797312147915,0.00283119222149,0.00234262365848,0.00342001626268,0.00344779947773,0.00377585412934,0.00257077394053,0.000582953449339,0.00162138079759,0.00102647021413,0.00119377009105,0.000866461952683,0.000622602354269,0.00205701962113,0.000835858809296,0.000347457302269,0.00043779736734,0.000880300474819,0.000783220748417,0.00230241147801,0.000975560687948,0.000888723181561,0.000751216022763,0.000221957569011,0.000177822439582,0.000154568930157,0.000172643267433,0.000138048999361,0.000217382170376,0.000208818833926,0.000106562009023,0.000140024669236,0.000176942266989,0.000103901598777,0.0000386441824958],"mean":[0.000881866901182,0.00235099927522,0.00158102554269,0.000472487328807,0.000356031407136,0.000239870263613,0.000155735135195,0.0000937127697398,0.000185781434993,0.000143092969665,0.0000473390537081,0.0000175159548235,0.00000957393876888,0.000014183939129,0.0000113698679343,0.0000102726871773,0.0000084068524302,0.00000654383393339,0.000010332407328,0.00000930017631617,0.00000921881564864,0.0000162107426149,0.0000256233834079,0.0000208862493309,0.0000287712318823,0.0000301218315144,0.0000338288627972,0.0000211662736547,0.00001026398877,0.00000752143887439,0.00000700015425537,0.00000553050404051,0.00000423290566687,0.00000354611643161,0.00000378231129616,0.00000337718188348,0.00000370221209778,0.00000290369257527,0.00000221257255362,0.00000128898000185],"median":[0.000522621907294,0.00131193129346,0.000979396980256,0.000237765372731,0.000217327295104,0.000143305544043,0.0000911866663955,0.0000511030411872,0.000126963481307,0.0000925247586565,0.0000172513864527,0.0000069318784881,0.00000358909574061,0.00000417620594817,0.00000284333145828,0.00000143427962485,0.00000103055504042,0.00000123702182009,0.00000196615656023,0.00000248433389061,0.0000042900119297,0.00000864604135131,0.000012544499441,0.000010872434359,0.0000150710257003,0.0000156212990987,0.0000180893785,0.0000116099599836,0.00000548508160136,0.00000335184449796,0.00000292324739348,0.00000250010293712,0.00000197075655706,0.00000143103079608,0.00000120079289445,0.00000111443534934,0.00000114972453957,8.56521921833e-7,7.24671053831e-7,5.00925182223e-7],"min":[1.51899979352e-23,1.72527587618e-23,4.60177236452e-24,7.2356720364e-24,1.12282398615e-23,9.43615614417e-24,2.17181059158e-23,1.76592445868e-23,1.41578870367e-23,1.2658839902e-23,8.25877808768e-24,1.89382910367e-23,2.06100308676e-23,9.1169672447e-24,9.96161244883e-24,5.12859576513e-24,1.09647413865e-23,1.03920062812e-23,7.76554517327e-24,4.13009941309e-24,1.02801813036e-23,1.04030456008e-23,9.33108697134e-24,1.36160247918e-23,1.35775804444e-23,9.82726785895e-24,6.95349491288e-24,1.41678109069e-23,8.80474950904e-24,1.40692001383e-23,1.06678204527e-23,7.74284648959e-24,8.26631092046e-24,5.63985809553e-24,1.01610364857e-23,1.10495589222e-23,1.00339872814e-23,1.09617350376e-23,8.30904588228e-24,9.43133935948e-24],"var":[0.00000174659624008,0.0000125833566926,0.00000341469785781,7.77659920459e-7,1.99300842496e-7,1.10981069668e-7,4.23184083331e-8,1.93769835732e-8,4.33873026395e-8,3.51011024691e-8,2.27806822295e-8,4.23937462912e-9,5.30904209484e-10,2.16067896908e-9,1.94651161856e-9,1.95346272491e-9,1.2384823167e-9,5.28255272858e-10,1.53224366528e-9,8.41714031807e-10,2.66015653949e-10,5.97538352132e-10,1.88471971363e-9,1.24557597569e-9,3.30980243213e-9,3.00029223688e-9,3.79679088169e-9,1.28009147726e-9,2.26220736588e-10,1.48763279473e-10,1.28388980003e-10,8.42192704464e-11,5.48888816343e-11,5.3625694163e-11,6.93062413015e-11,4.66846734881e-11,5.89936779982e-11,4.48386813789e-11,2.23180328385e-11,5.23186919135e-12]},"melbands_crest":{"dmean":3.24341392517,"dmean2":5.29292392731,"dvar":9.08733940125,"dvar2":24.495098114,"max":32.5675506592,"mean":14.919052124,"median":14.4595985413,"min":1.97572350502,"var":25.628950119},"melbands_flatness_db":{"dmean":0.0296183358878,"dmean2":0.0461225062609,"dvar":0.000854032405186,"dvar2":0.00218221079558,"max":0.668796420097,"mean":0.237318530679,"median":0.193612962961,"min":0.00493831094354,"var":0.0174427703023},"melbands_kurtosis":{"dmean":10.1635313034,"dmean2":16.7154273987,"dvar":246.083145142,"dvar2":650.067382813,"max":287.427490234,"mean":19.7983436584,"median":13.4502239227,"min":-1.79766726494,"var":497.77923584},"melbands_skewness":{"dmean":0.866882801056,"dmean2":1.40555858612,"dvar":0.92639529705,"dvar2":2.47085690498,"max":13.9537611008,"mean":3.28431630135,"median":3.16781044006,"min":-2.32240486145,"var":3.51291537285},"melbands_spread":{"dmean":8.43551254272,"dmean2":13.3802547455,"dvar":116.331222534,"dvar2":298.646850586,"max":162.849517822,"mean":25.2132987976,"median":19.5782756805,"min":0.328260302544,"var":490.15725708},"mfcc":{"cov":[[20163.9082031,-4271.45507813,-2980.95068359,747.600646973,-182.139480591,-38.0600814819,697.37121582,790.057922363,415.062438965,632.958984375,263.674377441,280.660644531,78.6326446533],[-4271.45507813,2222.13305664,535.161437988,2.87819194794,8.81063365936,0.303845018148,-53.5571899414,-154.448150635,-108.349533081,-185.325836182,-81.1244659424,-83.5732345581,-17.4870147705],[-2980.95068359,535.161437988,1074.26049805,-176.609939575,61.808216095,16.8143596649,-176.374893188,-105.909614563,-85.2688980103,-118.341201782,-56.6016311646,-84.2152938843,-57.6131515503],[747.600646973,2.87819194794,-176.609939575,419.444396973,38.4632225037,-88.0906982422,67.1777114868,85.3651428223,42.3717308044,25.712978363,-9.34719657898,-6.05993509293,28.9396247864],[-182.139480591,8.81063365936,61.808216095,38.4632225037,161.800613403,69.56665802,2.48158574104,-17.6810436249,0.970868527889,-2.6984360218,-12.4885931015,-8.77069854736,-4.33983755112],[-38.0600814819,0.303845018148,16.8143596649,-88.0906982422,69.56665802,214.012756348,39.9013977051,-30.3769054413,-9.53608512878,-8.1515417099,8.1694726944,-5.17293548584,-30.4849948883],[697.37121582,-53.5571899414,-176.374893188,67.1777114868,2.48158574104,39.9013977051,153.820770264,77.651260376,9.84456443787,17.3060569763,17.6518039703,25.8060588837,13.3556337357],[790.057922363,-154.448150635,-105.909614563,85.3651428223,-17.6810436249,-30.3769054413,77.651260376,133.641372681,50.8058166504,37.9792823792,21.5177364349,16.0700836182,15.8826227188],[415.062438965,-108.349533081,-85.2688980103,42.3717308044,0.970868527889,-9.53608512878,9.84456443787,50.8058166504,103.7135849,59.6522140503,17.3295288086,-0.631099283695,-5.48350334167],[632.958984375,-185.325836182,-118.341201782,25.712978363,-2.6984360218,-8.1515417099,17.3060569763,37.9792823792,59.6522140503,96.3266220093,35.3035087585,16.0849056244,-2.62949228287],[263.674377441,-81.1244659424,-56.6016311646,-9.34719657898,-12.4885931015,8.1694726944,17.6518039703,21.5177364349,17.3295288086,35.3035087585,69.7954483032,30.6237125397,7.66070079803],[280.660644531,-83.5732345581,-84.2152938843,-6.05993509293,-8.77069854736,-5.17293548584,25.8060588837,16.0700836182,-0.631099283695,16.0849056244,30.6237125397,66.4068145752,26.2217597961],[78.6326446533,-17.4870147705,-57.6131515503,28.9396247864,-4.33983755112,-30.4849948883,13.3556337357,15.8826227188,-5.48350334167,-2.62949228287,7.66070079803,26.2217597961,61.8301467896]],"icov":[[0.000157247370225,0.00019915564917,0.000263900816208,-0.000122713056044,0.0000938985467656,-0.0000925340791582,-0.0000580618616368,-0.000428464176366,0.000202006704058,-0.000260092434473,0.0000757572197472,-0.0000289515082841,0.000253000820521],[0.00019915564917,0.000888436567038,0.0000349433939846,-0.000369852146832,0.000329600006808,0.0000193409887288,-0.000739453360438,0.000430787331425,-0.00013981963275,0.000568689196371,-0.0000472437095596,0.000334102573106,0.000161348987604],[0.000263900816208,0.0000349433939846,0.00212278706022,0.000376362237148,-0.000774329178967,-0.0000446171216026,0.00178876286373,-0.00207161484286,0.00122571026441,0.000530399614945,-0.000201681570616,0.000792386999819,0.00136573531199],[-0.000122713056044,-0.000369852146832,0.000376362237148,0.00394403887913,-0.00217202282511,0.00224180449732,-0.0010905219242,-0.0010663731955,-0.000533595739398,0.000211624777876,0.000231375917792,0.00158082635608,-0.000718927825801],[0.0000938985467656,0.000329600006808,-0.000774329178967,-0.00217202282511,0.00898201670498,-0.0039613218978,0.00017029067385,0.00130656629335,-0.000556210346986,-0.00129511754494,0.00199422542937,-0.000692056433763,-0.00148416159209],[-0.0000925340791582,0.0000193409887288,-0.0000446171216026,0.00224180449732,-0.0039613218978,0.0087578445673,-0.00473170960322,0.00317517388612,-0.0012661665678,0.00172660534736,-0.00231484416872,0.0012462240411,0.00299813877791],[-0.0000580618616368,-0.000739453360438,0.00178876286373,-0.0010905219242,0.00017029067385,-0.00473170960322,0.0152667565271,-0.00968523602933,0.0043003349565,-0.000292176555376,0.000632426235825,-0.00278199603781,0.000381521997042],[-0.000428464176366,0.000430787331425,-0.00207161484286,-0.0010663731955,0.00130656629335,0.00317517388612,-0.00968523602933,0.0192610975355,-0.00784883741289,0.00124683126342,-0.00206167623401,0.00078479910735,-0.00268334662542],[0.000202006704058,-0.00013981963275,0.00122571026441,-0.000533595739398,-0.000556210346986,-0.0012661665678,0.0043003349565,-0.00784883741289,0.0190398097038,-0.0100721130148,0.000595407676883,0.00217373250052,0.00178397132549],[-0.000260092434473,0.000568689196371,0.000530399614945,0.000211624777876,-0.00129511754494,0.00172660534736,-0.000292176555376,0.00124683126342,-0.0100721130148,0.0226707290858,-0.00749852648005,-0.000949562701862,0.00279264268465],[0.0000757572197472,-0.0000472437095596,-0.000201681570616,0.000231375917792,0.00199422542937,-0.00231484416872,0.000632426235825,-0.00206167623401,0.000595407676883,-0.00749852648005,0.0224406383932,-0.00864974129945,-0.000392455520341],[-0.0000289515082841,0.000334102573106,0.000792386999819,0.00158082635608,-0.000692056433763,0.0012462240411,-0.00278199603781,0.00078479910735,0.00217373250052,-0.000949562701862,-0.00864974129945,0.0251895710826,-0.00836369115859],[0.000253000820521,0.000161348987604,0.00136573531199,-0.000718927825801,-0.00148416159209,0.00299813877791,0.000381521997042,-0.00268334662542,0.00178397132549,0.00279264268465,-0.000392455520341,-0.00836369115859,0.0233598072082]],"mean":[-682.905822754,101.737571716,39.4085388184,55.2499771118,-0.973929464817,-16.2667350769,1.36615681648,7.38986682892,0.595309317112,4.7738776207,0.951740086079,0.675062775612,-3.06763386726]},"pitch_salience":{"dmean":0.0790493562818,"dmean2":0.130374729633,"dvar":0.00550147891045,"dvar2":0.0151136713102,"max":0.85658377409,"mean":0.551976621151,"median":0.566298425198,"min":0.0958616435528,"var":0.0137190269306},"silence_rate_20dB":{"dmean":0,"dmean2":0,"dvar":0,"dvar2":0,"max":1,"mean":1,"median":1,"min":1,"var":0},"silence_rate_30dB":{"dmean":0.00308846239932,"dmean2":0.00617737881839,"dvar":0.00307922391221,"dvar2":0.00761001324281,"max":1,"mean":0.997352957726,"median":1,"min":0,"var":0.00264064595103},"silence_rate_60dB":{"dmean":0.00544157670811,"dmean2":0.0108839534223,"dvar":0.00541286170483,"dvar2":0.0131223127246,"max":1,"mean":0.109779410064,"median":0,"min":0,"var":0.0977288708091},"spectral_centroid":{"dmean":276.41305542,"dmean2":435.406738281,"dvar":88993.3125,"dvar2":217533.53125,"max":10775.3701172,"mean":1693.48925781,"median":1801.7421875,"min":144.213623047,"var":787618.8125},"spectral_complexity":{"dmean":3.9070520401,"dmean2":6.0152964592,"dvar":20.1294231415,"dvar2":44.7014961243,"max":57,"mean":18.3799991608,"median":18,"min":0,"var":123.449157715},"spectral_contrast_coeffs":{"dmean":[0.0485860146582,0.0428161248565,0.0372818782926,0.0266107544303,0.0199376754463,0.0167213194072],"dmean2":[0.0809154435992,0.0712944939733,0.0608946233988,0.0438958480954,0.0330276861787,0.0273375380784],"dvar":[0.0016335004475,0.00113642902579,0.000899971695617,0.00054317706963,0.000301668915199,0.000315316225169],"dvar2":[0.00452338997275,0.0032071811147,0.00238078343682,0.00140323233791,0.000777307082899,0.000779499590863],"max":[-0.328867375851,-0.361971884966,-0.508507966995,-0.523053765297,-0.566073775291,-0.615411937237],"mean":[-0.634193718433,-0.754620075226,-0.774490475655,-0.820967316628,-0.800864160061,-0.779285371304],"median":[-0.639078259468,-0.762442588806,-0.779599785805,-0.832566380501,-0.795491337776,-0.768650829792],"min":[-0.959843575954,-0.969330310822,-0.966513514519,-0.95681142807,-0.962598979473,-0.96016061306],"var":[0.00541608920321,0.00417529745027,0.00357619742863,0.00382604124025,0.00300408201292,0.00331320147961]},"spectral_contrast_valleys":{"dmean":[0.387833923101,0.333588957787,0.33757135272,0.361895889044,0.243724510074,0.211185321212],"dmean2":[0.643719851971,0.548017442226,0.529764056206,0.540807783604,0.370924323797,0.312281161547],"dvar":[0.113240525126,0.0785425007343,0.0860968381166,0.126800552011,0.0807106271386,0.0868607163429],"dvar2":[0.286559700966,0.192775547504,0.192374944687,0.273387491703,0.156978324056,0.174932748079],"max":[-5.19930696487,-4.75989723206,-5.85610723495,-5.88524246216,-5.40229940414,-7.3849773407],"mean":[-7.28290939331,-6.77316856384,-8.20721244812,-8.88618373871,-7.62441396713,-10.103468895],"median":[-6.9432554245,-6.4362244606,-7.77951574326,-8.45385551453,-6.87393283844,-9.4976644516],"min":[-27.4025058746,-26.873134613,-27.1573486328,-27.4357414246,-27.2280521393,-27.1448879242],"var":[1.69017350674,1.62915694714,2.11181735992,2.36589288712,3.80265569687,2.82381224632]},"spectral_decrease":{"dmean":2.28092211785e-9,"dmean2":3.820731731e-9,"dvar":1.54695149169e-17,"dvar2":4.13214468493e-17,"max":5.52140534524e-22,"mean":-5.4514011083e-9,"median":-4.55089743667e-9,"min":-5.59002977241e-8,"var":2.23014609851e-17},"spectral_energy":{"dmean":0.00887793954462,"dmean2":0.0148179652169,"dvar":0.00022767331393,"dvar2":0.000605996698141,"max":0.21372936666,"mean":0.0224998779595,"median":0.0191257037222,"min":1.04663704128e-20,"var":0.0003569763212},"spectral_energyband_high":{"dmean":0.00045693514403,"dmean2":0.000685255159624,"dvar":7.11263453468e-7,"dvar2":0.00000162564253969,"max":0.0233627315611,"mean":0.00147900450975,"median":0.000784798176028,"min":7.52931216716e-21,"var":0.00000394886819777},"spectral_energyband_low":{"dmean":0.00700371526182,"dmean2":0.0119898281991,"dvar":0.000178482892807,"dvar2":0.000492086575832,"max":0.198842734098,"mean":0.0114195933565,"median":0.00756655912846,"min":1.10797861788e-22,"var":0.000194082997041},"spectral_energyband_middle_high":{"dmean":0.000972462585196,"dmean2":0.00150930567179,"dvar":0.00000295053109767,"dvar2":0.00000736113724997,"max":0.0459999106824,"mean":0.00292432145216,"median":0.00175778288394,"min":1.52431070174e-21,"var":0.0000139850671985},"spectral_energyband_middle_low":{"dmean":0.00345696252771,"dmean2":0.0056707370095,"dvar":0.0000383343103749,"dvar2":0.000101455188997,"max":0.0950176417828,"mean":0.00873934384435,"median":0.00749288173392,"min":3.85245284396e-22,"var":0.0000549039978068},"spectral_entropy":{"dmean":0.132988423109,"dmean2":0.203248590231,"dvar":0.0239312481135,"dvar2":0.0520920827985,"max":9.81042098999,"mean":7.38400554657,"median":7.7765007019,"min":3.57222270966,"var":1.0252546072},"spectral_flux":{"dmean":0.0227071419358,"dmean2":0.0346194021404,"dvar":0.000882446358446,"dvar2":0.00159305764828,"max":0.346373647451,"mean":0.0745865553617,"median":0.0668037980795,"min":1.02305282301e-10,"var":0.00242216372862},"spectral_kurtosis":{"dmean":1.96090495586,"dmean2":3.2064063549,"dvar":18.0907363892,"dvar2":47.4306755066,"max":151.189605713,"mean":7.93171739578,"median":2.33049440384,"min":-1.18760323524,"var":277.39074707},"spectral_rms":{"dmean":0.000784656906035,"dmean2":0.00127103214618,"dvar":0.00000110631765438,"dvar2":0.00000289544937004,"max":0.0144400987774,"mean":0.00428338395432,"median":0.0043196324259,"min":3.19548012183e-12,"var":0.00000360371177521},"spectral_rolloff":{"dmean":680.69519043,"dmean2":1160.94616699,"dvar":1006354.25,"dvar2":2354940.25,"max":19035.3515625,"mean":1842.37402344,"median":689.0625,"min":43.06640625,"var":3274853.25},"spectral_skewness":{"dmean":0.211366936564,"dmean2":0.337079644203,"dvar":0.110523499548,"dvar2":0.256372004747,"max":10.8933115005,"mean":1.64863932133,"median":1.02147364616,"min":-0.268903672695,"var":2.855073452},"spectral_spread":{"dmean":452734.15625,"dmean2":692648.625,"dvar":288429441024,"dvar2":553463513088,"max":39890772,"mean":4768066.5,"median":4892433,"min":713057.875,"var":2405423382530},"spectral_strongpeak":{"dmean":0.280299514532,"dmean2":0.487589418888,"dvar":0.600067794323,"dvar2":1.60516190529,"max":19.016746521,"mean":0.504252254963,"median":0.3546667099,"min":0,"var":0.618682086468},"zerocrossingrate":{"dmean":0.0097491806373,"dmean2":0.0117200063542,"dvar":0.000103817837953,"dvar2":0.000136939415825,"max":0.49951171875,"mean":0.0691486671567,"median":0.06640625,"min":0.00439453125,"var":0.00182622950524}},"metadata":{"audio_properties":{"analysis_sample_rate":44100,"bit_rate":320026,"codec":"mp3","downmix":"mix","equal_loudness":0,"length":315.768157959,"lossless":false,"md5_encoded":"b8bd70a829e593c3fc093df16a11b1b7","replay_gain":-13.9595127106,"sample_rate":44100},"tags":{"acoustid_fingerprint":["AQADtFIkJZqSaAtOEzmuHD7xHJeH41qR48fxG0dKFR90Hj5c8biU4zv0w-g__HiFVoXI8TiTIDd-5MUFj0c_6CjJw2p0mIfO4yFS-rhCo-TRD1aY40gf4mqH49A6KTgDFHZx9mg6BT-hzWg-HecUaNnx7bgShWh2PDluHv0NLQ8uPcjRv_B7PIKPRznyaB96ow9eGg-Do_qDlgvRfDkufA_6wzGP_EFH_Ah5wnsaaEbO4zx6BT7h9agWMQ52-vgvdHA3pJeC-gvx40WtrEFuFh_h0EdvfEeyZkSYn_jRH_6HHz6PazJKHckXhJsy4i2sC8-HS7pC9B6-FTeaDyEv4trxHz-aB_pxKUb6o3gWB835oQ8uG9P7w9F7tOFxTUfyI_wC6ymqH0_wZOmIkqSx9UaPB-dxMUejEX2UFnmUQzseZS_ywNRxEl8uHDf69AOnJRHu46NwH8kvhJQOy0ctHneJH-fxSnjIH7WkI_2hNjlyCX9ivDPa42eQZzq01BTCWYlxNOHQ7wg5Qg8f5NfRzwtOYfIOH9-MPoivEPqPEqkmXvg2_MfV4Udt5ExwPhqa-Wgp4SKCf8P0B95FtNXBJwlRor-EmxFxvkZ7YYqN9_iNWIwehOGY4h_eECl14MkOkatxIdKDK9yCBueNs_B6TI1kolQaHsnWtciDJib6NEEbHbaO7yyaOCuO0EczXsOxjtAuwdWL3girZPhhH89xeD184loOPkjOITwe4ouyNChXw0etLBzO47gR6oakNVeQd8i5rGg8PIcG8Wh3HGHv4h_eD69xHr3wZMaVHj-ubwjz0Hg7Q_qFo5_wMLhYnIe2iSk85PKR1riWwtWD_tCHK4tSpN_xI19wUWmgdUeYNcnxb0D9Eoa3HOYzRJZ41Lh8FboRjtHxoYn542OmEUEPLTceHr-gPUeuoPnwVPg0Fp_QmDkmMtlxornRM2GMx0WvIkt-6A9xJTkq7yF-iO_Rf7gK_WjOI_SI62hzHDTzwzWuSaB-JNce5NHh4WGG08ePR8cs6biVjIZfIieuDyIVvfiCltFx9GieIw96NPWHxym6LIfro9c69DjCPEdypeHxiMcvocnRp8R1PMqO_oeRF6NrPBGFLha-LMV5QUt7hM_x5fh5TF0Nny--w4yKLzzxB2E-yM4QfbjG4RwepR1-B9jOHM-Rm7hROZfRbNOLJ4uE3huaikCvH1qiHj9ypaj3wvvx407wKPsRyVmQvDmao-zx6AHfFKWMKcedP8iF88pwKXmwL8WP5qgoxnh7gcefQmt8pA_KF0fPBc1Z4RIeJG6iHHl4XAvxNLjR92icDMf1nMjRPDquHjqaHR_6Htt5hEyUGbuLS9mHE5Yi4ktmnMcu9EkQBkmlJHjE4DkVHE2doxfu4EevH00k7cJeIvyOMO6RC3cGLSrjoNeIUM5ueEozNMyNH_-C_miSLRYe5givIFEyfBnYxzj6HE0VvOlx4wjp4-vRZgpOodsFXyd6_NBtZKN49Md1cH5gTRkRXzlEZwifHD8esnhQoTlz5Dn-FLrR_II2L8c9lE_QGMcTD