{"lowlevel":{"average_loudness":0.961129903793,"barkbands":{"dmean":[0.000656796095427,0.0112874042243,0.00377034815028,0.00136362097692,0.00233935378492,0.00109424896073,0.00165066577028,0.000860871921759,0.00130519538652,0.00053105148254,0.000680896802805,0.000480762624647,0.000750261242501,0.000849571544677,0.0005448316806,0.000281355343759,0.000450560939498,0.000196002816665,0.000161709584063,0.000149227169459,0.000123507546959,0.000164746626979,0.000144886187627,0.000100357821793,0.000106969739136,0.0000306697183987,0.00000430935415352],"dmean2":[0.00108779768925,0.0198899712414,0.00689333910123,0.00238617206924,0.00392034696415,0.00172186235432,0.00267425132915,0.0013440772891,0.00208049081266,0.000824529677629,0.00104575196747,0.000747350277379,0.00118012458552,0.00136202271096,0.000835652055684,0.000444657169282,0.000702416000422,0.000310306262691,0.000258197891526,0.000239727276494,0.000200128401048,0.000263211899437,0.000220628906391,0.000145824611536,0.000153245491674,0.0000454076434835,0.00000699386691849],"dvar":[8.85267070316e-7,0.000431115098763,0.0000753398417146,0.00000553782729185,0.0000265022117674,0.00000394415337723,0.0000122048177218,0.0000058357004491,0.00000845423801366,0.00000165780033967,0.00000344814043274,0.00000159167086622,0.0000032389741591,0.00000408568621424,0.00000154986776124,3.41398532555e-7,8.00828502179e-7,2.28137508884e-7,1.01757819948e-7,6.47286384492e-8,3.54293803184e-8,8.04434918678e-8,4.77928843168e-8,3.47336523987e-8,2.68802580194e-8,5.68042590743e-9,1.3469167448e-10],"dvar2":[0.00000229949978348,0.00118749495596,0.000214461164433,0.0000152283955686,0.0000712297623977,0.00000911567713047,0.000030161376344,0.0000135507443701,0.000021245688913,0.00000380129199584,0.000008126737157,0.00000344040336131,0.00000776287924964,0.0000101343748611,0.00000360553713108,7.8532337966e-7,0.0000018239865085,4.85965699681e-7,2.36336518356e-7,1.5669205311e-7,8.50291854704e-8,1.98224526571e-7,1.02053483886e-7,6.6029535617e-8,5.23449799061e-8,1.35562521208e-8,3.57265578232e-10],"max":[0.0126010198146,0.144358217716,0.0705216675997,0.0344933569431,0.0797214880586,0.0432245545089,0.0663396865129,0.0519494116306,0.0764025449753,0.0320109464228,0.0439535342157,0.0348040089011,0.031867813319,0.0382860191166,0.0257649365813,0.0138186207041,0.0150033161044,0.0116779981181,0.00771423708647,0.00548125291243,0.00263539003208,0.00368485390209,0.00392071856186,0.00391137413681,0.00285760127008,0.00167338538449,0.000304164102999],"mean":[0.000764111988246,0.0141147132963,0.00395029736683,0.00163535622414,0.00310784997419,0.00200464576483,0.00259849592112,0.00131659687031,0.00227548368275,0.000902611063793,0.00115049257874,0.000780056463555,0.00117876508739,0.00123600359075,0.000926687731408,0.000544658920262,0.000811732024886,0.000342084007571,0.000318057223922,0.000291832082439,0.000283845263766,0.000336649536621,0.00035594086512,0.000251287827268,0.000223153372644,0.0000635254691588,0.00000551252333025],"median":[0.000313230993925,0.00920673832297,0.00190913164988,0.000943387043662,0.00124817807227,0.000957186333835,0.00103866902646,0.000381438090699,0.00112797110341,0.000423927995143,0.00034298846731,0.000302172906231,0.000436862057541,0.000355717464117,0.000415023852838,0.000300714047626,0.000326947571011,0.00018032049411,0.000224523115321,0.000189605576452,0.000208252939046,0.000206546334084,0.000238016393268,0.000150396197569,0.000120725431771,0.0000364617771993,0.00000222146513806],"min":[4.50965106155e-25,4.69046833483e-24,2.02546407467e-24,2.91462193868e-24,1.67680242459e-23,1.12665564134e-23,1.43019693256e-23,1.22879774578e-23,2.95706403588e-23,1.78384264528e-23,4.11513645721e-23,2.52434038167e-23,4.90893436952e-23,6.10490051329e-23,9.62632384492e-23,7.87094803426e-23,1.06327999195e-22,1.29764034325e-22,2.00077844758e-22,2.03310988023e-22,2.8001166878e-22,2.68239869834e-22,4.47181442503e-22,6.92993378335e-22,9.49883748553e-22,1.25307008076e-21,2.17856532983e-21],"var":[0.00000124971313653,0.000331471179379,0.0000477133762615,0.00000496500524605,0.0000300083829643,0.0000097601359812,0.0000245005139732,0.0000121450848383,0.000015984311176,0.00000349110723619,0.00000832132263895,0.00000338556242241,0.00000618697822574,0.00000692456387696,0.00000313316604661,7.38612584428e-7,0.00000189730815237,3.91830639046e-7,1.69066112221e-7,1.30569645762e-7,8.06312456803e-8,1.5640706863e-7,1.55949479108e-7,1.19033686019e-7,8.32314555055e-8,8.49744274944e-9,1.32312452661e-10]},"barkbands_crest":{"dmean":3.11761975288,"dmean2":5.24846887589,"dvar":8.99574947357,"dvar2":24.9258117676,"max":24.63139534,"mean":10.2139196396,"median":9.49861431122,"min":2.52912640572,"var":16.578081131},"barkbands_flatness_db":{"dmean":0.0223155617714,"dmean2":0.0360490828753,"dvar":0.00062476558378,"dvar2":0.00162466289476,"max":0.480186760426,"mean":0.107123970985,"median":0.0957895368338,"min":0.0210262797773,"var":0.00260646617971},"barkbands_kurtosis":{"dmean":3.41804599762,"dmean2":5.8586397171,"dvar":68.1760025024,"dvar2":187.547195435,"max":152.149795532,"mean":3.45528173447,"median":1.11065685749,"min":-1.85811424255,"var":82.343132019},"barkbands_skewness":{"dmean":0.650118231773,"dmean2":1.04922020435,"dvar":0.738084495068,"dvar2":1.90130376816,"max":10.1868419647,"mean":1.36438524723,"median":1.226988554,"min":-2.85974240303,"var":1.53844642639},"barkbands_spread":{"dmean":7.27707147598,"dmean2":11.1373186111,"dvar":66.0290222168,"dvar2":143.719116211,"max":101.814498901,"mean":29.713634491,"median":27.9157543182,"min":0.559665858746,"var":250.73197937},"dissonance":{"dmean":0.0165341552347,"dmean2":0.0275421887636,"dvar":0.000284479378024,"dvar2":0.000758536742069,"max":0.499956101179,"mean":0.468295574188,"median":0.474351763725,"min":0.240038514137,"var":0.000629313872196},"dynamic_complexity":2.03755760193,"erbbands":{"dmean":[0.323687911034,2.61054730415,4.68300008774,4.35552930832,6.94443273544,7.74383211136,8.30435752869,9.40501022339,19.5623264313,23.3457984924,19.8815841675,31.3724994659,14.9694786072,20.7019786835,21.6684360504,18.2642879486,34.1086654663,28.3159561157,31.1689548492,32.7059631348,15.8228807449,22.0489215851,13.5405712128,7.79194831848,7.86179208755,6.82646465302,5.65463447571,5.26282739639,5.81210851669,5.77147245407,3.71291470528,2.22941398621,1.77737545967,1.33251869678,0.725638866425,0.176890835166,0.0496012866497,0.0113508608192,0.000617020879872,0.0000302502085106],"dmean2":[0.560557067394,4.68284797668,8.56580162048,7.71750974655,12.1150360107,12.9277086258,13.3246364594,14.7209043503,31.6009750366,37.7108917236,30.7052459717,50.2670135498,23.3948726654,31.840839386,33.6880226135,28.0000782013,53.2056274414,44.9022750854,49.4933815002,50.3455924988,24.6440677643,34.2321205139,20.7835407257,12.5121107101,12.4756765366,10.9931526184,9.20287799835,8.53159809113,9.34248638153,8.97603034973,5.67395448685,3.34512042999,2.58375644684,1.93160128593,1.06341362,0.258692800999,0.0745118558407,0.017349421978,0.00102547963616,0.0000500850910612],"dvar":[0.267318844795,26.9041461945,116.232215881,64.6969070435,282.25213623,288.77734375,266.1512146,312.500915527,1834.55737305,2979.77099609,2316.46801758,5749.77099609,1060.44555664,2887.29467773,2869.72680664,2025.36987305,7073.71142578,4376.44970703,5086.58105469,5220.99560547,1093.64868164,1945.80810547,948.81829834,298.387786865,217.15763855,148.861938477,80.7216873169,75.4531936646,108.880752563,72.8243789673,35.242603302,15.6743917465,12.1070919037,5.01613712311,1.25652217865,0.124031729996,0.0213325489312,0.000831576820929,0.00000391157846025,4.26846558099e-9],"dvar2":[0.720388233662,75.729057312,330.338562012,181.319671631,770.638427734,769.296020508,659.206176758,696.630371094,4405.2265625,7319.64111328,5268.45214844,14566.2451172,2395.3503418,6889.27832031,6874.56884766,4552.63623047,16977.1425781,10304.1796875,12689.0322266,12441.4765625,2459.20703125,4428.53808594,1967.09020996,692.888793945,490.890991211,359.841644287,201.340240479,184.04699707,272.446350098,161.843978882,75.268951416,31.4703617096,23.5727519989,9.76811408997,2.53311538696,0.26762393117,0.0538131222129,0.00211226707324,0.0000107018504423,1.15509717347e-8],"max":[4.71907901764,34.4484558105,79.5766296387,73.3284378052,255.445297241,263.139526367,332.452056885,541.023132324,948.730407715,1008.12072754,1012.61395264,2083.48779297,880.586730957,1356.89306641,1163.32910156,1038.91162109,1628.96679688,1275.05505371,1582.86254883,1910.50012207,855.481628418,894.716430664,697.810180664,575.272583008,385.305206299,274.67678833,137.272277832,111.264907837,130.385375977,152.390823364,106.888923645,82.8915481567,63.0632476807,36.6527252197,20.0953235626,7.11786174774,3.32021665573,0.787304997444,0.0536624900997,0.00193029921502],"mean":[0.400420188904,3.13470029831,5.06250238419,5.39238643646,7.70283222198,10.4098539352,13.9730100632,17.5891170502,31.901391983,36.1017074585,34.1319313049,54.3460044861,28.5940971375,38.9838867188,38.0799179077,32.5582809448,56.5776062012,46.5206947327,50.7006072998,57.7155303955,32.8460922241,41.7646484375,25.6297283173,15.7278137207,16.3035869598,13.7231340408,11.930724144,11.2353725433,11.598947525,13.0599555969,9.24185752869,5.45513820648,4.1444272995,2.79239034653,1.42624461651,0.387136012316,0.0952610448003,0.019148696214,0.000783082738053,0.0000730677566025],"median":[0.246689260006,1.94570195675,2.68872451782,3.49793958664,3.07304191589,3.9646794796,6.07951974869,8.82266139984,13.3938798904,13.481965065,14.2826137543,25.8885192871,16.5487689972,14.6446056366,14.434595108,14.9919157028,22.5308074951,16.1023864746,20.2190723419,23.2206954956,18.668390274,17.3679389954,11.8655157089,11.0769729614,11.7289237976,8.82305717468,8.51921367645,7.53253602982,7.06436491013,8.90280151367,6.15241622925,3.41976833344,2.28119730949,1.52003753185,0.722738981247,0.215229377151,0.0519511178136,0.00999249145389,0.000318547216011,0.0000615165336058],"min":[1.37646130541e-22,4.65750950533e-22,1.43585134869e-21,7.54467074624e-21,3.47621101462e-20,5.17139521854e-20,4.03084950938e-20,1.10835106423e-19,1.80532711527e-19,3.29171277338e-19,2.89434839031e-19,7.84014192287e-19,7.61804961527e-19,1.35623737073e-18,1.82893314389e-18,1.14318490645e-18,2.61800782037e-18,2.49790326338e-18,4.32026425051e-18,4.66217149849e-18,4.32550195815e-18,6.27954534251e-18,7.34632088744e-18,9.09969563187e-18,8.16758384989e-18,1.03163972492e-17,1.24851026879e-17,1.01488766316e-17,9.82866343593e-18,9.8449117447e-18,1.3592985387e-17,1.29673043173e-17,1.22481162696e-17,8.82893129324e-18,6.71153628151e-18,4.49578825418e-18,2.50714762711e-18,1.06425440182e-18,2.42033073082e-19,2.90633300953e-20],"var":[0.252300471067,18.8146209717,73.3297958374,47.8742904663,240.07862854,386.075561523,591.624572754,721.436462402,3770.9934082,6033.15576172,4949.16943359,10213.4707031,2214.75463867,7701.84521484,6035.25927734,3980.79321289,13205.8300781,8501.95605469,8510.81933594,10751.7978516,2620.59375,4727.10644531,1935.26367188,464.711273193,403.540130615,305.00112915,162.586471558,145.596817017,190.373016357,204.699401855,114.164871216,52.4000740051,37.1014442444,15.110001564,3.40258002281,0.26833704114,0.0247409176081,0.000974475697149,0.00000334199103236,3.91844068304e-9]},"erbbands_crest":{"dmean":2.62201309204,"dmean2":4.20185136795,"dvar":6.71266222,"dvar2":16.4553356171,"max":30.2689704895,"mean":8.72760295868,"median":7.52514410019,"min":2.05804848671,"var":20.2800006866},"erbbands_flatness_db":{"dmean":0.0155136054382,"dmean2":0.0226141083986,"dvar":0.000228436038014,"dvar2":0.000439011637354,"max":0.419495999813,"mean":0.126089006662,"median":0.118966989219,"min":0.0520063191652,"var":0.00171999738086},"erbbands_kurtosis":{"dmean":0.874923050404,"dmean2":1.36593639851,"dvar":1.5069617033,"dvar2":3.4525809288,"max":37.560382843,"mean":0.674566507339,"median":0.0316282846034,"min":-1.69750475883,"var":4.95617771149},"erbbands_skewness":{"dmean":0.313897222281,"dmean2":0.471987307072,"dvar":0.0871612206101,"dvar2":0.194136112928,"max":5.29036855698,"mean":0.26444157958,"median":0.205043852329,"min":-2.45127701759,"var":0.539358258247},"erbbands_spread":{"dmean":8.82813835144,"dmean2":13.4464111328,"dvar":87.4563674927,"dvar2":189.504470825,"max":121.995903015,"mean":41.3274345398,"median":39.4456367493,"min":3.83379912376,"var":364.052124023},"gfcc":{"cov":[[14388.3457031,407.598724365,-773.136901855,658.470703125,-496.308044434,386.606384277,-440.860748291,81.8785324097,-163.027603149,163.720748901,-182.271774292,123.414520264,-41.6147880554],[407.598724365,1102.7746582,-76.8110809326,-216.975250244,54.3375434875,-133.908477783,65.8846130371,-58.0869827271,35.7455406189,-87.56640625,61.4681053162,-55.2465438843,-23.1995048523],[-773.136901855,-76.8110809326,547.237426758,37.5519752502,-28.7981472015,-12.4041872025,51.8639755249,10.0486679077,-24.6028862,11.7875852585,-14.2246780396,5.60886716843,-11.6982746124],[658.470703125,-216.975250244,37.5519752502,296.323699951,2.93098378181,53.0368423462,-52.5664176941,18.9560070038,3.23481249809,20.9941425323,-22.1571235657,12.5113649368,27.0971870422],[-496.308044434,54.3375434875,-28.7981472015,2.93098378181,204.679336548,14.7049875259,15.4524106979,3.40734910965,36.812828064,-18.4641418457,0.493574500084,-9.03714561462,8.56612300873],[386.606384277,-133.908477783,-12.4041872025,53.0368423462,14.7049875259,182.381759644,50.5268249512,25.5516433716,-18.739654541,12.5664558411,-2.09779644012,4.41176843643,-2.20192956924],[-440.860748291,65.8846130371,51.8639755249,-52.5664176941,15.4524106979,50.5268249512,154.610671997,32.1894226074,-13.130607605,-12.478222847,19.1257228851,-10.0007534027,-13.2898569107],[81.8785324097,-58.0869827271,10.0486679077,18.9560070038,3.40734910965,25.5516433716,32.1894226074,98.7776031494,34.8846588135,7.58753585815,-3.56182861328,-3.83116173744,-2.2926094532],[-163.027603149,35.7455406189,-24.6028862,3.23481249809,36.812828064,-18.739654541,-13.130607605,34.8846588135,104.356376648,24.2317581177,1.60372805595,-9.49311828613,1.21664869785],[163.720748901,-87.56640625,11.7875852585,20.9941425323,-18.4641418457,12.5664558411,-12.478222847,7.58753585815,24.2317581177,76.843536377,16.4574985504,6.85943698883,-2.20495009422],[-182.271774292,61.4681053162,-14.2246780396,-22.1571235657,0.493574500084,-2.09779644012,19.1257228851,-3.56182861328,1.60372805595,16.4574985504,84.8592987061,23.0821208954,-2.49274873734],[123.414520264,-55.2465438843,5.60886716843,12.5113649368,-9.03714561462,4.41176843643,-10.0007534027,-3.83116173744,-9.49311828613,6.85943698883,23.0821208954,74.7902755737,28.6043720245],[-41.6147880554,-23.1995048523,-11.6982746124,27.0971870422,8.56612300873,-2.20192956924,-13.2898569107,-2.2926094532,1.21664869785,-2.20495009422,-2.49274873734,28.6043720245,65.4901885986]],"icov":[[0.000244237191509,-0.000587697897572,0.000365038577002,-0.000578075880185,0.000476244458696,-0.000702757795807,0.000826998904813,-0.000793696730398,0.000888389418833,-0.00105131370947,0.00110505544581,-0.00101307441946,0.000738159928005],[-0.000587697897572,0.00291717494838,-0.000781234644819,0.00192244572099,-0.00113859190606,0.00240648444742,-0.00266486639157,0.00296008726582,-0.00323656969704,0.00428284192458,-0.00401361985132,0.00357434246689,-0.00199197116308],[0.000365038577002,-0.000781234644819,0.00264262198471,-0.00137838965748,0.000829148339108,-0.00021973424009,-0.0000608107111475,-0.00114341790322,0.0018152728444,-0.00221056700684,0.0023938906379,-0.00206128158607,0.00171264796518],[-0.000578075880185,0.00192244572099,-0.00137838965748,0.00602561142296,-0.00135506642982,0.000190652470337,0.000134593326948,0.00104495708365,-0.00209607649595,0.00240142317489,-0.00261422153562,0.00301543460228,-0.00347491377033],[0.000476244458696,-0.00113859190606,0.000829148339108,-0.00135506642982,0.00678481347859,-0.00225598178804,0.000888485345058,-0.000327597314026,-0.00143507879693,0.000335856835591,0.00165923021268,-0.00132050504908,0.000491473067086],[-0.000702757795807,0.00240648444742,-0.00021973424009,0.000190652470337,-0.00225598178804,0.00997807364911,-0.00580659648404,0.00147030455992,-0.000679569900967,0.00147180364002,-0.00258311838843,0.00243602646515,-0.00130863138475],[0.000826998904813,-0.00266486639157,-0.0000608107111475,0.000134593326948,0.000888485345058,-0.00580659648404,0.0134140010923,-0.00676992209628,0.0051375576295,-0.00246620643884,0.00123315898236,-0.00186342594679,0.00237094634213],[-0.000793696730398,0.00296008726582,-0.00114341790322,0.00104495708365,-0.000327597314026,0.00147030455992,-0.00676992209628,0.0172386709601,-0.00962481461465,0.00521509256214,-0.00327489664778,0.00333301187493,-0.0019964450039],[0.000888389418833,-0.00323656969704,0.0018152728444,-0.00209607649595,-0.00143507879693,-0.000679569900967,0.0051375576295,-0.00962481461465,0.0189224947244,-0.0104594603181,0.00485147116706,-0.00250354548916,0.0020544459112],[-0.00105131370947,0.00428284192458,-0.00221056700684,0.00240142317489,0.000335856835591,0.00147180364002,-0.00246620643884,0.00521509256214,-0.0104594603181,0.0236856173724,-0.010163125582,0.0051439893432,-0.00249352119863],[0.00110505544581,-0.00401361985132,0.0023938906379,-0.00261422153562,0.00165923021268,-0.00258311838843,0.00123315898236,-0.00327489664778,0.00485147116706,-0.010163125582,0.0215054471046,-0.0115914214402,0.00607046345249],[-0.00101307441946,0.00357434246689,-0.00206128158607,0.00301543460228,-0.00132050504908,0.00243602646515,-0.00186342594679,0.00333301187493,-0.00250354548916,0.0051439893432,-0.0115914214402,0.0242587085813,-0.0118173183873],[0.000738159928005,-0.00199197116308,0.00171264796518,-0.00347491377033,0.000491473067086,-0.00130863138475,0.00237094634213,-0.0019964450039,0.0020544459112,-0.00249352119863,0.00607046345249,-0.0118173183873,0.0223499648273]],"mean":[42.5789871216,74.7168884277,-103.728408813,35.2703285217,-55.9195899963,27.9272117615,-35.8777656555,17.2701396942,-15.7361745834,10.3051252365,-16.0742893219,4.0479092598,-12.1184444427]},"hfc":{"dmean":7.80896902084,"dmean2":11.747841835,"dvar":93.6071777344,"dvar2":209.712524414,"max":136.215805054,"mean":32.3700904846,"median":29.7080688477,"min":1.11007797023e-16,"var":351.923309326},"melbands":{"dmean":[0.0030195529107,0.00280053401366,0.000821671448648,0.000537096871994,0.000294433586532,0.000214051906369,0.000306099071167,0.000243131100433,0.000185720491572,0.000183912095963,0.0000768481113482,0.0000854366735439,0.0000881187370396,0.0000477532521472,0.0000771411869209,0.0000650114598102,0.000061095917772,0.0000654773175484,0.0000412083645642,0.000031125597161,0.0000206351287488,0.0000228529643209,0.0000240721110458,0.00000891856325325,0.00000657162127027,0.00000667606036586,0.00000581057383897,0.00000469103952128,0.00000410498387282,0.00000293373068416,0.00000357059980161,0.00000348959360963,0.00000346619799529,0.00000355206725544,0.00000245778483077,0.00000181224459084,0.00000132883087645,0.00000135662594403,0.00000124618372865,0.00000121895789107],"dmean2":[0.00528750382364,0.00507023045793,0.00144795421511,0.000912049319595,0.00047339554294,0.000334702053806,0.000496983935591,0.000389705179259,0.000288741779514,0.00029576846282,0.000120070231787,0.000131748995045,0.000136119764647,0.0000742958873161,0.000120172218885,0.000101573081338,0.0000969561297097,0.000104890001239,0.0000628807829344,0.000048720939958,0.0000327477682731,0.0000357885146514,0.0000372111826437,0.0000140761922012,0.0000107599298644,0.0000107378909888,0.00000939212168305,0.00000764386186347,0.00000670151666782,0.00000486444832859,0.00000579208062845,0.00000569638314118,0.00000555843689654,0.00000557292014491,0.00000380734377359,0.00000283591953121,0.00000201283955903,0.00000202893102141,0.00000183883037153,0.00000180923234439],"dvar":[0.0000271944227279,0.0000367732463928,0.00000208732649298,0.00000163337870163,2.99797932257e-7,1.46722626937e-7,4.29493240972e-7,3.20132869547e-7,1.72130469878e-7,1.94262881337e-7,3.02230844795e-8,4.62315021821e-8,5.30989261449e-8,2.24854943554e-8,3.11248555818e-8,2.7233442168e-8,2.16520668062e-8,2.66490509659e-8,1.20014833627e-8,4.09866274254e-9,2.05649430818e-9,2.18897344695e-9,3.27611271445e-9,4.91174934059e-10,2.17968393335e-10,1.4991570485e-10,1.04398677203e-10,7.60962542978e-11,4.35858571457e-11,2.05304107048e-11,3.89829210579e-11,4.07267483626e-11,3.23314083839e-11,2.69482075543e-11,1.49176747344e-11,9.7214849018e-12,6.19448849853e-12,6.79945899931e-12,6.95813502302e-12,3.63215685827e-12],"dvar2":[0.0000742266420275,0.000103583537566,0.00000577577202421,0.0000044255452849,7.44743999803e-7,3.27381513898e-7,0.00000105380991045,7.8589749819e-7,4.0369997123e-7,4.90414720389e-7,6.82401761765e-8,1.1025635871e-7,1.24027152992e-7,4.77590020864e-8,7.16734120942e-8,6.43495496888e-8,5.14340925406e-8,6.6755063699e-8,2.72880491536e-8,9.89887638525e-9,4.67805705284e-9,5.19909137964e-9,7.08912750724e-9,1.0784013682e-9,5.31257260405e-10,3.45157347148e-10,2.46153264438e-10,1.86035686855e-10,1.07912248581e-10,5.16359489888e-11,9.66553642678e-11,1.04496300501e-10,7.77157435627e-11,6.18829987253e-11,3.35426651732e-11,2.14823957234e-11,1.29605562393e-11,1.41003259416e-11,1.39334455432e-11,7.55799155899e-12],"max":[0.0400565862656,0.0419628061354,0.0137656591833,0.0210540425032,0.0108425393701,0.0105194160715,0.0138790523633,0.0096736215055,0.00991907063872,0.0121437059715,0.00476254476234,0.00503942230716,0.00562765402719,0.00501631712541,0.00442627770826,0.0034295883961,0.0026502776891,0.00366474525072,0.0027565038763,0.00171865022276,0.00134835543577,0.000959020457231,0.00109205418266,0.000645708583761,0.000503348419443,0.00026782733039,0.00025035411818,0.000195225147763,0.000117434829008,0.0000791989295976,0.0000828112970339,0.0000869161012815,0.0000975230141194,0.000093714283139,0.000068533277954,0.0000526446820004,0.0000553708596271,0.0000544371650903,0.000043924061174,0.000031177438359],"mean":[0.00385661772452,0.00329427048564,0.00100298400503,0.000666785286739,0.000493157655001,0.00040529447142,0.000494327396154,0.000376785639673,0.000314737932058,0.000316800898872,0.000137278722832,0.000157192684128,0.000150785112055,0.0000762677373132,0.000127155944938,0.000100871970062,0.0000920744423638,0.0000953126582317,0.0000692975954735,0.0000563190515095,0.0000366249551007,0.0000416118637077,0.0000394405178668,0.0000154282206495,0.0000119781961985,0.0000126867898871,0.0000108767790152,0.00000851495497045,0.00000780732261774,0.0000061401401581,0.00000668178336127,0.00000626627434031,0.00000695641983839,0.0000075142966125,0.00000567837923882,0.00000397136818719,0.00000299675298265,0.00000296494931717,0.00000254694782598,0.00000233283253692],"median":[0.00255509908311,0.00201164302416,0.000639293109998,0.000256928644376,0.000224435949349,0.000201326518436,0.000204357580515,0.000131483684527,0.000133767782245,0.000155479589012,0.0000733284105081,0.0000602818145126,0.0000494184350828,0.0000254226779361,0.000057403514802,0.0000375919553335,0.0000277504332189,0.0000317316080327,0.0000292443346552,0.0000254226106335,0.0000189025522559,0.0000181154264283,0.00001308085848,0.00000808770528238,0.00000817385262053,0.00000894677214092,0.00000736224046705,0.00000497152223033,0.00000533789989277,0.00000439412451669,0.00000404180900659,0.00000363630465472,0.00000430499903814,0.00000503564706378,0.00000373632474293,0.00000239529026658,0.0000018109458324,0.00000168168594428,0.0000011458893141,0.00000128732995108],"min":[1.60112189008e-24,7.43216870903e-25,1.97673081175e-24,3.13828491012e-24,1.55111954717e-24,2.09372480045e-24,2.8868824338e-24,3.33227113152e-24,1.97498072383e-24,4.31418168304e-24,3.3268658566e-24,4.30262447635e-24,6.56247865027e-24,2.51372341829e-24,4.51337892237e-24,4.66416771225e-24,5.09034705528e-24,6.47535409088e-24,7.80295847943e-24,5.61043634478e-24,4.10717077644e-24,5.09002007244e-24,4.81925224419e-24,6.27859048745e-24,7.37782950469e-24,5.74322214551e-24,3.7123577263e-24,6.3197094677e-24,6.43783034421e-24,6.79953135229e-24,5.83948131975e-24,6.11607173034e-24,4.08526765898e-24,6.04412091046e-24,7.67026418656e-24,7.58424206029e-24,7.72000423322e-24,8.62928002245e-24,8.0981312975e-24,6.8090229267e-24],"var":[0.0000226050124184,0.0000241521538555,0.00000161705975188,0.00000168166582171,6.44824581286e-7,3.60294734492e-7,8.60842931161e-7,6.69549933718e-7,3.68388896277e-7,3.35437960075e-7,6.35685850625e-8,1.18359622547e-7,1.21718016999e-7,4.88865836701e-8,5.96683307208e-8,5.4264955196e-8,3.97085386794e-8,4.21624619662e-8,2.46259173053e-8,8.42059044714e-9,4.09389233624e-9,4.97820096257e-9,6.71279343223e-9,8.62067084384e-10,3.0288557773e-10,2.60174354283e-10,1.94997726299e-10,1.44448175643e-10,8.28641669171e-11,4.16337762876e-11,6.3483801549e-11,6.1683283481e-11,7.12992234697e-11,6.91363563621e-11,4.37832443911e-11,2.74135367184e-11,1.8472071095e-11,1.84990547186e-11,1.89642936771e-11,9.73067633414e-12]},"melbands_crest":{"dmean":3.63494777679,"dmean2":6.08584213257,"dvar":11.5865478516,"dvar2":31.1949596405,"max":32.7110023499,"mean":14.1193342209,"median":13.6730537415,"min":1.60869503021,"var":25.1938514709},"melbands_flatness_db":{"dmean":0.0298574082553,"dmean2":0.0479178205132,"dvar":0.00114512862638,"dvar2":0.00288227573037,"max":0.573070466518,"mean":0.177671507001,"median":0.165442928672,"min":0.00450231833383,"var":0.00460643973202},"melbands_kurtosis":{"dmean":9.73288726807,"dmean2":16.5752792358,"dvar":453.18939209,"dvar2":1228.5168457,"max":285.30758667,"mean":12.9928569794,"median":7.25505161285,"min":-1.65333747864,"var":475.453277588},"melbands_skewness":{"dmean":0.948542356491,"dmean2":1.53198969364,"dvar":1.58849060535,"dvar2":4.05322933197,"max":13.4310417175,"mean":2.59870100021,"median":2.36662006378,"min":-1.92364418507,"var":2.9247815609},"melbands_spread":{"dmean":8.79347801208,"dmean2":13.7607717514,"dvar":104.503494263,"dvar2":240.254486084,"max":220.031082153,"mean":29.0357303619,"median":24.9416694641,"min":0.511102557182,"var":412.059326172},"mfcc":{"cov":[[6465.90576172,-238.800018311,-285.050720215,168.410064697,116.742080688,221.182815552,-45.8802032471,39.749420166,16.6793708801,78.3270721436,29.7737236023,28.5212230682,-45.0871734619],[-238.800018311,931.629516602,-26.7854232788,-71.7627563477,-57.6532936096,-38.5501403809,24.3235282898,29.3989601135,-31.775302887,-30.0892944336,33.2334899902,21.7342243195,37.5896224976],[-285.050720215,-26.7854232788,442.127624512,67.0835342407,-53.683429718,-3.29922032356,36.1983108521,-11.405424118,5.79922246933,-13.8512039185,-0.937387824059,-15.5554656982,29.0061702728],[168.410064697,-71.7627563477,67.0835342407,189.979476929,62.0621833801,5.28056001663,-25.1093063354,-4.32170629501,15.4064645767,5.39067649841,-17.1178340912,-3.10868501663,11.2218074799],[116.742080688,-57.6532936096,-53.683429718,62.0621833801,176.599517822,30.0947971344,-33.3463439941,5.6082406044,24.5568618774,21.8180522919,-10.8359241486,0.120162054896,-7.12592935562],[221.182815552,-38.5501403809,-3.29922032356,5.28056001663,30.0947971344,126.125236511,44.3310127258,12.8607740402,7.32816886902,7.22726869583,5.95357370377,-4.73253154755,-12.8175678253],[-45.8802032471,24.3235282898,36.1983108521,-25.1093063354,-33.3463439941,44.3310127258,153.355163574,52.5332794189,-2.13165545464,-1.49530386925,17.3026046753,-0.43495169282,1.60149490833],[39.749420166,29.3989601135,-11.405424118,-4.32170629501,5.6082406044,12.8607740402,52.5332794189,97.7782440186,28.4826183319,3.93171405792,10.1033725739,2.35946702957,7.37746334076],[16.6793708801,-31.775302887,5.79922246933,15.4064645767,24.5568618774,7.32816886902,-2.13165545464,28.4826183319,96.1234054565,32.540058136,0.388567596674,-5.31396341324,2.07490372658],[78.3270721436,-30.0892944336,-13.8512039185,5.39067649841,21.8180522919,7.22726869583,-1.49530386925,3.93171405792,32.540058136,84.8112945557,32.9763946533,-1.12127578259,-9.73557949066],[29.7737236023,33.2334899902,-0.937387824059,-17.1178340912,-10.8359241486,5.95357370377,17.3026046753,10.1033725739,0.388567596674,32.9763946533,84.1348342896,25.6614265442,0.702652573586],[28.5212230682,21.7342243195,-15.5554656982,-3.10868501663,0.120162054896,-4.73253154755,-0.43495169282,2.35946702957,-5.31396341324,-1.12127578259,25.6614265442,65.8818206787,20.6606369019],[-45.0871734619,37.5896224976,29.0061702728,11.2218074799,-7.12592935562,-12.8175678253,1.60149490833,7.37746334076,2.07490372658,-9.73557949066,0.702652573586,20.6606369019,71.74974823]],"icov":[[0.000181623618118,0.0000252633890341,0.000133050387376,-0.000213291146792,0.000105080667709,-0.00036122414167,0.00015994203568,-0.000139793337439,0.0000887815040187,-0.000135497044539,-0.000013809718439,-0.0000885845947778,0.0000418677809648],[0.0000252633890341,0.00119951006491,0.0001005694794,0.000288724404527,0.00012682180386,0.000251482211752,0.00000755783685236,-0.0003910199448,0.000285365385935,0.000409688218497,-0.000564279325772,0.000092580470664,-0.000574598670937],[0.000133050387376,0.0001005694794,0.00294644548558,-0.00152553978842,0.00115191983059,-0.000171961801243,-0.000833974627312,0.000866707006935,-0.000566658738535,0.000506941520143,-0.000642045051791,0.00104556034785,-0.00111806788482],[-0.000213291146792,0.000288724404527,-0.00152553978842,0.00720366928726,-0.00262637180276,0.000390062719816,0.000666627776809,-0.0000913696712814,-0.000165603109053,-0.000203654839424,0.00103417015634,-0.0000889979928616,-0.000999223906547],[0.000105080667709,0.00012682180386,0.00115191983059,-0.00262637180276,0.00813044700772,-0.0024504926987,0.00202270573936,-0.00119001686107,-0.000594271637965,-0.00170816842001,0.00123734842055,-0.000752815278247,0.0003816781973],[-0.00036122414167,0.000251482211752,-0.000171961801243,0.000390062719816,-0.0024504926987,0.0106717916206,-0.00396479573101,0.00108855904546,-0.000727283477318,0.000688720552716,-0.000743957178202,0.00061274546897,0.00123472756241],[0.00015994203568,0.00000755783685236,-0.000833974627312,0.000666627776809,0.00202270573936,-0.00396479573101,0.0105709442869,-0.00585634866729,0.00184096745215,-0.000459103117464,-0.000745212251786,0.000175541164936,0.0000294711880997],[-0.000139793337439,-0.0003910199448,0.000866707006935,-0.0000913696712814,-0.00119001686107,0.00108855904546,-0.00585634866729,0.0152466110885,-0.00518265040591,0.0019976105541,-0.00156789645553,0.000517522799782,-0.00129252125043],[0.0000887815040187,0.000285365385935,-0.000566658738535,-0.000165603109053,-0.000594271637965,-0.000727283477318,0.00184096745215,-0.00518265040591,0.0144142061472,-0.00608182838187,0.00225758575834,0.000333185540512,-0.00089599576313],[-0.000135497044539,0.000409688218497,0.000506941520143,-0.000203654839424,-0.00170816842001,0.000688720552716,-0.000459103117464,0.0019976105541,-0.00608182838187,0.0182750709355,-0.00855718646199,0.00278136669658,0.00122384622227],[-0.000013809718439,-0.000564279325772,-0.000642045051791,0.00103417015634,0.00123734842055,-0.000743957178202,-0.000745212251786,-0.00156789645553,0.00225758575834,-0.00855718646199,0.0184866115451,-0.00748739065602,0.00130118452944],[-0.0000885845947778,0.000092580470664,0.00104556034785,-0.0000889979928616,-0.000752815278247,0.00061274546897,0.000175541164936,0.000517522799782,0.000333185540512,0.00278136669658,-0.00748739065602,0.0203115455806,-0.00594307808205],[0.0000418677809648,-0.000574598670937,-0.00111806788482,-0.000999223906547,0.0003816781973,0.00123472756241,0.0000294711880997,-0.00129252125043,-0.00089599576313,0.00122384622227,0.00130118452944,-0.00594307808205,0.0171542409807]],"mean":[-597.384033203,104.945854187,12.3217029572,15.9903211594,8.65036392212,10.9873876572,-0.967896878719,7.80831575394,5.07324028015,7.54732084274,5.47535800934,2.21356534958,4.65234184265]},"pitch_salience":{"dmean":0.0757806301117,"dmean2":0.126030340791,"dvar":0.00525961117819,"dvar2":0.0143265957013,"max":0.953586399555,"mean":0.514465391636,"median":0.513468980789,"min":0.125775277615,"var":0.0108851129189},"silence_rate_20dB":{"dmean":0,"dmean2":0,"dvar":0,"dvar2":0,"max":1,"mean":1,"median":1,"min":1,"var":0},"silence_rate_30dB":{"dmean":0.0156112574041,"dmean2":0.0312259476632,"dvar":0.0153679456562,"dvar2":0.0438860841095,"max":1,"mean":0.991205871105,"median":1,"min":0,"var":0.0087161026895},"silence_rate_60dB":{"dmean":0.000659630633891,"dmean2":0.00131940632127,"dvar":0.000659216486383,"dvar2":0.00131763785612,"max":1,"mean":0.0255029127002,"median":0,"min":0,"var":0.0248525533825},"spectral_centroid":{"dmean":256.414215088,"dmean2":390.252502441,"dvar":82151.9609375,"dvar2":172346.265625,"max":11489.4033203,"mean":1538.7989502,"median":1520.19042969,"min":138.831726074,"var":550095},"spectral_complexity":{"dmean":3.64731740952,"dmean2":5.67454624176,"dvar":13.9077005386,"dvar2":30.3299274445,"max":61,"mean":23.3107624054,"median":23,"min":0,"var":67.4437789917},"spectral_contrast_coeffs":{"dmean":[0.0522412955761,0.0456818528473,0.0383960083127,0.0328114926815,0.0216637440026,0.0172167960554],"dmean2":[0.0876515135169,0.0742569044232,0.0614929720759,0.0519396178424,0.0350988954306,0.0280026774853],"dvar":[0.00217287242413,0.00140137237031,0.000993503606878,0.000692798756063,0.000320322258631,0.000245118368184],"dvar2":[0.00593328429386,0.0036061857827,0.00248507154174,0.00167560344562,0.000777206500061,0.000609662791248],"max":[-0.321133553982,-0.421695500612,-0.517950892448,-0.546700537205,-0.62707901001,-0.63264131546],"mean":[-0.686209201813,-0.722269296646,-0.738609075546,-0.747938513756,-0.78653383255,-0.773235142231],"median":[-0.696059048176,-0.728760898113,-0.740113914013,-0.751632392406,-0.790727436543,-0.77075523138],"min":[-0.970730245113,-0.984627902508,-0.974850356579,-0.967145383358,-0.965570807457,-0.963281035423],"var":[0.0053236503154,0.00533563457429,0.0037871170789,0.00359098333865,0.00164575362578,0.00112594279926]},"spectral_contrast_valleys":{"dmean":[0.385747611523,0.347902953625,0.307376474142,0.254502862692,0.209597453475,0.208851024508],"dmean2":[0.633192241192,0.566066682339,0.484523504972,0.396563470364,0.321155101061,0.286271005869],"dvar":[0.114395864308,0.100158400834,0.0776970461011,0.0578267239034,0.0586996003985,0.0608784295619],"dvar2":[0.273570388556,0.23893854022,0.166754364967,0.114716738462,0.109370373189,0.0942738726735],"max":[-5.07298803329,-4.55376148224,-5.3314447403,-5.7213306427,-5.49785709381,-7.72197961807],"mean":[-6.80154371262,-6.55044078827,-7.24423217773,-7.49204158783,-7.30853843689,-9.36145973206],"median":[-6.57453346252,-6.38072824478,-7.11914205551,-7.3299703598,-7.0804233551,-9.14836406708],"min":[-27.8708934784,-28.233007431,-27.6018047333,-27.5151672363,-27.5008678436,-27.3272151947],"var":[2.34158802032,2.01757311821,1.81008934975,1.75346946716,1.80563950539,1.84368646145]},"spectral_decrease":{"dmean":4.60912685796e-9,"dmean2":7.91162069191e-9,"dvar":5.01349173097e-17,"dvar2":1.34324549418e-16,"max":3.86186805199e-18,"mean":-1.0289341823e-8,"median":-8.82369288746e-9,"min":-4.83036615151e-8,"var":4.81795450597e-17},"spectral_energy":{"dmean":0.0177828650922,"dmean2":0.0304445810616,"dvar":0.00072185730096,"dvar2":0.0019335236866,"max":0.185211330652,"mean":0.0417703017592,"median":0.036400899291,"min":1.01496717137e-20,"var":0.000713638786692},"spectral_energyband_high":{"dmean":0.000556381128263,"dmean2":0.000801011919975,"dvar":7.31087084205e-7,"dvar2":0.00000147015782659,"max":0.01232908573,"mean":0.00166171556339,"median":0.00115560693666,"min":7.41746587767e-21,"var":0.00000261211334873},"spectral_energyband_low":{"dmean":0.0145001476631,"dmean2":0.0255571659654,"dvar":0.000745102472138,"dvar2":0.00202177651227,"max":0.170516550541,"mean":0.0196448676288,"median":0.0134865855798,"min":1.58277430677e-23,"var":0.000571010285057},"spectral_energyband_middle_high":{"dmean":0.00275020720437,"dmean2":0.00417148740962,"dvar":0.0000150264058902,"dvar2":0.0000341759005096,"max":0.060558591038,"mean":0.00828682724386,"median":0.00527925277129,"min":1.36264828786e-21,"var":0.0000592579708609},"spectral_energyband_middle_low":{"dmean":0.00590113876387,"dmean2":0.00963744428009,"dvar":0.0000831806828501,"dvar2":0.000217160632019,"max":0.121349819005,"mean":0.0130745964125,"median":0.00948983058333,"min":1.79868275974e-22,"var":0.000131367356516},"spectral_entropy":{"dmean":0.126906529069,"dmean2":0.181626617908,"dvar":0.0166620649397,"dvar2":0.0307913869619,"max":9.81315803528,"mean":7.83543252945,"median":7.88801336288,"min":4.49883842468,"var":0.193707033992},"spectral_flux":{"dmean":0.0366090461612,"dmean2":0.0565565116704,"dvar":0.00209160498343,"dvar2":0.00378191145137,"max":0.381795555353,"mean":0.112154573202,"median":0.0956959798932,"min":6.47239623008e-11,"var":0.00412571756169},"spectral_kurtosis":{"dmean":1.04896759987,"dmean2":1.64730167389,"dvar":11.5922107697,"dvar2":22.7509174347,"max":170.24079895,"mean":3.58043956757,"median":2.60949540138,"min":-1.24562263489,"var":48.8484992981},"spectral_rms":{"dmean":0.00120441208128,"dmean2":0.00200767698698,"dvar":0.0000023993763989,"dvar2":0.00000626723522146,"max":0.0134422462434,"mean":0.00608433550224,"median":0.00595928449184,"min":3.14676323193e-12,"var":0.00000373237116946},"spectral_rolloff":{"dmean":611.078979492,"dmean2":996.330932617,"dvar":923324.875,"dvar2":1970922,"max":19810.546875,"mean":1799.56518555,"median":1313.52539063,"min":64.599609375,"var":4920788},"spectral_skewness":{"dmean":0.159727632999,"dmean2":0.244491487741,"dvar":0.0617307946086,"dvar2":0.125158503652,"max":10.7826519012,"mean":1.46446549892,"median":1.38390815258,"min":-0.526301503181,"var":0.367081165314},"spectral_spread":{"dmean":536581.375,"dmean2":752166.8125,"dvar":373681029120,"dvar2":680180973568,"max":41986432,"mean":5749383,"median":5608697,"min":630018.25,"var":3835080474620},"spectral_strongpeak":{"dmean":0.769848227501,"dmean2":1.3466117382,"dvar":2.03232574463,"dvar2":5.16240501404,"max":13.304148674,"mean":1.05784380436,"median":0.378383249044,"min":0,"var":2.74451637268},"zerocrossingrate":{"dmean":0.0119321849197,"dmean2":0.0143717359751,"dvar":0.000160667812452,"dvar2":0.000202081224415,"max":0.5224609375,"mean":0.0760115459561,"median":0.0673828125,"min":0.00341796875,"var":0.00301295123063}},"metadata":{"audio_properties":{"analysis_sample_rate":44100,"bit_rate":192024,"codec":"mp3","downmix":"mix","equal_loudness":0,"length":211.199996948,"lossless":false,"md5_encoded":"280ff36bc4978c1173c6c95092834a8f","replay_gain":-5.24242401123,"sample_rate":44100},"tags":{"acoustid_fingerprint":["AQADtIqiZFmSRGESHFmeJYeuD-F1YcpM4f9xxFOyHdeh5cfUJQpyqsfB5PzQJ8dxG8_xXUOjPMZ7UKGy40KyjIi-4CIePWh-oXaOXkcTLvjQPEWoNBuh69iPnoef5aA15NcwfejDwkcfJSbx45lxp2g0X_gneMyP5EekTBuuHLyFUyemT0fjBj_RC2l0Dl8MUS_RKg8UOg_6QPwy9OGRHefR84OfGH1zXB6e4Mfn7GhE54h_iB_CPDNoHp9wo4cfnCFuHdaOfwllpPWgHw-NL0cTRywyVjuaMdskhMyhJ5YQpgqmHz-6PHB55JArC3ks4vCNvscVVJjCd_iCJ0dThDd063icHJokfWDS3DiaD1NPBaqYZah1hBFP_HgmxUKpKSfSM4Z-Ia2S40cpZRj17Hjx1AdzCf-EfTp-0XCOMuqPUTze5DhfJNP1CFnS4x3uHNNzNDmeRHh1nNfxKDmSS0-Qw4-MZ8clPNmHh55wHjuT4znaw73xhiQs63B89EF0_dCR_zia4Y_gtzj-F853fEmOanFJvEKeQ_sRXsKT5BJ2NGfAPMrRHNNf4_TQG455WMeDJEqGPAf_ZdiPPjya_ng4HUetEKl_uNTxPIitH1ccZkijhUcSWSnBJ2tQfkjLC60SE7po5M-HPcePS0othNF1JNMxM8eP98IHJlXOoc-N5KqG6CL6MFfhmML54I0uuCL6HLeOXMmRRPnR6_g5MNeNTz1-fB_8Bf1xHqFyJMxB0VXR_HgufMe-D31mGL2G8tHhSkJRSXsE8yg3IdyUxSnE-Ih0XIoS2DVBh0d_uDvx8ZhyfKK04NExUc6RJpWRfGDkHD8uJc-wa3jRT4f5Z-iFy0S4ZoaYhlGGXIdR8miYhuiDmcHvgXLO4Ru-D1_wHz1cawOjpkeY5DoUeX_QB2F-fDiPXwr8D_9Ronmi5PiIuAmaSS_ae4RORI_Q9OiTHiyFNmJ4-NFJ7Ed9HN_xLUZ3JTvSS0iihzx-fPpAHE3ovGDw5NhifCKPX8gzBvrzIL1yXMeTo9bR7CJ-_PD5EN_y4dWFiyFuD0VyOUdeeFKWDhNv4R8yikhqCXsfoekmCi1NfJpEFT1zPAh_vMHVoYoiefBeI8-NG9ai_DipDH8In-iFH3ky_GjWQ3N0nOoQ3kejZtjXCj9q8UOTihNOgfpx5xLOfSij6YiUC9qPdNqOngf6LdgmHaNf9FqCzzIeonmMHs2PZKLqIJh9_DeY5DjWHZ90fAjzCn8q9C9-hDq-8XjIBc30I_yhB3mJY1QiBl8NXhf6GWG6DHqI_EczoszyIQ_EOkWOP6ico1kHNi8eM2jEFn2WYxd6FWnE8EPy_Limo-cWfJuKSoeZE712XNKE3jrCHMnHCecWCh2Pk3zxD2VSfNZwbkf_YUv646_gPrhww0-OjiGSXBziZScuorl29MqOn0JJHrbx42FyuDraFbkM_R76JJIg5qhfaFRzhHke_Ch_fHiOs8Gjo-SPJk5q9ES-ukh-fMlQ8mjG8PiP_0aVwxzRo0czRVFG5DfU415-hB-aUFKDK0e1E416XMzRHz48tNHxZEKYQlOe4kdeHX2OtzE29US1lDialZj0B1864x-abgi5MIP-48el_MijjfjQ74EVGT76Ex_FFUfTRUe