{"lowlevel":{"average_loudness":0.95223814249,"barkbands":{"dmean":[0.000319902290357,0.0147711709142,0.00580872269347,0.00236607063562,0.00185626163147,0.000664675841108,0.000181338007678,0.000393907655962,0.000494922569487,0.000583125744015,0.000327703281073,0.000550820259377,0.000366001593648,0.000336775439791,0.0003059382434,0.000270522839855,0.000241449626628,0.000276009901427,0.000275388010778,0.000153952772962,0.000161249015946,0.000170580344275,0.00016924776719,0.00013310876966,0.000178821777808,0.000215051011764,0.000146399965161],"dmean2":[0.000461574672954,0.0254159215838,0.00982697214931,0.00433748820797,0.0032606034074,0.00112956285011,0.000292911572615,0.000650520552881,0.000772948376834,0.00090860092314,0.000499674119055,0.000863251741976,0.000588643655647,0.00053566909628,0.000463140080683,0.000411826302297,0.000372097973013,0.000405908795074,0.000406574457884,0.000224623829126,0.000233741098782,0.000244868861046,0.000230431294767,0.000187521829503,0.00025812923559,0.000318281294312,0.000220313915634],"dvar":[2.256991678e-7,0.0013562515378,0.00012093798432,0.0000318203747156,0.0000179003727681,0.00000354876260644,3.60773753982e-7,8.99672215837e-7,0.00000195333700503,0.00000273049272437,0.00000112473605896,0.00000234067078964,0.00000101493162674,7.47809565382e-7,6.66464131882e-7,3.01015745663e-7,2.19249130851e-7,3.03258531176e-7,2.9650794886e-7,1.17496412599e-7,1.3145846367e-7,1.22725026586e-7,5.53034311679e-8,5.53925509905e-8,9.95110980284e-8,1.69768256342e-7,8.63274891572e-8],"dvar2":[4.5746051569e-7,0.00377191998996,0.000318671751302,0.0000963202983257,0.0000473313884868,0.00000974979047896,8.70046562795e-7,0.00000224119617087,0.00000462801745016,0.00000642987015453,0.00000254604924521,0.00000569091207581,0.0000025302715585,0.00000183206964266,0.0000014852454342,7.35241030725e-7,5.02151237924e-7,6.16031627487e-7,6.62996171741e-7,2.60065093016e-7,2.87151181055e-7,2.80058543467e-7,1.02982532724e-7,1.10983421564e-7,2.21894282504e-7,3.75305745592e-7,2.13563666307e-7],"max":[0.00552900135517,0.287136077881,0.0974901393056,0.0475927814841,0.0441205576062,0.0192897208035,0.010324627161,0.0142193641514,0.0189146101475,0.0419643446803,0.0233778003603,0.0313980802894,0.0139476088807,0.0163163729012,0.0166386570781,0.00991404615343,0.00698056537658,0.00862545333803,0.00975466519594,0.00368747580796,0.00406731618568,0.00450801895931,0.00289758201689,0.00341586396098,0.0046167303808,0.00264642480761,0.00164833990857],"mean":[0.000789616082329,0.0180233437568,0.00770596088842,0.00214458466507,0.00174669187982,0.000697106239386,0.000173184744199,0.000437724112999,0.000538133783266,0.000719867588487,0.000386978674214,0.000614282733295,0.000389688299038,0.000378820026526,0.000382786645787,0.000479806476505,0.000333769392455,0.000382133905077,0.000401282974053,0.000236294828937,0.000263080146397,0.000263491732767,0.000394487171434,0.000198349836865,0.000216385655222,0.000205052871024,0.000136206537718],"median":[0.000450478488347,0.00804595742375,0.00158547936007,0.000699090654962,0.000424075027695,0.000130936052301,0.0000272578399745,0.0000451957421319,0.0000527991796844,0.0000417164555984,0.0000431956505054,0.000085939958808,0.0000500653477502,0.0000677607677062,0.0000593067670707,0.000220137939323,0.000110085115011,0.000128204672365,0.000129364460008,0.0000818394837552,0.000100729084807,0.000118321448099,0.000215792591916,0.0000830858261907,0.00005822680032,0.0000210795024032,0.00000903724776435],"min":[3.34298716597e-25,5.11663545052e-24,1.66434287936e-24,6.51447449204e-25,8.15007936583e-24,9.20055257963e-24,7.31047892718e-24,5.23276760868e-24,1.52457451576e-23,2.09258260874e-23,1.73003002531e-23,3.06853923258e-23,3.6034828518e-23,3.85441540368e-23,5.26753728417e-23,5.85543177171e-23,6.70222220419e-23,1.05565618772e-22,1.31643012649e-22,1.65795843083e-22,2.37836968598e-22,2.96504213332e-22,4.45523244259e-22,5.14590503e-22,8.84800830606e-22,1.21499250955e-21,1.78798926423e-21],"var":[7.89972773418e-7,0.00125176599249,0.000170138649992,0.0000228983626585,0.0000151894773808,0.00000339197345056,3.45585732475e-7,0.00000104528794509,0.0000022546244054,0.00000386731471735,0.00000131795570724,0.00000280088875115,0.0000010740967582,8.2237619381e-7,8.94465188139e-7,5.15797694334e-7,3.32958023819e-7,4.89861349706e-7,4.61979880129e-7,1.91945531469e-7,2.0184424443e-7,1.77577803129e-7,2.04129818826e-7,8.76368346781e-8,1.31206988385e-7,1.90125106769e-7,8.74785399674e-8]},"barkbands_crest":{"dmean":3.59977173805,"dmean2":5.96038150787,"dvar":10.8049182892,"dvar2":27.4158153534,"max":24.8880310059,"mean":13.1353979111,"median":12.9402256012,"min":2.13900136948,"var":26.9028396606},"barkbands_flatness_db":{"dmean":0.0306503865868,"dmean2":0.046749766916,"dvar":0.000781443610322,"dvar2":0.00174717174377,"max":0.388948917389,"mean":0.143060281873,"median":0.140097722411,"min":0.0174581333995,"var":0.00442923186347},"barkbands_kurtosis":{"dmean":6.76742362976,"dmean2":11.1046943665,"dvar":194.591430664,"dvar2":526.19909668,"max":274.412780762,"mean":8.32372283936,"median":2.54124259949,"min":-1.9299672842,"var":299.101837158},"barkbands_skewness":{"dmean":0.938993036747,"dmean2":1.44449079037,"dvar":1.08144330978,"dvar2":2.64369988441,"max":13.8913059235,"mean":2.18497157097,"median":1.85444009304,"min":-3.47913169861,"var":3.97056388855},"barkbands_spread":{"dmean":10.326004982,"dmean2":16.0983219147,"dvar":113.587608337,"dvar2":256.280548096,"max":137.173568726,"mean":34.1011810303,"median":31.0300331116,"min":1.01461732388,"var":470.535400391},"dissonance":{"dmean":0.0165825709701,"dmean2":0.0276409760118,"dvar":0.00036877929233,"dvar2":0.000959417433478,"max":0.500000178814,"mean":0.472358465195,"median":0.481016308069,"min":0.248601019382,"var":0.000683449034113},"dynamic_complexity":4.59230422974,"erbbands":{"dmean":[0.40792158246,3.42666602135,6.04657554626,8.2493429184,5.69115352631,6.99431943893,6.75181674957,4.6049580574,3.15673232079,3.42114782333,10.0903215408,10.7398824692,14.8977041245,17.0362377167,15.5342378616,21.067609787,15.7023353577,16.1422042847,16.6913928986,16.7686214447,11.586689949,14.307551384,14.5977449417,12.0151529312,14.428609848,7.04368114471,6.77692604065,6.6628947258,6.1282787323,7.22463512421,3.67416405678,2.7979991436,2.23825645447,1.54547548294,1.54861629009,0.806602299213,0.472829937935,0.123288884759,0.0290965717286,0.00120139273349],"dmean2":[0.694130778313,5.9141497612,10.3270559311,14.4995269775,10.347489357,12.5820045471,11.5249242783,7.94939899445,5.18616962433,5.71414756775,16.2400836945,16.8057594299,22.9991321564,25.6801815033,23.489938736,32.8640556335,24.7040901184,25.6991996765,25.2291793823,25.7436218262,16.3520851135,21.7934551239,21.030216217,17.4814243317,21.4567680359,9.97773838043,9.72734642029,10.0025892258,8.85520839691,9.75393772125,5.067694664,3.98045277596,3.22331666946,2.14348316193,2.32509565353,1.16828417778,0.728118538857,0.177451953292,0.0449097678065,0.00183404993732],"dvar":[0.924003064632,75.1921844482,138.229949951,321.24041748,212.792190552,324.232086182,366.343902588,183.739395142,128.821594238,76.4716491699,579.865905762,1097.99621582,1312.59130859,3321.54907227,1874.36035156,3883.77270508,1895.2545166,1706.86547852,1575.09143066,1468.29663086,548.74798584,796.514892578,810.127441406,566.461914063,890.571533203,240.047683716,246.212509155,223.905014038,159.431838989,111.34588623,30.6277294159,21.5008525848,18.0482616425,7.15729141235,8.3163356781,2.21890902519,0.906992137432,0.0560418330133,0.00352227268741,0.00000602959335083],"dvar2":[2.50924253464,211.131637573,359.400085449,939.728942871,606.183227539,900.691223145,982.723205566,519.4140625,330.963012695,200.740921021,1402.08117676,2611.58007813,3202.90112305,7326.765625,4291.08984375,9341.78710938,4679.94580078,4161.46240234,3606.09570313,3418.65405273,1193.31054688,1823.16552734,1635.36682129,1181.75305176,2037.22180176,528.125366211,532.184143066,513.199523926,363.20690918,210.07472229,56.4219436646,42.2657546997,38.390712738,14.5170001984,19.7003746033,4.87768554688,2.11519503593,0.120210297406,0.00885283201933,0.0000155844227265],"max":[8.33398628235,64.2467956543,117.391563416,126.810073853,121.653198242,200.241821289,203.965713501,173.176315308,224.844482422,133.556518555,406.597106934,576.181518555,610.64251709,1405.2355957,1048.47460938,1601.64746094,716.41003418,871.969543457,575.031860352,915.364074707,544.084777832,398.433685303,443.433074951,705.653503418,365.070526123,199.723571777,171.098571777,170.834396362,161.242553711,141.508071899,79.12550354,64.029335022,62.8661155701,46.1326789856,35.662689209,13.0227212906,6.32947015762,1.24858820438,0.345699727535,0.014441292733],"mean":[0.582164645195,3.73879170418,8.34096717834,9.38627147675,5.32195711136,6.24982309341,7.26533317566,4.57736730576,2.93390917778,3.75600719452,11.3615512848,12.0119304657,18.5388183594,21.4658565521,20.2912254333,23.5591697693,18.2630519867,19.1638031006,21.2239322662,25.5635318756,20.3367366791,21.2391147614,21.0030193329,17.8756904602,20.7219429016,11.6358346939,10.8350028992,10.1805953979,9.52571487427,16.9234809875,7.06827116013,4.42944049835,3.12290239334,2.18518948555,1.66129028797,0.823771953583,0.415157884359,0.121125727892,0.0258188676089,0.00118560169358],"median":[0.273963421583,1.30794370174,2.45141887665,2.30023932457,1.76960194111,1.44592237473,1.26681387424,0.90718716383,0.478675544262,0.748162806034,1.27227675915,1.84443354607,2.02988362312,2.22822761536,3.78096842766,3.72762823105,3.21765589714,4.29900169373,4.67037916183,10.0622730255,6.92983722687,7.97972726822,7.05683660507,6.10409879684,6.2824382782,4.25876092911,3.93141722679,4.13672780991,4.26376104355,8.57322788239,4.11541557312,2.03735804558,1.18474173546,0.762484967709,0.360405802727,0.115767605603,0.0319416671991,0.00870445556939,0.0015509595396,0.000125308099086],"min":[9.11077421327e-23,9.2627769812e-22,3.21039034515e-21,3.09552088824e-21,8.71218044311e-21,2.71891359289e-20,5.18127065645e-20,8.15655272434e-20,1.4034676518e-19,1.73470592424e-19,2.26622569024e-19,3.4110268559e-19,4.68314662748e-19,8.64468467001e-19,1.05067230296e-18,1.3183597365e-18,1.75099225747e-18,2.30518486311e-18,3.25773545084e-18,3.31702692997e-18,4.20780408315e-18,4.67386741876e-18,6.59528307745e-18,6.77515639678e-18,5.84626276098e-18,7.4665888126e-18,9.15579253947e-18,8.94610639009e-18,9.26494067566e-18,1.17097482495e-17,1.06576597099e-17,8.92863468119e-18,8.72086097339e-18,8.59241554069e-18,6.4146727402e-18,4.17393558656e-18,2.20420430829e-18,8.62118808772e-19,2.37980172424e-19,2.72525057187e-20],"var":[0.941868543625,67.3566894531,188.44909668,301.73135376,142.983963013,242.573654175,407.148986816,152.316925049,113.124458313,80.3852157593,698.641113281,1243.67700195,2063.14282227,4624.16015625,2384.78662109,4579.29394531,2106.85742188,1944.16601563,2115.01123047,2156.65942383,1094.7265625,1236.17272949,1387.07385254,961.122009277,1324.28955078,417.759277344,379.839172363,307.791931152,232.801116943,431.79473877,65.7188339233,36.7651901245,25.4568634033,11.2641515732,9.35139465332,2.64492607117,0.901869475842,0.0670771896839,0.0033752808813,0.00000589582077737]},"erbbands_crest":{"dmean":3.00996923447,"dmean2":4.87993335724,"dvar":8.72991466522,"dvar2":20.4727325439,"max":30.4881267548,"mean":9.21094417572,"median":7.97769260406,"min":2.14513254166,"var":22.6428184509},"erbbands_flatness_db":{"dmean":0.0205272566527,"dmean2":0.0300777591765,"dvar":0.000396389776142,"dvar2":0.000773870444391,"max":0.342731893063,"mean":0.119588315487,"median":0.115586951375,"min":0.0233906749636,"var":0.00161460682284},"erbbands_kurtosis":{"dmean":1.08239781857,"dmean2":1.73023819923,"dvar":2.01479244232,"dvar2":4.94662904739,"max":24.5077533722,"mean":0.311587840319,"median":-0.174336791039,"min":-1.9171872139,"var":3.56630897522},"erbbands_skewness":{"dmean":0.437089413404,"dmean2":0.656429767609,"dvar":0.176805898547,"dvar2":0.394548207521,"max":4.12021017075,"mean":-0.240741416812,"median":-0.271306395531,"min":-3.52829527855,"var":0.566328883171},"erbbands_spread":{"dmean":17.5385951996,"dmean2":26.4678840637,"dvar":369.860595703,"dvar2":764.947143555,"max":186.576690674,"mean":59.4982223511,"median":52.3245353699,"min":3.85930514336,"var":1093.02319336},"gfcc":{"cov":[[32153.4453125,969.338745117,-1709.16589355,154.513580322,-562.486755371,372.747283936,-307.276153564,338.475097656,-355.604095459,-78.969367981,-366.234100342,42.7862281799,-87.9275283813],[969.338745117,882.063537598,-289.119720459,222.407119751,-152.28692627,142.247558594,53.7510223389,45.8503112793,-8.32540225983,-120.320091248,-21.1467609406,4.48396205902,-26.4090099335],[-1709.16589355,-289.119720459,1476.32922363,107.941917419,190.223175049,-35.7475128174,14.2097225189,-146.022491455,-74.9122314453,-66.3738098145,2.64177680016,-18.9041595459,-116.686355591],[154.513580322,222.407119751,107.941917419,656.17956543,66.0043182373,105.77671051,-125.926963806,-58.0488853455,-12.7848777771,-6.18630695343,-14.5501708984,-42.2411689758,-39.3439941406],[-562.486755371,-152.28692627,190.223175049,66.0043182373,439.043884277,82.1947784424,-21.3917140961,-7.32493209839,25.6555767059,45.5205993652,-23.0288944244,-75.5163955688,-9.93095970154],[372.747283936,142.247558594,-35.7475128174,105.77671051,82.1947784424,329.593292236,83.5646133423,53.4319229126,-1.27223145962,-9.29154014587,17.2592430115,-1.04712188244,-48.746711731],[-307.276153564,53.7510223389,14.2097225189,-125.926963806,-21.3917140961,83.5646133423,243.905410767,58.0753974915,-20.8003902435,-52.6578330994,33.0195503235,26.7818813324,-31.2257652283],[338.475097656,45.8503112793,-146.022491455,-58.0488853455,-7.32493209839,53.4319229126,58.0753974915,164.555847168,44.265750885,22.3733844757,-7.12778186798,-3.97125005722,40.3264198303],[-355.604095459,-8.32540225983,-74.9122314453,-12.7848777771,25.6555767059,-1.27223145962,-20.8003902435,44.265750885,135.497741699,63.7356987,-8.91131877899,2.42185759544,46.4641532898],[-78.969367981,-120.320091248,-66.3738098145,-6.18630695343,45.5205993652,-9.29154014587,-52.6578330994,22.3733844757,63.7356987,143.694259644,33.831829071,-11.8678035736,46.4462890625],[-366.234100342,-21.1467609406,2.64177680016,-14.5501708984,-23.0288944244,17.2592430115,33.0195503235,-7.12778186798,-8.91131877899,33.831829071,100.407218933,45.1832389832,-10.9892978668],[42.7862281799,4.48396205902,-18.9041595459,-42.2411689758,-75.5163955688,-1.04712188244,26.7818813324,-3.97125005722,2.42185759544,-11.8678035736,45.1832389832,122.248893738,35.679889679],[-87.9275283813,-26.4090099335,-116.686355591,-39.3439941406,-9.93095970154,-48.746711731,-31.2257652283,40.3264198303,46.4641532898,46.4462890625,-10.9892978668,35.679889679,143.211624146]],"icov":[[0.0000441759111709,-0.0000394591334043,0.000037164259993,0.0000136527105496,0.0000270945547527,-0.0000415324320784,0.000091928159236,-0.000129831081722,0.000254688289715,-0.000207488177693,0.000330016453518,-0.000205189353437,0.000159327391884],[-0.0000394591334043,0.0019334241515,0.00031512932037,-0.00070685747778,0.000597436155658,-0.000571836775634,-0.000228370336117,-0.0000781989801908,-0.000976467970759,0.00226533180103,-0.000823588867206,0.000841886387207,-0.000476938963402],[0.000037164259993,0.00031512932037,0.000952621514443,-0.000248983938945,-0.000333869131282,0.000171610008692,-0.000210295038414,0.000349800218828,0.000201910646865,0.000311274488922,0.000276543811196,-0.000369444926037,0.000626419263426],[0.0000136527105496,-0.00070685747778,-0.000248983938945,0.00232760352083,-0.000159400471603,-0.000890991243068,0.00156028894708,0.00044494215399,0.000204457974178,-0.000131438922836,-0.00022948878177,0.000399773416575,0.0000742867414374],[0.0000270945547527,0.000597436155658,-0.000333869131282,-0.000159400471603,0.00334454746917,-0.00130710017402,0.000026299549063,0.000402811565436,-0.000494482985232,-0.000287357048364,0.000288061477477,0.00201422255486,-0.000735789421014],[-0.0000415324320784,-0.000571836775634,0.000171610008692,-0.000890991243068,-0.00130710017402,0.00485895806924,-0.00164000072982,-0.00140512548387,0.00017564855807,-0.000971014960669,0.0000922710896702,-0.00140809663571,0.00198126514442],[0.000091928159236,-0.000228370336117,-0.000210295038414,0.00156028894708,0.000026299549063,-0.00164000072982,0.00747056584805,-0.00270844367333,0.000382415979402,0.00302850268781,-0.00263133947738,-0.000230457138969,0.000855996739119],[-0.000129831081722,-0.0000781989801908,0.000349800218828,0.00044494215399,0.000402811565436,-0.00140512548387,-0.00270844367333,0.00984207633883,-0.00266206893139,-0.000298816594295,-0.0000533131715201,0.00236340658739,-0.00313147972338],[0.000254688289715,-0.000976467970759,0.000201910646865,0.000204457974178,-0.000494482985232,0.00017564855807,0.000382415979402,-0.00266206893139,0.0128327775747,-0.00737524591386,0.00562868406996,-0.00365937827155,0.000627502507996],[-0.000207488177693,0.00226533180103,0.000311274488922,-0.000131438922836,-0.000287357048364,-0.000971014960669,0.00302850268781,-0.000298816594295,-0.00737524591386,0.0184137262404,-0.0118079334497,0.00698487879708,-0.00532347802073],[0.000330016453518,-0.000823588867206,0.000276543811196,-0.00022948878177,0.000288061477477,0.0000922710896702,-0.00263133947738,-0.0000533131715201,0.00562868406996,-0.0118079334497,0.0216564424336,-0.0103681404144,0.00595395872369],[-0.000205189353437,0.000841886387207,-0.000369444926037,0.000399773416575,0.00201422255486,-0.00140809663571,-0.000230457138969,0.00236340658739,-0.00365937827155,0.00698487879708,-0.0103681404144,0.0163339171559,-0.00716040004045],[0.000159327391884,-0.000476938963402,0.000626419263426,0.0000742867414374,-0.000735789421014,0.00198126514442,0.000855996739119,-0.00313147972338,0.000627502507996,-0.00532347802073,0.00595395872369,-0.00716040004045,0.0129788778722]],"mean":[-25.1267356873,39.3680686951,-81.7374191284,52.3780326843,-33.5735588074,30.6259841919,-24.3140563965,10.2126922607,-17.7206001282,-2.07122206688,-15.9071683884,4.58197689056,-11.7033367157]},"hfc":{"dmean":14.4180469513,"dmean2":18.9414997101,"dvar":466.166229248,"dvar2":908.578857422,"max":186.112869263,"mean":27.2469367981,"median":15.4773979187,"min":1.06364428581e-16,"var":962.684020996},"melbands":{"dmean":[0.00399990193546,0.00341431284323,0.00132160831708,0.000433651119238,0.000252601981629,0.000108764848846,0.000044388070819,0.0000454421315226,0.0000843325615278,0.0000695870767231,0.0000770380502217,0.0000733805427444,0.0000461798881588,0.0000666893902235,0.0000377820033464,0.0000381879872293,0.0000303726228594,0.0000286159029201,0.000024304341423,0.0000222625931201,0.0000128221863633,0.0000146776592373,0.000016600048184,0.0000116644978334,0.00000997079496301,0.0000109483307824,0.00000775449007051,0.00000453529128208,0.00000447411866844,0.00000411519749832,0.00000381415634365,0.000003510622264,0.00000382512052965,0.00000453629172625,0.00000221818208956,0.00000185638145922,0.00000175228728949,0.00000161409184329,0.00000147446553456,0.0000012256411992],"dmean2":[0.00693490309641,0.00554763386026,0.00231952732429,0.000772593310103,0.00043998012552,0.000186624471098,0.0000725507925381,0.0000764521028032,0.000134936533868,0.000108987303975,0.000119791628094,0.000111778987048,0.0000693878464517,0.000105101265945,0.0000592762735323,0.0000619779384579,0.0000488134901389,0.0000440328549303,0.0000367912907677,0.0000346907618223,0.0000182870880963,0.000022838017685,0.0000244698385359,0.0000175031127583,0.0000148045392052,0.0000161710413522,0.0000113456644613,0.00000661708509142,0.00000660206114844,0.00000601987085247,0.00000582936263527,0.00000515188503414,0.00000577849505135,0.00000613864904153,0.00000314793328471,0.00000274318222182,0.00000251206711255,0.00000236228788708,0.00000213011935557,0.00000169715588072],"dvar":[0.0000994145812001,0.0000501272879774,0.00000831718080008,0.00000100418526472,4.97280723266e-7,1.01614794801e-7,2.45192790516e-8,1.30814790111e-8,4.13964116319e-8,4.7318977181e-8,3.55786262674e-8,6.2125735667e-8,1.93507325719e-8,3.50441489161e-8,1.60822200002e-8,1.11343538833e-8,6.73705047305e-9,5.07536412897e-9,4.85964246622e-9,2.16850648549e-9,6.86392331861e-10,9.28844223758e-10,1.15539278145e-9,5.64909563572e-10,4.31134850043e-10,4.91640839151e-10,2.41972469839e-10,1.22760371313e-10,1.24596374884e-10,8.79956663091e-11,6.95218327351e-11,5.03745795077e-11,5.74679227816e-11,4.70486601067e-11,1.1713754966e-11,9.69496531666e-12,8.61965013255e-12,9.90331601447e-12,7.590135985e-12,4.59782992929e-12],"dvar2":[0.000276522914646,0.000130955406348,0.000024306567866,0.00000269371844297,0.00000137329095651,2.85012362156e-7,6.17059896513e-8,3.46305171206e-8,9.88265469459e-8,1.11970628325e-7,8.69162306572e-8,1.38626390367e-7,4.38742731035e-8,8.61404458874e-8,3.94639698698e-8,2.79021126204e-8,1.64459326157e-8,1.20619976229e-8,1.09315063668e-8,5.54429790967e-9,1.47530343497e-9,2.18300821864e-9,2.49340481595e-9,1.2919493253e-9,9.35447608263e-10,1.10508346918e-9,5.41359401751e-10,2.85743928519e-10,2.80035189482e-10,1.97839147842e-10,1.61052421399e-10,1.14084616754e-10,1.35609481977e-10,8.71524311052e-11,2.23930127913e-11,2.025821004e-11,1.73110484281e-11,2.16538436487e-11,1.62425559114e-11,9.36274842378e-12],"max":[0.0796307772398,0.0655336305499,0.0211641378701,0.0073601892218,0.00828964542598,0.00411058915779,0.00299163372256,0.00165330001619,0.00338429166004,0.00370396371,0.00303195603192,0.00642230315134,0.00379739073105,0.00344264204614,0.00273374747485,0.00161893770564,0.00195427518338,0.000998836476356,0.00179558992386,0.000753351836465,0.000620210834313,0.000505422998685,0.000531775353011,0.000408900814364,0.000736882851925,0.000284751673462,0.000221341295401,0.00015392282512,0.000130669679493,0.000110633671284,0.0000916466597118,0.0000921086975723,0.000107101535832,0.000100843186374,0.0000468154394184,0.0000491710015922,0.0000395782990381,0.0000557423300052,0.0000403374615416,0.0000476615496154],"mean":[0.00504179764539,0.00475074723363,0.00153429212514,0.000396116753109,0.000262346235104,0.000109277432784,0.000041282037273,0.0000501428548887,0.0000934172639973,0.0000767749443185,0.0000943229024415,0.0000896744022612,0.0000587717840972,0.0000753271888243,0.0000411424225604,0.0000414521346102,0.0000345515691151,0.0000336101948051,0.0000320095095958,0.0000360654375982,0.000019873446945,0.0000200988761208,0.0000230257937801,0.0000160884537763,0.0000140505453601,0.0000154590197781,0.000011114573681,0.00000708790366843,0.00000656497468299,0.00000660089017401,0.00000551265566173,0.00000510663676323,0.00000605194327363,0.0000109585080281,0.00000374036653739,0.00000287396596832,0.00000261832201431,0.00000221211507778,0.00000197731287699,0.00000178041273102],"median":[0.00227826437913,0.0016445700312,0.000424752826802,0.000111249784823,0.0000535458166269,0.0000208614637813,0.00000595296751271,0.00000805756735645,0.00000885239478521,0.00000846924649522,0.00000811646350485,0.00000527254178451,0.00000919927424547,0.0000102432277345,0.00000787201679486,0.00000614692771705,0.00000687759529683,0.00000632156525171,0.0000100390698208,0.0000129886084324,0.00000452892527392,0.00000648693276162,0.00000764215019444,0.00000516024010722,0.00000446505282525,0.00000460651062895,0.00000344622571902,0.00000242039459408,0.00000230036789617,0.00000237596782426,0.0000022581605208,0.00000200993736144,0.00000322323376167,0.00000497531573274,0.00000191997173715,0.00000130951673327,0.00000110497387595,8.2920183786e-7,6.98344990724e-7,6.28616760423e-7],"min":[1.82900556319e-24,1.1281569817e-24,6.44236175846e-25,1.24501824455e-24,1.55162412233e-24,2.23419509247e-24,2.58767183119e-24,1.71970296832e-24,2.2486371635e-24,2.52305209292e-24,1.75664631058e-24,3.36592788205e-24,3.13581557827e-24,2.49494872596e-24,3.25337715239e-24,2.96969981265e-24,3.53573965823e-24,4.30234127528e-24,2.97406615776e-24,4.01359254599e-24,3.86556516371e-24,3.00171159097e-24,5.21277550676e-24,3.93125558344e-24,4.81194660335e-24,4.43905678662e-24,4.29139740795e-24,4.65436098791e-24,5.33113304154e-24,5.06974003629e-24,4.82314606162e-24,4.74013501742e-24,5.07652502893e-24,6.44524721444e-24,5.71103267627e-24,4.16239853399e-24,5.39623260445e-24,4.72164569553e-24,6.15683611761e-24,6.32413694953e-24],"var":[0.0000897145218914,0.0000660214718664,0.00000767831716075,7.81833705332e-7,4.78367383039e-7,8.69617409194e-8,2.22869811495e-8,1.38215332512e-8,4.9540084035e-8,5.43382334683e-8,5.4868785071e-8,8.59309849943e-8,2.36300277123e-8,4.1751071933e-8,1.64554254667e-8,1.17978604663e-8,7.37141903073e-9,6.21214590879e-9,6.18990991796e-9,3.25837468118e-9,1.29918076297e-9,1.31338451226e-9,1.78275472162e-9,8.5402734884e-10,6.73561151299e-10,7.39019345719e-10,3.87279125436e-10,1.8503933108e-10,1.67812999607e-10,1.31794949954e-10,9.29112620174e-11,7.63933916126e-11,7.57475887569e-11,2.18062387591e-10,2.26937357795e-11,1.58773220266e-11,1.40421433162e-11,1.34694165543e-11,1.04281566021e-11,7.3586015753e-12]},"melbands_crest":{"dmean":4.01149272919,"dmean2":6.49717092514,"dvar":13.9379787445,"dvar2":31.292093277,"max":36.0857963562,"mean":19.1769218445,"median":19.2758789063,"min":1.46157336235,"var":43.1731567383},"melbands_flatness_db":{"dmean":0.0383221432567,"dmean2":0.0578311532736,"dvar":0.00112520449329,"dvar2":0.00239713699557,"max":0.494225144386,"mean":0.222827538848,"median":0.227682039142,"min":0.00290212663822,"var":0.00822754018009},"melbands_kurtosis":{"dmean":29.8893814087,"dmean2":47.6375770569,"dvar":2856.70336914,"dvar2":6983.05371094,"max":782.591247559,"mean":47.9043006897,"median":19.7965698242,"min":-1.68602836132,"var":5589.23828125},"melbands_skewness":{"dmean":1.67227315903,"dmean2":2.53226923943,"dvar":3.40308022499,"dvar2":7.20554733276,"max":25.9731826782,"mean":4.99333333969,"median":4.12202739716,"min":-1.64414441586,"var":13.3840589523},"melbands_spread":{"dmean":10.9761886597,"dmean2":16.8213634491,"dvar":203.387619019,"dvar2":466.328369141,"max":216.088150024,"mean":27.6973457336,"median":19.0615158081,"min":0.580441951752,"var":754.543823242},"mfcc":{"cov":[[13998.5341797,1196.49108887,-449.936004639,-7.92778348923,0.708871841431,-9.95411300659,70.9332427979,148.068832397,183.5025177,57.9902114868,17.4777164459,-67.9859542847,-227.750091553],[1196.49108887,663.470153809,83.5390625,13.174030304,-33.8293075562,48.4809341431,63.8885231018,177.212921143,7.76434230804,-16.979259491,7.15760564804,-56.3623886108,14.3570432663],[-449.936004639,83.5390625,1013.86968994,242.010650635,101.730323792,105.59992981,72.4970855713,75.3458251953,-95.1372680664,-85.7728500366,-18.9922504425,-20.8105220795,56.1033325195],[-7.92778348923,13.174030304,242.010650635,437.771484375,184.91897583,83.1016082764,-20.2274227142,-40.8941001892,-17.2883319855,-20.4173660278,-49.4381866455,-7.24238920212,33.4737586975],[0.708871841431,-33.8293075562,101.730323792,184.91897583,449.288360596,160.693435669,15.8746366501,-56.5814208984,47.7097167969,60.165851593,3.96462249756,10.2373456955,15.0954322815],[-9.95411300659,48.4809341431,105.59992981,83.1016082764,160.693435669,229.241134644,93.6700820923,45.8104667664,-8.71525764465,6.14918518066,35.8898277283,21.0208435059,44.6257247925],[70.9332427979,63.8885231018,72.4970855713,-20.2274227142,15.8746366501,93.6700820923,226.7265625,110.356269836,-8.18803405762,-6.51706886292,37.177822113,24.0331401825,9.70545005798],[148.068832397,177.212921143,75.3458251953,-40.8941001892,-56.5814208984,45.8104667664,110.356269836,231.481918335,10.1401844025,-31.3104991913,24.3428039551,-23.7135219574,48.1224632263],[183.5025177,7.76434230804,-95.1372680664,-17.2883319855,47.7097167969,-8.71525764465,-8.18803405762,10.1401844025,153.752304077,67.9483032227,-12.1104516983,12.0485649109,-9.6281375885],[57.9902114868,-16.979259491,-85.7728500366,-20.4173660278,60.165851593,6.14918518066,-6.51706886292,-31.3104991913,67.9483032227,125.907165527,35.5955085754,-9.88107585907,-15.0010375977],[17.4777164459,7.15760564804,-18.9922504425,-49.4381866455,3.96462249756,35.8898277283,37.177822113,24.3428039551,-12.1104516983,35.5955085754,121.84903717,42.8985328674,-17.6442661285],[-67.9859542847,-56.3623886108,-20.8105220795,-7.24238920212,10.2373456955,21.0208435059,24.0331401825,-23.7135219574,12.0485649109,-9.88107585907,42.8985328674,124.315612793,16.3102684021],[-227.750091553,14.3570432663,56.1033325195,33.4737586975,15.0954322815,44.6257247925,9.70545005798,48.1224632263,-9.6281375885,-15.0010375977,-17.6442661285,16.3102684021,133.775314331]],"icov":[[0.0000915756754694,-0.000184922100743,0.0000476453642477,-0.0000256239727605,-0.0000117648833111,0.00000878580340213,-0.0000239767687162,0.0000425554317189,-0.0000744108328945,0.0000296691196127,0.00000651018081044,-0.0000272873276117,0.000149167186464],[-0.000184922100743,0.00236193533055,-0.000111711349746,-0.000158462164109,0.000170602012076,-0.000388223386835,0.0003399621055,-0.00175527250394,0.000151455009473,-0.000226413816563,0.0000892263342394,0.00050699012354,0.000170661020093],[0.0000476453642477,-0.000111711349746,0.00133354438003,-0.000642387662083,-0.000185559503734,-0.0000445495825261,-0.000255340448348,-0.000313005293719,0.00050528527936,0.000523463997524,-0.0000794068037067,0.000204064883292,-0.0000787896133261],[-0.0000256239727605,-0.000158462164109,-0.000642387662083,0.00347665324807,-0.0011143864831,-0.000568707007915,0.000492620631121,0.00047463492956,0.000350416492438,0.000213277497096,0.00129942502826,-0.000237779080635,-0.00026865262771],[-0.0000117648833111,0.000170602012076,-0.000185559503734,-0.0011143864831,0.00416750833392,-0.0028148368001,0.0000823656155262,0.00119375390932,-0.00128982181195,-0.00110701436643,0.0000329831236741,0.000332202063873,0.0000985320439213],[0.00000878580340213,-0.000388223386835,-0.0000445495825261,-0.000568707007915,-0.0028148368001,0.00858964119107,-0.002780075185,0.0000222461148951,0.000394073693315,0.000832662626635,-0.00246436521411,0.000299410894513,-0.00237626791932],[-0.0000239767687162,0.0003399621055,-0.000255340448348,0.000492620631121,0.0000823656155262,-0.002780075185,0.00776343978941,-0.00458738673478,0.00193497003056,-0.00217703171074,0.00176716770511,-0.00307279033586,0.00241444446146],[0.0000425554317189,-0.00175527250394,-0.000313005293719,0.00047463492956,0.00119375390932,0.0000222461148951,-0.00458738673478,0.0115895057097,-0.00540848681703,0.00612072460353,-0.00581596186385,0.00585733354092,-0.00488916831091],[-0.0000744108328945,0.000151455009473,0.00050528527936,0.000350416492438,-0.00128982181195,0.000394073693315,0.00193497003056,-0.00540848681703,0.013323277235,-0.00960587989539,0.00739717343822,-0.00623342767358,0.00299413874745],[0.0000296691196127,-0.000226413816563,0.000523463997524,0.000213277497096,-0.00110701436643,0.000832662626635,-0.00217703171074,0.00612072460353,-0.00960587989539,0.0184829570353,-0.0102119846269,0.00791268888861,-0.00332517479546],[0.00000651018081044,0.0000892263342394,-0.0000794068037067,0.00129942502826,0.0000329831236741,-0.00246436521411,0.00176716770511,-0.00581596186385,0.00739717343822,-0.0102119846269,0.0178399886936,-0.00931977946311,0.00536852190271],[-0.0000272873276117,0.00050699012354,0.000204064883292,-0.000237779080635,0.000332202063873,0.000299410894513,-0.00307279033586,0.00585733354092,-0.00623342767358,0.00791268888861,-0.00931977946311,0.0149870980531,-0.00476625794545],[0.000149167186464,0.000170661020093,-0.0000787896133261,-0.00026865262771,0.0000985320439213,-0.00237626791932,0.00241444446146,-0.00488916831091,0.00299413874745,-0.00332517479546,0.00536852190271,-0.00476625794545,0.0113081112504]],"mean":[-670.288330078,73.1105575562,19.9052581787,33.7522621155,21.4713573456,23.3920707703,10.7518100739,19.3777561188,4.29874801636,4.15983629227,2.65942907333,-2.95253658295,3.64703917503]},"pitch_salience":{"dmean":0.0987307205796,"dmean2":0.162361115217,"dvar":0.00893519725651,"dvar2":0.0216892566532,"max":0.993320822716,"mean":0.440571993589,"median":0.430583000183,"min":0.0343660227954,"var":0.0204259194434},"silence_rate_20dB":{"dmean":0,"dmean2":0,"dvar":0,"dvar2":0,"max":1,"mean":1,"median":1,"min":1,"var":0},"silence_rate_30dB":{"dmean":0.0655856728554,"dmean2":0.131187215447,"dvar":0.061285585165,"dvar2":0.11542956531,"max":1,"mean":0.916031479836,"median":1,"min":0,"var":0.0769241005182},"silence_rate_60dB":{"dmean":0.022265246138,"dmean2":0.044535882771,"dvar":0.0217673610896,"dvar2":0.0464252531528,"max":1,"mean":0.103448279202,"median":0,"min":0,"var":0.0927473753691},"spectral_centroid":{"dmean":382.93347168,"dmean2":583.496826172,"dvar":146582.5625,"dvar2":300306.5625,"max":11851.2460938,"mean":1886.84277344,"median":1793.37109375,"min":225.314804077,"var":1532657.125},"spectral_complexity":{"dmean":4.6727976799,"dmean2":6.19048786163,"dvar":48.0216789246,"dvar2":70.544960022,"max":64,"mean":14.0218992233,"median":10,"min":0,"var":167.287139893},"spectral_contrast_coeffs":{"dmean":[0.0634590983391,0.0540319755673,0.0513376630843,0.0401891767979,0.0272190719843,0.0219634082168],"dmean2":[0.109372958541,0.0864998921752,0.0759459137917,0.062156945467,0.0427953526378,0.0354227423668],"dvar":[0.00307042663917,0.00216585956514,0.00224880478345,0.00137617927976,0.000683982041664,0.000484644668177],"dvar2":[0.00929282512516,0.00505539868027,0.00433291308582,0.00288803130388,0.0015347127337,0.00120894121937],"max":[-0.365351438522,-0.36922121048,-0.435483396053,-0.463650226593,-0.575081765652,-0.591206729412],"mean":[-0.684350132942,-0.742793500423,-0.752791166306,-0.753058254719,-0.788180053234,-0.775424540043],"median":[-0.687594234943,-0.754571855068,-0.766723334789,-0.753762960434,-0.790825486183,-0.770484030247],"min":[-0.999727964401,-0.999771118164,-0.999622941017,-0.999223053455,-0.99733120203,-0.983831763268],"var":[0.00891721900553,0.00845000427216,0.0094166174531,0.00534738320857,0.00267295702361,0.00225805561058]},"spectral_contrast_valleys":{"dmean":[0.460482597351,0.495428591967,0.445931583643,0.436779171228,0.388401210308,0.378830730915],"dmean2":[0.744866609573,0.743779480457,0.649027943611,0.624020636082,0.521005749702,0.482387810946],"dvar":[0.199895069003,0.260463029146,0.206294164062,0.226104825735,0.201032340527,0.189593777061],"dvar2":[0.436031788588,0.484084159136,0.352423578501,0.376425504684,0.346450954676,0.315616905689],"max":[-4.80155849457,-4.88167667389,-5.37631988525,-5.68430519104,-5.41343784332,-7.465467453],"mean":[-7.46450424194,-8.25114154816,-8.50997543335,-8.6053943634,-7.99572563171,-9.8425693512],"median":[-6.99807357788,-7.88151550293,-8.18730258942,-8.30031871796,-7.63433837891,-9.49504184723],"min":[-28.289434433,-28.02044487,-27.7575817108,-27.5766372681,-27.4742507935,-27.4199714661],"var":[6.41838884354,5.83728837967,5.80137729645,5.85815143585,5.98051166534,5.04404354095]},"spectral_decrease":{"dmean":5.53053514096e-9,"dmean2":8.88446471947e-9,"dvar":1.13141036266e-16,"dvar2":2.9804550962e-16,"max":1.8441638841e-11,"mean":-9.5831227398e-9,"median":-5.61940938226e-9,"min":-9.69856586153e-8,"var":1.57315485296e-16},"spectral_energy":{"dmean":0.0216313935816,"dmean2":0.0345366932452,"dvar":0.00164984771982,"dvar2":0.00431673228741,"max":0.370695561171,"mean":0.0386402271688,"median":0.02331469208,"min":9.93311114414e-21,"var":0.00236916611902},"spectral_energyband_high":{"dmean":0.00109894911293,"dmean2":0.00144591601565,"dvar":0.00000323342328556,"dvar2":0.00000646097396384,"max":0.0184913296252,"mean":0.00180513295345,"median":0.000896363635547,"min":7.02333289504e-21,"var":0.00000572257067688},"spectral_energyband_low":{"dmean":0.0183720048517,"dmean2":0.0296950172633,"dvar":0.00155985250603,"dvar2":0.00408940436319,"max":0.360259562731,"mean":0.0279495436698,"median":0.0131779788062,"min":1.63058606183e-23,"var":0.00199727155268},"spectral_energyband_middle_high":{"dmean":0.00247577973641,"dmean2":0.0033696689643,"dvar":0.0000148451808855,"dvar2":0.0000272527995548,"max":0.0587385818362,"mean":0.00449481606483,"median":0.00193717749789,"min":1.09130840923e-21,"var":0.0000363826075045},"spectral_energyband_middle_low":{"dmean":0.00478228088468,"dmean2":0.00814469903708,"dvar":0.0000813218575786,"dvar2":0.00021914417448,"max":0.0662267431617,"mean":0.00591729767621,"median":0.00286616175435,"min":1.52239968936e-22,"var":0.0000783232462709},"spectral_entropy":{"dmean":0.196117088199,"dmean2":0.295002132654,"dvar":0.036312315613,"dvar2":0.0817235559225,"max":9.81643295288,"mean":7.8633852005,"median":7.87705469131,"min":6.06362485886,"var":0.19984331727},"spectral_flux":{"dmean":0.0415505692363,"dmean2":0.0643662586808,"dvar":0.00259590731002,"dvar2":0.00584315462038,"max":0.438661932945,"mean":0.102362804115,"median":0.077719822526,"min":6.42320849287e-11,"var":0.00656783767045},"spectral_kurtosis":{"dmean":0.783326506615,"dmean2":1.18047332764,"dvar":0.547310471535,"dvar2":1.24110722542,"max":12.4061756134,"mean":2.22653412819,"median":2.18254590034,"min":-1.28346991539,"var":1.93291211128},"spectral_rms":{"dmean":0.00139191467315,"dmean2":0.00211546220817,"dvar":0.00000347110130861,"dvar2":0.00000809723860584,"max":0.0190172083676,"mean":0.00523690786213,"median":0.00476928101853,"min":3.11301136778e-12,"var":0.0000102725343822},"spectral_rolloff":{"dmean":975.110107422,"dmean2":1562.81323242,"dvar":3375788.25,"dvar2":7769755.5,"max":20930.2734375,"mean":2179.67114258,"median":1033.59375,"min":64.599609375,"var":12087524},"spectral_skewness":{"dmean":0.1644307971,"dmean2":0.24076320231,"dvar":0.02195199579,"dvar2":0.0449502877891,"max":2.56453299522,"mean":1.1827455759,"median":1.21677041054,"min":-0.0859366357327,"var":0.107665672898},"spectral_spread":{"dmean":1131532,"dmean2":1592046.375,"dvar":2148443357180,"dvar2":4199722778620,"max":49300208,"mean":7137942.5,"median":6071431.5,"min":2529437.75,"var":18022842499100},"spectral_strongpeak":{"dmean":0.307399064302,"dmean2":0.523110210896,"dvar":0.34483641386,"dvar2":0.900887608528,"max":7.45856046677,"mean":0.490374416113,"median":0.299390971661,"min":0,"var":0.384495824575},"zerocrossingrate":{"dmean":0.0204126853496,"dmean2":0.0242538042367,"dvar":0.000582316599321,"dvar2":0.00080253375927,"max":0.5234375,"mean":0.0883984044194,"median":0.06982421875,"min":0.00634765625,"var":0.00554894143716}},"metadata":{"audio_properties":{"analysis_sample_rate":44100,"bit_rate":0,"codec":"flac","downmix":"mix","equal_loudness":0,"length":191.866668701,"lossless":true,"md5_encoded":"cbdc91e2a54507c59bf0fa7c0047d0f5","replay_gain":-7.9363193512,"sample_rate":44100},"tags":{"acoustid_id":["bcf5eb28-d032-4e84-a3db-10647261a36f"],"album":["Down With the King"],"albumartist":["Run‐D.M.C."],"albumartistsort":["Run‐D.M.C."],"artist":["Run‐D.M.C."],"artistsort":["Run‐D.M.C."],"asin":["B00005HOC3"],"barcode":["5018515044025"],"catalognumber":["FILECD 440"],"date":["1993"],"discnumber":["1"],"disctotal":["1"],"engineer":["Kevin Thomas"],"file_name":"07. Run-D.M.C. ~ Ooh, Whatcha Gonna Do.flac","genre":["Unknown"],"grouping":["Unknown"],"label":["Profile Records"],"media":["CD"],"mixer":["Kevin Thomas"],"mood":["Unknown"],"musicbrainz_albumartistid":["5ecc3f72-20a6-47a0-8dc5-fb0b3dadeea0"],"musicbrainz_albumid":["28a3349e-018c-327c-8b92-425a2748edca"],"musicbrainz_artistid":["5ecc3f72-20a6-47a0-8dc5-fb0b3dadeea0"],"musicbrainz_recordingid":["b86598bd-2398-4e61-b2df-177887bc4b9f"],"musicbrainz_releasegroupid":["57e698d1-09e4-3ae5-b03e-83ae4842109e"],"musicbrainz_releasetrackid":["8841f9a7-31a7-3718-b6b7-52f8790ab1c0"],"originaldate":["1993-05-04"],"originalyear":["1993"],"producer":["The Bomb Squad"],"releasecountry":["GB"],"releasestatus":["official"],"releasetype":["album"],"script":["Latn"],"title":["Ooh, Whatcha Gonna Do"],"totaldiscs":["1"],"totaltracks":["15"],"tracknumber":["7"],"tracktotal":["15"],"website":["http://www.rundmc.com/"]},"version":{"essentia":"2.1-beta2","essentia_build_sha":"2d9f1f26377add8aeb1075a9c2973f962c4f09fd","essentia_git_sha":"v2.1_beta2-1-ge3940c0","extractor":"music 1.0"}},"rhythm":{"beats_count":313,"beats_loudness":{"dmean":0.0312712714076,"dmean2":0.060649074614,"dvar":0.00167456828058,"dvar2":0.0050631663762,"max":0.223