{"lowlevel":{"average_loudness":0.856575727463,"barkbands":{"dmean":[0.00274396152236,0.0050371219404,0.00144934898708,0.00209260103293,0.00172646564897,0.00192571408115,0.00154739292338,0.000895185105037,0.000945524021517,0.000722918659449,0.000493218773045,0.000633465126157,0.000392519461457,0.000292016222375,0.000297507940559,0.000136699454742,0.0000891278905328,0.0000879622602952,0.000104952021502,0.0000907868670765,0.0000471716521133,0.000018603503122,0.00000664225581204,0.00000229720512834,0.00000171600891008,0.00000461158879261,0.000156299152877],"dmean2":[0.00449099577963,0.00818634126335,0.00240158848464,0.00355393090285,0.00276986975223,0.00306610204279,0.0025284984149,0.0014558872208,0.00152336386964,0.00119897862896,0.000822389032692,0.00105819432065,0.000658253091387,0.000488167628646,0.000477403023979,0.000227660610108,0.000146549369674,0.000135243855766,0.000155209112563,0.000133337918669,0.0000689091175445,0.0000268754483841,0.00000972799625742,0.00000379539415007,0.00000287807210952,0.00000684537644702,0.000242971014814],"dvar":[0.0000217508240894,0.000066896158387,0.00000591822254137,0.00000911835741135,0.0000088538381533,0.0000148387207446,0.00000717279999662,0.00000571245527681,0.00000555743690711,0.00000359277237294,6.54050097637e-7,0.00000110155554012,4.33064457184e-7,3.6749676724e-7,7.23295897842e-7,6.78385490005e-8,4.5543806948e-8,8.87892355195e-8,1.45538294305e-7,1.09310057894e-7,3.89614953633e-8,6.77557476791e-9,5.02974217831e-10,2.12424747931e-11,8.66095650059e-12,1.08506599539e-10,4.83523834305e-8],"dvar2":[0.0000548537464056,0.00016917247558,0.0000149765673996,0.0000252907284448,0.000021316249331,0.0000363508843293,0.000018291759261,0.000013366146959,0.0000135332511491,0.00000937364711717,0.00000181659993359,0.00000292231766252,0.00000113390888146,9.51277002059e-7,0.00000179580217718,1.80387829118e-7,1.05147009322e-7,1.85705118838e-7,2.8641088079e-7,2.28613188824e-7,7.58445182214e-8,1.34100801574e-8,8.93871976437e-10,5.43052443291e-11,2.26202650361e-11,2.11398093475e-10,1.10257353469e-7],"max":[0.0907387956977,0.125655546784,0.0760956257582,0.0445819161832,0.0705830901861,0.074649527669,0.0566933751106,0.0664932131767,0.0691274181008,0.0438059791923,0.026490740478,0.0268762260675,0.014256852679,0.0136862620711,0.0380152240396,0.00745575362816,0.0121424011886,0.0153172835708,0.0156800020486,0.0131246307865,0.00915854237974,0.00327936722897,0.000984818558209,0.000222080008825,0.0000431613079854,0.000387866050005,0.00424950709566],"mean":[0.00455136643723,0.00942947063595,0.00209145713598,0.00300921080634,0.00293963728473,0.00330883194692,0.002458358882,0.00119104795158,0.00141409959178,0.00101139559411,0.00074000650784,0.00102694996167,0.000647330540232,0.000501953007188,0.000500286463648,0.000240021487116,0.000146398539073,0.000147394355736,0.000177549678483,0.000165579112945,0.000085453124484,0.0000328587775584,0.000010500188182,0.00000250103130384,0.00000172971397205,0.00000737860864319,0.000533674727194],"median":[0.0023764767684,0.00631004013121,0.00110553973354,0.00155559764244,0.00169900269248,0.00152366224211,0.00133872171864,0.000461435876787,0.000650223111734,0.0003634589375,0.000423383142333,0.000625355867669,0.000386811734643,0.000258962332737,0.000203023460926,0.000150184496306,0.000078122902778,0.0000424794088758,0.0000347922759829,0.0000273068235401,0.0000134300535137,0.0000053806379583,0.00000207962148124,8.06655521046e-7,6.51976279187e-7,0.00000223968186219,0.000362400431186],"min":[1.20127856976e-24,3.06220381176e-24,2.28611772004e-24,9.50216092497e-25,8.84178810627e-24,7.69144825731e-24,1.2690616797e-23,8.76802882277e-24,2.00522778086e-23,1.10850592407e-23,2.64132009199e-23,3.01571584419e-23,4.37369760958e-23,4.5783836642e-23,5.17578739664e-23,6.08596469612e-23,7.43244613169e-23,1.05323659355e-22,9.65713990732e-23,1.77169955159e-22,3.13126181559e-22,3.50005062846e-22,4.28380501616e-22,6.11850363074e-22,9.68099695436e-22,1.44477847734e-21,2.04147286605e-21],"var":[0.0000383622536901,0.000118218835269,0.00000982340770861,0.000016551470253,0.0000163812183018,0.0000279522646451,0.0000126939648908,0.00000795133109932,0.00000858945259097,0.00000470491931992,9.49273385231e-7,0.00000174450678969,7.15011992725e-7,6.71141037856e-7,0.00000134741287638,9.51343466227e-8,6.70554172189e-8,1.51732209019e-7,3.33914954354e-7,2.49798659979e-7,1.04045042804e-7,1.41852343205e-8,1.23180698974e-9,2.89482153526e-11,8.99384299674e-12,2.54502530161e-10,2.77462135045e-7]},"barkbands_crest":{"dmean":2.41983270645,"dmean2":3.98093914986,"dvar":4.26882314682,"dvar2":11.4117307663,"max":23.0224170685,"mean":9.19014358521,"median":8.63437747955,"min":2.51186013222,"var":11.5417852402},"barkbands_flatness_db":{"dmean":0.024132616818,"dmean2":0.0377339944243,"dvar":0.000434800138464,"dvar2":0.0010633970378,"max":0.367983937263,"mean":0.154184937477,"median":0.148784041405,"min":0.031571444124,"var":0.00210611382499},"barkbands_kurtosis":{"dmean":3.48796391487,"dmean2":5.45641279221,"dvar":24.2001113892,"dvar2":54.9532089233,"max":149.929138184,"mean":8.24817276001,"median":5.8688492775,"min":-1.65381276608,"var":93.5026321411},"barkbands_skewness":{"dmean":0.501572847366,"dmean2":0.790883898735,"dvar":0.21057882905,"dvar2":0.508893370628,"max":10.267001152,"mean":2.22346425056,"median":2.06823325157,"min":-2.29524278641,"var":1.113717556},"barkbands_spread":{"dmean":4.86307239532,"dmean2":7.6760931015,"dvar":23.1999607086,"dvar2":50.6902427673,"max":103.550239563,"mean":21.41365242,"median":19.8665809631,"min":1.61659038067,"var":111.061759949},"dissonance":{"dmean":0.0205098483711,"dmean2":0.0349367596209,"dvar":0.000325560249621,"dvar2":0.000909292139113,"max":0.500000119209,"mean":0.465347349644,"median":0.470162093639,"min":0.225792199373,"var":0.000530256773345},"dynamic_complexity":3.41481423378,"erbbands":{"dmean":[0.265260517597,0.790279269218,1.48317468166,4.49692869186,5.2092757225,7.53390550613,12.9282360077,15.4679012299,19.9748153687,19.574924469,21.6219673157,20.4361686707,19.9225578308,24.2193756104,15.8193635941,22.7188396454,16.7801303864,13.0163631439,17.6154384613,9.36790943146,6.98311185837,4.70852422714,4.27769184113,5.52780485153,4.7708325386,4.35009241104,2.72192358971,1.43181836605,0.743242561817,0.336140811443,0.177793622017,0.0724474042654,0.0282692052424,0.0191647484899,0.0122438287362,0.00720227882266,0.00954920239747,0.0105488914996,0.00980073865503,0.00420921761543],"dmean2":[0.428315877914,1.30497217178,2.45084166527,7.52119112015,8.8890953064,11.9684638977,21.0229244232,24.5666370392,32.5165977478,31.7991657257,34.9328613281,32.9068832397,32.8915519714,40.5217628479,26.127117157,37.8176193237,27.838104248,21.4765205383,28.2848129272,15.18683815,11.5632743835,7.67893600464,6.58113050461,8.29811477661,6.82778072357,6.33366918564,3.99348211288,2.09504127502,1.07792949677,0.486672729254,0.260646700859,0.11418236047,0.0473851375282,0.0321812927723,0.0205040238798,0.0119738830253,0.014221245423,0.0144593538716,0.0136045059189,0.00661504641175],"dvar":[0.208453088999,1.65735292435,5.79727458954,42.3144073486,73.1423721313,194.339065552,694.898376465,1155.11535645,1383.48217773,1426.67858887,3268.59716797,3273.25854492,2721.46582031,2297.85302734,738.196350098,1368.7052002,842.482299805,526.226257324,2541.75146484,383.757751465,200.163711548,131.672805786,174.419067383,347.629486084,406.872467041,277.081756592,108.714065552,48.7722702026,11.7245731354,2.09594154358,0.336142808199,0.0358464345336,0.00242044683546,0.00110151967965,0.000432984059444,0.000139634808875,0.000558728759643,0.000834344129544,0.000532073783688,0.0000271360040642],"dvar2":[0.520308375359,4.39028835297,14.9953479767,114.410987854,194.753677368,468.301116943,1750.33947754,2743.38134766,3470.63305664,3491.03027344,7463.69921875,8093.22167969,7176.56494141,6021.10058594,1980.72619629,3496.95581055,2179.53735352,1355.94238281,6296.30810547,925.647155762,526.782165527,290.203918457,362.024261475,686.92376709,790.704528809,585.367736816,221.130081177,96.8560180664,24.0007228851,4.08970737457,0.606715917587,0.0805133879185,0.00631481735036,0.0028790065553,0.00112954131328,0.000362033810234,0.00112366373651,0.0013627797598,0.000977516872808,0.0000636590193608],"max":[7.34220504761,22.5304965973,71.0047607422,90.5725860596,242.817947388,373.247436523,671.907470703,701.210327148,998.821166992,1021.76660156,1616.59423828,1863.16296387,1087.28186035,1442.82958984,452.35760498,1390.7755127,748.353088379,499.363891602,2305.3371582,585.745605469,456.49597168,620.59387207,502.328704834,915.475830078,863.683898926,655.727233887,381.044830322,321.192443848,161.58152771,69.2862014771,22.7757568359,11.8449516296,0.731626927853,0.490307182074,0.30294701457,0.166911557317,1.03238785267,1.17275178432,0.811551988125,0.099223472178],"mean":[0.488588422537,1.28156375885,2.37075924873,7.00206375122,7.92809057236,12.0065479279,20.486656189,26.2571296692,32.4750137329,30.5731945038,31.0983505249,31.212141037,29.3177852631,37.7892875671,28.175113678,38.8286972046,30.0229568481,25.317029953,31.3549022675,18.0079727173,12.8596973419,8.30916881561,7.61936235428,9.25592899323,8.4092502594,7.8701300621,5.06054592133,2.53546452522,1.32253396511,0.582286655903,0.271739840508,0.0904978439212,0.0288856308907,0.0191691722721,0.0125548401847,0.00800421554595,0.014822665602,0.0256242509931,0.0296375751495,0.0192009173334],"median":[0.27093821764,0.837118029594,1.46764481068,3.93949365616,4.75276184082,6.08183956146,9.32871818542,12.1950855255,17.3951721191,16.0823249817,13.7064275742,14.5841197968,10.9515018463,20.0982208252,15.9572925568,24.8612670898,18.8421211243,15.1633834839,13.5701560974,9.77332115173,7.69259357452,4.50419902802,2.56659841537,2.04759836197,1.49082779884,1.30311834812,0.762216210365,0.414824843407,0.218533754349,0.10595458746,0.0538626611233,0.0236432887614,0.010666500777,0.00701950583607,0.00488282460719,0.00349338585511,0.00440380442888,0.00660171499476,0.0110250888392,0.0159064754844],"min":[9.33431719897e-23,9.54131833947e-22,2.99393559654e-21,5.92233207372e-21,1.67037686348e-20,4.1999921119e-20,4.15100880247e-20,6.61355521284e-20,2.13593505024e-19,1.53294662082e-19,1.80695614409e-19,4.86548670279e-19,4.56265071066e-19,8.14711743698e-19,1.43275922881e-18,1.41766225205e-18,1.8579154846e-18,2.42134480256e-18,3.3271334227e-18,2.49682213832e-18,3.98642987172e-18,4.80997130316e-18,4.42152646033e-18,5.24513199827e-18,6.23100555698e-18,8.17982033269e-18,1.00326478293e-17,1.18254261494e-17,1.11612968977e-17,1.34545459582e-17,1.24648657143e-17,1.25668554294e-17,9.73977129858e-18,8.44606578363e-18,7.18938983599e-18,4.60038110674e-18,2.79865641473e-18,1.10635706782e-18,2.60579858283e-19,2.83892166702e-20],"var":[0.399494886398,2.32117056847,9.41412258148,78.5170669556,107.936378479,356.781738281,1106.1685791,2133.3034668,2491.05004883,2287.95068359,4752.60009766,4753.84912109,3553.54492188,3441.14282227,1265.8092041,2340.20483398,1429.09521484,1069.83972168,4896.59667969,786.330322266,293.838745117,210.776947021,320.737762451,706.018981934,879.116394043,601.761413574,287.084472656,107.02116394,23.0135726929,4.77294111252,0.791951179504,0.0688934922218,0.00255307252519,0.00113396800589,0.000455266155768,0.000156991358381,0.00121588318143,0.00315094715916,0.00261044339277,0.000201548682526]},"erbbands_crest":{"dmean":2.40566968918,"dmean2":3.98971438408,"dvar":5.15416955948,"dvar2":13.3647193909,"max":29.6718063354,"mean":7.67492628098,"median":6.88216018677,"min":2.56795740128,"var":10.3121232986},"erbbands_flatness_db":{"dmean":0.0224070213735,"dmean2":0.0352732278407,"dvar":0.000355433934601,"dvar2":0.000903868523892,"max":0.342225164175,"mean":0.168101578951,"median":0.164484202862,"min":0.0601541735232,"var":0.00129749788903},"erbbands_kurtosis":{"dmean":0.678345680237,"dmean2":1.100466609,"dvar":0.644031643867,"dvar2":1.53688979149,"max":20.3383789062,"mean":0.115611173213,"median":-0.153010010719,"min":-1.61406183243,"var":1.55414533615},"erbbands_skewness":{"dmean":0.325944006443,"dmean2":0.510136306286,"dvar":0.0753287598491,"dvar2":0.179939642549,"max":3.87993168831,"mean":0.178134471178,"median":0.139497995377,"min":-3.22816181183,"var":0.328263908625},"erbbands_spread":{"dmean":4.84268856049,"dmean2":7.64104223251,"dvar":17.9938220978,"dvar2":42.6979866028,"max":77.3902435303,"mean":25.9553108215,"median":24.659488678,"min":5.61475992203,"var":73.2870635986},"gfcc":{"cov":[[13587.6621094,-90.713142395,-851.117675781,675.156433105,-255.053039551,-326.027923584,815.496582031,49.4310073853,206.177383423,491.490142822,194.144577026,156.01083374,-47.1226425171],[-90.713142395,824.094482422,32.1279525757,-322.304321289,260.767425537,48.6983299255,-89.3602523804,35.303314209,58.1351623535,-63.5419120789,52.2826881409,-53.2897644043,95.3352432251],[-851.117675781,32.1279525757,331.141784668,9.72024345398,-20.6816005707,172.233764648,-127.690536499,71.3136062622,-9.51714992523,0.0480623170733,16.8889293671,19.2005443573,8.93096542358],[675.156433105,-322.304321289,9.72024345398,419.443084717,-69.9025802612,-104.669136047,203.13394165,-41.5465126038,-3.6152150631,97.4427185059,10.4454584122,46.9840316772,-58.5073127747],[-255.053039551,260.767425537,-20.6816005707,-69.9025802612,219.494842529,16.6739635468,7.59227800369,16.8803501129,26.3456172943,-33.8642730713,23.9103183746,-14.5876646042,38.8525466919],[-326.027923584,48.6983299255,172.233764648,-104.669136047,16.6739635468,268.115966797,-139.262832642,104.414047241,1.86578130722,-18.9236793518,13.0130643845,10.4584608078,36.1784896851],[815.496582031,-89.3602523804,-127.690536499,203.13394165,7.59227800369,-139.262832642,291.792266846,-49.9236717224,40.3134384155,72.4655685425,10.259929657,27.5338439941,-35.9673118591],[49.4310073853,35.303314209,71.3136062622,-41.5465126038,16.8803501129,104.414047241,-49.9236717224,148.31036377,24.3814277649,26.5295696259,33.8216056824,-7.21098661423,42.1790161133],[206.177383423,58.1351623535,-9.51714992523,-3.6152150631,26.3456172943,1.86578130722,40.3134384155,24.3814277649,101.15851593,37.3964653015,23.3027362823,33.1219444275,-4.02790546417],[491.490142822,-63.5419120789,0.0480623170733,97.4427185059,-33.8642730713,-18.9236793518,72.4655685425,26.5295696259,37.3964653015,121.642845154,50.5716896057,16.3823604584,9.93522071838],[194.144577026,52.2826881409,16.8889293671,10.4454584122,23.9103183746,13.0130643845,10.259929657,33.8216056824,23.3027362823,50.5716896057,74.3029174805,27.6525096893,25.2680435181],[156.01083374,-53.2897644043,19.2005443573,46.9840316772,-14.5876646042,10.4584608078,27.5338439941,-7.21098661423,33.1219444275,16.3823604584,27.6525096893,87.7117538452,6.85219049454],[-47.1226425171,95.3352432251,8.93096542358,-58.5073127747,38.8525466919,36.1784896851,-35.9673118591,42.1790161133,-4.02790546417,9.93522071838,25.2680435181,6.85219049454,87.6839294434]],"icov":[[0.000162737080245,-0.00044260249706,0.000785944052041,-0.000445876037702,0.000494492123835,-0.000372054113541,-0.0000306264228129,-0.000372532289475,0.000267039606115,-0.000454331107903,0.000129929263494,-0.000470675964607,0.000355243362719],[-0.00044260249706,0.00502723734826,-0.00404812442139,0.0036499502603,-0.00380722270347,0.00188344344497,-0.00108522304799,0.00275747454725,-0.0034450115636,0.00302867754363,-0.00370324449614,0.00465960102156,-0.00351613480598],[0.000785944052041,-0.00404812442139,0.0105471666902,-0.00535975256935,0.00359671236947,-0.00529274111614,0.00301551586017,-0.00308570521884,0.00264083896764,-0.00311714340933,0.00155365420505,-0.00447268784046,0.00386084406637],[-0.000445876037702,0.0036499502603,-0.00535975256935,0.00912076793611,-0.00357799092308,0.00330516719259,-0.00393856875598,0.000899594335351,0.00208010827191,-0.00270719011314,0.000433465436799,-0.000870762334671,0.00094250793336],[0.000494492123835,-0.00380722270347,0.00359671236947,-0.00357799092308,0.0111185573041,-0.00284786429256,-0.00139932043385,-0.00059970485745,-0.00229458557442,0.00482734246179,-0.00415251497179,0.00194505543914,-0.0019934005104],[-0.000372054113541,0.00188344344497,-0.00529274111614,0.00330516719259,-0.00284786429256,0.00977977272123,0.00110865850002,-0.00342981610447,0.000355497730197,0.000162741765962,0.00157512398437,-0.0016980675282,-0.000495229440276],[-0.0000306264228129,-0.00108522304799,0.00301551586017,-0.00393856875598,-0.00139932043385,0.00110865850002,0.0091413455084,-0.00041591830086,-0.000773290579673,-0.0036343766842,0.00283214822412,-0.00250979280099,0.00209695007652],[-0.000372532289475,0.00275747454725,-0.00308570521884,0.000899594335351,-0.00059970485745,-0.00342981610447,-0.00041591830086,0.0150793474168,-0.00708674499765,0.00299346330576,-0.0071234065108,0.00914830714464,-0.00735403597355],[0.000267039606115,-0.0034450115636,0.00264083896764,0.00208010827191,-0.00229458557442,0.000355497730197,-0.000773290579673,-0.00708674499765,0.0219941958785,-0.0121523477137,0.00813227053732,-0.0144159803167,0.0101402858272],[-0.000454331107903,0.00302867754363,-0.00311714340933,-0.00270719011314,0.00482734246179,0.000162741765962,-0.0036343766842,0.00299346330576,-0.0121523477137,0.0271872840822,-0.0186436045915,0.0130782490596,-0.00945110619068],[0.000129929263494,-0.00370324449614,0.00155365420505,0.000433465436799,-0.00415251497179,0.00157512398437,0.00283214822412,-0.0071234065108,0.00813227053732,-0.0186436045915,0.0339776985347,-0.0160159319639,0.00395179959014],[-0.000470675964607,0.00465960102156,-0.00447268784046,-0.000870762334671,0.00194505543914,-0.0016980675282,-0.00250979280099,0.00914830714464,-0.0144159803167,0.0130782490596,-0.0160159319639,0.0274677425623,-0.010711228475],[0.000355243362719,-0.00351613480598,0.00386084406637,0.00094250793336,-0.0019934005104,-0.000495229440276,0.00209695007652,-0.00735403597355,0.0101402858272,-0.00945110619068,0.00395179959014,-0.010711228475,0.0223743524402]],"mean":[-24.0735034943,126.723152161,-92.7769851685,-19.0012187958,-6.24605083466,-21.1330070496,-1.16230583191,-21.2248477936,-0.852336764336,-6.93703508377,-1.60985839367,-5.2851061821,-2.00735402107]},"hfc":{"dmean":35.1757507324,"dmean2":56.1562690735,"dvar":1574.29699707,"dvar2":4018.54125977,"max":808.356140137,"mean":150.918762207,"median":142.907485962,"min":1.09914608361e-16,"var":8909.6015625},"melbands":{"dmean":[0.00187581323553,0.000804614101071,0.000785913318396,0.000407425599406,0.00039724400267,0.000352019065758,0.000309073657263,0.000204661802854,0.000183131662197,0.00012890099606,0.000104058104625,0.000102328885987,0.0000528319942532,0.000071805457992,0.0000527165539097,0.0000394884482375,0.0000247255611612,0.000031355961255,0.0000209087174881,0.0000098465325209,0.0000084428329501,0.00000550825598111,0.00000404538059229,0.00000431701027992,0.00000482138739244,0.00000395895585825,0.00000329129784404,0.00000310091286337,0.00000213563498619,0.00000115941804779,7.67856874972e-7,4.86498095142e-7,2.85362403929e-7,1.62457126862e-7,1.10371985329e-7,8.17940133402e-8,3.03123499634e-8,1.98535161644e-8,1.75548091619e-8,1.56753330316e-8],"dmean2":[0.00302285701036,0.00132311298512,0.001325835241,0.000660970632453,0.000641133810859,0.000556287530344,0.000504526367877,0.000332298339345,0.000296535261441,0.000207397679333,0.000171927138581,0.000171057472471,0.0000870866424521,0.000120855002024,0.0000871737647685,0.0000669847941026,0.000041124454583,0.0000511719699716,0.0000337663004757,0.0000163770801009,0.0000140755118991,0.00000907155572349,0.00000644566125629,0.00000675706587572,0.00000738157132218,0.00000586184569329,0.00000483500116388,0.00000463229616798,0.0000032179120808,0.00000174455931301,0.00000113985890948,7.17035504749e-7,4.26510410989e-7,2.4024495815e-7,1.64921360124e-7,1.24818981817e-7,4.98729804121e-8,3.34200933594e-8,2.95234521275e-8,2.63197907913e-8],"dvar":[0.00000985153747024,0.00000149341531142,0.00000124650500766,4.71366689681e-7,5.75691217364e-7,5.26531835021e-7,2.98806583032e-7,1.7070279057e-7,2.16337184611e-7,1.26276248125e-7,7.56926965551e-8,4.52701520715e-8,7.39941574679e-9,1.57359369979e-8,9.21129394982e-9,4.55885773576e-9,2.01712513359e-9,7.38834549097e-9,2.9736917373e-9,3.09660075359e-10,3.02752323211e-10,1.7770764027e-10,1.10508088791e-10,2.54206850014e-10,2.55002130523e-10,2.77518730218e-10,1.71609740307e-10,1.49663739735e-10,6.65178120918e-11,3.04406083673e-11,1.47905385856e-11,5.11481048487e-12,1.8099936697e-12,4.47401935378e-13,1.41035512262e-13,6.76032987186e-14,4.06170890582e-15,1.21760837937e-15,9.37345717673e-16,7.33345667381e-16],"dvar2":[0.0000244694329012,0.00000388889338865,0.00000341337340615,0.00000116130991046,0.00000142458213759,0.00000126015822843,7.55803853281e-7,4.14559792716e-7,4.96848940656e-7,3.12736432306e-7,1.99547201873e-7,1.17615208239e-7,1.99229770459e-8,4.23189412402e-8,2.29835688259e-8,1.22049481632e-8,5.21756726712e-9,1.83209003524e-8,7.15427939113e-9,7.99178279109e-10,7.9624756788e-10,4.04623168304e-10,2.44155362594e-10,5.56679702335e-10,5.25095633641e-10,5.6495719214e-10,3.53548190724e-10,3.3573135938e-10,1.46122697275e-10,6.80573791767e-11,3.02499483795e-11,1.07294988866e-11,3.95648357826e-12,8.73855729531e-13,2.68064731654e-13,1.36588643499e-13,1.0517837652e-14,3.18397990807e-15,2.45108973266e-15,1.91657827338e-15],"max":[0.0467227287591,0.0285949632525,0.0158010777086,0.0177895613015,0.0175138283521,0.0147566078231,0.013452953659,0.0118602886796,0.0114117562771,0.0115432245657,0.00538267940283,0.00593762984499,0.0018525258638,0.00334973074496,0.00220610294491,0.00172623817343,0.000922068895306,0.00339816627093,0.00166100985371,0.00059961801162,0.000512894243002,0.000765542441513,0.000354814226739,0.000809719902463,0.000696447619703,0.000707174942363,0.000561313761864,0.000402797071729,0.000275859521935,0.000235096405959,0.000168318932992,0.000112537694804,0.0000602171603532,0.0000314255084959,0.0000162687247212,0.0000159366718435,0.00000327587463289,5.21070603554e-7,4.54499769376e-7,3.99209596935e-7],"mean":[0.00363372336142,0.00138509692624,0.0012524992926,0.0006723778788,0.000674295937642,0.000614067947026,0.000507471442688,0.000313672120683,0.000258652406046,0.000191880259081,0.000145915822941,0.000155340065248,0.0000904310945771,0.000113357775263,0.0000828791380627,0.0000632026858511,0.0000439777359134,0.000052065563068,0.0000348141293216,0.0000172708550963,0.0000142363933264,0.00000887755686563,0.00000670415374771,0.00000696831693858,0.00000759357180868,0.00000642510894977,0.00000553995096197,0.00000522414711668,0.00000366924041373,0.00000191909794012,0.00000128104511532,8.04826640888e-7,4.72044405342e-7,2.59736935959e-7,1.63191799629e-7,1.06296219826e-7,3.31281135857e-8,1.9313034727e-8,1.72625913564e-8,1.56341055657e-8],"median":[0.00233198562637,0.000943459337577,0.000741502153687,0.000388911517803,0.000339220277965,0.000294329714961,0.000276207225397,0.000157206028234,0.000110036788101,0.0000866340269567,0.0000497845358041,0.0000780288828537,0.0000521269976161,0.0000668678985676,0.0000477342182421,0.0000384601444239,0.0000250949469773,0.0000216303396883,0.0000146612783283,0.0000109657648864,0.00000806903608463,0.00000483329404233,0.0000026505963433,0.00000181504196917,0.00000158033867592,0.0000011181220998,9.1520649903e-7,8.01303428943e-7,4.83603685097e-7,3.30007168259e-7,1.9286898123e-7,1.26243762111e-7,7.44271630992e-8,4.72102428262e-8,3.09074579263e-8,1.92813605082e-8,1.05159401187e-8,6.57007426241e-9,6.069252656e-9,5.71792346804e-9],"min":[1.44251519281e-24,2.0784871632e-24,1.39345346792e-24,2.56143668406e-24,1.65744961555e-24,1.4571408712e-24,3.51436152769e-24,1.45572614778e-24,1.20730507265e-24,2.77349334222e-24,1.7242373408e-24,2.75399901153e-24,4.05060511081e-24,4.51029605395e-24,2.14710189031e-24,4.38717458817e-24,4.32251915395e-24,5.28071339121e-24,3.05481080457e-24,3.70297422583e-24,3.85521412534e-24,3.92776921267e-24,2.79461292359e-24,4.96678224967e-24,3.68621960906e-24,4.39116464663e-24,4.5331185888e-24,4.40927215985e-24,5.80708950769e-24,6.44676971598e-24,4.77534740165e-24,5.72238793457e-24,7.34095183509e-24,6.2693367546e-24,5.92637395403e-24,6.56047099927e-24,6.66947264371e-24,6.26202283072e-24,6.99699349206e-24,6.44339615232e-24],"var":[0.0000183789870789,0.00000245812429966,0.00000230763407671,8.35881621697e-7,9.92211880657e-7,0.00000101536465991,5.4683550843e-7,2.64500954472e-7,3.20676150523e-7,1.83886186278e-7,9.76307532596e-8,6.59848993223e-8,1.25610375434e-8,2.38719710666e-8,1.49552956685e-8,6.83470791074e-9,3.78854192462e-9,1.3873901139e-8,5.57296075954e-9,4.72107963834e-10,4.27027024852e-10,2.57175253315e-10,1.95319774243e-10,4.00672550693e-10,4.83501849668e-10,5.75025194127e-10,3.38373218334e-10,2.96606433858e-10,1.54286347587e-10,6.47892503536e-11,2.86781102338e-11,9.01734329567e-12,3.47962457459e-12,9.6768871128e-13,3.02231736816e-13,1.42072700718e-13,5.68045281901e-15,1.23261208572e-15,9.55120704071e-16,7.55046916188e-16]},"melbands_crest":{"dmean":3.98307943344,"dmean2":6.56085252762,"dvar":12.2260284424,"dvar2":32.1002197266,"max":36.9398231506,"mean":15.6909217834,"median":14.3715581894,"min":1.7103689909,"var":42.9711074829},"melbands_flatness_db":{"dmean":0.0311867613345,"dmean2":0.0486331507564,"dvar":0.000706729246303,"dvar2":0.00172918615863,"max":0.536508023739,"mean":0.27450799942,"median":0.270088404417,"min":0.00340012996458,"var":0.0038232661318},"melbands_kurtosis":{"dmean":3.96500110626,"dmean2":6.25399398804,"dvar":36.0102767944,"dvar2":77.8704605103,"max":231.814178467,"mean":8.04696846008,"median":5.03784942627,"min":-1.6087116003,"var":164.139038086},"melbands_skewness":{"dmean":0.581542491913,"dmean2":0.92250841856,"dvar":0.281467527151,"dvar2":0.692278563976,"max":11.5207777023,"mean":2.20232915878,"median":2.00382900238,"min":-0.510030925274,"var":1.37461125851},"melbands_spread":{"dmean":4.1778626442,"dmean2":6.54303979874,"dvar":21.9788703918,"dvar2":45.1458244324,"max":153.180435181,"mean":16.2636852264,"median":14.4597301483,"min":0.813464581966,"var":127.560577393},"mfcc":{"cov":[[8251.89355469,79.2609176636,-649.390625,1173.28759766,-927.180114746,297.749328613,133.975357056,22.7341709137,-33.9870529175,388.451690674,238.071029663,10.4402885437,243.37612915],[79.2609176636,1306.76782227,-146.800613403,-304.641540527,303.694091797,-31.4481830597,13.9753751755,11.8108263016,95.7082214355,-45.0661392212,5.43581724167,85.1804504395,30.4195480347],[-649.390625,-146.800613403,404.561645508,-154.96774292,128.349563599,-8.49429607391,-18.4650421143,21.291053772,-20.6664466858,-8.05757522583,-24.4875907898,23.497467041,-2.38931465149],[1173.28759766,-304.641540527,-154.96774292,602.64465332,-314.339508057,93.4866409302,62.117477417,-26.7978630066,-36.5636100769,87.0985488892,63.2886543274,-30.0608158112,46.3392715454],[-927.180114746,303.694091797,128.349563599,-314.339508057,375.111816406,-54.4972610474,1.12457120419,31.5857639313,41.8660774231,-66.1356430054,-33.4224662781,52.4902114868,-13.2249879837],[297.749328613,-31.4481830597,-8.49429607391,93.4866409302,-54.4972610474,122.922157288,4.65350341797,30.9963531494,-12.6526937485,19.8436584473,5.73744392395,2.31856441498,18.4948043823],[133.975357056,13.9753751755,-18.4650421143,62.117477417,1.12457120419,4.65350341797,119.008346558,-10.658613205,21.9074516296,16.2109527588,11.5841875076,-2.42764234543,6.77173662186],[22.7341709137,11.8108263016,21.291053772,-26.7978630066,31.5857639313,30.9963531494,-10.658613205,106.511871338,10.4640321732,0.705335915089,-5.95337057114,13.6741485596,11.7657699585],[-33.9870529175,95.7082214355,-20.6664466858,-36.5636100769,41.8660774231,-12.6526937485,21.9074516296,10.4640321732,80.3505325317,7.56370162964,11.3063020706,15.4071702957,2.46922230721],[388.451690674,-45.0661392212,-8.05757522583,87.0985488892,-66.1356430054,19.8436584473,16.2109527588,0.705335915089,7.56370162964,91.9171905518,35.1452445984,11.0798692703,19.4401092529],[238.071029663,5.43581724167,-24.4875907898,63.2886543274,-33.4224662781,5.73744392395,11.5841875076,-5.95337057114,11.3063020706,35.1452445984,65.5325927734,22.5021629333,16.7818183899],[10.4402885437,85.1804504395,23.497467041,-30.0608158112,52.4902114868,2.31856441498,-2.42764234543,13.6741485596,15.4071702957,11.0798692703,22.5021629333,75.2225570679,35.561668396],[243.37612915,30.4195480347,-2.38931465149,46.3392715454,-13.2249879837,18.4948043823,6.77173662186,11.7657699585,2.46922230721,19.4401092529,16.7818183899,35.561668396,64.3656387329]],"icov":[[0.00025107502006,-0.000157141912496,0.000134092260851,-0.0001604383433,0.000426593149314,-0.000111774890684,-0.0000914017291507,-0.000182568226592,0.000128968807985,-0.000499517831486,-0.000130784421344,0.0000731966065359,-0.000452267879155],[-0.000157141912496,0.00137151859235,0.000816412153654,0.000604536035098,-0.00121804769151,-0.000357867131243,0.00000425845564678,0.000493677973282,-0.000614560267422,0.000294363126159,-0.000151121086674,-0.000411216256907,-0.000495794694871],[0.000134092260851,0.000816412153654,0.00379446079023,0.000790245248936,-0.00132765609305,-0.000555819715373,-0.000096603835118,-0.000049621132348,0.00128231581766,-0.0014390629949,0.000468614365673,-0.000689744367264,-0.000770441372879],[-0.0001604383433,0.000604536035098,0.000790245248936,0.00422141468152,0.0016735374229,-0.001496677869,-0.00171089952346,0.000568282499444,0.000804641691502,-0.000264406204224,-0.00170416326728,0.000700711214449,-0.00173268676735],[0.000426593149314,-0.00121804769151,-0.00132765609305,0.0016735374229,0.00779541535303,0.000748283520807,-0.00194476079196,-0.00152136548422,-0.000774913991336,0.00171529327054,0.000776409811806,-0.00358062284067,0.000865412701387],[-0.000111774890684,-0.000357867131243,-0.000555819715373,-0.001496677869,0.000748283520807,0.0109130870551,-0.000169274222571,-0.00355659122579,0.00138894887641,-0.000454869266832,0.00113474566024,-0.000491921615321,-0.000605401932262],[-0.0000914017291507,0.00000425845564678,-0.000096603835118,-0.00171089952346,-0.00194476079196,-0.000169274222571,0.0103353839368,0.00140015396755,-0.00310462294146,-0.000952417496592,-0.000167277263245,0.00198541092686,-0.000769057194702],[-0.000182568226592,0.000493677973282,-0.000049621132348,0.000568282499444,-0.00152136548422,-0.00355659122579,0.00140015396755,0.0116649903357,-0.00213837320916,-0.000181607407285,0.00140604458284,-0.00043564857333,-0.00151324109174],[0.000128968807985,-0.000614560267422,0.00128231581766,0.000804641691502,-0.000774913991336,0.00138894887641,-0.00310462294146,-0.00213837320916,0.0164423827082,-0.00230446388014,-0.00222071865574,-0.00137219252065,0.00083266600268],[-0.000499517831486,0.000294363126159,-0.0014390629949,-0.000264406204224,0.00171529327054,-0.000454869266832,-0.000952417496592,-0.000181607407285,-0.00230446388014,0.0174286086112,-0.00583229586482,-0.00122729863506,-0.000473675812827],[-0.000130784421344,-0.000151121086674,0.000468614365673,-0.00170416326728,0.000776409811806,0.00113474566024,-0.000167277263245,0.00140604458284,-0.00222071865574,-0.00583229586482,0.0239104535431,-0.00799165293574,0.00143223034684],[0.0000731966065359,-0.000411216256907,-0.000689744367264,0.000700711214449,-0.00358062284067,-0.000491921615321,0.00198541092686,-0.00043564857333,-0.00137219252065,-0.00122729863506,-0.00799165293574,0.0259889047593,-0.0131878694519],[-0.000452267879155,-0.000495794694871,-0.000770441372879,-0.00173268676735,0.000865412701387,-0.000605401932262,-0.000769057194702,-0.00151324109174,0.00083266600268,-0.000473675812827,0.00143223034684,-0.0131878694519,0.0264326948673]],"mean":[-688.240661621,194.870010376,-24.3384666443,21.1214752197,1.3955501318,14.0891571045,1.08429121971,-0.224237173796,0.637230038643,0.675573289394,0.022906973958,2.74570155144,3.77918386459]},"pitch_salience":{"dmean":0.0683731585741,"dmean2":0.111798152328,"dvar":0.00328992330469,"dvar2":0.00861371960491,"max":0.896802663803,"mean":0.569773077965,"median":0.585783958435,"min":0.103598825634,"var":0.0116894748062},"silence_rate_20dB":{"dmean":0,"dmean2":0,"dvar":0,"dvar2":0,"max":1,"mean":1,"median":1,"min":1,"var":0},"silence_rate_30dB":{"dmean":0.0197930037975,"dmean2":0.0395889990032,"dvar":0.0194023344666,"dvar2":0.0492037944496,"max":1,"mean":0.984967529774,"median":1,"min":0,"var":0.014807661064},"silence_rate_60dB":{"dmean":0.00589257385582,"dmean2":0.011786038056,"dvar":0.00586098153144,"dvar2":0.0130055258051,"max":1,"mean":0.0489499941468,"median":0,"min":0,"var":0.0465674735606},"spectral_centroid":{"dmean":157.147720337,"dmean2":240.008239746,"dvar":37390.9882812,"dvar2":70056.140625,"max":11540.0712891,"mean":878.389099121,"median":753.116210938,"min":206.284927368,"var":477372.25},"spectral_complexity":{"dmean":3.18062996864,"dmean2":4.87186479568,"dvar":10.400762558,"dvar2":20.0416908264,"max":61,"mean":19.7464866638,"median":19,"min":0,"var":85.6816940308},"spectral_contrast_coeffs":{"dmean":[0.051440384239,0.0497096292675,0.0373747758567,0.027205420658,0.0271019246429,0.0421959422529],"dmean2":[0.0856269001961,0.0825065001845,0.0628604143858,0.045873966068,0.0443011112511,0.0655080229044],"dvar":[0.00164328247774,0.00149809906725,0.000879486149643,0.000449731654953,0.000639386940747,0.00156887213234],"dvar2":[0.00469188764691,0.00410711113364,0.00244958652183,0.00125559198204,0.00167198188137,0.00363901746459],"max":[-0.387087702751,-0.494517832994,-0.553465902805,-0.611919939518,-0.593398928642,-0.423854589462],"mean":[-0.678724050522,-0.755177736282,-0.801825404167,-0.809982478619,-0.804932832718,-0.770311057568],"median":[-0.682568788528,-0.759357690811,-0.80606508255,-0.812463223934,-0.809663534164,-0.783799827099],"min":[-0.974969387054,-0.974422574043,-0.972973942757,-0.966493904591,-0.965456783772,-0.967561900616],"var":[0.00587412668392,0.00391084933653,0.00227323570289,0.00142471527215,0.00179803685751,0.0077903047204]},"spectral_contrast_valleys":{"dmean":[0.346744686365,0.338993340731,0.278638422489,0.235263735056,0.338820010424,0.687726557255],"dmean2":[0.57490670681,0.558247685432,0.454378932714,0.37338873744,0.4969214499,1.1062040329],"dvar":[0.0835720151663,0.0743624567986,0.0507067926228,0.0431792475283,0.124044917524,0.299868553877],"dvar2":[0.219648003578,0.186758369207,0.124343588948,0.0927222594619,0.268457353115,0.820770978928],"max":[-4.9777097702,-4.13564014435,-5.220662117,-5.71789598465,-5.21317005157,-9.14370059967],"mean":[-6.89425039291,-6.32725048065,-6.84442043304,-7.31321430206,-8.15308380127,-11.5159673691],"median":[-6.54961776733,-6.08642292023,-6.64708423615,-7.12134647369,-7.89134502411,-11.3691120148],"min":[-28.2735061646,-27.8077411652,-27.6115055084,-27.6606616974,-27.4110069275,-27.4274578094],"var":[2.49944448471,2.30398797989,2.11756086349,2.0321161747,2.58835029602,1.82150816917]},"spectral_decrease":{"dmean":2.77809930616e-9,"dmean2":4.3808072725e-9,"dvar":1.21842124314e-17,"dvar2":2.92753611725e-17,"max":2.18289231135e-9,"mean":-7.55579865341e-9,"median":-6.68957600425e-9,"min":-4.94243295179e-8,"var":3.46306806594e-17},"spectral_energy":{"dmean":0.0111173819751,"dmean2":0.0173263736069,"dvar":0.00018912050291,"dvar2":0.000445245677838,"max":0.202867120504,"mean":0.0422061271966,"median":0.0403713807464,"min":1.01722850868e-20,"var":0.000737168185879},"spectral_energyband_high":{"dmean":0.000184952077689,"dmean2":0.000258353218669,"dvar":2.56366860185e-7,"dvar2":4.66049840497e-7,"max":0.0211577862501,"mean":0.000520609086379,"median":0.000215824256884,"min":6.94199777637e-21,"var":9.37508616516e-7},"spectral_energyband_low":{"dmean":0.00750057445839,"dmean2":0.0119966026396,"dvar":0.000121647848573,"dvar2":0.000300466577755,"max":0.150780186057,"mean":0.016782971099,"median":0.0132818883285,"min":2.07185970608e-23,"var":0.000247590243816},"spectral_energyband_middle_high":{"dmean":0.00179471680894,"dmean2":0.00277955713682,"dvar":0.00000781188646215,"dvar2":0.0000184020645975,"max":0.0519401282072,"mean":0.00511877983809,"median":0.00340914539993,"min":1.05534826691e-21,"var":0.0000277343860944},"spectral_energyband_middle_low":{"dmean":0.0054014348425,"dmean2":0.00859445426613,"dvar":0.0000517416046932,"dvar2":0.00012617946777,"max":0.117700949311,"mean":0.0145304612815,"median":0.0114914458245,"min":1.53592631885e-22,"var":0.000161844480317},"spectral_entropy":{"dmean":0.165836244822,"dmean2":0.254801332951,"dvar":0.0222763754427,"dvar2":0.0509633533657,"max":9.81798362732,"mean":7.27489948273,"median":7.28955459595,"min":5.76766061783,"var":0.125317692757},"spectral_flux":{"dmean":0.0201583560556,"dmean2":0.0323518961668,"dvar":0.000477705383673,"dvar2":0.00117484608199,"max":0.322137176991,"mean":0.102211862803,"median":0.10183981806,"min":6.60249771522e-11,"var":0.00221450161189},"spectral_kurtosis":{"dmean":8.69598484039,"dmean2":13.5943641663,"dvar":113.471664429,"dvar2":289.505828857,"max":155.94418335,"mean":30.0686016083,"median":24.6869430542,"min":-1.264570117,"var":306.988067627},"spectral_rms":{"dmean":0.000782398390584,"dmean2":0.00120946753304,"dvar":6.55885457945e-7,"dvar2":0.00000150990945258,"max":0.0140683734789,"mean":0.00598281156272,"median":0.00627588294446,"min":3.15026672283e-12,"var":0.00000538288804819},"spectral_rolloff":{"dmean":4635.03320312,"dmean2":8933.46484375,"dvar":58995932,"dvar2":143301904,"max":22050,"mean":12425.5273438,"median":20305.8105469,"min":43.06640625,"var":95997152},"spectral_skewness":{"dmean":0.551681756973,"dmean2":0.837421357632,"dvar":0.353249251842,"dvar2":0.851353824139,"max":10.4622011185,"mean":3.76116776466,"median":3.51054239273,"min":-0.0712948292494,"var":1.61876690388},"spectral_spread":{"dmean":452513.09375,"dmean2":720970.5,"dvar":245348352000,"dvar2":588896403456,"max":42110672,"mean":3387214,"median":3281513,"min":1223963.125,"var":4757252997120},"spectral_strongpeak":{"dmean":2.1316921711,"dmean2":3.98357009888,"dvar":81.419128418,"dvar2":223.661590576,"max":111.259910583,"mean":2.03621196747,"median":0.229694515467,"min":0,"var":74.1624450684},"zerocrossingrate":{"dmean":0.0331124924123,"dmean2":0.0429040081799,"dvar":0.000761455390602,"dvar2":0.00129546737298,"max":0.76513671875,"mean":0.269213825464,"median":0.255859375,"min":0.02587890625,"var":0.00830348581076}},"metadata":{"audio_properties":{"analysis_sample_rate":44100,"bit_rate":118805,"codec":"mp3","downmix":"mix","equal_loudness":0,"length":307.357788086,"lossless":false,"md5_encoded":"1d19aaf581b42bc4db9c5be50c306761","replay_gain":-9.78784942627,"sample_rate":44100},"tags":{"album":["Wild Mood Swings"],"albumartist":["The Cure"],"albumartistsort":["Cure, The"],"artist":["The Cure"],"artistsort":["Cure, The"],"asin":["B000002HH9"],"barcode":["731453179325"],"catalognumber":["FIXCD 28 5317932"],"date":["1996"],"file_name":"01 - The Cure - Want.mp3","fmps_playcount":["2"],"fmps_rating_amarok_score":["0.75"],"genre":["Alternative Rock","90S","Goth","Love","Indie","Songs To Get Drunk To","The Cure","Pop","Darkwave","New Wave","Post-Punk","British","Rock","80S","Night Music","Alternative","Sad","Gothic Rock"],"label":["Fiction Records"],"musicbrainz album release country":["GB"],"musicbrainz album status":["official"],"musicbrainz album type":["album"],"musicbrainz_albumartistid":["69ee3720-a7cb-4402-b48d-a02c366f2bcf"],"musicbrainz_albumid":["a2c67dfd-ccfe-4a80-9f9b-5691a179352d"],"musicbrainz_artistid":["69ee3720-a7cb-4402-b48d-a02c366f2bcf"],"musicbrainz_recordingid":["b880fe5a-b421-4ce4-9462-d410af7cd068"],"title":["Want"],"tracknumber":["1/14"]},"version":{"essentia":"2.1-beta1","essentia_build_sha":"81dca3489dfd3c4275b86ac4d56d870715677d3f","essentia_git_sha":"v2.1_beta1-28-g21ef5f4","extractor":"music 1.0"}},"rhythm":{"beats_count":443,"beats_loudness":{"dmean":0.0208034683019,"dmean2":0.0359136387706,"dvar":0.000459927367046,"dvar2":0.0013792301761,"max":0.158401846886,"mean":0.053246550262,"median":0.0533316284418,"min":0,"var":0.00107877550181},"beats_loudness_band_ratio":{"dmean":[0.170392602682,0.100276678801,0.0846881493926,0.053909547627,0.0221402794123,0.0683801993728],"dmean2":[0.293648332357,0.176446840167,0.147621482611,0.0926079154015,0.038822516799,0.118892975152],"dvar":[0.0165793877095,0.00831659696996,0.006057567