{"lowlevel":{"average_loudness":0.965361952782,"barkbands":{"dmean":[0.0000471473213111,0.00434611877427,0.00386296818033,0.00329898484051,0.00254217744805,0.0009975413559,0.000583686633036,0.000961817626376,0.000516931759194,0.000421661854489,0.000246372364927,0.000368534616427,0.000371478730813,0.000341566745192,0.000392713089241,0.000378692318918,0.000446875434136,0.000306672940496,0.000249006960075,0.000164009441505,0.000137146183988,0.000130494838231,0.000106647858047,0.0000903078980627,0.0000717273942428,0.0000300217707263,0.00000750537265048],"dmean2":[0.0000783939831308,0.00738031975925,0.00669819721952,0.00552256824449,0.00427616108209,0.00157244550064,0.00091657275334,0.00146453094203,0.000810243596788,0.000651203736197,0.00039040032425,0.000594362791162,0.00059777504066,0.000559496460482,0.000642340630293,0.000614193384536,0.000739521929063,0.000518500804901,0.000414562702645,0.000274562131381,0.000227947253734,0.000213454302866,0.000168958504219,0.000140515418025,0.000103594269603,0.0000470987215522,0.0000124637954286],"dvar":[4.68884353566e-9,0.0000379386037821,0.000030579034501,0.0000373013390345,0.0000170706553035,0.00000221977552428,0.00000130152670863,0.0000031460124319,0.00000114238525839,6.17299690475e-7,2.37458820607e-7,3.43180232676e-7,3.44832329802e-7,2.43887853912e-7,3.20196278381e-7,3.36227174103e-7,3.88037506127e-7,1.16038819442e-7,8.87985436293e-8,3.7898121974e-8,6.77433931173e-8,1.34696335863e-7,7.34765350785e-8,7.95663552822e-8,9.48250900024e-8,4.23154267182e-9,2.71634020832e-10],"dvar2":[1.25562999997e-8,0.000105869417894,0.000085686930106,0.0000928274239413,0.0000461797644675,0.00000557231896892,0.00000315038050758,0.00000748271349948,0.00000267832865575,0.00000129342470245,4.94822302244e-7,8.41631617732e-7,7.95355333594e-7,5.96456686708e-7,8.01930639227e-7,8.11462598449e-7,9.50855223891e-7,3.01882209897e-7,2.29649401717e-7,1.00520772151e-7,1.6074008613e-7,2.89704445322e-7,1.55390495138e-7,1.73979969986e-7,1.68643083498e-7,9.73906644219e-9,6.87408630018e-10],"max":[0.000806425872725,0.0605868920684,0.0668599903584,0.0684690624475,0.0509085021913,0.0278296023607,0.0296196881682,0.0430281423032,0.0264089163393,0.0177248995751,0.0185799244791,0.0101046487689,0.0154416970909,0.0120741436258,0.0115306377411,0.0137136830017,0.0154394693673,0.00848610326648,0.00727982725948,0.00307576032355,0.0075475377962,0.0100721158087,0.00809582322836,0.0103572905064,0.0158424843103,0.00167774688452,0.000183369731531],"mean":[0.0000604044907959,0.00713589601219,0.00625792052597,0.00397210242227,0.00429135654122,0.00197500619106,0.00105264771264,0.00199127173983,0.000981158809736,0.000789032783359,0.000455433531897,0.000670399516821,0.00068637880031,0.000638396071736,0.00078893796308,0.000829492462799,0.00109586282633,0.00076603225898,0.000651326263323,0.000422791024903,0.000272902369034,0.000194612992345,0.000154309091158,0.000125609120005,0.000111598390504,0.0000363192011719,0.00000652944072499],"median":[0.0000270654381893,0.00530454562977,0.00424203369766,0.00175266724546,0.00287264259532,0.00128894636873,0.000657666707411,0.000912531046197,0.00047680226271,0.000392826914322,0.000209054414881,0.000383900362067,0.000408446940128,0.000410674372688,0.000562642526347,0.000551520148292,0.000788407342043,0.000709321291652,0.000558215309866,0.000381163030397,0.000189233629499,0.0000547590716451,0.0000431129010394,0.0000292290860671,0.000021347485017,0.00000981856283033,9.49749278334e-7],"min":[4.75362700409e-25,7.6912163322e-24,2.58940910012e-23,3.06866639695e-23,1.23271267313e-22,6.56485249051e-23,2.92859877898e-23,3.78246182279e-23,8.3857763315e-23,1.25413030981e-22,2.79122149223e-23,7.59958556267e-23,6.1262123795e-23,7.31431578885e-23,8.18887601846e-23,2.12099933492e-22,1.84149039142e-22,1.50897403406e-22,5.03415183873e-22,4.45404902501e-22,3.39378008359e-22,5.74960854252e-22,7.73661259517e-22,7.79997996153e-22,1.30047887936e-21,1.78704798277e-21,2.37306647073e-21],"var":[7.00909907891e-9,0.0000513405757374,0.0000423823330493,0.0000435721449321,0.0000226682695939,0.00000494749156132,0.00000199050919036,0.00000977038052952,0.00000339268422067,0.00000173778482804,0.0000010298547295,7.90699004938e-7,8.34375782688e-7,5.82758787004e-7,6.71783652706e-7,0.00000103250818029,0.00000159724720561,2.40899510118e-7,2.39741694941e-7,8.00122919031e-8,1.45749623925e-7,3.39152478546e-7,1.53428260319e-7,1.33404768121e-7,3.20315251656e-7,7.21654780378e-9,2.32060759497e-10]},"barkbands_crest":{"dmean":2.50431323051,"dmean2":4.1855430603,"dvar":5.43149662018,"dvar2":15.11028862,"max":22.4797725677,"mean":9.097032547,"median":8.51898193359,"min":2.62234210968,"var":11.4842777252},"barkbands_flatness_db":{"dmean":0.0189884398133,"dmean2":0.03079530783,"dvar":0.000360899226507,"dvar2":0.000922167615499,"max":0.352473288774,"mean":0.117626719177,"median":0.110522076488,"min":0.0233731549233,"var":0.00190264801495},"barkbands_kurtosis":{"dmean":1.79716920853,"dmean2":3.04482364655,"dvar":10.2936964035,"dvar2":28.7632827759,"max":154.227325439,"mean":2.518917799,"median":0.607796669006,"min":-1.8796235323,"var":128.573623657},"barkbands_skewness":{"dmean":0.454364299774,"dmean2":0.746261358261,"dvar":0.208640009165,"dvar2":0.570476353168,"max":7.11836767197,"mean":1.27304720879,"median":1.2592587471,"min":-9.40133476257,"var":1.32118022442},"barkbands_spread":{"dmean":5.35734558105,"dmean2":8.68373203278,"dvar":32.8276977539,"dvar2":76.6855773926,"max":128.565887451,"mean":27.9834423065,"median":27.333278656,"min":1.12453997135,"var":147.710128784},"dissonance":{"dmean":0.010332018137,"dmean2":0.0172449331731,"dvar":0.0000922333492781,"dvar2":0.000241546353209,"max":0.499929964542,"mean":0.477371811867,"median":0.481016278267,"min":0.355266928673,"var":0.000258850341197},"dynamic_complexity":1.91801083088,"erbbands":{"dmean":[0.087032712996,1.14334714413,3.91658067703,7.81819391251,10.0000019073,8.11862277985,9.91178512573,7.34356641769,8.08937263489,12.7992773056,19.8828430176,11.8729581833,12.6537036896,11.1526660919,10.350728035,15.7418375015,15.5803956985,17.7967071533,18.0048961639,19.4116897583,20.6621646881,20.1530990601,16.6759395599,14.2974720001,11.0310258865,7.68833637238,6.17696809769,4.97225141525,4.89658069611,3.6579246521,3.02547621727,2.19001507759,1.36337995529,0.869164168835,0.494000196457,0.150504380465,0.0521923787892,0.0122789526358,0.00126535107847,0.0000602313630225],"dmean2":[0.146772906184,1.94759750366,6.80464696884,13.1979951859,16.8214797974,13.5139188766,15.7143592834,11.7413930893,12.6547489166,19.6411552429,30.2904224396,18.3333454132,19.7447471619,17.106306076,16.3380775452,25.2633857727,25.1111850739,29.0938930511,29.1892242432,31.6209583282,33.8292579651,33.4376029968,28.1033782959,24.0520744324,18.3611392975,12.8882904053,10.3133649826,8.19276046753,8.03484725952,5.88082885742,4.85318136215,3.49356555939,2.09678983688,1.29862940311,0.722487330437,0.23354177177,0.0829196125269,0.0199631061405,0.00210266583599,0.0000992555942503],"dvar":[0.0154051678255,2.61643767357,30.4480648041,131.543716431,452.307067871,156.125518799,220.808776855,170.269393921,211.889694214,619.462341309,1715.21850586,640.433105469,484.424377441,627.358032227,345.022216797,651.950195312,662.616333008,681.820129395,730.166137695,776.958496094,894.241394043,640.362976074,306.540496826,345.81237793,174.563583374,81.6249160767,89.2642288208,140.122146606,202.10218811,92.8645248413,61.7847976685,44.8184394836,19.3192024231,13.3012104034,5.50660514832,0.203904390335,0.0102962236851,0.000673509552144,0.00000759845443099,1.26280585988e-8],"dvar2":[0.0415417924523,7.34219121933,86.5506744385,344.534667969,1148.93884277,416.628448486,546.446594238,430.990356445,532.286682129,1457.41491699,3986.8034668,1464.75512695,1128.33740234,1288.23876953,790.213562012,1642.52978516,1551.18762207,1651.3392334,1759.23022461,1854.88110352,2220.265625,1585.11303711,821.055541992,886.824523926,451.568023682,214.040557861,221.061355591,328.437255859,443.007507324,199.047134399,137.569152832,102.879432678,39.7690086365,26.0387935638,10.2704029083,0.423924446106,0.0243932809681,0.00166747940239,0.0000191755007108,3.13064099089e-8],"max":[1.38790631294,15.3920450211,63.7010307312,117.313980103,280.555877686,211.429702759,286.473999023,324.744720459,511.050079346,549.546447754,1110.83825684,639.064331055,551.491882324,693.603149414,566.772460938,499.7137146,730.777099609,706.465148926,633.122497559,652.253051758,888.752258301,618.508239746,313.200317383,599.463500977,216.692321777,129.976013184,291.719329834,380.83303833,412.391052246,263.691955566,244.176361084,247.167419434,210.521118164,159.794036865,155.931976318,16.2212524414,2.10413837433,0.281126320362,0.0275578852743,0.00150499027222],"mean":[0.138903990388,1.8852159977,6.5929684639,11.4803743362,12.2069177628,14.3613367081,19.3680419922,13.7403268814,15.1126451492,26.2767429352,41.6456832886,24.2554740906,23.9723052979,21.6872806549,21.786151886,30.4674015045,30.6455364227,36.158744812,37.6303863525,42.8839759827,51.5851402283,54.5850944519,45.3044242859,37.1837234497,29.2512741089,20.1652736664,14.1163702011,8.72065830231,7.2599105835,5.40642786026,4.2671122551,2.93436169624,1.95994544029,1.33552443981,0.736892223358,0.212483912706,0.0580188967288,0.0114541361108,0.00112985633314,0.0000915795608307],"median":[0.0871518924832,1.39717245102,4.65067052841,6.86977958679,6.03552389145,8.784532547,10.9016857147,8.99060916901,9.93898296356,13.5525808334,18.3279151917,12.8764009476,13.091709137,10.0069179535,12.3945894241,17.8563861847,19.129655838,23.2910003662,26.4479522705,31.3214550018,35.9956970215,42.2610473633,41.5245895386,33.3798522949,25.2238368988,18.2960567474,11.526717186,4.69815349579,2.12016940117,1.39188730717,1.20561897755,0.733884334564,0.428541630507,0.258931875229,0.131653487682,0.0595821291208,0.0144121171907,0.00186276563909,0.00018367532175,0.000054376636399],"min":[2.84413866041e-22,1.80219391021e-21,2.15001931882e-20,7.57005582064e-20,4.09183734208e-19,3.04252849126e-19,4.0136085451e-19,4.69255942586e-19,3.38307177011e-19,6.11341118296e-19,1.04451342631e-18,1.4631547042e-18,3.17190946523e-18,3.31668282284e-18,1.41642117094e-18,3.52587638616e-18,2.83050121395e-18,2.49541220897e-18,6.54378322611e-18,3.63224767703e-18,1.2691782863e-17,1.15490469088e-17,9.76457182771e-18,1.34500882818e-17,2.70176858415e-17,2.41416930026e-17,1.81897364116e-17,1.25670613974e-17,1.97794253477e-17,1.99680407254e-17,2.60025565589e-17,1.2971539482e-17,1.55140949889e-17,1.59160203941e-17,8.33470659367e-18,6.71134602997e-18,3.09714391839e-18,1.1233685541e-18,3.50205575587e-19,3.65712187693e-20],"var":[0.0235984884202,3.38853001595,39.1905326843,174.07194519,433.198150635,308.816497803,592.172546387,297.927307129,340.150634766,1573.03662109,5399.1875,1877.17797852,1189.22009277,1774.03637695,1339.42492676,1453.91967773,1540.28088379,1761.01647949,1639.90820312,2007.96826172,3399.45581055,2666.50146484,824.441955566,668.820556641,485.121826172,175.109039307,183.058364868,304.603607178,484.581420898,227.428436279,114.652526855,64.7393569946,38.914894104,38.9689712524,17.6166858673,0.505583941936,0.0140682393685,0.000630487746093,0.00000658968974676,1.29601698262e-8]},"erbbands_crest":{"dmean":1.71186387539,"dmean2":2.76993989944,"dvar":2.82326936722,"dvar2":7.1145234108,"max":24.3288631439,"mean":6.60052156448,"median":5.78391361237,"min":2.10448312759,"var":8.37452793121},"erbbands_flatness_db":{"dmean":0.0169647950679,"dmean2":0.0245578326285,"dvar":0.000340955913998,"dvar2":0.000674019858707,"max":0.2850061059,"mean":0.143004983664,"median":0.143883317709,"min":0.0261583086103,"var":0.0012815996306},"erbbands_kurtosis":{"dmean":0.443151265383,"dmean2":0.705929040909,"dvar":0.233046069741,"dvar2":0.557346940041,"max":16.6989803314,"mean":-0.26456284523,"median":-0.610901594162,"min":-1.68864691257,"var":2.58533096313},"erbbands_skewness":{"dmean":0.238268315792,"dmean2":0.375355213881,"dvar":0.0415548346937,"dvar2":0.101547844708,"max":3.29291558266,"mean":-0.305299907923,"median":-0.312650263309,"min":-3.3084795475,"var":0.311123043299},"erbbands_spread":{"dmean":7.57491397858,"dmean2":11.9060525894,"dvar":64.588760376,"dvar2":153.947814941,"max":107.150505066,"mean":41.9921531677,"median":39.9832954407,"min":9.28792095184,"var":207.932815552},"gfcc":{"cov":[[17662.0449219,116.899963379,-1572.44897461,892.027587891,-638.425415039,226.503128052,-484.139648438,166.150421143,-362.409545898,-48.8377685547,-261.265991211,-33.1552696228,-225.387893677],[116.899963379,1503.36181641,-645.406311035,45.137134552,220.932250977,-313.981842041,208.313201904,-56.9301795959,47.9438705444,1.9066286087,126.391242981,-111.666267395,117.369865417],[-1572.44897461,-645.406311035,685.060546875,-82.7268676758,-16.8902168274,127.669548035,-50.3254356384,0.280607938766,5.07821083069,14.3947954178,-37.534702301,69.548789978,-49.3229522705],[892.027587891,45.137134552,-82.7268676758,240.531188965,-11.5209598541,46.7171974182,-4.59305334091,7.31594228745,9.40489864349,-20.1214828491,4.15076494217,-11.6513385773,12.1703824997],[-638.425415039,220.932250977,-16.8902168274,-11.5209598541,201.368453979,-54.3700332642,96.4722824097,12.5370645523,21.6883125305,24.9045753479,37.3809280396,-0.0340608917177,33.1008720398],[226.503128052,-313.981842041,127.669548035,46.7171974182,-54.3700332642,192.860198975,-24.7241249084,8.23175621033,-19.7798595428,-21.3755512238,-14.038854599,28.2277469635,-16.3394184113],[-484.139648438,208.313201904,-50.3254356384,-4.59305334091,96.4722824097,-24.7241249084,140.393096924,13.4465694427,44.9685897827,8.51131725311,32.4986801147,-7.56855392456,26.1077747345],[166.150421143,-56.9301795959,0.280607938766,7.31594228745,12.5370645523,8.23175621033,13.4465694427,120.569862366,42.5646209717,46.1344070435,-2.83772611618,10.8727064133,3.51309037209],[-362.409545898,47.9438705444,5.07821083069,9.40489864349,21.6883125305,-19.7798595428,44.9685897827,42.5646209717,103.75453186,28.5522193909,21.2221603394,-4.35142421722,11.3326625824],[-48.8377685547,1.9066286087,14.3947954178,-20.1214828491,24.9045753479,-21.3755512238,8.51131725311,46.1344070435,28.5522193909,84.6725234985,29.0070133209,15.8821754456,-0.927320659161],[-261.265991211,126.391242981,-37.534702301,4.15076494217,37.3809280396,-14.038854599,32.4986801147,-2.83772611618,21.2221603394,29.0070133209,74.0217132568,17.0552959442,21.9926319122],[-33.1552696228,-111.666267395,69.548789978,-11.6513385773,-0.0340608917177,28.2277469635,-7.56855392456,10.8727064133,-4.35142421722,15.8821754456,17.0552959442,65.2693405151,13.765089035],[-225.387893677,117.369865417,-49.3229522705,12.1703824997,33.1008720398,-16.3394184113,26.1077747345,3.51309037209,11.3326625824,-0.927320659161,21.9926319122,13.765089035,65.9493484497]],"icov":[[0.000180439223186,-0.000139349285746,0.000492457882501,-0.000546893337741,0.000250693323324,-0.00025531052961,0.000290380296065,-0.000247088959441,0.000401046447223,-0.000382891070331,0.000816515588667,-0.000862013956066,0.00087635521777],[-0.000139349285746,0.00280843232758,0.000929047120735,0.0000820937711978,-0.000883917557076,0.00268915132619,-0.00200893869624,0.000971932546236,0.000244138107519,0.000707299215719,-0.00332005787641,0.00345788896084,-0.00258787791245],[0.000492457882501,0.000929047120735,0.00437800586224,-0.000802992493846,-0.000692177622113,-0.00109809578862,0.000847760878969,0.000785648706369,-0.000256834900938,-0.00142492784653,0.00277878111228,-0.00355370319448,0.00298912171274],[-0.000546893337741,0.0000820937711978,-0.000802992493846,0.00680462038144,-0.0011548360344,-0.00156739691738,0.000490120146424,0.000275084981695,-0.00249226321466,0.00232389639132,-0.00278551201336,0.00328931794502,-0.0031855343841],[0.000250693323324,-0.000883917557076,-0.000692177622113,-0.0011548360344,0.00947616714984,0.00125148054212,-0.00506550632417,-0.00135735503864,0.00302100321278,-0.00209581083618,0.0000874777397257,-0.00093035493046,-0.000626802095212],[-0.00025531052961,0.00268915132619,-0.00109809578862,-0.00156739691738,0.00125148054212,0.0108405994251,-0.00355250108987,-0.00104560295586,0.00206750910729,0.00359839503653,-0.00483620818704,0.00130673171952,-0.00163533678278],[0.000290380296065,-0.00200893869624,0.000847760878969,0.000490120146424,-0.00506550632417,-0.00355250108987,0.0152237303555,-0.00111683469731,-0.00475463084877,0.00161455967464,0.000636507640593,-0.00188163178973,0.00182656932157],[-0.000247088959441,0.000971932546236,0.000785648706369,0.000275084981695,-0.00135735503864,-0.00104560295586,-0.00111683469731,0.0144652370363,-0.00536183547229,-0.00763549748808,0.00481711747125,-0.000543558271602,-0.00262252776884],[0.000401046447223,0.000244138107519,-0.000256834900938,-0.00249226321466,0.00302100321278,0.00206750910729,-0.00475463084877,-0.00536183547229,0.0164740048349,-0.00241481140256,-0.00250236154534,0.00226789852604,-0.000135921844048],[-0.000382891070331,0.000707299215719,-0.00142492784653,0.00232389639132,-0.00209581083618,0.00359839503653,0.00161455967464,-0.00763549748808,-0.00241481140256,0.0227263756096,-0.0114907538518,-0.000319148501148,0.00228216662072],[0.000816515588667,-0.00332005787641,0.00277878111228,-0.00278551201336,0.0000874777397257,-0.00483620818704,0.000636507640593,0.00481711747125,-0.00250236154534,-0.0114907538518,0.030063290149,-0.0131189692765,0.00252200243995],[-0.000862013956066,0.00345788896084,-0.00355370319448,0.00328931794502,-0.00093035493046,0.00130673171952,-0.00188163178973,-0.000543558271602,0.00226789852604,-0.000319148501148,-0.0131189692765,0.0309367589653,-0.0132767520845],[0.00087635521777,-0.00258787791245,0.00298912171274,-0.0031855343841,-0.000626802095212,-0.00163533678278,0.00182656932157,-0.00262252776884,-0.000135921844048,0.00228216662072,0.00252200243995,-0.0132767520845,0.0268988236785]],"mean":[25.27617836,97.6688461304,-123.081069946,42.0720748901,-39.1137924194,4.42345333099,-34.9077301025,11.3198575974,-23.894317627,2.4774274826,-15.731965065,-4.62437438965,-12.9844293594]},"hfc":{"dmean":6.85628557205,"dmean2":10.7901182175,"dvar":102.974349976,"dvar2":227.892227173,"max":241.02015686,"mean":28.0898609161,"median":24.8086051941,"min":1.18126460435e-16,"var":345.695983887},"melbands":{"dmean":[0.00100726925302,0.00181024160702,0.00140309962444,0.000619518512394,0.000340070750099,0.000167256454006,0.000122862795251,0.000153976361617,0.000153188040713,0.000071661444963,0.0000639788922854,0.0000476544882986,0.0000345739608747,0.0000443950921181,0.0000361690545105,0.0000336304001394,0.0000362861719623,0.0000296236285067,0.0000265314847638,0.000028524602385,0.000027860098271,0.000023133276045,0.0000220328893192,0.0000156893893291,0.000012906106349,0.00000995929985947,0.00000713809413355,0.0000053461258176,0.00000439134009866,0.00000341888062394,0.00000299534281112,0.00000295550648843,0.00000251020583164,0.00000197798112822,0.00000187749310498,0.00000155804275437,0.00000129799491333,0.00000103583238342,7.76137198955e-7,7.57247789807e-7],"dmean2":[0.00170077802613,0.00313967093825,0.00235258066095,0.00103402731474,0.000540696200915,0.000265401147772,0.000192318388144,0.000236763095018,0.000232701611822,0.0001114095503,0.0000998016475933,0.0000729626772227,0.000054370106227,0.0000713600165909,0.0000577933788009,0.000054495933,0.000059439054894,0.0000480680464534,0.0000434899593529,0.0000464651202492,0.0000459302282252,0.0000384352788387,0.0000371846581402,0.0000266855768132,0.0000217433971557,0.0000166842819453,0.0000120076538224,0.00000900594386621,0.00000740572795621,0.00000569251324123,0.00000497179053127,0.00000488484465677,0.00000413088991991,0.00000318422053169,0.00000305337493955,0.00000252914446719,0.00000210530311051,0.00000162126832493,0.00000118599200505,0.00000114146087071],"dvar":[0.00000205045171242,0.0000060873030634,0.00000507010145157,0.00000111334099984,2.45125846732e-7,7.76370612243e-8,4.99661503284e-8,8.20246768285e-8,9.95844402496e-8,2.26812097992e-8,1.237660463e-8,1.19144409894e-8,4.24246993092e-9,5.1238373544e-9,3.26736393497e-9,2.81981304973e-9,3.05274761025e-9,2.01444216863e-9,1.75853331896e-9,1.94748839277e-9,1.64294056137e-9,9.11847430896e-10,7.43277883686e-10,3.08259279214e-10,2.92037227734e-10,1.50124634946e-10,7.05210820295e-11,4.02090895302e-11,3.71902543483e-11,4.50865629553e-11,5.74562342148e-11,7.34629926336e-11,5.61833773949e-11,2.76571422014e-11,2.68756666227e-11,1.90853149257e-11,1.85916507883e-11,1.23871919666e-11,7.04945607097e-12,1.28564268606e-11],"dvar2":[0.00000562642162549,0.0000172828149516,0.0000127471876112,0.00000293128914564,6.18915578343e-7,1.95708068418e-7,1.23301447275e-7,1.95677316128e-7,2.30168865301e-7,5.2961418362e-8,2.86833152785e-8,2.44626434664e-8,9.25349752379e-9,1.25147749941e-8,7.63520446867e-9,6.66632660185e-9,7.4057617816e-9,4.79008255283e-9,4.43829994978e-9,4.5931232151e-9,4.07323552665e-9,2.25046203894e-9,1.9202930357e-9,8.2732803941e-10,7.59540152995e-10,3.89838633597e-10,1.89187956967e-10,1.06969946789e-10,9.57454462935e-11,1.10966229261e-10,1.35990080308e-10,1.62678134852e-10,1.29363547652e-10,5.92688884082e-11,5.96177690548e-11,4.55965473711e-11,4.35254159104e-11,2.72030540455e-11,1.41015220334e-11,2.65268831207e-11],"max":[0.0152207035571,0.024678286165,0.0253947861493,0.0136884246022,0.00854143314064,0.00646077515557,0.00728498073295,0.00658310297877,0.00771846156567,0.00358462170698,0.00266084936447,0.00302374712192,0.00239231460728,0.00136758433655,0.00156495382544,0.00115109083708,0.00158682919573,0.000890096998774,0.00124006951228,0.00117813062388,0.000992034329101,0.00075946591096,0.000756776309572,0.00033757215715,0.000542149879038,0.000237323984038,0.000140097981784,0.000091719070042,0.000180501971045,0.000211701422813,0.000227127238759,0.000245240807999,0.000212146231206,0.000159884570166,0.000191752886167,0.000163338205311,0.000147444050526,0.000180473260116,0.000100061668491,0.000181296985829],"mean":[0.00166913971771,0.00321175321005,0.00203717965633,0.000927084183786,0.000683718943037,0.000320240826113,0.00022903959325,0.000319582875818,0.000321059982525,0.000138498508022,0.000117922565551,0.0000879800645635,0.0000672806563671,0.0000818773260107,0.0000696663701092,0.0000640349680907,0.0000675265036989,0.0000570678057557,0.0000540414257557,0.0000588163929933,0.0000628177294857,0.0000569751100556,0.0000510201389261,0.0000360719677701,0.0000292949443974,0.0000238901648117,0.0000166989484569,0.0000125713377201,0.00000953433664108,0.00000634097432339,0.00000466237815999,0.00000425759571954,0.00000344701243193,0.0000028547653983,0.00000258083650806,0.00000206266577152,0.00000166994175288,0.00000141351370075,0.00000117612216854,0.0000011157761719],"median":[0.00118088664021,0.00250501581468,0.00121037673671,0.000557611056138,0.000410024484154,0.000212402868783,0.000150971900439,0.000162942014867,0.000139951996971,0.0000712759501766,0.0000618116391706,0.0000364074694517,0.0000339855432685,0.0000471271632705,0.0000422317098128,0.0000407380393881,0.0000413435736846,0.0000381559657399,0.0000399215023208,0.0000406796607422,0.0000421656259277,0.0000427964041592,0.00004120187441,0.0000324951543007,0.0000253906910075,0.000019737835828,0.0000145957155837,0.0000111749441203,0.00000789422665548,0.00000432091201219,0.00000207793050322,0.00000123664926832,8.11447307569e-7,7.0832743404e-7,7.02541285591e-7,5.28365262653e-7,3.85491631505e-7,2.92459191087e-7,2.61369223153e-7,1.94917078034e-7],"min":[2.09442254792e-24,8.31578038783e-24,2.16064458101e-23,3.10961648209e-23,1.22140028153e-23,1.08653346573e-23,5.27141824316e-24,7.4648274519e-24,8.88912764919e-24,1.01222474061e-23,1.65235499405e-23,1.46573827178e-23,3.89831590748e-24,6.72012698015e-24,1.03441058582e-23,4.91582696279e-24,3.963482918e-24,1.18726587573e-23,4.0769952691e-24,8.38141282628e-24,1.53242525949e-23,1.18012479127e-23,9.69561249589e-24,8.6508656234e-24,1.01068283308e-23,1.95470234428e-23,1.46056823518e-23,1.79800869387e-23,1.21964593376e-23,8.69246541438e-24,6.66628012362e-24,1.1453516448e-23,1.03083657261e-23,1.08122048753e-23,1.86705122024e-23,6.73487394591e-24,8.42856067601e-24,9.3011615329e-24,1.31913178576e-23,1.39194380509e-23],"var":[0.00000296478606288,0.00000737446316634,0.0000061984178501,0.00000134811557473,6.45934051136e-7,1.46728211803e-7,8.05530291359e-8,2.28359226639e-7,3.18004481414e-7,6.50596092555e-8,3.09590753034e-8,3.36441381421e-8,1.79400032607e-8,1.20546514992e-8,8.49609183007e-9,6.24216056622e-9,7.36387928413e-9,4.40774083899e-9,3.31621929917e-9,5.23871257485e-9,6.15809936377e-9,3.39294659035e-9,2.12496353846e-9,5.92042359582e-10,4.97988483783e-10,3.9734213142e-10,1.49487699996e-10,7.59201312928e-11,7.15872083834e-11,8.27252016888e-11,1.19692228351e-10,1.70417069345e-10,1.2307957431e-10,6.26473525833e-11,4.81857435897e-11,2.71503774324e-11,2.4508214902e-11,2.11637148778e-11,1.80368827513e-11,3.44179545975e-11]},"melbands_crest":{"dmean":3.47747540474,"dmean2":5.84089231491,"dvar":9.74847126007,"dvar2":26.7977352142,"max":31.6765079498,"mean":14.1889629364,"median":13.6842546463,"min":2.81808233261,"var":20.5086975098},"melbands_flatness_db":{"dmean":0.0244246516377,"dmean2":0.0405477695167,"dvar":0.000555969658308,"dvar2":0.00148467638064,"max":0.442004144192,"mean":0.186088323593,"median":0.180362910032,"min":0.00894100777805,"var":0.00278337975033},"melbands_kurtosis":{"dmean":5.79307889938,"dmean2":9.73205280304,"dvar":78.3138580322,"dvar2":217.959442139,"max":216.317703247,"mean":10.1371965408,"median":6.95928859711,"min":-1.29935824871,"var":127.597511292},"melbands_skewness":{"dmean":0.706621110439,"dmean2":1.1554697752,"dvar":0.566519320011,"dvar2":1.52053046227,"max":11.800122261,"mean":2.70762705803,"median":2.5361161232,"min":-2.06929850578,"var":1.64337289333},"melbands_spread":{"dmean":7.15886306763,"dmean2":11.7381362915,"dvar":59.5135192871,"dvar2":147.117721558,"max":173.501602173,"mean":26.9714775085,"median":24.1959857941,"min":1.63371062279,"var":264.404449463},"mfcc":{"cov":[[8048.25927734,-43.8911361694,-174.58404541,135.740936279,80.954864502,24.6412124634,-85.6012268066,98.7935638428,-42.736366272,6.43907976151,-44.2314834595,-37.4901123047,-68.3152008057],[-43.8911361694,1102.02832031,-491.745513916,242.029785156,-20.4845981598,-60.9574165344,105.354721069,-69.0118331909,35.7281761169,33.1189727783,3.39930009842,59.1842269897,8.9286775589],[-174.58404541,-491.745513916,496.764434814,-126.470977783,34.375377655,64.254776001,-58.1561813354,35.8945198059,-35.1976127625,-26.9672889709,5.99705982208,-38.8054771423,-5.31116867065],[135.740936279,242.029785156,-126.470977783,213.202270508,27.847869873,-3.27871417999,29.6358528137,-2.16575622559,32.0351676941,21.8700904846,9.42805290222,26.0665035248,9.85456752777],[80.954864502,-20.4845981598,34.375377655,27.847869873,84.2077713013,15.9654016495,14.3037414551,8.7350025177,5.58909034729,4.84838294983,-1.97275841236,5.68553256989,5.18757343292],[24.6412124634,-60.9574165344,64.254776001,-3.27871417999,15.9654016495,110.996826172,29.8913097382,29.9444293976,-19.4935245514,-16.1754055023,-2.43496012688,-16.6434364319,-9.95326423645],[-85.6012268066,105.354721069,-58.1561813354,29.6358528137,14.3037414551,29.8913097382,93.7537002563,12.0059652328,10.0561552048,-2.99360370636,3.75662851334,8.85273075104,0.827956914902],[98.7935638428,-69.0118331909,35.8945198059,-2.16575622559,8.7350025177,29.9444293976,12.0059652328,80.465637207,21.1152973175,13.8595933914,0.394966810942,-4.92181301117,3.23602581024],[-42.736366272,35.7281761169,-35.1976127625,32.0351676941,5.58909034729,-19.4935245514,10.0561552048,21.1152973175,80.7233963013,37.8817558289,12.5993299484,9.88928699493,10.6925773621],[6.43907976151,33.1189727783,-26.9672889709,21.8700904846,4.84838294983,-16.1754055023,-2.99360370636,13.8595933914,37.8817558289,70.4088668823,27.7992897034,19.3329353333,11.4083623886],[-44.2314834595,3.39930009842,5.99705982208,9.42805290222,-1.97275841236,-2.43496012688,3.75662851334,0.394966810942,12.5993299484,27.7992897034,61.7455253601,28.9923973083,17.1418647766],[-37.4901123047,59.1842269897,-38.8054771423,26.0665035248,5.68553256989,-16.6434364319,8.85273075104,-4.92181301117,9.88928699493,19.3329353333,28.9923973083,64.9343719482,31.3893413544],[-68.3152008057,8.9286775589,-5.31116867065,9.85456752777,5.18757343292,-9.95326423645,0.827956914902,3.23602581024,10.6925773621,11.4083623886,17.1418647766,31.3893413544,55.860042572]],"icov":[[0.000139560856041,0.0000358365577995,0.000139942916576,-0.0000977230010903,-0.000187935482245,-0.00000948143042478,0.000248975818977,-0.000273485027719,0.000184116215678,0.00000287212765215,-0.0000202521114261,0.0000227768796321,0.000180999122676],[0.0000358365577995,0.00206557405181,0.00137016025838,-0.00139996688813,0.000464468757855,0.000245652394369,-0.00133001466747,0.00110142549966,0.000383009552024,-0.000552255660295,0.000372997543309,-0.000331146235112,0.000158550712513],[0.000139942916576,0.00137016025838,0.00440018391237,0.000696811650414,-0.00199490180239,-0.00149728741962,0.00189178157598,-0.000659030280076,0.000550086377189,0.000925818167161,-0.00177371955942,0.00122386112344,-0.000261604989646],[-0.0000977230010903,-0.00139996688813,0.000696811650414,0.00743372645229,-0.00268667307682,-0.00123029225506,0.000738250033464,-0.0000872062446433,-0.00215791375376,0.00024060269061,-0.000559108797461,-0.00102690723725,-0.00000396797076974],[-0.000187935482245,0.000464468757855,-0.00199490180239,-0.00268667307682,0.014886058867,-0.000862624496222,-0.00316377868876,0.000980661832727,-0.00037943533971,-0.00207141041756,0.00328321894631,-0.00199268851429,-0.000957937038038],[-0.00000948143042478,0.000245652394369,-0.00149728741962,-0.00123029225506,-0.000862624496222,0.0141919506714,-0.00524103175849,-0.00475425971672,0.00437671598047,0.00116483296733,-0.00177920889109,0.00278805708513,0.000889409740921],[0.000248975818977,-0.00133001466747,0.00189178157598,0.000738250033464,-0.00316377868876,-0.00524103175849,0.016433885321,-0.0025408747606,-0.00257524428889,0.00377882039174,-0.00203673983924,-0.00167227978818,0.00111618975643],[-0.000273485027719,0.00110142549966,-0.000659030280076,-0.0000872062446433,0.000980661832727,-0.00475425971672,-0.0025408747606,0.0180879961699,-0.00498252455145,-0.00376223213971,0.00271664257161,0.000467316247523,-0.00188033480663],[0.000184116215678,0.000383009552024,0.000550086377189,-0.00215791375376,-0.00037943533971,0.00437671598047,-0.00257524428889,-0.00498252455145,0.0200801305473,-0.00853985361755,-0.00021019516862,0.00247423071414,-0.00168657477479],[0.00000287212765215,-0.000552255660295,0.000925818167161,0.00024060269061,-0.00207141041756,0.00116483296733,0.00377882039174,-0.00376223213971,-0.00853985361755,0.0245591774583,-0.00907437317073,-0.00187851395458,0.00115840905346],[-0.0000202521114261,0.000372997543309,-0.00177371955942,-0.000559108797461,0.00328321894631,-0.00177920889109,-0.00203673983924,0.00271664257161,-0.00021019516862,-0.00907437317073,0.0255131255835,-0.00933406222612,-0.00159419025294],[0.0000227768796321,-0.000331146235112,0.00122386112344,-0.00102690723725,-0.00199268851429,0.00278805708513,-0.00167227978818,0.000467316247523,0.00247423071414,-0.00187851395458,-0.00933406222612,0.028157312423,-0.0119901271537],[0.000180999122676,0.000158550712513,-0.000261604989646,-0.00000396797076974,-0.000957937038038,0.000889409740921,0.00111618975643,-0.00188033480663,-0.00168657477479,0.00115840905346,-0.00159419025294,-0.0119901271537,0.025726608932]],"mean":[-607.890075684,124.001548767,-17.5919914246,39.4474411011,12.7935562134,2.30591106415,3.81988453865,2.12732601166,0.361294269562,3.70838880539,-0.398145228624,3.33641886711,-2.30103468895]},"pitch_salience":{"dmean":0.0735611915588,"dmean2":0.124066330492,"dvar":0.00450358400121,"dvar2":0.0129328360781,"max":0.871372938156,"mean":0.551370918751,"median":0.55188781023,"min":0.184478834271,"var":0.00942802615464},"silence_rate_20dB":{"dmean":0,"dmean2":0,"dvar":0,"dvar2":0,"max":1,"mean":1,"median":1,"min":1,"var":0},"silence_rate_30dB":{"dmean":0,"dmean2":0,"dvar":0,"dvar2":0,"max":1,"mean":1,"median":1,"min":1,"var":0},"silence_rate_60dB":{"dmean":0.000399840064347,"dmean2":0.000799760047812,"dvar":0.000399670447223,"dvar2":0.000799123721663,"max":1,"mean":0.0326836593449,"median":0,"min":0,"var":0.0316152945161},"spectral_centroid":{"dmean":226.778686523,"dmean2":366.549072266,"dvar":54074.8046875,"dvar2":120211.054688,"max":10938.9599609,"mean":1661.12841797,"median":1643.14050293,"min":247.264099121,"var":529864.6875},"spectral_complexity":{"dmean":4.09576177597,"dmean2":6.56862926483,"dvar":13.6517734528,"dvar2":32.5828361511,"max":60,"mean":32.2482757568,"median":34,"min":0,"var":104.546142578},"spectral_contrast_coeffs":{"dmean":[0.0535441786051,0.0453111901879,0.0368807390332,0.0291983708739,0.0194657333195,0.019075172022],"dmean2":[0.0884879380465,0.0728226900101,0.0598559565842,0.0480402708054,0.0318971797824,0.0305639654398],"dvar":[0.00195102579892,0.00131198239978,0.000882159976754,0.0005376561312,0.000237133994233,0.000307310081553],"dvar2":[0.00517233507708,0.00340358982794,0.00219840253703,0.00139107077848,0.000620346108917,0.000728633254766],"max":[-0.256089001894,-0.460191965103,-0.54013967514,-0.579547762871,-0.643120825291,-0.593820035458],"mean":[-0.629629909992,-0.729360222816,-0.776860773563,-0.785588443279,-0.793672740459,-0.747880101204],"median":[-0.636947095394,-0.734146416187,-0.781843960285,-0.788142979145,-0.794063687325,-0.747401833534],"min":[-0.966009020805,-0.968790173531,-0.972709357738,-0.959598720074,-0.958306968212,-0.956402540207],"var":[0.00785750709474,0.00525157479569,0.00394423725083,0.00240575429052,0.00117847207002,0.00163654098287]},"spectral_contrast_valleys":{"dmean":[0.393579542637,0.335480928421,0.298528194427,0.237589284778,0.184998556972,0.370348334312],"dmean2":[0.658204376698,0.549512565136,0.487000674009,0.390151709318,0.294289052486,0.532570004463],"dvar":[0.114075563848,0.0922152101994,0.0771820172668,0.0536846853793,0.046999797225,0.232406690717],"dvar2":[0.284374982119,0.218775644898,0.176503062248,0.116643607616,0.090109795332,0.476012766361],"max":[-5.41253852844,-4.91276550293,-5.527156353,-5.82731389999,-5.32195615768,-7.2479557991],"mean":[-6.87996482849,-6.5795674324,-7.15465307236,-7.1565527916,-6.81531667709,-10.1414642334],"median":[-6.62330722809,-6.35469293594,-6.94268083572,-6.91385936737,-6.52407360077,-10.0033426285],"min":[-27.7542858124,-27.0720214844,-26.7769470215,-27.3217487335,-27.3498401642,-27.3342018127],"var":[1.97281861305,1.69159662724,1.65178489685,1.73742830753,1.95868337154,2.08191537857]},"spectral_decrease":{"dmean":2.67361155437e-9,"dmean2":4.47451053986e-9,"dvar":9.09867985408e-18,"dvar2":2.45414197618e-17,"max":1.08932367779e-16,"mean":-8.97298857438e-9,"median":-8.68180016766e-9,"min":-2.89846511237e-8,"var":1.44173246342e-17},"spectral_energy":{"dmean":0.0104233184829,"dmean2":0.0174048598856,"dvar":0.000138012415846,"dvar2":0.000370143650798,"max":0.114128649235,"mean":0.036413770169,"median":0.0355204418302,"min":1.09252464342e-20,"var":0.000226818956435},"spectral_energyband_high":{"dmean":0.000566235219594,"dmean2":0.000883016735315,"dvar":0.00000136012806706,"dvar2":0.00000280964582089,"max":0.0244790539145,"mean":0.00110714859329,"median":0.000589217874222,"min":8.05512923369e-21,"var":0.00000375800618713},"spectral_energyband_low":{"dmean":0.00789805222303,"dmean2":0.0135710854083,"dvar":0.0000975004586508,"dvar2":0.000274496647762,"max":0.0893201157451,"mean":0.0157351773232,"median":0.0136654209346,"min":4.49895136639e-23,"var":0.000122145997011},"spectral_energyband_middle_high":{"dmean":0.00159670144785,"dmean2":0.0025328216143,"dvar":0.0000031761048831,"dvar2":0.00000737929167371,"max":0.030219418928,"mean":0.00740688154474,"median":0.00633764592931,"min":1.59816343055e-21,"var":0.0000197356730496},"spectral_energyband_middle_low":{"dmean":0.00575823429972,"dmean2":0.00927332602441,"dvar":0.0000683450562065,"dvar2":0.000167610574863,"max":0.103865735233,"mean":0.0145676136017,"median":0.0120564987883,"min":3.96467985665e-22,"var":0.000111442001071},"spectral_entropy":{"dmean":0.120057530701,"dmean2":0.179400518537,"dvar":0.018386233598,"dvar2":0.0404622107744,"max":9.78875827789,"mean":7.74012231827,"median":7.72404289246,"min":6.06615114212,"var":0.107859328389},"spectral_flux":{"dmean":0.0246609281749,"dmean2":0.0387820750475,"dvar":0.000689310196321,"dvar2":0.00150901940651,"max":0.282065808773,"mean":0.096836745739,"median":0.0912686958909,"min":1.04523903421e-10,"var":0.0015983855119},"spectral_kurtosis":{"dmean":1.47827255726,"dmean2":2.52843475342,"dvar":2.5181221962,"dvar2":7.68381118774,"max":31.0015068054,"mean":4.61659097672,"median":4.29681587219,"min":-1.16891896725,"var":7.33581113815},"spectral_rms":{"dmean":0.000814417668153,"dmean2":0.00134414073545,"dvar":7.19276670225e-7,"dvar2":0.00000192668630916,"max":0.0105520151556,"mean":0.00577273545787,"median":0.0058867726475,"min":3.26477820473e-12,"var":0.00000220106835513},"spectral_rolloff":{"dmean":521.50958252,"dmean2":884.408752441,"dvar":472227.09375,"dvar2":1055358.375,"max":21317.8710938,"mean":1769.5098877,"median":1528.85742188,"min":107.666015625,"var":4873095},"spectral_skewness":{"dmean":0.186157867312,"dmean2":0.305661767721,"dvar":0.0300473533571,"dvar2":0.0811751410365,"max":4.30306100845,"mean":1.33195400238,"median":1.30892014503,"min":-0.0100830178708,"var":0.144302561879},"spectral_spread":{"dmean":536900.625,"dmean2":785062.0625,"dvar":494796537856,"dvar2":899247112192,"max":40661088,"mean":3997430,"median":3527988,"min":1448849.875,"var":3613036904450},"spectral_strongpeak":{"dmean":0.394699364901,"dmean2":0.697503089905,"dvar":0.599370837212,"dvar2":1.59288203716,"max":11.1222324371,"mean":0.654620349407,"median":0.413962364197,"min":0,"var":0.6785338521},"zerocrossingrate":{"dmean":0.00810622982681,"dmean2":0.0100947739556,"dvar":0.0000903906911844,"dvar2":0.00010406315414,"max":0.71533203125,"mean":0.0640012025833,"median":0.0556640625,"min":0.005859375,"var":0.00405390188098}},"metadata":{"audio_properties":{"analysis_sample_rate":44100,"bit_rate":0,"codec":"flac","downmix":"mix","equal_loudness":0,"length":232.279998779,"lossless":true,"md5_encoded":"9de7582b853d9505816897f1edd28eef","replay_gain":-13.2488632202,"sample_rate":44100},"tags":{"acoustid_id":["e47bb608-6f6b-496a-a1ef-9d2b47d12a57"],"album":["Oceania"],"album artist":["The Smashing Pumpkins"],"albumartist":["The Smashing Pumpkins"],"albumartistsort":["Smashing Pumpkins, The"],"artist":["The Smashing Pumpkins"],"artistsort":["Smashing Pumpkins, The"],"asin":["B007P6VLRS"],"barcode":["818610010001"],"catalognumber":["MM 001"],"composer":["Billy Corgan"],"date":["2012-06-18"],"disc":["1"],"discnumber":["1"],"disctotal":["1"],"ensemble":["The Smashing Pumpkins"],"file_name":"02. The Smashing Pumpkins - Panopticon.flac","genre":["Alternative Rock"],"isrc":["QMQJZ1200002"],"label":["Martha’s Music"],"language":["eng"],"lyricist":["Billy Corgan"],"media":["CD"],"musicbrainz_albumartistid":["ba0d6274-db14-4ef5-b28d-657ebde1a396"],"musicbrainz_albumid":["83675dbd-ec66-4d0a-93a8-cd386c8236c1"],"musicbrainz_artistid":["ba0d6274-db14-4ef5-b28d-657ebde1a396"],"musicbrainz_recordingid":["b8817531-b4f3-4c98-ad1d-8104d811e63e"],"musicbrainz_workid":["0d8155f8-6232-494a-939f-bc204116eb19"],"originaldate":["2012-06-18"],"releasecountry":["US"],"releasestatus":["official"],"releasetype":["album"],"replaygain_album_gain":["-8.020000 dB"],"replaygain_track_gain":["-8.300000 dB"],"replaygain_track_peak":["1.000000"],"script":["Latn"],"title":["Panopticon"],"totaldiscs":["1"],"totaltracks":["13"],"tracknumber":["2"],"tracktotal":["13"],"year":["2012"]},"version":{"essentia":"2.1-beta1","essentia_build_sha":"ca57ba49d9b1854bd80e60cf9ccf267278fb7d6b","essentia_git_sha":"v2.1_beta1-28-g21ef5f4-dirty","extractor":"music 1.0"}},"rhythm":{"beats_count":390,"beats_loudness":{"dmean":0.0135591197759,"dmean2":0.0232066493481,"dvar":0.000161995674716,"dvar2":0.000452610111097,"max":0.102328076959,"mean