{"lowlevel":{"average_loudness":0.895536601543,"barkbands":{"dmean":[0.00186174514238,0.015139571391,0.00496075721458,0.00187705410644,0.000855035497807,0.000272813922493,0.000325626839185,0.000491788552608,0.000478902366012,0.00128160219174,0.0025391895324,0.0017652772367,0.00178764539305,0.00104664417449,0.000807058182545,0.000293062010314,0.000205985750654,0.00018713575264,0.0000450507322967,0.0000106927445813,0.00000419213483838,0.00000317813646689,0.00000269402812592,0.00000239497853727,0.00000228488238463,0.00000227864347835,0.0000503650517203],"dmean2":[0.0030839049723,0.0242015887052,0.00804185122252,0.00300446874462,0.00139816687442,0.000441267126007,0.000527219322976,0.000763652613387,0.000778784160502,0.00206171534956,0.00406468193978,0.00276483595371,0.00294918194413,0.00169813924003,0.0013457746245,0.000487802986754,0.000342793675372,0.000310848990921,0.0000720465322956,0.0000167426569533,0.00000691874447512,0.00000531987097929,0.00000448588298241,0.00000405840546591,0.00000387568161386,0.0000038468792809,0.0000821850117063],"dvar":[0.000022826679924,0.00101368909236,0.0000821659705252,0.0000103246193248,0.00000145814567531,1.53313848728e-7,2.11586922205e-7,9.0193128699e-7,6.60318391965e-7,0.00000430833506471,0.0000150260020746,0.00000852741777635,0.0000069066445576,0.000002737744353,0.00000103718423361,1.30349164351e-7,6.60258692164e-8,5.14936751017e-8,4.95505236842e-9,3.39371197811e-10,5.40721391273e-11,3.48306695985e-11,2.3972830665e-11,2.11027532254e-11,1.94706594597e-11,1.88009104812e-11,3.77709596933e-9],"dvar2":[0.0000556521044928,0.0025371410884,0.000206339624128,0.0000239300152316,0.0000037185382098,3.62789023711e-7,5.14507007665e-7,0.00000185658677765,0.00000141589566738,0.00000982560504781,0.0000331607006956,0.0000171651336132,0.0000178763802978,0.00000637277389615,0.00000277057847597,3.33569801114e-7,1.74456317836e-7,1.3296630641e-7,1.23095480475e-8,8.22657497679e-10,1.33760350018e-10,8.74345387758e-11,5.9497878846e-11,5.28213722761e-11,4.87529253079e-11,4.69273717107e-11,9.76362102278e-9],"max":[0.0814883261919,0.525592684746,0.189509555697,0.102484583855,0.0280684717,0.00805557705462,0.00935299601406,0.0281690321863,0.022732725367,0.0636266991496,0.111104540527,0.12469997257,0.0664733052254,0.0698065757751,0.0230199433863,0.0097848335281,0.00760388793424,0.00354369613342,0.00257916958071,0.000466966972454,0.000163242366398,0.00012421986321,0.000094337752671,0.0000966056686593,0.000092283495178,0.0000886751513463,0.00114978139754],"mean":[0.00183476344682,0.022050447762,0.00662736129016,0.00302266306244,0.00149738811888,0.000447412021458,0.00056231522467,0.000866050249897,0.000827989075333,0.00216965377331,0.00433923490345,0.0033204453066,0.00318155088462,0.00195827777497,0.00156573229469,0.000605164794251,0.000446565332823,0.000416306516854,0.0000930809110287,0.0000205132928386,0.00000549093147129,0.0000038108607896,0.00000331373007612,0.00000233308696806,0.00000210225266528,0.00000239837527261,0.000127002742374],"median":[0.000435158523032,0.00877609755844,0.00296327564865,0.00120827578939,0.000963246682659,0.000296477228403,0.000360599369742,0.000420168391429,0.000524781295098,0.00119483307935,0.00277773826383,0.00198024907149,0.00219288445078,0.00140365189873,0.00122953322716,0.000484490970848,0.000358067714842,0.000355617550667,0.0000622518564342,0.0000104683649624,0.00000291629066851,0.00000188738044926,0.00000163057939062,8.00782174792e-7,6.32916112409e-7,9.65038566392e-7,0.000106863568362],"min":[4.45948399735e-12,1.97278963998e-11,5.8251159972e-12,3.54528776128e-12,1.22862067742e-11,1.84343391246e-11,2.05562563499e-11,2.27159393726e-12,4.3972247718e-12,3.40501303368e-12,9.56627572296e-12,1.0113227096e-11,2.41962786612e-12,2.73171676252e-11,2.99843570112e-12,2.04127860448e-11,1.3368414882e-11,1.23548749356e-11,8.87753238976e-12,3.82779615296e-12,7.56202305635e-12,3.37978017968e-12,9.0332064745e-12,5.79364594494e-12,2.85010036405e-12,7.18368897354e-12,1.37663084057e-11],"var":[0.0000218250952457,0.00130017008632,0.000113259819045,0.0000400828430429,0.00000314537874146,2.7662190405e-7,4.75018850921e-7,0.00000257947249338,0.00000144178738992,0.0000106021198008,0.0000329875838361,0.0000340685073752,0.0000121309067254,0.00000552530991627,0.00000186293971183,2.60229398918e-7,1.60267532578e-7,9.8694151518e-8,1.11189315533e-8,8.52175829902e-10,6.28783275447e-11,3.61175429842e-11,2.60148309145e-11,2.08386467804e-11,1.9111434657e-11,1.89698864256e-11,7.92998111621e-9]},"barkbands_crest":{"dmean":2.98288941383,"dmean2":4.8223156929,"dvar":7.49814462662,"dvar2":18.6342601776,"max":26.3208675385,"mean":10.4199991226,"median":9.5435256958,"min":2.7755510807,"var":20.5580596924},"barkbands_flatness_db":{"dmean":0.0268278960139,"dmean2":0.0431813672185,"dvar":0.000520401168615,"dvar2":0.00133433623705,"max":0.377554893494,"mean":0.171963974833,"median":0.168593198061,"min":0.0166180785745,"var":0.00134894275106},"barkbands_kurtosis":{"dmean":2.55026721954,"dmean2":4.14402961731,"dvar":26.2151145935,"dvar2":65.3672714233,"max":175.205703735,"mean":2.50450992584,"median":0.448992490768,"min":-1.65623915195,"var":49.7063560486},"barkbands_skewness":{"dmean":0.608253717422,"dmean2":0.928481817245,"dvar":0.388498067856,"dvar2":0.880774915218,"max":12.2024364471,"mean":0.88867777586,"median":0.668284654617,"min":-3.77806401253,"var":1.61343300343},"barkbands_spread":{"dmean":4.44596815109,"dmean2":7.13435554504,"dvar":17.799654007,"dvar2":44.2982902527,"max":76.9654083252,"mean":19.6455345154,"median":20.5112705231,"min":0.669762253761,"var":54.6978645325},"dissonance":{"dmean":0.0151647469029,"dmean2":0.0261590946466,"dvar":0.000314777746098,"dvar2":0.00086434133118,"max":0.500000119209,"mean":0.480003774166,"median":0.486332058907,"min":0.219296947122,"var":0.000431940396084},"dynamic_complexity":2.1382060051,"erbbands":{"dmean":[0.328174114227,3.82132172585,6.76826524734,5.49241685867,3.65728139877,3.07125329971,2.57748389244,2.20217347145,4.03185558319,7.82413578033,8.96571350098,11.0234441757,20.9091854095,74.669128418,89.2536773682,62.1610183716,80.622215271,56.2937698364,43.8043899536,27.0234718323,14.1594409943,10.8711290359,10.4060459137,4.86407327652,1.15544676781,0.485909581184,0.223900914192,0.142693147063,0.115946516395,0.0958140194416,0.0739111974835,0.0535169690847,0.0381328910589,0.0258391629905,0.016100095585,0.00892637297511,0.00423123454675,0.00160563969985,0.000884924142156,0.00136673334055],"dmean2":[0.541631281376,6.10175848007,10.8224697113,8.78920555115,5.98989391327,5.04631328583,4.13821220398,3.59697365761,6.56326198578,12.2766265869,14.1622285843,17.8665275574,33.6077690125,117.506492615,142.521942139,97.1750793457,132.119888306,91.6412658691,72.4659423828,44.7853012085,23.558883667,17.9930458069,17.2500839233,7.79431629181,1.80317974091,0.756948947906,0.359686464071,0.238956660032,0.194423526525,0.159360527992,0.123361200094,0.0906058773398,0.0646585375071,0.0438164658844,0.0273003634065,0.0151334358379,0.00715001299977,0.00266603357159,0.00138182670344,0.00221817637794],"dvar":[0.439292907715,68.14478302,183.412475586,74.9521865845,28.4839992523,21.6916999817,17.2188358307,10.0649499893,37.3272705078,183.012527466,235.548461914,399.597106934,1207.84423828,15508.8710938,21192.9023438,11284.9931641,14417.1591797,8411.62011719,3002.67333984,1141.45300293,282.734436035,200.576660156,168.964859009,38.3922538757,4.77302265167,0.661605477333,0.139700621367,0.0694998130202,0.0466949008405,0.0302142817527,0.0183930750936,0.010335742496,0.00540863117203,0.00248831300996,0.000966359395534,0.00029656602419,0.0000646777552902,0.00000860266300151,0.00000124808923374,0.00000258246336671],"dvar2":[1.17205524445,169.31098938,448.371337891,177.401382446,72.7450027466,54.839138031,37.518157959,25.0515346527,90.4954376221,395.871032715,500.90713501,853.417907715,2823.9519043,32824.515625,45406.6992188,22473.3964844,37228.9492188,19612.8261719,7796.33984375,3040.91601562,748.530822754,528.194519043,437.357025146,92.0986709595,11.883893013,1.57579421997,0.33393523097,0.173572853208,0.117307774723,0.0749980509281,0.0458656959236,0.0258666295558,0.0135426968336,0.00623046327382,0.00241932808422,0.00074230984319,0.000161698917509,0.0000213386720134,0.00000281713096228,0.00000663798527967],"max":[12.791387558,131.823364258,273.624176025,226.004074097,135.303604126,113.193473816,137.635513306,64.6710128784,151.329406738,331.482940674,379.468841553,513.349365234,1002.85546875,2398.82202148,5277.26953125,5564.33935547,2883.24853516,4186.17089844,1337.04382324,839.565124512,460.824676514,443.986022949,225.012329102,127.484687805,104.996749878,20.1202583313,8.4514913559,5.52818489075,4.58034849167,3.51976919174,2.65970635414,2.12245202065,1.54058265686,1.04350244999,0.650188803673,0.360564082861,0.167134225368,0.0598468221724,0.0248437710106,0.0276324860752],"mean":[0.444851636887,5.48619174957,9.46539497375,9.50267696381,6.20071983337,5.08245849609,4.48636293411,3.62506151199,6.70476007462,14.6125020981,16.4572734833,19.7122402191,39.6473808289,132.990600586,162.74395752,130.454483032,153.05128479,116.124633789,91.3524475098,57.1717300415,32.2733230591,25.5624275208,23.7977180481,11.2690525055,2.67045521736,0.990189731121,0.355410426855,0.174460381269,0.13862799108,0.118953868747,0.0899467691779,0.0565217249095,0.0354153551161,0.0238286945969,0.0148611264303,0.00830142386258,0.00455523375422,0.00212298845872,0.00244062696584,0.0036857877858],"median":[0.189878836274,2.03264451027,4.37040615082,4.92359447479,3.63849306107,2.98306822777,2.41877985001,2.43408465385,4.45162725449,7.44339752197,9.49648189545,12.1430692673,24.7425708771,78.0497817993,109.943687439,84.8351898193,105.857635498,85.9197845459,72.7792816162,45.9543495178,26.5185146332,20.8251991272,20.5686588287,9.20966529846,1.61648738384,0.530435204506,0.198718383908,0.0886865183711,0.068438410759,0.0599543377757,0.0440774708986,0.022911420092,0.0108819836751,0.00718183955178,0.00449365098029,0.00256198341958,0.0019040905172,0.00115377362818,0.0019737246912,0.00319590209983],"min":[3.14955200809e-10,5.34641175776e-9,1.19565237711e-8,8.49221049037e-9,2.43008084766e-8,4.01622877177e-8,7.00832458733e-8,2.38373146999e-7,3.34818651027e-7,2.00188992494e-7,7.07716125703e-8,1.16708321229e-7,7.6840152019e-8,1.76902261728e-7,5.40130940863e-7,2.71575373745e-7,1.7266022212e-7,0.00000117184981718,0.00000112134057417,0.00000164331493124,0.00000106666993815,7.64896242345e-7,6.70934468872e-7,5.9206087144e-7,3.68886446722e-7,1.49543978978e-7,2.33479795497e-7,2.95822133012e-7,1.45869677226e-7,2.22530559313e-7,2.2612165651e-7,1.21759953231e-7,9.74296767708e-8,3.26236673232e-8,2.25196163939e-8,1.52281565136e-8,1.54379531381e-8,7.37110106286e-9,1.8808317126e-9,2.27127538999e-10],"var":[0.497216135263,86.7642669678,240.377380371,231.501113892,76.1422576904,46.2544288635,56.4245033264,17.2297954559,64.5263442993,552.936035156,641.055969238,916.070800781,3040.2434082,39453.4335938,47812.4570312,52948.3125,27447.3496094,17823.3769531,6198.06445312,2137.31396484,614.089233398,495.722747803,308.007629395,94.9346160889,11.7212791443,1.79602897167,0.215425431728,0.073129825294,0.0481763444841,0.0329557359219,0.0195575729012,0.0103085208684,0.00531684001908,0.00244384980761,0.000949285982642,0.000291720440146,0.0000649571520626,0.00000941534472076,0.00000374219166588,0.00000596776135353]},"erbbands_crest":{"dmean":2.45389485359,"dmean2":4.09831380844,"dvar":5.13916873932,"dvar2":13.1219358444,"max":31.0691070557,"mean":9.19760513306,"median":8.27430438995,"min":2.23365497589,"var":13.8128547668},"erbbands_flatness_db":{"dmean":0.0276309419423,"dmean2":0.0437856838107,"dvar":0.000482531700982,"dvar2":0.00120091275312,"max":0.461781054735,"mean":0.230850160122,"median":0.230433672667,"min":0.0604932308197,"var":0.00205818610266},"erbbands_kurtosis":{"dmean":1.2597849369,"dmean2":2.00873064995,"dvar":2.23640799522,"dvar2":5.60292196274,"max":39.5963592529,"mean":2.3171107769,"median":2.00275659561,"min":-1.76751291752,"var":5.54930639267},"erbbands_skewness":{"dmean":0.33986350894,"dmean2":0.548515379429,"dvar":0.090277813375,"dvar2":0.234849214554,"max":4.54346656799,"mean":-0.717913031578,"median":-0.790258646011,"min":-3.67845988274,"var":0.332939714193},"erbbands_spread":{"dmean":4.33825349808,"dmean2":6.68907546997,"dvar":25.3432025909,"dvar2":56.1011734009,"max":112.374549866,"mean":16.4233570099,"median":13.7591781616,"min":0.738593101501,"var":105.5728302},"gfcc":{"cov":[[2436.70556641,-89.0142059326,86.292755127,61.8882980347,4.31087875366,200.893569946,31.1834068298,238.214065552,-157.190673828,103.110343933,34.4627075195,-47.7882957458,96.0139312744],[-89.0142059326,730.170532227,2.56357431412,15.1763963699,252.813552856,-131.61756897,148.058319092,-79.3899688721,103.010635376,-116.474571228,45.057384491,-27.387922287,-50.9336853027],[86.292755127,2.56357431412,433.22958374,321.871398926,-10.6927175522,137.514831543,-28.2982406616,91.1406021118,-53.2549171448,54.8362388611,-60.3728790283,-9.42315673828,-11.693652153],[61.8882980347,15.1763963699,321.871398926,383.244598389,99.3206634521,58.6855964661,57.8340797424,76.7484130859,-24.6439476013,38.1380310059,-22.4459571838,-15.9594688416,-18.8566493988],[4.31087875366,252.813552856,-10.6927175522,99.3206634521,231.696456909,-26.0084171295,105.289749146,-19.1787567139,47.2053108215,-48.9513206482,39.568813324,-15.964799881,-15.069519043],[200.893569946,-131.61756897,137.514831543,58.6855964661,-26.0084171295,191.67791748,-27.8948097229,60.7268295288,-52.1048660278,46.8544921875,-32.9769363403,8.68474006653,16.7136459351],[31.1834068298,148.058319092,-28.2982406616,57.8340797424,105.289749146,-27.8948097229,149.278945923,15.5810613632,39.5519256592,-23.8977470398,32.0032577515,-5.70109844208,-16.7508907318],[238.214065552,-79.3899688721,91.1406021118,76.7484130859,-19.1787567139,60.7268295288,15.5810613632,117.196456909,-6.9623966217,42.8373451233,-2.52274775505,-4.15931415558,16.7984771729],[-157.190673828,103.010635376,-53.2549171448,-24.6439476013,47.2053108215,-52.1048660278,39.5519256592,-6.9623966217,89.6874923706,2.33355236053,21.969581604,5.39906406403,-13.6120471954],[103.110343933,-116.474571228,54.8362388611,38.1380310059,-48.9513206482,46.8544921875,-23.8977470398,42.8373451233,2.33355236053,80.1291275024,13.1805648804,6.79752016068,14.190369606],[34.4627075195,45.057384491,-60.3728790283,-22.4459571838,39.568813324,-32.9769363403,32.0032577515,-2.52274775505,21.969581604,13.1805648804,61.8571891785,23.8752098083,10.193696022],[-47.7882957458,-27.387922287,-9.42315673828,-15.9594688416,-15.964799881,8.68474006653,-5.70109844208,-4.15931415558,5.39906406403,6.79752016068,23.8752098083,50.3454284668,23.1136455536],[96.0139312744,-50.9336853027,-11.693652153,-18.8566493988,-15.069519043,16.7136459351,-16.7508907318,16.7984771729,-13.6120471954,14.190369606,10.193696022,23.1136455536,50.5784378052]],"icov":[[0.000831807148643,-0.000696735980455,0.00066503463313,0.00053201027913,-0.00101402634755,0.000319622893585,-0.000183123353054,-0.00208986923099,0.00317681231536,-0.00279017793946,0.00136312865652,-0.000405998376664,-0.000154260225827],[-0.000696735980455,0.0086964238435,-0.0148243121803,0.0146011728793,-0.0123090473935,0.00947861280292,-0.00710506876931,0.00314888474531,-0.000720649841242,-0.000765545468312,0.00251686316915,-0.00230358424596,0.00246412865818],[0.00066503463313,-0.0148243121803,0.0421496294439,-0.0483710542321,0.0402995087206,-0.033848118037,0.0211064871401,-0.000567748793401,-0.0174080450088,0.0278856698424,-0.0272573977709,0.0223079323769,-0.0113183399662],[0.00053201027913,0.0146011728793,-0.0483710542321,0.0754094347358,-0.0746903792024,0.0586710236967,-0.0302850287408,-0.0150092719123,0.0529535859823,-0.0784063190222,0.0803058445454,-0.0635148137808,0.0330277085304],[-0.00101402634755,-0.0123090473935,0.0402995087206,-0.0746903792024,0.0916684567928,-0.0671268329024,0.0256602820009,0.0232715718448,-0.0689129009843,0.102092787623,-0.10858951509,0.0868656262755,-0.0437368191779],[0.000319622893585,0.00947861280292,-0.033848118037,0.0586710236967,-0.0671268329024,0.0611909106374,-0.0232139602304,-0.0183172505349,0.0554125010967,-0.081211194396,0.087080731988,-0.0697741806507,0.0331946611404],[-0.000183123353054,-0.00710506876931,0.0211064871401,-0.0302850287408,0.0256602820009,-0.0232139602304,0.0250233020633,0.0000994000802166,-0.0211485680193,0.0321784317493,-0.0336998179555,0.0228881165385,-0.00803499668837],[-0.00208986923099,0.00314888474531,-0.000567748793401,-0.0150092719123,0.0232715718448,-0.0183172505349,0.0000994000802166,0.0281000398099,-0.0292911492288,0.0322719812393,-0.0366216599941,0.0328209660947,-0.0194573458284],[0.00317681231536,-0.000720649841242,-0.0174080450088,0.0529535859823,-0.0689129009843,0.0554125010967,-0.0211485680193,-0.0292911492288,0.0868322774768,-0.103162094951,0.100357852876,-0.0826541185379,0.0426998920739],[-0.00279017793946,-0.000765545468312,0.0278856698424,-0.0784063190222,0.102092787623,-0.081211194396,0.0321784317493,0.0322719812393,-0.103162094951,0.164534270763,-0.158477589488,0.12072519958,-0.0582213737071],[0.00136312865652,0.00251686316915,-0.0272573977709,0.0803058445454,-0.10858951509,0.087080731988,-0.0336998179555,-0.0366216599941,0.100357852876,-0.158477589488,0.190413221717,-0.140928521752,0.0609552450478],[-0.000405998376664,-0.00230358424596,0.0223079323769,-0.0635148137808,0.0868656262755,-0.0697741806507,0.0228881165385,0.0328209660947,-0.0826541185379,0.12072519958,-0.140928521752,0.136094018817,-0.0643590241671],[-0.000154260225827,0.00246412865818,-0.0113183399662,0.0330277085304,-0.0437368191779,0.0331946611404,-0.00803499668837,-0.0194573458284,0.0426998920739,-0.0582213737071,0.0609552450478,-0.0643590241671,0.0569956228137]],"mean":[-9.30421352386,139.52923584,-131.134628296,-20.097442627,16.629032135,8.03612613678,-7.16223096848,-5.40469408035,-4.50224304199,-19.2659683228,-0.158910527825,-4.03008508682,-11.0261640549]},"hfc":{"dmean":8.49043369293,"dmean2":13.1096010208,"dvar":78.4442138672,"dvar2":181.49659729,"max":186.610626221,"mean":35.8961753845,"median":32.6839408875,"min":0.00000106553852675,"var":439.347625732},"melbands":{"dmean":[0.00365632516332,0.00411665812135,0.000867573311552,0.000218108325498,0.0000965790313785,0.0000515417414135,0.0000606953617535,0.000094878829259,0.0000712815017323,0.00007358455332,0.000109760636406,0.000294148980174,0.000327015004586,0.000192477411474,0.000190270264284,0.000184568241821,0.000108388208901,0.0000772608036641,0.0000598038277531,0.0000248661508522,0.0000166082136275,0.0000132384020617,0.00000972440557234,0.0000103243819467,0.00000387090403819,0.00000121464836411,5.49748733647e-7,2.97910901281e-7,1.62201445164e-7,9.78839764798e-8,7.84261757758e-8,6.71624533766e-8,5.8577242612e-8,5.19928562426e-8,4.44853789361e-8,3.66845860356e-8,3.1221933483e-8,2.71320441669e-8,2.3851747244e-8,2.10791064603e-8],"dmean2":[0.00588278844953,0.00649408437312,0.00138176535256,0.000357056851499,0.000155271991389,0.0000835513710626,0.0000983451318461,0.000147696075146,0.000112905159767,0.000119376469229,0.0001767694921,0.000463471340481,0.000523361028172,0.000305065390421,0.000304354878608,0.000303823937429,0.000176816494786,0.000128520856379,0.0000997366514639,0.0000411278488173,0.0000278091101791,0.0000221143127419,0.0000160682247952,0.0000173108728632,0.00000626222799838,0.00000194487711269,8.74640420534e-7,4.71792048984e-7,2.61270344026e-7,1.62796709446e-7,1.3194727444e-7,1.12629848559e-7,9.80647811843e-8,8.62398792378e-8,7.38816154922e-8,6.19534006319e-8,5.29015657946e-8,4.6004608123e-8,4.04481639293e-8,3.57461367173e-8],"dvar":[0.0000548554489797,0.0000745035285945,0.00000179338940143,9.40554087947e-8,2.37238992895e-8,5.25322718659e-9,7.44143457965e-9,3.12749222076e-8,1.42318530294e-8,1.81364008256e-8,3.45281350178e-8,2.4020340561e-7,2.56582097791e-7,8.84816486746e-8,1.1030657987e-7,7.61120517723e-8,3.48146471651e-8,9.95332349873e-9,6.41495256914e-9,1.05427944153e-9,3.82552600708e-10,3.34332672658e-10,1.32631072791e-10,1.82034387564e-10,2.72675874935e-11,5.61675228897e-12,9.72475680712e-13,2.46742838834e-13,7.32415701438e-14,3.07464116829e-14,2.11987850505e-14,1.55867801169e-14,1.16057295e-14,8.66434491021e-15,6.45339198272e-15,4.66617745148e-15,3.57207558143e-15,2.73881750748e-15,2.11944668765e-15,1.65644714962e-15],"dvar2":[0.000140092146466,0.000179841910722,0.00000425278858529,2.41554857894e-7,5.25419494579e-8,1.29471615651e-8,1.81364487872e-8,6.54807905676e-8,3.07232710384e-8,3.83070499765e-8,8.01351021096e-8,5.09144456373e-7,5.57753651265e-7,2.00687765073e-7,2.33941520378e-7,1.93398989268e-7,7.95977399548e-8,2.5382197677e-8,1.74899792427e-8,2.64515254145e-9,1.01628538918e-9,8.89087581335e-10,3.43700262695e-10,4.73735384254e-10,6.58525317609e-11,1.44515354544e-11,2.44626584614e-12,5.96945886819e-13,1.76152007477e-13,7.66117312818e-14,5.30949490916e-14,3.92291789873e-14,2.92018504917e-14,2.13651016638e-14,1.60585723863e-14,1.17005751672e-14,8.9432254259e-15,6.85858586315e-15,5.30733904091e-15,4.14764420996e-15],"max":[0.135092616081,0.159171000123,0.0344764664769,0.00534180738032,0.00618356093764,0.00142304098699,0.00198624073528,0.0050629065372,0.00338560156524,0.00344160664827,0.00520541006699,0.00941322185099,0.0164112988859,0.00761838909239,0.0136949913576,0.00525127677247,0.0085533503443,0.00255293073133,0.00207890081219,0.00103173195384,0.000544777314644,0.000655423209537,0.000238363121753,0.000259415130131,0.0000965622093645,0.000112122579594,0.0000273954756267,0.00000912524501473,0.00000580466848987,0.00000386473311664,0.00000296792859444,0.00000262855019173,0.00000230371210819,0.00000179574487902,0.0000015611337858,0.00000139452913572,0.00000126437942072,0.00000109622192213,9.63459456216e-7,8.51185006923e-7],"mean":[0.00535669084638,0.0061426688917,0.00156801834237,0.000377248012228,0.000174130807864,0.000084784682258,0.000104401631688,0.000175526714884,0.000127253588289,0.000125212332932,0.000192179548321,0.000507330754772,0.000576806545723,0.000360163889127,0.000349995301804,0.000320947408909,0.000201315371669,0.000146366714034,0.000111685614684,0.0000497402907058,0.0000343513565895,0.0000274606445601,0.0000212484210351,0.0000207280954783,0.00000798285418568,0.00000241471298068,0.00000104137109247,5.44393799373e-7,2.46913089086e-7,1.23279960462e-7,9.06930210931e-8,7.89588412431e-8,7.04322928868e-8,6.44968167762e-8,5.40379261338e-8,4.26189643576e-8,3.08042409358e-8,2.49972682553e-8,2.19507523269e-8,1.93922904401e-8],"median":[0.00227486831136,0.00278569781221,0.000861693115439,0.000252014957368,0.0000973979840637,0.0000563415051147,0.0000702748511685,0.0000849381394801,0.0000747871745261,0.0000744253047742,0.000112809226266,0.000289354793495,0.000385838298826,0.000230613542954,0.000213438237552,0.000217742970563,0.000141684955452,0.000111949375423,0.0000853021338116,0.0000395458337152,0.000027442278224,0.0000212226113945,0.0000180728911801,0.0000171011652128,0.00000611403220319,0.00000141459111092,4.96159088925e-7,2.86266583771e-7,1.31717925456e-7,6.38251336227e-8,4.35441904756e-8,3.86029626043e-8,3.56439144866e-8,3.21004662851e-8,2.60640558025e-8,2.06040837725e-8,1.09284705729e-8,7.54188889118e-9,6.5922622916e-9,5.82417225559e-9],"min":[4.42970616785e-12,7.64610423587e-12,2.29078214731e-12,2.10748389226e-12,2.59544881247e-12,4.86514517908e-12,4.6029052965e-12,1.0964352256e-12,6.1245713362e-13,6.5486743632e-13,4.00482950838e-13,5.9294420502e-13,1.50977017346e-12,1.42370327767e-12,3.19221049334e-13,4.48031314739e-13,2.54386290678e-12,1.53993766523e-12,3.23399483191e-13,1.41182974599e-12,1.17098919537e-12,6.98611632953e-13,9.61125601849e-13,4.59071582831e-13,4.76933813623e-13,3.53104210368e-13,1.72601191152e-13,7.52493838183e-14,1.17726683437e-13,1.94805434804e-13,1.71584277277e-13,7.74627757771e-14,6.29503773327e-14,1.5693189478e-13,1.40740487298e-13,1.09945913322e-13,5.68126647886e-14,7.50626503229e-14,3.90198331003e-14,2.57954295673e-14],"var":[0.0000698664443917,0.0000999022013275,0.00000575275907977,1.86351130083e-7,8.32218631786e-8,9.40554123474e-9,1.39501468155e-8,9.37948385626e-8,3.69071244677e-8,4.05672686554e-8,8.4390741506e-8,6.11479549661e-7,5.70141764911e-7,2.27079581805e-7,4.17103450445e-7,1.32616463588e-7,6.89646029173e-8,1.90761468843e-8,1.04956772162e-8,1.91374183167e-9,7.77959807685e-10,7.73631325668e-10,2.5199967113e-10,3.06447950349e-10,5.96462115809e-11,1.11646213108e-11,2.60631902345e-12,5.51124684084e-13,1.12745777341e-13,3.40728015464e-14,2.17386533579e-14,1.59926749171e-14,1.21044497938e-14,9.69614030722e-15,7.03061105495e-15,4.71788965994e-15,3.53188217401e-15,2.69073398816e-15,2.08111272932e-15,1.62629807065e-15]},"melbands_crest":{"dmean":3.40547251701,"dmean2":5.51895618439,"dvar":9.09470844269,"dvar2":23.0533161163,"max":34.1011810303,"mean":14.4095506668,"median":14.5465707779,"min":3.24983882904,"var":29.0007190704},"melbands_flatness_db":{"dmean":0.0349048525095,"dmean2":0.0557450279593,"dvar":0.000844656664412,"dvar2":0.00215652910993,"max":0.514067828655,"mean":0.283579289913,"median":0.279554903507,"min":0.0525457747281,"var":0.00269711087458},"melbands_kurtosis":{"dmean":5.08585500717,"dmean2":8.07595825195,"dvar":115.74874115,"dvar2":285.859069824,"max":329.481964111,"mean":5.98804283142,"median":1.11330795288,"min":-1.8870704174,"var":230.072280884},"melbands_skewness":{"dmean":0.810418903828,"dmean2":1.23265087605,"dvar":0.729328036308,"dvar2":1.6527068615,"max":14.6148386002,"mean":1.64335978031,"median":1.39528143406,"min":-4.72610139847,"var":3.33844137192},"melbands_spread":{"dmean":6.73940944672,"dmean2":10.6131219864,"dvar":38.7180709839,"dvar2":88.8841247559,"max":133.552200317,"mean":24.7504711151,"median":24.944437027,"min":0.777409732342,"var":129.635803223},"mfcc":{"cov":[[2257.82055664,-48.2255897522,-33.6402854919,-1.7303943634,-24.380405426,-17.2595100403,220.973358154,22.0733642578,48.4255142212,55.7977600098,36.1507492065,2.74608325958,31.4296703339],[-48.2255897522,696.349609375,-215.022750854,66.4965515137,46.3531684875,14.4911584854,-20.5203742981,89.3729171753,-46.9219436646,21.1048927307,11.9147787094,-10.6607160568,-1.84418356419],[-33.6402854919,-215.022750854,495.782440186,131.961929321,77.4501953125,59.0059967041,57.4403686523,-12.0145921707,77.1072769165,8.00573348999,2.11382365227,12.5374250412,-2.26413249969],[-1.7303943634,66.4965515137,131.961929321,361.310241699,99.6424407959,30.0176029205,100.351379395,57.9314575195,22.6514053345,80.7964553833,6.1683883667,-4.41684055328,52.955116272],[-24.380405426,46.3531684875,77.4501953125,99.6424407959,127.701011658,59.6440353394,32.4335403442,27.5999584198,22.1879005432,6.78232288361,7.74382400513,5.20159196854,0.858591377735],[-17.2595100403,14.4911584854,59.0059967041,30.0176029205,59.6440353394,96.6541213989,45.4164466858,18.1182250977,13.2656803131,3.71693348885,-0.438156545162,3.95888376236,3.33928751945],[220.973358154,-20.5203742981,57.4403686523,100.351379395,32.4335403442,45.4164466858,124.027282715,46.3898735046,20.797170639,31.5075340271,4.40408658981,1.34885120392,21.9012699127],[22.0733642578,89.3729171753,-12.0145921707,57.9314575195,27.5999584198,18.1182250977,46.3898735046,79.4843978882,21.668466568,15.3994817734,9.15313148499,0.12377294898,6.01982688904],[48.4255142212,-46.9219436646,77.1072769165,22.6514053345,22.1879005432,13.2656803131,20.797170639,21.668466568,59.1752281189,26.5847396851,6.9438586235,6.28512716293,2.91525268555],[55.7977600098,21.1048927307,8.00573348999,80.7964553833,6.78232288361,3.71693348885,31.5075340271,15.3994817734,26.5847396851,70.3734741211,24.1870384216,2.95615386963,21.6401824951],[36.1507492065,11.9147787094,2.11382365227,6.1683883667,7.74382400513,-0.438156545162,4.40408658981,9.15313148499,6.9438586235,24.1870384216,43.9868011475,20.7901916504,3.13360238075],[2.74608325958,-10.6607160568,12.5374250412,-4.41684055328,5.20159196854,3.95888376236,1.34885120392,0.12377294898,6.28512716293,2.95615386963,20.7901916504,38.2185020447,18.1507606506],[31.4296703339,-1.84418356419,-2.26413249969,52.955116272,0.858591377735,3.33928751945,21.9012699127,6.01982688904,2.91525268555,21.6401824951,3.13360238075,18.1507606506,50.2205429077]],"icov":[[0.000718712282833,-0.000309785333229,0.000276842940366,0.000309216877213,-0.0000597668258706,0.000980824930593,-0.00254880916327,0.00169637042563,-0.00165864313021,0.00113882415462,-0.00147068244405,0.00107855058741,-0.000623223313596],[-0.000309785333229,0.00281086587347,0.000242265217821,0.000106289910036,-0.00136502168607,-0.000924804597162,0.00340668903664,-0.00547908898443,0.00534752523527,-0.00421159993857,0.00271379109472,-0.00179319886956,0.00143501139246],[0.000276842940366,0.000242265217821,0.00482786959037,-0.00367277767509,0.00159307674039,-0.00200460059568,-0.00194972858299,0.00560596771538,-0.00947140250355,0.00757056055591,-0.00440278695896,0.000731675594579,0.00150832801592],[0.000309216877213,0.000106289910036,-0.00367277767509,0.0110620977357,-0.00878515094519,0.00595347303897,-0.00283936434425,-0.0062753809616,0.0116168260574,-0.0149673651904,0.00805946439505,0.000518045737408,-0.00518982019275],[-0.0000597668258706,-0.00136502168607,0.00159307674039,-0.00878515094519,0.0199066884816,-0.0109649337828,0.00165435951203,0.00434014573693,-0.0125534692779,0.0144751658663,-0.009925625287,0.00130801775958,0.00310756010003],[0.000980824930593,-0.000924804597162,-0.00200460059568,0.00595347303897,-0.0109649337828,0.0212709419429,-0.0100493459031,0.000604024680797,0.00341505603865,-0.00511797191575,0.00470916973427,-0.00122479884885,-0.00177663681097],[-0.00254880916327,0.00340668903664,-0.00194972858299,-0.00283936434425,0.00165435951203,-0.0100493459031,0.0263669546694,-0.017027663067,0.0110649047419,-0.0101548917592,0.00799212884158,-0.00427619973198,0.000588904018514],[0.00169637042563,-0.00547908898443,0.00560596771538,-0.0062753809616,0.00434014573693,0.000604024680797,-0.017027663067,0.0379267185926,-0.0299230106175,0.0243609882891,-0.0198565237224,0.0109185939655,-0.00309523334727],[-0.00165864313021,0.00534752523527,-0.00947140250355,0.0116168260574,-0.0125534692779,0.00341505603865,0.0110649047419,-0.0299230106175,0.0593764558434,-0.0440632365644,0.0293472707272,-0.018931152299,0.00785812083632],[0.00113882415462,-0.00421159993857,0.00757056055591,-0.0149673651904,0.0144751658663,-0.00511797191575,-0.0101548917592,0.0243609882891,-0.0440632365644,0.0649652630091,-0.0455205105245,0.0278606396168,-0.0158073864877],[-0.00147068244405,0.00271379109472,-0.00440278695896,0.00805946439505,-0.009925625287,0.00470916973427,0.00799212884158,-0.0198565237224,0.0293472707272,-0.0455205105245,0.0669632330537,-0.0436185970902,0.0205723233521],[0.00107855058741,-0.00179319886956,0.000731675594579,0.000518045737408,0.00130801775958,-0.00122479884885,-0.00427619973198,0.0109185939655,-0.018931152299,0.0278606396168,-0.0436185970902,0.0656101927161,-0.0325365029275],[-0.000623223313596,0.00143501139246,0.00150832801592,-0.00518982019275,0.00310756010003,-0.00177663681097,0.000588904018514,-0.00309523334727,0.00785812083632,-0.0158073864877,0.0205723233521,-0.0325365029275,0.0429055392742]],"mean":[-665.764526367,203.246520996,-61.4839477539,0.984421432018,28.5883731842,18.4378166199,12.3661432266,23.6817798615,-1.67913198471,2.42238545418,5.21700191498,0.858125269413,-0.0198434889317]},"pitch_salience":{"dmean":0.0854499861598,"dmean2":0.138018265367,"dvar":0.00588868651539,"dvar2":0.0147713636979,"max":0.856755614281,"mean":0.563917577267,"median":0.578222095966,"min":0.0849840715528,"var":0.0185340680182},"silence_rate_20dB":{"dmean":0.00248094974086,"dmean2":0.00496233953163,"dvar":0.00247451197356,"dvar2":0.00688635511324,"max":1,"mean":0.998493850231,"median":1,"min":0,"var":0.00150373089127},"silence_rate_30dB":{"dmean":0.0820485576987,"dmean2":0.164111658931,"dvar":0.075311884284,"dvar2":0.158817857504,"max":1,"mean":0.883405685425,"median":1,"min":0,"var":0.102989889681},"silence_rate_60dB":{"dmean":0.00230373907834,"dmean2":0.00460788654163,"dvar":0.00229870621115,"dvar2":0.0054740048945,"max":1,"mean":0.0107202976942,"median":0,"min":0,"var":0.0106051759794},"spectral_centroid":{"dmean":141.208404541,"dmean2":219.91027832,"dvar":23259.5566406,"dvar2":48156.7265625,"max":11216.7402344,"mean":1178.2208252,"median":1194.1340332,"min":177.413711548,"var":82626.65625},"spectral_complexity":{"dmean":3.23108267784,"dmean2":5.16136455536,"dvar":7.48939085007,"dvar2":17.0497951508,"max":43,"mean":27.4297866821,"median":29,"min":0,"var":45.2800445557},"spectral_contrast_coeffs":{"dmean":[0.052648127079,0.0455728471279,0.0426008291543,0.0300256032497,0.0335814878345,0.0313187018037],"dmean2":[0.0869238078594,0.0758155733347,0.0708621814847,0.0501171387732,0.0544732995331,0.0537468157709],"dvar":[0.00173344393261,0.00130611576606,0.00111499370541,0.000550223863684,0.000772195984609,0.0010421507759],"dvar2":[0.00477564707398,0.00364624336362,0.00300205755048,0.00149502244312,0.00199046568014,0.00279530021362],"max":[-0.283208012581,-0.505324482918,-0.427009701729,-0.479500234127,-0.554161071777,-0.617998361588],"mean":[-0.674704730511,-0.790451169014,-0.771806061268,-0.788315653801,-0.714136123657,-0.81479460001],"median":[-0.678692102432,-0.800062596798,-0.779391050339,-0.793507099152,-0.713196456432,-0.827462434769],"min":[-0.952856659889,-0.943637549877,-0.972987651825,-0.959097206593,-0.961700677872,-0.963778555393],"var":[0.00481196446344,0.00375674734823,0.00361264753155,0.00185672426596,0.00221440196037,0.00132839207072]},"spectral_contrast_valleys":{"dmean":[0.401537895203,0.34981456399,0.287653893232,0.22647562623,0.306521356106,0.832310795784],"dmean2":[0.65774667263,0.575404107571,0.467340201139,0.364584624767,0.474434703588,1.36501419544],"dvar":[0.127767309546,0.100689969957,0.0739408135414,0.0559574179351,0.0942486226559,0.487238287926],"dvar2":[0.292327612638,0.22887057066,0.151108130813,0.100685119629,0.192703992128,1.29872059822],"max":[-4.82479906082,-5.00870466232,-4.98140621185,-5.17002487183,-6.32770681381,-8.76379489899],"mean":[-6.78278446198,-6.62702322006,-6.21809959412,-6.38259077072,-8.09453868866,-11.4177265167],"median":[-6.63127088547,-6.55625009537,-6.12106466293,-6.29640817642,-8.04897499084,-11.3517913818],"min":[-27.0968055725,-27.780166626,-26.9999160767,-27.26720047,-27.2121944427,-27.1772251129],"var":[0.650514185429,0.362008392811,0.401163309813,0.330163985491,0.420432567596,0.973554193974]},"spectral_decrease":{"dmean":5.61045876424e-9,"dmean2":8.67440519414e-9,"dvar":9.88238832041e-17,"dvar2":2.36032798184e-16,"max":-5.99015347551e-17,"mean":-1.4028035622e-8,"median":-1.06627391361e-8,"min":-1.71211013367e-7,"var":1.62698273797e-16},"spectral_energy":{"dmean":0.0216506458819,"dmean2":0.0334605202079,"dvar":0.00143000483513,"dvar2":0.0034115544986,"max":0.652928054333,"mean":0.0562007129192,"median":0.0437934137881,"min":3.22729787339e-10,"var":0.00240418408066},"spectral_energyband_high":{"dmean":0.0000374303454009,"dmean2":0.0000601819847361,"dvar":2.32163976932e-9,"dvar2":5.55708101757e-9,"max":0.000951215915848,"mean":0.0000925052590901,"median":0.0000768741811044,"min":4.91327395435e-11,"var":4.91021623361e-9},"spectral_energyband_low":{"dmean":0.0191091056913,"dmean2":0.0299252253026,"dvar":0.00142696686089,"dvar2":0.00345043372363,"max":0.617673277855,"mean":0.0318483859301,"median":0.0173030085862,"min":3.5071348603e-11,"var":0.00207163672894},"spectral_energyband_middle_high":{"dmean":0.00489134900272,"dmean2":0.00758534157649,"dvar":0.0000326189365296,"dvar2":0.0000730415631551,"max":0.129923447967,"mean":0.017979549244,"median":0.0151498802006,"min":1.4374212931e-10,"var":0.000173672378878},"spectral_energyband_middle_low":{"dmean":0.00280643906444,"dmean2":0.00440785847604,"dvar":0.0000137962342706,"dvar2":0.0000321065672324,"max":0.110906951129,"mean":0.00757632125169,"median":0.00595765234903,"min":8.28664428743e-11,"var":0.0000540909204574},"spectral_entropy":{"dmean":0.131235435605,"dmean2":0.208363234997,"dvar":0.0133775798604,"dvar2":0.0331095568836,"max":9.81680583954,"mean":7.24424886703,"median":7.25486516953,"min":5.60276842117,"var":0.0471335090697},"spectral_flux":{"dmean":0.0326965786517,"dmean2":0.0531930550933,"dvar":0.00173046952114,"dvar2":0.00435046525672,"max":0.64998203516,"mean":0.124060742557,"median":0.113723136485,"min":0.0000427702107118,"var":0.00354918348603},"spectral_kurtosis":{"dmean":8.03333187103,"dmean2":12.9192771912,"dvar":48.5266647339,"dvar2":125.72820282,"max":80.2791366577,"mean":30.1676158905,"median":28.6993846893,"min":-1.21738708019,"var":129.717269897},"spectral_rms":{"dmean":0.00123921455815,"dmean2":0.00187049072701,"dvar":0.00000241495104092,"dvar2":0.00000542631505596,"max":0.0252389181405,"mean":0.0068644057028,"median":0.00653645768762,"min":5.61122362797e-7,"var":0.00000770981569076},"spectral_rolloff":{"dmean":262.004882812,"dmean2":427.648040771,"dvar":110582.507812,"dvar2":242720.125,"max":13953.515625,"mean":1230.98754883,"median":1356.59179688,"min":43.06640625,"var":276957.96875},"spectral_skewness":{"dmean":0.379614323378,"dmean2":0.608057022095,"dvar":0.0983166620135,"dvar2":0.253053963184,"max":6.09730911255,"mean":3.37661480904,"median":3.3308327198,"min":-0.0296407174319,"var":0.415170997381},"spectral_spread":{"dmean":405677.21875,"dmean2":655084.6875,"dvar":255555616768,"dvar2":471388061696,"max":41168620,"mean":2001012.125,"median":1865015.375,"min":1014508.6875,"var":472529928192},"spectral_strongpeak":{"dmean":0.652419388294,"dmean2":1.0994592905,"dvar":1.18705737591,"dvar2":2.87614488602,"max":17.1177501678,"mean":1.0692486763,"median":0.485838234425,"min":0,"var":2.53564763069},"zerocrossingrate":{"dmean":0.010701822117,"dmean2":0.0138757545501,"dvar":0.0000848636773298,"dvar2":0.000135758586111,"max":0.1748046875,"mean":0.0543222501874,"median":0.052734375,"min":0.00634765625,"var":0.00047972772154}},"metadata":{"audio_properties":{"analysis_sample_rate":44100,"bit_rate":128000,"codec":"mp3","downmix":"mix","equal_loudness":0,"length":262.060394287,"lossless":false,"md5_encoded":"2ba971e4bbfacd6892f3999bcbbc846a","replay_gain":-4.45742607117,"sample_rate":44100},"tags":{"album":["Crash Landing"],"album artist credit":["Jimi Hendrix"],"albumartist":["Jimi Hendrix"],"albumartistsort":["Hendrix, Jimi"],"artist":["Jimi Hendrix"],"artist credit":["Jimi Hendrix"],"artistsort":["Hendrix, Jimi"],"bpm":["0"],"date":["1975-03"],"discnumber":["1/1"],"file_name":"05 - Jimi Hendrix - Peace in Mississippi.mp3","genre":["Rock - Classic Rock"],"label":["Warner Bros. Records"],"language":["eng"],"media":["Vinyl"],"musicbrainz album release country":["US"],"musicbrainz album status":["Official"],"musicbrainz album type":["album"],"musicbrainz_albumartistid":["06fb1c8b-566e-4cb2-985b-b467c90781d4"],"musicbrainz_albumid":["b42499f8-585d-3f36-9235-0a007ef2582e"],"musicbrainz_artistid":["06fb1c8b-566e-4cb2-985b-b467c90781d4"],"musicbrainz_recordingid":["b8a3f15c-f85d-4d84-acb0-55b13445ff92"],"musicbrainz_releasegroupid":["ee86146e-ab9b-33b0-9bf7-65bc75e244fb"],"originaldate":["1975-03"],"replaygain_album_gain":["0.00 dB"],"replaygain_album_peak":["0.000000"],"replaygain_track_gain":["0.00 dB"],"replaygain_track_peak":["0.000000"],"script":["Latn"],"title":["Peace in Mississippi"],"tracknumber":["5/8"]},"version":{"essentia":"2.1-beta1","essentia_build_sha":"ca57ba49d9b1854bd80e60cf9ccf267278fb7d6b","essentia_git_sha":"v2.1_beta1-28-g21ef5f4-dirty","extractor":"music 1.0"}},"rhythm":{"beats_count":662,"beats_loudness":{"dmean":0.0496506839991,"dmean2":0.0926051288843,"dvar":0.00333764916286,"dvar2":0.0100891590118,"max":0.548738777637,"mean":0.0800737068057,"median":0.0674067437649,"min":0.000151660613483,"var":0.00361304474063},"beats_loudness_band_ratio":{"dmean":[0.163890346885,0.0287284534425,0.0352735109627,0.126155376434,0.0482007563114,0.00581504683942],"dmean2":[0.280946075916,0.0492451637983,0.0608676224947,0.215678617358,0.0843263193965,0.010056393221],"dvar":[0.0244828071445,0.00122691702563,0