{"lowlevel":{"average_loudness":0.770596325397,"barkbands":{"dmean":[0.0000867588678375,0.00217161723413,0.00156718143262,0.000520597153809,0.000383685488487,0.00044920828077,0.000759687507525,0.000574135396164,0.000691755209118,0.000640485261101,0.000394196453271,0.000480887450976,0.000336062134011,0.000623802654445,0.00049834814854,0.000375910371076,0.000282756402157,0.000170634884853,0.00016465059889,0.0000719540621503,0.0000467018544441,0.0000447829006589,0.0000286677077384,0.0000220276506298,0.0000154627650772,0.00000695805829309,0.00000645145064482],"dmean2":[0.000144566947711,0.00364028499462,0.00264628999867,0.00081073975889,0.000605131674092,0.000679209886584,0.00117971212603,0.000886015186552,0.00103205256164,0.00098715769127,0.000612845004071,0.000755805172957,0.000531467900146,0.000998687348329,0.000803439645097,0.000612512521911,0.000459963222966,0.000273833371466,0.000258230778854,0.000112656067358,0.0000712473702151,0.0000647013148409,0.0000412574227084,0.0000304359818983,0.0000213371531572,0.00000982336132438,0.00000950596859184],"dvar":[6.75540547945e-8,0.0000293985103781,0.0000190369555639,0.00000117759805107,3.36539528689e-7,8.439501471e-7,0.00000316635305353,0.0000018510895643,0.00000203627678275,0.00000255845816355,0.00000164603113717,7.80035804837e-7,6.16285774413e-7,0.00000224328641707,0.0000012459690879,3.44744051972e-7,4.69309355822e-7,1.42953041404e-7,1.42831737548e-7,2.73686300289e-8,3.08724317222e-8,7.96230281708e-8,6.05163634759e-8,3.10131191839e-8,7.95955124033e-9,5.71377112291e-10,2.60388377527e-10],"dvar2":[1.72384133634e-7,0.0000849930947879,0.0000523411217728,0.00000296420330415,9.39058622862e-7,0.00000203714148483,0.0000082454571384,0.00000417332921643,0.00000502674174641,0.00000616445822743,0.00000473648015031,0.0000019033531089,0.00000162909316259,0.00000582191159992,0.0000032778905279,9.25413019104e-7,0.00000128634223984,3.54129724656e-7,3.5661827269e-7,6.65770301111e-8,7.18378387887e-8,1.6052527485e-7,1.15227344111e-7,5.81382870735e-8,1.4221372524e-8,1.0765256464e-9,6.12694839308e-10],"max":[0.00626287376508,0.0832963883877,0.0925504565239,0.020153939724,0.0137851703912,0.02315431647,0.0354556143284,0.0291195977479,0.0356156155467,0.0499479696155,0.0383467078209,0.0253853332251,0.0310577936471,0.0409670695662,0.0403263233602,0.0137805938721,0.0369459576905,0.0128785176203,0.0178776346147,0.0074580037035,0.00675151962787,0.0111341932788,0.0125513002276,0.00914513505995,0.00488792033866,0.00135989498813,0.000172343701706],"mean":[0.000348795903847,0.00692412303761,0.00430822186172,0.00102271803189,0.000954165006988,0.00104325299617,0.00156551180407,0.00112326035742,0.00146485527512,0.00125607044902,0.000710741151124,0.000999485491775,0.000687736959662,0.00122400419787,0.00110722228419,0.000794798543211,0.000614075339399,0.000391810084693,0.000404912512749,0.000176945221028,0.000108770400402,0.0000836929175421,0.0000462129064545,0.0000413153284171,0.0000261398272414,0.0000115349484986,0.00000929054840526],"median":[0.000156604583026,0.00665907328948,0.00297317421064,0.000468800222734,0.00065709539922,0.000670772104058,0.000727046339307,0.000400767545216,0.00059057562612,0.00047852951684,0.000270731252385,0.000524039613083,0.000349955284037,0.000519559136592,0.000694667221978,0.000492274877615,0.000332989613526,0.000188667734619,0.000237289379584,0.0000811919380794,0.0000368867404177,0.00000679850518281,0.00000212477198147,0.00000215864974962,0.00000116570754471,3.35165935894e-7,4.966756606e-8],"min":[1.0869366066e-15,3.93384547078e-15,4.51181077904e-15,4.73837134013e-15,5.87288091693e-15,2.82558862138e-16,6.55577401972e-16,1.29827746793e-15,2.07485463814e-15,2.88088875553e-16,4.82672672328e-16,1.37454240867e-15,2.68823164107e-16,3.43268889842e-16,1.55650827327e-16,5.82418001647e-16,5.72050212494e-16,3.63311595198e-16,7.86557441798e-16,4.08535690103e-16,9.60908586079e-16,6.94569822545e-16,5.42523914502e-16,1.49341585952e-15,9.96338809592e-16,2.91768503143e-15,5.09923829236e-15],"var":[2.78356935723e-7,0.0000494609412272,0.0000282244654954,0.00000211978431253,9.46601574014e-7,0.00000194354583982,0.0000071800832302,0.00000464364347863,0.00000585042607781,0.00000631122793493,0.00000339342000188,0.00000293335301649,0.00000155190571149,0.00000551736684429,0.00000263350875684,8.09522703094e-7,7.34152536097e-7,3.30275582883e-7,2.80512892914e-7,6.82256455775e-8,5.72178500136e-8,1.62553348559e-7,1.15225134323e-7,6.41868567186e-8,1.74707643907e-8,1.27536681216e-9,4.0030351256e-10]},"barkbands_crest":{"dmean":1.46503973007,"dmean2":2.31943368912,"dvar":2.1363594532,"dvar2":5.56850767136,"max":23.5266284943,"mean":8.8666009903,"median":8.12902545929,"min":2.20112848282,"var":13.8468561172},"barkbands_flatness_db":{"dmean":0.0153100732714,"dmean2":0.0203871764243,"dvar":0.000342000246746,"dvar2":0.000564738817047,"max":0.520179390907,"mean":0.157709985971,"median":0.149447306991,"min":0.0340516977012,"var":0.00463499641046},"barkbands_kurtosis":{"dmean":1.3232486248,"dmean2":2.01309323311,"dvar":30.9604034424,"dvar2":57.6484565735,"max":300.011993408,"mean":2.12904024124,"median":-0.342096805573,"min":-1.89752316475,"var":185.485961914},"barkbands_skewness":{"dmean":0.300644367933,"dmean2":0.462684601545,"dvar":0.125961840153,"dvar2":0.279853016138,"max":14.9697551727,"mean":0.992441952229,"median":0.767415046692,"min":-2.34319376945,"var":1.43869698048},"barkbands_spread":{"dmean":3.09634542465,"dmean2":4.7268614769,"dvar":14.1557149887,"dvar2":29.7666759491,"max":121.308860779,"mean":23.5683383942,"median":22.9224700928,"min":0.353477865458,"var":142.252868652},"dissonance":{"dmean":0.0134599180892,"dmean2":0.0222596582025,"dvar":0.000191892249859,"dvar2":0.000505269737914,"max":0.500000059605,"mean":0.47075560689,"median":0.476159483194,"min":0.186552897096,"var":0.000518404762261},"dynamic_complexity":3.50964283943,"erbbands":{"dmean":[0.0454795584083,0.572007894516,1.83884191513,1.58358728886,1.43094658852,1.32265043259,2.14454174042,3.97634673119,7.77406692505,14.6977672577,11.1761445999,16.0434131622,21.9992694855,13.1724777222,15.0520763397,19.3754444122,16.4920482635,21.8909549713,28.8025741577,27.128610611,21.0466823578,13.8915376663,10.3136138916,7.3828420639,7.01064538956,3.57109689713,1.76606440544,2.11055421829,1.64348351955,1.25234782696,0.692928850651,0.525791943073,0.315546602011,0.179289326072,0.11112190038,0.037838883698,0.0111109940335,0.00444844039157,0.000978144467808,0.0000839510685182],"dmean2":[0.0741551220417,0.968748271465,3.14963412285,2.52388381958,2.3236374855,2.03431868553,3.21170043945,6.09474372864,11.9165916443,22.8671226501,16.9778995514,23.6379566193,33.6474685669,20.6436710358,22.975812912,30.8791007996,26.3832740784,34.8610115051,46.3296852112,44.1076316833,33.8851966858,22.384469986,16.6140327454,11.7525939941,11.0133256912,5.56798839569,2.69960379601,3.15404462814,2.35363769531,1.83842122555,0.995641767979,0.739738404751,0.433538556099,0.246191993356,0.157179042697,0.0537625104189,0.0157251879573,0.00659107370302,0.00145866652019,0.000124357407913],"dvar":[0.0123887071386,2.13145494461,27.3328170776,12.2357940674,7.01255702972,3.48889803886,15.1985368729,78.6084213257,259.193908691,1580.1809082,627.442199707,1035.91308594,4089.56445312,1251.9708252,1086.89367676,1688.45227051,1546.57739258,2892.89257812,3463.42407227,4650.23339844,903.718139648,1189.71972656,591.672668457,195.507522583,461.806182861,62.6110038757,21.0323619843,88.3982696533,107.85332489,115.778656006,32.3700256348,19.9696102142,4.84706258774,1.34022641182,0.356566756964,0.0258288308978,0.00135306315497,0.00012119305029,0.00000593005188421,4.23503188074e-8],"dvar2":[0.0351520590484,6.18052721024,75.4018554688,33.5826416016,18.9094619751,9.04053974152,37.0257987976,190.452682495,668.832275391,3996.62548828,1396.45336914,2392.12255859,9935.65332031,3576.68505859,2856.39599609,4185.54394531,4175.87207031,7230.88037109,9409.87402344,12061.9423828,2354.09057617,3252.14428711,1499.55822754,452.570343018,1211.7175293,150.33152771,50.096824646,193.094314575,224.233566284,230.337753296,62.4973297119,39.4899101257,8.6882686615,2.4087767601,0.678609371185,0.0476433224976,0.00274996133521,0.000279354891973,0.0000139696003316,1.0080216839e-7],"max":[1.7518337965,21.3615169525,105.945259094,93.2697219849,65.5190734863,36.636177063,108.374954224,226.966339111,351.188781738,947.046386719,566.641052246,848.885498047,2054.86181641,1372.93701172,1086.05505371,1251.87329102,1680.99768066,1549.55786133,1536.97851562,2548.24316406,501.117431641,1924.57336426,851.836242676,630.753601074,1260.01208496,319.667053223,157.498794556,467.052368164,447.284881592,501.085357666,305.97076416,250.909927368,90.3237304688,59.5903892517,33.4991188049,10.0741920471,2.13219261169,0.18924985826,0.0267748199403,0.00232271524146],"mean":[0.217309072614,1.50958669186,4.83606910706,4.0338435173,3.06753087044,3.32364535332,5.215072155,9.13997840881,15.4989051819,30.5797157288,25.2372264862,34.6696090698,43.507610321,28.1321029663,31.6733932495,43.092338562,36.7232551575,47.8058166504,62.0262374878,58.7558631897,46.8280105591,32.9883117676,24.9422111511,19.0341777802,17.0993766785,9.05922317505,4.61119365692,4.65714597702,3.12394571304,2.01011347771,1.15538334846,0.964388370514,0.589416205883,0.3062325418,0.179530307651,0.063245691359,0.0178022813052,0.00662167044356,0.00139265414327,0.00014534118236],"median":[0.239643901587,1.31017756462,3.48173332214,2.79833292961,1.9059484005,2.22921347618,3.43490934372,5.87531423569,8.88794231415,10.2400503159,10.3064575195,14.9072618484,14.7425718307,13.8594226837,18.0909976959,22.7303371429,20.7567920685,19.4514465332,36.7636528015,34.9491348267,30.1216487885,19.5454654694,12.0679626465,12.490278244,8.77984237671,4.07295322418,2.03423261642,1.18128073215,0.309121280909,0.0939477235079,0.0610393099487,0.0509950369596,0.0315580368042,0.0154056111351,0.00656890496612,0.00226063327864,0.000445079844212,0.0000737792870495,0.0000212351260416,0.000034060991311],"min":[1.07474942032e-13,9.46639142942e-13,4.4074622424e-12,1.18415260236e-11,1.9734752027e-11,1.90243341913e-11,8.06831251116e-12,1.63954667984e-12,6.98145794648e-12,1.54253814583e-11,3.65514458978e-11,4.84761571162e-11,1.89952307356e-11,1.09584919264e-11,3.15804708773e-11,5.27490377766e-11,1.58358014202e-11,1.54793348278e-11,1.27726206348e-11,9.71800331179e-12,4.16492847155e-11,3.14419844327e-11,2.38656542445e-11,2.87342979272e-11,3.95275097376e-11,1.70073018169e-11,2.27368523315e-11,4.18732583329e-11,2.18210172154e-11,2.04383246438e-11,1.80236485459e-11,1.1489518538e-11,3.70771364999e-11,1.4449618585e-11,6.93296331802e-12,5.2307073603e-12,3.96551021187e-12,4.71274711963e-12,4.63443302831e-13,7.48923357141e-14],"var":[0.035423014313,2.85024285316,35.411239624,21.1519050598,12.4665908813,12.3549842834,37.1163063049,166.091415405,522.450317383,3913.93554688,1891.12329102,2980.25830078,10040.7587891,2860.62353516,2526.45239258,6528.68457031,3692.3840332,9588.05273438,7953.15869141,8676.50976562,2485.08959961,1839.60412598,1272.47485352,483.668579102,707.501953125,186.440750122,51.0370368958,166.075698853,207.287506104,217.441726685,60.6374473572,37.4862480164,11.2463445663,2.98012590408,0.697745919228,0.0583996102214,0.00257268827409,0.000206144773983,0.00000891640229383,6.59257182178e-8]},"erbbands_crest":{"dmean":2.06787133217,"dmean2":3.32187604904,"dvar":4.06134700775,"dvar2":10.1004219055,"max":28.4892501831,"mean":8.72549629211,"median":7.44244098663,"min":2.2959280014,"var":17.4615192413},"erbbands_flatness_db":{"dmean":0.0155092086643,"dmean2":0.02084489353,"dvar":0.000366020540241,"dvar2":0.000588386552408,"max":0.398095935583,"mean":0.203490182757,"median":0.195631682873,"min":0.0257463064045,"var":0.00395890278742},"erbbands_kurtosis":{"dmean":0.63771790266,"dmean2":0.993579268456,"dvar":0.878372192383,"dvar2":1.94862663746,"max":31.9497566223,"mean":0.481716096401,"median":0.00420928001404,"min":-1.58112823963,"var":3.26177501678},"erbbands_skewness":{"dmean":0.25457277894,"dmean2":0.391130149364,"dvar":0.0523715764284,"dvar2":0.122038379312,"max":4.68298721313,"mean":-0.225711777806,"median":-0.294706702232,"min":-2.80006837845,"var":0.445352733135},"erbbands_spread":{"dmean":3.63408088684,"dmean2":5.62713289261,"dvar":13.758482933,"dvar2":32.0372657776,"max":142.454910278,"mean":25.9364128113,"median":25.0090370178,"min":2.63358712196,"var":103.403968811},"gfcc":{"cov":[[14765.9511719,-2254.66186523,-322.733551025,421.756347656,-580.557189941,1292.40844727,-494.702423096,681.305358887,113.732398987,377.167510986,-22.3722934723,347.818450928,-61.5953216553],[-2254.66186523,2663.60668945,-1003.45098877,-261.457397461,557.129821777,-798.793579102,502.259857178,-281.379241943,71.7605667114,-108.558570862,147.397033691,-206.868789673,138.321258545],[-322.733551025,-1003.45098877,1635.11608887,100.431388855,74.7009887695,540.349060059,-110.18434906,372.902587891,91.5896987915,140.85874939,-16.8302974701,134.420898438,-60.4910202026],[421.756347656,-261.457397461,100.431388855,297.633880615,-83.1145782471,201.265029907,-30.3638553619,23.1879367828,38.1948242188,13.2107667923,19.6768245697,32.844833374,16.630317688],[-580.557189941,557.129821777,74.7009887695,-83.1145782471,429.694458008,-119.67111969,213.349838257,36.9489746094,30.7778205872,45.5046844482,55.0545845032,12.4768638611,47.6306419373],[1292.40844727,-798.793579102,540.349060059,201.265029907,-119.67111969,548.12121582,-128.492980957,198.89654541,32.7234573364,58.8481674194,11.0267763138,78.7589111328,-18.3453044891],[-494.702423096,502.259857178,-110.18434906,-30.3638553619,213.349838257,-128.492980957,309.407867432,-24.5072441101,53.3707275391,26.133398056,32.2328109741,1.77967762947,40.0262527466],[681.305358887,-281.379241943,372.902587891,23.1879367828,36.9489746094,198.89654541,-24.5072441101,225.473678589,56.3229446411,65.6055374146,6.95359420776,38.925819397,-11.5883932114],[113.732398987,71.7605667114,91.5896987915,38.1948242188,30.7778205872,32.7234573364,53.3707275391,56.3229446411,109.429664612,36.4211959839,12.0594711304,3.66300082207,6.34010267258],[377.167510986,-108.558570862,140.85874939,13.2107667923,45.5046844482,58.8481674194,26.133398056,65.6055374146,36.4211959839,103.916007996,18.4352455139,33.1505889893,-0.241079702973],[-22.3722934723,147.397033691,-16.8302974701,19.6768245697,55.0545845032,11.0267763138,32.2328109741,6.95359420776,12.0594711304,18.4352455139,82.4766845703,12.3252706528,16.8943843842],[347.818450928,-206.868789673,134.420898438,32.844833374,12.4768638611,78.7589111328,1.77967762947,38.925819397,3.66300082207,33.1505889893,12.3252706528,91.7021636963,15.7270956039],[-61.5953216553,138.321258545,-60.4910202026,16.630317688,47.6306419373,-18.3453044891,40.0262527466,-11.5883932114,6.34010267258,-0.241079702973,16.8943843842,15.7270956039,62.0930366516]],"icov":[[0.000184910692042,-0.0000791636120994,0.000449786370154,0.0000363499202649,0.0000392607980757,-0.000552467652597,0.000251245655818,-0.000574441917706,-0.0000520827525179,-0.00059116788907,0.000443585740868,-0.00075653125532,0.000399663258577],[-0.0000791636120994,0.00210763560608,0.0000987675157376,0.000338163285051,-0.00138540531043,0.00165386963636,-0.00107683578972,0.000547984964214,-0.00164179026615,0.00188322784379,-0.00300325755961,0.00353207066655,-0.00232270127162],[0.000449786370154,0.0000987675157376,0.00248081353493,0.000249782780884,-0.000848514027894,-0.00202937982976,0.0009126116056,-0.00224449927919,-0.000865535344929,-0.00140309566632,0.00146971317008,-0.00239917892031,0.00191091839224],[0.0000363499202649,0.000338163285051,0.000249782780884,0.00565698603168,0.00045265731751,-0.00248279422522,-0.000252017518505,0.00187591230497,-0.00254078116268,0.00035922951065,-0.00122837035451,-0.0000153600285557,-0.00195829290897],[0.0000392607980757,-0.00138540531043,-0.000848514027894,0.00045265731751,0.00590581307188,0.00023127743043,-0.00214574555866,-0.00170556013472,0.00237430725247,-0.00185867084656,-0.000270383083262,-0.00164788088296,-0.000978475436568],[-0.000552467652597,0.00165386963636,-0.00202937982976,-0.00248279422522,0.00023127743043,0.00789882894605,-0.00104543415364,-0.00129044556525,0.000372765527572,0.00282491487451,-0.00426926184446,0.00344249606133,-0.00269240280613],[0.000251245655818,-0.00107683578972,0.0009126116056,-0.000252017518505,-0.00214574555866,-0.00104543415364,0.00698929093778,0.000178536647581,-0.00229207542725,-0.00212591746822,0.0021695450414,-0.00324159651063,0.000926130975131],[-0.000574441917706,0.000547984964214,-0.00224449927919,0.00187591230497,-0.00170556013472,-0.00129044556525,0.000178536647581,0.0123381009325,-0.00392393069342,-0.000156378519023,-0.00137865764555,0.00275205937214,-0.00128684262745],[-0.0000520827525179,-0.00164179026615,-0.000865535344929,-0.00254078116268,0.00237430725247,0.000372765527572,-0.00229207542725,-0.00392393069342,0.0153624098748,-0.00395988347009,0.00144988845568,0.000289631512715,0.000425156147685],[-0.00059116788907,0.00188322784379,-0.00140309566632,0.00035922951065,-0.00185867084656,0.00282491487451,-0.00212591746822,-0.000156378519023,-0.00395988347009,0.0174449328333,-0.00547981727868,0.00110594078433,-0.000960202305578],[0.000443585740868,-0.00300325755961,0.00146971317008,-0.00122837035451,-0.000270383083262,-0.00426926184446,0.0021695450414,-0.00137865764555,0.00144988845568,-0.00547981727868,0.019800202921,-0.00707807997242,0.00241740676574],[-0.00075653125532,0.00353207066655,-0.00239917892031,-0.0000153600285557,-0.00164788088296,0.00344249606133,-0.00324159651063,0.00275205937214,0.000289631512715,0.00110594078433,-0.00707807997242,0.0237114690244,-0.0101726511493],[0.000399663258577,-0.00232270127162,0.00191091839224,-0.00195829290897,-0.000978475436568,-0.00269240280613,0.000926130975131,-0.00128684262745,0.000425156147685,-0.000960202305578,0.00241740676574,-0.0101726511493,0.0250512138009]],"mean":[-32.5191841125,139.201385498,-147.463729858,19.5631752014,-20.9943065643,-6.18956708908,-18.2863349915,6.07986736298,-14.8376932144,2.84547138214,-11.2250871658,-8.53674983978,-6.09196233749]},"hfc":{"dmean":4.49863481522,"dmean2":6.58035898209,"dvar":65.340423584,"dvar2":138.476287842,"max":171.464019775,"mean":20.6504497528,"median":14.5036277771,"min":2.12092662877e-10,"var":347.50668335},"melbands":{"dmean":[0.000497802335303,0.00087265385082,0.000262950576143,0.0000962207341217,0.0000674106049701,0.0000909644295461,0.00012700559455,0.000153569490067,0.0000934854979278,0.0000987006496871,0.000111351968371,0.0000550417425984,0.0000573677862121,0.0000553951867914,0.0000433574714407,0.0000317505837302,0.0000463434771518,0.0000550337099412,0.0000340733677149,0.0000283627159661,0.0000273723635473,0.0000157066606334,0.0000158130242198,0.00000638949904896,0.00000666914365866,0.00000636278082311,0.00000389586966776,0.00000227401005759,0.00000122284109239,0.00000131985495955,0.00000128023668822,0.00000107422658857,7.53081565108e-7,7.25922518541e-7,4.39465338786e-7,3.13288865073e-7,3.43421135085e-7,2.45608106297e-7,1.70302882907e-7,1.53330717012e-7],"dmean2":[0.00081957312068,0.00149965134915,0.000418546813307,0.000151641928824,0.000100993369415,0.000138895935379,0.000195450644242,0.000239039218286,0.00014025667042,0.000146795529872,0.000170497383806,0.000086401210865,0.0000881635132828,0.0000864903122419,0.0000698525836924,0.0000506267024321,0.0000733870256227,0.000088222019258,0.0000546496266907,0.0000466563215014,0.0000442934942839,0.0000255877821473,0.0000259244243352,0.0000102322828752,0.0000107309433588,0.0000100561310319,0.00000620322134637,0.00000358218949259,0.00000192747438632,0.00000204996717912,0.00000189122340544,0.0000015801989548,0.00000111034887595,0.00000107872460831,6.37877860754e-7,4.49037088401e-7,4.88878470151e-7,3.52642160806e-7,2.37194214492e-7,2.17421131765e-7],"dvar":[0.00000144208161146,0.00000594051107328,3.19225222256e-7,2.21554632418e-8,1.32451472012e-8,3.94417973837e-8,7.01432085748e-8,1.55914804623e-7,3.62958658684e-8,4.03815079153e-8,9.97275435566e-8,1.9694132547e-8,2.53389842442e-8,1.02191233253e-8,7.55091011939e-9,4.68508565277e-9,1.26622161645e-8,1.56536081874e-8,6.81036160799e-9,3.38420913515e-9,1.51515744395e-9,1.15862242023e-9,1.87408533137e-9,1.71963263074e-10,1.51129886383e-10,3.05668518275e-10,1.2290021778e-10,2.16334502395e-11,7.689906871e-12,2.17120991325e-11,3.84205930959e-11,4.31755430019e-11,3.20283105593e-11,4.37521199825e-11,1.36042991108e-11,5.29073746619e-12,9.4178857421e-12,2.84915038611e-12,1.5601014404e-12,9.17333808741e-13],"dvar2":[0.00000417812270825,0.0000166330319189,8.64793207711e-7,6.11828454566e-8,3.21192601405e-8,9.58888080049e-8,1.83687106414e-7,3.89137312595e-7,8.31233464282e-8,9.72575762148e-8,2.42181471322e-7,5.49632197533e-8,6.91385864116e-8,2.47253115759e-8,1.96569001076e-8,1.23902053062e-8,3.13492520831e-8,4.21939390094e-8,1.74956653609e-8,8.89568507745e-9,3.94715593544e-9,3.1452376259e-9,5.08063324745e-9,4.10073808244e-10,3.56224549858e-10,7.89378062915e-10,3.25935334278e-10,5.08723653481e-11,1.87700757714e-11,5.49142953332e-11,8.07779607093e-11,9.32236024487e-11,6.59486076859e-11,8.67933017124e-11,2.61368357513e-11,1.09907421705e-11,1.84759204463e-11,5.3804248383e-12,2.78004008702e-12,1.74321538107e-12],"max":[0.0195297896862,0.046099498868,0.0141847329214,0.0036903261207,0.00317987473682,0.00446574715897,0.00455259764567,0.00909908674657,0.00421400461346,0.00567451771349,0.0101752532646,0.00505695771426,0.00538551993668,0.00278032431379,0.00257651065476,0.00241807755083,0.00350687978789,0.00349993235432,0.00324977259152,0.00161765364464,0.000667724874802,0.00165127101354,0.00225238595158,0.000383193895686,0.000562160625122,0.00093259109417,0.000664646038786,0.000127963590785,0.0000985925580608,0.000179915412446,0.000352043658495,0.000278373539913,0.000235236089793,0.000302850763546,0.000206525379326,0.0000937367149163,0.000180158065632,0.0000715387359378,0.0000535220860911,0.0000544295762666],"mean":[0.00190118257888,0.00237082177773,0.000708731415216,0.000234772713156,0.000177134061232,0.000208250872674,0.000257706415141,0.000321819010423,0.000210704747587,0.000210066733416,0.000214810643229,0.000113675581815,0.000109165339381,0.000110990913527,0.0000961566183832,0.0000676028648741,0.0000944216517382,0.000108002663183,0.0000768093086663,0.0000599388222327,0.0000552873461857,0.0000328603709931,0.0000327563247993,0.000015333551346,0.000015501262169,0.0000144523773997,0.00000894916774996,0.00000530226770934,0.00000285491705654,0.00000279251503343,0.00000262677258434,0.00000194923336494,0.00000122013159398,0.00000108435392576,6.88750446898e-7,5.36291508979e-7,6.15330918663e-7,4.4507083885e-7,2.95400269579e-7,2.45155888479e-7],"median":[0.00199973909184,0.00195473595522,0.000519842258655,0.000158953771461,0.000122819605167,0.000133541514515,0.000142421689816,0.000109305503429,0.0000851956574479,0.0000871275333338,0.0000701389581081,0.0000525188770553,0.0000494532723678,0.0000603872467764,0.0000469142469228,0.0000337678575306,0.0000355371303158,0.0000603252374276,0.0000468918879051,0.000036209490645,0.0000341867416864,0.0000187251407624,0.0000148665440065,0.00000817715499579,0.0000100941633718,0.00000744509225115,0.00000448474065706,0.00000216133571485,0.00000136109451887,8.9112677415e-7,5.38790573046e-7,1.77810662194e-7,6.66722712594e-8,4.0501362264e-8,3.05234024722e-8,2.95312485576e-8,3.00909661632e-8,2.22968239427e-8,1.31878161724e-8,1.028133223e-8],"min":[1.07269946506e-15,1.97957169015e-15,2.30231453646e-15,1.47608747125e-15,3.84800476963e-16,3.9994050268e-17,1.13721690586e-16,1.8720612657e-16,3.26418969301e-16,2.94966677206e-16,8.49622618142e-17,3.78148065483e-17,8.23139669825e-17,1.59453317046e-16,8.20485412675e-17,2.18592915886e-17,3.0476748368e-17,2.35706521754e-17,1.05639872958e-17,1.92788206041e-17,5.57687882136e-17,3.24924915679e-17,3.04066332306e-17,1.32336730182e-17,2.41498738188e-17,3.00840691876e-17,2.58988678147e-17,7.35801473976e-18,8.50623324703e-18,2.66378047995e-17,2.31104303893e-17,9.52314675823e-18,1.70180499632e-17,7.5612770045e-18,9.39150344528e-18,9.37370996312e-18,5.77476085524e-18,2.7115981368e-17,2.04090355253e-17,1.02088745229e-17],"var":[0.00000310258110403,0.00000722716640666,5.62576303764e-7,6.14180137859e-8,3.63540628712e-8,8.42939229528e-8,1.4825729977e-7,3.94809688942e-7,1.14258703832e-7,1.13568688676e-7,2.45927623155e-7,4.79988138125e-8,5.48852447935e-8,3.24334727964e-8,2.98239299923e-8,1.2012441708e-8,4.14910559243e-8,3.21700106554e-8,1.41501130813e-8,6.77826550444e-9,3.81622466961e-9,1.8646117983e-9,2.85329071481e-9,4.41633923876e-10,3.41702888207e-10,5.0404896923e-10,1.83273646259e-10,7.56751605824e-11,1.78046032778e-11,3.60506798025e-11,7.12428588345e-11,7.85163392636e-11,5.74206342197e-11,7.93322560422e-11,2.48867038088e-11,9.25590507017e-12,1.76706271143e-11,6.46892522188e-12,3.39743185841e-12,1.89669417325e-12]},"melbands_crest":{"dmean":1.84853899479,"dmean2":2.95565414429,"dvar":3.82608532906,"dvar2":10.0603179932,"max":31.9356155396,"mean":13.3364439011,"median":13.0389728546,"min":2.92381882668,"var":23.9565963745},"melbands_flatness_db":{"dmean":0.0184161197394,"dmean2":0.0251452513039,"dvar":0.000469742662972,"dvar2":0.00083666149294,"max":0.686127066612,"mean":0.234129011631,"median":0.215970933437,"min":0.0204224828631,"var":0.00726580154151},"melbands_kurtosis":{"dmean":2.71243715286,"dmean2":4.1328291893,"dvar":65.9371948242,"dvar2":130.119689941,"max":561.097167969,"mean":6.92389345169,"median":2.42731237411,"min":-1.81151986122,"var":590.330200195},"melbands_skewness":{"dmean":0.378139525652,"dmean2":0.587523818016,"dvar":0.185829490423,"dvar2":0.447883188725,"max":16.7597122192,"mean":1.92279577255,"median":1.65743458271,"min":-1.45069205761,"var":1.95811367035},"melbands_spread":{"dmean":4.69355201721,"dmean2":7.23733520508,"dvar":33.7186126709,"dvar2":71.7096710205,"max":191.708847046,"mean":28.0259208679,"median":27.8091335297,"min":0.43551415205,"var":215.801925659},"mfcc":{"cov":[[8942.17871094,-1132.07104492,-43.5958442688,-86.9016952515,-87.5031585693,350.140563965,-178.768920898,213.567977905,193.568466187,7.06122350693,194.576019287,151.507766724,-26.0085334778],[-1132.07104492,2097.00878906,-779.791259766,222.687271118,22.4792537689,-256.52822876,214.937850952,-120.773399353,3.56986689568,88.1472854614,-40.8699150085,-14.4357051849,87.432800293],[-43.5958442688,-779.791259766,1104,-137.48475647,247.538024902,176.497406006,-41.5005874634,204.111221313,61.4267120361,94.0312805176,96.0989837646,62.1933517456,35.4410438538],[-86.9016952515,222.687271118,-137.48475647,229.463516235,-20.9300460815,38.6893806458,49.0804138184,-5.74030447006,47.5530815125,-2.64234972,19.6811618805,24.6818332672,22.2025756836],[-87.5031585693,22.4792537689,247.538024902,-20.9300460815,255.303283691,25.68409729,46.6405601501,73.3687438965,13.2864742279,65.5426330566,11.145772934,17.8595027924,49.7928962708],[350.140563965,-256.52822876,176.497406006,38.6893806458,25.68409729,211.822280884,38.5646972656,74.5528869629,44.6802902222,9.36354255676,41.3497467041,29.811662674,5.67778921127],[-178.768920898,214.937850952,-41.5005874634,49.0804138184,46.6405601501,38.5646972656,152.350463867,37.5845184326,29.2354774475,26.8623580933,11.8801164627,22.4957885742,28.9781265259],[213.567977905,-120.773399353,204.111221313,-5.74030447006,73.3687438965,74.5528869629,37.5845184326,146.665908813,50.7258491516,44.2193603516,40.1595153809,17.3471660614,29.7227420807],[193.568466187,3.56986689568,61.4267120361,47.5530815125,13.2864742279,44.6802902222,29.2354774475,50.7258491516,119.954711914,38.1087722778,44.9218597412,26.8747215271,5.23930358887],[7.06122350693,88.1472854614,94.0312805176,-2.64234972,65.5426330566,9.36354255676,26.8623580933,44.2193603516,38.1087722778,108.05002594,43.580165863,16.1855049133,26.1884155273],[194.576019287,-40.8699150085,96.0989837646,19.6811618805,11.145772934,41.3497467041,11.8801164627,40.1595153809,44.9218597412,43.580165863,95.8886184692,29.2254276276,18.8990154266],[151.507766724,-14.4357051849,62.1933517456,24.6818332672,17.8595027924,29.811662674,22.4957885742,17.3471660614,26.8747215271,16.1855049133,29.2254276276,82.4653930664,13.7481088638],[-26.0085334778,87.432800293,35.4410438538,22.2025756836,49.7928962708,5.67778921127,28.9781265259,29.7227420807,5.23930358887,26.1884155273,18.8990154266,13.7481088638,87.3198242188]],"icov":[[0.000160991432494,0.0000732537664589,0.000256057246588,0.000187698504305,-0.000106735111331,-0.00025413496769,0.000359074707376,-0.000273331068456,-0.000186480916454,0.0000304108889395,-0.000222643750021,-0.000319808255881,-0.0000251766705333],[0.0000732537664589,0.00116984068882,0.000698665680829,-0.000611233816016,-0.000395692739403,0.00104967539664,-0.00107199500781,0.000268367788522,-0.0001045232857,-0.00113606464583,0.0000595556339249,-0.00000887625265023,-0.000520399771631],[0.000256057246588,0.000698665680829,0.00272684195079,0.00101645314135,-0.00188998563681,-0.000948582252022,0.00144766410813,-0.00170235428959,-0.00040100721526,-0.000543101865333,-0.0011383179808,-0.00133499072399,-0.00010655328515],[0.000187698504305,-0.000611233816016,0.00101645314135,0.00690161250532,-0.000131480381242,-0.00244631245732,0.000476177519886,0.000431542168371,-0.00267994706519,0.00170211924706,-0.00103561754804,-0.00144069164526,-0.00146906857844],[-0.000106735111331,-0.000395692739403,-0.00188998563681,-0.000131480381242,0.00707638729364,0.000477251189295,-0.00171573925763,-0.00075227743946,0.000878798193298,-0.0025112607982,0.00253774528392,0.00014457591169,-0.0019474272849],[-0.00025413496769,0.00104967539664,-0.000948582252022,-0.00244631245732,0.000477251189295,0.0088277682662,-0.00344358803704,-0.00147485069465,0.0000593871445744,0.000449324463261,-0.000806630414445,0.000115323971841,0.000697065668646],[0.000359074707376,-0.00107199500781,0.00144766410813,0.000476177519886,-0.00171573925763,-0.00344358803704,0.0115639865398,-0.00303239165805,-0.00103297329042,0.000192785068066,0.000123910765979,-0.00260290596634,-0.000744322256651],[-0.000273331068456,0.000268367788522,-0.00170235428959,0.000431542168371,-0.00075227743946,-0.00147485069465,-0.00303239165805,0.0135525539517,-0.00300343357958,-0.0014120885171,-0.000418044714024,0.00219760695472,-0.00250265421346],[-0.000186480916454,-0.0001045232857,-0.00040100721526,-0.00267994706519,0.000878798193298,0.0000593871445744,-0.00103297329042,-0.00300343357958,0.0133043276146,-0.00276200193912,-0.00257417489775,-0.00117172603495,0.00252516265027],[0.0000304108889395,-0.00113606464583,-0.000543101865333,0.00170211924706,-0.0025112607982,0.000449324463261,0.000192785068066,-0.0014120885171,-0.00276200193912,0.0160978566855,-0.00560235977173,0.000116414987133,-0.000714322202839],[-0.000222643750021,0.0000595556339249,-0.0011383179808,-0.00103561754804,0.00253774528392,-0.000806630414445,0.000123910765979,-0.000418044714024,-0.00257417489775,-0.00560235977173,0.0174207184464,-0.00247790548019,-0.00223972485401],[-0.000319808255881,-0.00000887625265023,-0.00133499072399,-0.00144069164526,0.00014457591169,0.000115323971841,-0.00260290596634,0.00219760695472,-0.00117172603495,0.000116414987133,-0.00247790548019,0.0157387498766,-0.00105868407991],[-0.0000251766705333,-0.000520399771631,-0.00010655328515,-0.00146906857844,-0.0019474272849,0.000697065668646,-0.000744322256651,-0.00250265421346,0.00252516265027,-0.000714322202839,-0.00223972485401,-0.00105868407991,0.0152607280761]],"mean":[-663.482666016,168.480789185,-47.7705039978,29.7811946869,9.81248855591,0.356301188469,8.27374362946,-1.0426838398,6.78913974762,6.7936668396,0.68755209446,1.90023481846,0.897865116596]},"pitch_salience":{"dmean":0.0462456196547,"dmean2":0.0733956620097,"dvar":0.00181413325481,"dvar2":0.00474333297461,"max":0.918429970741,"mean":0.517826557159,"median":0.520243763924,"min":0.080117829144,"var":0.0113963196054},"silence_rate_20dB":{"dmean":0,"dmean2":0,"dvar":0,"dvar2":0,"max":1,"mean":1,"median":1,"min":1,"var":0},"silence_rate_30dB":{"dmean":0.00270740664564,"dmean2":0.00541533716023,"dvar":0.00270014209673,"dvar2":0.00751370890066,"max":1,"mean":0.99835640192,"median":1,"min":0,"var":0.00164084520657},"silence_rate_60dB":{"dmean":0.00754206161946,"dmean2":0.0150855816901,"dvar":0.00748265208676,"dvar2":0.0195009857416,"max":1,"mean":0.0298752784729,"median":0,"min":0,"var":0.028976669535},"spectral_centroid":{"dmean":150.131072998,"dmean2":223.426315308,"dvar":35403.5625,"dvar2":59801.6289062,"max":11291.0839844,"mean":1448.36096191,"median":1457.45556641,"min":114.628372192,"var":267019},"spectral_complexity":{"dmean":2.97118544579,"dmean2":4.56590270996,"dvar":8.36496639252,"dvar2":16.93110466,"max":58,"mean":25.0500812531,"median":25,"min":0,"var":96.6992034912},"spectral_contrast_coeffs":{"dmean":[0.0368684343994,0.0371618196368,0.0340933799744,0.0273462515324,0.0195487961173,0.0198121406138],"dmean2":[0.0613376870751,0.0603797957301,0.0542679615319,0.0445292592049,0.0320159979165,0.030310433358],"dvar":[0.00101830950007,0.000968165404629,0.000795649248175,0.000486555596581,0.000269758922514,0.000445328565547],"dvar2":[0.00283125648275,0.00258006714284,0.00205168197863,0.00124085659627,0.000677941425238,0.000925700878724],"max":[-0.338601619005,-0.462611228228,-0.512439370155,-0.55698877573,-0.577738881111,-0.53167706728],"mean":[-0.67889970541,-0.736134707928,-0.745709300041,-0.749341130257,-0.755132734776,-0.73267441988],"median":[-0.689616262913,-0.736455798149,-0.747267067432,-0.748979270458,-0.755799412727,-0.735530376434],"min":[-0.956456005573,-0.958951711655,-0.965576052666,-0.967322766781,-0.959404885769,-0.959016025066],"var":[0.00535035319626,0.00354834995233,0.00337990187109,0.0026851547882,0.00188880297355,0.00356701528654]},"spectral_contrast_valleys":{"dmean":[0.299254357815,0.292364239693,0.276559054852,0.229756742716,0.198223367333,0.355184137821],"dmean2":[0.497212052345,0.46831882,0.435562223196,0.358989059925,0.283213406801,0.431197851896],"dvar":[0.0883748754859,0.0834832414985,0.0793678388,0.065597474575,0.0719157382846,0.256931275129],"dvar2":[0.212060719728,0.17964220047,0.16463072598,0.11604437232,0.10663112998,0.384103000164],"max":[-5.35951662064,-4.4879784584,-5.22690439224,-5.56080007553,-5.4803404808,-7.44776248932],"mean":[-7.21658372879,-6.72857379913,-7.18245744705,-7.41954946518,-7.70675230026,-11.7137365341],"median":[-6.73036718369,-6.58862638474,-7.05041599274,-7.27522516251,-7.59461832047,-11.415892601],"min":[-27.6609230042,-27.4207515717,-26.9211273193,-27.0479125977,-27.3497428894,-27.3390693665],"var":[1.64127993584,1.21890842915,1.40582597256,1.55312418938,1.51344442368,3.10667610168]},"spectral_decrease":{"dmean":1.38425337859e-9,"dmean2":2.21252238752e-9,"dvar":7.12697823159e-18,"dvar2":1.92428266669e-17,"max":-6.55615356353e-21,"mean":-6.77674938387e-9,"median":-6.23807228095e-9,"min":-5.04346004959e-8,"var":2.25842227513e-17},"spectral_energy":{"dmean":0.00554240820929,"dmean2":0.00879475288093,"dvar":0.000107736232167,"dvar2":0.000288394250674,"max":0.197008356452,"mean":0.0274500939995,"median":0.0250931717455,"min":4.3981846973e-14,"var":0.000368945213268},"spectral_energyband_high":{"dmean":0.000160679366672,"dmean2":0.000220408459427,"dvar":5.61038405067e-7,"dvar2":0.00000102116041489,"max":0.0234163068235,"mean":0.000401996920118,"median":0.00010750702495,"min":1.25396332993e-14,"var":0.00000147908565395},"spectral_energyband_low":{"dmean":0.00344267254695,"dmean2":0.00579640595242,"dvar":0.0000845797039801,"dvar2":0.000238860506215,"max":0.159062117338,"mean":0.0121206566691,"median":0.011683896184,"min":1.1478780437e-14,"var":0.000128619329189},"spectral_energyband_middle_high":{"dmean":0.00197605974972,"dmean2":0.00301232957281,"dvar":0.0000101310788523,"dvar2":0.0000253483904089,"max":0.065228305757,"mean":0.00796967558563,"median":0.0056318580173,"min":5.44121259822e-15,"var":0.000053725529142},"spectral_energyband_middle_low":{"dmean":0.00220528244972,"dmean2":0.00338132795878,"dvar":0.0000128287310872,"dvar2":0.0000318839011015,"max":0.0586831308901,"mean":0.0077434652485,"median":0.005451194942,"min":1.50658040324e-14,"var":0.0000497787514178},"spectral_entropy":{"dmean":0.0940003693104,"dmean2":0.127694576979,"dvar":0.0128389885649,"dvar2":0.0211720373482,"max":9.796459198,"mean":7.38325643539,"median":7.4211602211,"min":4.75002193451,"var":0.179961919785},"spectral_flux":{"dmean":0.0135091068223,"dmean2":0.0211550537497,"dvar":0.000346756423824,"dvar2":0.000713492860086,"max":0.329395264387,"mean":0.0613334402442,"median":0.0507472977042,"min":0.00000592024980506,"var":0.00146069121547},"spectral_kurtosis":{"dmean":3.41820216179,"dmean2":5.95523118973,"dvar":17.9459838867,"dvar2":52.7996673584,"max":83.8120193481,"mean":8.17143344879,"median":6.82117366791,"min":-1.26347768307,"var":39.1739234924},"spectral_rms":{"dmean":0.000462952913949,"dmean2":0.000711240398232,"dvar":4.05556534133e-7,"dvar2":0.00000103359070636,"max":0.0138637395576,"mean":0.00483600934967,"median":0.00494784209877,"min":6.55050502729e-9,"var":0.00000339357166013},"spectral_rolloff":{"dmean":241.616897583,"dmean2":395.143463135,"dvar":218056.078125,"dvar2":485249.65625,"max":20456.5429688,"mean":1594.20556641,"median":1571.92382812,"min":86.1328125,"var":2574589.25},"spectral_skewness":{"dmean":0.316477119923,"dmean2":0.534053266048,"dvar":0.108969293535,"dvar2":0.314419448376,"max":7.18280696869,"mean":1.65418732166,"median":1.61215114594,"min":-0.0382367558777,"var":0.40384376049},"spectral_spread":{"dmean":305046.5625,"dmean2":411588.84375,"dvar":295598292992,"dvar2":420460101632,"max":42570416,"mean":2832409.25,"median":2578800.75,"min":968446.5625,"var":1744012705790},"spectral_strongpeak":{"dmean":0.498737096786,"dmean2":0.892548024654,"dvar":1.12939429283,"dvar2":2.97713375092,"max":19.8317165375,"mean":0.779254376888,"median":0.290964126587,"min":0,"var":1.5249350071},"zerocrossingrate":{"dmean":0.005794220604,"dmean2":0.00700275879353,"dvar":0.0000865773836267,"dvar2":0.000132162545924,"max":0.47802734375,"mean":0.0534946732223,"median":0.05126953125,"min":0.00146484375,"var":0.00120207900181}},"metadata":{"audio_properties":{"analysis_sample_rate":44100,"bit_rate":0,"codec":"flac","downmix":"mix","equal_loudness":0,"length":240.133331299,"lossless":true,"md5_encoded":"790d1eaad8ddb43713016b1981014ec3","replay_gain":-11.5092849731,"sample_rate":44100},"tags":{"album":["Dandys Rule, OK?"],"artist":["The Dandy Warhols"],"date":["1995-00-00"],"file_name":"05-Not_Your_Bottle.flac","musicbrainz_albumid":["44d2ff86-84a0-4669-b161-cc41c4bdee8a"],"musicbrainz_artistid":["5f572b31-8fd9-45ae-9beb-358c98d839df"],"musicbrainz_recordingid":["b8b201f8-d04e-4e8f-a970-467ed944f6d4"],"title":["Not Your Bottle"],"tracknumber":["5"]},"version":{"essentia":"2.1-beta2","essentia_build_sha":"c0e182ba78c2de26e491b7b7a4a2c98c1ed34208","essentia_git_sha":"v2.1_beta2-2-gbb40004","extractor":"music 1.0"}},"rhythm":{"beats_count":651,"beats_loudness":{"dmean":0.0108653288335,"dmean2":0.0191649142653,"dvar":0.000114197799121,"dvar2":0.000333090720233,"max":0.105868861079,"mean":0.0337916649878,"median":0.0323188379407,"min":4.67738348053e-10,"var":0.000439198891399},"beats_loudness_band_ratio":{"dmean":[0.123016558588,0.050678756088,0.0840212181211,0.0681110918522,0.0819537267089,0.0290912166238],"dmean2":[0.206622794271,0.0859164148569,0.145179018378,0.116109825671,0.139501899481,0.0502825528383],"dvar":[0.0116988895461,0.00225755223073,0.00736810918897,0.00494625372812,0.0058335843496,0.00163789396174],"dvar2":[0.0307959634811,0.00621791835874,0.0193623248488,0.0135446805507,0.0148829501122,0.0044077928178],"max":[0.995754957199,0.420616030693,0.786436676979,0.558925449848,0.666661977768,0.488359153271],"mean":[0.425497531891,0.083714812994,0.168921887875,0.14129024744,0.16268864274,0.0418818593025],"median":[0.430519282818,0.063334107399,0.134863168001,0.116511628032,0.144369199872,0.0333781912923],"min":[0.00872313976288,0.00303207989782,0.00119038880803,0.000131267588586,0.0000332255767717,0.000010218