{"lowlevel":{"average_loudness":0.665939867496,"barkbands":{"dmean":[0.00500407908112,0.00551510881633,0.00228638597764,0.00032614779775,0.000505847798195,0.000485296943225,0.000634754891507,0.000317349040415,0.000680826138705,0.000958393153269,0.000828778196592,0.00141338258982,0.000665020488668,0.000343417748809,0.000339258462191,0.000269395211944,0.000228960459935,0.000153214205056,0.000132742366986,0.000100015444332,0.0000737185182516,0.0000409726308135,0.000018726923372,0.00000271504381999,0.00000190681214463,0.000013664753169,0.000455664558103],"dmean2":[0.00836531072855,0.00946783740073,0.00398236233741,0.000553144025616,0.000815291830804,0.000827440817375,0.000981800374575,0.000535516999662,0.0011208319338,0.00158880080562,0.00138313311618,0.00231120176613,0.00113823683932,0.000591791351326,0.00058215711033,0.000447432656074,0.000370889669284,0.000252012250712,0.000221249370952,0.000164426426636,0.0001181776679,0.000061006998294,0.000028631722671,0.00000447257343694,0.00000312619795295,0.0000205420055863,0.000753000902478],"dvar":[0.000242176291067,0.000197973597096,0.000028993232263,0.00000130782132146,8.69275595505e-7,0.00000145296075971,0.00000208153778658,3.90001446249e-7,0.00000140764177559,0.00000283887834485,0.00000245450769398,0.00000635071137367,0.00000118983905395,3.14466063855e-7,2.89941624487e-7,1.77738812113e-7,1.10122087449e-7,6.51996927559e-8,6.4989137627e-8,3.08831786811e-8,1.37466189543e-8,6.23047613502e-9,1.61490154582e-9,3.08243777725e-11,1.6486822324e-11,7.02579994183e-10,4.42903171916e-7],"dvar2":[0.000607583962847,0.000550758268218,0.0000810210549389,0.00000351662015419,0.0000022291658297,0.00000423055826104,0.00000501857721247,0.00000105013691609,0.00000382255984732,0.00000756687950343,0.00000647642946205,0.0000164855337061,0.00000341879967891,9.27386224703e-7,8.4928240085e-7,5.02189550389e-7,2.82313180833e-7,1.80358952662e-7,1.75786979639e-7,8.28130879427e-8,3.41093659983e-8,1.3622565298e-8,3.725721065e-9,7.85180184759e-11,4.12925318938e-11,1.5360086536e-9,0.00000120623133171],"max":[0.202763527632,0.224088251591,0.0699078291655,0.040431253612,0.0170370545238,0.0250163078308,0.0289123021066,0.0205224137753,0.0235175509006,0.0229307617992,0.0267754364759,0.0451903901994,0.0176885854453,0.00717178871855,0.00673646759242,0.00580570241436,0.00546879367903,0.0055465050973,0.0080583114177,0.00406320672482,0.00212094862945,0.00119534111582,0.000907348352484,0.0000819824927021,0.0000738733288017,0.00038541801041,0.0133893098682],"mean":[0.00466532539576,0.00734270503744,0.00276773073711,0.000396981195081,0.00100980431307,0.000765626900829,0.00110045063775,0.000524324772414,0.0012147014495,0.0017064352287,0.0013981021475,0.00347176729701,0.00138046138454,0.000686284387484,0.000756281078793,0.000644710089546,0.000634791038465,0.0003963469062,0.000336742348736,0.000282900524326,0.000226106625632,0.00010774430848,0.0000414820497099,0.00000341236591339,0.00000205952937904,0.0000309067108901,0.00227878568694],"median":[0.0000408555060858,0.000407933810493,0.000412978231907,0.0000591834686929,0.000316184217809,0.000186060584383,0.000279806903563,0.000141042139148,0.000380105135264,0.000704695819877,0.000305498077068,0.00138082390185,0.000668928667437,0.000252499157796,0.000286835886072,0.000393672555219,0.000405189610319,0.000258847576333,0.000182288567885,0.00011181019363,0.000150284206029,0.0000128180563479,0.00000934656145546,4.82078576169e-7,3.55899459237e-7,0.00000592074411543,0.000748423452023],"min":[3.38538198083e-24,3.67907939235e-23,2.29860026057e-23,9.89447624428e-25,3.61442656137e-23,3.20419333156e-23,2.43001864981e-23,7.98090656698e-24,5.65055891482e-23,3.31511033028e-23,2.25744759596e-23,3.0362161303e-23,1.00925822918e-22,5.10746730908e-23,5.91263365367e-23,6.09474440245e-23,7.48646164668e-23,2.47338261776e-22,1.83486358116e-22,2.3967048329e-22,4.15945933292e-22,4.49718621123e-22,4.71319223051e-22,6.9354111286e-22,1.16442897415e-21,1.56320313471e-21,2.24272736311e-21],"var":[0.000212426544749,0.000203987146961,0.0000301077216136,0.00000126543704937,0.00000200020303964,0.00000247344269155,0.00000468381949759,7.97975133082e-7,0.00000283587792183,0.00000573779516344,0.00000499854195368,0.0000358711840818,0.00000315898500958,7.36790809697e-7,8.02778913567e-7,5.89812486851e-7,5.26203223217e-7,2.43524567622e-7,1.63634325645e-7,1.26495123709e-7,6.1656372452e-8,2.5374163215e-8,4.2638639286e-9,4.28280917675e-11,1.92664287302e-11,2.25073626403e-9,0.0000051593851822]},"barkbands_crest":{"dmean":1.79317212105,"dmean2":2.80882382393,"dvar":3.37760138512,"dvar2":8.44795131683,"max":23.9014377594,"mean":8.12400531769,"median":7.32844877243,"min":2.38590049744,"var":10.1825866699},"barkbands_flatness_db":{"dmean":0.0159411411732,"dmean2":0.0253523197025,"dvar":0.000247173389653,"dvar2":0.000612774456386,"max":0.267668604851,"mean":0.10985776037,"median":0.105391539633,"min":0.042174462229,"var":0.00105293677188},"barkbands_kurtosis":{"dmean":1.01376104355,"dmean2":1.69354486465,"dvar":6.77276754379,"dvar2":17.4404907227,"max":85.2367935181,"mean":1.02791714668,"median":-0.0904853343964,"min":-1.42857778072,"var":21.6884155273},"barkbands_skewness":{"dmean":0.294034749269,"dmean2":0.470164984465,"dvar":0.177847340703,"dvar2":0.439784884453,"max":8.28803253174,"mean":0.869120895863,"median":0.732347905636,"min":-2.07253789902,"var":0.717771410942},"barkbands_spread":{"dmean":6.70876407623,"dmean2":10.658164978,"dvar":50.8948631287,"dvar2":132.320159912,"max":90.5955200195,"mean":49.3181648254,"median":51.0351448059,"min":4.32566547394,"var":216.697143555},"dissonance":{"dmean":0.0154596995562,"dmean2":0.0263961628079,"dvar":0.0002547580807,"dvar2":0.000687606981955,"max":0.500000119209,"mean":0.476082533598,"median":0.482405513525,"min":0.30993270874,"var":0.00047359263408},"dynamic_complexity":7.08182954788,"erbbands":{"dmean":[0.307514220476,0.845994710922,2.79525518417,1.39388895035,1.33103001118,1.74404335022,3.16102671623,4.61673736572,6.7032289505,11.4649429321,7.61849164963,17.0781803131,19.5398635864,31.6120929718,42.2716026306,42.0117912292,30.5694446564,13.7063999176,18.9361534119,14.9525823593,15.078540802,12.3688001633,7.56218147278,7.42973899841,6.55299139023,4.90196847916,3.6476585865,2.39357542992,1.42171132565,1.11167919636,0.449333280325,0.105804875493,0.0305088832974,0.0208836887032,0.0138761559501,0.0088954102248,0.0234288070351,0.0449439510703,0.0234157703817,0.010958221741],"dmean2":[0.531454145908,1.46372389793,4.86611843109,2.35931229591,2.15142726898,2.8823261261,5.04373025894,7.93605041504,11.3190546036,17.0007362366,12.8726396561,28.2416267395,32.3624076843,52.4871940613,69.1753692627,70.3121490479,52.421497345,23.815782547,32.2255706787,25.4525928497,24.7496356964,20.2221546173,12.2704391479,12.3525247574,10.8272390366,8.0735616684,5.90491724014,3.82030677795,2.15405893326,1.65706455708,0.684846997261,0.168604433537,0.0501741729677,0.0343224853277,0.0227077547461,0.0144887194037,0.0346210747957,0.06457644701,0.0368400290608,0.0177512895316],"dvar":[0.795866787434,3.38618397713,38.3135223389,18.0606575012,8.4962272644,11.8239269257,37.9845695496,176.352905273,413.668243408,644.941040039,217.841445923,968.633728027,1265.87536621,3034.23071289,4645.97607422,4768.18164062,2578.34423828,479.413635254,926.453674316,606.581420898,598.422729492,314.290435791,151.424209595,177.536010742,200.208572388,74.8216629028,36.1740455627,16.4330062866,7.57558870316,4.71330881119,0.982309877872,0.05347282812,0.0045339493081,0.00206103431992,0.00084467662964,0.000308106886223,0.00214232131839,0.0065333256498,0.00113610876724,0.000232545775361],"dvar2":[2.21969842911,9.45791244507,108.010353088,48.1751441956,21.9081859589,31.5643463135,93.4755783081,512.895874023,1183.02905273,1225.6986084,602.201782227,2620.77978516,3345.42163086,8068.45898438,12151.9453125,12999.5146484,7355.08251953,1417.51025391,2690.16674805,1761.69238281,1647.42578125,834.726074219,400.989868164,502.179504395,542.266357422,203.34375,92.8211288452,40.6117362976,16.6974658966,10.4312944412,2.29072999954,0.133052349091,0.011320522055,0.00515992986038,0.00211602635682,0.00076890992932,0.00471989018843,0.0132269943133,0.00280923396349,0.00060824432876],"max":[11.7849340439,29.486536026,81.8381118774,109.481536865,69.1546096802,63.0453796387,78.1084976196,292.536712646,527.966308594,640.392456055,497.57699585,650.012695312,881.909790039,663.723754883,1000.9765625,1041.68457031,848.181945801,347.143249512,399.245117188,343.266204834,363.463867188,260.525878906,346.993377686,316.280853271,546.924987793,181.58380127,82.1718673706,85.1396026611,52.4688529968,34.8064804077,26.4810695648,4.93994045258,1.29055714607,0.842969477177,0.518021285534,0.290762454271,0.821100890636,1.15180051327,0.771115601063,0.375283449888],"mean":[0.351788640022,1.14335751534,3.38141155243,1.89857244492,2.12769460678,3.04745984077,5.44597387314,6.7353272438,10.8683662415,20.0110015869,14.1236314774,29.4754867554,36.8945121765,61.1725158691,99.9115447998,106.398017883,67.7471237183,34.0291366577,43.3244247437,35.1104812622,39.3422546387,36.1492156982,22.09715271,19.8660755157,17.6860466003,13.912106514,10.7184209824,6.91579532623,3.83328866959,2.61445331573,0.988370656967,0.184349045157,0.0355936549604,0.0225780513138,0.0153112867847,0.0115232672542,0.0544607378542,0.147614598274,0.124866403639,0.0663633346558],"median":[0.00603407202289,0.115037359297,0.551003217697,0.423789829016,0.598585247993,0.951272010803,1.66819238663,1.53521382809,2.10187339783,5.34594249725,3.55128192902,9.40215969086,15.5529985428,26.6034946442,43.0917663574,50.2843666077,36.4570732117,26.1600055695,17.8892822266,19.7170658112,24.600944519,24.9746761322,15.843173027,12.0208444595,10.825422287,6.88631486893,7.30285978317,3.95839476585,0.6379519701,0.418700605631,0.226205766201,0.0268022529781,0.00751779228449,0.00408977922052,0.00282391463406,0.00282934401184,0.00963314436376,0.0271096602082,0.0595129057765,0.024288514629],"min":[4.88116987353e-22,9.92034073564e-21,2.97234848477e-20,9.88318142376e-21,4.60066062916e-20,1.80502661606e-19,1.30466726073e-19,3.2674479471e-19,2.2927396723e-19,4.10078666082e-19,4.92122833632e-19,1.10892908254e-18,6.22188041066e-19,6.88481759175e-19,3.48965869663e-18,2.3777852647e-18,4.51508596428e-18,2.86292007652e-18,3.56492592852e-18,3.60971941305e-18,5.30294447847e-18,4.39345319111e-18,1.27151416163e-17,1.03433294228e-17,8.35247029732e-18,1.11794684014e-17,1.59188526606e-17,1.78179435417e-17,1.41059721972e-17,1.5657225359e-17,1.32103705131e-17,1.27487507918e-17,1.19910922282e-17,1.18830235627e-17,8.90696916659e-18,4.85567137765e-18,2.906811107e-18,1.08159086669e-18,2.79526507762e-19,3.40088717256e-20],"var":[0.684255182743,4.01997041702,40.8262825012,18.4908943176,13.1264390945,20.2115211487,84.5794906616,263.904846191,626.262878418,1878.84436035,459.675842285,1756.90979004,2655.62597656,6647.85888672,19321.6621094,23187.7207031,7342.46630859,1458.26000977,2704.46240234,1647.11791992,2249.36108398,1644.99499512,632.70526123,579.501953125,461.468597412,273.271820068,142.404800415,66.3495254517,30.1402759552,15.6428108215,2.50832414627,0.10664871335,0.00532546918839,0.0023684729822,0.00101008347701,0.000424366910011,0.00715013733134,0.0371180698276,0.0154893565923,0.00399646628648]},"erbbands_crest":{"dmean":1.83643352985,"dmean2":2.90655088425,"dvar":2.94133520126,"dvar2":7.11912441254,"max":25.9503536224,"mean":8.99455451965,"median":8.17061042786,"min":2.66662693024,"var":14.0385122299},"erbbands_flatness_db":{"dmean":0.0151659902185,"dmean2":0.0236616879702,"dvar":0.00015453362721,"dvar2":0.000361782935215,"max":0.292509078979,"mean":0.166644215584,"median":0.162508875132,"min":0.0325211696327,"var":0.00133574008942},"erbbands_kurtosis":{"dmean":0.561831474304,"dmean2":0.881165027618,"dvar":0.320990145206,"dvar2":0.784056067467,"max":9.24792480469,"mean":0.710495233536,"median":0.473170995712,"min":-1.64097440243,"var":1.33753037453},"erbbands_skewness":{"dmean":0.247887715697,"dmean2":0.379093706608,"dvar":0.0458452999592,"dvar2":0.112557135522,"max":2.25730443001,"mean":0.0385881736875,"median":0.110059909523,"min":-2.11777830124,"var":0.333003550768},"erbbands_spread":{"dmean":3.22617793083,"dmean2":5.04193544388,"dvar":11.3318328857,"dvar2":28.2544288635,"max":90.5344390869,"mean":22.190038681,"median":20.9931221008,"min":7.82818078995,"var":68.4432601929},"gfcc":{"cov":[[14341.4433594,658.258056641,104.115386963,48.8136329651,-129.192581177,1167.56738281,525.979919434,212.350585938,525.964782715,863.354797363,310.8152771,389.230895996,-143.613113403],[658.258056641,385.770446777,113.717765808,27.1973762512,12.4670124054,51.906703949,113.064964294,4.12538480759,79.9598312378,69.6115875244,-7.66021680832,-4.64958047867,-7.18749666214],[104.115386963,113.717765808,343.926757812,116.062088013,-68.0985107422,154.32244873,6.07655382156,111.600860596,0.657542526722,83.0389862061,-19.8297786713,-36.0955162048,7.05060815811],[48.8136329651,27.1973762512,116.062088013,126.037162781,24.1401557922,19.5171909332,36.7726097107,15.5440835953,19.2903060913,18.6439266205,-6.45072841644,-3.22045969963,-31.5753173828],[-129.192581177,12.4670124054,-68.0985107422,24.1401557922,107.302680969,-27.841468811,27.0554943085,-14.4146060944,26.6175746918,-28.4889907837,-6.27506971359,-5.32379579544,0.647282540798],[1167.56738281,51.906703949,154.32244873,19.5171909332,-27.841468811,275.755340576,44.6164131165,93.3074874878,15.4041585922,99.2937316895,0.790201961994,13.9230890274,26.5967025757],[525.979919434,113.064964294,6.07655382156,36.7726097107,27.0554943085,44.6164131165,174.933883667,-14.4277706146,82.1822052002,37.4958572388,-3.4844853878,32.0245666504,-38.6563301086],[212.350585938,4.12538480759,111.600860596,15.5440835953,-14.4146060944,93.3074874878,-14.4277706146,166.852035522,37.9982337952,62.1648292542,4.3648314476,-48.8145179749,14.8241987228],[525.964782715,79.9598312378,0.657542526722,19.2903060913,26.6175746918,15.4041585922,82.1822052002,37.9982337952,181.048461914,73.3804397583,-14.2779874802,3.00878095627,-49.0769119263],[863.354797363,69.6115875244,83.0389862061,18.6439266205,-28.4889907837,99.2937316895,37.4958572388,62.1648292542,73.3804397583,141.704330444,44.5820198059,3.22053623199,-14.8714580536],[310.8152771,-7.66021680832,-19.8297786713,-6.45072841644,-6.27506971359,0.790201961994,-3.4844853878,4.3648314476,-14.2779874802,44.5820198059,89.3382110596,25.171049118,-21.4880542755],[389.230895996,-4.64958047867,-36.0955162048,-3.22045969963,-5.32379579544,13.9230890274,32.0245666504,-48.8145179749,3.00878095627,3.22053623199,25.171049118,71.667640686,-2.80258846283],[-143.613113403,-7.18749666214,7.05060815811,-31.5753173828,0.647282540798,26.5967025757,-38.6563301086,14.8241987228,-49.0769119263,-14.8714580536,-21.4880542755,-2.80258846283,97.299156189]],"icov":[[0.000297617225442,-0.000685548293404,0.00171904044691,-0.00142840342596,0.00106099864934,-0.00148944172543,0.000440594827523,-0.000310691306368,-0.000140635878779,-0.000914689851925,0.0000253109319601,-0.000853890378494,0.00019324751338],[-0.000685548293404,0.00651733903214,-0.00858273077756,0.00766692077741,-0.00553301349282,0.00469374796376,-0.00419729109854,0.00321754789911,-0.000783848634455,0.000768207362853,-0.000845977803692,0.00316076097079,-0.00119818409439],[0.00171904044691,-0.00858273077756,0.0271698664874,-0.0261965319514,0.0194744840264,-0.0144602945074,0.00566227314994,-0.00551730347797,-0.000608889909927,-0.00387681555003,0.000521263980772,0.000503634102643,-0.00242345803417],[-0.00142840342596,0.00766692077741,-0.0261965319514,0.037190746516,-0.0244432482868,0.014857375063,-0.00624642428011,0.00157398660667,0.00651662424207,-0.0034435170237,0.00729436567053,-0.00639643194154,0.00999256316572],[0.00106099864934,-0.00553301349282,0.0194744840264,-0.0244432482868,0.030642060563,-0.0125766536221,0.0016628241865,0.000956273113843,-0.0103517770767,0.00978577136993,-0.0114045217633,0.0108113158494,-0.0103701334447],[-0.00148944172543,0.00469374796376,-0.0144602945074,0.014857375063,-0.0125766536221,0.0185150634497,-0.00481395423412,-0.00368819246069,0.00774172320962,-0.00570358429104,0.00881741661578,-0.0061819087714,0.00249192165211],[0.000440594827523,-0.00419729109854,0.00566227314994,-0.00624642428011,0.0016628241865,-0.00481395423412,0.0122805153951,-0.00061736733187,-0.00241566705517,-0.00136745686177,0.00214132992551,-0.00541251339018,0.00307029276155],[-0.000310691306368,0.00321754789911,-0.00551730347797,0.00157398660667,0.000956273113843,-0.00368819246069,-0.00061736733187,0.0174403320998,-0.00925051607192,0.00580246327445,-0.0110525228083,0.0158672574908,-0.00697381747887],[-0.000140635878779,-0.000783848634455,-0.000608889909927,0.00651662424207,-0.0103517770767,0.00774172320962,-0.00241566705517,-0.00925051607192,0.0219243001193,-0.0179498158395,0.0195399709046,-0.0132813015953,0.0125434212387],[-0.000914689851925,0.000768207362853,-0.00387681555003,-0.0034435170237,0.00978577136993,-0.00570358429104,-0.00136745686177,0.00580246327445,-0.0179498158395,0.034337028861,-0.0248129069805,0.0168089717627,-0.0108644710854],[0.0000253109319601,-0.000845977803692,0.000521263980772,0.00729436567053,-0.0114045217633,0.00881741661578,0.00214132992551,-0.0110525228083,0.0195399709046,-0.0248129069805,0.0372282192111,-0.0227968785912,0.0161329116672],[-0.000853890378494,0.00316076097079,0.000503634102643,-0.00639643194154,0.0108113158494,-0.0061819087714,-0.00541251339018,0.0158672574908,-0.0132813015953,0.0168089717627,-0.0227968785912,0.0412512458861,-0.0140652880073],[0.00019324751338,-0.00119818409439,-0.00242345803417,0.00999256316572,-0.0103701334447,0.00249192165211,0.00307029276155,-0.00697381747887,0.0125434212387,-0.0108644710854,0.0161329116672,-0.0140652880073,0.0233868081123]],"mean":[-23.5830841064,68.5393447876,-124.365257263,-8.98747444153,0.740554213524,-32.1760215759,22.6145553589,-27.6960868835,0.336653351784,-17.7738742828,-7.1565785408,2.29178309441,-8.73191165924]},"hfc":{"dmean":49.2231407166,"dmean2":80.7810668945,"dvar":5630.72167969,"dvar2":16026.6240234,"max":1560.23779297,"mean":264.539459229,"median":178.598754883,"min":1.17337833057e-16,"var":66129.8515625},"melbands":{"dmean":[0.00228473427705,0.00130170944612,0.00023605847673,0.000109439395601,0.000100959587144,0.000101861143776,0.000103592756204,0.000109923414129,0.0000705513884895,0.000105961604277,0.000104282844404,0.000135463575134,0.000135772294016,0.000180420087418,0.0000853273668326,0.0000548035204702,0.0000273065907095,0.0000349829933839,0.0000241530178755,0.0000180582483154,0.000018286968043,0.0000149232300828,0.00000959865337791,0.00000831492616271,0.00000650923220746,0.00000556221993975,0.00000446748754257,0.00000347392551703,0.00000268572148343,0.00000197117901735,0.00000147336209011,9.15494581477e-7,8.38046560148e-7,5.80050368626e-7,3.10494272071e-7,1.5490935823e-7,3.61833727425e-8,2.11510364778e-8,1.88852062877e-8,1.71436127516e-8],"dmean2":[0.00391211500391,0.0022685569711,0.000396219693357,0.000179469803697,0.000160380921443,0.000174900196726,0.000170913379407,0.000164962300914,0.000120662829431,0.000175237990334,0.000172568208654,0.000225303781917,0.000224598683417,0.000295696576359,0.000147533792187,0.0000936418291531,0.0000474582702736,0.0000593791883148,0.0000413870366174,0.0000306717411149,0.0000298612285405,0.0000243886861426,0.0000159194387379,0.0000137720007842,0.0000108529620775,0.0000093520311566,0.00000738726430427,0.00000580189953325,0.00000440514077127,0.00000317378157888,0.00000238804341279,0.00000140808913329,0.00000129292550355,8.77645675246e-7,4.80651749513e-7,2.46500974299e-7,5.96157647692e-8,3.50036692964e-8,3.11480228277e-8,2.8159728771e-8],"dvar":[0.0000413981724705,0.00000760413286116,4.5139253757e-7,5.1039521054e-8,3.58012393065e-8,7.835142668e-8,8.02367026154e-8,5.61753026318e-8,1.69893450419e-8,3.64348835546e-8,3.59978180597e-8,5.61808306543e-8,5.50663870058e-8,1.15049992644e-7,2.04722958586e-8,8.49517611812e-9,1.99591143613e-9,3.16865778061e-9,1.53868895403e-9,8.03293265239e-10,8.53143111712e-10,4.74603190082e-10,2.50348020092e-10,1.90764459784e-10,1.37046693438e-10,1.35672029167e-10,6.7197129805e-11,3.74457756469e-11,1.86372774852e-11,9.50196085009e-12,7.3830932687e-12,3.2133406179e-12,2.62340409812e-12,1.3418645535e-12,4.81683974391e-13,1.30197664715e-13,5.86864829329e-15,2.25608030182e-15,1.74653831504e-15,1.37427559329e-15],"dvar2":[0.000112934096251,0.000021402420316,0.00000119097649076,1.3201911031e-7,8.73482477459e-8,2.29634025573e-7,2.23148362011e-7,1.10115891516e-7,4.71795686963e-8,9.86762813682e-8,9.48077172325e-8,1.49465279264e-7,1.45614322378e-7,2.94694956438e-7,5.99855383143e-8,2.41617410524e-8,5.91120752347e-9,9.19750586803e-9,4.50675852193e-9,2.32068719797e-9,2.32448704729e-9,1.26106469711e-9,6.51465215107e-10,5.31606259013e-10,3.91117360721e-10,3.64290514421e-10,1.81210060846e-10,1.04646374899e-10,4.87995477361e-11,2.39840543259e-11,1.93010000343e-11,7.41086358946e-12,6.24795571183e-12,3.05659707614e-12,1.1614747792e-12,3.27094552615e-13,1.50247940852e-14,5.64280601615e-15,4.37494592488e-15,3.44222606589e-15],"max":[0.0861885547638,0.0326325893402,0.0170504637063,0.00431935023516,0.00254680053331,0.0059642274864,0.00715249171481,0.00589126441628,0.00356430723332,0.00380002544262,0.00427846144885,0.00286759599112,0.00395696144551,0.00635282229632,0.00165347824804,0.0016622566618,0.000557469669729,0.000668722495902,0.000554138270672,0.000379406032152,0.000430452288128,0.000312467833282,0.000290450378088,0.000286457885522,0.000266921095317,0.000411496672314,0.000177040070412,0.000113636830065,0.0000555945007363,0.000042209874664,0.0000575701233174,0.0000310498398903,0.0000219344765355,0.0000191521939996,0.0000184032942343,0.00000914162865229,0.00000110548842258,9.11431641271e-7,7.8361983924e-7,6.841260074e-7],"mean":[0.00276746670716,0.00167282798793,0.000348840869265,0.000195003929548,0.000178938920726,0.000153347544256,0.000178651505848,0.000193397791008,0.000124894024339,0.000181584662641,0.000187133118743,0.000250778626651,0.000277303392068,0.000440186238848,0.000163480814081,0.000122708064737,0.0000557843195566,0.0000728509912733,0.0000527554111613,0.0000408569576393,0.0000440513867943,0.0000391396533814,0.0000236475079873,0.0000195796237676,0.000015493367755,0.0000130091475512,0.0000117538656923,0.00000845731938171,0.00000702582701706,0.00000520897492606,0.00000360534727406,0.00000215384307012,0.00000192290508494,0.00000122206427022,6.28024622529e-7,2.69406143616e-7,4.5885613531e-8,2.20589946309e-8,1.99066718665e-8,1.83298016765e-8],"median":[0.0000910775343073,0.00033332942985,0.0000968034510151,0.0000570954871364,0.0000578760118515,0.0000356142991222,0.0000406405815738,0.0000547226809431,0.0000369559238607,0.0000554703838134,0.0000707418657839,0.000106072227936,0.000106704777863,0.0001631781779,0.0000710330205038,0.0000600916318945,0.0000242089790845,0.0000242459245783,0.000019250492187,0.0000234776653087,0.0000252552017628,0.0000254164260696,0.0000149809902723,0.0000129041400214,0.00000904975604499,0.00000706263017491,0.0000064428099904,0.00000344819250131,0.00000447427146355,0.00000327902694153,0.00000138761981816,3.20021513289e-7,1.97669550062e-7,2.42629482727e-7,1.40544912597e-7,3.09684082822e-8,6.15667739012e-9,3.54076101772e-9,3.259050807e-9,3.03589109407e-9],"min":[9.33908286547e-24,1.61825695474e-23,2.03277819577e-24,9.31169913687e-24,5.46546067091e-24,6.95741239614e-24,3.97149656151e-24,3.84821535139e-24,5.36011381904e-24,7.77910805882e-24,3.05684231862e-24,2.57006366692e-24,7.57468106612e-24,2.08168421924e-24,8.73050980925e-24,6.73878985145e-24,4.47345861626e-24,5.81416913988e-24,5.41845718273e-24,3.74814637341e-24,5.98914006638e-24,4.04829374835e-24,6.15162569133e-24,9.39098123557e-24,8.36650729948e-24,6.72728510401e-24,5.18450273192e-24,8.03337291693e-24,8.29838679373e-24,1.07209983552e-23,8.77596949664e-24,7.213153213e-24,9.56044906839e-24,8.28973693391e-24,7.12575452445e-24,8.00891744e-24,7.56438090928e-24,8.49705431296e-24,8.24505506337e-24,9.7902379392e-24],"var":[0.0000379759476345,0.00000855432699609,5.01169836298e-7,9.24809953062e-8,8.48525942843e-8,1.23066996593e-7,1.37584109439e-7,1.63488877547e-7,3.36915704224e-8,6.70597728458e-8,7.24872180058e-8,1.17109799191e-7,1.36679858542e-7,6.79681477322e-7,4.41106102755e-8,2.95209439116e-8,4.69539340742e-9,8.15719758407e-9,4.01254540705e-9,2.13521755832e-9,3.05350855712e-9,2.16014273136e-9,8.59678217502e-10,5.87248139006e-10,3.8528161217e-10,2.75313549736e-10,2.38459640922e-10,1.08074854621e-10,6.53160789343e-11,3.50883905265e-11,2.22334373134e-11,1.05369411113e-11,8.49141330167e-12,3.65352713361e-12,1.06215383711e-12,2.51328851394e-13,7.97549621289e-15,2.48546974119e-15,1.95549011994e-15,1.57938811548e-15]},"melbands_crest":{"dmean":3.4025118351,"dmean2":5.46029043198,"dvar":13.5598268509,"dvar2":35.5856399536,"max":35.2333145142,"mean":13.716006279,"median":13.1320037842,"min":1.10421359539,"var":32.5849609375},"melbands_flatness_db":{"dmean":0.0215794183314,"dmean2":0.034687910229,"dvar":0.000428553728852,"dvar2":0.00112192181405,"max":0.392601817846,"mean":0.181776016951,"median":0.176453277469,"min":0.0000282773144136,"var":0.00167822395451},"melbands_kurtosis":{"dmean":1.88915789127,"dmean2":3.12797498703,"dvar":21.1771564484,"dvar2":52.3456192017,"max":132.865875244,"mean":2.4421210289,"median":0.217291355133,"min":-1.65889692307,"var":89.4012374878},"melbands_skewness":{"dmean":0.428779065609,"dmean2":0.687991201878,"dvar":0.331716507673,"dvar2":0.853582382202,"max":10.2637033463,"mean":1.01140153408,"median":0.744452476501,"min":-0.878482282162,"var":1.38464009762},"melbands_spread":{"dmean":6.08344554901,"dmean2":9.57409000397,"dvar":40.0547027588,"dvar2":99.4419174194,"max":148.846832275,"mean":38.0344924927,"median":37.4921760559,"min":2.01089286804,"var":189.298492432},"mfcc":{"cov":[[12872.1699219,1073.19348145,-268.348480225,-75.9616012573,-651.703552246,1324.10424805,-81.3736343384,340.350463867,-21.2289218903,584.984802246,710.774780273,430.060394287,192.653915405],[1073.19348145,346.00668335,-5.09994220734,8.10304164886,-69.1828613281,120.446281433,3.21300196648,17.452255249,37.2331581116,67.5910720825,70.1632995605,29.3372459412,9.75261688232],[-268.348480225,-5.09994220734,445.224304199,-23.3871097565,57.4667396545,1.963971138,69.1350784302,-5.34494686127,51.156703949,70.8999099731,53.9416694641,-25.6164646149,-77.4540100098],[-75.9616012573,8.10304164886,-23.3871097565,147.958145142,-7.25229597092,15.908826828,-15.6288995743,14.0063819885,-19.6934432983,8.28096294403,22.1846809387,2.58157134056,9.98035240173],[-651.703552246,-69.1828613281,57.4667396545,-7.25229597092,154.832443237,-96.297088623,19.2201595306,-26.4205589294,36.5363769531,-12.4371194839,-35.1897087097,-28.7942905426,-12.513967514],[1324.10424805,120.446281433,1.963971138,15.908826828,-96.297088623,260.203430176,-5.31015777588,69.1492538452,8.88622665405,73.0077667236,66.123374939,27.2567462921,10.8122911453],[-81.3736343384,3.21300196648,69.1350784302,-15.6288995743,19.2201595306,-5.31015777588,115.58429718,-1.97253143787,-5.49955368042,-18.6657218933,-10.2680463791,13.4686832428,-19.1566753387],[340.350463867,17.452255249,-5.34494686127,14.0063819885,-26.4205589294,69.1492538452,-1.97253143787,96.5326309204,20.0101718903,36.0231437683,21.3887252808,-14.1365423203,7.60705327988],[-21.2289218903,37.2331581116,51.156703949,-19.6934432983,36.5363769531,8.88622665405,-5.49955368042,20.0101718903,139.654830933,55.014339447,12.7447280884,-51.5855751038,-8.2265291214],[584.984802246,67.5910720825,70.8999099731,8.28096294403,-12.4371194839,73.0077667236,-18.6657218933,36.0231437683,55.014339447,154.871856689,111.592674255,-11.0033998489,4.53579139709],[710.774780273,70.1632995605,53.9416694641,22.1846809387,-35.1897087097,66.123374939,-10.2680463791,21.3887252808,12.7447280884,111.592674255,176.631072998,34.1312675476,6.7267999649],[430.060394287,29.3372459412,-25.6164646149,2.58157134056,-28.7942905426,27.2567462921,13.4686832428,-14.1365423203,-51.5855751038,-11.0033998489,34.1312675476,121.619194031,16.9109325409],[192.653915405,9.75261688232,-77.4540100098,9.98035240173,-12.513967514,10.8122911453,-19.1566753387,7.60705327988,-8.2265291214,4.53579139709,6.7267999649,16.9109325409,72.4793243408]],"icov":[[0.000272006000159,-0.000327893707436,0.000193387342733,0.000430455052992,0.0000664823091938,-0.000965570798144,0.0000346434972016,-0.000128076950205,0.000151279076817,-0.000272777571809,-0.000429529463872,-0.000453593005659,-0.000173441614606],[-0.000327893707436,0.00438967440277,0.0000711464817869,-0.000778868037742,0.0011799572967,-0.0000865938782226,-0.000762215349823,0.00129760499112,-0.00178660685197,-0.000408354011597,0.000134743284434,-0.000194078005734,0.00019872142002],[0.000193387342733,0.0000711464817869,0.00374771025963,0.000521841400769,-0.000876675301697,-0.000937199802138,-0.00179569330066,0.000505766423885,-0.000186622171896,-0.00180777092464,-0.000954846269451,-0.0000635884571238,0.00306563056074],[0.000430455052992,-0.000778868037742,0.000521841400769,0.00808023754507,-0.000745185709093,-0.00176737247966,0.000925894128159,-0.00134269194677,0.00189912924543,0.0000326257613779,-0.00200515147299,0.0000311472940666,-0.000681378878653],[0.0000664823091938,0.0011799572967,-0.000876675301697,-0.000745185709093,0.0105928601697,0.00287267332897,-0.00146320601925,0.00121272844262,-0.00302745820954,-0.00135095464066,0.00157873658463,-0.000284243258648,-0.000622637220658],[-0.000965570798144,-0.0000865938782226,-0.000937199802138,-0.00176737247966,0.00287267332897,0.0105454819277,-0.000332228519255,-0.00308219855651,-0.000643841049168,-0.0011636193376,0.00212259916589,0.000194241729332,0.000735970563255],[0.0000346434972016,-0.000762215349823,-0.00179569330066,0.000925894128159,-0.00146320601925,-0.000332228519255,0.0108802635223,-0.00147378386464,0.000576264224946,0.00227638799697,0.0000461010968138,-0.00170120259281,0.00110695976764],[-0.000128076950205,0.00129760499112,0.000505766423885,-0.00134269194677,0.00121272844262,-0.00308219855651,-0.00147378386464,0.0146386893466,-0.00153344275896,-0.00182586698793,0.000403832935262,0.00232851551846,-0.00100610475056],[0.000151279076817,-0.00178660685197,-0.000186622171896,0.00189912924543,-0.00302745820954,-0.000643841049168,0.000576264224946,-0.00153344275896,0.0117488149554,-0.00364484544843,0.000555765000172,0.00350558222272,-0.0000439548603026],[-0.000272777571809,-0.000408354011597,-0.00180777092464,0.0000326257613779,-0.00135095464066,-0.0011636193376,0.00227638799697,-0.00182586698793,-0.00364484544843,0.0178126655519,-0.00918398518115,0.00305305537768,-0.00181110412814],[-0.000429529463872,0.000134743284434,-0.000954846269451,-0.00200515147299,0.00157873658463,0.00212259916589,0.0000461010968138,0.000403832935262,0.000555765000172,-0.00918398518115,0.0137253822759,-0.00323840323836,0.000424594356446],[-0.000453593005659,-0.000194078005734,-0.0000635884571238,0.0000311472940666,-0.000284243258648,0.000194241729332,-0.00170120259281,0.00232851551846,0.00350558222272,0.00305305537768,-0.00323840323836,0.0131825525314,-0.0021809109021],[-0.000173441614606,0.00019872142002,0.00306563056074,-0.000681378878653,-0.000622637220658,0.000735970563255,0.00110695976764,-0.00100610475056,-0.0000439548603026,-0.00181110412814,0.000424594356446,-0.0021809109021,0.0183598585427]],"mean":[-684.421875,139.945968628,-57.0146980286,36.6603851318,-15.3447914124,17.7208614349,4.19281482697,15.1304273605,2.8948776722,-2.74856925011,-4.95657682419,-0.1948274225,8.91727638245]},"pitch_salience":{"dmean":0.05415789783,"dmean2":0.0869743004441,"dvar":0.00335587607697,"dvar2":0.00851344224066,"max":0.987128257751,"mean":0.552942216396,"median":0.55895781517,"min":0.155768960714,"var":0.00899995304644},"silence_rate_20dB":{"dmean":0,"dmean2":0,"dvar":0,"dvar2":0,"max":1,"mean":1,"median":1,"min":1,"var":0},"silence_rate_30dB":{"dmean":0.0689948871732,"dmean2":0.138019174337,"dvar":0.0642348527908,"dvar2":0.133450761437,"max":1,"mean":0.927187561989,"median":1,"min":0,"var":0.0675110816956},"silence_rate_60dB":{"dmean":0.0413117557764,"dmean2":0.0826411098242,"dvar":0.0396070107818,"dvar2":0.0839107558131,"max":1,"mean":0.388120085001,"median":0,"min":0,"var":0.237479045987},"spectral_centroid":{"dmean":152.474349976,"dmean2":233.138366699,"dvar":47985.0898438,"dvar2":72310.8671875,"max":11070.3466797,"mean":1881.05004883,"median":1858.62072754,"min":355.751983643,"var":218502.171875},"spectral_complexity":{"dmean":2.47316861153,"dmean2":4.03152275085,"dvar":7.68163585663,"dvar2":18.9135017395,"max":59,"mean":23.0168190002,"median":25,"min":0,"var":306.623962402},"spectral_contrast_coeffs":{"dmean":[0.0432541929185,0.0429329387844,0.0350070670247,0.0274561084807,0.0201147068292,0.0477221906185],"dmean2":[0.0728320032358,0.0713415667415,0.056948017329,0.0452715754509,0.0313970968127,0.0757986679673],"dvar":[0.00122970808297,0.00113940995652,0.00075164984446,0.000448040082119,0.000261681270786,0.00138400378637],"dvar2":[0.00353856268339,0.0031820202712,0.00204640510492,0.00123040401377,0.000653784489259,0.0037425677292],"max":[-0.485777497292,-0.523648023605,-0.546300768852,-0.619278371334,-0.61895430088,-0.439895182848],"mean":[-0.691867411137,-0.783675372601,-0.764219582081,-0.777084708214,-0.771146535873,-0.677699804306],"median":[-0.692103385925,-0.790013074875,-0.769801259041,-0.778827369213,-0.776953160763,-0.679533481598],"min":[-0.968718767166,-0.988180220127,-0.9803596735,-0.979239821434,-0.97750890255,-0.959675073624],"var":[0.00362279056571,0.00330957747065,0.00296389497817,0.00180881400593,0.00166759907734,0.00545639637858]},"spectral_contrast_valleys":{"dmean":[0.379085093737,0.338265269995,0.277572542429,0.244122162461,0.19562484324,0.669543862343],"dmean2":[0.62835162878,0.558009684086,0.454180121422,0.385747611523,0.290412813425,1.0695874691],"dvar":[0.135413423181,0.119753561914,0.103274554014,0.0936360806227,0.0901453644037,0.330684512854],"dvar2":[0.270918726921,0.231271654367,0.172114431858,0.153997257352,0.129376232624,0.822294831276],"max":[-5.02770137787,-4.65566253662,-4.8690495491,-5.45448350906,-5.64209508896,-8.88981056213],"mean":[-7.94939517975,-7.22883558273,-7.08719062805,-7.61632347107,-7.66601419449,-11.7772254944],"median":[-7.65431118011,-6.91561079025,-6.52787876129,-7.17034435272,-7.38884496689,-11.6808404922],"min":[-27.420135498,-27.3848304749,-27.6677265167,-27.2051143646,-27.2391204834,-27.2467556],"var":[2.5023124218,1.9121721983,2.22880125046,2.27874040604,1.80014061928,1.67078328133]},"spectral_decrease":{"dmean":3.34752647824e-9,"dmean2":5.54554668852e-9,"dvar":6.03708637998e-17,"dvar2":1.53633644833e-16,"max":3.560584938e-9,"mean":-5.14168663202e-9,"median":-8.58307369622e-10,"min":-8.20761982823e-8,"var":7.40014304836e-17},"spectral_energy":{"dmean":0.012663481757,"dmean2":0.0210805702955,"dvar":0.000819955253974,"dvar2":0.00213425070979,"max":0.342196822166,"mean":0.0434003993869,"median":0.0440211929381,"min":1.0438520114e-20,"var":0.00226983218454},"spectral_energyband_high":{"dmean":0.000308703340124,"dmean2":0.000465341814561,"dvar":1.94646773366e-7,"dvar2":4.45882591293e-7,"max":0.0104348948225,"mean":0.00183936837129,"median":0.00105930678546,"min":7.74997713584e-21,"var":0.0000031449526432},"spectral_energyband_low":{"dmean":0.0100388545543,"dmean2":0.0170866698027,"dvar":0.000630850496236,"dvar2":0.00168058893178,"max":0.300329148769,"mean":0.0135118216276,"median":0.00170033110771,"min":8.44977125248e-23,"var":0.000664211169351},"spectral_energyband_middle_high":{"dmean":0.00248740520328,"dmean2":0.00410254765302,"dvar":0.0000134860265462,"dvar2":0.000036476933019,"max":0.0633958876133,"mean":0.0114486664534,"median":0.0113914394751,"min":1.2023064145e-21,"var":0.000136601636768},"spectral_energyband_middle_low":{"dmean":0.00173956691287,"dmean2":0.0027979274746,"dvar":0.0000100649867818,"dvar2":0.0000265999078692,"max":0.0625469237566,"mean":0.00528223905712,"median":0.00355144892819,"min":2.16594597873e-22,"var":0.0000388404259866},"spectral_entropy":{"dmean":0.106115587056,"dmean2":0.151542082429,"dvar":0.0110628707334,"dvar2":0.0208422634751,"max":9.80498123169,"mean":7.53126001358,"median":7.57761526108,"min":6.49494361877,"var":0.119423642755},"spectral_flux":{"dmean":0.0182702094316,"dmean2":0.0300323199481,"dvar":0.00112740288023,"dvar2":0.0026564123109,"max":0.467239379883,"mean":0.0928444638848,"median":0.0597478076816,"min":6.98425137169e-11,"var":0.00719784991816},"spectral_kurtosis":{"dmean":2.66202950478,"dmean2":4.10835981369,"dvar":5.6837553978,"dvar2":13.7782335281,"max":50.012840271,"mean":21.7977275848,"median":21.4609069824,"min":-1.24608063698,"var":29.7029514313},"spectral_rms":{"dmean":0.000665111117996,"dmean2":0.00108055677265,"dvar":0.0000014657786096,"dvar2":0.00000370403995475,"max":0.0182715784758,"mean":0.00524035887793,"median":0.00655343430117,"min":3.1912257125e-12,"var":0.0000148805402205},"spectral_rolloff":{"dmean":1482.36804199,"dmean2":2804.37036133,"dvar":21530260,"dvar2":54492628,"max":22028.4667969,"mean":19948.5644531,"median":21145.6054688,"min":64.599609375,"var":21729036},"spectral_skewness":{"dmean":0.192263379693,"dmean2":0.291982114315,"dvar":0.0284639261663,"dvar2":0.0628397241235,"max":5.18796014786,"mean":3.07266402245,"median":3.06225275993,"min":0.0149323297665,"var":0.19609709084},"spectral_spread":{"dmean":280289.34375,"dmean2":444748.75,"dvar":767685361664,"dvar2":1480849620990,"max":51378176,"mean":3852302.5,"median":3797230.5,"min":2628455.5,"var":1317766823940},"spectral_strongpeak":{"dmean":5.34170293808,"dmean2":10.1237287521,"dvar":253.03453064,"dvar2":771.116882324,"max":142.367919922,"mean":5.27980566025,"median":0.704929590225,"min":0,"var":195.952804565},"zerocrossingrate":{"dmean":0.0340348444879,"dmean2":0.0415303222835,"dvar":0.000943843508139,"dvar2":0.00149171194062,"max":0.92431640625,"mean":0.375115185976,"median":0.37353515625,"min":0.060546875,"var":0.00853697117418}},"metadata":{"audio_properties":{"analysis_sample_rate":44100,"bit_rate":128000,"codec":"mp3","downmix":"mix","equal_loudness":0,"length":109.035102844,"lossless":false,"md5_encoded":"0d830e8413a6be5d1d15421c25df7f99","replay_gain":-9.09509849548},"tags":{"album":["Do or Die"],"albumartist":["Dropkick Murphys"],"albumartistsort":["Dropkick Murphys"],"artist":["Dropkick Murphys"],"artistsort":["Dropkick Murphys"],"asin":["B000001INI"],"barcode":["045778040728"],"catalognumber":["80407-2"],"composer":["[unknown]"],"date":["1998-01-27"],"discnumber":["1/1"],"file_name":"01 Cadence to Arms.mp3","genre":["Celtic"],"label":["Hellcat Records"],"language":["eng"],"length":["109035"],"media":["CD"],"mp3gain_album_minmax":["000,255"],"mp3gain_minmax":["141,196"],"musicbrainz album release country":["US"],"musicbrainz album status":["official"],"musicbrainz album type":["album"],"musicbrainz_albumartistid":["e8374874-4178-4869-b92e-fef6bf30dc04"],"musicbrainz_albumid":["827c4524-b0da-3267-99b3-bfec90547664"],"musicbrainz_artistid":["e8374874-4178-4869-b92e-fef6bf30dc04"],"musicbrainz_recordingid":["b8f65cad-6053-4924-96c4-b6a9d72710a7"],"musicip_puid":["edc72249-d512-9e30-b0eb-541706a8cd98"],"originaldate":["1997"],"performer:bass":["Ken Casey"],"performer:drums":["Matt Kelly"],"performer:guitar":["Rick Barton"],"performer:lead vocal":["Mike McColgan"],"performer:vocal":["Rick Barton","Ken Casey"],"replaygain_album_gain":["-7.58 dB"],"replaygain_album_peak":["14.966090"],"replaygain_track_gain":["-9.54 dB"],"replaygain_track_peak":["1.218368"],"script":["Latn"],"title":["Cadence to Arms"],"tracknumber":["1/16"]},"version":{"essentia":"2.1-beta1","essentia_build_sha":"eef087cf131c10083d474ad51def18efd0e38295","essentia_git_sha":"v2.1_beta1-7-ge0e83e8-dirty","extractor":"music 1.0"}},"rhythm":{"beats_count":257,"beats_loudness":{"dmean":0.0166633259505,"dmean2":0.0297884270549,"dvar":0.000523735943716,"dvar2":0.00148912379518,"max":0.206099972129,"mean":0.0600568726659,"median":0.074768505990