{"lowlevel":{"average_loudness":0.643089056015,"barkbands":{"dmean":[0.00206658570096,0.00490357307717,0.00162859039847,0.00295586395077,0.00273156538606,0.00142551958561,0.000913905270863,0.000543179048691,0.000421886245022,0.000181133218575,0.000142249802593,0.0000783004506957,0.0000678469295963,0.0000415334507124,0.0000326403824147,0.0000319925857184,0.0000378426193492,0.0000244693328568,0.0000191853996512,0.0000180471270141,0.0000160861418408,0.0000115763232316,0.0000119608403111,0.000013617201148,0.00000261831110038,0.0000140353358802,0.0000456688503618],"dmean2":[0.00340070063248,0.00817574188113,0.00274992873892,0.00490543805063,0.00429029064253,0.0020703964401,0.00143823411781,0.000861400098074,0.000661026104353,0.000287598872092,0.000219669644139,0.000125415957882,0.000113886402687,0.0000697084979038,0.0000544211143279,0.0000527398842678,0.0000657036725897,0.0000405711216445,0.0000315170473186,0.000030526844057,0.0000255306385952,0.0000181051273103,0.000018476308469,0.0000217789056478,0.00000441902420789,0.0000217132328544,0.0000732129701646],"dvar":[0.000064549378294,0.000110302171379,0.00000816152805783,0.0000354129515472,0.0000420523465436,0.0000110564624265,0.0000061096961872,0.00000298355416817,0.00000283698796011,2.80915486428e-7,1.99154399638e-7,4.23386410375e-8,3.80944769063e-8,1.09256470537e-8,1.7065499236e-8,1.25408563534e-8,4.18389767276e-8,1.07280087036e-8,6.11248163196e-9,1.88423925351e-8,4.6628922945e-9,1.46533229994e-9,2.67463495796e-9,7.56767271071e-9,2.02260048987e-11,2.71219957604e-9,1.27321095889e-8],"dvar2":[0.000158216731506,0.00029238985735,0.0000230834320973,0.000103457838122,0.000101817640825,0.0000217537617573,0.0000150275172928,0.00000742797556086,0.00000729220982976,5.78421406772e-7,4.33139746292e-7,1.04215708063e-7,1.00374244028e-7,2.86369861158e-8,4.16575431927e-8,3.12291206228e-8,1.16118407334e-7,2.76079870076e-8,1.46666945255e-8,5.19670280141e-8,1.05106634507e-8,3.230601342e-9,6.45975806179e-9,1.96478779912e-8,5.32785759955e-11,6.24234308688e-9,3.23246354128e-8],"max":[0.214330077171,0.224139899015,0.052225984633,0.139370501041,0.153362542391,0.131928041577,0.0613833926618,0.0523965395987,0.0503942444921,0.0177604872733,0.0181366298348,0.00864634290338,0.00641182623804,0.00194075843319,0.00557071948424,0.00493811024353,0.00442473916337,0.00268372311257,0.00352550740354,0.0110258962959,0.00347592309117,0.00203988677822,0.00330186309293,0.00635370705277,0.000121177479741,0.00301168602891,0.00228287326172],"mean":[0.00221194047481,0.0103052360937,0.00249196751975,0.00512170419097,0.00511500239372,0.00318174762651,0.00176934606861,0.000919631740544,0.000674762181006,0.000273759331321,0.000231325597269,0.000127268620417,0.0000988370447885,0.0000580282248848,0.0000403807935072,0.0000403591693612,0.0000349340007233,0.0000262704470515,0.0000213828025153,0.0000193856049009,0.0000195782140509,0.0000135268519443,0.0000125229717014,0.0000123229938254,0.00000264056097876,0.0000139057938213,0.0000801025598776],"median":[0.000340520462487,0.00328754074872,0.00113894999959,0.0016384832561,0.00147076346911,0.000696616945788,0.000348657456925,0.000114118141937,0.0000821160792839,0.0000569151052332,0.0000407211737183,0.0000300143256027,0.0000289610361506,0.0000172258587554,0.0000125852529891,0.0000101724190245,0.00000564153788218,0.0000048177635108,0.0000043380414354,0.00000390332570532,0.0000038937332647,0.00000275624711321,0.00000197486292564,0.00000157360727826,9.74561089606e-7,0.00000242085252466,0.0000196886758204],"min":[3.92474866426e-23,7.12966175252e-23,1.29004530089e-23,2.6851649811e-24,5.54536841519e-23,6.6053961545e-23,1.00354731798e-22,5.44886295858e-23,1.82758687574e-23,4.3424300032e-23,3.38079309806e-23,1.05300056637e-22,9.45817719634e-23,5.71448378496e-23,2.48509284769e-22,1.84680239143e-22,1.67253418223e-22,3.05180572573e-22,2.98264395514e-22,4.18347276375e-22,4.67913312937e-22,6.89113343884e-22,5.0227311523e-22,1.25894556727e-21,1.32172102289e-21,1.54738451719e-21,2.47226089542e-21],"var":[0.0000600918028795,0.000292483251542,0.000016322317606,0.0000802623544587,0.000111235538498,0.0000564166039112,0.0000172910949914,0.00000690114620738,0.00000580563755648,6.45876241379e-7,5.93762649714e-7,8.84013076075e-8,5.69502809356e-8,1.4360617584e-8,1.87352693359e-8,1.51673429372e-8,3.02805887031e-8,1.24477059771e-8,9.24558118953e-9,1.65440567912e-8,8.96793928007e-9,2.65687538636e-9,3.11369019457e-9,5.9017359888e-9,2.0973205811e-11,2.74113554077e-9,2.61672266078e-8]},"barkbands_crest":{"dmean":2.81925654411,"dmean2":4.62525606155,"dvar":6.18966245651,"dvar2":16.3227024078,"max":26.3398418427,"mean":13.189866066,"median":12.4252996445,"min":2.50398421288,"var":23.4257011414},"barkbands_flatness_db":{"dmean":0.0454646982253,"dmean2":0.072397120297,"dvar":0.00186394527555,"dvar2":0.00498968362808,"max":0.647041320801,"mean":0.227387502789,"median":0.2233543396,"min":0.0233879089355,"var":0.00606896076351},"barkbands_kurtosis":{"dmean":22.0822544098,"dmean2":36.4797286987,"dvar":2857.69213867,"dvar2":7617.01025391,"max":2155.14599609,"mean":38.8863372803,"median":20.3310546875,"min":-1.92535591125,"var":4504.90917969},"barkbands_skewness":{"dmean":1.22274887562,"dmean2":1.95958256721,"dvar":2.08440589905,"dvar2":5.15987539291,"max":37.4588623047,"mean":3.72879648209,"median":3.1880133152,"min":-10.4360141754,"var":7.36083126068},"barkbands_spread":{"dmean":3.82860779762,"dmean2":6.06205749512,"dvar":51.0505142212,"dvar2":118.199127197,"max":135.829772949,"mean":9.3470582962,"median":5.0499048233,"min":0.0981000810862,"var":195.295196533},"dissonance":{"dmean":0.0386963039637,"dmean2":0.0641275122762,"dvar":0.00134447729215,"dvar2":0.0037076305598,"max":0.500000119209,"mean":0.422239363194,"median":0.434471219778,"min":0.0965644046664,"var":0.00323922513053},"dynamic_complexity":5.58603477478,"erbbands":{"dmean":[0.218317553401,0.897511780262,1.68363428116,5.64207696915,11.0146455765,7.81819486618,10.2877588272,12.5742444992,12.3399791718,15.2332048416,8.79360198975,10.1901187897,5.70188522339,4.34124422073,5.47181224823,2.70239114761,3.08257603645,2.01968050003,1.91702640057,1.66270267963,1.76943874359,2.16432571411,1.50346183777,1.08102357388,0.901252686977,0.825053393841,0.615625798702,0.637849450111,0.450054526329,0.353316605091,0.351658850908,0.361123144627,0.158534839749,0.0348289683461,0.0178117640316,0.023956393823,0.0353278778493,0.012042991817,0.00345380487852,0.00202727084979],"dmean2":[0.359934210777,1.50411438942,2.81467747688,9.43567562103,17.6603507996,12.5122642517,16.0322551727,18.1038703918,19.0912837982,24.358587265,13.9097757339,16.0272808075,9.00345897675,6.88043165207,8.42121696472,4.34910106659,5.16844415665,3.38632273674,3.21622800827,2.74122357368,2.89696788788,3.75533103943,2.5130212307,1.75901210308,1.49513864517,1.38505613804,0.989244937897,1.00831329823,0.70274066925,0.546837747097,0.543836891651,0.575400233269,0.254959702492,0.0577755123377,0.0300189703703,0.0383941605687,0.0547139719129,0.0183810349554,0.00540465954691,0.00325795961544],"dvar":[0.363551944494,2.5840177536,8.15765571594,114.691230774,581.077880859,486.236938477,684.156494141,1165.65649414,1304.15637207,2212.63085938,677.581970215,2096.42553711,314.002441406,135.746734619,295.685943604,46.4150314331,85.2153701782,31.3349533081,33.0490493774,38.7031669617,44.9714622498,139.338088989,45.5317230225,20.474521637,15.2466583252,53.7540054321,7.42497062683,6.3876414299,2.506731987,1.76744139194,2.23342752457,6.39608049393,0.696199893951,0.00571894738823,0.000883001950569,0.00549147604033,0.0202356018126,0.0013836636208,0.0000887157439138,0.00000997251481749],"dvar2":[0.983591794968,6.65980625153,22.4062480927,335.895782471,1409.30969238,1220.77294922,1643.9005127,2194.06469727,3229.01123047,5333.89746094,1581.95214844,5569.73876953,678.247253418,310.076080322,615.479064941,118.109672546,222.488220215,81.8325805664,86.2134933472,89.3020324707,113.818305969,387.560852051,120.84197998,47.7690811157,37.6409759521,147.024642944,16.6721324921,13.8856267929,5.74754285812,4.03125190735,5.34255981445,16.9712181091,1.74791908264,0.0140794040635,0.00234105088748,0.0122397644445,0.0474890209734,0.00319839431904,0.00021810074395,0.0000259855951299],"max":[13.5577745438,28.0600471497,52.2598381042,198.898330688,650.796875,578.184265137,701.612365723,1513.47680664,1097.68994141,1259.62353516,734.305114746,1510.88659668,704.112792969,316.150360107,749.74987793,301.887908936,334.210662842,104.372688293,139.322555542,341.399353027,297.084503174,263.617828369,147.68611145,197.42868042,229.938262939,618.100646973,176.407730103,131.31288147,87.4849700928,78.0841751099,91.7161636353,187.594100952,57.8111610413,4.18335771561,0.475987374783,4.06739997864,8.40172195435,1.67201125622,0.315057277679,0.0626480281353],"mean":[0.421029895544,1.83267259598,2.9879887104,9.93452835083,21.1140213013,13.1834850311,19.2926692963,28.2623958588,25.6881332397,27.627281189,16.2241458893,16.4876670837,9.75220584869,7.22336196899,9.65963745117,4.90265035629,4.67892313004,2.97341895103,2.6187505722,2.25971436501,2.13571810722,2.01530623436,1.53722906113,1.24384045601,0.981952786446,0.912659168243,0.771642208099,0.756143510342,0.519841015339,0.396161943674,0.363264173269,0.330465197563,0.143588811159,0.0349311977625,0.018385194242,0.0234710630029,0.0342761203647,0.0136479893699,0.00508371926844,0.00622573075816],"median":[0.0809388756752,0.694405198097,1.56673836708,3.89776730537,7.04816913605,3.61090278625,4.86207342148,5.98264837265,4.9948964119,4.61197853088,2.52627658844,2.01146531105,1.89763605595,2.01301813126,1.92020153999,1.36231672764,1.39867067337,1.03184294701,0.795069694519,0.689832568169,0.522348880768,0.333701699972,0.260512590408,0.257264733315,0.199960589409,0.189650952816,0.171227931976,0.140292972326,0.101471364498,0.0734009072185,0.0556735917926,0.0440390966833,0.0198135878891,0.011648427695,0.00712956674397,0.00565008725971,0.00539979897439,0.00283424044028,0.00180602283217,0.00365757872351],"min":[3.79040329183e-21,9.5813210847e-21,1.55967424813e-20,9.01023769006e-21,2.99098105118e-20,1.94252497188e-19,4.96818996464e-19,5.18754999128e-19,1.45922869822e-18,1.32950775302e-18,1.13223665405e-18,4.55793371322e-19,1.41510905569e-18,1.3145456067e-18,1.72717690045e-18,4.0084502468e-18,4.82645825354e-18,2.27601702715e-18,1.10782529273e-17,1.08203040979e-17,1.09281874749e-17,8.9069600676e-18,1.38654694341e-17,2.12282040665e-17,1.15000265313e-17,1.92389819314e-17,1.64364013719e-17,2.15805035981e-17,1.81382030595e-17,2.40129191792e-17,1.71791351157e-17,2.44243108394e-17,1.89379560173e-17,1.21138201885e-17,1.05097920764e-17,6.54743067902e-18,2.82769686488e-18,1.35216205865e-18,3.50017340299e-19,3.43248870313e-20],"var":[0.706460654736,8.85960483551,18.6963787079,261.849609375,1825.52868652,944.64050293,1680.59667969,6176.00146484,4083.45678711,5125.54736328,1886.1887207,4007.40771484,829.718139648,287.935302734,1041.07128906,112.741264343,132.869445801,40.4393615723,36.336566925,55.2517967224,49.2182769775,99.1567001343,44.8612365723,31.1314754486,21.3532485962,46.0667266846,13.6646842957,13.2774934769,4.36055326462,2.64011049271,2.63720226288,4.72655153275,0.60788756609,0.00606974074617,0.000936694443226,0.00585824390873,0.0194486565888,0.00163674075156,0.000113999391033,0.0000486680983158]},"erbbands_crest":{"dmean":3.40793132782,"dmean2":5.55442523956,"dvar":9.35461330414,"dvar2":24.0452728271,"max":33.4052200317,"mean":12.2474384308,"median":11.2939243317,"min":1.972620368,"var":30.9338264465},"erbbands_flatness_db":{"dmean":0.0367148630321,"dmean2":0.0575019568205,"dvar":0.00105405878276,"dvar2":0.00266142538749,"max":0.430219709873,"mean":0.168992578983,"median":0.167388722301,"min":0.0319638326764,"var":0.00388297601603},"erbbands_kurtosis":{"dmean":5.02795934677,"dmean2":8.28573513031,"dvar":139.819458008,"dvar2":360.768859863,"max":342.956237793,"mean":7.27975177765,"median":3.20487236977,"min":-1.85378396511,"var":249.160736084},"erbbands_skewness":{"dmean":0.674693286419,"dmean2":1.07110214233,"dvar":0.569195330143,"dvar2":1.43312442303,"max":15.9024791718,"mean":1.55780410767,"median":1.37857723236,"min":-8.76153850555,"var":2.05978131294},"erbbands_spread":{"dmean":9.95937347412,"dmean2":15.5703334808,"dvar":173.983139038,"dvar2":382.897277832,"max":175.413482666,"mean":26.9294109344,"median":19.795841217,"min":0.392143040895,"var":545.777954102},"gfcc":{"cov":[[13558.0136719,1195.8260498,-1270.90563965,-112.974021912,250.665878296,-277.080780029,338.661956787,-452.828094482,101.205116272,-264.080505371,-36.0280075073,50.4854049683,-121.565811157],[1195.8260498,1284.30224609,113.500793457,-339.981506348,52.042263031,-136.264358521,82.6397628784,-158.465133667,37.4964103699,-58.4702415466,67.3845748901,-107.898529053,75.095954895],[-1270.90563965,113.500793457,797.704040527,232.638031006,-30.2690887451,116.716072083,-69.2141647339,100.660835266,-10.496588707,26.3923072815,15.8003492355,-24.0775260925,9.5495634079],[-112.974021912,-339.981506348,232.638031006,621.27722168,213.916946411,209.788162231,28.5460529327,136.86567688,-12.420249939,34.8645172119,-7.60131597519,88.4792251587,-27.6352748871],[250.665878296,52.042263031,-30.2690887451,213.916946411,335.371765137,144.706588745,98.7765655518,4.114153862,16.0973892212,-30.7232494354,9.00203418732,28.7342681885,17.7420101166],[-277.080780029,-136.264358521,116.716072083,209.788162231,144.706588745,332.137512207,63.3663864136,151.849838257,-26.0633354187,24.6039848328,8.66868591309,61.102355957,14.8603096008],[338.661956787,82.6397628784,-69.2141647339,28.5460529327,98.7765655518,63.3663864136,176.391448975,34.0463523865,62.9728164673,-0.529253184795,19.032793045,23.4251308441,5.53888511658],[-452.828094482,-158.465133667,100.660835266,136.86567688,4.114153862,151.849838257,34.0463523865,225.838241577,46.5527610779,75.1519165039,12.2755775452,32.4744720459,20.9016685486],[101.205116272,37.4964103699,-10.496588707,-12.420249939,16.0973892212,-26.0633354187,62.9728164673,46.5527610779,142.49621582,49.5639533997,15.2332582474,3.07253742218,-3.89808416367],[-264.080505371,-58.4702415466,26.3923072815,34.8645172119,-30.7232494354,24.6039848328,-0.529253184795,75.1519165039,49.5639533997,113.845115662,55.6505661011,24.0353717804,8.71193885803],[-36.0280075073,67.3845748901,15.8003492355,-7.60131597519,9.00203418732,8.66868591309,19.032793045,12.2755775452,15.2332582474,55.6505661011,96.6197280884,47.6578674316,23.8478527069],[50.4854049683,-107.898529053,-24.0775260925,88.4792251587,28.7342681885,61.102355957,23.4251308441,32.4744720459,3.07253742218,24.0353717804,47.6578674316,96.3386306763,21.8520317078],[-121.565811157,75.095954895,9.5495634079,-27.6352748871,17.7420101166,14.8603096008,5.53888511658,20.9016685486,-3.89808416367,8.71193885803,23.8478527069,21.8520317078,71.9028015137]],"icov":[[0.000128994986881,-0.000230544945225,0.000305542751448,-0.000279829837382,0.000226040021516,-0.000100198434666,0.00000173058094788,0.000138409130159,-0.000216769025428,0.000303694687318,-0.0000143633196785,-0.000159581715707,0.000240023640799],[-0.000230544945225,0.00203020032495,-0.000988356536254,0.000943331397139,-0.000640308309812,0.0000965932049439,-0.000846841197927,0.000659330340568,-0.00019234114734,0.000595482939389,-0.00233601871878,0.00290580815636,-0.00219561089762],[0.000305542751448,-0.000988356536254,0.00325703108683,-0.00296524143778,0.00286865886301,-0.00218723807484,0.00150472309906,0.000698673189618,-0.00245193322189,0.00317844585516,-0.00324598583393,0.0033300484065,-0.00105170893949],[-0.000279829837382,0.000943331397139,-0.00296524143778,0.00665761018172,-0.00589486816898,0.00278961192816,-0.000563353125472,-0.00315188639797,0.00420360127464,-0.00511396722868,0.00579159660265,-0.00719560403377,0.00444538798183],[0.000226040021516,-0.000640308309812,0.00286865886301,-0.00589486816898,0.0103444606066,-0.00589493149891,-0.000694656453561,0.00491551123559,-0.00579479755834,0.00676249619573,-0.00664191506803,0.00749471085146,-0.00551363127306],[-0.000100198434666,0.0000965932049439,-0.00218723807484,0.00278961192816,-0.00589493149891,0.0100000603124,-0.00245053810067,-0.0066766734235,0.00710203824565,-0.00444316817448,0.0056069646962,-0.0074721663259,0.00394443748519],[0.00000173058094788,-0.000846841197927,0.00150472309906,-0.000563353125472,-0.000694656453561,-0.00245053810067,0.0105505445972,-0.00108635099605,-0.00556977186352,0.00445106159896,-0.00325082195923,-0.0000214743158722,0.000895390287042],[0.000138409130159,0.000659330340568,0.000698673189618,-0.00315188639797,0.00491551123559,-0.0066766734235,-0.00108635099605,0.0131538743153,-0.0055228206329,-0.00222869263962,-0.00072975148214,0.00492802448571,-0.00661689601839],[-0.000216769025428,-0.00019234114734,-0.00245193322189,0.00420360127464,-0.00579479755834,0.00710203824565,-0.00556977186352,-0.0055228206329,0.016920728609,-0.0112152788788,0.00855821743608,-0.00734504545107,0.00544218812138],[0.000303694687318,0.000595482939389,0.00317844585516,-0.00511396722868,0.00676249619573,-0.00444316817448,0.00445106159896,-0.00222869263962,-0.0112152788788,0.0279823858291,-0.020998518914,0.0109847970307,-0.00331380101852],[-0.0000143633196785,-0.00233601871878,-0.00324598583393,0.00579159660265,-0.00664191506803,0.0056069646962,-0.00325082195923,-0.00072975148214,0.00855821743608,-0.020998518914,0.0345115214586,-0.0223774723709,0.00437777489424],[-0.000159581715707,0.00290580815636,0.0033300484065,-0.00719560403377,0.00749471085146,-0.0074721663259,-0.0000214743158722,0.00492802448571,-0.00734504545107,0.0109847970307,-0.0223774723709,0.0334564633667,-0.0127234570682],[0.000240023640799,-0.00219561089762,-0.00105170893949,0.00444538798183,-0.00551363127306,0.00394443748519,0.000895390287042,-0.00661689601839,0.00544218812138,-0.00331380101852,0.00437777489424,-0.0127234570682,0.0239659883082]],"mean":[-91.4579772949,109.992271423,-42.624961853,1.63898169994,-31.0702285767,-9.41024589539,-14.6931877136,-14.2536182404,-7.98306894302,-6.38572597504,-5.93580007553,-4.86229085922,-6.79760408401]},"hfc":{"dmean":55.8740158081,"dmean2":91.3276443481,"dvar":8197.95410156,"dvar2":22534.484375,"max":1573.33874512,"mean":149.650466919,"median":99.9422454834,"min":1.21137014053e-16,"var":27887.4160156},"melbands":{"dmean":[0.00165524706244,0.000924676656723,0.0011586563196,0.000621376093477,0.000370608846424,0.000280154490611,0.000178629692527,0.000160583542311,0.0000729518797016,0.0000607303882134,0.0000289893705485,0.0000189334787137,0.0000197043464141,0.0000104354667201,0.00000762453100833,0.00000585651650908,0.00000370059387933,0.00000336970310855,0.00000242202713707,0.00000221460732064,0.0000020859029064,0.00000219901698983,0.00000200635963665,0.00000101283774256,8.97723282378e-7,6.61510512145e-7,7.12630594535e-7,5.13654470069e-7,3.83138115012e-7,4.1399206907e-7,3.62308099966e-7,2.60807667019e-7,2.09326728395e-7,1.96621613213e-7,2.0131486167e-7,2.051430954e-7,2.38078555981e-7,1.39642040153e-7,4.00550845825e-8,2.42522588678e-8],"dmean2":[0.00272447243333,0.00154792366084,0.00191308336798,0.000984596204944,0.00058072945103,0.000403318408644,0.000275651254924,0.000256230065133,0.000114108355774,0.0000958590826485,0.0000457921560155,0.0000300992287521,0.0000305092744384,0.0000165860292327,0.0000124309835883,0.00000979684591584,0.00000623193182037,0.00000565308391742,0.00000401357510782,0.00000367396592083,0.00000342982252732,0.00000380555775337,0.00000346880233337,0.00000166408585756,0.00000148221749896,0.00000108293136236,0.00000122667472624,8.57198870108e-7,6.2063287487e-7,6.71625400628e-7,5.73726254061e-7,4.12191781152e-7,3.29680233335e-7,3.06817952378e-7,3.13571575816e-7,3.22149816157e-7,3.84065458547e-7,2.25509680263e-7,6.57231566947e-8,4.10503417925e-8],"dvar":[0.0000180959323188,0.00000219911680688,0.00000481437928102,0.00000175074319486,0.00000113347755359,4.98938334204e-7,2.42651509552e-7,2.38424860299e-7,4.92731153656e-8,7.50775583924e-8,8.1428490617e-9,2.65075383865e-9,3.65578545214e-9,8.9921042834e-10,3.44725248347e-10,2.97126656612e-10,1.07816047756e-10,8.88357998274e-11,1.12953695008e-10,5.95281532401e-11,6.5545464889e-11,1.32963959287e-10,1.21967852484e-10,1.90835021396e-11,1.55051874118e-11,7.29661990551e-12,1.69486629592e-11,2.507473916e-11,3.2129711218e-12,4.28156858925e-12,1.84295612625e-12,7.54127012573e-13,6.65537883051e-13,5.97928011357e-13,7.06060101878e-13,1.02966452638e-12,3.69589862187e-12,5.36810342271e-13,1.30834055815e-14,1.80654191727e-15],"dvar2":[0.0000481400093122,0.00000585681755183,0.0000136133430715,0.00000424625841333,0.00000276904324892,9.52586958647e-7,5.97541543357e-7,5.79101822495e-7,1.10273767007e-7,2.03506189678e-7,1.71910059521e-8,5.86320725304e-9,7.93437848756e-9,2.1213033552e-9,8.7175117125e-10,7.62567897716e-10,2.85020396174e-10,2.36279718013e-10,2.70598654595e-10,1.47515624715e-10,1.67848068777e-10,3.67023605952e-10,3.40440287072e-10,4.86396999066e-11,3.65693343662e-11,1.76292834497e-11,4.52813550544e-11,6.93491306047e-11,7.43456077951e-12,1.05246514628e-11,3.9225879489e-12,1.69929716999e-12,1.61176280655e-12,1.3695348024e-12,1.67457334891e-12,2.5730079959e-12,9.97474585568e-12,1.3400481896e-12,2.91093206126e-14,4.76391954788e-15],"max":[0.0910484567285,0.0274429358542,0.0513835512102,0.036401707679,0.0320417582989,0.0301308240741,0.0143032195047,0.0113623356447,0.00675916578621,0.00948300585151,0.00345682608895,0.00170634046663,0.002905492438,0.00119767501019,0.000534722639713,0.000532898528036,0.000203220464755,0.000181845432962,0.000552859448362,0.00034358954872,0.000335818593157,0.000260439672275,0.000228210104979,0.00015079145669,0.000175460794708,0.000149951461935,0.000290772906737,0.00042040302651,0.000126025712234,0.00012754657655,0.0000672129463055,0.0000409079002566,0.0000496491193189,0.0000436799164163,0.0000465793964395,0.0000705290076439,0.000143588593346,0.0000484705815325,0.00000694367736287,0.00000130473927129],"mean":[0.00337448692881,0.001833240618,0.00221312511712,0.00121170992497,0.000671092711855,0.000636524287984,0.000371136149624,0.000282214372419,0.000126693499624,0.0000962267658906,0.0000470871236757,0.0000294626188406,0.0000332370946126,0.0000173485950654,0.0000118204661703,0.00000847772389534,0.0000050721205298,0.00000445853174824,0.00000304214199787,0.00000288418436867,0.00000238658776652,0.00000204288267014,0.00000177977574367,0.00000114276747354,0.00000100405475223,7.30503302293e-7,6.90966771799e-7,5.8048306073e-7,4.75411525258e-7,4.70156464871e-7,4.23729431986e-7,2.95733457278e-7,2.38376344441e-7,2.14121058661e-7,2.09171034271e-7,1.98489175318e-7,2.09204642942e-7,1.23007069419e-7,3.95650587848e-8,2.41031674619e-8],"median":[0.000895170611329,0.0009886987973,0.000895993667655,0.000403206038754,0.000163306584,0.000138986419188,0.0000725471836631,0.000040132952563,0.0000179757789738,0.0000110378659883,0.00000877796537679,0.00000761580486142,0.00000619718684902,0.00000368473797607,0.00000306003539663,0.00000258926843344,0.00000164053267326,0.00000118882348943,9.46762668264e-7,7.29435555513e-7,5.31980731466e-7,3.37707092513e-7,2.43348836193e-7,2.24716103503e-7,2.01981720238e-7,1.52257641162e-7,1.28279765477e-7,1.20431593587e-7,1.03781900407e-7,9.31155099693e-8,7.44024148958e-8,5.79669503509e-8,4.68965595246e-8,3.70065116329e-8,3.25471063434e-8,2.78738276904e-8,2.59641765865e-8,1.35761659692e-8,1.0788667737e-8,8.66529159538e-9],"min":[2.82179079894e-23,9.41803837576e-24,2.06623477284e-24,6.47494467207e-24,1.56269290579e-23,1.36991076223e-23,2.11586268292e-23,1.28478422974e-23,8.25021342483e-24,2.82422163438e-24,6.75675931401e-24,5.00663274159e-24,5.67560532745e-24,6.1353960615e-24,1.8071440187e-23,6.32208551675e-24,3.03774143231e-24,1.70164097237e-23,1.69724749045e-23,1.3085436158e-23,1.2595008433e-23,1.03093628462e-23,6.94935654857e-24,1.60784604183e-23,1.79649155658e-23,1.00428304122e-23,7.76553728466e-24,1.48121666937e-23,9.95158129356e-24,1.15090214901e-23,1.31833519402e-23,8.1308319486e-24,1.68142073188e-23,1.07737415953e-23,9.01479319139e-24,1.2944445415e-23,1.48587378861e-23,1.45247310234e-23,1.06889832242e-23,1.06473353127e-23],"var":[0.0000369887129636,0.0000058915406953,0.0000125360566017,0.00000532933427166,0.00000237362132793,0.00000265283756562,7.77254797413e-7,5.44609690678e-7,1.32991289092e-7,1.39128161436e-7,2.11300985598e-8,5.50441425773e-9,1.18751497524e-8,2.27034813172e-9,7.50959516793e-10,4.48470427461e-10,1.27664198657e-10,1.02804313673e-10,1.32804267583e-10,7.77838557453e-11,6.90086043864e-11,9.76614761283e-11,8.76537384342e-11,2.4457953024e-11,2.21764863417e-11,1.1379590846e-11,1.65820690512e-11,2.04953744948e-11,5.58126678554e-12,5.69015320973e-12,4.16305922027e-12,1.29767138875e-12,9.98647779055e-13,8.25675086028e-13,8.93580944916e-13,9.29942212645e-13,2.57411409896e-12,4.71610272536e-13,1.66189253385e-14,1.82897854949e-15]},"melbands_crest":{"dmean":3.64131522179,"dmean2":6.01542282104,"dvar":11.3710069656,"dvar2":29.9501018524,"max":38.8296813965,"mean":18.2255802155,"median":17.1711750031,"min":2.46324491501,"var":44.1860122681},"melbands_flatness_db":{"dmean":0.0529381148517,"dmean2":0.0839951559901,"dvar":0.00241845659912,"dvar2":0.00638045417145,"max":0.816748917103,"mean":0.352657705545,"median":0.350762963295,"min":0.00919010769576,"var":0.00859017577022},"melbands_kurtosis":{"dmean":24.951833725,"dmean2":40.6304244995,"dvar":3458.06347656,"dvar2":8615.94433594,"max":2203.85961914,"mean":43.7845649719,"median":16.0724601746,"min":-1.78019785881,"var":7187.03125},"melbands_skewness":{"dmean":1.21827685833,"dmean2":1.93859088421,"dvar":2.435526371,"dvar2":6.00934934616,"max":34.1525154114,"mean":3.50824308395,"median":2.68567752838,"min":-6.26359891891,"var":9.57077503204},"melbands_spread":{"dmean":2.57904863358,"dmean2":4.14831829071,"dvar":41.7539405823,"dvar2":101.009117126,"max":287.301818848,"mean":7.02085542679,"median":4.17842960358,"min":0.0768972784281,"var":193.347839355},"mfcc":{"cov":[[11557.6542969,1212.3392334,-1210.40454102,-48.5403709412,-328.805053711,221.29397583,-98.1322250366,137.134124756,-106.143989563,-50.8580284119,-163.652404785,-35.5621643066,-70.5307312012],[1212.3392334,1615.92834473,36.2203140259,-199.028244019,-118.83782196,-32.67603302,-24.2185401917,-131.284957886,-27.5528793335,-61.9464836121,-9.38544750214,-64.616645813,12.4090042114],[-1210.40454102,36.2203140259,763.102966309,118.458221436,141.42855835,-24.3201217651,30.5338573456,9.22041225433,7.98490715027,43.5108642578,31.2195205688,11.9809417725,-12.1387033463],[-48.5403709412,-199.028244019,118.458221436,330.447753906,161.485336304,84.6361618042,38.0970878601,65.4211578369,21.2955093384,17.1323986053,14.2213134766,20.2328605652,3.78393554688],[-328.805053711,-118.83782196,141.42855835,161.485336304,278.490661621,124.958892822,115.360839844,85.5994186401,50.5144195557,11.1232872009,19.0701408386,2.0765311718,8.5371837616],[221.29397583,-32.67603302,-24.3201217651,84.6361618042,124.958892822,189.443954468,109.741355896,95.2766571045,19.8611431122,9.55269813538,-13.3186922073,7.47428703308,4.09393692017],[-98.1322250366,-24.2185401917,30.5338573456,38.0970878601,115.360839844,109.741355896,189.289886475,99.0725021362,41.9856033325,6.10068416595,5.77943181992,7.42004060745,25.441619873],[137.134124756,-131.284957886,9.22041225433,65.4211578369,85.5994186401,95.2766571045,99.0725021362,167.317352295,72.2465362549,45.991191864,7.956990242,16.310333252,4.81699705124],[-106.143989563,-27.5528793335,7.98490715027,21.2955093384,50.5144195557,19.8611431122,41.9856033325,72.2465362549,119.708450317,61.7235374451,44.2477073669,7.55792427063,13.0522947311],[-50.8580284119,-61.9464836121,43.5108642578,17.1323986053,11.1232872009,9.55269813538,6.10068416595,45.991191864,61.7235374451,98.981048584,50.5260658264,32.4029693604,4.36562585831],[-163.652404785,-9.38544750214,31.2195205688,14.2213134766,19.0701408386,-13.3186922073,5.77943181992,7.956990242,44.2477073669,50.5260658264,88.8438796997,38.2759246826,25.9266319275],[-35.5621643066,-64.616645813,11.9809417725,20.2328605652,2.0765311718,7.47428703308,7.42004060745,16.310333252,7.55792427063,32.4029693604,38.2759246826,77.6271743774,39.7359657288],[-70.5307312012,12.4090042114,-12.1387033463,3.78393554688,8.5371837616,4.09393692017,25.441619873,4.81699705124,13.0522947311,4.36562585831,25.9266319275,39.7359657288,70.2787246704]],"icov":[[0.000140451928019,-0.000155593661475,0.00023648190836,-0.000138585863169,0.0000873018871062,-0.0000693286419846,0.000142559772939,-0.000353821407771,0.000253326870734,-0.000151051412104,0.0001356980938,-0.00010933347221,0.000156904628966],[-0.000155593661475,0.00096237345133,-0.000499674177263,0.000511025602464,0.00037909465027,-0.000651210546494,-0.000192958992557,0.00109172856901,-0.000720542389899,0.000636388198473,-0.00056787324138,0.00095166626852,-0.000687280611601],[0.00023648190836,-0.000499674177263,0.00221693958156,-0.000663967453875,-0.00131161662284,0.00157420057803,-0.00035580326221,-0.000615784083493,0.00153401854914,-0.00185164180584,0.000566300819628,-0.000555424659979,0.000918106234167],[-0.000138585863169,0.000511025602464,-0.000663967453875,0.00500296242535,-0.00248728902079,-0.00111787067726,0.00159720412921,-0.00057971116621,0.000128839732497,0.000613667303696,-0.000541652087122,-0.000516275002155,-0.000354891555617],[0.0000873018871062,0.00037909465027,-0.00131161662284,-0.00248728902079,0.00911161676049,-0.00434944173321,-0.00202835560776,0.000643196050078,-0.00285704480484,0.00303606316447,-0.00251330761239,0.00163372454699,0.000110268461867],[-0.0000693286419846,-0.000651210546494,0.00157420057803,-0.00111787067726,-0.00434944173321,0.0130349537358,-0.00406225351617,-0.00354218645953,0.0034811606165,-0.00318188010715,0.00341859878972,-0.00183608126827,0.00118798355106],[0.000142559772939,-0.000192958992557,-0.00035580326221,0.00159720412921,-0.00202835560776,-0.00406225351617,0.0117895873263,-0.00505951885134,-0.000266574323177,0.00253202742897,-0.00117715739179,0.00148035038728,-0.00391894951463],[-0.000353821407771,0.00109172856901,-0.000615784083493,-0.00057971116621,0.000643196050078,-0.00354218645953,-0.00505951885134,0.0160958599299,-0.00781173165888,-0.00226790900342,0.00377822457813,-0.00275579211302,0.0019895718433],[0.000253326870734,-0.000720542389899,0.00153401854914,0.000128839732497,-0.00285704480484,0.0034811606165,-0.000266574323177,-0.00781173165888,0.0206803157926,-0.0100198304281,-0.00487267225981,0.00735761830583,-0.00416513206437],[-0.000151051412104,0.000636388198473,-0.00185164180584,0.000613667303696,0.00303606316447,-0.00318188010715,0.00253202742897,-0.00226790900342,-0.0100198304281,0.0246055256575,-0.00840378180146,-0.00712574506178,0.00590017344803],[0.0001356980938,-0.00056787324138,0.000566300819628,-0.000541652087122,-0.00251330761239,0.00341859878972,-0.00117715739179,0.00377822457813,-0.00487267225981,-0.00840378180146,0.0232734624296,-0.0076764235273,-0.00218179216608],[-0.00010933347221,0.00095166626852,-0.000555424659979,-0.000516275002155,0.00163372454699,-0.00183608126827,0.00148035038728,-0.00275579211302,0.00735761830583,-0.00712574506178,-0.0076764235273,0.0279813613743,-0.0146971326321],[0.000156904628966,-0.000687280611601,0.000918106234167,-0.000354891555617,0.000110268461867,0.00118798355106,-0.00391894951463,0.0019895718433,-0.00416513206437,0.00590017344803,-0.00218179216608,-0.0146971326321,0.0254070665687]],"mean":[-766.638793945,169.710647583,36.7237167358,27.7922821045,5.0890250206,12.300907135,-0.538968086243,1.55371642113,-3.07745075226,1.33227515221,-3.03120875359,2.46574568748,-0.746231675148]},"pitch_salience":{"dmean":0.0782266035676,"dmean2":0.127424255013,"dvar":0.0047839791514,"dvar2":0.0120313055813,"max":0.945917010307,"mean":0.492365330458,"median":0.513132929802,"min":0.0304535012692,"var":0.0192475654185},"silence_rate_20dB":{"dmean":0,"dmean2":0,"dvar":0,"dvar2":0,"max":1,"mean":1,"median":1,"min":1,"var":0},"silence_rate_30dB":{"dmean":0.0350877195597,"dmean2":0.0701818168163,"dvar":0.0338560082018,"dvar2":0.0807104185224,"max":1,"mean":0.950463533401,"median":1,"min":0,"var":0.0470811985433},"silence_rate_60dB":{"dmean":0.017089355737,"dmean2":0.0341818183661,"dvar":0.0167955178767,"dvar2":0.0391882844269,"max":1,"mean":0.121796034276,"median":0,"min":0,"var":0.106959149241},"spectral_centroid":{"dmean":129.825546265,"dmean2":201.621276855,"dvar":64373.2304688,"dvar2":129049.65625,"max":10892.8017578,"mean":499.967834473,"median":379.864501953,"min":69.7353286743,"var":246884.359375},"spectral_complexity":{"dmean":1.91691660881,"dmean2":3.18945455551,"dvar":10.2798748016,"dvar2":24.6504631042,"max":47,"mean":7.38538455963,"median":7,"min":0,"var":27.5546455383},"spectral_contrast_coeffs":{"dmean":[0.0550740286708,0.0526622086763,0.0395416170359,0.0347355417907,0.0293639972806,0.0269529279321],"dmean2":[0.0904940441251,0.0858214274049,0.0657783523202,0.0577297322452,0.0477867275476,0.0417914278805],"dvar":[0.00191581784748,0.0017655993579,0.0010333355749,0.000822165398858,0.000679830671288,0.000855780672282],"dvar2":[0.0050207702443,0.00461585680023,0.00274127651937,0.00217226869427,0.0016263469588,0.0018932253588],"max":[-0.257308632135,-0.409483909607,-0.516738653183,-0.63388645649,-0.700975656509,-0.506840288639],"mean":[-0.646359682083,-0.732608497143,-0.82144588232,-0.858699440956,-0.883219838142,-0.818320512772],"median":[-0.648875951767,-0.734820485115,-0.826127409935,-0.853513598442,-0.881219983101,-0.835833787918],"min":[-0.978872001171,-0.960333704948,-0.974282026291,-0.988491952419,-0.977314531803,-0.961964488029],"var":[0.0110743176192,0.00914711691439,0.00538684986532,0.00410041352734,0.00258181476966,0.00290407426655]},"spectral_contrast_valleys":{"dmean":[0.423747420311,0.459841281176,0.497026026249,0.554968774319,0.636152327061,0.650303304195],"dmean2":[0.691499829292,0.755820155144,0.815736889839,0.906140625477,1.02135384083,1.04597222805],"dvar":[0.133945152164,0.178500667214,0.227238953114,0.306251496077,0.352803200483,0.316500008106],"dvar2":[0.319755226374,0.456780850887,0.583486974239,0.788257539272,0.916352689266,0.799341261387],"max":[-5.12812376022,-4.67267370224,-5.61482286453,-5.89314937592,-5.54232549667,-8.19165802002],"mean":[-7.21891689301,-7.08785676956,-8.02028369904,-8.65988922119,-8.84877586365,-11.2757339478],"median":[-6.8630657196,-6.85760307312,-7.75194120407,-8.40095329285,-8.66639900208,-11.1401367188],"min":[-27.2384529114,-27.4868431091,-26.9635105133,-27.4533100128,-27.11967659,-27.2590675354],"var":[1.76770377159,1.59147417545,1.57125997543,1.5314899683,1.5148640871,1.11250853539]},"spectral_decrease":{"dmean":2.8660149809e-9,"dmean2":4.67786298586e-9,"dvar":2.37429456252e-17,"dvar2":6.26360350415e-17,"max":6.34849595116e-9,"mean":-6.83147227676e-9,"median":-4.41206093882e-9,"min":-7.81689308837e-8,"var":5.75913450357e-17},"spectral_energy":{"dmean":0.0120211867616,"dmean2":0.0193698145449,"dvar":0.000378944328986,"dvar2":0.00097192073008,"max":0.323646456003,"mean":0.0393573641777,"median":0.0320678688586,"min":1.13738659007e-20,"var":0.0012632102007},"spectral_energyband_high":{"dmean":0.0000973351488938,"dmean2":0.000149632658577,"dvar":1.04848858484e-7,"dvar2":2.4321045089e-7,"max":0.018979549408,"mean":0.000126659564557,"median":0.0000353450195689,"min":8.3599218634e-21,"var":1.47940326656e-7},"spectral_energyband_low":{"dmean":0.00738715007901,"dmean2":0.0122784143314,"dvar":0.000228655335377,"dvar2":0.00060607958585,"max":0.299937069416,"mean":0.0164124816656,"median":0.00871162768453,"min":1.12546330964e-22,"var":0.000478740315884},"spectral_energyband_middle_high":{"dmean":0.000458663213067,"dmean2":0.000724442710634,"dvar":0.00000119844503388,"dvar2":0.00000290931961899,"max":0.021139614284,"mean":0.000922464125324,"median":0.000332568597514,"min":1.66359935429e-21,"var":0.00000290572165795},"spectral_energyband_middle_low":{"dmean":0.00603504246101,"dmean2":0.00964665319771,"dvar":0.000105053833977,"dvar2":0.000270483491477,"max":0.203656539321,"mean":0.0168671812862,"median":0.00851349066943,"min":3.18291567035e-22,"var":0.000478453439428},"spectral_entropy":{"dmean":0.4484629035,"dmean2":0.7078332901,"dvar":0.17522610724,"dvar2":0.450673043728,"max":9.80724430084,"mean":6.78909778595,"median":6.79116439819,"min":4.21353673935,"var":0.543645679951},"spectral_flux":{"dmean":0.0235324017704,"dmean2":0.0385148860514,"dvar":0.000933159433771,"dvar2":0.00222336221486,"max":0.45609664917,"mean":0.0816775858402,"median":0.0751874744892,"min":1.06648329057e-10,"var":0.00282507343218},"spectral_kurtosis":{"dmean":8.63203525543,"dmean2":14.0759649277,"dvar":123.628860474,"dvar2":331.802978516,"max":124.103279114,"mean":19.1334514618,"median":15.243803978,"min":-1.24449503422,"var":210.29397583},"spectral_rms":{"dmean":0.000855941267218,"dmean2":0.00134995393455,"dvar":0.00000114336057777,"dvar2":0.00000277291769635,"max":0.0177694298327,"mean":0.00545736402273,"median":0.00559336459264,"min":3.33113419661e-12,"var":0.00000861472199176},"spectral_rolloff":{"dmean":3315.46582031,"dmean2":6509.89111328,"dvar":54723472,"dvar2":139449520,"max":22050,"mean":12773.4755859,"median":21576.2695312,"min":43.06640625,"var":109936136},"spectral_skewness":{"dmean":0.74973732233,"dmean2":1.19474160671,"dvar":0.638517558575,"dvar2":1.67475569248,"max":9.22521114349,"mean":3.27310562134,"median":3.09864711761,"min":-1.2022550106,"var":1.54445958138},"spectral_spread":{"dmean":893242.4375,"dmean2":1376912.25,"dvar":700962242560,"dvar2":1510932873220,"max":42225620,"mean":4512905.5,"median":4256645,"min":1160219.5,"var":3432069726210},"spectral_strongpeak":{"dmean":6.18555927277,"dmean2":11.7268018723,"dvar":390.786437988,"dvar2":1100.09985352,"max":220.129364014,"mean":5.00758266449,"median":0.499046206474,"min":0,"var":303.440429688},"zerocrossingrate":{"dmean":0.0410028882325,"dmean2":0.0541301034391,"dvar":0.00146454758942,"dvar2":0.00244155921973,"max":0.76123046875,"mean":0.262304365635,"median":0.259765625,"min":0.001953125,"var":0.0201968029141}},"metadata":{"audio_properties":{"analysis_sample_rate":44100,"bit_rate":160000,"codec":"mp3","downmix":"mix","equal_loudness":0,"length":255.425308228,"lossless":false,"md5_encoded":"0c65bc2a3edecb0aa5468e285574f7c1","replay_gain":-10.1811466217,"sample_rate":44100},"tags":{"album":["In Rainbows"],"album artist credit":["Radiohead"],"albumartist":["Radiohead"],"albumartistsort":["Radiohead"],"artist":["Radiohead"],"artist credit":["Radiohead"],"artistsort":["Radiohead"],"bpm":["0"],"catalognumber":["88088-21623-1"],"copyright":["_XURBIA_XENDLESS LIMITED"],"date":["2008-01-01"],"discnumber":["1/1"],"file_name":"03 - Radiohead - Nude.mp3","genre":["Alternative Pop / Rock"],"isrc":["GB-STK-07-00003"],"label":["RED Distribution, LLC"],"language":["eng"],"media":["12\" Vinyl"],"musicbrainz album release country":["US"],"musicbrainz album type":["album"],"musicbrainz_albumartistid":["a74b1b7f-71a5-4011-9441-d0b5e4122711"],"musicbrainz_albumid":["219e7d7c-806c-44b3-9972-cdb3614b3411"],"musicbrainz_artistid":["a74b1b7f-71a5-4011-9441-d0b5e4122711"],"musicbrainz_recordingid":["b98d47f7-cc66-41ac-9ac5-4975c7bad36c"],"musicbrainz_releasegroupid":["6e335887-60ba-38f0-95af-fae7774336bf"],"originaldate":["2007-10-10"],"replaygain_album_gain":["0.00 dB"],"replaygain_album_peak":["0.000000"],"replaygain_track_gain":["0.00 dB"],"replaygain_track_peak":["0.000000"],"script":["Latn"],"title":["Nude"],"tracknumber":["3/10"]},"version":{"essentia":"2.1-beta1","essentia_build_sha":"5a811adb4c06fd6d02ca903f7349a26d851abfa8","essentia_git_sha":"v2.1_beta1-34-gf95df8b","extractor":"music 1.0"}},"rhythm":{"beats_count":550,"beats_loudness":{"dmean":0.0241355262697,"dmean2":0.0411829538643,"dvar":0.000628952635452,"dvar2":0.00164458237123,"max":0.17309294641,"mean":0.0432311333716,"median":0.0391621030867,"min":7.26545934526e-8,"var":0.00117827730719},"beats_loudness_band_ratio":{"dmean":[0.163407742977,0.106842882931,0.0677368566394,0.0179074574262,0.0107640717179,0.102053627372],"dmean2":[0.277661979198,0.178716555238,0.117119506001,