{"lowlevel":{"average_loudness":0.815916180611,"barkbands":{"dmean":[0.00420392910019,0.00713529018685,0.00285351206549,0.00107854930684,0.00344396801665,0.00162831798662,0.000933017407078,0.00059064530069,0.000841707806103,0.000634260941297,0.000375197007088,0.000287509843474,0.000198012712644,0.000119419033581,0.00012330665777,0.0000966812440311,0.0000971193585428,0.0000960552424658,0.0000885214321897,0.000217968787183,0.000134879403049,0.0000482350405946,0.0000287441453111,0.0000277453618764,0.00000221653772314,0.0000272184825008,0.0000938158918871],"dmean2":[0.00672120647505,0.0120483990759,0.00484411558136,0.00181427656207,0.00553213618696,0.00254182307981,0.00149805704132,0.000961532874499,0.00131547951605,0.00102073245216,0.000617828743998,0.000465499644633,0.000324742053635,0.000195592889213,0.000198474503122,0.000157372007379,0.000154209585162,0.000147843311424,0.000137017268571,0.000356901524356,0.000208226338145,0.0000729737948859,0.000043123451178,0.0000417896335421,0.00000365742084796,0.000040345643356,0.00013895543816],"dvar":[0.0000623168743914,0.000178075570147,0.0000305228131765,0.00000372421050088,0.0000394094640797,0.0000165430556081,0.00000528257214683,0.00000202365777113,0.00000578090293857,0.00000190812284018,5.92593607962e-7,2.33540276895e-7,1.23766369597e-7,4.90874576542e-8,1.03871556689e-7,6.74537901091e-8,6.79762521827e-8,7.12398104952e-8,4.55603696992e-8,4.59603398895e-7,1.78646459403e-7,1.2523625692e-8,3.01383917822e-9,3.45714679106e-9,1.73877769821e-11,3.09968961609e-9,2.75050222598e-8],"dvar2":[0.00014653163089,0.000487746699946,0.0000800482666818,0.00000929190628085,0.0000928243025555,0.0000356485143129,0.0000135657546707,0.00000480824337501,0.000011455225831,0.00000431194393968,0.00000147048092458,5.61046078928e-7,3.14831055448e-7,1.21936807318e-7,2.55142111882e-7,1.71681122652e-7,1.59769740549e-7,1.45953720221e-7,1.00140290726e-7,0.00000112149746201,3.96430834826e-7,2.65956714429e-8,6.67649269204e-9,7.51200079918e-9,4.42600400774e-11,6.63742438789e-9,6.08149406389e-8],"max":[0.157311320305,0.211018264294,0.0834082216024,0.058921828866,0.15626719594,0.123459480703,0.05237236619,0.0537585169077,0.0998352095485,0.0437511950731,0.0303702708334,0.010991233401,0.0133675700054,0.00584008265287,0.0117247039452,0.00735712004825,0.00692104594782,0.00826948322356,0.00476989755407,0.011034021154,0.010091737844,0.00401624990627,0.000794785097241,0.000577321625315,0.0000728803206584,0.000568069284782,0.00274610123597],"mean":[0.0051526017487,0.00895434245467,0.00338783347979,0.00144418410491,0.00605085771531,0.00277682999149,0.00160642922856,0.000916049408261,0.00141518190503,0.00104174471926,0.000629985996056,0.000563095498364,0.000341533159371,0.00020682613831,0.000203835326829,0.000151187938172,0.000159036368132,0.000160537165357,0.000136524773552,0.000246394367423,0.00017988847685,0.0000797014145064,0.00004308739517,0.0000345687039953,0.00000223029451263,0.0000388666048821,0.000239644374233],"median":[0.00133311073296,0.00371775170788,0.00126005115453,0.000582668406423,0.00336754391901,0.000875330239069,0.000584271736443,0.000359071098501,0.000454291934147,0.000436393311247,0.000322521314956,0.000316633988405,0.000218637564103,0.000129359395942,0.000103911195765,0.0000627447006991,0.0000648615095997,0.0000572982062295,0.0000393621739931,0.0000466841265734,0.0000391200301237,0.0000309668103,0.0000149774878082,0.00000935125626711,7.64777212225e-7,0.0000126331424326,0.000152550361236],"min":[7.51851890283e-24,1.86482111047e-23,1.12306695531e-23,5.04684334851e-24,1.96798676193e-23,6.32087800736e-23,9.84332307164e-23,6.79779806711e-23,5.32310969504e-23,6.80070296851e-23,2.69930468173e-23,7.58960300123e-23,7.42999687635e-23,1.17923787496e-22,1.50562686568e-22,1.38648867415e-22,5.42623779673e-23,1.56054546864e-22,1.98195786721e-22,3.16163889267e-22,3.40916425963e-22,5.48512885076e-22,5.10058326706e-22,6.98141547711e-22,1.13348916787e-21,1.24991352642e-21,2.23400319259e-21],"var":[0.0000903274776647,0.000205190430279,0.0000368903747585,0.00000691362174621,0.0000824940652819,0.0000460057126475,0.000011761469068,0.00000404796946896,0.0000146923675857,0.0000046771315283,0.00000128262684029,5.9136937125e-7,1.99454916583e-7,8.6975418867e-8,1.70545362721e-7,1.06021474267e-7,1.31364572553e-7,1.58743304723e-7,9.92924427123e-8,5.18672607086e-7,3.04008324292e-7,2.4493743922e-8,4.8201487246e-9,4.56364590562e-9,1.79154399649e-11,4.58021887084e-9,7.65927765656e-8]},"barkbands_crest":{"dmean":2.99775218964,"dmean2":4.94955301285,"dvar":6.05438137054,"dvar2":16.0215415955,"max":24.7049694061,"mean":10.58507061,"median":10.0101451874,"min":2.89032411575,"var":15.6792926788},"barkbands_flatness_db":{"dmean":0.0256383325905,"dmean2":0.0404711738229,"dvar":0.000559754727874,"dvar2":0.00136358547024,"max":0.458218842745,"mean":0.136671721935,"median":0.131997123361,"min":0.0378736481071,"var":0.0022172848694},"barkbands_kurtosis":{"dmean":6.55089139938,"dmean2":10.7019796371,"dvar":320.416320801,"dvar2":872.222229004,"max":705.972473145,"mean":11.5722665787,"median":6.95439720154,"min":-1.94305241108,"var":532.256713867},"barkbands_skewness":{"dmean":0.719097793102,"dmean2":1.14717340469,"dvar":0.684140026569,"dvar2":1.70216202736,"max":20.7048187256,"mean":2.40077853203,"median":2.19743299484,"min":-5.65689277649,"var":2.61091709137},"barkbands_spread":{"dmean":5.88195371628,"dmean2":9.2510433197,"dvar":57.38697052,"dvar2":125.621246338,"max":131.331359863,"mean":18.6541023254,"median":15.3704843521,"min":0.295725941658,"var":161.850799561},"dissonance":{"dmean":0.0199943576008,"dmean2":0.0337624773383,"dvar":0.000386394793168,"dvar2":0.0010715861572,"max":0.500000119209,"mean":0.463663160801,"median":0.470864534378,"min":0.287771970034,"var":0.000847528106533},"dynamic_complexity":3.97493004799,"erbbands":{"dmean":[0.358748793602,1.18512272835,2.94132947922,3.45138907433,6.2474937439,14.1303195953,14.5430755615,14.0910320282,10.8116760254,18.5009498596,9.88539409637,20.6363868713,17.5403442383,19.6573352814,12.6909666061,11.7595748901,9.17603397369,5.6138086319,6.13581180573,5.73945188522,4.85141468048,5.39089536667,5.50227832794,4.33743000031,5.34648084641,10.3419675827,8.3648853302,3.74956202507,1.93275332451,1.08937633038,0.78874796629,0.543883562088,0.473905682564,0.0481703691185,0.0170458294451,0.065676368773,0.0581212379038,0.0282621644437,0.0148890279233,0.00218771514483],"dmean2":[0.603781223297,1.99345016479,4.95967435837,5.79145288467,10.1884403229,22.9511222839,23.1810684204,21.8807239532,16.984079361,30.0988273621,15.9037370682,32.3179550171,28.0921859741,31.7156200409,20.9180755615,18.9527111053,14.9824085236,9.09670257568,9.76316261292,9.37564086914,7.80137348175,8.43748569489,8.53778171539,6.75206041336,8.40006923676,16.8042526245,13.3607368469,5.72481203079,2.93521165848,1.65437090397,1.18570888042,0.806345462799,0.726354181767,0.0763170570135,0.0278466641903,0.100291676819,0.0852746292949,0.0415464863181,0.0226368028671,0.00330260419287],"dvar":[0.450858473778,5.39441251755,30.8762607574,39.5427055359,121.089241028,668.087158203,1925.49353027,1234.26953125,802.171325684,1892.68115234,513.362792969,4282.41308594,1979.66271973,1765.90881348,560.463195801,398.744628906,266.606933594,82.0824890137,207.827987671,261.151519775,172.28767395,216.811004639,236.301818848,110.987358093,195.80078125,996.217041016,711.696899414,136.256774902,21.7442092896,4.60736179352,2.26438999176,1.13556301594,1.15044689178,0.00701709650457,0.000896040932275,0.0208108779043,0.0136609561741,0.00324670597911,0.00136534601916,0.00000853805613588],"dvar2":[1.25766861439,14.3537225723,79.678527832,99.9230422974,294.109069824,1634.23303223,4268.23925781,2824.15698242,1922.08520508,4812.74267578,1200.60473633,8173.03125,4579.9921875,3934.12060547,1458.40869141,949.404846191,665.479431152,193.513092041,473.810516357,653.691833496,432.933898926,501.199890137,489.606689453,246.06942749,425.579162598,2386.17626953,1706.56738281,297.676574707,46.0497779846,10.2842054367,4.9644408226,2.42104005814,2.56167340279,0.0158632770181,0.00223712483421,0.0459806285799,0.0288331266493,0.00709392316639,0.00320981256664,0.0000178718964889],"max":[8.62852287292,39.9069366455,82.3032684326,175.860565186,270.666442871,601.996459961,1361.70141602,1031.49731445,860.343017578,954.133361816,613.622924805,3140.11474609,1014.24462891,1588.93310547,1051.98303223,418.167572021,640.887207031,263.619842529,526.97454834,396.780273438,462.091430664,480.137359619,517.889709473,255.233352661,318.022644043,587.37701416,472.464202881,293.096893311,142.856994629,42.4897689819,19.3594245911,12.8473291397,9.75575351715,0.899102568626,0.512992978096,1.29859602451,1.29489862919,1.19684374332,0.521142959595,0.0698074549437],"mean":[0.419212937355,1.45465087891,3.66398835182,4.90191507339,10.5172691345,22.9197673798,22.3065757751,24.3566246033,19.3995418549,30.8392486572,18.4607009888,33.6887435913,29.2053260803,35.3922843933,23.7927818298,24.076166153,17.2545051575,11.0355529785,11.1023960114,9.52508163452,8.16504764557,9.11267375946,9.17046260834,7.0861749649,7.64458036423,11.6978750229,9.86414146423,5.45058727264,3.15527558327,1.73091781139,1.17920100689,0.77786886692,0.527866125107,0.0550413355231,0.0190429259092,0.0749031975865,0.0859668105841,0.0508846305311,0.0258629918098,0.00895351916552],"median":[0.140942171216,0.581664443016,1.47408986092,2.1541903019,5.18825292587,12.250878334,8.09836864471,7.92836523056,7.18570566177,10.5785770416,7.97242355347,10.9448537827,10.2752943039,17.0406150818,14.0830116272,13.9613723755,11.479177475,7.68059825897,6.28365945816,4.50276565552,3.47319197655,3.79448032379,3.4477891922,2.14226102829,1.99725234509,2.2572081089,1.66313588619,1.53127849102,1.20599853992,0.667975306511,0.406985670328,0.25394910574,0.113417424262,0.017878619954,0.00775732984766,0.0187703669071,0.0292363222688,0.0201511122286,0.0104885892943,0.00801968201995],"min":[5.36611712942e-22,4.35341602095e-21,1.31766963523e-20,1.9153279842e-20,6.4714366171e-21,9.6171087631e-20,2.40610244881e-19,5.87936818346e-19,1.4775670856e-18,1.50568667694e-18,1.72050589561e-18,1.54848489843e-18,1.69148529779e-18,2.30478264654e-18,1.38043405801e-18,3.38441816166e-18,3.3411704709e-18,4.86164486244e-18,4.9262125131e-18,1.0145686196e-17,8.54945591558e-18,4.7925066253e-18,9.42534009542e-18,1.15025237896e-17,1.31384364055e-17,1.46956477492e-17,1.16558946557e-17,1.55049248646e-17,1.93448726304e-17,1.60386399938e-17,1.42345425342e-17,1.15137039628e-17,9.71167776344e-18,9.97026021319e-18,9.42191225896e-18,4.6532710351e-18,2.81648319091e-18,9.48757034047e-19,2.88849841392e-19,3.28602118916e-20],"var":[0.499839216471,6.01459550858,38.5885887146,71.0957641602,279.107788086,1279.38098145,4236.95996094,3731.08959961,1698.69177246,4798.50146484,1241.96533203,9966.484375,4407.66992188,6207.23583984,1098.34667969,1029.17382812,469.107269287,172.721405029,392.124389648,417.385681152,288.559173584,437.255096436,511.779296875,247.636444092,389.017730713,1153.50720215,938.517883301,242.494415283,41.9672012329,8.10915088654,3.60928368568,1.81514573097,1.33564841747,0.00889960583299,0.00100964156445,0.0246452093124,0.0216764304787,0.00624271621928,0.00218060240149,0.0000424295831181]},"erbbands_crest":{"dmean":2.65230512619,"dmean2":4.3853020668,"dvar":5.87576913834,"dvar2":14.7884531021,"max":30.5089511871,"mean":8.64345550537,"median":7.65866279602,"min":1.9661937952,"var":16.4175338745},"erbbands_flatness_db":{"dmean":0.0181150250137,"dmean2":0.0268563758582,"dvar":0.000270619319053,"dvar2":0.000539789907634,"max":0.312925845385,"mean":0.127940028906,"median":0.12382800132,"min":0.0344217903912,"var":0.00133121560793},"erbbands_kurtosis":{"dmean":1.06103932858,"dmean2":1.69761800766,"dvar":2.39319705963,"dvar2":5.57339572906,"max":60.0399093628,"mean":1.12364721298,"median":0.434956550598,"min":-1.68488574028,"var":5.97156572342},"erbbands_skewness":{"dmean":0.362854063511,"dmean2":0.566992342472,"dvar":0.140836045146,"dvar2":0.307668596506,"max":4.14306926727,"mean":0.488416850567,"median":0.504985868931,"min":-6.2685751915,"var":0.659451246262},"erbbands_spread":{"dmean":8.12231349945,"dmean2":12.4656162262,"dvar":80.1673736572,"dvar2":176.274139404,"max":180.323974609,"mean":34.357006073,"median":31.7460460663,"min":2.54255890846,"var":280.035583496},"gfcc":{"cov":[[13176.5712891,1039.6348877,-411.973388672,-274.524749756,-115.901329041,-274.508117676,164.984710693,-424.487792969,9.82791042328,-201.214004517,0.73080009222,-30.8729152679,-77.2757949829],[1039.6348877,887.102539062,21.6669483185,-286.010467529,-26.0377101898,-51.3888244629,46.1366615295,-111.720924377,41.3972740173,-51.9243850708,28.8064689636,-15.218495369,35.327255249],[-411.973388672,21.6669483185,255.253997803,49.0301322937,-1.95151674747,134.838623047,-26.5641822815,86.191619873,-8.54388713837,50.6349182129,18.1915149689,14.6892671585,24.5940856934],[-274.524749756,-286.010467529,49.0301322937,325.152648926,143.491592407,19.6764373779,47.393157959,37.6766624451,-0.176943972707,21.0855255127,-12.3358449936,15.747792244,-4.12556505203],[-115.901329041,-26.0377101898,-1.95151674747,143.491592407,196.704742432,70.3184356689,50.18592453,3.89560627937,16.133682251,2.96519088745,7.44368076324,10.344288826,6.4102935791],[-274.508117676,-51.3888244629,134.838623047,19.6764373779,70.3184356689,233.160690308,0.480423033237,82.303855896,-14.5613222122,47.8832435608,21.5273017883,13.7578229904,6.6448097229],[164.984710693,46.1366615295,-26.5641822815,47.393157959,50.18592453,0.480423033237,125.73260498,2.29589629173,30.8234596252,-2.80668735504,9.71401691437,7.43489837646,0.630890250206],[-424.487792969,-111.720924377,86.191619873,37.6766624451,3.89560627937,82.303855896,2.29589629173,178.41633606,45.647026062,68.0508422852,22.1008033752,5.09297275543,3.79660344124],[9.82791042328,41.3972740173,-8.54388713837,-0.176943972707,16.133682251,-14.5613222122,30.8234596252,45.647026062,101.067749023,37.8294219971,17.6185417175,8.28606700897,-16.0107860565],[-201.214004517,-51.9243850708,50.6349182129,21.0855255127,2.96519088745,47.8832435608,-2.80668735504,68.0508422852,37.8294219971,88.5922927856,40.9355888367,3.18219137192,5.12806940079],[0.73080009222,28.8064689636,18.1915149689,-12.3358449936,7.44368076324,21.5273017883,9.71401691437,22.1008033752,17.6185417175,40.9355888367,56.4653778076,27.4678039551,9.00538539886],[-30.8729152679,-15.218495369,14.6892671585,15.747792244,10.344288826,13.7578229904,7.43489837646,5.09297275543,8.28606700897,3.18219137192,27.4678039551,62.1068534851,29.9657211304],[-77.2757949829,35.327255249,24.5940856934,-4.12556505203,6.4102935791,6.6448097229,0.630890250206,3.79660344124,-16.0107860565,5.12806940079,9.00538539886,29.9657211304,79.1744918823]],"icov":[[0.0000986103914329,-0.000189970960491,0.000301200023387,-0.00031206177664,0.000355598895112,-0.00025380437728,0.0000178028421942,0.000124043712276,-0.0000963327474892,0.000183701195056,-0.000219535824726,0.0000867139460752,0.0000183790689334],[-0.000189970960491,0.0038114564959,-0.00401552626863,0.00478452863172,-0.00342086260207,0.00242313044146,-0.00182295683771,0.00170942558907,-0.00221984088421,0.00263070315123,-0.00279576238245,0.00295485300012,-0.00180289137643],[0.000301200023387,-0.00401552626863,0.0125325536355,-0.00917909666896,0.0089032324031,-0.0091345589608,0.00410587945953,-0.00179872161243,-0.00104119617026,0.00111591559835,-0.00228411890566,0.00108091894072,-0.00261843088083],[-0.00031206177664,0.00478452863172,-0.00917909666896,0.0169989932328,-0.0150913707912,0.0112470183522,-0.00608237413689,-0.000890720053576,0.00701180612668,-0.0103341406211,0.0119852880016,-0.00875827204436,0.00570565322414],[0.000355598895112,-0.00342086260207,0.0089032324031,-0.0150913707912,0.0208264775574,-0.0137908076867,0.00318540376611,0.00272525800392,-0.00979113020003,0.012443033047,-0.0132534354925,0.0101886596531,-0.00749802077189],[-0.00025380437728,0.00242313044146,-0.0091345589608,0.0112470183522,-0.0137908076867,0.0169064104557,-0.00439521390945,-0.00377977173775,0.0106533737853,-0.0122704841197,0.0110931936651,-0.010175999254,0.00754728959873],[0.0000178028421942,-0.00182295683771,0.00410587945953,-0.00608237413689,0.00318540376611,-0.00439521390945,0.0124130593613,-0.000244149123318,-0.00586326839402,0.0067429440096,-0.00711109861732,0.00420938013121,-0.00314455945045],[0.000124043712276,0.00170942558907,-0.00179872161243,-0.000890720053576,0.00272525800392,-0.00377977173775,-0.000244149123318,0.011948290281,-0.00760308047757,0.000276436971035,-0.00369797088206,0.00494153099135,-0.00360882701352],[-0.0000963327474892,-0.00221984088421,-0.00104119617026,0.00701180612668,-0.00979113020003,0.0106533737853,-0.00586326839402,-0.00760308047757,0.0284323077649,-0.023905608803,0.0200726240873,-0.0199503339827,0.0144608262926],[0.000183701195056,0.00263070315123,0.00111591559835,-0.0103341406211,0.012443033047,-0.0122704841197,0.0067429440096,0.000276436971035,-0.023905608803,0.0522831641138,-0.0453280881047,0.0316531658173,-0.0169691443443],[-0.000219535824726,-0.00279576238245,-0.00228411890566,0.0119852880016,-0.0132534354925,0.0110931936651,-0.00711109861732,-0.00369797088206,0.0200726240873,-0.0453280881047,0.0661693438888,-0.040464963764,0.0175271295011],[0.0000867139460752,0.00295485300012,0.00108091894072,-0.00875827204436,0.0101886596531,-0.010175999254,0.00420938013121,0.00494153099135,-0.0199503339827,0.0316531658173,-0.040464963764,0.0479902811348,-0.021912554279],[0.0000183790689334,-0.00180289137643,-0.00261843088083,0.00570565322414,-0.00749802077189,0.00754728959873,-0.00314455945045,-0.00360882701352,0.0144608262926,-0.0169691443443,0.0175271295011,-0.021912554279,0.0250583589077]],"mean":[-5.12905788422,88.7317276001,-80.9734268188,4.0694475174,-30.1428756714,-12.0560150146,-1.25211656094,-19.0558986664,-6.95966386795,-10.0452394485,-6.89891338348,1.89202439785,-8.56173324585]},"hfc":{"dmean":31.6668758392,"dmean2":49.584651947,"dvar":1787.44995117,"dvar2":3847.45019531,"max":1747.88671875,"mean":119.859466553,"median":111.536819458,"min":1.12148618054e-16,"var":6836.70507812},"melbands":{"dmean":[0.00258247554302,0.00144316139631,0.000617547833826,0.000704899430275,0.000558182189707,0.000306804024149,0.000170280778548,0.000189512662473,0.0000873069147929,0.000129794192617,0.0000889109869604,0.0000835676764837,0.0000476713212265,0.0000327713314618,0.0000283484241663,0.0000163041841006,0.0000111685467346,0.0000103923248389,0.00000913255371415,0.00000751946208766,0.00000578792969463,0.00000568291761738,0.00000582482198297,0.00000457529449704,0.00000358392344424,0.00000354336998498,0.00000464675122203,0.00000803436523711,0.00000641796668788,0.00000307922095999,0.00000194703670786,0.00000123735480884,7.38474170703e-7,5.93565744111e-7,4.86290844037e-7,3.64521667962e-7,3.38965747915e-7,4.04725540193e-7,1.27198717337e-7,2.03280290378e-8],"dmean2":[0.00428018905222,0.00240601948462,0.00102520710789,0.00113967654761,0.000892698008101,0.000475115259178,0.000268106057774,0.000308661401505,0.000139992378536,0.000203319097636,0.000142465301906,0.000134677975439,0.0000788008837844,0.0000533424681635,0.0000464096519863,0.0000264709342446,0.0000184446944331,0.0000166709196492,0.0000148248273035,0.0000124221442093,0.00000942748647503,0.0000090201247076,0.00000923737206904,0.00000719684248907,0.00000570253723708,0.00000557450857741,0.00000744672524888,0.000013232605852,0.0000104397877294,0.00000476920604342,0.00000301223076349,0.00000190505215869,0.00000115095031106,9.17317322546e-7,7.38608605388e-7,5.53457255137e-7,5.04258082401e-7,6.21952551683e-7,1.997089214e-7,3.35680709895e-8],"dvar":[0.0000225889980356,0.00000658920680507,0.0000010263815966,0.00000142767009947,0.00000212932218346,5.42606017007e-7,1.87810911711e-7,1.92027158619e-7,3.88001382134e-8,1.75885361386e-7,5.18858520593e-8,3.21325899222e-8,9.19541154332e-9,2.99110025637e-9,2.37702590944e-9,8.2807544155e-10,3.48965273345e-10,5.84319093111e-10,6.30780483402e-10,4.30914970373e-10,2.71507871741e-10,2.35821612238e-10,2.61918847722e-10,1.76285777642e-10,7.49025702573e-11,7.76750747056e-11,1.82916889968e-10,6.40447916922e-10,4.54049187137e-10,1.06136946454e-10,3.60344219741e-11,9.23594967867e-12,2.39600526919e-12,1.37559679359e-12,8.79287148734e-13,4.97999644994e-13,4.48509014216e-13,8.39588815138e-13,8.21861838567e-14,1.47639017965e-15],"dvar2":[0.0000616221659584,0.0000169052127603,0.00000261292757386,0.00000346818865182,0.0000048440883802,0.00000122470032693,4.6415163979e-7,4.85647831283e-7,9.08533337451e-8,3.32509756618e-7,1.19509266483e-7,7.13596577384e-8,2.39177495587e-8,7.23709625561e-9,5.861887864e-9,2.03945305088e-9,8.59091020544e-10,1.3565123469e-9,1.55186030693e-9,1.1148768575e-9,7.10989489505e-10,5.59002288902e-10,5.83163017875e-10,3.77995801326e-10,1.75399764157e-10,1.76540518315e-10,4.08001521457e-10,1.56652879557e-9,1.14427911591e-9,2.33654068316e-10,8.08264774554e-11,2.00145577195e-11,5.45355947901e-12,3.20371442049e-12,1.96508868205e-12,1.1267294606e-12,9.55149262634e-13,1.88094245041e-12,1.86176052873e-13,3.76050610736e-15],"max":[0.0683541223407,0.0333072841167,0.0248382948339,0.026773409918,0.0389258824289,0.0201031118631,0.0124379498884,0.0106361899525,0.00512392772362,0.0200861096382,0.00521175516769,0.00618000654504,0.00463505228981,0.00129338074476,0.00129580998328,0.00118060782552,0.000483413401525,0.000896531157196,0.000748189457227,0.000606813526247,0.000678664073348,0.000439082446974,0.000497935689054,0.0003818073601,0.000195439162781,0.000194997934159,0.000319553306326,0.000474521308206,0.000315372570185,0.000276918784948,0.000185946497368,0.0000988550818875,0.0000309628776449,0.0000204691332328,0.0000127363437059,0.0000104089476736,0.00000851060849527,0.0000085233241407,0.00000274383296528,6.72886642406e-7],"mean":[0.00338369887322,0.0019147900166,0.00095791980857,0.00123776774853,0.000879010069184,0.000536959676538,0.000304901914205,0.000312815012876,0.000154156296048,0.000211147460504,0.000140902935527,0.000143695491715,0.0000827629555715,0.000064344596467,0.0000533729071321,0.0000290838470391,0.00001972856262,0.0000178107147804,0.0000147709706653,0.0000113278774734,0.00000911377082957,0.00000924675805436,0.0000092325899459,0.00000737772461434,0.00000549550259166,0.00000514450312039,0.00000600964040132,0.00000849868865771,0.0000069663915383,0.00000417223236582,0.00000279675236925,0.00000192478364625,0.00000119342030303,8.64906098741e-7,7.02865293079e-7,5.35060564744e-7,4.56627702761e-7,4.47043419172e-7,1.31215145416e-7,2.02542160821e-8],"median":[0.00137334049214,0.000878467573784,0.00049419386778,0.000697911251336,0.000372167269234,0.000173900363734,0.000114573573228,0.000108566353447,0.0000636827026028,0.0000666540945531,0.0000482685936731,0.000066279550083,0.0000449769031547,0.0000372458307538,0.000032809930417,0.0000188956801139,0.0000127807679746,0.00000979807737167,0.00000722294134903,0.00000469532051284,0.00000372161889572,0.00000381352651857,0.00000355593806489,0.00000252569839176,0.00000155923748935,0.00000143753550219,0.00000136339406254,0.00000150324876813,0.00000105325625555,8.73156409398e-7,8.72882253589e-7,7.31412740151e-7,4.64961431135e-7,3.13967717602e-7,2.40281480046e-7,1.84165500627e-7,1.45650247418e-7,9.35698736271e-8,2.74610627571e-8,6.72258471113e-9],"min":[5.51470176304e-24,7.03343413271e-24,2.68040874148e-24,2.85774427855e-24,7.52181476369e-24,1.24438185074e-23,2.25768125656e-23,1.66084077081e-23,1.25513252604e-23,9.18351160636e-24,7.7779744657e-24,9.40739664214e-24,3.89348019013e-24,7.84809394498e-24,7.36805709579e-24,6.15779813349e-24,1.02424082769e-23,8.11155455466e-24,1.26624023979e-23,1.33665633077e-23,1.02745251709e-23,3.59239367629e-24,6.8564839542e-24,9.01222544914e-24,8.59532429365e-24,7.07360214115e-24,9.98956889045e-24,8.72028853851e-24,5.18720339723e-24,1.25784218436e-23,7.93475504858e-24,1.25180203418e-23,8.64933838869e-24,8.15618830468e-24,9.03136005926e-24,5.62119837968e-24,8.1320002516e-24,5.81126849833e-24,7.43787680793e-24,9.01538720365e-24],"var":[0.0000282708551822,0.00000840683151182,0.00000192046081793,0.00000304402647089,0.00000455250301457,0.00000165553478837,3.90044789356e-7,4.69400845304e-7,9.22336553799e-8,4.14264633264e-7,1.13212728081e-7,1.06440559478e-7,1.67226854586e-8,7.55312878908e-9,4.75522865528e-9,1.4490081357e-9,6.4690769408e-10,1.04939545942e-9,9.97502525024e-10,6.33913310732e-10,3.967466633e-10,4.50572634758e-10,5.09145003935e-10,3.57332108347e-10,1.49205731104e-10,1.54994211909e-10,3.0566277287e-10,6.63524291067e-10,4.9797388435e-10,1.88294949077e-10,5.88286086511e-11,1.68599544048e-11,4.34114983544e-12,2.10433320075e-12,1.32846576621e-12,7.98806929891e-13,6.74125631619e-13,9.72524903491e-13,8.90131474389e-14,1.51286839467e-15]},"melbands_crest":{"dmean":4.39567804337,"dmean2":7.23169231415,"dvar":14.5332717896,"dvar2":36.7538414001,"max":39.1542663574,"mean":16.3694896698,"median":14.9739179611,"min":2.0894241333,"var":45.3120880127},"melbands_flatness_db":{"dmean":0.0312221311033,"dmean2":0.0489865206182,"dvar":0.000809387362096,"dvar2":0.00196838425472,"max":0.591132521629,"mean":0.238477617502,"median":0.238111302257,"min":0.00670629041269,"var":0.00332884956151},"melbands_kurtosis":{"dmean":14.1057367325,"dmean2":23.6712818146,"dvar":3983.5847168,"dvar2":11277.9941406,"max":1878.88256836,"mean":21.265083313,"median":9.48327445984,"min":-1.89864397049,"var":4962.52978516},"melbands_skewness":{"dmean":0.955453574657,"dmean2":1.53542089462,"dvar":2.01957631111,"dvar2":5.47883749008,"max":37.9403419495,"mean":2.98395752907,"median":2.57292056084,"min":-2.61082601547,"var":6.12430095673},"melbands_spread":{"dmean":5.64816379547,"dmean2":8.93668270111,"dvar":94.6015319824,"dvar2":204.51210022,"max":303.361602783,"mean":15.7320365906,"median":12.1721572876,"min":0.178962513804,"var":257.70199585},"mfcc":{"cov":[[7990.10302734,824.237670898,-200.766021729,102.37587738,-267.854125977,97.9614105225,-107.385772705,36.4860420227,-189.155731201,80.4985580444,-234.708602905,117.395103455,-124.310005188],[824.237670898,1023.59820557,43.1881713867,-219.321472168,-111.81893158,-17.8431415558,-56.1747398376,-34.7323455811,-30.3814201355,-71.2566299438,32.0301551819,-29.2123584747,-9.16459560394],[-200.766021729,43.1881713867,263.961975098,-70.5850601196,42.1823158264,-6.1485490799,34.8846168518,3.52452111244,22.7597503662,12.7997274399,34.2190513611,14.8941822052,13.5539636612],[102.37587738,-219.321472168,-70.5850601196,292.113983154,23.7321052551,32.8273010254,7.00620889664,22.4659862518,11.7605037689,23.7862224579,-35.5706863403,8.7892036438,-10.9690036774],[-267.854125977,-111.81893158,42.1823158264,23.7321052551,189.693618774,58.7740631104,61.1180152893,26.8337993622,38.6452026367,13.9603853226,31.2548179626,8.05830955505,27.4274158478],[97.9614105225,-17.8431415558,-6.1485490799,32.8273010254,58.7740631104,147.911514282,58.173576355,31.4491233826,-6.62066793442,5.11054754257,-23.2270507812,12.3008012772,-5.16206645966],[-107.385772705,-56.1747398376,34.8846168518,7.00620889664,61.1180152893,58.173576355,124.042938232,29.070640564,28.9302349091,8.19784736633,7.97710037231,5.99947547913,19.3936595917],[36.4860420227,-34.7323455811,3.52452111244,22.4659862518,26.8337993622,31.4491233826,29.070640564,87.3703994751,23.5832157135,21.1631679535,1.83574032784,13.8989782333,5.89558935165],[-189.155731201,-30.3814201355,22.7597503662,11.7605037689,38.6452026367,-6.62066793442,28.9302349091,23.5832157135,81.4669113159,25.2091197968,30.3821277618,3.70386362076,17.1451435089],[80.4985580444,-71.2566299438,12.7997274399,23.7862224579,13.9603853226,5.11054754257,8.19784736633,21.1631679535,25.2091197968,96.8430862427,31.6107292175,39.0364494324,6.70281362534],[-234.708602905,32.0301551819,34.2190513611,-35.5706863403,31.2548179626,-23.2270507812,7.97710037231,1.83574032784,30.3821277618,31.6107292175,91.8258666992,29.4711036682,32.0209884644],[117.395103455,-29.2123584747,14.8941822052,8.7892036438,8.05830955505,12.3008012772,5.99947547913,13.8989782333,3.70386362076,39.0364494324,29.4711036682,71.4773635864,24.3682632446],[-124.310005188,-9.16459560394,13.5539636612,-10.9690036774,27.4274158478,-5.16206645966,19.3936595917,5.89558935165,17.1451435089,6.70281362534,32.0209884644,24.3682632446,59.8217277527]],"icov":[[0.000194610736798,-0.00024743884569,0.000108149113657,-0.0000951485853875,-0.0000327866109728,0.000121141034469,-0.0000744169738027,-0.0000753816129873,0.000249117001658,-0.000388721353374,0.000727412290871,-0.000599484075792,0.000208576093428],[-0.00024743884569,0.00170043332037,-0.000320265011396,0.000904607935809,0.00101714348421,-0.00103851559106,0.000698324816767,0.0000338181562256,-0.000490436679684,0.00144927436486,-0.00208234717138,0.0012178219622,-0.000204203213798],[0.000108149113657,-0.000320265011396,0.00462295394391,0.000990061787888,-0.00108450080734,0.000974958471488,-0.0013551331358,0.000191999410163,-0.000361045065802,-0.000423189048888,0.00019118891214,-0.00152642698959,0.000981875578873],[-0.0000951485853875,0.000904607935809,0.000990061787888,0.00477306451648,-0.000331278133672,-0.000611956464127,0.000483950483613,-0.000217548484216,-0.00133887690026,-0.00039004595601,0.00145317858551,-0.000591713993344,0.000445984507678],[-0.0000327866109728,0.00101714348421,-0.00108450080734,-0.000331278133672,0.00881544593722,-0.00395903829485,-0.000757115660235,-0.000333303731168,-0.00201110076159,0.000987386680208,-0.00372984516434,0.00246428884566,-0.00237399921753],[0.000121141034469,-0.00103851559106,0.000974958471488,-0.000611956464127,-0.00395903829485,0.0120421554893,-0.00503412960097,-0.00205823383294,0.00310913682915,-0.000865300477017,0.0045133670792,-0.00409501604736,0.00290675251745],[-0.0000744169738027,0.000698324816767,-0.0013551331358,0.000483950483613,-0.000757115660235,-0.00503412960097,0.0129147777334,-0.00135722872801,-0.00325000775047,0.000653416151181,-0.000398738397053,0.00193417305127,-0.00350844557397],[-0.0000753816129873,0.0000338181562256,0.000191999410163,-0.000217548484216,-0.000333303731168,-0.00205823383294,-0.00135722872801,0.0145030543208,-0.00388650665991,-0.00154143525288,0.00144311436452,-0.00173186603934,-0.0000293474276987],[0.000249117001658,-0.000490436679684,-0.000361045065802,-0.00133887690026,-0.00201110076159,0.00310913682915,-0.00325000775047,-0.00388650665991,0.01916173473,-0.00423244107515,-0.00311935460195,0.00360678392462,-0.00191127019934],[-0.000388721353374,0.00144927436486,-0.000423189048888,-0.00039004595601,0.000987386680208,-0.000865300477017,0.000653416151181,-0.00154143525288,-0.00423244107515,0.0174746066332,-0.0059665273875,-0.00657046120614,0.00397659000009],[0.000727412290871,-0.00208234717138,0.00019118891214,0.00145317858551,-0.00372984516434,0.0045133670792,-0.000398738397053,0.00144311436452,-0.00311935460195,-0.0059665273875,0.0234434828162,-0.00762040354311,-0.00437968922779],[-0.000599484075792,0.0012178219622,-0.00152642698959,-0.000591713993344,0.00246428884566,-0.00409501604736,0.00193417305127,-0.00173186603934,0.00360678392462,-0.00657046120614,-0.00762040354311,0.026315100491,-0.00969930551946],[0.000208576093428,-0.000204203213798,0.000981875578873,0.000445984507678,-0.00237399921753,0.00290675251745,-0.00350844557397,-0.0000293474276987,-0.00191127019934,0.00397659000009,-0.00437968922779,-0.00969930551946,0.0258548930287]],"mean":[-666.736755371,148.013671875,1.6739616394,29.7225151062,-10.3089618683,18.5570983887,-0.837122023106,9.92789363861,-5.04273986816,2.82915425301,-6.85447978973,5.30040645599,-5.23876857758]},"pitch_salience":{"dmean":0.0811141952872,"dmean2":0.131877765059,"dvar":0.00489243026823,"dvar2":0.0123058799654,"max":0.957388520241,"mean":0.55642169714,"median":0.574205040932,"min":0.0704327076674,"var":0.016195749864},"silence_rate_20dB":{"dmean":0,"dmean2":0,"dvar":0,"dvar2":0,"max":1,"mean":1,"median":1,"min":1,"var":0},"silence_rate_30dB":{"dmean":0.0364506617188,"dmean2":0.0729080364108,"dvar":0.0351247824728,"dvar2":0.0843437388539,"max":1,"mean":0.963828802109,"median":1,"min":0,"var":0.0348640494049},"silence_rate_60dB":{"dmean":0.0082842418924,"dmean2":0.0165700074285,"dvar":0.00821564625949,"dvar2":0.0199777390808,"max":1,"mean":0.0519098006189,"median":0,"min":0,"var":0.0492206923664},"spectral_centroid":{"dmean":260.444854736,"dmean2":400.538146973,"dvar":154423.015625,"dvar2":303574.71875,"max":11250.2900391,"mean":1018.81958008,"median":767.533630371,"min":227.546691895,"var":556617.8125},"spectral_complexity":{"dmean":3.7435567379,"dmean2":5.74279642105,"dvar":21.8503646851,"dvar2":43.0837745667,"max":62,"mean":17.2590885162,"median":16,"min":0,"var":93.2077026367},"spectral_contrast_coeffs":{"dmean":[0.0567947588861,0.046893261373,0.0367797389627,0.0268340278417,0.0203155986965,0.0321010015905],"dmean2":[0.0937213003635,0.0783380791545,0.0616921521723,0.0449421852827,0.0334632210433,0.0498041436076],"dvar":[0.00201576342806,0.0013883463107,0.000841006170958,0.000445873505669,0.0004402253835,0.000725254765712],"dvar2":[0.00534693989903,0.00377138564363,0.00228590308689,0.00121229619253,0.00101511995308,0.00169783364981],"max":[-0.319184035063,-0.487998425961,-0.522074520588,-0.627323150635,-0.639238834381,-0.454346358776],"mean":[-0.653533220291,-0.764656245708,-0.796399056911,-0.818697214127,-0.831900537014,-0.721832275391],"median":[-0.654019892216,-0.770951509476,-0.799967050552,-0.820529222488,-0.835554361343,-0.722896456718],"min":[-0.975355088711,-0.973182618618,-0.972572088242,-0.987405359745,-0.967648863792,-0.961070537567],"var":[0.00848702061921,0.00479767797515,0.0029449025169,0.00149299215991,0.00106018187944,0.00289539108053]},"spectral_contrast_valleys":{"dmean":[0.430130124092,0.347982019186,0.286858052015,0.267977446318,0.287448644638,0.460136950016],"dmean2":[0.697709619999,0.578738212585,0.47598862648,0.426809459925,0.414333462715,0.689225316048],"dvar":[0.133040443063,0.0993325784802,0.0776818245649,0.0795102268457,0.115534201264,0.165213048458],"dvar2":[0.309700965881,0.229458943009,0.171427920461,0.161464050412,0.202990919352,0.347267955542],"max":[-4.96809530258,-4.53867387772,-5.32550811768,-5.65696954727,-5.23511552811,-8.92774105072],"mean":[-6.956594944,-6.58042526245,-6.99496364594,-7.67807674408,-7.72487211227,-10.9623823166],"median":[-6.7074174881,-6.3907866478,-6.76260948181,-7.46926450729,-7.66576290131,-10.8356618881],"min":[-27.4207420349,-27.7100353241,-27.5439167023,-27.369436264,-27.3419647217,-27.3721179962],"var":[1.72288632393,1.50964713097,1.46386694908,1.2887172699,1.27653574944,1.08378624916]},"spectral_decrease":{"dmean":3.71770636498e-9,"dmean2":5.93513860281e-9,"dvar":2.67323002583e-17,"dvar2":6.84035287015e-17,"max":8.6326945592e-9,"mean":-7.9356405891e-9,"median":-5.86453685614e-9,"min":-6.3451842891e-8,"var":6.09805620857e-17},"spectral_energy":{"dmean":0.0147897303104,"dmean2":0.0233926456422,"dvar":0.000407951127272,"dvar2":0.00102680851705,"max":0.249957725406,"mean":0.0408225953579,"median":0.0339231193066,"min":1.03675320231e-20,"var":0.0010984785622},"spectral_energyband_high":{"dmean":0.00046525709331,"dmean2":0.000702315126546,"dvar":0.00000135410198254,"dvar2":0.00000312829047289,"max":0.0174740366638,"mean":0.000708617968485,"median":0.000245117204031,"min":7.21041465397e-21,"var":0.00000205050582736},"spectral_energyband_low":{"dmean":0.0108281774446,"dmean2":0.0177294798195,"dvar":0.000303679466015,"dvar2":0.000808810174931,"max":0.233678609133,"mean":0.0167941804975,"median":0.00932158622891,"min":5.10260540155e-23,"var":0.000459841830889},"spectral_energyband_middle_high":{"dmean":0.00126516388264,"dmean2":0.00193775922526,"dvar":0.00000400985891247,"dvar2":0.000008667295333,"max":0.0489613302052,"mean":0.00352063588798,"median":0.00256173172966,"min":1.51362541039e-21,"var":0.000015411991626},"spectral_energyband_middle_low":{"dmean":0.00546746840701,"dmean2":0.00861945282668,"dvar":0.000069702109613,"dvar2":0.000164657947607,"max":0.170558318496,"mean":0.0145031325519,"median":0.00947219319642,"min":4.45954151639e-22,"var":0.000252158206422},"spectral_entropy":{"dmean":0.165155127645,"dmean2":0.24853900075,"dvar":0.0248675085604,"dvar2":0.0500517599285,"max":9.81078147888,"mean":7.5363445282,"median":7.55161857605,"min":5.85253047943,"var":0.124945804477},"spectral_flux":{"dmean":0.0271458551288,"dmean2":0.0440274104476,"dvar":0.000915497599635,"dvar2":0.00215627555735,"max":0.390736967325,"mean":0.104599945247,"median":0.0997088551521,"min":1.01821079346e-10,"var":0.00309001118876},"spectral_kurtosis":{"dmean":2.2702767849,"dmean2":3.27397751808,"dvar":5.08550262451,"dvar2":10.0106077194,"max":33.9758377075,"mean":11.4099197388,"median":11.0595588684,"min":-1.2075830698,"var":17.2616691589},"spectral_rms":{"dmean":0.00103081134148,"dmean2":0.00159851752687,"dvar":0.0000012623765997,"dvar2":0.00000301786644741,"max":0.015616055578,"mean":0.00575095135719,"median":0.00575288850814,"min":3.18035615204e-12,"var":0.0000067536188908},"spectral_rolloff":{"dmean":4598.65087891,"dmean2":8775.30957031,"dvar":58415288,"dvar2":138729552,"max":22028.4667969,"mean":9661.71972656,"median":2799.31640625,"min":21.533203125,"var":97128896},"spectral_skewness":{"dmean":0.265184998512,"dmean2":0.37903636694,"dvar":0.077212959528,"dvar2":0.138285160065,"max":4.33343076706,"mean":2.29958724976,"median":2.31449580193,"min":-0.0319614969194,"var":0.311069071293},"spectral_spread":{"dmean":458771.40625,"dmean2":671033.6875,"dvar":344048009216,"dvar2":554906681344,"max":40530984,"mean":4471686.5,"median":4315929,"min":2171245.5,"var":1463620337660},"spectral_strongpeak":{"dmean":2.69142484665,"dmean2":4.96460676193,"dvar":103.360816956,"dvar2":267.062774658,"max":212.088806152,"mean":2.69729948044,"median":0.293117195368,"min":0,"var":115.017150879},"zerocrossingrate":{"dmean":0.036684691906,"dmean2":0.0461006648839,"dvar":0.000963511294685,"dvar2":0.0014330559643,"max":0.69677734375,"mean":0.244573220611,"median":0.232421875,"min":0.0048828125,"var":0.010009390302}},"metadata":{"audio_properties":{"analysis_sample_rate":44100,"bit_rate":224249,"codec":"mp3","downmix":"mix","equal_loudness":0,"length":252.239425659,"lossless":false,"md5_encoded":"d9350bcba8a2cf521975fdb5fae2ebe4","replay_gain":-0.93465423584,"sample_rate":44100},"tags":{"album":["Around the Sun"],"artist":["R.E.M."],"date":["2004-10-04"],"file_name":"02 - R.E.M - Electron Blue.mp3","musicbrainz_albumid":["f89a3fa0-8ca4-44ac-ad16-632c8306627e"],"musicbrainz_artistid":["ea4dfa26-f633-4da6-a52a-f49ea4897b58"],"musicbrainz_recordingid":["ba22d388-6aa6-4fcf-a62f-816de9339c8e"],"title":["Electron Blue"],"tracknumber":["02/13"]},"version":{"essentia":"2.1-beta1","essentia_build_sha":"5a811adb4c06fd6d02ca903f7349a26d851abfa8","essentia_git_sha":"v2.1_beta1-34-gf95df8b","extractor":"music 1.0"}},"rhythm":{"beats_count":399,"beats_loudness":{"dmean":0.0280806794763,"dmean2":0.0520987175405,"dvar":0.000663445098326,"dvar2":0.00212417822331,"max":0.209625884891,"mean":0.0563077293336,"median":0.0565770827234,"min":4.9955679593e-9,"var":0.00124066905119},"beats_loudness_band_ratio":{"dmean":[0.231511861086,0.11923301965,0.0774621814489,0.0467223413289,0.0278208274394,0.116948634386],"dmean2":[0.436096727848,0.211445897818,0.141346827149,0.0852465480566,0.0550760664046,0.223475843668],"dvar":[0.0314705297351,0.0118816448376,0.00667739892378,0.00323262042366,0.00063422427047,0.0109228342772],"dvar2":[0.108765222132,0.0360799580812,0.0180254615843,0.00990207027644,0.00200300873257,0.0330581367016],"max":[0.981937587261,0.691182553768,0.551099777222,0.433801829815,0.220972254872,0.982827365398],"mean":[0.499080717564,0.186524495482,0.0909399837255,0.0639313980937,0.0249559376389,0.169873729348],"median":[0.517532765865,0.144942596555,0.0510301701725,0.0471383407712,0.0173370856792,0.139573484659],"min":[0.00168737513013,0.00036891666241,0.00223337486386,0.000626465596724,0.000839758489747,0.00651333713904],"var":[0.0509382598102,0.0184634383768,0.00896133203059,0.00310547929257,0.000581285275985,0.0151151288301]},"beats_position