{"lowlevel":{"average_loudness":0.971256911755,"barkbands":{"dmean":[0.0000638881683699,0.00179148523603,0.00163640023675,0.00141328328755,0.00235195620917,0.000955965719186,0.000936596421525,0.00170642649755,0.00247936532833,0.00159771868493,0.000683253339957,0.000649268564302,0.000855240388773,0.000314613018418,0.000528116128407,0.000391107954783,0.000338209618349,0.000197392670088,0.000186671721167,0.000144955381984,0.000087187247118,0.0000886287962203,0.0000697578143445,0.0000966898151091,0.0000574449222768,0.0000202995724976,0.000002007545163],"dmean2":[0.000102938938653,0.00303246825933,0.00271261204034,0.00242239842191,0.00393813243136,0.00156619178597,0.00145334145054,0.0026681094896,0.00371167482808,0.00253857951611,0.00107873405796,0.00103915843647,0.00137509964406,0.000516519066878,0.000856744823977,0.000637141929474,0.000552731740754,0.000320416584145,0.000308420567308,0.000236825610045,0.000141683238326,0.000141796146636,0.000107855077658,0.000142882272485,0.0000812576618046,0.0000319241989928,0.00000303692445414],"dvar":[1.23904273508e-8,0.00000879270100995,0.00000581033418712,0.00000456251018477,0.0000123423369587,0.00000240495933213,0.00000235725792663,0.00000893995274964,0.0000149185816554,0.00000671971929478,0.00000185503608918,0.00000140539634685,0.0000019916351448,4.14152026451e-7,0.00000117776289699,7.34512127565e-7,3.76747777864e-7,1.97797589863e-7,8.13320042425e-8,8.12193619026e-8,2.09799360107e-8,3.96470412056e-8,5.58118493643e-8,1.89703030173e-7,8.66882601258e-8,3.31968919021e-9,6.61891236264e-11],"dvar2":[2.92862534224e-8,0.0000235887582676,0.0000147178752741,0.0000121901493912,0.0000325856963173,0.00000623922414889,0.00000531715159013,0.0000206429485843,0.0000330121692969,0.0000167223624885,0.00000434791172665,0.00000347624336428,0.00000478355468658,9.78346520242e-7,0.00000289092486128,0.00000191950744011,9.48086949393e-7,4.96655218285e-7,2.06592829954e-7,1.87596626233e-7,5.11676319093e-8,8.89889903988e-8,1.15660519384e-7,3.55557574494e-7,1.48895736629e-7,6.89654289232e-9,1.37210146023e-10],"max":[0.00167040759698,0.0405435040593,0.0387558192015,0.0333630293608,0.0449124462903,0.0234162677079,0.0373269990087,0.056186504662,0.0624752566218,0.0467261895537,0.0344035327435,0.0251761078835,0.0255541503429,0.0135839432478,0.0348022356629,0.0198622848839,0.0174572709948,0.0133522981778,0.0138453589752,0.0113710295409,0.00606771651655,0.00753350462765,0.00907724816352,0.0128773786128,0.0105323465541,0.00264381174929,0.00054964813171],"mean":[0.0000833510639495,0.00314326281659,0.00286352168769,0.00215462967753,0.00418549962342,0.00158054707572,0.0017563077854,0.00328287831508,0.00554889347404,0.00343046314083,0.00126322859433,0.00119215412997,0.00150684942491,0.000531747646164,0.000957205658779,0.000783950963523,0.000686385261361,0.000401386176236,0.000454411638202,0.000355535681592,0.000228274540859,0.000207264820347,0.000171457315446,0.000202156865271,0.000118292722618,0.0000374471928808,0.00000249594722845],"median":[0.0000280260319414,0.0019178885268,0.0016098851338,0.00123419542797,0.00268147094175,0.000885100685991,0.000918723468203,0.00121706887148,0.00248033273965,0.00168417149689,0.000502499984577,0.000554771278985,0.000633142073639,0.000264062255155,0.000504798488691,0.000423722114647,0.000398243078962,0.000268292322289,0.000351241789758,0.000249936245382,0.000159180315677,0.000132255634526,0.000104262901004,0.0000585313973716,0.0000241474735958,0.0000205568685487,3.08440093022e-7],"min":[2.85529908584e-23,4.21261947025e-23,1.2865664243e-23,2.15775908559e-23,4.43221310272e-23,8.51658840224e-23,6.87876927477e-23,7.18092067196e-23,7.28275377958e-23,1.02155101711e-22,2.12480946999e-23,7.20375977289e-23,3.32157646535e-23,1.26699189801e-22,1.59741947792e-22,1.45688838838e-22,9.50576128614e-23,1.34364267227e-22,2.52952427066e-22,2.97166452595e-22,4.94466194302e-22,4.52164367608e-22,6.2435970279e-22,6.80094631632e-22,1.2169414125e-21,1.83418233351e-21,2.36455555771e-21],"var":[1.84333739384e-8,0.0000132410332299,0.0000129380960061,0.00000716319527783,0.0000229694542213,0.00000424473000749,0.00000666644791636,0.0000284475572698,0.0000581973872613,0.0000208998262679,0.00000597370217292,0.00000363798517355,0.00000527913061887,8.29046769013e-7,0.00000254583869719,0.00000172519378339,0.00000101951513898,4.21610565127e-7,3.03627246012e-7,2.45616689654e-7,7.02357780824e-8,9.20372542623e-8,1.21804234254e-7,5.25943448793e-7,3.26776074644e-7,8.02731836558e-9,1.10590488156e-10]},"barkbands_crest":{"dmean":2.29615688324,"dmean2":3.68247270584,"dvar":4.13330698013,"dvar2":10.0597248077,"max":26.7163047791,"mean":8.99694347382,"median":8.09711360931,"min":2.7197766304,"var":14.9058656693},"barkbands_flatness_db":{"dmean":0.0156872849911,"dmean2":0.0237360242754,"dvar":0.000218568224227,"dvar2":0.000475342414575,"max":0.455836445093,"mean":0.123316191137,"median":0.111263856292,"min":0.0279420483857,"var":0.00284132035449},"barkbands_kurtosis":{"dmean":1.4327237606,"dmean2":2.28819084167,"dvar":27.974615097,"dvar2":63.2989692688,"max":270.543304443,"mean":1.89950978756,"median":0.938673973083,"min":-1.87783694267,"var":34.4674415588},"barkbands_skewness":{"dmean":0.352145552635,"dmean2":0.556575477123,"dvar":0.157918915153,"dvar2":0.350461661816,"max":14.4700946808,"mean":0.960911929607,"median":0.883296251297,"min":-2.09332513809,"var":0.53906327486},"barkbands_spread":{"dmean":3.91462182999,"dmean2":6.00209379196,"dvar":20.8693981171,"dvar2":40.7918128967,"max":119.163024902,"mean":20.6274738312,"median":19.0720100403,"min":0.283756554127,"var":126.120140076},"dissonance":{"dmean":0.0222852956504,"dmean2":0.0378548502922,"dvar":0.000496845401358,"dvar2":0.00137895275839,"max":0.499990344048,"mean":0.452630609274,"median":0.462525337934,"min":0.148250311613,"var":0.00153317372315},"dynamic_complexity":1.86400234699,"erbbands":{"dmean":[0.0523605979979,0.429213315248,1.56652808189,3.27082753181,6.08660554886,9.12885665894,10.1807308197,6.28613328934,11.2294797897,17.850151062,47.7940177917,57.8764381409,35.1477088928,53.4289588928,21.0753974915,30.5513324738,38.5736427307,18.1589775085,21.3708286285,22.9587650299,21.1038379669,15.1297035217,11.8432483673,8.18187618256,10.3750562668,6.46138620377,3.80228209496,3.77287840843,3.37765407562,2.31948876381,1.983060956,2.25044441223,1.4782730341,0.784156620502,0.374319076538,0.147941723466,0.0230299253017,0.00377736077644,0.000343726045685,0.0000202449264179],"dmean2":[0.0892230942845,0.729313910007,2.59048509598,5.49402856827,10.4980201721,15.2930202484,16.7139987946,10.4626350403,17.273897171,28.5419101715,73.5804367065,85.8679428101,55.4578857422,84.5288619995,33.4535064697,48.7902984619,62.0621643066,29.3052749634,34.7779541016,36.7968788147,34.6660232544,24.6762123108,19.1535186768,13.550330162,17.165266037,10.5270643234,6.20092916489,6.17039108276,5.48783731461,3.67048621178,3.04627847672,3.39209914207,2.16365838051,1.10141909122,0.531887948513,0.233676612377,0.0353152565658,0.00565886078402,0.000523648515809,0.0000306618712784],"dvar":[0.00922183971852,0.483069866896,5.37700653076,20.7997112274,85.9127807617,223.605712891,270.238861084,106.984512329,386.423492432,1090.39599609,6160.95019531,9289.25390625,4114.6640625,8018.70507812,1465.5213623,3004.76904297,3810.75,1342.77404785,1659.88684082,2592.75805664,2295.84814453,743.951721191,807.327270508,135.14251709,290.609069824,173.955596924,43.7058792114,47.4891738892,62.0584907532,41.1482048035,44.7024612427,93.9662780762,48.1890029907,14.6553516388,4.91633081436,0.188930407166,0.00553776184097,0.000238385633565,0.00000148644664932,2.24542695548e-9],"dvar2":[0.0248901695013,1.32673859596,13.93034935,55.3171730042,238.901947021,582.10345459,690.421691895,274.735748291,861.909545898,2672.50463867,13988.9414062,19722.9785156,10110.0322266,20210.7753906,3295.69360352,7457.38525391,9267.93652344,3136.58349609,4131.9140625,6193.42675781,6116.22900391,1838.49279785,2077.19628906,344.767181396,723.30480957,398.351867676,114.510345459,112.576828003,141.816452026,85.5372161865,89.4281158447,181.006210327,94.5600662231,26.7088813782,9.02467918396,0.381752431393,0.0104650650173,0.000470393046271,0.00000304720310851,4.50539472396e-9],"max":[1.25778257847,10.0280799866,34.9606704712,61.5966033936,101.375198364,256.196594238,306.733215332,185.932952881,489.113647461,879.335998535,1551.01965332,1706.31921387,1599.80749512,1665.46081543,1469.62268066,962.900085449,1125.71801758,810.395080566,1192.93640137,2148.98803711,1127.44592285,864.053100586,895.00970459,467.196746826,735.934936523,495.332458496,257.005340576,203.67539978,298.658203125,265.302276611,257.770141602,334.852233887,187.076934814,143.163604736,81.8662643433,18.7835941315,3.49391436577,0.927525520325,0.0740313380957,0.0018142152112],"mean":[0.0871677026153,0.747854650021,2.87452316284,5.74136638641,9.40128612518,15.5887069702,16.8239746094,10.9926815033,21.5430431366,35.2889976501,101.488502502,130.115737915,80.8866271973,114.813568115,44.3983840942,60.0651817322,70.9407196045,35.0946731567,39.4345016479,47.1994590759,45.5096359253,34.1723136902,25.518913269,20.3874225616,24.7005596161,16.6076259613,9.7787733078,9.23862457275,7.74315929413,5.51452636719,4.81024169922,4.73348140717,2.94377613068,1.53444325924,0.748502254486,0.288410425186,0.0396794676781,0.00543641718104,0.00045753698214,0.0000644711326458],"median":[0.0449702516198,0.482722640038,1.75621175766,3.83020877838,6.0703792572,8.77583217621,8.26037693024,6.76765632629,10.94053936,18.8166179657,50.1048774719,61.5058288574,48.2282867432,53.7349243164,27.7606201172,31.3709030151,35.2175827026,17.9141368866,24.2880592346,24.4755344391,25.6607704163,20.8901023865,16.8994808197,16.1471977234,18.8752536774,11.9536418915,6.74269676208,6.10219335556,4.88235855103,3.47361779213,2.83487272263,1.85553574562,0.667436242104,0.284747958183,0.173468053341,0.159877061844,0.0168043263257,0.00113805779256,0.0000878212304087,0.0000539280044904],"min":[3.08924574587e-21,2.21079286003e-21,1.02888771635e-20,5.27199589066e-20,1.40701961705e-19,9.96179750929e-20,4.76911602553e-19,6.89231650099e-19,8.03108984643e-19,1.1152366449e-18,2.02042131979e-18,1.54970995292e-18,2.51182057719e-18,2.20215248678e-18,1.51947557095e-18,2.86913633882e-18,1.80877661352e-18,5.64736428756e-18,1.08243713449e-17,5.72592783419e-18,7.52471644861e-18,6.07268691005e-18,8.28337259204e-18,8.52565296627e-18,1.37749750479e-17,1.63259098944e-17,1.57026359203e-17,1.95311669392e-17,1.48664870155e-17,1.83560940133e-17,1.8869197456e-17,1.24815970965e-17,1.2937913763e-17,1.57358025541e-17,7.13213073963e-18,5.90668044651e-18,3.72466691251e-18,1.37615701725e-18,3.49967580215e-19,3.28196768104e-20],"var":[0.0131357396021,0.70080780983,10.8085803986,35.4285545349,110.138237,428.624237061,518.567443848,185.175018311,1085.73010254,2976.3371582,20189.765625,34786.6445312,13711.0195312,25303.5683594,3876.85327148,7659.88378906,9847.70019531,3235.78125,3067.17358398,7008.01660156,5756.17382812,2206.8840332,1690.96972656,510.49710083,908.822937012,528.383789062,142.207794189,138.996871948,137.377487183,91.0019607544,102.445571899,216.840454102,139.766326904,49.0056152344,16.5491409302,0.553590595722,0.0135794365779,0.000468367798021,0.00000268465282716,5.10758946248e-9]},"erbbands_crest":{"dmean":2.91736793518,"dmean2":4.67617082596,"dvar":6.50461769104,"dvar2":15.9032907486,"max":31.4663391113,"mean":11.3044214249,"median":10.2744779587,"min":2.94570946693,"var":25.2066421509},"erbbands_flatness_db":{"dmean":0.0159367676824,"dmean2":0.0238283183426,"dvar":0.00022605972481,"dvar2":0.000488233403303,"max":0.474360913038,"mean":0.173589482903,"median":0.166742444038,"min":0.0280251093209,"var":0.00225316430442},"erbbands_kurtosis":{"dmean":1.05590283871,"dmean2":1.68336212635,"dvar":5.59596395493,"dvar2":12.1404514313,"max":98.7242431641,"mean":1.23967444897,"median":0.537958264351,"min":-1.87284064293,"var":9.86687850952},"erbbands_skewness":{"dmean":0.349217474461,"dmean2":0.541619181633,"dvar":0.116846933961,"dvar2":0.263208717108,"max":7.9430847168,"mean":0.641368150711,"median":0.614983856678,"min":-3.25281620026,"var":0.572531104088},"erbbands_spread":{"dmean":5.38215065002,"dmean2":8.3676366806,"dvar":35.512928009,"dvar2":70.6626968384,"max":121.19468689,"mean":28.0063743591,"median":25.9821891785,"min":1.03629875183,"var":183.620925903},"gfcc":{"cov":[[7861.59667969,-771.677490234,-179.550674438,888.979736328,58.5187759399,361.174530029,-315.695678711,398.315307617,-198.483932495,-116.734489441,-322.189910889,100.710365295,-60.8841323853],[-771.677490234,926.120727539,-55.3741378784,-26.9216442108,125.180366516,-129.786911011,112.926673889,-114.239852905,83.571182251,-50.3416748047,67.7550964355,-84.4463272095,29.3426494598],[-179.550674438,-55.3741378784,539.304382324,-55.4780311584,-43.8199653625,39.0897293091,-59.169757843,17.664308548,-33.8000869751,0.0938912555575,-5.27478122711,-0.171568676829,-58.4561157227],[888.979736328,-26.9216442108,-55.4780311584,402.311035156,73.2163925171,31.6906814575,-12.9609355927,44.4818954468,2.07941150665,-29.1840896606,-34.793384552,4.31032371521,70.1801528931],[58.5187759399,125.180366516,-43.8199653625,73.2163925171,180.813858032,7.52342748642,32.8613777161,2.98469495773,28.5739574432,7.83753919601,-10.8787002563,11.5760564804,29.1219272614],[361.174530029,-129.786911011,39.0897293091,31.6906814575,7.52342748642,147.370681763,19.9915828705,46.9846916199,-27.8687667847,6.87018585205,-5.27418708801,5.15523862839,-13.5800685883],[-315.695678711,112.926673889,-59.169757843,-12.9609355927,32.8613777161,19.9915828705,161.617462158,22.3864555359,18.4430828094,15.7218866348,17.4287586212,-19.7730407715,6.60608816147],[398.315307617,-114.239852905,17.664308548,44.4818954468,2.98469495773,46.9846916199,22.3864555359,135.887374878,16.677778244,7.52503347397,-31.8317699432,0.917505443096,-14.2485151291],[-198.483932495,83.571182251,-33.8000869751,2.07941150665,28.5739574432,-27.8687667847,18.4430828094,16.677778244,100.626411438,24.03647995,8.61477565765,-12.0550785065,8.45057296753],[-116.734489441,-50.3416748047,0.0938912555575,-29.1840896606,7.83753919601,6.87018585205,15.7218866348,7.52503347397,24.03647995,88.940612793,29.0779399872,18.5697574615,-16.567647934],[-322.189910889,67.7550964355,-5.27478122711,-34.793384552,-10.8787002563,-5.27418708801,17.4287586212,-31.8317699432,8.61477565765,29.0779399872,103.317962646,15.4963264465,-6.82331800461],[100.710365295,-84.4463272095,-0.171568676829,4.31032371521,11.5760564804,5.15523862839,-19.7730407715,0.917505443096,-12.0550785065,18.5697574615,15.4963264465,88.8626480103,23.5765666962],[-60.8841323853,29.3426494598,-58.4561157227,70.1801528931,29.1219272614,-13.5800685883,6.60608816147,-14.2485151291,8.45057296753,-16.567647934,-6.82331800461,23.5765666962,116.830497742]],"icov":[[0.000331683375407,-0.000167576625245,0.000292375276331,-0.000626578403171,0.000126880928292,-0.00058644550154,0.000751370971557,-0.000707375176717,0.000527588243131,-0.0000476332861581,0.000672637543175,-0.000508791476022,0.000606107292697],[-0.000167576625245,0.00244137109257,-0.00044266457553,0.000413756963098,-0.00172777834814,0.00181559589691,-0.00182769540697,0.00172486633528,-0.00153392856009,0.00209339009598,-0.00203617010266,0.00198025954887,-0.000325824279571],[0.000292375276331,-0.00044266457553,0.00241941236891,-0.000320846942486,0.000430038868217,-0.00120809383225,0.00166225701105,-0.00110342400149,0.00101194437593,-0.000280746637145,0.000747524143662,-0.00060051411856,0.00124248047359],[-0.000626578403171,0.000413756963098,-0.000320846942486,0.00452663749456,-0.00154023454525,0.000586872978602,-0.000545478367712,0.0000514103157911,-0.000691432680469,0.000776783272158,-0.0013660537079,0.00172960979398,-0.00308953085914],[0.000126880928292,-0.00172777834814,0.000430038868217,-0.00154023454525,0.00818239618093,-0.00194316625129,-0.000330381153617,0.000128342129756,-0.00112968042959,-0.00187265989371,0.00296421186067,-0.00301910820417,0.00000785333759268],[-0.00058644550154,0.00181559589691,-0.00120809383225,0.000586872978602,-0.00194316625129,0.0109492596239,-0.00328503898345,-0.000965185347013,0.00170853768941,0.000385519524571,-0.00286695477553,0.00205159932375,-0.000543868809473],[0.000751370971557,-0.00182769540697,0.00166225701105,-0.000545478367712,-0.000330381153617,-0.00328503898345,0.01061926689,-0.00442601135001,0.00216838088818,-0.00235970085487,0.000443483091658,0.000808967568446,-0.0000585821908317],[-0.000707375176717,0.00172486633528,-0.00110342400149,0.0000514103157911,0.000128342129756,-0.000965185347013,-0.00442601135001,0.0131625132635,-0.00532002188265,0.000890452007297,0.00166043231729,-0.0000956970397965,0.000953911046963],[0.000527588243131,-0.00153392856009,0.00101194437593,-0.000691432680469,-0.00112968042959,0.00170853768941,0.00216838088818,-0.00532002188265,0.015417884104,-0.00520234275609,0.000257617328316,0.00194866838865,-0.0009405213641],[-0.0000476332861581,0.00209339009598,-0.000280746637145,0.000776783272158,-0.00187265989371,0.000385519524571,-0.00235970085487,0.000890452007297,-0.00520234275609,0.0170045979321,-0.00458986265585,-0.00245935004205,0.00261189439334],[0.000672637543175,-0.00203617010266,0.000747524143662,-0.0013660537079,0.00296421186067,-0.00286695477553,0.000443483091658,0.00166043231729,0.000257617328316,-0.00458986265585,0.015491113998,-0.00511998683214,0.00243028206751],[-0.000508791476022,0.00198025954887,-0.00060051411856,0.00172960979398,-0.00301910820417,0.00205159932375,0.000808967568446,-0.0000956970397965,0.00194866838865,-0.00245935004205,-0.00511998683214,0.0171929076314,-0.00542661361396],[0.000606107292697,-0.000325824279571,0.00124248047359,-0.00308953085914,0.00000785333759268,-0.000543868809473,-0.0000585821908317,0.000953911046963,-0.0009405213641,0.00261189439334,0.00243028206751,-0.00542661361396,0.0131645929068]],"mean":[32.9121284485,97.6599655151,-129.95993042,23.1744441986,-65.7994995117,17.4137039185,-31.1254405975,12.5781383514,-22.9963035583,-2.13020205498,-20.7058620453,-4.41702127457,-12.7163171768]},"hfc":{"dmean":6.03142213821,"dmean2":9.25457191467,"dvar":73.133354187,"dvar2":144.352737427,"max":206.115661621,"mean":33.5132522583,"median":33.1497573853,"min":1.15953622402e-16,"var":381.461578369},"melbands":{"dmean":[0.000473027728731,0.00069257535506,0.000607820344158,0.000533357437234,0.000363085011486,0.000147223327076,0.000178059504833,0.000212704399019,0.000444627221441,0.000337913952535,0.000180297691259,0.000228662567679,0.0000832403238746,0.0000645634427201,0.000105439859908,0.0000626896508038,0.0000344099280483,0.0000321258376061,0.0000382618272852,0.000028324109735,0.0000272588531516,0.0000176275461854,0.0000157559679792,0.00000969159827946,0.00000721191372577,0.00000841027122078,0.00000706339415046,0.00000430188538303,0.00000299456314679,0.00000216289890886,0.00000257991246144,0.00000218478749048,0.00000163454910762,0.00000134256856654,0.00000115592047223,0.0000015376497231,0.00000139887902151,0.00000113154953851,8.79652816366e-7,6.33337151612e-7],"dmean2":[0.000805321440566,0.00115314021241,0.00102419022005,0.000905180932023,0.000595607853029,0.000243796865107,0.000273895275313,0.000340528262313,0.000678375654388,0.000503099872731,0.000284663343336,0.000361933518434,0.000132135450258,0.000103033155028,0.000168840473634,0.000100692617707,0.0000558804822504,0.0000523768903804,0.000061769009335,0.0000455855297332,0.0000450205989182,0.0000290584393952,0.0000256699768215,0.0000158527363965,0.0000120015483844,0.0000140116635521,0.0000116450091809,0.00000704404828866,0.00000495694121128,0.00000355941142516,0.0000042690180635,0.00000356082910002,0.00000265428548119,0.00000215011550608,0.00000180175743481,0.00000242694363806,0.00000211557699004,0.00000170183989212,0.00000126631812236,9.09593893539e-7],"dvar":[6.6382864361e-7,0.0000010314103065,6.89499756845e-7,6.83334974383e-7,3.23910398947e-7,5.81954999745e-8,9.20787783798e-8,1.49549066464e-7,4.45751879852e-7,2.98565680623e-7,1.05648695126e-7,1.51074047494e-7,2.451588621e-8,1.35449997885e-8,2.80323799728e-8,1.13592273365e-8,5.37988986693e-9,4.03404021299e-9,9.08044928138e-9,3.2182603249e-9,4.57200943771e-9,1.0719533039e-9,1.12839892985e-9,4.48291681554e-10,1.10348917504e-10,1.81705095414e-10,1.8887515163e-10,7.20184606395e-11,3.20858166425e-11,1.38062001068e-11,2.32595314537e-11,3.01800216762e-11,1.19380451705e-11,1.58359575453e-11,1.32050594417e-11,3.68999795997e-11,3.74079101029e-11,2.92572979732e-11,1.69485207119e-11,1.08613760347e-11],"dvar2":[0.00000177124741185,0.00000271773637905,0.00000182286328254,0.00000184884572718,8.27272003789e-7,1.49626501411e-7,2.03642244401e-7,3.73085327965e-7,0.00000102080650777,6.42116560812e-7,2.58829459199e-7,3.80150424917e-7,5.8647994905e-8,3.29088045703e-8,6.84799772444e-8,2.64986024234e-8,1.26382513344e-8,9.74280389698e-9,2.19782556599e-8,7.88380383199e-9,1.21666126063e-8,2.76665312882e-9,2.70969957583e-9,1.16275933326e-9,2.82966677867e-10,4.63698801578e-10,4.33611313522e-10,1.70707975533e-10,8.83979348054e-11,3.51582617186e-11,5.56404956831e-11,7.00451710522e-11,2.74670217126e-11,3.41239016211e-11,2.66112167024e-11,8.10917513694e-11,7.05232955367e-11,6.04673047744e-11,3.15317563726e-11,2.13205546967e-11],"max":[0.00995915662497,0.0146418428048,0.011624218896,0.0114669185132,0.00906293559819,0.00402380432934,0.00799420196563,0.00872625503689,0.0121515356004,0.00917390454561,0.0081432685256,0.00745996227488,0.00413669878617,0.00259704235941,0.00360014359467,0.00258707208559,0.00168414018117,0.00194778305013,0.00333193177357,0.00151050044224,0.00171681318898,0.000767862424254,0.00110009533819,0.000600104045589,0.000429963460192,0.000600876577664,0.000573582190555,0.000275728642009,0.000191593513591,0.000126834740513,0.000118829535495,0.000209358506254,0.00010917144391,0.000172942789504,0.000143355398905,0.000206138982321,0.000195027823793,0.000150456617121,0.000107759638922,0.000123326957691],"mean":[0.000829849741422,0.00134033092763,0.00109831721056,0.000922160281334,0.000626105349511,0.000251747667789,0.00033891829662,0.000415901798988,0.000959130993579,0.000748190213926,0.000387456879253,0.000480136281112,0.000157643269631,0.000123846941278,0.000195002634428,0.000112843270472,0.0000593706608925,0.0000552268429601,0.0000695068520145,0.000056269353081,0.0000537091545993,0.0000362047321687,0.0000292613276542,0.0000191808412637,0.0000155194102263,0.0000183249649126,0.0000159210721904,0.00000977608942776,0.0000064818204919,0.00000495998119732,0.00000556629538551,0.00000457242231278,0.00000356204850505,0.00000287788475362,0.0000026120367238,0.0000031525785289,0.00000276812261291,0.00000212801296584,0.00000167933717421,0.00000116073101708],"median":[0.00047542489483,0.000921408238355,0.000786960008554,0.000595394754782,0.000327296322212,0.00015000073472,0.000173074222403,0.000205861782888,0.00047813920537,0.000351765396772,0.000213509585592,0.000209105055546,0.0000786641758168,0.0000582720422244,0.0000991709093796,0.000051502342103,0.0000258130858128,0.0000321424304275,0.0000320104409184,0.0000306514848489,0.0000268372787104,0.0000207058146771,0.0000165019373526,0.0000124294929265,0.0000116324763439,0.0000132993300213,0.000011139713024,0.00000660174737277,0.00000421527602157,0.00000334832498083,0.00000342741486747,0.00000269375505013,0.00000230236946663,0.00000165864821611,0.00000145015633279,0.00000169864006239,9.06472905626e-7,4.81242977912e-7,2.75100831004e-7,2.21372701503e-7],"min":[1.94037473698e-23,4.41422896735e-24,1.13165638839e-23,9.58066205137e-24,1.29183317525e-23,1.563197619e-23,1.27341122207e-23,1.28234278413e-23,1.64797381836e-23,9.31114377879e-24,1.35009583847e-23,1.03544754348e-23,3.62962830544e-24,9.08132019811e-24,4.1403798484e-24,5.09866874897e-24,9.32186045419e-24,1.88393095035e-23,6.63172249395e-24,9.92002764621e-24,8.50214088808e-24,5.48104580138e-24,8.58853772328e-24,5.15304295902e-24,6.86661923911e-24,9.47029173326e-24,9.84281472967e-24,1.09302902531e-23,7.06030825717e-24,1.49127433037e-23,9.29735922334e-24,8.01926650622e-24,9.59076341526e-24,1.0088412373e-23,1.06533779873e-23,1.06024396609e-23,6.82552589684e-24,8.30908611419e-24,1.23084602312e-23,1.39008319775e-23],"var":[9.96384301288e-7,0.00000192198422155,0.00000115431771519,0.00000115530212952,6.4439285552e-7,1.02654162504e-7,2.64430667585e-7,4.09015001424e-7,0.00000152418112975,0.00000113123905976,3.46094196857e-7,4.76218900758e-7,6.78645548646e-8,3.73434545509e-8,7.23921260715e-8,3.20713091639e-8,1.18743379574e-8,7.38748973106e-9,1.9018962405e-8,8.29658741708e-9,1.14479723479e-8,2.80119127893e-9,2.44348741241e-9,9.35615696029e-10,3.54285684123e-10,5.55658796753e-10,4.9349385689e-10,2.04008573923e-10,7.75352351767e-11,3.54492442345e-11,5.92215790296e-11,6.05481983995e-11,2.74447044951e-11,3.2217176843e-11,3.26625497482e-11,6.51433976206e-11,9.10428052392e-11,7.57364240767e-11,5.44166725569e-11,3.21721538299e-11]},"melbands_crest":{"dmean":2.76926493645,"dmean2":4.49178361893,"dvar":5.71600151062,"dvar2":14.7033653259,"max":33.7332382202,"mean":11.5545578003,"median":10.6776065826,"min":1.93295383453,"var":19.2062587738},"melbands_flatness_db":{"dmean":0.0180466026068,"dmean2":0.0277278125286,"dvar":0.000302334898151,"dvar2":0.000669791654218,"max":0.510422766209,"mean":0.177575290203,"median":0.165116772056,"min":0.00526763685048,"var":0.00377325573936},"melbands_kurtosis":{"dmean":2.36726784706,"dmean2":3.80080866814,"dvar":20.0116882324,"dvar2":45.7874984741,"max":170.027770996,"mean":4.44692993164,"median":3.04285907745,"min":-1.73725700378,"var":38.6924057007},"melbands_skewness":{"dmean":0.432365119457,"dmean2":0.688270509243,"dvar":0.184625282884,"dvar2":0.442893952131,"max":9.00288105011,"mean":1.44950187206,"median":1.32100641727,"min":-1.36462903023,"var":0.688959002495},"melbands_spread":{"dmean":5.39211654663,"dmean2":8.41149997711,"dvar":44.1008453369,"dvar2":95.6779708862,"max":186.147323608,"mean":26.0437641144,"median":23.8947677612,"min":0.552683353424,"var":199.175292969},"mfcc":{"cov":[[6868.30322266,-822.814758301,-242.9271698,472.522460938,267.549255371,145.740982056,59.5098953247,313.083862305,38.4896278381,110.243392944,-88.626335144,-126.499923706,-165.553115845],[-822.814758301,871.976074219,-17.931055069,54.8117408752,-27.6697120667,11.6685018539,-12.9757184982,-16.9730796814,-18.5979766846,18.0871181488,31.9793205261,1.76841759682,2.97517609596],[-242.9271698,-17.931055069,465.766204834,-85.2966918945,40.2468185425,-37.5164604187,11.0029611588,-22.2745227814,-48.9320030212,-11.0355701447,17.4182128906,12.7999649048,-14.5922250748],[472.522460938,54.8117408752,-85.2966918945,299.817138672,51.9028511047,49.5669021606,-6.38338899612,25.110326767,53.1067848206,-1.32894921303,-26.0844268799,-19.980266571,6.60972356796],[267.549255371,-27.6697120667,40.2468185425,51.9028511047,155.466125488,20.7281398773,-21.21925354,6.50185203552,9.63641929626,-1.84257435799,-20.0407180786,-7.60763216019,2.31309461594],[145.740982056,11.6685018539,-37.5164604187,49.5669021606,20.7281398773,109.554641724,36.2928466797,7.84470129013,13.190905571,-7.34200716019,2.03839111328,-3.59433984756,-3.66188335419],[59.5098953247,-12.9757184982,11.0029611588,-6.38338899612,-21.21925354,36.2928466797,129.803268433,29.6906681061,10.5048141479,3.20831632614,17.8326530457,6.14651250839,-3.02819418907],[313.083862305,-16.9730796814,-22.2745227814,25.110326767,6.50185203552,7.84470129013,29.6906681061,103.578636169,19.8303070068,25.2034873962,2.15109229088,-5.10262346268,-8.29169082642],[38.4896278381,-18.5979766846,-48.9320030212,53.1067848206,9.63641929626,13.190905571,10.5048141479,19.8303070068,132.862609863,25.9681529999,-22.4879455566,-13.0538835526,13.2355909348],[110.243392944,18.0871181488,-11.0355701447,-1.32894921303,-1.84257435799,-7.34200716019,3.20831632614,25.2034873962,25.9681529999,85.54271698,33.5240478516,5.77526330948,-10.3918056488],[-88.626335144,31.9793205261,17.4182128906,-26.0844268799,-20.0407180786,2.03839111328,17.8326530457,2.15109229088,-22.4879455566,33.5240478516,97.8361053467,35.968132019,-5.02000331879],[-126.499923706,1.76841759682,12.7999649048,-19.980266571,-7.60763216019,-3.59433984756,6.14651250839,-5.10262346268,-13.0538835526,5.77526330948,35.968132019,83.4241714478,39.352142334],[-165.553115845,2.97517609596,-14.5922250748,6.60972356796,2.31309461594,-3.66188335419,-3.02819418907,-8.29169082642,13.2355909348,-10.3918056488,-5.02000331879,39.352142334,85.1969528198]],"icov":[[0.000260520930169,0.000258228072198,0.0000969943866949,-0.000366756750736,-0.000273422134342,-0.00012538478768,-0.0000466383498861,-0.000538302818313,0.000335019489285,-0.00038272884558,0.000222921575187,0.0000242073092522,0.000393499678466],[0.000258228072198,0.00147034716792,0.0000700974560459,-0.00069977180101,0.0000451721680292,-0.000293683726341,0.000121356199088,-0.000284727109829,0.000623108528089,-0.000719911360648,-0.000155003828695,0.00028964120429,0.000151957137859],[0.0000969943866949,0.0000700974560459,0.0026184655726,0.000436306436313,-0.00132433825638,0.00101783219725,-0.000795592088252,0.000288839684799,0.000596601341385,0.00022682933195,-0.000215290099732,-0.000340144237271,0.000759607588407],[-0.000366756750736,-0.00069977180101,0.000436306436313,0.00489580165595,-0.000839251384605,-0.00127646524925,0.000632425246295,-0.000100658173324,-0.00173296383582,0.00106931710616,-0.00012066646741,0.000485111930175,-0.000844261609018],[-0.000273422134342,0.0000451721680292,-0.00132433825638,-0.000839251384605,0.00824357848614,-0.00196261866949,0.00198439904489,-0.00014801438374,-0.000259193533566,-0.000333534611855,0.00112419645302,0.0000152094116856,-0.000887846399564],[-0.00012538478768,-0.000293683726341,0.00101783219725,-0.00127646524925,-0.00196261866949,0.0121018830687,-0.00381561880931,0.000892324489541,-0.00073304126272,0.00206457264721,-0.00132055452559,-0.0000742447664379,0.000886823516339],[-0.0000466383498861,0.000121356199088,-0.000795592088252,0.000632425246295,0.00198439904489,-0.00381561880931,0.0102095315233,-0.00296878558584,-0.00116495590191,0.00116033561062,-0.00167553848587,-0.00020802403742,-0.000104255072074],[-0.000538302818313,-0.000284727109829,0.000288839684799,-0.000100658173324,-0.00014801438374,0.000892324489541,-0.00296878558584,0.012949093245,-0.000905165274162,-0.00274483952671,0.000483872165205,-0.0000358029428753,0.0000691789537086],[0.000335019489285,0.000623108528089,0.000596601341385,-0.00173296383582,-0.000259193533566,-0.00073304126272,-0.00116495590191,-0.000905165274162,0.0106711918488,-0.00514937750995,0.00325203104876,0.00158505130094,-0.00211449852213],[-0.00038272884558,-0.000719911360648,0.00022682933195,0.00106931710616,-0.000333534611855,0.00206457264721,0.00116033561062,-0.00274483952671,-0.00514937750995,0.0179672017694,-0.00725970277563,-0.000316273042699,0.00181904458441],[0.000222921575187,-0.000155003828695,-0.000215290099732,-0.00012066646741,0.00112419645302,-0.00132055452559,-0.00167553848587,0.000483872165205,0.00325203104876,-0.00725970277563,0.017174968496,-0.00743827596307,0.00336832739413],[0.0000242073092522,0.00028964120429,-0.000340144237271,0.000485111930175,0.0000152094116856,-0.0000742447664379,-0.00020802403742,-0.0000358029428753,0.00158505130094,-0.000316273042699,-0.00743827596307,0.0205210074782,-0.0102751264349],[0.000393499678466,0.000151957137859,0.000759607588407,-0.000844261609018,-0.000887846399564,0.000886823516339,-0.000104255072074,0.0000691789537086,-0.00211449852213,0.00181904458441,0.00336832739413,-0.0102751264349,0.0182525739074]],"mean":[-605.105102539,125.317871094,-7.50566625595,12.4378919601,-8.31212806702,2.66068601608,-1.64869725704,9.60543251038,1.80505383015,6.7135515213,-2.43392419815,-1.65764951706,-3.82571649551]},"pitch_salience":{"dmean":0.0594472400844,"dmean2":0.0961295068264,"dvar":0.00246342294849,"dvar2":0.00623194361106,"max":0.905076563358,"mean":0.557985305786,"median":0.558613240719,"min":0.0676141008735,"var":0.00902599468827},"silence_rate_20dB":{"dmean":0,"dmean2":0,"dvar":0,"dvar2":0,"max":1,"mean":1,"median":1,"min":1,"var":0},"silence_rate_30dB":{"dmean":0,"dmean2":0,"dvar":0,"dvar2":0,"max":1,"mean":1,"median":1,"min":1,"var":0},"silence_rate_60dB":{"dmean":0.00420565670356,"dmean2":0.00841219723225,"dvar":0.00418838858604,"dvar2":0.00939274113625,"max":1,"mean":0.0370058864355,"median":0,"min":0,"var":0.0356400087476},"spectral_centroid":{"dmean":172.535354614,"dmean2":270.85723877,"dvar":39033.9726562,"dvar2":79048.796875,"max":11000.6005859,"mean":1297.35949707,"median":1250.52722168,"min":241.669754028,"var":242654.921875},"spectral_complexity":{"dmean":3.20260739326,"dmean2":5.15352249146,"dvar":8.83769989014,"dvar2":20.8329772949,"max":60,"mean":25.1838722229,"median":26,"min":0,"var":90.1959381104},"spectral_contrast_coeffs":{"dmean":[0.0511980690062,0.0483841970563,0.0410017035902,0.0324895083904,0.0210967455059,0.0157968327403],"dmean2":[0.0856779739261,0.0796161741018,0.0668322518468,0.0534382350743,0.0346991457045,0.0253527648747],"dvar":[0.00178546179086,0.00145559373777,0.00104482320603,0.000677385774907,0.000299509149045,0.000213181134313],"dvar2":[0.00485434010625,0.00391342164949,0.00277144089341,0.00175029877573,0.000764461350627,0.00051182025345],"max":[-0.323621302843,-0.385821938515,-0.456655561924,-0.517935752869,-0.591366827488,-0.530001461506],"mean":[-0.632260203362,-0.701044023037,-0.704125165939,-0.744649767876,-0.778968453407,-0.745342612267],"median":[-0.633251905441,-0.704894065857,-0.705483675003,-0.749246478081,-0.783238768578,-0.749887108803],"min":[-0.96422201395,-0.959215462208,-0.961246907711,-0.957166075706,-0.956893503666,-0.961014330387],"var":[0.00602359278128,0.00541107449681,0.00435139238834,0.00309747993015,0.0019154624315,0.00195739115588]},"spectral_contrast_valleys":{"dmean":[0.377185225487,0.329710751772,0.291600286961,0.247872322798,0.192702800035,0.218977227807],"dmean2":[0.629755616188,0.545690774918,0.476149439812,0.39818829298,0.304515510798,0.315113216639],"dvar":[0.113819420338,0.0844879001379,0.0747341886163,0.0664352476597,0.0538330003619,0.087036319077],"dvar2":[0.268835574389,0.199752554297,0.164860352874,0.137666746974,0.101584404707,0.155060112476],"max":[-5.32777118683,-4.65065574646,-5.13699197769,-5.95314311981,-5.43901491165,-7.28288555145],"mean":[-7.09780168533,-6.37351512909,-6.87793922424,-7.38027191162,-7.29341411591,-9.97299003601],"median":[-6.88985109329,-6.2314157486,-6.70147037506,-7.14569282532,-6.99863433838,-9.7892074585],"min":[-27.2857208252,-27.4083271027,-27.1172275543,-27.4528198242,-27.3324680328,-27.2168292999],"var":[1.13450908661,0.783702015877,0.872770369053,0.970530331135,1.10161042213,1.30054283142]},"spectral_decrease":{"dmean":1.78256986949e-9,"dmean2":2.84988233012e-9,"dvar":2.97573117526e-18,"dvar2":7.52517884257e-18,"max":5.36538142637e-29,"mean":-9.03227626026e-9,"median":-9.30248678088e-9,"min":-2.12805080224e-8,"var":1.18733827726e-17},"spectral_energy":{"dmean":0.00699970778078,"dmean2":0.0111917573959,"dvar":0.0000451615087513,"dvar2":0.00011446478311,"max":0.0820930525661,"mean":0.037129573524,"median":0.0384855866432,"min":1.03148283396e-20,"var":0.000191104962141},"spectral_energyband_high":{"dmean":0.000362256163498,"dmean2":0.000538925931323,"dvar":9.19454976156e-7,"dvar2":0.00000159611772688,"max":0.0236810874194,"mean":0.00111259846017,"median":0.000698408635799,"min":7.57029395819e-21,"var":0.0000032804471175},"spectral_energyband_low":{"dmean":0.00322243524715,"dmean2":0.00529478956014,"dvar":0.0000202791998163,"dvar2":0.0000514839484822,"max":0.0625351592898,"mean":0.00716899055988,"median":0.00553294830024,"min":9.01748541589e-23,"var":0.0000406980834669},"spectral_energyband_middle_high":{"dmean":0.00281203840859,"dmean2":0.00439568748698,"dvar":0.00000997366441879,"dvar2":0.0000244712282438,"max":0.054368045181,"mean":0.0109519166872,"median":0.00982315093279,"min":1.3038514175e-21,"var":0.0000543215137441},"spectral_energyband_middle_low":{"dmean":0.00581854162738,"dmean2":0.00923199951649,"dvar":0.0000347142486135,"dvar2":0.0000885234840098,"max":0.0678904801607,"mean":0.0193774495274,"median":0.0180343780667,"min":3.78101738692e-22,"var":0.000116796603834},"spectral_entropy":{"dmean":0.12619958818,"dmean2":0.188301622868,"dvar":0.0189755707979,"dvar2":0.0385545529425,"max":9.80722999573,"mean":7.53155326843,"median":7.63214302063,"min":4.50738096237,"var":0.238010704517},"spectral_flux":{"dmean":0.0193397495896,"dmean2":0.0310141257942,"dvar":0.000328343536239,"dvar2":0.000778423855081,"max":0.230215832591,"mean":0.092528693378,"median":0.091745108366,"min":1.01561946353e-10,"var":0.00117122835945},"spectral_kurtosis":{"dmean":1.58722925186,"dmean2":2.67718958855,"dvar":8.4385061264,"dvar2":21.9609546661,"max":75.7014160156,"mean":5.17486000061,"median":3.94956922531,"min":-1.29464030266,"var":35.597202301},"spectral_rms":{"dmean":0.000563880603295,"dmean2":0.000894083292224,"dvar":2.66085066869e-7,"dvar2":6.59389684188e-7,"max":0.00894934497774,"mean":0.00584462052211,"median":0.00612755352631,"min":3.17226214915e-12,"var":0.00000206444678952},"spectral_rolloff":{"dmean":337.38873291,"dmean2":567.440917969,"dvar":491449.75,"dvar2":931381.75,"max":18626.2207031,"mean":1540.73681641,"median":1291.9921875,"min":172.265625,"var":1766015.25},"spectral_skewness":{"dmean":0.191414088011,"dmean2":0.313236415386,"dvar":0.0556393228471,"dvar2":0.138113245368,"max":6.92846727371,"mean":1.63610208035,"median":1.53074061871,"min":-0.00979664269835,"var":0.404969155788},"spectral_spread":{"dmean":380516.15625,"dmean2":565286.875,"dvar":352518275072,"dvar2":515403350016,"max":39461332,"mean":4298961,"median":4072748.5,"min":991428.0625,"var":2144851197950},"spectral_strongpeak":{"dmean":0.956117928028,"dmean2":1.61753582954,"dvar":1.37394690514,"dvar2":3.34473991394,"max":13.4585466385,"mean":1.93229436874,"median":1.5507619381,"min":0,"var":2.76231765747},"zerocrossingrate":{"dmean":0.00730850920081,"dmean2":0.00882659479976,"dvar":0.000106604653411,"dvar2":0.000114482812933,"max":0.498046875,"mean":0.0602358467877,"median":0.0556640625,"min":0.009765625,"var":0.000960432051215}},"metadata":{"audio_properties":{"analysis_sample_rate":44100,"bit_rate":320000,"codec":"mp3","downmix":"mix","equal_loudness":0,"length":220.839187622,"lossless":false,"md5_encoded":"7e462647bc8f10cd3b88298c5992f2be","replay_gain":-15.5785369873,"sample_rate":44100},"tags":{"album":["The Future Is Medieval"],"artist":["Kaiser Chiefs"],"composer":["Hodgson, Wilson, White, Rix and Baines"],"date":["2011"],"discnumber":["1/1"],"file_name":"01 Back In December.mp3","genre":["Indie Rock"],"musicbrainz_recordingid":["ba28b323-6cfa-4724-81e8-0ade19c66a40"],"musicip_puid":["ce0b86cc-284f-c831-5a54-832caec13679"],"title":["Back In December"],"tracknumber":["1/13"]},"version":{"essentia":"2.1-beta2","essentia_build_sha":"cead25079874084f62182a551b7393616cd33d87","essentia_git_sha":"v2.1_beta2-1-ge3940c0","extractor":"music 1.0"}},"rhythm":{"beats_count":425,"beats_loudness":{"dmean":0.00867281388491,"dmean2":0.0146467005834,"dvar":0.0000515028877999,"dvar2":0.000146795035107,"max":0.0719637945294,"mean":0.0399676933885,"median":0.0413992740214,"min":0.00000195210827769,"var":0.000174510976649},"beats_loudness_band_ratio":{"dmean":[0.166888922453,0.126420527697,0.17225843668,0.118443839252,0.0621267706156,0.0352451093495],"dmean2":[0.29332575202,0.23294056952,0.296240895987,0.211930930614,0.109737150371,0.0638989731669],"dvar":[0.0180877204984,0.0131261227652,0.0182352084666,0.0119026582688,0.00532180257142,0.00237037288025],"dvar2":[0.0540450587869,0.0407730080187,0.054618306458,0.035692024976,0.0152745945379,0.0070231417194],"max":[0.864328682423,0.632150173187,0.933987855911,0.684087753296,0.552593946457,0.611879229546],"mean":[0.277645945549,0.15652410686,0.289497256279,0.183810606599,0.0862819477916,0.0482199154794],"median":[0.256300032139,0.120024174452,0.25794005394,0.152476847172,0.0641065835953,0.0412039533257],"min":[0.000492621737067,0.00236272951588,0.02030