{"lowlevel":{"average_loudness":0.102234311402,"barkbands":{"dmean":[0.0000142772832987,0.00127349642571,0.00326224789023,0.00108588289004,0.00341448490508,0.000376184441848,0.00032003535307,0.000539205619134,0.000267118884949,0.0000775012013037,0.0000534894643351,0.0000283630397462,0.0000180276438186,0.0000179003218364,0.0000119954747788,0.00000589564115216,0.00000629379792372,0.0000103108241092,0.0000055481432355,0.00000650963556836,0.00000279436403616,0.00000162623314282,0.00000261364016296,0.00000318301658808,4.1664580408e-7,1.66603328466e-7,7.67942722746e-8],"dmean2":[0.0000242806218012,0.00181796588004,0.00501551385969,0.00168049230706,0.00529374508187,0.000537525163963,0.000427524879342,0.00063948717434,0.0003589723201,0.000115068127343,0.0000712870169082,0.0000425484322477,0.0000261844525085,0.000026900012017,0.0000172669042513,0.00000890966020961,0.00000946551881498,0.0000156022706506,0.00000823261143523,0.00000936280048336,0.00000403166950491,0.00000237941571868,0.00000385281327908,0.00000438982578999,5.53813151782e-7,2.50658274581e-7,1.29682661054e-7],"dvar":[2.53370963099e-10,0.00000439145833298,0.0000440373987658,0.00000541876897842,0.0000754110515118,0.00000118335299248,0.00000100413205928,0.00000265539688371,0.0000025564288535,2.76949577938e-7,4.20730081885e-8,2.84983361354e-8,6.58299770251e-9,6.74229427844e-9,3.52855744623e-9,6.0288379844e-10,4.63330124267e-10,2.33224617396e-9,1.2139774741e-9,1.19028320533e-9,3.67627817077e-10,1.61673605059e-10,8.62495463938e-10,1.04411335133e-9,1.49007021999e-11,9.19771637325e-13,2.46257414417e-14],"dvar2":[6.65008659251e-10,0.00000959900444286,0.000112051042379,0.0000140665024446,0.000191695522517,0.00000246564468398,0.00000189228819636,0.00000467576819574,0.00000518190745424,6.59394117974e-7,9.56741530445e-8,6.61489849563e-8,1.53768411337e-8,1.51648364977e-8,6.70864341856e-9,1.37036682002e-9,9.77565917104e-10,5.01660979424e-9,2.50212095487e-9,2.04575467677e-9,7.8272360815e-10,3.37100986014e-10,1.74414305221e-9,1.7306540645e-9,1.79467257028e-11,1.47960831955e-12,6.2733557227e-14],"max":[0.00021387830202,0.0510229691863,0.160135447979,0.0749395936728,0.153232216835,0.0390264838934,0.0818140432239,0.0527032166719,0.0715641900897,0.0172200910747,0.00947196315974,0.00928216520697,0.00315990229137,0.00266606803052,0.00228609796613,0.00118549959734,0.00113727676217,0.00219401298091,0.00190315209329,0.0017215552507,0.000915611512028,0.000625586544629,0.00149074604269,0.00205148733221,0.000304785789922,0.0000671547168167,0.00000656144766253],"mean":[0.0000178290429176,0.003351703519,0.00709892623127,0.00285036186688,0.0068774363026,0.000998075702228,0.000904194428585,0.00165928399656,0.00086861406453,0.000206066601095,0.000141333119245,0.0000603079570283,0.0000454741712019,0.0000419078533014,0.0000244932452915,0.0000119176147564,0.0000117163135656,0.000022751319193,0.00000919594640436,0.0000132704117277,0.000004029723641,0.00000256090925177,0.00000381364293389,0.00000490488946525,7.0181152978e-7,3.7305250089e-7,2.79516484625e-7],"median":[0.0000113505684567,0.00179389980622,0.00326286093332,0.00166851677932,0.00316549488343,0.000285348418402,0.000306956848362,0.000224364543101,0.0000105453882497,0.00000915829332371,0.0000181585073733,0.00000285162582259,0.00000272306397164,0.00000242116243498,0.00000274547437584,0.00000149306902131,0.00000149444349518,0.00000106107313513,4.21314410914e-7,5.2872866263e-7,2.09279392038e-7,1.00392114177e-7,1.21002813103e-7,1.32907743478e-7,1.35783224664e-7,2.0191357919e-7,2.84829553721e-7],"min":[4.48017132953e-25,2.61859103715e-24,1.76702858291e-25,4.24388973904e-25,7.63686144925e-24,8.81651931375e-24,8.05465322871e-24,8.75673154574e-24,1.33610807244e-23,1.62584074794e-23,6.02572072985e-24,2.55342095008e-23,2.82732513151e-23,2.38457663291e-23,3.06698864758e-23,4.94557979846e-23,5.77002969011e-23,5.6404413004e-23,1.06625052657e-22,1.89161549686e-22,2.69808655428e-22,2.91471406974e-22,3.74156500154e-22,5.97975650281e-22,8.65602808694e-22,1.19598270354e-21,1.82654807846e-21],"var":[3.91815968559e-10,0.0000186449160537,0.000140104777529,0.0000148105109474,0.00014105772425,0.00000509267874804,0.00000635180231257,0.0000154860608745,0.0000153477631102,0.00000105664969396,2.69220436167e-7,9.19077720596e-8,3.58801344191e-8,3.29905276431e-8,9.6919414716e-9,1.79082482177e-9,1.23369203742e-9,7.84107445639e-9,1.98496930004e-9,3.91608079298e-9,5.22423937444e-10,2.79634981837e-10,1.27598664967e-9,1.98291694176e-9,3.53872139924e-11,1.95063995338e-12,3.18076863676e-14]},"barkbands_crest":{"dmean":1.93843495846,"dmean2":3.12383294106,"dvar":3.45910596848,"dvar2":9.401055336,"max":26.7214107513,"mean":12.0421714783,"median":11.0891561508,"min":4.82201576233,"var":17.3018436432},"barkbands_flatness_db":{"dmean":0.0204204339534,"dmean2":0.0300356578082,"dvar":0.000470871047582,"dvar2":0.00104532833211,"max":0.510394454002,"mean":0.31247100234,"median":0.318639785051,"min":0.0546660497785,"var":0.0048902486451},"barkbands_kurtosis":{"dmean":7.78975105286,"dmean2":12.3855485916,"dvar":947.007873535,"dvar2":2386.16210938,"max":1850.08105469,"mean":20.2543964386,"median":9.6189994812,"min":-1.93579077721,"var":2166.25952148},"barkbands_skewness":{"dmean":0.601678967476,"dmean2":0.918572068214,"dvar":0.820822715759,"dvar2":1.95580410957,"max":39.7060623169,"mean":2.32282567024,"median":1.91003537178,"min":-2.28929948807,"var":5.23270988464},"barkbands_spread":{"dmean":1.19485974312,"dmean2":1.7274979353,"dvar":14.3040151596,"dvar2":21.6481819153,"max":115.610786438,"mean":4.62807416916,"median":2.98595476151,"min":0.242894992232,"var":53.9047470093},"dissonance":{"dmean":0.0386542007327,"dmean2":0.0639784932137,"dvar":0.00146749208216,"dvar2":0.00372222461738,"max":0.499973505735,"mean":0.378386437893,"median":0.386195540428,"min":0.152297005057,"var":0.00488836551085},"dynamic_complexity":4.40208768845,"erbbands":{"dmean":[0.0130257448182,0.410615503788,3.36736822128,3.01777505875,10.1773138046,10.6812057495,3.88474774361,2.97549319267,3.59717965126,10.9055175781,8.08654975891,6.61512470245,3.01491904259,1.30056285858,2.21250867844,0.964583575726,0.778680860996,0.796560764313,0.796699881554,0.369364082813,0.349726915359,0.312979370356,0.561916351318,0.314097523689,0.33129119873,0.319308519363,0.115820534527,0.114416234195,0.0587547309697,0.0505614429712,0.0844192057848,0.0911651849747,0.0381609238684,0.00815720576793,0.00188967457507,0.000828517833725,0.000309013877995,0.0000681102537783,0.0000141563332363,0.0000075943066804],"dmean2":[0.0213022530079,0.585853815079,5.09696483612,4.75222110748,15.6943979263,16.6923828125,5.70340919495,4.27924537659,4.78613758087,13.0079612732,10.7500867844,8.56057071686,4.30626106262,1.80233550072,2.96236824989,1.36454105377,1.12089073658,1.16137301922,1.18652868271,0.532854437828,0.523380577564,0.457062870264,0.837163984776,0.479164361954,0.474339038134,0.453923940659,0.165637329221,0.166346669197,0.0860693454742,0.071838259697,0.124817095697,0.138597369194,0.049661166966,0.010419187136,0.00274274474941,0.00123347726185,0.00045694358414,0.000110292166937,0.0000236761079577,0.0000111165754788],"dvar":[0.000276624457911,0.496688067913,46.3518600464,32.573589325,705.349914551,959.725280762,90.6583480835,80.6527404785,128.912872314,892.962097168,954.973693848,1535.75939941,332.437957764,42.2857818604,68.9113311768,23.3963871002,13.132692337,15.3264255524,16.2623691559,2.89904952049,1.70453739166,1.35978472233,6.97914218903,1.58021366596,5.37032842636,3.03326559067,0.682102143764,0.70422744751,0.18358977139,0.221216514707,0.916167795658,1.02206039429,0.233761444688,0.00837558880448,0.000247561285505,0.0000213563562284,0.00000567260121898,7.83448541597e-8,8.47676984161e-10,1.81332754368e-10],"dvar2":[0.000784570758697,1.06327795982,112.000595093,88.0640563965,1824.54821777,2398.74389648,201.625015259,160.319198608,193.025375366,1477.59851074,2263.60351562,2909.23339844,715.773681641,92.3210296631,160.291992188,49.5018043518,31.3481578827,36.0478897095,33.8203964233,5.65115070343,3.79525303841,2.51848554611,14.9307050705,3.79226994514,10.5083417892,5.47534894943,1.21694016457,1.50011777878,0.381321579218,0.500225841999,1.84525501728,2.33702230453,0.342778086662,0.0105865038931,0.00043765315786,0.0000387122308894,0.00000835004721012,1.81881844696e-7,2.13226014623e-9,4.05077305032e-10],"max":[0.268059998751,15.9095344543,173.392532349,149.847991943,606.229736328,829.534545898,315.062316895,311.335327148,1114.74536133,774.252685547,1461.31494141,1862.47009277,666.009277344,384.833953857,326.027954102,220.646514893,167.036376953,167.029663086,172.694107056,103.188560486,51.8483352661,74.7177276611,140.244354248,58.5317230225,128.484390259,90.8748931885,44.7395439148,40.8180961609,18.444890976,25.8390102386,44.9266700745,44.964427948,41.368522644,7.7784538269,1.15110480785,0.268698304892,0.216399759054,0.0109250610694,0.00119421468116,0.000378129741875],"mean":[0.0278352890164,1.07220196724,7.53199338913,9.22916221619,20.7973308563,20.553396225,10.9324893951,7.69893407822,10.3983736038,33.3523788452,25.0217399597,23.0388813019,8.79163742065,3.97054028511,5.60019826889,2.32726931572,2.13397717476,2.10862636566,1.81178593636,0.852213025093,0.749233543873,0.662718772888,1.20561885834,0.677245795727,0.567468225956,0.648030340672,0.201952949166,0.161310359836,0.0910065025091,0.0793565288186,0.122887082398,0.132956326008,0.0572610870004,0.0126256709918,0.0034690622706,0.00165455217939,0.000678035896271,0.000200083901291,0.0000543243768334,0.0000314485187118],"median":[0.0196015946567,0.558085143566,3.51966166496,5.75059556961,9.5798330307,6.28692007065,3.79871892929,1.69784390926,3.59993195534,9.07360839844,3.55639100075,0.562850356102,0.556855022907,0.420624017715,0.784624457359,0.221128553152,0.143415138125,0.140818566084,0.188935264945,0.137039974332,0.0976669564843,0.0914345234632,0.0790396183729,0.0396577306092,0.0253827553242,0.0258804745972,0.011087895371,0.00686443923041,0.00370541820303,0.00336275319569,0.00352394906804,0.003015169641,0.00209555402398,0.0014639449073,0.00103520625271,0.000692441011779,0.000394730712287,0.000164091281476,0.0000522390837432,0.0000215779091377],"min":[1.04719070047e-22,3.90548676355e-22,1.14974439782e-21,5.16602969211e-21,6.69570555678e-21,1.46038737146e-20,4.24578140556e-20,7.7969223821e-20,1.0238904307e-19,1.44900717569e-19,2.36257698046e-19,3.32505875032e-19,5.28096918472e-19,3.98147955764e-19,8.24383656408e-19,1.14124351355e-18,1.71901676371e-18,1.32974970335e-18,1.62481898652e-18,1.82314081165e-18,3.13446878917e-18,4.29749651774e-18,4.72510794899e-18,5.47822777258e-18,6.22246078126e-18,8.39766910036e-18,8.62822088069e-18,1.05104066716e-17,9.54635331031e-18,1.12762303351e-17,1.17828660526e-17,9.85754361984e-18,9.35812009012e-18,8.15262842442e-18,6.14211755554e-18,4.12934476128e-18,2.37565775617e-18,8.77188230075e-19,2.62674202046e-19,2.76047909556e-20],"var":[0.00070375634823,2.06566667557,149.985015869,129.185592651,1290.25561523,1938.57568359,491.801330566,366.763793945,1088.90966797,5542.45947266,3245.37353516,10115.7265625,1354.53234863,255.68397522,342.120544434,90.7424621582,81.2621841431,87.2201004028,60.1024436951,8.66762828827,5.7780046463,4.47847366333,20.0518264771,6.79474878311,9.33087730408,9.40842342377,1.18536555767,1.04911363125,0.328414142132,0.332337468863,1.36192655563,1.2875328064,0.444058746099,0.0186063554138,0.000491180340759,0.0000436513946624,0.0000113722999231,9.6819206874e-8,1.31074540111e-9,1.07939868155e-9]},"erbbands_crest":{"dmean":2.24850821495,"dmean2":3.35597348213,"dvar":5.38594675064,"dvar2":12.2035608292,"max":30.5857124329,"mean":14.1796045303,"median":13.487578392,"min":2.26123476028,"var":28.4745731354},"erbbands_flatness_db":{"dmean":0.0159071609378,"dmean2":0.0223023295403,"dvar":0.000319207756547,"dvar2":0.00067553203553,"max":0.407778918743,"mean":0.252416044474,"median":0.257950544357,"min":0.0234865583479,"var":0.00346668693237},"erbbands_kurtosis":{"dmean":2.31371951103,"dmean2":3.49448108673,"dvar":17.7908344269,"dvar2":41.1137809753,"max":143.014205933,"mean":5.47770881653,"median":3.40473175049,"min":-1.83337903023,"var":53.6675109863},"erbbands_skewness":{"dmean":0.396757036448,"dmean2":0.565439283848,"dvar":0.217791005969,"dvar2":0.441175788641,"max":9.25293159485,"mean":1.2609051466,"median":1.21960294247,"min":-4.93360900879,"var":1.66151666641},"erbbands_spread":{"dmean":4.12225532532,"dmean2":6.02537584305,"dvar":68.7073287964,"dvar2":141.393615723,"max":172.3334198,"mean":17.0315475464,"median":12.3702125549,"min":1.08319664001,"var":253.62298584},"gfcc":{"cov":[[22382.5136719,3362.99829102,-2769.35620117,412.171722412,-1183.94836426,-391.869415283,-747.820800781,30.104177475,-263.248046875,-445.041992188,-162.459716797,-568.076171875,-330.322540283],[3362.99829102,1569.60791016,-27.5988712311,-683.883850098,24.230424881,-94.7729644775,-80.1773986816,-28.3557548523,-43.5320358276,-87.1988601685,-69.3127212524,-65.6094589233,-163.054199219],[-2769.35620117,-27.5988712311,1198.84399414,-234.109954834,167.251708984,177.72315979,138.882827759,-51.2001113892,-1.54113638401,112.653411865,-31.9375209808,128.043701172,0.415100067854],[412.171722412,-683.883850098,-234.109954834,768.635803223,-97.4424057007,-63.1572608948,-47.9358177185,-11.602560997,-1.0878521204,3.45869159698,4.42861938477,-21.4270896912,116.015197754],[-1183.94836426,24.230424881,167.251708984,-97.4424057007,380.814727783,18.9180469513,41.8447990417,8.90120601654,21.4495391846,44.2643852234,-22.5800495148,49.2271499634,3.97930645943],[-391.869415283,-94.7729644775,177.72315979,-63.1572608948,18.9180469513,244.049682617,116.847770691,1.50126242638,-13.4790458679,40.6044578552,10.2557821274,-27.4324703217,-37.2015037537],[-747.820800781,-80.1773986816,138.882827759,-47.9358177185,41.8447990417,116.847770691,198.21925354,41.5673179626,-15.9791135788,33.1867828369,8.49852752686,-6.35455656052,-42.7933616638],[30.104177475,-28.3557548523,-51.2001113892,-11.602560997,8.90120601654,1.50126242638,41.5673179626,111.009353638,39.5464630127,-4.12033033371,14.9837903976,2.3516471386,-24.1749782562],[-263.248046875,-43.5320358276,-1.54113638401,-1.0878521204,21.4495391846,-13.4790458679,-15.9791135788,39.5464630127,92.0628890991,25.9212875366,-12.9408483505,-7.51595449448,1.2585401535],[-445.041992188,-87.1988601685,112.653411865,3.45869159698,44.2643852234,40.6044578552,33.1867828369,-4.12033033371,25.9212875366,99.9450073242,4.81949853897,-12.222858429,-15.0018825531],[-162.459716797,-69.3127212524,-31.9375209808,4.42861938477,-22.5800495148,10.2557821274,8.49852752686,14.9837903976,-12.9408483505,4.81949853897,97.2415618896,22.8784370422,-5.052257061],[-568.076171875,-65.6094589233,128.043701172,-21.4270896912,49.2271499634,-27.4324703217,-6.35455656052,2.3516471386,-7.51595449448,-12.222858429,22.8784370422,131.115829468,46.5335502625],[-330.322540283,-163.054199219,0.415100067854,116.015197754,3.97930645943,-37.2015037537,-42.7933616638,-24.1749782562,1.2585401535,-15.0018825531,-5.052257061,46.5335502625,104.511611938]],"icov":[[0.000764397031162,-0.00271379458718,0.00128856603988,-0.00245794071816,0.00155002158135,-0.00230055558495,0.00231269467622,-0.00232648267411,0.00212507951073,-0.00158714479767,0.00130463857204,-0.00113627139945,0.000751879881136],[-0.00271379458718,0.0112202037126,-0.00460872007534,0.0100128389895,-0.00559598300606,0.00897986255586,-0.00750598171726,0.00845064036548,-0.00670190015808,0.0065534375608,-0.00379493902437,0.00475822435692,-0.00115849159192],[0.00128856603988,-0.00460872007534,0.00363582116552,-0.00387572962791,0.0025947180111,-0.00464680977166,0.00331324525177,-0.00304359942675,0.00336119323038,-0.00402881484479,0.00312676350586,-0.00383134302683,0.00130828737747],[-0.00245794071816,0.0100128389895,-0.00387572962791,0.0108302021399,-0.00467411475256,0.00828854460269,-0.00708624860272,0.00718288635835,-0.00562741374597,0.00479750707746,-0.00356921902858,0.00507959257811,-0.00394348008558],[0.00155002158135,-0.00559598300606,0.0025947180111,-0.00467411475256,0.00637559406459,-0.00461079273373,0.00411844439805,-0.0049103172496,0.00398460309952,-0.00476362835616,0.00372774829157,-0.00371515774168,0.00111586693674],[-0.00230055558495,0.00897986255586,-0.00464680977166,0.00828854460269,-0.00461079273373,0.0140068912879,-0.00997013878077,0.00796210858971,-0.00583414686844,0.00475622154772,-0.00475620338693,0.00598355475813,-0.00166399637237],[0.00231269467622,-0.00750598171726,0.00331324525177,-0.00708624860272,0.00411844439805,-0.00997013878077,0.0168121065944,-0.0120006622747,0.010873850435,-0.00637186318636,0.00505240447819,-0.00316820689477,0.00446368986741],[-0.00232648267411,0.00845064036548,-0.00304359942675,0.00718288635835,-0.0049103172496,0.00796210858971,-0.0120006622747,0.0230854656547,-0.015637325123,0.00886970292777,-0.00636947806925,0.00115654408,0.0019556696061],[0.00212507951073,-0.00670190015808,0.00336119323038,-0.00562741374597,0.00398460309952,-0.00583414686844,0.010873850435,-0.015637325123,0.0244303364307,-0.0104251187295,0.00717793498188,-0.00114009703975,0.000164911340107],[-0.00158714479767,0.0065534375608,-0.00402881484479,0.00479750707746,-0.00476362835616,0.00475622154772,-0.00637186318636,0.00886970292777,-0.0104251187295,0.019514106214,-0.00538799911737,0.00501319160685,0.00164953933563],[0.00130463857204,-0.00379493902437,0.00312676350586,-0.00356921902858,0.00372774829157,-0.00475620338693,0.00505240447819,-0.00636947806925,0.00717793498188,-0.00538799911737,0.0156631153077,-0.00597432116047,0.00347031955607],[-0.00113627139945,0.00475822435692,-0.00383134302683,0.00507959257811,-0.00371515774168,0.00598355475813,-0.00316820689477,0.00115654408,-0.00114009703975,0.00501319160685,-0.00597432116047,0.0161650907248,-0.00730259204283],[0.000751879881136,-0.00115849159192,0.00130828737747,-0.00394348008558,0.00111586693674,-0.00166399637237,0.00446368986741,0.0019556696061,0.000164911340107,0.00164953933563,0.00347031955607,-0.00730259204283,0.0198089443147]],"mean":[-167.533660889,160.210586548,-40.4109191895,12.7480669022,-39.9878845215,-5.54931306839,-30.4081764221,0.00412502652034,-16.1551856995,-8.6180305481,-13.4195289612,-11.6717882156,-16.3014564514]},"hfc":{"dmean":1.42701172829,"dmean2":1.93967831135,"dvar":8.0489616394,"dvar2":15.6321687698,"max":86.656867981,"mean":6.17681694031,"median":3.27888512611,"min":1.0646657546e-16,"var":72.9782180786},"melbands":{"dmean":[0.000218399960431,0.00130917085335,0.000639615987893,0.00086503388593,0.000177247289685,0.0000676026611472,0.0000574757141294,0.000126199796796,0.0000634891257505,0.0000369712943211,0.0000145921358126,0.00000547184845345,0.00000784018084232,0.00000393048549086,0.00000191055505638,0.00000153967459937,0.00000162088088018,0.00000147735715927,6.53352685731e-7,4.0300915316e-7,4.23031991659e-7,3.22493974636e-7,4.8114850415e-7,5.49890501134e-7,2.40737790591e-7,2.26403201964e-7,2.95817812912e-7,1.99311060101e-7,7.71954518086e-8,6.97383129022e-8,6.45583426717e-8,3.66894603587e-8,2.63138932866e-8,2.95759612357e-8,4.66060718907e-8,6.67702977353e-8,5.21081879867e-8,3.2750058665e-8,1.41335894099e-8,4.85786255666e-9],"dmean2":[0.000321973202517,0.00196261843666,0.000991444569081,0.00134474376682,0.000267777504632,0.0000973478818196,0.0000762466879678,0.000148297302076,0.0000868944989634,0.0000480646340293,0.0000211883671,0.00000769090183894,0.0000105520139186,0.00000564887977816,0.00000279151322502,0.00000217734577745,0.00000239623318521,0.0000022425347197,9.79282845037e-7,5.77306479954e-7,6.44125748295e-7,4.80075186715e-7,7.075715871e-7,8.33916772081e-7,3.77762773951e-7,3.35863802547e-7,4.35700485468e-7,2.84860959709e-7,1.13531406498e-7,1.03107410609e-7,9.49613863099e-8,5.54001964304e-8,3.92489276635e-8,4.35058531423e-8,6.82806557961e-8,1.0214691315e-7,7.98034349714e-8,4.42922072352e-8,1.90199074268e-8,6.42822461927e-9],"dvar":[1.10806148257e-7,0.00000657418740957,0.0000016680197632,0.00000521068659509,1.97678616587e-7,4.00641120279e-8,3.10629459932e-8,1.16847111542e-7,7.14868448881e-8,4.55539108657e-8,8.44058511973e-9,9.89486714786e-10,9.41987821079e-10,4.07978123507e-10,8.47288766925e-11,4.07471209551e-11,7.1937136803e-11,6.15262285564e-11,8.52651629857e-12,2.55416022533e-12,2.5040364747e-12,1.2994649844e-12,4.83365821327e-12,6.98868350343e-12,9.75836382186e-13,2.57450029177e-12,3.25655192916e-12,1.19515259234e-12,3.66599356124e-13,2.70935455061e-13,2.23930181581e-13,7.78419483819e-14,4.01647878639e-14,1.01991867371e-13,2.65799508055e-13,7.70293713797e-13,2.47832841489e-13,2.12330695561e-13,3.16723576077e-14,2.27833715131e-15],"dvar2":[2.6744180559e-7,0.0000155103389261,0.00000431930766354,0.0000131936631078,4.58444191054e-7,8.11519740296e-8,4.75756571916e-8,1.80623814572e-7,1.72033608692e-7,8.65254321525e-8,1.85501995986e-8,2.31850538768e-9,2.23420482115e-9,9.38728095257e-10,1.88668441981e-10,8.60745918985e-11,1.71351988154e-10,1.30722113689e-10,1.84640479989e-11,4.66157104237e-12,5.90913776244e-12,2.69463271141e-12,8.16076980298e-12,1.58588402827e-11,2.45105736922e-12,5.29710433503e-12,6.95666137543e-12,2.09501057995e-12,6.07584295376e-13,6.00020358919e-13,4.68433018069e-13,1.70558608469e-13,8.51013866581e-14,2.45830374286e-13,5.13525257474e-13,1.91646720195e-12,5.23423643838e-13,3.76290741188e-13,5.04013639906e-14,2.8919678406e-15],"max":[0.00764874275774,0.0647031217813,0.0436067953706,0.0391612499952,0.0146108418703,0.0061254221946,0.017590129748,0.00952595751733,0.0115963015705,0.00996024813503,0.00329120410606,0.00170280376915,0.00143739685882,0.00113494799007,0.000388239044696,0.00025142141385,0.000332457391778,0.000326189387124,0.000157349815709,0.0000804700684967,0.0000543542882951,0.0000716471040505,0.000117473246064,0.000124636018882,0.0000482950781588,0.00009209261043,0.0000786155142123,0.0000535406070412,0.0000362588434655,0.0000264867321675,0.0000214035571844,0.0000110892688099,0.0000120551549116,0.000018950255253,0.0000285000769509,0.0000457997230114,0.0000177413621714,0.0000392992515117,0.0000149812485688,0.00000381845939046],"mean":[0.000548140669707,0.00311919953674,0.00194275972899,0.00162647594698,0.000465754943434,0.000172975793248,0.000164622397278,0.000387883919757,0.000197080778889,0.000126652681502,0.0000398684933316,0.0000158526781888,0.0000204705229407,0.00000854524569149,0.00000459469720226,0.00000430494719694,0.00000390360719393,0.00000317518538395,0.00000146436684645,8.75273599377e-7,8.44562975999e-7,6.21479046004e-7,9.26897257614e-7,0.00000116481851364,4.6786831831e-7,3.57401859219e-7,5.1567110404e-7,4.00261853883e-7,1.27679200546e-7,9.64534123682e-8,8.83217197156e-8,5.30830028822e-8,4.30573656729e-8,4.19321359857e-8,6.53005471918e-8,8.73292762549e-8,7.87636409427e-8,4.64532199373e-8,1.91829556684e-8,7.3054704508e-9],"median":[0.000321270170389,0.00153957330622,0.00119280186482,0.000707069819327,0.000146952530486,0.0000404261736549,0.0000578933104407,0.00009570880502,0.0000172513864527,0.00000186556576409,0.00000241684870161,0.00000108610720417,0.00000268455528385,4.8699916988e-7,2.80882659354e-7,2.4556010203e-7,2.29960107845e-7,2.78321323322e-7,1.87955834008e-7,1.41101196505e-7,8.60911555378e-8,8.06630069405e-8,7.70096590941e-8,5.11518543078e-8,2.28269225744e-8,1.39398572685e-8,1.66227547282e-8,1.36088873504e-8,6.43226139019e-9,4.62749438768e-9,3.00866731529e-9,1.93378646429e-9,1.79859438454e-9,1.71915159886e-9,1.85843851419e-9,1.90656890275e-9,1.70920377851e-9,1.50059420445e-9,1.27779264947e-9,1.19125587172e-9],"min":[1.12190348409e-24,7.25635133478e-25,8.36608585054e-25,1.36476013161e-24,1.21957639567e-24,1.83463250803e-24,1.68468306615e-24,1.49308028936e-24,1.25994023883e-24,1.93650383596e-24,2.25076669351e-24,1.17955708752e-24,1.44893316792e-24,2.6037379696e-24,1.87002731634e-24,2.7834856461e-24,2.08080503376e-24,1.59368559415e-24,1.32701382755e-24,3.81545159142e-24,3.36997907722e-24,3.51561621096e-24,3.51187977129e-24,2.54916023344e-24,3.92382254156e-24,3.72633791926e-24,4.42844463529e-24,4.55863863352e-24,5.03448584243e-24,5.39080721357e-24,5.53893675334e-24,5.21142694904e-24,5.74962099074e-24,5.61767256586e-24,5.91246475855e-24,4.81977880885e-24,6.04532392334e-24,5.5597685977e-24,5.99104989863e-24,6.79540324317e-24],"var":[4.14625873191e-7,0.0000225740313908,0.00000595700748818,0.00000902792180568,8.35996047499e-7,1.76772047666e-7,2.62215763769e-7,7.93294248069e-7,2.67225260586e-7,2.99615322774e-7,3.36402514733e-8,5.1823625391e-9,5.24810639391e-9,1.3615919503e-9,4.40152247982e-10,2.81408757408e-10,3.46695533393e-10,2.18585330392e-10,2.61258722989e-11,8.49278286585e-12,7.37738429374e-12,3.42806425607e-12,1.45877789015e-11,2.25265726211e-11,3.74716490475e-12,3.91289821725e-12,6.91686334944e-12,3.74838745112e-12,6.55297430902e-13,3.46804562065e-13,3.49971543715e-13,1.24843847283e-13,7.30227307116e-14,1.25194884841e-13,4.22369848515e-13,7.69763538935e-13,3.73217217764e-13,3.2597145469e-13,6.07934926358e-14,5.06281714618e-15]},"melbands_crest":{"dmean":2.53858375549,"dmean2":4.0084233284,"dvar":6.03824472427,"dvar2":16.3533439636,"max":39.4006271362,"mean":17.7520847321,"median":17.3368263245,"min":1.53949642181,"var":27.0675907135},"melbands_flatness_db":{"dmean":0.0236653741449,"dmean2":0.0340956971049,"dvar":0.000708128383849,"dvar2":0.00148873706348,"max":0.669258713722,"mean":0.436362117529,"median":0.44607013464,"min":0.00304795545526,"var":0.0100342407823},"melbands_kurtosis":{"dmean":11.0515966415,"dmean2":17.3108463287,"dvar":3617.53198242,"dvar2":8544.59960938,"max":4510.80273438,"mean":29.0558643341,"median":13.342874527,"min":-1.69617009163,"var":6565.71679688},"melbands_skewness":{"dmean":0.657005310059,"dmean2":0.983838140965,"dvar":1.05055332184,"dvar2":2.3035736084,"max":58.3998184204,"mean":2.89907169342,"median":2.48093247414,"min":-1.74881052971,"var":5.34763002396},"melbands_spread":{"dmean":1.43309092522,"dmean2":2.11853075027,"dvar":20.8522644043,"dvar2":42.803352356,"max":172.559783936,"mean":6.49401903152,"median":3.00796675682,"min":0.170823007822,"var":313.904785156},"mfcc":{"cov":[[8985.54785156,836.107849121,-1430.86364746,288.040924072,-323.291809082,-453.916168213,-312.027069092,-14.6693105698,-383.541229248,314.272460938,-216.296585083,46.3984718323,-404.3152771],[836.107849121,2530.33276367,200.225494385,-423.794677734,112.041908264,-70.9443664551,-12.0239953995,5.31044960022,-3.25897479057,-126.081321716,147.836837769,-9.45024394989,88.0120620728],[-1430.86364746,200.225494385,879.936889648,-41.4945983887,-12.626950264,152.054229736,85.6136627197,2.7010409832,66.4591140747,-44.1846160889,12.5352592468,15.4140319824,38.0575447083],[288.040924072,-423.794677734,-41.4945983887,470.908081055,70.3679962158,-6.9685344696,-46.0029411316,-26.6360149384,26.1872844696,6.43682336807,-97.1823806763,-12.6880731583,18.8856201172],[-323.291809082,112.041908264,-12.626950264,70.3679962158,228.435699463,23.1182956696,-27.7775249481,-12.5329675674,36.1257019043,-17.3761119843,-5.53899383545,-12.0236063004,49.8166389465],[-453.916168213,-70.9443664551,152.054229736,-6.9685344696,23.1182956696,197.584747314,90.6838912964,-15.7038021088,47.8831558228,27.9426860809,32.3795814514,-34.7754936218,1.92964851856],[-312.027069092,-12.0239953995,85.6136627197,-46.0029411316,-27.7775249481,90.6838912964,194.097869873,51.7830162048,-3.2290353775,37.0633163452,42.4497299194,-8.78143119812,24.8303470612],[-14.6693105698,5.31044960022,2.7010409832,-26.6360149384,-12.5329675674,-15.7038021088,51.7830162048,115.590896606,19.0507278442,-11.680226326,4.8057050705,15.9471912384,23.7306613922],[-383.541229248,-3.25897479057,66.4591140747,26.1872844696,36.1257019043,47.8831558228,-3.2290353775,19.0507278442,131.113220215,6.95615816116,11.4670677185,-11.9900751114,27.0512580872],[314.272460938,-126.081321716,-44.1846160889,6.43682336807,-17.3761119843,27.9426860809,37.0633163452,-11.680226326,6.95615816116,160.833648682,39.1653060913,-18.5550918579,-58.9285736084],[-216.296585083,147.836837769,12.5352592468,-97.1823806763,-5.53899383545,32.3795814514,42.4497299194,4.8057050705,11.4670677185,39.1653060913,154.133972168,9.84668540955,7.2917432785],[46.3984718323,-9.45024394989,15.4140319824,-12.6880731583,-12.0236063004,-34.7754936218,-8.78143119812,15.9471912384,-11.9900751114,-18.5550918579,9.84668540955,114.640518188,44.2822990417],[-404.3152771,88.0120620728,38.0575447083,18.8856201172,49.8166389465,1.92964851856,24.8303470612,23.7306613922,27.0512580872,-58.9285736084,7.2917432785,44.2822990417,154.66986084]],"icov":[[0.000454936351161,-0.000498284527566,0.000692009052727,-0.000679597607814,0.000830437871628,-0.000533836777322,0.000751720566768,-0.000765779463109,0.000987539999187,-0.00119622226339,0.000835745129734,-0.000721288612112,0.000660109857563],[-0.000498284527566,0.00112463766709,-0.000934622890782,0.00124680704903,-0.00133138289675,0.00114010332618,-0.000892633397598,0.00103613606188,-0.0011012625182,0.00166993960738,-0.00136408908293,0.0011751834536,-0.000909144873731],[0.000692009052727,-0.000934622890782,0.00254182098433,-0.00108987430576,0.00160743528977,-0.00197040778585,0.000763518561143,-0.00095361971762,0.000892284093425,-0.00126986089163,0.00157804449555,-0.00175623688847,0.00116756546777],[-0.000679597607814,0.00124680704903,-0.00108987430576,0.00417122570798,-0.00218639685772,0.00124559213873,-0.00096596381627,0.00181103497744,-0.00197035865858,0.0012916357955,0.000246041745413,0.00146906473674,-0.00175672967453],[0.000830437871628,-0.00133138289675,0.00160743528977,-0.00218639685772,0.00728126522154,-0.00248407945037,0.00286474986933,-0.00149470253382,0.00132728903554,-0.00250619044527,0.00158712081611,-0.000540521345101,-0.000851961318403],[-0.000533836777322,0.00114010332618,-0.00197040778585,0.00124559213873,-0.00248407945037,0.0111017050222,-0.00644515547901,0.00502686901018,-0.00478144967929,0.00207330775447,-0.00204442464747,0.00255953799933,0.000203278221306],[0.000751720566768,-0.000892633397598,0.000763518561143,-0.00096596381627,0.00286474986933,-0.00644515547901,0.0123601388186,-0.00723245600238,0.00564469909295,-0.00504097947851,0.00046770190238,0.00035057021887,-0.00234408606775],[-0.000765779463109,0.00103613606188,-0.00095361971762,0.00181103497744,-0.00149470253382,0.00502686901018,-0.00723245600238,0.0142290797085,-0.00576634472236,0.00387532194145,-0.00093053560704,-0.0000957812590059,-0.00062493304722],[0.000987539999187,-0.0011012625182,0.000892284093425,-0.00197035865858,0.00132728903554,-0.00478144967929,0.00564469909295,-0.00576634472236,0.0132125187665,-0.0044790385291,0.0010098334169,0.000155366025865,-0.00126955588348],[-0.00119622226339,0.00166993960738,-0.00126986089163,0.0012916357955,-0.00250619044527,0.00207330775447,-0.00504097947851,0.00387532194145,-0.0044790385291,0.0127043249086,-0.00472419615835,0.00139648350887,0.00252009485848],[0.000835745129734,-0.00136408908293,0.00157804449555,0.000246041745413,0.00158712081611,-0.00204442464747,0.00046770190238,-0.00093053560704,0.0010098334169,-0.00472419615835,0.0106582576409,-0.00265530077741,0.000405798666179],[-0.000721288612112,0.0011751834536,-0.00175623688847,0.00146906473674,-0.000540521345101,0.00255953799933,0.00035057021887,-0.0000957812590059,0.000155366025865,0.00139648350887,-0.00265530077741,0.0127584133297,-0.00522356759757],[0.000660109857563,-0.000909144873731,0.00116756546777,-0.00175672967453,-0.000851961318403,0.000203278221306,-0.00234408606775,-0.00062493304722,-0.00126955588348,0.00252009485848,0.000405798666179,-0.00522356759757,0.0120381303132]],"mean":[-832.430908203,203.174713135,50.9757118225,32.8450241089,15.6557302475,0.595529973507,-1.69594049454,1.75916898251,-3.09125638008,5.12885093689,-3.65132474899,2.8192384243,-2.97235894203]},"pitch_salience":{"dmean":0.0565275773406,"dmean2":0.0896610543132,"dvar":0.00288594979793,"dvar2":0.00747745623812,"max":0.87421309948,"mean":0.467441499233,"median":0.471985846758,"min":0.0281969215721,"var":0.0145705984905},"silence_rate_20dB":{"dmean":0,"dmean2":0,"dvar":0,"dvar2":0,"max":1,"mean":1,"median":1,"min":1,"var":0},"silence_rate_30dB":{"dmean":0.0152758779004,"dmean2":0.0305552389473,"dvar":0.0150428945199,"dvar2":0.0353221930563,"max":1,"mean":0.966944038868,"median":1,"min":0,"var":0.0319626629353},"silence_rate_60dB":{"dmean":0.0120839029551,"dmean2":0.0241705626249,"dvar":0.0119368880987,"dvar2":0.0279160607606,"max":1,"mean":0.0824119448662,"median":0,"min":0,"var":0.0756299570203},"spectral_centroid":{"dmean":60.7164115906,"dmean2":87.478553772,"dvar":45478.4101562,"dvar2":67611.265625,"max":11753.2861328,"mean":532.856201172,"median":293.003234863,"min":103.558151245,"var":2024044},"spectral_complexity":{"dmean":0.911764681339,"dmean2":1.49036598206,"dvar":1.16141676903,"dvar2":2.41853070259,"max":27,"mean":6.36760520935,"median":6,"min":0,"var":12.3897104263},"spectral_contrast_coeffs":{"dmean":[0.0398817509413,0.0353998541832,0.0306873172522,0.0236498061568,0.0195599924773,0.0141581129283],"dmean2":[0.0643473491073,0.0540575273335,0.0473945103586,0.0370525307953,0.0294882860035,0.0219277180731],"dvar":[0.00121100817341,0.00101935211569,0.000745534431189,0.000438418093836,0.0003709110606,0.0002605204063],"dvar2":[0.0032280087471,0.00230810698122,0.00168968981598,0.000977553310804,0.000713159737643,0.000554217607714],"max":[-0.287277162075,-0.382446616888,-0.437140733004,-0.602307617664,-0.621829748154,-0.670646965504],"mean":[-0.581107199192,-0.665003597736,-0.735537528992,-0.791059672832,-0.822730302811,-0.839704573154],"median":[-0.575695216656,-0.662222981453,-0.737573862076,-0.789263963699,-0.826286554337,-0.853078305721],"min":[-0.976767659187,-0.978534162045,-0.97800809145,-0.974142372608,-0.967782378197,-0.964311480522],"var":[0.00866324733943,0.00830504670739,0.00737121421844,0.00372216361575,0.00339583866298,0.00197186437435]},"spectral_contrast_valleys":{"dmean":[0.321872055531,0.313525557518,0.302646428347,0.273985564709,0.25895383954,0.161288589239],"dmean2":[0.525941967964,0.49543055892,0.476323902607,0.421053171158,0.380560159683,0.236900880933],"dvar":[0.0979453846812,0.101533509791,0.096732892096,0.0975099131465,0.12074559927,0.0635990872979],"dvar2":[0.219755008817,0.211565509439,0.195201158524,0.18582367897,0.216369971633,0.0915754362941],"max":[-5.34969854355,-4.90680170059,-5.72550582886,-6.90473365784,-6.94143676758,-8.2425031662],"mean":[-7.63821697235,-8.11176586151,-9.60648536682,-10.343952179,-10.3621368408,-12.5202789307],"median":[-7.26737499237,-7.73338127136,-9.34453105927,-10.2169847488,-10.2715330124,-12.5627412796],"min":[-28.4128437042,-28.2249927521,-27.8628826141,-27.6434993744,-27.6540584564,-27.3819046021],"var":[7.30240058899,7.42378616333,6.3272895813,5.83368682861,5.87859773636,4.21030521393]},"spectral_decrease":{"dmean":1.76491699033e-9,"dmean2":2.56696752743e-9,"dvar":1.03559488902e-17,"dvar2":2.33551021427e-17,"max":1.36739016938e-19,"mean":-6.5367622426e-9,"median":-4.18486933995e-9,"min":-8.74010623875e-8,"var":5.98119742558e-17},"spectral_energy":{"dmean":0.00677674077451,"dmean2":0.00984340254217,"dvar":0.000152818698552,"dvar2":0.000343783845892,"max":0.337562710047,"mean":0.0252314601094,"median":0.016133191064,"min":1.00549336842e-20,"var":0.000894385506399},"spectral_energyband_high":{"dmean":0.000011218074178,"dmean2":0.0000152346829054,"dvar":7.15640346982e-9,"dvar2":1.18809388994e-8,"max":0.00405382085592,"mean":0.0000218559125642,"median":0.00000175963202764,"min":6.8148421832e-21,"var":1.55111941069e-8},"spectral_energyband_low":{"dmean":0.0044072647579,"dmean2":0.00666154036298,"dvar":0.0000674949478707,"dvar2":0.00016317126574,"max":0.196974605322,"mean":0.0119619918987,"median":0.00712622050196,"min":6.70618307479e-24,"var":0.000247123796726},"spectral_energyband_middle_high":{"dmean":0.000144155143062,"dmean2":0.000190768929315,"dvar":2.96637551855e-7,"dvar2":6.41227245524e-7,"max":0.0272249300033,"mean":0.000533517042641,"median":0.0000989203763311,"min":1.10459065593e-21,"var":0.00000307354821416},"spectral_energyband_middle_low":{"dmean":0.00449264002964,"dmean2":0.00653887353837,"dvar":0.000099142867839,"dvar2":0.000230576857575,"max":0.258534908295,"mean":0.0142591176555,"median":0.00809674616903,"min":1.66301218934e-22,"var":0.000364524574252},"spectral_entropy":{"dmean":0.19023385644,"dmean2":0.270778685808,"dvar":0.0531330555677,"dvar2":0.107854485512,"max":9.82563209534,"mean":5.81746816635,"median":5.62542390823,"min":3.72235846519,"var":0.742958366871},"spectral_flux":{"dmean":0.0160487238318,"dmean2":0.026166735217,"dvar":0.000442388874944,"dvar2":0.00117000483442,"max":0.366574496031,"mean":0.045544154942,"median":0.0336097218096,"min":6.30772795107e-11,"var":0.00154698034748},"spectral_kurtosis":{"dmean":8.22716808319,"dmean2":13.1154870987,"dvar":100.625900269,"dvar2":244.575027466,"max":139.641036987,"mean":32.7805099487,"median":24.9055538177,"min":-1.2496843338,"var":673.706848145},"spectral_rms":{"dmean":0.00057089823531,"dmean2":0.000819849199615,"dvar":5.18802096394e-7,"dvar2":0.00000113966939352,"max":0.0181474369019,"mean":0.00433894619346,"median":0.00396732892841,"min":3.13204258535e-12,"var":0.00000578962408326},"spectral_rolloff":{"dmean":80.4645385742,"dmean2":136.471801758,"dvar":163990.859375,"dvar2":285424.96875,"max":19616.7480469,"mean":681.498596191,"median":258.3984375,"min":43.06640625,"var":5991086.5},"spectral_skewness":{"dmean":0.580025076866,"dmean2":0.890522539616,"dvar":0.447185188532,"dvar2":0.995396196842,"max":10.3753166199,"mean":4.32836818695,"median":4.12429571152,"min":-0.079281270504,"var":3.99289512634},"spectral_spread":{"dmean":364231.46875,"dmean2":556154.9375,"dvar":399109914624,"dvar2":641211564032,"max":42340892,"mean":3213244.75,"median":2357314.25,"min":687377.6875,"var":25965182844900},"spectral_strongpeak":{"dmean":0.238456055522,"dmean2":0.404116779566,"dvar":0.18030385673,"dvar2":0.447107732296,"max":6.17984199524,"mean":0.584353327751,"median":0.405268520117,"min":0,"var":0.402130067348},"zerocrossingrate":{"dmean":0.00324557861313,"dmean2":0.00408962694928,"dvar":0.0000642965460429,"dvar2":0.0000739029128454,"max":0.5380859375,"mean":0.0236641354859,"median":0.01318359375,"min":0.00341796875,"var":0.00416523311287}},"metadata":{"audio_properties":{"analysis_sample_rate":44100,"bit_rate":320041,"codec":"mp3","downmix":"mix","equal_loudness":0,"length":203.676727295,"lossless":false,"md5_encoded":"b6692f94c0ad4826ba92f8468896a2ca","replay_gain":-6.58130264282,"sample_rate":44100},"tags":{"album":["The Velvet Underground: 45th Anniversary Super Deluxe Edition"],"albumartist":["The Velvet Underground"],"artist":["The Velvet Underground"],"date":["2014"],"discnumber":["2"],"encodedby":["exy"],"file_name":"2178968.mp3","genre":["Rock"],"musicbrainz_recordingid":["ba31552e-2761-45ba-9978-c57ee355b255"],"title":["Jesus [closet mix]"],"tracknumber":["205"]},"version":{"essentia":"2.1-beta2","essentia_build_sha":"70f2e5ece6736b2c40cc944ad0e695b16b925413","essentia_git_sha":"v2.1_beta2","extractor":"music 1.0"}},"rhythm":{"beats_count":578,"beats_loudness":{"dmean":0.0203907322139,"dmean2":0.0359630286694,"dvar":0.000671386835165,"dvar2":0.00203967560083,"max":0.226557910442,"mean":0.0353102572262,"median":0.0216997787356,"min":0,"var":0.00156731391326},"beats_loudness_band_ratio":{"dmean":[0.182515829802,0.163535445929,0.0992066636682,0.0108504993841,0.00454870332032,0.00907855201513],"dmean2":[0.311449080706,0.276478201151,0.16868622601,0.0190289225429,0.00838470458984,0.0178841166198],"dvar":[0.0318594090641,0.0219381470233,0.0129151241854,0.000284055160591,0.000068055036536,0.00364595721476],"dvar2":[0.0708887949586,0.051502391696,0.0292355380952,0.000771445047576,0.000207389457501,0.0111117949709],"max":[0.996039271355,0.978460013866,0.883691072464,0.128402784467,0.0798608735204,0.732834517956],"mean":[0.663685202599,0.294958025217,0.126272305846,0.0102783208713,0.00387610611506,0.00513411406428],"median":[0.728683829308,0.24308642745,0.0769381970167,0.00457670539618,0.00173924851697,0.000447722064564],"min":[0,0,0,0,0,0],"var":[0.0655823126435,0.047636