{"lowlevel":{"average_loudness":0.772106826305,"barkbands":{"dmean":[0.00155845587142,0.000322048814269,0.00114937720355,0.000488254270749,0.00262472662143,0.00142919353675,0.00202009873465,0.00157243583817,0.00109192472883,0.000648777699098,0.000154906956595,0.000165721212397,0.000122095661936,0.000353673327481,0.000322215666529,0.0000834009624668,0.000130109008751,0.000211945618503,0.0000942257975112,0.0000662195088807,0.0000464734621346,0.0000766934972489,0.0000778677786002,0.0000431966800534,0.0000211262922676,0.0000206317945413,0.00000427294207839],"dmean2":[0.00254399469122,0.000570458418224,0.00184717541561,0.000818058557343,0.0041398848407,0.00224689254537,0.00319813308306,0.00251250178553,0.00173325231299,0.00104217196349,0.00025303233997,0.000270754797384,0.000198502631974,0.000561194610782,0.000503180897795,0.000129926469526,0.000207214616239,0.000345126900356,0.000165608609677,0.000101176316093,0.0000755099827074,0.000118361240311,0.000123025907669,0.000071273650974,0.0000372071262973,0.0000384742597817,0.00000797650409368],"dvar":[0.000114788002975,0.00000104965124592,0.0000170690218511,6.74790669564e-7,0.0000191968119907,0.00000578608705837,0.0000277298258879,0.0000174759825313,0.000012204527593,0.00000281285861092,1.58063599542e-7,1.07847981212e-7,6.91896460125e-8,5.9218706383e-7,7.32731052722e-7,2.84912164972e-8,5.74827865307e-8,1.46683831304e-7,9.04284078729e-8,1.34884601266e-8,9.60526946869e-9,2.708919844e-8,2.61520760603e-8,9.93699700302e-9,5.56821122544e-9,1.24365513443e-8,7.05581315597e-10],"dvar2":[0.000207150384085,0.00000312903307531,0.0000347458953911,0.0000018568618998,0.0000432715351053,0.0000141800546771,0.0000659801007714,0.0000452169042546,0.0000331432092935,0.00000751236302676,3.83918376201e-7,2.86985539333e-7,1.91325256083e-7,0.00000157074600793,0.00000186246518297,6.68942377047e-8,1.39551403322e-7,3.71992143755e-7,2.74362179198e-7,2.9876854768e-8,2.43272939571e-8,6.48060378694e-8,6.13478263745e-8,2.65931525689e-8,1.63169797673e-8,3.60968535063e-8,2.06262962266e-9],"max":[0.32008215785,0.0183392148465,0.148984581232,0.0142638003454,0.0867208391428,0.0399216189981,0.124632790685,0.092412635684,0.118861593306,0.0350367352366,0.0103920679539,0.00870508048683,0.00690370099619,0.0174860674888,0.0215820241719,0.00442608399317,0.00421741604805,0.00789060909301,0.00603850884363,0.00292929727584,0.00201946287416,0.00345548475161,0.00449029775336,0.00202854210511,0.00189502222929,0.00278044422157,0.000869138282724],"mean":[0.00194875209127,0.000364510458894,0.00209149951115,0.000714776688255,0.00428674742579,0.0024086816702,0.00284783286043,0.00210447842255,0.00170458864886,0.000993751455098,0.000212410537642,0.000256483064732,0.000206086187973,0.000610199815128,0.000582239590585,0.000166072582942,0.000239851608058,0.000415946211433,0.000144028977957,0.000136597256642,0.0000728366576368,0.000128632469568,0.000121074161143,0.0000533584097866,0.0000197414283321,0.0000128575293274,0.00000262585308519],"median":[0.0000364925217582,0.000108227417513,0.000353320850991,0.000435482186731,0.00254513300024,0.00117873749696,0.00102561409585,0.000212461891351,0.000220672634896,0.000227293232456,0.0000564619331271,0.0000963716593105,0.0000716510039638,0.000148883133079,0.000133773864945,0.0000602071850153,0.000101383469882,0.000169562001247,0.0000591145726503,0.0000746549048927,0.0000381659701816,0.0000637071352685,0.0000589402552578,0.0000213529601751,0.00000537334562978,5.87437114064e-7,6.95395385719e-8],"min":[4.16905494231e-25,3.79285506522e-24,2.06148030816e-24,2.00699644645e-24,8.71140438699e-24,1.01568555229e-23,6.43963959669e-24,1.2463369636e-23,2.06422211257e-23,2.12036250329e-23,1.69436152171e-23,2.12953111805e-23,4.15694103647e-23,3.88122215941e-23,4.4209311296e-23,5.46175357686e-23,5.95305488645e-23,8.54383313355e-23,1.35251098346e-22,1.49079224169e-22,2.38028011777e-22,2.92339987007e-22,3.83930524635e-22,6.25310425331e-22,9.30244267456e-22,1.27864492606e-21,1.95171710529e-21],"var":[0.000184602089575,0.00000107888058665,0.0000946901054704,8.6094468088e-7,0.0000374601149815,0.0000121844095702,0.0000436988666479,0.0000303102369799,0.0000266053466476,0.00000468322832603,2.35690222894e-7,2.02265837856e-7,1.3368190821e-7,0.00000128650890474,0.00000181619031991,9.36734565471e-8,1.38672618277e-7,4.07247910061e-7,8.53539248169e-8,3.48849944487e-8,1.26682131452e-8,4.50716051148e-8,4.64734775107e-8,1.03175974431e-8,3.59997853749e-9,6.83930512224e-9,3.80276060641e-10]},"barkbands_crest":{"dmean":3.6229801178,"dmean2":6.02865314484,"dvar":16.7522144318,"dvar2":36.7189941406,"max":26.9315509796,"mean":11.3710136414,"median":9.95024204254,"min":2.54879617691,"var":30.4041194916},"barkbands_flatness_db":{"dmean":0.0560948699713,"dmean2":0.0845710113645,"dvar":0.0135280815884,"dvar2":0.0280977692455,"max":1,"mean":0.163162991405,"median":0.138932064176,"min":0.01175931748,"var":0.0155894747004},"barkbands_kurtosis":{"dmean":435.226837158,"dmean2":824.166015625,"dvar":6005763,"dvar2":17118734,"max":35111.28125,"mean":257.679443359,"median":3.40465569496,"min":-1.90411818027,"var":3521164.75},"barkbands_skewness":{"dmean":3.72396826744,"dmean2":6.47625732422,"dvar":188.860229492,"dvar2":506.348266602,"max":136.428848267,"mean":4.02556324005,"median":1.77743339539,"min":-2.22006416321,"var":137.732849121},"barkbands_spread":{"dmean":6.95630836487,"dmean2":11.0495471954,"dvar":77.3263244629,"dvar2":170.352584839,"max":100.577232361,"mean":17.4036846161,"median":14.8223152161,"min":0.00291247409768,"var":170.411972046},"dissonance":{"dmean":0.0274545121938,"dmean2":0.0466514900327,"dvar":0.00115565559827,"dvar2":0.00339727173559,"max":0.500000119209,"mean":0.448869764805,"median":0.457551389933,"min":0,"var":0.0015348213492},"dynamic_complexity":4.51442956924,"erbbands":{"dmean":[0.0134061258286,0.0816776528955,1.00064134598,1.55806136131,3.9450044632,10.6413478851,14.1461105347,11.2270107269,26.1888809204,28.3750762939,35.5865516663,28.4279289246,26.5056247711,9.01441287994,4.6675157547,7.40114355087,5.1274394989,15.2130508423,20.1033363342,7.58673143387,5.04789733887,5.89376163483,12.6842222214,5.84694957733,3.84894609451,3.38420176506,2.06768107414,2.09770083427,2.63621997833,2.63340687752,2.183614254,1.22046887875,0.571970403194,0.337051182985,0.0891399160028,0.044720377773,0.0487715005875,0.0128019414842,0.000610136252362,0.0000189020483958],"dmean2":[0.0249234046787,0.134305000305,1.57547318935,2.62669348717,6.25591754913,16.7139644623,22.8113365173,17.4912071228,40.9658432007,45.6664428711,56.315120697,45.5734939575,42.0300331116,14.4021463394,7.50135803223,11.9386043549,8.31393146515,24.073015213,31.8935852051,11.6721220016,7.91060209274,9.3268661499,20.5705280304,9.79963970184,6.56626844406,5.19771289825,3.30031943321,3.29661464691,3.98013806343,4.20036792755,3.49691295624,2.01401305199,0.94128125906,0.596961855888,0.152289658785,0.0802407637239,0.0916697531939,0.0239644739777,0.00113554252312,0.000032622483559],"dvar":[0.00393733847886,0.0481069423258,12.5067501068,14.6533203125,53.8118972778,391.607818604,504.194519043,529.565917969,3682.67016602,8463.48925781,8473.31445313,10018.8027344,4073.5612793,797.565795898,105.311721802,248.815322876,109.055122375,949.106872559,3320.52514648,209.839904785,82.6327972412,104.387481689,573.599853516,214.476531982,114.199607849,36.4897117615,17.1005496979,21.523859024,25.2184638977,38.4408607483,21.3035087585,8.62701511383,1.72578632832,1.53587853909,0.0882199555635,0.0598271340132,0.0759342163801,0.0050324969925,0.0000183317788469,8.2619528996e-9],"dvar2":[0.0111960060894,0.112617045641,23.727853775,36.3716545105,130.124588013,878.15802002,1244.88684082,1328.05993652,8173.04443359,23306.4804688,20622.6777344,27501.7558594,11039.7119141,1952.74682617,267.272796631,663.442687988,294.703430176,2414.61791992,8901.32910156,491.735198975,192.698867798,261.789672852,1441.10351563,622.628662109,335.565246582,82.6747207642,41.7528114319,52.476688385,54.1632041931,96.9648895264,51.5990753174,22.3584117889,4.72527217865,4.52838659286,0.252828687429,0.175067320466,0.220875129104,0.0145889315754,0.0000538882231922,2.43280773304e-8],"max":[1.11765754223,6.78786373138,131.900085449,107.363517761,125.541763306,417.210296631,295.948242188,474.523529053,1425.02099609,2448.85229492,1711.55432129,3665.56005859,1409.87329102,847.411743164,252.880004883,443.002746582,243.044891357,601.529052734,1754.33044434,308.596069336,196.992797852,210.134979248,555.969787598,284.954467773,179.048660278,126.385650635,86.3411941528,125.937400818,111.543495178,157.093093872,105.825874329,58.8758621216,34.0627059937,24.1475486755,11.2178411484,10.6472835541,5.48173904419,1.2901622057,0.176987975836,0.00394311919808],"mean":[0.0138427112252,0.125215858221,1.87694752216,2.69836735725,6.51499032974,16.4737892151,19.9062042236,18.2523880005,38.6468734741,39.4978599548,48.9265556335,43.9162445068,42.799571991,15.4770832062,7.7469124794,11.5178060532,9.71666812897,28.7586421967,37.5864067078,16.5840015411,10.6399106979,12.3267526627,24.4393520355,11.4101247787,6.2551817894,6.82694530487,3.67328214645,3.24005818367,4.5153298378,4.17227554321,3.24947237968,1.49226939678,0.743759870529,0.324249088764,0.0854732170701,0.0330175124109,0.0292654931545,0.0076767145656,0.000390445668017,0.0000343582541973],"median":[0.00166095257737,0.0349289141595,0.344218432903,1.28436803818,3.64067459106,8.60712051392,10.3386144638,7.44499397278,14.2716436386,13.3493413925,7.01978111267,6.42211532593,10.1951293945,3.87179660797,3.30815601349,4.1218752861,3.95899534225,8.43754768372,8.20654010773,6.32727622986,4.36418056488,6.3199262619,9.56940364838,4.83742904663,3.08486175537,3.64703845978,2.08662033081,1.66279482841,2.14895629883,2.14502429962,1.5535068512,0.578559756279,0.309928417206,0.098724886775,0.0211503207684,0.00419371016324,0.000861868320499,0.000169098930201,0.0000275598358712,0.0000239104228967],"min":[1.01122482786e-22,7.97949289669e-22,3.5099486745e-21,6.10270672266e-21,1.39855869029e-20,3.22978615532e-20,5.03795515298e-20,1.2235672423e-19,1.83520203556e-19,1.52110553035e-19,2.54201649525e-19,3.51134344318e-19,3.90873522662e-19,8.68632494204e-19,1.4201307658e-18,1.16856363482e-18,1.88224865668e-18,2.31395339119e-18,1.86387738887e-18,3.86271839366e-18,4.59837684811e-18,4.32011866672e-18,5.32795097556e-18,5.51935105673e-18,7.36785653469e-18,7.75119022852e-18,1.00709595266e-17,1.08350279128e-17,1.16444762545e-17,1.21801658639e-17,1.08710028248e-17,1.12316089041e-17,1.03552193169e-17,8.89384842771e-18,6.25671391683e-18,4.10174422578e-18,2.2954491541e-18,1.0182914907e-18,2.35830924548e-19,2.61966532876e-20],"var":[0.00377847789787,0.174295246601,74.7276153564,49.4026794434,96.9716339111,755.115844727,772.309814453,974.37701416,6612.70947266,12017.4267578,15139.765625,18800.7890625,7791.24658203,1644.93762207,184.412277222,447.230712891,228.545181274,2399.25927734,7995.56152344,713.793640137,288.869934082,295.539550781,1501.46166992,362.214019775,120.215454102,91.841835022,28.1595344543,29.686044693,52.4798660278,55.7488975525,33.3592948914,9.67665481567,1.75374150276,0.993514657021,0.0574661269784,0.0325963273644,0.0414416268468,0.00277057522908,0.00000973491660261,5.01681585163e-9]},"erbbands_crest":{"dmean":3.80855059624,"dmean2":6.3595905304,"dvar":22.4364471436,"dvar2":59.2979316711,"max":35.7713851929,"mean":10.2551364899,"median":8.85776805878,"min":2.01559448242,"var":31.164642334},"erbbands_flatness_db":{"dmean":0.0257092956454,"dmean2":0.0398498922586,"dvar":0.00109998940025,"dvar2":0.00292476452887,"max":0.3400606215,"mean":0.170897394419,"median":0.172400146723,"min":0.0436825528741,"var":0.00233430927619},"erbbands_kurtosis":{"dmean":5.57022333145,"dmean2":10.5607385635,"dvar":1063.17285156,"dvar2":3115.5769043,"max":319.900512695,"mean":2.961561203,"median":-0.126256972551,"min":-1.78668403625,"var":569.750549316},"erbbands_skewness":{"dmean":0.718352973461,"dmean2":1.21082699299,"dvar":3.28474450111,"dvar2":9.47350883484,"max":16.6366291046,"mean":0.847358763218,"median":0.654924273491,"min":-3.4951851368,"var":2.51050925255},"erbbands_spread":{"dmean":10.8947143555,"dmean2":17.2200527191,"dvar":171.082702637,"dvar2":451.117584229,"max":141.365646362,"mean":40.5928459167,"median":38.3189544678,"min":2.92865943909,"var":379.082244873},"gfcc":{"cov":[[28832.3925781,1778.21130371,-4293.56933594,397.769775391,-2447.48876953,-406.195770264,-1546.3996582,-325.156768799,-617.363586426,-576.011413574,-681.112731934,-616.570068359,-657.781555176],[1778.21130371,942.424865723,-477.877075195,-50.3427276611,-126.971031189,-130.459671021,-50.2452278137,-105.458328247,34.6050071716,-167.235610962,23.788646698,-169.251296997,-40.541934967],[-4293.56933594,-477.877075195,1466.08959961,76.4217605591,489.884063721,147.025787354,302.372131348,92.6026992798,79.2011871338,219.364395142,119.077926636,238.484786987,102.790405273],[397.769775391,-50.3427276611,76.4217605591,378.1512146,-64.3028869629,-7.21272802353,-127.537879944,-58.9038658142,-55.8525047302,-22.474275589,7.24732017517,21.2753124237,21.6231098175],[-2447.48876953,-126.971031189,489.884063721,-64.3028869629,510.157073975,98.5103302002,233.255081177,89.8968200684,81.0005645752,97.9669342041,76.1033554077,107.926971436,81.9718093872],[-406.195770264,-130.459671021,147.025787354,-7.21272802353,98.5103302002,181.31072998,125.301513672,57.2955513,11.1134605408,40.9498252869,8.91063308716,12.7497262955,21.7238464355],[-1546.3996582,-50.2452278137,302.372131348,-127.537879944,233.255081177,125.301513672,310.960693359,97.1688537598,78.0993881226,60.404914856,41.0188941956,20.3300647736,38.6577758789],[-325.156768799,-105.458328247,92.6026992798,-58.9038658142,89.8968200684,57.2955513,97.1688537598,134.515304565,64.0729446411,36.1209640503,5.27466058731,9.56914806366,6.1869931221],[-617.363586426,34.6050071716,79.2011871338,-55.8525047302,81.0005645752,11.1134605408,78.0993881226,64.0729446411,157.320800781,17.2266082764,36.8208312988,-27.0890789032,19.4757976532],[-576.011413574,-167.235610962,219.364395142,-22.474275589,97.9669342041,40.9498252869,60.404914856,36.1209640503,17.2266082764,133.317184448,24.7426013947,62.9863967896,11.0798721313],[-681.112731934,23.788646698,119.077926636,7.24732017517,76.1033554077,8.91063308716,41.0188941956,5.27466058731,36.8208312988,24.7426013947,99.6401367188,32.1727561951,27.2182865143],[-616.570068359,-169.251296997,238.484786987,21.2753124237,107.926971436,12.7497262955,20.3300647736,9.56914806366,-27.0890789032,62.9863967896,32.1727561951,144.453384399,37.0342216492],[-657.781555176,-40.541934967,102.790405273,21.6231098175,81.9718093872,21.7238464355,38.6577758789,6.1869931221,19.4757976532,11.0798721313,27.2182865143,37.0342216492,86.4238739014]],"icov":[[0.000124948768644,-0.000285673653707,0.000220251531573,-0.000140071118949,0.0003049261868,-0.000327608169755,0.000283280038275,-0.000371731555788,0.0000859509673319,-0.000287499831757,0.000447467435151,-0.000401799421525,0.000331844377797],[-0.000285673653707,0.00272316951305,-0.0000867547350936,0.00036447957973,-0.00104908994399,0.00180858594831,-0.00148143083788,0.00232551107183,-0.000593861506786,0.00209160125814,-0.00238323281519,0.0023030245211,-0.000218881818],[0.000220251531573,-0.0000867547350936,0.00202024495229,-0.00103868427686,-0.0000920255188248,-0.00035046870471,-0.000804865907412,0.0000836552208057,-0.000523955444805,-0.00128197006416,0.000511089980137,-0.00205179350451,0.00102281768341],[-0.000140071118949,0.00036447957973,-0.00103868427686,0.0040880292654,-0.000118839278002,-0.000818753323983,0.00215157354251,0.000741600815672,0.000664505059831,0.00119657232426,-0.00127809378318,0.00108606810682,-0.00174555706326],[0.0003049261868,-0.00104908994399,-0.0000920255188248,-0.000118839278002,0.00503982370719,-0.00101750122849,-0.00098056322895,-0.00163732748479,-0.000340606231475,-0.00110499956645,0.000689290871378,-0.00270789535716,-0.000839014421217],[-0.000327608169755,0.00180858594831,-0.00035046870471,-0.000818753323983,-0.00101750122849,0.0103527260944,-0.00473430473357,-0.000692006840836,0.00174366135616,-0.0000840788343339,-0.00151363515761,0.00312483473681,-0.00173786003143],[0.000283280038275,-0.00148143083788,-0.000804865907412,0.00215157354251,-0.00098056322895,-0.00473430473357,0.00980229210109,-0.00329613452777,0.000140936259413,-0.000796790933236,0.0004236305831,0.00090803875355,-0.000600600498728],[-0.000371731555788,0.00232551107183,0.0000836552208057,0.000741600815672,-0.00163732748479,-0.000692006840836,-0.00329613452777,0.0147471902892,-0.00552857480943,0.000838018138893,0.000163104734384,-0.0000970682885963,0.00125080917496],[0.0000859509673319,-0.000593861506786,-0.000523955444805,0.000664505059831,-0.000340606231475,0.00174366135616,0.000140936259413,-0.00552857480943,0.0116395289078,-0.00130771519616,-0.00325851119123,0.00501164561138,-0.00252665672451],[-0.000287499831757,0.00209160125814,-0.00128197006416,0.00119657232426,-0.00110499956645,-0.0000840788343339,-0.000796790933236,0.000838018138893,-0.00130771519616,0.013605767861,-0.00258132559247,-0.00195596599951,0.0015854917001],[0.000447467435151,-0.00238323281519,0.000511089980137,-0.00127809378318,0.000689290871378,-0.00151363515761,0.0004236305831,0.000163104734384,-0.00325851119123,-0.00258132559247,0.0161202121526,-0.00497467815876,-0.000354744726792],[-0.000401799421525,0.0023030245211,-0.00205179350451,0.00108606810682,-0.00270789535716,0.00312483473681,0.00090803875355,-0.0000970682885963,0.00501164561138,-0.00195596599951,-0.00497467815876,0.0169412326068,-0.00499697960913],[0.000331844377797,-0.000218881818,0.00102281768341,-0.00174555706326,-0.000839014421217,-0.00173786003143,-0.000600600498728,0.00125080917496,-0.00252665672451,0.0015854917001,-0.000354744726792,-0.00499697960913,0.0172450020909]],"mean":[-58.529499054,93.9541168213,-121.446289063,32.3141860962,-74.5033721924,-1.07463741302,-48.0394706726,-6.32857370377,-16.286485672,-8.33172988892,-13.5451879501,-7.12219333649,-13.3995637894]},"hfc":{"dmean":5.52409076691,"dmean2":8.50062561035,"dvar":64.9558334351,"dvar2":166.566207886,"max":135.876266479,"mean":15.5146465302,"median":12.0387477875,"min":1.08934769912e-16,"var":207.09135437},"melbands":{"dmean":[0.000142439763295,0.00038029771531,0.000307110196445,0.000511261576321,0.000497362168971,0.000265247595962,0.000414325651946,0.000305551977362,0.000277731334791,0.000176113491761,0.000130924687255,0.0000375583404093,0.0000181737304956,0.0000191618455574,0.0000112958214231,0.0000142846365634,0.0000333172574756,0.000034761706047,0.0000178148020495,0.00000744251201468,0.00000700429427525,0.00000652290373182,0.00000994471974991,0.0000106989164124,0.0000046660411499,0.00000359412251782,0.00000223294091484,0.0000023630227588,0.00000148914693909,0.00000101445073142,0.00000142606552345,0.00000171604597199,0.00000134206788971,0.00000157243027843,0.00000138402060657,9.92543505163e-7,6.64295441766e-7,3.98332389295e-7,3.93348130956e-7,2.45803022381e-7],"dmean2":[0.00025737521355,0.00060239713639,0.000504229334183,0.000801615824457,0.000797955493908,0.000412927445723,0.000649649824481,0.000493369530886,0.000441311916802,0.00028121782816,0.000206911368878,0.0000601781357545,0.0000292770982924,0.0000312707379635,0.0000183121683222,0.0000230893001572,0.0000529588251084,0.0000554904290766,0.0000275464644801,0.000011595304386,0.0000111421322799,0.0000103398097053,0.0000159412593348,0.0000174966244231,0.00000797058510216,0.00000634298794466,0.00000355573092747,0.00000364591073776,0.00000238925508711,0.00000166147924574,0.00000225066128223,0.00000258347881754,0.00000216309217649,0.00000251595656664,0.00000223994084081,0.0000016158270455,0.00000111414578896,6.46294154194e-7,6.90691365435e-7,4.37514501073e-7],"dvar":[5.0674771046e-7,0.00000168659039446,3.91210392081e-7,8.4355576746e-7,6.64904064251e-7,2.65611106443e-7,9.48651404542e-7,8.86612326667e-7,5.20568278262e-7,3.87841879501e-7,1.0132331596e-7,1.63679541032e-8,1.93707117013e-9,1.33718958129e-9,5.49136958128e-10,8.31743174334e-10,4.7447410445e-9,1.06270876543e-8,2.26500129763e-9,2.34985003678e-10,1.80212497702e-10,1.38158665064e-10,3.11598163938e-10,4.57520771269e-10,1.67939162576e-10,1.52522702801e-10,1.75596152202e-11,1.92223858358e-11,8.84606624063e-12,5.01196870464e-12,1.17322193627e-11,1.12600180915e-11,1.24820258296e-11,1.23135278016e-11,8.51785742634e-12,5.59058832214e-12,2.64160329895e-12,7.34006605496e-13,1.81959850833e-12,8.31543980808e-13],"dvar2":[0.00000123283575704,0.00000326091458192,9.47538865148e-7,0.00000197667577595,0.00000154998076596,6.58163912703e-7,0.00000212610439121,0.00000245149431066,0.00000127548969431,0.00000105925539629,2.71380031336e-7,3.98969390858e-8,4.70738514835e-9,3.53241635942e-9,1.45426581888e-9,2.22801754823e-9,1.19965957168e-8,2.89933765885e-8,5.72117464515e-9,5.66486912934e-10,4.30838670296e-10,3.44816786235e-10,7.80416065105e-10,1.15881648721e-9,4.93198926144e-10,4.58967946981e-10,4.15545618748e-11,4.44516229381e-11,2.10600668848e-11,1.29359396459e-11,2.85277530765e-11,2.37276916865e-11,3.24166353483e-11,3.02899164084e-11,2.07699395877e-11,1.37926736005e-11,7.02938965716e-12,1.95586689206e-12,5.3085370301e-12,2.44999094796e-12],"max":[0.0180095601827,0.0478497743607,0.0167962219566,0.0224074646831,0.0143775269389,0.00945166125894,0.0209383163601,0.0259832367301,0.0130251506343,0.0236259326339,0.00700341444463,0.00417784787714,0.00124479236547,0.000796824344434,0.000652911083307,0.000730841769837,0.0013119794894,0.00360457645729,0.00126022298355,0.000437541457359,0.000281857355731,0.000211032907828,0.00036160153104,0.000382524798624,0.000264306465397,0.000209808917134,0.0000942844562815,0.0000934745548875,0.0000766295997892,0.0000533075435669,0.0000938818920986,0.0000756657900638,0.0000879505241755,0.00010262367141,0.0000721180695109,0.000062721206632,0.0000265686612693,0.000022158757929,0.0000302325443045,0.0000155306988745],"mean":[0.000184252581676,0.000701588229276,0.000550315482542,0.000833770493045,0.000720940937754,0.000437896029325,0.000608857662883,0.000423591729486,0.000375671777874,0.000271561089903,0.000206013573916,0.0000605868372077,0.0000266539118456,0.0000296780544886,0.0000178267928277,0.0000258252803178,0.0000577176651859,0.0000620640275883,0.0000332501258526,0.0000151669837578,0.0000127096818687,0.0000121267130453,0.0000189187012438,0.0000202491191885,0.00000807389369584,0.00000479923073726,0.00000425452708441,0.00000452388758276,0.00000251931487583,0.00000151391213876,0.00000207244283956,0.00000290982870865,0.00000199499481823,0.00000244331931754,0.00000203823810807,0.00000128443616632,7.59008116802e-7,5.34416983555e-7,4.12277898931e-7,2.21952532797e-7],"median":[0.0000256295988947,0.000136754213599,0.000295367091894,0.000472126528621,0.000386958534364,0.000178258662345,0.000228730903473,0.000135168957058,0.0000403242956963,0.0000364799707313,0.0000475676788483,0.0000134556739795,0.00000881187042978,0.0000114066187962,0.00000719280615158,0.00000836670824356,0.0000153781547851,0.0000126770664792,0.00000901950170373,0.00000526891471964,0.00000460985074824,0.00000546966793991,0.00000793146500655,0.00000778158482717,0.00000291991591439,0.00000197644590116,0.00000215867294173,0.00000227498412642,0.00000133782566536,7.69856569605e-7,9.75698640104e-7,0.0000012748790823,9.55907125899e-7,0.00000120715742469,9.64643732004e-7,5.15607780471e-7,2.736649094e-7,2.18676404984e-7,1.45009892094e-7,5.54657688667e-8],"min":[1.32658685658e-24,2.26364977817e-24,1.89345155484e-24,2.19363521739e-24,2.46291091523e-24,2.51424327762e-24,2.28502238667e-24,1.74086317602e-24,1.88373515507e-24,2.89939573991e-24,1.6273945081e-24,3.52025629081e-24,3.18959853707e-24,2.16672894685e-24,2.47472134627e-24,3.55226274432e-24,3.42711942803e-24,2.591736437e-24,3.32454147794e-24,3.54216848017e-24,5.32084668976e-24,3.48556968238e-24,5.48954972194e-24,3.39612823851e-24,3.43185732663e-24,4.56181182651e-24,4.79854464543e-24,5.17279524722e-24,5.47866778018e-24,5.54376773753e-24,5.78180059922e-24,6.06395918451e-24,5.65013774199e-24,5.16905289109e-24,5.54599587515e-24,6.65523054892e-24,6.11637070862e-24,6.24069755387e-24,6.2442119292e-24,6.97934351816e-24],"var":[6.92585501838e-7,0.00000988021838566,0.00000133476783049,0.00000167864584455,0.00000107395635496,5.26383189481e-7,0.00000164453990692,0.00000132241518713,8.89029990958e-7,7.78452033501e-7,1.90942728295e-7,3.22100213168e-8,3.01532621094e-9,2.57172461104e-9,9.63071400406e-10,2.0641013343e-9,1.06820774448e-8,2.40048603217e-8,5.19221199369e-9,7.16745163221e-10,4.79111306184e-10,3.3608962835e-10,8.20776169252e-10,1.16310472364e-9,2.32816127488e-10,1.28684868317e-10,3.64750070425e-11,4.8067834435e-11,1.49752571454e-11,6.03065427457e-12,1.57272719153e-11,2.34367525387e-11,1.54150286286e-11,1.97246108335e-11,1.32634979388e-11,7.26167606949e-12,2.64785849496e-12,8.4344749067e-13,1.22980922321e-12,5.35508052832e-13]},"melbands_crest":{"dmean":4.7433962822,"dmean2":7.8949842453,"dvar":34.3933143616,"dvar2":72.8478469849,"max":40,"mean":14.7476768494,"median":12.6676712036,"min":1.57119524479,"var":57.6048469543},"melbands_flatness_db":{"dmean":0.0541758462787,"dmean2":0.082094669342,"dvar":0.0113578690216,"dvar2":0.0247901063412,"max":1,"mean":0.212779715657,"median":0.189995616674,"min":0.00405752332881,"var":0.0141122667119},"melbands_kurtosis":{"dmean":9152952,"dmean2":18306536,"dvar":61733218507800000,"dvar2":185170471221000000,"max":8695102464,"mean":4577014,"median":10.5899009705,"min":-1.82768523693,"var":30880978067000000},"melbands_skewness":{"dmean":126.881660461,"dmean2":250.800048828,"dvar":3188501.5,"dvar2":9539779,"max":52917.0742188,"mean":67.2925186157,"median":2.71079444885,"min":-0.315398335457,"var":1604054.375},"melbands_spread":{"dmean":7.53940391541,"dmean2":11.7214431763,"dvar":108.736839294,"dvar2":220.469238281,"max":181.174331665,"mean":19.4149265289,"median":15.3141403198,"min":8.54397974592e-9,"var":404.023529053},"mfcc":{"cov":[[15440.7617188,1508.10839844,-1191.69970703,-205.374740601,-657.441650391,-574.305786133,-968.439208984,-298.805450439,-581.277160645,-112.505889893,-263.277832031,-596.616882324,-675.488891602],[1508.10839844,1037.02868652,-240.085754395,-42.7724266052,-117.888206482,-81.7627487183,-91.317489624,-11.6673622131,-94.4092712402,18.4174575806,-6.18074941635,-51.8631401062,-99.3783721924],[-1191.69970703,-240.085754395,620.942138672,167.193222046,87.8036346436,105.870491028,72.4549484253,2.00039839745,19.1801891327,-30.4063167572,-16.6096591949,92.154083252,118.689468384],[-205.374740601,-42.7724266052,167.193222046,272.149658203,110.10118103,39.1542739868,-19.6319580078,-32.4033927917,-24.2929496765,-84.7025909424,-58.0734405518,32.5656051636,63.5389900208],[-657.441650391,-117.888206482,87.8036346436,110.10118103,210.380523682,49.4895858765,45.3558654785,15.9496707916,33.2434577942,-21.6821022034,-6.37196302414,44.9007835388,76.3619155884],[-574.305786133,-81.7627487183,105.870491028,39.1542739868,49.4895858765,152.190765381,106.829376221,19.4045600891,35.6140899658,8.25753593445,11.7136545181,25.6827411652,40.1305046082],[-968.439208984,-91.317489624,72.4549484253,-19.6319580078,45.3558654785,106.829376221,230.468917847,75.6406860352,79.4460754395,41.4072914124,51.5585899353,44.2211265564,56.3181648254],[-298.805450439,-11.6673622131,2.00039839745,-32.4033927917,15.9496707916,19.4045600891,75.6406860352,120.163215637,65.8975296021,46.1492958069,33.2366752625,26.9154491425,14.4281482697],[-581.277160645,-94.4092712402,19.1801891327,-24.2929496765,33.2434577942,35.6140899658,79.4460754395,65.8975296021,140.405853271,76.735458374,47.3575592041,30.7744827271,22.7017726898],[-112.505889893,18.4174575806,-30.4063167572,-84.7025909424,-21.6821022034,8.25753593445,41.4072914124,46.1492958069,76.735458374,148.414169312,76.7659988403,4.22531986237,-16.5733242035],[-263.277832031,-6.18074941635,-16.6096591949,-58.0734405518,-6.37196302414,11.7136545181,51.5585899353,33.2366752625,47.3575592041,76.7659988403,102.587387085,31.1863670349,8.03835582733],[-596.616882324,-51.8631401062,92.154083252,32.5656051636,44.9007835388,25.6827411652,44.2211265564,26.9154491425,30.7744827271,4.22531986237,31.1863670349,105.162109375,71.6783981323],[-675.488891602,-99.3783721924,118.689468384,63.5389900208,76.3619155884,40.1305046082,56.3181648254,14.4281482697,22.7017726898,-16.5733242035,8.03835582733,71.6783981323,123.469512939]],"icov":[[0.000129599749926,-0.0000700389573467,0.000107923100586,-0.000103144942841,0.000150225969264,0.00000452583935839,0.000313811731758,-0.000128129919176,0.000257131294347,-0.0000988003594102,0.0000351375820173,0.000291526928777,0.000147372542415],[-0.0000700389573467,0.00127815792803,0.000367767119315,-0.000420942873461,0.000344847037923,0.000117612085887,-0.000189246537047,-0.000360110279871,0.000995557755232,-0.000684982165694,0.000126200087834,-0.000552955956664,0.000423382647568],[0.000107923100586,0.000367767119315,0.00264670420438,-0.00135242857505,0.000692147295922,-0.000983070000075,0.000123569363495,-0.0000530363176949,0.000728513929062,-0.000907190842554,0.00080123526277,-0.00106142729055,-0.000812221027445],[-0.000103144942841,-0.000420942873461,-0.00135242857505,0.007192669902,-0.00284509849735,-0.00118470285088,0.00116228172556,0.000924077641685,-0.000942539889365,0.00244914274663,0.00151031231508,-0.000622723950073,-0.00103271682747],[0.000150225969264,0.000344847037923,0.000692147295922,-0.00284509849735,0.00788335222751,-0.000765800417867,0.00024602713529,-0.00075380312046,-0.000855841673911,0.0000144064351844,0.000109088912723,0.00032665397157,-0.0027900680434],[0.00000452583935839,0.000117612085887,-0.000983070000075,-0.00118470285088,-0.000765800417867,0.0113975983113,-0.0054527381435,0.00153989729006,-0.000288024428301,-0.00071247969754,0.000594727345742,0.000388475018553,0.000443524040747],[0.000313811731758,-0.000189246537047,0.000123569363495,0.00116228172556,0.00024602713529,-0.0054527381435,0.0103645836934,-0.00380683247931,-0.00121111120097,0.00123563082889,-0.002552872058,0.00162544334307,-0.00220392411575],[-0.000128129919176,-0.000360110279871,-0.0000530363176949,0.000924077641685,-0.00075380312046,0.00153989729006,-0.00380683247931,0.013419133611,-0.00435014953837,-0.000889993680175,0.000890885072295,-0.00254572182894,0.000818873464596],[0.000257131294347,0.000995557755232,0.000728513929062,-0.000942539889365,-0.000855841673911,-0.000288024428301,-0.00121111120097,-0.00435014953837,0.0152960196137,-0.00692530535161,0.000719906354789,-0.00111395120621,0.00053429446416],[-0.0000988003594102,-0.000684982165694,-0.000907190842554,0.00244914274663,0.0000144064351844,-0.00071247969754,0.00123563082889,-0.000889993680175,-0.00692530535161,0.016242692247,-0.0090854363516,0.00247528054751,0.000891001196578],[0.0000351375820173,0.000126200087834,0.00080123526277,0.00151031231508,0.000109088912723,0.000594727345742,-0.002552872058,0.000890885072295,0.000719906354789,-0.0090854363516,0.0201659351587,-0.00654421327636,0.000680295168422],[0.000291526928777,-0.000552955956664,-0.00106142729055,-0.000622723950073,0.00032665397157,0.000388475018553,0.00162544334307,-0.00254572182894,-0.00111395120621,0.00247528054751,-0.00654421327636,0.0200006272644,-0.00892951339483],[0.000147372542415,0.000423382647568,-0.000812221027445,-0.00103271682747,-0.0027900680434,0.000443524040747,-0.00220392411575,0.000818873464596,0.00053429446416,0.000891001196578,0.000680295168422,-0.00892951339483,0.01821038872]],"mean":[-682.952941895,113.055229187,4.87449216843,21.9466743469,-3.29319810867,-0.829006075859,-20.0468025208,-2.30956315994,-12.6972341537,0.231470048428,-2.62902021408,-5.29209089279,-8.59931182861]},"pitch_salience":{"dmean":0.104595668614,"dmean2":0.173447027802,"dvar":0.0180010478944,"dvar2":0.0380222760141,"max":0.990762889385,"mean":0.557468295097,"median":0.591699719429,"min":0.0000164281082107,"var":0.0278447419405},"silence_rate_20dB":{"dmean":0,"dmean2":0,"dvar":0,"dvar2":0,"max":1,"mean":1,"median":1,"min":1,"var":0},"silence_rate_30dB":{"dmean":0.00556689547375,"dmean2":0.0111358575523,"dvar":0.00553566217422,"dvar2":0.0128675317392,"max":1,"mean":0.990909099579,"median":1,"min":0,"var":0.00900856591761},"silence_rate_60dB":{"dmean":0.0363703854382,"dmean2":0.0727542713284,"dvar":0.0350496321917,"dvar2":0.0782177150249,"max":1,"mean":0.08998144418,"median":0,"min":0,"var":0.0818864628673},"spectral_centroid":{"dmean":311.767303467,"dmean2":498.352325439,"dvar":236259.3125,"dvar2":562825.6875,"max":11560.8515625,"mean":1212.69824219,"median":1044.37182617,"min":91.8612136841,"var":1140957},"spectral_complexity":{"dmean":3.22471690178,"dmean2":5.0731253624,"dvar":15.287276268,"dvar2":32.9474716187,"max":44,"mean":14.145825386,"median":14,"min":0,"var":72.7387237549},"spectral_contrast_coeffs":{"dmean":[0.0658489838243,0.0576578713953,0.0442420206964,0.0340118966997,0.0265162307769,0.0228219199926],"dmean2":[0.106429547071,0.0902189090848,0.068730160594,0.0527980774641,0.0408909618855,0.0345099009573],"dvar":[0.00340995471925,0.00243560597301,0.00139542983379,0.000874582445249,0.00054344086675,0.000433179404354],"dvar2":[0.00791197177023,0.0056733712554,0.00316816451959,0.00191411282867,0.00125032174401,0.000962940684985],"max":[-0.241272374988,-0.318881422281,-0.428266197443,-0.519903719425,-0.629434704781,-0.603975117207],"mean":[-0.57329595089,-0.681450009346,-0.746665000916,-0.767811059952,-0.788898169994,-0.76013225317],"median":[-0.55481928587,-0.671818852425,-0.750165581703,-0.763923823833,-0.782791614532,-0.75346159935],"min":[-0.995382964611,-0.996798396111,-0.98165422678,-0.989089071751,-0.976716756821,-0.978043913841],"var":[0.0138034271076,0.0116049945354,0.00829395186156,0.00539797032252,0.00303364731371,0.00224121264182]},"spectral_contrast_valleys":{"dmean":[0.716528832912,0.649431824684,0.607455968857,0.578031420708,0.56463932991,0.652188360691],"dmean2":[1.18113648891,0.996431410313,0.927368342876,0.875602304935,0.836939871311,0.925257623196],"dvar":[1.09810435772,1.38986730576,1.3015806675,1.28602409363,1.25510334969,1.12378072739],"dvar2":[2.42342472076,2.97520542145,2.78905844688,2.72510623932,2.55177783966,2.26843261719],"max":[-5.7296128273,-4.88225507736,-5.74067974091,-6.1145067215,-5.90087747574,-7.61382341385],"mean":[-8.37140464783,-7.31925201416,-8.20126152039,-8.47846984863,-8.22613716125,-10.7430047989],"median":[-7.97967147827,-6.81175899506,-7.70125102997,-7.9844660759,-7.70483827591,-10.3839588165],"min":[-28.2969551086,-27.8312950134,-27.8241653442,-27.5849266052,-27.5422077179,-27.4654636383],"var":[4.73570394516,5.7551112175,5.26501274109,5.14353609085,5.20164346695,4.24908161163]},"spectral_decrease":{"dmean":2.03827110745e-9,"dmean2":3.08151126838e-9,"dvar":1.10742013966e-17,"dvar2":2.23405254167e-17,"max":2.70456777272e-28,"mean":-5.68047964222e-9,"median":-4.42412950719e-9,"min":-8.50300736488e-8,"var":3.6058020511e-17},"spectral_energy":{"dmean":0.0080273989588,"dmean2":0.0121255544946,"dvar":0.000163421529578,"dvar2":0.000332288036589,"max":0.321071863174,"mean":0.0228466261178,"median":0.0179301127791,"min":1.01058682997e-20,"var":0.000550156226382},"spectral_energyband_high":{"dmean":0.000288371375063,"dmean2":0.000452226988273,"dvar":3.39736430988e-7,"dvar2":8.75408318279e-7,"max":0.0124397287145,"mean":0.000476368935779,"median":0.000259808439296,"min":7.21311430007e-21,"var":4.65946556005e-7},"spectral_energyband_low":{"dmean":0.00181117781904,"dmean2":0.00301238731481,"dvar":0.0000293662924378,"dvar2":0.0000633852614556,"max":0.163644507527,"mean":0.00337645295076,"median":0.000972371257376,"min":2.22390807017e-23,"var":0.000128563726321},"spectral_energyband_middle_high":{"dmean":0.00119547429495,"dmean2":0.00179950869642,"dvar":0.00000368706309928,"dvar2":0.00000850886044645,"max":0.0509354881942,"mean":0.00354443350807,"median":0.0017577096587,"min":1.22262777434e-21,"var":0.0000210703656194},"spectral_energyband_middle_low":{"dmean":0.00655718194321,"dmean2":0.0101256482303,"dvar":0.0000804963856353,"dvar2":0.0001951741433,"max":0.138736709952,"mean":0.0147169688717,"median":0.0116107538342,"min":2.13153321547e-22,"var":0.000203150746529},"spectral_entropy":{"dmean":0.227620944381,"dmean2":0.347062379122,"dvar":0.0628903657198,"dvar2":0.147393301129,"max":9.81470108032,"mean":7.48400020599,"median":7.4606924057,"min":5.19534492493,"var":0.238833144307},"spectral_flux":{"dmean":0.0275180134922,"dmean2":0.0450640767813,"dvar":0.00125379220117,"dvar2":0.00332134356722,"max":0.533035933971,"mean":0.0775277987123,"median":0.0736508071423,"min":6.44706232844e-11,"var":0.0021221996285},"spectral_kurtosis":{"dmean":1.85582125187,"dmean2":3.20653247833,"dvar":10.0050134659,"dvar2":27.9738883972,"max":53.5607872009,"mean":3.81981110573,"median":3.29308414459,"min":-1.30314218998,"var":9.90725326538},"spectral_rms":{"dmean":0.00079031533096,"dmean2":0.00117220915854,"dvar":8.10237850146e-7,"dvar2":0.00000159854687354,"max":0.0176986102015,"mean":0.00423551304266,"median":0.00418243836612,"min":3.13996550115e-12,"var":0.00000434992625742},"spectral_rolloff":{"dmean":569.096984863,"dmean2":977.917297363,"dvar":1091961.5,"dvar2":2434963.75,"max":19767.4804688,"mean":1405.29174805,"median":796.728515625,"min":21.533203125,"var":4615888},"spectral_skewness":{"dmean":0.273330450058,"dmean2":0.444858968258,"dvar":0.139430373907,"dvar2":0.372549325228,"max":5.90978527069,"mean":1.47068858147,"median":1.4422506094,"min":-0.300842046738,"var":0.245673954487},"spectral_spread":{"dmean":743282.375,"dmean2":1173080.625,"dvar":2731406262270,"dvar2":6836670431230,"max":49821556,"mean":4942092,"median":4314584,"min":1532865.5,"var":13557667201000},"spectral_strongpeak":{"dmean":0.533602595329,"dmean2":0.873114049435,"dvar":0.477455437183,"dvar2":1.22313833237,"max":11.0603122711,"mean":1.01805377007,"median":0.709779381752,"min":0,"var":1.16236126423},"zerocrossingrate":{"dmean":0.0119137363508,"dmean2":0.0150005109608,"dvar":0.000362176942872,"dvar2":0.000597981386818,"max":0.5244140625,"mean":0.0553691014647,"median":0.04736328125,"min":0,"var":0.00317430100404}},"metadata":{"audio_properties":{"analysis_sample_rate":44100,"bit_rate":127394,"codec":"aac","downmix":"mix","equal_loudness":0,"length":125.132331848,"lossless":false,"md5_encoded":"c47401546dc406d20b69717c9cbf688d","replay_gain":-2.32593154907,"sample_rate":44100},"tags":{"album":["Unicorn"],"albumartistsort":["T. Rex"],"artist":["Tyrannosaurus Rex"],"artistsort":["T. Rex"],"bpm":["0"],"catalognumber":["BTS 7"],"date":["1969"],"discnumber":["1/1"],"encodedby":["iTunes v4.7.1.30, QuickTime 6.5.2"],"file_name":"14. The Pilgrim's Tale_2-05.m4a","genre":["Album rock"],"label":["Blue Thumb Records"],"language":["English"],"media":["12\" Vinyl"],"musicbrainz_albumartistid":["c842d29f-a297-48cd-bb71-4f77fd672b16"],"musicbrainz_albumid":["38546307-4c8e-4770-9721-4531f9ea9c23"],"musicbrainz_artistid":["c842d29f-a297-48cd-bb71-4f77fd672b16"],"musicbrainz_recordingid":["ba44acb1-286f-473e-bd31-de082ad0dbd8"],"musicbrainz_releasegroupid":["5dbec484-8961-309f-80a9-8e2cee8e65f2"],"script":["Latin"],"title":["The Pilgrim's Tale"],"tracknumber":["14/16"]},"version":{"essentia":"2.1-beta2","essentia_build_sha":"2d9f1f26377add8aeb1075a9c2973f962c4f09fd","essentia_git_sha":"v2.1_beta2-1-ge3940c0","extractor":"music 1.0"}},"rhythm":{"beats_count":279,"beats_loudness":{"dmean":0.023494694382,"dmean2":0.0419936701655,"dvar":0.00106418784708,"dvar2":0.00310568721034,"max":0.254797965288,"mean":0.0300238374621,"median":0.0231120791286,"min":3.75648345763e-10,"var":0.000850994838402},"beats_loudness_band_ratio":{"dmean":[0.259994387627,0.224243581295,0.219915270805,0.0659223496914,0.059564255178,0.0468753129244],"dmean2":[0.463164001703,0.391916036606,0.378314942122,0.117241896689,0.1039333269,0.0848751887679],"dvar":[0.0704837813973,0.0312733910978,0.0286760777235,0.00622949423268,0.00367601402104,0.0120707554743],"dvar2":[0.178142219782,0.0884222760797,0.0772155076265,0.0181423854083,0.0102504147217,0.0333392284811],"max":[0.999826908112,0.8