{"lowlevel":{"average_loudness":0.462228626013,"barkbands":{"dmean":[0.00000391384537579,0.000945766922086,0.000858980522025,0.00122647639364,0.00142510829028,0.000565875321627,0.000984865589999,0.000749453552999,0.000446825404651,0.000858087849338,0.000669311149977,0.000260907108895,0.000139595387736,0.000188072866877,0.0000903870750335,0.0000434191097156,0.0000245640003413,0.0000141463551699,0.0000108294616439,0.0000152922111738,0.0000182869862329,0.0000149117267938,0.0000241350007855,0.0000148641147462,0.0000103105121525,0.00000402569139624,0.00000186431259408],"dmean2":[0.00000672522673995,0.00151687685866,0.00137302477378,0.00196673208848,0.00225677341223,0.000848847557791,0.00150251563173,0.00114700046834,0.000655133510008,0.00124110793695,0.000861596956383,0.000425412785262,0.000231475336477,0.000321360712405,0.000139450319693,0.0000691096065566,0.0000375986455765,0.0000213764233195,0.0000161141779245,0.0000231742178585,0.0000293578541459,0.0000209107074625,0.0000347199820681,0.0000206847489608,0.0000147841228682,0.00000586745773035,0.00000284456359623],"dvar":[9.18711565157e-11,0.00000433550803791,0.00000260474780589,0.00000739329607313,0.00000863131299411,0.00000169518807525,0.0000184981145139,0.0000357454082405,0.00000390782224713,0.0000385890052712,0.0000771524792071,0.00000795836967882,9.22060678477e-7,0.00000514524435857,5.86769829169e-7,1.71970867768e-7,2.29941115037e-8,6.05873129444e-9,1.64445079776e-9,6.45409592437e-9,1.99518730426e-8,1.09023385875e-8,2.01526919597e-8,8.40514768896e-9,4.91299712024e-9,4.21917001336e-10,1.95413810133e-10],"dvar2":[2.554323697e-10,0.0000114594577099,0.00000703683917891,0.0000192484494619,0.0000200839294848,0.00000384052191293,0.0000334685537382,0.0000916798162507,0.00000843786892801,0.0000819172928459,0.000119225092931,0.000022567141059,0.00000254249357567,0.000014844652469,0.00000129774946345,4.86197677674e-7,5.83657993047e-8,1.48766030605e-8,3.50809603589e-9,1.42856606544e-8,5.20092982015e-8,1.96441600764e-8,3.90381735826e-8,1.38661944149e-8,1.13524674106e-8,8.76135552996e-10,4.35917024699e-10],"max":[0.00042944739107,0.0442227870226,0.0336980968714,0.0823949575424,0.102887392044,0.0590444020927,0.227001070976,0.276677697897,0.0732879787683,0.211133718491,0.406149417162,0.124143488705,0.0339367687702,0.081037402153,0.0353575721383,0.0211574751884,0.00636334018782,0.00340065476485,0.00112045009155,0.00450019538403,0.00615938520059,0.00492811389267,0.00485547631979,0.00468472996727,0.00265136035159,0.000640711688902,0.000588163209613],"mean":[0.00000572988392378,0.00201030564494,0.00163607578725,0.00205338513479,0.00313843158074,0.00198474200442,0.0023546947632,0.00134946161415,0.00120499299373,0.00124590331689,0.000999672920443,0.000431448366726,0.000170477273059,0.000196423206944,0.000121602963191,0.0000597850557824,0.0000367423963326,0.0000244206512434,0.0000190792943613,0.0000221152986342,0.0000241947418544,0.0000239301461988,0.0000359283549187,0.0000249475961027,0.0000155536690727,0.0000058823393374,0.00000230395630751],"median":[0.00000160673835126,0.000700804288499,0.000673156173434,0.000709162792191,0.00141740124673,0.000453334389022,0.000345389620634,0.000135325011797,0.0000786074087955,0.0000804921946838,0.000038668353227,0.0000792974969954,0.0000306723413814,0.0000145723333844,0.0000201802777156,0.0000088985907496,0.00000614417831457,0.00000470887562187,0.00000295999325317,0.00000256998691839,0.00000157736167239,0.00000113438545668,9.73769260781e-7,4.7275747761e-7,2.76389783949e-7,1.16467703037e-7,2.61948454039e-8],"min":[2.59350765012e-14,3.75492924243e-14,2.30736958674e-14,2.08147843579e-14,3.99252130651e-14,2.24073807875e-14,9.37881042496e-15,2.95826765048e-15,2.13511722069e-15,2.32108457481e-15,8.59698736794e-16,6.13615336826e-16,4.65970569625e-15,4.90561460743e-15,7.4365400541e-16,9.68965457594e-16,4.29263698053e-16,1.35439258012e-16,1.46735403217e-15,2.54922231124e-15,7.91629475086e-16,5.75152481251e-15,5.77369589991e-15,4.94888655609e-15,6.7464738528e-15,8.27658085025e-15,2.65985828198e-14],"var":[1.53087195698e-10,0.0000103583861346,0.00000588783586863,0.0000146912498167,0.000033686086681,0.0000374956143787,0.0000625574175501,0.0000415435388277,0.0000297004899039,0.0000651341397315,0.000151355881826,0.00000622637662673,7.09136429577e-7,0.00000327198290506,6.69674022902e-7,1.21470435488e-7,2.4496914719e-8,8.19750578529e-9,3.45098793986e-9,9.84778569801e-9,2.73590909927e-8,3.24462057222e-8,4.48303936196e-8,3.16317070315e-8,8.02336685979e-9,9.01698882227e-10,2.9421678982e-10]},"barkbands_crest":{"dmean":2.36924695969,"dmean2":3.85375499725,"dvar":5.33035373688,"dvar2":13.7452630997,"max":26.7411327362,"mean":12.214931488,"median":11.131644249,"min":3.37625741959,"var":22.8778648376},"barkbands_flatness_db":{"dmean":0.0233942586929,"dmean2":0.0350356735289,"dvar":0.000571200915147,"dvar2":0.00119233212899,"max":0.465182304382,"mean":0.234150797129,"median":0.232325538993,"min":0.0378255806863,"var":0.00551504688337},"barkbands_kurtosis":{"dmean":4.15580463409,"dmean2":6.53019571304,"dvar":52.3198547363,"dvar2":131.150421143,"max":204.6171875,"mean":9.19480419159,"median":5.03974056244,"min":-1.91503453255,"var":199.610794067},"barkbands_skewness":{"dmean":0.53376096487,"dmean2":0.825376927853,"dvar":0.354227691889,"dvar2":0.81299072504,"max":10.6281280518,"mean":1.87844920158,"median":1.73191702366,"min":-5.30405378342,"var":1.97971403599},"barkbands_spread":{"dmean":2.66086363792,"dmean2":3.99895524979,"dvar":21.0443992615,"dvar2":41.6006126404,"max":121.233375549,"mean":11.1082143784,"median":6.62230539322,"min":0.305122822523,"var":264.641265869},"dissonance":{"dmean":0.0337215550244,"dmean2":0.0559120960534,"dvar":0.00116453587543,"dvar2":0.00307891634293,"max":0.499801456928,"mean":0.408589243889,"median":0.422067821026,"min":0,"var":0.00411529000849},"dynamic_complexity":6.38075447083,"erbbands":{"dmean":[0.0101136257872,0.266033738852,0.889687776566,2.83405089378,5.11797904968,3.9963247776,2.95542287827,5.37333583832,13.3895130157,14.2727565765,13.3820486069,10.0452070236,24.770652771,26.0816822052,14.7310352325,11.0264234543,6.25653600693,9.46314525604,6.27164316177,3.23329329491,1.78310859203,1.29024958611,0.835147082806,0.588905453682,0.630599200726,0.664602816105,1.07229745388,0.399938493967,0.501667559147,0.517676353455,0.836124539375,0.415445238352,0.193296536803,0.111682280898,0.074472643435,0.0273433420807,0.00559589173645,0.00256947078742,0.000205330608878,0.0000229833931371],"dmean2":[0.0156288016587,0.428205251694,1.42600440979,4.49588298798,8.05215167999,6.43289422989,4.37726783752,8.17851257324,20.1855716705,21.1419639587,20.4986171722,14.0376911163,34.4875488281,36.3325233459,20.4692192078,17.8904571533,10.178314209,16.1189746857,9.76448726654,4.94229269028,2.73975396156,1.95928740501,1.24479067326,0.870300412178,0.942321181297,0.994521260262,1.76140427589,0.58590233326,0.681097328663,0.720681369305,1.20263469219,0.581629216671,0.262813270092,0.160262435675,0.109486036003,0.0408728383482,0.0081344190985,0.00389885320328,0.000310770526994,0.0000341862469213],"dvar":[0.000508558470756,0.337240159512,3.01543664932,36.1676139832,144.89100647,55.2618598938,30.8404979706,160.705734253,3029.30004883,5834.49365234,11380.6123047,1706.49035645,24925.0117188,86900.984375,23785.3574219,17982.2519531,1423.4029541,11317.9853516,7843.08203125,941.575073242,100.514465332,76.1615753174,22.5842781067,3.64549708366,8.48823451996,11.3851451874,77.7323760986,4.7337641716,12.7828359604,13.7780342102,24.8886241913,6.23268842697,1.55126392841,0.537846267223,0.331326246262,0.0383661277592,0.00114533118904,0.00044963817345,0.0000016551769022,1.90153048862e-8],"dvar2":[0.0011770267738,0.897361457348,8.12599658966,94.0752334595,319.429901123,141.6222229,66.2961578369,385.79196167,6399.85791016,11866.0820313,29290.1992188,3343.35961914,45826.5039063,143505.671875,33320.09375,50893.171875,3855.02075195,32951.796875,20152.9003906,2132.88037109,255.774429321,202.142547607,54.236125946,7.69208288193,17.5831985474,25.8186511993,204.233917236,9.45123672485,20.3914356232,25.4950084686,50.1606483459,10.4033260345,2.59772396088,1.09915482998,0.81816059351,0.0951219648123,0.00228690658696,0.00101149710827,0.00000344136242347,4.75644554854e-8],"max":[0.437012970448,12.5513057709,39.8787879944,179.161209106,490.090942383,125.335655212,174.132949829,651.425170898,3444.55981445,2376.42431641,4612.5234375,2260.92944336,6980.25,13419.0488281,7436.95556641,6020.12158203,958.223876953,3654.46850586,5385.06542969,1568.94750977,422.601501465,404.826171875,205.294158936,35.1941452026,128.18637085,171.370513916,406.855529785,86.0175628662,172.423461914,190.509277344,148.177307129,121.706588745,69.5684967041,30.4375343323,24.9099254608,9.08679199219,1.65660762787,1.00756418705,0.0510000623763,0.00589562300593],"mean":[0.0272125340998,0.561244308949,1.84122204781,5.15274572372,10.2488031387,8.80104732513,7.63973665237,19.6065788269,37.2720985413,31.271074295,22.9746112823,30.5086040497,41.9894866943,39.9456672668,29.3920173645,18.0354576111,8.60242843628,10.137752533,7.87279987335,4.80133724213,2.80171060562,1.97868478298,1.42433059216,1.1415412426,1.02006709576,0.99731439352,1.37462329865,0.626589179039,0.805514514446,0.848082721233,1.1924393177,0.680829465389,0.327720195055,0.177900999784,0.107120260596,0.0388506539166,0.00806536246091,0.00301068159752,0.000275610655081,0.0000430437467003],"median":[0.00935795810074,0.20838457346,0.79571378231,2.05752062798,3.44715547562,4.43763637543,3.18726682663,4.19552946091,5.89091968536,4.61667060852,4.00538778305,2.55121827126,3.70849108696,2.26552248001,3.14432263374,3.94229674339,2.24723911285,1.20719087124,1.14737439156,0.900937199593,0.538865983486,0.369899213314,0.32123824954,0.207038938999,0.146512269974,0.122706763446,0.10803168267,0.0445116721094,0.0418877750635,0.0265307687223,0.0286206379533,0.0142336692661,0.0060482849367,0.00298871286213,0.00195010716561,0.000721955962945,0.000176354544237,0.0000374554110749,0.000013419284187,0.0000158812599693],"min":[1.39207428137e-12,7.52529115411e-12,2.40559985126e-11,5.35376326605e-11,9.49374814874e-11,1.40004133287e-10,1.74147682386e-10,1.81299128488e-10,1.53359949739e-10,1.01233091354e-10,5.60782635606e-11,4.79219962324e-11,6.81121339885e-11,6.42583833366e-11,2.11207405731e-11,4.18980614092e-11,1.96149665954e-10,2.7369839728e-10,1.17815354694e-10,2.79377215806e-11,5.41990896608e-11,2.35396060283e-11,9.62415477174e-12,2.56093236894e-11,1.31081395738e-10,1.18703241681e-10,2.9710282845e-11,5.0654060807e-11,2.05843550538e-10,1.57085219832e-10,2.1462467914e-10,1.88819557212e-10,2.36799312797e-11,5.29217503153e-11,6.00094002268e-11,1.77649821936e-11,1.58612983858e-11,1.08386060543e-11,4.27363353039e-12,3.64317327391e-13],"var":[0.00206832797267,0.772093296051,6.88027620316,73.9864578247,603.847045898,154.57850647,131.586502075,4024.5012207,13870.8964844,13595.1923828,11000.6494141,23915.4414063,51806.2578125,168392.15625,56394.015625,13181.2773438,1182.03491211,7260.21875,6325.91992188,1128.87890625,105.566673279,68.2710418701,29.6630153656,8.72967147827,16.0407562256,17.6131820679,101.956596375,11.297287941,37.2928619385,45.8582572937,46.3964500427,22.1774864197,5.16572666168,1.14825296402,0.437695086002,0.051033012569,0.0024209774565,0.000573970726691,0.00000311078792947,2.54426701929e-8]},"erbbands_crest":{"dmean":2.54524922371,"dmean2":4.02282762527,"dvar":7.26152324677,"dvar2":16.7935523987,"max":34.089630127,"mean":12.3592271805,"median":10.9274568558,"min":2.4468691349,"var":37.9950141907},"erbbands_flatness_db":{"dmean":0.0198724474758,"dmean2":0.0286226458848,"dvar":0.000487636134494,"dvar2":0.00093042885419,"max":0.512414038181,"mean":0.222660049796,"median":0.218000814319,"min":0.0331479087472,"var":0.00619598897174},"erbbands_kurtosis":{"dmean":1.73587584496,"dmean2":2.64763617516,"dvar":18.3271064758,"dvar2":35.0355186462,"max":215.350189209,"mean":2.93403553963,"median":0.879895448685,"min":-1.88720190525,"var":93.1360931396},"erbbands_skewness":{"dmean":0.387819200754,"dmean2":0.589131712914,"dvar":0.197179034352,"dvar2":0.439225703478,"max":10.6529970169,"mean":0.895765423775,"median":0.788068175316,"min":-3.72221207619,"var":1.15618658066},"erbbands_spread":{"dmean":5.3449754715,"dmean2":8.06682491302,"dvar":63.6202659607,"dvar2":127.798980713,"max":170.182220459,"mean":24.4635066986,"median":20.7847194672,"min":0.411906152964,"var":300.834838867},"gfcc":{"cov":[[20263.90625,2602.13647461,-1057.57128906,124.337844849,-1180.14050293,274.572265625,-541.691772461,-118.239326477,-265.080566406,-240.420150757,-238.078659058,-291.587799072,-225.512939453],[2602.13647461,3221.7824707,-291.788513184,-453.424285889,321.194641113,-374.657745361,144.099273682,-293.464599609,102.78969574,-203.539581299,156.533599854,-138.536605835,84.1465682983],[-1057.57128906,-291.788513184,772.887207031,266.143157959,32.8373069763,89.2346038818,-22.2417869568,31.4851760864,-58.4985046387,47.8284225464,22.7621650696,47.9126739502,-1.19146168232],[124.337844849,-453.424285889,266.143157959,621.869689941,-1.18250191212,104.916229248,-85.1406784058,5.40318059921,-83.8265380859,21.4737014771,-65.2818984985,-5.73331832886,-27.9018173218],[-1180.14050293,321.194641113,32.8373069763,-1.18250191212,432.027252197,-61.1055984497,100.504867554,-18.3830242157,54.1256027222,-3.85864448547,14.5830936432,7.013007164,47.184513092],[274.572265625,-374.657745361,89.2346038818,104.916229248,-61.1055984497,230.612258911,4.82709980011,66.9128875732,-15.6539916992,27.2283039093,-43.0669517517,4.32253456116,-14.0248031616],[-541.691772461,144.099273682,-22.2417869568,-85.1406784058,100.504867554,4.82709980011,222.270980835,36.3225021362,53.8495407104,2.09164595604,8.45287799835,1.71818602085,27.5299129486],[-118.239326477,-293.464599609,31.4851760864,5.40318059921,-18.3830242157,66.9128875732,36.3225021362,164.141342163,43.0354881287,34.2577514648,-14.1642951965,3.52792191505,-5.36668729782],[-265.080566406,102.78969574,-58.4985046387,-83.8265380859,54.1256027222,-15.6539916992,53.8495407104,43.0354881287,149.132980347,43.8719329834,23.6111793518,-2.71150255203,16.3615245819],[-240.420150757,-203.539581299,47.8284225464,21.4737014771,-3.85864448547,27.2283039093,2.09164595604,34.2577514648,43.8719329834,151.819030762,40.8522377014,24.2885818481,1.2044904232],[-238.078659058,156.533599854,22.7621650696,-65.2818984985,14.5830936432,-43.0669517517,8.45287799835,-14.1642951965,23.6111793518,40.8522377014,141.234008789,56.3273925781,6.9343752861],[-291.587799072,-138.536605835,47.9126739502,-5.73331832886,7.013007164,4.32253456116,1.71818602085,3.52792191505,-2.71150255203,24.2885818481,56.3273925781,122.24168396,32.6555900574],[-225.512939453,84.1465682983,-1.19146168232,-27.9018173218,47.184513092,-14.0248031616,27.5299129486,-5.36668729782,16.3615245819,1.2044904232,6.9343752861,32.6555900574,117.201499939]],"icov":[[0.00012696221529,-0.000261695822701,0.000191531638848,-0.000132296176162,0.000357857265044,-0.000304995686747,0.000256524130236,-0.000276633130852,0.00020852565649,-0.000184542092029,0.000346512853866,-0.000244008886511,0.000169415041455],[-0.000261695822701,0.00120387470815,-0.000405082595535,0.00046817981638,-0.000974002003204,0.000941385573242,-0.00075508991722,0.00146079342812,-0.000850808224641,0.00120390299708,-0.00174597848672,0.00166272418573,-0.000765084871091],[0.000191531638848,-0.000405082595535,0.00196454720572,-0.000830473029055,0.000303532346152,-0.000825006107334,0.000368311651982,-0.000758708396461,0.000953648937866,-0.000576555728912,-0.0000398831580242,-0.000683368009049,0.000205013522645],[-0.000132296176162,0.00046817981638,-0.000830473029055,0.00252569071017,-0.000816009473056,-0.00021997334261,0.000395018752897,0.000650949426927,0.000472192186862,-0.000132636036142,0.00035282142926,0.000563795503695,-0.00000115611464935],[0.000357857265044,-0.000974002003204,0.000303532346152,-0.000816009473056,0.00406444771215,-0.000175890469109,-0.000489128928166,-0.000547261093743,-0.000255520542851,-0.000581976026297,0.00142519967631,-0.0011323193321,-0.0000980182012427],[-0.000304995686747,0.000941385573242,-0.000825006107334,-0.00021997334261,-0.000175890469109,0.00696918880567,-0.00142767501529,-0.000818810600322,-0.00011148746853,-0.000146629565279,0.000582096283324,0.000275636120932,-0.000215031323023],[0.000256524130236,-0.00075508991722,0.000368311651982,0.000395018752897,-0.000489128928166,-0.00142767501529,0.00649249413982,-0.00192278949544,-0.000479177513625,-0.000170455576153,0.000810622936115,-0.000606719288044,-0.000263776950305],[-0.000276633130852,0.00146079342812,-0.000758708396461,0.000650949426927,-0.000547261093743,-0.000818810600322,-0.00192278949544,0.0100062564015,-0.00349356071092,0.000590590701904,-0.000867633963935,0.00139592972118,-0.000257615552982],[0.00020852565649,-0.000850808224641,0.000953648937866,0.000472192186862,-0.000255520542851,-0.00011148746853,-0.000479177513625,-0.00349356071092,0.0106134656817,-0.00352518307045,0.000193401952856,0.000247839809163,-0.000349619484041],[-0.000184542092029,0.00120390299708,-0.000576555728912,-0.000132636036142,-0.000581976026297,-0.000146629565279,-0.000170455576153,0.000590590701904,-0.00352518307045,0.00996623840183,-0.0042959745042,0.00127156777307,-0.000683468126226],[0.000346512853866,-0.00174597848672,-0.0000398831580242,0.00035282142926,0.00142519967631,0.000582096283324,0.000810622936115,-0.000867633963935,0.000193401952856,-0.0042959745042,0.0136712696403,-0.00732310581952,0.00251831696369],[-0.000244008886511,0.00166272418573,-0.000683368009049,0.000563795503695,-0.0011323193321,0.000275636120932,-0.000606719288044,0.00139592972118,0.000247839809163,0.00127156777307,-0.00732310581952,0.0140988109633,-0.00438343640417],[0.000169415041455,-0.000765084871091,0.000205013522645,-0.00000115611464935,-0.0000980182012427,-0.000215031323023,-0.000263776950305,-0.000257615552982,-0.000349619484041,-0.000683468126226,0.00251831696369,-0.00438343640417,0.0106014786288]],"mean":[-129.922210693,144.655151367,-94.3666610718,9.05454921722,-50.5177383423,5.96878480911,-31.5986919403,-5.19930791855,-20.5401229858,-5.00988340378,-10.6380901337,-6.37244319916,-10.7682065964]},"hfc":{"dmean":3.17383885384,"dmean2":4.05580329895,"dvar":141.020401001,"dvar2":209.558746338,"max":400.511932373,"mean":9.41360569,"median":4.42807340622,"min":9.69286872987e-10,"var":425.626190186},"melbands":{"dmean":[0.000179034497705,0.000429914798588,0.000512884813361,0.000357350072591,0.000107537634904,0.000124690050143,0.000201773480512,0.000163902965141,0.0000980575714493,0.0000675308692735,0.000127168867039,0.000105363687908,0.0000693039546604,0.0000288988103421,0.0000208802030102,0.0000142569506352,0.0000187084406207,0.0000111604767881,0.00000656388510833,0.00000357403791895,0.0000018846480998,0.00000135257062084,0.00000121543610021,5.96479878823e-7,4.92553169806e-7,4.23323228915e-7,5.48740956674e-7,4.30850377597e-7,6.82142967889e-7,4.63703685227e-7,2.0103969689e-7,2.87287036826e-7,3.44080746117e-7,2.64637350256e-7,4.79258176256e-7,4.23619894718e-7,2.12952784295e-7,1.50675404598e-7,1.09979154672e-7,9.61319841508e-8],"dmean2":[0.000283344415948,0.000690192042384,0.000809927936643,0.000572015997022,0.000162172800628,0.000188339414308,0.000304202229017,0.000240388559178,0.000152212654939,0.000095513452834,0.000179242953891,0.000147716826177,0.0000933102419367,0.0000465193552373,0.000034432123357,0.0000241298512265,0.0000320816980093,0.00001774194061,0.0000104879600258,0.0000055793334468,0.00000294566143566,0.00000207054040402,0.00000188608646567,8.70965038757e-7,7.41159396966e-7,6.41569101845e-7,8.29996963603e-7,6.53200117995e-7,0.00000111577628559,7.48216109514e-7,2.9164138482e-7,3.94432476014e-7,5.16522902672e-7,3.74679927972e-7,7.04026945186e-7,6.09908852311e-7,3.03518817191e-7,2.11922369431e-7,1.52975687229e-7,1.4111607527e-7],"dvar":[1.57722240601e-7,7.05562570147e-7,0.00000110855989988,5.7141534171e-7,3.87923151379e-8,8.45717949005e-8,7.02551858467e-7,9.39074936923e-7,5.54558710064e-7,8.27557116168e-8,6.70722045015e-7,0.0000013217356809,7.66734899571e-7,7.98912225264e-8,3.7600177194e-8,1.58830104624e-8,4.77140673638e-8,3.359430778e-8,3.98961708115e-9,1.50234491514e-9,8.35598812365e-11,9.00250568536e-11,6.20775861271e-11,8.60643500911e-12,2.67821919156e-12,3.38816323088e-12,1.13017668141e-11,4.33268828801e-12,2.39507996769e-11,1.33321097218e-11,1.38833573544e-12,3.94877793658e-12,8.49321741409e-12,4.00258515568e-12,9.03412761266e-12,5.71819891784e-12,1.98908272665e-12,1.01064523503e-12,6.70844998475e-13,3.75904683899e-13],"dvar2":[4.01262667538e-7,0.00000189050876997,0.00000279250662061,0.00000138916118431,8.65561275987e-8,1.99879195861e-7,0.00000131931767555,0.00000208561755244,0.00000142296403283,1.61231497486e-7,0.00000124410826174,0.00000224781661018,0.00000112130248908,2.24744667321e-7,1.06141754941e-7,4.51197372797e-8,1.39414510159e-7,9.01313512713e-8,1.00914228085e-8,4.08872846691e-9,2.0505755427e-10,2.3584945108e-10,1.66688704506e-10,1.48279201417e-11,5.8974301137e-12,7.43430664252e-12,2.58055486702e-11,9.85983343582e-12,6.11194220235e-11,3.60549853862e-11,2.75484257801e-12,6.50557299003e-12,1.97050171319e-11,7.59460810212e-12,1.91048739329e-11,1.02993264958e-11,3.50190666396e-12,1.85504151103e-12,1.30947206203e-12,8.17311225209e-13],"max":[0.00823323149234,0.0180467609316,0.0283683128655,0.0251512546092,0.00517354719341,0.013540327549,0.0517992340028,0.0395535454154,0.0310820415616,0.0144705008715,0.0351570211351,0.0525272339582,0.0416918843985,0.0124528585002,0.00827670749277,0.00534402253106,0.00835137721151,0.0109281986952,0.00281747779809,0.00214023585431,0.000237420958001,0.000430519401561,0.000359187077265,0.00018040278519,0.0000311535040964,0.000057920209656,0.000187684301636,0.0000938429002417,0.000220522488235,0.000153781744302,0.0000517720109201,0.0000931321337703,0.000151244850713,0.0000917005090741,0.0000899259830476,0.0000956307849265,0.0000750842227717,0.0000551519733563,0.0000378853073926,0.0000230916339206],"mean":[0.000416941387812,0.000918604142498,0.00100763782393,0.000749997387175,0.000272204750217,0.00044481511577,0.000552271434572,0.000340835889801,0.000163573393365,0.000199356451049,0.000204072857741,0.00015623109357,0.000117409217637,0.0000555369078938,0.0000292975510092,0.0000165156470757,0.0000192399184016,0.0000129621630549,0.00000879183608049,0.00000514799194207,0.00000277535150417,0.00000199056125894,0.00000178205925749,0.00000103713352928,9.12308564693e-7,6.82113636685e-7,7.61657474868e-7,6.26457506314e-7,8.55382609188e-7,6.10589040662e-7,3.0382423688e-7,4.41831303988e-7,4.92689196108e-7,4.32891965829e-7,6.69249573093e-7,6.12488975094e-7,3.56049866923e-7,2.4004677357e-7,1.69420331986e-7,1.46490350517e-7],"median":[0.000139340452733,0.000441388780018,0.000407670915592,0.000325064174831,0.000128511499497,0.0000911721435841,0.0000861853259266,0.0000388769985875,0.0000247650641541,0.0000124464977489,0.000016692927602,0.0000063760780904,0.00000741567373552,0.000010107091839,0.00000649708999845,0.00000276839887192,0.00000165159917742,0.00000150276912336,0.00000136855351229,7.42278189136e-7,4.83711687593e-7,3.13333998747e-7,3.14599873263e-7,2.07389547313e-7,1.35922206823e-7,8.61162874344e-8,8.21737700107e-8,6.82483900505e-8,7.25983326788e-8,3.35689449571e-8,1.71172942487e-8,2.41383002475e-8,1.49821026696e-8,1.23661125784e-8,1.54473287495e-8,1.32133646247e-8,5.83238835006e-9,3.89247034605e-9,2.71579581046e-9,2.14266604459e-9],"min":[1.2668374684e-14,1.18861270517e-14,1.04465691468e-14,8.54511824662e-15,6.26384930253e-15,4.10138604665e-15,2.24569504262e-15,9.91165344109e-16,4.11600493535e-16,3.02903958257e-16,3.43644046028e-16,2.72447697498e-16,9.31053255492e-17,3.79444621463e-17,2.48539927864e-16,5.21267834449e-16,5.10450694317e-16,2.26059885202e-16,3.38107494578e-17,5.17148653669e-17,6.41954359323e-17,2.58963680749e-17,1.32069840357e-17,4.40863981357e-18,1.77112868735e-17,6.81541767602e-17,1.31904126302e-16,6.28372583061e-17,1.29291564018e-17,1.87587523006e-17,3.04039366218e-17,1.06274894551e-16,1.3440962329e-16,6.36091369316e-17,1.26415842495e-16,1.16267064297e-16,1.09193551712e-16,9.84946785552e-18,1.10544185451e-17,5.50764777455e-17],"var":[4.66992730708e-7,0.00000155749853548,0.00000289468835035,0.00000202118053494,1.58551415552e-7,0.0000019376484488,0.00000296347070616,0.00000182510825653,5.3169713965e-7,0.00000103501190551,0.00000135778816457,0.00000255013537753,0.00000161878210747,7.46771675608e-8,2.67533462051e-8,1.11989448826e-8,2.97502076307e-8,2.46729161546e-8,3.67670605073e-9,1.2221295087e-9,9.95500071266e-11,8.54442627762e-11,5.43804966335e-11,1.72219495609e-11,6.0890875675e-12,6.73678647589e-12,1.58177464182e-11,6.79442353074e-12,3.17328247013e-11,1.77605638529e-11,3.37558041415e-12,1.06635030667e-11,1.8342639907e-11,1.28310244374e-11,1.47263399392e-11,1.37332280964e-11,7.49090720009e-12,2.85663224846e-12,1.58471055289e-12,7.0173435205e-13]},"melbands_crest":{"dmean":2.87156653404,"dmean2":4.71099424362,"dvar":7.86578035355,"dvar2":20.9677562714,"max":36.2785072327,"mean":16.1354846954,"median":15.0279722214,"min":4.87456130981,"var":35.5841941833},"melbands_flatness_db":{"dmean":0.0264047067612,"dmean2":0.0391473546624,"dvar":0.000751487968955,"dvar2":0.00152589462232,"max":0.552603065968,"mean":0.322980225086,"median":0.324916511774,"min":0.0677796527743,"var":0.00840938743204},"melbands_kurtosis":{"dmean":6.70839643478,"dmean2":10.5536279678,"dvar":164.061782837,"dvar2":390.217376709,"max":325.505462646,"mean":15.939248085,"median":8.80339431763,"min":-1.84083974361,"var":607.395996094},"melbands_skewness":{"dmean":0.631680309772,"dmean2":0.966585338116,"dvar":0.497668355703,"dvar2":1.1193934679,"max":14.9220371246,"mean":2.45297980309,"median":2.29642868042,"min":-5.24520015717,"var":2.99647760391},"melbands_spread":{"dmean":2.99076104164,"dmean2":4.60069894791,"dvar":28.3309707642,"dvar2":58.6080703735,"max":176.868484497,"mean":11.3677349091,"median":7.59397506714,"min":0.605645954609,"var":209.328887939},"mfcc":{"cov":[[10930.8525391,812.643310547,-171.279586792,-70.382232666,-376.195648193,55.3332214355,-236.580581665,71.8523712158,-142.931869507,164.81602478,-62.8169174194,-36.7876358032,-169.721969604],[812.643310547,2922.41943359,-251.07649231,-30.0858135223,77.533996582,-56.5286827087,22.6232357025,-51.7047920227,-31.7349720001,-72.5454483032,2.00964713097,-5.6235408783,85.7370300293],[-171.279586792,-251.07649231,725.184326172,140.801101685,62.1117477417,66.8005371094,58.3904418945,9.72135353088,-37.2677726746,-28.2949008942,-10.2609729767,49.8503303528,15.0432024002],[-70.382232666,-30.0858135223,140.801101685,371.449127197,104.831108093,77.4643936157,47.4637527466,-7.69227600098,-2.51233386993,-12.7654151917,-32.6472396851,12.9970970154,0.930035829544],[-376.195648193,77.533996582,62.1117477417,104.831108093,245.940429688,38.8829345703,27.3087711334,1.62823367119,14.2162818909,2.22906422615,-21.9251308441,3.35740041733,17.5635929108],[55.3332214355,-56.5286827087,66.8005371094,77.4643936157,38.8829345703,169.194610596,38.7189865112,4.26497745514,28.1300868988,6.78438234329,-6.12625646591,6.66275024414,-2.58808708191],[-236.580581665,22.6232357025,58.3904418945,47.4637527466,27.3087711334,38.7189865112,137.481826782,30.0552501678,22.7067680359,-3.58045601845,-0.533352196217,4.79673194885,-0.490288466215],[71.8523712158,-51.7047920227,9.72135353088,-7.69227600098,1.62823367119,4.26497745514,30.0552501678,137.087097168,36.3284492493,4.07426977158,8.05925750732,-1.68412411213,-19.1515922546],[-142.931869507,-31.7349720001,-37.2677726746,-2.51233386993,14.2162818909,28.1300868988,22.7067680359,36.3284492493,159.340835571,63.6579322815,12.5157699585,-10.6106519699,-20.2806015015],[164.81602478,-72.5454483032,-28.2949008942,-12.7654151917,2.22906422615,6.78438234329,-3.58045601845,4.07426977158,63.6579322815,153.944335938,30.7944030762,-9.8106584549,-20.3017692566],[-62.8169174194,2.00964713097,-10.2609729767,-32.6472396851,-21.9251308441,-6.12625646591,-0.533352196217,8.05925750732,12.5157699585,30.7944030762,131.814208984,38.3046760559,0.507864832878],[-36.7876358032,-5.6235408783,49.8503303528,12.9970970154,3.35740041733,6.66275024414,4.79673194885,-1.68412411213,-10.6106519699,-9.8106584549,38.3046760559,132.134841919,49.6902770996],[-169.721969604,85.7370300293,15.0432024002,0.930035829544,17.5635929108,-2.58808708191,-0.490288466215,-19.1515922546,-20.2806015015,-20.3017692566,0.507864832878,49.6902770996,142.312255859]],"icov":[[0.000118391071737,-0.0000544856557099,0.00000130048044866,-0.0000333273710567,0.000205959266168,-0.000151535336045,0.000225127470912,-0.000169159378856,0.000209032616112,-0.000242542111664,0.000144651610753,-0.0000716591239325,0.000143628829392],[-0.0000544856557099,0.000400982797146,0.0001458349725,0.0000316936966556,-0.000254751823377,0.000181622352102,-0.00026289166999,0.000213994717342,-0.00008954104851,0.00030048127519,-0.000154881214257,0.000114467220556,-0.000268851232249],[0.00000130048044866,0.0001458349725,0.00166270253249,-0.000401109078666,-0.000203564894036,-0.000326976238284,-0.000495922577102,-0.000111302309961,0.000509108765982,0.0000932956245379,0.0000644045430818,-0.000517388572916,0.00000933042701945],[-0.0000333273710567,0.0000316936966556,-0.000401109078666,0.00356387067586,-0.00121655606199,-0.00101204658858,-0.000689725624397,0.000417001574533,0.000138158400659,0.000144797741086,0.000616622332018,-0.000369428802514,0.00031288297032],[0.000205959266168,-0.000254751823377,-0.000203564894036,-0.00121655606199,0.00523695396259,-0.000679105462041,0.000131217806484,-0.000399297452532,-0.0000383726874134,-0.000712497916538,0.000825275143143,-0.0000149419183799,-0.00038822251372],[-0.000151535336045,0.000181622352102,-0.000326976238284,-0.00101204658858,-0.000679105462041,0.00736077129841,-0.00161659170408,0.000626874796581,-0.00149591360241,0.00034805611358,-0.0000618352278252,-0.000151480693603,-0.0000629114874755],[0.000225127470912,-0.00026289166999,-0.000495922577102,-0.000689725624397,0.000131217806484,-0.00161659170408,0.00911900866777,-0.00200817734003,-0.000557886902243,0.0000518433116667,0.0000761775081628,-0.0000953292692429,0.000160277530085],[-0.000169159378856,0.000213994717342,-0.000111302309961,0.000417001574533,-0.000399297452532,0.000626874796581,-0.00200817734003,0.00860896985978,-0.0021885142196,0.00111931806896,-0.000592528434936,-0.0000865970214363,0.000770835147705],[0.000209032616112,-0.00008954104851,0.000509108765982,0.000138158400659,-0.0000383726874134,-0.00149591360241,-0.000557886902243,-0.0021885142196,0.00896509084851,-0.00371276168153,0.000230548146646,0.0000465229895781,0.000660488614812],[-0.000242542111664,0.00030048127519,0.0000932956245379,0.000144797741086,-0.000712497916538,0.00034805611358,0.0000518433116667,0.00111931806896,-0.00371276168153,0.00895804632455,-0.00223189452663,0.000836766965222,0.000228604418226],[0.000144651610753,-0.000154881214257,0.0000644045430818,0.000616622332018,0.000825275143143,-0.0000618352278252,0.0000761775081628,-0.000592528434936,0.000230548146646,-0.00223189452663,0.0094429301098,-0.00330528127961,0.000907376466785],[-0.0000716591239325,0.000114467220556,-0.000517388572916,-0.000369428802514,-0.0000149419183799,-0.000151480693603,-0.0000953292692429,-0.0000865970214363,0.0000465229895781,0.000836766965222,-0.00330528127961,0.0101399468258,-0.00351291638799],[0.000143628829392,-0.000268851232249,0.00000933042701945,0.00031288297032,-0.00038822251372,-0.0000629114874755,0.000160277530085,0.000770835147705,0.000660488614812,0.000228604418226,0.000907376466785,-0.00351291638799,0.00885817129165]],"mean":[-775.93762207,178.901596069,15.5535230637,13.1100578308,3.8920135498,6.88680124283,-0.576655030251,-0.283462703228,-6.44618177414,0.0372062958777,-5.95517396927,0.78980833292,0.243836820126]},"pitch_salience":{"dmean":0.0625887587667,"dmean2":0.101984679699,"dvar":0.00361320376396,"dvar2":0.00912784226239,"max":0.885122835636,"mean":0.488785207272,"median":0.499369740486,"min":0.068334557116,"var":0.0164114311337},"silence_rate_20dB":{"dmean":0.000688705244102,"dmean2":0.00137764762621,"dvar":0.000688232772518,"dvar2":0.00137575692497,"max":1,"mean":0.999311387539,"median":1,"min":0,"var":0.000688114494551},"silence_rate_30dB":{"dmean":0.00585399428383,"dmean2":0.011710004881,"dvar":0.00581978261471,"dvar2":0.0122618889436,"max":1,"mean":0.990876197815,"median":1,"min":0,"var":0.00904103927314},"silence_rate_60dB":{"dmean":0.0334022045135,"dmean2":0.0668159127235,"dvar":0.0322849601507,"dvar2":0.0709597617388,"max":1,"mean":0.178343951702,"median":0,"min":0,"var":0.146530523896},"spectral_centroid":{"dmean":103.869995117,"dmean2":156.966629028,"dvar":41126.7265625,"dvar2":71126.484375,"max":11151.2919922,"mean":661.860229492,"median":489.110687256,"min":166.308029175,"var":404830.75},"spectral_complexity":{"dmean":1.5,"dmean2":2.30067157745,"dvar":3.30303025246,"dvar2":6.12988853455,"max":43,"mean":8.5152349472,"median":8,"min":0,"var":24.4073295593},"spectral_contrast_coeffs":{"dmean":[0.045572001487,0.0421858429909,0.0366868264973,0.0292203817517,0.0211050063372,0.0175969712436],"dmean2":[0.0757144019008,0.0671370327473,0.0576667711139,0.0456277802587,0.0321669355035,0.0268981866539],"dvar":[0.0014050481841,0.0014304802753,0.00119310454465,0.000755441666115,0.000390022789361,0.00031230240711],"dvar2":[0.00389004359022,0.00326209235936,0.00260080187581,0.00175740756094,0.000813417951576,0.000658779463265],"max":[-0.294588178396,-0.3121329844,-0.287869751453,-0.523948848248,-0.582698523998,-0.616850376129],"mean":[-0.625955939293,-0.677109539509,-0.73012304306,-0.760570943356,-0.795453250408,-0.791785299778],"median":[-0.626091480255,-0.68288487196,-0.741821229458,-0.761572599411,-0.796602845192,-0.795414865017],"min":[-0.989649951458,-0.995409965515,-0.976075530052,-0.956793308258,-0.962627887726,-0.958918213844],"var":[0.00828102789819,0.0114392610267,0.0101456260309,0.0043704980053,0.0031285113655,0.00239284196869]},"spectral_contrast_valleys":{"dmean":[0.385188400745,0.340136349201,0.332130402327,0.315297067165,0.271541595459,0.334799468517],"dmean2":[0.620597958565,0.538031339645,0.517470598221,0.476213157177,0.398886471987,0.48992356658],"dvar":[0.12856644392,0.112828113139,0.118451885879,0.122058287263,0.118138149381,0.186275035143],"dvar2":[0.280112534761,0.22780045867,0.227835252881,0.229035064578,0.202740326524,0.350742667913],"max":[-5.68392896652,-5.07671070099,-4.72293138504,-5.22799110413,-6.11095666885,-7.57396888733],"mean":[-7.8534989357,-7.66705703735,-8.45516872406,-9.25772666931,-9.68203926086,-12.3178110123],"median":[-7.52992343903,-7.38836145401,-8.22465419769,-9.10781383514,-9.61455821991,-12.4699735641],"min":[-27.2028217316,-27.3862552643,-27.276260376,-27.2971954346,-27.1913509369,-27.26304245],"var":[2.83003115654,2.3656835556,2.10286474228,1.79357266426,1.34134328365,1.66459476948]},"spectral_decrease":{"dmean":1.43038414446e-9,"dmean2":2.03890349049e-9,"dvar":1.04066583705e-17,"dvar2":1.68247759044e-17,"max":-4.77048468633e-20,"mean":-4.86044227088e-9,"median":-3.07121506005e-9,"min":-1.02161408222e-7,"var":4.11632766813e-17},"spectral_energy":{"dmean":0.00564860226586,"dmean2":0.00800838880241,"dvar":0.000171461229911,"dvar2":0.000272650446277,"max":0.421907901764,"mean":0.0191982388496,"median":0.0120916347951,"min":2.67966015046e-13,"var":0.000668266729917},"spectral_energyband_high":{"dmean":0.0000816246174509,"dmean2":0.000109464694106,"dvar":1.61767559348e-7,"dvar2":2.74458727745e-7,"max":0.0172036606818,"mean":0.000144005258335,"median":0.00000838603591546,"min":5.73619995362e-14,"var":5.4992102605e-7},"spectral_energyband_low":{"dmean":0.00207961956039,"dmean2":0.00329294591211,"dvar":0.0000146669526657,"dvar2":0.0000375562703994,"max":0.0793896391988,"mean":0.00486068427563,"median":0.0025338192936,"min":8.42853957743e-14,"var":0.0000382736470783},"spectral_energyband_middle_high":{"dmean":0.00156799447723,"dmean2":0.00207123253495,"dvar":0.000111875087896,"dvar2":0.00016851129476,"max":0.409646779299,"mean":0.00302163697779,"median":0.000639058591332,"min":1.87994541131e-14,"var":0.00026938697556},"spectral_energyband_middle_low":{"dmean":0.00391579652205,"dmean2":0.00580891594291,"dvar":0.0000724482524674,"dvar2":0.000146858961671,"max":0.296027511358,"mean":0.0126941148192,"median":0.00740175088868,"min":9.83275554077e-14,"var":0.000284218753222},"spectral_entropy":{"dmean":0.213014170527,"dmean2":0.318192213774,"dvar":0.0517549701035,"dvar2":0.106289260089,"max":9.80328464508,"mean":6.48655176163,"median":6.45569849014,"min":4.23690366745,"var":0.586536228657},"spectral_flux":{"dmean":0.0172610227019,"dmean2":0.0267989933491,"dvar":0.000652247457765,"dvar2":0.00146683934145,"max":0.569563806057,"mean":0.0500096268952,"median":0.0394090972841,"min":0.0000340347760357,"var":0.00218456354924},"spectral_kurtosis":{"dmean":7.15508699417,"dmean2":11.9001970291,"dvar":98.8859329224,"dvar2":264.161621094,"max":154.869842529,"mean":20.2408084869,"median":13.269156456,"min":-1.1849501133,"var":473.192321777},"spectral_rms":{"dmean":0.000553542282432,"dmean2":0.000785634561908,"dvar":5.7533617337e-7,"dvar2":9.8144482763e-7,"max":0.0202883575112,"mean":0.00370000023395,"median":0.00343463476747,"min":1.61688049616e-8,"var":0.00000504000990986},"spectral_rolloff":{"dmean":203.448684692,"dmean2":343.898620605,"dvar":333725.40625,"dvar2":751818.875,"max":14793.3105469,"mean":876.744995117,"median":495.263671875,"min":21.533203125,"var":2850542},"spectral_skewness":{"dmean":0.536730825901,"dmean2":0.870313763618,"dvar":0.3702673316,"dvar2":0.987272500992,"max":10.3632583618,"mean":3.15356349945,"median":2.86329817772,"min":-0.0774109885097,"var":2.17608308792},"spectral_spread":{"dmean":508431.21875,"dmean2":763518.5,"dvar":571050360832,"dvar2":998320963584,"max":40021788,"mean":3241191.5,"median":2671505.5,"min":530484.4375,"var":4424398798850},"spectral_strongpeak":{"dmean":0.339639782906,"dmean2":0.538538217545,"dvar":0.575379550457,"dvar2":1.117806077,"max":24.1125125885,"mean":0.900460064411,"median":0.400335043669,"min":0,"var":2.01471590996},"zerocrossingrate":{"dmean":0.00555058429018,"dmean2":0.0065969680436,"dvar":0.0000935480347835,"dvar2":0.000122116936836,"max":0.498046875,"mean":0.0348660051823,"median":0.0234375,"min":0.00439453125,"var":0.00208900938742}},"metadata":{"audio_properties":{"analysis_sample_rate":44100,"bit_rate":0,"codec":"flac","downmix":"mix","equal_loudness":0,"length":134.839996338,"lossless":true,"md5_encoded":"4c597c4b688ac56d56be5721c8743b6b","replay_gain":-2.15991210938,"sample_rate":44100},"tags":{"album":["Meddle"],"albumartist":["Pink Floyd"],"albumartistsort":["Pink Floyd"],"artist":["Pink Floyd"],"artistsort":["Pink Floyd"],"asin":["B004ZN9Q3K"],"barcode":["5099902894225"],"catalognumber":["0289422"],"composer":["Roger Waters","David Gilmour","Richard Wright","Nick Mason"],"composersort":["Waters, Roger","Gilmour, David","Wright, Richard","Mason, Nick"],"date":["2011-09-26"],"discnumber":["1"],"disctotal":["1"],"file_name":"05 - Seamus.flac","genre":["Classic Rock"],"grouping":["Classic Rock"],"isrc":["GBN9Y1100064"],"label":["EMI"],"media":["CD"],"mood":["Crazy"],"musicbrainz_albumartistid":["83d91898-7763-47d7-b03b-b92132375c47"],"musicbrainz_albumid":["08323c03-f4fb-4f83-a02a-232a966c99d0"],"musicbrainz_artistid":["83d91898-7763-47d7-b03b-b92132375c47"],"musicbrainz_recordingid":["ba475aa4-9600-403e-aaf2-bd6149fc3e73"],"musicbrainz_releasegroupid":["4e98c9b4-92f6-3049-b9da-a1088b623672"],"musicbrainz_releasetrackid":["be8ffe25-2820-31f0-afe0-b8aa9d56197f"],"musicbrainz_workid":["1f8e4cd7-854f-3946-930d-26f5572865c9"],"originaldate":["1971-10-31"],"originalyear":["2011"],"releasecountry":["XE"],"releasestatus":["official"],"releasetype":["album"],"script":["Latn"],"title":["Seamus"],"totaldiscs":["1"],"totaltracks":["6"],"tracknumber":["5"],"tracktotal":["6"],"work":["Seamus"]},"version":{"essentia":"2.1-beta2","essentia_build_s