{"lowlevel":{"average_loudness":0.696047246456,"barkbands":{"dmean":[0.00243534566835,0.00826376210898,0.00331941572949,0.00147526711226,0.00248810672201,0.00109732407145,0.000714653928299,0.000879251398146,0.00125559966546,0.00109023903497,0.000452582142316,0.000311752170091,0.000165946985362,0.000196968903765,0.000109662898467,0.000136163158459,0.0000758199821576,0.0000660009536659,0.0000703958212398,0.0000551169905521,0.0000261630430032,0.0000159929477377,0.00000737827440389,0.0000035372218008,0.00000202783758141,0.00000778393405199,0.0000883538377821],"dmean2":[0.00410718936473,0.0136762149632,0.00576616125181,0.00250619254075,0.00409810617566,0.00177588919178,0.00115332007408,0.00140014861245,0.00191679038107,0.0016969969729,0.000713698042091,0.000494490843266,0.000272206787486,0.000325334462104,0.000180113085662,0.000222589194891,0.000123489124235,0.000106184437755,0.000111469045805,0.0000862208689796,0.000039777954953,0.0000234660419665,0.0000115248103612,0.00000566904373045,0.0000033997941955,0.0000123453619381,0.000128823201521],"dvar":[0.0000191473682207,0.000168637910974,0.000024856915843,0.00000642808026896,0.0000485718264827,0.0000042994524847,0.00000164397010849,0.00000560740090805,0.00000943187933444,0.000013855213183,0.00000241950851887,6.78118169617e-7,1.07603277399e-7,1.85740205438e-7,4.55894131335e-8,1.17242720421e-7,2.61314863081e-8,2.43743745187e-8,2.97895557111e-8,1.68631242303e-8,3.60002871957e-9,1.27489374613e-9,3.04609643065e-10,3.9270971891e-11,1.37187414206e-11,3.24154980635e-10,2.47816114296e-8],"dvar2":[0.0000524531278643,0.00043654430192,0.0000738329763408,0.0000174201923073,0.000120968128613,0.0000100779743661,0.00000390177456211,0.0000139479889185,0.0000193696796487,0.0000322879604937,0.00000510292011313,0.00000160191518717,2.77964687712e-7,4.90045067636e-7,1.19368678497e-7,3.00178299995e-7,6.91155719323e-8,6.0748668318e-8,6.8238122708e-8,3.97285404574e-8,7.99293697895e-9,2.70858113716e-9,7.10642877877e-10,9.00029217821e-11,3.46492730341e-11,7.88941079133e-10,5.04472907892e-8],"max":[0.0698091611266,0.230488136411,0.0781960189342,0.0616233348846,0.174017354846,0.0696834772825,0.0418652966619,0.0913642272353,0.102597787976,0.260004788637,0.0588096342981,0.0404589511454,0.00881292205304,0.0124512091279,0.00588508090004,0.0127395316958,0.00440694205463,0.00637118006125,0.00993113685399,0.00551813887432,0.00202402053401,0.000897960504517,0.000392471934902,0.000122506506159,0.0000685546619934,0.000516644271556,0.00640786392614],"mean":[0.00313992099836,0.0116443904117,0.00447389110923,0.00199183868244,0.00337369297631,0.00194518861827,0.00125072442461,0.00147269980516,0.00230695167556,0.00197548395954,0.000668232387397,0.00053702731384,0.00029814944719,0.000357098062523,0.000219229856157,0.000284244859358,0.000163374803378,0.000154973531608,0.000168088357896,0.000128001935082,0.0000594058510615,0.0000283720692096,0.00000871905558597,0.00000364542256648,0.00000202421801987,0.00000883064512891,0.000318343954859],"median":[0.00116921809968,0.00642659561709,0.00221477402374,0.000902306172065,0.00158121436834,0.000794960884377,0.000540230190381,0.000468878104584,0.000614564924035,0.000386753061321,0.000184451462701,0.000169981707586,0.000131119901198,0.000135892099934,0.0000968374297372,0.000097617317806,0.0000656329648336,0.0000548304305994,0.0000567101888009,0.0000433117274952,0.000022400447051,0.00000994036690827,0.00000238617894865,0.00000101572072708,6.67511926622e-7,0.00000275207389677,0.000173944194103],"min":[1.07924145184e-26,2.71913924813e-24,4.91065814892e-25,1.00735703495e-24,8.05477313556e-24,7.58248053389e-24,2.15301124735e-24,2.90334576368e-24,1.66549347243e-23,1.68110392534e-23,1.17821590565e-23,2.85186217665e-23,1.87099741804e-23,3.30502237702e-23,1.40311155115e-23,3.83459921774e-23,7.49299341498e-23,7.56528210398e-23,1.39437147719e-22,1.38694230073e-22,2.2570082951e-22,2.72386425674e-22,3.89557084508e-22,5.75416702259e-22,7.77996940026e-22,1.21808565209e-21,1.92555267166e-21],"var":[0.0000259385760728,0.00023606675677,0.0000391493013012,0.0000104910168375,0.0000485772143293,0.0000133091180032,0.00000455112149211,0.0000122001338241,0.0000275887960015,0.000033433909266,0.00000420261358158,0.00000138329312449,2.35068839061e-7,3.93842583435e-7,1.20549060512e-7,3.34550804837e-7,7.68367627302e-8,9.08642974196e-8,1.01107879402e-7,5.50770131724e-8,1.13202673901e-8,2.69201194669e-9,3.7109776363e-10,4.65905751479e-11,1.45908545662e-11,3.45403733393e-10,1.60148260875e-7]},"barkbands_crest":{"dmean":3.07465434074,"dmean2":5.10829782486,"dvar":6.90757369995,"dvar2":18.022277832,"max":26.0278396606,"mean":10.676402092,"median":10.0198173523,"min":2.58145952225,"var":15.845864296},"barkbands_flatness_db":{"dmean":0.0285453610122,"dmean2":0.046117361635,"dvar":0.000599186110776,"dvar2":0.0015704408288,"max":0.55726903677,"mean":0.162808403373,"median":0.157980695367,"min":0.0267452374101,"var":0.00254468037747},"barkbands_kurtosis":{"dmean":7.19363021851,"dmean2":11.9556922913,"dvar":225.207672119,"dvar2":601.409301758,"max":575.099365234,"mean":13.8319511414,"median":7.52396345139,"min":-1.83557093143,"var":430.464935303},"barkbands_skewness":{"dmean":0.746213436127,"dmean2":1.21397507191,"dvar":0.665054142475,"dvar2":1.73181402683,"max":17.8471622467,"mean":2.62419247627,"median":2.2952041626,"min":-2.22367930412,"var":2.83615708351},"barkbands_spread":{"dmean":4.82277393341,"dmean2":7.84794378281,"dvar":34.3916893005,"dvar2":87.1302337646,"max":133.467590332,"mean":17.4361057281,"median":15.10688591,"min":0.298389196396,"var":143.44178772},"dissonance":{"dmean":0.0220904499292,"dmean2":0.0373751334846,"dvar":0.000515785592142,"dvar2":0.00140333804302,"max":0.500000119209,"mean":0.461062133312,"median":0.470117866993,"min":0.146387860179,"var":0.00112231238745},"dynamic_complexity":5.05436515808,"erbbands":{"dmean":[0.387033224106,1.4753549099,3.72040867805,4.01737976074,5.83118772507,9.33026790619,10.9028768539,9.075548172,8.65742969513,15.0773620605,18.3530635834,31.1092472076,34.8194351196,25.3346061707,13.1742706299,11.6025295258,7.99225187302,9.1756029129,7.1061258316,4.77574920654,7.10058403015,3.9797706604,3.43804907799,3.62466263771,3.58541679382,2.40851902962,1.49482655525,0.838147938251,0.579931080341,0.419761359692,0.175112426281,0.0884134471416,0.0515423193574,0.0237071756274,0.0143388928846,0.011231450364,0.01488787774,0.0223711822182,0.00959297735244,0.0025396363344],"dmean2":[0.636315405369,2.49568367004,6.4703040123,6.76223325729,10.0113554001,15.5206012726,17.6599178314,14.7288389206,14.1217689514,24.0761623383,29.076128006,47.7875862122,53.3468780518,39.6569519043,20.6393070221,18.3740520477,13.0597743988,15.1386613846,11.7041063309,7.7515001297,11.7243299484,6.42807006836,5.54081869125,5.85396575928,5.63764047623,3.74544119835,2.31819534302,1.25245952606,0.850746095181,0.629230558872,0.274550199509,0.140431374311,0.0836613327265,0.0395349636674,0.0239969249815,0.0183695275337,0.0234664585441,0.0329648852348,0.013761870563,0.00379158626311],"dvar":[0.460389107466,4.73366117477,30.0654773712,39.0646629333,129.548568726,833.762634277,728.599731445,347.738494873,275.578063965,1037.48510742,2353.60058594,7751.45019531,15371.7089844,6722.35400391,1012.08587646,956.170043945,247.440872192,384.860321045,206.924514771,99.4348068237,320.693328857,73.6299972534,68.9503631592,69.2934494019,91.3176422119,32.587726593,11.7825059891,3.68981432915,1.69168269634,1.00757813454,0.161010712385,0.0265035927296,0.00825523491949,0.001766657806,0.000684969185386,0.000363848928828,0.00109508051537,0.00350667187013,0.000355566677172,0.000029543065466],"dvar2":[1.19054198265,12.9021024704,90.8660202026,102.107582092,355.515106201,2108.79223633,1779.96130371,812.271057129,660.166442871,2487.90258789,5859.54638672,15924.0195312,35007.5429688,15689.1054688,2184.04785156,2329.64599609,646.928283691,1013.31567383,547.069152832,254.225662231,839.514709473,191.029098511,172.848632812,169.713668823,202.987792969,74.7624282837,26.881685257,7.74975395203,3.5932867527,2.22904658318,0.378520935774,0.06045159325,0.0191752016544,0.00443700049073,0.00173030653968,0.000869409297593,0.00260385149159,0.00796644110233,0.000709186657332,0.0000640286525595],"max":[9.56893539429,40.949596405,77.9547424316,181.117706299,222.153762817,753.997192383,723.269470215,677.20489502,727.930480957,1169.27575684,2017.67382812,3013.95874023,8937.55078125,2715.66259766,1508.87854004,1764.21447754,483.794586182,533.781066895,416.796386719,416.624084473,524.629394531,239.179855347,367.255157471,226.164916992,599.329345703,199.991546631,144.057983398,64.398147583,40.5635643005,20.8693771362,9.00520610809,3.22654938698,1.55511212349,0.769621431828,0.486435204744,0.435935288668,0.784324944019,2.19979023933,0.688103437424,0.336371570826],"mean":[0.478946089745,2.07874488831,5.13756752014,6.14280128479,7.70269012451,11.6125221252,16.3038349152,15.8479948044,15.1703872681,27.0138721466,32.455745697,55.9864578247,68.2159729004,44.6312484741,24.2059307098,20.7117977142,15.3112182617,17.4021339417,15.3403768539,10.9699497223,14.6884098053,9.71549320221,8.46109294891,8.63941287994,8.40572738647,5.77249670029,3.47462582588,1.84400188923,1.09384775162,0.574751019478,0.207131966949,0.0959830060601,0.0516041629016,0.0240036509931,0.0144996242598,0.0118138734251,0.0174366105348,0.037076856941,0.0287824478,0.0101895965636],"median":[0.20487421751,1.18475723267,2.71197509766,3.4317305088,3.97738170624,4.65962409973,6.51342725754,6.09479808807,7.13526344299,10.995349884,12.5543889999,16.1039924622,15.4692268372,11.1488361359,9.14942932129,6.96467208862,7.13856887817,7.24849748611,6.77809619904,4.93697452545,5.17957305908,3.89096355438,3.21609687805,3.00412011147,2.74203062057,1.96058511734,1.27726793289,0.704034924507,0.394075095654,0.16525810957,0.0601023957133,0.0283731985837,0.0142033686861,0.00826349854469,0.00494427233934,0.00411421433091,0.00563027150929,0.0121234320104,0.0134991714731,0.00660369498655],"min":[9.79174987001e-23,5.19329121038e-22,1.87111102032e-21,3.15284696846e-21,1.13825852245e-20,2.73510694585e-20,4.07793708887e-20,8.43776375957e-20,4.39351877102e-20,1.05663153181e-19,1.50721884808e-19,3.60560455139e-19,5.62712979542e-19,7.84884282894e-19,9.1122423074e-19,1.24974603527e-18,1.38613788192e-18,1.90895397596e-18,2.35380447157e-18,2.38723270128e-18,3.08397148072e-18,5.07298702741e-18,5.31788336033e-18,6.4408650007e-18,6.03409190344e-18,6.66070106979e-18,8.89653428316e-18,9.79674088173e-18,1.03279736419e-17,1.04975828906e-17,1.05189191873e-17,1.16914013835e-17,9.0271154962e-18,8.48173629319e-18,5.78008789839e-18,4.46105576744e-18,2.09176523404e-18,9.84226848906e-19,2.40227208558e-19,2.81791160258e-20],"var":[0.557525634766,6.92152547836,46.5562019348,76.4466934204,145.917068481,780.033081055,994.467224121,1085.24597168,739.309387207,2630.421875,4881.88134766,20899.421875,38738.625,15699.3505859,2437.33203125,1885.02648926,546.41986084,829.899414062,577.625427246,311.300964355,863.502075195,265.904693604,253.541931152,239.483947754,289.813751221,113.140235901,39.5817375183,10.6464157104,3.82183837891,1.49587845802,0.195684313774,0.0325987413526,0.0094888722524,0.0019153385656,0.000732375076041,0.00042826376739,0.00125437695533,0.00561826350167,0.00174477498513,0.000150321502588]},"erbbands_crest":{"dmean":2.62898349762,"dmean2":4.25605010986,"dvar":6.66610240936,"dvar2":16.1621208191,"max":33.0607299805,"mean":9.55192184448,"median":8.04012203217,"min":2.22957324982,"var":26.9001350403},"erbbands_flatness_db":{"dmean":0.0222772751004,"dmean2":0.0343321599066,"dvar":0.000372917536879,"dvar2":0.000863331835717,"max":0.441627711058,"mean":0.148250877857,"median":0.145116508007,"min":0.0309710688889,"var":0.00216473243199},"erbbands_kurtosis":{"dmean":1.0939399004,"dmean2":1.74044704437,"dvar":3.92267918587,"dvar2":8.911693573,"max":92.2636947632,"mean":1.15061044693,"median":0.406353354454,"min":-1.78753852844,"var":9.58997249603},"erbbands_skewness":{"dmean":0.347794413567,"dmean2":0.551930606365,"dvar":0.10484097898,"dvar2":0.254877030849,"max":6.9504199028,"mean":0.542627334595,"median":0.516561508179,"min":-3.3284330368,"var":0.505038619041},"erbbands_spread":{"dmean":6.71915626526,"dmean2":10.550450325,"dvar":50.9314193726,"dvar2":119.205070496,"max":126.869636536,"mean":32.2950363159,"median":27.9717636108,"min":0.757091939449,"var":346.420501709},"gfcc":{"cov":[[18739.5449219,1397.21154785,-1907.91943359,-629.313415527,-69.0930328369,-147.102630615,452.487884521,-8.63283729553,127.111373901,-90.736541748,-129.285568237,-125.558532715,171.847045898],[1397.21154785,910.254760742,-107.563148499,-287.154937744,31.9762229919,-56.6346817017,63.9974212646,-29.166431427,8.68282604218,-49.8627471924,6.72231245041,-60.506187439,73.7728729248],[-1907.91943359,-107.563148499,673.826538086,243.156494141,-87.3431091309,142.635116577,-165.579559326,59.581363678,-63.7220497131,49.1518058777,19.59998703,24.5070953369,-47.890663147],[-629.313415527,-287.154937744,243.156494141,499.881988525,117.960151672,-26.9509487152,4.45332384109,-33.2349319458,10.0047588348,52.6109085083,6.61279916763,43.9899482727,-51.4080505371],[-69.0930328369,31.9762229919,-87.3431091309,117.960151672,226.958251953,-47.7526397705,103.424423218,-54.8054122925,44.3402023315,10.1059713364,4.29628610611,2.6254491806,-5.46111536026],[-147.102630615,-56.6346817017,142.635116577,-26.9509487152,-47.7526397705,221.890060425,-62.6577301025,101.292884827,-40.1871871948,5.51373624802,4.50504636765,-9.02027511597,17.9772052765],[452.487884521,63.9974212646,-165.579559326,4.45332384109,103.424423218,-62.6577301025,236.897583008,-18.3259010315,70.6182022095,-5.91926288605,-18.0009498596,11.2149887085,-13.9487600327],[-8.63283729553,-29.166431427,59.581363678,-33.2349319458,-54.8054122925,101.292884827,-18.3259010315,137.844940186,7.15904283524,11.3259963989,0.875717580318,-23.6478252411,27.0941791534],[127.111373901,8.68282604218,-63.7220497131,10.0047588348,44.3402023315,-40.1871871948,70.6182022095,7.15904283524,89.8357925415,30.5739517212,-1.26579988003,3.646723032,-15.860575676],[-90.736541748,-49.8627471924,49.1518058777,52.6109085083,10.1059713364,5.51373624802,-5.91926288605,11.3259963989,30.5739517212,71.4360351562,30.8521766663,9.75196456909,-11.6819896698],[-129.285568237,6.72231245041,19.59998703,6.61279916763,4.29628610611,4.50504636765,-18.0009498596,0.875717580318,-1.26579988003,30.8521766663,57.9100494385,26.1769752502,11.5052623749],[-125.558532715,-60.506187439,24.5070953369,43.9899482727,2.6254491806,-9.02027511597,11.2149887085,-23.6478252411,3.646723032,9.75196456909,26.1769752502,67.6102371216,5.6846203804],[171.847045898,73.7728729248,-47.890663147,-51.4080505371,-5.46111536026,17.9772052765,-13.9487600327,27.0941791534,-15.860575676,-11.6819896698,11.5052623749,5.6846203804,79.6399688721]],"icov":[[0.000127315448481,-0.000364301813534,0.000664681487251,-0.000386846833862,0.000394223694457,-0.00029745453503,0.0000467359568574,-0.000165814795764,0.000271809665719,-0.000522914051544,0.000553191290237,-0.000377867021598,0.00029598744004],[-0.000364301813534,0.00311189005151,-0.00304654543288,0.00243077240884,-0.0014643111499,0.00125962973107,-0.00118233286776,0.00214253249578,-0.00201968592592,0.0030090350192,-0.00367178628221,0.00418473267928,-0.00340931746177],[0.000664681487251,-0.00304654543288,0.00722107011825,-0.00421717623249,0.00301800412126,-0.00298566836864,0.00208269269206,-0.00266909017228,0.00336974207312,-0.00458094384521,0.00425789970905,-0.00474043050781,0.00488408189267],[-0.000386846833862,0.00243077240884,-0.00421717623249,0.00619007833302,-0.00465703569353,0.00295823300257,-0.000380454759579,-0.000159994247952,0.000579540443141,-0.00045210350072,0.000200643960852,-0.000426835584221,-0.000905915861949],[0.000394223694457,-0.0014643111499,0.00301800412126,-0.00465703569353,0.0107150990516,-0.0037600887008,-0.00287595740519,0.005176785402,-0.00352805037983,0.000311390904244,-0.00259982747957,0.0040425513871,-0.00193680496886],[-0.00029745453503,0.00125962973107,-0.00298566836864,0.00295823300257,-0.0037600887008,0.0104821249843,0.00060915137874,-0.00750171439722,0.00500170094892,-0.000891116389539,0.00103430764284,-0.00203051650897,0.000484935211716],[0.0000467359568574,-0.00118233286776,0.00208269269206,-0.000380454759579,-0.00287595740519,0.00060915137874,0.00859487894922,-0.00331296003424,-0.00240478012711,0.000324715510942,0.00407569669187,-0.00567508162931,0.00368395005353],[-0.000165814795764,0.00214253249578,-0.00266909017228,-0.000159994247952,0.005176785402,-0.00750171439722,-0.00331296003424,0.0204464029521,-0.0103813167661,0.00342317973264,-0.00655146595091,0.0126527678221,-0.0103451665491],[0.000271809665719,-0.00201968592592,0.00336974207312,0.000579540443141,-0.00352805037983,0.00500170094892,-0.00240478012711,-0.0103813167661,0.0273071713746,-0.0160726979375,0.0107637913898,-0.0092912344262,0.00761338463053],[-0.000522914051544,0.0030090350192,-0.00458094384521,-0.00045210350072,0.000311390904244,-0.000891116389539,0.000324715510942,0.00342317973264,-0.0160726979375,0.0332120098174,-0.0217939186841,0.00932424422354,-0.00143707473762],[0.000553191290237,-0.00367178628221,0.00425789970905,0.000200643960852,-0.00259982747957,0.00103430764284,0.00407569669187,-0.00655146595091,0.0107637913898,-0.0217939186841,0.039157230407,-0.0194359868765,0.00210577039979],[-0.000377867021598,0.00418473267928,-0.00474043050781,-0.000426835584221,0.0040425513871,-0.00203051650897,-0.00567508162931,0.0126527678221,-0.0092912344262,0.00932424422354,-0.0194359868765,0.0323528572917,-0.0107343411073],[0.00029598744004,-0.00340931746177,0.00488408189267,-0.000905915861949,-0.00193680496886,0.000484935211716,0.00368395005353,-0.0103451665491,0.00761338463053,-0.00143707473762,0.00210577039979,-0.0107343411073,0.0231180973351]],"mean":[-39.4643249512,111.587898254,-81.267250061,2.26740145683,-11.5111312866,-23.7107868195,7.19096374512,-11.6793632507,-2.19154524803,-6.59206724167,-7.85100460052,-5.02667617798,-6.09470939636]},"hfc":{"dmean":28.8998699188,"dmean2":45.6356506348,"dvar":3251.52978516,"dvar2":7569.23046875,"max":3427.63330078,"mean":92.4609222412,"median":72.9050216675,"min":1.07435336307e-16,"var":10197.703125},"melbands":{"dmean":[0.00277853407897,0.00180820724927,0.000712946464773,0.000509704579599,0.000408948922995,0.000200036214665,0.000133974928758,0.000171554042026,0.00015852850629,0.000196596462047,0.00017626969202,0.000108415762952,0.0000522570480825,0.0000352876413672,0.0000249324330071,0.00001575153874,0.0000196643050003,0.0000133926496346,0.00000744055432733,0.00000875006662682,0.00000829986129247,0.00000433330114902,0.00000434811317973,0.00000304968671117,0.00000325252744915,0.00000272276679425,0.00000269513066087,0.00000161667946941,0.00000123105223793,5.94137077314e-7,5.05433206399e-7,3.4281384842e-7,3.08877929456e-7,2.11672443129e-7,1.10201540338e-7,6.41345820895e-8,5.03718950995e-8,3.94918551194e-8,2.51663720974e-8,1.85966460009e-8],"dmean2":[0.00457916548476,0.0031089882832,0.00120060169138,0.000856976490468,0.000661950674839,0.00032419784111,0.000217637061724,0.000272969773505,0.000250114855589,0.000301412306726,0.000270507647656,0.000169791164808,0.0000821357534733,0.0000557850107725,0.0000398267002311,0.0000259278385784,0.0000325681903632,0.000022092675863,0.0000123125182654,0.0000143045153891,0.0000137787510539,0.00000706969831299,0.00000715327632861,0.00000491193259222,0.00000532260855834,0.00000430335330748,0.00000434594539911,0.00000255139320871,0.00000195677012016,9.22922026803e-7,7.67847041061e-7,5.13858424256e-7,4.61879125169e-7,3.2501012015e-7,1.75146567472e-7,1.02193652651e-7,8.0784303691e-8,6.41556496817e-8,4.16602539133e-8,3.12192049989e-8],"dvar":[0.0000215814070543,0.00000626848714091,0.00000120508980217,0.00000157813246915,0.00000135281254643,1.58373097747e-7,6.28471141795e-8,1.68086771168e-7,1.80689667673e-7,3.05835897052e-7,4.06125394647e-7,1.12063609947e-7,2.12917452558e-8,8.40466096719e-9,4.21312362775e-9,9.59485713103e-10,1.9126911166e-9,7.89885323815e-10,2.30380770017e-10,5.29598531696e-10,4.33397123745e-10,8.42889924524e-11,9.39977817804e-11,6.97800914273e-11,5.55619647513e-11,5.40838727969e-11,4.70162450639e-11,1.51457527076e-11,8.46134273758e-12,1.91313609919e-12,1.33027085441e-12,5.9816404217e-13,5.0854779372e-13,2.76986604226e-13,7.30828836034e-14,1.56186759896e-14,8.83542015457e-15,5.3127325232e-15,1.83789420653e-15,1.16120869058e-15],"dvar2":[0.0000561029955861,0.0000184078689927,0.0000032058535453,0.00000411313794757,0.00000328677560901,3.69359213437e-7,1.50131640453e-7,4.052849647e-7,4.42145193347e-7,6.19048023509e-7,9.23008087739e-7,2.68435968565e-7,4.6534957221e-8,1.89827957797e-8,1.04839701365e-8,2.50653187095e-9,5.06847674941e-9,2.09923789463e-9,6.09714223554e-10,1.34681588104e-9,1.1582375059e-9,2.25089280548e-10,2.55476584332e-10,1.7169560218e-10,1.39394759624e-10,1.21440663081e-10,1.14426246256e-10,3.59854472609e-11,2.03950762528e-11,4.36914567026e-12,2.85392412827e-12,1.31750469909e-12,1.11809834395e-12,6.34862388355e-13,1.7701065494e-13,3.63885692954e-14,2.03622315949e-14,1.23422500586e-14,4.49119399711e-15,2.93404356698e-15],"max":[0.0736317038536,0.0345932208002,0.0255523901433,0.0269893314689,0.0295901931822,0.01400209032,0.0101234279573,0.016437318176,0.0185946002603,0.0200956370682,0.0462150163949,0.010506413877,0.00514520751312,0.00422452297062,0.00439483206719,0.000984187354334,0.00119530188385,0.000743930519093,0.000576833786909,0.00110625266097,0.000628410489298,0.000231332785916,0.000277078070212,0.000428736093454,0.000186572608072,0.000547547766473,0.00030190180405,0.000128117098939,0.000134906222229,0.0000507850199938,0.000032269541407,0.0000250543725997,0.0000164550983754,0.0000112345096568,0.00000673805152474,0.00000225053940994,0.00000174995091129,0.00000142879855503,7.07690674062e-7,6.28528141533e-7],"mean":[0.00382808106951,0.00271301344037,0.00112776563037,0.000676543451846,0.000594302196987,0.000355849042535,0.000236198640778,0.000304460496409,0.000275256868917,0.000350181129761,0.000335787655786,0.000186298639164,0.0000858578205225,0.0000608467889833,0.0000434811590821,0.0000282101882476,0.000033746669942,0.0000265637572738,0.0000149387706188,0.0000176408120751,0.000016037864043,0.00000941484177019,0.0000091956817414,0.00000676252966514,0.00000701057933838,0.00000605764216743,0.00000563296725886,0.00000346218598679,0.00000259626631305,0.00000120655738556,0.00000103069896795,6.35867422716e-7,4.63596109057e-7,2.58432550027e-7,1.24695873183e-7,7.31796845344e-8,5.14936751017e-8,3.86502563288e-8,2.52001051138e-8,1.84118427171e-8],"median":[0.00198185117915,0.00167031725869,0.000667558866553,0.000332171097398,0.000235217565205,0.000141477619763,0.000108194290078,0.000119149342936,0.0000988224492176,0.0000902986939764,0.0000682753307046,0.0000415375980083,0.000027868689358,0.0000203352446988,0.0000147651107909,0.0000131744800456,0.0000122295277833,0.0000107474215838,0.00000667534277454,0.00000653727329336,0.00000547382842342,0.00000373784268959,0.00000333382195095,0.00000230506952903,0.0000022982471819,0.00000201641796593,0.00000162336209542,0.00000118705315799,9.19686272027e-7,4.51086691555e-7,3.74149863092e-7,2.29372972171e-7,1.397533822e-7,6.64014265794e-8,3.36998375872e-8,2.24709424401e-8,1.39628895113e-8,9.81640990716e-9,7.84761766681e-9,5.88924820022e-9],"min":[1.0746136394e-24,1.05961591448e-24,1.12063223474e-24,1.05075197752e-24,1.57037613491e-24,1.89533890456e-24,6.03746755898e-25,1.33019116206e-24,1.17361410528e-24,2.01039663417e-24,2.63910950651e-24,2.73881363632e-24,2.05804955209e-24,3.00211292395e-24,3.03584678563e-24,1.48988135978e-24,3.51691940918e-24,3.30331145605e-24,1.27664348103e-24,2.9306156991e-24,3.08922604485e-24,4.33041210174e-24,4.66422608796e-24,3.2075145543e-24,4.26507706384e-24,4.4271236877e-24,3.96015471384e-24,4.24877446438e-24,4.0305017795e-24,5.28273405842e-24,4.23631164536e-24,5.41803040898e-24,4.33401482949e-24,4.84305533315e-24,5.7495673482e-24,5.22757256519e-24,6.30812780632e-24,5.73637601614e-24,5.88579061033e-24,5.4667804352e-24],"var":[0.000028367016057,0.0000104380824268,0.00000219852563532,0.00000155135751356,0.00000158680984441,5.05679224716e-7,1.68482813478e-7,4.05594875019e-7,3.69933303546e-7,8.25847166652e-7,0.0000010175343732,2.70093977406e-7,4.32549072116e-8,1.85411188625e-8,8.27414936566e-9,1.89643478699e-9,3.71345065808e-9,1.96922300688e-9,5.68601776774e-10,1.28502519736e-9,1.05817887786e-9,2.60828081355e-10,2.58156135358e-10,2.21520954358e-10,1.65948671471e-10,1.58842897169e-10,1.26774063469e-10,4.27989969853e-11,2.36796190295e-11,5.20726387357e-12,3.44751614409e-12,1.30208008004e-12,8.59115187844e-13,3.5434554054e-13,8.05380339242e-14,1.95874370055e-14,1.0177223681e-14,5.90634464758e-15,2.05812700799e-15,1.22943952382e-15]},"melbands_crest":{"dmean":4.65109968185,"dmean2":7.79985427856,"dvar":14.8252830505,"dvar2":40.5508880615,"max":37.2800331116,"mean":16.4697799683,"median":15.8267688751,"min":1.0940335989,"var":35.5052452087},"melbands_flatness_db":{"dmean":0.0358033142984,"dmean2":0.0582436472178,"dvar":0.000891561037861,"dvar2":0.00236064451747,"max":0.736408114433,"mean":0.281517624855,"median":0.279387056828,"min":0.0000561554988963,"var":0.00432304339483},"melbands_kurtosis":{"dmean":11.7572202682,"dmean2":19.5795192719,"dvar":583.035339355,"dvar2":1554.4375,"max":626.106445312,"mean":21.0973014832,"median":8.75352287292,"min":-1.79410552979,"var":1295.76013184},"melbands_skewness":{"dmean":0.949064135551,"dmean2":1.54180955887,"dvar":1.01191437244,"dvar2":2.63443207741,"max":18.5623188019,"mean":3.02101278305,"median":2.49092483521,"min":-2.90255904198,"var":4.90843629837},"melbands_spread":{"dmean":3.90317153931,"dmean2":6.41381597519,"dvar":23.899723053,"dvar2":59.9573745728,"max":182.917633057,"mean":13.4745531082,"median":10.9861412048,"min":0.123792938888,"var":172.975616455},"mfcc":{"cov":[[12074.4785156,1733.08947754,-1807.77856445,-21.9188289642,-752.69732666,126.999046326,-116.775138855,222.813690186,196.340621948,168.663619995,33.0387191772,-105.764671326,-110.723342896],[1733.08947754,1334.7244873,-292.318450928,-156.361526489,-149.690139771,-39.8786506653,11.2425165176,-3.67296433449,66.8648834229,-33.7731971741,20.1938533783,-31.3520507812,-26.9127178192],[-1807.77856445,-292.318450928,829.777770996,-17.6852245331,206.029083252,-33.8224639893,27.0394439697,-21.8306083679,-69.8424835205,-10.0807037354,-29.1390228271,46.0849151611,13.0983200073],[-21.9188289642,-156.361526489,-17.6852245331,492.134338379,50.3982124329,118.212364197,-1.08853006363,-10.1615257263,-4.94328451157,22.6803817749,20.432888031,3.13059782982,30.1655597687],[-752.69732666,-149.690139771,206.029083252,50.3982124329,216.166915894,22.4936294556,28.4335403442,-27.3343906403,-18.591375351,-9.84593296051,-4.86188220978,18.6506385803,8.34304237366],[126.999046326,-39.8786506653,-33.8224639893,118.212364197,22.4936294556,124.690498352,20.5861587524,20.3839664459,-2.55193448067,9.06157112122,10.4054040909,5.55459499359,11.3744382858],[-116.775138855,11.2425165176,27.0394439697,-1.08853006363,28.4335403442,20.5861587524,92.5540847778,27.8758125305,24.104467392,-0.741105139256,3.08055996895,1.49213755131,4.48696613312],[222.813690186,-3.67296433449,-21.8306083679,-10.1615257263,-27.3343906403,20.3839664459,27.8758125305,87.7202301025,36.624835968,22.8347930908,-4.68438959122,-1.78364515305,-1.82351088524],[196.340621948,66.8648834229,-69.8424835205,-4.94328451157,-18.591375351,-2.55193448067,24.104467392,36.624835968,90.3998413086,34.3331031799,19.8673458099,-4.28656101227,-4.40428638458],[168.663619995,-33.7731971741,-10.0807037354,22.6803817749,-9.84593296051,9.06157112122,-0.741105139256,22.8347930908,34.3331031799,72.5111999512,30.3264160156,10.0432109833,-1.67928040028],[33.0387191772,20.1938533783,-29.1390228271,20.432888031,-4.86188220978,10.4054040909,3.08055996895,-4.68438959122,19.8673458099,30.3264160156,62.4531021118,23.6514377594,8.2093629837],[-105.764671326,-31.3520507812,46.0849151611,3.13059782982,18.6506385803,5.55459499359,1.49213755131,-1.78364515305,-4.28656101227,10.0432109833,23.6514377594,52.6138038635,26.004825592],[-110.723342896,-26.9127178192,13.0983200073,30.1655597687,8.34304237366,11.3744382858,4.48696613312,-1.82351088524,-4.40428638458,-1.67928040028,8.2093629837,26.004825592,51.721786499]],"icov":[[0.000174301341758,-0.000181484487257,0.000281882705167,-0.0000356991149602,0.000200034148293,-0.000145030862768,0.000130557164084,-0.000254147831583,0.000191765779164,-0.000518818153068,0.000378039112547,-0.000263974769041,0.000279682775727],[-0.000181484487257,0.00113142421469,-0.000148253588122,0.000272780889645,0.000276745471638,0.000073265080573,-0.00032819743501,0.00068326870678,-0.0010096502956,0.00144223542884,-0.000879035913385,0.000402925419621,-0.0000317433732562],[0.000281882705167,-0.000148253588122,0.00238462910056,-0.0000440422118118,-0.00127823557705,0.000821663241368,-0.000385947234463,-0.000853952544276,0.00175405095797,-0.0016011268599,0.00158437679056,-0.00191028101835,0.000783313415013],[-0.0000356991149602,0.000272780889645,-0.0000440422118118,0.00298242201097,-0.00038409139961,-0.00273877615109,0.00054819061188,0.00107163353823,-0.000386718398659,-0.000629341404419,-0.000531559693627,0.00160823727492,-0.00178586761467],[0.000200034148293,0.000276745471638,-0.00127823557705,-0.00038409139961,0.00777092808858,-0.00187419319991,-0.00210234872065,0.00324124633335,-0.00129460426979,0.000129088090034,0.00159806048032,-0.00217277603224,0.00130800565239],[-0.000145030862768,0.000073265080573,0.000821663241368,-0.00273877615109,-0.00187419319991,0.0127055514604,-0.00225594150834,-0.00412717787549,0.00341855711304,0.0000381229183404,-0.00215345690958,0.0000306864276354,-0.000706028367858],[0.000130557164084,-0.00032819743501,-0.000385947234463,0.00054819061188,-0.00210234872065,-0.00225594150834,0.0147543475032,-0.00461131939664,-0.0036760920193,0.00324886175804,-0.00194373633713,0.00138565595262,-0.00131629034877],[-0.000254147831583,0.00068326870678,-0.000853952544276,0.00107163353823,0.00324124633335,-0.00412717787549,-0.00461131939664,0.0196368116885,-0.00674330908805,-0.00414825230837,0.00678977230564,-0.0022593406029,0.000229249562835],[0.000191765779164,-0.0010096502956,0.00175405095797,-0.000386718398659,-0.00129460426979,0.00341855711304,-0.0036760920193,-0.00674330908805,0.0200484041125,-0.00744007294998,-0.00373429479077,0.00312992068939,-0.000310626783175],[-0.000518818153068,0.00144223542884,-0.0016011268599,-0.000629341404419,0.000129088090034,0.0000381229183404,0.00324886175804,-0.00414825230837,-0.00744007294998,0.0253369435668,-0.0112365037203,-0.000492852530442,0.00217536720447],[0.000378039112547,-0.000879035913385,0.00158437679056,-0.000531559693627,0.00159806048032,-0.00215345690958,-0.00194373633713,0.00678977230564,-0.00373429479077,-0.0112365037203,0.0296804867685,-0.0139012262225,0.0024800368119],[-0.000263974769041,0.000402925419621,-0.00191028101835,0.00160823727492,-0.00217277603224,0.0000306864276354,0.00138565595262,-0.0022593406029,0.00312992068939,-0.000492852530442,-0.0139012262225,0.0354723148048,-0.0160437002778],[0.000279682775727,-0.0000317433732562,0.000783313415013,-0.00178586761467,0.00130800565239,-0.000706028367858,-0.00131629034877,0.000229249562835,-0.000310626783175,0.00217536720447,0.0024800368119,-0.0160437002778,0.0285432115197]],"mean":[-703.298461914,172.226425171,-10.1600914001,41.0842971802,-3.26537871361,10.3937273026,5.60204601288,6.03243350983,6.41148090363,5.95116615295,2.38502883911,-0.51911431551,0.769374608994]},"pitch_salience":{"dmean":0.0875980854034,"dmean2":0.145199492574,"dvar":0.00549975270405,"dvar2":0.0147553700954,"max":0.989173471928,"mean":0.544685661793,"median":0.553531289101,"min":0.0832020416856,"var":0.0135664120317},"silence_rate_20dB":{"dmean":0.0000855395410326,"dmean2":0.000171086401679,"dvar":0.0000855291291373,"dvar2":0.000171044768649,"max":1,"mean":0.999914467335,"median":1,"min":0,"var":0.0000855254693306},"silence_rate_30dB":{"dmean":0.0428553111851,"dmean2":0.0857142880559,"dvar":0.0410164855421,"dvar2":0.0968371033669,"max":1,"mean":0.957360386848,"median":1,"min":0,"var":0.0408263765275},"silence_rate_60dB":{"dmean":0.0155681967735,"dmean2":0.0311377253383,"dvar":0.015327481553,"dvar2":0.03693260625,"max":1,"mean":0.119279786944,"median":0,"min":0,"var":0.105054549873},"spectral_centroid":{"dmean":171.178848267,"dmean2":271.948394775,"dvar":45244.5273438,"dvar2":104120.179688,"max":11614.203125,"mean":956.678100586,"median":803.267150879,"min":123.906188965,"var":766373.8125},"spectral_complexity":{"dmean":2.52692365646,"dmean2":3.99623608589,"dvar":6.76124382019,"dvar2":14.6971225739,"max":57,"mean":15.8455219269,"median":14,"min":0,"var":115.693107605},"spectral_contrast_coeffs":{"dmean":[0.0548228435218,0.0479101873934,0.0380556285381,0.0261935964227,0.0178768783808,0.0424310974777],"dmean2":[0.0914591997862,0.0801721960306,0.0623491667211,0.0437941327691,0.0299442764372,0.067524060607],"dvar":[0.00199497188441,0.00145148311276,0.00097646022914,0.000429853535024,0.000216953936615,0.00133149465546],"dvar2":[0.00530690699816,0.00393506046385,0.00254077115096,0.00118573417421,0.000584039196838,0.00339120905846],"max":[-0.300212353468,-0.404382944107,-0.431656360626,-0.574284136295,-0.652307987213,-0.478449761868],"mean":[-0.69706839323,-0.765867054462,-0.785836219788,-0.821779131889,-0.826867997646,-0.751643002033],"median":[-0.701692461967,-0.772282481194,-0.793478727341,-0.822099268436,-0.826007962227,-0.756646454334],"min":[-0.978571534157,-0.98443365097,-0.987217485905,-0.982421755791,-0.981044590473,-0.964787304401],"var":[0.00584034668282,0.00494962790981,0.0059190839529,0.00214237812907,0.00128561316524,0.00526534998789]},"spectral_contrast_valleys":{"dmean":[0.401587247849,0.378376185894,0.33794271946,0.262318819761,0.23304130137,0.679175198078],"dmean2":[0.664210021496,0.615229964256,0.540484309196,0.424236387014,0.360501527786,1.09126102924],"dvar":[0.109802998602,0.103350915015,0.0877597257495,0.0620169863105,0.0635214447975,0.317265152931],"dvar2":[0.278837233782,0.253053963184,0.204010739923,0.143779024482,0.136689141393,0.804690003395],"max":[-4.84279918671,-4.53934574127,-5.04232025146,-5.77370023727,-5.68678665161,-8.91750240326],"mean":[-6.90484189987,-6.75199794769,-7.36948823929,-7.93928432465,-8.01266765594,-11.534497261],"median":[-6.536901474,-6.35083675385,-6.95775222778,-7.54359722137,-7.67802810669,-11.3041648865],"min":[-28.2776508331,-27.8940429688,-27.8531894684,-27.6738872528,-27.5148105621,-27.4152755737],"var":[3.44546508789,3.60947585106,3.69155836105,3.4066529274,3.19319438934,2.49005436897]},"spectral_decrease":{"dmean":3.608518373e-9,"dmean2":5.85706638745e-9,"dvar":2.32470707003e-17,"dvar2":5.99691451897e-17,"max":1.92902760432e-9,"mean":-8.46954506528e-9,"median":-6.90943080528e-9,"min":-7.59422036367e-8,"var":5.7489820196e-17},"spectral_energy":{"dmean":0.0146578336135,"dmean2":0.0234856940806,"dvar":0.000384631945053,"dvar2":0.000964357692283,"max":0.408769369125,"mean":0.0403523221612,"median":0.0349259153008,"min":9.99615700866e-21,"var":0.00115772092249},"spectral_energyband_high":{"dmean":0.000135817521368,"dmean2":0.000194321153685,"dvar":6.95939732509e-8,"dvar2":1.37043372206e-7,"max":0.00840886682272,"mean":0.000408500927733,"median":0.000207588134799,"min":7.0432159259e-21,"var":3.31674243625e-7},"spectral_energyband_low":{"dmean":0.0113892862573,"dmean2":0.018912024796,"dvar":0.000264040514594,"dvar2":0.000696103554219,"max":0.268632024527,"mean":0.0195771250874,"median":0.0134893320501,"min":1.76365380145e-23,"var":0.0004600706161},"spectral_energyband_middle_high":{"dmean":0.00152610556688,"dmean2":0.00231716176495,"dvar":0.000015249176613,"dvar2":0.000034555025195,"max":0.238988250494,"mean":0.00459782220423,"median":0.00213321298361,"min":1.16767670818e-21,"var":0.0000558690735488},"spectral_energyband_middle_low":{"dmean":0.00529608922079,"dmean2":0.00827156659216,"dvar":0.0000923041152419,"dvar2":0.000219691239181,"max":0.20342874527,"mean":0.0131574077532,"median":0.00963151827455,"min":1.53058617229e-22,"var":0.000202282346436},"spectral_entropy":{"dmean":0.174571245909,"dmean2":0.275336712599,"dvar":0.0295810624957,"dvar2":0.0730602070689,"max":9.81839561462,"mean":7.35124731064,"median":7.40453338623,"min":4.64215230942,"var":0.178808569908},"spectral_flux":{"dmean":0.0262688286602,"dmean2":0.0422886870801,"dvar":0.000836044782773,"dvar2":0.00205668387935,"max":0.433749854565,"mean":0.100647695363,"median":0.098240442574,"min":6.42935982231e-11,"var":0.00331531395204},"spectral_kurtosis":{"dmean":4.12069320679,"dmean2":6.50234556198,"dvar":32.4666481018,"dvar2":84.5867004395,"max":190.085250854,"mean":17.1582508087,"median":15.0761232376,"min":-1.25770866871,"var":89.8984909058},"spectral_rms":{"dmean":0.00104121328332,"dmean2":0.00164540321566,"dvar":0.00000116756064017,"dvar2":0.00000287189254777,"max":0.0199699625373,"mean":0.0056089037098,"median":0.00583729986101,"min":3.12287500547e-12,"var":0.00000790838294051},"spectral_rolloff":{"dmean":3584.65087891,"dmean2":6897.02978516,"dvar":48884860,"dvar2":128901496,"max":22050,"mean":5120.46533203,"median":968.994140625,"min":43.06640625,"var":64964136},"spectral_skewness":{"dmean":0.300742506981,"dmean2":0.46791061759,"dvar":0.12792468071,"dvar2":0.322640508413,"max":11.166639328,"mean":2.74140572548,"median":2.57171416283,"min":-0.0768498703837,"var":0.681475460529},"spectral_spread":{"dmean":485750.59375,"dmean2":764448.25,"dvar":271751954432,"dvar2":618551181312,"max":42512660,"mean":3983536.5,"median":3674445.75,"min":708750.625,"var":7927001776130},"spectral_strongpeak":{"dmean":0.924339532852,"dmean2":1.72352933884,"dvar":43.7932853699,"dvar2":128.138641357,"max":238.604888916,"mean":0.891719341278,"median":0.234141856432,"min":0,"var":26.3230457306},"zerocrossingrate":{"dmean":0.0308257266879,"dmean2":0.0416379868984,"dvar":0.000696828123182,"dvar2":0.00124149140902,"max":0.7158203125,"mean":0.19175465405,"median":0.18310546875,"min":0.00341796875,"var":0.00563578307629}},"metadata":{"audio_properties":{"analysis_sample_rate":44100,"bit_rate":160000,"codec":"mp3","downmix":"mix","equal_loudness":0,"length":542.902832031,"lossless":false,"md5_encoded":"838447b96ddb6543bf19ed17c233cdfd","replay_gain":-0.178436279297,"sample_rate":44100},"tags":{"album":["Eat a Peach"],"album artist credit":["The Allman Brothers Band"],"albumartist":["The Allman Brothers Band"],"albumartistsort":["Allman Brothers Band, The"],"artist":["The Allman Brothers Band"],"artist credit":["The Allman Brothers Band"],"artistsort":["Allman Brothers Band, The"],"bpm":["0"],"composer":["Dickey Betts"],"date":["1990"],"discnumber":["1/1"],"encodedby":["iTunes v4.8.0.32"],"file_name":"02 - The Allman Brothers Band - Les Brers in A Minor.mp3","genre":["Rock - Roots Rock"],"language":["eng"],"musicbrainz album release country":["US"],"musicbrainz album status":["Official"],"musicbrainz album type":["album"],"musicbrainz_albumartistid":["72359492-22be-4ed9-aaa0-efa434fb2b01"],"musicbrainz_albumid":["fbaff7d3-5708-360b-9a50-63978ecd0d26"],"musicbrainz_artistid":["72359492-22be-4ed9-aaa0-efa434fb2b01"],"musicbrainz_recordingid":["ba52d916-8230-4da7-a2db-ee5e583b0892"],"musicbrainz_releasegroupid":["0b1189ad-0bdf-34bc-89e4-ff05133ec51b"],"originaldate":["1972-02-12"],"replaygain_album_gain":["0.00 dB"],"replaygain_album_peak":["0.000000"],"replaygain_track_gain":["0.96 dB"],"replaygain_track_peak":["0.631226"],"script":["Latn"],"title":["Les Brers in A Minor"],"tracknumber":["2/9"]},"version":{"essentia":"2.1-beta1","essentia_build_sha":"5a811adb4c06fd6d02ca903f7349a26d851abfa8","essentia_git_sha":"v2.1_beta1-34-gf95df8b","extractor":"music 1.0"}},"rhythm":{"beats_count":1124,"beats_loudness":{"dmean":0.0215796325356,"dmean2":0.036978777498,"dvar":0.000545159564354,"dvar2":0.00157615065109,"max":0.2029479146,"mean":0.0475553236902,"median":0.043008223176,"