{"lowlevel":{"average_loudness":0.913876354694,"barkbands":{"dmean":[0.00513720000163,0.0106512485072,0.00142865907401,0.000574789766688,0.000836314400658,0.00124903721735,0.00102911773138,0.000757073517889,0.00086147832917,0.00107796536759,0.000800728041213,0.000925292726606,0.000470610888442,0.000405636819778,0.000567017472349,0.000306902453303,0.00013799048611,0.000128629224491,0.0000980009426712,0.000126613420434,0.000117130177387,0.0000614563396084,0.0000438104907516,0.0000213793919102,0.00000220591277866,0.0000547049967281,0.000340901053278],"dmean2":[0.00836389698088,0.0175485797226,0.00240080500953,0.000971942732576,0.00133976363577,0.00194053759333,0.00165658991318,0.00124893977772,0.00141969707329,0.00178105791565,0.00132897798903,0.00153689493891,0.000787815253716,0.000677790958434,0.000944853643887,0.000516749103554,0.000231039419305,0.000207803124795,0.000152793261805,0.00019097479526,0.00017168209888,0.0000905916604097,0.0000670791705488,0.0000331644368998,0.0000036842695863,0.0000840879656607,0.000524587463588],"dvar":[0.000151589993038,0.000437782116933,0.00000610137567492,0.00000144812327108,0.00000338190557159,0.0000062299941419,0.00000565874506719,0.00000284929819827,0.00000406956041843,0.00000476863351651,0.00000328063015331,0.00000200435397346,5.67325514567e-7,5.13920554113e-7,9.82284063866e-7,2.58985920709e-7,7.8486017685e-8,6.85643470888e-8,8.38567970618e-8,2.21437716164e-7,3.20530347153e-7,4.015434385e-8,1.00963593042e-8,2.39528041845e-9,1.60274762212e-11,1.67461866596e-8,2.93978814625e-7],"dvar2":[0.000368508714018,0.00122000952251,0.0000164870198205,0.00000398992960982,0.0000082342994574,0.0000146491629494,0.0000142305279951,0.00000753913309381,0.0000105628168967,0.0000121481934912,0.00000854417157825,0.0000055246177908,0.00000152366055772,0.00000138041502851,0.00000270721238849,7.01136968928e-7,2.08745191799e-7,1.68993906868e-7,1.63161246292e-7,4.12611683487e-7,6.14686882727e-7,8.25283521522e-8,2.30673560253e-8,5.63871349613e-9,3.95775322237e-11,4.0931031009e-8,6.2027140757e-7],"max":[0.17318162322,0.232973620296,0.0385232642293,0.0380520448089,0.0553494021297,0.055701289326,0.0460686013103,0.0356551371515,0.0372784510255,0.0353561788797,0.0393671244383,0.0217708107084,0.0113452672958,0.0177076924592,0.0222378708422,0.00968356616795,0.0086975954473,0.00882450118661,0.0108303949237,0.0195042286068,0.0212244074792,0.00763259408996,0.00275723682716,0.00150939787272,0.0000597599646426,0.00309688504785,0.0163519307971],"mean":[0.00930642522871,0.0203116647899,0.00183793529868,0.000721663818695,0.00118725630455,0.00194557080977,0.00146548508201,0.00108484539669,0.00122381397523,0.00160920980852,0.00121870415751,0.00163999572396,0.000826536444947,0.000726310536265,0.00106726121157,0.000610628863797,0.000264733098447,0.000253101577982,0.000208488942008,0.000259339052718,0.000236271152971,0.000116638751933,0.0000703791665728,0.0000276460832538,0.00000226516408475,0.0000806199313956,0.00132713490166],"median":[0.00540035124868,0.0162510983646,0.000946066575125,0.000349467794877,0.000555801263545,0.000736286805477,0.000348533096258,0.00027268321719,0.000399147334974,0.00055919639999,0.000327284826199,0.000982966390438,0.000478231493616,0.000348435423803,0.000496737891808,0.000356682139682,0.000132973378641,0.0000897716163308,0.0000823494774522,0.0000784228832345,0.0000638997007627,0.0000383298502129,0.0000241281886701,0.00000771254508436,8.27333508369e-7,0.0000257692390733,0.000982559053227],"min":[4.79345905639e-25,3.63294546555e-24,2.82203392588e-24,1.68137813339e-24,1.3288597029e-23,1.44624914757e-23,1.33308168646e-23,1.24172370503e-23,1.16948723862e-23,1.82192837647e-23,1.63483029127e-23,3.36411941842e-23,2.83064686701e-23,2.68838526908e-23,5.78434215128e-23,6.66589484396e-23,5.91739016938e-23,1.14952053802e-22,1.32520718225e-22,1.90862359042e-22,2.75681011737e-22,3.56922653544e-22,4.46771335807e-22,5.62860207593e-22,9.49462080311e-22,1.24740896247e-21,1.89940964456e-21],"var":[0.000175089633558,0.000493292580359,0.00000698676331012,0.00000140257566272,0.00000441944803242,0.0000105312901724,0.00000978899515758,0.00000511175039719,0.00000611692621533,0.00000794769857748,0.00000582668963034,0.00000403080093747,0.00000108918243313,0.00000102429976323,0.00000239733753915,6.75535886785e-7,1.82720683028e-7,1.67098875181e-7,2.15274184256e-7,5.85679742926e-7,7.78782975885e-7,9.38295485753e-8,1.93900415724e-8,3.28402594008e-9,1.69061986632e-11,2.41036275384e-8,0.00000235070547205]},"barkbands_crest":{"dmean":2.6548345089,"dmean2":4.16345071793,"dvar":6.06926727295,"dvar2":15.2215223312,"max":26.1728477478,"mean":11.6690263748,"median":11.3477582932,"min":2.14227032661,"var":23.2972393036},"barkbands_flatness_db":{"dmean":0.0248726159334,"dmean2":0.0377670712769,"dvar":0.000612314441241,"dvar2":0.00142703799065,"max":0.45822095871,"mean":0.152403220534,"median":0.13827444613,"min":0.0300551448017,"var":0.00474683940411},"barkbands_kurtosis":{"dmean":6.5111374855,"dmean2":10.259344101,"dvar":198.902923584,"dvar2":487.327423096,"max":432.338104248,"mean":12.9234409332,"median":3.78213071823,"min":-1.88707995415,"var":480.471618652},"barkbands_skewness":{"dmean":0.707811415195,"dmean2":1.07748448849,"dvar":0.743360877037,"dvar2":1.71932435036,"max":19.4825229645,"mean":2.53199625015,"median":1.83944034576,"min":-2.09794688225,"var":3.86330270767},"barkbands_spread":{"dmean":7.02178478241,"dmean2":10.7593135834,"dvar":64.282409668,"dvar2":144.586120605,"max":134.705825806,"mean":28.6438293457,"median":28.1925506592,"min":0.606869637966,"var":351.196350098},"dissonance":{"dmean":0.0212049093097,"dmean2":0.0361277647316,"dvar":0.00060851406306,"dvar2":0.00167892081663,"max":0.500000059605,"mean":0.467108815908,"median":0.476788312197,"min":0.159994721413,"var":0.00110817130189},"dynamic_complexity":4.04741287231,"erbbands":{"dmean":[0.559632956982,1.56650400162,1.7191619873,1.74778807163,2.05595755577,2.98903989792,6.21411132812,11.7746305466,15.6174354553,11.6043548584,18.5139846802,16.9145507812,28.9033164978,35.0111961365,32.1440162659,35.1727905273,21.381187439,16.3681869507,28.8668212891,23.369802475,11.8599643707,7.33681201935,7.21207332611,4.99298620224,5.21230459213,6.12276506424,5.98112010956,3.60333275795,2.33224630356,1.67913520336,1.17022907734,0.660213947296,0.230680495501,0.0302913635969,0.0163160935044,0.0476626381278,0.127147942781,0.0855835229158,0.0308796819299,0.00697780866176],"dmean2":[0.931513786316,2.55065345764,2.85724067688,2.93552064896,3.40794324875,4.80780172348,9.86943626404,18.3042793274,25.3353595734,18.4903736115,30.3290367126,27.7205219269,47.8582878113,57.3642044067,53.3328208923,58.2685928345,35.6477394104,27.0584163666,47.8459625244,39.2049026489,19.766500473,12.1857814789,11.7238664627,7.77696847916,7.90806293488,9.30855083466,8.71843624115,5.33461713791,3.4673101902,2.51004648209,1.81397843361,1.02462291718,0.358238428831,0.0492121502757,0.0269539598376,0.0737391114235,0.196845054626,0.125210776925,0.0429211705923,0.0107794571668],"dvar":[1.35271084309,8.16883182526,8.71639537811,11.0783462524,18.5911407471,59.3402786255,297.829772949,540.016906738,1251.54772949,682.908081055,1873.72912598,1599.64916992,3880.90063477,5221.84814453,4646.24365234,2969.45019531,1156.23681641,895.84942627,2570.16748047,1538.23083496,367.825653076,218.519088745,211.314620972,159.280685425,320.296569824,530.453125,878.088684082,208.400375366,59.8726654053,21.3960323334,7.09761095047,2.30868864059,0.269903689623,0.00255681970157,0.000824910704978,0.0119944224134,0.0925203561783,0.0502895265818,0.0096198329702,0.0000886456327862],"dvar2":[3.78334522247,22.187335968,23.287355423,30.3103370667,49.3539810181,138.851043701,737.343933105,1241.43029785,3232.66137695,1694.64331055,4851.88623047,4125.95117188,10125.9824219,13785.6289062,12345.5332031,8044.26660156,3079.42944336,2327.19604492,6962.95556641,4317.01806641,972.87890625,581.779602051,527.308288574,325.538909912,613.475463867,1020.42114258,1666.11694336,394.336669922,123.205047607,43.0680809021,16.7469272614,5.57973146439,0.630239784718,0.00607048720121,0.00201928685419,0.0269907247275,0.224205836654,0.111886367202,0.0162299890071,0.000207098113606],"max":[12.4781274796,36.2316551208,44.0699615479,95.3918304443,92.0549545288,187.000137329,532.491821289,548.472961426,584.789245605,581.489318848,949.028686523,819.951049805,1068.10302734,1017.1114502,1891.63537598,940.66418457,488.913665771,979.842285156,861.278564453,798.015563965,332.730377197,411.759368896,503.96383667,543.307739258,789.343566895,959.369567871,1232.47302246,456.416778564,339.426757812,200.460754395,54.2749710083,37.3801307678,17.2217216492,0.728702425957,0.45242536068,5.19549369812,8.69884586334,6.46681976318,3.40844249725,0.341935515404],"mean":[1.12328445911,2.48327994347,2.47067451477,2.45601320267,2.69509673119,4.09256649017,8.39363193512,18.5403709412,22.6337795258,17.8688488007,27.0171451569,25.489030838,43.238243103,55.5735816956,55.2427062988,65.0287475586,41.7098388672,33.0060462952,54.9949798584,48.445148468,25.9602985382,15.4354801178,14.4975500107,10.9925928116,11.0040187836,12.4409122467,11.6742067337,7.30656194687,4.46984958649,2.93708109856,1.83884632587,0.896309256554,0.287790119648,0.0366991758347,0.0183361750096,0.0609604306519,0.180383443832,0.166379392147,0.0893762335181,0.0331434458494],"median":[0.804902017117,1.64450919628,1.44216990471,1.34969866276,1.32750916481,1.67697107792,3.35805535316,6.518679142,6.03676080704,5.12876319885,6.96999502182,9.15673160553,14.9238262177,16.9283504486,23.855594635,37.5083084106,25.7032318115,18.6357631683,26.5693569183,28.2053451538,16.4932327271,8.3500957489,5.27153682709,4.61665010452,3.9103937149,3.83724069595,3.15257334709,2.17204451561,1.43970835209,0.995286047459,0.62223392725,0.264802455902,0.0810882002115,0.017146198079,0.00821481272578,0.0189609769732,0.054493624717,0.0605538822711,0.0391202233732,0.0274060796946],"min":[1.39589189614e-22,7.57796951169e-22,3.35250688102e-21,5.29524677446e-21,1.44414845894e-20,2.97512147852e-20,9.89687417096e-20,1.17161913661e-19,1.66423957108e-19,2.16809609095e-19,4.39112653884e-19,3.48436158708e-19,5.86615810907e-19,6.20674714135e-19,9.9968830212e-19,1.39101059611e-18,1.91661614998e-18,2.03639976089e-18,2.7208354695e-18,3.43339552573e-18,4.87573009391e-18,4.88187563227e-18,6.25349122117e-18,6.47452173906e-18,6.43844632459e-18,9.38457167175e-18,9.39764443415e-18,9.57717323276e-18,1.08324959129e-17,1.14931402527e-17,1.25384806529e-17,1.00092138026e-17,9.88662149991e-18,9.42188248046e-18,6.58600045662e-18,4.90252330113e-18,1.74140089147e-18,9.19419729454e-19,2.57673223159e-19,2.71882635119e-20],"var":[1.59650671482,9.16600704193,10.2695608139,11.9068021774,20.6863880157,77.8049468994,317.076538086,1015.78753662,1971.36975098,1215.7557373,3341.30053711,2507.39379883,5971.68896484,9689.25585938,8668.90625,6445.37207031,2493.75585938,1862.22167969,5963.13574219,4137.69970703,1040.06616211,547.990966797,530.855224609,417.284484863,790.211364746,1311.02172852,2127.31689453,528.16394043,139.895736694,50.2671890259,12.3978090286,3.22843933105,0.359365284443,0.00324129266664,0.000922102306504,0.0176410451531,0.130117252469,0.113199092448,0.0358836017549,0.00102391501423]},"erbbands_crest":{"dmean":2.65915298462,"dmean2":4.32243108749,"dvar":6.15026950836,"dvar2":15.1287488937,"max":31.1646575928,"mean":9.11483573914,"median":7.92150259018,"min":2.08639144897,"var":19.077299118},"erbbands_flatness_db":{"dmean":0.0220679994673,"dmean2":0.0329121425748,"dvar":0.000398524018237,"dvar2":0.00088358274661,"max":0.395787656307,"mean":0.141430571675,"median":0.135694950819,"min":0.0288787446916,"var":0.00210989266634},"erbbands_kurtosis":{"dmean":1.30737888813,"dmean2":2.03568840027,"dvar":6.08308506012,"dvar2":13.4617843628,"max":80.5247421265,"mean":1.74691605568,"median":0.785367965698,"min":-1.62242472172,"var":15.1918668747},"erbbands_skewness":{"dmean":0.382448256016,"dmean2":0.58579903841,"dvar":0.132688313723,"dvar2":0.300589740276,"max":5.5315694809,"mean":0.0623258389533,"median":0.0949059054255,"min":-4.76832151413,"var":0.672362089157},"erbbands_spread":{"dmean":5.78940439224,"dmean2":8.82820224762,"dvar":33.7880706787,"dvar2":74.9074707031,"max":102.211708069,"mean":26.1767463684,"median":24.1932353973,"min":1.13132786751,"var":161.851608276},"gfcc":{"cov":[[18948.7773438,-704.228149414,-2213.83300781,660.795593262,206.780670166,-642.530273438,655.191040039,-185.357650757,577.798461914,146.323699951,-137.426361084,227.038360596,-503.05871582],[-704.228149414,988.744018555,140.758926392,-346.024078369,121.734947205,59.2124519348,-43.4745483398,-41.3990478516,-42.3521194458,-33.8598670959,70.5190811157,-97.6201019287,165.492843628],[-2213.83300781,140.758926392,718.516784668,74.8949661255,-120.569084167,284.860321045,-200.341552734,112.531776428,-138.148666382,6.9576921463,21.7701702118,15.731338501,78.3651046753],[660.795593262,-346.024078369,74.8949661255,420.634613037,23.7179775238,-2.06548428535,76.1465835571,56.5161514282,19.8116703033,35.4752120972,-31.4119968414,62.0626373291,-61.5138015747],[206.780670166,121.734947205,-120.569084167,23.7179775238,259.535095215,47.8660697937,112.524703979,-37.5505828857,15.1802244186,-24.801076889,0.833857953548,-38.9624710083,24.3278541565],[-642.530273438,59.2124519348,284.860321045,-2.06548428535,47.8660697937,316.744415283,-47.3327865601,46.1141853333,-95.3672637939,-22.9720344543,-0.616195380688,-2.78877711296,47.9730567932],[655.191040039,-43.4745483398,-200.341552734,76.1465835571,112.524703979,-47.3327865601,219.985794067,-29.1721763611,51.0030784607,-14.3190603256,-16.4461669922,6.91258335114,-20.8212394714],[-185.357650757,-41.3990478516,112.531776428,56.5161514282,-37.5505828857,46.1141853333,-29.1721763611,139.540939331,21.4636478424,30.0170917511,3.9408159256,-2.25236344337,2.4035987854],[577.798461914,-42.3521194458,-138.148666382,19.8116703033,15.1802244186,-95.3672637939,51.0030784607,21.4636478424,143.625915527,52.4773254395,9.37643432617,17.2480354309,-44.5325393677],[146.323699951,-33.8598670959,6.9576921463,35.4752120972,-24.801076889,-22.9720344543,-14.3190603256,30.0170917511,52.4773254395,78.1393737793,33.9902763367,14.2032518387,-5.47150039673],[-137.426361084,70.5190811157,21.7701702118,-31.4119968414,0.833857953548,-0.616195380688,-16.4461669922,3.9408159256,9.37643432617,33.9902763367,65.3321380615,25.5687046051,24.8459854126],[227.038360596,-97.6201019287,15.731338501,62.0626373291,-38.9624710083,-2.78877711296,6.91258335114,-2.25236344337,17.2480354309,14.2032518387,25.5687046051,89.9867172241,3.68671774864],[-503.05871582,165.492843628,78.3651046753,-61.5138015747,24.3278541565,47.9730567932,-20.8212394714,2.4035987854,-44.5325393677,-5.47150039673,24.8459854126,3.68671774864,105.11114502]],"icov":[[0.000175256995135,-0.000482123257825,0.0010913220467,-0.000689807056915,0.000427222053986,-0.000634541967884,0.000309833267238,-0.000082575417764,0.000106089224573,-0.000419130141381,0.000515480642207,-0.000664338644128,0.000559104955755],[-0.000482123257825,0.00406008493155,-0.00450968137011,0.00336592388339,-0.00207014731131,0.00253869686276,-0.00145640072878,0.00108321581502,-0.00213325000368,0.00301292119548,-0.00411881925538,0.00468893582001,-0.00429847743362],[0.0010913220467,-0.00450968137011,0.0122201368213,-0.00786010827869,0.00619068648666,-0.00820795539767,0.0047377855517,-0.00120004103519,0.000741322350223,-0.0010001383489,0.00114682572894,-0.00272000138648,0.00197830377147],[-0.000689807056915,0.00336592388339,-0.00786010827869,0.0112723782659,-0.00770572712645,0.00684439670295,-0.00416992092505,-0.00301182991825,0.00552030373365,-0.00699872756377,0.00643885135651,-0.00576968397945,0.00241344422102],[0.000427222053986,-0.00207014731131,0.00619068648666,-0.00770572712645,0.0133663192391,-0.0079178661108,-0.000497497036122,0.00405146647245,-0.00732942437753,0.00803676992655,-0.00827502179891,0.00926417298615,-0.00454789353535],[-0.000634541967884,0.00253869686276,-0.00820795539767,0.00684439670295,-0.0079178661108,0.0114845084026,-0.00246632378548,-0.00304313586093,0.00595579529181,-0.00341610051692,0.00372378318571,-0.0035850876011,0.000854010228068],[0.000309833267238,-0.00145640072878,0.0047377855517,-0.00416992092505,-0.000497497036122,-0.00246632378548,0.00969686545432,0.000315383658744,-0.00248556071892,0.00271416897886,0.000574570207391,-0.00145646138117,-0.0000387939035136],[-0.000082575417764,0.00108321581502,-0.00120004103519,-0.00301182991825,0.00405146647245,-0.00304313586093,0.000315383658744,0.0125783039257,-0.0080175679177,0.00347544206306,-0.0051311836578,0.00827343109995,-0.00503574870527],[0.000106089224573,-0.00213325000368,0.000741322350223,0.00552030373365,-0.00732942437753,0.00595579529181,-0.00248556071892,-0.0080175679177,0.0248918477446,-0.0206151921302,0.0135368611664,-0.015373704955,0.0120257539675],[-0.000419130141381,0.00301292119548,-0.0010001383489,-0.00699872756377,0.00803676992655,-0.00341610051692,0.00271416897886,0.00347544206306,-0.0206151921302,0.0409903824329,-0.0284894797951,0.0185852330178,-0.0104605592787],[0.000515480642207,-0.00411881925538,0.00114682572894,0.00643885135651,-0.00827502179891,0.00372378318571,0.000574570207391,-0.0051311836578,0.0135368611664,-0.0284894797951,0.0441338531673,-0.0249753389508,0.007007883396],[-0.000664338644128,0.00468893582001,-0.00272000138648,-0.00576968397945,0.00926417298615,-0.0035850876011,-0.00145646138117,0.00827343109995,-0.015373704955,0.0185852330178,-0.0249753389508,0.034222047776,-0.01373898983],[0.000559104955755,-0.00429847743362,0.00197830377147,0.00241344422102,-0.00454789353535,0.000854010228068,-0.0000387939035136,-0.00503574870527,0.0120257539675,-0.0104605592787,0.007007883396,-0.01373898983,0.023040978238]],"mean":[-5.36156415939,84.9716796875,-86.8815307617,-8.0086555481,-8.62508392334,-0.37093091011,9.43035411835,-17.4109420776,5.88302898407,-1.98433947563,-1.14887988567,4.96487283707,-3.69405293465]},"hfc":{"dmean":31.8798160553,"dmean2":48.0108985901,"dvar":1283.60974121,"dvar2":2851.48657227,"max":1006.86132812,"mean":154.666610718,"median":137.396392822,"min":1.08596446424e-16,"var":12650.8056641},"melbands":{"dmean":[0.0039530005306,0.00117136829067,0.000292973476462,0.000174796718056,0.000195567408809,0.000256296043517,0.000232848920859,0.000127812876599,0.000153415792738,0.000115888178698,0.000148937659105,0.000146520716953,0.000107394844235,0.000103310565464,0.0000812145299278,0.0000386834035453,0.0000330923685397,0.000048501380661,0.0000409882231907,0.0000270658747468,0.0000135266209327,0.00000814480426925,0.00000776849537942,0.00000645584259473,0.00000420127480538,0.00000413742372984,0.00000413157931689,0.00000446332205684,0.00000431460193795,0.00000301533304992,0.00000203602735382,0.00000145068861457,0.00000113206715469,9.29218117562e-7,7.59531474159e-7,5.10430879785e-7,3.77656533601e-7,2.06056043339e-7,4.42384227028e-8,2.01232328578e-8],"dmean2":[0.00651640770957,0.0019059588667,0.000489665369969,0.000282025081106,0.000308995804517,0.000398703356041,0.000375982897822,0.000205026663025,0.000251225545071,0.000191001832718,0.000246686686296,0.000240289053181,0.000178235015483,0.000173035063199,0.000134716159664,0.0000645438049105,0.0000551386146981,0.0000807292817626,0.0000687711217324,0.0000458403410448,0.0000227179534704,0.000013642428712,0.0000128355359266,0.0000104608843685,0.00000670103008815,0.00000647603792459,0.00000638015944787,0.00000692508410793,0.00000643891326035,0.00000464570939585,0.00000309110487251,0.00000219090497922,0.00000173893454303,0.00000142243152368,0.00000118974628549,8.1123965856e-7,5.900154747e-7,3.20857594716e-7,7.14665659984e-8,3.36294192493e-8],"dvar":[0.0000663835380692,0.0000039131491576,3.11747896831e-7,1.51941137005e-7,2.61694594883e-7,2.4923122055e-7,2.7514565204e-7,7.78510482746e-8,1.25723900624e-7,7.90886218738e-8,1.02778876965e-7,9.21217306882e-8,5.76601486557e-8,2.72131099877e-8,1.58631277003e-8,4.22370804998e-9,3.65588825879e-9,7.24474835678e-9,5.58676260809e-9,2.14322293246e-9,4.86731432936e-10,2.64951338647e-10,2.72433547943e-10,1.7591259005e-10,1.20004506332e-10,1.69303404629e-10,2.83445295013e-10,2.51123510875e-10,3.90855459109e-10,2.70104300037e-10,6.28168905781e-11,2.51856417666e-11,1.15513440826e-11,6.07966368221e-12,3.10000397748e-12,1.35879914091e-12,7.98873716745e-13,2.25906722799e-13,7.10487339805e-15,1.34325544682e-15],"dvar2":[0.000182059811777,0.0000103875581772,8.47597448228e-7,3.68339698298e-7,6.49245578188e-7,5.78308060994e-7,7.02306977018e-7,1.98718197453e-7,3.21393514469e-7,2.04727584219e-7,2.66913275482e-7,2.41649530608e-7,1.51461009068e-7,7.68474350821e-8,4.17425418675e-8,1.12187885648e-8,9.59284651714e-9,1.9663930928e-8,1.59115334242e-8,5.88971138527e-9,1.30612631821e-9,7.11983638713e-10,7.13903380856e-10,4.34057817467e-10,2.48145781701e-10,3.55880602765e-10,5.8705162953e-10,5.10945619148e-10,7.52154172279e-10,6.10019312841e-10,1.19947204946e-10,5.27783164395e-11,2.55811292288e-11,1.26403488371e-11,7.44903271011e-12,3.42375910609e-12,1.88141624675e-12,5.2967309358e-13,1.72165680692e-14,3.31311516308e-15],"max":[0.0915695428848,0.0230794809759,0.0159706957638,0.00761575670913,0.014045111835,0.0119672175497,0.00781578850001,0.00615190854296,0.00681169889867,0.0051635876298,0.00552504276857,0.00415324838832,0.00564897619188,0.00302568823099,0.00217257766053,0.00100488960743,0.00184028199874,0.00120805844199,0.00194527208805,0.000848033290822,0.000369195564417,0.000495653483085,0.000481672934256,0.000375055184122,0.000502522918396,0.000525599869434,0.000648114539217,0.000614101067185,0.00091429555323,0.000679776072502,0.000275368598523,0.000210397847695,0.000115671478852,0.000105077357148,0.0000332437630277,0.0000219706762437,0.0000303520810121,0.0000163728091138,0.0000023568350116,5.30438683199e-7],"mean":[0.00807168334723,0.0019028816605,0.000428318366176,0.000241718662437,0.000270041171461,0.000406549777836,0.000342421408277,0.000194827676751,0.000218026456423,0.000167530903127,0.000218048371607,0.000224648290896,0.000173953390913,0.000182283314643,0.000143390730955,0.0000687903666403,0.0000598204533162,0.0000871920055943,0.0000777955938247,0.0000519767745573,0.0000257553565461,0.0000155325942615,0.0000140134170579,0.0000121345574371,0.00000837355946715,0.00000805804211268,0.00000780573554948,0.00000836759681988,0.00000791399179434,0.00000544975500816,0.00000385163366445,0.00000262072194346,0.00000194773565454,0.00000151738606746,0.00000114932811357,7.2387047112e-7,4.74768995673e-7,2.45799157028e-7,5.27834842501e-8,2.04887378175e-8],"median":[0.00627200305462,0.00128372828476,0.000248195283348,0.000106586587208,0.000114106485853,0.000146170626977,0.0000893869364518,0.0000546836126887,0.0000563356661587,0.0000563928806514,0.0000734103887226,0.0000666478081257,0.0000613371157669,0.000104189697595,0.0000816831015982,0.0000405993087043,0.0000311765506922,0.0000394984162995,0.0000384915911127,0.000028148329875,0.0000154413810378,0.00000807948890724,0.00000514309658683,0.00000403772537538,0.00000335033018928,0.00000277840763374,0.00000245328442361,0.00000246796867032,0.00000209101540349,0.00000140801432735,0.00000109773156964,7.81607639055e-7,6.61499313992e-7,4.92498941185e-7,3.78930309353e-7,2.32782781495e-7,1.22350741094e-7,5.91387667725e-8,2.01554541945e-8,7.27917726095e-9],"min":[2.18931364013e-24,2.12215593912e-24,1.43514161132e-24,1.20872068354e-24,3.24832015956e-24,2.63360700448e-24,2.67467924473e-24,1.71535279485e-24,2.94320513028e-24,2.0599238856e-24,2.7470820819e-24,2.3729738695e-24,2.46324263124e-24,3.75458071739e-24,3.60930764295e-24,4.00752147247e-24,2.10839090797e-24,2.26492102752e-24,4.69324275863e-24,4.25445229074e-24,5.54644039827e-24,4.13895989877e-24,4.37019159617e-24,2.49035676663e-24,4.76209335515e-24,4.37612698562e-24,4.92188502011e-24,4.88216390138e-24,5.02741488771e-24,6.51856749684e-24,3.96048209112e-24,5.45903737099e-24,5.09351512068e-24,5.84511930864e-24,6.5993062272e-24,6.39813565232e-24,5.09953886255e-24,6.18229542004e-24,6.94580194134e-24,7.57784360949e-24],"var":[0.0000777176828706,0.00000483061830892,3.4060104781e-7,2.08058196449e-7,2.85659297106e-7,4.61872645019e-7,4.6486425731e-7,1.38200192623e-7,2.15339937881e-7,1.20728842035e-7,1.56408461294e-7,1.66944431612e-7,1.02515230083e-7,5.51376366786e-8,3.26242570736e-8,7.60701723834e-9,6.95983803922e-9,1.54886876658e-8,1.30312969304e-8,5.25766052917e-9,1.10410958154e-9,5.79768233422e-10,5.75405112446e-10,4.00317279325e-10,2.79875400633e-10,3.71837144408e-10,5.96205862458e-10,5.8077254117e-10,9.42116273883e-10,4.88354467976e-10,1.48772619224e-10,5.48715933801e-11,2.33581990555e-11,1.32117034327e-11,5.08493334245e-12,1.88855918751e-12,1.07665558326e-12,2.90021424845e-13,8.89500976944e-15,1.41382673798e-15]},"melbands_crest":{"dmean":3.78154325485,"dmean2":5.95902967453,"dvar":14.9847297668,"dvar2":35.8588371277,"max":38.669128418,"mean":21.3474445343,"median":21.5584278107,"min":1.63168776035,"var":76.849647522},"melbands_flatness_db":{"dmean":0.0314059332013,"dmean2":0.047391641885,"dvar":0.000901074148715,"dvar2":0.00209551537409,"max":0.620052695274,"mean":0.26068520546,"median":0.250567317009,"min":0.000889295479283,"var":0.00763154355809},"melbands_kurtosis":{"dmean":10.6774291992,"dmean2":16.7223377228,"dvar":529.212219238,"dvar2":1249.39648438,"max":648.014221191,"mean":19.758852005,"median":5.4472618103,"min":-1.8689687252,"var":1479.32958984},"melbands_skewness":{"dmean":0.936319172382,"dmean2":1.41921579838,"dvar":1.16759192944,"dvar2":2.64901208878,"max":19.8119888306,"mean":3.03336858749,"median":2.21970772743,"min":-1.82907509804,"var":6.61637449265},"melbands_spread":{"dmean":5.61193609238,"dmean2":8.55932617188,"dvar":53.6601829529,"dvar2":108.58997345,"max":190.850250244,"mean":20.5594482422,"median":18.978012085,"min":0.418667495251,"var":309.400482178},"mfcc":{"cov":[[12319.1240234,-551.573791504,-1845.21276855,1111.92529297,-764.843994141,286.334503174,-547.764770508,341.891174316,-81.1880111694,472.870727539,13.9673938751,373.693450928,-8.11843204498],[-551.573791504,1326.4597168,-1.26322829723,-317.486419678,132.694595337,15.062289238,123.195114136,-104.045013428,64.6351699829,-80.3955383301,16.3891811371,-97.4630203247,74.5944671631],[-1845.21276855,-1.26322829723,865.300354004,-170.432617188,218.085739136,-37.3681869507,96.7230911255,-10.7192726135,-27.1512756348,-41.6254043579,-20.7434120178,-47.3452339172,-35.6119308472],[1111.92529297,-317.486419678,-170.432617188,427.205932617,-98.9138717651,36.2233352661,-54.3041305542,61.4884567261,3.47735905647,74.1114120483,20.3110122681,52.5993385315,-4.97150325775],[-764.843994141,132.694595337,218.085739136,-98.9138717651,231.535919189,32.4164886475,93.568901062,-9.29980564117,26.8648986816,-25.6448860168,9.92103385925,-23.0615196228,3.31071257591],[286.334503174,15.062289238,-37.3681869507,36.2233352661,32.4164886475,203.208175659,76.5581359863,64.6834106445,0.841210842133,24.2891635895,-40.846206665,-0.466928005219,-4.82708406448],[-547.764770508,123.195114136,96.7230911255,-54.3041305542,93.568901062,76.5581359863,193.520645142,24.4134922028,46.1845741272,-39.8870162964,-20.160238266,-49.7785568237,13.7973308563],[341.891174316,-104.045013428,-10.7192726135,61.4884567261,-9.29980564117,64.6834106445,24.4134922028,121.017951965,16.0841884613,37.1641120911,-17.1212062836,19.2070999146,-15.4981689453],[-81.1880111694,64.6351699829,-27.1512756348,3.47735905647,26.8648986816,0.841210842133,46.1845741272,16.0841884613,88.7354888916,12.6016645432,21.0959587097,-12.2237434387,12.4834547043],[472.870727539,-80.3955383301,-41.6254043579,74.1114120483,-25.6448860168,24.2891635895,-39.8870162964,37.1641120911,12.6016645432,109.233184814,25.0016727448,30.6272354126,-14.2982206345],[13.9673938751,16.3891811371,-20.7434120178,20.3110122681,9.92103385925,-40.846206665,-20.160238266,-17.1212062836,21.0959587097,25.0016727448,86.2022399902,29.3441200256,11.8131752014],[373.693450928,-97.4630203247,-47.3452339172,52.5993385315,-23.0615196228,-0.466928005219,-49.7785568237,19.2070999146,-12.2237434387,30.6272354126,29.3441200256,90.5589447021,14.6044578552],[-8.11843204498,74.5944671631,-35.6119308472,-4.97150325775,3.31071257591,-4.82708406448,13.7973308563,-15.4981689453,12.4834547043,-14.2982206345,11.8131752014,14.6044578552,63.7099266052]],"icov":[[0.000196565320948,-0.000100835226476,0.000275379890809,-0.000273615383776,0.000135182097438,-0.0000997098031803,0.000228511591558,-0.000281428423477,0.000189061072888,-0.000374744675355,0.000218179542571,-0.000325028959196,0.0000560652260901],[-0.000100835226476,0.00122175610159,0.0000404293132306,0.000867423776072,-0.000323537969962,-0.000390241650166,-0.000119660478958,0.000672644411679,-0.000504016934428,0.000208752579056,-0.00064079958247,0.00121649901848,-0.00119069835637],[0.000275379890809,0.0000404293132306,0.00227183080278,-0.0000326032168232,-0.00158009957522,0.00102785124909,-0.000580903433729,-0.000743492564652,0.00165861507412,-0.00104138802271,0.000764714030083,-0.000231510362937,0.000712590815965],[-0.000273615383776,0.000867423776072,-0.0000326032168232,0.00396153470501,0.000573718047235,-0.000563373963814,-0.00013828156807,-0.000258313433733,-0.000563003413845,-0.00045214232523,-0.00127060269006,0.000472773448564,-0.000728902290575],[0.000135182097438,-0.000323537969962,-0.00158009957522,0.000573718047235,0.00787594541907,-0.00194885616656,-0.00159756897483,0.000869184616022,-0.00167401006911,0.00060916430084,-0.00201511848718,-0.00101262738463,0.000628557347227],[-0.0000997098031803,-0.000390241650166,0.00102785124909,-0.000563373963814,-0.00194885616656,0.00944724027067,-0.00457719061524,-0.00243090512231,0.00304234633222,-0.00334617774934,0.00430321926251,-0.00150723790284,0.000392259447835],[0.000228511591558,-0.000119660478958,-0.000580903433729,-0.00013828156807,-0.00159756897483,-0.00457719061524,0.0121696069837,-0.0026233275421,-0.00457664765418,0.00394156575203,-0.000892814074177,0.00430106231943,-0.00274276919663],[-0.000281428423477,0.000672644411679,-0.000743492564652,-0.000258313433733,0.000869184616022,-0.00243090512231,-0.0026233275421,0.0142979891971,-0.00387190585025,-0.00226944475435,0.00329714920372,-0.0039424826391,0.00309948250651],[0.000189061072888,-0.000504016934428,0.00165861507412,-0.000563003413845,-0.00167401006911,0.00304234633222,-0.00457664765418,-0.00387190585025,0.0181576926261,-0.00412580417469,-0.00357776461169,0.00320607051253,-0.00269118789583],[-0.000374744675355,0.000208752579056,-0.00104138802271,-0.00045214232523,0.00060916430084,-0.00334617774934,0.00394156575203,-0.00226944475435,-0.00412580417469,0.016132703051,-0.00519794691354,-0.000523349619471,0.00291239633225],[0.000218179542571,-0.00064079958247,0.000764714030083,-0.00127060269006,-0.00201511848718,0.00430321926251,-0.000892814074177,0.00329714920372,-0.00357776461169,-0.00519794691354,0.0197335053235,-0.00726432120427,0.0000732508706278],[-0.000325028959196,0.00121649901848,-0.000231510362937,0.000472773448564,-0.00101262738463,-0.00150723790284,0.00430106231943,-0.0039424826391,0.00320607051253,-0.000523349619471,-0.00726432120427,0.0204197987914,-0.00758995767683],[0.0000560652260901,-0.00119069835637,0.000712590815965,-0.000728902290575,0.000628557347227,0.000392259447835,-0.00274276919663,0.00309948250651,-0.00269118789583,0.00291239633225,0.0000732508706278,-0.00758995767683,0.0216911043972]],"mean":[-668.92980957,152.880523682,-15.669470787,18.4258346558,-1.88780987263,30.8518447876,3.37554693222,13.3159532547,2.35143876076,12.0844898224,-2.48831367493,7.20070171356,5.71614074707]},"pitch_salience":{"dmean":0.0716478973627,"dmean2":0.11264885962,"dvar":0.00484348740429,"dvar2":0.0120226684958,"max":0.964529633522,"mean":0.449997335672,"median":0.46390402317,"min":0.0589042529464,"var":0.0229167472571},"silence_rate_20dB":{"dmean":0,"dmean2":0,"dvar":0,"dvar2":0,"max":1,"mean":1,"median":1,"min":1,"var":0},"silence_rate_30dB":{"dmean":0.0726525038481,"dmean2":0.14532160759,"dvar":0.0673699378967,"dvar2":0.14910800755,"max":1,"mean":0.921073675156,"median":1,"min":0,"var":0.0726946815848},"silence_rate_60dB":{"dmean":0.00594014162198,"dmean2":0.0118816401809,"dvar":0.00590394344181,"dvar2":0.0135720064864,"max":1,"mean":0.0347230136395,"median":0,"min":0,"var":0.0335171669722},"spectral_centroid":{"dmean":193.447982788,"dmean2":287.462493896,"dvar":60740.1210938,"dvar2":105405.242188,"max":11789.8359375,"mean":1270.78979492,"median":1163.78210449,"min":222.584136963,"var":794133.6875},"spectral_complexity":{"dmean":3.14370584488,"dmean2":4.91808509827,"dvar":10.1625432968,"dvar2":21.0730781555,"max":62,"mean":21.9334087372,"median":24,"min":0,"var":183.032714844},"spectral_contrast_coeffs":{"dmean":[0.0473049096763,0.0498832501471,0.0394740439951,0.028564941138,0.0220174975693,0.0352357253432],"dmean2":[0.0793145298958,0.081192150712,0.0662011355162,0.0474959351122,0.0359989330173,0.0545088648796],"dvar":[0.00147751881741,0.00151537661441,0.000980774872005,0.00051245134091,0.000376669544494,0.00101709726732],"dvar2":[0.00406422605738,0.00397477904335,0.00270168413408,0.00138746574521,0.000987821724266,0.00246778782457],"max":[-0.46978521347,-0.47731089592,-0.552639663219,-0.638087332249,-0.66068315506,-0.353713750839],"mean":[-0.754523813725,-0.768901050091,-0.791882932186,-0.801847457886,-0.828455507755,-0.72927749157],"median":[-0.756796896458,-0.775777041912,-0.796086251736,-0.801274895668,-0.81932914257,-0.722216844559],"min":[-0.982660591602,-0.976474940777,-0.977550923824,-0.969433188438,-0.97722530365,-0.964175760746],"var":[0.00358873140067,0.00505583873019,0.00270008598454,0.00186699850019,0.00212754309177,0.00843862071633]},"spectral_contrast_valleys":{"dmean":[0.373663932085,0.385484904051,0.310767740011,0.270745784044,0.3021684587,0.530404865742],"dmean2":[0.61381816864,0.622215211391,0.50638538599,0.427214860916,0.46139228344,0.826458930969],"dvar":[0.114928536117,0.121050059795,0.092450208962,0.086358577013,0.142737776041,0.228736191988],"dvar2":[0.265911668539,0.266143798828,0.196800738573,0.167769104242,0.304049134254,0.539177060127],"max":[-5.00512886047,-4.47312831879,-4.8097615242,-5.35155010223,-5.13924837112,-8.9411315918],"mean":[-6.90502691269,-6.79618787766,-6.90454769135,-7.33429479599,-7.881503582,-11.1141214371],"median":[-6.58607149124,-6.51338005066,-6.5947265625,-6.78232288361,-7.35782623291,-10.8844633102],"min":[-28.2648735046,-27.8125896454,-27.7933750153,-27.5850543976,-27.572271347,-27.4310493469],"var":[2.94226431847,3.13978934288,3.19199872017,3.49543380737,3.55000710487,2.16363334656]},"spectral_decrease":{"dmean":4.34422231521e-9,"dmean2":6.97558011353e-9,"dvar":6.18090794221e-17,"dvar2":1.5993267152e-16,"max":1.87042603628e-9,"mean":-1.07548450146e-8,"median":-9.98531390906e-9,"min":-8.98328735843e-8,"var":9.06913544414e-17},"spectral_energy":{"dmean":0.0166133753955,"dmean2":0.0266306959093,"dvar":0.000845723727252,"dvar2":0.00219069467857,"max":0.349356621504,"mean":0.0546198785305,"median":0.0523194931448,"min":1.02044691981e-20,"var":0.00158665305935},"spectral_energyband_high":{"dmean":0.000482495146571,"dmean2":0.000685247650836,"dvar":0.00000174904573669,"dvar2":0.00000297783367387,"max":0.0394709967077,"mean":0.00145938491914,"median":0.000801362795755,"min":7.06632851543e-21,"var":0.00000701715862306},"spectral_energyband_low":{"dmean":0.0137809943408,"dmean2":0.0225390587002,"dvar":0.00077187793795,"dvar2":0.0020657510031,"max":0.321891486645,"mean":0.0301766674966,"median":0.0246642529964,"min":1.95986638554e-23,"var":0.000958013290074},"spectral_energyband_middle_high":{"dmean":0.00266675278544,"dmean2":0.0042042164132,"dvar":0.0000162023661687,"dvar2":0.0000396521754737,"max":0.0591363832355,"mean":0.00831856764853,"median":0.00536666624248,"min":1.26829002227e-21,"var":0.0000794185325503},"spectral_energyband_middle_low":{"dmean":0.00354888103902,"dmean2":0.00549600226805,"dvar":0.0000294534038403,"dvar2":0.0000691009627189,"max":0.0818806663156,"mean":0.00806894432753,"median":0.00468006357551,"min":2.06182706775e-22,"var":0.0000822578003863},"spectral_entropy":{"dmean":0.173117861152,"dmean2":0.25647893548,"dvar":0.0349798575044,"dvar2":0.0771185383201,"max":9.82467937469,"mean":7.58984518051,"median":7.69347333908,"min":4.89139509201,"var":0.20992410183},"spectral_flux":{"dmean":0.0269091166556,"dmean2":0.0436813607812,"dvar":0.00143755751196,"dvar2":0.00324981752783,"max":0.478422194719,"mean":0.109329171479,"median":0.10558668524,"min":6.4073787942e-11,"var":0.00418551918119},"spectral_kurtosis":{"dmean":5.0894203186,"dmean2":7.7498884201,"dvar":64.0807113647,"dvar2":158.286392212,"max":137.768478394,"mean":18.3444728851,"median":15.4386787415,"min":-1.25572264194,"var":151.333084106},"spectral_rms":{"dmean":0.000982072087936,"dmean2":0.00152466411237,"dvar":0.00000185564420008,"dvar2":0.0000045462743401,"max":0.0184617359191,"mean":0.0067335665226,"median":0.00714446697384,"min":3.15524646341e-12,"var":0.00000794684274297},"spectral_rolloff":{"dmean":3572.29907227,"dmean2":6675.21484375,"dvar":43233400,"dvar2":98738992,"max":22050,"mean":9491.81152344,"median":2756.25,"min":21.533203125,"var":92830208},"spectral_skewness":{"dmean":0.397392898798,"dmean2":0.599564731121,"dvar":0.288174688816,"dvar2":0.701095104218,"max":9.54059314728,"mean":2.97699713707,"median":2.72022914886,"min":-0.0979227721691,"var":1.07975900173},"spectral_spread":{"dmean":564936,"dmean2":835697.875,"dvar":510669783040,"dvar2":1058068103170,"max":41971788,"mean":4571898,"median":4221244.5,"min":1333948.625,"var":7170443706370},"spectral_strongpeak":{"dmean":1.9000916481,"dmean2":3.45023918152,"dvar":60.8745346069,"dvar2":157.168045044,"max":152.139709473,"mean":2.09636163712,"median":0.268674880266,"min":0,"var":67.6639099121},"zerocrossingrate":{"dmean":0.0361488759518,"dmean2":0.0459784306586,"dvar":0.00123701884877,"dvar2":0.00186904647853,"max":0.8388671875,"mean":0.242617443204,"median":0.22216796875,"min":0.02001953125,"var":0.0153805874288}},"metadata":{"audio_properties":{"analysis_sample_rate":44100,"bit_rate":192000,"codec":"mp3","downmix":"mix","equal_loudness":0,"length":203.258773804,"lossless":false,"md5_encoded":"bf541d0a034a58d3571436420a8851f0","replay_gain":0.298820495605},"tags":{"album":["Steal This Album!"],"albumartist":["System of a Down"],"albumartistsort":["System of a Down"],"artist":["System of a Down"],"artistsort":["System of a Down"],"date":["2002-11-25"],"discnumber":["1/1"],"file_name":"13 - Ego Brain.mp3","mp3gain_album_minmax":["055,202"],"mp3gain_minmax":["055,202"],"musicbrainz album release country":["GB"],"musicbrainz album type":["album"],"musicbrainz_albumartistid":["cc0b7089-c08d-4c10-b6b0-873582c17fd6"],"musicbrainz_albumid":["c3502349-4781-4136-a9d6-02aec80281a4"],"musicbrainz_artistid":["cc0b7089-c08d-4c10-b6b0-873582c17fd6"],"musicbrainz_recordingid":["ba608f66-8139-46ba-a4e1-7b15d437be4e"],"musicbrainz_releasegroupid":["3351730c-7853-38f3-8d56-1bf627de4523"],"title":["Ego Brain"],"tracknumber":["13/16"]},"version":{"essentia":"2.1-beta1","essentia_build_sha":"0a826ad6289770054bb7564d59068f1232327ff9","essentia_git_sha":"v2.1_beta1-5-gf9dded9","extractor":"music 1.0"}},"rhythm":{"beats_count":294,"beats_loudness":{"dmean":0.0264505594969,"dmean2":0.0471498705447,"dvar":0.000603271706495,"dvar2":0.00192410754971,"max":0.183552935719,"mean":0.0638336613774,"median":0.0641396269202,"min":4.75454253746e-9,"var":0.00126565562095},"beats_loudness_band_ratio":{"dmean":[0.256012499332,0.0696863904595,0.0727641060948,0.0937405452132,0.0446041710675,0.0858734920621],"dmean2":[0.476904779673,0.120016805828,0.1346937567,0.175308704376,0.085922524333,0.159694761038],"dvar":[0.0305848326534,0.00631366111338,0.0053103310056,0.00638306001201,0.00151929329149,0.0046598049812],"dvar2":[0.1037459746,0.015844091773,0.0147213675082,0.0207104627043,0.00476968614385,0.0140321338549],"max":[0.959713160992,0.682814002037,0.415081620216,0.576187431812,0.242284312844,0.733272135258],"mean":[0.529075324535,0.077