{"lowlevel":{"average_loudness":0.976024568081,"barkbands":{"dmean":[0.00575644476339,0.0131100555882,0.00370429526083,0.00121907377616,0.00231807725504,0.00119986513164,0.0011509405449,0.00107532099355,0.0013833839912,0.00116519909352,0.00123634794727,0.00240133260377,0.00154197856318,0.00114801560994,0.000647069362458,0.000379094184609,0.000185996759683,0.000180247589014,0.0000887004644028,0.0000529736716999,0.0000392733745684,0.0000174608248926,0.00000705791035216,0.00000467423069495,0.00000297204019262,0.00000554883672521,0.00070800317917],"dmean2":[0.00939643196762,0.022281082347,0.00645001372322,0.00211673555896,0.00398640148342,0.00204536528327,0.00194946897682,0.00182845781092,0.00234020058997,0.00197863765061,0.00212149228901,0.00411831540987,0.00262609776109,0.00195578904822,0.0010916221654,0.000645712309051,0.000320657709381,0.000309477589326,0.000147152939462,0.0000875241094036,0.0000615744647803,0.000026864137908,0.0000108949216155,0.00000732858325136,0.00000495704216519,0.00000836710023577,0.00115046079736],"dvar":[0.0000813032675069,0.000338678190019,0.0000305374196614,0.00000253440748565,0.0000187938476301,0.00000350643040292,0.00000341588543051,0.00000702513534634,0.00000426274527854,0.00000173526893832,0.00000189936235984,0.00000628852376394,0.00000235391667047,0.00000141956354582,3.66163106946e-7,1.65548911468e-7,5.48279608381e-8,9.37997057804e-8,1.62040230123e-8,6.3081522228e-9,1.36778641746e-8,2.05478989379e-9,3.39946182315e-10,1.5300619105e-10,2.09997470801e-11,1.04926622946e-10,4.01223815061e-7],"dvar2":[0.000195710948901,0.000911159790121,0.0000830158678582,0.00000705593356543,0.0000532989070052,0.00000970582368609,0.00000918455407373,0.0000197271001525,0.0000116706305562,0.00000474770422443,0.00000529432099938,0.0000169585910044,0.00000648630884825,0.00000393594200432,0.00000101327145785,4.58158183392e-7,1.47533782524e-7,2.56762291428e-7,3.82069735849e-8,1.47935423911e-8,2.89446884238e-8,4.16672829573e-9,6.59797994018e-10,3.48656603588e-10,5.34651559136e-11,2.13997153331e-10,0.00000108589142656],"max":[0.119050934911,0.199644118547,0.048786714673,0.0200660936534,0.0748091861606,0.0253979861736,0.0334757193923,0.0494873449206,0.0439959280193,0.0187970437109,0.0164041556418,0.0497508123517,0.0298141501844,0.0307649672031,0.00696617504582,0.00567121477798,0.00318582262844,0.00841368921101,0.00355428410694,0.00302187376656,0.00722935050726,0.0016377113061,0.000795380445197,0.000647029897664,0.000065863780037,0.000372460490325,0.00964976940304],"mean":[0.00596600817516,0.0160176064819,0.00354436016642,0.00142608431634,0.00319006014615,0.00164523604326,0.00175044545904,0.00153527758084,0.00215096352622,0.00185583205894,0.00196212506853,0.00426016841084,0.00288150622509,0.00225405744277,0.00129635434132,0.000730696949176,0.000331091869157,0.000317321362672,0.000176949557499,0.000122860044939,0.0000816607789602,0.0000345658954757,0.0000122838346215,0.00000635810738459,0.00000303911156152,0.00000931011982175,0.00218463223428],"median":[0.002456208691,0.0100653097034,0.0017488837475,0.000820383895189,0.00202043261379,0.000978635856882,0.000946841260884,0.00049099867465,0.00141133624129,0.0014412489254,0.00154984963592,0.0036157600116,0.00252377986908,0.00199497351423,0.00117027736269,0.000642780796625,0.000272437871899,0.000240587542066,0.000135018955916,0.000100475575891,0.0000565667141927,0.0000221841473831,0.00000715305941412,0.00000283781355392,0.00000142818157656,0.00000528348027728,0.00213007815182],"min":[3.94090626124e-25,3.39245332998e-24,4.57729282734e-24,3.58137289501e-24,1.16505754798e-23,1.92506831106e-23,9.07218361111e-24,9.76062173423e-24,2.59333478753e-23,2.84338728617e-23,5.09222888297e-24,2.94467039997e-23,3.30646062822e-23,3.65894355997e-23,5.41229262919e-23,5.60749089593e-23,1.05083801464e-22,1.07551932666e-22,1.74924819158e-22,2.56568363508e-22,3.36379099985e-22,3.76529065591e-22,4.95768710942e-22,6.72704683646e-22,1.09008389516e-21,1.39762877853e-21,2.20577908731e-21],"var":[0.0000855851612869,0.000348223664332,0.0000257998726738,0.00000307502705255,0.0000165674537129,0.00000428514931627,0.00000596199151914,0.0000109589209387,0.00000605444529356,0.00000240634471993,0.00000258985187429,0.000008934827747,0.00000335130562235,0.00000203030231205,5.61329784432e-7,2.0129125744e-7,6.12264656752e-8,1.04362520403e-7,3.13632071425e-8,1.44033567295e-8,3.06547320861e-8,5.13292697235e-9,6.74218514352e-10,1.97967670035e-10,2.1729265956e-11,2.12570822056e-10,0.00000104652349364]},"barkbands_crest":{"dmean":3.02657818794,"dmean2":5.03492546082,"dvar":7.58204221725,"dvar2":19.3811798096,"max":24.4876689911,"mean":8.12737178802,"median":7.12508583069,"min":2.52801513672,"var":14.6742420197},"barkbands_flatness_db":{"dmean":0.0217559076846,"dmean2":0.0351664759219,"dvar":0.000371663249098,"dvar2":0.000942286977079,"max":0.309158354998,"mean":0.122002407908,"median":0.118363499641,"min":0.0263261161745,"var":0.000815296079963},"barkbands_kurtosis":{"dmean":1.85796582699,"dmean2":3.09162759781,"dvar":13.7439403534,"dvar2":35.8501739502,"max":117.704444885,"mean":2.36147212982,"median":1.41105985641,"min":-1.57518708706,"var":14.5031909943},"barkbands_skewness":{"dmean":0.473211705685,"dmean2":0.767013192177,"dvar":0.267643511295,"dvar2":0.650991141796,"max":8.81380939484,"mean":1.33881139755,"median":1.19810283184,"min":-2.50508260727,"var":0.49959808588},"barkbands_spread":{"dmean":8.38341426849,"dmean2":13.6838769913,"dvar":47.587562561,"dvar2":127.199584961,"max":93.7207946777,"mean":38.0386505127,"median":38.1312179565,"min":1.46237659454,"var":128.050033569},"dissonance":{"dmean":0.0120842913166,"dmean2":0.0212695728987,"dvar":0.000180006070877,"dvar2":0.000523180584423,"max":0.500000119209,"mean":0.483835309744,"median":0.486963003874,"min":0.00272825360298,"var":0.000177017500391},"dynamic_complexity":1.16730439663,"erbbands":{"dmean":[0.637560427189,2.20472359657,4.22273111343,3.67377257347,5.34756040573,9.29198741913,8.55779647827,11.4423065186,17.1118297577,17.1288871765,25.1414813995,29.6193256378,39.3607215881,29.0000705719,61.8619194031,99.2590560913,71.959022522,49.7086677551,44.5582427979,24.4895858765,17.6682224274,10.3626308441,8.86130714417,7.06186294556,3.46788883209,2.46777534485,1.84934651852,1.27186715603,0.683667778969,0.338871836662,0.181652978063,0.11970770359,0.0648772567511,0.0334709100425,0.0212625265121,0.0142414839938,0.0119607551023,0.00888130161911,0.00694670854136,0.0138381328434],"dmean2":[1.09091258049,3.74557161331,7.33471012115,6.33464956284,9.33846664429,15.8525018692,14.9830818176,19.4781150818,29.1736965179,28.8457164764,42.8589668274,50.0151977539,66.8223571777,49.389793396,105.937644958,169.38633728,122.402099609,83.8063812256,74.7872009277,41.5478630066,30.1394062042,17.8962860107,15.246799469,11.9341125488,5.7101650238,4.08254575729,2.9556248188,1.99230253696,1.05852305889,0.524443387985,0.282242655754,0.183150202036,0.104195483029,0.0558440312743,0.0354302860796,0.0230949129909,0.0177998915315,0.0130339981988,0.0107536343858,0.0217858366668],"dvar":[0.869289040565,9.01185321808,33.6234664917,23.3164558411,70.455406189,320.55255127,374.231048584,296.436248779,700.928649902,1262.0045166,3500.15527344,2393.48095703,2121.37255859,1142.16333008,4177.75146484,12038.0029297,5308.05566406,2778.68603516,1799.43579102,562.775878906,361.612792969,179.253646851,184.173141479,131.510681152,28.8685092926,13.1092586517,18.86602211,24.9442214966,3.30425667763,0.982810258865,0.227849662304,0.117860756814,0.0193860828876,0.00267991726287,0.00105141813401,0.000464359705802,0.000673760310747,0.000438677438069,0.000110634311568,0.000130476502818],"dvar2":[2.32519221306,24.1810417175,90.8706588745,63.4377326965,199.386932373,896.811523438,1055.52404785,820.233581543,1903.70275879,3415.26171875,9907.57910156,6602.90185547,5728.17382812,3097.390625,11732.5498047,32047.9648438,14533.6533203,7770.83203125,4935.33984375,1546.46984863,993.858825684,476.851165771,499.349090576,341.811553955,64.3599700928,31.431060791,39.1173171997,60.4785499573,6.74036836624,1.89271783829,0.433636814356,0.238620460033,0.0486299395561,0.00682466616854,0.00267398520373,0.00115533696953,0.00133486336563,0.000785424956121,0.000215322012082,0.000332020135829],"max":[8.5381193161,38.5566978455,57.2121772766,63.8719673157,111.613609314,392.266296387,289.532806396,253.389053345,556.133911133,838.222351074,1090.69384766,1092.06970215,749.974243164,589.473266602,719.698120117,2415.23242188,1466.90222168,1700.5814209,540.841308594,230.859176636,246.27116394,176.397155762,230.721664429,298.94821167,239.116607666,124.987434387,190.588821411,331.122711182,80.1973953247,44.8581962585,23.0220184326,17.3788852692,6.57544469833,0.741804838181,0.465811282396,0.620294988155,1.13070511818,1.19682216644,0.417035609484,0.19392952323],"mean":[0.726753056049,2.59046292305,4.35002279282,4.55503559113,6.88690328598,12.4092473984,10.2271385193,15.9973268509,25.2382488251,26.4382953644,37.3151130676,46.276889801,63.8719062805,53.2557029724,111.682563782,178.783752441,141.457321167,110.250762939,96.2818908691,53.2847824097,35.0787620544,19.6777515411,16.2910575867,13.5064516068,7.59461116791,5.72934103012,4.0366230011,2.56400489807,1.36663579941,0.640702962875,0.306950002909,0.178651824594,0.0803997963667,0.0350044518709,0.0222355574369,0.017785910517,0.0205779187381,0.0237574186176,0.0320349894464,0.0612923875451],"median":[0.417558550835,1.54727184772,2.39337778091,2.87913560867,4.22356414795,7.00387907028,5.63739395142,9.77390384674,13.4439964294,11.7061290741,13.0118055344,29.4695014954,49.5067138672,43.1730804443,93.3867034912,151.48034668,124.166320801,100.621894836,87.1819458008,48.6852722168,30.826675415,16.2769966125,12.8222589493,10.1272449493,6.08393383026,4.69236421585,3.02268457413,1.6946310997,0.884796202183,0.387564718723,0.173414707184,0.0838552713394,0.0360933914781,0.0170588232577,0.0108164828271,0.00939558818936,0.0111360903829,0.0178696550429,0.0296138599515,0.0617349855602],"min":[8.98878918051e-23,5.88430610032e-22,4.86739770004e-21,9.73090102729e-21,1.73773876903e-20,4.51769441372e-20,6.27743489457e-20,1.41973648499e-19,1.53804709402e-19,2.81797506284e-19,5.16608155246e-19,6.43560733733e-19,6.97518707367e-19,1.2504659926e-18,7.63156729744e-19,1.40659395507e-18,1.23344809566e-18,2.89846402744e-18,3.47853890766e-18,5.206804171e-18,4.20565672228e-18,5.85245296709e-18,6.09952643939e-18,6.33944355862e-18,8.45142756837e-18,1.25235434254e-17,1.11773971411e-17,1.41421927819e-17,1.17555343508e-17,1.3810112026e-17,1.20951738831e-17,1.2772777907e-17,1.16157209749e-17,9.3056760121e-18,7.94685070343e-18,4.86583660019e-18,2.61627508378e-18,1.12331933686e-18,2.8241848628e-19,3.11975465486e-20],"var":[0.836185097694,9.92604160309,30.1787872314,26.0107307434,75.7458267212,297.79598999,283.931640625,377.799102783,1075.45080566,2266.61645508,5629.21630859,3223.41113281,2869.96411133,1591.12158203,6040.03955078,16548.0957031,7720.6796875,4041.01586914,2998.54174805,818.658630371,441.250640869,203.569732666,206.361465454,189.617752075,60.6688842773,28.5322933197,48.0500946045,37.9836273193,7.9134683609,2.07633543015,0.457892328501,0.187260568142,0.0216994583607,0.0027778451331,0.00109848415013,0.00059000053443,0.00131479871925,0.00121885805856,0.000430815009167,0.000521446112543]},"erbbands_crest":{"dmean":2.25871372223,"dmean2":3.88302922249,"dvar":3.82453918457,"dvar2":10.6905384064,"max":25.6467037201,"mean":8.04675865173,"median":7.6240811348,"min":2.88541984558,"var":5.87528562546},"erbbands_flatness_db":{"dmean":0.0197385493666,"dmean2":0.0313517041504,"dvar":0.000251542398473,"dvar2":0.000632128561847,"max":0.306653529406,"mean":0.173603251576,"median":0.173231601715,"min":0.0563476346433,"var":0.000906091649085},"erbbands_kurtosis":{"dmean":1.0728905201,"dmean2":1.7756588459,"dvar":1.06208872795,"dvar2":2.78696990013,"max":24.1022415161,"mean":1.81424200535,"median":1.62037301064,"min":-1.13384568691,"var":2.46609163284},"erbbands_skewness":{"dmean":0.304627895355,"dmean2":0.498046725988,"dvar":0.0585199482739,"dvar2":0.156987085938,"max":1.4986833334,"mean":-0.372465848923,"median":-0.389200627804,"min":-2.32297945023,"var":0.183464989066},"erbbands_spread":{"dmean":4.11525726318,"dmean2":6.7038192749,"dvar":14.1422643661,"dvar2":35.0769271851,"max":57.1537208557,"mean":16.7775115967,"median":15.8250637054,"min":3.11488366127,"var":38.9705276489},"gfcc":{"cov":[[6472.61669922,501.587249756,-222.393844604,-29.9112148285,-189.190917969,-75.4305953979,-18.214515686,-71.6187057495,-21.5843601227,20.7391166687,-7.32161331177,-60.0524673462,-58.9978866577],[501.587249756,442.145782471,-74.0927734375,-72.9426956177,89.0283737183,-110.666519165,64.388923645,-54.2077102661,49.0327072144,-26.221408844,20.1982975006,-19.0972385406,10.6069192886],[-222.393844604,-74.0927734375,184.67527771,87.5507049561,-42.1857376099,84.2269287109,-43.395149231,71.3668136597,-13.5504417419,29.1997737885,-10.0711841583,4.79304885864,-10.128692627],[-29.9112148285,-72.9426956177,87.5507049561,195.55796814,9.85540676117,21.6841545105,52.3070449829,21.5439434052,1.51706707478,7.35917329788,-12.8851442337,22.5172939301,-32.1147346497],[-189.190917969,89.0283737183,-42.1857376099,9.85540676117,175.312301636,27.6540966034,69.3482666016,-11.9620189667,3.52835488319,-15.8974733353,15.8978633881,3.33419704437,46.0693244934],[-75.4305953979,-110.666519165,84.2269287109,21.6841545105,27.6540966034,169.20501709,-18.0843238831,75.8016357422,-16.4317092896,21.9132518768,0.495899349451,6.67963886261,29.4266033173],[-18.214515686,64.388923645,-43.395149231,52.3070449829,69.3482666016,-18.0843238831,139.988220215,-11.6600055695,44.7830047607,-3.71268582344,4.58046865463,15.1210451126,-9.32391643524],[-71.6187057495,-54.2077102661,71.3668136597,21.5439434052,-11.9620189667,75.8016357422,-11.6600055695,113.179603577,10.2391777039,30.3201675415,7.23968076706,2.59450030327,13.4270629883],[-21.5843601227,49.0327072144,-13.5504417419,1.51706707478,3.52835488319,-16.4317092896,44.7830047607,10.2391777039,72.6470336914,22.9760112762,12.9572753906,11.4898262024,-11.6101875305],[20.7391166687,-26.221408844,29.1997737885,7.35917329788,-15.8974733353,21.9132518768,-3.71268582344,30.3201675415,22.9760112762,49.5790557861,19.8564014435,7.1405377388,0.504008829594],[-7.32161331177,20.1982975006,-10.0711841583,-12.8851442337,15.8978633881,0.495899349451,4.58046865463,7.23968076706,12.9572753906,19.8564014435,38.6517066956,17.2368755341,15.1743736267],[-60.0524673462,-19.0972385406,4.79304885864,22.5172939301,3.33419704437,6.67963886261,15.1210451126,2.59450030327,11.4898262024,7.1405377388,17.2368755341,39.9014701843,10.6504106522],[-58.9978866577,10.6069192886,-10.128692627,-32.1147346497,46.0693244934,29.4266033173,-9.32391643524,13.4270629883,-11.6101875305,0.504008829594,15.1743736267,10.6504106522,60.3348236084]],"icov":[[0.000301141990349,-0.000926125212573,0.00143726856913,-0.000949066248722,0.00114855112042,-0.00103234872222,0.000256239931332,0.0000533196289325,0.000762683630455,-0.00102099322248,0.000322523730574,0.000203394971322,-0.000114085902169],[-0.000926125212573,0.00746322609484,-0.00738610466942,0.00519482791424,-0.00581185054034,0.0065977377817,-0.00226565496996,0.000369267072529,-0.00549710076302,0.00666190497577,-0.00441580498591,0.00275297276676,-0.000393794209231],[0.00143726856913,-0.00738610466942,0.0225245729089,-0.0123710138723,0.00818960089236,-0.010914706625,0.00732332281768,-0.00365477753803,0.00552617246285,-0.0106362737715,0.00629217922688,-0.0010774997063,0.000675517192576],[-0.000949066248722,0.00519482791424,-0.0123710138723,0.0164146125317,-0.00819900259376,0.00709034595639,-0.0066153081134,-0.001284169266,0.00134108983912,0.00185405218508,0.00307244504802,-0.00878592208028,0.00790557730943],[0.00114855112042,-0.00581185054034,0.00818960089236,-0.00819900259376,0.0194575022906,-0.00966270267963,-0.0045471014455,0.00354811921716,0.00257090409286,0.000838945037685,-0.00588833261281,0.00895539298654,-0.0120932320133],[-0.00103234872222,0.0065977377817,-0.010914706625,0.00709034595639,-0.00966270267963,0.0181864816695,-0.00206093117595,-0.00562735460699,-0.000828061485663,0.00139672041405,0.00213351263665,-0.00284485286102,-0.000991106848232],[0.000256239931332,-0.00226565496996,0.00732332281768,-0.0066153081134,-0.0045471014455,-0.00206093117595,0.0176486577839,-0.00138453929685,-0.00687064183876,-0.000846872921102,0.00404009735212,-0.00448971381411,0.00433112727478],[0.0000533196289325,0.000369267072529,-0.00365477753803,-0.001284169266,0.00354811921716,-0.00562735460699,-0.00138453929685,0.0173273645341,-0.00475022802129,-0.00162787153386,-0.00402214424685,0.00656725093722,-0.00639268243685],[0.000762683630455,-0.00549710076302,0.00552617246285,0.00134108983912,0.00257090409286,-0.000828061485663,-0.00687064183876,-0.00475022802129,0.0310401022434,-0.0185039490461,0.00612823851407,-0.0105400187895,0.00823677051812],[-0.00102099322248,0.00666190497577,-0.0106362737715,0.00185405218508,0.000838945037685,0.00139672041405,-0.000846872921102,-0.00162787153386,-0.0185039490461,0.0492235794663,-0.0290364958346,0.01182014402,-0.00281427963637],[0.000322523730574,-0.00441580498591,0.00629217922688,0.00307244504802,-0.00588833261281,0.00213351263665,0.00404009735212,-0.00402214424685,0.00612823851407,-0.0290364958346,0.0584289543331,-0.0271346867085,0.000274975929642],[0.000203394971322,0.00275297276676,-0.0010774997063,-0.00878592208028,0.00895539298654,-0.00284485286102,-0.00448971381411,0.00656725093722,-0.0105400187895,0.01182014402,-0.0271346867085,0.0499177463353,-0.0168623812497],[-0.000114085902169,-0.000393794209231,0.000675517192576,0.00790557730943,-0.0120932320133,-0.000991106848232,0.00433112727478,-0.00639268243685,0.00823677051812,-0.00281427963637,0.000274975929642,-0.0168623812497,0.0371783822775]],"mean":[39.1130027771,108.105888367,-115.420440674,-17.7197952271,4.16223478317,-9.34370422363,9.43726634979,-22.1214485168,-0.20765966177,-6.70076560974,1.83801198006,-5.06829833984,-1.91733586788]},"hfc":{"dmean":63.1080627441,"dmean2":101.199676514,"dvar":7446.71337891,"dvar2":16642.5820312,"max":1757.9765625,"mean":269.380004883,"median":249.241744995,"min":1.14908820497e-16,"var":14143.8544922},"melbands":{"dmean":[0.00468742242083,0.0022956028115,0.000653757306281,0.000507030053996,0.000330468581524,0.000250072131166,0.000250297249295,0.00019340236031,0.000216595071834,0.000193796498934,0.000199726127903,0.000121437224152,0.000186422868865,0.000280463369563,0.000209837526199,0.00013842676708,0.000103796017356,0.0000870922158356,0.0000448354876426,0.0000300212377624,0.0000202950159292,0.0000115811681098,0.00000906593959371,0.00000919828744372,0.00000589412957197,0.0000031017582387,0.00000236675919041,0.00000160050410614,0.00000128172382574,0.00000107134292193,7.12535495495e-7,4.52918612837e-7,2.59845961637e-7,1.72695592937e-7,1.1144889811e-7,8.66354596951e-8,7.07044662818e-8,4.98802670279e-8,3.24487601233e-8,2.71020166309e-8],"dmean2":[0.00792032573372,0.00396667886525,0.0011193632381,0.000870137184393,0.000575023295823,0.000425583362812,0.000425096950494,0.000326971203322,0.000370081659639,0.000327489076881,0.000339353224263,0.000207053904887,0.000320340594044,0.000482459290652,0.000353773823008,0.000236094274442,0.000176388552063,0.000147539802128,0.0000757467350923,0.0000514658495376,0.0000348587054759,0.0000200107824639,0.000015690426153,0.0000157314752869,0.00000999312305794,0.00000518323849974,0.00000393315258407,0.00000267164955403,0.00000206937261282,0.00000169766065028,0.00000113034695914,7.15177804977e-7,4.11273759937e-7,2.69595460622e-7,1.75349356368e-7,1.34666123586e-7,1.10813004994e-7,7.98528319024e-8,5.3902041941e-8,4.52363160264e-8],"dvar":[0.0000453503089375,0.00000783635096013,7.11377140306e-7,7.9562528299e-7,5.30204999905e-7,1.38726264254e-7,1.50368364871e-7,1.8603185481e-7,2.29738645885e-7,8.97415688428e-8,5.39953468603e-8,2.01189322979e-8,4.19882724145e-8,8.48961860811e-8,4.68399043996e-8,2.01649772436e-8,1.28923733911e-8,7.23598336805e-9,1.74197356539e-9,1.03811048646e-9,4.85628925961e-10,2.07752801074e-10,1.71854044884e-10,2.66561828166e-10,8.73641922694e-11,2.08279747616e-11,1.36450442959e-11,5.38123885729e-12,7.41263474213e-12,9.93941561001e-12,9.74855786373e-12,1.33110503956e-12,7.48681607161e-13,2.18078918639e-13,8.5444543422e-14,5.39289309552e-14,5.39966529334e-14,1.34469182412e-14,2.57485310471e-15,1.775414727e-15],"dvar2":[0.000120425400382,0.0000209347235796,0.00000195604616238,0.00000223619986173,0.00000150428695633,3.84794589081e-7,4.05458308705e-7,5.05499542669e-7,6.46491230327e-7,2.46698732553e-7,1.46096823528e-7,5.49368266434e-8,1.16534607741e-7,2.29753453596e-7,1.27315800569e-7,5.60351232082e-8,3.63929864022e-8,1.98809289031e-8,4.83802820028e-9,2.84964851716e-9,1.33630462251e-9,5.56990176204e-10,4.72883898706e-10,7.31670890541e-10,2.26651267199e-10,5.00042091067e-11,3.12033419936e-11,1.33962381119e-11,1.61317487146e-11,2.19390981077e-11,2.48382755336e-11,2.856602975e-12,1.60519221613e-12,4.23101820506e-13,1.68681136225e-13,1.02831405771e-13,1.23152857812e-13,3.39152466419e-14,6.59929552546e-15,4.52226104803e-15],"max":[0.0651398599148,0.0259804408997,0.0110455751419,0.020425485447,0.0102123161778,0.00504813995212,0.00789747852832,0.00905261654407,0.00802753679454,0.00657073361799,0.00362790352665,0.00254193204455,0.00249268906191,0.00423663295805,0.00463084038347,0.00316091091372,0.00373452389613,0.0010038780747,0.000523693452124,0.000437340640929,0.000235161816818,0.000202067414648,0.000268208590569,0.000490018748678,0.00022617225477,0.000147145939991,0.000157513874001,0.0000765087897889,0.000120003474876,0.00017231972015,0.000204319454497,0.0000450754778285,0.0000448176542704,0.0000216213975364,0.0000138882651299,0.00000919801368582,0.0000130713424369,0.00000557462954021,9.94437641566e-7,6.05606714998e-7],"mean":[0.00570054957643,0.00266731856391,0.000859736872371,0.000703531375621,0.000412977358792,0.000355109659722,0.000377653195756,0.000290461262921,0.000316078832839,0.000299059145618,0.00031889238744,0.000205462623853,0.000314647331834,0.000485840806505,0.000392423360609,0.000259411812294,0.000203598465305,0.000171051549842,0.0000888026552275,0.0000567283495911,0.0000368599175999,0.0000202512310352,0.0000152344300659,0.000015304185581,0.0000106359484562,0.00000592053038417,0.00000490028651257,0.00000344896170645,0.00000258710156231,0.00000204665388992,0.00000130371267915,8.51243271427e-7,4.72482923897e-7,3.03881648733e-7,1.78388233962e-7,1.37169550385e-7,9.71269997763e-8,6.14101267615e-8,3.4634023649e-8,2.74272284884e-8],"median":[0.00352172716521,0.0016532947775,0.000563603825867,0.000447233265731,0.000242509035161,0.000220390735194,0.000205069576623,0.000115564282169,0.000113766931463,0.000199182977667,0.000246973359026,0.000161236646818,0.00025520962663,0.000407785410061,0.000341977720382,0.000226136820856,0.00017941344413,0.000150164822116,0.0000805369709269,0.0000495337189932,0.0000316162404488,0.0000165516830748,0.0000118342722999,0.0000111997542263,0.0000078152588685,0.00000449497156296,0.00000382194275517,0.00000279598430097,0.00000194139170162,0.00000138014866025,8.23036316433e-7,5.52091478312e-7,2.78766464135e-7,1.81545374289e-7,9.95217135369e-8,7.21079942423e-8,4.10624387825e-8,2.63443169501e-8,1.6816498416e-8,1.2641450553e-8],"min":[1.090135661e-24,1.42345374954e-24,3.22033748832e-24,2.87716702011e-24,1.9077723385e-24,3.46995773063e-24,2.28816737789e-24,3.00638953613e-24,4.87115219201e-24,3.97997523852e-24,3.46294515161e-24,5.34042779515e-24,1.16942199983e-24,3.73406638955e-24,2.64840504899e-24,2.60627455184e-24,4.68103040296e-24,5.63384303113e-24,6.43402685135e-24,3.641126742e-24,4.15266122941e-24,5.02792015312e-24,4.89639495211e-24,4.4388998033e-24,4.17123811486e-24,6.38368727041e-24,5.85107718062e-24,7.50069774612e-24,6.42803348062e-24,6.02181665723e-24,7.40450404734e-24,4.57518459657e-24,5.92330252409e-24,7.45603007508e-24,5.76478526392e-24,7.88030629118e-24,7.1405622325e-24,7.37767567681e-24,6.38081897216e-24,7.63554010723e-24],"var":[0.0000458685499325,0.00000829648888612,8.5018388063e-7,7.6317849107e-7,3.97304091848e-7,1.80195797839e-7,2.43035486847e-7,3.20546149624e-7,3.74856540475e-7,1.18926720916e-7,7.246949707e-8,2.71540478991e-8,5.93233338009e-8,1.18975854946e-7,6.75201761169e-8,2.77630807233e-8,1.70247158593e-8,1.12412807951e-8,2.62888155689e-9,1.25663046635e-9,5.7059207359e-10,2.31856991939e-10,1.73990863384e-10,2.97612656741e-10,1.26004331968e-10,3.86692483589e-11,2.88835639434e-11,1.03216133557e-11,1.74524786983e-11,2.02895564932e-11,1.23097157467e-11,2.9353743828e-12,1.37773755078e-12,4.36883114321e-13,1.62941532554e-13,9.9370490135e-14,6.65166232099e-14,1.46428720115e-14,2.71196846887e-15,1.82523741672e-15]},"melbands_crest":{"dmean":5.34765529633,"dmean2":8.80024147034,"dvar":21.3550395966,"dvar2":54.0461769104,"max":36.1246757507,"mean":14.8348426819,"median":13.8874320984,"min":1.57179510593,"var":45.6903533936},"melbands_flatness_db":{"dmean":0.0307193659246,"dmean2":0.0495914518833,"dvar":0.000693735433742,"dvar2":0.00175535015296,"max":0.450375527143,"mean":0.225677922368,"median":0.221964508295,"min":0.00459591113031,"var":0.00174194807187},"melbands_kurtosis":{"dmean":3.26926398277,"dmean2":5.43197154999,"dvar":41.9701499939,"dvar2":105.91015625,"max":149.403625488,"mean":2.51034235954,"median":0.54329419136,"min":-1.75040149689,"var":49.0075721741},"melbands_skewness":{"dmean":0.759926199913,"dmean2":1.22073435783,"dvar":0.556552231312,"dvar2":1.37391924858,"max":9.6651096344,"mean":1.40971875191,"median":1.20045912266,"min":-1.39073836803,"var":1.20283269882},"melbands_spread":{"dmean":7.15222835541,"dmean2":11.7242240906,"dvar":40.5057144165,"dvar2":101.174499512,"max":152.712188721,"mean":28.9425067902,"median":29.1072540283,"min":0.990641176701,"var":117.422103882},"mfcc":{"cov":[[3183.36035156,559.907836914,-55.8319740295,116.052467346,-137.256271362,26.1847686768,-72.8592453003,-12.4917240143,-62.1167869568,19.1298789978,16.9772815704,31.6754817963,-45.908203125],[559.907836914,656.156555176,-226.457794189,24.4937744141,-18.1584339142,5.8072476387,-15.9689006805,-19.2647953033,1.22777628899,-19.35014534,15.1760845184,-15.6535081863,14.0220985413],[-55.8319740295,-226.457794189,276.928405762,-19.3067073822,31.3260383606,-29.9609909058,-9.12159442902,8.75602722168,9.29132461548,19.010799408,17.9144992828,26.66822052,-3.9662296772],[116.052467346,24.4937744141,-19.3067073822,214.811706543,-52.9561157227,40.5199050903,-0.098457954824,34.4485473633,-10.0154685974,11.7742595673,8.51594638824,5.00298023224,-3.53166460991],[-137.256271362,-18.1584339142,31.3260383606,-52.9561157227,132.611724854,8.97624015808,57.4105682373,1.29984652996,30.9001255035,-11.3923568726,-5.29830932617,-7.6663980484,9.10132789612],[26.1847686768,5.8072476387,-29.9609909058,40.5199050903,8.97624015808,97.9478530884,32.0995445251,29.5149688721,8.08860969543,14.8163080215,-14.0011911392,6.32851266861,-1.98207557201],[-72.8592453003,-15.9689006805,-9.12159442902,-0.098457954824,57.4105682373,32.0995445251,93.8312530518,27.3297424316,33.443939209,0.68680524826,-2.77627229691,-8.0879535675,9.6189031601],[-12.4917240143,-19.2647953033,8.75602722168,34.4485473633,1.29984652996,29.5149688721,27.3297424316,67.0635986328,26.230266571,17.5447463989,6.55288791656,8.89646911621,-2.33613109589],[-62.1167869568,1.22777628899,9.29132461548,-10.0154685974,30.9001255035,8.08860969543,33.443939209,26.230266571,57.2416954041,20.3891372681,12.9205770493,4.64329242706,8.17973232269],[19.1298789978,-19.35014534,19.010799408,11.7742595673,-11.3923568726,14.8163080215,0.68680524826,17.5447463989,20.3891372681,50.6589927673,16.9722499847,19.9132595062,2.9096391201],[16.9772815704,15.1760845184,17.9144992828,8.51594638824,-5.29830932617,-14.0011911392,-2.77627229691,6.55288791656,12.9205770493,16.9722499847,46.4939041138,18.627456665,11.0357866287],[31.6754817963,-15.6535081863,26.66822052,5.00298023224,-7.6663980484,6.32851266861,-8.0879535675,8.89646911621,4.64329242706,19.9132595062,18.627456665,44.7586860657,13.8286714554],[-45.908203125,14.0220985413,-3.9662296772,-3.53166460991,9.10132789612,-1.98207557201,9.6189031601,-2.33613109589,8.17973232269,2.9096391201,11.0357866287,13.8286714554,37.0674514771]],"icov":[[0.000438805203885,-0.00052679941291,-0.000360276229912,-0.0000716821014066,0.00037498169695,-0.0000811004501884,-0.00029533659108,0.000130170607008,0.000432916072896,-0.000205277290661,0.000127175444504,-0.000517454289366,0.000761562900152],[-0.00052679941291,0.00296188867651,0.00243613938801,-0.000189472775673,-0.000963072932791,-0.0000783314244472,0.00150705059059,0.000260990083916,-0.00139612634666,0.00105934240855,-0.00180629547685,0.000849192263559,-0.00122671853751],[-0.000360276229912,0.00243613938801,0.00656426837668,-0.000307828187943,-0.00291798892431,0.00211991509423,0.00183194421697,-0.00086057378212,-0.00028176617343,-0.000837655912619,-0.00152332196012,-0.00236127572134,0.0010678623803],[-0.0000716821014066,-0.000189472775673,-0.000307828187943,0.00637969328091,0.00253989873454,-0.00248984596692,-0.000600151135586,-0.00291553605348,0.00213963352144,0.000221335823881,-0.00217065424658,0.00148921122309,-0.000625841144938],[0.00037498169695,-0.000963072932791,-0.00291798892431,0.00253989873454,0.0144517049193,-0.00200462830253,-0.00743484590203,0.00321821006946,-0.00512081617489,0.00470160041004,0.000816780840978,-0.00022148861899,-0.00016451330157],[-0.0000811004501884,-0.0000783314244472,0.00211991509423,-0.00248984596692,-0.00200462830253,0.0170842986554,-0.00465870182961,-0.00424790615216,0.0030244581867,-0.00609747227281,0.00799148809165,-0.00513674179092,0.00161406269763],[-0.00029533659108,0.00150705059059,0.00183194421697,-0.000600151135586,-0.00743484590203,-0.00465870182961,0.0220096111298,-0.00518509326503,-0.00681774644181,0.00244108214974,-0.00121397408657,0.00603412184864,-0.00583569565788],[0.000130170607008,0.000260990083916,-0.00086057378212,-0.00291553605348,0.00321821006946,-0.00424790615216,-0.00518509326503,0.025410188362,-0.0103068472818,0.00012636493193,-0.000856995757204,-0.00441711954772,0.00578980240971],[0.000432916072896,-0.00139612634666,-0.00028176617343,0.00213963352144,-0.00512081617489,0.0030244581867,-0.00681774644181,-0.0103068472818,0.035361520946,-0.0135607030243,-0.00425275368616,0.00373519258574,-0.00308948452584],[-0.000205277290661,0.00105934240855,-0.000837655912619,0.000221335823881,0.00470160041004,-0.00609747227281,0.00244108214974,0.00012636493193,-0.0135607030243,0.0343545749784,-0.00711315125227,-0.00872042682022,0.00283737014979],[0.000127175444504,-0.00180629547685,-0.00152332196012,-0.00217065424658,0.000816780840978,0.00799148809165,-0.00121397408657,-0.000856995757204,-0.00425275368616,-0.00711315125227,0.0343451537192,-0.0100569408387,-0.00401778426021],[-0.000517454289366,0.000849192263559,-0.00236127572134,0.00148921122309,-0.00022148861899,-0.00513674179092,0.00603412184864,-0.00441711954772,0.00373519258574,-0.00872042682022,-0.0100569408387,0.0391839519143,-0.0149012217298],[0.000761562900152,-0.00122671853751,0.0010678623803,-0.000625841144938,-0.00016451330157,0.00161406269763,-0.00583569565788,0.00578980240971,-0.00308948452584,0.00283737014979,-0.00401778426021,-0.0149012217298,0.0376600585878]],"mean":[-620.603271484,177.993484497,-48.8681144714,16.7234363556,0.826311767101,25.7208690643,10.1602725983,6.11994791031,0.807085812092,4.50290632248,2.78117203712,4.21181631088,1.09106481075]},"pitch_salience":{"dmean":0.0911603718996,"dmean2":0.147537052631,"dvar":0.0065471380949,"dvar2":0.015958128497,"max":0.979264080524,"mean":0.601191163063,"median":0.627346038818,"min":0.14042943716,"var":0.0152401486412},"silence_rate_20dB":{"dmean":0,"dmean2":0,"dvar":0,"dvar2":0,"max":1,"mean":1,"median":1,"min":1,"var":0},"silence_rate_30dB":{"dmean":0.0866212546825,"dmean2":0.173264786601,"dvar":0.0791210532188,"dvar2":0.187721207738,"max":1,"mean":0.92868155241,"median":1,"min":0,"var":0.0662363767624},"silence_rate_60dB":{"dmean":0.000257036357652,"dmean2":0.000514138839208,"dvar":0.000256964354776,"dvar2":0.00051384861581,"max":1,"mean":0.0110511435196,"median":0,"min":0,"var":0.0109289586544},"spectral_centroid":{"dmean":148.877029419,"dmean2":240.175369263,"dvar":25433.9453125,"dvar2":57551.09375,"max":11498.9863281,"mean":1268.953125,"median":1239.46472168,"min":347.018371582,"var":255132.625},"spectral_complexity":{"dmean":3.48155760765,"dmean2":5.69717216492,"dvar":8.2903585434,"dvar2":21.4144477844,"max":59,"mean":29.7580318451,"median":30,"min":0,"var":29.602016449},"spectral_contrast_coeffs":{"dmean":[0.0578555315733,0.047103445977,0.0374850891531,0.0283558666706,0.0198520217091,0.0433820784092],"dmean2":[0.0964825376868,0.0803545638919,0.0641100481153,0.048333723098,0.033684104681,0.0692440345883],"dvar":[0.0020488880109,0.00129486306105,0.000857512524817,0.00047006784007,0.000244020411628,0.00121608970221],"dvar2":[0.00572928413749,0.00377343478613,0.00248255487531,0.00139516114723,0.000703511759639,0.00315721821971],"max":[-0.438501834869,-0.546056687832,-0.640656769276,-0.67375010252,-0.687281429768,-0.474768310785],"mean":[-0.706524074078,-0.786242842674,-0.800770699978,-0.799005806446,-0.801646232605,-0.730237543583],"median":[-0.711432039738,-0.789054989815,-0.802529811859,-0.799064278603,-0.803388118744,-0.730633437634],"min":[-0.96994894743,-0.998461842537,-0.992609202862,-0.977988600731,-0.969231665134,-0.961337268353],"var":[0.00500571914017,0.00244139065035,0.00145500293002,0.00085433042841,0.000619268743321,0.00335967121646]},"spectral_contrast_valleys":{"dmean":[0.433301001787,0.351399987936,0.281939923763,0.230995416641,0.219757393003,0.592784285545],"dmean2":[0.714209496975,0.583550155163,0.470463067293,0.376755923033,0.359565287828,0.941366374493],"dvar":[0.118672996759,0.0838489085436,0.0599409602582,0.0436218418181,0.0566968172789,0.231543853879],"dvar2":[0.301238358021,0.204415529966,0.141320809722,0.0932386890054,0.129623547196,0.604228913784],"max":[-5.03315496445,-4.43423175812,-4.84321117401,-5.36343574524,-5.79977321625,-8.95401668549],"mean":[-6.5373840332,-6.16917991638,-5.96427965164,-6.26190185547,-7.24759912491,-11.0110301971],"median":[-6.41890525818,-6.12945079803,-5.85936260223,-6.14355373383,-7.13788223267,-10.9274234772],"min":[-28.4199104309,-27.8815231323,-27.5278491974,-27.6772651672,-27.4507656097,-27.3326911926],"var":[1.42297077179,1.48519814014,1.32338702679,1.24053764343,1.13436889648,1.15676772594]},"spectral_decrease":{"dmean":6.08681327563e-9,"dmean2":1.00986445872e-8,"dvar":4.97375463609e-17,"dvar2":1.29895559721e-16,"max":1.34366588966e-8,"mean":-1.07175344155e-8,"median":-8.81926975893e-9,"min":-6.48293934091e-8,"var":5.97949211003e-17},"spectral_energy":{"dmean":0.0233968794346,"dmean2":0.0387225821614,"dvar":0.000705667014699,"dvar2":0.00182852859143,"max":0.267119973898,"mean":0.0648839920759,"median":0.057709813118,"min":1.04875289497e-20,"var":0.000914432748687},"spectral_energyband_high":{"dmean":0.000202879775316,"dmean2":0.000321402505506,"dvar":6.54191936178e-8,"dvar2":1.3502149443e-7,"max":0.0123786786571,"mean":0.000758064037655,"median":0.000710753491148,"min":7.5107474554e-21,"var":2.07068339364e-7},"spectral_energyband_low":{"dmean":0.0184704754502,"dmean2":0.0309781767428,"dvar":0.000569355848711,"dvar2":0.00149805797264,"max":0.221841111779,"mean":0.0248179361224,"median":0.0173180047423,"min":1.85524055254e-23,"var":0.000618729565758},"spectral_energyband_middle_high":{"dmean":0.00459394557402,"dmean2":0.00746534066275,"dvar":0.0000176195899257,"dvar2":0.0000445807309006,"max":0.0659362599254,"mean":0.0157623924315,"median":0.0152231696993,"min":1.34544470826e-21,"var":0.0000410163338529},"spectral_energyband_middle_low":{"dmean":0.00523147778586,"dmean2":0.00869102776051,"dvar":0.0000581081076234,"dvar2":0.00015989158419,"max":0.0948058441281,"mean":0.0124023249373,"median":0.00884722080082,"min":2.25831944503e-22,"var":0.000106812702143},"spectral_entropy":{"dmean":0.101056367159,"dmean2":0.162702009082,"dvar":0.00758506869897,"dvar2":0.0189520679414,"max":9.81381988525,"mean":7.5864572525,"median":7.586602211,"min":6.95541334152,"var":0.0348769947886},"spectral_flux":{"dmean":0.0333398319781,"dmean2":0.0552613176405,"dvar":0.00116973638069,"dvar2":0.00279542151839,"max":0.393251150846,"mean":0.158306837082,"median":0.150894418359,"min":6.59721791085e-11,"var":0.00224983203225},"spectral_kurtosis":{"dmean":5.55660486221,"dmean2":8.66868686676,"dvar":32.6708946228,"dvar2":81.9686584473,"max":96.0955276489,"mean":28.1814537048,"median":26.9475593567,"min":-1.2394425869,"var":104.506065369},"spectral_rms":{"dmean":0.00134370557498,"dmean2":0.00218439684249,"dvar":0.00000178464301825,"dvar2":0.00000454328073829,"max":0.0161432605237,"mean":0.00774330832064,"median":0.00750348297879,"min":3.19870844222e-12,"var":0.00000334302535521},"spectral_rolloff":{"dmean":6202.79443359,"dmean2":12046.0253906,"dvar":71357376,"dvar2":151307696,"max":22028.4667969,"mean":14685.6611328,"median":20435.0097656,"min":64.599609375,"var":77867688},"spectral_skewness":{"dmean":0.390809834003,"dmean2":0.606015205383,"dvar":0.148106724024,"dvar2":0.362790286541,"max":7.39765024185,"mean":3.61742854118,"median":3.54978823662,"min":-0.0913066938519,"var":0.587002396584},"spectral_spread":{"dmean":344450.59375,"dmean2":549327.25,"dvar":192918618112,"dvar2":393698607104,"max":42022232,"mean":3258031.5,"median":3120304,"min":1687510.25,"var":2982993985540},"spectral_strongpeak":{"dmean":5.28273296356,"dmean2":9.77063941956,"dvar":424.148498535,"dvar2":1130.80029297,"max":237.717437744,"mean":3.9893245697,"median":0.251919865608,"min":0,"var":365.100860596},"zerocrossingrate":{"dmean":0.0399225912988,"dmean2":0.052377641201,"dvar":0.00119046797045,"dvar2":0.00199765665457,"max":0.74267578125,"mean":0.284984081984,"median":0.279296875,"min":0.09375,"var":0.0048315897584}},"metadata":{"audio_properties":{"analysis_sample_rate":44100,"bit_rate":201358,"codec":"mp3","downmix":"mix","equal_loudness":0,"length":180.663925171,"lossless":false,"md5_encoded":"521b1deaa4637a97d58b941da006b75f","replay_gain":0.489889144897,"sample_rate":44100},"tags":{"acoustid_id":["ccb34442-34a0-4620-9eb4-8628617d94de"],"album":["Remission"],"albumartist":["Mastodon"],"albumartistsort":["Mastodon"],"artist":["Mastodon"],"artists":["Mastodon"],"artistsort":["Mastodon"],"asin":["B0000666DW"],"barcode":["781676652327"],"catalognumber":["RR 6523-2"],"date":["2002"],"file_name":"08 - Trampled Under Hoof.mp3","label":["Relapse Records"],"media":["CD"],"musicbrainz album release country":["DE"],"musicbrainz album status":["official"],"musicbrainz album type":["album"],"musicbrainz release track id":["f66f77f4-5506-32fd-a462-ce61872bd8cc"],"musicbrainz_albumartistid":["bc5e2ad6-0a4a-4d90-b911-e9a7e6861727"],"musicbrainz_albumid":["35ecfce3-cae6-337c-9d86-eda5c2e3d99b"],"musicbrainz_artistid":["bc5e2ad6-0a4a-4d90-b911-e9a7e6861727"],"musicbrainz_recordingid":["ba880371-2336-4db1-998b-637b108eaade"],"musicbrainz_releasegroupid":["a87adcfd-8c65-3455-869b-25066046ebec"],"originaldate":["2002"],"script":["Latn"],"title":["Trampled Under Hoof"],"tracknumber":["8/11"]},"version":{"essentia":"2.1-beta1","essentia_build_sha":"ca57ba49d9b1854bd80e60cf9ccf267278fb7d6b","essentia_git_sha":"v2.1_beta1-28-g21ef5f4-dirty","extractor":"music 1.0"}},"rhythm":{"beats_count":442,"beats_loudness":{"dmean":0.0242048408836,"dmean2":0.0428516343236,"dvar":0.000517712614965,"dvar2":0.00159424683079,"max":0.191635385156,"mean":0.0680706724524,"median":0.0645005330443,"min":5.34331491053e-7,"var":0.000599658116698},"beats_loudness_band_ratio":{"dmean":[0.188498988748,0.0548159629107,0.0694160833955,0.0878108218312,0.0335167348385,0.0684215277433],"dmean2":[0.338044285774,0.09773260355,0.12407630682,0.152497917414,0.0578365921974,0.120361045003],"dvar":[0.0206763260067,0.00341318524443,0.0045695877634,0.00470267562196,0.000900719780475,0.00383591209538],"dvar2