{"lowlevel":{"average_loudness":0.823171257973,"barkbands":{"dmean":[0.0000924187479541,0.00286678946577,0.0078381896019,0.00665524695069,0.00179895013571,0.0006149020046,0.0005871905596,0.000354280084139,0.000589594244957,0.000199369460461,0.000102356447314,0.000206313081435,0.000114401831524,0.0000754459542804,0.000266572227702,0.000268492032774,0.00051679922035,0.000193438769202,0.000209670921322,0.000160660551046,0.000127830688143,0.0000577306163905,0.0000200273661903,0.0000108150834421,0.00000353308200829,0.00000130826481382,3.39142161465e-7],"dmean2":[0.000167884893017,0.00468565104529,0.0124501865357,0.011170014739,0.00305311381817,0.0010670744814,0.000897488091141,0.000554221333005,0.000938894576393,0.000317962054396,0.000159627918038,0.000309885333991,0.000186117249541,0.000124256650452,0.000427056103945,0.0004373791744,0.000836604856886,0.000306984991767,0.00033469198388,0.000257308769505,0.000208085286431,0.0000908891961444,0.0000311225267069,0.0000165564069903,0.0000054702104535,0.00000204084653888,5.73826525851e-7],"dvar":[8.58676862947e-9,0.0000251791570918,0.000110031207441,0.000117326839245,0.0000149343259181,0.00000158715499765,9.57191218731e-7,3.70523082438e-7,0.00000123173936117,9.45845783917e-8,3.91784134024e-8,1.46857104255e-7,3.05381497867e-8,1.7031693389e-8,1.84367536349e-7,2.46338601073e-7,8.05606532595e-7,8.90766713724e-8,1.01514778805e-7,6.60404566588e-8,5.12070670311e-8,6.89019952205e-9,1.83298110024e-9,5.5599669313e-10,6.32071964213e-11,3.76996567644e-12,3.43282612622e-13],"dvar2":[2.31049206434e-8,0.0000668975626468,0.000288214359898,0.000319782120641,0.0000382025427825,0.00000437169319412,0.00000208360825127,8.60515058321e-7,0.00000282243354377,2.31435691944e-7,9.82862928822e-8,2.93316787747e-7,7.97519419393e-8,4.44533370114e-8,4.54554168527e-7,6.35029550722e-7,0.00000199120563593,2.08005246805e-7,2.45558453571e-7,1.59008465062e-7,1.3634580398e-7,1.65957683151e-8,4.13327594373e-9,1.22909837863e-9,1.4053458397e-10,8.54173849707e-12,9.64552656496e-13],"max":[0.00108835333958,0.071752473712,0.117356404662,0.0993925780058,0.0466037206352,0.0171377696097,0.0161366537213,0.0138707943261,0.0141862258315,0.00664182705805,0.00458877114579,0.00859551224858,0.00232594343834,0.00294259400107,0.00991127360612,0.0106580508873,0.0167557261884,0.00664158444852,0.00741446996108,0.00452753808349,0.00819303654134,0.0015810476616,0.000653293973301,0.000337285135174,0.000165573568665,0.0000377178002964,0.0000156424121087],"mean":[0.0000976819574134,0.00427761441097,0.0149817615747,0.00782157573849,0.00203313911334,0.000725265592337,0.000975067785475,0.000604549946729,0.000800465350039,0.000361187616363,0.000164043929544,0.00033321234514,0.000187562880456,0.000125452395878,0.000489037483931,0.000475879671285,0.000980970798992,0.000388830492739,0.00044229615014,0.000358067831257,0.000312954594847,0.000143086595926,0.0000358252800652,0.0000189402107935,0.000007307488886,0.00000418819809056,5.85322993629e-7],"median":[0.0000654501418467,0.00186307867989,0.00927332602441,0.00337230297737,0.000763535965234,0.000320185121382,0.0003663955722,0.000288823968731,0.000216093205381,0.000220371381147,0.000061195998569,0.000125380422105,0.000102122838143,0.0000684733240632,0.00027191391564,0.000274676887784,0.000636325450614,0.000266095565166,0.00031579087954,0.000236435545958,0.000215993044549,0.000099914992461,0.0000157697177201,0.00000948670640355,0.00000465287939733,0.00000347563445757,3.89450576677e-7],"min":[7.36413980975e-25,3.13893039556e-24,2.66628359533e-24,1.4817280879e-24,7.00063802944e-24,7.32686435705e-24,6.51697873098e-24,6.82487350887e-24,2.05259177847e-23,1.54756918006e-23,1.99048791484e-23,3.44060831842e-23,4.35817061815e-23,5.01041943171e-23,5.83051575779e-23,6.89402584468e-23,7.47283959657e-23,1.23941622377e-22,1.52666155773e-22,1.82786253529e-22,2.7016986537e-22,3.68368886439e-22,4.24418072222e-22,6.03528928131e-22,8.88375721036e-22,1.2504492955e-21,1.99591128939e-21],"var":[1.11441345041e-8,0.0000364211737178,0.000258304324234,0.000127298771986,0.0000151141848619,0.00000153330279318,0.00000226468978326,8.89375087354e-7,0.00000208654068956,2.32185740856e-7,8.97540104461e-8,3.33712790734e-7,5.71498901536e-8,3.02978335753e-8,4.89049341468e-7,4.57714634194e-7,0.00000153727955876,2.41180430294e-7,2.54538406352e-7,1.77338179697e-7,1.30034919721e-7,2.36570407708e-8,3.2016431728e-9,8.42220737596e-10,9.64498550471e-11,1.2707373348e-11,4.33595759124e-13]},"barkbands_crest":{"dmean":2.68306136131,"dmean2":4.36034011841,"dvar":5.45493888855,"dvar2":14.0578985214,"max":26.8066902161,"mean":11.9123697281,"median":11.8962020874,"min":2.66614103317,"var":18.1990947723},"barkbands_flatness_db":{"dmean":0.0257313363254,"dmean2":0.039812464267,"dvar":0.000613740703557,"dvar2":0.00140492175706,"max":0.48543971777,"mean":0.154139593244,"median":0.145770668983,"min":0.0479150936007,"var":0.00349059794098},"barkbands_kurtosis":{"dmean":6.44033527374,"dmean2":10.0644493103,"dvar":134.696350098,"dvar2":291.799072266,"max":254.358291626,"mean":10.9478998184,"median":3.46781301498,"min":-1.86841440201,"var":569.926269531},"barkbands_skewness":{"dmean":0.822427928448,"dmean2":1.25210416317,"dvar":0.686811506748,"dvar2":1.56451272964,"max":15.9203147888,"mean":2.36569643021,"median":2.07489442825,"min":-2.54063510895,"var":4.02977752686},"barkbands_spread":{"dmean":6.19243431091,"dmean2":9.77665233612,"dvar":43.0433807373,"dvar2":101.730377197,"max":120.818649292,"mean":22.4138183594,"median":20.7386035919,"min":0.483506888151,"var":204.607543945},"dissonance":{"dmean":0.0133227882907,"dmean2":0.0215670038015,"dvar":0.000216560103581,"dvar2":0.000511652848218,"max":0.499999970198,"mean":0.473160713911,"median":0.48097807169,"min":0.284416764975,"var":0.000674583017826},"dynamic_complexity":3.09346580505,"erbbands":{"dmean":[0.0439150556922,0.871333360672,7.15059995651,17.5734291077,10.9899969101,4.57390928268,6.45395517349,3.85906744003,7.85494327545,6.68378591537,8.43062400818,16.9149436951,5.40533924103,5.12238931656,5.23268175125,7.62426662445,5.87100458145,3.16376590729,12.2679367065,10.594201088,14.479174614,26.0323200226,10.8416442871,13.9987602234,6.25965309143,8.60564136505,6.67713356018,3.87324547768,2.07849669456,1.03524410725,0.522500157356,0.321596980095,0.134248569608,0.0563808009028,0.0187307037413,0.00683807162568,0.00237906607799,0.000594407028984,0.0000559753643756,0.0000169635295606],"dmean2":[0.0717787817121,1.3985722065,11.1859273911,29.076921463,18.5137825012,7.87618732452,11.2635889053,6.5904841423,11.9453773499,10.5852470398,13.1144704819,26.8369750977,8.59893512726,8.19144439697,7.78710031509,11.7158403397,9.52569484711,5.12629461288,19.6434402466,17.1752338409,23.2794342041,42.3795471191,17.1221313477,22.5616970062,10.0471916199,13.8602590561,10.846663475,6.1919836998,3.27856945992,1.63802814484,0.815812408924,0.492037832737,0.206791400909,0.0881064832211,0.0291349831969,0.0107870670035,0.00375156407245,0.000955812050961,0.0000969028842519,0.0000267268624157],"dvar":[0.00747196376324,1.98941445351,94.3514099121,726.187805176,375.904693604,110.990844727,223.45513916,58.8764648438,183.68409729,109.218688965,186.656280518,1069.37536621,69.1898956299,64.7791595459,76.3774261475,185.725204468,82.7540283203,22.8865871429,480.151580811,333.905975342,689.642211914,2653.59643555,248.586334229,519.815734863,89.1743850708,200.140441895,94.421333313,99.1779022217,10.3019046783,3.65362787247,1.23281669617,0.48133996129,0.0881264209747,0.0172724593431,0.00148131989408,0.000117041796329,0.0000115232824101,6.7024876671e-7,1.55337662733e-8,4.4614673067e-10],"dvar2":[0.0199950635433,5.20748853683,236.647567749,1927.59069824,981.342712402,281.007537842,617.755981445,163.079864502,393.767120361,262.067260742,428.519683838,2430.29467773,169.586044312,159.837890625,165.639419556,415.828277588,216.568481445,59.0468902588,1183.50891113,874.149780273,1720.77575684,6681.94042969,581.135742188,1267.06616211,212.561599731,491.717895508,239.968765259,268.482543945,25.2004051208,8.73975276947,2.77330374718,1.06839466095,0.200644850731,0.03932813555,0.00330380769446,0.000264525559032,0.0000266991919489,0.00000160527542903,4.43087557755e-8,1.13829423665e-9],"max":[1.12595057487,19.1480922699,127.757476807,258.918884277,183.00630188,147.121307373,224.44543457,90.1341705322,228.512496948,197.701644897,310.659210205,417.476348877,174.970703125,168.703292847,160.69960022,237.029754639,132.238204956,88.3229522705,525.550109863,453.739715576,611.938720703,1113.50732422,342.383972168,540.856811523,260.044311523,259.18347168,163.689285278,465.614990234,66.7252426147,37.7639160156,18.7754459381,9.81366443634,5.04796648026,2.90647912025,0.764252722263,0.209258168936,0.0590671561658,0.0123133668676,0.00357859442011,0.000192593797692],"mean":[0.056616038084,1.44577050209,14.3469266891,25.0379276276,13.9143571854,5.12952232361,6.98262023926,4.98308849335,13.033698082,11.6917295456,14.9156064987,23.3063545227,9.56834030151,9.54483890533,9.53846645355,13.0085296631,10.0458087921,6.18583917618,22.5347976685,21.8636646271,30.3338356018,49.2770423889,25.4288444519,29.0259513855,14.3874502182,19.4395771027,16.2576332092,9.55243968964,5.42376947403,2.23375153542,0.954868555069,0.537294507027,0.240917444229,0.105966582894,0.0413947179914,0.0190947409719,0.00732675613835,0.00173578993417,0.0000922232866287,0.0000447784404969],"median":[0.0232266038656,0.6982640028,8.3505821228,14.6497497559,7.02394199371,2.03223252296,2.78211808205,2.32869982719,4.34016704559,5.97436857224,7.81856822968,6.27326869965,5.34921646118,5.36979150772,4.42304944992,6.07671165466,6.01916503906,4.37799406052,12.0655908585,14.5276222229,19.8958473206,32.9022674561,19.3635139465,20.8053092957,11.0614452362,12.9830265045,11.7082509995,6.36522006989,3.80814743042,1.26942777634,0.430260717869,0.247187018394,0.124164074659,0.0609296374023,0.0294161178172,0.0150415627286,0.00607458408922,0.00142954348121,0.0000639616700937,0.0000391444918932],"min":[6.85274506906e-23,8.16656627476e-22,2.23576700984e-21,8.16988681119e-21,1.21583311973e-20,2.02018330504e-20,6.25278620479e-20,6.41353583214e-20,1.54322201349e-19,1.55910310576e-19,2.90157949982e-19,5.53062625226e-19,4.67454550007e-19,8.15393237125e-19,1.34993187632e-18,1.45753297796e-18,2.38403440744e-18,2.56861417766e-18,2.94941545804e-18,3.01776022218e-18,3.1254990494e-18,4.39893781216e-18,6.44921704335e-18,5.79945054216e-18,8.12974364559e-18,9.40343552562e-18,7.54629428207e-18,1.17965682994e-17,1.34668593687e-17,1.10711085683e-17,1.24331722891e-17,1.10903793951e-17,1.07657788334e-17,8.86835885714e-18,5.7940176199e-18,4.15368661875e-18,2.30843506253e-18,1.03459925308e-18,2.75204178869e-19,2.69761272277e-20],"var":[0.00871592201293,3.39528489113,249.928039551,946.463745117,399.325927734,108.362625122,186.545715332,62.3104858398,444.499969482,242.928588867,461.81930542,1819.08178711,157.733795166,157.008483887,193.427581787,386.60736084,152.848190308,45.395942688,1219.80993652,774.344848633,1521.41821289,4272.125,773.809020996,1230.25244141,230.436248779,536.340087891,299.650360107,165.161315918,35.4710159302,8.67778873444,2.23001766205,0.730109155178,0.133192867041,0.0243601091206,0.00241852365434,0.000314156437526,0.0000387467807741,0.00000205680385079,1.41677460874e-8,1.13974896188e-9]},"erbbands_crest":{"dmean":2.29570221901,"dmean2":3.77283096313,"dvar":4.72956085205,"dvar2":12.1103086472,"max":27.1243343353,"mean":7.74605035782,"median":6.91498613358,"min":2.36581611633,"var":11.0436162949},"erbbands_flatness_db":{"dmean":0.0127562768757,"dmean2":0.0191795192659,"dvar":0.000160242198035,"dvar2":0.000351297610905,"max":0.25807544589,"mean":0.152002647519,"median":0.15148589015,"min":0.0287322960794,"var":0.000636912183836},"erbbands_kurtosis":{"dmean":0.917702019215,"dmean2":1.44513809681,"dvar":1.43788015842,"dvar2":3.22341656685,"max":28.3657093048,"mean":0.204803705215,"median":-0.418193340302,"min":-1.75092852116,"var":3.79288053513},"erbbands_skewness":{"dmean":0.376518934965,"dmean2":0.586509287357,"dvar":0.134130716324,"dvar2":0.316849976778,"max":4.99741363525,"mean":-0.257421821356,"median":-0.392773419619,"min":-2.95252561569,"var":0.839920401573},"erbbands_spread":{"dmean":10.5857534409,"dmean2":16.2784481049,"dvar":96.7594528198,"dvar2":225.587188721,"max":141.25843811,"mean":48.6491661072,"median":48.0522499084,"min":6.94463586807,"var":318.520935059},"gfcc":{"cov":[[18553.5449219,1709.73681641,-2289.67553711,850.860900879,-591.182495117,-76.7242431641,-388.997253418,-76.4652786255,-280.463195801,-177.797927856,-375.868438721,-153.956115723,-212.358688354],[1709.73681641,803.40814209,125.386039734,-59.1488685608,-89.6088180542,-14.7867870331,67.5668258667,-17.5176773071,23.0242118835,-36.2083015442,-3.13611197472,-83.6692504883,-70.6575698853],[-2289.67553711,125.386039734,787.733886719,-80.8183059692,-2.31763243675,78.1929626465,90.1318893433,-22.8721122742,77.8120117188,-19.1105518341,82.5328598022,-61.6933021545,-24.7574157715],[850.860900879,-59.1488685608,-80.8183059692,230.208679199,53.4408035278,16.9889583588,-26.8538398743,-3.02378463745,-10.7837238312,-11.2895936966,-34.8938446045,-3.34140491486,5.23687362671],[-591.182495117,-89.6088180542,-2.31763243675,53.4408035278,190.499725342,7.02966117859,44.1819038391,24.1275062561,16.0342636108,16.1072692871,-12.2151346207,12.7806901932,22.6866035461],[-76.7242431641,-14.7867870331,78.1929626465,16.9889583588,7.02966117859,112.081932068,42.2191963196,4.52010154724,19.2423114777,-3.16693353653,24.8350296021,-4.47204351425,-0.428275793791],[-388.997253418,67.5668258667,90.1318893433,-26.8538398743,44.1819038391,42.2191963196,121.340057373,53.5727882385,42.3415527344,21.1739311218,18.4728507996,-5.88092756271,-10.3029727936],[-76.4652786255,-17.5176773071,-22.8721122742,-3.02378463745,24.1275062561,4.52010154724,53.5727882385,83.4631271362,43.2193374634,25.9541320801,2.50566458702,9.14619636536,-4.90259504318],[-280.463195801,23.0242118835,77.8120117188,-10.7837238312,16.0342636108,19.2423114777,42.3415527344,43.2193374634,77.9156951904,37.1804199219,19.1532154083,-4.75892066956,-7.50074148178],[-177.797927856,-36.2083015442,-19.1105518341,-11.2895936966,16.1072692871,-3.16693353653,21.1739311218,25.9541320801,37.1804199219,71.1630706787,28.0559253693,16.301410675,1.10609328747],[-375.868438721,-3.13611197472,82.5328598022,-34.8938446045,-12.2151346207,24.8350296021,18.4728507996,2.50566458702,19.1532154083,28.0559253693,70.4987335205,24.3931884766,1.86893630028],[-153.956115723,-83.6692504883,-61.6933021545,-3.34140491486,12.7806901932,-4.47204351425,-5.88092756271,9.14619636536,-4.75892066956,16.301410675,24.3931884766,68.1464309692,38.4731636047],[-212.358688354,-70.6575698853,-24.7574157715,5.23687362671,22.6866035461,-0.428275793791,-10.3029727936,-4.90259504318,-7.50074148178,1.10609328747,1.86893630028,38.4731636047,58.3929672241]],"icov":[[0.000558445288334,-0.00150132412091,0.00160631770268,-0.00193792115897,0.00137213245034,-0.00125346868299,0.00112393219024,-0.000672662514262,0.000415399845224,-0.000105938575871,0.000302015512716,0.000267736410024,0.000537937798072],[-0.00150132412091,0.00594634562731,-0.00399050489068,0.00509365648031,-0.00271088629961,0.0048215049319,-0.00554534047842,0.00374839408323,-0.00277244625613,0.00208068289794,-0.00172341160942,0.000797075219452,-0.000853991426993],[0.00160631770268,-0.00399050489068,0.00722440518439,-0.00538275483996,0.0038609453477,-0.0029317215085,0.00121305289213,0.000607562426012,-0.00241875415668,0.00311476876959,-0.00345793529414,0.00432805810124,0.000191681174329],[-0.00193792115897,0.00509365648031,-0.00538275483996,0.0124484486878,-0.00675595132634,0.0017803737428,-0.0010942601366,0.00154226017185,-0.0012901739683,0.0000152946176968,0.00166013534181,-0.00143963168375,-0.000979119795375],[0.00137213245034,-0.00271088629961,0.0038609453477,-0.00675595132634,0.0111204618588,-0.00155005301349,-0.00222920207307,-0.000145334357512,0.000120877703012,-0.00106572103687,0.00261080940254,0.000595935445745,-0.00122521771118],[-0.00125346868299,0.0048215049319,-0.0029317215085,0.0017803737428,-0.00155005301349,0.0171766281128,-0.0101769817993,0.00577705493197,-0.0054758717306,0.00619051000103,-0.00800520181656,0.0031954573933,-0.00337920710444],[0.00112393219024,-0.00554534047842,0.00121305289213,-0.0010942601366,-0.00222920207307,-0.0101769817993,0.0238033533096,-0.0147450398654,0.00452830875292,-0.00463545322418,0.00182012771256,0.00000472471401736,0.00235129892826],[-0.000672662514262,0.00374839408323,0.000607562426012,0.00154226017185,-0.000145334357512,0.00577705493197,-0.0147450398654,0.0296332910657,-0.0158434603363,0.00316672120243,0.00246203551069,-0.00619650166482,0.00410259328783],[0.000415399845224,-0.00277244625613,-0.00241875415668,-0.0012901739683,0.000120877703012,-0.0054758717306,0.00452830875292,-0.0158434603363,0.0319290719926,-0.0152305644006,0.00188742927276,0.00330194062553,-0.00121826573741],[-0.000105938575871,0.00208068289794,0.00311476876959,0.0000152946176968,-0.00106572103687,0.00619051000103,-0.00463545322418,0.00316672120243,-0.0152305644006,0.0293364077806,-0.0134272156283,0.00146684714127,0.000310287723551],[0.000302015512716,-0.00172341160942,-0.00345793529414,0.00166013534181,0.00261080940254,-0.00800520181656,0.00182012771256,0.00246203551069,0.00188742927276,-0.0134272156283,0.0348596014082,-0.0201889462769,0.00953565910459],[0.000267736410024,0.000797075219452,0.00432805810124,-0.00143963168375,0.000595935445745,0.0031954573933,0.00000472471401736,-0.00619650166482,0.00330194062553,0.00146684714127,-0.0201889462769,0.0410187318921,-0.022808553651],[0.000537937798072,-0.000853991426993,0.000191681174329,-0.000979119795375,-0.00122521771118,-0.00337920710444,0.00235129892826,0.00410259328783,-0.00121826573741,0.000310287723551,0.00953565910459,-0.022808553651,0.0339881666005]],"mean":[-22.9754638672,97.715423584,-117.745071411,56.3498191833,-40.7604255676,0.571669757366,-23.2892913818,7.49756240845,-20.5414485931,-1.94405674934,-28.8618755341,-7.09101438522,-19.2447242737]},"hfc":{"dmean":4.26851129532,"dmean2":6.49474287033,"dvar":25.3923397064,"dvar2":56.6583061218,"max":72.1362228394,"mean":17.9255065918,"median":17.158372879,"min":1.08111943578e-16,"var":158.79977417},"melbands":{"dmean":[0.000561231863685,0.002815898275,0.00274705281481,0.000479241571156,0.000214788058656,0.0000920943857636,0.000123098143376,0.0000721806500223,0.0000770550395828,0.0000957162992563,0.0000255237791862,0.0000222025755647,0.0000162260239449,0.0000256718267337,0.0000141108903335,0.0000102999938463,0.00000591263005845,0.0000175735185621,0.0000194879557966,0.0000202616865863,0.0000183289412234,0.0000309623865178,0.0000207130215131,0.00000930875285121,0.0000131700608108,0.00000641870565232,0.00000315035276799,0.00000692433786753,0.00000579827701586,0.00000243238423536,0.00000294416781799,0.00000146623597175,9.38349160151e-7,4.87680665628e-7,3.15247490335e-7,2.74624056829e-7,1.76797968265e-7,1.05272071949e-7,6.26512175472e-8,4.50308199618e-8],"dmean2":[0.000920482678339,0.0044206767343,0.00453828880563,0.000801805523224,0.000375014933525,0.000158002556418,0.000186883888091,0.000113816917292,0.000120240059914,0.000152318825712,0.0000409958265664,0.0000355790944013,0.0000246845138463,0.0000382037324016,0.0000230293189816,0.0000166972058651,0.00000972807174549,0.0000283589652099,0.0000310720097332,0.0000331105875375,0.0000296027264994,0.0000507689583173,0.0000334239703079,0.0000149991192302,0.0000213713283301,0.0000103424508779,0.00000505977413923,0.0000111827039291,0.00000942719361774,0.00000394071957999,0.00000477023195344,0.00000235495417655,0.00000151151459704,7.77799527896e-7,4.98498479828e-7,4.27828666716e-7,2.76869229765e-7,1.63453208302e-7,9.85206298765e-8,7.12968102334e-8],"dvar":[0.00000110241307993,0.0000143747829497,0.0000178607933776,8.62844444782e-7,2.47018448363e-7,3.3577880032e-8,4.48788810559e-8,1.32637225647e-8,1.3599930071e-8,3.44567077093e-8,1.7740654501e-9,1.29242938574e-9,9.261045264e-10,2.71660627327e-9,4.49935366742e-10,2.64737731737e-10,8.39631697502e-11,1.09954267913e-9,9.64111790402e-10,1.39371425512e-9,1.09923559144e-9,3.95342247828e-9,1.17415832612e-9,1.82372825175e-10,4.8719550616e-10,9.19562967439e-11,2.30344857771e-11,1.37223718499e-10,8.0835074745e-11,1.4988088895e-11,6.78592876335e-11,4.83520168348e-12,2.7523391552e-12,9.80770586273e-13,4.39131532786e-13,3.76824060237e-13,1.46000656768e-13,5.64472886564e-14,1.86768562584e-14,1.09767948312e-14],"dvar2":[0.00000295273412121,0.0000361848942703,0.0000476352543046,0.00000210143070944,6.80347966409e-7,9.27176628807e-8,9.55236032496e-8,3.16243848886e-8,3.11466337166e-8,7.90823762031e-8,4.37899805306e-9,3.1802271927e-9,2.25600826909e-9,5.14092679538e-9,1.18285570228e-9,6.83800682744e-10,2.20269857909e-10,2.75642197956e-9,2.37589525831e-9,3.64006536024e-9,2.72418310132e-9,1.00590593632e-8,2.79635625766e-9,4.57756277328e-10,1.19451448732e-9,2.25235080586e-10,5.70393489385e-11,3.34604177699e-10,2.0715711091e-10,3.81259190885e-11,1.84731008268e-10,1.22217852158e-11,7.22748553714e-12,2.3097142688e-12,1.02702416883e-12,8.59624491815e-13,3.34215402749e-13,1.29361541553e-13,4.41788566721e-14,2.53505034889e-14],"max":[0.0151766603813,0.0476534925401,0.0377373993397,0.0105385072529,0.00705793313682,0.00215123849921,0.00345997838303,0.00217936816625,0.00213020318188,0.00228521297686,0.000863619730808,0.000729615276214,0.000667837681249,0.0012314140331,0.000309630151605,0.000286535883788,0.000151287342305,0.000703678932041,0.00072064739652,0.00093307934003,0.000661932572257,0.00145536730997,0.000555083272047,0.000228974793572,0.000524631643202,0.000205847478355,0.000103814825707,0.000202783689019,0.000161938820384,0.0000850564974826,0.00038927650894,0.000049469028454,0.0000355632873834,0.0000134064312078,0.000013381689314,0.00000837499737827,0.00000654352334095,0.0000035569321426,0.00000287265538645,0.0000023518348371],"mean":[0.000809731718618,0.00557294720784,0.00407746993005,0.000591231219005,0.000232265942032,0.000114587455755,0.000204175230465,0.000127209292259,0.000132454748382,0.0001290156506,0.0000431388034485,0.0000398493939429,0.0000277266553894,0.0000414836140408,0.0000246513482125,0.0000168195547303,0.0000099491498986,0.0000311732874252,0.0000351252565451,0.0000341707527696,0.0000349495530827,0.0000538186141057,0.0000375970048481,0.0000177464607987,0.0000248953147093,0.000012813140529,0.00000686855355525,0.0000143323914017,0.000012398578292,0.00000527232623426,0.00000606058119956,0.00000340218275596,0.00000192456946024,9.0259385388e-7,5.45314605915e-7,4.25416033067e-7,2.89605907255e-7,1.7726674173e-7,1.1450192261e-7,8.05008966154e-8],"median":[0.000351680384483,0.00341816851869,0.00255669979379,0.000266265822574,0.0000921557875699,0.000051526039897,0.0000687172578182,0.0000654611067148,0.0000670771987643,0.0000327845555148,0.0000219130888581,0.000020851051886,0.0000118760835903,0.0000152479324242,0.0000156019159476,0.00000955569703365,0.00000582118582315,0.0000155825982802,0.0000203760428121,0.0000189544116438,0.0000205103642656,0.0000330795664922,0.0000216910702875,0.0000122912933875,0.000016395271814,0.00000928002555156,0.00000454278597317,0.00000895809716894,0.00000829980126582,0.00000337097299052,0.00000367070606444,0.00000233380364989,0.00000115301145343,4.44816009804e-7,2.41351699515e-7,1.58115511795e-7,1.43831144328e-7,8.57214388361e-8,6.47184776881e-8,4.73094914355e-8],"min":[8.77314596624e-25,1.29511387026e-24,1.62410969129e-24,1.3916230148e-24,2.39473223099e-24,1.39260780903e-24,2.10913145114e-24,9.54486591007e-25,1.72997216236e-24,3.03425821698e-24,2.11370980262e-24,2.73536769468e-24,3.85830961554e-24,3.96507483931e-24,3.46294475718e-24,4.45007835675e-24,3.55686771985e-24,3.87993781497e-24,4.00654880697e-24,4.79988294795e-24,3.22950129102e-24,4.04798885361e-24,4.40249150594e-24,5.03488027289e-24,4.18923242654e-24,5.49129823214e-24,4.62580264542e-24,6.00071581131e-24,4.38326262694e-24,3.97209649023e-24,5.49428801497e-24,6.28366838509e-24,5.99222135708e-24,5.97215391894e-24,5.97121675218e-24,5.37464463692e-24,6.70710761977e-24,6.18718280778e-24,5.61546691077e-24,7.32489772681e-24],"var":[0.00000148541448652,0.0000364844636351,0.0000229173401749,9.84250732472e-7,2.0495538422e-7,3.47603155149e-8,1.09153567962e-7,3.14222567965e-8,3.22495949945e-8,5.74307392753e-8,3.93756982575e-9,3.11273673503e-9,2.13916329095e-9,6.21037843374e-9,8.25479462563e-10,4.68104055518e-10,1.48622475438e-10,2.55155274687e-9,2.38987185597e-9,2.4519435371e-9,2.32383379206e-9,5.90980242521e-9,2.68665978354e-9,4.16090439881e-10,1.04866104689e-9,2.05456748836e-10,6.37258787406e-11,3.25728416462e-10,2.076658151e-10,4.03990001174e-11,8.9934518166e-11,1.42101911835e-11,6.20873014459e-12,1.78107279359e-12,7.51986905904e-13,5.7090036908e-13,2.02583961975e-13,8.06692765972e-14,2.79925483292e-14,1.45066691136e-14]},"melbands_crest":{"dmean":3.80653715134,"dmean2":6.20617008209,"dvar":11.7519521713,"dvar2":29.4481658936,"max":39.9078979492,"mean":19.9569511414,"median":20.4853401184,"min":1.36826407909,"var":37.3738975525},"melbands_flatness_db":{"dmean":0.032742086798,"dmean2":0.0495304986835,"dvar":0.000948960660025,"dvar2":0.00212724460289,"max":0.52316313982,"mean":0.232583194971,"median":0.228570640087,"min":0.000601589330472,"var":0.00620504235849},"melbands_kurtosis":{"dmean":17.358839035,"dmean2":27.330247879,"dvar":702.071594238,"dvar2":1641.54968262,"max":594.165771484,"mean":33.2179412842,"median":17.8633155823,"min":-1.66646707058,"var":2629.0144043},"melbands_skewness":{"dmean":1.22581362724,"dmean2":1.87945318222,"dvar":1.42364239693,"dvar2":3.36146640778,"max":23.905040741,"mean":4.28823232651,"median":4.00228881836,"min":-1.03094637394,"var":6.76484584808},"melbands_spread":{"dmean":8.15075111389,"dmean2":12.5447492599,"dvar":112.408905029,"dvar2":238.145187378,"max":177.11946106,"mean":22.3942756653,"median":14.3480892181,"min":0.406246542931,"var":524.737854004},"mfcc":{"cov":[[9044.11132813,443.715454102,-863.104858398,334.835723877,-74.8343048096,93.8262634277,-116.036003113,52.6022605896,-0.651973307133,-79.0474853516,-135.943664551,-43.8707199097,-48.9423599243],[443.715454102,842.464050293,238.883102417,23.1353359222,-68.3013687134,6.16949510574,29.406703949,32.0266723633,8.14896297455,50.4305763245,69.2815704346,37.4993972778,-3.19598340988],[-863.104858398,238.883102417,624.198425293,-46.7469215393,-12.1283035278,50.0302238464,16.4772796631,27.2834072113,-69.8039245605,83.5946807861,38.5376052856,6.25146055222,-17.0882015228],[334.835723877,23.1353359222,-46.7469215393,195.966323853,67.1724777222,24.9001274109,8.61647033691,11.9191141129,45.0007171631,-1.20289242268,-1.94212675095,-2.15733194351,-7.01021146774],[-74.8343048096,-68.3013687134,-12.1283035278,67.1724777222,107.916236877,39.6066894531,7.07600402832,4.61721944809,16.80052948,-6.08979177475,-13.6281604767,-11.1630325317,-1.35590755939],[93.8262634277,6.16949510574,50.0302238464,24.9001274109,39.6066894531,86.1819763184,31.9420433044,13.1323595047,3.84937262535,11.313290596,2.99088430405,-3.32905745506,3.03423833847],[-116.036003113,29.406703949,16.4772796631,8.61647033691,7.07600402832,31.9420433044,66.0263137817,32.4211273193,10.5744152069,13.1430301666,10.2681303024,8.6796207428,5.73512554169],[52.6022605896,32.0266723633,27.2834072113,11.9191141129,4.61721944809,13.1323595047,32.4211273193,69.1495132446,30.1870212555,15.5689134598,12.2439908981,7.0868268013,11.1388015747],[-0.651973307133,8.14896297455,-69.8039245605,45.0007171631,16.80052948,3.84937262535,10.5744152069,30.1870212555,95.8644790649,17.1082115173,13.3484354019,13.3012218475,17.3380470276],[-79.0474853516,50.4305763245,83.5946807861,-1.20289242268,-6.08979177475,11.313290596,13.1430301666,15.5689134598,17.1082115173,79.9966964722,38.5112838745,12.6893558502,5.21893310547],[-135.943664551,69.2815704346,38.5376052856,-1.94212675095,-13.6281604767,2.99088430405,10.2681303024,12.2439908981,13.3484354019,38.5112838745,84.6873855591,40.2521934509,11.9097623825],[-43.8707199097,37.4993972778,6.25146055222,-2.15733194351,-11.1630325317,-3.32905745506,8.6796207428,7.0868268013,13.3012218475,12.6893558502,40.2521934509,64.9873886108,30.762424469],[-48.9423599243,-3.19598340988,-17.0882015228,-7.01021146774,-1.35590755939,3.03423833847,5.73512554169,11.1388015747,17.3380470276,5.21893310547,11.9097623825,30.762424469,56.7374267578]],"icov":[[0.000259036431089,-0.000275299651548,0.000699630239978,-0.000509205390699,0.000674911192618,-0.00120825599879,0.00143612932879,-0.00115583220031,0.000906821049284,-0.000609585375059,0.000768585421611,-0.000496601627674,0.00040511394036],[-0.000275299651548,0.00186582840979,-0.00139855442103,-0.000138255098136,0.000634609546978,0.00128563377075,-0.00199991231784,0.00124188978225,-0.00141853129026,0.000982872908935,-0.0015692578163,0.000324618944433,-0.000169448350789],[0.000699630239978,-0.00139855442103,0.00464385561645,-0.000864177476615,0.00133880996145,-0.00475754588842,0.00519448565319,-0.00501778256148,0.00526288850233,-0.0045517408289,0.00255333376117,-0.0020485338755,0.00194820354227],[-0.000509205390699,-0.000138255098136,-0.000864177476615,0.008604853414,-0.00589969847351,0.00194458267651,-0.00261278008111,0.00218034023419,-0.00443107215688,0.00135871907696,-0.00128169695381,0.0000721889591659,0.00140592514072],[0.000674911192618,0.000634609546978,0.00133880996145,-0.00589969847351,0.0173368174583,-0.00929633807391,0.00486484030262,-0.00290963589214,0.00102083617821,-0.000389300927054,0.00279496866278,-0.000173461594386,0.000514380051754],[-0.00120825599879,0.00128563377075,-0.00475754588842,0.00194458267651,-0.00929633807391,0.0243135988712,-0.0155966514722,0.00743518676609,-0.00420409347862,0.00258389906958,-0.00469897361472,0.00521754799411,-0.00436353497207],[0.00143612932879,-0.00199991231784,0.00519448565319,-0.00261278008111,0.00486484030262,-0.0155966514722,0.0327612683177,-0.0173248108476,0.00721411732957,-0.00554868439212,0.0053022694774,-0.00655700732023,0.00415584957227],[-0.00115583220031,0.00124188978225,-0.00501778256148,0.00218034023419,-0.00290963589214,0.00743518676609,-0.0173248108476,0.0286077558994,-0.0114429062232,0.00369188818149,-0.00495768291876,0.00526768201962,-0.00515944650397],[0.000906821049284,-0.00141853129026,0.00526288850233,-0.00443107215688,0.00102083617821,-0.00420409347862,0.00721411732957,-0.0114429062232,0.0208037439734,-0.00734006427228,0.00288134324364,-0.00305588007905,-0.00112365221139],[-0.000609585375059,0.000982872908935,-0.0045517408289,0.00135871907696,-0.000389300927054,0.00258389906958,-0.00554868439212,0.00369188818149,-0.00734006427228,0.0218028463423,-0.0103035867214,0.00449134642258,-0.00201974157244],[0.000768585421611,-0.0015692578163,0.00255333376117,-0.00128169695381,0.00279496866278,-0.00469897361472,0.0053022694774,-0.00495768291876,0.00288134324364,-0.0103035867214,0.0244045872241,-0.0148129928857,0.00491662323475],[-0.000496601627674,0.000324618944433,-0.0020485338755,0.0000721889591659,-0.000173461594386,0.00521754799411,-0.00655700732023,0.00526768201962,-0.00305588007905,0.00449134642258,-0.0148129928857,0.0317484103143,-0.0152562400326],[0.00040511394036,-0.000169448350789,0.00194820354227,0.00140592514072,0.000514380051754,-0.00436353497207,0.00415584957227,-0.00515944650397,-0.00112365221139,-0.00201974157244,0.00491662323475,-0.0152562400326,0.0273327864707]],"mean":[-657.466125488,120.455101013,-11.4629087448,55.8576087952,3.79711532593,10.1704483032,-0.204594790936,7.82863235474,11.2964162827,0.710904717445,-0.246330589056,2.63026928902,-3.79570531845]},"pitch_salience":{"dmean":0.093658618629,"dmean2":0.153636977077,"dvar":0.00749851670116,"dvar2":0.0195922516286,"max":0.984735906124,"mean":0.43297341466,"median":0.422421753407,"min":0.00795270781964,"var":0.0189868677408},"silence_rate_20dB":{"dmean":0,"dmean2":0,"dvar":0,"dvar2":0,"max":1,"mean":1,"median":1,"min":1,"var":0},"silence_rate_30dB":{"dmean":0.0230038333684,"dmean2":0.0460153371096,"dvar":0.0224748589098,"dvar2":0.0602327808738,"max":1,"mean":0.98299998045,"median":1,"min":0,"var":0.0167117007077},"silence_rate_60dB":{"dmean":0.0196699444205,"dmean2":0.0393464490771,"dvar":0.0192833393812,"dvar2":0.045463360846,"max":1,"mean":0.0703333318233,"median":0,"min":0,"var":0.0653844177723},"spectral_centroid":{"dmean":303.196105957,"dmean2":472.25012207,"dvar":109910.296875,"dvar2":232983.296875,"max":12116.9072266,"mean":1542.04736328,"median":1462.96728516,"min":150.375473022,"var":1255342.25},"spectral_complexity":{"dmean":3.580930233,"dmean2":5.38446140289,"dvar":14.280081749,"dvar2":28.3891773224,"max":51,"mean":19.4279994965,"median":20,"min":0,"var":128.674438477},"spectral_contrast_coeffs":{"dmean":[0.0581734590232,0.0468227602541,0.040102891624,0.0319160968065,0.021104382351,0.0152120450512],"dmean2":[0.0973700135946,0.0761313214898,0.0633285790682,0.0508376657963,0.034122236073,0.0244201552123],"dvar":[0.00226147705689,0.00137415644713,0.0010720693972,0.000630333204754,0.000307619571686,0.000184809614439],"dvar2":[0.00639353366569,0.00365756638348,0.00248251180165,0.00155342998914,0.000763989577536,0.000440993055236],"max":[-0.254163175821,-0.515062093735,-0.55083322525,-0.577960789204,-0.622945904732,-0.583069086075],"mean":[-0.56550681591,-0.756729960442,-0.776137948036,-0.777728259563,-0.78330886364,-0.705604195595],"median":[-0.558937072754,-0.759611546993,-0.779042363167,-0.778179526329,-0.780328512192,-0.695299863815],"min":[-0.980815052986,-0.978769779205,-0.97962886095,-0.981024265289,-0.975527524948,-0.963433504105],"var":[0.00819880701602,0.00416460400447,0.00381309096701,0.00301250861958,0.00237001269124,0.00226675579324]},"spectral_contrast_valleys":{"dmean":[0.479380518198,0.403544157743,0.356722533703,0.308519005775,0.223443716764,0.248575031757],"dmean2":[0.759870946407,0.64502966404,0.553511440754,0.464880615473,0.325902670622,0.348694384098],"dvar":[0.191548421979,0.161694511771,0.139130055904,0.120891533792,0.0947977527976,0.138451352715],"dvar2":[0.392696708441,0.323117941618,0.245883122087,0.198473021388,0.136187687516,0.236954733729],"max":[-5.42411279678,-4.87136030197,-5.93282032013,-6.06293153763,-5.82292127609,-8.82287788391],"mean":[-7.57586336136,-7.12054300308,-7.84464931488,-8.04374313354,-7.45430088043,-10.8305330276],"median":[-7.30926322937,-6.86067819595,-7.54889583588,-7.68244981766,-7.04975938797,-10.6202774048],"min":[-27.9862480164,-27.8634319305,-27.7930870056,-27.5974845886,-27.5063667297,-27.3640556335],"var":[4.16003799438,4.08631944656,3.81770181656,3.77876853943,3.86566281319,2.62311172485]},"spectral_decrease":{"dmean":3.90791576876e-9,"dmean2":6.13932105153e-9,"dvar":2.47834081412e-17,"dvar2":6.33213641052e-17,"max":4.34098407795e-20,"mean":-9.41136590882e-9,"median":-7.92622056878e-9,"min":-4.36961293815e-8,"var":5.92023686142e-17},"spectral_energy":{"dmean":0.0150056667626,"dmean2":0.0235539115965,"dvar":0.000363552477211,"dvar2":0.000927449786104,"max":0.169394299388,"mean":0.0371465198696,"median":0.0315383598208,"min":1.00983873235e-20,"var":0.000884927809238},"spectral_energyband_high":{"dmean":0.000252177356742,"dmean2":0.00039276224561,"dvar":1.42123298019e-7,"dvar2":3.33325743895e-7,"max":0.00883831176907,"mean":0.000780331843998,"median":0.000585998408496,"min":7.10242477097e-21,"var":6.27734095815e-7},"spectral_energyband_low":{"dmean":0.0124527662992,"dmean2":0.0197063367814,"dvar":0.000253166304901,"dvar2":0.000651368172839,"max":0.145591408014,"mean":0.0245349779725,"median":0.0186488274485,"min":1.09296536423e-23,"var":0.00054948811885},"spectral_energyband_middle_high":{"dmean":0.00109355652239,"dmean2":0.00168217136525,"dvar":0.00000194557674149,"dvar2":0.00000455156805401,"max":0.0220947880298,"mean":0.00402237055823,"median":0.00382032105699,"min":1.22914838499e-21,"var":0.0000109795291792},"spectral_energyband_middle_low":{"dmean":0.00835345033556,"dmean2":0.0136106945574,"dvar":0.000162516953424,"dvar2":0.000414754555095,"max":0.123502291739,"mean":0.0130699891597,"median":0.00837417691946,"min":1.85318168869e-22,"var":0.00021966258646},"spectral_entropy":{"dmean":0.145181521773,"dmean2":0.220565542579,"dvar":0.0279682129622,"dvar2":0.0618406496942,"max":9.81454563141,"mean":7.50343227386,"median":7.55802774429,"min":5.46092367172,"var":0.169372797012},"spectral_flux":{"dmean":0.0316681265831,"dmean2":0.0504320412874,"dvar":0.00130185205489,"dvar2":0.00290482584387,"max":0.349213242531,"mean":0.0902744755149,"median":0.0800104364753,"min":6.35810154526e-11,"var":0.00287429080345},"spectral_kurtosis":{"dmean":1.32471704483,"dmean2":2.25871324539,"dvar":1.57247710228,"dvar2":4.2903547287,"max":17.6800632477,"mean":3.59118819237,"median":3.27603411674,"min":-1.26106250286,"var":3.43900156021},"spectral_rms":{"dmean":0.00115267222282,"dmean2":0.00174416648224,"dvar":0.00000153145651893,"dvar2":0.00000360878698302,"max":0.0128554552794,"mean":0.00545828882605,"median":0.00554699311033,"min":3.13880323642e-12,"var":0.00000644755755275},"spectral_rolloff":{"dmean":497.808898926,"dmean2":825.631958008,"dvar":529251.375,"dvar2":1138916.375,"max":19767.4804688,"mean":1329.45019531,"median":645.99609375,"min":21.533203125,"var":3765057.25},"spectral_skewness":{"dmean":0.173258408904,"dmean2":0.282947212458,"dvar":0.0265491772443,"dvar2":0.0638018846512,"max":3.22204709053,"mean":1.12631678581,"median":1.04300689697,"min":-0.0959592685103,"var":0.144767701626},"spectral_spread":{"dmean":328328.59375,"dmean2":508394.1875,"dvar":435548127232,"dvar2":755254493184,"max":42086708,"mean":4086338.5,"median":3627737.5,"min":2247906.25,"var":10387383648300},"spectral_strongpeak":{"dmean":0.360304355621,"dmean2":0.610883831978,"dvar":0.453736960888,"dvar2":1.18056178093,"max":10.3282794952,"mean":0.672008395195,"median":0.517888426781,"min":0,"var":0.574953377247},"zerocrossingrate":{"dmean":0.00887281633914,"dmean2":0.0105232829228,"dvar":0.00012353695638,"dvar2":0.000176610774361,"max":0.5244140625,"mean":0.0505043938756,"median":0.0419921875,"min":0,"var":0.00232024025172}},"metadata":{"audio_properties":{"analysis_sample_rate":44100,"bit_rate":192036,"codec":"mp3","downmix":"mix","equal_loudness":0,"length":139.284896851,"lossless":false,"md5_encoded":"6347f8edfdfde1c70511c55e77369ec7","replay_gain":-6.99036979675,"sample_rate":44100},"tags":{"acoustid_fingerprint":["AQADtEqSkOGVBKkOjTs-QpeSFVkuNOqOK8NzfOgT5WjOI0dyMJeJ5gz6BE2bVDjCVhd0hghv49lRLoe_Cl2PK9GRuDTyo_3x9bgyNBVjHCHFQ49y5OvR77iCp2h64z1RLwh_QRSJ9EYtyXjwoXlyhId-5LOFG_1zNK6PU8f1DfUeMKeFP8J1hIYuNI-Cy0O4j4Kf4w_SE57Eo08s_LiOylnGwJOO9vjROCH6KPgtXDouHv9RH83PQCeOVM6OM8KfBWc-mBd-XMpwKUaj_MaPJs6Cf7jR82CSJsd34XlQStqR7Jlx5EH5oqmOJ8d_PN5xGedRWi8c2-i1Dz_RH2nHQ-fh3CLCW_hr5EuiQ_uJ1kce48uH7sc_LcR5BDqzF7ny4SZhRcosnArRl8N7PMuE6jmmcbizrMgF_Wj6oz_CJ8d79Jqx67hs5Ds0mDz6HL966MO3I0ePJ0L4Q0-O_kK658Ez8Id3pI8SaA9-Iu_RWDt64mly_EgfPLggpVGK5g1wZHJ-nDyeI8_RTOrR5_iF_7hSdFl4uC8Yi_izo1x26Ef1IM_xGo9yNA96nfgu5MqORNZ2NBWYhVka_MKJZuvRZsuJkH8gHidyeIwSF9cJnIku5D10pE7Q87hX_OgnPEp05MYP3bgUws9ixBf6B_miGOeJyjvEz-h6ClcOLSMe5YXfIc9R6jh6RTAtUJcR7rh06Ed_hDfqH68EX7h0PB--B0afoefho0905Myh_wj740uO3kSvVfAPT1qO8zNy6tDSCzkLWjr6w9eFVkyOnImMXzj6CRaP4xGe48gTSiiFK0c-NHrQH0ceJjvK4D_ylEV6HD2PK0tzXDc6PUdT4g4aKg2F8Bqhm0P3oHkyaBN3NGmIG_ehRZsZlKwi4vhP1AqhqcgZRkf1D_7haVHQH7UfCv6RJ8uFhCeqF1V3wRdq4jgjB7uO5hSqNhWRqzoiN1FR5A2OP7guPAzMbIdc4UflHXoEPXpy5JJhcsGPT3j6Dc51nFFy5JE86Ef2o3mOngmuK-gTToNjBemXa9B2fBfy4QmK5hNIMRqON4mHPjTSINHxx3DM40tyeHEedF-RP9B35GheBj1-nNKRi1IFXTqgSfLRH0d1-LNQN8YhTwlyET2N5kLZ7Pg-tEwS5NIh4-CFM0sOscZ15Dw-_ELzo1aOSPUr-IfGZg3CH1N03MfHIGc-NGNyaOSLZ0fzQ8oRLktIHD9qRsd79B28LEepK8hxftByI3yO82C67LDu4DOo77hzITx0fbj1FCEteIl-9D-OvjWaSQly8TGaPuiRZw_6o2FGvPjB50ErLUWYB8nB_GBypriFf0XDOMZlhFClHQ9V-Gxxz7h33CUiUYtG-PhxPYdDP6h8dF5E4d2QM5j0pUQfHXdrMApyNLsolD96hhv84yead8cvXBRCqkfzQ9qW5XiEMDfKHU974WFQewZ1BZWp41KSGxeyWMHz4kedI5JFY8qPS_iQG_XREc8uaA-sKTuF_KhMvMeL80F58WguIsdlqdAUSUOYVUlx3cKPidfQXpiZ4yGN2hHSyEey-jia8oEd7WCoXTiaZyh_5EiUMJEio5SM5-gPj1kq_EhYCnG1HGaPnj--pTqakeCVHEmRlczRbaXwFI94NI9u9EyR-NKRX7jxisXjo_mPnnhyTMdRr3iI