{"lowlevel":{"average_loudness":0.948789715767,"barkbands":{"dmean":[0.00721525587142,0.0108615690842,0.00113510084338,0.000771616993006,0.0011004966218,0.00176668155473,0.00123420415912,0.000944075058214,0.000960605859291,0.000982430647127,0.000855710590258,0.000939422927331,0.000470282539027,0.00035037251655,0.000231709476793,0.000243354443228,0.000202803130378,0.000172793690581,0.000236133477301,0.000125734921312,0.0000758843016229,0.0000615345852566,0.0000613195734331,0.0000343777792295,0.00000283375879917,0.0000623314626864,0.000169512815773],"dmean2":[0.0112719675526,0.0177054125816,0.00188855163287,0.00129152357113,0.00180050800554,0.00279209506698,0.00195245933719,0.00147477025166,0.001555837458,0.00158983084839,0.0013696065871,0.00148022780195,0.00074332341319,0.000555792823434,0.000362513965229,0.000385544582969,0.000317785947118,0.000267843017355,0.000350805639755,0.000177781417733,0.00010620377725,0.0000802022477728,0.000078554970969,0.0000444523502665,0.00000422697394242,0.0000781130074756,0.000222954127821],"dvar":[0.000184775839443,0.000489230616949,0.00000451086270914,0.00000282962605525,0.00000549129799765,0.0000169071372511,0.00000932661896513,0.00000833063040773,0.00000567024198972,0.00000611985569776,0.00000455676536149,0.00000757214002078,0.00000156238479576,5.33007892045e-7,2.40979261434e-7,2.47026747502e-7,1.64042887718e-7,1.58379322102e-7,2.90769122557e-7,1.4220927369e-7,7.85849252338e-8,1.56138408869e-8,1.89866806721e-8,6.70356836707e-9,2.4933031334e-11,2.06855226281e-8,7.45600274854e-8],"dvar2":[0.000428272614954,0.00124814955052,0.0000110340215542,0.0000075327493505,0.0000139712601595,0.0000402700170525,0.0000225584371947,0.0000186291181308,0.0000135935924845,0.0000151344365804,0.0000112032776087,0.0000185808639799,0.00000381866311727,0.00000133018590986,5.46773890164e-7,6.1237119553e-7,4.00336716666e-7,3.52941100346e-7,6.03929606768e-7,2.92080244435e-7,1.88802516732e-7,2.88688877248e-8,3.39882184619e-8,1.19000791443e-8,5.32111681106e-11,3.55498777083e-8,1.37435918646e-7],"max":[0.15266725421,0.24356366694,0.0401547364891,0.0460415184498,0.0439257137477,0.0766988322139,0.0628731101751,0.0905880108476,0.0624035298824,0.0456340201199,0.0418935120106,0.0915272459388,0.0435260310769,0.0139804854989,0.0164446961135,0.0105090392753,0.00837131682783,0.0105725126341,0.0145467324182,0.0176432095468,0.0162450745702,0.0026718499139,0.0018047200283,0.00107835850213,0.0000829003984109,0.00183850422036,0.00603093625978],"mean":[0.00700252689421,0.0102554382756,0.00125609571114,0.000826533359941,0.00138862733729,0.00220699282363,0.00168120418675,0.00128869782202,0.00128375308122,0.00128372223116,0.00105818605516,0.00119416415691,0.000632165872958,0.000492681341711,0.000347374152625,0.000333274278091,0.000289144169074,0.000252492143773,0.000378929951694,0.000206605909625,0.000127028411953,0.0000903045365703,0.0000773033752921,0.0000416794573539,0.00000337749042956,0.0000772502244217,0.000332512659952],"median":[0.00127912533935,0.00249193306081,0.000436653848737,0.000267396942945,0.000541529036127,0.000575716956519,0.000514756073244,0.000302935543004,0.000387160980608,0.000338339363225,0.00027563641197,0.000279186409898,0.000190976512386,0.000168149985257,0.000109280226752,0.000104814273072,0.000094910923508,0.000088616659923,0.000119511852972,0.0000611742871115,0.0000309337192448,0.0000146610491356,0.00000659526722302,0.00000281356801679,9.26941879698e-7,0.00000515607553098,0.000168129306985],"min":[4.77763445125e-13,1.08724704587e-12,6.70326587206e-13,4.18066948248e-13,1.24780578665e-12,9.37133183554e-13,1.37500384342e-12,3.7832784865e-13,5.38272985212e-13,7.22844147819e-13,6.48994258941e-13,1.06769714597e-12,1.20038657833e-12,1.05911828786e-12,1.07912680528e-12,4.93127511481e-13,6.43052234725e-13,5.14429698926e-13,1.63612992512e-12,6.39299594166e-13,1.43670123541e-12,1.29823680018e-12,2.51015788016e-12,2.10462008064e-12,4.80689836893e-12,5.98018162767e-12,1.29589039152e-11],"var":[0.000191487881239,0.000421686883783,0.00000536270636076,0.00000277322419606,0.00000653398183204,0.0000247294337896,0.0000161479183589,0.000017849222786,0.00000999134317681,0.0000100450270111,0.00000602387444815,0.000010720174032,0.00000216277544496,8.91895012956e-7,4.98146448535e-7,3.84659642805e-7,2.70541079317e-7,2.73469311196e-7,6.50017966564e-7,3.21157244798e-7,1.23274489283e-7,3.1898636621e-8,3.20050084213e-8,1.10849747159e-8,3.65846103412e-11,3.55365514793e-8,2.12682053302e-7]},"barkbands_crest":{"dmean":3.27038812637,"dmean2":5.28331899643,"dvar":7.7610669136,"dvar2":19.164773941,"max":25.7952804565,"mean":10.2089357376,"median":9.56818389893,"min":2.33686804771,"var":17.7116394043},"barkbands_flatness_db":{"dmean":0.0332520976663,"dmean2":0.0502809397876,"dvar":0.000978697906248,"dvar2":0.00222722720355,"max":0.40860465169,"mean":0.135542616248,"median":0.125359714031,"min":0.0179254729301,"var":0.00332649913616},"barkbands_kurtosis":{"dmean":6.93080043793,"dmean2":11.072722435,"dvar":268.001403809,"dvar2":663.781677246,"max":421.174194336,"mean":8.55132865906,"median":3.41889691353,"min":-1.82185304165,"var":357.658813477},"barkbands_skewness":{"dmean":0.89057892561,"dmean2":1.33916676044,"dvar":1.03117585182,"dvar2":2.35054731369,"max":17.5412101746,"mean":1.90303623676,"median":1.57508039474,"min":-3.28253340721,"var":2.74077939987},"barkbands_spread":{"dmean":8.56286811829,"dmean2":13.0756540298,"dvar":86.0990753174,"dvar2":195.560119629,"max":124.999290466,"mean":24.2501773834,"median":21.2365169525,"min":0.729179084301,"var":254.962081909},"dissonance":{"dmean":0.0226426646113,"dmean2":0.0378912128508,"dvar":0.000541102606803,"dvar2":0.00142393563874,"max":0.500000178814,"mean":0.465377867222,"median":0.474187731743,"min":0.239380821586,"var":0.000955756113399},"dynamic_complexity":4.1168551445,"erbbands":{"dmean":[0.599426925182,1.45461297035,1.58238399029,1.83586835861,3.76787209511,3.09391760826,6.65491056442,16.8967056274,17.3782730103,18.0233726501,21.9051570892,21.621887207,27.2048492432,32.1791992188,32.8940811157,36.4972419739,21.9763908386,18.4307670593,13.1586561203,11.9601430893,13.1834430695,10.3860454559,9.25718975067,11.0437841415,10.5441627502,5.93789863586,3.63292455673,2.75070524216,2.3203420639,1.73085260391,1.92388629913,1.14815211296,0.33943259716,0.0536644123495,0.0184788815677,0.081174865365,0.153026163578,0.0604147836566,0.0171314049512,0.00444571999833],"dmean2":[0.986923754215,2.40480232239,2.57295966148,3.03493928909,6.27547931671,5.04834604263,10.7324504852,26.7665100098,27.5604858398,28.2311134338,34.0235366821,34.8048057556,43.626411438,50.9725379944,51.6334381104,57.3073120117,34.2869491577,28.9239959717,20.2848377228,18.7505283356,20.5776119232,16.1605415344,14.3448143005,16.3984985352,15.3109102249,8.41818618774,5.08155155182,3.76635122299,3.04842972755,2.22784423828,2.50251173973,1.50557398796,0.434283047915,0.0728117898107,0.0275621637702,0.102300725877,0.195411279798,0.0750680044293,0.0219443775713,0.00601142225787],"dvar":[1.46244049072,10.5151462555,9.51123332977,13.6430091858,87.5272750854,43.6316413879,264.950012207,1762.17150879,1971.83300781,2316.00512695,4503.421875,3444.89599609,5150.55908203,5984.40966797,6568.64160156,11250.5439453,3715.2277832,1550.41711426,729.83996582,623.370544434,785.352722168,442.228149414,425.822906494,680.243713379,632.555480957,324.595489502,157.549758911,79.0681152344,23.3413963318,12.9022903442,20.2226352692,7.79238605499,0.61339199543,0.0097436606884,0.00102589488961,0.0318294428289,0.132203802466,0.0161960776895,0.00131661875639,0.0000449675389973],"dvar2":[3.73733615875,27.2257804871,23.0513648987,35.7769966125,232.347854614,107.464920044,650.730285645,4168.60546875,4775.56201172,5384.9140625,9785.56445312,8424.97167969,12457.5732422,14068.9960938,15908.5039062,27570.2304688,9114.30078125,3916.52832031,1626.16601562,1487.79626465,1951.12658691,1078.00561523,969.489685059,1461.3770752,1250.12426758,678.170715332,360.172607422,182.435699463,44.9289093018,22.7143478394,37.6472587585,14.1581754684,1.05497848988,0.0172595549375,0.00220639049076,0.0529006756842,0.233525559306,0.0276530124247,0.00262214196846,0.0000856208716868],"max":[11.9745407104,44.8242263794,69.6736450195,112.272216797,188.995544434,136.191818237,360.908081055,917.283874512,1044.67150879,1695.13781738,2379.6809082,1604.7253418,1563.19006348,2142.02392578,1660.81091309,3377.92407227,2026.20288086,835.861022949,1031.0579834,811.213684082,721.08392334,461.34185791,534.388305664,993.828979492,764.690979004,816.065246582,638.074645996,505.022125244,118.535430908,52.117805481,55.9410324097,40.8329963684,11.4382362366,1.3654499054,0.521076619625,2.08232307434,4.44855499268,1.73703944683,1.53256762028,0.121375210583],"mean":[0.536693990231,1.39975583553,1.78037381172,2.12245559692,4.31648492813,3.80458641052,8.46156787872,20.5894680023,23.4673061371,25.5155601501,31.8337612152,29.6914024353,36.5145225525,43.7273635864,44.5143852234,48.0468940735,31.2804603577,27.2268753052,20.3878002167,17.7574806213,18.9994106293,15.6813411713,14.0221920013,17.4741611481,17.0580024719,9.83845996857,6.1678314209,4.43709373474,3.40076875687,2.44904971123,2.33921170235,1.37252640724,0.422955214977,0.0684224963188,0.0215873587877,0.102750517428,0.185682654381,0.084927380085,0.0317066200078,0.00925643835217],"median":[0.107517801225,0.359390735626,0.605285406113,0.84525847435,1.29907798767,1.56300270557,3.00784015656,4.94553041458,6.38873291016,7.98737239838,8.19644165039,9.10020065308,10.5196962357,12.9369049072,12.9888830185,12.5195579529,9.96719551086,9.66050243378,7.41166400909,5.94009494781,6.1697716713,5.66101551056,5.19288825989,6.08234214783,5.09903049469,2.93950939178,1.63441085815,0.99777173996,0.56713950634,0.319692254066,0.171050608158,0.081108212471,0.0359107889235,0.0134955244139,0.00605956371874,0.00909614097327,0.0105532445014,0.0113370195031,0.0109229469672,0.00546627119184],"min":[4.38393314706e-11,1.94168375822e-10,4.63157678876e-10,1.59020230317e-9,3.19463500098e-9,4.87554085993e-9,5.06648900611e-9,9.87326043145e-9,1.83121926511e-8,1.44408440761e-8,5.56587620437e-9,1.06899342711e-8,2.15637285805e-8,2.02347152367e-8,4.44120686893e-8,2.74776414955e-8,5.05850614729e-8,5.68736631124e-8,5.44198357488e-8,4.90797162911e-8,2.38702018152e-8,3.86718213008e-8,3.62266554532e-8,3.72741872923e-8,8.61659472662e-8,2.96172739667e-8,5.87965871546e-8,4.46417054434e-8,3.69255559463e-8,6.88583483566e-8,6.8733690739e-8,5.86804844716e-8,2.97901241453e-8,5.11954176829e-8,3.25186917394e-8,1.63280073906e-8,1.04189643579e-8,4.78168438178e-9,7.94145471605e-10,2.68505495615e-10],"var":[1.23176753521,8.8582868576,10.6786804199,13.9931440353,97.2497329712,50.6649246216,345.810577393,2469.46069336,3089.97753906,4550.86376953,10337.8632812,5678.76367188,8537.72167969,9895.01464844,9262.85253906,16214.4072266,5223.25146484,2651.30249023,1429.94287109,1218.57202148,1248.47973633,724.276855469,720.375610352,1368.8614502,1456.52929688,710.581481934,295.278198242,126.579597473,46.541809082,24.7111244202,31.9821548462,12.3584032059,1.0666257143,0.0179656408727,0.0014590092469,0.0581822916865,0.217782735825,0.0309826396406,0.00322596845217,0.000132207103889]},"erbbands_crest":{"dmean":3.14619231224,"dmean2":5.14349460602,"dvar":8.63883590698,"dvar2":20.931842804,"max":31.2395477295,"mean":9.11448574066,"median":8.04326248169,"min":1.83431780338,"var":20.2011222839},"erbbands_flatness_db":{"dmean":0.0267632137984,"dmean2":0.0376483500004,"dvar":0.000559144071303,"dvar2":0.0010826283833,"max":0.375427871943,"mean":0.151290595531,"median":0.148739397526,"min":0.0315344519913,"var":0.00284698512405},"erbbands_kurtosis":{"dmean":1.48831820488,"dmean2":2.3404943943,"dvar":5.68938159943,"dvar2":12.182600975,"max":59.2600898743,"mean":1.31460297108,"median":0.365390777588,"min":-1.80664026737,"var":14.2802886963},"erbbands_skewness":{"dmean":0.466277778149,"dmean2":0.699138760567,"dvar":0.189543947577,"dvar2":0.406841248274,"max":6.21831083298,"mean":0.265434890985,"median":0.229335919023,"min":-5.29465913773,"var":0.767793655396},"erbbands_spread":{"dmean":8.41994953156,"dmean2":12.4694042206,"dvar":71.1473693848,"dvar2":158.140136719,"max":126.805419922,"mean":28.8700504303,"median":25.5561752319,"min":1.21155810356,"var":250.13659668},"gfcc":{"cov":[[9390.9375,-1195.90380859,-466.836639404,327.503509521,-102.016441345,277.366119385,86.3846511841,159.460418701,118.783508301,98.473526001,-19.8610210419,313.429260254,-209.967514038],[-1195.90380859,1435.62402344,9.6359167099,-459.996459961,124.125846863,-109.006759644,19.1836013794,-35.34923172,-24.4014148712,-17.5039596558,117.431800842,-155.439804077,149.786346436],[-466.836639404,9.6359167099,717.683959961,319.377990723,-63.8051300049,196.636993408,1.24796140194,163.966079712,26.6337203979,43.679069519,-12.0046348572,56.8720474243,-13.1879262924],[327.503509521,-459.996459961,319.377990723,581.02935791,88.9781723022,56.5840110779,59.9182777405,60.6035461426,34.240398407,29.4652118683,-31.7526531219,92.1769485474,-58.7541465759],[-102.016441345,124.125846863,-63.8051300049,88.9781723022,307.098815918,37.1493110657,62.2234535217,-40.5870704651,7.46498203278,-12.5837192535,41.452709198,-13.0500802994,25.0982227325],[277.366119385,-109.006759644,196.636993408,56.5840110779,37.1493110657,359.600189209,-3.84368443489,99.9433288574,14.9927215576,39.7881240845,1.74528813362,60.8097686768,0.87272053957],[86.3846511841,19.1836013794,1.24796140194,59.9182777405,62.2234535217,-3.84368443489,204.4584198,22.2763576508,42.6860122681,-2.23955750465,7.25116300583,12.7714109421,-0.159987807274],[159.460418701,-35.34923172,163.966079712,60.6035461426,-40.5870704651,99.9433288574,22.2763576508,186.004074097,72.5914535522,32.4036521912,-13.3498783112,10.2342529297,6.89420604706],[118.783508301,-24.4014148712,26.6337203979,34.240398407,7.46498203278,14.9927215576,42.6860122681,72.5914535522,142.525665283,55.0906906128,-13.565279007,15.5273599625,-7.05355072021],[98.473526001,-17.5039596558,43.679069519,29.4652118683,-12.5837192535,39.7881240845,-2.23955750465,32.4036521912,55.0906906128,94.7789382935,31.9178981781,15.5018396378,4.15213251114],[-19.8610210419,117.431800842,-12.0046348572,-31.7526531219,41.452709198,1.74528813362,7.25116300583,-13.3498783112,-13.565279007,31.9178981781,99.649887085,26.4482021332,20.1713619232],[313.429260254,-155.439804077,56.8720474243,92.1769485474,-13.0500802994,60.8097686768,12.7714109421,10.2342529297,15.5273599625,15.5018396378,26.4482021332,116.739387512,6.66553735733],[-209.967514038,149.786346436,-13.1879262924,-58.7541465759,25.0982227325,0.87272053957,-0.159987807274,6.89420604706,-7.05355072021,4.15213251114,20.1713619232,6.66553735733,89.7815322876]],"icov":[[0.000158975075465,-0.0000546951705473,0.000342770916177,-0.000150447202032,0.0000729053572286,-0.000119696429465,-0.00002398246761,-0.000331109797116,0.000189258687897,-0.000213658131543,0.000155716654263,-0.000503371004015,0.000448233651696],[-0.0000546951705473,0.00213795434684,-0.00175068166573,0.00211719982326,-0.00124064355623,0.00087556411745,-0.000351999100531,0.000617944227997,-0.000800611975137,0.000708285893779,-0.00193581113126,0.00213492102921,-0.0020953908097],[0.000342770916177,-0.00175068166573,0.00489418767393,-0.00409435853362,0.00284760934301,-0.00248636398464,0.000438973860582,-0.00194769608788,0.000509842881002,0.000239461354795,-0.0000578133112867,-0.000824069720693,0.00124348048121],[-0.000150447202032,0.00211719982326,-0.00409435853362,0.00743268989027,-0.00534269120544,0.00364113482647,-0.000953780021518,-0.00123162346426,0.00264694308862,-0.00396217918023,0.00366335525177,-0.00368981668726,0.00177166762296],[0.0000729053572286,-0.00124064355623,0.00284760934301,-0.00534269120544,0.0087004173547,-0.00434174621478,-0.000526140618604,0.00340577331372,-0.00475423084572,0.0059800548479,-0.00629978068173,0.00542092230171,-0.00312730832957],[-0.000119696429465,0.00087556411745,-0.00248636398464,0.00364113482647,-0.00434174621478,0.00641850754619,0.00000470053464596,-0.00333353527822,0.00388899096288,-0.00475579686463,0.0039898250252,-0.00459773791954,0.00165465346072],[-0.00002398246761,-0.000351999100531,0.000438973860582,-0.000953780021518,-0.000526140618604,0.00000470053464596,0.00596214551479,-0.000492692226544,-0.00221519148909,0.0019575166516,-0.00100619683508,-0.000281257729512,0.000149359068018],[-0.000331109797116,0.000617944227997,-0.00194769608788,-0.00123162346426,0.00340577331372,-0.00333353527822,-0.000492692226544,0.0123599655926,-0.00813591945916,0.00472718803212,-0.00438847159967,0.00646155932918,-0.00511859031394],[0.000189258687897,-0.000800611975137,0.000509842881002,0.00264694308862,-0.00475423084572,0.00388899096288,-0.00221519148909,-0.00813591945916,0.0184421036392,-0.0141955474392,0.0111278416589,-0.00893244892359,0.00576584693044],[-0.000213658131543,0.000708285893779,0.000239461354795,-0.00396217918023,0.0059800548479,-0.00475579686463,0.0019575166516,0.00472718803212,-0.0141955474392,0.0254075452685,-0.015421862714,0.00938210822642,-0.0057460134849],[0.000155716654263,-0.00193581113126,-0.0000578133112867,0.00366335525177,-0.00629978068173,0.0039898250252,-0.00100619683508,-0.00438847159967,0.0111278416589,-0.015421862714,0.0245272126049,-0.0134288333356,0.00511398306116],[-0.000503371004015,0.00213492102921,-0.000824069720693,-0.00368981668726,0.00542092230171,-0.00459773791954,-0.000281257729512,0.00646155932918,-0.00893244892359,0.00938210822642,-0.0134288333356,0.0220387820154,-0.00899686571211],[0.000448233651696,-0.0020953908097,0.00124348048121,0.00177166762296,-0.00312730832957,0.00165465346072,0.000149359068018,-0.00511859031394,0.00576584693044,-0.0057460134849,0.00511398306116,-0.00899686571211,0.018513455987]],"mean":[-20.2446136475,86.7459487915,-98.5853500366,-2.36835694313,-21.4771881104,-16.5789604187,2.11170244217,-9.42479801178,-2.71411538124,-5.17126560211,-0.861283183098,1.74296104908,-9.11268901825]},"hfc":{"dmean":19.9751853943,"dmean2":26.6865291595,"dvar":694.957336426,"dvar2":1269.00830078,"max":510.975738525,"mean":48.0544013977,"median":34.2027702332,"min":5.89835678966e-7,"var":2427.55078125},"melbands":{"dmean":[0.00440010568127,0.00114808604121,0.000367867469322,0.000250617798883,0.000207080360269,0.000371140515199,0.000261497625615,0.000194505017134,0.000175735636731,0.000137830036692,0.000138841132866,0.000133383902721,0.000116906892799,0.000115679496957,0.0000644112369628,0.000043228665163,0.000035728844523,0.0000232969086937,0.0000156333571795,0.0000163247550518,0.0000163078148034,0.0000115222455861,0.00000997351435217,0.00000849618299981,0.00000944770999922,0.0000100411662061,0.00000557845896765,0.0000038361672523,0.00000248626656685,0.00000192473703464,0.00000154345548253,0.00000135412358304,0.00000116657861327,8.92348566595e-7,0.00000115230398023,0.00000101943066966,5.79074367124e-7,2.73901235914e-7,9.63048165659e-8,2.66160782303e-8],"dmean2":[0.00703597115353,0.00186150893569,0.000606243615039,0.000414742098656,0.000333773466991,0.000586195499636,0.000414343288867,0.000305897730868,0.000273544545053,0.000223447321332,0.000223588140216,0.000212001832551,0.000185487559065,0.000181948125828,0.000102009238617,0.0000675787086948,0.0000567458992009,0.0000366003150702,0.0000246604886343,0.0000260039123532,0.0000255547274719,0.0000182075491466,0.000015729403458,0.0000133561479743,0.0000143161742017,0.0000150321711772,0.00000812132293504,0.00000559841009817,0.00000357446947419,0.00000278052380054,0.00000216949547394,0.00000183477141036,0.00000156936027906,0.00000116561898267,0.00000153536745984,0.00000135604864226,7.6079675182e-7,3.57112327265e-7,1.27457042254e-7,3.97363848492e-8],"dvar":[0.0000741291732993,0.00000564930542168,5.60820467399e-7,3.18995262205e-7,2.28564843496e-7,7.84472206306e-7,4.12733584199e-7,2.67214943506e-7,2.45079490924e-7,1.36751822311e-7,1.33915762035e-7,1.06435599889e-7,8.33365163544e-8,1.29284288164e-7,2.94585937866e-8,1.21698739974e-8,6.1893898895e-9,2.32943819789e-9,1.09499886936e-9,1.07373876457e-9,1.32720878732e-9,5.50695711254e-10,4.6564477274e-10,4.29503266286e-10,5.21792775654e-10,5.58906476655e-10,2.52819570834e-10,1.40400246984e-10,7.11277634013e-11,5.26141873125e-11,2.1558600391e-11,8.31679430185e-12,5.98954870076e-12,3.49139098708e-12,7.41374583252e-12,6.49029658142e-12,1.97361333006e-12,4.22264572484e-13,4.20048652978e-14,2.16815425849e-15],"dvar2":[0.000185625482118,0.0000140072233989,0.00000147037701481,8.28999077385e-7,5.53511767976e-7,0.00000185083581528,9.93607955024e-7,6.26906626167e-7,5.28805855993e-7,3.38392624144e-7,3.25906597709e-7,2.51438819987e-7,2.05402102438e-7,3.18452549664e-7,6.93671964314e-8,3.03881719788e-8,1.57440709359e-8,5.37636024589e-9,2.5995774422e-9,2.62101629289e-9,3.31731153658e-9,1.356139534e-9,1.14788900607e-9,9.85704629031e-10,1.1612173445e-9,1.21898779959e-9,5.04535746515e-10,3.05728609096e-10,1.65380972805e-10,1.26630192443e-10,5.0218152553e-11,1.67752964297e-11,1.16183295623e-11,6.27792609564e-12,1.43718682788e-11,1.25276672716e-11,3.57572717095e-12,7.56535838749e-13,7.52201848985e-14,4.6164468766e-15],"max":[0.0809079110622,0.0452773161232,0.0183118060231,0.0111331231892,0.0102881137282,0.0180476140231,0.0145706795156,0.015923904255,0.0170645751059,0.00922337174416,0.00798204820603,0.00830895267427,0.00498937955126,0.0135873900726,0.00469721900299,0.00317446468398,0.00164597772527,0.00157555623446,0.00123761268333,0.000741888186894,0.000891269883141,0.000442166114226,0.000512644008268,0.000527997151949,0.000911399722099,0.000644981861115,0.000520909321494,0.000612259958871,0.000370990019292,0.000404036283726,0.000248685682891,0.0000763546850067,0.0000321340558003,0.0000254910337389,0.0000314116041409,0.0000406075414503,0.0000190008668142,0.0000101194509625,0.00000278322386293,6.94925176958e-7],"mean":[0.00416699284688,0.00124343682546,0.000442956341431,0.00029876906774,0.000266053189989,0.000463197735371,0.000360344100045,0.00027322844835,0.000252981990343,0.000182165647857,0.000181772265933,0.000176445828401,0.000149739862536,0.000146192469401,0.0000870086369105,0.0000593832010054,0.0000494722589792,0.0000335646109306,0.0000236823234445,0.0000224882805924,0.0000223577480938,0.0000162989035744,0.0000139449648486,0.0000120762597362,0.0000141929303936,0.0000151281956278,0.00000875444220583,0.00000598496262683,0.00000401239049097,0.00000306164747599,0.00000235931361203,0.00000193365349332,0.00000161517868946,0.00000121999653402,0.00000138088341828,0.00000117718047932,6.95271467066e-7,3.36279214252e-7,1.21153291843e-7,3.15378372306e-8],"median":[0.000979250762612,0.000400562334107,0.000176442466909,0.000101338715467,0.0000976698065642,0.00011546134192,0.000101491619716,0.0000829691707622,0.0000639896170469,0.0000539981047041,0.0000496237189509,0.0000486755561724,0.0000410981847381,0.0000334527285304,0.0000248354062933,0.0000187773184734,0.000016723310182,0.000011267595255,0.00000778489902586,0.00000707256913302,0.00000641109409116,0.00000552956862521,0.00000455089957541,0.00000414768419432,0.00000466729034088,0.00000437327298641,0.00000253061170952,0.00000171707551999,0.00000103131617379,7.21873675502e-7,4.82114103306e-7,3.25681810409e-7,2.34069091221e-7,1.5111787377e-7,1.01849529699e-7,6.55058443044e-8,4.1877846968e-8,2.64853117216e-8,1.6327785346e-8,8.52837356291e-9],"min":[3.90707513001e-13,2.88013374001e-13,3.29641722989e-13,2.67310397992e-13,1.87539965653e-13,2.18321319139e-13,2.75974691233e-13,1.43532700916e-13,3.79402929972e-14,7.65359862076e-14,1.13546528408e-13,8.44576416182e-14,1.29571239805e-13,1.14820696354e-13,6.22622952002e-14,9.71865410414e-14,1.08663803595e-13,8.12063564721e-14,7.30315059729e-14,4.0628575672e-14,2.80669584796e-14,4.39714013627e-14,2.79636797523e-14,2.87453031213e-14,2.08773309648e-14,9.85956650525e-14,2.67407793228e-14,1.42898693367e-14,3.78843380007e-14,3.14792137669e-14,2.38637048626e-14,1.63911717315e-14,3.18535887771e-14,3.90547545746e-14,3.50050019624e-14,5.05691307242e-14,2.79944541533e-14,1.47249240931e-14,3.16414409051e-14,4.79763764252e-14],"var":[0.0000667963468004,0.00000557591420147,6.02574118602e-7,3.6185659269e-7,3.07903604835e-7,0.00000115312832349,6.83228222442e-7,5.14641044447e-7,5.70519432586e-7,2.13672109339e-7,2.18822890474e-7,1.77248608679e-7,1.12609285452e-7,1.74212019033e-7,4.54251036786e-8,1.70769052232e-8,9.63990842706e-9,4.1084429192e-9,2.51046361477e-9,1.8088339715e-9,1.97004368374e-9,8.30596369461e-10,7.18073323025e-10,6.99040769714e-10,9.71241531644e-10,1.11897102695e-9,5.50114342968e-10,2.83771062204e-10,1.28078728179e-10,8.0971500338e-11,3.32207907017e-11,1.58814367907e-11,1.07350786246e-11,6.4261733955e-12,1.12296240015e-11,9.48119534272e-12,3.1776970378e-12,7.02579975535e-13,7.32603200652e-14,3.22644823422e-15]},"melbands_crest":{"dmean":5.57923126221,"dmean2":8.72924804688,"dvar":24.2946643829,"dvar2":52.1083526611,"max":38.6693191528,"mean":16.8065929413,"median":15.1394405365,"min":2.82651042938,"var":61.6123390198},"melbands_flatness_db":{"dmean":0.0412081778049,"dmean2":0.0609261058271,"dvar":0.00140981306322,"dvar2":0.00319812051021,"max":0.537661135197,"mean":0.230570092797,"median":0.221197217703,"min":0.011917152442,"var":0.00552943488583},"melbands_kurtosis":{"dmean":11.8847150803,"dmean2":19.4312553406,"dvar":1307.23327637,"dvar2":3746.47094727,"max":1135.25195312,"mean":13.7472343445,"median":4.70034694672,"min":-1.90841925144,"var":1274.97314453},"melbands_skewness":{"dmean":1.16045808792,"dmean2":1.74267590046,"dvar":1.92179644108,"dvar2":4.76809978485,"max":26.9992656708,"mean":2.37127614021,"median":1.86706066132,"min":-2.44122385979,"var":4.68815422058},"melbands_spread":{"dmean":8.5927324295,"dmean2":13.1204118729,"dvar":112.070045471,"dvar2":226.320083618,"max":174.421386719,"mean":22.2132053375,"median":18.2938613892,"min":0.25590506196,"var":326.54901123},"mfcc":{"cov":[[9044.04589844,-1116.75671387,-608.262145996,142.965744019,-219.513565063,245.971923828,-172.731155396,365.209716797,-139.74508667,236.261871338,-71.9363021851,180.859313965,-5.45614242554],[-1116.75671387,1567.7857666,-168.191314697,-319.49786377,-1.38114750385,-165.629714966,102.854255676,-181.759628296,27.8154430389,-94.9175262451,63.7140312195,-67.1032562256,54.3391609192],[-608.262145996,-168.191314697,819.093017578,93.9813919067,91.8110580444,30.3297271729,23.3572750092,116.621391296,67.0503005981,69.1447143555,34.7806472778,47.4501457214,-11.9950723648],[142.965744019,-319.49786377,93.9813919067,519.618896484,33.4533958435,42.5178909302,14.5770683289,47.8540344238,8.60235786438,29.0978221893,0.361085355282,17.5179252625,-0.362335085869],[-219.513565063,-1.38114750385,91.8110580444,33.4533958435,268.228027344,86.6215209961,50.3816795349,30.1648025513,19.0063095093,-2.89066267014,17.4199066162,28.6348648071,11.0461101532],[245.971923828,-165.629714966,30.3297271729,42.5178909302,86.6215209961,209.92086792,60.8246192932,61.2157821655,5.752409935,6.24262952805,2.17595052719,38.0831680298,6.99547338486],[-172.731155396,102.854255676,23.3572750092,14.5770683289,50.3816795349,60.8246192932,165.985092163,35.4231719971,0.149888679385,-21.9585227966,6.5560503006,1.40390717983,14.0959539413],[365.209716797,-181.759628296,116.621391296,47.8540344238,30.1648025513,61.2157821655,35.4231719971,171.628814697,53.1152877808,42.6047286987,4.63031244278,33.6291732788,-3.73254990578],[-139.74508667,27.8154430389,67.0503005981,8.60235786438,19.0063095093,5.752409935,0.149888679385,53.1152877808,143.773864746,59.6903877258,29.8634624481,5.01776266098,2.87705492973],[236.261871338,-94.9175262451,69.1447143555,29.0978221893,-2.89066267014,6.24262952805,-21.9585227966,42.6047286987,59.6903877258,125.157493591,41.912197113,13.7353467941,-3.59709644318],[-71.9363021851,63.7140312195,34.7806472778,0.361085355282,17.4199066162,2.17595052719,6.5560503006,4.63031244278,29.8634624481,41.912197113,84.6686172485,32.5575637817,9.79887580872],[180.859313965,-67.1032562256,47.4501457214,17.5179252625,28.6348648071,38.0831680298,1.40390717983,33.6291732788,5.01776266098,13.7353467941,32.5575637817,85.7645187378,29.675579071],[-5.45614242554,54.3391609192,-11.9950723648,-0.362335085869,11.0461101532,6.99547338486,14.0959539413,-3.73254990578,2.87705492973,-3.59709644318,9.79887580872,29.675579071,67.6435546875]],"icov":[[0.000184665812412,-0.00000112520501716,0.000210949234315,-0.0000131338165374,0.000128573869006,-0.000150402105646,0.000201445785933,-0.000478233327158,0.000407224404626,-0.000507831806317,0.000303987413645,-0.000373042072169,0.0000546211413166],[-0.00000112520501716,0.00119230535347,0.0000500439782627,0.000549299526028,-0.000161448624567,0.00080212688772,-0.000991703011096,0.000880364794284,-0.00074167229468,0.000902517698705,-0.00129268201999,0.000848853087518,-0.000853025412653],[0.000210949234315,0.0000500439782627,0.00171474087983,-0.000143606215715,-0.000300649320707,0.000214328916627,0.0000480644521303,-0.00118630297948,0.000238182008616,-0.000954695395194,0.000268626754405,-0.00101871765219,0.000578675302677],[-0.0000131338165374,0.000549299526028,-0.000143606215715,0.00228698109277,-0.000200127120479,0.000169898863533,-0.00053304398898,0.000158008508151,-0.000150383260916,-0.0000436444679508,-0.000289353454718,0.000269511685474,-0.00039287286927],[0.000128573869006,-0.000161448624567,-0.000300649320707,-0.000200127120479,0.00477933324873,-0.0018715133192,-0.000385061925044,-0.000109967681055,-0.000255412305705,0.000335493590683,-0.000300913205137,-0.00083387986524,0.0000110613627839],[-0.000150402105646,0.00080212688772,0.000214328916627,0.000169898863533,-0.0018715133192,0.00755376182497,-0.00282232649624,-0.000327662273776,-0.000465667748358,0.000256674917182,0.000390882370993,-0.00204717391171,0.000351844355464],[0.000201445785933,-0.000991703011096,0.0000480644521303,-0.00053304398898,-0.000385061925044,-0.00282232649624,0.00910485349596,-0.00338473683223,0.00149806321133,0.00126904307399,-0.00128405669238,0.00222534243949,-0.00169725960586],[-0.000478233327158,0.000880364794284,-0.00118630297948,0.000158008508151,-0.000109967681055,-0.000327662273776,-0.00338473683223,0.011356418021,-0.00438353745267,-0.000391443289118,0.00171232956927,-0.0027642166242,0.00155876891222],[0.000407224404626,-0.00074167229468,0.000238182008616,-0.000150383260916,-0.000255412305705,-0.000465667748358,0.00149806321133,-0.00438353745267,0.0112561406568,-0.0048757949844,-0.000932549068239,0.00124966434669,-0.000945294741541],[-0.000507831806317,0.000902517698705,-0.000954695395194,-0.0000436444679508,0.000335493590683,0.000256674917182,0.00126904307399,-0.000391443289118,-0.0048757949844,0.0150851784274,-0.00780224753544,0.00325689045712,-0.000591886579059],[0.000303987413645,-0.00129268201999,0.000268626754405,-0.000289353454718,-0.000300913205137,0.000390882370993,-0.00128405669238,0.00171232956927,-0.000932549068239,-0.00780224753544,0.0206904131919,-0.00985720101744,0.00243176147342],[-0.000373042072169,0.000848853087518,-0.00101871765219,0.000269511685474,-0.00083387986524,-0.00204717391171,0.00222534243949,-0.0027642166242,0.00124966434669,0.00325689045712,-0.00985720101744,0.0222434699535,-0.00936993118376],[0.0000546211413166,-0.000853025412653,0.000578675302677,-0.00039287286927,0.0000110613627839,0.000351844355464,-0.00169725960586,0.00155876891222,-0.000945294741541,-0.000591886579059,0.00243176147342,-0.00936993118376,0.0197421461344]],"mean":[-682.076599121,149.017669678,-18.4284744263,27.5309944153,-7.40191984177,8.98788070679,3.32967376709,10.0914058685,-2.93863034248,6.82015037537,1.42410862446,4.69952583313,3.24982500076]},"pitch_salience":{"dmean":0.102938175201,"dmean2":0.16075374186,"dvar":0.00820565782487,"dvar2":0.0189155302942,"max":0.846975028515,"mean":0.536196470261,"median":0.553914189339,"min":0.0572056993842,"var":0.0201085098088},"silence_rate_20dB":{"dmean":0,"dmean2":0,"dvar":0,"dvar2":0,"max":1,"mean":1,"median":1,"min":1,"var":0},"silence_rate_30dB":{"dmean":0.076422303915,"dmean2":0.152859032154,"dvar":0.0705859139562,"dvar2":0.169106394053,"max":1,"mean":0.941037714481,"median":1,"min":0,"var":0.0554880611598},"silence_rate_60dB":{"dmean":0.0473629571497,"dmean2":0.0947348549962,"dvar":0.0451257973909,"dvar2":0.100290544331,"max":1,"mean":0.104433961213,"median":0,"min":0,"var":0.0935328602791},"spectral_centroid":{"dmean":300.112854004,"dmean2":421.408203125,"dvar":106569.617188,"dvar2":187876.734375,"max":11566.1279297,"mean":1349.41015625,"median":1220.56811523,"min":179.309539795,"var":479326.1875},"spectral_complexity":{"dmean":4.9974527359,"dmean2":6.67050409317,"dvar":29.1187381744,"dvar2":44.9869804382,"max":59,"mean":17.9119815826,"median":17,"min":0,"var":137.377044678},"spectral_contrast_coeffs":{"dmean":[0.055764734745,0.054708506912,0.0453525520861,0.0330925695598,0.0266615860164,0.0350675545633],"dmean2":[0.0899085775018,0.0888775587082,0.0727762952447,0.0523011721671,0.0414097346365,0.0525546893477],"dvar":[0.00206955522299,0.00193194299936,0.00128642877098,0.000728598504793,0.00052021240117,0.00101980171166],"dvar2":[0.00512895733118,0.00483477115631,0.0033034645021,0.00176547467709,0.00118227419443,0.0022418978624],"max":[-0.32964527607,-0.405513375998,-0.501738727093,-0.558714985847,-0.603247046471,-0.422770440578],"mean":[-0.721032857895,-0.757562339306,-0.789401233196,-0.805862307549,-0.80721706152,-0.742019116879],"median":[-0.732396125793,-0.767137765884,-0.797111749649,-0.811867833138,-0.808052659035,-0.733943581581],"min":[-0.987848639488,-0.965082287788,-0.965181231499,-0.975680112839,-0.962097346783,-0.958106040955],"var":[0.0066508888267,0.00588060542941,0.00410105893388,0.00291569810361,0.00208035088144,0.00410941150039]},"spectral_contrast_valleys":{"dmean":[0.531898856163,0.443121343851,0.440179526806,0.438181906939,0.423157513142,0.622959494591],"dmean2":[0.777379155159,0.673487186432,0.638370096684,0.607829153538,0.543559968472,0.854566931725],"dvar":[0.257788002491,0.168911427259,0.176858469844,0.194806843996,0.2107385993,0.297378599644],"dvar2":[0.440630793571,0.324401974678,0.310575425625,0.342589199543,0.346093893051,0.618242621422],"max":[-4.87796068192,-4.7232542038,-5.00160646439,-5.38389778137,-5.2646946907,-8.69045352936],"mean":[-7.27903795242,-6.67720460892,-7.05725955963,-7.66605520248,-7.71134519577,-11.1055278778],"median":[-7.11728954315,-6.53694343567,-6.88679504395,-7.48814487457,-7.55838489532,-11.068728447],"min":[-27.5884971619,-27.5348415375,-27.2072639465,-27.7092647552,-27.3749027252,-27.2952442169],"var":[1.14855384827,0.833117425442,0.964403092861,0.971130251884,1.11586880684,1.26897668839]},"spectral_decrease":{"dmean":5.71137226402e-9,"dmean2":8.42778735688e-9,"dvar":7.93238678868e-17,"dvar2":1.81794009553e-16,"max":4.27615477749e-11,"mean":-8.2629778575e-9,"median":-4.6603489956e-9,"min":-8.6696161361e-8,"var":1.04633854243e-16},"spectral_energy":{"dmean":0.0228576511145,"dmean2":0.0331595875323,"dvar":0.00120076560415,"dvar2":0.002709135646,"max":0.338400095701,"mean":0.0355452150106,"median":0.0212683472782,"min":1.05548958462e-10,"var":0.00171080464497},"spectral_energyband_high":{"dmean":0.000446430174634,"dmean2":0.000550488766748,"dvar":7.39995073218e-7,"dvar2":0.00000131573119688,"max":0.0286880768836,"mean":0.000772537023295,"median":0.000234486797126,"min":2.83808358759e-11,"var":0.00000177157573944},"spectral_energyband_low":{"dmean":0.0164840165526,"dmean2":0.0255290977657,"dvar":0.000929350964725,"dvar2":0.00225324346684,"max":0.296875506639,"mean":0.0169897619635,"median":0.00499837798998,"min":2.46069050552e-12,"var":0.000927182787564},"spectral_energyband_middle_high":{"dmean":0.00313194841146,"dmean2":0.00457362085581,"dvar":0.000024992355975,"dvar2":0.0000558915853617,"max":0.0982467085123,"mean":0.00617729779333,"median":0.00326237012632,"min":1.23794715798e-11,"var":0.0000653747993056},"spectral_energyband_middle_low":{"dmean":0.00482285302132,"dmean2":0.00738065969199,"dvar":0.0000561267406738,"dvar2":0.000130687694764,"max":0.139133498073,"mean":0.00905820634216,"median":0.00473234429955,"min":5.07006459385e-12,"var":0.000133467357955},"spectral_entropy":{"dmean":0.204619467258,"dmean2":0.281997740269,"dvar":0.0383338108659,"dvar2":0.0773053690791,"max":9.80277252197,"mean":7.54445457458,"median":7.58182430267,"min":5.30327892303,"var":0.174970671535},"spectral_flux":{"dmean":0.0433710999787,"dmean2":0.0659988299012,"dvar":0.00249936105683,"dvar2":0.00539650022984,"max":0.499673098326,"mean":0.112174637616,"median":0.096435084939,"min":0.0000102737021734,"var":0.00557852350175},"spectral_kurtosis":{"dmean":4.52396821976,"dmean2":6.63535118103,"dvar":38.9443435669,"dvar2":94.736114502,"max":126.966781616,"mean":15.2931575775,"median":13.1968574524,"min":-1.15850710869,"var":87.6532058716},"spectral_rms":{"dmean":0.00164928147569,"dmean2":0.0021961403545,"dvar":0.00000354431608685,"dvar2":0.0000068167387326,"max":0.0181699320674,"mean":0.00504801422358,"median":0.00455517368391,"min":3.20896560879e-7,"var":0.00000919576905289},"spectral_rolloff":{"dmean":2219.44873047,"dmean2":4055.61621094,"dvar":26476208,"dvar2":59642032,"max":21963.8671875,"mean":3482.57202148,"median":1184.32617188,"min":21.533203125,"var":37423008},"spectral_skewness":{"dmean":0.391549676657,"dmean2":0.548143088818,"dvar":0.211129441857,"dvar2":0.466375082731,"max":8.52800750732,"mean":2.51830816269,"median":2.34514570236,"min":-0.0673932805657,"var":0.704466581345},"spectral_spread":{"dmean":555525.9375,"dmean2":783168.1875,"dvar":354584231936,"dvar2":623716007936,"max":38995516,"mean":3912402.25,"median":3676839.5,"min":1020923.25,"var":1361505026050},"spectral_strongpeak":{"dmean":0.706099033356,"dmean2":1.24402797222,"dvar":4.82979393005,"dvar2":13.6584968567,"max":43.7144889832,"mean":0.76585060358,"median":0.187165185809,"min":0,"var":3.71755003929},"zerocrossingrate":{"dmean":0.0326517298818,"dmean2":0.0387872606516,"dvar":0.00104382948484,"dvar2":0.00134326936677,"max":0.5283203125,"mean":0.144868940115,"median":0.12744140625,"min":0,"var":0.00619817618281}},"metadata":{"audio_properties":{"analysis_sample_rate":44100,"bit_rate":320000,"codec":"mp3","downmix":"mix","equal_loudness":0,"length":246.099594116,"lossless":false,"md5_encoded":"b954f77988e6ceaee1876395f722966f","replay_gain":-2.782787323,"sample_rate":44100},"tags":{"acoustid_id":["e63111cd-cac3-4a01-8170-553883eb61de"],"album":["Destiny"],"albumartist":["The Jacksons"],"albumartistsort":["Jackson 5, The"],"artist":["The Jacksons"],"artistsort":["Jackson 5, The"],"asin":["B0000025E2"],"barcode":["0074643555227"],"catalognumber":["EK 35552"],"composer":["Marlon Jackson/Randy Jackson/Tito Jackson/Michael Jackson/Jackie Jackson"],"date":["1990"],"discnumber":["1/1"],"encodedby":["iTunes 8.2.0.23"],"file_name":"03 Things I Do For You.mp3","genre":["Pop"],"label":["Epic"],"media":["CD"],"musicbrainz album release country":["US"],"musicbrainz album status":["official"],"musicbrainz album type":["album"],"musicbrainz_albumartistid":["e5257dc5-1edd-4fca-b7e6-1158e00522c8"],"musicbrainz_albumid":["6a34d2d1-b8e8-423e-945b-0382d610ab80"],"musicbrainz_artistid":["e5257dc5-1edd-4fca-b7e6-1158e00522c8"],"musicbrainz_recordingid":["bad18ab3-ef74-4863-8780-214da159e7de"],"musicbrainz_releasegroupid":["ec240214-31ad-34da-8b15-88bab932dcb3"],"originaldate":["1978"],"script":["Latn"],"title":["Things I Do for You"],"tracknumber":["3/8"]},"version":{"essentia":"2.1-beta1","essentia_build_sha":"ca57ba49d9b1854bd80e60cf9ccf267278fb7d6b","essentia_git_sha":"v2.1_beta1-28-g21ef5f4-dirty","extractor":"music 1.0"}},"rhythm":{"beats_count":514,"beats_loudness":{"dmean":0.0422329939902,"dmean2":0.0755139365792,"dvar":0.00165452971123,"dvar2":0.00503293471411,"max":0.284587293863,"mean":0.074549689889,"median":0.0668829828501,"min":0.000152984823217,"var":0.00188286846969},"beats_loudness_band_ratio":{"dmean":[0.196842998266,0.0710632801056,0.0882548689842,0.0817445367575,0.0285344850272,0.0508501157165],"dmean2":[0.337462842464,0.126073732972,0.156502515078,0.146907687187,0.0512676499784,0.0916120707989],"dvar":[0.