{"lowlevel":{"average_loudness":0.964760065079,"barkbands":{"dmean":[0.00326422345825,0.00641886377707,0.00191058416385,0.00110001349822,0.00201404234394,0.000993993831798,0.000762410869356,0.000708006497007,0.000695808208548,0.00100568402559,0.000695938710123,0.000998981529847,0.000654045667034,0.000508840603288,0.00047915164032,0.000384089915315,0.000355441268766,0.00029339172761,0.000307560170768,0.00018440221902,0.000111421708425,0.0000725320860511,0.0000426705337304,0.0000170445655385,0.0000027909536584,0.000031655519706,0.000454283115687],"dmean2":[0.00548700429499,0.0106485178694,0.00322657660581,0.00188582728151,0.00335444859229,0.00163512979634,0.00123303302098,0.00115361053031,0.00113588082604,0.00163752061781,0.00114899582695,0.00166456890292,0.00108913960867,0.00084302079631,0.000801836606115,0.000631751434412,0.000582329230383,0.000472144543892,0.000480727787362,0.00027909266646,0.000167733378476,0.000105728984636,0.0000618884951109,0.0000255149079749,0.00000458476733911,0.0000450839179393,0.000715004454833],"dvar":[0.0000454691180494,0.0000787582685007,0.00000963007732935,0.0000035985381146,0.0000116701767183,0.00000456665384263,0.00000252355016528,0.00000227325153901,0.00000198891507353,0.00000356317718797,0.00000153280052473,0.00000197313693207,0.00000106107245301,6.66108974201e-7,4.32479879464e-7,4.40945001401e-7,2.5515620905e-7,2.52966685821e-7,4.66393260012e-7,2.57524959579e-7,6.06702030836e-8,2.43735929217e-8,5.68502622755e-9,1.16810661144e-9,1.69873923955e-11,3.52876727838e-9,2.61008352709e-7],"dvar2":[0.000115378948976,0.000205751392059,0.0000261803961621,0.0000094336201073,0.0000295705667668,0.0000115189168355,0.00000647665956421,0.00000562118657399,0.00000511687721882,0.00000877108777786,0.00000398638348997,0.00000523629751115,0.00000265005610345,0.00000167600899204,0.00000110285373012,0.00000113792361844,6.55227324842e-7,6.17044520368e-7,0.00000108835195078,5.50888103135e-7,1.28678649958e-7,5.56515189487e-8,1.19891865324e-8,2.45490006101e-9,4.08366916671e-11,7.0083219228e-9,6.24777044322e-7],"max":[0.0990225598216,0.124413631856,0.0506271123886,0.0363202728331,0.0681759640574,0.0463843420148,0.040079087019,0.0403866060078,0.0682597383857,0.0619335249066,0.0369585491717,0.026495097205,0.0298242140561,0.0247555207461,0.0251912400126,0.0316039845347,0.00891288556159,0.0131180761382,0.0242667067796,0.0189594645053,0.00790596567094,0.0045586549677,0.00106335279997,0.000771059363615,0.0000570046067878,0.000997220282443,0.0177575666457],"mean":[0.0039081890136,0.00877834204584,0.00245684268884,0.00133322004694,0.00303826481104,0.0014566401951,0.00112910161261,0.00106119050179,0.00114235433284,0.00160319998395,0.00110825430602,0.00175834773108,0.00112926855218,0.000922875886317,0.000892946904059,0.000754344102461,0.000745994562749,0.000607830414083,0.000627875502687,0.000358224206138,0.000241616216954,0.000141891185194,0.000073084331234,0.0000224998238991,0.00000310207929033,0.0000513564700668,0.00185850542039],"median":[0.00197863508947,0.00578341726214,0.00110632518772,0.000633269548416,0.00169279810507,0.000633769494016,0.000554487109184,0.000487378129037,0.000665711122565,0.00083740951959,0.000629203103017,0.00119012105279,0.000749115890358,0.000639544508886,0.000667927321047,0.000547592702787,0.00050857430324,0.000362479302566,0.000357396173058,0.000193108513486,0.00015656260075,0.0000831665674923,0.0000409823696828,0.00000945825195231,0.00000154385975293,0.0000265678390861,0.00173642730806],"min":[6.78433189591e-23,1.73518318029e-23,3.03010687591e-23,4.44797833014e-23,2.50181477406e-23,1.00824097726e-22,1.09488955375e-23,5.25014258566e-23,3.72859966236e-23,2.69667682829e-23,5.04264345305e-23,4.96176091335e-23,1.4514407043e-22,8.00358079598e-23,1.70897147811e-22,2.02440779781e-22,1.57859965486e-22,2.15033031934e-22,2.02853196262e-22,2.77088793976e-22,5.82462833108e-22,5.12212308252e-22,5.3222700946e-22,9.6274988059e-22,1.17488909304e-21,1.80250551657e-21,2.89686385139e-21],"var":[0.0000457439855381,0.0000959666213021,0.00001299845826,0.00000476545665151,0.0000183610427484,0.00000751004427002,0.00000382474718208,0.00000399307464249,0.00000324444931721,0.00000666638516122,0.00000247189132097,0.00000361447155228,0.00000185511999007,0.00000124474036056,7.86851046541e-7,8.25691756745e-7,6.17081695964e-7,5.74377907014e-7,8.78639525581e-7,4.61981386479e-7,1.13267596191e-7,3.93226713413e-8,9.70019709001e-9,1.6444848816e-9,1.93870770132e-11,5.86736836894e-9,0.00000129831573759]},"barkbands_crest":{"dmean":2.59145474434,"dmean2":4.28740882874,"dvar":4.94777393341,"dvar2":12.889954567,"max":23.5597858429,"mean":8.07112216949,"median":7.31592416763,"min":2.43776726723,"var":12.2701196671},"barkbands_flatness_db":{"dmean":0.0183604042977,"dmean2":0.0293495059013,"dvar":0.00028139600181,"dvar2":0.000708001491148,"max":0.344190329313,"mean":0.0947149395943,"median":0.0883044525981,"min":0.0278261192143,"var":0.0010984846158},"barkbands_kurtosis":{"dmean":1.67774510384,"dmean2":2.72397232056,"dvar":11.9558973312,"dvar2":32.4626502991,"max":120.339370728,"mean":2.07554006577,"median":0.909249067307,"min":-1.87508666515,"var":22.1150112152},"barkbands_skewness":{"dmean":0.424083977938,"dmean2":0.67538279295,"dvar":0.191667184234,"dvar2":0.483328849077,"max":9.82731437683,"mean":1.32904326916,"median":1.18284785748,"min":-2.07592916489,"var":0.691740572453},"barkbands_spread":{"dmean":8.38994789124,"dmean2":13.4412546158,"dvar":52.3027420044,"dvar2":125.900840759,"max":129.222122192,"mean":45.2188415527,"median":44.5880851746,"min":2.88664960861,"var":237.388381958},"dissonance":{"dmean":0.0122454212978,"dmean2":0.0210179537535,"dvar":0.000150030944496,"dvar2":0.000417526403908,"max":0.500000059605,"mean":0.481835573912,"median":0.485519737005,"min":0.324281781912,"var":0.000217751265154},"dynamic_complexity":1.88690674305,"erbbands":{"dmean":[0.294837862253,1.1392531395,2.15228819847,2.82684874535,5.29594945908,6.91812896729,8.79912662506,8.08465194702,9.59191226959,14.9194869995,13.3642463684,16.8982048035,20.7612571716,34.7937889099,26.9955749512,41.2649536133,29.0908679962,25.0946655273,23.2935714722,22.1219406128,20.0876312256,17.7790794373,15.0544214249,16.5248737335,13.4005270004,8.68697166443,5.55488586426,3.70742702484,2.67887473106,1.97747671604,1.12709438801,0.524402976036,0.195584625006,0.0431188754737,0.0179748032242,0.0377636142075,0.0720895975828,0.0680937767029,0.025510430336,0.0107611054555],"dmean2":[0.496107578278,1.89095473289,3.61523294449,4.76739788055,9.06175136566,11.5372247696,14.3579273224,13.2690782547,15.5991458893,24.0659217834,21.9556617737,27.5999336243,34.0742073059,56.9082374573,44.5430221558,68.5989379883,47.9649047852,41.509147644,38.8522491455,36.8355789185,32.5781059265,28.9273815155,24.2186985016,26.0509052277,20.5763168335,13.0609731674,8.45597267151,5.57157945633,3.91934800148,2.90396714211,1.63493156433,0.773697078228,0.296720981598,0.0685850605369,0.0294706374407,0.0568846389651,0.102924995124,0.0974060222507,0.0361342206597,0.0168626587838],"dvar":[0.208520784974,2.70606994629,11.68638134,20.0248641968,83.2276000977,173.854431152,438.36050415,236.083190918,485.773223877,816.172119141,687.235595703,1424.50817871,1391.86730957,4967.90332031,2191.18920898,3623.65917969,1958.70483398,1962.92431641,1049.32116699,886.422363281,1349.62792969,690.436889648,601.766784668,1302.36938477,940.730529785,580.983642578,154.270965576,68.9541397095,32.5324859619,16.4090061188,4.14284706116,1.06759226322,0.15643030405,0.00481119705364,0.000664022285491,0.00523124914616,0.0198085792363,0.0215582083911,0.00166392570827,0.000129895066493],"dvar2":[0.564243733883,6.77951812744,30.9003410339,52.7668151855,226.426208496,432.006500244,1083.90039062,587.360046387,1276.46826172,2003.14025879,1758.48352051,3638.515625,3487.83862305,11963.9189453,5908.21679688,9621.50976562,4932.82324219,4901.50488281,2691.32397461,2275.2199707,3457.6940918,1768.85583496,1438.24707031,3152.30175781,2096.06958008,1228.20935059,330.757537842,147.852661133,71.8416671753,38.6965789795,8.65945339203,2.2429959774,0.333181738853,0.0109153622761,0.00161487073638,0.0108516355976,0.0398300923407,0.049043584615,0.00302121299319,0.000310081610223],"max":[6.6969909668,22.2158813477,46.7852668762,84.6031341553,181.4115448,292.138580322,435.749542236,398.832794189,683.83380127,640.651367188,645.199645996,2086.88549805,777.421447754,2367.0390625,1767.31103516,1294.41467285,1013.90393066,1465.95947266,1112.43200684,797.998718262,2059.77661133,526.373779297,573.006652832,1353.38525391,837.244384766,833.745849609,433.053070068,236.811462402,145.860671997,105.271255493,36.5749435425,21.5672302246,8.95076274872,0.889953136444,0.397552877665,1.6313341856,2.54216384888,3.70147442818,0.930810570717,0.379279106855],"mean":[0.364211767912,1.56408274174,2.94329953194,3.94644761086,7.06242418289,10.035235405,12.1097650528,12.2110214233,14.2712621689,22.7798633575,21.595697403,27.7909183502,33.8961486816,58.8872756958,49.0946922302,74.6012878418,55.113079071,48.8069229126,46.9522705078,44.7029724121,43.4876327515,40.1082687378,33.7171058655,33.8785171509,27.3993988037,17.1349964142,11.676232338,7.89529895782,5.34099912643,3.54366183281,1.86708700657,0.745246529579,0.242149814963,0.0507587604225,0.0207442566752,0.0488391183317,0.112463250756,0.136116266251,0.0921177938581,0.05380795151],"median":[0.230528533459,0.935862898827,1.49107539654,2.05095362663,3.82807278633,5.15054178238,4.86760044098,5.85283088684,7.01030015945,11.2679395676,11.2386035919,15.9686861038,20.1216182709,31.6244792938,32.0033302307,51.1914863586,38.482219696,34.2079124451,36.0546112061,34.8614578247,32.1225471497,27.5574569702,21.2160015106,20.2910938263,14.8607273102,9.30267524719,7.39142179489,4.96189022064,3.18124675751,2.04400873184,1.00950527191,0.342806965113,0.0967499688268,0.0244124568999,0.0111068794504,0.0220344662666,0.0553259849548,0.084445334971,0.0740506649017,0.0517326593399],"min":[6.06636812905e-22,4.32601768264e-21,3.12157736027e-20,8.56150351686e-20,1.44373234832e-19,8.31229855522e-20,5.82575912494e-19,5.57412871465e-19,2.52592912481e-19,3.52562988634e-19,1.31742171369e-18,8.74132107905e-19,6.94878553647e-19,1.67413094514e-18,1.88731079524e-18,2.98811655057e-18,6.39305561566e-18,4.68411784092e-18,9.76191244204e-18,6.90893218135e-18,9.84132674393e-18,9.76947121848e-18,1.10166908374e-17,1.39488161527e-17,8.72183373779e-18,1.28009475428e-17,1.78716093655e-17,2.51396467069e-17,2.17080300331e-17,1.38648225789e-17,1.60378905682e-17,1.95343730913e-17,1.54592678035e-17,1.43825086022e-17,8.38253831259e-18,6.79013167459e-18,3.31150942849e-18,1.37649595451e-18,3.48010264091e-19,4.61468877224e-20],"var":[0.212774828076,3.5567548275,16.0770931244,30.9543075562,107.069160461,264.512512207,667.539123535,415.864318848,665.386962891,1428.5345459,1176.78564453,2176.91210938,2210.26098633,10004.4541016,3588.16064453,6590.68603516,3714.83886719,3660.63818359,1963.8651123,1662.28967285,2616.14086914,1749.12268066,1547.7857666,2287.07861328,1942.93652344,1035.58374023,284.532501221,126.776199341,55.2110671997,23.9897575378,6.86869430542,1.54465937614,0.211006134748,0.00592384114861,0.000770105165429,0.00738646974787,0.0312879234552,0.0323756411672,0.00679747806862,0.000909890281036]},"erbbands_crest":{"dmean":2.27199244499,"dmean2":3.77393722534,"dvar":4.8182053566,"dvar2":12.3770456314,"max":29.3473091125,"mean":7.34798574448,"median":6.53316736221,"min":2.44191074371,"var":10.5081272125},"erbbands_flatness_db":{"dmean":0.0166057553142,"dmean2":0.0248060766608,"dvar":0.000213940045796,"dvar2":0.000450510298833,"max":0.295208513737,"mean":0.133004575968,"median":0.130645141006,"min":0.026922930032,"var":0.000922114937566},"erbbands_kurtosis":{"dmean":0.736610472202,"dmean2":1.18205833435,"dvar":0.802693605423,"dvar2":1.87733006477,"max":17.1145954132,"mean":0.541064918041,"median":0.189306735992,"min":-1.59367859364,"var":2.15727567673},"erbbands_skewness":{"dmean":0.296264231205,"dmean2":0.46764922142,"dvar":0.0668315812945,"dvar2":0.158594608307,"max":3.36407256126,"mean":-0.15832670033,"median":-0.159081682563,"min":-3.32014799118,"var":0.292149275541},"erbbands_spread":{"dmean":5.45934820175,"dmean2":8.50434589386,"dvar":24.0362510681,"dvar2":55.6690597534,"max":106.855072021,"mean":28.2768630981,"median":27.3152065277,"min":3.01901173592,"var":110.232032776},"gfcc":{"cov":[[6238.86621094,-56.7328567505,-271.015472412,199.40007019,-199.979949951,-236.885986328,188.488632202,-185.695678711,19.419878006,-66.0224075317,-39.8793411255,134.644241333,-135.177108765],[-56.7328567505,580.111755371,6.75332117081,-149.077423096,108.849662781,-47.1303939819,2.12863993645,-7.93164348602,33.9192733765,2.26577687263,36.6596298218,-44.1961288452,75.3850708008],[-271.015472412,6.75332117081,227.073104858,80.8698883057,-17.8382873535,89.3677825928,-84.5800933838,41.6002845764,-26.4747829437,12.9100131989,-24.1137294769,-14.7067670822,-3.36224985123],[199.40007019,-149.077423096,80.8698883057,310.115570068,38.1149406433,-50.1411933899,29.2649326324,-16.7608623505,-19.3002109528,-2.02282691002,-26.1526679993,13.2692699432,-42.9278182983],[-199.979949951,108.849662781,-17.8382873535,38.1149406433,146.875030518,11.9531888962,33.1249732971,-0.140973269939,12.8628034592,-6.08479166031,14.0143661499,-15.0172119141,23.0174865723],[-236.885986328,-47.1303939819,89.3677825928,-50.1411933899,11.9531888962,200.898147583,-23.7014636993,49.8782920837,-10.8482379913,5.80830860138,-15.1912307739,-8.43243503571,4.50589752197],[188.488632202,2.12863993645,-84.5800933838,29.2649326324,33.1249732971,-23.7014636993,155.415679932,-12.2399778366,39.530090332,-16.5956230164,-4.33397769928,15.8258743286,-22.000497818],[-185.695678711,-7.93164348602,41.6002845764,-16.7608623505,-0.140973269939,49.8782920837,-12.2399778366,112.284896851,22.8187561035,22.9085521698,6.06021642685,-16.3413257599,13.4396257401],[19.419878006,33.9192733765,-26.4747829437,-19.3002109528,12.8628034592,-10.8482379913,39.530090332,22.8187561035,85.3751678467,23.2070808411,7.70128297806,6.8751335144,-10.7392816544],[-66.0224075317,2.26577687263,12.9100131989,-2.02282691002,-6.08479166031,5.80830860138,-16.5956230164,22.9085521698,23.2070808411,60.3210830688,29.0143566132,-2.03324532509,7.53030395508],[-39.8793411255,36.6596298218,-24.1137294769,-26.1526679993,14.0143661499,-15.1912307739,-4.33397769928,6.06021642685,7.70128297806,29.0143566132,60.1168289185,24.9502906799,18.2204227448],[134.644241333,-44.1961288452,-14.7067670822,13.2692699432,-15.0172119141,-8.43243503571,15.8258743286,-16.3413257599,6.8751335144,-2.03324532509,24.9502906799,67.3177337646,11.7745923996],[-135.177108765,75.3850708008,-3.36224985123,-42.9278182983,23.0174865723,4.50589752197,-22.000497818,13.4396257401,-10.7392816544,7.53030395508,18.2204227448,11.7745923996,74.3178634644]],"icov":[[0.000238920765696,-0.0004373161064,0.00078534532804,-0.000601708248723,0.00071231421316,-0.000339847814757,0.00016008746752,-0.0000215415784623,0.0000934154522838,-0.0000482146642753,0.00037886336213,-0.000630198221188,0.000442759541329],[-0.0004373161064,0.00561533030123,-0.00633034855127,0.00499395513907,-0.00474312389269,0.00415358133614,-0.00260356627405,0.00218436145224,-0.00219830218703,0.00178670347668,-0.00379919423722,0.00522618135437,-0.00423700595275],[0.00078534532804,-0.00633034855127,0.0177784860134,-0.0106467055157,0.00817707367241,-0.00967352371663,0.00809010956436,-0.00336324959062,0.000694998307154,-0.000776930712163,0.00447104405612,-0.00418008863926,0.003306589555],[-0.000601708248723,0.00499395513907,-0.0106467055157,0.0138594349846,-0.0117126191035,0.00971878692508,-0.00482024205849,-0.000679583579767,0.00568706961349,-0.00753721827641,0.00711264600977,-0.00510316342115,0.00374829466455],[0.00071231421316,-0.00474312389269,0.00817707367241,-0.0117126191035,0.0203246269375,-0.00967919267714,0.000965023995377,0.00274676340632,-0.00745174195617,0.0110329100862,-0.0123265115544,0.0102046886459,-0.00699719600379],[-0.000339847814757,0.00415358133614,-0.00967352371663,0.00971878692508,-0.00967919267714,0.013851897791,-0.00373789435253,-0.0028952897992,0.00501715717837,-0.00600328342989,0.00678636878729,-0.00448171515018,0.0022993455641],[0.00016008746752,-0.00260356627405,0.00809010956436,-0.00482024205849,0.000965023995377,-0.00373789435253,0.013014213182,-0.00147077511065,-0.0039971624501,0.00269021675922,0.00253596249968,-0.0040852772072,0.0037355220411],[-0.0000215415784623,0.00218436145224,-0.00336324959062,-0.000679583579767,0.00274676340632,-0.0028952897992,-0.00147077511065,0.015190217644,-0.00828596204519,0.00375859555788,-0.00886615365744,0.0107640502974,-0.00776708964258],[0.0000934154522838,-0.00219830218703,0.000694998307154,0.00568706961349,-0.00745174195617,0.00501715717837,-0.0039971624501,-0.00828596204519,0.0264838598669,-0.019239731133,0.0166370272636,-0.0163113754243,0.0123170400038],[-0.0000482146642753,0.00178670347668,-0.000776930712163,-0.00753721827641,0.0110329100862,-0.00600328342989,0.00269021675922,0.00375859555788,-0.019239731133,0.0427208505571,-0.0326981581748,0.0220138393342,-0.0118054552004],[0.00037886336213,-0.00379919423722,0.00447104405612,0.00711264600977,-0.0123265115544,0.00678636878729,0.00253596249968,-0.00886615365744,0.0166370272636,-0.0326981581748,0.053295828402,-0.032949231565,0.012485075742],[-0.000630198221188,0.00522618135437,-0.00418008863926,-0.00510316342115,0.0102046886459,-0.00448171515018,-0.0040852772072,0.0107640502974,-0.0163113754243,0.0220138393342,-0.032949231565,0.0427792668343,-0.0189163740724],[0.000442759541329,-0.00423700595275,0.003306589555,0.00374829466455,-0.00699719600379,0.0022993455641,0.0037355220411,-0.00776708964258,0.0123170400038,-0.0118054552004,0.012485075742,-0.0189163740724,0.028323918581]],"mean":[45.8651504517,75.5363693237,-106.990005493,0.263103246689,-4.87355995178,-16.9064025879,8.07302284241,-20.0616760254,2.93907642365,-11.281293869,-3.56817817688,1.31100523472,-9.12370300293]},"hfc":{"dmean":42.5729675293,"dmean2":67.0848312378,"dvar":1831.73986816,"dvar2":4469.3125,"max":963.571716309,"mean":219.60546875,"median":216.876327515,"min":1.26942538169e-16,"var":10381.0009766},"melbands":{"dmean":[0.00221999362111,0.00116273039021,0.000525048235431,0.000422995392,0.000316609774018,0.000181779309059,0.000147212471347,0.000164223412867,0.000115089380415,0.000101897341665,0.000108421532786,0.000146687074448,0.0000908739239094,0.000113223475637,0.0000854601530591,0.0000614056480117,0.0000499266643601,0.000040377737605,0.000036741632357,0.0000287897310045,0.0000254813185165,0.0000214237770706,0.0000161625139299,0.0000144080868267,0.0000146640813909,0.0000119896703836,0.00000837827883515,0.00000566845983485,0.00000379939183404,0.00000303418187286,0.00000205329820346,0.00000164557866356,0.00000145571209487,0.00000102182184492,7.1745000696e-7,4.66852526415e-7,2.80682769471e-7,1.60705923236e-7,6.58091465766e-8,2.64172523856e-8],"dmean2":[0.00368108041584,0.00192559254356,0.000890668656211,0.000711824162863,0.000516174244694,0.000298055267194,0.000238938853727,0.000265044276603,0.000189370941371,0.000166765166796,0.000178097645403,0.000239707063884,0.000149988656631,0.000189493657672,0.000140843272675,0.00010208589083,0.0000828276606626,0.0000676627605571,0.000061889513745,0.0000477010653412,0.0000415447830164,0.0000351659364242,0.0000265539129032,0.0000233025130001,0.0000234763119806,0.000019062859792,0.0000128978672365,0.00000872903729032,0.00000587621480008,0.00000473892214359,0.00000314400222123,0.00000247031016443,0.00000219255980483,0.00000153026041971,0.0000010664346064,6.94249195021e-7,4.24110680797e-7,2.46513110369e-7,1.0316386323e-7,4.35137010868e-8],"dvar":[0.0000107717423816,0.00000305396474687,6.57898510781e-7,4.85831264996e-7,4.80608662201e-7,1.20291602457e-7,1.06932553479e-7,1.06493573071e-7,4.78611852373e-8,5.27898578184e-8,3.77689985953e-8,9.01871715087e-8,2.56822563216e-8,2.61433985571e-8,1.55083466069e-8,1.04876427542e-8,7.8432762507e-9,3.21853099727e-9,2.78996781233e-9,1.88710269633e-9,2.63507771159e-9,9.5918273324e-10,7.34310445782e-10,6.04573169305e-10,1.05121877869e-9,6.80366485373e-10,4.85554707552e-10,2.52065035511e-10,7.28480609169e-11,4.78167852536e-11,2.12198210392e-11,1.19296812012e-11,1.0423298509e-11,3.93793418013e-12,1.69150696054e-12,7.85805502699e-13,3.37878271368e-13,1.11664109491e-13,1.55644607988e-14,1.6589251445e-15],"dvar2":[0.0000281455868389,0.00000768962308939,0.00000176091316462,0.00000126026623093,0.00000118083880807,3.02066354152e-7,2.78833567791e-7,2.60491020754e-7,1.2373166669e-7,1.32534594854e-7,9.50250651499e-8,2.17728754137e-7,6.72851996342e-8,6.98233009189e-8,3.99524147099e-8,2.64006434492e-8,1.94763671857e-8,8.31343527352e-9,7.18764026075e-9,4.83605555601e-9,6.70868338659e-9,2.46749953803e-9,1.87815163422e-9,1.48874401695e-9,2.60295385246e-9,1.60193591725e-9,1.10280051757e-9,5.49103651437e-10,1.64673649716e-10,1.05534879447e-10,4.73818727309e-11,2.65401190608e-11,2.51997641504e-11,9.28750392565e-12,3.64563977964e-12,1.66188200354e-12,7.40998571096e-13,2.43169525314e-13,3.4538866179e-14,3.99761858138e-15],"max":[0.0482926294208,0.0234246123582,0.0126280467957,0.0117203835398,0.0149807883427,0.00774474209175,0.00943480990827,0.00854141172022,0.00515584461391,0.0131013384089,0.00377051066607,0.0101220170036,0.00524722924456,0.00317458366044,0.00393746420741,0.00367465242743,0.00278683914803,0.00147770775948,0.00159115949646,0.00205693673342,0.00316785415635,0.000608144444413,0.00070481619332,0.000580632709898,0.00122059276327,0.00081130565377,0.000755881541409,0.000514447048772,0.000340547616361,0.000306385831209,0.000130005239043,0.0000892478637979,0.0000995577938738,0.0000419637726736,0.0000237630010815,0.0000194239746634,0.0000120696995509,0.00000842475947138,0.00000204792581826,5.28185580606e-7],"mean":[0.00307046226226,0.0017466484569,0.00077172514284,0.000622508116066,0.000451630621683,0.000274799473118,0.000220380883547,0.000250342942309,0.000182414223673,0.000166300407727,0.000169100356288,0.000241245943471,0.000153207744006,0.000196464228793,0.000155839530635,0.000106816805783,0.0000889109942364,0.0000751375409891,0.0000663468163111,0.0000547121089767,0.000050701390137,0.0000437219132436,0.0000326376830344,0.0000287188668153,0.0000274236317637,0.0000227348609769,0.000015506928321,0.0000102799085653,0.00000735193270884,0.0000060278739511,0.00000403958210882,0.00000310203881781,0.00000252054837802,0.00000173100579559,0.00000115721968541,6.80483537963e-7,3.63701559536e-7,1.91934844906e-7,7.49688950918e-8,2.87814572175e-8],"median":[0.00205349153839,0.00103287771344,0.000446127029136,0.000351909024175,0.000197845773073,0.000131749126012,0.000108675660158,0.000120942138892,0.0000944658895605,0.0000957949887379,0.0000962115009315,0.000124005309772,0.0000923185434658,0.000131452456117,0.000106678191514,0.0000721785108908,0.0000589855044382,0.0000563344037801,0.0000485442542413,0.0000412753652199,0.000035232056689,0.000029534145142,0.0000200050617423,0.0000170147050085,0.0000156358782988,0.0000120852264445,0.00000791640377429,0.00000541093959328,0.00000442530199507,0.00000381164386454,0.00000242754572355,0.00000180208337497,0.00000136501057568,9.85897941064e-7,6.12918654497e-7,3.20735352943e-7,1.50038857782e-7,7.0964041754e-8,3.09919272468e-8,1.38891120827e-8],"min":[7.9078572583e-24,1.27495770499e-23,1.89524384682e-23,6.80902765987e-24,1.64017435059e-23,1.48826940141e-23,3.62959990645e-24,5.60463782269e-24,1.03320394418e-23,5.36565517247e-24,3.14813778283e-24,6.21848204748e-24,6.26513330927e-24,6.15930959098e-24,1.18265766587e-23,1.35046960077e-23,7.51377074904e-24,1.44948852599e-23,9.57389835797e-24,1.35311449361e-23,1.04242131054e-23,9.74591342265e-24,8.42037624412e-24,1.19109958196e-23,1.18900933722e-23,5.49828320102e-24,9.07705246061e-24,7.71011822835e-24,9.74642066022e-24,1.48437968606e-23,1.33369999564e-23,1.20489936243e-23,9.35928164895e-24,7.42884277285e-24,9.34718446697e-24,9.11242813905e-24,1.32331337965e-23,9.92862938552e-24,1.13970655616e-23,1.29430349317e-23],"var":[0.0000123065083244,0.00000448154514743,9.56709982347e-7,7.09288258349e-7,7.56652184464e-7,2.08063681839e-7,1.53965274308e-7,1.91014606798e-7,8.22567756131e-8,8.10093254699e-8,5.88669060164e-8,1.79872344575e-7,4.1754038449e-8,4.63119853578e-8,2.92527158052e-8,1.74631189509e-8,1.40698004358e-8,5.56553825248e-9,4.67778482616e-9,3.37364025604e-9,4.7459551844e-9,2.22594298549e-9,1.54530821472e-9,1.33998900864e-9,1.66865710138e-9,1.30279531607e-9,8.59598947578e-10,4.09880768215e-10,1.23851665035e-10,7.89551271585e-11,3.65235584832e-11,1.99333223538e-11,1.41403937171e-11,5.69684186977e-12,2.69967837148e-12,1.16100792175e-12,4.44717342379e-13,1.45433998503e-13,1.90315868804e-14,1.83140847526e-15]},"melbands_crest":{"dmean":4.52548074722,"dmean2":7.56384563446,"dvar":14.4527750015,"dvar2":39.9003143311,"max":38.9071121216,"mean":14.5009994507,"median":13.5924215317,"min":1.88452994823,"var":35.5734825134},"melbands_flatness_db":{"dmean":0.0261675491929,"dmean2":0.0419403649867,"dvar":0.000511405465659,"dvar2":0.00129711662885,"max":0.480280905962,"mean":0.186699181795,"median":0.180163383484,"min":0.00507728941739,"var":0.00231279688887},"melbands_kurtosis":{"dmean":3.63990449905,"dmean2":5.90159606934,"dvar":39.6543655396,"dvar2":103.922843933,"max":196.689651489,"mean":5.21597194672,"median":2.58457231522,"min":-1.84664392471,"var":81.2142868042},"melbands_skewness":{"dmean":0.648001134396,"dmean2":1.03153014183,"dvar":0.371763288975,"dvar2":0.952699542046,"max":13.5623006821,"mean":1.89464724064,"median":1.70563292503,"min":-1.59656608105,"var":1.48236763477},"melbands_spread":{"dmean":7.91219711304,"dmean2":12.5734844208,"dvar":64.0215911865,"dvar2":144.949584961,"max":140.968475342,"mean":31.4445648193,"median":30.1330013275,"min":1.12489819527,"var":220.157302856},"mfcc":{"cov":[[3989.99829102,-99.208404541,-125.974342346,316.757995605,-292.099578857,94.0646133423,-88.1736984253,122.789207458,-130.707458496,8.90874958038,-78.2494506836,14.5646877289,-31.2123069763],[-99.208404541,747.2578125,-95.4585800171,-104.044021606,58.1585845947,-36.4644546509,10.8834085464,-47.3432540894,50.3115234375,-27.7046051025,31.6353435516,-0.823184669018,23.1569366455],[-125.974342346,-95.4585800171,268.350463867,-38.9131011963,76.4968948364,1.8492307663,-2.11500501633,-9.78577232361,0.50770419836,18.8255176544,-15.4573822021,-7.07020902634,-11.9687547684],[316.757995605,-104.044021606,-38.9131011963,370.871551514,-26.5581607819,22.0467147827,-7.13658475876,8.7113609314,-27.1440620422,6.25965499878,-9.51863765717,-8.88453483582,-2.8944633007],[-292.099578857,58.1585845947,76.4968948364,-26.5581607819,177.832519531,0.229060083628,33.2020950317,-24.1572170258,23.6679706573,1.07438373566,4.54707717896,-1.19958615303,0.376739472151],[94.0646133423,-36.4644546509,1.8492307663,22.0467147827,0.229060083628,122.183509827,17.110086441,35.4495887756,-7.67818689346,13.4000873566,-19.5674552917,-0.00286169000901,-8.92912769318],[-88.1736984253,10.8834085464,-2.11500501633,-7.13658475876,33.2020950317,17.110086441,86.0383377075,11.1792497635,19.1961956024,-6.17193317413,6.32910823822,-8.50400066376,3.90291810036],[122.789207458,-47.3432540894,-9.78577232361,8.7113609314,-24.1572170258,35.4495887756,11.1792497635,97.5653915405,16.8373756409,20.0219745636,-9.34564876556,7.5834312439,-3.56640505791],[-130.707458496,50.3115234375,0.50770419836,-27.1440620422,23.6679706573,-7.67818689346,19.1961956024,16.8373756409,77.2647476196,23.065820694,18.3571128845,-3.57763123512,3.46077895164],[8.90874958038,-27.7046051025,18.8255176544,6.25965499878,1.07438373566,13.4000873566,-6.17193317413,20.0219745636,23.065820694,76.9689102173,16.0789928436,6.81541585922,-8.91002750397],[-78.2494506836,31.6353435516,-15.4573822021,-9.51863765717,4.54707717896,-19.5674552917,6.32910823822,-9.34564876556,18.3571128845,16.0789928436,64.7409973145,19.7643222809,12.6068525314],[14.5646877289,-0.823184669018,-7.07020902634,-8.88453483582,-1.19958615303,-0.00286169000901,-8.50400066376,7.5834312439,-3.57763123512,6.81541585922,19.7643222809,58.3958091736,17.1126537323],[-31.2123069763,23.1569366455,-11.9687547684,-2.8944633007,0.376739472151,-8.92912769318,3.90291810036,-3.56640505791,3.46077895164,-8.91002750397,12.6068525314,17.1126537323,51.2003936768]],"icov":[[0.000330925016897,-0.0000958933233051,-0.0000250155790127,-0.000231844562222,0.000425728940172,-0.0000766523735365,0.0000929383531911,-0.000341224251315,0.000418232462835,-0.0000882225940586,0.000213528619497,-0.000128771018353,0.000125639082398],[-0.0000958933233051,0.00173636048567,0.000829162541777,0.000482874311274,-0.000796395121142,-0.00000959698809311,0.000329832837451,0.000787454715464,-0.00120087747928,0.000597145874053,-0.000367556145648,0.000248953932896,-0.000396377843572],[-0.0000250155790127,0.000829162541777,0.0050276662223,0.000680681841914,-0.00250781979412,0.000229389581364,0.000701523909811,0.000412709981902,0.000300680141663,-0.00140401604585,0.00119575171266,0.000462803203845,0.00014346629905],[-0.000231844562222,0.000482874311274,0.000680681841914,0.0031582263764,-0.000435336900409,-0.000289058545604,0.000117203948321,0.000172957690665,0.000695835682563,-0.000503847142681,-0.000194760708837,0.000914981821552,-0.000458736962173],[0.000425728940172,-0.000796395121142,-0.00250781979412,-0.000435336900409,0.00859985779971,-0.000573260069359,-0.00290993927047,0.00203330395743,-0.00162947410718,0.0000571927957935,0.000845846545417,-0.00158157816622,0.000649508729111],[-0.0000766523735365,-0.00000959698809311,0.000229389581364,-0.000289058545604,-0.000573260069359,0.0104655474424,-0.00256561604328,-0.00302054639906,0.00221034535207,-0.00238921260461,0.0030085076578,-0.000821871857625,0.000778173271101],[0.0000929383531911,0.000329832837451,0.000701523909811,0.000117203948321,-0.00290993927047,-0.00256561604328,0.0150603931397,-0.00220594368875,-0.00265707098879,0.00317757111043,-0.00304076354951,0.00337988929823,-0.00129798450507],[-0.000341224251315,0.000787454715464,0.000412709981902,0.000172957690665,0.00203330395743,-0.00302054639906,-0.00220594368875,0.0148879559711,-0.00500903138891,-0.00223901751451,0.00357449520379,-0.00341801554896,0.000416748138377],[0.000418232462835,-0.00120087747928,0.000300680141663,0.000695835682563,-0.00162947410718,0.00221034535207,-0.00265707098879,-0.00500903138891,0.0199036952108,-0.00563007919118,-0.00350707536563,0.00377295166254,-0.00156378792599],[-0.0000882225940586,0.000597145874053,-0.00140401604585,-0.000503847142681,0.0000571927957935,-0.00238921260461,0.00317757111043,-0.00223901751451,-0.00563007919118,0.0182316172868,-0.00547504657879,-0.00119653670117,0.00380546133965],[0.000213528619497,-0.000367556145648,0.00119575171266,-0.000194760708837,0.000845846545417,0.0030085076578,-0.00304076354951,0.00357449520379,-0.00350707536563,-0.00547504657879,0.0228882990777,-0.00748557411134,-0.00228537735529],[-0.000128771018353,0.000248953932896,0.000462803203845,0.000914981821552,-0.00158157816622,-0.000821871857625,0.00337988929823,-0.00341801554896,0.00377295166254,-0.00119653670117,-0.00748557411134,0.0232268236578,-0.00704179145396],[0.000125639082398,-0.000396377843572,0.00014346629905,-0.000458736962173,0.000649508729111,0.000778173271101,-0.00129798450507,0.000416748138377,-0.00156378792599,0.00380546133965,-0.00228537735529,-0.00704179145396,0.0237376987934]],"mean":[-614.352661133,141.491073608,-36.8340148926,33.1023292542,-2.83144950867,22.1956501007,0.0233483556658,14.6828832626,-1.80330908298,6.20340824127,-0.912774682045,4.12576627731,0.958904027939]},"pitch_salience":{"dmean":0.0704958066344,"dmean2":0.116676464677,"dvar":0.00383257353678,"dvar2":0.0102253844962,"max":0.853992402554,"mean":0.582757711411,"median":0.599931776524,"min":0.0540551804006,"var":0.0107392380014},"silence_rate_20dB":{"dmean":0,"dmean2":0,"dvar":0,"dvar2":0,"max":1,"mean":1,"median":1,"min":1,"var":0},"silence_rate_30dB":{"dmean":0.00514352088794,"dmean2":0.0102878948674,"dvar":0.00511726597324,"dvar2":0.0139992479235,"max":1,"mean":0.996764838696,"median":1,"min":0,"var":0.00322430743836},"silence_rate_60dB":{"dmean":0.000331840041326,"dmean2":0.0006637351471,"dvar":0.000331737828674,"dvar2":0.000663330836687,"max":1,"mean":0.0103691415861,"median":0,"min":0,"var":0.0102614024654},"spectral_centroid":{"dmean":224.36328125,"dmean2":340.440216064,"dvar":51992.6640625,"dvar2":98988.8671875,"max":10682.3105469,"mean":1636.97998047,"median":1597.79931641,"min":309.021697998,"var":268980.03125},"spectral_complexity":{"dmean":4.20308589935,"dmean2":6.41151571274,"dvar":15.8115367889,"dvar2":29.9822330475,"max":63,"mean":31.9445877075,"median":32,"min":0,"var":106.767234802},"spectral_contrast_coeffs":{"dmean":[0.0556846410036,0.0486935786903,0.0378546491265,0.0276766922325,0.0201916042715,0.0349973216653],"dmean2":[0.0930203050375,0.0811191424727,0.0633731335402,0.0467698164284,0.0333584994078,0.0542041696608],"dvar":[0.0018694360042,0.00147810089402,0.000872227596119,0.000452154752566,0.000254854297964,0.00083625438856],"dvar2":[0.00521685509011,0.00411963788792,0.00242648017593,0.0012743769912,0.000688803615049,0.00204105465673],"max":[-0.380384206772,-0.487386405468,-0.573067188263,-0.612128376961,-0.626029968262,-0.433222204447],"mean":[-0.70294469595,-0.773499250412,-0.795427203178,-0.802347481251,-0.793062806129,-0.687560379505],"median":[-0.707939088345,-0.779901266098,-0.79898583889,-0.804973840714,-0.796772301197,-0.681633234024],"min":[-0.969042539597,-0.962342560291,-0.968542575836,-0.959648966789,-0.961234807968,-0.958454787731],"var":[0.0049674869515,0.00372988008894,0.00209950702265,0.00111313676462,0.00096982420655,0.00423339335248]},"spectral_contrast_valleys":{"dmean":[0.384140521288,0.34023809433,0.274029612541,0.224955007434,0.209861606359,0.482657253742],"dmean2":[0.642100930214,0.565360188484,0.452310860157,0.364586561918,0.309937596321,0.736192584038],"dvar":[0.106737457216,0.0849568471313,0.0612869225442,0.0487743020058,0.0631847828627,0.167534157634],"dvar2":[0.269547075033,0.203910842538,0.137516498566,0.0993445441127,0.105260029435,0.388558268547],"max":[-5.08701276779,-4.89513015747,-5.0265007019,-5.51724433899,-5.22145223618,-8.9248752594],"mean":[-6.68452787399,-6.40629148483,-6.46903133392,-6.69064188004,-6.94760274887,-10.7943601608],"median":[-6.59724235535,-6.32896280289,-6.34625196457,-6.58577108383,-6.80442810059,-10.7318229675],"min":[-27.3371524811,-27.0038223267,-27.0364170074,-27.2063541412,-27.2391872406,-27.2670345306],"var":[0.714488208294,0.709401667118,0.702835857868,0.603530347347,0.805686593056,0.642200887203]},"spectral_decrease":{"dmean":3.12655612511e-9,"dmean2":4.88706675128e-9,"dvar":1.36087969444e-17,"dvar2":3.21759857957e-17,"max":3.57216589641e-9,"mean":-6.53321707844e-9,"median":-5.45972245192e-9,"min":-4.95964691538e-8,"var":2.46659236788e-17},"spectral_energy":{"dmean":0.0120728984475,"dmean2":0.0186666082591,"dvar":0.000195743545191,"dvar2":0.000455947680166,"max":0.195949286222,"mean":0.0445766188204,"median":0.0415231436491,"min":1.11678026086e-20,"var":0.00041159207467},"spectral_energyband_high":{"dmean":0.000521506473888,"dmean2":0.000740306102671,"dvar":7.15748114999e-7,"dvar2":0.00000139013957323,"max":0.0242964662611,"mean":0.00182166160084,"median":0.00150577223394,"min":8.35200952541e-21,"var":0.00000227068539971},"spectral_energyband_low":{"dmean":0.00889158248901,"dmean2":0.0144578851759,"dvar":0.000148645180161,"dvar2":0.000373117101844,"max":0.165353521705,"mean":0.0147224478424,"median":0.0105198975652,"min":8.5281373259e-23,"var":0.000203992909519},"spectral_energyband_middle_high":{"dmean":0.00287042255513,"dmean2":0.00445785326883,"dvar":0.0000111175113489,"dvar2":0.0000266339866357,"max":0.0680992379785,"mean":0.0102000581101,"median":0.0093006240204,"min":1.46390945239e-21,"var":0.0000416345028498},"spectral_energyband_middle_low":{"dmean":0.00413091108203,"dmean2":0.0066712400876,"dvar":0.0000282841519947,"dvar2":0.0000707546860212,"max":0.0829564854503,"mean":0.00951850507408,"median":0.00746464636177,"min":2.78386085201e-22,"var":0.0000563445064472},"spectral_entropy":{"dmean":0.0995838269591,"dmean2":0.148899406195,"dvar":0.00910014193505,"dvar2":0.0184608530253,"max":9.79307842255,"mean":7.77262115479,"median":7.79780340195,"min":6.38378620148,"var":0.0459474213421},"spectral_flux":{"dmean":0.0217332523316,"dmean2":0.0343306176364,"dvar":0.000525894633029,"dvar2":0.00118547305465,"max":0.334056437016,"mean":0.122121348977,"median":0.118785388768,"min":1.056778276e-10,"var":0.00162614975125},"spectral_kurtosis":{"dmean":3.03090715408,"dmean2":4.49146413803,"dvar":13.1846065521,"dvar2":28.9629211426,"max":74.9595794678,"mean":17.8198356628,"median":16.6035766602,"min":-1.2195930481,"var":47.2125740051},"spectral_rms":{"dmean":0.000848775671329,"dmean2":0.00129811570514,"dvar":6.9959224902e-7,"dvar2":0.00000158904572345,"max":0.0138264251873,"mean":0.00641453405842,"median":0.00636477675289,"min":3.30082077123e-12,"var":0.00000234316962633},"spectral_rolloff":{"dmean":3548.6418457,"dmean2":6634.26318359,"dvar":40097108,"dvar2":95906272,"max":22050,"mean":16081.1132812,"median":20801.0742188,"min":43.06640625,"var":65414188},"spectral_skewness":{"dmean":0.248367697001,"dmean2":0.362568974495,"dvar":0.0771522521973,"dvar2":0.155160903931,"max":6.95556259155,"mean":2.7376947403,"median":2.63877367973,"min":0.0470874756575,"var":0.429462820292},"spectral_spread":{"dmean":349380.5,"dmean2":524988.375,"dvar":180700069888,"dvar2":293274353664,"max":41483608,"mean":3988855.75,"median":3946561,"min":1582318,"var":680220884992},"spectral_strongpeak":{"dmean":3.59241294861,"dmean2":6.72734498978,"dvar":154.98399353,"dvar2":417.774627686,"max":146.725646973,"mean":2.9534599781,"median":0.207977384329,"min":0,"var":138.877609253},"zerocrossingrate":{"dmean":0.0345199108124,"dmean2":0.0428499318659,"dvar":0.000811087724287,"dvar2":0.00123887008522,"max":0.98291015625,"mean":0.309002161026,"median":0.30712890625,"min":0.0537109375,"var":0.0085903275758}},"metadata":{"audio_properties":{"analysis_sample_rate":44100,"bit_rate":320000,"codec":"mp3","downmix":"mix","equal_loudness":0,"length":279.876983643,"lossless":false,"md5_encoded":"7f224ebf1f7c20ae57313d91d893ddf0","replay_gain":-10.4007587433,"sample_rate":44100},"tags":{"acoustid_id":["df1e342f-762b-4126-acde-5f5aba0605aa"],"album":["Dr. Feelgood"],"albumartist":["Mötley Crüe"],"albumartistsort":["Mötley Crüe"],"artist":["Mötley Crüe"],"artistsort":["Mötley Crüe"],"asin":["B000002H6Q"],"barcode":["075596082921"],"catalog #":["Mötley 340"],"catalognumber":["9 60829-2"],"composer":["Mick Mars/Nikki Sixx"],"date":["1989"],"discnumber":["1/1"],"encodedby":["Dbpoweramp Release 14"],"encoder":["Lame 3.98.4"],"encoding":["-b=\"320\" -encoding=\"SLOW\""],"file_name":"10. Mötley Crüe - Don't Go Away Mad (Just Go Away).mp3","genre":["Hard Rock"],"isrc":["USUG10200174"],"label":["Elektra Entertainment"],"language":["eng"],"media":["CD"],"musicbrainz album release country":["US"],"musicbrainz album status":["official"],"musicbrainz album type":["album"],"musicbrainz_albumartistid":["26f07661-e115-471d-a930-206f5c89d17c"],"musicbrainz_albumid":["55cc1ff8-ed58-4872-8eee-d4b24cfc7d1e"],"musicbrainz_artistid":["26f07661-e115-471d-a930-206f5c89d17c"],"musicbrainz_recordingid":["bad38f02-f179-4cb5-af07-c0319d082d9d"],"musicbrainz_workid":["799d828f-4122-3402-880b-f60c689bf7c3"],"originaldate":["1989"],"script":["Latn"],"title":["Don't Go Away Mad (Just Go Away)"],"tracknumber":["10/11"],"upc":["639857801128"]},"version":{"essentia":"2.1-beta1","essentia_build_sha":"ca57ba49d9b1854bd80e60cf9ccf267278fb7d6b","essentia_git_sha":"v2.1_beta1-28-g21ef5f4-dirty","extractor":"music 1.0"}},"rhythm":{"beats_count":548,"beats_loudness":{"dmean":0.0213258620352,"dmean2":0.0387644320726,"dvar":0.000288955314318,"dvar2":0.000903488544282,"max":0.131947666407,"mean":0.0584044419229,"median":0.0574332810938,"min":2.5823375438e-8,"var":0.000409780914197},"