{"lowlevel":{"average_loudness":0.209658622742,"barkbands":{"dmean":[0.00000685485883878,0.000528939126525,0.000155683766934,0.000169567385456,0.00132546224631,0.000765606586356,0.000520043715369,0.000605606066529,0.00100924901199,0.0013954489259,0.00153447175398,0.000844794150908,0.000567949900869,0.000358888355549,0.000150186766405,0.0000682779500494,0.0000592559190409,0.00000659304942019,0.00000213783550862,0.00000140632221246,0.00000116052990506,8.16529905023e-7,9.24598055008e-7,5.79930826916e-7,1.50098429685e-7,2.16167705958e-8,3.44969453003e-9],"dmean2":[0.000011754436855,0.000681880803313,0.000257116596913,0.000306075497065,0.00236890185624,0.00131692970172,0.000909340858925,0.00105437613092,0.0017712401459,0.00243604090065,0.0027061351575,0.00146680313628,0.000979788717814,0.000617907906417,0.000258622865658,0.000119343443657,0.0000982854908216,0.0000115098628157,0.00000367277630176,0.00000249007939601,0.00000202534465643,0.00000144438229199,0.0000016018864244,9.92974946712e-7,2.594563e-7,3.84609357695e-8,6.19909679145e-9],"dvar":[3.14852394157e-10,0.00000180062875188,1.62828840189e-7,1.91512896208e-7,0.00000752190317144,0.00000265404514721,9.27025666897e-7,0.00000116165574582,0.00000332455033458,0.00000824638664199,0.0000112094785436,0.00000215664499592,9.98654286377e-7,4.7321736929e-7,1.01723685475e-7,3.43743735698e-8,3.69221773155e-8,1.42137496217e-10,2.43158462115e-11,1.41405109844e-10,6.56186008308e-11,3.81428083562e-11,6.53318371624e-11,2.41230351666e-11,8.60931009643e-13,7.14993724491e-15,2.62426970169e-17],"dvar2":[9.04946395597e-10,0.00000296316693493,4.40732577545e-7,6.11985399246e-7,0.0000239742621488,0.00000764066862757,0.00000271231783699,0.00000348385151483,0.00000997111055767,0.0000247885691351,0.0000340549886459,0.00000636842696622,0.00000288914520752,0.00000133426533466,2.88517696845e-7,9.99092790721e-8,9.91634863112e-8,4.01015387563e-10,6.89017176647e-11,4.06430999966e-10,1.89384202764e-10,1.07146430617e-10,1.89273180462e-10,6.84669473894e-11,2.30763953953e-12,2.05768595793e-14,8.31170468607e-17],"max":[0.000225072304602,0.0334310345352,0.00773137714714,0.0112515930086,0.0473284497857,0.0291962008923,0.0119447605684,0.0142237581313,0.0262027624995,0.0525614656508,0.0808477178216,0.0211820099503,0.0152325797826,0.0136353587732,0.0118215158582,0.00730305211619,0.00894717220217,0.000274716730928,0.000167015299667,0.000440328527475,0.000342881248798,0.000204800759093,0.00029582134448,0.000163676799275,0.0000277178369288,0.00000281403845293,1.29152070372e-7],"mean":[0.00000931530394155,0.001702333102,0.000304259941913,0.000211109610973,0.00235951435752,0.00121134915389,0.000834253267385,0.000994598143734,0.00178750301711,0.00237995013595,0.00261456822045,0.00159153551795,0.00113710039295,0.00079722458031,0.000381661258871,0.000188088757568,0.000483741663629,0.000017235377527,0.00000567827237319,0.00000290298089567,0.00000234844333136,0.00000142597184549,0.00000132728541757,8.36753770272e-7,2.46040201546e-7,4.57905215967e-8,2.83458838624e-8],"median":[0.00000194673953047,0.000451419182355,0.0000667065032758,0.000048053872888,0.00063192070229,0.000368187378626,0.000348497793311,0.000540241308045,0.000918708159588,0.000981808057986,0.00094881473342,0.000699267606251,0.000523992290255,0.000290927535389,0.000127218678244,0.0000494217638334,0.0000211207734537,0.00000961370369623,0.00000319093260259,0.00000150576545366,0.00000131863384922,6.71079533276e-7,4.62597057549e-7,2.75518772241e-7,1.00192607988e-7,2.70646385303e-8,3.05186844685e-8],"min":[7.86923413534e-25,2.39387611969e-24,6.75352301214e-25,2.48752495319e-25,4.53949968466e-24,9.85133442745e-24,1.2092035453e-23,8.17595400352e-24,1.54970304881e-23,1.82230955406e-23,1.73520968602e-23,2.52934775515e-23,2.93933612253e-23,3.20032538877e-23,5.39905932973e-23,5.79232668582e-23,6.05343775218e-23,1.03345903024e-22,1.45079510053e-22,1.71197255743e-22,2.43549987626e-22,3.44198566956e-22,3.73019126812e-22,5.86744896319e-22,8.70767840761e-22,1.38091391404e-21,2.01456707987e-21],"var":[4.88842410995e-10,0.0000131236474772,4.7266803449e-7,2.39888180431e-7,0.0000181322284334,0.00000464981530968,0.00000155987402195,0.00000178604807388,0.00000603937405685,0.0000144924442793,0.0000198527741304,0.00000469060751129,0.00000274401736533,0.00000184388864,7.23880191345e-7,3.46412349472e-7,0.00000238039820033,5.29952082218e-10,6.17035936235e-11,9.25168552879e-11,4.70520636342e-11,2.74093248098e-11,4.6714441343e-11,1.90525737548e-11,9.22753843821e-13,7.57618455276e-15,1.3715755699e-16]},"barkbands_crest":{"dmean":1.80618262291,"dmean2":3.12345290184,"dvar":2.39825630188,"dvar2":7.04535770416,"max":21.2907276154,"mean":7.36242437363,"median":6.83319139481,"min":3.18555545807,"var":6.42190217972},"barkbands_flatness_db":{"dmean":0.0132262073457,"dmean2":0.0225218124688,"dvar":0.000119877164252,"dvar2":0.00033583768527,"max":0.303230822086,"mean":0.192386344075,"median":0.202247723937,"min":0.0559444017708,"var":0.00149811257143},"barkbands_kurtosis":{"dmean":0.951049149036,"dmean2":1.62520599365,"dvar":1.38901221752,"dvar2":3.90134978294,"max":23.6603317261,"mean":1.37111580372,"median":0.400497198105,"min":-1.49457967281,"var":8.20112705231},"barkbands_skewness":{"dmean":0.304366439581,"dmean2":0.513708353043,"dvar":0.0658412501216,"dvar2":0.186290740967,"max":4.25739812851,"mean":0.233954489231,"median":0.0994212850928,"min":-2.10556697845,"var":0.738631427288},"barkbands_spread":{"dmean":1.86965072155,"dmean2":3.1807038784,"dvar":2.52683734894,"dvar2":7.16644525528,"max":39.9570388794,"mean":10.9590406418,"median":9.99531555176,"min":1.85535216331,"var":21.6728897095},"dissonance":{"dmean":0.0228732842952,"dmean2":0.0398555845022,"dvar":0.000440520903794,"dvar2":0.00129956717137,"max":0.500000119209,"mean":0.468384236097,"median":0.474814414978,"min":0.306297034025,"var":0.00068405183265},"dynamic_complexity":10.4068078995,"erbbands":{"dmean":[0.0166181419045,0.116925686598,0.137176781893,0.347835630178,3.92673945427,4.24333524704,5.64610958099,6.81149339676,7.42679977417,9.09992408752,14.2875547409,21.5053577423,35.2004585266,53.8055877686,48.1618347168,30.6558914185,24.5968780518,18.87525177,11.0021982193,4.59221887589,3.65464735031,2.72919845581,0.470869660378,0.166271850467,0.0770255103707,0.0656137987971,0.0588933154941,0.0380246527493,0.0306628029794,0.0269006658345,0.0231920462102,0.0186010375619,0.00682915188372,0.00254738843068,0.000661469821353,0.00016173478798,0.0000294647070405,0.00000494163623443,0.00000221448726734,0.00000468607277071],"dmean2":[0.0220393221825,0.151304274797,0.230647116899,0.607880413532,7.23217821121,7.36394071579,9.8908700943,11.825917244,12.9376907349,15.8043746948,25.177022934,37.8121147156,61.3170585632,94.5048599243,84.7184829712,53.436882019,42.3263244629,32.9005203247,19.0435714722,7.85030126572,6.36579799652,4.51179885864,0.802453100681,0.286869317293,0.132510855794,0.115885518491,0.104076348245,0.0663118883967,0.0542730018497,0.0467066094279,0.0402070395648,0.0320873185992,0.0115922568366,0.00437538092956,0.00115895248018,0.000286642141873,0.000052637362387,0.00000898101097846,0.00000385052726415,0.00000816090323497],"dvar":[0.0018106965581,0.0878824666142,0.133190914989,0.761694312096,89.0044326782,71.9708175659,130.294448853,214.258117676,186.228881836,269.839691162,623.912536621,1529.32202148,4080.40234375,15839.7431641,8342.13769531,3153.23364258,1804.35827637,1320.4564209,536.496582031,82.1703872681,117.80305481,85.4955291748,0.873476147652,0.118942163885,0.0713334158063,0.301739811897,0.206314340234,0.0523432046175,0.0582133755088,0.0404087975621,0.0322520658374,0.0311541222036,0.00258128182031,0.000279076077277,0.0000156392452482,8.01206510914e-7,7.80130537947e-9,1.03668448825e-10,1.15387898889e-11,5.95090920985e-11],"dvar2":[0.00314989103936,0.144147798419,0.372561395168,2.2232427597,299.426452637,212.988525391,384.831481934,626.87322998,549.885192871,784.86895752,1861.80712891,4625.30517578,12049.1445312,47422.2773438,25667.9160156,9372.54492188,5271.12207031,3775.39624023,1550.01135254,235.462081909,351.631561279,229.040176392,2.38971185684,0.347162932158,0.1931976825,0.86916333437,0.595932424068,0.149785786867,0.164075300097,0.116661533713,0.0930810719728,0.0874831229448,0.00719950441271,0.000755721761379,0.0000425842918048,0.00000229979718824,2.24184244502e-8,3.15917819682e-10,3.45635742249e-11,1.77889009079e-10],"max":[1.02992463112,7.2995762825,6.69746637344,18.8508052826,127.987785339,128.254928589,183.257537842,227.424423218,169.298080444,255.972579956,351.706787109,493.349090576,819.014709473,2471.50415039,1758.94335938,931.878845215,702.759887695,553.648864746,708.788818359,417.94128418,487.409393311,551.803344727,42.8051605225,11.7404413223,11.9721059799,21.2228164673,18.0682258606,8.97988986969,9.16839885712,6.13477706909,5.53509998322,5.92743396759,1.64393556118,0.494958370924,0.120270743966,0.0356459692121,0.00204403954558,0.000226357427891,0.0000665066909278,0.000136858521728],"mean":[0.0538047812879,0.370826333761,0.32322666049,0.674132704735,5.08896303177,7.40040254593,8.50961685181,10.3026037216,11.4329900742,15.1653633118,25.5600090027,37.5860061646,63.1481437683,97.4808654785,92.2504501343,63.08776474,53.0325279236,45.7194099426,28.3757171631,13.8713302612,17.3082199097,23.9961071014,2.06572341919,0.512065172195,0.221885725856,0.138560205698,0.111779801548,0.0786027088761,0.0532123148441,0.04251486063,0.0348769389093,0.0248883068562,0.0105387680233,0.00401399377733,0.00115454359911,0.000311893847538,0.0000743924247217,0.0000172121690412,0.0000140064767038,0.000022656913643],"median":[0.01449850481,0.0977654159069,0.08016128093,0.172086894512,1.02553737164,1.96530723572,2.44145584106,3.23490786552,4.86079645157,7.20212697983,15.3698778152,19.3498897552,28.1827526093,34.2490997314,42.1337738037,27.5569114685,25.0922050476,18.394361496,10.9231147766,4.66761112213,2.4122569561,1.21932089329,0.616737067699,0.272205322981,0.118740320206,0.0725599452853,0.0605430454016,0.0451090075076,0.0258695632219,0.0169365983456,0.0129960635677,0.00763499643654,0.00367341283709,0.0015255950857,0.000507940887474,0.000161234784173,0.0000484780975967,0.0000137942242873,0.0000100726156234,0.0000137143651955],"min":[1.16796120298e-22,4.5402284817e-22,1.04670982348e-21,3.10782297842e-21,1.1188892483e-20,2.72038830083e-20,2.76350250532e-20,9.00813193379e-20,1.4774006672e-19,1.7454997265e-19,1.93540333455e-19,4.71039292288e-19,6.54356939992e-19,8.64492610335e-19,1.03458343325e-18,1.11599920203e-18,1.44734180262e-18,1.63150756895e-18,2.8894248045e-18,3.3762075669e-18,3.76808479568e-18,3.81111803987e-18,5.25895377272e-18,6.84018354628e-18,7.15239583745e-18,8.20144696981e-18,9.44380524823e-18,9.19026694586e-18,1.15597564162e-17,1.18374988505e-17,1.05611732274e-17,1.15009885424e-17,9.71364479894e-18,7.59848193409e-18,6.19679088531e-18,4.14209368247e-18,2.1267144421e-18,8.44346161227e-19,2.29242689463e-19,2.94401657943e-20],"var":[0.0129273720086,0.628381311893,0.493112623692,2.06769347191,132.379760742,171.147781372,217.30796814,336.815338135,296.822479248,471.269287109,1055.85717773,2693.7331543,8233.62988281,29210.0546875,17641.2089844,7333.00097656,5499.39355469,5341.19287109,2892.13549805,861.729553223,2486.64233398,6863.14697266,20.9961051941,0.447038978338,0.119948163629,0.198175519705,0.136086836457,0.0423106774688,0.0403095632792,0.0313251540065,0.0252031125128,0.0225197207183,0.00245067570359,0.000289977702778,0.0000164327739185,6.89729290571e-7,1.04135899903e-8,1.96791347107e-10,1.3947025479e-10,6.08302241911e-10]},"erbbands_crest":{"dmean":2.27528738976,"dmean2":3.95494937897,"dvar":3.74209213257,"dvar2":10.6631689072,"max":23.060918808,"mean":8.95272541046,"median":8.4464673996,"min":2.71867918968,"var":8.84683704376},"erbbands_flatness_db":{"dmean":0.0137462476268,"dmean2":0.0233826227486,"dvar":0.000131315828185,"dvar2":0.000359411205864,"max":0.401260435581,"mean":0.258117586374,"median":0.273681938648,"min":0.0490757934749,"var":0.00363120855764},"erbbands_kurtosis":{"dmean":0.928111553192,"dmean2":1.59101104736,"dvar":1.0978757143,"dvar2":3.11666870117,"max":20.5980548859,"mean":1.2835547924,"median":0.789221763611,"min":-1.34840679169,"var":4.63030290604},"erbbands_skewness":{"dmean":0.304258584976,"dmean2":0.521684229374,"dvar":0.0602353066206,"dvar2":0.175198122859,"max":3.68691420555,"mean":0.101820744574,"median":-0.0156157743186,"min":-1.64185261726,"var":0.533691585064},"erbbands_spread":{"dmean":2.5674021244,"dmean2":4.40127944946,"dvar":6.70542192459,"dvar2":19.8186302185,"max":72.5864334106,"mean":13.2118387222,"median":11.7918548584,"min":2.29169034958,"var":43.5860519409},"gfcc":{"cov":[[38571.625,7271.80078125,-5915.07861328,-147.591003418,204.699172974,1265.06726074,-108.901062012,-253.789657593,263.561035156,-777.205993652,259.474060059,-264.402587891,557.871520996],[7271.80078125,1745.23266602,-1089.31726074,-115.277900696,70.3604660034,230.316513062,-8.84340000153,-92.8271560669,56.7753562927,-167.951339722,40.9318618774,-98.1445236206,100.786743164],[-5915.07861328,-1089.31726074,1400.93200684,167.203536987,8.26840019226,-192.943893433,17.332906723,39.5224456787,-19.5479297638,189.224136353,-23.4028987885,26.582736969,-127.779449463],[-147.591003418,-115.277900696,167.203536987,272.884857178,79.6182785034,25.4405765533,49.4646034241,11.8243913651,-3.44744229317,3.90700435638,22.6739425659,-4.66850757599,-18.0649776459],[204.699172974,70.3604660034,8.26840019226,79.6182785034,253.968704224,52.6106872559,88.9521713257,32.6525650024,37.2205276489,-28.6502285004,25.1164226532,7.03133487701,28.2098293304],[1265.06726074,230.316513062,-192.943893433,25.4405765533,52.6106872559,154.686309814,47.3761329651,-1.34388566017,-7.83858346939,-42.0675163269,13.9700756073,-38.1544075012,31.2004776001],[-108.901062012,-8.84340000153,17.332906723,49.4646034241,88.9521713257,47.3761329651,116.512611389,36.2578086853,11.5968751907,5.48374223709,12.6179533005,-20.0996856689,-4.08092927933],[-253.789657593,-92.8271560669,39.5224456787,11.8243913651,32.6525650024,-1.34388566017,36.2578086853,62.5947799683,21.5025920868,9.66914176941,0.636043667793,9.40731334686,-4.71509218216],[263.561035156,56.7753562927,-19.5479297638,-3.44744229317,37.2205276489,-7.83858346939,11.5968751907,21.5025920868,61.4991645813,14.122631073,15.2959032059,8.55709266663,1.71530461311],[-777.205993652,-167.951339722,189.224136353,3.90700435638,-28.6502285004,-42.0675163269,5.48374223709,9.66914176941,14.122631073,81.4085006714,11.5316524506,-0.239495038986,-33.1458015442],[259.474060059,40.9318618774,-23.4028987885,22.6739425659,25.1164226532,13.9700756073,12.6179533005,0.636043667793,15.2959032059,11.5316524506,39.560749054,5.45016956329,4.81051301956],[-264.402587891,-98.1445236206,26.582736969,-4.66850757599,7.03133487701,-38.1544075012,-20.0996856689,9.40731334686,8.55709266663,-0.239495038986,5.45016956329,55.9477500916,13.8810052872],[557.871520996,100.786743164,-127.779449463,-18.0649776459,28.2098293304,31.2004776001,-4.08092927933,-4.71509218216,1.71530461311,-33.1458015442,4.81051301956,13.8810052872,50.2825622559]],"icov":[[0.000339126214385,-0.00110315985512,0.000729289895389,-0.000821252993774,0.000137585782795,-0.00102633715142,0.000887900067028,-0.000834819162264,-0.0000028354099868,-0.00115758751053,0.000301025313092,-0.00105403258931,0.0000595467172388],[-0.00110315985512,0.00530459359288,-0.00147173868027,0.00290914578363,-0.000842852168716,0.00282980711199,-0.00240701762959,0.00479110889137,-0.00233932235278,0.00508900592104,-0.00195220101159,0.0060075414367,-0.000154533161549],[0.000729289895389,-0.00147173868027,0.00369232706726,-0.00248926342465,-0.00098067370709,-0.00165318290237,0.00255025364459,-0.00102296133991,0.000430704443716,-0.00551111530513,0.00223741587251,-0.00173015461769,0.00165046344046],[-0.000821252993774,0.00290914578363,-0.00248926342465,0.00715723540634,-0.00130099325906,0.00137765042018,-0.0028712854255,0.00244730827399,0.000548138166778,0.00540363462642,-0.00442417850718,0.00235927361064,0.00271285302006],[0.000137585782795,-0.000842852168716,-0.00098067370709,-0.00130099325906,0.00832730997354,-0.000692053698003,-0.00524917664006,-0.000288220122457,-0.00434079347178,0.00443569291383,-0.00211870693602,-0.00203020707704,-0.00365684507415],[-0.00102633715142,0.00282980711199,-0.00165318290237,0.00137765042018,-0.000692053698003,0.0175366643816,-0.00583484536037,0.000321407918818,0.00346712581813,0.00589687377214,-0.00571408402175,0.0129964295775,-0.00820026732981],[0.000887900067028,-0.00240701762959,0.00255025364459,-0.0028712854255,-0.00524917664006,-0.00583484536037,0.020567541942,-0.0105114448816,0.00251039396971,-0.00659403577447,-0.000990614993498,0.00345297018066,0.00238106702454],[-0.000834819162264,0.00479110889137,-0.00102296133991,0.00244730827399,-0.000288220122457,0.000321407918818,-0.0105114448816,0.0299425795674,-0.011032095179,0.00395666155964,0.00457820994779,-0.00294531974941,0.00321497931145],[-0.0000028354099868,-0.00233932235278,0.000430704443716,0.000548138166778,-0.00434079347178,0.00346712581813,0.00251039396971,-0.011032095179,0.0286413338035,-0.00884046684951,-0.00484104035422,-0.00251050945371,-0.0001833736751],[-0.00115758751053,0.00508900592104,-0.00551111530513,0.00540363462642,0.00443569291383,0.00589687377214,-0.00659403577447,0.00395666155964,-0.00884046684951,0.0356579981744,-0.0158848743886,0.00818847864866,0.0073335156776],[0.000301025313092,-0.00195220101159,0.00223741587251,-0.00442417850718,-0.00211870693602,-0.00571408402175,-0.000990614993498,0.00457820994779,-0.00484104035422,-0.0158848743886,0.0409974083304,-0.0111661767587,-0.00139300071169],[-0.00105403258931,0.0060075414367,-0.00173015461769,0.00235927361064,-0.00203020707704,0.0129964295775,0.00345297018066,-0.00294531974941,-0.00251050945371,0.00818847864866,-0.0111661767587,0.0406537391245,-0.0154889216647],[0.0000595467172388,-0.000154533161549,0.00165046344046,0.00271285302006,-0.00365684507415,-0.00820026732981,0.00238106702454,0.00321497931145,-0.0001833736751,0.0073335156776,-0.00139300071169,-0.0154889216647,0.0415897294879]],"mean":[-171.856552124,162.137451172,-136.709320068,-25.151102066,-46.4012718201,12.4281215668,-26.1833744049,-6.97766065598,-8.08816814423,-7.8444647789,-4.75019598007,-1.0272898674,1.9818123579]},"hfc":{"dmean":3.00677037239,"dmean2":5.27032232285,"dvar":27.1418056488,"dvar2":81.7785339355,"max":110.144332886,"mean":14.9248380661,"median":8.07274627686,"min":1.09573432754e-16,"var":307.493743896},"melbands":{"dmean":[0.000152195105329,0.0000892717725947,0.000151269792696,0.000292008888209,0.000194018604816,0.000148546663695,0.000107764761196,0.00010509169806,0.000125089951325,0.000146210411913,0.000184293108759,0.00022079545306,0.000190928461961,0.000102761441667,0.0000701487806509,0.0000529403987457,0.0000371909118257,0.0000219117173401,0.00000974751674221,0.00000486329054183,0.00000516483851243,0.00000404710681323,0.00000100946226667,2.98109370078e-7,1.44861630247e-7,7.35298755217e-8,5.12067046543e-8,4.66083029949e-8,4.36303295714e-8,2.83009793378e-8,2.14137187982e-8,1.802690619e-8,1.68572178438e-8,1.59765978225e-8,1.31729214203e-8,1.66130202928e-8,1.00562411731e-8,5.37118527433e-9,3.07151970524e-9,1.84871096209e-9],"dmean2":[0.000194662963622,0.000133036926854,0.000278258085018,0.000521864451002,0.000338665849995,0.000257221981883,0.000187436904525,0.000182063580723,0.000219820212806,0.000257082865573,0.000320368329994,0.000386807514587,0.000338759884471,0.000178468457307,0.000121080694953,0.0000920333695831,0.0000647971319268,0.0000380533638236,0.0000166628269653,0.00000831133820611,0.00000891389390745,0.00000671426369081,0.0000017239283352,5.13460008733e-7,2.50892412623e-7,1.25777503968e-7,8.9924945712e-8,8.28996959967e-8,7.83031381957e-8,4.9061775087e-8,3.75537823061e-8,3.18877191319e-8,2.97690778694e-8,2.78664504805e-8,2.28120580203e-8,2.91725044121e-8,1.74008825127e-8,9.23806364739e-9,5.21930187958e-9,3.1981735038e-9],"dvar":[1.50250770048e-7,5.48119771793e-8,1.39400086141e-7,4.05277688742e-7,1.45912324001e-7,9.92979636294e-8,3.9121502482e-8,3.41879236032e-8,4.4541874189e-8,7.17814572226e-8,1.12600609725e-7,2.57625117683e-7,1.55428196535e-7,3.04186755784e-8,1.68388929467e-8,9.7325099091e-9,5.32677679743e-9,2.04679295734e-9,3.8855835216e-10,9.90325044192e-11,2.86569934449e-10,1.98593988476e-10,1.37837458461e-11,3.03454554236e-13,8.85990974054e-14,2.72300306354e-14,9.08474277793e-14,1.65976146672e-13,1.44330145166e-13,1.59960969302e-14,1.82675326688e-14,1.95381312176e-14,1.51420268332e-14,1.57912741992e-14,7.99482973991e-15,5.14551339633e-14,8.38947509553e-15,1.70055490804e-15,3.97216550601e-16,1.44125263249e-16],"dvar2":[2.4430747203e-7,1.19038695345e-7,4.59766397398e-7,0.00000130056457692,4.33518778209e-7,2.88354584654e-7,1.1524695509e-7,1.00166971606e-7,1.32744759185e-7,2.16716671275e-7,3.32508108158e-7,7.7283294786e-7,4.75777056863e-7,8.96879868151e-8,4.96350267554e-8,2.79121508129e-8,1.5219168148e-8,5.95551075122e-9,1.10589482016e-9,2.77334682997e-10,8.58153381689e-10,5.36171329557e-10,3.71957221967e-11,8.66549507931e-13,2.61922943187e-13,7.33761535148e-14,2.56771085514e-13,4.77551646231e-13,4.19404799518e-13,4.44904597646e-14,5.28270664517e-14,5.51839728969e-14,4.26632165739e-14,4.56591314508e-14,2.25706446941e-14,1.47761102941e-13,2.39042421653e-14,4.76766300999e-15,1.09279828635e-15,3.83244980364e-16],"max":[0.00965794082731,0.00547391781583,0.00614378554747,0.0108638489619,0.00592889264226,0.00532663427293,0.00252824416384,0.00284912320785,0.00298568163998,0.00346019212157,0.00434155436233,0.00997233763337,0.00908089149743,0.00256743677892,0.00176952115726,0.00178128434345,0.00108342559543,0.00128785986453,0.00080159062054,0.000568770919926,0.00071570603177,0.000803016475402,0.000146883161506,0.0000122730798466,0.00000915453802008,0.00000559548197998,0.0000144635696415,0.0000180024089786,0.0000151966587509,0.00000357971612175,0.00000557164912607,0.00000545671673535,0.00000366869335267,0.00000361541538041,0.00000264687218987,0.0000107320638563,0.00000304147397401,0.00000134735034862,6.92223466103e-7,3.54759464471e-7],"mean":[0.000501545728184,0.000282596301986,0.000218039029278,0.000497437256854,0.000307753274683,0.000233450657106,0.000172272208147,0.000173701919266,0.000218334113015,0.000248700700467,0.000318268779665,0.000388832821045,0.000340410857461,0.00019481263007,0.000134823421831,0.000108999556687,0.0000817948239273,0.0000489244303026,0.0000252824029303,0.0000122620776892,0.0000237040767388,0.0000335656695825,0.00000256050634562,7.29149405743e-7,3.47349981666e-7,1.84662880542e-7,1.12542373643e-7,8.56527648807e-8,7.32692697625e-8,5.65237314731e-8,4.10202680712e-8,3.02064115942e-8,2.57499070955e-8,2.31733761069e-8,1.97225507037e-8,2.03854444436e-8,1.32570923128e-8,7.9809829856e-9,4.72340344615e-9,2.83580359195e-9],"median":[0.000134105852339,0.0000735250723665,0.0000501387548866,0.000120805969345,0.0000918344885577,0.0000750414765207,0.0000724679630366,0.0000809634802863,0.000128370214952,0.00011815027392,0.000139381620102,0.000131041218992,0.000138380011776,0.0000891317249625,0.0000549804099137,0.0000497155779158,0.0000294284836855,0.0000186488377949,0.00000813916722109,0.00000420044398197,0.00000235266702475,0.00000127636167235,7.42863790038e-7,3.99232845893e-7,1.9202518331e-7,9.73948814931e-8,5.77592267348e-8,4.2576846937e-8,3.7260157626e-8,3.15326325051e-8,2.30652457134e-8,1.47837582176e-8,1.06419415502e-8,8.61343973924e-9,7.44392059104e-9,5.88410875579e-9,4.03594002663e-9,2.64802046956e-9,1.72374325924e-9,1.09640718726e-9],"min":[1.13521935756e-24,5.62515510876e-25,5.92891536804e-25,1.32709646073e-24,8.40572611103e-25,2.06135113219e-24,2.80149869322e-24,1.67586813718e-24,1.67295901538e-24,2.35808175333e-24,2.93719519348e-24,3.23058755249e-24,2.54738924071e-24,3.68162449429e-24,3.23788865738e-24,3.15143936293e-24,2.47601034499e-24,3.55418914265e-24,3.92823345731e-24,3.40877012895e-24,3.45499461698e-24,2.90316215631e-24,3.90010780503e-24,4.7204769981e-24,5.2093565836e-24,4.81955950551e-24,3.85383795749e-24,4.55484145155e-24,4.57791760518e-24,4.19976450849e-24,4.75728840338e-24,4.99293772185e-24,5.5734786058e-24,5.39516803666e-24,5.05527587716e-24,5.50654454685e-24,5.64463228173e-24,6.45145002773e-24,6.27009524436e-24,4.73540145756e-24],"var":[0.00000113060139029,3.59188447874e-7,2.39460604234e-7,9.54383722274e-7,2.5868865805e-7,1.66595199858e-7,6.58050893776e-8,5.97329190555e-8,7.68949064422e-8,1.25160013908e-7,2.15468730858e-7,4.69076667287e-7,2.91930234653e-7,6.57114966884e-8,3.75926632046e-8,2.87380679254e-8,1.88004616319e-8,9.26433063597e-9,3.62098551143e-9,8.9170609785e-10,6.27622309679e-9,1.36549775931e-8,8.28546120601e-11,9.73339030902e-13,2.21318175917e-13,6.99289191548e-14,7.30415145142e-14,1.04695291607e-13,8.80534523334e-14,1.58995622793e-14,1.36188625413e-14,1.32002266715e-14,1.10924529449e-14,1.18901479171e-14,6.89674512094e-15,3.18047217523e-14,5.98397055851e-15,1.53339433233e-15,4.28897965109e-16,1.48348013658e-16]},"melbands_crest":{"dmean":2.1331114769,"dmean2":3.67970252037,"dvar":3.34305739403,"dvar2":9.76102542877,"max":26.3036231995,"mean":8.5383348465,"median":7.86767530441,"min":1.66274368763,"var":10.3928804398},"melbands_flatness_db":{"dmean":0.0142716681585,"dmean2":0.0240247678012,"dvar":0.000163286458701,"dvar2":0.000445461570052,"max":0.379468798637,"mean":0.259335309267,"median":0.267493337393,"min":0.003325517755,"var":0.00240018870682},"melbands_kurtosis":{"dmean":1.09486722946,"dmean2":1.87532961369,"dvar":4.67050504684,"dvar2":13.4899501801,"max":71.2374191284,"mean":1.23608398438,"median":0.188613653183,"min":-1.5461448431,"var":15.1262245178},"melbands_skewness":{"dmean":0.332006156445,"dmean2":0.566332578659,"dvar":0.0853305310011,"dvar2":0.247609391809,"max":6.03098011017,"mean":0.506229937077,"median":0.389748305082,"min":-2.118527174,"var":0.647175431252},"melbands_spread":{"dmean":3.28744721413,"dmean2":5.58776712418,"dvar":12.7613220215,"dvar2":36.7483558655,"max":165.917190552,"mean":19.5979328156,"median":17.1434192657,"min":3.4996407032,"var":256.679840088},"mfcc":{"cov":[[20121.7265625,6763.01611328,-3786.62109375,-666.898071289,239.387191772,964.710693359,124.230171204,715.850708008,140.268035889,66.6120147705,-264.824310303,125.197151184,-178.618164062],[6763.01611328,3034.22729492,-1146.56530762,-336.102386475,60.4393882751,268.382202148,-15.7908792496,169.863739014,50.4804534912,25.7024288177,-46.0873069763,37.2029380798,-56.5288124084],[-3786.62109375,-1146.56530762,1082.56787109,189.757797241,-1.07190179825,-149.54359436,-39.0632019043,-176.803894043,-55.4580535889,7.1011929512,61.3864631653,-12.2473669052,43.3301124573],[-666.898071289,-336.102386475,189.757797241,234.30317688,69.9031600952,18.8172473907,44.2357139587,12.364824295,0.405390381813,5.05022096634,27.5158176422,18.5826187134,20.411441803],[239.387191772,60.4393882751,-1.07190179825,69.9031600952,107.911483765,49.1067733765,15.4510812759,29.1054763794,13.417224884,0.352813750505,-0.965498924255,21.7280693054,12.8637657166],[964.710693359,268.382202148,-149.54359436,18.8172473907,49.1067733765,118.527885437,56.2244224548,51.5708351135,8.18774795532,18.0522098541,-9.56792449951,0.351452410221,-6.95879793167],[124.230171204,-15.7908792496,-39.0632019043,44.2357139587,15.4510812759,56.2244224548,98.682975769,46.667678833,13.1919784546,25.0926990509,11.4396266937,-15.1058282852,-7.85666465759],[715.850708008,169.863739014,-176.803894043,12.364824295,29.1054763794,51.5708351135,46.667678833,95.6470031738,36.2448806763,5.44443702698,-9.86291408539,6.65772008896,-3.57661795616],[140.268035889,50.4804534912,-55.4580535889,0.405390381813,13.417224884,8.18774795532,13.1919784546,36.2448806763,46.8854064941,10.7068452835,2.75709104538,3.43556833267,5.03503084183],[66.6120147705,25.7024288177,7.1011929512,5.05022096634,0.352813750505,18.0522098541,25.0926990509,5.44443702698,10.7068452835,55.6389846802,30.0420722961,-1.1671295166,0.0874790921807],[-264.824310303,-46.0873069763,61.3864631653,27.5158176422,-0.965498924255,-9.56792449951,11.4396266937,-9.86291408539,2.75709104538,30.0420722961,59.097454071,13.904548645,10.4347667694],[125.197151184,37.2029380798,-12.2473669052,18.5826187134,21.7280693054,0.351452410221,-15.1058282852,6.65772008896,3.43556833267,-1.1671295166,13.904548645,49.7991218567,19.9145259857],[-178.618164062,-56.5288124084,43.3301124573,20.411441803,12.8637657166,-6.95879793167,-7.85666465759,-3.57661795616,5.03503084183,0.0874790921807,10.4347667694,19.9145259857,36.4219741821]],"icov":[[0.000757208559662,-0.000982210622169,0.00110088859219,-0.000374094903236,0.000406361185014,-0.00234156777151,0.00138015055563,-0.00159777549561,0.00148642528802,-0.00141886575148,0.00155691278633,-0.00109409925062,0.000588970957324],[-0.000982210622169,0.0020391701255,-0.000950755376834,0.00129704654682,-0.000890663533937,0.00145544693805,-0.000678201497067,0.00188087765127,-0.00197536451742,0.00183899491094,-0.00285328738391,0.00120000925381,-0.000186752382433],[0.00110088859219,-0.000950755376834,0.00405403785408,-0.00164935062639,-0.000529509794433,-0.00209011579864,0.00167292496189,0.0011007928988,0.00234172772616,-0.00282878312282,0.00174517417327,-0.000434855639469,-0.000297867023619],[-0.000374094903236,0.00129704654682,-0.00164935062639,0.00899964943528,-0.00466488255188,-0.000220884874579,-0.00299213221297,-0.00155094941147,0.00082157907309,0.00287210242823,-0.00409029563889,-0.00113338197116,-0.000424174242653],[0.000406361185014,-0.000890663533937,-0.000529509794433,-0.00466488255188,0.0176708549261,-0.00906963273883,0.00383594632149,-0.00237295078114,-0.00344293867238,0.00091734941816,0.00257830996998,-0.00493549043313,-0.00109115126543],[-0.00234156777151,0.00145544693805,-0.00209011579864,-0.000220884874579,-0.00906963273883,0.0312962271273,-0.0153380036354,0.00375050865114,0.00211498956196,-0.0028469664976,0.00256639858708,0.00329928845167,-0.00319640780799],[0.00138015055563,-0.000678201497067,0.00167292496189,-0.00299213221297,0.00383594632149,-0.0153380036354,0.0278581660241,-0.0141941523179,0.00412618694827,-0.00589938648045,-0.00417351350188,0.00709237810224,0.00249418290332],[-0.00159777549561,0.00188087765127,0.0011007928988,-0.00155094941147,-0.00237295078114,0.00375050865114,-0.0141941523179,0.0346278771758,-0.019884314388,0.00563473254442,0.00178957555909,-0.0037940654438,0.000833459023852],[0.00148642528802,-0.00197536451742,0.00234172772616,0.00082157907309,-0.00344293867238,0.00211498956196,0.00412618694827,-0.019884314388,0.0393741130829,-0.0107854334638,0.00266527547501,0.00198365282267,-0.00573045248166],[-0.00141886575148,0.00183899491094,-0.00282878312282,0.00287210242823,0.00091734941816,-0.0028469664976,-0.00589938648045,0.00563473254442,-0.0107854334638,0.0349936969578,-0.0201479438692,0.00434565450996,0.000867655035108],[0.00155691278633,-0.00285328738391,0.00174517417327,-0.00409029563889,0.00257830996998,0.00256639858708,-0.00417351350188,0.00178957555909,0.00266527547501,-0.0201479438692,0.0367274321616,-0.0127489911392,-0.0015934369294],[-0.00109409925062,0.00120000925381,-0.000434855639469,-0.00113338197116,-0.00493549043313,0.00329928845167,0.00709237810224,-0.0037940654438,0.00198365282267,0.00434565450996,-0.0127489911392,0.036789573729,-0.0155674181879],[0.000588970957324,-0.000186752382433,-0.000297867023619,-0.000424174242653,-0.00109115126543,-0.00319640780799,0.00249418290332,0.000833459023852,-0.00573045248166,0.000867655035108,-0.0015934369294,-0.0155674181879,0.0407995656133]],"mean":[-791.342590332,195.010818481,-24.0346488953,-21.6861724854,-4.83841085434,7.92506599426,-4.96786928177,3.1610147953,-0.473080575466,-1.81481981277,-3.70261144638,1.40722703934,-2.24169874191]},"pitch_salience":{"dmean":0.0491549819708,"dmean2":0.0842036902905,"dvar":0.0015399584081,"dvar2":0.00451049348339,"max":0.885656356812,"mean":0.715542018414,"median":0.729116439819,"min":0.24535395205,"var":0.00640605390072},"silence_rate_20dB":{"dmean":0,"dmean2":0,"dvar":0,"dvar2":0,"max":1,"mean":1,"median":1,"min":1,"var":0},"silence_rate_30dB":{"dmean":0,"dmean2":0,"dvar":0,"dvar2":0,"max":1,"mean":1,"median":1,"min":1,"var":0},"silence_rate_60dB":{"dmean":0.00250104209408,"dmean2":0.00500312680379,"dvar":0.0024950990919,"dvar2":0.00581177463755,"max":1,"mean":0.341529488564,"median":0,"min":0,"var":0.224886357784},"spectral_centroid":{"dmean":82.805847168,"dmean2":144.192443848,"dvar":29949.5898438,"dvar2":71345.8203125,"max":11730.4941406,"mean":999.317993164,"median":794.90020752,"min":202.020446777,"var":1742325.75},"spectral_complexity":{"dmean":1.65193831921,"dmean2":2.86387324333,"dvar":3.1247355938,"dvar2":8.92477035522,"max":33,"mean":14.5738697052,"median":18,"min":0,"var":103.911247253},"spectral_contrast_coeffs":{"dmean":[0.0472847819328,0.0405906625092,0.0342678576708,0.0246774759144,0.015639025718,0.0116711677983],"dmean2":[0.0808910503983,0.0704705715179,0.0594029128551,0.0423698611557,0.0266177877784,0.0198887381703],"dvar":[0.00134049158078,0.00108294782694,0.000763939460739,0.000399323733291,0.000161561227287,0.000113408146717],"dvar2":[0.00388122233562,0.00319121358916,0.00224435143173,0.00117789837532,0.000460263749119,0.000315265351674],"max":[-0.445649832487,-0.600272238255,-0.632242798805,-0.662040710449,-0.594457805157,-0.685885250568],"mean":[-0.687056958675,-0.813453495502,-0.818600356579,-0.816683351994,-0.813260257244,-0.811216592789],"median":[-0.680344164371,-0.813836395741,-0.817244708538,-0.80871450901,-0.815558373928,-0.801607310772],"min":[-0.986388087273,-0.975519955158,-0.983688652515,-0.97989153862,-0.967413604259,-0.983449518681],"var":[0.00599206052721,0.0028742167633,0.0027536933776,0.00279417587444,0.00462994398549,0.00175292219501]},"spectral_contrast_valleys":{"dmean":[0.276466220617,0.315467506647,0.255516201258,0.19176530838,0.144629374146,0.153643772006],"dmean2":[0.454448103905,0.546941161156,0.435930937529,0.32640722394,0.241688072681,0.258204102516],"dvar":[0.0651824250817,0.0763601437211,0.0525064654648,0.0353824384511,0.0334156937897,0.0418200157583],"dvar2":[0.153802037239,0.191867142916,0.122629933059,0.0745283961296,0.0627875998616,0.0891485065222],"max":[-5.58280181885,-4.48573827744,-4.64556884766,-5.46009206772,-6.48511123657,-9.40428543091],"mean":[-8.67244434357,-7.20591783524,-7.31685876846,-8.29014778137,-9.84174919128,-12.8018169403],"median":[-7.74015808105,-6.35194969177,-6.2509469986,-7.26200914383,-9.01774311066,-12.3140363693],"min":[-28.0482959747,-28.1899032593,-27.9547023773,-27.710144043,-27.6000385284,-27.3813724518],"var":[9.07120418549,9.19319248199,10.0239725113,9.29928779602,7.09162139893,4.58127975464]},"spectral_decrease":{"dmean":1.01150765541e-9,"dmean2":1.76043912781e-9,"dvar":2.7879744111e-18,"dvar2":8.30628053192e-18,"max":1.38077789952e-28,"mean":-4.68080774141e-9,"median":-2.81102496835e-9,"min":-2.78825833533e-8,"var":2.7113961393e-17},"spectral_energy":{"dmean":0.00406460603699,"dmean2":0.00707809254527,"dvar":0.0000449711624242,"dvar2":0.000134198038722,"max":0.115082554519,"mean":0.0190201476216,"median":0.0114100361243,"min":1.00347873126e-20,"var":0.000445334997494},"spectral_energyband_high":{"dmean":0.00000375752711079,"dmean2":0.00000656200609228,"dvar":8.85427398067e-10,"dvar2":2.53040943754e-9,"max":0.000980511656962,"mean":0.00000773071587901,"median":0.00000402866999138,"min":7.0766424237e-21,"var":6.50599296659e-10},"spectral_energyband_low":{"dmean":0.000600108935032,"dmean2":0.000817298481707,"dvar":0.00000238710504163,"dvar2":0.00000422947277912,"max":0.0386927202344,"mean":0.00208100746386,"median":0.000565063615795,"min":1.06139451972e-23,"var":0.0000190394621313},"spectral_energyband_middle_high":{"dmean":0.00257896026596,"dmean2":0.00448402808979,"dvar":0.00002336707621,"dvar2":0.0000707325234544,"max":0.106686249375,"mean":0.00931734964252,"median":0.00447668600827,"min":1.10865143419e-21,"var":0.000144022138556},"spectral_energyband_middle_low":{"dmean":0.00260487524793,"dmean2":0.00461605004966,"dvar":0.0000187616496987,"dvar2":0.0000583007931709,"max":0.0697370171547,"mean":0.00797496177256,"median":0.0047869971022,"min":1.47924546374e-22,"var":0.0000904726839508},"spectral_entropy":{"dmean":0.100887775421,"dmean2":0.172284349799,"dvar":0.00953167490661,"dvar2":0.0263943616301,"max":9.82389831543,"mean":7.03408813477,"median":6.93926811218,"min":6.15703439713,"var":0.19360126555},"spectral_flux":{"dmean":0.00806603580713,"dmean2":0.0130589930341,"dvar":0.000101970334072,"dvar2":0.000256156199612,"max":0.235956951976,"mean":0.0637782663107,"median":0.0610335171223,"min":6.35970859308e-11,"var":0.00254130270332},"spectral_kurtosis":{"dmean":8.30323219299,"dmean2":14.7632341385,"dvar":69.7649612427,"dvar2":223.214431763,"max":84.5674209595,"mean":23.7064056396,"median":20.6938381195,"min":-1.26990997791,"var":178.677276611},"spectral_rms":{"dmean":0.000362049671821,"dmean2":0.00062777363928,"dvar":2.07770469274e-7,"dvar2":6.15519695657e-7,"max":0.0105960210785,"mean":0.00340538355522,"median":0.00333642656915,"min":3.12890338638e-12,"var":0.00000695958215147},"spectral_rolloff":{"dmean":126.765914917,"dmean2":221.913665771,"dvar":85784.9140625,"dvar2":188420.21875,"max":19573.6816406,"mean":1435.33569336,"median":1119.7265625,"min":215.33203125,"var":5250501},"spectral_skewness":{"dmean":0.527870476246,"dmean2":0.936348974705,"dvar":0.242190882564,"dvar2":0.781828582287,"max":6.84338092804,"mean":3.34713435173,"median":3.25395774841,"min":-0.0619730614126,"var":0.845958769321},"spectral_spread":{"dmean":230409.734375,"dmean2":394190.1875,"dvar":193124696064,"dvar2":308244119552,"max":42837880,"mean":2659663.75,"median":1536953.625,"min":826225.3125,"var":26176772898800},"spectral_strongpeak":{"dmean":0.512584745884,"dmean2":0.896953940392,"dvar":0.797907829285,"dvar2":2.31943941116,"max":9.24101448059,"mean":0.872758209705,"median":0.349872380495,"min":0,"var":1.85580980778},"zerocrossingrate":{"dmean":0.00313535984606,"dmean2":0.0045175938867,"dvar":0.0000604148153798,"dvar2":0.000120238211821,"max":0.5185546875,"mean":0.0486971773207,"median":0.03955078125,"min":0,"var":0.00363398529589}},"metadata":{"audio_properties":{"analysis_sample_rate":44100,"bit_rate":498560,"codec":"alac","downmix":"mix","equal_loudness":0,"length":111.400001526,"lossless":true,"md5_encoded":"10290a851029daf6c39df13ed08cae17","replay_gain":2.96802330017,"sample_rate":44100},"tags":{"album":["Hudson River Wind Meditations"],"artist":["Lou Reed"],"asin":["1591795540"],"barcode":["0600835111720"],"bpm":["86"],"composer":["Lou Reed"],"date":["2007"],"discnumber":["1/1"],"encodedby":["qaac 1.46, CoreAudioToolbox 7.9.8.5, Apple Lossless Encoder"],"file_name":"1.03. Hudson River Wind (Blend the Ambiance).m4a","genre":["Meditational music"],"language":["eng"],"musicbrainz_recordingid":["baea0d2a-c8e5-4ef9-906b-6d5f7a6a907a"],"title":["Hudson River Wind (Blend the Ambiance)"],"tracknumber":["3/4"]},"version":{"essentia":"2.1-beta2","essentia_build_sha":"cead25079874084f62182a551b7393616cd33d87","essentia_git_sha":"v2.1_beta2-1-ge3940c0","extractor":"music 1.0"}},"rhythm":{"beats_count":225,"beats_loudness":{"dmean":0.00513343373314,"dmean2":0.00853730831295,"dvar":0.0000591185998928,"dvar2":0.000170086263097,"max":0.0929843038321,"mean":0.0190309751779,"median":0.0110799213871,"min":0,"var":0.000447724800324},"beats_loudness_band_ratio":{"dmean":[0.0556358359754,0.078817948699,0.0960512757301,0.0901346132159,0.0196563471109,0.0012672446901],"dmean2":[0.0897955521941,0.136395558715,0.16130425036,0.151022896171,0.0309265498072,0.00193088420201],"dvar":[0.00546058220789,0.00474405568093,0.00563427433372,0.0054061030969,0.000669612549245,0.00000713161625754],"dvar2":[0.0135115580633,0.0114369541407,0.0164144970477,0.0141023918986,0.00131584960036,0.0000145346848512],"max":[0.825827002525,0.622251868248,0.803215146065,0.85618019104,0.37694594264,0.0411415472627],"mean":[0.1542288661,0.205623552203,0.29000094533,0.346827030182,0.054584749043,0.0027277674526],"