{"lowlevel":{"average_loudness":0.891606748104,"barkbands":{"dmean":[0.000477986061014,0.00180388009176,0.00158752233256,0.00086655409541,0.00188302167226,0.00151790480595,0.00109301356133,0.000789636571426,0.00119963299949,0.00108607870061,0.000794105231762,0.000536742969416,0.000626065768301,0.000448817329016,0.000248377240496,0.000139999145176,0.000110054585093,0.000113933849207,0.000076106742199,0.0000794982697698,0.0000899100705283,0.0000342528473993,0.0000107477644633,0.00000216386024476,0.00000133714399908,0.0000036135247683,0.0000459274451714],"dmean2":[0.000822839036118,0.0030606884975,0.00266103656031,0.00143023231067,0.0029601729475,0.00236508040689,0.00170598749537,0.00129785120953,0.00195337622426,0.00167850439902,0.00124807737302,0.000860324362293,0.000982454628684,0.000706298626028,0.000377043936169,0.000209261503187,0.000166395620909,0.000166256693774,0.000104625389213,0.000110492219392,0.000124535799841,0.0000482696195832,0.0000152844422701,0.00000340767292073,0.00000223451911552,0.00000529177304998,0.0000571981399844],"dvar":[9.79726451078e-7,0.0000136705411933,0.0000098541195257,0.00000264262212113,0.000015073648683,0.0000122285282487,0.00000779118181526,0.00000344908039551,0.00000816775263957,0.00000624379981673,0.00000282432370113,0.00000246098397838,0.00000141658290431,0.00000100885119991,2.2221011875e-7,6.79062708286e-8,5.98871494617e-8,1.12785059514e-7,8.15059379988e-8,1.09928372183e-7,1.15102999132e-7,1.74308460998e-8,2.48355180865e-9,2.48067573427e-11,6.16157819211e-12,1.50976189883e-10,1.50771839458e-8],"dvar2":[0.00000279912592305,0.0000375375420845,0.0000261396980932,0.00000654235464026,0.0000333116731781,0.0000297280603263,0.0000183280008059,0.00000858757266542,0.0000210279231396,0.0000134039519253,0.00000704545936969,0.00000659807392367,0.00000357024896402,0.00000252306062976,4.97916801123e-7,1.46557994185e-7,1.40314043051e-7,2.300986921e-7,1.49154047335e-7,2.06692888582e-7,2.11956717067e-7,3.64919578999e-8,4.68345673355e-9,5.34127984897e-11,1.55310105054e-11,2.61835775284e-10,2.22015668072e-8],"max":[0.0121193807572,0.0406267642975,0.0466889441013,0.0312956571579,0.146595641971,0.0587397068739,0.08958722651,0.0343169718981,0.0671128705144,0.0848996937275,0.0276734083891,0.0594997853041,0.0269610900432,0.0204824861139,0.0114217959344,0.00546397734433,0.00530872261152,0.00937754660845,0.00953905843198,0.0114862713963,0.0087713683024,0.00533705437556,0.00181695981883,0.000194123247638,0.0000266142105829,0.000467302714242,0.00365327927284],"mean":[0.00053775368724,0.00243386393413,0.00187280739192,0.00119082187302,0.00282910349779,0.00223677698523,0.0015527253272,0.00113047170453,0.00184971548151,0.00175279250834,0.00130289897788,0.00077729014447,0.00103796645999,0.000725993420929,0.00046303923591,0.000242930284003,0.000196572742425,0.000196163295186,0.000129327250761,0.000139560928801,0.000146435762872,0.0000572300014028,0.0000173884454853,0.00000277762478618,0.0000012482415741,0.00000574925297769,0.00010348802607],"median":[0.000191412720596,0.00106473872438,0.000781547394581,0.000445219746325,0.000977959716693,0.000670046894811,0.000482242874568,0.000409846485127,0.000633793824818,0.000454420805909,0.000457956368336,0.000241564790485,0.000404345832067,0.00020672249957,0.000163818025612,0.0000908687652554,0.0000757173329475,0.0000492130347993,0.0000367539723811,0.0000337456804118,0.0000309396164084,0.0000165408655448,0.00000409467429563,0.00000100766965261,3.45782382283e-7,0.00000177025742687,0.0000402810801461],"min":[4.59978187124e-25,2.50136255955e-24,1.37384534405e-24,2.67474777702e-25,8.26665959698e-24,9.20899654676e-24,2.82404098523e-24,6.62468822126e-24,1.8139774474e-23,1.36507678038e-23,7.86311937864e-24,1.0202617344e-23,2.62748930928e-23,2.85592039269e-23,4.45679779506e-23,6.41051595648e-23,6.63527883668e-23,9.59095005975e-23,1.19402680812e-22,1.6320728122e-22,2.50579710168e-22,3.23803849362e-22,4.04859294752e-22,5.51562356279e-22,8.30736267399e-22,1.24962898114e-21,1.72761537888e-21],"var":[9.21748721794e-7,0.0000139459625643,0.00000965983872447,0.00000471959901915,0.0000399383789045,0.0000213321509364,0.0000135597356348,0.0000062525591602,0.0000169924587681,0.0000149799907376,0.00000591622301727,0.00000334217020281,0.00000297497626889,0.00000190514060705,6.68679376759e-7,1.55373029997e-7,1.40046566344e-7,2.8435303534e-7,2.05872822789e-7,2.86699247454e-7,2.76687075029e-7,3.81572640151e-8,6.08939565439e-9,4.59866589253e-11,6.23201403677e-12,4.21804924322e-10,5.62572672891e-8]},"barkbands_crest":{"dmean":2.46535253525,"dmean2":4.04292917252,"dvar":5.1368060112,"dvar2":12.9897737503,"max":23.7649326324,"mean":8.48885726929,"median":7.57590532303,"min":2.30662584305,"var":13.6315851212},"barkbands_flatness_db":{"dmean":0.0213478822261,"dmean2":0.0331853479147,"dvar":0.000376732437871,"dvar2":0.000900386541616,"max":0.317735254765,"mean":0.131451994181,"median":0.128709957004,"min":0.0360171422362,"var":0.00161048048176},"barkbands_kurtosis":{"dmean":2.10201931,"dmean2":3.42262220383,"dvar":11.4753780365,"dvar2":28.7021503448,"max":58.2922172546,"mean":3.05864143372,"median":1.58037424088,"min":-1.66918849945,"var":24.8666191101},"barkbands_skewness":{"dmean":0.486484438181,"dmean2":0.758481144905,"dvar":0.261085689068,"dvar2":0.585992991924,"max":6.80879306793,"mean":1.01779520512,"median":0.974588871002,"min":-2.21748137474,"var":1.04001939297},"barkbands_spread":{"dmean":4.2334523201,"dmean2":6.52641153336,"dvar":29.4451122284,"dvar2":59.719581604,"max":77.3019256592,"mean":18.0575084686,"median":16.4137630463,"min":1.25731992722,"var":104.482475281},"dissonance":{"dmean":0.0228167697787,"dmean2":0.038773920387,"dvar":0.000490535108838,"dvar2":0.00136554287747,"max":0.500000119209,"mean":0.46316793561,"median":0.470802247524,"min":0.209437072277,"var":0.000909993599635},"dynamic_complexity":4.03527498245,"erbbands":{"dmean":[0.0597116015851,0.410895705223,1.58706986904,2.44924020767,3.18723368645,7.33320569992,12.8836040497,11.9351291656,13.626115799,17.4742469788,19.5701828003,25.6166419983,29.8555831909,36.763633728,27.6198253632,22.3229579926,25.2646350861,28.5242729187,12.0297927856,11.2139730453,6.15689897537,5.86685276031,6.08935546875,4.70837306976,3.39979791641,3.79819655418,4.06402778625,3.04455184937,1.35468435287,0.689842939377,0.24434222281,0.0735479518771,0.0256414934993,0.0151853449643,0.00942015182227,0.00550199393183,0.00682775909081,0.011878747493,0.00714156543836,0.000775444321334],"dmean2":[0.100991994143,0.695841491222,2.66262173653,3.97613930702,5.26788234711,11.6145401001,20.263053894,18.4787158966,21.3357620239,27.6837615967,32.1043663025,41.8930091858,46.9631958008,56.0242004395,43.5947494507,35.1803894043,39.1006088257,44.3684997559,18.1594371796,16.7460422516,8.97073745728,8.64527893066,8.72572517395,6.5277838707,4.50436830521,5.20942020416,5.5410118103,4.27722167969,1.92001783848,0.972951829433,0.339004129171,0.106922492385,0.0419414751232,0.025345781818,0.0157348085195,0.00909273326397,0.00954138115048,0.0156275611371,0.00910256057978,0.000962188933045],"dvar":[0.0150141147897,0.745437920094,10.8852424622,17.7976398468,35.9291152954,296.75894165,969.027648926,815.234558105,1113.72619629,2484.64672852,1947.23071289,4588.97753906,5341.37060547,7606.79150391,3835.88989258,3922.00415039,2755.16455078,3446.39086914,481.827270508,430.744445801,128.898117065,160.882385254,297.12210083,281.685180664,159.94342041,231.323974609,293.745513916,134.027877808,27.3551483154,8.44067382812,1.06235873699,0.0497065186501,0.00205701659434,0.000787096505519,0.000305744499201,0.000096360250609,0.000459979230072,0.00186717475299,0.00064224563539,0.00000284686802843],"dvar2":[0.0421111881733,2.03179454803,28.6478557587,43.1192321777,91.5213928223,663.465332031,2311.47070312,1877.29064941,2789.93969727,5240.25097656,4961.05175781,11952.4453125,12814.6425781,16225.9150391,10029.0830078,10457.2216797,6749.63085938,8545.19140625,1089.53466797,965.302490234,277.187011719,343.213653564,586.764282227,571.598449707,261.057647705,411.700622559,545.304748535,273.130432129,55.8152236938,16.5772514343,1.77202439308,0.0817239657044,0.00499698286876,0.00198452989571,0.000770569022279,0.000241301619099,0.000707044033334,0.00320416851901,0.00104047369678,0.00000409560334447],"max":[1.31660461426,10.1715393066,52.4469909668,78.5721282959,108.412063599,641.913208008,646.22088623,625.860412598,595.541442871,1868.81396484,861.153381348,1786.2565918,1569.87939453,3257.05175781,1293.62438965,2461.29589844,1474.88391113,1165.4276123,516.322387695,493.643493652,288.762390137,316.293426514,555.899475098,544.155151367,413.723846436,528.532531738,689.905822754,271.165039062,216.443313599,107.425041199,36.3913383484,9.14916133881,0.868418216705,0.300695776939,0.187522619963,0.104166515172,1.01456308365,1.22603189945,0.728031694889,0.0504099726677],"mean":[0.0800183713436,0.528560042381,1.91128063202,3.53910827637,4.48616409302,10.4456806183,17.9133167267,18.1470756531,19.0659217834,27.2698516846,29.7392292023,39.5018310547,45.6357192993,64.0095596313,46.4693107605,34.8599472046,43.8213653564,48.7358131409,23.5921993256,21.9574871063,11.7305622101,11.1050157547,11.0203008652,8.07980251312,6.00755977631,6.73097133636,6.66895532608,4.76494312286,2.26323127747,1.1290037632,0.409673422575,0.114466734231,0.0274399369955,0.0144349951297,0.00886656995863,0.0056520649232,0.0113512426615,0.021873742342,0.0136830760166,0.00193301134277],"median":[0.0305694229901,0.222192674875,0.833949506283,1.50547480583,1.90707468987,3.15906214714,4.82556438446,5.54215526581,5.31772851944,9.03037261963,12.0956220627,13.4127521515,12.0325899124,18.7551822662,16.3573493958,12.2247457504,17.1515846252,16.3236026764,8.30489253998,8.97397327423,4.75359249115,4.36093378067,3.20049881935,2.233741045,1.68763685226,1.6263102293,1.33671224117,1.12485003471,0.672328352928,0.270126283169,0.106068558991,0.0383214987814,0.00963100325316,0.00425085378811,0.00251977797598,0.00193759333342,0.00360974064097,0.00616745976731,0.00379540422,0.000891667150427],"min":[4.87256125536e-23,7.61907105811e-22,2.32193596522e-21,4.36941235306e-21,7.75366713685e-21,2.78208886594e-20,4.61970872459e-20,8.32543263238e-20,8.1053147015e-20,1.41290074195e-19,2.39734208913e-19,4.29891735554e-19,4.55180171994e-19,6.32196461189e-19,9.15313915086e-19,4.82052219867e-19,1.59832821721e-18,1.78378149016e-18,2.63936975969e-18,1.98746561701e-18,4.54166327736e-18,4.42764387455e-18,4.7790285444e-18,5.79632421304e-18,6.44886755954e-18,6.87413310657e-18,8.67113087496e-18,1.05341285573e-17,1.02560784118e-17,1.10194999427e-17,1.10749309699e-17,1.08550324487e-17,1.03296139411e-17,7.96607024496e-18,6.11990982404e-18,4.02361164025e-18,2.24788750965e-18,9.38165296496e-19,2.25047100149e-19,2.75307356725e-20],"var":[0.0155362673104,0.717467308044,10.2923059464,33.3241958618,60.0387382507,719.051391602,1737.49511719,1521.24633789,1575.50866699,5734.58203125,3690.37133789,9097.20703125,9246.80371094,19252.8632812,8003.80859375,5747.64648438,5737.73779297,7033.48583984,1408.10058594,1331.97399902,333.022399902,440.270324707,806.467407227,661.340148926,452.16003418,655.492492676,698.95892334,270.465057373,58.3808898926,20.4096546173,2.96671319008,0.136174753308,0.00261910981499,0.000799960980657,0.000309662980726,0.000105859005998,0.00145351747051,0.00562964752316,0.00196859776042,0.0000116670926218]},"erbbands_crest":{"dmean":2.716329813,"dmean2":4.46364116669,"dvar":6.24626922607,"dvar2":16.0032310486,"max":29.4971637726,"mean":9.21886825562,"median":8.38738441467,"min":2.54399633408,"var":15.7170581818},"erbbands_flatness_db":{"dmean":0.0214936267585,"dmean2":0.033570535481,"dvar":0.000347393914126,"dvar2":0.00079802214168,"max":0.370753407478,"mean":0.178149104118,"median":0.177276268601,"min":0.0403948016465,"var":0.00159885152243},"erbbands_kurtosis":{"dmean":1.15465319157,"dmean2":1.84242630005,"dvar":2.12280011177,"dvar2":5.02703332901,"max":25.4474430084,"mean":1.43105924129,"median":0.798650741577,"min":-1.57128071785,"var":5.59379720688},"erbbands_skewness":{"dmean":0.369088470936,"dmean2":0.568031907082,"dvar":0.120257921517,"dvar2":0.258324056864,"max":3.96135759354,"mean":0.232366412878,"median":0.219573408365,"min":-2.62647724152,"var":0.6275395751},"erbbands_spread":{"dmean":5.17618083954,"dmean2":8.12194252014,"dvar":30.5427360535,"dvar2":72.5473403931,"max":105.538200378,"mean":22.052822113,"median":20.4568195343,"min":2.78669476509,"var":105.482391357},"gfcc":{"cov":[[32972.3710938,2571.70166016,-3572.49658203,-274.419281006,-600.496398926,-728.730529785,139.405105591,-854.367736816,-148.669845581,-218.116516113,-359.662353516,-16.4340133667,-224.728500366],[2571.70166016,1220.50268555,-199.646911621,-274.005615234,-34.3932762146,51.8278846741,-20.7629890442,-49.8548088074,22.2915687561,27.1449699402,21.3717250824,-35.6775360107,21.0082969666],[-3572.49658203,-199.646911621,730.248046875,132.999313354,-43.4844741821,191.191665649,-111.036399841,254.834320068,-17.101858139,109.445220947,54.1056976318,8.78500843048,56.9458618164],[-274.419281006,-274.005615234,132.999313354,298.839080811,59.5127449036,-41.7471046448,93.9664535522,10.4957427979,27.9563465118,-16.4253330231,-12.2242841721,40.7747573853,-35.1609725952],[-600.496398926,-34.3932762146,-43.4844741821,59.5127449036,234.284515381,73.0994415283,90.0886077881,-50.7297286987,-0.473538964987,-43.9820022583,16.6067676544,1.54456567764,12.0146560669],[-728.730529785,51.8278846741,191.191665649,-41.7471046448,73.0994415283,308.339263916,-46.1081085205,135.780502319,-66.7510604858,43.5482444763,32.1252822876,-4.44164323807,49.2145462036],[139.405105591,-20.7629890442,-111.036399841,93.9664535522,90.0886077881,-46.1081085205,226.287811279,-57.0404548645,81.5630340576,-43.0515136719,-7.18198633194,38.9307556152,-42.0754508972],[-854.367736816,-49.8548088074,254.834320068,10.4957427979,-50.7297286987,135.780502319,-57.0404548645,248.800567627,21.1564617157,86.2540893555,32.5937309265,-9.72475814819,38.3488044739],[-148.669845581,22.2915687561,-17.101858139,27.9563465118,-0.473538964987,-66.7510604858,81.5630340576,21.1564617157,143.038116455,39.5106163025,14.1517086029,23.8862037659,-36.4048194885],[-218.116516113,27.1449699402,109.445220947,-16.4253330231,-43.9820022583,43.5482444763,-43.0515136719,86.2540893555,39.5106163025,109.898071289,49.308265686,-0.261973232031,23.9157848358],[-359.662353516,21.3717250824,54.1056976318,-12.2242841721,16.6067676544,32.1252822876,-7.18198633194,32.5937309265,14.1517086029,49.308265686,67.5086135864,30.9484062195,21.0462932587],[-16.4340133667,-35.6775360107,8.78500843048,40.7747573853,1.54456567764,-4.44164323807,38.9307556152,-9.72475814819,23.8862037659,-0.261973232031,30.9484062195,74.9605102539,15.4972190857],[-224.728500366,21.0082969666,56.9458618164,-35.1609725952,12.0146560669,49.2145462036,-42.0754508972,38.3488044739,-36.4048194885,23.9157848358,21.0462932587,15.4972190857,91.9282989502]],"icov":[[0.000345516746165,-0.000750751176383,0.00249302689917,-0.00196199957281,0.00120763527229,-0.000504629395436,0.000481457187561,-0.000546451250557,0.0011842403328,-0.0016002751654,0.00126171798911,-0.000788471312262,0.0000114618615044],[-0.000750751176383,0.00280844420195,-0.00514844059944,0.00442067859694,-0.00117825041525,-0.000264212227194,-0.00118838774506,0.00235656346194,-0.00448248255998,0.00513662630692,-0.00506132189184,0.00414424901828,-0.00147990055848],[0.00249302689917,-0.00514844059944,0.021318892017,-0.0176385007799,0.0118085704744,-0.0067521315068,0.00500161433592,-0.00405391678214,0.00525412615389,-0.00793955940753,0.00361542520113,-0.00112403859384,-0.00312173296697],[-0.00196199957281,0.00442067859694,-0.0176385007799,0.0251204427332,-0.0205402374268,0.0139001375064,-0.00628291629255,-0.00440770899877,0.00884656235576,-0.0100243613124,0.0161734763533,-0.0185064673424,0.0144621897489],[0.00120763527229,-0.00117825041525,0.0118085704744,-0.0205402374268,0.0316509455442,-0.020370490849,0.00129870895762,0.0121443495154,-0.0208845585585,0.0277013517916,-0.0346211455762,0.0343334637582,-0.0229915454984],[-0.000504629395436,-0.000264212227194,-0.0067521315068,0.0139001375064,-0.020370490849,0.0199669431895,-0.00323572685011,-0.0121246865019,0.0212287902832,-0.0225066635758,0.0249819327146,-0.0259239058942,0.0167887751013],[0.000481457187561,-0.00118838774506,0.00500161433592,-0.00628291629255,0.00129870895762,-0.00323572685011,0.0110920397565,0.000513682374731,-0.00648544635624,0.00401842547581,-0.000948409899138,-0.000888105831109,-0.000874686113093],[-0.000546451250557,0.00235656346194,-0.00405391678214,-0.00440770899877,0.0121443495154,-0.0121246865019,0.000513682374731,0.0176814738661,-0.0193485878408,0.0176733657718,-0.0218826569617,0.0231807902455,-0.0144441761076],[0.0011842403328,-0.00448248255998,0.00525412615389,0.00884656235576,-0.0208845585585,0.0212287902832,-0.00648544635624,-0.0193485878408,0.0484086945653,-0.0493439920247,0.0463885292411,-0.0456236861646,0.0295944921672],[-0.0016002751654,0.00513662630692,-0.00793955940753,-0.0100243613124,0.0277013517916,-0.0225066635758,0.00401842547581,0.0176733657718,-0.0493439920247,0.0763023346663,-0.071842379868,0.0594747290015,-0.0340764410794],[0.00126171798911,-0.00506132189184,0.00361542520113,0.0161734763533,-0.0346211455762,0.0249819327146,-0.000948409899138,-0.0218826569617,0.0463885292411,-0.071842379868,0.0955383479595,-0.0733399316669,0.0355841554701],[-0.000788471312262,0.00414424901828,-0.00112403859384,-0.0185064673424,0.0343334637582,-0.0259239058942,-0.000888105831109,0.0231807902455,-0.0456236861646,0.0594747290015,-0.0733399316669,0.0798910260201,-0.0401596464217],[0.0000114618615044,-0.00147990055848,-0.00312173296697,0.0144621897489,-0.0229915454984,0.0167887751013,-0.000874686113093,-0.0144441761076,0.0295944921672,-0.0340764410794,0.0355841554701,-0.0401596464217,0.0375600717962]],"mean":[-51.3446731567,112.53338623,-112.13835907,-4.79281806946,-26.0251274109,-16.4084186554,1.99837553501,-21.8275566101,-3.93107223511,-6.73038291931,-12.3344202042,-0.684480428696,-11.428144455]},"hfc":{"dmean":6.69515275955,"dmean2":8.77223300934,"dvar":96.6884536743,"dvar2":162.030975342,"max":218.55229187,"mean":19.35405159,"median":12.5712957382,"min":1.07835969656e-16,"var":456.290649414},"melbands":{"dmean":[0.000510779733304,0.000707218132447,0.000420797412517,0.000342156767147,0.000437042559497,0.000269600073807,0.000208853249205,0.000179892973392,0.000179995695362,0.000160712050274,0.00014881126117,0.000151120766532,0.0001006395687,0.0000648152272333,0.0000544340364286,0.0000635899996269,0.0000531494551979,0.0000204159659916,0.0000197597910301,0.0000123996724142,0.00000698496842233,0.00000663383752908,0.00000611004588791,0.00000549310243514,0.0000039176120481,0.00000286516865344,0.0000023605809929,0.00000269218753601,0.00000271677026831,0.00000252522136179,0.00000153451708229,8.27226187994e-7,5.77995933781e-7,3.31735151349e-7,1.59596382332e-7,7.8193359343e-8,3.39781252023e-8,1.8446121075e-8,1.41494433947e-8,1.23380772266e-8],"dmean2":[0.000867497059517,0.00118039210793,0.000686401850544,0.000542469206266,0.000687020889018,0.000418454379542,0.000325899251038,0.000285816204268,0.000297526246868,0.000260287546553,0.000234777064179,0.000231596801314,0.000159705217811,0.000103127589682,0.0000845381073304,0.0000994993242784,0.0000833845115267,0.0000317884623655,0.0000299195980915,0.0000186834058695,0.0000104952632682,0.0000101248033388,0.00000887628993951,0.00000828207885206,0.00000563688718103,0.00000389868455386,0.00000329789372699,0.00000383525593861,0.00000381998461307,0.00000362948867405,0.00000225962162403,0.00000120060781228,8.27961059713e-7,4.76818172501e-7,2.25904074114e-7,1.09997429831e-7,5.3298212066e-8,3.05191178995e-8,2.36334933845e-8,2.06143742076e-8],"dvar":[0.00000108958624878,0.00000212113764064,4.96044890497e-7,5.36657694283e-7,9.59082512964e-7,3.84728537028e-7,2.52640887766e-7,2.35740856169e-7,1.68890665009e-7,1.56522773409e-7,1.32095678396e-7,1.36190536182e-7,4.74193981859e-8,4.16886365429e-8,1.41574041379e-8,1.43140574949e-8,1.25136958573e-8,1.52247026097e-9,1.60054869358e-9,5.74981118273e-10,1.96235944161e-10,1.99707930748e-10,2.45578918312e-10,2.95257734928e-10,2.05888278648e-10,1.15971079961e-10,9.78533712392e-11,1.17765644458e-10,1.76813244601e-10,9.77319267181e-11,3.65292067428e-11,1.11424914434e-11,5.18452641929e-12,2.47925790141e-12,5.1030967646e-13,7.81705022978e-14,9.56638671816e-15,1.08427417029e-15,6.73979563328e-16,5.24203015369e-16],"dvar2":[0.00000299597422782,0.00000558613601243,0.00000122206893138,0.00000122280596315,0.00000223141796596,8.99032613688e-7,6.20708476617e-7,5.04768934206e-7,4.34164945773e-7,4.01514512305e-7,3.17164420949e-7,2.88287083094e-7,1.21048429946e-7,1.1998390903e-7,3.11973842315e-8,3.58386920141e-8,3.11165671008e-8,3.60947538525e-9,3.6162557393e-9,1.29547439442e-9,4.57602983284e-10,4.55528642584e-10,4.76712613828e-10,6.42067399248e-10,4.40209924069e-10,2.1366511338e-10,1.87077006664e-10,2.24373658542e-10,3.64463709213e-10,1.97989333262e-10,7.77038502986e-11,2.33142099376e-11,1.10466904721e-11,5.11404156869e-12,9.25230703684e-13,1.21634608852e-13,2.14063487802e-14,2.65060050833e-15,1.70080478276e-15,1.32127843585e-15],"max":[0.0117876157165,0.0232978761196,0.0115524949506,0.0186105240136,0.0293465871364,0.0134371863678,0.00971483904868,0.0180824752897,0.00703434273601,0.00959785934538,0.00760004110634,0.0142728118226,0.00403216574341,0.00877618230879,0.00398156419396,0.00219242693856,0.00201991177164,0.000817401974928,0.000996819580905,0.000553293444682,0.000329081143718,0.000308713468257,0.000525447481778,0.000511037709657,0.000453518092399,0.000357176118996,0.000386658299249,0.000337653473252,0.000646649976261,0.000246138952207,0.000144406309118,0.000154400622705,0.0000624022068223,0.0000637532793917,0.0000248802261922,0.0000139893772939,0.00000375062973035,5.97717530582e-7,2.76887050177e-7,2.4557107281e-7],"mean":[0.000725327758119,0.000904057873413,0.000624857784715,0.000502652255818,0.000627417000942,0.000408990948927,0.000298786704661,0.000280803622445,0.000266726827249,0.000246666633757,0.000223075607209,0.000256557628745,0.000164814307936,0.0000976262599579,0.0000860332584125,0.000106351923023,0.0000871918673511,0.0000354626608896,0.0000357818607881,0.0000219605317398,0.0000119837604871,0.0000115689026643,0.0000107832056528,0.00000906340756046,0.00000628810630587,0.00000464094136987,0.00000400559201807,0.0000045867868721,0.00000427091254096,0.00000382656071451,0.00000230756245401,0.00000132618697535,9.07463117983e-7,5.07798461058e-7,2.53461507782e-7,1.26249176446e-7,4.43709815556e-8,1.84722743768e-8,1.32962592048e-8,1.15174225712e-8],"median":[0.000316477555316,0.000449760176707,0.000293166667689,0.0001797680452,0.000182714458788,0.000125474005472,0.0000873510580277,0.0000940312456805,0.000107275162009,0.0000790350313764,0.0000525621071574,0.0000708915831638,0.000059677669924,0.0000289046074613,0.0000323666536133,0.0000389146443922,0.0000268993826467,0.0000111622475742,0.0000126730374177,0.00000859875399328,0.0000043935147005,0.00000432083015767,0.00000343149076798,0.00000215087811739,0.00000164903440236,0.00000126695977087,0.00000105409412754,0.00000102609521946,8.28296947475e-7,7.47324520489e-7,5.61425110845e-7,3.95593275471e-7,2.40234015791e-7,1.08333892967e-7,6.29979766131e-8,3.78926472422e-8,1.53381840562e-8,6.10047345972e-9,3.84729492708e-9,3.19014681338e-9],"min":[1.26449729106e-24,1.20346756017e-24,1.00706732578e-24,1.89316933985e-24,2.12287952178e-24,1.7241635823e-24,1.01619454506e-24,1.66576184291e-24,1.82213774015e-24,2.58712455894e-24,1.47023872324e-24,2.47109179725e-24,2.50407071904e-24,1.36161987356e-24,1.74530091304e-24,3.40425035039e-24,2.22828001619e-24,2.87254922559e-24,2.91420443404e-24,3.66147580348e-24,4.63511751499e-24,3.71414252409e-24,3.23854005927e-24,3.93032867188e-24,3.74456810035e-24,4.04840773875e-24,4.26855199613e-24,3.47132482658e-24,4.45016394816e-24,4.92909836423e-24,4.74367700289e-24,4.92269873014e-24,5.09922292376e-24,5.59439722485e-24,4.93615630275e-24,6.03027206284e-24,5.75674046041e-24,5.99918029355e-24,6.32972484575e-24,6.12689766297e-24],"var":[0.00000117764898278,0.00000202810315386,8.64822425228e-7,0.00000119882008676,0.00000210409166357,7.2571367582e-7,3.90142929518e-7,5.54023472432e-7,3.27926642285e-7,3.19491192613e-7,2.33838449049e-7,3.46048466326e-7,9.5536229594e-8,5.25494563419e-8,2.88490049627e-8,3.09000860454e-8,2.49610536684e-8,3.47509021559e-9,4.48439552159e-9,1.31296595818e-9,4.32039570786e-10,4.81279405218e-10,6.52147336133e-10,6.7533856285e-10,4.35611546834e-10,2.76156875145e-10,2.41273501178e-10,3.0623195646e-10,3.52800566539e-10,1.97836719229e-10,6.48072290277e-11,2.16259527647e-11,1.12061740096e-11,5.24843146374e-12,1.2415418086e-12,2.34923679902e-13,1.63723709882e-14,1.27648193376e-15,6.84670919068e-16,5.30392708632e-16]},"melbands_crest":{"dmean":3.30597090721,"dmean2":5.37244606018,"dvar":8.76970386505,"dvar2":21.033744812,"max":35.8409194946,"mean":12.2485666275,"median":11.2677183151,"min":1.00130367279,"var":28.0366039276},"melbands_flatness_db":{"dmean":0.0275630988181,"dmean2":0.0422613620758,"dvar":0.000679175078403,"dvar2":0.00151464843657,"max":0.459569841623,"mean":0.224658295512,"median":0.22719912231,"min":-5.17719165316e-8,"var":0.0040725953877},"melbands_kurtosis":{"dmean":3.24885821342,"dmean2":5.29598712921,"dvar":44.0045928955,"dvar2":114.286018372,"max":205.070968628,"mean":4.41628789902,"median":2.08436012268,"min":-1.79222977161,"var":89.5205307007},"melbands_skewness":{"dmean":0.590957045555,"dmean2":0.928315460682,"dvar":0.379474937916,"dvar2":0.893669784069,"max":11.9334497452,"mean":1.45835161209,"median":1.3004168272,"min":-1.75852155685,"var":1.27340114117},"melbands_spread":{"dmean":6.46679973602,"dmean2":9.78907489777,"dvar":99.7027664185,"dvar2":184.001586914,"max":160.078216553,"mean":25.5385246277,"median":19.8033981323,"min":1.20480108261,"var":587.030334473},"mfcc":{"cov":[[9379.51367188,1616.93847656,-1198.61486816,426.185150146,-526.69921875,343.215270996,-220.860931396,-16.7582969666,-125.886520386,-74.7361679077,-97.4012374878,-106.62651062,-154.786972046],[1616.93847656,1577.87573242,-57.3202896118,-197.860824585,5.12621974945,55.8166694641,22.3227481842,-72.4248962402,27.5502986908,-0.589426457882,51.5922927856,-17.5971164703,20.3781356812],[-1198.61486816,-57.3202896118,601.070129395,-72.394241333,123.036949158,-136.505569458,47.6837120056,-24.2231674194,56.3964118958,39.6375350952,60.9157142639,49.0863800049,41.8536109924],[426.185150146,-197.860824585,-72.394241333,406.818511963,-108.8565979,55.909122467,-65.9920730591,70.9410934448,-14.6057300568,21.1046237946,-19.4191741943,14.5799674988,-15.9481887817],[-526.69921875,5.12621974945,123.036949158,-108.8565979,216.930847168,3.47424507141,101.853538513,-11.0303316116,26.177362442,-5.10734128952,8.80612564087,-1.92909038067,23.3709125519],[343.215270996,55.8166694641,-136.505569458,55.909122467,3.47424507141,186.455108643,55.5693778992,57.1952705383,-16.6774196625,-13.4628763199,-29.1074943542,-13.2631731033,1.17226350307],[-220.860931396,22.3227481842,47.6837120056,-65.9920730591,101.853538513,55.5693778992,160.530288696,38.3933105469,27.9849853516,-8.00994682312,-6.68018245697,-11.1890583038,14.8049097061],[-16.7582969666,-72.4248962402,-24.2231674194,70.9410934448,-11.0303316116,57.1952705383,38.3933105469,133.597549438,30.7442722321,13.2112102509,-8.87860965729,20.9595623016,24.0335865021],[-125.886520386,27.5502986908,56.3964118958,-14.6057300568,26.177362442,-16.6774196625,27.9849853516,30.7442722321,86.692237854,37.8892707825,22.8933143616,16.5179481506,17.4296073914],[-74.7361679077,-0.589426457882,39.6375350952,21.1046237946,-5.10734128952,-13.4628763199,-8.00994682312,13.2112102509,37.8892707825,75.2302474976,41.3907546997,23.4730701447,8.02206611633],[-97.4012374878,51.5922927856,60.9157142639,-19.4191741943,8.80612564087,-29.1074943542,-6.68018245697,-8.87860965729,22.8933143616,41.3907546997,90.7155380249,45.1550979614,13.6810684204],[-106.62651062,-17.5971164703,49.0863800049,14.5799674988,-1.92909038067,-13.2631731033,-11.1890583038,20.9595623016,16.5179481506,23.4730701447,45.1550979614,83.4050979614,46.3402748108],[-154.786972046,20.3781356812,41.8536109924,-15.9481887817,23.3709125519,1.17226350307,14.8049097061,24.0335865021,17.4296073914,8.02206611633,13.6810684204,46.3402748108,81.341758728]],"icov":[[0.000216072163312,-0.000238482869463,0.000311322393827,-0.000228278440773,0.000237444153754,-0.0000575504054723,-0.000030811977922,0.00011659910524,-0.0000493350962643,0.0000939894380281,0.0000865624169819,-0.00015360150428,0.000243983173277],[-0.000238482869463,0.00103573023807,-0.000318342965329,0.00060485949507,0.0000462590578536,-0.000562087050639,0.000124946367578,0.000428452913184,-0.000526605697814,0.000188358186278,-0.000850036041811,0.000762257666793,-0.00078244775068],[0.000311322393827,-0.000318342965329,0.00304306088947,-0.000616989505943,-0.0007799299201,0.00197301921435,-0.00100340531208,0.000374560127966,-0.000284169072984,-0.000415119924583,-0.000249798671575,-0.000939064542763,-0.0000681309393258],[-0.000228278440773,0.00060485949507,-0.000616989505943,0.00401077885181,0.000765479751863,-0.0013518796768,0.0015930038644,-0.00172726227902,0.000482103525428,-0.00130435556639,0.000806787516922,-0.000664881721605,0.000806278607342],[0.000237444153754,0.0000462590578536,-0.0007799299201,0.000765479751863,0.00851611420512,-0.000833367521409,-0.00436021015048,0.00213561020792,-0.00119919481222,0.000839813321363,-0.000457583984826,0.000588480383158,-0.00136474124156],[-0.0000575504054723,-0.000562087050639,0.00197301921435,-0.0013518796768,-0.000833367521409,0.00996731128544,-0.00393417989835,-0.00295474054292,0.00334950862452,-0.00112716795411,0.00112125556916,-0.000131875509396,-0.000284092413494],[-0.000030811977922,0.000124946367578,-0.00100340531208,0.0015930038644,-0.00436021015048,-0.00393417989835,0.0127966897562,-0.00333238090388,-0.00264707044698,0.00198956998065,-0.000871687778272,0.00275711109862,-0.000349480193108],[0.00011659910524,0.000428452913184,0.000374560127966,-0.00172726227902,0.00213561020792,-0.00295474054292,-0.00333238090388,0.0132330870256,-0.00483494717628,-0.000356593722245,0.00232833437622,-0.00302573852241,-0.00188790494576],[-0.0000493350962643,-0.000526605697814,-0.000284169072984,0.000482103525428,-0.00119919481222,0.00334950862452,-0.00264707044698,-0.00483494717628,0.0194322671741,-0.00883697438985,0.000136318907607,0.000438125105575,-0.00107947399374],[0.0000939894380281,0.000188358186278,-0.000415119924583,-0.00130435556639,0.000839813321363,-0.00112716795411,0.00198956998065,-0.000356593722245,-0.00883697438985,0.0233289394528,-0.00921981222928,0.000859786523506,0.000261414214037],[0.0000865624169819,-0.000850036041811,-0.000249798671575,0.000806787516922,-0.000457583984826,0.00112125556916,-0.000871687778272,0.00232833437622,0.000136318907607,-0.00921981222928,0.0222800131887,-0.0126378182322,0.00458289775997],[-0.00015360150428,0.000762257666793,-0.000939064542763,-0.000664881721605,0.000588480383158,-0.000131875509396,0.00275711109862,-0.00302573852241,0.000438125105575,0.000859786523506,-0.0126378182322,0.0279820300639,-0.0138998376206],[0.000243983173277,-0.00078244775068,-0.0000681309393258,0.000806278607342,-0.00136474124156,-0.000284092413494,-0.000349480193108,-0.00188790494576,-0.00107947399374,0.000261414214037,0.00458289775997,-0.0138998376206,0.0215183068067]],"mean":[-691.766540527,167.650360107,-28.9105434418,24.9425258636,-16.6805801392,18.525270462,-4.23964262009,4.5173869133,0.400180459023,0.813949763775,0.141113996506,0.4690939188,-2.96851468086]},"pitch_salience":{"dmean":0.0718667134643,"dmean2":0.118184007704,"dvar":0.00399180036038,"dvar2":0.010248824954,"max":0.996069133282,"mean":0.620097219944,"median":0.630833685398,"min":0.160491973162,"var":0.0110217398033},"silence_rate_20dB":{"dmean":0,"dmean2":0,"dvar":0,"dvar2":0,"max":1,"mean":1,"median":1,"min":1,"var":0},"silence_rate_30dB":{"dmean":0.00256975041702,"dmean2":0.00514044426382,"dvar":0.00256318924949,"dvar2":0.00621572649106,"max":1,"mean":0.996329605579,"median":1,"min":0,"var":0.00365687534213},"silence_rate_60dB":{"dmean":0.0389133617282,"dmean2":0.07784101367,"dvar":0.0373965203762,"dvar2":0.0835371017456,"max":1,"mean":0.0992842689157,"median":0,"min":0,"var":0.0894263610244},"spectral_centroid":{"dmean":201.455535889,"dmean2":296.413665771,"dvar":111846.507812,"dvar2":190016.734375,"max":11791.8583984,"mean":1299.88232422,"median":941.628173828,"min":212.53503418,"var":2577809.5},"spectral_complexity":{"dmean":3.51101326942,"dmean2":4.79970645905,"dvar":13.9744129181,"dvar2":21.4359073639,"max":62,"mean":17.9185180664,"median":17,"min":0,"var":94.3856430054},"spectral_contrast_coeffs":{"dmean":[0.0544030666351,0.0470247082412,0.0389691703022,0.0290037114173,0.0181776490062,0.0547065921128],"dmean2":[0.0882183164358,0.078079469502,0.0640760883689,0.0469375737011,0.0292259007692,0.0855296105146],"dvar":[0.00197798316367,0.00145334319677,0.00100179610308,0.000532239326276,0.000233090424445,0.00220866221935],"dvar2":[0.00512391421944,0.00391736486927,0.00269530923106,0.00139370094985,0.000589211471379,0.0053015970625],"max":[-0.231907382607,-0.464188426733,-0.520404219627,-0.609908044338,-0.649551391602,-0.391034454107],"mean":[-0.667693912983,-0.774178028107,-0.784631848335,-0.798499464989,-0.829197525978,-0.70312923193],"median":[-0.669594049454,-0.778953909874,-0.79082095623,-0.800834357738,-0.829079866409,-0.705672383308],"min":[-0.981331706047,-0.986100196838,-0.996393680573,-0.984312415123,-0.988515615463,-0.96666675806],"var":[0.0104243466631,0.00462207524106,0.00424786750227,0.00257500563748,0.00135601335205,0.00891936384141]},"spectral_contrast_valleys":{"dmean":[0.453966081142,0.374981313944,0.33284085989,0.299754530191,0.284352213144,0.756534337997],"dmean2":[0.730082094669,0.593389213085,0.500092327595,0.41546356678,0.370496630669,1.22187292576],"dvar":[0.197150722146,0.130029708147,0.113355055451,0.0984710976481,0.106047399342,0.443405389786],"dvar2":[0.418097168207,0.253439962864,0.188134536147,0.142781317234,0.144841149449,1.10562872887],"max":[-5.48794460297,-4.45153903961,-4.93438720703,-5.54411506653,-5.21153783798,-9.4023809433],"mean":[-7.78158712387,-6.8970656395,-7.3209066391,-7.86241817474,-8.23288059235,-12.0170917511],"median":[-7.26205205917,-6.38792181015,-6.80077791214,-7.35237503052,-7.74904966354,-11.614066124],"min":[-28.2185211182,-28.0317173004,-27.8115100861,-27.6760787964,-27.5134449005,-27.4845619202],"var":[9.62561702728,10.3991498947,10.0065402985,9.58384418488,9.23025608063,6.38733577728]},"spectral_decrease":{"dmean":2.16533080355e-9,"dmean2":3.2454463561e-9,"dvar":8.78867820309e-18,"dvar2":1.97722768529e-17,"max":5.195594211e-28,"mean":-5.63451019175e-9,"median":-4.23714974218e-9,"min":-4.41300187504e-8,"var":2.61109850479e-17},"spectral_energy":{"dmean":0.00865670945495,"dmean2":0.0128746610135,"dvar":0.000136842325446,"dvar2":0.000304259796394,"max":0.173791140318,"mean":0.023021409288,"median":0.0173193458468,"min":9.95468973369e-21,"var":0.00042711084825},"spectral_energyband_high":{"dmean":0.000208090641536,"dmean2":0.000267199386144,"dvar":5.35596313966e-7,"dvar2":8.80905247413e-7,"max":0.0243701189756,"mean":0.000398937030695,"median":0.000113355614303,"min":7.05800420273e-21,"var":0.00000164881828368},"spectral_energyband_low":{"dmean":0.0034415028058,"dmean2":0.00568977277726,"dvar":0.0000401907709602,"dvar2":0.000103852333268,"max":0.0860636085272,"mean":0.00540076754987,"median":0.00327122421004,"min":1.76330480938e-23,"var":0.0000465213524876},"spectral_energyband_middle_high":{"dmean":0.00252583366819,"dmean2":0.00352312927134,"dvar":0.0000157255890372,"dvar2":0.0000318437487294,"max":0.091016896069,"mean":0.00654968619347,"median":0.00323492777534,"min":1.10903483322e-21,"var":0.0000679507065797},"spectral_energyband_middle_low":{"dmean":0.0051906267181,"dmean2":0.00779364909977,"dvar":0.0000686041603331,"dvar2":0.000158140712301,"max":0.153132691979,"mean":0.0113103752956,"median":0.00603716447949,"min":1.58688218949e-22,"var":0.00019527207769},"spectral_entropy":{"dmean":0.148112937808,"dmean2":0.226886689663,"dvar":0.0215550325811,"dvar2":0.048165243119,"max":9.82020187378,"mean":7.46672105789,"median":7.44419813156,"min":5.75607013702,"var":0.228220164776},"spectral_flux":{"dmean":0.0222485922277,"dmean2":0.034516390413,"dvar":0.000722441356629,"dvar2":0.00163787405472,"max":0.278971284628,"mean":0.080954156816,"median":0.0765664279461,"min":6.35468136445e-11,"var":0.0020949691534},"spectral_kurtosis":{"dmean":2.49220299721,"dmean2":3.97228002548,"dvar":9.88256835938,"dvar2":22.7808494568,"max":76.1110839844,"mean":12.0991191864,"median":11.3706607819,"min":-1.27840399742,"var":32.1558151245},"spectral_rms":{"dmean":0.000837442115881,"dmean2":0.00119431456551,"dvar":9.20721674902e-7,"dvar2":0.00000186552722425,"max":0.013021226041,"mean":0.00423904648051,"median":0.00411058682948,"min":3.11639082595e-12,"var":0.00000449032859251},"spectral_rolloff":{"dmean":309.94052124,"dmean2":498.514038086,"dvar":407322,"dvar2":738767.5625,"max":19832.0800781,"mean":1650.7043457,"median":1055.12695312,"min":21.533203125,"var":7815505},"spectral_skewness":{"dmean":0.241693973541,"dmean2":0.371138602495,"dvar":0.0685225352645,"dvar2":0.147297784686,"max":5.89890623093,"mean":2.22767472267,"median":2.23606324196,"min":-0.0778702944517,"var":0.423033833504},"spectral_spread":{"dmean":418406.6875,"dmean2":674797.8125,"dvar":492729630720,"dvar2":1021900685310,"max":42654660,"mean":3969300.25,"median":3068658.75,"min":1052832.375,"var":31833739755500},"spectral_strongpeak":{"dmean":0.551255583763,"dmean2":0.912496447563,"dvar":0.632243394852,"dvar2":1.55147111416,"max":9.33530712128,"mean":0.85966283083,"median":0.349785089493,"min":0,"var":1.33359384537},"zerocrossingrate":{"dmean":0.00967528205365,"dmean2":0.0115534495562,"dvar":0.000198374866159,"dvar2":0.000276421167655,"max":0.52392578125,"mean":0.0671149715781,"median":0.0517578125,"min":0.00244140625,"var":0.00537184858695}},"metadata":{"audio_properties":{"analysis_sample_rate":44100,"bit_rate":192000,"codec":"mp3","downmix":"mix","equal_loudness":0,"length":126.484901428,"lossless":false,"md5_encoded":"e3fbef4faf8ad2890b4b15fbe3886cda","replay_gain":-4.89330863953,"sample_rate":44100},"tags":{"album":["You Really Got Me"],"album artist credit":["The Kinks"],"albumartist":["The Kinks"],"albumartistsort":["Kinks, The"],"artist":["The Kinks"],"artist credit":["The Kinks"],"artistsort":["Kinks, The"],"asin":["B000008HCT"],"bpm":["0"],"catalognumber":["R2 70315"],"date":["1988-09-27"],"discnumber":["1/1"],"file_name":"13 - The Kinks - Stop Your Sobbing.mp3","genre":["Rock"],"label":["Rhino"],"language":["eng"],"media":["CD"],"musicbrainz album release country":["US"],"musicbrainz album status":["Official"],"musicbrainz album type":["album"],"musicbrainz_albumartistid":["17b53d9f-5c63-4a09-a593-dde4608e0db9"],"musicbrainz_albumid":["32b84448-0ef0-3a21-ab2e-8fc745a9aea3"],"musicbrainz_artistid":["17b53d9f-5c63-4a09-a593-dde4608e0db9"],"musicbrainz_recordingid":["bb1e105e-6d66-4b76-a45e-bd544e883e76"],"musicbrainz_releasegroupid":["874449ed-f27e-4e1b-923e-9f1aaef4cc06"],"originaldate":["1964-10-02"],"replaygain_album_gain":["0.00 dB"],"replaygain_album_peak":["0.000000"],"replaygain_track_gain":["0.00 dB"],"replaygain_track_peak":["0.000000"],"script":["Latn"],"title":["Stop Your Sobbing"],"tracknumber":["13/17"]},"version":{"essentia":"2.1-beta1","essentia_build_sha":"5a811adb4c06fd6d02ca903f7349a26d851abfa8","essentia_git_sha":"v2.1_beta1-34-gf95df8b","extractor":"music 1.0"}},"rhythm":{"beats_count":255,"beats_loudness":{"dmean":0.0198756977916,"dmean2":0.0356223508716,"dvar":0.000245736766374,"dvar2":0.000649081193842,"max":0.153881773353,"mean":0.0387929566205,"median":0.0371598638594,"min":0,"var":0.000444845063612},"beats_loudness_band_ratio":{"dmean":[0.23823115