{"lowlevel":{"average_loudness":0.802564740181,"barkbands":{"dmean":[0.0000290256539301,0.00137535273097,0.00160550780129,0.000710982072633,0.00127805629745,0.000497174100019,0.000353330833605,0.000601107778493,0.00051609770162,0.000502524606418,0.000400173827074,0.000380432436941,0.000292986020213,0.000400280521717,0.000568345421925,0.000321588391671,0.000308780814521,0.000149092244101,0.000229778030189,0.0001922929805,0.00010723410378,0.000069308145612,0.0000394790149585,0.0000261154891632,0.0000222944127017,0.00000908602032723,0.00000163819083809],"dmean2":[0.0000503811388626,0.00208598747849,0.00246212282218,0.00120404316112,0.00209318543784,0.000789803627413,0.000565383234061,0.000973099318799,0.000795533822384,0.000757125380915,0.000623096886557,0.000589070201386,0.000452668289654,0.000621930637863,0.000875159050338,0.000500416208524,0.000473392399726,0.000229799014051,0.00034407057683,0.000278940016869,0.000161038798979,0.000100312863651,0.0000560129628866,0.0000364020015695,0.0000308302733174,0.0000125125989143,0.00000229807687901],"dvar":[1.89981341769e-9,0.00000480152812088,0.00000563661524211,0.00000211611472878,0.00000524479673913,6.39369659439e-7,3.86986897638e-7,0.00000260236743088,0.00000140720317177,0.00000140162683238,6.35539038285e-7,4.30308801924e-7,3.37542843454e-7,5.59867601169e-7,9.41926430187e-7,3.74134600634e-7,3.12916455414e-7,6.31297325526e-8,2.09740676382e-7,1.39659164233e-7,4.7621810495e-8,1.72270766541e-8,1.51910057866e-8,5.75202641073e-9,4.69927874391e-9,8.80294726002e-10,1.8885915401e-11],"dvar2":[5.06714226134e-9,0.0000109537304525,0.0000126020077005,0.00000548081743545,0.0000134273150252,0.00000167129110196,9.36012099828e-7,0.00000654507812214,0.00000308636776936,0.00000302117996398,0.00000144256080148,0.00000101886223547,7.81223718604e-7,0.00000126339875806,0.00000210894836528,8.95485015917e-7,7.15129033324e-7,1.45077876823e-7,4.36317634467e-7,2.69988845503e-7,1.04662767342e-7,3.44855095591e-8,2.76153500067e-8,1.09182369812e-8,8.23114199022e-9,1.78961112596e-9,4.28721190493e-11],"max":[0.000592822674662,0.0261892639101,0.0295744612813,0.0238441750407,0.0284730270505,0.0163726378232,0.0151685839519,0.038621596992,0.0337533429265,0.0438256412745,0.0201295465231,0.0140460748225,0.0186407957226,0.0165545195341,0.024143896997,0.0210520159453,0.0155437570065,0.00638276105747,0.0179343856871,0.011238342151,0.00513434875757,0.0048373057507,0.00549043808132,0.00305913877673,0.00300934212282,0.00170294404961,0.000127489984152],"mean":[0.000030067822081,0.00208377907984,0.00272901938297,0.00100805656984,0.0019397699507,0.000933506002184,0.000558978237677,0.000870269781444,0.000954369490501,0.000954508257564,0.000691827968694,0.000732367334422,0.000615141470917,0.000776082626544,0.00117119040806,0.00066364032682,0.000651715497952,0.000305622175802,0.00048596173292,0.000406677747378,0.000225211726502,0.000156021211296,0.0000872437449289,0.0000602171094215,0.0000485076780024,0.0000188762605831,0.00000317654939863],"median":[0.0000149018906086,0.000983452424407,0.0012151603587,0.000270905904472,0.00115933571942,0.000553276448045,0.000303065986373,0.000268640957074,0.000358191842679,0.000375290546799,0.000261205917923,0.000311518844683,0.000215846375795,0.00030478584813,0.000502955575939,0.000247051910264,0.000218419241719,0.000133248599013,0.000163376957062,0.000143530764035,0.000073592615081,0.0000486664866912,0.0000294609617413,0.0000267325631285,0.0000199202331714,0.00000693323045198,0.00000103403726825],"min":[1.09322871066e-25,3.73403562397e-24,9.39245108065e-25,5.76781715221e-25,8.05299819853e-24,5.29989336083e-24,8.70287522288e-24,9.24952427577e-24,1.36990271585e-23,1.16591511867e-23,1.42415741347e-23,1.23263784178e-23,2.61549452144e-23,3.90836213e-23,4.87818488698e-23,5.88988290516e-23,6.86368814753e-23,8.3413653558e-23,1.18633522497e-22,1.8517911478e-22,2.30004677904e-22,3.24509583261e-22,4.1359068493e-22,5.6672065305e-22,8.93488650418e-22,1.29720630567e-21,1.89702241262e-21],"var":[1.9286208186e-9,0.0000082609230958,0.0000141767195601,0.00000455455437987,0.00000643782186671,0.00000147338516854,7.47169622173e-7,0.00000509061874254,0.00000507965341967,0.00000366020890397,0.00000146602076256,0.00000124959569803,0.00000171680983385,0.00000182846156349,0.00000322238861372,0.000001100438908,0.00000113391445211,2.04175805152e-7,7.58348164709e-7,5.43057694813e-7,1.2075319944e-7,6.03312244607e-8,4.44694769897e-8,1.63697215783e-8,1.46460585881e-8,2.42416420271e-9,3.87252799272e-11]},"barkbands_crest":{"dmean":2.02899456024,"dmean2":3.26626873016,"dvar":3.44766831398,"dvar2":8.59743499756,"max":26.7163848877,"mean":8.08455085754,"median":7.52710962296,"min":2.41636681557,"var":10.7047166824},"barkbands_flatness_db":{"dmean":0.0186736788601,"dmean2":0.0280134342611,"dvar":0.000376750540454,"dvar2":0.000795442145318,"max":0.387955963612,"mean":0.1144932881,"median":0.0996162518859,"min":0.0238593704998,"var":0.00320100062527},"barkbands_kurtosis":{"dmean":2.84940338135,"dmean2":4.50141620636,"dvar":55.0391845703,"dvar2":127.995597839,"max":264.797271729,"mean":6.56192350388,"median":0.165928125381,"min":-1.89470088482,"var":613.54864502},"barkbands_skewness":{"dmean":0.494853377342,"dmean2":0.755218982697,"dvar":0.355162531137,"dvar2":0.740925908089,"max":12.1456136703,"mean":1.2480969429,"median":0.776678442955,"min":-2.85891366005,"var":3.34034085274},"barkbands_spread":{"dmean":5.13720273972,"dmean2":7.85175657272,"dvar":33.8843765259,"dvar2":75.7185897827,"max":100.075622559,"mean":24.3126449585,"median":23.7817153931,"min":0.650757849216,"var":155.680847168},"dissonance":{"dmean":0.0144313601777,"dmean2":0.0235356427729,"dvar":0.000212839528103,"dvar2":0.000536426145118,"max":0.499917000532,"mean":0.468276321888,"median":0.474945187569,"min":0.279706895351,"var":0.000628446345218},"dynamic_complexity":4.36708641052,"erbbands":{"dmean":[0.0214246548712,0.388055056334,1.81360816956,2.04322195053,2.97569561005,5.0044708252,4.41268110275,3.83084154129,5.24731779099,7.22505950928,12.4541740417,12.9422607422,14.875377655,16.2735500336,12.407207489,17.491104126,12.7881774902,16.0886821747,23.5217876434,24.5834922791,16.2354373932,15.8014221191,8.49824905396,8.58518600464,12.5749263763,8.91059970856,4.70481300354,4.22295093536,2.75648832321,1.63195824623,1.08636891842,0.626230359077,0.431381434202,0.28112629056,0.149498701096,0.0549520254135,0.013781260699,0.00249314587563,0.000301138439681,0.0000181659688678],"dmean2":[0.0321714282036,0.592617094517,2.74927711487,3.40025401115,4.91109657288,8.40003871918,7.21106624603,6.09318161011,8.18344593048,11.6817598343,19.6708450317,20.0261173248,22.0787029266,24.8476352692,19.0892086029,26.9927902222,19.6712436676,24.3017749786,36.4990577698,37.5346755981,24.7639846802,24.265329361,12.9435071945,12.7815551758,18.4266681671,13.0230321884,7.02721738815,6.31505632401,4.01425075531,2.33728885651,1.54689288139,0.870207309723,0.60830104351,0.395032405853,0.20877237618,0.0766371935606,0.0189373940229,0.00345135992393,0.000424595404183,0.0000240136760112],"dvar":[0.00153834058437,0.384989231825,7.29606533051,15.6221666336,21.3356895447,107.909637451,55.5984268188,47.1558113098,76.1684494019,307.897247314,1023.2052002,847.190490723,1176.20898438,1435.13720703,581.136047363,949.203552246,591.631958008,956.50579834,1587.31921387,1861.04931641,864.637939453,949.572937012,203.533538818,261.501983643,675.293945313,266.89630127,86.037727356,69.4725265503,25.5094165802,17.755361557,12.738038063,3.81476569176,1.60823738575,0.753898143768,0.231745153666,0.0352144427598,0.00196942593902,0.000044396139856,5.98741394242e-7,1.21391086072e-9],"dvar2":[0.00349614070728,0.877071142197,15.523147583,40.6532669067,54.5440864563,283.973999023,148.598526001,120.712303162,182.773132324,737.961242676,2488.56542969,1920.93139648,2514.29077148,2872.38891602,1298.0279541,2276.73583984,1391.953125,1914.04760742,3819.73901367,4052.93774414,2010.24462891,2233.21655273,450.875854492,560.083129883,1321.94885254,515.462463379,188.241516113,155.370040894,51.8692817688,30.9941043854,23.5998458862,6.91440963745,3.13668608665,1.39441382885,0.433805048466,0.0739547535777,0.00368437194265,0.0000908467918634,0.00000135871800921,2.46804932047e-9],"max":[0.438903659582,7.38531064987,27.8488121033,81.0191574097,58.4742050171,133.183731079,165.436386108,200.715316772,238.107254028,376.676483154,872.074890137,1052.52990723,948.444702148,2014.13098145,817.027832031,642.561767578,903.983703613,960.767333984,1002.88574219,1286.66601563,792.006469727,1098.38989258,328.802703857,488.811157227,1127.8359375,674.010253906,243.370452881,166.102050781,128.505142212,196.352157593,171.874633789,97.7916183472,51.6009063721,44.0970916748,22.3288803101,10.6738014221,2.27972126007,0.27520519495,0.0197067242116,0.00126595655456],"mean":[0.0281952321529,0.595934808254,3.03139185905,3.49793982506,4.47177314758,6.70744609833,7.32358169556,7.11353683472,8.95149993896,10.4545459747,19.830789566,24.2311439514,30.6106758118,30.1589870453,24.4583072662,34.4398155212,29.3416233063,35.6730690002,51.57264328,54.7134780884,38.1648864746,34.414264679,19.1628131866,18.9373378754,26.7157745361,19.584985733,10.1860742569,8.80833435059,6.11983442307,3.5793838501,2.3759367466,1.40089094639,0.97484010458,0.604897558689,0.307006090879,0.112675987184,0.0283855702728,0.00487968698144,0.000584948633332,0.0000514506318723],"median":[0.0104855764657,0.288960188627,1.3597433567,1.20110440254,2.51449608803,3.12908649445,4.03946113586,3.81167459488,4.59456682205,4.49538230896,7.28336048126,10.3790369034,12.6220941544,13.6462202072,11.3521709442,14.9555149078,12.417804718,16.6828556061,24.4932193756,25.0712623596,15.7608327866,12.1211547852,8.57166481018,7.96478843689,8.61597061157,6.87446260452,3.59724283218,2.74580287933,1.88433504105,1.2235981226,0.809884548187,0.553842663765,0.443720817566,0.260421782732,0.119746364653,0.0428598970175,0.0101136006415,0.00165760749951,0.000199779242394,0.0000334802789439],"min":[7.71223426884e-23,3.70825033267e-22,1.08695218048e-21,3.35767272089e-21,1.47932269891e-20,2.12734196845e-20,5.16417160535e-20,7.1548512197e-20,1.11999699178e-19,8.96368131562e-20,2.59262831652e-19,3.30452631806e-19,3.87515143526e-19,5.33052143932e-19,5.70375050158e-19,8.02893710889e-19,1.75008546072e-18,1.70550993828e-18,2.00826610749e-18,2.66478591799e-18,3.67912813825e-18,4.42373503256e-18,4.80946879094e-18,5.37579013911e-18,6.55538277984e-18,8.91477857875e-18,7.96771385284e-18,1.04046896806e-17,1.15347490919e-17,1.14787117413e-17,1.138951272e-17,9.76265194151e-18,9.95312764834e-18,7.43338660999e-18,6.38024341515e-18,3.90356085e-18,2.43250615736e-18,9.2090038275e-19,2.10508909745e-19,2.78303204571e-20],"var":[0.0021432954818,0.662541866302,15.6630020142,41.8051605225,31.3682975769,115.512626648,90.0374069214,120.974250793,192.045211792,517.611999512,2334.97363281,2880.80151367,4000.68212891,3445.56640625,1712.77392578,2766.1953125,3294.84008789,4048.48876953,5595.19287109,6575.53320313,3398.50512695,3384.40649414,759.002624512,903.086303711,2432.13061523,1320.51208496,230.239807129,186.830551147,88.9273223877,56.9999809265,34.716709137,10.5877637863,4.65200376511,2.35729002953,0.601297020912,0.0852456018329,0.00633466802537,0.000123158824863,0.00000122390792967,4.03405309157e-9]},"erbbands_crest":{"dmean":2.16486024857,"dmean2":3.41126346588,"dvar":4.37505149841,"dvar2":9.96324253082,"max":30.3416862488,"mean":8.51405620575,"median":7.43504905701,"min":2.43349432945,"var":15.9212465286},"erbbands_flatness_db":{"dmean":0.0151343373582,"dmean2":0.0212288275361,"dvar":0.000238803768298,"dvar2":0.00042083041626,"max":0.303147256374,"mean":0.150278225541,"median":0.146880030632,"min":0.0314242579043,"var":0.00148450548295},"erbbands_kurtosis":{"dmean":0.809842288494,"dmean2":1.25704920292,"dvar":1.35401272774,"dvar2":2.79029679298,"max":35.6786460876,"mean":0.885033667088,"median":0.357450544834,"min":-1.74782621861,"var":4.72169733047},"erbbands_skewness":{"dmean":0.305229693651,"dmean2":0.464308828115,"dvar":0.0954874157906,"dvar2":0.199491024017,"max":5.13576364517,"mean":0.0629304721951,"median":-0.000816080486402,"min":-4.42147493362,"var":0.717170238495},"erbbands_spread":{"dmean":6.09011936188,"dmean2":9.26161003113,"dvar":42.9017715454,"dvar2":95.3350143433,"max":151.171813965,"mean":32.0643577576,"median":29.6218605042,"min":4.05199623108,"var":189.43637085},"gfcc":{"cov":[[27384.8085938,68.6282806396,-4053.16943359,135.093978882,-1231.07324219,336.098327637,-951.723937988,67.6842727661,-512.41192627,92.0524139404,-230.525177002,151.426101685,-50.169506073],[68.6282806396,925.994812012,35.4039382935,-105.817306519,124.459846497,-25.600484848,38.2850074768,-20.0839252472,8.13583564758,-38.5983848572,3.26739883423,-55.7613143921,45.0207824707],[-4053.16943359,35.4039382935,1553.74584961,-29.3991374969,99.3395843506,88.378616333,70.0106506348,149.064376831,114.327529907,15.4197216034,14.0304031372,-10.6599826813,-65.9699249268],[135.093978882,-105.817306519,-29.3991374969,338.332489014,58.0156974792,-44.7369880676,26.1084156036,-13.121922493,16.2154541016,-6.3448600769,-22.1302852631,-9.62191104889,-14.5439176559],[-1231.07324219,124.459846497,99.3395843506,58.0156974792,246.80847168,-6.09518766403,85.4490890503,-21.126033783,28.640171051,-4.64305210114,3.65711545944,-15.1003952026,14.2083444595],[336.098327637,-25.600484848,88.378616333,-44.7369880676,-6.09518766403,155.683135986,10.2303800583,27.4008045197,-3.97319149971,7.21311092377,-1.61726462841,5.96140432358,-12.8749427795],[-951.723937988,38.2850074768,70.0106506348,26.1084156036,85.4490890503,10.2303800583,169.732788086,-1.70445883274,4.49819898605,-3.97024059296,11.109164238,-23.3392372131,-4.90212249756],[67.6842727661,-20.0839252472,149.064376831,-13.121922493,-21.126033783,27.4008045197,-1.70445883274,114.700302124,35.0143241882,13.02846241,2.36002206802,0.0947805792093,-19.4050598145],[-512.41192627,8.13583564758,114.327529907,16.2154541016,28.640171051,-3.97319149971,4.49819898605,35.0143241882,102.116508484,27.4793300629,-2.70293164253,3.49184656143,7.10878610611],[92.0524139404,-38.5983848572,15.4197216034,-6.3448600769,-4.64305210114,7.21311092377,-3.97024059296,13.02846241,27.4793300629,63.1492919922,22.2150974274,2.40716648102,-4.00112104416],[-230.525177002,3.26739883423,14.0304031372,-22.1302852631,3.65711545944,-1.61726462841,11.109164238,2.36002206802,-2.70293164253,22.2150974274,68.49974823,17.6392784119,-4.55553483963],[151.426101685,-55.7613143921,-10.6599826813,-9.62191104889,-15.1003952026,5.96140432358,-23.3392372131,0.0947805792093,3.49184656143,2.40716648102,17.6392784119,69.5880813599,26.7629489899],[-50.169506073,45.0207824707,-65.9699249268,-14.5439176559,14.2083444595,-12.8749427795,-4.90212249756,-19.4050598145,7.10878610611,-4.00112104416,-4.55553483963,26.7629489899,69.7015533447]],"icov":[[0.000224296061788,-0.0003812793002,0.000588798138779,-0.00043073942652,0.00062497833278,-0.000711801054422,0.000667933607474,-0.000771169841755,0.000902929343283,-0.00110242655501,0.00104873382952,-0.000883930944838,0.000701081997249],[-0.0003812793002,0.00210903724656,-0.00101980054751,0.00127248850185,-0.0017430302687,0.00132971419953,-0.000894466706086,0.00123754353262,-0.00181614700705,0.00305867707357,-0.00264366832562,0.00338814454153,-0.00256671803072],[0.000588798138779,-0.00101980054751,0.00239817099646,-0.000990335247479,0.0012933324324,-0.00214598490857,0.00159629283007,-0.00278299162164,0.00159292307217,-0.00251038116403,0.00264917314053,-0.00255623157136,0.00267115863971],[-0.00043073942652,0.00127248850185,-0.000990335247479,0.00449339905754,-0.00225954293273,0.00247172359377,-0.00161897100043,0.00169513653964,-0.00236241426319,0.00242253462784,-0.000722942408174,0.00142433459405,-0.0000705818456481],[0.00062497833278,-0.0017430302687,0.0012933324324,-0.00225954293273,0.00779364537448,-0.00226514576934,-0.000576736580115,-0.00052655331092,0.000919488840736,-0.00270378496498,0.00232528825291,-0.00203526252881,0.000818494881969],[-0.000711801054422,0.00132971419953,-0.00214598490857,0.00247172359377,-0.00226514576934,0.0097878659144,-0.00293772970326,0.00104180164635,-0.00143083394505,0.00197818758897,-0.00142142374534,0.000956739590038,-0.000734189758077],[0.000667933607474,-0.000894466706086,0.00159629283007,-0.00161897100043,-0.000576736580115,-0.00293772970326,0.00982640031725,-0.00250959489495,0.00282508623786,-0.00202778214589,0.000592025229707,0.00059050071286,0.00120629288722],[-0.000771169841755,0.00123754353262,-0.00278299162164,0.00169513653964,-0.00052655331092,0.00104180164635,-0.00250959489495,0.0146812750027,-0.00704663340002,0.0036663687788,-0.00365607137792,0.00243943673559,0.00032940111123],[0.000902929343283,-0.00181614700705,0.00159292307217,-0.00236241426319,0.000919488840736,-0.00143083394505,0.00282508623786,-0.00704663340002,0.0185186006129,-0.0116863716394,0.00752366846427,-0.00481022102758,0.000401986326324],[-0.00110242655501,0.00305867707357,-0.00251038116403,0.00242253462784,-0.00270378496498,0.00197818758897,-0.00202778214589,0.0036663687788,-0.0116863716394,0.0283693633974,-0.0141908349469,0.00812749564648,-0.00407272344455],[0.00104873382952,-0.00264366832562,0.00264917314053,-0.000722942408174,0.00232528825291,-0.00142142374534,0.000592025229707,-0.00365607137792,0.00752366846427,-0.0141908349469,0.0261222235858,-0.0129241663963,0.00819391477853],[-0.000883930944838,0.00338814454153,-0.00255623157136,0.00142433459405,-0.00203526252881,0.000956739590038,0.00059050071286,0.00243943673559,-0.00481022102758,0.00812749564648,-0.0129241663963,0.0270739998668,-0.0139175830409],[0.000701081997249,-0.00256671803072,0.00267115863971,-0.0000705818456481,0.000818494881969,-0.000734189758077,0.00120629288722,0.00032940111123,0.000401986326324,-0.00407272344455,0.00819391477853,-0.0139175830409,0.0245014857501]],"mean":[-29.6644706726,84.1501541138,-119.344062805,27.9611759186,-46.6422805786,14.6379308701,-33.7802085876,6.23822450638,-24.3856525421,1.14101731777,-21.1676063538,-5.18210124969,-9.22460460663]},"hfc":{"dmean":4.89631700516,"dmean2":6.32701444626,"dvar":43.8281784058,"dvar2":75.1325149536,"max":123.10433197,"mean":20.5413894653,"median":14.439956665,"min":1.09136807122e-16,"var":384.184997559},"melbands":{"dmean":[0.000271986296866,0.000799768196885,0.000343834195519,0.000302632950479,0.000161390489666,0.000090205889137,0.0000770134138293,0.0000932733892114,0.0000935064599616,0.0000851518198033,0.0000752374762669,0.0000665560655762,0.0000472959545732,0.0000401408724429,0.0000374506016669,0.0000306858673866,0.0000338917816407,0.000038986425352,0.0000460884621134,0.0000258546533587,0.0000197386143554,0.0000194169642782,0.0000107199412014,0.00000743403188608,0.00000748653383198,0.0000103478323581,0.00000885068584466,0.00000609480503044,0.00000328863575305,0.0000025632557481,0.00000261730065176,0.00000179840299097,0.00000120469815101,8.67572566676e-7,6.81149856518e-7,5.49075593881e-7,3.6569130657e-7,3.4097845969e-7,2.67395790843e-7,2.44057531518e-7],"dmean2":[0.000414446927607,0.00120598368812,0.000568331161048,0.000497968576383,0.000267041934421,0.000142279779539,0.000120246346341,0.000152357228217,0.000146306294482,0.00013181201939,0.00011187022028,0.000101599696791,0.0000732427870389,0.0000617918994976,0.0000577605314902,0.00004725049439,0.0000519102832186,0.0000609046364843,0.0000703115729266,0.0000404107813665,0.0000302029475279,0.0000300560859614,0.0000163468248502,0.0000114801796371,0.0000113309342851,0.0000156792975758,0.0000131399619931,0.00000911399729375,0.00000500930536873,0.00000393488835471,0.00000397456778956,0.00000270090390586,0.00000179706489689,0.00000127683665596,9.89339355328e-7,7.99909571469e-7,5.22925006408e-7,4.95632264119e-7,3.85588009522e-7,3.51038693225e-7],"dvar":[1.95885490939e-7,0.00000141709165291,3.49346066741e-7,3.25902476561e-7,7.98299168991e-8,2.30573764526e-8,1.59445132653e-8,6.05104091278e-8,5.05693584785e-8,3.78638560505e-8,3.03169329641e-8,2.55532413007e-8,7.66747998426e-9,4.74128158956e-9,4.32759517111e-9,3.77537334728e-9,4.34143254679e-9,4.69920768964e-9,7.7447710467e-9,2.39243980182e-9,1.22720644757e-9,1.60396951276e-9,5.26342192053e-10,1.6512154144e-10,2.2454574311e-10,4.0803543877e-10,4.46458786607e-10,1.36284386554e-10,3.84938886322e-11,2.92518613498e-11,2.87657953013e-11,1.11594709168e-11,8.23468550293e-12,5.89723669203e-12,4.74836923253e-12,3.40601852278e-12,1.1748505814e-12,9.90926199602e-13,6.43289566581e-13,5.79572793837e-13],"dvar2":[4.48055317293e-7,0.00000303689034808,9.11429935968e-7,8.21377682314e-7,2.1573113429e-7,5.88511142041e-8,3.82346811989e-8,1.48822877577e-7,1.17920478715e-7,8.59806874587e-8,6.50641140965e-8,5.14220985792e-8,1.72812253396e-8,1.10014530819e-8,9.96167859313e-9,8.24453838533e-9,9.13051234619e-9,1.12597540181e-8,1.62395057401e-8,5.74429614986e-9,2.77125189463e-9,3.83068909926e-9,1.08050846048e-9,3.86091908444e-10,4.82425321913e-10,8.69011917981e-10,8.52211023972e-10,2.64199800926e-10,8.43969130693e-11,6.78029229984e-11,6.60798082919e-11,2.41890205782e-11,1.71779795249e-11,1.04086626471e-11,9.08567578811e-12,6.49899188285e-12,2.2712370179e-12,2.06078188368e-12,1.28839311182e-12,1.11205771154e-12],"max":[0.00488728331402,0.0126169919968,0.0119668859988,0.0068766460754,0.00511495582759,0.00396632775664,0.00356715312228,0.00525324745104,0.0059796301648,0.00644353497773,0.00481530511752,0.00849210936576,0.00245794747025,0.00191167846788,0.00196619541384,0.00241853948683,0.00188642332796,0.00136288185604,0.00248929462396,0.00173613475636,0.000880951294675,0.00127235928085,0.00078244152246,0.000252606841968,0.000467086327262,0.00065157719655,0.000810306810308,0.000583077431656,0.000168514437973,0.000152269465616,0.000110165667138,0.0000715120841051,0.000127872946905,0.00010933206795,0.000116463947052,0.000086852160166,0.0000516662039445,0.0000396146497224,0.0000365850100934,0.0000384052145819],"mean":[0.00040008086944,0.0013450490078,0.000622822961304,0.000416541006416,0.000265739043243,0.000170398619957,0.000131914042868,0.000130332904519,0.000150992316776,0.000156217705808,0.000150029110955,0.000118898176879,0.0000862687811605,0.0000777259920142,0.000076836469816,0.0000622353036306,0.0000679562435835,0.0000772350103944,0.000093752038083,0.0000539294851478,0.000042566240154,0.0000387558211514,0.0000223657189053,0.0000141965765579,0.0000147145847222,0.0000205333963095,0.0000168745664268,0.0000123076270029,0.0000064848245529,0.00000500198530062,0.00000507913819092,0.00000370864654542,0.00000241756174546,0.00000179188828042,0.00000140685312999,0.00000108078427274,7.79053834776e-7,7.17586317478e-7,5.64136939829e-7,4.91892592436e-7],"median":[0.000189942104043,0.00065398728475,0.000288895244012,0.000234820181504,0.000148570441524,0.000094414819614,0.0000692583125783,0.0000477501671412,0.0000556409868295,0.0000611397990724,0.0000576143866056,0.0000507050572196,0.0000369659537682,0.0000330861403199,0.0000306764195557,0.0000235791703744,0.0000275379206869,0.0000332247873303,0.0000377326905436,0.0000225904695981,0.0000157452705025,0.000012408369912,0.00000817288673716,0.00000632759747532,0.00000580708046982,0.00000628062980468,0.00000541354165762,0.00000418318995798,0.00000212541817746,0.00000169600957634,0.00000142772273648,0.0000010926221421,7.57055488521e-7,5.91799221183e-7,4.62502725895e-7,3.53899338279e-7,3.16123532684e-7,3.22411779052e-7,2.44958130224e-7,2.02055417731e-7],"min":[1.13780406031e-24,5.42043140575e-25,1.27407396384e-24,9.16400189288e-25,1.93171190039e-24,1.82198963152e-24,1.64677918712e-24,1.10333379698e-24,2.09403147012e-24,2.0592336323e-24,1.97988112777e-24,1.49703011592e-24,1.98836355187e-24,1.83399944715e-24,2.85482135168e-24,2.42126182045e-24,2.99019126352e-24,2.25671174651e-24,2.33749662523e-24,3.77062890921e-24,4.27934716319e-24,3.64498861056e-24,3.40377663942e-24,4.1301254455e-24,3.8882677917e-24,5.05217013178e-24,4.46315372626e-24,5.44730227616e-24,4.23011198751e-24,4.31772406294e-24,5.41530883886e-24,5.17077852432e-24,5.45699185466e-24,6.36516166091e-24,6.13347084646e-24,6.35704664878e-24,4.87797110567e-24,6.46920768114e-24,5.8536906768e-24,5.75817737055e-24],"var":[3.143028664e-7,0.00000293030575449,9.27028622755e-7,3.66178653621e-7,1.20939844805e-7,6.14447799308e-8,3.92078298717e-8,1.01076579995e-7,1.24613492858e-7,1.34262450047e-7,1.00833894123e-7,6.02452843168e-8,2.05682031407e-8,1.50228309792e-8,1.70713594372e-8,1.8956368919e-8,1.69384257731e-8,1.46027909764e-8,2.49322908985e-8,6.63096599851e-9,4.92807217256e-9,4.86227946794e-9,2.01394345645e-9,4.34653285586e-10,6.68194610753e-10,1.46648515553e-9,1.33636957056e-9,6.76862621507e-10,1.01863101287e-10,6.28396640279e-11,6.87418177936e-11,3.39191695564e-11,2.18824836723e-11,1.77310562066e-11,1.2747801946e-11,8.20020180231e-12,3.11440435073e-12,2.58188761169e-12,1.8292459561e-12,1.70330546542e-12]},"melbands_crest":{"dmean":3.54113435745,"dmean2":5.63347625732,"dvar":11.1248579025,"dvar2":25.0249614716,"max":39.7323951721,"mean":14.4640369415,"median":13.4693851471,"min":1.50958633423,"var":43.0000915527},"melbands_flatness_db":{"dmean":0.0249716620892,"dmean2":0.0374529324472,"dvar":0.000710329797585,"dvar2":0.00143946474418,"max":0.521645605564,"mean":0.179418593645,"median":0.158854365349,"min":0.0030885739252,"var":0.00704425107688},"melbands_kurtosis":{"dmean":6.5238442421,"dmean2":10.0504217148,"dvar":273.84197998,"dvar2":572.192749023,"max":582.914123535,"mean":17.297908783,"median":2.80606412888,"min":-1.90215814114,"var":3020.15673828},"melbands_skewness":{"dmean":0.666393816471,"dmean2":1.01106953621,"dvar":0.632123589516,"dvar2":1.3420072794,"max":17.2069797516,"mean":2.27774691582,"median":1.68861699104,"min":-1.39294838905,"var":4.78260803223},"melbands_spread":{"dmean":7.91062688828,"dmean2":12.1459798813,"dvar":101.777519226,"dvar2":211.770614624,"max":255.648330688,"mean":32.1057128906,"median":29.7021579742,"min":0.373537778854,"var":524.819458008},"mfcc":{"cov":[[15329.0761719,-332.006225586,-2052.48706055,-139.314849854,-653.871643066,-170.593994141,-325.443756104,-234.893829346,-207.951538086,-104.959007263,-244.735565186,-178.962493896,7.1126999855],[-332.006225586,1108.16967773,125.048873901,-74.3434295654,102.010704041,-10.0917949677,73.8808364868,-4.69474220276,50.4053688049,14.1356906891,16.8354358673,-19.9702968597,-24.1835441589],[-2052.48706055,125.048873901,1026.57080078,-49.8410415649,195.385665894,-16.4451446533,15.9592256546,93.6262588501,49.3207511902,54.6116523743,93.5722579956,60.3194541931,13.7063426971],[-139.314849854,-74.3434295654,-49.8410415649,304.166290283,54.0375518799,35.67918396,1.34724879265,12.6348743439,21.4196472168,4.57139205933,-12.4171962738,1.87680327892,17.647102356],[-653.871643066,102.010704041,195.385665894,54.0375518799,189.173614502,29.6241168976,1.61237692833,28.8765735626,39.2431297302,16.5926609039,14.1389522552,21.4545879364,18.1302623749],[-170.593994141,-10.0917949677,-16.4451446533,35.67918396,29.6241168976,138.969070435,45.8429412842,11.6708116531,17.7469902039,0.60043078661,-7.31818962097,5.71834135056,3.61754918098],[-325.443756104,73.8808364868,15.9592256546,1.34724879265,1.61237692833,45.8429412842,139.906158447,33.6228065491,-14.1425600052,20.7313976288,20.5319709778,-15.7203903198,-2.22425246239],[-234.893829346,-4.69474220276,93.6262588501,12.6348743439,28.8765735626,11.6708116531,33.6228065491,85.6217727661,27.8886165619,4.87728834152,13.9779853821,7.83380031586,7.98645544052],[-207.951538086,50.4053688049,49.3207511902,21.4196472168,39.2431297302,17.7469902039,-14.1425600052,27.8886165619,102.039161682,14.6163740158,-5.54729223251,20.6109962463,4.28878164291],[-104.959007263,14.1356906891,54.6116523743,4.57139205933,16.5926609039,0.60043078661,20.7313976288,4.87728834152,14.6163740158,93.3414459229,38.7987976074,-8.98336029053,1.89432859421],[-244.735565186,16.8354358673,93.5722579956,-12.4171962738,14.1389522552,-7.31818962097,20.5319709778,13.9779853821,-5.54729223251,38.7987976074,78.7638702393,20.6285915375,-3.55931305885],[-178.962493896,-19.9702968597,60.3194541931,1.87680327892,21.4545879364,5.71834135056,-15.7203903198,7.83380031586,20.6109962463,-8.98336029053,20.6285915375,75.1946029663,23.0636844635],[7.1126999855,-24.1835441589,13.7063426971,17.647102356,18.1302623749,3.61754918098,-2.22425246239,7.98645544052,4.28878164291,1.89432859421,-3.55931305885,23.0636844635,59.5928001404]],"icov":[[0.000104027283669,-0.0000313186719723,0.000177042908035,0.0000446173762612,0.000176660891157,-0.0000052029527069,0.000302322878269,-0.000147876970004,0.000159044371685,-0.000124692014651,0.0000862220840645,0.0000844232781674,-0.000136392991408],[-0.0000313186719723,0.0011492423946,-0.0000616155157331,0.000348508619936,-0.000866591872182,0.000515947584063,-0.00113916944247,0.000955936731771,-0.00105037307367,0.000501466274727,-0.000319095153827,0.000486531935167,0.000295077566989],[0.000177042908035,-0.0000616155157331,0.00181272544432,0.000530324934516,-0.00115351786371,0.000373003334971,0.000647273438517,-0.00142489466816,0.000382691883715,-0.000525166688021,-0.000777170760557,-0.000443881435785,0.0000378370386898],[0.0000446173762612,0.000348508619936,0.000530324934516,0.00389063102193,-0.00145756977145,-0.00046896369895,0.0000649612120469,-0.000343906227499,-0.000419490417698,-0.000217815992073,0.000243614413193,0.000423099816544,-0.000729653169401],[0.000176660891157,-0.000866591872182,-0.00115351786371,-0.00145756977145,0.00879302807152,-0.00182252493687,0.00174752005842,-0.00105658569373,-0.000679316930473,-0.000708455394488,0.0000927776054596,-0.0000755510045565,-0.00192732573487],[-0.0000052029527069,0.000515947584063,0.000373003334971,-0.00046896369895,-0.00182252493687,0.00947234313935,-0.00429900642484,0.00108428893145,-0.00187981582712,0.000350016343873,0.00160873285495,-0.00148344505578,0.000731146079488],[0.000302322878269,-0.00113916944247,0.000647273438517,0.0000649612120469,0.00174752005842,-0.00429900642484,0.0124221825972,-0.00587250571698,0.00406559044495,-0.00229246611707,-0.00170902628452,0.00228800647892,-0.000893811520655],[-0.000147876970004,0.000955936731771,-0.00142489466816,-0.000343906227499,-0.00105658569373,0.00108428893145,-0.00587250571698,0.0179171226919,-0.00652115605772,0.00370407127775,-0.00327773508616,0.00196162587963,-0.00213300040923],[0.000159044371685,-0.00105037307367,0.000382691883715,-0.000419490417698,-0.000679316930473,-0.00187981582712,0.00406559044495,-0.00652115605772,0.0156553126872,-0.00574299972504,0.00577329378575,-0.00566852465272,0.00253198016435],[-0.000124692014651,0.000501466274727,-0.000525166688021,-0.000217815992073,-0.000708455394488,0.000350016343873,-0.00229246611707,0.00370407127775,-0.00574299972504,0.0174608100206,-0.0108939409256,0.00733059924096,-0.00361350178719],[0.0000862220840645,-0.000319095153827,-0.000777170760557,0.000243614413193,0.0000927776054596,0.00160873285495,-0.00170902628452,-0.00327773508616,0.00577329378575,-0.0108939409256,0.0239689983428,-0.0106327747926,0.00569393998012],[0.0000844232781674,0.000486531935167,-0.000443881435785,0.000423099816544,-0.0000755510045565,-0.00148344505578,0.00228800647892,0.00196162587963,-0.00566852465272,0.00733059924096,-0.0106327747926,0.0225122142583,-0.00907313451171],[-0.000136392991408,0.000295077566989,0.0000378370386898,-0.000729653169401,-0.00192732573487,0.000731146079488,-0.000893811520655,-0.00213300040923,0.00253198016435,-0.00361350178719,0.00569393998012,-0.00907313451171,0.0217026434839]],"mean":[-662.831481934,116.672828674,-10.2736816406,18.8788261414,7.42228317261,9.58679389954,3.14996957779,1.38569509983,4.29978656769,3.70088243484,-3.51517915726,-5.70993804932,-1.71699929237]},"pitch_salience":{"dmean":0.0754341483116,"dmean2":0.119373396039,"dvar":0.00501195527613,"dvar2":0.0118888914585,"max":0.917696714401,"mean":0.559843420982,"median":0.573976993561,"min":0.0161700453609,"var":0.0154548436403},"silence_rate_20dB":{"dmean":0,"dmean2":0,"dvar":0,"dvar2":0,"max":1,"mean":1,"median":1,"min":1,"var":0},"silence_rate_30dB":{"dmean":0,"dmean2":0,"dvar":0,"dvar2":0,"max":1,"mean":1,"median":1,"min":1,"var":0},"silence_rate_60dB":{"dmean":0.0439995825291,"dmean2":0.0880083441734,"dvar":0.0420595742762,"dvar2":0.0898609310389,"max":1,"mean":0.133653044701,"median":0,"min":0,"var":0.115792676806},"spectral_centroid":{"dmean":258.465545654,"dmean2":387.828094482,"dvar":103380.671875,"dvar2":202744.390625,"max":11615.4521484,"mean":1612.4387207,"median":1553.70690918,"min":142.443145752,"var":1351302},"spectral_complexity":{"dmean":4.16098403931,"dmean2":5.90740346909,"dvar":22.286239624,"dvar2":41.1440582275,"max":58,"mean":21.1743125916,"median":20,"min":0,"var":178.938522339},"spectral_contrast_coeffs":{"dmean":[0.0500334613025,0.0424259193242,0.0381525941193,0.0321855284274,0.0237505808473,0.0207096356899],"dmean2":[0.0820148661733,0.0691179037094,0.0607044398785,0.0503484606743,0.0370028987527,0.0319071635604],"dvar":[0.00175711791962,0.00125754345208,0.000999702024274,0.000740026123822,0.000489412224852,0.00052689819131],"dvar2":[0.00469100335613,0.00323423068039,0.00239524897188,0.00170194194652,0.00106594699901,0.00112462870311],"max":[-0.337390094995,-0.399664223194,-0.458262681961,-0.492131054401,-0.542765378952,-0.563575863838],"mean":[-0.636685490608,-0.759246826172,-0.763592600822,-0.765592396259,-0.787513077259,-0.768211305141],"median":[-0.641397118568,-0.763194441795,-0.766891002655,-0.768814325333,-0.790955364704,-0.769941389561],"min":[-0.980152547359,-0.976873099804,-0.975214183331,-0.969444334507,-0.968462884426,-0.964264988899],"var":[0.00607256032526,0.00457706209272,0.00435180263594,0.00469106528908,0.00333057809621,0.00339923612773]},"spectral_contrast_valleys":{"dmean":[0.461134254932,0.399927228689,0.36540094018,0.371278226376,0.364194095135,0.268954843283],"dmean2":[0.717207193375,0.612381100655,0.549160838127,0.529616892338,0.496445327997,0.341858953238],"dvar":[0.173424243927,0.159165710211,0.132633715868,0.146670207381,0.16030344367,0.116884417832],"dvar2":[0.359539121389,0.316367179155,0.246648192406,0.263474106789,0.281505048275,0.189259648323],"max":[-5.68049430847,-4.78907155991,-5.06704568863,-5.63121366501,-5.66340255737,-7.59892272949],"mean":[-7.8378572464,-7.28903627396,-7.62660598755,-7.90471696854,-7.93372583389,-10.4984893799],"median":[-7.50070476532,-6.81604957581,-7.11616039276,-7.37828874588,-7.46635150909,-10.0587520599],"min":[-28.2921695709,-27.835067749,-27.7243404388,-27.7339115143,-27.5338478088,-27.3987693787],"var":[4.65634965897,5.3196310997,5.47155761719,5.59181833267,5.45054006577,4.23738527298]},"spectral_decrease":{"dmean":1.32449506918e-9,"dmean2":1.91887838952e-9,"dvar":2.52464456502e-18,"dvar2":5.43501544379e-18,"max":2.50581300617e-28,"mean":-4.58334215026e-9,"median":-4.09633083009e-9,"min":-2.10118589195e-8,"var":1.15023649709e-17},"spectral_energy":{"dmean":0.00530399708077,"dmean2":0.0075998371467,"dvar":0.0000399829659727,"dvar2":0.0000845271642902,"max":0.0879614725709,"mean":0.0191618539393,"median":0.0170589275658,"min":1.00272796792e-20,"var":0.000202891213121},"spectral_energyband_high":{"dmean":0.000291514239507,"dmean2":0.000386961968616,"dvar":2.5970786055e-7,"dvar2":4.3986443643e-7,"max":0.0130756618455,"mean":0.000801674032118,"median":0.000330247567035,"min":6.93310962375e-21,"var":0.00000131047920604},"spectral_energyband_low":{"dmean":0.00302298879251,"dmean2":0.00455180229619,"dvar":0.0000174444612639,"dvar2":0.0000386690626328,"max":0.0498639792204,"mean":0.00549396080896,"median":0.00306031829678,"min":1.24938488548e-23,"var":0.0000407234401791},"spectral_energyband_middle_high":{"dmean":0.0017609471688,"dmean2":0.00245219608769,"dvar":0.0000058347727645,"dvar2":0.0000108972726593,"max":0.060891661793,"mean":0.00708857364953,"median":0.00509217940271,"min":1.06648945676e-21,"var":0.0000500341884617},"spectral_energyband_middle_low":{"dmean":0.00270936544985,"dmean2":0.00426629977301,"dvar":0.0000170416496985,"dvar2":0.0000431794178439,"max":0.0568782240152,"mean":0.0066939345561,"median":0.00517495954409,"min":1.41467031978e-22,"var":0.0000398969386879},"spectral_entropy":{"dmean":0.148436307907,"dmean2":0.211249887943,"dvar":0.0242185778916,"dvar2":0.0489910766482,"max":9.82208156586,"mean":7.61576557159,"median":7.68946504593,"min":5.61175203323,"var":0.213234990835},"spectral_flux":{"dmean":0.0193438548595,"dmean2":0.0298612080514,"dvar":0.000410426233429,"dvar2":0.000908357673325,"max":0.24659705162,"mean":0.0677636563778,"median":0.0655628889799,"min":6.38465946778e-11,"var":0.00151424622163},"spectral_kurtosis":{"dmean":1.22937595844,"dmean2":2.04202246666,"dvar":2.50232172012,"dvar2":6.73697471619,"max":36.5533447266,"mean":4.75945186615,"median":4.25773334503,"min":-1.2581410408,"var":7.64098978043},"spectral_rms":{"dmean":0.000600960163865,"dmean2":0.000830114469863,"dvar":4.07754839671e-7,"dvar2":7.63170646678e-7,"max":0.00926369614899,"mean":0.00392488949001,"median":0.00407956540585,"min":3.12773266488e-12,"var":0.00000328969736074},"spectral_rolloff":{"dmean":397.567901611,"dmean2":638.325317383,"dvar":442283.71875,"dvar2":890018.0625,"max":19573.6816406,"mean":1856.36901855,"median":1744.18945313,"min":21.533203125,"var":4013502.75},"spectral_skewness":{"dmean":0.203253820539,"dmean2":0.317804127932,"dvar":0.0518753230572,"dvar2":0.118929848075,"max":4.41967773438,"mean":1.57827877998,"median":1.54454040527,"min":-0.0678610801697,"var":0.235279068351},"spectral_spread":{"dmean":434797.09375,"dmean2":635312.8125,"dvar":478350737408,"dvar2":889505120256,"max":42595160,"mean":4748817.5,"median":4188728.75,"min":1533890.625,"var":13735945044000},"spectral_strongpeak":{"dmean":0.562361836433,"dmean2":0.964567780495,"dvar":1.24832880497,"dvar2":2.98953747749,"max":13.7588834763,"mean":0.986454248428,"median":0.39376616478,"min":0,"var":2.24307584763},"zerocrossingrate":{"dmean":0.00870516244322,"dmean2":0.0103328255937,"dvar":0.000120706885355,"dvar2":0.000157811271492,"max":0.5224609375,"mean":0.0664264112711,"median":0.06201171875,"min":0.00390625,"var":0.00275971484371}},"metadata":{"audio_properties":{"analysis_sample_rate":44100,"bit_rate":320038,"codec":"mp3","downmix":"mix","equal_loudness":0,"length":222.693878174,"lossless":false,"md5_encoded":"8dbaae7d2dd7b227c381ab331b3ca175","replay_gain":-11.7298030853,"sample_rate":44100},"tags":{"acoustid_fingerprint":["AQADtNISasmE6xgvoeIepOrCISlfmHh4vB384KsQn0ia4w_6VriDKg-aHPmh50OWFznExFmHH1K6Fn_wuUOY8Ee34XURUoeym2iXHHHCJ7ieCo-Nx5gSHd3EPLiSHB8qHc1DI04f6AitSIa3o8o2HR-PSlJ4-NLxHD4RfYEYoWt4_E_QwnUQnsL0BM3RB2mPPgpOaMcj3NnxT9BzpKFO_Md3ET8PJ8e2HrUmxH2CJNofOHiPCxfySAmSWqIGLocfoXzw4jzC9dB35KDkHf-Mw5i8EvnRH46DS6kynC5uyD3SbAyJKyRKojaMkjyeDxUNqyXuwXmQLzgcKod8mGNu6DruF6444fCFXPgpIz2moz_ED3cywsRE5vih5Qilfhh3oc_x6PCPd0P0Q7x0nAtgZke_DD2Pi_B5iIfOoy8u6gjh8JgetMHz476QytwwbrSgi4ieHS-ew73Qcjl-I9zh3NAD_EL6Hg92H2lxQnUywTpOEo5zPIdOKcV_OMmLK4SQL4drTE-JJ8_xBpbiKOCz4vlRvjC7D5_4ItY1-II-FbnUguKIkhFGE8-FXFYFfaSED2EuHb2IXD6eH1qfKcJz-Pjx49qhy_iRm-gvVHzw42fhCyE7Qwi9E97y4sMXGn5o1KIx6YWaHA2PRxt-nCuaLwgfqM4l5FeMByHlIsmOzscvDvmhUksQpjRRhscv9AmcL0L-IpmM69j7oM_RpBKu49eEXNKhHb-J98QPVwHDD5_Q5XgTHj7xUziDJ8wOMS-O9pD-oD20VIyJPMHQ5MnQidNw9IcfFT_8weNxHudy-EYpH3uN56rQvChftCyaqMfF4wryQznuI8fzIGcu4ReaD9qH_cVlrhj3Q1uPNMt39D7-HLmyozJjiIomhBq-HhUdwx-qHOFxHVeyH7oMP3h9nPbwLEPFHb0ILUfsC-uOSh5HNH_wXPgTPEd26EKMRt_ASMdvvA_CVMyP8qicXRKa5MkG5g_SH5cYwTfxHM3BJTzOSxn-IExeyB1G7miPP6ggqhx6GhUFf0W7WfgPbccvC9V49NPhHl1r9BnMvIh0hni8o-El5CN8Yc8D8ail4w469oP4DHnEGM9R8aij4EsKXwhzMTgtQ1WOWUnw6TIkXUK-JcWzCz8uNOPRZjPm58h5pfihKDu-HNxuoT4uJTn6wx8El8L3QVyiDNM6FdPRqMSFSz8cPQ6uGT8c9Vg1GtfRP_BED616nGGIMDFPdB_eI19R6oL4Y7xMxPmI4scRovmhL7tRUcfzENYNVdSH9niOf0F1WJFqQdHzo1pznLh1PIdWHT2ibYlxHNST6Lh1WHkkoR1xBk1yoT-S30K2hMnRcLvwB9tbPDt8CjXyQlU9VHmCE8et4IeYLbnwktCr45U6xC9uOItyvDvS_PjxUMZ5mN-CHz_SRB8N95he5D9qohmH8ImC5sd3fEdzF_3xZ0RyPQjzHT1OHfkVog8UZWSQ33hQ6mg4HrfU4-Rx4cc_9Dn8xUO4kBaSPXDMY6LEHP0D8xTRJz_qwz_6zKiQJj72GO6E40Gao0-Q6-gziEflF4935DiJ7wiDyjn0pXEgz8dPTMoPczxy6UNJ6cHF4_JRMhrR_PiHhw1q6cIWPUS_Bo8YXTh65McVKbiE_vghf4d6HU8tIVeS49rRHD0r_LiUHnk