{"lowlevel":{"average_loudness":0.65640437603,"barkbands":{"dmean":[0.000121527707961,0.000935715273954,0.000538282562047,0.000415627902839,0.00109083694406,0.000908480084036,0.000379533157684,0.000487465236802,0.000392945599742,0.000442580349045,0.000363706523785,0.000188033707673,0.000225159164984,0.000300326151773,0.000481864815811,0.000350471615093,0.000326517794747,0.000121166311146,0.000150230451254,0.0000640772050247,0.0000347358909494,0.0000112209572762,0.00000745244506106,0.00000627835515843,0.0000053082562772,0.00000264767368208,2.62381803395e-7],"dmean2":[0.000205641204957,0.00149874703493,0.000861412845552,0.000713253859431,0.001818567398,0.00138990953565,0.000551133707631,0.000670071283821,0.000594819604885,0.000675980874803,0.000577159866225,0.000295419653412,0.000348049739841,0.000472904124763,0.000764249300119,0.000538724008948,0.000509802775923,0.000185802025953,0.000228142918786,0.0000950032481342,0.0000532936537638,0.0000166346562764,0.0000110043938548,0.00000967693631537,0.00000805974013929,0.00000408718778999,4.16128955294e-7],"dvar":[1.54840009259e-7,0.00000802663180366,0.00000269743964054,0.00000149945299199,0.00000944930616242,0.0000029955001537,9.40668883231e-7,0.00000126106738207,0.00000106161905933,0.00000145938201968,7.4408853834e-7,3.12172574013e-7,3.09104507323e-7,7.4829068808e-7,0.00000239593805418,0.00000128989654513,0.00000113943838187,1.40026642725e-7,1.72547686361e-7,4.11171896531e-8,2.31249934757e-8,6.05770655859e-10,3.33875427305e-10,1.98503727344e-10,3.16691783908e-10,5.17147678847e-11,8.57022840282e-13],"dvar2":[4.14398670046e-7,0.000019739547497,0.0000070693622547,0.0000038911844058,0.0000255846189248,0.00000744505814509,0.00000195485858967,0.00000218659283746,0.00000233322361964,0.00000381760946766,0.00000192739071281,7.31995669412e-7,6.85123836774e-7,0.00000170416751644,0.00000619870888841,0.00000277721028397,0.00000265343624051,2.64351740498e-7,3.89201801454e-7,8.21030070597e-8,5.5938304655e-8,1.22733845309e-9,6.73938682638e-10,4.46008979749e-10,6.12657646837e-10,1.24023527559e-10,2.00774444813e-12],"max":[0.0100067174062,0.0554689988494,0.0475668460131,0.0206037200987,0.0452362075448,0.0426855199039,0.0331740938127,0.0462407879531,0.042428355664,0.0350381135941,0.0179215017706,0.019366055727,0.0230520460755,0.026566889137,0.0578587837517,0.0296453721821,0.038429889828,0.0258942395449,0.0103718843311,0.00685679540038,0.00696385186166,0.000683071964886,0.000618921360001,0.000385341991205,0.0010577221401,0.000215991647565,0.0000448520331702],"mean":[0.000147942133481,0.00213550170884,0.00115793081932,0.000598406884819,0.0019648023881,0.00209821760654,0.000891217554454,0.00111972540617,0.000925416185055,0.000915061624255,0.000682755548041,0.000353387003997,0.000448744685855,0.000571271171793,0.00103292718995,0.000735980749596,0.000740213785321,0.000250147859333,0.00033743790118,0.000152190827066,0.000077764816524,0.0000301655927615,0.0000210483576666,0.0000191399012692,0.0000139304247568,0.00000580316827836,5.1160577641e-7],"median":[0.0000175111345015,0.00129473465495,0.000583025976084,0.00024581985781,0.00119065609761,0.00108410976827,0.000333842937835,0.000389508553781,0.000247772433795,0.000188106758287,0.00018481175357,0.0000834247548482,0.000106225816126,0.000139191251947,0.000130743923364,0.000108253909275,0.0000995281079668,0.0000506834476255,0.0000559877116757,0.0000265618946287,0.0000152839111252,0.00000752764572098,0.00000566321887163,0.000005798381153,0.00000363709045814,5.86206397202e-7,7.27838127546e-8],"min":[1.09423606138e-24,5.26854402846e-24,3.08366911142e-24,6.17131644839e-24,1.48602398773e-23,3.40350961e-24,2.00623799613e-23,1.04156586978e-23,1.70131801272e-23,2.98784633504e-23,1.7287086833e-23,3.99160715034e-23,3.55524495408e-23,5.68171955167e-23,5.25892008318e-23,6.70026078043e-23,1.17017645062e-22,1.18993949889e-22,1.404255715e-22,2.00161072739e-22,2.82231132092e-22,2.62945388848e-22,4.29632127261e-22,6.16074770019e-22,8.76797918764e-22,1.33077850923e-21,2.09035104115e-21],"var":[1.58878066259e-7,0.0000106188726932,0.0000045841766223,0.00000170328121385,0.00000919162357604,0.00000872425607668,0.00000389384695154,0.00000522996606378,0.0000075964185271,0.00000431448097515,0.0000019089379748,9.18418777474e-7,0.00000133282719617,0.00000202582918973,0.00000937162258197,0.00000417605360781,0.0000048322681323,5.05903699377e-7,5.55036876904e-7,1.5989279234e-7,6.63832224745e-8,2.75827094498e-9,2.0694641556e-9,1.07975928199e-9,1.63611990622e-9,1.45235407034e-10,1.91787644793e-12]},"barkbands_crest":{"dmean":2.09593725204,"dmean2":3.45066213608,"dvar":4.09969806671,"dvar2":11.1766862869,"max":25.0600128174,"mean":9.12895393372,"median":8.51056575775,"min":2.32436704636,"var":12.6881303787},"barkbands_flatness_db":{"dmean":0.014817096293,"dmean2":0.0234273839742,"dvar":0.000250288459938,"dvar2":0.00063555513043,"max":0.468980908394,"mean":0.150146380067,"median":0.141459420323,"min":0.0114950332791,"var":0.00326724606566},"barkbands_kurtosis":{"dmean":2.25248336792,"dmean2":3.66208863258,"dvar":27.9098720551,"dvar2":74.6240615845,"max":185.923904419,"mean":4.42376422882,"median":1.25337791443,"min":-1.76470291615,"var":102.882850647},"barkbands_skewness":{"dmean":0.394823729992,"dmean2":0.628782868385,"dvar":0.209467127919,"dvar2":0.533026635647,"max":10.8825464249,"mean":1.22281992435,"median":1.09357905388,"min":-3.40840291977,"var":1.6041790247},"barkbands_spread":{"dmean":3.01294636726,"dmean2":4.7858877182,"dvar":17.2793960571,"dvar2":44.5417900085,"max":106.375572205,"mean":17.96484375,"median":16.2636127472,"min":0.488905102015,"var":162.808197021},"dissonance":{"dmean":0.0203442797065,"dmean2":0.0345992855728,"dvar":0.000533859245479,"dvar2":0.00158328097314,"max":0.5,"mean":0.457063257694,"median":0.464733213186,"min":0,"var":0.00105294212699},"dynamic_complexity":7.12172603607,"erbbands":{"dmean":[0.030539907515,0.212586298585,0.574080049992,0.965370893478,3.34834766388,3.13591861725,5.03310537338,7.98472166061,6.2668261528,9.60150623322,6.91635751724,10.6501121521,11.827334404,10.2716083527,15.4189739227,8.53941917419,10.6462945938,13.7469549179,24.9880256653,18.6323928833,16.2231273651,12.9121627808,6.87376737595,8.29562282562,5.61030912399,3.4314968586,1.90989816189,0.642551422119,0.377431184053,0.321984559298,0.219865441322,0.150224208832,0.0968016907573,0.0682528167963,0.0347182750702,0.0152539825067,0.00443521793932,0.000579902436584,0.0000475701199321,0.00000594032007939],"dmean2":[0.0493856184185,0.347613692284,0.93594455719,1.5909100771,5.82357358932,5.10020112991,7.74770545959,12.436624527,8.81199741364,13.8004322052,9.9161901474,16.0407867432,17.8899116516,15.7987890244,24.5927505493,13.4986610413,16.3119792938,22.1322040558,40.0852203369,28.7241954803,24.8058052063,19.9752864838,10.3538570404,12.6310415268,8.55372714996,5.13250350952,2.93312144279,0.978203237057,0.566301167011,0.481803834438,0.328296154737,0.23233987391,0.149704664946,0.104670993984,0.0525056086481,0.0231248605996,0.00700848270208,0.000928257300984,0.0000743419295759,0.00000903175714484],"dvar":[0.0106666795909,0.421762436628,2.99817848206,8.20111083984,155.297866821,43.3429527283,82.6604766846,233.528076172,198.29069519,597.109558105,260.43862915,779.159667969,1284.57910156,914.654846191,1420.19677734,659.0234375,685.123901367,1187.07092285,8046.32373047,2592.8449707,2650.42504883,1828.32202148,435.197143555,661.959960938,301.418823242,112.573272705,73.5340042114,2.3824660778,0.700244307518,0.576960146427,0.315290927887,0.110032849014,0.0543559454381,0.048555996269,0.0145227406174,0.00168441841379,0.000165223871591,0.00000401791203331,2.88543766658e-8,1.21378906925e-10],"dvar2":[0.0249911434948,1.12858045101,7.86108875275,19.6716556549,424.692138672,116.656776428,191.991348267,603.481384277,387.422149658,1218.31860352,497.484313965,1659.47766113,3293.91113281,2339.99658203,3768.11547852,1578.56689453,1480.09716797,3023.88330078,21588.2109375,5854.65527344,5838.64599609,4240.08300781,816.582946777,1486.74035645,692.79309082,228.690475464,174.822219849,5.24799919128,1.45304358006,1.15653705597,0.68137294054,0.244329318404,0.124523788691,0.102096572518,0.0282569956034,0.00362881366163,0.000410844746511,0.0000101698142316,6.43457909177e-8,2.82241646721e-10],"max":[2.57678604126,12.1984157562,46.9061355591,69.2881088257,185.10508728,116.81816864,226.903213501,375.790802002,447.510986328,947.35546875,575.373352051,1179.39465332,1295.84912109,837.772338867,825.49810791,999.289978027,1244.43249512,1161.97607422,3663.14624023,1591.8659668,1644.82055664,1518.77392578,1762.73522949,739.538757324,456.97567749,352.701202393,397.923034668,47.8408279419,21.7060546875,24.8873577118,20.8814201355,12.5175886154,6.15843725204,10.7256155014,9.54920196533,2.20420098305,0.31511464715,0.0386787615716,0.0102880876511,0.000254627229879],"mean":[0.0637836828828,0.46899715066,1.22945725918,1.88609707355,4.65201330185,5.90994787216,11.1751728058,18.112695694,15.1042194366,21.6027870178,17.4152240753,25.9062538147,24.8660354614,22.9029846191,30.4285087585,17.702507019,22.3811187744,28.5557785034,57.6711006165,43.2855644226,37.1254310608,31.5644321442,17.5642223358,19.6251335144,13.2631406784,8.55397987366,4.63866710663,1.67970049381,1.0305929184,0.879827022552,0.642131388187,0.445720225573,0.275877505541,0.176636084914,0.085182517767,0.0350230149925,0.00886664260179,0.00110504345503,0.000101898433059,0.000025583198294],"median":[0.0324594862759,0.295992255211,0.659654319286,0.875073194504,1.98246717453,3.64253258705,6.33366203308,8.68744564056,6.53219556808,7.64361476898,7.01379108429,7.68441581726,6.00650644302,6.76081132889,8.37343978882,5.41280078888,6.47240591049,8.3436422348,8.67173194885,8.7017993927,6.3602976799,4.97435331345,4.07662010193,3.30081892014,2.26737093925,1.50903463364,0.86509424448,0.479623317719,0.289407104254,0.224411264062,0.165765807033,0.137914955616,0.0799644291401,0.0482883676887,0.021040270105,0.00478675356135,0.000782060378697,0.000124426995171,0.0000254042079177,0.0000180022962013],"min":[1.9183304923e-22,1.21892353597e-21,4.94328303941e-21,1.49057122433e-20,2.86459237723e-20,4.75212741596e-20,8.41733498338e-20,3.7144328918e-20,1.59788210836e-19,3.78264550091e-19,3.28082268213e-19,3.13011373494e-19,4.00688718564e-19,1.14320372481e-18,1.27765593632e-18,1.51966737346e-18,2.15298301002e-18,2.85150498407e-18,3.58481052326e-18,2.81808606014e-18,5.15187317447e-18,6.9535970393e-18,6.3035836247e-18,6.0719213544e-18,8.39275068443e-18,1.00787126905e-17,1.09973521818e-17,7.62786256227e-18,8.48934800919e-18,1.33098232654e-17,1.18072472011e-17,1.17622576748e-17,1.0781746728e-17,7.98212747501e-18,6.7915779999e-18,4.89041751287e-18,2.32830745636e-18,9.61949530841e-19,2.51925067534e-19,2.75454052037e-20],"var":[0.0130722559988,0.503398954868,4.89318799973,15.1963768005,120.968208313,59.9057502747,247.638702393,659.39855957,870.097717285,2118.44946289,1020.23144531,5813.71044922,3777.85131836,2704.14379883,3753.56445312,1966.82202148,3054.21484375,3435.05004883,33950.90625,9812.97558594,9346.62011719,8285.16699219,2376.83154297,2364.02905273,1020.57293701,457.818450928,235.341873169,10.1021680832,3.07662773132,3.05660653114,2.00368666649,0.665008604527,0.234891042113,0.241816431284,0.067401856184,0.00633756117895,0.000363534287317,0.00000728774557501,7.90426639696e-8,6.24649720837e-10]},"erbbands_crest":{"dmean":2.35177540779,"dmean2":3.81631445885,"dvar":5.33840084076,"dvar2":14.0131816864,"max":31.5766105652,"mean":9.72200489044,"median":8.51353168488,"min":2.08155465126,"var":22.5235500336},"erbbands_flatness_db":{"dmean":0.0139599759132,"dmean2":0.0213919635862,"dvar":0.0002187355567,"dvar2":0.000506787735503,"max":0.353722542524,"mean":0.179321929812,"median":0.180455133319,"min":0.0380669757724,"var":0.00229722564109},"erbbands_kurtosis":{"dmean":1.09442007542,"dmean2":1.75866603851,"dvar":6.15479230881,"dvar2":17.4827804565,"max":69.6902236938,"mean":1.25234472752,"median":0.193409919739,"min":-1.79348695278,"var":15.4463300705},"erbbands_skewness":{"dmean":0.310414046049,"dmean2":0.484597861767,"dvar":0.0984702780843,"dvar2":0.255730956793,"max":6.7332816124,"mean":0.3876478374,"median":0.319898873568,"min":-3.95826458931,"var":0.966380417347},"erbbands_spread":{"dmean":5.04144430161,"dmean2":7.93971681595,"dvar":41.3441505432,"dvar2":101.479904175,"max":134.40435791,"mean":29.1788349152,"median":25.7329025269,"min":2.08660721779,"var":283.29296875},"gfcc":{"cov":[[33431.1328125,1459.32275391,-4816.12744141,74.6780090332,-39.933555603,18.2276039124,-672.542297363,847.413757324,-185.355728149,490.091461182,-144.204742432,275.741638184,-9.55758857727],[1459.32275391,1494.08605957,-37.3061218262,-88.7016372681,0.436731398106,-65.2289581299,23.9168682098,-89.6866378784,48.1369552612,-101.149330139,100.050354004,-121.662773132,109.542350769],[-4816.12744141,-37.3061218262,1561.63769531,75.2440032959,-66.5935592651,264.749328613,66.2375259399,-122.428329468,22.661491394,-58.1867866516,-33.8585739136,15.1136789322,-29.920167923],[74.6780090332,-88.7016372681,75.2440032959,302.141571045,53.3100700378,0.674885571003,35.9697532654,14.0339050293,-1.30256652832,9.2109375,-5.74591398239,-24.1656608582,14.8848361969],[-39.933555603,0.436731398106,-66.5935592651,53.3100700378,159.815292358,-5.62702083588,46.3181686401,22.3072013855,28.6414718628,8.71235466003,9.73298549652,4.26524162292,0.193032085896],[18.2276039124,-65.2289581299,264.749328613,0.674885571003,-5.62702083588,252.847808838,11.451374054,17.956943512,12.2243719101,13.006064415,-17.0942668915,31.3002033234,-23.1085510254],[-672.542297363,23.9168682098,66.2375259399,35.9697532654,46.3181686401,11.451374054,131.313354492,11.0465040207,26.4940376282,-5.10511064529,15.0171537399,-8.70473480225,5.12997198105],[847.413757324,-89.6866378784,-122.428329468,14.0339050293,22.3072013855,17.956943512,11.0465040207,127.012664795,26.6290664673,29.0669441223,-5.23739719391,28.9070644379,-9.17638111115],[-185.355728149,48.1369552612,22.661491394,-1.30256652832,28.6414718628,12.2243719101,26.4940376282,26.6290664673,103.839988708,21.5866088867,2.84443593025,12.9083967209,7.52337360382],[490.091461182,-101.149330139,-58.1867866516,9.2109375,8.71235466003,13.006064415,-5.10511064529,29.0669441223,21.5866088867,90.9084014893,10.2904815674,22.2440547943,-9.77713012695],[-144.204742432,100.050354004,-33.8585739136,-5.74591398239,9.73298549652,-17.0942668915,15.0171537399,-5.23739719391,2.84443593025,10.2904815674,84.3964538574,8.63207530975,11.6763906479],[275.741638184,-121.662773132,15.1136789322,-24.1656608582,4.26524162292,31.3002033234,-8.70473480225,28.9070644379,12.9083967209,22.2440547943,8.63207530975,109.95287323,0.463632941246],[-9.55758857727,109.542350769,-29.920167923,14.8848361969,0.193032085896,-23.1085510254,5.12997198105,-9.17638111115,7.52337360382,-9.77713012695,11.6763906479,0.463632941246,77.9967269897]],"icov":[[0.000287662871415,-0.000798500259407,0.000939046323765,-0.000728164741304,0.000417199975345,-0.000810196681414,0.000800597190391,-0.00102434563451,0.00105355959386,-0.00133162993006,0.00150461192243,-0.00132252066396,0.000755711866077],[-0.000798500259407,0.00329350726679,-0.00257682520896,0.00240720249712,-0.00123505550437,0.00209537567571,-0.00202984409407,0.00311538018286,-0.0037550618872,0.00473995227367,-0.00551719963551,0.00493064569309,-0.00329437968321],[0.000939046323765,-0.00257682520896,0.00409492384642,-0.00278822518885,0.00194620492402,-0.00367272668518,0.00206286762841,-0.00209714286029,0.00285202171654,-0.00369318947196,0.0050812731497,-0.00469598686323,0.00289084622636],[-0.000728164741304,0.00240720249712,-0.00278822518885,0.00594082986936,-0.00248274439946,0.00226559303701,-0.00245628342964,0.00179106218275,-0.00196802639402,0.00272267591208,-0.00379976327531,0.0049581695348,-0.00355319678783],[0.000417199975345,-0.00123505550437,0.00194620492402,-0.00248274439946,0.00860236957669,-0.00128481211141,-0.0012377363164,-0.00146831164602,-0.000189047888853,-0.00164929532912,0.00186454167124,-0.00270516122691,0.00206123269163],[-0.000810196681414,0.00209537567571,-0.00367272668518,0.00226559303701,-0.00128481211141,0.00769277475774,-0.00240801996551,0.0015469888458,-0.00264246040024,0.00274132331833,-0.00330797303468,0.00263605127111,-0.00118256558198],[0.000800597190391,-0.00202984409407,0.00206286762841,-0.00245628342964,-0.0012377363164,-0.00240801996551,0.0119605381042,-0.00399607792497,0.00108242360875,-0.00237872684374,0.0019718776457,-0.00215341127478,0.00155683560297],[-0.00102434563451,0.00311538018286,-0.00209714286029,0.00179106218275,-0.00146831164602,0.0015469888458,-0.00399607792497,0.0146788088605,-0.0061523290351,0.00365204666741,-0.00433997670189,0.00246957549825,-0.00150916050188],[0.00105355959386,-0.0037550618872,0.00285202171654,-0.00196802639402,-0.000189047888853,-0.00264246040024,0.00108242360875,-0.0061523290351,0.0164607223123,-0.00848736893386,0.00703622074798,-0.00593362934887,0.00162532110699],[-0.00133162993006,0.00473995227367,-0.00369318947196,0.00272267591208,-0.00164929532912,0.00274132331833,-0.00237872684374,0.00365204666741,-0.00848736893386,0.0208712723106,-0.0102742398158,0.00541625265032,-0.0024132898543],[0.00150461192243,-0.00551719963551,0.0050812731497,-0.00379976327531,0.00186454167124,-0.00330797303468,0.0019718776457,-0.00433997670189,0.00703622074798,-0.0102742398158,0.0227445159107,-0.00979377236217,0.00366904749535],[-0.00132252066396,0.00493064569309,-0.00469598686323,0.0049581695348,-0.00270516122691,0.00263605127111,-0.00215341127478,0.00246957549825,-0.00593362934887,0.00541625265032,-0.00979377236217,0.0185322780162,-0.00600736262277],[0.000755711866077,-0.00329437968321,0.00289084622636,-0.00355319678783,0.00206123269163,-0.00118256558198,0.00155683560297,-0.00150916050188,0.00162532110699,-0.0024132898543,0.00366904749535,-0.00600736262277,0.0177192166448]],"mean":[-88.3698959351,118.382392883,-116.863922119,22.4681682587,-51.9901275635,7.57087802887,-40.4478263855,5.95205259323,-19.4138755798,0.674957931042,-9.15261554718,-3.26351928711,-3.94447469711]},"hfc":{"dmean":3.08820056915,"dmean2":4.68771457672,"dvar":26.4862728119,"dvar2":63.1929512024,"max":129.399002075,"mean":15.390212059,"median":7.92098045349,"min":1.11301638047e-16,"var":312.810180664},"melbands":{"dmean":[0.000260400353,0.000285408925265,0.000228299802984,0.000239365021116,0.000166992846061,0.000177433306817,0.0000898507787497,0.000111239394755,0.0000566504277231,0.0000637571356492,0.0000592975702602,0.0000427876220783,0.0000517812004546,0.0000273770692729,0.000021771496904,0.0000208605251828,0.0000298750001093,0.0000401371253247,0.0000252874833677,0.0000309648785333,0.0000194191743503,0.0000146294332808,0.0000126022432596,0.00000551330640519,0.00000765966433391,0.00000486658655063,0.00000286954195872,0.00000227768305194,0.00000147096079672,8.10604035451e-7,3.22395521835e-7,2.47062729386e-7,2.22822691853e-7,1.73971031359e-7,1.55746562314e-7,9.31394765757e-8,1.03188540379e-7,7.74455273245e-8,6.61285213255e-8,6.04520167258e-8],"dmean2":[0.000417543866206,0.000464774988359,0.00038488622522,0.000410371489124,0.000255264894804,0.000273164070677,0.000126936007291,0.00015710486332,0.0000822059664642,0.0000962917765719,0.000089899476734,0.000065542444645,0.0000822254587547,0.0000436080263171,0.0000335380755132,0.0000322126579704,0.0000481961469632,0.0000642743034405,0.0000392900547013,0.000047812340199,0.0000294887286145,0.0000227296095545,0.0000194747026399,0.00000837259358377,0.000011589461792,0.00000735669937058,0.0000042362912609,0.00000339742337019,0.000002269411425,0.00000123930749396,4.97341886785e-7,3.78064754614e-7,3.36236695375e-7,2.64945327899e-7,2.3655074699e-7,1.42259438007e-7,1.62591504704e-7,1.21653812357e-7,1.04268330858e-7,9.35222459475e-8],"dvar":[6.6099516971e-7,7.12961423233e-7,4.78476124499e-7,6.01829810876e-7,7.72319381781e-8,1.13565569393e-7,4.31511928412e-8,7.69877388507e-8,1.79876558093e-8,2.58241783513e-8,3.27852873738e-8,1.75894552257e-8,1.5389730379e-8,4.78266093396e-9,2.73051270483e-9,3.3113345399e-9,6.28540641756e-9,2.0491349062e-8,5.0157265008e-9,1.03905328785e-8,4.81482231862e-9,2.86853718556e-9,1.71403724547e-9,2.58379040385e-10,6.27487672933e-10,2.39364916776e-10,9.01151861465e-11,4.38134251102e-11,6.75073053014e-11,7.45908456529e-12,6.53332856565e-13,3.4255519428e-13,2.5679182088e-13,1.97799946994e-13,1.76127680691e-13,4.29404843389e-14,5.12285323211e-14,3.45747634353e-14,2.91679691739e-14,4.40469092677e-14],"dvar2":[0.00000155239945343,0.00000189889919966,0.00000125198573642,0.00000164508628586,1.79461139282e-7,2.85079664764e-7,8.43682101959e-8,1.48558527258e-7,3.608091248e-8,5.64289734939e-8,8.43928376071e-8,4.5229967327e-8,4.00595503436e-8,1.13249525313e-8,6.31938856799e-9,7.12177694595e-9,1.59058739513e-8,5.37444613258e-8,1.22098109401e-8,2.27372005668e-8,1.08126361198e-8,6.68337829524e-9,4.07693123705e-9,4.9048692885e-10,1.40265787874e-9,5.32222266258e-10,1.84719309293e-10,8.85375661674e-11,1.63764793393e-10,1.68693982394e-11,1.40823333897e-12,7.221109561e-13,5.60080410869e-13,3.87334343202e-13,3.91350661729e-13,1.00317683034e-13,1.15890776793e-13,8.24736939441e-14,6.90342355221e-14,8.61067605564e-14],"max":[0.0168350804597,0.0191500838846,0.0098558915779,0.0111559852958,0.00634664436802,0.00794559903443,0.00725206965581,0.0114898337051,0.00447616539896,0.00634030019864,0.0065455744043,0.00367065099999,0.00273999595083,0.00195298530161,0.00195160415024,0.00265347887762,0.00270982622169,0.00590439373627,0.00241298764013,0.00302559020929,0.00287055387162,0.00200631981716,0.00162211607676,0.000885250687134,0.000739787355997,0.000374616181944,0.000413203117205,0.000181184470421,0.000408872030675,0.0000846697075758,0.0000285270380118,0.0000192861789401,0.0000135801783472,0.0000143505913002,0.0000155206253112,0.0000081210382632,0.00000854771042214,0.00000559136969969,0.00000542281668459,0.0000126862205434],"mean":[0.00058490363881,0.000656921474729,0.000405707542086,0.000386476167478,0.000384494633181,0.000408735068049,0.000214965082705,0.000248471478699,0.000145747806528,0.000149117346155,0.000119994452689,0.0000896406563697,0.0000995525333565,0.0000529758071934,0.0000426450969826,0.0000432328561146,0.0000545414804947,0.0000912745745154,0.0000546030605619,0.0000672734968248,0.0000400673307013,0.0000333712960128,0.0000278915558738,0.0000116124147098,0.0000165237579495,0.000010577186913,0.00000649084267934,0.00000522456048202,0.00000322380424223,0.00000172864531578,7.31811496735e-7,5.82496113566e-7,5.59196280392e-7,4.33326079019e-7,4.1234687842e-7,2.51067831414e-7,2.79758495481e-7,1.99982935101e-7,1.6623062038e-7,1.42871613207e-7],"median":[0.000343335705111,0.00041902839439,0.000203603252885,0.000217213892029,0.000232096848777,0.000204839117941,0.0000875050100149,0.0000852724551805,0.0000525768009538,0.000042671461415,0.0000242996575253,0.0000216576154344,0.0000271276439889,0.0000143484448927,0.0000122669671327,0.0000101856494439,0.0000128453057187,0.0000122726578411,0.00000948658453126,0.00000965120398178,0.00000540142445971,0.00000468063990411,0.00000386740430258,0.00000238456982515,0.00000232676779888,0.0000015260627606,0.00000106054199023,8.3582398247e-7,4.78553147332e-7,3.0693470876e-7,1.98322055667e-7,1.52120023245e-7,1.23792759155e-7,1.08899158136e-7,8.84101609699e-8,8.8022083844e-8,8.00985588967e-8,5.34280850673e-8,5.06977748671e-8,3.4987643005e-8],"min":[2.12071942341e-24,1.88320425168e-24,5.04509562718e-24,2.8410326547e-24,3.14364245896e-24,8.95839022831e-25,3.21084078631e-24,3.73988818303e-24,2.42151603087e-24,1.91270646625e-24,1.96886862953e-24,3.40673171237e-24,3.61639595262e-24,4.92719760388e-24,4.72555962891e-24,3.58530181675e-24,5.14046891062e-24,4.99493077892e-24,3.50256174627e-24,3.61255774988e-24,5.87358022681e-24,5.82503569885e-24,6.34919314403e-24,6.13582835728e-24,4.31467472111e-24,5.08611244994e-24,4.30443096782e-24,6.11600428273e-24,4.86189135941e-24,7.30341388892e-24,3.1627216516e-24,4.1203944518e-24,5.30231319166e-24,6.69889952205e-24,5.25422501973e-24,6.19467777524e-24,6.89720495413e-24,6.91210653663e-24,6.51343359007e-24,5.65158332959e-24],"var":[8.71952408943e-7,0.00000107963091978,5.57874045626e-7,5.05160357989e-7,2.41613662411e-7,3.33546552156e-7,1.93563110429e-7,2.89885178972e-7,9.1157744464e-8,1.75992084905e-7,9.52657828179e-8,5.03663990514e-8,4.02052400261e-8,1.4704186313e-8,8.34972624375e-9,1.56732724577e-8,1.61423496792e-8,8.68600409376e-8,1.92495903661e-8,3.573475027e-8,1.70340843653e-8,1.19117924413e-8,9.04867736296e-9,7.88687060105e-10,2.12417550216e-9,8.1984830036e-10,3.14731601891e-10,1.71983496888e-10,2.04680383753e-10,2.27754481941e-11,2.25716450739e-12,1.21841393311e-12,1.06502350342e-12,9.49962656281e-13,1.01761090873e-12,2.08289779196e-13,2.69428332726e-13,1.31289876431e-13,1.14736724895e-13,2.24034779985e-13]},"melbands_crest":{"dmean":2.48834514618,"dmean2":4.06821632385,"dvar":6.08954381943,"dvar2":16.3830966949,"max":32.8112487793,"mean":11.5123062134,"median":10.7659511566,"min":1.00029158592,"var":19.2354507446},"melbands_flatness_db":{"dmean":0.0170785598457,"dmean2":0.0267315190285,"dvar":0.000359981582733,"dvar2":0.0008939562249,"max":0.61783438921,"mean":0.222888827324,"median":0.206354141235,"min":-5.17719165316e-8,"var":0.00614324165508},"melbands_kurtosis":{"dmean":4.69963264465,"dmean2":7.67698812485,"dvar":137.799407959,"dvar2":351.674591064,"max":393.830810547,"mean":10.231221199,"median":4.14844274521,"min":-1.80940878391,"var":434.10925293},"melbands_skewness":{"dmean":0.491470754147,"dmean2":0.787891447544,"dvar":0.404825299978,"dvar2":1.01790654659,"max":15.1979875565,"mean":1.9923979044,"median":1.68350172043,"min":-1.62031424046,"var":2.28881573677},"melbands_spread":{"dmean":4.25917816162,"dmean2":6.64176082611,"dvar":40.2479896545,"dvar2":104.717758179,"max":226.203231812,"mean":23.8492698669,"median":18.2579135895,"min":0.441581189632,"var":442.930419922},"mfcc":{"cov":[[21633.1738281,1666.11132812,-3377.07299805,45.1708145142,-74.8801574707,-440.416503906,-285.787414551,61.9308128357,1.27782535553,244.619689941,22.5011405945,52.6505661011,210.950592041],[1666.11132812,1670.60253906,22.7132072449,-44.0774116516,15.9237957001,-24.6803894043,-13.1325721741,-20.1497478485,-35.9536743164,30.5983695984,-35.6688728333,16.3087921143,-21.4634609222],[-3377.07299805,22.7132072449,1317.93408203,-36.6797370911,107.503211975,227.325531006,59.4078712463,42.9597473145,35.6944046021,-56.0090103149,16.8570632935,4.82427120209,-76.9138412476],[45.1708145142,-44.0774116516,-36.6797370911,307.833770752,17.603143692,-24.8729190826,32.5078239441,-24.5948581696,23.4039516449,17.3966388702,-20.48179245,14.7055807114,18.5063800812],[-74.8801574707,15.9237957001,107.503211975,17.603143692,120.082321167,51.8374176025,11.1989021301,23.2621898651,17.0678577423,2.72417616844,5.10273694992,16.2251052856,-1.09742963314],[-440.416503906,-24.6803894043,227.325531006,-24.8729190826,51.8374176025,163.797790527,32.8562660217,30.0765724182,21.9633522034,4.70511865616,12.7101755142,5.52471828461,-19.101896286],[-285.787414551,-13.1325721741,59.4078712463,32.5078239441,11.1989021301,32.8562660217,106.356781006,19.6805267334,-8.1594877243,9.38143444061,2.96079516411,-0.997901499271,-4.15357112885],[61.9308128357,-20.1497478485,42.9597473145,-24.5948581696,23.2621898651,30.0765724182,19.6805267334,109.251724243,30.7671012878,2.15165281296,19.7747554779,6.07004308701,1.6349247694],[1.27782535553,-35.9536743164,35.6944046021,23.4039516449,17.0678577423,21.9633522034,-8.1594877243,30.7671012878,88.6063613892,26.7666873932,4.40723419189,10.2845039368,-5.49459505081],[244.619689941,30.5983695984,-56.0090103149,17.3966388702,2.72417616844,4.70511865616,9.38143444061,2.15165281296,26.7666873932,81.2619552612,20.0121860504,-10.7109298706,0.69643008709],[22.5011405945,-35.6688728333,16.8570632935,-20.48179245,5.10273694992,12.7101755142,2.96079516411,19.7747554779,4.40723419189,20.0121860504,70.8183059692,24.3128566742,-2.14786863327],[52.6505661011,16.3087921143,4.82427120209,14.7055807114,16.2251052856,5.52471828461,-0.997901499271,6.07004308701,10.2845039368,-10.7109298706,24.3128566742,88.0965957642,29.6447792053],[210.950592041,-21.4634609222,-76.9138412476,18.5063800812,-1.09742963314,-19.101896286,-4.15357112885,1.6349247694,-5.49459505081,0.69643008709,-2.14786863327,29.6447792053,92.9324798584]],"icov":[[0.0000985325241345,-0.00010679699335,0.000275496771792,-0.0000330705479428,-0.00010361301247,-0.000108861131594,0.000181935029104,-0.000147440383444,-0.0000240776080318,-0.0000295819172607,-0.000101312296465,0.0000299850744341,-0.000039715123421],[-0.00010679699335,0.000781602051575,-0.000372243463062,0.000182102477993,-0.0000170779294422,0.000321558007272,-0.0000300819356198,0.00000482471023133,0.000649541267194,-0.0008280078182,0.000957345298957,-0.000694415939506,0.000431307824329],[0.000275496771792,-0.000372243463062,0.00189872970805,-0.0000960005854722,-0.000708125531673,-0.0015988467494,0.000145868907566,-0.000154872162966,-0.000637068937067,0.00119572796393,-0.000795557512902,0.00037520530168,0.000366777268937],[-0.0000330705479428,0.000182102477993,-0.0000960005854722,0.00404917122796,-0.000875532627106,0.00117783632595,-0.00191166228615,0.00145770865493,-0.00154375063721,-0.0007064648089,0.00140195246786,-0.000869101495482,-0.000424336292781],[-0.00010361301247,-0.0000170779294422,-0.000708125531673,-0.000875532627106,0.010611500591,-0.00256602326408,0.00036116616684,-0.00152910652105,0.0000252388872468,-0.000635975855403,0.000831109588034,-0.0017594974488,0.0000471863859275],[-0.000108861131594,0.000321558007272,-0.0015988467494,0.00117783632595,-0.00256602326408,0.0099123781547,-0.00241071800701,-0.000390827161027,-0.00115268433001,-0.00107583811041,0.000121141871205,-0.000547497766092,0.000787201279309],[0.000181935029104,-0.0000300819356198,0.000145868907566,-0.00191166228615,0.00036116616684,-0.00241071800701,0.0123463841155,-0.00355912698433,0.00432578939945,-0.00302828568965,0.00108951621223,-0.000747441488784,0.000746727164369],[-0.000147440383444,0.00000482471023133,-0.000154872162966,0.00145770865493,-0.00152910652105,-0.000390827161027,-0.00355912698433,0.0129617638886,-0.00592418666929,0.00341714406386,-0.00413151830435,0.00204129144549,-0.0016906807432],[-0.0000240776080318,0.000649541267194,-0.000637068937067,-0.00154375063721,0.0000252388872468,-0.00115268433001,0.00432578939945,-0.00592418666929,0.0178977493197,-0.00820066314191,0.00456716539338,-0.00455161463469,0.0027229024563],[-0.0000295819172607,-0.0008280078182,0.00119572796393,-0.0007064648089,-0.000635975855403,-0.00107583811041,-0.00302828568965,0.00341714406386,-0.00820066314191,0.0198613163084,-0.00900014862418,0.00681291054934,-0.00243286974728],[-0.000101312296465,0.000957345298957,-0.000795557512902,0.00140195246786,0.000831109588034,0.000121141871205,0.00108951621223,-0.00413151830435,0.00456716539338,-0.00900014862418,0.0216749124229,-0.00890709739178,0.00334929325618],[0.0000299850744341,-0.000694415939506,0.00037520530168,-0.000869101495482,-0.0017594974488,-0.000547497766092,-0.000747441488784,0.00204129144549,-0.00455161463469,0.00681291054934,-0.00890709739178,0.0176694877446,-0.00610994035378],[-0.000039715123421,0.000431307824329,0.000366777268937,-0.000424336292781,0.0000471863859275,0.000787201279309,0.000746727164369,-0.0016906807432,0.0027229024563,-0.00243286974728,0.00334929325618,-0.00610994035378,0.0137694617733]],"mean":[-719.724609375,144.721282959,-3.32416820526,17.3825931549,8.63765525818,-0.216359958053,-2.90127658844,-1.59817957878,-2.91937685013,2.60782289505,-3.85191845894,-1.38561439514,-0.3774074018]},"pitch_salience":{"dmean":0.0594294182956,"dmean2":0.0983482003212,"dvar":0.00309397466481,"dvar2":0.00857162289321,"max":0.996097385883,"mean":0.578584432602,"median":0.584280431271,"min":0.095129057765,"var":0.0107562532648},"silence_rate_20dB":{"dmean":0,"dmean2":0,"dvar":0,"dvar2":0,"max":1,"mean":1,"median":1,"min":1,"var":0},"silence_rate_30dB":{"dmean":0,"dmean2":0,"dvar":0,"dvar2":0,"max":1,"mean":1,"median":1,"min":1,"var":0},"silence_rate_60dB":{"dmean":0.0151014626026,"dmean2":0.030206490308,"dvar":0.014874143526,"dvar2":0.0330724678934,"max":1,"mean":0.187212452292,"median":0,"min":0,"var":0.152161628008},"spectral_centroid":{"dmean":139.022338867,"dmean2":216.088348389,"dvar":35783.328125,"dvar2":81550.734375,"max":11760.3339844,"mean":1157.62097168,"median":1007.16992188,"min":151.893112183,"var":782213.0625},"spectral_complexity":{"dmean":1.85559225082,"dmean2":2.9653096199,"dvar":4.11338281631,"dvar2":9.26561737061,"max":49,"mean":14.9916248322,"median":16,"min":0,"var":86.2426681519},"spectral_contrast_coeffs":{"dmean":[0.0422097481787,0.0383708178997,0.032030377537,0.0264697112143,0.0198003388941,0.0144738992676],"dmean2":[0.0696247518063,0.0625974461436,0.0522444397211,0.0433121882379,0.031830303371,0.0236066430807],"dvar":[0.00138778937981,0.000941114209127,0.000693635898642,0.000509634672198,0.00035181545536,0.000212513972656],"dvar2":[0.00359685439616,0.00253238645382,0.00181887543295,0.00126909872051,0.000800588866696,0.0005044680438],"max":[-0.360548943281,-0.439563274384,-0.523504734039,-0.522466540337,-0.479995459318,-0.570922970772],"mean":[-0.678680241108,-0.728908240795,-0.758566975594,-0.761522889137,-0.7698751688,-0.791346132755],"median":[-0.683760404587,-0.726916968822,-0.758149027824,-0.763371706009,-0.774242281914,-0.792468011379],"min":[-0.97977989912,-0.999108016491,-0.99787902832,-0.98568457365,-0.986571073532,-0.962978422642],"var":[0.00694494601339,0.00565126724541,0.00569214811549,0.0064825261943,0.00665948679671,0.00260408339091]},"spectral_contrast_valleys":{"dmean":[0.334055632353,0.296432614326,0.255358278751,0.228197365999,0.202963083982,0.206222504377],"dmean2":[0.549698710442,0.489383637905,0.41921889782,0.37732064724,0.320600986481,0.313427180052],"dvar":[0.0951351001859,0.0732746198773,0.0604366920888,0.0631664171815,0.0811844319105,0.11566901207],"dvar2":[0.237562671304,0.196721091866,0.161805570126,0.166880771518,0.196465313435,0.265029788017],"max":[-5.47200202942,-4.9209356308,-5.75614023209,-5.99702262878,-6.08684015274,-8.6622171402],"mean":[-7.77514696121,-7.24473810196,-8.02749347687,-8.52138137817,-8.85949325562,-11.4217729568],"median":[-7.22767019272,-6.75868797302,-7.50468730927,-7.98300170898,-8.30819225311,-11.0815639496],"min":[-27.9538555145,-27.9431762695,-27.7136802673,-27.5667858124,-27.5575256348,-27.4011287689],"var":[3.82238006592,3.87917399406,3.95279693604,4.16103363037,3.89567446709,3.06160235405]},"spectral_decrease":{"dmean":1.00461317043e-9,"dmean2":1.54644819172e-9,"dvar":2.8870102643e-18,"dvar2":6.76276605839e-18,"max":1.18747256715e-25,"mean":-4.24768353824e-9,"median":-3.40467165572e-9,"min":-2.48212650433e-8,"var":1.36101014082e-17},"spectral_energy":{"dmean":0.00402300665155,"dmean2":0.00618586875498,"dvar":0.0000442848795501,"dvar2":0.000103502832644,"max":0.0977112874389,"mean":0.0174276195467,"median":0.0136886015534,"min":1.00764961179e-20,"var":0.000232514183153},"spectral_energyband_high":{"dmean":0.0000698127332726,"dmean2":0.000102554331534,"dvar":3.62133008025e-8,"dvar2":7.96779104917e-8,"max":0.00708063738421,"mean":0.000230002071476,"median":0.0000800814232207,"min":7.15664387519e-21,"var":1.78171760012e-7},"spectral_energyband_low":{"dmean":0.00144595804159,"dmean2":0.00226903008297,"dvar":0.0000157756312547,"dvar2":0.00003788093818,"max":0.0680155754089,"mean":0.00370235787705,"median":0.00245436350815,"min":2.99086262359e-23,"var":0.0000268765943474},"spectral_energyband_middle_high":{"dmean":0.00145438336767,"dmean2":0.00225523719564,"dvar":0.00000679424420014,"dvar2":0.0000171390183823,"max":0.068214289844,"mean":0.00596208544448,"median":0.00241848197766,"min":1.35213253218e-21,"var":0.0000600390267209},"spectral_energyband_middle_low":{"dmean":0.00253251474351,"dmean2":0.00386952492408,"dvar":0.0000227583805099,"dvar2":0.0000567150673305,"max":0.0752621740103,"mean":0.00802931375802,"median":0.00609673326835,"min":2.16302328063e-22,"var":0.0000634995521978},"spectral_entropy":{"dmean":0.131490573287,"dmean2":0.204588979483,"dvar":0.0215015560389,"dvar2":0.0522436760366,"max":9.81943130493,"mean":7.1664481163,"median":7.1912021637,"min":5.02294778824,"var":0.282511025667},"spectral_flux":{"dmean":0.0133239021525,"dmean2":0.0212967470288,"dvar":0.000359464029316,"dvar2":0.00081190088531,"max":0.238912001252,"mean":0.0521126203239,"median":0.0456307977438,"min":6.36122612918e-11,"var":0.00143088609912},"spectral_kurtosis":{"dmean":2.46572303772,"dmean2":4.20058917999,"dvar":11.0591344833,"dvar2":29.5993022919,"max":106.735542297,"mean":8.28136348724,"median":6.76970863342,"min":-1.27923059464,"var":44.4188156128},"spectral_rms":{"dmean":0.00042388527072,"dmean2":0.000641950871795,"dvar":3.34748904152e-7,"dvar2":7.34912475764e-7,"max":0.00976361054927,"mean":0.00361040304415,"median":0.00365441269241,"min":3.13539905844e-12,"var":0.00000396757468479},"spectral_rolloff":{"dmean":236.914367676,"dmean2":406.800140381,"dvar":271244.46875,"dvar2":748468.3125,"max":19229.1503906,"mean":1491.09973145,"median":1033.59375,"min":86.1328125,"var":4643079.5},"spectral_skewness":{"dmean":0.247761547565,"dmean2":0.411745339632,"dvar":0.0729010999203,"dvar2":0.190160542727,"max":7.98331880569,"mean":2.07205629349,"median":1.96234357357,"min":-0.0893875658512,"var":0.5710927248},"spectral_spread":{"dmean":380711.78125,"dmean2":612679.125,"dvar":825145884672,"dvar2":2164685012990,"max":50833320,"mean":3838744,"median":3336076.25,"min":782921.875,"var":6971307589630},"spectral_strongpeak":{"dmean":0.676671683788,"dmean2":1.13632571697,"dvar":1.87833034992,"dvar2":4.69159269333,"max":18.1801815033,"mean":1.45508575439,"median":0.440939694643,"min":0,"var":5.77447032928},"zerocrossingrate":{"dmean":0.00530012138188,"dmean2":0.00687667075545,"dvar":0.0000356059608748,"dvar2":0.0000610802890151,"max":0.5263671875,"mean":0.0540248602629,"median":0.044921875,"min":0.00341796875,"var":0.00300304987468}},"metadata":{"audio_properties":{"analysis_sample_rate":44100,"bit_rate":0,"codec":"flac","downmix":"mix","equal_loudness":0,"length":196.800003052,"lossless":true,"md5_encoded":"7edd4ee47b9b51b2ea056d88df90e8b8","replay_gain":-9.93257904053,"sample_rate":44100},"tags":{"album":["The Endless River"],"albumartist":["Pink Floyd"],"albumartistsort":["Pink Floyd"],"artist":["Pink Floyd"],"artists":["Pink Floyd"],"artistsort":["Pink Floyd"],"asin":["B00NQKWA6S"],"date":["2014-11-10"],"discnumber":["1"],"disctotal":["1"],"file_name":"07 Anisina.flac","genre":["Progressive Rock"],"label":["Pink Floyd Music Ltd."],"media":["CD"],"musicbrainz_albumartistid":["83d91898-7763-47d7-b03b-b92132375c47"],"musicbrainz_albumid":["478ff859-34eb-457e-b9d2-dc74b5a372e9"],"musicbrainz_artistid":["83d91898-7763-47d7-b03b-b92132375c47"],"musicbrainz_recordingid":["bb32b901-9677-4eb8-a636-65f3ba0cafe2"],"musicbrainz_releasegroupid":["38b4c840-16ce-40fa-b7c0-a354b7c87178"],"musicbrainz_releasetrackid":["93883127-f079-4a9b-a57d-c4eb892d36f7"],"originaldate":["2014-11-10"],"releasecountry":["XW"],"releasestatus":["official"],"releasetype":["album"],"script":["Latn"],"sourcemedia":["CD"],"title":["Anisina"],"totaldiscs":["1"],"totaltracks":["18"],"tracknumber":["7"],"tracktotal":["18"]},"version":{"essentia":"2.1-beta1","essentia_build_sha":"88e390dad3da3739867137981c593af8412fc3e5","essentia_git_sha":"v2.1_beta1-34-gf95df8b","extractor":"music 1.0"}},"rhythm":{"beats_count":461,"beats_loudness":{"dmean":0.0109629575163,"dmean2":0.0200560241938,"dvar":0.000102527716081,"dvar2":0.000285969290417,"max":0.0773358568549,"mean":0.0229685585946,"median":0.0206811726093,"min":1.70219936237e-12,"var":0.00029377519968},"beats_loudness_band_ratio":{"dmean":[0.16064375639,0.151704058051,0.097976334393,0.0577620342374,0.0637590065598,0.0254088509828],"dmean2":[0.284530043602,0.267196267843,0.171563580632,0.0972909480333,0.111837856472,0.0428677089512],"dvar":[0.0204952284694,0.0153320487589,0.008443