{"lowlevel":{"average_loudness":0.796591699123,"barkbands":{"dmean":[0.000111443325295,0.00657087750733,0.00348248681985,0.000862461747602,0.000952189613599,0.000496698543429,0.00027910474455,0.000457490910776,0.000299937732052,0.000854282989167,0.00084986211732,0.000374783179723,0.000233145256061,0.000237093365286,0.000237484098761,0.000174182117917,0.000278437888483,0.000282406748738,0.000395011156797,0.000233377359109,0.000512551458087,0.000350584683474,0.000758254434913,0.000919300073292,0.000559312058613,0.000115812224976,0.00000746403839003],"dmean2":[0.000180572998943,0.0101663498208,0.00555691681802,0.00139303854667,0.00154041312635,0.000755153945647,0.000440803298261,0.000646434666123,0.000473194173537,0.00127778213937,0.00131744449027,0.000604512926657,0.000366381922504,0.000374501192709,0.000389286084101,0.000280281004962,0.000455971312476,0.000447611382697,0.000621157989372,0.000370224792277,0.000785475014709,0.000519518333022,0.00109269132372,0.00148983218241,0.000924432708416,0.000190652979654,0.0000125134520204],"dvar":[7.98343151587e-8,0.000291828240734,0.0000532879130333,0.00000310127416014,0.00000276463856608,7.5617344919e-7,4.14259801573e-7,6.62289323827e-7,6.42179202259e-7,0.00000183447968993,0.00000339403732141,3.66988246014e-7,2.55851460906e-7,1.53761988031e-7,1.986318523e-7,1.45709705635e-7,2.01407743816e-7,3.24820888409e-7,4.56827933704e-7,3.59733917321e-7,0.00000174482158855,0.00000103572801891,0.00000163943855114,0.000003220430699,0.00000106051049897,7.77209478997e-8,7.60321694493e-10],"dvar2":[2.0540845469e-7,0.000669295608532,0.000138163988595,0.00000777230525273,0.00000726291546016,0.00000187202704183,0.00000112110308237,0.00000151734468545,0.000001723446303,0.00000433656578025,0.0000088066481112,9.64291416494e-7,6.34997945781e-7,3.68508096926e-7,5.13259237778e-7,3.57222717184e-7,4.86577675929e-7,7.36072649943e-7,9.73447640717e-7,8.42412475777e-7,0.00000402687965106,0.00000217349975173,0.00000335368940796,0.00000839331096358,0.00000263811784862,2.06249097801e-7,2.02713446029e-9],"max":[0.00543053681031,0.272072792053,0.12145216763,0.0283832550049,0.0284144282341,0.0184139404446,0.00951056275517,0.0199262984097,0.0217779744416,0.0254069492221,0.0337617732584,0.0106605198234,0.0130806574598,0.00656635919586,0.00747558008879,0.00520154088736,0.00630206195638,0.0105004543439,0.00975530873984,0.0104677043855,0.0198720507324,0.022724295035,0.0212228670716,0.0171051099896,0.0108978040516,0.00453737657517,0.000873686105479],"mean":[0.000249480508501,0.0142170609906,0.00866753235459,0.00245992280543,0.00180527486373,0.00110470002983,0.000519882712979,0.00100499659311,0.000474559754366,0.00143561966252,0.00143603398465,0.000616361445282,0.000397230614908,0.00037489310489,0.000365016807336,0.000253760284977,0.000415689079091,0.000465953286039,0.00079835834913,0.000399344600737,0.000800504814833,0.000597434001975,0.00136381562334,0.00118115043733,0.000670108362101,0.000114348084026,0.00000855914640852],"median":[0.0000702843244653,0.00666844565421,0.00434537418187,0.00125447590835,0.00108293571975,0.000462028052425,0.000188783669728,0.000641368853394,0.000183960510185,0.000758995127399,0.000429527426604,0.000307594891638,0.000122624158394,0.000173359832843,0.000162573269336,0.00010171032045,0.00023041642271,0.000142105156556,0.000430388376117,0.000255780498264,0.000360558799002,0.000232279577176,0.000721587915905,0.000577340833843,0.000252903380897,0.0000181372470252,4.46418482625e-7],"min":[1.46826104896e-24,4.29144402963e-23,3.95460768062e-23,7.34750095833e-24,5.53930807017e-23,5.22775849971e-23,2.02602988516e-23,5.81464640073e-23,1.97238261044e-22,5.67687783898e-23,6.87195982744e-23,1.05065859611e-22,8.97369227605e-23,1.28967234324e-22,6.81905629078e-23,2.2987591056e-22,1.53124654353e-22,2.72608089278e-22,2.02168666945e-22,2.72850477835e-22,5.33553810394e-22,6.35989052389e-22,6.91255561937e-22,7.46879065753e-22,1.15185586923e-21,1.76190217683e-21,2.80397243796e-21],"var":[1.34306105792e-7,0.000581165426411,0.000135910871904,0.0000104095061033,0.00000499223233419,0.00000254166252489,7.07885533302e-7,0.0000015116539771,9.52930463427e-7,0.00000398711426897,0.00000788872876001,7.572586469e-7,6.54810150991e-7,3.26079771185e-7,3.38124351629e-7,1.99700906478e-7,3.31175641577e-7,7.03547186731e-7,0.00000116205706036,4.76481517353e-7,0.00000235629818235,0.00000231717422139,0.00000379423181585,0.00000305230150843,0.00000125046722133,6.51477520819e-8,8.07281408388e-10]},"barkbands_crest":{"dmean":2.33401560783,"dmean2":3.75234985352,"dvar":5.37796974182,"dvar2":13.1426935196,"max":26.4282627106,"mean":10.1082077026,"median":9.09345245361,"min":2.14144992828,"var":22.5732097626},"barkbands_flatness_db":{"dmean":0.0200218372047,"dmean2":0.030073389411,"dvar":0.000372180831619,"dvar2":0.000852917321026,"max":0.608950078487,"mean":0.146322444081,"median":0.108828507364,"min":0.0283135287464,"var":0.0134705882519},"barkbands_kurtosis":{"dmean":2.73629379272,"dmean2":4.31403112411,"dvar":40.1651000977,"dvar2":97.7686080933,"max":255.087280273,"mean":3.03974461555,"median":0.677551269531,"min":-1.91223704815,"var":73.0372238159},"barkbands_skewness":{"dmean":0.566714584827,"dmean2":0.871515214443,"dvar":0.355389565229,"dvar2":0.833802759647,"max":6.63334703445,"mean":0.967362999916,"median":1.00871407986,"min":-8.83751392365,"var":2.15637946129},"barkbands_spread":{"dmean":9.89194011688,"dmean2":15.2014102936,"dvar":118.96661377,"dvar2":258.969940186,"max":102.987518311,"mean":37.5343704224,"median":36.6431922913,"min":0.122895732522,"var":459.107635498},"dissonance":{"dmean":0.0246547721326,"dmean2":0.0418045520782,"dvar":0.00178096548188,"dvar2":0.00522790057585,"max":0.499999940395,"mean":0.453060299158,"median":0.470034211874,"min":0.0363462977111,"var":0.00388863915578},"dynamic_complexity":3.31498217583,"erbbands":{"dmean":[0.172886997461,1.61879229546,4.00183773041,3.12905836105,2.74577856064,3.04771327972,4.71943235397,3.68471360207,4.97379016876,4.71570110321,10.42436409,7.53770685196,25.0170440674,27.2392578125,23.559961319,17.0120410919,10.8811569214,12.7464542389,10.1818389893,10.4898080826,11.2110280991,12.3578701019,13.3856010437,18.1398563385,16.0362930298,11.3619995117,21.0775508881,17.3603000641,12.9578857422,16.6665916443,21.0984210968,24.6187133789,11.8760328293,7.24399185181,3.43795466423,0.81870251894,0.153368085623,0.019954521209,0.00132124125957,0.0000537027808605],"dmean2":[0.273632973433,2.49388098717,6.49470853806,4.88580369949,4.37871074677,5.10279178619,7.74821567535,5.43548345566,7.16391181946,7.37809658051,14.7525196075,11.7347307205,36.8623046875,42.4034347534,36.1835746765,27.209022522,17.0401515961,20.1033706665,16.06798172,17.061050415,17.8471374512,19.997877121,21.3520069122,28.2362155914,25.8268680573,17.6827392578,31.9558124542,27.2265548706,19.5032787323,24.4294815063,30.5308761597,39.6579475403,19.000213623,11.8466749191,5.69893789291,1.32952022552,0.252345979214,0.0337493084371,0.00221403618343,0.0000849330390338],"dvar":[0.221390128136,17.5719451904,78.7041625977,39.6375350952,26.0785160065,32.6631126404,106.217048645,46.8483657837,110.721107483,100.583526611,445.875823975,397.348602295,1634.45800781,3701.33374023,2397.11499023,681.445678711,504.485198975,406.844970703,455.364624023,392.443695068,382.810546875,547.561340332,678.141052246,845.255065918,986.324890137,746.924438477,2670.47460938,2942.70532227,1414.71362305,1873.62902832,1159.48388672,2621.56469727,436.352081299,143.672515869,77.6606903076,3.44433522224,0.146532312036,0.00332626956515,0.0000125646965898,1.06610977824e-8],"dvar2":[0.49273750186,42.4785919189,202.960754395,92.3714752197,68.2457199097,87.2094802856,284.522796631,114.655532837,256.57232666,268.22088623,988.297607422,1107.81530762,3730.22460938,9246.17285156,6101.52685547,1751.3984375,1229.7220459,977.657653809,1132.72961426,1010.79107666,921.326843262,1299.81677246,1574.27111816,1805.97717285,2264.60327148,1699.6965332,5625.73925781,7365.21972656,3116.45947266,3687.43212891,2489.16357422,6995.98632812,1090.3951416,369.013824463,190.471786499,9.03239345551,0.386404275894,0.00893435720354,0.0000324852881022,2.65137138911e-8],"max":[7.10958433151,66.9937744141,160.793121338,80.4259109497,89.1982955933,104.754478455,139.182907104,169.711624146,249.149490356,182.00869751,523.099914551,520.481506348,845.216125488,1174.98937988,1048.54492188,474.45425415,486.161529541,368.598449707,444.03729248,420.724761963,270.242767334,303.557769775,466.603088379,387.178100586,415.560791016,395.967773438,805.909912109,729.117919922,994.383178711,720.242675781,673.711303711,516.293334961,224.703186035,149.088302612,120.629463196,27.2602863312,6.70794200897,1.32302379608,0.0611376911402,0.00146209751256],"mean":[0.30723541975,3.53050947189,10.8990077972,9.04983520508,6.39293909073,4.97182273865,7.00598335266,8.36384963989,10.6632061005,9.51490020752,22.5197296143,13.8389625549,42.0649490356,49.4151039124,42.9994812012,29.175453186,20.0111865997,22.24426651,17.5877037048,16.6552600861,18.4405517578,19.1230220795,23.5296478271,35.8339729309,32.7028121948,20.6633853912,34.022644043,25.0713100433,21.6382827759,28.4338092804,38.2573509216,32.9812850952,15.1680259705,8.63271522522,4.17214155197,0.852287828922,0.15553689003,0.0206029899418,0.00167236954439,0.000115166454634],"median":[0.134195268154,1.59473264217,5.39530658722,5.20491218567,3.69403195381,2.72707486153,2.78990983963,3.21564674377,3.50453543663,4.82340669632,12.3701257706,7.10154438019,22.3031406403,18.0692176819,13.8905944824,15.8687829971,8.03928852081,12.0998420715,8.52624797821,8.99624824524,11.1159162521,9.80191230774,7.76610994339,20.2267532349,19.4219684601,13.5642595291,13.9609279633,11.0570459366,8.60108566284,9.80660247803,20.7606163025,15.8705034256,7.72269296646,3.9773979187,0.999955773354,0.214696854353,0.0190708972514,0.00169368938077,0.000170569779584,0.0000730386309442],"min":[5.73545145539e-22,1.18975075792e-20,4.60727678159e-20,3.70630034929e-20,2.98622605513e-20,1.92662384632e-19,5.63290868597e-19,3.04491568281e-19,3.2202428175e-19,3.6830599345e-19,1.89419252434e-18,4.54230227439e-18,2.63850514916e-18,2.15173934397e-18,3.20055576382e-18,4.32597055597e-18,4.26390843538e-18,5.93352369816e-18,4.60839193738e-18,5.8043127098e-18,1.33620059543e-17,1.06916733767e-17,1.50316104637e-17,1.04953536389e-17,1.06905889429e-17,1.55943480519e-17,1.98378507687e-17,2.17711455682e-17,2.56248096429e-17,1.72956749378e-17,2.00520442253e-17,1.79949419948e-17,1.19590654492e-17,1.3086791384e-17,8.3061448743e-18,6.52125620289e-18,3.35469797584e-18,1.73717193059e-18,3.38170356168e-19,3.95412624575e-20],"var":[0.386594176292,33.694152832,219.714157104,127.036949158,65.342880249,46.5289649963,137.927734375,162.821426392,344.374694824,173.176116943,1019.60461426,603.904663086,3336.28173828,8543.25195312,5636.99365234,1395.89770508,1297.28039551,928.098449707,850.970581055,592.756652832,634.705322266,867.671325684,1527.25463867,2058.58959961,1907.67199707,1078.71337891,4244.37890625,3405.51538086,2907.6081543,3840.56079102,2863.46313477,2510.78662109,461.853210449,148.226394653,101.014945984,3.07680511475,0.131502851844,0.00325765507296,0.0000180099359568,2.09349515501e-8]},"erbbands_crest":{"dmean":2.45273399353,"dmean2":3.93982553482,"dvar":5.22960996628,"dvar2":13.6871032715,"max":33.9096565247,"mean":9.15382575989,"median":7.29609489441,"min":2.2559773922,"var":33.0290260315},"erbbands_flatness_db":{"dmean":0.0168488267809,"dmean2":0.024831071496,"dvar":0.000266633956926,"dvar2":0.000586267851759,"max":0.658626914024,"mean":0.169825389981,"median":0.126099333167,"min":0.0287087000906,"var":0.0178155340254},"erbbands_kurtosis":{"dmean":1.0211275816,"dmean2":1.66122078896,"dvar":7.68834018707,"dvar2":22.5185813904,"max":102.70375824,"mean":0.291971802711,"median":-0.52268576622,"min":-1.7880512476,"var":14.2825078964},"erbbands_skewness":{"dmean":0.385408073664,"dmean2":0.579031407833,"dvar":0.140118807554,"dvar2":0.328148424625,"max":4.67985248566,"mean":-0.133512184024,"median":-0.112340070307,"min":-3.50242447853,"var":0.565699934959},"erbbands_spread":{"dmean":9.95420646667,"dmean2":14.9917879105,"dvar":105.962852478,"dvar2":239.04649353,"max":142.357177734,"mean":53.1523895264,"median":54.5944633484,"min":0.299464583397,"var":709.656433105},"gfcc":{"cov":[[33521.9648438,-2321.52783203,3348.96801758,7458.36523438,-1381.61828613,186.002883911,-3777.4597168,235.058151245,-1109.38464355,389.528320312,-816.936950684,-696.428161621,-887.530639648],[-2321.52783203,1796.72375488,-437.849090576,-770.783508301,419.49597168,237.592071533,742.422302246,54.0730056763,216.816650391,-89.3545532227,214.944564819,43.0618476868,182.737747192],[3348.96801758,-437.849090576,1404.97094727,1274.94909668,125.834320068,134.388137817,-458.370147705,91.4941940308,-111.048843384,235.64630127,-166.119628906,-65.4418411255,-138.107559204],[7458.36523438,-770.783508301,1274.94909668,2650.40332031,-201.497619629,94.6867446899,-1059.51538086,70.3843765259,-264.533935547,144.931945801,-202.422668457,-255.300323486,-248.683792114],[-1381.61828613,419.49597168,125.834320068,-201.497619629,467.131530762,130.026000977,325.45904541,61.6953163147,102.446907043,63.0267829895,30.0097141266,66.4606399536,26.1035270691],[186.002883911,237.592071533,134.388137817,94.6867446899,130.026000977,257.251037598,112.460708618,34.2763519287,12.3144006729,-23.4928092957,5.86747217178,-18.1188030243,4.22839403152],[-3777.4597168,742.422302246,-458.370147705,-1059.51538086,325.45904541,112.460708618,816.852355957,34.037563324,174.593780518,-56.9135284424,134.942947388,127.771987915,128.022689819],[235.058151245,54.0730056763,91.4941940308,70.3843765259,61.6953163147,34.2763519287,34.037563324,105.087173462,19.8117980957,19.3182201385,-14.0021371841,-11.6785516739,-12.2054004669],[-1109.38464355,216.816650391,-111.048843384,-264.533935547,102.446907043,12.3144006729,174.593780518,19.8117980957,150.36390686,19.0809936523,38.3651924133,12.7102890015,34.4835777283],[389.528320312,-89.3545532227,235.64630127,144.931945801,63.0267829895,-23.4928092957,-56.9135284424,19.3182201385,19.0809936523,174.826507568,-4.11964941025,-0.394418776035,-19.0169467926],[-816.936950684,214.944564819,-166.119628906,-202.422668457,30.0097141266,5.86747217178,134.942947388,-14.0021371841,38.3651924133,-4.11964941025,117.010246277,25.8803501129,34.0343704224],[-696.428161621,43.0618476868,-65.4418411255,-255.300323486,66.4606399536,-18.1188030243,127.771987915,-11.6785516739,12.7102890015,-0.394418776035,25.8803501129,114.726989746,40.4948806763],[-887.530639648,182.737747192,-138.107559204,-248.683792114,26.1035270691,4.22839403152,128.022689819,-12.2054004669,34.4835777283,-19.0169467926,34.0343704224,40.4948806763,113.046737671]],"icov":[[0.000151551328599,-0.000240266468609,0.000114255286462,-0.000288474897388,0.000387749110814,-0.000252909288974,0.000338944722898,-0.000300496147247,0.000296011276077,-0.000374980591005,0.0005240215105,-0.000559619860724,0.000476162909763],[-0.000240266468609,0.00172079901677,-0.000120607226563,0.000361364363926,-0.00133338931482,0.0000153978508024,-0.00112579576671,0.000281553191599,-0.000814393220935,0.00118619762361,-0.00226450944319,0.00199700589292,-0.00199334789068],[0.000114255286462,-0.000120607226563,0.00229590618983,-0.000976273149718,-0.000255146820564,-0.00121125311125,0.000476426823298,-0.000652491231449,0.000592218537349,-0.00240124412812,0.00196504150517,-0.00149436946958,0.000602555985097],[-0.000288474897388,0.000361364363926,-0.000976273149718,0.00202363240533,-0.000993771129288,0.0000589902956563,0.000852048106026,0.0000139254379974,0.0000829534765217,0.00101207359694,-0.00163541326765,0.00223268033005,-0.000488622696139],[0.000387749110814,-0.00133338931482,-0.000255146820564,-0.000993771129288,0.00604096939787,-0.00165668106638,-0.000817813153844,-0.00124244426843,-0.000628100649919,-0.0025093453005,0.00264893355779,-0.0039103962481,0.00253356434405],[-0.000252909288974,0.0000153978508024,-0.00121125311125,0.0000589902956563,-0.00165668106638,0.00680695613846,-0.00196924130432,0.000444261881057,0.000102885642264,0.00281628523953,-0.00123194966,0.00286008906551,-0.00116571399849],[0.000338944722898,-0.00112579576671,0.000476426823298,0.000852048106026,-0.000817813153844,-0.00196924130432,0.00614476948977,-0.0021531523671,-0.000081311147369,-0.000309131573886,-0.000144946490764,-0.00254152598791,0.000935361545999],[-0.000300496147247,0.000281553191599,-0.000652491231449,0.0000139254379974,-0.00124244426843,0.000444261881057,-0.0021531523671,0.0125476727262,-0.00189503724687,0.000341764389304,0.0008951688651,0.00217937864363,0.0000679482327541],[0.000296011276077,-0.000814393220935,0.000592218537349,0.0000829534765217,-0.000628100649919,0.000102885642264,-0.000081311147369,-0.00189503724687,0.0114946421236,-0.00276926881634,0.000379014993086,0.00155878707301,-0.0000695533817634],[-0.000374980591005,0.00118619762361,-0.00240124412812,0.00101207359694,-0.0025093453005,0.00281628523953,-0.000309131573886,0.000341764389304,-0.00276926881634,0.0107371825725,-0.00432063871995,0.00231649889611,-0.00158558576368],[0.0005240215105,-0.00226450944319,0.00196504150517,-0.00163541326765,0.00264893355779,-0.00123194966,-0.000144946490764,0.0008951688651,0.000379014993086,-0.00432063871995,0.0160471722484,-0.00440982263535,0.00217885524035],[-0.000559619860724,0.00199700589292,-0.00149436946958,0.00223268033005,-0.0039103962481,0.00286008906551,-0.00254152598791,0.00217937864363,0.00155878707301,0.00231649889611,-0.00440982263535,0.017248660326,-0.00556320650503],[0.000476162909763,-0.00199334789068,0.000602555985097,-0.000488622696139,0.00253356434405,-0.00116571399849,0.000935361545999,0.0000679482327541,-0.0000695533817634,-0.00158558576368,0.00217885524035,-0.00556320650503,0.0149656767026]],"mean":[-2.80535149574,53.667514801,-115.019775391,32.5237693787,-70.0973129272,36.8466491699,-27.4619121552,17.9643802643,-24.4932098389,-5.19325590134,-10.6997060776,-5.08387374878,-8.65884113312]},"hfc":{"dmean":23.376121521,"dmean2":35.2019920349,"dvar":1496.1517334,"dvar2":3336.41088867,"max":417.009521484,"mean":52.2888298035,"median":40.0672340393,"min":1.24581050017e-16,"var":2589.09838867},"melbands":{"dmean":[0.00166269787587,0.00204360927455,0.000518839806318,0.000197358604055,0.000159981020261,0.0000892350508366,0.0000713768095011,0.0000579078732699,0.0000798009059508,0.0000504238305439,0.000125210630358,0.000107305284473,0.0000973437490757,0.0000501782305946,0.0000231659087149,0.000026796162274,0.000026850564609,0.0000157224894792,0.0000170532039192,0.0000146410329762,0.0000146742950164,0.0000145310641528,0.0000119817605082,0.0000149841825987,0.0000154885437951,0.0000174044798769,0.00000838366941025,0.00000715525220585,0.0000149040333781,0.0000101965788417,0.0000103603479147,0.00000694396749168,0.00000792566879682,0.0000111064518933,0.0000102914173112,0.0000176310168172,0.00001514737869,0.00000904401440494,0.00000715962596587,0.00000579233983444],"dmean2":[0.00257211946882,0.00325849279761,0.000805951072834,0.000320057093631,0.000263395137154,0.000129596432089,0.000104205973912,0.0000886891648406,0.000113799287647,0.000078096469224,0.000184863019967,0.000167711623362,0.000150922875036,0.0000796265230747,0.0000368205583072,0.0000419065036112,0.0000426998522016,0.0000248059168371,0.0000284061970888,0.000023752098059,0.000023476593924,0.0000235961379076,0.0000193367723114,0.0000236234973272,0.0000240602748818,0.0000278357438219,0.0000134570636874,0.0000112209618237,0.0000229277684411,0.0000156269015861,0.0000167937851074,0.0000105004392026,0.0000121496113934,0.0000163343138411,0.0000151663880388,0.0000264451737166,0.000025205901693,0.0000146916636368,0.0000115111524792,0.00000962827016338],"dvar":[0.000019475362933,0.0000217731048906,0.00000104625394215,1.25189956179e-7,1.20574611628e-7,2.68310085261e-8,2.24002754123e-8,1.28278418998e-8,2.72455640271e-8,1.48593439775e-8,4.06418791954e-8,5.84571466788e-8,4.5036127716e-8,6.74623246155e-9,1.1039978931e-9,3.99414989971e-9,2.00174476994e-9,1.08686426525e-9,1.02375041777e-9,8.3354251279e-10,5.86365733746e-10,6.18420703535e-10,7.44133310526e-10,9.11610620324e-10,6.12830231006e-10,9.99943683411e-10,3.31115801444e-10,3.21720955432e-10,1.4054115649e-9,7.06001757056e-10,1.25549359797e-9,3.95601412739e-10,6.15609840882e-10,8.46946124344e-10,2.96657448606e-10,1.16359322178e-9,1.06001063482e-9,3.21298321282e-10,1.1961250046e-10,1.05219034874e-10],"dvar2":[0.000042896852392,0.0000547592899238,0.00000243445992965,3.29658774945e-7,3.23130791458e-7,6.3108174686e-8,5.31288293359e-8,3.3216505102e-8,6.09872259361e-8,4.0311107341e-8,9.30803025767e-8,1.44563301774e-7,1.16163541009e-7,1.8026980797e-8,2.75406342176e-9,1.00170867157e-8,4.85650453186e-9,2.66260502535e-9,2.66963695594e-9,2.04644123869e-9,1.42100198275e-9,1.46253686939e-9,1.83679405019e-9,2.00210692469e-9,1.33766342447e-9,2.24916374414e-9,7.92509780023e-10,7.39886818479e-10,3.07271119659e-9,1.57947210866e-9,3.30320437669e-9,8.4927104238e-10,1.42525136138e-9,1.60716628894e-9,6.52097376097e-10,2.77557110628e-9,2.8486237813e-9,8.17322654001e-10,2.9592783779e-10,2.73375017068e-10],"max":[0.0690732002258,0.0766998305917,0.013003452681,0.00761699397117,0.00478782178834,0.00427426444367,0.00337521312758,0.00170820904896,0.0036696465686,0.00321926386096,0.00412969570607,0.00471650855616,0.00358937494457,0.0019307237817,0.000603439693805,0.00177564180922,0.00081153557403,0.000644644722342,0.000444974546554,0.000454982626252,0.000402250065235,0.000331597228069,0.000362558115739,0.000631281815004,0.000346604181686,0.000435820780694,0.00036537804408,0.000263295718469,0.000496271532029,0.000440731440904,0.000475349545013,0.000619632075541,0.000505855656229,0.000408590945881,0.00046597540495,0.000649907335173,0.000347691559,0.000179628463229,0.000139288924402,0.000120420409075],"mean":[0.00331711140461,0.005488879513,0.00150434183888,0.000389807770262,0.000237335712882,0.000205346907023,0.000152570020873,0.00011833608005,0.000169260107214,0.0000860888976604,0.000206024371437,0.000188677789993,0.000166950951098,0.0000877725833561,0.000040535152948,0.0000453987413493,0.0000423718483944,0.0000260343440459,0.0000248852920777,0.0000217954366235,0.000022997324777,0.0000214085521293,0.0000175202530954,0.0000254588776443,0.0000292828353849,0.0000329456597683,0.0000152919092216,0.0000118379548439,0.0000226203919738,0.0000161014941114,0.0000134570991577,0.0000115564689622,0.0000121924749692,0.0000179003436642,0.000018312541215,0.0000292132936011,0.0000171659830812,0.0000106637207864,0.00000940296558838,0.00000632396449873],"median":[0.001527942135,0.00284176878631,0.000890362018254,0.000237610307522,0.0000981608609436,0.0000789849582361,0.0000495404092362,0.0000651985756122,0.0000875733749126,0.0000382613070542,0.000104594124423,0.0000625036482234,0.000048765567044,0.0000468995931442,0.0000231883859669,0.000013322545783,0.0000200431022677,0.0000113000660349,0.0000107321357063,0.00000974301383394,0.000013369147382,0.0000109509101094,0.00000550671620658,0.00000699329666531,0.0000158690727403,0.0000166570753208,0.0000101563309727,0.0000071243534876,0.00000936611559155,0.00000650578567729,0.00000512695623911,0.00000446928243036,0.00000431455146099,0.00000441992642664,0.00000989713953459,0.0000117984991448,0.00000766568155086,0.0000047679304771,0.00000480115204482,0.00000257700025941],"min":[8.47275739708e-24,2.2324626356e-23,5.69131864782e-24,6.81771144071e-24,1.77760385992e-23,7.64777612873e-24,4.82817504989e-24,4.49150262618e-24,1.61478186468e-23,3.09942850127e-23,1.29739180473e-23,8.55352176542e-24,9.9325847341e-24,9.73092112115e-24,1.15817442104e-23,9.40168134489e-24,1.12771831587e-23,8.34378179452e-24,4.91072934362e-24,1.06778318865e-23,1.63746161571e-23,9.22665283154e-24,1.36943902341e-23,1.3285880192e-23,7.92555298612e-24,7.11584564262e-24,7.73341565747e-24,1.05106509614e-23,1.13126464007e-23,1.24198544908e-23,1.20819096344e-23,1.57319658875e-23,9.82405167304e-24,9.78099170053e-24,1.09605280804e-23,1.28170617338e-23,1.04487490462e-23,7.60299565059e-24,9.35361841651e-24,1.1683825967e-23],"var":[0.000038236281398,0.0000555723272555,0.00000328726514454,2.37877117115e-7,1.52874562787e-7,1.00709129924e-7,6.8369338635e-8,2.44750903988e-8,6.18220568072e-8,2.47821638766e-8,8.25784240988e-8,1.33789697543e-7,1.04431393311e-7,1.45195171442e-8,2.5732944664e-9,9.88420456594e-9,3.93270660481e-9,2.12570783198e-9,1.50273105071e-9,1.26310939486e-9,9.86048465101e-10,1.02575792305e-9,1.07270725636e-9,2.45091746898e-9,1.46310075166e-9,2.21357310259e-9,4.94889684788e-10,4.45311648667e-10,2.05943950782e-9,1.03673647445e-9,1.28511512543e-9,8.66827443158e-10,1.07617492695e-9,1.66325642148e-9,7.24487581039e-10,2.15665663106e-9,8.38737801434e-10,3.06472819345e-10,1.50602252891e-10,9.99214530562e-11]},"melbands_crest":{"dmean":2.86039233208,"dmean2":4.55469083786,"dvar":8.04924964905,"dvar2":19.2599182129,"max":34.7037467957,"mean":16.1533489227,"median":16.2722454071,"min":2.74506616592,"var":39.2852172852},"melbands_flatness_db":{"dmean":0.0247235372663,"dmean2":0.0374683961272,"dvar":0.000622777966782,"dvar2":0.0013466445962,"max":0.684055924416,"mean":0.191215366125,"median":0.16388694942,"min":0.00567289115861,"var":0.0174067411572},"melbands_kurtosis":{"dmean":7.6499505043,"dmean2":12.064491272,"dvar":189.738113403,"dvar2":468.801696777,"max":358.763519287,"mean":16.5237464905,"median":8.43695545197,"min":-1.78884875774,"var":483.234527588},"melbands_skewness":{"dmean":0.765959084034,"dmean2":1.17366361618,"dvar":0.778087317944,"dvar2":1.74503159523,"max":16.2508201599,"mean":2.86257958412,"median":2.58922457695,"min":-6.69902086258,"var":5.47564601898},"melbands_spread":{"dmean":13.136425972,"dmean2":20.6099796295,"dvar":316.616607666,"dvar2":730.399047852,"max":227.101486206,"mean":41.2371788025,"median":28.490568161,"min":0.431574225426,"var":1499.36083984},"mfcc":{"cov":[[21384.828125,-732.343078613,2493.60229492,4062.91479492,2281.77563477,227.214645386,-1080.09460449,-1028.81616211,-738.313171387,314.635498047,14.7403888702,169.755096436,-318.871887207],[-732.343078613,931.690734863,-108.054740906,-206.630950928,-54.8136940002,138.076095581,297.09085083,214.176132202,147.55418396,16.9244842529,43.4978370667,57.0827674866,57.8199577332],[2493.60229492,-108.054740906,793.375915527,690.627075195,418.806518555,115.797103882,-93.663192749,-165.250900269,-36.1662330627,128.017089844,-9.11496162415,117.874183655,-14.466545105],[4062.91479492,-206.630950928,690.627075195,1293.72875977,653.316955566,123.422439575,-223.741912842,-266.336517334,-111.356239319,122.705612183,68.0863189697,78.6602401733,-16.7335529327],[2281.77563477,-54.8136940002,418.806518555,653.316955566,556.203796387,121.55921936,-100.398513794,-122.236228943,-45.1617927551,88.5107192993,25.0801792145,70.5056533813,-34.3629112244],[227.214645386,138.076095581,115.797103882,123.422439575,121.55921936,218.993530273,102.810722351,58.7121086121,56.589389801,30.2496089935,27.8177700043,40.0114059448,15.3730964661],[-1080.09460449,297.09085083,-93.663192749,-223.741912842,-100.398513794,102.810722351,280.820159912,172.860778809,103.227684021,-8.50889778137,20.1649456024,16.4117774963,31.0696678162],[-1028.81616211,214.176132202,-165.250900269,-266.336517334,-122.236228943,58.7121086121,172.860778809,272.996917725,99.5145492554,-29.552898407,7.67009592056,-26.7644844055,19.5461864471],[-738.313171387,147.55418396,-36.1662330627,-111.356239319,-45.1617927551,56.589389801,103.227684021,99.5145492554,167.388763428,25.7388439178,13.3424100876,16.8818225861,25.9176177979],[314.635498047,16.9244842529,128.017089844,122.705612183,88.5107192993,30.2496089935,-8.50889778137,-29.552898407,25.7388439178,142.520462036,28.6633262634,30.4296131134,-11.3830471039],[14.7403888702,43.4978370667,-9.11496162415,68.0863189697,25.0801792145,27.8177700043,20.1649456024,7.67009592056,13.3424100876,28.6633262634,121.978179932,12.8192453384,4.61980104446],[169.755096436,57.0827674866,117.874183655,78.6602401733,70.5056533813,40.0114059448,16.4117774963,-26.7644844055,16.8818225861,30.4296131134,12.8192453384,117.087486267,21.1965408325],[-318.871887207,57.8199577332,-14.466545105,-16.7335529327,-34.3629112244,15.3730964661,31.0696678162,19.5461864471,25.9176177979,-11.3830471039,4.61980104446,21.1965408325,89.1384048462]],"icov":[[0.000162997894222,-0.000129757332616,-0.000156654816237,-0.000355520576704,-0.0000886452253326,-0.0000178808604687,0.000273232231848,-0.000064820778789,0.000328738155076,0.0000924068299355,0.000114852751722,0.0000818315020297,0.000353784591425],[-0.000129757332616,0.00185918295756,0.000379297824111,0.000282194145257,-0.000201314120204,-0.0000394588241761,-0.00165210978594,-0.000336724042427,-0.000520372763276,-0.000326191249769,-0.000199137502932,-0.000693539332133,-0.000691836350597],[-0.000156654816237,0.000379297824111,0.00337717588991,-0.00094535574317,-0.000323030428262,-0.000469594117021,-0.000726600701455,0.00039433944039,-0.000346456683474,-0.00141093414277,0.00150441483129,-0.00192129448988,-0.0000130957196234],[-0.000355520576704,0.000282194145257,-0.00094535574317,0.0037006966304,-0.00201963959262,-0.00034833844984,0.00021792363259,0.00090547016589,-0.000310688774334,1.41250140473e-7,-0.00178409717046,0.000947981199715,-0.00194915977772],[-0.0000886452253326,-0.000201314120204,-0.000323030428262,-0.00201963959262,0.00554161099717,-0.00172030134127,0.000763654184993,-0.000326067616697,0.0000644068131805,-0.000550154596567,0.000520375615451,-0.00127235578839,0.00180682574864],[-0.0000178808604687,-0.0000394588241761,-0.000469594117021,-0.00034833844984,-0.00172030134127,0.00810196623206,-0.00297470879741,-0.000879807106685,-0.0010618843371,0.000129529682454,-0.000614667718764,-0.000480595102999,-0.000539237516932],[0.000273232231848,-0.00165210978594,-0.000726600701455,0.00021792363259,0.000763654184993,-0.00297470879741,0.00960833206773,-0.0028655983042,-0.000405333790695,0.000524819246493,-0.000543883012142,-0.000541678688023,0.000400675897254],[-0.000064820778789,-0.000336724042427,0.00039433944039,0.00090547016589,-0.000326067616697,-0.000879807106685,-0.0028655983042,0.00781150395051,-0.00226765545085,0.000889987742994,-0.000272309116554,0.00209489953704,-0.000178581802174],[0.000328738155076,-0.000520372763276,-0.000346456683474,-0.000310688774334,0.0000644068131805,-0.0010618843371,-0.000405333790695,-0.00226765545085,0.0100844828412,-0.00221325526945,0.000239321394474,-0.000553986988962,-0.000849967997056],[0.0000924068299355,-0.000326191249769,-0.00141093414277,1.41250140473e-7,-0.000550154596567,0.000129529682454,0.000524819246493,0.000889987742994,-0.00221325526945,0.00971163902432,-0.00212182477117,-0.000435743073467,0.00179797154851],[0.000114852751722,-0.000199137502932,0.00150441483129,-0.00178409717046,0.000520375615451,-0.000614667718764,-0.000543883012142,-0.000272309116554,0.000239321394474,-0.00212182477117,0.0100800106302,-0.0011360195931,0.000412338995375],[0.0000818315020297,-0.000693539332133,-0.00192129448988,0.000947981199715,-0.00127235578839,-0.000480595102999,-0.000541678688023,0.00209489953704,-0.000553986988962,-0.000435743073467,-0.0011360195931,0.0123756928369,-0.00284797674976],[0.000353784591425,-0.000691836350597,-0.0000130957196234,-0.00194915977772,0.00180682574864,-0.000539237516932,0.000400675897254,-0.000178581802174,-0.000849967997056,0.00179797154851,0.000412338995375,-0.00284797674976,0.0143864499405]],"mean":[-631.708679199,70.2948379517,18.1467533112,3.0734744072,-1.39031744003,5.9838013649,13.7512235641,15.5510292053,1.65189814568,7.75081634521,-5.20701742172,0.0310322418809,-0.794836878777]},"pitch_salience":{"dmean":0.0659499391913,"dmean2":0.104758620262,"dvar":0.00379557604901,"dvar2":0.00940255261958,"max":0.81495308876,"mean":0.471363335848,"median":0.469828248024,"min":0.139197200537,"var":0.0118518611416},"silence_rate_20dB":{"dmean":0,"dmean2":0,"dvar":0,"dvar2":0,"max":1,"mean":1,"median":1,"min":1,"var":0},"silence_rate_30dB":{"dmean":0.0409420281649,"dmean2":0.0818988978863,"dvar":0.0392663553357,"dvar2":0.0900502875447,"max":1,"mean":0.940952718258,"median":1,"min":0,"var":0.0555591061711},"silence_rate_60dB":{"dmean":0.00670289853588,"dmean2":0.013408225961,"dvar":0.00665873847902,"dvar2":0.0168553013355,"max":1,"mean":0.109762720764,"median":0,"min":0,"var":0.0977075770497},"spectral_centroid":{"dmean":308.885101318,"dmean2":469.144500732,"dvar":121863.226562,"dvar2":251695.96875,"max":10863.5947266,"mean":2027.24121094,"median":1922.60217285,"min":594.2421875,"var":699267.125},"spectral_complexity":{"dmean":3.41376805305,"dmean2":5.23337554932,"dvar":15.9033555984,"dvar2":29.8941478729,"max":60,"mean":20.3593559265,"median":21,"min":0,"var":100.977973938},"spectral_contrast_coeffs":{"dmean":[0.0439782775939,0.0415896251798,0.0421685725451,0.0348473936319,0.0291266366839,0.0269724354148],"dmean2":[0.0732593610883,0.0668795704842,0.0658460259438,0.0549573265016,0.0456455312669,0.0389834828675],"dvar":[0.00135480251629,0.00118327466771,0.0012091009412,0.000821617490146,0.000671499816235,0.000536472012755],"dvar2":[0.00367394671775,0.00300501380116,0.00287476344965,0.00197101011872,0.00153059663717,0.00102276157122],"max":[-0.367259740829,-0.467324405909,-0.408253908157,-0.543997943401,-0.583185791969,-0.560296237469],"mean":[-0.660210669041,-0.710272550583,-0.692372620106,-0.735558092594,-0.738953113556,-0.755789041519],"median":[-0.646479487419,-0.71195268631,-0.694726884365,-0.741621673107,-0.733718454838,-0.747228503227],"min":[-0.959141790867,-0.956877827644,-0.958935916424,-0.96614998579,-0.959769129753,-0.958112478256],"var":[0.00853400863707,0.00501865521073,0.00722387246788,0.00344128557481,0.00367343937978,0.0025843475014]},"spectral_contrast_valleys":{"dmean":[0.392491698265,0.365161985159,0.331122457981,0.321022003889,0.316718906164,0.448200821877],"dmean2":[0.631364583969,0.590504527092,0.526379227638,0.486591786146,0.455144613981,0.598402678967],"dvar":[0.140425667167,0.124649554491,0.106745138764,0.11184168607,0.13225749135,0.175370872021],"dvar2":[0.308411985636,0.27505120635,0.219524666667,0.210860177875,0.229347959161,0.293379098177],"max":[-4.70755243301,-4.85672807693,-5.59860992432,-6.04758644104,-5.01782751083,-7.16214752197],"mean":[-7.76379680634,-7.60682582855,-7.70693349838,-8.41313362122,-8.00544834137,-9.72359085083],"median":[-6.86055421829,-7.06724977493,-7.47805261612,-7.95617246628,-7.4781537056,-9.14992332458],"min":[-26.9404640198,-27.6733188629,-27.1441650391,-27.1450195312,-27.2163410187,-27.3397884369],"var":[4.97789382935,3.44578361511,1.84635031223,2.67874574661,3.52024650574,4.75934410095]},"spectral_decrease":{"dmean":2.78045808599e-9,"dmean2":4.256299313e-9,"dvar":2.94105820416e-17,"dvar2":6.35280004397e-17,"max":2.32997650502e-29,"mean":-9.92382886977e-9,"median":-7.55995710477e-9,"min":-9.41227966678e-8,"var":9.78869919725e-17},"spectral_energy":{"dmean":0.0116947032511,"dmean2":0.0176350343972,"dvar":0.000451691041235,"dvar2":0.000956623407546,"max":0.36157989502,"mean":0.0421975404024,"median":0.0337404310703,"min":1.12119267166e-20,"var":0.00153688888531},"spectral_energyband_high":{"dmean":0.00275719584897,"dmean2":0.00409603444859,"dvar":0.000023010879886,"dvar2":0.0000506496762682,"max":0.0528199784458,"mean":0.00491276569664,"median":0.0030316284392,"min":8.24381284726e-21,"var":0.0000400264543714},"spectral_energyband_low":{"dmean":0.00889300834388,"dmean2":0.013884017244,"dvar":0.00041496072663,"dvar2":0.000934384472203,"max":0.335335105658,"mean":0.0249410178512,"median":0.014422731474,"min":8.97848413273e-23,"var":0.00115167163312},"spectral_energyband_middle_high":{"dmean":0.00215980154462,"dmean2":0.0033729057759,"dvar":0.00000932979855861,"dvar2":0.0000227002929023,"max":0.0408550314605,"mean":0.00634681480005,"median":0.00495633948594,"min":1.48797756074e-21,"var":0.0000307056398015},"spectral_energyband_middle_low":{"dmean":0.00242640543729,"dmean2":0.00380652560852,"dvar":0.0000134227739181,"dvar2":0.0000336654629791,"max":0.072420053184,"mean":0.00816554110497,"median":0.00689915940166,"min":3.98633957897e-22,"var":0.0000456785128335},"spectral_entropy":{"dmean":0.203712359071,"dmean2":0.290542900562,"dvar":0.0348902642727,"dvar2":0.0725428089499,"max":9.78927135468,"mean":7.55992650986,"median":7.84375858307,"min":3.59670448303,"var":1.02596950531},"spectral_flux":{"dmean":0.026261376217,"dmean2":0.0406284295022,"dvar":0.00120192207396,"dvar2":0.00258816685528,"max":0.468473821878,"mean":0.0855734869838,"median":0.0790819302201,"min":1.05886382995e-10,"var":0.00292034656741},"spectral_kurtosis":{"dmean":4.33833837509,"dmean2":7.31018400192,"dvar":228.76713562,"dvar2":678.662597656,"max":367.256347656,"mean":14.3124094009,"median":1.25964641571,"min":-1.19587039948,"var":1983.9864502},"spectral_rms":{"dmean":0.000788407749496,"dmean2":0.0011671371758,"dvar":0.00000113035207505,"dvar2":0.00000221187110583,"max":0.0187819283456,"mean":0.00569477071986,"median":0.005737376865,"min":3.30733509156e-12,"var":0.00000873788303579},"spectral_rolloff":{"dmean":1233.38037109,"dmean2":2104.06738281,"dvar":3280239,"dvar2":7407513,"max":18863.0859375,"mean":3351.5612793,"median":1959.52148438,"min":64.599609375,"var":9098165},"spectral_skewness":{"dmean":0.294415801764,"dmean2":0.477633684874,"dvar":0.319171309471,"dvar2":0.928670585155,"max":15.6879062653,"mean":1.80816817284,"median":1.0506247282,"min":-0.0720839872956,"var":6.33592128754},"spectral_spread":{"dmean":931983.125,"dmean2":1338715.375,"dvar":1087562383360,"dvar2":2101694300160,"max":40284040,"mean":6250457.5,"median":6357425,"min":267100.71875,"var":5682376474620},"spectral_strongpeak":{"dmean":0.925594627857,"dmean2":1.60718905926,"dvar":6.12412118912,"dvar2":14.5991916656,"max":43.1068115234,"mean":1.59481096268,"median":0.536966860294,"min":0,"var":10.5274248123},"zerocrossingrate":{"dmean":0.0186922382563,"dmean2":0.0224348381162,"dvar":0.00033356808126,"dvar2":0.000430656626122,"max":0.4892578125,"mean":0.114791639149,"median":0.09814453125,"min":0.0166015625,"var":0.00459032738581}},"metadata":{"audio_properties":{"analysis_sample_rate":44100,"bit_rate":0,"codec":"flac","downmix":"mix","equal_loudness":0,"length":128.173339844,"lossless":true,"md5_encoded":"e2b16077eef49ac6cdf831ee42e608b8","replay_gain":-10.9736671448,"sample_rate":44100},"tags":{"album":["Welcome to Wherever You Are"],"albumartist":["INXS"],"albumartistsort":["INXS"],"artist":["INXS"],"artistsort":["INXS"],"asin":["B0000247YN"],"barcode":["731451250729"],"catalognumber":["512 507-2"],"date":["1992"],"discnumber":["1"],"disctotal":["1"],"file_name":"01-01 Questions.flac","genre":["Rock"],"label":["Mercury Records"],"media":["CD"],"musicbrainz_albumartistid":["481bf5f9-2e7c-4c44-b08a-05b32bc7c00d"],"musicbrainz_albumid":["a5e1a273-ee1e-36d4-ba95-ba6e77f9aebd"],"musicbrainz_artistid":["481bf5f9-2e7c-4c44-b08a-05b32bc7c00d"],"musicbrainz_recordingid":["bb475067-0931-449f-a56f-c985a000b0da"],"musicbrainz_releasegroupid":["db9d2a73-3ebe-39c7-ba37-f5ae7ec06105"],"originaldate":["1992-08-04"],"releasecountry":["DE"],"releasestatus":["official"],"releasetype":["album"],"script":["Latn"],"title":["Questions"],"totaldiscs":["1"],"totaltracks":["12"],"tracknumber":["1"],"tracktotal":["12"]},"version":{"essentia":"2.1-beta1","essentia_build_sha":"ca57ba49d9b1854bd80e60cf9ccf267278fb7d6b","essentia_git_sha":"v2.1_beta1-28-g21ef5f4-dirty","extractor":"music 1.0"}},"rhythm":{"beats_count":232,"beats_loudness":{"dmean":0.0372484698892,"dmean2":0.0611412487924,"dvar":0.00215081614442,"dvar2":0.00524993985891,"max":0.31243249774,"mean":0.0655015036464,"median":0.0557942986488,"min":5.41982680957e-10,"var":0.00368266343139},"beats_loudness_band_ratio":{"dmean":[0.202196612954,0.0406537130475,0.0934116467834,0.0903186276555,0.0484262593091,0.164878323674],"dmean2":[0.371764808893,0.0725840255618,0.162090614438,0.149750113487,0.0874867364764,0.317560434341],"dvar":[0.030045889318,0.00309603614733,0.0169082134962,0.012451230548