{"lowlevel":{"average_loudness":0.742180585861,"barkbands":{"dmean":[0.000105592895125,0.001100075664,0.000677728501614,0.000498880806845,0.000889508170076,0.00042987827328,0.000240455570747,0.000310710136546,0.000342781393556,0.000223103808821,0.000236891646637,0.000254960352322,0.000208749086596,0.000315796409268,0.000413077650592,0.000342984800227,0.000297600519843,0.000178040470928,0.000290165713523,0.000265549548203,0.00016621760733,0.000181706302101,0.000138535659062,0.000159696675837,0.00010565334378,0.0000119325941341,0.00000150710752678],"dmean2":[0.00018027688202,0.00176411599386,0.00104916759301,0.000787669967394,0.0014381891815,0.000660253048409,0.000377263320843,0.000494436942972,0.000519843946677,0.000346317101503,0.000350468879333,0.000382212019758,0.000321902945871,0.000471706327517,0.000594364595599,0.000510512036271,0.000434617249994,0.000260563159827,0.000408699386753,0.00038201425923,0.000241070098127,0.000266392773483,0.000203068528208,0.000227101103519,0.000154899826157,0.0000171305564436,0.00000212902932617],"dvar":[5.29065040666e-8,0.00000328995270138,0.00000147842081333,0.00000104211301277,0.00000485092277813,5.94168341195e-7,3.79059827083e-7,6.31801924555e-7,7.32609066745e-7,3.6631297462e-7,5.38937058536e-7,3.81550620432e-7,4.24757246265e-7,0.00000131793774472,0.00000187687703601,0.00000120075389987,0.00000135218465402,2.01577975645e-7,6.97082498391e-7,8.96951007689e-7,2.67466646164e-7,0.00000102079286535,3.11834355671e-7,9.34315721679e-7,8.29195812457e-7,1.11331799335e-9,1.07205572544e-11],"dvar2":[1.32585810775e-7,0.00000791357797425,0.00000356119107892,0.0000024870944344,0.0000119284813991,0.00000136885444135,9.08793651888e-7,0.00000158174293574,0.00000171091596712,8.85765530256e-7,0.00000103953561847,7.42957809052e-7,0.000001063832201,0.00000275962884189,0.00000346113597516,0.0000025334950351,0.00000299878570331,4.1444164367e-7,0.00000105049309695,0.00000172451370872,5.52711526325e-7,0.00000194989138436,7.27934661882e-7,0.00000187525233741,0.00000195473671738,2.53706256004e-9,2.35498894691e-11],"max":[0.0098754959181,0.0541763864458,0.0173467956483,0.0186162199825,0.0238523818552,0.0145487897098,0.0150676658377,0.0231386236846,0.0234061032534,0.0199715886265,0.0259468164295,0.0221741776913,0.0198186263442,0.0422813110054,0.0610899701715,0.022356197238,0.0335051640868,0.0175905246288,0.0565641932189,0.042394105345,0.0177851486951,0.0338506773114,0.0157761182636,0.0389431491494,0.040757201612,0.00133873708546,0.0000541568842891],"mean":[0.000117484218208,0.00217237207107,0.0011425355915,0.00071189616574,0.00116055877879,0.000837259460241,0.000433560198871,0.000523581926245,0.000634762749542,0.00042189125088,0.000440942356363,0.000491917307954,0.000382992089726,0.000548522628378,0.000711915432476,0.000506699085236,0.000485712196678,0.000353362382157,0.000553291873075,0.000560570217203,0.000277609826298,0.00024611299159,0.000182846895768,0.000207273711567,0.000125574093545,0.0000147384544107,0.00000200868748834],"median":[0.0000445222103735,0.00133365183137,0.000466242578113,0.000277720915619,0.000450122490292,0.000340960250469,0.000130101223476,0.000114452617709,0.000126247789012,0.0000803772200015,0.0000845566974021,0.000126310333144,0.000088567212515,0.0000949839450186,0.000132451852551,0.0000941679027164,0.000118220807053,0.000108843363705,0.000136572867632,0.000133268898935,0.0000920873135328,0.0000550190052309,0.000053072355513,0.0000379763441742,0.000021730815206,0.00000416129842051,7.43208545373e-7],"min":[1.62359074407e-25,3.10346103989e-24,1.76408171905e-24,7.66995160042e-25,8.8509018163e-24,5.82633850264e-24,6.71684452993e-24,1.16366378853e-23,1.07195145078e-23,1.04495765613e-23,1.00998027356e-23,1.41337163385e-23,1.83464355208e-23,3.65774386031e-23,5.29894404562e-23,4.70007555625e-23,6.2060621425e-23,8.15747178137e-23,1.09556825812e-22,1.63931531262e-22,2.30724901599e-22,2.52860111408e-22,4.1338121396e-22,5.95304125493e-22,8.77634893874e-22,1.19434732546e-21,1.75735227956e-21],"var":[6.84947565333e-8,0.00000649510411677,0.00000283047756966,0.00000154217548243,0.00000513412305736,0.00000173155990524,9.33137073389e-7,0.00000165220762938,0.00000258272962128,9.72019279288e-7,0.00000171792248693,0.00000168575502357,0.00000109356676603,0.00000375109721062,0.00000667674612487,0.00000219533990276,0.00000242561623054,8.11332938611e-7,0.00000353632844963,0.00000392193487642,5.04912236465e-7,0.00000190742434825,3.90764881786e-7,0.00000146583352034,9.41706787216e-7,1.51980228402e-9,1.42513830598e-11]},"barkbands_crest":{"dmean":2.32838797569,"dmean2":3.71443414688,"dvar":4.73404788971,"dvar2":11.4055786133,"max":25.3997802734,"mean":9.21102046967,"median":8.46363925934,"min":2.25981998444,"var":15.0708246231},"barkbands_flatness_db":{"dmean":0.0185415614396,"dmean2":0.026577565819,"dvar":0.000318536942359,"dvar2":0.000609048234764,"max":0.33743879199,"mean":0.105106778443,"median":0.097575686872,"min":0.0215727668256,"var":0.00178224197589},"barkbands_kurtosis":{"dmean":2.2568526268,"dmean2":3.42376327515,"dvar":22.7425384521,"dvar2":46.8021621704,"max":155.724578857,"mean":3.05324673653,"median":0.192831426859,"min":-1.93828380108,"var":75.05078125},"barkbands_skewness":{"dmean":0.535348236561,"dmean2":0.772303283215,"dvar":0.362089633942,"dvar2":0.704282402992,"max":9.41155147552,"mean":1.02285790443,"median":0.792732715607,"min":-6.45123624802,"var":2.23454117775},"barkbands_spread":{"dmean":7.94995498657,"dmean2":11.6584415436,"dvar":89.8359146118,"dvar2":186.298431396,"max":137.940292358,"mean":31.2530479431,"median":28.9926528931,"min":1.27354156971,"var":271.237335205},"dissonance":{"dmean":0.0152247417718,"dmean2":0.0250801667571,"dvar":0.000237783024204,"dvar2":0.000625766057055,"max":0.499999701977,"mean":0.468475997448,"median":0.474845468998,"min":0.290666222572,"var":0.000612368632574},"dynamic_complexity":4.36098241806,"erbbands":{"dmean":[0.0362997986376,0.247550785542,0.705111861229,1.18076860905,2.84547066689,2.65210676193,3.03081202507,3.52975511551,3.59298205376,3.89238286018,7.53631782532,7.55143117905,6.33269357681,7.89510965347,8.65858078003,8.9856710434,8.64407348633,11.1215648651,18.6531429291,20.0749969482,16.7522277832,15.8771066666,9.20608329773,12.4066801071,14.0769834518,11.7030525208,8.15979576111,6.00338411331,6.48350954056,5.99052906036,3.50187754631,3.3452205658,2.68517756462,1.70774900913,0.356599450111,0.0867377147079,0.0165276844054,0.00245576770976,0.000291642325465,0.0000162723881658],"dmean2":[0.0602735728025,0.396177351475,1.10370993614,1.80820965767,4.4989657402,4.37419748306,4.70699310303,5.41017389297,5.60527324677,5.95715379715,11.7626390457,11.4438514709,9.67776012421,11.6933078766,12.5189580917,13.3356561661,13.3416109085,16.0436038971,26.9348278046,28.3999786377,23.975271225,22.6918716431,12.9096384048,17.734796524,19.1636791229,16.8383541107,11.5109043121,8.79376316071,9.58968448639,8.85142803192,5.06649637222,4.85275363922,3.77551960945,2.49175524712,0.50231897831,0.125023767352,0.0237412024289,0.00348342745565,0.000411762215663,0.0000221413047257],"dvar":[0.00477926246822,0.157007604837,1.51101434231,4.01971101761,61.4040718079,36.5468635559,31.6275901794,48.1743354797,76.7145309448,104.669059753,341.662353516,415.157409668,310.913696289,405.566253662,783.67199707,481.144012451,544.739624023,1345.10876465,4291.14013672,3712.64526367,3318.82519531,2722.89086914,549.058837891,869.321289063,2721.16235352,2139.79223633,626.65032959,494.271575928,1362.56445313,967.839599609,169.400619507,479.614624023,251.282852173,229.872665405,3.15593123436,0.0952692478895,0.00162217894103,0.000028110909625,3.93992564796e-7,1.0273959461e-9],"dvar2":[0.0118775200099,0.382925927639,3.6266143322,9.29168701172,144.892486572,94.7975845337,70.5594863892,112.471679688,182.335998535,253.127120972,818.986694336,978.716186523,721.795166016,854.071289063,1487.12878418,984.570068359,1409.19897461,2455.84960938,8396.69628906,7229.49560547,6421.05029297,5265.00439453,1004.29455566,1698.29345703,3836.58691406,4621.03417969,1271.67578125,1105.31689453,2761.15576172,2049.83862305,376.499206543,1061.81433105,410.848968506,530.963989258,6.17661046982,0.210437834263,0.00360473315232,0.0000618391204625,8.5140061401e-7,2.06489847443e-9],"max":[2.12588477135,9.79855632782,18.4207401276,26.0237636566,98.5805206299,71.7234420776,138.140426636,138.277313232,262.781555176,274.663482666,625.101013184,624.146850586,737.779602051,641.133972168,1211.85998535,772.395141602,780.798400879,2017.27490234,1988.34301758,2223.61303711,1388.3984375,1435.14892578,1152.2130127,707.035827637,4047.05249023,2222.10644531,673.595275879,665.219116211,1377.99499512,1091.73791504,359.246185303,908.776977539,693.048828125,723.356811523,68.9140319824,13.2769975662,1.40063381195,0.110471539199,0.00890261586756,0.000883586530108],"mean":[0.0651124045253,0.48216381669,1.24189591408,1.96420609951,3.41947722435,3.53758764267,5.85397338867,6.50451660156,6.39738225937,7.29209756851,13.2668523788,14.2221326828,11.9854421616,16.904302597,17.6393451691,18.9410877228,17.982131958,22.5715408325,35.0368537903,34.2158432007,28.2966995239,28.3265018463,20.3006305695,24.5533275604,29.7330627441,24.4552268982,15.3076171875,9.42631340027,8.89432048798,7.75367736816,4.71998214722,4.19258356094,3.49541687965,2.03920388222,0.461338847876,0.106956385076,0.0206982642412,0.00319363409653,0.000401314231567,0.0000347356835846],"median":[0.0267242379487,0.296866238117,0.642078280449,0.901723146439,1.05151104927,1.49319720268,2.31639432907,2.66367602348,2.43874239922,2.20124411583,3.87390732765,3.34326934814,3.15011453629,4.39483118057,4.30973815918,5.28983211517,5.06839561462,5.18087291718,7.48657989502,8.2308549881,6.48563432693,7.42893266678,6.02973604202,7.71031761169,6.82042551041,5.73567485809,4.56282949448,3.19048833847,2.06851482391,1.88488078117,1.346596241,0.838957607746,0.587801933289,0.3144544065,0.107808694243,0.0270239636302,0.00614165049046,0.00105252419598,0.000157542322995,0.0000215205654968],"min":[9.22393662567e-23,4.32159612358e-22,2.18956000612e-21,6.28393076654e-21,1.63858873259e-20,2.85044371134e-20,5.67516598304e-20,6.85056830773e-20,1.23848066251e-19,1.34085848048e-19,1.99929722075e-19,2.39347941416e-19,3.86270650294e-19,3.63729332367e-19,6.41938063865e-19,1.01868305732e-18,1.20517837105e-18,2.32867637892e-18,2.50197092404e-18,2.79141031257e-18,3.64323635788e-18,3.65626238458e-18,5.97522311361e-18,6.27943284595e-18,6.95141493684e-18,8.79746616992e-18,8.02603256757e-18,8.14373954155e-18,9.9240952632e-18,1.20081875699e-17,1.06297539448e-17,1.05743270535e-17,9.38467755087e-18,7.93821245629e-18,6.31679369908e-18,3.74019267902e-18,2.00094762702e-18,9.32164721537e-19,2.27169748999e-19,2.69755019955e-20],"var":[0.00811586994678,0.310353130102,2.73206591606,7.45897293091,68.1554107666,39.728061676,97.1240234375,115.015342712,161.208236694,277.178771973,852.689880371,1274.44665527,784.372192383,1641.22924805,2873.48681641,2266.84423828,1687.16210938,5963.78271484,12024.0322266,9432.20507813,6782.45410156,6652.11865234,2986.3894043,2445.45141602,15799.3818359,8025.34570313,1487.09765625,796.181091309,2486.70263672,1379.125,241.090576172,639.473876953,452.293731689,271.418609619,5.32480096817,0.136388748884,0.00234558037482,0.0000400853532483,5.45218313164e-7,1.98138150331e-9]},"erbbands_crest":{"dmean":2.5512137413,"dmean2":4.05013179779,"dvar":6.31560230255,"dvar2":14.3094053268,"max":29.7348976135,"mean":8.66837310791,"median":7.53354692459,"min":2.3047811985,"var":19.0813102722},"erbbands_flatness_db":{"dmean":0.0182979460806,"dmean2":0.0249969400465,"dvar":0.000300542946206,"dvar2":0.000554580823518,"max":0.305753171444,"mean":0.139451503754,"median":0.134027436376,"min":0.0270026028156,"var":0.00166097236797},"erbbands_kurtosis":{"dmean":1.09293520451,"dmean2":1.65174365044,"dvar":6.13414096832,"dvar2":12.3413953781,"max":69.4063949585,"mean":0.511739730835,"median":-0.218872398138,"min":-1.85088706017,"var":11.0606651306},"erbbands_skewness":{"dmean":0.383446902037,"dmean2":0.55765914917,"dvar":0.196490034461,"dvar2":0.388760954142,"max":5.17157554626,"mean":-0.134821310639,"median":-0.110901504755,"min":-6.72153186798,"var":0.812886655331},"erbbands_spread":{"dmean":9.87131023407,"dmean2":14.384718895,"dvar":120.056762695,"dvar2":254.262435913,"max":151.182647705,"mean":43.073299408,"median":38.8284683228,"min":3.33051395416,"var":480.461090088},"gfcc":{"cov":[[29804.6464844,1272.89489746,-3564.03344727,971.151306152,-1290.86230469,389.612976074,-965.12878418,317.726348877,-567.795043945,25.4337406158,-247.691162109,-171.542007446,-179.54914856],[1272.89489746,858.785461426,-192.97227478,-23.9373836517,65.3950881958,-43.0172653198,42.8430290222,-9.09595298767,-33.4943008423,-32.6862869263,16.9733161926,-38.371471405,0.503206431866],[-3564.03344727,-192.97227478,1399.50341797,150.302398682,33.6913299561,96.5615234375,90.8727874756,-92.3086700439,72.9462585449,7.45740938187,-62.8835792542,102.216873169,-10.2135190964],[971.151306152,-23.9373836517,150.302398682,334.39932251,13.5342302322,27.4646892548,-49.1553878784,10.3487005234,10.0462207794,-16.7780513763,-42.1519889832,18.6740570068,0.48951613903],[-1290.86230469,65.3950881958,33.6913299561,13.5342302322,283.863891602,-8.85776138306,69.4617919922,20.6675739288,20.4573421478,-19.3735179901,22.8738937378,-13.9411058426,10.5168981552],[389.612976074,-43.0172653198,96.5615234375,27.4646892548,-8.85776138306,181.498291016,40.5433807373,-4.39836502075,-10.4540481567,12.6217002869,-12.7128286362,-10.1088647842,-19.8587188721],[-965.12878418,42.8430290222,90.8727874756,-49.1553878784,69.4617919922,40.5433807373,190.376983643,18.2425117493,8.97703170776,22.8569908142,14.6832695007,-18.2563095093,-20.2920322418],[317.726348877,-9.09595298767,-92.3086700439,10.3487005234,20.6675739288,-4.39836502075,18.2425117493,135.544509888,45.1224784851,-7.71509408951,8.33379077911,-9.46969795227,-7.27653694153],[-567.795043945,-33.4943008423,72.9462585449,10.0462207794,20.4573421478,-10.4540481567,8.97703170776,45.1224784851,125.804359436,33.39295578,-2.24629282951,4.51579666138,10.2448472977],[25.4337406158,-32.6862869263,7.45740938187,-16.7780513763,-19.3735179901,12.6217002869,22.8569908142,-7.71509408951,33.39295578,109.511917114,31.0620670319,-2.21379256248,-5.53169775009],[-247.691162109,16.9733161926,-62.8835792542,-42.1519889832,22.8738937378,-12.7128286362,14.6832695007,8.33379077911,-2.24629282951,31.0620670319,98.0336685181,17.1161670685,8.8722076416],[-171.542007446,-38.371471405,102.216873169,18.6740570068,-13.9411058426,-10.1088647842,-18.2563095093,-9.46969795227,4.51579666138,-2.21379256248,17.1161670685,97.2092056274,32.1385650635],[-179.54914856,0.503206431866,-10.2135190964,0.48951613903,10.5168981552,-19.8587188721,-20.2920322418,-7.27653694153,10.2448472977,-5.53169775009,8.8722076416,32.1385650635,80.1106948853]],"icov":[[0.000334768119501,-0.000583771208767,0.000822412548587,-0.00108196947258,0.00109110120684,-0.00110345205758,0.00109461508691,-0.00110497546848,0.0013100131182,-0.00112471089233,0.000984080485068,-0.000583848915994,0.000505607109517],[-0.000583771208767,0.00231618713588,-0.00125071941875,0.00176788808312,-0.00205094506964,0.00222381297499,-0.00237567280419,0.00228683813475,-0.0022205428686,0.00243641831912,-0.00196963944472,0.00139488070272,-0.000955975672696],[0.000822412548587,-0.00125071941875,0.00314033986069,-0.00307713542134,0.0025866064243,-0.00305239786394,0.00189924112055,-0.00152884970885,0.00218441081233,-0.00241370499134,0.00296473805793,-0.00278528011404,0.00185928121209],[-0.00108196947258,0.00176788808312,-0.00307713542134,0.00718614459038,-0.00415067840368,0.00294719776139,-0.00203225947917,0.00260452297516,-0.0038870817516,0.00323987798765,-0.00169349438511,0.00126717495732,-0.0014750205446],[0.00109110120684,-0.00205094506964,0.0025866064243,-0.00415067840368,0.00804005563259,-0.00320102926344,0.00173237652052,-0.00347131839953,0.00325407413766,-0.00187906238716,0.00145821878687,-0.000663871061988,0.000646909116767],[-0.00110345205758,0.00222381297499,-0.00305239786394,0.00294719776139,-0.00320102926344,0.0100921010599,-0.00504099857062,0.00343860778958,-0.00318484939635,0.00287528056651,-0.00268511264585,0.00259413197637,-0.00107434485108],[0.00109461508691,-0.00237567280419,0.00189924112055,-0.00203225947917,0.00173237652052,-0.00504099857062,0.0112288743258,-0.00536813680083,0.0051474259235,-0.00556625565514,0.00306903920136,-0.00108705763705,0.00265601929277],[-0.00110497546848,0.00228683813475,-0.00152884970885,0.00260452297516,-0.00347131839953,0.00343860778958,-0.00536813680083,0.0142526524141,-0.00957025028765,0.00691003259271,-0.00492071453482,0.00173879624344,0.0000896320707398],[0.0013100131182,-0.0022205428686,0.00218441081233,-0.0038870817516,0.00325407413766,-0.00318484939635,0.0051474259235,-0.00957025028765,0.0173332318664,-0.00958604458719,0.00609549693763,-0.00194113433827,-0.000304735352984],[-0.00112471089233,0.00243641831912,-0.00241370499134,0.00323987798765,-0.00187906238716,0.00287528056651,-0.00556625565514,0.00691003259271,-0.00958604458719,0.0171306822449,-0.00849301833659,0.00306863058358,-0.000568136223592],[0.000984080485068,-0.00196963944472,0.00296473805793,-0.00169349438511,0.00145821878687,-0.00268511264585,0.00306903920136,-0.00492071453482,0.00609549693763,-0.00849301833659,0.0171940252185,-0.00566836120561,0.00108349567745],[-0.000583848915994,0.00139488070272,-0.00278528011404,0.00126717495732,-0.000663871061988,0.00259413197637,-0.00108705763705,0.00173879624344,-0.00194113433827,0.00306863058358,-0.00566836120561,0.0158916190267,-0.00635482044891],[0.000505607109517,-0.000955975672696,0.00185928121209,-0.0014750205446,0.000646909116767,-0.00107434485108,0.00265601929277,0.0000896320707398,-0.000304735352984,-0.000568136223592,0.00108349567745,-0.00635482044891,0.0166268050671]],"mean":[-41.4715652466,64.9669570923,-112.769981384,44.3494644165,-54.2331161499,17.7592868805,-33.2470703125,9.43596363068,-20.7965564728,4.27548456192,-12.2942028046,-0.767357289791,-7.19735908508]},"hfc":{"dmean":7.95510911942,"dmean2":10.5308246613,"dvar":374.170318604,"dvar2":654.592468262,"max":535.338745117,"mean":20.7034187317,"median":10.2458581924,"min":1.0557697249e-16,"var":1137.26293945},"melbands":{"dmean":[0.000309024297167,0.000338206184097,0.000243411603151,0.000212485465454,0.0000980119002634,0.0000791588026914,0.0000531621808477,0.0000492778417538,0.0000629904461675,0.0000476248387713,0.000032904172258,0.0000327464731527,0.0000290828684228,0.0000261502591457,0.0000267181239906,0.000018723829271,0.0000241647321673,0.0000326106601278,0.0000351358467015,0.0000255490685959,0.0000208635028685,0.0000199889909709,0.00000956174244493,0.00000884851033334,0.0000113913811219,0.0000116109868031,0.0000108266631287,0.00000817982981971,0.0000063217908064,0.00000429398551205,0.00000336565994985,0.00000379475022783,0.00000386356714444,0.00000325090718434,0.00000202262435778,0.00000193434630091,0.00000220075730795,0.00000193707501239,0.00000223443407776,0.00000114365377613],"dmean2":[0.000500260503031,0.000526879564859,0.000371868780348,0.000344005500665,0.000154083885718,0.000121337863675,0.0000827075346024,0.0000762753479648,0.0000981803459581,0.0000722585100448,0.0000502945076732,0.0000490083293698,0.0000427654813393,0.0000378875411116,0.0000410643006035,0.0000285802616418,0.0000354678995791,0.0000475382730656,0.0000499724483234,0.0000378611148335,0.0000300315659842,0.0000290800671792,0.0000137484921652,0.0000126460927277,0.0000166285335581,0.0000163883851201,0.0000149999459609,0.0000123500722111,0.00000916134740692,0.00000633527770333,0.00000501919112139,0.00000576751745029,0.00000559040427106,0.00000486044291392,0.0000030027908906,0.00000288646810986,0.00000326371696246,0.00000289028662337,0.00000337482856594,0.00000166080565123],"dvar":[2.87690767209e-7,3.10788408342e-7,2.09665827811e-7,3.27295822444e-7,2.87625265827e-8,2.17391207258e-8,1.57567168202e-8,1.56691033482e-8,2.26374972101e-8,1.7932164198e-8,8.25730062104e-9,6.94400359436e-9,8.70935945585e-9,4.98920327274e-9,5.14865750034e-9,3.86180998291e-9,7.25980120464e-9,1.53022554628e-8,1.595323873e-8,6.5644978342e-9,6.91070489722e-9,5.39416467049e-9,9.08207453687e-10,5.03977637401e-10,8.48560555156e-10,1.65504043803e-9,1.81524828502e-9,1.10955589161e-9,5.04267849699e-10,2.72025513226e-10,1.73170283668e-10,5.35688438053e-10,5.01524988206e-10,2.49281012499e-10,5.20028950457e-11,1.1157851032e-10,2.56827725753e-10,1.48855303084e-10,4.04022260092e-10,9.24614274034e-11],"dvar2":[6.91333809755e-7,7.34263608138e-7,4.67920102665e-7,8.0613068576e-7,6.54453984339e-8,5.02807324665e-8,3.7730487179e-8,3.96336581332e-8,5.35213260378e-8,4.13331768812e-8,1.91006250816e-8,1.50815910871e-8,1.66871512164e-8,8.24182677661e-9,1.24296217763e-8,9.51771017554e-9,1.39204585636e-8,3.1180118043e-8,2.7745700848e-8,1.39721105796e-8,1.3520570441e-8,1.06978790271e-8,1.64448987761e-9,9.88843118499e-10,1.72177982982e-9,2.61166954729e-9,3.01789149226e-9,2.48405496173e-9,1.11238251943e-9,5.92598081717e-10,4.04397154652e-10,1.19797261e-9,9.82440906405e-10,5.67377589356e-10,1.15357438879e-10,2.37383723789e-10,5.86954262971e-10,3.07928099685e-10,9.47852685229e-10,2.06721750828e-10],"max":[0.0166886802763,0.0108253248036,0.00772034144029,0.00635891361162,0.00364208151586,0.00267155840993,0.00350600201637,0.00338517781347,0.00478099565953,0.00439743604511,0.00373681657948,0.0023899092339,0.00389809347689,0.00324517209083,0.00238442304544,0.00218573072925,0.00440049171448,0.00410113483667,0.0068119824864,0.00193148048129,0.00218577962369,0.00203327345662,0.00121814652812,0.000941442907788,0.000708840147126,0.00286755105481,0.00174652331043,0.0013142125681,0.000779040914495,0.000813316437416,0.000397906231228,0.000831428449601,0.000811811711174,0.000544357229955,0.000202980401809,0.000556967861485,0.000680369092152,0.000474787957501,0.000895098841283,0.000459315866465],"mean":[0.000602218671702,0.000656758726109,0.000392125017243,0.000257707899436,0.000191915896721,0.000150451873196,0.0000957690062933,0.0000888631038833,0.000111219254904,0.0000883934117155,0.0000599245977355,0.0000681359160808,0.0000566780618101,0.0000530524048372,0.0000488416335429,0.0000367130087398,0.0000434051980847,0.0000547697600268,0.0000597786565777,0.0000367530155927,0.0000315615325235,0.0000322720225086,0.0000176774501597,0.0000171361807588,0.0000201603161258,0.0000206372587854,0.0000220719957724,0.000015167471247,0.0000108061603896,0.00000680051471136,0.00000479808386444,0.00000509451410835,0.00000470577060696,0.00000412959889218,0.00000271628687187,0.00000239403379965,0.00000263581068793,0.00000244783336711,0.00000248885453402,0.00000141943962717],"median":[0.000325111264829,0.000386364292353,0.000173787615495,0.0000929681118578,0.0000833516824059,0.0000631723960396,0.0000356065902452,0.0000235693514696,0.0000294274323096,0.0000171129468072,0.0000124287289509,0.0000158192742674,0.0000123446243379,0.0000129137042677,0.00000977190211415,0.00000698922758602,0.00000790424564912,0.00000896389065019,0.0000110409782792,0.00000721048218111,0.00000587139311392,0.00000778004869062,0.00000485583905174,0.0000051400729717,0.00000595339042775,0.00000436398249803,0.00000446889043815,0.00000323203175867,0.0000030336054806,0.00000203879426408,0.00000153448308993,0.00000110865767056,9.02664567093e-7,0.00000105457365862,7.95631081019e-7,5.84041117691e-7,4.56249722447e-7,4.20480063212e-7,3.29586441694e-7,2.31632284908e-7],"min":[1.18029733487e-24,9.96072281094e-25,1.45582751641e-24,1.56145441389e-24,1.79450058998e-24,1.29451502623e-24,1.52410559712e-24,1.61416038034e-24,1.38002143468e-24,1.25636127551e-24,1.50871659719e-24,1.13357014523e-24,1.77284773864e-24,2.45305883138e-24,2.94994653837e-24,1.73388846233e-24,3.70116891765e-24,2.59491633531e-24,3.28590780397e-24,2.57259196612e-24,3.70731611625e-24,3.36183329952e-24,3.34773398856e-24,3.67537158832e-24,4.13837890272e-24,4.31015257597e-24,4.03249207556e-24,5.34288115257e-24,3.94356299685e-24,4.74872413496e-24,4.57327870863e-24,4.94588571872e-24,4.30919726541e-24,5.20689691529e-24,5.56078110067e-24,6.0139024102e-24,5.90699479703e-24,6.19283815161e-24,5.58430335514e-24,6.28196444554e-24],"var":[5.63651212815e-7,6.04757758538e-7,3.52402338422e-7,3.22207284853e-7,8.89090401301e-8,5.58923360927e-8,3.58135920919e-8,4.16632097711e-8,5.85089807714e-8,5.90370454745e-8,2.11504413983e-8,2.67113335894e-8,2.91304687039e-8,2.57740619958e-8,1.47181760113e-8,1.30360504613e-8,2.74666831501e-8,3.63869041564e-8,5.77270782287e-8,1.16654952365e-8,1.25050032551e-8,1.11264100155e-8,2.80183853896e-9,2.03885219818e-9,1.88509208243e-9,7.21287207739e-9,8.17378698059e-9,3.31734106851e-9,9.62105839442e-10,4.27860857855e-10,2.54086834905e-10,9.0992419155e-10,7.86251452833e-10,3.17017162521e-10,7.33652305573e-11,1.45335701807e-10,3.20755089156e-10,2.24529034254e-10,4.48009185305e-10,1.18782469971e-10]},"melbands_crest":{"dmean":2.83353900909,"dmean2":4.60937356949,"dvar":7.55849838257,"dvar2":19.0742473602,"max":34.7831687927,"mean":12.3989849091,"median":11.9986696243,"min":1.47508585453,"var":22.3252258301},"melbands_flatness_db":{"dmean":0.0241899397224,"dmean2":0.0344347655773,"dvar":0.000592493859585,"dvar2":0.00113864731975,"max":0.467864573002,"mean":0.159488201141,"median":0.148821532726,"min":0.00222777854651,"var":0.00428792228922},"melbands_kurtosis":{"dmean":6.53242063522,"dmean2":9.86229801178,"dvar":174.883728027,"dvar2":364.530303955,"max":339.078460693,"mean":13.2530889511,"median":4.15237998962,"min":-1.95384025574,"var":670.494750977},"melbands_skewness":{"dmean":0.733497679234,"dmean2":1.07492828369,"dvar":0.726848959923,"dvar2":1.47525501251,"max":15.3613843918,"mean":2.40919280052,"median":1.9458258152,"min":-3.04463219643,"var":4.15428972244},"melbands_spread":{"dmean":12.2590293884,"dmean2":18.069437027,"dvar":377.638336182,"dvar2":744.787597656,"max":295.660400391,"mean":40.6058197021,"median":33.7527923584,"min":0.856721639633,"var":1148.76879883},"mfcc":{"cov":[[10990.4628906,468.767150879,-1046.87683105,60.4891853333,34.4245147705,-218.675292969,50.2627716064,-54.2852363586,-120.226905823,174.342056274,-172.859283447,-46.2743377686,-47.8391609192],[468.767150879,938.330871582,-90.5525131226,57.4827384949,-12.7493076324,13.8415822983,83.3838272095,8.86714363098,-7.22919940948,3.84645938873,8.99785232544,-7.55196475983,-2.78027582169],[-1046.87683105,-90.5525131226,989.128845215,127.533309937,45.1139602661,199.758911133,-63.2116203308,41.4821662903,47.421245575,-92.3348617554,56.7404708862,3.50838160515,-15.8758592606],[60.4891853333,57.4827384949,127.533309937,293.968658447,94.9127883911,27.038608551,-13.9063673019,31.10430336,34.7510719299,-25.8080501556,-6.4100985527,16.4118728638,5.66724824905],[34.4245147705,-12.7493076324,45.1139602661,94.9127883911,200.50088501,7.78442525864,-15.8288135529,34.0819511414,16.7154331207,-3.51182317734,-22.3809871674,-11.4851617813,2.98242211342],[-218.675292969,13.8415822983,199.758911133,27.038608551,7.78442525864,195.36227417,36.833568573,-1.18631315231,17.7996292114,-10.2120399475,22.0162639618,-14.8723049164,5.50212049484],[50.2627716064,83.3838272095,-63.2116203308,-13.9063673019,-15.8288135529,36.833568573,163.0337677,27.6823062897,-18.6040687561,28.441942215,5.13702535629,2.96214747429,5.11650133133],[-54.2852363586,8.86714363098,41.4821662903,31.10430336,34.0819511414,-1.18631315231,27.6823062897,122.379440308,31.2987651825,-5.83439016342,7.88714647293,3.22705864906,-11.9733839035],[-120.226905823,-7.22919940948,47.421245575,34.7510719299,16.7154331207,17.7996292114,-18.6040687561,31.2987651825,101.214271545,24.6209030151,12.5205364227,6.90723276138,2.55048274994],[174.342056274,3.84645938873,-92.3348617554,-25.8080501556,-3.51182317734,-10.2120399475,28.441942215,-5.83439016342,24.6209030151,121.738212585,23.2501411438,2.04527378082,15.3128070831],[-172.859283447,8.99785232544,56.7404708862,-6.4100985527,-22.3809871674,22.0162639618,5.13702535629,7.88714647293,12.5205364227,23.2501411438,84.6751937866,31.4936790466,2.9666864872],[-46.2743377686,-7.55196475983,3.50838160515,16.4118728638,-11.4851617813,-14.8723049164,2.96214747429,3.22705864906,6.90723276138,2.04527378082,31.4936790466,92.3162918091,27.0214691162],[-47.8391609192,-2.78027582169,-15.8758592606,5.66724824905,2.98242211342,5.50212049484,5.11650133133,-11.9733839035,2.55048274994,15.3128070831,2.9666864872,27.0214691162,86.7783050537]],"icov":[[0.000110446308099,-0.0000472668652947,0.0000987127641565,-0.0000805478994153,0.0000101427522168,-0.0000389383458241,0.0000842156077852,-0.0000366741078324,0.0001669175399,-0.000213539417018,0.000222577131353,-0.0000630622380413,0.000119589276437],[-0.0000472668652947,0.0011831294978,0.000102716156107,-0.000341009697877,0.000134187313961,0.0000297666792903,-0.000653938041069,0.000120457465528,-0.000129706560983,0.000312455638777,-0.000450937921414,0.000336104276357,-0.0000389764500142],[0.0000987127641565,0.000102716156107,0.00172282778658,-0.000481094175484,-0.0000335130898748,-0.00163029227406,0.000867696187925,-0.000505304662511,-0.0000134776591949,0.000819533714093,-0.000816562096588,-0.0000188645644812,0.00027752618189],[-0.0000805478994153,-0.000341009697877,-0.000481094175484,0.00466438708827,-0.00197653705254,-0.000101532510598,-0.000036625071516,-0.000109299820906,-0.00131769524887,0.000908721995074,0.000447365368018,-0.00116347218864,-0.000161146759638],[0.0000101427522168,0.000134187313961,-0.0000335130898748,-0.00197653705254,0.00653810845688,-0.000372267473722,0.000956039235462,-0.00187546992674,0.00044503522804,-0.00100143265445,0.0017953061033,0.000677507719956,-0.000492108403705],[-0.0000389383458241,0.0000297666792903,-0.00163029227406,-0.000101532510598,-0.000372267473722,0.00811402406543,-0.00323902000673,0.00199632602744,-0.00200532353483,0.00124915351626,-0.0021576883737,0.00257880077697,-0.00123810966033],[0.0000842156077852,-0.000653938041069,0.000867696187925,-0.000036625071516,0.000956039235462,-0.00323902000673,0.00911179743707,-0.00363875878975,0.00351149984635,-0.00294455164112,0.00129737053066,-0.00127158453688,0.0000878050268511],[-0.0000366741078324,0.000120457465528,-0.000505304662511,-0.000109299820906,-0.00187546992674,0.00199632602744,-0.00363875878975,0.0111371260136,-0.00428420770913,0.00216639693826,-0.00171689840499,0.000327129266225,0.00128789234441],[0.0001669175399,-0.000129706560983,-0.0000134776591949,-0.00131769524887,0.00044503522804,-0.00200532353483,0.00351149984635,-0.00428420770913,0.0138952555135,-0.0046697370708,0.000749034690671,-0.00118607643526,0.000244485621806],[-0.000213539417018,0.000312455638777,0.000819533714093,0.000908721995074,-0.00100143265445,0.00124915351626,-0.00294455164112,0.00216639693826,-0.0046697370708,0.0123273115605,-0.00501345237717,0.00223801238462,-0.00215288926847],[0.000222577131353,-0.000450937921414,-0.000816562096588,0.000447365368018,0.0017953061033,-0.0021576883737,0.00129737053066,-0.00171689840499,0.000749034690671,-0.00501345237717,0.0176769737154,-0.00664618611336,0.00201922515407],[-0.0000630622380413,0.000336104276357,-0.0000188645644812,-0.00116347218864,0.000677507719956,0.00257880077697,-0.00127158453688,0.000327129266225,-0.00118607643526,0.00223801238462,-0.00664618611336,0.0153110865504,-0.00491863535717],[0.000119589276437,-0.0000389764500142,0.00027752618189,-0.000161146759638,-0.000492108403705,-0.00123810966033,0.0000878050268511,0.00128789234441,0.000244485621806,-0.00215288926847,0.00201922515407,-0.00491863535717,0.0137527985498]],"mean":[-670.999633789,89.7485809326,3.82230615616,28.0745983124,5.89123773575,8.74655723572,3.68509817123,3.17197990417,1.07886719704,4.12137460709,-1.45717597008,-0.143835201859,1.70379304886]},"pitch_salience":{"dmean":0.0625758543611,"dmean2":0.0985505580902,"dvar":0.00313910399564,"dvar2":0.00753204058856,"max":0.946029543877,"mean":0.546884477139,"median":0.541692495346,"min":0.149533957243,"var":0.0107067888603},"silence_rate_20dB":{"dmean":0,"dmean2":0,"dvar":0,"dvar2":0,"max":1,"mean":1,"median":1,"min":1,"var":0},"silence_rate_30dB":{"dmean":0,"dmean2":0,"dvar":0,"dvar2":0,"max":1,"mean":1,"median":1,"min":1,"var":0},"silence_rate_60dB":{"dmean":0.0406021252275,"dmean2":0.0812154710293,"dvar":0.0389529503882,"dvar2":0.0859425514936,"max":1,"mean":0.148025408387,"median":0,"min":0,"var":0.126115858555},"spectral_centroid":{"dmean":342.646881104,"dmean2":489.917633057,"dvar":177500.59375,"dvar2":330687.28125,"max":11913.2324219,"mean":2089.65161133,"median":1925.62426758,"min":217.151794434,"var":2151161.75},"spectral_complexity":{"dmean":3.22137832642,"dmean2":4.41353607178,"dvar":16.4625759125,"dvar2":25.9227485657,"max":58,"mean":14.9976530075,"median":14,"min":0,"var":112.10308075},"spectral_contrast_coeffs":{"dmean":[0.0454811602831,0.0445660091937,0.0381788387895,0.0323464646935,0.0249720010906,0.0184599552304],"dmean2":[0.0740255564451,0.0707112848759,0.0591691955924,0.0501927174628,0.0377913825214,0.0284994412214],"dvar":[0.00163149880245,0.00141725572757,0.00105834612623,0.000811226782389,0.000539567437954,0.000277354993159],"dvar2":[0.0040211128071,0.0035346543882,0.00240487162955,0.00175594701432,0.00107830797788,0.000595989928115],"max":[-0.363716214895,-0.402132570744,-0.450557112694,-0.42847058177,-0.515417873859,-0.577953338623],"mean":[-0.703256607056,-0.719262957573,-0.759024083614,-0.758731007576,-0.781107544899,-0.771478593349],"median":[-0.707304418087,-0.722824752331,-0.764182448387,-0.760489225388,-0.78850209713,-0.771485030651],"min":[-0.980362296104,-0.979117870331,-0.982045531273,-0.97227448225,-0.96884983778,-0.965852379799],"var":[0.00637395912781,0.00670591648668,0.00608369894326,0.00550954742357,0.00423431675881,0.00186152791139]},"spectral_contrast_valleys":{"dmean":[0.428665697575,0.369810253382,0.330649584532,0.285627484322,0.289856851101,0.402892202139],"dmean2":[0.66560447216,0.567806661129,0.507190227509,0.424349159002,0.385703265667,0.48142015934],"dvar":[0.161405295134,0.129386678338,0.106234245002,0.0856611654162,0.0991047471762,0.145511373878],"dvar2":[0.331829696894,0.264044642448,0.211692094803,0.156104043126,0.165353834629,0.245062828064],"max":[-5.70135354996,-5.29370546341,-5.98673200607,-5.90390348434,-5.35384368896,-7.22613573074],"mean":[-7.883289814,-7.83168411255,-8.358294487,-8.49773788452,-8.05693054199,-10.2325353622],"median":[-7.41046619415,-7.33625602722,-7.88777351379,-8.00019836426,-7.58585548401,-9.89714431763],"min":[-28.3151683807,-27.9875888824,-27.9234142303,-27.6088104248,-27.4890022278,-27.3726501465],"var":[7.76846265793,7.87505054474,7.51086235046,7.49475717545,7.7171459198,6.22346305847]},"spectral_decrease":{"dmean":9.67036895005e-10,"dmean2":1.35482525199e-9,"dvar":1.51551079088e-18,"dvar2":2.94504566966e-18,"max":4.40578976276e-18,"mean":-3.27751603635e-9,"median":-2.62511745674e-9,"min":-2.06835313321e-8,"var":7.58127575017e-18},"spectral_energy":{"dmean":0.00419406034052,"dmean2":0.00579966930673,"dvar":0.0000289934469038,"dvar2":0.0000539053289685,"max":0.0977506116033,"mean":0.0142480060458,"median":0.0111351963133,"min":9.95685785163e-21,"var":0.000155177142005},"spectral_energyband_high":{"dmean":0.000778313202318,"dmean2":0.00107709818985,"dvar":0.00000631293687547,"dvar2":0.0000112925526992,"max":0.0609101876616,"mean":0.00131748698186,"median":0.0004198726092,"min":6.99837368941e-21,"var":0.0000133838202601},"spectral_energyband_low":{"dmean":0.00174886663444,"dmean2":0.00264960736968,"dvar":0.00000787433327787,"dvar2":0.0000172469135578,"max":0.0741346105933,"mean":0.00375651568174,"median":0.00223126029596,"min":1.64445833862e-23,"var":0.000018903567252},"spectral_energyband_middle_high":{"dmean":0.00159775244538,"dmean2":0.00212172186002,"dvar":0.00000876685953699,"dvar2":0.0000145028607221,"max":0.0892625823617,"mean":0.00516718486324,"median":0.00222607748583,"min":1.18556529672e-21,"var":0.0000657810815028},"spectral_energyband_middle_low":{"dmean":0.00186023779679,"dmean2":0.00281086051837,"dvar":0.00000883324810275,"dvar2":0.0000200161430257,"max":0.0392450466752,"mean":0.00439743883908,"median":0.0032167378813,"min":1.73597942493e-22,"var":0.000019685134248},"spectral_entropy":{"dmean":0.175284743309,"dmean2":0.232596293092,"dvar":0.0288801956922,"dvar2":0.0513113290071,"max":9.82393360138,"mean":7.78666543961,"median":7.76703357697,"min":6.35777616501,"var":0.211288824677},"spectral_flux":{"dmean":0.0179984420538,"dmean2":0.0273775476962,"dvar":0.000399666052544,"dvar2":0.000936270284001,"max":0.31405544281,"mean":0.0635731965303,"median":0.0561739653349,"min":6.32920243993e-11,"var":0.00172286492307},"spectral_kurtosis":{"dmean":0.951718091965,"dmean2":1.4951416254,"dvar":0.918071389198,"dvar2":2.27136921883,"max":13.3760061264,"mean":2.81981468201,"median":2.71832847595,"min":-1.4691901207,"var":3.00273680687},"spectral_rms":{"dmean":0.000533464131877,"dmean2":0.000725813675672,"dvar":3.35034542331e-7,"dvar2":6.00847897658e-7,"max":0.00976557470858,"mean":0.00335694802925,"median":0.00329599855468,"min":3.11673039807e-12,"var":0.00000263140327661},"spectral_rolloff":{"dmean":701.590759277,"dmean2":1109.16674805,"dvar":1300003,"dvar2":2545346,"max":19659.8144531,"mean":2571.36035156,"median":1959.52148438,"min":86.1328125,"var":8376219},"spectral_skewness":{"dmean":0.176420211792,"dmean2":0.263997226954,"dvar":0.0308456048369,"dvar2":0.064082480967,"max":2.43425869942,"mean":1.18541026115,"median":1.2215307951,"min":-0.462762176991,"var":0.13110114634},"spectral_spread":{"dmean":630516.3125,"dmean2":858059.6875,"dvar":735938215936,"dvar2":1414392446980,"max":45288004,"mean":5794479,"median":4876540,"min":2093882.25,"var":24732453830700},"spectral_strongpeak":{"dmean":0.720348536968,"dmean2":1.21050465107,"dvar":2.54608607292,"dvar2":6.13296842575,"max":28.505613327,"mean":1.15450131893,"median":0.289337664843,"min":0,"var":4.92411279678},"zerocrossingrate":{"dmean":0.0154792778194,"dmean2":0.0172403752804,"dvar":0.000387504464015,"dvar2":0.000456574431155,"max":0.55517578125,"mean":0.090902633965,"median":0.0771484375,"min":0.00341796875,"var":0.00515851890668}},"metadata":{"audio_properties":{"analysis_sample_rate":44100,"bit_rate":268972,"codec":"mp3","downmix":"mix","equal_loudness":0,"length":168.124084473,"lossless":false,"md5_encoded":"3d1047515ad11c3548beda060a05667f","replay_gain":-11.4419193268,"sample_rate":44100},"tags":{"acoustid_fingerprint":["AQADtJGkRYmiqIJzHMdJnJAN8_iHtD7w4ITxH3kP9cgD4zk-5Meh88BxfEsgnjhVnIOFHyp--IhxuD5y4Tqe5TAH6DzEE8dVnMd3nDCBF8eZA4dD6LjxGOfxRQmOX_iN2MeP48eRvoc-5CP6H49MPKos_BuY18eJuseuw_vxvFBO1CKmpPgdnGKWHD9xP8gPfXh2iFM84UPl40mPdn2gMzkuBnl63Hgm5fCjF_d85MfTFeoJnR26ZFkFLaeEPZBGH4-UH_kSoGc0Dc1yq7jkowqTUQJVB08u7DmSW0csHZaS485FXA8aNin-4EyO71YRSrWCP4gYHWHC63geQz-OPkoVhHwePDuu4x-axMzAID-e7NDeEPrhfAqDdEx0I2SO8wme2YOyMzl-5EOTesWnXEb8PFD0I19wgdmD38GeLT08BcWZ48cvnA7iLEnk4D96hLlE5Bdu4tCqH071wOukITKJ5wnMHjZvhJ-UBc_xEv51fNI35EcJJ-Exed9QRulRHz9-hMpTiKHyIXyOUqfRJMk3_GJw4UHzmOh1nEZ-JFMYOJ-I6xH6FFdwfbgiFe8TRJ1yaOKP5sdnPCmXLLg_aOdBfYHLC9pR9WiURsLv4FsmotnCQDvyWAkqo-lxZZj14MqDpuoRPg_0_Gj24ieaSEluKExy9EF6wg1q5-AR5vugiUSe48HFFz9c8eATRs2GB0GhR3rAHS5zKOVQiSyu5Cj1Fs0PHQ8jNDfq9Ma5Qu_wcUgv4ieD7_gS9NksNJeC47yOS2lwR5xQB43G3ciP60iu41aEH5dSXEVT6Qi5EnoiBvkT9EbTn3hyfOKDS2mM7khf6ET4ZCEuHu_hTd9xJboUID-0PPsQPktx6fjxREHOoz-0VNORL1E44dFx7nDcCnmo4-pyoykfaFWYaTh51NORPkIpZ8e3HM-uCE1oY_rxDGCS7OiTRMdoHamD5DqeHZXRJM1xKmga5ggD3cezFNMZp2hC5Exy5ImKTLMX4HOKj8W1C1yP5EyO9Ac_3BHepcfU9EO6DcmFPgrxK06K92giJtbRJjlyJF8eeA8e3BL2DxUTKaiSLAeLPGkgqdmCfLvwy3iObceT47nE4SGHJkaPJ8mQVJqQn-jRjCye5cGL66gYc0iaSi_y49l0_EHa8NCeIz-eRQgz2ULVJBvkHecRS8oRVskDsboRnRkuBs3x4wd_PMP3CGnPgzWe8UGtcHATiOdxagiZB-8snCfyRSOmQ1GiMEL-obkc4V_QRzquajiHJhw65vgR_YF-5BXaDW-FSxIeOP_xZhlxssjFDDb8IvSN-7j0FB-J58N1HY2zoXpePDtOpgiZI-HxwHeGXhce7Th3vNCPMnHCwLdxBQ-Pv3iH7kTMI_lkC1d6_ArKO3jSHLUinEXlRMnRyDcu4RdyuRM0Zg9iWEe9CA-TB_3ho-xxnUEl6gqaKYmCpAuVIU-LHs0ZzEqOJwq54OnB57iGMkG5D2-HMAnZRYImJ0cunXgegooZHo93_MrxHF6OSwo-xKtyaEq0E9svZbDD44P45ChzHfpxQ80fQsuYHW2Pp9D6w2ORE88eDc2D__iUol2iXGhcXAxyHVqUZ8gzFr8sNGeaY