{"lowlevel":{"average_loudness":0.664937734604,"barkbands":{"dmean":[0.00140468473546,0.00388238253072,0.00232161558233,0.00096976448549,0.00210952921771,0.000997936003841,0.000625302374829,0.000506137381308,0.00132337596733,0.000719377421774,0.000678204698488,0.000611593597569,0.000409422849771,0.000234016537433,0.000328530732077,0.000189539408893,0.00014478409139,0.000108114123577,0.000102094141766,0.0000937939039432,0.0000950724424911,0.0000392873007513,0.0000107644282252,0.00000274299941339,0.00000203330546356,0.0000106896641228,0.000787179043982],"dmean2":[0.00238761119545,0.00655995914713,0.00386001984589,0.00162208813708,0.00326863839291,0.0015622767387,0.00102398684248,0.000861580716446,0.00209542899393,0.00116505508777,0.00110667722765,0.00101022259332,0.000678874435835,0.000383199308999,0.000532667909283,0.000297584774671,0.000227604876272,0.000164385011885,0.000155159417773,0.000140896023368,0.000140065996675,0.0000566610542592,0.0000157399117597,0.0000044602388698,0.00000339527218784,0.0000153006767505,0.00107879179996],"dvar":[0.0000051403303587,0.0000294194323942,0.0000130205844471,0.00000206823415283,0.0000195113007067,0.00000651069467494,0.00000252270751844,0.00000127989892462,0.0000119727574202,0.00000242720761889,0.00000194808899323,0.00000213978842112,6.10876895735e-7,1.72022680545e-7,3.54079332965e-7,1.33349189468e-7,8.09557505477e-8,4.84943178947e-8,6.60736176883e-8,4.87374336444e-8,7.14228391985e-8,1.39331248761e-8,6.17014772608e-10,2.16785634582e-11,1.13685744846e-11,6.19299722615e-10,0.00000277033836937],"dvar2":[0.0000138146551762,0.0000793727012933,0.0000362061509804,0.00000552625579076,0.0000439562136307,0.0000154769586516,0.00000642147415419,0.00000355895599569,0.0000290912412311,0.00000618972626398,0.00000487742499899,0.00000568439099879,0.00000160409967975,4.48511315199e-7,8.73260660228e-7,3.08318561792e-7,1.87411956176e-7,1.0345358703e-7,1.39071488547e-7,1.05647742998e-7,1.45110064409e-7,3.01256015689e-8,1.24610444185e-9,5.14416287345e-11,2.86761690782e-11,1.25018739805e-9,0.00000435706806456],"max":[0.0383644476533,0.0866091325879,0.0715414434671,0.0266735367477,0.128200694919,0.0627070143819,0.0589507482946,0.047526538372,0.112697504461,0.0379462614655,0.037924092263,0.0316451154649,0.0197586882859,0.0072246468626,0.0119070122018,0.00806042924523,0.0081738838926,0.0059068556875,0.00851108506322,0.0068780737929,0.00723824417219,0.00676015764475,0.000534208666068,0.000072926399298,0.0000423001947638,0.000636423297692,0.0459968224168],"mean":[0.00188770703971,0.0063786492683,0.00393714662641,0.00147936178837,0.0036469688639,0.00172634085175,0.000971986330114,0.000799934321549,0.00239982642233,0.00118860660587,0.00115862837993,0.0010353224352,0.000719663163181,0.000442477641627,0.000651347916573,0.000384343205951,0.000264560163487,0.000203654068173,0.000180717863259,0.000180359304068,0.000166921396158,0.0000749021564843,0.0000184691598406,0.00000364682500731,0.00000214771011997,0.0000185604858416,0.00213616085239],"median":[0.000989149324596,0.00405350048095,0.00179306266364,0.000884743640199,0.0017571420176,0.00060417415807,0.000380359095288,0.00034675950883,0.000802048423793,0.000511753780302,0.000423183402745,0.000269362819381,0.000370806403225,0.000207480989047,0.000347089924617,0.000199761110707,0.000144110264955,0.000106667364889,0.0000778156681918,0.000085604020569,0.0000646315020276,0.0000311485164275,0.00000711924803909,0.00000155947816438,8.09900996046e-7,0.00000757807174523,0.00127011921722],"min":[9.40560518359e-10,2.57382726243e-10,4.53498974484e-11,3.92433238683e-11,4.72763050929e-10,4.69426997274e-10,7.97972465882e-10,5.03247998829e-10,1.52800339048e-9,9.23955426058e-11,3.85934395553e-10,9.28254417776e-10,3.82409742761e-10,6.92384705125e-10,2.39514186262e-10,3.00853869595e-10,5.9121579854e-10,2.84234941139e-10,5.29690458162e-10,1.00445574081e-9,1.01588892853e-9,9.14248787787e-10,2.13404027782e-9,3.81192366561e-9,1.98781241467e-10,4.39569625144e-9,5.90495163877e-9],"var":[0.00000715664600648,0.0000523671114934,0.0000319264945574,0.00000362505284102,0.000041191582568,0.0000125407204905,0.00000418034369432,0.00000286172121378,0.0000332552481268,0.00000393246637032,0.00000481169217892,0.00000390071545553,0.00000103922980088,3.64853036672e-7,8.51921413414e-7,3.62719816849e-7,1.50935363763e-7,1.06045852988e-7,1.27210867618e-7,1.08915479302e-7,1.49006524452e-7,2.69358331195e-8,1.19643850383e-9,3.34904153021e-11,1.2949564164e-11,1.17939102928e-9,0.0000098953341876]},"barkbands_crest":{"dmean":2.36062121391,"dmean2":3.91237068176,"dvar":4.12199449539,"dvar2":10.9313545227,"max":24.1547641754,"mean":8.73744297028,"median":8.03650283813,"min":2.69235682487,"var":12.4086437225},"barkbands_flatness_db":{"dmean":0.0200552232563,"dmean2":0.0320797674358,"dvar":0.000330916896928,"dvar2":0.000828390999231,"max":0.307676941156,"mean":0.122529268265,"median":0.115533620119,"min":0.0441436320543,"var":0.00149105919991},"barkbands_kurtosis":{"dmean":3.23861551285,"dmean2":5.14194631577,"dvar":29.2740726471,"dvar2":72.8319320679,"max":124.84614563,"mean":6.16548299789,"median":3.08006238937,"min":-1.78162717819,"var":98.5896453857},"barkbands_skewness":{"dmean":0.52673625946,"dmean2":0.823645412922,"dvar":0.310556292534,"dvar2":0.733167469501,"max":8.87835025787,"mean":1.97022235394,"median":1.72843587399,"min":-1.6997231245,"var":1.52959144115},"barkbands_spread":{"dmean":9.58074474335,"dmean2":14.8895807266,"dvar":120.263000488,"dvar2":244.626678467,"max":122.84387207,"mean":39.9656639099,"median":36.1341896057,"min":1.80631673336,"var":513.669616699},"dissonance":{"dmean":0.0168729368597,"dmean2":0.0285987164825,"dvar":0.000262579327682,"dvar2":0.000725180667359,"max":0.499999970198,"mean":0.471977472305,"median":0.477851331234,"min":0.30102083087,"var":0.00049892795505},"dynamic_complexity":4.12979984283,"erbbands":{"dmean":[0.14273044467,0.827439069748,2.6790702343,2.68054127693,4.75848197937,8.87620353699,7.09110069275,9.58065605164,9.76996231079,7.95484876633,14.2093505859,28.9421920776,27.9680747986,17.1433372498,29.3719272614,24.391992569,17.5338993073,11.9519968033,13.7079725266,16.5389575958,9.26899909973,7.40660095215,5.97294378281,5.32323455811,4.72557592392,4.52031326294,4.3103055954,3.22086572647,1.57787871361,0.64528876543,0.262038290501,0.0937558189034,0.0331423580647,0.0225046686828,0.0146519923583,0.00915174558759,0.0215692222118,0.103016167879,0.112534873188,0.0143274106085],"dmean2":[0.239624291658,1.40149259567,4.48320150375,4.35512781143,7.92295408249,13.4906158447,10.9594421387,15.1547756195,15.7989435196,13.2705898285,23.6452293396,46.3893890381,45.6688117981,27.9866676331,48.397102356,40.2765350342,28.8786277771,19.4667568207,22.6692066193,26.242603302,14.4783830643,11.5073051453,9.00598049164,8.00542354584,7.10349559784,6.83289957047,6.4222369194,4.7891998291,2.28183555603,0.922478199005,0.375827401876,0.143726855516,0.0553101822734,0.0376608371735,0.0243928954005,0.0149708706886,0.0301922820508,0.140691563487,0.152551189065,0.0196361299604],"dvar":[0.0512359887362,1.47686564922,17.240983963,13.7809753418,59.4820785522,432.430999756,420.206481934,597.814147949,817.812438965,279.656860352,1118.95166016,7423.43603516,3662.11108398,2038.06921387,3914.60229492,3456.96337891,1224.14172363,446.02645874,575.190429688,1115.67797852,311.030212402,213.101654053,147.587295532,163.478103638,147.663391113,112.68952179,145.925140381,79.6848526001,25.9596595764,2.30727529526,0.375771969557,0.0367032885551,0.00312182796188,0.00143003370613,0.000575777550694,0.000201972070499,0.00255968910642,0.0763870999217,0.122712150216,0.000666356296279],"dvar2":[0.135556191206,4.16718864441,49.1121559143,36.5736923218,155.023773193,944.37298584,947.861877441,1461.94042969,2082.37768555,759.651855469,2942.18603516,18732.9648438,9152.23730469,5104.34277344,9846.96582031,9255.42285156,3172.99438477,1148.3260498,1489.8145752,2604.36938477,728.791992188,470.253448486,311.443572998,349.7081604,301.985748291,238.46987915,307.220275879,164.948944092,58.2607879639,4.07663059235,0.754299342632,0.0776455402374,0.0078938016668,0.00361385568976,0.00144926505163,0.00049958069576,0.00464399484918,0.12976449728,0.205095738173,0.00110882380977],"max":[3.47275495529,15.4070711136,78.4906768799,57.9889678955,285.970123291,581.34552002,702.909301758,648.604187012,1067.74621582,555.420410156,1340.46557617,3017.42675781,1682.56958008,1378.99731445,1809.28833008,1223.89978027,865.146850586,433.27911377,488.352142334,729.578369141,448.467498779,412.539337158,347.333312988,300.892608643,518.864196777,303.554840088,412.708007812,276.357177734,299.530670166,57.7629203796,14.9205093384,5.00413322449,0.705269217491,0.476494133472,0.299364238977,0.170922890306,1.61178123951,9.98679733276,12.2005109787,0.574315071106],"mean":[0.229526534677,1.2609629631,4.39707231522,4.86285305023,7.36909103394,14.4106836319,11.0675392151,16.1557788849,16.1617221832,13.0532941818,25.3782615662,51.7970619202,49.7724571228,31.4349040985,53.3564033508,44.2612342834,32.9833755493,24.3331489563,28.2287425995,33.9150314331,20.108089447,14.6508207321,11.5063447952,9.88430690765,8.63335323334,8.70852184296,7.54224252701,5.61050510406,2.99077105522,1.21157181263,0.45968413353,0.147639393806,0.0364701598883,0.0236269701272,0.0158007908612,0.0113238114864,0.0401529818773,0.183894246817,0.21983243525,0.0486139766872],"median":[0.115773633122,0.759447097778,2.11757802963,2.9994032383,4.39404773712,5.12480401993,4.34350681305,5.21406602859,5.65167379379,6.47749710083,11.0600719452,17.0339393616,20.6200809479,12.2383832932,20.1382694244,13.2423763275,16.6260643005,13.3388490677,14.4265823364,17.0153808594,11.8175115585,8.19054889679,6.13910102844,4.56446313858,3.89770722389,4.2037396431,3.06659388542,2.15497541428,1.23239588737,0.499206751585,0.175496101379,0.0602634735405,0.0147785628214,0.00885875243694,0.00621039746329,0.00526246940717,0.0169230345637,0.0685993731022,0.0876984745264,0.0341410301626],"min":[2.13949444827e-8,1.49782231063e-8,3.39827792573e-8,1.546800803e-7,3.1005930623e-7,0.00000240925032813,0.00000324085044667,0.00000432765318692,0.0000106132329165,0.00000828696647659,0.0000144458290379,0.0000387587242585,0.0000122372630358,0.00000847738192533,0.0000209194531635,0.000039864997234,0.0000165297460626,0.0000425150319643,0.0000186553916137,0.00000637049515717,0.0000224052291742,0.0000372406175302,0.000014552486391,0.0000379297598556,0.0000290859716188,0.0000433742243331,0.0000329521099047,0.0000490700840601,0.0000248176875175,0.0000350715708919,0.0000694015980116,0.0000815405510366,0.0000584258195886,0.00000840078882902,0.00000344799536833,0.0000131015331135,0.00000989796808426,0.00000221199707084,7.39212794088e-7,1.24400798995e-7],"var":[0.0936807021499,2.28801727295,39.382484436,32.7914657593,93.5454711914,915.309936523,700.013244629,1165.01867676,1457.35107422,415.269805908,2966.51171875,17184.1328125,7911.78955078,3304.40087891,10069.7763672,6337.63769531,2271.50073242,990.893615723,1349.90344238,2829.38378906,757.634094238,444.003234863,321.640319824,331.252960205,289.168243408,252.062805176,300.048217773,161.183395386,45.724697113,5.61338281631,0.739885866642,0.0684457048774,0.00357903260738,0.00160624529235,0.000668600783683,0.000270387419732,0.00576175935566,0.181429862976,0.315371334553,0.00312578375451]},"erbbands_crest":{"dmean":2.27496099472,"dmean2":3.74448251724,"dvar":4.33734035492,"dvar2":11.02784729,"max":28.7340698242,"mean":7.75630235672,"median":6.98430681229,"min":2.20695281029,"var":11.2263765335},"erbbands_flatness_db":{"dmean":0.0166701767594,"dmean2":0.0257178619504,"dvar":0.000192851905013,"dvar2":0.000448206847068,"max":0.285944998264,"mean":0.136117041111,"median":0.134788170457,"min":0.0386341288686,"var":0.000915450043976},"erbbands_kurtosis":{"dmean":0.753895819187,"dmean2":1.19782209396,"dvar":0.918131530285,"dvar2":2.10536289215,"max":35.9498596191,"mean":0.6066005826,"median":0.228178501129,"min":-1.46725833416,"var":2.51957416534},"erbbands_skewness":{"dmean":0.280775547028,"dmean2":0.439190804958,"dvar":0.0615938939154,"dvar2":0.139893501997,"max":5.32868432999,"mean":0.139515519142,"median":0.118238553405,"min":-2.08434486389,"var":0.301404029131},"erbbands_spread":{"dmean":5.83994483948,"dmean2":9.2152967453,"dvar":28.7482719421,"dvar2":70.0002441406,"max":92.2612838745,"mean":30.0150661469,"median":27.6781101227,"min":4.39158391953,"var":153.301483154},"gfcc":{"cov":[[5593.54003906,-267.177947998,-595.022399902,-214.61656189,-50.0705795288,-300.881500244,79.0576858521,-355.028106689,-20.781288147,102.720336914,-4.00822067261,93.7065353394,151.909591675],[-267.177947998,606.335327148,100.361442566,-172.173904419,-18.3973045349,70.8383789062,-48.8481483459,10.0663089752,-20.0341110229,-33.5933952332,21.9641971588,-43.2401733398,24.9710063934],[-595.022399902,100.361442566,333.356170654,105.849708557,-71.6688842773,125.679016113,-113.505706787,88.5428314209,-65.7691345215,0.934221386909,-8.51058864594,-21.8239612579,-9.24079227448],[-214.61656189,-172.173904419,105.849708557,243.544265747,85.2167892456,-33.5073013306,51.9337844849,6.84953308105,18.8476543427,1.30469942093,-24.6449985504,9.21855068207,-42.0999336243],[-50.0705795288,-18.3973045349,-71.6688842773,85.2167892456,177.52281189,-25.1191654205,89.0554122925,-10.9104547501,40.0111122131,-12.7304477692,-5.86053752899,-7.07439136505,-12.7774343491],[-300.881500244,70.8383789062,125.679016113,-33.5073013306,-25.1191654205,211.105529785,-66.6690979004,79.9725952148,-51.2574996948,13.7322854996,18.5231361389,-23.8962192535,13.4124250412],[79.0576858521,-48.8481483459,-113.505706787,51.9337844849,89.0554122925,-66.6690979004,194.971755981,-36.9516639709,75.9700012207,-3.18264245987,-15.995218277,22.4508514404,-43.0447006226],[-355.028106689,10.0663089752,88.5428314209,6.84953308105,-10.9104547501,79.9725952148,-36.9516639709,166.722671509,0.19292062521,7.22257184982,9.23854351044,-48.371711731,13.9502477646],[-20.781288147,-20.0341110229,-65.7691345215,18.8476543427,40.0111122131,-51.2574996948,75.9700012207,0.19292062521,98.973739624,24.244550705,3.96358513832,15.9338712692,-23.4672031403],[102.720336914,-33.5933952332,0.934221386909,1.30469942093,-12.7304477692,13.7322854996,-3.18264245987,7.22257184982,24.244550705,67.6961212158,31.5557231903,8.70660209656,9.19849014282],[-4.00822067261,21.9641971588,-8.51058864594,-24.6449985504,-5.86053752899,18.5231361389,-15.995218277,9.23854351044,3.96358513832,31.5557231903,59.7453346252,26.0913848877,15.6923656464],[93.7065353394,-43.2401733398,-21.8239612579,9.21855068207,-7.07439136505,-23.8962192535,22.4508514404,-48.371711731,15.9338712692,8.70660209656,26.0913848877,78.7234039307,12.9313955307],[151.909591675,24.9710063934,-9.24079227448,-42.0999336243,-12.7774343491,13.4124250412,-43.0447006226,13.9502477646,-23.4672031403,9.19849014282,15.6923656464,12.9313955307,76.1598052979]],"icov":[[0.000303605076624,-0.000224999021157,0.000970980036072,-0.000495595275424,0.000410338368965,0.0000445436635346,0.0000838931518956,0.000138508039527,0.000739725248422,-0.00107094144914,0.000800260750111,-0.000282821594737,-0.000364493898815],[-0.000224999021157,0.00778175750747,-0.0132062295452,0.0126563170925,-0.00597237097099,0.0025418845471,-0.00429524527863,0.00613295612857,-0.00665013957769,0.00789829064161,-0.00953024905175,0.00895971246064,-0.00427016429603],[0.000970980036072,-0.0132062295452,0.0337491855025,-0.0291030202061,0.0156714096665,-0.00890883337706,0.0108543718234,-0.0117056453601,0.0130926677957,-0.0134079521522,0.0177544467151,-0.0155141642317,0.00750719802454],[-0.000495595275424,0.0126563170925,-0.0291030202061,0.0343270003796,-0.0194013249129,0.0101137710735,-0.00820184405893,0.00642586033791,-0.00616432121024,0.00512203434482,-0.00786560121924,0.00644756108522,-0.000557825318538],[0.000410338368965,-0.00597237097099,0.0156714096665,-0.0194013249129,0.0198315102607,-0.00687946844846,0.000176540401299,-0.000540637003724,-0.000695782247931,0.00259147724137,-0.000957714742981,0.00295095774345,-0.00377713772468],[0.0000445436635346,0.0025418845471,-0.00890883337706,0.0101137710735,-0.00687946844846,0.0114749204367,-0.00200544367544,-0.00231590843759,0.00443691620603,-0.00364072085358,-0.000954414659645,-0.000778177462053,0.00183890678454],[0.0000838931518956,-0.00429524527863,0.0108543718234,-0.00820184405893,0.000176540401299,-0.00200544367544,0.0144689641893,-0.00475061358884,0.0000278954830719,-0.00507863610983,0.0100947273895,-0.0101866712794,0.00772644439712],[0.000138508039527,0.00613295612857,-0.0117056453601,0.00642586033791,-0.000540637003724,-0.00231590843759,-0.00475061358884,0.0191389154643,-0.013544254005,0.0123813441023,-0.0162162650377,0.0202535539865,-0.0117952749133],[0.000739725248422,-0.00665013957769,0.0130926677957,-0.00616432121024,-0.000695782247931,0.00443691620603,0.0000278954830719,-0.013544254005,0.0325024686754,-0.0231751203537,0.017536079511,-0.0191811788827,0.0129422564059],[-0.00107094144914,0.00789829064161,-0.0134079521522,0.00512203434482,0.00259147724137,-0.00364072085358,-0.00507863610983,0.0123813441023,-0.0231751203537,0.0419924966991,-0.0316031724215,0.022097568959,-0.0127644669265],[0.000800260750111,-0.00953024905175,0.0177544467151,-0.00786560121924,-0.000957714742981,-0.000954414659645,0.0100947273895,-0.0162162650377,0.017536079511,-0.0316031724215,0.051616396755,-0.032721657306,0.0121589517221],[-0.000282821594737,0.00895971246064,-0.0155141642317,0.00644756108522,0.00295095774345,-0.000778177462053,-0.0101866712794,0.0202535539865,-0.0191811788827,0.022097568959,-0.032721657306,0.0436511710286,-0.0187757257372],[-0.000364493898815,-0.00427016429603,0.00750719802454,-0.000557825318538,-0.00377713772468,0.00183890678454,0.00772644439712,-0.0117952749133,0.0129422564059,-0.0127644669265,0.0121589517221,-0.0187757257372,0.0276421085]],"mean":[5.0626502037,93.6301956177,-92.1410980225,-6.73818826675,-4.09798812866,-24.7260704041,16.017282486,-23.5819892883,3.0637819767,-11.8986110687,-12.1947231293,-3.84182167053,-7.85427713394]},"hfc":{"dmean":40.4515762329,"dmean2":58.2028274536,"dvar":2812.40625,"dvar2":5657.59619141,"max":1181.70092773,"mean":178.781661987,"median":124.179977417,"min":0.000419564923504,"var":26935.4003906},"melbands":{"dmean":[0.00113688525744,0.00126130448189,0.000487271434395,0.000453016749816,0.000303537817672,0.000210812286241,0.000141501543112,0.0000853680103319,0.000136786504299,0.000188928344869,0.00014197366545,0.0000721018222976,0.0000948936867644,0.0000710414969944,0.000061109822127,0.0000326039626088,0.0000227398104471,0.0000237251406361,0.0000239514301938,0.0000181591221917,0.0000113657843031,0.00000892878324521,0.00000632144383417,0.00000513847135153,0.00000457315127278,0.00000399756618208,0.00000338725499205,0.00000312849829243,0.00000290266052616,0.00000249098138738,0.00000175430113813,0.00000100552426829,6.22959646535e-7,2.9885509889e-7,1.65950893916e-7,1.07819779771e-7,3.86136917996e-8,2.30975540916e-8,2.04986871921e-8,1.84361788058e-8],"dmean2":[0.00191293295939,0.00212347437628,0.000802703842055,0.000710171181709,0.000457156012999,0.000332333904225,0.000228764023632,0.000143518234836,0.000223667157115,0.000302633969113,0.000231278158026,0.000117755560495,0.00015535322018,0.000119024567539,0.00010125584231,0.0000539363754797,0.0000373044895241,0.0000395459974243,0.0000386790889024,0.0000286678314296,0.0000182694693649,0.0000141699083542,0.00000985525912256,0.00000787971202953,0.00000701341605236,0.00000618215017312,0.00000519327568327,0.00000483870917378,0.00000447782713309,0.00000381108475267,0.00000264835398411,0.0000015094955188,9.04095202259e-7,4.48566311206e-7,2.43495122731e-7,1.60486052891e-7,6.24789819881e-8,3.87790564105e-8,3.43714248174e-8,3.08467527077e-8],"dvar":[0.00000276211153505,0.00000360451895176,4.34251916204e-7,7.13333861313e-7,6.78765331941e-7,2.80563824617e-7,1.48915788145e-7,3.02153715381e-8,1.02017629899e-7,3.08323819809e-7,9.6076554712e-8,3.62246659336e-8,3.79074798218e-8,2.2903726915e-8,2.20528182382e-8,3.45451200978e-9,1.67705493936e-9,1.79772130515e-9,2.02602823407e-9,1.28652710707e-9,5.03855013267e-10,3.05697051006e-10,1.59777358011e-10,1.19050394543e-10,1.2689262141e-10,1.00760143285e-10,7.42867573011e-11,5.37213468155e-11,7.19769244206e-11,4.9181041184e-11,2.48047901663e-11,1.17319140513e-11,2.52289161784e-12,5.03499206304e-13,1.48628451126e-13,7.50149318747e-14,4.41252411806e-15,1.56776618817e-15,1.20964425796e-15,9.53971703878e-16],"dvar2":[0.00000730814781491,0.0000103976763057,0.00000115314435334,0.00000160934087035,0.00000152855398028,6.83880330143e-7,3.80578825343e-7,8.29017849924e-8,2.5401828907e-7,7.85163763339e-7,2.36804936549e-7,9.02225849586e-8,9.52262269038e-8,6.27413925258e-8,5.80731338573e-8,9.04378438804e-9,4.36508873491e-9,4.73181671623e-9,4.99059860104e-9,2.94208191143e-9,1.24829468984e-9,7.15967063414e-10,3.56665447176e-10,2.56889565176e-10,2.85064388761e-10,2.28167679195e-10,1.5548126675e-10,1.20096946277e-10,1.60414903583e-10,1.07758885148e-10,5.20708684504e-11,2.80369807232e-11,4.78326189421e-12,1.06238390481e-12,3.15946731668e-13,1.61261385105e-13,1.02713646169e-14,3.97568042804e-15,3.06202283377e-15,2.4098231345e-15],"max":[0.0278077721596,0.0305710434914,0.0135454665869,0.0179648380727,0.0297132153064,0.012940636836,0.0140118151903,0.0054360111244,0.0131589155644,0.0165932700038,0.00818195566535,0.00591301219538,0.00536705739796,0.00293509545736,0.00337751838379,0.00133346568327,0.000825969269499,0.000863680266775,0.000916370074265,0.000712899724022,0.000559905485716,0.000518444401678,0.000278146093478,0.000336210010573,0.000257211417193,0.000346632441506,0.000406040431699,0.000158957365784,0.000296175363474,0.000182286559721,0.0001838508324,0.000208155979635,0.0000778610556154,0.0000237298536376,0.00000823065511213,0.00000809808261693,0.0000010402972066,5.00811040638e-7,4.39012211473e-7,3.88694274989e-7],"mean":[0.00194583891425,0.0021291738376,0.000933036615606,0.000771571940277,0.000486682227347,0.000359622208634,0.000238674227148,0.000140368574648,0.000237916465267,0.000339614314726,0.000245072180405,0.000120307573525,0.000168944650795,0.000128397790832,0.000101570753031,0.0000599776140007,0.000042264975491,0.0000442722157459,0.000046410219511,0.000036721896322,0.0000215358340938,0.0000159964220074,0.0000115386683319,0.00000912013274501,0.00000791302954894,0.00000658029966871,0.0000060462066358,0.00000562871309739,0.00000481120423501,0.00000401725083066,0.00000299063913189,0.00000180639995051,0.0000010957825225,5.00818430282e-7,2.73109975524e-7,1.72735653337e-7,5.20050704722e-8,2.34292851786e-8,2.10663877453e-8,1.92527362941e-8],"median":[0.00123105291277,0.00117999094073,0.00063671823591,0.000394754693843,0.000175086854142,0.000118892945466,0.0000883117463673,0.0000727371152607,0.0000989201580524,0.000106955783849,0.000099926146504,0.0000448245191365,0.0000625017273705,0.0000399025411753,0.0000342454150086,0.0000331967312377,0.0000213597959373,0.0000212164723052,0.0000239948476519,0.0000178808386408,0.000012213534319,0.00000873525641509,0.00000604909246249,0.00000447205957244,0.0000034572099139,0.00000275234174296,0.00000278172637991,0.00000267266909759,0.00000194254312191,0.00000147244293203,0.00000114097247206,7.22584047708e-7,4.46794530262e-7,1.94284368149e-7,1.0066349887e-7,6.21694908887e-8,2.17531663793e-8,8.09403921664e-9,7.52157536255e-9,7.13419900933e-9],"min":[1.85500517724e-10,1.75779269612e-11,2.55585847625e-11,8.55132284427e-11,1.20017246141e-10,9.61474302952e-11,1.62598323694e-10,9.29665372462e-11,1.19155185718e-10,2.52910886678e-10,5.27040425191e-11,2.88667267173e-11,5.83481388206e-11,1.02525224421e-10,5.69431342357e-11,5.35571795246e-11,7.81766179569e-11,2.96325984583e-11,1.51752499455e-11,8.79246241786e-12,2.67917268232e-11,3.74492936661e-11,1.92463024684e-11,1.51619515554e-11,3.4537834398e-11,1.28061328902e-11,3.56461526962e-11,2.65635811958e-11,1.36133578368e-11,3.50008425021e-11,2.79411164344e-11,1.63714736212e-11,1.02784222106e-11,2.26388560676e-11,3.55565230037e-11,5.22818593973e-11,4.56869611587e-11,3.84316016511e-12,2.417287941e-12,1.67546217785e-12],"var":[0.00000510265999765,0.00000739534743843,0.000001014339432,0.00000146991692418,0.00000127932537453,5.59391082788e-7,2.78093267525e-7,4.76165347152e-8,2.79064209963e-7,7.55040957756e-7,2.00680375428e-7,5.66230546895e-8,9.98389282358e-8,4.93559610959e-8,3.55316949197e-8,6.3924128213e-9,3.32902438949e-9,3.81449316578e-9,4.65601690536e-9,3.59522878135e-9,9.68406244084e-10,5.52913492768e-10,3.2407734829e-10,2.35958474981e-10,2.31767521841e-10,1.74596767599e-10,1.42914152734e-10,1.09910282264e-10,1.2961938467e-10,9.09740477395e-11,4.78986468544e-11,1.82079733235e-11,5.40817434239e-12,9.64755293882e-13,2.6797799548e-13,1.22969505672e-13,7.14640172939e-15,1.71335844631e-15,1.33819241326e-15,1.07244948446e-15]},"melbands_crest":{"dmean":3.87310528755,"dmean2":6.55784368515,"dvar":10.5729455948,"dvar2":30.2264957428,"max":35.9495201111,"mean":14.6109437943,"median":13.6293325424,"min":2.9572789669,"var":34.2152900696},"melbands_flatness_db":{"dmean":0.0289669763297,"dmean2":0.0458917692304,"dvar":0.000638725527097,"dvar2":0.00155024847481,"max":0.463950127363,"mean":0.232730507851,"median":0.227092280984,"min":0.0262030195445,"var":0.00316695985384},"melbands_kurtosis":{"dmean":5.78843688965,"dmean2":9.51297855377,"dvar":109.677017212,"dvar2":293.60736084,"max":261.179077148,"mean":10.2491168976,"median":4.48039340973,"min":-1.7024474144,"var":276.899536133},"melbands_skewness":{"dmean":0.706659376621,"dmean2":1.14564418793,"dvar":0.485539227724,"dvar2":1.29939651489,"max":13.848572731,"mean":2.38184380531,"median":2.00694489479,"min":-1.10624587536,"var":2.43073105812},"melbands_spread":{"dmean":5.90880775452,"dmean2":9.20531272888,"dvar":57.1908798218,"dvar2":117.675491333,"max":125.081352234,"mean":21.1398334503,"median":18.9503211975,"min":0.885119915009,"var":213.117080688},"mfcc":{"cov":[[5669.99365234,-69.5973892212,-804.133239746,112.837776184,-484.114685059,197.544906616,-240.306686401,-196.388183594,-104.890457153,-148.078262329,-77.1561889648,-90.1490859985,26.2968196869],[-69.5973892212,601.755065918,43.7482872009,-185.756591797,12.4518175125,-28.8934555054,11.0630941391,-16.3236656189,-16.4751396179,-8.98883628845,-6.11882638931,-20.7905464172,-23.3892211914],[-804.133239746,43.7482872009,509.807556152,-119.431434631,142.796188354,-65.2699508667,56.7680740356,-10.9055509567,-11.3699579239,-12.0815000534,9.13735294342,-0.455136865377,-33.3675575256],[112.837776184,-185.756591797,-119.431434631,360.683227539,-44.4707145691,59.9978294373,-39.4014015198,39.5891494751,19.4596328735,18.8828830719,3.84126234055,8.56274032593,4.93500947952],[-484.114685059,12.4518175125,142.796188354,-44.4707145691,193.883010864,-36.687171936,65.5532226562,1.50495994091,20.555688858,6.18744564056,4.97253036499,3.73008489609,-5.3583278656],[197.544906616,-28.8934555054,-65.2699508667,59.9978294373,-36.687171936,143.41078186,-2.0731511116,12.5476331711,-17.5125770569,-6.75291490555,-1.27757525444,0.760064482689,11.976474762],[-240.306686401,11.0630941391,56.7680740356,-39.4014015198,65.5532226562,-2.0731511116,103.635955811,20.3822784424,26.777097702,3.99662280083,9.77007770538,9.70904064178,-4.82041501999],[-196.388183594,-16.3236656189,-10.9055509567,39.5891494751,1.50495994091,12.5476331711,20.3822784424,88.5125198364,23.3885822296,25.0510578156,3.77868771553,6.11093235016,2.54026579857],[-104.890457153,-16.4751396179,-11.3699579239,19.4596328735,20.555688858,-17.5125770569,26.777097702,23.3885822296,80.1642684937,30.447883606,14.3674173355,6.1797041893,-3.58645153046],[-148.078262329,-8.98883628845,-12.0815000534,18.8828830719,6.18744564056,-6.75291490555,3.99662280083,25.0510578156,30.447883606,76.7764511108,29.7685260773,16.4828605652,-2.247641325],[-77.1561889648,-6.11882638931,9.13735294342,3.84126234055,4.97253036499,-1.27757525444,9.77007770538,3.77868771553,14.3674173355,29.7685260773,64.4471359253,26.044462204,2.38250637054],[-90.1490859985,-20.7905464172,-0.455136865377,8.56274032593,3.73008489609,0.760064482689,9.70904064178,6.11093235016,6.1797041893,16.4828605652,26.044462204,55.9938964844,15.547832489],[26.2968196869,-23.3892211914,-33.3675575256,4.93500947952,-5.3583278656,11.976474762,-4.82041501999,2.54026579857,-3.58645153046,-2.247641325,2.38250637054,15.547832489,49.0472221375]],"icov":[[0.000309124268824,0.0000384679406125,0.000365950458217,0.0000587489375903,0.000414360081777,-0.000222359245527,0.000139316980494,0.000596413214225,-0.0000785984084359,0.00038230229984,-0.0000516955806233,0.000283899105852,0.000102311787487],[0.0000384679406125,0.00204021530226,0.000177277222974,0.00111121707596,0.0000185980334209,-0.0000555930455448,0.000168590297108,-0.000153096654685,0.000227572803851,-0.00000505820435137,-0.000123776160763,0.000425101578003,0.000888862705324],[0.000365950458217,0.000177277222974,0.00331368856132,0.000668298103847,-0.00135725224391,0.000382079742849,-0.0000717171569704,0.000350251066266,0.00099152745679,0.00106516655069,-0.00074502627831,0.0000183936954272,0.00196035346016],[0.0000587489375903,0.00111121707596,0.000668298103847,0.00418689241633,-0.000256999861449,-0.00143404235132,0.0020569069311,-0.00148808408994,-0.00108273979276,0.000204550829949,-0.0000867714115884,-0.000528634234797,0.00123509718105],[0.000414360081777,0.0000185980334209,-0.00135725224391,-0.000256999861449,0.00877086352557,0.000927008979488,-0.00428372109309,0.00188794825226,-0.000792447419371,-0.000560795597266,0.000691285997164,0.000937499920838,-0.0013121481752],[-0.000222359245527,-0.0000555930455448,0.000382079742849,-0.00143404235132,0.000927008979488,0.00885013770312,-0.00222793384455,-0.00134057842661,0.00285908323713,0.000163847653312,-0.000601540203206,0.000567719165701,-0.00164654839318],[0.000139316980494,0.000168590297108,-0.0000717171569704,0.0020569069311,-0.00428372109309,-0.00222793384455,0.0156113049015,-0.00329756969586,-0.00459020398557,0.00310601945966,-0.00131355843041,-0.0024623174686,0.00218211207539],[0.000596413214225,-0.000153096654685,0.000350251066266,-0.00148808408994,0.00188794825226,-0.00134057842661,-0.00329756969586,0.0157813765109,-0.0021508494392,-0.00385879329406,0.00222333380952,0.000556684855837,-0.00123118481133],[-0.0000785984084359,0.000227572803851,0.00099152745679,-0.00108273979276,-0.000792447419371,0.00285908323713,-0.00459020398557,-0.0021508494392,0.0179954450577,-0.00533402105793,-0.00125786615536,0.00118838506751,0.000565532885958],[0.00038230229984,-0.00000505820435137,0.00106516655069,0.000204550829949,-0.000560795597266,0.000163847653312,0.00310601945966,-0.00385879329406,-0.00533402105793,0.0205754619092,-0.00742042018101,-0.00220572925173,0.00251304497942],[-0.0000516955806233,-0.000123776160763,-0.00074502627831,-0.0000867714115884,0.000691285997164,-0.000601540203206,-0.00131355843041,0.00222333380952,-0.00125786615536,-0.00742042018101,0.0227146185935,-0.00859386380762,0.000637551711407],[0.000283899105852,0.000425101578003,0.0000183936954272,-0.000528634234797,0.000937499920838,0.000567719165701,-0.0024623174686,0.000556684855837,0.00118838506751,-0.00220572925173,-0.00859386380762,0.0255569964647,-0.00788905471563],[0.000102311787487,0.000888862705324,0.00196035346016,0.00123509718105,-0.0013121481752,-0.00164654839318,0.00218211207539,-0.00123118481133,0.000565532885958,0.00251304497942,0.000637551711407,-0.00788905471563,0.0251302085817]],"mean":[-664.25793457,165.326263428,-27.5566825867,36.8994522095,-9.76045227051,21.7900104523,0.879882752895,10.074262619,7.43543481827,4.7806763649,-0.621365606785,-0.606998085976,0.41887652874]},"pitch_salience":{"dmean":0.0679033845663,"dmean2":0.112873196602,"dvar":0.00340715586208,"dvar2":0.00931252818555,"max":0.821329593658,"mean":0.591816067696,"median":0.607414126396,"min":0.140125870705,"var":0.00960819236934},"silence_rate_20dB":{"dmean":0,"dmean2":0,"dvar":0,"dvar2":0,"max":1,"mean":1,"median":1,"min":1,"var":0},"silence_rate_30dB":{"dmean":0.0140845067799,"dmean2":0.0281729828566,"dvar":0.0138861378655,"dvar2":0.0332954153419,"max":1,"mean":0.980002820492,"median":1,"min":0,"var":0.019595798105},"silence_rate_60dB":{"dmean":0.0152112673968,"dmean2":0.0304268207401,"dvar":0.0149804344401,"dvar2":0.0354208052158,"max":1,"mean":0.0549218431115,"median":0,"min":0,"var":0.0519062243402},"spectral_centroid":{"dmean":215.390518188,"dmean2":313.257324219,"dvar":68218,"dvar2":118255.484375,"max":3737.6784668,"mean":1174.28723145,"median":1056.41503906,"min":194.998580933,"var":338033.625},"spectral_complexity":{"dmean":3.53577470779,"dmean2":5.27257347107,"dvar":16.6677913666,"dvar2":28.7798080444,"max":62,"mean":20.6946907043,"median":20,"min":0,"var":128.129669189},"spectral_contrast_coeffs":{"dmean":[0.052209675312,0.0458095856011,0.0372047908604,0.0267971958965,0.0188859347254,0.0500899143517],"dmean2":[0.0863932445645,0.0768519863486,0.0623323582113,0.0451612733305,0.0313509367406,0.0772687271237],"dvar":[0.00166358612478,0.00128821434919,0.000837301136926,0.000443959463155,0.000227779237321,0.00172749999911],"dvar2":[0.00456028757617,0.00360549520701,0.00234476849437,0.00122621213086,0.000604244472925,0.0040258304216],"max":[-0.372544646263,-0.442730695009,-0.587763190269,-0.621340274811,-0.696714043617,-0.409117847681],"mean":[-0.675126194954,-0.777906656265,-0.784481048584,-0.806421339512,-0.820273995399,-0.698546826839],"median":[-0.679249942303,-0.781699538231,-0.787333667278,-0.807653486729,-0.82032585144,-0.702159881592],"min":[-0.907645523548,-0.953286826611,-0.932061254978,-0.933815419674,-0.942005813122,-0.862333118916],"var":[0.00583598762751,0.00322820013389,0.00241388869472,0.00131163874175,0.000751235405914,0.00638630567119]},"spectral_contrast_valleys":{"dmean":[0.378418415785,0.339951664209,0.274973124266,0.23948417604,0.252119481564,0.637603521347],"dmean2":[0.63581007719,0.567650437355,0.452045083046,0.375136017799,0.346444457769,1.03423643112],"dvar":[0.09361397475,0.0704618617892,0.0467172041535,0.0440820157528,0.0682030916214,0.290256977081],"dvar2":[0.255720943213,0.191590428352,0.119280137122,0.091003857553,0.101460695267,0.740872502327],"max":[-5.07851266861,-4.59408521652,-4.99362039566,-5.57227420807,-5.33922481537,-9.17150402069],"mean":[-6.85433721542,-6.53339195251,-6.81432914734,-7.27360725403,-7.52187776566,-11.3357877731],"median":[-6.73138809204,-6.44758987427,-6.78300857544,-7.11437702179,-7.34722232819,-11.262055397],"min":[-14.8084936142,-12.7348508835,-13.3805475235,-14.0642433167,-13.719827652,-15.3198060989],"var":[0.485245466232,0.63580262661,0.711900472641,0.747667431831,0.792795658112,0.820367634296]},"spectral_decrease":{"dmean":2.15462914177e-9,"dmean2":3.50258777537e-9,"dvar":6.92715124793e-18,"dvar2":1.83159509382e-17,"max":3.02401437224e-9,"mean":-5.7008531229e-9,"median":-4.67850602703e-9,"min":-4.13715888214e-8,"var":2.27344900358e-17},"spectral_energy":{"dmean":0.00906245782971,"dmean2":0.0142085580155,"dvar":0.000113506677735,"dvar2":0.000279888947261,"max":0.195382013917,"mean":0.0377323366702,"median":0.0331893898547,"min":3.73668385123e-8,"var":0.000793725310359},"spectral_energyband_high":{"dmean":0.000807054864708,"dmean2":0.00106203125324,"dvar":0.00000388588705391,"dvar2":0.00000597083680987,"max":0.0563301593065,"mean":0.00193119503092,"median":0.000978627125733,"min":1.90780529152e-8,"var":0.0000122397186715},"spectral_energyband_low":{"dmean":0.00605731224641,"dmean2":0.010138342157,"dvar":0.0000629063579254,"dvar2":0.000174132233951,"max":0.0987916886806,"mean":0.0124330017716,"median":0.00906591396779,"min":8.41529679274e-10,"var":0.000142729142681},"spectral_energyband_middle_high":{"dmean":0.00187801348511,"dmean2":0.00283863162622,"dvar":0.00000967469259194,"dvar2":0.0000233744322031,"max":0.0518535040319,"mean":0.00601695524529,"median":0.00386992422864,"min":4.98192997966e-9,"var":0.0000430976288044},"spectral_energyband_middle_low":{"dmean":0.00391277950257,"dmean2":0.0061109457165,"dvar":0.0000399267410103,"dvar2":0.0000928279769141,"max":0.146247655153,"mean":0.0115322470665,"median":0.00816732738167,"min":3.82499631968e-9,"var":0.000177719310159},"spectral_entropy":{"dmean":0.12952581048,"dmean2":0.191780373454,"dvar":0.0159516986459,"dvar2":0.0326255299151,"max":8.57562541962,"mean":7.57398891449,"median":7.60592603683,"min":6.08268785477,"var":0.0863396450877},"spectral_flux":{"dmean":0.0170852392912,"dmean2":0.0268756151199,"dvar":0.000301203079289,"dvar2":0.000711078988388,"max":0.325049132109,"mean":0.0976963788271,"median":0.0961742550135,"min":0.000193305037101,"var":0.0022061590571},"spectral_kurtosis":{"dmean":3.11432695389,"dmean2":4.85229969025,"dvar":9.51938915253,"dvar2":22.7039661407,"max":54.6009025574,"mean":19.3625774384,"median":18.7272167206,"min":2.83801412582,"var":32.524810791},"spectral_rms":{"dmean":0.000706056482159,"dmean2":0.00110206194222,"dvar":4.50871368685e-7,"dvar2":0.00000109394920855,"max":0.0138063970953,"mean":0.00557359447703,"median":0.00569033343345,"min":0.00000603783519182,"var":0.00000574699015488},"spectral_rolloff":{"dmean":4163.61035156,"dmean2":7913.04443359,"dvar":48336816,"dvar2":121093320,"max":22050,"mean":14323.9550781,"median":19832.0800781,"min":64.599609375,"var":79654312},"spectral_skewness":{"dmean":0.253814190626,"dmean2":0.390236854553,"dvar":0.0603163428605,"dvar2":0.138154745102,"max":5.41373825073,"mean":3.04325675964,"median":3.01460695267,"min":1.34976100922,"var":0.263306260109},"spectral_spread":{"dmean":353755.75,"dmean2":552797.125,"dvar":98601369600,"dvar2":232742273024,"max":9880096,"mean":4186411.75,"median":4155204,"min":2279604.5,"var":418601697280},"spectral_strongpeak":{"dmean":2.33879256248,"dmean2":4.30459356308,"dvar":111.58454895,"dvar2":293.074829102,"max":132.548538208,"mean":2.02723670006,"median":0.253978013992,"min":0,"var":95.9480743408},"zerocrossingrate":{"dmean":0.0330943278968,"dmean2":0.0429823696613,"dvar":0.000849356234539,"dvar2":0.00141530774999,"max":0.73974609375,"mean":0.28247231245,"median":0.2822265625,"min":0.04833984375,"var":0.00734397629276}},"metadata":{"audio_properties":{"analysis_sample_rate":44100,"bit_rate":128000,"codec":"mp3","downmix":"mix","equal_loudness":0,"length":164.858779907,"lossless":false,"md5_encoded":"2c6c1f6e1c20d925bb45f97238139f2b","replay_gain":-2.9926071167,"sample_rate":44100},"tags":{"album":["Reveal"],"albumartist":["R.E.M."],"albumartistsort":["R.E.M."],"artist":["R.E.M."],"artistsort":["R.E.M."],"asin":["B00005BL29"],"composer":["Michael Stipe","Mike Mills","Peter Buck"],"date":["2001-05-14"],"file_name":"11 I'll Take the Rain.mp3","genre":["Alternative Rock"],"musicbrainz album release country":["DE"],"musicbrainz album status":["official"],"musicbrainz album type":["album"],"musicbrainz_albumartistid":["ea4dfa26-f633-4da6-a52a-f49ea4897b58"],"musicbrainz_albumid":["167ef62c-43b5-4d2a-b932-1c0d0d619087"],"musicbrainz_artistid":["ea4dfa26-f633-4da6-a52a-f49ea4897b58"],"musicbrainz_recordingid":["bb6aa887-5f19-4dc5-8839-650727445633"],"musicip_puid":["a640c77a-5688-3b20-63d1-a7873ef8323e"],"title":["I'll Take the Rain"],"tracknumber":["11/12"]},"version":{"essentia":"2.1-beta1","essentia_build_sha":"ec322331fa6aaecceef5ae0ec8bb6dd0710d66ba","essentia_git_sha":"v2.1_beta1-28-g21ef5f4","extractor":"music 1.0"}},"rhythm":{"beats_count":226,"beats_loudness":{"dmean":0.0155259110034,"dmean2":0.0273013357073,"dvar":0.000166231708135,"dvar2":0.000494995969348,"max":0.14875254035,"mean":0.048613794148,"median":0.0458338856697,"min":0.000214627289097,"var":0.000932275666855},"beats_loudness_band_ratio":{"dmean":[0.156314253807,0.0761870667338,0.0714854374528,0.0487988591194,0.0456003248692,0.0998001769185],"dmean2":[0.276634126902,0.134569630027,0.131156116724,0.081026725471,0.0836024731398,0.175566703081],"dvar":[0.01463441737,0.00534061715007,0.00759357959032,0.00231551355682,0.00130572833586,0.00801144447178],"dvar2":[0.0385514572263,0.0152454990894,0.0231700185686,0.00618889834732,0.00373318535276,0.0219146423