{"lowlevel":{"average_loudness":0.938574552536,"barkbands":{"dmean":[0.0000131225333462,0.00303536746651,0.00308483629487,0.00395817030221,0.00433243811131,0.00132712861523,0.00106921547558,0.000466484867502,0.000876988109667,0.000286387716187,0.00011634954717,0.00006965387729,0.0000356465243385,0.0000455967747257,0.0000499517882417,0.000105309954961,0.0000905293782125,0.000187437370187,0.0000502788971062,0.0000340087826771,0.000028656431823,0.000043089974497,0.0000525643336005,0.0000581932072237,0.000051280228945,0.0000213017392525,0.00000668932125336],"dmean2":[0.0000223015576921,0.00485186744481,0.0052430909127,0.00668727653101,0.00687781255692,0.00204947218299,0.00158665026538,0.000711294065695,0.00134741014335,0.000445123587269,0.00017872780154,0.000111092274892,0.0000557415369258,0.0000734699860914,0.0000791029378888,0.0001701440342,0.000145194091601,0.000301492254948,0.0000795924497652,0.0000537290725333,0.000043397929403,0.00006050850061,0.0000680337980157,0.0000786436139606,0.0000768730096752,0.0000351375492755,0.0000115955699584],"dvar":[2.35635888579e-9,0.0000118371799545,0.0000193124396901,0.0000566639755561,0.0000364272891602,0.00000615152293904,0.00000554157213628,0.00000192709512703,0.0000072679031291,7.07012986823e-7,1.1771290076e-7,1.8991155315e-8,9.45791533979e-9,1.29003510096e-8,1.33406654612e-8,3.770219692e-8,3.4420814643e-8,1.66898900034e-7,4.63312588295e-8,3.82615006345e-9,5.89395154904e-9,5.09955171424e-8,1.42554000604e-7,1.85342997838e-7,7.73623440864e-8,1.1229940533e-8,1.47494638725e-9],"dvar2":[5.88739146323e-9,0.0000312458068947,0.0000549854848941,0.000158360548085,0.0000973192727542,0.0000149958696056,0.0000139226294777,0.00000485295095132,0.0000179619710252,0.00000176631476734,2.68954721605e-7,4.55237412211e-8,2.12277715406e-8,3.33424630128e-8,3.25000293344e-8,9.6671847416e-8,8.6507434105e-8,4.35353996409e-7,9.95288687022e-8,9.50448164616e-9,1.12007398911e-8,9.64529789371e-8,2.00127615813e-7,3.18919177289e-7,1.58064111133e-7,2.95155881957e-8,4.15062606507e-9],"max":[0.00109246885404,0.0480698309839,0.0504184067249,0.104862727225,0.0947726964951,0.0628444179893,0.0862519592047,0.0369224995375,0.0595048554242,0.0323867276311,0.0116192176938,0.00356120639481,0.0037823705934,0.00343807274476,0.00382957980037,0.00290763564408,0.00381224346347,0.00694077415392,0.0219845753163,0.00117492384743,0.00342898606323,0.0110131278634,0.0190569199622,0.0199691317976,0.0100371092558,0.00192385003902,0.00105571979657],"mean":[0.0000236153537116,0.00681963190436,0.00537685351446,0.00612376490608,0.0100081693381,0.00332754873671,0.00232720584609,0.000746032455936,0.0014444446424,0.000485753786052,0.000198467605514,0.00013326604676,0.0000705808997736,0.0000858969724504,0.0000992068380583,0.000208702724194,0.000196696491912,0.000373798015062,0.000111290726636,0.0000805423042038,0.0000705007623765,0.0000864358225954,0.0000908934089239,0.0000822294678073,0.0000666370469844,0.00002392634633,0.0000060923152887],"median":[0.00000281701045424,0.00540119269863,0.00345832575113,0.003142001573,0.00630251085386,0.00134276947938,0.000910878647119,0.000133198773256,0.00020333394059,0.000132235320052,0.0000646497501293,0.0000492387043778,0.0000265504932031,0.0000277997405647,0.0000238198481384,0.0000771017730585,0.0000502528273501,0.0000753979256842,0.0000360674384865,0.0000317264639307,0.0000299475796055,0.0000226944157475,0.00000612054464,0.00000538072708878,0.00000612038184045,0.00000255028157881,6.25300799584e-7],"min":[3.49542531609e-24,8.94796483981e-24,2.91386364613e-24,3.00150593493e-23,5.06277455227e-23,2.68146822112e-23,7.15086002276e-23,2.17963688062e-23,1.44768799831e-22,1.7588810352e-23,2.16868118037e-23,7.41892190033e-23,1.51366882929e-22,2.23533191203e-22,1.45527759752e-22,1.20963855476e-22,1.01416652173e-22,2.0981097469e-22,2.34401422558e-22,3.3204594383e-22,3.76627338727e-22,5.26991901301e-22,6.80029907172e-22,1.06801517686e-21,1.42424224441e-21,1.52684111509e-21,2.60288333663e-21],"var":[3.29770655227e-9,0.0000351498383679,0.0000332175841322,0.0000802642753115,0.000122819983517,0.0000300127139781,0.0000122996480059,0.00000415279100707,0.000014853245375,0.00000131577098728,2.27208786896e-7,4.99704100321e-8,2.46403448756e-8,3.5249492214e-8,4.29000053259e-8,9.53105327994e-8,1.14730021039e-7,4.23703937713e-7,1.15690035329e-7,1.19377459029e-8,1.80918569015e-8,1.18758165968e-7,4.3467383648e-7,4.09048965366e-7,1.56811722718e-7,1.1682059764e-8,9.74864300396e-10]},"barkbands_crest":{"dmean":2.27824735641,"dmean2":3.69484710693,"dvar":3.90304899216,"dvar2":10.4312791824,"max":25.3988037109,"mean":11.8037281036,"median":11.0443506241,"min":3.44323921204,"var":17.1449890137},"barkbands_flatness_db":{"dmean":0.0193901099265,"dmean2":0.0301459189504,"dvar":0.000339118472766,"dvar2":0.000838763196953,"max":0.558457553387,"mean":0.208961635828,"median":0.203396633267,"min":0.0573690421879,"var":0.00332421902567},"barkbands_kurtosis":{"dmean":6.17654323578,"dmean2":9.91152191162,"dvar":77.4563064575,"dvar2":205.493927002,"max":208.545974731,"mean":17.7202777863,"median":11.9599218369,"min":-1.91991436481,"var":298.006408691},"barkbands_skewness":{"dmean":0.597092092037,"dmean2":0.938128829002,"dvar":0.358761161566,"dvar2":0.907516002655,"max":10.3388967514,"mean":2.97091770172,"median":2.75786972046,"min":-2.40339517593,"var":1.94031476974},"barkbands_spread":{"dmean":3.07692289352,"dmean2":4.72019529343,"dvar":32.8990974426,"dvar2":64.0961456299,"max":157.85975647,"mean":11.2797269821,"median":7.60958909988,"min":0.525564551353,"var":234.254730225},"dissonance":{"dmean":0.0222315192223,"dmean2":0.0369600318372,"dvar":0.000432846311014,"dvar2":0.00118714605924,"max":0.500000059605,"mean":0.436559438705,"median":0.443536818027,"min":0.236483305693,"var":0.00128430163022},"dynamic_complexity":2.51956534386,"erbbands":{"dmean":[0.0351944752038,0.854138255119,3.164052248,8.62487411499,13.8502063751,16.7321987152,9.3917722702,11.3901081085,16.8947181702,8.66949653625,12.269446373,20.790851593,9.79399681091,5.90523386002,3.40063595772,2.32916212082,1.63346409798,1.88425004482,2.4477763176,4.6013917923,4.08974599838,5.03989505768,12.2996091843,3.09113550186,2.64834070206,1.23552262783,1.06704115868,1.29250597954,1.46904361248,1.41715025902,1.61776959896,1.18704068661,1.03019618988,0.629506707191,0.336358606815,0.123908959329,0.0344974957407,0.00809566210955,0.0010193020571,0.0000695870039635],"dmean2":[0.0556017681956,1.37152636051,5.37055301666,14.64453125,22.8703403473,26.3719120026,14.3864221573,17.755651474,25.1546592712,13.2914028168,18.7370662689,31.9946136475,15.3331947327,9.01146125793,5.23463821411,3.69912290573,2.53508710861,2.97030735016,3.87780785561,7.38664960861,6.59460067749,8.08611774445,19.784029007,4.88920974731,4.23042201996,1.97054803371,1.67514586449,1.8798905611,2.11464977264,1.89988720417,2.10509324074,1.61881768703,1.42304480076,0.920346319675,0.515519320965,0.20105406642,0.057706002146,0.0138604873791,0.00175421847962,0.000119131087558],"dvar":[0.00172777229454,0.944347381592,17.7688674927,268.633056641,443.80078125,668.74621582,355.053771973,449.156402588,1149.04516602,626.323242188,1158.33422852,4550.41064453,696.598022461,412.583404541,80.7682876587,24.9691810608,16.339925766,27.9357509613,43.4655075073,75.9427185059,45.2771224976,99.441116333,755.532714844,120.266517639,35.6112480164,4.60111522675,4.10971069336,20.6717033386,54.0826530457,90.7267532349,148.032424927,69.0566482544,74.9318237305,15.089222908,2.96171426773,0.371389865875,0.0319686755538,0.00208645756356,0.0000334545693477,1.22475739772e-7],"dvar2":[0.00491374684498,2.51920080185,51.4292182922,761.733154297,1247.67797852,1725.53076172,854.943359375,1162.43884277,2721.32299805,1577.89233398,2941.48632812,11174.8056641,1796.3828125,974.154296875,189.42199707,58.9871368408,36.7762489319,69.1189422607,107.81414032,197.373001099,110.980323792,252.376739502,1980.43994141,245.195846558,87.0385055542,11.535276413,9.53642845154,36.592338562,112.031204224,152.847961426,233.761428833,115.633842468,148.149368286,29.8644218445,6.34325265884,0.945969521999,0.0854730978608,0.00582374632359,0.0000939758319873,3.41958951822e-7],"max":[0.541207194328,13.4690847397,45.4066352844,202.058105469,316.49887085,527.461914062,548.993713379,424.349060059,932.06439209,809.041503906,990.423706055,1549.84326172,721.724914551,953.975036621,340.114501953,166.284515381,131.384674072,204.972854614,212.2918396,120.85521698,190.778961182,219.101013184,457.44543457,1104.44799805,396.165710449,58.2417602539,69.4705352783,208.762435913,303.217468262,455.451965332,684.488525391,353.86730957,504.209991455,164.558654785,53.1968078613,12.4163036346,3.59398317337,1.41159176826,0.164510771632,0.00807975325733],"mean":[0.0877031609416,1.90162146091,5.98414802551,14.751950264,26.3851528168,38.8056221008,24.5306568146,27.7510032654,38.9087944031,16.3021202087,21.60364151,33.8145713806,18.319234848,11.3676042557,6.80928850174,4.82798671722,3.55998945236,4.03265428543,5.1708574295,9.12577819824,9.34682846069,11.7349376678,24.8626346588,7.40389728546,6.30322933197,3.37083482742,2.69211959839,3.07909679413,3.08020138741,2.57750678062,2.64838147163,1.86893105507,1.30278015137,0.808645904064,0.432702481747,0.144784584641,0.0372206531465,0.00793768186122,0.000959320750553,0.0000993037610897],"median":[0.0788097381592,1.4970536232,4.50799465179,8.85708904266,18.8647212982,19.5319252014,11.9760437012,12.8385257721,13.5885267258,6.87086725235,3.69323325157,4.44339036942,4.67988061905,3.65712213516,2.60990309715,1.88216435909,1.54282701015,1.4002982378,1.48062598705,3.19497537613,4.64267539978,3.88464307785,4.7414560318,2.73120522499,2.3378329277,1.4459592104,1.19544482231,1.11853444576,0.86558753252,0.386928915977,0.168077453971,0.130965843797,0.0727683678269,0.0574579946697,0.0436242520809,0.0168250817806,0.00362570979632,0.000868929433636,0.000108719010314,0.0000509123383381],"min":[5.38058168297e-22,8.18049667482e-22,3.19253144303e-21,5.33160039303e-20,1.01441695086e-19,1.72869438914e-19,2.11822511332e-19,2.42605146024e-19,8.79532459931e-19,8.72574940401e-19,1.17276199002e-18,3.02022294566e-18,1.1368296778e-18,7.81624519196e-19,1.31434553239e-18,3.45498287176e-18,6.87276081393e-18,1.19374950604e-17,9.82957002588e-18,5.559616141e-18,6.57755452897e-18,6.21743772699e-18,1.27116211356e-17,8.63426839814e-18,1.28936314761e-17,1.72507639936e-17,1.36823622522e-17,1.81691363057e-17,1.56762819459e-17,2.18230974738e-17,1.86207851919e-17,1.73750925484e-17,1.98691363939e-17,1.79678634103e-17,8.66646888503e-18,4.39490365231e-18,3.08600799939e-18,1.53470014032e-18,3.59959430876e-19,3.77875458548e-20],"var":[0.00415786076337,2.73838615417,29.539440155,341.326507568,730.659484863,2929.14819336,1625.11303711,1622.74133301,3414.32543945,963.643310547,2834.54980469,9128.43945312,1546.52197266,883.50769043,172.366821289,67.442024231,44.2821121216,79.5289840698,139.58303833,183.634780884,146.356796265,327.703063965,1906.18811035,302.982971191,110.539131165,19.0083999634,13.8196935654,64.0144500732,119.054824829,232.523483276,406.888916016,172.856643677,129.346847534,30.0239696503,5.62651443481,0.45664525032,0.0300452187657,0.00149189122021,0.0000228077697102,8.44917735776e-8]},"erbbands_crest":{"dmean":2.61021375656,"dmean2":4.21537637711,"dvar":5.77733802795,"dvar2":15.1929616928,"max":27.7161064148,"mean":10.8571805954,"median":9.84347438812,"min":2.70575022697,"var":20.1747150421},"erbbands_flatness_db":{"dmean":0.0163065977395,"dmean2":0.0248888768256,"dvar":0.000261937500909,"dvar2":0.000601275009103,"max":0.40162974596,"mean":0.165895983577,"median":0.162331044674,"min":0.0280912108719,"var":0.0014198058052},"erbbands_kurtosis":{"dmean":1.57902097702,"dmean2":2.5291595459,"dvar":5.38196992874,"dvar2":13.5469303131,"max":59.3352851868,"mean":2.26195025444,"median":1.1261973381,"min":-1.85051774979,"var":18.7546043396},"erbbands_skewness":{"dmean":0.398151099682,"dmean2":0.608754992485,"dvar":0.142333120108,"dvar2":0.336253285408,"max":7.07466554642,"mean":1.22358357906,"median":1.19595479965,"min":-3.61207318306,"var":1.04140996933},"erbbands_spread":{"dmean":7.7922949791,"dmean2":12.1993980408,"dvar":90.8667831421,"dvar2":212.055053711,"max":164.424804688,"mean":39.8099708557,"median":37.9957695007,"min":3.25635695457,"var":317.711639404},"gfcc":{"cov":[[9419.48828125,603.398498535,-498.039123535,-3.46919941902,-417.885437012,-114.374534607,-409.541564941,369.83404541,-244.724731445,105.962364197,-178.411529541,71.3145370483,-36.1472892761],[603.398498535,1052.49768066,-168.13079834,216.558547974,177.930633545,-108.461105347,134.486587524,-48.5700149536,41.4654083252,-80.3990097046,62.5295028687,20.6642112732,79.5138549805],[-498.039123535,-168.13079834,916.549621582,-138.222885132,-42.3937911987,473.266448975,65.5631866455,46.4629669189,33.997718811,15.3670597076,-144.393768311,-86.7751693726,-48.7521286011],[-3.46919941902,216.558547974,-138.222885132,385.591644287,198.974517822,-171.534744263,2.97173762321,-52.8582458496,17.9147071838,-25.0130462646,81.1536483765,47.070274353,84.176864624],[-417.885437012,177.930633545,-42.3937911987,198.974517822,305.241882324,-105.159507751,48.8751831055,-0.131324291229,-10.7414798737,-18.9798679352,71.2476882935,49.9091453552,86.0547332764],[-114.374534607,-108.461105347,473.266448975,-171.534744263,-105.159507751,434.769042969,103.315284729,65.9009017944,38.3204154968,12.2669048309,-110.148971558,-72.2200775146,-55.7900466919],[-409.541564941,134.486587524,65.5631866455,2.97173762321,48.8751831055,103.315284729,177.588775635,32.6785240173,44.1836013794,-3.37332987785,6.08479499817,-12.2228860855,8.29785251617],[369.83404541,-48.5700149536,46.4629669189,-52.8582458496,-0.131324291229,65.9009017944,32.6785240173,146.288848877,2.3691163063,28.0963478088,-10.0938014984,9.05358505249,-3.86431765556],[-244.724731445,41.4654083252,33.997718811,17.9147071838,-10.7414798737,38.3204154968,44.1836013794,2.3691163063,115.432090759,24.7580966949,-3.06586623192,-18.5402297974,-11.3107070923],[105.962364197,-80.3990097046,15.3670597076,-25.0130462646,-18.9798679352,12.2669048309,-3.37332987785,28.0963478088,24.7580966949,95.5203704834,21.1226501465,10.9506559372,-8.3043384552],[-178.411529541,62.5295028687,-144.393768311,81.1536483765,71.2476882935,-110.148971558,6.08479499817,-10.0938014984,-3.06586623192,21.1226501465,127.836219788,67.9976043701,36.2763938904],[71.3145370483,20.6642112732,-86.7751693726,47.070274353,49.9091453552,-72.2200775146,-12.2228860855,9.05358505249,-18.5402297974,10.9506559372,67.9976043701,85.2493972778,49.0656433105],[-36.1472892761,79.5138549805,-48.7521286011,84.176864624,86.0547332764,-55.7900466919,8.29785251617,-3.86431765556,-11.3107070923,-8.3043384552,36.2763938904,49.0656433105,92.05418396]],"icov":[[0.000297458464047,-0.00046012722305,0.000269048439804,-0.000469128368422,0.000571907032281,-0.00031619638321,0.000870854826644,-0.000980646931566,0.000741394527722,-0.000719826144632,0.000914873846341,-0.000576558581088,0.00021272781305],[-0.00046012722305,0.00206148903817,-0.000287411938189,0.000398915872211,-0.00103872222826,0.000674117531162,-0.00235803751275,0.00173294183332,-0.00152072228957,0.00205045728944,-0.00158525956795,0.00116775126662,-0.000813033664599],[0.000269048439804,-0.000287411938189,0.00324207777157,-0.000559773412533,-0.000798786641099,-0.00396721670404,0.0019691332709,-0.00028524332447,0.000554751721211,-0.00118408317212,0.0018204448279,-0.000424681580625,0.000205996140721],[-0.000469128368422,0.000398915872211,-0.000559773412533,0.00589932920411,-0.0032234468963,0.00144319864921,-0.000605373585131,0.00244789733551,-0.00289120688103,0.00185662379954,-0.0026433810126,0.00177840644028,-0.0022683639545],[0.000571907032281,-0.00103872222826,-0.000798786641099,-0.0032234468963,0.00810388103127,0.00150847504847,-0.00068934931187,-0.00313283596188,0.00276631931774,-0.0008611951489,0.000198493493372,-0.000388294836739,-0.00269356695935],[-0.00031619638321,0.000674117531162,-0.00396721670404,0.00144319864921,0.00150847504847,0.00927031040192,-0.00523983128369,-0.000376726384275,-0.000978657859378,0.000978124677204,0.000657705531921,0.000750461127609,-0.000153713903273],[0.000870854826644,-0.00235803751275,0.0019691332709,-0.000605373585131,-0.00068934931187,-0.00523983128369,0.0129726082087,-0.00424346188083,-0.000656006450299,-0.00109659403097,-0.000335908058332,0.00100209447555,-0.000484792661155],[-0.000980646931566,0.00173294183332,-0.00028524332447,0.00244789733551,-0.00313283596188,-0.000376726384275,-0.00424346188083,0.0120886191726,-0.00199761707336,-0.000168499725987,-0.000781795184594,-0.00150519737508,0.000168606769876],[0.000741394527722,-0.00152072228957,0.000554751721211,-0.00289120688103,0.00276631931774,-0.000978657859378,-0.000656006450299,-0.00199761707336,0.0134561713785,-0.0056774104014,0.00225089257583,0.000754026405048,0.00119067216292],[-0.000719826144632,0.00205045728944,-0.00118408317212,0.00185662379954,-0.0008611951489,0.000978124677204,-0.00109659403097,-0.000168499725987,-0.0056774104014,0.0161638967693,-0.00645144702867,0.000958960677963,-0.0000971703557298],[0.000914873846341,-0.00158525956795,0.0018204448279,-0.0026433810126,0.000198493493372,0.000657705531921,-0.000335908058332,-0.000781795184594,0.00225089257583,-0.00645144702867,0.0221084244549,-0.0155515028164,0.00459159445018],[-0.000576558581088,0.00116775126662,-0.000424681580625,0.00177840644028,-0.000388294836739,0.000750461127609,0.00100209447555,-0.00150519737508,0.000754026405048,0.000958960677963,-0.0155515028164,0.0315780155361,-0.0129456175491],[0.00021272781305,-0.000813033664599,0.000205996140721,-0.0022683639545,-0.00269356695935,-0.000153713903273,-0.000484792661155,0.000168606769876,0.00119067216292,-0.0000971703557298,0.00459159445018,-0.0129456175491,0.0215361770242]],"mean":[-28.0808963776,117.288131714,-80.4971694946,42.0875892639,-50.1246795654,-5.21397399902,-35.549030304,2.38258600235,-21.0941200256,-7.61625385284,-21.6550483704,1.18635296822,-9.42487335205]},"hfc":{"dmean":4.35572338104,"dmean2":6.3788599968,"dvar":99.04737854,"dvar2":162.007171631,"max":430.810699463,"mean":15.1329565048,"median":12.1875343323,"min":1.24760951874e-16,"var":348.280700684},"melbands":{"dmean":[0.000587898655795,0.00145306927152,0.00156796386,0.00113871577196,0.000382122554583,0.000261430832325,0.000238643377088,0.0000933374685701,0.000119172560517,0.00012381018314,0.0000504746858496,0.0000272630913969,0.0000146397915159,0.00000707310618964,0.00000626501514489,0.00000333120192408,0.00000381584050047,0.00000442349028162,0.00000371238138541,0.00000845201975608,0.00000471561088489,0.00000589305773246,0.00000683892267261,0.0000117790896184,0.00000191026128959,0.00000173644491497,0.00000203224408324,8.09451023542e-7,7.60009640999e-7,6.15938347437e-7,9.13195776775e-7,8.89938633009e-7,9.13269389002e-7,8.33982994664e-7,9.70691075963e-7,9.21774528706e-7,7.17681018614e-7,8.11597942629e-7,5.94700054535e-7,5.34693413101e-7],"dmean2":[0.00093056174228,0.00241760886274,0.0026437707711,0.0018141415203,0.000591429998167,0.000403444486437,0.000357197306585,0.000142976277857,0.000180876333616,0.000191378072486,0.0000789961704868,0.0000417208757426,0.0000224611358135,0.0000111833760457,0.00000995397749648,0.00000524521010448,0.00000608464279139,0.00000705038337401,0.00000592424885326,0.0000135487061925,0.00000768355585024,0.0000095922350738,0.0000109350876301,0.0000189510137716,0.00000304975765175,0.00000275745173894,0.00000326324811795,0.00000131074011733,0.00000121956031762,9.51180425091e-7,0.00000134600998081,0.00000130145588173,0.00000132764569116,0.00000116221599455,0.00000130951161736,0.00000129118950554,0.00000101786054074,0.00000115633918085,8.64976755111e-7,8.10061806078e-7],"dvar":[4.39307683564e-7,0.00000322578375744,0.00000787066619523,0.00000254174142356,4.10658856254e-7,2.16369542727e-7,2.48030630701e-7,7.06168776787e-8,1.07694702933e-7,1.5121329966e-7,1.89685440688e-8,8.52055048739e-9,1.59368573893e-9,2.68868705078e-10,1.69777303327e-10,8.84641110366e-11,1.13169806859e-10,1.41117534325e-10,5.58966831155e-11,3.27592536431e-10,7.09094866158e-11,1.44624673348e-10,1.69508879155e-10,6.96033231051e-10,1.00364751232e-10,5.73175396035e-11,1.55454711603e-11,2.35755815911e-12,1.80633004214e-12,3.63684473162e-12,1.11362290917e-11,1.74926566288e-11,3.12455790408e-11,3.70572912634e-11,5.57759116671e-11,4.82753940989e-11,2.9754559927e-11,6.06180591833e-11,1.89690260027e-11,1.08048873668e-11],"dvar2":[0.00000116802959838,0.0000093257494882,0.000022020394681,0.00000675107958159,0.00000102452781903,5.52594713099e-7,6.14881571437e-7,1.73812878757e-7,2.70371032229e-7,3.71387216092e-7,4.87963305318e-8,2.04361754186e-8,3.66850527733e-9,6.28479490672e-10,4.1409967122e-10,2.05819458698e-10,2.81849210637e-10,3.52938317461e-10,1.36837305376e-10,8.56504533964e-10,1.76253470152e-10,3.8101330424e-10,4.26181451241e-10,1.80808046313e-9,1.98128305429e-10,1.35418759539e-10,4.05287053917e-11,6.05283878574e-12,4.5525436719e-12,7.21039460777e-12,2.06133339564e-11,3.72878741772e-11,6.70127217606e-11,7.01711744266e-11,9.54160431221e-11,8.50030948407e-11,5.50142466305e-11,1.27987773157e-10,3.7957081922e-11,2.38212557319e-11],"max":[0.00858292169869,0.0226654410362,0.0356977507472,0.0264361631125,0.0150293633342,0.00861280504614,0.0162813737988,0.00699408119544,0.00717692170292,0.00862596929073,0.00375319737941,0.0042014401406,0.00152884796262,0.000467917241622,0.000447237485787,0.000404634309234,0.000392756599467,0.000336791214067,0.000170088023879,0.000256671162788,0.000245351955527,0.000280741951428,0.000167869278812,0.00045458166278,0.00104352273047,0.000689416890964,0.0000546739174752,0.0000479441623611,0.0000397468247684,0.0000983062418527,0.000174548098585,0.000206013719435,0.000241351110162,0.00030590876122,0.000398429401685,0.000331211282173,0.000223441544222,0.000500311318319,0.000211691309232,0.000131169013912],"mean":[0.00138632662129,0.00307478220202,0.00282047712244,0.00257780798711,0.000999482581392,0.000663869839627,0.000533369719051,0.000162604745128,0.000201524642762,0.000200751630473,0.0000891146846698,0.0000500721616845,0.0000268842322839,0.0000131734577735,0.000011642856407,0.00000664594563204,0.0000075499679042,0.00000847481533128,0.00000744364433558,0.0000157854483405,0.0000098265845736,0.0000120574795801,0.0000147197233673,0.0000224154082389,0.00000396164068661,0.00000410481698054,0.0000042884244067,0.00000185021190191,0.00000175752325049,0.00000138228404012,0.00000196904306904,0.00000178765412784,0.00000157583940563,0.0000013745909655,0.00000151911365265,0.00000144850730521,0.00000105091521618,9.850891729e-7,7.26162454612e-7,6.68719906116e-7],"median":[0.00116104935296,0.00254087662324,0.00181801512372,0.00160381500609,0.000537571497262,0.000296488433378,0.000199879621505,0.0000459208094981,0.0000298520135402,0.0000274864851235,0.0000232136171689,0.0000162975229614,0.0000096761941677,0.00000481334109281,0.00000380252913601,0.00000255513964476,0.00000252691529568,0.00000208395158552,0.00000248002902481,0.00000423544952355,0.0000037045647332,0.00000344929412677,0.00000364771426575,0.00000360882700079,0.00000117668855637,0.00000162030403317,0.00000125321901123,6.51219806969e-7,7.02517354512e-7,6.12530584476e-7,6.57926875647e-7,5.04947536228e-7,3.40514560548e-7,1.47974446918e-7,9.29518435555e-8,8.70282477194e-8,6.96385740184e-8,4.68526479835e-8,4.03344770916e-8,4.71872141361e-8],"min":[3.47761559787e-24,1.29219735289e-24,1.13390330091e-23,8.50363025747e-24,8.74562043989e-24,5.71085321042e-24,1.46548567852e-23,8.02046478594e-24,1.24871750916e-23,1.98628233959e-23,5.21439069946e-24,2.96935685537e-24,3.49147548954e-24,8.54044639592e-24,7.38773128677e-24,1.81424865778e-23,2.32122195144e-23,1.56215711147e-23,1.04560822971e-23,6.69338696205e-24,7.29906253216e-24,5.2434535185e-24,1.07748302234e-23,9.62047665012e-24,6.08781157727e-24,1.1946705975e-23,7.81872544234e-24,1.27265178568e-23,7.26665928162e-24,1.10585700803e-23,1.07903715721e-23,9.94427091955e-24,7.74147071617e-24,1.3768317545e-23,1.13299043107e-23,9.44629379566e-24,1.06396628516e-23,1.16982913094e-23,1.71626203593e-23,1.51797127667e-23],"var":[0.0000012714932609,0.00000608108348388,0.0000109139900815,0.00000822061338113,0.00000188767648979,8.92834520982e-7,6.29671831121e-7,1.23183767187e-7,2.5488020583e-7,3.04987167965e-7,3.93162800094e-8,1.72831864376e-8,3.35381922234e-9,6.21478757346e-10,3.97922306217e-10,2.15946663329e-10,3.03386649136e-10,4.20883439212e-10,1.6060607011e-10,7.3365119535e-10,2.18223536463e-10,3.89233395515e-10,5.17231812935e-10,1.68810543322e-9,2.32528621358e-10,1.33923247492e-10,4.24604726379e-11,7.33631471544e-12,5.92895784551e-12,9.17801858819e-12,3.08997688547e-11,3.82524532883e-11,5.45486607273e-11,8.50321757451e-11,1.41086892169e-10,1.13925535672e-10,6.19996276541e-11,8.98901786339e-11,3.32624656985e-11,1.92725800596e-11]},"melbands_crest":{"dmean":2.97539830208,"dmean2":4.9442076683,"dvar":7.02899026871,"dvar2":19.6258239746,"max":34.3132247925,"mean":15.6061983109,"median":14.9382162094,"min":2.30184555054,"var":25.2888832092},"melbands_flatness_db":{"dmean":0.0216432344168,"dmean2":0.0336045995355,"dvar":0.000416627852246,"dvar2":0.00102434738073,"max":0.726324081421,"mean":0.29691901803,"median":0.291173905134,"min":0.00911614112556,"var":0.00471381610259},"melbands_kurtosis":{"dmean":11.8126001358,"dmean2":18.8947277069,"dvar":258.762939453,"dvar2":668.117736816,"max":304.35534668,"mean":35.4759864807,"median":25.2086677551,"min":-1.8497389555,"var":971.868103027},"melbands_skewness":{"dmean":0.757117152214,"dmean2":1.19565951824,"dvar":0.568697571754,"dvar2":1.42276108265,"max":12.8681497574,"mean":3.92916798592,"median":3.69663047791,"min":-0.16656704247,"var":2.57761096954},"melbands_spread":{"dmean":2.66023683548,"dmean2":3.97306799889,"dvar":41.9868011475,"dvar2":67.3864898682,"max":232.006454468,"mean":9.36012363434,"median":6.35865926743,"min":0.524826645851,"var":174.894714355},"mfcc":{"cov":[[5335.36279297,137.779296875,-421.620300293,55.4170532227,-102.554916382,-402.379089355,-114.18497467,-27.6762504578,1.97824120522,-32.6824073792,29.4743499756,39.3202438354,4.95232391357],[137.779296875,761.872436523,-18.1827888489,151.807739258,22.7841739655,73.3183898926,84.1212005615,101.411148071,53.8175468445,13.7989854813,5.02693557739,2.68390035629,21.5508460999],[-421.620300293,-18.1827888489,868.175292969,-402.150756836,34.2039871216,241.08833313,40.9142837524,109.213768005,109.579040527,195.806091309,109.037208557,-64.144203186,-82.977394104],[55.4170532227,151.807739258,-402.150756836,628.932128906,155.338577271,-54.9751663208,19.467464447,-44.1991882324,-27.2772464752,-152.460754395,-94.8966827393,48.6003189087,90.5230102539],[-102.554916382,22.7841739655,34.2039871216,155.338577271,199.097351074,31.2776241302,40.007270813,5.93870401382,24.2386550903,-30.3340511322,-29.4244728088,1.98011612892,22.495967865],[-402.379089355,73.3183898926,241.08833313,-54.9751663208,31.2776241302,197.940505981,42.1594238281,50.2603759766,53.4775772095,71.6338348389,38.3330001831,-21.8409233093,-26.5524234772],[-114.18497467,84.1212005615,40.9142837524,19.467464447,40.007270813,42.1594238281,158.554595947,58.7165718079,39.0311584473,-8.37906074524,7.82818460464,10.7958307266,16.2763347626],[-27.6762504578,101.411148071,109.213768005,-44.1991882324,5.93870401382,50.2603759766,58.7165718079,132.039367676,55.1297912598,51.5756111145,20.9789981842,-6.278840065,-14.9912214279],[1.97824120522,53.8175468445,109.579040527,-27.2772464752,24.2386550903,53.4775772095,39.0311584473,55.1297912598,113.280967712,69.8293838501,33.8437423706,-18.826210022,-14.3831710815],[-32.6824073792,13.7989854813,195.806091309,-152.460754395,-30.3340511322,71.6338348389,-8.37906074524,51.5756111145,69.8293838501,156.46307373,78.1945037842,-26.3808021545,-45.9636192322],[29.4743499756,5.02693557739,109.037208557,-94.8966827393,-29.4244728088,38.3330001831,7.82818460464,20.9789981842,33.8437423706,78.1945037842,97.8047332764,7.55772542953,-13.6403245926],[39.3202438354,2.68390035629,-64.144203186,48.6003189087,1.98011612892,-21.8409233093,10.7958307266,-6.278840065,-18.826210022,-26.3808021545,7.55772542953,70.1728057861,45.252948761],[4.95232391357,21.5508460999,-82.977394104,90.5230102539,22.495967865,-26.5524234772,16.2763347626,-14.9912214279,-14.3831710815,-45.9636192322,-13.6403245926,45.252948761,94.9483413696]],"icov":[[0.000240752124228,-0.0000991864799289,0.00000182815665539,0.00000234641697716,-0.00000533271759195,0.000605604494922,0.000143651312101,-0.0000444581855845,-0.000225920026423,0.0000594909106439,-0.000252647296293,-0.0000696756105754,0.000139781273901],[-0.0000991864799289,0.00172459054738,0.0000852918019518,-0.000607998284977,0.000471858453238,-0.000774644315243,-0.000417662900873,-0.00114564446267,0.0000196709734155,-0.000122475670651,-0.000023351100026,0.000441364187282,-0.00043979997281],[0.00000182815665539,0.0000852918019518,0.00312836538069,0.00187974481378,-0.0018157789018,-0.00248154113069,0.00032507602009,-0.00072950735921,-0.000159112008987,-0.000607091817074,-0.000658275152091,0.000676469295286,-0.000247273273999],[0.00000234641697716,-0.000607998284977,0.00187974481378,0.00411838060245,-0.00289244041778,-0.00124106986914,0.000778684567194,0.000149764717207,-0.000988507643342,0.00151458999608,0.000503183808178,-0.000663468730636,-0.000945451844018],[-0.00000533271759195,0.000471858453238,-0.0018157789018,-0.00289244041778,0.00840447098017,-0.000110911118099,-0.00135900021996,0.000572866701987,-0.001628378639,0.000563304463867,0.00179104576819,0.000181616764166,-0.000438142073108],[0.000605604494922,-0.000774644315243,-0.00248154113069,-0.00124106986914,-0.000110911118099,0.010691777803,-0.00125392223708,0.0000939104284043,-0.000586852023844,-0.0017864452675,-0.000959489669185,0.00034805177711,0.00114739232231],[0.000143651312101,-0.000417662900873,0.00032507602009,0.000778684567194,-0.00135900021996,-0.00125392223708,0.00973379053175,-0.00376921216957,-0.00293634249829,0.0044869761914,-0.00214506709017,-0.000809772871435,-0.000858304149006],[-0.0000444581855845,-0.00114564446267,-0.00072950735921,0.000149764717207,0.000572866701987,0.0000939104284043,-0.00376921216957,0.012766786851,-0.00277973199263,-0.00318242097273,0.00260481541045,-0.00213311193511,0.00146361941006],[-0.000225920026423,0.0000196709734155,-0.000159112008987,-0.000988507643342,-0.001628378639,-0.000586852023844,-0.00293634249829,-0.00277973199263,0.0167008452117,-0.00697764055803,-0.000866301183123,0.00375620438717,-0.00166571245063],[0.0000594909106439,-0.000122475670651,-0.000607091817074,0.00151458999608,0.000563304463867,-0.0017864452675,0.0044869761914,-0.00318242097273,-0.00697764055803,0.0201049633324,-0.0101601034403,0.00206924602389,0.00237526977435],[-0.000252647296293,-0.000023351100026,-0.000658275152091,0.000503183808178,0.00179104576819,-0.000959489669185,-0.00214506709017,0.00260481541045,-0.000866301183123,-0.0101601034403,0.0210988409817,-0.00722406432033,0.000474235072033],[-0.0000696756105754,0.000441364187282,0.000676469295286,-0.000663468730636,0.000181616764166,0.00034805177711,-0.000809772871435,-0.00213311193511,0.00375620438717,0.00206924602389,-0.00722406432033,0.024504929781,-0.0101627940312],[0.000139781273901,-0.00043979997281,-0.000247273273999,-0.000945451844018,-0.000438142073108,0.00114739232231,-0.000858304149006,0.00146361941006,-0.00166571245063,0.00237526977435,0.000474235072033,-0.0101627940312,0.0179220587015]],"mean":[-681.046020508,148.284622192,24.652431488,47.1054000854,6.7312579155,3.28042268753,-6.89450931549,6.56547307968,2.23468017578,-7.44358444214,-4.83205699921,-4.76841068268,-5.51180028915]},"pitch_salience":{"dmean":0.0666281804442,"dmean2":0.109773851931,"dvar":0.00333673250861,"dvar2":0.00921930745244,"max":0.834551513195,"mean":0.531876862049,"median":0.540253996849,"min":0.140590727329,"var":0.0109347598627},"silence_rate_20dB":{"dmean":0,"dmean2":0,"dvar":0,"dvar2":0,"max":1,"mean":1,"median":1,"min":1,"var":0},"silence_rate_30dB":{"dmean":0.001953125,"dmean2":0.00390663137659,"dvar":0.00194931030273,"dvar2":0.00545402104035,"max":1,"mean":0.998828232288,"median":1,"min":0,"var":0.00117032101844},"silence_rate_60dB":{"dmean":0.000585937523283,"dmean2":0.00117198948283,"dvar":0.000585610629059,"dvar2":0.00156132515986,"max":1,"mean":0.0227516852319,"median":0,"min":0,"var":0.0222342927009},"spectral_centroid":{"dmean":126.514175415,"dmean2":191.805908203,"dvar":38730.4609375,"dvar2":66677.6875,"max":11310.5625,"mean":680.234741211,"median":513.316162109,"min":168.673553467,"var":287515.375},"spectral_complexity":{"dmean":1.78105473518,"dmean2":2.90477585793,"dvar":2.82412052155,"dvar2":6.91502332687,"max":40,"mean":12.2642316818,"median":12,"min":0,"var":34.408821106},"spectral_contrast_coeffs":{"dmean":[0.0491362735629,0.0407994836569,0.0336262136698,0.0264981482178,0.020118733868,0.0173477865756],"dmean2":[0.0820117890835,0.0660112574697,0.0528413690627,0.0432191900909,0.0323753431439,0.0268447715789],"dvar":[0.00162804778665,0.00119397952221,0.000721259857528,0.000449525599834,0.00027972238604,0.000341353996191],"dvar2":[0.00458863005042,0.00323547166772,0.00179486756679,0.00116090115625,0.000695753959008,0.000680513039697],"max":[-0.257061809301,-0.404768645763,-0.526899576187,-0.556131243706,-0.595746874809,-0.61152356863],"mean":[-0.589761972427,-0.676391839981,-0.744846999645,-0.767619013786,-0.769942700863,-0.747374951839],"median":[-0.596396446228,-0.678669333458,-0.750606179237,-0.772453129292,-0.775652766228,-0.748780250549],"min":[-0.967849969864,-0.960429608822,-0.972881019115,-0.963428020477,-0.95678961277,-0.956862688065],"var":[0.0070276572369,0.00728284893557,0.00377952028066,0.00280070235021,0.00260502938181,0.00222677993588]},"spectral_contrast_valleys":{"dmean":[0.369082510471,0.303083151579,0.269987642765,0.229166030884,0.190727338195,0.234845846891],"dmean2":[0.625797271729,0.488532096148,0.42803800106,0.362793117762,0.292090028524,0.325007855892],"dvar":[0.105566479266,0.0845361799002,0.0613979920745,0.051851414144,0.0494768731296,0.125452786684],"dvar2":[0.270718425512,0.190452322364,0.129668697715,0.100367300212,0.0881476029754,0.207409843802],"max":[-5.20756053925,-4.86534643173,-5.71694564819,-6.83347940445,-6.17709302902,-6.70993709564],"mean":[-6.77335977554,-7.00398921967,-8.06154155731,-8.66753959656,-8.3611240387,-10.9309473038],"median":[-6.51062726974,-6.90554904938,-7.96369457245,-8.54604244232,-8.30783653259,-10.9741220474],"min":[-26.9807109833,-27.2956829071,-26.7436466217,-27.3027057648,-27.4375934601,-27.309135437],"var":[1.66291761398,1.13717699051,1.15395641327,1.03688561916,1.13772034645,1.21129822731]},"spectral_decrease":{"dmean":2.81500689425e-9,"dmean2":4.57776172524e-9,"dvar":1.10480517359e-17,"dvar2":3.06000942322e-17,"max":4.96338278383e-16,"mean":-9.88172743632e-9,"median":-9.19537068711e-9,"min":-3.90047034671e-8,"var":2.59125162948e-17},"spectral_energy":{"dmean":0.010875293985,"dmean2":0.0176515448838,"dvar":0.000162678683409,"dvar2":0.000449930957984,"max":0.15000000596,"mean":0.0386684425175,"median":0.0360270477831,"min":1.1048862276e-20,"var":0.000390765053453},"spectral_energyband_high":{"dmean":0.00023376235913,"dmean2":0.000309693539748,"dvar":0.00000132694697186,"dvar2":0.00000190333560113,"max":0.0531654506922,"mean":0.000458335300209,"median":0.00013044795196,"min":8.17282556419e-21,"var":0.00000419041316491},"spectral_energyband_low":{"dmean":0.00649726763368,"dmean2":0.0107803540304,"dvar":0.0000728544473532,"dvar2":0.000206150158192,"max":0.105034068227,"mean":0.01532675419,"median":0.013384860009,"min":2.78887699762e-23,"var":0.000129628620925},"spectral_energyband_middle_high":{"dmean":0.000578608480282,"dmean2":0.000875089259353,"dvar":0.00000104039258986,"dvar2":0.00000248041442319,"max":0.0384103804827,"mean":0.00196472974494,"median":0.00119174690917,"min":1.41551544856e-21,"var":0.00000508690891365},"spectral_energyband_middle_low":{"dmean":0.00811277143657,"dmean2":0.0131043996662,"dvar":0.000109401822556,"dvar2":0.000303367036395,"max":0.133105069399,"mean":0.0240900721401,"median":0.0211164876819,"min":3.49314727513e-22,"var":0.000284480513074},"spectral_entropy":{"dmean":0.180144116282,"dmean2":0.278093963861,"dvar":0.0358244180679,"dvar2":0.084408685565,"max":9.78527355194,"mean":6.89389753342,"median":6.90091896057,"min":4.40620088577,"var":0.245259821415},"spectral_flux":{"dmean":0.0220363363624,"dmean2":0.0357902385294,"dvar":0.000550566648599,"dvar2":0.00123690871987,"max":0.327489554882,"mean":0.077843606472,"median":0.0726206302643,"min":1.05113570625e-10,"var":0.00165168999229},"spectral_kurtosis":{"dmean":1.95789599419,"dmean2":3.27380824089,"dvar":10.7366504669,"dvar2":22.8854503632,"max":265.787902832,"mean":6.22970199585,"median":5.63660049438,"min":-1.30995392799,"var":45.3810005188},"spectral_rms":{"dmean":0.000830493576359,"dmean2":0.00133154948708,"dvar":7.12705684691e-7,"dvar2":0.00000194933295461,"max":0.0120971677825,"mean":0.00590806035325,"median":0.0059286034666,"min":3.28319641439e-12,"var":0.00000282019527731},"spectral_rolloff":{"dmean":201.427139282,"dmean2":350.363464355,"dvar":536033.9375,"dvar2":1147526.75,"max":21683.9355469,"mean":706.178039551,"median":344.53125,"min":86.1328125,"var":3702874.5},"spectral_skewness":{"dmean":0.243324905634,"dmean2":0.389672338963,"dvar":0.0631224438548,"dvar2":0.147212490439,"max":13.7647132874,"mean":1.89676296711,"median":1.90471935272,"min":-0.16468924284,"var":0.432358145714},"spectral_spread":{"dmean":533323.5,"dmean2":814068.25,"dvar":843049205760,"dvar2":1713986732030,"max":40647728,"mean":4450593,"median":4062008.5,"min":520285.625,"var":2997126955010},"spectral_strongpeak":{"dmean":0.372062385082,"dmean2":0.627228498459,"dvar":0.287858426571,"dvar2":0.727283120155,"max":10.943980217,"mean":0.851763129234,"median":0.595182418823,"min":0,"var":0.528993427753},"zerocrossingrate":{"dmean":0.00643763551489,"dmean2":0.0080363964662,"dvar":0.000123943347717,"dvar2":0.000130465326947,"max":0.68115234375,"mean":0.0354056581855,"median":0.0263671875,"min":0.00341796875,"var":0.0029816175811}},"metadata":{"audio_properties":{"analysis_sample_rate":44100,"bit_rate":0,"codec":"flac","downmix":"mix","equal_loudness":0,"length":237.759994507,"lossless":true,"md5_encoded":"838e918da8d8abdc25b471f9e3187e1c","replay_gain":-11.6314697266,"sample_rate":44100},"tags":{"album":["Modern Life Is Rubbish"],"albumartist":["Blur"],"albumartistsort":["Blur"],"artist":["Blur"],"artistsort":["Blur"],"asin":["B007SAKUJ6"],"barcode":["5099964480824"],"bpm":["115"],"catalognumber":["5099964480824","FOODCDX9"],"compilation":["0"],"date":["2012-07-27"],"discnumber":["2"],"disctotal":["2"],"encodedby":["FLAC1.2.1"],"file_name":"2-08 Peach.flac","genre":["BritPop"],"label":["Parlophone","Food"],"language":["eng"],"media":["CD"],"musicbrainz_albumartistid":["ba853904-ae25-4ebb-89d6-c44cfbd71bd2"],"musicbrainz_albumid":["10f5fd34-470d-46f8-b364-7e2ddfc765e5"],"musicbrainz_artistid":["ba853904-ae25-4ebb-89d6-c44cfbd71bd2"],"musicbrainz_recordingid":["bbdfdb1b-9ee6-4cce-af7f-37f0b8b868bb"],"musicbrainz_releasegroupid":["e7affd78-d157-4772-a468-675fa4309c61"],"musicbrainz_releasetrackid":["f41fac4c-e15c-302a-9ccd-2a08e94922d1"],"originaldate":["1993-05-10"],"originalyear":["1993"],"releasecountry":["XE"],"releasestatus":["official"],"releasetype":["album"],"script":["Latn"],"title":["Peach"],"totaldiscs":["2"],"totaltracks":["19"],"tracknumber":["8"],"tracktotal":["19"]},"version":{"essentia":"2.1-beta2","essentia_build_sha":"70f2e5ece6736b2c40cc944ad0e695b16b925413","essentia_git_sha":"v2.1_beta2","extractor":"music 1.0"}},"rhythm":{"beats_count":360,"beats_loudness":{"dmean":0.0192372370511,"dmean2":0.0346891097724,"dvar":0.000265373790171,"dvar2":0.000798837281764,"max":0.135607391596,"mean":0.0444553866982,"median":0.0429581403732,"min":3.49115625298e-9,"var":0.000447051919764},"beats_loudness_band_ratio":{"dmean":[0.172501325607,0.150510564446,0.118778385222,