{"lowlevel":{"average_loudness":0.961164057255,"barkbands":{"dmean":[0.00010634935461,0.00522127468139,0.00415216758847,0.0059008160606,0.0033653890714,0.000843955378514,0.00104299595114,0.000631579081528,0.00105885602534,0.00029521714896,0.000165489094798,0.000170476952917,0.000195139407879,0.000276847567875,0.000231853802688,0.000190382139408,0.000179068490979,0.000133876310429,0.000123565303511,0.0000771976992837,0.0000568185641896,0.0000832561636344,0.0000712855835445,0.0000625887550996,0.0000549802898604,0.0000755976652727,0.00003150890916],"dmean2":[0.000167651858646,0.00838654581457,0.00733703328297,0.00967176537961,0.00568387797102,0.00137489533518,0.00165475916583,0.00100792455487,0.00167517329101,0.000470361410407,0.000263185764197,0.000274473219179,0.000313587021083,0.000454281398561,0.000379263830837,0.00030700606294,0.000297671969747,0.000217166176299,0.000201385861146,0.000118531257613,0.0000834144593682,0.000119391115732,0.000102166624856,0.0000883801258169,0.0000698114745319,0.0000896912824828,0.0000407399274991],"dvar":[4.99018213418e-8,0.0000869638897711,0.000065792373789,0.000103788835986,0.0000445496443717,0.00000205133665077,0.00000342029102285,0.00000238518737206,0.00000465562698082,6.33900185676e-7,1.89300507714e-7,1.57168273063e-7,1.76849610511e-7,1.58363860692e-7,1.55580082151e-7,1.12790196738e-7,1.19706726309e-7,4.41301075682e-8,6.17099473743e-8,1.99578948923e-8,2.19577138694e-8,8.52155395137e-8,5.41818714339e-8,5.92700040158e-8,2.44723477039e-8,1.63038791356e-8,3.67847929894e-9],"dvar2":[1.11538106751e-7,0.00020382659568,0.000184569580597,0.00024937276612,0.000119334319606,0.00000514236535309,0.00000845031991048,0.00000577609716856,0.0000122511137306,0.0000016221720216,4.2035864567e-7,3.94965638861e-7,4.00197905037e-7,4.01904628688e-7,3.98108966237e-7,2.74225811836e-7,3.0156886055e-7,1.15978913584e-7,1.66296274529e-7,4.49671730962e-8,4.62115075095e-8,1.71862737375e-7,1.22186364138e-7,1.27830958263e-7,4.71506034216e-8,2.46468001563e-8,6.4555392143e-9],"max":[0.00201366888359,0.0898148417473,0.0774877071381,0.10794390738,0.0842915400863,0.0316618457437,0.0313154608011,0.0417695716023,0.0456046611071,0.0229002051055,0.0160496272147,0.00928012188524,0.013738585636,0.00673042563722,0.00855180900544,0.00614054966718,0.00877753458917,0.00763882510364,0.0100791342556,0.00355919031426,0.00763871427625,0.0142161305994,0.00833393167704,0.00892410520464,0.0071296938695,0.00178051250987,0.000818428234197],"mean":[0.000107994674181,0.00748945074156,0.00504402210936,0.00610547233373,0.00425372645259,0.00136912730522,0.00175780896097,0.00095944624627,0.00176163262222,0.000474066124298,0.000257803709246,0.000273934187135,0.000333302654326,0.000486873002956,0.000419156916905,0.000365893298294,0.000334506388754,0.000299744831864,0.000273221201496,0.00016571006563,0.000106464642158,0.00013760694128,0.000117284049338,0.000103491707705,0.000098856537079,0.000148280378198,0.0000498063309351],"median":[0.00001957870154,0.00468267686665,0.00283938297071,0.00232059485279,0.00183650711551,0.000773848674726,0.000997665454634,0.000368997512851,0.000770867569372,0.000205499367439,0.0000974401191343,0.000122660392663,0.000179490394657,0.000334363779984,0.000260759959929,0.000251652178122,0.000198634210392,0.000219159686822,0.000184886099305,0.000107495405246,0.0000549241012777,0.0000503678747918,0.0000400739118049,0.0000305322646454,0.0000386200990761,0.0000704165868228,0.0000187495152204],"min":[6.06248945775e-23,3.33044420855e-23,2.17747129966e-23,5.46220385866e-24,1.36718770905e-22,1.13106927078e-22,3.19112159082e-23,2.14057785285e-23,1.42415873875e-22,7.59678479091e-23,1.02736814053e-22,9.16074318737e-23,1.07641597752e-22,1.07860004938e-22,1.47909299271e-22,7.64884456194e-23,9.74136311518e-23,1.89703781118e-22,2.53791320686e-22,2.76796700871e-22,3.65458406217e-22,5.09014354495e-22,6.11443386577e-22,7.11682591274e-22,1.0323228181e-21,1.88303789039e-21,2.63267637896e-21],"var":[5.10048110414e-8,0.0000927013752516,0.0000508307384735,0.000106107610918,0.0000475556735182,0.00000352945380655,0.00000624574659014,0.00000424046947956,0.00000870581425261,0.0000010601215763,4.31664318512e-7,2.79219420918e-7,3.24506544302e-7,3.00457998037e-7,2.92136945745e-7,2.12600113514e-7,2.23055835136e-7,8.97721363913e-8,1.289269278e-7,4.35266791499e-8,4.43310206322e-8,1.65379304917e-7,8.16533116677e-8,9.39402724498e-8,5.08359505602e-8,4.49600641161e-8,7.04669700369e-9]},"barkbands_crest":{"dmean":2.70766282082,"dmean2":4.46751356125,"dvar":5.65038871765,"dvar2":14.5428304672,"max":24.2229442596,"mean":9.60395336151,"median":9.07905483246,"min":2.65711641312,"var":11.4129428864},"barkbands_flatness_db":{"dmean":0.0218840595335,"dmean2":0.0337514020503,"dvar":0.000389644788811,"dvar2":0.000963910017163,"max":0.370186507702,"mean":0.115780197084,"median":0.110660158098,"min":0.0226081907749,"var":0.00157732353546},"barkbands_kurtosis":{"dmean":3.94055342674,"dmean2":6.41382408142,"dvar":31.8684520721,"dvar2":81.6544265747,"max":102.866081238,"mean":5.69719839096,"median":3.43374538422,"min":-1.90967941284,"var":59.5624046326},"barkbands_skewness":{"dmean":0.660831212997,"dmean2":1.03626465797,"dvar":0.434829771519,"dvar2":1.05653142929,"max":8.35691833496,"mean":2.01607060432,"median":1.86074256897,"min":-1.86528933048,"var":1.19034218788},"barkbands_spread":{"dmean":6.66517305374,"dmean2":10.0684614182,"dvar":53.3631362915,"dvar2":111.867263794,"max":128.491729736,"mean":23.6154308319,"median":20.7316455841,"min":1.3905620575,"var":214.843673706},"dissonance":{"dmean":0.0142845595255,"dmean2":0.0240660272539,"dvar":0.000205921183806,"dvar2":0.000565260241274,"max":0.500000059605,"mean":0.473149597645,"median":0.478779345751,"min":0.312523216009,"var":0.00045220690663},"dynamic_complexity":2.78421759605,"erbbands":{"dmean":[0.134136214852,1.32566130161,4.24525308609,12.8682527542,17.0935707092,9.55853366852,6.17049264908,7.31839132309,13.5717477798,15.1170186996,14.7260684967,24.8651943207,11.4426269531,6.93036556244,6.88686800003,6.19790458679,8.50038433075,10.0850877762,14.6398077011,9.8934173584,9.36534786224,9.55239582062,7.98580121994,5.87801837921,5.52985954285,3.40364003181,2.49497556686,2.41546630859,2.96485590935,2.6883225441,1.9165802002,1.34957754612,1.04540801048,0.681080341339,0.379937499762,0.273069888353,0.153941690922,0.0393988229334,0.00502697052434,0.000308226823108],"dmean2":[0.208118468523,2.1985411644,7.47569513321,21.2938346863,28.875825882,15.7688760757,10.0806121826,11.8118839264,21.6806621552,23.7216892242,23.3026409149,39.3719482422,18.194726944,10.7430381775,10.956533432,9.80442428589,13.5931081772,16.227771759,24.0060462952,15.8758392334,15.157740593,15.7394971848,13.0247097015,9.48996257782,8.80989933014,5.18035936356,3.71770405769,3.51446962357,4.28766155243,3.89575147629,2.77874827385,1.94403588772,1.45449745655,0.89408403635,0.488646060228,0.341352283955,0.186071455479,0.0478260070086,0.00656394613907,0.000410177686717],"dvar":[0.0654567331076,5.84734296799,66.7918014526,423.031860352,1181.32104492,340.944458008,119.85193634,159.908218384,612.971496582,1106.42346191,1160.54016113,2829.92260742,803.708618164,443.378082275,317.302490234,217.11706543,319.320953369,304.975524902,424.868713379,272.042266846,292.859558105,364.203155518,160.70954895,110.520774841,134.861038208,43.2120475769,24.3875789642,70.7173538208,120.370231628,77.628288269,40.7648582458,23.6008453369,20.9666423798,4.19897127151,1.17708814144,0.204165950418,0.0704671218991,0.00519521767274,0.0000948900124058,3.43825718119e-7],"dvar2":[0.139788508415,14.9370918274,187.500961304,1029.81652832,3162.97998047,867.334350586,281.964294434,387.182006836,1495.72094727,2717.69628906,2715.18823242,7487.10644531,2022.58740234,1146.11535645,752.410949707,518.205322266,727.302490234,743.910217285,1097.17492676,679.652648926,697.347106934,908.684509277,427.113800049,293.606292725,339.819488525,96.5938644409,51.8528022766,150.203155518,242.45741272,173.902267456,94.0255432129,52.9695281982,44.2335662842,8.43040561676,2.23974752426,0.341724038124,0.109482511878,0.0082113770768,0.000172489468241,6.30458885098e-7],"max":[2.13786101341,23.4488773346,76.031578064,188.613937378,455.908233643,252.310028076,305.911071777,305.164855957,544.243103027,709.196899414,1098.45715332,1428.78356934,703.186889648,816.725036621,600.966064453,398.841796875,615.380981445,360.879272461,372.348480225,363.262390137,378.905059814,468.356170654,457.237213135,282.102661133,593.364685059,187.888153076,133.582000732,548.769836426,523.683227539,285.635864258,229.276397705,195.894302368,186.565216064,100.381561279,40.3688697815,6.66727304459,3.6969230175,1.05002248287,0.125321492553,0.00739833898842],"mean":[0.171440526843,1.85018098354,5.64641523361,13.932141304,19.1850357056,12.5624361038,9.31511878967,12.3703775406,22.0324726105,25.6569309235,25.4759979248,40.643787384,20.2013664246,12.1944961548,11.5154933929,11.2308359146,15.5263605118,19.4375915527,28.1369991302,19.7588500977,19.1742591858,19.3868350983,18.2333030701,13.7686376572,12.6116504669,7.46816301346,5.02992630005,4.22931909561,4.82546854019,4.39683628082,3.10760688782,2.24270749092,1.68288385868,1.15276837349,0.688707768917,0.508880257607,0.298687577248,0.0729857236147,0.00793316308409,0.000482722214656],"median":[0.0780652165413,1.19211161137,3.55425167084,6.25651454926,8.1733379364,5.14290142059,5.25119018555,7.05630970001,11.8714838028,13.4091386795,11.5244722366,17.5300807953,9.41701030731,5.15436697006,4.95566606522,5.44959068298,8.95473384857,12.8117761612,19.7303524017,13.8423261642,13.2595424652,12.0212802887,13.294752121,9.93625450134,8.34612751007,4.89707756042,3.03066205978,1.85414779186,1.72407639027,1.61528384686,1.01660919189,0.678343713284,0.471290022135,0.399242728949,0.287567466497,0.245418131351,0.14050245285,0.0313352309167,0.0030598572921,0.000197538654902],"min":[1.79530343108e-21,5.25602758899e-21,2.00036909819e-20,1.99131954842e-20,3.2480936656e-20,4.09972321675e-19,1.78540834763e-18,4.2377830214e-19,3.9482020816e-19,5.18631025434e-19,7.40417379608e-19,2.59619878993e-18,3.13126056916e-18,3.03426144143e-18,4.52799949441e-18,3.68102858571e-18,4.75803635481e-18,4.91324480264e-18,9.16545731775e-18,5.17613231389e-18,5.47056518497e-18,4.93805070844e-18,1.0590697785e-17,1.28753243147e-17,1.21736857309e-17,1.37972485403e-17,1.35931433785e-17,1.42687133653e-17,1.58993113458e-17,2.12900457434e-17,1.54292378386e-17,1.07005076657e-17,1.60386217958e-17,1.20051708422e-17,6.78894715196e-18,6.33781566717e-18,3.52546734535e-18,1.74481569984e-18,3.55543630574e-19,3.56453807128e-20],"var":[0.0742877498269,5.44124126434,51.1855812073,418.844573975,1087.68310547,450.364593506,170.239120483,307.672973633,1175.91931152,1893.08300781,2221.87036133,5039.86376953,1574.2689209,863.086425781,615.73223877,435.245483398,613.867492676,616.257080078,880.088928223,498.114837646,588.409790039,705.718261719,336.469451904,227.51965332,309.639434814,92.2286376953,47.3497123718,144.362960815,221.825820923,119.800842285,60.672203064,36.3073005676,33.1065711975,8.02994632721,2.41635584831,0.520514726639,0.188893735409,0.0129931680858,0.000175453620614,6.02739589795e-7]},"erbbands_crest":{"dmean":2.45260667801,"dmean2":4.03515005112,"dvar":6.10169553757,"dvar2":15.6010627747,"max":31.7675094604,"mean":7.57746839523,"median":6.51137208939,"min":2.31501197815,"var":14.4402751923},"erbbands_flatness_db":{"dmean":0.0152712156996,"dmean2":0.0213246364146,"dvar":0.000195318702026,"dvar2":0.000392694055336,"max":0.351320952177,"mean":0.111019320786,"median":0.106727458537,"min":0.0318733230233,"var":0.00125932972878},"erbbands_kurtosis":{"dmean":0.727897882462,"dmean2":1.17404997349,"dvar":1.16094172001,"dvar2":3.01479125023,"max":21.0530986786,"mean":-0.00848295353353,"median":-0.467326879501,"min":-1.66364884377,"var":2.21663141251},"erbbands_skewness":{"dmean":0.337611526251,"dmean2":0.528154611588,"dvar":0.0905385166407,"dvar2":0.22571156919,"max":3.05632376671,"mean":0.199842751026,"median":0.190907672048,"min":-3.35870504379,"var":0.445659399033},"erbbands_spread":{"dmean":8.997382164,"dmean2":13.4639816284,"dvar":70.9212722778,"dvar2":145.089691162,"max":145.134307861,"mean":46.1773796082,"median":44.089427948,"min":5.79845905304,"var":311.399871826},"gfcc":{"cov":[[7554.74658203,-444.159515381,-30.7702102661,-141.691604614,-55.7443237305,76.2154693604,-32.5469169617,90.8489837646,-68.5930328369,113.242797852,-111.363792419,65.0659484863,-152.843505859],[-444.159515381,853.122009277,-319.343566895,34.5173339844,24.3532180786,-54.9634437561,51.0143318176,20.1834487915,42.1495094299,-29.8798561096,55.5499191284,-42.619808197,12.666601181],[-30.7702102661,-319.343566895,526.495422363,-89.1139755249,50.8330039978,15.0733699799,-4.25140047073,-21.5891609192,-27.417552948,28.9353408813,-41.9065933228,22.8189983368,-31.3478794098],[-141.691604614,34.5173339844,-89.1139755249,296.050018311,-42.7641868591,41.2951850891,-60.3808059692,-34.4229736328,16.0432624817,-35.5795631409,19.6584644318,-31.5636196136,44.3837738037],[-55.7443237305,24.3532180786,50.8330039978,-42.7641868591,230.310974121,-15.6271476746,33.4466133118,37.8298797607,18.5408401489,58.2983665466,-6.06835031509,28.6357116699,2.19557523727],[76.2154693604,-54.9634437561,15.0733699799,41.2951850891,-15.6271476746,149.321487427,14.821770668,-2.05689144135,1.79833936691,-3.14418292046,4.30736398697,-1.54442358017,7.50421237946],[-32.5469169617,51.0143318176,-4.25140047073,-60.3808059692,33.4466133118,14.821770668,123.865913391,52.9062156677,-5.05865335464,-3.66733551025,7.31624364853,10.5441799164,-19.6099643707],[90.8489837646,20.1834487915,-21.5891609192,-34.4229736328,37.8298797607,-2.05689144135,52.9062156677,100.887145996,34.3940696716,25.8963470459,8.98811149597,13.7181692123,-7.88382005692],[-68.5930328369,42.1495094299,-27.417552948,16.0432624817,18.5408401489,1.79833936691,-5.05865335464,34.3940696716,73.9148101807,38.0426750183,8.81765270233,-2.27522826195,5.51386404037],[113.242797852,-29.8798561096,28.9353408813,-35.5795631409,58.2983665466,-3.14418292046,-3.66733551025,25.8963470459,38.0426750183,89.0026855469,16.0113124847,17.4846172333,-6.60925579071],[-111.363792419,55.5499191284,-41.9065933228,19.6584644318,-6.06835031509,4.30736398697,7.31624364853,8.98811149597,8.81765270233,16.0113124847,55.4237518311,17.3834705353,5.58457899094],[65.0659484863,-42.619808197,22.8189983368,-31.5636196136,28.6357116699,-1.54442358017,10.5441799164,13.7181692123,-2.27522826195,17.4846172333,17.3834705353,52.787612915,10.4240989685],[-152.843505859,12.666601181,-31.3478794098,44.3837738037,2.19557523727,7.50421237946,-19.6099643707,-7.88382005692,5.51386404037,-6.60925579071,5.58457899094,10.4240989685,48.384552002]],"icov":[[0.000183875818038,-0.00000153399685132,0.000155657777213,-0.000135590526043,0.000180975956027,-0.000167989492184,0.000236390624195,-0.000319523067446,0.00047224512673,-0.000514646118972,0.000794158142526,-0.000671604240779,0.000796980690211],[-0.00000153399685132,0.00201395642944,0.000889230694156,0.00048935454106,-0.000897339428775,0.000696986913681,-0.000870673859026,0.000735014153179,-0.00148416531738,0.00153201189823,-0.00258830538951,0.00241548009217,-0.000548591197003],[0.000155657777213,0.000889230694156,0.00296727754176,0.000268227275228,-0.000478212343296,-0.0003645348188,0.0000866405243869,0.000758343958296,0.000459705450339,-0.000780730566476,0.00175293209031,-0.00127243727911,0.00208503846079],[-0.000135590526043,0.00048935454106,0.000268227275228,0.00593652157113,-0.000965968647506,-0.00118043937255,0.00193668121938,0.000668316031806,-0.00228640460409,0.00361380097456,-0.0048780865036,0.00512321293354,-0.00449409056455],[0.000180975956027,-0.000897339428775,-0.000478212343296,-0.000965968647506,0.00684499321505,0.000453472224763,-0.00163771177176,-0.00117213407066,0.00177692237776,-0.0059064598754,0.00507400929928,-0.00390482810326,-0.000606501067523],[-0.000167989492184,0.000696986913681,-0.0003645348188,-0.00118043937255,0.000453472224763,0.00792693253607,-0.00294431066141,0.00124414113816,-0.00110930087976,-0.00011954587535,-0.00125381874386,0.00129794632085,-0.00213190587237],[0.000236390624195,-0.000870673859026,0.0000866405243869,0.00193668121938,-0.00163771177176,-0.00294431066141,0.0149174835533,-0.00798127800226,0.00348935369402,0.00351393828169,-0.00151346996427,-0.00150155194569,0.00511125847697],[-0.000319523067446,0.000735014153179,0.000758343958296,0.000668316031806,-0.00117213407066,0.00124414113816,-0.00798127800226,0.0186058972031,-0.00962446536869,0.000411021406762,-0.00130690587685,-0.00162789050955,-0.0000118744310384],[0.00047224512673,-0.00148416531738,0.000459705450339,-0.00228640460409,0.00177692237776,-0.00110930087976,0.00348935369402,-0.00962446536869,0.0259716212749,-0.0126929199323,0.00411336775869,0.00169124186505,-0.00131974439137],[-0.000514646118972,0.00153201189823,-0.000780730566476,0.00361380097456,-0.0059064598754,-0.00011954587535,0.00351393828169,0.000411021406762,-0.0126929199323,0.0253903828561,-0.0114984177053,0.00121368386317,0.00191053852905],[0.000794158142526,-0.00258830538951,0.00175293209031,-0.0048780865036,0.00507400929928,-0.00125381874386,-0.00151346996427,-0.00130690587685,0.00411336775869,-0.0114984177053,0.0338322743773,-0.0171693060547,0.00568922515959],[-0.000671604240779,0.00241548009217,-0.00127243727911,0.00512321293354,-0.00390482810326,0.00129794632085,-0.00150155194569,-0.00162789050955,0.00169124186505,0.00121368386317,-0.0171693060547,0.0365190207958,-0.0150888320059],[0.000796980690211,-0.000548591197003,0.00208503846079,-0.00449409056455,-0.000606501067523,-0.00213190587237,0.00511125847697,-0.0000118744310384,-0.00131974439137,0.00191053852905,0.00568922515959,-0.0150888320059,0.034235637635]],"mean":[25.9816608429,78.0160903931,-86.1312179565,24.9676628113,-35.7054672241,3.35259532928,-35.6543121338,11.5794467926,-17.6954154968,5.37482690811,-22.0563793182,-3.32713532448,-20.8238220215]},"hfc":{"dmean":6.50104188919,"dmean2":8.4705991745,"dvar":90.8441543579,"dvar2":157.493530273,"max":214.520370483,"mean":20.0729885101,"median":16.1083545685,"min":1.20216898045e-16,"var":277.555480957},"melbands":{"dmean":[0.0013055523159,0.00201195292175,0.00237296405248,0.00094112183433,0.000227175230975,0.000163376156706,0.000204679716262,0.00015874611563,0.000138611008879,0.000147529644892,0.0000577077844355,0.0000303709912259,0.0000230479126913,0.0000188957146747,0.0000198294055735,0.0000186082615983,0.0000210306316148,0.0000272499182756,0.0000160669551406,0.0000137223005368,0.0000115758402899,0.0000104818482214,0.0000107953919724,0.00000628026145932,0.00000514204066349,0.00000520168714502,0.00000348693538399,0.00000228873432206,0.00000178593984401,0.00000135396237511,0.0000015409802927,0.00000177885601715,0.00000166071845342,0.00000152801328568,0.00000120329491438,9.52204231908e-7,8.13745373307e-7,7.86697455624e-7,6.45605837235e-7,5.75553997351e-7],"dmean2":[0.00206095958129,0.00346215371974,0.00391363585368,0.00158258993179,0.000364684296073,0.000263440102572,0.000326571025653,0.000249610253377,0.000217838358367,0.000234030856518,0.000092058275186,0.0000476792483823,0.0000365778541891,0.0000303935103148,0.0000316301338898,0.0000299330386042,0.0000342006460414,0.000044939606596,0.0000262038993242,0.0000221478494495,0.0000190083919733,0.0000173637217813,0.0000180617698788,0.0000102549201983,0.00000843374164106,0.00000858985004015,0.00000547487070435,0.00000356786586053,0.00000274141461887,0.000002022007493,0.00000231248100135,0.0000026414304557,0.00000248063042818,0.00000223736014959,0.0000017846028868,0.00000138853670251,0.00000119642777463,0.00000112739917313,8.85704196207e-7,7.72301859797e-7],"dvar":[0.00000559681166123,0.0000142121352837,0.0000152859774971,0.0000034873662571,1.56236211524e-7,7.58294333991e-8,1.33809194836e-7,1.21476873005e-7,8.67545466576e-8,1.01360676297e-7,2.11366089076e-8,8.5953155704e-9,3.47873041484e-9,2.10676098789e-9,2.06544048531e-9,1.58030111219e-9,1.30024147005e-9,1.37887556928e-9,9.01293706335e-10,6.41151631786e-10,5.89714888033e-10,5.5183729808e-10,3.64133251329e-10,1.06103417719e-10,8.8882914917e-11,1.40583530928e-10,3.45146897174e-11,2.10959791302e-11,1.23076340786e-11,8.24196440263e-12,4.13932256527e-11,4.20551822533e-11,3.7363098726e-11,2.49153562365e-11,1.62182611091e-11,9.53022990385e-12,9.85985511986e-12,1.25337630899e-11,6.76049494164e-12,2.69425475853e-12],"dvar2":[0.0000122756246128,0.0000389966517105,0.0000374093397113,0.00000931882368604,3.53818023768e-7,1.84829701766e-7,3.26647437987e-7,2.98161694445e-7,2.06468087072e-7,2.68697732508e-7,5.35885646968e-8,2.26004921444e-8,7.97029908739e-9,5.27515275905e-9,4.64386262777e-9,3.66414121267e-9,3.19595305776e-9,3.58265617173e-9,2.2566764013e-9,1.55161250515e-9,1.37588074267e-9,1.33766309141e-9,9.95753812738e-10,2.83348233765e-10,2.40566649934e-10,3.84895310068e-10,7.82100634256e-11,5.00723247587e-11,2.80377075723e-11,1.63828586114e-11,9.48528339206e-11,8.8181940916e-11,8.19561363219e-11,5.6987747854e-11,3.893899439e-11,2.07981513956e-11,2.31548270141e-11,2.73380883903e-11,1.36938828332e-11,5.59631811378e-12],"max":[0.0218661315739,0.032999843359,0.0408902019262,0.0220644343644,0.0118472995237,0.00641152681783,0.00738258566707,0.00706242909655,0.00765133509412,0.00834911316633,0.00354508310556,0.00366728985682,0.00192048528697,0.00125861167908,0.00149875308853,0.000826951232739,0.000827876268886,0.000571623211727,0.000841600238346,0.000598527491093,0.000542461988516,0.000599935185164,0.000470200873679,0.000367612548871,0.000261124223471,0.000538871332537,0.000222567061428,0.000117996940389,0.0000963276834227,0.000138691684697,0.000448268343462,0.000302663131151,0.000266555842245,0.000161174233654,0.000141973476275,0.000108132771857,0.000128456566017,0.000149942294229,0.000140746094985,0.0000642932573101],"mean":[0.0018198499456,0.00283804745413,0.00266912742518,0.0011635950068,0.000354338699253,0.000278162915492,0.000338096404448,0.000264115369646,0.000235426588915,0.000241842877585,0.0000961390396697,0.0000504748895764,0.0000375351082766,0.0000298912382277,0.0000342956082022,0.0000318994825648,0.0000373768998543,0.0000489972226205,0.0000289672534564,0.000024952189051,0.000021344234483,0.0000191347189684,0.0000206272361538,0.0000132682025651,0.0000107478463178,0.0000106202032839,0.00000729447992853,0.00000439364066551,0.0000033451424315,0.00000243633962782,0.00000249394020102,0.00000277542699223,0.00000261022137238,0.00000240555436903,0.00000185054045687,0.00000152155007527,0.00000128911403863,0.00000121015784771,0.00000103886736724,9.50420769641e-7],"median":[0.00107569922693,0.00196335441433,0.00124348700047,0.000488982594106,0.000199604575755,0.000162741911481,0.000187866578926,0.000131757275085,0.000102435151348,0.00010384307825,0.0000407788647863,0.0000206057375181,0.0000151312578964,0.0000131073356897,0.0000176637004188,0.0000175909190148,0.0000238665743382,0.0000340180595231,0.0000180875722435,0.0000171333576873,0.000013974335161,0.0000108239373731,0.0000134991150844,0.00000960309807851,0.00000747014928493,0.00000683165853843,0.0000047081593948,0.0000027467729069,0.00000202031651497,0.00000121840434986,9.89503973869e-7,9.56677808972e-7,9.42222072808e-7,8.6922329956e-7,6.11424752606e-7,4.29099429766e-7,3.94207205545e-7,3.21719824115e-7,3.20049252878e-7,3.34093272158e-7],"min":[1.55307748022e-23,9.25976842348e-24,4.3002626268e-24,9.13413522458e-24,5.59256754087e-23,1.17462887623e-23,5.9905339836e-24,5.57366793242e-24,7.15058234372e-24,1.91720068571e-23,1.55978090465e-23,1.12711373287e-23,1.62169907041e-23,1.14612204636e-23,7.29902387798e-24,1.15186400711e-23,7.95636510422e-24,1.56529425351e-23,9.39141668679e-24,4.13308327946e-24,7.56284815254e-24,4.91991010684e-24,7.74544973057e-24,9.15148937563e-24,1.07883197448e-23,8.23071514984e-24,9.55154282877e-24,9.01417472444e-24,6.87208210088e-24,1.04589048415e-23,7.51185302818e-24,7.30719726582e-24,1.27953656923e-23,1.1764575347e-23,9.72597417441e-24,7.21678670633e-24,5.68390927177e-24,1.22450018934e-23,1.10207844318e-23,9.61364038151e-24],"var":[0.00000631260218142,0.0000113602891361,0.0000154331191879,0.00000362654418495,2.4976392865e-7,1.45591769751e-7,2.53526394545e-7,2.10534125245e-7,1.7209575276e-7,1.82357794642e-7,4.0374612098e-8,1.58299791053e-8,7.41879979671e-9,3.52655771252e-9,4.13657197385e-9,2.89515456053e-9,2.43932496424e-9,2.68350497379e-9,1.56235513415e-9,9.71064784139e-10,1.0196964384e-9,9.94332616244e-10,6.55699772256e-10,1.94306751244e-10,1.57892976471e-10,2.53851939469e-10,9.36577690402e-11,3.56189765183e-11,2.0491238914e-11,1.80364785607e-11,7.52408899074e-11,7.81211900724e-11,5.7928557784e-11,3.49220999341e-11,2.18028390481e-11,1.5745460491e-11,1.36321995359e-11,1.867504415e-11,1.13209658661e-11,4.92201635352e-12]},"melbands_crest":{"dmean":3.64156079292,"dmean2":6.07940721512,"dvar":9.86710834503,"dvar2":25.9428367615,"max":30.507352829,"mean":14.7327528,"median":14.3521461487,"min":4.02846765518,"var":19.5011463165},"melbands_flatness_db":{"dmean":0.0281567629427,"dmean2":0.0434141717851,"dvar":0.000677637464833,"dvar2":0.00163076771423,"max":0.491354256868,"mean":0.20688252151,"median":0.201701909304,"min":0.00937558803707,"var":0.00260544731282},"melbands_kurtosis":{"dmean":10.0203447342,"dmean2":16.2959823608,"dvar":184.754730225,"dvar2":464.236907959,"max":262.277832031,"mean":17.840555191,"median":11.8573942184,"min":-1.80858111382,"var":356.690887451},"melbands_skewness":{"dmean":0.943437874317,"dmean2":1.48227441311,"dvar":0.87665605545,"dvar2":2.10086536407,"max":12.935297966,"mean":3.30249261856,"median":3.04915332794,"min":-0.288609445095,"var":2.37175941467},"melbands_spread":{"dmean":6.47387313843,"dmean2":10.1363391876,"dvar":70.1323471069,"dvar2":163.297729492,"max":186.311721802,"mean":18.2999324799,"median":15.611825943,"min":1.03945827484,"var":168.787811279},"mfcc":{"cov":[[5711.41992188,-98.9586029053,26.5997924805,-65.8214569092,-64.9641571045,9.58168888092,-8.83008861542,32.7073898315,-7.50151109695,46.651096344,39.037021637,-40.0746116638,-28.7291736603],[-98.9586029053,752.008056641,-192.17640686,24.2833137512,-16.9867935181,-59.4358024597,32.7995223999,22.22290802,12.3010940552,33.8199195862,57.6300849915,25.5258350372,25.2620429993],[26.5997924805,-192.17640686,373.853637695,-31.109292984,7.83698558807,42.9420852661,-16.1239261627,-14.1717214584,-22.375202179,-25.598695755,-20.8522605896,-19.5925636292,-15.8993635178],[-65.8214569092,24.2833137512,-31.109292984,173.53616333,51.9789886475,-9.5502243042,-13.4237985611,-13.1933374405,6.06497240067,4.06296873093,-9.2867937088,1.16770064831,5.46437835693],[-64.9641571045,-16.9867935181,7.83698558807,51.9789886475,142.476806641,41.6743507385,-16.5678405762,-28.3333778381,25.9189567566,5.01894712448,2.4529902935,4.47477769852,8.79974365234],[9.58168888092,-59.4358024597,42.9420852661,-9.5502243042,41.6743507385,107.706581116,18.4167480469,-4.53630304337,5.11232471466,-6.79167461395,-6.21955347061,-3.54269146919,-6.83332061768],[-8.83008861542,32.7995223999,-16.1239261627,-13.4237985611,-16.5678405762,18.4167480469,95.6770782471,48.4642295837,3.59410333633,1.22361636162,4.26583385468,8.55614852905,3.92319226265],[32.7073898315,22.22290802,-14.1717214584,-13.1933374405,-28.3333778381,-4.53630304337,48.4642295837,86.6412811279,16.8276882172,7.92408418655,0.675826668739,7.43780469894,8.56580734253],[-7.50151109695,12.3010940552,-22.375202179,6.06497240067,25.9189567566,5.11232471466,3.59410333633,16.8276882172,63.3949203491,26.027179718,13.8548879623,2.05361032486,1.96101868153],[46.651096344,33.8199195862,-25.598695755,4.06296873093,5.01894712448,-6.79167461395,1.22361636162,7.92408418655,26.027179718,62.7972984314,34.5589027405,10.5959148407,-1.12054598331],[39.037021637,57.6300849915,-20.8522605896,-9.2867937088,2.4529902935,-6.21955347061,4.26583385468,0.675826668739,13.8548879623,34.5589027405,69.2571640015,25.5904426575,4.50180912018],[-40.0746116638,25.5258350372,-19.5925636292,1.16770064831,4.47477769852,-3.54269146919,8.55614852905,7.43780469894,2.05361032486,10.5959148407,25.5904426575,53.9595108032,22.3201847076],[-28.7291736603,25.2620429993,-15.8993635178,5.46437835693,8.79974365234,-6.83332061768,3.92319226265,8.56580734253,1.96101868153,-1.12054598331,4.50180912018,22.3201847076,48.5911636353]],"icov":[[0.00018153480778,0.0000321967490891,0.00000977044055617,0.0000317540252581,0.0000561195156479,-0.0000576495258429,0.0000826480827527,-0.000127827297547,0.000113337715447,-0.000138467730721,-0.000169028673554,0.000224668954615,-0.00000749916080167],[0.0000321967490891,0.00169404549524,0.000696193485055,-0.000171273874003,-0.0000128175352074,0.000628727255389,-0.000558304251172,-0.0000349134352291,0.000230539328186,-0.0000125915566969,-0.00132822059095,0.0004776561982,-0.000578599516302],[0.00000977044055617,0.000696193485055,0.00332229142077,0.000455497618532,-0.000242780195549,-0.000923754123505,0.000612166710198,-0.000384470069548,0.00105938536581,0.000570694159251,-0.000409978441894,0.000710098887794,0.000294304511044],[0.0000317540252581,-0.000171273874003,0.000455497618532,0.00702652335167,-0.00311363954097,0.00153948157094,0.00015134413843,0.000129861029563,0.000657963508274,-0.0011072215857,0.00199325964786,-0.000379432924092,0.00014947548334],[0.0000561195156479,-0.0000128175352074,-0.000242780195549,-0.00311363954097,0.011489873752,-0.00453827576712,0.000827574345749,0.00380523153581,-0.00522391078994,0.000509004516061,-0.000238549473579,-0.000577063066885,-0.00263632950373],[-0.0000576495258429,0.000628727255389,-0.000923754123505,0.00153948157094,-0.00453827576712,0.0128900734708,-0.00416258396581,0.00129210378509,-0.000417949078837,0.000796619569883,0.000663041893858,-0.000292794109555,0.00201485981233],[0.0000826480827527,-0.000558304251172,0.000612166710198,0.00015134413843,0.000827574345749,-0.00416258396581,0.0164856035262,-0.00931865908206,0.00174224667717,0.000926975160837,-0.00115139165428,-0.00110378442332,0.00066360773053],[-0.000127827297547,-0.0000349134352291,-0.000384470069548,0.000129861029563,0.00380523153581,0.00129210378509,-0.00931865908206,0.0198560226709,-0.0065562883392,-0.00130588700995,0.00306174019352,-0.00149168551434,-0.00281712715514],[0.000113337715447,0.000230539328186,0.00105938536581,0.000657963508274,-0.00522391078994,-0.000417949078837,0.00174224667717,-0.0065562883392,0.0233922749758,-0.00803070887923,-0.00144864304457,0.00282257073559,-0.000169413993717],[-0.000138467730721,-0.0000125915566969,0.000570694159251,-0.0011072215857,0.000509004516061,0.000796619569883,0.000926975160837,-0.00130588700995,-0.00803070887923,0.026239098981,-0.0114181349054,-0.000304193439661,0.00253791222349],[-0.000169028673554,-0.00132822059095,-0.000409978441894,0.00199325964786,-0.000238549473579,0.000663041893858,-0.00115139165428,0.00306174019352,-0.00144864304457,-0.0114181349054,0.0256775468588,-0.0106725115329,0.00224055722356],[0.000224668954615,0.0004776561982,0.000710098887794,-0.000379432924092,-0.000577063066885,-0.000292794109555,-0.00110378442332,-0.00149168551434,0.00282257073559,-0.000304193439661,-0.0106725115329,0.0290936045349,-0.0119212707505],[-0.00000749916080167,-0.000578599516302,0.000294304511044,0.00014947548334,-0.00263632950373,0.00201485981233,0.00066360773053,-0.00281712715514,-0.000169413993717,0.00253791222349,0.00224055722356,-0.0119212707505,0.0274933278561]],"mean":[-631.648742676,124.87437439,6.37862110138,30.472032547,16.2491378784,2.84601306915,-2.8729224205,2.9837167263,1.9915356636,8.54429244995,6.67961978912,-3.00911998749,-2.45924377441]},"pitch_salience":{"dmean":0.0772402882576,"dmean2":0.130003601313,"dvar":0.00444179726765,"dvar2":0.0124945743009,"max":0.87934422493,"mean":0.560181677341,"median":0.561755478382,"min":0.207036033273,"var":0.00907355546951},"silence_rate_20dB":{"dmean":0,"dmean2":0,"dvar":0,"dvar2":0,"max":1,"mean":1,"median":1,"min":1,"var":0},"silence_rate_30dB":{"dmean":0.0147281782702,"dmean2":0.0294595472515,"dvar":0.0145095270127,"dvar2":0.0415841192007,"max":1,"mean":0.991337299347,"median":1,"min":0,"var":0.0085883140564},"silence_rate_60dB":{"dmean":0.00888022501022,"dmean2":0.0177623741329,"dvar":0.00879905745387,"dvar2":0.0198341943324,"max":1,"mean":0.0344342179596,"median":0,"min":0,"var":0.0332454480231},"spectral_centroid":{"dmean":261.314025879,"dmean2":411.750457764,"dvar":72522.3125,"dvar2":161327.078125,"max":11175.5068359,"mean":1171.83642578,"median":1099.57348633,"min":221.856231689,"var":264879.3125},"spectral_complexity":{"dmean":3.84167218208,"dmean2":5.63175582886,"dvar":14.7869729996,"dvar2":25.7406730652,"max":57,"mean":20.8437461853,"median":20,"min":0,"var":88.4443054199},"spectral_contrast_coeffs":{"dmean":[0.060822609812,0.0450801588595,0.0389291979373,0.0278663169593,0.0183813087642,0.0149405542761],"dmean2":[0.0999850407243,0.0740494355559,0.0624994635582,0.0463953092694,0.0309215951711,0.0237296912819],"dvar":[0.00261488067918,0.00124461995438,0.000932416587602,0.000477926863823,0.000213454040932,0.000179216105607],"dvar2":[0.00691741704941,0.00326556689106,0.00239948090166,0.001305825077,0.000584743975196,0.000440574862296],"max":[-0.283769220114,-0.467766463757,-0.513797104359,-0.630580127239,-0.675847709179,-0.631516873837],"mean":[-0.640799164772,-0.748401641846,-0.775777339935,-0.799325585365,-0.806928575039,-0.787280440331],"median":[-0.648862063885,-0.752378225327,-0.782408475876,-0.800874948502,-0.807613313198,-0.78764629364],"min":[-0.937460064888,-0.970234513283,-0.961116492748,-0.954772472382,-0.957312464714,-0.962759971619],"var":[0.00575367594138,0.00386460311711,0.00344277615659,0.00137463863939,0.000788243080024,0.00082144892076]},"spectral_contrast_valleys":{"dmean":[0.414290130138,0.340849369764,0.332268714905,0.254702180624,0.213186323643,0.287560373545],"dmean2":[0.669807374477,0.551621735096,0.512333214283,0.385472267866,0.309040695429,0.346949756145],"dvar":[0.13482812047,0.0953693687916,0.0976841449738,0.0685300454497,0.0688839107752,0.122078485787],"dvar2":[0.298607707024,0.208213165402,0.200552761555,0.118416264653,0.103532403708,0.183065578341],"max":[-5.11356496811,-4.67837095261,-4.9932103157,-5.69581031799,-5.71438884735,-7.26204633713],"mean":[-6.77383613586,-6.47004556656,-7.39568281174,-7.37054491043,-7.29731082916,-9.91350269318],"median":[-6.66552782059,-6.34100103378,-7.29642438889,-7.22717189789,-7.15335035324,-9.85652542114],"min":[-27.9515628815,-27.1122188568,-27.2674541473,-27.3839035034,-27.2568073273,-27.235584259],"var":[0.764369308949,0.78381639719,0.801891982555,0.785163342953,0.762674570084,0.941006541252]},"spectral_decrease":{"dmean":4.22907353581e-9,"dmean2":6.60294929844e-9,"dvar":3.5172110075e-17,"dvar2":8.24836978267e-17,"max":2.62170170293e-16,"mean":-8.33962676694e-9,"median":-6.26463769748e-9,"min":-5.80391414928e-8,"var":4.62381587795e-17},"spectral_energy":{"dmean":0.0163515824825,"dmean2":0.0254010595381,"dvar":0.000520370085724,"dvar2":0.00121284660418,"max":0.233845382929,"mean":0.0332964099944,"median":0.0252749603242,"min":1.0645076968e-20,"var":0.000705501413904},"spectral_energyband_high":{"dmean":0.000406651583035,"dmean2":0.000504873518366,"dvar":9.01798728137e-7,"dvar2":0.00000171687361217,"max":0.0277565531433,"mean":0.000834934471641,"median":0.000421078730142,"min":7.6692284753e-21,"var":0.00000202454225473},"spectral_energyband_low":{"dmean":0.010421554558,"dmean2":0.0166490841657,"dvar":0.000288070645183,"dvar2":0.000704650243279,"max":0.134969398379,"mean":0.0156357828528,"median":0.0104345716536,"min":8.22288475872e-23,"var":0.00029836082831},"spectral_energyband_middle_high":{"dmean":0.00104146054946,"dmean2":0.00153636920732,"dvar":0.00000199834062187,"dvar2":0.00000428954945164,"max":0.0395776219666,"mean":0.00353370676748,"median":0.00292339804582,"min":1.3812455133e-21,"var":0.00000843646830617},"spectral_energyband_middle_low":{"dmean":0.00973987672478,"dmean2":0.0153653873131,"dvar":0.000248511525569,"dvar2":0.000591733434703,"max":0.185590296984,"mean":0.0163505095989,"median":0.0103765800595,"min":4.74602600978e-22,"var":0.000323519605445},"spectral_entropy":{"dmean":0.140894308686,"dmean2":0.210916996002,"dvar":0.0175098571926,"dvar2":0.0378648601472,"max":9.79974555969,"mean":7.72179698944,"median":7.73285293579,"min":5.42693758011,"var":0.100259795785},"spectral_flux":{"dmean":0.0348243527114,"dmean2":0.053632799536,"dvar":0.00174490280915,"dvar2":0.00358438468538,"max":0.335736125708,"mean":0.098811507225,"median":0.0823847427964,"min":1.03174982446e-10,"var":0.00338217965327},"spectral_kurtosis":{"dmean":1.10121738911,"dmean2":1.70153164864,"dvar":2.17299389839,"dvar2":5.05413770676,"max":74.694190979,"mean":5.47699117661,"median":5.3834810257,"min":-1.223965168,"var":8.29901695251},"spectral_rms":{"dmean":0.00124313891865,"dmean2":0.0018668185221,"dvar":0.0000021428177206,"dvar2":0.00000473618911201,"max":0.0151043646038,"mean":0.00529698980972,"median":0.00496573233977,"min":3.2226450241e-12,"var":0.00000442619648311},"spectral_rolloff":{"dmean":491.523345947,"dmean2":821.280151367,"dvar":737556.125,"dvar2":1637168,"max":19056.8847656,"mean":1179.74206543,"median":689.0625,"min":86.1328125,"var":2799188.25},"spectral_skewness":{"dmean":0.163113325834,"dmean2":0.249269530177,"dvar":0.0309998579323,"dvar2":0.067472435534,"max":6.98454236984,"mean":1.77866172791,"median":1.79124855995,"min":-0.00630542403087,"var":0.172891512513},"spectral_spread":{"dmean":567905.8125,"dmean2":691189.9375,"dvar":413384900608,"dvar2":544528465920,"max":41432364,"mean":5239830.5,"median":4977134,"min":1192285.375,"var":2540888653820},"spectral_strongpeak":{"dmean":0.362992018461,"dmean2":0.628714799881,"dvar":0.341184586287,"dvar2":0.924175441265,"max":6.41860198975,"mean":0.54687076807,"median":0.343935191631,"min":0,"var":0.393751472235},"zerocrossingrate":{"dmean":0.012547146529,"dmean2":0.0147881582379,"dvar":0.000178703980055,"dvar2":0.000218810979277,"max":0.51611328125,"mean":0.0641825199127,"median":0.05615234375,"min":0.00732421875,"var":0.00160116015468}},"metadata":{"audio_properties":{"analysis_sample_rate":44100,"bit_rate":320000,"codec":"vorbis","downmix":"mix","equal_loudness":0,"length":214.405807495,"lossless":false,"md5_encoded":"ddb8970b078823ea3d89cc7be1656c5d","replay_gain":-13.4802589417,"sample_rate":44100},"tags":{"album":["Hits Back"],"albumartist":["The Clash"],"albumartistsort":["Clash, The"],"artist":["The Clash"],"artistsort":["Clash, The"],"asin":["B00CUKTGJO"],"barcode":["887254423621"],"catalognumber":["88725442362","88725442362"],"date":["2013-09-09"],"discnumber":["1"],"disctotal":["2"],"file_name":"1-15 Somebody Got Murdered.ogg","isrc":["GBARL1200732"],"label":["Epic","Legacy"],"language":["eng"],"media":["CD"],"musicbrainz_albumartistid":["8f92558c-2baa-4758-8c38-615519e9deda"],"musicbrainz_albumid":["743b4b42-c01f-46ba-ae28-2848d9d6fe0f"],"musicbrainz_artistid":["8f92558c-2baa-4758-8c38-615519e9deda"],"musicbrainz_recordingid":["bbed1101-6855-4535-8f21-b4a4a5cffe34"],"musicbrainz_releasegroupid":["d8f03b3f-b95d-4964-8002-e1cab241578b"],"musicbrainz_workid":["046df81f-0ea0-41b3-ad1c-474bdda55bfd"],"originaldate":["2013-09-09"],"producer":["The Clash"],"releasecountry":["US"],"releasestatus":["official"],"releasetype":["album","compilation"],"script":["Latn"],"title":["Somebody Got Murdered"],"totaldiscs":["2"],"totaltracks":["17"],"tracknumber":["15"],"tracktotal":["17"]},"version":{"essentia":"2.1-beta2","essentia_build_sha":"cead25079874084f62182a551b7393616cd33d87","essentia_git_sha":"v2.1_beta2-1-ge3940c0","extractor":"music 1.0"}},"rhythm":{"beats_count":561,"beats_loudness":{"dmean":0.0211326759309,"dmean2":0.037264239043,"dvar":0.000298987521091,"dvar2":0.000895444711205,"max":0.144659355283,"mean":0.0558188892901,"median":0.0557141453028,"min":8.77458816717e-8,"var":0.000520227185916},"beats_loudness_band_ratio":{"dmean":[0.16664814949,0.0916131362319,0.0753372758627,0.0309163406491,0.0278513208032,0.0510717816651],"dmean2":[0.296851575375,0.16569218