{"lowlevel":{"average_loudness":0.971782445908,"barkbands":{"dmean":[2.60777397898e-7,0.000217967768549,0.00136670179199,0.00218384712934,0.00280881975777,0.00127611565404,0.00126625993289,0.00120897521265,0.000829207652714,0.00101508409716,0.000242590715061,0.000557000108529,0.000438805989688,0.000575388083234,0.00101153447758,0.000445490237325,0.000499417306855,0.000278128543869,0.000157219299581,0.00011603920575,0.0000936785145313,0.000079963101598,0.0000577540777158,0.000035496748751,0.0000167922644323,0.00000212959344026,5.13222957466e-8],"dmean2":[4.15484322502e-7,0.0003158513573,0.00207058130763,0.00352802895941,0.00444959523156,0.00199264520779,0.00190489040688,0.00186458590906,0.00125998153817,0.00161320273764,0.000396115763579,0.000894588883966,0.000707878556568,0.000923674786463,0.00157752772793,0.000711953267455,0.000797087443061,0.000449616432888,0.000254187936662,0.000179733222467,0.000140994408866,0.00011609957437,0.0000841611836222,0.0000520230641996,0.000025226669095,0.00000314317526318,7.88101317539e-8],"dvar":[6.61318547666e-13,9.40090743029e-8,0.00000371217311113,0.0000107387404569,0.0000160736071848,0.00000459059128843,0.0000068654549068,0.00000589894671066,0.00000231934359363,0.00000510481413585,3.24490656567e-7,0.00000166221673226,7.72493137902e-7,0.00000112006910058,0.00000241785005528,5.67896449866e-7,7.69768348619e-7,1.52281344867e-7,4.51001618273e-8,3.90679026907e-8,3.06190379717e-8,3.08159968654e-8,2.65975579339e-8,1.30892132688e-8,1.79005310574e-9,1.95402010544e-11,1.47637029555e-14],"dvar2":[1.29939386074e-12,1.85554114296e-7,0.00000769885173213,0.0000259632797679,0.0000387918444176,0.0000103147940536,0.0000156545811478,0.0000139980684253,0.0000056502562984,0.0000127585381051,8.59624265104e-7,0.00000417850696977,0.00000200231011149,0.00000281878033093,0.00000606986259299,0.00000140400209148,0.00000196235669137,3.71647615793e-7,1.13337513596e-7,8.04516275821e-8,6.47874358606e-8,5.90178608206e-8,4.61282390063e-8,2.42237678805e-8,4.20184242955e-9,4.46106797336e-11,3.58222362906e-14],"max":[0.0000362811515515,0.00434408755973,0.0327663682401,0.085731446743,0.0503804050386,0.044006973505,0.0531588047743,0.0534292384982,0.0380053371191,0.0445959344506,0.0195889212191,0.0491969287395,0.0220045913011,0.0268887430429,0.0324222780764,0.0190222915262,0.0221238676459,0.00785607658327,0.00796127319336,0.00702378898859,0.00500372797251,0.00638142414391,0.00528660463169,0.00359431956895,0.00124395417515,0.0000980025579338,0.00000221293066716],"mean":[3.10517009439e-7,0.000592833210249,0.00390366464853,0.00424114102498,0.00450604362413,0.00248572439887,0.00255364226177,0.00194476707838,0.00170682556927,0.00172857462894,0.000372820039047,0.000983935664408,0.000765121891163,0.0010950404685,0.00208106217906,0.000893560878467,0.001139412052,0.000618959369604,0.000386001513107,0.000252972997259,0.000210285856156,0.000178366521141,0.000120998367493,0.0000679806398693,0.0000318528691423,0.00000399548662244,6.75130991112e-8],"median":[1.34054445766e-7,0.000240569235757,0.00205588480458,0.0019174781628,0.00269994069822,0.00122420012485,0.000890572729986,0.000634129857644,0.000610997667536,0.000453053158708,0.000178318383405,0.000316591991577,0.000345899985405,0.000587080663536,0.00125423027202,0.000548026990145,0.000693709298503,0.000447503087344,0.00030956917908,0.000167727324879,0.000139408075484,0.00011482550326,0.0000705394340912,0.0000354665244231,0.0000177313559107,0.0000020800796392,1.92426767853e-8],"min":[5.62528724296e-25,1.6384376733e-24,1.29805602561e-24,1.45539739e-24,5.0354529859e-24,6.46949167107e-24,6.36162283089e-24,8.98024345032e-24,1.67796094572e-23,1.16141151176e-23,1.47608481364e-23,1.73277005478e-23,2.48847876492e-23,1.66336559902e-23,3.29486027084e-23,4.5654132132e-23,6.52745038618e-23,7.05246887304e-23,1.26515303169e-22,1.56208633487e-22,2.22482024581e-22,3.263568052e-22,3.79321254542e-22,4.63354933839e-22,8.59627660653e-22,1.26512064421e-21,1.84238749666e-21],"var":[1.02701235103e-12,5.03870182911e-7,0.0000206217373488,0.0000337459096045,0.0000291327432933,0.0000147262999235,0.0000247688749369,0.0000135028785735,0.00000718149522072,0.0000126919667309,5.41132465059e-7,0.00000476687273476,0.00000150455173298,0.00000256947964772,0.00000615602175458,0.00000134142635488,0.00000238158440879,3.70272687178e-7,1.11142810511e-7,1.0128392347e-7,7.50273443373e-8,7.52735189735e-8,5.8709737516e-8,2.4375829355e-8,2.79345391263e-9,3.19622280032e-11,1.75046151754e-14]},"barkbands_crest":{"dmean":2.29916954041,"dmean2":3.68393445015,"dvar":4.72815179825,"dvar2":11.7664003372,"max":24.3618011475,"mean":9.2646446228,"median":8.41940116882,"min":2.60510754585,"var":14.0877132416},"barkbands_flatness_db":{"dmean":0.0169437471777,"dmean2":0.0250143576413,"dvar":0.000269397511147,"dvar2":0.000538755848538,"max":0.353754490614,"mean":0.145419418812,"median":0.140240192413,"min":0.0563686005771,"var":0.00155939150136},"barkbands_kurtosis":{"dmean":1.50971913338,"dmean2":2.30046820641,"dvar":10.9362287521,"dvar2":23.5085144043,"max":140.456970215,"mean":1.46971535683,"median":0.0985395759344,"min":-1.96435630322,"var":22.943731308},"barkbands_skewness":{"dmean":0.408249050379,"dmean2":0.613725185394,"dvar":0.185277402401,"dvar2":0.406384587288,"max":9.8969335556,"mean":1.02038156986,"median":0.898787260056,"min":-2.54142189026,"var":1.03820645809},"barkbands_spread":{"dmean":4.25209951401,"dmean2":6.38390779495,"dvar":20.5801010132,"dvar2":40.660610199,"max":160.259658813,"mean":23.1261863708,"median":21.7793159485,"min":0.702371358871,"var":121.603141785},"dissonance":{"dmean":0.0137895168737,"dmean2":0.023011950776,"dvar":0.000184208460269,"dvar2":0.000501597824041,"max":0.500000119209,"mean":0.471201211214,"median":0.47678026557,"min":0.33949354291,"var":0.000455550674815},"dynamic_complexity":1.75454092026,"erbbands":{"dmean":[0.00114236853551,0.0844466760755,1.20218706131,4.56249523163,8.96229076385,9.68385314941,8.41665744781,10.926566124,14.0609054565,21.811296463,26.4561653137,21.7375011444,15.3073768616,33.9677658081,12.612569809,20.9202651978,19.4446544647,26.1003112793,53.539440155,24.4453697205,27.1031494141,27.1597671509,14.4203624725,9.71044254303,6.90648603439,5.18878412247,4.24842119217,3.64771103859,3.01312541962,2.22173213959,1.58521902561,0.884810864925,0.541263759136,0.259921133518,0.0867231711745,0.0176404044032,0.00272592459805,0.000232911261264,0.0000126216418721,0.00000677983553032],"dmean2":[0.00169158738572,0.11961325258,1.73943114281,7.25056552887,14.5532035828,15.5917263031,12.9038848877,17.3540935516,21.580450058,32.6012153625,40.9565811157,32.5733604431,24.1713943481,54.0493354797,20.1633415222,33.6314277649,31.2599067688,41.8322257996,83.4087219238,38.2863082886,43.4674339294,42.8573112488,23.1447219849,15.6384162903,11.1016817093,8.0295753479,6.37626647949,5.47741794586,4.37755918503,3.27847194672,2.31810307503,1.29908895493,0.810307085514,0.395817250013,0.130604043603,0.025954881683,0.00400393130258,0.000342184765032,0.0000182222338481,0.00001033814533],"dvar":[0.0000026587983939,0.0149089237675,3.05907320976,41.8812446594,192.768173218,223.022766113,256.888580322,376.863586426,888.588378906,3270.85864258,2854.57055664,1594.18359375,1245.93395996,6185.75,615.710144043,2659.58959961,1373.48571777,2288.66333008,6418.421875,1576.13317871,2148.36889648,2410.17260742,435.865447998,142.71661377,112.518089294,84.5601425171,64.3680801392,43.3135986328,38.5330886841,33.7752571106,20.6991615295,7.78805971146,3.21021866798,0.509903550148,0.0407559424639,0.00126850767992,0.0000402123296226,3.76032147642e-7,6.28501695132e-10,4.81208892178e-11],"dvar2":[0.00000549374135517,0.026812363416,5.64685583115,95.3885955811,479.528198242,544.510498047,560.115234375,858.396789551,2147.62084961,7075.33300781,6830.58398438,3773.24731445,3164.58569336,15465.7597656,1584.89086914,6766.96533203,3482.23095703,5878.68603516,16341.3134766,3773.08422852,5431.39208984,6139.07714844,1055.26391602,355.576019287,281.633422852,175.708221436,137.788711548,90.9454498291,73.6312103271,66.6446075439,36.2326812744,12.8791236877,6.92033433914,1.20472383499,0.0934043899179,0.00282819895074,0.0000959615645115,9.50615799411e-7,1.43295830757e-9,1.03578923216e-10],"max":[0.045127786696,1.98272180557,30.5541706085,142.807754517,220.714935303,268.428924561,409.532318115,425.053985596,896.030334473,1069.66833496,1477.89941406,1035.41101074,869.598999023,1780.37365723,642.067138672,1601.54455566,917.67791748,984.630554199,1453.25524902,906.286560059,1225.64868164,1510.86206055,513.855041504,256.35168457,498.738098145,341.138031006,212.002761841,171.148422241,253.352111816,202.834701538,144.49446106,77.9875488281,54.6401138306,20.662612915,5.71699523926,0.707342803478,0.207658782601,0.022463221103,0.000582592620049,0.000112307505333],"mean":[0.00343948835507,0.256243348122,3.77263784409,10.7684268951,14.3595685959,15.1487789154,15.2927274704,20.938785553,29.5763263702,42.9976921082,44.9353942871,46.7831993103,28.5065937042,58.5980873108,24.5645503998,38.7238197327,36.9228096008,51.6649932861,115.529953003,56.9099578857,57.932723999,66.7594299316,33.6966056824,24.3302497864,16.8961791992,11.7599725723,9.23320674896,8.18079853058,6.63449287415,4.74028205872,3.27457928658,1.78981304169,0.963489115238,0.473140716553,0.162698209286,0.0338440462947,0.00505217537284,0.000402071629651,0.000035432032746,0.0000408894375141],"median":[0.00195679464377,0.104835838079,1.93061888218,6.11296606064,9.3601360321,8.82817554474,8.51024627686,9.39766120911,13.685292244,11.415512085,19.1559314728,18.2594280243,10.3678016663,16.3955631256,11.4862632751,14.1496086121,18.8966636658,27.29255867,75.2589263916,38.7208900452,38.3395805359,41.8800125122,24.7348060608,19.6416244507,13.3487024307,7.79840660095,5.96255254745,5.45666313171,4.27164840698,2.95568728447,1.86503767967,0.97481316328,0.49222022295,0.255644023418,0.0914657190442,0.0180529598147,0.00264238892123,0.000192832230823,0.0000268681797024,0.0000427427185059],"min":[1.03731435126e-22,7.57080943146e-22,2.31975613428e-21,5.19127445277e-21,1.30656037342e-20,2.49020865484e-20,2.60099156487e-20,3.70552454435e-20,1.4467816721e-19,1.72964344964e-19,2.20177358636e-19,3.14216032809e-19,5.44249119197e-19,5.27243164682e-19,6.83419155332e-19,1.06339268642e-18,1.40142986651e-18,1.044501122e-18,2.48565912916e-18,3.24926925728e-18,2.89919194638e-18,4.76014690615e-18,4.52875760545e-18,5.01304207559e-18,5.44872885757e-18,8.41243013839e-18,8.32512287909e-18,9.49989057531e-18,1.12191689349e-17,1.15226209698e-17,1.05397633116e-17,9.39829128939e-18,7.08044435905e-18,8.29405480247e-18,6.09876915554e-18,4.03304522155e-18,2.31597750215e-18,9.26821444973e-19,2.49261106522e-19,2.61816703325e-20],"var":[0.0000129586069306,0.0954227223992,20.3860378265,174.277420044,291.350311279,397.041687012,583.43359375,1167.35424805,3083.57666016,12067.1611328,5898.32275391,5410.72070313,2898.86816406,14929.8544922,1525.74865723,7567.96679688,2978.82080078,5133.51171875,16309.6425781,4013.05615234,5082.58056641,8398.07226563,1083.72851563,393.90045166,258.790039063,222.107040405,152.820602417,109.00617218,97.2541122437,71.5288772583,44.6408500671,16.4895553589,4.86598682404,0.721294045448,0.0717493668199,0.00228710751981,0.0000561520828342,4.24701170232e-7,1.05325903554e-9,2.45748366101e-10]},"erbbands_crest":{"dmean":2.61822104454,"dmean2":4.21959209442,"dvar":6.594851017,"dvar2":16.2661857605,"max":30.8063774109,"mean":9.65062713623,"median":8.69502830505,"min":2.4796898365,"var":19.41888237},"erbbands_flatness_db":{"dmean":0.0137221207842,"dmean2":0.020876141265,"dvar":0.000178883172339,"dvar2":0.000393720605643,"max":0.34793433547,"mean":0.18125602603,"median":0.178798675537,"min":0.0300090238452,"var":0.00152709847316},"erbbands_kurtosis":{"dmean":0.774487316608,"dmean2":1.227029562,"dvar":1.18440878391,"dvar2":2.92615699768,"max":24.9022884369,"mean":0.263420730829,"median":-0.0776195526123,"min":-1.74380970001,"var":2.42687535286},"erbbands_skewness":{"dmean":0.340522736311,"dmean2":0.519346356392,"dvar":0.107150912285,"dvar2":0.251203328371,"max":4.57697248459,"mean":-0.121640726924,"median":-0.137912169099,"min":-3.22019696236,"var":0.544163107872},"erbbands_spread":{"dmean":5.92892026901,"dmean2":9.09282588959,"dvar":37.6841392517,"dvar2":84.8476486206,"max":122.055221558,"mean":33.9987449646,"median":31.950838089,"min":3.94567608833,"var":205.397537231},"gfcc":{"cov":[[33455.3828125,2042.69360352,-4222.80078125,1281.35217285,-1863.44726563,511.469238281,-1342.00744629,4.82093858719,-793.760681152,-266.596954346,-644.274230957,-298.98059082,-363.326843262],[2042.69360352,914.153747559,-419.874694824,-115.613777161,1.85698544979,-102.043212891,-38.3090400696,-74.6601104736,56.7186775208,-79.2985839844,5.11675405502,-74.3291015625,-2.26386427879],[-4222.80078125,-419.874694824,912.538391113,58.1555290222,198.48815918,-20.3881473541,122.489639282,37.3689193726,73.892288208,91.8153076172,100.792564392,80.0367889404,30.2963600159],[1281.35217285,-115.613777161,58.1555290222,395.940673828,-8.5838394165,54.3429298401,-84.5408706665,27.5598220825,-16.8635959625,27.280664444,-10.9970579147,18.5389842987,4.20972776413],[-1863.44726563,1.85698544979,198.48815918,-8.5838394165,309.466705322,13.8252296448,92.5486526489,16.7721500397,96.5458068848,-0.815828561783,15.9736204147,15.4618463516,46.7296447754],[511.469238281,-102.043212891,-20.3881473541,54.3429298401,13.8252296448,194.460144043,79.8982849121,43.577495575,-45.2469100952,-8.87332439423,-14.6594495773,15.2847423553,0.912128090858],[-1342.00744629,-38.3090400696,122.489639282,-84.5408706665,92.5486526489,79.8982849121,208.643951416,36.1541862488,22.2323036194,-14.7948961258,39.9551811218,16.0489349365,18.4558582306],[4.82093858719,-74.6601104736,37.3689193726,27.5598220825,16.7721500397,43.577495575,36.1541862488,98.1004638672,37.1526832581,20.0585384369,-11.2535066605,10.0025835037,-7.06652021408],[-793.760681152,56.7186775208,73.892288208,-16.8635959625,96.5458068848,-45.2469100952,22.2323036194,37.1526832581,136.889297485,42.8603744507,21.3383674622,-11.2840518951,7.04233646393],[-266.596954346,-79.2985839844,91.8153076172,27.280664444,-0.815828561783,-8.87332439423,-14.7948961258,20.0585384369,42.8603744507,92.7388916016,39.9819107056,14.5374803543,-10.186460495],[-644.274230957,5.11675405502,100.792564392,-10.9970579147,15.9736204147,-14.6594495773,39.9551811218,-11.2535066605,21.3383674622,39.9819107056,96.0581665039,43.2406082153,7.81352138519],[-298.98059082,-74.3291015625,80.0367889404,18.5389842987,15.4618463516,15.2847423553,16.0489349365,10.0025835037,-11.2840518951,14.5374803543,43.2406082153,81.4975509644,32.9620742798],[-363.326843262,-2.26386427879,30.2963600159,4.20972776413,46.7296447754,0.912128090858,18.4558582306,-7.06652021408,7.04233646393,-10.186460495,7.81352138519,32.9620742798,69.974067688]],"icov":[[0.000912248040549,-0.00194697477855,0.00249772472307,-0.0024882638827,0.00246232398786,-0.00262714084238,0.00255799340084,-0.00183256750461,0.00185248279013,-0.00155026465654,0.00213276781142,-0.0017533589853,0.00144774769433],[-0.00194697477855,0.00622668676078,-0.00436669588089,0.00541881099343,-0.00549595011398,0.00593680609018,-0.00505772046745,0.00452701980248,-0.00546553498134,0.0055082552135,-0.00688976235688,0.00520937936381,-0.0032918471843],[0.00249772472307,-0.00436669588089,0.00907583162189,-0.00729804486036,0.00554810184985,-0.00578297954053,0.00574527401477,-0.00488501042128,0.00525874225423,-0.00513877579942,0.00484338961542,-0.0052601848729,0.00435855612159],[-0.0024882638827,0.00541881099343,-0.00729804486036,0.0104035381228,-0.00700516765937,0.00510140322149,-0.00375043367967,0.00352775119245,-0.00476947473362,0.00458973180503,-0.00719733908772,0.00563676888123,-0.00495693460107],[0.00246232398786,-0.00549595011398,0.00554810184985,-0.00700516765937,0.0130497636274,-0.0085979430005,0.00533381616697,-0.00238563609309,-0.000721822609194,-0.00226697465405,0.00794171262532,-0.00624340539798,0.00217303191312],[-0.00262714084238,0.00593680609018,-0.00578297954053,0.00510140322149,-0.0085979430005,0.0182891152799,-0.0132843172178,0.00234378618188,0.000312707823468,0.001087263925,-0.00317620299757,0.00367775070481,-0.00325900828466],[0.00255799340084,-0.00505772046745,0.00574527401477,-0.00375043367967,0.00533381616697,-0.0132843172178,0.0201417803764,-0.0101146567613,0.0045688925311,0.00217680819333,-0.00374762993306,0.000493500905577,0.0011767091928],[-0.00183256750461,0.00452701980248,-0.00488501042128,0.00352775119245,-0.00238563609309,0.00234378618188,-0.0101146567613,0.0242088027298,-0.0136915920302,0.000750141218305,0.00594433397055,-0.00588300637901,0.00280383205973],[0.00185248279013,-0.00546553498134,0.00525874225423,-0.00476947473362,-0.000721822609194,0.000312707823468,0.0045688925311,-0.0136915920302,0.0243437327445,-0.0118859279901,0.00124054448679,0.00371769117191,-0.000727936101612],[-0.00155026465654,0.0055082552135,-0.00513877579942,0.00458973180503,-0.00226697465405,0.001087263925,0.00217680819333,0.000750141218305,-0.0118859279901,0.0264250524342,-0.0157336872071,0.00527888536453,-0.00060785363894],[0.00213276781142,-0.00688976235688,0.00484338961542,-0.00719733908772,0.00794171262532,-0.00317620299757,-0.00374762993306,0.00594433397055,0.00124054448679,-0.0157336872071,0.0349910445511,-0.0219170562923,0.00951542053372],[-0.0017533589853,0.00520937936381,-0.0052601848729,0.00563676888123,-0.00624340539798,0.00367775070481,0.000493500905577,-0.00588300637901,0.00371769117191,0.00527888536453,-0.0219170562923,0.0334794260561,-0.0165290758014],[0.00144774769433,-0.0032918471843,0.00435855612159,-0.00495693460107,0.00217303191312,-0.00325900828466,0.0011767091928,0.00280383205973,-0.000727936101612,-0.00060785363894,0.00951542053372,-0.0165290758014,0.0253853220493]],"mean":[-6.41502809525,99.6688690186,-146.391601563,36.9057312012,-63.3045005798,6.04878234863,-52.1331062317,-2.67175364494,-22.4091453552,-9.98528194427,-23.4008407593,-14.6111106873,-13.9762325287]},"hfc":{"dmean":5.37993955612,"dmean2":7.68985462189,"dvar":39.1035461426,"dvar2":75.0331115723,"max":122.40209198,"mean":28.7063694,"median":28.4181957245,"min":1.03582613563e-16,"var":217.210891724},"melbands":{"dmean":[0.0000308094495267,0.000445103738457,0.000836492050439,0.000704332138412,0.000293112709187,0.000239757951931,0.000230037883739,0.000239518689341,0.000205401214771,0.00012531367247,0.0000810991623439,0.000149631887325,0.0000376243951905,0.0000687735882821,0.0000393949048885,0.0000465917328256,0.0000513653394592,0.0000817573090899,0.0000665495972498,0.0000238986904151,0.0000378547883884,0.0000360588273907,0.00001650959166,0.0000131686838358,0.00000837945663079,0.00000595601795794,0.00000451292862635,0.00000371883538719,0.00000315905958814,0.00000243638010033,0.00000220688389163,0.00000189717002286,0.00000153782707457,0.00000123505799365,0.00000100837314676,7.52913706492e-7,5.18235481195e-7,4.26989970492e-7,2.97150791084e-7,2.05323615887e-7],"dmean2":[0.0000451289670309,0.000650441506878,0.00133559643291,0.00112415163312,0.000453810614999,0.000378768832888,0.000349051289959,0.000361065380275,0.000316977646435,0.000188727353816,0.000128160027089,0.000238235792494,0.0000609116032138,0.00011117880058,0.0000637493649265,0.0000755649234634,0.000082759957877,0.000127518011141,0.00010399275925,0.0000377751493943,0.0000611502400716,0.0000572448880121,0.0000265228281933,0.0000215413347178,0.0000136864391607,0.00000970927067101,0.00000728466147848,0.00000580696541874,0.00000482307586935,0.00000378746676688,0.00000338689460477,0.00000283778990706,0.00000231507738135,0.00000186316333384,0.00000150211280925,0.00000110203188797,7.78030255333e-7,6.53022482311e-7,4.54997859833e-7,3.20064856396e-7],"dvar":[1.85970017164e-9,4.2035532033e-7,0.00000136777384796,9.93646835923e-7,2.84690628405e-7,1.77709452487e-7,2.14309920921e-7,3.27158971913e-7,1.58767008429e-7,5.28912060815e-8,3.59160061691e-8,1.2112764125e-7,6.70482469545e-9,2.92627788667e-8,6.19959639181e-9,9.57839851878e-9,9.43996436575e-9,1.52683128363e-8,1.09349116428e-8,1.76384440387e-9,4.28258362106e-9,4.5245189817e-9,6.70419553206e-10,3.37832706254e-10,1.08320248604e-10,7.79416739483e-11,5.52870665915e-11,4.25958469885e-11,3.34882364894e-11,1.88917631538e-11,1.57901695191e-11,1.3901885719e-11,1.33666471988e-11,1.10941715883e-11,7.86692672811e-12,5.48963869154e-12,2.69848553225e-12,1.98704160764e-12,9.02364554606e-13,2.81478751982e-13],"dvar2":[3.80012332712e-9,7.90577360021e-7,0.00000326320468957,0.00000243065846917,6.2254872546e-7,4.00129607669e-7,5.12029430411e-7,7.19709419172e-7,3.83503703461e-7,1.25765652115e-7,9.00984957752e-8,3.02673669239e-7,1.81265775723e-8,7.22856228208e-8,1.62126116976e-8,2.46953817395e-8,2.40601245594e-8,3.86555107923e-8,2.69540123554e-8,4.26190194247e-9,1.08599937931e-8,1.16612435264e-8,1.65474800529e-9,8.74196715017e-10,2.77244033287e-10,2.04813346838e-10,1.27585358944e-10,9.35637123334e-11,7.57280557706e-11,4.14147674488e-11,3.42998893177e-11,2.83887514191e-11,2.70068221259e-11,2.24493913042e-11,1.46882506158e-11,9.3918822372e-12,5.00697747152e-12,4.33411553175e-12,2.15504242056e-12,6.76512665332e-13],"max":[0.000735513982363,0.0112732434645,0.028233287856,0.0129168666899,0.0124874571338,0.00886443350464,0.0127850025892,0.0110410768539,0.011549170129,0.00649916334078,0.00421728333458,0.00773083651438,0.00271295080893,0.00756249623373,0.00173251971137,0.00287521188147,0.00236377236433,0.00228009582497,0.00240267673507,0.00101856619585,0.00158847589046,0.00198023975827,0.000464650685899,0.000395469192881,0.000228442251682,0.000382694997825,0.000252298341366,0.00020530189795,0.000159264847753,0.000108169835585,0.0000949622772168,0.00014576180547,0.000134491390781,0.0000995734590106,0.0000811689824332,0.0000735775756766,0.0000562592722417,0.0000458177637483,0.0000303946999338,0.0000140369875226],"mean":[0.0000827091134852,0.00136268709321,0.00192345806863,0.00112883991096,0.000541728222743,0.000466982019134,0.000477199442685,0.000458704394987,0.000362439081073,0.000261229521129,0.000138005270856,0.000253056699876,0.0000663933242322,0.000120264412544,0.0000711143147782,0.0000826411487651,0.0000931453323574,0.00017114765069,0.000138967545354,0.0000475870947412,0.0000734933273634,0.0000809952471172,0.0000335182267008,0.0000268969452009,0.0000189248039533,0.0000135438294819,0.00000948631168285,0.00000754775282985,0.00000614037526248,0.00000500458327224,0.00000458994190922,0.00000388508760807,0.00000315708280141,0.00000241902534981,0.00000196938526642,0.00000144690568504,9.65231265582e-7,7.24139681552e-7,5.00273529269e-7,3.63637212786e-7],"median":[0.0000367087886843,0.00069629191421,0.00123490905389,0.000698604271747,0.000321484869346,0.000206311553484,0.000210173573578,0.000125240912894,0.000153139611939,0.0000940621830523,0.0000419842399424,0.0000652895250823,0.0000340313563356,0.0000369824847439,0.0000345147127518,0.0000372156900994,0.0000443883618573,0.000110500055598,0.0000849728530739,0.0000280918047793,0.0000450215229648,0.0000464206459583,0.0000214790343307,0.0000191854833247,0.0000147867485794,0.0000104932041722,0.00000677750040268,0.00000470512168249,0.00000375946501663,0.00000331815908794,0.00000297080396194,0.00000243696331381,0.00000198860743694,0.00000144344835462,0.00000111460599328,7.90514263826e-7,5.11232371991e-7,3.62661182862e-7,2.52758439956e-7,1.99308857418e-7],"min":[1.47163895135e-24,1.45444237526e-24,1.24286721808e-24,1.31267164604e-24,1.30567375955e-24,8.83811753647e-25,2.02276636759e-24,1.5266051029e-24,1.16889356163e-24,2.03068219235e-24,2.05569066076e-24,1.70835165432e-24,1.89600509759e-24,1.9147005094e-24,3.21774469973e-24,2.38629201095e-24,1.08942736252e-24,3.39934876316e-24,3.31858242267e-24,3.10961711318e-24,2.75558836904e-24,3.74701593574e-24,3.94712588713e-24,3.83629447982e-24,3.6493411506e-24,4.78615361276e-24,3.0514384242e-24,4.76302933862e-24,4.88194696463e-24,4.85321546717e-24,4.22462861536e-24,5.49872417427e-24,5.43451996848e-24,5.70845822871e-24,5.84229479217e-24,5.36832822765e-24,5.41393622088e-24,4.06908338865e-24,6.05248086391e-24,6.20031181982e-24],"var":[9.41320443815e-9,0.00000270764303423,0.00000431706985182,0.00000171015392425,6.60433272515e-7,5.8954179849e-7,7.7020365552e-7,0.000001170047085,3.31031458245e-7,1.73444860252e-7,8.37217726257e-8,2.91415119591e-7,1.21529124542e-8,8.16939760284e-8,1.38518760906e-8,1.76810104335e-8,2.03257961573e-8,3.81114979575e-8,2.77356519973e-8,4.03176825259e-9,9.56923340567e-9,1.47448107057e-8,1.61173985269e-9,7.08042346975e-10,2.66308225472e-10,1.64366492639e-10,1.27743315925e-10,1.0278256718e-10,7.25519644362e-11,4.19054027589e-11,3.71880408412e-11,3.22977061762e-11,2.9287756248e-11,2.13411909672e-11,1.5969217268e-11,1.12880139264e-11,5.01446020124e-12,2.92598757723e-12,1.15789875518e-12,3.89655809788e-13]},"melbands_crest":{"dmean":3.15826964378,"dmean2":4.97127008438,"dvar":8.88104629517,"dvar2":21.2611942291,"max":32.7461891174,"mean":14.3263807297,"median":13.3924808502,"min":1.58720266819,"var":37.5143661499},"melbands_flatness_db":{"dmean":0.0203545782715,"dmean2":0.0294779259712,"dvar":0.000406259845477,"dvar2":0.000791796250269,"max":0.456430375576,"mean":0.174537599087,"median":0.170057713985,"min":0.00240745441988,"var":0.00304125249386},"melbands_kurtosis":{"dmean":3.62710094452,"dmean2":5.50327157974,"dvar":54.0375404358,"dvar2":118.750587463,"max":281.719177246,"mean":6.84880971909,"median":3.31247329712,"min":-1.7850061655,"var":135.024719238},"melbands_skewness":{"dmean":0.515320181847,"dmean2":0.776084303856,"dvar":0.326538741589,"dvar2":0.705810844898,"max":13.0211849213,"mean":2.02561688423,"median":1.82367944717,"min":-1.10925996304,"var":1.78796613216},"melbands_spread":{"dmean":6.73733854294,"dmean2":10.2658147812,"dvar":53.6434631348,"dvar2":119.827171326,"max":159.959365845,"mean":30.1031475067,"median":27.0238323212,"min":0.599068462849,"var":413.313903809},"mfcc":{"cov":[[10197.0068359,857.321594238,-466.472259521,256.191345215,-88.3937835693,156.625671387,-52.8174247742,79.2663497925,-71.322265625,-44.2045021057,-94.0435638428,-129.96711731,-137.392288208],[857.321594238,1073.33959961,-251.108016968,-39.9214553833,-0.36847910285,-16.0940570831,-82.4222640991,-7.59611749649,-7.91354179382,-7.55391073227,31.3822422028,-11.0361404419,-28.7384433746],[-466.472259521,-251.108016968,417.9949646,120.493583679,30.3464202881,5.08940458298,29.5214347839,-18.9371051788,-29.2051887512,-10.7516651154,13.212802887,43.6889228821,40.6690254211],[256.191345215,-39.9214553833,120.493583679,274.165435791,126.622428894,19.9642677307,-32.8426818848,-14.72174263,12.4838209152,-2.15268158913,-12.5025196075,32.3318443298,43.0228729248],[-88.3937835693,-0.36847910285,30.3464202881,126.622428894,197.479354858,36.6165084839,-32.6669425964,-1.468785882,49.5842704773,15.4068059921,-12.809220314,18.2753200531,25.2837867737],[156.625671387,-16.0940570831,5.08940458298,19.9642677307,36.6165084839,113.248435974,72.6882629395,42.4299697876,15.9620046616,11.8458652496,4.36996412277,-6.71190214157,0.938247442245],[-52.8174247742,-82.4222640991,29.5214347839,-32.8426818848,-32.6669425964,72.6882629395,149.181350708,80.4090118408,6.89522266388,0.0772774666548,9.6365404129,-4.03435897827,-3.57234120369],[79.2663497925,-7.59611749649,-18.9371051788,-14.72174263,-1.468785882,42.4299697876,80.4090118408,120.956787109,47.0494270325,10.2768449783,6.60969209671,2.78295397758,-1.43352735043],[-71.322265625,-7.91354179382,-29.2051887512,12.4838209152,49.5842704773,15.9620046616,6.89522266388,47.0494270325,104.145149231,46.1966743469,-4.94751930237,1.91178870201,6.66287994385],[-44.2045021057,-7.55391073227,-10.7516651154,-2.15268158913,15.4068059921,11.8458652496,0.0772774666548,10.2768449783,46.1966743469,87.6840667725,35.209980011,-2.55718517303,-2.34745597839],[-94.0435638428,31.3822422028,13.212802887,-12.5025196075,-12.809220314,4.36996412277,9.6365404129,6.60969209671,-4.94751930237,35.209980011,84.7844772339,42.2505531311,10.9243135452],[-129.96711731,-11.0361404419,43.6889228821,32.3318443298,18.2753200531,-6.71190214157,-4.03435897827,2.78295397758,1.91178870201,-2.55718517303,42.2505531311,92.5995101929,52.0492172241],[-137.392288208,-28.7384433746,40.6690254211,43.0228729248,25.2837867737,0.938247442245,-3.57234120369,-1.43352735043,6.66287994385,-2.34745597839,10.9243135452,52.0492172241,79.3222351074]],"icov":[[0.000135022302857,-0.0000746124642319,0.000145109908772,-0.00032108076266,0.000295603153063,-0.000347028340911,0.000241107511101,-0.000224259216338,0.000207333869184,-0.000103021855466,0.000224308343604,-0.0000761955088819,0.00022191516473],[-0.0000746124642319,0.00123689277098,0.000603345455602,0.0000644591200398,-0.000177776848432,-0.00012524430349,0.000803725910373,-0.000263603869826,-0.0000102867743408,0.000721133779734,-0.00120005512144,0.000365512358258,0.0000118088455565],[0.000145109908772,0.000603345455602,0.00374285760336,-0.00191045657266,0.000209174817428,0.000430211250205,-0.00134574365802,0.000656747899484,0.00110078789294,-0.000103222635516,-0.000334259791998,-0.00072436069604,-0.000107535801362],[-0.00032108076266,0.0000644591200398,-0.00191045657266,0.00715918466449,-0.00403932202607,-0.000099581287941,0.000973974412773,-0.000158402996021,0.000626797205769,-0.000252361642197,0.000946386950091,-0.000577809754759,-0.00191789271776],[0.000295603153063,-0.000177776848432,0.000209174817428,-0.00403932202607,0.0105183273554,-0.00537742581218,0.00398202985525,0.000137269758852,-0.0038645346649,0.000338957412168,0.00146240659524,-0.00145779445302,0.000513738719746],[-0.000347028340911,-0.00012524430349,0.000430211250205,-0.000099581287941,-0.00537742581218,0.0176954325289,-0.0104291141033,0.000825041439384,0.000593377917539,-0.00130442599766,-0.00158508482855,0.00263528223149,-0.0013624059502],[0.000241107511101,0.000803725910373,-0.00134574365802,0.000973974412773,0.00398202985525,-0.0104291141033,0.0190613493323,-0.0101440306753,0.00235370104201,0.00085204851348,-0.000368341483409,0.000490061880555,-0.0000436005902884],[-0.000224259216338,-0.000263603869826,0.000656747899484,-0.000158402996021,0.000137269758852,0.000825041439384,-0.0101440306753,0.0185562819242,-0.00972393434495,0.00381328165531,-0.00260469457135,-0.000453046959592,0.000675888324622],[0.000207333869184,-0.0000102867743408,0.00110078789294,0.000626797205769,-0.0038645346649,0.000593377917539,0.00235370104201,-0.00972393434495,0.0225510336459,-0.0136711178347,0.00909984763712,-0.00409901002422,-0.000256278755842],[-0.000103021855466,0.000721133779734,-0.000103222635516,-0.000252361642197,0.000338957412168,-0.00130442599766,0.00085204851348,0.00381328165531,-0.0136711178347,0.024979878217,-0.0161610301584,0.00904923211783,-0.0015372732887],[0.000224308343604,-0.00120005512144,-0.000334259791998,0.000946386950091,0.00146240659524,-0.00158508482855,-0.000368341483409,-0.00260469457135,0.00909984763712,-0.0161610301584,0.028064602986,-0.0164852645248,0.00481026107445],[-0.0000761955088819,0.000365512358258,-0.00072436069604,-0.000577809754759,-0.00145779445302,0.00263528223149,0.000490061880555,-0.000453046959592,-0.00409901002422,0.00904923211783,-0.0164852645248,0.0275558512658,-0.0140663646162],[0.00022191516473,0.0000118088455565,-0.000107535801362,-0.00191789271776,0.000513738719746,-0.0013624059502,-0.0000436005902884,0.000675888324622,-0.000256278755842,-0.0015372732887,0.00481026107445,-0.0140663646162,0.0224969834089]],"mean":[-618.657836914,114.771148682,-20.7598228455,21.354101181,4.07748222351,2.33660030365,-15.9471712112,-3.53558564186,-5.1919836998,-2.2274825573,-4.83696699142,-8.1697177887,-9.65361595154]},"pitch_salience":{"dmean":0.0635783150792,"dmean2":0.100408986211,"dvar":0.00352831417695,"dvar2":0.00816571433097,"max":0.986407637596,"mean":0.536626398563,"median":0.542426347733,"min":0.127296790481,"var":0.012698976323},"silence_rate_20dB":{"dmean":0,"dmean2":0,"dvar":0,"dvar2":0,"max":1,"mean":1,"median":1,"min":1,"var":0},"silence_rate_30dB":{"dmean":0,"dmean2":0,"dvar":0,"dvar2":0,"max":1,"mean":1,"median":1,"min":1,"var":0},"silence_rate_60dB":{"dmean":0.00123655248899,"dmean2":0.00247341091745,"dvar":0.00123538996559,"dvar2":0.002961586928,"max":1,"mean":0.0403066277504,"median":0,"min":0,"var":0.0386824049056},"spectral_centroid":{"dmean":211.381469727,"dmean2":319.065734863,"dvar":62790.0117188,"dvar2":132405.046875,"max":11757.9511719,"mean":1580.42028809,"median":1386.85998535,"min":178.555786133,"var":2074349},"spectral_complexity":{"dmean":4.15704202652,"dmean2":6.10512018204,"dvar":17.0540523529,"dvar2":31.1891918182,"max":59,"mean":25.5315284729,"median":26,"min":0,"var":99.8557128906},"spectral_contrast_coeffs":{"dmean":[0.052289519459,0.0477879270911,0.0372088700533,0.0314039885998,0.0203721672297,0.0159239210188],"dmean2":[0.0862968191504,0.0781726762652,0.0602741241455,0.0503430590034,0.0335664898157,0.0262230187654],"dvar":[0.00182511087041,0.00150029791985,0.000927798158955,0.000633104005828,0.00027685042005,0.000191323983017],"dvar2":[0.0049042836763,0.00387399899773,0.00233395118266,0.00158080703113,0.000706338731106,0.000503659888636],"max":[-0.247448280454,-0.412001341581,-0.475848913193,-0.570894479752,-0.610863268375,-0.614914357662],"mean":[-0.519658982754,-0.710061371326,-0.756597399712,-0.746853888035,-0.778357982635,-0.745954990387],"median":[-0.515662193298,-0.713261723518,-0.767539620399,-0.743025660515,-0.77629172802,-0.740194797516],"min":[-0.980585575104,-0.995562374592,-0.994800209999,-0.978086590767,-0.968122243881,-0.964671909809],"var":[0.0112513182685,0.00711042061448,0.00610117707402,0.0036094461102,0.00191289559007,0.00182555150241]},"spectral_contrast_valleys":{"dmean":[0.484075754881,0.347781836987,0.314712792635,0.278665155172,0.214072480798,0.235938444734],"dmean2":[0.8168861866,0.561565935612,0.500711202621,0.421746313572,0.317617863417,0.33618837595],"dvar":[0.162448808551,0.0938260555267,0.0881101563573,0.0779459029436,0.0624487698078,0.0854107439518],"dvar2":[0.418679386377,0.198594674468,0.173442974687,0.138768568635,0.0986398309469,0.153545603156],"max":[-6.10820007324,-4.95905447006,-5.31395196915,-5.78440332413,-5.48824739456,-7.73115539551],"mean":[-8.34678268433,-6.92815160751,-7.52363348007,-7.64217805862,-7.48436975479,-10.3366336823],"median":[-7.84200763702,-6.41754341125,-7.00894165039,-7.12070560455,-6.93703269958,-9.83920669556],"min":[-27.9820232391,-28.1092853546,-27.8275852203,-27.6522140503,-27.607000351,-27.4179344177],"var":[8.44928359985,9.43277263641,9.04223155975,8.92819976807,9.06862640381,6.96562671661]},"spectral_decrease":{"dmean":1.44569356486e-9,"dmean2":2.23491847251e-9,"dvar":2.20932600385e-18,"dvar2":5.02749788398e-18,"max":2.01023193453e-20,"mean":-8.01810617901e-9,"median":-8.33646929266e-9,"min":-2.65130211119e-8,"var":9.94651103062e-18},"spectral_energy":{"dmean":0.00570690259337,"dmean2":0.00879388488829,"dvar":0.0000338645513693,"dvar2":0.0000762877461966,"max":0.101919464767,"mean":0.0328659825027,"median":0.0342817902565,"min":9.95369857098e-21,"var":0.000161543401191},"spectral_energyband_high":{"dmean":0.000287190661766,"dmean2":0.000388968503103,"dvar":3.49047866166e-7,"dvar2":5.52175094981e-7,"max":0.0150467362255,"mean":0.000750533072278,"median":0.000495576299727,"min":7.06017797522e-21,"var":0.00000108218898731},"spectral_energyband_low":{"dmean":0.00235346076079,"dmean2":0.00358085054904,"dvar":0.00000854872178024,"dvar2":0.0000183995853149,"max":0.0476064160466,"mean":0.00706191733479,"median":0.00501207169145,"min":1.1157679409e-23,"var":0.0000427874110756},"spectral_energyband_middle_high":{"dmean":0.00258016726002,"dmean2":0.00391772016883,"dvar":0.00000925709355215,"dvar2":0.0000214980918827,"max":0.0534916445613,"mean":0.0100927017629,"median":0.00844882801175,"min":1.16900966854e-21,"var":0.0000549856267753},"spectral_energyband_middle_low":{"dmean":0.00535878073424,"dmean2":0.00821020454168,"dvar":0.0000345601365552,"dvar2":0.0000809888297226,"max":0.099163107574,"mean":0.0176185164601,"median":0.0163013059646,"min":1.46984867886e-22,"var":0.000119658237963},"spectral_entropy":{"dmean":0.116938717663,"dmean2":0.169030085206,"dvar":0.0156612638384,"dvar2":0.0298599321395,"max":9.82074928284,"mean":7.62987375259,"median":7.63217735291,"min":5.66664361954,"var":0.208632215858},"spectral_flux":{"dmean":0.0195559374988,"dmean2":0.0305772442371,"dvar":0.000363152095815,"dvar2":0.00083324383013,"max":0.23430468142,"mean":0.083819270134,"median":0.0842403993011,"min":6.34088753726e-11,"var":0.00123914377764},"spectral_kurtosis":{"dmean":1.4843531847,"dmean2":2.54631638527,"dvar":4.25882911682,"dvar2":12.532626152,"max":54.3216362,"mean":4.24404239655,"median":3.5853729248,"min":-1.27410590649,"var":13.3418006897},"spectral_rms":{"dmean":0.000487744255224,"dmean2":0.000746959180105,"dvar":2.42263666905e-7,"dvar2":5.21305253187e-7,"max":0.00997164100409,"mean":0.00547217018902,"median":0.00578322121873,"min":3.11623578504e-12,"var":0.00000211960514207},"spectral_rolloff":{"dmean":349.112426758,"dmean2":567.312988281,"dvar":294916.9375,"dvar2":565937.875,"max":19724.4140625,"mean":2027.25512695,"median":1765.72265625,"min":129.19921875,"var":7179620.5},"spectral_skewness":{"dmean":0.178366079926,"dmean2":0.293869823217,"dvar":0.0350778885186,"dvar2":0.0959296002984,"max":5.51022768021,"mean":1.39935469627,"median":1.38367319107,"min":-0.0817444398999,"var":0.189265146852},"spectral_spread":{"dmean":335437.96875,"dmean2":525659.8125,"dvar":486809403392,"dvar2":1168581328900,"max":51764924,"mean":4562818,"median":3775804,"min":1119423.875,"var":28080116596700},"spectral_strongpeak":{"dmean":0.7611977458,"dmean2":1.31172597408,"dvar":1.53675794601,"dvar2":3.86534309387,"max":13.786866188,"mean":1.39416396618,"median":0.71516084671,"min":0,"var":2.55051755905},"zerocrossingrate":{"dmean":0.00758426915854,"dmean2":0.00895850546658,"dvar":0.0000842319859657,"dvar2":0.000123808014905,"max":0.52294921875,"mean":0.0683568418026,"median":0.0576171875,"min":0.0087890625,"var":0.00462725758553}},"metadata":{"audio_properties":{"analysis_sample_rate":44100,"bit_rate":161002,"codec":"mp3","downmix":"mix","equal_loudness":0,"length":187.768157959,"lossless":false,"md5_encoded":"4327f6e13463b6278041f6631a860f86","replay_gain":-13.682756424,"sample_rate":44100},"tags":{"acoustid_id":["add63df2-ea8d-44da-a0df-2a1b62f921ee"],"album":["My Generation (disc 1: The Original Mono Mixes)"],"albumartist":["The Who"],"albumartistsort":["Who, The"],"artist":["The Who"],"artistsort":["Who, The"],"artistwebpage":["http://thewho.com/"],"asin":["B01M12CROM"],"barcode":["6007537274090"],"catalognumber":["5372740"],"contentgroup":["Rock"],"date":["1965"],"discnumber":["1/5"],"file_name":"107. The Who ~ The Kids Are Alright (mono version).mp3","genre":["Rock; Hard Rock"],"label":["Brunswick Records"],"media":["CD"],"mood":["Unknown"],"musicbrainz album release country":["NL"],"musicbrainz album status":["official"],"musicbrainz album type":["album"],"musicbrainz_albumartistid":["9fdaa16b-a6c4-4831-b87c-bc9ca8ce7eaa"],"musicbrainz_albumid":["73084d9b-d89b-4208-8767-06698eafc462"],"musicbrainz_artistid":["9fdaa16b-a6c4-4831-b87c-bc9ca8ce7eaa"],"musicbrainz_recordingid":["bbef862c-30cb-4e95-9299-d707502cdeae"],"musicbrainz_releasegroupid":["00c3da9f-309b-3f78-ba23-6a753fd6313d"],"originaldate":["1965-12-03"],"originalyear":["1965"],"script":["Latn"],"title":["The Kids Are Alright (mono version)"],"tracknumber":["7/12"]},"version":{"essentia":"2.1-beta2","essentia_build_sha":"2d9f1f26377add8aeb1075a9c2973f962c4f09fd","essentia_git_sha":"v2.1_beta2-1-ge3940c0","extractor":"music 1.0"}},"rhythm":{"beats_count":420,"beats_loudness":{"dmean":0.00951941125095,"dmean2":0.0158286467195,"dvar":0.0000644507235847,"dvar2":0.000175926863449,"max":0.0673974081874,"mean":0.0369630381465,"median":0.0387299507856,"min":0,"var":0.000153436587425},"beats_loudness_band_ratio":{"dmean":[0.137975290418,0.139259681106,0.132526382804,0.0834391564131,0.0968618988991,0.0324227586389],"dmean2":[0.23526