{"lowlevel":{"average_loudness":0.897999465466,"barkbands":{"dmean":[0.0040795719251,0.0106726549566,0.00166998011991,0.00200255680829,0.00381333939731,0.00100575853139,0.000285942776827,0.000306030764477,0.000311524461722,0.000147650003782,0.0000914082338568,0.000176764384378,0.000287164089968,0.000376882875571,0.000203621355467,0.0000725186764612,0.0000689709268045,0.0000400020326197,0.0000192521038116,0.00000778631056164,0.00000600653584115,0.00000391702133129,0.00000266526058113,0.00000243713770942,0.00000236313280766,0.00000244417765316,0.0000832959049148],"dmean2":[0.00659410422668,0.0173479970545,0.00274205300957,0.00311340740882,0.00565020320937,0.00153349409811,0.000457275105873,0.000488958321512,0.000465301476652,0.00023530042381,0.000144479767187,0.000281463668216,0.00047379345051,0.000611400057096,0.000338185054716,0.000123320016428,0.000117197167128,0.0000660742225591,0.0000287241982733,0.0000122499313875,0.00000941555845202,0.00000625601114734,0.000004344248282,0.00000395097322325,0.00000382820053346,0.00000394362996303,0.000140254429425],"dvar":[0.0000695912676747,0.000388836459024,0.00000801982878329,0.0000203330364457,0.0000718126975698,0.0000120729237096,5.33362083388e-7,0.0000015576745227,8.7509442892e-7,2.20257263095e-7,6.42208703994e-8,2.79089675814e-7,3.88042678878e-7,7.44176020362e-7,2.22695305752e-7,2.98065785387e-8,3.11691188415e-8,1.15044658244e-8,5.46766765197e-9,3.45435818838e-10,2.77662198789e-10,5.56680881947e-11,2.25712001173e-11,2.02715500636e-11,1.91221465745e-11,1.94143850302e-11,3.51128157661e-8],"dvar2":[0.000177500565769,0.000932079798076,0.0000203299132409,0.0000442066084361,0.000136260743602,0.0000269669308182,0.00000125924566419,0.00000373480179405,0.00000190484456652,5.42058387509e-7,1.52305887013e-7,6.81197320773e-7,9.70450400928e-7,0.00000181857353709,5.66560743209e-7,7.84801272857e-8,7.82387417075e-8,2.9451298289e-8,1.15930243183e-8,6.73534006346e-10,5.17446807624e-10,1.2610362754e-10,5.36925087724e-11,4.81582274059e-11,4.53922836818e-11,4.60625461385e-11,8.95884184615e-8],"max":[0.159441545606,0.267171114683,0.0570704229176,0.115340352058,0.188180789351,0.144655048847,0.0206541549414,0.0383684709668,0.0273431967944,0.0106587698683,0.00616538152099,0.0270063374192,0.0167885944247,0.019866771996,0.0113074919209,0.00213504722342,0.0038752395194,0.0041540437378,0.00429661525413,0.000853839912452,0.000965514278505,0.000238845561398,0.0000883471002453,0.0000845978138386,0.0000824431044748,0.0000826051327749,0.00335606490262],"mean":[0.00623614853248,0.0185695942491,0.00229320325889,0.00340790650807,0.00700484728441,0.0017043579137,0.000439356197603,0.000427586579463,0.000600689381827,0.000212809580262,0.000129197185743,0.000242226742557,0.000346738437656,0.000504090683535,0.000246835057624,0.0000725015997887,0.000081650854554,0.0000602277868893,0.0000332044764946,0.0000127973316921,0.0000104001746877,0.00000549737205802,0.00000301001750813,0.00000260558454102,0.00000254742576544,0.00000280941276287,0.000105664534203],"median":[0.00184256979264,0.00754924444482,0.00110439991113,0.000823768787086,0.00175352953374,0.000296209153021,0.000118623822345,0.000081924830738,0.0000687823776389,0.0000406967337767,0.0000302380394714,0.0000451587839052,0.0000804072187748,0.0000845087051857,0.0000379675984732,0.0000152913817146,0.0000109214561235,0.00000946466752794,0.00000607921492701,0.00000356935538548,0.0000023987631721,0.00000154271742758,0.00000102145645542,7.54422671889e-7,7.44782823858e-7,9.97358256427e-7,0.0000172394557012],"min":[1.52536178416e-25,2.58887464685e-24,1.03890200483e-24,1.44459670091e-24,1.15196158921e-23,1.0096488731e-23,7.54152603113e-24,7.39096956079e-24,1.16438228305e-23,1.9439124626e-23,1.19565012609e-23,2.63661248565e-23,2.56095110073e-23,3.73615978973e-23,4.92162840366e-23,5.60900803322e-23,7.86804628831e-23,9.14144196982e-23,1.14624834299e-22,1.71798721162e-22,2.46939918573e-22,3.06144623708e-22,3.66769631881e-22,4.53073286832e-22,6.97092577277e-22,1.27698945412e-21,1.82051143713e-21],"var":[0.000123820413137,0.000798346940428,0.0000125618826132,0.0000695334456395,0.000231545418501,0.0000400236240239,0.00000125526423744,0.00000242677174356,0.00000404099364459,4.3925822979e-7,1.25125026784e-7,4.35014044342e-7,5.76902436933e-7,0.00000132508648676,3.1876140838e-7,2.84560730535e-8,5.0750287528e-8,2.98095734763e-8,1.85521980001e-8,1.22828414106e-9,9.55344359177e-10,1.45950793118e-10,3.03858917194e-11,2.70513854372e-11,2.56652581132e-11,2.67214896044e-11,4.46830235035e-8]},"barkbands_crest":{"dmean":3.11610102654,"dmean2":4.97780370712,"dvar":7.19051265717,"dvar2":17.2067737579,"max":25.7739391327,"mean":14.0771884918,"median":13.5738983154,"min":2.65739202499,"var":25.2851676941},"barkbands_flatness_db":{"dmean":0.0456120483577,"dmean2":0.0712063536048,"dvar":0.00157548836432,"dvar2":0.00392161076888,"max":0.553730070591,"mean":0.236989706755,"median":0.232979744673,"min":0.0489077158272,"var":0.00544149009511},"barkbands_kurtosis":{"dmean":21.768655777,"dmean2":34.9688987732,"dvar":1703.43481445,"dvar2":4356.5859375,"max":936.201965332,"mean":37.9034118652,"median":15.5603933334,"min":-1.96010994911,"var":3787.43408203},"barkbands_skewness":{"dmean":1.26003205776,"dmean2":1.97935903072,"dvar":1.97521269321,"dvar2":4.5912528038,"max":23.1830711365,"mean":3.78894042969,"median":3.03911161423,"min":-8.01876926422,"var":8.2640209198},"barkbands_spread":{"dmean":5.01345682144,"dmean2":7.89989233017,"dvar":59.5436058044,"dvar2":137.875991821,"max":139.483139038,"mean":10.5463218689,"median":5.76522064209,"min":0.114742197096,"var":153.905380249},"dissonance":{"dmean":0.0197257511318,"dmean2":0.0328161716461,"dvar":0.000376137701096,"dvar2":0.00100149540231,"max":0.500000178814,"mean":0.466354906559,"median":0.472476303577,"min":0.260029256344,"var":0.000704120786395},"dynamic_complexity":4.28673601151,"erbbands":{"dmean":[0.563607811928,1.57189333439,1.86891722679,4.15187072754,10.8234710693,13.5834054947,11.4248342514,6.86939287186,4.21642589569,4.62025547028,7.124958992,7.16880941391,5.07312202454,3.79195165634,4.04008626938,7.83173751831,12.3275499344,17.3088169098,16.6999988556,5.42631626129,4.05416440964,3.81296467781,2.49181270599,1.2195931673,0.768385052681,0.363346666098,0.263840675354,0.217394039035,0.147223830223,0.0998331084847,0.0733650773764,0.054197229445,0.038998618722,0.0266113504767,0.0167137105018,0.009371265769,0.00455940933898,0.00219144835137,0.00156049465295,0.002514134394],"dmean2":[0.944638669491,2.4505238533,3.01236081123,6.39200639725,16.8687801361,20.1810264587,17.2778453827,10.7069625854,6.62939977646,7.2296128273,11.2109098434,10.7710180283,7.85311412811,6.04345989227,6.44569206238,12.4861011505,20.068769455,28.3628501892,27.2433319092,8.98242282867,6.89707803726,6.48215579987,4.09859132767,1.88533556461,1.16408586502,0.564850389957,0.413124501705,0.343005627394,0.233841896057,0.161997973919,0.11938457191,0.0879731476307,0.0632220506668,0.043116517365,0.0270577557385,0.0151477251202,0.0073543372564,0.00346148596145,0.0024354790803,0.00414271093905],"dvar":[1.32976150513,6.73999166489,8.89132785797,76.1665878296,558.509216309,1247.2734375,1362.79296875,451.758453369,122.323692322,182.994979858,877.292663574,512.36151123,251.921737671,142.725296021,129.458389282,534.508117676,718.309692383,1396.00585938,1682.80737305,144.89831543,94.7769393921,98.2475738525,42.0355072021,13.4244728088,8.76010799408,0.734146595001,0.437189221382,0.365165412426,0.0839714631438,0.0305758286268,0.0172340776771,0.00990904029459,0.00521852634847,0.00242754654028,0.000954715418629,0.00029819944757,0.0000672684182064,0.0000156120895554,0.0000135020836751,0.0000251613255386],"dvar2":[3.40510725975,14.5777425766,22.1327629089,158.198760986,1153.00878906,2393.66235352,3062.20336914,1049.88049316,299.865234375,423.04208374,2113.46289062,1143.34863281,602.186523438,373.280639648,323.571166992,1304.10009766,1765.41015625,3518.87670898,4154.79296875,370.239562988,248.81401062,247.414154053,105.830154419,28.3727893829,19.6576042175,1.45137476921,0.812556028366,0.671237111092,0.182629436255,0.0730078145862,0.0409988760948,0.0235543064773,0.0123941516504,0.00576341105625,0.00226580980234,0.000707556318957,0.000159732386237,0.0000343661158695,0.0000255673876381,0.0000634427487967],"max":[18.1279659271,43.4084892273,63.6243591309,248.280303955,616.558898926,1014.49627686,1204.30627441,620.196716309,356.729003906,322.876159668,913.027648926,719.219604492,341.058654785,399.954528809,276.717498779,1240.12915039,762.372924805,710.806091309,1204.04785156,265.404754639,120.194252014,263.604766846,197.092498779,160.53276062,139.986968994,42.9502754211,34.3972511292,33.0883903503,9.04501152039,3.28558039665,2.4495036602,1.86061358452,1.35874843597,0.928733706474,0.582857966423,0.325544714928,0.153120681643,0.128361091018,0.161599472165,0.0828504860401],"mean":[0.896795094013,2.79261302948,2.86516523361,7.61524343491,19.9189243317,22.5348987579,18.8007316589,11.4036636353,6.81543970108,7.08727931976,11.3681058884,14.3162460327,7.63056516647,5.70061206818,6.00416326523,11.1432533264,15.8407154083,22.7427215576,22.1092319489,6.5983171463,4.19807195663,4.43819618225,4.08710432053,2.10263323784,1.29532837868,0.614931046963,0.45066267252,0.361891031265,0.215402930975,0.123657472432,0.0828916206956,0.0584597624838,0.0416410006583,0.0285810120404,0.018126854673,0.010323824361,0.00531145511195,0.00345600559376,0.00341049209237,0.00412533478811],"median":[0.309278666973,1.19949507713,1.62233459949,2.35646653175,4.90404939651,4.76599502563,3.12811946869,2.36792230606,1.88413619995,1.87107586861,1.89491510391,1.65263986588,1.43158400059,1.31863999367,1.42684078217,2.29971790314,3.84021472931,4.40707588196,3.231757164,1.47037923336,0.898129343987,0.635790586472,0.53288602829,0.425727844238,0.254705011845,0.170753180981,0.113367073238,0.0832234621048,0.0574713274837,0.0414017289877,0.02826519683,0.0176427215338,0.0118857230991,0.00829776655883,0.00539193861187,0.00315404986031,0.00193792663049,0.00116941123269,0.000851275748573,0.00165207067039],"min":[5.36933505082e-23,6.44055779923e-22,1.1338396493e-21,6.01459502376e-21,1.11704755975e-20,2.53424132061e-20,4.49204050562e-20,5.91580057805e-20,8.73856217321e-20,2.31021799864e-19,2.60381748526e-19,3.27078717184e-19,5.25189533715e-19,8.09932500914e-19,1.12923067971e-18,1.51728168117e-18,1.51589770461e-18,1.58231534472e-18,2.91679745174e-18,3.19727309756e-18,4.05120638548e-18,5.51489544836e-18,5.06878412271e-18,5.38225124687e-18,6.40374361635e-18,8.87792768246e-18,6.76168576051e-18,1.09174514977e-17,1.04112095182e-17,1.14074501316e-17,1.22137932373e-17,9.55670630286e-18,7.83297523004e-18,6.55866172378e-18,6.08495772085e-18,4.24244268489e-18,2.29914168835e-18,9.02060310324e-19,2.23928183275e-19,2.61122792495e-20],"var":[2.24871659279,16.6690597534,14.6271448135,280.536102295,2243.77124023,3135.60644531,3484.11791992,1215.63378906,298.968078613,386.27923584,1478.58325195,2521.93530273,511.103485107,254.12789917,246.870269775,850.183532715,1156.39599609,2273.59838867,2672.59008789,187.021484375,96.5130233765,141.047805786,152.557769775,46.0602264404,25.1982746124,2.80284047127,1.79555106163,1.20827531815,0.240757837892,0.0495710559189,0.0232608634979,0.0131985582411,0.00696759670973,0.00325247715227,0.00128538685385,0.000404483696911,0.0000928899244172,0.0000435843321611,0.000073785908171,0.0000391891990148]},"erbbands_crest":{"dmean":2.97384786606,"dmean2":4.86741828918,"dvar":7.33340978622,"dvar2":18.4856834412,"max":29.8630714417,"mean":9.80117034912,"median":8.86467170715,"min":2.29977655411,"var":19.9390544891},"erbbands_flatness_db":{"dmean":0.0334506295621,"dmean2":0.0528882183135,"dvar":0.000884957553353,"dvar2":0.00220836210065,"max":0.413772016764,"mean":0.166533261538,"median":0.16478702426,"min":0.0384666211903,"var":0.00330280768685},"erbbands_kurtosis":{"dmean":1.80575585365,"dmean2":2.92561006546,"dvar":11.2403497696,"dvar2":26.8170871735,"max":88.6844024658,"mean":1.19384348392,"median":-0.054651260376,"min":-1.89708256721,"var":21.025100708},"erbbands_skewness":{"dmean":0.609440028667,"dmean2":0.917041301727,"dvar":0.378534764051,"dvar2":0.840571165085,"max":7.52547645569,"mean":0.373990446329,"median":0.451652288437,"min":-6.5105381012,"var":1.40302360058},"erbbands_spread":{"dmean":8.08465766907,"dmean2":12.9571332932,"dvar":62.8682060242,"dvar2":155.075088501,"max":136.495758057,"mean":32.9214668274,"median":31.6658115387,"min":0.930039227009,"var":209.92098999},"gfcc":{"cov":[[22166.4570312,2096.22216797,-1562.4921875,-235.611984253,-158.267654419,-320.760009766,-273.929656982,-442.293304443,-120.232940674,-110.064086914,-101.156311035,-175.157562256,-22.6757888794],[2096.22216797,1225.83300781,-161.52645874,-313.617218018,102.901832581,-60.8778915405,-72.4358901978,-298.978942871,-42.3652687073,-54.9495353699,22.2059803009,-123.741661072,-8.03783035278],[-1562.4921875,-161.52645874,738.366516113,229.011917114,-209.191757202,261.904663086,-15.9867429733,150.117492676,-64.0035476685,75.6751022339,-12.0353908539,52.0185165405,15.3970432281],[-235.611984253,-313.617218018,229.011917114,349.496856689,21.3360710144,65.3399810791,52.6608314514,125.449157715,9.9453086853,16.6477336884,-14.2633857727,49.988910675,-25.7078151703],[-158.267654419,102.901832581,-209.191757202,21.3360710144,401.706176758,-24.7721099854,59.9868354797,-94.5710067749,64.2907562256,-47.5581932068,59.3133239746,-25.9099006653,-11.4365816116],[-320.760009766,-60.8778915405,261.904663086,65.3399810791,-24.7721099854,372.175415039,-45.8763694763,62.0923461914,-101.770393372,50.0763397217,6.39170122147,16.0172615051,14.8701601028],[-273.929656982,-72.4358901978,-15.9867429733,52.6608314514,59.9868354797,-45.8763694763,223.662094116,66.6315536499,74.0388641357,-28.7122955322,6.73498773575,41.4411697388,13.3584184647],[-442.293304443,-298.978942871,150.117492676,125.449157715,-94.5710067749,62.0923461914,66.6315536499,238.058959961,73.4354095459,38.2348594666,-4.52198457718,60.3686637878,7.87399244308],[-120.232940674,-42.3652687073,-64.0035476685,9.9453086853,64.2907562256,-101.770393372,74.0388641357,73.4354095459,177.079376221,34.0939941406,27.9618797302,26.1525230408,-1.62283802032],[-110.064086914,-54.9495353699,75.6751022339,16.6477336884,-47.5581932068,50.0763397217,-28.7122955322,38.2348594666,34.0939941406,101.14389801,37.6560287476,1.86320674419,7.91802740097],[-101.156311035,22.2059803009,-12.0353908539,-14.2633857727,59.3133239746,6.39170122147,6.73498773575,-4.52198457718,27.9618797302,37.6560287476,71.7376174927,19.1867580414,11.8373975754],[-175.157562256,-123.741661072,52.0185165405,49.988910675,-25.9099006653,16.0172615051,41.4411697388,60.3686637878,26.1525230408,1.86320674419,19.1867580414,83.0027236938,21.8996105194],[-22.6757888794,-8.03783035278,15.3970432281,-25.7078151703,-11.4365816116,14.8701601028,13.3584184647,7.87399244308,-1.62283802032,7.91802740097,11.8373975754,21.8996105194,65.1133728027]],"icov":[[0.000100669320091,-0.000271164550213,0.000487543875352,-0.000540017790627,0.000421175471274,-0.000214292784221,0.0000964161372394,0.0000341698068951,-0.000134444766445,0.000112043744593,-0.000117752249935,0.0000589590381423,-0.000243306712946],[-0.000271164550213,0.00233594607562,-0.00160532526206,0.00196822779253,-0.000256960716797,-0.000210814192542,-0.000346150278347,0.00199192995206,-0.00144729518797,0.00204302929342,-0.0017471142346,0.00209426321089,0.000512507394888],[0.000487543875352,-0.00160532526206,0.005553571973,-0.00525515992194,0.00463331956416,-0.00329584325664,0.000413589063101,0.000696118921041,-0.0019622950349,0.00184699567035,-0.00268489564769,0.00149589881767,-0.00230749393813],[-0.000540017790627,0.00196822779253,-0.00525515992194,0.010810517706,-0.00780248502269,0.00420839060098,-0.0012012582738,-0.00388755486347,0.00609841383994,-0.00739189097658,0.00811216142029,-0.00636957492679,0.00566916167736],[0.000421175471274,-0.000256960716797,0.00463331956416,-0.00780248502269,0.0132405273616,-0.00703342119232,-0.0000604169727012,0.00704312883317,-0.0114158634096,0.0149010503665,-0.0155411427841,0.0105537865311,-0.00378947239369],[-0.000214292784221,-0.000210814192542,-0.00329584325664,0.00420839060098,-0.00703342119232,0.00869107805192,-0.000043523075874,-0.005635432899,0.0100007504225,-0.0102988341823,0.00756692700088,-0.00618920475245,0.00201808405109],[0.0000964161372394,-0.000346150278347,0.000413589063101,-0.0012012582738,-0.0000604169727012,-0.000043523075874,0.00678924191743,-0.00134055421222,-0.00251832744107,0.00360378064215,-0.000972241570707,-0.000847565359436,-0.00185183249414],[0.0000341698068951,0.00199192995206,0.000696118921041,-0.00388755486347,0.00704312883317,-0.005635432899,-0.00134055421222,0.0142947304994,-0.0113035822287,0.00759511906654,-0.0057984739542,0.00370327290148,-0.00176794012077],[-0.000134444766445,-0.00144729518797,-0.0019622950349,0.00609841383994,-0.0114158634096,0.0100007504225,-0.00251832744107,-0.0113035822287,0.0234521962702,-0.0201772786677,0.0130971772596,-0.0121810166165,0.00499481149018],[0.000112043744593,0.00204302929342,0.00184699567035,-0.00739189097658,0.0149010503665,-0.0102988341823,0.00360378064215,0.00759511906654,-0.0201772786677,0.0392892546952,-0.0299525987357,0.0199532732368,-0.00629876274616],[-0.000117752249935,-0.0017471142346,-0.00268489564769,0.00811216142029,-0.0155411427841,0.00756692700088,-0.000972241570707,-0.0057984739542,0.0130971772596,-0.0299525987357,0.0433129817247,-0.0220652408898,0.00353975431062],[0.0000589590381423,0.00209426321089,0.00149589881767,-0.00636957492679,0.0105537865311,-0.00618920475245,-0.000847565359436,0.00370327290148,-0.0121810166165,0.0199532732368,-0.0220652408898,0.0312287677079,-0.00881807971746],[-0.000243306712946,0.000512507394888,-0.00230749393813,0.00566916167736,-0.00378947239369,0.00201808405109,-0.00185183249414,-0.00176794012077,0.00499481149018,-0.00629876274616,0.00353975431062,-0.00881807971746,0.0208002384752]],"mean":[-92.3462753296,126.154205322,-65.308555603,7.38651800156,-2.62042164803,1.36662507057,-15.5328006744,-13.9311990738,-6.39121818542,-2.23385858536,-2.40000844002,-8.23249816895,-5.49136161804]},"hfc":{"dmean":29.5328464508,"dmean2":46.7080764771,"dvar":3003.1496582,"dvar2":7506.75878906,"max":1006.82543945,"mean":64.585144043,"median":39.9770431519,"min":1.01392623113e-16,"var":5984.6953125},"melbands":{"dmean":[0.00389565736987,0.00121909205336,0.000853852019645,0.000892343407031,0.000431841210229,0.000158830313012,0.0000625172251603,0.000053278861742,0.0000601198262302,0.0000433440000052,0.0000254513524851,0.0000160800755111,0.0000128060191855,0.0000161798852787,0.0000273071782431,0.0000287323473458,0.0000339809157595,0.0000311119074468,0.0000113471687655,0.00000488661771669,0.00000487003853777,0.00000403806325266,0.00000299988437291,0.00000190376010778,9.509587926e-7,7.4773487313e-7,3.54453874252e-7,2.27207266335e-7,1.72185721681e-7,1.58240027304e-7,1.21449318158e-7,9.07022226215e-8,6.59397159097e-8,5.19366984975e-8,4.32528715066e-8,3.69053942961e-8,3.16420170066e-8,2.7725604923e-8,2.44837483621e-8,2.17369517941e-8],"dmean2":[0.00638985913247,0.00191444251686,0.00132496282458,0.00133880681824,0.000646486412734,0.000244545808528,0.0000988916362985,0.0000834710808704,0.0000932625844143,0.0000655289695715,0.0000397751209675,0.0000258060863416,0.0000203302133741,0.0000258809777733,0.0000439184514107,0.000047217545216,0.0000555656661163,0.0000510137542733,0.000018858247131,0.00000825975803309,0.00000833792273625,0.00000690858769303,0.0000050541998462,0.00000309581309921,0.00000145727983636,0.00000113735632112,5.54237715278e-7,3.59606445954e-7,2.71545786745e-7,2.53157281804e-7,1.91216528833e-7,1.43867879387e-7,1.06672452205e-7,8.45450855991e-8,7.04058606971e-8,6.00360792191e-8,5.13312450323e-8,4.49517472134e-8,3.96821349113e-8,3.52162530248e-8],"dvar":[0.0000578735562158,0.00000322200889968,0.00000291878200187,0.00000443140606876,0.00000152010875354,2.50535691748e-7,2.55464485122e-8,2.86381389714e-8,5.30562722645e-8,1.80760011403e-8,6.48508535761e-9,2.6274469267e-9,1.26858124005e-9,2.32650565479e-9,4.72822403452e-9,4.17070733505e-9,5.79819259272e-9,6.58854260038e-9,7.41973427143e-10,1.36368694115e-10,1.45958578557e-10,1.10330862502e-10,6.21215093255e-11,3.14908342458e-11,9.16686344887e-12,1.16436096875e-11,1.03450169438e-12,3.2828210636e-13,2.08433178486e-13,2.2079934452e-13,1.34182839536e-13,3.68688369765e-14,1.46989777798e-14,8.29611766518e-15,5.93651892577e-15,4.48801042377e-15,3.41470321257e-15,2.63838883433e-15,2.05671902747e-15,1.61927712043e-15],"dvar2":[0.000143592827953,0.00000727519636712,0.00000642291661279,0.00000847372484714,0.00000328246642312,5.73150543914e-7,6.21395699341e-8,6.688119214e-8,1.25141269791e-7,4.09483220665e-8,1.54217723036e-8,6.86290047014e-9,3.07148728673e-9,5.81585890558e-9,1.14633769144e-8,1.0610340162e-8,1.46205278995e-8,1.6400255376e-8,1.93097049461e-9,3.57448792787e-10,3.8234507227e-10,2.83772699783e-10,1.55127480306e-10,7.85687140348e-11,1.85569944827e-11,2.70285321902e-11,2.02131323832e-12,7.56112783062e-13,4.15225281459e-13,5.15780018522e-13,2.54459376747e-13,8.16500526587e-14,3.53113568388e-14,1.98500324657e-14,1.41322246467e-14,1.06848725492e-14,8.11352361978e-15,6.266329415e-15,4.88403940771e-15,3.84430095924e-15],"max":[0.115183152258,0.030775917694,0.039486836642,0.0519227348268,0.0316082090139,0.0178184695542,0.00480652227998,0.00429127179086,0.00643481733277,0.00386223732494,0.00172065664083,0.00161218468565,0.00101654184982,0.00231006834656,0.0027535574045,0.00169788300991,0.00167144543957,0.00243448652327,0.000885077810381,0.000167852238519,0.000157456888701,0.000260965287453,0.000227892713156,0.000227683485718,0.000142231248901,0.000176948800799,0.0000412565786974,0.0000272514425887,0.0000251436449616,0.0000206416461879,0.0000220128986257,0.00000685321992933,0.00000266117831416,0.0000016705824919,0.00000143961767662,0.00000123937786611,0.00000109540883386,9.65918275142e-7,8.54198731304e-7,7.58673536438e-7],"mean":[0.00678167724982,0.0021729238797,0.00167007336859,0.0016240037512,0.000724871875718,0.00026760387118,0.0000995362570393,0.0000798135006335,0.000102808808151,0.0000828366464702,0.0000362229002349,0.0000230851455854,0.0000184930577234,0.0000227936252486,0.0000373466500605,0.0000330976436089,0.0000441230549768,0.0000405320752179,0.0000137451388582,0.00000516894260727,0.00000483268513563,0.00000435968604506,0.00000433736613559,0.00000303560568682,0.00000155299710514,0.00000120776905987,5.96700147071e-7,3.52312639507e-7,2.80227965277e-7,2.59157985738e-7,1.88000569779e-7,1.29709732732e-7,8.65595026767e-8,6.09381842764e-8,4.87943232486e-8,4.02975075531e-8,3.37825376562e-8,2.95328455024e-8,2.6178478052e-8,2.33530528249e-8],"median":[0.00271128164604,0.00125070638023,0.000533752434421,0.000403305923101,0.000128581537865,0.0000529342978552,0.0000274197846011,0.0000196195433091,0.0000145789181261,0.00000982335041044,0.0000064153114181,0.00000505548177898,0.0000043710351747,0.00000462470006823,0.00000767641176935,0.00000772068506194,0.00000794447896624,0.00000549463220523,0.00000234124399867,0.00000120476283882,8.74311240295e-7,6.39644554212e-7,5.20850107932e-7,4.29471469943e-7,3.21242083601e-7,2.01659830168e-7,1.38644935532e-7,9.94630511286e-8,7.16703567605e-8,5.65899149763e-8,4.33791811361e-8,3.30047171815e-8,2.6639309425e-8,2.06932924129e-8,1.65876450353e-8,1.27896111479e-8,9.73211378152e-9,8.37140490262e-9,7.50344142375e-9,6.78314959757e-9],"min":[8.20424610545e-25,6.99167124475e-25,1.28260056415e-24,1.80839519154e-24,2.03631446199e-24,1.2836283513e-24,1.53545720694e-24,2.32890257731e-24,2.05627560112e-24,1.70747779365e-24,1.97983202118e-24,2.66561089419e-24,2.53400325722e-24,2.95901410004e-24,3.32884392532e-24,2.43742538318e-24,3.0460140194e-24,3.40238745536e-24,3.24551812562e-24,3.58410432589e-24,4.12829449933e-24,2.96497591633e-24,5.24336634937e-24,3.56499298717e-24,2.91387863449e-24,2.68093708108e-24,5.60915523467e-24,5.13312895433e-24,3.70564688657e-24,4.86592677737e-24,5.30877554019e-24,5.50757006603e-24,5.32759460595e-24,5.69796046221e-24,5.92578349164e-24,5.83963396433e-24,5.95036518631e-24,4.10726741191e-24,5.49552297671e-24,4.58565830281e-24],"var":[0.000107849591586,0.00000725642348698,0.0000111633898996,0.0000137279866976,0.00000382365260521,7.63818832183e-7,6.20863360723e-8,5.45505720595e-8,1.10460995018e-7,7.90515386484e-8,1.29089494649e-8,4.58504256784e-9,2.48854492568e-9,3.70842379027e-9,8.28927593233e-9,5.15142328794e-9,9.61619672779e-9,1.01487200865e-8,9.92194437721e-10,1.32711328038e-10,1.57019786062e-10,1.3489599715e-10,1.67347954938e-10,8.74694761066e-11,3.24118232253e-11,2.93729658651e-11,3.83064673731e-12,9.36691045908e-13,7.23435525894e-13,6.56081309072e-13,3.54178248145e-13,1.10442640547e-13,2.98226883726e-14,1.18514249589e-14,8.01849838156e-15,5.99161884251e-15,4.54855379774e-15,3.52117377173e-15,2.75011713875e-15,2.17043807108e-15]},"melbands_crest":{"dmean":4.25645780563,"dmean2":6.88939571381,"dvar":14.4827251434,"dvar2":34.6265563965,"max":39.2804832458,"mean":20.9343528748,"median":20.3277626038,"min":1.65032887459,"var":60.8436851501},"melbands_flatness_db":{"dmean":0.0529146715999,"dmean2":0.0827092751861,"dvar":0.00200057029724,"dvar2":0.00503435824066,"max":0.718058586121,"mean":0.36209410429,"median":0.362389326096,"min":0.00304373027757,"var":0.00834883004427},"melbands_kurtosis":{"dmean":29.8854522705,"dmean2":48.4868927002,"dvar":3909.68652344,"dvar2":10754.2421875,"max":1305.41918945,"mean":53.6715393066,"median":23.4270820618,"min":-1.97120761871,"var":7832.92138672},"melbands_skewness":{"dmean":1.40683698654,"dmean2":2.22446131706,"dvar":2.63048005104,"dvar2":6.42507839203,"max":27.1741428375,"mean":4.6099023819,"median":3.81011676788,"min":-6.88030576706,"var":10.2273273468},"melbands_spread":{"dmean":4.5233540535,"dmean2":7.17925310135,"dvar":68.5598983765,"dvar2":157.542724609,"max":339.010437012,"mean":10.3360500336,"median":4.45392942429,"min":0.0962566062808,"var":405.051544189},"mfcc":{"cov":[[7753.24267578,1236.58288574,-605.901977539,57.1919975281,-94.4632339478,-12.9780273438,-144.378036499,-174.54133606,-109.940216064,-19.7182216644,-58.6250457764,-116.977363586,-150.646987915],[1236.58288574,1596.02648926,-151.000534058,-150.689910889,113.282661438,129.881393433,1.07892537117,-176.366073608,-153.062744141,5.92722415924,-4.07609653473,-101.879928589,-90.0925292969],[-605.901977539,-151.000534058,925.654724121,-9.68591403961,-44.866268158,47.2165298462,93.2152328491,44.8963813782,47.1961784363,38.1649360657,-28.1533489227,29.9286117554,41.9179649353],[57.1919975281,-150.689910889,-9.68591403961,338.739044189,21.5251693726,-41.0476303101,-15.0214290619,78.5727157593,62.874004364,-3.35838890076,52.9057197571,43.8398132324,9.87590408325],[-94.4632339478,113.282661438,-44.866268158,21.5251693726,268.403320312,119.886322021,39.3048210144,1.75428915024,-31.3818454742,9.30757427216,21.0841140747,16.0770301819,9.6351480484],[-12.9780273438,129.881393433,47.2165298462,-41.0476303101,119.886322021,188.686920166,105.289833069,-11.5164260864,-33.0731163025,2.63171410561,-24.2617378235,-16.0284748077,10.4725055695],[-144.378036499,1.07892537117,93.2152328491,-15.0214290619,39.3048210144,105.289833069,159.985656738,50.6103439331,-0.18265222013,10.7281970978,-34.2095069885,-18.2248420715,27.0617256165],[-174.54133606,-176.366073608,44.8963813782,78.5727157593,1.75428915024,-11.5164260864,50.6103439331,176.184173584,99.6976470947,-17.9052791595,23.4774341583,56.7421226501,26.242723465],[-109.940216064,-153.062744141,47.1961784363,62.874004364,-31.3818454742,-33.0731163025,-0.18265222013,99.6976470947,115.522819519,29.2044696808,24.4121456146,39.8933563232,23.4806175232],[-19.7182216644,5.92722415924,38.1649360657,-3.35838890076,9.30757427216,2.63171410561,10.7281970978,-17.9052791595,29.2044696808,90.8736343384,31.6548175812,-7.59799337387,15.2055749893],[-58.6250457764,-4.07609653473,-28.1533489227,52.9057197571,21.0841140747,-24.2617378235,-34.2095069885,23.4774341583,24.4121456146,31.6548175812,94.8214416504,58.9087715149,3.41997504234],[-116.977363586,-101.879928589,29.9286117554,43.8398132324,16.0770301819,-16.0284748077,-18.2248420715,56.7421226501,39.8933563232,-7.59799337387,58.9087715149,97.0447616577,38.0032997131],[-150.646987915,-90.0925292969,41.9179649353,9.87590408325,9.6351480484,10.4725055695,27.0617256165,26.242723465,23.4806175232,15.2055749893,3.41997504234,38.0032997131,68.5144577026]],"icov":[[0.000174233398866,-0.000146152029629,0.000124331243569,-0.000187547149835,0.00022414092382,-0.000175325316377,0.000292247917969,-0.000289825315122,0.000406407169066,-0.000665527652018,0.000819279637653,-0.000631771516055,0.000450694322353],[-0.000146152029629,0.000959966506343,-0.0000658817662043,0.000383523467463,-0.000325379369315,-0.000324057211401,-0.000252162251854,0.000678313313983,-0.000169945618836,0.000885165063664,-0.00164545455482,0.00135141285136,0.0000553841382498],[0.000124331243569,-0.0000658817662043,0.001427873387,-0.000276117527392,0.0006669301074,-0.000460633949842,-0.000266130664386,-0.00047222035937,0.000807450909633,-0.00238477950916,0.00275804940611,-0.00291604967788,0.00134788942523],[-0.000187547149835,0.000383523467463,-0.000276117527392,0.00422419514507,-0.00139508780558,0.00140781863593,-0.00135516736191,0.00132856098935,-0.00389801431447,0.00450811302289,-0.00546612916514,0.00377424503677,-0.00182586407755],[0.00022414092382,-0.000325379369315,0.0006669301074,-0.00139508780558,0.00732648326084,-0.00615481520072,0.00418551964685,-0.00542952865362,0.00721014849842,-0.00643673725426,0.00344268232584,-0.00392830651253,0.0011595566757],[-0.000175325316377,-0.000324057211401,-0.000460633949842,0.00140781863593,-0.00615481520072,0.0154720610008,-0.012153393589,0.00842852704227,-0.00699534639716,0.00681558204815,-0.00297439773567,0.00049538287567,0.000098373129731],[0.000292247917969,-0.000252162251854,-0.000266130664386,-0.00135516736191,0.00418551964685,-0.012153393589,0.0233816057444,-0.0190241094679,0.0170297566801,-0.015026464127,0.0105267511681,0.000278211344266,-0.00319149671122],[-0.000289825315122,0.000678313313983,-0.00047222035937,0.00132856098935,-0.00542952865362,0.00842852704227,-0.0190241094679,0.0335781872272,-0.032541975379,0.026416324079,-0.016592759639,0.00546451983973,-0.00243277987465],[0.000406407169066,-0.000169945618836,0.000807450909633,-0.00389801431447,0.00721014849842,-0.00699534639716,0.0170297566801,-0.032541975379,0.0473302155733,-0.0354918129742,0.0238811951131,-0.0177013110369,0.00681392196566],[-0.000665527652018,0.000885165063664,-0.00238477950916,0.00450811302289,-0.00643673725426,0.00681558204815,-0.015026464127,0.026416324079,-0.0354918129742,0.0508989430964,-0.040286257863,0.0334001667798,-0.019457757473],[0.000819279637653,-0.00164545455482,0.00275804940611,-0.00546612916514,0.00344268232584,-0.00297439773567,0.0105267511681,-0.016592759639,0.0238811951131,-0.040286257863,0.0550394132733,-0.0440235733986,0.023334255442],[-0.000631771516055,0.00135141285136,-0.00291604967788,0.00377424503677,-0.00392830651253,0.00049538287567,0.000278211344266,0.00546451983973,-0.0177013110369,0.0334001667798,-0.0440235733986,0.0562939196825,-0.0304717961699],[0.000450694322353,0.0000553841382498,0.00134788942523,-0.00182586407755,0.0011595566757,0.000098373129731,-0.00319149671122,-0.00243277987465,0.00681392196566,-0.019457757473,0.023334255442,-0.0304717961699,0.034832380712]],"mean":[-753.40234375,182.476196289,6.63799333572,27.8735694885,25.8656768799,23.3995227814,8.0340051651,0.920395433903,-1.39140272141,4.97417116165,8.33499336243,0.806005358696,-4.45064020157]},"pitch_salience":{"dmean":0.0943670421839,"dmean2":0.150177612901,"dvar":0.00680814730003,"dvar2":0.016017653048,"max":0.900895059109,"mean":0.462458759546,"median":0.479316651821,"min":0.035578686744,"var":0.0290724299848},"silence_rate_20dB":{"dmean":0,"dmean2":0,"dvar":0,"dvar2":0,"max":1,"mean":1,"median":1,"min":1,"var":0},"silence_rate_30dB":{"dmean":0.0605684481561,"dmean2":0.121151939034,"dvar":0.0568963810802,"dvar2":0.124835290015,"max":1,"mean":0.90580791235,"median":1,"min":0,"var":0.0853172540665},"silence_rate_60dB":{"dmean":0.0208514332771,"dmean2":0.0417080447078,"dvar":0.0204146262258,"dvar2":0.0494024530053,"max":1,"mean":0.0558451227844,"median":0,"min":0,"var":0.0527242906392},"spectral_centroid":{"dmean":184.097869873,"dmean2":284.023010254,"dvar":67175.125,"dvar2":141257.515625,"max":11936.1289062,"mean":760.37689209,"median":455.765686035,"min":77.9408111572,"var":1685253.875},"spectral_complexity":{"dmean":3.24239802361,"dmean2":4.93123149872,"dvar":14.8827400208,"dvar2":30.7469844818,"max":43,"mean":9.96860218048,"median":8,"min":0,"var":46.7284660339},"spectral_contrast_coeffs":{"dmean":[0.0526308827102,0.0452414117754,0.0360352396965,0.0346014089882,0.0422860682011,0.0242955610156],"dmean2":[0.0854217857122,0.0744223594666,0.0598739124835,0.0554509945214,0.0664708837867,0.0412298515439],"dvar":[0.00183733808808,0.00141706573777,0.0009033549577,0.000822586764116,0.00175500824116,0.000971926026978],"dvar2":[0.00469740992412,0.00372818671167,0.00234659388661,0.00203910912387,0.00423145340756,0.00261049694382],"max":[-0.255693107843,-0.472003787756,-0.53117865324,-0.588306665421,-0.564634203911,-0.541407704353],"mean":[-0.695506572723,-0.797482848167,-0.844201624393,-0.821439921856,-0.847793519497,-0.832448601723],"median":[-0.710304141045,-0.80759203434,-0.854786038399,-0.826194524765,-0.859457552433,-0.847222805023],"min":[-0.981767117977,-0.981183946133,-0.9780382514,-0.982520997524,-0.969403207302,-0.964630663395],"var":[0.0108432359993,0.00595166627318,0.00408502342179,0.00409205909818,0.00514855142683,0.00226123305038]},"spectral_contrast_valleys":{"dmean":[0.390886753798,0.461297750473,0.481311589479,0.527067959309,0.560890316963,0.731707334518],"dmean2":[0.624248862267,0.721921682358,0.741640865803,0.779712855816,0.88699901104,1.18659174442],"dvar":[0.122167795897,0.186142995954,0.215367004275,0.272370427847,0.280616670847,0.432132482529],"dvar2":[0.267131984234,0.401515573263,0.472936332226,0.572150886059,0.658226370811,1.07982540131],"max":[-4.65334701538,-4.68997240067,-5.3707113266,-5.49066066742,-6.34293985367,-8.82583332062],"mean":[-6.91472482681,-7.30130004883,-8.00772857666,-8.19429588318,-8.90515041351,-11.5462169647],"median":[-6.54926204681,-6.98381471634,-7.70392227173,-7.92841148376,-8.6112613678,-11.2673168182],"min":[-28.3372402191,-28.4631824493,-27.825056076,-27.7142963409,-27.5381145477,-27.3948020935],"var":[6.19538021088,6.05868148804,5.69862174988,5.68759155273,5.18176746368,4.23919630051]},"spectral_decrease":{"dmean":4.37734071213e-9,"dmean2":6.83754386444e-9,"dvar":4.27409053241e-17,"dvar2":1.0147731979e-16,"max":4.22757523433e-10,"mean":-1.04347712693e-8,"median":-7.045259931e-9,"min":-9.22084311128e-8,"var":1.11960298807e-16},"spectral_energy":{"dmean":0.0183021333069,"dmean2":0.0285609234124,"dvar":0.000794144114479,"dvar2":0.00188936723862,"max":0.407442957163,"mean":0.0452412553132,"median":0.0315977409482,"min":9.78483901934e-21,"var":0.00202343822457},"spectral_energyband_high":{"dmean":0.0000554745092813,"dmean2":0.0000903570908122,"dvar":1.03308748223e-8,"dvar2":2.45364741858e-8,"max":0.00206334097311,"mean":0.0000883245302248,"median":0.0000235574825638,"min":6.71841950019e-21,"var":3.22406492614e-8},"spectral_energyband_low":{"dmean":0.0138138337061,"dmean2":0.0222737565637,"dvar":0.000613727956079,"dvar2":0.0014965365408,"max":0.371944189072,"mean":0.0271003190428,"median":0.0141760855913,"min":1.31538280319e-23,"var":0.0012380349217},"spectral_energyband_middle_high":{"dmean":0.00112575979438,"dmean2":0.00178463244811,"dvar":0.00000426680207966,"dvar2":0.0000104284890767,"max":0.0599969699979,"mean":0.00189383071847,"median":0.0006185095408,"min":1.24174804612e-21,"var":0.00000871823431225},"spectral_energyband_middle_low":{"dmean":0.00572168687358,"dmean2":0.00844898074865,"dvar":0.000109514563519,"dvar2":0.00021730325534,"max":0.213911905885,"mean":0.013664024882,"median":0.00457576150075,"min":1.95710256403e-22,"var":0.000494764419273},"spectral_entropy":{"dmean":0.337505191565,"dmean2":0.536452174187,"dvar":0.0980214998126,"dvar2":0.250881165266,"max":9.82257461548,"mean":7.03862953186,"median":7.0741853714,"min":4.14793968201,"var":0.408345371485},"spectral_flux":{"dmean":0.0319590047002,"dmean2":0.0519452318549,"dvar":0.00147816876415,"dvar2":0.00378042203374,"max":0.48353728652,"mean":0.0937113463879,"median":0.0858881995082,"min":6.25746884864e-11,"var":0.00305291521363},"spectral_kurtosis":{"dmean":9.09893035889,"dmean2":14.758898735,"dvar":100.463264465,"dvar2":254.674743652,"max":116.752510071,"mean":20.7502975464,"median":17.3728485107,"min":-1.25603497028,"var":192.043426514},"spectral_rms":{"dmean":0.00124002527446,"dmean2":0.00186886650044,"dvar":0.00000191067033484,"dvar2":0.00000410010989071,"max":0.0199375357479,"mean":0.00587584264576,"median":0.00555221177638,"min":3.08968996221e-12,"var":0.00000961238129094},"spectral_rolloff":{"dmean":1813.16833496,"dmean2":3468.32739258,"dvar":27189294,"dvar2":73451976,"max":22028.4667969,"mean":2235.60302734,"median":279.931640625,"min":43.06640625,"var":30355158},"spectral_skewness":{"dmean":0.618271648884,"dmean2":0.998963952065,"dvar":0.375939756632,"dvar2":0.966764807701,"max":8.53550052643,"mean":3.17847943306,"median":3.08339357376,"min":-0.356002956629,"var":1.06502914429},"spectral_spread":{"dmean":797594.25,"dmean2":1278457,"dvar":872629862400,"dvar2":1846640246780,"max":42791896,"mean":3992169,"median":3350780,"min":871293.8125,"var":18927438528500},"spectral_strongpeak":{"dmean":0.306121766567,"dmean2":0.522090196609,"dvar":2.31780934334,"dvar2":6.85540008545,"max":73.5433120728,"mean":0.487947285175,"median":0.257451593876,"min":0,"var":1.48040139675},"zerocrossingrate":{"dmean":0.0305948778987,"dmean2":0.0406939648092,"dvar":0.000825090857688,"dvar2":0.00135070888791,"max":0.5224609375,"mean":0.13076800108,"median":0.11962890625,"min":0.0029296875,"var":0.00634395563975}},"metadata":{"audio_properties":{"analysis_sample_rate":44100,"bit_rate":192000,"codec":"mp3","downmix":"mix","equal_loudness":0,"length":187.062850952,"lossless":false,"md5_encoded":"ba45b54c4b78418693af96a5f30c8e32","replay_gain":-7.74144935608,"sample_rate":44100},"tags":{"acoustid_fingerprint":["AQADtE2iKJSYCFt3Ij80hlfw40wa4vAY57iiHL2HRtuhUh30YsqDkOJxNGdsVOqES1fwXET-QbOjJEeKvniHZ8L6BFeWI3sOVXh4NAdz6CqPa8ecHI_wHz-ewj304EoclJ2FRn2EPCRe4yuPNjysHjlvVH6GZwyOQ_fhuPhx5SF-lIeXRxF6Bc-KPjID_2jwhE-hkTSaK0KOByfaXPDWOKj1IXzQQB8-dIx0XDvED37wFOkr5FNwZ4V2PA_-AFo-1EkWnA8ebQ-io4d_hI7x6YF-_LBKPFqE67gw8Wh-4UFMKvgSIiyPH433BG9yGb8Q6szRHM-M5zh6F0-SF72PE3_E4iKFMI5OJFs34UTfCM06x3gu4f1hedlxYqSDfTtKRkETJfxxNccfopeSTLDDFKV2PPiJ_8GDpggZJdA_5Aye49OO5zk-oflQi3iNHzkcOl3xHD1zNHeDfwj1FVcG_0OfHEdO5TgXQst4CX1IIn-M-aj44qF--MGVSdiPMId-hFfQLEqOw0kqIdahJw9u9FlSiN_wPKiWHU9IaXjwCz30ZMGF5hni7cEf_BTqtEIafpC1VKj84HlwWsILeQif6Gjy4Hnw3bjReApazkVyIcfxxzjxmfjxPER4Qkv3EPnxL0WfBc1-PAoeYb8IH09yYS8O__j2KAneRMnRVD36HPjx8Hj6oKmEskLyI9eD45Esokcv-bjhfLjwV8PRE-l6iEXHHKGoEO_hZwiPO8-gVsd65bij4F7RYzueoRkrnMoRKoet46jFHj9yaLke5BEzVESjB8Wz4-jLCAmlcArST3CVhUGfT_iRQzXhRsuRC3-CI6TywHWUQNNt3Md56NQxLwXnpcFj4wh1UO-DSzm2KA-sU7ibI3wGHf9xQV9SxHGOCx_JDNfwoxcSpu6DOK1RKyyOB7MkfHgyCde-INmPtFvg3YjkHW8ioeYD8UVP6Mgf1ElKNNWO77gGn07wncGTB7-R80dzElqfOMSPPMrxoFElo1-OS8eXB7-MvIGWfkYoVxHe4MacX-iTGRSr-Lj2wbIcgX-DU8Oj9Jh3hM8OeVsm3EdoNMap4M9wHw-DWg9a5cTFFo3yFNWPPDt0iUNO7K_xB91znBKs5sglJkYyTaGPi8cX40F_bMWDZDnCs2ge_HiS6bgjOB8-XMiVHG227NByHn9wfOOhD72iFGFq_Ma1K7ieoXkYhBfkKRYe4j6OWTp-6HYQaQ-a5_jFEE8bhJ9SWGGhPVbw4Mw0nDh6aOEm5KmJH--XoHbhffjCiXhy4QzRRafxAz8cH2ceJEeuJ7HQTClqtXh3fPiZ4FS5wh70XPCOZ8GpR7hHSfBOHc-Fa0jjHPqFO_C14ZJiCk8yUsLF4dKmEO-P_EV5o_mDN0HoKEIDLdcRPniSHJeS_PgPXyn-BP8lI58X4lnQ-NA19JmOB_mjCN-eIJRJaRAT9whJ4nnwpkeZiCKa5yl-9MzQVDGOBHHSSHAe_PjhZ3FwfDSqzFTg4-GGmmrwIz_0I0cTdSlqHxd-_AhjJoR-pJfRkGOQ9wn0CzmuozmLHj9xIXmG8M0Swj36Ht9w4XFy7GGFMD-kHP-C0GiWheC_oD_CiFZwhYdCGj0aL8ePSuTRfDGO6wpx_vhVaHmiCD-FP