{"lowlevel":{"average_loudness":0.876585125923,"barkbands":{"dmean":[0.0113749057055,0.0139865884557,0.00463580805808,0.00142376776785,0.00153246033005,0.000575476966333,0.000753954460379,0.000551010423806,0.000550454715267,0.000396048621042,0.000244454859057,0.00018913410895,0.000144225923577,0.000152276275912,0.000121241602756,0.000149631989188,0.000106350220449,0.000132537519676,0.000476896064356,0.000325091095874,0.000319902144838,0.000640644750092,0.00060434784973,0.0000628474517725,0.00000359032333108,0.000182804811629,0.000245434377575],"dmean2":[0.0172050166875,0.0228516999632,0.00772378966212,0.00240370817482,0.00254282937385,0.000918780686334,0.00120654038619,0.000919324578717,0.000885111337993,0.000622783962172,0.000399270880735,0.000309652095893,0.000235518979025,0.000237798609305,0.000193918793229,0.000240415945882,0.000171234598383,0.000195065615117,0.000690278306138,0.000455656962004,0.000435935158748,0.00100539578125,0.00103352696169,0.0000886256893864,0.0000059577932916,0.000304672808852,0.000353680981789],"dvar":[0.000346938730218,0.000732160522602,0.00010506882245,0.00000703324667484,0.0000101364221337,0.00000122131871194,0.00000330239936375,0.0000019865340164,0.00000196452083401,0.00000121363382277,3.84446650514e-7,2.01176391101e-7,1.1945451206e-7,1.39976521041e-7,7.21093087463e-8,1.33412669356e-7,4.38418261695e-8,6.26771097245e-8,0.00000121783966733,4.81224162741e-7,3.18418415191e-7,5.76624188398e-7,9.12901327865e-7,1.2975167607e-8,3.58676664758e-11,8.17922654051e-8,9.16580376042e-8],"dvar2":[0.000769880134612,0.00193353614304,0.000274770660326,0.0000182279927685,0.0000263886231551,0.00000287482498607,0.00000773714691604,0.0000049069230954,0.00000449221761301,0.00000277010985883,9.70748942564e-7,5.12386122864e-7,3.06036895381e-7,3.39299276675e-7,1.80147893047e-7,3.59559379604e-7,1.08976330182e-7,1.26126124655e-7,0.00000255197187471,8.66256527843e-7,5.75157343974e-7,0.00000137558743063,0.00000229074817071,2.53482514978e-8,9.0502272343e-11,1.97053424245e-7,1.77166867843e-7],"max":[0.251138806343,0.230148881674,0.111312113702,0.0376214534044,0.0411686450243,0.0309096630663,0.0402822382748,0.0376318320632,0.0382532849908,0.0201681498438,0.0183418076485,0.0142002543435,0.00476962234825,0.00520075112581,0.00373531877995,0.00507502816617,0.0028797253035,0.00278867362067,0.013392672874,0.00916095729917,0.00614785915241,0.0051554935053,0.00793461501598,0.00102202454582,0.0000757705565775,0.00253892922774,0.00311089213938],"mean":[0.0154846776277,0.0180886406451,0.00495291827247,0.00152588181663,0.00184802757576,0.000828195712529,0.00122748094145,0.000640015525278,0.000717817281839,0.000468147743959,0.000303906068439,0.000260992383119,0.000162683616509,0.000176381145138,0.000149953353684,0.00019224974676,0.000135644062539,0.000162447089679,0.000592495722231,0.000402838952141,0.000380270299502,0.000583450077102,0.000472592306323,0.0000687240899424,0.00000341356235367,0.000153603235958,0.000277781276964],"median":[0.004070664756,0.00497450772673,0.00126284442376,0.000446386518888,0.000663908605929,0.000268194067758,0.000170475890627,0.0000955007271841,0.0000958889868343,0.0000764010983403,0.0000422284247179,0.0000655528419884,0.0000447090424132,0.0000442844539066,0.0000438199167547,0.0000503878363816,0.0000384751110687,0.0000262360445049,0.0000737566151656,0.0000457897695014,0.0000516563086421,0.000172184867552,0.0000613603770034,0.0000121096563817,9.88590045381e-7,0.0000230332680076,0.0000906152126845],"min":[5.35576502609e-25,1.58160202002e-24,6.39156453958e-25,1.05557576335e-24,8.53265876106e-24,8.46423927703e-24,1.05282851581e-23,4.94547077789e-24,1.28909527571e-23,1.41598765439e-23,1.77996681388e-23,2.68827451301e-23,2.64316160888e-23,2.68542230752e-23,4.1435127306e-23,5.23808121797e-23,6.00595779202e-23,9.42529936707e-23,1.18276452496e-22,1.32607215245e-22,2.78449345535e-22,3.57798251283e-22,3.9203680881e-22,5.45398184544e-22,9.09068766892e-22,1.26559572781e-21,1.88326185115e-21],"var":[0.000653590715956,0.00103916425724,0.0000953758062678,0.00000805186755315,0.0000107547730295,0.00000231953481489,0.00000966632887867,0.00000325308224092,0.0000041600997065,0.0000017463680706,6.96761730978e-7,4.61210419189e-7,1.21684081478e-7,1.47171547837e-7,8.2296594428e-8,1.40864912623e-7,5.53243069135e-8,9.93371145341e-8,0.0000019567326035,8.32410933072e-7,5.57905934784e-7,6.17325440544e-7,7.83149516792e-7,1.71144662886e-8,3.78457092054e-11,7.80118298849e-8,1.60656895787e-7]},"barkbands_crest":{"dmean":3.52653264999,"dmean2":5.66508102417,"dvar":8.70962905884,"dvar2":21.0665454865,"max":26.1817398071,"mean":11.9583482742,"median":11.2499408722,"min":2.35796833038,"var":24.2243385315},"barkbands_flatness_db":{"dmean":0.0490919314325,"dmean2":0.0732218176126,"dvar":0.00211411993951,"dvar2":0.00460728863254,"max":0.632861912251,"mean":0.170658305287,"median":0.159278288484,"min":0.0206804648042,"var":0.006500038784},"barkbands_kurtosis":{"dmean":20.7947902679,"dmean2":33.4873771667,"dvar":2590.00219727,"dvar2":6470.20849609,"max":1826.8548584,"mean":22.0923080444,"median":5.9474196434,"min":-1.91025364399,"var":2726.95556641},"barkbands_skewness":{"dmean":1.58290469646,"dmean2":2.37850689888,"dvar":3.37971591949,"dvar2":7.6667971611,"max":36.6676101685,"mean":2.75840687752,"median":2.21576333046,"min":-4.62060832977,"var":8.56889057159},"barkbands_spread":{"dmean":15.5643167496,"dmean2":23.9796104431,"dvar":288.347473145,"dvar2":616.570922852,"max":131.395217896,"mean":26.7307739258,"median":18.6916027069,"min":0.0864244028926,"var":575.536865234},"dissonance":{"dmean":0.0214702878147,"dmean2":0.034898430109,"dvar":0.000670542183798,"dvar2":0.00169162091333,"max":0.500000178814,"mean":0.467516928911,"median":0.479640066624,"min":0.178170844913,"var":0.00122052233201},"dynamic_complexity":4.59489488602,"erbbands":{"dmean":[0.71528083086,2.38907313347,5.23121738434,4.72930240631,4.51922464371,5.54281330109,5.35542011261,5.19659280777,9.18011474609,13.1733112335,10.2912130356,12.0183773041,10.8128213882,12.1411514282,8.72880268097,7.49653816223,6.50151634216,7.47517585754,7.06672334671,6.88919734955,7.76601791382,5.79179573059,7.04802465439,10.9497146606,28.171459198,15.3145160675,13.8395967484,12.9648160934,21.9176177979,24.0450172424,13.7877101898,2.28583335876,0.696017503738,0.0778699964285,0.0255591832101,0.0822491049767,0.236396506429,0.356501340866,0.0379450768232,0.00178837811109],"dmean2":[1.06258165836,4.06196641922,8.58483600616,7.97099781036,7.41617679596,9.39750289917,8.83042907715,8.23002719879,14.8366298676,21.3425292969,16.9296073914,19.4610157013,17.091091156,19.2009563446,14.2888507843,12.1873207092,10.5547180176,11.8198032379,11.1571683884,11.0784044266,12.260725975,8.97252941132,10.2297039032,15.4031686783,40.2853775024,21.1127433777,19.1432189941,17.7095069885,33.997051239,39.2455215454,23.1720275879,3.30422067642,1.00718641281,0.117740951478,0.0415248721838,0.119254097342,0.360474854708,0.579815745354,0.0534544736147,0.00244704820216],"dvar":[2.2066245079,29.7459278107,135.15045166,84.0351638794,71.591178894,182.881881714,122.657058716,125.339874268,519.546386719,1287.50561523,623.917175293,952.168945312,801.010314941,1013.02093506,404.927612305,319.789978027,246.262634277,321.827789307,269.894226074,282.595062256,300.424987793,133.046264648,169.375610352,420.298095703,4790.453125,999.064575195,719.885803223,439.256988525,650.340332031,888.125610352,473.4034729,16.513835907,1.69652569294,0.012719434686,0.00168745405972,0.0207807570696,0.144998148084,0.203825846314,0.00293179438449,0.0000101322166302],"dvar2":[5.04635000229,80.4515762329,342.803161621,221.560791016,174.955062866,494.183807373,311.561553955,289.047149658,1262.1192627,3060.90039062,1524.44396973,2186.42602539,1851.31945801,2376.43676758,1043.63110352,813.249572754,625.620910645,799.776489258,671.599914551,757.435791016,787.885803223,318.251342773,353.887420654,795.107727051,10212.5244141,1715.47033691,1415.56652832,777.254211426,1528.5814209,2155.05639648,1144.85266113,32.0458679199,3.51943516731,0.0275730770081,0.0042510451749,0.0425052158535,0.299522727728,0.494312822819,0.00525704445317,0.0000191392009583],"max":[15.0174980164,54.5403747559,120.958557129,101.672363281,206.396118164,165.917236328,182.13961792,346.057220459,585.40435791,1026.4387207,669.951416016,800.614196777,717.235717773,636.901123047,386.025939941,588.510131836,238.981658936,285.89642334,182.406234741,295.372467041,242.18862915,166.657897949,167.056838989,244.737075806,848.138916016,375.418273926,340.96585083,225.554962158,168.086502075,248.688140869,189.163192749,37.2586975098,11.9439153671,1.13281464577,0.53404635191,1.348341465,3.69091439247,3.79867911339,0.60454416275,0.0365184135735],"mean":[0.917522668839,2.68114042282,5.75769948959,5.45492982864,5.45069980621,6.10764074326,6.74499368668,7.48941802979,13.6450500488,20.5849914551,12.9093513489,15.5222892761,13.9618959427,15.0834465027,11.7687158585,10.5601882935,7.7978143692,8.76158332825,8.35337257385,8.98561096191,10.3284959793,7.78822040558,8.72175598145,14.1041116714,34.2806816101,19.2836380005,16.0043411255,15.3757944107,20.4608764648,20.1940689087,11.2278337479,2.43739843369,0.74878680706,0.0877020210028,0.0264722686261,0.09101600945,0.235148504376,0.304050505161,0.0437847450376,0.00258472422138],"median":[0.194023415446,0.862843036652,1.71428632736,1.85932326317,1.8996515274,2.02403211594,2.31338262558,2.17091464996,2.47518420219,2.41268777847,2.2484292984,2.27750015259,2.48617887497,2.4699511528,2.39948701859,2.6691327095,2.19271755219,2.41933345795,2.36326479912,2.75766777992,3.05022168159,2.2915263176,1.63758766651,2.19252872467,3.67906093597,2.26651287079,1.87748098373,2.48186588287,5.83576869965,4.89358329773,1.57472360134,0.427933931351,0.145994126797,0.0299456436187,0.01030336041,0.0218791924417,0.0437972955406,0.0736239552498,0.00998349860311,0.000965222599916],"min":[9.51277520622e-23,6.30892177905e-22,1.3593939905e-21,3.8047476861e-21,8.01829142365e-21,3.73275720419e-20,5.0684228645e-20,5.9858769931e-20,1.21583142336e-19,1.01129104825e-19,3.15777801505e-19,4.35068671267e-19,4.99389201723e-19,8.88304813725e-19,1.19470006064e-18,1.57553473844e-18,1.72458782514e-18,1.52990331995e-18,2.3498391745e-18,2.87030473144e-18,2.99247620599e-18,4.42229077521e-18,5.69416492585e-18,5.85791484068e-18,5.95621987981e-18,5.94765483815e-18,9.91130291503e-18,1.13782101241e-17,1.21446434196e-17,1.14836318116e-17,1.07222658245e-17,8.77932609908e-18,1.10742113228e-17,8.9047117907e-18,6.2025509575e-18,4.28660296266e-18,2.32708178149e-18,9.27323130014e-19,2.22975684799e-19,2.76241715388e-20],"var":[3.22821998596,29.2202739716,127.504653931,84.2745895386,96.4032363892,158.209228516,168.443222046,224.959838867,920.786193848,4081.44262695,947.64074707,1926.8248291,1292.88659668,1557.95080566,758.355407715,755.603759766,277.25213623,334.377075195,284.628356934,309.239624023,338.615447998,177.782241821,266.46295166,783.71307373,7336.41455078,1840.87329102,1133.21484375,800.351867676,748.24609375,876.255065918,439.294952393,21.4532909393,2.07286596298,0.0171192791313,0.00187081773765,0.0265246946365,0.177809238434,0.203612297773,0.0054172645323,0.0000188441445061]},"erbbands_crest":{"dmean":3.13904905319,"dmean2":5.10576152802,"dvar":8.37269687653,"dvar2":20.2052745819,"max":31.7342472076,"mean":9.1583147049,"median":8.0829706192,"min":1.88091957569,"var":20.2108802795},"erbbands_flatness_db":{"dmean":0.0291704423726,"dmean2":0.045948561281,"dvar":0.000749525497667,"dvar2":0.00181007222272,"max":0.382858216763,"mean":0.133773639798,"median":0.122601591051,"min":0.0388374328613,"var":0.0024024581071},"erbbands_kurtosis":{"dmean":2.94311594963,"dmean2":4.83647966385,"dvar":32.0197296143,"dvar2":81.8420715332,"max":205.430725098,"mean":1.87514853477,"median":0.103411197662,"min":-1.93839788437,"var":33.6120758057},"erbbands_skewness":{"dmean":0.842719435692,"dmean2":1.25532770157,"dvar":0.691967606544,"dvar2":1.50339925289,"max":11.0353155136,"mean":-0.146886572242,"median":-0.0568137690425,"min":-6.10787534714,"var":1.89983975887},"erbbands_spread":{"dmean":21.3013057709,"dmean2":33.7863426208,"dvar":406.208679199,"dvar2":980.609802246,"max":174.274932861,"mean":49.652671814,"median":44.2201309204,"min":1.69388854504,"var":877.584350586},"gfcc":{"cov":[[26428.2148438,-894.775146484,-498.751861572,1734.92871094,248.365249634,292.064208984,652.208007812,34.8218269348,518.08392334,62.4613494873,-283.12512207,191.029159546,-404.206176758],[-894.775146484,2724.75219727,247.616455078,-654.941772461,222.042785645,190.469329834,-207.11769104,107.824462891,36.4747467041,100.674591064,-43.7268409729,-164.429077148,288.109893799],[-498.751861572,247.616455078,826.404907227,424.064910889,89.4545135498,249.508804321,-6.31342744827,59.6879005432,6.81297636032,69.2815856934,-23.030424118,33.2081718445,-38.2382545471],[1734.92871094,-654.941772461,424.064910889,863.506896973,265.117858887,85.8911819458,165.621383667,39.5135040283,-7.13969182968,18.4743709564,36.5142555237,37.6558303833,-104.804222107],[248.365249634,222.042785645,89.4545135498,265.117858887,403.296783447,130.915512085,62.4630088806,78.6080322266,14.7721881866,32.0476150513,44.1706886292,-39.129776001,77.065788269],[292.064208984,190.469329834,249.508804321,85.8911819458,130.915512085,294.24118042,29.7626190186,76.0170059204,38.8387031555,52.0050888062,-13.1838903427,44.6524238586,13.3408031464],[652.208007812,-207.11769104,-6.31342744827,165.621383667,62.4630088806,29.7626190186,225.599533081,13.7170124054,73.0257644653,1.10028064251,13.1170463562,40.0044326782,-42.6323776245],[34.8218269348,107.824462891,59.6879005432,39.5135040283,78.6080322266,76.0170059204,13.7170124054,254.272155762,16.843536377,60.1847419739,59.5026016235,-48.8995475769,61.2703552246],[518.08392334,36.4747467041,6.81297636032,-7.13969182968,14.7721881866,38.8387031555,73.0257644653,16.843536377,197.281723022,56.8535003662,-30.7498893738,47.2353591919,-12.7743215561],[62.4613494873,100.674591064,69.2815856934,18.4743709564,32.0476150513,52.0050888062,1.10028064251,60.1847419739,56.8535003662,102.724510193,39.6053886414,1.837708354,48.1545944214],[-283.12512207,-43.7268409729,-23.030424118,36.5142555237,44.1706886292,-13.1838903427,13.1170463562,59.5026016235,-30.7498893738,39.6053886414,109.884361267,11.3758134842,25.2883453369],[191.029159546,-164.429077148,33.2081718445,37.6558303833,-39.129776001,44.6524238586,40.0044326782,-48.8995475769,47.2353591919,1.837708354,11.3758134842,119.877342224,-22.0892562866],[-404.206176758,288.109893799,-38.2382545471,-104.804222107,77.065788269,13.3408031464,-42.6323776245,61.2703552246,-12.7743215561,48.1545944214,25.2883453369,-22.0892562866,162.298187256]],"icov":[[0.000128644853248,-0.000335844204528,0.000944133091252,-0.00127580040134,0.000992792076431,-0.000805494317319,0.000182537041837,0.00006206031685,-0.000429722567787,0.000163017655723,0.000100964549347,0.000194043954252,-0.000137028182507],[-0.000335844204528,0.00196052482352,-0.00374591303989,0.00524058705196,-0.00430050538853,0.00278111523949,-0.000710323394742,-0.000183826181456,0.00128487485927,-0.00101950019598,0.000327679357724,-0.000144082194311,0.000214046493056],[0.000944133091252,-0.00374591303989,0.0113167269155,-0.0138024883345,0.0112524963915,-0.00986258685589,0.00294778426178,0.00116719352081,-0.00427833618596,0.00218677357771,-0.000608341943007,0.00274574616924,-0.001961449394],[-0.00127580040134,0.00524058705196,-0.0138024883345,0.0212271716446,-0.0189640782773,0.0149485534057,-0.0048207230866,-0.0038259413559,0.0107662212104,-0.010181340389,0.00675394246355,-0.0086662247777,0.00756570044905],[0.000992792076431,-0.00430050538853,0.0112524963915,-0.0189640782773,0.022809362039,-0.0178232248873,0.00347558222711,0.00640106759965,-0.0144054051489,0.0164636094123,-0.0144846420735,0.0154792964458,-0.012012434192],[-0.000805494317319,0.00278111523949,-0.00986258685589,0.0149485534057,-0.0178232248873,0.0208414755762,-0.0040839696303,-0.00805636588484,0.0141492364928,-0.0170919504017,0.0160174258053,-0.0172785669565,0.010442474857],[0.000182537041837,-0.000710323394742,0.00294778426178,-0.0048207230866,0.00347558222711,-0.0040839696303,0.00790126807988,0.00100372149609,-0.00602295715362,0.00547188147902,-0.00454386882484,0.00232452643104,-0.0013941944344],[0.00006206031685,-0.000183826181456,0.00116719352081,-0.0038259413559,0.00640106759965,-0.00805636588484,0.00100372149609,0.0103558413684,-0.00854805577546,0.0089710848406,-0.0129048144445,0.0126087823883,-0.00734555674717],[-0.000429722567787,0.00128487485927,-0.00427833618596,0.0107662212104,-0.0144054051489,0.0141492364928,-0.00602295715362,-0.00854805577546,0.0244879443198,-0.0258895754814,0.0230059418827,-0.0202038250864,0.0131898457184],[0.000163017655723,-0.00101950019598,0.00218677357771,-0.010181340389,0.0164636094123,-0.0170919504017,0.00547188147902,0.0089710848406,-0.0258895754814,0.0442945808172,-0.0315265543759,0.023469556123,-0.0192792098969],[0.000100964549347,0.000327679357724,-0.000608341943007,0.00675394246355,-0.0144846420735,0.0160174258053,-0.00454386882484,-0.0129048144445,0.0230059418827,-0.0315265543759,0.0394912287593,-0.0257388353348,0.0146357053891],[0.000194043954252,-0.000144082194311,0.00274574616924,-0.0086662247777,0.0154792964458,-0.0172785669565,0.00232452643104,0.0126087823883,-0.0202038250864,0.023469556123,-0.0257388353348,0.0330552496016,-0.0143339652568],[-0.000137028182507,0.000214046493056,-0.001961449394,0.00756570044905,-0.012012434192,0.010442474857,-0.0013941944344,-0.00734555674717,0.0131898457184,-0.0192792098969,0.0146357053891,-0.0143339652568,0.0196432061493]],"mean":[-46.112159729,59.4184570312,-74.1422271729,28.7215118408,-36.0147132874,-4.43584012985,-0.154477164149,-15.4730978012,0.0364954136312,-3.71712422371,-12.6013965607,9.19314289093,-18.6170978546]},"hfc":{"dmean":21.2950267792,"dmean2":31.6417999268,"dvar":729.459899902,"dvar2":1556.38415527,"max":258.057891846,"mean":29.4104728699,"median":17.4809303284,"min":1.08996292297e-16,"var":1157.53588867},"melbands":{"dmean":[0.00500234216452,0.00276770000346,0.000804142386187,0.000347442692146,0.000204560899874,0.000116271912702,0.000138616189361,0.000140517702675,0.0000868649949552,0.0000761860719649,0.0000555738479306,0.0000518498382007,0.0000319467580994,0.000022229485694,0.000016941152353,0.0000154466288222,0.0000135780928758,0.0000124913603941,0.0000088122615125,0.0000104086302599,0.00000898318921827,0.00000613874908595,0.00000707643721398,0.00000597048983764,0.00000714998577678,0.0000278585739579,0.0000109684160634,0.0000102192861959,0.00000983848622127,0.00000714436419003,0.00000736779520594,0.0000102968215288,0.00001633724969,0.0000148592507685,0.0000112968300527,0.00000201492844099,0.00000101833438748,5.62836419249e-7,1.80962345553e-7,3.08338314881e-8],"dmean2":[0.00761258555576,0.00449500558898,0.00133843673393,0.000574378762394,0.000338915066095,0.000184284115676,0.000223726659897,0.000230005636695,0.000141856828122,0.00012382910063,0.0000880070147105,0.0000819594206405,0.0000521322799614,0.0000361323545803,0.0000277782964986,0.000025439187084,0.0000215281634155,0.0000200386421056,0.0000140784022733,0.0000168895730894,0.0000142353601404,0.00000985529095487,0.0000106888019218,0.00000892132629815,0.0000104905084299,0.0000410856409871,0.0000151929843923,0.0000144361365528,0.0000140873971759,0.00000996498329187,0.000010374024896,0.0000156185815285,0.0000266007045866,0.0000252375593845,0.0000194563854166,0.00000293496759696,0.00000144134673974,8.20962043235e-7,2.67223640549e-7,5.11936200098e-8],"dvar":[0.0000913652984309,0.0000360293815902,0.00000220272795559,4.50816770581e-7,2.15603250808e-7,5.58381003657e-8,1.09521238301e-7,1.34853223699e-7,4.86765685537e-8,3.58549421264e-8,2.21575078285e-8,1.96665812524e-8,6.09913852756e-9,2.45523734677e-9,1.85471171754e-9,1.53067092334e-9,1.03360531245e-9,9.08356667662e-10,3.87953474901e-10,8.18816014991e-10,3.39533789973e-10,1.61107419072e-10,1.71178571318e-10,1.36537697815e-10,1.6135780212e-10,4.65123406457e-9,6.77722544751e-10,4.55080917394e-10,4.17157336452e-10,1.64614058495e-10,1.49188245091e-10,1.46561845993e-10,4.37487768234e-10,4.56743254329e-10,3.33954475185e-10,1.59141155115e-11,3.19873793252e-12,1.20927540984e-12,9.77043153414e-14,2.89138402314e-15],"dvar2":[0.000218792818487,0.0000915744021768,0.00000568521909372,0.00000116364537917,5.62432944662e-7,1.29829857087e-7,2.65648253617e-7,3.28788729576e-7,1.14080954461e-7,8.47498995427e-8,5.13517832701e-8,4.58961082472e-8,1.55840940153e-8,6.26430018968e-9,4.60397187041e-9,3.98863431172e-9,2.56095833429e-9,2.32721419913e-9,9.82706249708e-10,2.24020801909e-9,8.75088557173e-10,4.02214317408e-10,3.9046613165e-10,2.87676937827e-10,3.3611641248e-10,1.026184826e-8,1.33330890772e-9,8.24609325267e-10,8.93242424471e-10,2.67431132794e-10,2.954649303e-10,3.25032750714e-10,1.07411124439e-9,1.1676339895e-9,8.3496398684e-10,3.24838593524e-11,6.15636664911e-12,2.58956636516e-12,2.04181533877e-13,7.34153016835e-15],"max":[0.0970682501793,0.0622808672488,0.0160014890134,0.0108392145485,0.00663990154862,0.00694646127522,0.00780965294689,0.00954432785511,0.00628716591746,0.00430080387741,0.00364367756993,0.00282212626189,0.00175589777064,0.00155937124509,0.00153613381553,0.000524560222402,0.00050302996533,0.000344021304045,0.000321704574162,0.000445630430477,0.000243639806286,0.000191979735973,0.00018646310491,0.000130613727379,0.000170002531377,0.000870816875249,0.000395715323975,0.000257022446021,0.000266054092208,0.000133439942147,0.000134194619022,0.0000926362699829,0.000155459274538,0.00017322813801,0.000150226260303,0.0000364736333722,0.0000154039935296,0.0000105738217826,0.00000292591221296,6.93898925874e-7],"mean":[0.00741322292015,0.00318798841909,0.000985716236755,0.000413262023358,0.000250005163252,0.00017070407921,0.000216228931095,0.000209857185837,0.000106075603981,0.0000970711625996,0.0000700242380844,0.0000628164561931,0.0000414021706092,0.0000293226948997,0.0000228826320381,0.0000166139234352,0.0000158659313456,0.0000139484245665,0.0000109886314021,0.0000131847564262,0.0000115844268294,0.00000771988379711,0.00000848306081025,0.00000723480479792,0.00000876101876202,0.000033465159504,0.0000135360924105,0.0000125415108414,0.0000107011801447,0.00000899239057617,0.00000846995044412,0.0000101703881228,0.0000137081196954,0.0000115276052384,0.00000864461526362,0.0000020908598799,0.00000110557664357,5.9050978507e-7,1.97918637923e-7,2.90114918755e-8],"median":[0.00201339903288,0.00111500755884,0.000366298656445,0.000148237188114,0.0000876226986293,0.0000488467776449,0.0000370781854144,0.0000235800071096,0.000017627100533,0.0000135906429932,0.0000119347860164,0.00000980338336376,0.00000667164249535,0.00000792468017607,0.00000514905696036,0.0000044029802666,0.00000420080323238,0.00000353192763214,0.00000334585092787,0.00000348790376847,0.00000333671459884,0.00000200675549422,0.00000167836583387,0.00000113611486086,0.00000142749013321,0.00000342416910826,0.0000017172326352,0.00000135059121931,0.00000107557332285,0.00000112814791464,0.00000132489731186,0.00000279453934127,0.00000381429799745,0.00000203934587262,9.76225692284e-7,3.23138579006e-7,1.83548792165e-7,1.08931786258e-7,4.59237092798e-8,7.74426833772e-9],"min":[1.0585800415e-24,1.41342545389e-24,9.39869590079e-25,1.26580571548e-24,1.5956653392e-24,1.46870557208e-24,1.90325670146e-24,8.74103735525e-25,2.97642603516e-24,2.26772996398e-24,1.93736882194e-24,3.61589226493e-24,3.01818892312e-24,3.04850642543e-24,2.18247244115e-24,2.0146842904e-24,2.98262470693e-24,3.20501879561e-24,2.90369818729e-24,3.07766923259e-24,3.39578942275e-24,4.21403184682e-24,3.96160148474e-24,4.42568638313e-24,3.84268898632e-24,3.46815755004e-24,4.34729017523e-24,3.39050484355e-24,5.25555306707e-24,5.1513433582e-24,4.97816472367e-24,5.94283629783e-24,5.1274775548e-24,5.47099965775e-24,5.57868863765e-24,6.38153723001e-24,4.33929980312e-24,6.79614713901e-24,5.65492573325e-24,6.16528481791e-24],"var":[0.000158449649462,0.0000362775572285,0.00000245426167567,5.04715728766e-7,2.48183340545e-7,1.05313624488e-7,2.32565270153e-7,3.99257771733e-7,8.17574843381e-8,6.99854680875e-8,3.51418805167e-8,2.94733197848e-8,1.15973710635e-8,3.65332142316e-9,4.99443242319e-9,1.39967815116e-9,1.09431785855e-9,8.91217766252e-10,4.3980999398e-10,8.14789624659e-10,4.05795785863e-10,1.95128024849e-10,2.48434550709e-10,2.03775718521e-10,2.71372674332e-10,6.96256208244e-9,1.07986453113e-9,7.90342624679e-10,5.71503122604e-10,3.10997866348e-10,2.43657150012e-10,1.95760532784e-10,4.00470850925e-10,3.8752959175e-10,2.8278793196e-10,1.90836305092e-11,4.29928618748e-12,1.40504979613e-12,1.23537329455e-13,3.01701658516e-15]},"melbands_crest":{"dmean":4.84202289581,"dmean2":7.44061088562,"dvar":18.3060970306,"dvar2":37.3600883484,"max":39.4520797729,"mean":19.5143451691,"median":18.4223213196,"min":1.16202700138,"var":78.2510147095},"melbands_flatness_db":{"dmean":0.0563334524632,"dmean2":0.0816953256726,"dvar":0.00283478759229,"dvar2":0.00574421929196,"max":0.783409655094,"mean":0.251699596643,"median":0.25017490983,"min":0.0000421071417804,"var":0.011246942915},"melbands_kurtosis":{"dmean":57.0506782532,"dmean2":91.8031158447,"dvar":29883.2128906,"dvar2":73461.6328125,"max":4793.27001953,"mean":63.7128334045,"median":16.7000751495,"min":-1.95675063133,"var":30159.2460938},"melbands_skewness":{"dmean":2.28452181816,"dmean2":3.46230959892,"dvar":9.4912109375,"dvar2":21.5132427216,"max":48.402545929,"mean":4.77792358398,"median":3.56143665314,"min":-4.82556581497,"var":22.6241207123},"melbands_spread":{"dmean":16.7036457062,"dmean2":25.9267215729,"dvar":611.547668457,"dvar2":1426.52978516,"max":256.687164307,"mean":28.6351165771,"median":13.7092494965,"min":0.0573216490448,"var":1384.22338867},"mfcc":{"cov":[[15897.0800781,60.3494911194,-790.445739746,1487.42712402,-149.086502075,853.844848633,-148.428314209,724.537109375,-16.4544086456,789.251159668,-59.7533416748,186.277526855,-12.8416128159],[60.3494911194,2535.76879883,176.676651001,-527.891906738,296.894439697,-7.75234985352,28.26720047,-201.795089722,378.323242188,-141.804931641,113.065101624,-26.2704868317,96.7545547485],[-790.445739746,176.676651001,743.266357422,106.040061951,118.075294495,103.96269989,23.0870800018,25.5602989197,12.5551624298,-18.291267395,75.3302688599,-46.362663269,26.2796096802],[1487.42712402,-527.891906738,106.040061951,753.453735352,127.007522583,215.683700562,128.241424561,149.449645996,-62.3689231873,147.308166504,-9.05671405792,73.8416442871,-51.6481819153],[-149.086502075,296.894439697,118.075294495,127.007522583,393.555389404,75.821395874,154.45262146,-10.0907268524,100.857078552,0.760288536549,33.4179191589,50.3691101074,8.04486274719],[853.844848633,-7.75234985352,103.96269989,215.683700562,75.821395874,357.590637207,-1.67011618614,130.979248047,15.2764673233,26.9579124451,35.724029541,5.24433994293,41.5288047791],[-148.428314209,28.26720047,23.0870800018,128.241424561,154.45262146,-1.67011618614,263.385223389,21.1048183441,36.4490737915,9.11775970459,9.1429233551,52.2553596497,-10.9844398499],[724.537109375,-201.795089722,25.5602989197,149.449645996,-10.0907268524,130.979248047,21.1048183441,212.631500244,-13.2276935577,75.2365570068,41.2873306274,3.27582931519,19.2421646118],[-16.4544086456,378.323242188,12.5551624298,-62.3689231873,100.857078552,15.2764673233,36.4490737915,-13.2276935577,202.121963501,16.4070987701,39.1964797974,35.9659500122,37.8437805176],[789.251159668,-141.804931641,-18.291267395,147.308166504,0.760288536549,26.9579124451,9.11775970459,75.2365570068,16.4070987701,185.254241943,28.6826477051,12.1231966019,-5.65758275986],[-59.7533416748,113.065101624,75.3302688599,-9.05671405792,33.4179191589,35.724029541,9.1429233551,41.2873306274,39.1964797974,28.6826477051,129.873275757,-0.742139279842,30.1660861969],[186.277526855,-26.2704868317,-46.362663269,73.8416442871,50.3691101074,5.24433994293,52.2553596497,3.27582931519,35.9659500122,12.1231966019,-0.742139279842,143.904937744,26.375541687],[-12.8416128159,96.7545547485,26.2796096802,-51.6481819153,8.04486274719,41.5288047791,-10.9844398499,19.2421646118,37.8437805176,-5.65758275986,30.1660861969,26.375541687,103.659080505]],"icov":[[0.000148522900417,-0.000174196087755,0.000203441493795,-0.000282116205199,0.000131448134198,-0.000163467222592,0.000176090266905,-0.000288796029054,0.000145391764818,-0.000429794978118,0.000222505666898,-0.000110757478978,0.0000033012536278],[-0.000174196087755,0.000955346215051,-0.000334669952281,0.000757276313379,-0.000498611771036,-0.0000727041551727,-0.000230949706747,0.000834953912999,-0.00121303158812,0.000688362168148,-0.000543944654055,0.000392266869312,-0.0000238677475863],[0.000203441493795,-0.000334669952281,0.00194425240625,-0.000844829657581,-0.000194621432456,-0.000298856379231,0.000336255063303,-0.000296767742839,0.000392115412978,-0.000119467702461,-0.000567268871237,0.000702475139406,-0.000514038722031],[-0.000282116205199,0.000757276313379,-0.000844829657581,0.00371764996089,-0.000892144220416,-0.00139354495332,-0.00120523991063,0.000325507309753,0.00047816435108,-0.00106617424171,0.00022487177921,-0.00123803562019,0.00178092275746],[0.000131448134198,-0.000498611771036,-0.000194621432456,-0.000892144220416,0.0046173427254,-0.000935979071073,-0.00190567190293,0.000719800649676,-0.00107620132621,-0.000158489419846,-0.000205463715247,-0.000555972976144,0.000353098206688],[-0.000163467222592,-0.0000727041551727,-0.000298856379231,-0.00139354495332,-0.000935979071073,0.00531405955553,0.00114631478209,-0.00239014974795,-0.00047942288802,0.00183185434435,-0.000282511289697,0.000908085086849,-0.00193596479949],[0.000176090266905,-0.000230949706747,0.000336255063303,-0.00120523991063,-0.00190567190293,0.00114631478209,0.00598913570866,-0.00159354403149,-0.000215186591959,0.000347370281816,0.000124302721815,-0.0011265227804,0.000518715824001],[-0.000288796029054,0.000834953912999,-0.000296767742839,0.000325507309753,0.000719800649676,-0.00239014974795,-0.00159354403149,0.00895076338202,-0.000158763592481,-0.00133974279743,-0.00233432161622,0.000806150317658,-0.00104734743945],[0.000145391764818,-0.00121303158812,0.000392115412978,0.00047816435108,-0.00107620132621,-0.00047942288802,-0.000215186591959,-0.000158763592481,0.00878109689802,-0.00236076209694,-0.000466684781713,-0.00183837546501,-0.00115972291678],[-0.000429794978118,0.000688362168148,-0.000119467702461,-0.00106617424171,-0.000158489419846,0.00183185434435,0.000347370281816,-0.00133974279743,-0.00236076209694,0.0093621686101,-0.00225660041906,0.000839797488879,0.000183078940609],[0.000222505666898,-0.000543944654055,-0.000567268871237,0.00022487177921,-0.000205463715247,-0.000282511289697,0.000124302721815,-0.00233432161622,-0.000466684781713,-0.00225660041906,0.0105101512745,0.0000704049234628,-0.00166253186762],[-0.000110757478978,0.000392266869312,0.000702475139406,-0.00123803562019,-0.000555972976144,0.000908085086849,-0.0011265227804,0.000806150317658,-0.00183837546501,0.000839797488879,0.0000704049234628,0.00961085781455,-0.0035134148784],[0.0000033012536278,-0.0000238677475863,-0.000514038722031,0.00178092275746,0.000353098206688,-0.00193596479949,0.000518715824001,-0.00104734743945,-0.00115972291678,0.000183078940609,-0.00166253186762,-0.0035134148784,0.0134961158037]],"mean":[-701.899902344,107.349189758,16.6022205353,42.0340080261,-9.93169403076,28.2574329376,-7.3588142395,16.8914222717,-2.61977362633,8.25300598145,1.08322250843,0.891465842724,4.70747184753]},"pitch_salience":{"dmean":0.1091055125,"dmean2":0.169652625918,"dvar":0.00934931077063,"dvar2":0.021325269714,"max":0.993574678898,"mean":0.48743724823,"median":0.510519146919,"min":0.0239168927073,"var":0.0321988649666},"silence_rate_20dB":{"dmean":0,"dmean2":0,"dvar":0,"dvar2":0,"max":1,"mean":1,"median":1,"min":1,"var":0},"silence_rate_30dB":{"dmean":0.0918406620622,"dmean2":0.183695480227,"dvar":0.0833993256092,"dvar2":0.167500510812,"max":1,"mean":0.847688734531,"median":1,"min":0,"var":0.129111006856},"silence_rate_60dB":{"dmean":0.0508513748646,"dmean2":0.10171058774,"dvar":0.0482666492462,"dvar2":0.114475749433,"max":1,"mean":0.153852075338,"median":0,"min":0,"var":0.130188912153},"spectral_centroid":{"dmean":650.023498535,"dmean2":984.671264648,"dvar":523004.5,"dvar2":1014251.8125,"max":11764.46875,"mean":1843.68164062,"median":1467.27929688,"min":65.0784988403,"var":2074462.625},"spectral_complexity":{"dmean":6.43963336945,"dmean2":9.10325145721,"dvar":69.8974151611,"dvar2":115.48374176,"max":66,"mean":14.1975345612,"median":10,"min":0,"var":182.548629761},"spectral_contrast_coeffs":{"dmean":[0.0616247616708,0.0507730171084,0.0419894121587,0.0338423252106,0.034466393292,0.0579908005893],"dmean2":[0.0972911119461,0.0827786773443,0.0680511295795,0.0546271242201,0.0523170009255,0.0853640139103],"dvar":[0.00285774003714,0.00174426881131,0.00120962038636,0.000776502594817,0.000920322316233,0.00232677953318],"dvar2":[0.00670846039429,0.00459035299718,0.00302283815108,0.00197600573301,0.0020106267184,0.00527216400951],"max":[-0.306712448597,-0.416319012642,-0.529929816723,-0.633785545826,-0.656071305275,-0.487588435411],"mean":[-0.707043766975,-0.794935047626,-0.824040055275,-0.840287208557,-0.821445643902,-0.693705916405],"median":[-0.707959294319,-0.806136190891,-0.831507921219,-0.840023577213,-0.815023183823,-0.679914236069],"min":[-0.984893143177,-0.995658397675,-0.992603182793,-0.988375425339,-0.984676003456,-0.963862657547],"var":[0.00869866274297,0.00672963261604,0.00485041178763,0.00276571931317,0.00297428388149,0.00732979271561]},"spectral_contrast_valleys":{"dmean":[0.509202957153,0.587866127491,0.586172282696,0.559419810772,0.637089252472,0.688531041145],"dmean2":[0.790772676468,0.924629569054,0.896371662617,0.822251856327,0.890348672867,1.01012825966],"dvar":[0.246453374624,0.31006744504,0.312504291534,0.323897510767,0.391296714544,0.389893382788],"dvar2":[0.501844584942,0.746601641178,0.687129795551,0.678846001625,0.807254195213,0.881476044655],"max":[-4.58189487457,-4.74348306656,-5.17790412903,-5.6029791832,-5.43286752701,-8.57177639008],"mean":[-7.46996927261,-7.263194561,-7.88116312027,-8.31599903107,-8.08262634277,-10.9514083862],"median":[-6.78688621521,-6.89903640747,-7.52377605438,-7.88959169388,-7.70574188232,-10.5721492767],"min":[-27.9678134918,-28.1434421539,-27.8582897186,-27.8649215698,-27.4757423401,-27.3894004822],"var":[5.46740913391,4.17055368423,4.22082567215,4.32739639282,4.84493637085,3.80817699432]},"spectral_decrease":{"dmean":6.5845124908e-9,"dmean2":1.02844541772e-8,"dvar":8.95353860789e-17,"dvar2":2.41626550828e-16,"max":1.59289512914e-28,"mean":-1.26391448418e-8,"median":-7.87971998761e-9,"min":-8.8648235419e-8,"var":2.01390685888e-16},"spectral_energy":{"dmean":0.0259333513677,"dmean2":0.0403801463544,"dvar":0.00129626772832,"dvar2":0.00352308154106,"max":0.33743429184,"mean":0.0503707490861,"median":0.0330577269197,"min":1.0102423868e-20,"var":0.00296291802078},"spectral_energyband_high":{"dmean":0.00210498063825,"dmean2":0.00317015778273,"dvar":0.00000683455436956,"dvar2":0.0000145565363709,"max":0.0220230203122,"mean":0.00215618684888,"median":0.000529585639015,"min":7.02618602192e-21,"var":0.00000976603405434},"spectral_energyband_low":{"dmean":0.0204900093377,"dmean2":0.0317920297384,"dvar":0.00116553460248,"dvar2":0.00311410636641,"max":0.315727949142,"mean":0.0337397940457,"median":0.014587758109,"min":2.18716450692e-23,"var":0.00223138509318},"spectral_energyband_middle_high":{"dmean":0.00177833531052,"dmean2":0.00252621783875,"dvar":0.00000929398174776,"dvar2":0.0000201528437174,"max":0.0384557135403,"mean":0.00274390121922,"median":0.00113445264287,"min":1.16098110925e-21,"var":0.0000170185448951},"spectral_energyband_middle_low":{"dmean":0.00396591890603,"dmean2":0.00638519832864,"dvar":0.0000326575718645,"dvar2":0.0000799875197117,"max":0.0740992799401,"mean":0.00689098192379,"median":0.00365560618229,"min":1.33949301148e-22,"var":0.0000717085931683},"spectral_entropy":{"dmean":0.28337597847,"dmean2":0.442258507013,"dvar":0.101890861988,"dvar2":0.228867590427,"max":9.82223320007,"mean":7.66230249405,"median":7.83302259445,"min":4.18737363815,"var":0.308859318495},"spectral_flux":{"dmean":0.0432802662253,"dmean2":0.0689675286412,"dvar":0.00219190167263,"dvar2":0.00522989686579,"max":0.456244528294,"mean":0.120966278017,"median":0.108880609274,"min":6.35659372361e-11,"var":0.00645618978888},"spectral_kurtosis":{"dmean":2.91476559639,"dmean2":4.52897977829,"dvar":21.6861572266,"dvar2":56.6401023865,"max":131.505462646,"mean":6.3825097084,"median":4.95282888412,"min":-1.27990281582,"var":32.5142631531},"spectral_rms":{"dmean":0.00165634939913,"dmean2":0.00243234308437,"dvar":0.00000313066720992,"dvar2":0.00000771867780713,"max":0.0181439854205,"mean":0.00589508749545,"median":0.0056790355593,"min":3.13943033896e-12,"var":0.0000143899005707},"spectral_rolloff":{"dmean":1250.48400879,"dmean2":2129.83398438,"dvar":4716195.5,"dvar2":10069671,"max":21597.8027344,"mean":2039.06750488,"median":495.263671875,"min":21.533203125,"var":10707266},"spectral_skewness":{"dmean":0.442958891392,"dmean2":0.658343076706,"dvar":0.21656358242,"dvar2":0.478338271379,"max":9.07045936584,"mean":1.55118787289,"median":1.36299276352,"min":-0.0862863734365,"var":0.596758186817},"spectral_spread":{"dmean":924565.5,"dmean2":1399445.25,"dvar":883784024064,"dvar2":2022545162240,"max":43179600,"mean":5205444,"median":4932338,"min":568918.125,"var":10510896463900},"spectral_strongpeak":{"dmean":0.473057180643,"dmean2":0.822598397732,"dvar":1.08808207512,"dvar2":2.83302259445,"max":13.3543977737,"mean":0.476947069168,"median":0.192341476679,"min":0,"var":1.00724840164},"zerocrossingrate":{"dmean":0.0221500005573,"dmean2":0.0256119277328,"dvar":0.000419596704887,"dvar2":0.00054924399592,"max":0.52197265625,"mean":0.0716255903244,"median":0.0556640625,"min":0.00048828125,"var":0.0040535335429}},"metadata":{"audio_properties":{"analysis_sample_rate":44100,"bit_rate":201251,"codec":"mp3","downmix":"mix","equal_loudness":0,"length":301.349639893,"lossless":false,"md5_encoded":"7e476bf07df91a97e56cc322b3049dbf","replay_gain":-7.90295410156,"sample_rate":44100},"tags":{"album":["Healing Is Difficult"],"albumartist":["Sia"],"albumartistsort":["Sia"],"artist":["Sia"],"artistsort":["Sia"],"asin":["B000066SE7"],"date":["2001"],"file_name":"12 - Little Man (Exemen Works).mp3","genre":["Lo-Fi"],"language":["eng"],"musicbrainz album release country":["GB"],"musicbrainz album status":["official"],"musicbrainz album type":["album"],"musicbrainz_albumartistid":["2f548675-008d-4332-876c-108b0c7ab9c5"],"musicbrainz_albumid":["36e312ba-3351-4dd7-98b3-9af83956aad8"],"musicbrainz_artistid":["2f548675-008d-4332-876c-108b0c7ab9c5"],"musicbrainz_recordingid":["bbf0ed39-f81c-4c66-810b-87fa28c7b53e"],"originaldate":["2001"],"script":["Latn"],"title":["Little Man (Exemen Works)"],"tracknumber":["12/13"]},"version":{"essentia":"2.1-beta1","essentia_build_sha":"ca57ba49d9b1854bd80e60cf9ccf267278fb7d6b","essentia_git_sha":"v2.1_beta1-28-g21ef5f4-dirty","extractor":"music 1.0"}},"rhythm":{"beats_count":649,"beats_loudness":{"dmean":0.0449047088623,"dmean2":0.0747683346272,"dvar":0.00199519167654,"dvar2":0.005551061593,"max":0.391644835472,"mean":0.0693581923842,"median":0.0625216215849,"min":0,"var":0.00250980141573},"beats_loudness_band_ratio":{"dmean":[0.342174917459,0.0605435371399,0.0554460696876,0.050484020263,0.0583931058645,0.208061993122],"dmean2":[0.637326955795,0.106123700738,0.0970427021384,0.0940151512623,0.109949104488,0.39188799262],"dvar":[0.0859374627471,0.00613969098777,0.00772416684777,0.00421326747164,0.00422129640356,0.0394475050271],"dvar2":[0.211659118533,0.0156018361449,0.0207262076437,0.0118121625856,0.0105585344136,0.102530092001],"max":[0.996920049191,0.637214779854,0.848089933395,0.60033595562,0.440740168095,0.97750300169],"mean":[0.624961495399,0.0626415908337,0.0535842254758,0.0397202670574,0.0449352376163,0.186782643199],"median":[0.7