{"lowlevel":{"average_loudness":0.516365885735,"barkbands":{"dmean":[0.0000704741614754,0.00247013196349,0.00183568079956,0.000710916181561,0.00102899456397,0.00141221634112,0.000761292409152,0.000273992947768,0.0003305269056,0.000183210533578,0.000206515964237,0.000207676130231,0.000168579936144,0.000102458441688,0.0000399263844884,0.0000291658561764,0.0000383558981412,0.0000215099480556,0.0000430826221418,0.0000260660472122,0.0000286773902189,0.0000100619699879,0.00000841952351038,0.0000160080217029,0.000010672208191,0.00000169549070961,4.84884253638e-7],"dmean2":[0.000119355121569,0.00376505521126,0.00295426370576,0.00113269069698,0.00148863077629,0.00196045008488,0.000985572696663,0.000370881229173,0.000398860749556,0.000256110623013,0.000276991457213,0.000294001598377,0.000244648428634,0.000155132889631,0.0000624564854661,0.0000444009201601,0.0000600378916715,0.000032834468584,0.0000635403848719,0.0000375007257389,0.0000405172286264,0.0000143048164318,0.0000119635396914,0.0000212170798477,0.0000145257781696,0.00000222438234232,6.96941299339e-7],"dvar":[1.18589674969e-7,0.0000600988896622,0.0000255675713561,0.00000298243594443,0.00000676479885442,0.0000165693018062,0.00000929086581891,0.00000170591522419,0.00000122073072362,7.59739407385e-7,7.28650661586e-7,0.00000103098602722,5.68591758565e-7,2.23564697421e-7,1.55753347997e-8,1.08624380601e-8,2.3206380817e-8,6.89718859803e-9,5.97910272404e-8,2.30364864962e-8,4.17153032117e-8,5.66263347324e-9,7.0282295539e-9,3.16450616822e-8,8.49561576644e-9,1.62873131648e-10,1.30984745619e-11],"dvar2":[2.8953581932e-7,0.000147501486936,0.0000623002779321,0.00000764263040764,0.0000138758596222,0.000028569238566,0.0000144487048601,0.00000336374000653,0.00000197263602786,0.00000123863742374,0.00000127066334699,0.00000184088014521,0.00000103383592887,5.15828958214e-7,3.74638631229e-8,2.35365860135e-8,5.46561018666e-8,1.5325703373e-8,1.2665358895e-7,4.51805099999e-8,8.80262831515e-8,1.0652041027e-8,1.20114282964e-8,4.66742733352e-8,1.63254227914e-8,2.96388219523e-10,2.63523369792e-11],"max":[0.0209931209683,0.138257861137,0.0998260527849,0.0429330393672,0.133066177368,0.129240229726,0.124686509371,0.0591865256429,0.0400242358446,0.0502087026834,0.0447578206658,0.0712478458881,0.0342164598405,0.0244587641209,0.00447305990383,0.00601228885353,0.00654712785035,0.0053846067749,0.0102868713439,0.00547646125779,0.0132910199463,0.00314315152355,0.00509854173288,0.0105511900038,0.00423895521089,0.000782381510362,0.000242479363806],"mean":[0.0000999636031338,0.00757348630577,0.00357227842323,0.00145068624988,0.00273170112632,0.00324627780356,0.00178518588655,0.00061680941144,0.00101026438642,0.000490398029797,0.000539390952326,0.000399767392082,0.000341188686434,0.000176267654751,0.0000840261709527,0.000058253401221,0.0000782758215792,0.0000440241929027,0.0000812698126538,0.0000459325237898,0.0000516380132467,0.0000170387284015,0.0000142114913615,0.0000255491504504,0.0000166491900018,0.00000295674271911,7.01160388417e-7],"median":[0.0000145450248965,0.000942847749684,0.00104122632183,0.00036291955621,0.000905651191715,0.00068598065991,0.000253973877989,0.000115151269711,0.000208838959225,0.0000456314592157,0.0000869529394549,0.0000679686054355,0.0000346692140738,0.0000327300367644,0.0000137076558531,0.0000132210589072,0.00000987443490885,0.000007363964869,0.00000430671570939,0.0000032825166727,0.00000222653397941,0.00000121458219837,8.0866539065e-7,5.94402706611e-7,3.44179454714e-7,1.24986399896e-7,8.98488039525e-9],"min":[1.49194485976e-13,1.90562219867e-13,8.75519410659e-14,5.50966471882e-14,4.74782837828e-14,1.53035915917e-14,2.05199237187e-14,8.11366930944e-15,8.23545147143e-15,8.60347881669e-15,2.31075606681e-15,4.14779752293e-15,5.27345348785e-15,3.96000311874e-15,8.59021173963e-15,3.65604280452e-15,8.25692460368e-15,2.32588576932e-15,4.16693750292e-15,4.66826708176e-15,1.01990203799e-14,9.45691956819e-15,1.07516975195e-14,1.30769156151e-14,2.36771136687e-14,4.05404300353e-14,1.46151916524e-13],"var":[1.80066265898e-7,0.000188912905287,0.0000560746266274,0.00000816188367025,0.00002632392534,0.0000611103605479,0.0000398055271944,0.00000445984460384,0.00000837112020236,0.00000608829577686,0.00000421681943408,0.00000312476095132,0.00000208105802812,3.65221922038e-7,4.98896923773e-8,2.67114472763e-8,6.05895280614e-8,1.57004897972e-8,1.90080370999e-7,5.29373913594e-8,1.06537846989e-7,1.42220537569e-8,1.81112405073e-8,8.05768110013e-8,1.89359692371e-8,4.06905065198e-10,2.93554243413e-11]},"barkbands_crest":{"dmean":1.83723628521,"dmean2":2.87266850471,"dvar":4.03043746948,"dvar2":9.90065479279,"max":26.4237766266,"mean":12.8688869476,"median":11.9229412079,"min":3.11123347282,"var":24.8449020386},"barkbands_flatness_db":{"dmean":0.0173720568419,"dmean2":0.0255976971239,"dvar":0.000406268954976,"dvar2":0.000839384680148,"max":0.567889750004,"mean":0.249666139483,"median":0.239039719105,"min":0.0352856181562,"var":0.00671970844269},"barkbands_kurtosis":{"dmean":4.97162914276,"dmean2":7.34793519974,"dvar":403.110168457,"dvar2":844.920410156,"max":1845.06994629,"mean":15.026345253,"median":4.89066648483,"min":-1.91274666786,"var":4790.68603516},"barkbands_skewness":{"dmean":0.473967850208,"dmean2":0.703150629997,"dvar":0.369479119778,"dvar2":0.822554409504,"max":24.2456455231,"mean":1.91062748432,"median":1.68785881996,"min":-6.042096138,"var":3.45562291145},"barkbands_spread":{"dmean":2.02694916725,"dmean2":3.00774502754,"dvar":26.5297393799,"dvar2":55.8754615784,"max":139.854309082,"mean":8.74822044373,"median":6.39696216583,"min":0.0587933138013,"var":112.920936584},"dissonance":{"dmean":0.0303158368915,"dmean2":0.0505648776889,"dvar":0.00082997023128,"dvar2":0.0022743686568,"max":0.500000059605,"mean":0.399723380804,"median":0.411273300648,"min":0.0839602947235,"var":0.00356368394569},"dynamic_complexity":6.72965669632,"erbbands":{"dmean":[0.0377361215651,0.673759460449,2.13013839722,2.09242248535,2.65155339241,3.72624349594,7.57131433487,12.5527143478,9.80529117584,10.5991516113,6.1243853569,5.4309129715,7.46130275726,5.79682970047,7.10799884796,7.6947221756,7.47181081772,5.75128316879,2.18678569794,2.10095071793,1.63085830212,2.18935608864,1.1711589098,1.65997636318,1.98293173313,1.06841254234,1.40967869759,0.787571489811,0.402787148952,0.244137555361,0.266478091478,0.247918263078,0.324732124805,0.171710282564,0.0456381030381,0.00923986546695,0.00311445421539,0.000737933267374,0.0000910344024305,0.00000860696582095],"dmean2":[0.0571357011795,1.03176569939,3.36006546021,3.37297224998,4.13259363174,5.28206920624,10.4788064957,17.3956394196,13.03428936,13.4139070511,7.92153692245,6.67229366302,9.43344402313,7.97291469574,9.55280971527,10.7411870956,10.5456466675,8.59567832947,3.25257754326,3.1806037426,2.48663330078,3.41485953331,1.75893354416,2.49480485916,2.82423424721,1.5305763483,2.02290058136,1.11628389359,0.57772308588,0.346099823713,0.378590911627,0.321835070848,0.447636514902,0.236451432109,0.0616108067334,0.0123315379024,0.00403113476932,0.00102494366001,0.000131978784339,0.0000121760049296],"dvar":[0.0132643366233,4.45505285263,37.7475967407,23.1143245697,38.0277748108,126.759300232,596.512390137,1504.83056641,1537.89465332,2370.57421875,1168.41687012,449.673248291,635.803466797,512.458984375,1005.35028076,1657.1652832,1061.01611328,618.956176758,89.7878723145,39.98960495,26.322052002,72.8554382324,20.4559822083,94.3467788696,111.126800537,45.150302887,93.3858032227,30.54737854,10.1123714447,3.95282101631,7.62496376038,7.12848806381,13.7565488815,2.4512553215,0.13792295754,0.00419270386919,0.00127128569875,0.0000308153976221,4.50235972949e-7,5.26739873941e-10],"dvar2":[0.0309925302863,10.8749914169,85.5512771606,58.8668251038,95.2139816284,257.647033691,1036.08569336,2758.20605469,2740.20703125,3610.22631836,2332.44848633,790.100891113,1033.03112793,947.415222168,1816.28088379,3045.93652344,1865.26269531,1437.93725586,175.252075195,86.9215698242,62.7746887207,173.573287964,44.5984535217,205.33480835,221.714981079,90.2254867554,197.747436523,61.7211990356,20.0539608002,6.98653459549,12.3112401962,10.7749242783,22.0562343597,4.67030620575,0.253187894821,0.0067882174626,0.00266854069196,0.0000633181334706,8.67742414812e-7,9.5453878135e-10],"max":[2.2888109684,40.924823761,144.088150024,145.470184326,194.015396118,552.791015625,1175.80114746,1356.95837402,1521.53991699,2709.25561523,1798.13232422,878.29876709,986.853149414,1454.8885498,1757.97766113,2546.46972656,1384.73620605,1014.53210449,464.60244751,343.83392334,219.548751831,391.846984863,269.675964355,451.914031982,492.79800415,283.94821167,632.490905762,260.841156006,148.793075562,100.343894958,166.083389282,202.715866089,202.52255249,78.3353424072,18.6378688812,4.38257741928,3.24316430092,0.389662176371,0.0400895103812,0.00100958475377],"mean":[0.121175803244,2.00203800201,4.65501308441,4.54562139511,6.61686754227,9.69098949432,18.1563339233,26.7692527771,23.3723945618,24.8822288513,15.5143661499,16.1363830566,24.0373649597,16.2872867584,18.6520347595,16.0314559937,16.2347450256,11.2392959595,4.37131309509,4.80677366257,3.63692355156,4.52109193802,2.68584752083,3.32998514175,3.77839851379,1.9875844717,2.52091693878,1.41531670094,0.679318726063,0.421848207712,0.445895940065,0.409018307924,0.490838110447,0.26431542635,0.0741505473852,0.0163685213774,0.00533161824569,0.00119634682778,0.000135880429298,0.0000309932329401],"median":[0.0135039761662,0.265901774168,1.37249588966,1.76520061493,2.24394989014,2.86311244965,3.5656504631,5.8877415657,4.19873952866,4.80570888519,3.2624270916,3.64645767212,3.97795295715,3.45586681366,3.95439004898,2.89851951599,2.18782424927,1.83563542366,0.885063767433,0.927711248398,0.757044911385,0.704963386059,0.459017068148,0.323753654957,0.206275761127,0.149938106537,0.107762716711,0.0700654536486,0.044926315546,0.0336191877723,0.0214250218123,0.0143706724048,0.00867153611034,0.00467640534043,0.00191344693303,0.000680122291669,0.000205801508855,0.0000392588844988,0.0000104640203062,0.0000172523250512],"min":[7.50473207883e-12,3.63154853411e-11,9.59488391516e-11,1.58673685302e-10,1.82047529829e-10,1.46249581889e-10,1.00785546575e-10,1.41902004036e-10,2.66490468581e-10,2.83138706925e-10,1.35448999239e-10,1.71223271672e-10,3.40055039683e-10,1.29003169258e-10,1.50232840057e-10,1.60937277394e-10,2.45150677536e-10,1.61557073275e-10,5.09220277056e-10,2.66155153472e-10,2.74730349581e-10,4.26058299752e-10,1.5877532622e-10,2.1096149827e-10,1.18534626559e-10,2.47097869943e-10,3.47365219922e-10,3.97828325838e-10,4.71641781186e-10,2.96976471192e-10,2.46547698923e-10,1.90549132029e-10,2.39135822255e-10,2.7014807058e-10,1.75958372872e-10,1.38999714516e-10,7.7725992309e-11,9.64409455073e-11,2.17394591912e-11,1.2512242761e-12],"var":[0.0612502768636,13.3871898651,89.5640411377,63.5511474609,137.064956665,514.507751465,2662.04003906,4288.14892578,6253.65869141,9362.95996094,3184.90136719,2150.77880859,5644.59912109,3360.95410156,4697.59033203,5176.88671875,3769.68383789,1390.54284668,201.090408325,162.070877075,78.5648574829,183.499603271,54.7713928223,229.583053589,388.61807251,101.631217957,237.847061157,77.8925628662,23.7675170898,10.4143562317,20.1721057892,18.8006896973,32.0930786133,5.49663209915,0.318774491549,0.0118593554944,0.00250514876097,0.0000750540566514,9.96498670247e-7,2.06151384852e-9]},"erbbands_crest":{"dmean":2.01686811447,"dmean2":3.02925395966,"dvar":4.3955450058,"dvar2":10.0129489899,"max":29.8673305511,"mean":11.5084095001,"median":10.3093299866,"min":1.98031425476,"var":25.2425308228},"erbbands_flatness_db":{"dmean":0.0133466208354,"dmean2":0.0186708588153,"dvar":0.000232627353398,"dvar2":0.000431421562098,"max":0.52714663744,"mean":0.230941414833,"median":0.218446299434,"min":0.0226332433522,"var":0.00511100282893},"erbbands_kurtosis":{"dmean":1.46880698204,"dmean2":2.1172375679,"dvar":17.2551937103,"dvar2":32.0279998779,"max":329.67767334,"mean":3.81961321831,"median":0.866295218468,"min":-1.73522460461,"var":210.778717041},"erbbands_skewness":{"dmean":0.311244994402,"dmean2":0.445092648268,"dvar":0.130114391446,"dvar2":0.257740616798,"max":13.1988792419,"mean":0.699956417084,"median":0.578058600426,"min":-4.83203792572,"var":1.41442716122},"erbbands_spread":{"dmean":3.80153775215,"dmean2":5.58497428894,"dvar":36.2832260132,"dvar2":79.6260757446,"max":143.074234009,"mean":21.7254943848,"median":19.8930454254,"min":0.464191913605,"var":206.739700317},"gfcc":{"cov":[[23826.9394531,-500.942260742,-4019.52197266,1587.31091309,248.170730591,637.72467041,38.5623054504,205.89956665,-90.0514984131,307.856323242,566.102661133,102.864723206,202.198196411],[-500.942260742,1691.0201416,-107.684677124,-516.505493164,324.422851562,-90.2031402588,263.694946289,-32.0193214417,198.809906006,-171.207931519,49.7345809937,-58.7236824036,97.5067825317],[-4019.52197266,-107.684677124,1744.65197754,31.1918315887,-109.767547607,-28.3942012787,-102.275398254,-33.1262588501,-31.0093479156,-7.58899402618,-111.202758789,14.2197179794,-66.8682861328],[1587.31091309,-516.505493164,31.1918315887,755.730407715,76.2962722778,70.1011352539,-52.0931358337,-19.1521835327,-54.2274246216,54.9254608154,65.7531890869,18.3482036591,-0.397764891386],[248.170730591,324.422851562,-109.767547607,76.2962722778,456.250305176,119.835830688,133.981704712,26.6445522308,98.3466949463,-28.6766605377,36.4234733582,18.7015857697,46.485874176],[637.72467041,-90.2031402588,-28.3942012787,70.1011352539,119.835830688,238.200592041,86.1737976074,57.7755584717,39.1908493042,32.531993866,21.8612499237,37.4387626648,17.5279636383],[38.5623054504,263.694946289,-102.275398254,-52.0931358337,133.981704712,86.1737976074,278.598999023,81.8397064209,78.6813735962,-11.7285709381,39.6023178101,-2.10021615028,30.5613365173],[205.89956665,-32.0193214417,-33.1262588501,-19.1521835327,26.6445522308,57.7755584717,81.8397064209,144.608932495,67.6144256592,25.6540775299,10.1961517334,23.1310882568,14.3745422363],[-90.0514984131,198.809906006,-31.0093479156,-54.2274246216,98.3466949463,39.1908493042,78.6813735962,67.6144256592,185.646240234,24.521440506,22.3146724701,12.8901405334,32.9194984436],[307.856323242,-171.207931519,-7.58899402618,54.9254608154,-28.6766605377,32.531993866,-11.7285709381,25.6540775299,24.521440506,133.226272583,43.3553237915,9.87552547455,-14.2300395966],[566.102661133,49.7345809937,-111.202758789,65.7531890869,36.4234733582,21.8612499237,39.6023178101,10.1961517334,22.3146724701,43.3553237915,124.531761169,36.8696479797,19.1785182953],[102.864723206,-58.7236824036,14.2197179794,18.3482036591,18.7015857697,37.4387626648,-2.10021615028,23.1310882568,12.8901405334,9.87552547455,36.8696479797,100.644332886,35.7487335205],[202.198196411,97.5067825317,-66.8682861328,-0.397764891386,46.485874176,17.5279636383,30.5613365173,14.3745422363,32.9194984436,-14.2300395966,19.1785182953,35.7487335205,103.242156982]],"icov":[[0.000130305357743,-0.000212097875192,0.000310484028887,-0.00036381802056,0.000199460904696,-0.000414775422541,0.000280827254755,-0.000310026254738,0.000247185205808,-0.000203792398679,-0.0000512849001097,-0.0000328054338752,-5.66502308175e-7],[-0.000212097875192,0.00213834294118,-0.000668105320074,0.00171619362663,-0.00129596993793,0.00151432049461,-0.001326218131,0.00162338057999,-0.00167443999089,0.00207150168717,-0.00171061756555,0.00148534809705,-0.000914408359677],[0.000310484028887,-0.000668105320074,0.00140408065636,-0.00106171728112,0.00066937902011,-0.00103412522003,0.000741999829188,-0.000650589063298,0.000537698855624,-0.000707476923708,0.000764961936511,-0.000751993618906,0.000522657413967],[-0.00036381802056,0.00171619362663,-0.00106171728112,0.00333656952716,-0.00161654455587,0.00121916958597,-0.000739678682294,0.00144002377056,-0.000713972840458,0.00120294385124,-0.00194480002392,0.00137276435271,-0.000764387717936],[0.000199460904696,-0.00129596993793,0.00066937902011,-0.00161654455587,0.00418195035309,-0.00238363817334,-0.000045112294174,-0.0000858673156472,-0.000592712080106,0.0000768776008044,0.000578321283683,-0.000843102345243,0.000191766783246],[-0.000414775422541,0.00151432049461,-0.00103412522003,0.00121916958597,-0.00238363817334,0.00788463186473,-0.0027758278884,0.000399923621444,-0.000908583519049,-0.000360467412975,0.000611288181972,-0.00142282643355,-0.000163163582329],[0.000280827254755,-0.001326218131,0.000741999829188,-0.000739678682294,-0.000045112294174,-0.0027758278884,0.00715944636613,-0.00403252849355,0.000608254456893,0.000403258454753,-0.00186446052976,0.00175313523505,-0.0002850589226],[-0.000310026254738,0.00162338057999,-0.000650589063298,0.00144002377056,-0.0000858673156472,0.000399923621444,-0.00403252849355,0.0121225034818,-0.00429795915261,-0.0000414982969232,0.000959163531661,-0.00167089002207,-0.000100114775705],[0.000247185205808,-0.00167443999089,0.000537698855624,-0.000713972840458,-0.000592712080106,-0.000908583519049,0.000608254456893,-0.00429795915261,0.00962737295777,-0.0035311174579,0.000718796858564,-0.0004295273975,-0.00125894579105],[-0.000203792398679,0.00207150168717,-0.000707476923708,0.00120294385124,0.0000768776008044,-0.000360467412975,0.000403258454753,-0.0000414982969232,-0.0035311174579,0.0127673288807,-0.0059482739307,0.00244196690619,0.00104717619251],[-0.0000512849001097,-0.00171061756555,0.000764961936511,-0.00194480002392,0.000578321283683,0.000611288181972,-0.00186446052976,0.000959163531661,0.000718796858564,-0.0059482739307,0.0146251488477,-0.00641272775829,0.000712797220331],[-0.0000328054338752,0.00148534809705,-0.000751993618906,0.00137276435271,-0.000843102345243,-0.00142282643355,0.00175313523505,-0.00167089002207,-0.0004295273975,0.00244196690619,-0.00641272775829,0.0158489122987,-0.00530856708065],[-5.66502308175e-7,-0.000914408359677,0.000522657413967,-0.000764387717936,0.000191766783246,-0.000163163582329,-0.0002850589226,-0.000100114775705,-0.00125894579105,0.00104717619251,0.000712797220331,-0.00530856708065,0.0131774311885]],"mean":[-140.222015381,157.453079224,-90.2725753784,8.82535839081,-47.2156486511,2.99312567711,-28.9683628082,1.17285394669,-21.9568347931,-3.63465237617,-10.147644043,-3.3347556591,-7.29256725311]},"hfc":{"dmean":2.17028331757,"dmean2":2.8349981308,"dvar":29.3335094452,"dvar2":45.9563331604,"max":175.361419678,"mean":8.9251871109,"median":4.45150518417,"min":4.17275680675e-9,"var":189.143096924},"melbands":{"dmean":[0.000523130584043,0.00104464998003,0.000366626569303,0.000213542080019,0.00023766187951,0.00027688514092,0.000149239858729,0.000101478595752,0.0000509581986989,0.000037593246816,0.0000393215777876,0.0000243789727392,0.0000276406663033,0.0000185591979971,0.0000252544396062,0.0000166127956618,0.00000997963070404,0.00000411846895076,0.00000349632387042,0.00000211840961128,0.00000200310887521,0.00000248008495873,0.0000015737027752,0.0000010551818832,0.00000144700868532,0.0000019676717784,0.00000111103236122,6.93267338647e-7,9.27559312913e-7,8.3074627355e-7,3.58578660098e-7,2.45693826173e-7,1.78673460027e-7,1.32790603402e-7,1.72246046759e-7,1.33815646564e-7,1.65187302059e-7,2.24651287795e-7,2.40684329356e-7,1.22083065435e-7],"dmean2":[0.000791933969595,0.00163732946385,0.000590950483456,0.000317946425639,0.00033008668106,0.000383054662962,0.000196893699467,0.000128802843392,0.0000658356730128,0.0000459603907075,0.000050123224355,0.000033765045373,0.0000368401415471,0.0000263121237367,0.0000357254866685,0.0000240329118242,0.0000150107016452,0.00000613014572082,0.00000551104130864,0.00000314766089105,0.00000306532615468,0.00000392875290345,0.00000235793390857,0.00000163217828231,0.00000220026890929,0.0000028296947221,0.00000162089440892,0.00000101859575352,0.00000135449465688,0.00000120407196391,5.1851822036e-7,3.66617257441e-7,2.51459056244e-7,1.95717973384e-7,2.50778697364e-7,1.80043201681e-7,2.25951112043e-7,3.14492865527e-7,3.3852873571e-7,1.69372469827e-7],"dvar":[0.00000264569052888,0.00000883370375959,6.08710422512e-7,2.79183012708e-7,5.09972096552e-7,6.62108561755e-7,3.17665381999e-7,2.01815083756e-7,8.2536097068e-8,1.92501286023e-8,1.86613764441e-8,9.38248412297e-9,1.33388766699e-8,7.05171521176e-9,1.92451157233e-8,6.03179017844e-9,2.14825313094e-9,4.68368621664e-10,1.28660332388e-10,6.53756077051e-11,4.18276767389e-11,9.16033221499e-11,7.02521374407e-11,1.33613207304e-11,8.33274838019e-11,1.34584579592e-10,3.87646893751e-11,2.09221025921e-11,3.40133719801e-11,4.61809653018e-11,5.32248160476e-12,4.01589525523e-12,2.17781066618e-12,1.46738751792e-12,3.30885319144e-12,1.72010767175e-12,3.81808517094e-12,7.17791017596e-12,7.07155124388e-12,9.80764840001e-13],"dvar2":[0.00000651250502415,0.0000200943250093,0.00000158291743446,6.15517308233e-7,8.87206795142e-7,0.00000118136892979,5.35841024885e-7,3.11230223815e-7,1.57656970146e-7,3.41440973273e-8,3.03852871752e-8,1.67771094794e-8,2.16399342889e-8,1.43042937495e-8,3.37772583237e-8,1.17394884924e-8,5.11696596206e-9,9.16141940088e-10,3.33102184724e-10,1.32024502442e-10,9.79570938253e-11,2.31072744272e-10,1.58317442489e-10,3.23451161688e-11,1.84588760943e-10,2.71108108185e-10,7.91703022585e-11,4.23674428873e-11,7.05523625633e-11,1.05285523355e-10,1.08414978384e-11,8.84913323174e-12,3.91772204955e-12,3.11278325164e-12,5.90579885343e-12,2.49989807501e-12,6.93894290985e-12,1.16149086876e-11,1.40407841603e-11,1.84527436733e-12],"max":[0.0283728390932,0.071664609015,0.0204093959183,0.0183011181653,0.0343304947019,0.0267041176558,0.0194513406605,0.0240750834346,0.0153339300305,0.00519859511405,0.00581348408014,0.00535367568955,0.00709741888568,0.00329046882689,0.0104939546436,0.00399740831926,0.00238632760011,0.00117361778393,0.000371630623704,0.000497779110447,0.000258966349065,0.000423484132625,0.000497104949318,0.000146401172969,0.00043477100553,0.000565355760045,0.000291630160064,0.000224070172408,0.000302315951558,0.000424092373578,0.000102197765955,0.0000954617717071,0.0000670917070238,0.0000662654929329,0.000108609201561,0.000078188822954,0.000164115001098,0.000173795167939,0.000155094763613,0.0000396421019104],"mean":[0.0016479351325,0.00266731181182,0.000865789246745,0.000573580618948,0.00059765932383,0.000614956719801,0.00035992191988,0.000236819934798,0.000125735226902,0.000114743132144,0.000124253856484,0.0000671042362228,0.0000733108681743,0.0000355501833837,0.0000492477811349,0.0000344812033291,0.0000179102225957,0.00000691186551194,0.00000732956232241,0.00000452584572486,0.00000407554352932,0.00000492553817821,0.00000298922805086,0.00000219107596422,0.00000261265836343,0.00000360168496627,0.0000017921536255,0.00000116803676065,0.00000161234288498,0.00000135987340855,6.2269538148e-7,3.84235534057e-7,2.9605820373e-7,2.11313619047e-7,2.69082875093e-7,2.21190802563e-7,2.55802461879e-7,3.31492742589e-7,3.4302783547e-7,1.86211806863e-7],"median":[0.000200387978111,0.000730590487365,0.000365595915355,0.00019576822524,0.000130112690385,0.000132852597744,0.0000670266599627,0.0000450828047178,0.0000222368798859,0.0000229308971029,0.0000184927121154,0.0000114967024274,0.0000132452441903,0.00000563501316719,0.00000515801912115,0.00000333189177582,0.00000295164727504,9.99518306344e-7,0.00000112598877422,8.75827538493e-7,6.48691752758e-7,6.12080668816e-7,4.4682758471e-7,3.38000916145e-7,2.28366786814e-7,1.47527771333e-7,1.19432854717e-7,8.03412660844e-8,6.93618318337e-8,4.23769819236e-8,3.54229854338e-8,2.45169431423e-8,2.01796606092e-8,1.68843925508e-8,1.20197238829e-8,9.98753524328e-9,7.8708222162e-9,5.76429881605e-9,4.61289673126e-9,3.48906303849e-9],"min":[6.71354451524e-14,5.04462059148e-14,2.86776793989e-14,1.20894335937e-14,3.98017436135e-15,3.19917716145e-15,4.15393681773e-15,2.86622735637e-15,9.23992878534e-16,1.20707658346e-15,1.72316232328e-15,5.48777188175e-16,4.02804029907e-16,5.37005124274e-16,3.93713857606e-16,5.18919700301e-16,2.4888265857e-16,8.25663682424e-16,5.27464303975e-16,2.50998335114e-16,3.67219990505e-16,5.43997063616e-16,1.78916082766e-16,9.93656865053e-17,1.85509929858e-16,1.42017871746e-16,3.88973675945e-17,2.03794022762e-16,2.02783869798e-16,2.50353637162e-16,2.22869959123e-16,3.05450483403e-16,1.21217667472e-16,2.14680156374e-16,1.41668894171e-16,1.24701818386e-16,1.2010932486e-16,9.44077445847e-17,3.28672765155e-16,1.95866773757e-16],"var":[0.00000912294672162,0.0000232584607147,0.00000180560448371,0.00000118168918561,0.00000225087705985,0.00000210804432754,0.00000134262302254,7.82700055879e-7,2.44964269314e-7,1.18059446663e-7,1.6334909958e-7,6.90460666419e-8,7.55906484073e-8,1.69281193507e-8,5.90433941738e-8,2.24185487951e-8,3.91850596415e-9,9.30491073081e-10,4.33037994352e-10,1.93088600664e-10,1.28131436017e-10,2.29242361205e-10,1.35314939809e-10,3.50784956638e-11,1.73095968115e-10,4.79763784256e-10,7.98279289893e-11,4.46065406834e-11,8.84600864781e-11,9.80865180744e-11,1.29588475367e-11,7.76648797357e-12,5.58571288181e-12,3.01969408679e-12,7.9819970078e-12,4.62557986705e-12,8.64970681885e-12,1.61314000352e-11,1.3900787639e-11,2.25707169968e-12]},"melbands_crest":{"dmean":2.19805026054,"dmean2":3.46343779564,"dvar":5.70140647888,"dvar2":14.1840248108,"max":35.4853935242,"mean":15.8016242981,"median":15.2599220276,"min":3.99294567108,"var":28.9120330811},"melbands_flatness_db":{"dmean":0.0195811614394,"dmean2":0.0282842218876,"dvar":0.000563354056794,"dvar2":0.00110282131936,"max":0.685752809048,"mean":0.349785268307,"median":0.341318428516,"min":0.0452176965773,"var":0.0100737223402},"melbands_kurtosis":{"dmean":5.39902544022,"dmean2":8.21139144897,"dvar":113.79586792,"dvar2":269.976470947,"max":387.931030273,"mean":15.3308315277,"median":8.04413223267,"min":-1.86800909042,"var":504.223571777},"melbands_skewness":{"dmean":0.503058373928,"dmean2":0.746622920036,"dvar":0.381688028574,"dvar2":0.85376983881,"max":13.6403083801,"mean":2.38302516937,"median":2.15447330475,"min":-4.50241851807,"var":3.12289595604},"melbands_spread":{"dmean":2.44029355049,"dmean2":3.58143377304,"dvar":53.8904380798,"dvar2":96.7155609131,"max":250.896240234,"mean":10.0829391479,"median":7.03246974945,"min":0.233586698771,"var":194.156112671},"mfcc":{"cov":[[15359.4619141,1226.30297852,-2267.98730469,437.001831055,-74.9723129272,288.723724365,371.664611816,40.9133911133,-132.315322876,-81.6487808228,128.016357422,346.043151855,295.309143066],[1226.30297852,2113.59960938,-423.308410645,-264.751617432,66.0375137329,83.2760696411,127.524757385,230.846862793,117.178009033,67.2083129883,39.2165298462,36.2026596069,49.2371864319],[-2267.98730469,-423.308410645,1124.79638672,66.5528182983,46.5843849182,-27.0105228424,-78.6745681763,-61.7241287231,5.93184900284,-25.8682804108,-5.33989191055,-40.9958648682,-36.3827552795],[437.001831055,-264.751617432,66.5528182983,461.800628662,138.508758545,57.6268882751,21.0361652374,-29.0527362823,-32.6067085266,-18.327287674,-13.1768941879,5.07830095291,31.6988143921],[-74.9723129272,66.0375137329,46.5843849182,138.508758545,324.185699463,123.276954651,18.9320907593,42.0656013489,20.8237533569,-12.6786136627,-4.21291828156,-18.6925811768,23.7659378052],[288.723724365,83.2760696411,-27.0105228424,57.6268882751,123.276954651,200.91583252,86.4564208984,51.7913360596,32.089050293,19.753610611,6.60346269608,27.2726230621,23.6386051178],[371.664611816,127.524757385,-78.6745681763,21.0361652374,18.9320907593,86.4564208984,198.954528809,80.1081924438,22.6894512177,20.3041133881,11.7874326706,27.274679184,21.6655197144],[40.9133911133,230.846862793,-61.7241287231,-29.0527362823,42.0656013489,51.7913360596,80.1081924438,203.723251343,81.9683837891,50.0829582214,13.9957990646,14.7427072525,21.0018844604],[-132.315322876,117.178009033,5.93184900284,-32.6067085266,20.8237533569,32.089050293,22.6894512177,81.9683837891,137.496810913,69.4261703491,16.7442378998,6.44510746002,3.70423269272],[-81.6487808228,67.2083129883,-25.8682804108,-18.327287674,-12.6786136627,19.753610611,20.3041133881,50.0829582214,69.4261703491,146.762237549,47.3392066956,14.1921548843,5.74064540863],[128.016357422,39.2165298462,-5.33989191055,-13.1768941879,-4.21291828156,6.60346269608,11.7874326706,13.9957990646,16.7442378998,47.3392066956,111.768859863,44.284198761,3.97531795502],[346.043151855,36.2026596069,-40.9958648682,5.07830095291,-18.6925811768,27.2726230621,27.274679184,14.7427072525,6.44510746002,14.1921548843,44.284198761,110.450927734,46.9339065552],[295.309143066,49.2371864319,-36.3827552795,31.6988143921,23.7659378052,23.6386051178,21.6655197144,21.0018844604,3.70423269272,5.74064540863,3.97531795502,46.9339065552,112.280250549]],"icov":[[0.000117067836982,-0.0000498177287227,0.000214473489905,-0.000170263461769,0.000126198210637,-0.000129048698,-0.0000546367555216,0.0000858847852214,0.0000173646476469,0.0001642643183,-0.000139173687785,-0.00011991259089,-0.000127473947941],[-0.0000498177287227,0.000655766751152,0.000097306947282,0.000458401656942,-0.000293064425932,0.0000691196837579,-0.00012441589206,-0.000466738478281,-0.000157269547344,-0.0000246482723014,-0.000043826912588,0.0000604233246122,-0.000112892601464],[0.000214473489905,0.000097306947282,0.00140403560363,-0.000339887919836,0.0000418717099819,-0.000173510285094,0.00011546076712,0.000277118029771,-0.000373837538064,0.000521569803823,-0.000446342164651,-0.0000073633723332,-0.000097745549283],[-0.000170263461769,0.000458401656942,-0.000339887919836,0.00317669124343,-0.00155249366071,0.000197032757569,-0.00045841812971,0.000235395389609,0.00057434552582,-0.000571599171963,0.00056862551719,-0.000146366335684,-0.000377301737899],[0.000126198210637,-0.000293064425932,0.0000418717099819,-0.00155249366071,0.00547782797366,-0.00350159965456,0.00124364474323,-0.000777187698986,-0.00042619992746,0.00149298063479,-0.00125118799042,0.002228039084,-0.00121771567501],[-0.000129048698,0.0000691196837579,-0.000173510285094,0.000197032757569,-0.00350159965456,0.00893930345774,-0.0031555229798,0.000223576629651,-0.000815910752863,-0.00107542483602,0.00126261555124,-0.00233297259547,0.000635876203887],[-0.0000546367555216,-0.00012441589206,0.00011546076712,-0.00045841812971,0.00124364474323,-0.0031555229798,0.00755388103426,-0.00259711313993,0.000782373070251,0.000104226572148,-0.000286937691271,-0.00012267314014,-0.000175313267391],[0.0000858847852214,-0.000466738478281,0.000277118029771,0.000235395389609,-0.000777187698986,0.000223576629651,-0.00259711313993,0.00835032574832,-0.00369680044241,-0.000502126989886,0.000143628683873,-0.000148369508679,-0.000736651418265],[0.0000173646476469,-0.000157269547344,-0.000373837538064,0.00057434552582,-0.00042619992746,-0.000815910752863,0.000782373070251,-0.00369680044241,0.0121795209125,-0.00468591041863,0.000790727615822,-0.000381545891287,0.000511772697791],[0.0001642643183,-0.0000246482723014,0.000521569803823,-0.000571599171963,0.00149298063479,-0.00107542483602,0.000104226572148,-0.000502126989886,-0.00468591041863,0.0109337512404,-0.00446886196733,0.00131693191361,-0.000903326552361],[-0.000139173687785,-0.000043826912588,-0.000446342164651,0.00056862551719,-0.00125118799042,0.00126261555124,-0.000286937691271,0.000143628683873,0.000790727615822,-0.00446886196733,0.0130964452401,-0.00592278409749,0.00232208776288],[-0.00011991259089,0.0000604233246122,-0.0000073633723332,-0.000146366335684,0.002228039084,-0.00233297259547,-0.00012267314014,-0.000148369508679,-0.000381545891287,0.00131693191361,-0.00592278409749,0.0150895835832,-0.0057537839748],[-0.000127473947941,-0.000112892601464,-0.000097745549283,-0.000377301737899,-0.00121771567501,0.000635876203887,-0.000175313267391,-0.000736651418265,0.000511772697791,-0.000903326552361,0.00232208776288,-0.0057537839748,0.0120136104524]],"mean":[-779.232116699,181.558105469,16.3870010376,18.7260608673,3.43308162689,2.01270079613,3.46378850937,1.31679427624,-2.24259471893,-2.89297485352,-2.13347816467,0.0299924947321,-1.59767150879]},"pitch_salience":{"dmean":0.0549260042608,"dmean2":0.0863494127989,"dvar":0.00333968456835,"dvar2":0.00810098089278,"max":0.830218136311,"mean":0.47779417038,"median":0.484533965588,"min":0.0893953889608,"var":0.0182066801935},"silence_rate_20dB":{"dmean":0,"dmean2":0,"dvar":0,"dvar2":0,"max":1,"mean":1,"median":1,"min":1,"var":0},"silence_rate_30dB":{"dmean":0.0150197036564,"dmean2":0.030041642487,"dvar":0.0147958286107,"dvar2":0.0337542518973,"max":1,"mean":0.978959083557,"median":1,"min":0,"var":0.0206017866731},"silence_rate_60dB":{"dmean":0.0257268194109,"dmean2":0.051457464695,"dvar":0.025064015761,"dvar2":0.0538605451584,"max":1,"mean":0.231003716588,"median":0,"min":0,"var":0.177626386285},"spectral_centroid":{"dmean":84.8544311523,"dmean2":121.73525238,"dvar":41104.8710938,"dvar2":65376.2578125,"max":4893.50683594,"mean":599.504333496,"median":484.134552002,"min":114.344108582,"var":223991.984375},"spectral_complexity":{"dmean":1.29496622086,"dmean2":2.04015469551,"dvar":2.58015918732,"dvar2":5.25576353073,"max":41,"mean":9.25494384766,"median":9,"min":0,"var":32.3414955139},"spectral_contrast_coeffs":{"dmean":[0.0379908233881,0.0363555476069,0.0311860647053,0.0261609014124,0.01870357804,0.0133014339954],"dmean2":[0.0619699768722,0.0566039085388,0.0478411875665,0.0409082993865,0.0293624810874,0.0207814499736],"dvar":[0.00114786054473,0.00122623192146,0.000834474456497,0.00053598661907,0.000305717607262,0.000170286235516],"dvar2":[0.00292788026854,0.0027167154476,0.00183400034439,0.00122089346405,0.000663152721245,0.000360739446478],"max":[-0.24690066278,-0.334511935711,-0.440925270319,-0.456438064575,-0.572983145714,-0.594470322132],"mean":[-0.621338069439,-0.670933127403,-0.70026487112,-0.746907830238,-0.793393373489,-0.805759310722],"median":[-0.628309190273,-0.676221847534,-0.700365006924,-0.745231628418,-0.795190751553,-0.803342998028],"min":[-0.960365593433,-0.94115447998,-0.96871304512,-0.963320016861,-0.96474301815,-0.929332911968],"var":[0.00842108950019,0.00761498045176,0.00810511410236,0.00592365022749,0.00401515606791,0.00271886005066]},"spectral_contrast_valleys":{"dmean":[0.335709780455,0.291452139616,0.287948906422,0.250636070967,0.196728527546,0.197090789676],"dmean2":[0.549552977085,0.460487425327,0.453053593636,0.391391903162,0.29860329628,0.275174051523],"dvar":[0.0992074459791,0.0753213837743,0.0771271362901,0.0588635057211,0.044494215399,0.0650470778346],"dvar2":[0.241759195924,0.172988846898,0.169598579407,0.128895521164,0.0860234498978,0.106396444142],"max":[-5.05197429657,-4.82505464554,-5.36958456039,-6.10588121414,-6.10387659073,-7.48668622971],"mean":[-7.89936685562,-7.7010436058,-8.8582611084,-9.58644962311,-9.73430347443,-12.2813234329],"median":[-7.56960010529,-7.43963289261,-8.54969406128,-9.2331905365,-9.34551906586,-11.9965171814],"min":[-17.347284317,-18.5357551575,-19.0395030975,-18.9449176788,-19.1495170593,-20.3115882874],"var":[2.29193091393,1.87303042412,2.33234143257,2.56641459465,2.73626947403,2.22111964226]},"spectral_decrease":{"dmean":1.60972235541e-9,"dmean2":2.30105912102e-9,"dvar":1.05444021405e-17,"dvar2":2.18633348475e-17,"max":-1.40459559011e-19,"mean":-6.29123864115e-9,"median":-3.57236240589e-9,"min":-6.65784369858e-8,"var":5.33012985202e-17},"spectral_energy":{"dmean":0.00622879853472,"dmean2":0.00888995360583,"dvar":0.000155190908117,"dvar2":0.000319987477269,"max":0.25396579504,"mean":0.024554150179,"median":0.014189036563,"min":9.08608691758e-13,"var":0.000803989183623},"spectral_energyband_high":{"dmean":0.0000747836747905,"dmean2":0.0000987603343674,"dvar":2.92931218837e-7,"dvar2":4.33403187117e-7,"max":0.0235518384725,"mean":0.000151205807924,"median":0.00000916994395084,"min":2.4961285751e-13,"var":9.69548523244e-7},"spectral_energyband_low":{"dmean":0.00419177627191,"dmean2":0.00650411099195,"dvar":0.000120692362543,"dvar2":0.000281987333437,"max":0.23643244803,"mean":0.0119863981381,"median":0.00392325595021,"min":3.8329859035e-13,"var":0.000358282180969},"spectral_energyband_middle_high":{"dmean":0.00066030776361,"dmean2":0.000887692789547,"dvar":0.00000344222280546,"dvar2":0.00000584340295973,"max":0.0816696584225,"mean":0.00227846461348,"median":0.000668140826747,"min":4.9704076304e-14,"var":0.0000249439926847},"spectral_energyband_middle_low":{"dmean":0.00298715336248,"dmean2":0.00401885202155,"dvar":0.0000413668640249,"dvar2":0.0000691606182954,"max":0.183076933026,"mean":0.0109064653516,"median":0.00452384725213,"min":1.58774821632e-13,"var":0.000260362372501},"spectral_entropy":{"dmean":0.140404760838,"dmean2":0.205224722624,"dvar":0.0283907987177,"dvar2":0.0540149211884,"max":8.88456439972,"mean":6.39373970032,"median":6.48816108704,"min":3.43191289902,"var":0.534133374691},"spectral_flux":{"dmean":0.0169017389417,"dmean2":0.0268449466676,"dvar":0.000759139133152,"dvar2":0.00189763272647,"max":0.362600564957,"mean":0.0447520390153,"median":0.0308775529265,"min":0.0000298820541502,"var":0.00204448029399},"spectral_kurtosis":{"dmean":6.3940820694,"dmean2":10.9236278534,"dvar":78.2082138062,"dvar2":219.071578979,"max":251.454040527,"mean":23.633140564,"median":12.9980354309,"min":-0.361565589905,"var":918.520446777},"spectral_rms":{"dmean":0.000521431968082,"dmean2":0.000726369617041,"dvar":6.81070218889e-7,"dvar2":0.00000131554691052,"max":0.0157407596707,"mean":0.00407053064555,"median":0.00372061319649,"min":2.97732682952e-8,"var":0.00000738594962968},"spectral_rolloff":{"dmean":163.53024292,"dmean2":271.481201172,"dvar":542908.625,"dvar2":1255391,"max":17205.0292969,"mean":685.582275391,"median":473.73046875,"min":21.533203125,"var":1345287.75},"spectral_skewness":{"dmean":0.452428460121,"dmean2":0.75629901886,"dvar":0.227005422115,"dvar2":0.621697425842,"max":13.3377532959,"mean":3.36411857605,"median":2.80489015579,"min":0.128354787827,"var":3.80267548561},"spectral_spread":{"dmean":340179.3125,"dmean2":528756.25,"dvar":193512996864,"dvar2":379317911552,"max":20057978,"mean":2913777.75,"median":2650019.5,"min":336590.9375,"var":2494190059520},"spectral_strongpeak":{"dmean":0.262858569622,"dmean2":0.423324644566,"dvar":0.312119215727,"dvar2":0.719776570797,"max":13.5472240448,"mean":0.764444828033,"median":0.437950253487,"min":0,"var":1.02539777756},"zerocrossingrate":{"dmean":0.00450925854966,"dmean2":0.00531503278762,"dvar":0.000120946548122,"dvar2":0.000144133635331,"max":0.44384765625,"mean":0.0261301267892,"median":0.02099609375,"min":0.00244140625,"var":0.000853911915328}},"metadata":{"audio_properties":{"analysis_sample_rate":44100,"bit_rate":174972,"codec":"mp3","downmix":"mix","equal_loudness":0,"length":312.26776123,"lossless":false,"md5_encoded":"b1c08a242a1cdcd89be7ee881b2c2218","replay_gain":-5.35529708862,"sample_rate":44100},"tags":{"acoustid_fingerprint":["AQADtEkiabswHT-OL8clscWP5uTw8MIv3BaeENXR7DgvXM8TzBfaPjiPp8b1oczxP0GvoTmPjzhznIfliDOu4T34Ef-OKTnqGyfxB_dxJUcfEk3FHF-UXPjxBQ5HHNdFTIx6NM_BDz8meYG1Dz-aPQ2e2CGOW0cztNnxc6gP5zj147zxDj7c8Ued4seX49-H58eXGTmLpzl-or7RnA8evHjQoz-u6bjQ_Lh45EFy9Dh-_PDxBEcO7TCOAwJ-vPBxHA9xGNchHneC9DjqHT9-9IWZH-VsVDzGND94EdN15EdCPKKG70NzGY-OoxmuMIoOPKICf2mC4z8-Lkh4hhny48czyXgefIGfGI-IH_HvIOGTxDiP65nxBHdmnJkC4yfyB_qhfceRwzuF_sKPp_A1XDmeH_5yHD9-TBf8PNhOhBaRlEyOV8PD8HhyNHFoVNW2Bj9-fMeVB--PC82JkBmPZNmPKseVJ2j-HD15BMmDPRl88IejHOczcGd4HD6i50Py7zg-H9fR03iz41KO8jgezbj4oOHahHhP4McvoB9-XFLwr0LY-ZBzwzjyIz-0Fz-R48Vx5NnRM4d4CffxJyROIT8-PvjxwfYbPMf3zcATHK6PzUFT4jzyHKrUYhq34MN5_PCHQz-uF3_x4z404ciD7zi-PLgT_Ed1-ET4HEK-43lRXgmc_fiTo_LRM_CjIDkCHzkD70cy3_gj9HnQqIk1nMePD6eR_EEeoF5MNM_xJ8NjIV5MQSP-4xC7FWWS4Mdx7CkcSXQgMUmS408hXnmQ7waOPXqCpkePZ4ieHbqObKzSYKUeNJF4_DgHuEdeQ7SP8DT-41muGPeLHHpLIUePPnhyPC_-o3mJsujxhEJFJTiPE2cMa8al43sCPegvuEcdzQn643jQX6iNpgnz4TlmePnBM2hCY3Ly4vnheRmDR8ep7ciVI2mPejM2lUR1PPnxJcd0w5UCXxpqFXGWkBKS_mieByUvNMsx-UKTTkdn4z54VcNuKsOPMMn0QS9y_Hjx40UuJBf-4UflnniOZzruvNCP5hH6BS-Dhyn84x9-PLnhRw365Dm2H0ziI3Fy5MSPZ3KC7tFRfBlev8jVIolS0RH64xuRXMRLXGIn4nOgW0GeoTm6Lg7OGP_QLFxUhKeXIXEePFfRjOFSlHnxo88s-PiRj_CPkjvUFT9qEW4aCnke_MR_fGlQUZkRdvCQ7MzxRLhu7FHygCdeTHzg4zhuO7CaIz507cjR4iip44Gf3fgxKT1uPMJ9HNSc5Mgj4Wk-HH0K_vCPnMePnjjGC496NJOUyjjuEcd_Dvrxw8uDZ9yxGz7RLwHOQ9fxbcWkXQ1-PCGO_7hxwT_qCw9OPTij5EaYIzn649pwt_jhD_-Iw-VW5Az2HHeg76h3PEcfC3fQo9FzjD_yPCiZHP7xHjj8o7rwHzmS84JZ5TijHN1_HEdTFU92JcWZL7hR__B19MqDJzyeHn9wC7aWC7mcQ0uSf