{"lowlevel":{"average_loudness":0.575002133846,"barkbands":{"dmean":[0.0000253852394962,0.000198034598725,0.000254500104347,0.000429341278505,0.001225781627,0.000527819094714,0.000763758900575,0.000917272351217,0.000869255280122,0.000439794792328,0.000231048848946,0.000159326213179,0.000196745924768,0.000225862371735,0.000176099463715,0.0000911209281185,0.0000782984570833,0.0000802227004897,0.000120127515402,0.0000616614561295,0.0000342722305504,0.0000316414843837,0.0000139285793921,0.00000828815609566,0.00000347488912666,0.00000168441920323,6.51546770314e-7],"dmean2":[0.000035967619624,0.000323951477185,0.000439314200776,0.000686794461217,0.0017582323635,0.00072119984543,0.00125527265482,0.00135337130632,0.00131852866616,0.000628480047453,0.000340731872711,0.000231705533224,0.000283864152152,0.00033513084054,0.000248215452302,0.000134582747705,0.00012184582738,0.000114365910122,0.000163674340001,0.0000915850323508,0.0000477736975881,0.0000431485459558,0.0000201130333153,0.0000117065965242,0.00000489104650114,0.00000255402369476,9.9480814697e-7],"dvar":[4.82521667067e-9,2.23736165594e-7,4.65198297661e-7,0.00000120463425901,0.0000069668208198,0.00000124307507576,0.00000940839618124,0.0000128312167362,0.00000847275987326,0.00000321457423524,0.00000190877744899,8.3743691448e-7,9.4828692454e-7,0.00000196236123884,5.12718600021e-7,1.09868580012e-7,1.24187479855e-7,1.76647532157e-7,1.95360740918e-7,9.6762128976e-8,2.53727776567e-8,4.96298682151e-8,5.56635448845e-9,1.71140757121e-9,3.67087443776e-10,2.91086009463e-11,5.02875215427e-12],"dvar2":[9.62179580455e-9,5.6043808172e-7,0.00000130502621687,0.00000302949479192,0.0000138221503221,0.00000217197771235,0.000021476578695,0.0000281156353594,0.000017419726646,0.0000070940036494,0.00000428612429459,0.00000176276955699,0.00000219573485083,0.00000389247270505,0.00000105266815353,2.47011001875e-7,3.09655973751e-7,3.3850727732e-7,3.46116252103e-7,2.08967492199e-7,4.93083547326e-8,8.57289492728e-8,1.10645048679e-8,3.10446979235e-9,6.88061441156e-10,6.24358689749e-11,1.0741776392e-11],"max":[0.00112220726442,0.00734509527683,0.0136547852308,0.0243028420955,0.0556037500501,0.0322625376284,0.133649289608,0.141083315015,0.0965195521712,0.0510090515018,0.0623440891504,0.0319286510348,0.0338731110096,0.0619602762163,0.0183586049825,0.0110673345625,0.0106910038739,0.0252837277949,0.0141213694587,0.0137128587812,0.00823638308793,0.0094888927415,0.00269742496312,0.00189334352035,0.000762315641623,0.00014213353279,0.000100627337815],"mean":[0.0000367045286112,0.000262212590314,0.000324993743561,0.000629249203485,0.00252546393313,0.00124661473092,0.00115343672223,0.00183320965152,0.00173826341052,0.000824703951366,0.000362638384104,0.000239746630541,0.000303205742966,0.000323430402204,0.000321454630466,0.00014885237033,0.000122416473459,0.000138423085446,0.000222260248847,0.0000983658392215,0.0000628303678241,0.0000500155147165,0.0000213364583033,0.0000134593110488,0.00000573080023969,0.00000220213291868,0.00000111402562197],"median":[0.00000477161302115,0.0000560772023164,0.000066351814894,0.000136230752105,0.000492937746458,0.000274344783975,0.000148103164975,0.000296092563076,0.000123499237816,0.0000633976378595,0.0000198236339202,0.0000112719908429,0.00000715963096809,0.0000080087211245,0.00000795635696704,0.00000630886734143,0.00000672661417411,0.00000391157163904,0.00000681229084876,0.00000453110669696,0.00000296621647067,0.00000131917749968,6.11074199242e-7,3.66149492947e-7,3.08363809154e-7,3.54623949761e-7,4.7385100288e-7],"min":[6.16305273598e-25,2.43377078782e-24,2.04704868955e-24,5.27052712616e-25,8.83906022526e-24,3.50227893964e-24,1.14229039117e-23,7.61108384145e-24,5.4413771419e-24,2.18044420087e-23,9.24659207978e-24,2.65099294663e-23,2.5323618349e-23,3.72223008387e-23,4.2065944662e-23,5.00424265082e-23,6.22972670748e-23,7.14461350657e-23,1.16059336834e-22,1.86274710048e-22,2.61141257647e-22,2.75621588423e-22,4.29179106531e-22,5.36350846107e-22,8.24475311897e-22,1.32222973089e-21,1.86835805984e-21],"var":[7.53458362368e-9,3.11191854507e-7,5.15317481131e-7,0.00000165461710822,0.0000242971163971,0.00000582772509006,0.0000127880693981,0.0000230371842918,0.0000218060613406,0.00000682127392793,0.00000260227852777,0.00000147693947383,0.0000015338554249,0.00000338746576745,0.00000129390991788,2.37319326857e-7,1.83050019587e-7,4.99809800658e-7,6.07741185377e-7,2.17495056631e-7,9.28705574665e-8,1.01108774686e-7,1.18954419648e-8,5.41713918167e-9,9.28560728308e-10,5.32749851179e-11,1.03570563584e-11]},"barkbands_crest":{"dmean":2.44433498383,"dmean2":3.93975639343,"dvar":4.92040348053,"dvar2":12.6853494644,"max":26.3132991791,"mean":10.2923145294,"median":9.66717433929,"min":2.59696626663,"var":12.7448759079},"barkbands_flatness_db":{"dmean":0.020515203476,"dmean2":0.0297915525734,"dvar":0.000397311436245,"dvar2":0.000808699347544,"max":0.342899352312,"mean":0.17858222127,"median":0.177325174212,"min":0.0296635273844,"var":0.00276636425406},"barkbands_kurtosis":{"dmean":4.07589387894,"dmean2":6.27149772644,"dvar":46.7706031799,"dvar2":101.724655151,"max":198.815628052,"mean":8.94413948059,"median":5.48481273651,"min":-1.92631733418,"var":157.125137329},"barkbands_skewness":{"dmean":0.557433784008,"dmean2":0.850845217705,"dvar":0.367779225111,"dvar2":0.83776652813,"max":12.4172496796,"mean":1.85065639019,"median":1.69653236866,"min":-2.71446561813,"var":2.09747886658},"barkbands_spread":{"dmean":3.76422786713,"dmean2":5.73679685593,"dvar":46.775680542,"dvar2":99.9231338501,"max":114.59336853,"mean":12.5006437302,"median":9.08726024628,"min":0.912189126015,"var":143.603668213},"dissonance":{"dmean":0.0309429187328,"dmean2":0.050806671381,"dvar":0.000949931156356,"dvar2":0.00244208402,"max":0.500000059605,"mean":0.4235458076,"median":0.438762873411,"min":0.0978913232684,"var":0.0034804251045},"dynamic_complexity":8.88129997253,"erbbands":{"dmean":[0.00492114946246,0.0522125065327,0.274913728237,0.71707046032,2.43113589287,5.00724554062,3.96708369255,5.58343601227,7.79799175262,19.8793621063,15.5902719498,17.7184123993,14.309220314,12.1315164566,6.69888687134,6.13706350327,7.53272724152,12.0305576324,11.0736646652,4.94381093979,4.44184494019,4.11738777161,4.26869058609,5.08670949936,5.61742973328,2.84740948677,1.31621682644,1.46166300774,1.22145545483,0.569997608662,0.387289762497,0.248393699527,0.100384376943,0.0474114120007,0.0212412271649,0.00731128454208,0.00320146768354,0.000970468914602,0.000107477550046,0.00000787413318903],"dmean2":[0.00778704602271,0.0875940099359,0.475880086422,1.15468776226,3.75216031075,7.23884916306,5.6873087883,7.47762107849,12.1131973267,31.5804519653,22.6971931458,26.924118042,20.658870697,17.0079231262,9.83926391602,8.96260738373,10.8112249374,17.1973667145,15.7300519943,6.76407909393,6.61483812332,6.14208698273,6.14141511917,6.82755565643,7.75088119507,4.10153102875,1.88633000851,1.99433946609,1.66837692261,0.819542527199,0.56374001503,0.357772260904,0.13876786828,0.0670867338777,0.0300700366497,0.0106374016032,0.00497532030568,0.0015225012321,0.000163906937814,0.0000108108861241],"dvar":[0.000191077546333,0.0154322320595,0.485106736422,3.28286457062,39.0890884399,137.292404175,91.8519134521,143.060577393,1122.42468262,7229.76855469,3168.79736328,2783.33935547,4898.42773438,2849.65844727,1551.13000488,1259.57434082,1601.75219727,4717.81787109,2539.77856445,492.490936279,269.326416016,273.355194092,577.388427734,281.122924805,500.54309082,213.885864258,42.4517593384,61.7826728821,62.121761322,12.9098672867,4.89863109589,1.44112443924,0.315589994192,0.0692238211632,0.012731119059,0.000824741553515,0.000109017513751,0.0000113955193228,1.35798543965e-7,3.12768727584e-10],"dvar2":[0.000455493398476,0.040629029274,1.37720954418,8.41186237335,89.0338439941,274.857879639,170.165756226,252.169204712,2338.00634766,18177.9589844,6362.61279297,5639.07373047,10473.3476563,5800.82714844,3762.35644531,2799.85327148,3695.82055664,9744.31738281,4957.10058594,1073.91662598,620.92956543,580.828552246,1033.23083496,516.663208008,936.587768555,457.958068848,92.0305480957,115.402420044,100.33908844,24.4610309601,9.50647640228,2.5933599472,0.56376516819,0.128704547882,0.0241223145276,0.00154639757238,0.00025481247576,0.0000269872507488,2.96443346315e-7,5.61358792783e-10],"max":[0.248845383525,1.90448844433,13.987112999,30.9392318726,158.881515503,234.807556152,254.921707153,290.121612549,1722.30944824,3337.66162109,1829.99511719,2118.83056641,2815.27514648,2484.08886719,1445.14294434,1260.87219238,1364.93786621,3366.02172852,1933.12609863,1253.06677246,560.664367676,500.567352295,1526.88586426,482.733642578,658.065490723,708.326171875,295.319854736,260.632232666,297.517913818,126.321975708,80.6795730591,49.7270011902,22.9913196564,11.4660205841,4.2506608963,1.03778481483,0.220085382462,0.0985087230802,0.0160565022379,0.000945580773987],"mean":[0.00657879607752,0.0647590607405,0.351725965738,1.11409759521,3.75827145576,9.63717460632,10.3517169952,12.7007884979,14.3844385147,36.0531158447,33.7049980164,36.3838005066,24.1693477631,26.0957489014,11.6007299423,9.67556095123,12.4376440048,18.7982902527,19.5624523163,9.43134117126,7.85405397415,7.18084049225,7.69064092636,9.49919033051,10.2250118256,4.80012845993,2.2916932106,2.65672779083,2.0187599659,0.910272777081,0.596205294132,0.391409873962,0.166639178991,0.0776316598058,0.0340013541281,0.0107822902501,0.00386534770951,0.00121318118181,0.000177068039193,0.0000260182150669],"median":[0.00149882689584,0.0114428112283,0.0815151706338,0.36951816082,1.12692499161,1.20855605602,1.22226166725,2.80320072174,2.06346893311,6.86987066269,4.36741113663,3.33443665504,1.91019296646,2.06460618973,0.854212999344,0.47256809473,0.374824851751,0.486875385046,0.496624052525,0.334749788046,0.423723757267,0.401252388954,0.239830106497,0.268549561501,0.39305216074,0.228352248669,0.133534520864,0.109674908221,0.0527338534594,0.0308835394681,0.0152530325577,0.00887609273195,0.00569476932287,0.00357523397543,0.00217984686606,0.00132789718919,0.000684130936861,0.000266932678642,0.0000710398235242,0.0000139334870255],"min":[5.5844782456e-23,7.43406007799e-22,4.90817552319e-21,6.69013056947e-21,6.00936859938e-21,1.57307215067e-20,3.69601132107e-20,3.52648517817e-20,1.0838945647e-19,1.88379165872e-19,2.13775109942e-19,1.81863373714e-19,5.87937800623e-19,5.24490204206e-19,7.13031755972e-19,1.3568700605e-18,1.1902688541e-18,2.29703651369e-18,2.29553952358e-18,3.5700126757e-18,3.62853942635e-18,4.44746973947e-18,4.9326339162e-18,5.82758915865e-18,6.75226458692e-18,8.85726471076e-18,9.96673311506e-18,8.865523282e-18,1.07332830431e-17,1.08827090848e-17,1.25797263598e-17,1.00163209384e-17,1.03207937142e-17,7.82543134286e-18,6.03272705543e-18,4.05491132745e-18,2.1729726567e-18,9.87543015981e-19,2.23650767577e-19,2.60244898603e-20],"var":[0.000233887141803,0.0200755298138,0.54486322403,4.43126153946,56.1205024719,421.153320313,518.485717773,608.276794434,1937.12438965,8916.57128906,6861.27783203,7600.48925781,8753.12402344,6837.97753906,2123.17358398,2229.68359375,2551.49780273,7549.36181641,6100.64111328,986.887023926,563.448608398,616.926086426,1702.50708008,926.33581543,1457.18322754,524.126525879,118.21231842,176.619247437,148.440170288,26.2791900635,10.467300415,4.35628032684,0.942761540413,0.184101879597,0.0308255646378,0.00198996183462,0.000147071405081,0.0000169530612766,2.63676952272e-7,1.18280296668e-9]},"erbbands_crest":{"dmean":2.63744544983,"dmean2":4.1675028801,"dvar":6.45944595337,"dvar2":15.8728494644,"max":30.7915077209,"mean":10.5100383759,"median":9.7273607254,"min":2.32586479187,"var":18.3403892517},"erbbands_flatness_db":{"dmean":0.0187044031918,"dmean2":0.0260810218751,"dvar":0.000349681562511,"dvar2":0.000644071551505,"max":0.37710955739,"mean":0.194925740361,"median":0.196258828044,"min":0.0225589480251,"var":0.00416985526681},"erbbands_kurtosis":{"dmean":1.95428299904,"dmean2":2.95861363411,"dvar":8.87317943573,"dvar2":19.96941185,"max":64.7880172729,"mean":3.54536771774,"median":1.66621530056,"min":-1.83725512028,"var":38.6891059875},"erbbands_skewness":{"dmean":0.413124501705,"dmean2":0.620719015598,"dvar":0.202650591731,"dvar2":0.440756648779,"max":5.77465057373,"mean":1.08970224857,"median":1.05543887615,"min":-4.37184524536,"var":1.01972579956},"erbbands_spread":{"dmean":7.27712345123,"dmean2":10.8237104416,"dvar":101.378089905,"dvar2":215.520446777,"max":130.576446533,"mean":28.3286743164,"median":22.3304100037,"min":1.43111276627,"var":436.231719971},"gfcc":{"cov":[[27688.4277344,2656.78930664,-5777.66357422,428.672576904,-1104.8359375,-1030.15222168,-755.62878418,-454.094665527,-662.620239258,-245.164199829,-156.018127441,-264.862548828,-304.609130859],[2656.78930664,1913.4152832,-676.241455078,-580.799499512,231.925064087,-448.896484375,-83.1233062744,-63.9017791748,-63.5061149597,-58.7387428284,21.0662193298,-91.3509979248,41.8547668457],[-5777.66357422,-676.241455078,2574.36425781,232.31388855,-23.7093906403,445.183624268,110.435707092,144.495422363,136.636367798,57.5919342041,-76.0259246826,129.823730469,64.1604995728],[428.672576904,-580.799499512,232.31388855,821.053771973,-67.4069061279,70.9631576538,-27.9098854065,-43.4882011414,-25.5796794891,-15.7575044632,-48.2118415833,24.7837924957,1.25658774376],[-1104.8359375,231.925064087,-23.7093906403,-67.4069061279,425.916351318,-10.3371868134,32.1893157959,45.7982978821,59.7135276794,20.6972770691,22.9675579071,-32.6970825195,39.0704574585],[-1030.15222168,-448.896484375,445.183624268,70.9631576538,-10.3371868134,345.034973145,97.2919540405,57.2322349548,42.9205513,26.2306652069,-18.8542175293,27.3452091217,-13.1357984543],[-755.62878418,-83.1233062744,110.435707092,-27.9098854065,32.1893157959,97.2919540405,189.372161865,88.4360733032,26.3845500946,11.0375442505,9.83931827545,15.3815469742,6.47812366486],[-454.094665527,-63.9017791748,144.495422363,-43.4882011414,45.7982978821,57.2322349548,88.4360733032,160.927993774,73.6120071411,10.1742525101,12.2083530426,8.37691402435,1.6791806221],[-662.620239258,-63.5061149597,136.636367798,-25.5796794891,59.7135276794,42.9205513,26.3845500946,73.6120071411,122.340126038,50.7078552246,12.4780654907,-2.54043936729,8.81028842926],[-245.164199829,-58.7387428284,57.5919342041,-15.7575044632,20.6972770691,26.2306652069,11.0375442505,10.1742525101,50.7078552246,96.1174087524,27.2238178253,-4.84296560287,4.41467761993],[-156.018127441,21.0662193298,-76.0259246826,-48.2118415833,22.9675579071,-18.8542175293,9.83931827545,12.2083530426,12.4780654907,27.2238178253,105.540122986,36.6728515625,-0.662357985973],[-264.862548828,-91.3509979248,129.823730469,24.7837924957,-32.6970825195,27.3452091217,15.3815469742,8.37691402435,-2.54043936729,-4.84296560287,36.6728515625,96.8850708008,29.4997844696],[-304.609130859,41.8547668457,64.1604995728,1.25658774376,39.0704574585,-13.1357984543,6.47812366486,1.6791806221,8.81028842926,4.41467761993,-0.662357985973,29.4997844696,86.4203796387]],"icov":[[0.00032544293208,-0.00077407975914,0.000814920524135,-0.000725238467567,0.000978961121291,-0.00094182905741,0.00125755160116,-0.00138212565798,0.0010040383786,-0.00107372947969,0.000986601924524,-0.000784252071753,0.000502134091221],[-0.00077407975914,0.00295746140182,-0.00197238195688,0.00239008711651,-0.00280607584864,0.00345876603387,-0.00314840697683,0.00354312011041,-0.00210140272975,0.00301696453243,-0.00233436073177,0.00242727552541,-0.00155600626022],[0.000814920524135,-0.00197238195688,0.00264027412049,-0.00191048090346,0.00246098730713,-0.0030016056262,0.00334208831191,-0.00377071648836,0.00221648928709,-0.00297689507715,0.00317414244637,-0.00282391393557,0.00106349308044],[-0.000725238467567,0.00239008711651,-0.00191048090346,0.00335154682398,-0.00240547396243,0.00260515883565,-0.00271390774287,0.00355581799522,-0.0019721747376,0.00267357518896,-0.00158521661069,0.00160377635621,-0.00122146529611],[0.000978961121291,-0.00280607584864,0.00246098730713,-0.00240547396243,0.00610521994531,-0.00338263832964,0.00350957270712,-0.00435286806896,0.00165452586953,-0.00274765421636,0.00158013415057,-0.000415299437009,-0.000309763796395],[-0.00094182905741,0.00345876603387,-0.0030016056262,0.00260515883565,-0.00338263832964,0.00869753118604,-0.00588646763936,0.00455215713009,-0.00320716202259,0.00272633321583,-0.00164281134494,0.00165793346241,0.00000900559462025],[0.00125755160116,-0.00314840697683,0.00334208831191,-0.00271390774287,0.00350957270712,-0.00588646763936,0.0132823502645,-0.0102449897677,0.00619384739548,-0.00528044160455,0.00364200398326,-0.00350719643757,0.00110098917503],[-0.00138212565798,0.00354312011041,-0.00377071648836,0.00355581799522,-0.00435286806896,0.00455215713009,-0.0102449897677,0.0184182375669,-0.011802108027,0.00833485461771,-0.00521195633337,0.00343215535395,-0.00120402069297],[0.0010040383786,-0.00210140272975,0.00221648928709,-0.0019721747376,0.00165452586953,-0.00320716202259,0.00619384739548,-0.011802108027,0.0197797752917,-0.0108715537935,0.00353462412022,-0.00175755703822,0.000635259959381],[-0.00107372947969,0.00301696453243,-0.00297689507715,0.00267357518896,-0.00274765421636,0.00272633321583,-0.00528044160455,0.00833485461771,-0.0108715537935,0.0200060140342,-0.00872594956309,0.0067045991309,-0.00345322326757],[0.000986601924524,-0.00233436073177,0.00317414244637,-0.00158521661069,0.00158013415057,-0.00164281134494,0.00364200398326,-0.00521195633337,0.00353462412022,-0.00872594956309,0.018413554877,-0.0113957831636,0.00525526981801],[-0.000784252071753,0.00242727552541,-0.00282391393557,0.00160377635621,-0.000415299437009,0.00165793346241,-0.00350719643757,0.00343215535395,-0.00175755703822,0.0067045991309,-0.0113957831636,0.0206965655088,-0.00854613538831],[0.000502134091221,-0.00155600626022,0.00106349308044,-0.00122146529611,-0.000309763796395,0.00000900559462025,0.00110098917503,-0.00120402069297,0.000635259959381,-0.00345322326757,0.00525526981801,-0.00854613538831,0.0164744704962]],"mean":[-146.175933838,106.803947449,-92.9182510376,0.81126254797,-61.5888633728,-15.0618934631,-27.8743209839,2.57365727425,-18.0500736237,-1.18976891041,-19.0422153473,-7.00358867645,-12.1173191071]},"hfc":{"dmean":3.04050278664,"dmean2":3.88362693787,"dvar":66.3301849365,"dvar2":104.567092896,"max":233.880172729,"mean":9.86558246613,"median":2.24975585938,"min":1.08266467534e-16,"var":337.563171387},"melbands":{"dmean":[0.000046680423111,0.000114168637083,0.000181438270374,0.000244123875746,0.000175000866875,0.00011751333659,0.000132004133775,0.000226411240874,0.000140632226248,0.000110260109068,0.0000717252842151,0.0000499309171573,0.0000258569471043,0.0000165475685208,0.0000205008764169,0.0000183927386388,0.0000251076016866,0.0000189296260942,0.00000996346261672,0.0000067581077019,0.00000524669394508,0.00000439497307525,0.000005133540526,0.00000318484126183,0.00000437127300756,0.00000564793208468,0.00000300434385281,0.00000168095164099,8.023601481e-7,8.1989054479e-7,9.70374912868e-7,7.84582766755e-7,5.00731005104e-7,2.75629503221e-7,2.23541647415e-7,2.30805696333e-7,1.27855940946e-7,7.69448575966e-8,5.80970969111e-8,3.59365905922e-8],"dmean2":[0.0000736072397558,0.000195891276235,0.000285398535198,0.000364714156603,0.000244981842116,0.000157572823809,0.000211491365917,0.000351504626451,0.000206346740015,0.000168903585291,0.000103560611024,0.0000703147015884,0.0000384180129913,0.0000247533171205,0.0000300965857605,0.0000263478068518,0.0000366234380635,0.0000272288343695,0.0000137305378303,0.00000993929188553,0.0000081365733422,0.00000670625058774,0.00000769138659962,0.00000437569178757,0.00000608293521509,0.00000794814059191,0.00000441695055997,0.00000246580702878,0.00000120365382372,0.00000119476089822,0.00000135386540023,0.00000106883533135,7.12413964266e-7,4.13679032363e-7,3.29034008928e-7,3.3662101373e-7,1.87459448853e-7,1.06291999202e-7,8.42804794843e-8,5.12571460831e-8],"dvar":[1.36649278559e-8,7.93669485688e-8,2.18660360929e-7,2.63022428726e-7,1.80897671953e-7,6.60932855112e-8,2.83018067648e-7,8.6870073801e-7,2.36602204495e-7,1.14668310403e-7,1.20063319287e-7,4.84397233436e-8,2.42093509684e-8,9.80128422867e-9,1.66230442744e-8,6.46410880378e-9,2.33419346074e-8,9.53845447071e-9,1.63127655828e-9,7.46978090493e-10,4.16098516753e-10,2.86030726881e-10,8.92158458221e-10,2.02969210883e-10,2.22695611951e-10,5.61705182367e-10,2.18590132106e-10,8.91620111076e-11,1.84470667908e-11,1.64059772712e-11,3.6677719889e-11,2.71109350247e-11,1.2593402883e-11,2.45907482745e-12,1.62999063032e-12,1.58644852897e-12,3.70069236756e-13,1.88972955665e-13,1.32156208177e-13,3.51733412903e-14],"dvar2":[3.24868629775e-8,2.19450598138e-7,5.1769171705e-7,5.76741967961e-7,3.25256593214e-7,1.14371637494e-7,5.92511526065e-7,0.00000210116377275,4.62580430849e-7,2.38341812064e-7,2.55176388464e-7,9.90683304281e-8,5.52237757745e-8,2.32338361883e-8,3.608398913e-8,1.35367574927e-8,4.83840700838e-8,1.89898390346e-8,3.52140272497e-9,1.65256230922e-9,1.04649289234e-9,6.32415064761e-10,1.8516987943e-9,3.48485101886e-10,4.48443976397e-10,1.07842657027e-9,4.77144379563e-10,1.93242588598e-10,4.30271478169e-11,3.01904716504e-11,6.87960452495e-11,4.41855337041e-11,2.3182348402e-11,5.35356611472e-12,3.28402994902e-12,3.0504977884e-12,6.97480430616e-13,3.37130524235e-13,2.85432484939e-13,6.18800326192e-14],"max":[0.00186110718641,0.00555931264535,0.0110161658376,0.00915996730328,0.011255399324,0.00743131525815,0.0240846984088,0.0360155142844,0.0152824949473,0.0114403534681,0.0136894481257,0.00928242411464,0.00506437430158,0.00388272968121,0.00510467542335,0.00228200783022,0.00759952748194,0.00415256014094,0.00136068079155,0.00109002087265,0.000706097227521,0.000544651062228,0.00149105326273,0.000870206975378,0.000420581229264,0.000753653992433,0.00045852115727,0.000497906701639,0.000185681899893,0.000315196550218,0.000213057894143,0.000211452294025,0.000136045186082,0.0000489612830279,0.0000460383198515,0.0000519119093951,0.0000247431835305,0.0000188121157407,0.0000170362145582,0.00000702166926203],"mean":[0.0000655464682495,0.000149312530993,0.000285709655145,0.000445145531558,0.00043468028889,0.000267039693426,0.0002282854839,0.000425123958848,0.000296043086564,0.000220759713557,0.000115689872473,0.000106817489723,0.0000420966862293,0.0000240486224357,0.0000298258419207,0.0000293392822641,0.0000359288933396,0.000031512860005,0.0000183955380635,0.0000108100712168,0.00000831722627481,0.00000704366402715,0.00000823803839012,0.00000564016318094,0.00000765737968322,0.00000961365185503,0.00000478643096358,0.00000271293811238,0.0000012265713849,0.00000153253824919,0.00000155920929501,0.00000123284326037,7.60554200951e-7,4.03155468121e-7,3.26765217551e-7,3.424620445e-7,1.95176170337e-7,1.20815087712e-7,8.58719673147e-8,5.78520911176e-8],"median":[0.000015872730728,0.0000312964511977,0.000090135683422,0.000113493326353,0.0000491343744216,0.0000573319157411,0.000029489683584,0.0000777143941377,0.0000280825952359,0.0000193513242266,0.00000839691529109,0.00000830250337458,0.00000267529549092,0.00000144678210745,9.31521128678e-7,7.28801580863e-7,8.23832920105e-7,7.29866428628e-7,4.75310287129e-7,4.19999111045e-7,4.61915050209e-7,4.1108094706e-7,2.39906000843e-7,1.67553551478e-7,1.85410911513e-7,2.75116974535e-7,1.92831137724e-7,1.17321228288e-7,7.75368746986e-8,6.40554631559e-8,5.50248309139e-8,2.90327957231e-8,1.95222238375e-8,1.46797383138e-8,8.75044303683e-9,6.35976382668e-9,4.65342075984e-9,3.89196941342e-9,3.3658797971e-9,2.83886025798e-9],"min":[1.04134885414e-24,2.62322500333e-24,1.30632052689e-24,9.96098116289e-25,1.29582068963e-24,7.64737637347e-25,1.80347664379e-24,1.08034451666e-24,1.41945333728e-24,7.43529259822e-25,2.54852776421e-24,2.08023646226e-24,1.19320319789e-24,1.69151657374e-24,2.50691081551e-24,2.51762946306e-24,3.53322831953e-24,2.23015967451e-24,2.38161761566e-24,4.00467289574e-24,3.5398413405e-24,3.77468641528e-24,2.91222380152e-24,3.56156301996e-24,4.1648984342e-24,4.16526407123e-24,5.14741995848e-24,4.9023256084e-24,4.91860256989e-24,5.36264842913e-24,4.69398823219e-24,5.49911111054e-24,4.49052404422e-24,5.83371159109e-24,6.19506037278e-24,5.71129694468e-24,5.70697201476e-24,6.20131840634e-24,5.13282484845e-24,6.27191356875e-24],"var":[1.92875138083e-8,9.64936930359e-8,3.15874274293e-7,6.35336505184e-7,9.40818154049e-7,2.88996204745e-7,4.70599303526e-7,0.00000122654751067,6.15346095856e-7,2.90720208795e-7,2.1621380597e-7,1.19729861581e-7,3.31799974163e-8,1.32853648083e-8,3.00815585774e-8,1.30265718212e-8,3.48928423932e-8,2.02894661072e-8,3.71427222312e-9,1.5411698584e-9,6.80242973061e-10,5.39312150494e-10,1.99645122656e-9,6.49045206469e-10,6.11106443227e-10,1.46354206532e-9,4.24837443003e-10,2.17162884897e-10,3.35563278553e-11,7.95974952617e-11,7.44841757716e-11,6.1193813905e-11,2.5102028095e-11,4.35922435302e-12,3.1741935469e-12,3.81594365481e-12,1.10196866823e-12,5.44007222082e-13,2.72857040781e-13,9.77159163047e-14]},"melbands_crest":{"dmean":3.24154543877,"dmean2":5.21866130829,"dvar":9.04188251495,"dvar2":23.7355728149,"max":38.5366859436,"mean":14.1537437439,"median":13.2016429901,"min":1.71480059624,"var":30.6245651245},"melbands_flatness_db":{"dmean":0.0241782236844,"dmean2":0.0347660779953,"dvar":0.000628617766779,"dvar2":0.00124900438823,"max":0.468093544245,"mean":0.265228539705,"median":0.27174270153,"min":0.00335065112449,"var":0.00547409150749},"melbands_kurtosis":{"dmean":7.2146320343,"dmean2":11.3911542892,"dvar":276.740905762,"dvar2":689.768615723,"max":981.842956543,"mean":14.15762043,"median":6.76074123383,"min":-1.83161008358,"var":640.59185791},"melbands_skewness":{"dmean":0.698305010796,"dmean2":1.07856976986,"dvar":0.687722802162,"dvar2":1.59311544895,"max":25.5612049103,"mean":2.22388577461,"median":1.8262898922,"min":-1.27997457981,"var":3.19447636604},"melbands_spread":{"dmean":4.58927869797,"dmean2":7.06239891052,"dvar":121.344566345,"dvar2":252.394683838,"max":259.633392334,"mean":15.6290378571,"median":9.58434104919,"min":0.518475830555,"var":523.951477051},"mfcc":{"cov":[[16923.4453125,1259.2800293,-3962.81616211,484.792938232,-842.617919922,-387.529266357,-397.050231934,-320.45324707,-783.469421387,-162.384292603,-159.8881073,-375.572937012,-285.9296875],[1259.2800293,2697.79589844,-658.862060547,-212.615646362,-11.2826690674,-357.587768555,-53.7031936646,-147.570465088,-60.9825439453,52.9619827271,-27.0714836121,-159.635910034,-31.852098465],[-3962.81616211,-658.862060547,2147.69677734,125.558151245,168.300003052,249.827606201,66.8086776733,131.515213013,225.136795044,-62.8828010559,-13.5890226364,131.203399658,75.517250061],[484.792938232,-212.615646362,125.558151245,494.941650391,92.4027404785,28.2002334595,-14.5233459473,-15.995798111,10.3199806213,-33.9494361877,-47.6859169006,5.55219841003,7.43180370331],[-842.617919922,-11.2826690674,168.300003052,92.4027404785,299.782409668,66.5999145508,18.7992343903,12.3071403503,51.5979919434,53.6341209412,7.19122362137,7.91369104385,-0.808152854443],[-387.529266357,-357.587768555,249.827606201,28.2002334595,66.5999145508,216.248291016,57.3502502441,16.6888027191,48.5748176575,-1.35151970387,-4.6367521286,36.7148857117,1.14648389816],[-397.050231934,-53.7031936646,66.8086776733,-14.5233459473,18.7992343903,57.3502502441,142.447143555,71.5937576294,42.5931015015,21.2730293274,18.9291496277,20.2026004791,9.89011096954],[-320.45324707,-147.570465088,131.515213013,-15.995798111,12.3071403503,16.6888027191,71.5937576294,188.101593018,42.8129348755,27.5027961731,45.1768913269,4.71131753922,5.78691959381],[-783.469421387,-60.9825439453,225.136795044,10.3199806213,51.5979919434,48.5748176575,42.5931015015,42.8129348755,184.297073364,49.1149559021,-7.81012296677,40.2517242432,7.65866041183],[-162.384292603,52.9619827271,-62.8828010559,-33.9494361877,53.6341209412,-1.35151970387,21.2730293274,27.5027961731,49.1149559021,158.922317505,61.2566299438,-11.3827915192,-1.25176644325],[-159.8881073,-27.0714836121,-13.5890226364,-47.6859169006,7.19122362137,-4.6367521286,18.9291496277,45.1768913269,-7.81012296677,61.2566299438,122.12651825,17.0925750732,2.00407624245],[-375.572937012,-159.635910034,131.203399658,5.55219841003,7.91369104385,36.7148857117,20.2026004791,4.71131753922,40.2517242432,-11.3827915192,17.0925750732,109.067062378,29.5463199615],[-285.9296875,-31.852098465,75.517250061,7.43180370331,-0.808152854443,1.14648389816,9.89011096954,5.78691959381,7.65866041183,-1.25176644325,2.00407624245,29.5463199615,84.2430648804]],"icov":[[0.000196283916011,-0.0000965103317867,0.000317901052767,-0.000383909849916,0.000522228656337,-0.000459731236333,0.000437329668785,-0.000291990261758,0.000420817581471,-0.000123878708109,0.00020666445198,-0.0000721886317478,0.000338898447808],[-0.0000965103317867,0.000631850154605,-0.000119332158647,0.000433186185546,-0.000533628568519,0.00122332642786,-0.000674257520586,0.00073007523315,-0.000438818562543,0.000108615779027,-0.0000921578612179,0.000677981239278,-0.000206755896215],[0.000317901052767,-0.000119332158647,0.00120781664737,-0.000658681557979,0.000600605562795,-0.00126918090973,0.00103067164309,-0.000852806027979,-0.0000631330985925,0.00044514023466,0.000144316654769,-0.000239695975324,0.0000628697744105],[-0.000383909849916,0.000433186185546,-0.000658681557979,0.00313991704024,-0.00191511388402,0.00127235718537,-0.000797295186203,0.000765317527112,-0.000850818527397,0.000657362048514,0.000331029033987,0.000332993076881,-0.000857991399243],[0.000522228656337,-0.000533628568519,0.000600605562795,-0.00191511388402,0.00576325878501,-0.00263745710254,0.00142869981937,-0.000915222917683,0.000986351747997,-0.00204553967342,0.000683233491145,-0.000367484171875,0.00118017743807],[-0.000459731236333,0.00122332642786,-0.00126918090973,0.00127235718537,-0.00263745710254,0.00923152826726,-0.00433413032442,0.00244004535489,-0.00146836740896,0.000488517282065,-0.0000403320009355,-0.0000226272950385,0.000267557712505],[0.000437329668785,-0.000674257520586,0.00103067164309,-0.000797295186203,0.00142869981937,-0.00433413032442,0.0115412054583,-0.00466477172449,0.0000791507191025,-0.000641702383291,0.000438353948994,-0.00139222491998,-0.00012484670151],[-0.000291990261758,0.00073007523315,-0.000852806027979,0.000765317527112,-0.000915222917683,0.00244004535489,-0.00466477172449,0.00880073662847,-0.00220276089385,0.000824053073302,-0.0032775728032,0.00236968905665,-0.000657583994325],[0.000420817581471,-0.000438818562543,-0.0000631330985925,-0.000850818527397,0.000986351747997,-0.00146836740896,0.0000791507191025,-0.00220276089385,0.00998088251799,-0.00459861429408,0.00426420243457,-0.00390580692329,0.00185822451022],[-0.000123878708109,0.000108615779027,0.00044514023466,0.000657362048514,-0.00204553967342,0.000488517282065,-0.000641702383291,0.000824053073302,-0.00459861429408,0.0111455265433,-0.0062405411154,0.00342470710166,-0.00131295877509],[0.00020666445198,-0.0000921578612179,0.000144316654769,0.000331029033987,0.000683233491145,-0.0000403320009355,0.000438353948994,-0.0032775728032,0.00426420243457,-0.0062405411154,0.0136732999235,-0.00433762604371,0.00140446459409],[-0.0000721886317478,0.000677981239278,-0.000239695975324,0.000332993076881,-0.000367484171875,-0.0000226272950385,-0.00139222491998,0.00236968905665,-0.00390580692329,0.00342470710166,-0.00433762604371,0.0139910215512,-0.00420360267162],[0.000338898447808,-0.000206755896215,0.0000628697744105,-0.000857991399243,0.00118017743807,0.000267557712505,-0.00012484670151,-0.000657583994325,0.00185822451022,-0.00131295877509,0.00140446459409,-0.00420360267162,0.0142818009481]],"mean":[-793.030273438,153.684951782,8.99317550659,18.9803104401,-14.5841493607,-10.4533061981,-9.12549591064,-4.12845373154,0.065781056881,3.2338373661,-1.48812997341,-5.56540393829,-4.74783754349]},"pitch_salience":{"dmean":0.0706605240703,"dmean2":0.113686613739,"dvar":0.00397393107414,"dvar2":0.00993416551501,"max":0.898028612137,"mean":0.605807483196,"median":0.617877364159,"min":0.0629855245352,"var":0.0139719424769},"silence_rate_20dB":{"dmean":0,"dmean2":0,"dvar":0,"dvar2":0,"max":1,"mean":1,"median":1,"min":1,"var":0},"silence_rate_30dB":{"dmean":0.0030057108961,"dmean2":0.00601232517511,"dvar":0.00299671129324,"dvar2":0.00777930766344,"max":1,"mean":0.997295260429,"median":1,"min":0,"var":0.00269753695466},"silence_rate_60dB":{"dmean":0.0610159300268,"dmean2":0.122050203383,"dvar":0.0572931692004,"dvar2":0.11917604506,"max":1,"mean":0.421337336302,"median":0,"min":0,"var":0.243805721402},"spectral_centroid":{"dmean":180.121185303,"dmean2":269.442779541,"dvar":124387.789063,"dvar2":259554.46875,"max":11639.2138672,"mean":995.30090332,"median":639.398010254,"min":89.1454772949,"var":1790704.125},"spectral_complexity":{"dmean":1.93116927147,"dmean2":2.81436944008,"dvar":9.1049413681,"dvar2":15.1715145111,"max":49,"mean":9.1953420639,"median":6,"min":0,"var":78.3079681396},"spectral_contrast_coeffs":{"dmean":[0.0488540269434,0.0451726280153,0.0369460433722,0.0285244882107,0.0216488298029,0.0202148593962],"dmean2":[0.0790020227432,0.0721833780408,0.0581983178854,0.0439081899822,0.032806403935,0.029885167256],"dvar":[0.00188889005221,0.00168444018345,0.000964961305726,0.000763790158089,0.000473812018754,0.00052932894323],"dvar2":[0.00452744169161,0.00388963776641,0.00222363020293,0.00158803979866,0.000911022827495,0.000959763245191],"max":[-0.316398769617,-0.292709797621,-0.383002012968,-0.477374225855,-0.541475474834,-0.46503457427],"mean":[-0.620592355728,-0.715121090412,-0.752991199493,-0.803358256817,-0.816153049469,-0.790086627007],"median":[-0.612629711628,-0.725547432899,-0.758706450462,-0.816201925278,-0.829814910889,-0.79092669487],"min":[-0.985909879208,-0.975279331207,-0.977665305138,-0.972728729248,-0.968974411488,-0.965269684792],"var":[0.0147868748754,0.010198796168,0.00691454159096,0.00664054974914,0.00526712555438,0.00483461422846]},"spectral_contrast_valleys":{"dmean":[0.433891892433,0.365837067366,0.352213829756,0.349358826876,0.319514334202,0.246235415339],"dmean2":[0.695738017559,0.576237916946,0.538124144077,0.499411404133,0.420039117336,0.308376520872],"dvar":[0.17356325686,0.166145011783,0.155904188752,0.177067622542,0.19276419282,0.120039083064],"dvar2":[0.349551528692,0.298308998346,0.256441473961,0.275333076715,0.27964001894,0.17697443068],"max":[-5.99173688889,-4.49202680588,-5.37320184708,-5.16907310486,-5.55165910721,-7.91994953156],"mean":[-8.90868854523,-7.76484632492,-8.74372673035,-9.47930908203,-9.39404773712,-11.9766893387],"median":[-8.68396854401,-7.4749174118,-8.37727451324,-9.21013832092,-9.09698677063,-12.0191526413],"min":[-28.0686321259,-28.0751838684,-27.6477355957,-27.6023254395,-27.5920352936,-27.4306602478],"var":[5.91985464096,7.14431428909,6.57596826553,6.47869205475,6.44227075577,4.26360082626]},"spectral_decrease":{"dmean":9.81272285649e-10,"dmean2":1.33916722156e-9,"dvar":3.94671899846e-18,"dvar2":7.32981201677e-18,"max":2.02899584462e-28,"mean":-3.21063264863e-9,"median":-1.17108411857e-9,"min":-4.8896932725e-8,"var":1.9245794591e-17},"spectral_energy":{"dmean":0.00394869735464,"dmean2":0.00536636682227,"dvar":0.0000655833937344,"dvar2":0.000120073338621,"max":0.200965359807,"mean":0.0130124753341,"median":0.00468641938642,"min":1.0004052383e-20,"var":0.000322847947245},"spectral_energyband_high":{"dmean":0.000097215626738,"dmean2":0.000127762905322,"dvar":2.00894703539e-7,"dvar2":3.22282744492e-7,"max":0.0167151652277,"mean":0.000192735591554,"median":0.0000112551870188,"min":6.88876337252e-21,"var":6.90365027367e-7},"spectral_energyband_low":{"dmean":0.000485935248435,"dmean2":0.000787638535257,"dvar":0.00000117402635169,"dvar2":0.00000299273233395,"max":0.0205119084567,"mean":0.000793203304056,"median":0.000303521810565,"min":1.87371173064e-23,"var":0.00000188142200841},"spectral_energyband_middle_high":{"dmean":0.00108979886863,"dmean2":0.00137810281012,"dvar":0.0000119489977806,"dvar2":0.0000207651701203,"max":0.130684509873,"mean":0.00295849237591,"median":0.000266706425464,"min":1.09266126151e-21,"var":0.0000506674550707},"spectral_energyband_middle_low":{"dmean":0.00319586321712,"dmean2":0.00452379044145,"dvar":0.0000433559580415,"dvar2":0.0000891123563633,"max":0.169615268707,"mean":0.0094171250239,"median":0.00347767514177,"min":1.36084791794e-22,"var":0.000174041386344},"spectral_entropy":{"dmean":0.19475646317,"dmean2":0.273626804352,"dvar":0.0470663122833,"dvar2":0.0883587226272,"max":9.82328128815,"mean":7.04360580444,"median":7.021961689,"min":5.02291154861,"var":0.465881586075},"spectral_flux":{"dmean":0.0142420362681,"dmean2":0.022103946656,"dvar":0.000411676301155,"dvar2":0.000885704765096,"max":0.3338085711,"mean":0.0436140745878,"median":0.031185939908,"min":6.36850919222e-11,"var":0.0017689508386},"spectral_kurtosis":{"dmean":3.18653225899,"dmean2":5.18381214142,"dvar":17.845867157,"dvar2":46.2768173218,"max":75.0186920166,"mean":9.9065284729,"median":6.9510011673,"min":-1.26969265938,"var":78.0165100098},"spectral_rms":{"dmean":0.00047519794316,"dmean2":0.000629966554698,"dvar":4.72317140066e-7,"dvar2":7.28466204691e-7,"max":0.0140022765845,"mean":0.00277270050719,"median":0.00213825074024,"min":3.12410817702e-12,"var":0.00000500726355313},"spectral_rolloff":{"dmean":291.414520264,"dmean2":494.490722656,"dvar":804514.1875,"dvar2":1737831.375,"max":19767.4804688,"mean":1252.39648438,"median":645.99609375,"min":43.06640625,"var":6043643},"spectral_skewness":{"dmean":0.359462618828,"dmean2":0.549297869205,"dvar":0.172576785088,"dvar2":0.373322844505,"max":7.49456882477,"mean":2.19921064377,"median":2.03972411156,"min":-0.0499813035131,"var":1.14676189423},"spectral_spread":{"dmean":481315.46875,"dmean2":721127.875,"dvar":697940115456,"dvar2":1259162435580,"max":42338248,"mean":4724547.5,"median":4006524,"min":1307505.25,"var":22339710353400},"spectral_strongpeak":{"dmean":0.31254440546,"dmean2":0.483765423298,"dvar":0.396775662899,"dvar2":0.913771152496,"max":16.2837715149,"mean":0.769121229649,"median":0.372121691704,"min":0,"var":1.15544426441},"zerocrossingrate":{"dmean":0.00859863683581,"dmean2":0.0101110842079,"dvar":0.000244017530349,"dvar2":0.000307944108499,"max":0.5234375,"mean":0.052354902029,"median":0.03564453125,"min":0.00537109375,"var":0.00419083191082}},"metadata":{"audio_properties":{"analysis_sample_rate":44100,"bit_rate":0,"codec":"flac","downmix":"mix","equal_loudness":0,"length":154.493331909,"lossless":true,"md5_encoded":"e17be17ddfb12fa0e6cd880f064c884c","replay_gain":-0.808780670166,"sample_rate":44100},"tags":{"acoustid_id":["30742ed0-630d-460a-8938-05dd4aeed7b6"],"album":["Travelin'"],"albumartist":["John Lee Hooker"],"albumartistsort":["Hooker, John Lee"],"artist":["John Lee Hooker"],"artistsort":["Hooker, John Lee"],"asin":["B00009L1R6"],"date":["1960"],"discnumber":["1"],"disctotal":["1"],"file_name":"07 Solid Sender.flac","genre":["Delta Blues"],"grouping":["Blues"],"isrc":["DEU241109418"],"label":["Charly Records"],"media":["CD"],"mood":["Sexy"],"musicbrainz_albumartistid":["b0122194-c49a-46a1-ade7-84d1d76bd8e9"],"musicbrainz_albumid":["ea8b98ff-0ce5-44a7-b9e7-c5d949402d0c"],"musicbrainz_artistid":["b0122194-c49a-46a1-ade7-84d1d76bd8e9"],"musicbrainz_recordingid":["bbfe533b-e9d9-429c-b9f1-715278b12b0f"],"musicbrainz_releasegroupid":["8f5b08da-9083-38c7-b141-f22f5b8e5df5"],"musicbrainz_releasetrackid":["5777bebc-8869-30f8-94ba-20d2d3ca3cb8"],"originaldate":["1960"],"originalyear":["1960"],"releasecountry":["GB"],"releasestatus":["official"],"releasetype":["album"],"script":["Latn"],"title":["Solid Sender"],"totaldiscs":["1"],"totaltracks":["16"],"tracknumber":["7"],"tracktotal":["16"]},"version":{"essentia":"2.1-beta2","essentia_build_sha":"2d9f1f26377add8aeb1075a9c2973f962c4f09fd","essentia_git_sha":"v2.1_beta2-1-ge3940c0","extractor":"music 1.0"}},"rhythm":{"beats_count":336,"beats_loudness":{"dmean":0.0164950806648,"dmean2":0.0287894681096,"dvar":0.00034861950553,"dvar2":0.000845380418468,"max":0.102271780372,"mean":0.0192798860371,"median":0.0108926789835,"min":0,"var":0.000440076139057},"beats_loudness_band_ratio":{"dmean":[0.21859960258,0.2002288103