{"lowlevel":{"average_loudness":0.948232352734,"barkbands":{"dmean":[0.00492573715746,0.00988341495395,0.00249602622353,0.000664580322336,0.000946284912061,0.000661822676193,0.00062189536402,0.000339785328833,0.000439532683231,0.000560731394216,0.000415971968323,0.000664722290821,0.000729300663806,0.000680922647007,0.000831539160572,0.000559027481358,0.000543922651559,0.000574652862269,0.000611317460425,0.000193161366042,0.000123102989164,0.0000905677152332,0.0000428874627687,0.000031860985473,0.00000520898856848,0.0000713406843715,0.00142538617365],"dmean2":[0.00819410290569,0.0160825494677,0.004237907473,0.00114538229536,0.0015647416003,0.00109276769217,0.00103203637991,0.000564908434171,0.000737114634831,0.000926093140151,0.000690207001753,0.00111188390292,0.00123473943677,0.00114376295824,0.00138203881215,0.000931131886318,0.0009238923667,0.000979183008894,0.00105699093547,0.000306030240608,0.00019080999482,0.000132071116241,0.0000594447628828,0.0000436414375145,0.00000818888111098,0.0000953938579187,0.00219830591232],"dvar":[0.000073757066275,0.000173314183485,0.0000238699867623,8.71825193371e-7,0.00000290737671094,0.00000215865884456,0.00000313234954774,7.49953755985e-7,0.00000107227697299,0.0000013851474705,8.83367192728e-7,0.00000415661634179,0.00000322735718328,7.59475028644e-7,0.0000022558560886,0.00000113150395009,0.00000105821402485,9.95904429146e-7,0.00000211688620766,1.3520855191e-7,4.6767844708e-8,2.47423752597e-8,3.41076322741e-9,4.66066030214e-9,1.06007841394e-10,1.22393943869e-8,0.00000664061008138],"dvar2":[0.000179008056875,0.00044060574146,0.0000633539020782,0.00000231235958381,0.00000708949301043,0.00000551564107809,0.00000848818126542,0.00000189351555946,0.00000282150904241,0.00000360441777048,0.00000226090787692,0.0000111018634925,0.00000863415971253,0.00000203631657314,0.00000588088869335,0.00000279718483398,0.00000281237703348,0.00000262871708401,0.0000057397683122,2.97501998148e-7,1.00899654853e-7,5.53572832018e-8,6.53949250307e-9,8.67542038208e-9,2.27882393511e-10,2.21335643147e-8,0.0000164325992955],"max":[0.141724228859,0.201971068978,0.0622518062592,0.0135053060949,0.045255292207,0.0384487658739,0.0336112082005,0.0222561396658,0.0274494960904,0.0224445071071,0.0291812494397,0.0689275711775,0.0811564251781,0.0158227607608,0.0337718985975,0.0493944771588,0.0353482924402,0.0123524991795,0.0165251698345,0.00948074553162,0.00506840879098,0.00602557929233,0.00148210825864,0.00128574215341,0.00029698407161,0.00189267063979,0.0883229076862],"mean":[0.00494483485818,0.0144484201446,0.00263458304107,0.000768718891777,0.00130809016991,0.0009168315446,0.000831073499285,0.000454449182143,0.000617079029325,0.000800438050646,0.000602755811997,0.00100748753175,0.00112924107816,0.00119887990877,0.00147604360245,0.00100508646574,0.000877440907061,0.000660083431285,0.000615421624389,0.000295547186397,0.000215594933252,0.000169345468748,0.0000822652218631,0.0000484220618091,0.00000604687511441,0.000127880615764,0.00423939339817],"median":[0.00189792900346,0.00914380140603,0.00126581313089,0.000451136555057,0.000763338524848,0.000266753631877,0.000119363423437,0.000149153071106,0.000214876083191,0.000221474459977,0.000246959622018,0.000490773178171,0.00076803000411,0.000950640067458,0.00104316242505,0.000688932894263,0.000577609986067,0.000259912194451,0.000185998243978,0.000120501790661,0.000116555696877,0.000113616850285,0.0000565277296118,0.0000162233991432,0.00000219972253035,0.0000726344223949,0.00330148474313],"min":[2.84560200924e-12,1.13412144259e-11,7.0278518248e-12,1.86950281644e-12,1.72188457069e-12,4.4863661397e-12,1.7617030881e-12,3.83872491086e-12,1.65720573115e-12,8.27955976349e-13,1.24321603359e-12,1.37533712717e-12,1.67138134929e-12,2.00263113384e-12,9.6644621559e-13,1.57388034897e-12,1.40240943858e-12,2.37766533892e-12,3.20697548378e-12,1.20984743491e-12,1.72728368067e-12,5.41312611055e-12,3.61016576876e-12,4.42873819215e-12,5.66365704335e-12,1.36549998739e-11,2.49740419317e-11],"var":[0.0000726191865397,0.000288908137009,0.0000200617178052,9.98019118015e-7,0.0000038501329982,0.0000037263826016,0.00000500383202962,0.00000115246098176,0.00000149039180997,0.0000023739826247,0.00000140077679589,0.00000561207616556,0.0000036201374769,0.00000111489225674,0.00000399044211008,0.00000211705332731,0.00000174787339802,9.5824498203e-7,0.00000157275769652,2.87203164362e-7,9.97626301569e-8,3.95564789812e-8,7.46369721583e-9,8.75806449585e-9,1.4800322079e-10,2.58043826307e-8,0.0000205607939279]},"barkbands_crest":{"dmean":3.20263600349,"dmean2":5.16831684113,"dvar":7.37418603897,"dvar2":17.5688762665,"max":25.2015953064,"mean":10.0739984512,"median":9.02231884003,"min":2.50766730309,"var":20.4603099823},"barkbands_flatness_db":{"dmean":0.024330990389,"dmean2":0.0382998250425,"dvar":0.000482112867758,"dvar2":0.00115242588799,"max":0.282104581594,"mean":0.107430309057,"median":0.100581116974,"min":0.026705974713,"var":0.00140743283555},"barkbands_kurtosis":{"dmean":2.26030945778,"dmean2":3.60450768471,"dvar":19.5646457672,"dvar2":44.758731842,"max":98.014541626,"mean":1.59646177292,"median":-0.0132396221161,"min":-1.85326457024,"var":29.4387817383},"barkbands_skewness":{"dmean":0.615197360516,"dmean2":0.967202067375,"dvar":0.413880586624,"dvar2":0.957000076771,"max":9.3695898056,"mean":1.21929061413,"median":1.03640317917,"min":-2.25718212128,"var":1.13448762894},"barkbands_spread":{"dmean":14.3074016571,"dmean2":22.8355121613,"dvar":148.746398926,"dvar2":356.793884277,"max":136.495864868,"mean":64.6032485962,"median":65.8578720093,"min":3.92431259155,"var":479.161193848},"dissonance":{"dmean":0.00825840327889,"dmean2":0.0143607612699,"dvar":0.000100693359855,"dvar2":0.000286622700514,"max":0.500000178814,"mean":0.489087343216,"median":0.492650657892,"min":0.36615344882,"var":0.000123246718431},"dynamic_complexity":1.84996712208,"erbbands":{"dmean":[0.429047971964,1.90593528748,3.09356880188,2.20288109779,2.65296840668,3.31715106964,4.29411029816,5.85228300095,8.73476314545,7.68766784668,7.42655324936,9.45322704315,16.9476852417,16.0265026093,16.4094371796,27.7296047211,28.772808075,32.443977356,42.7103042603,31.2469158173,32.4613342285,29.4482250214,30.7797393799,33.6100463867,21.6421070099,9.32668018341,6.10392427444,4.52440166473,3.36858654022,1.91698670387,1.14291608334,0.881288826466,0.386101186275,0.0839995294809,0.0313203930855,0.0935711711645,0.169337704778,0.128605753183,0.0618510134518,0.0299130380154],"dmean2":[0.722377002239,3.04534649849,5.18829298019,3.74137759209,4.44781827927,5.51085138321,7.15229082108,9.69827365875,14.5791149139,12.7485580444,12.2557268143,15.8549203873,28.086643219,26.3777160645,26.7649765015,46.6651878357,48.4655418396,54.1144790649,71.1881561279,51.6957015991,53.9236907959,49.9256095886,52.398979187,57.6199645996,36.9644393921,14.829249382,9.54613018036,6.95717477798,4.91480636597,2.70470571518,1.58311009407,1.21913981438,0.534653007984,0.124717704952,0.049420055002,0.129499822855,0.226438388228,0.175180733204,0.0936306715012,0.0464268326759],"dvar":[0.422958135605,6.08720636368,27.072883606,14.1824035645,19.6056938171,39.9681968689,92.5856781006,204.650268555,652.168640137,482.650482178,360.323883057,471.115539551,1675.18518066,1396.70703125,1091.36108398,8587.66601562,5088.02441406,2173.61962891,4267.00488281,2021.46948242,4587.18652344,3184.984375,2950.56030273,4350.31933594,2393.8605957,332.912109375,129.876724243,61.1493721008,36.5692939758,7.47815895081,2.45542621613,2.97282123566,0.799971938133,0.0338292643428,0.00300167524256,0.0453751906753,0.0831957086921,0.0353930033743,0.00886611640453,0.00343360099941],"dvar2":[1.14631307125,14.2260122299,72.1287689209,37.0545730591,50.5049667358,96.8122787476,231.776992798,523.374572754,1779.77612305,1289.30249023,927.30645752,1256.14758301,4324.63427734,3628.52026367,2730.7121582,23765.6933594,13262.875,5645.18017578,11418.6318359,5189.09912109,11517.7626953,8620.78125,7861.64208984,11588.8759766,6390.5546875,746.038085938,283.050964355,130.156784058,82.9094085693,15.176445961,4.72820091248,5.7150220871,1.49245524406,0.0663573220372,0.00652543734759,0.0845707803965,0.154060304165,0.0750249251723,0.0198633112013,0.00857583805919],"max":[12.491812706,42.8389472961,68.651184082,60.8750839233,88.5688400269,191.98928833,195.341949463,434.506988525,503.794616699,466.830749512,595.585144043,500.03729248,1261.56335449,807.657775879,838.116088867,3075.90527344,3057.09765625,1523.10192871,1363.64904785,776.520507812,3339.93945312,1969.3203125,705.02154541,665.181518555,724.522094727,529.805297852,378.95022583,198.775115967,214.881713867,86.842124939,34.6263198853,27.0218009949,22.0731143951,4.9801030159,1.50298750401,5.35366344452,4.3935751915,3.98807859421,1.7041260004,2.39404439926],"mean":[0.511518716812,2.88915634155,3.76996850967,2.69039726257,3.47848439217,4.32617282867,5.6997218132,8.03883743286,11.6371059418,10.6986694336,10.4742202759,13.5346183777,24.2969760895,24.2982540131,26.867061615,43.1006813049,48.5203590393,60.5072517395,80.7006454468,59.3470153809,59.8260002136,49.2180633545,36.8920211792,35.2197341919,23.8040142059,14.1963567734,10.0038461685,8.06407642365,6.25699520111,3.7490696907,2.16722869873,1.42462217808,0.555783450603,0.106495462358,0.0380453877151,0.134047284722,0.295456796885,0.268639713526,0.144381463528,0.100002773106],"median":[0.300510346889,1.70426464081,2.08346414566,1.60839486122,2.1159029007,2.37355566025,1.98438584805,2.27057385445,1.85305178165,2.08265256882,4.01771259308,4.9610824585,6.79716205597,7.99202489853,13.7210741043,20.6310691833,32.4540786743,48.4388961792,60.4511947632,43.9676856995,40.5015869141,32.0898094177,15.9951143265,11.4800539017,7.68129968643,5.68145513535,4.81289100647,4.73090028763,4.1543636322,2.63002490997,1.4616997242,0.61618489027,0.144475758076,0.0332087166607,0.0163900069892,0.0378751866519,0.152214750648,0.19630292058,0.0952666401863,0.0792494341731],"min":[3.25366400489e-10,2.70219335796e-9,7.4009958162e-9,6.32408525547e-9,4.91845053574e-9,5.39367839281e-9,1.97890823728e-8,3.83334288756e-8,4.32968896291e-8,2.81366787647e-8,9.11071182941e-8,3.67283341518e-8,2.09723030054e-8,6.41376445287e-8,4.65882088463e-8,5.52412764421e-8,8.23533454763e-8,8.24945587397e-8,7.40782439834e-8,7.97997259383e-8,6.45696118795e-8,9.53085219635e-8,1.30207965299e-7,1.21004788411e-7,1.43351115867e-7,6.8579197432e-8,4.29739479557e-8,9.5432064029e-8,1.84452616736e-7,1.41962317457e-7,9.13187108154e-8,9.45619333947e-8,7.24132931396e-8,5.55740058417e-8,4.7052946428e-8,5.00163253037e-8,2.7629882382e-8,1.15818181712e-8,2.87665757881e-9,3.71219360806e-10],"var":[0.42295986414,13.451292038,26.3447856903,13.4538030624,22.8039646149,51.1525650024,156.926269531,342.085479736,939.398376465,826.299438477,546.15625,677.943969727,2384.95239258,2325.20336914,1879.20654297,11276.9394531,6630.84912109,3210.80664062,8161.10791016,3835.01977539,8096.35693359,5604.77099609,2795.38745117,3587.56738281,2024.03027344,670.608398438,287.953674316,119.697303772,57.0087852478,15.4789438248,5.31255674362,5.45501041412,1.47735512257,0.0548172369599,0.00430768355727,0.0828275606036,0.167031407356,0.0687087848783,0.0204413533211,0.0104132983834]},"erbbands_crest":{"dmean":2.26145577431,"dmean2":3.83003854752,"dvar":4.50777721405,"dvar2":12.1648588181,"max":28.8094501495,"mean":7.77979564667,"median":7.07931566238,"min":2.38891077042,"var":9.15971183777},"erbbands_flatness_db":{"dmean":0.0188180990517,"dmean2":0.0288711953908,"dvar":0.000267249677563,"dvar2":0.000602418498602,"max":0.348392128944,"mean":0.127137586474,"median":0.123329021037,"min":0.024361666292,"var":0.00113079242874},"erbbands_kurtosis":{"dmean":1.36601567268,"dmean2":2.22301054001,"dvar":3.69432115555,"dvar2":9.64402198792,"max":54.9247093201,"mean":2.23753905296,"median":1.79735660553,"min":-1.60390079021,"var":7.84630346298},"erbbands_skewness":{"dmean":0.398901820183,"dmean2":0.62717628479,"dvar":0.120506808162,"dvar2":0.302962243557,"max":4.22226953506,"mean":-0.501497268677,"median":-0.584488928318,"min":-3.23271584511,"var":0.493733823299},"erbbands_spread":{"dmean":6.28290891647,"dmean2":9.77812480927,"dvar":38.5998649597,"dvar2":86.6942672729,"max":93.7700653076,"mean":26.1362915039,"median":24.2252616882,"min":1.72715508938,"var":139.319702148},"gfcc":{"cov":[[3918.97119141,28.0256538391,-133.628448486,-46.7504310608,-174.805175781,-22.519493103,11.9511852264,-3.23470711708,37.4462890625,14.4680233002,-2.19516253471,45.4951820374,-62.2153663635],[28.0256538391,715.895568848,-66.8496780396,-216.824615479,84.8430023193,-105.604537964,52.3829612732,-44.3129997253,66.5539855957,-25.1739006042,29.2400283813,-35.5510139465,53.3666992188],[-133.628448486,-66.8496780396,311.75213623,83.3991241455,-117.750656128,117.347114563,-150.328369141,37.8969612122,-26.8693847656,64.3436126709,-10.2005434036,10.6060199738,-10.9024114609],[-46.7504310608,-216.824615479,83.3991241455,345.503295898,120.585296631,-32.6477127075,48.4462051392,-42.5315742493,-26.7879257202,18.4647121429,-5.6612033844,8.45985794067,-53.1212234497],[-174.805175781,84.8430023193,-117.750656128,120.585296631,333.947662354,23.6294460297,124.067214966,-67.4857177734,14.1308374405,-57.7089042664,1.59245061874,-23.8008346558,12.7925357819],[-22.519493103,-105.604537964,117.347114563,-32.6477127075,23.6294460297,271.258666992,-33.3109588623,44.7798080444,-17.9035587311,-11.5391712189,-22.362613678,18.4055099487,16.0149269104],[11.9511852264,52.3829612732,-150.328369141,48.4462051392,124.067214966,-33.3109588623,230.255279541,-25.0267887115,27.8071346283,-50.2053909302,-4.13151216507,17.6915721893,-10.7732868195],[-3.23470711708,-44.3129997253,37.8969612122,-42.5315742493,-67.4857177734,44.7798080444,-25.0267887115,132.494979858,-11.5883131027,26.2019309998,19.6789970398,-13.3700895309,16.0758533478],[37.4462890625,66.5539855957,-26.8693847656,-26.7879257202,14.1308374405,-17.9035587311,27.8071346283,-11.5883131027,105.271217346,35.4737739563,6.54157447815,6.65714216232,-24.7562236786],[14.4680233002,-25.1739006042,64.3436126709,18.4647121429,-57.7089042664,-11.5391712189,-50.2053909302,26.2019309998,35.4737739563,94.9219207764,37.3877677917,-5.7826795578,-13.6093111038],[-2.19516253471,29.2400283813,-10.2005434036,-5.6612033844,1.59245061874,-22.362613678,-4.13151216507,19.6789970398,6.54157447815,37.3877677917,62.0307235718,14.1814470291,6.83768510818],[45.4951820374,-35.5510139465,10.6060199738,8.45985794067,-23.8008346558,18.4055099487,17.6915721893,-13.3700895309,6.65714216232,-5.7826795578,14.1814470291,65.9956207275,5.34883928299],[-62.2153663635,53.3666992188,-10.9024114609,-53.1212234497,12.7925357819,16.0149269104,-10.7732868195,16.0758533478,-24.7562236786,-13.6093111038,6.83768510818,5.34883928299,70.3628845215]],"icov":[[0.000336001976393,-0.000549404183403,0.00136278232094,-0.00110294565093,0.000986289815046,-0.000899795792066,0.000559226260521,-0.000056744342146,-0.0000482239629491,-0.000175305933226,0.000247094489168,-0.000236492211116,0.00015942878963],[-0.000549404183403,0.00623865704983,-0.0100403996184,0.00956328399479,-0.00646980153397,0.00714466487989,-0.00483111059293,0.00170423882082,-0.00137639103923,0.00264429068193,-0.00382376415655,0.00270993774757,-0.000939499703236],[0.00136278232094,-0.0100403996184,0.0277242660522,-0.0216321647167,0.0157796982676,-0.0173173174262,0.0126676270738,-0.00188221770804,0.000272055360256,-0.00573907466605,0.00642824312672,-0.00310361036099,-0.00117642548867],[-0.00110294565093,0.00956328399479,-0.0216321647167,0.0268240459263,-0.0205038618296,0.0174890682101,-0.0101190796122,-0.000481266353745,0.00882216542959,-0.00795610249043,0.00519791524857,-0.00710635492578,0.00857879966497],[0.000986289815046,-0.00646980153397,0.0157796982676,-0.0205038618296,0.0227060262114,-0.0156440380961,0.00428670365363,0.00551567133516,-0.0101476544514,0.012199905701,-0.0123046347871,0.0139541588724,-0.00950251705945],[-0.000899795792066,0.00714466487989,-0.0173173174262,0.0174890682101,-0.0156440380961,0.0179470684379,-0.00624445965514,-0.00325709115714,0.00423944694921,-0.00288494676352,0.00525261741132,-0.00673909112811,0.00378873199224],[0.000559226260521,-0.00483111059293,0.0126676270738,-0.0101190796122,0.00428670365363,-0.00624445965514,0.0131800947711,-0.00327967037447,-0.00179551681504,0.000809618155472,0.00376944569871,-0.00531251635402,0.00145354389679],[-0.000056744342146,0.00170423882082,-0.00188221770804,-0.000481266353745,0.00551567133516,-0.00325709115714,-0.00327967037447,0.0141649218276,-0.00366082158871,0.00503932544962,-0.0118730245158,0.0118207437918,-0.00605573737994],[-0.0000482239629491,-0.00137639103923,0.000272055360256,0.00882216542959,-0.0101476544514,0.00423944694921,-0.00179551681504,-0.00366082158871,0.0259132236242,-0.0239118300378,0.0183805525303,-0.0167074669152,0.0131214866415],[-0.000175305933226,0.00264429068193,-0.00573907466605,-0.00795610249043,0.012199905701,-0.00288494676352,0.000809618155472,0.00503932544962,-0.0239118300378,0.0457826666534,-0.0353901796043,0.0243031829596,-0.00961144641042],[0.000247094489168,-0.00382376415655,0.00642824312672,0.00519791524857,-0.0123046347871,0.00525261741132,0.00376944569871,-0.0118730245158,0.0183805525303,-0.0353901796043,0.0508903339505,-0.0298937708139,0.00931919272989],[-0.000236492211116,0.00270993774757,-0.00310361036099,-0.00710635492578,0.0139541588724,-0.00673909112811,-0.00531251635402,0.0118207437918,-0.0167074669152,0.0243031829596,-0.0298937708139,0.0402861125767,-0.0139627279714],[0.00015942878963,-0.000939499703236,-0.00117642548867,0.00857879966497,-0.00950251705945,0.00378873199224,0.00145354389679,-0.00605573737994,0.0131214866415,-0.00961144641042,0.00931919272989,-0.0139627279714,0.0267447661608]],"mean":[41.7647628784,51.3647422791,-97.9098739624,9.07258415222,10.9063301086,-6.2327208519,5.24980401993,-21.3426933289,8.86884117126,-7.47661018372,-6.33508014679,2.59092116356,-11.2564430237]},"hfc":{"dmean":93.0326766968,"dmean2":137.985275269,"dvar":14476.5839844,"dvar2":27584.7207031,"max":2764.92138672,"mean":318.01473999,"median":254.724899292,"min":0.00000141241662277,"var":56744.5625},"melbands":{"dmean":[0.00335288629867,0.00185378303286,0.000386443833122,0.000214894389501,0.000145433441503,0.000131949374918,0.000131140099256,0.0000805598974694,0.0000614212840446,0.0000633291492704,0.0000872105665621,0.0000669518558425,0.0000539103166375,0.0000713206536602,0.0000692658722983,0.0000753481217544,0.0000616159304627,0.0000716055001249,0.0000617446421529,0.0000350459849869,0.0000428619860031,0.000033742380765,0.0000273028217634,0.000028734722946,0.0000281456414086,0.0000229707675317,0.00000923118477658,0.00000582458096687,0.00000407911920774,0.00000307592495119,0.00000279681103166,0.00000220871811507,0.00000145450815126,9.90207922769e-7,6.95786638971e-7,5.97811663283e-7,5.51577556962e-7,3.2331055877e-7,1.32488224835e-7,5.24459267126e-8],"dmean2":[0.00550019415095,0.00302866264246,0.000652223243378,0.000354742689524,0.00024231201678,0.000218007771764,0.000218075088924,0.000133919515065,0.000102283294837,0.000106638806756,0.000144626101246,0.000110556880827,0.0000886287816684,0.000119611671835,0.000116951450764,0.000127154184156,0.000103174505057,0.000120080745546,0.000102839927422,0.0000580105152039,0.0000717111543054,0.0000572772514715,0.0000466982164653,0.0000491373757541,0.0000484350675833,0.0000401114775741,0.0000153477139975,0.00000922340677789,0.00000648412878945,0.00000489749936605,0.00000433993500337,0.00000331813794219,0.00000215529234993,0.00000142310443607,0.00000100206023035,8.45698139074e-7,7.80104642217e-7,4.54296554153e-7,1.92365746443e-7,8.23235311032e-8],"dvar":[0.0000225904605031,0.00000651714253763,4.04754388228e-7,1.60998396836e-7,9.00173233731e-8,9.53247010216e-8,1.40370985946e-7,4.83699160725e-8,2.32045493931e-8,2.18823625886e-8,4.32435847131e-8,2.37123938263e-8,1.21293348698e-8,5.08354247586e-8,5.73277816329e-8,1.48401539946e-8,7.51087547712e-9,9.3289171943e-9,1.46280161317e-8,2.90468049613e-9,9.29372845349e-9,4.30326974055e-9,2.92876811692e-9,2.63774335707e-9,3.30495897316e-9,3.32127392255e-9,3.64471508529e-10,1.42422462712e-10,6.96861179872e-11,3.10044039054e-11,2.44673396127e-11,1.88737046825e-11,4.5032749231e-12,2.23846223675e-12,9.25845229476e-13,9.35731093304e-13,1.40727620529e-12,5.72393532312e-13,1.00371547553e-13,1.27870439999e-14],"dvar2":[0.0000591661737417,0.0000167396374309,0.00000104358616682,3.82852846315e-7,2.25316867386e-7,2.44556161988e-7,3.8163139493e-7,1.27485265011e-7,6.0571231586e-8,5.80810493034e-8,1.11872758168e-7,6.18733722035e-8,3.03671932045e-8,1.38183622767e-7,1.60704246355e-7,3.83485065925e-8,1.96279419384e-8,2.53386307492e-8,3.75769069194e-8,7.22019644073e-9,2.39210393715e-8,1.1584361026e-8,7.99879185109e-9,7.01595492814e-9,8.83309514421e-9,9.08791086829e-9,8.99066987525e-10,3.16232900976e-10,1.52877502324e-10,7.18751516637e-11,5.38910756298e-11,4.32013418095e-11,1.02792089077e-11,4.60821528506e-12,1.85627771834e-12,1.84720229564e-12,2.80722363757e-12,1.08955596281e-12,1.99496262608e-13,2.7865000414e-14],"max":[0.0868528857827,0.0293902829289,0.0104287918657,0.0128117278218,0.00568194920197,0.0087241474539,0.00678403070197,0.00503043970093,0.00467266561463,0.00329509750009,0.00618433766067,0.00299187237397,0.0028252536431,0.00916872359812,0.0104187233374,0.00333789759316,0.00254332157783,0.00176775828004,0.00285729742609,0.00142452458385,0.00488096335903,0.00266443728469,0.000861670006998,0.000717433984391,0.000604850938544,0.000678798358422,0.000464548298623,0.000356144766556,0.000340279948432,0.000159388029715,0.000147369457409,0.00017990921333,0.000041063005483,0.0000624542153673,0.0000224466020882,0.0000168622482306,0.000018338796508,0.0000183011161425,0.0000069203269959,0.00000350081541001],"mean":[0.00468928366899,0.00267484923825,0.000498680456076,0.000294710771414,0.000195937216631,0.000182197371032,0.000176895409822,0.000111659639515,0.0000847998453537,0.0000882200838532,0.000122588069644,0.0000980501354206,0.000083642808022,0.000108332591481,0.000103962185676,0.000120462762425,0.000107165142254,0.000128140760353,0.000105622231786,0.0000619621860096,0.0000730334722903,0.0000547821873624,0.0000349392430508,0.0000310633004119,0.0000286063841486,0.0000221935661102,0.0000119082160381,0.0000087920225269,0.00000633658419247,0.00000504660738443,0.00000468287726108,0.00000381356221624,0.00000265335370386,0.0000018337336769,0.00000127245448311,0.00000101987279777,8.20965055937e-7,4.53649221299e-7,1.67332416368e-7,5.88239714716e-8],"median":[0.00298970751464,0.0015952498652,0.000312207324896,0.000174037282704,0.0000782840361353,0.0000503998271597,0.0000273694804491,0.0000242095647991,0.0000329633621732,0.0000303188262478,0.0000330285984091,0.0000306424444716,0.0000392732108594,0.0000529058634129,0.0000507731674588,0.0000876736448845,0.0000839806525619,0.0000966059596976,0.0000716106078471,0.0000468519538117,0.0000467418030894,0.0000355253905582,0.000017966305677,0.000011015439668,0.00000888168324309,0.00000621772096565,0.00000434079629485,0.00000354698499905,0.00000291686501441,0.00000261387071987,0.00000274163016911,0.00000243998192673,0.00000183400970855,0.00000125538247175,8.67494804879e-7,5.68637801734e-7,2.87201942228e-7,1.05707087528e-7,3.89024847891e-8,1.90911055853e-8],"min":[3.29241950543e-12,3.76847077849e-12,1.20615756966e-12,3.43006872905e-13,5.85933862193e-13,9.24252211223e-13,5.73616458152e-13,4.06000265959e-13,6.91150695703e-13,1.86921550287e-13,9.82671246891e-14,2.4440256134e-13,1.74955685247e-13,1.45732018575e-13,1.70758386272e-13,1.63559609107e-13,1.50455372445e-13,1.28384390792e-13,9.19840375743e-14,1.21851408629e-13,6.15550091367e-14,7.31589674908e-14,1.66960981715e-13,7.55836026905e-14,1.01302633274e-13,1.16290738974e-13,7.3804081336e-14,3.13407780902e-14,2.81101266667e-14,2.42270091521e-14,6.5525682753e-14,1.03085569865e-13,1.09476880686e-13,7.67885985375e-14,5.32228375141e-14,3.8344636033e-14,6.6593059463e-14,4.86021677548e-14,4.32723044137e-14,4.74136111232e-14],"var":[0.0000296966136375,0.00000979502965492,4.05181680208e-7,2.1013434548e-7,1.47885373281e-7,1.59579911951e-7,2.12672958355e-7,8.36805327253e-8,3.43289379146e-8,3.08426351125e-8,6.20715709942e-8,3.9023390741e-8,2.05377883589e-8,6.30927488032e-8,7.86735014913e-8,2.01733190153e-8,1.0748589574e-8,1.7394128804e-8,2.46200855258e-8,5.08964292933e-9,1.45845735489e-8,8.28807422693e-9,2.64651123238e-9,2.40000197493e-9,2.64532995509e-9,2.39305353311e-9,4.86648998876e-10,2.9404703672e-10,1.44686027048e-10,5.70951758094e-11,4.2717170079e-11,2.65092583301e-11,7.77864665041e-12,4.27499268624e-12,1.87493835561e-12,1.76037103731e-12,2.41887239405e-12,1.03593175704e-12,1.64361579902e-13,1.7118483348e-14]},"melbands_crest":{"dmean":5.03285121918,"dmean2":8.36087417603,"dvar":17.5795078278,"dvar2":46.6851501465,"max":38.4345703125,"mean":17.7592372894,"median":17.5731754303,"min":2.8158121109,"var":37.913848877},"melbands_flatness_db":{"dmean":0.0358830690384,"dmean2":0.0566226579249,"dvar":0.000936141877901,"dvar2":0.00225929683074,"max":0.423507601023,"mean":0.198713749647,"median":0.19162710011,"min":0.0335694886744,"var":0.0029611857608},"melbands_kurtosis":{"dmean":7.19860124588,"dmean2":11.4448251724,"dvar":162.795516968,"dvar2":368.755981445,"max":206.121612549,"mean":9.33018016815,"median":3.90273141861,"min":-1.81516206264,"var":288.390716553},"melbands_skewness":{"dmean":0.978966712952,"dmean2":1.54878437519,"dvar":0.984122514725,"dvar2":2.32534503937,"max":12.9962205887,"mean":2.47102761269,"median":2.12180685997,"min":-2.18481755257,"var":2.98892307281},"melbands_spread":{"dmean":12.6547441483,"dmean2":20.8223190308,"dvar":169.709411621,"dvar2":440.114318848,"max":194.937484741,"mean":34.3597946167,"median":31.7136249542,"min":1.2688908577,"var":406.518829346},"mfcc":{"cov":[[3391.0078125,113.348754883,-155.296569824,37.6075668335,-211.184753418,-1.90898418427,-99.5926361084,35.1043281555,-86.0263671875,72.2902145386,-3.58144783974,-2.11528086662,-19.6712551117],[113.348754883,832.501953125,-179.342926025,-121.887992859,-39.7540550232,-34.2862205505,-42.3226661682,-22.0881690979,43.8433876038,-36.3269119263,27.6039447784,-6.00297403336,28.0670967102],[-155.296569824,-179.342926025,507.441711426,-141.478912354,62.7486076355,-64.3862228394,-52.4665908813,-78.4377059937,-17.2926483154,4.86852884293,-15.045665741,42.7877426147,-5.88976240158],[37.6075668335,-121.887992859,-141.478912354,448.275299072,-18.7502593994,72.1127090454,20.7071228027,2.97727489471,-46.2363739014,17.1531944275,39.8656845093,-28.0193252563,-8.9195356369],[-211.184753418,-39.7540550232,62.7486076355,-18.7502593994,232.13571167,56.5223350525,46.5494613647,-22.7131557465,18.7624073029,-10.8110103607,9.65158939362,-1.98214554787,-4.96724796295],[-1.90898418427,-34.2862205505,-64.3862228394,72.1127090454,56.5223350525,237.126373291,19.5896873474,81.6794815063,3.53571438789,10.8666877747,-13.2289323807,-2.21769332886,-5.84298706055],[-99.5926361084,-42.3226661682,-52.4665908813,20.7071228027,46.5494613647,19.5896873474,158.247909546,51.1180725098,31.198135376,-15.6622962952,-6.96836185455,-23.4303302765,1.19927608967],[35.1043281555,-22.0881690979,-78.4377059937,2.97727489471,-22.7131557465,81.6794815063,51.1180725098,140.623977661,22.7023124695,3.20313572884,-17.9893093109,-7.81871271133,-9.5023059845],[-86.0263671875,43.8433876038,-17.2926483154,-46.2363739014,18.7624073029,3.53571438789,31.198135376,22.7023124695,73.089515686,6.67842245102,6.04715061188,-7.90017557144,2.27028656006],[72.2902145386,-36.3269119263,4.86852884293,17.1531944275,-10.8110103607,10.8666877747,-15.6622962952,3.20313572884,6.67842245102,73.6114425659,26.0765361786,19.0292873383,-2.49357557297],[-3.58144783974,27.6039447784,-15.045665741,39.8656845093,9.65158939362,-13.2289323807,-6.96836185455,-17.9893093109,6.04715061188,26.0765361786,83.7533569336,22.5818634033,15.7375335693],[-2.11528086662,-6.00297403336,42.7877426147,-28.0193252563,-1.98214554787,-2.21769332886,-23.4303302765,-7.81871271133,-7.90017557144,19.0292873383,22.5818634033,65.3326797485,17.569940567],[-19.6712551117,28.0670967102,-5.88976240158,-8.9195356369,-4.96724796295,-5.84298706055,1.19927608967,-9.5023059845,2.27028656006,-2.49357557297,15.7375335693,17.569940567,47.2598495483]],"icov":[[0.00033710396383,-0.0000549559954379,0.0000772227722337,0.0000654486138956,0.000206242009881,-0.0000125580745589,0.0000703325786162,-0.0000889763759915,0.000485434371512,-0.000412559893448,0.0000111666377052,0.000154833280249,0.0000890097362571],[-0.0000549559954379,0.00166534318123,0.000775745720603,0.000625358312391,0.000196624459932,-0.000132028653752,0.000659949204419,0.000573994475417,-0.00100106431637,0.00118372007273,-0.000841862754896,0.000138844101457,-0.000354925519787],[0.0000772227722337,0.000775745720603,0.0030858120881,0.000933553266805,-0.00070478086127,0.000390111876186,0.000675315503031,0.00122169102542,0.00020355633751,0.0000104651026049,0.000583101878874,-0.00153539841995,0.000702277524397],[0.0000654486138956,0.000625358312391,0.000933553266805,0.00360182207078,0.000714076857548,-0.00138385349419,-0.000703681027517,0.0011290141847,0.00247691990808,-0.000350263289874,-0.00258237007074,0.00198727892712,0.000584445195273],[0.000206242009881,0.000196624459932,-0.00070478086127,0.000714076857548,0.00661609135568,-0.00300157768652,-0.0025376973208,0.00333080324344,-0.00111038354225,0.00134934775997,-0.00194834824651,0.0000323957974615,0.00183569127694],[-0.0000125580745589,-0.000132028653752,0.000390111876186,-0.00138385349419,-0.00300157768652,0.0071205184795,0.00162049965002,-0.00486404774711,0.000433341570897,-0.00133965909481,0.00211886386387,-0.000697321607731,-0.00113146274816],[0.0000703325786162,0.000659949204419,0.000675315503031,-0.000703681027517,-0.0025376973208,0.00162049965002,0.00972286704928,-0.0039793215692,-0.00282977544703,0.00156093016267,0.000334856507834,0.00197357637808,-0.00215144711547],[-0.0000889763759915,0.000573994475417,0.00122169102542,0.0011290141847,0.00333080324344,-0.00486404774711,-0.0039793215692,0.0133750922978,-0.00290156970732,0.000299196632113,0.000889418181032,-0.00171493517701,0.00302293640561],[0.000485434371512,-0.00100106431637,0.00020355633751,0.00247691990808,-0.00111038354225,0.000433341570897,-0.00282977544703,-0.00290156970732,0.0199552793056,-0.00436793034896,-0.00246962439269,0.00435205362737,-0.00126997882035],[-0.000412559893448,0.00118372007273,0.0000104651026049,-0.000350263289874,0.00134934775997,-0.00133965909481,0.00156093016267,0.000299196632113,-0.00436793034896,0.019051188603,-0.00548710627481,-0.00468411156908,0.00384088000283],[0.0000111666377052,-0.000841862754896,0.000583101878874,-0.00258237007074,-0.00194834824651,0.00211886386387,0.000334856507834,0.000889418181032,-0.00246962439269,-0.00548710627481,0.018401151523,-0.00531013729051,-0.00400687055662],[0.000154833280249,0.000138844101457,-0.00153539841995,0.00198727892712,0.0000323957974615,-0.000697321607731,0.00197357637808,-0.00171493517701,0.00435205362737,-0.00468411156908,-0.00531013729051,0.0234648641199,-0.00772353960201],[0.0000890097362571,-0.000354925519787,0.000702277524397,0.000584445195273,0.00183569127694,-0.00113146274816,-0.00215144711547,0.00302293640561,-0.00126997882035,0.00384088000283,-0.00400687055662,-0.00772353960201,0.0267900824547]],"mean":[-623.909912109,120.665733337,-35.440410614,35.3330841064,13.809006691,35.5273895264,-1.49808216095,16.6829624176,1.61266481876,10.4693574905,2.09069681168,5.8993806839,-1.26711070538]},"pitch_salience":{"dmean":0.0917295068502,"dmean2":0.147095873952,"dvar":0.00606285687536,"dvar2":0.0152558833361,"max":0.809854984283,"mean":0.525553643703,"median":0.548449099064,"min":0.0941907092929,"var":0.0174398012459},"silence_rate_20dB":{"dmean":0,"dmean2":0,"dvar":0,"dvar2":0,"max":1,"mean":1,"median":1,"min":1,"var":0},"silence_rate_30dB":{"dmean":0.0448959134519,"dmean2":0.0898030847311,"dvar":0.0428792349994,"dvar2":0.101549692452,"max":1,"mean":0.958244502544,"median":1,"min":0,"var":0.0400100871921},"silence_rate_60dB":{"dmean":0.00827690027654,"dmean2":0.0165558755398,"dvar":0.00820853933692,"dvar2":0.0177874080837,"max":1,"mean":0.0210658311844,"median":0,"min":0,"var":0.020620862022},"spectral_centroid":{"dmean":325.833648682,"dmean2":501.958679199,"dvar":104569.304688,"dvar2":222487.828125,"max":10460.0087891,"mean":1882.45300293,"median":1839.97265625,"min":485.332214355,"var":365192.9375},"spectral_complexity":{"dmean":5.6225233078,"dmean2":8.20168113708,"dvar":29.2068557739,"dvar2":55.3708190918,"max":58,"mean":29.3408145905,"median":29,"min":0,"var":120.683952332},"spectral_contrast_coeffs":{"dmean":[0.052171073854,0.0466879978776,0.0369477383792,0.0276796743274,0.0253084059805,0.0411198362708],"dmean2":[0.0867792591453,0.0785600095987,0.0628592669964,0.0469401888549,0.0414264276624,0.061636377126],"dvar":[0.00162541749887,0.00137483468279,0.000843349553179,0.000461398623884,0.000437496346422,0.00123656960204],"dvar2":[0.00433502485976,0.00376403471455,0.0023718776647,0.00132639799267,0.00114934321027,0.00283079990186],"max":[-0.446875810623,-0.48253262043,-0.506045877934,-0.593745946884,-0.569139719009,-0.449811309576],"mean":[-0.732968151569,-0.80123180151,-0.818601667881,-0.806740880013,-0.787299454212,-0.687678396702],"median":[-0.735408067703,-0.812874734402,-0.826080441475,-0.80955606699,-0.789649307728,-0.686597645283],"min":[-0.970670521259,-0.960816144943,-0.962355613708,-0.952164530754,-0.962209582329,-0.960548698902],"var":[0.00347198033705,0.00410273484886,0.0023461105302,0.00118443160318,0.00112492602784,0.00429991306737]},"spectral_contrast_valleys":{"dmean":[0.413338154554,0.419588804245,0.335287362337,0.270229160786,0.344277232885,0.50465965271],"dmean2":[0.670786619186,0.676110565662,0.525684297085,0.42127302289,0.512223303318,0.759245216846],"dvar":[0.138164684176,0.142265319824,0.107282072306,0.0957622900605,0.152559772134,0.205854907632],"dvar2":[0.306509286165,0.319047898054,0.208781182766,0.165094837546,0.292143762112,0.450037747622],"max":[-5.06632614136,-4.85269880295,-5.20381450653,-5.10300302505,-5.30467557907,-8.45895195007],"mean":[-6.72831106186,-6.84430217743,-6.86372470856,-6.5730175972,-7.00076150894,-10.6340799332],"median":[-6.62813949585,-6.81769132614,-6.79895687103,-6.44668483734,-7.01099586487,-10.5781774521],"min":[-27.105474472,-27.4747753143,-27.1961803436,-27.2014770508,-27.1312179565,-27.2052764893],"var":[0.547115385532,0.657395541668,0.605465590954,0.496675431728,0.535349726677,0.685198605061]},"spectral_decrease":{"dmean":4.52381243576e-9,"dmean2":7.16271530976e-9,"dvar":3.07183545901e-17,"dvar2":7.55863482419e-17,"max":2.38865673907e-8,"mean":-5.89756599112e-9,"median":-4.47138370774e-9,"min":-8.03605573196e-8,"var":4.61165764644e-17},"spectral_energy":{"dmean":0.0181377194822,"dmean2":0.0284922774881,"dvar":0.00046743475832,"dvar2":0.0011582961306,"max":0.325815558434,"mean":0.0511037483811,"median":0.0444069057703,"min":1.43510536788e-10,"var":0.000901454361156},"spectral_energyband_high":{"dmean":0.00115421542432,"dmean2":0.00173722137697,"dvar":0.00000412165172747,"dvar2":0.00000994986021396,"max":0.08791359514,"mean":0.00306789437309,"median":0.00228307349607,"min":5.55798670976e-11,"var":0.00000990625358099},"spectral_energyband_low":{"dmean":0.0134943602607,"dmean2":0.0219748206437,"dvar":0.000322569714626,"dvar2":0.000836187507957,"max":0.290375053883,"mean":0.0208332426846,"median":0.0143537474796,"min":1.9767109824e-11,"var":0.00045716780005},"spectral_energyband_middle_high":{"dmean":0.00384027999826,"dmean2":0.00624228315428,"dvar":0.0000281682805507,"dvar2":0.0000719182498869,"max":0.090838752687,"mean":0.00940934754908,"median":0.00738367345184,"min":2.10745709078e-11,"var":0.0000606713219895},"spectral_energyband_middle_low":{"dmean":0.00255290023051,"dmean2":0.00414273887873,"dvar":0.0000136548187584,"dvar2":0.000034339929698,"max":0.0754484012723,"mean":0.0051715276204,"median":0.0030976200942,"min":1.55626084936e-11,"var":0.0000305578105326},"spectral_entropy":{"dmean":0.113621711731,"dmean2":0.165216967463,"dvar":0.0106078702956,"dvar2":0.0218663495034,"max":9.78880500793,"mean":7.87211799622,"median":7.88214063644,"min":6.51425504684,"var":0.0408568419516},"spectral_flux":{"dmean":0.02990738675,"dmean2":0.0477073788643,"dvar":0.000947949243709,"dvar2":0.00206574588083,"max":0.468939125538,"mean":0.133614122868,"median":0.125729769468,"min":0.0000119795886349,"var":0.00228792219423},"spectral_kurtosis":{"dmean":3.57411956787,"dmean2":5.14235305786,"dvar":13.8369436264,"dvar2":28.7659511566,"max":68.9455337524,"mean":17.3995513916,"median":16.6637706757,"min":-1.2009717226,"var":50.8094100952},"spectral_rms":{"dmean":0.00119235587772,"dmean2":0.00182074971963,"dvar":0.00000137891436225,"dvar2":0.00000325890255226,"max":0.0178288761526,"mean":0.00674965232611,"median":0.00658208224922,"min":3.74179478513e-7,"var":0.00000429931651524},"spectral_rolloff":{"dmean":3365.45581055,"dmean2":6237.71337891,"dvar":37717064,"dvar2":91415896,"max":22050,"mean":18283.09375,"median":20564.2089844,"min":21.533203125,"var":41266900},"spectral_skewness":{"dmean":0.304183989763,"dmean2":0.432462751865,"dvar":0.0937399491668,"dvar2":0.1906606704,"max":6.30341529846,"mean":2.85142326355,"median":2.76764750481,"min":0.0845877826214,"var":0.389194041491},"spectral_spread":{"dmean":587838.3125,"dmean2":850394.125,"dvar":423431438336,"dvar2":705728151552,"max":40810028,"mean":4552597,"median":4372980,"min":2222735.5,"var":1181619585020},"spectral_strongpeak":{"dmean":12.191619873,"dmean2":21.4659557343,"dvar":893.524047852,"dvar2":2035.22131348,"max":333.525482178,"mean":13.599858284,"median":0.257914423943,"min":0,"var":1476.20056152},"zerocrossingrate":{"dmean":0.0502946227789,"dmean2":0.0612754076719,"dvar":0.00184247316793,"dvar2":0.00258549186401,"max":0.88623046875,"mean":0.357421070337,"median":0.3466796875,"min":0,"var":0.0115477368236}},"metadata":{"audio_properties":{"analysis_sample_rate":44100,"bit_rate":192000,"codec":"mp3","downmix":"mix","equal_loudness":0,"length":185.155914307,"lossless":false,"md5_encoded":"72dede508c3ca3acb147ea75e1c48df1","replay_gain":-8.58936309814,"sample_rate":44100},"tags":{"album":["Far Beyond Driven"],"album artist credit":["Pantera"],"albumartist":["Pantera"],"albumartistsort":["Pantera"],"artist":["Pantera"],"artist credit":["Pantera"],"artistsort":["Pantera"],"bpm":["0"],"catalognumber":["EKCD 6283"],"date":["1994"],"discnumber":["1/1"],"encodedby":["iTunes v4.8.0.32"],"file_name":"02 - Pantera - Becoming.mp3","genre":["Rock - Metal"],"label":["Gallo Record Company"],"language":["eng"],"media":["CD"],"musicbrainz album release country":["ZA"],"musicbrainz album status":["Official"],"musicbrainz album type":["album"],"musicbrainz_albumartistid":["541f16f5-ad7a-428e-af89-9fa1b16d3c9c"],"musicbrainz_albumid":["3809b136-3633-3008-9a5b-cca11331dac4"],"musicbrainz_artistid":["541f16f5-ad7a-428e-af89-9fa1b16d3c9c"],"musicbrainz_recordingid":["bc01abea-fcde-4c87-b55a-2154c2923bc1"],"musicbrainz_releasegroupid":["60b55a8c-fe68-3397-91a3-7444cab57d7b"],"originaldate":["1994-03-18"],"replaygain_album_gain":["0.00 dB"],"replaygain_album_peak":["0.000000"],"replaygain_track_gain":["-9.07 dB"],"replaygain_track_peak":["1.066681"],"script":["Latn"],"title":["Becoming"],"tracknumber":["2/12"]},"version":{"essentia":"2.1-beta1","essentia_build_sha":"5a811adb4c06fd6d02ca903f7349a26d851abfa8","essentia_git_sha":"v2.1_beta1-34-gf95df8b","extractor":"music 1.0"}},"rhythm":{"beats_count":401,"beats_loudness":{"dmean":0.0234444625676,"dmean2":0.0412178151309,"dvar":0.000419358053477,"dvar2":0.00122237869073,"max":0.211565032601,"mean":0.0573193989694,"median":0.0546972230077,"min":0.00156177463941,"var":0.000483741227072},"beats_loudness_band_ratio":{"dmean":[0.193833217025,0.038809273392,0.053954038769,0.0551940649748,0.0710545778275,0.117699585855],"dmean2":[0.340463668108,0.067244105041,0.0926216989756,0.0973994508386,0.13168169558,0.208964437246],"dvar":[0.0203987285495,0.002