{"lowlevel":{"average_loudness":0.908444464207,"barkbands":{"dmean":[0.000312552321702,0.00441647181287,0.00234364415519,0.00161792710423,0.00229785870761,0.00156838435214,0.000958831398748,0.000891859352123,0.000513330393005,0.00046206015395,0.000352359260432,0.000393939815694,0.000639566511381,0.000655298761558,0.000450223771622,0.000301902618958,0.000271558703389,0.00014135290985,0.000172238302184,0.000271650904324,0.000245720293606,0.0001879548945,0.000102281737782,0.000169838167494,0.0000441109586973,0.00000906849072635,0.00000120648473967],"dmean2":[0.000449438026408,0.00692841364071,0.00402062758803,0.00273296888918,0.00374901178293,0.00247728428803,0.00151869701222,0.0014102156274,0.000799148052465,0.000735255947802,0.000573809898924,0.000633667630609,0.00103051867336,0.00104970554821,0.000719116185792,0.000492171617225,0.000434388319263,0.000224944524234,0.000268460164079,0.000424601021223,0.000385041930713,0.000278598978184,0.000152074440848,0.000248703698162,0.000062418228481,0.0000133621088025,0.00000171368458268],"dvar":[4.43459583721e-7,0.0000487775978399,0.0000115196598927,0.00000574437990508,0.0000102777585198,0.00000770334190747,0.00000583890323469,0.00000445274417871,0.00000118163211482,7.93113827058e-7,5.78331480483e-7,4.42293128344e-7,0.00000105241872461,0.0000010735560636,5.3659761079e-7,1.69646270365e-7,1.40988646535e-7,7.04773839288e-8,1.30551597977e-7,1.81567585855e-7,3.12510735512e-7,4.44195705995e-7,1.21087467164e-7,4.35638924046e-7,2.96993629689e-8,4.63535076989e-9,9.65024726796e-11],"dvar2":[9.1376614364e-7,0.000117527415568,0.0000316824189213,0.0000162349952006,0.0000246518375207,0.0000180136557901,0.0000142938670251,0.0000109224401967,0.00000254299652624,0.00000180790232207,0.00000149569905261,0.0000010572807696,0.00000260573551714,0.00000273737964562,0.00000131911326662,4.03643326763e-7,3.3214567452e-7,1.70476653238e-7,3.12799329549e-7,4.20374419718e-7,7.39745587452e-7,9.83724248727e-7,2.72763486464e-7,9.31973659135e-7,6.01764256203e-8,1.12013855968e-8,2.18417769982e-10],"max":[0.00648704636842,0.07522174716,0.0492427796125,0.0550331547856,0.0816063955426,0.0421847961843,0.0503045469522,0.0376163423061,0.0218763034791,0.0286049097776,0.0214570872486,0.0176430139691,0.0158116426319,0.0219747871161,0.0199144799262,0.0120753217489,0.00800274219364,0.00755399372429,0.0109350830317,0.0101365763694,0.0122593138367,0.0197447612882,0.00799937918782,0.0171122979373,0.00980031862855,0.00546170538291,0.000799048051704],"mean":[0.000320238788845,0.00543327676132,0.00302420277148,0.0025744496379,0.00394723657519,0.00235375203192,0.00139370746911,0.00121369305998,0.00086231372552,0.000769908830989,0.00067780102836,0.000746564008296,0.00116767920554,0.00122467183974,0.00091828481527,0.000608544272836,0.000549573742319,0.00027677428443,0.000317713449476,0.000596618629061,0.000426402169978,0.000235382380197,0.000139386407682,0.00020543228311,0.0000581593922107,0.0000122077426568,0.00000170426051227],"median":[0.0000666377309244,0.00291143613867,0.00178121472709,0.0011603635503,0.00258861132897,0.00118157465477,0.000500185473356,0.000355524505721,0.00032680699951,0.000387610518374,0.000280118343653,0.000462604424683,0.000693980720825,0.000732701271772,0.000554906378966,0.000451721512945,0.000383938488085,0.000175406603375,0.000191109240404,0.000461128161987,0.000249376462307,0.0000274290378002,0.0000261891982518,0.0000148325598275,0.0000033907613215,9.3218523034e-7,1.37747250051e-7],"min":[5.55358816833e-25,2.66223121686e-24,8.74235672511e-25,8.63224949212e-25,1.44725257864e-23,5.19545093799e-24,5.64881639997e-24,8.21205070082e-24,1.87118059154e-23,8.37609274834e-24,1.88491166223e-23,2.59542747774e-23,4.37426937596e-23,3.76816576992e-23,4.60750052021e-23,5.12136956258e-23,5.45403536176e-23,1.2050645499e-22,1.27078120715e-22,1.79971067705e-22,2.20241937289e-22,3.59710854014e-22,4.18697278181e-22,5.82814778668e-22,8.7744132634e-22,1.13299348554e-21,1.99450249741e-21],"var":[5.18377646586e-7,0.0000573273973714,0.0000135625077746,0.0000234224025917,0.0000244594921242,0.0000117741956274,0.00000766012453823,0.00000622531570116,0.0000022197502858,0.00000155627333243,0.00000250801167567,9.3631456366e-7,0.00000233787386605,0.00000223683173317,0.00000152943130161,3.55431865273e-7,2.97007176187e-7,1.11315380025e-7,1.80602029332e-7,3.32241313572e-7,4.1363526293e-7,6.24651192993e-7,1.87852037925e-7,6.72507439958e-7,6.42200888024e-8,7.66333840829e-9,1.80784276438e-10]},"barkbands_crest":{"dmean":2.4581580162,"dmean2":4.02832746506,"dvar":4.9583978653,"dvar2":12.8678665161,"max":23.1319293976,"mean":8.30519390106,"median":7.54567337036,"min":2.39198565483,"var":12.1249113083},"barkbands_flatness_db":{"dmean":0.0182890743017,"dmean2":0.0277722571045,"dvar":0.000303809239995,"dvar2":0.000645242864266,"max":0.324388295412,"mean":0.118168443441,"median":0.116907946765,"min":0.023442350328,"var":0.00168125540949},"barkbands_kurtosis":{"dmean":1.49986791611,"dmean2":2.34861326218,"dvar":5.57270908356,"dvar2":12.5400333405,"max":68.3332748413,"mean":1.27779757977,"median":0.0137181282043,"min":-1.92461705208,"var":17.6213169098},"barkbands_skewness":{"dmean":0.468818992376,"dmean2":0.713980019093,"dvar":0.20659378171,"dvar2":0.456819623709,"max":7.14634227753,"mean":1.03986763954,"median":0.954811930656,"min":-2.07065606117,"var":0.906993865967},"barkbands_spread":{"dmean":6.05108785629,"dmean2":9.06691265106,"dvar":53.1441192627,"dvar2":97.3413467407,"max":115.013397217,"mean":27.5639419556,"median":25.9782981873,"min":1.80004012585,"var":176.588287354},"dissonance":{"dmean":0.0111479265615,"dmean2":0.0185360908508,"dvar":0.000123903548229,"dvar2":0.000320244056638,"max":0.500000119209,"mean":0.479489445686,"median":0.483575433493,"min":0.297944873571,"var":0.000271938391961},"dynamic_complexity":2.20228981972,"erbbands":{"dmean":[0.137226223946,0.988272726536,2.41218805313,4.34824991226,5.67165136337,9.29804325104,11.8832931519,12.4897861481,11.4492397308,18.7171459198,17.1463012695,11.3016300201,11.7832098007,15.548743248,12.6964616776,16.1243972778,27.9967441559,33.523349762,25.1649799347,16.5110912323,17.3729152679,14.2327470779,8.08933925629,6.96760988235,9.92032241821,12.2037067413,12.4344339371,8.08145523071,7.78100633621,3.14852356911,3.33454942703,3.58086156845,2.6083445549,0.726975083351,0.215987965465,0.0596207082272,0.013314044103,0.00213036220521,0.000212940867641,0.0000197008466785],"dmean2":[0.213284641504,1.61809754372,4.0909576416,7.37148666382,9.25155067444,15.5408678055,18.7521457672,19.8878936768,18.2402629852,29.4001026154,26.9682693481,17.0778942108,18.7070960999,24.8355236053,20.5828399658,25.7264614105,44.6271705627,53.6829605103,39.7909660339,26.2855052948,28.1958618164,22.5947780609,12.6799077988,10.7955026627,15.3303394318,18.9981613159,19.665933609,12.4102220535,11.6934432983,4.63684272766,5.01226186752,5.3205947876,3.80220460892,1.03659486771,0.305053383112,0.0869937613606,0.0197772048414,0.00305104604922,0.000297092541587,0.0000282486926153],"dvar":[0.0813912600279,2.22836351395,12.3026781082,38.7144699097,105.245109558,167.980987549,436.08782959,602.045654297,924.17578125,1950.86694336,1909.85644531,643.503356934,608.098205566,874.358276367,618.146606445,715.07623291,2078.30639648,2784.32739258,1598.5793457,985.874267578,617.02154541,425.838012695,198.06187439,229.677429199,397.043426514,421.019317627,424.148040771,729.072692871,851.612426758,91.5414123535,144.802276611,193.582092285,105.85459137,7.20808410645,1.28476524353,0.183347925544,0.0118977110833,0.000236190549913,0.00000285610781248,5.24627452592e-9],"dvar2":[0.184880316257,5.85741901398,34.0460700989,109.00315094,218.883346558,441.761779785,1002.09857178,1409.63623047,2232.7331543,4840.67041016,4555.00195312,1365.36010742,1382.94067383,2117.4597168,1571.31628418,1712.07019043,5073.6796875,7086.59033203,3806.49902344,2603.21826172,1456.84570312,983.978027344,468.304443359,550.797973633,931.633789062,972.848937988,1016.49707031,1715.33081055,1918.87133789,196.83442688,331.521087646,431.799255371,220.526199341,13.8163166046,3.10126757622,0.434302508831,0.030272250995,0.000510656856932,0.00000628064572084,1.23171677302e-8],"max":[2.5161011219,18.8784141541,49.5267028809,140.681259155,371.335266113,176.452301025,299.05847168,497.810119629,707.705444336,855.733215332,892.355712891,679.779846191,580.674194336,700.012939453,722.335144043,761.090270996,824.394714355,1273.27905273,1124.20092773,1350.35290527,818.692932129,534.316894531,285.460174561,542.49609375,457.491271973,580.077575684,384.864868164,607.968811035,888.993591309,301.141845703,260.217163086,392.268920898,239.394271851,88.1505737305,87.5890350342,34.5838546753,8.73391151428,1.288408041,0.143051788211,0.00512261781842],"mean":[0.138492435217,1.26790428162,3.33285737038,7.21103143692,9.49867534637,14.0931444168,19.0618934631,17.7013015747,16.8527317047,26.8701992035,24.601140976,19.9281635284,20.0738792419,31.6339492798,24.0521068573,33.2822227478,54.8625793457,67.1017227173,52.4239883423,37.7216339111,36.8055343628,30.4185886383,17.4644641876,13.499206543,18.8933906555,27.0107269287,26.4192371368,11.5576953888,9.52184581757,4.50091934204,4.35012578964,4.33809995651,3.14391565323,0.937130093575,0.289299100637,0.0804330259562,0.0176677703857,0.00302770850249,0.000313234166242,0.0000499647103425],"median":[0.0416710227728,0.779402434826,2.19048404694,3.69286727905,5.5162062645,9.00817966461,9.22514533997,8.4591999054,6.6988325119,9.40347194672,7.60249471664,7.45424842834,9.20687389374,14.6719274521,13.8854961395,21.6453800201,33.0815849304,41.0106964111,33.8569946289,24.4917831421,27.4466552734,21.4563026428,11.493473053,8.50744247437,11.7769966125,20.502450943,19.8390388489,4.06804513931,1.14376282692,0.856136262417,0.660972952843,0.362576812506,0.215944126248,0.0569502152503,0.018353248015,0.00605168705806,0.00128767313436,0.000227556403843,0.0000424188292527,0.0000369284171029],"min":[9.31266265158e-23,6.16973591823e-22,1.97361335967e-21,6.68006384604e-21,1.9425107224e-20,5.16853853737e-20,5.29756772694e-20,7.21765684642e-20,1.2057563635e-19,8.91651392613e-20,2.95678346595e-19,4.61911767819e-19,3.36567357689e-19,7.09150934731e-19,7.19920050824e-19,1.13431442836e-18,2.26525065109e-18,2.22245790966e-18,2.54204617036e-18,2.48178399478e-18,3.76662358113e-18,3.87928516697e-18,6.72666872364e-18,5.92508935104e-18,7.31573753865e-18,9.84045158684e-18,9.81209583544e-18,1.06863430249e-17,1.09615509777e-17,1.03905539911e-17,1.22676815727e-17,1.08225507204e-17,1.02795835761e-17,8.97342154828e-18,6.45745410789e-18,4.80112129779e-18,2.18813859964e-18,1.0677494467e-18,2.71936608654e-19,2.62109641584e-20],"var":[0.0834545120597,2.44099998474,13.6778879166,160.940643311,377.550292969,249.711929321,790.539245605,830.431396484,1179.50634766,2549.53540039,2719.47924805,1212.37927246,1128.8458252,3722.89794922,1152.51953125,1673.01159668,5063.1328125,6301.125,3750.27587891,3679.24365234,1293.85827637,894.954345703,378.817840576,322.333404541,569.486328125,734.23236084,717.105224609,855.075927734,1115.53283691,167.651870728,210.146697998,284.014038086,165.688766479,14.1275148392,2.37496519089,0.305580765009,0.0172252785414,0.000535200873856,0.00000515020383318,8.72024941145e-9]},"erbbands_crest":{"dmean":2.13679170609,"dmean2":3.47033309937,"dvar":4.06443357468,"dvar2":10.1323041916,"max":28.9564323425,"mean":7.62896442413,"median":6.73853349686,"min":2.06270217896,"var":12.579864502},"erbbands_flatness_db":{"dmean":0.0156385153532,"dmean2":0.0224032979459,"dvar":0.000218768211198,"dvar2":0.000429785111919,"max":0.322873234749,"mean":0.167560562491,"median":0.169131681323,"min":0.0281359087676,"var":0.00153491296805},"erbbands_kurtosis":{"dmean":0.599472105503,"dmean2":0.960732281208,"dvar":0.602086126804,"dvar2":1.43730807304,"max":15.1315231323,"mean":-0.0111013967544,"median":-0.301290512085,"min":-1.68538761139,"var":1.42895400524},"erbbands_skewness":{"dmean":0.275152444839,"dmean2":0.416652411222,"dvar":0.0738388299942,"dvar2":0.154063567519,"max":2.76900744438,"mean":-0.174396470189,"median":-0.201355814934,"min":-3.40560889244,"var":0.275918722153},"erbbands_spread":{"dmean":6.69698190689,"dmean2":10.4891004562,"dvar":41.0988006592,"dvar2":100.179748535,"max":117.114593506,"mean":36.6266288757,"median":35.7513198853,"min":6.88562488556,"var":166.790161133},"gfcc":{"cov":[[12815.6269531,-29.4359931946,-528.069091797,437.075012207,-860.580627441,424.520599365,-463.558807373,362.232879639,-100.023536682,168.523727417,-15.9363098145,37.4678916931,-91.4416351318],[-29.4359931946,1256.32275391,-492.85269165,25.7516174316,276.770599365,-239.267562866,200.931411743,-161.269882202,45.8544006348,-98.0297088623,76.2549057007,-141.809814453,80.8512039185],[-528.069091797,-492.85269165,741.53314209,13.1419038773,-81.924949646,151.95664978,-115.411338806,140.102905273,-5.97916030884,66.7124404907,1.47597467899,103.504455566,-31.369468689],[437.075012207,25.7516174316,13.1419038773,205.474243164,34.9547271729,48.5827255249,8.18483734131,-29.3892726898,12.489320755,2.3676815033,16.7424182892,8.64401626587,19.4556045532],[-860.580627441,276.770599365,-81.924949646,34.9547271729,251.127410889,-42.7389450073,109.246177673,-70.5033569336,3.593719244,-24.6105194092,5.32911348343,-23.4997997284,27.5384082794],[424.520599365,-239.267562866,151.95664978,48.5827255249,-42.7389450073,177.324432373,-0.648173511028,65.8627471924,-6.26781988144,27.9136333466,-0.602540552616,39.1032485962,0.51256275177],[-463.558807373,200.931411743,-115.411338806,8.18483734131,109.246177673,-0.648173511028,164.658187866,-15.0430660248,18.3990154266,-28.7297611237,8.9441986084,-21.7890853882,25.5060138702],[362.232879639,-161.269882202,140.102905273,-29.3892726898,-70.5033569336,65.8627471924,-15.0430660248,165.263198853,33.4030723572,56.774066925,18.1874084473,33.4158592224,-1.97378003597],[-100.023536682,45.8544006348,-5.97916030884,12.489320755,3.593719244,-6.26781988144,18.3990154266,33.4030723572,84.3187179565,35.4314842224,29.5477313995,-9.35696029663,4.04081678391],[168.523727417,-98.0297088623,66.7124404907,2.3676815033,-24.6105194092,27.9136333466,-28.7297611237,56.774066925,35.4314842224,95.0094146729,33.2941894531,28.1641101837,-4.18448400497],[-15.9363098145,76.2549057007,1.47597467899,16.7424182892,5.32911348343,-0.602540552616,8.9441986084,18.1874084473,29.5477313995,33.2941894531,83.0482330322,14.7433137894,23.6105728149],[37.4678916931,-141.809814453,103.504455566,8.64401626587,-23.4997997284,39.1032485962,-21.7890853882,33.4158592224,-9.35696029663,28.1641101837,14.7433137894,86.8784713745,16.3924446106],[-91.4416351318,80.8512039185,-31.369468689,19.4556045532,27.5384082794,0.51256275177,25.5060138702,-1.97378003597,4.04081678391,-4.18448400497,23.6105728149,16.3924446106,69.8614273071]],"icov":[[0.000364958366845,-0.000776047236286,0.000736427842639,-0.0010170583846,0.00119240779895,-0.00128635787405,0.00116748758592,-0.00119014608208,0.00103761162609,-0.000659208802972,0.000773914740421,-0.000510304060299,0.000827955838758],[-0.000776047236286,0.00389742269181,-0.00113446661271,0.00183190498501,-0.00366085581481,0.00459957076237,-0.00336057785898,0.00244363746606,-0.0023385155946,0.00253230333328,-0.00387863465585,0.00317150494084,-0.00298697175458],[0.000736427842639,-0.00113446661271,0.00390279782005,-0.002074430231,0.00128483190201,-0.00364485778846,0.00400048494339,-0.00382403843105,0.00181005580816,-0.000458244729089,0.00105648254976,-0.00248679961078,0.00265299272723],[-0.0010170583846,0.00183190498501,-0.002074430231,0.00923823192716,-0.00415012659505,0.000320597609971,-0.00202478375286,0.00569471158087,-0.00502732908353,0.00218723947182,-0.00277525535785,0.000851966149639,-0.00326200039126],[0.00119240779895,-0.00366085581481,0.00128483190201,-0.00415012659505,0.0116865923628,-0.0032007121481,-0.00100173929241,-0.00112971104681,0.00429409695789,-0.00480397464707,0.00421376898885,-0.00184883747716,0.00175436818972],[-0.00128635787405,0.00459957076237,-0.00364485778846,0.000320597609971,-0.0032007121481,0.0157786365598,-0.00803491473198,0.00160087074619,-0.000824392715003,0.0011841757223,-0.00312867853791,0.00259528495371,-0.00404107943177],[0.00116748758592,-0.00336057785898,0.00400048494339,-0.00202478375286,-0.00100173929241,-0.00803491473198,0.0160814709961,-0.0058311088942,-0.0000104115479189,0.00222887750715,0.00211819866672,-0.00242702686228,0.00218308134936],[-0.00119014608208,0.00244363746606,-0.00382403843105,0.00569471158087,-0.00112971104681,0.00160087074619,-0.0058311088942,0.0156608317047,-0.0067774001509,-0.00187838391867,-0.00216810125858,0.000961331126746,-0.00389721570536],[0.00103761162609,-0.0023385155946,0.00181005580816,-0.00502732908353,0.00429409695789,-0.000824392715003,-0.0000104115479189,-0.0067774001509,0.0218958780169,-0.00865063164383,-0.00097533816006,0.00312612717971,0.00221451395191],[-0.000659208802972,0.00253230333328,-0.000458244729089,0.00218723947182,-0.00480397464707,0.0011841757223,0.00222887750715,-0.00187838391867,-0.00865063164383,0.0216603986919,-0.00795841123909,-0.00269653485157,0.00152989046182],[0.000773914740421,-0.00387863465585,0.00105648254976,-0.00277525535785,0.00421376898885,-0.00312867853791,0.00211819866672,-0.00216810125858,-0.00097533816006,-0.00795841123909,0.0212161224335,-0.00443049287423,-0.00227458868176],[-0.000510304060299,0.00317150494084,-0.00248679961078,0.000851966149639,-0.00184883747716,0.00259528495371,-0.00242702686228,0.000961331126746,0.00312612717971,-0.00269653485157,-0.00443049287423,0.020561337471,-0.00773879047483],[0.000827955838758,-0.00298697175458,0.00265299272723,-0.00326200039126,0.00175436818972,-0.00404107943177,0.00218308134936,-0.00389721570536,0.00221451395191,0.00152989046182,-0.00227458868176,-0.00773879047483,0.0219333805144]],"mean":[5.92607975006,111.605148315,-141.761474609,44.7047271729,-46.4262275696,10.4627408981,-30.822221756,-6.84242486954,-23.0135536194,2.72310805321,-10.6998062134,-10.5355863571,-3.71194076538]},"hfc":{"dmean":8.66707515717,"dmean2":12.3742656708,"dvar":233.731903076,"dvar2":514.988037109,"max":268.931976318,"mean":26.0378894806,"median":20.2590732574,"min":1.06465953421e-16,"var":486.283874512},"melbands":{"dmean":[0.00119864672888,0.00123264663853,0.000735658919439,0.000533118552994,0.00038818406756,0.000277419894701,0.000179198905244,0.000204297786695,0.00013095678878,0.0000703635669197,0.0000603210755799,0.000065978965722,0.0000462052958028,0.0000382524449378,0.0000601465253567,0.0000653789975331,0.0000668231659802,0.0000439992036263,0.0000310475770675,0.0000191882809304,0.0000230491805269,0.0000173766020453,0.0000104445889519,0.0000064166156335,0.00000589533374296,0.00000720939715393,0.00000816224564915,0.00000902612373466,0.00000992578952719,0.00000493213792652,0.00000490523234475,0.00000485720420329,0.00000301169461636,0.00000137183553761,0.0000018807241986,0.00000195349025489,0.00000247645357376,0.00000222199128075,0.00000101904515759,4.85052623844e-7],"dmean2":[0.0018489692593,0.00204022508115,0.00122840621043,0.00088250671979,0.000614471791778,0.000439568801085,0.000283723900793,0.000320750754327,0.000204384123208,0.000107890729851,0.0000961129408097,0.000105581777461,0.0000750342514948,0.0000611238283454,0.0000975011353148,0.000104584141809,0.000107364634459,0.0000699669399182,0.0000499994093843,0.0000310476461891,0.0000376641874027,0.0000279014402622,0.0000167395719473,0.0000102964022517,0.00000925917265704,0.0000112799743874,0.0000128141364257,0.0000142855269587,0.0000159598839673,0.00000771898794483,0.00000761386445447,0.0000073606006481,0.00000454747851109,0.00000204796515391,0.00000286855652121,0.00000295002519124,0.00000373569514522,0.00000329575527758,0.0000014983344272,6.9846231554e-7],"dvar":[0.00000451978303317,0.00000304259697259,0.00000106761422103,6.026678534e-7,3.67315521999e-7,2.72323774198e-7,2.15562280914e-7,2.19927017042e-7,1.12744658054e-7,2.36440378387e-8,1.57951891566e-8,1.57590100969e-8,8.55645865272e-9,5.15470199858e-9,8.96335095035e-9,1.09541682392e-8,1.1518730858e-8,5.33378186063e-9,2.94224489217e-9,8.80110540002e-10,1.16638410042e-9,6.24647611414e-10,2.8558871934e-10,1.51579318541e-10,1.68330613337e-10,2.24302451612e-10,2.48100373579e-10,2.07755979087e-10,2.1995756605e-10,1.54099122351e-10,3.127912096e-10,3.53358536875e-10,1.18407811334e-10,1.74636312356e-11,4.55343575345e-11,5.53055171104e-11,1.04276559609e-10,8.14672010407e-11,1.68604262496e-11,3.3161967096e-12],"dvar2":[0.0000104580203697,0.00000823393565952,0.00000284175939669,0.00000148087679008,8.46275781896e-7,6.36333993498e-7,5.24006964042e-7,5.45982004496e-7,2.6696827149e-7,5.03689072673e-8,3.59841223485e-8,3.76702793403e-8,2.2000358868e-8,1.23027348309e-8,2.21437783665e-8,2.67791442354e-8,2.94748669916e-8,1.29251596093e-8,7.52498330314e-9,2.21713536419e-9,2.81043566197e-9,1.47899970049e-9,6.96946111933e-10,3.62464280812e-10,4.10890849123e-10,5.4404319938e-10,5.80056780386e-10,4.92781149219e-10,5.47792311512e-10,3.6614133947e-10,7.38834604608e-10,8.10645661709e-10,2.67986216551e-10,3.87934198653e-11,1.0472076678e-10,1.26268676071e-10,2.38344455283e-10,1.74386755036e-10,3.41988833086e-11,6.0904861883e-12],"max":[0.0186433121562,0.023987499997,0.022618861869,0.0194836184382,0.00792476627976,0.0097630051896,0.01068724785,0.0100676985458,0.00700753089041,0.00418753875419,0.00331270392053,0.00311012379825,0.0021194126457,0.00184138899203,0.00263474485837,0.00165726733394,0.00232518347912,0.00240837759338,0.0016018692404,0.00108503876254,0.000955636030994,0.00073361757677,0.000309137103613,0.000294852594379,0.000452962849522,0.000435228314018,0.000316328252666,0.000386101892218,0.000310543633532,0.000269999436568,0.000396971707232,0.000568757997826,0.00026403713855,0.000144753823406,0.000164418321219,0.000151547472342,0.000292088458082,0.000254868587945,0.000104863342131,0.0000922233884921],"mean":[0.00139374611899,0.00179101503454,0.00126951886341,0.000865628186148,0.000653880008031,0.000402188539738,0.000266216637101,0.000293487712042,0.000188839898328,0.000120769742352,0.0000994483052636,0.000127791892737,0.0000856668921188,0.0000739008537494,0.000109215645352,0.000121941789985,0.000124764104839,0.0000833450758364,0.0000616234101471,0.0000402840996685,0.0000443267599621,0.0000337134697475,0.0000206401746254,0.0000119600181279,0.0000104228447526,0.0000127060357045,0.0000149458692249,0.0000188861977222,0.0000206567729037,0.00000812943017081,0.00000614444115854,0.00000571001237404,0.00000377722517442,0.00000202226260626,0.00000244154944085,0.00000239963833337,0.00000286605313704,0.00000260374986283,0.00000124025234527,6.27950612397e-7],"median":[0.000645780120976,0.00127028976567,0.000702264020219,0.000539806904271,0.000361351732863,0.000195254382561,0.000104238810309,0.000100735829619,0.0000602934742346,0.0000453585926152,0.0000445242985734,0.0000584131812502,0.0000428455023211,0.0000443654462288,0.0000681570090819,0.000071971800935,0.0000723241173546,0.0000506856449647,0.0000381575082429,0.0000275417714874,0.0000319671198667,0.0000229557299463,0.0000135802138175,0.00000733385741114,0.00000624991935183,0.00000749837136027,0.00000932166221901,0.0000141832069858,0.0000160011495609,0.00000420685364588,0.00000150542075517,6.35780509128e-7,3.64226679039e-7,5.11054793151e-7,4.15357135353e-7,2.56097024476e-7,1.96223680859e-7,1.73130274561e-7,7.14567534033e-8,3.47146418278e-8],"min":[8.99829574328e-25,1.91348526918e-24,1.48208800569e-24,1.9304672751e-24,1.66492525592e-24,1.41589133447e-24,2.12372695561e-24,9.25614183268e-25,2.59657787359e-24,3.0213179399e-24,1.48849986712e-24,2.39751848771e-24,2.41610188127e-24,3.05992834248e-24,2.51290379181e-24,3.36341851551e-24,3.17142791498e-24,3.3680929108e-24,2.94732712573e-24,3.18544538162e-24,4.45343653763e-24,2.81786302105e-24,4.98177928434e-24,5.23155828491e-24,3.68190730092e-24,4.2759085185e-24,5.03814536817e-24,6.26685933693e-24,5.51416336547e-24,5.43135426967e-24,6.14764509921e-24,5.07002875938e-24,5.51860425794e-24,4.99291997248e-24,5.59798851412e-24,5.62523498093e-24,5.98027287538e-24,6.2885786498e-24,7.02057333338e-24,5.58454987417e-24],"var":[0.00000508453513248,0.0000034700717606,0.00000404270440413,0.00000137636652653,7.14895065812e-7,3.90718440713e-7,2.83396985878e-7,2.94413780466e-7,1.59729623306e-7,4.50566410848e-8,2.92582562622e-8,5.86015538317e-8,2.23351381834e-8,1.06172617365e-8,1.7722634027e-8,2.46297613415e-8,2.4533648002e-8,1.11533671188e-8,7.0314682965e-9,3.13989900746e-9,2.23319074344e-9,1.22151211368e-9,5.3554655155e-10,2.33147057216e-10,2.26916832546e-10,3.05654973554e-10,3.61697838347e-10,3.66039365485e-10,3.96078086995e-10,1.97812016767e-10,3.52029155826e-10,4.35779551333e-10,1.72284991828e-10,3.2438988995e-11,6.51117423867e-11,7.67490168641e-11,1.42981057549e-10,1.20959034455e-10,2.67081998878e-11,7.48256751698e-12]},"melbands_crest":{"dmean":3.41256999969,"dmean2":5.5950551033,"dvar":8.51646709442,"dvar2":22.5689411163,"max":32.9721450806,"mean":12.6666593552,"median":11.8029508591,"min":1.59557020664,"var":24.8274841309},"melbands_flatness_db":{"dmean":0.0259475875646,"dmean2":0.0387946106493,"dvar":0.000597933714744,"dvar2":0.00123643653933,"max":0.430102080107,"mean":0.178498506546,"median":0.174529746175,"min":0.00392324663699,"var":0.00319249322638},"melbands_kurtosis":{"dmean":4.26387357712,"dmean2":6.70445919037,"dvar":40.3792419434,"dvar2":95.9072723389,"max":152.961349487,"mean":7.38828516006,"median":4.25982284546,"min":-1.76594674587,"var":121.277297974},"melbands_skewness":{"dmean":0.628528058529,"dmean2":0.975904524326,"dvar":0.382508814335,"dvar2":0.891533970833,"max":10.9399318695,"mean":2.2032353878,"median":2.03765463829,"min":-0.77753585577,"var":1.62871325016},"melbands_spread":{"dmean":9.67869281769,"dmean2":14.8393573761,"dvar":197.654891968,"dvar2":407.385162354,"max":195.828613281,"mean":32.2007217407,"median":28.7274494171,"min":1.32261717319,"var":476.081726074},"mfcc":{"cov":[[6066.47216797,-166.630813599,342.314819336,-48.7997169495,-75.2185974121,-106.789962769,-67.0046615601,29.6372146606,13.9838991165,81.0302810669,89.2963104248,83.1650009155,9.02104663849],[-166.630813599,1176.22399902,-506.298950195,245.827880859,-38.229675293,23.7137947083,66.1714630127,-24.8028831482,-29.2632656097,74.7873001099,-89.9933853149,21.3225955963,-2.99277949333],[342.314819336,-506.298950195,694.26751709,-137.504364014,99.1919021606,-52.6878318787,-30.8283500671,28.2648086548,17.3339271545,-39.3155632019,82.5119552612,1.72066187859,9.74585533142],[-48.7997169495,245.827880859,-137.504364014,211.354324341,29.8911895752,68.223449707,13.4641962051,-4.61714887619,-12.4841794968,5.72616195679,-32.025806427,1.09156298637,16.118265152],[-75.2185974121,-38.229675293,99.1919021606,29.8911895752,117.886871338,29.2949066162,8.36321926117,-5.52850008011,1.36363589764,-2.30482029915,3.65342521667,2.19359207153,11.8130512238],[-106.789962769,23.7137947083,-52.6878318787,68.223449707,29.2949066162,154.432449341,41.5578117371,16.0938034058,5.55187034607,-18.972070694,-15.9465618134,-8.43415927887,3.45839190483],[-67.0046615601,66.1714630127,-30.8283500671,13.4641962051,8.36321926117,41.5578117371,104.535255432,37.8275375366,21.7587966919,5.98553466797,-10.6397218704,0.289723038673,2.60300683975],[29.6372146606,-24.8028831482,28.2648086548,-4.61714887619,-5.52850008011,16.0938034058,37.8275375366,81.7165222168,29.9111976624,-1.41441440582,8.53084945679,-12.9562120438,3.0213932991],[13.9838991165,-29.2632656097,17.3339271545,-12.4841794968,1.36363589764,5.55187034607,21.7587966919,29.9111976624,71.5200271606,20.9527683258,11.1294631958,-0.740106761456,5.5437912941],[81.0302810669,74.7873001099,-39.3155632019,5.72616195679,-2.30482029915,-18.972070694,5.98553466797,-1.41441440582,20.9527683258,85.6206741333,17.7870178223,24.52293396,0.469486087561],[89.2963104248,-89.9933853149,82.5119552612,-32.025806427,3.65342521667,-15.9465618134,-10.6397218704,8.53084945679,11.1294631958,17.7870178223,82.540473938,18.9009094238,8.77795982361],[83.1650009155,21.3225955963,1.72066187859,1.09156298637,2.19359207153,-8.43415927887,0.289723038673,-12.9562120438,-0.740106761456,24.52293396,18.9009094238,67.9337921143,24.1798286438],[9.02104663849,-2.99277949333,9.74585533142,16.118265152,11.8130512238,3.45839190483,2.60300683975,3.0213932991,5.5437912941,0.469486087561,8.77795982361,24.1798286438,65.723526001]],"icov":[[0.000182119256351,-4.44862791937e-7,-0.000144703735714,-0.0000965674043982,0.000239665809204,0.0000228531989706,0.0000985419246717,-0.000104945494968,0.0000381353711418,-0.000183605152415,7.23339724118e-7,-0.000192689025425,0.0000456534144178],[-4.44862791937e-7,0.00167866318952,0.000778760877438,-0.00152521010023,0.0000755673172534,0.000837722269353,-0.00102302210871,0.000108329397335,0.000573573168367,-0.00092183065135,0.000643214560114,-0.000346181186615,0.000312600604957],[-0.000144703735714,0.000778760877438,0.00302148470655,0.000770882645156,-0.00284606707282,0.00106546899769,0.000168831495102,-0.00103892642073,-0.0000718160154065,0.00132679450326,-0.00149139831774,-0.000270432094112,0.000210045254789],[-0.0000965674043982,-0.00152521010023,0.000770882645156,0.00858475733548,-0.00260680657811,-0.00315058068372,0.00174625439104,-0.000839549058583,0.000931180315092,-0.000255129329162,0.000839355110656,0.000570746604353,-0.00207090657204],[0.000239665809204,0.0000755673172534,-0.00284606707282,-0.00260680657811,0.012531414628,-0.00202912907116,-0.00137420068495,0.00274346396327,-0.0000771929771872,-0.00168062606826,0.000636281969491,0.000625708606094,-0.00148208544124],[0.0000228531989706,0.000837722269353,0.00106546899769,-0.00315058068372,-0.00202912907116,0.00974351260811,-0.00336468475871,-0.000526927527972,-0.000717610993888,0.00257557304576,-0.000300172774587,-0.000225698691793,0.000824422750156],[0.0000985419246717,-0.00102302210871,0.000168831495102,0.00174625439104,-0.00137420068495,-0.00336468475871,0.0144368140027,-0.00627553323284,-0.00184044765774,-0.000548545503989,0.00198895181529,-0.00191995478235,0.000227237163926],[-0.000104945494968,0.000108329397335,-0.00103892642073,-0.000839549058583,0.00274346396327,-0.000526927527972,-0.00627553323284,0.0188639014959,-0.00554741406813,0.000870669551659,-0.0023259636946,0.00443364493549,-0.00156353088096],[0.0000381353711418,0.000573573168367,-0.0000718160154065,0.000931180315092,-0.0000771929771872,-0.000717610993888,-0.00184044765774,-0.00554741406813,0.0192772187293,-0.00590602587909,-0.000298626808217,0.00176397478208,-0.00201021810062],[-0.000183605152415,-0.00092183065135,0.00132679450326,-0.000255129329162,-0.00168062606826,0.00257557304576,-0.000548545503989,0.000870669551659,-0.00590602587909,0.0176306180656,-0.00390622671694,-0.00533003592864,0.00285217026249],[7.23339724118e-7,0.000643214560114,-0.00149139831774,0.000839355110656,0.000636281969491,-0.000300172774587,0.00198895181529,-0.0023259636946,-0.000298626808217,-0.00390622671694,0.0168562103063,-0.0036588688381,-0.000878015998751],[-0.000192689025425,-0.000346181186615,-0.000270432094112,0.000570746604353,0.000625708606094,-0.000225698691793,-0.00191995478235,0.00443364493549,0.00176397478208,-0.00533003592864,-0.0036588688381,0.0216416828334,-0.00790161825716],[0.0000456534144178,0.000312600604957,0.000210045254789,-0.00207090657204,-0.00148208544124,0.000824422750156,0.000227237163926,-0.00156353088096,-0.00201021810062,0.00285217026249,-0.000878015998751,-0.00790161825716,0.0191593114287]],"mean":[-620.396850586,129.88458252,-24.7834377289,33.1923141479,3.43606543541,17.5341739655,4.6248497963,-7.39887952805,-2.63563489914,6.34691381454,-11.0530977249,6.41733217239,-2.84640812874]},"pitch_salience":{"dmean":0.0701033174992,"dmean2":0.115411914885,"dvar":0.00350357266143,"dvar2":0.009392272681,"max":0.827966213226,"mean":0.607544660568,"median":0.621502161026,"min":0.106140553951,"var":0.0110262464732},"silence_rate_20dB":{"dmean":0,"dmean2":0,"dvar":0,"dvar2":0,"max":1,"mean":1,"median":1,"min":1,"var":0},"silence_rate_30dB":{"dmean":0.000410172273405,"dmean2":0.00082042865688,"dvar":0.000410009670304,"dvar2":0.00102488603443,"max":1,"mean":0.999589860439,"median":1,"min":0,"var":0.000409968051827},"silence_rate_60dB":{"dmean":0.0010254306253,"dmean2":0.00205107172951,"dvar":0.00102430803236,"dvar2":0.00286716129631,"max":1,"mean":0.0278888549656,"median":0,"min":0,"var":0.0271115396172},"spectral_centroid":{"dmean":295.96685791,"dmean2":447.195251465,"dvar":123054.882812,"dvar2":242331.140625,"max":11700.0087891,"mean":1694.08032227,"median":1623.6628418,"min":242.302993774,"var":816894.8125},"spectral_complexity":{"dmean":4.71410989761,"dmean2":6.80525064468,"dvar":20.0422878265,"dvar2":35.1413269043,"max":60,"mean":29.430021286,"median":30,"min":0,"var":114.284477234},"spectral_contrast_coeffs":{"dmean":[0.0544125661254,0.0496028140187,0.0350179672241,0.0271112043411,0.0192615035921,0.0205621756613],"dmean2":[0.0905314907432,0.0809024721384,0.0575867407024,0.0454452671111,0.0320220515132,0.032996725291],"dvar":[0.00183966592886,0.00155803456437,0.000760636059567,0.000456882058643,0.000262324698269,0.000369509594748],"dvar2":[0.00494577875361,0.00398767786101,0.00201271288097,0.00122536008712,0.000673694419675,0.000894669443369],"max":[-0.283677816391,-0.463399082422,-0.538239657879,-0.603678941727,-0.668247938156,-0.53954410553],"mean":[-0.643200874329,-0.737902641296,-0.798597037792,-0.795970678329,-0.805613696575,-0.725125670433],"median":[-0.653563261032,-0.742539584637,-0.804996132851,-0.799018323421,-0.8070961833,-0.727379441261],"min":[-0.980106890202,-0.974243402481,-0.98081099987,-0.993702769279,-0.988820552826,-0.964165449142],"var":[0.00704536074772,0.00479422835633,0.00273779733106,0.0016914953012,0.000914990901947,0.00196904921904]},"spectral_contrast_valleys":{"dmean":[0.44508433342,0.363149702549,0.304468482733,0.248541608453,0.2182546556,0.373314201832],"dmean2":[0.718766033649,0.585904359818,0.477740168571,0.385701537132,0.312541931868,0.481176704168],"dvar":[0.150025859475,0.116208672523,0.0854899659753,0.0659269914031,0.0739468559623,0.210485190153],"dvar2":[0.345972567797,0.247195601463,0.173028230667,0.117824867368,0.116128891706,0.36491304636],"max":[-5.22500514984,-4.6251950264,-5.16735887527,-5.46125459671,-5.44042062759,-7.24600124359],"mean":[-7.04587459564,-6.69782686234,-7.00995588303,-6.92253017426,-6.97299718857,-10.5227584839],"median":[-6.79658269882,-6.52178812027,-6.83462238312,-6.74000549316,-6.77350330353,-10.4908704758],"min":[-27.8253250122,-28.1160621643,-27.8389377594,-27.6073074341,-27.4558944702,-27.4114665985],"var":[2.93761515617,2.82435655594,2.61449027061,2.56390118599,2.61595487595,2.85718894005]},"spectral_decrease":{"dmean":2.54282639389e-9,"dmean2":3.7452005941e-9,"dvar":8.78382513444e-18,"dvar2":1.83585143438e-17,"max":1.57882789608e-28,"mean":-7.33762028915e-9,"median":-6.33376773251e-9,"min":-4.24126476162e-8,"var":1.99356483326e-17},"spectral_energy":{"dmean":0.0100634265691,"dmean2":0.0148145016283,"dvar":0.000133922876557,"dvar2":0.000280340231257,"max":0.164008170366,"mean":0.0300556756556,"median":0.026463996619,"min":9.83084690194e-21,"var":0.000312677933834},"spectral_energyband_high":{"dmean":0.000805578602012,"dmean2":0.00117098423652,"dvar":0.00000420832429882,"dvar2":0.00000916698354558,"max":0.0333973243833,"mean":0.00145723822061,"median":0.000705050770193,"min":7.02512296558e-21,"var":0.00000686055682309},"spectral_energyband_low":{"dmean":0.00638742744923,"dmean2":0.00995924510062,"dvar":0.0000796571403043,"dvar2":0.000180185976205,"max":0.124094702303,"mean":0.010332679376,"median":0.00675918813795,"min":1.02897517641e-23,"var":0.000125636244775},"spectral_energyband_middle_high":{"dmean":0.00210487144068,"dmean2":0.00310002360493,"dvar":0.00000717603961675,"dvar2":0.0000158161110448,"max":0.0510873012245,"mean":0.00739651313052,"median":0.00592385139316,"min":1.25218473901e-21,"var":0.0000295154532068},"spectral_energyband_middle_low":{"dmean":0.00501814018935,"dmean2":0.00765008898452,"dvar":0.0000401299257646,"dvar2":0.000089010798547,"max":0.100175239146,"mean":0.0125209279358,"median":0.00986445508897,"min":1.8630559553e-22,"var":0.000106576291728},"spectral_entropy":{"dmean":0.119017519057,"dmean2":0.16823849082,"dvar":0.0169668495655,"dvar2":0.0300296004862,"max":9.81673240662,"mean":7.73510217667,"median":7.70057916641,"min":6.0545668602,"var":0.105335466564},"spectral_flux":{"dmean":0.0233410336077,"dmean2":0.0353205800056,"dvar":0.00058117514709,"dvar2":0.00118151120842,"max":0.296115189791,"mean":0.0974138826132,"median":0.0930121839046,"min":6.48821274485e-11,"var":0.00183512561489},"spectral_kurtosis":{"dmean":1.52593052387,"dmean2":2.61340928078,"dvar":2.22828364372,"dvar2":6.47077655792,"max":22.9270477295,"mean":3.37069487572,"median":3.02927303314,"min":-1.2681248188,"var":3.81704235077},"spectral_rms":{"dmean":0.000861029024236,"dmean2":0.00124802696519,"dvar":7.63430648476e-7,"dvar2":0.00000152502559558,"max":0.0126494253054,"mean":0.00515793683007,"median":0.00508119398728,"min":3.09694522631e-12,"var":0.00000271828093901},"spectral_rolloff":{"dmean":570.396118164,"dmean2":891.166748047,"dvar":926405.625,"dvar2":1732082.25,"max":19379.8828125,"mean":1884.98632812,"median":1571.92382812,"min":21.533203125,"var":3506582},"spectral_skewness":{"dmean":0.209480687976,"dmean2":0.340444922447,"dvar":0.0349920131266,"dvar2":0.0863730609417,"max":3.57997655869,"mean":1.12489962578,"median":1.13392972946,"min":-0.0705936178565,"var":0.117473818362},"spectral_spread":{"dmean":410584.375,"dmean2":568493.75,"dvar":468966309888,"dvar2":810735042560,"max":43268028,"mean":3823316,"median":3254978.75,"min":2116045,"var":8078077460480},"spectral_strongpeak":{"dmean":0.504966437817,"dmean2":0.876356303692,"dvar":0.700140357018,"dvar2":1.80786621571,"max":9.36052703857,"mean":0.778988718987,"median":0.38806065917,"min":0,"var":1.01343488693},"zerocrossingrate":{"dmean":0.0113473823294,"dmean2":0.0128585072234,"dvar":0.000257651670836,"dvar2":0.00030314954347,"max":0.51806640625,"mean":0.0650211572647,"median":0.05712890625,"min":0.00634765625,"var":0.00212697940879}},"metadata":{"audio_properties":{"analysis_sample_rate":44100,"bit_rate":0,"codec":"flac","downmix":"mix","equal_loudness":0,"length":226.440002441,"lossless":true,"md5_encoded":"7a3a4aedf293f4c5276d36389e790fea","replay_gain":-8.32597732544,"sample_rate":44100},"tags":{"album":["New York"],"albumartist":["Lou Reed"],"albumartistsort":["Reed, Lou"],"artist":["Lou Reed"],"artistsort":["Reed, Lou"],"asin":["B000002LGA"],"barcode":["075992582926"],"catalognumber":["7599-25829-2"],"date":["1989-01-10"],"discnumber":["01"],"disctotal":["01"],"file_name":"05_there_is_no_time.flac","genre":["Rock"],"label":["Sire Records"],"language":["English"],"media":["CD"],"musicbrainz_albumartistid":["9d1ebcfe-4c15-4d18-95d3-d919898638a1"],"musicbrainz_albumid":["877f9d7a-a1ea-464a-a8a1-a851ab1046c1"],"musicbrainz_artistid":["9d1ebcfe-4c15-4d18-95d3-d919898638a1"],"musicbrainz_discid":["2jZSOYAgxtH_EQPz8khK.Cx.Ts8-","Mu5fz7_4aoDXHe0I6uWQ9rHBxvY-","YB2ILoB1yfsUzVLpX1S2t65Bu08-","ZEsW7d1b0aM.PsR7A5j5B_FlwYk-","aHQm9rjqCKqedO8io7MXeEID5U8-","fm_j0a5GFYdjYy.rGKwGOZEBJ0w-","x67lAjrYgjignNC_pSZ3ElzcpF4-"],"musicbrainz_recordingid":["bc0e7539-0d97-4da8-818a-a3388224fb19"],"musicbrainz_releasegroupid":["bf543d9f-f0de-3f46-87b4-f9cddf58806b"],"musicip_puid":["05c9ae6e-2f72-23a7-2c58-6c7569218756"],"producer":["Fred Maher"],"releasecountry":["Europe"],"script":["Latin"],"title":["There Is No Time"],"tracknumber":["05"],"tracktotal":["14"]},"version":{"essentia":"2.1-beta2","essentia_build_sha":"70f2e5ece6736b2c40cc944ad0e695b16b925413","essentia_git_sha":"v2.1_beta2","extractor":"music 1.0"}},"rhythm":{"beats_count":573,"beats_loudness":{"dmean":0.013663652353,"dmean2":0.0234869271517,"dvar":0.000139716765261,"dvar2":0.000408125313697,"max":0.110743112862,"mean":0.0446957796812,"median":0.0451047495008,"min":0,"var":0.000299778737826},"beats_loudness_band_ratio":{"dmean":[0.257799893618,0.127724513412,0.113872207701,0.086010