{"lowlevel":{"average_loudness":0.934906303883,"barkbands":{"dmean":[0.0022576127667,0.00869560893625,0.00412195594981,0.00202357582748,0.00359593192115,0.00235924730077,0.00131089950446,0.000579566694796,0.000596812518779,0.000383756443625,0.00062985450495,0.000583650660701,0.000277169398032,0.000129576263134,0.000133027831907,0.0000885791523615,0.0000419118005084,0.0000408141349908,0.0000297288534057,0.0000326176486851,0.0000366960812244,0.0000285500445898,0.0000144745290527,0.00000488922842123,0.0000035709997519,0.0000152845332195,0.000284997484414],"dmean2":[0.00368465017527,0.0144335068762,0.00710934586823,0.00344314193353,0.00584313739091,0.00367422052659,0.00207685399801,0.000916895049158,0.000956425617915,0.000617050158326,0.000989437568933,0.000936478201766,0.000450797582744,0.000207641118322,0.00021386773733,0.00014195679978,0.0000657775599393,0.0000636118056718,0.0000459088623757,0.0000508936936967,0.0000557865314477,0.0000416588700318,0.0000236224532273,0.00000815340263216,0.00000583764267503,0.00002559504901,0.000421874865424],"dvar":[0.0000215549825953,0.000222633112571,0.000100521370769,0.00000828256816021,0.0000273436853604,0.0000218997793127,0.00000800386987976,0.00000311763346872,0.00000256846351476,0.00000111078088594,0.00000161766661222,0.00000127105874981,3.23227482113e-7,4.99069550131e-8,7.38772882869e-8,1.73758589739e-8,8.83559181375e-9,6.6022387557e-9,4.77569095381e-9,9.45653688689e-9,2.20419043018e-8,9.27649335125e-9,2.31570007614e-9,9.61818125145e-11,2.75067590233e-11,1.69609548628e-9,2.21077840479e-7],"dvar2":[0.0000512054393766,0.000582882435992,0.000270765915047,0.0000220357069338,0.0000684479746269,0.000048908401368,0.0000184425298357,0.00000766448556533,0.00000603451326242,0.00000270111718237,0.00000363101412404,0.00000308477024191,8.6763930085e-7,1.20535858628e-7,1.84981203688e-7,4.19324415191e-8,1.97665919188e-8,1.4353907396e-8,9.66202140518e-9,1.86604154351e-8,3.72204986832e-8,1.78013372931e-8,5.61385693487e-9,2.4863397452e-10,6.71685831954e-11,4.40018199654e-9,4.22434055736e-7],"max":[0.0971986502409,0.243225604296,0.155745595694,0.0539510175586,0.09170794487,0.0978989601135,0.0846957340837,0.0841779410839,0.0487059392035,0.0377078056335,0.0328349396586,0.034331381321,0.0256241336465,0.00564783625305,0.0120962914079,0.00276793469675,0.00529661681503,0.0033942987211,0.00340852513909,0.0048690866679,0.0101058948785,0.00495474366471,0.00157696206588,0.000168709404534,0.00007226379239,0.000728585757315,0.00890784990042],"mean":[0.00257770507596,0.0116343721747,0.00427396409214,0.0027419035323,0.00640035793185,0.00422153715044,0.00230206502602,0.000876548874658,0.000973410962615,0.000600584666245,0.00102657778189,0.00100360671058,0.000471038278192,0.000228281802265,0.000247920601396,0.000173118081875,0.0000766750308685,0.0000761409246479,0.0000562276181881,0.0000605065361015,0.0000636088661849,0.0000438874922111,0.0000142440312629,0.00000537907908438,0.00000401380202675,0.0000152196635099,0.000790769350715],"median":[0.000946862739511,0.00593900959939,0.0019187447615,0.00155684631318,0.00367855327204,0.00175294536166,0.000821892055683,0.00030623190105,0.000356208183803,0.000240276043769,0.000399680749979,0.000484580756165,0.000253350415733,0.000121351898997,0.00013875462173,0.000107404914161,0.000040889801312,0.0000369131448679,0.0000296828293358,0.000026728179364,0.0000240665249294,0.0000125140813907,0.00000370810062122,0.00000259283888226,0.00000191245658243,0.00000555056158191,0.000538514985237],"min":[2.14091820689e-25,1.09249415789e-24,1.21688066075e-24,3.60450860764e-25,7.16939352087e-24,3.94275402e-24,7.16978795132e-24,7.42908889745e-24,1.12441188427e-23,1.01892051309e-23,9.96202028992e-24,2.25542274779e-23,1.8730915282e-23,3.13098419966e-23,3.82063259318e-23,3.98343802235e-23,5.54635606904e-23,7.61444833321e-23,1.30566324798e-22,1.63458126366e-22,2.36609273838e-22,3.00152587733e-22,3.5170301968e-22,5.18294690889e-22,7.83746057329e-22,1.21507965028e-21,1.85541276403e-21],"var":[0.0000251503497566,0.000289071671432,0.0000762090930948,0.0000138237619467,0.0000611779396422,0.000057550456404,0.0000236301893892,0.00000692730964147,0.00000545630655324,0.0000023396389679,0.00000371415285372,0.00000258403815678,5.68190898775e-7,1.11236374778e-7,1.80556753548e-7,4.01973601072e-8,1.61549653654e-8,1.54465453761e-8,9.14712572353e-9,1.93946174676e-8,4.56526407788e-8,1.8135526858e-8,2.40367747928e-9,8.63778007454e-11,3.34335822916e-11,1.36399402884e-9,7.05213608398e-7]},"barkbands_crest":{"dmean":3.08010983467,"dmean2":5.13030529022,"dvar":6.85252523422,"dvar2":18.3474216461,"max":24.9634590149,"mean":10.5487756729,"median":9.86393070221,"min":2.46314191818,"var":15.1460132599},"barkbands_flatness_db":{"dmean":0.0244225487113,"dmean2":0.038840956986,"dvar":0.000419418938691,"dvar2":0.00104815128725,"max":0.314361065626,"mean":0.153250336647,"median":0.152287110686,"min":0.0424618385732,"var":0.00152946903836},"barkbands_kurtosis":{"dmean":5.8389954567,"dmean2":9.3629989624,"dvar":65.6262359619,"dvar2":163.406402588,"max":161.321029663,"mean":12.9658784866,"median":9.61671447754,"min":-1.85926532745,"var":152.227233887},"barkbands_skewness":{"dmean":0.654112458229,"dmean2":1.03226029873,"dvar":0.410546720028,"dvar2":1.00176227093,"max":10.8160915375,"mean":2.80632328987,"median":2.69643688202,"min":-8.47055435181,"var":1.89115798473},"barkbands_spread":{"dmean":6.19679164886,"dmean2":9.74594306946,"dvar":48.8081436157,"dvar2":107.972694397,"max":130.235992432,"mean":21.3137054443,"median":18.4604492188,"min":1.70499944687,"var":178.63710022},"dissonance":{"dmean":0.0226216986775,"dmean2":0.0383716635406,"dvar":0.000446394231403,"dvar2":0.00123256689403,"max":0.500000119209,"mean":0.459560453892,"median":0.466648459435,"min":0.229874506593,"var":0.000897118472494},"dynamic_complexity":2.88326883316,"erbbands":{"dmean":[0.304602563381,1.9306075573,4.55775165558,5.34136533737,9.72758293152,12.3916072845,18.0434303284,21.1375617981,19.0597190857,16.6501560211,11.6177368164,13.4141435623,12.1264038086,15.567152977,24.8351593018,19.0141487122,12.775935173,5.47461509705,7.0331325531,5.68462228775,4.69971656799,2.29217386246,2.26525378227,1.64947748184,1.5307404995,1.53964662552,1.54302036762,1.37199378014,1.03249228001,0.710259795189,0.360712081194,0.161632061005,0.0583581253886,0.03771873191,0.0268506798893,0.0196534134448,0.0314687490463,0.040159355849,0.0197195447981,0.0122411483899],"dmean2":[0.519687473774,3.201867342,7.79191541672,9.02790641785,16.3165130615,20.2302360535,28.0585384369,32.6621170044,30.2434921265,26.0331306458,18.3117008209,21.4665775299,19.2970809937,24.4517650604,39.1810417175,30.3630313873,20.5699615479,8.79090213776,11.2353477478,9.12054824829,7.48947238922,3.56263327599,3.52454018593,2.57391810417,2.3583946228,2.41086173058,2.37170815468,2.03016519547,1.52445101738,1.07075035572,0.595383882523,0.271943151951,0.0959579497576,0.0616378076375,0.0438806898892,0.0322592072189,0.0525206178427,0.0608516260982,0.0288997739553,0.0178613141179],"dvar":[0.25612449646,11.6191949844,103.319313049,78.651763916,242.013870239,435.096221924,1072.00195312,2100.22216797,1725.62280273,1892.46801758,1230.25830078,1368.15612793,1361.25024414,1242.83044434,1823.01965332,1438.06518555,591.781738281,115.710906982,250.423034668,92.5361480713,52.8054237366,24.5878620148,21.5249767303,11.9007701874,13.1822404861,22.0387153625,42.9201812744,24.4027328491,13.7120018005,6.6995639801,1.32938528061,0.188024386764,0.00647916318849,0.00309905782342,0.00154386181384,0.000749837607145,0.00745658762753,0.0136420093477,0.00201978813857,0.000289211980999],"dvar2":[0.703629255295,30.2875556946,275.029541016,204.631469727,656.229858398,1062.87976074,2343.29785156,4540.16992188,4114.66259766,3932.19897461,2959.25292969,3356.65478516,3299.09057617,2876.08251953,4149.203125,3424.50634766,1506.23303223,295.269958496,600.403076172,231.504837036,125.951164246,52.3670578003,46.4762229919,24.4400196075,24.8699131012,45.1334915161,83.5845108032,39.9899215698,26.9106369019,14.2098264694,3.38605165482,0.493767440319,0.0158939640969,0.00756902620196,0.00377199309878,0.00183164782356,0.0193646345288,0.030704209581,0.00413531949744,0.000587258080486],"max":[7.58238935471,55.0935440063,145.122329712,133.636154175,288.664276123,475.571075439,760.346801758,1233.24047852,1146.68847656,2081.25244141,1067.5592041,1178.94445801,1356.57580566,877.187072754,1193.62670898,1489.5123291,883.225036621,451.692993164,866.598632812,293.997467041,167.815612793,287.990539551,214.729888916,140.801040649,175.80166626,231.811126709,418.917907715,370.024749756,229.019515991,119.343688965,26.8729877472,7.256919384,1.10424721241,0.785876810551,0.528180956841,0.358731240034,1.67227244377,2.55120491982,0.897724092007,0.264957845211],"mean":[0.377709835768,2.4533996582,5.01458644867,7.38120555878,14.786072731,20.3890647888,31.4942111969,37.1994895935,33.0284004211,29.5575408936,19.1836624146,21.7876911163,20.1747684479,26.9063606262,45.5409164429,35.268371582,23.3658542633,11.2890586853,13.8302698135,11.4487924576,9.11581230164,4.62633180618,4.3723654747,3.16421484947,2.9707660675,2.85266447067,2.68924498558,2.36824011803,1.64659941196,0.843927681446,0.35096424818,0.15768840909,0.0720174759626,0.0432746373117,0.0304571967572,0.0242257490754,0.0315977372229,0.055115159601,0.0450290180743,0.0444691628218],"median":[0.196919664741,1.15985059738,2.34321737289,4.53771877289,7.7346944809,10.5539655685,13.8538579941,13.7644176483,12.8177528381,9.69264221191,6.95374679565,8.14065170288,7.98606061935,12.6834754944,22.7410888672,19.9657020569,13.1498355865,6.74460983276,8.08957672119,7.06105899811,5.55984926224,2.63255500793,2.20487189293,1.67316889763,1.52986121178,1.26549780369,1.04239213467,0.853962182999,0.493602156639,0.194843441248,0.099563613534,0.0559157170355,0.0432898178697,0.02122156322,0.0146914236248,0.0139770451933,0.0113565456122,0.0170552097261,0.0232518538833,0.0380549691617],"min":[3.64152298683e-23,4.51554332004e-22,2.28297345615e-21,3.01979852123e-21,5.34650612304e-21,2.22137640979e-20,2.8027173287e-20,2.70905317994e-20,1.11599447159e-19,1.58164106327e-19,2.57122992955e-19,3.2782767753e-19,5.16874559102e-19,7.26953877766e-19,9.41704388746e-19,7.35715478211e-19,1.10573213287e-18,1.33564863849e-18,2.83675883529e-18,2.88925668004e-18,2.9583217117e-18,4.05192024235e-18,5.17836818308e-18,5.56211670799e-18,6.55237845985e-18,8.48535768991e-18,8.41715912995e-18,1.03876927734e-17,8.44512114338e-18,1.10369013413e-17,1.10181400578e-17,1.07773378553e-17,9.15635998537e-18,6.9506870179e-18,6.3193827744e-18,4.30580017032e-18,2.10944270411e-18,7.70021863539e-19,2.17545554271e-19,2.67662980019e-20],"var":[0.296099066734,14.4287614822,83.9776153564,94.8469390869,389.106628418,983.693786621,2722.51782227,5458.82714844,4276.72802734,6364.30712891,2641.70483398,2709.17163086,3041.23095703,2443.37915039,4754.40234375,2774.81445312,1223.32958984,250.197006226,609.098266602,213.979660034,118.081672668,50.5472145081,50.0465431213,24.8612728119,28.0965156555,42.6574516296,77.9135131836,54.793132782,26.0873451233,10.2703762054,1.20339787006,0.148163765669,0.00792685430497,0.0037320444826,0.00188301946037,0.000930198060814,0.006043728441,0.0178316030651,0.00436271680519,0.00110776210204]},"erbbands_crest":{"dmean":2.5929415226,"dmean2":4.170109272,"dvar":5.61198139191,"dvar2":13.7581501007,"max":30.876707077,"mean":8.9922952652,"median":8.13792800903,"min":2.10189652443,"var":17.0657539368},"erbbands_flatness_db":{"dmean":0.0203553326428,"dmean2":0.0311144143343,"dvar":0.000294946221402,"dvar2":0.000675298506394,"max":0.286789059639,"mean":0.138161510229,"median":0.135365992785,"min":0.025470988825,"var":0.00137445004657},"erbbands_kurtosis":{"dmean":0.888104379177,"dmean2":1.42566764355,"dvar":1.74908447266,"dvar2":4.15351724625,"max":45.7213859558,"mean":0.692675232887,"median":0.169039726257,"min":-1.72027623653,"var":4.27370977402},"erbbands_skewness":{"dmean":0.339883923531,"dmean2":0.537932634354,"dvar":0.0883828029037,"dvar2":0.208804830909,"max":4.29091930389,"mean":0.485782235861,"median":0.449607133865,"min":-4.53691005707,"var":0.461429089308},"erbbands_spread":{"dmean":6.25308847427,"dmean2":9.72126197815,"dvar":43.054058075,"dvar2":98.8991851807,"max":171.452804565,"mean":30.5898532867,"median":28.6142539978,"min":2.42084097862,"var":168.175415039},"gfcc":{"cov":[[29898.0507812,2609.49243164,-1849.02746582,-338.723815918,-328.774475098,-621.738464355,214.580825806,-765.295532227,-12.8760347366,-212.898178101,-77.053855896,37.1542549133,-67.7698898315],[2609.49243164,703.463378906,-144.935714722,-177.621109009,29.4218177795,-84.0986404419,29.5242595673,-97.9576950073,13.2406358719,-41.0981063843,43.6668510437,-32.1321144104,41.260597229],[-1849.02746582,-144.935714722,390.093017578,121.189720154,2.79667615891,132.54460144,-66.1896362305,128.700744629,-25.9004077911,27.8381137848,0.12774130702,-19.1092948914,-4.61179685593],[-338.723815918,-177.621109009,121.189720154,272.754058838,65.2049560547,10.9567937851,59.7847137451,11.5328912735,16.2071876526,5.30379867554,-38.5196037292,6.53472948074,-36.8245506287],[-328.774475098,29.4218177795,2.79667615891,65.2049560547,157.582397461,27.3241596222,48.7862701416,-27.0658340454,-5.82500600815,-4.7915968895,7.31110525131,0.589298665524,20.9124011993],[-621.738464355,-84.0986404419,132.54460144,10.9567937851,27.3241596222,186.022369385,-41.3285179138,76.9753265381,-50.2266693115,4.58222436905,12.7414360046,-3.60889530182,17.5334129333],[214.580825806,29.5242595673,-66.1896362305,59.7847137451,48.7862701416,-41.3285179138,170.77734375,-32.9872055054,56.194393158,-11.7313518524,-24.6949234009,15.5105857849,-25.4644832611],[-765.295532227,-97.9576950073,128.700744629,11.5328912735,-27.0658340454,76.9753265381,-32.9872055054,153.039154053,19.949306488,38.5222549438,7.58810424805,-24.1527042389,1.35852944851],[-12.8760347366,13.2406358719,-25.9004077911,16.2071876526,-5.82500600815,-50.2266693115,56.194393158,19.949306488,106.570549011,31.6680812836,2.58038234711,2.28957843781,-28.0629444122],[-212.898178101,-41.0981063843,27.8381137848,5.30379867554,-4.7915968895,4.58222436905,-11.7313518524,38.5222549438,31.6680812836,66.5610275269,32.4817962646,6.95322179794,7.72577762604],[-77.053855896,43.6668510437,0.12774130702,-38.5196037292,7.31110525131,12.7414360046,-24.6949234009,7.58810424805,2.58038234711,32.4817962646,70.542640686,27.5652732849,29.4323558807],[37.1542549133,-32.1321144104,-19.1092948914,6.53472948074,0.589298665524,-3.60889530182,15.5105857849,-24.1527042389,2.28957843781,6.95322179794,27.5652732849,65.6620025635,26.9671401978],[-67.7698898315,41.260597229,-4.61179685593,-36.8245506287,20.9124011993,17.5334129333,-25.4644832611,1.35852944851,-28.0629444122,7.72577762604,29.4323558807,26.9671401978,83.7192306519]],"icov":[[0.000140908377944,-0.000804406474344,0.000900893879589,-0.000749248429202,0.000567508803215,-0.000378334370907,0.00032265909249,-0.000202061070013,0.00051215995336,-0.000736984831747,0.000816087122075,-0.000791450496763,0.000477193854749],[-0.000804406474344,0.00739090377465,-0.00567035097629,0.00556234130636,-0.00315405079164,0.00264353794046,-0.00304966862313,0.00320779718459,-0.00455933297053,0.00706357974559,-0.00847360957414,0.00896071828902,-0.00499242078513],[0.000900893879589,-0.00567035097629,0.0112246507779,-0.00777509901673,0.00403534853831,-0.00452407915145,0.00390446046367,-0.00453308783472,0.00409231241792,-0.00517939263955,0.00531975040212,-0.00544830551371,0.00365738640539],[-0.000749248429202,0.00556234130636,-0.00777509901673,0.0119235394523,-0.00676622893661,0.00385503843427,-0.00334944203496,0.00155315641314,-0.00223097042181,0.00231789518148,-0.000651798851322,0.00138478074223,0.000128636558657],[0.000567508803215,-0.00315405079164,0.00403534853831,-0.00676622893661,0.013660358265,-0.00516576878726,-0.00232270616107,0.00357786985114,0.00076757883653,-0.00181311031338,-0.00190327409655,0.00406986055896,-0.00405218778178],[-0.000378334370907,0.00264353794046,-0.00452407915145,0.00385503843427,-0.00516576878726,0.012249128893,-0.00120199657977,-0.00531722838059,0.00446078926325,0.00302103371359,-0.00309568550438,-0.000647899345495,0.000796538894065],[0.00032265909249,-0.00304966862313,0.00390446046367,-0.00334944203496,-0.00232270616107,-0.00120199657977,0.0123523818329,-0.00157493376173,-0.00381821044721,-0.000570489035454,0.00732703320682,-0.00826451554894,0.00397965265438],[-0.000202061070013,0.00320779718459,-0.00453308783472,0.00155315641314,0.00357786985114,-0.00531722838059,-0.00157493376173,0.0177680235356,-0.00807069800794,-0.00148147612344,-0.00398014904931,0.0116932811216,-0.0067944698967],[0.00051215995336,-0.00455933297053,0.00409231241792,-0.00223097042181,0.00076757883653,0.00446078926325,-0.00381821044721,-0.00807069800794,0.0234688203782,-0.0128821609542,0.00515134213492,-0.0085576698184,0.00975053943694],[-0.000736984831747,0.00706357974559,-0.00517939263955,0.00231789518148,-0.00181311031338,0.00302103371359,-0.000570489035454,-0.00148147612344,-0.0128821609542,0.0357344560325,-0.0214025583118,0.0104917641729,-0.00714392401278],[0.000816087122075,-0.00847360957414,0.00531975040212,-0.000651798851322,-0.00190327409655,-0.00309568550438,0.00732703320682,-0.00398014904931,0.00515134213492,-0.0214025583118,0.0402634255588,-0.0233471710235,0.00532735604793],[-0.000791450496763,0.00896071828902,-0.00544830551371,0.00138478074223,0.00406986055896,-0.000647899345495,-0.00826451554894,0.0116932811216,-0.0085576698184,0.0104917641729,-0.0233471710235,0.0404925048351,-0.0170044191182],[0.000477193854749,-0.00499242078513,0.00365738640539,0.000128636558657,-0.00405218778178,0.000796538894065,0.00397965265438,-0.0067944698967,0.00975053943694,-0.00714392401278,0.00532735604793,-0.0170044191182,0.024747768417]],"mean":[-20.4798812866,103.066177368,-69.235824585,-8.56865596771,-11.1744413376,-16.8986206055,-1.02937793732,-23.5081424713,-6.83774805069,-6.81582355499,-2.18126106262,-1.32616484165,0.494890660048]},"hfc":{"dmean":292.109619141,"dmean2":456.379821777,"dvar":176904.703125,"dvar2":409943.625,"max":5867.80126953,"mean":736.765075684,"median":596.574462891,"min":9.95425708075e-17,"var":358397.28125},"melbands":{"dmean":[0.00253648380749,0.00237976899371,0.00100775132887,0.000762299634516,0.000616956152953,0.000461847317638,0.000278392573819,0.000168964470504,0.00009600679914,0.0000853450328577,0.0000621467042947,0.0000621371946181,0.0000893841061043,0.0000730321626179,0.0000399739255954,0.0000230416662816,0.0000102160447568,0.0000128490282805,0.0000101252398963,0.00000637776656731,0.00000561518072573,0.00000244416742134,0.00000235425773099,0.00000203622789741,0.00000137002507472,0.00000114943850349,0.00000121893333471,0.00000104447894955,9.81087737273e-7,9.97474899123e-7,7.86623388649e-7,6.49018033982e-7,4.94612038437e-7,3.65463336038e-7,2.20145906837e-7,1.54447576506e-7,7.37278540441e-8,3.95341324122e-8,3.4682265948e-8,3.12174748274e-8],"dmean2":[0.00421887123957,0.0040092440322,0.00168633542489,0.00125590665266,0.000966036808677,0.000714150839485,0.000440780771896,0.000263917230768,0.000151797154103,0.00013716169633,0.0000993755966192,0.0000981805205811,0.00014078921231,0.000117236406368,0.0000642918093945,0.0000374042974727,0.0000165283163369,0.0000206070290005,0.0000164036446222,0.0000102458398032,0.00000910210019356,0.00000388268381357,0.00000369091185348,0.0000032095520055,0.00000217509727918,0.00000179898279384,0.00000191029039343,0.00000164644211509,0.00000154427345933,0.00000155525390255,0.00000118914556424,9.82873302746e-7,7.29559076262e-7,5.69760288727e-7,3.68682890439e-7,2.61324629491e-7,1.24320422401e-7,6.50117542023e-8,5.68282558788e-8,5.10164497314e-8],"dvar":[0.0000182335406862,0.0000207847206184,0.00000247294155997,0.00000144678108427,0.00000102094600152,9.01744499515e-7,3.48789626514e-7,1.96323767909e-7,8.28966193467e-8,5.09443545127e-8,3.5589959424e-8,2.08246220268e-8,2.86435462016e-8,2.21898108776e-8,5.36185496003e-9,3.07556979884e-9,3.63323621189e-10,8.39397940045e-10,3.42348482896e-10,9.71739008704e-11,7.90451662458e-11,3.23462680252e-11,2.7163955113e-11,1.66777962968e-11,8.55322149912e-12,6.76693943935e-12,9.46532435764e-12,1.16200885719e-11,1.59965929392e-11,1.84321325564e-11,7.31158189549e-12,5.45833343801e-12,3.16412304344e-12,1.90138182976e-12,5.44495492531e-13,2.15751773543e-13,3.28873687723e-14,3.03909682827e-15,2.43116158851e-15,2.12771478801e-15],"dvar2":[0.0000479334448755,0.0000541505614819,0.00000636239929008,0.00000368912697013,0.00000225898997996,0.00000197751523956,8.30198530366e-7,4.26138740295e-7,1.96012948095e-7,1.23414196196e-7,8.63741647095e-8,4.86229758678e-8,6.44585824716e-8,5.48995657823e-8,1.28586910009e-8,8.74428973674e-9,8.8599122483e-10,1.9892307801e-9,8.85223949698e-10,2.39501918298e-10,1.92650465025e-10,7.45916314826e-11,6.17238413159e-11,3.71797280463e-11,1.83835811157e-11,1.44197171564e-11,1.84355360838e-11,2.60513433742e-11,3.37481501078e-11,3.29242744179e-11,1.29992180214e-11,1.13937106277e-11,6.29325020915e-12,4.25920496788e-12,1.41091283622e-12,5.66973768282e-13,8.71414282421e-14,7.48339717559e-15,5.95145042257e-15,5.198272114e-15],"max":[0.0651188120246,0.0556972324848,0.0233639404178,0.0239143501967,0.021574370563,0.0238177161664,0.0150434114039,0.0187252983451,0.00796404667199,0.00637627020478,0.00652987649664,0.0035986227449,0.00479975063354,0.0048529538326,0.0017392267473,0.00335593032651,0.000460294890217,0.00158768915571,0.000733171065804,0.000196356078959,0.000187271405593,0.000351534312358,0.00023973234056,0.000139876749017,0.00012399397383,0.000115363458463,0.000174830551259,0.000184030344826,0.000235737170442,0.000271430733847,0.000202873314265,0.000144318008097,0.0000723270568415,0.0000598914957664,0.0000176575795194,0.00000913296116778,0.00000319593050335,7.76063245667e-7,7.11777204288e-7,6.46443083951e-7],"mean":[0.00350025785156,0.0029143220745,0.00152309192345,0.00125441502314,0.00110003305599,0.000826915726066,0.000491015031002,0.000291746429866,0.000151793166879,0.000136737537105,0.0000984448342933,0.000102002668427,0.00015429580526,0.000123795995023,0.0000682602985762,0.0000390529385186,0.0000187247533177,0.0000230853402172,0.000018294862457,0.0000125023625515,0.00000990391981759,0.0000043898057811,0.00000426391170549,0.00000363987146557,0.00000242145733864,0.00000208733263207,0.00000214491342376,0.0000018187392925,0.00000164266691627,0.00000161832747381,0.00000130911541874,0.00000102104365851,6.55839471619e-7,3.85310414686e-7,2.07963836374e-7,1.4440429652e-7,7.24068272007e-8,4.79559965072e-8,4.18031262939e-8,3.49472735195e-8],"median":[0.00183163082693,0.00148041546345,0.00097659858875,0.000666811130941,0.000514867249876,0.00032022446976,0.000188820704352,0.0000963809434325,0.0000517881380802,0.0000506596115883,0.0000363588733308,0.0000452985113952,0.0000689425578457,0.0000591921489104,0.0000364359802916,0.0000208471392398,0.0000104340542748,0.0000124640537251,0.000010447240129,0.00000771437771618,0.00000575904823563,0.00000237467702391,0.00000210120151678,0.00000171713168129,0.00000123559061649,0.00000108554991129,9.80320010058e-7,7.88265083429e-7,6.37398841263e-7,5.84920712754e-7,4.46470636462e-7,3.08846210828e-7,1.53420657512e-7,8.01993422783e-8,5.716271545e-8,4.46171277702e-8,2.74335860695e-8,2.84826242591e-8,2.38276065545e-8,1.65835292165e-8],"min":[6.24347217488e-25,1.03422997612e-24,6.65723859436e-25,1.29410087425e-24,1.04555762429e-24,6.15870414024e-25,1.95524184626e-24,1.90386057449e-24,1.7289766199e-24,1.67287934043e-24,2.51528536288e-24,2.20530306182e-24,2.99100734013e-24,2.55937953204e-24,1.05175649328e-24,1.40314225756e-24,2.4124705573e-24,3.79175223767e-24,3.17847106235e-24,2.82403704093e-24,2.87030669125e-24,3.30358893787e-24,3.73314302786e-24,3.57028387726e-24,3.59329258329e-24,4.44882801222e-24,4.06652669046e-24,4.91213548818e-24,4.80853675208e-24,3.85055471841e-24,5.52872534335e-24,4.35885014294e-24,5.01852284758e-24,5.07662245325e-24,5.25006614504e-24,5.18367087809e-24,5.59822477797e-24,5.88354077903e-24,6.15241652439e-24,4.96573227581e-24],"var":[0.0000244005441346,0.0000202874107345,0.00000343250621881,0.00000290006732939,0.00000274777517006,0.00000239537575908,9.02297870198e-7,6.20399418949e-7,1.72261479747e-7,1.06120637611e-7,7.74654296265e-8,4.00777224741e-8,7.12501417865e-8,4.22870662931e-8,1.1297910163e-8,4.52917126026e-9,7.99231125725e-10,1.91435134411e-9,7.20175974411e-10,2.1926586935e-10,1.56270371643e-10,5.48558073965e-11,5.2964091446e-11,3.68360862646e-11,1.60506469227e-11,1.23677153588e-11,2.01633709729e-11,1.92466216575e-11,2.69514445483e-11,3.47176801196e-11,1.58876592438e-11,9.96024356742e-12,5.33208720233e-12,2.54421830825e-12,4.68681571417e-13,1.65209547973e-13,2.59148950942e-14,3.6760899568e-15,2.93865481435e-15,2.57036446537e-15]},"melbands_crest":{"dmean":3.97850632668,"dmean2":6.68486356735,"dvar":10.842124939,"dvar2":29.7143745422,"max":34.0111198425,"mean":14.7500123978,"median":14.2344245911,"min":1.59030163288,"var":26.3304443359},"melbands_flatness_db":{"dmean":0.0303009618074,"dmean2":0.0480052828789,"dvar":0.00066345121013,"dvar2":0.00164208095521,"max":0.466576427221,"mean":0.271949857473,"median":0.274845451117,"min":0.00269687292166,"var":0.00372733781114},"melbands_kurtosis":{"dmean":7.74092292786,"dmean2":12.6002941132,"dvar":150.088821411,"dvar2":391.827636719,"max":275.291015625,"mean":14.500664711,"median":8.95053100586,"min":-1.88998198509,"var":324.243041992},"melbands_skewness":{"dmean":0.75882679224,"dmean2":1.20066642761,"dvar":0.603458702564,"dvar2":1.48422050476,"max":14.0889835358,"mean":2.70692229271,"median":2.49396395683,"min":-2.52669692039,"var":2.26510548592},"melbands_spread":{"dmean":3.80536556244,"dmean2":6.0328130722,"dvar":32.1186141968,"dvar2":69.5182952881,"max":323.636566162,"mean":13.8279571533,"median":10.0656471252,"min":0.90604788065,"var":378.404327393},"mfcc":{"cov":[[8348.93164062,1948.40197754,-336.508911133,319.394348145,-352.326965332,256.108093262,-127.909805298,22.7216796875,-50.0654144287,-107.977455139,-11.9628734589,-15.9745607376,41.2166481018],[1948.40197754,1232.1673584,-85.7124328613,-16.2766456604,-13.9120368958,32.7719116211,24.2266387939,-47.0303382874,-14.1204442978,-38.7119636536,-26.9834632874,-0.267700850964,29.1224632263],[-336.508911133,-85.7124328613,340.640289307,-26.1660938263,101.159225464,-39.0237503052,33.9971199036,22.8793525696,5.41830396652,42.7721557617,11.1081409454,9.99980354309,-3.68766856194],[319.394348145,-16.2766456604,-26.1660938263,303.288970947,-34.3759613037,84.7971420288,-13.2865142822,28.7123641968,30.0576324463,17.9580841064,13.6633834839,5.86144161224,-1.07279396057],[-352.326965332,-13.9120368958,101.159225464,-34.3759613037,181.906326294,3.54087972641,68.3294830322,-16.3937492371,1.22878205776,5.2525396347,-20.8560733795,8.83059406281,15.6773309708],[256.108093262,32.7719116211,-39.0237503052,84.7971420288,3.54087972641,133.894165039,36.6230201721,33.9933395386,-0.530911922455,-10.7636976242,-25.540807724,-6.07005023956,10.9693470001],[-127.909805298,24.2266387939,33.9971199036,-13.2865142822,68.3294830322,36.6230201721,111.79989624,15.3660402298,17.6997852325,-11.9091119766,-23.0840034485,-1.71655321121,8.50384807587],[22.7216796875,-47.0303382874,22.8793525696,28.7123641968,-16.3937492371,33.9933395386,15.3660402298,82.7978591919,20.9560108185,21.4258766174,5.23927783966,-3.31064176559,-8.41676902771],[-50.0654144287,-14.1204442978,5.41830396652,30.0576324463,1.22878205776,-0.530911922455,17.6997852325,20.9560108185,72.5140686035,28.9148330688,16.8424034119,4.80986976624,-2.70126986504],[-107.977455139,-38.7119636536,42.7721557617,17.9580841064,5.2525396347,-10.7636976242,-11.9091119766,21.4258766174,28.9148330688,74.7761917114,37.5314331055,15.1708202362,-2.40730261803],[-11.9628734589,-26.9834632874,11.1081409454,13.6633834839,-20.8560733795,-25.540807724,-23.0840034485,5.23927783966,16.8424034119,37.5314331055,78.2207565308,26.2022666931,-12.3663854599],[-15.9745607376,-0.267700850964,9.99980354309,5.86144161224,8.83059406281,-6.07005023956,-1.71655321121,-3.31064176559,4.80986976624,15.1708202362,26.2022666931,51.0036582947,25.1571350098],[41.2166481018,29.1224632263,-3.68766856194,-1.07279396057,15.6773309708,10.9693470001,8.50384807587,-8.41676902771,-2.70126986504,-2.40730261803,-12.3663854599,25.1571350098,69.0842056274]],"icov":[[0.00024664614466,-0.000386556523154,-0.0000512837141287,-0.000134671325213,0.000297280028462,-0.000361606100341,0.000323414627928,-0.000162684576935,0.0000267392188107,0.000312005344313,-0.000188289370271,0.0000581171989325,-0.00010165511776],[-0.000386556523154,0.00147347350139,0.00018258766795,0.000295466714306,-0.000246724317549,0.00028427518555,-0.000801985734142,0.000865928072017,-0.0000746023433749,-0.00041217985563,0.000325459142914,-0.0000678137876093,-0.0000954397328314],[-0.0000512837141287,0.00018258766795,0.00432461546734,-0.000316050718538,-0.00239312858321,0.00216436269693,-0.000859469058923,-0.00197861366905,0.00145456765313,-0.00211394159123,0.000217033739318,-0.0000768911631894,0.000293773045996],[-0.000134671325213,0.000295466714306,-0.000316050718538,0.00480241049081,0.000328525988152,-0.00374352838844,0.00158038444351,0.000632051669527,-0.00234490679577,-0.000181276089279,-0.00056848989334,-0.000582915905397,0.000428322789958],[0.000297280028462,-0.000246724317549,-0.00239312858321,0.000328525988152,0.0101779745892,-0.00107590586413,-0.00511022238061,0.00392682943493,0.000603796681389,-0.00228219572455,0.00235543400049,-0.00176407548133,-0.000219292385736],[-0.000361606100341,0.00028427518555,0.00216436269693,-0.00374352838844,-0.00107590586413,0.0144482767209,-0.00484231067821,-0.00529873743653,0.00358609226532,-0.000837750034407,0.00303738866933,0.000342005689163,-0.00141598295886],[0.000323414627928,-0.000801985734142,-0.000859469058923,0.00158038444351,-0.00511022238061,-0.00484231067821,0.0167134236544,-0.00294288666919,-0.00598501972854,0.00542265363038,0.000682502810378,-0.000602101907134,-0.0000671731395414],[-0.000162684576935,0.000865928072017,-0.00197861366905,0.000632051669527,0.00392682943493,-0.00529873743653,-0.00294288666919,0.018639491871,-0.00301383528858,-0.00492469687015,0.000799895380624,0.000468908372568,0.00190259970259],[0.0000267392188107,-0.0000746023433749,0.00145456765313,-0.00234490679577,0.000603796681389,0.00358609226532,-0.00598501972854,-0.00301383528858,0.0201084967703,-0.00721883634105,-0.00131261569913,0.00101542531047,-0.000350183574483],[0.000312005344313,-0.00041217985563,-0.00211394159123,-0.000181276089279,-0.00228219572455,-0.000837750034407,0.00542265363038,-0.00492469687015,-0.00721883634105,0.0245487410575,-0.00902252830565,-0.000506672018673,-0.00160202581901],[-0.000188289370271,0.000325459142914,0.000217033739318,-0.00056848989334,0.00235543400049,0.00303738866933,0.000682502810378,0.000799895380624,-0.00131261569913,-0.00902252830565,0.0254915188998,-0.0144551321864,0.00843576993793],[0.0000581171989325,-0.0000678137876093,-0.0000768911631894,-0.000582915905397,-0.00176407548133,0.000342005689163,-0.000602101907134,0.000468908372568,0.00101542531047,-0.000506672018673,-0.0144551321864,0.034841157496,-0.014794934541],[-0.00010165511776,-0.0000954397328314,0.000293773045996,0.000428322789958,-0.000219292385736,-0.00141598295886,-0.0000671731395414,0.00190259970259,-0.000350183574483,-0.00160202581901,0.00843576993793,-0.014794934541,0.0219410955906]],"mean":[-681.710205078,171.583023071,-2.46284294128,27.8066577911,0.570142745972,18.7650852203,5.096347332,-0.369196861982,0.269233107567,-4.68854045868,-3.65348124504,1.49908542633,4.21451282501]},"pitch_salience":{"dmean":0.0730393007398,"dmean2":0.120441570878,"dvar":0.00383758917451,"dvar2":0.010601199232,"max":0.985458552837,"mean":0.563208520412,"median":0.56711101532,"min":0.174563199282,"var":0.0101646017283},"silence_rate_20dB":{"dmean":0.000542937312275,"dmean2":0.00108597287908,"dvar":0.000542679452337,"dvar2":0.00162792752963,"max":1,"mean":0.999728560448,"median":1,"min":0,"var":0.000271357566817},"silence_rate_30dB":{"dmean":0.114740744233,"dmean2":0.229502260685,"dvar":0.101582184434,"dvar2":0.202158689499,"max":1,"mean":0.783297121525,"median":1,"min":0,"var":0.169747069478},"silence_rate_60dB":{"dmean":0.00416251923889,"dmean2":0.00832579191774,"dvar":0.00414618570358,"dvar2":0.00861783698201,"max":1,"mean":0.0426167212427,"median":0,"min":0,"var":0.0408003628254},"spectral_centroid":{"dmean":143.942443848,"dmean2":225.625106812,"dvar":42045.9492188,"dvar2":88393.9765625,"max":11744.9833984,"mean":885.761657715,"median":616.325805664,"min":223.049865723,"var":2118376.25},"spectral_complexity":{"dmean":2.73676586151,"dmean2":4.21104049683,"dvar":8.42400932312,"dvar2":15.6970262527,"max":60,"mean":15.5799856186,"median":16,"min":0,"var":49.9362564087},"spectral_contrast_coeffs":{"dmean":[0.0555408857763,0.0516733378172,0.0388349108398,0.0267217978835,0.0182976778597,0.0421855151653],"dmean2":[0.0921472907066,0.0860819816589,0.064322322607,0.0444766283035,0.0301131755114,0.0659214407206],"dvar":[0.00195422605611,0.00171819142997,0.000957839889452,0.000437208451331,0.000213607519981,0.00150971196126],"dvar2":[0.00529818236828,0.00453811278567,0.00254733138718,0.00117867591325,0.000572256627493,0.00345602142625],"max":[-0.341554492712,-0.413867682219,-0.545420944691,-0.612854361534,-0.691882371902,-0.458225190639],"mean":[-0.667099177837,-0.737183690071,-0.796053767204,-0.815370500088,-0.834999740124,-0.764785051346],"median":[-0.667979836464,-0.742510080338,-0.800137281418,-0.816165685654,-0.83341562748,-0.77413469553],"min":[-0.983948767185,-0.988899767399,-0.985660731792,-0.970650315285,-0.969016969204,-0.966157197952],"var":[0.00772327696905,0.00655168993399,0.00350972544402,0.00181108270772,0.000935001997277,0.00538128474727]},"spectral_contrast_valleys":{"dmean":[0.410912066698,0.371830135584,0.313244342804,0.248185783625,0.26924058795,0.570657253265],"dmean2":[0.677001535892,0.603994309902,0.502377688885,0.394058644772,0.409837931395,0.909116506577],"dvar":[0.119180358946,0.101450942457,0.0781542211771,0.0554594621062,0.0874724090099,0.247449606657],"dvar2":[0.284430027008,0.232940837741,0.172999665141,0.10818772763,0.164649158716,0.597372591496],"max":[-4.98265600204,-4.46398448944,-5.35635566711,-6.00370073318,-5.57767438889,-8.91965103149],"mean":[-6.94230413437,-6.83687782288,-7.29071235657,-7.86502170563,-8.27318191528,-11.2372550964],"median":[-6.45344686508,-6.35537815094,-6.78078174591,-7.39426326752,-7.87195205688,-10.8747577667],"min":[-28.4169692993,-28.0890979767,-28.1563835144,-27.7739048004,-27.5844478607,-27.4399852753],"var":[8.70464801788,8.77938842773,8.34935092926,7.82195901871,7.50164365768,5.62251234055]},"spectral_decrease":{"dmean":4.17845047451e-9,"dmean2":7.1268990709e-9,"dvar":3.25654257368e-17,"dvar2":9.2851870792e-17,"max":4.65409897288e-8,"mean":-1.76052183942e-9,"median":-1.02995678652e-9,"min":-5.35871080842e-8,"var":3.2939546293e-17},"spectral_energy":{"dmean":0.0248818416148,"dmean2":0.0378033295274,"dvar":0.00129947462119,"dvar2":0.0028902774211,"max":0.404461622238,"mean":0.0734712481499,"median":0.0612704902887,"min":9.6239523902e-21,"var":0.00296876719221},"spectral_energyband_high":{"dmean":0.000266428629402,"dmean2":0.000386749423342,"dvar":3.67512171806e-7,"dvar2":6.87908425334e-7,"max":0.0241217426956,"mean":0.000618923513684,"median":0.00035153987119,"min":6.72308773921e-21,"var":8.55129655974e-7},"spectral_energyband_low":{"dmean":0.0125536350533,"dmean2":0.0206462014467,"dvar":0.000417119590566,"dvar2":0.00104973209091,"max":0.257144033909,"mean":0.0190153885633,"median":0.0114573976025,"min":1.36724867222e-23,"var":0.000547884497792},"spectral_energyband_middle_high":{"dmean":0.00137767917477,"dmean2":0.00208344263956,"dvar":0.00000414412852479,"dvar2":0.00000935045409278,"max":0.0439177788794,"mean":0.00388991949148,"median":0.00279448134825,"min":1.14503132625e-21,"var":0.0000162156393344},"spectral_energyband_middle_low":{"dmean":0.00678188214079,"dmean2":0.010748793371,"dvar":0.0000722942495486,"dvar2":0.000171495281393,"max":0.125366151333,"mean":0.0176902599633,"median":0.0135171413422,"min":1.64350384848e-22,"var":0.000238591906964},"spectral_entropy":{"dmean":0.188985869288,"dmean2":0.293360978365,"dvar":0.0288997534662,"dvar2":0.0681560561061,"max":9.82679462433,"mean":7.3402557373,"median":7.30108499527,"min":5.90288734436,"var":0.229067772627},"spectral_flux":{"dmean":0.0354175455868,"dmean2":0.0564986355603,"dvar":0.00183224771172,"dvar2":0.00410944549367,"max":0.504779934883,"mean":0.144824922085,"median":0.133967936039,"min":6.27733282021e-11,"var":0.00509890541434},"spectral_kurtosis":{"dmean":4.95183134079,"dmean2":7.83197689056,"dvar":25.6552639008,"dvar2":63.4023475647,"max":62.9874038696,"mean":20.6116390228,"median":19.5299682617,"min":-1.39114403725,"var":75.9205169678},"spectral_rms":{"dmean":0.00131289998535,"dmean2":0.00195561954752,"dvar":0.00000245476007876,"dvar2":0.00000506429978486,"max":0.0198644585907,"mean":0.00785385165364,"median":0.00773149961606,"min":3.06418367242e-12,"var":0.00000999635449261},"spectral_rolloff":{"dmean":235.415115356,"dmean2":447.849639893,"dvar":3136301.75,"dvar2":9295472,"max":22050,"mean":21725.7753906,"median":21920.8007812,"min":86.1328125,"var":2136302},"spectral_skewness":{"dmean":0.394443809986,"dmean2":0.615528166294,"dvar":0.156774520874,"dvar2":0.37001183629,"max":6.16347122192,"mean":3.28356790543,"median":3.26364612579,"min":-0.218736484647,"var":0.735228538513},"spectral_spread":{"dmean":577150.6875,"dmean2":922293.375,"dvar":389167939584,"dvar2":907484921856,"max":43221284,"mean":5123892.5,"median":4376019,"min":2373819.75,"var":25009848320000},"spectral_strongpeak":{"dmean":34.9563598633,"dmean2":63.8821983337,"dvar":2211.83325195,"dvar2":5678.43798828,"max":571.062927246,"mean":29.8829879761,"median":1.10848140717,"min":0,"var":2249.89746094},"zerocrossingrate":{"dmean":0.0440622232854,"dmean2":0.0595064163208,"dvar":0.00138018466532,"dvar2":0.00253553595394,"max":0.7861328125,"mean":0.467340201139,"median":0.4697265625,"min":0.10693359375,"var":0.00592053169385}},"metadata":{"audio_properties":{"analysis_sample_rate":44100,"bit_rate":160000,"codec":"mp3","downmix":"mix","equal_loudness":0,"length":256.600830078,"lossless":false,"md5_encoded":"f927d5a837b01081be0d463041f35f79","replay_gain":-3.04710769653,"sample_rate":44100},"tags":{"album":["Wheels of Fire"],"album artist credit":["Cream"],"albumartist":["Cream"],"albumartistsort":["Cream"],"artist":["Cream"],"artist credit":["Cream"],"artistsort":["Cream"],"bpm":["0"],"catalognumber":["S 1113 0811"],"composer":["Jack Bruce & Pete Brown"],"date":["1968"],"discnumber":["1/2"],"encodedby":["iTunes v4.8.0.32"],"file_name":"06 - Cream - Politician.mp3","genre":["Rock - Classic Rock"],"label":["Supraphon"],"language":["eng"],"media":["Vinyl"],"musicbrainz album release country":["XC"],"musicbrainz album status":["Official"],"musicbrainz album type":["album"],"musicbrainz_albumartistid":["04cd0cfd-bfd1-4c36-bc38-95c35e2c045f"],"musicbrainz_albumid":["c83c9165-974c-3aa3-8602-01b0ab0948d1"],"musicbrainz_artistid":["04cd0cfd-bfd1-4c36-bc38-95c35e2c045f"],"musicbrainz_recordingid":["bc36b357-05e3-4636-8166-85cb5d8266ff"],"musicbrainz_releasegroupid":["d4cd45f8-9a77-3449-a23c-0167e181fb5e"],"originaldate":["1968"],"replaygain_album_gain":["0.00 dB"],"replaygain_album_peak":["0.000000"],"replaygain_track_gain":["-2.17 dB"],"replaygain_track_peak":["0.882477"],"script":["Latn"],"title":["Politician"],"tracknumber":["6/13"]},"version":{"essentia":"2.1-beta1","essentia_build_sha":"5a811adb4c06fd6d02ca903f7349a26d851abfa8","essentia_git_sha":"v2.1_beta1-34-gf95df8b","extractor":"music 1.0"}},"rhythm":{"beats_count":629,"beats_loudness":{"dmean":0.0612421631813,"dmean2":0.108782328665,"dvar":0.00232673739083,"dvar2":0.00726868910715,"max":0.330701172352,"mean":0.107263319194,"median":0.0991052016616,"min":0,"var":0.003399342997},"beats_loudness_