{"lowlevel":{"average_loudness":0.33008530736,"barkbands":{"dmean":[0.0000186086290341,0.000712961424142,0.000684624304995,0.000615653640125,0.000773582607508,0.000856377533637,0.000788151693996,0.000387406907976,0.000594539218582,0.000585204630625,0.000442133081378,0.000410778244259,0.00031796071562,0.000306539237499,0.000156783746206,0.000110091204988,0.000118138967082,0.000158530601766,0.0000993405774352,0.0000585798516113,0.0000219732555706,0.0000345709813701,0.0000488619079988,0.0000339334328601,0.00000799659028416,0.00000319716059494,0.00000101578439171],"dmean2":[0.0000319535974995,0.00119288626593,0.00112714152783,0.000974474591203,0.00117091380525,0.00126841978636,0.00111170578748,0.000560069107451,0.000887145812158,0.000897345598787,0.000656535557937,0.000614378543105,0.000487053213874,0.000457448535599,0.000243008864345,0.000169798295246,0.000182772404514,0.000242405934841,0.000152187887579,0.000089461391326,0.0000360760641342,0.000055457057897,0.0000744092685636,0.0000514028033649,0.0000127911362142,0.00000530843180968,0.0000017467618818],"dvar":[7.4411361517e-9,0.00000686886778567,0.00000607440870226,0.00000398154497816,0.00000389071965401,0.00000377290552933,0.00000632295223113,0.00000116466014788,0.00000352837651008,0.00000374040428142,0.00000298522900266,0.00000238465349867,0.0000019865763079,0.00000147520552218,2.08358727605e-7,3.06921037918e-7,1.32508873207e-7,2.5211539878e-7,5.83216532846e-8,2.48633913458e-8,9.75653158264e-9,3.07054186521e-8,6.13104376157e-8,4.14330685317e-8,1.63564073397e-9,2.84734985589e-10,3.95166434297e-11],"dvar2":[2.11233857073e-8,0.000020687117285,0.0000169433387782,0.00000953612288868,0.00000940495465329,0.0000089971745183,0.0000113350988613,0.00000242497958425,0.00000844259648147,0.0000091887295639,0.00000566368134969,0.00000523845619682,0.00000459163175037,0.00000305176536131,4.84383519961e-7,6.34980608538e-7,2.75539917993e-7,6.47324725378e-7,1.34169880539e-7,5.72144855937e-8,2.73352345204e-8,8.37015861066e-8,1.4767687162e-7,1.02291863868e-7,4.37329150671e-9,7.70172148279e-10,1.09632899981e-10],"max":[0.0024463350419,0.0824018418789,0.0598390996456,0.0779333040118,0.0735215842724,0.0588768906891,0.105943210423,0.0381422750652,0.0510345324874,0.0628985464573,0.0789065063,0.0516739748418,0.0575663596392,0.0626099035144,0.0185011997819,0.0644447207451,0.0217328052968,0.0180756933987,0.005958981812,0.00441062450409,0.00296741724014,0.00905013550073,0.0128376595676,0.00887332577258,0.00129684910644,0.000476730201626,0.000198554495],"mean":[0.0000390146924474,0.00171280012,0.00140155851841,0.00120401289314,0.0018616290763,0.00203991285525,0.00182444858365,0.000784659117926,0.00113992101979,0.000996583723463,0.000924336607568,0.000768005498685,0.000547598698176,0.00069933058694,0.000289799150778,0.000234261446167,0.000247617921559,0.000317342288326,0.000214335072087,0.000124765690998,0.0000399325690523,0.000068063949584,0.000101007521152,0.0000565836271562,0.0000111213594209,0.00000366742301594,9.38517302984e-7],"median":[0.00000398289739678,0.000509336881805,0.000389049499063,0.00034463161137,0.00065477314638,0.000773850828409,0.000437652663095,0.000194138468942,0.00029500760138,0.000182314703125,0.000123742298456,0.0000984610378509,0.0000884406617843,0.0000886702473508,0.0000546933515579,0.0000337870333169,0.0000382567559427,0.0000382041944249,0.0000349361471308,0.0000229054312513,0.00000695152129992,0.00000642854820398,0.00000649535741104,0.00000527526208316,0.00000114418276098,2.15141454873e-7,3.51875222293e-8],"min":[1.89700837089e-23,5.34791842388e-23,1.84948675887e-23,1.07148760057e-23,3.92259791389e-23,8.38132210728e-23,2.89796447013e-23,7.92333029164e-23,6.31646606609e-23,2.75454122719e-22,8.36595067923e-23,8.26097474976e-23,1.38446414153e-22,1.19647252936e-22,2.15030431848e-22,1.80287142182e-22,1.82215774566e-22,2.88709787961e-22,1.93271742194e-22,2.12073150087e-22,5.16027921166e-22,6.57344438483e-22,4.09935646231e-22,1.01822116581e-21,8.66126763796e-22,1.64333423707e-21,2.18329738455e-21],"var":[1.26271126888e-8,0.0000110816663437,0.0000101628229459,0.00000669515702612,0.0000132758705149,0.000012818986761,0.0000329246358888,0.00000487251554659,0.00000816604369902,0.00000847474984766,0.00001084393989,0.00000645482396067,0.00000510624568051,0.0000107665546238,5.38240726655e-7,0.00000196100063476,4.59102921013e-7,6.16546458332e-7,2.037512985e-7,7.83624045653e-8,1.24867760576e-8,5.03311063937e-8,1.11176881035e-7,5.84342814136e-8,1.68567881875e-9,2.46892783995e-10,2.89612639426e-11]},"barkbands_crest":{"dmean":2.08447098732,"dmean2":3.28196573257,"dvar":4.04762411118,"dvar2":10.193857193,"max":26.4963035583,"mean":9.8649597168,"median":9.01368713379,"min":2.74724245071,"var":16.0097694397},"barkbands_flatness_db":{"dmean":0.0161339938641,"dmean2":0.0239304862916,"dvar":0.000263067369815,"dvar2":0.000530072196852,"max":0.565160393715,"mean":0.167739883065,"median":0.162991121411,"min":0.0316942185163,"var":0.00329971080646},"barkbands_kurtosis":{"dmean":1.97948002815,"dmean2":3.00775718689,"dvar":34.810131073,"dvar2":56.1060791016,"max":538.944641113,"mean":3.50482988358,"median":1.60296058655,"min":-1.91893053055,"var":113.823738098},"barkbands_skewness":{"dmean":0.387724578381,"dmean2":0.573486983776,"dvar":0.159379854798,"dvar2":0.336763858795,"max":7.75276088715,"mean":1.19819164276,"median":1.10741198063,"min":-4.06441259384,"var":1.14306640625},"barkbands_spread":{"dmean":3.53929209709,"dmean2":5.34850072861,"dvar":28.9299449921,"dvar2":58.6912536621,"max":112.719291687,"mean":16.7470684052,"median":13.4401273727,"min":0.0496333502233,"var":163.161270142},"dissonance":{"dmean":0.0251816306263,"dmean2":0.0424188040197,"dvar":0.000617653888185,"dvar2":0.00164899020456,"max":0.499999940395,"mean":0.443740308285,"median":0.452323228121,"min":0.0923126414418,"var":0.00170289434027},"dynamic_complexity":5.75121021271,"erbbands":{"dmean":[0.0147471381351,0.186280220747,0.682279706001,1.46766710281,2.18989443779,2.8984875679,3.88286662102,7.93226861954,10.9419403076,10.8584909439,8.54493904114,13.1507854462,17.6545963287,14.8126354218,17.4998474121,17.9794540405,14.9864845276,16.9715023041,8.78408813477,6.10458087921,5.92299556732,5.75173521042,7.17842197418,5.62725639343,4.63251543045,2.5714931488,1.00542330742,0.829894125462,1.18917417526,1.49307096004,1.28617870808,1.00997233391,0.399361759424,0.118501730263,0.0450983904302,0.0183317679912,0.00495050754398,0.00116358068772,0.000173059874214,0.0000128357887661],"dmean2":[0.0246657654643,0.312662869692,1.13959145546,2.35428714752,3.48612332344,4.36400747299,5.58616113663,11.8869495392,15.7282915115,15.3421487808,12.0859594345,19.5181121826,27.0461921692,22.3673267365,25.4164714813,27.0388278961,23.0595054626,24.6745471954,13.5138406754,9.27237987518,9.03702640533,8.75009918213,11.0687074661,8.48327827454,7.05539703369,3.92895531654,1.61059176922,1.37039577961,1.91741538048,2.35002160072,1.92425966263,1.50627803802,0.630429983139,0.190007477999,0.071470297873,0.0298464801162,0.00826684106141,0.00199375604279,0.000298098835628,0.0000211351798498],"dvar":[0.00357012450695,0.485967516899,6.42995071411,22.1059265137,51.4199447632,46.6250305176,83.5987930298,365.294250488,993.779724121,2026.79443359,636.593383789,2039.8145752,3626.22973633,2612.80541992,4492.66210938,4430.95507812,4542.06982422,4697.65136719,674.963500977,570.919555664,393.2784729,265.987182617,527.769836426,205.137695312,154.334579468,42.4009284973,11.1446657181,21.5985488892,45.0071525574,63.4701423645,39.5177230835,28.1721954346,7.52628421783,0.475603073835,0.0413851439953,0.00784991309047,0.000803719100077,0.0000488654004585,0.00000108616109173,3.76789799361e-9],"dvar2":[0.00989611726254,1.50007724762,18.4631404877,54.0435295105,129.967453003,111.042221069,190.687194824,860.371276855,1934.77099609,3216.21777344,1240.38232422,4932.9609375,9448.94921875,5808.87548828,8290.65820312,9696.05664062,10923.1699219,9616.42285156,1558.57556152,1193.87780762,821.21496582,526.279296875,1293.66491699,458.073974609,363.948608398,98.2501220703,28.6600284576,61.9283256531,122.254295349,168.601547241,91.5539932251,62.1359672546,20.2020397186,1.29466736317,0.10674571991,0.0205015707761,0.00222058291547,0.000135485781357,0.0000030210226214,1.04403241608e-8],"max":[1.75135850906,23.8861160278,83.2072677612,161.006912231,167.902542114,243.309265137,285.018829346,567.201721191,1228.22338867,2512.62475586,1143.13256836,1571.4107666,2871.39672852,1571.66918945,3721.39819336,1955.64343262,2592.84863281,3651.73535156,1187.81005859,2159.29467773,1536.46191406,870.042114258,900.304016113,342.417694092,396.985748291,129.557342529,84.0935134888,153.764572144,334.098266602,488.681060791,277.6590271,207.326461792,152.735458374,28.8283977509,5.16204214096,2.73181557655,0.821389973164,0.207455188036,0.0310222860426,0.00243615708314],"mean":[0.036787815392,0.434492200613,1.47422361374,3.25361537933,4.34039926529,6.8370642662,9.73840999603,17.9971809387,24.4939136505,25.0660381317,18.8342514038,25.592048645,33.8508758545,27.7323894501,40.5565490723,35.7190093994,28.1647319794,40.4779472351,18.4415302277,12.9871749878,12.8342161179,13.338092804,15.7019081116,13.9242839813,10.9845342636,5.93112373352,2.19435977936,1.47592747211,2.32419466972,3.16004157066,2.60989022255,1.80713677406,0.63029897213,0.174220964313,0.0609067603946,0.0220519546419,0.00550422770903,0.00115002144594,0.000170073137269,0.00002946204404],"median":[0.00947451498359,0.131413757801,0.492311388254,1.17684662342,1.54037308693,2.39122796059,3.70522356033,6.42956495285,6.48415517807,6.48176431656,5.04617118835,7.37006092072,7.47317647934,5.89982366562,7.52264356613,5.86888408661,5.47209692001,5.16571140289,3.88471245766,3.07091498375,2.26591038704,2.27837371826,2.3201379776,2.14843177795,1.86001980305,1.12722396851,0.524150311947,0.220826104283,0.208803728223,0.235024824739,0.184443473816,0.147992476821,0.0619259141386,0.0184679292142,0.0057071452029,0.00154348195065,0.000318539183354,0.0000553733225388,0.0000154918598128,0.0000153881464939],"min":[1.02912829747e-21,1.35892171399e-20,2.82449447392e-20,2.32833845625e-20,4.02678146098e-20,2.05765067706e-19,4.50425537833e-19,5.75707211483e-19,4.74256662979e-19,8.04647126993e-19,1.74777307732e-18,1.9721830416e-18,3.68198976958e-18,8.36378530092e-18,5.46378726703e-18,2.77944659257e-18,5.61465715255e-18,6.02645454485e-18,1.06219155813e-17,9.56249739433e-18,1.07663330444e-17,9.45961680564e-18,1.63376674396e-17,9.3666541125e-18,1.31692464018e-17,8.76389090885e-18,1.84922760663e-17,2.19281940793e-17,2.47974354701e-17,1.30080181471e-17,1.42914823388e-17,1.84871128049e-17,1.59791822514e-17,9.58590826002e-18,6.41531876825e-18,5.13510126037e-18,3.34604463266e-18,1.18062475533e-18,3.45190715575e-19,3.025761411e-20],"var":[0.00572710903361,0.744465768337,10.6511955261,41.6252632141,93.1483459473,183.655395508,330.638427734,1168.18945312,3586.06298828,12582.0634766,3036.71435547,4238.14501953,7439.00390625,6992.25976562,20212.3320312,12605.6230469,11323.3779297,36619.0585938,2150.47753906,2631.39135742,1787.11132812,1229.36108398,1487.43981934,885.268493652,633.469543457,145.261672974,22.1648635864,23.2365131378,83.6172027588,105.293708801,73.1365509033,51.6032180786,8.07144069672,0.475478589535,0.0450153127313,0.00750886648893,0.000652596063446,0.0000375203235308,7.92466607891e-7,3.47640072285e-9]},"erbbands_crest":{"dmean":2.77684116364,"dmean2":4.33390426636,"dvar":6.44758653641,"dvar2":15.3290424347,"max":32.5271949768,"mean":11.2075748444,"median":9.94181632996,"min":2.71291637421,"var":27.233291626},"erbbands_flatness_db":{"dmean":0.0164515562356,"dmean2":0.0237306803465,"dvar":0.000294877012493,"dvar2":0.000566637783777,"max":0.568174540997,"mean":0.204986289144,"median":0.204103082418,"min":0.0467214845121,"var":0.00321171060205},"erbbands_kurtosis":{"dmean":1.11300218105,"dmean2":1.71644902229,"dvar":2.9527182579,"dvar2":6.78935098648,"max":47.50365448,"mean":1.26557958126,"median":0.444998025894,"min":-1.80122292042,"var":8.77519035339},"erbbands_skewness":{"dmean":0.347138732672,"dmean2":0.518910169601,"dvar":0.117277532816,"dvar2":0.260964721441,"max":5.43338871002,"mean":0.497772663832,"median":0.468758165836,"min":-4.59139299393,"var":0.713397800922},"erbbands_spread":{"dmean":5.59658670425,"dmean2":8.3928232193,"dvar":52.6136207581,"dvar2":106.99962616,"max":165.078948975,"mean":27.5184383392,"median":23.454656601,"min":0.374031752348,"var":279.565429688},"gfcc":{"cov":[[17045.5742188,-378.138519287,-1140.23937988,1359.11877441,-164.84803772,638.680297852,-288.244659424,297.571136475,-128.709854126,-349.768554688,19.1594657898,-103.738304138,-159.175888062],[-378.138519287,2068.54345703,-30.6960391998,-431.258056641,404.04284668,-194.607971191,217.125457764,-172.926681519,104.552139282,-94.6300888062,112.93397522,-64.9799728394,108.566818237],[-1140.23937988,-30.6960391998,798.674438477,14.1528806686,-1.90879285336,68.8213500977,11.337313652,-4.25424957275,3.951431036,109.341705322,-106.228782654,44.3509864807,3.82802891731],[1359.11877441,-431.258056641,14.1528806686,681.950622559,37.1694793701,110.703857422,-5.11436510086,59.4926147461,15.9248199463,-3.32133173943,-46.3161659241,-28.9148845673,-17.4599647522],[-164.84803772,404.04284668,-1.90879285336,37.1694793701,431.042358398,-31.639377594,99.2117233276,5.96881532669,35.9009056091,46.5015792847,-10.0698537827,-14.0410804749,15.1192588806],[638.680297852,-194.607971191,68.8213500977,110.703857422,-31.639377594,295.846282959,60.1648406982,10.0836801529,-30.7446098328,-13.2043523788,-11.9617185593,-13.9696207047,-37.79529953],[-288.244659424,217.125457764,11.337313652,-5.11436510086,99.2117233276,60.1648406982,252.538040161,6.92406082153,-15.3244848251,12.8649845123,-18.5064029694,-2.78861689568,5.73471403122],[297.571136475,-172.926681519,-4.25424957275,59.4926147461,5.96881532669,10.0836801529,6.92406082153,154.611923218,24.2631492615,3.835105896,-8.18028450012,1.0252392292,-2.69211745262],[-128.709854126,104.552139282,3.951431036,15.9248199463,35.9009056091,-30.7446098328,-15.3244848251,24.2631492615,133.019714355,37.0587692261,6.15434837341,-4.51597309113,12.829167366],[-349.768554688,-94.6300888062,109.341705322,-3.32133173943,46.5015792847,-13.2043523788,12.8649845123,3.835105896,37.0587692261,165.432937622,-0.247213408351,26.250667572,7.41867733002],[19.1594657898,112.93397522,-106.228782654,-46.3161659241,-10.0698537827,-11.9617185593,-18.5064029694,-8.18028450012,6.15434837341,-0.247213408351,170.884017944,26.6056747437,-8.05547809601],[-103.738304138,-64.9799728394,44.3509864807,-28.9148845673,-14.0410804749,-13.9696207047,-2.78861689568,1.0252392292,-4.51597309113,26.250667572,26.6056747437,96.9647216797,16.263217926],[-159.175888062,108.566818237,3.82802891731,-17.4599647522,15.1192588806,-37.79529953,5.73471403122,-2.69211745262,12.829167366,7.41867733002,-8.05547809601,16.263217926,88.5096511841]],"icov":[[0.000130123764393,-0.000278478080872,0.000300608051475,-0.000339827354765,0.000195885659195,-0.000396587071009,0.000445826444775,-0.000452165899333,0.000375582400011,-0.000241450048634,0.000331148330588,-0.000357701617759,0.000311773444992],[-0.000278478080872,0.00218409812078,-0.00115711078979,0.00151789619122,-0.00166433455888,0.0015389554901,-0.00224979035556,0.00256805610843,-0.00234915828332,0.00242690672167,-0.00219093612395,0.00222962745465,-0.00213703420013],[0.000300608051475,-0.00115711078979,0.00248741195537,-0.000972524227109,0.000892085605301,-0.00160061160568,0.00159477523994,-0.0014305121731,0.0013785053743,-0.00218217843212,0.00239857612178,-0.00213851034641,0.00127213087399],[-0.000339827354765,0.00151789619122,-0.000972524227109,0.00296753854491,-0.00136467476841,0.000675254268572,-0.00148188823368,0.00142077705823,-0.00192856602371,0.00156989682,-0.00118299550377,0.00188525370322,-0.00149098597467],[0.000195885659195,-0.00166433455888,0.000892085605301,-0.00136467476841,0.0040706419386,-0.000597438018303,0.000455674395198,-0.00184021901805,0.00122943031602,-0.00249660294503,0.00161883037072,-0.00113690958824,0.00143731408753],[-0.000396587071009,0.0015389554901,-0.00160061160568,0.000675254268572,-0.000597438018303,0.00585751840845,-0.00319054652937,0.00198531267233,-0.00119006668683,0.00187346269377,-0.00195755739696,0.00217478396371,-0.0000903578402358],[0.000445826444775,-0.00224979035556,0.00159477523994,-0.00148188823368,0.000455674395198,-0.00319054652937,0.00744954682887,-0.00315627083182,0.00328661571257,-0.0027245641686,0.00283244042657,-0.00251176371239,0.00165245018434],[-0.000452165899333,0.00256805610843,-0.0014305121731,0.00142077705823,-0.00184021901805,0.00198531267233,-0.00315627083182,0.0101323379204,-0.00425615441054,0.00288082566112,-0.00225512706675,0.00214134668931,-0.00216949381866],[0.000375582400011,-0.00234915828332,0.0013785053743,-0.00192856602371,0.00122943031602,-0.00119006668683,0.00328661571257,-0.00425615441054,0.0114968959242,-0.00453804247081,0.00179899437353,-0.00115378014743,0.00114595855121],[-0.000241450048634,0.00242690672167,-0.00218217843212,0.00156989682,-0.00249660294503,0.00187346269377,-0.0027245641686,0.00288082566112,-0.00453804247081,0.0103873470798,-0.00271201739088,0.000707809114829,-0.00210615131073],[0.000331148330588,-0.00219093612395,0.00239857612178,-0.00118299550377,0.00161883037072,-0.00195755739696,0.00283244042657,-0.00225512706675,0.00179899437353,-0.00271201739088,0.00942844897509,-0.00482746213675,0.00329298945144],[-0.000357701617759,0.00222962745465,-0.00213851034641,0.00188525370322,-0.00113690958824,0.00217478396371,-0.00251176371239,0.00214134668931,-0.00115378014743,0.000707809114829,-0.00482746213675,0.0148740038276,-0.00462750764564],[0.000311773444992,-0.00213703420013,0.00127213087399,-0.00149098597467,0.00143731408753,-0.0000903578402358,0.00165245018434,-0.00216949381866,0.00114595855121,-0.00210615131073,0.00329298945144,-0.00462750764564,0.01483431831]],"mean":[-81.927986145,125.956245422,-128.508163452,18.8871097565,-61.5749549866,7.03694438934,-34.4441108704,1.68506264687,-17.6847991943,-8.44359493256,-1.9191993475,-4.85770130157,-10.4233312607]},"hfc":{"dmean":3.37275910378,"dmean2":4.96412801743,"dvar":54.5087509155,"dvar2":125.305793762,"max":288.448303223,"mean":13.9454708099,"median":7.27523899078,"min":1.10395663518e-16,"var":370.452209473},"melbands":{"dmean":[0.000163421515026,0.00031365029281,0.000265122245764,0.00017886722344,0.000131357213832,0.000178879548912,0.000164292476256,0.00010778678552,0.0000724923302187,0.0000855922116898,0.0000899063888937,0.0000624971216894,0.0000631867660559,0.000045338889322,0.0000458720933239,0.0000275713155133,0.0000341773047694,0.0000151053618538,0.00000999471558316,0.00000800809448265,0.00000731182899472,0.00000646728494758,0.00000645550198897,0.00000888852173375,0.00000447380307378,0.000004059463663,0.00000278661718767,0.00000168029816905,7.13255758455e-7,5.70646875531e-7,4.98170379615e-7,6.38380925011e-7,8.14469956367e-7,9.08572246772e-7,7.77502634719e-7,8.63786112859e-7,5.69871531297e-7,3.17908103398e-7,1.71543646843e-7,7.91872878381e-8],"dmean2":[0.000272910489002,0.000528543896507,0.00042362685781,0.000274756224826,0.000189853089978,0.000266550603556,0.000234535953496,0.000154289315105,0.000102999292722,0.000127646606416,0.000137717550388,0.0000950018438743,0.0000930785972741,0.00006617741019,0.0000695598937455,0.0000421252952947,0.0000497040709888,0.0000230053155974,0.0000154956069309,0.0000122807568914,0.0000111516010293,0.00000992437617242,0.00000988418105408,0.0000136004682645,0.00000676479930917,0.00000630239173915,0.00000417299179389,0.00000261230070464,0.00000113301666715,9.51269385041e-7,8.41097460125e-7,0.000001034734737,0.00000131572562623,0.00000142692124427,0.0000012001585219,0.00000129645434299,8.69993243668e-7,5.11810867465e-7,2.80444766076e-7,1.28961929136e-7],"dvar":[3.52722338448e-7,0.00000138474024425,6.67653466735e-7,2.50225753007e-7,8.66318714543e-8,1.83575878054e-7,2.09146037378e-7,1.70196827298e-7,4.6382460539e-8,8.09830424942e-8,9.44881861642e-8,4.96009349149e-8,6.41501074483e-8,1.82659238845e-8,3.91627708041e-8,1.30194415249e-8,2.07632062654e-8,2.13330286769e-9,8.09566691462e-10,2.98275160127e-9,4.61299942689e-10,3.50215856315e-10,7.93268173371e-10,8.63880633695e-10,1.46525278022e-10,1.22780369205e-10,7.03144348302e-11,1.99527599304e-11,4.99357976844e-12,5.88829809564e-12,8.75264357519e-12,1.28443236949e-11,1.53278813253e-11,2.83789051286e-11,1.71533152266e-11,1.97183207262e-11,1.09767975959e-11,4.85591775123e-12,1.77901107474e-12,1.46758026196e-13],"dvar2":[0.00000101285718301,0.0000041034681999,0.0000016313068727,6.07327478974e-7,2.02237046665e-7,4.32905466141e-7,4.06040300049e-7,2.77362346424e-7,9.35699304705e-8,1.98469351176e-7,2.46088603717e-7,1.11115888046e-7,1.22678073922e-7,3.41873516163e-8,9.30637611418e-8,3.08563521401e-8,4.17068264369e-8,4.80024642258e-9,1.79191772531e-9,6.00940408546e-9,9.53583878527e-10,7.08805181215e-10,1.671293548e-9,2.18673568142e-9,3.27072174899e-10,3.05562908309e-10,1.55498808274e-10,4.77540021415e-11,1.25747251153e-11,1.62646320023e-11,2.52032665571e-11,3.48225059899e-11,4.14518003256e-11,7.58700047232e-11,4.35457919723e-11,4.18029812155e-11,2.64982376319e-11,1.30866524214e-11,4.99932603995e-12,3.91751464168e-13],"max":[0.0140240462497,0.0414199456573,0.0284906439483,0.0202056635171,0.00865582935512,0.014156434685,0.0196495186538,0.0227570682764,0.0102801434696,0.00916036125273,0.014198904857,0.00736454967409,0.0123719163239,0.00390287023038,0.00687219481915,0.00324997422285,0.00829064659774,0.0019553527236,0.000857150240336,0.00672953296453,0.000897627673112,0.0005739404005,0.00194798433222,0.00111586006824,0.000298007013043,0.000300290557789,0.000346973887645,0.000106320927443,0.0000472052015539,0.0000776742454036,0.00010293633386,0.000184525139048,0.0001839503675,0.000338581070537,0.000217543405597,0.000218773973756,0.000140526564792,0.000123265126604,0.0000750598919694,0.000010520797332],"mean":[0.000410816719523,0.00072504056152,0.000579684274271,0.000413744070102,0.000336065830197,0.000412002234953,0.000379820703529,0.000242643960519,0.000151163068949,0.000164115408552,0.000167701975442,0.000108376058051,0.000135370515636,0.000094423405244,0.0000827682233648,0.0000487412435177,0.0000812474754639,0.0000278476891253,0.0000185537792277,0.0000178436093847,0.0000140993861351,0.0000134091396831,0.0000127982839331,0.000017468992155,0.0000102305275504,0.00000843213638291,0.00000623906544206,0.00000342673388332,0.00000139883729844,9.78648813543e-7,7.96342533249e-7,0.00000115502132303,0.00000158866112088,0.00000181426389645,0.00000143903935168,0.00000155213274411,9.19421893286e-7,4.85244640913e-7,2.35118079672e-7,1.1195299976e-7],"median":[0.000116416813398,0.000267846015049,0.000225377691095,0.00014397513587,0.000135638052598,0.000146574879182,0.000097867945442,0.0000654167015455,0.0000402864316129,0.0000429568899563,0.0000331658047799,0.0000188464327948,0.0000208611163544,0.0000138877858262,0.000012001793948,0.00000882775384525,0.00000859047486301,0.00000558482724955,0.00000379582274945,0.00000292405638902,0.00000234330832427,0.00000194689005184,0.00000199684836844,0.00000187956379705,0.00000145829665144,0.0000013000448007,9.0056676072e-7,5.95797587266e-7,3.15540262363e-7,1.37854044624e-7,9.40835818142e-8,9.22001461845e-8,1.36062197953e-7,1.09618348176e-7,9.64257580449e-8,9.94333220206e-8,8.10074993751e-8,4.43024568142e-8,2.11028261532e-8,1.1601654748e-8],"min":[1.39133228011e-23,1.69861411308e-23,4.52032208163e-24,8.43343110324e-24,1.48713139067e-23,1.44050482023e-23,6.78959486033e-24,9.99028596501e-24,1.35705927145e-23,1.16882814534e-23,2.0315348721e-23,3.72746843582e-23,1.49027579024e-23,1.16211998774e-23,7.00202800235e-24,1.40700158204e-23,1.07799885848e-23,1.8136768914e-23,1.30868908176e-23,1.25633411897e-23,1.27302554798e-23,8.43903280452e-24,1.60861060582e-23,1.26642246666e-23,6.2935354573e-24,1.01015579511e-23,8.60336751944e-24,4.73295598876e-24,9.43223629433e-24,1.28016789461e-23,1.3576834182e-23,1.56375660584e-23,1.07520952521e-23,5.55308536811e-24,7.83417528317e-24,9.32817528574e-24,1.2008938423e-23,1.07822825923e-23,1.10695305138e-23,7.12458464373e-24],"var":[6.1186409539e-7,0.00000216886064663,0.00000120712559237,7.97063478331e-7,3.49302922587e-7,6.11553105045e-7,8.73626561315e-7,0.00000103714251054,1.85965177479e-7,1.77123652634e-7,1.93463733922e-7,1.3181210079e-7,2.2910143116e-7,6.52256844091e-8,1.06617896733e-7,3.30726734887e-8,1.74638771e-7,5.59642687747e-9,1.86681914371e-9,1.99250305144e-8,1.38399969263e-9,1.31733302045e-9,1.85532933461e-9,2.37817965321e-9,5.99555405323e-10,3.71960268142e-10,2.91074497838e-10,5.66085164855e-11,9.81599350414e-12,8.23624154989e-12,8.5937949465e-12,2.22602093009e-11,2.71060604518e-11,4.25795371184e-11,2.51865750478e-11,3.6805582887e-11,1.66288146447e-11,5.17633505503e-12,1.46148772338e-12,1.59396855524e-13]},"melbands_crest":{"dmean":2.45344400406,"dmean2":3.88329482079,"dvar":5.74471187592,"dvar2":14.2103834152,"max":33.5871086121,"mean":12.7289447784,"median":11.7562074661,"min":2.59952664375,"var":24.8878555298},"melbands_flatness_db":{"dmean":0.0175164807588,"dmean2":0.025704273954,"dvar":0.000330100330757,"dvar2":0.000653082854114,"max":0.669053673744,"mean":0.23033516109,"median":0.224269062281,"min":0.00599038833752,"var":0.00584163563326},"melbands_kurtosis":{"dmean":3.3950278759,"dmean2":5.15958404541,"dvar":37.4273986816,"dvar2":81.8740844727,"max":181.630828857,"mean":7.63160181046,"median":4.19165372849,"min":-1.86952280998,"var":130.508636475},"melbands_skewness":{"dmean":0.465336799622,"dmean2":0.69360435009,"dvar":0.249009370804,"dvar2":0.540363967419,"max":11.0235033035,"mean":1.83184838295,"median":1.66104435921,"min":-2.04791975021,"var":1.72256076336},"melbands_spread":{"dmean":4.73359107971,"dmean2":7.04919481277,"dvar":76.5964355469,"dvar2":140.412200928,"max":243.49887085,"mean":21.721282959,"median":16.217212677,"min":0.217308789492,"var":461.748687744},"mfcc":{"cov":[[13090.4648438,-419.362060547,-942.400268555,742.095947266,261.153869629,255.754928589,-13.3329353333,557.744262695,-260.259674072,403.092315674,-74.5449829102,-210.721725464,-43.8610191345],[-419.362060547,1892.26037598,-216.012359619,-74.2375411987,94.8565216064,-34.1335525513,88.7722167969,-42.1338882446,91.9332504272,-22.6222419739,10.112288475,4.37196016312,-28.2449569702],[-942.400268555,-216.012359619,773.894897461,-51.0180206299,-40.1604156494,101.510231018,-5.79034948349,-43.1006507874,54.8069534302,-58.0909500122,15.5776014328,34.8135261536,5.80107736588],[742.095947266,-74.2375411987,-51.0180206299,409.899841309,113.138465881,57.5157928467,9.94162273407,9.85918521881,71.3638916016,28.6541080475,4.14174079895,0.984236836433,19.6427497864],[261.153869629,94.8565216064,-40.1604156494,113.138465881,283.532531738,26.7620201111,-7.90419387817,5.1366853714,23.5504589081,26.8552379608,15.6864557266,2.86537456512,19.0514583588],[255.754928589,-34.1335525513,101.510231018,57.5157928467,26.7620201111,268.540618896,86.5669403076,16.6298103333,68.625,6.33225822449,32.2515487671,2.1531329155,-9.39739704132],[-13.3329353333,88.7722167969,-5.79034948349,9.94162273407,-7.90419387817,86.5669403076,206.226364136,55.6794929504,24.9807853699,5.83941364288,19.7173614502,7.93640136719,-18.1819419861],[557.744262695,-42.1338882446,-43.1006507874,9.85918521881,5.1366853714,16.6298103333,55.6794929504,185.956069946,-25.121711731,43.7813262939,-8.23279190063,-26.6686706543,-15.7054080963],[-260.259674072,91.9332504272,54.8069534302,71.3638916016,23.5504589081,68.625,24.9807853699,-25.121711731,228.900588989,5.67043781281,12.2047300339,0.605787158012,-12.6622934341],[403.092315674,-22.6222419739,-58.0909500122,28.6541080475,26.8552379608,6.33225822449,5.83941364288,43.7813262939,5.67043781281,127.608406067,12.8970098495,-11.6447381973,-10.230427742],[-74.5449829102,10.112288475,15.5776014328,4.14174079895,15.6864557266,32.2515487671,19.7173614502,-8.23279190063,12.2047300339,12.8970098495,102.834854126,33.9708709717,17.2891864777],[-210.721725464,4.37196016312,34.8135261536,0.984236836433,2.86537456512,2.1531329155,7.93640136719,-26.6686706543,0.605787158012,-11.6447381973,33.9708709717,113.939781189,33.7880859375],[-43.8610191345,-28.2449569702,5.80107736588,19.6427497864,19.0514583588,-9.39739704132,-18.1819419861,-15.7054080963,-12.6622934341,-10.230427742,17.2891864777,33.7880859375,99.6382675171]],"icov":[[0.00012352433987,0.00000387556929127,0.000118012540042,-0.000199349757168,0.00000752743289922,-0.00020388122357,0.000153463915922,-0.000270786345936,0.000189011072507,-0.000203157833312,0.0000656036718283,0.0000768062745919,0.0000182881358342],[0.00000387556929127,0.000620016828179,0.000198638037546,0.000230713369092,-0.000302231637761,0.000169253195054,-0.000355489493813,0.000187287427252,-0.000319215090713,0.000169446735526,-0.0000214052379306,-0.0000247264379141,0.000147751066834],[0.000118012540042,0.000198638037546,0.00166648987215,0.000121711469546,0.0000761956398492,-0.000819742097519,0.000375659641577,-0.000140059535624,-0.000209351797821,0.00042941555148,0.0000404331440222,-0.00033119256841,0.0000646084663458],[-0.000199349757168,0.000230713369092,0.000121711469546,0.00342145073228,-0.00111779756844,-0.000113817346573,-0.000298112863675,0.000381940539228,-0.00124215765391,0.0000398461379518,0.000282017601421,-0.000189359154319,-0.000633635034319],[0.00000752743289922,-0.000302231637761,0.0000761956398492,-0.00111779756844,0.00425600446761,-0.000401898636483,0.000550787313841,-0.00016167233116,0.0000665698971716,-0.000642206112389,-0.000419658899773,0.0000906551940716,-0.000658492092043],[-0.00020388122357,0.000169253195054,-0.000819742097519,-0.000113817346573,-0.000401898636483,0.00550472037867,-0.00226602121256,0.000424992234912,-0.0013106695842,0.000338326441124,-0.00128668302204,0.000385718565667,0.000238544351305],[0.000153463915922,-0.000355489493813,0.000375659641577,-0.000298112863675,0.000550787313841,-0.00226602121256,0.00684664631262,-0.00243813474663,0.0000159520732268,0.000277434039162,-0.000689041917212,-0.000897397345398,0.00100410031155],[-0.000270786345936,0.000187287427252,-0.000140059535624,0.000381940539228,-0.00016167233116,0.000424992234912,-0.00243813474663,0.00753523921594,0.000531024183147,-0.00168883486185,0.000520726491231,0.00109709962271,0.000112262452603],[0.000189011072507,-0.000319215090713,-0.000209351797821,-0.00124215765391,0.0000665698971716,-0.0013106695842,0.0000159520732268,0.000531024183147,0.00565786892548,-0.000755510875024,-0.000107577739982,0.000280709704384,0.000764971133322],[-0.000203157833312,0.000169446735526,0.00042941555148,0.0000398461379518,-0.000642206112389,0.000338326441124,0.000277434039162,-0.00168883486185,-0.000755510875024,0.00970652885735,-0.00182845967356,0.000335173564963,0.000969100510702],[0.0000656036718283,-0.0000214052379306,0.0000404331440222,0.000282017601421,-0.000419658899773,-0.00128668302204,-0.000689041917212,0.000520726491231,-0.000107577739982,-0.00182845967356,0.011862102896,-0.00300763826817,-0.00135971279815],[0.0000768062745919,-0.0000247264379141,-0.00033119256841,-0.000189359154319,0.0000906551940716,0.000385718565667,-0.000897397345398,0.00109709962271,0.000280709704384,0.000335173564963,-0.00300763826817,0.0111768990755,-0.00308656715788],[0.0000182881358342,0.000147751066834,0.0000646084663458,-0.000633635034319,-0.000658492092043,0.000238544351305,0.00100410031155,0.000112262452603,0.000764971133322,0.000969100510702,-0.00135971279815,-0.00308656715788,0.0120360543951]],"mean":[-715.257263184,148.765625,-4.20208024979,11.5963773727,-1.43913722038,-2.22213387489,-3.38850331306,6.03453207016,-14.0211820602,4.51165914536,-3.44113373756,-0.133082062006,-0.374801546335]},"pitch_salience":{"dmean":0.0561968833208,"dmean2":0.0883776396513,"dvar":0.00252076308243,"dvar2":0.00610749330372,"max":0.866266608238,"mean":0.545887708664,"median":0.55145740509,"min":0.129868030548,"var":0.0114689674228},"silence_rate_20dB":{"dmean":0,"dmean2":0,"dvar":0,"dvar2":0,"max":1,"mean":1,"median":1,"min":1,"var":0},"silence_rate_30dB":{"dmean":0.00339054875076,"dmean2":0.00678181648254,"dvar":0.00337901571766,"dvar2":0.00864304509014,"max":1,"mean":0.996080100536,"median":1,"min":0,"var":0.00390446418896},"silence_rate_60dB":{"dmean":0.0273362994194,"dmean2":0.0546783953905,"dvar":0.0265894271433,"dvar2":0.0593192912638,"max":1,"mean":0.234664693475,"median":0,"min":0,"var":0.179583206773},"spectral_centroid":{"dmean":152.832046509,"dmean2":222.52633667,"dvar":50090.703125,"dvar2":87589.7265625,"max":10662.4648438,"mean":1095.98510742,"median":899.238708496,"min":222.046539307,"var":456960.90625},"spectral_complexity":{"dmean":1.86162316799,"dmean2":3.02808094025,"dvar":4.05436420441,"dvar2":9.87780761719,"max":53,"mean":13.0345373154,"median":12,"min":0,"var":59.7755126953},"spectral_contrast_coeffs":{"dmean":[0.0376157909632,0.0403327532113,0.0351197533309,0.0288271605968,0.0212920159101,0.015030933544],"dmean2":[0.0612967722118,0.0643517524004,0.0555486343801,0.0458783023059,0.0334475077689,0.0232943184674],"dvar":[0.00103268155362,0.00112561648712,0.000827143201604,0.000560213287827,0.000359431287507,0.000225400988711],"dvar2":[0.0028065724764,0.00285717705265,0.00200573191978,0.0013697425602,0.00074523006333,0.000486408272991],"max":[-0.261965990067,-0.332639157772,-0.402244985104,-0.426673829556,-0.542860150337,-0.569616138935],"mean":[-0.648978531361,-0.708768546581,-0.726008176804,-0.761628568172,-0.7751480937,-0.779761493206],"median":[-0.653549671173,-0.715337276459,-0.732903897762,-0.768428862095,-0.787688493729,-0.782216072083],"min":[-0.976419329643,-0.961858332157,-0.951687216759,-0.959003508091,-0.960758388042,-0.962377727032],"var":[0.00725846225396,0.00628107227385,0.00609706854448,0.00388938561082,0.00435958430171,0.00221165665425]},"spectral_contrast_valleys":{"dmean":[0.309226721525,0.288854539394,0.25610679388,0.214641079307,0.182135596871,0.229641601443],"dmean2":[0.51278591156,0.4670753479,0.418327748775,0.34960898757,0.283569902182,0.323687762022],"dvar":[0.0886527299881,0.069919206202,0.056801956147,0.0470300801098,0.050219155848,0.123822949827],"dvar2":[0.216541081667,0.154179364443,0.119190998375,0.0947056189179,0.0880768746138,0.216151535511],"max":[-5.32992744446,-4.38278388977,-5.25672960281,-6.00310516357,-5.90899372101,-7.35742044449],"mean":[-8.00551509857,-7.14518880844,-7.88711309433,-8.48756885529,-8.63130664825,-11.4020843506],"median":[-7.71636486053,-6.92406463623,-7.62780475616,-8.30351448059,-8.41773509979,-11.2462654114],"min":[-26.639755249,-27.6211357117,-27.2694168091,-27.1673183441,-27.1447181702,-27.1955490112],"var":[2.18499684334,1.4885944128,1.59702754021,1.66469395161,1.73538696766,2.05380964279]},"spectral_decrease":{"dmean":1.02833253024e-9,"dmean2":1.57905322151e-9,"dvar":3.8023147702e-18,"dvar2":9.22515907846e-18,"max":-1.15945231735e-28,"mean":-4.34217062306e-9,"median":-2.84217849256e-9,"min":-4.49904256072e-8,"var":2.19659714179e-17},"spectral_energy":{"dmean":0.00412857346237,"dmean2":0.00632906518877,"dvar":0.000060185444454,"dvar2":0.000144784658914,"max":0.177774623036,"mean":0.0176531653851,"median":0.0114286439493,"min":1.04508066541e-20,"var":0.00036648841342},"spectral_energyband_high":{"dmean":0.000141225449624,"dmean2":0.000212857034057,"dvar":4.48684886578e-7,"dvar2":0.00000115577051929,"max":0.0364110358059,"mean":0.000328992755385,"median":0.0000582149878028,"min":7.23729075374e-21,"var":7.31227032702e-7},"spectral_energyband_low":{"dmean":0.00141754397191,"dmean2":0.00235509057529,"dvar":0.0000248424730671,"dvar2":0.0000702001052559,"max":0.15118175745,"mean":0.00385482725687,"median":0.00171257229522,"min":8.84885472226e-23,"var":0.0000451314263046},"spectral_energyband_middle_high":{"dmean":0.00151911214925,"dmean2":0.00223862403072,"dvar":0.0000128348901853,"dvar2":0.0000277235558315,"max":0.173908397555,"mean":0.00510391779244,"median":0.00167614303064,"min":1.87931355815e-21,"var":0.0000944932617131},"spectral_energyband_middle_low":{"dmean":0.00264432560652,"dmean2":0.00392743805423,"dvar":0.0000243507001869,"dvar2":0.0000534966493433,"max":0.128638207912,"mean":0.00924290157855,"median":0.00548789976165,"min":3.2888196789e-22,"var":0.000128806379507},"spectral_entropy":{"dmean":0.141958519816,"dmean2":0.205681577325,"dvar":0.0257393456995,"dvar2":0.0451652035117,"max":9.80191230774,"mean":7.11398506165,"median":7.10055923462,"min":3.75671935081,"var":0.304149538279},"spectral_flux":{"dmean":0.013245202601,"dmean2":0.0215351693332,"dvar":0.000316114426823,"dvar2":0.000788263860159,"max":0.346391588449,"mean":0.050839215517,"median":0.0431587062776,"min":1.02229183452e-10,"var":0.00140336249024},"spectral_kurtosis":{"dmean":3.24020791054,"dmean2":5.53643321991,"dvar":23.8537654877,"dvar2":65.8985824585,"max":208.903091431,"mean":9.47983074188,"median":6.1326675415,"min":-1.24399030209,"var":200.030990601},"spectral_rms":{"dmean":0.000414466543589,"dmean2":0.000623071566224,"dvar":3.02379817185e-7,"dvar2":6.9343332143e-7,"max":0.0131696108729,"mean":0.00356550840661,"median":0.00333914603107,"min":3.19310333383e-12,"var":0.00000450981633549},"spectral_rolloff":{"dmean":289.527984619,"dmean2":487.967041016,"dvar":484796.34375,"dvar2":986362.3125,"max":18518.5546875,"mean":1322.52978516,"median":990.52734375,"min":107.666015625,"var":2015821.75},"spectral_skewness":{"dmean":0.304488331079,"dmean2":0.499657481909,"dvar":0.115148313344,"dvar2":0.307353556156,"max":12.4210100174,"mean":2.04778504372,"median":1.8264824152,"min":-0.311614662409,"var":1.22229933739},"spectral_spread":{"dmean":422778.5,"dmean2":625517.3125,"dvar":568139251712,"dvar2":932344823808,"max":41630132,"mean":3542844.25,"median":3177495.25,"min":506787.75,"var":2595447635970},"spectral_strongpeak":{"dmean":0.509758889675,"dmean2":0.834312677383,"dvar":0.821281731129,"dvar2":1.96822619438,"max":16.458738327,"mean":1.16134440899,"median":0.520890772343,"min":0,"var":2.66956090927},"zerocrossingrate":{"dmean":0.00674126110971,"dmean2":0.00784545950592,"dvar":0.000132286222652,"dvar2":0.000125247199321,"max":0.49169921875,"mean":0.0506146773696,"median":0.041015625,"min":0.00439453125,"var":0.00155003170948}},"metadata":{"audio_properties":{"analysis_sample_rate":44100,"bit_rate":0,"codec":"flac","downmix":"mix","equal_loudness":0,"length":219.133331299,"lossless":true,"md5_encoded":"f84df4adbbfa659e5637976cfa326309","replay_gain":-5.81411361694},"tags":{"album":["Innuendo"],"albumartist":["Queen"],"albumartistsort":["Queen"],"artist":["Queen"],"artistsort":["Queen"],"asin":["B000025WO7"],"barcode":["0077779588725"],"catalognumber":["CDPCSD 115"],"date":["1991-02-04"],"file_name":"05 Don't Try So Hard.flac","format":["CD"],"label":["Parlophone"],"language":["eng"],"musicbrainz_albumartistid":["0383dadf-2a4e-4d10-a46a-e9e041da8eb3"],"musicbrainz_albumid":["25ec0b5f-2f75-4239-9962-2e0ce5b960ac"],"musicbrainz_artistid":["0383dadf-2a4e-4d10-a46a-e9e041da8eb3"],"musicbrainz_recordingid":["bc47ea66-d074-4aa4-b6f3-581339dcf121"],"producer":["David Richards","Queen"],"releasecountry":["GB"],"releasestatus":["official"],"releasetype":["album"],"replaygain_album_gain":["-1.84 dB"],"replaygain_album_peak":["0.98297119"],"replaygain_reference_loudness":["89.0 dB"],"replaygain_track_gain":["-1.10 dB"],"replaygain_track_peak":["0.76077271"],"script":["Latn"],"title":["Don't Try So Hard"],"totaltracks":["12"],"tracknumber":["5"],"tracktotal":["12"]},"version":{"essentia":"2.1-beta1","essentia_build_sha":"d95b123ab7c93145a6f110a2dd6bea92b4529a00","essentia_git_sha":"v2.1_beta1-6-g5578087-dirty","extractor":"music 1.0"}},"rhythm":{"beats_count":512,"beats_loudness":{"dmean":0.0109783662483,"dmean2":0.0187810733914,"dvar":0.000198827096028,"dvar2":0.000576991820708,"max":0.145164847374,"mean":0.0210587866604,"median":0.0133035387844,"min":6.16684792121e-9,"var":0.000453681102954},"beats_loudness_band_ratio":{"dmean":[0.172998502851,0.170817181468,0.145918771625,0.114246957004,0.0489799007773,0.05258