{"lowlevel":{"average_loudness":0.934652745724,"barkbands":{"dmean":[0.000176915156771,0.00635774759576,0.0026296521537,0.00292458385229,0.0023317115847,0.00144790811464,0.000688984640874,0.000655756564811,0.000601010047831,0.000400481658289,0.000242446025368,0.000439560622908,0.000322280800901,0.000492792285513,0.00038490712177,0.000380252866307,0.00027914205566,0.000186040997505,0.000178901478648,0.0000925215499592,0.0000605804780207,0.0000437843991676,0.0000415976792283,0.000036061341234,0.0000283559529635,0.0000179502767423,0.00000397348412662],"dmean2":[0.000278861261904,0.0106539716944,0.00439870450646,0.00496994424611,0.0036968588829,0.00233900826424,0.00105289195199,0.00104151689447,0.000929399393499,0.000621804269031,0.000390111934394,0.000695963040926,0.000516946485732,0.000788444827776,0.000613017065916,0.000609433278441,0.000454190623714,0.000299393868772,0.00028956803726,0.00015356313088,0.000101188656117,0.0000720670868759,0.0000653364550089,0.0000520962312294,0.0000395498682337,0.0000241710185946,0.00000521905576534],"dvar":[1.12738177904e-7,0.000188522142707,0.0000157382564794,0.0000420883661718,0.0000114266385935,0.00000735447065381,0.00000115616319363,0.00000287070042759,0.00000135196353312,5.36400079909e-7,6.36266634046e-7,0.00000155321777129,7.74140005433e-7,8.43239774895e-7,8.34074683098e-7,5.7319402913e-7,2.15203044718e-7,9.3282068292e-8,6.72276883051e-8,1.42352325483e-8,7.26909776816e-9,6.4589715798e-9,7.39394678817e-9,1.31782522672e-8,1.11541158532e-8,4.07081612863e-9,1.70167754887e-10],"dvar2":[2.84832566422e-7,0.000489222293254,0.0000426044498454,0.000118154996017,0.0000268092171609,0.0000195870889002,0.00000269626207228,0.00000707382241671,0.00000320204458149,0.00000127274415718,0.00000157561862579,0.00000380142387257,0.00000185123917618,0.00000202881824407,0.00000213238854485,0.00000145474587043,5.48992886706e-7,2.16945181819e-7,1.6569326533e-7,3.66906540705e-8,1.95932443603e-8,1.65425788623e-8,1.63525122332e-8,2.49501628247e-8,2.13505231272e-8,7.58892859665e-9,3.14519799094e-10],"max":[0.003799991915,0.121558427811,0.0554356276989,0.087550573051,0.0620778016746,0.0520264431834,0.0285905785859,0.0504746362567,0.0278795380145,0.0222609005868,0.0296776816249,0.0408428534865,0.0272691175342,0.0191559493542,0.0274199098349,0.0212230160832,0.0156066371128,0.012157490477,0.00634984532371,0.00388608011417,0.00203246995807,0.0028789981734,0.00310212839395,0.00641026999801,0.0053128125146,0.00221062451601,0.00037747528404],"mean":[0.000271627766779,0.00849083065987,0.00495569314808,0.00481857685372,0.00571688590571,0.0027787850704,0.00142567395233,0.0010766639607,0.00116084143519,0.000744908873457,0.000394569942728,0.000763885036577,0.000548860349227,0.000921721570194,0.000720029463992,0.000796309672296,0.000588526541833,0.000435373280197,0.000439712719526,0.000256205239566,0.000167781137861,0.000117568255519,0.000112655281555,0.0000985077713267,0.000067016320827,0.0000436907139374,0.00000931923477765],"median":[0.0000273984805972,0.00335621391423,0.00299142417498,0.00233189575374,0.00321664451621,0.00148700573482,0.000819704029709,0.000504769035615,0.000553599791601,0.000399854412535,0.000131756853079,0.000346501416061,0.000232565449551,0.000510417623445,0.000377106451197,0.00048724230146,0.000416800001403,0.000322143081576,0.000339193909895,0.000223784416448,0.000140615418786,0.0000849741190905,0.0000736027650419,0.0000523943272128,0.0000237827371166,0.0000148523140524,0.00000245134788202],"min":[4.87310048123e-25,2.04494440308e-24,1.21092170407e-24,3.23804485184e-24,1.17702827556e-23,3.50173502004e-24,8.32365006422e-24,6.60599300666e-24,1.70114257005e-23,1.61550367241e-23,1.49670264003e-23,3.07906737022e-23,2.52123037643e-23,3.50096469737e-23,5.31123765396e-23,4.4770500633e-23,6.27672956457e-23,9.36254201107e-23,1.29980422027e-22,1.87991031564e-22,2.04445294274e-22,2.01025626426e-22,4.52030526311e-22,6.17551568121e-22,1.00080331897e-21,1.29968936212e-21,1.97385226461e-21],"var":[2.47508467055e-7,0.000198921698029,0.0000376016760129,0.0000553028221475,0.0000499880370626,0.0000147526543515,0.00000349296692548,0.00000524727283846,0.00000350369532498,0.00000127506905301,0.00000114563226816,0.00000283931512968,0.00000136886626478,0.00000196477071768,0.00000181238704045,0.00000146423883507,4.9244249567e-7,2.85784437892e-7,2.00617506607e-7,4.58617819277e-8,2.06873593811e-8,1.61725921544e-8,2.41856756844e-8,3.69141837098e-8,2.81655001544e-8,1.16674288009e-8,5.35671784707e-10]},"barkbands_crest":{"dmean":2.45305037498,"dmean2":4.01156949997,"dvar":6.81373071671,"dvar2":17.1831665039,"max":24.2124557495,"mean":9.67624759674,"median":8.86978149414,"min":2.05421853065,"var":14.7555246353},"barkbands_flatness_db":{"dmean":0.0172211509198,"dmean2":0.0272022970021,"dvar":0.000298717292026,"dvar2":0.000748709309846,"max":0.472902745008,"mean":0.137595623732,"median":0.113706558943,"min":0.0088851256296,"var":0.00677890982479},"barkbands_kurtosis":{"dmean":2.04801058769,"dmean2":3.27738213539,"dvar":10.1442070007,"dvar2":23.8349590302,"max":158.119857788,"mean":3.33215308189,"median":1.84537482262,"min":-1.91680419445,"var":29.575428009},"barkbands_skewness":{"dmean":0.44450879097,"dmean2":0.697048723698,"dvar":0.221415519714,"dvar2":0.554177999496,"max":9.96815490723,"mean":1.65290856361,"median":1.5755238533,"min":-2.147742033,"var":0.921762108803},"barkbands_spread":{"dmean":4.20878648758,"dmean2":6.50078439713,"dvar":19.6093845367,"dvar2":44.9295120239,"max":86.4339752197,"mean":22.1483726501,"median":21.5907745361,"min":0.607617020607,"var":102.054695129},"dissonance":{"dmean":0.0135617535561,"dmean2":0.0228763688356,"dvar":0.000190861901501,"dvar2":0.000505556701683,"max":0.500000059605,"mean":0.465937077999,"median":0.475276708603,"min":0.215923264623,"var":0.00113809353206},"dynamic_complexity":3.02537560463,"erbbands":{"dmean":[0.147489055991,1.5755007267,2.7407283783,7.1955742836,7.55444669724,7.70639801025,12.6972827911,12.3100471497,11.385884285,8.848072052,13.3433942795,11.768029213,15.4065551758,7.86539745331,12.9144411087,13.8536634445,13.5566673279,20.3002700806,16.7504043579,22.4912948608,20.8952598572,15.1305475235,8.66871643066,11.031244278,6.00231838226,4.24596977234,2.81037425995,2.27160286903,1.65283930302,1.33751487732,1.1307091713,0.818777441978,0.620639801025,0.334428191185,0.205316632986,0.0976965352893,0.0300293304026,0.00596625357866,0.000674500595778,0.0000358542274626],"dmean2":[0.244324460626,2.67808818817,4.63480234146,12.0303459167,12.9208841324,12.1865024567,19.6925945282,20.0248088837,17.5393009186,13.9205770493,21.1192836761,18.5806732178,23.8491897583,12.2857980728,20.5755615234,22.0082416534,21.5738658905,32.6338272095,26.7335605621,35.6497650146,33.5151443481,24.4930267334,13.7774782181,17.8012809753,9.74836826324,7.04469347,4.74817705154,3.76707816124,2.72874617577,2.17263841629,1.7451518774,1.22474467754,0.894827246666,0.476128607988,0.286314070225,0.134230852127,0.0414072163403,0.00797663535923,0.000883747357875,0.0000502157017763],"dvar":[0.0888807252049,12.3032579422,21.1311969757,183.883453369,241.310699463,170.889373779,423.702636719,630.943054199,362.5128479,266.051116943,1175.03771973,609.86114502,679.012390137,311.976593018,1421.79541016,1290.97119141,1589.89746094,1677.86230469,1181.4050293,3076.29296875,1760.52160645,656.495483398,223.859329224,269.439666748,79.2529754639,30.6527137756,15.3010263443,13.1585502625,9.88920211792,5.75706768036,6.83829307556,6.46396350861,3.70632648468,1.4595310688,0.664635360241,0.142263114452,0.0116265844554,0.000373263523215,0.00000490423190058,1.06650563936e-8],"dvar2":[0.210243061185,32.7234306335,57.3714103699,517.409240723,656.938049316,366.875396729,932.407226563,1685.14099121,845.090515137,645.413146973,2911.05395508,1509.30871582,1637.57189941,726.365722656,3526.0612793,3144.93041992,3829.92260742,4052.53491211,2923.66699219,8110.22460938,4401.28466797,1660.13500977,500.089935303,630.733032227,203.846588135,78.3758773804,41.5035896301,35.0677680969,25.9612865448,13.5307407379,14.5697803497,13.2349452972,7.02539348602,2.96208548546,1.27439510822,0.267546623945,0.0239069648087,0.00071048294194,0.00000893758078746,2.11219663981e-8],"max":[2.32015919685,31.0251693726,53.4635887146,173.42590332,251.775939941,372.592010498,459.807220459,534.083557129,507.538879395,496.307373047,1088.06188965,764.945861816,755.991577148,743.293945313,1280.63439941,1043.6060791,1441.26416016,1100.09619141,1026.85229492,1813.48510742,1305.47827148,1078.54602051,753.418823242,531.540466309,268.176757813,199.990890503,137.738571167,78.2278366089,130.155456543,82.0611953735,116.832626343,162.822158813,79.3782196045,52.3819999695,45.6925926208,17.2371883392,3.93837547302,0.507039546967,0.0593463033438,0.00515253888443],"mean":[0.20750375092,2.03049826622,4.79528951645,13.7203741074,13.5820465088,17.8251094818,29.9175834656,22.8760356903,23.0565185547,17.77709198,23.2388420105,22.9358997345,30.871257782,16.1755008698,23.1948318481,25.8604640961,25.8169937134,39.8712120056,35.7249107361,46.4150695801,45.6120834351,34.9608688354,22.9809455872,27.7764148712,16.4997253418,11.981215477,7.84030437469,6.33040332794,4.44917535782,3.55489349365,3.05878305435,2.20819592476,1.52835166454,0.798376321793,0.461332350969,0.225607022643,0.0695389732718,0.0142730185762,0.00160527788103,0.000111762004963],"median":[0.0825886800885,0.787914216518,3.29681253433,8.16511154175,6.66487026215,9.64651298523,14.9394836426,12.3974914551,12.1390094757,10.8218612671,11.9694690704,12.3019714355,19.4567718506,9.75430107117,9.49029350281,12.8446464539,11.9908466339,21.8103675842,20.5262680054,26.6717948914,28.2962265015,24.9933509827,17.5255317688,21.9772262573,13.2943572998,10.4482955933,6.96078491211,4.80759429932,3.21946716309,2.55267953873,1.93261671066,1.25091648102,0.715863466263,0.320409536362,0.150636911392,0.0743240863085,0.0227450691164,0.00416206661612,0.00043069102685,0.0000692847461323],"min":[1.200642385e-22,4.39024898422e-22,1.33017296698e-21,1.01405525321e-20,1.65095427496e-20,3.51394789889e-20,3.90697695083e-20,4.68909269899e-20,1.43136935859e-19,2.18182198999e-19,2.74807726711e-19,3.3976342848e-19,6.67437870801e-19,9.38753732104e-19,9.09261951532e-19,1.39205915094e-18,1.14302195187e-18,1.43708548681e-18,2.04793831005e-18,2.25768711836e-18,3.68878257677e-18,4.30784951029e-18,5.27437945037e-18,5.92225046718e-18,6.4635119651e-18,8.45951325885e-18,9.31909288164e-18,9.51723903429e-18,7.96566244492e-18,1.05022035215e-17,1.23996317696e-17,1.06961575228e-17,1.07674240957e-17,9.52607994068e-18,6.51189251836e-18,4.58768140279e-18,2.26427954105e-18,1.00194495423e-18,2.38302204176e-19,2.78108590945e-20],"var":[0.120591506362,11.7149772644,29.4302387238,329.803100586,471.348022461,775.672119141,2065.7421875,1105.40344238,1068.50061035,588.662536621,2144.61474609,1402.3692627,1606.79663086,666.801879883,2488.75634766,2550.77172852,2822.11694336,3908.57983398,2751.53173828,6869.83984375,4522.91845703,1720.72351074,733.270812988,880.536437988,255.855117798,100.108184814,38.9379806519,38.5475730896,23.2304611206,17.5000629425,21.088722229,16.9436779022,10.0090322495,3.48235082626,1.58535730839,0.372404366732,0.0296704340726,0.00116895604879,0.0000157152062457,2.9454673367e-8]},"erbbands_crest":{"dmean":1.98625266552,"dmean2":3.15117812157,"dvar":4.08121061325,"dvar2":10.3045444489,"max":29.0974273682,"mean":7.83295249939,"median":6.9213218689,"min":2.05564141273,"var":14.0414209366},"erbbands_flatness_db":{"dmean":0.0102663720027,"dmean2":0.0153850875795,"dvar":0.000108768515929,"dvar2":0.000231901212828,"max":0.489507079124,"mean":0.153771877289,"median":0.129227623343,"min":0.0435775853693,"var":0.00603665364906},"erbbands_kurtosis":{"dmean":0.488825410604,"dmean2":0.762719929218,"dvar":0.57415163517,"dvar2":1.32669639587,"max":28.1215553284,"mean":-0.28190651536,"median":-0.68779194355,"min":-1.79172492027,"var":2.36509847641},"erbbands_skewness":{"dmean":0.25651037693,"dmean2":0.389044731855,"dvar":0.0568783022463,"dvar2":0.130819350481,"max":4.21412801743,"mean":0.0224696658552,"median":0.0401128455997,"min":-3.17605376244,"var":0.379165053368},"erbbands_spread":{"dmean":5.78623199463,"dmean2":8.94017124176,"dvar":32.6256065369,"dvar2":74.8456802368,"max":107.369728088,"mean":42.8168792725,"median":41.9157409668,"min":3.5842256546,"var":255.236038208},"gfcc":{"cov":[[25889.6875,-3620.33642578,156.614608765,2021.13842773,-1300.67370605,1500.55053711,-246.976333618,1240.55639648,-547.713928223,650.101806641,-140.324508667,649.383056641,-479.348937988],[-3620.33642578,2802.29003906,-797.534973145,-910.874816895,606.11151123,-718.790222168,-61.1184654236,-578.835510254,202.458526611,-320.266052246,40.6307487488,-320.781433105,197.263946533],[156.614608765,-797.534973145,622.555725098,284.85736084,-128.877883911,193.918640137,35.803062439,158.964935303,-28.2489433289,109.151771545,-13.3993911743,84.2802658081,-51.1097373962],[2021.13842773,-910.874816895,284.85736084,640.991088867,-187.08770752,333.032348633,89.8929824829,275.288818359,-54.6862564087,136.961120605,12.8481473923,142.473526001,-46.9654388428],[-1300.67370605,606.11151123,-128.877883911,-187.08770752,322.917541504,-156.125946045,2.82477784157,-118.633201599,73.7680130005,-62.9965133667,19.9746265411,-78.5465927124,61.6787414551],[1500.55053711,-718.790222168,193.918640137,333.032348633,-156.125946045,440.18347168,120.803741455,214.784454346,-12.3432941437,129.702972412,24.1731128693,124.25592804,-54.6179161072],[-246.976333618,-61.1184654236,35.803062439,89.8929824829,2.82477784157,120.803741455,151.010986328,79.116027832,18.8834037781,22.7545890808,33.8616027832,31.5092277527,12.6097021103],[1240.55639648,-578.835510254,158.964935303,275.288818359,-118.633201599,214.784454346,79.116027832,239.140029907,-2.81260585785,93.618309021,4.49205541611,86.9156417847,-36.9528999329],[-547.713928223,202.458526611,-28.2489433289,-54.6862564087,73.7680130005,-12.3432941437,18.8834037781,-2.81260585785,98.2161026001,13.7772436142,12.2396507263,-23.757270813,20.5969028473],[650.101806641,-320.266052246,109.151771545,136.961120605,-62.9965133667,129.702972412,22.7545890808,93.618309021,13.7772436142,108.590988159,30.0962791443,50.1571998596,-27.1489772797],[-140.324508667,40.6307487488,-13.3993911743,12.8481473923,19.9746265411,24.1731128693,33.8616027832,4.49205541611,12.2396507263,30.0962791443,70.1050949097,32.7556762695,12.6882257462],[649.383056641,-320.781433105,84.2802658081,142.473526001,-78.5465927124,124.25592804,31.5092277527,86.9156417847,-23.757270813,50.1571998596,32.7556762695,98.0136032104,1.185988307],[-479.348937988,197.263946533,-51.1097373962,-46.9654388428,61.6787414551,-54.6179161072,12.6097021103,-36.9528999329,20.5969028473,-27.1489772797,12.6882257462,1.185988307,72.4904556274]],"icov":[[0.00013618459343,-0.00031677557854,0.000200061549549,-0.000171960986336,0.0000806177631603,-0.000350039394107,0.000778958725277,-0.000797051179688,0.000942594255321,-0.000741004536394,0.000639624544419,-0.00050569238374,0.000269036914688],[-0.00031677557854,0.00298710353673,0.000558796571568,0.000595813442487,-0.000874297576956,0.00161563407164,-0.00285314070061,0.00394566915929,-0.00489648804069,0.00388422980905,-0.00359818828292,0.00324464961886,-0.00155179190915],[0.000200061549549,0.000558796571568,0.00310948467813,-0.00064163596835,-0.000396667077439,0.000204560128623,0.0000321354418702,0.0000590800082136,0.000337234610924,-0.00219320785254,0.00221171043813,-0.00142259686254,0.000814049213659],[-0.000171960986336,0.000595813442487,-0.00064163596835,0.00424121459946,-0.000322627922287,-0.000510449986905,-0.000946211395785,-0.00170922314283,0.000765782082453,-0.000207436838537,-0.000629295478575,0.000204260795726,-0.00146828917786],[0.0000806177631603,-0.000874297576956,-0.000396667077439,-0.000322627922287,0.00623302394524,-0.000352047820343,0.000669261149596,-0.000579796207603,-0.00146395375486,0.00094918475952,-0.00249022059143,0.00317556341179,-0.00240168720484],[-0.000350039394107,0.00161563407164,0.000204560128623,-0.000510449986905,-0.000352047820343,0.00849831476808,-0.00721179833636,0.00345463259146,-0.00452169636264,-0.00153496989515,0.00194786384236,-0.00462885340676,0.00326512590982],[0.000778958725277,-0.00285314070061,0.0000321354418702,-0.000946211395785,0.000669261149596,-0.00721179833636,0.0186959207058,-0.0111379120499,0.00621868763119,0.00123507226817,-0.00509477313608,0.00300959660672,-0.00307024060749],[-0.000797051179688,0.00394566915929,0.0000590800082136,-0.00170922314283,-0.000579796207603,0.00345463259146,-0.0111379120499,0.0210120473057,-0.0116502661258,0.00129007908981,0.00218132208101,-0.00350740877911,0.00214035552926],[0.000942594255321,-0.00489648804069,0.000337234610924,0.000765782082453,-0.00146395375486,-0.00452169636264,0.00621868763119,-0.0116502661258,0.0274248793721,-0.0146571872756,0.00576092349365,0.00147909810767,-0.00320469285361],[-0.000741004536394,0.00388422980905,-0.00219320785254,-0.000207436838537,0.00094918475952,-0.00153496989515,0.00123507226817,0.00129007908981,-0.0146571872756,0.0328523367643,-0.0196256693453,0.00715571595356,0.00111449614633],[0.000639624544419,-0.00359818828292,0.00221171043813,-0.000629295478575,-0.00249022059143,0.00194786384236,-0.00509477313608,0.00218132208101,0.00576092349365,-0.0196256693453,0.0376802422106,-0.0229827538133,0.00555108208209],[-0.00050569238374,0.00324464961886,-0.00142259686254,0.000204260795726,0.00317556341179,-0.00462885340676,0.00300959660672,-0.00350740877911,0.00147909810767,0.00715571595356,-0.0229827538133,0.0402244515717,-0.0159207563847],[0.000269036914688,-0.00155179190915,0.000814049213659,-0.00146828917786,-0.00240168720484,0.00326512590982,-0.00307024060749,0.00214035552926,-0.00320469285361,0.00111449614633,0.00555108208209,-0.0159207563847,0.0261649526656]],"mean":[-0.556111991405,105.022842407,-115.226799011,31.0118560791,-40.7911720276,1.7925235033,-40.3680381775,1.86985993385,-20.3570098877,-2.12367963791,-17.94880867,-3.50942015648,-10.4796447754]},"hfc":{"dmean":3.75788378716,"dmean2":5.83115386963,"dvar":25.2030448914,"dvar2":57.9114952087,"max":165.318939209,"mean":23.2964496613,"median":22.4718055725,"min":1.08490163641e-16,"var":194.997329712},"melbands":{"dmean":[0.00158876506612,0.00164071458858,0.00121063226834,0.000470819650218,0.00044203561265,0.000275396334473,0.000156244263053,0.000114495182061,0.000102678677649,0.0000797049506218,0.0000799331392045,0.0000363549188478,0.0000390584500565,0.0000514001694683,0.0000339241851179,0.0000331550727424,0.0000422482225986,0.0000326917943312,0.0000318033999065,0.0000261642198893,0.0000265025737463,0.0000178379414137,0.0000123150857689,0.00000840018947201,0.0000101870718936,0.00000614776809016,0.00000409895983466,0.00000294234246212,0.00000196551036424,0.00000173064506725,0.00000132064894842,0.00000120278843951,7.18447381587e-7,9.65840854406e-7,7.49767593788e-7,6.08138691405e-7,5.00733335684e-7,5.32248350282e-7,3.26567771936e-7,3.04450793465e-7],"dmean2":[0.00264437333681,0.00275926920585,0.00203844252974,0.000772835279349,0.000682003446855,0.000445806799689,0.000241498142714,0.000180230883416,0.000162441370776,0.000124556579976,0.000123484263895,0.0000565755763091,0.0000625284956186,0.0000820015775389,0.0000535990984645,0.0000536227998964,0.0000680659723002,0.0000522808404639,0.0000506127325934,0.0000413936031691,0.0000429097672168,0.0000288811916107,0.0000201974871743,0.0000135767577376,0.0000165227866091,0.0000100238412415,0.00000675163892083,0.00000490803267894,0.00000332084141519,0.00000290222556032,0.00000220096148951,0.00000201267198463,0.00000117873378258,0.00000159470812378,0.00000118755167478,9.34508022965e-7,7.59443594234e-7,7.8620325894e-7,4.78305253182e-7,4.48814660103e-7],"dvar":[0.0000112169791464,0.00000934538365982,0.0000056064995988,5.71545797357e-7,4.83944177176e-7,2.88806404569e-7,6.41817123892e-8,5.59574395709e-8,5.88443853644e-8,2.40457556089e-8,1.79424084479e-8,5.83176040791e-9,1.48217242923e-8,2.55603946897e-8,9.34057720059e-9,7.8190387498e-9,7.44091410709e-9,4.7060000341e-9,5.53596279929e-9,3.70015706963e-9,2.58842347556e-9,9.9779307039e-10,4.84999929107e-10,2.31485192126e-10,2.32527636035e-10,7.96792076763e-11,3.17459426802e-11,1.43179192461e-11,7.17641180856e-12,5.69699105599e-12,4.42091719136e-12,5.16786179822e-12,1.84846734273e-12,2.88819250634e-12,2.59462091569e-12,2.6775903543e-12,2.78434653805e-12,2.33189010636e-12,1.69093970596e-12,9.58887700145e-13],"dvar2":[0.0000282833552774,0.0000248745109275,0.0000157390877575,0.00000145450587752,0.00000104243326859,7.73744318394e-7,1.52764258132e-7,1.37022055924e-7,1.45317301303e-7,5.88508974886e-8,4.31390816402e-8,1.36359128433e-8,3.66762513693e-8,6.22817353246e-8,2.20028706366e-8,1.91556157603e-8,1.80413461948e-8,1.15515934596e-8,1.37049509519e-8,9.72868985372e-9,6.42598108058e-9,2.4908080043e-9,1.25983401489e-9,5.4848176001e-10,5.542641901e-10,2.0046736493e-10,8.04887892447e-11,3.740159224e-11,1.95901975197e-11,1.54259018753e-11,1.19288814937e-11,1.40160678203e-11,4.43203937092e-12,7.33609527293e-12,5.88042505315e-12,5.81134099176e-12,6.00726499794e-12,4.72928207013e-12,3.53547811686e-12,2.0208841111e-12],"max":[0.0284898504615,0.0279577746987,0.0299346018583,0.0128958979622,0.0150364246219,0.0111452750862,0.00673771835864,0.00706330966204,0.00712152803317,0.00414194306359,0.0039041582495,0.00301520968787,0.00486104749143,0.0058210529387,0.00286445929669,0.00230024987832,0.00237799552269,0.00161710113753,0.00210779509507,0.00167521415278,0.00151386635844,0.00141395966057,0.000895338365808,0.000889942341018,0.000391146924812,0.000288153270958,0.000143150318763,0.000144155012094,0.0000859892170411,0.0000446955200459,0.0000428791354352,0.0000885926856427,0.00004357594662,0.0000477004359709,0.0000676389827277,0.0000732836851967,0.000105382248876,0.0000634532043478,0.0000482707946503,0.0000403359663323],"mean":[0.00219265581109,0.00271741230972,0.00234820926562,0.00102329486981,0.00107686407864,0.000525494280737,0.000317172816722,0.000212160492083,0.000178968621185,0.000152268650709,0.000157702714205,0.0000698441290297,0.000067172863055,0.0000880314473761,0.0000582719512749,0.0000580413579883,0.0000786139644333,0.0000609476628597,0.0000596799764025,0.0000546202427358,0.000052028324717,0.0000366891690646,0.0000259806602116,0.0000189686852536,0.0000236037776631,0.0000145114463521,0.00000954208462645,0.00000756319195716,0.00000493914103572,0.00000423949586548,0.00000345380135514,0.00000275168599728,0.0000018039487486,0.0000021163391466,0.00000183636825568,0.00000151067808929,0.00000122804362945,0.00000122934147839,6.90772765211e-7,6.76794797982e-7],"median":[0.000912284478545,0.0018055755645,0.00148906710092,0.00059131917078,0.000541497254744,0.000299847306451,0.000180929724593,0.000122430996271,0.0000911360693863,0.0000768861209508,0.000097415279015,0.0000394792295992,0.000025821977033,0.0000362296632375,0.0000238047687162,0.0000268094190687,0.0000416699331254,0.0000315215584124,0.0000315373690682,0.0000328028181684,0.0000311186595354,0.0000244197835855,0.0000192022671399,0.0000140075135278,0.00001826670632,0.0000109692109618,0.00000737602522349,0.00000658020280753,0.00000433087552665,0.00000344151953868,0.000002455813501,0.00000187144564734,0.0000012888698393,0.00000138955624607,0.0000011522239447,8.55574057823e-7,6.5965059548e-7,5.76522495521e-7,2.51603751167e-7,2.67965731382e-7],"min":[8.70129059854e-25,6.6010223941e-25,1.84372314388e-24,1.95715897547e-24,1.93022884189e-24,7.58081623459e-25,2.07999033766e-24,2.65682436422e-24,1.76833407376e-24,2.15247087763e-24,2.6300648218e-24,3.33983118001e-24,3.4361246697e-24,3.03613590315e-24,2.95050978505e-24,2.7115085966e-24,2.16250341341e-24,2.47236620204e-24,3.64577510488e-24,3.42740105138e-24,4.41739427173e-24,3.21106679496e-24,4.32960983019e-24,3.75886344324e-24,4.54868439218e-24,4.16186802503e-24,4.41686770707e-24,4.71239432926e-24,5.47096060914e-24,4.53910959295e-24,4.59152151149e-24,4.29044170296e-24,3.35187235287e-24,4.87471429342e-24,5.08459862587e-24,6.60375264169e-24,6.00024643907e-24,7.25320999205e-24,5.82179663597e-24,8.10903887723e-24],"var":[0.0000128911169668,0.0000107829464469,0.00000882820131665,0.00000185142596365,0.00000251415644925,5.29317844666e-7,1.81677989985e-7,1.09348590627e-7,1.10526585217e-7,5.89552655583e-8,4.33294218283e-8,1.26155130786e-8,2.53526639682e-8,4.51492923048e-8,1.85560331545e-8,1.34169093613e-8,1.6759823751e-8,1.01353530013e-8,1.24499202059e-8,8.47229131296e-9,6.22662810201e-9,2.37304731421e-9,9.55541312742e-10,6.55635157276e-10,6.83360479314e-10,2.38274094899e-10,8.94324961309e-11,4.13836118152e-11,1.65591984569e-11,1.4207916961e-11,1.29358832673e-11,9.99456246931e-12,4.61565551405e-12,7.08277967526e-12,7.1662801561e-12,7.263228647e-12,6.2262825104e-12,5.92194696059e-12,3.546485371e-12,2.2567843861e-12]},"melbands_crest":{"dmean":2.92509317398,"dmean2":4.77480602264,"dvar":8.38380908966,"dvar2":22.3546085358,"max":38.0483207703,"mean":13.678360939,"median":12.996137619,"min":1.57654130459,"var":21.444644928},"melbands_flatness_db":{"dmean":0.0216116085649,"dmean2":0.0340571403503,"dvar":0.000501060509123,"dvar2":0.00121064600535,"max":0.582061231136,"mean":0.213499978185,"median":0.190350264311,"min":0.00308946985751,"var":0.00837824586779},"melbands_kurtosis":{"dmean":5.59442472458,"dmean2":8.97246646881,"dvar":70.6239318848,"dvar2":177.532806396,"max":351.639984131,"mean":12.8095817566,"median":9.29998493195,"min":-1.83824324608,"var":186.251296997},"melbands_skewness":{"dmean":0.630441308022,"dmean2":0.996210157871,"dvar":0.475452870131,"dvar2":1.20254552364,"max":12.5922832489,"mean":2.90229249001,"median":2.7311527729,"min":-0.682484984398,"var":1.75107288361},"melbands_spread":{"dmean":5.32743549347,"dmean2":8.37040996552,"dvar":32.5119361877,"dvar2":78.5425491333,"max":151.426330566,"mean":21.398399353,"median":18.6893234253,"min":0.459395617247,"var":207.966812134},"mfcc":{"cov":[[13789.3710938,-1487.6138916,4.984811306,1243.49279785,-340.158935547,310.24822998,589.138916016,585.824645996,193.513092041,280.928894043,262.898406982,509.931762695,341.945861816],[-1487.6138916,1533.6809082,-261.512237549,-334.473114014,206.291900635,-75.0308609009,-239.581771851,-188.825256348,-92.7226028442,-77.6947250366,-91.0369491577,-178.670410156,-125.251899719],[4.984811306,-261.512237549,349.897644043,53.0526351929,-31.323102951,27.7328186035,31.0250320435,6.79741764069,29.1718006134,8.75530910492,19.4430904388,37.433883667,15.3458652496],[1243.49279785,-334.473114014,53.0526351929,438.457275391,-24.9168395996,22.3374099731,133.055511475,97.3357925415,56.5742034912,47.7344207764,21.4480686188,71.6265792847,77.6303710938],[-340.158935547,206.291900635,-31.323102951,-24.9168395996,167.163223267,5.18846321106,-53.0914497375,-42.5977897644,0.151634842157,0.00858973804861,-11.2435121536,-35.6478347778,-20.2397384644],[310.24822998,-75.0308609009,27.7328186035,22.3374099731,5.18846321106,135.347381592,75.0416564941,51.3497390747,28.2203769684,31.4866981506,35.0527229309,44.4602775574,25.22889328],[589.138916016,-239.581771851,31.0250320435,133.055511475,-53.0914497375,75.0416564941,168.941192627,107.580703735,39.3735847473,36.3450202942,37.7799301147,67.0814819336,52.7050704956],[585.824645996,-188.825256348,6.79741764069,97.3357925415,-42.5977897644,51.3497390747,107.580703735,141.283081055,63.8551521301,39.4382743835,37.7197265625,63.1406593323,39.5058326721],[193.513092041,-92.7226028442,29.1718006134,56.5742034912,0.151634842157,28.2203769684,39.3735847473,63.8551521301,86.7855148315,51.6913032532,24.0470104218,26.4271335602,17.7724113464],[280.928894043,-77.6947250366,8.75530910492,47.7344207764,0.00858973804861,31.4866981506,36.3450202942,39.4382743835,51.6913032532,84.7270812988,46.7750816345,30.4850502014,20.7109260559],[262.898406982,-91.0369491577,19.4430904388,21.4480686188,-11.2435121536,35.0527229309,37.7799301147,37.7197265625,24.0470104218,46.7750816345,81.2835693359,58.9377365112,18.1155147552],[509.931762695,-178.670410156,37.433883667,71.6265792847,-35.6478347778,44.4602775574,67.0814819336,63.1406593323,26.4271335602,30.4850502014,58.9377365112,102.815742493,53.8778648376],[341.945861816,-125.251899719,15.3458652496,77.6303710938,-20.2397384644,25.22889328,52.7050704956,39.5058326721,17.7724113464,20.7109260559,18.1155147552,53.8778648376,79.2898406982]],"icov":[[0.000121301098261,0.0000117005547509,0.0000734107597964,-0.000296787213301,0.00013941283396,-0.000174220040208,0.000187739904504,-0.000297166785458,0.00030531786615,-0.000251851219218,0.0000916370408959,-0.000313414289849,0.0000753963977331],[0.0000117005547509,0.0011671539396,0.000614977441728,0.000368500797777,-0.000864833884407,-0.000212865968933,0.000525870244019,0.000205012125662,0.000132920991746,0.000132155168103,0.0000747268932173,0.000571293348912,0.000239136163145],[0.0000734107597964,0.000614977441728,0.00369533267803,-0.000312420830596,0.000373417162336,-0.000772940169554,-0.000137911585625,0.00212724879384,-0.00223941681907,0.00122362852562,-0.000221022419282,-0.00117794808466,0.000651844835375],[-0.000296787213301,0.000368500797777,-0.000312420830596,0.00450631557032,-0.00147397641558,0.00209785159677,-0.00306304590777,0.000618112273514,-0.00120077817701,-0.000568547344301,0.00154138868675,-0.000321950996295,-0.00152091984637],[0.00013941283396,-0.000864833884407,0.000373417162336,-0.00147397641558,0.00867720972747,-0.00271305651404,0.00253461161628,0.00144370715134,-0.00191545730922,0.000135128080728,-0.00128007365856,0.00174500828143,-0.000421657256084],[-0.000174220040208,-0.000212865968933,-0.000772940169554,0.00209785159677,-0.00271305651404,0.0122265806422,-0.00631317868829,0.000391243433114,-0.000822410394903,-0.00124815106392,-0.000315733574098,-0.00231807841919,0.0000870381700224],[0.000187739904504,0.000525870244019,-0.000137911585625,-0.00306304590777,0.00253461161628,-0.00631317868829,0.018194027245,-0.00996750127524,0.00452470080927,-0.00134448951576,-0.000645143329166,0.0010073131416,-0.00262519856915],[-0.000297166785458,0.000205012125662,0.00212724879384,0.000618112273514,0.00144370715134,0.000391243433114,-0.00996750127524,0.0229065623134,-0.0139524517581,0.00436102878302,-0.000853688921779,-0.00449847010896,0.00128502876032],[0.00030531786615,0.000132920991746,-0.00223941681907,-0.00120077817701,-0.00191545730922,-0.000822410394903,0.00452470080927,-0.0139524517581,0.0288310218602,-0.0155778350309,0.00511083658785,-0.000605555949733,0.0010696578538],[-0.000251851219218,0.000132155168103,0.00122362852562,-0.000568547344301,0.000135128080728,-0.00124815106392,-0.00134448951576,0.00436102878302,-0.0155778350309,0.029030289501,-0.0165492277592,0.00754523603246,-0.00466996850446],[0.0000916370408959,0.0000747268932173,-0.000221022419282,0.00154138868675,-0.00128007365856,-0.000315733574098,-0.000645143329166,-0.000853688921779,0.00511083658785,-0.0165492277592,0.0335928760469,-0.0208129324019,0.00852902885526],[-0.000313414289849,0.000571293348912,-0.00117794808466,-0.000321950996295,0.00174500828143,-0.00231807841919,0.0010073131416,-0.00449847010896,-0.000605555949733,0.00754523603246,-0.0208129324019,0.0342415124178,-0.0147951720282],[0.0000753963977331,0.000239136163145,0.000651844835375,-0.00152091984637,-0.000421657256084,0.0000870381700224,-0.00262519856915,0.00128502876032,0.0010696578538,-0.00466996850446,0.00852902885526,-0.0147951720282,0.0240817200392]],"mean":[-634.006652832,128.876464844,-5.13556003571,27.7543621063,14.7308263779,4.50081443787,-5.73969936371,0.403671652079,-2.42804670334,1.84443485737,-4.57310533524,-4.76020908356,-5.36460256577]},"pitch_salience":{"dmean":0.0660640150309,"dmean2":0.107822917402,"dvar":0.00445640506223,"dvar2":0.0119887143373,"max":0.968972623348,"mean":0.541525185108,"median":0.544111013412,"min":0.0815109834075,"var":0.0105376373976},"silence_rate_20dB":{"dmean":0,"dmean2":0,"dvar":0,"dvar2":0,"max":1,"mean":1,"median":1,"min":1,"var":0},"silence_rate_30dB":{"dmean":0.00205484870821,"dmean2":0.00411002198234,"dvar":0.00205041165464,"dvar2":0.00614737719297,"max":1,"mean":0.998972654343,"median":1,"min":0,"var":0.00102620874532},"silence_rate_60dB":{"dmean":0.0142258750275,"dmean2":0.0284540001303,"dvar":0.0140199568123,"dvar2":0.0328741818666,"max":1,"mean":0.0832938179374,"median":0,"min":0,"var":0.0763723179698},"spectral_centroid":{"dmean":181.670532227,"dmean2":285.878417969,"dvar":38378.6054688,"dvar2":89396.46875,"max":11747.0078125,"mean":1305.23620605,"median":1246.79223633,"min":158.14213562,"var":752467.0625},"spectral_complexity":{"dmean":3.13269591331,"dmean2":5.03256416321,"dvar":9.48878479004,"dvar2":22.6664638519,"max":50,"mean":24.430141449,"median":26,"min":0,"var":104.645553589},"spectral_contrast_coeffs":{"dmean":[0.0510527640581,0.0451239049435,0.0371564179659,0.0298522617668,0.0202187970281,0.0160484090447],"dmean2":[0.0828164070845,0.0732491984963,0.0601914934814,0.0487728193402,0.0332323610783,0.0272068604827],"dvar":[0.00191459711641,0.00139160931576,0.000960560573731,0.000661627622321,0.000328446883941,0.000243729140493],"dvar2":[0.00489286705852,0.00363708008081,0.00247688475065,0.00167226581834,0.000788257340901,0.000717738876119],"max":[-0.249119013548,-0.379444986582,-0.41783875227,-0.520185112953,-0.588659465313,-0.671354115009],"mean":[-0.599713206291,-0.700408518314,-0.751076757908,-0.761527001858,-0.780659794807,-0.762297868729],"median":[-0.613842844963,-0.709353327751,-0.755792140961,-0.770358324051,-0.787762761116,-0.753930389881],"min":[-0.979016602039,-0.982776641846,-0.982404947281,-0.978487670422,-0.965977668762,-0.964328587055],"var":[0.0118710938841,0.00809654127806,0.00423563551158,0.00445228768513,0.00244303862564,0.00137989828363]},"spectral_contrast_valleys":{"dmean":[0.420906633139,0.336747974157,0.290810704231,0.250271141529,0.186379417777,0.188013628125],"dmean2":[0.684141755104,0.549858927727,0.473189562559,0.40504142642,0.30636587739,0.294574677944],"dvar":[0.13887539506,0.090531155467,0.0754360407591,0.072992041707,0.0552714653313,0.0639121755958],"dvar2":[0.336110949516,0.22394771874,0.182169541717,0.172553211451,0.129349753261,0.162934616208],"max":[-5.10019922256,-4.95100879669,-5.47301149368,-5.76550149918,-5.82006883621,-7.48178434372],"mean":[-7.26262569427,-6.94285488129,-7.58300065994,-7.64808940887,-7.63384485245,-10.5254430771],"median":[-6.70174407959,-6.4777765274,-7.04842472076,-7.08819198608,-6.90901851654,-9.80564308167],"min":[-28.3113155365,-27.7967185974,-27.7123260498,-27.6329727173,-27.4370632172,-27.414024353],"var":[4.46442651749,4.00172758102,3.93908619881,3.97163963318,5.02280473709,5.15187931061]},"spectral_decrease":{"dmean":2.86897994251e-9,"dmean2":4.71186645257e-9,"dvar":1.81398971254e-17,"dvar2":4.75513344717e-17,"max":1.73007310055e-28,"mean":-9.48785316979e-9,"median":-9.11211017751e-9,"min":-3.91715957448e-8,"var":3.71816924336e-17},"spectral_energy":{"dmean":0.0109963677824,"dmean2":0.0180528238416,"dvar":0.000263289024588,"dvar2":0.000690905610099,"max":0.150191247463,"mean":0.0379224643111,"median":0.0369325019419,"min":1.0203322939e-20,"var":0.000562628905755},"spectral_energyband_high":{"dmean":0.000185443728697,"dmean2":0.000274225923931,"dvar":1.47795844896e-7,"dvar2":2.73679404472e-7,"max":0.016827467829,"mean":0.000737301015761,"median":0.00055284507107,"min":7.28447639936e-21,"var":6.54836810554e-7},"spectral_energyband_low":{"dmean":0.00888396333903,"dmean2":0.0146685875952,"dvar":0.000229045108426,"dvar2":0.000590797862969,"max":0.134226307273,"mean":0.0167098846287,"median":0.0117183569819,"min":9.11904510432e-24,"var":0.000332817086019},"spectral_energyband_middle_high":{"dmean":0.00150307605509,"dmean2":0.00232354132459,"dvar":0.00000474494709124,"dvar2":0.0000115875564006,"max":0.0533595867455,"mean":0.00639043422416,"median":0.00522219669074,"min":1.23530781094e-21,"var":0.0000269466836471},"spectral_energyband_middle_low":{"dmean":0.00540458690375,"dmean2":0.00882325228304,"dvar":0.0000774172222009,"dvar2":0.000208460231079,"max":0.115201950073,"mean":0.0171656813473,"median":0.0146536184475,"min":1.74874634982e-22,"var":0.000175743087311},"spectral_entropy":{"dmean":0.0998905450106,"dmean2":0.152188330889,"dvar":0.013835397549,"dvar2":0.033016230911,"max":9.81764316559,"mean":7.48956298828,"median":7.70274972916,"min":4.43523359299,"var":0.500578999519},"spectral_flux":{"dmean":0.0251195486635,"dmean2":0.039400011301,"dvar":0.00103343930095,"dvar2":0.00229601212777,"max":0.322363972664,"mean":0.087298117578,"median":0.0818367749453,"min":6.44710188014e-11,"var":0.00299563142471},"spectral_kurtosis":{"dmean":3.49768161774,"dmean2":6.27930688858,"dvar":96.4772720337,"dvar2":303.015045166,"max":140.312438965,"mean":9.45953655243,"median":4.04836559296,"min":-1.26428627968,"var":317.906005859},"spectral_rms":{"dmean":0.000777039560489,"dmean2":0.00125350034796,"dvar":9.72695488599e-7,"dvar2":0.00000250264406532,"max":0.0121048772708,"mean":0.00566573720425,"median":0.0060026422143,"min":3.15506908793e-12,"var":0.0000048969754971},"spectral_rolloff":{"dmean":352.167755127,"dmean2":581.648010254,"dvar":249233.515625,"dvar2":554639.1875,"max":19659.8144531,"mean":1252.828125,"median":1012.06054688,"min":21.533203125,"var":2456745.25},"spectral_skewness":{"dmean":0.284790933132,"dmean2":0.503509938717,"dvar":0.361500650644,"dvar2":1.15107738972,"max":9.44126701355,"mean":1.77223360538,"median":1.47167646885,"min":-0.0781392976642,"var":1.2970649004},"spectral_spread":{"dmean":302128.1875,"dmean2":436549.40625,"dvar":332770639872,"dvar2":605384998912,"max":43180064,"mean":4284207,"median":4189855.5,"min":504964.40625,"var":10015930843100},"spectral_strongpeak":{"dmean":0.414931118488,"dmean2":0.725720107555,"dvar":0.7537779212,"dvar2":2.00086903572,"max":12.7327442169,"mean":0.788794755936,"median":0.502187490463,"min":0,"var":0.861223578453},"zerocrossingrate":{"dmean":0.00737388432026,"dmean2":0.00891499221325,"dvar":0.0000620724240434,"dvar2":0.0000761868868722,"max":0.52587890625,"mean":0.0551197901368,"median":0.04931640625,"min":0.005859375,"var":0.00179038988426}},"metadata":{"audio_properties":{"analysis_sample_rate":44100,"bit_rate":1017660,"codec":"alac","downmix":"mix","equal_loudness":0,"length":293.786651611,"lossless":true,"md5_encoded":"5ae385cac4a88015047b474732e0c7e3","replay_gain":-15.6170415878,"sample_rate":44100},"tags":{"album":["Berlin"],"albumartistsort":["Kadavar"],"artist":["Kadavar"],"artistsort":["Kadavar"],"barcode":["727361351502"],"catalognumber":["NB 3515-0"],"compilation":["0"],"date":["2015"],"discnumber":["1/1"],"file_name":"03 Kadavar - Thousand Miles Away From Home.m4a","genre":["Hard Rock"],"label":["Nuclear Blast"],"media":["CD"],"musicbrainz_albumartistid":["aa262bd7-2217-4590-b2e3-38d148508916"],"musicbrainz_albumid":["94e494ee-9cd5-4aee-982f-341e7f80b3ae"],"musicbrainz_artistid":["aa262bd7-2217-4590-b2e3-38d148508916"],"musicbrainz_recordingid":["bc75364d-8934-473b-b7f0-404a5124522f"],"musicbrainz_releasegroupid":["8f7ad174-6713-48b8-b2b5-648e9007e1a8"],"script":["Latn"],"title":["Thousand Miles Away From Home"],"tracknumber":["3/12"]},"version":{"essentia":"2.1-beta2","essentia_build_sha":"2d9f1f26377add8aeb1075a9c2973f962c4f09fd","essentia_git_sha":"v2.1_beta2-1-ge3940c0","extractor":"music 1.0"}},"rhythm":{"beats_count":513,"beats_loudness":{"dmean":0.015543423593,"dmean2":0.0271250680089,"dvar":0.000247603282332,"dvar2":0.000750244129449,"max":0.13300396502,"mean":0.0459988377988,"median":0.0483021661639,"min":0,"var":0.000638726865873},"beats_loudness_band_ratio":{"dmean":[0.207516252995,0.137106046081,0.0631597265601,0.0506753772497,0.0571011863649,0.0173729285598],"dmean2":[0.379395455122,0.244702935219,0.112147808075,0.0898162350059,0.102307341993,0.0316047891974],"dvar":[0.02872514911,0.0144650889561,0.0042107924819,0.00476295175031,0.00442242063582,0.000328642199747],"dvar2":[0.0901354178786,0.0441563054919,0.0119531508535,0.0143747795373,0.0123876044527,0.000996227026917],"max":[0.929407179356,0.894054293633,0.509792327881,0