{"lowlevel":{"average_loudness":0.945272266865,"barkbands":{"dmean":[0.00262238830328,0.00710896588862,0.00452475249767,0.00278947269544,0.00396118173376,0.00219012168236,0.00135252450127,0.00079870223999,0.000930894515477,0.000650530331768,0.000994436792098,0.000732756860089,0.000348383764504,0.000315367447911,0.000218718356336,0.000145548954606,0.000134908186737,0.000149490937474,0.000140371310408,0.000104310202005,0.0000803125512903,0.0000470867635158,0.0000553467252757,0.0000307542868541,0.00000878175251273,0.0000580555351917,0.000303129170788],"dmean2":[0.00432931631804,0.0117265321314,0.00750801293179,0.00466003734618,0.00639174133539,0.00354950572364,0.00219190516509,0.00131126178894,0.00151642854325,0.00105864042416,0.00160075468011,0.00115279632155,0.000560847111046,0.000501191534568,0.000349721056409,0.000228015676839,0.00020616115944,0.000226650154218,0.000209196630749,0.000149578627315,0.00011408230057,0.000064867133915,0.0000775150037953,0.0000428727726103,0.000013102311641,0.0000792419086793,0.000409481406678],"dvar":[0.0000390953646274,0.000125020000269,0.0000582692446187,0.0000158489401656,0.0000410698085034,0.0000144730247484,0.0000047228531912,0.00000165646690675,0.00000214438000512,0.00000121581285839,0.00000232763977692,0.00000130865930714,2.47005942811e-7,2.8406256547e-7,1.14370735105e-7,9.08264823352e-8,7.46961390519e-8,9.27507173287e-8,6.48859810326e-8,3.47418662727e-8,2.35883206301e-8,7.5015380574e-9,1.53485952836e-8,5.51688561501e-9,3.94973220796e-10,1.82327752896e-8,2.55820310713e-7],"dvar2":[0.0000946915752138,0.000331335002556,0.000150758307427,0.0000413061607105,0.000101077690488,0.0000344649888575,0.0000122715937323,0.00000420573269366,0.00000544445856576,0.0000031982353903,0.00000562773948332,0.00000307250115839,6.22851757726e-7,7.06222465396e-7,2.85069603478e-7,2.22630035296e-7,1.81967422463e-7,2.25072923854e-7,1.45494396975e-7,7.44773274164e-8,5.08230968421e-8,1.41358889039e-8,3.13344230563e-8,1.05956772245e-8,8.49302017603e-10,3.54091334032e-8,4.93313507377e-7],"max":[0.0717810243368,0.134730264544,0.113745950162,0.0912234410644,0.106256201863,0.0591597929597,0.0330047681928,0.0230474676937,0.0309915002435,0.0263652652502,0.0231655277312,0.0237496048212,0.00650294870138,0.011898749508,0.00534761277959,0.00984214898199,0.00500388257205,0.00676719797775,0.00415798276663,0.00362011278048,0.00342023489065,0.00160127424169,0.00179442309309,0.00137062417343,0.000315378769301,0.00209205970168,0.00668501947075],"mean":[0.00272951484658,0.0102503132075,0.00563775515184,0.00385380256921,0.00591152487323,0.00323396129534,0.00215812888928,0.00115665455814,0.00151057448238,0.00100682710763,0.00154289009515,0.00127665535547,0.000584815395996,0.00053726171609,0.000373431044864,0.000225766154472,0.000225577969104,0.000259343330981,0.000247567775659,0.000187943398487,0.00014772497525,0.0000765897348174,0.0000696830757079,0.0000349812726199,0.0000091687152235,0.0000689150110702,0.000679798889905],"median":[0.000942333310377,0.00536784250289,0.00274647958577,0.00193732406478,0.00346366968006,0.00160656077787,0.00117732770741,0.000598303799052,0.000777360517532,0.000460939627374,0.000756361579988,0.00061083806213,0.000343692488968,0.000263426656602,0.000194180232938,0.0000797975153546,0.0000709230444045,0.000090237124823,0.0000737142399885,0.0000564445981581,0.0000412674671679,0.000017519641915,0.000011041182006,0.00000446723788627,0.00000180796143923,0.00000830690987641,0.000266822025878],"min":[4.75046268579e-25,5.59602030617e-24,2.42682171211e-24,4.52505406377e-25,1.13693489337e-23,4.82751122344e-24,8.28121723613e-24,6.50944668706e-24,1.31545206518e-23,1.52415357958e-23,1.05467878906e-23,1.81971877707e-23,2.84876573983e-23,3.75284135798e-23,4.25904772106e-23,6.64435452362e-23,7.1841871872e-23,9.12345026139e-23,1.31212774222e-22,1.65866840565e-22,2.37980856827e-22,2.58729135569e-22,3.7377549927e-22,5.51366314877e-22,8.12393850336e-22,1.31050884818e-21,2.0959074492e-21],"var":[0.0000380990604754,0.000181325376616,0.000070601090556,0.0000290220013994,0.0000676801355439,0.0000253988273471,0.00000853800975165,0.00000272977172244,0.00000414012811234,0.00000211671795114,0.00000491345053888,0.00000365895584764,5.05462708134e-7,6.05948400789e-7,2.48755497978e-7,1.45610385971e-7,1.6030314498e-7,2.08411535141e-7,1.60355526191e-7,9.02244821077e-8,6.84957655039e-8,1.83821047273e-8,2.42879654166e-8,8.38361469135e-9,5.10306075174e-10,2.85473369388e-8,8.77807451616e-7]},"barkbands_crest":{"dmean":2.78921103477,"dmean2":4.59482765198,"dvar":5.91573905945,"dvar2":15.6203355789,"max":24.5376739502,"mean":9.34682750702,"median":8.53708457947,"min":2.47501993179,"var":14.5631752014},"barkbands_flatness_db":{"dmean":0.0297434721142,"dmean2":0.0432801768184,"dvar":0.000679381890222,"dvar2":0.00151721516158,"max":0.408614188433,"mean":0.142646491528,"median":0.136098921299,"min":0.016875512898,"var":0.00356152444147},"barkbands_kurtosis":{"dmean":5.1025762558,"dmean2":8.03639888763,"dvar":76.3018569946,"dvar2":175.341583252,"max":209.222579956,"mean":8.64831638336,"median":4.73087215424,"min":-1.72049486637,"var":171.136444092},"barkbands_skewness":{"dmean":0.67214179039,"dmean2":1.04113888741,"dvar":0.482488155365,"dvar2":1.12593269348,"max":11.4960775375,"mean":2.00527310371,"median":1.85223138332,"min":-2.13730287552,"var":1.87272667885},"barkbands_spread":{"dmean":7.04097127914,"dmean2":10.1409759521,"dvar":66.4680938721,"dvar2":136.644348145,"max":115.748878479,"mean":22.6357803345,"median":17.1685390472,"min":0.909376859665,"var":311.103515625},"dissonance":{"dmean":0.0218494944274,"dmean2":0.0364822000265,"dvar":0.000545134535059,"dvar2":0.00146547530312,"max":0.500000119209,"mean":0.464226841927,"median":0.472649782896,"min":0.198318809271,"var":0.000996755785309},"dynamic_complexity":2.21011734009,"erbbands":{"dmean":[0.289358139038,1.42628753185,4.51510572433,7.2739276886,11.8016061783,13.5675001144,14.9563350677,21.0599575043,17.6833896637,20.8762454987,17.9097709656,20.7072792053,19.7996177673,27.7340240479,36.8289260864,25.9920806885,15.9958600998,14.3503036499,14.0431337357,8.32807636261,7.84208583832,7.66472482681,7.96177577972,7.6072473526,6.58724069595,4.68179702759,3.69209122658,2.81014227867,1.77744233608,1.61116528511,1.55630934238,0.697571396828,0.527089774609,0.173017188907,0.0339748561382,0.126852363348,0.103151626885,0.0677371323109,0.0313772559166,0.00720078963786],"dmean2":[0.487281382084,2.34933161736,7.48000526428,11.9665498734,19.3305625916,22.2193069458,24.1880283356,34.0054397583,28.9084568024,34.0591468811,29.4421272278,33.7637863159,32.2250022888,44.2528381348,58.7967643738,40.9696311951,25.4987049103,22.5885028839,22.1608161926,13.0701475143,12.0432653427,11.5346536636,11.9897470474,11.2337789536,9.75576972961,6.72075271606,5.27124357224,3.98415184021,2.44403862953,2.23405647278,2.18373465538,0.962805271149,0.739689588547,0.249918609858,0.0517243072391,0.176883861423,0.139292761683,0.0890360176563,0.0420873835683,0.00996889453381],"dvar":[0.245203465223,5.32316207886,61.3632621765,106.198776245,444.096801758,574.462890625,850.73223877,1704.61474609,1033.57421875,1106.75439453,889.690917969,1167.20996094,1326.83557129,2250.73803711,2986.55224609,1624.40478516,525.710327148,636.143432617,445.609771729,197.717056274,248.005126953,241.346038818,256.614227295,217.328109741,135.627365112,73.0898361206,46.2659568787,31.2141284943,10.6086111069,10.7106781006,12.2796554565,2.52350783348,1.81277871132,0.185961291194,0.0031659740489,0.102210745215,0.0549866035581,0.0184068549424,0.00264703552239,0.000157514426974],"dvar2":[0.663948237896,14.1093664169,160.082595825,272.823699951,1120.01074219,1413.05554199,2089.23950195,4034.7043457,2635.49731445,2858.05175781,2257.50805664,2953.71435547,3478.90698242,5373.73583984,7151.76611328,3911.51782227,1316.07873535,1571.54748535,1128.70861816,475.224945068,583.666931152,579.546813965,626.88067627,494.792602539,296.858673096,156.710006714,100.148551941,68.0623703003,20.4567985535,21.0379314423,25.4017391205,4.82840013504,3.55954313278,0.384554952383,0.00673565873876,0.201888352633,0.103372842073,0.0349070318043,0.00506078219041,0.000330268638209],"max":[6.08524084091,31.6540775299,123.184844971,233.966949463,423.340820312,392.191101074,574.303039551,703.681335449,597.447570801,560.651123047,489.223602295,939.635131836,1029.68640137,1311.1159668,813.480407715,638.655944824,358.374450684,605.216064453,378.18057251,353.442840576,298.964050293,305.430084229,350.04309082,274.703399658,179.463378906,195.620391846,140.506759644,155.918319702,52.9985122681,62.0565795898,51.8661003113,28.7521438599,22.9747066498,6.93513917923,0.757892251015,5.7066783905,3.92330789566,2.15575933456,0.82518696785,0.181537032127],"mean":[0.360774934292,2.08860468864,5.80877161026,10.6025371552,17.2613811493,18.4092197418,21.6791572571,29.894323349,27.8981056213,33.0662155151,27.8169689178,33.8423156738,32.0556716919,48.4497947693,62.6217079163,46.089389801,28.9037513733,25.9016494751,25.2345428467,14.9135169983,12.9247570038,13.2587242126,13.8910827637,13.6077728271,11.6923875809,8.56862068176,6.88502550125,4.92504167557,2.91516065598,2.25808405876,1.92350900173,0.838078796864,0.571091294289,0.181509926915,0.037415612489,0.136719837785,0.125076055527,0.100119888783,0.0641078948975,0.0170502699912],"median":[0.185517624021,1.02843272686,3.04861497879,5.91946840286,9.02027702332,9.38577747345,10.9879198074,13.5084009171,14.9281978607,17.3851413727,14.6406679153,17.3802070618,15.8407125473,23.7479038239,33.1936950684,24.8775596619,17.6499347687,13.9071350098,14.036149025,7.61956787109,4.41036939621,4.39888000488,5.03649234772,4.214179039,3.41638207436,2.61296439171,2.10971856117,1.23470532894,0.666453421116,0.430545687675,0.296636432409,0.130194962025,0.0593959912658,0.0242566615343,0.0118773048744,0.0133749544621,0.0159545708448,0.017679091543,0.0185269955546,0.00894430279732],"min":[5.17684888787e-23,6.52409375147e-22,2.71515937229e-21,2.94950149775e-21,1.34320092026e-20,2.69813908106e-20,6.17619703489e-20,6.12233917595e-20,1.58180016629e-19,1.78880612124e-19,3.41156840071e-19,3.54811989322e-19,5.62466221225e-19,6.97660155252e-19,6.85825992421e-19,9.13586348377e-19,1.42651143025e-18,1.74625892321e-18,2.60700280271e-18,2.55330099657e-18,4.60496658246e-18,4.9622523588e-18,4.90375000998e-18,7.07102773496e-18,5.62270437914e-18,7.53662123198e-18,8.12725217758e-18,1.14756900505e-17,8.87228052042e-18,1.23927355648e-17,1.05898854936e-17,1.03389561189e-17,1.1045267446e-17,8.56766877831e-18,5.61519606072e-18,4.17583107093e-18,2.38512359751e-18,1.0286249411e-18,2.38892733586e-19,2.74510646086e-20],"var":[0.265224307775,8.21641731262,69.3816680908,198.986221313,748.507385254,807.186584473,1373.02502441,2869.94555664,1743.19458008,2042.30456543,1577.23022461,2196.64697266,2297.26000977,6552.78173828,6755.35839844,3776.61645508,1163.74829102,1352.92102051,1041.80834961,397.640136719,483.978851318,537.399475098,579.552062988,532.361450195,349.075195312,187.767440796,130.371017456,82.7286071777,26.3261356354,20.2584896088,18.8537750244,4.03342247009,2.58875656128,0.247981190681,0.00467643002048,0.146519526839,0.0897441580892,0.0371223054826,0.00913379155099,0.000443797325715]},"erbbands_crest":{"dmean":2.6449739933,"dmean2":4.34799957275,"dvar":5.84644651413,"dvar2":14.7232589722,"max":30.0847187042,"mean":8.43385982513,"median":7.67210769653,"min":2.46913003922,"var":13.7416400909},"erbbands_flatness_db":{"dmean":0.0276323165745,"dmean2":0.0389216952026,"dvar":0.000579763087444,"dvar2":0.00124002131633,"max":0.369168847799,"mean":0.148469597101,"median":0.145399808884,"min":0.0278429891914,"var":0.00237417896278},"erbbands_kurtosis":{"dmean":1.21716284752,"dmean2":1.93652379513,"dvar":2.8987967968,"dvar2":6.75769329071,"max":41.9931259155,"mean":1.09362590313,"median":0.458520174026,"min":-1.67329001427,"var":7.13442325592},"erbbands_skewness":{"dmean":0.423422366381,"dmean2":0.641161680222,"dvar":0.154626727104,"dvar2":0.34279897809,"max":4.91199493408,"mean":0.292873859406,"median":0.305569857359,"min":-4.65842294693,"var":0.649609029293},"erbbands_spread":{"dmean":7.48545408249,"dmean2":11.2585077286,"dvar":55.7706680298,"dvar2":124.198890686,"max":151.032196045,"mean":28.9812068939,"median":26.2897453308,"min":1.30776226521,"var":210.968734741},"gfcc":{"cov":[[23301.8847656,260.124359131,-1606.07336426,65.4457015991,-514.889831543,-275.56427002,22.7073478699,-228.60585022,-44.0680885315,-165.206924438,-84.780090332,149.866241455,-279.035217285],[260.124359131,1792.10852051,115.285621643,-427.802032471,-42.0585365295,37.5271644592,13.8520498276,-89.1433486938,-83.5062103271,4.53136253357,39.9216194153,-137.422515869,74.3686676025],[-1606.07336426,115.285621643,517.243164062,87.5974502563,-68.4262084961,177.282577515,-96.4139022827,124.092918396,-42.5827713013,42.6589851379,-2.59051442146,-7.43557739258,16.9230003357],[65.4457015991,-427.802032471,87.5974502563,442.46395874,132.206436157,-73.1579284668,33.2141494751,25.948890686,51.1489677429,-14.9631271362,-30.4883537292,42.6289825439,-33.0045509338],[-514.889831543,-42.0585365295,-68.4262084961,132.206436157,260.628326416,-35.6522674561,84.3488235474,-53.0115013123,31.6350803375,-22.8253860474,8.14458942413,-16.7567329407,18.3279495239],[-275.56427002,37.5271644592,177.282577515,-73.1579284668,-35.6522674561,321.812988281,-54.8416481018,92.4402389526,-80.0447235107,27.5778675079,1.0510635376,1.89549195766,12.7654409409],[22.7073478699,13.8520498276,-96.4139022827,33.2141494751,84.3488235474,-54.8416481018,194.361343384,-16.5555534363,52.419631958,-24.5866336823,3.79931855202,19.3912353516,-0.13789203763],[-228.60585022,-89.1433486938,124.092918396,25.948890686,-53.0115013123,92.4402389526,-16.5555534363,160.197677612,15.913022995,22.3342876434,3.25280666351,16.7212791443,12.7627496719],[-44.0680885315,-83.5062103271,-42.5827713013,51.1489677429,31.6350803375,-80.0447235107,52.419631958,15.913022995,120.472412109,30.6189689636,6.63892173767,22.8927230835,-6.15633869171],[-165.206924438,4.53136253357,42.6589851379,-14.9631271362,-22.8253860474,27.5778675079,-24.5866336823,22.3342876434,30.6189689636,76.4143218994,33.6862678528,1.28855037689,8.82830905914],[-84.780090332,39.9216194153,-2.59051442146,-30.4883537292,8.14458942413,1.0510635376,3.79931855202,3.25280666351,6.63892173767,33.6862678528,64.1038818359,27.3264923096,13.9885282516],[149.866241455,-137.422515869,-7.43557739258,42.6289825439,-16.7567329407,1.89549195766,19.3912353516,16.7212791443,22.8927230835,1.28855037689,27.3264923096,90.3055877686,15.4695663452],[-279.035217285,74.3686676025,16.9230003357,-33.0045509338,18.3279495239,12.7654409409,-0.13789203763,12.7627496719,-6.15633869171,8.82830905914,13.9885282516,15.4695663452,71.4959106445]],"icov":[[0.0000923585539567,-0.000143369426951,0.000543814152479,-0.000440498581156,0.00047194949002,-0.000265592592768,0.000103967591713,0.00000165410062891,-0.0000563116191188,0.00015643122606,-0.000131667780806,-0.0000149478664753,0.000108694359369],[-0.000143369426951,0.00126044347417,-0.00150010432117,0.00136439758353,-0.000303697801428,0.000302351923892,-0.000692609290127,0.000926656473894,-0.000451326341135,0.000940500176512,-0.00138632021844,0.0020558477845,-0.00135717901867],[0.000543814152479,-0.00150010432117,0.00711336545646,-0.00511502847075,0.00441205315292,-0.00355597841553,0.00161735655274,-0.00117480312474,-0.000666362175252,0.000921759521589,-0.00189301779028,0.00143685913645,-0.000757178233471],[-0.000440498581156,0.00136439758353,-0.00511502847075,0.0096422508359,-0.00903329625726,0.0059843044728,-0.000529688608367,-0.00323076802306,0.0050568911247,-0.00722890021279,0.00981568451971,-0.00835717283189,0.00556217087433],[0.00047194949002,-0.000303697801428,0.00441205315292,-0.00903329625726,0.0157009903342,-0.00780255859718,-0.00145125389099,0.00679313857108,-0.00997709296644,0.0135362213477,-0.0154780186713,0.0141548002139,-0.0094686569646],[-0.000265592592768,0.000302351923892,-0.00355597841553,0.0059843044728,-0.00780255859718,0.0105167450383,-0.000664972641971,-0.00627911975607,0.0109604084864,-0.0117824301124,0.0112181631848,-0.00957340747118,0.00577038386837],[0.000103967591713,-0.000692609290127,0.00161735655274,-0.000529688608367,-0.00145125389099,-0.000664972641971,0.00808774121106,-0.000682903337292,-0.00363232265227,0.00362314260565,-0.000852724420838,-0.00173756538425,0.000909761642106],[0.00000165410062891,0.000926656473894,-0.00117480312474,-0.00323076802306,0.00679313857108,-0.00627911975607,-0.000682903337292,0.0136612812057,-0.0093985805288,0.00842483807355,-0.00889734085649,0.0080114947632,-0.00707329018041],[-0.0000563116191188,-0.000451326341135,-0.000666362175252,0.0050568911247,-0.00997709296644,0.0109604084864,-0.00363232265227,-0.0093985805288,0.027128059417,-0.0243368931115,0.0192343275994,-0.0166943836957,0.0102031435817],[0.00015643122606,0.000940500176512,0.000921759521589,-0.00722890021279,0.0135362213477,-0.0117824301124,0.00362314260565,0.00842483807355,-0.0243368931115,0.0440900921822,-0.0336141586304,0.0229719188064,-0.0127197112888],[-0.000131667780806,-0.00138632021844,-0.00189301779028,0.00981568451971,-0.0154780186713,0.0112181631848,-0.000852724420838,-0.00889734085649,0.0192343275994,-0.0336141586304,0.0486257821321,-0.0291330628097,0.0120553895831],[-0.0000149478664753,0.0020558477845,0.00143685913645,-0.00835717283189,0.0141548002139,-0.00957340747118,-0.00173756538425,0.0080114947632,-0.0166943836957,0.0229719188064,-0.0291330628097,0.0354673191905,-0.0159956738353],[0.000108694359369,-0.00135717901867,-0.000757178233471,0.00556217087433,-0.0094686569646,0.00577038386837,0.000909761642106,-0.00707329018041,0.0102031435817,-0.0127197112888,0.0120553895831,-0.0159956738353,0.0247825086117]],"mean":[0.776765048504,102.144592285,-81.6107254028,-2.69098424911,-21.0023193359,-12.8363246918,-0.379742503166,-17.332857132,-8.99356269836,-8.50589942932,-4.16819810867,-2.90890097618,-9.40257167816]},"hfc":{"dmean":40.1284980774,"dmean2":59.6894950867,"dvar":6147.6953125,"dvar2":14783.5097656,"max":1205.8671875,"mean":91.1113052368,"median":65.5840454102,"min":1.09934407756e-16,"var":8869.83398438},"melbands":{"dmean":[0.00225999834947,0.00208740588278,0.00134949036874,0.000873690354638,0.000545999908354,0.000450742838439,0.000266480696155,0.000210597499972,0.000149370243889,0.000134699526825,0.0000999222174869,0.000109626525955,0.000134507819894,0.0000908625806915,0.000051968072512,0.0000310260620608,0.0000287399798253,0.0000259641019511,0.0000146634301927,0.0000100128263512,0.00000942640053836,0.00000852474204294,0.00000776309661887,0.00000735078901926,0.00000652076141705,0.00000520294952366,0.00000458780141344,0.00000302550370179,0.00000252099493991,0.00000205188871405,0.00000159335399985,0.00000108057918169,8.60708951222e-7,9.67716232481e-7,0.00000100516774637,6.15570570517e-7,3.6461457853e-7,3.74573062345e-7,3.35580239152e-7,7.78087780873e-8],"dmean2":[0.00373024772853,0.00340791908093,0.00219508889131,0.00142435962334,0.000875763420481,0.000726057973225,0.00043415260734,0.000343615189195,0.000245907023782,0.00022009233362,0.000162852811627,0.00017553496582,0.000217217515456,0.000142427757964,0.0000845873873914,0.0000496632055729,0.0000457528767583,0.0000413720372308,0.0000234914296016,0.000015853167497,0.0000145872354551,0.000013137499991,0.0000121744551507,0.0000112986581371,0.00000986689610727,0.00000784439635027,0.00000688226646162,0.00000445756950285,0.00000368990549759,0.00000299894827549,0.0000023121256163,0.00000154066856339,0.00000120883180443,0.00000138337020417,0.00000143191368807,8.74638487858e-7,5.12604572123e-7,5.29822216322e-7,4.79725656533e-7,1.17442567671e-7],"dvar":[0.0000138771083584,0.0000116260562208,0.00000329091221829,0.00000199685064217,0.00000110750386284,6.98800761256e-7,2.03131094167e-7,1.04677383206e-7,6.10017636404e-8,5.18674738714e-8,3.3340437966e-8,3.51203759408e-8,4.26644639617e-8,2.15439239781e-8,5.86552095783e-9,2.17801687796e-9,2.7717161899e-9,1.58745427914e-9,5.38044164777e-10,4.49397047353e-10,3.89903026532e-10,3.11422554411e-10,2.56082988148e-10,2.48122744573e-10,1.64021435323e-10,9.0266689956e-11,7.41758529599e-11,3.12043030304e-11,2.12331489197e-11,1.70253793702e-11,1.12868091609e-11,4.17307161049e-12,2.7142823579e-12,4.43001668335e-12,5.28466983715e-12,2.15613226058e-12,7.02354461483e-13,9.20634987515e-13,8.20702555394e-13,3.1610280257e-14],"dvar2":[0.0000365540036,0.0000304098739434,0.00000846212878969,0.00000489785770696,0.00000270700297733,0.00000166068889484,5.19327215898e-7,2.69628912974e-7,1.56293864961e-7,1.30809738152e-7,8.7409567584e-8,8.46031724677e-8,1.03049686118e-7,5.02828143567e-8,1.49205625632e-8,5.44944667169e-9,6.91717527701e-9,4.08660705276e-9,1.34782018879e-9,1.12537867913e-9,9.30160781731e-10,7.7029804757e-10,6.33501251457e-10,6.24248597259e-10,3.83938797421e-10,2.0664733813e-10,1.68641531295e-10,6.95110080606e-11,4.74194988831e-11,3.86542881037e-11,2.64120548349e-11,8.58968451922e-12,5.33209414122e-12,9.19490872331e-12,1.11370270645e-11,4.45923376349e-12,1.3621652634e-12,1.81622013436e-12,1.68598251679e-12,6.99785485093e-14],"max":[0.0415270477533,0.0493416786194,0.0334379114211,0.0254452582449,0.0219000577927,0.0136679653078,0.00783754326403,0.004984352272,0.00389366643503,0.00614321231842,0.00510689429939,0.00506696198136,0.00258611910976,0.00320444093086,0.00124815385789,0.000719222007319,0.001235253294,0.000669851608109,0.000353266863385,0.000924902386032,0.000375386094674,0.000357798242476,0.000331551476847,0.000423799763666,0.000208153374842,0.00016904406948,0.00016785718617,0.000134218877065,0.0000923357365537,0.000103567508631,0.000102712292573,0.0000332303607138,0.0000301276068058,0.0000385332386941,0.0000408282612625,0.0000266447405011,0.0000136197895699,0.0000160910021805,0.0000165881065186,0.00000294850156024],"mean":[0.00318137719296,0.00300856027752,0.00209659151733,0.00128283025697,0.000794094870798,0.00065565132536,0.000434792396845,0.000330618204316,0.000225535841309,0.000216252941755,0.000154773442773,0.000185262484592,0.000215986205149,0.000158203198225,0.0000847028713906,0.000052370778576,0.0000479826521769,0.0000436967784481,0.0000247927800956,0.0000161048010341,0.0000146020784086,0.0000137157267091,0.0000127649382193,0.0000121609000416,0.0000109972434075,0.00000882575750438,0.00000767586334405,0.00000517891385243,0.00000444084435003,0.00000357455428457,0.00000259701550931,0.00000170297187196,0.00000128270960431,0.00000126374243337,0.00000122811729852,7.28565510144e-7,4.287465174e-7,4.06702469036e-7,3.44573379607e-7,8.10081104419e-8],"median":[0.0016800109297,0.00170285475906,0.00123583700042,0.000766440934967,0.000405960978242,0.000305471738102,0.000247090560151,0.000182463016245,0.000112907117,0.000107976738946,0.0000730169485905,0.0000872192395036,0.000112034249469,0.0000746949590393,0.0000486894969072,0.000029836943213,0.0000237382992054,0.0000225574003707,0.0000129134577946,0.00000622185643806,0.00000425619464295,0.00000408938103647,0.00000471600651508,0.00000400474164053,0.00000321692027683,0.0000025995584565,0.00000204212278732,0.00000160715319453,0.00000139204473726,9.64703644968e-7,6.18747833414e-7,3.89217518659e-7,2.67709737045e-7,2.18100524307e-7,1.82423917749e-7,1.12445064815e-7,6.17689437377e-8,4.26512407614e-8,2.69637645545e-8,1.60655186932e-8],"min":[1.09726252624e-24,1.58901731253e-24,6.87512542765e-25,1.7370342424e-24,2.15185872157e-24,1.22757652994e-24,2.3016975257e-24,2.0983494975e-24,2.46561710257e-24,2.11084564589e-24,2.52106061357e-24,2.25992260761e-24,1.92752876823e-24,2.29593884109e-24,3.05402154924e-24,2.75085658412e-24,2.96846583698e-24,3.11454591611e-24,2.52486035933e-24,4.03986319186e-24,4.29400340995e-24,3.93952718446e-24,4.36603982123e-24,4.63537626136e-24,5.1183307126e-24,4.4359687906e-24,3.22385146922e-24,4.90156869636e-24,4.33169321185e-24,5.44566775637e-24,5.9556107169e-24,4.69015002946e-24,5.40365184126e-24,5.29193178214e-24,5.56795855161e-24,4.90908732965e-24,5.02937205161e-24,6.56364143124e-24,6.95527852739e-24,6.58424135049e-24],"var":[0.0000181792402145,0.0000145740468724,0.00000629718715572,0.00000323276435665,0.00000180404219918,0.00000121737161862,3.60657935516e-7,1.92847664948e-7,1.09438190066e-7,9.61900994412e-8,5.67376936544e-8,9.74712932589e-8,8.36194189446e-8,6.05046466262e-8,1.08468016791e-8,4.49722881157e-9,5.50314060987e-9,3.4658316217e-9,1.09206488297e-9,6.64243549053e-10,7.27013449442e-10,6.38315844625e-10,4.90360807515e-10,5.04264852097e-10,3.66410374264e-10,2.05197692171e-10,1.68911912235e-10,7.17708045772e-11,5.28103012709e-11,4.54661863714e-11,2.46018587446e-11,9.50452390402e-12,5.75462420771e-12,7.30906914853e-12,7.90274529844e-12,3.09210578149e-12,1.10238174925e-12,1.30913715198e-12,1.07793136396e-12,3.93492408254e-14]},"melbands_crest":{"dmean":3.93657755852,"dmean2":6.5894818306,"dvar":11.5515623093,"dvar2":30.8662967682,"max":34.9352912903,"mean":14.0565719604,"median":13.5273962021,"min":1.64359974861,"var":26.9959945679},"melbands_flatness_db":{"dmean":0.0382002964616,"dmean2":0.0551717877388,"dvar":0.00107700703666,"dvar2":0.00240188906901,"max":0.57928276062,"mean":0.251597553492,"median":0.248912513256,"min":0.00347069604322,"var":0.00686114747077},"melbands_kurtosis":{"dmean":7.0880484581,"dmean2":11.3496103287,"dvar":228.413421631,"dvar2":580.985473633,"max":580.662231445,"mean":11.6109342575,"median":6.12905597687,"min":-1.88254880905,"var":422.014648438},"melbands_skewness":{"dmean":0.783424079418,"dmean2":1.23046970367,"dvar":0.66081482172,"dvar2":1.620870471,"max":20.0463047028,"mean":2.39849829674,"median":2.15489912033,"min":-1.45121049881,"var":2.39473247528},"melbands_spread":{"dmean":5.87760257721,"dmean2":9.02962493896,"dvar":68.5618286133,"dvar2":141.290130615,"max":154.51902771,"mean":18.847410202,"median":14.2140760422,"min":0.666964590549,"var":388.562683105},"mfcc":{"cov":[[9035.53515625,-136.282608032,-408.446228027,260.315795898,-242.868743896,85.2434692383,-128.634414673,192.407196045,-139.337677002,90.4149169922,-106.944923401,74.7750930786,1.07340919971],[-136.282608032,2107.13232422,150.755355835,-270.695037842,-92.0715484619,32.8582611084,121.104660034,-132.210876465,-12.2628622055,-51.0879821777,63.8949661255,-59.4928436279,-44.6143760681],[-408.446228027,150.755355835,574.906738281,-137.133071899,85.7021026611,-37.2146110535,43.3443717957,2.55416727066,18.2972412109,-3.13156843185,34.725402832,-2.15819120407,9.3635969162],[260.315795898,-270.695037842,-137.133071899,536.245788574,28.5924320221,29.1614341736,-66.0252761841,50.5456809998,20.9630012512,20.8441677094,-19.4977550507,26.9814949036,3.27517461777],[-242.868743896,-92.0715484619,85.7021026611,28.5924320221,206.057861328,36.3750801086,41.1613273621,-4.40354251862,13.2418336868,-0.415397584438,9.84263134003,-10.4921550751,1.28347790241],[85.2434692383,32.8582611084,-37.2146110535,29.1614341736,36.3750801086,142.761444092,49.6739845276,16.4092845917,-4.53464365005,5.37361526489,-7.76386928558,-6.24944400787,-4.29711198807],[-128.634414673,121.104660034,43.3443717957,-66.0252761841,41.1613273621,49.6739845276,142.523406982,28.6733894348,12.7025785446,-10.8582725525,3.66279888153,-15.320687294,-2.65196299553],[192.407196045,-132.210876465,2.55416727066,50.5456809998,-4.40354251862,16.4092845917,28.6733894348,127.597999573,37.1595840454,7.54474163055,-11.8907289505,18.0989723206,9.27025127411],[-139.337677002,-12.2628622055,18.2972412109,20.9630012512,13.2418336868,-4.53464365005,12.7025785446,37.1595840454,90.4932785034,23.4738769531,4.25961685181,6.55377626419,11.6828212738],[90.4149169922,-51.0879821777,-3.13156843185,20.8441677094,-0.415397584438,5.37361526489,-10.8582725525,7.54474163055,23.4738769531,69.6176757812,24.7482242584,7.89045715332,1.25486826897],[-106.944923401,63.8949661255,34.725402832,-19.4977550507,9.84263134003,-7.76386928558,3.66279888153,-11.8907289505,4.25961685181,24.7482242584,66.9472808838,18.336977005,-1.68391096592],[74.7750930786,-59.4928436279,-2.15819120407,26.9814949036,-10.4921550751,-6.24944400787,-15.320687294,18.0989723206,6.55377626419,7.89045715332,18.336977005,62.3402175903,28.9803905487],[1.07340919971,-44.6143760681,9.3635969162,3.27517461777,1.28347790241,-4.29711198807,-2.65196299553,9.27025127411,11.6828212738,1.25486826897,-1.68391096592,28.9803905487,65.6619338989]],"icov":[[0.000137416805956,-0.0000392046349589,0.0000533989768883,-0.000013422547454,0.0000531962359673,-0.0000340497972502,0.000101341262052,-0.000298206257867,0.000388175569242,-0.000374147930415,0.00031879846938,-0.000180042741704,0.0000328200221702],[-0.0000392046349589,0.000676384894177,-0.000183322888915,0.0000771372069721,0.000617791549303,-0.000330599228619,-0.000564173154999,0.00086975999875,-0.000558975152671,0.00082536455011,-0.000935896707233,0.000494874024298,0.000144481979078],[0.0000533989768883,-0.000183322888915,0.00221425457858,0.000498862122186,-0.00113344227429,0.000841954082716,-0.0000635921314824,-0.000703014084138,0.0000882280946826,-0.0000748684906284,-0.000596532714553,0.0000365821397281,-0.000337846984621],[-0.000013422547454,0.0000771372069721,0.000498862122186,0.00245530414395,-0.000780238013249,-0.000575283367652,0.00143529730849,-0.000896427314728,-0.00038944958942,-0.000248552503763,0.000529589073267,-0.000837459112518,0.000478396046674],[0.0000531962359673,0.000617791549303,-0.00113344227429,-0.000780238013249,0.00670804036781,-0.00171336787753,-0.00177525880281,0.00167603720911,-0.00119363237172,0.0011236614082,-0.0017150543863,0.00156822090503,-0.000477358349599],[-0.0000340497972502,-0.000330599228619,0.000841954082716,-0.000575283367652,-0.00171336787753,0.00937672518194,-0.00335844629444,-0.00075762817869,0.00191408814862,-0.00246029975824,0.0019981446676,-0.000573832658119,0.000313976983307],[0.000101341262052,-0.000564173154999,-0.0000635921314824,0.00143529730849,-0.00177525880281,-0.00335844629444,0.0112597774714,-0.0038677372504,-0.000671213900205,0.00199723010883,-0.00172100425698,0.00265068653971,-0.000764562515542],[-0.000298206257867,0.00086975999875,-0.000703014084138,-0.000896427314728,0.00167603720911,-0.00075762817869,-0.0038677372504,0.0126243857667,-0.00510831689462,0.000764471420553,0.00196953932755,-0.00357488077134,0.00124251144007],[0.000388175569242,-0.000558975152671,0.0000882280946826,-0.00038944958942,-0.00119363237172,0.00191408814862,-0.000671213900205,-0.00510831689462,0.0159947052598,-0.00651327613741,0.00181291240733,0.000150170686538,-0.00227776449174],[-0.000374147930415,0.00082536455011,-0.0000748684906284,-0.000248552503763,0.0011236614082,-0.00246029975824,0.00199723010883,0.000764471420553,-0.00651327613741,0.0214393399656,-0.0100794043392,0.00262209400535,-0.00028687925078],[0.00031879846938,-0.000935896707233,-0.000596532714553,0.000529589073267,-0.0017150543863,0.0019981446676,-0.00172100425698,0.00196953932755,0.00181291240733,-0.0100794043392,0.0244109779596,-0.0107927229255,0.00449379859492],[-0.000180042741704,0.000494874024298,0.0000365821397281,-0.000837459112518,0.00156822090503,-0.000573832658119,0.00265068653971,-0.00357488077134,0.000150170686538,0.00262209400535,-0.0107927229255,0.0271162614226,-0.0114022772759],[0.0000328200221702,0.000144481979078,-0.000337846984621,0.000478396046674,-0.000477358349599,0.000313976983307,-0.000764562515542,0.00124251144007,-0.00227776449174,-0.00028687925078,0.00449379859492,-0.0114022772759,0.0207335278392]],"mean":[-657.407165527,163.269546509,-4.49383735657,26.576177597,-5.25011777878,15.2164945602,6.13297653198,6.10271024704,-4.59074640274,2.21651387215,-1.66219091415,1.56990408897,-1.05931866169]},"pitch_salience":{"dmean":0.0805795863271,"dmean2":0.13278016448,"dvar":0.00471555860713,"dvar2":0.0125262280926,"max":0.909873843193,"mean":0.598943471909,"median":0.61080789566,"min":0.144466996193,"var":0.0110123381019},"silence_rate_20dB":{"dmean":0,"dmean2":0,"dvar":0,"dvar2":0,"max":1,"mean":1,"median":1,"min":1,"var":0},"silence_rate_30dB":{"dmean":0.0555114969611,"dmean2":0.111037671566,"dvar":0.0524306669831,"dvar2":0.133342266083,"max":1,"mean":0.959957718849,"median":1,"min":0,"var":0.0384392216802},"silence_rate_60dB":{"dmean":0.00607983069494,"dmean2":0.0121612688527,"dvar":0.00604365300387,"dvar2":0.0128043824807,"max":1,"mean":0.0364741645753,"median":0,"min":0,"var":0.0351409725845},"spectral_centroid":{"dmean":230.077514648,"dmean2":326.465362549,"dvar":92590.09375,"dvar2":158851.25,"max":11633.0224609,"mean":1086.04589844,"median":768.714660645,"min":153.694625854,"var":1566193.125},"spectral_complexity":{"dmean":4.3803858757,"dmean2":6.0166554451,"dvar":21.2910289764,"dvar2":33.3768959045,"max":62,"mean":20.9592971802,"median":19,"min":0,"var":125.169891357},"spectral_contrast_coeffs":{"dmean":[0.0588480122387,0.0515887960792,0.0398939400911,0.0320690721273,0.0217455513775,0.0380486734211],"dmean2":[0.0970122367144,0.0858145728707,0.0659945905209,0.0524676591158,0.0349827259779,0.0586658157408],"dvar":[0.00220788526349,0.0016558021307,0.00102585647255,0.000665371655487,0.000358172517736,0.00128311431035],"dvar2":[0.00583287561312,0.00452447030693,0.00269275833853,0.00171766721178,0.000863141904119,0.00286770355888],"max":[-0.308936268091,-0.487883418798,-0.523997664452,-0.595035493374,-0.681258320808,-0.467239558697],"mean":[-0.654188811779,-0.759054780006,-0.794615864754,-0.803080439568,-0.831318318844,-0.749326884747],"median":[-0.657843470573,-0.762166976929,-0.798380196095,-0.806143343449,-0.829231977463,-0.750138998032],"min":[-0.979334890842,-0.977676033974,-0.979194462299,-0.972028911114,-0.969407379627,-0.96457862854],"var":[0.00836989935488,0.00470281206071,0.00343647808768,0.0025270273909,0.00152734958101,0.00556887919083]},"spectral_contrast_valleys":{"dmean":[0.418274790049,0.405679732561,0.375092387199,0.350185900927,0.389558583498,0.676027417183],"dmean2":[0.669326841831,0.636609554291,0.564927816391,0.513598442078,0.522933185101,0.983451664448],"dvar":[0.149659588933,0.148232966661,0.144503369927,0.138723999262,0.179494231939,0.321967244148],"dvar2":[0.299637198448,0.27942276001,0.237576499581,0.228584572673,0.307296395302,0.7483933568],"max":[-4.91661834717,-4.61831903458,-4.96274995804,-5.7170791626,-5.55650091171,-8.34008026123],"mean":[-6.86153316498,-6.49622154236,-6.90148925781,-7.6310801506,-7.78980064392,-10.9953336716],"median":[-6.47943496704,-6.10269737244,-6.51340341568,-7.27965784073,-7.5101890564,-10.7491283417],"min":[-28.6064739227,-28.1820106506,-27.8146438599,-27.6824302673,-27.499540329,-27.4048213959],"var":[5.7257027626,5.96968889236,5.72767066956,5.34061002731,5.52477550507,4.24743509293]},"spectral_decrease":{"dmean":4.19489065706e-9,"dmean2":6.48944542547e-9,"dvar":2.61368145897e-17,"dvar2":6.34142068572e-17,"max":4.18798773438e-9,"mean":-1.0186401056e-8,"median":-8.94263685325e-9,"min":-5.75467460351e-8,"var":4.92593433226e-17},"spectral_energy":{"dmean":0.01779615134,"dmean2":0.0268530864269,"dvar":0.000485126452986,"dvar2":0.00112497922964,"max":0.234696596861,"mean":0.0467098616064,"median":0.0411471351981,"min":9.94046287339e-21,"var":0.000949587090872},"spectral_energyband_high":{"dmean":0.000517684151419,"dmean2":0.000660224759486,"dvar":7.18908779618e-7,"dvar2":0.00000119785454444,"max":0.0134618356824,"mean":0.00101987924427,"median":0.000297725870041,"min":7.12916273804e-21,"var":0.00000230818045566},"spectral_energyband_low":{"dmean":0.0116638429463,"dmean2":0.0187200121582,"dvar":0.000288787268801,"dvar2":0.000734453031328,"max":0.181557655334,"mean":0.0195811837912,"median":0.0128521211445,"min":1.25123870861e-23,"var":0.000434153393144},"spectral_energyband_middle_high":{"dmean":0.00226338091306,"dmean2":0.0033244502265,"dvar":0.00000754164602768,"dvar2":0.000016133140889,"max":0.0443702936172,"mean":0.00623142207041,"median":0.00485484581441,"min":1.11799023465e-21,"var":0.0000309314928018},"spectral_energyband_middle_low":{"dmean":0.00777970533818,"dmean2":0.0122799929231,"dvar":0.0000839430213091,"dvar2":0.000205412041396,"max":0.140850916505,"mean":0.01811857149,"median":0.0152181172743,"min":1.70155631182e-22,"var":0.000205092277611},"spectral_entropy":{"dmean":0.243660032749,"dmean2":0.341606140137,"dvar":0.0543075725436,"dvar2":0.11457759887,"max":9.81821250916,"mean":7.3912191391,"median":7.42502450943,"min":5.38987350464,"var":0.309857904911},"spectral_flux":{"dmean":0.0313408561051,"dmean2":0.0481361970305,"dvar":0.00109104404692,"dvar2":0.00227352720685,"max":0.370264559984,"mean":0.121510371566,"median":0.11477817595,"min":6.41796615852e-11,"var":0.00291539425962},"spectral_kurtosis":{"dmean":5.78606510162,"dmean2":8.80509471893,"dvar":57.6520004272,"dvar2":149.76411438,"max":134.573791504,"mean":16.8700065613,"median":14.3536128998,"min":-1.25633847713,"var":108.017990112},"spectral_rms":{"dmean":0.00121270096861,"dmean2":0.00177212955896,"dvar":0.0000015659810515,"dvar2":0.00000337279561791,"max":0.0151318302378,"mean":0.00634360546246,"median":0.00633589364588,"min":3.11416322417e-12,"var":0.00000532916237717},"spectral_rolloff":{"dmean":2462.61450195,"dmean2":4559.11376953,"dvar":30407288,"dvar2":76630064,"max":22050,"mean":3942.51123047,"median":1076.66015625,"min":43.06640625,"var":44493072},"spectral_skewness":{"dmean":0.460168123245,"dmean2":0.671010315418,"dvar":0.258045405149,"dvar2":0.623875677586,"max":8.55443000793,"mean":2.7886133194,"median":2.66227221489,"min":-0.107658952475,"var":0.858225882053},"spectral_spread":{"dmean":696989.375,"dmean2":988573.9375,"dvar":623691563008,"dvar2":1115475673090,"max":42444116,"mean":4309616.5,"median":3805503.75,"min":949250.875,"var":16759816978400},"spectral_strongpeak":{"dmean":1.00507283211,"dmean2":1.81358873844,"dvar":26.5057601929,"dvar2":74.6818389893,"max":125.472877502,"mean":1.05917644501,"median":0.382473260164,"min":0,"var":23.9268474579},"zerocrossingrate":{"dmean":0.0296216867864,"dmean2":0.0371266081929,"dvar":0.000704778882209,"dvar2":0.00106056546792,"max":0.8271484375,"mean":0.170128628612,"median":0.15673828125,"min":0.01416015625,"var":0.00767582375556}},"metadata":{"audio_properties":{"analysis_sample_rate":44100,"bit_rate":320000,"codec":"mp3","downmix":"mix","equal_loudness":0,"length":175.674530029,"lossless":false,"md5_encoded":"070ae1fa9e92d4330bcbd1787d9a241b","replay_gain":-10.6823978424,"sample_rate":44100},"tags":{"acoustid_id":["680dd819-d5e3-4c31-b22c-69968a6197e3"],"album":["Right Thoughts, Right Words, Right Action"],"albumartist":["Franz Ferdinand"],"albumartistsort":["Franz Ferdinand"],"artist":["Franz Ferdinand"],"artistsort":["Franz Ferdinand"],"asin":["B00CUKTGNU"],"barcode":["887828025534"],"catalognumber":["WIGCD255X"],"composer":["Franz Ferdinand"],"date":["2013"],"discnumber":["2/2"],"file_name":"03. Franz Ferdinand - Evil Eye.mp3","genre":["Indie Rock"],"label":["Domino"],"language":["eng"],"media":["CD"],"musicbrainz album release country":["GB"],"musicbrainz album status":["official"],"musicbrainz album type":["album"],"musicbrainz_albumartistid":["aa7a2827-f74b-473c-bd79-03d065835cf7"],"musicbrainz_albumid":["d06987c1-130a-4fb2-bb2c-8956a697fbd5"],"musicbrainz_artistid":["aa7a2827-f74b-473c-bd79-03d065835cf7"],"musicbrainz_recordingid":["bc9c7373-0324-4942-b50d-89e4b36d363e"],"musicbrainz_workid":["a6eb0bbc-2a02-4878-9b83-bb0bc2e95d28"],"originaldate":["2013"],"script":["Latn"],"title":["Evil Eye"],"tracknumber":["3/13"]},"version":{"essentia":"2.1-beta1","essentia_build_sha":"ca57ba49d9b1854bd80e60cf9ccf267278fb7d6b","essentia_git_sha":"v2.1_beta1-28-g21ef5f4-dirty","extractor":"music 1.0"}},"rhythm":{"beats_count":334,"beats_loudness":{"dmean":0.02337240614,"dmean2":0.040308713913,"dvar":0.000347710214555,"dvar2":0.000995138543658,"max":0.151270359755,"mean":0.0685389488935,"median":0.0674666315317,"min":0,"var":0.000567878072616},"beats_loudness_band_ratio":{"dmean":[0.193939432502,0.0861521139741,0.0542806498706,0.0590079315007,0.0338155291975,0.0963077694178],"dmean2":[0.355360746384,0.15178526938,0.0945706367493,0.0998157560825,0.0651277899742,0.183474719524],"dvar":[0.