{"lowlevel":{"average_loudness":0.915604650974,"barkbands":{"dmean":[0.0112406872213,0.0132312756032,0.00308050750755,0.00107125611976,0.000832463090774,0.00116019393317,0.000594511569943,0.000563839741517,0.000430022017099,0.000354517920641,0.000435345282312,0.000709869666025,0.000702868856024,0.000527043303009,0.000583128770813,0.000472305284347,0.000467039586511,0.00044404680375,0.000351978029357,0.00023202993907,0.000156791109475,0.000076770898886,0.0000255198428931,0.00000313208170155,0.00000312389170176,0.000013852887605,0.000507743796334],"dmean2":[0.0183103661984,0.0210050996393,0.00488846702501,0.00185167684685,0.00139065016992,0.00186502747238,0.000981229473837,0.000912845891435,0.000689073058311,0.000575141049922,0.000706187624019,0.00116438919213,0.0011550351046,0.000856192607898,0.0009591486305,0.000767488847487,0.000760571914725,0.00069609482307,0.00054520991398,0.000367059488781,0.000226097690756,0.000106090978079,0.0000363253966498,0.00000523036715094,0.00000519707373314,0.0000196781948034,0.000720793264918],"dvar":[0.000485592550831,0.000313556083711,0.000023068212613,0.00000477009598399,0.00000258592694991,0.0000166052359418,0.00000445701789431,0.00000366403696717,0.00000119834339785,5.47579929844e-7,7.54449331453e-7,9.24425194171e-7,7.96286144578e-7,4.98117060488e-7,5.48265063571e-7,3.49717510062e-7,5.50170398128e-7,4.61777460714e-7,3.71349727857e-7,2.52556986879e-7,9.73946185923e-8,2.16284661292e-8,2.8437447952e-9,3.09305046853e-11,2.86848045317e-11,4.13693634904e-10,2.36436221712e-7],"dvar2":[0.00115013099276,0.000760244496632,0.0000542996203876,0.0000129823192765,0.00000666577170705,0.0000414549358538,0.0000123640029415,0.00000919477861316,0.00000304767809212,0.00000134760091441,0.00000185335466085,0.00000235495349443,0.00000208047481465,0.00000128230351493,0.00000141347129556,8.90215403615e-7,0.00000143244710671,0.00000111288829885,8.8178671831e-7,6.47779586416e-7,2.10492757446e-7,4.38143246129e-8,5.97948224268e-9,7.76732081431e-11,7.2181344235e-11,7.98803800883e-10,4.94716857702e-7],"max":[0.286814332008,0.332480847836,0.100718386471,0.0303891412914,0.0233652163297,0.126628264785,0.0662775561213,0.0527666136622,0.0252102222294,0.0180576834828,0.0278479158878,0.0230953227729,0.0149778509513,0.0144335022196,0.0113120563328,0.00955325737596,0.0101663423702,0.00802552700043,0.00820497889072,0.00778827350587,0.00929058436304,0.00513806240633,0.00190591684077,0.00010072850273,0.0000955543655436,0.000426987389801,0.00969017110765],"mean":[0.00987541209906,0.0195190999657,0.00414614286274,0.00101255055051,0.000922153703868,0.00142591760959,0.000754389970098,0.000722064229194,0.000550014257897,0.000481539318571,0.000639878970105,0.00120482093189,0.00119017018005,0.000887891685124,0.000967916625086,0.000766613287851,0.000707384024281,0.000616373610683,0.000439930590801,0.000306415342493,0.000265279581072,0.000149442377733,0.0000500288624607,0.00000308025209961,0.00000317660646942,0.0000284187790385,0.00174049474299],"median":[0.00129703094717,0.00978780910373,0.00156924850307,0.000363002473023,0.000363179977285,0.000187950194231,0.000122812591144,0.0000990747357719,0.000169179402292,0.000213278850424,0.00033793807961,0.000860493863001,0.000896850193385,0.000602276530117,0.000723306671716,0.000604460714385,0.000515039777383,0.000336559751304,0.000164410710568,0.000132122746436,0.000129414402181,0.0000824521557661,0.0000297472106467,0.0000011784866274,0.00000132075831516,0.0000183526535693,0.00168310804293],"min":[1.33786581231e-23,2.22168758449e-23,1.01528441652e-23,8.16748084854e-23,1.0574385085e-22,6.56870718043e-23,2.21527950959e-23,2.75041308652e-23,8.50538720848e-23,8.36917617369e-23,2.61042687899e-23,6.86563379407e-23,6.93341398522e-23,7.64779632357e-23,1.62987384665e-22,1.17743397095e-22,1.71853954048e-22,1.66958056078e-22,2.28780668701e-22,3.66427001191e-22,3.56837986681e-22,2.77076550855e-22,6.40560154236e-22,9.9207349389e-22,1.31666332639e-21,1.90133845364e-21,2.69731258707e-21],"var":[0.000465114659164,0.000655802199617,0.0000447392594651,0.00000387595628126,0.00000265393146037,0.0000254421611317,0.0000067127548391,0.00000606131652603,0.00000176777325578,7.88537363405e-7,0.00000124596090245,0.00000172238594587,0.00000135423397296,9.25907670535e-7,8.65690140017e-7,5.01155284383e-7,5.9403026853e-7,5.79544973789e-7,4.38050932416e-7,2.48782868084e-7,1.73506776946e-7,4.72944350349e-8,5.24499954579e-9,3.08960634854e-11,2.92464143181e-11,1.04277753099e-9,0.00000131352578592]},"barkbands_crest":{"dmean":3.67508101463,"dmean2":5.7917599678,"dvar":9.8206949234,"dvar2":23.2735309601,"max":26.0790786743,"mean":11.3879737854,"median":10.7332315445,"min":2.19381809235,"var":28.1466217041},"barkbands_flatness_db":{"dmean":0.034331317991,"dmean2":0.0513417758048,"dvar":0.00100266782101,"dvar2":0.00224367738701,"max":0.524587094784,"mean":0.136694207788,"median":0.122282207012,"min":0.0327467247844,"var":0.00348249124363},"barkbands_kurtosis":{"dmean":10.3834905624,"dmean2":15.8278837204,"dvar":1062.32849121,"dvar2":2711.63134766,"max":897.71862793,"mean":12.0858669281,"median":1.10192632675,"min":-1.83259510994,"var":1786.84680176},"barkbands_skewness":{"dmean":1.09674143791,"dmean2":1.57775986195,"dvar":1.83005428314,"dvar2":3.84714865685,"max":26.2005558014,"mean":2.14708328247,"median":1.38598704338,"min":-2.08088588715,"var":6.21200037003},"barkbands_spread":{"dmean":13.6854324341,"dmean2":20.8480377197,"dvar":146.258590698,"dvar2":335.7449646,"max":126.081123352,"mean":44.6824264526,"median":45.1601867676,"min":0.245055526495,"var":531.370361328},"dissonance":{"dmean":0.00792903918773,"dmean2":0.0136136943474,"dvar":0.0000855472680996,"dvar2":0.000233828468481,"max":0.500000178814,"mean":0.489461570978,"median":0.493073582649,"min":0.304360866547,"var":0.000126100625494},"dynamic_complexity":2.63757109642,"erbbands":{"dmean":[0.626455128193,2.34472751617,4.26574754715,3.30321860313,2.68915581703,2.99992990494,5.12513637543,11.6993379593,7.38671875,12.656036377,10.1319036484,9.87718772888,9.69665718079,13.374546051,19.5541725159,27.9968070984,31.5190315247,23.7685642242,29.2834377289,29.135137558,25.9024772644,25.5597915649,24.5938644409,21.3930263519,14.813076973,10.8809394836,7.59252595901,5.25692129135,3.02379703522,1.64362227917,0.589585363865,0.0946712940931,0.0503566712141,0.034626044333,0.0224745981395,0.0135743310675,0.0209214743227,0.0623553730547,0.0293544884771,0.0117715895176],"dmean2":[1.04899048805,3.56864213943,6.38104248047,5.65842247009,4.51185274124,5.0882396698,8.30539512634,18.8694782257,12.2040147781,20.615064621,16.253288269,15.8082485199,15.8011207581,21.2694568634,31.5120048523,45.7597389221,51.5591163635,38.2476577759,47.6474952698,48.0363311768,41.8055000305,41.1975059509,38.6546173096,33.1309280396,22.9423217773,17.1982040405,11.3624801636,7.53001260757,4.19250154495,2.28787064552,0.834092915058,0.149709150195,0.0838940963149,0.0576792396605,0.0373407229781,0.022462612018,0.0293410867453,0.078894533217,0.0383338704705,0.0174854062498],"dvar":[1.04703366756,11.3688468933,42.7273139954,43.8207092285,26.9055480957,40.673160553,244.743881226,2028.48583984,489.601287842,2373.85327148,1113.99804688,767.537597656,388.721069336,876.200073242,1010.49139404,1408.04260254,1571.57788086,1013.40472412,1469.19909668,1394.08068848,1085.47583008,1559.23413086,1444.0604248,1252.26708984,746.239135742,565.551757812,196.265869141,127.793495178,32.6600723267,11.0327386856,1.30601167679,0.0201928392053,0.00787261687219,0.00362542667426,0.00144460110459,0.000481510563986,0.000836576800793,0.00903015490621,0.0016312757507,0.000127924169647],"dvar2":[2.78732156754,22.5257377625,84.7210083008,119.612609863,69.6592102051,107.408332825,608.643249512,5071.29248047,1305.71960449,6214.09667969,2732.71337891,1964.63061523,980.983337402,2085.06030273,2504.3359375,3596.13745117,4096.53808594,2582.87524414,3742.57006836,3607.42749023,2752.62744141,4013.39819336,3522.14331055,2936.50732422,1806.33447266,1443.14196777,450.405792236,270.436889648,66.0743637085,22.9275474548,2.68305516243,0.0484434776008,0.0197918526828,0.00911663845181,0.00363675691187,0.0012159870239,0.00155431695748,0.0150292590261,0.00286218477413,0.000284392153844],"max":[9.9283618927,84.9426193237,169.817016602,89.1563491821,123.414085388,111.5573349,575.830505371,1449.36169434,813.846130371,1356.89282227,1242.39758301,770.389648438,691.03918457,666.172119141,939.057739258,747.151733398,606.843139648,804.909973145,888.719543457,543.269897461,633.792419434,515.914306641,410.096557617,383.739471436,405.026428223,401.45022583,354.301727295,386.847625732,176.785690308,105.284286499,43.6132049561,3.74353957176,1.61409258842,1.08615148067,0.670087397099,0.364969044924,0.586942076683,1.63068366051,1.0042475462,0.228473827243],"mean":[0.682022511959,3.8051366806,6.59302949905,3.57816004753,2.89327192307,3.14610409737,6.18922567368,13.9784507751,9.4630947113,16.2334327698,13.583691597,12.9012994766,13.2854766846,19.7810993195,33.1038818359,50.0299491882,55.8044891357,44.2026329041,51.1035881042,48.4724197388,43.0583610535,40.7263031006,35.5203208923,27.0891513824,19.1072807312,14.4661169052,11.8662624359,9.11923027039,5.80341672897,3.24418640137,1.18626701832,0.147673770785,0.0521424822509,0.0350544601679,0.0232448093593,0.0154200782999,0.0445146262646,0.141856014729,0.0772814974189,0.0491761900485],"median":[0.293285489082,1.64829397202,2.34504413605,1.61538040638,1.21586465836,1.10644936562,1.23244667053,1.66505551338,1.87277472019,1.8080085516,2.49264764786,3.84716367722,6.05563735962,9.04702186584,21.1569137573,36.8846435547,43.4109191895,32.4088668823,37.0015258789,38.1403274536,34.3429412842,30.4549770355,21.3823356628,10.3050575256,7.60202932358,6.33228302002,5.60007286072,4.46977138519,3.17796730995,1.84646654129,0.727310836315,0.0948471650481,0.0222736857831,0.0143057154492,0.00997185800225,0.00773940421641,0.0298081394285,0.0870902091265,0.053452026099,0.0475841797888],"min":[1.2167755119e-21,2.90770807613e-21,9.33282358867e-21,1.33599233203e-19,3.96314742581e-19,3.22792422346e-19,2.95907113733e-19,6.92367491801e-19,2.98873460958e-19,3.75373295356e-19,8.19088459717e-19,1.98925625624e-18,2.93156469363e-18,1.75015287594e-18,1.0930419415e-18,3.12243744716e-18,2.74767499883e-18,2.79666166869e-18,7.86270327408e-18,8.10460728113e-18,7.4955335166e-18,9.10558681219e-18,8.60379258284e-18,1.45921972331e-17,1.19962786506e-17,1.60445973486e-17,1.4348791066e-17,1.41627482201e-17,1.06087625824e-17,1.74752723924e-17,1.38183201392e-17,1.75478574912e-17,1.74071259448e-17,1.36979331e-17,9.91332702599e-18,5.73222929609e-18,3.48083185231e-18,1.80766529637e-18,3.41162707883e-19,4.15531240347e-20],"var":[1.00130701065,35.2910842896,126.291572571,36.3716621399,25.8943710327,38.215965271,387.373382568,2908.15673828,809.20123291,3646.11743164,1823.12207031,1121.79394531,541.514770508,1394.46350098,1943.81311035,2672.2355957,2760.44506836,1928.39782715,2683.1340332,2034.00634766,1551.94775391,1793.08874512,1759.57287598,1542.57458496,836.456665039,554.756652832,310.419311523,228.79296875,71.6134643555,22.3369827271,2.62444710732,0.0300503335893,0.00793049484491,0.00366536038928,0.00148755696137,0.000514703278895,0.00229420140386,0.0278409477323,0.00606465479359,0.00071392650716]},"erbbands_crest":{"dmean":2.13311362267,"dmean2":3.56363487244,"dvar":4.3160071373,"dvar2":10.9584054947,"max":24.6727619171,"mean":7.16191673279,"median":6.50827598572,"min":1.81626391411,"var":7.88392925262},"erbbands_flatness_db":{"dmean":0.0209317076951,"dmean2":0.0321766622365,"dvar":0.00031292391941,"dvar2":0.000727686972823,"max":0.320107281208,"mean":0.143626391888,"median":0.143517762423,"min":0.0210576727986,"var":0.00135013856925},"erbbands_kurtosis":{"dmean":1.15218687057,"dmean2":1.84170627594,"dvar":1.3499776125,"dvar2":3.30964708328,"max":20.7235603333,"mean":1.55572831631,"median":1.31744766235,"min":-1.79256880283,"var":3.64873313904},"erbbands_skewness":{"dmean":0.405968785286,"dmean2":0.623539566994,"dvar":0.125715717673,"dvar2":0.2869143188,"max":3.52915358543,"mean":-0.445823222399,"median":-0.514487981796,"min":-3.74210953712,"var":0.432754039764},"erbbands_spread":{"dmean":8.19827651978,"dmean2":11.9603500366,"dvar":98.7661514282,"dvar2":176.741455078,"max":138.921722412,"mean":29.3165626526,"median":23.4401302338,"min":4.20876646042,"var":376.888397217},"gfcc":{"cov":[[10246.7451172,505.009429932,-639.87890625,257.018005371,-149.093505859,-529.984130859,249.220565796,-328.6277771,49.7103118896,-3.82512307167,-83.3251190186,55.0307655334,-211.107925415],[505.009429932,619.072814941,-2.68669390678,-178.408340454,63.8356666565,-48.3020782471,-83.3216171265,31.1819076538,28.9716529846,-20.9348049164,60.6083679199,-64.0629806519,42.7739868164],[-639.87890625,-2.68669390678,625.125732422,183.002166748,-98.0890426636,212.837356567,-71.0936584473,161.855636597,-37.4358558655,89.7475357056,0.213591784239,-41.5406608582,20.4876098633],[257.018005371,-178.408340454,183.002166748,371.242004395,-12.6610031128,-15.6341819763,121.252593994,-6.81436109543,-33.0560836792,27.104467392,-36.2145347595,18.0477638245,-50.5581665039],[-149.093505859,63.8356666565,-98.0890426636,-12.6610031128,321.114593506,108.303215027,50.9212265015,7.19264650345,5.52398681641,-90.9822540283,7.54779148102,2.15253448486,41.984172821],[-529.984130859,-48.3020782471,212.837356567,-15.6341819763,108.303215027,303.128723145,-24.2382965088,105.08833313,-25.2435131073,-5.2551484108,-9.91697216034,-10.3892345428,58.2389564514],[249.220565796,-83.3216171265,-71.0936584473,121.252593994,50.9212265015,-24.2382965088,225.133911133,-70.0761032104,59.7943725586,-8.22586250305,-39.6579856873,47.7003631592,-59.6059875488],[-328.6277771,31.1819076538,161.855636597,-6.81436109543,7.19264650345,105.08833313,-70.0761032104,184.279129028,-14.5785627365,30.7175750732,28.8962287903,-55.1360015869,50.1594085693],[49.7103118896,28.9716529846,-37.4358558655,-33.0560836792,5.52398681641,-25.2435131073,59.7943725586,-14.5785627365,113.518928528,36.8656806946,3.32673025131,21.4740314484,-35.8827819824],[-3.82512307167,-20.9348049164,89.7475357056,27.104467392,-90.9822540283,-5.2551484108,-8.22586250305,30.7175750732,36.8656806946,103.815383911,33.7336807251,2.10583424568,-14.0035848618],[-83.3251190186,60.6083679199,0.213591784239,-36.2145347595,7.54779148102,-9.91697216034,-39.6579856873,28.8962287903,3.32673025131,33.7336807251,70.4066848755,7.71357870102,29.0013237],[55.0307655334,-64.0629806519,-41.5406608582,18.0477638245,2.15253448486,-10.3892345428,47.7003631592,-55.1360015869,21.4740314484,2.10583424568,7.71357870102,76.7052764893,1.83618915081],[-211.107925415,42.7739868164,20.4876098633,-50.5581665039,41.984172821,58.2389564514,-59.6059875488,50.1594085693,-35.8827819824,-14.0035848618,29.0013237,1.83618915081,84.9244842529]],"icov":[[0.000145900208736,-0.000336094642989,0.0003727216681,-0.00035302847391,0.000130537053337,-0.00012686989794,0.000111513574666,-0.0000950917310547,0.000176331974217,-0.000295932084555,0.000403763959184,-0.000347649736796,0.000284121662844],[-0.000336094642989,0.00382166425698,-0.00250548776239,0.00240240897983,-0.00098250922747,0.00199146801606,-0.00103419972584,0.00163936323952,-0.0020911085885,0.00254217721522,-0.00389284011908,0.00459735514596,-0.00253415340558],[0.0003727216681,-0.00250548776239,0.00686510419473,-0.00566178141162,0.00356075400487,-0.00571908056736,0.0029555587098,-0.0016281560529,-0.00117533723824,-0.00107146543451,0.00090946740238,-0.000959164113738,0.00139625638258],[-0.00035302847391,0.00240240897983,-0.00566178141162,0.0104904612526,-0.0051493216306,0.00641200412065,-0.00529932836071,-0.00159783300478,0.00769072771072,-0.00502109294757,0.0034720459953,-0.00253155874088,0.002186993137],[0.000130537053337,-0.00098250922747,0.00356075400487,-0.0051493216306,0.0106719415635,-0.00719016930088,-0.000428419501986,0.00200247811154,-0.00719365850091,0.0115495072678,-0.00944237969816,0.00537540763617,-0.00296045676805],[-0.00012686989794,0.00199146801606,-0.00571908056736,0.00641200412065,-0.00719016930088,0.0120691014454,-0.00238294224255,-0.00333062023856,0.00519532943144,-0.00571031775326,0.00761517742649,-0.00394751457497,-0.00181049027015],[0.000111513574666,-0.00103419972584,0.0029555587098,-0.00529932836071,-0.000428419501986,-0.00238294224255,0.0114848855883,-0.0000645501932013,-0.00509055145085,0.000276012899121,0.00361062027514,-0.00462805340067,0.00363689521328],[-0.0000950917310547,0.00163936323952,-0.0016281560529,-0.00159783300478,0.00200247811154,-0.00333062023856,-0.0000645501932013,0.0152012752369,-0.00642388546839,0.00258080614731,-0.0079852482304,0.0141423642635,-0.00921771768481],[0.000176331974217,-0.0020911085885,-0.00117533723824,0.00769072771072,-0.00719365850091,0.00519532943144,-0.00509055145085,-0.00642388546839,0.0255968701094,-0.0168155301362,0.0109048504382,-0.0129335811362,0.0111666489393],[-0.000295932084555,0.00254217721522,-0.00107146543451,-0.00502109294757,0.0115495072678,-0.00571031775326,0.000276012899121,0.00258080614731,-0.0168155301362,0.0351777039468,-0.0248207710683,0.00978219602257,-0.000910834700335],[0.000403763959184,-0.00389284011908,0.00090946740238,0.0034720459953,-0.00944237969816,0.00761517742649,0.00361062027514,-0.0079852482304,0.0109048504382,-0.0248207710683,0.0411354415119,-0.017022471875,-0.0016564266989],[-0.000347649736796,0.00459735514596,-0.000959164113738,-0.00253155874088,0.00537540763617,-0.00394751457497,-0.00462805340067,0.0141423642635,-0.0129335811362,0.00978219602257,-0.017022471875,0.0349786505103,-0.0148020246997],[0.000284121662844,-0.00253415340558,0.00139625638258,0.002186993137,-0.00296045676805,-0.00181049027015,0.00363689521328,-0.00921771768481,0.0111666489393,-0.000910834700335,-0.0016564266989,-0.0148020246997,0.0308787673712]],"mean":[10.6023988724,69.7366790771,-107.80683136,11.0808868408,14.5471248627,-9.19397640228,17.0613670349,-23.6857795715,8.26599502563,-5.71544647217,-4.62100458145,5.3040471077,-10.1638212204]},"hfc":{"dmean":129.832717896,"dmean2":178.62008667,"dvar":39060.421875,"dvar2":67387.7109375,"max":4312.79052734,"mean":351.881072998,"median":215.863861084,"min":1.27177867745e-16,"var":150157.296875},"melbands":{"dmean":[0.00496508413926,0.00251403055154,0.000546462659258,0.000188726655324,0.00017284094065,0.000245405477472,0.000112452085887,0.000137364084367,0.0000794395673438,0.000062298910052,0.0000493427323818,0.0000544014037587,0.0000625475731795,0.0000790222547948,0.0000783955838415,0.0000680303564877,0.0000458579379483,0.0000516898362548,0.0000437367307313,0.0000342656385328,0.0000305657049466,0.0000277752060356,0.0000265666603809,0.0000211051647057,0.0000177644105861,0.0000124493462863,0.00000918243767956,0.00000706738364897,0.00000516290128871,0.00000391267121813,0.00000298190138892,0.00000189294632946,0.00000132032380407,8.09390087397e-7,4.02704955604e-7,1.31708873141e-7,4.0746819252e-8,3.55875933167e-8,3.15637507242e-8,2.83609615792e-8],"dmean2":[0.00805698148906,0.00366817810573,0.000921769009437,0.000316885096254,0.000280707754428,0.0003955270804,0.000185202501598,0.000223273775191,0.000127478415379,0.000100219418528,0.0000808425247669,0.0000868635397637,0.000101174489828,0.000129739579279,0.000129087973619,0.000111858091259,0.0000747170561226,0.0000848659765325,0.0000724313140381,0.0000564498877793,0.0000496121901961,0.000045334421884,0.000043005857151,0.0000333085481543,0.0000278848983726,0.0000194955209736,0.0000145699141285,0.0000113617470561,0.00000794110928837,0.00000579221750741,0.00000438588585894,0.00000271584622169,0.00000191368712876,0.00000116909768622,5.85756765759e-7,2.04424452477e-7,6.80934704178e-8,5.94372373541e-8,5.26577750293e-8,4.72344083846e-8],"dvar":[0.0000540757173439,0.0000140064676089,0.0000010712240055,1.35903732712e-7,2.12401417343e-7,8.17163538613e-7,1.19267838272e-7,2.59623703869e-7,6.46827587047e-8,2.89216046667e-8,1.01831991728e-8,1.48584407e-8,1.34552653464e-8,1.32376918316e-8,9.71908065139e-9,8.41371594618e-9,4.01457755927e-9,4.86784434983e-9,3.32960858884e-9,1.9225729897e-9,1.56250701266e-9,1.75012315751e-9,1.7672415753e-9,1.13632436793e-9,8.8688567601e-10,5.42347444732e-10,3.25768440002e-10,2.61412780311e-10,8.82816181269e-11,7.0899008886e-11,4.4480304856e-11,1.28828675158e-11,6.7309738512e-12,3.04703137721e-12,6.74629677209e-13,4.13785420316e-14,5.26534145332e-15,3.98432312872e-15,3.07547350522e-15,2.41689755367e-15],"dvar2":[0.000139501149533,0.000025331204597,0.00000287563784696,3.5604981008e-7,5.276341426e-7,0.00000204273510462,3.23956186321e-7,6.72510338973e-7,1.61817453659e-7,7.46359489767e-8,2.56377568064e-8,3.54156810545e-8,3.34913607958e-8,3.36688223967e-8,2.55845851171e-8,2.21321325711e-8,1.0399873851e-8,1.25763586212e-8,8.68509175689e-9,4.93998175699e-9,3.99722521749e-9,4.55111237585e-9,4.54006210404e-9,2.75890399415e-9,2.10601402983e-9,1.31813449045e-9,8.22209300644e-10,6.77863598586e-10,2.09890133052e-10,1.61275354182e-10,9.56820248033e-11,2.70785095735e-11,1.45273784322e-11,6.65615522769e-12,1.4498597635e-12,9.62548319045e-14,1.32191671753e-14,1.00127595288e-14,7.73132456628e-15,6.07891151696e-15],"max":[0.074531711638,0.101242497563,0.0135321076959,0.00596409011632,0.0150132626295,0.0289205182344,0.0108612589538,0.0124446535483,0.00826123449951,0.00490545947105,0.00332573289052,0.00293098459952,0.00425460981205,0.00311145465821,0.0015239904169,0.00182689318899,0.00160672224592,0.00160308228806,0.000818474858534,0.000602979969699,0.000817002321128,0.000601917214226,0.000521832727827,0.000418701092713,0.000325847096974,0.000367231899872,0.000340309896274,0.000324149295921,0.000223523704335,0.000289936841,0.000293576100376,0.000100568053313,0.0000912472896744,0.000067196895543,0.0000341331506206,0.00000626609516985,0.0000013115436559,0.00000114682541152,0.0000010053358892,8.85035092324e-7],"mean":[0.00625529000536,0.00423581385985,0.000624380307272,0.000204791431315,0.000207999531995,0.000298494531307,0.00014464816195,0.000178239948582,0.000104129096144,0.0000794557781774,0.0000654334653518,0.0000768384634284,0.0000985014921753,0.000130703672767,0.000132833447424,0.000112041685497,0.0000774406144046,0.0000841241053422,0.0000697629147908,0.0000553605350433,0.0000483066796733,0.0000419679890911,0.0000381038007617,0.0000274533394986,0.0000215758427657,0.0000151968397404,0.0000117025783766,0.0000090214807642,0.00000762191575632,0.00000625772190688,0.00000498572853758,0.00000343269880432,0.00000247847833634,0.00000150708729052,7.70400049532e-7,2.25552909683e-7,3.98666308854e-8,3.49904460961e-8,3.13637649185e-8,2.85583627857e-8],"median":[0.00301565881819,0.00167254125699,0.000295213249046,0.0000838709238451,0.0000465649864054,0.0000376831521862,0.0000278224288195,0.000019753453671,0.0000205752039619,0.0000244219700107,0.0000292190561595,0.0000332678391715,0.0000574945879634,0.0000899592414498,0.000100607227068,0.0000824527960503,0.0000532440244569,0.0000573435827391,0.0000516994768986,0.0000431679582107,0.0000371176247427,0.0000304761106236,0.0000253884991253,0.0000133093926706,0.00000774921954871,0.00000550266986465,0.00000491768469146,0.00000385852899853,0.00000350022855855,0.00000295420795737,0.00000235880224864,0.00000182258384029,0.0000013662602214,8.50610604175e-7,4.65327332222e-7,1.43062607094e-7,1.50986583236e-8,1.34183011369e-8,1.23292807075e-8,1.1579766479e-8],"min":[8.07198134735e-24,3.70906699303e-24,3.43785456278e-23,2.49668796704e-23,1.22203697117e-23,1.40616491617e-23,5.0518750978e-24,4.56731689233e-24,6.85781476255e-24,1.31223848251e-23,1.4920182262e-23,7.63303705158e-24,3.10669418631e-24,6.80056081577e-24,6.73676721209e-24,6.9240404244e-24,4.53262515631e-24,1.25854016849e-23,1.1820143498e-23,8.9478236337e-24,8.86293431169e-24,9.93837576201e-24,6.81222096881e-24,9.91474701131e-24,1.25180992279e-23,6.95592302675e-24,1.15180026715e-23,1.05539184043e-23,8.88729828075e-24,8.09182593228e-24,8.67152273507e-24,5.88975424195e-24,4.70258287175e-24,1.27699241393e-23,6.13003811823e-24,1.20074948075e-23,9.90318941019e-24,1.21708789451e-23,1.34098717714e-23,1.04028010539e-23],"var":[0.0000657968921587,0.0000491342216264,9.63348043115e-7,1.28685599066e-7,3.42381866858e-7,0.00000120314200558,1.89849856724e-7,4.17063660052e-7,9.86631221167e-8,4.11787546284e-8,1.38616371714e-8,2.29164598409e-8,2.2971866187e-8,2.35007995286e-8,1.68974523262e-8,1.31336319598e-8,7.01208202614e-9,8.48920223007e-9,4.68896876882e-9,2.69354694105e-9,2.14048045954e-9,1.98197724899e-9,1.95288407667e-9,1.35326339024e-9,1.05880704204e-9,5.86408810399e-10,3.32826710636e-10,2.43544351353e-10,1.28215368878e-10,1.12242701245e-10,7.42313641111e-11,2.6058471353e-11,1.33520807258e-11,5.28541706929e-12,1.21556226456e-12,7.43291740006e-14,5.25186219451e-15,3.97515950278e-15,3.08567241718e-15,2.44625931552e-15]},"melbands_crest":{"dmean":5.55905485153,"dmean2":8.84777545929,"dvar":24.419927597,"dvar2":57.8025016785,"max":39.4692344666,"mean":19.2626075745,"median":19.1003570557,"min":3.09046626091,"var":56.3957824707},"melbands_flatness_db":{"dmean":0.0443065837026,"dmean2":0.0660025700927,"dvar":0.00142907619011,"dvar2":0.00325990305282,"max":0.664012491703,"mean":0.233848065138,"median":0.22006060183,"min":0.00841884035617,"var":0.00613435730338},"melbands_kurtosis":{"dmean":23.3918647766,"dmean2":35.8601379395,"dvar":6066.33447266,"dvar2":16409.8359375,"max":3710.56518555,"mean":30.5958576202,"median":4.7702999115,"min":-1.68153071404,"var":9360.15429688},"melbands_skewness":{"dmean":1.52342271805,"dmean2":2.23284387589,"dvar":3.28577184677,"dvar2":7.24801778793,"max":45.8480682373,"mean":3.37383818626,"median":2.28080034256,"min":-1.2190965414,"var":11.7149839401},"melbands_spread":{"dmean":12.5333118439,"dmean2":19.4939918518,"dvar":156.530975342,"dvar2":377.33984375,"max":152.101455688,"mean":30.5733718872,"median":27.8246307373,"min":0.0604001134634,"var":456.55267334},"mfcc":{"cov":[[7305.37011719,582.678100586,-837.636108398,734.706237793,-654.745788574,115.484375,-274.234680176,-49.6147766113,-195.351959229,-21.7551059723,49.3237838745,-154.377502441,45.7849998474],[582.678100586,780.970031738,-178.961227417,-155.785461426,112.404495239,-65.768699646,-45.1044120789,-23.7339382172,9.08361721039,-26.8624591827,11.6032381058,49.0846633911,-14.1927108765],[-837.636108398,-178.961227417,828.66418457,-37.9497795105,112.634559631,-65.3716964722,92.4870223999,-59.7600784302,54.6231689453,75.7547607422,50.630645752,34.9980163574,-9.37740516663],[734.706237793,-155.785461426,-37.9497795105,491.255493164,-204.833877563,93.9543762207,-15.7344837189,33.8842926025,-51.7271728516,45.7970581055,26.4756793976,-66.7086715698,36.0413551331],[-654.745788574,112.404495239,112.634559631,-204.833877563,388.424407959,-47.5588645935,142.949569702,26.9398593903,79.7649765015,-29.7045173645,-30.5306682587,64.5182800293,-33.0262527466],[115.484375,-65.768699646,-65.3716964722,93.9543762207,-47.5588645935,253.782318115,15.6652164459,98.0670013428,30.602437973,-7.56691503525,-3.61766409874,-11.658536911,34.4457740784],[-274.234680176,-45.1044120789,92.4870223999,-15.7344837189,142.949569702,15.6652164459,164.770202637,49.0330848694,48.5173377991,8.26596355438,-21.9713592529,1.35268855095,-10.8127441406],[-49.6147766113,-23.7339382172,-59.7600784302,33.8842926025,26.9398593903,98.0670013428,49.0330848694,118.356567383,56.0316314697,-3.56397533417,-10.9586305618,-2.59430193901,6.20729494095],[-195.351959229,9.08361721039,54.6231689453,-51.7271728516,79.7649765015,30.602437973,48.5173377991,56.0316314697,91.9051895142,21.7367248535,6.54388237,26.4781837463,-4.75699901581],[-21.7551059723,-26.8624591827,75.7547607422,45.7970581055,-29.7045173645,-7.56691503525,8.26596355438,-3.56397533417,21.7367248535,76.9568405151,43.6724739075,4.91199398041,11.7197875977],[49.3237838745,11.6032381058,50.630645752,26.4756793976,-30.5306682587,-3.61766409874,-21.9713592529,-10.9586305618,6.54388237,43.6724739075,67.2816390991,29.7720851898,14.2451572418],[-154.377502441,49.0846633911,34.9980163574,-66.7086715698,64.5182800293,-11.658536911,1.35268855095,-2.59430193901,26.4781837463,4.91199398041,29.7720851898,71.4370193481,18.1622428894],[45.7849998474,-14.1927108765,-9.37740516663,36.0413551331,-33.0262527466,34.4457740784,-10.8127441406,6.20729494095,-4.75699901581,11.7197875977,14.2451572418,18.1622428894,50.679359436]],"icov":[[0.000231613201322,-0.000234811042901,0.000160651412443,-0.000336620345479,0.000282116234303,-0.0000273720179393,-0.000129154170281,0.000376804731786,-0.000314977689413,0.000420545809902,-0.000324121705489,0.000249142060056,-0.00000214080364458],[-0.000234811042901,0.00186534353998,0.000308512710035,0.000540393637493,-0.00102477520704,0.000224059738684,0.000825992785394,-0.000119005417218,0.000066848253482,-0.000205003088922,-0.000559985404834,-0.000294905796181,0.0000947725056903],[0.000160651412443,0.000308512710035,0.00191989575978,-0.000282281340333,-0.000177136738785,-0.000101173296571,-0.000976597191766,0.00238021044061,-0.00170398142654,-0.000173115797224,-0.00143995438702,0.00039953365922,0.0000923473926377],[-0.000336620345479,0.000540393637493,-0.000282281340333,0.00409462302923,0.000506359618157,-0.000398372649215,-0.00063918082742,-0.00236263079569,0.00303644454107,-0.00199545430951,-0.00129341892898,0.00218055769801,-0.00142641016282],[0.000282116234303,-0.00102477520704,-0.000177136738785,0.000506359618157,0.00796964857727,0.000520645233337,-0.00573671422899,0.000886211346369,-0.0022869121749,0.00249573145993,0.00251040863805,-0.00631773285568,0.00333914533257],[-0.0000273720179393,0.000224059738684,-0.000101173296571,-0.000398372649215,0.000520645233337,0.00718467775732,0.000141334327054,-0.00504109961912,-0.00162582146004,0.00315483263694,-0.00186268659309,0.00234935595654,-0.00474488921463],[-0.000129154170281,0.000825992785394,-0.000976597191766,-0.00063918082742,-0.00573671422899,0.000141334327054,0.0134455999359,-0.00454956293106,0.000621664104983,-0.00487173395231,0.00419267639518,0.00233321962878,-0.000616419129074],[0.000376804731786,-0.000119005417218,0.00238021044061,-0.00236263079569,0.000886211346369,-0.00504109961912,-0.00454956293106,0.023883195594,-0.015692293644,0.00646462338045,-0.00253126444295,0.00372212938964,-0.00173552101478],[-0.000314977689413,0.000066848253482,-0.00170398142654,0.00303644454107,-0.0022869121749,-0.00162582146004,0.000621664104983,-0.015692293644,0.0316314920783,-0.0156056890264,0.00728417607024,-0.0116065600887,0.0081879477948],[0.000420545809902,-0.000205003088922,-0.000173115797224,-0.00199545430951,0.00249573145993,0.00315483263694,-0.00487173395231,0.00646462338045,-0.0156056890264,0.0349193625152,-0.0237747561187,0.0134590966627,-0.00908013433218],[-0.000324121705489,-0.000559985404834,-0.00143995438702,-0.00129341892898,0.00251040863805,-0.00186268659309,0.00419267639518,-0.00253126444295,0.00728417607024,-0.0237747561187,0.042643096298,-0.0243888255209,0.00783173833042],[0.000249142060056,-0.000294905796181,0.00039953365922,0.00218055769801,-0.00631773285568,0.00234935595654,0.00233321962878,0.00372212938964,-0.0116065600887,0.0134590966627,-0.0243888255209,0.041283596307,-0.0195980910212],[-0.00000214080364458,0.0000947725056903,0.0000923473926377,-0.00142641016282,0.00333914533257,-0.00474488921463,-0.000616419129074,-0.00173552101478,0.0081879477948,-0.00908013433218,0.00783173833042,-0.0195980910212,0.033964432776]],"mean":[-650.625732422,136.655639648,-46.9885597229,43.058177948,4.86100769043,40.0463638306,4.12677669525,17.0313873291,6.16139364243,1.82237303257,8.68664264679,4.88709115982,9.3986158371]},"pitch_salience":{"dmean":0.110643900931,"dmean2":0.171409666538,"dvar":0.00909083895385,"dvar2":0.021402971819,"max":0.821079194546,"mean":0.462562382221,"median":0.478767096996,"min":0.0319437645376,"var":0.0272256806493},"silence_rate_20dB":{"dmean":0.000234728009673,"dmean2":0.000469483580673,"dvar":0.000234672916122,"dvar2":0.000469263148261,"max":1,"mean":0.999589264393,"median":1,"min":0,"var":0.000410581182223},"silence_rate_30dB":{"dmean":0.126283675432,"dmean2":0.252582162619,"dvar":0.110336102545,"dvar2":0.238667041063,"max":1,"mean":0.837812483311,"median":1,"min":0,"var":0.135882735252},"silence_rate_60dB":{"dmean":0.0042251041159,"dmean2":0.00845070462674,"dvar":0.00420725252479,"dvar2":0.00908351503313,"max":1,"mean":0.0326839573681,"median":0,"min":0,"var":0.0316157154739},"spectral_centroid":{"dmean":317.809509277,"dmean2":445.367584229,"dvar":97439.3125,"dvar2":179882.265625,"max":11203.203125,"mean":1805.63183594,"median":1820.6842041,"min":113.198127747,"var":423388.875},"spectral_complexity":{"dmean":6.63071393967,"dmean2":8.81079769135,"dvar":41.2887191772,"dvar2":65.3273468018,"max":65,"mean":28.1676445007,"median":28,"min":0,"var":185.149627686},"spectral_contrast_coeffs":{"dmean":[0.0562346056104,0.0463489554822,0.0372551679611,0.0273347944021,0.0256375111639,0.053827278316],"dmean2":[0.0913428068161,0.0768213123083,0.0623289383948,0.0460013747215,0.0411810949445,0.0824680998921],"dvar":[0.00195754785091,0.00141913094558,0.00085596262943,0.000450125371572,0.000531213823706,0.00207235966809],"dvar2":[0.00509237684309,0.00379931670614,0.00235423119739,0.00126237422228,0.00128450070042,0.00473477318883],"max":[-0.446751236916,-0.431757986546,-0.582895815372,-0.616399824619,-0.515627503395,-0.333098858595],"mean":[-0.728365361691,-0.809457182884,-0.817017197609,-0.812403380871,-0.794477164745,-0.675146996975],"median":[-0.73306208849,-0.822922945023,-0.820457577705,-0.811726927757,-0.797410845757,-0.670321464539],"min":[-0.944301247597,-0.97596436739,-0.967923820019,-0.983166098595,-0.976028263569,-0.961805582047],"var":[0.00524750910699,0.00488931871951,0.00225176429376,0.00115518388338,0.00213754712604,0.00863485876471]},"spectral_contrast_valleys":{"dmean":[0.478724867105,0.481738388538,0.354467064142,0.315584361553,0.396561741829,0.650511085987],"dmean2":[0.763739168644,0.751681447029,0.546774208546,0.460636913776,0.55125272274,1.04648268223],"dvar":[0.153587549925,0.164436906576,0.0995135977864,0.0942599698901,0.179454565048,0.307628124952],"dvar2":[0.356866985559,0.381384730339,0.210600435734,0.17305444181,0.33352676034,0.75111335516],"max":[-5.03864908218,-4.50368976593,-5.12948989868,-5.34651184082,-5.04461717606,-8.76368331909],"mean":[-6.91274785995,-6.99117660522,-6.90695047379,-6.77557945251,-7.17571687698,-11.1146764755],"median":[-6.77635574341,-6.94423437119,-6.74158191681,-6.54121017456,-6.99400091171,-11.0028419495],"min":[-27.5395374298,-27.6955623627,-27.3035850525,-27.2519874573,-27.3418178558,-27.2262611389],"var":[1.1852594614,1.21141862869,1.0405112505,1.0987598896,1.31798064709,1.02338552475]},"spectral_decrease":{"dmean":7.1658043943e-9,"dmean2":1.09633218059e-8,"dvar":7.67807639592e-17,"dvar2":1.80149031865e-16,"max":3.66687018527e-8,"mean":-8.21698353803e-9,"median":-4.72520333972e-9,"min":-1.18890156386e-7,"var":1.37524229612e-16},"spectral_energy":{"dmean":0.0284535419196,"dmean2":0.0429256819189,"dvar":0.00111724203452,"dvar2":0.00261533260345,"max":0.466173827648,"mean":0.0629294514656,"median":0.0492779761553,"min":1.09641530036e-20,"var":0.00242770672776},"spectral_energyband_high":{"dmean":0.00062252744101,"dmean2":0.00083817075938,"dvar":6.48491038646e-7,"dvar2":0.00000131643537316,"max":0.0183994434774,"mean":0.00173700635787,"median":0.00143593060784,"min":8.09582183462e-21,"var":0.00000192885636352},"spectral_energyband_low":{"dmean":0.0209873002023,"dmean2":0.0329229608178,"dvar":0.000756836438086,"dvar2":0.00185488327406,"max":0.444893270731,"mean":0.0305453985929,"median":0.0163178276271,"min":5.98908058627e-23,"var":0.00134698464535},"spectral_energyband_middle_high":{"dmean":0.00322392350063,"dmean2":0.00473946100101,"dvar":0.0000153381024575,"dvar2":0.0000338211211783,"max":0.0442161895335,"mean":0.00800193473697,"median":0.00679635396227,"min":1.36230093662e-21,"var":0.0000381820100301},"spectral_energyband_middle_low":{"dmean":0.00358101120219,"dmean2":0.00571660231799,"dvar":0.0000423553792643,"dvar2":0.000105711420474,"max":0.131172731519,"mean":0.00551146315411,"median":0.00191414682195,"min":4.11419335822e-22,"var":0.0000855307516758},"spectral_entropy":{"dmean":0.111093781888,"dmean2":0.16430363059,"dvar":0.0119914105162,"dvar2":0.0279071759433,"max":9.80038166046,"mean":7.78852844238,"median":7.82517766953,"min":5.89653873444,"var":0.053382538259},"spectral_flux":{"dmean":0.0437307693064,"dmean2":0.0711153671145,"dvar":0.00205156090669,"dvar2":0.00519556412473,"max":0.433804184198,"mean":0.142544358969,"median":0.132221534848,"min":1.047098519e-10,"var":0.00451167905703},"spectral_kurtosis":{"dmean":3.94874334335,"dmean2":5.87569189072,"dvar":22.812292099,"dvar2":52.0161590576,"max":93.4786987305,"mean":18.803144455,"median":16.9171257019,"min":-1.20103693008,"var":98.8106689453},"spectral_rms":{"dmean":0.00166315434035,"dmean2":0.00243077985942,"dvar":0.00000275823299489,"dvar2":0.00000621941489953,"max":0.0213261283934,"mean":0.00722320843488,"median":0.00693369098008,"min":3.27058627576e-12,"var":0.00000921984792512},"spectral_rolloff":{"dmean":4717.55419922,"dmean2":8848.07421875,"dvar":57364224,"dvar2":121070680,"max":22050,"mean":15880.0878906,"median":20844.140625,"min":21.533203125,"var":76195240},"spectral_skewness":{"dmean":0.340655893087,"dmean2":0.493650525808,"dvar":0.139627307653,"dvar2":0.29343187809,"max":7.45848226547,"mean":2.75160288811,"median":2.59538555145,"min":-0.0108433580026,"var":0.760455906391},"spectral_spread":{"dmean":500219.65625,"dmean2":746802.75,"dvar":326062800896,"dvar2":632806244352,"max":41131696,"mean":3934284.75,"median":3745471.5,"min":1353924.875,"var":1039989735420},"spectral_strongpeak":{"dmean":17.1365242004,"dmean2":29.4840335846,"dvar":1354.54406738,"dvar2":3073.6484375,"max":459.257141113,"mean":19.4219017029,"median":0.312673866749,"min":0,"var":2264.72143555},"zerocrossingrate":{"dmean":0.0643429532647,"dmean2":0.07616327703,"dvar":0.00303884316236,"dvar2":0.00436864187941,"max":0.92529296875,"mean":0.338933825493,"median":0.32763671875,"min":0.021484375,"var":0.018610522151}},"metadata":{"audio_properties":{"analysis_sample_rate":44100,"bit_rate":112000,"codec":"mp3","downmix":"mix","equal_loudness":0,"length":395.676727295,"lossless":false,"md5_encoded":"d6244251e487496423e44db66dbb1e33","replay_gain":0.160024642944,"sample_rate":44100},"tags":{"acoustid_id":["2d1751ea-7f32-488a-b6c9-05b389c52976"],"album":["…and Justice for All"],"albumartist":["Metallica"],"artist":["Metallica"],"date":["1988"],"discnumber":["1/1"],"file_name":"05 - Metallica - The Shortest Straw.mp3","musicbrainz_albumartistid":["65f4f0c5-ef9e-490c-aee3-909e7ae6b2ab"],"musicbrainz_albumid":["da53e497-8c61-4d4a-a29b-a5b53d86ccb7"],"musicbrainz_artistid":["65f4f0c5-ef9e-490c-aee3-909e7ae6b2ab"],"musicbrainz_recordingid":["bcbaca8b-9480-4041-b401-17c209d63dca"],"musicbrainz_releasegroupid":["67553e23-8dad-3792-b6f2-8fedd5650ff3"],"replaygain_album_gain":["-0.62 dB"],"replaygain_album_peak":["0.717809"],"replaygain_track_gain":["-0.20 dB"],"replaygain_track_peak":["0.651070"],"title":["The Shortest Straw"],"tracknumber":["5/9"]},"version":{"essentia":"2.1-beta1","essentia_build_sha":"e76a03f03bb3900de42a1fa0d9be1e72f12def64","essentia_git_sha":"v2.1_beta1-28-g21ef5f4-dirty","extractor":"music 1.0"}},"rhythm":{"beats_count":939,"beats_loudness":{"dmean":0.0389513149858,"dmean2":0.0697353035212,"dvar":0.00134033465292,"dvar2":0.00407632999122,"max":0.334531873465,"mean":0.0680069103837,"median":0.0571909360588,"min":5.34536548358e-9,"var":0.00174530316144},"beats_loudness_band_ratio":{"dmean":[0.227449774742,0.0500793270767,0.0479716174304,0.0626468807459,0.0722951367497,0.121365569532],"dmean2":[0.407988220453,0.0878095626831,0.0867453739047,0.108082838356,0.127586334944,0.215230122209],"dvar":[0.0332741327584,0.00491487188265,0.00516142370179,0.00317607447505,0.00296873203479,0.0104715032503],"dvar2":[0.104033336043,0.0128059377894,0.0146908834577,0.00870783254504,0.00961177609861,0.031589306891],"max":[0.960727334023,0.5727837