{"lowlevel":{"average_loudness":0.614166021347,"barkbands":{"dmean":[0.000173246153281,0.00714789424092,0.00358621054329,0.00200273399241,0.000885485264007,0.000385052728234,0.000420677184593,0.000558768457267,0.000777458131779,0.000889059912879,0.00103431509342,0.000543327711057,0.000618413614575,0.000535968865734,0.00027916484396,0.000289668940241,0.000060991726059,0.0000556422492082,0.0000309287606797,0.0000405303981097,0.0000348150279024,0.0000369847839465,0.0000254573023994,0.0000195512820937,0.00000943423219724,0.00000982685014606,0.00000379296966457],"dmean2":[0.000263596069999,0.0116347130388,0.00647915061563,0.00317632732913,0.00144615327008,0.000628138543107,0.000665188767016,0.000866331509314,0.00120911351405,0.00139051501174,0.00163837650325,0.000838227453642,0.000942294194829,0.000833942205645,0.000434006302385,0.000427626509918,0.000101811805507,0.0000916757053346,0.0000517155858688,0.0000683175094309,0.0000569668554817,0.0000584862536925,0.0000396314026148,0.0000319810351357,0.0000152014008563,0.0000155805137183,0.00000612079384155],"dvar":[2.37996232499e-7,0.000255858612945,0.000173879350768,0.0000588218608755,0.00000912850737222,0.00000147333776113,0.00000132797276819,0.00000211820110962,0.00000375835315936,0.00000370678412764,0.0000114190170279,0.00000171113140368,0.00000376754383069,0.00000500268106407,8.58646330926e-7,0.00000155825273396,2.64277417727e-8,2.86699659569e-8,7.06895653124e-9,2.18560174403e-8,2.36227677419e-8,1.3960548273e-8,1.04063211381e-8,2.14947259991e-8,4.0459999795e-9,2.8219768744e-9,5.03176444955e-10],"dvar2":[5.50575236957e-7,0.000623119063675,0.000497127592098,0.00014245226339,0.0000214612900891,0.00000398288966608,0.000003183288527,0.00000501980639456,0.0000084722723841,0.000008075839105,0.0000273103269137,0.00000344038426192,0.00000567355436942,0.0000101319537862,0.00000150653374931,0.00000276940659205,6.28293008731e-8,6.84738736823e-8,1.89873468059e-8,5.95237565904e-8,6.44309210429e-8,3.44789441442e-8,2.60441179734e-8,5.87687125631e-8,1.13438014537e-8,7.08401470817e-9,1.22979937345e-9],"max":[0.0103437183425,0.22260594368,0.233187809587,0.238148480654,0.0667776763439,0.0253691859543,0.0227778255939,0.0365838967264,0.0599710308015,0.0681150630116,0.11730004102,0.0491895228624,0.0846916437149,0.114176332951,0.0457551255822,0.0713707879186,0.00606676843017,0.00872958358377,0.00218489556573,0.00506197568029,0.00527636660263,0.00256929290481,0.00422188779339,0.00579697685316,0.00374188506976,0.00161571544595,0.000616406206973],"mean":[0.000325710367179,0.0161152724177,0.00431483518332,0.00392579939216,0.00129157875199,0.000626376131549,0.000823532056529,0.00119268044364,0.00145674496889,0.00170987891033,0.00192461383995,0.00110406277236,0.00129167072009,0.00132647133432,0.000683768012095,0.000893609423656,0.000147870945511,0.000120600423543,0.000060125865275,0.0000683002945152,0.0000606123940088,0.0000768344034441,0.0000472112951684,0.0000292312543024,0.0000226564498007,0.0000179216458491,0.00000592289916312],"median":[0.0000333372263412,0.00666467379779,0.00137016759254,0.000218534842134,0.000205348595046,0.000141964992508,0.000177390436875,0.00022159400396,0.000510585203301,0.000585750618484,0.000581569969654,0.000337048433721,0.000378440105123,0.000309781404212,0.000172824948095,0.000115700095193,0.0000520471512573,0.0000222653252422,0.0000131231427076,0.00000668465054332,0.00000290331786346,0.00000236782625507,0.00000131012438942,7.27686710889e-7,4.54957216789e-7,4.13388420384e-7,3.13317869427e-8],"min":[2.47350555836e-12,1.38460545113e-11,4.13432395957e-12,6.21837477344e-12,8.21610141033e-11,3.91228854868e-11,4.00806089706e-11,1.2712624009e-10,1.56905349824e-10,4.59774857076e-10,1.58275739737e-10,1.32784790108e-11,1.690935586e-10,4.26089285382e-12,2.1118232163e-10,2.67321137448e-10,8.54428194863e-11,5.28987964543e-11,9.48658374078e-11,6.22088283664e-11,2.34148499201e-11,9.07820416063e-11,1.77055370365e-10,3.59779601944e-11,9.45817521525e-11,1.04910170828e-10,1.61999788584e-11],"var":[5.56536406293e-7,0.000514341576491,0.000125112055684,0.000136016227771,0.0000125218257381,0.00000170451448867,0.00000323038625538,0.00000795104642748,0.00000814793475001,0.0000116424098451,0.0000269890060736,0.0000078332150224,0.0000201280381589,0.0000165627607203,0.00000498698364026,0.0000107737732833,9.20583005382e-8,1.47155063246e-7,1.15529532607e-8,2.831394319e-8,3.53892772864e-8,3.63655203728e-8,2.51385667838e-8,2.46319924457e-8,2.19581277605e-8,7.50443351905e-9,1.07994990728e-9]},"barkbands_crest":{"dmean":2.32588076591,"dmean2":3.74638700485,"dvar":4.75196695328,"dvar2":11.9145793915,"max":25.8067302704,"mean":12.67329216,"median":12.0657062531,"min":3.04771256447,"var":26.0589580536},"barkbands_flatness_db":{"dmean":0.0192258600146,"dmean2":0.0293411370367,"dvar":0.000477018998936,"dvar2":0.000962523859926,"max":0.442582219839,"mean":0.206250041723,"median":0.197804182768,"min":0.0368192531168,"var":0.00723284389824},"barkbands_kurtosis":{"dmean":3.16617107391,"dmean2":5.15213251114,"dvar":43.5703392029,"dvar2":108.451126099,"max":84.2681884766,"mean":3.8543484211,"median":0.705211043358,"min":-1.9302970171,"var":74.3776931763},"barkbands_skewness":{"dmean":0.57724070549,"dmean2":0.88905185461,"dvar":0.456465810537,"dvar2":1.02949965,"max":8.33452701569,"mean":1.32546389103,"median":1.09494304657,"min":-3.66190290451,"var":2.43186044693},"barkbands_spread":{"dmean":3.78516697884,"dmean2":5.88984632492,"dvar":21.6195297241,"dvar2":45.8660049438,"max":66.2629699707,"mean":17.3743190765,"median":16.001209259,"min":1.4046279192,"var":72.7324523926},"dissonance":{"dmean":0.0248715039343,"dmean2":0.0427503846586,"dvar":0.000728832616005,"dvar2":0.00205805292353,"max":0.499974757433,"mean":0.455708056688,"median":0.46752935648,"min":0.224043771625,"var":0.00139317312278},"dynamic_complexity":5.19605922699,"erbbands":{"dmean":[0.134639456868,1.89568912983,4.34497642517,5.07539558411,4.41597414017,3.27008962631,2.47881340981,3.27706241608,4.37437152863,10.0396947861,12.5904502869,20.194683075,27.2167701721,21.9786224365,38.8811531067,26.9520778656,31.2834129333,24.9822025299,13.7962093353,22.9230136871,8.22963142395,2.90338253975,2.88698267937,2.26366686821,1.16016614437,2.32484650612,1.13920593262,1.48716878891,1.41805815697,1.0407282114,0.604309022427,0.419613867998,0.329144477844,0.127655878663,0.0659358352423,0.038091994822,0.0212247986346,0.00592360831797,0.0005958902766,0.0000273287769232],"dmean2":[0.2150195539,3.1190032959,7.65932273865,8.48173904419,7.12586069107,5.33293294907,4.01176738739,5.44046068192,7.18667936325,15.5592346191,19.3595504761,31.2555370331,42.362953186,35.2472572327,61.0754089355,40.9387550354,47.3772621155,39.0894470215,21.3463573456,34.7414245605,12.2539968491,4.78301143646,4.79568862915,3.73186612129,1.93904662132,3.92771053314,1.86342930794,2.44521379471,2.24155282974,1.58947324753,0.945918619633,0.695251941681,0.532860457897,0.199242666364,0.106323622167,0.0609800890088,0.0348000861704,0.00957631878555,0.000961600220762,0.000042237857997],"dvar":[0.0815777331591,19.2953205109,205.896118164,353.205413818,290.436584473,133.24546814,52.9474639893,115.494812012,192.593231201,718.86706543,1285.1328125,2926.32446289,4083.39013672,3052.27368164,13267.3769531,4339.03222656,9831.91210938,7700.26806641,5269.98242188,7318.69628906,1241.75695801,52.3383750916,84.658454895,39.2581634521,10.5699682236,79.5712890625,28.3807983398,38.9431343079,22.2996749878,15.6693878174,5.69287538528,6.52549123764,12.5501327515,0.607210576534,0.197789460421,0.0406659543514,0.0193235166371,0.00120415934362,0.0000114762187877,1.17955565315e-8],"dvar2":[0.195915773511,47.4912872314,569.825256348,927.624206543,727.533630371,317.401428223,134.254821777,320.908325195,509.272125244,1499.72814941,3135.14379883,6539.76660156,8693.07519531,7312.51660156,30654.9804688,8432.13085938,14459.0458984,18385.6601563,8793.23730469,12989.9423828,2063.82617188,131.401062012,216.931106567,96.0679855347,29.0219860077,217.207305908,77.9764633179,102.653160095,55.0259208679,35.1972503662,14.5944433212,19.2882785797,32.6062812805,1.68389952183,0.529909610748,0.100686229765,0.0516160018742,0.00305087212473,0.0000277909912256,2.84744938739e-8],"max":[4.87783050537,53.4463920593,233.860992432,371.39364624,530.05645752,247.630325317,155.62727356,222.357025146,348.442474365,684.342590332,768.20300293,1654.63256836,2698.98974609,1566.28356934,3843.22216797,2543.84228516,4361.00683594,3204.03125,4670.43945313,3620.2097168,2498.18774414,266.627105713,464.991668701,226.289413452,71.8818817139,285.812683105,246.07762146,217.583099365,144.856384277,93.5714797974,107.282081604,109.356918335,166.167449951,45.001083374,29.225479126,7.74599885941,5.20487689972,0.835195422173,0.116110771894,0.00442039128393],"mean":[0.373600572348,3.85918927193,6.11669778824,9.15786457062,8.15596866608,4.65838718414,4.01434516907,5.22942066193,7.28917551041,23.4567184448,25.7453422546,38.7258720398,51.2576141357,47.7027168274,76.7115707397,58.071849823,70.1596374512,65.0232772827,38.5453910828,59.5464859009,29.7222614288,8.51757526398,6.86112070084,4.71589422226,2.50678682327,3.70161509514,2.20857357979,2.6712911129,2.92247605324,1.8493667841,1.23224782944,0.773597478867,0.435793280602,0.262672394514,0.159619837999,0.0748479738832,0.0334032066166,0.00918435212225,0.0010033386061,0.0000703320838511],"median":[0.11225092411,1.42040061951,2.84791707993,1.28011417389,0.648422777653,0.741386294365,0.968581616879,1.37522625923,2.0850186348,5.30766677856,6.97867870331,13.2898664474,19.9937171936,18.3165874481,28.0570640564,20.276260376,23.311624527,18.0780525208,10.3282804489,10.5318021774,5.41180467606,3.07300758362,1.62745428085,1.10555744171,0.391077965498,0.320118933916,0.176310330629,0.104866594076,0.096784979105,0.0606784746051,0.0348814129829,0.0204228498042,0.00969990249723,0.00529381912202,0.00325467833318,0.0019309327472,0.000673528586049,0.00014605090837,0.0000280643544102,0.000039977254346],"min":[4.48523357344e-10,2.88112711466e-9,5.25349497238e-9,1.37855469262e-8,1.44333213825e-7,3.27568557168e-7,2.41809431145e-7,3.75038951006e-7,4.81274980757e-7,0.00000105803792394,0.00000369151916857,0.00000406915614803,0.00000443141334472,0.0000207355806197,0.00000249310278377,0.00000208921733247,0.00000745288343751,7.51688901346e-7,0.0000060002198552,0.0000195514185179,0.00000838745654619,0.00000469629003419,0.00000188375963717,0.00000389676688428,0.00000620312675892,0.00000287356260742,0.00000161293075962,6.73266413287e-7,0.00000258712134382,0.0000042789474719,0.00000549921333004,0.00000144888861087,5.05931552652e-7,0.00000132051195578,4.41014407215e-7,9.89006281316e-8,3.8250661305e-7,3.35478560487e-8,2.40627207049e-9,2.92283836023e-10],"var":[0.324364185333,31.2907333374,160.891113281,615.427978516,558.585021973,173.296218872,72.7187728882,123.690261841,267.42477417,2849.88891602,3559.34472656,6327.10693359,11026.5429688,11344.0234375,34038.7304688,20576.0683594,54349.7421875,29963.5214844,20489.0292969,37034.5078125,11755.3115234,263.535827637,357.223114014,113.228279114,21.3066635132,94.4065475464,38.2605400085,69.5152206421,56.3842124939,33.177898407,15.3418998718,12.0725917816,10.689084053,2.39233183861,1.19337165356,0.125470295548,0.0348573699594,0.0022403774783,0.0000334932301485,3.17767785418e-8]},"erbbands_crest":{"dmean":2.93883061409,"dmean2":4.75594711304,"dvar":7.61490058899,"dvar2":18.9680500031,"max":33.1006774902,"mean":12.0870628357,"median":10.6219472885,"min":2.67856383324,"var":35.9688301086},"erbbands_flatness_db":{"dmean":0.016819100827,"dmean2":0.0243228022009,"dvar":0.000312669202685,"dvar2":0.000582007516641,"max":0.48597279191,"mean":0.22758243978,"median":0.205632328987,"min":0.0739433988929,"var":0.00900124944746},"erbbands_kurtosis":{"dmean":1.46070754528,"dmean2":2.2841694355,"dvar":6.83713817596,"dvar2":15.101893425,"max":74.326965332,"mean":2.31901359558,"median":1.1786198616,"min":-1.75817596912,"var":20.4319267273},"erbbands_skewness":{"dmean":0.406304061413,"dmean2":0.626517653465,"dvar":0.161751404405,"dvar2":0.363400638103,"max":3.33628153801,"mean":-0.368103802204,"median":-0.250049650669,"min":-6.18866968155,"var":1.02091646194},"erbbands_spread":{"dmean":5.54223203659,"dmean2":8.55357837677,"dvar":51.8901939392,"dvar2":116.472366333,"max":121.274673462,"mean":26.8031597137,"median":17.0813407898,"min":0.995590627193,"var":502.721923828},"gfcc":{"cov":[[10437.8701172,-1303.46289063,278.531616211,649.459899902,-478.571075439,241.502883911,-283.847595215,-382.384918213,-229.06918335,-131.313018799,-317.748718262,-182.913253784,-156.148345947],[-1303.46289063,2937.28271484,-742.495178223,-1358.25671387,1272.59851074,-166.703231812,656.907836914,221.151535034,436.02822876,-40.8914985657,346.475616455,-244.779022217,272.484832764],[278.531616211,-742.495178223,916.364013672,602.447143555,-418.203613281,262.318206787,28.9945106506,54.8853645325,-55.9540328979,83.03074646,22.9803791046,152.113647461,-94.6574859619],[649.459899902,-1358.25671387,602.447143555,1441.08117676,-689.491271973,8.26423835754,-292.551696777,-235.31439209,-287.799987793,-26.4298210144,-179.59815979,126.943840027,-148.553710938],[-478.571075439,1272.59851074,-418.203613281,-689.491271973,909.85736084,23.646030426,314.701660156,126.620147705,241.866989136,-33.4501419067,118.398735046,-157.489379883,172.681289673],[241.502883911,-166.703231812,262.318206787,8.26423835754,23.646030426,310.835784912,130.387557983,85.0764083862,59.0374412537,24.949596405,39.9720535278,32.7057418823,9.64761257172],[-283.847595215,656.907836914,28.9945106506,-292.551696777,314.701660156,130.387557983,394.875335693,175.649032593,160.236068726,21.5242710114,128.620010376,-17.4745330811,70.2272720337],[-382.384918213,221.151535034,54.8853645325,-235.31439209,126.620147705,85.0764083862,175.649032593,229.141067505,130.836532593,39.5888633728,73.0179138184,14.7653036118,31.6027088165],[-229.06918335,436.02822876,-55.9540328979,-287.799987793,241.866989136,59.0374412537,160.236068726,130.836532593,220.140151978,45.3404579163,78.3324737549,-24.7647857666,55.7393264771],[-131.313018799,-40.8914985657,83.03074646,-26.4298210144,-33.4501419067,24.949596405,21.5242710114,39.5888633728,45.3404579163,102.863273621,44.1953582764,27.1522846222,-12.1480894089],[-317.748718262,346.475616455,22.9803791046,-179.59815979,118.398735046,39.9720535278,128.620010376,73.0179138184,78.3324737549,44.1953582764,140.372406006,19.9583454132,30.1001472473],[-182.913253784,-244.779022217,152.113647461,126.943840027,-157.489379883,32.7057418823,-17.4745330811,14.7653036118,-24.7647857666,27.1522846222,19.9583454132,142.78616333,11.282242775],[-156.148345947,272.484832764,-94.6574859619,-148.553710938,172.681289673,9.64761257172,70.2272720337,31.6027088165,55.7393264771,-12.1480894089,30.1001472473,11.282242775,126.573165894]],"icov":[[0.00012039806461,0.000072744616773,-0.0000375255294784,0.0000410407410527,0.0000561812121305,-0.0000841970395413,-0.000105502760562,0.000265592389042,-0.000101766832813,0.00011282635387,0.0000801873175078,0.000277267303318,-0.0000541140179848],[0.000072744616773,0.00292192935012,-0.000428118772106,0.000943048507906,-0.00139489327557,0.00305862631649,-0.00282092462294,0.00192910607439,-0.00164488784503,0.00221090274863,-0.00370637583546,0.00182789843529,-0.00100547808688],[-0.0000375255294784,-0.000428118772106,0.00322760315612,-0.00133746350184,0.000759823771659,-0.00243245111778,0.00000612734447714,-0.00129628437571,0.000532368954737,-0.00145193631761,-0.000442838354502,-0.00115181668662,0.00102261954453],[0.0000410407410527,0.000943048507906,-0.00133746350184,0.00212927046232,-0.0000517937805853,0.00140536983963,-0.00110937061254,0.001937117544,-0.000257664476521,0.00114380731247,0.000160487179528,0.00021867446776,-0.000219740933971],[0.0000561812121305,-0.00139489327557,0.000759823771659,-0.0000517937805853,0.00428343750536,-0.00182776874863,-0.0000161115840456,-0.000208388490137,-0.000690528657287,-0.00011099036783,0.00101411482319,0.00201275153086,-0.00219100294635],[-0.0000841970395413,0.00305862631649,-0.00243245111778,0.00140536983963,-0.00182776874863,0.0088175162673,-0.00400866940618,0.00170080887619,-0.00230636773631,0.00275988620706,-0.00322432746179,0.0014050914906,-0.00131504365709],[-0.000105502760562,-0.00282092462294,0.00000612734447714,-0.00110937061254,-0.0000161115840456,-0.00400866940618,0.00908385962248,-0.00458391942084,0.00103276956361,-0.000893426884431,0.000276446720818,-0.0012407413451,0.000581543310545],[0.000265592389042,0.00192910607439,-0.00129628437571,0.001937117544,-0.000208388490137,0.00170080887619,-0.00458391942084,0.0110150594264,-0.00460053561255,0.00136833207216,-0.00115348771214,0.000101653451566,-0.000150934472913],[-0.000101766832813,-0.00164488784503,0.000532368954737,-0.000257664476521,-0.000690528657287,-0.00230636773631,0.00103276956361,-0.00460053561255,0.0115888006985,-0.00518120964989,0.00142905418761,-0.0000663647806505,-0.000729812483769],[0.00011282635387,0.00221090274863,-0.00145193631761,0.00114380731247,-0.00011099036783,0.00275988620706,-0.000893426884431,0.00136833207216,-0.00518120964989,0.0163546372205,-0.00662769237533,0.000287395057967,0.00113315298222],[0.0000801873175078,-0.00370637583546,-0.000442838354502,0.000160487179528,0.00101411482319,-0.00322432746179,0.000276446720818,-0.00115348771214,0.00142905418761,-0.00662769237533,0.0188098307699,-0.00516353454441,0.00165368546732],[0.000277267303318,0.00182789843529,-0.00115181668662,0.00021867446776,0.00201275153086,0.0014050914906,-0.0012407413451,0.000101653451566,-0.0000663647806505,0.000287395057967,-0.00516353454441,0.0144210746512,-0.00638848217204],[-0.0000541140179848,-0.00100547808688,0.00102261954453,-0.000219740933971,-0.00219100294635,-0.00131504365709,0.000581543310545,-0.000150934472913,-0.000729812483769,0.00113315298222,0.00165368546732,-0.00638848217204,0.0139159830287]],"mean":[-68.5812606812,137.426193237,-125.14604187,3.61490797997,-22.2616024017,22.4777240753,-13.7273902893,9.31056213379,-13.5933675766,2.34852600098,-15.5461530685,-1.02472555637,-12.2763118744]},"hfc":{"dmean":4.3794965744,"dmean2":6.54448747635,"dvar":49.0331916809,"dvar2":99.757598877,"max":205.007125854,"mean":19.5140666962,"median":15.1190042496,"min":0.00000799282042863,"var":387.633239746},"melbands":{"dmean":[0.00161492079496,0.00237820181064,0.00085933576338,0.000249558739597,0.0000944313869695,0.0000745520010241,0.0000688817017362,0.00010915981693,0.000115046255814,0.000118948679301,0.000136694638059,0.0000867304115673,0.000154591078172,0.0000651121517876,0.0000713975023245,0.0000510814170411,0.0000519330023963,0.0000269868032774,0.0000220965357585,0.0000303386932501,0.00000768271183915,0.00000341845930052,0.00000310574500872,0.00000301269142255,0.00000198436714527,9.95365212475e-7,0.0000011765898762,0.00000163875790804,6.82340555613e-7,0.00000104331377315,8.8223646344e-7,8.49148648285e-7,8.65926267579e-7,5.72223029849e-7,3.60500763463e-7,3.63333782616e-7,2.39099477994e-7,3.00988375557e-7,1.1230989827e-7,1.20985120589e-7],"dmean2":[0.00260290317237,0.00399587256834,0.00141510518733,0.000404261838412,0.000151644009748,0.000122851779452,0.000112293324491,0.000170135623193,0.0001765312918,0.000185012671864,0.00021322091925,0.000139766169013,0.000244323571678,0.000100496974483,0.0001077723864,0.0000786528617027,0.0000812444559415,0.0000418197269028,0.0000345620537701,0.0000450697043561,0.0000119651876958,0.00000579009838475,0.00000509363917445,0.00000504476565766,0.00000332080799126,0.00000166450183769,0.00000197808458324,0.00000278091602013,0.0000011196551668,0.0000017085599211,0.00000145691433318,0.00000134826575504,0.00000138799873639,8.79132073806e-7,5.57557370939e-7,6.04073250088e-7,3.95944880438e-7,4.98107908697e-7,1.76677232844e-7,1.92084598893e-7],"dvar":[0.0000117750487334,0.0000435471811215,0.0000101509049273,7.98042719907e-7,6.93885127134e-8,5.82684478445e-8,4.04995894598e-8,7.64043122103e-8,9.43640259266e-8,9.07592649924e-8,1.01205394287e-7,4.88484843686e-8,2.61910173549e-7,2.12388773235e-8,3.16695363267e-8,2.17763460597e-8,3.80789018095e-8,2.51364191683e-8,5.09585573738e-9,1.53862700358e-8,9.59331947215e-10,8.76107936199e-11,8.64225427333e-11,1.04786811173e-10,3.13172196509e-11,7.46929167822e-12,2.26880771115e-11,3.48940043526e-11,6.34484912526e-12,3.10447535734e-11,1.17497990504e-11,8.0723171203e-12,8.07307259237e-12,6.12399107119e-12,1.77383780407e-12,5.33437226682e-12,4.49003941666e-12,1.22498166125e-11,3.92760314289e-13,7.89899883783e-13],"dvar2":[0.0000279708965536,0.000113201676868,0.0000259238222498,0.00000189523814242,1.71201676835e-7,1.6033305883e-7,1.0587454824e-7,1.61210977012e-7,2.26081780852e-7,2.05436805345e-7,2.16157317823e-7,1.16603054323e-7,6.2848420157e-7,4.172953183e-8,4.87153464235e-8,3.72563633277e-8,8.83976696286e-8,4.24374810848e-8,9.47326306289e-9,2.73181512966e-8,1.61123470122e-9,2.33085717394e-10,1.75928729917e-10,2.45101355878e-10,7.84322121139e-11,2.06415926018e-11,6.20407406005e-11,9.55069842656e-11,1.56016102815e-11,8.73046634986e-11,2.9612381991e-11,2.03909233248e-11,1.99126670014e-11,1.35324347214e-11,4.22120194701e-12,1.49695256191e-11,1.27941442163e-11,3.19636088431e-11,9.14835915355e-13,2.24905640986e-12],"max":[0.0554610639811,0.0934007763863,0.0788644701242,0.0188527498394,0.00584449339658,0.00515069020912,0.00494745746255,0.00748068653047,0.00607902510092,0.00893198046833,0.0133330104873,0.00647821556777,0.0180186629295,0.00504248123616,0.00740511110052,0.00582633633167,0.00733982678503,0.0108180437237,0.00231996574439,0.00617625704035,0.00178303313442,0.000289878546027,0.000546724593733,0.000538054329809,0.000178520436748,0.0000605104214628,0.000176535453647,0.000167516103829,0.000114698079415,0.000220248330152,0.000113215217425,0.000082863458374,0.0000572475692024,0.000086087253294,0.0000331775627274,0.000143980738358,0.000100605990156,0.000163779492141,0.0000203375366254,0.0000583948130952],"mean":[0.00405725324526,0.00404163450003,0.00165189662948,0.000421130447648,0.000153428540216,0.000120018376037,0.000121380151541,0.000255298538832,0.000224791496294,0.000226190837566,0.000250132201472,0.000179200666025,0.000288745999569,0.000136589122121,0.000156639784109,0.000117221992696,0.000126836035633,0.0000653129172861,0.0000581957683607,0.0000802608483355,0.0000266258793999,0.0000077306658568,0.00000708376364855,0.00000597310827288,0.00000361526394954,0.00000185659871477,0.00000192341622096,0.00000249916456596,0.00000124236817101,0.00000153883956955,0.00000151682377236,0.00000164851394402,0.00000148222636653,8.82158417426e-7,6.6814652655e-7,7.38285393709e-7,3.71049367232e-7,3.37683388807e-7,1.95001277348e-7,2.41875483198e-7],"median":[0.00154420221224,0.00233485735953,0.000216167711187,0.000045595872507,0.0000402567020501,0.0000283806766674,0.0000295755889965,0.0000594900629949,0.0000590698000451,0.000080076737504,0.000091514280939,0.000062026665546,0.0000863816530909,0.000044819273171,0.0000516211148351,0.0000390433451685,0.0000291573305731,0.0000149980587594,0.0000124254202092,0.0000113116766443,0.00000454478640677,0.00000284670318251,0.0000017345789729,0.00000104565685888,8.34906472846e-7,3.10243649437e-7,2.0604824158e-7,1.963217926e-7,1.07560794049e-7,5.29798747095e-8,5.35565476412e-8,5.25037080479e-8,4.2415628343e-8,2.51787426464e-8,1.91723685816e-8,1.52186334645e-8,9.54070689119e-9,6.61187460338e-9,4.97039920333e-9,4.10286560282e-9],"min":[4.05099348164e-12,3.17482238416e-12,4.83135710258e-12,1.90399015998e-11,9.72230282392e-12,7.71243832687e-12,7.73091833606e-12,1.1939578666e-11,3.29882648975e-11,2.3586570197e-11,2.2582763784e-11,8.83556422471e-11,1.31177577481e-11,5.26455181532e-13,1.89641635728e-11,9.01101155498e-12,3.82349235823e-13,7.23682398729e-12,1.77193901912e-11,2.41198797046e-11,8.72581867872e-12,6.01617020091e-12,1.43542144317e-12,2.03778530508e-12,3.0223213255e-12,4.5749974989e-12,3.08333306803e-12,1.79442430966e-12,8.94899768438e-13,9.8869404417e-13,1.97893757587e-13,1.21293665216e-12,2.20364525239e-12,2.67811337343e-12,4.72184921371e-12,7.76752739819e-13,8.26876002565e-13,1.87260783594e-13,8.5557488828e-13,1.13090548211e-12],"var":[0.0000340273181791,0.0000426534752478,0.0000199037112907,0.00000133337698571,9.60221839819e-8,6.44993818355e-8,6.56078142924e-8,3.31513945184e-7,2.43268232225e-7,1.99137531354e-7,2.73464848988e-7,1.82323546483e-7,6.18685476184e-7,9.65577342527e-8,1.72328086023e-7,1.07632814661e-7,1.46974869608e-7,7.82999833859e-8,2.84768795211e-8,9.598274886e-8,1.00737373998e-8,2.0241504306e-10,4.34687286166e-10,4.6925369146e-10,6.45120068477e-11,1.24979341112e-11,2.61239294086e-11,4.23391113835e-11,1.19946769531e-11,3.39022108997e-11,2.34836872171e-11,1.91219470813e-11,1.62608208149e-11,1.27926393437e-11,4.32714888227e-12,1.19166551626e-11,5.98412335309e-12,9.78784935046e-12,7.57081517703e-13,3.10036761889e-12]},"melbands_crest":{"dmean":2.65313458443,"dmean2":4.24417066574,"dvar":7.17237663269,"dvar2":17.8977947235,"max":31.6999874115,"mean":16.9653530121,"median":17.5199375153,"min":3.4425804615,"var":35.0790405273},"melbands_flatness_db":{"dmean":0.0230359137058,"dmean2":0.0348246507347,"dvar":0.000707553583197,"dvar2":0.00143726053648,"max":0.588865399361,"mean":0.297292619944,"median":0.288543462753,"min":0.0653454586864,"var":0.0105834659189},"melbands_kurtosis":{"dmean":8.50940513611,"dmean2":13.740691185,"dvar":356.287841797,"dvar2":868.655395508,"max":253.668395996,"mean":13.399477005,"median":3.66754245758,"min":-1.91032028198,"var":649.581359863},"melbands_skewness":{"dmean":0.793536424637,"dmean2":1.2234069109,"dvar":0.984547138214,"dvar2":2.23754620552,"max":13.5483942032,"mean":2.46006774902,"median":1.9963145256,"min":-2.33514213562,"var":4.93061828613},"melbands_spread":{"dmean":4.86756801605,"dmean2":7.51387214661,"dvar":31.4241809845,"dvar2":66.0121231079,"max":79.5132064819,"mean":20.2082920074,"median":18.6324157715,"min":1.17860078812,"var":146.108657837},"mfcc":{"cov":[[9833.11328125,-1034.5949707,57.8575019836,459.302276611,-231.93586731,363.428314209,-224.807922363,-176.550994873,-211.710113525,-26.1620254517,-109.697776794,-444.666564941,-314.820617676],[-1034.5949707,3596.30395508,-1549.48510742,-994.886413574,430.770477295,-227.451309204,447.02520752,203.646453857,403.973815918,427.92489624,206.569000244,225.951568604,128.864364624],[57.8575019836,-1549.48510742,1410.13000488,507.114654541,-253.433776855,199.599609375,-65.9376068115,68.8852920532,-150.274688721,-155.291091919,24.1630306244,41.3041191101,43.7590446472],[459.302276611,-994.886413574,507.114654541,803.337646484,-120.155479431,124.427131653,-113.668502808,-74.5938339233,-155.227859497,-180.427719116,-80.2006454468,-106.249664307,-22.5559997559],[-231.93586731,430.770477295,-253.433776855,-120.155479431,291.496704102,37.8376960754,63.4383087158,27.4922924042,92.6356201172,84.5176544189,7.67619991302,13.1421136856,4.01899433136],[363.428314209,-227.451309204,199.599609375,124.427131653,37.8376960754,217.835769653,48.9598999023,34.0167045593,-0.533403217793,0.0525155849755,2.09178876877,-25.3642272949,-1.17407953739],[-224.807922363,447.02520752,-65.9376068115,-113.668502808,63.4383087158,48.9598999023,233.783081055,117.182563782,96.0026092529,78.0886154175,56.745803833,66.3606796265,29.5779685974],[-176.550994873,203.646453857,68.8852920532,-74.5938339233,27.4922924042,34.0167045593,117.182563782,197.081451416,105.938102722,61.6141548157,56.5489883423,63.8099632263,53.6574401855],[-211.710113525,403.973815918,-150.274688721,-155.227859497,92.6356201172,-0.533403217793,96.0026092529,105.938102722,188.949523926,116.442443848,37.7382316589,47.5869636536,41.4315071106],[-26.1620254517,427.92489624,-155.291091919,-180.427719116,84.5176544189,0.0525155849755,78.0886154175,61.6141548157,116.442443848,179.995559692,71.001663208,40.3948974609,23.0147037506],[-109.697776794,206.569000244,24.1630306244,-80.2006454468,7.67619991302,2.09178876877,56.745803833,56.5489883423,37.7382316589,71.001663208,136.826095581,81.7872695923,15.5585861206],[-444.666564941,225.951568604,41.3041191101,-106.249664307,13.1421136856,-25.3642272949,66.3606796265,63.8099632263,47.5869636536,40.3948974609,81.7872695923,153.645324707,71.6714477539],[-314.820617676,128.864364624,43.7590446472,-22.5559997559,4.01899433136,-1.17407953739,29.5779685974,53.6574401855,41.4315071106,23.0147037506,15.5585861206,71.6714477539,133.58203125]],"icov":[[0.000136411428684,0.00000303524984702,0.0000686373532517,-0.0000273339210253,0.000185314711416,-0.000295357254799,0.000124728190713,-0.0000611223440501,0.0000898070647963,-0.000192678140593,-0.0000310314935632,0.000219204390305,0.000171569161466],[0.00000303524984702,0.00112663034815,0.000954410585109,0.000269253330771,-0.000357539538527,0.000487969635287,-0.00126272789203,-0.000110882407171,0.000111208959424,-0.00048272497952,-0.000709633692168,-0.000182513322216,-0.00077843706822],[0.0000686373532517,0.000954410585109,0.00233888300136,-0.000380619923817,0.000762540264986,-0.00106566841714,-0.000281662069028,-0.00124125438742,0.000835464219563,-0.000374936586013,-0.000618484569713,-0.00130700343288,-0.000481979601318],[-0.0000273339210253,0.000269253330771,-0.000380619923817,0.00230856495909,-0.000175681328983,-0.000465399876703,-0.000227466356591,0.000422036886448,0.0000718263108865,0.00133417011239,-0.000515836465638,0.00139018788468,-0.000865574227646],[0.000185314711416,-0.000357539538527,0.000762540264986,-0.000175681328983,0.00562028354034,-0.00256591057405,0.000680135737639,0.00017861854576,-0.00124146766029,-0.00125470035709,0.00129828299396,-0.00101956911385,0.0010852473788],[-0.000295357254799,0.000487969635287,-0.00106566841714,-0.000465399876703,-0.00256591057405,0.00826707482338,-0.00308756623417,-0.0000209010486287,0.000232697988395,-0.000161143470905,-0.00104957539588,0.00244992505759,-0.00129103800282],[0.000124728190713,-0.00126272789203,-0.000281662069028,-0.000227466356591,0.000680135737639,-0.00308756623417,0.00927477981895,-0.00332062505186,-0.000605100824032,-0.000406124774599,0.00095408980269,-0.00228460994549,0.00217083725147],[-0.0000611223440501,-0.000110882407171,-0.00124125438742,0.000422036886448,0.00017861854576,-0.0000209010486287,-0.00332062505186,0.0109637724236,-0.00532632414252,0.00160109077115,-0.00220425566658,0.000830371980555,-0.00204609148204],[0.0000898070647963,0.000111208959424,0.000835464219563,0.0000718263108865,-0.00124146766029,0.000232697988395,-0.000605100824032,-0.00532632414252,0.0135144945234,-0.00619658268988,0.00248863385059,-0.00100693793502,-0.000717939517926],[-0.000192678140593,-0.00048272497952,-0.000374936586013,0.00133417011239,-0.00125470035709,-0.000161143470905,-0.000406124774599,0.00160109077115,-0.00619658268988,0.0138385454193,-0.00608879607171,0.00299721374176,-0.00151843100321],[-0.0000310314935632,-0.000709633692168,-0.000618484569713,-0.000515836465638,0.00129828299396,-0.00104957539588,0.00095408980269,-0.00220425566658,0.00248863385059,-0.00608879607171,0.0157549772412,-0.00864122994244,0.00443127797917],[0.000219204390305,-0.000182513322216,-0.00130700343288,0.00139018788468,-0.00101956911385,0.00244992505759,-0.00228460994549,0.000830371980555,-0.00100693793502,0.00299721374176,-0.00864122994244,0.0171662382782,-0.00682780798525],[0.000171569161466,-0.00077843706822,-0.000481979601318,-0.000865574227646,0.0010852473788,-0.00129103800282,0.00217083725147,-0.00204609148204,-0.000717939517926,-0.00151843100321,0.00443127797917,-0.00682780798525,0.0125817898661]],"mean":[-715.576782227,178.240783691,-25.57954216,4.60486698151,10.688419342,18.1767234802,11.3600921631,14.0406131744,9.91296291351,7.18226242065,4.96169805527,3.75527381897,2.68221330643]},"pitch_salience":{"dmean":0.0637804344296,"dmean2":0.103543423116,"dvar":0.00361051410437,"dvar2":0.00946346949786,"max":0.823057711124,"mean":0.465987384319,"median":0.464221656322,"min":0.0993067920208,"var":0.0178024247289},"silence_rate_20dB":{"dmean":0,"dmean2":0,"dvar":0,"dvar2":0,"max":1,"mean":1,"median":1,"min":1,"var":0},"silence_rate_30dB":{"dmean":0.0474513992667,"dmean2":0.0949173271656,"dvar":0.0452010706067,"dvar2":0.0999941602349,"max":1,"mean":0.932353854179,"median":1,"min":0,"var":0.0630716085434},"silence_rate_60dB":{"dmean":0.012245522812,"dmean2":0.0244947951287,"dvar":0.0120955528691,"dvar2":0.0303250029683,"max":1,"mean":0.151668190956,"median":0,"min":0,"var":0.128670707345},"spectral_centroid":{"dmean":157.914367676,"dmean2":246.410797119,"dvar":49345.5,"dvar2":106730.867188,"max":3293.80322266,"mean":1082.59533691,"median":971.104003906,"min":276.329772949,"var":194434},"spectral_complexity":{"dmean":2.01132702827,"dmean2":3.37966942787,"dvar":3.61993741989,"dvar2":9.65476226807,"max":44,"mean":15.6507501602,"median":16,"min":0,"var":71.7363052368},"spectral_contrast_coeffs":{"dmean":[0.0449342913926,0.0431521646678,0.0372753180563,0.0290350373834,0.0197373963892,0.0162450093776],"dmean2":[0.0742517262697,0.0713422074914,0.0608413666487,0.0477018654346,0.0327237509191,0.0263039078563],"dvar":[0.00153123086784,0.00130616233218,0.00085442425916,0.000545674934983,0.000265125505393,0.000207397941267],"dvar2":[0.00401377212256,0.00351427029818,0.00227675400674,0.00142270326614,0.000694066111464,0.000521416193806],"max":[-0.339758515358,-0.436078846455,-0.499927639961,-0.494463175535,-0.556666612625,-0.589134395123],"mean":[-0.645245015621,-0.727625310421,-0.754011690617,-0.764281570911,-0.768249690533,-0.763851165771],"median":[-0.646723926067,-0.735260546207,-0.764231324196,-0.77317738533,-0.772481322289,-0.764020562172],"min":[-0.870675683022,-0.929555416107,-0.920052409172,-0.901817798615,-0.892808973789,-0.886660814285],"var":[0.00609096279368,0.00620454922318,0.00440436834469,0.00374760339037,0.00209669419564,0.00239217327908]},"spectral_contrast_valleys":{"dmean":[0.386651098728,0.30961060524,0.25462013483,0.21904219687,0.178059890866,0.232743740082],"dmean2":[0.622179329395,0.513070940971,0.421174377203,0.361865997314,0.290309935808,0.347968369722],"dvar":[0.108660280704,0.0647787079215,0.0453011654317,0.036136303097,0.0266720056534,0.113288447261],"dvar2":[0.256851285696,0.172068819404,0.112562470138,0.0878935754299,0.0616923943162,0.216658011079],"max":[-4.90474700928,-4.92770814896,-5.1347527504,-5.58747911453,-6.41429233551,-8.39244365692],"mean":[-7.6322889328,-7.32265424728,-7.16091871262,-7.72013711929,-8.74825382233,-11.9506778717],"median":[-7.38795471191,-7.15731716156,-6.8537812233,-7.45934772491,-8.89979743958,-12.1602420807],"min":[-15.9971704483,-14.0666532516,-15.2310695648,-15.0464982986,-14.8454637527,-17.1551303864],"var":[1.31645298004,1.01205289364,1.32107758522,1.34785890579,1.25905394554,1.96760797501]},"spectral_decrease":{"dmean":3.16396175926e-9,"dmean2":4.96182650522e-9,"dvar":4.53397182116e-17,"dvar2":1.06648422846e-16,"max":-4.96606681948e-16,"mean":-1.00401535974e-8,"median":-7.51973239232e-9,"min":-9.39598052696e-8,"var":1.0289277802e-16},"spectral_energy":{"dmean":0.01222971268,"dmean2":0.0191379971802,"dvar":0.000660821504425,"dvar2":0.00155261205509,"max":0.360155433416,"mean":0.0396638512611,"median":0.0299730710685,"min":2.59928123469e-9,"var":0.00155029480811},"spectral_energyband_high":{"dmean":0.000111182926048,"dmean2":0.000172073196154,"dvar":1.11899012722e-7,"dvar2":2.63152628577e-7,"max":0.0107165230438,"mean":0.000294120662147,"median":0.0000170133607753,"min":5.72620784123e-10,"var":5.27797055838e-7},"spectral_energyband_low":{"dmean":0.0100610526279,"dmean2":0.0162061620504,"dvar":0.000592463766225,"dvar2":0.00143380160443,"max":0.326114147902,"mean":0.0226797014475,"median":0.0134044997394,"min":2.11505830211e-11,"var":0.000952689093538},"spectral_energyband_middle_high":{"dmean":0.00238822028041,"dmean2":0.0036167986691,"dvar":0.0000213147486647,"dvar2":0.0000441055381089,"max":0.122792445123,"mean":0.00891074445099,"median":0.00499641243368,"min":1.5415690946e-9,"var":0.000133661538712},"spectral_energyband_middle_low":{"dmean":0.00411292212084,"dmean2":0.00638713641092,"dvar":0.0000998983596219,"dvar2":0.000241569578066,"max":0.279218345881,"mean":0.0101751321927,"median":0.00548192253336,"min":4.59681459564e-10,"var":0.000229707584367},"spectral_entropy":{"dmean":0.126853778958,"dmean2":0.195171043277,"dvar":0.0170293934643,"dvar2":0.0381394699216,"max":8.24163913727,"mean":7.08347082138,"median":7.10847759247,"min":5.22137212753,"var":0.292938888073},"spectral_flux":{"dmean":0.0251114405692,"dmean2":0.0390860177577,"dvar":0.00155078491662,"dvar2":0.00316952192225,"max":0.490220248699,"mean":0.0750919729471,"median":0.0614749006927,"min":0.0000509831479576,"var":0.00391733227298},"spectral_kurtosis":{"dmean":7.88392210007,"dmean2":13.7296152115,"dvar":127.463745117,"dvar2":396.220123291,"max":104.970176697,"mean":19.4294586182,"median":11.1310653687,"min":0.0278813391924,"var":411.20602417},"spectral_rms":{"dmean":0.000787845696323,"dmean2":0.00120715913363,"dvar":0.00000150154176026,"dvar2":0.00000325454630001,"max":0.0187448970973,"mean":0.00543045438826,"median":0.00540758902207,"min":0.00000159244598308,"var":0.00000920663205761},"spectral_rolloff":{"dmean":244.141174316,"dmean2":410.333190918,"dvar":197446,"dvar2":428743.53125,"max":8893.21289063,"mean":1026.67932129,"median":990.52734375,"min":86.1328125,"var":528958.5},"spectral_skewness":{"dmean":0.536642491817,"dmean2":0.934205651283,"dvar":0.444850116968,"dvar2":1.42110025883,"max":8.06425571442,"mean":2.59386587143,"median":2.3458647728,"min":0.543170511723,"var":1.75292921066},"spectral_spread":{"dmean":334848.65625,"dmean2":508423.59375,"dvar":307421937664,"dvar2":602820378624,"max":10987318,"mean":2978194.75,"median":2644394,"min":651599.1875,"var":3086757396480},"spectral_strongpeak":{"dmean":0.546037018299,"dmean2":0.954333305359,"dvar":1.92308235168,"dvar2":4.61945772171,"max":22.5630207062,"mean":1.20212125778,"median":0.464722275734,"min":0.000193624640815,"var":4.3620429039},"zerocrossingrate":{"dmean":0.00603000819683,"dmean2":0.00739500904456,"dvar":0.0000470052254968,"dvar2":0.0000646271364531,"max":0.21826171875,"mean":0.0413702912629,"median":0.037109375,"min":0.00341796875,"var":0.000540556386113}},"metadata":{"audio_properties":{"analysis_sample_rate":44100,"bit_rate":187805,"codec":"mp3","downmix":"mix","equal_loudness":0,"length":151.693054199,"lossless":false,"md5_encoded":"5f47f04f1b739c65a3f473fb06b56ae4","replay_gain":-5.8523349762,"sample_rate":44100},"tags":{"acoustid_id":["bd95c34a-5a81-4a91-a16b-6283f52aab06"],"album":["Church of Hawkwind"],"albumartist":["Hawkwind"],"albumartistsort":["Hawkwind"],"artist":["Hawkwind"],"artistsort":["Hawkwind"],"asin":["B000025V5V"],"catalognumber":["SOL 3010.862"],"contentgroup":["Rock"],"date":["1994-06"],"discnumber":["1/1"],"file_name":"10 - Experiment With Destiny.mp3","genre":["Rock","Space Rock","Psychedelic Rock","Progressive Rock"],"label":["Sound"],"media":["CD"],"musicbrainz album release country":["DE"],"musicbrainz album status":["official"],"musicbrainz album type":["album"],"musicbrainz_albumartistid":["5a28f8c2-31fb-4047-ae57-c5c326989262"],"musicbrainz_albumid":["fe443335-3535-3ed1-910c-2c2a887b52b1"],"musicbrainz_artistid":["5a28f8c2-31fb-4047-ae57-c5c326989262"],"musicbrainz_recordingid":["bcbccd6a-654f-4fbd-b32a-e7a34b49e643"],"musicbrainz_releasegroupid":["58ae3bf1-88bf-31d2-9563-eb4ff95981c9"],"originaldate":["1994-03"],"script":["Latn"],"title":["Experiment With Destiny"],"tracknumber":["10/15"]},"version":{"essentia":"2.1-beta2","essentia_build_sha":"2d9f1f26377add8aeb1075a9c2973f962c4f09fd","essentia_git_sha":"v2.1_beta2-1-ge3940c0","extractor":"music 1.0"}},"rhythm":{"beats_count":237,"beats_loudness":{"dmean":0.0165644083172,"dmean2":0.0298396442086,"dvar":0.000425129255746,"dvar2":0.00130180793349,"max":0.18450692296,"mean":0.0407545864582,"median":0.0332390516996,"min":0.0000139528347063,"var":0.00111300044227},"beats_loudness_band_ratio":{"dmean":[0.179264709353,0.0728146806359,0.0843986719847,0.106593295932,0.0732462257147,0.0154237421229],"dmean2":[0.30945178866