{"lowlevel":{"average_loudness":0.506171882153,"barkbands":{"dmean":[0.0000828166594147,0.00611348217353,0.00488309329376,0.00173925550189,0.000684173079208,0.000656745920423,0.000459027156467,0.000314291479299,0.000929762551095,0.000897323363461,0.000750486098696,0.000341172562912,0.000722727330867,0.000294278986985,0.000378899974748,0.000240557725192,0.00015691255976,0.000138505827636,0.000114232439955,0.0000864091489348,0.0000522987793374,0.0000666030246066,0.0000600256571488,0.0000659003271721,0.0000445062505605,0.00000569048097532,2.07157597742e-7],"dmean2":[0.000131561537273,0.0105965547264,0.008539294824,0.00288931373507,0.00116259744391,0.00105600443203,0.000665696628857,0.000499323476106,0.00146918115206,0.00144985900261,0.00117214163765,0.00054191367235,0.00117726949975,0.000484533433337,0.000582959910389,0.000382102880394,0.000246731506195,0.000214191604755,0.00017316523008,0.000129628562718,0.0000830132557894,0.000100991288491,0.0000912176838028,0.000097353986348,0.0000643192179268,0.00000852586526889,3.42997310554e-7],"dvar":[4.08244602568e-8,0.00017111095076,0.000101242512756,0.0000133911780722,0.00000165406152064,0.00000389077513319,0.00000243255362875,0.00000142827866512,0.0000183958400157,0.0000119678761621,0.0000107917112473,0.00000175296554517,0.00000586136911807,0.00000166128643286,0.00000130618536787,6.82667803176e-7,1.03386199157e-7,8.54865405131e-8,5.76085383841e-8,4.08192519785e-8,2.44486262346e-8,5.29901136304e-8,3.61484921996e-8,5.03854806766e-8,2.78935008424e-8,5.30504473684e-10,1.76621597122e-12],"dvar2":[1.0107775239e-7,0.000479096750496,0.000291496689897,0.0000357270218956,0.00000450023298981,0.00000962387275649,0.0000046822033255,0.00000340634619533,0.000042823390686,0.0000303559590975,0.0000284116013063,0.000004240736871,0.000015515332052,0.00000450851985079,0.00000331260889652,0.000001692323508,2.61947008084e-7,1.98343371949e-7,1.32836774469e-7,8.80019044303e-8,6.48168594353e-8,1.20763971267e-7,8.44582004333e-8,1.04069435736e-7,5.7372275819e-8,1.07608877364e-9,5.01364921801e-12],"max":[0.00282560521737,0.163098037243,0.136568754911,0.0605821311474,0.0170839391649,0.0680247321725,0.0530965514481,0.0450748279691,0.0884877741337,0.0785874575377,0.0695561543107,0.0474802851677,0.0630530416965,0.0319944135845,0.0213570762426,0.0189188849181,0.0101453801617,0.00657503819093,0.00761055154726,0.00951280072331,0.00570997223258,0.00987472385168,0.00349270994775,0.00519395433366,0.0050750230439,0.000937341596,0.0000585097259318],"mean":[0.0000869349896675,0.0105805555359,0.00576460501179,0.00273498124443,0.0012332360493,0.00110924756154,0.000829678785522,0.000477752531879,0.00124657875858,0.00132575456519,0.00103778904304,0.000524293689523,0.00111897743773,0.000400123884901,0.000638981116936,0.000404764345149,0.000271329772659,0.000215321008,0.000202610244742,0.000173712949618,0.0000888553477125,0.000115681323223,0.0000928605877561,0.0000983100762824,0.0000595080528001,0.00000688929958415,2.41325068373e-7],"median":[0.00000645112459097,0.00317508704029,0.00200620107353,0.000773315841798,0.000577486352995,0.000534210877959,0.000280235020909,0.000150113279233,0.000123041798361,0.000181951894774,0.000144393285154,0.000121694101836,0.000104483799078,0.0000344022701029,0.000141041702591,0.0000502476686961,0.000101234953036,0.0000761341652833,0.0000748984020902,0.0000547230010852,0.0000230877267313,0.0000183169104275,0.00000821368121251,0.00000585527050134,0.00000266269171334,3.80276901524e-7,5.34530322227e-8],"min":[1.42983853924e-11,2.83940537749e-9,9.73281941152e-11,2.04252934011e-12,7.8256238295e-12,9.60949093735e-13,4.60251801948e-12,4.65888449781e-13,1.99982760386e-12,1.16913271599e-12,6.93730554772e-13,1.29261716348e-12,3.14398225336e-12,1.38013493862e-12,2.44279032766e-12,1.0873432146e-12,2.60625418816e-12,2.70029072887e-12,3.47450952558e-12,2.69179036699e-12,3.19229408532e-12,5.25037305299e-12,7.54529164843e-12,8.9074771864e-12,1.62709724166e-11,1.722261396e-11,3.04221266234e-11],"var":[4.67058924869e-8,0.00029156592791,0.000103289959952,0.0000277072231256,0.00000328900182467,0.00000553438667339,0.00000675298088026,0.00000235893435274,0.0000303739907395,0.0000227490327234,0.0000159205301316,0.0000035551338442,0.0000107620080598,0.00000274033664027,0.00000233271089201,0.0000018041180283,2.72262440149e-7,1.57346249807e-7,1.31409066739e-7,2.06263877089e-7,8.08822946397e-8,1.86435173077e-7,8.2029224302e-8,1.1996810656e-7,5.97076450504e-8,9.71701386021e-10,1.25455505359e-12]},"barkbands_crest":{"dmean":2.578155756,"dmean2":4.21276569366,"dvar":5.97472763062,"dvar2":15.3200759888,"max":26.7847137451,"mean":11.720993042,"median":10.7759971619,"min":2.9145219326,"var":26.1373558044},"barkbands_flatness_db":{"dmean":0.0255120079964,"dmean2":0.0385164059699,"dvar":0.000705269922037,"dvar2":0.00153718050569,"max":0.611029207706,"mean":0.179120093584,"median":0.167600169778,"min":0.0332222804427,"var":0.00395885901526},"barkbands_kurtosis":{"dmean":5.82886457443,"dmean2":8.81245708466,"dvar":421.61529541,"dvar2":599.601867676,"max":1249.61010742,"mean":17.2382698059,"median":2.2173101902,"min":-1.89656555653,"var":7416.70996094},"barkbands_skewness":{"dmean":0.686150670052,"dmean2":1.06462442875,"dvar":0.675035893917,"dvar2":1.40700232983,"max":34.1072921753,"mean":2.13527345657,"median":1.50803661346,"min":-2.53857064247,"var":9.24739456177},"barkbands_spread":{"dmean":5.12857532501,"dmean2":7.83798694611,"dvar":44.795715332,"dvar2":98.3629684448,"max":98.4287948608,"mean":17.4652748108,"median":15.643404007,"min":0.245153740048,"var":161.060653687},"dissonance":{"dmean":0.0210518818349,"dmean2":0.0357773974538,"dvar":0.000525702780578,"dvar2":0.00147771730553,"max":0.499999910593,"mean":0.45971044898,"median":0.467769116163,"min":0.230067670345,"var":0.000930010690354},"dynamic_complexity":6.08903026581,"erbbands":{"dmean":[0.105608969927,1.66299772263,5.57450675964,5.38448905945,3.2936463356,2.19146132469,4.0188331604,5.92880058289,6.03443479538,5.97201108932,8.8028421402,24.3742256165,21.913482666,34.2007789612,22.3507843018,15.7084445953,33.5978660583,17.9425392151,17.6534729004,16.097530365,10.0385723114,7.50897598267,8.25855636597,5.69027042389,5.14675188065,4.13278865814,2.04365348816,2.31427645683,2.28983712196,2.21962094307,1.63962066174,1.47173798084,1.04022967815,0.634950220585,0.245998844504,0.0504141971469,0.00651712855324,0.000566975737456,0.0000426363912993,0.0000159226201504],"dmean2":[0.179435953498,2.89566922188,9.81594371796,8.98650741577,5.55597400665,3.76951336861,6.55086946487,9.41773033142,8.96304130554,9.25978088379,13.7521076202,38.7138137817,34.6411705017,54.0697364807,35.743473053,24.9334602356,54.9829978943,28.9385890961,28.0123519897,24.3045768738,15.498793602,11.6799850464,12.8000049591,8.48900222778,7.89167976379,6.09008407593,3.17030906677,3.60756540298,3.59485864639,3.351790905,2.45456218719,2.20245409012,1.53815364838,0.927364170551,0.365202695131,0.0744318664074,0.00968758203089,0.000865645590238,0.0000676658091834,0.000025761897632],"dvar":[0.0583417117596,12.3528366089,129.019165039,111.013832092,45.4034461975,19.7292842865,67.6855163574,515.048522949,387.815887451,718.881469727,968.752624512,13811.4257812,8417.63867188,20224.3828125,10293.5166016,3743.95556641,13285.8710938,4703.44775391,4249.55273438,2552.46606445,762.929931641,231.141723633,318.997924805,117.085784912,168.548706055,79.8237228394,31.4015445709,60.2422103882,54.42029953,60.0761032104,26.9500370026,24.5381717682,13.8600225449,5.9966340065,0.974666118622,0.0420115441084,0.000750973122194,0.00000654636323816,4.3373052705e-8,8.22466927897e-10],"dvar2":[0.158226162195,34.9485626221,376.050292969,298.126464844,130.002685547,53.8478927612,176.979705811,1238.80419922,711.596435547,1861.84851074,2166.88354492,31999.6503906,20560.4980469,55401.0898438,25633.3574219,9177.45898438,35878.4453125,12698.4365234,11106.6201172,6560.17919922,1719.92004395,568.82598877,749.300231934,256.370239258,398.903106689,171.54914856,81.393661499,144.92489624,139.59854126,137.437332153,61.9052581787,53.8105926514,29.4125499725,13.0927038193,1.97484922409,0.0836882516742,0.00156071980018,0.0000160647759913,1.17185457782e-7,2.1458450572e-9],"max":[3.33729338646,45.6833648682,154.695861816,137.195373535,118.276832581,69.7898864746,222.174575806,788.550842285,857.053039551,1306.87609863,1306.70251465,2703.69555664,2792.59521484,2530.36987305,3174.1081543,2453.37768555,2831.37792969,1881.24182129,1600.18774414,1278.60681152,1045.515625,349.804046631,438.206848145,195.73008728,586.317749023,388.009613037,167.533050537,327.269012451,269.76071167,409.776275635,102.298950195,126.749771118,79.2084655762,70.9544906616,28.0422210693,8.06287002563,1.04201054573,0.0820591300726,0.0081976512447,0.000574250181671],"mean":[0.177429065108,2.82019233704,7.13544178009,8.42344474792,5.69853830338,3.62554717064,6.87963676453,9.29493045807,11.1217918396,10.4075689316,13.2706003189,32.5915374756,33.7723999023,50.0291595459,35.3204116821,25.7756080627,53.4752197266,27.6338577271,29.6602478027,30.5262546539,18.3990325928,13.8853549957,13.4358062744,10.42735672,9.48683547974,8.31139945984,3.56989765167,4.02249717712,3.97668838501,3.66104769707,2.54327249527,2.2044699192,1.46866810322,0.874084830284,0.311905741692,0.0623654536903,0.00787956360728,0.000690039654728,0.0000625784086878,0.0000390199202229],"median":[0.036292783916,0.918036222458,3.26127576828,3.22903013229,2.18461966515,1.6283416748,3.57817411423,3.57169222832,4.45634269714,4.02310228348,4.26319932938,3.47361469269,5.51343727112,7.83796548843,6.28255653381,6.55426025391,5.18932247162,3.72590398788,5.70369243622,6.79212093353,4.91733264923,5.15571451187,4.77581977844,3.91893482208,3.25933504105,2.69517564774,1.0585873127,0.788735747337,0.690253734589,0.418987929821,0.22387650609,0.144023180008,0.076469860971,0.0362454950809,0.0151820220053,0.00302264629863,0.000513463281095,0.0000850062642712,0.0000231163339777,0.0000270965247182],"min":[8.79960992961e-8,6.63485423047e-7,4.83843052734e-7,4.77015014155e-8,2.92176665084e-8,3.74832715977e-8,1.2979578301e-8,1.20222658495e-8,6.46411066896e-8,3.67641739274e-8,2.22761133983e-8,3.32787593038e-8,5.63956241706e-8,4.07042080042e-8,4.43775647341e-8,6.40552570985e-8,1.48701815306e-7,7.89799869949e-8,1.07423417717e-7,1.07428235196e-7,6.34169978753e-8,1.37355044671e-7,1.26017013713e-7,1.79996604288e-7,1.39728513204e-7,1.18146751049e-7,1.0891585589e-7,1.69632201619e-7,1.8959839565e-7,1.73874695975e-7,2.12242980524e-7,1.77447319061e-7,1.5784192442e-7,1.48211611872e-7,1.30050125335e-7,7.31042959501e-8,3.14737640394e-8,1.02700381532e-8,3.4803455673e-9,6.08186279116e-10],"var":[0.101531438529,19.9458789825,128.965042114,191.09147644,85.653427124,32.0246315002,108.092422485,697.596618652,1085.9074707,1109.13989258,1558.89306641,22199.6152344,18159.75,33527.3789062,17969.0332031,7573.68164062,24015.6035156,8379.44238281,7438.42089844,5552.75634766,2165.12255859,652.405639648,607.690490723,265.174987793,522.63494873,350.842193604,105.282554626,226.00730896,155.63482666,217.634078979,57.5883827209,55.5048179626,29.0270462036,12.997590065,1.89492928982,0.0798513814807,0.0012858894188,0.00000817966792965,4.03524254011e-8,1.87617232861e-9]},"erbbands_crest":{"dmean":2.80950164795,"dmean2":4.44710969925,"dvar":8.8248796463,"dvar2":22.0105686188,"max":32.4387359619,"mean":10.2217226028,"median":8.62148761749,"min":2.20776605606,"var":30.3570270538},"erbbands_flatness_db":{"dmean":0.0189639125019,"dmean2":0.027117870748,"dvar":0.000395527342334,"dvar2":0.000813686056063,"max":0.42507699132,"mean":0.179426342249,"median":0.175528407097,"min":0.0271906126291,"var":0.00288074370474},"erbbands_kurtosis":{"dmean":1.15643978119,"dmean2":1.81926310062,"dvar":5.00421142578,"dvar2":12.3257236481,"max":57.9102745056,"mean":0.974437832832,"median":-0.090473651886,"min":-1.71436798573,"var":11.2596664429},"erbbands_skewness":{"dmean":0.380479156971,"dmean2":0.582772254944,"dvar":0.155714660883,"dvar2":0.3605928123,"max":5.67476606369,"mean":0.183548554778,"median":0.106641754508,"min":-4.10584545135,"var":0.668639838696},"erbbands_spread":{"dmean":8.09731578827,"dmean2":11.9366188049,"dvar":85.498878479,"dvar2":181.806533813,"max":165.19859314,"mean":36.3875656128,"median":32.3256950378,"min":1.05046653748,"var":490.291503906},"gfcc":{"cov":[[17207.0488281,-872.612060547,-1008.81439209,1934.22705078,-985.293579102,1611.36804199,-274.646636963,227.032348633,-46.8929901123,-73.8729934692,-47.4192657471,-371.029266357,61.7643852234],[-872.612060547,1078.31384277,-98.9365005493,-210.181793213,303.250671387,-327.711608887,195.849227905,-127.091049194,62.0807723999,-92.4610824585,30.8687114716,-55.6467819214,19.8390312195],[-1008.81439209,-98.9365005493,1245.60900879,297.903625488,98.5214004517,225.431167603,-53.3269233704,182.244567871,27.8344898224,65.8390350342,3.00014615059,-26.4965362549,-14.0891561508],[1934.22705078,-210.181793213,297.903625488,759.993896484,-52.31823349,194.592407227,5.85836601257,100.696403503,52.6032485962,-4.41369485855,9.96283626556,-100.204666138,7.23706674576],[-985.293579102,303.250671387,98.5214004517,-52.31823349,311.819610596,-80.9976196289,84.6445388794,-1.8822170496,46.9577560425,-6.73271036148,1.78189849854,-5.9468460083,14.4993286133],[1611.36804199,-327.711608887,225.431167603,194.592407227,-80.9976196289,494.810974121,-38.0631599426,72.9678039551,-0.37700176239,25.4696102142,-7.03490114212,-33.9069747925,9.01137447357],[-274.646636963,195.849227905,-53.3269233704,5.85836601257,84.6445388794,-38.0631599426,211.36164856,-4.95167827606,-9.25192642212,-24.9803638458,14.5490684509,-21.6344432831,-2.36216378212],[227.032348633,-127.091049194,182.244567871,100.696403503,-1.8822170496,72.9678039551,-4.95167827606,141.121261597,17.7514610291,11.423746109,-4.70361948013,-3.71176767349,4.67307186127],[-46.8929901123,62.0807723999,27.8344898224,52.6032485962,46.9577560425,-0.37700176239,-9.25192642212,17.7514610291,140.316711426,22.3958816528,6.85560560226,-19.158618927,16.9110774994],[-73.8729934692,-92.4610824585,65.8390350342,-4.41369485855,-6.73271036148,25.4696102142,-24.9803638458,11.423746109,22.3958816528,101.980880737,27.6692676544,10.004734993,2.59695386887],[-47.4192657471,30.8687114716,3.00014615059,9.96283626556,1.78189849854,-7.03490114212,14.5490684509,-4.70361948013,6.85560560226,27.6692676544,84.2707214355,18.233921051,-3.72990393639],[-371.029266357,-55.6467819214,-26.4965362549,-100.204666138,-5.9468460083,-33.9069747925,-21.6344432831,-3.71176767349,-19.158618927,10.004734993,18.233921051,87.3325195312,9.78022193909],[61.7643852234,19.8390312195,-14.0891561508,7.23706674576,14.4993286133,9.01137447357,-2.36216378212,4.67307186127,16.9110774994,2.59695386887,-3.72990393639,9.78022193909,67.6797561646]],"icov":[[0.000510649057105,-0.00123327586334,0.00120845728088,-0.00147946563084,0.0011758566834,-0.00192003406119,0.00115524372086,-0.00142011337448,0.000934383366257,-0.000977528165095,0.000722300610505,-0.00025741229183,0.000328417518176],[-0.00123327586334,0.00565222650766,-0.00335163273849,0.00434232503176,-0.0042251618579,0.00578223727643,-0.00396257918328,0.00517319142818,-0.00323914387263,0.00476133031771,-0.00371592305601,0.00327852088958,-0.00210551335476],[0.00120845728088,-0.00335163273849,0.00415341742337,-0.00396242272109,0.00225479644723,-0.00504719512537,0.00339716393501,-0.00482167443261,0.00271066278219,-0.00332614313811,0.00207812408917,-0.00108680583071,0.00153032201342],[-0.00147946563084,0.00434232503176,-0.00396242272109,0.00651746755466,-0.00326775270514,0.00555911753327,-0.00378360901959,0.00384260737337,-0.003462202847,0.00417573936284,-0.00361492927186,0.00364918773994,-0.00190368527547],[0.0011758566834,-0.0042251618579,0.00225479644723,-0.00326775270514,0.00797168631107,-0.00434865104035,0.00134186714422,-0.00371654890478,0.000959595665336,-0.00304376799613,0.00288160284981,-0.00182680564467,0.000458722235635],[-0.00192003406119,0.00578223727643,-0.00504719512537,0.00555911753327,-0.00434865104035,0.0103088421747,-0.00471278885379,0.00544871017337,-0.00362619617954,0.00423177983612,-0.00342447194271,0.0028511765413,-0.00242658308707],[0.00115524372086,-0.00396257918328,0.00339716393501,-0.00378360901959,0.00134186714422,-0.00471278885379,0.00929656811059,-0.00466378638521,0.00380744668655,-0.00208323472179,0.000518315471709,0.000256170402281,0.00132569740526],[-0.00142011337448,0.00517319142818,-0.00482167443261,0.00384260737337,-0.00371654890478,0.00544871017337,-0.00466378638521,0.0147250005975,-0.00435033906251,0.00402789190412,-0.00204392033629,0.000781009497587,-0.00203687394969],[0.000934383366257,-0.00323914387263,0.00271066278219,-0.003462202847,0.000959595665336,-0.00362619617954,0.00380744668655,-0.00435033906251,0.0110199181363,-0.0045771477744,0.00115714268759,0.000973958580289,-0.000913090887479],[-0.000977528165095,0.00476133031771,-0.00332614313811,0.00417573936284,-0.00304376799613,0.00423177983612,-0.00208323472179,0.00402789190412,-0.0045771477744,0.0163096766919,-0.00732027553022,0.00265303230844,-0.00217367336154],[0.000722300610505,-0.00371592305601,0.00207812408917,-0.00361492927186,0.00288160284981,-0.00342447194271,0.000518315471709,-0.00204392033629,0.00115714268759,-0.00732027553022,0.0173575188965,-0.00679551251233,0.00317742535844],[-0.00025741229183,0.00327852088958,-0.00108680583071,0.00364918773994,-0.00182680564467,0.0028511765413,0.000256170402281,0.000781009497587,0.000973958580289,0.00265303230844,-0.00679551251233,0.0192573107779,-0.00487831840292],[0.000328417518176,-0.00210551335476,0.00153032201342,-0.00190368527547,0.000458722235635,-0.00242658308707,0.00132569740526,-0.00203687394969,-0.000913090887479,-0.00217367336154,0.00317742535844,-0.00487831840292,0.0172184333205]],"mean":[-68.1940536499,121.714157104,-120.997177124,33.9699554443,-44.4649887085,14.4438877106,-27.9187049866,6.77662754059,-18.5508708954,-3.79259967804,-10.2406759262,-3.59648633003,-8.39556407928]},"hfc":{"dmean":6.1835808754,"dmean2":9.07212734222,"dvar":98.2751464844,"dvar2":225.70211792,"max":179.264877319,"mean":16.9504299164,"median":8.61105918884,"min":0.00000562145396543,"var":439.886383057},"melbands":{"dmean":[0.00133359315805,0.00264993333258,0.000853678386193,0.000168995509739,0.000128055224195,0.000129188556457,0.0000955777941272,0.0000628083798802,0.0000783990108175,0.000159522678587,0.000107786290755,0.0001381967013,0.0000844455644256,0.0000453801476397,0.0000488587502332,0.0000792720529716,0.0000294817309623,0.0000284923116851,0.0000274456997431,0.0000209645822906,0.0000112805128083,0.00000904671742319,0.00000912902032724,0.00000558477904633,0.00000503871933688,0.00000408668120144,0.00000385620660381,0.00000262493813352,0.00000128683223011,0.00000138910797887,0.00000155243185418,0.0000013520777884,0.0000012975468735,0.00000125242320337,9.77868239715e-7,9.82842720987e-7,8.86504892605e-7,7.73045712776e-7,6.25856444003e-7,5.45913167116e-7],"dmean2":[0.00227564596571,0.00465808669105,0.0014230015222,0.000286645023152,0.000209239326068,0.000205267395359,0.000140092743095,0.0000985296792351,0.00012336227519,0.000252430967521,0.000170982559212,0.000219120382098,0.000133636771352,0.0000719368035789,0.0000781563867349,0.000128298328491,0.000048211113608,0.0000462456846435,0.0000403340018238,0.0000336462726409,0.0000175789900823,0.0000142123317346,0.0000146550019053,0.00000862309752847,0.00000761281398809,0.00000630751492281,0.00000599300255999,0.00000388292892239,0.00000203593276638,0.00000226946986004,0.00000245246678787,0.00000216609623749,0.00000198937664209,0.00000191922777049,0.00000149292884544,0.00000147998741795,0.00000133043579353,0.00000115499722142,9.4048397159e-7,8.13450753867e-7],"dvar":[0.00000855563484947,0.0000289175732178,0.00000269024849331,1.09227947576e-7,6.50992930673e-8,2.08337439744e-7,9.55764747346e-8,7.88981111555e-8,1.00924793855e-7,5.78505819249e-7,2.11188094568e-7,3.35851609634e-7,1.40918004377e-7,2.92627593268e-8,2.81626846288e-8,7.21415318594e-8,2.00589713728e-8,1.32459296864e-8,5.71940361738e-9,5.89069459878e-9,1.08410713739e-9,3.25045684813e-10,4.8025922128e-10,1.38879380218e-10,9.65688431998e-11,9.53326445563e-11,1.18848181296e-10,3.77821107733e-11,1.18349904529e-11,2.76101225216e-11,3.44898588855e-11,2.00847689175e-11,1.67660121897e-11,1.94118471297e-11,1.01522011284e-11,1.08915411412e-11,9.27765243103e-12,7.66118245232e-12,5.82569366012e-12,5.38748689757e-12],"dvar2":[0.0000235401439568,0.0000838629566715,0.00000726721282263,3.09283706201e-7,1.68763847341e-7,5.00297517192e-7,1.80001165972e-7,2.08269440805e-7,2.32848648807e-7,0.0000013446108369,5.14678390573e-7,9.13896201382e-7,3.55727195256e-7,7.01749343079e-8,7.40489198847e-8,1.83040015145e-7,5.53556382954e-8,3.47663622335e-8,1.33969724203e-8,1.50509773533e-8,2.27796448371e-9,8.1107248695e-10,1.21560062016e-9,3.34020228143e-10,2.15317680352e-10,2.23839211055e-10,2.74497258257e-10,8.55991874604e-11,2.94723898064e-11,8.25539081539e-11,8.01360020009e-11,5.23397887531e-11,3.98992401618e-11,4.62801880152e-11,2.35767048246e-11,2.58617363635e-11,1.98941245422e-11,1.66169179111e-11,1.31037793463e-11,1.234324188e-11],"max":[0.0349177159369,0.068550311029,0.0211079120636,0.00451338477433,0.00612990558147,0.016056727618,0.0109015898779,0.0141136953607,0.0116994446144,0.0175932794809,0.0140522038564,0.0102996258065,0.0109104830772,0.00577205140144,0.00665600178763,0.00548466201872,0.00385306333192,0.0030822053086,0.00185662473086,0.00197201338597,0.0016705020098,0.000382075406378,0.000546499912161,0.000238137334236,0.000162040159921,0.000414706533775,0.000586265989114,0.000252053054282,0.000134987029014,0.000187855723198,0.000242215392063,0.000160753988894,0.000172110114363,0.000204305441002,0.0000579320148972,0.0000940025638556,0.0000781206908869,0.0000600776511419,0.0000720663374523,0.000085541876615],"mean":[0.00237427349202,0.00389719777741,0.0014110468328,0.000300004321616,0.000222777220188,0.000210377911571,0.000176354558789,0.000106595005491,0.000112786823593,0.000209239820833,0.000162355732755,0.000198680703761,0.000125083563034,0.0000718476658221,0.0000729527237127,0.000119623320643,0.0000414731148339,0.0000429414394603,0.0000487409852212,0.0000348331013811,0.0000193348278117,0.000015170048755,0.0000143088927871,0.00000869726864039,0.00000872337932378,0.00000656932297716,0.00000724959227227,0.00000488981913804,0.00000208537153412,0.00000208650772038,0.00000248730384556,0.00000223703864322,0.00000213917883229,0.00000195973302652,0.0000014323668438,0.00000146336219586,0.000001275241857,0.00000107267749172,8.12421831142e-7,7.39274980788e-7],"median":[0.000642152153887,0.00183626520447,0.000587899237871,0.000134897054522,0.000115333896247,0.0000904072803678,0.0000685830455041,0.000041255087126,0.0000315888610203,0.0000181835002877,0.0000253149810305,0.0000281767133856,0.0000205995420401,0.0000145882822835,0.0000117503914225,0.0000115932180051,0.00000440067196905,0.00000437842709289,0.0000111345016194,0.0000049765149015,0.00000575384001422,0.00000557396833756,0.00000400329008698,0.00000327293673763,0.00000277954131889,0.00000198601719603,0.00000233537821259,0.00000145167268784,5.93222978296e-7,3.99731675316e-7,4.34138144101e-7,3.59832711183e-7,3.3903268104e-7,1.68898708353e-7,1.22637658251e-7,9.96304905243e-8,7.8128365999e-8,5.42533342696e-8,3.50297106877e-8,2.65638480101e-8],"min":[1.0155024599e-9,4.72373862248e-10,4.57129993581e-12,2.28298174636e-12,4.28300136242e-13,2.04696557014e-13,1.03614794696e-12,3.29864553641e-13,2.08008347417e-13,2.41054084246e-13,2.77721557774e-13,1.41770750413e-13,8.96094315287e-14,1.58316488716e-13,1.82047505868e-13,2.99445472758e-13,1.25300757183e-13,1.60366836997e-13,1.61823137355e-13,1.05930767088e-13,6.48130231125e-14,1.54307989997e-13,9.57369288555e-14,1.36521165466e-13,1.23339706504e-13,8.89095112637e-14,1.00854112388e-13,7.52911188256e-14,6.46519377747e-14,7.9761751945e-14,1.03334272291e-13,9.87467757303e-14,1.01564108957e-13,9.24713728983e-14,1.0852750583e-13,1.29626249513e-13,1.0151854536e-13,1.08072547493e-13,9.76521110068e-14,1.22284628712e-13],"var":[0.0000159181217896,0.0000322894084093,0.00000485333021061,2.0270766754e-7,1.08680261235e-7,2.95140495155e-7,2.68602860842e-7,1.17031099478e-7,1.48974635295e-7,9.2425159437e-7,4.56270271343e-7,5.68645361909e-7,2.3126354165e-7,6.16721322899e-8,4.68845726687e-8,1.27245769477e-7,3.38725882898e-8,2.1439454656e-8,1.17229186358e-8,1.49654919568e-8,2.60796739759e-9,7.65368324274e-10,9.49656020488e-10,2.2876944783e-10,2.0887938601e-10,2.21518983712e-10,4.13660911081e-10,1.31565772166e-10,3.45150817649e-11,6.64303195785e-11,1.00466961139e-10,4.90798165997e-11,5.81401905786e-11,6.25371421314e-11,1.85971845562e-11,2.48192594948e-11,1.95375226414e-11,1.55869345209e-11,1.01560036422e-11,1.13093796481e-11]},"melbands_crest":{"dmean":3.4196369648,"dmean2":5.70801401138,"dvar":10.5567083359,"dvar2":28.3511772156,"max":39.7020835876,"mean":16.107252121,"median":16.0301208496,"min":3.38810062408,"var":33.3462791443},"melbands_flatness_db":{"dmean":0.0314479768276,"dmean2":0.0472604520619,"dvar":0.00107597874012,"dvar2":0.00235962518491,"max":0.616865873337,"mean":0.253202587366,"median":0.241113916039,"min":0.0296759605408,"var":0.00666045490652},"melbands_kurtosis":{"dmean":15.8009338379,"dmean2":24.6935367584,"dvar":42540.1835938,"dvar2":102121.140625,"max":13916.0224609,"mean":29.8620700836,"median":8.27634620667,"min":-1.73626720905,"var":45367.7265625},"melbands_skewness":{"dmean":0.936936676502,"dmean2":1.4592205286,"dvar":2.52736520767,"dvar2":5.60482358932,"max":103.335716248,"mean":3.20528459549,"median":2.53914189339,"min":-2.802475214,"var":9.03109169006},"melbands_spread":{"dmean":5.94871330261,"dmean2":9.27430057526,"dvar":66.4804229736,"dvar2":153.032730103,"max":200.378952026,"mean":18.3469295502,"median":15.4776496887,"min":0.0497830435634,"var":224.383514404},"mfcc":{"cov":[[15633.5146484,-1207.97692871,-223.564224243,561.030334473,-25.7630386353,771.171264648,158.978042603,311.699859619,83.713508606,327.869781494,306.777374268,-24.8594074249,-240.993118286],[-1207.97692871,1346.9744873,-344.084228516,69.7425613403,-39.6020507812,-103.078796387,20.2822608948,-28.6772060394,-9.15569591522,-53.8733940125,-48.2945709229,-28.3019313812,29.5758590698],[-223.564224243,-344.084228516,1026.65844727,69.8433151245,262.612854004,94.393196106,85.4115982056,43.9937973022,77.6034927368,75.5757369995,74.3003768921,74.0535507202,-34.8259429932],[561.030334473,69.7425613403,69.8433151245,512.527587891,40.2548751831,-7.54399681091,43.44008255,37.8719558716,36.5882110596,64.9134902954,15.8534545898,22.3359298706,31.1913452148],[-25.7630386353,-39.6020507812,262.612854004,40.2548751831,268.458618164,57.6636428833,3.91462182999,33.7553939819,59.484992981,45.9096488953,21.3031539917,25.6040802002,-3.10108447075],[771.171264648,-103.078796387,94.393196106,-7.54399681091,57.6636428833,228.644546509,63.1184654236,40.9627532959,30.4272785187,42.3771133423,66.1410522461,0.778193533421,-49.9168739319],[158.978042603,20.2822608948,85.4115982056,43.44008255,3.91462182999,63.1184654236,180.403305054,45.583984375,19.2227878571,6.13704776764,40.0638122559,11.6697711945,-25.6131687164],[311.699859619,-28.6772060394,43.9937973022,37.8719558716,33.7553939819,40.9627532959,45.583984375,120.250259399,32.1416473389,20.0133171082,21.4429855347,-7.74643230438,-19.8249893188],[83.713508606,-9.15569591522,77.6034927368,36.5882110596,59.484992981,30.4272785187,19.2227878571,32.1416473389,112.984268188,43.1917610168,13.5303421021,-4.14722919464,-15.0446233749],[327.869781494,-53.8733940125,75.5757369995,64.9134902954,45.9096488953,42.3771133423,6.13704776764,20.0133171082,43.1917610168,112.607368469,36.7243614197,4.23479652405,-8.07700443268],[306.777374268,-48.2945709229,74.3003768921,15.8534545898,21.3031539917,66.1410522461,40.0638122559,21.4429855347,13.5303421021,36.7243614197,103.202133179,25.6327438354,-28.6673755646],[-24.8594074249,-28.3019313812,74.0535507202,22.3359298706,25.6040802002,0.778193533421,11.6697711945,-7.74643230438,-4.14722919464,4.23479652405,25.6327438354,76.9770736694,30.8129558563],[-240.993118286,29.5758590698,-34.8259429932,31.1913452148,-3.10108447075,-49.9168739319,-25.6131687164,-19.8249893188,-15.0446233749,-8.07700443268,-28.6673755646,30.8129558563,98.768196106]],"icov":[[0.0000969366155914,0.0000823831360321,0.0000874668039614,-0.000125177422888,0.00004744654143,-0.000278931227513,0.0000513837694598,-0.000133670400828,0.0000624052263447,-0.000125670514535,-0.0000277587860182,-0.0000561202468816,0.000137920927955],[0.0000823831360321,0.000958433607593,0.000433182314737,-0.000261044508079,-0.000300227547996,0.000127239589347,-0.000385552237276,0.000152840919327,-0.000106571147626,0.000204052324989,-0.0000591644275119,0.000189563579625,0.0000589108058193],[0.0000874668039614,0.000433182314737,0.0016959697241,-0.000181078765308,-0.00135019572917,-0.0000203808212973,-0.000642043363769,0.000113144735224,-0.00014011656458,-0.000322834326653,-0.0000954418064794,-0.00111801840831,0.000815756095108],[-0.000125177422888,-0.000261044508079,-0.000181078765308,0.00248190178536,-0.0000890643277671,0.000732835789677,-0.000617016106844,-0.000372168171452,-0.000232948863413,-0.0012163441861,0.0000993237554212,-0.000186484263395,-0.000989987049252],[0.00004744654143,-0.000300227547996,-0.00135019572917,-0.0000890643277671,0.00598037708551,-0.00134528195485,0.00134860782418,-0.00109113263898,-0.00172084628139,-0.000687091960572,0.000715381116606,-0.00121962581761,-0.000333882460836],[-0.000278931227513,0.000127239589347,-0.0000203808212973,0.000732835789677,-0.00134528195485,0.00739404978231,-0.00173954153433,-0.000073607727245,-0.000215107473196,-0.000683701538946,-0.00257908995263,0.000803809205536,0.0011834576726],[0.0000513837694598,-0.000385552237276,-0.000642043363769,-0.000617016106844,0.00134860782418,-0.00173954153433,0.00764864543453,-0.00223398953676,-0.000598543672822,0.00129357073456,-0.00127323926426,-0.00119348906446,0.000924960477278],[-0.000133670400828,0.000152840919327,0.000113144735224,-0.000372168171452,-0.00109113263898,-0.000073607727245,-0.00223398953676,0.0107117416337,-0.00180093606468,0.000220387722948,-0.000916304590646,0.00192339811474,0.000162496042321],[0.0000624052263447,-0.000106571147626,-0.00014011656458,-0.000232948863413,-0.00172084628139,-0.000215107473196,-0.000598543672822,-0.00180093606468,0.0120343063027,-0.00371127994731,0.000827041745652,0.000828199030366,0.00104016053956],[-0.000125670514535,0.000204052324989,-0.000322834326653,-0.0012163441861,-0.000687091960572,-0.000683701538946,0.00129357073456,0.000220387722948,-0.00371127994731,0.013295808807,-0.00410767830908,0.00171195075382,-0.00128920865245],[-0.0000277587860182,-0.0000591644275119,-0.0000954418064794,0.0000993237554212,0.000715381116606,-0.00257908995263,-0.00127323926426,-0.000916304590646,0.000827041745652,-0.00410767830908,0.0165290124714,-0.00729501852766,0.00495329964906],[-0.0000561202468816,0.000189563579625,-0.00111801840831,-0.000186484263395,-0.00121962581761,0.000803809205536,-0.00119348906446,0.00192339811474,0.000828199030366,0.00171195075382,-0.00729501852766,0.0206812769175,-0.00838771555573],[0.000137920927955,0.0000589108058193,0.000815756095108,-0.000989987049252,-0.000333882460836,0.0011834576726,0.000924960477278,0.000162496042321,0.00104016053956,-0.00128920865245,0.00495329964906,-0.00838771555573,0.0160114318132]],"mean":[-705.285400391,142.544067383,-4.72207260132,25.069229126,8.57851219177,8.81733417511,4.92238426208,10.0214338303,0.612633705139,1.63883399963,-1.66574478149,-0.310757994652,4.52894592285]},"pitch_salience":{"dmean":0.0774301812053,"dmean2":0.127374559641,"dvar":0.00549897924066,"dvar2":0.0149441901594,"max":0.815975487232,"mean":0.463156402111,"median":0.475959986448,"min":0.0300354193896,"var":0.0176100861281},"silence_rate_20dB":{"dmean":0,"dmean2":0,"dvar":0,"dvar2":0,"max":1,"mean":1,"median":1,"min":1,"var":0},"silence_rate_30dB":{"dmean":0.0257078334689,"dmean2":0.051424600184,"dvar":0.025047428906,"dvar2":0.0588564686477,"max":1,"mean":0.96891283989,"median":1,"min":0,"var":0.0301209744066},"silence_rate_60dB":{"dmean":0.0302240755409,"dmean2":0.0604586526752,"dvar":0.0293119475245,"dvar2":0.0613256469369,"max":1,"mean":0.216394588351,"median":0,"min":0,"var":0.169556736946},"spectral_centroid":{"dmean":226.203735352,"dmean2":333.970031738,"dvar":90439,"dvar2":162668.671875,"max":11054.2216797,"mean":1121.51037598,"median":1050.10693359,"min":129.916656494,"var":363186.84375},"spectral_complexity":{"dmean":3.25099873543,"dmean2":4.70013904572,"dvar":18.3603610992,"dvar2":34.9640007019,"max":52,"mean":14.39336586,"median":13,"min":0,"var":102.248512268},"spectral_contrast_coeffs":{"dmean":[0.0468554198742,0.0430108904839,0.0390228666365,0.0313052274287,0.0232932791114,0.0199097581208],"dmean2":[0.0790452137589,0.0689462572336,0.0614772476256,0.0484074540436,0.0357390604913,0.0299121011049],"dvar":[0.00154461525381,0.0013722210424,0.00117445667274,0.000748284161091,0.000439382303739,0.000437318929471],"dvar2":[0.00444374699146,0.00353023945354,0.00271679274738,0.00162885000464,0.000921663828194,0.000889888906386],"max":[-0.400999367237,-0.368380069733,-0.389762282372,-0.522345900536,-0.577244997025,-0.617827892303],"mean":[-0.659537136555,-0.741870999336,-0.752063453197,-0.760040104389,-0.777369260788,-0.773219287395],"median":[-0.660271167755,-0.74840426445,-0.765422105789,-0.772426605225,-0.7817466259,-0.769164085388],"min":[-0.95863699913,-0.966995835304,-0.952008962631,-0.960607528687,-0.962248802185,-0.961381018162],"var":[0.00438195792958,0.00567940762267,0.0066119292751,0.00594990607351,0.00273074349388,0.00286300294101]},"spectral_contrast_valleys":{"dmean":[0.418557107449,0.352060705423,0.334833174944,0.325725018978,0.350512623787,0.378128498793],"dmean2":[0.674556910992,0.55570691824,0.516806960106,0.472463041544,0.461761027575,0.4812759161],"dvar":[0.169782444835,0.134527802467,0.132721602917,0.152195140719,0.195964828134,0.276303559542],"dvar2":[0.348006367683,0.247975170612,0.218443781137,0.238855704665,0.283620417118,0.480234533548],"max":[-5.18142271042,-5.01277112961,-5.59244251251,-5.91631507874,-5.79908847809,-7.37141609192],"mean":[-7.55394792557,-7.26748132706,-7.85037851334,-8.34027290344,-8.4187335968,-11.1930398941],"median":[-7.15641641617,-6.949842453,-7.54347133636,-8.05842208862,-8.05274677277,-10.889550209],"min":[-27.2014732361,-26.8624267578,-27.4717407227,-27.2786579132,-27.1456832886,-27.1933250427],"var":[2.11075615883,1.62722194195,1.76777982712,1.86547243595,2.12654161453,2.78399634361]},"spectral_decrease":{"dmean":3.26890603475e-9,"dmean2":5.41693356837e-9,"dvar":3.3608288731e-17,"dvar2":9.23090219345e-17,"max":-1.08706988723e-14,"mean":-7.76373454414e-9,"median":-5.38365085845e-9,"min":-7.57686677844e-8,"var":7.13136692105e-17},"spectral_energy":{"dmean":0.0127218142152,"dmean2":0.0209996066988,"dvar":0.000496755994391,"dvar2":0.0013565835543,"max":0.293016403913,"mean":0.0308395307511,"median":0.0216468013823,"min":4.15384313612e-8,"var":0.00110304448754},"spectral_energyband_high":{"dmean":0.0002856720821,"dmean2":0.000407869607443,"dvar":6.31024363429e-7,"dvar2":0.00000139037410918,"max":0.0246817041188,"mean":0.000522236747202,"median":0.000110803652206,"min":1.70078562345e-10,"var":0.00000231594572142},"spectral_energyband_low":{"dmean":0.0103594856337,"dmean2":0.0178408585489,"dvar":0.00042983671301,"dvar2":0.00121917866636,"max":0.239606544375,"mean":0.0181549489498,"median":0.00923087261617,"min":2.58337085057e-8,"var":0.000614288437646},"spectral_energyband_middle_high":{"dmean":0.0026020987425,"dmean2":0.0039384374395,"dvar":0.0000313234922942,"dvar2":0.0000812805301393,"max":0.0862822085619,"mean":0.00604881392792,"median":0.00190119957551,"min":2.77422217143e-11,"var":0.0000952296832111},"spectral_energyband_middle_low":{"dmean":0.00352455698885,"dmean2":0.00550631852821,"dvar":0.0000425468242611,"dvar2":0.000101257617644,"max":0.138424485922,"mean":0.00806677620858,"median":0.00449415994808,"min":2.3944218136e-11,"var":0.000121271208627},"spectral_entropy":{"dmean":0.194547832012,"dmean2":0.2687728405,"dvar":0.0457883067429,"dvar2":0.0903517082334,"max":9.81200885773,"mean":7.26924991608,"median":7.28330802917,"min":5.38814926147,"var":0.264437735081},"spectral_flux":{"dmean":0.0259361546487,"dmean2":0.0405942164361,"dvar":0.00126723584253,"dvar2":0.00260505801998,"max":0.446726739407,"mean":0.0768721923232,"median":0.0640058591962,"min":0.0000894476106623,"var":0.00410521496087},"spectral_kurtosis":{"dmean":2.5002849102,"dmean2":4.14367628098,"dvar":8.49517440796,"dvar2":22.2761821747,"max":49.2002944946,"mean":6.73924255371,"median":5.11440753937,"min":-1.19553256035,"var":34.5113067627},"spectral_rms":{"dmean":0.000961357611232,"dmean2":0.00151311221998,"dvar":0.00000170938767496,"dvar2":0.00000441479824076,"max":0.0169076807797,"mean":0.00460856035352,"median":0.0045955227688,"min":0.00000636594813841,"var":0.00000884849214344},"spectral_rolloff":{"dmean":360.199920654,"dmean2":609.419677734,"dvar":541685.125,"dvar2":1255696,"max":11046.5332031,"mean":1067.06933594,"median":882.861328125,"min":21.533203125,"var":1208376.875},"spectral_skewness":{"dmean":0.29881259799,"dmean2":0.464581370354,"dvar":0.0980035811663,"dvar2":0.218590408564,"max":5.67275905609,"mean":1.76998090744,"median":1.66580677032,"min":0.011285347864,"var":0.544878005981},"spectral_spread":{"dmean":532954.625,"dmean2":760952.8125,"dvar":705837268992,"dvar2":1178650542080,"max":41477920,"mean":3854871.75,"median":3306059.75,"min":1359539.875,"var":3191813439490},"spectral_strongpeak":{"dmean":0.523027181625,"dmean2":0.899986147881,"dvar":1.38461923599,"dvar2":3.71320486069,"max":12.667309761,"mean":0.796550571918,"median":0.397872298956,"min":0,"var":1.75779879093},"zerocrossingrate":{"dmean":0.00795906037092,"dmean2":0.00936980824918,"dvar":0.000107230072899,"dvar2":0.000126938626636,"max":0.2783203125,"mean":0.0428078845143,"median":0.03955078125,"min":0,"var":0.000733360298909}},"metadata":{"audio_properties":{"analysis_sample_rate":44100,"bit_rate":0,"codec":"flac","downmix":"mix","equal_loudness":0,"length":133.666671753,"lossless":true,"md5_encoded":"16769ee12f48820de746a527cc4a1ab9","replay_gain":-11.5958156586},"tags":{"album":["Tommy"],"albumartist":["The Who"],"albumartistsort":["Who, The"],"artist":["The Who"],"artistsort":["Who, The"],"asin":["B000002OZY"],"barcode":["008811141721"],"catalognumber":["MCAD-11417"],"date":["1996-03-12"],"file_name":"06 Eyesight to the Blind (The Hawker).flac","format":["CD"],"genre":["Rock"],"isrc":["GBAKW6900109"],"label":["MCA Records"],"language":["eng"],"musicbrainz_albumartistid":["9fdaa16b-a6c4-4831-b87c-bc9ca8ce7eaa"],"musicbrainz_albumid":["cc6adf85-1f08-49fe-b074-22621cffc37a"],"musicbrainz_artistid":["9fdaa16b-a6c4-4831-b87c-bc9ca8ce7eaa"],"musicbrainz_recordingid":["bd022d56-bddf-4f79-abbf-db32d013800e"],"producer":["Jon Astley"],"releasecountry":["US"],"releasestatus":["official"],"releasetype":["album"],"replaygain_album_gain":["-6.53 dB"],"replaygain_album_peak":["0.98202515"],"replaygain_reference_loudness":["89.0 dB"],"replaygain_track_gain":["-6.36 dB"],"replaygain_track_peak":["0.97940063"],"script":["Latn"],"title":["Eyesight to the Blind (The Hawker)"],"totaltracks":["24"],"tracknumber":["6"],"tracktotal":["24"]},"version":{"essentia":"2.1-beta1","essentia_build_sha":"eef087cf131c10083d474ad51def18efd0e38295","essentia_git_sha":"v2.1_beta1-7-ge0e83e8-dirty","extractor":"music 1.0"}},"rhythm":{"beats_count":251,"beats_loudness":{"dmean":0.0268371850252,"dmean2":0.0443966016173,"dvar":0.000595553545281,"dvar2":0.00145380501635,"max":0.193325936794,"mean":0.0459966175258,"median":0.0411445610225,"min":0.0000156340902322,"var":0.00123324629385},"beats_loudness_band_ratio":{"dmean":[0.247589573264,0.0705727934837,0.1001810655,0.138619065285,0.0782267823815,0.0521710701287],"dmean2":[0.425712376833,0.12597335875,0.173428684473,0.236056059599