{"lowlevel":{"average_loudness":0.857026219368,"barkbands":{"dmean":[0.0300092548132,0.0367380268872,0.0051884916611,0.00348787684925,0.00328835798427,0.00144284835551,0.000891353993211,0.000496614840813,0.00050353113329,0.000369567482267,0.000262077519437,0.000276955048321,0.000240512585151,0.000158873008331,0.000122953235405,0.0000784374860814,0.000079474040831,0.000122140874737,0.000114518610644,0.0000795019077486,0.0000432548185927,0.000034497341403,0.0000298278682749,0.0000223512415687,0.0000127226130644,0.000018964674382,0.0000491065402457],"dmean2":[0.0453660041094,0.0589858517051,0.00916232075542,0.00597929023206,0.00554634816945,0.00239410903305,0.00145398348104,0.000824799120892,0.000847852323204,0.000632261100691,0.0004486956459,0.000473868072731,0.000405481958296,0.000266076618573,0.000211442587897,0.000130044660182,0.00012844405137,0.00019144435646,0.000159530769452,0.00011972097127,0.0000689271182637,0.0000564350630157,0.0000491031605634,0.0000371943970094,0.0000221020836761,0.0000314640856232,0.0000744230128475],"dvar":[0.00204542116262,0.00228871684521,0.000069840301876,0.0000296795515169,0.0000236692449107,0.00000771094619267,0.00000240059875978,8.95333812423e-7,9.21447679048e-7,4.12126922811e-7,2.70896919119e-7,3.4214946254e-7,7.03312366568e-7,1.4937242554e-7,2.32154917512e-7,6.09060322176e-8,1.00256009716e-7,3.28332731669e-7,2.56497202145e-7,1.0112113813e-7,1.51739598664e-8,1.26543513446e-8,9.88314852179e-9,4.09261025069e-9,1.02811203995e-9,2.52892062846e-9,1.61634368112e-8],"dvar2":[0.00448013469577,0.00578785222024,0.000201824383112,0.0000796924214228,0.0000642618397251,0.000020463097826,0.00000565849950362,0.00000230964474213,0.00000236279538512,0.00000112375425942,7.31394038667e-7,9.07678611384e-7,0.0000020044253688,4.1628118197e-7,6.5081945877e-7,1.51164812223e-7,2.4205724003e-7,7.946172218e-7,4.42273830004e-7,2.16427380906e-7,3.45508652799e-8,3.00730498282e-8,2.44906086522e-8,9.40227629087e-9,2.46509168633e-9,5.94775606544e-9,3.11023846677e-8],"max":[0.523682117462,0.540481686592,0.139822483063,0.08014126122,0.0737358033657,0.0633359327912,0.0407908558846,0.020603839308,0.0254146456718,0.015960585326,0.0132744815201,0.0159165710211,0.0438515543938,0.0101851224899,0.022709697485,0.0109043978155,0.0124333864078,0.0256276428699,0.0239196550101,0.00916942302138,0.0037232527975,0.00191098335199,0.00165566208307,0.00102087622508,0.000501785660163,0.000722970347852,0.00532385474071],"mean":[0.0438910499215,0.058284047991,0.00581858213991,0.00444450229406,0.00501193292439,0.00209288974293,0.00145424006041,0.000732956919819,0.00073096138658,0.000493083964102,0.000361948652426,0.000383452599635,0.000344161584508,0.000223165654461,0.000162227108376,0.000110979053716,0.000120519398479,0.000194282110897,0.000230933335843,0.000134606991196,0.0000593742624915,0.0000404020065616,0.0000318610000249,0.0000232715374295,0.0000114442545964,0.0000192839361262,0.000104017875856],"median":[0.0181826725602,0.027625143528,0.00282647507265,0.00209890212864,0.00250176712871,0.000908764486667,0.000594228738919,0.000267860537861,0.00027769166627,0.00019675787189,0.00012644592789,0.00010961368389,0.0000672990208841,0.0000458836075268,0.0000268580297416,0.0000137338274726,0.00000977090985543,0.00000914448719413,0.00000832583464216,0.00000672999794915,0.00000444196984972,0.00000210909365705,0.00000153555015459,7.22573872736e-7,2.27563475619e-7,8.84077962837e-7,0.0000186984689208],"min":[3.23263859084e-25,2.15341790515e-24,1.37721742859e-24,1.14812610804e-24,7.28836321171e-24,6.60344025277e-24,8.31599022483e-24,4.63959114518e-24,1.13164005897e-23,1.32854179195e-23,1.58227369564e-23,1.65196608563e-23,3.24481619719e-23,3.24633996092e-23,4.37315234892e-23,5.45787995427e-23,7.61467047644e-23,9.63524239077e-23,1.21150922796e-22,1.63406263495e-22,2.63579633015e-22,2.90704457469e-22,4.00120802932e-22,5.85962093866e-22,9.38160240516e-22,1.18950662251e-21,1.85471866741e-21],"var":[0.00411446392536,0.00506014516577,0.0000797530083219,0.0000457368769275,0.0000455458866782,0.000013864988432,0.00000758931491873,0.00000219725211537,0.00000190594209926,6.74128671108e-7,5.09650590175e-7,6.73430918141e-7,8.60132047364e-7,2.68513190349e-7,3.83917182489e-7,1.40650598723e-7,2.90838300998e-7,0.00000103344291347,0.00000133974754135,3.18112824971e-7,3.48675399664e-8,1.8073983199e-8,1.25637837911e-8,6.34292751656e-9,1.30984267876e-9,3.60914143016e-9,1.05844314646e-7]},"barkbands_crest":{"dmean":3.13805389404,"dmean2":5.28198289871,"dvar":6.74571228027,"dvar2":18.5548381805,"max":25.8434867859,"mean":13.3600683212,"median":13.4452362061,"min":3.37062644958,"var":17.1770706177},"barkbands_flatness_db":{"dmean":0.0760434046388,"dmean2":0.127092018723,"dvar":0.00574990641326,"dvar2":0.014456066303,"max":0.74169421196,"mean":0.287406474352,"median":0.274444580078,"min":0.0221891403198,"var":0.0154688572511},"barkbands_kurtosis":{"dmean":21.3132572174,"dmean2":35.8612480164,"dvar":1338.10778809,"dvar2":3496.43017578,"max":821.023925781,"mean":29.9759902954,"median":16.2943649292,"min":-1.88045287132,"var":1718.90600586},"barkbands_skewness":{"dmean":1.38062155247,"dmean2":2.28120827675,"dvar":2.17424750328,"dvar2":5.76556491852,"max":22.0632991791,"mean":3.54570198059,"median":3.17962169647,"min":-2.30441713333,"var":4.82977485657},"barkbands_spread":{"dmean":3.50127768517,"dmean2":5.58178710938,"dvar":30.8407707214,"dvar2":68.284942627,"max":128.044006348,"mean":7.8213133812,"median":4.07643604279,"min":0.18125833571,"var":124.335205078},"dissonance":{"dmean":0.034038849175,"dmean2":0.0574485659599,"dvar":0.00131910142954,"dvar2":0.00346514489502,"max":0.500000119209,"mean":0.446307957172,"median":0.459737896919,"min":0.13489086926,"var":0.00224259798415},"dynamic_complexity":3.12156653404,"erbbands":{"dmean":[2.31055545807,4.58108329773,5.9964132309,8.8370513916,10.9785346985,11.9280633926,11.6090774536,12.2307395935,12.0197820663,12.1359148026,9.72550964355,12.5896110535,10.2755317688,11.7366161346,9.69892787933,11.4574241638,11.0808229446,8.27283287048,7.30115699768,4.93922805786,4.10935354233,4.42635774612,6.12638139725,6.39705228806,5.79463481903,3.48281335831,2.08944392204,1.5412402153,1.27478313446,1.03492319584,0.847250163555,0.556085884571,0.334200501442,0.179519370198,0.070295907557,0.0630121007562,0.0372808687389,0.0154020935297,0.00485686352476,0.00174003839493],"dmean2":[3.56466174126,7.97226667404,10.6318883896,15.1920585632,18.5235614777,20.2204990387,19.3677310944,20.3907184601,19.6702423096,19.9798126221,16.4335441589,21.1671848297,17.5558643341,19.9080104828,16.5631885529,19.5292987823,18.5206298828,13.8781147003,12.3199367523,8.28740501404,6.79632711411,6.98700809479,9.64548969269,9.4109172821,7.93797922134,5.18165254593,3.31849598885,2.52870082855,2.1371114254,1.72863650322,1.40571904182,0.907748043537,0.574640452862,0.302507907152,0.125069364905,0.106426402926,0.0619253739715,0.0254003051668,0.00725478259847,0.00261604296975],"dvar":[10.0928907394,40.9889183044,88.0845718384,176.065658569,272.599243164,416.428192139,427.693328857,640.307434082,409.222839355,645.630004883,337.001831055,674.038879395,315.689910889,460.092590332,372.095550537,671.425415039,1430.81591797,397.320800781,522.726074219,237.830093384,155.797012329,301.320159912,845.21496582,838.407043457,622.926086426,170.366912842,46.9547996521,16.2254314423,17.9945278168,11.1778669357,8.62738323212,2.78425216675,0.904978990555,0.255507290363,0.0224436745048,0.0260546486825,0.00986749771982,0.00187673897017,0.000163114615134,0.0000115623670354],"dvar2":[23.3092880249,114.473014832,252.899002075,481.270782471,728.505981445,1146.04406738,1098.63085938,1657.29125977,985.131530762,1406.48852539,918.865539551,1715.16687012,833.2734375,1224.16784668,986.715515137,1805.62744141,4081.00195312,1132.10412598,1390.50109863,630.483215332,379.821929932,688.326843262,2100.4597168,1783.54223633,1043.63671875,323.709716797,105.00138855,37.5932426453,43.0126037598,27.902141571,21.9400978088,6.41462182999,2.16437101364,0.591913282871,0.0537586808205,0.0618728064001,0.0231837518513,0.00452263327315,0.000298395316349,0.0000233321534324],"max":[35.738571167,102.096885681,129.999176025,247.154785156,233.528778076,324.404083252,400.270965576,648.269104004,563.354797363,989.997497559,547.202819824,767.951599121,373.792785645,601.66607666,547.390441895,753.596435547,2000.38330078,561.24029541,949.878845215,559.880981445,520.622497559,685.952697754,1317.57531738,1291.04882812,999.472839355,360.633026123,224.24118042,78.6576843262,79.8993759155,55.4059791565,50.4058113098,25.9054794312,15.4256896973,8.31713676453,1.79079437256,2.38463234901,1.38024449348,0.635889708996,0.495117396116,0.162487521768],"mean":[3.51928830147,6.224152565,7.28810977936,11.9559593201,15.4923295975,17.2404575348,16.8743171692,17.4631080627,19.8730258942,19.7097530365,14.3522100449,18.2752380371,14.7055664062,17.0436401367,14.2823295593,16.4460201263,16.4306621552,12.3174161911,9.73941516876,7.57864761353,5.76386070251,7.06880426407,9.88206863403,11.560590744,11.215004921,6.15524864197,3.04334592819,2.06508564949,1.49550950527,1.14117753506,0.875981032848,0.58009314537,0.339950323105,0.171771943569,0.0596456900239,0.0607162192464,0.0378136448562,0.0176465604454,0.00932769849896,0.0055723474361],"median":[1.31085324287,3.62959551811,4.04984951019,6.14910030365,7.85314512253,7.24571895599,7.55089759827,7.51854324341,9.05448722839,7.80649471283,6.28363084793,6.68116855621,6.14353704453,6.76317119598,5.66149902344,4.68438816071,3.44717311859,2.6912560463,1.95839428902,1.18601548672,0.705662488937,0.573381543159,0.504462003708,0.465535700321,0.409530699253,0.315142035484,0.219475358725,0.143115475774,0.0801168829203,0.0609578713775,0.0374976173043,0.0188913233578,0.0111084859818,0.00370162865147,0.00127805187367,0.00185969402082,0.00177587708458,0.00144333066419,0.00146626541391,0.00257029896602],"min":[7.58637182696e-23,5.50404131765e-22,1.81759833158e-21,4.95469352744e-21,1.20225734104e-20,1.63893398356e-20,3.948744725e-20,6.90105088202e-20,9.94999402969e-20,9.12258077259e-20,2.56512326868e-19,3.51061785069e-19,3.58441425205e-19,6.21193718271e-19,8.61946031422e-19,9.27570146825e-19,1.30426778419e-18,1.9897316783e-18,2.37838993373e-18,2.40832787485e-18,2.90071375191e-18,4.30329753538e-18,5.21181605833e-18,4.75996285846e-18,7.95244823464e-18,8.17384974303e-18,9.69448977749e-18,1.06647585739e-17,9.73239450188e-18,1.08082892995e-17,1.06433519669e-17,1.09293653801e-17,1.0552483695e-17,8.85544491341e-18,6.19433209094e-18,4.60459228323e-18,2.16743096019e-18,9.17036415314e-19,2.20565022e-19,2.8340820142e-20],"var":[23.9825172424,57.2004470825,95.4588623047,289.94128418,482.299743652,757.775634766,799.283874512,1105.92272949,1325.98425293,1686.17333984,645.288085938,1362.21484375,571.912414551,840.202148438,771.975463867,1283.4173584,1840.33581543,733.766540527,912.628723145,649.890625,384.994171143,995.407287598,2565.73852539,3462.01708984,3022.98168945,633.397277832,115.532669067,37.3532485962,24.8292274475,14.9312105179,10.1842489243,4.08803319931,1.34418237209,0.349851667881,0.027524266392,0.0360876880586,0.0139348898083,0.00268969289027,0.000954397139139,0.0000834433594719]},"erbbands_crest":{"dmean":2.80884075165,"dmean2":4.71466445923,"dvar":7.62905406952,"dvar2":19.4517364502,"max":30.4070549011,"mean":8.26083374023,"median":7.30150222778,"min":1.87287318707,"var":15.8533763885},"erbbands_flatness_db":{"dmean":0.0545550771058,"dmean2":0.0949142128229,"dvar":0.00308577250689,"dvar2":0.00787638407201,"max":0.433077245951,"mean":0.177986055613,"median":0.175886183977,"min":0.0385114997625,"var":0.00525693641976},"erbbands_kurtosis":{"dmean":2.00522851944,"dmean2":3.33219909668,"dvar":23.6790790558,"dvar2":57.9215621948,"max":106.938034058,"mean":1.66033351421,"median":0.377167582512,"min":-1.80292344093,"var":29.5041294098},"erbbands_skewness":{"dmean":0.529047310352,"dmean2":0.851304233074,"dvar":0.313933283091,"dvar2":0.771223127842,"max":8.99346828461,"mean":0.535877943039,"median":0.522730767727,"min":-4.7791686058,"var":0.954696774483},"erbbands_spread":{"dmean":10.8240175247,"dmean2":18.075334549,"dvar":131.009933472,"dvar2":310.055114746,"max":172.959991455,"mean":29.6863441467,"median":25.3548736572,"min":1.65934824944,"var":331.249603271},"gfcc":{"cov":[[28787.15625,-101.621986389,-3152.03027344,591.383300781,-593.192749023,-74.0118179321,-125.019996643,-158.236694336,-386.323455811,58.0586547852,-283.233001709,61.4875183105,-334.770812988],[-101.621986389,2843.51660156,440.565063477,-803.105712891,259.934204102,-189.177703857,260.636779785,-263.901153564,193.626617432,-152.886047363,255.873733521,-199.631393433,175.182266235],[-3152.03027344,440.565063477,1239.07116699,-71.5157165527,-135.518371582,194.096542358,-91.0734024048,101.86265564,76.8653335571,-6.01960277557,43.0232505798,34.2553634644,70.7414169312],[591.383300781,-803.105712891,-71.5157165527,539.968994141,3.71233654022,-1.47089982033,-49.3345527649,100.255577087,-69.4480514526,47.1569290161,-65.1910171509,68.4354019165,-60.3828659058],[-593.192749023,259.934204102,-135.518371582,3.71233654022,314.680450439,-93.5041885376,104.281967163,-60.5379638672,44.0928611755,-44.5503234863,55.5670051575,-52.4691085815,36.0499000549],[-74.0118179321,-189.177703857,194.096542358,-1.47089982033,-93.5041885376,316.642150879,-75.4700622559,77.8875274658,-42.9160575867,51.495639801,-42.2388534546,55.3661956787,-8.06211948395],[-125.019996643,260.636779785,-91.0734024048,-49.3345527649,104.281967163,-75.4700622559,187.148803711,-42.3218383789,28.5525417328,-32.0843925476,46.415802002,-40.3261604309,21.2887210846],[-158.236694336,-263.901153564,101.86265564,100.255577087,-60.5379638672,77.8875274658,-42.3218383789,185.927062988,21.3487415314,36.7808036804,-24.8278560638,62.3427314758,12.6170377731],[-386.323455811,193.626617432,76.8653335571,-69.4480514526,44.0928611755,-42.9160575867,28.5525417328,21.3487415314,123.518463135,15.9220027924,29.6192836761,5.03730726242,29.9364128113],[58.0586547852,-152.886047363,-6.01960277557,47.1569290161,-44.5503234863,51.495639801,-32.0843925476,36.7808036804,15.9220027924,100.691223145,14.8984775543,22.0993328094,-8.59780883789],[-283.233001709,255.873733521,43.0232505798,-65.1910171509,55.5670051575,-42.2388534546,46.415802002,-24.8278560638,29.6192836761,14.8984775543,88.8784561157,-6.13807964325,19.7373733521],[61.4875183105,-199.631393433,34.2553634644,68.4354019165,-52.4691085815,55.3661956787,-40.3261604309,62.3427314758,5.03730726242,22.0993328094,-6.13807964325,87.7035064697,12.7504272461],[-334.770812988,175.182266235,70.7414169312,-60.3828659058,36.0499000549,-8.06211948395,21.2887210846,12.6170377731,29.9364128113,-8.59780883789,19.7373733521,12.7504272461,72.4428482056]],"icov":[[0.0000983553036349,-0.000228252320085,0.000450970896054,-0.00048833922483,0.000558212574106,-0.000325442291796,0.000219922905671,0.0000343606334354,-0.000256108993199,0.000348298955942,-0.000163389864611,0.000156956157298,-0.0000614946475253],[-0.000228252320085,0.0016703462461,-0.00122901645955,0.0018035157118,-0.00109123089351,0.000451939355116,-0.000657116877846,0.000479892623844,-0.000324895372614,0.000572870078031,-0.00186629639938,0.00137431558687,-0.00121892534662],[0.000450970896054,-0.00122901645955,0.00384864280932,-0.00374860363081,0.00449460558593,-0.00359978200868,0.00237218476832,0.0000312480879074,-0.0037033399567,0.00464941840619,-0.00412315828726,0.00346445478499,-0.00257080653682],[-0.00048833922483,0.0018035157118,-0.00374860363081,0.00832023844123,-0.0066742557101,0.00524870911613,-0.00278644054197,-0.00189786532428,0.00627042260021,-0.00693161180243,0.00623410474509,-0.00673871161416,0.00510621536523],[0.000558212574106,-0.00109123089351,0.00449460558593,-0.0066742557101,0.0115389497951,-0.00538829155266,0.00185091351159,0.00174761703238,-0.00749503541738,0.009262974374,-0.00934430677444,0.00891462806612,-0.00675039319322],[-0.000325442291796,0.000451939355116,-0.00359978200868,0.00524870911613,-0.00538829155266,0.00926856137812,-0.00224128272384,-0.00205742334947,0.00770222954452,-0.00921327993274,0.00897466111928,-0.00825955532491,0.00475540617481],[0.000219922905671,-0.000657116877846,0.00237218476832,-0.00278644054197,0.00185091351159,-0.00224128272384,0.00944133102894,0.0000961537080002,-0.00359674333595,0.00536178704351,-0.00638469774276,0.00524586858228,-0.00305653968826],[0.0000343606334354,0.000479892623844,0.0000312480879074,-0.00189786532428,0.00174761703238,-0.00205742334947,0.0000961537080002,0.00948708690703,-0.00386214093305,0.000634571304545,-0.000299011036986,-0.00128074374516,-0.00341514823958],[-0.000256108993199,-0.000324895372614,-0.0037033399567,0.00627042260021,-0.00749503541738,0.00770222954452,-0.00359674333595,-0.00386214093305,0.0190607570112,-0.0122896805406,0.0096337730065,-0.0102545646951,0.00460644299164],[0.000348298955942,0.000572870078031,0.00464941840619,-0.00693161180243,0.009262974374,-0.00921327993274,0.00536178704351,0.000634571304545,-0.0122896805406,0.0260142292827,-0.0187392290682,0.0117675056681,-0.00621422985569],[-0.000163389864611,-0.00186629639938,-0.00412315828726,0.00623410474509,-0.00934430677444,0.00897466111928,-0.00638469774276,-0.000299011036986,0.0096337730065,-0.0187392290682,0.0330336131155,-0.0160756614059,0.00818195007741],[0.000156956157298,0.00137431558687,0.00346445478499,-0.00673871161416,0.00891462806612,-0.00825955532491,0.00524586858228,-0.00128074374516,-0.0102545646951,0.0117675056681,-0.0160756614059,0.030679481104,-0.0136576583609],[-0.0000614946475253,-0.00121892534662,-0.00257080653682,0.00510621536523,-0.00675039319322,0.00475540617481,-0.00305653968826,-0.00341514823958,0.00460644299164,-0.00621422985569,0.00818195007741,-0.0136576583609,0.0261490009725]],"mean":[-72.4918441772,142.092880249,-49.6280250549,6.04182338715,-16.9639873505,-2.05969405174,-0.58606171608,-8.53510761261,-3.34251332283,-4.74292755127,2.05303072929,-3.96815109253,-2.63211846352]},"hfc":{"dmean":38.0829467773,"dmean2":59.4071388245,"dvar":4637.26025391,"dvar2":10753.2382812,"max":1443.59326172,"mean":114.174743652,"median":63.905002594,"min":1.06672636077e-16,"var":20391.2539062},"melbands":{"dmean":[0.0157091822475,0.00381950684823,0.00152574945241,0.000800792535301,0.000413396483054,0.000266227347311,0.000184399221325,0.000126576152979,0.000077158852946,0.0000797497705207,0.0000518233318871,0.0000490978600283,0.0000338010177074,0.000031200608646,0.0000294920973829,0.000022143472961,0.0000155262041517,0.0000124000180222,0.00000867163271323,0.00000585724183111,0.00000487724491904,0.0000046678956096,0.00000495122640132,0.00000648526884106,0.00000543026590094,0.00000471316752737,0.0000039314654714,0.00000209655058825,0.00000150804578425,0.00000103066270185,8.66738560035e-7,7.46350679037e-7,6.62469574308e-7,5.55703081773e-7,5.04678780544e-7,4.07194903573e-7,3.11943466613e-7,2.38741563408e-7,2.02091371193e-7,1.34875676849e-7],"dmean2":[0.0240239556879,0.00669881561771,0.00259646284394,0.00135046092328,0.000689323642291,0.000443390774308,0.000301306485198,0.000208819808904,0.000131993117975,0.000133877663757,0.0000885884292074,0.0000834288439364,0.0000577090177103,0.0000531822697667,0.0000498336812598,0.0000373311486328,0.0000261003679043,0.0000208830006159,0.0000148021754285,0.00000968236963672,0.00000817640375317,0.0000075332131928,0.00000784365784057,0.0000102209087345,0.00000824806011224,0.00000664682193019,0.00000572500675844,0.00000320354797623,0.00000246863510256,0.00000168343865425,0.00000143190334256,0.00000126576128423,0.00000107816879336,9.53187679897e-7,8.55801090438e-7,6.58700571421e-7,5.18213937539e-7,4.16306733086e-7,3.35994599254e-7,2.30604101148e-7],"dvar":[0.000436752423411,0.0000310357900162,0.00000492578783451,0.0000014634370018,4.62058920903e-7,2.83784686417e-7,9.72474296645e-8,6.67838051527e-8,2.06002521708e-8,2.74325273608e-8,7.97734767133e-9,8.22832113556e-9,4.60644411504e-9,4.11545419965e-9,6.07950978448e-9,6.0524856238e-9,1.3550478517e-9,1.3037985136e-9,1.186682419e-9,3.40132644272e-10,2.64382099546e-10,3.22798870966e-10,5.11832798367e-10,1.11619002929e-9,6.63326449324e-10,4.35598473958e-10,3.29968469215e-10,6.04202243792e-11,2.852497058e-11,8.09051176748e-12,5.34929262344e-12,6.18590161733e-12,5.17884042942e-12,3.0524643143e-12,3.27681718565e-12,1.55047654403e-12,8.52841289343e-13,4.54710379592e-13,3.62698830388e-13,1.4003781587e-13],"dvar2":[0.00100036431104,0.0000881035157363,0.0000134062847792,0.00000398268684876,0.00000119913124763,7.41308554097e-7,2.30937104106e-7,1.48499609054e-7,5.65162068256e-8,6.9143581527e-8,2.11634869629e-8,2.18760831672e-8,1.24756711628e-8,1.10085158767e-8,1.63555196053e-8,1.75787508994e-8,3.800655346e-9,3.44859873991e-9,3.3365821217e-9,8.55968240732e-10,6.70248745394e-10,7.73731523296e-10,1.25759858083e-9,2.80974155054e-9,1.52236034889e-9,7.94862564657e-10,7.03212710285e-10,1.15750700691e-10,6.75251382587e-11,1.86239652172e-11,1.25906481421e-11,1.51689754507e-11,1.21854878618e-11,7.84932188691e-12,8.56680698602e-12,3.55556491367e-12,1.98572386832e-12,1.10950669225e-12,8.67741154539e-13,3.21593717368e-13],"max":[0.246757492423,0.0705350935459,0.0347880758345,0.019610311836,0.0114584974945,0.013473524712,0.00896754860878,0.00981169566512,0.00401162402704,0.00497083505616,0.00186266144738,0.00266186823137,0.00197500037029,0.00158683035988,0.00290740351193,0.00408656569198,0.000855092890561,0.0012024854077,0.00167542533018,0.000888054841198,0.000610973278526,0.000732587941457,0.000849444360938,0.00159335427452,0.00114984659012,0.000882668246049,0.000639132282231,0.00023807764228,0.000152343403897,0.0000983697245829,0.0000415265458287,0.0000442930249847,0.0000414079768234,0.0000271883054666,0.0000310262184939,0.0000210038961086,0.0000156838341354,0.000010346558156,0.00001027756025,0.00000619290631221],"mean":[0.0257803108543,0.00512685067952,0.00219599949196,0.00119110313244,0.000628828536719,0.000382495898521,0.000308293820126,0.000204671596293,0.000109816566692,0.000114833506814,0.0000714435809641,0.0000692041430739,0.0000478989350086,0.0000426848746429,0.0000423342789873,0.0000317685298796,0.0000218750137719,0.0000160049803526,0.0000117758345368,0.00000863672357809,0.00000628001953373,0.00000700226519257,0.00000778212688601,0.0000098669252111,0.00000924885625864,0.00000880169773154,0.00000674506509313,0.0000034460263123,0.00000206551203519,0.00000133951505177,0.00000113698376936,8.65064293976e-7,7.21583489849e-7,5.96887446136e-7,5.149977369e-7,4.23802021032e-7,3.21156420569e-7,2.37172315565e-7,2.02095350232e-7,1.25935983419e-7],"median":[0.0113216713071,0.00312195345759,0.00117979734205,0.000571560580283,0.000287704286166,0.000165956269484,0.000134350251756,0.000080899844761,0.0000467625941383,0.0000402666883019,0.0000291901706078,0.0000268220283033,0.000017886475689,0.0000129347654365,0.00000969288885244,0.0000062296694523,0.00000455498366136,0.00000313782948069,0.00000181942436939,0.00000114001954898,7.19341073818e-7,5.84109159263e-7,4.64563669311e-7,4.16265550029e-7,3.56370549071e-7,3.05714763726e-7,2.53280518336e-7,1.87295654541e-7,1.3940007193e-7,1.00041440021e-7,7.37801855166e-8,4.57385240793e-8,3.33848504397e-8,3.29498490714e-8,2.1813020723e-8,1.62705475759e-8,9.04753072462e-9,7.94897303535e-9,4.90231544248e-9,2.4309267932e-9],"min":[9.75157409129e-25,1.83519417699e-24,1.40048705036e-24,1.6203161578e-24,1.46780873583e-24,1.53161851117e-24,1.42343550713e-24,1.03107571579e-24,1.98504008088e-24,1.92259069618e-24,1.69906439488e-24,2.50185125888e-24,2.35536826903e-24,1.82662261161e-24,2.92250029254e-24,2.25020620784e-24,2.63956172103e-24,2.89842642708e-24,2.53625861055e-24,3.61730274823e-24,3.24880728117e-24,3.28220410202e-24,3.04401958182e-24,4.71809858247e-24,3.27911551436e-24,5.00877686553e-24,4.49137877501e-24,4.33534800442e-24,4.77455854074e-24,4.98997002712e-24,5.70361107288e-24,4.94017673235e-24,4.43281965787e-24,5.70951254131e-24,5.3148489803e-24,5.17928086716e-24,5.40129078057e-24,5.92829009717e-24,7.16206263648e-24,6.0726267937e-24],"var":[0.00109638285358,0.0000379700722988,0.00000856796759763,0.00000273334558187,9.34829017751e-7,5.00679277593e-7,3.2753467849e-7,1.78444651056e-7,3.74754840493e-8,5.63099895601e-8,1.39363249829e-8,1.43429916832e-8,8.64830251857e-9,8.25288726247e-9,1.0348510493e-8,7.38390770749e-9,2.49171150379e-9,2.25088436778e-9,2.08394479451e-9,8.4335310957e-10,5.39687405876e-10,9.46541733882e-10,1.4990910735e-9,3.03432279303e-9,2.31017271979e-9,1.95579752393e-9,1.05004760442e-9,1.95982563511e-10,5.92379131859e-11,1.88435239634e-11,1.14032247187e-11,8.34624817175e-12,6.71722096349e-12,3.98815225636e-12,3.64187889915e-12,2.17678479408e-12,1.26086576076e-12,6.46694774554e-13,5.10560127162e-13,1.85849613151e-13]},"melbands_crest":{"dmean":5.39055776596,"dmean2":8.72627258301,"dvar":22.1074790955,"dvar2":54.3494644165,"max":39.8830718994,"mean":23.9993171692,"median":23.7026119232,"min":1.63203406334,"var":79.6195297241},"melbands_flatness_db":{"dmean":0.0866046994925,"dmean2":0.145923167467,"dvar":0.00738636218011,"dvar2":0.0186055079103,"max":0.899237632751,"mean":0.412423402071,"median":0.404801994562,"min":0.00357275316492,"var":0.0216151885688},"melbands_kurtosis":{"dmean":66.1662216187,"dmean2":108.601112366,"dvar":684219.125,"dvar2":1436146.875,"max":49962.7226562,"mean":79.4342956543,"median":24.7041339874,"min":-1.86394309998,"var":805456.6875},"melbands_skewness":{"dmean":1.92681050301,"dmean2":3.08563280106,"dvar":11.2327671051,"dvar2":25.2386760712,"max":128.095657349,"mean":4.93673801422,"median":4.01907444,"min":-1.93445897102,"var":20.55194664},"melbands_spread":{"dmean":3.26218438148,"dmean2":5.2191824913,"dvar":35.7121772766,"dvar2":81.2374267578,"max":163.934524536,"mean":8.26929187775,"median":3.35098743439,"min":0.0047249882482,"var":364.099517822},"mfcc":{"cov":[[13083.3476562,-1424.75219727,-2035.80273438,420.937133789,-452.220336914,129.428039551,-37.608543396,1.71433520317,-173.173355103,58.4958724976,-76.0228118896,-47.7555236816,-176.023223877],[-1424.75219727,3351.17919922,389.441192627,-317.002655029,15.1041727066,52.0266532898,122.378196716,-54.5003852844,-15.7389717102,54.975353241,62.1665916443,-13.7190713882,28.9201850891],[-2035.80273438,389.441192627,1318.07458496,-175.565933228,131.866714478,4.34068822861,-29.8469524384,53.8617210388,81.7671051025,-56.420211792,32.580581665,52.6376113892,84.6620941162],[420.937133789,-317.002655029,-175.565933228,490.014648438,35.6263237,-25.372926712,23.30509758,16.8349189758,-12.6993083954,37.0230560303,-20.021484375,-4.25636100769,10.932097435],[-452.220336914,15.1041727066,131.866714478,35.6263237,205.150939941,24.8694038391,-2.03874373436,31.1047229767,37.8076324463,-13.1573047638,10.6282615662,12.5595531464,27.7599220276],[129.428039551,52.0266532898,4.34068822861,-25.372926712,24.8694038391,147.464401245,52.8698272705,-10.2923679352,-16.812461853,8.88604831696,6.76836681366,-4.07979059219,-15.4504928589],[-37.608543396,122.378196716,-29.8469524384,23.30509758,-2.03874373436,52.8698272705,137.60723877,18.8597431183,-22.1160125732,24.7198677063,-2.99022841454,-16.4348258972,-7.93998861313],[1.71433520317,-54.5003852844,53.8617210388,16.8349189758,31.1047229767,-10.2923679352,18.8597431183,104.082229614,52.9553604126,-14.0215425491,-8.6809720993,10.6270627975,23.2479476929],[-173.173355103,-15.7389717102,81.7671051025,-12.6993083954,37.8076324463,-16.812461853,-22.1160125732,52.9553604126,112.633743286,-2.98034977913,-1.28027939796,24.1461658478,24.7778873444],[58.4958724976,54.975353241,-56.420211792,37.0230560303,-13.1573047638,8.88604831696,24.7198677063,-14.0215425491,-2.98034977913,84.157081604,25.164598465,-8.34993839264,-5.47026348114],[-76.0228118896,62.1665916443,32.580581665,-20.021484375,10.6282615662,6.76836681366,-2.99022841454,-8.6809720993,-1.28027939796,25.164598465,64.197265625,23.1108570099,3.44452285767],[-47.7555236816,-13.7190713882,52.6376113892,-4.25636100769,12.5595531464,-4.07979059219,-16.4348258972,10.6270627975,24.1461658478,-8.34993839264,23.1108570099,63.6507301331,35.7101325989],[-176.023223877,28.9201850891,84.6620941162,10.932097435,27.7599220276,-15.4504928589,-7.93998861313,23.2479476929,24.7778873444,-5.47026348114,3.44452285767,35.7101325989,68.5894241333]],"icov":[[0.000116464121675,0.000016151847376,0.000150752850459,-0.0000593517943344,0.000203054703888,-0.000225410884013,0.000202179129701,-0.00025711816852,0.000126812199596,-0.0000249130898737,0.0000435579459008,-0.000125032936921,0.000108162850665],[0.000016151847376,0.000362646358553,-0.0000604081105848,0.000219997207751,-0.00000368713244825,0.0000496393513458,-0.000403492042096,0.000301716208924,-0.0000626277978881,-0.000144968827954,-0.000244435388595,0.000284696900053,-0.000333141506417],[0.000150752850459,-0.0000604081105848,0.00117199018132,0.000192082137801,-0.000138745672302,-0.000351253780536,0.000326517561916,-0.000423285324359,-0.000177908004844,0.000583529705182,-0.000499627436511,0.0000867293856572,-0.000815844396129],[-0.0000593517943344,0.000219997207751,0.000192082137801,0.00267708534375,-0.00103895680513,0.000849239237141,-0.000543593021575,-0.000292518670904,0.000808100448921,-0.00178337981924,0.00143444479909,-0.000621586979833,-0.00044341571629],[0.000203054703888,-0.00000368713244825,-0.000138745672302,-0.00103895680513,0.00671032443643,-0.00217384309508,0.000752003863454,-0.000983410747722,-0.00160839082673,0.00181702000555,-0.00232912250794,0.00196833210066,-0.00210751104169],[-0.000225410884013,0.0000496393513458,-0.000351253780536,0.000849239237141,-0.00217384309508,0.00934909004718,-0.00416878331453,0.00189113104716,0.000276014878182,-0.000334010197548,0.000181738403626,-0.00168015260715,0.00230029365048],[0.000202179129701,-0.000403492042096,0.000326517561916,-0.000543593021575,0.000752003863454,-0.00416878331453,0.0114824697375,-0.00526305753738,0.00353386998177,-0.00336664100178,0.00155997241382,0.000692827568855,0.000258119951468],[-0.00025711816852,0.000301716208924,-0.000423285324359,-0.000292518670904,-0.000983410747722,0.00189113104716,-0.00526305753738,0.0164599381387,-0.00782206933945,0.00366582232527,-0.000680912751704,0.00207588076591,-0.00351071101613],[0.000126812199596,-0.0000626277978881,-0.000177908004844,0.000808100448921,-0.00160839082673,0.000276014878182,0.00353386998177,-0.00782206933945,0.0150914592668,-0.00418610591441,0.00371677242219,-0.00537091773003,0.00104010710493],[-0.0000249130898737,-0.000144968827954,0.000583529705182,-0.00178337981924,0.00181702000555,-0.000334010197548,-0.00336664100178,0.00366582232527,-0.00418610591441,0.0185317564756,-0.0103541584685,0.00694009847939,-0.00298478477634],[0.0000435579459008,-0.000244435388595,-0.000499627436511,0.00143444479909,-0.00232912250794,0.000181738403626,0.00155997241382,-0.000680912751704,0.00371677242219,-0.0103541584685,0.0257272068411,-0.0138608356938,0.00575387710705],[-0.000125032936921,0.000284696900053,0.0000867293856572,-0.000621586979833,0.00196833210066,-0.00168015260715,0.000692827568855,0.00207588076591,-0.00537091773003,0.00694009847939,-0.0138608356938,0.0315763838589,-0.0154973929748],[0.000108162850665,-0.000333141506417,-0.000815844396129,-0.00044341571629,-0.00210751104169,0.00230029365048,0.000258119951468,-0.00351071101613,0.00104010710493,-0.00298478477634,0.00575387710705,-0.0154973929748,0.0258319545537]],"mean":[-733.916931152,194.500259399,28.113609314,30.1645812988,8.99880218506,17.4606227875,12.2218399048,8.66901111603,1.63622915745,7.37075233459,3.94116210938,4.02727222443,3.25962924957]},"pitch_salience":{"dmean":0.115287676454,"dmean2":0.188080757856,"dvar":0.00971947424114,"dvar2":0.0242069605738,"max":0.851544559002,"mean":0.414503157139,"median":0.425010323524,"min":0.00662054866552,"var":0.03152602911},"silence_rate_20dB":{"dmean":0.0645234584808,"dmean2":0.129061579704,"dvar":0.0603534951806,"dvar2":0.13761484623,"max":1,"mean":0.927192211151,"median":1,"min":0,"var":0.0675113946199},"silence_rate_30dB":{"dmean":0.13449960947,"dmean2":0.269029766321,"dvar":0.116400383413,"dvar2":0.230512440205,"max":1,"mean":0.570308923721,"median":1,"min":0,"var":0.245058119297},"silence_rate_60dB":{"dmean":0.00227195280604,"dmean2":0.00454442156479,"dvar":0.0022673108615,"dvar2":0.004976734519,"max":1,"mean":0.0244207177311,"median":0,"min":0,"var":0.0238231401891},"spectral_centroid":{"dmean":185.639862061,"dmean2":291.619415283,"dvar":78067.296875,"dvar2":149018.625,"max":11771.5292969,"mean":764.446105957,"median":414.73223877,"min":69.9825439453,"var":1988990.375},"spectral_complexity":{"dmean":3.400431633,"dmean2":5.25516939163,"dvar":14.7754220963,"dvar2":27.8542251587,"max":58,"mean":13.3410949707,"median":11,"min":0,"var":91.630531311},"spectral_contrast_coeffs":{"dmean":[0.0570610910654,0.0532955527306,0.041872061789,0.0417046248913,0.0358330309391,0.0338022038341],"dmean2":[0.0961039662361,0.0900202393532,0.0711640417576,0.0711603611708,0.0618430152535,0.0572618059814],"dvar":[0.00203031208366,0.00185175496154,0.00114097131882,0.00143065664452,0.00117480533663,0.00111261557322],"dvar2":[0.00564195541665,0.00509743252769,0.00318412925117,0.00397083209828,0.00325735844672,0.00281512294896],"max":[-0.384635329247,-0.461120188236,-0.559825062752,-0.506708145142,-0.641741871834,-0.519055426121],"mean":[-0.720556855202,-0.771827101707,-0.822111487389,-0.833814024925,-0.851870894432,-0.797685205936],"median":[-0.724326014519,-0.778215527534,-0.82626914978,-0.842535853386,-0.852933049202,-0.801141500473],"min":[-0.981298923492,-0.979996025562,-0.982396185398,-0.985454320908,-0.972885370255,-0.964843630791],"var":[0.00696967309341,0.00537750916556,0.00328401359729,0.00440929597244,0.00274857506156,0.00390384439379]},"spectral_contrast_valleys":{"dmean":[0.446239382029,0.542855501175,0.621657371521,0.798665165901,0.970795214176,1.21000432968],"dmean2":[0.75350278616,0.912987887859,1.04692816734,1.36668360233,1.68550801277,2.16522836685],"dvar":[0.170434743166,0.286927700043,0.439182668924,0.760360360146,1.1763972044,1.49278330803],"dvar2":[0.4224396348,0.70125234127,1.06636881828,1.943531394,3.02395677567,3.67695641518],"max":[-4.49726486206,-4.43701457977,-5.00410223007,-5.56336784363,-5.12632417679,-8.07471561432],"mean":[-6.41493558884,-6.85505199432,-7.6050696373,-8.48669719696,-8.93424510956,-11.8126478195],"median":[-6.02164077759,-6.40322303772,-7.12067317963,-8.02405166626,-8.54276847839,-11.8558387756],"min":[-28.0323982239,-28.0662994385,-27.9276390076,-27.7461547852,-27.5041770935,-27.4252548218],"var":[7.51207828522,7.50697851181,7.33264446259,7.19403934479,7.56445503235,5.93181610107]},"spectral_decrease":{"dmean":1.6427614824e-8,"dmean2":2.50698182214e-8,"dvar":4.28276031167e-16,"dvar2":9.70424154208e-16,"max":2.73560596398e-9,"mean":-3.16947144086e-8,"median":-1.87493505166e-8,"min":-2.73398143236e-7,"var":1.14378511697e-15},"spectral_energy":{"dmean":0.0625224262476,"dmean2":0.0956497639418,"dvar":0.00615443568677,"dvar2":0.0140421390533,"max":1.05094766617,"mean":0.129979178309,"median":0.0833330452442,"min":9.90574713706e-21,"var":0.016731036827},"spectral_energyband_high":{"dmean":0.000211083926843,"dmean2":0.000334014213877,"dvar":2.84312051235e-7,"dvar2":6.30031365745e-7,"max":0.0121054733172,"mean":0.000315975223202,"median":0.0000306000947603,"min":6.99111808759e-21,"var":7.72508201408e-7},"spectral_energyband_low":{"dmean":0.0562271624804,"dmean2":0.0852936208248,"dvar":0.00509722530842,"dvar2":0.0116487378255,"max":0.937151372433,"mean":0.100776664913,"median":0.0524335950613,"min":1.08161862563e-23,"var":0.0136329801753},"spectral_energyband_middle_high":{"dmean":0.00131384853739,"dmean2":0.00214071990922,"dvar":0.00000548064144823,"dvar2":0.0000133210196509,"max":0.0590583905578,"mean":0.00263914326206,"median":0.00095288088778,"min":1.16860688247e-21,"var":0.0000215985110117},"spectral_energyband_middle_low":{"dmean":0.00694779399782,"dmean2":0.0115146515891,"dvar":0.0000742538250051,"dvar2":0.000198774403543,"max":0.112077444792,"mean":0.0146045349538,"median":0.00958367995918,"min":1.19457118525e-22,"var":0.000210893616895},"spectral_entropy":{"dmean":0.558277010918,"dmean2":0.963217377663,"dvar":0.370063811541,"dvar2":0.945027828217,"max":9.82710552216,"mean":6.87221670151,"median":6.88828659058,"min":4.15521860123,"var":0.801758110523},"spectral_flux":{"dmean":0.0652084574103,"dmean2":0.108207032084,"dvar":0.00446548312902,"dvar2":0.011546490714,"max":0.67386007309,"mean":0.176356002688,"median":0.160500273108,"min":6.37219027544e-11,"var":0.00866753421724},"spectral_kurtosis":{"dmean":24.6600170135,"dmean2":42.4769897461,"dvar":1249.49145508,"dvar2":3352.2956543,"max":337.847930908,"mean":35.9092674255,"median":20.3307266235,"min":-1.25721096992,"var":1655.31567383},"spectral_rms":{"dmean":0.00258448743261,"dmean2":0.00394475599751,"dvar":0.00000643702014713,"dvar2":0.0000145751573655,"max":0.03202053532,"mean":0.0100212600082,"median":0.0090166805312,"min":3.10872052926e-12,"var":0.0000263830534095},"spectral_rolloff":{"dmean":2026.34082031,"dmean2":3931.53833008,"dvar":33092814,"dvar2":86483552,"max":22006.9335938,"mean":2808.87280273,"median":193.798828125,"min":21.533203125,"var":44490908},"spectral_skewness":{"dmean":1.4991093874,"dmean2":2.58133792877,"dvar":3.63231444359,"dvar2":9.61980628967,"max":15.5525741577,"mean":3.9249253273,"median":3.24657940865,"min":-0.0963767170906,"var":5.97927856445},"spectral_spread":{"dmean":1277420,"dmean2":2252241.75,"dvar":1889247035390,"dvar2":4585620504580,"max":42587420,"mean":3848977.75,"median":2781501,"min":515589.34375,"var":24431489450000},"spectral_strongpeak":{"dmean":0.795104503632,"dmean2":1.48505139351,"dvar":44.1257629395,"dvar2":114.297935486,"max":165.21031189,"mean":0.700501382351,"median":0.251405775547,"min":0,"var":34.5973434448},"zerocrossingrate":{"dmean":0.0346192680299,"dmean2":0.0449935458601,"dvar":0.00118242809549,"dvar2":0.00170921324752,"max":0.65478515625,"mean":0.128370657563,"median":0.10498046875,"min":0.00146484375,"var":0.0103782396764}},"metadata":{"audio_properties":{"analysis_sample_rate":44100,"bit_rate":748012,"codec":"alac","downmix":"mix","equal_loudness":0,"length":204.386672974,"lossless":true,"md5_encoded":"e39755602bf1dbc47b6f7fc7cf453539","replay_gain":-6.23274612427,"sample_rate":44100},"tags":{"album":["Delta Machine"],"albumartistsort":["Depeche Mode"],"artist":["Depeche Mode"],"artistsort":["Depeche Mode"],"date":["2013-03-22"],"file_name":"17 - All That's Mine.m4a","isrc":["USQX91300036"],"label":["Venusnote Ltd"],"language":["eng"],"media":["Digital Media"],"mixer":["Flood"],"musicbrainz_albumartistid":["8538e728-ca0b-4321-b7e5-cff6565dd4c0"],"musicbrainz_albumid":["a1897ff1-c34f-495e-9d71-960d409b96df"],"musicbrainz_artistid":["8538e728-ca0b-4321-b7e5-cff6565dd4c0"],"musicbrainz_recordingid":["bd2c214b-d1d1-4073-9b04-de12b097ff05"],"musicbrainz_releasegroupid":["b5d1452c-fd48-4313-a5b2-a4a287c54140"],"musicbrainz_workid":["0c96682d-4b04-45e4-b39b-3d19a8553bad"],"producer":["Ben Hillier"],"script":["Latn"],"title":["All That's Mine"],"tracknumber":["17/17"]},"version":{"essentia":"2.1-beta1","essentia_build_sha":"ca57ba49d9b1854bd80e60cf9ccf267278fb7d6b","essentia_git_sha":"v2.1_beta1-28-g21ef5f4-dirty","extractor":"music 1.0"}},"rhythm":{"beats_count":495,"beats_loudness":{"dmean":0.122700415552,"dmean2":0.218804270029,"dvar":0.0167434029281,"dvar2":0.0454845018685,"max":1.05542230606,"mean":0.160612151027,"median":0.112891867757,"min":0,"var":0.0194059256464},"beats_loudness_band_ratio":{"dmean":[0.145146086812,0.0660370066762,0.0331714265049,0.0189029686153,0.0135470610112,0.047955468297],"dmean2":[0.264606535435,0.118060946465,0.0610908269882,0.0350402332842,0.026216968894,0.0883502662182],"dvar":[0.0239554680884,0.00894632842392,0.00220036460087,0.000835232844111,0.00119190011173,0.00484032602981],"dvar2":[0.0677057206631,0.0250221937895,0.00651205889881,0.00256500113755,0.00351831642911,0.0140219917521],"max":[0.998162090778,0.751546263695,0.353699207306,0.218582972884,0.386322438717,0.465613245964],