{"lowlevel":{"average_loudness":0.897788286209,"barkbands":{"dmean":[0.000153976667207,0.00411257194355,0.00475722271949,0.00300539890304,0.00243038800545,0.00180866383016,0.00120178249199,0.0004729499924,0.000224692121265,0.000161531657795,0.000100134806416,0.0000856271217344,0.000043914620619,0.0000379092343792,0.000062669023464,0.0000351614580723,0.0000565873851883,0.0000331885603373,0.0000654170362395,0.000115272356197,0.0000982734491117,0.0000291017495329,0.0000160936833709,0.000025991064831,0.0000452427921118,0.0000292149525194,0.00000376269031221],"dmean2":[0.000265888695139,0.00758747942746,0.00886164139956,0.00508514558896,0.00372028141282,0.00263785663992,0.00172215746716,0.000659424054902,0.000330975482939,0.000246628187597,0.00015603803331,0.000127052146127,0.0000704417689121,0.000059274265368,0.000101690813608,0.0000555382757739,0.0000905564447748,0.0000528546588612,0.0000934412091738,0.000169334278326,0.000135982074426,0.0000417057199229,0.0000223662245844,0.0000379230259568,0.0000684791448293,0.0000473507607239,0.00000645567934043],"dvar":[3.54803191271e-8,0.000141290802276,0.00018861857825,0.0000271741264442,0.0000115960474432,0.000012221436009,0.000011831584743,0.00000221359596253,2.38089455706e-7,8.22597243655e-8,1.30253340558e-7,2.69405511233e-8,1.43073224379e-8,1.25439294507e-8,1.42542901926e-8,8.25689916439e-9,2.53264254013e-8,5.33584776363e-9,1.88366144016e-7,3.59902230684e-7,3.81790869142e-7,1.35519284683e-8,2.87649282171e-9,7.0551418041e-9,1.95720151197e-8,1.15653779886e-8,1.33083530307e-10],"dvar2":[9.19225797702e-8,0.000398852513172,0.000543106812984,0.0000767373931012,0.000025280049158,0.000023468517611,0.0000243383019551,0.00000441683550889,4.67033459017e-7,1.57617876084e-7,3.06373095782e-7,6.39766568611e-8,3.24934532614e-8,2.68039563878e-8,3.55418166009e-8,1.78851013999e-8,5.92038595926e-8,1.14921823169e-8,3.78693016501e-7,7.52259836645e-7,6.99010456628e-7,2.35656365533e-8,4.52835546838e-9,1.25300632092e-8,4.1952642249e-8,2.78947478449e-8,3.52918083646e-10],"max":[0.003983350005,0.0947033315897,0.12346611917,0.0601600296795,0.055493041873,0.0848062634468,0.105429157615,0.0404357016087,0.0141687644646,0.0112863713875,0.0146582312882,0.00536610046402,0.0046070413664,0.00430489005521,0.00216765841469,0.00332654546946,0.00447088945657,0.00218964135274,0.0189060214907,0.0248313844204,0.0251567848027,0.00495299696922,0.0020238943398,0.00234836223535,0.00349325500429,0.00310053513385,0.000463086325908],"mean":[0.000195986751351,0.00283487746492,0.00383863504976,0.00484192091972,0.00564498919994,0.00450830394402,0.00240145996213,0.00103780918289,0.000504724797793,0.000321489147609,0.000188603939023,0.000191205559531,0.000072975672083,0.0000674743641866,0.0001137083309,0.0000678509968566,0.000114391630632,0.0000657003038214,0.0000967544619925,0.000184709671885,0.000159867136972,0.0000563086832699,0.0000279501164187,0.0000424661084253,0.0000683111138642,0.0000353456707671,0.00000397723943024],"median":[0.000147443584865,0.000294018536806,0.00088977185078,0.00231930124573,0.00299671897665,0.00168858899269,0.000746428151615,0.000309532624669,0.000202226103283,0.000191663493752,0.0000462778261863,0.000108600746898,0.0000329825052177,0.0000300424453599,0.0000576154052396,0.0000333016141667,0.0000366950043826,0.0000292477379844,0.0000341901723004,0.0000433689056081,0.0000186565084732,0.0000173302396433,0.00000843271482154,0.00000845034992381,0.0000168522383319,0.00000581097356189,0.00000108318727143],"min":[2.65877778103e-25,2.07733739843e-24,4.05785094613e-25,4.93800450524e-25,6.8204519435e-24,8.34992071009e-24,5.56862435022e-24,1.09916036781e-23,1.75364504983e-23,1.89092057351e-23,6.43860776663e-24,2.54465670542e-23,2.84595234629e-23,3.05396139859e-23,2.48506962363e-23,5.39191603646e-23,4.15811517705e-23,7.68458311639e-23,1.02978931242e-22,1.97176591054e-22,2.03665268611e-22,3.15590128643e-22,4.11408178173e-22,5.26286848979e-22,8.8591346527e-22,1.11810120529e-21,2.04340167514e-21],"var":[4.31419202584e-8,0.0000854680911289,0.000111430657853,0.0000409002241213,0.0000523769958818,0.0000487135221192,0.0000350501322828,0.00000954896131589,0.00000102629951471,2.98043545399e-7,3.78029056947e-7,6.32727434891e-8,3.27971783065e-8,3.04155776121e-8,2.75944689321e-8,2.13896544921e-8,8.31041262472e-8,1.53537822456e-8,2.91868587965e-7,4.95300639614e-7,0.00000111530471258,4.61845921507e-8,9.27606524925e-9,2.29116707828e-8,4.58870736963e-8,1.70134057953e-8,1.44342274244e-10]},"barkbands_crest":{"dmean":2.3796248436,"dmean2":3.88532018661,"dvar":4.60155010223,"dvar2":11.3493595123,"max":26.8114681244,"mean":11.0547361374,"median":10.3857564926,"min":2.82965612411,"var":16.2885704041},"barkbands_flatness_db":{"dmean":0.0249319598079,"dmean2":0.0393881984055,"dvar":0.000679832999595,"dvar2":0.00174535869155,"max":0.425838679075,"mean":0.160087838769,"median":0.161272346973,"min":0.0364977195859,"var":0.00225831661373},"barkbands_kurtosis":{"dmean":6.58193445206,"dmean2":10.6846265793,"dvar":137.747848511,"dvar2":356.327362061,"max":666.766235352,"mean":16.0934448242,"median":11.212223053,"min":-1.89600384235,"var":1402.72839355},"barkbands_skewness":{"dmean":0.673655867577,"dmean2":1.04855060577,"dvar":0.604719638824,"dvar2":1.45874416828,"max":24.5564250946,"mean":2.80951070786,"median":2.70499873161,"min":-2.31108021736,"var":3.60347533226},"barkbands_spread":{"dmean":4.16000175476,"dmean2":6.4515171051,"dvar":52.109992981,"dvar2":104.346199036,"max":99.3773574829,"mean":11.8911914825,"median":8.28200340271,"min":0.605369329453,"var":140.736526489},"dissonance":{"dmean":0.0205893199891,"dmean2":0.0335551872849,"dvar":0.000354054151103,"dvar2":0.000891209812835,"max":0.5,"mean":0.441713601351,"median":0.447713971138,"min":0.258447855711,"var":0.00128350872546},"dynamic_complexity":3.6157515049,"erbbands":{"dmean":[0.0523849204183,1.18177628517,5.09487390518,8.2253370285,9.18711185455,7.37029981613,13.487859726,14.3026247025,19.9778804779,8.39964580536,11.5325956345,5.73668241501,4.16725635529,5.14465665817,3.33468198776,3.70597314835,2.1215929985,1.88248825073,2.76759433746,2.465893507,2.39014863968,2.61750125885,1.67216336727,2.15839457512,4.00245857239,5.31728315353,5.06528711319,2.94016242027,1.19371521473,0.571870625019,0.481700956821,0.499076873064,0.473464250565,0.454030662775,0.35728520155,0.154637530446,0.0505108311772,0.00803047884256,0.000661929487251,0.000038621481508],"dmean2":[0.0950893685222,2.18232131004,9.46603012085,14.431224823,14.7572660446,11.0940485001,20.3669891357,20.3459625244,29.2500171661,11.6603651047,15.9838209152,8.09847354889,6.23742341995,7.90982151031,5.15608644485,5.47317409515,3.37952136993,2.92667198181,4.35207986832,4.04745531082,3.79107165337,4.06122255325,2.60400485992,3.42841863632,5.7269115448,7.62242174149,7.33234167099,4.51522254944,1.64979922771,0.807478189468,0.674179375172,0.72393912077,0.6961337924,0.68477845192,0.555951178074,0.242777630687,0.0839799270034,0.0136253377423,0.00113018869888,0.0000644557221676],"dvar":[0.0206279587001,11.7544622421,215.363586426,309.601074219,175.088729858,158.392562866,549.742370605,1371.28393555,2815.08300781,592.485595703,1272.06286621,178.807922363,78.8492126465,101.334320068,96.7743759155,50.6547966003,31.6400127411,30.8385620117,32.9787139893,26.4896640778,36.2033996582,62.0415382385,12.6076078415,157.081985474,612.25592041,493.864898682,1103.22875977,393.926025391,25.6179676056,3.96381378174,2.37010025978,2.48334908485,2.41726064682,1.87466621399,1.47878336906,0.394452929497,0.034062396735,0.000692296540365,0.00000333532761942,5.59574298009e-9],"dvar2":[0.0575198717415,33.2139854431,615.999084473,885.907653809,443.831665039,306.827972412,1156.45544434,2634.41845703,5865.55908203,1246.66552734,2387.78125,327.65411377,120.518600464,240.177017212,212.292907715,120.277450562,70.9590911865,67.8145675659,77.4259185791,71.0181427002,84.0100402832,149.015151978,26.2851238251,387.881164551,1049.69482422,997.995849609,2313.47680664,864.665222168,42.4781341553,6.46198129654,4.00551891327,4.38580083847,4.40996980667,3.91424274445,3.31487512589,0.917255938053,0.088499866426,0.00175564177334,0.00000855588405102,1.36893634206e-8],"max":[1.29032421112,25.5859375,127.560028076,174.374450684,222.233291626,246.454589844,423.737182617,950.643188477,1548.78710938,730.954711914,1093.26831055,382.042755127,392.475646973,314.350708008,370.741882324,253.587753296,234.599258423,238.168823242,143.31867981,165.401855469,228.706253052,296.192321777,92.2928085327,440.739318848,1370.70678711,746.85534668,1152.09643555,801.116638184,231.87272644,78.4297790527,50.9030532837,39.5940589905,47.184425354,33.8909378052,28.0691165924,18.5252075195,6.15191841125,0.921777844429,0.0677274540067,0.00168349221349],"mean":[0.0391058698297,0.814747035503,4.04212808609,11.3968172073,19.2622127533,15.8804788589,28.4049034119,36.4449386597,41.4992790222,18.5109577179,26.5202980042,13.6610336304,9.52503585815,10.3158369064,6.9861035347,8.58371162415,4.01773023605,3.58018803596,5.13257169724,4.70436668396,5.15285301208,5.62738656998,3.72784805298,3.72567486763,6.53457689285,8.80296707153,7.90658855438,4.73366880417,2.2392988205,1.09897315502,0.820789635181,0.833776950836,0.764265358448,0.72306895256,0.487086087465,0.20633842051,0.0551164895296,0.00820322986692,0.000704711652361,0.0000648845962132],"median":[0.00548283336684,0.0826762765646,0.933057546616,5.42441892624,10.6337356567,7.15926265717,14.8726797104,10.709690094,12.5857429504,6.70911598206,8.52711486816,5.29312372208,4.81220531464,6.08463191986,3.23858833313,4.94267654419,2.08023071289,1.75100803375,2.63807988167,2.30005216599,2.27339720726,1.87909591198,1.66441226006,1.72624361515,2.13704395294,2.17507529259,0.987076997757,0.646215677261,0.590572714806,0.389312028885,0.229903697968,0.185029238462,0.155042082071,0.175582498312,0.0960351005197,0.0362845435739,0.00853106193244,0.00144590227865,0.000191855127923,0.000041167033487],"min":[7.91472350362e-23,3.8865076537e-22,6.0728042243e-22,2.09047241213e-21,1.36503331856e-20,1.91115363016e-20,3.52910081374e-20,8.66670861231e-20,1.16964579386e-19,2.3433582144e-19,3.02535156885e-19,3.15715530314e-19,5.28377642893e-19,8.65243690331e-19,2.77966264181e-19,1.79799720937e-18,1.4743245376e-18,1.48890101096e-18,1.94159038703e-18,3.06884979194e-18,2.99866144902e-18,3.76833874013e-18,5.1794811546e-18,5.37429542374e-18,8.23446305678e-18,9.85265415524e-18,9.92984499564e-18,9.05235029515e-18,1.12139031031e-17,1.13681441632e-17,1.05327347579e-17,1.00244703218e-17,9.40288545051e-18,8.56300182529e-18,5.32342298889e-18,3.84289583746e-18,2.12763406014e-18,9.62443254269e-19,2.56620429034e-19,2.73786733803e-20],"var":[0.0134938769042,7.06219816208,128.435699463,278.21282959,580.074035645,645.839294434,1534.73925781,5176.140625,8774.98339844,1310.76147461,6352.6015625,792.476745605,432.305725098,241.663696289,283.966491699,122.074417114,81.9845352173,77.4066085815,64.8319320679,63.1473464966,117.275123596,193.327819824,49.2067298889,161.013076782,1193.24145508,831.513244629,2373.9921875,947.847839355,86.8612670898,13.5118961334,7.51455497742,8.02000999451,7.34412050247,4.82049703598,2.91258215904,0.641176700592,0.0408028699458,0.000807702541351,0.00000400511271437,8.53075832197e-9]},"erbbands_crest":{"dmean":2.43405222893,"dmean2":3.82145690918,"dvar":5.2039141655,"dvar2":12.240228653,"max":27.3747940063,"mean":10.1486282349,"median":9.21152496338,"min":2.13221931458,"var":19.8772068024},"erbbands_flatness_db":{"dmean":0.0188488420099,"dmean2":0.0276637468487,"dvar":0.000275625992799,"dvar2":0.000613843905739,"max":0.322810024023,"mean":0.153783813119,"median":0.15516577661,"min":0.0234266649932,"var":0.00115569087211},"erbbands_kurtosis":{"dmean":1.30969905853,"dmean2":2.02135920525,"dvar":2.81470370293,"dvar2":6.47634029388,"max":32.9778366089,"mean":1.94832801819,"median":0.965614676476,"min":-1.77575290203,"var":10.2993974686},"erbbands_skewness":{"dmean":0.369374871254,"dmean2":0.543935835361,"dvar":0.134083196521,"dvar2":0.255579382181,"max":4.80298137665,"mean":1.09016859531,"median":1.15452325344,"min":-4.45567941666,"var":0.910923302174},"erbbands_spread":{"dmean":7.87079143524,"dmean2":12.0065517426,"dvar":87.2390060425,"dvar2":197.097015381,"max":138.613510132,"mean":36.6227226257,"median":33.6667938232,"min":6.01890563965,"var":272.532531738},"gfcc":{"cov":[[28068.5371094,1635.30859375,-1482.5213623,494.386505127,-1822.79248047,-98.4334182739,-1153.21826172,115.612411499,-999.026977539,113.523132324,-564.112060547,-213.4112854,-306.645568848],[1635.30859375,1043.67773438,-252.989471436,-63.7683334351,42.7036437988,-80.8161239624,4.68799066544,-61.9228630066,40.0331115723,-109.481468201,17.6957893372,-2.09433317184,-0.0067818723619],[-1482.5213623,-252.989471436,588.11932373,41.3471412659,80.3501205444,115.345420837,95.3810272217,56.3903465271,12.491194725,57.2705574036,15.6675157547,26.5615367889,28.3974018097],[494.386505127,-63.7683334351,41.3471412659,250.295349121,33.879776001,33.333694458,16.8424186707,17.5280284882,-8.58155441284,30.2073059082,-8.32432365417,-12.153845787,20.6015110016],[-1822.79248047,42.7036437988,80.3501205444,33.879776001,411.776428223,26.3483905792,95.169921875,8.68603610992,116.059379578,-27.7346744537,39.2734718323,34.8327140808,45.5472106934],[-98.4334182739,-80.8161239624,115.345420837,33.333694458,26.3483905792,152.383911133,66.3796386719,15.3381376266,1.52069115639,26.6834068298,-7.01958703995,2.97341918945,3.66596794128],[-1153.21826172,4.68799066544,95.3810272217,16.8424186707,95.169921875,66.3796386719,200.258300781,10.3148765564,57.1471672058,5.93515825272,19.4145030975,3.03189682961,5.98671150208],[115.612411499,-61.9228630066,56.3903465271,17.5280284882,8.68603610992,15.3381376266,10.3148765564,93.3436431885,7.78578710556,21.3019218445,1.3438526392,-1.7422349453,3.01059246063],[-999.026977539,40.0331115723,12.491194725,-8.58155441284,116.059379578,1.52069115639,57.1471672058,7.78578710556,118.966506958,3.29790639877,30.9448833466,9.68945598602,3.50372242928],[113.523132324,-109.481468201,57.2705574036,30.2073059082,-27.7346744537,26.6834068298,5.93515825272,21.3019218445,3.29790639877,81.91355896,14.3378992081,-5.76361560822,-6.16386127472],[-564.112060547,17.6957893372,15.6675157547,-8.32432365417,39.2734718323,-7.01958703995,19.4145030975,1.3438526392,30.9448833466,14.3378992081,89.9624862671,25.5888538361,6.09824752808],[-213.4112854,-2.09433317184,26.5615367889,-12.153845787,34.8327140808,2.97341918945,3.03189682961,-1.7422349453,9.68945598602,-5.76361560822,25.5888538361,68.9563903809,24.9594802856],[-306.645568848,-0.0067818723619,28.3974018097,20.6015110016,45.5472106934,3.66596794128,5.98671150208,3.01059246063,3.50372242928,-6.16386127472,6.09824752808,24.9594802856,67.7884140015]],"icov":[[0.000206685319426,-0.000500505208038,0.000351537397364,-0.000515360792633,0.000372196809622,-0.000432333588833,0.00072421313962,-0.000695551570971,0.000999282929115,-0.000793589802925,0.000848270079587,-0.000596981728449,0.00070418487303],[-0.000500505208038,0.00246209534816,-0.000473804742796,0.00129464978818,-0.000843533896841,0.00119455112144,-0.00194859760813,0.00199761334807,-0.00280379480682,0.00331685622223,-0.00249376520514,0.00170647911727,-0.0018307211576],[0.000351537397364,-0.000473804742796,0.00302186678164,-0.000759240938351,0.000282012129901,-0.00179008906707,0.000537861487828,-0.00197681947611,0.00217533740215,-0.00218816753477,0.00136111595202,-0.00159410957713,0.000655714073218],[-0.000515360792633,0.00129464978818,-0.000759240938351,0.00594289973378,-0.00162883766461,0.00057041249238,-0.00197204365395,0.00140034512151,-0.00150315964129,0.0001243094448,-0.00171144912019,0.00280388398096,-0.0034330682829],[0.000372196809622,-0.000843533896841,0.000282012129901,-0.00162883766461,0.00483932858333,-0.00114095280878,0.000761266681366,-0.0012913197279,-0.00185021432117,0.000813920458313,0.000941862934269,-0.00158150936477,-0.000472067593364],[-0.000432333588833,0.00119455112144,-0.00179008906707,0.00057041249238,-0.00114095280878,0.0102227488533,-0.0043648914434,0.00143973808736,-0.000792848994024,-0.000555693812203,-0.0000153553864948,0.000266714108875,-0.000950095010921],[0.00072421313962,-0.00194859760813,0.000537861487828,-0.00197204365395,0.000761266681366,-0.0043648914434,0.00990113429725,-0.00234377826564,0.000781921145972,-0.00195022241678,0.00203204806894,-0.00102456077002,0.00258076097816],[-0.000695551570971,0.00199761334807,-0.00197681947611,0.00140034512151,-0.0012913197279,0.00143973808736,-0.00234377826564,0.01436831709,-0.00427585281432,0.00059982429957,-0.00247648940422,0.00256764376536,-0.00283205858432],[0.000999282929115,-0.00280379480682,0.00217533740215,-0.00150315964129,-0.00185021432117,-0.000792848994024,0.000781921145972,-0.00427585281432,0.0188851840794,-0.00635921955109,0.00196403660811,-0.00292739178985,0.0048193144612],[-0.000793589802925,0.00331685622223,-0.00218816753477,0.0001243094448,0.000813920458313,-0.000555693812203,-0.00195022241678,0.00059982429957,-0.00635921955109,0.021423175931,-0.00756715470925,0.00433874502778,-0.00172200612724],[0.000848270079587,-0.00249376520514,0.00136111595202,-0.00171144912019,0.000941862934269,-0.0000153553864948,0.00203204806894,-0.00247648940422,0.00196403660811,-0.00756715470925,0.0182435307652,-0.00786728411913,0.00355135230348],[-0.000596981728449,0.00170647911727,-0.00159410957713,0.00280388398096,-0.00158150936477,0.000266714108875,-0.00102456077002,0.00256764376536,-0.00292739178985,0.00433874502778,-0.00786728411913,0.0214884877205,-0.00851843692362],[0.00070418487303,-0.0018307211576,0.000655714073218,-0.0034330682829,-0.000472067593364,-0.000950095010921,0.00258076097816,-0.00283205858432,0.0048193144612,-0.00172200612724,0.00355135230348,-0.00851843692362,0.0213834159076]],"mean":[-50.037197113,99.3267211914,-84.4735336304,19.7474327087,-59.0624885559,-6.75331830978,-41.6262702942,1.63448512554,-34.072265625,-0.759691953659,-20.4034900665,-4.37923955917,-10.8919363022]},"hfc":{"dmean":4.00651931763,"dmean2":5.63423347473,"dvar":55.7226638794,"dvar2":99.3635864258,"max":216.229446411,"mean":11.9487743378,"median":8.28065681458,"min":1.08683505529e-16,"var":221.101394653},"melbands":{"dmean":[0.000807325006463,0.00234626582824,0.00142699759454,0.000578677980229,0.000411253102357,0.000317843805533,0.000294515077258,0.0000865361507749,0.0000891134113772,0.0000318292186421,0.0000209430909308,0.0000217138876906,0.0000137434863063,0.0000102330641312,0.000006131572718,0.00000403187959819,0.00000364606421499,0.00000429965712101,0.00000397257872464,0.00000258797717834,0.00000344464319824,0.00000332936269842,0.00000215452450902,0.0000015167042875,0.00000182236374258,0.00000282353994407,0.00000338907716468,0.00000386773035643,0.00000355790257345,0.00000275950310424,0.00000145061949297,7.32116802737e-7,4.87968293328e-7,2.8920894124e-7,2.83129907075e-7,2.82904522919e-7,3.30658394887e-7,3.30226072265e-7,3.77206021085e-7,4.07180465345e-7],"dmean2":[0.00148176110815,0.00433634594083,0.00246815150604,0.000889534596354,0.000620742270257,0.000457197718788,0.000429392384831,0.000121108532767,0.000123488920508,0.0000461066010757,0.0000315084180329,0.0000333638236043,0.0000213637140405,0.0000152934462676,0.00000928128429223,0.0000064588521127,0.00000564273068449,0.0000067498599492,0.00000647460001346,0.00000421279582952,0.00000557653311262,0.00000520401954418,0.00000326819667862,0.00000245789988185,0.0000029763045859,0.00000420438072979,0.00000488009891342,0.00000569075245949,0.00000545460034118,0.00000386411647924,0.00000228940075431,0.0000010474126384,7.29505472918e-7,4.17092962834e-7,4.05622415656e-7,4.15885580196e-7,4.9058832019e-7,4.94374887694e-7,5.66629523746e-7,6.25894188033e-7],"dvar":[0.00000530077704752,0.0000455243898614,0.00000731548743715,7.11407437848e-7,4.71344577591e-7,5.6019416661e-7,6.1824664499e-7,6.48309139706e-8,7.49376596332e-8,5.19581089264e-9,1.95849003681e-9,1.64393154645e-9,2.15698992001e-9,4.15964263034e-10,1.32522798291e-10,1.6512405332e-10,1.14882596491e-10,9.49089834501e-11,5.64869782893e-11,3.07783520892e-11,8.58115523084e-11,1.07711055353e-10,2.40382956596e-11,1.09973679469e-11,1.30290708777e-10,4.61369720206e-10,2.51127535433e-10,3.35297345444e-10,7.82682030298e-10,4.34540375904e-10,8.10487510439e-11,1.07614299416e-11,3.29454193961e-12,1.11175998962e-12,8.5782563778e-13,8.03481847028e-13,1.14826670308e-12,1.31145517623e-12,1.24121784899e-12,1.69726960351e-12],"dvar2":[0.0000148949111463,0.000129572552396,0.000020838000637,0.0000015199786958,0.00000100600050246,0.00000105749029444,0.00000127717862597,1.36934175998e-7,1.32474212933e-7,9.78305614296e-9,3.02699754151e-9,3.93085430872e-9,4.90116702778e-9,1.00930519498e-9,3.16207393602e-10,3.48492706914e-10,2.40360731318e-10,2.24331192511e-10,1.44858833262e-10,7.56547047231e-11,2.02053457299e-10,2.59523208479e-10,5.0670145163e-11,2.50885284769e-11,3.33257393903e-10,1.03371267102e-9,3.8539590963e-10,7.36044003524e-10,1.85201520786e-9,8.57036552837e-10,1.98876512481e-10,1.94515098473e-11,7.46054346773e-12,1.994024737e-12,1.54335040841e-12,1.45395240986e-12,2.14161978082e-12,2.48005240476e-12,2.4416762015e-12,3.80635540448e-12],"max":[0.0195410232991,0.0542746037245,0.0258899405599,0.0155092831701,0.0110113024712,0.0190249234438,0.0236430987716,0.00662070186809,0.00905227381736,0.0020564540755,0.00199441774748,0.00114757334813,0.00194198486861,0.000620836974122,0.000276359263808,0.000583502987865,0.000421113480115,0.000261937268078,0.000131726395921,0.000179369264515,0.000324996275594,0.00035422493238,0.000142176693771,0.000139049996505,0.000421132048359,0.000867522729095,0.000986877945252,0.000643317005597,0.00115304708015,0.000925909378566,0.000314426288242,0.000154693465447,0.0000774952131906,0.000038727575884,0.0000284359775833,0.0000271389108093,0.0000257886313193,0.0000326699846482,0.0000326095141645,0.0000336718221661],"mean":[0.000574185687583,0.00178810174111,0.00222251564264,0.00130902719684,0.000891738221981,0.000818951637484,0.000613507523667,0.000185809025425,0.000205736927455,0.0000730527171982,0.0000455108020105,0.0000418482231908,0.0000265481594397,0.0000226029151236,0.0000131045781018,0.00000718427463653,0.00000643434532321,0.0000075376674431,0.00000745792158341,0.00000488248178954,0.00000673516979077,0.00000646363832857,0.00000415560862166,0.00000295265431305,0.00000286073259304,0.00000388034413845,0.00000579407560508,0.00000586357600696,0.00000498673171023,0.00000431618764196,0.00000217269143832,0.00000132321304136,8.6283858991e-7,5.02344448705e-7,4.61217297243e-7,4.61298611754e-7,5.29286751316e-7,4.99593738823e-7,6.16684303623e-7,5.98650444772e-7],"median":[0.0000735938956495,0.000340308150044,0.00127423892263,0.000678263022564,0.000487263372634,0.000254574377323,0.000187571946299,0.0000651701702736,0.0000665148763801,0.0000293448301818,0.0000229026500165,0.0000249051245191,0.00000864157300384,0.0000128252513605,0.00000756312965677,0.00000343388364854,0.0000028877927889,0.00000369195436178,0.00000381408631256,0.00000247981688517,0.00000258475984083,0.00000188463639006,0.00000134892479764,0.00000150297682922,0.00000119941819321,0.00000117171930469,0.00000156809824148,0.00000123302879729,5.87778345107e-7,4.02759695817e-7,3.16001887768e-7,3.29716584702e-7,2.61942659563e-7,1.66991668493e-7,1.20022093597e-7,1.15308139925e-7,1.00404164982e-7,8.00617243613e-8,1.50659715814e-7,1.26237949871e-7],"min":[9.72947612519e-25,3.3652732261e-25,3.29515828277e-25,9.97456633375e-25,1.74088427805e-24,1.72901349915e-24,1.85774021609e-24,2.71984271485e-24,1.60055696707e-24,2.23068643638e-24,2.7024045501e-24,2.97164948237e-24,7.78907156927e-25,1.83888486274e-24,2.35120840827e-24,2.90396620278e-24,2.33619382144e-24,3.17018822006e-24,2.84122138967e-24,3.10958615039e-24,3.47071267052e-24,2.74922995293e-24,3.42332934581e-24,3.08416905202e-24,2.87003335094e-24,3.14861050772e-24,4.29707760089e-24,5.97344765082e-24,5.42861613347e-24,4.67850841465e-24,4.90658466843e-24,5.56066987128e-24,5.52470333603e-24,5.17771340054e-24,5.1981839466e-24,6.50221243812e-24,5.35254982625e-24,5.34769241523e-24,6.53407413566e-24,6.15687753281e-24],"var":[0.0000032829536849,0.0000272827437584,0.00000786584678281,0.00000340391056852,0.00000136063715672,0.00000225324970415,0.00000194315703084,1.36380862159e-7,3.67986643823e-7,2.26223892952e-8,1.03398223317e-8,3.67746588736e-9,6.54868514971e-9,8.98956575845e-10,3.19652110337e-10,3.9679703967e-10,3.00830277356e-10,1.78301193254e-10,1.21797613661e-10,7.7381982766e-11,2.51779236349e-10,3.12946085712e-10,8.55319981508e-11,2.62139997209e-11,1.17743328976e-10,6.16870332593e-10,5.35930189116e-10,4.62529792244e-10,1.07046060904e-9,1.04256159261e-9,1.70955860579e-10,3.21030736716e-11,8.49145233295e-12,3.09453244279e-12,2.44891498573e-12,2.40813705782e-12,3.43304811662e-12,3.76074475381e-12,3.34400345955e-12,3.70765310814e-12]},"melbands_crest":{"dmean":3.30757308006,"dmean2":5.44003534317,"dvar":9.18304538727,"dvar2":24.2124557495,"max":39.4947013855,"mean":15.6756496429,"median":15.1656684875,"min":1.64596247673,"var":28.4477729797},"melbands_flatness_db":{"dmean":0.0297303404659,"dmean2":0.0463949143887,"dvar":0.00107175402809,"dvar2":0.00264985254034,"max":0.504732429981,"mean":0.251728326082,"median":0.257375836372,"min":0.002562524518,"var":0.00410104822367},"melbands_kurtosis":{"dmean":11.0617675781,"dmean2":17.9596576691,"dvar":325.44543457,"dvar2":840.854064941,"max":464.654876709,"mean":25.138502121,"median":19.2285270691,"min":-1.90108537674,"var":790.30267334},"melbands_skewness":{"dmean":0.800002276897,"dmean2":1.25381267071,"dvar":0.818809866905,"dvar2":2.00032305717,"max":19.4302635193,"mean":3.4377849102,"median":3.22142982483,"min":-0.222706541419,"var":2.81419348717},"melbands_spread":{"dmean":4.20703411102,"dmean2":6.2090883255,"dvar":93.1670532227,"dvar2":158.320465088,"max":173.625045776,"mean":13.3144416809,"median":7.55321216583,"min":0.734476804733,"var":531.114685059},"mfcc":{"cov":[[8452.01660156,852.23034668,509.44152832,190.240829468,-175.395248413,-251.807754517,-58.3365440369,-331.791931152,-97.4644165039,-143.583526611,-128.809738159,-102.604019165,-47.0768966675],[852.23034668,1280.87878418,-101.378433228,62.1022338867,31.9748706818,-24.4956321716,-49.6092071533,64.0103912354,-37.5714797974,-44.0388412476,-2.16115379333,-86.1027526855,29.7422409058],[509.44152832,-101.378433228,456.91708374,3.65612626076,-53.9162712097,24.9224147797,67.6954345703,-27.5828208923,26.4838485718,-3.28183746338,7.68646812439,11.042183876,10.7514047623],[190.240829468,62.1022338867,3.65612626076,215.484771729,67.5880432129,22.6524238586,28.2550811768,5.87494707108,31.5080986023,15.4583816528,-17.4928741455,19.0473709106,1.42598342896],[-175.395248413,31.9748706818,-53.9162712097,67.5880432129,229.768707275,19.3010005951,13.1514015198,21.7030391693,26.540605545,6.2384929657,-9.4975194931,15.1000642776,5.18988513947],[-251.807754517,-24.4956321716,24.9224147797,22.6524238586,19.3010005951,164.636917114,50.0083808899,36.9300193787,36.5564002991,25.5324630737,10.5522956848,18.3842411041,-6.36235332489],[-58.3365440369,-49.6092071533,67.6954345703,28.2550811768,13.1514015198,50.0083808899,116.058502197,24.6210250854,26.6557044983,29.3200206757,3.70573210716,14.2909040451,4.32510185242],[-331.791931152,64.0103912354,-27.5828208923,5.87494707108,21.7030391693,36.9300193787,24.6210250854,107.855407715,24.8812351227,17.6768779755,10.5689811707,-0.320838361979,8.31283378601],[-97.4644165039,-37.5714797974,26.4838485718,31.5080986023,26.540605545,36.5564002991,26.6557044983,24.8812351227,95.771232605,24.9850463867,-3.7523932457,4.89684581757,-4.01692533493],[-143.583526611,-44.0388412476,-3.28183746338,15.4583816528,6.2384929657,25.5324630737,29.3200206757,17.6768779755,24.9850463867,106.586791992,21.7447719574,11.0547361374,-6.0117650032],[-128.809738159,-2.16115379333,7.68646812439,-17.4928741455,-9.4975194931,10.5522956848,3.70573210716,10.5689811707,-3.7523932457,21.7447719574,88.0225448608,12.816868782,6.81686639786],[-102.604019165,-86.1027526855,11.042183876,19.0473709106,15.1000642776,18.3842411041,14.2909040451,-0.320838361979,4.89684581757,11.0547361374,12.816868782,90.6406555176,12.8161649704],[-47.0768966675,29.7422409058,10.7514047623,1.42598342896,5.18988513947,-6.36235332489,4.32510185242,8.31283378601,-4.01692533493,-6.0117650032,6.81686639786,12.8161649704,66.0547943115]],"icov":[[0.000180945426109,-0.00015342066763,-0.000205347256269,-0.000167940539541,0.0000983964127954,0.000180196831934,-0.000038443471567,0.000490418286063,0.0000220058209379,0.0000505553252879,0.000149339160998,0.0000214783540287,0.000171872743522],[-0.00015342066763,0.00109020050149,0.000257618259639,-0.000331849354552,-0.000133829467813,-0.000171853447682,0.000393430818804,-0.00109855574556,0.000436155882198,0.000244871189352,-0.000298538419884,0.00097041670233,-0.000637202523649],[-0.000205347256269,0.000257618259639,0.00292595406063,0.000156985232024,0.000599683611654,-0.000306293397443,-0.00168929481879,0.000543567235582,-0.000894329277799,0.000588056573179,-0.000539833039511,0.00000850551987241,-0.000723198289052],[-0.000167940539541,-0.000331849354552,0.000156985232024,0.00592223415151,-0.00143495097291,-0.000286585156573,-0.000944898405578,0.000299729872495,-0.00132695201319,-0.000627679051831,0.00108472991269,-0.00132592523005,-0.00000688597674525],[0.0000983964127954,-0.000133829467813,0.000599683611654,-0.00143495097291,0.00521555310115,-0.0000289551535388,-0.00032960466342,-0.000197203102289,-0.000987689709291,0.000328864407493,0.000391478650272,-0.000604957749601,-0.000255574646872],[0.000180196831934,-0.000171853447682,-0.000306293397443,-0.000286585156573,-0.0000289551535388,0.00803171377629,-0.00240825721994,-0.00127651612274,-0.00161267246585,-0.000167713937117,-0.000458802300273,-0.00115233333781,0.0015136571601],[-0.000038443471567,0.000393430818804,-0.00168929481879,-0.000944898405578,-0.00032960466342,-0.00240825721994,0.0122193181887,-0.00217177905142,-0.000340558297466,-0.00226125074551,0.000570376112591,-0.000320438644849,-0.000865233654622],[0.000490418286063,-0.00109855574556,0.000543567235582,0.000299729872495,-0.000197203102289,-0.00127651612274,-0.00217177905142,0.0133315771818,-0.00245885225013,-0.000526226707734,-0.000636738201138,0.000509793288074,-0.00112440681551],[0.0000220058209379,0.000436155882198,-0.000894329277799,-0.00132695201319,-0.000987689709291,-0.00161267246585,-0.000340558297466,-0.00245885225013,0.0135397035629,-0.00213173730299,0.00121684151236,0.000631183327641,0.000628839829005],[0.0000505553252879,0.000244871189352,0.000588056573179,-0.000627679051831,0.000328864407493,-0.000167713937117,-0.00226125074551,-0.000526226707734,-0.00213173730299,0.0115931890905,-0.00288152229041,-0.000393260590499,0.00131505809259],[0.000149339160998,-0.000298538419884,-0.000539833039511,0.00108472991269,0.000391478650272,-0.000458802300273,0.000570376112591,-0.000636738201138,0.00121684151236,-0.00288152229041,0.0130777033046,-0.00177445064764,-0.00092045130441],[0.0000214783540287,0.00097041670233,0.00000850551987241,-0.00132592523005,-0.000604957749601,-0.00115233333781,-0.000320438644849,0.000509793288074,0.000631183327641,-0.000393260590499,-0.00177445064764,0.0133178727701,-0.00289929518476],[0.000171872743522,-0.000637202523649,-0.000723198289052,-0.00000688597674525,-0.000255574646872,0.0015136571601,-0.000865233654622,-0.00112440681551,0.000628839829005,0.00131505809259,-0.00092045130441,-0.00289929518476,0.0168456900865]],"mean":[-694.529052734,140.247573853,19.4524269104,27.6019573212,-0.124606363475,-6.33562755585,-1.44206547737,-8.41599464417,-3.60057711601,-5.98365592957,-8.40743923187,-6.90037155151,0.446718484163]},"pitch_salience":{"dmean":0.0723857805133,"dmean2":0.118817694485,"dvar":0.00486163515598,"dvar2":0.0128031540662,"max":0.864660024643,"mean":0.590049862862,"median":0.603555083275,"min":0.0198021419346,"var":0.0132722686976},"silence_rate_20dB":{"dmean":0,"dmean2":0,"dvar":0,"dvar2":0,"max":1,"mean":1,"median":1,"min":1,"var":0},"silence_rate_30dB":{"dmean":0.016501031816,"dmean2":0.0330082513392,"dvar":0.0162299945951,"dvar2":0.0401671901345,"max":1,"mean":0.987064123154,"median":1,"min":0,"var":0.0127689363435},"silence_rate_60dB":{"dmean":0.01575098373,"dmean2":0.0315078757703,"dvar":0.0155045846477,"dvar2":0.0357655659318,"max":1,"mean":0.0667416602373,"median":0,"min":0,"var":0.0622882246971},"spectral_centroid":{"dmean":184.249771118,"dmean2":276.210906982,"dvar":113146.109375,"dvar2":204918.078125,"max":11747.9199219,"mean":917.5390625,"median":589.102111816,"min":156.953735352,"var":2045863.75},"spectral_complexity":{"dmean":1.95874738693,"dmean2":3.08364582062,"dvar":4.26082420349,"dvar2":8.67074203491,"max":42,"mean":11.5339336395,"median":11,"min":0,"var":25.6527881622},"spectral_contrast_coeffs":{"dmean":[0.0522495955229,0.0432363636792,0.0346663407981,0.0270632915199,0.0231292285025,0.0209076348692],"dmean2":[0.0839761421084,0.0697756186128,0.0557001084089,0.0437129512429,0.036353353411,0.0323711112142],"dvar":[0.00185197649989,0.00141793151852,0.000777930545155,0.000461764837382,0.000393236696254,0.00031407159986],"dvar2":[0.00456307688728,0.00345278298482,0.00202846247703,0.00116977095604,0.000859568710439,0.000748263089918],"max":[-0.270565986633,-0.390147805214,-0.522587776184,-0.631155371666,-0.503100574017,-0.62246799469],"mean":[-0.552435278893,-0.678486227989,-0.755955278873,-0.786692857742,-0.783418774605,-0.789038360119],"median":[-0.548740565777,-0.67898440361,-0.756509304047,-0.787644565105,-0.784676790237,-0.787151098251],"min":[-0.97876560688,-0.980435609818,-0.982783317566,-0.971686601639,-0.966030180454,-0.965360224247],"var":[0.0106755355373,0.00814616493881,0.00363020785153,0.00246531399898,0.00249013327993,0.00173836573958]},"spectral_contrast_valleys":{"dmean":[0.533488035202,0.320138216019,0.311774402857,0.267993301153,0.256124168634,0.377844959497],"dmean2":[0.823240637779,0.519770622253,0.503910183907,0.418273240328,0.377769500017,0.530255019665],"dvar":[0.237358614802,0.097866512835,0.0933239459991,0.077739611268,0.0844668447971,0.15499073267],"dvar2":[0.492050081491,0.214606747031,0.207234069705,0.154122054577,0.152919232845,0.294843792915],"max":[-5.08887863159,-5.17599725723,-6.17449331284,-6.9761838913,-6.06261014938,-7.7954249382],"mean":[-7.99354839325,-7.22738265991,-8.17946338654,-8.88421821594,-8.61255168915,-10.9578208923],"median":[-7.64998006821,-6.77455711365,-7.73853111267,-8.44077014923,-8.18971824646,-10.5902462006],"min":[-28.1072444916,-28.2099952698,-27.8031082153,-27.698589325,-27.4520263672,-27.4413967133],"var":[7.43363857269,7.69169569016,6.96234703064,6.55237770081,6.79206848145,5.69765043259]},"spectral_decrease":{"dmean":3.53972429146e-9,"dmean2":5.97396088153e-9,"dvar":5.24923754381e-17,"dvar2":1.45344408358e-16,"max":2.16597303783e-28,"mean":-7.04884728364e-9,"median":-5.11506126344e-9,"min":-6.03288370371e-8,"var":5.46933706992e-17},"spectral_energy":{"dmean":0.0136238085106,"dmean2":0.022932337597,"dvar":0.000762428564485,"dvar2":0.00210943236016,"max":0.230288505554,"mean":0.02768776007,"median":0.0202706865966,"min":1.00192825229e-20,"var":0.000812393089291},"spectral_energyband_high":{"dmean":0.000271115830401,"dmean2":0.000371571513824,"dvar":0.00000123643837924,"dvar2":0.00000213326552512,"max":0.0370526500046,"mean":0.00049350631889,"median":0.000122053636005,"min":6.72691264175e-21,"var":0.00000402953401135},"spectral_energyband_low":{"dmean":0.0100108776242,"dmean2":0.0181761030108,"dvar":0.000727259146515,"dvar2":0.00205748644657,"max":0.212679669261,"mean":0.0092862509191,"median":0.00317913410254,"min":8.17383512313e-24,"var":0.000460011477116},"spectral_energyband_middle_high":{"dmean":0.000398331147153,"dmean2":0.000573489931412,"dvar":5.48437526504e-7,"dvar2":0.00000103568891063,"max":0.0275749694556,"mean":0.00133903580718,"median":0.000980669399723,"min":1.15591896989e-21,"var":0.0000021366022338},"spectral_energyband_middle_low":{"dmean":0.0060317972675,"dmean2":0.00923246052116,"dvar":0.0000621355502517,"dvar2":0.000142336153658,"max":0.122004263103,"mean":0.0190447531641,"median":0.0140699250624,"min":1.70408432703e-22,"var":0.000275995349512},"spectral_entropy":{"dmean":0.205042913556,"dmean2":0.310149520636,"dvar":0.0389383621514,"dvar2":0.0891299843788,"max":9.823179245,"mean":7.14368772507,"median":7.06510066986,"min":4.32135677338,"var":0.290913850069},"spectral_flux":{"dmean":0.0331374816597,"dmean2":0.0549447089434,"dvar":0.00284864683636,"dvar2":0.00515567790717,"max":0.41651698947,"mean":0.0772346034646,"median":0.0576302707195,"min":6.24997692489e-11,"var":0.00462217396125},"spectral_kurtosis":{"dmean":1.72336161137,"dmean2":2.77677893639,"dvar":3.04758906364,"dvar2":7.5743932724,"max":30.4593887329,"mean":6.15269327164,"median":5.82738494873,"min":-1.27555894852,"var":10.0460834503},"spectral_rms":{"dmean":0.00103536993265,"dmean2":0.001645893557,"dvar":0.00000264147638518,"dvar2":0.00000697939094607,"max":0.0149890528992,"mean":0.00462724501267,"median":0.00444705272093,"min":3.12648518186e-12,"var":0.00000560106354897},"spectral_rolloff":{"dmean":276.496734619,"dmean2":468.902252197,"dvar":899808.375,"dvar2":1922169.625,"max":19659.8144531,"mean":1034.05822754,"median":452.197265625,"min":21.533203125,"var":7044640},"spectral_skewness":{"dmean":0.234962582588,"dmean2":0.363697767258,"dvar":0.0480452366173,"dvar2":0.109721966088,"max":4.52774000168,"mean":1.94581377506,"median":1.96202230453,"min":-0.0914781615138,"var":0.282213330269},"spectral_spread":{"dmean":768009.875,"dmean2":1193116.875,"dvar":1181772939260,"dvar2":2690909995010,"max":50593428,"mean":5390318.5,"median":4609136,"min":1980390.25,"var":23273561653200},"spectral_strongpeak":{"dmean":0.340492248535,"dmean2":0.562775552273,"dvar":0.379128277302,"dvar2":0.95743983984,"max":14.4360790253,"mean":0.820308744907,"median":0.586405456066,"min":0,"var":0.694231152534},"zerocrossingrate":{"dmean":0.00915676169097,"dmean2":0.0112851392478,"dvar":0.000242081048782,"dvar2":0.000285974587314,"max":0.5244140625,"mean":0.0472818091512,"median":0.03173828125,"min":0,"var":0.00472067296505}},"metadata":{"audio_properties":{"analysis_sample_rate":44100,"bit_rate":320000,"codec":"vorbis","downmix":"mix","equal_loudness":0,"length":123.818954468,"lossless":false,"md5_encoded":"9230a005f3bd2464d81b939bc0c6dd95","replay_gain":-7.11770248413,"sample_rate":44100},"tags":{"album":["20 Essential Tracks From the Boxed Set: 1965-1990"],"albumartist":["The Byrds"],"albumartistsort":["Byrds, The"],"artist":["The Byrds"],"artistsort":["Byrds, The"],"asin":["B0000027RW"],"barcode":["074644788426"],"catalognumber":["CK 47884"],"date":["1992-01-14"],"discnumber":["1"],"disctotal":["1"],"file_name":"13 Ballad of Easy Rider.ogg","isrc":["USSM16900073"],"label":["Columbia","Legacy"],"media":["CD"],"musicbrainz_albumartistid":["2819834e-4e08-47b0-a2c4-b7672318e8f0"],"musicbrainz_albumid":["726209f2-8769-425c-9f33-050bbcac5c7a"],"musicbrainz_artistid":["2819834e-4e08-47b0-a2c4-b7672318e8f0"],"musicbrainz_recordingid":["bd369a47-d3e7-4d32-bd8d-40db18d8fcf1"],"musicbrainz_releasegroupid":["0c6ebfa2-71e4-39b8-97d4-dd8131991b50"],"musicbrainz_workid":["e49777b9-d4b4-3c32-ba97-998b19880b10"],"originaldate":["1992-01-14"],"producer":["Bob Irwin","Don DeVito"],"releasecountry":["US"],"releasestatus":["official"],"releasetype":["album","compilation"],"script":["Latn"],"title":["Ballad of Easy Rider"],"totaldiscs":["1"],"totaltracks":["20"],"tracknumber":["13"],"tracktotal":["20"]},"version":{"essentia":"2.1-beta2","essentia_build_sha":"cead25079874084f62182a551b7393616cd33d87","essentia_git_sha":"v2.1_beta2-1-ge3940c0","extractor":"music 1.0"}},"rhythm":{"beats_count":197,"beats_loudness":{"dmean":0.0145010994747,"dmean2":0.025462212041,"dvar":0.000206146258279,"dvar2":0.000589168921579,"max":0.108524471521,"mean":0.0277515910566,"median":0.0272516906261,"min":0,"var":0.000309541152092},"beats_loudness_band_ratio":{"dmean":[0.185464277864,0.1829400