{"lowlevel":{"average_loudness":0.965535521507,"barkbands":{"dmean":[0.000205395408557,0.00626297760755,0.00247931806371,0.00107964791823,0.0016237165546,0.000586234615184,0.000331540388288,0.000295227422612,0.000727638311218,0.000662765465677,0.000258598854998,0.000287302886136,0.000238699503825,0.000600963132456,0.000410853303038,0.000378458556952,0.000424593541538,0.000436157541117,0.000428101979196,0.000280915381154,0.000220172369154,0.00025177752832,0.00017416261835,0.000100306184322,0.000063829786086,0.0000292440181511,0.00000505611569679],"dmean2":[0.000325942150084,0.0108784036711,0.00430362904444,0.00189377856441,0.00285311276093,0.000977103365585,0.000548650161363,0.0004667447065,0.00113407871686,0.000984284444712,0.000415026734117,0.000444524921477,0.000379810197046,0.000978839118034,0.000674328824971,0.000610516173765,0.000703694706317,0.000716615177225,0.00071581278462,0.000459850212792,0.000358232762665,0.000397438619984,0.000270913587883,0.000156674563186,0.000100396515336,0.0000442032178398,0.0000078306065916],"dvar":[1.2334476196e-7,0.00021653076692,0.0000164884986589,0.00000306616561829,0.0000199789010367,0.00000150909716012,5.86201110764e-7,5.88834780046e-7,0.00000276127366305,0.00000282078644886,4.4283973466e-7,3.22785467688e-7,2.24679936878e-7,0.00000109284474092,7.43757482269e-7,3.88325474887e-7,3.09877208338e-7,3.17535921113e-7,2.91652980877e-7,1.30612136218e-7,1.53652976564e-7,2.34616635453e-7,3.39968693197e-7,7.56388658374e-8,2.16905160499e-8,4.0178691485e-9,1.47262299577e-10],"dvar2":[2.90475611564e-7,0.000577206723392,0.0000477364992548,0.00000873391127243,0.0000560723892704,0.00000388733360523,0.00000149818220052,0.00000135992468131,0.00000663955643176,0.00000599205623075,0.00000105274398265,7.41975441088e-7,5.44733950392e-7,0.00000265015637524,0.00000200079375645,9.25189510781e-7,7.92531352545e-7,8.2131043655e-7,7.77588752499e-7,3.24230512661e-7,3.86474880543e-7,4.97359110341e-7,6.31614796021e-7,1.67426634334e-7,5.16531102335e-8,9.20260312398e-9,3.47666562206e-10],"max":[0.00465191481635,0.109266445041,0.0537567548454,0.0251677893102,0.0627985596657,0.019025279209,0.0217279214412,0.0205219183117,0.02811434865,0.0445214025676,0.0171724427491,0.0120875285938,0.0113397315145,0.0221719909459,0.0293703600764,0.0143538340926,0.010002057068,0.00886778626591,0.0118092615157,0.00842609256506,0.00977710448205,0.0128091266379,0.0217215176672,0.00684209819883,0.00464825285599,0.00133733602706,0.000237821048358],"mean":[0.000218480781768,0.00641802093014,0.00487373303622,0.0016253744252,0.00193460087758,0.000852026627399,0.000484289135784,0.000517972453963,0.00122620142065,0.00146223162301,0.000400186894694,0.000556961400434,0.00041849349509,0.00106829672586,0.000727607693989,0.000830386416055,0.000969923508819,0.000952850910835,0.0010255665984,0.000702533638105,0.000529423414264,0.000575901416596,0.000347249180777,0.000218206245336,0.000121321863844,0.0000460118390038,0.00000682951304043],"median":[0.0000478361762362,0.0027165459469,0.00419154111296,0.0010913698934,0.000939252553508,0.00044510117732,0.000241898407694,0.000159245711984,0.000400563003495,0.000337221514201,0.000179962211405,0.000269987474894,0.000234773906413,0.000530553108547,0.000421938631916,0.000582092441618,0.000706650374923,0.000736718648113,0.00084488291759,0.00056002807105,0.000401877681725,0.000417044473579,0.000203805888304,0.000143034849316,0.0000737688606023,0.0000213798939512,0.00000274958415503],"min":[1.84212786992e-24,4.25292426717e-24,1.47264711559e-24,1.21764802519e-24,2.18947539606e-23,8.67303103712e-24,1.44271978388e-23,8.62324996969e-24,1.35687530909e-23,2.33602413746e-23,1.13431240418e-23,1.70680312036e-23,2.9776119692e-23,3.50856710769e-23,5.07206386274e-23,3.67325665224e-23,9.0550061649e-23,9.02202736144e-23,1.60364706145e-22,1.91117369373e-22,2.57158885849e-22,3.35606697874e-22,3.50087962661e-22,7.00125185789e-22,9.64540254057e-22,1.32886969303e-21,2.00916071948e-21],"var":[1.45261466855e-7,0.000163823817275,0.0000187476543942,0.0000033164708384,0.0000147339587784,0.00000199587020688,7.49438811454e-7,0.00000189877175671,0.00000578184835831,0.0000124513016999,8.08005665931e-7,9.27587677779e-7,3.77985173827e-7,0.00000271272301688,9.76011165221e-7,0.00000101107332284,8.80449022134e-7,6.33124216165e-7,6.08931827628e-7,3.51836604295e-7,3.72626601575e-7,5.63160597267e-7,6.26383439339e-7,1.29017749373e-7,3.19420863093e-8,5.97143801073e-9,1.83639964346e-10]},"barkbands_crest":{"dmean":2.73138618469,"dmean2":4.51807355881,"dvar":9.21717453003,"dvar2":23.6111278534,"max":25.4310531616,"mean":8.4898223877,"median":7.54410839081,"min":2.16841053963,"var":15.4585475922},"barkbands_flatness_db":{"dmean":0.0177670437843,"dmean2":0.0285104531795,"dvar":0.000415035668993,"dvar2":0.00101872009691,"max":0.338378220797,"mean":0.0867416039109,"median":0.0788255408406,"min":0.0225004553795,"var":0.0011153712403},"barkbands_kurtosis":{"dmean":1.50610244274,"dmean2":2.55991768837,"dvar":15.2644052505,"dvar2":37.0158920288,"max":121.093666077,"mean":0.241861701012,"median":-0.762442886829,"min":-1.89625930786,"var":18.5210571289},"barkbands_skewness":{"dmean":0.492999941111,"dmean2":0.782843410969,"dvar":0.392376184464,"dvar2":0.932597994804,"max":10.1758289337,"mean":0.746172249317,"median":0.616926550865,"min":-5.67428970337,"var":0.89053350687},"barkbands_spread":{"dmean":7.05094146729,"dmean2":11.3524684906,"dvar":62.545589447,"dvar2":150.540908813,"max":108.843177795,"mean":40.3659172058,"median":40.5066223145,"min":1.87140500546,"var":161.210617065},"dissonance":{"dmean":0.00871557928622,"dmean2":0.0146158486605,"dvar":0.0000836191902636,"dvar2":0.00021368029411,"max":0.500000178814,"mean":0.484002292156,"median":0.48774933815,"min":0.324616998434,"var":0.000195694970898},"dynamic_complexity":2.08612895012,"erbbands":{"dmean":[0.169342368841,1.4713768959,2.84040760994,3.0967066288,5.33455514908,5.03654193878,4.24955749512,5.09562301636,4.84681797028,5.2721953392,7.21114110947,15.4715642929,21.6280784607,11.5829143524,9.9207277298,10.3218994141,10.9951467514,18.4101963043,25.5188179016,21.7144985199,21.0622367859,23.6130962372,23.9433250427,21.5720310211,17.0379142761,12.5772953033,9.49737548828,9.28806972504,9.28450107574,6.78625583649,5.01502418518,2.66403150558,1.44060790539,0.843593001366,0.395933806896,0.189638733864,0.0396041050553,0.00740223517641,0.000972780864686,0.0000421614058723],"dmean2":[0.284680664539,2.6183552742,4.99353122711,5.40101861954,9.55957603455,8.66470909119,7.03010082245,8.46689987183,7.95488166809,8.69891262054,11.2338790894,23.8083724976,32.6083526611,17.3131008148,15.5538244247,15.9605121613,17.2264442444,29.5056858063,41.2803001404,35.2157783508,34.039642334,38.9806175232,39.2023200989,36.0287322998,28.0389232635,20.6025371552,15.5590953827,15.0588293076,14.7251319885,10.6162919998,7.79594230652,4.16191768646,2.23502612114,1.3348338604,0.62598323822,0.292332738638,0.0591416284442,0.0113426623866,0.00149695947766,0.0000659583238303],"dvar":[0.161993786693,12.0515050888,26.4389286041,20.8453540802,217.656280518,173.353652954,95.0821609497,112.152740479,146.7059021,146.142562866,301.230224609,1334.33850098,2600.12280273,687.900634766,540.569335938,378.603912354,435.436859131,1143.84289551,1960.02966309,1340.58300781,1326.30859375,1042.7722168,993.990356445,731.709960938,467.434936523,296.82723999,243.737670898,300.033630371,326.84487915,263.38659668,346.88885498,59.9929008484,16.5544109344,3.79887199402,0.812980234623,0.178433150053,0.00859085191041,0.000349859183189,0.00000525163932252,7.13260650542e-9],"dvar2":[0.407054156065,33.3052330017,76.0371704102,59.3637161255,622.707275391,473.832855225,231.946716309,295.796966553,369.348846436,390.07723999,697.091491699,3272.9987793,5807.96826172,1484.91088867,1303.60742188,876.122924805,1023.1697998,2757.01611328,4927.51171875,3448.59448242,3165.82104492,2664.45214844,2559.17504883,1959.15771484,1194.50683594,722.488342285,624.170654297,722.742858887,696.578125,540.253479004,662.048828125,126.280822754,36.5493125916,8.76408100128,1.99179387093,0.432005643845,0.0196170229465,0.000799675821327,0.0000124538346427,1.71450622588e-8],"max":[2.86770415306,26.5578327179,62.4141159058,54.7092285156,151.091049194,276.554260254,201.919448853,183.005554199,386.695739746,270.646118164,428.266876221,884.038757324,1164.21118164,588.723144531,545.294067383,438.784454346,450.985626221,772.651977539,924.88848877,796.151855469,982.779907227,590.735351563,569.763000488,537.481811523,536.672302246,471.565551758,405.472412109,425.633209229,499.421051025,508.75982666,753.086853027,206.767776489,128.840270996,52.8009109497,27.5668258667,9.78366279602,2.02106738091,0.522609114647,0.0361653268337,0.00147618714254],"mean":[0.149701103568,1.58297646046,5.30815839767,5.94445466995,5.95731306076,6.20668554306,6.14892101288,7.53310728073,7.32203245163,8.39144515991,13.5595531464,26.7432346344,45.1972084045,25.8648681641,18.0350570679,21.2194099426,22.0469322205,35.9593963623,48.5104370117,44.2632369995,48.5695114136,56.8029098511,55.4656410217,52.8648719788,44.807384491,32.2344932556,23.6272659302,21.2442646027,21.0002307892,14.638045311,9.66748046875,5.58976745605,3.07193779945,1.63592326641,0.709376215935,0.288502335548,0.063601963222,0.0112826600671,0.00131971843075,0.0000796401291154],"median":[0.0374462753534,0.804150223732,4.35627412796,4.8130903244,3.21051049232,2.85653972626,2.96841573715,3.95618033409,3.48384475708,3.976572752,5.38330173492,9.61635780334,12.2270050049,9.98191738129,9.08566474915,11.3590698242,12.9155073166,18.8218860626,29.0600242615,28.2177009583,35.2482872009,41.6989021301,44.5170288086,44.3593788147,37.3404922485,25.6413974762,17.3646526337,16.5629997253,15.2736225128,9.29122066498,5.64262151718,3.58034658432,2.03632879257,1.04289758205,0.402546197176,0.135607242584,0.0295318737626,0.0048989825882,0.000544261594769,0.0000558593492315],"min":[9.03337749214e-23,6.22059056224e-22,2.27557144175e-21,6.04636392916e-21,1.40906210692e-20,5.18398451972e-20,3.75755000435e-20,8.38279243798e-20,2.56016974928e-19,3.91768764729e-19,2.02070297479e-19,3.45653807471e-19,6.94079910765e-19,7.30970046435e-19,8.68417117052e-19,1.08285531565e-18,1.62641306695e-18,1.54750148408e-18,2.51954954603e-18,3.57230479317e-18,4.78642436626e-18,5.19012531472e-18,4.57738259057e-18,6.46355001541e-18,8.37700612865e-18,9.40605851534e-18,1.08247559839e-17,1.16951303137e-17,1.24047147945e-17,1.02447551364e-17,9.24409903294e-18,1.38662577373e-17,1.01241009179e-17,8.83202081283e-18,6.53962995225e-18,4.21725296729e-18,2.24395757456e-18,1.01451251607e-18,2.71956667784e-19,2.66102710589e-20],"var":[0.132236510515,8.5018863678,25.7178382874,26.3519763947,143.953292847,148.590789795,127.952606201,143.122344971,194.522064209,219.360641479,866.829040527,2709.18505859,8863.39453125,2508.87915039,1025.66516113,1076.33215332,889.595703125,2811.49414063,4079.9621582,2574.69311523,3314.36962891,3138.4140625,2007.90930176,1545.06066895,1128.23925781,780.183410645,675.093505859,650.016418457,763.683654785,607.463806152,558.602172852,98.4570159912,27.0395679474,5.90857410431,1.13334345818,0.231136843562,0.0130335465074,0.000508514000103,0.00000642746817903,8.31699420445e-9]},"erbbands_crest":{"dmean":1.89367508888,"dmean2":3.09385228157,"dvar":3.60555839539,"dvar2":8.95528125763,"max":28.3873615265,"mean":6.95717287064,"median":6.02585506439,"min":2.41521549225,"var":10.2839403152},"erbbands_flatness_db":{"dmean":0.0133987972513,"dmean2":0.0195600893348,"dvar":0.00017585416208,"dvar2":0.000332139316015,"max":0.310099095106,"mean":0.133705288172,"median":0.129590958357,"min":0.0545807033777,"var":0.00102626660373},"erbbands_kurtosis":{"dmean":0.764832019806,"dmean2":1.1847435236,"dvar":2.42893815041,"dvar2":4.94096899033,"max":73.5119934082,"mean":0.532424151897,"median":0.167263016105,"min":-1.80069100857,"var":5.02295875549},"erbbands_skewness":{"dmean":0.276559203863,"dmean2":0.421396762133,"dvar":0.0769594982266,"dvar2":0.167651638389,"max":4.87947797775,"mean":-0.555938124657,"median":-0.590631842613,"min":-6.433198452,"var":0.368434607983},"erbbands_spread":{"dmean":7.47255468369,"dmean2":11.9189891815,"dvar":73.1390686035,"dvar2":180.352462769,"max":131.451538086,"mean":38.7072868347,"median":36.8633956909,"min":2.54812383652,"var":195.606384277},"gfcc":{"cov":[[10056.7080078,272.580688477,-308.51852417,241.623703003,-312.701812744,335.599456787,-154.746139526,204.047164917,-80.8444824219,18.6170749664,-252.73638916,-70.1482162476,-109.941268921],[272.580688477,616.650024414,-178.269592285,36.6018791199,45.7476387024,-63.506275177,48.5288391113,22.538608551,15.0080356598,-19.9578533173,34.3652000427,-43.2469177246,11.688829422],[-308.51852417,-178.269592285,557.710693359,103.795394897,26.1242828369,50.6089630127,-40.6439552307,45.1609039307,18.9549217224,43.6969261169,11.8893785477,36.3772201538,3.92329931259],[241.623703003,36.6018791199,103.795394897,251.037353516,30.754119873,44.2845573425,-15.6919984818,13.3246278763,41.5021286011,27.8706073761,37.1400375366,0.800928711891,13.7185535431],[-312.701812744,45.7476387024,26.1242828369,30.754119873,177.723083496,34.9879455566,37.5084342957,9.01896190643,-5.49355125427,23.1469707489,20.807226181,14.0958547592,13.0844221115],[335.599456787,-63.506275177,50.6089630127,44.2845573425,34.9879455566,191.696090698,74.9677429199,39.2723045349,-2.15801763535,10.4160223007,1.31795156002,-8.27917671204,-1.46628832817],[-154.746139526,48.5288391113,-40.6439552307,-15.6919984818,37.5084342957,74.9677429199,160.637954712,36.5922851563,25.0869655609,-4.34944248199,-1.95983040333,3.01692986488,-1.5083783865],[204.047164917,22.538608551,45.1609039307,13.3246278763,9.01896190643,39.2723045349,36.5922851563,119.98008728,50.9032745361,6.13769960403,-17.8629016876,-16.1212940216,10.4092540741],[-80.8444824219,15.0080356598,18.9549217224,41.5021286011,-5.49355125427,-2.15801763535,25.0869655609,50.9032745361,121.316352844,25.4726715088,-4.1813750267,-8.34596920013,1.9741345644],[18.6170749664,-19.9578533173,43.6969261169,27.8706073761,23.1469707489,10.4160223007,-4.34944248199,6.13769960403,25.4726715088,64.2325973511,27.5425167084,7.33190202713,-1.27482652664],[-252.73638916,34.3652000427,11.8893785477,37.1400375366,20.807226181,1.31795156002,-1.95983040333,-17.8629016876,-4.1813750267,27.5425167084,84.0544433594,25.792881012,5.06061315536],[-70.1482162476,-43.2469177246,36.3772201538,0.800928711891,14.0958547592,-8.27917671204,3.01692986488,-16.1212940216,-8.34596920013,7.33190202713,25.792881012,70.3537597656,14.2151975632],[-109.941268921,11.688829422,3.92329931259,13.7185535431,13.0844221115,-1.46628832817,-1.5083783865,10.4092540741,1.9741345644,-1.27482652664,5.06061315536,14.2151975632,54.4970321655]],"icov":[[0.000225202340516,-0.000314075237839,0.000298174301861,-0.000381668010959,0.000537838437594,-0.000702525430825,0.000615245546214,-0.00057375227334,0.000537708576303,-0.000808697193861,0.00123152963351,-0.000902952335309,0.000657653203234],[-0.000314075237839,0.00289146718569,0.000193475978449,-0.000195419212105,-0.00142964255065,0.00259289424866,-0.00199376931414,-0.0000848644631333,-0.000429693347542,0.00217256206088,-0.00348217459396,0.00328848767094,-0.00131252186839],[0.000298174301861,0.000193475978449,0.00289574125782,-0.00146821048111,0.000458532187622,-0.00114267854951,0.00159636535682,-0.00215034466237,0.00107964046765,-0.00196332973428,0.00192340451758,-0.00251266523264,0.00142700364813],[-0.000381668010959,-0.000195419212105,-0.00146821048111,0.00641180109233,-0.00144230318256,-0.000974631635472,0.000771141785663,0.00203509512357,-0.00360632291995,0.00171388674062,-0.00413827970624,0.00216728146188,-0.00229401700199],[0.000537838437594,-0.00142964255065,0.000458532187622,-0.00144230318256,0.00824091769755,-0.00223152921535,-0.000100353245216,-0.0014483674895,0.00282678776421,-0.00486715743318,0.00315152225085,-0.00317307119258,0.000275724072708],[-0.000702525430825,0.00259289424866,-0.00114267854951,-0.000974631635472,-0.00223152921535,0.0112014850602,-0.00676124403253,-0.000642883765977,0.00142626976594,0.0014940649271,-0.0044711548835,0.00543843023479,-0.00189307704568],[0.000615245546214,-0.00199376931414,0.00159636535682,0.000771141785663,-0.000100353245216,-0.00676124403253,0.0121040428057,-0.00261530070566,-0.00166863168124,-0.000123590172734,0.00338118802756,-0.00540967239067,0.00319116283208],[-0.00057375227334,-0.0000848644631333,-0.00215034466237,0.00203509512357,-0.0014483674895,-0.000642883765977,-0.00261530070566,0.0145268216729,-0.00646918360144,0.00217248802073,-0.00100538332481,0.004464388825,-0.00479939486831],[0.000537708576303,-0.000429693347542,0.00107964046765,-0.00360632291995,0.00282678776421,0.00142626976594,-0.00166863168124,-0.00646918360144,0.0145966457203,-0.00781776383519,0.00477474648505,-0.00162762636319,0.00182570482139],[-0.000808697193861,0.00217256206088,-0.00196332973428,0.00171388674062,-0.00486715743318,0.0014940649271,-0.000123590172734,0.00217248802073,-0.00781776383519,0.0262971743941,-0.0124125136063,0.00419075088575,-0.000639277452137],[0.00123152963351,-0.00348217459396,0.00192340451758,-0.00413827970624,0.00315152225085,-0.0044711548835,0.00338118802756,-0.00100538332481,0.00477474648505,-0.0124125136063,0.0253715254366,-0.0115918060765,0.0037475747522],[-0.000902952335309,0.00328848767094,-0.00251266523264,0.00216728146188,-0.00317307119258,0.00543843023479,-0.00540967239067,0.004464388825,-0.00162762636319,0.00419075088575,-0.0115918060765,0.0244002919644,-0.00811715237796],[0.000657653203234,-0.00131252186839,0.00142700364813,-0.00229401700199,0.000275724072708,-0.00189307704568,0.00319116283208,-0.00479939486831,0.00182570482139,-0.000639277452137,0.0037475747522,-0.00811715237796,0.0230087377131]],"mean":[40.3515281677,57.0316390991,-125.748855591,54.3485145569,-47.5227890015,17.366443634,-32.7312850952,12.045753479,-22.6155109406,-1.58579361439,-20.9033050537,-2.06719589233,-14.3041419983]},"hfc":{"dmean":8.0985994339,"dmean2":12.6369628906,"dvar":154.877227783,"dvar2":333.159820557,"max":277.007202148,"mean":34.702960968,"median":33.4980506897,"min":1.03483715849e-16,"var":475.840789795},"melbands":{"dmean":[0.00164037302602,0.0016197510995,0.00056923693046,0.000397889496526,0.000154138644575,0.000112562753202,0.0000704212652636,0.0000609335547779,0.0000700522141415,0.0000994313886622,0.000113787711598,0.0000564317197131,0.0000370602101611,0.0000293009961752,0.0000327826528519,0.0000234459057538,0.0000406401522923,0.0000516957115906,0.0000319312784995,0.0000266820370598,0.0000282692708424,0.0000269972806564,0.0000245663613896,0.0000238792708842,0.0000193904852495,0.0000165203528013,0.0000120126742331,0.00000865393212734,0.00000707882327333,0.00000521504762219,0.00000633835270492,0.00000573327724851,0.00000511348753207,0.00000367339657714,0.00000328200030708,0.00000214783813135,0.00000163024822086,0.00000111353767807,8.89836428541e-7,7.03319244622e-7],"dmean2":[0.00280885049142,0.00286244368181,0.000996724353172,0.000703786150552,0.000255519669736,0.000186964156455,0.000115704286145,0.0000987744351733,0.000109820342914,0.000153076616698,0.000171082894667,0.0000835061800899,0.0000587344875385,0.000046381377615,0.0000504718445882,0.0000373465045413,0.0000655831026961,0.0000837378756842,0.0000524206152477,0.0000428871608165,0.0000463682590635,0.000044809316023,0.0000407943953178,0.0000392065630876,0.000032666423067,0.0000275651764241,0.0000198116049432,0.0000142800481626,0.0000117274576041,0.00000854628342495,0.0000103978172774,0.0000092187192422,0.00000813674250821,0.00000576844877287,0.0000051306737987,0.00000339857933795,0.00000257874285126,0.00000175254410806,0.00000141693931255,0.00000112538452868],"dvar":[0.0000152696520672,0.0000103016236608,8.32556736441e-7,0.00000132053833113,1.14264246065e-7,5.43177556267e-8,2.88474950594e-8,1.96958485077e-8,2.61178065841e-8,5.2095987968e-8,7.21053723396e-8,1.7523607454e-8,8.56795789872e-9,4.48217152282e-9,4.48994041946e-9,2.25258101061e-9,5.49085488188e-9,8.15191913972e-9,5.62977486851e-9,1.77504222432e-9,2.22034435282e-9,1.39845579561e-9,1.23484866776e-9,1.05769948355e-9,6.08603833996e-10,4.2433415115e-10,2.36597519354e-10,1.58969462594e-10,1.37728634053e-10,8.33424232405e-11,1.38946854022e-10,1.26785873467e-10,9.21734077952e-11,9.49482853452e-11,1.58431059938e-10,4.91561409632e-11,1.98010063207e-11,1.00549022233e-11,5.55181898718e-12,2.4200170947e-12],"dvar2":[0.0000398308620788,0.0000289808849629,0.00000238603456637,0.00000370858788301,2.90755338028e-7,1.4289693695e-7,7.36173220162e-8,5.09625870393e-8,6.44997300014e-8,1.24830904724e-7,1.59428154234e-7,3.66663499562e-8,2.07135766317e-8,1.09788009794e-8,9.32216437377e-9,5.33058130969e-9,1.32654527363e-8,1.9801245088e-8,1.52112580309e-8,4.32552393903e-9,5.39654942955e-9,3.69608899042e-9,3.18068460459e-9,2.74453992866e-9,1.64369817757e-9,1.10207865056e-9,6.09359396275e-10,3.81758819001e-10,3.56496776543e-10,2.064525495e-10,3.49264311916e-10,2.78520179142e-10,2.03374331265e-10,2.00696140262e-10,3.0865859868e-10,9.45336725566e-11,4.58641666312e-11,2.26401744574e-11,1.27447323528e-11,5.68849741617e-12],"max":[0.0267628394067,0.0288017075509,0.00910971686244,0.0162996798754,0.00582135329023,0.0042301826179,0.00511595979333,0.00290037412196,0.00359038636088,0.00511653069407,0.00636375928298,0.0031000119634,0.00215046666563,0.00157010229304,0.00217545311898,0.00141414732207,0.00174006365705,0.00179982872214,0.00267330394126,0.00132647482678,0.00122313119937,0.000682708167005,0.000761865405366,0.000502157141455,0.00048115872778,0.000418153882492,0.000279661442619,0.000318229052937,0.000334580719937,0.000299691571854,0.000274514517514,0.000300381507259,0.00023690139642,0.000290460826363,0.00052835670067,0.000223018723773,0.000118874275358,0.000105916209577,0.0000986891900538,0.0000395717033825],"mean":[0.0015771004837,0.00262496713549,0.00105525692925,0.000446574849775,0.000230218895013,0.00016867503291,0.000106359373603,0.000101276484202,0.000125948325149,0.000166715384694,0.000238382024691,0.000125414706417,0.0000603725238761,0.000053438336181,0.0000632707160548,0.0000410533830291,0.00007436490705,0.0000895194607438,0.0000559061300009,0.0000556514787604,0.0000569624862692,0.0000592145042901,0.0000511701546202,0.000048249727115,0.0000423282945121,0.0000375728886866,0.0000274974736385,0.0000197460049094,0.0000158489256137,0.0000113323303594,0.0000128340707306,0.0000122476276374,0.0000103472566479,0.00000725162135495,0.00000593180629949,0.00000402468731409,0.00000322910932482,0.00000222834501074,0.00000171865269749,0.00000125894507619],"median":[0.000565422640648,0.00203591096215,0.000871576776262,0.000217971813981,0.000114727110486,0.0000889886723598,0.0000526364201505,0.0000422015364165,0.000049932696129,0.000054648546211,0.0000589364535699,0.0000401534271077,0.0000278258594335,0.00002600429616,0.0000311836920446,0.0000227588097914,0.0000365386549674,0.0000476959357911,0.0000302028984152,0.0000348708053934,0.0000398650699935,0.000041312596295,0.0000385725907108,0.0000354260664608,0.0000344351610693,0.0000304070472339,0.0000216673033719,0.0000148161943798,0.0000109768479888,0.00000857814575284,0.00000949919285631,0.00000869517407409,0.00000679113054503,0.00000426422457167,0.00000325276391777,0.00000243327349381,0.00000200053386834,0.00000145008061736,0.00000110180110369,7.67604319662e-7],"min":[1.8211786825e-24,7.50180688455e-25,1.35795630491e-24,1.42458320114e-24,1.8747608762e-24,1.92881579479e-24,3.89269330138e-24,4.61448919674e-24,1.25228444235e-24,2.0737867355e-24,3.09382175127e-24,2.93802389186e-24,2.2578372538e-24,2.28449187771e-24,2.36171820489e-24,4.4558685958e-24,2.37327679209e-24,3.75938606359e-24,3.75485879086e-24,2.37093229748e-24,4.59395869726e-24,4.72518846985e-24,3.97436643748e-24,4.6991071506e-24,5.07260754568e-24,6.00668906608e-24,6.01050794172e-24,5.39692246331e-24,5.74833672519e-24,7.22200659894e-24,5.03160728899e-24,6.13439381372e-24,5.54853166853e-24,5.44441070651e-24,4.27269943234e-24,6.79175081718e-24,7.69742940069e-24,6.06978807774e-24,6.98443403759e-24,6.30240028172e-24],"var":[0.0000118280640891,0.00000831952002045,8.54002223605e-7,9.17139004741e-7,1.52091942596e-7,7.07847362946e-8,3.74509205869e-8,4.18046148809e-8,6.1138059948e-8,1.08287771639e-7,2.61105924437e-7,7.4128216454e-8,1.56005430796e-8,1.00008161752e-8,1.35631719189e-8,4.06901623506e-9,1.30987229952e-8,1.86879969277e-8,7.02981983736e-9,5.09535658111e-9,5.09656095105e-9,4.15110346097e-9,2.32681318657e-9,1.99718575011e-9,1.13338272101e-9,8.90005347198e-10,5.39967404123e-10,3.77113645866e-10,3.60375312924e-10,2.00077815427e-10,2.60096194582e-10,2.75768546887e-10,2.09869552292e-10,1.98523003592e-10,2.45059139647e-10,7.82540907074e-11,2.99870614451e-11,1.54439881023e-11,8.23189520022e-12,3.60485838229e-12]},"melbands_crest":{"dmean":3.17698121071,"dmean2":5.16712331772,"dvar":8.93431949615,"dvar2":22.7122879028,"max":37.0252456665,"mean":14.6624155045,"median":14.2116556168,"min":1.00160503387,"var":26.4297027588},"melbands_flatness_db":{"dmean":0.0246653724462,"dmean2":0.0392087735236,"dvar":0.000796189589892,"dvar2":0.00192366621923,"max":0.437866091728,"mean":0.136566966772,"median":0.128781020641,"min":3.45146347058e-8,"var":0.00197513890453},"melbands_kurtosis":{"dmean":6.09893369675,"dmean2":10.3053741455,"dvar":205.088912964,"dvar2":510.989257813,"max":355.564697266,"mean":7.62832689285,"median":3.41211748123,"min":-1.95633220673,"var":250.104049683},"melbands_skewness":{"dmean":0.772907376289,"dmean2":1.24029290676,"dvar":1.0781942606,"dvar2":2.6166934967,"max":15.5271224976,"mean":2.2712020874,"median":1.98522043228,"min":-3.46551275253,"var":2.24428343773},"melbands_spread":{"dmean":11.8095369339,"dmean2":18.5096282959,"dvar":196.397064209,"dvar2":453.086425781,"max":303.093383789,"mean":45.1218338013,"median":43.0375175476,"min":1.01544690132,"var":537.700805664},"mfcc":{"cov":[[4867.13623047,146.317733765,128.359161377,-37.4729728699,2.90689826012,99.6554870605,34.7885017395,129.884918213,169.456039429,151.350189209,46.5635108948,-41.8109321594,-69.4850997925],[146.317733765,516.420349121,-156.765609741,50.2646369934,-15.552239418,-53.7940979004,36.2643470764,5.82872247696,8.45421218872,0.0288645401597,15.0564880371,-10.1839475632,-5.04353713989],[128.359161377,-156.765609741,444.691162109,61.1500244141,77.9714050293,16.5182991028,-15.6883115768,12.519203186,13.7098255157,22.2030754089,4.14030122757,43.037361145,22.4060058594],[-37.4729728699,50.2646369934,61.1500244141,192.422927856,69.4546890259,7.57081890106,-19.254901886,-12.5598583221,2.40337109566,-8.50301361084,3.60757708549,47.9703445435,33.309589386],[2.90689826012,-15.552239418,77.9714050293,69.4546890259,159.768569946,17.1052837372,14.968079567,-17.9062862396,8.31118106842,1.54609334469,-8.10795688629,39.942440033,19.3843097687],[99.6554870605,-53.7940979004,16.5182991028,7.57081890106,17.1052837372,139.908508301,58.8399772644,27.0591564178,-4.39908981323,9.7850484848,22.102098465,0.15786062181,5.52053928375],[34.7885017395,36.2643470764,-15.6883115768,-19.254901886,14.968079567,58.8399772644,141.093933105,34.7968521118,3.72355151176,0.188755124807,9.60650634766,-1.85740053654,-4.40582180023],[129.884918213,5.82872247696,12.519203186,-12.5598583221,-17.9062862396,27.0591564178,34.7968521118,104.167205811,47.658416748,30.6652545929,19.2273406982,-11.7776145935,-0.355250060558],[169.456039429,8.45421218872,13.7098255157,2.40337109566,8.31118106842,-4.39908981323,3.72355151176,47.658416748,115.998504639,58.0614776611,13.0756235123,0.320663720369,-4.96660137177],[151.350189209,0.0288645401597,22.2030754089,-8.50301361084,1.54609334469,9.7850484848,0.188755124807,30.6652545929,58.0614776611,91.6600036621,32.0999679565,2.82213163376,-7.37429952621],[46.5635108948,15.0564880371,4.14030122757,3.60757708549,-8.10795688629,22.102098465,9.60650634766,19.2273406982,13.0756235123,32.0999679565,65.6485443115,17.0050868988,4.77401733398],[-41.8109321594,-10.1839475632,43.037361145,47.9703445435,39.942440033,0.15786062181,-1.85740053654,-11.7776145935,0.320663720369,2.82213163376,17.0050868988,89.0070800781,36.0559883118],[-69.4850997925,-5.04353713989,22.4060058594,33.309589386,19.3843097687,5.52053928375,-4.40582180023,-0.355250060558,-4.96660137177,-7.37429952621,4.77401733398,36.0559883118,61.3900032043]],"icov":[[0.000235554980463,-0.000139802985359,-0.000107792373456,0.0000911215975066,-0.0000102545964182,-0.000259520544205,0.000122604091302,-0.000109342225187,-0.000206211479963,-0.000165489211213,0.0000756129666115,-0.0000180795668712,0.000247949064942],[-0.000139802985359,0.0027927858755,0.0010323493043,-0.00150888296776,0.000120457159937,0.00196320121177,-0.00152238714509,-0.0000447878665,0.000236012958339,-0.000159723029356,-0.00108532782178,0.000752576161176,-0.000168669328559],[-0.000107792373456,0.0010323493043,0.00302273151465,-0.000829235184938,-0.001031047781,0.000486246310174,0.0000604346714681,-0.000794080027845,0.000518440734595,-0.000735376728699,0.0000268897256319,-0.000508559809532,-0.000158704962814],[0.0000911215975066,-0.00150888296776,-0.000829235184938,0.00796197354794,-0.00245450576767,-0.0017004130641,0.00228286604397,-0.0000315201359626,-0.000854261976201,0.00152157386765,-0.000026152434657,-0.00231655081734,-0.00147039885633],[-0.0000102545964182,0.000120457159937,-0.001031047781,-0.00245450576767,0.00919114332646,-0.000857062754221,-0.00184929987881,0.00236512999982,-0.00131014501676,-0.000789618759882,0.00245705409907,-0.00235912762582,-0.000244077993557],[-0.000259520544205,0.00196320121177,0.000486246310174,-0.0017004130641,-0.000857062754221,0.0111969467252,-0.00468691904098,-0.00142201886047,0.00222013983876,-0.000930593756493,-0.00340523128398,0.00208614673465,-0.00136077532079],[0.000122604091302,-0.00152238714509,0.0000604346714681,0.00228286604397,-0.00184929987881,-0.00468691904098,0.0107064079493,-0.00318302749656,0.0000238520678977,0.0016100355424,0.000325748173054,-0.00147477188148,0.00154451152775],[-0.000109342225187,-0.0000447878665,-0.000794080027845,-0.0000315201359626,0.00236512999982,-0.00142201886047,-0.00318302749656,0.0151216052473,-0.00570893613622,-0.000467921112431,-0.00220167730004,0.00269233784638,-0.00250852108002],[-0.000206211479963,0.000236012958339,0.000518440734595,-0.000854261976201,-0.00131014501676,0.00222013983876,0.0000238520678977,-0.00570893613622,0.0155128939077,-0.00866944715381,0.00208723312244,-0.000433117209468,0.000548701093066],[-0.000165489211213,-0.000159723029356,-0.000735376728699,0.00152157386765,-0.000789618759882,-0.000930593756493,0.0016100355424,-0.000467921112431,-0.00866944715381,0.0202598143369,-0.00805645994842,-0.000175791923539,0.00215025921352],[0.0000756129666115,-0.00108532782178,0.0000268897256319,-0.000026152434657,0.00245705409907,-0.00340523128398,0.000325748173054,-0.00220167730004,0.00208723312244,-0.00805645994842,0.0224346686155,-0.00563064729795,0.000305309135001],[-0.0000180795668712,0.000752576161176,-0.000508559809532,-0.00231655081734,-0.00235912762582,0.00208614673465,-0.00147477188148,0.00269233784638,-0.000433117209468,-0.000175791923539,-0.00563064729795,0.0187978856266,-0.00870782136917],[0.000247949064942,-0.000168669328559,-0.000158704962814,-0.00147039885633,-0.000244077993557,-0.00136077532079,0.00154451152775,-0.00250852108002,0.000548701093066,0.00215025921352,0.000305309135001,-0.00870782136917,0.0231008771807]],"mean":[-592.508117676,80.4912109375,-11.0938215256,36.5451049805,9.59703826904,10.6278343201,3.22479581833,11.2745351791,3.34564065933,4.20921993256,1.34949266911,-4.22823667526,-4.64019107819]},"pitch_salience":{"dmean":0.0713430345058,"dmean2":0.117557920516,"dvar":0.00521328672767,"dvar2":0.0135566350073,"max":0.996083140373,"mean":0.554858922958,"median":0.55974906683,"min":0.116666860878,"var":0.0107118533924},"silence_rate_20dB":{"dmean":0,"dmean2":0,"dvar":0,"dvar2":0,"max":1,"mean":1,"median":1,"min":1,"var":0},"silence_rate_30dB":{"dmean":0,"dmean2":0,"dvar":0,"dvar2":0,"max":1,"mean":1,"median":1,"min":1,"var":0},"silence_rate_60dB":{"dmean":0.00933062843978,"dmean2":0.0186631511897,"dvar":0.009242660366,"dvar2":0.0211573056877,"max":1,"mean":0.0365074537694,"median":0,"min":0,"var":0.0351741500199},"spectral_centroid":{"dmean":249.961532593,"dmean2":395.755645752,"dvar":85725.96875,"dvar2":192580.578125,"max":11634.0332031,"mean":2339.25439453,"median":2318.38183594,"min":301.207702637,"var":435576.1875},"spectral_complexity":{"dmean":4.28356981277,"dmean2":6.79034376144,"dvar":15.1936330795,"dvar2":33.7061805725,"max":60,"mean":33.3155860901,"median":35,"min":0,"var":121.282844543},"spectral_contrast_coeffs":{"dmean":[0.0506247803569,0.0438913479447,0.037047136575,0.0294050853699,0.0205301027745,0.0186458565295],"dmean2":[0.0842971503735,0.0718751251698,0.0589937455952,0.0476548224688,0.0338775217533,0.0286817047745],"dvar":[0.00188136054203,0.00126745540183,0.000879050174262,0.000553182733711,0.00027820514515,0.000302921893308],"dvar2":[0.00518861971796,0.00332189560868,0.00218012440018,0.00143265235238,0.00071308290353,0.000621219864115],"max":[-0.328234493732,-0.399120599031,-0.478791803122,-0.535373270512,-0.542183160782,-0.481300473213],"mean":[-0.645136594772,-0.758892714977,-0.768337845802,-0.781063854694,-0.785696148872,-0.730314016342],"median":[-0.646729469299,-0.764995098114,-0.775660514832,-0.78460341692,-0.787839174271,-0.73319029808],"min":[-0.981385111809,-0.98608225584,-0.997887253761,-0.987523019314,-0.98904466629,-0.964499771595],"var":[0.00460364250466,0.00415742443874,0.00485480576754,0.00221407692879,0.001103415736,0.00155354489107]},"spectral_contrast_valleys":{"dmean":[0.411505639553,0.359768539667,0.29117411375,0.241598695517,0.18527290225,0.23269239068],"dmean2":[0.662592470646,0.578607559204,0.46159273386,0.378834277391,0.289440780878,0.333759844303],"dvar":[0.120689816773,0.125083312392,0.0843567848206,0.0728262066841,0.0619745142758,0.104198217392],"dvar2":[0.290429353714,0.274802595377,0.156950026751,0.126685157418,0.103983968496,0.178505524993],"max":[-5.18318462372,-4.88989591599,-5.41108512878,-5.71708393097,-5.52648544312,-7.23639249802],"mean":[-7.20653390884,-6.97733402252,-7.2583026886,-7.18418598175,-6.60013055801,-9.43856811523],"median":[-6.97991037369,-6.79401302338,-7.08801364899,-7.01440382004,-6.41402196884,-9.20650196075],"min":[-27.8365879059,-27.8273773193,-27.6783390045,-27.7853069305,-27.4723472595,-27.3962993622],"var":[2.13238120079,1.9501298666,1.8426514864,1.78856694698,1.76968598366,1.74840283394]},"spectral_decrease":{"dmean":2.73399614059e-9,"dmean2":4.6386139374e-9,"dvar":2.0894678226e-17,"dvar2":5.51316705447e-17,"max":6.96817679839e-28,"mean":-6.87901824392e-9,"median":-6.20835693965e-9,"min":-3.87153491488e-8,"var":2.20798841144e-17},"spectral_energy":{"dmean":0.0107766268775,"dmean2":0.0181854218245,"dvar":0.000309156923322,"dvar2":0.000814903411083,"max":0.152323007584,"mean":0.0291106831282,"median":0.0268326271325,"min":9.95754124498e-21,"var":0.000348741741618},"spectral_energyband_high":{"dmean":0.000736980931833,"dmean2":0.00112959148828,"dvar":0.00000227997929869,"dvar2":0.00000447796310254,"max":0.0379921272397,"mean":0.00216910312884,"median":0.00171235436574,"min":7.06310299572e-21,"var":0.00000576667389396},"spectral_energyband_low":{"dmean":0.00819738861173,"dmean2":0.0139819616452,"dvar":0.000274418765912,"dvar2":0.000726078462321,"max":0.118251025677,"mean":0.0124467341229,"median":0.00902814697474,"min":1.65511237846e-23,"var":0.000230336590903},"spectral_energyband_middle_high":{"dmean":0.00205114739947,"dmean2":0.00317910709418,"dvar":0.00000658958424538,"dvar2":0.0000149741481437,"max":0.0507516004145,"mean":0.00869748927653,"median":0.00754361273721,"min":1.20246393425e-21,"var":0.0000384099221264},"spectral_energyband_middle_low":{"dmean":0.00340936682187,"dmean2":0.00582088343799,"dvar":0.0000446687809017,"dvar2":0.000124064288684,"max":0.0706431642175,"mean":0.00687436200678,"median":0.00523618934676,"min":2.32543093457e-22,"var":0.0000439493815065},"spectral_entropy":{"dmean":0.0838903486729,"dmean2":0.126859620214,"dvar":0.00903314072639,"dvar2":0.01689645648,"max":9.81904315948,"mean":7.97915649414,"median":7.99186992645,"min":5.99897050858,"var":0.0552095584571},"spectral_flux":{"dmean":0.0256402902305,"dmean2":0.0394371040165,"dvar":0.00117603794206,"dvar2":0.00215665018186,"max":0.319327622652,"mean":0.0938617289066,"median":0.084364131093,"min":6.5249521064e-11,"var":0.00236634071916},"spectral_kurtosis":{"dmean":0.786592245102,"dmean2":1.34485673904,"dvar":0.645149350166,"dvar2":1.89272785187,"max":14.3249158859,"mean":3.05310940742,"median":2.88626480103,"min":-1.24539387226,"var":1.77533769608},"spectral_rms":{"dmean":0.000858525978401,"dmean2":0.00140408752486,"dvar":0.00000137713686854,"dvar2":0.00000350113214154,"max":0.0121904807165,"mean":0.0050637088716,"median":0.00511646084487,"min":3.11683730041e-12,"var":0.0000027595622214},"spectral_rolloff":{"dmean":683.473937988,"dmean2":1119.33764648,"dvar":748554.3125,"dvar2":1673600.5,"max":19207.6171875,"mean":2801.63500977,"median":2756.25,"min":43.06640625,"var":2934771.25},"spectral_skewness":{"dmean":0.1253464818,"dmean2":0.204502120614,"dvar":0.0137008065358,"dvar2":0.0341657437384,"max":2.39814305305,"mean":1.12056362629,"median":1.13565707207,"min":-0.0989529043436,"var":0.052711751312},"spectral_spread":{"dmean":429610.59375,"dmean2":644148.3125,"dvar":449873117184,"dvar2":902400770048,"max":42673072,"mean":4531468,"median":4356514.5,"min":1948820.125,"var":4643092430850},"spectral_strongpeak":{"dmean":0.454860419035,"dmean2":0.794980347157,"dvar":0.910541117191,"dvar2":2.22213196754,"max":13.662156105,"mean":0.789962947369,"median":0.375661879778,"min":0,"var":1.56478118896},"zerocrossingrate":{"dmean":0.0110354535282,"dmean2":0.0135298827663,"dvar":0.000154999856022,"dvar2":0.000195492990315,"max":0.52685546875,"mean":0.0921095237136,"median":0.08740234375,"min":0.0078125,"var":0.00175565341488}},"metadata":{"audio_properties":{"analysis_sample_rate":44100,"bit_rate":290539,"codec":"mp3","downmix":"mix","equal_loudness":0,"length":228.937149048,"lossless":false,"md5_encoded":"2496d4ab7960ff63fba1443da87be72d","replay_gain":-4.38916969299,"sample_rate":44100},"tags":{"album":["Have a Nice Day"],"albumartist":["Bon Jovi"],"albumartistsort":["Bon Jovi"],"artist":["Bon Jovi"],"artistsort":["Bon Jovi"],"asin":["B000ARKEEU"],"date":["2005","2005"],"discnumber":["1/1"],"file_name":"1-01 - Have a Nice Day.mp3","genre":["Rock; Hard Rock; Classic Rock; Hair Metal"],"language":["eng"],"musicbrainz album status":["official"],"musicbrainz album type":["album"],"musicbrainz_albumartistid":["5dcdb5eb-cb72-4e6e-9e63-b7bace604965"],"musicbrainz_albumid":["a7d36352-f82b-456e-9230-363e38bc1c2b"],"musicbrainz_artistid":["5dcdb5eb-cb72-4e6e-9e63-b7bace604965"],"musicbrainz_recordingid":["bd4ca251-b634-432f-b3be-9e14a3be1b12"],"musicbrainz_releasegroupid":["e2838c6e-a8b4-3a8e-9877-8d32faf33a9f"],"musicbrainz_workid":["0e0df7ff-cb0a-364c-9cfe-8fe54e2d8901"],"originaldate":["2005","2005"],"originalyear":["2005"],"script":["Latn"],"title":["Have a Nice Day"],"tracknumber":["1/13"],"work":["Have a Nice Day"],"writer":["Richie Sambora/Jon Bon Jovi"]},"version":{"essentia":"2.1-beta2","essentia_build_sha":"2d9f1f26377add8aeb1075a9c2973f962c4f09fd","essentia_git_sha":"v2.1_beta2-1-ge3940c0","extractor":"music 1.0"}},"rhythm":{"beats_count":495,"beats_loudness":{"dmean":0.0131916319951,"dmean2":0.0241157691926,"dvar":0.000168713115272,"dvar2":0.000514801125973,"max":0.104055903852,"mean":0.0333629995584,"median":0.0329930000007,"min":1.60805049831e-10,"var":0.000238727632677},"beats_loudness_band_ratio":{"dmean":[0.237920492887,0.106745898724,0.0641124248505,0.0772600024939,0.090353064239,0.0792113542557],"dmean2":[0.439257889986,0.202148079872,0.114765435457,0.133674114943,0.160562053323,0.143483161926],"dvar":[0.0287980120629,0.01014373824,0.00548991048709,0.00737665873021,0.00754163879901,0.00470084976405],"dvar2":[0.0911503657