{"lowlevel":{"average_loudness":0.797689676285,"barkbands":{"dmean":[0.00106048362795,0.00842204596847,0.00438262568787,0.00157454109285,0.00135551113635,0.000831662677228,0.000560309912544,0.000659867888317,0.000363839557394,0.000465358316433,0.000239922956098,0.000356085394742,0.000310455652652,0.000353665964212,0.000461414194433,0.000281882617855,0.000297014979878,0.000177747861017,0.000224902731134,0.000214986415813,0.00019392176182,0.00019879208412,0.000148270628415,0.00013021659106,0.000121562741697,0.00012282760872,0.0000880131410668],"dmean2":[0.00169397518039,0.0142521113157,0.00747016165406,0.00273879454471,0.00222341087647,0.00138557120226,0.000965964281932,0.00105703854933,0.000602888292633,0.000739609007724,0.000402706325985,0.000594733748585,0.000507383199874,0.000602464657277,0.000783730181865,0.000445625511929,0.000494006264489,0.000268902804237,0.000378323951736,0.000342930608895,0.000291346921586,0.000301352789393,0.000241375339101,0.000205898439162,0.000193238563952,0.000199399742996,0.000148740567965],"dvar":[0.00000919865578908,0.000410446547903,0.000200725713512,0.0000150899986693,0.00000748712000131,0.00000229893430514,0.00000169445968368,0.0000022716476451,4.14125366888e-7,0.00000109531322323,3.14521798828e-7,6.29521082374e-7,3.01719637719e-7,6.47758156447e-7,0.00000169827910668,2.51420971153e-7,4.85195187139e-7,9.00313494867e-8,4.43167550657e-7,2.51582491728e-7,1.13867741902e-7,2.02847274977e-7,1.86957578308e-7,6.535779562e-8,8.69950085303e-8,6.77703795304e-8,2.63346890961e-8],"dvar2":[0.0000221097379836,0.00122199568432,0.000563251436688,0.0000428333260061,0.0000195204411284,0.00000594540779275,0.00000462235948362,0.00000501497879668,0.00000103793502149,0.00000233265677707,7.31042462121e-7,0.00000164381822287,7.67865174112e-7,0.00000179294067948,0.00000487264014737,5.9662397689e-7,0.00000131946433157,2.05751845783e-7,0.00000125404426399,6.67496351525e-7,2.52180143434e-7,5.04795536926e-7,5.22234813616e-7,1.60701546292e-7,2.22430784902e-7,1.66648703726e-7,6.74680151747e-8],"max":[0.0768533870578,0.227793365717,0.15960162878,0.0469769500196,0.0380835309625,0.0183347612619,0.0189047418535,0.0595201961696,0.0185146089643,0.0398906581104,0.0232708919793,0.0198238585144,0.0114960661158,0.00852033216506,0.0183763783425,0.00975818466395,0.00880115386099,0.00398501940072,0.00756964925677,0.00698592374101,0.00407428480685,0.00446782074869,0.00495902588591,0.00357209704816,0.00384142389521,0.00395140005276,0.00150012969971],"mean":[0.00174136925489,0.0113027673215,0.00486831739545,0.00179298233707,0.00203304621391,0.00113453320228,0.000678495329339,0.000980429234914,0.000539032334927,0.000675757648423,0.000323790271068,0.000510205049068,0.000450823834399,0.000459867151221,0.00056463747751,0.000429477979196,0.000417667091824,0.000315915094689,0.00032650725916,0.000338646292221,0.000343487568898,0.000300423271256,0.000198961599381,0.000222138347453,0.000183697557077,0.000158484006533,0.000107750027382],"median":[0.0000877285492606,0.00122848153114,0.000358133867849,0.00032697757706,0.000742598203942,0.000575182377361,0.000265355571173,0.000271553930361,0.000253532576608,0.000199453381356,0.000135926762596,0.00017217794084,0.000175653112819,0.000185440701898,0.000178576869075,0.000174463057192,0.000175874025445,0.000166570593137,0.000148725172039,0.000175831461092,0.000179475275218,0.000144377321703,0.0000887452770257,0.0000924419146031,0.0000562074055779,0.0000294209166896,0.00000942481165112],"min":[6.23217943381e-24,3.10400894323e-23,1.01710700075e-23,8.09159874034e-24,4.06685091229e-23,4.50494418491e-23,7.91369293573e-23,5.29371926207e-23,5.74877777732e-23,5.2327425229e-23,8.53618938693e-23,9.98878081841e-23,1.29232695484e-22,1.75474913955e-22,1.41511448003e-22,1.28217033914e-22,1.92109832123e-22,2.84581382232e-22,2.12714866345e-22,2.95039607864e-22,5.42909725973e-22,3.54855459319e-22,5.74137056275e-22,1.04797937205e-21,1.05526577099e-21,1.59650583815e-21,2.70614601167e-21],"var":[0.0000263951005763,0.00058802717831,0.00017225544434,0.0000159242026712,0.0000116345545393,0.00000261475065599,0.00000174296587829,0.00000522723530594,7.80268351264e-7,0.0000026569905458,4.8308447731e-7,0.0000010230216958,5.20779281032e-7,6.11448911059e-7,0.00000136444089094,4.41243173555e-7,4.99068107729e-7,1.82009216587e-7,3.5629389572e-7,2.83988981664e-7,2.33801273453e-7,2.63638753495e-7,1.48486677176e-7,1.24992993733e-7,1.18122123638e-7,9.1394106505e-8,3.65840548966e-8]},"barkbands_crest":{"dmean":3.01005148888,"dmean2":4.96327829361,"dvar":8.19847393036,"dvar2":21.220205307,"max":25.6198101044,"mean":9.66009807587,"median":8.73803520203,"min":1.73846685886,"var":27.6789989471},"barkbands_flatness_db":{"dmean":0.0291677433997,"dmean2":0.0445928052068,"dvar":0.00114159320947,"dvar2":0.00251894048415,"max":0.625813484192,"mean":0.131852284074,"median":0.0886736959219,"min":0.00834466423839,"var":0.014299724251},"barkbands_kurtosis":{"dmean":5.44636249542,"dmean2":9.3164024353,"dvar":280.160705566,"dvar2":778.327026367,"max":357.617828369,"mean":5.67097997665,"median":1.19751048088,"min":-1.86724042892,"var":236.810195923},"barkbands_skewness":{"dmean":0.786018610001,"dmean2":1.25829482079,"dvar":1.11494553089,"dvar2":2.80184936523,"max":17.5424461365,"mean":1.54904174805,"median":1.30339384079,"min":-4.7685418129,"var":2.62408447266},"barkbands_spread":{"dmean":8.66253757477,"dmean2":13.9712285995,"dvar":116.927841187,"dvar2":287.892120361,"max":124.924423218,"mean":27.3975772858,"median":27.0570907593,"min":0.271312087774,"var":316.121643066},"dissonance":{"dmean":0.017977822572,"dmean2":0.0300501212478,"dvar":0.000652632967103,"dvar2":0.0017472448526,"max":0.500000119209,"mean":0.469222635031,"median":0.483508378267,"min":0,"var":0.0017239357112},"dynamic_complexity":5.11611652374,"erbbands":{"dmean":[0.322939127684,1.70149338245,4.60934448242,5.45316457748,3.89510250092,5.14153432846,6.09216976166,7.6923699379,8.78729629517,8.82826900482,14.1289625168,8.0271320343,13.5655603409,11.261177063,10.4922943115,15.2094488144,12.6702852249,15.9180555344,24.7301273346,20.2348747253,12.8273601532,15.909444809,9.85206699371,9.30955505371,12.6701450348,10.0664949417,8.34118938446,7.63394880295,6.75022506714,6.26105070114,3.82190775871,2.90037155151,2.2016017437,1.40331971645,0.863355338573,0.484609156847,0.231557637453,0.0726551637053,0.0140094961971,0.0010258781258],"dmean2":[0.546765387058,2.85893034935,7.76293420792,9.58252239227,6.43950462341,8.62596607208,9.89408493042,12.9870491028,15.1322002411,14.6099815369,22.5381660461,13.2629508972,22.2281074524,17.7230796814,17.5216503143,25.2706203461,20.7219791412,26.5930404663,42.1755409241,33.9807815552,20.6488666534,26.4492530823,14.8895721436,14.9273958206,21.3415489197,16.1959533691,12.606297493,11.32472229,10.1249809265,10.0541648865,6.21624612808,4.54185914993,3.56112146378,2.23193788528,1.40298998356,0.770166039467,0.379345357418,0.121382527053,0.0238225460052,0.0017391158035],"dvar":[0.648308575153,16.8758811951,181.69921875,242.051300049,58.6268463135,156.769256592,145.76701355,207.286239624,410.06237793,447.391662598,1153.77978516,196.781173706,812.714538574,831.341674805,693.814575195,1188.93310547,540.669250488,1027.19506836,4635.87841797,1934.8815918,723.281005859,1400.82397461,268.483398438,347.561950684,1614.70129395,580.580200195,253.521896362,191.813781738,205.083282471,305.073028564,111.192718506,32.8474578857,21.6882667542,9.82954502106,4.72737312317,1.13976550102,0.229778766632,0.0209839586169,0.000741591094993,0.00000354183634954],"dvar2":[1.87916076183,49.7534599304,496.579620361,686.775817871,152.814559937,420.608856201,355.814910889,545.439941406,1125.80102539,1146.7722168,2375.37963867,501.606414795,1806.45239258,1722.78051758,1523.96166992,3106.02392578,1394.96765137,2767.90722656,13237.0419922,5290.84179688,1862.35852051,3815.08056641,612.590698242,911.9921875,4612.83740234,1572.59631348,593.151489258,395.002166748,498.655456543,845.480285645,305.886352539,81.024520874,54.7595481873,23.6405315399,12.2930717468,2.77594733238,0.560496449471,0.0535605587065,0.00191209546756,0.00000902913052414],"max":[9.15100002289,43.0596580505,172.612747192,182.452529907,111.785446167,210.695968628,214.992736816,195.373443604,310.616546631,515.681762695,1572.08178711,266.435760498,672.501037598,1407.3717041,1334.30773926,778.065917969,573.152832031,395.918762207,1152.74951172,549.59979248,355.369476318,386.772216797,180.393600464,211.711410522,453.651733398,327.795501709,170.663314819,210.276626587,148.848297119,206.637390137,119.215034485,67.1117248535,69.4859771729,57.0097999573,28.9061317444,15.1152706146,7.56062698364,1.66649603844,0.280253261328,0.0278081446886],"mean":[0.435689121485,2.12730383873,5.3942155838,6.41721582413,5.73842668533,6.58348464966,8.44891929626,9.67055130005,10.6859331131,12.7910776138,20.648973465,12.3965549469,19.8760128021,18.0092945099,15.8029918671,22.2916374207,19.0736255646,23.0276679993,32.1326942444,27.3890781403,19.9166641235,22.7269763947,18.1130447388,15.9808921814,17.6850414276,15.6918134689,14.3796834946,13.2272062302,10.665845871,8.33317279816,5.30228900909,4.99480247498,3.43814778328,2.04913544655,1.30014955997,0.670419037342,0.288529664278,0.0796640813351,0.0157346390188,0.0014183720341],"median":[0.0359894149005,0.210335060954,0.416911631823,1.03577542305,1.67420327663,2.13904333115,3.31545877457,4.66659879684,4.74495601654,4.31857728958,6.20767211914,5.77578306198,7.37905168533,6.17804336548,6.94487190247,7.6926984787,8.16935062408,9.55071926117,10.9478473663,9.96294212341,8.97220420837,10.2537317276,9.85334587097,8.39889526367,7.66662883759,8.3906993866,7.59645986557,6.91430997849,5.4071969986,3.66052007675,2.46189951897,2.43942832947,1.18572807312,0.663187980652,0.320248574018,0.114607989788,0.05834697932,0.0111053418368,0.00173480040394,0.000130643311422],"min":[6.29546898693e-22,8.1262118364e-21,1.20809962724e-20,2.2958250883e-20,4.22661117175e-20,2.30156698191e-19,2.22571555371e-19,4.71415349274e-19,1.07508116206e-18,1.5449152005e-18,5.1022516435e-19,1.60023011223e-18,1.45126987656e-18,2.06197246312e-18,3.73512330264e-18,5.15068617029e-18,5.89626582901e-18,7.39159165518e-18,7.09503499787e-18,8.05601951913e-18,7.19471687913e-18,1.21214236327e-17,1.77329408076e-17,1.1638817512e-17,9.94204590967e-18,1.41366308195e-17,2.01634770343e-17,2.01392025921e-17,1.45329727556e-17,1.26224088794e-17,1.89504050855e-17,2.43302074642e-17,1.53268973988e-17,9.32874028912e-18,8.93213696391e-18,6.70210228663e-18,2.66097178818e-18,1.49262787321e-18,3.61189060706e-19,3.92101543367e-20],"var":[1.0527857542,21.4523239136,176.295043945,222.10798645,115.456733704,159.170776367,205.796340942,209.485626221,392.845306396,714.789611816,2760.6809082,360.039031982,1454.51599121,2471.95947266,1201.92236328,2009.53613281,886.153503418,1313.82226562,3969.68676758,2076.10742188,944.27746582,1385.80273438,560.636047363,488.305175781,1222.58630371,605.578979492,419.969665527,415.131195068,299.171234131,261.260955811,93.9475402832,54.1869430542,36.9564743042,14.5554952621,6.83523797989,1.75863337517,0.289933919907,0.0213934928179,0.000794419029262,0.00000722960430721]},"erbbands_crest":{"dmean":2.03078508377,"dmean2":3.3417327404,"dvar":4.77313232422,"dvar2":11.335694313,"max":32.0801086426,"mean":6.6893901825,"median":5.61418771744,"min":2.19295501709,"var":12.9370861053},"erbbands_flatness_db":{"dmean":0.0199706535786,"dmean2":0.029050802812,"dvar":0.000521228648722,"dvar2":0.00102771469392,"max":0.499579846859,"mean":0.135958462954,"median":0.116568818688,"min":0.0342057421803,"var":0.00486473413184},"erbbands_kurtosis":{"dmean":1.03832232952,"dmean2":1.64829790592,"dvar":11.1618909836,"dvar2":21.0027961731,"max":178.485610962,"mean":0.442396581173,"median":-0.26422393322,"min":-1.84756731987,"var":20.2883777618},"erbbands_skewness":{"dmean":0.372468948364,"dmean2":0.575867474079,"dvar":0.218582436442,"dvar2":0.483637094498,"max":10.1090393066,"mean":0.078046515584,"median":-0.00781390909106,"min":-3.34986758232,"var":0.624328732491},"erbbands_spread":{"dmean":10.5505037308,"dmean2":16.3939571381,"dvar":152.7290802,"dvar2":329.730804443,"max":195.334579468,"mean":42.8455505371,"median":38.8680953979,"min":0.764966070652,"var":578.834289551},"gfcc":{"cov":[[22410.9335938,-6469.92626953,-1391.51855469,266.646606445,-173.089645386,126.808532715,-791.38885498,1115.46533203,-800.173400879,80.445892334,-409.033416748,80.0788116455,-116.499710083],[-6469.92626953,4746.33496094,1231.90380859,-191.626998901,515.632202148,241.506607056,604.603271484,-514.454956055,523.428039551,39.5546112061,294.794006348,-70.6015014648,85.4085922241],[-1391.51855469,1231.90380859,1718.84362793,26.5727214813,349.338104248,305.454711914,282.106323242,-106.706756592,199.288925171,123.177490234,134.87940979,-10.7320261002,2.00246667862],[266.646606445,-191.626998901,26.5727214813,470.485229492,59.5336837769,93.1922988892,5.8321056366,101.939071655,-32.4196548462,24.2550582886,-25.3515281677,-6.81893444061,-9.43006324768],[-173.089645386,515.632202148,349.338104248,59.5336837769,374.872711182,144.515701294,154.748733521,35.5993156433,81.6901626587,24.3429718018,48.8505897522,-23.4125041962,12.3771944046],[126.808532715,241.506607056,305.454711914,93.1922988892,144.515701294,238.444732666,106.558937073,41.2759780884,43.8858985901,45.2918014526,29.3386917114,1.40705668926,-1.64401400089],[-791.38885498,604.603271484,282.106323242,5.8321056366,154.748733521,106.558937073,241.659805298,-10.9463243484,117.882141113,39.1815109253,53.4283638,-11.3495264053,13.9426851273],[1115.46533203,-514.454956055,-106.706756592,101.939071655,35.5993156433,41.2759780884,-10.9463243484,220.031295776,-38.1085700989,24.7891654968,-31.082239151,-0.250931680202,-4.75974225998],[-800.173400879,523.428039551,199.288925171,-32.4196548462,81.6901626587,43.8858985901,117.882141113,-38.1085700989,167.882003784,55.4350204468,57.6458473206,0.799005448818,9.74364185333],[80.445892334,39.5546112061,123.177490234,24.2550582886,24.3429718018,45.2918014526,39.1815109253,24.7891654968,55.4350204468,93.0209960938,43.0076789856,15.6576442719,4.49132823944],[-409.033416748,294.794006348,134.87940979,-25.3515281677,48.8505897522,29.3386917114,53.4283638,-31.082239151,57.6458473206,43.0076789856,92.583946228,32.1794319153,15.4439897537],[80.0788116455,-70.6015014648,-10.7320261002,-6.81893444061,-23.4125041962,1.40705668926,-11.3495264053,-0.250931680202,0.799005448818,15.6576442719,32.1794319153,56.6349258423,24.3791389465],[-116.499710083,85.4085922241,2.00246667862,-9.43006324768,12.3771944046,-1.64401400089,13.9426851273,-4.75974225998,9.74364185333,4.49132823944,15.4439897537,24.3791389465,50.7964248657]],"icov":[[0.0000912693503778,0.0000827467520139,0.0000188265221368,0.0000923495463212,-0.000128932282678,-0.000144693083712,0.000121740820759,-0.000174497195985,0.000170763436472,-0.00021794832719,0.000136640141136,-0.0000765775621403,0.0000452859567304],[0.0000827467520139,0.000784743402619,-0.0000648711429676,-0.00000423587243858,-0.000253102771239,-0.000406237551942,-0.000447620026534,0.00100264756475,-0.000941718928516,0.000836593681015,-0.00139729923103,0.00174829910975,-0.00117015093565],[0.0000188265221368,-0.0000648711429676,0.00100946554448,0.0000739716197131,-0.000493218074553,-0.000820700195618,-0.000167750404216,0.000565229798667,0.000120119926578,-0.000965373183135,-0.0000457547248516,-9.62323497333e-7,0.000395502720494],[0.0000923495463212,-0.00000423587243858,0.0000739716197131,0.00270750885829,-0.000392613583244,-0.000985853839666,0.00025425379863,-0.000975265225861,0.000907267385628,-0.00117213663179,0.00115377665497,-0.000400113145588,0.000392072775867],[-0.000128932282678,-0.000253102771239,-0.000493218074553,-0.000392613583244,0.00528495386243,-0.0012976055732,-0.00118065217976,-0.00152299692854,-0.000772009487264,0.00243246159516,-0.00291156163439,0.00353116658516,-0.00194847187959],[-0.000144693083712,-0.000406237551942,-0.000820700195618,-0.000985853839666,-0.0012976055732,0.00795237161219,-0.00202888483182,-0.000921179947909,0.00109658495057,-0.00168383948039,0.00138225627597,-0.00300534092821,0.0022053187713],[0.000121740820759,-0.000447620026534,-0.000167750404216,0.00025425379863,-0.00118065217976,-0.00202888483182,0.00933554302901,-0.00153409608174,-0.00328038237058,0.0000797655666247,-0.00072291912511,0.00172622618265,-0.00138502684422],[-0.000174497195985,0.00100264756475,0.000565229798667,-0.000975265225861,-0.00152299692854,-0.000921179947909,-0.00153409608174,0.0091520594433,-0.00021072870004,-0.00216222624294,0.000917090743314,0.00126152962912,-0.00132212857716],[0.000170763436472,-0.000941718928516,0.000120119926578,0.000907267385628,-0.000772009487264,0.00109658495057,-0.00328038237058,-0.00021072870004,0.0143386321142,-0.00768489763141,0.000559423235245,-0.00140528427437,0.00167643814348],[-0.00021794832719,0.000836593681015,-0.000965373183135,-0.00117213663179,0.00243246159516,-0.00168383948039,0.0000797655666247,-0.00216222624294,-0.00768489763141,0.0217436812818,-0.00999724585563,0.00254095252603,-0.00158614502288],[0.000136640141136,-0.00139729923103,-0.0000457547248516,0.00115377665497,-0.00291156163439,0.00138225627597,-0.00072291912511,0.000917090743314,0.000559423235245,-0.00999724585563,0.0279331598431,-0.0184820275754,0.00507146399468],[-0.0000765775621403,0.00174829910975,-9.62323497333e-7,-0.000400113145588,0.00353116658516,-0.00300534092821,0.00172622618265,0.00126152962912,-0.00140528427437,0.00254095252603,-0.0184820275754,0.0391993634403,-0.0176518876106],[0.0000452859567304,-0.00117015093565,0.000395502720494,0.000392072775867,-0.00194847187959,0.0022053187713,-0.00138502684422,-0.00132212857716,0.00167643814348,-0.00158614502288,0.00507146399468,-0.0176518876106,0.0293659586459]],"mean":[-26.0062294006,68.8805236816,-97.0089416504,23.3048000336,-48.2621459961,8.67857170105,-28.3982887268,-1.53112733364,-16.1675605774,3.64699244499,-14.5966434479,-0.442922919989,-10.4775781631]},"hfc":{"dmean":12.6075801849,"dmean2":19.1692886353,"dvar":812.554321289,"dvar2":2178.06787109,"max":303.076049805,"mean":25.9100093842,"median":16.488861084,"min":1.19851469502e-16,"var":1011.42980957},"melbands":{"dmean":[0.00256312801503,0.00215717754327,0.000864796515089,0.000300837797113,0.000216642976739,0.000168023238075,0.000128565370687,0.00010320043657,0.000107721207314,0.0000519635541423,0.0000695858034305,0.0000483860567329,0.0000325278706441,0.0000396955219912,0.0000397041912947,0.00002781548028,0.0000310404102493,0.0000407889383496,0.0000331582814397,0.0000238116226683,0.0000146639467857,0.000017719285097,0.0000125658953039,0.00000923715833778,0.00000755318660595,0.0000103150550785,0.000008423280633,0.00000669133214615,0.00000568217137698,0.00000483793701278,0.00000467665176984,0.00000408508230976,0.00000383507494917,0.00000330440980179,0.00000211973951991,0.0000020671400307,0.00000197111307898,0.00000175321952156,0.00000125814676721,0.00000122723554341],"dmean2":[0.0043315612711,0.00356952194124,0.00150016264524,0.000498043606058,0.000353405077476,0.000283714820398,0.000221418595174,0.000169677383383,0.000171797306393,0.0000865842521307,0.000113993715786,0.0000762803829275,0.0000544219183212,0.0000657869168208,0.0000673379618092,0.0000456074922113,0.0000524970782863,0.0000700356322341,0.0000567436145502,0.000038235248212,0.0000242552650889,0.0000300293922919,0.0000199541664188,0.0000142654262163,0.0000123194849948,0.0000176781904884,0.0000140427200677,0.0000108563135655,0.00000883126722329,0.00000727838869352,0.00000709085634298,0.0000063203560785,0.00000587893146076,0.00000543699798072,0.00000341642953572,0.00000342414796251,0.00000308660582959,0.00000291902665595,0.00000199868577511,0.00000199032592718],"dvar":[0.0000391113062506,0.0000297897076962,0.00000570097699892,3.44149924558e-7,2.11322571886e-7,1.00690414229e-7,8.72805898666e-8,5.99802589818e-8,6.51515037475e-8,8.50505266214e-9,2.1308865783e-8,1.61465685267e-8,6.06460970332e-9,7.90099097259e-9,6.86617251944e-9,2.29564833809e-9,4.14838874363e-9,1.17269847166e-8,8.76368133618e-9,1.98965000031e-9,9.56204782021e-10,1.94698279721e-9,4.98852847919e-10,2.50613502173e-10,1.91160740015e-10,1.22699284066e-9,4.96645335968e-10,2.15049922314e-10,1.31838123751e-10,6.73150771235e-11,8.06131897346e-11,8.1121144524e-11,7.25508403354e-11,9.19968684565e-11,2.52305190629e-11,3.91519316967e-11,1.31176120313e-11,1.57581881571e-11,6.27653181165e-12,8.70679396636e-12],"dvar2":[0.000115738395834,0.0000785776064731,0.0000160992385645,9.1200058705e-7,5.26135465861e-7,2.65687418732e-7,2.3877868216e-7,1.50545730548e-7,1.32101291683e-7,2.17621174414e-8,4.74852015486e-8,3.3146150713e-8,1.38028175556e-8,1.94856433211e-8,1.87179001188e-8,5.78473358104e-9,1.12335518665e-8,3.33999317093e-8,2.50408227487e-8,4.91899321275e-9,2.52068454998e-9,5.39494582341e-9,1.21890397775e-9,6.02895955382e-10,4.95156637914e-10,3.51910944829e-9,1.37230460329e-9,5.75545333614e-10,3.19345605515e-10,1.46344186769e-10,1.71866687548e-10,2.02287242512e-10,1.7819432041e-10,2.59923554902e-10,6.76275702105e-11,1.07890543721e-10,3.18073067884e-11,4.12056569421e-11,1.45405684021e-11,2.17332592894e-11],"max":[0.07146178931,0.0711580663919,0.0268866252154,0.00868161953986,0.00723971659318,0.00430609891191,0.004321961198,0.00554592581466,0.0117190610617,0.00224697333761,0.00335855036974,0.00634576845914,0.00340949743986,0.00291324546561,0.00166874006391,0.000833387835883,0.00091110059293,0.00179619633127,0.00131280440837,0.00103887531441,0.000364387058653,0.000463990843855,0.000284421344986,0.00020146787574,0.000175949899131,0.000389869994251,0.000266812712653,0.000197399203898,0.000134351808811,0.00011611408263,0.000127450781292,0.0000947737571551,0.0000835634200484,0.000118519848911,0.000053845858929,0.0000762173731346,0.0000495161693834,0.0000529250937689,0.0000644456595182,0.0000535311919521],"mean":[0.00353909283876,0.00283493567258,0.00109801616054,0.00043267197907,0.000298846978694,0.000215210486203,0.000158352719154,0.00015357825032,0.000156412104843,0.0000767355304561,0.000100656186987,0.0000746994410292,0.0000461607269244,0.0000593442127865,0.000051137572882,0.0000414726891904,0.0000419645330112,0.0000513274862897,0.0000405867613154,0.0000340174119629,0.0000209925983654,0.0000238326938415,0.000019472106942,0.0000152366656039,0.0000123408608488,0.0000132569075504,0.0000119139740491,0.0000100450297396,0.00000901517978491,0.00000828190695756,0.00000753541553422,0.0000062420544964,0.00000541276540389,0.00000419023763243,0.00000296125426757,0.00000271519093076,0.00000336392918143,0.00000256059661297,0.0000019069220798,0.00000164443179074],"median":[0.000361264275853,0.0002558217966,0.000200347974896,0.000149445040734,0.000116346767754,0.000107345797005,0.0000699053707649,0.000049519338063,0.0000490349193569,0.0000344746367773,0.0000361499769497,0.0000234950966842,0.000020282332116,0.0000202058326977,0.0000177123838512,0.0000173528460437,0.0000164569974004,0.0000170428611455,0.0000141710652315,0.000011799755157,0.00000927703695197,0.0000101334189822,0.00000911462575459,0.00000828183601698,0.00000626559312877,0.00000510485369887,0.00000536663537787,0.00000525320137967,0.00000466963228973,0.00000420673768531,0.00000366261815543,0.00000309629126605,0.00000245043611358,0.00000175285413206,0.00000135272921398,0.00000115490774988,0.00000155264433488,7.56093868404e-7,7.16374870535e-7,5.21489823768e-7],"min":[8.66421867195e-24,8.24309237744e-24,4.03909760235e-24,9.46099579635e-24,8.23818092945e-24,1.01257089278e-23,1.56095614962e-23,1.6327328679e-23,2.87707432895e-24,1.06851067617e-23,7.15501495315e-24,7.96923221445e-24,1.25123152998e-23,1.13107815335e-23,1.58090013103e-23,1.09642664923e-23,1.43330441343e-23,1.2654456202e-23,9.84032192921e-24,1.07052235037e-23,7.28206021307e-24,1.05639400933e-23,1.64965361877e-23,1.39258199356e-23,8.86696460206e-24,8.27551534951e-24,7.15734840371e-24,9.51946458892e-24,1.26689176001e-23,1.16470334944e-23,1.13958767482e-23,9.34531013346e-24,4.73406039402e-24,7.4682818738e-24,1.04845854194e-23,1.37301461435e-23,1.40073991972e-23,1.08844077363e-23,1.01331818071e-23,6.20369366652e-24],"var":[0.0000608564077993,0.0000369366898667,0.00000553327299713,5.44968031591e-7,2.67570896995e-7,1.01172247469e-7,8.68440110935e-8,1.0663138994e-7,1.58437231335e-7,1.53553703086e-8,3.81305227393e-8,4.84960729352e-8,9.83819337108e-9,1.48241463549e-8,8.34090929658e-9,4.02722033499e-9,4.83847539812e-9,9.98615856673e-9,6.67884814121e-9,3.14687809144e-9,1.14208398294e-9,1.74976744205e-9,7.9074385928e-10,4.41969738585e-10,2.91906721017e-10,8.56312298847e-10,4.67496874546e-10,2.37987601848e-10,1.84546933291e-10,1.39612474359e-10,1.5762072203e-10,1.12289746945e-10,9.16336659329e-11,7.20728754455e-11,2.4615306321e-11,3.1126566602e-11,2.54912462666e-11,2.5362508968e-11,1.09398375775e-11,1.08879676108e-11]},"melbands_crest":{"dmean":4.00131320953,"dmean2":6.47362041473,"dvar":12.5573701859,"dvar2":30.9392719269,"max":37.774307251,"mean":15.3117084503,"median":14.1250686646,"min":1.60038352013,"var":63.8379936218},"melbands_flatness_db":{"dmean":0.0374693982303,"dmean2":0.0568558424711,"dvar":0.00174376380164,"dvar2":0.00377757521346,"max":0.782622098923,"mean":0.2040399611,"median":0.164869874716,"min":0.00424049189314,"var":0.0240582637489},"melbands_kurtosis":{"dmean":16.1788578033,"dmean2":27.0308914185,"dvar":1737.90612793,"dvar2":4621.85595703,"max":688.395080566,"mean":20.768447876,"median":7.55372238159,"min":-1.83619213104,"var":2023.84790039},"melbands_skewness":{"dmean":1.15151226521,"dmean2":1.84392380714,"dvar":2.52645564079,"dvar2":6.29815816879,"max":24.2715435028,"mean":3.02622842789,"median":2.46462321281,"min":-3.34585976601,"var":6.47720479965},"melbands_spread":{"dmean":10.6391048431,"dmean2":16.7362422943,"dvar":211.325302124,"dvar2":451.792907715,"max":279.167755127,"mean":31.6573829651,"median":22.9927330017,"min":0.193692550063,"var":820.51574707},"mfcc":{"cov":[[19260,-4058.02099609,-2636.10913086,-1.83794271946,-221.391281128,-583.105773926,-183.139190674,136.665847778,175.131835938,44.0404243469,-413.87310791,-317.890350342,-221.92137146],[-4058.02099609,3229.30151367,1102.92773438,-45.6224517822,300.398590088,429.188201904,235.89805603,24.0099277496,26.0513839722,76.6043395996,245.284500122,189.201934814,126.45955658],[-2636.10913086,1102.92773438,1377.80444336,89.6996002197,265.446411133,286.958099365,211.167388916,27.6422748566,33.6332244873,71.4630355835,168.632797241,135.983474731,107.169456482],[-1.83794271946,-45.6224517822,89.6996002197,309.616821289,83.2019882202,70.5990371704,55.6366043091,40.6989250183,42.7708587646,43.8912277222,9.52677154541,9.49125099182,6.42202472687],[-221.391281128,300.398590088,265.446411133,83.2019882202,272.998962402,121.997367859,118.380752563,57.8186340332,43.3376159668,54.6967811584,44.3313407898,45.1004333496,26.0637874603],[-583.105773926,429.188201904,286.958099365,70.5990371704,121.997367859,218.488693237,117.756332397,45.1540336609,33.2041320801,50.7940254211,70.6657180786,43.3548431396,22.441450119],[-183.139190674,235.89805603,211.167388916,55.6366043091,118.380752563,117.756332397,173.283096313,74.1644821167,50.7289123535,51.284236908,45.6743392944,42.0129585266,20.1468315125],[136.665847778,24.0099277496,27.6422748566,40.6989250183,57.8186340332,45.1540336609,74.1644821167,97.3700561523,54.3970565796,34.5710639954,20.4861392975,14.937538147,1.46934080124],[175.131835938,26.0513839722,33.6332244873,42.7708587646,43.3376159668,33.2041320801,50.7289123535,54.3970565796,104.108070374,54.8190231323,26.942117691,23.5168972015,7.4719581604],[44.0404243469,76.6043395996,71.4630355835,43.8912277222,54.6967811584,50.7940254211,51.284236908,34.5710639954,54.8190231323,90.8296051025,51.5541152954,25.7008285522,19.534280777],[-413.87310791,245.284500122,168.632797241,9.52677154541,44.3313407898,70.6657180786,45.6743392944,20.4861392975,26.942117691,51.5541152954,98.8589019775,56.6457023621,32.9610710144],[-317.890350342,189.201934814,135.983474731,9.49125099182,45.1004333496,43.3548431396,42.0129585266,14.937538147,23.5168972015,25.7008285522,56.6457023621,87.1123123169,45.3017539978],[-221.92137146,126.45955658,107.169456482,6.42202472687,26.0637874603,22.441450119,20.1468315125,1.46934080124,7.4719581604,19.534280777,32.9610710144,45.3017539978,71.3574981689]],"icov":[[0.0000879120780155,0.0000748904567445,0.000128430110635,0.0000437364651589,-0.0000949294044403,0.00000764357264416,-0.0000878644641489,0.00000328514875036,-0.000120836964925,-0.000127126797452,0.000117144118121,0.0000552689816686,-0.0000408704654546],[0.0000748904567445,0.000600142520852,-0.0000915550190257,0.000322909880197,-0.000241785761318,-0.000700668722857,-0.0000698858566466,0.000258811633103,-0.000135520487675,0.00024756003404,-0.000421538861701,-0.000130458909553,-0.000175190274604],[0.000128430110635,-0.0000915550190257,0.00157876871526,-0.000124699407024,-0.000703129800968,-0.000491456186865,-0.000999601907097,0.000986501807347,-0.000256282219198,0.00060854916228,-0.00103775784373,0.000165758247022,-0.000890547176823],[0.0000437364651589,0.000322909880197,-0.000124699407024,0.00405297474936,-0.0006885654293,-0.00135901384056,0.000285485002678,-0.000453432061477,-0.000577401893679,-0.00136620423291,0.00142860098276,-0.000097580748843,-0.000169559280039],[-0.0000949294044403,-0.000241785761318,-0.000703129800968,-0.0006885654293,0.00635728379712,-0.00110372237395,-0.00157342175953,-0.00128873321228,0.000631880306173,-0.00180322502274,0.00189817254432,-0.00137128611095,0.000168332102476],[0.00000764357264416,-0.000700668722857,-0.000491456186865,-0.00135901384056,-0.00110372237395,0.0106467055157,-0.00408474728465,-0.0000179330399988,0.000642718863674,-0.000272817269433,-0.0037283920683,0.00144625431858,0.00114579196088],[-0.0000878644641489,-0.0000698858566466,-0.000999601907097,0.000285485002678,-0.00157342175953,-0.00408474728465,0.0144324079156,-0.00730260834098,0.000255013874266,-0.00227873236872,0.00250316271558,-0.00276114488952,0.000454858527519],[0.00000328514875036,0.000258811633103,0.000986501807347,-0.000453432061477,-0.00128873321228,-0.0000179330399988,-0.00730260834098,0.0202128738165,-0.00725235696882,0.00162090954836,-0.00237118662335,0.00128112360835,0.000830342585687],[-0.000120836964925,-0.000135520487675,-0.000256282219198,-0.000577401893679,0.000631880306173,0.000642718863674,0.000255013874266,-0.00725235696882,0.0183539874852,-0.00920466706157,0.00242725294083,-0.00407137675211,0.00200711865909],[-0.000127126797452,0.00024756003404,0.00060854916228,-0.00136620423291,-0.00180322502274,-0.000272817269433,-0.00227873236872,0.00162090954836,-0.00920466706157,0.0249931812286,-0.0127118071541,0.00538760516793,-0.0036973527167],[0.000117144118121,-0.000421538861701,-0.00103775784373,0.00142860098276,0.00189817254432,-0.0037283920683,0.00250316271558,-0.00237118662335,0.00242725294083,-0.0127118071541,0.0270199459046,-0.0119593758136,0.000699998228811],[0.0000552689816686,-0.000130458909553,0.000165758247022,-0.000097580748843,-0.00137128611095,0.00144625431858,-0.00276114488952,0.00128112360835,-0.00407137675211,0.00538760516793,-0.0119593758136,0.0257922373712,-0.0109365554526],[-0.0000408704654546,-0.000175190274604,-0.000890547176823,-0.000169559280039,0.000168332102476,0.00114579196088,0.000454858527519,0.000830342585687,0.00200711865909,-0.0036973527167,0.000699998228811,-0.0109365554526,0.022404493764]],"mean":[-673.032897949,105.859573364,9.47002315521,19.8180389404,3.73114442825,10.8608179092,-0.596843183041,-0.409643232822,0.395630329847,1.89307129383,1.28561651707,1.61230111122,-2.03216910362]},"pitch_salience":{"dmean":0.0903615057468,"dmean2":0.146902397275,"dvar":0.00757581880316,"dvar2":0.0190813504159,"max":0.930678069592,"mean":0.572500705719,"median":0.603478074074,"min":0.0749974995852,"var":0.026930609718},"silence_rate_20dB":{"dmean":0,"dmean2":0,"dvar":0,"dvar2":0,"max":1,"mean":1,"median":1,"min":1,"var":0},"silence_rate_30dB":{"dmean":0.0532549805939,"dmean2":0.1065197438,"dvar":0.0504188872874,"dvar2":0.119415707886,"max":1,"mean":0.936742544174,"median":1,"min":0,"var":0.0592559315264},"silence_rate_60dB":{"dmean":0.0690478384495,"dmean2":0.138108357787,"dvar":0.0642802342772,"dvar2":0.130237370729,"max":1,"mean":0.157179579139,"median":0,"min":0,"var":0.132474154234},"spectral_centroid":{"dmean":338.210388184,"dmean2":519.128295898,"dvar":184598.890625,"dvar2":392725,"max":11204.8671875,"mean":1662.31958008,"median":1647.20666504,"min":126.959411621,"var":885071.125},"spectral_complexity":{"dmean":5.68377542496,"dmean2":7.84370994568,"dvar":47.2209091187,"dvar2":79.222038269,"max":67,"mean":21.0001831055,"median":19,"min":0,"var":236.719787598},"spectral_contrast_coeffs":{"dmean":[0.057250097394,0.04777758196,0.036934748292,0.0295514222234,0.0199483726174,0.023846462369],"dmean2":[0.0938324704766,0.078694909811,0.0604112707078,0.0483894944191,0.0323780365288,0.0362272113562],"dvar":[0.00233987346292,0.00143957452383,0.000926440348849,0.000595411635004,0.000303593871649,0.000503769610077],"dvar2":[0.0059656589292,0.00390508165583,0.00234019127674,0.00148209847976,0.000763113377616,0.00113371177576],"max":[-0.336218297482,-0.418654710054,-0.491323500872,-0.546679258347,-0.595988869667,-0.595760166645],"mean":[-0.674949288368,-0.776966094971,-0.808484733105,-0.803947627544,-0.820711016655,-0.758338093758],"median":[-0.681070446968,-0.785167574883,-0.816800117493,-0.807202339172,-0.822705626488,-0.759047806263],"min":[-0.987739145756,-0.954605877399,-0.970583260059,-0.967984557152,-0.961196422577,-0.961296737194],"var":[0.00868094805628,0.00463831843808,0.00310656824149,0.00196321634576,0.00122378952801,0.00188699190039]},"spectral_contrast_valleys":{"dmean":[0.491729468107,0.489759355783,0.447971940041,0.4228990376,0.383780241013,0.439264506102],"dmean2":[0.766451001167,0.742913007736,0.670625805855,0.603807091713,0.53393471241,0.581968009472],"dvar":[0.249552294612,0.27702113986,0.280817896128,0.297368943691,0.277957260609,0.351688086987],"dvar2":[0.504349768162,0.558244407177,0.532874405384,0.541287720203,0.503020584583,0.614833176136],"max":[-4.96482133865,-4.5199971199,-5.15920257568,-5.10960102081,-5.04777336121,-7.49644565582],"mean":[-7.54267692566,-6.92993354797,-7.56343984604,-7.85187292099,-7.81903553009,-10.3000535965],"median":[-7.32302093506,-6.68710231781,-7.17286348343,-7.35520553589,-7.06158542633,-9.50749206543],"min":[-27.7110977173,-27.5903186798,-27.0688762665,-27.0275917053,-27.3013267517,-27.2150993347],"var":[2.18574762344,1.42950534821,1.90298390388,2.55557751656,3.75509405136,4.16935300827]},"spectral_decrease":{"dmean":3.76861652995e-9,"dmean2":6.1156408826e-9,"dvar":4.91319211124e-17,"dvar2":1.32208052311e-16,"max":3.97096175386e-11,"mean":-7.70086572288e-9,"median":-3.00671132436e-9,"min":-6.93277755204e-8,"var":1.04027524236e-16},"spectral_energy":{"dmean":0.0150616317987,"dmean2":0.0242781341076,"dvar":0.000750423816498,"dvar2":0.00200737570412,"max":0.280220746994,"mean":0.0314149670303,"median":0.0134252430871,"min":1.07542938895e-20,"var":0.00159882812295},"spectral_energyband_high":{"dmean":0.000952350790612,"dmean2":0.00142793159466,"dvar":0.00000422914081355,"dvar2":0.000010908911463,"max":0.0218487158418,"mean":0.00168060231954,"median":0.000907609181013,"min":7.84585819327e-21,"var":0.00000551509265279},"spectral_energyband_low":{"dmean":0.0116123436019,"dmean2":0.0193145629019,"dvar":0.000659973418806,"dvar2":0.00182228093036,"max":0.24241912365,"mean":0.0189013238996,"median":0.00256652990356,"min":5.09454545191e-23,"var":0.00117446633521},"spectral_energyband_middle_high":{"dmean":0.00229397462681,"dmean2":0.00360957114026,"dvar":0.000029692580938,"dvar2":0.0000811371937743,"max":0.056284699589,"mean":0.00454937806353,"median":0.00246893754229,"min":1.62568738076e-21,"var":0.0000388859007217},"spectral_energyband_middle_low":{"dmean":0.00381660275161,"dmean2":0.0062365741469,"dvar":0.0000443349526904,"dvar2":0.000116333889309,"max":0.0777310281992,"mean":0.00738933589309,"median":0.00378864817321,"min":2.97152467669e-22,"var":0.0000796738968347},"spectral_entropy":{"dmean":0.183996349573,"dmean2":0.276777625084,"dvar":0.0641121342778,"dvar2":0.129500389099,"max":9.8019990921,"mean":7.6929063797,"median":8.01737594604,"min":3.45159983635,"var":0.704624533653},"spectral_flux":{"dmean":0.0294845905155,"dmean2":0.0447104237974,"dvar":0.00181317026727,"dvar2":0.0036558827851,"max":0.464015781879,"mean":0.0912805870175,"median":0.0749202296138,"min":1.03702914311e-10,"var":0.00475575122982},"spectral_kurtosis":{"dmean":3.31231427193,"dmean2":5.4004368782,"dvar":74.8285903931,"dvar2":188.63470459,"max":242.144805908,"mean":9.30506420135,"median":3.56578636169,"min":-1.20289301872,"var":338.533538818},"spectral_rms":{"dmean":0.00114142685197,"dmean2":0.00172405084595,"dvar":0.00000245972410085,"dvar2":0.00000592327705817,"max":0.0165343917906,"mean":0.00456605153158,"median":0.00361908785999,"min":3.23913487178e-12,"var":0.0000097999254649},"spectral_rolloff":{"dmean":928.859863281,"dmean2":1555.0057373,"dvar":2617551.5,"dvar2":6321220.5,"max":19013.8183594,"mean":2290.64892578,"median":1485.79101562,"min":43.06640625,"var":5833568.5},"spectral_skewness":{"dmean":0.311455458403,"dmean2":0.493619054556,"dvar":0.248670607805,"dvar2":0.620281934738,"max":13.2985057831,"mean":1.88257563114,"median":1.42303729057,"min":-0.0122790923342,"var":2.1960067749},"spectral_spread":{"dmean":813793.1875,"dmean2":1191699.625,"dvar":1156464246780,"dvar2":2233013108740,"max":40804200,"mean":4957080,"median":4788630.5,"min":394764.28125,"var":5167147646980},"spectral_strongpeak":{"dmean":0.30381166935,"dmean2":0.517817735672,"dvar":0.246124312282,"dvar2":0.638492941856,"max":7.21234846115,"mean":0.486832052469,"median":0.311512500048,"min":0,"var":0.366648972034},"zerocrossingrate":{"dmean":0.0162210166454,"dmean2":0.0194449368864,"dvar":0.000388807908166,"dvar2":0.00050975533668,"max":0.5185546875,"mean":0.0836054310203,"median":0.07666015625,"min":0.00048828125,"var":0.00320746004581}},"metadata":{"audio_properties":{"analysis_sample_rate":44100,"bit_rate":0,"codec":"flac","downmix":"mix","equal_loudness":0,"length":252.866668701,"lossless":true,"md5_encoded":"155905550f189e4d8543087e6aa83c30","replay_gain":-14.0305137634},"tags":{"album":["The Fragile"],"album artist":["Nine Inch Nails"],"albumartist":["Nine Inch Nails"],"artist":["Nine Inch Nails"],"date":["1999-09-20"],"discnumber":["2"],"discsubtitle":["Right"],"disctotal":["2"],"file_name":"2-09. The Big Come Down.flac","genre":["Industrial"],"musicbrainz_albumartistid":["b7ffd2af-418f-4be2-bdd1-22f8b48613da"],"musicbrainz_albumid":["c162e9d3-b9f8-38ab-972e-c900dae920e5"],"musicbrainz_artistid":["b7ffd2af-418f-4be2-bdd1-22f8b48613da"],"musicbrainz_recordingid":["bd4fa695-d1d1-48d3-b0f0-9d4481d80bd4"],"musicbrainz_releasegroupid":["fc4d7589-a6b9-35ca-a6b6-8c8e70c3baaa"],"title":["The Big Come Down"],"totaldiscs":["2"],"totaltracks":["11"],"tracknumber":["9"],"tracktotal":["11"]},"version":{"essentia":"2.1-beta1","essentia_build_sha":"dbf9221a02c8614ba002a04270c5f9c8cf066e4e","essentia_git_sha":"v2.1_beta1-6-g5578087","extractor":"music 1.0"}},"rhythm":{"beats_count":340,"beats_loudness":{"dmean":0.0582653693855,"dmean2":0.105562865734,"dvar":0.00321993138641,"dvar2":0.00765899289399,"max":0.213846325874,"mean":0.0520900860429,"median":0.0269925110042,"min":1.39704880553e-7,"var":0.00297844060697},"beats_loudness_band_ratio":{"dmean":[0.528735995293,0.332270383835,0.0670980513096,0.04989188537,0.070333391428,0.0972835719585],"dmean2":[1.05247712135,0.661271154881,0.122187033296,0.0832506418228,0.127449437976,0.189406514168],"dvar":[0.0772422999144,0.0374487712979,0.00522610871121,0.00297676003538,0.00425732322037,0.00539318425581],"dvar2":[0.258669435978,0.140135005116,0.014082275331,0.00926845520735,0.0117163332179,0.0191488768905],"max":[0.987175881863,0.769496917725,0.581778109074,0.465384423733,0.507882654667,0.439222127199],"mean":[0.45688778162,0.229618608952