{"lowlevel":{"average_loudness":0.946912288666,"barkbands":{"dmean":[0.000327770947479,0.00535296835005,0.00312079815194,0.00156014657114,0.00220045819879,0.000650778412819,0.000662710517645,0.00086614821339,0.00108381558675,0.000645874300972,0.000478545640362,0.000486399658257,0.000450152496342,0.000497964152601,0.00045800031512,0.000482283940073,0.000284826382995,0.000273078621831,0.000266661169007,0.000173455642653,0.000166034966242,0.000159895818797,0.000128629500978,0.0000855543476064,0.0000421336226282,0.0000174405249709,0.00000547894069314],"dmean2":[0.00054872041801,0.00938352011144,0.00566998682916,0.0027634347789,0.00383520429023,0.0010537833441,0.00107355345972,0.00140182580799,0.00174403516576,0.0010020484915,0.000738381466363,0.000760201888625,0.000716057198588,0.000789113459177,0.000727508566342,0.000761667382903,0.000456443143776,0.000424499448854,0.000419065443566,0.000274378078757,0.00026453071041,0.000237869957346,0.000186466757441,0.000124643658637,0.0000596351092099,0.0000251323308476,0.00000798520613898],"dvar":[4.03032061058e-7,0.000136316928547,0.0000581027015869,0.00000807949527371,0.0000207764023799,0.00000145934541251,0.00000184049542895,0.00000321855964103,0.00000572569661017,0.00000245910041485,0.00000145550097841,0.00000151855022068,0.00000134095273552,0.00000119867513604,9.87362454907e-7,0.00000112844679734,1.94411427401e-7,1.41374613349e-7,1.54677110231e-7,6.19686133518e-8,8.001406826e-8,1.36089525427e-7,2.05541553555e-7,1.05520122418e-7,2.29591279322e-8,1.20190446484e-9,1.1305317793e-10],"dvar2":[0.00000105775825432,0.000373561255401,0.000167868798599,0.0000231287995121,0.0000580844498472,0.00000372159684048,0.00000439397808805,0.00000751366360419,0.0000138527830131,0.00000531011619387,0.00000308772018798,0.00000344110708284,0.00000322845767187,0.00000286405247607,0.00000231769649872,0.00000272269949164,4.68855319014e-7,3.32492021471e-7,3.68663108929e-7,1.41189786973e-7,1.85197364999e-7,2.77064629017e-7,3.9639564875e-7,2.0850978899e-7,4.55353408313e-8,2.58684695886e-9,2.4444302138e-10],"max":[0.00737527664751,0.105769902468,0.0827764123678,0.0332479216158,0.0530868545175,0.0193128548563,0.0228236690164,0.031703799963,0.0331848412752,0.0296662002802,0.0244352016598,0.0218885224313,0.0208130162209,0.0377127751708,0.0160412304103,0.0222337990999,0.0107621187344,0.00686931330711,0.0118609806523,0.00508400285617,0.00510144699365,0.0115845296532,0.0169726293534,0.00926860049367,0.00446597533301,0.000723812263459,0.000131604814669],"mean":[0.000371947215172,0.00696650519967,0.00420709094033,0.00243099150248,0.00303970742971,0.00100805331022,0.000895054836292,0.00115022691898,0.00144352798816,0.000923032290302,0.000757880276069,0.000732931308448,0.000613876269199,0.000771276245359,0.000725194055121,0.000809424789622,0.000578151608352,0.000588245224208,0.000600062252488,0.00039066086174,0.000365576386685,0.000321163184708,0.000236531050177,0.000157330388902,0.000081469064753,0.000033747372072,0.00000998426003207],"median":[0.0000476948480355,0.00505963992327,0.00218184688129,0.00163891538978,0.00179041607771,0.000514749903232,0.000397645169869,0.000396321731387,0.000350326910848,0.000320078368532,0.000252153346082,0.000240007968387,0.000253696925938,0.000406732549891,0.000413026311435,0.000453575165011,0.000406756880693,0.000399178825319,0.000441359530669,0.000275769911241,0.000262083893176,0.000183779600775,0.000113667105325,0.0000728239101591,0.0000460761220893,0.0000146904994835,0.00000303252681988],"min":[2.73708874265e-25,3.73461977547e-24,4.24381627637e-25,5.61582288425e-25,5.79362956849e-24,8.37845380903e-24,6.39385332089e-24,5.77388477447e-24,1.30268845351e-23,1.25989551041e-23,1.10000121465e-23,1.60799687203e-23,3.55368837374e-23,1.64475226819e-23,4.17609615697e-23,2.77782789624e-23,6.57337786808e-23,7.97921319816e-23,9.87997922909e-23,1.59671127015e-22,2.13235388325e-22,2.63400984419e-22,3.36791074704e-22,5.6450270435e-22,9.1698564872e-22,1.34934847165e-21,1.92843689859e-21],"var":[4.61060864154e-7,0.000104013648524,0.0000425691687269,0.00000829775308375,0.0000183133688552,0.00000248525566349,0.00000252324502981,0.00000514095245308,0.00000971029294305,0.00000415123531639,0.00000300851093016,0.00000284236148218,0.00000180809479389,0.00000177385174993,0.00000144814600844,0.0000019575013539,4.41144038632e-7,3.94813724824e-7,4.14636247115e-7,1.69455745436e-7,1.69114571236e-7,2.73890833569e-7,4.1063086087e-7,1.72800469045e-7,3.8488600751e-8,2.3849462405e-9,2.25734889114e-10]},"barkbands_crest":{"dmean":2.36385989189,"dmean2":3.96052122116,"dvar":5.30360746384,"dvar2":14.2951955795,"max":25.7215633392,"mean":8.72134685516,"median":7.93549823761,"min":2.27866148949,"var":12.4255027771},"barkbands_flatness_db":{"dmean":0.018630515784,"dmean2":0.0291912015527,"dvar":0.00040103434003,"dvar2":0.000930872280151,"max":0.355145931244,"mean":0.10253059119,"median":0.0922229215503,"min":0.0297382995486,"var":0.00177307229023},"barkbands_kurtosis":{"dmean":2.35684800148,"dmean2":3.75365233421,"dvar":42.3542366028,"dvar2":83.6819534302,"max":229.025527954,"mean":2.16976523399,"median":0.147535085678,"min":-1.88041806221,"var":101.58001709},"barkbands_skewness":{"dmean":0.531775891781,"dmean2":0.835697114468,"dvar":0.42440494895,"dvar2":1.01575684547,"max":13.648812294,"mean":1.14070653915,"median":1.00630474091,"min":-4.05259513855,"var":1.4990105629},"barkbands_spread":{"dmean":6.95584249496,"dmean2":10.7812280655,"dvar":58.7299308777,"dvar2":129.633758545,"max":120.848304749,"mean":32.1808547974,"median":30.3557815552,"min":1.36685216427,"var":246.869689941},"dissonance":{"dmean":0.0133092766628,"dmean2":0.0222617629915,"dvar":0.000221640642849,"dvar2":0.00059138063807,"max":0.5,"mean":0.475934326649,"median":0.482042372227,"min":0.248767986894,"var":0.000499362067785},"dynamic_complexity":3.55240511894,"erbbands":{"dmean":[0.146857216954,1.26777935028,3.3155939579,4.77415132523,5.17280197144,9.34191894531,6.27149105072,5.37648868561,7.69562864304,12.2723827362,20.20520401,26.2986545563,22.0366077423,19.5632247925,16.7955532074,17.537027359,19.2229404449,20.3100605011,23.5979671478,21.4197444916,26.3448219299,15.1634016037,13.6662111282,14.9491109848,11.4937152863,7.83268594742,6.12525463104,7.24768447876,5.89374113083,4.98247146606,3.5029156208,2.29206562042,1.21889269352,0.639691054821,0.220020964742,0.0973333418369,0.0279978513718,0.00825425982475,0.000827196112368,0.0000393001464545],"dmean2":[0.257671892643,2.25444078445,6.06489944458,8.60607624054,8.91459274292,16.3841228485,10.6094894409,8.7193403244,12.5225076675,19.7275753021,32.2493515015,42.2419319153,35.499168396,29.7188358307,25.4890861511,27.2470417023,30.2350234985,31.8469791412,37.7202033997,32.9980278015,41.6858215332,23.753528595,21.3847160339,23.4687252045,18.0782623291,12.2913990021,9.64238071442,11.5215120316,8.86272144318,7.33600664139,5.13073062897,3.37731790543,1.76209259033,0.923492074013,0.312326669693,0.142006188631,0.040386620909,0.0120417829603,0.00119232817087,0.0000571770178794],"dvar":[0.114078342915,7.73930883408,64.8592605591,104.261360168,73.9160919189,427.167327881,150.228286743,112.42363739,226.804672241,659.684448242,1745.06896973,3733.84838867,2471.01098633,1978.44189453,2031.34191895,1803.38195801,2499.66650391,2157.89111328,2120.82666016,2463.68530273,3558.6315918,424.269226074,368.173370361,465.029205322,354.214874268,136.28944397,100.140556335,185.893966675,181.194625854,162.776321411,173.846511841,86.5408477783,22.6024780273,5.98283910751,0.425665259361,0.0466271452606,0.00309634464793,0.000253134901868,0.00000250119501288,4.30467350654e-9],"dvar2":[0.309866398573,21.5820007324,187.539978027,299.897399902,205.35345459,1199.53759766,406.572021484,280.493896484,564.713989258,1563.2355957,4144.31054688,9086.12695312,5823.30322266,4357.06347656,4214.62060547,4208.84912109,5898.32470703,4948.85595703,5103.18994141,5463.70703125,8621.31640625,1016.64642334,882.82244873,1089.6875,825.524841309,312.723297119,222.710525513,428.136688232,364.735321045,332.702789307,353.564727783,175.129318237,44.6080284119,11.2889051437,0.892000317574,0.0974834188819,0.00670487247407,0.000550604367163,0.00000544168369743,9.94487603379e-9],"max":[3.54677200317,26.3729228973,80.8466339111,95.379989624,142.639602661,255.929656982,172.42364502,235.639007568,355.796081543,477.208526611,652.540771484,912.904541016,1016.22320557,1097.43701172,1184.62695312,749.804504395,1133.52648926,1416.91577148,805.569030762,936.241760254,1344.52990723,499.431732178,407.941894531,683.461791992,541.104492188,262.830871582,269.819488525,279.055114746,389.915924072,405.399658203,486.271057129,228.525238037,114.893722534,86.8805770874,21.4810905457,7.10354852676,1.33763313293,0.181282237172,0.0174867808819,0.00103240238968],"mean":[0.177143141627,1.66496908665,4.52188777924,7.12067317963,8.64004802704,11.4816894531,8.7524023056,8.47298622131,10.8162794113,16.8984642029,27.5830955505,34.7379264832,30.3069000244,32.7051315308,28.2974624634,27.8944854736,28.3540267944,34.0796928406,40.9653244019,36.754573822,46.8843803406,34.2679786682,31.0466632843,33.9225387573,26.5860118866,17.8473739624,13.8520202637,15.3836317062,11.6416454315,9.67479324341,6.19985532761,3.99006080627,2.2183907032,1.18734025955,0.446109503508,0.186821833253,0.0520928129554,0.0151248257607,0.00155926053412,0.0000944515413721],"median":[0.0948739349842,1.23668766022,2.90956234932,5.36439704895,6.64621353149,5.59115552902,4.34080886841,4.27272129059,5.33942747116,7.67004299164,10.3425474167,9.46287441254,10.1820631027,14.3553285599,9.43429851532,10.3917322159,12.3160686493,18.6252040863,24.8427085876,20.9813747406,27.3584289551,25.3859786987,22.2820034027,23.903169632,19.7709293365,12.4631767273,9.9107542038,10.5989456177,6.6366071701,5.63771438599,2.73427081108,1.56005012989,1.12299752235,0.667758107185,0.253773063421,0.089378066361,0.0215767808259,0.00480685336515,0.000517160806339,0.0000632765877526],"min":[6.64113975766e-23,7.81483326574e-22,1.66483901449e-21,2.33656147164e-21,1.13706710772e-20,1.82512765425e-20,3.7806183268e-20,7.01363339456e-20,1.26433509728e-19,1.7245425887e-19,2.23215773972e-19,2.86583159718e-19,3.97374981331e-19,5.90387185814e-19,9.62784879862e-19,9.29858852182e-19,1.61537640963e-18,1.72673942531e-18,2.81651565775e-18,2.91819704134e-18,3.15325468126e-18,4.79362662785e-18,4.6512572639e-18,5.09904197593e-18,6.63063884478e-18,6.92041841134e-18,9.58153743767e-18,8.42798940571e-18,7.21317458732e-18,1.20658346139e-17,1.08054123653e-17,1.0322020423e-17,8.57703329002e-18,8.05345277769e-18,5.9755990672e-18,3.88202189403e-18,2.54604579542e-18,1.00629685483e-18,2.63908071177e-19,2.49228662301e-20],"var":[0.0892302021384,5.64802503586,44.3697166443,79.4382629395,83.2593154907,358.236419678,199.540618896,185.29196167,300.486236572,918.247070312,2642.66040039,5621.30126953,3775.67089844,3696.87817383,4372.39550781,3305.83422852,3580.96704102,3250.75927734,3410.29492188,3985.53930664,6290.78173828,1264.8963623,1009.19012451,1332.91687012,837.77557373,360.81729126,239.441436768,362.001251221,362.036499023,326.929779053,321.687286377,144.491088867,35.8993682861,10.3609638214,0.717560112476,0.0864768773317,0.00595106510445,0.000507689779624,0.00000512860015078,8.74033734277e-9]},"erbbands_crest":{"dmean":2.42252159119,"dmean2":3.95743322372,"dvar":6.30080890656,"dvar2":16.1143760681,"max":28.131729126,"mean":7.72301483154,"median":6.68903970718,"min":2.31055593491,"var":15.3426246643},"erbbands_flatness_db":{"dmean":0.0146620785818,"dmean2":0.0214310716838,"dvar":0.000232117381529,"dvar2":0.000448253907962,"max":0.345862299204,"mean":0.133643940091,"median":0.12435567379,"min":0.0416974313557,"var":0.00201037176885},"erbbands_kurtosis":{"dmean":0.783774971962,"dmean2":1.23384308815,"dvar":1.00387144089,"dvar2":2.33430933952,"max":18.4806995392,"mean":0.274663627148,"median":-0.156238794327,"min":-1.81236541271,"var":2.48717951775},"erbbands_skewness":{"dmean":0.325972646475,"dmean2":0.494580596685,"dvar":0.0993556827307,"dvar2":0.21979354322,"max":2.92843842506,"mean":-0.231897771358,"median":-0.294705927372,"min":-3.71582722664,"var":0.464092373848},"erbbands_spread":{"dmean":8.29584693909,"dmean2":13.0871753693,"dvar":80.6176986694,"dvar2":195.495239258,"max":144.929397583,"mean":40.7169342041,"median":38.6041603088,"min":3.24452781677,"var":281.453186035},"gfcc":{"cov":[[39662.1601562,2001.97790527,-2488.58422852,1377.08398438,-1624.66662598,616.752685547,-761.454956055,320.19039917,-667.34954834,-121.460868835,-656.930053711,-158.374023438,-595.001403809],[2001.97790527,1215.55456543,-486.354125977,-10.6393623352,-11.2900838852,-69.7807540894,46.1638183594,-48.4227523804,-14.3526239395,-70.3012161255,20.9776363373,-70.0824890137,56.6255760193],[-2488.58422852,-486.354125977,1176.14624023,57.759223938,241.693161011,185.508499146,66.7508850098,80.8679580688,22.5793266296,86.3092346191,4.36430835724,41.4109191895,-39.8081207275],[1377.08398438,-10.6393623352,57.759223938,399.781463623,-25.8761367798,74.0386581421,-44.2436294556,32.1494102478,14.0688714981,2.00324940681,-6.87211847305,-29.6481952667,-16.621969223],[-1624.66662598,-11.2900838852,241.693161011,-25.8761367798,395.288696289,-22.8233451843,66.0055618286,8.99324321747,30.5718288422,57.4616775513,11.5075044632,24.3924846649,7.44760608673],[616.752685547,-69.7807540894,185.508499146,74.0386581421,-22.8233451843,260.288879395,36.6834526062,43.6614761353,-29.3909282684,-5.03225851059,13.6583080292,-8.82376194,-33.4395141602],[-761.454956055,46.1638183594,66.7508850098,-44.2436294556,66.0055618286,36.6834526062,151.923812866,23.8689346313,1.82849287987,-2.07490706444,15.0109853745,-1.26437163353,-1.01179206371],[320.19039917,-48.4227523804,80.8679580688,32.1494102478,8.99324321747,43.6614761353,23.8689346313,106.171913147,19.9458789825,13.0335445404,-7.93360710144,1.63073146343,-13.0754261017],[-667.34954834,-14.3526239395,22.5793266296,14.0688714981,30.5718288422,-29.3909282684,1.82849287987,19.9458789825,97.4378204346,27.5729160309,6.0068655014,-11.6646966934,13.7276515961],[-121.460868835,-70.3012161255,86.3092346191,2.00324940681,57.4616775513,-5.03225851059,-2.07490706444,13.0335445404,27.5729160309,86.5506134033,7.86395025253,2.20742750168,-11.8311395645],[-656.930053711,20.9776363373,4.36430835724,-6.87211847305,11.5075044632,13.6583080292,15.0109853745,-7.93360710144,6.0068655014,7.86395025253,80.0494766235,15.731467247,8.93213272095],[-158.374023438,-70.0824890137,41.4109191895,-29.6481952667,24.3924846649,-8.82376194,-1.26437163353,1.63073146343,-11.6646966934,2.20742750168,15.731467247,63.5891952515,18.5884037018],[-595.001403809,56.6255760193,-39.8081207275,-16.621969223,7.44760608673,-33.4395141602,-1.01179206371,-13.0754261017,13.7276515961,-11.8311395645,8.93213272095,18.5884037018,76.3255157471]],"icov":[[0.000163096192409,-0.000388546497561,0.00031576101901,-0.000445711135399,0.000398931937525,-0.000430922838859,0.000524947943632,-0.000525044451933,0.000715072092135,-0.00074874405982,0.00136393320281,-0.00115344906226,0.00119322608225],[-0.000388546497561,0.00212091533467,-0.000300959014567,0.00100706005469,-0.00129960931372,0.00108492514119,-0.00162819505204,0.00123802642338,-0.00126950046979,0.00227370858192,-0.00377213908359,0.00434782449156,-0.0037841135636],[0.00031576101901,-0.000300959014567,0.00203963858075,-0.000959587458055,5.24252243395e-7,-0.00174419872928,0.000787601864431,-0.00126153486781,0.0012418035185,-0.00197418453172,0.00285364105366,-0.00260938121937,0.00234191818163],[-0.000445711135399,0.00100706005469,-0.000959587458055,0.00420043803751,-0.00116923323367,0.000327328947606,-0.000111442604975,0.000651934067719,-0.0023642105516,0.00228701322339,-0.00386812258512,0.0044651501812,-0.00329477060586],[0.000398931937525,-0.00129960931372,5.24252243395e-7,-0.00116923323367,0.00462514255196,-0.000289373507258,-0.000205595191801,-0.000756583933253,0.00123292952776,-0.00366522418335,0.00362574495375,-0.00417826976627,0.0029126747977],[-0.000430922838859,0.00108492514119,-0.00174419872928,0.000327328947606,-0.000289373507258,0.00692229438573,-0.00254885223694,-0.000313130032737,0.00026449636789,0.00258544296958,-0.00527763273567,0.00432123383507,-0.00211060536094],[0.000524947943632,-0.00162819505204,0.000787601864431,-0.000111442604975,-0.000205595191801,-0.00254885223694,0.0103109329939,-0.00375819695182,0.00236299773678,-0.00100303906947,0.00280493823811,-0.00234585208818,0.00374553864822],[-0.000525044451933,0.00123802642338,-0.00126153486781,0.000651934067719,-0.000756583933253,-0.000313130032737,-0.00375819695182,0.0138541506603,-0.00575495138764,0.001532450784,-0.00195228017401,0.000957625277806,-0.00199944782071],[0.000715072092135,-0.00126950046979,0.0012418035185,-0.0023642105516,0.00123292952776,0.00026449636789,0.00236299773678,-0.00575495138764,0.0174950379878,-0.00690343277529,0.00386888254434,0.000454964814708,0.000909788359422],[-0.00074874405982,0.00227370858192,-0.00197418453172,0.00228701322339,-0.00366522418335,0.00258544296958,-0.00100303906947,0.001532450784,-0.00690343277529,0.0190521366894,-0.00817020889372,0.00552589539438,-0.00251050828956],[0.00136393320281,-0.00377213908359,0.00285364105366,-0.00386812258512,0.00362574495375,-0.00527763273567,0.00280493823811,-0.00195228017401,0.00386888254434,-0.00817020889372,0.0261773411185,-0.0147521719337,0.00968086160719],[-0.00115344906226,0.00434782449156,-0.00260938121937,0.0044651501812,-0.00417826976627,0.00432123383507,-0.00234585208818,0.000957625277806,0.000454964814708,0.00552589539438,-0.0147521719337,0.0315898433328,-0.0153643935919],[0.00119322608225,-0.0037841135636,0.00234191818163,-0.00329477060586,0.0029126747977,-0.00211060536094,0.00374553864822,-0.00199944782071,0.000909788359422,-0.00251050828956,0.00968086160719,-0.0153643935919,0.0262693800032]],"mean":[-4.6745018959,74.8624649048,-115.742286682,42.8387718201,-46.1987800598,14.2156620026,-29.4858837128,8.58230018616,-18.9379119873,0.573245584965,-18.9660892487,-2.11223769188,-11.6951026917]},"hfc":{"dmean":7.15875291824,"dmean2":10.3171453476,"dvar":103.223464966,"dvar2":205.196914673,"max":202.300567627,"mean":26.8176364899,"median":24.1172981262,"min":1.07548574024e-16,"var":410.825469971},"melbands":{"dmean":[0.00140023243148,0.00170636421535,0.000790656544268,0.000531569763552,0.00025031529367,0.000119679963973,0.000121448538266,0.00014672272664,0.000162692231243,0.000170263898326,0.00011170443031,0.00008283565694,0.0000585460329603,0.0000558880346944,0.0000469606602564,0.0000436974296463,0.0000422954035457,0.0000436932132288,0.0000364519219147,0.0000297414444503,0.0000335769364028,0.0000167953112395,0.0000170157472894,0.0000119682963486,0.0000135384407258,0.00000990272292256,0.00000795106643636,0.00000506763035446,0.00000414077749156,0.00000440415806224,0.00000432633214587,0.00000357298313247,0.00000320818867294,0.00000278549600807,0.00000217737806452,0.00000184060365882,0.00000135177754146,9.37989909744e-7,7.22474510439e-7,5.14145369834e-7],"dmean2":[0.00244533759542,0.00310032255948,0.00141547305975,0.000924932712223,0.000426684127888,0.000193321189727,0.000197162516997,0.000235354251345,0.000258006737567,0.000274714373518,0.000179221678991,0.000125866179587,0.0000887976566446,0.0000842117588036,0.0000746042351238,0.0000697476643836,0.0000667850035825,0.000070383939601,0.0000583975852351,0.0000462148418592,0.0000534873433935,0.0000268308176601,0.0000274185058515,0.0000186971119547,0.000021546273274,0.000015681165678,0.0000127326466099,0.000008086825801,0.00000664179560772,0.00000711949178367,0.00000688343470756,0.00000547755507796,0.00000482331233798,0.00000411874179918,0.0000032567031667,0.00000274718468063,0.0000020505331122,0.00000140811050642,0.00000106280810996,7.53743563564e-7],"dvar":[0.00000969910342974,0.0000163052045536,0.00000253151597462,0.00000115539046419,2.45035352009e-7,5.09039317365e-8,5.65233619909e-8,8.53437498449e-8,1.12041149691e-7,1.55530059942e-7,6.49884484005e-8,3.6412036053e-8,2.30904397824e-8,2.06732515551e-8,1.79325727601e-8,1.24359491593e-8,1.01390895679e-8,7.90098741987e-9,7.55737517011e-9,4.8900909988e-9,5.87708370858e-9,6.5546079675e-10,5.68609770379e-10,3.29740929006e-10,4.04423855516e-10,2.26814150794e-10,1.5491453953e-10,6.0965101023e-11,4.79372479212e-11,5.16720971566e-11,7.74146649563e-11,6.57888118982e-11,5.69070450485e-11,5.84232662248e-11,6.63089722019e-11,6.61593210771e-11,3.1771526382e-11,1.39285553577e-11,9.36106313992e-12,3.33539250906e-12],"dvar2":[0.0000263374295173,0.000046614492021,0.0000072676293712,0.00000322001505992,6.80748428294e-7,1.27554557139e-7,1.37933810151e-7,2.00423883712e-7,2.65512426267e-7,3.78616505259e-7,1.510681642e-7,7.94371572965e-8,4.87547993089e-8,4.46024692735e-8,4.28058051227e-8,3.02014413478e-8,2.35489601152e-8,1.93029805473e-8,1.76805627916e-8,1.12247287021e-8,1.41707170442e-8,1.56275148377e-9,1.39536548982e-9,7.85445153362e-10,9.69469171608e-10,5.45266831686e-10,3.60186463988e-10,1.43573222755e-10,1.07201310329e-10,1.23069332503e-10,1.79114958976e-10,1.3589979142e-10,1.21636936634e-10,1.19456361469e-10,1.42382647339e-10,1.41822539823e-10,6.8714194057e-11,2.92810081737e-11,1.85036621442e-11,6.41645547458e-12],"max":[0.0294167231768,0.0366726219654,0.0146593255922,0.0130135007203,0.00559416553006,0.00461861584336,0.00466817151755,0.00444570370018,0.00467580882832,0.0058287284337,0.00522668519989,0.00460402434692,0.00336486869492,0.00333983404562,0.00228142272681,0.00220991205424,0.0034162895754,0.00178295408841,0.00162394647487,0.00147137511522,0.00185957504436,0.000730358646251,0.000497406523209,0.000453622255009,0.000657091033645,0.000328613445163,0.000335397053277,0.000158507900778,0.000236038176809,0.000146502818097,0.000183757685591,0.000194123451365,0.000289528194116,0.000273842102615,0.000303103821352,0.000267366616754,0.000163172488101,0.0000916356220841,0.0000915754717425,0.0000609795752098],"mean":[0.00182089838199,0.00238125119358,0.00129636621568,0.000746206613258,0.000343294464983,0.00018892067601,0.000170988350874,0.000204303927603,0.000219242123421,0.000220623027417,0.000149853687617,0.000133152017952,0.00009479282744,0.0000868691276992,0.0000626443506917,0.0000612515868852,0.000065188134613,0.0000680960947648,0.0000557165840291,0.00004650514893,0.0000561754241062,0.0000333306161338,0.0000344716827385,0.0000245946666837,0.0000281725751847,0.0000210946527659,0.0000163759304996,0.0000105485478343,0.00000851700951898,0.00000897922382137,0.00000851824461279,0.00000660740261083,0.00000586249007029,0.00000513755230713,0.00000364191146218,0.00000294676715384,0.00000223205779548,0.00000160471506661,0.00000123269364849,9.26088887354e-7],"median":[0.00122945976909,0.00178287597373,0.00106166303158,0.000452585838502,0.000177912559593,0.0000985224905889,0.0000820298955659,0.0000868331189849,0.0000757480083848,0.000052822240832,0.0000456099805888,0.0000556724153284,0.0000318194579449,0.0000264282698481,0.0000230315436056,0.0000269581196335,0.0000328798960254,0.0000372656650143,0.0000302855314658,0.000024472565201,0.0000307436457661,0.0000231068570429,0.0000232101428992,0.000016333644453,0.0000191345661733,0.0000152085394802,0.0000111913304863,0.00000708243032932,0.00000576486763748,0.00000626959808869,0.00000554600273972,0.00000351678636434,0.00000325178461935,0.00000287306261271,0.00000162604976595,0.00000102066746877,8.70568101163e-7,7.90620617863e-7,6.18964804744e-7,5.2734600331e-7],"min":[1.16253662463e-24,1.16701745318e-24,1.02167604367e-24,1.32519856e-24,1.70241468715e-24,1.48208879455e-24,1.61829618085e-24,1.66872066295e-24,1.29928743749e-24,1.53954340782e-24,1.8552198055e-24,2.09154241675e-24,1.79459426721e-24,2.16816151825e-24,2.75534875254e-24,3.20965236735e-24,2.42315370611e-24,3.0764401873e-24,3.12263627634e-24,2.04810635481e-24,3.44711941856e-24,3.80900817554e-24,5.08662165966e-24,3.21317423687e-24,3.68718556924e-24,4.23476547799e-24,3.65530651677e-24,3.66115079279e-24,4.80891895519e-24,4.43359510814e-24,4.06901554661e-24,3.11426409556e-24,4.95197059732e-24,4.30152401539e-24,5.20653522257e-24,4.4960866969e-24,5.15697819164e-24,5.09653488022e-24,6.62192878581e-24,5.85387211481e-24],"var":[0.00000758882697482,0.0000110408709588,0.00000205559740607,0.00000103343620594,2.71262564411e-7,8.57694928413e-8,7.73583721525e-8,1.29548425321e-7,1.67328565226e-7,2.45947887834e-7,1.02129469326e-7,6.55878906741e-8,4.74545558404e-8,4.54271429362e-8,2.37418245064e-8,1.67462292922e-8,1.4213248356e-8,1.17203597938e-8,1.03695452225e-8,7.47282058455e-9,1.04004858059e-8,1.54062274049e-9,1.37523537003e-9,7.75163488953e-10,1.02270902858e-9,5.38923572435e-10,3.57483764812e-10,1.40851566521e-10,1.06083634932e-10,1.03015443398e-10,1.36472139145e-10,1.25537302775e-10,1.05287008278e-10,1.15113349408e-10,1.14462862799e-10,1.04330745432e-10,4.53581026905e-11,2.00392792638e-11,1.49156954149e-11,5.54091191332e-12]},"melbands_crest":{"dmean":2.81430387497,"dmean2":4.68968963623,"dvar":7.25033283234,"dvar2":18.713924408,"max":33.2276916504,"mean":12.6976137161,"median":12.1176395416,"min":1.55563485622,"var":20.2798118591},"melbands_flatness_db":{"dmean":0.0245027989149,"dmean2":0.0381020195782,"dvar":0.000731179141439,"dvar2":0.00172258855309,"max":0.478002727032,"mean":0.164727374911,"median":0.156079933047,"min":0.00259140087292,"var":0.00352767203003},"melbands_kurtosis":{"dmean":7.00652122498,"dmean2":11.4664354324,"dvar":235.53805542,"dvar2":555.172241211,"max":377.1824646,"mean":11.1853017807,"median":5.4295539856,"min":-1.79051661491,"var":538.519592285},"melbands_skewness":{"dmean":0.761793076992,"dmean2":1.21938109398,"dvar":0.930719614029,"dvar2":2.3384346962,"max":13.5372142792,"mean":2.52968335152,"median":2.27011060715,"min":-1.60157990456,"var":2.83040261269},"melbands_spread":{"dmean":9.41243934631,"dmean2":14.7431402206,"dvar":127.506622314,"dvar2":304.636810303,"max":181.953964233,"mean":34.2635383606,"median":30.0052871704,"min":0.690130770206,"var":572.334228516},"mfcc":{"cov":[[16613.9980469,1284.30322266,-60.91248703,494.73324585,-125.650360107,167.831130981,-40.7040367126,279.850891113,-13.4921855927,52.7004814148,88.581489563,-63.8110122681,-113.190368652],[1284.30322266,1109.1953125,-248.571609497,67.3020706177,-9.80833911896,21.7473583221,55.7977981567,9.16081428528,21.0631408691,-11.3247079849,15.2463703156,-40.2803153992,-14.0636205673],[-60.91248703,-248.571609497,724.699157715,26.0478839874,113.984565735,111.200431824,79.4177627563,65.3347473145,31.6882457733,54.3729629517,29.3271217346,39.2695045471,12.8536539078],[494.73324585,67.3020706177,26.0478839874,297.325927734,106.245834351,18.8567276001,0.0468479692936,-5.778403759,37.4495315552,20.7445487976,6.16879844666,9.29982280731,11.1392889023],[-125.650360107,-9.80833911896,113.984565735,106.245834351,231.589920044,64.3605804443,33.678943634,4.5405921936,34.6312065125,32.5589942932,17.661699295,10.6852579117,21.2824821472],[167.831130981,21.7473583221,111.200431824,18.8567276001,64.3605804443,141.27166748,70.2685699463,23.9637813568,4.86521244049,18.7023429871,20.5494194031,4.35787820816,-0.860742270947],[-40.7040367126,55.7977981567,79.4177627563,0.0468479692936,33.678943634,70.2685699463,155.676971436,55.1454048157,9.99776363373,3.23173356056,29.1001110077,9.92058944702,-0.4814042449],[279.850891113,9.16081428528,65.3347473145,-5.778403759,4.5405921936,23.9637813568,55.1454048157,106.176528931,17.5091972351,5.89696741104,5.39968061447,9.9414100647,5.48049926758],[-13.4921855927,21.0631408691,31.6882457733,37.4495315552,34.6312065125,4.86521244049,9.99776363373,17.5091972351,92.7831497192,29.2348842621,-2.00447368622,3.8800547123,11.0824289322],[52.7004814148,-11.3247079849,54.3729629517,20.7445487976,32.5589942932,18.7023429871,3.23173356056,5.89696741104,29.2348842621,87.4840774536,31.8261451721,3.5453338623,-2.78005218506],[88.581489563,15.2463703156,29.3271217346,6.16879844666,17.661699295,20.5494194031,29.1001110077,5.39968061447,-2.00447368622,31.8261451721,80.9082183838,14.8001689911,-7.90541696548],[-63.8110122681,-40.2803153992,39.2695045471,9.29982280731,10.6852579117,4.35787820816,9.92058944702,9.9414100647,3.8800547123,3.5453338623,14.8001689911,56.7605018616,22.2530059814],[-113.190368652,-14.0636205673,12.8536539078,11.1392889023,21.2824821472,-0.860742270947,-0.4814042449,5.48049926758,11.0824289322,-2.78005218506,-7.90541696548,22.2530059814,58.8826408386]],"icov":[[0.0000820316927275,-0.000089629109425,-0.0000139150715768,-0.000170161569258,0.000124945901916,-0.000154413035489,0.000225196665269,-0.000315823417623,0.0000870843723533,-0.00000485512555315,-0.0000970614055404,0.0000478946021758,0.000107578809548],[-0.000089629109425,0.00118518189993,0.00045449170284,-0.000115428330901,0.00000195221196009,-0.000112936337246,-0.000693340785801,0.000251980265602,-0.000425922684371,0.000182905365364,-0.000249644479482,0.000693197420333,-0.000204768846743],[-0.0000139150715768,0.00045449170284,0.00195048376918,0.0000660224977764,-0.000518138927873,-0.000993851339445,-0.000319656304782,-0.000667566782795,-0.000170453829924,-0.000661888276227,0.000157761998707,-0.000768700614572,0.000188324440387],[-0.000170161569258,-0.000115428330901,0.0000660224977764,0.0046125119552,-0.00217918143608,0.000424722733442,-0.0000121575303638,0.000939375953749,-0.00121439364739,-0.0000557030580239,0.000299903505947,-0.000875263707712,0.0000616280813119],[0.000124945901916,0.00000195221196009,-0.000518138927873,-0.00217918143608,0.00675445003435,-0.00234337244183,-0.000107248830318,0.000432751257904,-0.000952467788011,-0.000795636908151,-0.0007040547207,0.00079236010788,-0.00200299569406],[-0.000154413035489,-0.000112936337246,-0.000993851339445,0.000424722733442,-0.00234337244183,0.0112424204126,-0.00443181628361,0.000732145213988,0.00115186010953,-0.00128980248701,0.000210703205084,0.000412163528381,0.000314582313877],[0.000225196665269,-0.000693340785801,-0.000319656304782,-0.0000121575303638,-0.000107248830318,-0.00443181628361,0.0113774416968,-0.00511798588559,-0.000579348183237,0.00236174091697,-0.00342582957819,-0.000251544377534,0.000738398986869],[-0.000315823417623,0.000251980265602,-0.000667566782795,0.000939375953749,0.000432751257904,0.000732145213988,-0.00511798588559,0.0136453174055,-0.00215605390258,-0.000385580147849,0.00135968520772,-0.00130254973192,-0.000974100606982],[0.0000870843723533,-0.000425922684371,-0.000170453829924,-0.00121439364739,-0.000952467788011,0.00115186010953,-0.000579348183237,-0.00215605390258,0.0140756797045,-0.00514753907919,0.00261747883633,0.00000759402246331,-0.00165404693689],[-0.00000485512555315,0.000182905365364,-0.000661888276227,-0.0000557030580239,-0.000795636908151,-0.00128980248701,0.00236174091697,-0.000385580147849,-0.00514753907919,0.0166042223573,-0.0069167627953,0.00127828575205,0.00085434759967],[-0.0000970614055404,-0.000249644479482,0.000157761998707,0.000299903505947,-0.0007040547207,0.000210703205084,-0.00342582957819,0.00135968520772,0.00261747883633,-0.0069167627953,0.0178553182632,-0.00574872922152,0.00351617787965],[0.0000478946021758,0.000693197420333,-0.000768700614572,-0.000875263707712,0.00079236010788,0.000412163528381,-0.000251544377534,-0.00130254973192,0.00000759402246331,0.00127828575205,-0.00574872922152,0.0240184366703,-0.00936013739556],[0.000107578809548,-0.000204768846743,0.000188324440387,0.0000616280813119,-0.00200299569406,0.000314582313877,0.000738398986869,-0.000974100606982,-0.00165404693689,0.00085434759967,0.00351617787965,-0.00936013739556,0.0222744345665]],"mean":[-630.223022461,100.519004822,-5.18083238602,31.2179546356,6.94246578217,10.7649393082,1.70942389965,7.21545743942,4.38386774063,3.86514592171,1.886079669,-2.97958850861,-2.6876244545]},"pitch_salience":{"dmean":0.0645643174648,"dmean2":0.106081299484,"dvar":0.00366242788732,"dvar2":0.00972850527614,"max":0.880834817886,"mean":0.573067247868,"median":0.578664124012,"min":0.11529853195,"var":0.0110107902437},"silence_rate_20dB":{"dmean":0,"dmean2":0,"dvar":0,"dvar2":0,"max":1,"mean":1,"median":1,"min":1,"var":0},"silence_rate_30dB":{"dmean":0.00106951873749,"dmean2":0.00213932339102,"dvar":0.00106827379204,"dvar2":0.00320400367491,"max":1,"mean":0.999465286732,"median":1,"min":0,"var":0.000534367747605},"silence_rate_60dB":{"dmean":0.00401069503278,"dmean2":0.00802246294916,"dvar":0.00399426557124,"dvar2":0.00849314499646,"max":1,"mean":0.0884908437729,"median":0,"min":0,"var":0.0806717351079},"spectral_centroid":{"dmean":282.041809082,"dmean2":439.652740479,"dvar":95475.9921875,"dvar2":197081.875,"max":12007.4404297,"mean":1960.18322754,"median":1797.15795898,"min":220.3462677,"var":1857112.875},"spectral_complexity":{"dmean":4.14037418365,"dmean2":6.26607847214,"dvar":17.9065151215,"dvar2":35.8619651794,"max":59,"mean":26.2535762787,"median":28,"min":0,"var":169.150894165},"spectral_contrast_coeffs":{"dmean":[0.0483574308455,0.0474224798381,0.0427386574447,0.0329680666327,0.0220866259187,0.0180953331292],"dmean2":[0.0813658609986,0.0775354877114,0.0685624107718,0.0524631813169,0.0355791635811,0.028608193621],"dvar":[0.00183615274727,0.00155594223179,0.0013462373754,0.000786326476373,0.000379438162781,0.000294917379506],"dvar2":[0.0050995061174,0.00398364523426,0.00326966797002,0.00189078005496,0.000888630980626,0.000697447860148],"max":[-0.309903651476,-0.387923836708,-0.445633858442,-0.541691422462,-0.554995059967,-0.557721018791],"mean":[-0.663269877434,-0.762616991997,-0.766608715057,-0.780203104019,-0.78963726759,-0.738311171532],"median":[-0.661807537079,-0.767114281654,-0.771308124065,-0.782195627689,-0.788029313087,-0.731573104858],"min":[-0.981688261032,-0.98272228241,-0.978606343269,-0.972051382065,-0.970739781857,-0.964692056179],"var":[0.00710372393951,0.00513973180205,0.00581201491877,0.00311107933521,0.00200291583315,0.0029232702218]},"spectral_contrast_valleys":{"dmean":[0.383155018091,0.392451703548,0.360777765512,0.293083280325,0.229104071856,0.241735413671],"dmean2":[0.629661679268,0.627126455307,0.570726156235,0.457043617964,0.348005861044,0.321484476328],"dvar":[0.131811529398,0.131105870008,0.128837406635,0.096714630723,0.0864324867725,0.11152073741],"dvar2":[0.300727754831,0.292183250189,0.27026835084,0.187618225813,0.153867855668,0.181115880609],"max":[-5.04669761658,-4.78682184219,-5.34102201462,-5.81983709335,-5.66365432739,-7.46149873734],"mean":[-7.44615697861,-7.19323730469,-7.71113061905,-7.79717206955,-7.50897169113,-10.2232999802],"median":[-6.66506719589,-6.56393098831,-7.07791948318,-7.1084022522,-6.80435609818,-9.53197479248],"min":[-28.0010852814,-27.9466362,-27.8753528595,-27.6512241364,-27.5097446442,-27.4335727692],"var":[9.05347061157,8.9370136261,8.46115779877,8.28345775604,8.5138835907,6.88922166824]},"spectral_decrease":{"dmean":3.14238479682e-9,"dmean2":5.38921973714e-9,"dvar":3.11120694006e-17,"dvar2":8.4116420007e-17,"max":1.6463822963e-28,"mean":-7.35975191901e-9,"median":-6.53352305591e-9,"min":-4.78927653091e-8,"var":3.28392622243e-17},"spectral_energy":{"dmean":0.0122841782868,"dmean2":0.020947996527,"dvar":0.000456490233773,"dvar2":0.00123193929903,"max":0.184063315392,"mean":0.0302097611129,"median":0.027164593339,"min":9.76528476046e-21,"var":0.000511287071276},"spectral_energyband_high":{"dmean":0.000527090393007,"dmean2":0.000729457940906,"dvar":0.00000142773319567,"dvar2":0.0000025007889235,"max":0.027629474178,"mean":0.00137749279384,"median":0.000950823014136,"min":6.90116219597e-21,"var":0.00000376021625925},"spectral_energyband_low":{"dmean":0.00852415710688,"dmean2":0.0150900175795,"dvar":0.000381031975849,"dvar2":0.00105607532896,"max":0.165935114026,"mean":0.0127524007112,"median":0.00983131024987,"min":1.60421175964e-23,"var":0.000283429923002},"spectral_energyband_middle_high":{"dmean":0.00224019400775,"dmean2":0.00325843691826,"dvar":0.0000087455373432,"dvar2":0.0000177300771611,"max":0.0438466891646,"mean":0.00720332656056,"median":0.00560505641624,"min":1.2025232061e-21,"var":0.0000382996331609},"spectral_energyband_middle_low":{"dmean":0.00505833188072,"dmean2":0.00851634889841,"dvar":0.0000660932055325,"dvar2":0.000176447370904,"max":0.0806033015251,"mean":0.0102137858048,"median":0.00820709764957,"min":1.72558514121e-22,"var":0.0000846579860081},"spectral_entropy":{"dmean":0.109316028655,"dmean2":0.159762635827,"dvar":0.0149975167587,"dvar2":0.0270451419055,"max":9.82701778412,"mean":7.86274909973,"median":7.88464546204,"min":5.66826152802,"var":0.172004014254},"spectral_flux":{"dmean":0.0287891291082,"dmean2":0.0447223000228,"dvar":0.00142946501728,"dvar2":0.00250493083149,"max":0.352088600397,"mean":0.0941466987133,"median":0.0846932530403,"min":6.38712693846e-11,"var":0.00339657557197},"spectral_kurtosis":{"dmean":1.03032851219,"dmean2":1.73288393021,"dvar":1.66615366936,"dvar2":4.63581705093,"max":35.8025741577,"mean":3.46657633781,"median":3.18919992447,"min":-1.2766200304,"var":6.12767934799},"spectral_rms":{"dmean":0.000921662314795,"dmean2":0.00151346682105,"dvar":0.00000176170772193,"dvar2":0.00000459060220237,"max":0.0134005211294,"mean":0.00499469041824,"median":0.00514801358804,"min":3.08660128706e-12,"var":0.00000452593985756},"spectral_rolloff":{"dmean":615.08782959,"dmean2":1006.74731445,"dvar":781152.4375,"dvar2":1792154.625,"max":19509.0820312,"mean":2259.76708984,"median":1787.25585938,"min":86.1328125,"var":6971591.5},"spectral_skewness":{"dmean":0.156763777137,"dmean2":0.254200547934,"dvar":0.0260348543525,"dvar2":0.0624229423702,"max":4.38649654388,"mean":1.25734174252,"median":1.25500285625,"min":-0.100738942623,"var":0.163855493069},"spectral_spread":{"dmean":461251.53125,"dmean2":657672.75,"dvar":554568712192,"dvar2":927151030272,"max":42897780,"mean":5216998.5,"median":4501734,"min":1539719.75,"var":23556484235300},"spectral_strongpeak":{"dmean":0.550920546055,"dmean2":0.968407869339,"dvar":1.15476405621,"dvar2":2.94373631477,"max":11.6516399384,"mean":0.751825153828,"median":0.328611522913,"min":0,"var":1.39689362049},"zerocrossingrate":{"dmean":0.011099781841,"dmean2":0.0133439386263,"dvar":0.000148981431266,"dvar2":0.000180301634828,"max":0.52685546875,"mean":0.0807606503367,"median":0.06982421875,"min":0.00537109375,"var":0.00428776722401}},"metadata":{"audio_properties":{"analysis_sample_rate":44100,"bit_rate":0,"codec":"flac","downmix":"mix","equal_loudness":0,"length":173.666671753,"lossless":true,"md5_encoded":"cc6cb360ca62598204c17d17452f132f","replay_gain":-15.0025501251,"sample_rate":44100},"tags":{"album":["Whatever People Say I Am, That’s What I’m Not"],"albumartist":["Arctic Monkeys"],"albumartistsort":["Arctic Monkeys"],"artist":["Arctic Monkeys"],"artistsort":["Arctic Monkeys"],"barcode":["094636663623"],"catalognumber":["094636663623"],"date":["2006"],"discnumber":["1"],"disctotal":["1"],"file_name":"01-06 Still Take You Home.flac","genre":["Indie"],"isrc":["GBCEL0501185"],"label":["Domino"],"media":["CD"],"musicbrainz_albumartistid":["ada7a83c-e3e1-40f1-93f9-3e73dbc9298a"],"musicbrainz_albumid":["f06c983e-89c4-32d2-874a-9045343abbf3"],"musicbrainz_artistid":["ada7a83c-e3e1-40f1-93f9-3e73dbc9298a"],"musicbrainz_recordingid":["bd51a089-193a-4d25-bc7f-81ac84924043"],"musicbrainz_releasegroupid":["6c9c4985-3628-3070-b956-b538f30c9bea"],"originaldate":["2006-01-23"],"producer":["Jim Abbiss"],"releasecountry":["AR"],"releasestatus":["official"],"releasetype":["album"],"script":["Latn"],"title":["Still Take You Home"],"totaldiscs":["1"],"totaltracks":["13"],"tracknumber":["6"],"tracktotal":["13"]},"version":{"essentia":"2.1-beta1","essentia_build_sha":"ca57ba49d9b1854bd80e60cf9ccf267278fb7d6b","essentia_git_sha":"v2.1_beta1-28-g21ef5f4-dirty","extractor":"music 1.0"}},"rhythm":{"beats_count":317,"beats_loudness":{"dmean":0.0089359106496,"dmean2":0.0154133392498,"dvar":0.000100026365544,"dvar2":0.000253919133684,"max":0.10393948108,"mean":0.0338388755918,"median":0.0364451892674,"min":0,"var":0.000282377382973},"beats_loudness_band_ratio":{"dmean":[0.127669140697,0.0980710834265,0.106797665358,0.0933678299189,0.076264038682,0.0529040396214],"dmean2":[0.223805740476,0.17401252687,0.1857029