{"lowlevel":{"average_loudness":0.901970803738,"barkbands":{"dmean":[0.0223172828555,0.0454360730946,0.01812007837,0.00607376918197,0.00397916184738,0.00124227872584,0.000379406439606,0.000270679505775,0.000444466684712,0.000181628784048,0.000138286777656,0.000157548609423,0.00020041501557,0.0000936635988182,0.0000704097765265,0.0000454446162621,0.0000474760454381,0.0000347233726643,0.0000271035351034,0.0000201701968763,0.0000158402181114,0.00000939459096116,0.00000687806414135,0.0000065215763243,0.00000628243833489,0.00000615786029812,0.000012700100342],"dmean2":[0.0357046350837,0.0759339407086,0.031317025423,0.0105070164427,0.00655305525288,0.00195590802468,0.000610151677392,0.000436458911281,0.00071530364221,0.00029368174728,0.000220190806431,0.000252527359407,0.000313580647344,0.00014767756511,0.000111478046165,0.0000711782777216,0.0000733250199119,0.0000529160533915,0.0000419434873038,0.0000312752999889,0.000024036549803,0.0000153308574227,0.0000116205701488,0.0000110199944174,0.000010626630683,0.0000104084665509,0.0000186000161193],"dvar":[0.00177700165659,0.00613043131307,0.000730520987418,0.0000731089312467,0.000037116718886,0.00000717420698493,4.48199671155e-7,2.80171917666e-7,6.99334236742e-7,1.63389515251e-7,1.04330567297e-7,8.7413873473e-8,2.99516557334e-7,7.38150447432e-8,1.88243749477e-8,6.00677774187e-9,6.76240663466e-9,3.23736770724e-9,1.83944515175e-9,9.99124449841e-10,7.30263849391e-10,2.99576613516e-10,1.87996423984e-10,1.7112711248e-10,1.5946413634e-10,1.52423240696e-10,3.67799762868e-10],"dvar2":[0.00416271900758,0.0156787075102,0.00198439485393,0.000203194431379,0.0000923778279684,0.0000159504434123,0.00000106902996322,6.44043950615e-7,0.00000176180321887,4.06689594001e-7,2.22993961074e-7,2.06420409654e-7,6.65979484893e-7,1.78141178253e-7,4.21955732577e-8,1.35555850989e-8,1.56096326975e-8,7.14166725757e-9,4.04107636243e-9,2.29648633443e-9,1.62264857106e-9,7.13750114567e-10,4.58454885166e-10,4.17621021098e-10,3.89439286375e-10,3.71858710491e-10,7.54743267883e-10],"max":[0.652238130569,1.17782473564,0.44562330842,0.129523128271,0.107280001044,0.0736227929592,0.0205885861069,0.0150808077306,0.0214000660926,0.0103984614834,0.0110168326646,0.00739107420668,0.016453454271,0.0156826227903,0.00344701996073,0.00113837025128,0.00123473373242,0.00118503696285,0.00101498374715,0.00055616494501,0.00055058801081,0.000294082943583,0.000239954184508,0.000233350292547,0.000222499220399,0.000219985071453,0.000308871181915],"mean":[0.0239043235779,0.0569409392774,0.0221349019557,0.00732173817232,0.00632718717679,0.00202724803239,0.000577011553105,0.000368625012925,0.00068870006362,0.0002568482887,0.000196011082153,0.000238641543547,0.000292938086204,0.000133919413202,0.000100530451164,0.0000677037824062,0.0000731236868887,0.0000571361779294,0.0000491387290822,0.0000355665215466,0.000025226332582,0.00001106615764,0.00000686432667862,0.00000606134517511,0.00000569037138121,0.00000583546943744,0.0000239848923229],"median":[0.00754764024168,0.0288344286382,0.0126014649868,0.00404461752623,0.00303434766829,0.000743390119169,0.000268086238066,0.000174645800143,0.000286495807813,0.00011318205361,0.0000874877805472,0.000113359637908,0.000112145760795,0.0000611371360719,0.00004875184095,0.0000362936552847,0.0000390313107346,0.0000294746023428,0.0000256419662037,0.0000193155628949,0.0000134677420647,0.00000507287495566,0.00000242935016104,0.00000180653512416,0.00000159612841344,0.00000182937924365,0.0000145327439895],"min":[3.55023545284e-11,1.04245952148e-10,7.05239477927e-11,8.30137486529e-11,1.71927069803e-10,1.43340478376e-10,2.55246778574e-12,1.02847472292e-12,1.33106086916e-11,3.52792708241e-12,9.11772393697e-12,2.85211567905e-12,7.04994179354e-12,8.54835299768e-12,3.00435266942e-11,1.96649519585e-11,4.93110326877e-12,1.26964879582e-11,1.05397296793e-11,1.05205818016e-11,1.40290643685e-11,2.49635971616e-11,2.26214654647e-11,2.31762994213e-11,1.29583115072e-11,2.39198019031e-11,2.59872557501e-11],"var":[0.00187293859199,0.00663038389757,0.000869952200446,0.0000959098397288,0.0000789068362792,0.0000161396146723,9.49838920405e-7,4.54541975614e-7,0.0000013776908645,2.68942244475e-7,1.61386296327e-7,1.65807136909e-7,5.29876444944e-7,1.05302312647e-7,3.1099453679e-8,8.97982577186e-9,1.01868922187e-8,5.9072386982e-9,4.07860634155e-9,2.02071848143e-9,1.16157072849e-9,3.28683108508e-10,1.8183723971e-10,1.64893626531e-10,1.53270340864e-10,1.46909040488e-10,7.30172033947e-10]},"barkbands_crest":{"dmean":3.3088414669,"dmean2":5.53452777863,"dvar":7.10315799713,"dvar2":19.6008815765,"max":25.2186698914,"mean":13.5057649612,"median":13.0340948105,"min":3.4773619175,"var":14.6574754715},"barkbands_flatness_db":{"dmean":0.0460914075375,"dmean2":0.0757011026144,"dvar":0.00140319031198,"dvar2":0.00373176229186,"max":0.529271423817,"mean":0.256183236837,"median":0.252703040838,"min":0.0343218967319,"var":0.00344448024407},"barkbands_kurtosis":{"dmean":20.3234653473,"dmean2":33.4385261536,"dvar":756.944580078,"dvar2":1926.11108398,"max":481.018157959,"mean":38.5155639648,"median":26.576210022,"min":-1.59017014503,"var":1645.6184082},"barkbands_skewness":{"dmean":1.24389922619,"dmean2":2.00046992302,"dvar":1.28105652332,"dvar2":3.23582386971,"max":15.8578968048,"mean":4.30901193619,"median":4.00445270538,"min":-0.762867093086,"var":3.87941384315},"barkbands_spread":{"dmean":2.00631451607,"dmean2":3.29413866997,"dvar":5.35328388214,"dvar2":12.8877716064,"max":76.3451461792,"mean":4.3954539299,"median":3.55337333679,"min":0.210392951965,"var":12.4661817551},"dissonance":{"dmean":0.0221279151738,"dmean2":0.036744184792,"dvar":0.000435932190157,"dvar2":0.00117760582361,"max":0.500000178814,"mean":0.457792669535,"median":0.464269369841,"min":0.265559971333,"var":0.000861010048538},"dynamic_complexity":2.07770347595,"erbbands":{"dmean":[2.39737796783,6.99730539322,18.9678516388,20.836555481,16.18891716,12.383805275,10.8837966919,9.43387126923,6.48486709595,4.78309488297,7.00661563873,10.6643924713,5.74218988419,6.20927143097,4.90471696854,7.0646982193,8.97637557983,4.87675428391,3.85847687721,3.11446094513,2.49586701393,2.58270645142,1.98344743252,1.55290496349,1.24507856369,0.938588917255,0.735141932964,0.542398393154,0.349681168795,0.247954875231,0.190672472119,0.144349217415,0.104477919638,0.0710155516863,0.0442784614861,0.0244938135147,0.0114109721035,0.00431005004793,0.00148596486542,0.000300212675938],"dmean2":[4.00798940659,11.8512220383,32.7609024048,35.7589187622,27.4819889069,20.2203998566,17.2940330505,14.930513382,10.3471651077,7.68549442291,11.3121261597,17.1157207489,9.18783855438,9.864153862,7.79086828232,11.2692098618,13.9515266418,7.69946861267,6.05389118195,4.81721973419,3.85876917839,3.95440840721,2.99824142456,2.37843871117,1.90704917908,1.45746874809,1.12069904804,0.834490358829,0.565766990185,0.415826588869,0.321755170822,0.24389962852,0.176657274365,0.120085068047,0.0748673677444,0.0414133705199,0.0192774012685,0.00714197382331,0.00221093883738,0.000433233799413],"dvar":[19.7771701813,130.109100342,810.738037109,784.504821777,657.944458008,447.873474121,650.630371094,446.005126953,151.887054443,71.4975891113,170.713165283,411.483062744,131.493011475,283.55557251,97.8113250732,178.65838623,606.183166504,134.978118896,93.6313934326,35.4030532837,17.8884162903,19.6001834869,10.3652591705,6.52444648743,3.9765894413,2.18181777,1.46858561039,0.880321621895,0.409050524235,0.236884996295,0.144105523825,0.0835070684552,0.0440548956394,0.0203689225018,0.00791763421148,0.00242213765159,0.00052257173229,0.0000691557943355,0.00000573836086915,1.68541902212e-7],"dvar2":[50.8382835388,344.778259277,2182.86474609,2163.37548828,1745.72814941,1107.29248047,1420.19848633,1005.00866699,353.956268311,160.887084961,421.510559082,1034.90246582,309.010437012,657.721252441,227.448791504,419.301055908,1332.99279785,329.845184326,212.388168335,73.8586273193,39.9644126892,44.1129684448,22.7471446991,14.5820436478,8.85747718811,4.99286794662,3.29948186874,1.98539304733,0.968891620636,0.573719441891,0.351624310017,0.203757166862,0.107554398477,0.0497361235321,0.019332414493,0.00591275747865,0.00127406383399,0.000166446363437,0.0000123444588098,3.28432321339e-7],"max":[54.3493537903,220.368469238,379.152862549,453.345397949,487.039337158,507.955108643,641.848266602,529.490722656,378.964263916,308.114868164,415.712005615,539.482177734,329.768615723,472.933929443,289.88961792,359.696716309,754.285644531,406.168182373,471.753570557,234.868713379,63.1209220886,66.7138442993,60.0198822021,71.2682647705,56.9882850647,25.4098720551,21.6487598419,17.4764957428,11.2114992142,8.38203239441,6.65323591232,5.20327806473,3.70324420929,2.51514673233,1.56775891781,0.868207275867,0.409805685282,0.149176567793,0.0433900803328,0.00652013393119],"mean":[2.79142951965,8.5123052597,23.5914554596,27.5713939667,22.6972904205,19.8671188354,16.9023113251,15.7239332199,10.6810340881,7.06168460846,10.4906892776,16.6261825562,8.63811397552,9.09075260162,7.53199291229,11.2017879486,13.7788772583,7.55397891998,5.74514389038,4.72273826599,3.918633461,4.10253000259,3.30885076523,2.72899889946,2.27068853378,1.67094314098,1.22905254364,0.811162292957,0.427165418863,0.256188899279,0.190204128623,0.138680696487,0.0949929133058,0.0644010677934,0.0401733294129,0.0222829133272,0.0110238548368,0.00491795735434,0.00271368329413,0.000655482872389],"median":[1.11606538296,4.91608572006,13.6865930557,17.0466556549,11.9587049484,8.44386959076,6.6793217659,5.83904075623,4.76247549057,3.56690835953,5.50565767288,6.89920139313,4.62207603455,3.84247708321,4.03805398941,5.63431787491,5.7009267807,3.72949409485,2.89401555061,2.34847712517,2.16592955589,2.2154750824,1.75729835033,1.42489230633,1.20489895344,0.893724739552,0.665274262428,0.427658170462,0.201097935438,0.097330480814,0.0674348697066,0.0449153445661,0.0268666725606,0.0181073416024,0.0113111985847,0.00632697204128,0.00361175835133,0.00220075342804,0.001541496953,0.000459056638647],"min":[4.14684508954e-9,1.53911585699e-8,7.87940166447e-8,2.07437466315e-7,2.76160221802e-7,6.27302881639e-7,8.62449212491e-7,9.24950768422e-7,9.84604113796e-8,2.8878675451e-8,4.60999558527e-8,3.59280306839e-7,1.66450377037e-7,1.40097412782e-7,4.22249854637e-7,1.75588425577e-7,3.31812771037e-7,4.23219603363e-7,0.00000136263179229,0.00000165782216754,0.0000010517650253,2.6116333629e-7,5.46642695554e-7,7.88882573488e-7,3.49386027665e-7,4.83470785184e-7,7.40843347558e-7,5.41010194866e-7,9.41999587667e-7,5.81545350542e-7,8.31330169149e-7,7.32305238671e-7,1.43043237699e-7,1.29801279058e-7,9.06277648483e-8,3.62138337096e-8,6.04041332508e-8,1.90542941425e-8,3.92916055247e-9,3.71923464249e-10],"var":[21.0806713104,132.212310791,942.515808105,1048.27026367,1016.22363281,998.702514648,1235.97729492,1084.32946777,460.492614746,137.500183105,265.542755127,823.155700684,221.830062866,445.517364502,146.151794434,326.650024414,1095.61889648,208.466827393,137.569656372,71.9026412964,28.0507736206,30.9016437531,18.7529678345,13.0861339569,8.62173557281,4.51021337509,2.54994416237,1.27190124989,0.460750222206,0.235027596354,0.139460325241,0.0805110707879,0.0423810705543,0.019587347284,0.00761504750699,0.00233060028404,0.000504353025462,0.0000710471649654,0.0000105864992292,3.63050247643e-7]},"erbbands_crest":{"dmean":3.26285433769,"dmean2":5.40471363068,"dvar":7.87157535553,"dvar2":20.8073825836,"max":29.0564727783,"mean":9.84803295135,"median":9.00626945496,"min":2.01223349571,"var":17.8832511902},"erbbands_flatness_db":{"dmean":0.031847756356,"dmean2":0.0511131249368,"dvar":0.000658254139125,"dvar2":0.00171122129541,"max":0.31469592452,"mean":0.154249042273,"median":0.152204826474,"min":0.0537196733057,"var":0.00169539393391},"erbbands_kurtosis":{"dmean":1.41669750214,"dmean2":2.31099200249,"dvar":4.52657556534,"dvar2":11.282122612,"max":34.6864318848,"mean":0.969733834267,"median":0.213898897171,"min":-1.78985929489,"var":7.86180210114},"erbbands_skewness":{"dmean":0.479392796755,"dmean2":0.759458065033,"dvar":0.190355628729,"dvar2":0.47051846981,"max":5.62260007858,"mean":0.889104187489,"median":0.827929139137,"min":-3.31578397751,"var":0.662771582603},"erbbands_spread":{"dmean":8.60552310944,"dmean2":13.4349956512,"dvar":57.4818763733,"dvar2":133.207000732,"max":124.092842102,"mean":38.0098876953,"median":35.9464302063,"min":5.07406187057,"var":233.985870361},"gfcc":{"cov":[[2550.57006836,-384.460845947,-29.1615009308,-99.0218887329,-177.777603149,131.65637207,-238.035110474,148.4269104,-152.901138306,82.8129348755,-19.1260547638,29.7727718353,75.0362625122],[-384.460845947,600.255615234,-95.8964614868,-104.441383362,108.547073364,-152.178817749,148.603973389,-143.997909546,48.1561393738,-74.0180282593,30.0260105133,-29.4255962372,-7.75038099289],[-29.1615009308,-95.8964614868,282.785491943,81.5063476562,-91.2587280273,137.131271362,-94.0846099854,88.7579803467,-18.1968040466,18.841003418,-29.4932994843,14.0542163849,-11.2483654022],[-99.0218887329,-104.441383362,81.5063476562,200.957077026,101.763153076,-22.668762207,23.8808555603,8.39658069611,18.4975032806,8.95956611633,-8.50830459595,-3.42623782158,1.26353299618],[-177.777603149,108.547073364,-91.2587280273,101.763153076,211.667037964,-60.4861450195,112.165641785,-65.320640564,40.984161377,-18.7420730591,20.7221088409,-19.5288352966,11.6152906418],[131.65637207,-152.178817749,137.131271362,-22.668762207,-60.4861450195,230.784759521,-53.3653717041,95.9439239502,-29.4963474274,23.7066574097,-20.8961582184,17.0785903931,-0.770361840725],[-238.035110474,148.603973389,-94.0846099854,23.8808555603,112.165641785,-53.3653717041,193.986068726,-26.7440109253,54.677734375,-25.0282096863,5.68144607544,-20.1863460541,-3.13982582092],[148.4269104,-143.997909546,88.7579803467,8.39658069611,-65.320640564,95.9439239502,-26.7440109253,137.265884399,16.9080524445,28.3037967682,-19.669336319,-1.40579283237,1.40188503265],[-152.901138306,48.1561393738,-18.1968040466,18.4975032806,40.984161377,-29.4963474274,54.677734375,16.9080524445,93.2756500244,29.7637710571,10.6165075302,-4.70689344406,-10.54874897],[82.8129348755,-74.0180282593,18.841003418,8.95956611633,-18.7420730591,23.7066574097,-25.0282096863,28.3037967682,29.7637710571,73.3734130859,39.0565109253,15.9757289886,3.44556117058],[-19.1260547638,30.0260105133,-29.4932994843,-8.50830459595,20.7221088409,-20.8961582184,5.68144607544,-19.669336319,10.6165075302,39.0565109253,72.7919006348,39.9348831177,15.8204469681],[29.7727718353,-29.4255962372,14.0542163849,-3.42623782158,-19.5288352966,17.0785903931,-20.1863460541,-1.40579283237,-4.70689344406,15.9757289886,39.9348831177,69.6541290283,35.0159492493],[75.0362625122,-7.75038099289,-11.2483654022,1.26353299618,11.6152906418,-0.770361840725,-3.13982582092,1.40188503265,-10.54874897,3.44556117058,15.8204469681,35.0159492493,58.4550971985]],"icov":[[0.000746115692891,-0.000435945985373,0.000390537781641,0.00114185572602,-0.00195198762231,0.00122112932149,0.000427604303695,-0.0022279038094,0.00363308098167,-0.00454705301672,0.00425097206607,-0.00298274029046,0.00107514928095],[-0.000435945985373,0.0167474057525,-0.0288580115885,0.0385078191757,-0.029083205387,0.0223744194955,-0.0107635967433,0.00374725554138,0.00335806678049,-0.00306574534625,0.00614774087444,-0.00681726122275,0.00500702112913],[0.000390537781641,-0.0288580115885,0.0721885710955,-0.0963703244925,0.083085976541,-0.0621462874115,0.0245048571378,0.005693085026,-0.0312053449452,0.0407396219671,-0.0468202270567,0.042078409344,-0.0250692293048],[0.00114185572602,0.0385078191757,-0.0963703244925,0.147100314498,-0.132197603583,0.0940042883158,-0.0316332876682,-0.0210109055042,0.0607361197472,-0.081151895225,0.0932824462652,-0.0820880755782,0.0478980243206],[-0.00195198762231,-0.029083205387,0.083085976541,-0.132197603583,0.134348005056,-0.0892892256379,0.0235702805221,0.0322539545596,-0.0722878351808,0.0950801819563,-0.108241468668,0.0963079929352,-0.0569298937917],[0.00122112932149,0.0223744194955,-0.0621462874115,0.0940042883158,-0.0892892256379,0.070643030107,-0.0205782931298,-0.0225538704544,0.0509639121592,-0.0656370967627,0.073526635766,-0.0653566047549,0.0378336161375],[0.000427604303695,-0.0107635967433,0.0245048571378,-0.0316332876682,0.0235702805221,-0.0205782931298,0.0184132698923,-0.000473908585263,-0.0140352221206,0.0172107052058,-0.016837945208,0.0146919703111,-0.00832215044647],[-0.0022279038094,0.00374725554138,0.005693085026,-0.0210109055042,0.0322539545596,-0.0225538704544,-0.000473908585263,0.0334789194167,-0.0357909202576,0.0386326983571,-0.0409466102719,0.0397831946611,-0.0241133216769],[0.00363308098167,0.00335806678049,-0.0312053449452,0.0607361197472,-0.0722878351808,0.0509639121592,-0.0140352221206,-0.0357909202576,0.0796592459083,-0.0920433327556,0.0905642583966,-0.0762335509062,0.0445597246289],[-0.00454705301672,-0.00306574534625,0.0407396219671,-0.081151895225,0.0950801819563,-0.0656370967627,0.0172107052058,0.0386326983571,-0.0920433327556,0.142227217555,-0.138316333294,0.105230979621,-0.0553309135139],[0.00425097206607,0.00614774087444,-0.0468202270567,0.0932824462652,-0.108241468668,0.073526635766,-0.016837945208,-0.0409466102719,0.0905642583966,-0.138316333294,0.163245648146,-0.126751959324,0.0631292164326],[-0.00298274029046,-0.00681726122275,0.042078409344,-0.0820880755782,0.0963079929352,-0.0653566047549,0.0146919703111,0.0397831946611,-0.0762335509062,0.105230979621,-0.126751959324,0.126185894012,-0.0686102285981],[0.00107514928095,0.00500702112913,-0.0250692293048,0.0478980243206,-0.0569298937917,0.0378336161375,-0.00832215044647,-0.0241133216769,0.0445597246289,-0.0553309135139,0.0631292164326,-0.0686102285981,0.0577899068594]],"mean":[-26.2824306488,135.261245728,-65.9440231323,27.8052902222,-10.6308393478,1.09749948978,-6.24398422241,-3.59542679787,-12.825044632,-3.21603798866,-8.76386451721,-5.19433403015,-9.13780117035]},"hfc":{"dmean":6.75866746902,"dmean2":10.5646390915,"dvar":71.2185592651,"dvar2":161.84765625,"max":139.307113647,"mean":15.2630786896,"median":12.2999076843,"min":0.00000233325431509,"var":123.361167908},"melbands":{"dmean":[0.0169177744538,0.0089950254187,0.00334315467626,0.00097910547629,0.000400213088142,0.000214506537304,0.0000943482009461,0.0000520592802786,0.0000644037281745,0.0000644754909445,0.000028459193345,0.0000254942187894,0.0000167769994732,0.0000166352619999,0.0000235085717577,0.0000161303687491,0.00000920340789889,0.00000674185866956,0.00000510910149387,0.00000350775053448,0.00000301398222291,0.00000288718183583,0.00000226887618737,0.00000161712205227,0.00000130324986003,0.00000102887986486,8.33078900087e-7,6.19146248937e-7,4.87132297167e-7,4.08692955034e-7,2.95282461593e-7,2.09789121186e-7,1.58450802701e-7,1.3023857548e-7,1.11798776459e-7,9.73170060092e-8,8.47151540029e-8,7.43244612522e-8,6.54906102682e-8,5.79584273908e-8],"dmean2":[0.0278954729438,0.0153907742351,0.00571467913687,0.00162531470414,0.000638665631413,0.000338331476087,0.000150216161273,0.0000836108592921,0.000104402010038,0.000103389473225,0.0000456037851109,0.0000405989121646,0.0000267609448201,0.0000268016847258,0.0000370364068658,0.0000252585177805,0.0000146689108078,0.0000106428742583,0.00000812915641291,0.00000547652371097,0.0000047228782023,0.00000448295577371,0.00000351367361873,0.00000250330708695,0.00000203699528356,0.00000160501338087,0.00000130677267407,9.82104211289e-7,7.5651263387e-7,6.28642794709e-7,4.63105294557e-7,3.39131503324e-7,2.63127191147e-7,2.19537142243e-7,1.88756800412e-7,1.64276940495e-7,1.43178837675e-7,1.25675995832e-7,1.1075208306e-7,9.80108936233e-8],"dvar":[0.000918434292544,0.000173364329385,0.0000194153908524,0.00000224905102186,7.24646326944e-7,2.10376995824e-7,3.04896943248e-8,8.90484130878e-9,1.45561278586e-8,1.47539553907e-8,3.3537035371e-9,4.79613726512e-9,1.14005482832e-9,9.54747170212e-10,3.37602834577e-9,1.79383585763e-9,5.70706093495e-10,3.81699810648e-10,9.49652231852e-11,3.92653028147e-11,2.76060320437e-11,2.48532687486e-11,1.58010843992e-11,7.39971885849e-12,4.70787688348e-12,2.84949776448e-12,1.76065921825e-12,9.57750805747e-13,6.08321119172e-13,5.31414051218e-13,2.66917998121e-13,1.42794291474e-13,9.25952091152e-14,6.65150307879e-14,4.93801166949e-14,3.75547371521e-14,2.88362304141e-14,2.2292191083e-14,1.73210648298e-14,1.35689130084e-14],"dvar2":[0.00230949069373,0.000459979142761,0.000053033221775,0.00000581996937399,0.00000158766465574,4.71764934673e-7,7.06593183963e-8,1.9729426981e-8,3.67626071807e-8,3.65444208228e-8,7.88565568399e-9,1.13403491042e-8,2.6098192496e-9,2.30550645242e-9,7.40259187282e-9,4.27284385651e-9,1.39653688613e-9,8.7737206389e-10,2.12691489421e-10,8.76364744662e-11,6.40092701065e-11,5.74602310177e-11,3.71279465505e-11,1.68587019345e-11,1.08859614031e-11,6.52390814981e-12,4.10160013592e-12,2.2721711665e-12,1.39433386712e-12,1.21392978135e-12,6.19291673064e-13,3.37426267483e-13,2.24138104452e-13,1.61628834774e-13,1.20596471719e-13,9.16478400332e-14,7.03728186293e-14,5.44250720338e-14,4.22966037737e-14,3.31343296984e-14],"max":[0.366648882627,0.167308568954,0.0726637393236,0.0264729391783,0.0254413764924,0.0105823772028,0.00533191254362,0.00272380933166,0.00371316308156,0.00292962160893,0.00159627490211,0.00181872060057,0.00083256495418,0.000676787982229,0.00175570475403,0.00127185182646,0.00103894411586,0.0011411907617,0.000254871847574,0.000185625918675,0.0000869600917213,0.0000806712632766,0.0000713800327503,0.0000557801504328,0.0000606471621722,0.0000554945763724,0.0000222087637667,0.0000162398519024,0.0000119709984574,0.0000185123390111,0.00000947934040596,0.00000649973571853,0.00000518887054568,0.00000470917711937,0.00000386418059861,0.00000352651886715,0.00000303455317407,0.00000263212791651,0.00000231932131101,0.00000205263927455],"mean":[0.020893316716,0.0119526088238,0.00474244216457,0.00151934789028,0.000649964378681,0.000360212754458,0.000155659203301,0.0000747256708564,0.0000970647961367,0.0000991366614471,0.0000405556602345,0.000036356253986,0.0000244536040555,0.0000256119856203,0.0000357730059477,0.0000235748302657,0.0000131872993734,0.00000950447156356,0.00000726180769561,0.00000515320107297,0.00000449360413768,0.00000436986647401,0.000003496717909,0.00000259328680841,0.00000217402384806,0.00000178268055606,0.00000140683505379,0.00000103908234905,7.94199138454e-7,6.27427652944e-7,4.14247494973e-7,2.56749672189e-7,1.67786311067e-7,1.30597825887e-7,1.10685014931e-7,9.74497780248e-8,7.92182675013e-8,6.73523814498e-8,5.93261084703e-8,5.25051468969e-8],"median":[0.00967004429549,0.00755656277761,0.00310895917937,0.000755438639317,0.000264547561528,0.000132052387926,0.0000689218504704,0.0000367032953363,0.000047081408411,0.0000405724567827,0.0000197161680262,0.0000145367685036,0.0000122760056911,0.0000127506746139,0.0000147916380229,0.00000974067097559,0.00000598860287937,0.00000441068596047,0.00000352927645508,0.00000266045026365,0.00000238040593104,0.00000230048703997,0.00000182558710549,0.00000132907837269,0.00000111321287477,9.25832807752e-7,7.38509470466e-7,5.51338985133e-7,4.24364685614e-7,3.30505656621e-7,2.13696367268e-7,1.2092927193e-7,6.77535112459e-8,4.71381191858e-8,3.87161058768e-8,3.4739642274e-8,2.40919924011e-8,1.89440694243e-8,1.66536349155e-8,1.47088163871e-8],"min":[3.84536257003e-11,3.82516934794e-11,3.87403407964e-11,3.36183719751e-11,3.13778343586e-11,2.25752836563e-11,1.05965431742e-12,2.73323247715e-13,4.48694195947e-13,2.33319201633e-12,7.30314463418e-13,4.52373056549e-13,1.3176023857e-12,5.16407500529e-13,5.21459611602e-13,9.20842829072e-13,2.13197149279e-13,2.01774165952e-12,2.4928401357e-12,1.93078062219e-12,1.05776888984e-12,2.65064771347e-13,2.81562533705e-13,6.05107923404e-13,6.75953271221e-13,3.40730238078e-13,1.67601867172e-13,3.50205216389e-13,3.87377602868e-13,3.33070268414e-13,3.03482933228e-13,5.52078348315e-13,4.54600875173e-13,2.83224073534e-13,4.38231536563e-13,6.64094593119e-13,3.04702741987e-13,7.88756606145e-14,9.85951771615e-14,1.13991119061e-13],"var":[0.00100068107713,0.000202375027584,0.0000269475021923,0.0000043328927859,0.00000154792053308,5.31241141744e-7,9.35881203645e-8,1.67507838711e-8,2.4158239853e-8,2.84801338069e-8,5.59906743192e-9,7.58529505873e-9,1.69353620016e-9,1.65768698768e-9,6.37540820136e-9,2.79891909649e-9,8.35416569256e-10,5.33509680878e-10,1.5276473142e-10,6.5476790656e-11,4.06928588048e-11,3.72097491708e-11,2.38221681964e-11,1.27197566716e-11,8.78851765668e-12,5.80132339736e-12,3.39753073765e-12,1.82576479976e-12,1.0539240921e-12,7.86685224342e-13,3.54818252687e-13,1.63877334554e-13,9.39063483549e-14,6.50368702036e-14,4.77528681474e-14,3.62529491561e-14,2.77836293468e-14,2.14443229612e-14,1.66538112375e-14,1.30460031477e-14]},"melbands_crest":{"dmean":4.97347640991,"dmean2":8.3729763031,"dvar":16.8430023193,"dvar2":44.262096405,"max":39.1406860352,"mean":21.338180542,"median":20.4911212921,"min":4.74450540543,"var":37.4688835144},"melbands_flatness_db":{"dmean":0.0525729618967,"dmean2":0.086689285934,"dvar":0.00178045372013,"dvar2":0.00481305457652,"max":0.677662312984,"mean":0.386901646852,"median":0.384128570557,"min":0.0852664411068,"var":0.00429022777826},"melbands_kurtosis":{"dmean":35.1190261841,"dmean2":57.8143386841,"dvar":3465.04077148,"dvar2":9664.81933594,"max":2254.13598633,"mean":67.7121353149,"median":45.9449234009,"min":-1.07460057735,"var":6775.3984375},"melbands_skewness":{"dmean":1.53282809258,"dmean2":2.45669436455,"dvar":2.20471405983,"dvar2":5.62565660477,"max":35.7064247131,"mean":5.51056337357,"median":5.08835268021,"min":0.074354596436,"var":6.83791637421},"melbands_spread":{"dmean":1.68786787987,"dmean2":2.76353859901,"dvar":5.33402824402,"dvar2":11.4523162842,"max":131.836486816,"mean":3.47579026222,"median":2.65141487122,"min":0.0928029343486,"var":10.279129982},"mfcc":{"cov":[[2514.08959961,-313.920379639,-20.6397228241,-211.055984497,9.96569252014,-125.000457764,1.71828937531,-87.0800018311,12.8709020615,-98.7272033691,-2.47636270523,-30.4608573914,17.8493881226],[-313.920379639,586.050354004,-160.023391724,29.6584186554,-92.4699859619,23.5014476776,-0.81301176548,-5.9534907341,-37.9798736572,-20.7924251556,-19.5642032623,17.9650745392,-30.9622135162],[-20.6397228241,-160.023391724,403.676757812,-131.618637085,55.0505447388,-17.7897872925,-28.6143608093,38.5334243774,4.77069950104,20.121137619,9.45933914185,-17.2771244049,12.4102458954],[-211.055984497,29.6584186554,-131.618637085,299.927215576,30.0453262329,27.3614273071,16.3483219147,-15.222155571,19.2342910767,5.74268770218,1.13415408134,7.08007860184,-1.06698846817],[9.96569252014,-92.4699859619,55.0505447388,30.0453262329,115.293281555,33.2256584167,1.62987554073,5.8893828392,4.12497901917,5.58811283112,3.52078795433,-5.47840023041,4.92056417465],[-125.000457764,23.5014476776,-17.7897872925,27.3614273071,33.2256584167,93.3605957031,39.0399398804,15.4804229736,7.17868089676,4.42082977295,3.1670062542,-0.279527783394,-2.91109442711],[1.71828937531,-0.81301176548,-28.6143608093,16.3483219147,1.62987554073,39.0399398804,78.1577529907,32.4499435425,14.3486223221,1.22716581821,-3.79634809494,-1.95920300484,-2.80711817741],[-87.0800018311,-5.9534907341,38.5334243774,-15.222155571,5.8893828392,15.4804229736,32.4499435425,76.8439941406,42.8317947388,18.1736354828,1.12987339497,-4.03455257416,-1.79217803478],[12.8709020615,-37.9798736572,4.77069950104,19.2342910767,4.12497901917,7.17868089676,14.3486223221,42.8317947388,76.6556549072,40.0053939819,14.7147426605,-2.45985102654,-4.65114068985],[-98.7272033691,-20.7924251556,20.121137619,5.74268770218,5.58811283112,4.42082977295,1.22716581821,18.1736354828,40.0053939819,73.6715774536,40.6243209839,4.87746095657,-5.47901153564],[-2.47636270523,-19.5642032623,9.45933914185,1.13415408134,3.52078795433,3.1670062542,-3.79634809494,1.12987339497,14.7147426605,40.6243209839,60.672996521,29.2558288574,2.4623234272],[-30.4608573914,17.9650745392,-17.2771244049,7.08007860184,-5.47840023041,-0.279527783394,-1.95920300484,-4.03455257416,-2.45985102654,4.87746095657,29.2558288574,52.4657173157,28.6040916443],[17.8493881226,-30.9622135162,12.4102458954,-1.06698846817,4.92056417465,-2.91109442711,-2.80711817741,-1.79217803478,-4.65114068985,-5.47901153564,2.4623234272,28.6040916443,58.5475387573]],"icov":[[0.000748888065573,0.0000753479689592,0.000249093369348,0.000790085701738,-0.000666425912641,0.00135127000976,-0.00127000920475,0.00188399443869,-0.0021462473087,0.00260753626935,-0.0021605740767,0.00170364719816,-0.00077484594658],[0.0000753479689592,0.00273687415756,0.000710901629645,-0.000184430668014,0.00208763149567,-0.00163852237165,0.00153929193038,-0.00167612498626,0.00221965275705,-0.00115091609769,0.00244516716339,-0.00299207307398,0.00246352166869],[0.000249093369348,0.000710901629645,0.00413159513846,0.00167951488402,-0.00179223599844,0.00077249086462,0.00162690028083,-0.00260680005886,0.00111056421883,-0.00000806349908089,-0.00158811826259,0.00240141735412,-0.00137688452378],[0.000790085701738,-0.000184430668014,0.00167951488402,0.00530853355303,-0.00274963187985,0.00130648980848,-0.00201098201796,0.00380963715725,-0.00439661229029,0.00254901498556,-0.00175474165007,0.00137017387897,-0.000987769220956],[-0.000666425912641,0.00208763149567,-0.00179223599844,-0.00274963187985,0.0140322633088,-0.00736222043633,0.004088439513,-0.00314508727752,0.00387919065543,-0.00279067829251,0.00237854523584,-0.00128740188666,0.000767297344282],[0.00135127000976,-0.00163852237165,0.00077249086462,0.00130648980848,-0.00736222043633,0.0194337219,-0.0108140734956,0.00408207811415,-0.00452700071037,0.00521398847923,-0.00659749377519,0.00484289601445,-0.00218719709665],[-0.00127000920475,0.00153929193038,0.00162690028083,-0.00201098201796,0.004088439513,-0.0108140734956,0.0239498186857,-0.0136412195861,0.00657384423539,-0.00436138547957,0.00540536688641,-0.00387957133353,0.00245131994598],[0.00188399443869,-0.00167612498626,-0.00260680005886,0.00380963715725,-0.00314508727752,0.00408207811415,-0.0136412195861,0.0323963016272,-0.0209956225008,0.00728061422706,-0.00287714647129,0.00327671086416,-0.00250033359043],[-0.0021462473087,0.00221965275705,0.00111056421883,-0.00439661229029,0.00387919065543,-0.00452700071037,0.00657384423539,-0.0209956225008,0.0354090407491,-0.0208983365446,0.0094049833715,-0.00582581060007,0.00394200161099],[0.00260753626935,-0.00115091609769,-0.00000806349908089,0.00254901498556,-0.00279067829251,0.00521398847923,-0.00436138547957,0.00728061422706,-0.0208983365446,0.0425228141248,-0.0328835584223,0.0184588823467,-0.00616405718029],[-0.0021605740767,0.00244516716339,-0.00158811826259,-0.00175474165007,0.00237854523584,-0.00659749377519,0.00540536688641,-0.00287714647129,0.0094049833715,-0.0328835584223,0.0557051151991,-0.0384879373014,0.0160303879529],[0.00170364719816,-0.00299207307398,0.00240141735412,0.00137017387897,-0.00128740188666,0.00484289601445,-0.00387957133353,0.00327671086416,-0.00582581060007,0.0184588823467,-0.0384879373014,0.0556742176414,-0.0266394875944],[-0.00077484594658,0.00246352166869,-0.00137688452378,-0.000987769220956,0.000767297344282,-0.00218719709665,0.00245131994598,-0.00250033359043,0.00394200161099,-0.00616405718029,0.0160303879529,-0.0266394875944,0.0308379456401]],"mean":[-693.788574219,181.213043213,12.6531057358,47.0265426636,16.9106941223,20.5903129578,15.5351905823,8.9619550705,4.96939706802,5.22218704224,2.9662129879,4.9615983963,-2.02835512161]},"pitch_salience":{"dmean":0.106961123645,"dmean2":0.179213955998,"dvar":0.00764269800857,"dvar2":0.0204317457974,"max":0.898737490177,"mean":0.470041513443,"median":0.484633475542,"min":0.0572270974517,"var":0.0165118072182},"silence_rate_20dB":{"dmean":0.0666169077158,"dmean2":0.133246243,"dvar":0.0621783286333,"dvar2":0.142725780606,"max":1,"mean":0.941505730152,"median":1,"min":0,"var":0.0550697445869},"silence_rate_30dB":{"dmean":0.185855567455,"dmean2":0.371745824814,"dvar":0.151317685843,"dvar2":0.283187061548,"max":1,"mean":0.59091335535,"median":1,"min":0,"var":0.241714164615},"silence_rate_60dB":{"dmean":0.00111961190123,"dmean2":0.00223943265155,"dvar":0.00111831282265,"dvar2":0.00260835350491,"max":1,"mean":0.00345181464218,"median":0,"min":0,"var":0.00343943550251},"spectral_centroid":{"dmean":123.263076782,"dmean2":202.413223267,"dvar":22347.2070312,"dvar2":48147.6640625,"max":11001.6230469,"mean":431.733337402,"median":377.526763916,"min":114.798225403,"var":60871.5703125},"spectral_complexity":{"dmean":3.067923069,"dmean2":4.56881570816,"dvar":9.79165935516,"dvar2":18.4015617371,"max":41,"mean":10.8227443695,"median":10,"min":0,"var":29.9124603271},"spectral_contrast_coeffs":{"dmean":[0.0636388584971,0.0529849678278,0.0401868708432,0.0314205847681,0.0211155600846,0.0423706024885],"dmean2":[0.107000395656,0.0872054249048,0.0653946995735,0.0507464744151,0.0346907936037,0.0712317153811],"dvar":[0.00243299198337,0.00174194818828,0.00101290619932,0.000661341415253,0.000322176609188,0.00186117435805],"dvar2":[0.00680322432891,0.00459862779826,0.00266140629537,0.00167514476925,0.000841598201077,0.00490910187364],"max":[-0.33876940608,-0.445583075285,-0.573896586895,-0.559406042099,-0.72038424015,-0.526362657547],"mean":[-0.654213905334,-0.768502831459,-0.817564368248,-0.830240368843,-0.84762263298,-0.791409313679],"median":[-0.655593037605,-0.778647065163,-0.82342851162,-0.835265278816,-0.845916092396,-0.809053480625],"min":[-0.965551674366,-0.955722808838,-0.970736682415,-0.97600120306,-0.965880453587,-0.958171844482],"var":[0.0059094694443,0.00588212767616,0.00317959231324,0.00221931631677,0.000812974059954,0.00287704751827]},"spectral_contrast_valleys":{"dmean":[0.404872536659,0.47297501564,0.426504969597,0.375866979361,0.358775734901,0.893318235874],"dmean2":[0.651555240154,0.766963243484,0.676068723202,0.58197414875,0.547040164471,1.46567893028],"dvar":[0.126881211996,0.172386497259,0.15337702632,0.128717243671,0.141019910574,0.604211390018],"dvar2":[0.275153279305,0.394237548113,0.348198443651,0.277727723122,0.301733583212,1.56624782085],"max":[-4.26350164413,-4.63629436493,-5.35493421555,-5.91301584244,-6.02502965927,-8.32468414307],"mean":[-6.02658414841,-6.68013954163,-7.33073425293,-7.79226064682,-7.91626214981,-10.9677534103],"median":[-6.01391839981,-6.65017127991,-7.30314397812,-7.78703737259,-7.94028043747,-10.8832244873],"min":[-27.0988903046,-27.4022159576,-26.8652210236,-27.2171173096,-27.1395950317,-27.2741260529],"var":[0.358742177486,0.43874296546,0.409884303808,0.350996255875,0.372558712959,1.07962059975]},"spectral_decrease":{"dmean":1.96708977995e-8,"dmean2":3.14635286713e-8,"dvar":9.08825906581e-16,"dvar2":2.15663736327e-15,"max":-2.99881585882e-16,"mean":-3.19453548059e-8,"median":-2.08023980264e-8,"min":-3.98982848537e-7,"var":1.14933784146e-15},"spectral_energy":{"dmean":0.0747456923127,"dmean2":0.119507201016,"dvar":0.0130814444274,"dvar2":0.0310254190117,"max":1.51643669605,"mean":0.121953256428,"median":0.0797129273415,"min":1.34345434777e-9,"var":0.016582030803},"spectral_energyband_high":{"dmean":0.0000668526190566,"dmean2":0.000105612969492,"dvar":1.40043381336e-8,"dvar2":3.2608618028e-8,"max":0.00220237951726,"mean":0.0000979995893431,"median":0.0000531796031282,"min":1.52603540915e-10,"var":1.78949104424e-8},"spectral_energyband_low":{"dmean":0.0694386437535,"dmean2":0.113099820912,"dvar":0.0116643067449,"dvar2":0.028453906998,"max":1.39547979832,"mean":0.101982690394,"median":0.0621936172247,"min":2.83439632875e-10,"var":0.0140737453476},"spectral_energyband_middle_high":{"dmean":0.000685969076585,"dmean2":0.00101844884921,"dvar":0.00000109642223833,"dvar2":0.00000234488948081,"max":0.018866142258,"mean":0.00144238979556,"median":0.000982907949947,"min":1.8102654098e-10,"var":0.00000249051981882},"spectral_energyband_middle_low":{"dmean":0.00933331437409,"dmean2":0.0154526494443,"dvar":0.000141249343869,"dvar2":0.000371699512471,"max":0.171039134264,"mean":0.017392154783,"median":0.0126774115488,"min":5.97509541844e-10,"var":0.000255627674051},"spectral_entropy":{"dmean":0.332691460848,"dmean2":0.539678990841,"dvar":0.0798406228423,"dvar2":0.210061371326,"max":9.79779052734,"mean":6.99434137344,"median":7.02228021622,"min":5.06030702591,"var":0.201487734914},"spectral_flux":{"dmean":0.0756122544408,"dmean2":0.123429052532,"dvar":0.00743446545675,"dvar2":0.0171651970595,"max":0.973161876202,"mean":0.187175929546,"median":0.153558790684,"min":0.0000586215574003,"var":0.0135016990826},"spectral_kurtosis":{"dmean":3.35547685623,"dmean2":5.48908281326,"dvar":13.5303735733,"dvar2":36.1987724304,"max":54.6426506042,"mean":11.0259065628,"median":9.66103172302,"min":-1.199639678,"var":25.5272121429},"spectral_rms":{"dmean":0.00299912691116,"dmean2":0.00465054577217,"dvar":0.0000105336976048,"dvar2":0.0000234436884057,"max":0.0384636223316,"mean":0.00987003743649,"median":0.00881865713745,"min":0.00000114485249014,"var":0.0000215607087739},"spectral_rolloff":{"dmean":71.6856536865,"dmean2":123.364608765,"dvar":39938.515625,"dvar2":80149.5234375,"max":14168.8476562,"mean":192.014770508,"median":150.732421875,"min":43.06640625,"var":42311.8554688},"spectral_skewness":{"dmean":0.312061041594,"dmean2":0.494018793106,"dvar":0.0889066457748,"dvar2":0.224870458245,"max":6.03903484344,"mean":2.38862061501,"median":2.311160326,"min":0.00971494428813,"var":0.296403318644},"spectral_spread":{"dmean":736762.4375,"dmean2":1201267.5,"dvar":493548371968,"dvar2":1108398178300,"max":40920576,"mean":3632874.5,"median":3521650.25,"min":1426293,"var":949136064512},"spectral_strongpeak":{"dmean":0.354862689972,"dmean2":0.612525463104,"dvar":0.137885689735,"dvar2":0.362346917391,"max":4.34681940079,"mean":0.502284407616,"median":0.401754766703,"min":0,"var":0.198049619794},"zerocrossingrate":{"dmean":0.00662632938474,"dmean2":0.00927160307765,"dvar":0.0000462435200461,"dvar2":0.0000785573502071,"max":0.1787109375,"mean":0.0183895584196,"median":0.01611328125,"min":0.00146484375,"var":0.000133023815579}},"metadata":{"audio_properties":{"analysis_sample_rate":44100,"bit_rate":128000,"codec":"mp3","downmix":"mix","equal_loudness":0,"length":248.86857605,"lossless":false,"md5_encoded":"0dfe1f30cd468c65043880988ba8c9cc","replay_gain":0.450647354126,"sample_rate":44100},"tags":{"album":["Where It All Begins"],"album artist credit":["The Allman Brothers Band"],"albumartist":["The Allman Brothers Band"],"albumartistsort":["Allman Brothers Band, The"],"artist":["The Allman Brothers Band"],"artist credit":["The Allman Brothers Band"],"artistsort":["Allman Brothers Band, The"],"bpm":["0"],"date":["1995"],"discnumber":["1/1"],"file_name":"09 - The Allman Brothers Band - What’s Done Is Done.mp3","genre":["Rock - Roots Rock"],"language":["eng"],"musicbrainz album release country":["US"],"musicbrainz album status":["Official"],"musicbrainz album type":["album"],"musicbrainz_albumartistid":["72359492-22be-4ed9-aaa0-efa434fb2b01"],"musicbrainz_albumid":["82820a41-ffd3-3812-8424-6f1be3e3d9ba"],"musicbrainz_artistid":["72359492-22be-4ed9-aaa0-efa434fb2b01"],"musicbrainz_recordingid":["bd945fbc-99a6-4568-a69c-6a6c3d35197d"],"musicbrainz_releasegroupid":["1acf4af2-3d72-3101-b722-282f94222007"],"originaldate":["1994-05-04"],"replaygain_album_gain":["0.00 dB"],"replaygain_album_peak":["0.000000"],"replaygain_track_gain":["0.00 dB"],"replaygain_track_peak":["0.000000"],"script":["Latn"],"title":["What’s Done Is Done"],"tracknumber":["9/10"]},"version":{"essentia":"2.1-beta1","essentia_build_sha":"5a811adb4c06fd6d02ca903f7349a26d851abfa8","essentia_git_sha":"v2.1_beta1-34-gf95df8b","extractor":"music 1.0"}},"rhythm":{"beats_count":544,"beats_loudness":{"dmean":0.114014871418,"dmean2":0.200544521213,"dvar":0.0132500836626,"dvar2":0.0404745340347,"max":1.33347833157,"mean":0.185680776834,"median":0.162573754787,"min":0.00916105136275,"var":0.0140422293916},"beats_loudness_band_ratio":{"dmean":[0.061684217304,0.0502175278962,0.0176817830652,0.0103805689141,0.00565024698153,0.00262657250278],"dmean2":[0.106398329139,0.088204793632,0.0315335690975,0.0183711089194,0.0106253987178,0.00482002086937],"dvar":[0.00444828113541,0