{"lowlevel":{"average_loudness":0.350030660629,"barkbands":{"dmean":[0.000969607033767,0.00272159022279,0.00104035832919,0.00107310782187,0.00160811503883,0.00201338040642,0.00134242046624,0.000867954455316,0.000749722239561,0.000680628523696,0.000533795333467,0.000515776220709,0.000317894329783,0.000145576283103,0.0000796928579803,0.0000509183337272,0.000033906315366,0.0000298913455481,0.0000252407244261,0.0000185604803846,0.0000231595677178,0.0000358310171578,0.0000187905934581,0.00000666827963869,0.00000172977456714,0.000021455643946,0.000194303705939],"dmean2":[0.0016092605656,0.00443029683083,0.00171035225503,0.00179268675856,0.0026166960597,0.00312915956602,0.00208877399564,0.00140980514698,0.00117718696129,0.00106642988976,0.00082451448543,0.000809883698821,0.000511435267981,0.000233345024753,0.000128235013108,0.0000793691142462,0.000051760867791,0.000045341468649,0.0000372316935682,0.0000266013830696,0.0000316243531415,0.000048198231525,0.0000252974605246,0.00000958240161708,0.00000279420214611,0.0000290638126899,0.000245923933107],"dvar":[0.0000101828763945,0.0000284506804746,0.00000379953803531,0.0000048554343266,0.0000103498532553,0.0000414602582168,0.0000172333966475,0.00000819083106762,0.00000354600115315,0.00000343159626937,0.00000159166552294,9.16695455544e-7,5.11535631631e-7,1.7468167357e-7,2.61866048845e-8,1.49147485473e-8,4.65703475783e-9,4.65796334836e-9,2.86896950641e-9,1.53310042439e-9,3.90133436667e-9,6.61945342983e-9,1.82668857818e-9,2.076821215e-10,9.96601759451e-12,2.26720064944e-9,1.24817560732e-7],"dvar2":[0.0000252970003203,0.0000758310488891,0.0000102146577774,0.0000132323730213,0.0000262743833446,0.000092352325737,0.0000389207052649,0.0000196348482859,0.00000829870987218,0.00000867817925609,0.00000380921869692,0.00000229865531765,0.00000128377087094,3.79594666811e-7,6.63079546825e-8,3.63614063303e-8,1.14080993541e-8,1.0591209687e-8,6.60559029697e-9,3.28930926941e-9,8.82040751549e-9,1.26359038788e-8,3.42790817953e-9,4.36744418408e-10,2.52620650093e-11,4.40042491334e-9,2.11972476905e-7],"max":[0.052119076252,0.124791882932,0.030984191224,0.0404067523777,0.100730612874,0.167371407151,0.172388583422,0.109916962683,0.0502748414874,0.0493066348135,0.0397868603468,0.0239509567618,0.0160702522844,0.0270669721067,0.00476989150047,0.00368890492246,0.00196445174515,0.00222939345986,0.00136726663914,0.00106975191738,0.00361733906902,0.00160490744747,0.000672142428812,0.000235359999351,0.0000605061359238,0.000762065581512,0.0185802876949],"mean":[0.000977945164777,0.0044023534283,0.00145656580571,0.00140509451739,0.00275432667695,0.00313426461071,0.00200190674514,0.00119428988546,0.00118999171536,0.00106660684105,0.000884784152731,0.000927028479055,0.00052545487415,0.000250693672569,0.000147831029608,0.0000960859033512,0.0000627256304142,0.0000588294569752,0.0000494214000355,0.0000362257778761,0.0000420824871981,0.0000607917754678,0.0000309888237098,0.00001027446433,0.00000209744166568,0.0000364671141142,0.000537082145456],"median":[0.000182742645848,0.00172853865661,0.000701606739312,0.000616323028225,0.00133620854467,0.000521691748872,0.000414945709053,0.000203700357815,0.000390648259781,0.000445392448455,0.000418670824729,0.000466321012937,0.000157121772645,0.0000831424695207,0.0000523834387423,0.0000303321503452,0.0000201225138881,0.0000171554456756,0.000012997084923,0.00000919708327274,0.00000889394868864,0.00000778377125243,0.00000332939339387,0.00000171353792666,8.20441414362e-7,0.00000600373186899,0.000210208250792],"min":[6.2719104133e-24,1.5738791112e-23,2.52110577585e-24,1.94753605572e-24,2.81164383889e-23,1.76443351157e-23,1.7262234559e-23,1.46827651063e-23,6.53230093411e-23,4.05565034961e-23,4.52575338896e-23,2.70667074932e-23,6.02546222013e-23,5.04615104418e-23,9.12643467996e-23,1.25816902521e-22,1.35919926176e-22,1.55499087812e-22,1.63877926585e-22,1.65874401008e-22,2.51998574325e-22,4.25562059374e-22,4.78203239829e-22,5.95977976789e-22,1.03341041117e-21,1.63401926653e-21,2.05526735485e-21],"var":[0.00000905164870346,0.0000453506581835,0.00000466293386125,0.00000566964536119,0.0000195102657017,0.0000987651728792,0.0000352549359377,0.0000138801315188,0.00000693070433044,0.00000550906361241,0.00000286763292934,0.00000196624432647,9.71733015831e-7,3.09759542461e-7,6.25984881708e-8,3.76973474658e-8,1.18598473264e-8,1.33832527283e-8,8.53106651988e-9,4.66145166911e-9,7.15240000559e-9,1.58463535627e-8,4.52196813328e-9,4.46947368005e-10,1.22452846474e-11,5.50435030888e-9,6.60583225454e-7]},"barkbands_crest":{"dmean":2.48884892464,"dmean2":4.02588653564,"dvar":5.02038526535,"dvar2":12.3675613403,"max":25.2988643646,"mean":9.13768577576,"median":8.03388881683,"min":2.81982040405,"var":16.7807998657},"barkbands_flatness_db":{"dmean":0.0228482540697,"dmean2":0.0331445857882,"dvar":0.000420535972808,"dvar2":0.000926504668314,"max":0.363688319921,"mean":0.140580490232,"median":0.138128101826,"min":0.0265820212662,"var":0.00242952490225},"barkbands_kurtosis":{"dmean":4.25699949265,"dmean2":6.52976083755,"dvar":93.6843643188,"dvar2":226.348510742,"max":374.748962402,"mean":8.30322265625,"median":4.84732246399,"min":-1.9650375843,"var":193.423461914},"barkbands_skewness":{"dmean":0.554030358791,"dmean2":0.833115279675,"dvar":0.396139264107,"dvar2":0.902646183968,"max":16.8303050995,"mean":2.00221443176,"median":1.82975518703,"min":-1.91234946251,"var":1.72199487686},"barkbands_spread":{"dmean":6.12119913101,"dmean2":8.52761745453,"dvar":51.4559593201,"dvar2":96.3321685791,"max":146.16960144,"mean":25.0686969757,"median":19.4508609772,"min":0.901767075062,"var":355.848480225},"dissonance":{"dmean":0.0234262980521,"dmean2":0.0399244576693,"dvar":0.000545957474969,"dvar2":0.00149746029638,"max":0.500000119209,"mean":0.462552905083,"median":0.470887094736,"min":0.249839574099,"var":0.000930276932195},"dynamic_complexity":6.9136133194,"erbbands":{"dmean":[0.110810220242,0.533586025238,1.04650354385,2.61418128014,4.70321702957,4.93377923965,9.60534477234,18.8561382294,20.3876895905,17.0294094086,18.4154853821,16.9448680878,18.3749427795,21.617023468,22.3818874359,20.8167648315,14.5430488586,8.5834312439,4.61373281479,3.46560907364,2.24626064301,1.83002912998,1.67271196842,1.28889858723,1.12380242348,0.893700659275,0.886016249657,1.03690755367,1.2591047287,0.980339884758,0.48720946908,0.218324035406,0.0721248462796,0.0227987729013,0.0119223110378,0.018846809864,0.0439001135528,0.0648248642683,0.0176550019532,0.00542008550838],"dmean2":[0.183832243085,0.861606657505,1.72678983212,4.27081108093,7.7952337265,8.10812664032,15.3174514771,29.1971073151,31.6728210449,27.3769226074,29.9142684937,26.7496929169,29.3117771149,33.266456604,33.9870223999,32.500667572,23.2293395996,13.7429208755,7.28282213211,5.53123188019,3.44275903702,2.76498913765,2.51691961288,1.89185583591,1.63325226307,1.27875053883,1.22477066517,1.39743340015,1.71845579147,1.33769869804,0.667919516563,0.30906265974,0.104426108301,0.0356908217072,0.0193264316767,0.0271034985781,0.059147529304,0.0835438594222,0.0216274149716,0.00697982963175],"dvar":[0.072912029922,0.924916088581,3.86439085007,27.2561817169,81.4796524048,118.625442505,1052.99072266,4239.47363281,4002.40380859,2913.05883789,3537.06030273,1993.8729248,3171.51806641,3375.94970703,2102.61450195,1399.31286621,1101.58752441,618.279541016,87.0164794922,62.7973937988,27.7514743805,13.4450645447,13.9965696335,8.66346168518,5.32814455032,3.53156065941,6.48802661896,5.56606292725,8.16035461426,5.35565233231,1.23192667961,0.233811676502,0.0226238407195,0.00158497225493,0.000486486853333,0.00135140446946,0.00933502614498,0.021164983511,0.00152475957293,0.0000757149100536],"dvar2":[0.199779227376,2.37644171715,10.4578609467,70.9628448486,211.925140381,299.534912109,2470.56054688,9237.32324219,9074.04101562,6744.9296875,8694.52636719,4656.53759766,8100.109375,8464.13085938,5118.94140625,3567.17431641,2769.15112305,1349.58544922,203.372390747,157.890823364,67.5810165405,32.2278251648,32.2217140198,19.4910678864,11.64021492,7.58154010773,15.5435037613,11.1158428192,16.1950626373,10.4200906754,2.3966422081,0.481144994497,0.0471828617156,0.00382359256037,0.00123969116248,0.00276871467941,0.0179112572223,0.0380265265703,0.00279249972664,0.000128291678266],"max":[4.40406799316,31.6263198853,37.3085441589,109.586151123,391.769592285,366.586456299,1114.59143066,2050.67553711,2167.94555664,1935.05822754,1687.16772461,1507.3692627,2606.24804688,1681.46228027,1283.57727051,1008.83483887,839.497375488,1619.74963379,290.697357178,219.985626221,167.775192261,87.0143280029,125.213798523,85.6941299438,52.6712493896,53.4309692383,163.589981079,78.425994873,58.9083251953,32.0655517578,16.3241672516,7.5829167366,2.7024242878,0.713815689087,0.426650315523,0.782008230686,1.60743784904,2.0920176506,1.60474061966,0.450494974852],"mean":[0.146959036589,0.915233075619,1.62073540688,3.86774992943,7.37749433517,7.96304893494,13.8580293655,30.5375270844,30.8412342072,26.2277565002,26.4540195465,27.2267780304,29.5870800018,36.2291870117,41.4981994629,38.7139434814,25.761051178,15.866024971,9.14659786224,6.8976225853,4.61323213577,3.62761116028,3.34228372574,2.68068623543,2.18629407883,1.77017486095,1.68616235256,1.82214975357,2.10899615288,1.60557365417,0.795859158039,0.346932888031,0.108232967556,0.0301409903914,0.0144286071882,0.0290757101029,0.0759778469801,0.11592631042,0.0404991768301,0.0207393839955],"median":[0.0473056659102,0.371234923601,0.890317201614,1.81103253365,3.33746004105,3.8595688343,3.92485904694,4.36676692963,5.88955688477,5.30850505829,5.42591953278,8.61285400391,12.4642496109,15.2735118866,23.0017871857,20.3852138519,8.83238315582,5.19822025299,3.65906977654,2.37875318527,1.49887537956,1.1885933876,1.00681269169,0.703233778477,0.59320807457,0.454453617334,0.369543462992,0.353553712368,0.294608980417,0.169808834791,0.0877459123731,0.0471584163606,0.0225207787007,0.0107192378491,0.00585485808551,0.0075646461919,0.0125823644921,0.0165638513863,0.0102279754356,0.0128264715895],"min":[2.87587560748e-22,2.36501943316e-21,3.06404581775e-21,1.21357501359e-20,1.31332467519e-20,6.42800050687e-20,1.68802256465e-19,1.01632883667e-19,2.48550222334e-19,2.8186551604e-19,5.53017078594e-19,1.493285275e-18,8.81429288473e-19,1.05927498133e-18,2.14394564823e-18,1.32638007972e-18,2.54202962675e-18,3.30472654747e-18,4.56252932191e-18,5.26759284704e-18,8.10303067489e-18,8.12252732192e-18,9.01732415929e-18,8.69319509062e-18,8.33590517838e-18,8.9683219798e-18,9.3496985643e-18,1.25899379044e-17,1.45022694656e-17,1.13996647076e-17,1.30344953713e-17,8.85408833721e-18,1.06495442409e-17,1.04590031868e-17,8.58931692212e-18,5.97640432752e-18,3.29352693556e-18,1.1361087899e-18,3.0478004752e-19,3.02850015431e-20],"var":[0.0735059827566,1.89949834347,4.92368507385,36.7848014832,164.455978394,190.493652344,1656.40112305,11664.4755859,8005.56689453,5932.88330078,5838.09667969,4024.53515625,4622.71386719,5643.11962891,4207.99511719,3199.94018555,2111.96191406,1159.48974609,225.434890747,158.982696533,74.9649505615,38.0905151367,39.8707351685,28.4216575623,15.2727823257,10.7071256638,11.8133001328,12.3017168045,18.5758647919,12.401175499,2.94349789619,0.524250566959,0.0479088425636,0.00241319881752,0.000584400084335,0.00299420254305,0.0233704019338,0.0556433945894,0.00480868155137,0.000585814763326]},"erbbands_crest":{"dmean":2.77480578423,"dmean2":4.40176677704,"dvar":6.37399482727,"dvar2":15.1867952347,"max":31.8154373169,"mean":10.1585655212,"median":9.15577602386,"min":2.20411515236,"var":20.0532875061},"erbbands_flatness_db":{"dmean":0.0229003522545,"dmean2":0.0331090763211,"dvar":0.000435428897617,"dvar2":0.000910069386009,"max":0.343675166368,"mean":0.156692579389,"median":0.154325678945,"min":0.0293483138084,"var":0.00242481916212},"erbbands_kurtosis":{"dmean":1.39617788792,"dmean2":2.12103629112,"dvar":3.15931510925,"dvar2":7.20669746399,"max":45.3962745667,"mean":2.091827631,"median":1.11782026291,"min":-1.68764817715,"var":9.95706176758},"erbbands_skewness":{"dmean":0.40238019824,"dmean2":0.592392742634,"dvar":0.139694735408,"dvar2":0.301143199205,"max":4.46811819077,"mean":0.32745218277,"median":0.370231062174,"min":-3.36910963058,"var":0.728461623192},"erbbands_spread":{"dmean":5.48024702072,"dmean2":7.85214185715,"dvar":35.4304008484,"dvar2":65.9812698364,"max":128.733047485,"mean":23.8126049042,"median":20.7496681213,"min":1.78801238537,"var":190.303421021},"gfcc":{"cov":[[29436.8515625,1368.94616699,-979.432373047,463.15802002,196.944152832,-1237.20825195,832.844543457,-972.851379395,905.867553711,114.439445496,-59.2555923462,129.975738525,-704.148010254],[1368.94616699,1594.34277344,-72.3320770264,-429.736450195,341.313812256,-197.292938232,12.9860839844,-49.9606361389,65.5537796021,-28.5003757477,139.167282104,-225.497589111,127.756523132],[-979.432373047,-72.3320770264,275.921661377,90.8864822388,-59.6382675171,156.148178101,-28.3577136993,60.3813285828,-41.0220909119,-6.8519525528,-14.6197500229,30.8322753906,8.84516143799],[463.15802002,-429.736450195,90.8864822388,355.750732422,-2.13320660591,1.5775603056,73.5630264282,1.97020483017,18.4487476349,-4.66234445572,-42.6808395386,78.5306930542,-56.2733688354],[196.944152832,341.313812256,-59.6382675171,-2.13320660591,259.946868896,-41.0418510437,66.3318099976,3.49361491203,8.8882522583,-32.3286628723,31.9930381775,-61.4020996094,56.4956169128],[-1237.20825195,-197.292938232,156.148178101,1.5775603056,-41.0418510437,337.374664307,29.3913974762,58.7499847412,-65.393661499,-35.4489440918,-33.7974662781,53.0564575195,25.2969779968],[832.844543457,12.9860839844,-28.3577136993,73.5630264282,66.3318099976,29.3913974762,186.02130127,-35.0476951599,50.838092804,-42.4480895996,-22.7331237793,51.0113525391,-24.0766983032],[-972.851379395,-49.9606361389,60.3813285828,1.97020483017,3.49361491203,58.7499847412,-35.0476951599,151.326950073,-8.18737697601,32.0855331421,19.1430225372,-30.0158977509,42.7789764404],[905.867553711,65.5537796021,-41.0220909119,18.4487476349,8.8882522583,-65.393661499,50.838092804,-8.18737697601,112.503456116,44.5220756531,11.96367836,7.29260206223,-33.7207603455],[114.439445496,-28.5003757477,-6.8519525528,-4.66234445572,-32.3286628723,-35.4489440918,-42.4480895996,32.0855331421,44.5220756531,101.165138245,44.9911651611,-3.59537172318,-8.4076833725],[-59.2555923462,139.167282104,-14.6197500229,-42.6808395386,31.9930381775,-33.7974662781,-22.7331237793,19.1430225372,11.96367836,44.9911651611,86.5272903442,2.244805336,32.4689788818],[129.975738525,-225.497589111,30.8322753906,78.5306930542,-61.4020996094,53.0564575195,51.0113525391,-30.0158977509,7.29260206223,-3.59537172318,2.244805336,116.023506165,-12.0989713669],[-704.148010254,127.756523132,8.84516143799,-56.2733688354,56.4956169128,25.2969779968,-24.0766983032,42.7789764404,-33.7207603455,-8.4076833725,32.4689788818,-12.0989713669,98.7838363647]],"icov":[[0.000088920845883,-0.000356938835466,0.000476076209452,-0.000483672250994,0.000257893232629,-0.0000750889230403,-0.0000137032684506,0.000120707845781,-0.000096402480267,-0.000269030366326,0.000340765080182,-0.000353409035597,0.000382339843782],[-0.000356938835466,0.00643343338743,-0.007341127377,0.00745237106457,-0.00407986482605,0.00281671108678,-0.00299240415916,0.00366593524814,-0.00391187658533,0.0043984609656,-0.00759285828099,0.00873253587633,-0.00406263675541],[0.000476076209452,-0.007341127377,0.0151762217283,-0.0112698655576,0.00625081406906,-0.00645191036165,0.00514424219728,-0.00454810075462,0.00319633446634,-0.00299879978411,0.0064628245309,-0.0083778379485,0.00409511011094],[-0.000483672250994,0.00745237106457,-0.0112698655576,0.0149388676509,-0.0081480415538,0.00593014294282,-0.0040775006637,0.00130184378941,-0.00204546074383,0.0024836990051,-0.00364440167323,0.00319926301017,-0.000879967585206],[0.000257893232629,-0.00407986482605,0.00625081406906,-0.0081480415538,0.0130266845226,-0.00291193346493,-0.00305258994922,0.000295655627269,0.00104609306436,0.000762718205806,-0.00224813469686,0.00487393466756,-0.00390511727892],[-0.0000750889230403,0.00281671108678,-0.00645191036165,0.00593014294282,-0.00291193346493,0.00808553025126,-0.00403111614287,-0.000912475050427,0.00208697095513,-0.000126575439936,0.00074105366366,-0.000679995224345,-0.00083998858463],[-0.0000137032684506,-0.00299240415916,0.00514424219728,-0.0040775006637,-0.00305258994922,-0.00403111614287,0.0160971581936,-0.00321941636503,-0.00559817859903,0.00499508483335,0.00489050894976,-0.0111962193623,0.00462004821748],[0.000120707845781,0.00366593524814,-0.00454810075462,0.00130184378941,0.000295655627269,-0.000912475050427,-0.00321941636503,0.0156357120723,-0.00521408347413,-0.000782650255132,-0.00682490319014,0.0129273505881,-0.00824298895895],[-0.000096402480267,-0.00391187658533,0.00319633446634,-0.00204546074383,0.00104609306436,0.00208697095513,-0.00559817859903,-0.00521408347413,0.0238555651158,-0.014296987094,0.00793089531362,-0.00771253462881,0.00605649966747],[-0.000269030366326,0.0043984609656,-0.00299879978411,0.0024836990051,0.000762718205806,-0.000126575439936,0.00499508483335,-0.000782650255132,-0.014296987094,0.0286710206419,-0.0184771642089,0.00815893150866,-0.000137871567858],[0.000340765080182,-0.00759285828099,0.0064628245309,-0.00364440167323,-0.00224813469686,0.00074105366366,0.00489050894976,-0.00682490319014,0.00793089531362,-0.0184771642089,0.035669721663,-0.0214258972555,0.00162381445989],[-0.000353409035597,0.00873253587633,-0.0083778379485,0.00319926301017,0.00487393466756,-0.000679995224345,-0.0111962193623,0.0129273505881,-0.00771253462881,0.00815893150866,-0.0214258972555,0.0370497815311,-0.0125387776643],[0.000382339843782,-0.00406263675541,0.00409511011094,-0.000879967585206,-0.00390511727892,-0.00083998858463,0.00462004821748,-0.00824298895895,0.00605649966747,-0.000137871567858,0.00162381445989,-0.0125387776643,0.0243651755154]],"mean":[-71.0223922729,99.1062698364,-74.1497268677,-23.2800941467,-21.9567584991,-7.30235671997,3.03038716316,-21.2643470764,-8.71485805511,-12.7088375092,-4.78877401352,1.62833297253,-7.12740087509]},"hfc":{"dmean":56.2295608521,"dmean2":81.6693267822,"dvar":6943.68408203,"dvar2":14955.9169922,"max":1622.6373291,"mean":196.942153931,"median":160.419235229,"min":1.13958939221e-16,"var":33527.671875},"melbands":{"dmean":[0.000880127365235,0.000571980490349,0.0004621236003,0.000356351752998,0.000305546389427,0.000413719390053,0.000300905056065,0.000184916498256,0.000145470825373,0.000108432941488,0.0000935646239668,0.0000910762755666,0.0000758668029448,0.0000631021830486,0.0000395459137508,0.0000294714391202,0.0000159013779921,0.00000820761397335,0.00000541326789971,0.0000043028867367,0.00000260827073362,0.00000214605256588,0.00000173900104983,0.00000142861176755,0.00000109909683488,0.00000100915838175,6.65043899062e-7,6.50763354315e-7,5.56703071197e-7,6.50052925266e-7,6.23137282219e-7,7.55747294079e-7,7.02688623733e-7,5.00730664044e-7,3.00364632722e-7,2.05437800105e-7,1.09120321667e-7,5.58264865447e-8,3.06912184556e-8,1.56649910821e-8],"dmean2":[0.00143848301377,0.000927928485908,0.000759978429414,0.000580242660362,0.000488129386213,0.000641861290205,0.000466756871901,0.000297685881378,0.000236459090956,0.000171207837411,0.00014960730914,0.000140989126521,0.000116429459013,0.000098264819826,0.0000632613737253,0.0000475480919704,0.0000256846797129,0.000013091663277,0.00000872020518727,0.00000680121183905,0.00000409997392126,0.00000334770606969,0.00000265253424914,0.00000220344372792,0.00000166525592249,0.00000150589335135,9.81386278909e-7,9.68707468019e-7,8.04074318239e-7,9.22525828173e-7,8.67837343321e-7,0.00000105817889562,9.86188751995e-7,6.91873026426e-7,4.20189621764e-7,2.9468668572e-7,1.58181833854e-7,8.19405201469e-8,4.65486316159e-8,2.54073757588e-8],"dvar":[0.00000383629048883,0.00000100189924979,7.64087360494e-7,4.70256139806e-7,8.78100365753e-7,0.00000184279610949,8.49072648634e-7,3.39444966357e-7,1.95196463437e-7,7.93839518565e-8,8.04335229532e-8,6.23053608706e-8,2.94638358156e-8,1.39645024433e-8,5.77345327102e-9,4.91241269884e-9,2.27689422871e-9,3.05013347912e-10,1.38341157974e-10,1.02944867908e-10,4.05800393288e-11,2.0365258091e-11,1.32860805691e-11,1.1919993638e-11,6.85728383798e-12,4.60925091497e-12,2.03750081043e-12,1.9901437269e-12,2.32472353e-12,3.35889172379e-12,1.91464856122e-12,3.02085613468e-12,2.70005155387e-12,1.43874951015e-12,4.82988378025e-13,2.22315248892e-13,5.78439477306e-14,1.44821441216e-14,3.43640186734e-15,8.2713053173e-16],"dvar2":[0.0000102934118331,0.00000264520167548,0.00000204024240702,0.0000011827137314,0.00000209064091905,0.00000404125376008,0.00000191144340533,7.9202300185e-7,4.84518068333e-7,1.85323926871e-7,2.04892316447e-7,1.56805896268e-7,7.05163500925e-8,3.5097468043e-8,1.43867682212e-8,1.23252670292e-8,4.94505991711e-9,7.27656379595e-10,3.4942865268e-10,2.51560189346e-10,1.03193190104e-10,5.10286361777e-11,3.16846340831e-11,2.7851216125e-11,1.64047195966e-11,1.08716065664e-11,4.65238307948e-12,4.49955177284e-12,5.66997880938e-12,7.91689457047e-12,3.82129224097e-12,6.25473284277e-12,5.56497252793e-12,2.82894649546e-12,9.70598601491e-13,4.6855320188e-13,1.23895021304e-13,3.09713666931e-14,7.77118170162e-15,2.09815249112e-15],"max":[0.0309448428452,0.0267076417804,0.0162459295243,0.0247214883566,0.02937120758,0.0400056019425,0.0360738970339,0.0180124230683,0.0112340282649,0.00969030056149,0.0125531973317,0.00763937970623,0.00594681501389,0.00287057505921,0.00183098355774,0.00187524408102,0.00319583225064,0.000633875024505,0.000413801317336,0.000316800927976,0.000237054933677,0.000113414957013,0.0000879076833371,0.000110030719952,0.0000747410667827,0.0000504668096255,0.0000388017142541,0.0000427553350164,0.0000896398123587,0.000103910722828,0.0000345804837707,0.000031922096241,0.00003195111276,0.0000192765273823,0.0000104826585812,0.00000836231993162,0.0000037902434542,0.00000222506946557,0.00000110119856345,5.57651731015e-7],"mean":[0.00135453860275,0.000997898052447,0.0007398527232,0.000589469564147,0.000454959954368,0.000665258674417,0.000458159804111,0.00027714270982,0.000207084842259,0.000171658364707,0.000145646277815,0.000144953883137,0.000132163448143,0.000116976261779,0.0000713204062777,0.0000482671603095,0.0000271689477813,0.0000148526087287,0.0000101805262602,0.00000790896319813,0.00000486589397042,0.00000382394273402,0.00000324143934449,0.00000269800807473,0.00000211066753764,0.00000185594763025,0.00000121389939522,0.00000118454704534,0.0000010188075521,0.00000108418362288,0.00000104239654775,0.00000121959408261,0.00000111715576168,7.93750587036e-7,4.75979049952e-7,3.21522350077e-7,1.65856789636e-7,8.11466449591e-8,4.18264214375e-8,1.86471389441e-8],"median":[0.000504452502355,0.000554182508495,0.000392997753806,0.000276792416116,0.000141688418807,0.000102467965917,0.0000895206103451,0.0000543081914657,0.0000436197515228,0.0000552390265511,0.0000590149902564,0.0000560148473596,0.0000683945472701,0.0000628011184745,0.0000321342631651,0.0000138340255944,0.00000845107024361,0.00000555664746571,0.00000349894094143,0.00000258504360318,0.00000148263620758,0.00000119654418995,0.00000103452771327,7.30385522729e-7,5.26361986886e-7,4.77469029647e-7,3.22753180626e-7,2.89612671622e-7,2.19085663389e-7,2.09633739701e-7,1.93761806599e-7,1.71500317947e-7,1.27823213347e-7,7.76470869823e-8,5.16577216558e-8,3.58521710098e-8,2.44383713266e-8,1.61599196247e-8,1.10497619943e-8,7.14349779329e-9],"min":[4.06804603656e-24,1.75117398248e-24,2.5871292921e-24,3.43353957251e-24,6.95045306523e-24,2.18435762149e-24,3.85315085965e-24,3.44372889439e-24,4.81473759323e-24,9.95554768619e-24,3.39735610051e-24,3.89998119285e-24,6.9899686857e-24,1.82375727159e-24,4.2638460464e-24,6.6421252027e-24,5.97519734431e-24,7.42616380121e-24,6.7445335477e-24,9.05707298047e-24,8.72578847674e-24,6.76151535641e-24,7.5928658877e-24,6.8534492063e-24,5.9511149986e-24,5.86943515718e-24,4.63531039148e-24,5.82149292453e-24,5.60366673492e-24,6.38822519276e-24,7.24716337321e-24,7.58158123245e-24,7.86214197998e-24,5.58070812156e-24,6.49190399825e-24,7.04598175427e-24,4.72812697672e-24,6.52429068271e-24,8.02691766814e-24,8.72066955832e-24],"var":[0.0000049322607083,0.00000167442385646,0.00000114238935112,9.20072920962e-7,0.00000144307239225,0.00000489475041832,0.00000176143362296,6.70803274261e-7,3.27476669781e-7,1.56414657226e-7,1.17152318069e-7,1.01188568635e-7,5.42341531684e-8,2.96206188466e-8,1.24301449134e-8,8.88876705574e-9,3.97639787764e-9,6.6544209032e-10,3.16488696361e-10,2.58986887491e-10,8.92468668412e-11,4.63095950476e-11,3.45338792285e-11,3.08122694026e-11,1.89601893213e-11,1.21969214242e-11,5.14271394567e-12,5.15117289102e-12,4.50206408611e-12,5.44237094627e-12,4.13645940417e-12,6.3315346889e-12,5.86306784373e-12,3.20465355641e-12,1.08683624166e-12,4.75406335392e-13,1.20811550325e-13,2.8968652157e-14,6.18399908307e-15,9.9491230023e-16]},"melbands_crest":{"dmean":3.38359093666,"dmean2":5.54801416397,"dvar":9.60375118256,"dvar2":25.0878829956,"max":37.9450683594,"mean":12.9797296524,"median":11.7679386139,"min":1.84480237961,"var":26.9948883057},"melbands_flatness_db":{"dmean":0.0295582935214,"dmean2":0.0424097105861,"dvar":0.000669127330184,"dvar2":0.00145231699571,"max":0.511553347111,"mean":0.252412229776,"median":0.253443539143,"min":0.00509489141405,"var":0.00461546285078},"melbands_kurtosis":{"dmean":4.3787779808,"dmean2":6.8907995224,"dvar":96.9077377319,"dvar2":238.596328735,"max":312.614440918,"mean":7.3242225647,"median":3.69130659103,"min":-1.82951724529,"var":209.247787476},"melbands_skewness":{"dmean":0.593149363995,"dmean2":0.911535859108,"dvar":0.405520528555,"dvar2":0.955872476101,"max":12.8267917633,"mean":1.87167823315,"median":1.65754449368,"min":-1.25801086426,"var":1.78116929531},"melbands_spread":{"dmean":4.55143880844,"dmean2":6.728038311,"dvar":41.0929985046,"dvar2":81.8120040894,"max":317.919708252,"mean":19.0868034363,"median":15.8585882187,"min":0.509055614471,"var":467.4503479},"mfcc":{"cov":[[17857.0078125,2428.93676758,-815.564941406,721.395080566,-794.55090332,596.850280762,-644.330200195,62.4410362244,-259.554656982,167.382781982,219.207351685,260.962219238,-179.892807007],[2428.93676758,2358.359375,-282.667999268,-102.710655212,113.510444641,-84.6619949341,74.6402359009,-171.593307495,3.62477469444,10.0979127884,89.3197784424,2.63625311852,24.4306373596],[-815.564941406,-282.667999268,403.16595459,-77.2255249023,5.58080863953,64.0415420532,28.3485584259,88.4908370972,4.0006942749,-14.0042476654,-28.0147609711,-6.28064966202,14.8658399582],[721.395080566,-102.710655212,-77.2255249023,327.925964355,-3.56173563004,3.28479552269,-41.4593925476,12.2994699478,-3.65558409691,17.5281105042,10.0388870239,23.3370075226,-5.41232872009],[-794.55090332,113.510444641,5.58080863953,-3.56173563004,183.415496826,-59.1228179932,86.5575942993,-37.8880577087,32.3966827393,2.47521185875,4.87914562225,-17.2335605621,15.7082777023],[596.850280762,-84.6619949341,64.0415420532,3.28479552269,-59.1228179932,220.671264648,20.9908027649,121.315643311,-0.731475234032,-5.86605215073,-31.1033935547,-9.08601856232,-10.0614833832],[-644.330200195,74.6402359009,28.3485584259,-41.4593925476,86.5575942993,20.9908027649,153.510986328,51.2646484375,43.2791290283,-13.5772829056,-27.098985672,-26.6260223389,16.4402923584],[62.4410362244,-171.593307495,88.4908370972,12.2994699478,-37.8880577087,121.315643311,51.2646484375,170.976989746,35.1026573181,-0.0230231918395,-42.1163597107,-14.9006023407,3.3221373558],[-259.554656982,3.62477469444,4.0006942749,-3.65558409691,32.3966827393,-0.731475234032,43.2791290283,35.1026573181,82.2799072266,24.7677249908,0.55284589529,-9.33130836487,3.12379002571],[167.382781982,10.0979127884,-14.0042476654,17.5281105042,2.47521185875,-5.86605215073,-13.5772829056,-0.0230231918395,24.7677249908,59.2144737244,36.067817688,14.3125200272,-1.97515630722],[219.207351685,89.3197784424,-28.0147609711,10.0388870239,4.87914562225,-31.1033935547,-27.098985672,-42.1163597107,0.55284589529,36.067817688,76.1494750977,37.6833152771,2.5589287281],[260.962219238,2.63625311852,-6.28064966202,23.3370075226,-17.2335605621,-9.08601856232,-26.6260223389,-14.9006023407,-9.33130836487,14.3125200272,37.6833152771,59.9041557312,22.9430084229],[-179.892807007,24.4306373596,14.8658399582,-5.41232872009,15.7082777023,-10.0614833832,16.4402923584,3.3221373558,3.12379002571,-1.97515630722,2.5589287281,22.9430084229,55.7202377319]],"icov":[[0.000173476320924,-0.000240456691245,0.000172870815732,-0.000279189582216,0.000365295883967,-0.000432089262176,0.000415637070546,-0.000184346543392,0.000257348117884,-0.000337136065355,0.00018451854703,-0.000637119985186,0.000527093943674],[-0.000240456691245,0.000881039246451,0.000107149877294,0.000547645671759,-0.000543388072401,0.000353374780389,-0.000970765016973,0.000748686841689,-0.000367318163626,0.000669477041811,-0.00107213738374,0.00135368830524,-0.00114303966984],[0.000172870815732,0.000107149877294,0.0035543020349,0.000773737905547,-0.000836357939988,-0.000630860042293,0.00113016029354,-0.00222310749814,0.000916874152608,0.000241779198404,-0.000146966674947,-0.000846824783366,-0.000128420331748],[-0.000279189582216,0.000547645671759,0.000773737905547,0.00422101933509,-0.00208401563577,0.000788386911154,0.00096990010934,-0.00134208030067,0.000025017578082,-0.0000349246547557,0.000478467729408,-0.00103823828977,-0.0000113005198727],[0.000365295883967,-0.000543388072401,-0.000836357939988,-0.00208401563577,0.0119719542563,0.000242628055275,-0.00636540073901,0.00450884597376,-0.0012954591075,-0.00183237192687,-0.00111862120684,0.00232182000764,-0.00118061003741],[-0.000432089262176,0.000353374780389,-0.000630860042293,0.000788386911154,0.000242628055275,0.00945871695876,-0.001628667349,-0.00573046598583,0.00192900735419,0.000361590093235,-0.00000533023285243,0.00078296213178,0.000739255396184],[0.000415637070546,-0.000970765016973,0.00113016029354,0.00096990010934,-0.00636540073901,-0.001628667349,0.0160612706095,-0.00603642920032,-0.00303907948546,0.00356544717215,0.000579150626436,0.000289304822218,-0.00116733275354],[-0.000184346543392,0.000748686841689,-0.00222310749814,-0.00134208030067,0.00450884597376,-0.00573046598583,-0.00603642920032,0.0172342285514,-0.00562075152993,-0.00269481749274,0.00480185588822,0.000724950106815,-0.00231245812029],[0.000257348117884,-0.000367318163626,0.000916874152608,0.000025017578082,-0.0012954591075,0.00192900735419,-0.00303907948546,-0.00562075152993,0.0206459090114,-0.0103296553716,0.000948058848735,0.000959403347224,0.000732853659429],[-0.000337136065355,0.000669477041811,0.000241779198404,-0.0000349246547557,-0.00183237192687,0.000361590093235,0.00356544717215,-0.00269481749274,-0.0103296553716,0.0322684124112,-0.016431318596,0.00316132488661,-0.000583471497521],[0.00018451854703,-0.00107213738374,-0.000146966674947,0.000478467729408,-0.00111862120684,-0.00000533023285243,0.000579150626436,0.00480185588822,0.000948058848735,-0.016431318596,0.0340292081237,-0.0198343712837,0.00697719538584],[-0.000637119985186,0.00135368830524,-0.000846824783366,-0.00103823828977,0.00232182000764,0.00078296213178,0.000289304822218,0.000724950106815,0.000959403347224,0.00316132488661,-0.0198343712837,0.0398118495941,-0.0185906533152],[0.000527093943674,-0.00114303966984,-0.000128420331748,-0.0000113005198727,-0.00118061003741,0.000739255396184,-0.00116733275354,-0.00231245812029,0.000732853659429,-0.000583471497521,0.00697719538584,-0.0185906533152,0.0284040439874]],"mean":[-732.003601074,165.35874939,0.68105494976,9.01947498322,-8.75284767151,18.197927475,5.46552801132,10.333193779,-3.13313388824,-2.99571752548,-2.97987532616,0.016190873459,1.46928405762]},"pitch_salience":{"dmean":0.0596501491964,"dmean2":0.0959784984589,"dvar":0.00285371788777,"dvar2":0.0073992498219,"max":0.897540807724,"mean":0.604746222496,"median":0.623203933239,"min":0.121476769447,"var":0.0101411631331},"silence_rate_20dB":{"dmean":0,"dmean2":0,"dvar":0,"dvar2":0,"max":1,"mean":1,"median":1,"min":1,"var":0},"silence_rate_30dB":{"dmean":0.0189045704901,"dmean2":0.037811588496,"dvar":0.0185462646186,"dvar2":0.0453134775162,"max":1,"mean":0.975982367992,"median":1,"min":0,"var":0.0234429575503},"silence_rate_60dB":{"dmean":0.0275799557567,"dmean2":0.0551634840667,"dvar":0.026821244508,"dvar2":0.0562699884176,"max":1,"mean":0.176668614149,"median":0,"min":0,"var":0.145457297564},"spectral_centroid":{"dmean":144.833862305,"dmean2":201.577301025,"dvar":34534.609375,"dvar2":63760.7734375,"max":11397.8681641,"mean":850.785888672,"median":725.155822754,"min":205.016143799,"var":315334.4375},"spectral_complexity":{"dmean":2.33303117752,"dmean2":3.45730018616,"dvar":5.85667848587,"dvar2":11.0251932144,"max":51,"mean":13.6933383942,"median":14,"min":0,"var":70.2538146973},"spectral_contrast_coeffs":{"dmean":[0.0484775342047,0.0478281192482,0.0330288298428,0.026549063623,0.0184105802327,0.0322210080922],"dmean2":[0.0799013823271,0.0791069865227,0.0544446818531,0.0437802188098,0.0299369841814,0.046952124685],"dvar":[0.0015868623741,0.00158031110186,0.000737387570553,0.000468281825306,0.000227270807954,0.000971307046711],"dvar2":[0.00436405511573,0.00425609853119,0.00200343946926,0.00124784721993,0.000589784118347,0.00184633454774],"max":[-0.378041267395,-0.451858401299,-0.553319454193,-0.607253432274,-0.733066916466,-0.525808870792],"mean":[-0.691019833088,-0.775329530239,-0.809929192066,-0.819624304771,-0.846364557743,-0.77628493309],"median":[-0.693923294544,-0.78558754921,-0.812693119049,-0.822148501873,-0.843281626701,-0.778721451759],"min":[-0.978645861149,-0.978076040745,-0.98893892765,-0.964981794357,-0.966732978821,-0.96288394928],"var":[0.00633147032931,0.00589933712035,0.00235340907238,0.00212027248926,0.00106497562956,0.00581673067063]},"spectral_contrast_valleys":{"dmean":[0.399369895458,0.369078189135,0.317837148905,0.288436412811,0.322514504194,0.52593177557],"dmean2":[0.638033688068,0.58774638176,0.458394020796,0.416752815247,0.440345644951,0.783268749714],"dvar":[0.125787898898,0.105701573193,0.0987133905292,0.0806057080626,0.112788416445,0.224098563194],"dvar2":[0.284630417824,0.230155408382,0.16443862021,0.13454978168,0.202407360077,0.516912043095],"max":[-5.04049730301,-4.45777177811,-4.92724323273,-5.5552406311,-6.12567806244,-8.98026847839],"mean":[-7.47246026993,-7.04450416565,-7.08967018127,-8.20090007782,-8.72047710419,-11.5275497437],"median":[-6.97023820877,-6.58277273178,-6.6126947403,-7.73176145554,-8.30327510834,-11.1835708618],"min":[-28.1779747009,-27.5529785156,-27.6054439545,-27.4572849274,-27.42029953,-27.2890319824],"var":[3.23681879044,3.22625684738,2.68698477745,2.90407633781,2.9035115242,2.10288286209]},"spectral_decrease":{"dmean":2.03908201435e-9,"dmean2":3.14367243348e-9,"dvar":1.00538542587e-17,"dvar2":2.39363139826e-17,"max":1.31395925251e-8,"mean":-3.60230356655e-9,"median":-1.82149606509e-9,"min":-4.58902142952e-8,"var":2.51940933892e-17},"spectral_energy":{"dmean":0.00921505037695,"dmean2":0.0135924583301,"dvar":0.000191356361029,"dvar2":0.000429942068877,"max":0.241840645671,"mean":0.0314590372145,"median":0.0247261412442,"min":1.03890758776e-20,"var":0.000910442438908},"spectral_energyband_high":{"dmean":0.000242790469201,"dmean2":0.000290186289931,"dvar":2.13033473528e-7,"dvar2":3.40299664003e-7,"max":0.0166931133717,"mean":0.00056909158593,"median":0.000150173378643,"min":7.41251006414e-21,"var":8.17860325242e-7},"spectral_energyband_low":{"dmean":0.00401792861521,"dmean2":0.00644658412784,"dvar":0.0000581814456382,"dvar2":0.000149553234223,"max":0.138530299067,"mean":0.00740482937545,"median":0.00421374058351,"min":3.61400436301e-23,"var":0.0000927948422031},"spectral_energyband_middle_high":{"dmean":0.00143836915959,"dmean2":0.00204851804301,"dvar":0.00000692442517902,"dvar2":0.0000155308462126,"max":0.0576363317668,"mean":0.00393154751509,"median":0.00235495017841,"min":1.47761377123e-21,"var":0.0000259544922301},"spectral_energyband_middle_low":{"dmean":0.00503845093772,"dmean2":0.00770479813218,"dvar":0.0000877045749803,"dvar2":0.000199771107873,"max":0.187969431281,"mean":0.0119620189071,"median":0.00576799781993,"min":2.61928275773e-22,"var":0.000297718215734},"spectral_entropy":{"dmean":0.199175447226,"dmean2":0.278931379318,"dvar":0.0334339030087,"dvar2":0.0673389285803,"max":9.80669975281,"mean":7.3319401741,"median":7.30397319794,"min":5.55506086349,"var":0.229571029544},"spectral_flux":{"dmean":0.0191722307354,"dmean2":0.0298380888999,"dvar":0.000654336879961,"dvar2":0.00143567367923,"max":0.326695561409,"mean":0.0847077071667,"median":0.0804851725698,"min":6.53908385773e-11,"var":0.00315660680644},"spectral_kurtosis":{"dmean":7.34955692291,"dmean2":10.8860340118,"dvar":84.9633560181,"dvar2":203.791015625,"max":132.260818481,"mean":23.8968067169,"median":21.1298561096,"min":-1.22385978699,"var":249.104858398},"spectral_rms":{"dmean":0.000725980731659,"dmean2":0.00102115690242,"dvar":8.18422904558e-7,"dvar2":0.00000170620342033,"max":0.0153604065999,"mean":0.0047739231959,"median":0.00491152377799,"min":3.1836588487e-12,"var":0.00000790118974692},"spectral_rolloff":{"dmean":1808.18737793,"dmean2":3476.37133789,"dvar":28216744,"dvar2":71891832,"max":22050,"mean":20145.5,"median":21748.5351562,"min":64.599609375,"var":27179812},"spectral_skewness":{"dmean":0.546242415905,"dmean2":0.775038301945,"dvar":0.344642937183,"dvar2":0.77453905344,"max":9.36728858948,"mean":3.54764604568,"median":3.44439816475,"min":-0.0166318379343,"var":1.57784855366},"spectral_spread":{"dmean":632562.125,"dmean2":890844.1875,"dvar":412786262016,"dvar2":794190348288,"max":41728392,"mean":4532734,"median":4108329.25,"min":1474121.5,"var":3461258412030},"spectral_strongpeak":{"dmean":6.12010192871,"dmean2":11.2314414978,"dvar":231.841217041,"dvar2":610.375671387,"max":208.502624512,"mean":5.5795788765,"median":0.372049242258,"min":0,"var":217.630966187},"zerocrossingrate":{"dmean":0.0401304848492,"dmean2":0.0492070540786,"dvar":0.00111575424671,"dvar2":0.00164536410011,"max":0.76220703125,"mean":0.384724527597,"median":0.38427734375,"min":0.0693359375,"var":0.00870868097991}},"metadata":{"audio_properties":{"analysis_sample_rate":44100,"bit_rate":320000,"codec":"mp3","downmix":"mix","equal_loudness":0,"length":358.636169434,"lossless":false,"md5_encoded":"f8125a3e2229adf0583ffcc904cc085b","replay_gain":-6.28972816467,"sample_rate":44100},"tags":{"acoustid_id":["94fac910-d456-4b89-a68a-c23ed9908b7a"],"album":["It's Hard"],"albumartist":["The Who"],"albumartistsort":["Who, The"],"artist":["The Who"],"artistsort":["Who, The"],"asin":["B000002P9H"],"date":["1982"],"discnumber":["1/1"],"file_name":"07. The Who - I've Known No War.mp3","genre":["Classic Rock"],"musicbrainz album release country":["GB"],"musicbrainz album status":["official"],"musicbrainz album type":["album"],"musicbrainz_albumartistid":["9fdaa16b-a6c4-4831-b87c-bc9ca8ce7eaa"],"musicbrainz_albumid":["7c56e172-dd61-41ed-87b7-c31e0aca5233"],"musicbrainz_artistid":["9fdaa16b-a6c4-4831-b87c-bc9ca8ce7eaa"],"musicbrainz_recordingid":["bdb97fdf-4bb4-44a1-999f-7ccf503dc83a"],"originaldate":["1982"],"script":["Latn"],"title":["I've Known No War"],"tracknumber":["7/12"]},"version":{"essentia":"2.1-beta1","essentia_build_sha":"ca57ba49d9b1854bd80e60cf9ccf267278fb7d6b","essentia_git_sha":"v2.1_beta1-28-g21ef5f4-dirty","extractor":"music 1.0"}},"rhythm":{"beats_count":948,"beats_loudness":{"dmean":0.0261704046279,"dmean2":0.0498701259494,"dvar":0.000508700439241,"dvar2":0.00158566934988,"max":0.238636851311,"mean":0.0432021617889,"median":0.0390196740627,"min":2.90899637712e-9,"var":0.00101166800596},"beats_loudness_band_ratio":{"dmean":[0.148592144251,0.0910862907767,0.0774437785149,0.0857300162315,0.011379850097,0.119105286896],"dmean2":[0.25640630722,0.161238640547,0.134809166193,0.155665427446,0.0198805183172,0.198809653521],"dvar":[0.0159361939877,0.0112310117111,0.00993542838842,0.00546208163723,0.000146154372487,0.00774985505268],"dvar2":[0.0448064655066,0.0319744609296,0.0272441338748,0.0162075329572,0.00041213579243,0