{"lowlevel":{"average_loudness":0.950843393803,"barkbands":{"dmean":[0.0000558558895136,0.000684676284436,0.0014134197263,0.0014986115275,0.000957911252044,0.000316072546411,0.000240673180087,0.000178445523488,0.000274854770396,0.000346491317032,0.000379918521503,0.000502400274854,0.000509964302182,0.000451221043477,0.000541925197467,0.000537456304301,0.000771355989855,0.000367121247109,0.000383453909308,0.000236321924604,0.000129566120449,0.0000994270667434,0.0000879224025994,0.0000701344397385,0.0000372947652068,0.0000126249997265,0.00000256021689893],"dmean2":[0.0000863505993038,0.0011032797629,0.00250544142909,0.00252520898357,0.0014801096404,0.000513260951266,0.000383279431844,0.000291386037134,0.00044642740977,0.000565355003346,0.000605570967309,0.000815980834886,0.000830311677419,0.000708537176251,0.000865335809067,0.000861699460074,0.00123729417101,0.000594681594521,0.000616569828708,0.000379889941541,0.000219169349293,0.000165789359016,0.000144336256199,0.000116854105727,0.0000636266340734,0.0000211533861147,0.00000480112475998],"dvar":[2.70463491603e-8,0.00000117529134513,0.00000418052422901,0.00000360840476787,0.00000255647819358,2.03267106258e-7,2.79559259297e-7,3.23105268762e-7,4.70003612918e-7,4.22339297756e-7,5.98735596213e-7,6.77716627706e-7,9.70444148152e-7,7.47013928049e-7,8.7059231646e-7,8.55803421018e-7,0.00000139933695209,5.44707745576e-7,5.20368928392e-7,1.98167370513e-7,8.14141571936e-8,4.64313103521e-8,3.88883556468e-8,2.46834304107e-8,1.04913837617e-8,1.46521383915e-9,1.44314379891e-10],"dvar2":[6.11529316075e-8,0.00000293210860036,0.0000143994275277,0.00000989294403553,0.00000561811339139,5.03536341512e-7,6.21698802661e-7,8.02664317234e-7,0.00000107052767362,0.00000103787988337,0.0000013021324321,0.00000168018414115,0.00000250956350101,0.00000166122902101,0.00000209861673284,0.0000020749171199,0.00000355475390279,0.00000141050963975,0.00000134749086556,4.9927029977e-7,2.26414016424e-7,1.26178818505e-7,1.00478906973e-7,6.43759747732e-8,2.72755613651e-8,3.6143750215e-9,4.20379092647e-10],"max":[0.0037686387077,0.014851341024,0.0203484520316,0.0327162705362,0.0233184993267,0.0095971506089,0.0111609511077,0.0166320856661,0.0212143436074,0.0155245428905,0.0182291213423,0.0155468983576,0.0108105530962,0.0141580412164,0.0139900511131,0.0124894184992,0.0199116691947,0.00847899634391,0.00866106618196,0.00611089309677,0.00514966854826,0.00332064228132,0.00355646549724,0.00291844573803,0.00225647981279,0.000852828263305,0.000260784523562],"mean":[0.0000555087717657,0.00181445199996,0.00218363874592,0.00275904731825,0.0021440165583,0.00052526826039,0.000403551937779,0.000243488961132,0.000427610008046,0.000500733149238,0.000593576638494,0.000795156811364,0.000711433880497,0.000772268977016,0.000861202424858,0.000833392259665,0.00143173022661,0.000578822277021,0.000643315783236,0.000376281823264,0.000203524366952,0.000140221061883,0.000122177036246,0.0000919742378755,0.000049080390454,0.0000135453301482,0.00000168683129687],"median":[0.0000129094623844,0.00050615897635,0.0013599084923,0.00123029085808,0.000767128891312,0.000340347847668,0.000208595301956,0.000112297522719,0.000249708653428,0.000264624715783,0.000237465574173,0.000403386715334,0.000318207312375,0.000271687546046,0.000427120248787,0.000467047677375,0.000944852363318,0.000270607008133,0.000297433405649,0.000196798675461,0.000137183553306,0.0000854539757711,0.0000663553946652,0.0000497881919728,0.0000229109191423,0.00000369115514331,1.94981382151e-7],"min":[8.12460862492e-25,4.0403053484e-24,3.38988716546e-24,4.05070687386e-24,1.44816860393e-23,6.31321319815e-24,8.20612556656e-24,9.64666840989e-24,2.16515102782e-23,2.61462109465e-23,2.99389658264e-23,2.76969978902e-23,5.99246195965e-23,4.23772512633e-23,5.73508946289e-23,6.75327791306e-23,9.13256507583e-23,9.18074554448e-23,1.4238895163e-22,1.97550814045e-22,2.9404369937e-22,3.35059140053e-22,3.87255832097e-22,6.30468944563e-22,6.91035589651e-22,1.31137025905e-21,1.87771513662e-21],"var":[2.83609153939e-8,0.00000690431988914,0.00000585026373301,0.0000156090118253,0.000011744040421,4.01264799166e-7,7.38622304652e-7,4.63061923028e-7,7.66702839883e-7,6.56111808439e-7,0.00000157217414198,0.0000012385160062,0.00000121829737054,0.00000200603540179,0.00000158278010076,0.00000140638962876,0.00000275563593277,8.99069505067e-7,8.18863156837e-7,2.8078932246e-7,6.92608850272e-8,3.97235275784e-8,3.99437176668e-8,2.33700969687e-8,1.11352704835e-8,1.82831594309e-9,7.86483864146e-11]},"barkbands_crest":{"dmean":2.26826572418,"dmean2":3.62126374245,"dvar":4.14612102509,"dvar2":9.93268585205,"max":26.906578064,"mean":8.75897502899,"median":7.92735767365,"min":2.32287073135,"var":15.5525121689},"barkbands_flatness_db":{"dmean":0.0199705548584,"dmean2":0.0299232173711,"dvar":0.000428773637395,"dvar2":0.000963446276728,"max":0.530387461185,"mean":0.104560509324,"median":0.0973831117153,"min":0.0238621644676,"var":0.00174311571755},"barkbands_kurtosis":{"dmean":2.31688904762,"dmean2":3.78756141663,"dvar":546.124206543,"dvar2":1580.28686523,"max":1111.47314453,"mean":1.61177968979,"median":-0.623618125916,"min":-1.97569620609,"var":380.10736084},"barkbands_skewness":{"dmean":0.564087867737,"dmean2":0.866925656796,"dvar":0.709212958813,"dvar2":1.71775519848,"max":33.1629981995,"mean":0.777973949909,"median":0.560822427273,"min":-3.48809051514,"var":1.9499194622},"barkbands_spread":{"dmean":6.75489044189,"dmean2":10.7520523071,"dvar":60.8527755737,"dvar2":150.097518921,"max":160.944747925,"mean":32.2762832642,"median":32.0821456909,"min":0.573592364788,"var":202.130340576},"dissonance":{"dmean":0.0103853931651,"dmean2":0.0176516007632,"dvar":0.000200895810849,"dvar2":0.000582160311751,"max":0.500000119209,"mean":0.483617603779,"median":0.487138032913,"min":0,"var":0.000209325924516},"dynamic_complexity":3.32634687424,"erbbands":{"dmean":[0.0135414982215,0.183471769094,1.11493849754,4.24588918686,2.61974620819,4.64212751389,2.61045098305,2.63200712204,2.55038356781,4.38162517548,4.36885309219,5.92976379395,6.68136310577,14.4835138321,13.7342634201,23.1322441101,24.2691802979,20.9397506714,29.1770401001,22.5544681549,31.6783123016,40.5168914795,21.3470191956,17.8747348785,18.3579444885,11.1852703094,6.68262052536,4.16996383667,3.51316785812,3.1376388073,2.43666291237,1.7823548317,1.0331441164,0.506898641586,0.213227793574,0.0798309743404,0.0180029720068,0.00324637582526,0.000409553525969,0.0000329571339535],"dmean2":[0.0229278542101,0.295856952667,1.92099308968,7.31178236008,4.14154243469,7.32801628113,4.23013925552,4.26852750778,4.20331811905,6.65245914459,7.2544426918,9.67184352875,11.1547603607,23.6320209503,21.5515537262,37.4631271362,38.8284645081,33.1070022583,46.3139686584,35.6847648621,50.6683921814,65.1387634277,34.035861969,28.8826026917,29.4088821411,17.7857208252,11.2544651031,6.92433929443,5.83158588409,5.20829391479,4.0048418045,2.95065760612,1.74336004257,0.867031633854,0.360645532608,0.131686225533,0.0306269600987,0.00589343952015,0.000762344046962,0.0000604000633757],"dvar":[0.000741581548937,0.0766005516052,1.90306770802,33.3933181763,10.4036216736,71.3651199341,12.2998657227,16.2766036987,23.6504440308,149.250396729,245.204483032,234.889801025,150.361465454,760.269775391,685.453735352,1465.29309082,2016.34814453,1691.69213867,2407.74682617,1730.79321289,3047.76586914,3616.13891602,1527.00634766,1404.32653809,1147.21411133,457.277618408,230.087249756,76.449760437,58.6781349182,48.2003326416,30.9265995026,15.9077014923,5.72866868973,1.90661597252,0.403441041708,0.0639645680785,0.00305970478803,0.00015238414926,0.00000333713433065,2.56701788715e-8],"dvar2":[0.00203003082424,0.186928853393,6.1403799057,100.555877686,22.7503013611,172.234222412,32.0078964233,40.0785484314,57.8176803589,303.743469238,635.262878418,509.404510498,407.979492188,1835.83630371,1509.76940918,3641.41113281,5110.70361328,3993.48608398,5763.26416016,4172.06933594,7513.85107422,9413.21582031,3914.27539062,3666.89746094,2946.33984375,1171.22619629,642.553710938,210.721130371,159.691070557,127.642242432,80.2505264282,40.8185005188,15.1448745728,5.04691076279,1.05417048931,0.151047825813,0.00808878708631,0.000438287737779,0.0000097006723081,7.53718367719e-8],"max":[0.527155101299,3.56306052208,13.4670467377,98.2255096436,56.5827178955,126.06804657,61.9393005371,66.1949157715,122.375190735,323.226318359,406.170898438,671.65045166,189.511764526,563.206665039,595.487243652,804.737792969,563.827880859,710.342651367,691.767822266,726.727416992,852.503662109,800.032897949,483.924987793,540.207275391,370.779693604,314.700073242,273.938232422,167.608215332,107.800827026,94.7159729004,102.562423706,64.2280197144,43.0133743286,32.6075325012,10.7781114578,7.25529003143,0.828211724758,0.21135212481,0.0353896543384,0.00395977124572],"mean":[0.0243292171508,0.509444653988,2.1220471859,7.78467655182,5.38673830032,9.72974014282,4.8429980278,4.15957355499,4.23967695236,7.03833532333,6.30646562576,8.98871231079,10.5170955658,22.976896286,23.3613643646,38.2910308838,36.7235641479,35.5196990967,50.970703125,38.0270996094,53.3565139771,77.7961654663,38.6565551758,30.6785392761,30.097486496,18.2022972107,10.4453802109,6.58515930176,4.98581266403,4.14043331146,3.41440391541,2.31384062767,1.38673758507,0.685362637043,0.259736448526,0.0920268073678,0.0178826358169,0.00258272513747,0.000288941257168,0.0000419557654823],"median":[0.00887495838106,0.161864370108,1.78143823147,3.3762485981,3.43085432053,3.03733587265,3.33905601501,2.61316633224,2.50474071503,2.86877155304,3.21833276749,5.03861999512,6.93368530273,11.7034349442,12.6579341888,20.4864368439,17.6970863342,14.949092865,24.9034347534,22.3705863953,30.454864502,53.0856361389,21.228099823,13.9566650391,14.3776378632,9.55692768097,7.13785362244,4.3034658432,3.03248238564,2.30344104767,1.89001584053,1.17991137505,0.773670434952,0.354766249657,0.105298176408,0.0277955681086,0.00467859581113,0.000529904908035,0.0000504149065819,0.0000276379287243],"min":[1.81760052777e-22,8.14568935489e-22,3.73448741723e-21,9.23970437745e-21,2.51282913654e-20,6.36275405111e-20,3.17007922473e-20,7.90177140215e-20,1.86175479172e-19,2.03710893902e-19,3.0522887055e-19,4.6663652008e-19,8.3863478929e-19,6.90523913011e-19,2.01154050194e-18,1.56952010141e-18,2.96617496444e-18,3.0187323662e-18,3.60393287107e-18,3.8074602472e-18,4.59519551148e-18,5.80784849333e-18,4.73660865464e-18,7.42319657203e-18,9.69337391085e-18,1.03493066299e-17,1.09732597193e-17,1.1564482099e-17,1.14775594787e-17,1.25830880218e-17,1.0572025837e-17,1.19275490407e-17,1.02331704719e-17,7.59213580443e-18,6.10392662666e-18,4.2439101033e-18,2.33870056717e-18,1.03198805068e-18,2.40431832362e-19,2.79889905007e-20],"var":[0.00116364005953,0.497256338596,3.41395688057,123.968971252,37.7206954956,279.314849854,27.394821167,27.4413146973,53.4508018494,369.144836426,313.401367188,391.582885742,173.382629395,1337.61523438,1569.84851074,2734.40576172,2876.64160156,3430.88574219,5222.75292969,2922.96484375,5102.58105469,7231.76806641,2914.73510742,2289.96704102,1677.56787109,649.389465332,194.060577393,70.6671218872,50.3573417664,43.9576148987,32.1397476196,15.9496059418,5.27492666245,1.83475422859,0.429511964321,0.0905764624476,0.0029711285606,0.0000896912606549,0.00000183595841463,1.39943914235e-8]},"erbbands_crest":{"dmean":2.29247355461,"dmean2":3.74853444099,"dvar":4.43433570862,"dvar2":10.8759269714,"max":27.0983352661,"mean":8.24718761444,"median":7.59550476074,"min":1.72968757153,"var":10.4228639603},"erbbands_flatness_db":{"dmean":0.0140856709331,"dmean2":0.0213488340378,"dvar":0.00018013161025,"dvar2":0.000393081194488,"max":0.274028837681,"mean":0.152259960771,"median":0.152788341045,"min":0.00809791125357,"var":0.00115678831935},"erbbands_kurtosis":{"dmean":0.839184999466,"dmean2":1.3383153677,"dvar":0.830814063549,"dvar2":1.90673971176,"max":12.0975379944,"mean":0.854864895344,"median":0.599144935608,"min":-1.78462433815,"var":2.64096832275},"erbbands_skewness":{"dmean":0.332191497087,"dmean2":0.515506923199,"dvar":0.0869608819485,"dvar2":0.204537898302,"max":1.83675956726,"mean":-0.498580724001,"median":-0.505640149117,"min":-3.02752041817,"var":0.330691963434},"erbbands_spread":{"dmean":7.60924005508,"dmean2":12.0408658981,"dvar":76.4630661011,"dvar2":179.673278809,"max":170.15032959,"mean":35.0657272339,"median":29.8450145721,"min":7.687084198,"var":444.676422119},"gfcc":{"cov":[[32435.5761719,2235.84960938,-4282.77148438,720.677062988,-1151.25927734,258.973724365,-1108.7421875,188.755096436,-718.135986328,-162.934265137,-437.342346191,-21.1932830811,-244.628997803],[2235.84960938,854.873168945,-316.094116211,3.45273685455,-45.4271202087,0.423843592405,-80.3168258667,-18.5345954895,-45.6994514465,-56.7562065125,-10.4875850677,-51.6554832458,36.3320655823],[-4282.77148438,-316.094116211,1009.48022461,-54.9191398621,85.0738296509,23.6662597656,125.093955994,9.64146232605,100.819122314,35.0552024841,20.9441432953,24.4682178497,31.8373584747],[720.677062988,3.45273685455,-54.9191398621,216.020355225,15.1234207153,9.28463935852,-31.302148819,16.2757873535,-6.34557628632,-5.24347400665,0.399405926466,6.72320127487,1.12835085392],[-1151.25927734,-45.4271202087,85.0738296509,15.1234207153,207.014022827,12.1896648407,62.9955406189,-11.4676485062,48.8294563293,13.180434227,36.814868927,5.07295465469,18.4654407501],[258.973724365,0.423843592405,23.6662597656,9.28463935852,12.1896648407,111.588981628,20.454366684,10.8659420013,-7.97137546539,25.1607933044,-1.15598642826,10.9971256256,0.525867164135],[-1108.7421875,-80.3168258667,125.093955994,-31.302148819,62.9955406189,20.454366684,130.617263794,29.5662136078,47.4577789307,29.0024318695,39.1064376831,13.6073875427,9.09446430206],[188.755096436,-18.5345954895,9.64146232605,16.2757873535,-11.4676485062,10.8659420013,29.5662136078,90.6456222534,46.3217391968,27.51927948,22.8458099365,25.4400806427,3.54732012749],[-718.135986328,-45.6994514465,100.819122314,-6.34557628632,48.8294563293,-7.97137546539,47.4577789307,46.3217391968,105.572555542,44.8793563843,41.1411056519,20.0689430237,12.9676027298],[-162.934265137,-56.7562065125,35.0552024841,-5.24347400665,13.180434227,25.1607933044,29.0024318695,27.51927948,44.8793563843,88.7909927368,44.3544578552,16.3396186829,-0.969644904137],[-437.342346191,-10.4875850677,20.9441432953,0.399405926466,36.814868927,-1.15598642826,39.1064376831,22.8458099365,41.1411056519,44.3544578552,87.4426879883,25.692773819,6.73717880249],[-21.1932830811,-51.6554832458,24.4682178497,6.72320127487,5.07295465469,10.9971256256,13.6073875427,25.4400806427,20.0689430237,16.3396186829,25.692773819,76.0497207642,25.734079361],[-244.628997803,36.3320655823,31.8373584747,1.12835085392,18.4654407501,0.525867164135,9.09446430206,3.54732012749,12.9676027298,-0.969644904137,6.73717880249,25.734079361,60.5424842834]],"icov":[[0.000213987252209,-0.000312937103445,0.000640136247966,-0.000379166798666,0.000417614675825,-0.000504700292367,0.000717357033864,-0.000729159859475,0.000399547745474,-0.000464583950816,0.000755055050831,-0.000638263009023,0.00062910845736],[-0.000312937103445,0.00214654975571,-0.000470126164146,0.00077390082879,-0.000306747911964,-0.0000696565548424,-0.000211895065149,0.000820667890366,-0.000941696402151,0.00201587215997,-0.0023848884739,0.00287129753269,-0.00296300230548],[0.000640136247966,-0.000470126164146,0.00328745227307,-0.0009916665731,0.00141839263961,-0.00198214920238,0.00135010585655,-0.00143826601561,-0.000219499779632,-0.000949265202507,0.00248943152837,-0.00161988043692,0.00106778938789],[-0.000379166798666,0.00077390082879,-0.0009916665731,0.00597313186154,-0.00198532431386,0.000254018144915,0.00097799312789,-0.000868394388817,0.0000273211044259,0.00144205638207,-0.00196553580463,0.00123163196258,-0.00136658828706],[0.000417614675825,-0.000306747911964,0.00141839263961,-0.00198532431386,0.0083093168214,-0.00251475581899,-0.00143923400901,0.0027854857035,-0.00348852481693,0.00114829884842,-0.000752933730837,-0.000184599761269,-0.00036903997534],[-0.000504700292367,-0.0000696565548424,-0.00198214920238,0.000254018144915,-0.00251475581899,0.0130980331451,-0.0039901654236,-0.000118988580653,0.0040622735396,-0.00501542491838,0.00196557119489,-0.00106226140633,-0.000417925475631],[0.000717357033864,-0.000211895065149,0.00135010585655,0.00097799312789,-0.00143923400901,-0.0039901654236,0.0156869385391,-0.00628204736859,0.000353065464878,-0.000493489264045,-0.00148498953786,-0.000321441446431,0.00100114545785],[-0.000729159859475,0.000820667890366,-0.00143826601561,-0.000868394388817,0.0027854857035,-0.000118988580653,-0.00628204736859,0.0214961655438,-0.0104838106781,0.00158581638243,-0.00244975462556,-0.00193031609524,-0.000466571800644],[0.000399547745474,-0.000941696402151,-0.000219499779632,0.0000273211044259,-0.00348852481693,0.0040622735396,0.000353065464878,-0.0104838106781,0.0220986511558,-0.00836365576833,0.000321713101584,-0.00136611668859,-0.000437979237176],[-0.000464583950816,0.00201587215997,-0.000949265202507,0.00144205638207,0.00114829884842,-0.00501542491838,-0.000493489264045,0.00158581638243,-0.00836365576833,0.0220819152892,-0.0106819476932,0.00299296784215,-0.000878510880284],[0.000755055050831,-0.0023848884739,0.00248943152837,-0.00196553580463,-0.000752933730837,0.00196557119489,-0.00148498953786,-0.00244975462556,0.000321713101584,-0.0106819476932,0.0233734566718,-0.00840088166296,0.0045186500065],[-0.000638263009023,0.00287129753269,-0.00161988043692,0.00123163196258,-0.000184599761269,-0.00106226140633,-0.000321441446431,-0.00193031609524,-0.00136611668859,0.00299296784215,-0.00840088166296,0.0226891562343,-0.0116150770336],[0.00062910845736,-0.00296300230548,0.00106778938789,-0.00136658828706,-0.00036903997534,-0.000417925475631,0.00100114545785,-0.000466571800644,-0.000437979237176,-0.000878510880284,0.0045186500065,-0.0116150770336,0.0248085148633]],"mean":[-23.0244312286,74.5132980347,-135.15007019,46.1542472839,-46.1259918213,22.3077774048,-41.6340179443,4.72332572937,-30.0209960938,-8.49174499512,-17.6120090485,-4.64229869843,-10.7308731079]},"hfc":{"dmean":8.71508598328,"dmean2":13.4649343491,"dvar":219.200500488,"dvar2":578.112426758,"max":144.94291687,"mean":22.6852645874,"median":18.6261444092,"min":1.11450332034e-16,"var":364.146087646},"melbands":{"dmean":[0.000155947564053,0.000475879147416,0.000635593896732,0.000247545103775,0.000110233006126,0.0000576952188567,0.0000408756204706,0.0000444054494437,0.0000386989813705,0.0000376235038857,0.0000342321982316,0.0000599848208367,0.0000525157629454,0.0000554103826289,0.0000576551792619,0.0000462708485429,0.0000414681817347,0.0000477522371511,0.0000356267155439,0.0000340963779308,0.0000425444559369,0.0000485972814204,0.0000296442522085,0.0000168610222318,0.0000152421107487,0.0000153018936544,0.0000112777961476,0.00000694804839441,0.00000448128912467,0.00000340917449648,0.00000225718758884,0.00000210830103242,0.00000194355311578,0.0000017103599248,0.00000143291993027,0.00000134049173539,0.00000103363549897,7.79776087256e-7,5.7116926655e-7,3.9329199808e-7],"dmean2":[0.000254282320384,0.000815061444882,0.00109494989738,0.000378656783141,0.00017561147979,0.0000931475515245,0.0000667369022267,0.0000678708238411,0.0000641846345388,0.0000609823800914,0.0000572525386815,0.0000975747680059,0.0000828114134492,0.0000898048601812,0.0000929266534513,0.0000750829858589,0.0000656328629702,0.0000757289162721,0.0000565358459426,0.0000547306444787,0.000067930574005,0.0000787611497799,0.0000473547297588,0.0000274198791885,0.0000247563821176,0.0000246619565587,0.0000179224171006,0.000011246665963,0.00000759993781685,0.00000573018269279,0.00000378058530259,0.00000351230937667,0.00000329036311086,0.00000283307304016,0.00000237594304053,0.00000221641835196,0.00000172127283804,0.00000132755428695,9.76607793746e-7,6.74780721965e-7],"dvar":[6.92027128935e-8,3.09199634785e-7,6.81762116983e-7,1.80740642008e-7,2.40422526332e-8,7.40516936659e-9,6.29266860841e-9,1.54033674704e-8,2.07319672541e-8,7.9747559667e-9,3.93278387634e-9,1.29391297676e-8,1.16385887594e-8,8.31386781641e-9,1.03753841074e-8,8.23132051408e-9,7.21687243299e-9,6.49738529646e-9,3.93220966899e-9,3.52506979162e-9,5.57379520316e-9,5.50257706067e-9,2.55325049991e-9,1.28755994755e-9,1.03958130993e-9,8.40119251944e-10,4.27265917091e-10,1.93133661841e-10,1.1166847308e-10,5.1766608361e-11,2.38762811605e-11,2.14361774858e-11,1.89966879033e-11,1.53529099156e-11,1.14795195919e-11,8.66442681491e-12,6.03925850301e-12,3.288253567e-12,2.14653511979e-12,1.23170310756e-12],"dvar2":[1.81338066341e-7,9.86488998933e-7,0.00000204846605811,3.78619375851e-7,5.79778891563e-8,1.81124164556e-8,1.48537671052e-8,3.15897423775e-8,5.26681489532e-8,1.74848704404e-8,1.05884252477e-8,3.11984038603e-8,2.43566304903e-8,2.06824939397e-8,2.6713641077e-8,2.15679634152e-8,1.66189568773e-8,1.5172972212e-8,9.32584054425e-9,8.41845171351e-9,1.35812801005e-8,1.41794460617e-8,6.00524519001e-9,3.28089355683e-9,2.69811883946e-9,2.15250572921e-9,1.07064113131e-9,4.96809426931e-10,3.12641523781e-10,1.43140749254e-10,6.63468516238e-11,5.89518919791e-11,5.12721566592e-11,4.0653737321e-11,3.01939723224e-11,2.21453497901e-11,1.58107277271e-11,8.72415681363e-12,5.70588801901e-12,3.28908233115e-12],"max":[0.00430284254253,0.00514141283929,0.0136452587321,0.00661401590332,0.00286694685929,0.00159698666539,0.00164662639145,0.00362797360867,0.00400539068505,0.0039587970823,0.00103309680708,0.00251475977711,0.00259249540977,0.00180686998647,0.00131769559812,0.00124115345534,0.0016184822889,0.00113367580343,0.00129186618142,0.00102693634108,0.00109924655408,0.00126014300622,0.000749993312638,0.000541926536243,0.000501405505929,0.00034641334787,0.000262702465989,0.000201616785489,0.000189134603716,0.000125931881485,0.000102731930383,0.0000759170288802,0.000056477241742,0.0000623544765403,0.0000601446954533,0.0000509872479597,0.0000393411137338,0.000036473844375,0.0000334061733156,0.0000241702036874],"mean":[0.00037213327596,0.00100341404323,0.00118115881924,0.000560628133826,0.000221127964323,0.000093782262411,0.0000691654204275,0.0000702355973772,0.0000549115975446,0.0000569881522097,0.000052289753512,0.0000916550707188,0.0000839952699607,0.0000874680263223,0.0000915567652555,0.0000669710352668,0.0000671159141348,0.0000820480345283,0.0000563488829357,0.0000524256647623,0.0000651304289931,0.0000884814944584,0.0000494479791087,0.0000270202945103,0.0000240944264078,0.0000240779918386,0.0000178703139682,0.0000105330109363,0.00000658251019559,0.00000512030101163,0.00000335870572599,0.00000296361054097,0.00000242593137045,0.00000220253605221,0.00000193721530195,0.00000182477833732,0.00000124605605833,0.00000100934857983,7.77923787609e-7,5.03595742884e-7],"median":[0.000112261521281,0.000822920934297,0.000599227263592,0.000214411091292,0.000139661016874,0.000058802714193,0.0000387864129152,0.0000293938537652,0.0000273174136964,0.0000332469971909,0.000033729513234,0.0000457192800241,0.0000356672753696,0.0000455918270745,0.0000471754392493,0.0000317624144373,0.000023933029297,0.0000373952098016,0.0000289282252197,0.0000295252284559,0.0000316261684929,0.0000570846314076,0.0000247256011789,0.0000119190317491,0.00000980090044322,0.0000112195048132,0.000008376502592,0.00000527632710146,0.00000425148937211,0.00000328529949911,0.00000206627146326,0.00000180890538104,0.00000126814416035,0.00000118095158541,0.00000103415254671,9.84239704849e-7,5.74701061851e-7,5.63062144465e-7,4.04837351198e-7,2.46053133424e-7],"min":[1.65443320866e-24,1.513154137e-24,2.10669170158e-24,3.9700561015e-24,1.65844831346e-24,2.14886893874e-24,2.63248287769e-24,2.86995840916e-24,2.64706911305e-24,3.1903877924e-24,3.72255927552e-24,2.29120705617e-24,6.5932316038e-24,3.1683079701e-24,4.50920545375e-24,6.18092319649e-24,4.58901332824e-24,5.30498230253e-24,3.50119070602e-24,5.85608763066e-24,4.48196411454e-24,5.29470857253e-24,5.00733679995e-24,4.32044918293e-24,5.22412563746e-24,5.82015896074e-24,5.71139791887e-24,6.10085775892e-24,6.52725601085e-24,6.94214872648e-24,5.35024201367e-24,5.82563838858e-24,5.16085899287e-24,6.87077180292e-24,4.80009357382e-24,6.88680618968e-24,6.90096860951e-24,7.48181557149e-24,5.1420955418e-24,5.74108827676e-24],"var":[2.78225996908e-7,7.12837902483e-7,0.00000241955035563,8.31147247027e-7,7.66217667092e-8,1.36075186674e-8,1.58670925288e-8,3.60909488961e-8,2.7241048528e-8,1.31815784954e-8,4.65997285204e-9,2.24412115557e-8,3.09137249133e-8,1.4336414722e-8,1.61285065303e-8,9.99471616581e-9,1.58608965961e-8,1.53625610011e-8,6.8661165642e-9,5.77895420406e-9,9.39307742698e-9,1.03886410585e-8,5.70094327301e-9,2.30670504919e-9,1.67064151402e-9,1.20487630983e-9,6.49477915893e-10,2.53670334738e-10,9.14094772098e-11,4.51305243176e-11,2.10980139609e-11,1.80342026035e-11,1.59195174404e-11,1.40031562734e-11,1.1328614262e-11,9.30920618369e-12,5.52548241536e-12,2.92375412075e-12,2.09759488425e-12,1.14590758757e-12]},"melbands_crest":{"dmean":3.40183925629,"dmean2":5.44552564621,"dvar":9.56648540497,"dvar2":23.8156585693,"max":39.9326858521,"mean":14.4191989899,"median":13.7301855087,"min":1.67206811905,"var":38.1888694763},"melbands_flatness_db":{"dmean":0.0285249054432,"dmean2":0.042732115835,"dvar":0.000751544546802,"dvar2":0.00166793400422,"max":0.528338491917,"mean":0.150952383876,"median":0.14217159152,"min":0.00332918553613,"var":0.00335711473599},"melbands_kurtosis":{"dmean":9.74648571014,"dmean2":16.011882782,"dvar":13987.859375,"dvar2":40989.2578125,"max":5683.75292969,"mean":14.3105125427,"median":2.20908927917,"min":-1.70969188213,"var":10215.4287109},"melbands_skewness":{"dmean":0.810028672218,"dmean2":1.26273083687,"dvar":2.50789260864,"dvar2":6.61607789993,"max":69.8523788452,"mean":2.2705757618,"median":1.7337859869,"min":-0.868003189564,"var":7.19308137894},"melbands_spread":{"dmean":11.7963523865,"dmean2":18.5173435211,"dvar":162.155029297,"dvar2":381.374206543,"max":197.623245239,"mean":41.4885826111,"median":40.1501235962,"min":0.145133823156,"var":542.437316895},"mfcc":{"cov":[[13121.1445312,1357.0736084,-953.46673584,357.365600586,204.744567871,34.577091217,-96.7128677368,145.140396118,-109.012825012,-24.4550228119,-118.791427612,-23.8223018646,-53.7460174561],[1357.0736084,856.096801758,-58.5780105591,7.17270231247,54.8269805908,15.4344377518,13.2918272018,-2.55384612083,13.5442705154,-29.9836063385,-46.3235397339,-3.77572989464,-7.94664573669],[-953.46673584,-58.5780105591,488.447113037,-14.1328372955,-12.9365301132,-1.33167111874,0.938447833061,1.39740657806,41.5919075012,-15.7600240707,3.20511817932,16.3352622986,-1.69233381748],[357.365600586,7.17270231247,-14.1328372955,173.333908081,55.6763648987,1.27818119526,-2.63086724281,20.2885150909,-2.2470600605,3.1379301548,-8.21659755707,4.44114875793,1.2487026453],[204.744567871,54.8269805908,-12.9365301132,55.6763648987,120.154373169,37.4102172852,4.15573692322,6.87628650665,7.24235486984,-3.25760102272,-5.64218473434,4.13814115524,8.13400363922],[34.577091217,15.4344377518,-1.33167111874,1.27818119526,37.4102172852,105.316215515,37.5702667236,-4.40770626068,7.56245756149,1.14069545269,2.35463428497,-1.35633265972,2.0063586235],[-96.7128677368,13.2918272018,0.938447833061,-2.63086724281,4.15573692322,37.5702667236,82.0699005127,12.1497526169,2.89707970619,8.11472606659,13.2509708405,10.9671792984,7.28694057465],[145.140396118,-2.55384612083,1.39740657806,20.2885150909,6.87628650665,-4.40770626068,12.1497526169,74.7535018921,22.5911445618,-6.21255683899,5.94748020172,12.7995119095,9.3739566803],[-109.012825012,13.5442705154,41.5919075012,-2.2470600605,7.24235486984,7.56245756149,2.89707970619,22.5911445618,73.4847640991,7.82052516937,4.00347614288,10.3489542007,7.86436843872],[-24.4550228119,-29.9836063385,-15.7600240707,3.1379301548,-3.25760102272,1.14069545269,8.11472606659,-6.21255683899,7.82052516937,75.5576782227,37.9293899536,4.81898498535,5.86665630341],[-118.791427612,-46.3235397339,3.20511817932,-8.21659755707,-5.64218473434,2.35463428497,13.2509708405,5.94748020172,4.00347614288,37.9293899536,87.8309173584,40.2550697327,13.9451618195],[-23.8223018646,-3.77572989464,16.3352622986,4.44114875793,4.13814115524,-1.35633265972,10.9671792984,12.7995119095,10.3489542007,4.81898498535,40.2550697327,78.5531005859,34.2373390198],[-53.7460174561,-7.94664573669,-1.69233381748,1.2487026453,8.13400363922,2.0063586235,7.28694057465,9.3739566803,7.86436843872,5.86665630341,13.9451618195,34.2373390198,60.0340042114]],"icov":[[0.000123249061289,-0.000185056065675,0.000195636996068,-0.000179031281732,0.0000176488229044,-0.000148295875988,0.000274760677712,-0.000335998338414,0.000216113970964,-0.000120571807201,0.000110675566248,-0.000132353961817,0.000150006191689],[-0.000185056065675,0.00155885901768,-0.0000987636012724,0.000437104434241,-0.000672376481816,0.000414000940509,-0.000810830038972,0.000745439028833,-0.000724731187802,0.00042704452062,0.00056755595142,-0.000235207815422,0.000143592202221],[0.000195636996068,-0.0000987636012724,0.00256510777399,-0.000267060822807,0.000213342937059,-0.000122847064631,0.000254812621279,0.0000289338040602,-0.00122045911849,0.000637456658296,0.0000783067662269,-0.000730276340619,0.000675560499076],[-0.000179031281732,0.000437104434241,-0.000267060822807,0.00761459209025,-0.00372945726849,0.00109566515312,-0.000160212264745,-0.00170656095725,0.000955662166234,-0.00139529793523,0.00148909003474,-0.00101389898919,0.00072976044612],[0.0000176488229044,-0.000672376481816,0.000213342937059,-0.00372945726849,0.0119104990736,-0.00462805107236,0.00167178804986,-0.000252492696745,-0.000650652917102,0.000482393865241,0.0000612463190919,-0.00005733278158,-0.00155562942382],[-0.000148295875988,0.000414000940509,-0.000122847064631,0.00109566515312,-0.00462805107236,0.0138536160812,-0.00685043120757,0.00289132609032,-0.00206812378019,0.00113620271441,-0.000804559269454,0.00156904407777,-0.000108156702481],[0.000274760677712,-0.000810830038972,0.000254812621279,-0.000160212264745,0.00167178804986,-0.00685043120757,0.0167548563331,-0.00425145868212,0.00209382455796,-0.00201040133834,-0.000453951535746,-0.00166796357371,-0.000239407308982],[-0.000335998338414,0.000745439028833,0.0000289338040602,-0.00170656095725,-0.000252492696745,0.00289132609032,-0.00425145868212,0.0180570594966,-0.00651867315173,0.00402751658112,-0.00215910281986,0.000188081263332,-0.00167707097717],[0.000216113970964,-0.000724731187802,-0.00122045911849,0.000955662166234,-0.000650652917102,-0.00206812378019,0.00209382455796,-0.00651867315173,0.0176054611802,-0.00397816160694,0.00206535984762,-0.00200991868041,-0.000286796217551],[-0.000120571807201,0.00042704452062,0.000637456658296,-0.00139529793523,0.000482393865241,0.00113620271441,-0.00201040133834,0.00402751658112,-0.00397816160694,0.0195687171072,-0.0103441877291,0.00525297131389,-0.00247670803219],[0.000110675566248,0.00056755595142,0.0000783067662269,0.00148909003474,0.0000612463190919,-0.000804559269454,-0.000453951535746,-0.00215910281986,0.00206535984762,-0.0103441877291,0.0213977154344,-0.0115022975951,0.00288588809781],[-0.000132353961817,-0.000235207815422,-0.000730276340619,-0.00101389898919,-0.00005733278158,0.00156904407777,-0.00166796357371,0.000188081263332,-0.00200991868041,0.00525297131389,-0.0115022975951,0.0238354168832,-0.0111922128126],[0.000150006191689,0.000143592202221,0.000675560499076,0.00072976044612,-0.00155562942382,-0.000108156702481,-0.000239407308982,-0.00167707097717,-0.000286796217551,-0.00247670803219,0.00288588809781,-0.0111922128126,0.0233118552715]],"mean":[-641.078918457,94.5374984741,-18.6407775879,23.0000362396,14.725320816,11.454498291,5.18888235092,6.98852872849,-2.19027519226,-3.10219025612,-8.97933864594,-1.38721191883,-3.34435677528]},"pitch_salience":{"dmean":0.0801598578691,"dmean2":0.129389196634,"dvar":0.00576106831431,"dvar2":0.0143270893022,"max":0.95398068428,"mean":0.54594618082,"median":0.552765071392,"min":0.0543995499611,"var":0.0151605103165},"silence_rate_20dB":{"dmean":0,"dmean2":0,"dvar":0,"dvar2":0,"max":1,"mean":1,"median":1,"min":1,"var":0},"silence_rate_30dB":{"dmean":0,"dmean2":0,"dvar":0,"dvar2":0,"max":1,"mean":1,"median":1,"min":1,"var":0},"silence_rate_60dB":{"dmean":0.00878844968975,"dmean2":0.0175805781037,"dvar":0.00871031079441,"dvar2":0.0214601214975,"max":1,"mean":0.0924686193466,"median":0,"min":0,"var":0.0839197263122},"spectral_centroid":{"dmean":322.079803467,"dmean2":489.690917969,"dvar":168852.171875,"dvar2":334917.875,"max":11569.125,"mean":1916.75622559,"median":1966.80578613,"min":263.982635498,"var":731101},"spectral_complexity":{"dmean":5.35007333755,"dmean2":7.74215173721,"dvar":34.5757446289,"dvar2":68.4025878906,"max":64,"mean":23.8117160797,"median":24,"min":0,"var":147.035217285},"spectral_contrast_coeffs":{"dmean":[0.0522443652153,0.0433669164777,0.0375325195491,0.0319868065417,0.0245954785496,0.0168052725494],"dmean2":[0.0862828046083,0.0725315436721,0.0615717992187,0.0510559976101,0.0379119254649,0.0270968470722],"dvar":[0.00178254954517,0.00118990521878,0.000939585617743,0.000690993212629,0.000438588001998,0.000224742267164],"dvar2":[0.0048828618601,0.00328930583782,0.00235444912687,0.00166639685631,0.00101110374089,0.000545237329789],"max":[-0.32050538063,-0.501451134682,-0.589650571346,-0.530617952347,-0.591620504856,-0.672436237335],"mean":[-0.609991908073,-0.790623962879,-0.794088363647,-0.78051751852,-0.775193750858,-0.764959990978],"median":[-0.610239505768,-0.794134020805,-0.79626750946,-0.782066583633,-0.777875423431,-0.759690880775],"min":[-0.97717410326,-0.979704141617,-0.986004531384,-0.994971394539,-0.988315463066,-0.966231405735],"var":[0.0101816095412,0.00341531354934,0.00323600159027,0.00328905601054,0.00269227637909,0.0015483997995]},"spectral_contrast_valleys":{"dmean":[0.447429418564,0.378557235003,0.359412074089,0.355007767677,0.344838351011,0.328282058239],"dmean2":[0.742065608501,0.610748112202,0.578667163849,0.547290444374,0.501691818237,0.479687064886],"dvar":[0.211836248636,0.170738101006,0.183302566409,0.183873265982,0.198058947921,0.191196382046],"dvar2":[0.484654694796,0.383563607931,0.400044798851,0.385399162769,0.403238117695,0.393399298191],"max":[-5.95513677597,-5.12893915176,-5.06664180756,-5.2354259491,-5.20380592346,-7.64879751205],"mean":[-7.92116165161,-7.35084581375,-7.44311571121,-7.60421991348,-7.4628663063,-10.1364822388],"median":[-7.52106761932,-6.91449689865,-7.01877355576,-7.18375682831,-7.02798938751,-9.82510757446],"min":[-27.8148765564,-28.1527347565,-27.6345691681,-27.590675354,-27.4167919159,-27.4056186676],"var":[3.76388430595,4.40519094467,4.61080980301,4.63086652756,4.47178268433,3.29765820503]},"spectral_decrease":{"dmean":1.20740939469e-9,"dmean2":1.94448768198e-9,"dvar":1.76336646584e-18,"dvar2":4.76989522967e-18,"max":8.50216401473e-17,"mean":-4.56228566037e-9,"median":-4.56957227613e-9,"min":-1.52591344005e-8,"var":6.48346107994e-18},"spectral_energy":{"dmean":0.00514828460291,"dmean2":0.00823299679905,"dvar":0.0000355316988134,"dvar2":0.0000946473155636,"max":0.0647313818336,"mean":0.0192766971886,"median":0.0191790945828,"min":1.03068739964e-20,"var":0.000118075302453},"spectral_energyband_high":{"dmean":0.000478327448945,"dmean2":0.00078274338739,"dvar":9.84596681519e-7,"dvar2":0.00000264729828814,"max":0.0142178926617,"mean":0.000769528036471,"median":0.000512951868586,"min":7.31865414518e-21,"var":9.39501944686e-7},"spectral_energyband_low":{"dmean":0.002658870304,"dmean2":0.00456790393218,"dvar":0.0000108875738078,"dvar2":0.0000351216331183,"max":0.0483529306948,"mean":0.00611361954361,"median":0.00495806522667,"min":1.14805002241e-23,"var":0.0000313361779263},"spectral_energyband_middle_high":{"dmean":0.00298048695549,"dmean2":0.00453191436827,"dvar":0.0000204939315154,"dvar2":0.0000511258585902,"max":0.0491651110351,"mean":0.00793009996414,"median":0.00626020506024,"min":1.28599231342e-21,"var":0.0000471212297271},"spectral_energyband_middle_low":{"dmean":0.00228724977933,"dmean2":0.00364951603115,"dvar":0.00000608554410064,"dvar2":0.0000153737655637,"max":0.0345120951533,"mean":0.00656746700406,"median":0.00528582558036,"min":2.14248487676e-22,"var":0.0000285131973214},"spectral_entropy":{"dmean":0.139702439308,"dmean2":0.200459226966,"dvar":0.0205361433327,"dvar2":0.040511418134,"max":9.81915664673,"mean":7.7973947525,"median":7.79145479202,"min":6.50332450867,"var":0.0973037481308},"spectral_flux":{"dmean":0.0171162635088,"dmean2":0.026199458167,"dvar":0.000342323444784,"dvar2":0.000662994920276,"max":0.198578879237,"mean":0.0714145451784,"median":0.0696983933449,"min":6.41427813641e-11,"var":0.00126844842453},"spectral_kurtosis":{"dmean":1.12816846371,"dmean2":1.90589129925,"dvar":1.38727128506,"dvar2":3.76607584953,"max":33.9378089905,"mean":3.86113905907,"median":3.69752764702,"min":-1.24881339073,"var":3.40187168121},"spectral_rms":{"dmean":0.000563151494134,"dmean2":0.00088497431716,"dvar":3.52551211336e-7,"dvar2":8.91065383257e-7,"max":0.00794685911387,"mean":0.00405971659347,"median":0.00432565715164,"min":3.17103873541e-12,"var":0.00000232519096244},"spectral_rolloff":{"dmean":611.58013916,"dmean2":1023.20068359,"dvar":1649462.375,"dvar2":4589708.5,"max":22050,"mean":2514.61938477,"median":2368.65234375,"min":21.533203125,"var":6697738},"spectral_skewness":{"dmean":0.165414750576,"dmean2":0.26902192831,"dvar":0.0262398738414,"dvar2":0.062887981534,"max":4.59776067734,"mean":1.36480474472,"median":1.35263037682,"min":-0.0634817704558,"var":0.0834141373634},"spectral_spread":{"dmean":464278.625,"dmean2":720956.5625,"dvar":990665900032,"dvar2":2145076379650,"max":42961816,"mean":4528258,"median":3921371,"min":1771922.375,"var":9723628748800},"spectral_strongpeak":{"dmean":0.591042041779,"dmean2":1.02181088924,"dvar":1.34904778004,"dvar2":3.46606755257,"max":11.1156759262,"mean":0.919247806072,"median":0.386905968189,"min":0,"var":1.89665985107},"zerocrossingrate":{"dmean":0.0106824170798,"dmean2":0.0125246495008,"dvar":0.000212699174881,"dvar2":0.000367556640413,"max":0.69580078125,"mean":0.0811427384615,"median":0.07421875,"min":0.00146484375,"var":0.0040431288071}},"metadata":{"audio_properties":{"analysis_sample_rate":44100,"bit_rate":0,"codec":"flac","downmix":"mix","equal_loudness":0,"length":110.959999084,"lossless":true,"md5_encoded":"a32ed894eb4e3ca4863824183dba00a8","replay_gain":-11.2321968079,"sample_rate":44100},"tags":{"album":["12 x 5"],"albumartist":["The Rolling Stones"],"albumartistsort":["Rolling Stones, The"],"artist":["The Rolling Stones"],"artistsort":["Rolling Stones, The"],"asin":["B001HXY81Q"],"barcode":["4988005535757"],"catalognumber":["UICY-93781"],"date":["2010-04-03"],"discnumber":["1"],"disctotal":["1"],"file_name":"01-12 Susie Q.flac","genre":["Rock"],"label":["ABKCO"],"labelno":["94022"],"media":["SHM-CD"],"musicbrainz_albumartistid":["b071f9fa-14b0-4217-8e97-eb41da73f598"],"musicbrainz_albumid":["5ebf5b86-2d64-3722-a9ef-b4e519039fe1"],"musicbrainz_artistid":["b071f9fa-14b0-4217-8e97-eb41da73f598"],"musicbrainz_recordingid":["bdd81100-c7e3-4986-8368-4ec2bca1081b"],"musicbrainz_releasegroupid":["703eab6c-056e-3d6d-95d9-991e01f5ca57"],"originaldate":["1964-10-24"],"publisher":["ABKCO"],"release date":["2002-08-27"],"releasecountry":["JP"],"releasestatus":["official"],"releasetype":["album"],"script":["Latn"],"title":["Susie Q"],"totaldiscs":["1"],"totaltracks":["12"],"tracknumber":["12"],"tracktotal":["12"]},"version":{"essentia":"2.1-beta1","essentia_build_sha":"ca57ba49d9b1854bd80e60cf9ccf267278fb7d6b","essentia_git_sha":"v2.1_beta1-28-g21ef5f4-dirty","extractor":"music 1.0"}},"rhythm":{"beats_count":148,"beats_loudness":{"dmean":0.00799432769418,"dmean2":0.0141768539324,"dvar":0.0000480820926896,"dvar2":0.000136202972499,"max":0.0525607019663,"mean":0.0248340666294,"median":0.0241169370711,"min":3.78127307243e-10,"var":0.000132688714075},"beats_loudness_band_ratio":{"dmean":[0.271344155073,0.0668631866574,0.0645981505513,0.101940065622,0.133890390396,0.0681471303105],"dmean2":[0.509048581123,0.117749296129,0.120816938579,0.190584152937,0.247977212071