{"lowlevel":{"average_loudness":0.868592619896,"barkbands":{"dmean":[0.000161731572007,0.00492194807157,0.00257365149446,0.00120159052312,0.00155975599773,0.00120569125284,0.000619275786448,0.000991441076621,0.000888012174983,0.000710429158062,0.000948458909988,0.000682214798871,0.000411807122873,0.000567631912418,0.000288328184979,0.000235187530052,0.000155399131472,0.000162337280926,0.000107500753074,0.000121719160234,0.000079803277913,0.0000751404440962,0.0000801421556389,0.0000880426014191,0.0000805597228464,0.000131278982735,0.0000841107612359],"dmean2":[0.000255490624113,0.00772057147697,0.00460890028626,0.00210490333848,0.00250349962153,0.00202687527053,0.000992553774267,0.001589900814,0.00134730653372,0.00109638448339,0.00140539486893,0.00104940519668,0.000664836610667,0.00092890439555,0.000464543845737,0.000382125377655,0.000242081252509,0.000262703659246,0.000172162603121,0.000196150402189,0.000123146790429,0.000113027119369,0.000121233235404,0.000133157198434,0.000118030919111,0.000199619607884,0.000131786582642],"dvar":[7.47631432318e-8,0.0000814149825601,0.0000731707841624,0.000013838038285,0.0000206219192478,0.00000904214630282,0.00000203092872653,0.0000050306648518,0.00000620058381173,0.00000286103295366,0.00000367315192307,0.00000167996643086,9.17211252727e-7,0.00000143742204273,4.64487300178e-7,2.5141011406e-7,1.03681493613e-7,1.58195547328e-7,5.90306790116e-8,9.48742595597e-8,2.78639600282e-8,2.13692068485e-8,1.88719191385e-8,4.19659613726e-8,3.11102255068e-8,5.3154227686e-8,2.45303617419e-8],"dvar2":[1.69923325188e-7,0.00018636904133,0.000209692894714,0.0000396758114221,0.0000483812473249,0.0000242029673245,0.00000510529162057,0.000012812366549,0.0000152814245666,0.00000725672998669,0.00000804223691375,0.00000386970259569,0.00000219240428123,0.00000397168332711,0.00000113716009764,6.04995534559e-7,2.21405997536e-7,3.97301818111e-7,1.45784810002e-7,2.31998910749e-7,6.34276133837e-8,4.52213164692e-8,4.09655172007e-8,1.0173290832e-7,6.91902570793e-8,1.16338220835e-7,5.4691621898e-8],"max":[0.0044124815613,0.123652145267,0.123622998595,0.0568501055241,0.0532301105559,0.0539247021079,0.0330599844456,0.040593419224,0.062442548573,0.0544552952051,0.0357734523714,0.0313670299947,0.0218776743859,0.0255342461169,0.0201539415866,0.00990470312536,0.00687479879707,0.00629082275555,0.00462218606845,0.00621037650853,0.0018775803037,0.00179058639333,0.00209119613282,0.0082639651373,0.00531291496009,0.00245297863148,0.0014365123352],"mean":[0.000191210754565,0.00653711985797,0.00296220974997,0.00195279670879,0.00173800007906,0.00167650741059,0.000989632098936,0.00143246876542,0.00156926666386,0.00120787369087,0.00156962580513,0.00105740234721,0.000492873194162,0.000893638760317,0.000438306306023,0.00032779641333,0.000247311021667,0.000241797839408,0.000158036025823,0.000172370608198,0.000106082821731,0.0000950504036155,0.000110520799353,0.000108262051072,0.000093768860097,0.000128783503897,0.0000706192222424],"median":[0.000083502207417,0.0031630420126,0.00146642816253,0.00113562424667,0.000566100003198,0.00066603324376,0.000460895127617,0.000461907009594,0.000434670830145,0.000428546743933,0.000493197352625,0.000406238948926,0.000117735966342,0.000274292193353,0.000151896179887,0.000120925738884,0.000100283999927,0.0000626362889307,0.0000532046178705,0.0000567584611417,0.0000364395018551,0.0000283646331809,0.0000428250386904,0.0000315816178045,0.000020560599296,0.0000181286523002,0.00000340227529705],"min":[5.16504973754e-23,1.32815761669e-23,1.40157642783e-23,3.54213724128e-23,1.9570201754e-23,6.11542644212e-23,1.1977296581e-22,2.27583105272e-23,6.38035054655e-23,1.04315267927e-22,1.21127673487e-22,7.86313515586e-23,1.43959112998e-22,8.34057144618e-23,6.57494107485e-23,2.64315103815e-22,1.57090908145e-22,1.95384930166e-22,1.67332367422e-22,3.01321793191e-22,4.78903344416e-22,5.14402590022e-22,5.46814398128e-22,9.46655502537e-22,1.25397672806e-21,1.5883347033e-21,2.62945893719e-21],"var":[8.82353816678e-8,0.000105056897155,0.000046007859055,0.0000102200574474,0.0000192232109839,0.0000107915566332,0.0000029181330774,0.00000819227898319,0.0000160544695973,0.00000678410015098,0.00000984970029094,0.00000310218888444,0.00000124944290292,0.0000034817787764,0.00000114661122552,3.79837700848e-7,2.18354628601e-7,2.46254074909e-7,9.74389990915e-8,1.30493930328e-7,3.70746349176e-8,3.22762367944e-8,2.99749842725e-8,5.14126767825e-8,4.98261059079e-8,6.55296759078e-8,2.4997694581e-8]},"barkbands_crest":{"dmean":2.71959233284,"dmean2":4.35283041,"dvar":6.49215269089,"dvar2":15.5466976166,"max":25.0534934998,"mean":9.50684642792,"median":8.60463905334,"min":2.21443629265,"var":16.0799179077},"barkbands_flatness_db":{"dmean":0.0273709520698,"dmean2":0.0413524135947,"dvar":0.000856724916957,"dvar2":0.0018863248406,"max":0.363086551428,"mean":0.121205836535,"median":0.115066505969,"min":0.0191008113325,"var":0.00284424936399},"barkbands_kurtosis":{"dmean":2.27566075325,"dmean2":3.64614605904,"dvar":15.329949379,"dvar2":37.2597465515,"max":96.7743759155,"mean":2.63116931915,"median":1.14568507671,"min":-1.91719210148,"var":28.2803039551},"barkbands_skewness":{"dmean":0.519574403763,"dmean2":0.790854334831,"dvar":0.282400906086,"dvar2":0.669220983982,"max":8.86768913269,"mean":1.29523968697,"median":1.15379011631,"min":-1.84424567223,"var":0.955819249153},"barkbands_spread":{"dmean":7.12138271332,"dmean2":11.0156602859,"dvar":78.8860855103,"dvar2":182.373428345,"max":118.523109436,"mean":23.903137207,"median":21.2287769318,"min":1.07171046734,"var":191.682556152},"dissonance":{"dmean":0.0257545281202,"dmean2":0.0425134897232,"dvar":0.000620555714704,"dvar2":0.00159714987967,"max":0.500000119209,"mean":0.448648393154,"median":0.457063645124,"min":0.060156609863,"var":0.00132004183251},"dynamic_complexity":4.35742998123,"erbbands":{"dmean":[0.16039980948,1.09522223473,2.68821620941,3.84491634369,4.83534908295,5.12161588669,5.66691875458,10.8715353012,9.59835910797,13.7453632355,19.1506328583,20.3534412384,19.8522663116,25.5181255341,33.694190979,26.5679893494,19.9378643036,25.9122180939,18.7306270599,14.5755062103,10.2845211029,8.88356113434,8.597905159,6.46716928482,5.76481103897,5.05672264099,3.83707308769,2.94204425812,2.76796936989,2.53369307518,2.27755570412,1.86864900589,1.44655954838,0.920037031174,0.582873404026,0.401652365923,0.27937951684,0.094052799046,0.0152425933629,0.000589818810113],"dmean2":[0.249699294567,1.75055599213,4.74864244461,6.82548046112,8.05153179169,8.18265151978,9.30291938782,18.3545856476,15.4615888596,21.8186321259,30.0221633911,30.8456745148,30.1425437927,38.0429954529,50.0960464478,41.0006217957,31.9982204437,41.9358825684,30.3919715881,23.3378925323,16.1206912994,13.95353508,13.8823747635,10.4092111588,9.17849826813,8.21466827393,6.00344562531,4.51146316528,4.16555738449,3.85306453705,3.45480704308,2.81450033188,2.21060681343,1.36496913433,0.860512554646,0.597389221191,0.431288868189,0.146313846111,0.0239807311445,0.00092357309768],"dvar":[0.0777971968055,4.77839040756,71.4332199097,164.083862305,169.233398438,223.797027588,179.478271484,793.688964844,516.054260254,943.322875977,2037.48535156,3395.32226563,2189.02490234,3580.39160156,5127.28613281,2449.26416016,1779.86608887,3232.99047852,1463.35119629,916.368286133,467.774902344,357.5965271,411.718139648,237.48626709,194.633010864,173.101150513,66.7430114746,40.5894355774,29.4151439667,21.9080047607,15.3536148071,13.4017705917,14.0408296585,4.64625072479,1.72690916061,0.555803716183,0.249136552215,0.0298217702657,0.000811370031442,0.00000121498123917],"dvar2":[0.174204513431,11.4760541916,200.06111145,473.083190918,427.272705078,531.578796387,466.098846436,2102.76416016,1295.48950195,2429.49243164,5097.35400391,8489.15527344,5584.50341797,8283.56445313,10530.2753906,5945.77636719,4298.47167969,8927.76171875,3678.31274414,2236.29370117,1092.3326416,788.140625,1006.12988281,596.339477539,465.722167969,435.416687012,155.211090088,92.8980941772,62.7705230713,47.2474327087,33.4206962585,30.4118919373,35.3066368103,10.6695652008,3.85409903526,1.21089351177,0.553151428699,0.0665089711547,0.00181110412814,0.00000271101521321],"max":[4.59396219254,28.0158100128,121.597999573,178.830871582,148.548370361,191.175735474,225.843917847,578.91583252,592.918029785,520.345275879,918.30090332,1668.13415527,1333.49279785,1845.48547363,1609.04919434,695.818969727,818.396118164,1428.64343262,831.188232422,613.169006348,356.540710449,382.360076904,295.557678223,206.707305908,292.886077881,206.835998535,104.292526245,73.0017471313,74.0032806396,62.1575584412,63.6687583923,89.8201904297,166.691955566,65.4649200439,52.0671653748,14.2373552322,5.20998239517,1.60062539577,0.265096724033,0.0110276052728],"mean":[0.209545180202,1.39686143398,3.31094694138,5.80691766739,5.69723463058,5.79231739044,8.31911468506,14.3773603439,15.0381822586,21.4480953217,32.589679718,36.3886528015,34.5282249451,48.6583557129,55.794216156,41.3299293518,27.1396713257,41.0913772583,30.7544822693,22.9914875031,15.7346305847,14.7389335632,13.5659284592,9.94991874695,9.03966617584,6.55880832672,5.17736530304,3.77002024651,3.45022392273,3.43355107307,3.11257719994,2.44331693649,1.65733289719,1.06506586075,0.67401099205,0.440039992332,0.261593550444,0.0815667435527,0.0128012895584,0.000518260640092],"median":[0.104373246431,0.652174770832,1.69388401508,3.4221830368,2.5469827652,1.88143563271,3.63211798668,5.14878177643,7.14252948761,8.19089698792,10.7876148224,10.1520557404,13.4099636078,16.2023124695,18.6786575317,16.5437755585,10.2047395706,14.5881538391,12.4437999725,10.323346138,6.76105260849,5.87656116486,3.87136483192,3.4929599762,2.83233451843,2.31718754768,1.80944526196,1.18240129948,0.986418306828,1.27042865753,1.15925812721,0.788521111012,0.40216499567,0.233288198709,0.144140213728,0.0871454626322,0.0303816143423,0.00567183317617,0.00060766126262,0.0000532105732418],"min":[8.42580893984e-22,1.77170576151e-21,1.09783572457e-20,8.43303784408e-20,6.30278668788e-20,6.65471520313e-20,3.5226279962e-19,5.14188290062e-19,1.98608567295e-18,6.08541060224e-19,8.14648257586e-19,1.27768623181e-18,2.24113999059e-18,3.80979124217e-18,4.69072453247e-18,4.12296885312e-18,7.43141130269e-18,4.57352958328e-18,3.69035711506e-18,8.14392648437e-18,1.3434576991e-17,7.1060290554e-18,1.14920450656e-17,7.08982127847e-18,1.00298081183e-17,1.24066487428e-17,1.81324343019e-17,2.0267058245e-17,1.71838930586e-17,1.57426631901e-17,1.82150994236e-17,2.01688404734e-17,1.51073752448e-17,1.09685935935e-17,1.09569609525e-17,7.43536439884e-18,2.38586826685e-18,1.27726953958e-18,3.76594937723e-19,3.91342185103e-20],"var":[0.101310454309,5.54999542236,48.6930160522,108.253288269,141.08253479,209.513946533,259.436676025,925.167541504,711.617797852,1577.31225586,4347.19726563,9174.07128906,4401.89160156,11234.671875,11842.1328125,4215.74169922,2451.13842773,7601.56787109,3295.58984375,1750.53210449,733.958251953,709.800109863,731.145874023,327.00479126,362.926513672,183.385040283,85.6873779297,52.7068061829,43.0438117981,34.0744819641,24.1724033356,20.2507381439,15.0952663422,6.41213655472,2.78367304802,0.859435260296,0.281587392092,0.0309603773057,0.000821856723633,0.00000123962024645]},"erbbands_crest":{"dmean":3.14487338066,"dmean2":4.95990037918,"dvar":8.07274627686,"dvar2":18.5162029266,"max":29.0591964722,"mean":10.2906427383,"median":9.45969867706,"min":1.99066245556,"var":22.6602725983},"erbbands_flatness_db":{"dmean":0.0268604699522,"dmean2":0.0368004739285,"dvar":0.000688277184963,"dvar2":0.00124697678257,"max":0.293051183224,"mean":0.139919489622,"median":0.138067916036,"min":0.0319824665785,"var":0.00252159289084},"erbbands_kurtosis":{"dmean":1.17707538605,"dmean2":1.81669318676,"dvar":2.10639333725,"dvar2":4.87082862854,"max":35.8062286377,"mean":1.36959373951,"median":0.80949151516,"min":-1.81297111511,"var":5.98160648346},"erbbands_skewness":{"dmean":0.370756089687,"dmean2":0.56699848175,"dvar":0.103547699749,"dvar2":0.240028962493,"max":4.30655145645,"mean":0.356789112091,"median":0.347042173147,"min":-2.6374604702,"var":0.419544279575},"erbbands_spread":{"dmean":8.90872097015,"dmean2":13.2833557129,"dvar":95.5643615723,"dvar2":194.010406494,"max":139.84312439,"mean":32.2238006592,"median":27.8123054504,"min":3.71931028366,"var":349.830505371},"gfcc":{"cov":[[17173.8261719,-1071.44934082,-807.127563477,-160.828079224,-164.567474365,-285.493865967,-436.109527588,54.0229568481,-125.328964233,78.9020080566,0.564569830894,95.0221176147,-83.5673751831],[-1071.44934082,1464.00610352,-403.025817871,13.9884185791,113.61504364,106.962875366,147.799026489,-35.103767395,95.3837585449,-66.3082122803,65.2534637451,-54.6051483154,45.6926803589],[-807.127563477,-403.025817871,648.156555176,10.6595954895,26.1582584381,21.9799556732,50.3212356567,12.6310548782,7.07054281235,38.2404975891,-21.8449516296,5.46914577484,-13.7225484848],[-160.828079224,13.9884185791,10.6595954895,243.294631958,-1.19547438622,-16.3319549561,-26.1397781372,4.30687093735,11.0827064514,14.010017395,-4.75348091125,1.02147567272,16.1891498566],[-164.567474365,113.61504364,26.1582584381,-1.19547438622,202.921554565,39.976474762,23.6707725525,-5.96061134338,35.1001434326,-15.5683965683,11.7585115433,20.4806060791,10.3184947968],[-285.493865967,106.962875366,21.9799556732,-16.3319549561,39.976474762,241.92086792,86.8755722046,-37.5426292419,16.3666000366,22.3291168213,-2.46596384048,5.87629556656,6.91969060898],[-436.109527588,147.799026489,50.3212356567,-26.1397781372,23.6707725525,86.8755722046,178.355026245,0.374831557274,21.6275577545,8.99062538147,5.33469200134,-16.7977428436,1.69497251511],[54.0229568481,-35.103767395,12.6310548782,4.30687093735,-5.96061134338,-37.5426292419,0.374831557274,170.559463501,33.9430046082,-12.3225774765,1.23057603836,-5.25399112701,0.100264966488],[-125.328964233,95.3837585449,7.07054281235,11.0827064514,35.1001434326,16.3666000366,21.6275577545,33.9430046082,100.333396912,25.3653106689,-0.588746070862,-0.683253347874,11.4037446976],[78.9020080566,-66.3082122803,38.2404975891,14.010017395,-15.5683965683,22.3291168213,8.99062538147,-12.3225774765,25.3653106689,88.6753387451,22.8220863342,7.1799955368,0.797755300999],[0.564569830894,65.2534637451,-21.8449516296,-4.75348091125,11.7585115433,-2.46596384048,5.33469200134,1.23057603836,-0.588746070862,22.8220863342,75.717376709,30.989282608,0.184652507305],[95.0221176147,-54.6051483154,5.46914577484,1.02147567272,20.4806060791,5.87629556656,-16.7977428436,-5.25399112701,-0.683253347874,7.1799955368,30.989282608,78.2287139893,24.7993679047],[-83.5673751831,45.6926803589,-13.7225484848,16.1891498566,10.3184947968,6.91969060898,1.69497251511,0.100264966488,11.4037446976,0.797755300999,0.184652507305,24.7993679047,66.7207107544]],"icov":[[0.0000732341286493,0.000067882676376,0.000138466843055,0.0000502563998452,-0.0000270612799795,0.0000287099028355,0.0000744060889701,-0.0000336547454935,0.0000336736775353,-0.000123887773952,0.0000492887156724,-0.0000669129149173,0.0000813495644252],[0.000067882676376,0.00154879386537,0.000908846792299,-0.000223439536057,-0.000319808372296,-0.000354798074113,-0.000809755991213,0.000699524534866,-0.00167270330712,0.0019003188936,-0.00242453371175,0.00204799021594,-0.00112006359268],[0.000138466843055,0.000908846792299,0.00241909897886,-0.000143712488352,-0.000612476957031,0.000040634375182,-0.000984080601484,-0.00000323793437929,-0.000335426215315,-0.000435436813859,0.000130215485115,0.000167087971931,0.00019901158521],[0.0000502563998452,-0.000223439536057,-0.000143712488352,0.00442908750847,-0.0000656053744024,0.000259892345639,0.000923080602661,-0.000222201415454,0.0000840140928631,-0.00126396794803,0.000757105182856,0.0000313345481118,-0.000941181206144],[-0.0000270612799795,-0.000319808372296,-0.000612476957031,-0.0000656053744024,0.00621274625883,-0.000794065941591,-0.00000362894547834,0.000710211810656,-0.00266365753487,0.00261256168596,-0.00107308686711,-0.00156996131409,0.000206171898753],[0.0000287099028355,-0.000354798074113,0.000040634375182,0.000259892345639,-0.000794065941591,0.00570225389674,-0.0024646311067,0.000835495418869,0.000419895135565,-0.0020957312081,0.00216452754103,-0.00177860155236,0.000425392820034],[0.0000744060889701,-0.000809755991213,-0.000984080601484,0.000923080602661,-0.00000362894547834,-0.0024646311067,0.00831583607942,-0.000660805497319,-0.000127716601128,-0.000626041379292,-0.000727122591343,0.00178899255116,-0.000366345222574],[-0.0000336547454935,0.000699524534866,-0.00000323793437929,-0.000222201415454,0.000710211810656,0.000835495418869,-0.000660805497319,0.00736787542701,-0.00419935584068,0.00329722324386,-0.00236835284159,0.00139104935806,-0.000490896578413],[0.0000336736775353,-0.00167270330712,-0.000335426215315,0.0000840140928631,-0.00266365753487,0.000419895135565,-0.000127716601128,-0.00419935584068,0.0160359553993,-0.00805514212698,0.00515948934481,-0.00183568848297,-0.000500211899634],[-0.000123887773952,0.0019003188936,-0.000435436813859,-0.00126396794803,0.00261256168596,-0.0020957312081,-0.000626041379292,0.00329722324386,-0.00805514212698,0.0192128773779,-0.00963328685611,0.00356309022754,-0.00156583625358],[0.0000492887156724,-0.00242453371175,0.000130215485115,0.000757105182856,-0.00107308686711,0.00216452754103,-0.000727122591343,-0.00236835284159,0.00515948934481,-0.00963328685611,0.023552171886,-0.0120040904731,0.00515866000205],[-0.0000669129149173,0.00204799021594,0.000167087971931,0.0000313345481118,-0.00156996131409,-0.00177860155236,0.00178899255116,0.00139104935806,-0.00183568848297,0.00356309022754,-0.0120040904731,0.022628268227,-0.00918617285788],[0.0000813495644252,-0.00112006359268,0.00019901158521,-0.000941181206144,0.000206171898753,0.000425392820034,-0.000366345222574,-0.000490896578413,-0.000500211899634,-0.00156583625358,0.00515866000205,-0.00918617285788,0.0195644814521]],"mean":[-5.67585945129,85.8603744507,-94.7493896484,11.7955665588,-42.4485397339,22.1567630768,-26.4686260223,8.93569278717,-18.0996990204,3.76747298241,-15.0542116165,2.78304553032,-14.3247404099]},"hfc":{"dmean":10.6153497696,"dmean2":15.6357479095,"dvar":309.76965332,"dvar2":655.781494141,"max":163.942565918,"mean":20.9707336426,"median":13.6374864578,"min":1.19720695556e-16,"var":511.463195801},"melbands":{"dmean":[0.00138712814078,0.00133799645118,0.000646260450594,0.000407932122471,0.00018420862034,0.000240479028434,0.000136999311508,0.000177032852662,0.00016078419867,0.000126468759845,0.000103288213722,0.000104794402432,0.000110221582872,0.000079172779806,0.0000591618409089,0.0000448856881121,0.0000542053312529,0.0000348569992639,0.0000233867631323,0.0000200187132577,0.0000109032780529,0.0000104953996924,0.00000717517241355,0.00000783912673796,0.00000525314226252,0.00000429171132055,0.00000452666608908,0.00000335278718921,0.00000268641065304,0.00000199484179575,0.0000016377088059,0.00000169033035036,0.00000138499319746,0.00000146633340137,0.00000136868050049,0.00000122965525406,0.00000113145915748,0.00000104886942154,9.14623626613e-7,7.40523717013e-7],"dmean2":[0.00216064089909,0.00225567887537,0.00113721250091,0.000660835939925,0.000303409557091,0.000405077327741,0.000220491565415,0.00028327020118,0.000249841192272,0.00019105404499,0.000158057955559,0.000158369337441,0.00016394132399,0.000117063529615,0.0000956945877988,0.0000715915084584,0.0000883762768353,0.0000573041470489,0.0000370713314624,0.0000329042632075,0.0000170002640516,0.0000164790599229,0.0000116460005302,0.0000126670811369,0.00000852211178426,0.0000068744152486,0.00000730429064788,0.00000553415384275,0.00000428059775004,0.00000312471252073,0.00000253753455581,0.0000025862846087,0.00000212631448449,0.0000022579540655,0.00000209968629861,0.00000187450984868,0.00000173209639343,0.00000163198308201,0.00000138403993333,0.00000110139694698],"dvar":[0.00000595845267526,0.0000129281925183,0.00000402326850235,0.00000143794045471,2.00719114218e-7,3.64548213838e-7,1.02495555154e-7,1.60948260941e-7,1.56031049414e-7,1.39417068112e-7,6.16370954276e-8,5.94715743318e-8,4.91964371463e-8,2.23586145154e-8,1.46950904778e-8,1.22386687451e-8,1.59987401105e-8,6.07141670272e-9,4.06959177468e-9,1.84275950055e-9,6.32684515889e-10,5.24530807677e-10,2.302043417e-10,4.36891356426e-10,1.48985768167e-10,1.03791052142e-10,1.5477351345e-10,8.76406516803e-11,3.48561908503e-11,1.91902500835e-11,1.2874871308e-11,1.1660237012e-11,7.13723307885e-12,7.20016884656e-12,5.52823238575e-12,5.033924666e-12,5.56668166424e-12,6.56814750158e-12,6.75120549742e-12,2.75472938731e-12],"dvar2":[0.0000131802180476,0.0000346491688106,0.0000115286620712,0.000003413742661,5.24441247762e-7,9.69897314462e-7,2.59343380549e-7,4.13310431213e-7,3.80645246878e-7,3.48379501247e-7,1.58920286708e-7,1.38779626013e-7,1.0381445037e-7,4.84442175264e-8,3.75272897202e-8,2.86034431696e-8,4.49419950144e-8,1.55149191272e-8,9.95630689005e-9,4.47163861494e-9,1.47595780042e-9,1.14872111823e-9,5.63351809646e-10,1.09064945963e-9,3.78468117956e-10,2.56027005152e-10,3.72757602563e-10,2.236549973e-10,8.34425514795e-11,4.52431633824e-11,3.01456151708e-11,2.6074625098e-11,1.4925663136e-11,1.60641795005e-11,1.22583219617e-11,1.11149579124e-11,1.30614191338e-11,1.63653864765e-11,1.70069947708e-11,6.11589164728e-12],"max":[0.0360367037356,0.0482737869024,0.0276216827333,0.0144272157922,0.00630261283368,0.0121175050735,0.00777008244768,0.00587404612452,0.00836552213877,0.0117258774117,0.00666220858693,0.00804618094116,0.00467649102211,0.00360203790478,0.00166551303118,0.00253803795204,0.0032716980204,0.00184280227404,0.00204939488322,0.00105236365926,0.000469021353638,0.000545013637748,0.000169587656274,0.000439197989181,0.000168796614162,0.000253723643254,0.000344548054272,0.000139037379995,0.000082623831986,0.0000713377521606,0.0000453255524917,0.0000527582524228,0.0000316608056892,0.0000358110009984,0.0000423838610004,0.0000411750406784,0.0000603664957453,0.000103949270851,0.00011021537648,0.000055845015595],"mean":[0.00184818275739,0.00177596206777,0.000965963001363,0.000448617560323,0.000265040318482,0.000330450944602,0.000217063221498,0.000259784806985,0.000280301901512,0.000220884568989,0.000170747123775,0.000192552819499,0.000181476061698,0.000131850480102,0.0000800352208898,0.0000549074757146,0.0000834361053421,0.000052775376389,0.0000364337101928,0.0000281660395558,0.0000152895463543,0.0000165425954037,0.0000112695361167,0.0000114427211884,0.00000762045146985,0.00000640939333607,0.00000657941745885,0.00000390910645365,0.00000351567382495,0.0000025385918434,0.00000201133616429,0.00000199268902179,0.00000176465528057,0.00000197446684069,0.00000183035297141,0.00000162291973993,0.00000143439910971,0.00000117836657409,0.00000102313231309,8.43799909944e-7],"median":[0.000901461055037,0.000965097744484,0.000579632702284,0.000146510996274,0.000118361072964,0.000129217776703,0.00010259442206,0.0000855816688272,0.0000841670844238,0.0000573291545152,0.0000568107134313,0.0000591269708821,0.0000603096777922,0.0000436863811046,0.0000313953169098,0.0000115365837701,0.0000248578435276,0.0000164452412719,0.0000107416844912,0.0000113649866762,0.00000545181501366,0.00000609427479503,0.00000416132252212,0.00000260243905359,0.00000272061856776,0.00000188460273876,0.00000190591822502,0.00000128203294025,0.00000116382659598,8.4135160705e-7,5.80630853619e-7,5.06263688749e-7,5.44860711216e-7,7.56041117711e-7,6.70686461035e-7,5.55339227049e-7,4.37475449644e-7,2.89360599481e-7,2.14033178736e-7,1.86141448921e-7],"min":[7.26651255349e-24,4.3317223997e-24,1.34064276047e-23,4.49012488061e-24,9.89038461998e-24,1.31982677222e-23,2.76374736017e-23,5.12519735235e-24,7.75613406267e-24,8.0338698993e-24,1.17030528738e-23,1.53083065606e-23,1.78297316279e-23,9.1200019926e-24,1.07688901007e-23,1.64639136338e-23,7.64909431531e-24,5.73207317434e-24,5.48421978323e-24,2.08387642425e-23,1.38001591265e-23,7.32240255977e-24,9.25508732287e-24,9.93320793422e-24,4.87927035958e-24,7.82252696304e-24,7.60331198381e-24,8.51032610883e-24,1.09857093094e-23,1.26243288151e-23,1.16050195514e-23,9.18542459405e-24,1.02744691618e-23,8.18405560502e-24,1.096104084e-23,9.72135144951e-24,1.32858218163e-23,1.0430419863e-23,9.25666031151e-24,8.74578215638e-24],"var":[0.00000805101626611,0.0000106224588308,0.00000268928602054,0.0000013030868331,2.46962571282e-7,4.28601111935e-7,1.41779437968e-7,2.57271040027e-7,3.77285516606e-7,3.94451433294e-7,1.24513761079e-7,1.7855479939e-7,1.1891356877e-7,5.28446832959e-8,1.92822380285e-8,1.78305334941e-8,3.7597050806e-8,1.31415891502e-8,1.09144684401e-8,2.87179657832e-9,9.34355037785e-10,1.08126374521e-9,3.59727414523e-10,7.62188256953e-10,1.92034471658e-10,2.05999189928e-10,2.51454801425e-10,8.67213453826e-11,4.33304191139e-11,2.3455765108e-11,1.61181276659e-11,1.55993881007e-11,1.11059824531e-11,1.07989684903e-11,8.40508825733e-12,7.71667625632e-12,7.93686383976e-12,7.19166436472e-12,7.18969068308e-12,4.06144952739e-12]},"melbands_crest":{"dmean":3.3083896637,"dmean2":5.35673141479,"dvar":9.18625736237,"dvar2":22.2472858429,"max":31.4990024567,"mean":14.0252866745,"median":13.2932319641,"min":2.65476560593,"var":25.3688926697},"melbands_flatness_db":{"dmean":0.0337171331048,"dmean2":0.0518732331693,"dvar":0.00133537151851,"dvar2":0.00301163061522,"max":0.494324833155,"mean":0.210240676999,"median":0.202024444938,"min":0.00589217292145,"var":0.00462264660746},"melbands_kurtosis":{"dmean":5.66191053391,"dmean2":9.02541923523,"dvar":116.314582825,"dvar2":290.856872559,"max":313.093078613,"mean":8.65366840363,"median":4.61254358292,"min":-1.60032653809,"var":175.764175415},"melbands_skewness":{"dmean":0.70949113369,"dmean2":1.07266914845,"dvar":0.597205877304,"dvar2":1.38544404507,"max":12.8873758316,"mean":2.17296981812,"median":1.94802188873,"min":-0.994797885418,"var":2.01887369156},"melbands_spread":{"dmean":6.01147794724,"dmean2":9.55645084381,"dvar":43.7568473816,"dvar2":107.729568481,"max":128.707977295,"mean":22.7450962067,"median":22.2157249451,"min":0.942495703697,"var":124.964515686},"mfcc":{"cov":[[11135.6259766,188.414337158,-321.806396484,-36.2081832886,-86.0724029541,-261.697692871,-166.983383179,-113.13079834,-211.686477661,-57.2143630981,19.4707832336,-147.199752808,-106.314842224],[188.414337158,1280.33874512,-182.864135742,-3.31913232803,16.2739315033,88.1922149658,34.7383308411,92.0581741333,6.89859056473,39.3665161133,-44.3289833069,63.9031448364,65.0625228882],[-321.806396484,-182.864135742,428.25680542,17.0922088623,-0.363702744246,51.5532035828,42.0409011841,-27.8767719269,61.1517372131,-5.60076618195,23.1448993683,48.8086967468,15.1031475067],[-36.2081832886,-3.31913232803,17.0922088623,224.086166382,41.9940795898,-42.0825080872,-25.5158481598,-2.74155116081,6.3270740509,7.13053703308,-8.95777511597,1.62366187572,7.30440473557],[-86.0724029541,16.2739315033,-0.363702744246,41.9940795898,190.864349365,-1.35533809662,-23.8093662262,31.1743221283,0.14023527503,-3.59555482864,10.0749464035,-21.2790241241,2.10311555862],[-261.697692871,88.1922149658,51.5532035828,-42.0825080872,-1.35533809662,273.128295898,44.0412445068,-9.38371181488,16.6854076385,14.5941295624,-44.5113487244,49.0354423523,32.257183075],[-166.983383179,34.7383308411,42.0409011841,-25.5158481598,-23.8093662262,44.0412445068,116.873825073,28.8049812317,11.384303093,-1.55824410915,15.4987640381,10.6793708801,3.27801728249],[-113.13079834,92.0581741333,-27.8767719269,-2.74155116081,31.1743221283,-9.38371181488,28.8049812317,119.116531372,25.65782547,19.6468963623,1.14003765583,-10.9203310013,-0.366706758738],[-211.686477661,6.89859056473,61.1517372131,6.3270740509,0.14023527503,16.6854076385,11.384303093,25.65782547,111.729927063,36.3444671631,5.09936618805,10.3165044785,8.54533195496],[-57.2143630981,39.3665161133,-5.60076618195,7.13053703308,-3.59555482864,14.5941295624,-1.55824410915,19.6468963623,36.3444671631,96.5547790527,10.998169899,-2.05939936638,-8.83162593842],[19.4707832336,-44.3289833069,23.1448993683,-8.95777511597,10.0749464035,-44.5113487244,15.4987640381,1.14003765583,5.09936618805,10.998169899,96.1599655151,10.7289562225,-13.5681247711],[-147.199752808,63.9031448364,48.8086967468,1.62366187572,-21.2790241241,49.0354423523,10.6793708801,-10.9203310013,10.3165044785,-2.05939936638,10.7289562225,108.4870224,49.1201934814],[-106.314842224,65.0625228882,15.1031475067,7.30440473557,2.10311555862,32.257183075,3.27801728249,-0.366706758738,8.54533195496,-8.83162593842,-13.5681247711,49.1201934814,95.4132461548]],"icov":[[0.0000993781432044,-0.0000345118642144,0.0000178668051376,0.0000161535917869,0.0000636475597275,0.000046975328587,0.000112931309559,0.0000651387672406,0.000129401785671,0.000020170409698,-0.0000597853104409,0.000112581648864,0.0000331050323439],[-0.0000345118642144,0.000998948700726,0.000483347772388,-0.0000311851035804,-0.000146230493556,-0.000159467628691,-0.000333243748173,-0.000599553633947,-0.00000610717688687,-0.00035352242412,0.000429360748967,-0.000741519033909,-0.000316856545396],[0.0000178668051376,0.000483347772388,0.00321345054545,-0.000327918562107,-0.000374602677766,-0.000337875855621,-0.0011832586024,0.000934317999054,-0.00184931280091,0.000576013873797,-0.000316534977173,-0.00128896883689,0.000210993501241],[0.0000161535917869,-0.0000311851035804,-0.000327918562107,0.0051165856421,-0.00133609841578,0.0012837810209,0.000265429436695,0.000553257006686,-0.000115673545224,-0.000875079189427,0.00138545327354,-0.000754923617933,-0.000197068613488],[0.0000636475597275,-0.000146230493556,-0.000374602677766,-0.00133609841578,0.00671221455559,-0.00128271628637,0.00252869306132,-0.00247429148294,0.000468450511107,0.00121635373216,-0.00236342079006,0.00241973553784,-0.000989632564597],[0.000046975328587,-0.000159467628691,-0.000337875855621,0.0012837810209,-0.00128271628637,0.00562555436045,-0.00252544484101,0.00155003601685,-0.000109076187073,-0.00171220279299,0.00372382672504,-0.00248838728294,-0.00000271168687505],[0.000112931309559,-0.000333243748173,-0.0011832586024,0.000265429436695,0.00252869306132,-0.00252544484101,0.0120807802305,-0.00391225144267,0.000351993949153,0.00187245220877,-0.00361600704491,0.00138031376991,-0.000194991735043],[0.0000651387672406,-0.000599553633947,0.000934317999054,0.000553257006686,-0.00247429148294,0.00155003601685,-0.00391225144267,0.0117040155455,-0.00245278002694,-0.00168639980257,0.00127843779046,0.000460883136839,0.00000917199486139],[0.000129401785671,-0.00000610717688687,-0.00184931280091,-0.000115673545224,0.000468450511107,-0.000109076187073,0.000351993949153,-0.00245278002694,0.012184234336,-0.00415774947032,-0.0000637291814201,0.000140460455441,-0.0011024895357],[0.000020170409698,-0.00035352242412,0.000576013873797,-0.000875079189427,0.00121635373216,-0.00171220279299,0.00187245220877,-0.00168639980257,-0.00415774947032,0.0133240465075,-0.00278786779381,0.000910419563297,0.00146112171933],[-0.0000597853104409,0.000429360748967,-0.000316534977173,0.00138545327354,-0.00236342079006,0.00372382672504,-0.00361600704491,0.00127843779046,-0.0000637291814201,-0.00278786779381,0.0145647479221,-0.00457577081397,0.00268143275753],[0.000112581648864,-0.000741519033909,-0.00128896883689,-0.000754923617933,0.00241973553784,-0.00248838728294,0.00138031376991,0.000460883136839,0.000140460455441,0.000910419563297,-0.00457577081397,0.0154993729666,-0.0069231162779],[0.0000331050323439,-0.000316856545396,0.000210993501241,-0.000197068613488,-0.000989632564597,-0.00000271168687505,-0.000194991735043,0.00000917199486139,-0.0011024895357,0.00146112171933,0.00268143275753,-0.0069231162779,0.0149242505431]],"mean":[-658.96887207,129.03755188,7.15386867523,8.65785217285,7.45032596588,11.6633882523,4.50881719589,9.96458625793,1.3039662838,6.86559247971,-2.03507089615,2.74031972885,3.19088101387]},"pitch_salience":{"dmean":0.0751258730888,"dmean2":0.120863415301,"dvar":0.00511915562674,"dvar2":0.0127502353862,"max":0.908630013466,"mean":0.502202749252,"median":0.497440427542,"min":0.119278900325,"var":0.0120504861698},"silence_rate_20dB":{"dmean":0,"dmean2":0,"dvar":0,"dvar2":0,"max":1,"mean":1,"median":1,"min":1,"var":0},"silence_rate_30dB":{"dmean":0.0129796843976,"dmean2":0.0259630307555,"dvar":0.0128107024357,"dvar2":0.0351639762521,"max":1,"mean":0.991959393024,"median":1,"min":0,"var":0.00797613803297},"silence_rate_60dB":{"dmean":0.00197516940534,"dmean2":0.00395089620724,"dvar":0.00197118450888,"dvar2":0.00506378151476,"max":1,"mean":0.0416137687862,"median":0,"min":0,"var":0.0398822315037},"spectral_centroid":{"dmean":203.214080811,"dmean2":323.375854492,"dvar":66080.0078125,"dvar2":139736.34375,"max":10741.2470703,"mean":1153.75415039,"median":1117.26428223,"min":232.250198364,"var":192186.484375},"spectral_complexity":{"dmean":3.63797974586,"dmean2":5.34217596054,"dvar":26.5294704437,"dvar2":46.8301811218,"max":59,"mean":16.5433769226,"median":15,"min":0,"var":76.3008651733},"spectral_contrast_coeffs":{"dmean":[0.0497072227299,0.0461925603449,0.0518005788326,0.0446437299252,0.0299165267497,0.0201570410281],"dmean2":[0.0803591758013,0.0746122375131,0.0780010148883,0.0691733881831,0.0460687838495,0.031164791435],"dvar":[0.00215875077993,0.0015666304389,0.00192916381638,0.00153370318003,0.000766515382566,0.000394442176912],"dvar2":[0.00526501983404,0.00418097339571,0.00428851135075,0.00340355583467,0.00164004205726,0.000841448607389],"max":[-0.394205838442,-0.435263574123,-0.388768851757,-0.484744429588,-0.551483213902,-0.648238480091],"mean":[-0.689886629581,-0.726855516434,-0.691815555096,-0.723387420177,-0.776060819626,-0.793168127537],"median":[-0.696518540382,-0.730618596077,-0.688577234745,-0.722288250923,-0.780819833279,-0.795305728912],"min":[-0.962110459805,-0.975274205208,-0.967308878899,-0.976936399937,-0.975951433182,-0.976541519165],"var":[0.00544692389667,0.00529716955498,0.00750213069841,0.00565357413143,0.00351160136051,0.00167986669112]},"spectral_contrast_valleys":{"dmean":[0.368953227997,0.398016065359,0.470921874046,0.502807915211,0.483430027962,0.590458095074],"dmean2":[0.574646890163,0.618561387062,0.682688176632,0.731433808804,0.675816774368,0.756522536278],"dvar":[0.121529310942,0.183916658163,0.24777944386,0.279102981091,0.310883969069,0.410365134478],"dvar2":[0.239386409521,0.358535379171,0.448829621077,0.515004694462,0.564637064934,0.762022137642],"max":[-5.19697332382,-4.51993513107,-5.17934417725,-5.5128531456,-5.64711523056,-7.71447944641],"mean":[-7.11532831192,-6.88610744476,-7.81844758987,-8.22044563293,-8.28594017029,-10.3016891479],"median":[-6.91747903824,-6.67430496216,-7.67137336731,-8.05152225494,-8.08169364929,-10.1054573059],"min":[-27.1764526367,-27.3233985901,-27.1598529816,-27.2665939331,-27.1501255035,-27.2330207825],"var":[1.40404212475,1.68174397945,1.9119644165,1.9769756794,1.97062683105,2.12140536308]},"spectral_decrease":{"dmean":2.9209490382e-9,"dmean2":4.47316850227e-9,"dvar":2.51935722654e-17,"dvar2":5.93995221501e-17,"max":1.32170779247e-29,"mean":-6.53569420805e-9,"median":-4.65336569277e-9,"min":-5.62621096378e-8,"var":3.63593855693e-17},"spectral_energy":{"dmean":0.0117426197976,"dmean2":0.0178124066442,"dvar":0.000401823141146,"dvar2":0.000938139099162,"max":0.219450369477,"mean":0.026569345966,"median":0.0189201720059,"min":1.08091285324e-20,"var":0.00059159839293},"spectral_energyband_high":{"dmean":0.000621040351689,"dmean2":0.000915125187021,"dvar":0.00000110361531824,"dvar2":0.00000225653161579,"max":0.0153953358531,"mean":0.000785885320511,"median":0.000250534707448,"min":7.97622880483e-21,"var":0.00000166389463629},"spectral_energyband_low":{"dmean":0.00691956328228,"dmean2":0.0110683748499,"dvar":0.000216824497329,"dvar2":0.000542910012882,"max":0.190369054675,"mean":0.0110193984583,"median":0.00665197428316,"min":6.4970527356e-23,"var":0.000240919995122},"spectral_energyband_middle_high":{"dmean":0.00276349484921,"dmean2":0.00416803453118,"dvar":0.0000199615315069,"dvar2":0.000046216409828,"max":0.0594085641205,"mean":0.00659272493795,"median":0.00399387395009,"min":1.48396565399e-21,"var":0.0000579815568926},"spectral_energyband_middle_low":{"dmean":0.00494083017111,"dmean2":0.00779966777191,"dvar":0.000100170364021,"dvar2":0.000247097894317,"max":0.121155388653,"mean":0.00966785382479,"median":0.00599112734199,"min":3.43061168371e-22,"var":0.000128900355776},"spectral_entropy":{"dmean":0.284968465567,"dmean2":0.404257923365,"dvar":0.097320407629,"dvar2":0.191108569503,"max":9.81241989136,"mean":7.46003007889,"median":7.45650482178,"min":5.54094457626,"var":0.289947390556},"spectral_flux":{"dmean":0.0304270219058,"dmean2":0.0457642674446,"dvar":0.00169694668148,"dvar2":0.00327529222704,"max":0.422305166721,"mean":0.0820325687528,"median":0.0659788921475,"min":1.03966960041e-10,"var":0.00345259462483},"spectral_kurtosis":{"dmean":2.1285200119,"dmean2":3.28017115593,"dvar":9.57311534882,"dvar2":22.8569698334,"max":62.2784729004,"mean":6.07083511353,"median":4.95781087875,"min":-1.3212761879,"var":22.2651538849},"spectral_rms":{"dmean":0.000960473844316,"dmean2":0.00140077178366,"dvar":0.00000171394344761,"dvar2":0.0000036457142869,"max":0.0146320853382,"mean":0.00464926287532,"median":0.00429635960609,"min":3.24738218087e-12,"var":0.00000430562658948},"spectral_rolloff":{"dmean":527.723083496,"dmean2":912.434204102,"dvar":1423331.25,"dvar2":3503616.5,"max":18733.8867188,"mean":1364.1081543,"median":1098.19335938,"min":86.1328125,"var":2087220.375},"spectral_skewness":{"dmean":0.276393949986,"dmean2":0.422670125961,"dvar":0.100303597748,"dvar2":0.227380231023,"max":5.82541704178,"mean":1.93680500984,"median":1.8569047451,"min":-0.122124157846,"var":0.305722147226},"spectral_spread":{"dmean":1109554.875,"dmean2":1493267.25,"dvar":1552020799490,"dvar2":2742008414210,"max":40920168,"mean":5340832,"median":4956343.5,"min":1216251.5,"var":4645066375170},"spectral_strongpeak":{"dmean":0.578014731407,"dmean2":1.00339961052,"dvar":0.933786988258,"dvar2":2.36827278137,"max":9.41485977173,"mean":0.920645356178,"median":0.30945250392,"min":0,"var":1.79675173759},"zerocrossingrate":{"dmean":0.0151356849819,"dmean2":0.0186814609915,"dvar":0.000332242256263,"dvar2":0.000446950900368,"max":0.51123046875,"mean":0.0621406584978,"median":0.05322265625,"min":0.00341796875,"var":0.00145219336264}},"metadata":{"audio_properties":{"analysis_sample_rate":44100,"bit_rate":320910,"codec":"aac","downmix":"mix","equal_loudness":0,"length":164.565322876,"lossless":false,"md5_encoded":"92929842eaaf74f3e87f31e0e39618c3","replay_gain":-6.45658493042,"sample_rate":48000},"tags":{"album":["Mirage"],"albumartistsort":["Fleetwood Mac"],"artist":["Fleetwood Mac"],"artistsort":["Fleetwood Mac"],"asin":["B000002KXO"],"barcode":["075992360722"],"catalognumber":["7599-23607-2"],"date":["1984-04-01"],"discnumber":["1/1"],"encodedby":["Pro Audio Converter 1.5.1"],"file_name":"02 Can't Go Back.m4a","genre":["Rock"],"label":["Warner Bros. Records"],"language":["eng"],"media":["CD"],"musicbrainz_albumartistid":["bd13909f-1c29-4c27-a874-d4aaf27c5b1a"],"musicbrainz_albumid":["308f450a-1fa2-3199-b8d5-db5faa8bd07d"],"musicbrainz_artistid":["bd13909f-1c29-4c27-a874-d4aaf27c5b1a"],"musicbrainz_recordingid":["bdf8285d-5ab5-4d25-8bbe-7fd420ca8651"],"musicbrainz_releasegroupid":["a0e25b7f-30d4-3e87-b469-df315573bb16"],"script":["Latn"],"title":["Can't Go Back"],"tracknumber":["2/12"]},"version":{"essentia":"2.1-beta2","essentia_build_sha":"2d9f1f26377add8aeb1075a9c2973f962c4f09fd","essentia_git_sha":"v2.1_beta2-1-ge3940c0","extractor":"music 1.0"}},"rhythm":{"beats_count":401,"beats_loudness":{"dmean":0.0212381388992,"dmean2":0.0374810695648,"dvar":0.000304705958115,"dvar2":0.000977504416369,"max":0.151501625776,"mean":0.0569489337504,"median":0.0585189834237,"min":1.46111887034e-8,"var":0.00062385603087},"beats_loudness_band_ratio":{"dmean":[0.317221820354,0.201297581196,0.0751644074917,0.101023606956,0.0623453818262,0.0564347691834],"dmean2":[0.615313112736,0.399632006884,0.13057346642,0.176093533635,0.12076228857,0.111722379923],"dvar":[0.0333281084895,0.0135271931067,0.00505584618077,0.007224207744,0.001