{"lowlevel":{"average_loudness":0.839949369431,"barkbands":{"dmean":[0.000928575522266,0.0112123293802,0.00526085402817,0.00224906951189,0.00214867480099,0.000878595805261,0.00043002347229,0.00031445606146,0.000235795974731,0.000372458947822,0.000185660552233,0.000336885801516,0.000203196337679,0.00014734485012,0.000142434961163,0.000137851020554,0.0000939328529057,0.0000855334292282,0.0000880670777406,0.000106580686406,0.000119998469017,0.000119607240777,0.0000858988059917,0.00006494007539,0.000150341162225,0.0000734138375265,0.0000133706898851],"dmean2":[0.00144918682054,0.0147978635505,0.00852645747364,0.00398602010682,0.00363486097194,0.00151926185936,0.000734755943995,0.000508669239935,0.000374508817913,0.000641129852738,0.000302039610688,0.000585112196859,0.000346855696989,0.000237093059695,0.000238360196818,0.000240423498326,0.000157533897436,0.000148984559928,0.000148612612975,0.00018535910931,0.000196193039301,0.000196110224351,0.000138282528496,0.000104308863229,0.000244709837716,0.000122635101434,0.000022940845156],"dvar":[0.00000771659961174,0.000392362388084,0.000194164531422,0.0000347087443515,0.0000222047965508,0.00000342197131431,9.96074163595e-7,6.03848775427e-7,3.8640882849e-7,0.00000106280685941,2.69859242508e-7,0.00000243977797254,6.70416682169e-7,2.17224055632e-7,2.84209392021e-7,2.51466389045e-7,1.45513865846e-7,1.23077967373e-7,1.35873179374e-7,2.07194034374e-7,2.53531652561e-7,3.20735694004e-7,1.46362793885e-7,7.76008590719e-8,2.63172239556e-7,9.02917420831e-8,3.16916493048e-9],"dvar2":[0.0000179179678526,0.000609806273133,0.000544833193999,0.000100416102214,0.0000617807090748,0.00000946642376221,0.00000273635146186,0.00000151236406509,9.89738509816e-7,0.00000298598638437,6.58831481815e-7,0.00000673728345646,0.00000176591277068,5.34059779511e-7,7.43527266422e-7,6.97042480624e-7,4.00617182095e-7,3.51072287685e-7,2.99445559904e-7,5.63435833101e-7,5.90384843235e-7,7.36991296435e-7,3.73744967419e-7,1.87858390177e-7,6.72800695156e-7,2.32343552398e-7,8.55249648879e-9],"max":[0.127200603485,0.397991210222,0.219538614154,0.0867053568363,0.0842057988048,0.0273408535868,0.0137198474258,0.0210683178157,0.0160510335118,0.0186115726829,0.0102512752637,0.0230159088969,0.013689703308,0.00767213059589,0.0119911525398,0.00840666797012,0.0160153098404,0.0121176494285,0.022906942293,0.0153809981421,0.0176913291216,0.022382190451,0.00985087174922,0.0091772871092,0.00773968873546,0.00560475792736,0.000873511540703],"mean":[0.00336324586533,0.0512142069638,0.0124623896554,0.00308722653426,0.00365574215539,0.0013703298755,0.00057775323512,0.000489450118039,0.000336708326358,0.000471177772852,0.000219501191168,0.000318711448926,0.000212088649278,0.000182529256563,0.000145052719745,0.000123971054563,0.0000954792049015,0.0000822573201731,0.0000931692411541,0.000106312334538,0.000143483324791,0.000147049475345,0.0000939344390645,0.0000773901556386,0.000185990502359,0.0000809388657217,0.0000118796542665],"median":[0.00087009096751,0.0301506686956,0.00832298211753,0.000821780180559,0.000780416536145,0.000504874216858,0.000122327328427,0.0000736285364837,0.0000568285358895,0.0000475763590657,0.0000170650291693,0.0000304312943626,0.0000152637785504,0.0000156205824169,0.0000154799636221,0.0000127693911054,0.00000939062192629,0.00000769898815633,0.00000789170462667,0.00000901914154383,0.00000766194625612,0.00000773716783442,0.00000268646044788,0.00000218215996028,0.00000147797959471,4.61275135422e-7,7.9727712432e-8],"min":[1.9859884889e-24,2.14506682639e-24,5.30733350246e-24,5.75375777733e-24,1.83832090608e-23,1.39789150077e-23,1.82308169111e-23,2.2384538764e-23,1.83060915964e-23,1.77137043882e-23,1.50642393074e-23,5.09838752006e-23,6.03116915546e-23,2.87167741596e-23,8.56380772276e-23,8.74197290484e-23,8.68803122723e-23,1.43670604477e-22,2.13108463761e-22,2.17398604908e-22,2.82064297477e-22,4.15355108028e-22,4.69489570622e-22,5.22873517262e-22,1.00903029255e-21,1.48453201826e-21,2.38564947112e-21],"var":[0.0000215137479245,0.00377311510965,0.000247953052167,0.0000404256425099,0.0000434634894191,0.00000647388151265,0.00000131198044073,0.00000117846320791,6.36726610992e-7,0.00000141239752338,3.94986471974e-7,0.0000017479003418,5.92568767388e-7,2.83179332428e-7,2.4599671633e-7,1.87438800481e-7,1.13747880448e-7,8.9157154548e-8,2.48391131663e-7,1.66533567381e-7,4.60289555804e-7,6.62447348532e-7,1.82145413419e-7,1.15933573852e-7,3.53838487399e-7,1.18978249475e-7,2.46308773377e-9]},"barkbands_crest":{"dmean":2.1874396801,"dmean2":3.45774674416,"dvar":6.14917087555,"dvar2":15.3772106171,"max":26.6495742798,"mean":14.7327709198,"median":14.6424226761,"min":1.92333877087,"var":35.8267631531},"barkbands_flatness_db":{"dmean":0.0380838178098,"dmean2":0.0503762811422,"dvar":0.00231461087242,"dvar2":0.00388299766928,"max":0.776651322842,"mean":0.279369622469,"median":0.260741919279,"min":0.0170986019075,"var":0.0266884807497},"barkbands_kurtosis":{"dmean":20.4037055969,"dmean2":29.2172222137,"dvar":1229.72302246,"dvar2":2423.42480469,"max":812.288818359,"mean":50.6660766602,"median":17.3568229675,"min":-1.90988111496,"var":5715.91699219},"barkbands_skewness":{"dmean":1.15535414219,"dmean2":1.66554522514,"dvar":1.9009540081,"dvar2":3.99221324921,"max":24.8645248413,"mean":4.19228982925,"median":3.14509415627,"min":-6.16754198074,"var":11.6775150299},"barkbands_spread":{"dmean":4.55718612671,"dmean2":6.83102560043,"dvar":68.3749847412,"dvar2":152.06842041,"max":122.565132141,"mean":11.1234731674,"median":3.99518036842,"min":0.105383187532,"var":256.081390381},"dissonance":{"dmean":0.0294512640685,"dmean2":0.0491298697889,"dvar":0.00149409996811,"dvar2":0.00408793706447,"max":0.500000119209,"mean":0.451474308968,"median":0.468124985695,"min":0.0843296870589,"var":0.00281856558286},"dynamic_complexity":5.46199131012,"erbbands":{"dmean":[0.40209504962,2.44471263885,5.93964576721,7.13707971573,6.63829374313,8.37008666992,6.82984352112,8.31350135803,7.1950712204,6.03328323364,5.90516376495,4.70650577545,12.6421546936,7.4044585228,10.7682504654,11.9569864273,9.64851379395,8.02459716797,7.25790214539,7.11252737045,6.82273244858,5.51374673843,4.82716703415,4.34517669678,4.65495824814,4.84984588623,4.66503334045,5.09524583817,4.53398370743,3.09609866142,2.50335884094,1.60421311855,1.02461564541,1.56036376953,1.16552972794,0.36153909564,0.137894138694,0.0248973369598,0.00187670707237,0.0000792919672676],"dmean2":[0.505872249603,3.33466267586,9.26104927063,12.3298892975,11.5468702316,14.0829324722,11.5202226639,14.5839881897,12.3797626495,10.0161380768,9.63222980499,7.52473926544,21.256269455,12.8137683868,17.9841861725,20.2929782867,16.6233711243,13.0971651077,12.1623916626,11.8464260101,11.7843103409,9.19327068329,8.35651874542,7.49752521515,7.78553390503,8.41200351715,7.8174533844,8.25345516205,7.3978509903,5.16977262497,4.03996038437,2.63642835617,1.57149648666,2.49242639542,1.94647800922,0.59747248888,0.2286465168,0.0413193255663,0.00314194359817,0.000133078094223],"dvar":[0.701280713081,15.5931615829,175.122573853,442.045684814,234.014297485,351.6300354,196.173110962,320.487762451,287.429290771,229.767211914,224.214508057,133.332015991,1149.25646973,454.383483887,1953.31225586,2425.49780273,1584.703125,708.373413086,601.993286133,703.586425781,634.354858398,497.916656494,395.867340088,305.855834961,375.227081299,415.196380615,431.73638916,492.613861084,485.460693359,251.290756226,116.646064758,46.7622375488,17.770275116,27.796131134,16.3788108826,2.76434803009,0.295280605555,0.0101228030398,0.000064237829065,8.27486275057e-8],"dvar2":[1.0306251049,27.4243659973,468.75769043,1261.25170898,699.353942871,991.55859375,529.932922363,880.225708008,801.776367188,607.056274414,552.847839355,329.269165039,3183.46337891,1250.55297852,5170.17041016,6554.828125,4203.50244141,1813.95092773,1591.80749512,1788.31164551,1775.23706055,1370.54821777,1115.88342285,797.178344727,834.180725098,1129.8494873,1047.70495605,1140.25476074,1126.92211914,664.889343262,294.413696289,116.400436401,41.7814292908,68.2353744507,42.992816925,6.76051044464,0.760141968727,0.0265385676175,0.000171521765878,2.27047351586e-7],"max":[18.0099830627,87.5026016235,205.339111328,321.888214111,204.214401245,348.732574463,245.440231323,265.798248291,279.029388428,305.428375244,320.329742432,255.266479492,677.763183594,369.539245605,690.099609375,660.580688477,714.269714355,424.605102539,391.418243408,495.562133789,460.905456543,916.982177734,749.085510254,631.688659668,1202.33972168,721.346862793,802.951660156,859.803161621,918.70880127,371.131103516,299.558288574,242.858764648,127.57396698,81.627822876,64.0555953979,40.9865570068,7.88290166855,1.39112150669,0.111067764461,0.00379589921795],"mean":[1.87794840336,9.65883541107,16.6413803101,12.0619401932,10.1728010178,12.7827558517,10.5087099075,12.0806665421,9.93924999237,9.38885498047,8.98974990845,7.25182104111,17.2040634155,9.3361415863,11.2849054337,12.252530098,10.2385473251,9.97139644623,7.94207382202,7.37563228607,6.42987298965,5.55201387405,4.7942070961,4.34438323975,5.07054138184,4.91351270676,5.17062807083,6.37595844269,5.51056241989,3.32631993294,2.72248363495,1.79538595676,1.25670230389,1.99823749065,1.41196644306,0.42037320137,0.135333418846,0.0232471749187,0.00172626518179,0.000145680649439],"median":[0.895998418331,6.01783561707,12.2896823883,5.5369591713,2.31294083595,2.5970788002,3.44966626167,4.03389787674,2.66172814369,1.35730028152,1.74195086956,1.4907656908,1.57282924652,1.2998405695,0.893664181232,1.3267468214,0.874065756798,0.912576496601,0.792092382908,0.81417119503,0.703693330288,0.529703676701,0.468521714211,0.341615617275,0.469678401947,0.423566967249,0.303338736296,0.311537742615,0.30660367012,0.152821108699,0.0637432038784,0.0500873029232,0.033635020256,0.0199346933514,0.00761064095423,0.00250640884042,0.000764709839132,0.000130588043248,0.0000827858602861,0.0000932335969992],"min":[7.27948726434e-23,6.02860630415e-22,6.17274848337e-21,1.47781083247e-20,2.41413905776e-20,6.99216935014e-20,1.23623318693e-19,1.71091556359e-19,1.66549921205e-19,4.75484509201e-19,4.28338755653e-19,3.52559576514e-19,6.24288976424e-19,8.97581747692e-19,1.28615335596e-18,2.01573782317e-18,3.65974067905e-18,1.28251324427e-18,4.61827467775e-18,4.66661883506e-18,4.79223944596e-18,5.11391178821e-18,7.13536253428e-18,1.04260698179e-17,1.09468180638e-17,1.15637268831e-17,1.17287080563e-17,1.25513226319e-17,1.13110380953e-17,1.71936521354e-17,1.22132216555e-17,1.18153006316e-17,8.58663851129e-18,9.65024305935e-18,7.05150296378e-18,4.87191058743e-18,2.95532979942e-18,9.08005050591e-19,3.12624640708e-19,3.53172452724e-20],"var":[6.94949913025,128.396499634,348.308288574,448.294708252,380.473297119,571.334655762,341.019989014,569.004699707,351.842895508,420.193725586,394.212280273,249.832290649,1818.98266602,576.524536133,1715.81091309,1977.6661377,1369.71972656,875.622558594,572.522216797,634.565490723,478.020385742,386.374603271,290.989868164,354.146789551,611.999450684,340.469970703,594.450561523,987.225891113,957.527160645,309.630401611,148.116271973,64.4483032227,28.503786087,42.9001808167,20.478925705,4.10077381134,0.274535149336,0.00861100107431,0.0000505004209117,7.27914795107e-8]},"erbbands_crest":{"dmean":2.50723290443,"dmean2":4.08352279663,"dvar":6.74811315536,"dvar2":16.6340675354,"max":29.9078598022,"mean":10.2994232178,"median":9.43321037292,"min":2.28574919701,"var":23.3912944794},"erbbands_flatness_db":{"dmean":0.02528680861,"dmean2":0.0356136113405,"dvar":0.000969035259914,"dvar2":0.00177544157486,"max":0.527565538883,"mean":0.186175331473,"median":0.170333072543,"min":0.0337707139552,"var":0.00832257792354},"erbbands_kurtosis":{"dmean":4.0110039711,"dmean2":6.43796348572,"dvar":104.027763367,"dvar2":296.961486816,"max":251.725646973,"mean":5.26855516434,"median":1.27660799026,"min":-1.9024554491,"var":153.831756592},"erbbands_skewness":{"dmean":0.605505228043,"dmean2":0.917239427567,"dvar":0.574855327606,"dvar2":1.41972279549,"max":11.0977230072,"mean":1.28440988064,"median":1.12414336205,"min":-6.02453899384,"var":2.03706026077},"erbbands_spread":{"dmean":10.63123703,"dmean2":16.3151721954,"dvar":169.552459717,"dvar2":381.658721924,"max":169.521652222,"mean":37.9057922363,"median":34.721698761,"min":0.771100819111,"var":648.436096191},"gfcc":{"cov":[[28396.3886719,-2174.84936523,-2998.33911133,-3.5567741394,-1232.5222168,1597.41503906,-438.018768311,902.419677734,-1056.29516602,80.7313919067,-1069.20654297,-86.6712799072,-288.118652344],[-2174.84936523,3068.85986328,950.502563477,270.243804932,732.791442871,-343.87109375,602.108886719,-388.491607666,459.816650391,-184.246170044,351.836578369,-231.382522583,203.473709106],[-2998.33911133,950.502563477,3097.33764648,243.62651062,594.998413086,-11.7020654678,188.671707153,55.4647483826,197.243011475,82.2927780151,245.494659424,-31.0101299286,-40.4527740479],[-3.5567741394,270.243804932,243.62651062,706.108520508,281.099517822,80.169921875,261.892974854,-28.3459415436,186.010955811,-4.99579668045,138.982513428,-43.5579872131,102.763656616],[-1232.5222168,732.791442871,594.998413086,281.099517822,815.12298584,28.4308357239,287.27734375,-34.1103401184,238.768859863,-29.0461902618,198.204544067,12.3831539154,58.4464454651],[1597.41503906,-343.87109375,-11.7020654678,80.169921875,28.4308357239,351.416046143,88.6550445557,109.48298645,-58.7469902039,34.3104896545,-42.942325592,4.10932922363,-30.7561664581],[-438.018768311,602.108886719,188.671707153,261.892974854,287.27734375,88.6550445557,411.287994385,-65.728767395,158.453826904,-39.5664520264,125.278068542,-56.7333183289,72.5429153442],[902.419677734,-388.491607666,55.4647483826,-28.3459415436,-34.1103401184,109.48298645,-65.728767395,223.619537354,-54.6090660095,22.3734054565,-74.8457107544,22.2259101868,-38.5394554138],[-1056.29516602,459.816650391,197.243011475,186.010955811,238.768859863,-58.7469902039,158.453826904,-54.6090660095,225.080291748,-3.03672218323,119.313293457,-23.8832778931,66.3865432739],[80.7313919067,-184.246170044,82.2927780151,-4.99579668045,-29.0461902618,34.3104896545,-39.5664520264,22.3734054565,-3.03672218323,95.9163742065,16.5570831299,29.2324771881,-27.1560916901],[-1069.20654297,351.836578369,245.494659424,138.982513428,198.204544067,-42.942325592,125.278068542,-74.8457107544,119.313293457,16.5570831299,179.690994263,13.954158783,35.1309204102],[-86.6712799072,-231.382522583,-31.0101299286,-43.5579872131,12.3831539154,4.10932922363,-56.7333183289,22.2259101868,-23.8832778931,29.2324771881,13.954158783,102.747550964,-9.43447208405],[-288.118652344,203.473709106,-40.4527740479,102.763656616,58.4464454651,-30.7561664581,72.5429153442,-38.5394554138,66.3865432739,-27.1560916901,35.1309204102,-9.43447208405,90.8049697876]],"icov":[[0.0000950758112594,-0.000200499547645,0.000107437379484,-0.000198566529434,0.0000574439800403,-0.000415149435867,0.000178633519681,-0.000255976367043,0.000311264710035,-0.000236130130361,0.000372115173377,-0.000157894275617,0.000136037924676],[-0.000200499547645,0.00160141568631,-0.000442274700617,0.000965159852058,-0.000556238286663,0.00156842672732,-0.00121520226821,0.00131885521114,-0.00111701723654,0.00136757036671,-0.0014292554697,0.00220652972348,-0.00108623714186],[0.000107437379484,-0.000442274700617,0.000600404164288,-0.000352755130734,-0.000143735858728,-0.000428562692832,0.000354808580596,-0.0007515187026,0.000540720240679,-0.000819862994831,0.0000421798795287,-0.0000650960937492,0.000679979857523],[-0.000198566529434,0.000965159852058,-0.000352755130734,0.00301596475765,-0.000444273900939,0.00047877067118,-0.0011078248499,0.000592192285694,-0.00156333751511,0.000558751169592,-0.00197850726545,0.00198981282301,-0.00249634101056],[0.0000574439800403,-0.000556238286663,-0.000143735858728,-0.000444273900939,0.00273620407097,-0.00101267558057,-0.000187463447219,-0.000638220633846,-0.00155020749662,0.00130283215549,-0.000566336559132,-0.00223895674571,0.00115160644054],[-0.000415149435867,0.00156842672732,-0.000428562692832,0.00047877067118,-0.00101267558057,0.00754090165719,-0.00393367232755,-0.000419781630626,0.000983868725598,-0.00118254718836,-0.000487434823299,0.00161586597096,-0.000110614972073],[0.000178633519681,-0.00121520226821,0.000354808580596,-0.0011078248499,-0.000187463447219,-0.00393367232755,0.00693236803636,-0.0000262442172243,-0.000915013079066,0.00122264260426,-0.00122136424761,0.000625520129688,-0.000487323763082],[-0.000255976367043,0.00131885521114,-0.0007515187026,0.000592192285694,-0.000638220633846,-0.000419781630626,-0.0000262442172243,0.00813341327012,-0.00212252396159,0.00114440324251,0.00173311482649,0.0000620774371782,0.000199058777071],[0.000311264710035,-0.00111701723654,0.000540720240679,-0.00156333751511,-0.00155020749662,0.000983868725598,-0.000915013079066,-0.00212252396159,0.0128532536328,-0.00441495701671,-0.0013741744915,0.00146979978308,-0.00337095628493],[-0.000236130130361,0.00136757036671,-0.000819862994831,0.000558751169592,0.00130283215549,-0.00118254718836,0.00122264260426,0.00114440324251,-0.00441495701671,0.0172344632447,-0.00468593882397,-0.00178699626122,0.00346773234196],[0.000372115173377,-0.0014292554697,0.0000421798795287,-0.00197850726545,-0.000566336559132,-0.000487434823299,-0.00122136424761,0.00173311482649,-0.0013741744915,-0.00468593882397,0.0156176034361,-0.00565952202305,0.00152499380056],[-0.000157894275617,0.00220652972348,-0.0000650960937492,0.00198981282301,-0.00223895674571,0.00161586597096,0.000625520129688,0.0000620774371782,0.00146979978308,-0.00178699626122,-0.00565952202305,0.017195193097,-0.00384401367046],[0.000136037924676,-0.00108623714186,0.000679979857523,-0.00249634101056,0.00115160644054,-0.000110614972073,-0.000487323763082,0.000199058777071,-0.00337095628493,0.00346773234196,0.00152499380056,-0.00384401367046,0.0192135479301]],"mean":[-102.525497437,123.421607971,-57.6556625366,40.4126739502,-37.7791099548,11.6510848999,-22.0499649048,1.36045765877,-14.6196279526,5.79747581482,-8.26399898529,-0.442442893982,-2.82238912582]},"hfc":{"dmean":8.77377033234,"dmean2":14.1590328217,"dvar":700.195129395,"dvar2":1834.55273438,"max":421.726928711,"mean":16.6765499115,"median":9.13101387024,"min":1.11858191633e-16,"var":899.817016602},"melbands":{"dmean":[0.00322591839358,0.00310509931296,0.00115310249384,0.000489512283821,0.000276719598332,0.00017754874716,0.00010390108946,0.000066567241447,0.0000442085256509,0.0000335283621098,0.0000640711077722,0.000030774041079,0.0000312588927045,0.0000398318516091,0.0000226090833166,0.0000210955877264,0.0000145707381307,0.000011601226106,0.0000106636698547,0.00000973972055363,0.00000769258895161,0.00000567018241782,0.00000427144459536,0.00000458548356619,0.00000346563797393,0.00000347981995219,0.0000034892000258,0.00000324477832692,0.00000294003234558,0.00000308708263219,0.00000304166223941,0.00000270006216851,0.00000208376263799,0.00000159811168032,0.00000142327542108,0.00000124355085518,9.89337308965e-7,7.91056606886e-7,6.05613308835e-7,0.00000168808753642],"dmean2":[0.00415223324671,0.00458257785067,0.00200117053464,0.000831581477541,0.000462260126369,0.000308506685542,0.000178221511305,0.000109276406874,0.0000723560078768,0.0000534292557859,0.000108055472083,0.0000538879685337,0.0000515272549819,0.0000693907786626,0.0000386905121559,0.0000365735286323,0.0000239407017943,0.0000193467458303,0.000017684944396,0.0000165056826518,0.0000135203436002,0.00000955640371103,0.00000720660909792,0.00000800310226623,0.00000598655606154,0.00000581382028031,0.00000602425279794,0.00000566869857721,0.00000495048698212,0.00000516889713253,0.00000490717002322,0.00000437542485088,0.00000351822245648,0.00000268476151177,0.00000231920171245,0.00000202025194085,0.00000164951984516,0.00000117620004403,0.0000010055605344,0.00000270041891781],"dvar":[0.0000385613493563,0.0000327373709297,0.0000101229961729,0.00000127827320284,3.22657911056e-7,1.41898212291e-7,5.86288173565e-8,2.8099574223e-8,1.2747422673e-8,7.51993134429e-9,2.97456743681e-8,8.67262439641e-9,1.25257075823e-8,3.54176137307e-8,6.93295154619e-9,7.82234099717e-9,2.27165664057e-9,1.41335709802e-9,1.76148839959e-9,1.2470017241e-9,9.13470132868e-10,5.41848899083e-10,3.12087161669e-10,3.66255303863e-10,1.99946920132e-10,2.5766586087e-10,1.81098774865e-10,2.13714018704e-10,1.95352595211e-10,1.84650239543e-10,1.81693160517e-10,1.82281426064e-10,9.90450499394e-11,6.99968694118e-11,3.97508449768e-11,3.10986618401e-11,1.59672414179e-11,9.5526711541e-12,7.56498683141e-12,3.40839995117e-11],"dvar2":[0.000058366007579,0.0000809688208392,0.0000290484440484,0.00000356340387953,8.91252341262e-7,3.92291411799e-7,1.61874694982e-7,7.33067082592e-8,3.16714299231e-8,1.90946956025e-8,8.25231296631e-8,2.42816788898e-8,3.23198250385e-8,9.7778219299e-8,1.77921357647e-8,2.13767581414e-8,5.76330005941e-9,3.74842690221e-9,4.56421744843e-9,3.33712590894e-9,2.58376897655e-9,1.49286849549e-9,8.62909577126e-10,1.04226671738e-9,5.27878851742e-10,5.0948856245e-10,4.84437046033e-10,5.89378879035e-10,4.79893014216e-10,4.51766846155e-10,4.22074403206e-10,4.08887063097e-10,2.4918389574e-10,1.89489979263e-10,1.020186019e-10,7.78453759787e-11,4.03037464514e-11,2.17552382359e-11,1.91454473802e-11,8.31061122697e-11],"max":[0.125312507153,0.0854362696409,0.0473572351038,0.0179384518415,0.00966896861792,0.00547737302259,0.00361430179328,0.00331610441208,0.0022430846002,0.00220712716691,0.0034503005445,0.00149005674757,0.00167197035626,0.0031360250432,0.00125429034233,0.00153455440886,0.000779973051976,0.000560486456379,0.00106728589162,0.0003703108232,0.000609772861935,0.0010121576488,0.000838417559862,0.000429505424108,0.00054548936896,0.00118239910807,0.000326036068145,0.000512645463459,0.000552582903765,0.000509387347847,0.000575892743655,0.000639965117443,0.000408787629567,0.000193343861611,0.000187749043107,0.000202006587642,0.000129149950226,0.000100848417787,0.0000848014460644,0.0000932496259338],"mean":[0.0151314223185,0.0102755930275,0.00206467579119,0.000824999064207,0.00042471505003,0.000264931179117,0.000145464902744,0.00010314139945,0.0000658571952954,0.0000490322890982,0.0000861532535055,0.0000368477049051,0.0000341184168065,0.0000378930271836,0.0000242581409111,0.0000215887412196,0.0000180978749995,0.0000127850826175,0.0000105555409391,0.00000916960107133,0.00000714855241313,0.00000570123074795,0.0000045285505621,0.00000415615431848,0.00000335955337505,0.00000375203467229,0.00000360980698133,0.0000031450588267,0.00000310565610562,0.0000033787484881,0.00000387872569263,0.00000334896299137,0.00000230078467212,0.00000162957280736,0.0000015125436903,0.00000133524395096,0.00000109967083972,9.82804294836e-7,6.50236074762e-7,0.00000217760202759],"median":[0.00852253381163,0.00761253759265,0.000978968688287,0.000167349076946,0.000122080047731,0.0000928625449887,0.0000381384597858,0.0000137416354846,0.0000135695463541,0.00000849805928738,0.00000755150949772,0.00000474109219795,0.00000246981335295,0.00000341173972629,0.00000252292966252,0.00000165841015587,0.00000158253089921,0.00000114278088859,0.00000108332596938,9.85074507298e-7,7.42071279092e-7,5.30781107955e-7,4.4755847739e-7,3.41443779917e-7,2.36691022337e-7,3.02882995129e-7,3.33807236075e-7,2.52001683521e-7,1.81988582426e-7,1.68640525544e-7,1.71710013319e-7,1.83776620588e-7,1.18091826096e-7,6.83546232949e-8,3.49682842682e-8,2.48555007687e-8,2.96911171205e-8,2.36006680865e-8,1.89501374592e-8,1.48429943891e-8],"min":[5.1774785172e-25,2.21530167658e-24,2.27907595317e-24,4.38878504771e-24,4.03575756528e-24,3.58668271776e-24,2.43529979747e-24,4.81135140779e-24,2.97033287352e-24,2.62812639335e-24,3.12915759223e-24,3.17307742313e-24,2.86104802802e-24,6.03756389862e-24,5.14143171535e-24,6.62713763437e-24,1.79011886208e-24,7.41936145363e-24,8.09749863105e-24,5.15037700359e-24,5.57766548505e-24,3.91439131501e-24,5.88187431036e-24,5.82624186718e-24,8.06047975535e-24,6.62895832534e-24,7.52367647543e-24,7.75493341638e-24,8.08187129652e-24,4.68741702085e-24,5.63033338896e-24,4.78810880451e-24,1.01852466269e-23,9.05270347991e-24,5.68946482469e-24,6.99242598742e-24,7.46218792331e-24,5.56103748046e-24,7.5563132288e-24,7.16622861092e-24],"var":[0.000369766145013,0.000117833951663,0.0000112279749374,0.00000231198509937,5.60648459214e-7,2.54780360365e-7,7.41004981819e-8,5.27797396899e-8,2.11596660193e-8,1.30832491507e-8,4.60258675616e-8,1.00019716953e-8,1.28819301892e-8,2.54316621096e-8,6.50811227132e-9,6.39365538291e-9,2.92909030364e-9,1.40990963349e-9,1.49161227814e-9,1.01366004479e-9,6.57318810493e-10,4.20831564041e-10,2.40557296305e-10,2.5621377242e-10,2.25658547404e-10,5.33297350724e-10,1.6892913457e-10,1.63887611815e-10,2.33175118103e-10,2.70337308095e-10,3.93695409606e-10,3.88734683332e-10,1.532130256e-10,7.6100431512e-11,4.71168451477e-11,4.01441796472e-11,2.18485698283e-11,1.58667783773e-11,1.07606892147e-11,5.3186718918e-11]},"melbands_crest":{"dmean":2.88712453842,"dmean2":4.69930267334,"dvar":9.82467079163,"dvar2":26.0986385345,"max":36.1200332642,"mean":18.6397247314,"median":18.6943798065,"min":1.0086877346,"var":41.391872406},"melbands_flatness_db":{"dmean":0.0447603277862,"dmean2":0.0589802935719,"dvar":0.00316863576882,"dvar2":0.00539237586781,"max":0.960724651814,"mean":0.389967411757,"median":0.377523094416,"min":1.33744293862e-7,"var":0.0380059406161},"melbands_kurtosis":{"dmean":28.5693492889,"dmean2":43.0242767334,"dvar":2206.12524414,"dvar2":5009.21972656,"max":728.78314209,"mean":68.0523223877,"median":28.34649086,"min":-1.91064953804,"var":7870.0703125},"melbands_skewness":{"dmean":1.29385268688,"dmean2":1.9719530344,"dvar":2.48198699951,"dvar2":5.85404062271,"max":22.215265274,"mean":4.66135501862,"median":3.71694374084,"min":-3.29421758652,"var":10.8822240829},"melbands_spread":{"dmean":4.35481023788,"dmean2":6.63768053055,"dvar":99.4472351074,"dvar2":217.234741211,"max":213.999435425,"mean":10.1833820343,"median":3.0830514431,"min":0.174886569381,"var":360.551727295},"mfcc":{"cov":[[17379.5,-1389.11657715,-1967.68249512,-1392.76782227,-967.72467041,-77.2473068237,212.266036987,268.079223633,289.347442627,23.1065559387,-123.580833435,-434.768859863,-324.255493164],[-1389.11657715,2493.76879883,583.267028809,519.820068359,307.762969971,236.685668945,159.30267334,60.376335144,110.485282898,54.5444374084,68.3711242676,62.0717658997,58.6110229492],[-1967.68249512,583.267028809,1923.21582031,505.066192627,412.677764893,121.593223572,160.109558105,17.2414226532,16.7702293396,121.445533752,123.282463074,61.7792549133,20.0864200592],[-1392.76782227,519.820068359,505.066192627,786.898742676,332.777496338,244.168685913,120.03212738,94.6048049927,72.8177185059,104.438743591,52.8204879761,114.72505188,86.8580245972],[-967.72467041,307.762969971,412.677764893,332.777496338,504.968078613,111.480392456,93.7812042236,93.9345932007,39.1461906433,53.3576850891,43.9236602783,91.3291625977,88.1430358887],[-77.2473068237,236.685668945,121.593223572,244.168685913,111.480392456,344.673492432,169.719573975,102.828269958,53.0899620056,67.9077224731,67.3578643799,52.3680496216,28.4383563995],[212.266036987,159.30267334,160.109558105,120.03212738,93.7812042236,169.719573975,229.857116699,122.283912659,52.1401405334,52.2078094482,53.8436813354,27.5725784302,18.3052978516],[268.079223633,60.376335144,17.2414226532,94.6048049927,93.9345932007,102.828269958,122.283912659,169.322769165,70.6639251709,44.2070922852,33.2579612732,22.5637874603,19.2097072601],[289.347442627,110.485282898,16.7702293396,72.8177185059,39.1461906433,53.0899620056,52.1401405334,70.6639251709,138.760513306,42.7284088135,12.4220600128,6.67880582809,6.55972385406],[23.1065559387,54.5444374084,121.445533752,104.438743591,53.3576850891,67.9077224731,52.2078094482,44.2070922852,42.7284088135,119.31942749,36.5739059448,16.1843147278,-0.414886534214],[-123.580833435,68.3711242676,123.282463074,52.8204879761,43.9236602783,67.3578643799,53.8436813354,33.2579612732,12.4220600128,36.5739059448,89.1075668335,29.9960956573,8.71833896637],[-434.768859863,62.0717658997,61.7792549133,114.72505188,91.3291625977,52.3680496216,27.5725784302,22.5637874603,6.67880582809,16.1843147278,29.9960956573,83.9393081665,49.1856651306],[-324.255493164,58.6110229492,20.0864200592,86.8580245972,88.1430358887,28.4383563995,18.3052978516,19.2097072601,6.55972385406,-0.414886534214,8.71833896637,49.1856651306,79.9139938354]],"icov":[[0.0000914292395464,0.0000229038359976,0.0000573379293201,0.000103563856101,0.0000494214691571,-0.0000213991024793,-0.000142185541335,-0.000087483349489,-0.000173811102286,-0.0000781210619607,0.0000352062888851,0.000275366008282,0.0000744471253711],[0.0000229038359976,0.000509784149472,-0.0000389340493712,-0.000214085404878,-0.00011374681344,-0.000125545178889,-0.000218936678721,0.00029861179064,-0.000401597091695,0.000245225790422,-0.000154636378284,0.000316196848871,-0.0000334800424753],[0.0000573379293201,-0.0000389340493712,0.000885379209649,-0.000365069688996,-0.000537564861588,0.00041549600428,-0.000781589536928,0.000748014019337,0.0000215310083149,-0.00031876025605,-0.000877235550433,0.000560091459192,0.000627299246844],[0.000103563856101,-0.000214085404878,-0.000365069688996,0.00283610657789,-0.000573566649109,-0.00138783012517,0.000562626053579,-0.000392473273678,-0.000483333482407,-0.00113573530689,0.00132365862373,-0.00137424760032,-0.000586386420764],[0.0000494214691571,-0.00011374681344,-0.000537564861588,-0.000573566649109,0.00375893432647,0.000171540203155,0.000142781893373,-0.00168171490077,0.000205182222999,-0.00018752089818,0.000444529723609,-0.00115054193884,-0.00215120171197],[-0.0000213991024793,-0.000125545178889,0.00041549600428,-0.00138783012517,0.000171540203155,0.00591744715348,-0.00334038655274,0.0000368951768905,0.0000765797594795,-0.000499700545333,-0.00182965083513,-0.000797462300397,0.000552080513444],[-0.000142185541335,-0.000218936678721,-0.000781589536928,0.000562626053579,0.000142781893373,-0.00334038655274,0.0103580346331,-0.00534391961992,0.000517488049809,-0.000163845295901,-0.00103004928678,0.0000515663377882,-0.000850940414239],[-0.000087483349489,0.00029861179064,0.000748014019337,-0.000392473273678,-0.00168171490077,0.0000368951768905,-0.00534391961992,0.012744420208,-0.00369766401127,-0.000530191115104,-0.00125681329519,0.000363465485862,-0.000118890013255],[-0.000173811102286,-0.000401597091695,0.0000215310083149,-0.000483333482407,0.000205182222999,0.0000765797594795,0.000517488049809,-0.00369766401127,0.010413124226,-0.00235462118872,0.000712420558557,0.00023784993391,-0.000465140590677],[-0.0000781210619607,0.000245225790422,-0.00031876025605,-0.00113573530689,-0.00018752089818,-0.000499700545333,-0.000163845295901,-0.000530191115104,-0.00235462118872,0.0121065601707,-0.00313345715404,-0.000415631773649,0.00222113681957],[0.0000352062888851,-0.000154636378284,-0.000877235550433,0.00132365862373,0.000444529723609,-0.00182965083513,-0.00103004928678,-0.00125681329519,0.000712420558557,-0.00313345715404,0.0171251948923,-0.00596287241206,0.00146393757313],[0.000275366008282,0.000316196848871,0.000560091459192,-0.00137424760032,-0.00115054193884,-0.000797462300397,0.0000515663377882,0.000363465485862,0.00023784993391,-0.000415631773649,-0.00596287241206,0.024817219004,-0.010953807272],[0.0000744471253711,-0.0000334800424753,0.000627299246844,-0.000586386420764,-0.00215120171197,0.000552080513444,-0.000850940414239,-0.000118890013255,-0.000465140590677,0.00222113681957,0.00146393757313,-0.010953807272,0.022351378575]],"mean":[-751.460205078,150.781417847,40.1370315552,40.7276802063,14.4142045975,18.365644455,7.69507980347,1.40499186516,5.93421030045,0.682935595512,4.46816253662,1.42658424377,2.89090108871]},"pitch_salience":{"dmean":0.0723849907517,"dmean2":0.117317184806,"dvar":0.00640810886398,"dvar2":0.0165215618908,"max":0.993660032749,"mean":0.45152553916,"median":0.473397582769,"min":0.0644857212901,"var":0.0375497452915},"silence_rate_20dB":{"dmean":0.00439882697538,"dmean2":0.0087984604761,"dvar":0.0043794773519,"dvar2":0.0116538675502,"max":1,"mean":0.995143413544,"median":1,"min":0,"var":0.00483300676569},"silence_rate_30dB":{"dmean":0.0815615803003,"dmean2":0.163138121367,"dvar":0.0749092921615,"dvar2":0.160536542535,"max":1,"mean":0.666177928448,"median":1,"min":0,"var":0.222384884953},"silence_rate_60dB":{"dmean":0.0313416421413,"dmean2":0.0625973790884,"dvar":0.0303593445569,"dvar2":0.0628948733211,"max":1,"mean":0.166498675942,"median":0,"min":0,"var":0.138776868582},"spectral_centroid":{"dmean":203.779434204,"dmean2":291.813476562,"dvar":125571.398438,"dvar2":245350.25,"max":11589.7011719,"mean":701.37310791,"median":390.817474365,"min":83.103302002,"var":621467.875},"spectral_complexity":{"dmean":3.38709688187,"dmean2":5.05242395401,"dvar":38.6298484802,"dvar2":77.6636428833,"max":59,"mean":9.83423423767,"median":6,"min":0,"var":98.0286941528},"spectral_contrast_coeffs":{"dmean":[0.0468917787075,0.0497074685991,0.0360807180405,0.0269964449108,0.0205976460129,0.0189349185675],"dmean2":[0.0771765559912,0.0831753760576,0.0604817941785,0.0450973361731,0.0335250645876,0.0299836862832],"dvar":[0.00178644643165,0.00152531638741,0.000884810520802,0.000545283255633,0.000372450274881,0.000380217970815],"dvar2":[0.00471370154992,0.00420629885048,0.00232738046907,0.00146845937707,0.00091392477043,0.000899303238839],"max":[-0.297794222832,-0.450650304556,-0.533168494701,-0.61844432354,-0.529878079891,-0.554949104786],"mean":[-0.667314231396,-0.74355083704,-0.819088876247,-0.834945261478,-0.840982973576,-0.775166392326],"median":[-0.669934272766,-0.748420953751,-0.828922212124,-0.83972543478,-0.844828605652,-0.777495980263],"min":[-0.973331868649,-0.993927299976,-0.994298517704,-0.986617803574,-0.985185861588,-0.961528360844],"var":[0.00640843482688,0.00492992578074,0.00383950863034,0.0021458491683,0.0017984675942,0.0032123294659]},"spectral_contrast_valleys":{"dmean":[0.364974141121,0.425802916288,0.452132314444,0.445935547352,0.419553995132,0.420847505331],"dmean2":[0.590475559235,0.689334154129,0.678318440914,0.622789800167,0.550115048885,0.539995193481],"dvar":[0.143703222275,0.17997418344,0.284325093031,0.34010013938,0.338670760393,0.352546572685],"dvar2":[0.329456537962,0.403109401464,0.535648226738,0.591186583042,0.568633317947,0.627381026745],"max":[-4.77794694901,-4.60107278824,-4.94822835922,-5.24447917938,-5.48144006729,-7.00898790359],"mean":[-6.92506551743,-7.4338889122,-8.33578395844,-8.85687732697,-8.91874408722,-11.4696416855],"median":[-6.33486938477,-7.20370054245,-8.07356357574,-8.56692123413,-8.60764980316,-11.320681572],"min":[-27.4775657654,-27.9097118378,-27.3501911163,-27.7196159363,-27.4475727081,-27.3759479523],"var":[3.36069655418,2.72370505333,3.62357783318,3.6929898262,3.60751414299,3.76006674767]},"spectral_decrease":{"dmean":4.80249617851e-9,"dmean2":7.05975766735e-9,"dvar":6.77890460029e-17,"dvar2":1.45838757961e-16,"max":3.43732873965e-22,"mean":-2.06229362476e-8,"median":-1.72556813283e-8,"min":-1.16844915965e-7,"var":3.99936055757e-16},"spectral_energy":{"dmean":0.0186451729387,"dmean2":0.0275861825794,"dvar":0.00101873627864,"dvar2":0.00222423486412,"max":0.443485915661,"mean":0.0793483629823,"median":0.067434206605,"min":1.0336008687e-20,"var":0.00580244790763},"spectral_energyband_high":{"dmean":0.000638269877527,"dmean2":0.00102248298936,"dvar":0.00000589763703829,"dvar2":0.0000148678873302,"max":0.0603630132973,"mean":0.000796464271843,"median":0.0000419665047957,"min":7.46057539696e-21,"var":0.00000866311984282},"spectral_energyband_low":{"dmean":0.0160831585526,"dmean2":0.022639343515,"dvar":0.000849450821988,"dvar2":0.00172649952583,"max":0.44113150239,"mean":0.069004163146,"median":0.0498992018402,"min":2.62640714989e-23,"var":0.00563056441024},"spectral_energyband_middle_high":{"dmean":0.00150852603838,"dmean2":0.00249293656088,"dvar":0.0000259509524767,"dvar2":0.000069069545134,"max":0.0710257440805,"mean":0.00186366331764,"median":0.000308814662276,"min":1.23764637331e-21,"var":0.000025005563657},"spectral_energyband_middle_low":{"dmean":0.00451259035617,"dmean2":0.00763150956482,"dvar":0.0000862152664922,"dvar2":0.000234114006162,"max":0.137553736567,"mean":0.00977401807904,"median":0.00304766860791,"min":1.86750033454e-22,"var":0.00020957068773},"spectral_entropy":{"dmean":0.285471349955,"dmean2":0.392199069262,"dvar":0.13654153049,"dvar2":0.226133495569,"max":9.81682682037,"mean":6.84735584259,"median":7.07844257355,"min":3.59950947762,"var":1.18999409676},"spectral_flux":{"dmean":0.0309506207705,"dmean2":0.0480636022985,"dvar":0.00220291037112,"dvar2":0.00478135608137,"max":0.532069921494,"mean":0.0799328833818,"median":0.0607671551406,"min":6.65460117566e-11,"var":0.00465965690091},"spectral_kurtosis":{"dmean":8.42505931854,"dmean2":12.7729654312,"dvar":604.856323242,"dvar2":1418.21008301,"max":805.152770996,"mean":21.6432800293,"median":5.09998178482,"min":-1.24672949314,"var":2951.55639648},"spectral_rms":{"dmean":0.00107178010512,"dmean2":0.00156807142776,"dvar":0.00000274724834526,"dvar2":0.00000568076893614,"max":0.0208007022738,"mean":0.00746381515637,"median":0.00811107084155,"min":3.17551735775e-12,"var":0.0000217044998863},"spectral_rolloff":{"dmean":342.307281494,"dmean2":538.448486328,"dvar":1056659.875,"dvar2":2197628.25,"max":20435.0097656,"mean":838.745178223,"median":193.798828125,"min":43.06640625,"var":4343340.5},"spectral_skewness":{"dmean":0.556888401508,"dmean2":0.80801486969,"dvar":0.902351975441,"dvar2":1.60792827606,"max":23.8297710419,"mean":2.81757974625,"median":1.91461074352,"min":-0.414435267448,"var":7.83692073822},"spectral_spread":{"dmean":699129.3125,"dmean2":1028564.3125,"dvar":932059873280,"dvar2":1962590863360,"max":43722832,"mean":4520166,"median":3876746.5,"min":149600.765625,"var":7063087874050},"spectral_strongpeak":{"dmean":0.191266596317,"dmean2":0.331712156534,"dvar":0.0766043663025,"dvar2":0.199055865407,"max":4.03146982193,"mean":0.473599344492,"median":0.368441581726,"min":0,"var":0.136072143912},"zerocrossingrate":{"dmean":0.00929036550224,"dmean2":0.010897250846,"dvar":0.000218703542487,"dvar2":0.000263360911049,"max":0.529296875,"mean":0.0385496541858,"median":0.01806640625,"min":0.001953125,"var":0.00333305145614}},"metadata":{"audio_properties":{"analysis_sample_rate":44100,"bit_rate":0,"codec":"flac","downmix":"mix","equal_loudness":0,"length":253.36000061,"lossless":true,"md5_encoded":"a0f300de7b6b4a487e6ccd76ba6fbc15","replay_gain":-9.889585495},"tags":{"album":["The Fragile"],"album artist":["Nine Inch Nails"],"albumartist":["Nine Inch Nails"],"artist":["Nine Inch Nails"],"date":["1999-09-20"],"discnumber":["2"],"discsubtitle":["Right"],"disctotal":["2"],"file_name":"2-08. I'm Looking Forward to Joining You, Finally.flac","genre":["Industrial"],"musicbrainz_albumartistid":["b7ffd2af-418f-4be2-bdd1-22f8b48613da"],"musicbrainz_albumid":["c162e9d3-b9f8-38ab-972e-c900dae920e5"],"musicbrainz_artistid":["b7ffd2af-418f-4be2-bdd1-22f8b48613da"],"musicbrainz_recordingid":["be16d321-c36c-4ca0-805b-1dd0f3fcd86a"],"musicbrainz_releasegroupid":["fc4d7589-a6b9-35ca-a6b6-8c8e70c3baaa"],"title":["I’m Looking Forward to Joining You, Finally"],"totaldiscs":["2"],"totaltracks":["11"],"tracknumber":["8"],"tracktotal":["11"]},"version":{"essentia":"2.1-beta1","essentia_build_sha":"dbf9221a02c8614ba002a04270c5f9c8cf066e4e","essentia_git_sha":"v2.1_beta1-6-g5578087","extractor":"music 1.0"}},"rhythm":{"beats_count":698,"beats_loudness":{"dmean":0.0632861405611,"dmean2":0.109399922192,"dvar":0.00479138689116,"dvar2":0.0128230713308,"max":0.420005708933,"mean":0.0964641869068,"median":0.0872894078493,"min":1.29359641488e-12,"var":0.00636778678745},"beats_loudness_band_ratio":{"dmean":[0.242642894387,0.121862545609,0.0544264353812,0.0503159873188,0.0393998511136,0.0585188753903],"dmean2":[0.451857507229,0.229445904493,0.0998359248042,0.0906091481447,0.0720154196024,0.110524043441],"dvar":[0.0731123611331,0.0254005696625,0.00445478642359,0.00626680534333,0.00301505578682,0.00766775012016],"dvar2":[0.178355693817,0.0740200430155,0.0112521592528,0