{"lowlevel":{"average_loudness":0.890320539474,"barkbands":{"dmean":[3.31251385433e-7,0.000132980203489,0.000371306610759,0.000643743260298,0.0011605261825,0.000633069721516,0.000746737874579,0.000657185853925,0.00109575560782,0.000964474864304,0.000416914263042,0.00038666286855,0.000404759775847,0.000346884276951,0.000422981538577,0.000411770277424,0.000267456489382,0.000277199433185,0.00016569152649,0.000167894701008,0.0001451317803,0.0000609824128333,0.0000172233394551,0.00000677670595906,0.00000197743179342,1.44463953689e-7,1.40173934682e-8],"dmean2":[5.47146498775e-7,0.000229589946684,0.000609610287938,0.00107704626862,0.00197099545039,0.00094864674611,0.00112098304089,0.0010171874892,0.00170267105568,0.00145837012678,0.000681505072862,0.000632708426565,0.000667169690132,0.000572088407353,0.000692072848324,0.000678764190525,0.000445838173619,0.000456698617199,0.000259518419625,0.000261104898527,0.000231491532759,0.0000908302899916,0.0000251138098974,0.00000949462264543,0.00000283694271275,2.22258478288e-7,2.25398189002e-8],"dvar":[2.55931777507e-13,3.05313641036e-8,5.61984052183e-7,0.00000123435700061,0.00000376126331503,0.00000161674961419,0.00000280126437247,0.0000033881985928,0.00000572679755351,0.00000457404530607,0.00000161929506248,0.00000121529046737,9.85914653029e-7,7.62059300996e-7,9.60032593866e-7,0.00000131227932343,4.98204997257e-7,3.25987770111e-7,6.69097843797e-8,6.98803788168e-8,1.38081148293e-7,3.04506215798e-8,2.07639549998e-9,4.75569805758e-10,5.19155343714e-11,2.70913987858e-13,3.90625813708e-16],"dvar2":[6.54229600182e-13,9.11669246761e-8,0.00000148097763031,0.00000342452472069,0.0000102034373413,0.00000356663554157,0.00000627014287602,0.00000783403356763,0.0000139975318234,0.0000105207427623,0.00000423759775003,0.00000324924417328,0.00000270025338978,0.00000202756746148,0.00000261101376964,0.00000368683913621,0.0000014603008367,9.17736485917e-7,1.54119973672e-7,1.70775692254e-7,3.52841311724e-7,6.99573021734e-8,4.48627135441e-9,1.03221897696e-9,1.18981227648e-10,6.48391334113e-13,9.27766410314e-16],"max":[0.00000724631127014,0.00215337472036,0.017364166677,0.0226069428027,0.0236674062908,0.0346088856459,0.0421351715922,0.0438000001013,0.0502693839371,0.0321056060493,0.0334571823478,0.0308016259223,0.022954698652,0.0188655294478,0.0201240014285,0.0250801742077,0.0133960973471,0.0140486173332,0.00511840777472,0.00586171727628,0.00788096059114,0.00393667863682,0.00158855563495,0.00085399922682,0.00030163381598,0.0000141598284245,4.0416983893e-7],"mean":[6.79204390508e-7,0.000222519069212,0.000736614165362,0.000900443352293,0.00164725724608,0.00125704403035,0.00143824308179,0.00103775144089,0.00185287499335,0.00167365558445,0.0006715504569,0.000603620894253,0.000655580719467,0.000578716571908,0.000753675063606,0.000835206825286,0.000501811213326,0.000568919058423,0.000387920532376,0.000410652690334,0.000270510092378,0.0000899684455362,0.0000273958867183,0.000011305019143,0.00000289755143967,2.51464655321e-7,8.49396641911e-8],"median":[2.02591266429e-7,0.000145422673086,0.000291113945423,0.000427060731454,0.000941164034884,0.000512547383551,0.000398724689148,0.00014847201237,0.000384857761674,0.000268640229478,0.000133314126288,0.000110523942567,0.000183777578059,0.000115092479973,0.000196722729015,0.000105327715573,0.000143474942888,0.000238563414314,0.000226050018682,0.000232461316045,0.000125624108477,0.0000286989416054,0.00000997476581688,0.0000045428237172,8.80066522768e-7,1.19339659932e-7,8.12919722648e-8],"min":[2.28685624176e-25,2.93873761376e-24,3.36641263707e-25,1.97783837246e-24,4.4544529849e-24,6.71434147427e-24,7.5002299516e-24,9.3304621935e-24,1.73242895133e-23,1.10848391485e-23,2.47102537516e-23,3.00222600716e-23,3.15209885065e-23,2.69737071034e-23,4.53347223515e-23,5.1832863084e-23,6.02500278754e-23,7.9675696112e-23,1.07598469149e-22,1.47435629318e-22,2.61481263008e-22,3.08517845477e-22,3.03029620252e-22,4.45046494593e-22,8.67181742195e-22,1.35053229312e-21,1.90806373899e-21],"var":[1.0398651341e-12,5.97864868723e-8,0.00000149501909164,0.00000168414419477,0.00000456758925793,0.00000574413661525,0.000011000161976,0.00000804593491921,0.0000128327428683,0.0000120733639051,0.00000360236731467,0.00000217325032281,0.00000179250412202,0.0000016597434751,0.00000221234336095,0.00000411622113461,9.56831968324e-7,8.31772865695e-7,2.30215775332e-7,2.44392651894e-7,2.04430008921e-7,3.88454068911e-8,3.14756909425e-9,6.71475097747e-10,6.4688310264e-11,3.05969578016e-13,9.80002508655e-16]},"barkbands_crest":{"dmean":2.62514781952,"dmean2":4.30998039246,"dvar":5.73355960846,"dvar2":14.9124069214,"max":25.6013469696,"mean":9.48996543884,"median":8.58773040771,"min":2.66325497627,"var":16.4452266693},"barkbands_flatness_db":{"dmean":0.0176078472286,"dmean2":0.0267759747803,"dvar":0.00026527888258,"dvar2":0.000577546248678,"max":0.381418228149,"mean":0.155786648393,"median":0.151047632098,"min":0.0229123290628,"var":0.00211072945967},"barkbands_kurtosis":{"dmean":1.77890610695,"dmean2":2.85465192795,"dvar":22.3395042419,"dvar2":51.2393493652,"max":216.705688477,"mean":2.21500587463,"median":0.333205461502,"min":-1.86539888382,"var":52.6835823059},"barkbands_skewness":{"dmean":0.450953632593,"dmean2":0.703207731247,"dvar":0.226294472814,"dvar2":0.51772248745,"max":13.7281122208,"mean":0.927502930164,"median":0.781709492207,"min":-2.54507756233,"var":1.38093733788},"barkbands_spread":{"dmean":4.53371286392,"dmean2":7.06411838531,"dvar":26.3066387177,"dvar2":57.4071960449,"max":116.336654663,"mean":21.3887653351,"median":19.5823936462,"min":0.587882816792,"var":156.221878052},"dissonance":{"dmean":0.0175977405161,"dmean2":0.0296918991953,"dvar":0.000362708087778,"dvar2":0.00100135593675,"max":0.5,"mean":0.462214291096,"median":0.471579104662,"min":0.212042286992,"var":0.00115506839938},"dynamic_complexity":3.69082546234,"erbbands":{"dmean":[0.00151147751603,0.0398163236678,0.314799517393,1.3433945179,3.48377013206,3.83769083023,3.67340660095,5.397585392,11.5582494736,8.62034034729,17.4630336761,22.9670543671,24.1635913849,28.0544528961,15.3624515533,14.8281345367,15.0236129761,15.1460666656,23.2132434845,18.2192020416,20.6110439301,14.6652355194,12.6450166702,10.9063262939,8.38639068604,7.50216054916,4.90322732925,6.23576307297,2.68611264229,1.07329308987,0.415189892054,0.19270670414,0.0804927796125,0.0298558976501,0.0110041080043,0.00148928014096,0.000151784392074,0.0000188112589967,0.00000449070466857,0.00000538827134733],"dmean2":[0.00256589823402,0.0683219134808,0.519363224506,2.23660445213,6.00353145599,6.47961521149,5.60587882996,8.20147228241,17.2099666595,13.4347229004,26.8871803284,35.3853797913,37.8136405945,42.6130485535,24.6881103516,24.4643783569,24.5339756012,24.8633098602,37.7841377258,29.4794464111,33.8327445984,24.4154109955,20.6252422333,17.5036048889,13.0613679886,11.5961942673,7.5593996048,10.1446170807,4.09649562836,1.53865230083,0.592274725437,0.273010104895,0.113262280822,0.0426027923822,0.0160037539899,0.0022235319484,0.000230243545957,0.0000291726610158,0.00000679402728565,0.0000081272864918],"dvar":[0.00000417773071604,0.00285326782614,0.327107131481,6.31509113312,28.8991184235,57.4835586548,57.2436408997,126.575675964,750.938476562,372.894287109,1956.25720215,3005.7722168,3274.74243164,4613.68945312,1522.75695801,1941.23571777,1236.34216309,1462.01477051,3899.61376953,1878.80786133,4296.70947266,1591.9375,566.096191406,444.345825195,188.448974609,136.136352539,59.1716423035,380.145050049,57.9330177307,7.16449689865,1.27926850319,0.373115688562,0.0754905343056,0.0120831076056,0.00154284061864,0.0000274737521977,2.10520241239e-7,1.4657746128e-9,3.38595644578e-11,3.25173117599e-11],"dvar2":[0.000011787645235,0.0083682090044,0.875040352345,17.1735115051,81.2004318237,149.966934204,134.523544312,284.483734131,1707.10266113,908.008544922,4436.32177734,7362.53320312,8043.24511719,10466.6875,3857.16723633,5268.57226562,3297.80053711,4069.86425781,10457.1035156,5145.91455078,12231.2080078,4697.47558594,1525.04528809,1222.58410645,433.853637695,328.203796387,143.547012329,980.496826172,134.218704224,15.1030130386,2.69913029671,0.805741965771,0.16591347754,0.0275825820863,0.00358788832091,0.0000635699616396,4.90093668759e-7,3.28352123269e-9,7.40466646332e-11,7.30253427172e-11],"max":[0.0266428012401,0.854761898518,10.9127502441,50.9461631775,67.556427002,118.163040161,177.924560547,324.151672363,759.421203613,484.685150146,1153.10327148,1444.17016602,1026.78442383,1245.59265137,1349.65063477,1298.42785645,868.051147461,807.936706543,1631.22680664,993.015319824,1313.34594727,751.448913574,657.414794922,546.127624512,325.232208252,226.690414429,133.758270264,433.254974365,106.656791687,64.741859436,40.1451873779,25.3090419769,12.1888036728,4.96654844284,1.48615217209,0.170002296567,0.014490022324,0.00123277469538,0.000115823007945,0.0000728264421923],"mean":[0.00290495273657,0.0736279264092,0.693495690823,2.14666414261,4.8749423027,5.05963945389,6.62506580353,10.9501438141,23.8867340088,14.9545755386,29.4676647186,39.8186416626,41.966545105,50.8511352539,28.1800937653,25.0911922455,26.7999534607,27.7855949402,42.6709823608,36.7386283875,44.9868202209,31.27110672,29.3470611572,25.1482620239,20.1985206604,18.5789756775,12.5618066788,9.65827465057,4.02099132538,1.70169663429,0.68558371067,0.326120436192,0.130671858788,0.0452047809958,0.0152332885191,0.00227032136172,0.000326454523019,0.0000682523459545,0.0000233777354879,0.0000226715637837],"median":[0.0021038854029,0.0456376299262,0.295075714588,1.1183103323,2.72262573242,2.68236064911,2.86858987808,4.70954990387,6.74814748764,4.88539075851,6.46864414215,9.93706703186,9.93045043945,9.71853160858,7.27038288116,6.11270332336,8.94451618195,6.49236869812,11.1637220383,8.97855758667,6.63262367249,8.74985790253,14.0029811859,11.5968523026,13.0025291443,11.1278486252,6.45963001251,3.56671071053,1.20651197433,0.572270095348,0.270279884338,0.137197241187,0.0480363555253,0.0147615997121,0.00410812813789,0.000802946742624,0.000201742048375,0.0000583136206842,0.0000224184404942,0.0000219875309995],"min":[4.23051115113e-23,5.98732401391e-22,6.47334260602e-22,5.7891935575e-21,7.90510662023e-21,1.88152909356e-20,4.08108328326e-20,4.47862822435e-20,5.85651240765e-20,1.60451997428e-19,2.12601082159e-19,3.73801703891e-19,5.2944439569e-19,7.4746697468e-19,8.62019340303e-19,1.35330708341e-18,1.5937503929e-18,1.98498552274e-18,1.84668051073e-18,2.74150195672e-18,3.72864689203e-18,3.83847290273e-18,3.96562338418e-18,6.73625450617e-18,6.67871582276e-18,7.12478123988e-18,9.00884473083e-18,1.12632154753e-17,1.1146889893e-17,9.91168755401e-18,1.03466571704e-17,9.50938164565e-18,8.55877162364e-18,7.9524796675e-18,5.36746580702e-18,4.04108665787e-18,2.22425764788e-18,8.96746708864e-19,2.53531814175e-19,2.451095775e-20],"var":[0.00000796656422608,0.00731354346499,1.14219248295,9.45157051086,37.9063987732,64.1334686279,148.329147339,426.634552002,3190.44189453,882.729736328,4682.65576172,6418.14794922,7591.85644531,12743.6826172,3702.36450195,3487.48974609,2555.79418945,3364.32592773,9539.47460938,5432.04101562,14273.4912109,3912.14868164,1801.11254883,1270.69665527,567.497497559,468.48248291,228.127960205,456.758605957,77.2907943726,11.5967273712,1.9543646574,0.532363057137,0.103211961687,0.0154606588185,0.00179069698788,0.0000329351423716,2.67042423729e-7,2.39044228856e-9,1.36330988165e-10,2.0787208066e-10]},"erbbands_crest":{"dmean":2.82445764542,"dmean2":4.57785320282,"dvar":7.74657011032,"dvar2":19.0198478699,"max":33.5066604614,"mean":10.2749137878,"median":8.93836402893,"min":2.02729511261,"var":29.2460956573},"erbbands_flatness_db":{"dmean":0.0162993595004,"dmean2":0.0234244149178,"dvar":0.000271951837931,"dvar2":0.000491831218824,"max":0.406110852957,"mean":0.211286485195,"median":0.213660567999,"min":0.0259555056691,"var":0.00329328863882},"erbbands_kurtosis":{"dmean":1.10998904705,"dmean2":1.76734554768,"dvar":4.26894664764,"dvar2":9.80212879181,"max":55.985458374,"mean":0.798817694187,"median":-0.13748049736,"min":-1.84690725803,"var":11.0750083923},"erbbands_skewness":{"dmean":0.374300807714,"dmean2":0.588253080845,"dvar":0.13644438982,"dvar2":0.324720680714,"max":7.08642530441,"mean":0.156898036599,"median":0.164778754115,"min":-2.93937635422,"var":0.893040120602},"erbbands_spread":{"dmean":6.67273521423,"dmean2":10.2631130219,"dvar":51.6599845886,"dvar2":111.173278809,"max":138.554763794,"mean":33.1454048157,"median":28.8260631561,"min":1.82464396954,"var":341.223999023},"gfcc":{"cov":[[24515.3847656,2468.27050781,-4382.33349609,1139.74511719,-1431.45239258,-128.58694458,-401.087982178,-256.828918457,-381.787200928,-433.077880859,-338.010314941,-542.846862793,46.0301361084],[2468.27050781,861.685180664,-384.15725708,-158.420043945,-25.854845047,-99.9409103394,82.3999099731,-30.2529144287,-33.4337844849,-50.1731643677,36.709148407,-78.0645599365,-34.4933624268],[-4382.33349609,-384.15725708,1608.7064209,123.056564331,91.5275497437,240.081604004,-72.5070114136,9.83121776581,64.9715957642,100.65259552,25.9874687195,162.872116089,-66.1231689453],[1139.74511719,-158.420043945,123.056564331,629.323059082,-80.2426147461,81.7655792236,-190.017852783,-51.9937477112,24.8967456818,-33.0081253052,-88.8967132568,28.8337268829,30.3083705902],[-1431.45239258,-25.854845047,91.5275497437,-80.2426147461,340.348297119,-23.4503326416,70.0975723267,30.9750614166,21.025718689,5.83226251602,17.173210144,18.4264698029,26.6185951233],[-128.58694458,-99.9409103394,240.081604004,81.7655792236,-23.4503326416,395.441955566,102.266532898,-49.8593940735,-90.1107330322,-10.9530286789,-20.6580677032,-13.3086442947,-28.0736637115],[-401.087982178,82.3999099731,-72.5070114136,-190.017852783,70.0975723267,102.266532898,287.079284668,31.2173557281,-57.9337158203,-6.1504368782,26.5166988373,-40.9436302185,-12.1241922379],[-256.828918457,-30.2529144287,9.83121776581,-51.9937477112,30.9750614166,-49.8593940735,31.2173557281,111.22089386,56.9350509644,4.50107717514,-1.97004699707,-1.46857833862,7.12672567368],[-381.787200928,-33.4337844849,64.9715957642,24.8967456818,21.025718689,-90.1107330322,-57.9337158203,56.9350509644,150.024719238,41.9196434021,-6.71993255615,8.958776474,4.28049230576],[-433.077880859,-50.1731643677,100.65259552,-33.0081253052,5.83226251602,-10.9530286789,-6.1504368782,4.50107717514,41.9196434021,101.652114868,45.9667015076,5.48569154739,-29.7293376923],[-338.010314941,36.709148407,25.9874687195,-88.8967132568,17.173210144,-20.6580677032,26.5166988373,-1.97004699707,-6.71993255615,45.9667015076,109.887451172,30.6530075073,-24.6150169373],[-542.846862793,-78.0645599365,162.872116089,28.8337268829,18.4264698029,-13.3086442947,-40.9436302185,-1.46857833862,8.958776474,5.48569154739,30.6530075073,107.11781311,27.7873954773],[46.0301361084,-34.4933624268,-66.1231689453,30.3083705902,26.6185951233,-28.0736637115,-12.1241922379,7.12672567368,4.28049230576,-29.7293376923,-24.6150169373,27.7873954773,89.1420135498]],"icov":[[0.000960381352343,-0.00253696553409,0.00243091862649,-0.00194663007278,0.00231958902441,-0.00151419034228,0.00178098480683,-0.00244295527227,0.00214816513471,-0.00181635818444,0.00167590286583,-0.000720938318409,0.00023407068511],[-0.00253696553409,0.00830517709255,-0.00626989547163,0.00530307274312,-0.00600904738531,0.00446436647326,-0.00515572074801,0.00742506608367,-0.006217549555,0.0062760040164,-0.0054273949936,0.00277184066363,0.00000419135130869],[0.00243091862649,-0.00626989547163,0.00727936020121,-0.00487741129473,0.00549779832363,-0.00466040987521,0.00480894139037,-0.00645183166489,0.00505790952593,-0.00529983080924,0.00494509888813,-0.00386521103792,0.00199702708051],[-0.00194663007278,0.00530307274312,-0.00487741129473,0.00649865344167,-0.00453004660085,0.00213287398219,-0.00206300918944,0.00566212041304,-0.00506536476314,0.00415960559621,-0.00214504008181,0.00102123676334,-0.000759302987717],[0.00231958902441,-0.00600904738531,0.00549779832363,-0.00453004660085,0.00911358930171,-0.00316726462916,0.00314360531047,-0.00580817274749,0.00458302535117,-0.00405995361507,0.00352169503458,-0.00156745570712,-0.000844596361276],[-0.00151419034228,0.00446436647326,-0.00466040987521,0.00213287398219,-0.00316726462916,0.00710445502773,-0.005271862261,0.00534682301804,-0.00159509014338,0.00296416273341,-0.00198230170645,0.00206427671947,0.000240215333179],[0.00178098480683,-0.00515572074801,0.00480894139037,-0.00206300918944,0.00314360531047,-0.005271862261,0.0102083040401,-0.00764489499852,0.0059952698648,-0.00369063019753,0.00208367803134,0.000275516620604,-0.00027467837208],[-0.00244295527227,0.00742506608367,-0.00645183166489,0.00566212041304,-0.00580817274749,0.00534682301804,-0.00764489499852,0.0205164756626,-0.0118747940287,0.00761653715745,-0.00451496290043,0.00242382916622,-0.000730031868443],[0.00214816513471,-0.006217549555,0.00505790952593,-0.00506536476314,0.00458302535117,-0.00159509014338,0.0059952698648,-0.0118747940287,0.0179403182119,-0.0104619553313,0.00661171320826,-0.00164499890525,-0.000159260831424],[-0.00181635818444,0.0062760040164,-0.00529983080924,0.00415960559621,-0.00405995361507,0.00296416273341,-0.00369063019753,0.00761653715745,-0.0104619553313,0.0216175597161,-0.0112707745284,0.00447478191927,0.0022606481798],[0.00167590286583,-0.0054273949936,0.00494509888813,-0.00214504008181,0.00352169503458,-0.00198230170645,0.00208367803134,-0.00451496290043,0.00661171320826,-0.0112707745284,0.0206113308668,-0.00970281567425,0.00504009379074],[-0.000720938318409,0.00277184066363,-0.00386521103792,0.00102123676334,-0.00156745570712,0.00206427671947,0.000275516620604,0.00242382916622,-0.00164499890525,0.00447478191927,-0.00970281567425,0.0186595879495,-0.00773213338107],[0.00023407068511,0.00000419135130869,0.00199702708051,-0.000759302987717,-0.000844596361276,0.000240215333179,-0.00027467837208,-0.000730031868443,-0.000159260831424,0.0022606481798,0.00504009379074,-0.00773213338107,0.0177507605404]],"mean":[-64.3862609863,111.416389465,-159.644714355,36.8750724792,-63.5916938782,-10.4161014557,-26.7149677277,-7.33665895462,-21.1570339203,-10.0492973328,-12.8483171463,-12.6655349731,-6.38460254669]},"hfc":{"dmean":4.70240688324,"dmean2":6.98296451569,"dvar":34.0049133301,"dvar2":76.102104187,"max":101.226142883,"mean":19.3782272339,"median":16.3275966644,"min":1.08825833534e-16,"var":254.13319397},"melbands":{"dmean":[0.0000246778508881,0.000124356040033,0.000268992793281,0.000288934330456,0.000126226863358,0.000124460828374,0.000166959580383,0.000105766208435,0.000156505164341,0.000145860103657,0.000124962301925,0.000123361867736,0.0000556909799343,0.0000431913176726,0.0000465896628157,0.0000293956745736,0.0000288679948426,0.0000417492265115,0.0000271199496638,0.000023613582016,0.0000271598364634,0.0000142964854604,0.0000144022778841,0.0000151065196405,0.00000905687011254,0.00000721261631043,0.00000636876393401,0.00000524083270648,0.00000387267891711,0.00000279288428828,0.00000463451351607,0.00000165775009009,8.80464938291e-7,5.07207403189e-7,2.66339185373e-7,1.54578486899e-7,1.02118882239e-7,6.34259080812e-8,3.46339135149e-8,2.34828227974e-8],"dmean2":[0.0000424770514655,0.000206204960705,0.000447119062301,0.000497546279803,0.000193540516193,0.000188261081348,0.000248733704211,0.000165265359101,0.000239948480157,0.000226274758461,0.000194752079551,0.000187375437235,0.0000902523534023,0.0000705818310962,0.0000778075045673,0.0000480724302179,0.0000473802247143,0.000068150475272,0.0000440781805082,0.0000385931343772,0.0000448113642051,0.0000238327120314,0.0000239311175392,0.0000251222809311,0.0000146697129821,0.0000114070071504,0.0000100616580312,0.0000082014430518,0.00000613968586549,0.00000440915437139,0.00000770927817939,0.00000254871497418,0.00000131575950491,7.49164428271e-7,3.90666826888e-7,2.25502247986e-7,1.46761735209e-7,9.12011159926e-8,4.94724616829e-8,3.46716610977e-8],"dvar":[1.00199037956e-9,4.7588134322e-8,1.97065901375e-7,2.58060964597e-7,5.44490532661e-8,6.33556638263e-8,1.46629034248e-7,6.25062597237e-8,1.33729983531e-7,1.15976206416e-7,8.46583176894e-8,8.82838264715e-8,2.62705110998e-8,1.58158233177e-8,2.18081730452e-8,4.76391726068e-9,5.78498715598e-9,1.4452282926e-8,4.65301042141e-9,3.62705998569e-9,8.69204175302e-9,1.3287941858e-9,1.19800569465e-9,1.07524911197e-9,3.04019170949e-10,1.46308729021e-10,1.16850820686e-10,6.76907974118e-11,4.06456118762e-11,2.61211434427e-11,2.72520506162e-10,2.31785615007e-11,4.97443796224e-12,1.7501565518e-12,5.52459716429e-13,2.69224421402e-13,9.75392658894e-14,4.93001805016e-14,1.63061567287e-14,6.85246562658e-15],"dvar2":[2.97938451688e-9,1.27283087181e-7,5.34651633188e-7,7.1285563763e-7,1.26555633528e-7,1.40873254395e-7,3.27284908508e-7,1.52113173613e-7,3.10918636615e-7,2.88458835485e-7,2.07003580499e-7,2.00513440518e-7,6.71033006938e-8,4.16630392408e-8,5.91517448356e-8,1.32700117561e-8,1.58696558117e-8,3.85966423266e-8,1.28831469937e-8,9.84014114636e-9,2.46991795905e-8,3.82584453007e-9,3.4877598587e-9,3.08132763749e-9,8.24050661041e-10,3.48128831318e-10,2.85398482625e-10,1.6859463825e-10,1.05076010393e-10,6.4033438274e-11,7.18255954713e-10,5.44003730951e-11,1.08346135883e-11,3.93949629862e-12,1.22585546315e-12,5.695528142e-13,2.13021101952e-13,1.1246371537e-13,3.68969212009e-14,1.5742268261e-14],"max":[0.00035697768908,0.0042855325155,0.00893914885819,0.00634205155075,0.00546460039914,0.0075562549755,0.00977259688079,0.00695240776986,0.00800419319421,0.00964786205441,0.00534258736297,0.00543406559154,0.00552078243345,0.00290981167927,0.00368076539598,0.00109547784086,0.00160379917361,0.00312847644091,0.00127402041107,0.00115561997518,0.00171856081579,0.000621768936981,0.000679071061313,0.000755570421461,0.000430853542639,0.000251086283242,0.00022770826763,0.00014140579151,0.0000969180618995,0.0000875030382304,0.00035600134288,0.000078250777733,0.0000389385895687,0.0000349718684447,0.0000198572670342,0.0000261944678641,0.0000111168355943,0.0000103765578388,0.00000616584065938,0.00000343081705978],"mean":[0.0000424040044891,0.000269341107924,0.000448875682196,0.000382466241717,0.000223990209633,0.000255684281001,0.000344509986462,0.000172901563928,0.000263152876869,0.000246605282882,0.000212162733078,0.000217078995775,0.0000947760927374,0.0000706476639607,0.0000741752810427,0.0000506824835611,0.0000486317330797,0.0000719412710168,0.0000492529798066,0.0000450297702628,0.0000545976363355,0.0000281390202872,0.000027556445275,0.0000298409377137,0.0000190713708434,0.0000156828391482,0.0000135525669975,0.0000120779477584,0.00000885947974893,0.00000567473898627,0.00000593711001784,0.00000232188767768,0.00000136245307658,7.57112729843e-7,4.14322499864e-7,2.56891922845e-7,1.67888330793e-7,9.89386634842e-8,5.28898844721e-8,3.33238077133e-8],"median":[0.0000307572008751,0.000124347701785,0.0002692710259,0.000213481864193,0.000103562546428,0.00010800887685,0.0000992813074845,0.0000438350325567,0.0000511781981913,0.000053228570323,0.0000417864575866,0.0000361709826393,0.0000222833696171,0.0000140037973324,0.0000189010279428,0.0000141934033309,0.0000098971031548,0.0000144707910295,0.000012179379155,0.00000841175824462,0.00000667029416945,0.00000745113538869,0.0000112171728688,0.0000107845353341,0.00000809421908343,0.00000831981287774,0.00000829561849969,0.00000655305711916,0.00000393311847802,0.00000291359992843,0.0000014072625163,6.68052166475e-7,4.49944508318e-7,2.40162819409e-7,1.52018586164e-7,1.08651818209e-7,6.85849244064e-8,3.56209604035e-8,1.81656965026e-8,9.85119896768e-9],"min":[7.61818309656e-25,5.5568077069e-25,1.24432621632e-24,1.67450518275e-24,1.73660628536e-24,1.09959104642e-24,1.01920237309e-24,1.49645671265e-24,1.47131236294e-24,2.63533066556e-24,2.31290921132e-24,2.22000210428e-24,3.4761368781e-24,1.67184573542e-24,2.42437387672e-24,2.4892955515e-24,3.29794306037e-24,2.14639092942e-24,3.63977818428e-24,4.13106931757e-24,4.0263985195e-24,3.18473599845e-24,3.3302062881e-24,4.36495632077e-24,4.29272742743e-24,3.98531701014e-24,4.22872674776e-24,3.23630284975e-24,4.56722853991e-24,5.63405326256e-24,6.50423547192e-24,5.12012221572e-24,5.03294164721e-24,5.25162335647e-24,5.71343081342e-24,5.45757640059e-24,4.56092159698e-24,5.96524665285e-24,5.97811376308e-24,5.66570315094e-24],"var":[1.79882131413e-9,1.59769186325e-7,3.16070071449e-7,2.72840452453e-7,1.37446548365e-7,2.35753589095e-7,6.29815360753e-7,1.39736741289e-7,3.11736727099e-7,2.43234381969e-7,1.9891916736e-7,2.41711830995e-7,5.9875631564e-8,3.005499849e-8,3.9725406964e-8,9.92967308378e-9,1.27842589848e-8,3.48840281106e-8,1.13565823412e-8,9.2767793447e-9,2.59629899801e-8,2.93780999527e-9,2.29738605917e-9,2.63073207663e-9,7.76762598687e-10,4.34041330655e-10,2.80590162216e-10,2.17344975351e-10,1.34035851862e-10,6.22985898979e-11,2.89953616672e-10,2.85730206856e-11,7.64004311204e-12,2.5530048995e-12,7.78924450981e-13,3.70204518083e-13,1.40693270294e-13,6.29100179068e-14,2.11250491384e-14,8.56647279425e-15]},"melbands_crest":{"dmean":3.24819517136,"dmean2":5.37391805649,"dvar":8.67294788361,"dvar2":23.1003055573,"max":35.2342300415,"mean":12.6537942886,"median":11.7422122955,"min":1.63291597366,"var":27.4658203125},"melbands_flatness_db":{"dmean":0.0211014375091,"dmean2":0.032046943903,"dvar":0.000418498530053,"dvar2":0.000899737293366,"max":0.476505070925,"mean":0.185182273388,"median":0.176625967026,"min":0.00291075836867,"var":0.00382112385705},"melbands_kurtosis":{"dmean":3.84475111961,"dmean2":6.19800710678,"dvar":70.6516571045,"dvar2":180.665176392,"max":316.940979004,"mean":7.1688375473,"median":2.76418352127,"min":-1.76561498642,"var":167.386505127},"melbands_skewness":{"dmean":0.565001547337,"dmean2":0.879869937897,"dvar":0.367142170668,"dvar2":0.850049138069,"max":12.050786972,"mean":1.78361320496,"median":1.43222439289,"min":-2.13330197334,"var":2.16587328911},"melbands_spread":{"dmean":7.31429958344,"dmean2":11.6270074844,"dvar":83.5431976318,"dvar2":200.903015137,"max":172.763366699,"mean":30.746099472,"median":25.8958835602,"min":0.791423618793,"var":462.077819824},"mfcc":{"cov":[[10882.4970703,733.24798584,-1460.77246094,519.743225098,-597.497802734,71.5487670898,-129.543106079,18.37733078,35.1559524536,74.7035217285,-188.170440674,-166.843414307,-288.751678467],[733.24798584,1157.82446289,-326.830444336,-95.9691925049,-144.567520142,-125.122825623,116.629333496,-8.90083885193,-54.0114097595,70.1312179565,22.7955417633,33.6197929382,-13.3675508499],[-1460.77246094,-326.830444336,1194.69116211,40.3641967773,181.410263062,229.618621826,-75.3441009521,22.4967765808,-2.53513383865,-119.172019958,79.9922027588,46.2866287231,105.66645813],[519.743225098,-95.9691925049,40.3641967773,394.491516113,138.431228638,-27.7854919434,-148.884231567,-13.7670993805,42.6290016174,-38.0181427002,-60.9994773865,22.4699420929,24.536693573],[-597.497802734,-144.567520142,181.410263062,138.431228638,292.75668335,34.7097892761,-102.866752625,-1.38934075832,23.957069397,-27.2950191498,-34.6960411072,-1.17585158348,59.4184532166],[71.5487670898,-125.122825623,229.618621826,-27.7854919434,34.7097892761,303.47354126,121.443237305,41.3809394836,4.10782289505,-26.2384605408,23.2847957611,-39.256893158,-17.0674781799],[-129.543106079,116.629333496,-75.3441009521,-148.884231567,-102.866752625,121.443237305,305.349700928,65.2245330811,-22.0839538574,26.599779129,18.6008396149,-17.8457221985,-59.4952011108],[18.37733078,-8.90083885193,22.4967765808,-13.7670993805,-1.38934075832,41.3809394836,65.2245330811,112.436065674,43.6854782104,-8.33673381805,-12.1342144012,-21.6179332733,-4.79695367813],[35.1559524536,-54.0114097595,-2.53513383865,42.6290016174,23.957069397,4.10782289505,-22.0839538574,43.6854782104,127.318962097,30.2082195282,-23.0405902863,-20.1783256531,-20.2496681213],[74.7035217285,70.1312179565,-119.172019958,-38.0181427002,-27.2950191498,-26.2384605408,26.599779129,-8.33673381805,30.2082195282,115.564910889,33.2582778931,1.39181578159,-29.5173149109],[-188.170440674,22.7955417633,79.9922027588,-60.9994773865,-34.6960411072,23.2847957611,18.6008396149,-12.1342144012,-23.0405902863,33.2582778931,114.933731079,49.2459945679,14.3592023849],[-166.843414307,33.6197929382,46.2866287231,22.4699420929,-1.17585158348,-39.256893158,-17.8457221985,-21.6179332733,-20.1783256531,1.39181578159,49.2459945679,110.640960693,44.851348877],[-288.751678467,-13.3675508499,105.66645813,24.536693573,59.4184532166,-17.0674781799,-59.4952011108,-4.79695367813,-20.2496681213,-29.5173149109,14.3592023849,44.851348877,104.67364502]],"icov":[[0.000210188998608,-0.000126395607367,0.000250152341323,-0.000407551997341,0.000623163883574,-0.000612290867139,0.00059477915056,-0.000337973353453,0.000270892225672,-0.000160717638209,0.000228079268709,8.68222343797e-7,0.000251115794526],[-0.000126395607367,0.00114231416956,-0.0000188362319022,0.000195451109903,-0.000127833045553,0.000796301290393,-0.0008457499207,0.000172247644514,0.000217038861592,-0.00036179611925,-0.000110299792141,-0.0000931600152398,-0.0005049961037],[0.000250152341323,-0.0000188362319022,0.00173480762169,-0.000282532826532,0.000195803979295,-0.00169317261316,0.00115670100786,-0.000527232245076,-0.0000806964671938,0.00116825837176,-0.000977806164883,-0.000328916299623,-0.000162403011927],[-0.000407551997341,0.000195451109903,-0.000282532826532,0.00489690573886,-0.00248215673491,0.000482371251564,0.00070699036587,0.000385685008951,-0.00120246852748,0.000941137492191,0.00162612239365,-0.00250716833398,0.000829181924928],[0.000623163883574,-0.000127833045553,0.000195803979295,-0.00248215673491,0.00743581261486,-0.00279111578129,0.00269479141571,-0.00107579445466,0.000851655495353,-0.00204620114528,0.00262927752919,0.000588976545259,-0.00213209073991],[-0.000612290867139,0.000796301290393,-0.00169317261316,0.000482371251564,-0.00279111578129,0.00815414264798,-0.00529357232153,0.00158783514053,-0.00158119294792,0.00203494331799,-0.00340564968064,0.00323647120968,-0.000664932129439],[0.00059477915056,-0.0008457499207,0.00115670100786,0.00070699036587,0.00269479141571,-0.00529357232153,0.00960856024176,-0.0056283432059,0.00371194188483,-0.00230177701451,0.00262501649559,-0.0029501451645,0.00398295465857],[-0.000337973353453,0.000172247644514,-0.000527232245076,0.000385685008951,-0.00107579445466,0.00158783514053,-0.0056283432059,0.0150819299743,-0.00717203365639,0.00352864176966,-0.00141042692121,0.00288187083788,-0.00354061136022],[0.000270892225672,0.000217038861592,-0.0000806964671938,-0.00120246852748,0.000851655495353,-0.00158119294792,0.00371194188483,-0.00717203365639,0.0137056792155,-0.00615346617997,0.00361290853471,-0.0009907532949,0.00302331056446],[-0.000160717638209,-0.00036179611925,0.00116825837176,0.000941137492191,-0.00204620114528,0.00203494331799,-0.00230177701451,0.00352864176966,-0.00615346617997,0.0154854068533,-0.00732388114557,0.00130637467373,0.00207853643224],[0.000228079268709,-0.000110299792141,-0.000977806164883,0.00162612239365,0.00262927752919,-0.00340564968064,0.00262501649559,-0.00141042692121,0.00361290853471,-0.00732388114557,0.0177001524717,-0.00775606650859,0.000129459731397],[8.68222343797e-7,-0.0000931600152398,-0.000328916299623,-0.00250716833398,0.000588976545259,0.00323647120968,-0.0029501451645,0.00288187083788,-0.0009907532949,0.00130637467373,-0.00775606650859,0.0168067552149,-0.00640190811828],[0.000251115794526,-0.0005049961037,-0.000162403011927,0.000829181924928,-0.00213209073991,-0.000664932129439,0.00398295465857,-0.00354061136022,0.00302331056446,0.00207853643224,0.000129459731397,-0.00640190811828,0.0172511730343]],"mean":[-678.510864258,126.593238831,-35.1055984497,36.3525047302,-17.786781311,-0.45415365696,-5.16223049164,-2.38925480843,-5.69087934494,-0.515867352486,-8.10959243774,-3.34824490547,-8.13548564911]},"pitch_salience":{"dmean":0.064375422895,"dmean2":0.106097429991,"dvar":0.0032485856209,"dvar2":0.00850320607424,"max":0.90000385046,"mean":0.560696661472,"median":0.556553244591,"min":0.103323087096,"var":0.0123791797087},"silence_rate_20dB":{"dmean":0,"dmean2":0,"dvar":0,"dvar2":0,"max":1,"mean":1,"median":1,"min":1,"var":0},"silence_rate_30dB":{"dmean":0,"dmean2":0,"dvar":0,"dvar2":0,"max":1,"mean":1,"median":1,"min":1,"var":0},"silence_rate_60dB":{"dmean":0.0292906183749,"dmean2":0.0585879385471,"dvar":0.0284303128719,"dvar2":0.0640737637877,"max":1,"mean":0.10410708189,"median":0,"min":0,"var":0.0932736098766},"spectral_centroid":{"dmean":249.956542969,"dmean2":388.4609375,"dvar":91834.25,"dvar2":205334.203125,"max":11761.9023438,"mean":1759.14440918,"median":1688.85705566,"min":198.218612671,"var":1471417.25},"spectral_complexity":{"dmean":3.10617852211,"dmean2":4.61608886719,"dvar":12.0387802124,"dvar2":22.2173652649,"max":52,"mean":18.3462982178,"median":19,"min":0,"var":96.7544174194},"spectral_contrast_coeffs":{"dmean":[0.0531703829765,0.0478886403143,0.0396615304053,0.0323130264878,0.0219749156386,0.0173194762319],"dmean2":[0.0877820178866,0.0770805552602,0.0622176639736,0.051226131618,0.0344534218311,0.0270708892494],"dvar":[0.0021239395719,0.00157488428522,0.00114830420353,0.000722755794413,0.000352737988578,0.000285787158646],"dvar2":[0.00555906118825,0.00393287790939,0.00268723513,0.00171576614957,0.000801058718935,0.000593063479755],"max":[-0.299622356892,-0.393433272839,-0.404103517532,-0.506618618965,-0.553339064121,-0.551862418652],"mean":[-0.60972827673,-0.709955155849,-0.722289741039,-0.738525092602,-0.768405795097,-0.699666857719],"median":[-0.606912016869,-0.718910813332,-0.724460959435,-0.740245997906,-0.771082162857,-0.691901087761],"min":[-0.980699121952,-0.978139340878,-0.976942718029,-0.97483676672,-0.967966914177,-0.96577167511],"var":[0.0078108496964,0.00901598669589,0.00982274580747,0.00657551409677,0.00413393415511,0.00365162082016]},"spectral_contrast_valleys":{"dmean":[0.403357505798,0.364383518696,0.311366826296,0.276306301355,0.236006528139,0.264058321714],"dmean2":[0.681295931339,0.583594620228,0.487853914499,0.417035400867,0.327497214079,0.331079423428],"dvar":[0.136760130525,0.130407348275,0.101557202637,0.0909043550491,0.0817725434899,0.110814593732],"dvar2":[0.342836022377,0.274867385626,0.19201913476,0.157800734043,0.119748644531,0.167916804552],"max":[-6.52592945099,-5.11385583878,-5.58900976181,-6.07614994049,-5.40962076187,-8.31686019897],"mean":[-8.43523406982,-7.34153318405,-7.99812316895,-8.29754543304,-7.81983709335,-11.4128236771],"median":[-7.97563886642,-6.94521951675,-7.60841464996,-7.88601303101,-7.35113382339,-11.1295385361],"min":[-28.056760788,-27.8383331299,-27.9586410522,-27.6793899536,-27.5115604401,-27.3848228455],"var":[5.55629682541,6.01353359222,5.69237470627,5.55672216415,5.88035488129,3.98694515228]},"spectral_decrease":{"dmean":1.06509789877e-9,"dmean2":1.62961388828e-9,"dvar":1.2857121585e-18,"dvar2":3.01624751564e-18,"max":2.17926123222e-28,"mean":-4.07485645226e-9,"median":-3.95736510228e-9,"min":-1.45424641218e-8,"var":7.0329468211e-18},"spectral_energy":{"dmean":0.00435784878209,"dmean2":0.00664163241163,"dvar":0.0000213194143726,"dvar2":0.0000493834595545,"max":0.059040684253,"mean":0.0171371214092,"median":0.0166738871485,"min":9.95499184849e-21,"var":0.00012522850011},"spectral_energyband_high":{"dmean":0.000272906705504,"dmean2":0.000412659195717,"dvar":3.3302953284e-7,"dvar2":7.60629291108e-7,"max":0.00929555483162,"mean":0.000614769000094,"median":0.000351247144863,"min":6.9628509673e-21,"var":6.68064444653e-7},"spectral_energyband_low":{"dmean":0.000684897997417,"dmean2":0.00113148929086,"dvar":0.00000155282828018,"dvar2":0.00000416513421442,"max":0.0287108905613,"mean":0.0014018494403,"median":0.000805247109383,"min":1.45808505882e-23,"var":0.00000333149000653},"spectral_energyband_middle_high":{"dmean":0.00218093744479,"dmean2":0.00333819445223,"dvar":0.00000884016117197,"dvar2":0.0000215807049244,"max":0.0485983453691,"mean":0.00722890021279,"median":0.00504850642756,"min":1.21157877393e-21,"var":0.0000506500437041},"spectral_energyband_middle_low":{"dmean":0.00327695487067,"dmean2":0.0050927484408,"dvar":0.0000153727305587,"dvar2":0.0000374589071725,"max":0.0549020655453,"mean":0.00850374158472,"median":0.00666746683419,"min":1.63031952151e-22,"var":0.0000535504914296},"spectral_entropy":{"dmean":0.129752188921,"dmean2":0.186798498034,"dvar":0.0176107380539,"dvar2":0.0327082164586,"max":9.82185745239,"mean":7.43457841873,"median":7.43741941452,"min":5.03990697861,"var":0.241256296635},"spectral_flux":{"dmean":0.0154946930707,"dmean2":0.0245252680033,"dvar":0.000218677392695,"dvar2":0.000525226583704,"max":0.183726206422,"mean":0.0647463947535,"median":0.0663253441453,"min":6.30660662582e-11,"var":0.00101349630859},"spectral_kurtosis":{"dmean":2.1295671463,"dmean2":3.70169568062,"dvar":6.62677001953,"dvar2":19.3583126068,"max":84.9191513062,"mean":4.14512777328,"median":2.89427757263,"min":-1.26003742218,"var":28.8827590942},"spectral_rms":{"dmean":0.000518138054758,"dmean2":0.000767622434068,"dvar":2.52841630299e-7,"dvar2":5.27639144821e-7,"max":0.00758951017633,"mean":0.00378148304299,"median":0.0040332628414,"min":3.11643831401e-12,"var":0.00000241947554969},"spectral_rolloff":{"dmean":440.471313477,"dmean2":741.179504395,"dvar":532020.8125,"dvar2":1183823.5,"max":19681.3476562,"mean":2090.96118164,"median":1722.65625,"min":64.599609375,"var":5222969.5},"spectral_skewness":{"dmean":0.248061791062,"dmean2":0.414329588413,"dvar":0.0569897629321,"dvar2":0.154356107116,"max":7.6210899353,"mean":1.0769764185,"median":0.962055027485,"min":-0.0919934660196,"var":0.376731932163},"spectral_spread":{"dmean":294633.8125,"dmean2":434439.96875,"dvar":301987102720,"dvar2":556975783936,"max":42724860,"mean":3770787.75,"median":3076361.5,"min":933230.6875,"var":17938440519700},"spectral_strongpeak":{"dmean":0.785394608974,"dmean2":1.32242107391,"dvar":1.35854518414,"dvar2":3.59575223923,"max":13.2715082169,"mean":1.53795731068,"median":0.972391247749,"min":0,"var":2.74554562569},"zerocrossingrate":{"dmean":0.00772020686418,"dmean2":0.00952391512692,"dvar":0.0000990328990156,"dvar2":0.000153229600983,"max":0.529296875,"mean":0.0713007897139,"median":0.064453125,"min":0.005859375,"var":0.00313790235668}},"metadata":{"audio_properties":{"analysis_sample_rate":44100,"bit_rate":0,"codec":"flac","downmix":"mix","equal_loudness":0,"length":202.933334351,"lossless":true,"md5_encoded":"a2b87732c8ac144e91b6f7e273079ba4","replay_gain":-12.2551174164,"sample_rate":44100},"tags":{"acoustid_id":["16669cfc-c75a-46b2-86e9-a4ca6d4ce1bb"],"album":["The EP Collection"],"albumartist":["The Mamas & the Papas"],"albumartistsort":["Mamas & the Papas, The"],"artist":["The Mamas & the Papas"],"artistsort":["Mamas & the Papas, The"],"asin":["B0000011A3"],"catalognumber":["SEECD 333"],"compilation":["1"],"date":["2000-03-26"],"discnumber":["1"],"disctotal":["1"],"file_name":"1-19 Free Advice.flac","genre":["Pop Rock"],"grouping":["Rock"],"label":["See For Miles Records Ltd."],"language":["eng"],"media":["CD"],"musicbrainz_albumartistid":["ff294730-0315-440d-a543-54005779c15b"],"musicbrainz_albumid":["4c9b4b93-a197-445b-8fc8-33bf6e821fe9"],"musicbrainz_artistid":["ff294730-0315-440d-a543-54005779c15b"],"musicbrainz_discid":["MsjrAy4saAHSoyQto6oHa9qDRNg-"],"musicbrainz_recordingid":["be275c1c-db0d-4323-8875-9bb1dcee2174"],"musicbrainz_releasegroupid":["aad0f0f3-2a2a-43cf-99cd-0d18a1412ab5"],"musicbrainz_releasetrackid":["932955f9-b869-3f47-aa7e-5b606aeaed0c"],"originaldate":["2000-03-26"],"releasecountry":["GB"],"releasestatus":["official"],"releasetype":["album","compilation"],"script":["Latn"],"title":["Free Advice"],"totaldiscs":["1"],"tracknumber":["19"],"tracktotal":["20"]},"version":{"essentia":"2.1-beta2","essentia_build_sha":"70f2e5ece6736b2c40cc944ad0e695b16b925413","essentia_git_sha":"v2.1_beta2","extractor":"music 1.0"}},"rhythm":{"beats_count":373,"beats_loudness":{"dmean":0.00847228430212,"dmean2":0.0141679421067,"dvar":0.0000474857333757,"dvar2":0.000131663371576,"max":0.0556776300073,"mean":0.0209444854409,"median":0.0206091646105,"min":0,"var":0.000102302081359},"beats_loudness_band_ratio":{"dmean":[0.1543