{"lowlevel":{"average_loudness":0.719536602497,"barkbands":{"dmean":[0.00183844787534,0.0029711809475,0.00119122071192,0.00112780509517,0.00341372075491,0.00124738679733,0.00170367921237,0.00136300001759,0.00106341252103,0.000735392037313,0.000369934510672,0.000351791619323,0.000209289079066,0.0000619187485427,0.0000466150013381,0.0000510167628818,0.0000262917365035,0.0000105525195977,0.00000756074769015,0.00000493412835567,0.00000361160277862,0.00000288771843771,0.00000289930267172,0.0000024214809855,0.00000192589959624,0.0000069516881922,0.0000980520198937],"dmean2":[0.00323020783253,0.00510419905186,0.00201227795333,0.00193024717737,0.00539553212002,0.00200514006428,0.00267685996369,0.00219609285705,0.001748486422,0.00116653065197,0.000580124033149,0.000561299151741,0.000326208479237,0.0000994335059659,0.0000745088909753,0.000078047029092,0.0000413709567511,0.0000169333652593,0.0000119342612379,0.00000782346705819,0.00000589343198953,0.00000469824954052,0.00000445387513537,0.0000038063546981,0.00000321637708112,0.00000932528109843,0.000133593770443],"dvar":[0.00000837933203002,0.0000351908056473,0.00000673868726153,0.00000442563987235,0.0000465995763079,0.0000104956880023,0.0000170255534613,0.0000125245132949,0.0000117956433314,0.00000360833610102,0.00000102572619198,0.00000151931033088,0.00000106607490125,3.13372297001e-8,1.77755676845e-8,6.57159233697e-8,1.09665165837e-8,8.57856841119e-10,1.06218445151e-9,3.18894660678e-10,4.87839317553e-11,2.68715969615e-11,2.34911829572e-11,1.60953906453e-11,1.25084274535e-11,1.18110368708e-10,4.56839615026e-8],"dvar2":[0.0000221964073717,0.0000969677712419,0.0000179476392077,0.0000119994101624,0.00010517174087,0.0000241338493652,0.0000398165720981,0.0000325105756929,0.0000328806381731,0.00000879962317413,0.00000229395141105,0.000003526972705,0.00000267643395091,7.53061968339e-8,4.24759889484e-8,1.36290680075e-7,2.41900615094e-8,1.89747306756e-9,2.31074004375e-9,6.98604507576e-10,1.19910720242e-10,6.71033714705e-11,5.26046775584e-11,3.79471003231e-11,3.12249150147e-11,2.13592005194e-10,8.39309066691e-8],"max":[0.0676981955767,0.134428277612,0.0506655499339,0.0339454971254,0.174522280693,0.130334690213,0.161494970322,0.11960978806,0.11793230474,0.0485732294619,0.0467986017466,0.0586251839995,0.0643937885761,0.00808849837631,0.00561376614496,0.0133829154074,0.00411449559033,0.0019163636025,0.00236610975116,0.00135850382503,0.000250969023909,0.000100317658507,0.0000826827672427,0.000075115247455,0.0000564668043808,0.000169452818227,0.00732233189046],"mean":[0.00244087236933,0.00596897676587,0.00138750521,0.00146319251508,0.00603008968756,0.00197620596737,0.00272028148174,0.00205972907133,0.00169484573416,0.00111709407065,0.000588554714341,0.000595705001615,0.000341790146194,0.0000999273906928,0.0000825411043479,0.0000848332274472,0.0000436039626948,0.0000180691804417,0.0000126306749735,0.00000757617499403,0.00000472772444482,0.00000355736074198,0.0000038261937334,0.00000305593471239,0.0000020236122964,0.0000105505450847,0.000254451035289],"median":[0.00155227980576,0.00476643349975,0.000538215390407,0.000587354879826,0.00280132517219,0.000777724257205,0.000967383966781,0.000691585824825,0.000498300883919,0.000270984281087,0.000162631476996,0.0000979745964287,0.0000553577046958,0.0000327180205204,0.0000261246004811,0.0000190415285033,0.000013242726709,0.00000855283997225,0.00000513235818289,0.00000341048280461,0.00000225452140512,0.00000159353874096,0.0000014704496607,0.00000123907102534,7.86138002695e-7,0.0000031690524338,0.000118354037113],"min":[4.9708314727e-25,3.47754775583e-24,6.30759029622e-25,1.66345639691e-24,8.77529659829e-24,8.47360068939e-24,9.24647690609e-24,1.17449666314e-23,1.85413804054e-23,1.14244887332e-23,1.6160249517e-23,2.44836361016e-23,2.83092580823e-23,3.52767836752e-23,6.29519585173e-23,4.05993985967e-23,1.01585872303e-22,8.89109475274e-23,1.24117784484e-22,1.69580431675e-22,2.04450342984e-22,3.52801366496e-22,3.93649265744e-22,6.27366613369e-22,8.9299438173e-22,1.19881967454e-21,2.04727888231e-21],"var":[0.00000940459085541,0.000039029004256,0.0000066961383709,0.00000597975258643,0.000118924297567,0.000018903736418,0.0000391395042243,0.0000209857844311,0.0000231278354477,0.00000615016324446,0.00000218667673835,0.00000380455480808,0.00000190319724425,5.60225821289e-8,4.10016518515e-8,1.16500871172e-7,1.7868361013e-8,1.62354951705e-9,2.17874518427e-9,5.88242787813e-10,6.65352703488e-11,3.41239189683e-11,4.01792349392e-11,2.32940871453e-11,1.35780466731e-11,2.81612011488e-10,1.66992364825e-7]},"barkbands_crest":{"dmean":2.69384026527,"dmean2":4.46919345856,"dvar":5.12372779846,"dvar2":13.4008140564,"max":25.342458725,"mean":10.9826955795,"median":10.2299060822,"min":2.86834549904,"var":17.3691635132},"barkbands_flatness_db":{"dmean":0.0310535375029,"dmean2":0.0491260178387,"dvar":0.000683460501023,"dvar2":0.00172009889502,"max":0.41905105114,"mean":0.20232103765,"median":0.197133824229,"min":0.0511709265411,"var":0.00266677048057},"barkbands_kurtosis":{"dmean":6.48267889023,"dmean2":10.6354627609,"dvar":107.570426941,"dvar2":290.679504395,"max":269.331085205,"mean":14.0957689285,"median":9.60628318787,"min":-1.79700887203,"var":252.940582275},"barkbands_skewness":{"dmean":0.703418791294,"dmean2":1.124604702,"dvar":0.501316726208,"dvar2":1.29749548435,"max":11.8244876862,"mean":2.37802028656,"median":2.22765111923,"min":-2.14968729019,"var":2.14296340942},"barkbands_spread":{"dmean":3.57528209686,"dmean2":5.58198261261,"dvar":19.1612281799,"dvar2":46.5780296326,"max":129.238174438,"mean":13.157371521,"median":11.0348014832,"min":0.46570456028,"var":95.2677078247},"dissonance":{"dmean":0.0398137792945,"dmean2":0.0678212046623,"dvar":0.00128023419529,"dvar2":0.00361864967272,"max":0.500000119209,"mean":0.429074376822,"median":0.439439445734,"min":0.153459042311,"var":0.00240233587101},"dynamic_complexity":3.98549771309,"erbbands":{"dmean":[0.150396421552,0.487609863281,1.240924716,2.46685767174,9.28884506226,11.0991077423,10.5171079636,10.7682247162,19.4941196442,35.6770706177,22.4638595581,23.4165210724,19.7721843719,23.4425525665,15.0517425537,13.8316698074,10.270357132,3.98621797562,2.09031772614,2.43385386467,2.65561294556,1.54620289803,0.665702044964,0.44238704443,0.324977397919,0.228799298406,0.167144164443,0.130310818553,0.105643376708,0.0902858301997,0.0822176337242,0.0610256828368,0.0352990552783,0.0215560551733,0.0137883219868,0.00891058333218,0.0141776185483,0.0170827955008,0.00804644078016,0.00387303112075],"dmean2":[0.261720836163,0.831154227257,2.08768367767,4.16365528107,15.0729627609,17.496175766,16.9649829865,17.4711418152,31.1048049927,56.3614959717,36.3233528137,38.5652427673,31.5891075134,36.9715385437,23.6910018921,21.7945575714,15.9568767548,6.27309894562,3.33689546585,3.80805110931,3.99993872643,2.35129618645,1.03814184666,0.695703744888,0.509688198566,0.363039046526,0.27013656497,0.21403196454,0.172479495406,0.143949046731,0.126379296184,0.0934795066714,0.0568667463958,0.0359097644687,0.0230016913265,0.0143026923761,0.018705714494,0.021493403241,0.0104675590992,0.00556230964139],"dvar":[0.0954213514924,0.926542878151,7.73373270035,20.3059597015,451.331970215,629.579284668,835.547424316,873.162414551,2048.37915039,8789.36816406,3715.11889648,4323.98388672,3807.91552734,3893.68432617,1825.51269531,2448.18164062,2871.05688477,127.861862183,28.0726165771,58.1127052307,245.954925537,50.1668167114,2.96684288979,3.12663340569,1.87709271908,0.565154373646,0.121979467571,0.0582005046308,0.0370966084301,0.0239437576383,0.0190464761108,0.0100915525109,0.00363541184925,0.00156838854309,0.000632376468275,0.000214901272557,0.00051997823175,0.000779531372245,0.000183751690201,0.000059828907979],"dvar2":[0.268563956022,2.54299139977,20.4805965424,54.9236030579,1007.88598633,1463.79125977,1991.6953125,2051.63549805,4841.85400391,20380.6816406,9411.85546875,12064.5419922,10178.6542969,9314.89746094,4156.81835938,5485.68261719,7236.08740234,293.523040771,72.9701156616,121.578094482,501.399017334,101.59677887,6.3765335083,6.79078245163,3.9375295639,1.21305990219,0.280253887177,0.145553901792,0.0935207381845,0.0574933364987,0.0422972142696,0.0224174242467,0.00891859456897,0.00391852669418,0.00157629710156,0.000526480784174,0.000933282484766,0.00134848651942,0.000344415282598,0.000111760884465],"max":[7.68405103683,21.3448429108,58.8226928711,77.655632019,681.658447266,865.108032227,1027.51696777,1315.51379395,1607.41894531,3283.95239258,2259.76147461,1964.65185547,2026.22924805,1898.79516602,1744.25219727,3019.00537109,3433.79101562,445.26574707,183.884384155,417.983306885,837.133544922,323.56729126,75.534286499,141.771148682,98.5121078491,52.3736991882,17.9914550781,4.44297075272,3.67393612862,3.49037718773,2.27976036072,2.10675930977,0.985717713833,0.645784318447,0.395368903875,0.231363505125,0.302796810865,0.418841451406,0.672164678574,0.277059912682],"mean":[0.311638712883,0.813258528709,1.49354577065,3.59804463387,14.1939735413,19.113822937,16.941526413,17.1253318787,31.1395874023,55.2649803162,36.3070411682,38.1523399353,32.3042297363,36.6157569885,25.9935264587,24.3702278137,17.5455951691,7.27237176895,3.97227454185,4.56021881104,4.43663740158,2.66784119606,1.20393466949,0.760400891304,0.540756285191,0.352846682072,0.234621375799,0.163866102695,0.129606261849,0.115333631635,0.10822147876,0.0793513357639,0.0427329428494,0.0231545027345,0.0145356534049,0.0113727143034,0.0213999915868,0.0291887484491,0.0188581105322,0.0133444378152],"median":[0.256019949913,0.617384195328,0.664491772652,1.56036043167,5.22831106186,8.71905899048,6.7978978157,6.90447807312,11.5555591583,17.1800270081,14.2536010742,12.6480665207,9.30587673187,9.76319217682,6.92314338684,4.37344789505,3.02701020241,2.13772726059,1.49545753002,1.29197335243,0.997315883636,0.764094471931,0.538965582848,0.337553709745,0.224695444107,0.158639416099,0.11286650598,0.0769698545337,0.058783531189,0.049276445061,0.0399950928986,0.0288683213294,0.0184291824698,0.00964405760169,0.00563487038016,0.00555505976081,0.00610167998821,0.00824687443674,0.00800857134163,0.00794566329569],"min":[9.08940491798e-23,4.48412015028e-22,2.41667298501e-21,6.24595598706e-21,2.11465476269e-20,3.10903749605e-20,3.19368715328e-20,1.01662028859e-19,1.43377671266e-19,2.37080820303e-19,2.43271310761e-19,4.48136470584e-19,6.08144944108e-19,8.91444481137e-19,1.09707258583e-18,1.12680941866e-18,1.59497524059e-18,2.41397772523e-18,2.62465194185e-18,2.66012951152e-18,2.44178464229e-18,5.75522202199e-18,6.58556494603e-18,7.79689195736e-18,8.16364150709e-18,8.52653722235e-18,9.66349118404e-18,7.65959403775e-18,1.11819416714e-17,1.09991570899e-17,1.23743109439e-17,1.06417935586e-17,8.61208258694e-18,9.02480104485e-18,5.87154677717e-18,4.28509666677e-18,2.2884946331e-18,1.05149751902e-18,2.57486512985e-19,2.99277596849e-20],"var":[0.10452708602,0.938215315342,7.54174280167,28.7027854919,1158.23632812,1343.80053711,1510.78820801,1479.09899902,4271.86425781,17670.5742188,6802.18701172,8329.04296875,7375.91845703,6976.10546875,4245.65087891,6183.84472656,4929.56152344,322.089996338,62.5964584351,146.426376343,418.897644043,91.0474777222,6.09320259094,6.62102270126,3.85909581184,1.17729699612,0.206650882959,0.0744415521622,0.0458252392709,0.0347497165203,0.0329171009362,0.0168321691453,0.00459902919829,0.00170429586433,0.000694080546964,0.000281550514046,0.00122811924666,0.00204474315979,0.000688671425451,0.000339555786923]},"erbbands_crest":{"dmean":3.19304966927,"dmean2":5.22502803802,"dvar":8.49337768555,"dvar2":21.5847625732,"max":32.4270896912,"mean":11.3670854568,"median":10.2718353271,"min":2.07801795006,"var":24.5670623779},"erbbands_flatness_db":{"dmean":0.031102148816,"dmean2":0.0486160963774,"dvar":0.000684317259584,"dvar2":0.00167989777401,"max":0.452592164278,"mean":0.184671342373,"median":0.1823156178,"min":0.0267019569874,"var":0.00285211158916},"erbbands_kurtosis":{"dmean":2.22331357002,"dmean2":3.58586883545,"dvar":10.512213707,"dvar2":25.5012874603,"max":135.459732056,"mean":3.52938556671,"median":2.26642608643,"min":-1.7707657814,"var":25.6095275879},"erbbands_skewness":{"dmean":0.483707487583,"dmean2":0.761669039726,"dvar":0.199775457382,"dvar2":0.496173173189,"max":9.07924175262,"mean":0.787976741791,"median":0.791104197502,"min":-3.76741075516,"var":0.917432904243},"erbbands_spread":{"dmean":4.74671697617,"dmean2":7.55030345917,"dvar":24.2527084351,"dvar2":58.7006912231,"max":102.405769348,"mean":17.640586853,"median":15.0926361084,"min":0.544597268105,"var":123.064544678},"gfcc":{"cov":[[13305.4589844,1042.36425781,-989.954956055,-841.133361816,-169.158737183,-321.321990967,15.9812459946,-168.17980957,86.532119751,-161.820266724,1.4973937273,18.3624858856,-81.0860824585],[1042.36425781,851.176147461,-10.7915344238,-317.296844482,-2.14871835709,-56.5296440125,36.3709373474,-50.83644104,36.8575553894,-41.8455429077,37.8171920776,-44.1693382263,74.4236602783],[-989.954956055,-10.7915344238,420.293609619,201.979873657,-78.4652633667,52.7180099487,15.4112825394,54.1889190674,-22.2285652161,23.1549777985,-3.12437391281,1.18549823761,-28.3700695038],[-841.133361816,-317.296844482,201.979873657,425.842773438,58.3037414551,21.9915466309,-24.0924873352,51.09532547,-33.4201431274,41.7613792419,-22.8958530426,-10.9972400665,-24.2727451324],[-169.158737183,-2.14871835709,-78.4652633667,58.3037414551,293.47354126,-36.5562171936,36.9291191101,-49.4815330505,22.6450061798,-29.5555992126,5.59172821045,-6.02833843231,-14.3999767303],[-321.321990967,-56.5296440125,52.7180099487,21.9915466309,-36.5562171936,234.885894775,19.344493866,11.5204820633,-44.3516960144,1.07720398903,-6.61298036575,10.8824014664,0.79892206192],[15.9812459946,36.3709373474,15.4112825394,-24.0924873352,36.9291191101,19.344493866,144.430633545,48.1091804504,20.5518741608,-8.18477630615,16.7924938202,16.4105815887,-11.0746965408],[-168.17980957,-50.83644104,54.1889190674,51.09532547,-49.4815330505,11.5204820633,48.1091804504,129.835357666,49.9199943542,47.4415130615,6.3015627861,1.75680828094,11.7663803101],[86.532119751,36.8575553894,-22.2285652161,-33.4201431274,22.6450061798,-44.3516960144,20.5518741608,49.9199943542,120.118133545,43.6776390076,21.1515197754,-0.845809519291,-11.4331703186],[-161.820266724,-41.8455429077,23.1549777985,41.7613792419,-29.5555992126,1.07720398903,-8.18477630615,47.4415130615,43.6776390076,96.587310791,36.4854812622,1.72648024559,3.17795228958],[1.4973937273,37.8171920776,-3.12437391281,-22.8958530426,5.59172821045,-6.61298036575,16.7924938202,6.3015627861,21.1515197754,36.4854812622,67.0798034668,31.6276950836,11.0749921799],[18.3624858856,-44.1693382263,1.18549823761,-10.9972400665,-6.02833843231,10.8824014664,16.4105815887,1.75680828094,-0.845809519291,1.72648024559,31.6276950836,66.1769104004,19.0048236847],[-81.0860824585,74.4236602783,-28.3700695038,-24.2727451324,-14.3999767303,0.79892206192,-11.0746965408,11.7663803101,-11.4331703186,3.17795228958,11.0749921799,19.0048236847,87.7144699097]],"icov":[[0.000138615927426,-0.000368369888747,0.000541325833183,-0.000238672451815,0.000269473530352,0.000100727658719,0.0000295448535326,-0.000128963394673,0.0000831456563901,0.0000311222793243,0.000298013474094,-0.000682595185935,0.000734062050469],[-0.000368369888747,0.00405472656712,-0.00323613919318,0.00306508434005,-0.00101618771441,0.0000449216022389,-0.000981381628662,0.00187910185196,-0.0014855847694,0.00146981887519,-0.00386239215732,0.00691809086129,-0.00578072853386],[0.000541325833183,-0.00323613919318,0.00699525745586,-0.00460604345426,0.00298303551972,-0.000231440513744,-0.00024478402338,-0.0013710630592,0.000689343432896,0.000391481182305,0.00154564483091,-0.00522612035275,0.005891807843],[-0.000238672451815,0.00306508434005,-0.00460604345426,0.0076077892445,-0.00388783821836,0.000484984368086,0.00153444660828,-0.00221927487291,0.00271571590565,-0.00248866458423,0.000143849145388,0.00350691541098,-0.00269087706693],[0.000269473530352,-0.00101618771441,0.00298303551972,-0.00388783821836,0.00690705236048,0.000186891411431,-0.00311132823117,0.00437649991363,-0.00364414253272,0.00281624193303,-0.00137430394534,0.00013108937128,0.000720679061487],[0.000100727658719,0.0000449216022389,-0.000231440513744,0.000484984368086,0.000186891411431,0.00512963440269,-0.000885516754352,-0.000567679991946,0.00257918564603,-0.00143578636926,0.00135366828181,-0.00123910594266,0.000548419367988],[0.0000295448535326,-0.000981381628662,-0.00024478402338,0.00153444660828,-0.00311132823117,-0.000885516754352,0.0122402068228,-0.00879311282188,0.00214013876393,0.00337056838907,-0.00263726012781,-0.00348563492298,0.00467274151742],[-0.000128963394673,0.00187910185196,-0.0013710630592,-0.00221927487291,0.00437649991363,-0.000567679991946,-0.00879311282188,0.0201907865703,-0.00894916150719,-0.0040927506052,0.00238158926368,0.00426528090611,-0.00810924451798],[0.0000831456563901,-0.0014855847694,0.000689343432896,0.00271571590565,-0.00364414253272,0.00257918564603,0.00214013876393,-0.00894916150719,0.0174377094954,-0.00712720165029,0.00183554040268,-0.00390433170833,0.00630608014762],[0.0000311222793243,0.00146981887519,0.000391481182305,-0.00248866458423,0.00281624193303,-0.00143578636926,0.00337056838907,-0.0040927506052,-0.00712720165029,0.0249417424202,-0.0175066813827,0.00845486391336,-0.00178450962994],[0.000298013474094,-0.00386239215732,0.00154564483091,0.000143849145388,-0.00137430394534,0.00135366828181,-0.00263726012781,0.00238158926368,0.00183554040268,-0.0175066813827,0.0356618985534,-0.0201138537377,0.0039307679981],[-0.000682595185935,0.00691809086129,-0.00522612035275,0.00350691541098,0.00013108937128,-0.00123910594266,-0.00348563492298,0.00426528090611,-0.00390433170833,0.00845486391336,-0.0201138537377,0.0349371731281,-0.0140455197543],[0.000734062050469,-0.00578072853386,0.005891807843,-0.00269087706693,0.000720679061487,0.000548419367988,0.00467274151742,-0.00810924451798,0.00630608014762,-0.00178450962994,0.0039307679981,-0.0140455197543,0.0233696382493]],"mean":[-61.7286987305,125.126106262,-53.1672401428,-28.1957759857,-22.7234516144,-14.7387733459,-7.33139419556,-9.46124362946,-1.42234313488,-10.3926506042,-2.61155176163,-2.46182894707,-3.56191205978]},"hfc":{"dmean":46.430683136,"dmean2":71.9781188965,"dvar":5351.67773438,"dvar2":12306.1308594,"max":2802.7265625,"mean":148.851043701,"median":95.4147796631,"min":1.07850355981e-16,"var":27772.3320312},"melbands":{"dmean":[0.00106661044993,0.000595765886828,0.000587496964727,0.000750485341996,0.000401879777201,0.000248895143159,0.000299065752188,0.000377100484911,0.000178626753041,0.000151643966092,0.000101376805105,0.000100422992546,0.0000520941393916,0.0000427709637734,0.0000269369847956,0.0000185778881132,0.00000694382424626,0.0000034883328226,0.00000357848671229,0.00000302152125187,0.00000345198850482,0.00000169547604401,9.19140234146e-7,5.07092408952e-7,3.69637575659e-7,2.80373370742e-7,2.06883697729e-7,1.44649646927e-7,1.12750029757e-7,8.81577193468e-8,7.27242763787e-8,6.1068710977e-8,5.40862110654e-8,4.96341669987e-8,4.74940335948e-8,4.62937563839e-8,3.44266162244e-8,2.58456704927e-8,2.04059187325e-8,1.75087837562e-8],"dmean2":[0.00184236897621,0.00100069772452,0.000982853467576,0.00118476210628,0.00064087373903,0.000400461634854,0.000473818421597,0.00059724051971,0.000290603988105,0.000250302371569,0.000162396172527,0.000158733775606,0.0000817884065327,0.0000679469812894,0.0000421586883022,0.0000290115112875,0.0000110827004391,0.00000564362790101,0.00000568467976336,0.00000478146512251,0.00000524382903677,0.00000263501669906,0.00000144970272231,8.18161481675e-7,5.85662974117e-7,4.37363411265e-7,3.29552648282e-7,2.31213277857e-7,1.8284507064e-7,1.44942163161e-7,1.20030804851e-7,1.00290364458e-7,8.7750308353e-8,7.90973118114e-8,7.39788887927e-8,7.00428017808e-8,5.35842552551e-8,4.16006820103e-8,3.36952155067e-8,2.92741813013e-8],"dvar":[0.00000467207200927,0.00000159705314218,0.0000012913228602,0.00000223612596528,0.00000112457883006,4.23485772671e-7,4.72992638834e-7,9.42693816341e-7,2.43935517119e-7,2.27940120112e-7,1.01355951188e-7,7.49162225588e-8,2.17756532805e-8,2.2591619242e-8,1.08788986708e-8,8.03764166335e-9,3.86559534382e-10,8.08486333437e-11,1.1983671e-10,8.76888353596e-11,5.10532727205e-10,4.82602222074e-11,1.14402333093e-11,2.6266586562e-12,2.28777673889e-12,1.76012383921e-12,8.37473374069e-13,1.71121607552e-13,5.98088608804e-14,3.10035471688e-14,1.81081464791e-14,1.27293864672e-14,9.49554765871e-15,7.18714232009e-15,6.49405041122e-15,6.1923474398e-15,3.21686151532e-15,1.9232052474e-15,1.33334473782e-15,1.04931256775e-15],"dvar2":[0.0000128784931803,0.00000423637493441,0.00000324562643073,0.00000493827428727,0.00000270584996542,9.82450842457e-7,0.00000111100325739,0.00000224278301175,6.05389061548e-7,6.40487712644e-7,2.72283642744e-7,1.80082437851e-7,4.92174194733e-8,5.21027843092e-8,2.59454910889e-8,1.9566595455e-8,9.16184406119e-10,2.1016874352e-10,2.72680378277e-10,1.92468124771e-10,1.02602282226e-9,1.03459352196e-10,2.40586387618e-11,6.11220275781e-12,5.08004966218e-12,3.7877097292e-12,1.88301501128e-12,3.61224667799e-13,1.38562433554e-13,7.75464965136e-14,4.6053509991e-14,3.23467991216e-14,2.36379756643e-14,1.71069518414e-14,1.47721885315e-14,1.32847969821e-14,7.37225798258e-15,4.70070378496e-15,3.32992326137e-15,2.6212853333e-15],"max":[0.0543977171183,0.0264300145209,0.0261140801013,0.0425807833672,0.0306203979999,0.0295521784574,0.0274829231203,0.0289784781635,0.0213218834251,0.0162213146687,0.0103197749704,0.00799636729062,0.00746310083196,0.00540523743257,0.00504109775648,0.00491915736347,0.000770767044742,0.00027009868063,0.000560919404961,0.000540942477528,0.00131636951119,0.00027388901799,0.000134672794957,0.000108769752842,0.000122331941384,0.000105201273982,0.0000695869021001,0.0000281833235931,0.0000130576090669,0.00000537727146366,0.00000218372906602,0.00000195636494027,0.00000232233765018,0.00000174956142018,0.00000140545853355,0.00000162379467383,0.00000107647986169,7.57626992254e-7,6.08152276982e-7,5.2264556416e-7],"mean":[0.00224960176274,0.000849163217936,0.000891300442163,0.00129222823307,0.000669828499667,0.000400229997467,0.000484270101879,0.000580951396842,0.000279641826637,0.000241016445216,0.000159675124451,0.00015109218657,0.000084970422904,0.0000741209732951,0.0000452858694189,0.000031282328564,0.0000114133017632,0.00000596975132794,0.00000631596731182,0.0000053643730098,0.00000530515171704,0.00000279734399555,0.00000148626725149,8.36103538404e-7,5.92088497342e-7,4.48968194178e-7,3.12988021278e-7,2.13400468851e-7,1.56607342205e-7,1.12272026342e-7,8.808179075e-8,7.32620648591e-8,6.65168826686e-8,6.31021492836e-8,6.17781523715e-8,5.99889204977e-8,4.39035758859e-8,3.14086854303e-8,2.28659260415e-8,1.82037673824e-8],"median":[0.00193858495913,0.000532873207703,0.000388706801459,0.000573958968744,0.000281458953395,0.00016061286442,0.000181601441,0.000179583701538,0.000108522865048,0.000071544709499,0.0000415056856582,0.0000367960965377,0.0000229262841458,0.0000122043775264,0.00000868363986228,0.00000512409405928,0.00000350208142663,0.00000224130462811,0.00000187746582014,0.00000145441924815,0.00000101087107396,7.87407429925e-7,5.67966651488e-7,3.86774047456e-7,2.50149611247e-7,1.7904244487e-7,1.29860694642e-7,9.4602008005e-8,7.35704688282e-8,5.23398959729e-8,4.04138020826e-8,3.31658114305e-8,2.84984658094e-8,2.63538897372e-8,2.31585648436e-8,1.97208684938e-8,1.67312315114e-8,1.33220519061e-8,1.0099618919e-8,6.96218549479e-9],"min":[1.42170908504e-24,7.30471245257e-25,1.89987761578e-24,2.39286696938e-24,1.29676939348e-24,2.20564168036e-24,2.67300922619e-24,2.43221456247e-24,2.11228117552e-24,2.75384932518e-24,2.41093898386e-24,3.28496866506e-24,3.08900141671e-24,2.87174616519e-24,2.74191780399e-24,3.08242231676e-24,4.00772973175e-24,3.85534270967e-24,4.58687314861e-24,3.25792118842e-24,2.15941600904e-24,4.85160185219e-24,5.75358186135e-24,4.47280465057e-24,5.55978319162e-24,4.25987728719e-24,5.48805206951e-24,4.45106837719e-24,4.40835432018e-24,5.12283353065e-24,4.00025409138e-24,5.36086165918e-24,6.36137749515e-24,6.11619242606e-24,6.35334807442e-24,5.35596086081e-24,4.96731039205e-24,5.50199558044e-24,6.45725841058e-24,6.77152600129e-24],"var":[0.00000497264954902,0.00000157686554303,0.00000236176720136,0.00000607831270827,0.0000021254056719,7.47491640141e-7,0.00000105696540231,0.00000181659072496,4.45369238378e-7,4.37811507936e-7,1.91704046415e-7,1.30277555854e-7,4.68766288009e-8,5.79664565237e-8,2.09268478102e-8,1.93159408468e-8,7.571188676e-10,1.52205789639e-10,2.703144375e-10,2.00436736653e-10,8.54137649497e-10,8.65657129312e-11,1.7963750279e-11,4.2329607701e-12,4.72835746251e-12,3.22161546572e-12,1.35685202223e-12,3.82260602295e-13,1.00877517602e-13,3.9699383917e-14,2.18378053406e-14,1.51552693463e-14,1.22566912606e-14,1.060324229e-14,1.0788601898e-14,1.08486641572e-14,5.01342961964e-15,2.477951265e-15,1.49447560362e-15,1.12713001401e-15]},"melbands_crest":{"dmean":3.71616363525,"dmean2":6.21042490005,"dvar":10.4243383408,"dvar2":28.6388530731,"max":36.016242981,"mean":16.3328323364,"median":15.3930606842,"min":1.51491785049,"var":39.4727325439},"melbands_flatness_db":{"dmean":0.0377487055957,"dmean2":0.0598923191428,"dvar":0.000990347005427,"dvar2":0.00252215121873,"max":0.563212513924,"mean":0.330050885677,"median":0.326945245266,"min":0.0031476514414,"var":0.00426144665107},"melbands_kurtosis":{"dmean":5.19546937943,"dmean2":8.51337146759,"dvar":87.219543457,"dvar2":232.647506714,"max":339.109008789,"mean":8.98545455933,"median":3.95856261253,"min":-1.86649250984,"var":225.115814209},"melbands_skewness":{"dmean":0.648541271687,"dmean2":1.03885400295,"dvar":0.395318001509,"dvar2":1.02695035934,"max":12.3033599854,"mean":1.84242045879,"median":1.59992241859,"min":-2.02803349495,"var":2.02471828461},"melbands_spread":{"dmean":2.68286895752,"dmean2":4.27906894684,"dvar":12.1788043976,"dvar2":31.3692588806,"max":158.689743042,"mean":10.6309242249,"median":9.10130023956,"min":0.389018714428,"var":119.701927185},"mfcc":{"cov":[[6380.3828125,799.096923828,-664.411254883,-338.85446167,-250.491531372,-96.7350311279,-183.743331909,40.7223243713,-82.2055969238,-10.8442754745,-93.8362808228,75.3566741943,7.51767253876],[799.096923828,1250.42004395,-59.428440094,-195.262359619,-63.9244155884,-46.8727836609,-23.7577724457,-13.8368844986,17.304731369,-35.030166626,-4.20419311523,9.65547466278,4.89744853973],[-664.411254883,-59.428440094,540.548583984,64.4311218262,-41.1101455688,7.68679761887,31.0030078888,20.8528575897,-3.26048707962,27.4684638977,33.7680130005,-15.5866794586,-24.824010849],[-338.85446167,-195.262359619,64.4311218262,367.16394043,107.205863953,-24.9580802917,20.4565296173,-12.7518281937,7.07387113571,45.8352012634,25.5771617889,-19.8879337311,-9.00657081604],[-250.491531372,-63.9244155884,-41.1101455688,107.205863953,170.79927063,62.8451690674,2.39461231232,-13.9491968155,-4.1909737587,0.662500023842,-4.61805295944,-7.2294716835,-1.97685301304],[-96.7350311279,-46.8727836609,7.68679761887,-24.9580802917,62.8451690674,137.501968384,57.3507194519,22.9442958832,-20.6583976746,-19.4736614227,-18.8512840271,2.01432824135,-1.40072095394],[-183.743331909,-23.7577724457,31.0030078888,20.4565296173,2.39461231232,57.3507194519,122.438240051,43.7860641479,8.00508975983,-15.2358093262,-3.16202282906,-6.75195837021,1.48588252068],[40.7223243713,-13.8368844986,20.8528575897,-12.7518281937,-13.9491968155,22.9442958832,43.7860641479,103.184249878,18.8237628937,13.7534999847,-8.76191234589,5.96654415131,-3.89734268188],[-82.2055969238,17.304731369,-3.26048707962,7.07387113571,-4.1909737587,-20.6583976746,8.00508975983,18.8237628937,77.7514266968,32.421875,19.0348091125,-7.75493049622,-0.466472089291],[-10.8442754745,-35.030166626,27.4684638977,45.8352012634,0.662500023842,-19.4736614227,-15.2358093262,13.7534999847,32.421875,92.8488616943,49.4317703247,9.38072490692,-4.76917791367],[-93.8362808228,-4.20419311523,33.7680130005,25.5771617889,-4.61805295944,-18.8512840271,-3.16202282906,-8.76191234589,19.0348091125,49.4317703247,76.7049789429,27.4846343994,7.59753513336],[75.3566741943,9.65547466278,-15.5866794586,-19.8879337311,-7.2294716835,2.01432824135,-6.75195837021,5.96654415131,-7.75493049622,9.38072490692,27.4846343994,61.4729614258,33.1428565979],[7.51767253876,4.89744853973,-24.824010849,-9.00657081604,-1.97685301304,-1.40072095394,1.48588252068,-3.89734268188,-0.466472089291,-4.76917791367,7.59753513336,33.1428565979,58.994972229]],"icov":[[0.000241940826527,-0.000141979107866,0.000317237398122,-0.00010273938824,0.000506052107085,-0.00020954599313,0.000372053182218,-0.000202987386729,0.000298937840853,-0.000269777257927,0.000330471491907,-0.000262521003606,0.000173438049387],[-0.000141979107866,0.000992064131424,-0.000181575669558,0.000636744836811,-0.0005304403021,0.000698480405845,-0.000409784697695,0.000242100300966,-0.000407451589126,0.000445242738351,-0.000296214362606,0.0000131263541334,0.0000452117310488],[0.000317237398122,-0.000181575669558,0.00262187584303,-0.000845245027449,0.00197490677238,-0.00124925898854,0.000678336713463,-0.000800431473181,0.000909086724278,-0.000151890024426,-0.00122514599934,0.000812098383904,0.000611854542512],[-0.00010273938824,0.000636744836811,-0.000845245027449,0.00546416733414,-0.00506544392556,0.00468142377213,-0.00344982277602,0.000738352187909,0.00151123327669,-0.00265234732069,0.000243169968599,0.00102465681266,-0.000293580378639],[0.000506052107085,-0.0005304403021,0.00197490677238,-0.00506544392556,0.0134392948821,-0.00939185265452,0.00525985006243,0.000432237400673,-0.00157239392865,0.00122503470629,-0.000421461940277,0.000558778177947,-0.0000123909421745],[-0.00020954599313,0.000698480405845,-0.00124925898854,0.00468142377213,-0.00939185265452,0.017190463841,-0.0090996613726,-0.000155146219186,0.00408706907183,-0.00238882028498,0.00338874408044,-0.00268786400557,0.00138294440694],[0.000372053182218,-0.000409784697695,0.000678336713463,-0.00344982277602,0.00525985006243,-0.0090996613726,0.0165221560746,-0.00628047203645,-0.00229574297555,0.00623038969934,-0.00550917582586,0.00457681296393,-0.00250168680213],[-0.000202987386729,0.000242100300966,-0.000800431473181,0.000738352187909,0.000432237400673,-0.000155146219186,-0.00628047203645,0.0154424225911,-0.00382657558657,-0.00544974859804,0.00796897802502,-0.0069089657627,0.00335514172912],[0.000298937840853,-0.000407451589126,0.000909086724278,0.00151123327669,-0.00157239392865,0.00408706907183,-0.00229574297555,-0.00382657558657,0.0192474611104,-0.00591889768839,-0.00324031361379,0.00674390327185,-0.00323931244202],[-0.000269777257927,0.000445242738351,-0.000151890024426,-0.00265234732069,0.00122503470629,-0.00238882028498,0.00623038969934,-0.00544974859804,-0.00591889768839,0.0233645699918,-0.0147989122197,0.0023310247343,0.00143426074646],[0.000330471491907,-0.000296214362606,-0.00122514599934,0.000243169968599,-0.000421461940277,0.00338874408044,-0.00550917582586,0.00796897802502,-0.00324031361379,-0.0147989122197,0.0312212649733,-0.0165535714477,0.00429254537448],[-0.000262521003606,0.0000131263541334,0.000812098383904,0.00102465681266,0.000558778177947,-0.00268786400557,0.00457681296393,-0.0069089657627,0.00674390327185,0.0023310247343,-0.0165535714477,0.036026481539,-0.0179520603269],[0.000173438049387,0.0000452117310488,0.000611854542512,-0.000293580378639,-0.0000123909421745,0.00138294440694,-0.00250168680213,0.00335514172912,-0.00323931244202,0.00143426074646,0.00429254537448,-0.0179520603269,0.0270772948861]],"mean":[-737.969543457,199.528045654,18.0952262878,9.77092456818,2.27568030357,2.45856738091,-0.411924391985,6.92361927032,0.881119906902,2.80499911308,-0.798075318336,3.54552412033,1.35551917553]},"pitch_salience":{"dmean":0.0684526711702,"dmean2":0.113221287727,"dvar":0.00345376832411,"dvar2":0.00938692409545,"max":0.906977295876,"mean":0.541948974133,"median":0.546716570854,"min":0.10947047174,"var":0.0124931093305},"silence_rate_20dB":{"dmean":0,"dmean2":0,"dvar":0,"dvar2":0,"max":1,"mean":1,"median":1,"min":1,"var":0},"silence_rate_30dB":{"dmean":0.0209723543376,"dmean2":0.0419477857649,"dvar":0.0205333214253,"dvar2":0.0485532805324,"max":1,"mean":0.974116444588,"median":1,"min":0,"var":0.0252144448459},"silence_rate_60dB":{"dmean":0.00249321688898,"dmean2":0.00498679978773,"dvar":0.002486808924,"dvar2":0.0055496157147,"max":1,"mean":0.0266901310533,"median":0,"min":0,"var":0.0259757936001},"spectral_centroid":{"dmean":85.437461853,"dmean2":135.307556152,"dvar":17633.6523438,"dvar2":34328.2734375,"max":11891.7089844,"mean":587.028747559,"median":497.575805664,"min":163.788894653,"var":644696.3125},"spectral_complexity":{"dmean":1.90643107891,"dmean2":3.08125543594,"dvar":2.97601079941,"dvar2":7.08055496216,"max":40,"mean":11.1069803238,"median":11,"min":0,"var":24.919506073},"spectral_contrast_coeffs":{"dmean":[0.0540704652667,0.0506646186113,0.0401821359992,0.0302092507482,0.0289103444666,0.0187833886594],"dmean2":[0.0902506783605,0.0843285918236,0.0665663406253,0.0497400909662,0.0473447218537,0.0295590907335],"dvar":[0.00184318667743,0.00159110559616,0.00103460904211,0.00061429978814,0.000656814023387,0.000372738402802],"dvar2":[0.00513661000878,0.0042629619129,0.00276879686862,0.00158847169951,0.00163387390785,0.000900472688954],"max":[-0.304624199867,-0.427896022797,-0.526716828346,-0.595235168934,-0.591316699982,-0.60911411047],"mean":[-0.663844406605,-0.757537305355,-0.778490543365,-0.825753927231,-0.855122745037,-0.837139844894],"median":[-0.668982565403,-0.763974189758,-0.781036019325,-0.827885329723,-0.853023886681,-0.843713879585],"min":[-0.975311040878,-0.979295969009,-0.977210998535,-0.978667855263,-0.971197664738,-0.965893030167],"var":[0.00892689451575,0.00496588507667,0.00391211826354,0.0026040202938,0.00239836098626,0.000993202906102]},"spectral_contrast_valleys":{"dmean":[0.358931154013,0.362309515476,0.332531422377,0.359050035477,0.47863471508,0.599808037281],"dmean2":[0.595762372017,0.589539110661,0.531290590763,0.566680431366,0.767358124256,0.974775016308],"dvar":[0.101922728121,0.0991737172008,0.0899377539754,0.125528246164,0.218580126762,0.269329696894],"dvar2":[0.248080790043,0.229708328843,0.199130788445,0.287257254124,0.545062601566,0.674901723862],"max":[-4.99792528152,-4.40782117844,-5.06529378891,-6.02253580093,-6.23547649384,-9.02868556976],"mean":[-6.99138212204,-6.50370073318,-7.37073802948,-8.33431434631,-8.853556633,-11.3911018372],"median":[-6.77904605865,-6.26266431808,-7.17857551575,-8.15505313873,-8.64630794525,-11.2447118759],"min":[-28.2728290558,-27.9827270508,-27.7767944336,-27.8744888306,-27.4960689545,-27.3844528198],"var":[2.85340857506,3.25155997276,3.07105636597,2.71538877487,2.50615715981,2.02593326569]},"spectral_decrease":{"dmean":2.42338926704e-9,"dmean2":3.85802900738e-9,"dvar":1.18635641388e-17,"dvar2":2.81159881347e-17,"max":2.60720867118e-8,"mean":-5.75341996267e-9,"median":-4.3696410934e-9,"min":-6.01317822202e-8,"var":2.93130475212e-17},"spectral_energy":{"dmean":0.0107229510322,"dmean2":0.0167729705572,"dvar":0.000216495609493,"dvar2":0.000504936266225,"max":0.255839318037,"mean":0.0352159962058,"median":0.0270463339984,"min":9.90606621552e-21,"var":0.000800102134235},"spectral_energyband_high":{"dmean":0.0000932733528316,"dmean2":0.000125123260659,"dvar":3.76779460964e-8,"dvar2":6.77860469978e-8,"max":0.00688170082867,"mean":0.000219572713831,"median":0.000104132661363,"min":6.95202087895e-21,"var":1.21545724596e-7},"spectral_energyband_low":{"dmean":0.00453306734562,"dmean2":0.00769808143377,"dvar":0.0000677352145431,"dvar2":0.000178038084414,"max":0.183096915483,"mean":0.00972315296531,"median":0.00848180428147,"min":1.53159080243e-23,"var":0.000075100644608},"spectral_energyband_middle_high":{"dmean":0.00124635675456,"dmean2":0.00187921791803,"dvar":0.00000742191014069,"dvar2":0.0000165054843819,"max":0.0733369290829,"mean":0.00284503679723,"median":0.0010532985907,"min":1.12825819965e-21,"var":0.0000264677946689},"spectral_energyband_middle_low":{"dmean":0.00668243225664,"dmean2":0.0104135032743,"dvar":0.00011265266221,"dvar2":0.000263375870418,"max":0.23264926672,"mean":0.0162172466516,"median":0.0100247785449,"min":1.58923539313e-22,"var":0.000371591100702},"spectral_entropy":{"dmean":0.307951003313,"dmean2":0.488372713327,"dvar":0.0730855986476,"dvar2":0.18856818974,"max":9.81763648987,"mean":6.8087644577,"median":6.83074140549,"min":4.54995155334,"var":0.29188978672},"spectral_flux":{"dmean":0.0215204544365,"dmean2":0.0349731966853,"dvar":0.000565191206988,"dvar2":0.00131250009872,"max":0.373860955238,"mean":0.0902894437313,"median":0.0821787416935,"min":6.34078137218e-11,"var":0.00220848224126},"spectral_kurtosis":{"dmean":13.3590612411,"dmean2":21.7218532562,"dvar":203.960205078,"dvar2":530.34185791,"max":154.502258301,"mean":32.856300354,"median":28.3312721252,"min":-1.26445102692,"var":365.11239624},"spectral_rms":{"dmean":0.000822977512144,"dmean2":0.00128485599998,"dvar":7.64477249504e-7,"dvar2":0.00000175684738224,"max":0.0157987140119,"mean":0.00544045399874,"median":0.00513679534197,"min":3.1087706194e-12,"var":0.00000475846854897},"spectral_rolloff":{"dmean":4808.54833984,"dmean2":9379.37207031,"dvar":66997456,"dvar2":165912944,"max":22028.4667969,"mean":11260.4248047,"median":17721.8261719,"min":21.533203125,"var":104224864},"spectral_skewness":{"dmean":0.914532005787,"dmean2":1.47838318348,"dvar":0.748369812965,"dvar2":1.9767100811,"max":9.97208309174,"mean":4.41429185867,"median":4.26149988174,"min":-0.0856955945492,"var":1.68032002449},"spectral_spread":{"dmean":744075.3125,"dmean2":1171899,"dvar":509330817024,"dvar2":1132822003710,"max":43159756,"mean":3890712,"median":3607026,"min":997336.375,"var":8414369939460},"spectral_strongpeak":{"dmean":3.80097794533,"dmean2":6.9858789444,"dvar":269.96987915,"dvar2":689.830749512,"max":296.110992432,"mean":3.77785634995,"median":0.252971410751,"min":0,"var":339.298126221},"zerocrossingrate":{"dmean":0.0347598083317,"dmean2":0.0459323115647,"dvar":0.00091931206407,"dvar2":0.00152559136041,"max":0.8203125,"mean":0.248226314783,"median":0.23779296875,"min":0.0029296875,"var":0.00871189963073}},"metadata":{"audio_properties":{"analysis_sample_rate":44100,"bit_rate":320000,"codec":"mp3","downmix":"mix","equal_loudness":0,"length":316.630218506,"lossless":false,"md5_encoded":"23bd601b57e2eb6cf54e51403a087be5","replay_gain":-2.52989578247,"sample_rate":44100},"tags":{"album":["Physical Graffiti"],"albumartist":["Led Zeppelin"],"albumartistsort":["Led Zeppelin"],"artist":["Led Zeppelin"],"artistsort":["Led Zeppelin"],"asin":["B000002JSN"],"date":["1975"],"discnumber":["2/2"],"file_name":"03. Led Zeppelin - Down by the Seaside.mp3","genre":["Classic Rock"],"musicbrainz album release country":["US"],"musicbrainz album status":["official"],"musicbrainz album type":["album"],"musicbrainz_albumartistid":["678d88b2-87b0-403b-b63d-5da7465aecc3"],"musicbrainz_albumid":["4af4a061-fd51-47dd-ab70-6b5fec2440e1"],"musicbrainz_artistid":["678d88b2-87b0-403b-b63d-5da7465aecc3"],"musicbrainz_recordingid":["be3ccb5a-c43a-4c57-b73f-16791160fe7d"],"title":["Down by the Seaside"],"tracknumber":["3/9"]},"version":{"essentia":"2.1-beta1","essentia_build_sha":"ca57ba49d9b1854bd80e60cf9ccf267278fb7d6b","essentia_git_sha":"v2.1_beta1-28-g21ef5f4-dirty","extractor":"music 1.0"}},"rhythm":{"beats_count":512,"beats_loudness":{"dmean":0.0237518828362,"dmean2":0.0411945916712,"dvar":0.000674704264384,"dvar2":0.00185647641774,"max":0.241486430168,"mean":0.0456604659557,"median":0.0365201868117,"min":0,"var":0.00109646946657},"beats_loudness_band_ratio":{"dmean":[0.169378355145,0.117347590625,0.131726101041,0.0623533800244,0.00714184064418,0.0731864720583],"dmean2":[0.289344370365,0.200258538127,0.228687316179,0.111812271178,0.0124704074115,0.127480491996],"dvar":[0.0195240341127,0.0132859218866,0.0176502615213,0.00723333610222,0.0000945248029893,0.00474110944197],"dvar2":[0.052213858813,0.0367659181356,0.0493872314692,0.0193341970444,0.00023695