{"lowlevel":{"average_loudness":0.938466787338,"barkbands":{"dmean":[0.000528851000126,0.00364132993855,0.000574369973037,0.000404466991313,0.00104195880704,0.000661811209284,0.000699516909663,0.000713442859706,0.00147444126196,0.00191922252998,0.0015332037583,0.00154210499022,0.00109169643838,0.000479503214592,0.000511662918143,0.000396323623136,0.000226648218813,0.000242698282818,0.000189817903447,0.000084156919911,0.0000158138846018,0.00000380531696464,0.00000201038960768,0.00000755010023568,0.00000170257874288,0.00000359651744475,0.0000394736707676],"dmean2":[0.000879478116985,0.00586108351126,0.000967629195657,0.000677033793181,0.00166058971081,0.00103889009915,0.00107875070535,0.001141034998,0.00225197034888,0.00307489512488,0.0025249440223,0.00255610910244,0.00177482038271,0.000776482513174,0.000837812316604,0.000656920543406,0.000368854409317,0.000380223500542,0.000272284232778,0.000127163424622,0.0000231981794059,0.00000602705131314,0.00000334899505106,0.0000125503429445,0.00000285112037091,0.00000594889797867,0.0000567432216485],"dvar":[7.65924312418e-7,0.000033006308513,8.68506901952e-7,4.74626574487e-7,0.00000380883079742,0.00000182080054856,0.00000447371940027,0.00000558485726287,0.0000143026254591,0.0000156549558596,0.0000110564715214,0.00000748422826291,0.00000363481649401,6.64185336063e-7,0.00000137482811624,3.23199913055e-7,1.64322344176e-7,7.92398509475e-7,9.36506125981e-7,1.98254952011e-7,2.58782728579e-9,4.3362067409e-11,1.10253750574e-11,6.04594915798e-11,8.60191692181e-12,1.4258912627e-11,1.55716151085e-8],"dvar2":[0.00000198095472115,0.0000805426825536,0.00000232587717619,0.00000126879308482,0.00000939520487009,0.00000390090417568,0.00000977003855951,0.0000145473468365,0.0000298269260384,0.0000376387979486,0.0000273696041404,0.0000208388228202,0.00000936108335736,0.00000163301058365,0.00000346876731783,8.24582457426e-7,4.09050613825e-7,0.00000159803096267,0.00000190364914943,4.50409345376e-7,4.83511142235e-9,8.81772155292e-11,2.62009233754e-11,1.5730429459e-10,2.04880903909e-11,3.56284238223e-11,2.83854646455e-8],"max":[0.0113322362304,0.123296886683,0.014331526123,0.0138952890411,0.0436094105244,0.0237308107316,0.0601958110929,0.0600985810161,0.0861397534609,0.0807788521051,0.0919230952859,0.0532966777682,0.0451421588659,0.0143516827375,0.0418783947825,0.0101440129802,0.0137908793986,0.0391132980585,0.0400334857404,0.0178716015071,0.00237795431167,0.000227316864766,0.0000876206468092,0.0000915117416298,0.0000824989838293,0.000082607526565,0.00493109133095],"mean":[0.00066942902049,0.00765501707792,0.00083247612929,0.000516825646628,0.00172862398904,0.0011336999014,0.00104201643262,0.001005778322,0.00229985197075,0.00297678099014,0.00240933010355,0.00269720121287,0.00171929388307,0.000800770649221,0.00090432917932,0.000754162785597,0.000456722074887,0.00046685023699,0.000349874811945,0.000151820553583,0.0000328534224536,0.00000723464154362,0.00000226723159358,0.0000112876959975,0.00000161750062944,0.00000545963393961,0.000116076538689],"median":[0.000315839832183,0.00344240455888,0.000427356455475,0.000240347377257,0.00073953520041,0.000380951591069,0.000259488006122,0.000277651415672,0.00066982593853,0.00120733282529,0.000846491777338,0.00131135398988,0.000920338905416,0.000424733210821,0.000531481811777,0.000541487883311,0.000316323013976,0.000277025043033,0.000185050448636,0.0000797726170276,0.0000214150659303,0.00000512021006216,0.00000106795641841,0.00000870471012604,5.39564666724e-7,0.00000431398439105,0.0000867462658789],"min":[1.46896809019e-25,1.39965243552e-24,1.25089693462e-24,1.33211036203e-24,6.97954546656e-24,4.66486348757e-24,6.60251097463e-24,5.29876765632e-24,1.49684794821e-23,1.40292916651e-23,1.46885679671e-23,2.23996580721e-23,2.89506871952e-23,4.04652322894e-23,3.99420187163e-23,5.1152205496e-23,6.74212468204e-23,8.85589514806e-23,1.31819969927e-22,1.81293779184e-22,2.2258686104e-22,3.00888689621e-22,3.33577697138e-22,5.66927953074e-22,8.93708572217e-22,1.26440524204e-21,1.92847688437e-21],"var":[0.00000102820138181,0.000137532348162,0.00000140778604418,7.4588916732e-7,0.00000818622174847,0.00000448157607025,0.00000817819454824,0.00000865314450493,0.0000368185901607,0.0000302752432617,0.000024688348276,0.0000160069594131,0.00000706824584995,0.00000144666432789,0.00000275162005892,6.80609616666e-7,3.4778898339e-7,0.00000151709775764,0.0000016288469169,2.94495492881e-7,5.94722360248e-9,9.43168737555e-11,1.28813739189e-11,9.38622027324e-11,9.46208823099e-12,2.19838001969e-11,3.60294478696e-8]},"barkbands_crest":{"dmean":2.76252150536,"dmean2":4.5251326561,"dvar":5.85037899017,"dvar2":14.9656333923,"max":25.3219089508,"mean":10.0248727798,"median":8.99028778076,"min":2.45909881592,"var":19.6541500092},"barkbands_flatness_db":{"dmean":0.020893227309,"dmean2":0.0331878475845,"dvar":0.000307860755129,"dvar2":0.000784337345976,"max":0.399985671043,"mean":0.140572011471,"median":0.131292194128,"min":0.0407712012529,"var":0.00195614178665},"barkbands_kurtosis":{"dmean":2.10870432854,"dmean2":3.35263180733,"dvar":39.0774917603,"dvar2":93.5202102661,"max":356.981567383,"mean":3.12153363228,"median":0.713549137115,"min":-1.82021415234,"var":134.004821777},"barkbands_skewness":{"dmean":0.455484330654,"dmean2":0.715225100517,"dvar":0.232091635466,"dvar2":0.516171991825,"max":15.7099571228,"mean":0.747488677502,"median":0.602880954742,"min":-2.14997601509,"var":1.51797771454},"barkbands_spread":{"dmean":4.50458955765,"dmean2":7.1214966774,"dvar":24.8645572662,"dvar2":59.3258590698,"max":118.076515198,"mean":21.0060462952,"median":21.1757011414,"min":0.500480353832,"var":114.494476318},"dissonance":{"dmean":0.0173615831882,"dmean2":0.0298705417663,"dvar":0.000368409935618,"dvar2":0.00101930985693,"max":0.500000119209,"mean":0.475042164326,"median":0.48366907239,"min":0.309321552515,"var":0.000641131191514},"dynamic_complexity":2.63466119766,"erbbands":{"dmean":[0.110948003829,0.837421894073,0.877500772476,0.921543240547,1.97928476334,4.19910144806,5.39866638184,5.68557024002,8.52210521698,11.6331882477,18.2213497162,29.4880218506,51.5629310608,68.9158172607,49.9526557922,62.9907913208,49.0161209106,25.6250171661,25.3545665741,19.701259613,22.6567153931,12.2626676559,11.5912065506,11.9982843399,7.81455659866,3.93180608749,1.09982860088,0.361311972141,0.146553605795,0.0779034867883,0.0772825554013,0.245572462678,0.0316255241632,0.0192856304348,0.0119935907423,0.00687501812354,0.012526457198,0.0017228666693,0.0030160988681,0.000945972162299],"dmean2":[0.183137714863,1.34139227867,1.44073212147,1.55075860023,3.21464824677,6.71523857117,8.57449817657,9.03082466125,13.1222257614,17.860994339,29.1017131805,45.1312942505,81.8094329834,109.942817688,82.8163375854,104.445892334,79.8275680542,40.8477172852,40.6070480347,32.1648139954,37.7265739441,19.7728805542,18.1186256409,17.7091846466,11.6402235031,5.89861869812,1.60273647308,0.531851172447,0.227409616113,0.127354517579,0.127729669213,0.4088319242,0.0524621196091,0.0322782695293,0.0200785174966,0.0114629846066,0.0207997225225,0.00270242034458,0.00415871432051,0.00135709811002],"dvar":[0.0253051128238,1.97215902805,2.11744570732,2.20845389366,12.0215568542,78.4779205322,118.536308289,150.170852661,850.350158691,1138.88305664,3587.98022461,6169.91748047,15445.1455078,23220.5175781,9189.01269531,13188.0556641,7660.31787109,1698.50537109,3295.55615234,1334.55456543,1103.9954834,442.918182373,1558.77380371,2996.51049805,1776.45324707,539.224060059,19.087556839,0.898435592651,0.0759111717343,0.015234855935,0.00888036843389,0.0660204738379,0.0023645835463,0.00110004271846,0.000426572398283,0.000130091502797,0.000165499062859,0.00000733971000955,0.000229135650443,0.00000833747344586],"dvar2":[0.0687604546547,4.61223220825,5.1408367157,5.993309021,29.9258060455,187.964614868,265.251098633,337.920959473,1906.68945312,2362.34765625,9605.37304688,12786.9892578,36197.3671875,53840.6992188,25433.4511719,36556.1757812,19920.0371094,4103.24853516,8508.68164062,3187.95922852,2853.31347656,1013.63885498,3594.96118164,5032.24902344,3914.59545898,1249.53479004,35.2811737061,1.59270071983,0.139469370246,0.0351086817682,0.0212552379817,0.173061341047,0.0056552910246,0.00262075243518,0.00101589097176,0.000310319592245,0.000430050713476,0.0000144478290167,0.000447780243121,0.0000148844592331],"max":[2.27813982964,30.9096508026,26.3114509583,28.753786087,61.5785980225,259.679718018,210.899978638,233.988723755,1072.82946777,1116.65075684,1363.36071777,1876.14526367,3029.96704102,3363.6262207,2138.04833984,2193.33422852,1950.39709473,823.176696777,1972.87121582,1175.00317383,670.253845215,652.092834473,1735.41845703,2788.85766602,1979.52001953,932.954772949,203.293960571,50.4325523376,11.9964256287,3.01264595985,2.45211243629,2.27900695801,1.38379073143,0.933094799519,0.581216394901,0.322833269835,0.158598199487,0.0887236073613,0.64534085989,0.113653503358],"mean":[0.203468337655,1.72056567669,1.65591406822,1.3613152504,3.23768639565,6.50328016281,8.23718166351,9.56430339813,12.5770931244,18.5351657867,26.8910312653,47.1442070007,80.5503616333,111.518424988,92.6134338379,112.762496948,82.875831604,47.6931419373,46.1331443787,40.3445777893,44.2341537476,26.7769184113,23.5043830872,23.093580246,14.7478199005,7.25585508347,2.28286075592,0.815527558327,0.295867323875,0.112398073077,0.116478033364,0.363386690617,0.0382116883993,0.0187393203378,0.0114871477708,0.00748964352533,0.0190220493823,0.00358710088767,0.00748884957284,0.00296429730952],"median":[0.110155284405,0.650401949883,0.731290459633,0.790669023991,1.29951858521,2.47873258591,3.05017662048,3.11747741699,3.35133504868,5.11534118652,7.84900665283,14.7912654877,31.0947761536,45.1571578979,40.0871505737,56.2431869507,46.3967514038,29.1393089294,25.12890625,28.4557266235,32.2384605408,18.9610939026,14.3991661072,12.9078006744,8.1109085083,3.87448835373,1.3533437252,0.553876161575,0.210015907884,0.0670977532864,0.0887351036072,0.276234328747,0.0227832496166,0.00661824736744,0.00393027439713,0.00356600154191,0.0147116985172,0.00278767477721,0.00472172256559,0.00229721306823],"min":[4.6448070146e-23,6.08697645756e-22,1.83362111893e-21,5.63457540644e-21,1.22540070751e-20,1.35746057698e-20,4.05603425098e-20,3.4327236095e-20,9.84854678991e-20,7.21014888989e-20,1.82357743377e-19,3.68456902213e-19,5.75128857138e-19,7.6518993969e-19,6.6623432301e-19,1.25711280241e-18,1.62387569043e-18,2.08359351677e-18,2.26494955735e-18,2.6726317261e-18,3.23976267729e-18,4.30676383573e-18,6.13349502483e-18,5.58674559714e-18,7.95875465963e-18,8.65923601775e-18,7.97869219393e-18,1.05163350751e-17,9.33487052464e-18,1.01184496199e-17,9.90191276072e-18,9.85805647182e-18,9.88298769548e-18,8.2131548842e-18,5.77093059541e-18,4.05954932914e-18,2.19046814704e-18,9.17547612933e-19,2.49830310181e-19,2.66408444298e-20],"var":[0.0679621100426,8.65701675415,7.29745674133,3.68727779388,26.6747169495,172.113204956,257.334960938,326.63381958,1312.94787598,2496.69921875,5482.5390625,13973.4511719,30171.9257812,50101.3515625,20597.5078125,27782.9101562,15347.7958984,4041.77954102,6983.32470703,2981.73950195,2355.31811523,1054.85913086,2915.7824707,6640.921875,2606.1965332,741.971435547,41.1410446167,2.44320225716,0.186628058553,0.0224814601243,0.0124611081555,0.101193554699,0.00275210663676,0.00121110968757,0.000469572172733,0.000145626196172,0.000259212421952,0.0000172939871845,0.000448944862001,0.0000201502280106]},"erbbands_crest":{"dmean":3.0916352272,"dmean2":5.1294298172,"dvar":8.35638427734,"dvar2":21.8789272308,"max":30.7275314331,"mean":10.10227108,"median":9.14963912964,"min":2.15876841545,"var":20.4809913635},"erbbands_flatness_db":{"dmean":0.0227642916143,"dmean2":0.0357906781137,"dvar":0.000358104589395,"dvar2":0.000895470788237,"max":0.456044614315,"mean":0.205869048834,"median":0.196666076779,"min":0.0369511917233,"var":0.00321070291102},"erbbands_kurtosis":{"dmean":1.33907258511,"dmean2":2.14490532875,"dvar":3.28600692749,"dvar2":7.37145137787,"max":49.5392456055,"mean":1.59668147564,"median":0.946499586105,"min":-1.70625972748,"var":7.63862705231},"erbbands_skewness":{"dmean":0.396342217922,"dmean2":0.616802453995,"dvar":0.127559185028,"dvar2":0.289561867714,"max":3.64378929138,"mean":0.0181928370148,"median":-0.0485282987356,"min":-4.31583070755,"var":0.722415328026},"erbbands_spread":{"dmean":4.3785161972,"dmean2":6.89571523666,"dvar":24.4969558716,"dvar2":57.8713912964,"max":135.804092407,"mean":18.794052124,"median":16.5788879395,"min":1.10817503929,"var":131.228637695},"gfcc":{"cov":[[34027.7460938,3172.515625,-3252.33154297,193.302658081,59.479724884,-494.719116211,156.196929932,9.06670093536,-302.109039307,-354.441345215,111.32698822,-28.1448574066,-11.5023860931],[3172.515625,877.342102051,-89.2911605835,114.153617859,53.1414031982,-136.000183105,48.9219856262,-66.0953598022,16.0393848419,-44.3243179321,38.066570282,-9.14228248596,-29.4981536865],[-3252.33154297,-89.2911605835,1166.47460938,569.91015625,37.177570343,117.53037262,-106.695159912,52.5858039856,-7.49428033829,71.489112854,-23.0055885315,44.1659736633,-58.7020339966],[193.302658081,114.153617859,569.91015625,677.952819824,242.005096436,-40.7632217407,47.7030487061,-17.2245197296,-8.18231773376,4.05507612228,7.14162397385,30.7027626038,-34.9933242798],[59.479724884,53.1414031982,37.177570343,242.005096436,288.018676758,45.2434921265,110.378982544,-61.7745857239,6.0463385582,-26.7103595734,23.6663894653,5.18144178391,9.65485858917],[-494.719116211,-136.000183105,117.53037262,-40.7632217407,45.2434921265,353.739440918,-17.7013034821,41.7025718689,-46.4909172058,17.0675830841,-26.6819477081,28.7523956299,0.22577573359],[156.196929932,48.9219856262,-106.695159912,47.7030487061,110.378982544,-17.7013034821,205.868865967,24.7130317688,41.4178962708,-26.9152164459,14.964173317,6.31191921234,16.4444923401],[9.06670093536,-66.0953598022,52.5858039856,-17.2245197296,-61.7745857239,41.7025718689,24.7130317688,164.780502319,60.1122016907,34.9440116882,-5.71924495697,-1.08049976826,-2.68007683754],[-302.109039307,16.0393848419,-7.49428033829,-8.18231773376,6.0463385582,-46.4909172058,41.4178962708,60.1122016907,131.07131958,47.1165657043,15.6157846451,-10.2519769669,-24.9003181458],[-354.441345215,-44.3243179321,71.489112854,4.05507612228,-26.7103595734,17.0675830841,-26.9152164459,34.9440116882,47.1165657043,93.0996704102,31.0734767914,-0.318534821272,-4.07712745667],[111.32698822,38.066570282,-23.0055885315,7.14162397385,23.6663894653,-26.6819477081,14.964173317,-5.71924495697,15.6157846451,31.0734767914,69.1845169067,30.2645797729,-1.95612740517],[-28.1448574066,-9.14228248596,44.1659736633,30.7027626038,5.18144178391,28.7523956299,6.31191921234,-1.08049976826,-10.2519769669,-0.318534821272,30.2645797729,66.4597167969,29.4705810547],[-11.5023860931,-29.4981536865,-58.7020339966,-34.9933242798,9.65485858917,0.22577573359,16.4444923401,-2.68007683754,-24.9003181458,-4.07712745667,-1.95612740517,29.4705810547,84.427192688]],"icov":[[0.000397115421947,-0.0011244234629,0.00268279993907,-0.00339535158128,0.00260151224211,-0.0016546085244,0.00101269443985,-0.000790470396169,0.0000427176310041,0.00125266530085,-0.00180843507405,0.00142110418528,-0.000861004868057],[-0.0011244234629,0.00480392714962,-0.00708851078525,0.00735474051908,-0.00419570319355,0.00283569819294,-0.00291153625585,0.00413189409301,-0.00311341951601,0.000724382989574,-0.000446820020443,0.000831678335089,-0.000368416163838],[0.00268279993907,-0.00708851078525,0.0208907462656,-0.0275335498154,0.0222110021859,-0.014356165193,0.00765020260587,-0.00360167981125,-0.00300691463053,0.0111497435719,-0.0161497909576,0.0134081440046,-0.00850686617196],[-0.00339535158128,0.00735474051908,-0.0275335498154,0.0468730553985,-0.0465763956308,0.0302821788937,-0.00928204320371,-0.00475914450362,0.019701987505,-0.0351524427533,0.0485904701054,-0.0451354086399,0.0302874110639],[0.00260151224211,-0.00419570319355,0.0222110021859,-0.0465763956308,0.0583116486669,-0.0363179966807,0.00399066787213,0.0154010392725,-0.0315346904099,0.0480858683586,-0.0662715882063,0.0625713691115,-0.0421882495284],[-0.0016546085244,0.00283569819294,-0.014356165193,0.0302821788937,-0.0363179966807,0.027384120971,-0.00444089388475,-0.010325698182,0.0234093144536,-0.03442068398,0.0468476861715,-0.0446528196335,0.0298661757261],[0.00101269443985,-0.00291153625585,0.00765020260587,-0.00928204320371,0.00399066787213,-0.00444089388475,0.0113236652687,-0.00451898900792,-0.00314064091071,0.00779137946665,-0.00735991727561,0.00460663530976,-0.00452943099663],[-0.000790470396169,0.00413189409301,-0.00360167981125,-0.00475914450362,0.0154010392725,-0.010325698182,-0.00451898900792,0.0204413533211,-0.0196495763958,0.0157483946532,-0.0215889271349,0.023268930614,-0.0170027203858],[0.0000427176310041,-0.00311341951601,-0.00300691463053,0.019701987505,-0.0315346904099,0.0234093144536,-0.00314064091071,-0.0196495763958,0.041670832783,-0.0427862145007,0.0491106361151,-0.0475188493729,0.0364738628268],[0.00125266530085,0.000724382989574,0.0111497435719,-0.0351524427533,0.0480858683586,-0.03442068398,0.00779137946665,0.0157483946532,-0.0427862145007,0.072065345943,-0.0810281708837,0.0725637748837,-0.0491641312838],[-0.00180843507405,-0.000446820020443,-0.0161497909576,0.0485904701054,-0.0662715882063,0.0468476861715,-0.00735991727561,-0.0215889271349,0.0491106361151,-0.0810281708837,0.12072250247,-0.104613631964,0.0665952712297],[0.00142110418528,0.000831678335089,0.0134081440046,-0.0451354086399,0.0625713691115,-0.0446528196335,0.00460663530976,0.023268930614,-0.0475188493729,0.0725637748837,-0.104613631964,0.113124608994,-0.0685178488493],[-0.000861004868057,-0.000368416163838,-0.00850686617196,0.0302874110639,-0.0421882495284,0.0298661757261,-0.00452943099663,-0.0170027203858,0.0364738628268,-0.0491641312838,0.0665952712297,-0.0685178488493,0.0571676194668]],"mean":[-33.6976318359,103.539993286,-132.670043945,-12.6008377075,-3.8388478756,-8.02977466583,-1.07688510418,-2.01821327209,-7.44193124771,-11.9988679886,1.8587679863,-2.24222612381,-4.27328920364]},"hfc":{"dmean":7.83627462387,"dmean2":11.6998872757,"dvar":136.522521973,"dvar2":280.970397949,"max":362.308868408,"mean":27.4710102081,"median":23.1767311096,"min":1.05562923655e-16,"var":472.71484375},"melbands":{"dmean":[0.00101151235867,0.000678995915223,0.000177840265678,0.000204861236853,0.000196257344214,0.000126882674522,0.000132816814585,0.000128416795633,0.00016366149066,0.000205930351513,0.000265190639766,0.000283513014438,0.000185881537618,0.000163566000992,0.000155242145411,0.0000984634680208,0.0000471786479466,0.0000431808803114,0.0000400326352974,0.0000225093208428,0.0000299965340673,0.0000152765151142,0.00000903115414985,0.0000132029927045,0.0000102520862129,0.00000716087151886,0.00000475084971185,0.00000230481441577,8.05066463272e-7,3.77829138642e-7,1.73107551404e-7,9.58332506684e-8,5.47351710622e-8,4.0313217653e-8,3.21173416751e-8,1.56311685373e-7,1.13878527941e-7,2.03693062417e-8,1.78088317426e-8,1.57088972941e-8],"dmean2":[0.00164755538572,0.00108273606747,0.000295180449029,0.000325056898873,0.00031293783104,0.000201505143195,0.00020346949168,0.000199068075744,0.000261012086412,0.000313963042572,0.000420556665631,0.000453102838947,0.000306844071019,0.000271402823273,0.00025748621556,0.000160062903888,0.0000759735848987,0.0000695548078511,0.0000656067204545,0.0000370258567273,0.0000503315932292,0.0000249912827712,0.0000144415043906,0.0000207688099181,0.000015334238924,0.0000108512713268,0.00000721077049093,0.00000353350765181,0.0000012387042716,5.67119798234e-7,2.67850566615e-7,1.5203548287e-7,8.80116957092e-8,6.68754651656e-8,5.34198463242e-8,2.60024222598e-7,1.89543342799e-7,3.40985906178e-8,2.98161140222e-8,2.6299041167e-8],"dvar":[0.00000230458022088,0.00000131007629989,7.7702480894e-8,1.44197073837e-7,1.45437809351e-7,7.18730959193e-8,1.81091792228e-7,1.42444562812e-7,2.56487112438e-7,3.06003585138e-7,3.95730040736e-7,3.86692448728e-7,1.36229118652e-7,8.90151099497e-8,7.5804990729e-8,2.78785368124e-8,6.36271968446e-9,8.32721713806e-9,7.7119937103e-9,1.34898081594e-9,2.1194694888e-9,6.33763486135e-10,6.95441704224e-10,2.32166419423e-9,2.25794294373e-9,1.53591417362e-9,5.51568624108e-10,1.93922836123e-10,1.03322558842e-11,1.66090025847e-12,1.34584062102e-13,3.23584000849e-14,7.52737089105e-15,4.18492763569e-15,2.87001232309e-15,2.647158717e-14,1.39853516748e-14,1.22562956962e-15,9.39814818714e-16,7.31946845409e-16],"dvar2":[0.00000596642439632,0.00000296309508485,2.0744236906e-7,3.42815667409e-7,3.44140516972e-7,1.59598897653e-7,4.0337675955e-7,3.11653309382e-7,6.68943812343e-7,6.218401154e-7,9.257162219e-7,8.99978715552e-7,3.59896773716e-7,2.50720376016e-7,2.0314460869e-7,6.9870139896e-8,1.57753632379e-8,2.11989572563e-8,1.87095352544e-8,3.34939675994e-9,5.485265131e-9,1.5804654252e-9,1.65292968202e-9,4.87209517175e-9,3.91445542647e-9,3.55097018456e-9,1.22626864218e-9,4.52511000892e-10,2.03505979429e-11,3.03056776722e-12,2.58080042797e-13,6.35210539225e-14,1.61317475627e-14,9.97741114988e-15,6.82738836915e-15,6.91242514075e-14,3.65342149166e-14,2.92560394245e-15,2.23964849792e-15,1.74336172973e-15],"max":[0.0291581470519,0.0254127141088,0.00558846117929,0.00981237832457,0.00695001520216,0.00525609962642,0.0140887740999,0.0112000927329,0.0120870275423,0.0120671540499,0.0152162918821,0.013143742457,0.00860495492816,0.00479373987764,0.00624210108072,0.00308583932929,0.00158791651484,0.00258849351667,0.00277680996805,0.000960038683843,0.00113690795843,0.00073909026105,0.00111004814971,0.00208138651215,0.00242598680779,0.00185135379434,0.000999888172373,0.000586652487982,0.000148446226376,0.0000808392869658,0.0000137464794534,0.00000763788557379,0.00000234253525377,0.00000157598037731,0.00000141646023621,0.00000141627947414,0.00000121762934668,9.80147774499e-7,8.60948148329e-7,7.61064711696e-7],"mean":[0.00206968327984,0.00144419202115,0.000280465057585,0.000351115420926,0.000300728628645,0.000215622305404,0.000199582311325,0.000200469687115,0.000232450911426,0.000322164298268,0.000402532692533,0.000447403668659,0.000315827317536,0.000289616378723,0.000257510255324,0.000152947759489,0.0000798340624897,0.0000722011609469,0.0000690291271894,0.0000433832246927,0.0000537271444045,0.0000294807850878,0.0000169944232766,0.0000242454370891,0.0000182777548616,0.0000123385461848,0.00000815272233012,0.00000393313757741,0.00000153224380028,7.45639681554e-7,3.68122613281e-7,1.84445212881e-7,8.49851744533e-8,5.03383645878e-8,3.36115455468e-8,2.33532233551e-7,1.69361825897e-7,1.94880716009e-8,1.69498317604e-8,1.49288865714e-8],"median":[0.00104992114939,0.000591216492467,0.000163125398103,0.00013903476065,0.000119360287499,0.0000709948508302,0.0000529241879121,0.0000554276775802,0.0000666225969326,0.0000953614362516,0.000149088053149,0.000171441482962,0.000123092540889,0.000132443965413,0.000130845495733,0.0000818659755168,0.0000452730673715,0.0000353131908923,0.0000429875362897,0.0000299832136079,0.0000375066483684,0.0000201240181923,0.0000100686720543,0.0000142390090332,0.00000967185314948,0.00000645635827823,0.00000429592000728,0.00000201183070203,8.58568341755e-7,4.72459106504e-7,2.57048583308e-7,1.30838714085e-7,5.34657758067e-8,2.68516302526e-8,1.38063693811e-8,1.78438199328e-7,1.30107821406e-7,6.68488553401e-9,5.6805626869e-9,4.99078112171e-9],"min":[3.92185600993e-25,7.85269566646e-25,1.67995857819e-24,1.1641993462e-24,1.91411399132e-24,7.91421646327e-25,1.5013767395e-24,6.31243784648e-25,1.53129882528e-24,2.10929947851e-24,2.32264552982e-24,2.81985745864e-24,1.88385111763e-24,2.92318640431e-24,1.98766402946e-24,3.17628808701e-24,3.34480968118e-24,2.69563020708e-24,3.20282595951e-24,3.06660723333e-24,3.23313715093e-24,4.01616659913e-24,4.45258930101e-24,3.60904810772e-24,3.9738576222e-24,4.28431383145e-24,3.62202802505e-24,5.07910618181e-24,3.84645343056e-24,4.40097413199e-24,4.952922358e-24,4.35385823113e-24,5.60470211486e-24,5.19003067471e-24,5.11520721785e-24,6.61320319534e-24,5.58815536294e-24,5.88470040456e-24,5.76131190936e-24,6.20490456801e-24],"var":[0.00000817237560113,0.00000612258145338,1.41336997217e-7,3.53044072199e-7,2.93749025104e-7,1.60779009661e-7,3.03336889829e-7,2.98606067872e-7,3.97053582901e-7,7.44407316233e-7,7.67973801885e-7,8.28752490634e-7,3.15508088988e-7,1.91941083472e-7,1.65246689221e-7,5.15088451891e-8,1.35555318082e-8,1.86470749952e-8,1.54789656648e-8,2.61023136439e-9,4.15407930277e-9,1.335754507e-9,1.25915378124e-9,4.23583434994e-9,4.84184070615e-9,2.03601890902e-9,8.07829636518e-10,2.52772996978e-10,1.98220814762e-11,3.55148809666e-12,3.52305207577e-13,7.19821405715e-14,1.36930024882e-14,5.32730487802e-15,3.30311466858e-15,4.10379026497e-14,2.15349707332e-14,1.34695962778e-15,1.03381821756e-15,8.05440453171e-16]},"melbands_crest":{"dmean":3.36450719833,"dmean2":5.5183224678,"dvar":8.73722934723,"dvar2":23.1514472961,"max":37.3029708862,"mean":12.8385887146,"median":12.0732498169,"min":1.58259785175,"var":27.8862438202},"melbands_flatness_db":{"dmean":0.026435803622,"dmean2":0.0419694669545,"dvar":0.000489051511977,"dvar2":0.00125202932395,"max":0.55598038435,"mean":0.229850694537,"median":0.228012740612,"min":0.00303440308198,"var":0.00353207695298},"melbands_kurtosis":{"dmean":3.28831553459,"dmean2":5.15800619125,"dvar":109.51222229,"dvar2":241.719711304,"max":487.360076904,"mean":5.05744695663,"median":1.05380868912,"min":-1.85611951351,"var":405.621063232},"melbands_skewness":{"dmean":0.58806926012,"dmean2":0.91896378994,"dvar":0.37999278307,"dvar2":0.862951099873,"max":17.1816635132,"mean":1.22526073456,"median":0.899640262127,"min":-4.3883728981,"var":2.59950590134},"melbands_spread":{"dmean":6.57996940613,"dmean2":10.4310741425,"dvar":55.7894477844,"dvar2":133.398895264,"max":173.722686768,"mean":29.3828792572,"median":26.5899353027,"min":0.469212174416,"var":460.964752197},"mfcc":{"cov":[[8825.51855469,2437.78857422,-900.273376465,716.203979492,-0.42023319006,-8.41227436066,295.064117432,165.468399048,6.73062849045,45.8989448547,-54.0049629211,81.758605957,-51.1695976257],[2437.78857422,1347.35888672,-254.793014526,200.034393311,-12.5022153854,17.2708950043,44.5026283264,48.4467163086,-51.8876037598,85.4295349121,-57.2327232361,77.4419784546,-85.6431503296],[-900.273376465,-254.793014526,840.106140137,218.657592773,186.915847778,41.5869522095,-41.7917404175,-4.88803291321,-37.5145530701,16.8090496063,53.4084320068,-30.5685367584,-40.5030632019],[716.203979492,200.034393311,218.657592773,842.161437988,167.208862305,79.7188796997,56.1804580688,39.6741485596,-26.1834106445,40.6899032593,3.78525257111,50.044883728,-80.5770721436],[-0.42023319006,-12.5022153854,186.915847778,167.208862305,231.54776001,139.151321411,53.6446304321,22.3223114014,-16.6733665466,13.1220903397,-4.75527524948,10.8150339127,-11.3383426666],[-8.41227436066,17.2708950043,41.5869522095,79.7188796997,139.151321411,235.539672852,114.144203186,43.0585517883,-7.30246639252,-3.76684951782,-42.0329284668,4.81422805786,-2.97036004066],[295.064117432,44.5026283264,-41.7917404175,56.1804580688,53.6446304321,114.144203186,151.206573486,72.0981369019,15.9391736984,-11.5165262222,-25.5949020386,-1.21898877621,5.51763439178],[165.468399048,48.4467163086,-4.88803291321,39.6741485596,22.3223114014,43.0585517883,72.0981369019,129.810119629,48.9065055847,28.6318569183,-15.30656147,16.5462245941,1.62234067917],[6.73062849045,-51.8876037598,-37.5145530701,-26.1834106445,-16.6733665466,-7.30246639252,15.9391736984,48.9065055847,105.850204468,34.4778747559,20.8238620758,-2.94649004936,20.1269512177],[45.8989448547,85.4295349121,16.8090496063,40.6899032593,13.1220903397,-3.76684951782,-11.5165262222,28.6318569183,34.4778747559,108.607276917,37.8977355957,33.1462974548,-20.7357311249],[-54.0049629211,-57.2327232361,53.4084320068,3.78525257111,-4.75527524948,-42.0329284668,-25.5949020386,-15.30656147,20.8238620758,37.8977355957,110.389465332,28.2585582733,15.333990097],[81.758605957,77.4419784546,-30.5685367584,50.044883728,10.8150339127,4.81422805786,-1.21898877621,16.5462245941,-2.94649004936,33.1462974548,28.2585582733,99.1913909912,16.4921855927],[-51.1695976257,-85.6431503296,-40.5030632019,-80.5770721436,-11.3383426666,-2.97036004066,5.51763439178,1.62234067917,20.1269512177,-20.7357311249,15.333990097,16.4921855927,92.9885025024]],"icov":[[0.000336014782079,-0.000607783265878,0.000265513139311,-0.000238329113927,-0.000293370714644,0.000442931632278,-0.00053091160953,-0.0000449318431492,-0.000163687684108,0.00038176131784,-0.000412491877796,0.0004538584908,-0.000346991699189],[-0.000607783265878,0.00213523418643,-0.000127570063341,0.000251049845247,0.000570615578908,-0.000580004241783,0.000640585145447,-0.000105862847704,0.00112098525278,-0.00167648273055,0.00133685779292,-0.001328728511,0.00120771327056],[0.000265513139311,-0.000127570063341,0.00217368919402,-0.000505997857545,-0.00173834920861,0.000345889857272,0.000878296152223,-0.00115671672393,0.000958624354098,0.000252614001511,-0.00155262765475,0.00154640653636,0.000134706308017],[-0.000238329113927,0.000251049845247,-0.000505997857545,0.00185749458615,-0.000797939836048,0.000146318256157,-0.000342686253134,0.000147554717842,-0.000117681091069,-0.0000239352011704,0.000319155456964,-0.00139901915099,0.00163001276087],[-0.000293370714644,0.000570615578908,-0.00173834920861,-0.000797939836048,0.00960160978138,-0.00550963776186,0.000736560788937,0.000111827212095,0.000957611890044,-0.00128944579046,0.00000678804508425,-0.000580652849749,-0.00052835023962],[0.000442931632278,-0.000580004241783,0.000345889857272,0.000146318256157,-0.00550963776186,0.0113320173696,-0.00762783037499,0.00169079145417,-0.0000771499617258,-0.000883691478521,0.00283036218025,-0.000646004686132,-0.000432232161984],[-0.00053091160953,0.000640585145447,0.000878296152223,-0.000342686253134,0.000736560788937,-0.00762783037499,0.0168973822147,-0.00780867179856,0.000646165048238,0.00317898066714,-0.00202712230384,0.00172204500996,-0.0000389113047277],[-0.0000449318431492,-0.000105862847704,-0.00115671672393,0.000147554717842,0.000111827212095,0.00169079145417,-0.00780867179856,0.0155460862443,-0.00636690016836,-0.00307053490542,0.00460805511102,-0.00362680898979,0.000338305981131],[-0.000163687684108,0.00112098525278,0.000958624354098,-0.000117681091069,0.000957611890044,-0.0000771499617258,0.000646165048238,-0.00636690016836,0.0164728295058,-0.00570474890992,-0.0024048993364,0.00428928341717,-0.0037567729596],[0.00038176131784,-0.00167648273055,0.000252614001511,-0.0000239352011704,-0.00128944579046,-0.000883691478521,0.00317898066714,-0.00307053490542,-0.00570474890992,0.0173828601837,-0.00560935726389,-0.0034050217364,0.00507471198216],[-0.000412491877796,0.00133685779292,-0.00155262765475,0.000319155456964,0.00000678804508425,0.00283036218025,-0.00202712230384,0.00460805511102,-0.0024048993364,-0.00560935726389,0.0153199210763,-0.00455147586763,-0.00171368743759],[0.0004538584908,-0.001328728511,0.00154640653636,-0.00139901915099,-0.000580652849749,-0.000646004686132,0.00172204500996,-0.00362680898979,0.00428928341717,-0.0034050217364,-0.00455147586763,0.0161141455173,-0.00543818436563],[-0.000346991699189,0.00120771327056,0.000134706308017,0.00163001276087,-0.00052835023962,-0.000432232161984,-0.0000389113047277,0.000338305981131,-0.0037567729596,0.00507471198216,-0.00171368743759,-0.00543818436563,0.0162565410137]],"mean":[-672.985656738,167.299591064,-59.9950675964,15.8501434326,4.25307798386,5.10073947906,13.6170129776,13.7299909592,-2.05082511902,10.9266014099,-8.8135843277,8.82523918152,-3.50581765175]},"pitch_salience":{"dmean":0.0738880187273,"dmean2":0.119837418199,"dvar":0.00392445735633,"dvar2":0.01012763381,"max":0.886934697628,"mean":0.583592116833,"median":0.598528385162,"min":0.0652571246028,"var":0.0174987204373},"silence_rate_20dB":{"dmean":0,"dmean2":0,"dvar":0,"dvar2":0,"max":1,"mean":1,"median":1,"min":1,"var":0},"silence_rate_30dB":{"dmean":0.00295712170191,"dmean2":0.00591521523893,"dvar":0.00294848671183,"dvar2":0.00686582410708,"max":1,"mean":0.995729327202,"median":1,"min":0,"var":0.00425276719034},"silence_rate_60dB":{"dmean":0.00459996704012,"dmean2":0.00920144561678,"dvar":0.00457863137126,"dvar2":0.011087785475,"max":1,"mean":0.047963205725,"median":0,"min":0,"var":0.0456660985947},"spectral_centroid":{"dmean":182.930587769,"dmean2":279.93649292,"dvar":56909.3125,"dvar2":109131.9375,"max":11683.1220703,"mean":1638.57897949,"median":1388.22143555,"min":150.003051758,"var":2233181},"spectral_complexity":{"dmean":3.37111878395,"dmean2":5.2346367836,"dvar":8.96111106873,"dvar2":18.8699760437,"max":57,"mean":24.9709262848,"median":26,"min":0,"var":77.4098815918},"spectral_contrast_coeffs":{"dmean":[0.0493818446994,0.0482484810054,0.043590914458,0.0305983964354,0.0212944988161,0.0487227402627],"dmean2":[0.0823082253337,0.0802454128861,0.0721246525645,0.051533780992,0.0351334474981,0.0802383795381],"dvar":[0.00160627102014,0.00158508738969,0.00121669529472,0.000587531074416,0.000292303710012,0.00185070093721],"dvar2":[0.00440004467964,0.00410800660029,0.00330415018834,0.00163087225519,0.000772425439209,0.00503573613241],"max":[-0.355625867844,-0.450747281313,-0.47193133831,-0.569279491901,-0.572065889835,-0.480006933212],"mean":[-0.718916714191,-0.775712490082,-0.773614108562,-0.788547754288,-0.778369903564,-0.758492410183],"median":[-0.722056984901,-0.78236156702,-0.77699971199,-0.787687182426,-0.775235652924,-0.765463292599],"min":[-0.979773879051,-0.975694775581,-0.976642310619,-0.970513045788,-0.967601239681,-0.964625835419],"var":[0.00643685413525,0.00525829335675,0.0045237983577,0.00215440127067,0.00181584048551,0.00490720244125]},"spectral_contrast_valleys":{"dmean":[0.395534574986,0.356911212206,0.289239853621,0.254589796066,0.197244361043,0.799022912979],"dmean2":[0.660474419594,0.581120848656,0.4660384655,0.394460558891,0.291871666908,1.30712139606],"dvar":[0.123134791851,0.107216261327,0.0846563130617,0.0701127201319,0.0599646642804,0.476513236761],"dvar2":[0.299764513969,0.242511093616,0.179700374603,0.128798112273,0.097954377532,1.27134728432],"max":[-5.28461694717,-4.86580467224,-4.77808856964,-5.42042016983,-5.19536304474,-8.82450199127],"mean":[-7.73392343521,-7.16430187225,-6.89234256744,-7.31855297089,-7.85014915466,-11.8664684296],"median":[-7.01550102234,-6.63942241669,-6.34378004074,-6.77614116669,-7.26911735535,-11.4206809998],"min":[-28.2398834229,-28.2630004883,-27.8856124878,-27.5876655579,-27.5628643036,-27.398147583],"var":[10.2090835571,10.1300563812,10.2946748734,9.7857093811,9.45867347717,6.55185317993]},"spectral_decrease":{"dmean":2.12440509628e-9,"dmean2":3.3372282715e-9,"dvar":5.32977697677e-18,"dvar2":1.27459937988e-17,"max":1.87050505097e-28,"mean":-7.50527728854e-9,"median":-6.71990285639e-9,"min":-3.73304480661e-8,"var":2.30373043144e-17},"spectral_energy":{"dmean":0.00858625210822,"dmean2":0.0134417535737,"dvar":0.0000865155525389,"dvar2":0.000205815420486,"max":0.143857389688,"mean":0.0308183170855,"median":0.0278120115399,"min":1.01843317123e-20,"var":0.000373038143152},"spectral_energyband_high":{"dmean":0.0000751400948502,"dmean2":0.000105111001176,"dvar":9.22613807575e-8,"dvar2":1.773970979e-7,"max":0.0131329372525,"mean":0.000202811614145,"median":0.000144436067785,"min":7.15890731276e-21,"var":1.90691437751e-7},"spectral_energyband_low":{"dmean":0.00406045746058,"dmean2":0.0065516573377,"dvar":0.0000380282690458,"dvar2":0.000092789203336,"max":0.133547767997,"mean":0.00922841951251,"median":0.00489060161635,"min":1.71300340931e-23,"var":0.000165892532095},"spectral_energyband_middle_high":{"dmean":0.00451907003298,"dmean2":0.00699763651937,"dvar":0.0000383325204893,"dvar2":0.0000910786766326,"max":0.107618562877,"mean":0.0131923425943,"median":0.00953292567283,"min":1.2103337621e-21,"var":0.0001480136998},"spectral_energyband_middle_low":{"dmean":0.00361678330228,"dmean2":0.00546055566519,"dvar":0.0000347307359334,"dvar2":0.000078708260844,"max":0.094195343554,"mean":0.00859897304326,"median":0.00497644022107,"min":1.64896768843e-22,"var":0.000112648478535},"spectral_entropy":{"dmean":0.117635332048,"dmean2":0.182876691222,"dvar":0.0122509673238,"dvar2":0.0292018745095,"max":9.82140159607,"mean":7.45281076431,"median":7.45354652405,"min":5.94104146957,"var":0.187695294619},"spectral_flux":{"dmean":0.0192564949393,"dmean2":0.0309156756848,"dvar":0.000351737719029,"dvar2":0.000882378488313,"max":0.249018326402,"mean":0.0936323329806,"median":0.0915113091469,"min":6.36457900272e-11,"var":0.0013820277527},"spectral_kurtosis":{"dmean":3.49148321152,"dmean2":5.59296131134,"dvar":17.4137744904,"dvar2":44.1911048889,"max":69.8973770142,"mean":17.9304256439,"median":16.0517807007,"min":-1.25822949409,"var":77.3817062378},"spectral_rms":{"dmean":0.000743153621443,"dmean2":0.00115282041952,"dvar":4.85880946144e-7,"dvar2":0.00000114435874821,"max":0.0118468841538,"mean":0.00515717919916,"median":0.00520899891853,"min":3.15213155057e-12,"var":0.00000347019818037},"spectral_rolloff":{"dmean":299.753662109,"dmean2":501.412384033,"dvar":283216.4375,"dvar2":606408.25,"max":19789.0136719,"mean":1815.4083252,"median":1378.125,"min":43.06640625,"var":7198482},"spectral_skewness":{"dmean":0.24420440197,"dmean2":0.389466226101,"dvar":0.0532939583063,"dvar2":0.135039895773,"max":5.91321277618,"mean":2.45987582207,"median":2.36035299301,"min":-0.0815074592829,"var":0.574540913105},"spectral_spread":{"dmean":359379.53125,"dmean2":579854.0625,"dvar":386335375360,"dvar2":779288969216,"max":42422208,"mean":3284419.5,"median":2370270.5,"min":1058480.75,"var":32617187508200},"spectral_strongpeak":{"dmean":0.790150165558,"dmean2":1.32998216152,"dvar":1.2494584322,"dvar2":3.00889492035,"max":13.8221502304,"mean":1.25562250614,"median":0.513151347637,"min":0,"var":2.56401228905},"zerocrossingrate":{"dmean":0.00556529918686,"dmean2":0.00705945910886,"dvar":0.0000760886905482,"dvar2":0.000117050098197,"max":0.53076171875,"mean":0.0585927888751,"median":0.0478515625,"min":0.00341796875,"var":0.00488353474066}},"metadata":{"audio_properties":{"analysis_sample_rate":44100,"bit_rate":192000,"codec":"mp3","downmix":"mix","equal_loudness":0,"length":141.32244873,"lossless":false,"md5_encoded":"ecae1bf59f618cfdc4bbd0d5329593a3","replay_gain":-7.26149559021},"tags":{"album":["1962–1966"],"albumartist":["The Beatles"],"albumartistsort":["Beatles, The"],"artist":["The Beatles"],"artistsort":["Beatles, The"],"asin":["B000002UYZ"],"barcode":["077779703623"],"catalognumber":["0777 7 97036 2 3"],"date":["1993-10-05"],"discnumber":["1/2"],"file_name":"1-06 All My Loving.mp3","genre":["Other"],"label":["Apple Records"],"language":["eng"],"length":["141322"],"media":["CD"],"mp3gain_album_minmax":["134,192"],"mp3gain_minmax":["140,188"],"musicbrainz album release country":["US"],"musicbrainz album status":["official"],"musicbrainz album type":["compilation"],"musicbrainz_albumartistid":["b10bbbfc-cf9e-42e0-be17-e2c3e1d2600d"],"musicbrainz_albumid":["301aa0fc-75a7-3e55-82e2-74c3e9a7ebf7"],"musicbrainz_artistid":["b10bbbfc-cf9e-42e0-be17-e2c3e1d2600d"],"musicbrainz_recordingid":["be5761a7-d99a-44e8-96a4-904b490f7061"],"musicip_puid":["bfe54dec-81e3-30ad-5bff-66a6f0ddf9d0"],"originaldate":["1973-04-02"],"replaygain_album_gain":["-5.70 dB"],"replaygain_album_peak":["1.165381"],"replaygain_track_gain":["-6.48 dB"],"replaygain_track_peak":["0.931728"],"script":["Latn"],"title":["All My Loving"],"tracknumber":["6/13"]},"version":{"essentia":"2.1-beta1","essentia_build_sha":"eef087cf131c10083d474ad51def18efd0e38295","essentia_git_sha":"v2.1_beta1-7-ge0e83e8-dirty","extractor":"music 1.0"}},"rhythm":{"beats_count":350,"beats_loudness":{"dmean":0.0170322675258,"dmean2":0.0293465014547,"dvar":0.000312268704874,"dvar2":0.000893690099474,"max":0.129315301776,"mean":0.0350371301174,"median":0.0330408811569,"min":0,"var":0.000391495705117},"beats_loudness_band_ratio":{"dmean":[0.189901888371,0.0796436369419,0.155885443091,0.179135739803,0.0787373408675,0.0306820124388],"dmean2":[0.330133467913,0.139104902744,0.2727