{"lowlevel":{"average_loudness":0.923878312111,"barkbands":{"dmean":[0.00176934560295,0.0120860263705,0.00434042373672,0.00444506201893,0.00214845733717,0.00154496112373,0.0004274964449,0.000525182927959,0.00146584887989,0.000798651773948,0.000550037482753,0.000717232353054,0.000360418227501,0.000258990330622,0.000310591247398,0.000211540900636,0.0000710929889465,0.000071963040682,0.0000671647358104,0.0000634701063973,0.0000568990762986,0.0000954079660005,0.0000966832740232,0.00004542609895,0.00000455118833997,0.0000194087842829,0.000228180884733],"dmean2":[0.00307621713728,0.0202986542135,0.00726176472381,0.00730093708262,0.00352672324516,0.00240073609166,0.000685725361109,0.000852480763569,0.00227163406089,0.00131435599178,0.000910792499781,0.0011766506359,0.000587273738347,0.000416324357502,0.000487565383082,0.000334604847012,0.000107386244053,0.00010608221055,0.0000972384732449,0.0000919577723835,0.0000800732304924,0.000136317670695,0.000136710499646,0.0000653153110761,0.00000707793378751,0.0000288285918941,0.000314431032166],"dvar":[0.0000119827891467,0.000507325341459,0.0000556957093067,0.0000357349490514,0.0000121550538097,0.00000924556570681,8.34888965073e-7,0.00000133703554184,0.0000182959665835,0.00000168656458754,0.00000147329899391,0.0000022079966584,5.67464212509e-7,4.3109366743e-7,4.56554602124e-7,4.38915179757e-7,2.38940600639e-8,2.61358135134e-8,2.65908113306e-8,1.33995428087e-8,1.04091624209e-8,3.16386383759e-8,3.15553911889e-8,7.03167080118e-9,6.52681450553e-11,1.36226330216e-9,1.55194143758e-7],"dvar2":[0.0000325185064867,0.00134555483237,0.000148189967149,0.0000969088141574,0.0000300995288853,0.0000222555463552,0.00000175506488631,0.00000325230371345,0.0000255167142313,0.00000438913775724,0.00000383513452107,0.00000574482101001,0.00000147050604937,0.00000103840773136,0.00000106170637082,0.00000107018308881,5.56383668027e-8,5.7560693989e-8,6.3852006349e-8,3.160000972e-8,2.0684884916e-8,6.28572394135e-8,6.40641388827e-8,1.40398528359e-8,1.46282319591e-10,2.86465873245e-9,2.88671117232e-7],"max":[0.0439233928919,0.295397847891,0.0998172163963,0.0763677433133,0.0725938156247,0.0725506693125,0.0353411622345,0.0614872314036,0.238416001201,0.0319932177663,0.0385251268744,0.0239695236087,0.0143273025751,0.0154724037275,0.0146645065397,0.0178909022361,0.00457500619814,0.00668807281181,0.00738651677966,0.00242412206717,0.00232006376609,0.00256376154721,0.00204167934135,0.00139000499621,0.000109619890281,0.00046962563647,0.00706591038033],"mean":[0.0019336452242,0.0220328271389,0.00720591843128,0.00921990908682,0.00374745298177,0.0024362730328,0.000629377900623,0.000734950299375,0.00231340015307,0.00113670853898,0.000697333132848,0.000900311104488,0.000468071812065,0.000338196230587,0.000430704065366,0.000271454278845,0.000107606494566,0.000118796160677,0.000102293823147,0.0000925199929043,0.0000755991641199,0.000106940271507,0.000101474557596,0.0000467604586447,0.0000047066305342,0.0000196718156076,0.000265974551439],"median":[0.000810835161246,0.0123615916818,0.0040618525818,0.0050088968128,0.00241340999492,0.00108470045961,0.00027647044044,0.000330125156324,0.00108902610373,0.000599386461545,0.000293553166557,0.0003987357195,0.000201706541702,0.000147526356159,0.000128521176521,0.000081771875557,0.0000347960121871,0.0000235196621361,0.0000176440426003,0.0000152357988554,0.0000106871129901,0.0000085987849161,0.00000590838180869,0.00000332582476403,0.00000136967878461,0.00000262785056293,0.0000168306996784],"min":[1.65611285536e-13,1.17058543848e-13,4.61624282636e-14,1.88781942959e-14,9.29543273679e-15,3.94325134814e-15,3.75769395797e-14,9.97604302226e-14,1.36070611701e-13,5.85467343551e-14,2.24239792452e-14,5.06240489524e-14,6.40225313086e-14,1.06845643986e-13,2.8415250296e-13,9.63487238126e-14,3.6557681795e-13,2.78702950475e-13,7.81564537481e-13,4.02095294994e-13,6.51872815709e-13,4.63205754135e-13,1.10513735749e-12,1.76474590149e-12,1.64902770258e-12,2.27119668558e-12,3.54712917025e-12],"var":[0.000011838451428,0.00065545871621,0.000102784593764,0.00011076239025,0.0000240316203417,0.0000210418038478,0.00000189451952792,0.00000185951387266,0.0000476300665468,0.00000250264565693,0.00000218255058826,0.00000251363280768,6.81141500536e-7,4.72826741316e-7,7.09883238414e-7,5.1109401511e-7,4.46037802249e-8,1.08516928776e-7,7.88307303878e-8,3.52052289543e-8,2.174823166e-8,4.87878395461e-8,4.34776374902e-8,9.61912238751e-9,7.79757786118e-11,1.71356162593e-9,2.65602551508e-7]},"barkbands_crest":{"dmean":2.85363554955,"dmean2":4.7441368103,"dvar":6.40319728851,"dvar2":17.3301887512,"max":25.3935470581,"mean":11.9093341827,"median":11.79109478,"min":3.05448770523,"var":14.7649755478},"barkbands_flatness_db":{"dmean":0.0374498814344,"dmean2":0.0512506105006,"dvar":0.000959683675319,"dvar2":0.00181227840949,"max":0.436464220285,"mean":0.182640433311,"median":0.179147392511,"min":0.0222636926919,"var":0.00494122970849},"barkbands_kurtosis":{"dmean":6.29155158997,"dmean2":10.0237808228,"dvar":80.1329727173,"dvar2":199.696960449,"max":191.010894775,"mean":9.66175270081,"median":6.13186168671,"min":-1.82600390911,"var":144.063491821},"barkbands_skewness":{"dmean":0.768245220184,"dmean2":1.21672177315,"dvar":0.483996272087,"dvar2":1.21550583839,"max":10.9108695984,"mean":2.36760401726,"median":2.23887658119,"min":-2.182336092,"var":1.55547165871},"barkbands_spread":{"dmean":6.45392417908,"dmean2":9.40075206757,"dvar":68.1864089966,"dvar2":142.477401733,"max":124.469345093,"mean":15.8067159653,"median":10.7316570282,"min":0.510595083237,"var":279.532043457},"dissonance":{"dmean":0.0248647723347,"dmean2":0.0417914129794,"dvar":0.000587192596868,"dvar2":0.00158951419871,"max":0.500000059605,"mean":0.459049731493,"median":0.46643692255,"min":0.215450525284,"var":0.000921466562431},"dynamic_complexity":4.00179195404,"erbbands":{"dmean":[0.348009943962,2.82465171814,5.23818016052,10.0252752304,9.71459770203,8.54755973816,12.994515419,10.4564199448,5.98784446716,6.20849561691,16.7175045013,36.6549720764,24.5045509338,21.8008537292,20.2670230865,32.0406417847,17.3679542542,11.4950666428,14.6906175613,15.6851329803,10.1563358307,3.76991415024,3.76100993156,3.93927717209,3.11768221855,2.93962359428,2.49371480942,2.25204539299,3.16306328773,3.87821292877,2.5010330677,1.32150137424,0.532352030277,0.0964183434844,0.0155658721924,0.00903354678303,0.0365762710571,0.0790346562862,0.0411658063531,0.00288339657709],"dmean2":[0.601937949657,4.7042965889,8.74015426636,16.4856090546,16.3971595764,13.8804283142,20.2816524506,16.1106891632,9.68346786499,9.81921291351,26.1578559875,57.1215057373,39.8366470337,35.7177505493,33.4198951721,52.6601219177,27.9651279449,18.1541137695,23.1111125946,24.2404632568,16.1930332184,5.6300163269,5.52984666824,5.75391054153,4.46810722351,4.2577791214,3.56594491005,3.19252586365,4.52318620682,5.53044557571,3.5417406559,1.89005506039,0.780870676041,0.144959762692,0.0250220373273,0.0143814096227,0.0538395941257,0.113054946065,0.0572707727551,0.00394804542884],"dvar":[0.468462049961,26.1521606445,72.8378067017,200.421325684,160.840057373,196.290222168,1089.68640137,426.788665771,198.684280396,155.252746582,1800.79052734,12634.4248047,1437.31140137,1622.09216309,1486.86755371,4811.85449219,1239.60632324,699.822387695,1048.09143066,1499.81811523,828.471801758,51.2537536621,68.6586227417,113.661392212,34.3276023865,30.8324947357,20.2200431824,17.5493164062,34.749961853,54.1050376892,21.1634101868,5.82919359207,1.02290189266,0.0325172021985,0.000742747914046,0.000234889681451,0.00492279510945,0.021034874022,0.00546446023509,0.0000239182427322],"dvar2":[1.27419447899,69.1824493408,195.56539917,570.471984863,445.629577637,491.003570557,2637.30249023,964.877685547,414.851959229,313.136810303,3000.15014648,18462.8710938,3572.90478516,4218.29882812,3846.49902344,12497.4726562,3199.45019531,1721.16748047,2539.74804688,3350.08081055,2159.52270508,115.488830566,161.917709351,278.390930176,71.3871078491,72.2034835815,42.8470191956,36.1136627197,70.6334762573,109.349029541,43.2689666748,11.5376367569,2.11197900772,0.0696329548955,0.00177589105442,0.000558865547646,0.0103521887213,0.0409366451204,0.0103786988184,0.0000446184676548],"max":[7.52748346329,68.7697296143,105.978736877,210.401046753,220.601242065,253.13885498,1071.6673584,611.58996582,645.405700684,523.965209961,3010.85522461,6870.76708984,803.943115234,1076.60510254,713.798400879,1150.1661377,696.241577148,798.296508789,576.772277832,949.585510254,715.501220703,154.035003662,300.686767578,542.057556152,197.352478027,133.973526001,111.628684998,92.8828353882,78.4562683105,109.331336975,53.1845817566,41.4280319214,12.0652122498,2.62873911858,0.420318871737,0.248822063208,1.0078471899,2.20785546303,1.29983663559,0.0900734737515],"mean":[0.491799294949,5.24467802048,9.87729644775,20.6021842957,19.4493350983,13.6733961105,20.1722145081,16.9760742188,8.74937438965,9.82726097107,26.6271915436,57.0754585266,37.8956794739,31.0443210602,28.2911224365,40.5426521301,23.7262306213,16.1355304718,20.7054786682,21.7649726868,13.0540237427,6.08844709396,6.22936820984,6.26384592056,4.72398042679,4.35369825363,3.38204073906,2.86364769936,3.58868408203,4.09383153915,2.63221764565,1.3807336092,0.535956561565,0.0981784537435,0.0174820013344,0.0104380752891,0.0371000133455,0.0822215527296,0.0445836633444,0.00370098976418],"median":[0.301864176989,2.72926139832,6.83338308334,13.3370923996,11.8714056015,7.82705163956,8.47551059723,7.9686126709,3.74909281731,4.9043097496,13.2867927551,25.9280471802,22.4039230347,15.3027095795,13.2733888626,18.2625350952,10.9776010513,7.94503068924,7.78790950775,6.44269418716,4.42917585373,2.04413700104,1.44235825539,1.07497251034,0.838327288628,0.694851338863,0.50026422739,0.379168510437,0.307395756245,0.23789717257,0.159840509295,0.0886922925711,0.0444579906762,0.0193234588951,0.00769894756377,0.00480929668993,0.00507299788296,0.00448733009398,0.00217529106885,0.00034177856287],"min":[5.39190610563e-12,2.0124350103e-11,4.96573719644e-11,6.83250192535e-11,3.63256751068e-11,3.26814200702e-11,2.8009034328e-11,4.16133134895e-11,3.15100584514e-10,1.02826047677e-9,3.10571079964e-9,2.765524032e-9,1.78430181741e-9,1.4330072684e-9,1.72578829005e-9,1.80962822505e-9,3.00409808141e-9,5.91111648518e-9,1.07570956587e-8,1.07280957451e-8,6.43664099798e-9,1.83701125422e-8,2.1971008124e-8,3.05963219205e-8,2.98763040973e-8,2.25250165187e-8,3.14219121833e-8,1.64659788027e-8,2.32261641031e-8,2.02567562724e-8,3.7472013048e-8,3.94681407556e-8,2.51286351727e-8,1.680000139e-8,1.23572840849e-8,6.82289202913e-9,5.45935474605e-9,2.25173457657e-9,4.8863962876e-10,4.8009988346e-11],"var":[0.462945997715,37.9841880798,116.057113647,486.896881104,434.67791748,359.375427246,1877.46972656,1219.23547363,432.805938721,433.791748047,4635.80371094,29866.671875,2440.59326172,2506.06420898,2147.22021484,5396.82568359,1580.25805664,799.158874512,1461.63354492,2215.24536133,837.505554199,125.89200592,240.198608398,379.118499756,112.555480957,83.2353515625,42.3827056885,33.8824882507,53.8579978943,75.5910873413,29.0584774017,8.1266002655,1.32112121582,0.039873406291,0.000890745024662,0.000292097567581,0.00617205863819,0.0292610879987,0.00830551050603,0.0000493784682476]},"erbbands_crest":{"dmean":2.68770456314,"dmean2":4.37180995941,"dvar":6.00029182434,"dvar2":14.672586441,"max":31.327287674,"mean":8.31711864471,"median":7.55276632309,"min":2.36174583435,"var":12.9612026215},"erbbands_flatness_db":{"dmean":0.0307310409844,"dmean2":0.0420788340271,"dvar":0.000707299797796,"dvar2":0.00129274162464,"max":0.340749710798,"mean":0.156882837415,"median":0.159455433488,"min":0.0382323972881,"var":0.00294317444786},"erbbands_kurtosis":{"dmean":1.07680976391,"dmean2":1.73316836357,"dvar":2.41178965569,"dvar2":5.20025873184,"max":39.5438842773,"mean":0.437778741121,"median":0.0170700550079,"min":-1.76119172573,"var":4.15527820587},"erbbands_skewness":{"dmean":0.416980087757,"dmean2":0.644826471806,"dvar":0.137718632817,"dvar2":0.318919748068,"max":4.79536437988,"mean":0.237351715565,"median":0.217483371496,"min":-2.68612885475,"var":0.45654001832},"erbbands_spread":{"dmean":9.91899967194,"dmean2":14.11926651,"dvar":112.339294434,"dvar2":203.093017578,"max":132.195831299,"mean":33.6828384399,"median":28.3912181854,"min":2.15236282349,"var":338.029388428},"gfcc":{"cov":[[17175.1894531,257.757965088,-856.165466309,143.987640381,-103.170829773,-449.580596924,349.930847168,-515.419921875,331.660888672,-288.702514648,107.419128418,-57.6165809631,-96.7692489624],[257.757965088,2242.421875,-23.4898643494,-555.827636719,248.501846313,187.139831543,-220.673919678,181.944137573,-201.597137451,176.024108887,-196.437805176,-43.4781036377,93.593536377],[-856.165466309,-23.4898643494,470.14151001,119.507102966,-30.4274368286,119.400260925,28.6214866638,64.2335205078,-33.3180770874,-15.7718515396,-22.9644813538,-5.7989563942,-39.1180458069],[143.987640381,-555.827636719,119.507102966,376.399871826,-5.95744180679,-81.5572891235,140.169448853,-68.2328186035,78.2098770142,-96.7249298096,59.9436302185,-16.2796154022,-63.8069343567],[-103.170829773,248.501846313,-30.4274368286,-5.95744180679,175.005111694,60.4879837036,-14.1217718124,33.9651794434,-6.76134204865,12.2774066925,-25.2113075256,-11.923620224,9.65028762817],[-449.580596924,187.139831543,119.400260925,-81.5572891235,60.4879837036,195.009506226,-11.821472168,69.1707382202,-47.6180458069,30.8786621094,-35.7992477417,15.2238750458,12.9842271805],[349.930847168,-220.673919678,28.6214866638,140.169448853,-14.1217718124,-11.821472168,197.296218872,-38.9312019348,78.1960220337,-76.6927490234,47.0485420227,-11.8115596771,-38.7182922363],[-515.419921875,181.944137573,64.2335205078,-68.2328186035,33.9651794434,69.1707382202,-38.9312019348,160.899291992,-29.6532344818,65.3574066162,-49.2560920715,-9.34304046631,4.31788349152],[331.660888672,-201.597137451,-33.3180770874,78.2098770142,-6.76134204865,-47.6180458069,78.1960220337,-29.6532344818,145.158447266,-23.6307296753,43.4893875122,-9.49611759186,-20.9498023987],[-288.702514648,176.024108887,-15.7718515396,-96.7249298096,12.2774066925,30.8786621094,-76.6927490234,65.3574066162,-23.6307296753,106.888122559,-5.67323064804,5.28970575333,21.430891037],[107.419128418,-196.437805176,-22.9644813538,59.9436302185,-25.2113075256,-35.7992477417,47.0485420227,-49.2560920715,43.4893875122,-5.67323064804,82.9105529785,29.2912540436,-5.36586618423],[-57.6165809631,-43.4781036377,-5.7989563942,-16.2796154022,-11.923620224,15.2238750458,-11.8115596771,-9.34304046631,-9.49611759186,5.28970575333,29.2912540436,57.4723472595,33.1803970337],[-96.7692489624,93.593536377,-39.1180458069,-63.8069343567,9.65028762817,12.9842271805,-38.7182922363,4.31788349152,-20.9498023987,21.430891037,-5.36586618423,33.1803970337,61.6800041199]],"icov":[[0.0000802398644737,-0.0000895355915418,0.00018231717695,-0.00011579060083,0.000156965397764,-0.0000196883574972,-0.0000667643980705,0.000180449947948,-0.000151916465256,0.0000539182219654,0.000172853382537,-0.000203036586754,0.000236564039369],[-0.0000895355915418,0.00136305170599,-0.00112289946992,0.00232950481586,-0.00238137948327,0.00137682328932,-0.00112245813943,0.000455601810245,0.000923931016587,-0.0014112269273,0.00144487968646,0.00022393000836,-0.000355449155904],[0.00018231717695,-0.00112289946992,0.00528055708855,-0.00445574847981,0.00430356757715,-0.00488023273647,0.00184015347622,-0.00155764084775,-0.000360275880666,0.00186974520329,-0.000639292004053,0.000190221806406,0.00141771929339],[-0.00011579060083,0.00232950481586,-0.00445574847981,0.0106076989323,-0.00662654452026,0.00631631771103,-0.00411963229999,0.00124459189828,0.00113640516065,-0.000156577094458,0.000427930441219,-0.000911506300326,0.00243308697827],[0.000156965397764,-0.00238137948327,0.00430356757715,-0.00662654452026,0.0127265565097,-0.00747811282054,0.00387378991581,-0.00238912110217,-0.00207041832618,0.00362267997116,-0.00329229049385,0.00454903533682,-0.00277939368971],[-0.0000196883574972,0.00137682328932,-0.00488023273647,0.00631631771103,-0.00747811282054,0.0140062393621,-0.00591457402334,0.00100107677281,0.00213246745989,-0.00478712981567,0.00696120038629,-0.00874568335712,0.00345556158572],[-0.0000667643980705,-0.00112245813943,0.00184015347622,-0.00411963229999,0.00387378991581,-0.00591457402334,0.0140937520191,-0.0043072020635,-0.00359680643305,0.0108261369169,-0.0113482838497,0.00801019277424,-0.00198812782764],[0.000180449947948,0.000455601810245,-0.00155764084775,0.00124459189828,-0.00238912110217,0.00100107677281,-0.0043072020635,0.0141592528671,-0.000657143886201,-0.0112348180264,0.0123258996755,-0.00670395605266,0.00471852300689],[-0.000151916465256,0.000923931016587,-0.000360275880666,0.00113640516065,-0.00207041832618,0.00213246745989,-0.00359680643305,-0.000657143886201,0.0112978005782,-0.00119252095465,-0.00393160618842,0.00357422535308,-0.0010430905968],[0.0000539182219654,-0.0014112269273,0.00186974520329,-0.000156577094458,0.00362267997116,-0.00478712981567,0.0108261369169,-0.0112348180264,-0.00119252095465,0.0270612109452,-0.0189581234008,0.0125167816877,-0.00691700028256],[0.000172853382537,0.00144487968646,-0.000639292004053,0.000427930441219,-0.00329229049385,0.00696120038629,-0.0113482838497,0.0123258996755,-0.00393160618842,-0.0189581234008,0.0432598553598,-0.0311016216874,0.0149251641706],[-0.000203036586754,0.00022393000836,0.000190221806406,-0.000911506300326,0.00454903533682,-0.00874568335712,0.00801019277424,-0.00670395605266,0.00357422535308,0.0125167816877,-0.0311016216874,0.0531366914511,-0.0292790383101],[0.000236564039369,-0.000355449155904,0.00141771929339,0.00243308697827,-0.00277939368971,0.00345556158572,-0.00198812782764,0.00471852300689,-0.0010430905968,-0.00691700028256,0.0149251641706,-0.0292790383101,0.0377663858235]],"mean":[-24.1106452942,121.99797821,-77.9230499268,6.25416898727,-23.9980010986,9.66940593719,-5.47281885147,-11.8207292557,-5.47134685516,-14.2660417557,-13.6510372162,-5.89512205124,-9.46968173981]},"hfc":{"dmean":10.0989484787,"dmean2":13.4935722351,"dvar":171.522567749,"dvar2":303.280975342,"max":221.902984619,"mean":21.6948623657,"median":14.2416229248,"min":1.48042190062e-7,"var":443.629333496},"melbands":{"dmean":[0.0032388321124,0.00307066971436,0.00171998154838,0.000532293051947,0.000423236138886,0.00024470401695,0.0000874524121173,0.0000684543338139,0.000168712533196,0.000216026397538,0.000123890800751,0.0000931994800339,0.0000730836254661,0.0000845408358146,0.0000555401747988,0.0000317293561238,0.0000219301909965,0.0000253304569924,0.0000219481444219,0.0000189922538993,0.0000109056709334,0.00000395309143641,0.00000379855737265,0.00000346222077496,0.00000334389278578,0.00000242026908381,0.00000236830055655,0.00000191571189134,0.00000167124471773,0.000001323006245,0.00000134519063977,0.00000169020859175,0.00000215329032471,0.00000218502850657,0.0000015930702375,0.00000102761566723,7.34893717436e-7,4.23789884962e-7,2.03462448667e-7,3.81653535442e-8],"dmean2":[0.00550288520753,0.00507525308058,0.00282134697773,0.000885468034539,0.000658212054987,0.000378240307327,0.000141351833008,0.000108397805889,0.000257950538071,0.000338179175742,0.000202592229471,0.000153623317601,0.000121281176689,0.000138922172482,0.0000900148588698,0.0000514618986927,0.0000349811853084,0.0000403697958973,0.0000345642074535,0.0000293599114229,0.0000177556357812,0.00000605479090154,0.00000567353754377,0.00000520165576745,0.00000499938323628,0.00000353331370206,0.00000350434879692,0.0000028228055271,0.00000243987983595,0.00000191297453966,0.00000195128586711,0.00000245761702899,0.00000310529253511,0.00000313833788823,0.0000022836077278,0.00000148951664869,0.00000106790105292,6.30119131984e-7,3.09930271669e-7,6.01538658884e-8],"dvar":[0.0000388591179217,0.0000252731588262,0.00000516031650477,5.21209926774e-7,9.97480697151e-7,2.2135368738e-7,3.73934483378e-8,1.51623584799e-8,2.34574301317e-7,3.81834411201e-7,3.79217830471e-8,2.82018941533e-8,2.29566285981e-8,3.10244345769e-8,1.06966693281e-8,5.62282309602e-9,2.73802003292e-9,3.55087581561e-9,2.43954256796e-9,3.18582360492e-9,9.6903629565e-10,6.87014820033e-11,6.40880334912e-11,6.38884570248e-11,1.01986863399e-10,2.83142450458e-11,2.17062531144e-11,1.44431437296e-11,1.00311321749e-11,6.1607737141e-12,6.77238300162e-12,1.03152712067e-11,1.75157145732e-11,1.75215241621e-11,9.01990721697e-12,3.63438684529e-12,1.95256766485e-12,6.76365484887e-13,1.74855776017e-13,4.76857357041e-15],"dvar2":[0.000103538128315,0.0000668518914608,0.0000142622329804,0.00000138460393373,0.0000023887325824,5.05290188357e-7,7.9273959841e-8,3.16676747047e-8,3.32257286573e-7,5.65672678476e-7,9.56169614597e-8,7.37669552109e-8,6.00145995122e-8,8.04196957915e-8,2.68458819619e-8,1.47503795844e-8,6.78590650338e-9,8.62633875442e-9,5.75897551869e-9,6.86123824423e-9,2.62575228227e-9,1.62817176408e-10,1.43148395915e-10,1.46861120487e-10,2.63778443532e-10,6.45654779641e-11,5.24589365003e-11,3.51529881593e-11,2.28754896969e-11,1.31888909516e-11,1.4425281282e-11,2.18490052439e-11,3.57962201547e-11,3.63892284361e-11,1.89583609228e-11,7.46810772945e-12,3.98128318507e-12,1.4189681331e-12,3.87905907482e-13,1.0705434274e-14],"max":[0.0766514390707,0.0634505078197,0.0308007709682,0.0128754442558,0.0302539765835,0.0134123153985,0.00819112081081,0.00468154577538,0.0345735661685,0.0373696945608,0.00439347466454,0.00399332167581,0.00347866723314,0.00286714429967,0.00184714619536,0.00183464365546,0.00146987102926,0.001092400169,0.0011814259924,0.00189359090291,0.000765193544794,0.000220077694394,0.000236097868765,0.000340453610988,0.000509708770551,0.000213523366256,0.000107880354335,0.0000920108359423,0.0000757484376663,0.0000684654587531,0.0000468071593787,0.0000442272066721,0.0000593367112742,0.00005785635949,0.0000357373683073,0.0000210881207749,0.0000266393417405,0.00000922942399484,0.00000494499772685,9.95565187623e-7],"mean":[0.0054152184166,0.00616763345897,0.00373374531046,0.00104211631697,0.000699997413903,0.000399856304284,0.000126802842715,0.000106929386675,0.000271386583336,0.000336239754688,0.000182992211194,0.000128472005599,0.0000953214475885,0.000106169485662,0.0000749164391891,0.0000409812346334,0.0000289742474706,0.0000336468438036,0.0000304132627207,0.000025558651032,0.0000130416874526,0.00000604938304605,0.00000579137440582,0.00000549426522412,0.00000508903622176,0.00000345040189131,0.00000335076856572,0.00000273302339338,0.00000218007539843,0.00000171848864738,0.00000163032359524,0.00000190459547866,0.00000232872025663,0.00000224807604354,0.0000016525744968,0.00000106978859549,7.51003597088e-7,4.20150257696e-7,1.94457115299e-7,3.91790813126e-8],"median":[0.00334403128363,0.00409229332581,0.00244089239277,0.000750672013965,0.000333957897965,0.000188561258256,0.0000543759961147,0.0000550142758584,0.000131509004859,0.000157396047143,0.000105301842268,0.0000606522153248,0.0000414249079768,0.0000472369210911,0.0000350269510818,0.0000181005889317,0.0000132812037918,0.0000125954265968,0.00000882252425072,0.00000687578312863,0.00000429236069976,0.0000019682427137,0.00000147495904912,0.00000108015899514,8.1927686324e-7,6.23123696641e-7,5.66790163248e-7,4.12461020005e-7,3.20699854228e-7,2.50850945349e-7,2.00565750674e-7,1.75514628609e-7,1.48338372696e-7,1.21658572994e-7,9.41927567055e-8,6.88781440772e-8,4.64411122891e-8,3.18307087355e-8,2.0925218891e-8,1.17856258086e-8],"min":[4.83869637879e-14,2.66519628361e-14,1.09418682746e-14,2.2771197532e-15,1.07461058315e-15,9.65270170482e-16,5.61458499593e-15,1.23518901406e-14,2.86469219386e-14,1.61661049131e-14,8.87913806607e-15,6.20837838536e-15,4.27120090598e-15,4.95089275362e-15,5.48791121867e-15,7.31439885602e-15,1.13502135411e-14,1.35768776592e-14,2.21827866134e-14,8.68935016985e-15,7.27126624428e-15,1.39926522517e-14,3.43370487208e-14,9.05000070516e-15,2.71809078066e-14,2.82325415623e-14,1.44495892573e-14,1.44301396868e-14,1.91828127547e-14,1.65794180278e-14,6.21247167208e-15,1.48076741298e-14,6.87665942866e-15,1.29591390719e-14,2.01552421535e-14,2.34357651829e-14,2.20735820437e-14,1.72310082869e-14,1.44485897584e-14,1.44557946207e-14],"var":[0.0000427459963248,0.0000405175378546,0.0000148576446009,0.00000108364304197,0.00000184396492386,6.08497714438e-7,8.3944023288e-8,4.08825222564e-8,6.73011015806e-7,9.14438317068e-7,6.02454264254e-8,4.26229398443e-8,3.4062988874e-8,3.47273854118e-8,1.48756935658e-8,6.06498451461e-9,2.96884428153e-9,4.39501501859e-9,3.84419740485e-9,4.6294030831e-9,8.59031623612e-10,1.41201342285e-10,1.65867514168e-10,2.27657115381e-10,2.84151507879e-10,7.22061715974e-11,5.09455394537e-11,3.43091943744e-11,1.8832529286e-11,1.17806259539e-11,1.16200894393e-11,1.51226097617e-11,2.54428943192e-11,2.31706390186e-11,1.18648719322e-11,4.82138070787e-12,2.60425448567e-12,8.45793704171e-13,1.98156473326e-13,5.58449965619e-15]},"melbands_crest":{"dmean":3.38646960258,"dmean2":5.72463321686,"dvar":9.17324733734,"dvar2":25.8654956818,"max":33.2385520935,"mean":16.0109233856,"median":15.792593956,"min":3.31786394119,"var":18.8007640839},"melbands_flatness_db":{"dmean":0.0461136586964,"dmean2":0.0628287121654,"dvar":0.00141043495387,"dvar2":0.00269997632131,"max":0.590746223927,"mean":0.299703776836,"median":0.298388332129,"min":0.0195317212492,"var":0.00810641236603},"melbands_kurtosis":{"dmean":11.3716144562,"dmean2":18.0538692474,"dvar":251.837814331,"dvar2":604.70916748,"max":399.912475586,"mean":20.6610279083,"median":13.8355388641,"min":-1.54198372364,"var":558.464233398},"melbands_skewness":{"dmean":0.965850114822,"dmean2":1.51736557484,"dvar":0.816806554794,"dvar2":1.94542884827,"max":16.0138874054,"mean":3.39712977409,"median":3.2183713913,"min":-1.40139889717,"var":2.74057507515},"melbands_spread":{"dmean":4.78866958618,"dmean2":7.51081228256,"dvar":37.8122558594,"dvar2":95.2924728394,"max":147.540344238,"mean":11.8269233704,"median":8.58066749573,"min":0.511875927448,"var":134.402526855},"mfcc":{"cov":[[11813.5566406,-10.5543031693,-486.929016113,480.033630371,-425.096801758,315.835388184,-312.772949219,272.631530762,-304.256713867,207.531860352,-142.725585938,23.4675254822,-112.628967285],[-10.5543031693,2728.76147461,-141.527648926,-400.257415771,272.116210938,24.82762146,120.082199097,-130.998504639,210.478530884,-42.3433570862,-3.25006532669,-53.6275177002,33.1893920898],[-486.929016113,-141.527648926,485.096466064,57.7712059021,3.4949092865,37.1728134155,64.6547851562,73.0874404907,8.64977931976,7.56219577789,16.7518234253,7.35746908188,-13.0739545822],[480.033630371,-400.257415771,57.7712059021,347.063720703,-47.6708068848,23.2622089386,-18.9518680573,77.3436050415,-54.1805953979,37.5322494507,15.8139371872,12.9221038818,-34.6913108826],[-425.096801758,272.116210938,3.4949092865,-47.6708068848,186.833404541,15.5213451385,36.5580291748,-22.6064376831,59.9492721558,-16.7399921417,4.00360679626,-1.5702008009,23.9574489594],[315.835388184,24.82762146,37.1728134155,23.2622089386,15.5213451385,127.284942627,31.7392845154,52.5058364868,-11.1012458801,10.6821813583,-15.5684309006,1.7014977932,-1.9935324192],[-312.772949219,120.082199097,64.6547851562,-18.9518680573,36.5580291748,31.7392845154,115.729866028,33.2036476135,30.1443367004,-18.5893516541,11.3296375275,-2.89441657066,1.38152122498],[272.631530762,-130.998504639,73.0874404907,77.3436050415,-22.6064376831,52.5058364868,33.2036476135,127.002113342,13.6092414856,24.6103343964,0.74717438221,17.0407161713,-7.15852069855],[-304.256713867,210.478530884,8.64977931976,-54.1805953979,59.9492721558,-11.1012458801,30.1443367004,13.6092414856,98.7474975586,16.584728241,12.2411222458,-1.34819531441,14.0547552109],[207.531860352,-42.3433570862,7.56219577789,37.5322494507,-16.7399921417,10.6821813583,-18.5893516541,24.6103343964,16.584728241,72.1832122803,32.6502456665,15.3421602249,-11.9081840515],[-142.725585938,-3.25006532669,16.7518234253,15.8139371872,4.00360679626,-15.5684309006,11.3296375275,0.74717438221,12.2411222458,32.6502456665,74.1548233032,29.1571884155,-4.13539791107],[23.4675254822,-53.6275177002,7.35746908188,12.9221038818,-1.5702008009,1.7014977932,-2.89441657066,17.0407161713,-1.34819531441,15.3421602249,29.1571884155,51.9660758972,14.6351070404],[-112.628967285,33.1893920898,-13.0739545822,-34.6913108826,23.9574489594,-1.9935324192,1.38152122498,-7.15852069855,14.0547552109,-11.9081840515,-4.13539791107,14.6351070404,48.8551559448]],"icov":[[0.00014331456623,-0.0000899841616047,0.000148928098497,-0.0000956492003752,0.000165918754647,-0.000204245574423,0.000283892615698,-0.000351132504875,0.000426086771768,-0.00037756722304,0.000291019649012,-0.0000653449678794,0.0000438837741967],[-0.0000899841616047,0.000632689101622,0.0000443858989456,0.000411695742514,-0.000414135487517,-0.000323264801409,-0.000458198628621,0.000805367249995,-0.00124471622985,0.000388342188671,-0.000242488400545,0.000179295529961,0.000366316555301],[0.000148928098497,0.0000443858989456,0.00258361245506,-0.000170471408637,-0.0000153940145537,-0.000314701348543,-0.000800354755484,-0.00129704421852,0.000439693569206,-0.000279958039755,-0.000145409721881,0.00008682985208,0.000477763009258],[-0.0000956492003752,0.000411695742514,-0.000170471408637,0.004666574765,-0.00124499364756,0.000816158310045,0.000330246577505,-0.00279183220118,0.0026631357614,-0.00133811833803,-0.000966905849054,0.00075977348024,0.00159152376],[0.000165918754647,-0.000414135487517,-0.0000153940145537,-0.00124499364756,0.00899226590991,-0.00326409423724,-0.000106390521978,0.00302548869513,-0.0056758094579,0.00298031023704,-0.000714974012226,-0.000946352898609,-0.00173856609035],[-0.000204245574423,-0.000323264801409,-0.000314701348543,0.000816158310045,-0.00326409423724,0.0134990345687,-0.00431487336755,-0.00489450758323,0.00663958955556,-0.00605198508129,0.00466592377052,0.000109709668322,-0.00122275995091],[0.000283892615698,-0.000458198628621,-0.000800354755484,0.000330246577505,-0.000106390521978,-0.00431487336755,0.0160133838654,-0.00488272449002,-0.00326302368194,0.00875473022461,-0.0070921247825,0.0030155100394,0.00126289052423],[-0.000351132504875,0.000805367249995,-0.00129704421852,-0.00279183220118,0.00302548869513,-0.00489450758323,-0.00488272449002,0.0178423933685,-0.00827745255083,-0.00111058726907,0.00426499871537,-0.00681768963113,0.00189684797078],[0.000426086771768,-0.00124471622985,0.000439693569206,0.0026631357614,-0.0056758094579,0.00663958955556,-0.00326302368194,-0.00827745255083,0.0245344024152,-0.0119001111016,0.00133158906829,0.00490680802613,-0.00554565200582],[-0.00037756722304,0.000388342188671,-0.000279958039755,-0.00133811833803,0.00298031023704,-0.00605198508129,0.00875473022461,-0.00111058726907,-0.0119001111016,0.0302113164216,-0.0137361809611,-0.0010299977148,0.00565506471321],[0.000291019649012,-0.000242488400545,-0.000145409721881,-0.000966905849054,-0.000714974012226,0.00466592377052,-0.0070921247825,0.00426499871537,0.00133158906829,-0.0137361809611,0.0284347608685,-0.0152853308246,0.004731209483],[-0.0000653449678794,0.000179295529961,0.00008682985208,0.00075977348024,-0.000946352898609,0.000109709668322,0.0030155100394,-0.00681768963113,0.00490680802613,-0.0010299977148,-0.0152853308246,0.0344679243863,-0.0136071499437],[0.0000438837741967,0.000366316555301,0.000477763009258,0.00159152376,-0.00173856609035,-0.00122275995091,0.00126289052423,0.00189684797078,-0.00554565200582,0.00565506471321,0.004731209483,-0.0136071499437,0.0300742629915]],"mean":[-682.441040039,171.364883423,9.60464096069,17.5425510406,5.43288993835,24.269329071,4.88705348969,15.2065763474,4.04631471634,8.62305545807,-4.48778820038,-2.57111525536,-3.89120841026]},"pitch_salience":{"dmean":0.0812181159854,"dmean2":0.135122984648,"dvar":0.00492122862488,"dvar2":0.0137039804831,"max":0.829294145107,"mean":0.555279791355,"median":0.565406560898,"min":0.156008139253,"var":0.0104339960963},"silence_rate_20dB":{"dmean":0,"dmean2":0,"dvar":0,"dvar2":0,"max":1,"mean":1,"median":1,"min":1,"var":0},"silence_rate_30dB":{"dmean":0.083863504231,"dmean2":0.167751267552,"dvar":0.0768242403865,"dvar2":0.169405654073,"max":1,"mean":0.89330637455,"median":1,"min":0,"var":0.095315285027},"silence_rate_60dB":{"dmean":0.00115673802793,"dmean2":0.0023138106335,"dvar":0.00115537992679,"dvar2":0.00230840290897,"max":1,"mean":0.0555153973401,"median":0,"min":0,"var":0.0524336770177},"spectral_centroid":{"dmean":211.448654175,"dmean2":295.723602295,"dvar":67613.3125,"dvar2":120546.6875,"max":11351.7685547,"mean":743.557250977,"median":580.560791016,"min":146.280227661,"var":313050.21875},"spectral_complexity":{"dmean":3.9794678688,"dmean2":5.57570505142,"dvar":15.4236650467,"dvar2":27.5792160034,"max":58,"mean":17.0190830231,"median":16,"min":0,"var":75.3323745728},"spectral_contrast_coeffs":{"dmean":[0.0500049702823,0.0507597327232,0.0406968258321,0.0304741673172,0.0262151993811,0.0339619070292],"dmean2":[0.0831370428205,0.0834434330463,0.067925773561,0.0503716468811,0.042098056525,0.0485147275031],"dvar":[0.00163389509544,0.00155432475731,0.000973237329163,0.000599250779487,0.000541314366274,0.000977708143182],"dvar2":[0.00461630709469,0.00421135174111,0.00270916963927,0.00157929502893,0.00140337902121,0.00190262671094],"max":[-0.362048536539,-0.338322907686,-0.533486843109,-0.580411434174,-0.650327801704,-0.532518029213],"mean":[-0.646439135075,-0.754935741425,-0.783028423786,-0.809205412865,-0.836167573929,-0.773936808109],"median":[-0.64301776886,-0.757928669453,-0.785468459129,-0.811189591885,-0.833645761013,-0.774995625019],"min":[-0.96854275465,-0.958694398403,-0.961851358414,-0.963236272335,-0.958233833313,-0.961442410946],"var":[0.00664521707222,0.00474780751392,0.00288997683674,0.00189607287757,0.0014969042968,0.00463963439688]},"spectral_contrast_valleys":{"dmean":[0.381378859282,0.397759974003,0.407125085592,0.411865592003,0.504872024059,0.619938910007],"dmean2":[0.622329950333,0.631576776505,0.616688609123,0.579674065113,0.656591117382,0.878184854984],"dvar":[0.120811410248,0.12867410481,0.14835730195,0.152202516794,0.212560728192,0.262090802193],"dvar2":[0.271783530712,0.278305143118,0.287501513958,0.273729801178,0.401783406734,0.551739573479],"max":[-4.79777574539,-4.735206604,-4.93041133881,-5.05718803406,-5.64579296112,-8.53409099579],"mean":[-6.60850143433,-6.74215269089,-6.94401454926,-7.68764209747,-8.22004127502,-10.9886779785],"median":[-6.34335517883,-6.48539018631,-6.69253253937,-7.47153425217,-8.06357765198,-10.894115448],"min":[-27.239528656,-27.6047687531,-27.1813545227,-27.2718486786,-27.2877426147,-27.2498207092],"var":[1.77262854576,1.85136508942,1.85964143276,1.78474974632,1.83498167992,1.43697655201]},"spectral_decrease":{"dmean":5.16839593345e-9,"dmean2":8.30831936582e-9,"dvar":5.88402024722e-17,"dvar2":1.49148102451e-16,"max":-3.1102117694e-19,"mean":-1.4194550424e-8,"median":-1.22301191396e-8,"min":-1.03400829232e-7,"var":1.10248431986e-16},"spectral_energy":{"dmean":0.0199723988771,"dmean2":0.0319014526904,"dvar":0.000865547161084,"dvar2":0.00217523402534,"max":0.399199932814,"mean":0.0555412881076,"median":0.0481422133744,"min":1.46017347519e-11,"var":0.00164901197422},"spectral_energyband_high":{"dmean":0.000551903794985,"dmean2":0.000762177573051,"dvar":8.94582797173e-7,"dvar2":0.00000167291636899,"max":0.0157807786018,"mean":0.000653881696053,"median":0.0000639388235868,"min":1.15186341368e-11,"var":0.00000152391612573},"spectral_energyband_low":{"dmean":0.0163285695016,"dmean2":0.0271564647555,"dvar":0.000744694203604,"dvar2":0.00194941577502,"max":0.362920671701,"mean":0.0352814570069,"median":0.0268590971828,"min":2.51543550529e-13,"var":0.00109689694364},"spectral_energyband_middle_high":{"dmean":0.00234440690838,"dmean2":0.00348532246426,"dvar":0.0000135564314405,"dvar2":0.0000310463838105,"max":0.0684531256557,"mean":0.00442408397794,"median":0.00263029453345,"min":2.28824186162e-12,"var":0.0000274697085842},"spectral_energyband_middle_low":{"dmean":0.00715720513836,"dmean2":0.0112930834293,"dvar":0.0000794960724306,"dvar2":0.000182033341844,"max":0.248951852322,"mean":0.0194446165115,"median":0.0159818828106,"min":3.19474020806e-13,"var":0.000271152326604},"spectral_entropy":{"dmean":0.321577399969,"dmean2":0.421634674072,"dvar":0.0813760831952,"dvar2":0.140845611691,"max":9.80898952484,"mean":7.1921916008,"median":7.16696596146,"min":5.04814624786,"var":0.376620709896},"spectral_flux":{"dmean":0.0321067906916,"dmean2":0.0495907254517,"dvar":0.00145666720346,"dvar2":0.00307458336465,"max":0.467445790768,"mean":0.107258930802,"median":0.0974299684167,"min":0.0000288325973088,"var":0.0036611224059},"spectral_kurtosis":{"dmean":6.14615917206,"dmean2":9.32580757141,"dvar":64.2989730835,"dvar2":161.107635498,"max":87.152053833,"mean":14.6045608521,"median":11.1566143036,"min":-1.21190583706,"var":128.696395874},"spectral_rms":{"dmean":0.00125104107428,"dmean2":0.00194131582975,"dvar":0.00000207067046176,"dvar2":0.00000483478788738,"max":0.0197348259389,"mean":0.0067930133082,"median":0.00685332110152,"min":1.19354908179e-7,"var":0.00000804170304036},"spectral_rolloff":{"dmean":348.218841553,"dmean2":596.818664551,"dvar":589517,"dvar2":1548400.375,"max":17248.0957031,"mean":757.010742188,"median":344.53125,"min":64.599609375,"var":1825334.5},"spectral_skewness":{"dmean":0.570678770542,"dmean2":0.79577255249,"dvar":0.343537569046,"dvar2":0.76966804266,"max":7.12843370438,"mean":2.68229961395,"median":2.51276516914,"min":-0.0343183614314,"var":1.15668535233},"spectral_spread":{"dmean":833879.0625,"dmean2":1126965.75,"dvar":711087489024,"dvar2":1086943461380,"max":41713736,"mean":3740581.75,"median":3347616.25,"min":922883.5,"var":2906672070660},"spectral_strongpeak":{"dmean":0.305599033833,"dmean2":0.52288967371,"dvar":0.298832029104,"dvar2":0.742629528046,"max":13.2327413559,"mean":0.591341435909,"median":0.456641882658,"min":0,"var":0.460389971733},"zerocrossingrate":{"dmean":0.0141091821715,"dmean2":0.0160627942532,"dvar":0.000275092519587,"dvar2":0.00034233200131,"max":0.6455078125,"mean":0.0431717708707,"median":0.02734375,"min":0.00341796875,"var":0.00188459199853}},"metadata":{"audio_properties":{"analysis_sample_rate":44100,"bit_rate":320000,"codec":"mp3","downmix":"mix","equal_loudness":0,"length":160.584960938,"lossless":false,"md5_encoded":"56ee76c5b76f58fa8c6220ab56b37bfe","replay_gain":-2.56162643433,"sample_rate":48000},"tags":{"album":["More Songs About Buildings and Food"],"albumartist":["Talking Heads"],"albumartistsort":["Talking Heads","Talking Heads"],"artist":["Talking Heads"],"artistsort":["Talking Heads"],"catalognumber":["SRK 6058"],"composer":["David Byrne"],"date":["1978"],"discnumber":["1/1"],"encoding":["LAME 32bits version 3.98.2 (http://www.mp3dev.org/)"],"file_name":"09. Talking Heads - Stay Hungry.mp3","genre":["New Wave"],"label":["Sire Records"],"language":["eng"],"length":["160560"],"lyricist":["Chris Frantz"],"musicbrainz album release country":["US"],"musicbrainz album status":["official"],"musicbrainz album type":["album"],"musicbrainz_albumartistid":["a94a7155-c79d-4409-9fcf-220cb0e4dc3a"],"musicbrainz_albumid":["66c399b8-e67f-4031-82d5-fec6251fc6b0"],"musicbrainz_artistid":["a94a7155-c79d-4409-9fcf-220cb0e4dc3a"],"musicbrainz_recordingid":["be713f63-340b-460b-966f-0c880ed9c947"],"script":["Latn"],"title":["Stay Hungry"],"tracknumber":["9/11"]},"version":{"essentia":"2.1-beta1","essentia_build_sha":"ca57ba49d9b1854bd80e60cf9ccf267278fb7d6b","essentia_git_sha":"v2.1_beta1-28-g21ef5f4-dirty","extractor":"music 1.0"}},"rhythm":{"beats_count":335,"beats_loudness":{"dmean":0.0282394737005,"dmean2":0.0495813041925,"dvar":0.000587029964663,"dvar2":0.00165152188856,"max":0.19303265214,"mean":0.0704618319869,"median":0.0691433846951,"min":1.0720648369e-8,"var":0.00119588989764},"beats_loudness_band_ratio":{"dmean":[0.155720725656,0.0697970464826,0.0505986697972,0.0572839342058,0.0285353176296,0.0305759329349],"dmean2":[0.27192813158,0.122186608613,0.0888231769204,0.10267226398,0.053271394223,0.0535155236721],"dvar":[0.0166870038956,0.00496840383857,0.00378929218277,0.00290566799231,0.00