{"lowlevel":{"average_loudness":0.486177712679,"barkbands":{"dmean":[0.000193162690266,0.0025707653258,0.00146079715341,0.000826932315249,0.00295534869656,0.00105781806633,0.000599659630097,0.000351705995854,0.000334802316502,0.000404269638238,0.000230492267292,0.000229122160817,0.000240715584368,0.000241564048338,0.000174056534888,0.0000777936438681,0.0000459415714431,0.0000283513145405,0.0000140103302328,0.0000117075587696,0.0000222137405217,0.0000247200823651,0.0000502419861732,0.0000449700964964,0.0000531527985004,0.000065444248321,0.0000117792706078],"dmean2":[0.000294424564345,0.00391573691741,0.00229263678193,0.00134563061874,0.00457913335413,0.0016848173691,0.0009882862214,0.000544994603842,0.000513828301337,0.000606545421761,0.000349291076418,0.000347015738953,0.000373107817722,0.000391305889934,0.000267326046014,0.000124006823171,0.000074141418736,0.0000452246968052,0.000021817837478,0.0000179382222996,0.0000320952385664,0.00003485284833,0.0000693365000188,0.0000656531265122,0.0000772474522819,0.0000966314546531,0.0000200297199626],"dvar":[1.21465944858e-7,0.0000250260854955,0.00000641480619379,0.00000448602440883,0.000106241597678,0.0000130242087835,0.00000551072935195,0.00000332016747961,0.00000174613603576,0.00000640655252937,8.58111320667e-7,0.00000171408748884,0.00000214601732296,0.0000015971859284,6.65683330681e-7,1.47691508801e-7,3.04660936479e-8,1.38009870199e-8,2.05582928459e-9,1.54245216599e-9,1.37672753198e-8,2.38201494085e-8,1.67038535892e-7,9.99468596774e-8,6.62083010639e-8,9.02870880282e-8,7.93501531149e-9],"dvar2":[2.77554363493e-7,0.000058242760133,0.000016235113435,0.0000113449168566,0.00025573556195,0.0000308728376694,0.0000150540399773,0.0000076001256275,0.00000406885192206,0.0000129146337713,0.00000202010187422,0.00000358912325282,0.00000519943068866,0.00000425689859185,0.0000015426758182,3.25242979216e-7,8.11834865999e-8,2.98270776966e-8,4.8788675322e-9,3.62956020794e-9,2.88304775609e-8,4.8966654731e-8,3.38760713703e-7,2.07135357755e-7,1.37243375775e-7,2.08358201803e-7,2.19905853527e-8],"max":[0.00685446383432,0.0905607789755,0.0402808450162,0.059045612812,0.277377963066,0.0815761014819,0.105849862099,0.0729330852628,0.0616034790874,0.12099339813,0.039619255811,0.0650278776884,0.0706332400441,0.064246468246,0.0418932549655,0.0247864294797,0.00694649294019,0.00932214595377,0.00161804526579,0.00144082820043,0.00729002803564,0.00969752389938,0.0178950484842,0.014811296016,0.0138581385836,0.0102984281257,0.00271632475778],"mean":[0.000477140536532,0.00863063149154,0.00312529806979,0.00119622563943,0.0048454022035,0.00142203294672,0.000790001067799,0.00051535962848,0.000670590379741,0.000711751403287,0.000446546124294,0.000462901341962,0.000438812596258,0.000436874426669,0.000331322691636,0.000144688630826,0.0000849124626257,0.0000524810311617,0.0000273939349427,0.0000228353655984,0.0000448884675279,0.0000471622806799,0.0000930365495151,0.0000785457305028,0.0000843083980726,0.0000743094351492,0.00000991634897218],"median":[0.000189595943084,0.00617207307369,0.00175914890133,0.000339625927154,0.00179889821447,0.000345806998666,0.000131999389851,0.000048779482313,0.000127936495119,0.0000525879768247,0.0000882683234522,0.0000477360372315,0.0000894501426956,0.000119591000839,0.0000995072186925,0.0000189850034076,0.0000192526786122,0.00000925787662709,0.00000269273914455,0.00000272090369435,0.00000229598890655,0.00000175608124664,0.00000143576085065,0.00000163355935001,0.00000345085277331,0.00000245241062657,1.14462849865e-7],"min":[6.81158120262e-25,7.65318613682e-24,5.09662204935e-24,1.69960614511e-24,1.93532018962e-23,1.2392466029e-23,1.71408067776e-23,1.15156613324e-23,2.72750141039e-23,3.98473743403e-23,2.36151160222e-23,3.53081740283e-23,6.3285545706e-23,4.84570495915e-23,8.28221467186e-23,7.99263266879e-23,1.07098066278e-22,1.14287492132e-22,1.73284430237e-22,2.37863979196e-22,2.8151555321e-22,4.01205265795e-22,4.58681646106e-22,6.82377759175e-22,1.03845528394e-21,1.45726989414e-21,2.09958089044e-21],"var":[3.549820633e-7,0.0000858644125401,0.0000161160023708,0.00000732445141693,0.000130597414682,0.0000153382698045,0.00000693364791005,0.00000549754713575,0.00000464570121039,0.0000200819977181,0.00000160997979037,0.00000565662912777,0.00000531661498826,0.00000236707569456,0.00000164452183071,3.89950741919e-7,6.41922e-8,3.52316398278e-8,4.88958606937e-9,3.80010511947e-9,4.3585888676e-8,8.47488479394e-8,6.003042472e-7,3.00505718087e-7,1.85130005548e-7,1.07217466905e-7,5.31867261344e-9]},"barkbands_crest":{"dmean":2.16543221474,"dmean2":3.41883826256,"dvar":4.74603509903,"dvar2":11.2602472305,"max":25.6916751862,"mean":12.9618234634,"median":12.259519577,"min":2.81143832207,"var":25.0969867706},"barkbands_flatness_db":{"dmean":0.0214569084346,"dmean2":0.0311688035727,"dvar":0.000573045923375,"dvar2":0.00112890871242,"max":0.477963805199,"mean":0.20033031702,"median":0.193594068289,"min":0.0237059313804,"var":0.00627692742273},"barkbands_kurtosis":{"dmean":4.55987548828,"dmean2":6.81628417969,"dvar":50.8027114868,"dvar2":110.874473572,"max":348.680511475,"mean":12.8692779541,"median":7.76773834229,"min":-1.94061887264,"var":286.407440186},"barkbands_skewness":{"dmean":0.544406414032,"dmean2":0.799232780933,"dvar":0.342993974686,"dvar2":0.723442733288,"max":14.5768842697,"mean":2.62027239799,"median":2.42556118965,"min":-3.18786144257,"var":2.99392175674},"barkbands_spread":{"dmean":3.48481655121,"dmean2":5.25381612778,"dvar":46.9484062195,"dvar2":97.2752380371,"max":119.023406982,"mean":12.5514163971,"median":9.03993606567,"min":0.304602056742,"var":167.573532104},"dissonance":{"dmean":0.0215615276247,"dmean2":0.0362272635102,"dvar":0.000421397009632,"dvar2":0.00109158782288,"max":0.499999880791,"mean":0.450784415007,"median":0.456823825836,"min":0,"var":0.00101807818282},"dynamic_complexity":4.8372964859,"erbbands":{"dmean":[0.0838302075863,0.568549990654,1.4896415472,2.10855960846,4.7233505249,10.8094549179,15.9302749634,6.66092824936,7.26014280319,9.42969036102,8.7967004776,7.04691982269,10.7908687592,10.7907571793,8.12936496735,9.54833984375,8.93901729584,13.137834549,7.71131849289,9.38236999512,3.48727607727,2.43312454224,1.57324075699,0.896365463734,0.606917917728,0.560596168041,0.748463153839,0.961580395699,0.900367975235,0.858070790768,1.75406587124,1.03814136982,0.765483617783,0.599040865898,0.388219296932,0.328233659267,0.107042618096,0.0141740394756,0.00289546698332,0.00012253235036],"dmean2":[0.126789718866,0.876206457615,2.35299825668,3.32605719566,7.6500916481,16.7788047791,24.9532756805,10.6009531021,11.392496109,15.7257795334,13.467341423,10.682466507,17.0935726166,15.8167619705,12.165854454,14.2070360184,13.8303012848,20.2037467957,12.2281599045,14.1975212097,5.40860557556,3.85237431526,2.45946645737,1.4108620882,0.918587863445,0.857201218605,1.11148929596,1.38956856728,1.28982508183,1.16555643082,2.41087388992,1.50586652756,1.13564753532,0.874635994434,0.56681394577,0.479664206505,0.160399138927,0.0226454716176,0.00493523478508,0.000205403368454],"dvar":[0.0322993770242,1.15526676178,6.48586559296,19.2630977631,206.99987793,1136.55151367,5385.40283203,603.196533203,832.510314941,1638.67431641,2197.8203125,768.007385254,3541.44189453,6402.44189453,926.664611816,3069.16625977,2390.17260742,3953.66113281,2232.27807617,773.586853027,245.860015869,71.3254623413,40.3803939819,10.6758575439,3.79628419876,3.74128508568,18.0130691528,25.6474094391,31.4314022064,35.9617385864,242.491394043,66.0773162842,25.2657699585,10.7466554642,3.10898423195,2.28670048714,0.252135187387,0.00708053912967,0.00050231203204,7.75488217641e-7],"dvar2":[0.0755743831396,2.75795912743,16.2803707123,48.505859375,539.382629395,2841.49584961,12786.6611328,1436.41894531,1931.56164551,4617.06982422,5015.6328125,1803.2097168,8827.12792969,11964.2490234,2184.78173828,6518.01416016,5730.50048828,9276.36621094,5371.77294922,1694.46765137,565.588256836,181.839660645,87.4928817749,24.2675552368,8.85013866425,9.00421047211,43.2582435608,53.3850593567,68.6386184692,78.5821380615,524.347595215,135.715789795,53.3879013062,20.9270133972,6.99430465698,5.22911262512,0.598733365536,0.0188619755208,0.00139382528141,0.00000214153965317],"max":[3.14012336731,19.0281867981,44.2423439026,103.025871277,453.867919922,912.282287598,2263.06274414,710.000549316,885.603942871,1719.44677734,1931.21203613,966.618774414,2941.72631836,4735.57861328,1187.56677246,2602.59326172,2380.72460938,3991.07788086,2517.42016602,1367.22570801,867.724060059,291.011322021,484.507232666,191.801742554,53.3928833008,68.1246490479,340.946563721,237.578460693,367.770050049,391.894348145,668.998962402,409.537414551,216.337677002,196.107208252,63.5892333984,54.2986221313,15.3089008331,2.99190330505,0.593412876129,0.0292418207973],"mean":[0.311537712812,1.7036768198,3.32872009277,4.23376893997,7.37797689438,18.5498523712,20.5881443024,9.12411975861,9.31109333038,13.1376132965,13.6460189819,14.195233345,20.0325584412,22.3457603455,17.0260562897,20.1230888367,18.7525844574,26.2442741394,16.30676651,16.9671878815,7.52338886261,5.08460474014,3.24035000801,1.87107741833,1.1823502779,1.0826934576,1.43832778931,1.91610693932,1.6997897625,1.63779342175,3.08154344559,1.91101229191,1.29488432407,1.02696633339,0.551732182503,0.394057154655,0.113720104098,0.0134760290384,0.00245901127346,0.000128750805743],"median":[0.204505950212,1.14076912403,2.08238935471,1.88432431221,2.17673492432,7.14141273499,4.90212726593,2.59107875824,1.74537479877,2.12748908997,1.45244479179,2.56750869751,2.46163988113,2.72633814812,3.29592227936,2.18759584427,4.06716918945,6.23472690582,3.50914597511,5.20765733719,1.26849162579,1.21353054047,0.620358943939,0.274296224117,0.126104325056,0.135638862848,0.0867095589638,0.0888424664736,0.0670567452908,0.0504114925861,0.0411602109671,0.028886359185,0.0320763066411,0.0338363200426,0.0234929211438,0.0145408194512,0.00321701681241,0.000290169962682,0.0000391378671338,0.000024276192562],"min":[3.37695424846e-22,1.5739978821e-21,6.96720416683e-21,5.05019209461e-21,1.36220571796e-20,6.30445138886e-20,8.87572164347e-20,9.45011844576e-20,2.74949898378e-19,3.65611168261e-19,3.02151319232e-19,6.83110978855e-19,1.15164913546e-18,1.5727843629e-18,1.25361082989e-18,1.49316729837e-18,2.20893185229e-18,2.614866602e-18,4.273959507e-18,4.16111139193e-18,6.32590592071e-18,7.97973775022e-18,6.35523567728e-18,8.2039218942e-18,9.6928469968e-18,1.05738456344e-17,1.12841001314e-17,1.26130410589e-17,1.4250841301e-17,1.2695117228e-17,1.41812903007e-17,1.32646360429e-17,1.11761166655e-17,9.41125899985e-18,7.30656576002e-18,4.27907231037e-18,2.95288486033e-18,1.00128879321e-18,2.8827776845e-19,2.91615965672e-20],"var":[0.125429674983,3.51480960846,15.4949369431,42.8361282349,326.926483154,1513.1541748,5694.55273438,672.32611084,982.267456055,2028.83996582,3544.91674805,1876.9831543,10014.9511719,21961.2617188,2200.49755859,10537.3583984,6642.38232422,10659.8974609,6336.72753906,2258.18041992,816.580749512,215.379730225,111.602867126,28.1972465515,8.71485137939,9.36954689026,39.5282516479,90.8105621338,101.278831482,112.282989502,746.539978027,229.018447876,68.7138137817,36.194770813,6.16574716568,2.94327020645,0.272756427526,0.00560972327366,0.000334904994816,5.33119134616e-7]},"erbbands_crest":{"dmean":2.2822432518,"dmean2":3.56006836891,"dvar":4.76209068298,"dvar2":11.3098363876,"max":28.7154769897,"mean":9.15511608124,"median":8.18250083923,"min":2.42267084122,"var":14.9365825653},"erbbands_flatness_db":{"dmean":0.0178200900555,"dmean2":0.0266241896898,"dvar":0.000384755927371,"dvar2":0.000851215096191,"max":0.400534212589,"mean":0.167154565454,"median":0.168157935143,"min":0.0357740074396,"var":0.00185034249444},"erbbands_kurtosis":{"dmean":0.898817837238,"dmean2":1.3775177002,"dvar":2.53494548798,"dvar2":5.88505458832,"max":44.8467750549,"mean":0.412419080734,"median":-0.186217427254,"min":-1.85239040852,"var":5.38432025909},"erbbands_skewness":{"dmean":0.363145232201,"dmean2":0.519848585129,"dvar":0.138308241963,"dvar2":0.280338227749,"max":5.5119767189,"mean":0.242876827717,"median":0.229265749454,"min":-3.68613505363,"var":0.656780123711},"erbbands_spread":{"dmean":5.7454957962,"dmean2":8.51525592804,"dvar":48.7274475098,"dvar2":108.3855896,"max":155.530715942,"mean":34.0589752197,"median":33.3810577393,"min":1.82916331291,"var":189.187744141},"gfcc":{"cov":[[10382.8779297,-1719.52502441,-21.5791454315,150.179992676,-1318.36975098,118.591445923,-200.059356689,127.943962097,-252.300369263,93.5413131714,-156.292556763,55.0761947632,-233.124038696],[-1719.52502441,1643.2833252,158.495529175,-51.1183776855,610.038818359,-125.640914917,125.546897888,-46.4514007568,174.648696899,-42.0189552307,115.129447937,-39.4484939575,120.144729614],[-21.5791454315,158.495529175,670.871520996,124.811088562,107.773712158,51.1692886353,-43.9555053711,36.8890724182,64.9155197144,33.3203392029,57.0366287231,41.0209312439,29.7677345276],[150.179992676,-51.1183776855,124.811088562,267.910491943,17.1217155457,93.8819580078,16.0309066772,27.1942939758,35.4827880859,22.1949729919,33.8233375549,1.27899312973,36.2408790588],[-1318.36975098,610.038818359,107.773712158,17.1217155457,561.484619141,-48.2672576904,96.7152786255,-12.0485630035,90.4535293579,-0.145083829761,41.2503013611,3.43095755577,74.5679931641],[118.591445923,-125.640914917,51.1692886353,93.8819580078,-48.2672576904,228.642623901,34.490940094,65.3429489136,15.7622470856,20.6753463745,25.4020519257,-1.26344740391,13.9125366211],[-200.059356689,125.546897888,-43.9555053711,16.0309066772,96.7152786255,34.490940094,217.664489746,17.4543571472,29.0397930145,7.70486736298,34.2691650391,8.16642570496,18.6567287445],[127.943962097,-46.4514007568,36.8890724182,27.1942939758,-12.0485630035,65.3429489136,17.4543571472,114.610794067,26.4505252838,16.6152076721,15.3766851425,11.3046579361,8.714220047],[-252.300369263,174.648696899,64.9155197144,35.4827880859,90.4535293579,15.7622470856,29.0397930145,26.4505252838,106.34879303,23.7895374298,27.7793292999,-2.51767706871,25.8873081207],[93.5413131714,-42.0189552307,33.3203392029,22.1949729919,-0.145083829761,20.6753463745,7.70486736298,16.6152076721,23.7895374298,78.7388458252,20.619096756,3.54637217522,0.900558769703],[-156.292556763,115.129447937,57.0366287231,33.8233375549,41.2503013611,25.4020519257,34.2691650391,15.3766851425,27.7793292999,20.619096756,85.0603179932,21.2424354553,19.3009471893],[55.0761947632,-39.4484939575,41.0209312439,1.27899312973,3.43095755577,-1.26344740391,8.16642570496,11.3046579361,-2.51767706871,3.54637217522,21.2424354553,71.283416748,16.6052761078],[-233.124038696,120.144729614,29.7677345276,36.2408790588,74.5679931641,13.9125366211,18.6567287445,8.714220047,25.8873081207,0.900558769703,19.3009471893,16.6052761078,77.7112731934]],"icov":[[0.00015370255278,-0.0000229989673244,-0.0000385747043765,-0.000165314602782,0.000338773126714,0.0000767319725128,-0.0000576756719965,-0.000166181795066,0.00016212684568,-0.000225477910135,0.000276731909253,-0.000201613482204,0.000205145202926],[-0.0000229989673244,0.00157287099864,-0.00022447668016,0.000735377019737,-0.0011365362443,0.000554310216103,-0.000159365779837,0.000451223779237,-0.00138303707354,0.00140279368497,-0.00200065015815,0.00177644472569,-0.00121691334061],[-0.0000385747043765,-0.00022447668016,0.00199593044817,-0.000773674459197,-0.000350493239239,-0.000320072635077,0.000923502375372,-0.000188841135241,-0.000528817879967,-0.000345727370586,-0.00041998893721,-0.0013061988866,0.000584252120461],[-0.000165314602782,0.000735377019737,-0.000773674459197,0.00554757285863,-0.000623853993602,-0.00151376775466,-0.0000719871241017,0.000729143619537,-0.00130701379385,0.000436675007222,-0.00188860762864,0.00188168697059,-0.00262113893405],[0.000338773126714,-0.0011365362443,-0.000350493239239,-0.000623853993602,0.00414663972333,0.000583502405789,-0.00107278639916,-0.000180107555934,-0.000244187016506,-0.000993951340206,0.00165588839445,-0.00100255385041,-0.00071121082874],[0.0000767319725128,0.000554310216103,-0.000320072635077,-0.00151376775466,0.000583502405789,0.00666907103732,-0.00106660847086,-0.0029261847958,0.000171587016666,-0.0000246040981438,-0.00136503647082,0.00179852137808,-0.00107004994061],[-0.0000576756719965,-0.000159365779837,0.000923502375372,-0.0000719871241017,-0.00107278639916,-0.00106660847086,0.0058228969574,-0.000277168990579,-0.000542397378013,0.00000678022934153,-0.00165099988226,-0.000776286644395,0.000363202823792],[-0.000166181795066,0.000451223779237,-0.000188841135241,0.000729143619537,-0.000180107555934,-0.0029261847958,-0.000277168990579,0.0116769392043,-0.00320551428013,-0.000167932332261,-0.000611976138316,-0.00118755025323,-0.000534482533112],[0.00016212684568,-0.00138303707354,-0.000528817879967,-0.00130701379385,-0.000244187016506,0.000171587016666,-0.000542397378013,-0.00320551428013,0.0152008319274,-0.00427376432344,-0.0000285585119855,0.00103634025436,-0.0010986024281],[-0.000225477910135,0.00140279368497,-0.000345727370586,0.000436675007222,-0.000993951340206,-0.0000246040981438,0.00000678022934153,-0.000167932332261,-0.00427376432344,0.0162290893495,-0.00471016578376,0.00163329194766,0.000115427348646],[0.000276731909253,-0.00200065015815,-0.00041998893721,-0.00188860762864,0.00165588839445,-0.00136503647082,-0.00165099988226,-0.000611976138316,-0.0000285585119855,-0.00471016578376,0.0189669635147,-0.00647338898852,0.000821894675028],[-0.000201613482204,0.00177644472569,-0.0013061988866,0.00188168697059,-0.00100255385041,0.00179852137808,-0.000776286644395,-0.00118755025323,0.00103634025436,0.00163329194766,-0.00647338898852,0.0194505695254,-0.00568145792931],[0.000205145202926,-0.00121691334061,0.000584252120461,-0.00262113893405,-0.00071121082874,-0.00107004994061,0.000363202823792,-0.000534482533112,-0.0010986024281,0.000115427348646,0.000821894675028,-0.00568145792931,0.018584785983]],"mean":[-72.228805542,127.658905029,-83.7693023682,9.19183444977,-23.5019836426,22.2891101837,-40.9185943604,2.86378788948,-22.6183414459,6.57477331161,-20.1313247681,2.22060441971,-4.56328105927]},"hfc":{"dmean":4.41364765167,"dmean2":6.14505624771,"dvar":153.559997559,"dvar2":294.259460449,"max":404.861450195,"mean":12.1098194122,"median":3.40807509422,"min":1.09099636934e-16,"var":679.8359375},"melbands":{"dmean":[0.000715251138899,0.000728358107153,0.000432157656178,0.000476376764709,0.000587202317547,0.000162101743626,0.000118022631796,0.0000931969843805,0.0000707579529262,0.0000447133897978,0.0000557200619369,0.0000466604833491,0.0000327963571181,0.0000259683620243,0.0000206080094358,0.0000271922945103,0.0000242929854721,0.000014183339772,0.000010961535736,0.0000093862763606,0.00000407856714446,0.00000287589932668,0.0000021456489776,0.00000138896632507,7.39736378819e-7,4.90609920689e-7,4.2213468987e-7,3.81799594606e-7,4.30647361327e-7,5.88189266182e-7,6.00568284881e-7,5.51754169464e-7,5.01585589063e-7,4.9259796242e-7,0.00000105525043637,9.36767548865e-7,5.96021720867e-7,5.47173101495e-7,5.37807068213e-7,5.26904216258e-7],"dmean2":[0.00108115538023,0.00114152592141,0.000685729726683,0.00074183702236,0.000918153324164,0.000258293322986,0.000187796409591,0.000152804423124,0.000107615160232,0.0000682176978444,0.0000880589141161,0.0000686387720634,0.0000489039884997,0.0000396785835619,0.0000315085344482,0.0000422672455898,0.000037756482925,0.0000230989753618,0.0000165793426277,0.0000142231892823,0.00000636701179246,0.00000461070249003,0.00000343063607033,0.000002225381877,0.0000011792371879,7.6146596939e-7,6.52667836221e-7,5.98621966219e-7,6.54423956803e-7,8.71483393894e-7,8.8332632231e-7,8.23045297693e-7,7.00549890098e-7,6.97353243595e-7,0.00000148532626554,0.00000135030063575,8.88343379302e-7,8.27967767236e-7,7.84926328379e-7,7.84272572218e-7],"dvar":[0.00000213125940718,0.00000149041466102,9.48873321249e-7,0.00000159100613928,0.00000695895596436,3.67419744407e-7,1.9703738019e-7,1.48321774418e-7,1.32199559744e-7,3.20276107857e-8,9.18719678111e-8,1.22737716879e-7,1.22215562115e-8,3.26217630686e-8,9.36078770053e-9,2.95585991239e-8,1.32240280948e-8,7.60435270308e-9,2.3286457207e-9,9.86642101353e-10,4.3345405043e-10,1.24529858647e-10,5.35513820787e-11,5.44000608449e-11,7.12359555025e-12,2.72401003663e-12,1.70353238894e-12,2.08330423225e-12,4.92264562446e-12,1.32221412638e-11,9.74137263909e-12,1.1959844573e-11,1.39623009335e-11,1.25557715266e-11,9.18593326404e-11,6.39033687078e-11,2.22741668859e-11,1.38633037342e-11,1.06557896187e-11,8.64380095278e-12],"dvar2":[0.00000492836852573,0.00000363988397112,0.00000245817022915,0.00000402635441787,0.000016653266357,8.68706422352e-7,4.73122071298e-7,3.99344401103e-7,3.03899952314e-7,7.47163824144e-8,2.26002569548e-7,2.30523099276e-7,2.96577660208e-8,7.04358242842e-8,2.11026680574e-8,7.20278805488e-8,3.14610808516e-8,1.93908853419e-8,5.35589350648e-9,2.01209826578e-9,1.01406261166e-9,3.31195765257e-10,1.26333887795e-10,1.23332913327e-10,1.74100161371e-11,6.89797958336e-12,3.88184016181e-12,5.30137522423e-12,1.2652704405e-11,3.05278337331e-11,2.05198791986e-11,2.85697403235e-11,3.25265196721e-11,2.91235126293e-11,2.02880379163e-10,1.29491820045e-10,4.96094033908e-11,3.09238364082e-11,2.21889000229e-11,1.78759142905e-11],"max":[0.0272086821496,0.023491056636,0.0285847429186,0.0357761718333,0.0763543024659,0.0176510196179,0.0134550482035,0.0150260478258,0.0135737564415,0.00667642429471,0.0143751846626,0.0206008143723,0.00378900161013,0.00965491402894,0.00409264722839,0.00796007364988,0.00671528605744,0.00437333574519,0.00246140477248,0.00224191462621,0.00139171723276,0.000426453450928,0.000273344136076,0.000724839337636,0.000136498812935,0.000057138990087,0.0000290690059046,0.0000622293373453,0.000166756741237,0.000233489641687,0.000141250202432,0.000234113060287,0.000247126852628,0.000205839416594,0.000402430945542,0.000466123921797,0.000240439534537,0.00015729398001,0.000163474149304,0.000174686472747],"mean":[0.00256766285747,0.00194908399135,0.000833981612232,0.000862061977386,0.000819463923108,0.000218826971832,0.000152969616465,0.000133065928821,0.000111534078314,0.0000896991332411,0.000100936653325,0.0000921217724681,0.0000649428184261,0.0000486781063955,0.0000421910081059,0.0000513440427312,0.0000462151620013,0.0000270681684924,0.0000201390885195,0.0000165405272128,0.00000770816404838,0.000005254475127,0.00000393191385228,0.00000242524652094,0.00000140646238833,8.86631710273e-7,7.64070591686e-7,6.81659798829e-7,7.81991047916e-7,0.00000108980316327,0.00000112269071906,9.6520147963e-7,8.94822619557e-7,8.67509015734e-7,0.00000177471258667,0.00000167927635175,9.74920794761e-7,8.68131678544e-7,9.03639772787e-7,8.65967024311e-7],"median":[0.00179757759906,0.00141665362753,0.000362663005944,0.000356346805347,0.00023792310094,0.0000586814421695,0.0000282525761577,0.0000205829564948,0.000012744230844,0.0000166677073139,0.0000120543872981,0.0000103351594589,0.0000129931722768,0.00000441368865722,0.00000830397948448,0.0000103835654954,0.0000111283316073,0.00000577861010242,0.00000637949960947,0.0000045308083827,8.61282501319e-7,0.00000129377622216,6.04590070452e-7,5.29994849785e-7,1.53049654728e-7,8.49302779216e-8,9.54339540726e-8,7.75022925836e-8,4.99897296891e-8,5.06107014075e-8,4.96435603736e-8,3.80925584409e-8,2.95498754355e-8,2.48491200949e-8,2.38518094164e-8,1.54329473645e-8,1.68661085098e-8,1.96447729195e-8,2.35158275075e-8,2.86280332773e-8],"min":[3.35404763681e-24,4.35915227666e-24,9.29424085618e-25,3.17307111224e-24,4.56510650408e-24,1.91570117946e-24,3.66110109455e-24,3.34638188097e-24,2.04712757564e-24,3.12821233965e-24,5.5173136815e-24,5.19448655553e-24,5.09187783987e-24,2.79696077086e-24,4.2354080052e-24,6.67586162818e-24,4.10772652895e-24,5.19652812756e-24,4.82512807464e-24,6.00637352172e-24,5.26222959134e-24,6.00849634641e-24,5.38098786745e-24,5.92613295702e-24,6.04413392667e-24,6.86390082443e-24,6.39467255294e-24,6.97260585717e-24,6.83863282078e-24,5.55274497463e-24,7.1188930123e-24,7.82562166437e-24,6.85443686015e-24,5.26011978285e-24,7.73716432449e-24,7.57005124146e-24,7.35500144781e-24,5.94985045457e-24,7.71406332174e-24,7.61695217772e-24],"var":[0.00000780965274316,0.00000422331868322,0.00000187200691926,0.00000245709634328,0.00000740693712942,4.11011058077e-7,2.45556407208e-7,2.05360535688e-7,2.13967268792e-7,8.3354997571e-8,2.60063842461e-7,4.17093019678e-7,2.66578670249e-8,8.62427782522e-8,2.50868055218e-8,7.79920767968e-8,3.04119822658e-8,1.86330719743e-8,5.34554311926e-9,2.85669732314e-9,1.31437349893e-9,2.75694245211e-10,1.27572216679e-10,1.18183907105e-10,1.65156152643e-11,5.39561581178e-12,3.71552354855e-12,4.51288138803e-12,9.69152536001e-12,3.09103923013e-11,3.31584378011e-11,3.22056617486e-11,3.68016346564e-11,3.19393227144e-11,2.51790227557e-10,2.29071372981e-10,5.77838089877e-11,3.23967172533e-11,3.20608609106e-11,2.60198893681e-11]},"melbands_crest":{"dmean":2.63045716286,"dmean2":4.22196006775,"dvar":7.06773376465,"dvar2":16.8862133026,"max":33.2744483948,"mean":16.5333175659,"median":15.917131424,"min":1.09205722809,"var":33.8872489929},"melbands_flatness_db":{"dmean":0.0249073281884,"dmean2":0.0358988232911,"dvar":0.000808305747341,"dvar2":0.00154476589523,"max":0.642715573311,"mean":0.311834692955,"median":0.308375477791,"min":0.000723148346879,"var":0.0100399181247},"melbands_kurtosis":{"dmean":7.79144334793,"dmean2":11.7120361328,"dvar":124.892829895,"dvar2":277.179992676,"max":260.158691406,"mean":24.6056632996,"median":16.1137447357,"min":-1.89339542389,"var":779.936279297},"melbands_skewness":{"dmean":0.657968938351,"dmean2":0.97979003191,"dvar":0.478351324797,"dvar2":1.02414274216,"max":12.6039123535,"mean":3.57400560379,"median":3.30637335777,"min":-3.57752561569,"var":4.00252199173},"melbands_spread":{"dmean":3.57180953026,"dmean2":5.22281837463,"dvar":76.1142044067,"dvar2":131.591156006,"max":298.446838379,"mean":12.295422554,"median":7.54291534424,"min":0.356459915638,"var":284.48916626},"mfcc":{"cov":[[8935.15722656,-1916.28649902,261.75604248,-280.467071533,-861.325927734,-284.397125244,-159.926315308,-67.0102310181,-106.749099731,-123.467582703,15.9401302338,-18.3408412933,88.744934082],[-1916.28649902,1662.87780762,-148.817001343,173.677276611,344.576751709,73.4701919556,56.8949928284,37.1662254333,53.9038009644,24.1035289764,56.1639595032,-8.14435195923,-6.8286690712],[261.75604248,-148.817001343,561.31427002,30.6350307465,74.6790924072,16.6018676758,-21.2648296356,26.2752857208,-15.9924001694,25.5832920074,-4.47581672668,41.1367721558,40.7116737366],[-280.467071533,173.677276611,30.6350307465,223.96434021,99.7439193726,47.6223526001,26.1733074188,8.89087963104,18.5351009369,21.9493999481,0.132773533463,8.04596042633,3.39926242828],[-861.325927734,344.576751709,74.6790924072,99.7439193726,335.465362549,65.3149490356,11.2137184143,18.244386673,35.0930480957,38.5064544678,-4.92399549484,16.2827758789,-1.06522262096],[-284.397125244,73.4701919556,16.6018676758,47.6223526001,65.3149490356,144.960235596,59.1533317566,21.9656887054,27.1980743408,35.346950531,16.4161205292,14.2806444168,-9.61424732208],[-159.926315308,56.8949928284,-21.2648296356,26.1733074188,11.2137184143,59.1533317566,133.323852539,51.3180503845,23.8221035004,21.2217845917,26.7783565521,12.6187038422,-0.281451702118],[-67.0102310181,37.1662254333,26.2752857208,8.89087963104,18.244386673,21.9656887054,51.3180503845,108.447494507,30.2265052795,4.35228729248,17.9522724152,8.77122879028,12.215218544],[-106.749099731,53.9038009644,-15.9924001694,18.5351009369,35.0930480957,27.1980743408,23.8221035004,30.2265052795,89.8254089355,34.6602249146,4.11189317703,10.9524440765,9.08725357056],[-123.467582703,24.1035289764,25.5832920074,21.9493999481,38.5064544678,35.346950531,21.2217845917,4.35228729248,34.6602249146,86.427772522,23.1610221863,15.5660467148,2.47700572014],[15.9401302338,56.1639595032,-4.47581672668,0.132773533463,-4.92399549484,16.4161205292,26.7783565521,17.9522724152,4.11189317703,23.1610221863,90.0023956299,23.1147422791,-0.516321957111],[-18.3408412933,-8.14435195923,41.1367721558,8.04596042633,16.2827758789,14.2806444168,12.6187038422,8.77122879028,10.9524440765,15.5660467148,23.1147422791,75.1980209351,17.0353126526],[88.744934082,-6.8286690712,40.7116737366,3.39926242828,-1.06522262096,-9.61424732208,-0.281451702118,12.215218544,9.08725357056,2.47700572014,-0.516321957111,17.0353126526,86.1425704956]],"icov":[[0.00018230972637,0.000139888026752,-0.0000987969033304,-0.0000532517042302,0.000321144500049,0.000123324003653,0.0000897000863915,0.0000415878566855,-0.000116396047815,0.000139191921335,-0.00021882688452,0.0000906191271497,-0.0001267594198],[0.000139888026752,0.000999755691737,0.000256028812146,-0.000390230648918,-0.000707250554115,0.000182005533134,-0.0000580248888582,0.0000162893320521,-0.000245546922088,0.000469703256385,-0.000918940757401,0.000446515652584,-0.000242808790063],[-0.0000987969033304,0.000256028812146,0.00231183110736,-0.000207602002774,-0.000864293018822,-0.000287850591121,0.000706202874426,-0.00104707095306,0.00129301694687,-0.000892103067599,0.000384182261769,-0.000939105113503,-0.000777082110289],[-0.0000532517042302,-0.000390230648918,-0.000207602002774,0.00552938506007,-0.00107839470729,-0.000955119670834,-0.000677913893014,0.000364082632586,-0.0000791040001786,-0.000399273063522,0.000606245244853,-0.0000873887111084,-0.000229190132814],[0.000321144500049,-0.000707250554115,-0.000864293018822,-0.00107839470729,0.00546715036035,-0.00106391671579,0.00104844674934,-0.000375073286705,-0.000733638124075,-0.000934606709052,0.00103119772393,-0.000608747825027,0.000300421932479],[0.000123324003653,0.000182005533134,-0.000287850591121,-0.000955119670834,-0.00106391671579,0.0101513527334,-0.00375700346194,0.00035237238626,-0.00097181572346,-0.00178150786087,-0.000376080541173,-0.000482065574033,0.00136551004834],[0.0000897000863915,-0.0000580248888582,0.000706202874426,-0.000677913893014,0.00104844674934,-0.00375700346194,0.0117530785501,-0.0047543826513,0.000164731551195,-0.0010689717019,-0.00131885195151,-0.000634236668702,0.0000330988441419],[0.0000415878566855,0.0000162893320521,-0.00104707095306,0.000364082632586,-0.000375073286705,0.00035237238626,-0.0047543826513,0.0132517293096,-0.00442928215489,0.00304973614402,-0.00216974131763,0.000766125100199,-0.00120599358343],[-0.000116396047815,-0.000245546922088,0.00129301694687,-0.0000791040001786,-0.000733638124075,-0.00097181572346,0.000164731551195,-0.00442928215489,0.0160544402897,-0.0063627702184,0.00247383350506,-0.00142903905362,-0.0012096419232],[0.000139191921335,0.000469703256385,-0.000892103067599,-0.000399273063522,-0.000934606709052,-0.00178150786087,-0.0010689717019,0.00304973614402,-0.0063627702184,0.0170375425369,-0.00441106176004,-0.00023863921524,-0.000113075184345],[-0.00021882688452,-0.000918940757401,0.000384182261769,0.000606245244853,0.00103119772393,-0.000376080541173,-0.00131885195151,-0.00216974131763,0.00247383350506,-0.00441106176004,0.0148360570893,-0.00434765405953,0.00103582045995],[0.0000906191271497,0.000446515652584,-0.000939105113503,-0.0000873887111084,-0.000608747825027,-0.000482065574033,-0.000634236668702,0.000766125100199,-0.00142903905362,-0.00023863921524,-0.00434765405953,0.0163809750229,-0.00289062666707],[-0.0001267594198,-0.000242808790063,-0.000777082110289,-0.000229190132814,0.000300421932479,0.00136551004834,0.0000330988441419,-0.00120599358343,-0.0012096419232,-0.000113075184345,0.00103582045995,-0.00289062666707,0.0131322490051]],"mean":[-733.789001465,176.260696411,8.54464435577,9.33360958099,28.4765281677,19.1541957855,3.4042122364,-1.47710323334,6.12424230576,-1.7886903286,1.13640666008,-4.12086629868,-5.34226226807]},"pitch_salience":{"dmean":0.0606468394399,"dmean2":0.096840120852,"dvar":0.0032816559542,"dvar2":0.007882415317,"max":0.996079206467,"mean":0.50020045042,"median":0.515317380428,"min":0.0861433520913,"var":0.0182784739882},"silence_rate_20dB":{"dmean":0,"dmean2":0,"dvar":0,"dvar2":0,"max":1,"mean":1,"median":1,"min":1,"var":0},"silence_rate_30dB":{"dmean":0.0173576138914,"dmean2":0.0347179174423,"dvar":0.0170572530478,"dvar2":0.0375382676721,"max":1,"mean":0.97559273243,"median":1,"min":0,"var":0.0238143075258},"silence_rate_60dB":{"dmean":0.0382797382772,"dmean2":0.0765654072165,"dvar":0.0368138253689,"dvar2":0.078139744699,"max":1,"mean":0.107081979513,"median":0,"min":0,"var":0.0956217348576},"spectral_centroid":{"dmean":124.469970703,"dmean2":183.858612061,"dvar":51388.078125,"dvar2":90562.3515625,"max":11571.5605469,"mean":688.687744141,"median":557.549987793,"min":171.471466064,"var":334397.25},"spectral_complexity":{"dmean":1.86485862732,"dmean2":2.93986368179,"dvar":4.03243303299,"dvar2":8.30690193176,"max":46,"mean":11.418797493,"median":9,"min":0,"var":53.5043067932},"spectral_contrast_coeffs":{"dmean":[0.0453656092286,0.0446549281478,0.0327380485833,0.0300217997283,0.0221343487501,0.0147033352405],"dmean2":[0.074599839747,0.0738854557276,0.0533307678998,0.0475119240582,0.0349736586213,0.0228784941137],"dvar":[0.00155427353457,0.0014065875439,0.000787436962128,0.000651964743156,0.00037169989082,0.000191912215087],"dvar2":[0.00388686452061,0.00362648000009,0.00197962112725,0.00157144921832,0.000896828481928,0.000410359789385],"max":[-0.286812096834,-0.439418792725,-0.467463552952,-0.53950637579,-0.590344429016,-0.609808862209],"mean":[-0.667589783669,-0.746587634087,-0.7731590271,-0.741599082947,-0.784335553646,-0.805238187313],"median":[-0.679651916027,-0.751271486282,-0.780574321747,-0.743277668953,-0.786833763123,-0.812767148018],"min":[-0.979951143265,-0.99649733305,-0.99657779932,-0.984592795372,-0.985945463181,-0.962281346321],"var":[0.00745048280805,0.00424971943721,0.00400665728375,0.00285696890205,0.00174125039484,0.00200888304971]},"spectral_contrast_valleys":{"dmean":[0.362096637487,0.353010326624,0.323132097721,0.296472996473,0.296600311995,0.341903299093],"dmean2":[0.584232568741,0.564386367798,0.508148610592,0.454458206892,0.440988242626,0.473559468985],"dvar":[0.116097919643,0.108030118048,0.0997997373343,0.0914607271552,0.12430255115,0.189775288105],"dvar2":[0.259507626295,0.24529466033,0.211533173919,0.190342828631,0.254070878029,0.369063228369],"max":[-4.9266910553,-4.57827425003,-4.95748090744,-5.54936552048,-6.27521467209,-6.94694757462],"mean":[-6.98697328568,-7.35621404648,-7.94287157059,-8.48644065857,-9.27970314026,-11.4857501984],"median":[-6.7419295311,-7.35865974426,-7.95533943176,-8.56348609924,-9.42488288879,-11.5351543427],"min":[-27.686794281,-27.8650913239,-27.5902881622,-27.6771526337,-27.4010429382,-27.3014583588],"var":[1.4801005125,1.31190645695,1.27608180046,1.32196140289,1.49026858807,2.04360413551]},"spectral_decrease":{"dmean":1.92606641747e-9,"dmean2":2.80870082747e-9,"dvar":1.81737999499e-17,"dvar2":3.90898359794e-17,"max":9.61315413196e-29,"mean":-6.4031548952e-9,"median":-4.48422721178e-9,"min":-1.09644737734e-7,"var":5.26234306256e-17},"spectral_energy":{"dmean":0.00755633879453,"dmean2":0.0109795713797,"dvar":0.000278786959825,"dvar2":0.00059685256565,"max":0.428039431572,"mean":0.0252653807402,"median":0.017402684316,"min":1.04145011801e-20,"var":0.000835403916426},"spectral_energyband_high":{"dmean":0.000243062779191,"dmean2":0.000331621296937,"dvar":0.00000114553756703,"dvar2":0.00000204936850423,"max":0.0464305244386,"mean":0.000443672761321,"median":0.0000193029627553,"min":6.95367604797e-21,"var":0.00000491418677484},"spectral_energyband_low":{"dmean":0.00371820409782,"dmean2":0.00565636251122,"dvar":0.0000401584256906,"dvar2":0.0000914699121495,"max":0.109775006771,"mean":0.0127635179088,"median":0.00992527976632,"min":2.46194621723e-23,"var":0.000150176230818},"spectral_energyband_middle_high":{"dmean":0.000942202459555,"dmean2":0.00134718464687,"dvar":0.0000144535215441,"dvar2":0.0000272060533462,"max":0.208538338542,"mean":0.00304879620671,"median":0.000647423788905,"min":1.37566800164e-21,"var":0.0000947992957663},"spectral_energyband_middle_low":{"dmean":0.00474887154996,"dmean2":0.00712414458394,"dvar":0.000204316107556,"dvar2":0.000470473867608,"max":0.345194190741,"mean":0.00964131299406,"median":0.00364834093489,"min":2.21627353744e-22,"var":0.000343776831869},"spectral_entropy":{"dmean":0.200504228473,"dmean2":0.305863052607,"dvar":0.0554851479828,"dvar2":0.120534658432,"max":9.81983566284,"mean":6.91994857788,"median":6.88834905624,"min":5.10069274902,"var":0.33229392767},"spectral_flux":{"dmean":0.020094987005,"dmean2":0.0313793085515,"dvar":0.000827882264275,"dvar2":0.00191161443945,"max":0.565916657448,"mean":0.0575182773173,"median":0.0419585108757,"min":6.56837362278e-11,"var":0.00254207709804},"spectral_kurtosis":{"dmean":3.70803308487,"dmean2":6.09538936615,"dvar":19.7097930908,"dvar2":53.2976455688,"max":67.8908157349,"mean":13.6623497009,"median":11.784204483,"min":-1.26561355591,"var":74.8459701538},"spectral_rms":{"dmean":0.000639934907667,"dmean2":0.000900354119949,"dvar":8.46694206302e-7,"dvar2":0.00000161256048159,"max":0.0204352494329,"mean":0.00438806926832,"median":0.00412046443671,"min":3.1875522187e-12,"var":0.00000539398524779},"spectral_rolloff":{"dmean":231.092041016,"dmean2":383.078582764,"dvar":582970.5,"dvar2":1240161.5,"max":19315.2832031,"mean":745.184692383,"median":301.46484375,"min":64.599609375,"var":1811070.25},"spectral_skewness":{"dmean":0.332554340363,"dmean2":0.53139513731,"dvar":0.12067168951,"dvar2":0.302072644234,"max":6.73830270767,"mean":2.86584305763,"median":2.82420444489,"min":-0.18905223906,"var":0.708549380302},"spectral_spread":{"dmean":628112.0625,"dmean2":947278.1875,"dvar":815364898816,"dvar2":1671936999420,"max":42939612,"mean":3926974.75,"median":3496858.5,"min":1089032.375,"var":4471219290110},"spectral_strongpeak":{"dmean":0.254258990288,"dmean2":0.425931125879,"dvar":0.396943330765,"dvar2":0.948597073555,"max":18.0319881439,"mean":0.507271111012,"median":0.270022034645,"min":0,"var":0.920866727829},"zerocrossingrate":{"dmean":0.00727533409372,"dmean2":0.00857700966299,"dvar":0.000173002306838,"dvar2":0.00020100887923,"max":0.51220703125,"mean":0.0342484675348,"median":0.0244140625,"min":0.001953125,"var":0.00148888037074}},"metadata":{"audio_properties":{"analysis_sample_rate":44100,"bit_rate":127767,"codec":"aac","downmix":"mix","equal_loudness":0,"length":299.653503418,"lossless":false,"md5_encoded":"f0464bbd255bf5208b6803a50b48e5c4","replay_gain":-0.513202667236,"sample_rate":44100},"tags":{"album":["Near Wild Heaven"],"albumartistsort":["R.E.M."],"artist":["R.E.M."],"artistsort":["R.E.M."],"bpm":["50"],"compilation":["0"],"date":["1991"],"discnumber":["1/1"],"encodedby":["iTunes v4.6, QuickTime 6.5.1"],"file_name":"copy514005973734797682.m4a","genre":["Rock"],"musicbrainz_recordingid":["bec4aea5-6fda-4731-a094-db0df8697043"],"title":["Low (Live)"],"tracknumber":["3/4"]},"version":{"essentia":"2.1-beta2","essentia_build_sha":"cead25079874084f62182a551b7393616cd33d87","essentia_git_sha":"v2.1_beta2-1-ge3940c0","extractor":"music 1.0"}},"rhythm":{"beats_count":508,"beats_loudness":{"dmean":0.0213015936315,"dmean2":0.0383052043617,"dvar":0.00068051944254,"dvar2":0.00210684794001,"max":0.251080483198,"mean":0.0384233370423,"median":0.0261898767203,"min":9.6043186204e-7,"var":0.00123939639889},"beats_loudness_band_ratio":{"dmean":[0.253672927618,0.220546916127,0.0793842002749,0.0640024468303,0.0230471398681,0.0132362460718],"dmean2":[0.467215687037,0.399113446474,0.14342226088,0.118493780494,0.0410027131438,0.0241130087525],"dvar":[0.0427143424749,0.0366197004914,0.00837618671358,0.0133402375504,0.00164343731012,0.00235339719802],"dvar2":[0.119737319648,0.104076810181,0.0218786913902,0.0419659540057,0.00486061628908,0.00694563332945],"max":[0.972655057907,0.922852516174,0.753991603851,0.834798574448,0.391423583031,0.700166344643],"mean":[0.581013023853,0.27778917551,0.0869245901704,0.0650766417384,0.0261430535465,0.0108575057238],"median":[0.61737036705,0.228832066059,0.0506377667189,0.0291093345731,0.0127909155563,0.00192366947886],"min":[0.015998609364,0.00181786925532,0.0012655749451