{"lowlevel":{"average_loudness":0.733495354652,"barkbands":{"dmean":[0.0000264049958787,0.00238678674214,0.0026200923603,0.00131943868473,0.00221795961261,0.00131557963323,0.000786870659795,0.000798237975687,0.000485555210616,0.000295372126857,0.000206615542993,0.000205649645068,0.000117096933536,0.000129291947815,0.0000919023805181,0.000106082268758,0.000176210727659,0.000113709931611,0.000120528879052,0.000169298640685,0.000128058774862,0.0000843181915116,0.0000530231554876,0.0000698204457876,0.0000391448193113,0.00000729258317733,8.55439111547e-7],"dmean2":[0.0000431500957347,0.00403045769781,0.00438475003466,0.0022854374256,0.00350969145074,0.00183488882612,0.001120547764,0.00120131822769,0.000750863458961,0.000496442080475,0.000360052974429,0.00033217103919,0.00019206473371,0.000210150130442,0.000148956329213,0.000172525687958,0.000284606037894,0.000180140763405,0.000189805548871,0.000278760184301,0.000200431706617,0.000132379733259,0.0000801587520982,0.0000946590516833,0.0000570911070099,0.0000104567552626,0.00000123951906517],"dvar":[1.51704959706e-8,0.0000341435224982,0.0000303049710055,0.0000100042971098,0.0000156797741511,0.0000197049812414,0.00000657432383377,0.0000110566525109,0.0000020480870262,0.00000183990255209,0.0000014885491737,0.00000148472429373,2.34357315776e-7,2.77259601944e-7,2.12292434298e-7,1.94014930344e-7,5.71981047415e-7,1.86354498055e-7,3.27140213585e-7,8.03532600457e-7,4.20300921178e-7,1.70818879042e-7,4.98378369684e-8,1.55620014652e-7,3.27921050314e-8,4.06355421534e-10,4.2675580951e-12],"dvar2":[3.09649372809e-8,0.0000904538683244,0.0000850775250001,0.0000290833813779,0.0000373667644453,0.0000368180553778,0.0000122958199427,0.0000259811367869,0.00000561744900551,0.0000050471621762,0.00000416879584009,0.0000032586422094,6.17034402239e-7,7.23117182133e-7,5.1351548791e-7,4.87190163767e-7,0.00000153736414177,4.66221393935e-7,7.94901779955e-7,0.00000203501463147,0.00000101512580386,4.1284650365e-7,1.12741425085e-7,2.41581517457e-7,6.65870558691e-8,8.3466694667e-10,8.2397526302e-12],"max":[0.00586764840409,0.091435611248,0.109964154661,0.0607615411282,0.0925734937191,0.138009190559,0.0954550877213,0.121800690889,0.0309629868716,0.026746917516,0.0202842112631,0.0705328732729,0.00968170817941,0.0144070032984,0.0201706923544,0.0151932472363,0.0180174093693,0.00958011206239,0.0151791442186,0.0227142833173,0.0175450686365,0.0124546224251,0.00649009924382,0.0255029797554,0.00691634044051,0.000780080619734,0.0000968512904365],"mean":[0.0000294673263852,0.00409954367206,0.00612875260413,0.00231755967252,0.00418912991881,0.00278539163992,0.00131012673955,0.00129004917108,0.000827992567793,0.000344572355971,0.000186334029422,0.000239774875809,0.000137595678098,0.000157991948072,0.000117821022286,0.000143206169014,0.000243120259256,0.000168911501532,0.000175040622707,0.00020144226437,0.000149881117977,0.000109370681457,0.0000816371175461,0.000147260274389,0.0000765952718211,0.000018496904886,0.00000224143309424],"median":[0.00000748395905248,0.00137414876372,0.00271641789004,0.00101083551999,0.00212058704346,0.000461684365291,0.000203759031137,0.00022747759067,0.000288828450721,0.0000683636026224,0.0000215609034058,0.0000410409738834,0.0000270355376415,0.0000301698673866,0.0000253234247793,0.0000386947576771,0.0000850848737173,0.0000721881078789,0.0000535616454727,0.0000510352801939,0.0000261501663772,0.0000215722338908,0.0000228919016081,0.0000364134357369,0.000029751463444,0.0000114486601888,0.00000145145804709],"min":[2.67368601955e-25,3.28133359401e-24,7.03538449269e-25,1.14654818902e-24,9.25795167682e-24,5.0502496499e-24,6.66506527783e-24,9.39090156062e-24,1.19791944226e-23,1.97817221839e-23,1.16055362553e-23,1.7187360615e-23,2.67646116319e-23,2.87144328204e-23,4.63933610645e-23,5.28921234194e-23,5.17833257746e-23,1.01546397704e-22,1.14198167834e-22,1.32074121978e-22,2.55953152976e-22,3.10052375575e-22,3.27965172679e-22,5.6141127837e-22,9.04539266414e-22,1.2084746252e-21,1.930387922e-21],"var":[2.1089030966e-8,0.0000592717551626,0.0000794038569438,0.0000150857995322,0.0000378155091312,0.0000565092996112,0.0000173802891368,0.000025479184842,0.00000347757986674,0.00000202807700589,0.00000100867657693,0.00000222496532842,2.26927070912e-7,2.73287469099e-7,2.39612262476e-7,2.67966157708e-7,5.14940438734e-7,1.7498460636e-7,3.58273894108e-7,6.74115653965e-7,4.33367773667e-7,2.05433082101e-7,9.47372100768e-8,8.74475972523e-7,1.0127293848e-7,1.14054565792e-9,1.41465485159e-11]},"barkbands_crest":{"dmean":2.50510811806,"dmean2":4.00920677185,"dvar":5.45523118973,"dvar2":12.9577226639,"max":26.1518917084,"mean":11.8950242996,"median":11.3054513931,"min":2.65659070015,"var":18.6024799347},"barkbands_flatness_db":{"dmean":0.0202512517571,"dmean2":0.0303186811507,"dvar":0.000364043487934,"dvar2":0.000832466699649,"max":0.449739396572,"mean":0.153505980968,"median":0.149436369538,"min":0.0269992426038,"var":0.00281629757956},"barkbands_kurtosis":{"dmean":5.27117776871,"dmean2":8.09893512726,"dvar":106.884208679,"dvar2":260.447937012,"max":545.343811035,"mean":13.2647809982,"median":9.32090187073,"min":-1.92375421524,"var":365.786895752},"barkbands_skewness":{"dmean":0.593602538109,"dmean2":0.8955976367,"dvar":0.401262700558,"dvar2":0.936675488949,"max":16.0668125153,"mean":2.74797868729,"median":2.72182703018,"min":-2.18946933746,"var":2.57502627373},"barkbands_spread":{"dmean":4.50104856491,"dmean2":6.73434972763,"dvar":40.9537162781,"dvar2":78.2907028198,"max":129.444396973,"mean":16.5627307892,"median":12.2878437042,"min":0.275132149458,"var":219.61706543},"dissonance":{"dmean":0.0173355508596,"dmean2":0.0283306408674,"dvar":0.000254042563029,"dvar2":0.000672162452247,"max":0.499971479177,"mean":0.457205921412,"median":0.462307184935,"min":0.289100438356,"var":0.000748178863432},"dynamic_complexity":4.86762619019,"erbbands":{"dmean":[0.0320175290108,0.678893625736,2.86245703697,3.65336418152,5.04781913757,8.80101299286,8.39407539368,11.8483304977,12.220746994,11.0939817429,17.6991195679,11.1713371277,10.9509630203,7.60289859772,8.56663799286,7.65253067017,5.07274150848,6.64611101151,4.98907184601,5.43261384964,5.86516332626,9.64134883881,6.54517221451,5.1806230545,7.01880073547,7.86627817154,6.44658184052,4.01329946518,3.16455411911,1.93337988853,1.55023050308,1.57137560844,1.14401066303,0.574652791023,0.192445710301,0.0486437305808,0.0114812087268,0.00187159166671,0.000142603530549,0.0000131983151732],"dmean2":[0.0521783828735,1.15863883495,4.83894443512,6.24626255035,8.35986328125,14.0300273895,12.318444252,16.519701004,17.2392673492,16.0884819031,26.9128570557,16.7954540253,18.7410125732,13.0758361816,14.2476816177,12.5199079514,8.22429847717,10.942861557,7.89098072052,8.60604667664,9.56712532043,15.4532899857,10.4263858795,8.17077827454,11.100025177,12.9538946152,10.4594421387,6.21789836884,4.89956855774,3.04562044144,2.33690333366,2.14777970314,1.59132802486,0.825051128864,0.293330311775,0.0739421322942,0.016474314034,0.00263245566748,0.000201961272978,0.0000197272165678],"dvar":[0.00811237841845,2.70661640167,37.4388465881,67.5436248779,109.52355957,290.444030762,530.069824219,2124.03466797,1804.59606934,1836.06384277,4926.04248047,862.963195801,2961.8269043,1381.87109375,2479.79418945,1621.52880859,375.822662354,957.196411133,385.812591553,643.199035645,567.276916504,1897.58825684,688.644470215,654.305541992,973.846130371,2018.05126953,1241.39233398,372.407897949,217.093826294,92.0221862793,42.9724769592,91.0448303223,46.8078994751,8.86126708984,0.543847739697,0.0255903787911,0.000887923699338,0.0000275492802757,8.54226485103e-8,6.07885519699e-10],"dvar2":[0.0196034312248,7.39949464798,105.279426575,196.072250366,313.544372559,644.296630859,1107.22912598,4039.14697266,3054.23999023,3842.04296875,12998.6591797,2226.51416016,8325.38769531,3842.71435547,6302.14550781,4177.54345703,983.409484863,2565.82006836,969.930358887,1512.02001953,1455.41723633,5087.56738281,1761.30114746,1636.93347168,2260.12866211,5146.81298828,3083.70458984,863.386291504,513.207641602,229.674468994,96.5584793091,163.31211853,84.6471710205,16.2445240021,1.23984062672,0.0603697225451,0.00159057462588,0.0000447035199613,1.64465163266e-7,1.32950994658e-9],"max":[1.52452874184,25.2088298798,126.546447754,122.010292053,182.380371094,420.726623535,867.68572998,1412.86474609,1666.02050781,1582.3782959,2540.39990234,743.140319824,1075.25952148,760.800231934,1860.23193359,1431.98669434,340.025238037,875.092041016,759.095336914,1418.63513184,468.663543701,1039.1595459,649.415039062,825.455749512,764.236083984,1141.36181641,793.858825684,481.338439941,403.914611816,247.722976685,224.059951782,703.772827148,458.888336182,124.863220215,23.2586956024,5.24446630478,1.31856942177,0.245228827,0.0111005306244,0.000439804047346],"mean":[0.0529539994895,1.19563651085,6.09075021744,8.61727046967,8.97513866425,15.8417406082,17.4568881989,24.7647857666,21.0131340027,19.4869728088,29.192489624,20.7946300507,12.281870842,9.04203128815,8.91641616821,9.27209758759,6.38124752045,7.72785329819,6.84456205368,7.79734134674,8.21164798737,13.1544027328,9.73647499084,7.51423931122,10.8297691345,9.14050102234,7.0880408287,5.15499687195,4.19009828568,2.50846147537,2.4323527813,3.02238535881,2.4070417881,1.16919100285,0.365626007318,0.106198638678,0.0305694248527,0.00514847552404,0.000395979994209,0.000043121384806],"median":[0.0192696265876,0.484065532684,2.88517785072,4.52177524567,4.88318538666,7.20980787277,5.36087703705,3.91311073303,4.19274139404,3.3558678627,7.54628944397,8.14767932892,2.84113121033,2.13180708885,1.58779215813,1.84203255177,1.59025478363,1.61124610901,1.34503316879,1.77089571953,2.9018945694,4.70991802216,4.08693790436,2.73319673538,3.68303322792,2.1247253418,1.30173039436,0.896049976349,0.829979896545,0.668293774128,0.670979499817,0.712280154228,0.623091101646,0.38119289279,0.171695187688,0.0628621280193,0.0187514349818,0.00308943586424,0.000265868729912,0.0000344826621586],"min":[1.28123380347e-22,3.67228206192e-22,2.08280322001e-21,4.25453562601e-21,7.92490079379e-21,2.73609956259e-20,4.42566992434e-20,4.65943181168e-20,1.0625582809e-19,1.44463539691e-19,2.79717198742e-19,3.51016186738e-19,4.09203017856e-19,5.20489493475e-19,1.03961031323e-18,1.43270825381e-18,1.46911267936e-18,1.72496512289e-18,1.87642075568e-18,2.22681818547e-18,3.24901614001e-18,3.69308308877e-18,5.74970555449e-18,5.9093092265e-18,7.06788775735e-18,6.87270539283e-18,8.8936184715e-18,1.00999852943e-17,1.06408580173e-17,1.09819881291e-17,9.55431575089e-18,1.00335527649e-17,1.06561426607e-17,7.87367830644e-18,5.97106735821e-18,3.87271073546e-18,2.32947522859e-18,9.58149463107e-19,2.5488324635e-19,2.81389751479e-20],"var":[0.0108057437465,4.5941028595,76.9781494141,148.136627197,158.498382568,767.120666504,1343.72839355,5537.33105469,5294.32763672,4232.64697266,9631.65136719,1829.78918457,2772.92260742,1286.24023438,2261.94335938,2130.44873047,381.369567871,798.775512695,472.68536377,944.056884766,571.171630859,1597.69689941,635.518188477,623.73449707,1173.78369141,1646.2064209,1078.57214355,488.746917725,284.200683594,94.140914917,92.7906570435,408.13961792,212.733596802,34.2325325012,1.13796448708,0.0448082759976,0.00330220232718,0.000127706312924,3.00555427657e-7,1.73376357715e-9]},"erbbands_crest":{"dmean":2.60944366455,"dmean2":3.99906682968,"dvar":6.53274154663,"dvar2":13.9920768738,"max":31.3598995209,"mean":9.87076473236,"median":8.62289333344,"min":2.10590028763,"var":24.7481231689},"erbbands_flatness_db":{"dmean":0.0140976775438,"dmean2":0.0203837584704,"dvar":0.000183895259397,"dvar2":0.000369361281628,"max":0.314535677433,"mean":0.128631576896,"median":0.123820051551,"min":0.0285621341318,"var":0.00118261831813},"erbbands_kurtosis":{"dmean":1.12611651421,"dmean2":1.69066464901,"dvar":3.72322630882,"dvar2":8.1891784668,"max":48.5391693115,"mean":0.871039807796,"median":-0.097728729248,"min":-1.68701052666,"var":10.3649482727},"erbbands_skewness":{"dmean":0.378922015429,"dmean2":0.548092365265,"dvar":0.12990655005,"dvar2":0.260369867086,"max":6.27387046814,"mean":0.811790704727,"median":0.796967923641,"min":-4.53320360184,"var":0.85584717989},"erbbands_spread":{"dmean":8.45963954926,"dmean2":12.5211439133,"dvar":68.3437576294,"dvar2":150.151123047,"max":127.149650574,"mean":49.7616844177,"median":48.8838806152,"min":3.89697146416,"var":343.62689209},"gfcc":{"cov":[[42205.8828125,2838.53198242,-2711.78027344,1393.61572266,-1954.97839355,495.725524902,-1236.62841797,618.478393555,-798.714477539,-47.3693084717,-657.440368652,-267.829864502,-503.586639404],[2838.53198242,888.92199707,-166.373901367,-5.32858562469,34.5931663513,-68.5193481445,-76.8146972656,12.8354644775,-34.0002861023,-58.7491645813,-5.23436737061,-31.586605072,-57.9372138977],[-2711.78027344,-166.373901367,590.157226562,58.6755752563,162.863235474,30.8460006714,98.7159576416,-33.0049133301,59.4385070801,8.28870582581,44.5687217712,34.2025260925,46.4635276794],[1393.61572266,-5.32858562469,58.6755752563,280.792663574,-17.095872879,49.301940918,-43.1965904236,6.61165809631,-8.31087875366,6.60771179199,-39.4018173218,-4.3838300705,14.8921298981],[-1954.97839355,34.5931663513,162.863235474,-17.095872879,278.361846924,-14.0369310379,50.3405227661,-44.0046577454,60.2895812988,-11.627240181,12.4180908203,11.9527635574,27.3168582916],[495.725524902,-68.5193481445,30.8460006714,49.301940918,-14.0369310379,145.75958252,53.0363273621,14.8533277512,-11.1447429657,9.33038806915,-12.5524902344,-9.06227302551,-4.03500890732],[-1236.62841797,-76.8146972656,98.7159576416,-43.1965904236,50.3405227661,53.0363273621,169.858200073,21.4444484711,14.8191070557,-9.92932605743,18.9698886871,1.9475069046,1.18099987507],[618.478393555,12.8354644775,-33.0049133301,6.61165809631,-44.0046577454,14.8533277512,21.4444484711,98.5292892456,4.4071097374,-6.36891412735,-8.00896835327,-2.75998783112,-16.0317573547],[-798.714477539,-34.0002861023,59.4385070801,-8.31087875366,60.2895812988,-11.1447429657,14.8191070557,4.4071097374,95.2425842285,40.6494483948,24.2078952789,3.95491838455,16.495016098],[-47.3693084717,-58.7491645813,8.28870582581,6.60771179199,-11.627240181,9.33038806915,-9.92932605743,-6.36891412735,40.6494483948,82.794593811,42.7750663757,2.40719628334,3.76728582382],[-657.440368652,-5.23436737061,44.5687217712,-39.4018173218,12.4180908203,-12.5524902344,18.9698886871,-8.00896835327,24.2078952789,42.7750663757,101.603767395,28.799571991,6.3762178421],[-267.829864502,-31.586605072,34.2025260925,-4.3838300705,11.9527635574,-9.06227302551,1.9475069046,-2.75998783112,3.95491838455,2.40719628334,28.799571991,80.2377243042,43.1679458618],[-503.586639404,-57.9372138977,46.4635276794,14.8921298981,27.3168582916,-4.03500890732,1.18099987507,-16.0317573547,16.495016098,3.76728582382,6.3762178421,43.1679458618,82.9885940552]],"icov":[[0.000325336615788,-0.000977312680334,0.000630551832728,-0.00106524699368,0.00115290249232,-0.00132227886934,0.00120934832375,-0.00112894910853,0.00102195725776,-0.0012527378276,0.00121822627261,-0.000803485920187,0.000629020854831],[-0.000977312680334,0.00440019415691,-0.00146820524242,0.00295493239537,-0.00408101500943,0.00426668673754,-0.0029697555583,0.00303315836936,-0.00297512719408,0.00513746775687,-0.004663458094,0.00279533071443,-0.00112540856935],[0.000630551832728,-0.00146820524242,0.00383050972596,-0.00305296573788,0.00118004065007,-0.00261786114424,0.00129670859315,-0.00157580978703,0.00116075016558,-0.00145198055543,0.00108512013685,-0.00180025352165,0.00105418253224],[-0.00106524699368,0.00295493239537,-0.00305296573788,0.00831412803382,-0.00363824120723,0.00246486905962,-0.00198394572362,0.00286066997796,-0.00271694175899,0.00270761363208,-0.0019114210736,0.0027702297084,-0.00316252233461],[0.00115290249232,-0.00408101500943,0.00118004065007,-0.00363824120723,0.0102392248809,-0.00453400891274,0.00291032227688,-0.000926162174437,-0.000868809060194,-0.00180242513306,0.00464273802936,-0.00318103306927,0.00188037229236],[-0.00132227886934,0.00426668673754,-0.00261786114424,0.00246486905962,-0.00453400891274,0.0151821505278,-0.00892319064587,0.00397779326886,-0.00149874459021,0.00149511534255,-0.00296963029541,0.00359689793549,-0.00230846437626],[0.00120934832375,-0.0029697555583,0.00129670859315,-0.00198394572362,0.00291032227688,-0.00892319064587,0.0143395708874,-0.00687667075545,0.00307645066641,-0.00128591945395,0.00182934780605,-0.00177216227166,0.00219905213453],[-0.00112894910853,0.00303315836936,-0.00157580978703,0.00286066997796,-0.000926162174437,0.00397779326886,-0.00687667075545,0.0173092707992,-0.00815929658711,0.00702607352287,-0.00331023684703,0.000518237880897,0.000863358902279],[0.00102195725776,-0.00297512719408,0.00116075016558,-0.00271694175899,-0.000868809060194,-0.00149874459021,0.00307645066641,-0.00815929658711,0.0228907763958,-0.0152664035559,0.00477756047621,-0.000396658666432,-0.00146241986658],[-0.0012527378276,0.00513746775687,-0.00145198055543,0.00270761363208,-0.00180242513306,0.00149511534255,-0.00128591945395,0.00702607352287,-0.0152664035559,0.0303778517991,-0.0156157258898,0.0057123452425,-0.00176270620432],[0.00121822627261,-0.004663458094,0.00108512013685,-0.0019114210736,0.00464273802936,-0.00296963029541,0.00182934780605,-0.00331023684703,0.00477756047621,-0.0156157258898,0.0227001812309,-0.00998943764716,0.00474534649402],[-0.000803485920187,0.00279533071443,-0.00180025352165,0.0027702297084,-0.00318103306927,0.00359689793549,-0.00177216227166,0.000518237880897,-0.000396658666432,0.0057123452425,-0.00998943764716,0.0228180903941,-0.0123482206836],[0.000629020854831,-0.00112540856935,0.00105418253224,-0.00316252233461,0.00188037229236,-0.00230846437626,0.00219905213453,0.000863358902279,-0.00146241986658,-0.00176270620432,0.00474534649402,-0.0123482206836,0.0208919774741]],"mean":[-62.7672157288,81.9899215698,-77.0815734863,38.0427284241,-54.4522247314,3.77308154106,-42.4609184265,14.8343315125,-26.6217861176,-3.00380945206,-18.1784954071,-5.0893573761,-15.4560575485]},"hfc":{"dmean":5.89036941528,"dmean2":8.68710899353,"dvar":435.538543701,"dvar2":998.991271973,"max":443.328887939,"mean":13.6807384491,"median":7.8215918541,"min":1.0811587434e-16,"var":687.995605469},"melbands":{"dmean":[0.000469481863547,0.00128071429208,0.000628635927569,0.000501258182339,0.000314833043376,0.000260245666141,0.000183233161806,0.000133735404233,0.000136859351187,0.0000659222278045,0.000054103165894,0.0000302871885651,0.0000298792529065,0.0000250624943874,0.0000148878161781,0.0000115800676213,0.0000123781055663,0.00000840628035803,0.00000688612271915,0.00000748227057557,0.0000075499410741,0.0000101218292912,0.00000942549922911,0.00000503224009663,0.00000418749505116,0.00000490695992994,0.00000605042032475,0.00000507720915266,0.00000456285351902,0.00000310167729367,0.00000216695866584,0.00000191846470443,0.00000151042240759,9.47260275552e-7,9.04460250695e-7,9.56050030254e-7,0.00000101873160929,8.80875859366e-7,7.360509926e-7,4.38799958147e-7],"dmean2":[0.000782406830695,0.0021625389345,0.00106753979344,0.000803375965916,0.000469481106848,0.000361683923984,0.000257779174717,0.000195238826564,0.000207903445698,0.000100492499769,0.0000927110231714,0.000051466136938,0.0000510442550876,0.0000408182058891,0.0000247609714279,0.0000187328696484,0.0000203795534617,0.0000132562217914,0.0000112294737846,0.0000120288796097,0.0000124631869767,0.0000164469456649,0.0000151983222167,0.00000815449129732,0.00000664404569761,0.00000783840187069,0.00000979055130301,0.00000841269320517,0.00000761973115004,0.00000500432815898,0.00000336380890076,0.00000298662439491,0.00000243033696279,0.00000149704737851,0.0000014088232092,0.00000141457178415,0.0000014010971654,0.0000012820040638,0.00000104307173387,6.60118018914e-7],"dvar":[0.00000140216661748,0.00000775620083004,0.0000019064124217,7.86802559105e-7,5.90380125232e-7,9.28460565319e-7,3.66646929706e-7,2.73404879181e-7,2.48984491691e-7,3.235293633e-8,7.24788264961e-8,2.02663343885e-8,3.04306482235e-8,2.44889282186e-8,3.84980847201e-9,2.38744934933e-9,3.33802141483e-9,9.93515048009e-10,1.19159648815e-9,1.2483487577e-9,9.13911335498e-10,2.07792849594e-9,1.22506926825e-9,3.81900483459e-10,4.68200700432e-10,5.00398056325e-10,6.81981471296e-10,9.03047359113e-10,7.08224090484e-10,2.74683525925e-10,1.06143017986e-10,7.39174901843e-11,6.87010032197e-11,1.97610851294e-11,1.50024315887e-11,2.42365086334e-11,4.07044467576e-11,2.53051902349e-11,2.51913385985e-11,4.09970495052e-12],"dvar2":[0.00000361397724191,0.0000215973796003,0.00000551332914256,0.00000199984629035,0.00000124319706174,0.00000174777017037,6.28666043667e-7,5.61943181765e-7,6.67735719162e-7,8.478194502e-8,2.03551053346e-7,5.60908368641e-8,8.33726332417e-8,5.4280093309e-8,1.04575219595e-8,6.26137897086e-9,8.93517171363e-9,2.44116349357e-9,2.71850764122e-9,3.08043857089e-9,2.35892505529e-9,5.53971712947e-9,3.20592641323e-9,9.75909242307e-10,1.18966980711e-9,1.2154643958e-9,1.61286639599e-9,2.33340546885e-9,1.81820902778e-9,6.9569661143e-10,2.40482467273e-10,1.72490174921e-10,1.76803932606e-10,4.91146047443e-11,3.57784565863e-11,5.14304536459e-11,6.88335985433e-11,4.57043292101e-11,5.26180418681e-11,8.17743529141e-12],"max":[0.0194576047361,0.0536822341383,0.0227952338755,0.0178109034896,0.0230803508312,0.0302247293293,0.0228516031057,0.0178112704307,0.0179896336049,0.00427484791726,0.00527550373226,0.00349216209725,0.00368222035468,0.00860573723912,0.00107150047552,0.00129866087809,0.00165715778712,0.00103340449277,0.00152140657883,0.00161621544976,0.000669227330945,0.00105551362503,0.000772108964156,0.000499000540003,0.000747049925849,0.00054450990865,0.000567263981793,0.000771878228988,0.000509914942086,0.000482336821733,0.000244356953772,0.000196420907741,0.000297449412756,0.0000931991744437,0.000101356359664,0.000277606013697,0.00049269181909,0.000295210891636,0.000283601490082,0.0000766242737882],"mean":[0.00080855138367,0.00275078578852,0.00147908611689,0.000926467240788,0.000651927839499,0.000544696988072,0.000309548398945,0.000230787904002,0.000230253048358,0.000116264534881,0.0000579286424909,0.0000366953245248,0.0000287058956019,0.0000289454565063,0.0000171623014467,0.0000140423844641,0.0000140047795867,0.0000112971420094,0.00000910390008357,0.0000103185629996,0.00000992617242446,0.0000131653450808,0.0000131393171614,0.000006937604212,0.00000573252191316,0.00000727740007278,0.00000840158918436,0.00000540382325198,0.00000473858699479,0.00000352561505679,0.00000278703532786,0.00000255173472397,0.00000175239654254,0.00000124059988593,0.00000133121852741,0.00000156456644618,0.0000019708650143,0.00000178821017016,0.0000013607116216,8.46566820201e-7],"median":[0.000276237900835,0.00140134338289,0.0008607111522,0.000472843385069,0.000245964271016,0.0000815457897261,0.0000506003598275,0.0000357256794814,0.0000665674306219,0.0000413602429035,0.000010603785995,0.00000816359352029,0.00000426222686656,0.00000463793048766,0.00000383042743124,0.0000029953930607,0.000002686310836,0.00000190323294191,0.00000201304465008,0.00000196012751985,0.00000363556796401,0.0000043930162974,0.00000475251090393,0.00000288030105366,0.00000188798162526,0.00000236620871874,0.00000261678360403,9.83268364507e-7,8.18081161924e-7,5.99951306413e-7,4.24964241574e-7,4.93732727591e-7,3.34901585575e-7,3.72536987925e-7,3.88516298244e-7,3.39260964211e-7,4.60521732748e-7,4.72777173854e-7,3.2224846791e-7,3.05261153244e-7],"min":[9.32411797689e-25,1.06232949738e-24,9.07089855669e-25,1.78497805278e-24,1.8825011794e-24,1.11124873427e-24,1.41527760069e-24,1.55577520702e-24,2.33769147387e-24,1.8091783332e-24,1.49158579238e-24,1.76447989659e-24,2.42208006642e-24,2.50499546123e-24,2.3428922366e-24,3.13725248841e-24,2.53904605056e-24,2.29594909629e-24,3.77030389852e-24,2.68971098928e-24,2.94988007683e-24,2.7234505702e-24,3.43104519433e-24,3.50782620952e-24,3.44416395118e-24,3.75029641381e-24,3.59255499834e-24,4.15414665449e-24,3.90243691685e-24,5.01940834395e-24,4.68773848167e-24,5.69841326837e-24,4.58435589346e-24,5.36631032145e-24,5.08739079904e-24,5.22412879291e-24,5.93582963527e-24,6.11969023531e-24,6.355655887e-24,6.12246110924e-24],"var":[0.000002233728992,0.0000151976655616,0.00000377816149921,0.00000172319084868,0.00000153380563006,0.00000253359053204,0.0000010642675079,6.82711402078e-7,4.84764427711e-7,6.0061864815e-8,6.87433399094e-8,2.09808792562e-8,2.20430713682e-8,3.62211132199e-8,3.60506091646e-9,2.40803776919e-9,2.81246470557e-9,1.37929767607e-9,1.47519096938e-9,2.22541096662e-9,8.30870483526e-10,1.75379744061e-9,1.23708610023e-9,3.43901213062e-10,4.35480651539e-10,5.75035519201e-10,7.42941930199e-10,7.05922931221e-10,5.59989943305e-10,2.6238891615e-10,1.56649554439e-10,1.05573459697e-10,6.23421106405e-11,2.05469356807e-11,2.35267742787e-11,7.68821881159e-11,1.94877558535e-10,1.08895260864e-10,8.05280078731e-11,1.34578008459e-11]},"melbands_crest":{"dmean":3.1000213623,"dmean2":5.07659196854,"dvar":7.99270963669,"dvar2":20.8716487885,"max":34.2059783936,"mean":15.903632164,"median":15.6141223907,"min":1.5209043026,"var":29.2331638336},"melbands_flatness_db":{"dmean":0.0241932533681,"dmean2":0.0361408106983,"dvar":0.000583299144637,"dvar2":0.00128443620633,"max":0.577642142773,"mean":0.234805926681,"median":0.236371546984,"min":0.00307438382879,"var":0.00548383174464},"melbands_kurtosis":{"dmean":12.4309644699,"dmean2":19.1325244904,"dvar":354.491546631,"dvar2":867.38092041,"max":427.526367188,"mean":32.9762954712,"median":23.9507637024,"min":-1.80605971813,"var":1152.37512207},"melbands_skewness":{"dmean":0.835551798344,"dmean2":1.26793146133,"dvar":0.753289759159,"dvar2":1.80046486855,"max":15.7742843628,"mean":4.04213094711,"median":3.85376000404,"min":-0.279691010714,"var":3.85580992699},"melbands_spread":{"dmean":4.71352672577,"dmean2":7.02161359787,"dvar":74.0324935913,"dvar2":128.286361694,"max":273.410705566,"mean":16.2242622375,"median":9.01830387115,"min":0.337951719761,"var":645.402832031},"mfcc":{"cov":[[15557.8515625,1667.32861328,218.13092041,374.108978271,43.3466148376,-130.334533691,40.6321105957,147.975723267,97.0189666748,103.48563385,-41.4701766968,63.1203613281,-111.658714294],[1667.32861328,1223.59204102,-1.15273988247,159.705627441,137.807128906,-72.5767974854,11.1950769424,49.4574165344,-50.8410339355,-14.1305541992,30.0167713165,26.7786579132,-46.8942832947],[218.13092041,-1.15273988247,403.900909424,114.450004578,41.4616584778,42.9705924988,45.3750305176,18.7237987518,17.7557220459,-0.43548220396,-0.214547947049,9.31002235413,23.0705833435],[374.108978271,159.705627441,114.450004578,225.803207397,106.481239319,19.5872898102,-10.4220809937,10.0038642883,18.1797447205,-5.35169267654,-3.96749734879,-16.5107250214,-2.29202842712],[43.3466148376,137.807128906,41.4616584778,106.481239319,184.624588013,39.7158508301,-32.5274620056,-8.14489269257,5.93918895721,7.65446233749,1.58452212811,-30.1392440796,-6.83206272125],[-130.334533691,-72.5767974854,42.9705924988,19.5872898102,39.7158508301,139.179168701,28.2623081207,-5.00425481796,24.4452724457,0.474792778492,7.95467185974,1.65867722034,-10.57172966],[40.6321105957,11.1950769424,45.3750305176,-10.4220809937,-32.5274620056,28.2623081207,111.551193237,48.965045929,7.78412103653,-0.288747251034,7.68134498596,20.0565948486,-1.02487742901],[147.975723267,49.4574165344,18.7237987518,10.0038642883,-8.14489269257,-5.00425481796,48.965045929,101.412910461,35.4356269836,-16.2983264923,2.68201875687,2.41362333298,-0.342994779348],[97.0189666748,-50.8410339355,17.7557220459,18.1797447205,5.93918895721,24.4452724457,7.78412103653,35.4356269836,96.3212509155,3.32576966286,-12.1814441681,-5.54769897461,-19.1137275696],[103.48563385,-14.1305541992,-0.43548220396,-5.35169267654,7.65446233749,0.474792778492,-0.288747251034,-16.2983264923,3.32576966286,98.6993713379,21.6441764832,2.39320850372,16.0209941864],[-41.4701766968,30.0167713165,-0.214547947049,-3.96749734879,1.58452212811,7.95467185974,7.68134498596,2.68201875687,-12.1814441681,21.6441764832,74.5262985229,31.638343811,-2.42966961861],[63.1203613281,26.7786579132,9.31002235413,-16.5107250214,-30.1392440796,1.65867722034,20.0565948486,2.41362333298,-5.54769897461,2.39320850372,31.638343811,86.9518356323,16.8629379272],[-111.658714294,-46.8942832947,23.0705833435,-2.29202842712,-6.83206272125,-10.57172966,-1.02487742901,-0.342994779348,-19.1137275696,16.0209941864,-2.42966961861,16.8629379272,92.5540847778]],"icov":[[0.0000828113843454,-0.000117353345559,-0.0000372794238501,-0.0000954654242378,0.000141024633194,-0.00000615615135757,0.0000740748873795,-0.0000806958414614,-0.0000634174066363,-0.000179194175871,0.000159530871315,-0.0000793808067101,0.000094174494734],[-0.000117353345559,0.00136670062784,0.000252632336924,-0.000557740626391,-0.00116673368029,0.000881201296579,-0.000430651882198,-0.000675908580888,0.00112838938367,0.000136342336191,-0.000124836937175,-0.000820452580228,0.000836990948301],[-0.0000372794238501,0.000252632336924,0.00327331619337,-0.00176266243216,-0.000173061882379,-0.000309522030875,-0.00157242093701,0.000345106440363,-0.000211508959183,0.000224035000429,-0.0000317045123666,-0.000275526253972,-0.00087390531553],[-0.0000954654242378,-0.000557740626391,-0.00176266243216,0.0076721534133,-0.00346031691879,0.000191658982658,0.000401098106522,0.000122240729979,-0.00136089941952,0.000879160244949,-0.00019107812841,0.00065364362672,-0.0005543717416],[0.000141024633194,-0.00116673368029,-0.000173061882379,-0.00346031691879,0.010140972212,-0.0036294425372,0.00350295426324,-0.000660210323986,0.000245752919,-0.00126707053278,-0.000565518334042,0.00273456610739,-0.000336202851031],[-0.00000615615135757,0.000881201296579,-0.000309522030875,0.000191658982658,-0.0036294425372,0.010513458401,-0.00478931050748,0.00348126818426,-0.0030165205244,0.00132970674895,-0.00173372449353,-0.000358688092092,0.000580487656407],[0.0000740748873795,-0.000430651882198,-0.00157242093701,0.000401098106522,0.00350295426324,-0.00478931050748,0.0158681031317,-0.00883329473436,0.00339224701747,-0.00250699976459,0.00174132734537,-0.00247531267814,0.00175876833964],[-0.0000806958414614,-0.000675908580888,0.000345106440363,0.000122240729979,-0.000660210323986,0.00348126818426,-0.00883329473436,0.0183199886233,-0.00839235819876,0.00465442147106,-0.0039414386265,0.00291217397898,-0.00337669719011],[-0.0000634174066363,0.00112838938367,-0.000211508959183,-0.00136089941952,0.000245752919,-0.0030165205244,0.00339224701747,-0.00839235819876,0.016402721405,-0.00349327432923,0.00456798868254,-0.00238279136829,0.00474040722474],[-0.000179194175871,0.000136342336191,0.000224035000429,0.000879160244949,-0.00126707053278,0.00132970674895,-0.00250699976459,0.00465442147106,-0.00349327432923,0.0131463678554,-0.00566622428596,0.00241378531791,-0.0037188930437],[0.000159530871315,-0.000124836937175,-0.0000317045123666,-0.00019107812841,-0.000565518334042,-0.00173372449353,0.00174132734537,-0.0039414386265,0.00456798868254,-0.00566622428596,0.0196142997593,-0.00799034908414,0.00379215949215],[-0.0000793808067101,-0.000820452580228,-0.000275526253972,0.00065364362672,0.00273456610739,-0.000358688092092,-0.00247531267814,0.00291217397898,-0.00238279136829,0.00241378531791,-0.00799034908414,0.016969775781,-0.00449380557984],[0.000094174494734,0.000836990948301,-0.00087390531553,-0.0005543717416,-0.000336202851031,0.000580487656407,0.00175876833964,-0.00337669719011,0.00474040722474,-0.0037188930437,0.00379215949215,-0.00449380557984,0.0141357369721]],"mean":[-699.519958496,113.539039612,28.6797981262,34.2329216003,13.5002288818,-7.21967124939,1.09506726265,3.63793158531,-1.77791929245,1.23881304264,-1.39969909191,0.545386970043,-5.14360237122]},"pitch_salience":{"dmean":0.0677532032132,"dmean2":0.109979607165,"dvar":0.00407484080642,"dvar2":0.0106395557523,"max":0.832075595856,"mean":0.513690888882,"median":0.513006567955,"min":0.0627729818225,"var":0.0135515844449},"silence_rate_20dB":{"dmean":0,"dmean2":0,"dvar":0,"dvar2":0,"max":1,"mean":1,"median":1,"min":1,"var":0},"silence_rate_30dB":{"dmean":0.0126562742516,"dmean2":0.0253164563328,"dvar":0.0124961137772,"dvar2":0.0302327591926,"max":1,"mean":0.986882686615,"median":1,"min":0,"var":0.0129463067278},"silence_rate_60dB":{"dmean":0.0163605492562,"dmean2":0.0327261500061,"dvar":0.0160922668874,"dvar2":0.0369010344148,"max":1,"mean":0.133796289563,"median":0,"min":0,"var":0.115892030299},"spectral_centroid":{"dmean":212.536514282,"dmean2":318.397918701,"dvar":83841.875,"dvar2":153869.359375,"max":11827.9599609,"mean":1179.06115723,"median":780.053344727,"min":119.000160217,"var":2660962.25},"spectral_complexity":{"dmean":2.77758908272,"dmean2":3.99814748764,"dvar":21.0247383118,"dvar2":33.3001251221,"max":60,"mean":11.522685051,"median":10,"min":0,"var":74.3946762085},"spectral_contrast_coeffs":{"dmean":[0.0452808514237,0.0435533411801,0.0352484509349,0.026770349592,0.0192652996629,0.0141121037304],"dmean2":[0.0752461850643,0.0675083249807,0.0539428628981,0.0423060469329,0.030233759433,0.0218527689576],"dvar":[0.00141272775363,0.00136861356441,0.000874253339134,0.000476450368296,0.000257547013462,0.000229466837482],"dvar2":[0.00383936730213,0.00316630140878,0.00197330326773,0.00114358519204,0.000610591727309,0.000484259333462],"max":[-0.347964823246,-0.334834188223,-0.461722671986,-0.504882097244,-0.606802582741,-0.646435856819],"mean":[-0.618540942669,-0.712761223316,-0.758072376251,-0.796173989773,-0.789879918098,-0.812428355217],"median":[-0.611357867718,-0.726973414421,-0.755447685719,-0.798422992229,-0.7881706357,-0.812392711639],"min":[-0.982053637505,-0.984061062336,-0.97638708353,-0.972276687622,-0.968630492687,-0.965608477592],"var":[0.00915720313787,0.0109689598903,0.00552158337086,0.00332571286708,0.00222675828263,0.0015133008128]},"spectral_contrast_valleys":{"dmean":[0.386937469244,0.336250960827,0.356667608023,0.320261389017,0.2327439785,0.204031929374],"dmean2":[0.634704887867,0.526776254177,0.523709475994,0.429182827473,0.309512019157,0.286311030388],"dvar":[0.125968411565,0.100249879062,0.140527144074,0.109727136791,0.0827025920153,0.0794807001948],"dvar2":[0.286254525185,0.207915633917,0.260351091623,0.172108307481,0.123853720725,0.138565599918],"max":[-5.00077676773,-4.54972600937,-4.54901123047,-5.50574111938,-4.80042552948,-7.15252351761],"mean":[-7.83030939102,-7.67940044403,-8.75688171387,-9.16396617889,-8.56334495544,-10.6239519119],"median":[-7.12002182007,-7.02315616608,-8.16379737854,-8.64319038391,-7.96436500549,-10.0257959366],"min":[-28.2629833221,-28.2855548859,-28.1932697296,-27.8306503296,-27.5925121307,-27.4506168365],"var":[10.5964431763,10.5011100769,9.62822818756,9.18823242188,9.63598823547,7.91672754288]},"spectral_decrease":{"dmean":2.23251328535e-9,"dmean2":3.49382545117e-9,"dvar":1.5616061543e-17,"dvar2":3.84406745608e-17,"max":1.98298044305e-28,"mean":-6.47509068585e-9,"median":-4.92648322137e-9,"min":-5.67652591599e-8,"var":4.07470824105e-17},"spectral_energy":{"dmean":0.00887883082032,"dmean2":0.0138566335663,"dvar":0.000256200437434,"dvar2":0.000625798478723,"max":0.23491628468,"mean":0.0256793294102,"median":0.0196938589215,"min":9.96019323126e-21,"var":0.0006434256793},"spectral_energyband_high":{"dmean":0.000408320251154,"dmean2":0.000601564941462,"dvar":0.00000326659483108,"dvar2":0.00000702328452462,"max":0.0419792346656,"mean":0.000673038011882,"median":0.000184822536539,"min":7.18196739572e-21,"var":0.00000640569533061},"spectral_energyband_low":{"dmean":0.00490713398904,"dmean2":0.00820662919432,"dvar":0.000110523607873,"dvar2":0.000298516912153,"max":0.183290958405,"mean":0.0117204831913,"median":0.00671070441604,"min":1.54916473013e-23,"var":0.000233323560678},"spectral_energyband_middle_high":{"dmean":0.00124240526929,"dmean2":0.00196529785171,"dvar":0.0000311769108521,"dvar2":0.0000799166809884,"max":0.0954909622669,"mean":0.00196118094027,"median":0.000755467044655,"min":1.21409565674e-21,"var":0.0000302215539705},"spectral_energyband_middle_low":{"dmean":0.00498344283551,"dmean2":0.00763828447089,"dvar":0.0000718070223229,"dvar2":0.000164573939401,"max":0.157380327582,"mean":0.0128454258665,"median":0.00892594549805,"min":1.61726734451e-22,"var":0.000206522585358},"spectral_entropy":{"dmean":0.165432840586,"dmean2":0.229856699705,"dvar":0.0249118153006,"dvar2":0.0477153584361,"max":9.81948852539,"mean":7.4413690567,"median":7.40721321106,"min":5.49436187744,"var":0.325091689825},"spectral_flux":{"dmean":0.0211583226919,"dmean2":0.0335859283805,"dvar":0.000936093914788,"dvar2":0.00202754233032,"max":0.390088587999,"mean":0.0617717020214,"median":0.0506474301219,"min":6.40273042918e-11,"var":0.00247297761962},"spectral_kurtosis":{"dmean":0.894260942936,"dmean2":1.44576370716,"dvar":1.23542129993,"dvar2":3.01168012619,"max":29.9454650879,"mean":3.95949196815,"median":3.71385335922,"min":-1.27042543888,"var":5.9204826355},"spectral_rms":{"dmean":0.000748144520912,"dmean2":0.00113546289504,"dvar":0.00000105964920749,"dvar2":0.00000241810062107,"max":0.0151389110833,"mean":0.00439295778051,"median":0.00438332278281,"min":3.117252333e-12,"var":0.00000575496187594},"spectral_rolloff":{"dmean":324.619873047,"dmean2":533.309570312,"dvar":631732.375,"dvar2":1227963.75,"max":19616.7480469,"mean":1283.07592773,"median":430.6640625,"min":86.1328125,"var":9525256},"spectral_skewness":{"dmean":0.149750083685,"dmean2":0.225886076689,"dvar":0.0251490529627,"dvar2":0.0502075403929,"max":4.16716909409,"mean":1.60708999634,"median":1.6433454752,"min":-0.0800261050463,"var":0.218062281609},"spectral_spread":{"dmean":446068.4375,"dmean2":692709.1875,"dvar":357884428288,"dvar2":781094027264,"max":42829840,"mean":6447578,"median":5585553,"min":2291115.5,"var":28896590299100},"spectral_strongpeak":{"dmean":0.291612178087,"dmean2":0.478364944458,"dvar":0.286953270435,"dvar2":0.730388998985,"max":11.7244787216,"mean":0.699156343937,"median":0.469202399254,"min":0,"var":0.603856980801},"zerocrossingrate":{"dmean":0.00916738808155,"dmean2":0.0112262479961,"dvar":0.000134434289066,"dvar2":0.000149794592289,"max":0.53125,"mean":0.0595486871898,"median":0.04052734375,"min":0.00341796875,"var":0.00611344864592}},"metadata":{"audio_properties":{"analysis_sample_rate":44100,"bit_rate":0,"codec":"flac","downmix":"mix","equal_loudness":0,"length":150.440002441,"lossless":true,"md5_encoded":"bc95d8f3aa3ff3d7a29dfc12d6352e2d","replay_gain":-3.30229377747,"sample_rate":44100},"tags":{"album":["Surfer Girl"],"albumartist":["The Beach Boys"],"albumartistsort":["Beach Boys, The"],"artist":["The Beach Boys"],"artistsort":["Beach Boys, The"],"catalognumber":["T 1981","T-1981"],"date":["1963-09-23"],"discnumber":["1"],"disctotal":["1"],"file_name":"01-11 Your Summer Dream.flac","genre":["Pop"],"label":["Capitol Records","Capitol Records"],"media":["12\" Vinyl"],"musicbrainz_albumartistid":["ebfc1398-8d96-47e3-82c3-f782abcdb13d"],"musicbrainz_albumid":["64a283a3-8eb7-4488-a99a-f52ffaaced83"],"musicbrainz_artistid":["ebfc1398-8d96-47e3-82c3-f782abcdb13d"],"musicbrainz_recordingid":["bee433bd-6fcd-45b9-82af-a660f71c510b"],"musicbrainz_releasegroupid":["09f10c6c-e9b4-383c-9744-3df6e3d2770e"],"originaldate":["1963-09-23"],"performer":["The Beach Boys"],"releasecountry":["US"],"releasestatus":["official"],"releasetype":["album"],"script":["Latn"],"title":["Your Summer Dream"],"totaldiscs":["1"],"totaltracks":["12"],"tracknumber":["11"],"tracktotal":["12"]},"version":{"essentia":"2.1-beta1","essentia_build_sha":"ca57ba49d9b1854bd80e60cf9ccf267278fb7d6b","essentia_git_sha":"v2.1_beta1-28-g21ef5f4-dirty","extractor":"music 1.0"}},"rhythm":{"beats_count":238,"beats_loudness":{"dmean":0.0251400023699,"dmean2":0.0442853458226,"dvar":0.000782011367846,"dvar2":0.00216921023093,"max":0.221742406487,"mean":0.0366399586201,"median":0.0319383069873,"min":0,"var":0.000920536112972},"beats_loudness_band_ratio":{"dmean":[0.247456774116,0.185902759433,0.110567882657,0.0525008365512,0.0586591362953,0.105826362967],"dmean2":[0.422446876764,0.319341301918,0.197848081589,0.0954899936914,0.107111208141,0.20221541822],"dvar"