{"lowlevel":{"average_loudness":0.526460528374,"barkbands":{"dmean":[0.002160071861,0.00524048414081,0.0013531219447,0.000878733117133,0.00173059036024,0.0010981336236,0.000839177868329,0.000557069492061,0.000629545829725,0.000542625552043,0.000518111104611,0.000400639313739,0.000260068947682,0.000261338398559,0.000193308864255,0.00012818648247,0.000108163971163,0.000104807251773,0.0000709657324478,0.0000887051719474,0.0000644397514407,0.0000298068080156,0.0000118389534691,0.00000340068504556,0.00000180381937298,0.00000500553778693,0.000161089425092],"dmean2":[0.00353591470048,0.00861251819879,0.00217506312765,0.001466639922,0.00264637148939,0.00177720526699,0.00137078820262,0.000912123243324,0.00101240898948,0.000886947091203,0.00087456847541,0.000666197971441,0.00044049276039,0.000435448542703,0.000323151616612,0.000213514460484,0.000176829809789,0.000169066755916,0.000112253961561,0.00013217664673,0.0000924427295104,0.0000429407082265,0.0000168690312421,0.00000510685504196,0.00000296385246656,0.00000727794758859,0.000246725045145],"dvar":[0.000041073999455,0.000181448311196,0.00000727196902517,0.00000285163332592,0.0000093363923952,0.00000642552322461,0.00000390341983803,0.00000161722334724,0.00000295587756227,0.00000165740254943,0.00000169340819411,9.84143412097e-7,4.39691746124e-7,4.63625099201e-7,2.5832287065e-7,9.76315206458e-8,7.039535177e-8,6.15357720335e-8,3.16501846953e-8,7.83084743716e-8,6.50534772717e-8,1.00464951913e-8,1.73435854567e-9,8.43287106811e-11,1.48450054333e-11,1.73345227061e-10,1.07674885896e-7],"dvar2":[0.000104295184428,0.00047204742441,0.0000173048119905,0.00000746620617065,0.0000212184277188,0.0000160504660016,0.0000102968106148,0.00000410719803767,0.0000062050953602,0.00000432560227637,0.00000467625386591,0.00000261276909441,0.00000124560438053,0.00000119183459901,7.35719197564e-7,2.59725908336e-7,1.85597031077e-7,1.56836136966e-7,7.44129948771e-8,1.6310485762e-7,1.17688756518e-7,2.04155856665e-8,3.48057915822e-9,1.59234139763e-10,3.73172187595e-11,3.40759559458e-10,2.64934072902e-7],"max":[0.115471944213,0.24577665329,0.0524250566959,0.0270504392684,0.0729602873325,0.0639132037759,0.0470818132162,0.0306590944529,0.061387822032,0.0258992407471,0.0290036834776,0.0309616047889,0.0167089458555,0.0200550723821,0.0207616072148,0.00871049333364,0.0048964577727,0.00481974938884,0.00518346205354,0.00804737396538,0.00940731354058,0.00379627174698,0.000938061682973,0.000204669733648,0.0000688805885147,0.000330797687639,0.00607604067773],"mean":[0.0026906337589,0.00814906787127,0.00200190697797,0.00120408937801,0.00339607987553,0.00170869461726,0.00132066186052,0.000868195900694,0.00107214506716,0.000869217852596,0.000827152689453,0.00072147132596,0.000452605861938,0.000471763196401,0.000356398057193,0.00023904342379,0.000204924988793,0.000203738061828,0.000152689535753,0.000192350489669,0.000128698840854,0.0000509179808432,0.0000178541176865,0.00000470548593512,0.00000200989961741,0.00000818097487354,0.000605495180935],"median":[0.000191962695681,0.00138345966116,0.00065957242623,0.000434207642684,0.00146851455793,0.000531658937689,0.000242963811615,0.000148769991938,0.00013551407028,0.000116989103844,0.0000602583641012,0.0000591529824305,0.0000536052539246,0.0000335822442139,0.0000256459024968,0.0000188033918676,0.0000152612192323,0.0000136134021886,0.0000146073416545,0.0000172814052348,0.0000107789228423,0.00000758857549954,0.00000244217562795,8.08547270026e-7,4.90673755849e-7,0.00000164410653269,0.0000479237787658],"min":[2.1997566301e-25,2.35457585826e-24,9.37629718146e-25,1.54614548334e-24,8.72386523385e-24,1.11403741673e-23,7.79891635615e-24,6.59136121459e-24,1.3934273369e-23,1.94134266931e-23,1.24064501663e-23,1.8689105654e-23,2.08109947609e-23,4.26562650546e-23,5.85327471045e-23,5.48433203814e-23,7.18969532958e-23,9.06525567686e-23,9.73462308761e-23,1.66788520403e-22,2.72137196115e-22,3.89284353205e-22,2.950060087e-22,5.31870671523e-22,8.75859464588e-22,1.19858682805e-21,1.99527999872e-21],"var":[0.0000441397824034,0.000249774107942,0.0000133313715196,0.00000417944238507,0.0000244982857112,0.0000101813939182,0.00000782484312367,0.00000342547923537,0.00000838504820422,0.00000305718140226,0.00000307448613057,0.00000239278347181,8.78217122136e-7,0.00000103003719687,5.28411987943e-7,2.14551036493e-7,1.44897057908e-7,1.4442474594e-7,8.73784387068e-8,2.33588622223e-7,1.67699667486e-7,1.79281496315e-8,2.88873502896e-9,1.52920967555e-10,1.78485975999e-11,3.32546823412e-10,9.76015257947e-7]},"barkbands_crest":{"dmean":2.54830098152,"dmean2":4.11997270584,"dvar":5.254570961,"dvar2":13.3734006882,"max":25.7206535339,"mean":11.0177307129,"median":10.2188949585,"min":2.35140275955,"var":22.8582954407},"barkbands_flatness_db":{"dmean":0.02853436023,"dmean2":0.0444641001523,"dvar":0.000760395370889,"dvar2":0.00188557768706,"max":0.501467585564,"mean":0.172662183642,"median":0.162509396672,"min":0.0304254349321,"var":0.00564442854375},"barkbands_kurtosis":{"dmean":9.31237030029,"dmean2":14.8076219559,"dvar":306.630737305,"dvar2":790.497619629,"max":359.910491943,"mean":20.1807117462,"median":9.56531333923,"min":-1.90571510792,"var":924.926452637},"barkbands_skewness":{"dmean":0.788459837437,"dmean2":1.23425972462,"dvar":0.816074609756,"dvar2":2.09438157082,"max":14.8127918243,"mean":2.78411984444,"median":2.36646747589,"min":-2.17714500427,"var":4.05551052094},"barkbands_spread":{"dmean":4.59048557281,"dmean2":7.12873268127,"dvar":41.9539718628,"dvar2":89.3543930054,"max":137.410766602,"mean":20.4083938599,"median":12.4008522034,"min":0.394907176495,"var":487.018005371},"dissonance":{"dmean":0.026372436434,"dmean2":0.0442284047604,"dvar":0.000877255515661,"dvar2":0.00240815780126,"max":0.500000059605,"mean":0.448091715574,"median":0.463961005211,"min":0.185400173068,"var":0.00236751441844},"dynamic_complexity":8.04257965088,"erbbands":{"dmean":[0.261817932129,0.864537775517,1.56464886665,2.25420546532,4.21335792542,6.02396917343,8.98214149475,8.8758430481,9.41267585754,16.9371147156,10.1442842484,15.7635755539,11.7460422516,20.384847641,18.7445735931,15.5834560394,11.9047336578,12.954041481,10.2625331879,7.99678230286,7.15138864517,5.33184766769,5.46355724335,4.38869571686,3.82406497002,3.92459774017,3.2249789238,2.05552363396,1.1786352396,0.6574177742,0.279580175877,0.107053115964,0.0436367429793,0.0203738417476,0.0129664568231,0.00882408861071,0.0098198344931,0.012864401564,0.00907928589731,0.00463406881317],"dmean2":[0.425082832575,1.44406735897,2.53705811501,3.66089487076,6.73970556259,9.34576892853,14.1591949463,14.5916118622,15.5696344376,27.440120697,16.635641098,25.1952285767,18.9770240784,33.8768806458,31.4472179413,25.932806015,20.0856590271,21.4304065704,17.0724811554,13.3980026245,11.7188482285,8.68552207947,8.78064632416,6.95332670212,5.90838766098,5.82793998718,4.66257953644,2.95655107498,1.68958640099,0.943069219589,0.401054978371,0.156560778618,0.0669565275311,0.0333370938897,0.0212509892881,0.0140068009496,0.0141232451424,0.0179964844137,0.0128910252824,0.00683924090117],"dvar":[0.553083658218,4.06030797958,10.0023975372,18.1655044556,53.8090209961,143.505355835,389.155792236,530.953186035,464.986083984,1820.17114258,543.56829834,2114.67919922,799.402160645,2810.05053711,2253.91552734,1645.9588623,965.227600098,1228.93688965,679.582397461,440.499969482,280.061431885,182.139877319,166.743377686,107.988204956,110.941139221,155.79045105,149.584609985,64.6364364624,15.8254079819,5.42177724838,0.934141993523,0.109377756715,0.01080641523,0.00189397064969,0.000749045866542,0.000311081646942,0.000654722505715,0.001341424766,0.000463033589767,0.000076357035141],"dvar2":[1.43822848797,11.0423727036,24.0429515839,45.768535614,126.137870789,345.767272949,901.271972656,1352.96899414,1285.44689941,4521.30664062,1428.09619141,4310.34375,1994.10693359,7707.60449219,6029.54492188,4361.12402344,2738.50390625,3136.38256836,1862.75952148,1289.27905273,731.687866211,477.105560303,426.920135498,257.074768066,253.764480591,321.429168701,275.788757324,124.733673096,31.8042068481,11.4014911652,1.87571179867,0.201824620366,0.022407790646,0.00473701022565,0.00187554885633,0.000733254069928,0.0012293724576,0.00259406794794,0.000916191143915,0.000174811139004],"max":[11.1289653778,41.236869812,57.7045021057,88.0386505127,164.143920898,268.806915283,365.827911377,646.905273438,360.872009277,1221.84924316,592.283813477,1709.36743164,619.64642334,2031.19262695,1356.46777344,1316.74304199,748.840454102,1090.76196289,660.325317383,936.882202148,371.758239746,257.396209717,199.881027222,227.789154053,320.073822021,357.834381104,433.359954834,341.390777588,150.488861084,72.4160919189,21.7679386139,8.04276943207,2.24468541145,0.781733155251,0.485259860754,0.28239133954,0.533707201481,1.20379221439,0.79005753994,0.178403273225],"mean":[0.384259283543,1.24897634983,2.34531712532,3.54166078568,7.51596355438,10.6012058258,14.5966491699,13.3272256851,14.7939281464,26.6469917297,17.8266029358,26.7698059082,20.2090053558,34.0453300476,33.7711486816,29.6556415558,22.6218490601,24.6388587952,19.9167003632,15.6776800156,14.3082237244,11.0122766495,11.1848621368,9.03349971771,8.36327648163,8.67781829834,6.76597690582,3.87231659889,2.05718302727,1.01834535599,0.423772513866,0.156417295337,0.0567706413567,0.0231780298054,0.0148048941046,0.011734418571,0.0167238917202,0.0283817779273,0.0323606058955,0.0219027046114],"median":[0.0291470848024,0.281870931387,0.865615844727,1.40471160412,3.26649141312,4.18395519257,3.84679174423,4.11365509033,3.34023523331,3.99388456345,3.16513729095,3.36635351181,2.87531089783,3.97011303902,2.85850715637,2.64302396774,2.56792497635,2.21821117401,1.60546541214,1.28875052929,1.100086689,0.885791659355,0.738693475723,0.804042875767,0.78995603323,0.789679646492,0.579095721245,0.349193394184,0.29108658433,0.155636191368,0.0601676367223,0.0232616923749,0.011080945842,0.00597957707942,0.00379679654725,0.00323652126826,0.00327351759188,0.00419401144609,0.00309443613514,0.00424118246883],"min":[7.79720847229e-23,4.32449711223e-22,2.34972325613e-21,7.12915789128e-21,1.12788839176e-20,3.31255074548e-20,4.56031457166e-20,1.20761506419e-19,1.01925401874e-19,1.4001717248e-19,2.89237168714e-19,3.91984865665e-19,5.45082555363e-19,5.6487321341e-19,1.02060335711e-18,1.34092677458e-18,1.14764868323e-18,1.807996789e-18,2.05169350324e-18,3.42250879489e-18,4.01241947297e-18,4.09912164965e-18,6.01868607812e-18,5.85382443255e-18,5.32442925411e-18,8.48982777394e-18,1.02736617901e-17,1.01057341996e-17,1.22486696535e-17,1.13023080311e-17,9.67115087651e-18,9.91153204406e-18,9.67780389018e-18,8.32604683984e-18,6.01231844177e-18,3.93407140689e-18,2.24128536759e-18,1.00178199965e-18,2.5781182761e-19,2.89814230588e-20],"var":[0.716960251331,5.10123729706,17.635055542,33.3779296875,137.374923706,287.812774658,806.805908203,723.523803711,793.370544434,4270.63720703,1211.38842773,6064.48193359,1589.15087891,4877.24072266,4797.98583984,4104.95361328,2065.73071289,2776.76879883,1530.56152344,931.478637695,671.559020996,396.161346436,413.982025146,287.565002441,319.725402832,483.26473999,436.645751953,137.389572144,29.4503688812,8.26026248932,1.56835198402,0.201143339276,0.0180726721883,0.00230871909298,0.000925131898839,0.000485215190565,0.0013613080373,0.00317649287172,0.00319389719516,0.00104038976133]},"erbbands_crest":{"dmean":2.57294440269,"dmean2":4.17087697983,"dvar":5.82649278641,"dvar2":14.6520471573,"max":31.46641922,"mean":9.3972902298,"median":8.33122158051,"min":2.3657104969,"var":21.9842243195},"erbbands_flatness_db":{"dmean":0.0243669208139,"dmean2":0.0377879366279,"dvar":0.00054037058726,"dvar2":0.00135273777414,"max":0.409621298313,"mean":0.160464257002,"median":0.153423041105,"min":0.0371003001928,"var":0.00268550147302},"erbbands_kurtosis":{"dmean":2.07278299332,"dmean2":3.30544376373,"dvar":27.0748176575,"dvar2":70.9925842285,"max":223.23425293,"mean":3.29455947876,"median":0.699580907822,"min":-1.80303359032,"var":72.9593200684},"erbbands_skewness":{"dmean":0.409020096064,"dmean2":0.63088196516,"dvar":0.178552895784,"dvar2":0.402257531881,"max":10.2256479263,"mean":0.767916440964,"median":0.578911781311,"min":-4.49139404297,"var":1.46691024303},"erbbands_spread":{"dmean":6.1193780899,"dmean2":9.50700092316,"dvar":47.7383041382,"dvar2":107.936073303,"max":126.741752625,"mean":27.7492656708,"median":24.7305679321,"min":0.907624065876,"var":271.397094727},"gfcc":{"cov":[[45899.3789062,2807.86401367,-5110.48681641,812.074035645,2155.16625977,-639.745178223,2052.82055664,-555.121765137,709.09173584,62.4108543396,209.411880493,127.184188843,250.212966919],[2807.86401367,1595.1628418,344.483215332,-472.289093018,52.4026947021,-8.89965724945,30.7304420471,-106.782463074,-21.5107917786,-115.443740845,55.3708114624,-165.419052124,50.9714698792],[-5110.48681641,344.483215332,1388.23278809,-212.792358398,-387.840057373,248.40953064,-369.690887451,101.058982849,-154.746292114,-61.807258606,-33.6139945984,-102.595878601,-33.9658050537],[812.074035645,-472.289093018,-212.792358398,620.731872559,186.396850586,10.3323135376,167.829742432,52.5234146118,70.0901107788,60.5315093994,-33.688457489,94.2402954102,-27.016046524],[2155.16625977,52.4026947021,-387.840057373,186.396850586,436.731750488,75.045135498,236.195556641,33.6689910889,92.9368286133,22.0320205688,45.5141563416,43.0244674683,55.0573425293],[-639.745178223,-8.89965724945,248.40953064,10.3323135376,75.045135498,324.451324463,-19.9918766022,115.637420654,-20.7644367218,10.8819532394,15.320063591,14.4682407379,14.3182964325],[2052.82055664,30.7304420471,-369.690887451,167.829742432,236.195556641,-19.9918766022,316.545501709,-7.50070142746,104.476867676,23.4057025909,17.6702823639,44.9325675964,14.7353610992],[-555.121765137,-106.782463074,101.058982849,52.5234146118,33.6689910889,115.637420654,-7.50070142746,179.359863281,38.8514595032,55.1386146545,21.8494510651,7.18075609207,32.3013725281],[709.09173584,-21.5107917786,-154.746292114,70.0901107788,92.9368286133,-20.7644367218,104.476867676,38.8514595032,151.861633301,62.9796333313,26.7930297852,34.7233657837,3.38843369484],[62.4108543396,-115.443740845,-61.807258606,60.5315093994,22.0320205688,10.8819532394,23.4057025909,55.1386146545,62.9796333313,105.185653687,42.6642684937,25.0572376251,12.5004081726],[209.411880493,55.3708114624,-33.6139945984,-33.688457489,45.5141563416,15.320063591,17.6702823639,21.8494510651,26.7930297852,42.6642684937,82.3139724731,32.3105163574,29.5139636993],[127.184188843,-165.419052124,-102.595878601,94.2402954102,43.0244674683,14.4682407379,44.9325675964,7.18075609207,34.7233657837,25.0572376251,32.3105163574,94.7902984619,22.6139087677],[250.212966919,50.9714698792,-33.9658050537,-27.016046524,55.0573425293,14.3182964325,14.7353610992,32.3013725281,3.38843369484,12.5004081726,29.5139636993,22.6139087677,80.9466400146]],"icov":[[0.0000824851595098,-0.000314713281114,0.000408922467614,-0.000226443618885,0.00012401107233,-0.000184643737157,-0.00000962989815889,0.0000138485411298,0.0000134654756039,-0.0000723038974684,0.0000960453180596,-0.0000274304984487,-0.0000329997310473],[-0.000314713281114,0.00282652350143,-0.00222165719606,0.00136187765747,-0.000761617149692,0.000634838070255,-0.000884397595655,0.00138186814729,-0.00131730781868,0.00203954218887,-0.00275732344016,0.00339408009313,-0.00147209828719],[0.000408922467614,-0.00222165719606,0.00409199623391,-0.0020243213512,0.0025733562652,-0.0026681991294,0.00124151445925,-0.00061232392909,-0.000183126598131,0.000735569221433,-0.000234098828514,0.00073954166146,-0.000310825620545],[-0.000226443618885,0.00136187765747,-0.0020243213512,0.00478377239779,-0.00313874008134,0.00224508647807,-0.00126486911904,-0.00147374498192,0.00193512882106,-0.00304999575019,0.00438530184329,-0.00464224722236,0.00323362578638],[0.00012401107233,-0.000761617149692,0.0025733562652,-0.00313874008134,0.00810145307332,-0.00414417916909,-0.00185189652257,0.00112448469736,-0.00305747357197,0.00423102546483,-0.00509048439562,0.00504983076826,-0.00484053604305],[-0.000184643737157,0.000634838070255,-0.0026681991294,0.00224508647807,-0.00414417916909,0.00740411505103,-0.000324372638715,-0.00427824771032,0.00352199655026,-0.00201341253705,0.00253246957436,-0.00504563516006,0.00372574315406],[-0.00000962989815889,-0.000884397595655,0.00124151445925,-0.00126486911904,-0.00185189652257,-0.000324372638715,0.00772786606103,0.000238267253735,-0.00259544397704,0.000524574425071,0.000858988787513,-0.00134175189305,0.000589879229665],[0.0000138485411298,0.00138186814729,-0.00061232392909,-0.00147374498192,0.00112448469736,-0.00427824771032,0.000238267253735,0.0125656025484,-0.00495135737583,-0.00106551335193,-0.0030777619686,0.00714222481474,-0.0072287726216],[0.0000134654756039,-0.00131730781868,-0.000183126598131,0.00193512882106,-0.00305747357197,0.00352199655026,-0.00259544397704,-0.00495135737583,0.0154020339251,-0.00934935733676,0.00532116228715,-0.00851865112782,0.00650053657591],[-0.0000723038974684,0.00203954218887,0.000735569221433,-0.00304999575019,0.00423102546483,-0.00201341253705,0.000524574425071,-0.00106551335193,-0.00934935733676,0.0238956138492,-0.0153119768947,0.0090334424749,-0.00420158170164],[0.0000960453180596,-0.00275732344016,-0.000234098828514,0.00438530184329,-0.00509048439562,0.00253246957436,0.000858988787513,-0.0030777619686,0.00532116228715,-0.0153119768947,0.0302147753537,-0.0166404638439,0.00266502983868],[-0.0000274304984487,0.00339408009313,0.00073954166146,-0.00464224722236,0.00504983076826,-0.00504563516006,-0.00134175189305,0.00714222481474,-0.00851865112782,0.0090334424749,-0.0166404638439,0.0296957790852,-0.0117067256942],[-0.0000329997310473,-0.00147209828719,-0.000310825620545,0.00323362578638,-0.00484053604305,0.00372574315406,0.000589879229665,-0.0072287726216,0.00650053657591,-0.00420158170164,0.00266502983868,-0.0117067256942,0.0224176868796]],"mean":[-110.601387024,101.716949463,-70.8012390137,-5.32585763931,-25.7160282135,-21.5752048492,-3.37262749672,-21.0164241791,-7.69308233261,-9.73708629608,-6.12899923325,-5.43192863464,-5.2175860405]},"hfc":{"dmean":44.9654350281,"dmean2":67.7554855347,"dvar":5208.07373047,"dvar2":12044.9628906,"max":1372.87084961,"mean":174.171539307,"median":83.6224517822,"min":1.08824774743e-16,"var":41140.9140625},"melbands":{"dmean":[0.00185990519822,0.000875511672348,0.000405961211072,0.000361414364306,0.000304072862491,0.000199511254323,0.000147679907968,0.000171994790435,0.0000905302949832,0.0000933067349251,0.00005943940414,0.0000848169074743,0.0000714099442121,0.0000470040977234,0.0000343689207511,0.0000240388490056,0.0000265083672275,0.0000180191036634,0.0000138800696732,0.00000927117616811,0.00000888912200026,0.00000619836464466,0.00000568973928239,0.00000511786629431,0.00000374406226911,0.00000267639234153,0.00000356864711648,0.0000027180201414,0.0000023202446755,0.0000016561511984,0.00000111146061954,7.39545612305e-7,5.13215525189e-7,3.25124602796e-7,1.75988901674e-7,1.03033130472e-7,5.27153538599e-8,3.35829639653e-8,1.99969534265e-8,1.63932494246e-8],"dmean2":[0.00300847715698,0.00143219029997,0.0006585289957,0.000558285217267,0.000475963461213,0.000326020002831,0.000243417875026,0.000278905878076,0.000147970931721,0.000149698724272,0.0000962107515079,0.000140851901961,0.000119948788779,0.0000783112845966,0.0000571296368435,0.0000406504477724,0.0000440790608991,0.0000301313611999,0.0000232091315411,0.0000157238191605,0.0000145738995343,0.000010174819181,0.00000929763155,0.00000824906510388,0.0000059920394051,0.00000426143969889,0.00000552161918677,0.000004084439297,0.00000347190530192,0.00000239496648646,0.00000165461960933,0.00000108638198526,7.65091556332e-7,4.73836109904e-7,2.57851610286e-7,1.51587101982e-7,7.8956162497e-8,5.15204057194e-8,3.24430473597e-8,2.69722839619e-8],"dvar":[0.0000257676256297,0.00000300275337395,4.92330343604e-7,4.21023742092e-7,4.13639867247e-7,2.43244954845e-7,1.11803856839e-7,1.76429992393e-7,4.59527704777e-8,6.83492444864e-8,2.06684838133e-8,4.84660347411e-8,3.29300604562e-8,1.36789131133e-8,7.35711758182e-9,3.30861515963e-9,5.22204057773e-9,2.1012578344e-9,1.59161739344e-9,5.89219117941e-10,4.22194390559e-10,2.43633363484e-10,1.93784474578e-10,1.62011404292e-10,7.78653391764e-11,4.99494404171e-11,1.18173248964e-10,7.52613804611e-11,7.09485387107e-11,4.76595533871e-11,1.87796323631e-11,6.35651557432e-12,3.12836432106e-12,1.41565437758e-12,3.83787348689e-13,1.19292691502e-13,2.48640406089e-14,7.17795624778e-15,1.79588708982e-15,1.24952341615e-15],"dvar2":[0.0000659868455841,0.00000769101097831,0.00000125056430988,9.60993133958e-7,9.56046847023e-7,6.1651167016e-7,3.09413053401e-7,4.38006082959e-7,1.14306871524e-7,1.4395288872e-7,5.16672074014e-8,1.32365286731e-7,8.95106850862e-8,3.674542981e-8,2.00887502189e-8,9.20262621662e-9,1.32493518379e-8,5.73072611587e-9,4.58305748907e-9,1.64767444133e-9,1.09968645301e-9,6.45142494982e-10,5.11663489355e-10,4.12308298614e-10,1.90042592774e-10,1.20260773562e-10,2.79971795747e-10,1.60355687062e-10,1.37304403958e-10,9.28850954485e-11,3.89467937068e-11,1.31230330422e-11,6.86350715845e-12,3.02823326311e-12,8.04393877896e-13,2.39306133503e-13,4.75736969621e-14,1.49951326855e-14,4.4116715794e-15,3.14807312264e-15],"max":[0.0809261202812,0.0296415537596,0.0129616865888,0.0142434686422,0.0142002766952,0.0129531817511,0.00598884886131,0.011687643826,0.00538154086098,0.00934927910566,0.00313256355003,0.00790560245514,0.00379623193294,0.00406532222405,0.00190977391321,0.00144726783037,0.00244160322472,0.00110184284858,0.00213959580287,0.000825103721581,0.000460758164991,0.000308108981699,0.000323827873217,0.000253934558714,0.000186864272109,0.000253831938608,0.000324172724504,0.000274371559499,0.000278440944385,0.000275573635008,0.000176988993189,0.0000906925852178,0.0000653190872981,0.0000308298949676,0.0000160170566232,0.00000885867029865,0.00000401793931815,0.00000190809168998,7.26300640963e-7,6.35902551949e-7],"mean":[0.00288374861702,0.00136356637813,0.000696306873579,0.000693885900546,0.000511843012646,0.000307898240862,0.000236138337641,0.000272797333309,0.000152563166921,0.000157857313752,0.0000964624850894,0.000135463487823,0.000118278512673,0.0000844141468406,0.0000626506807748,0.0000429960455222,0.0000466899982712,0.000032247909985,0.0000251463170571,0.0000172659583768,0.0000166466852534,0.0000114668901006,0.0000107689220386,0.00000934916715778,0.00000712190194463,0.00000542095631317,0.00000691714603818,0.00000545239481653,0.00000457999840364,0.00000307381014863,0.00000191014146367,0.00000123413826714,7.88178908806e-7,4.7336368425e-7,2.57367560152e-7,1.46940905665e-7,7.32028127004e-8,4.33571472058e-8,2.28433965077e-8,1.80353403323e-8],"median":[0.00038783432683,0.000551899312995,0.000351093302015,0.000301346241031,0.000144356192322,0.0000953336420935,0.0000502355251228,0.0000405994796893,0.0000241734815063,0.0000195016527869,0.0000133618395921,0.0000156163696374,0.00000907752382773,0.00000720458911019,0.0000056246699387,0.00000546240789845,0.00000364115658158,0.00000236072901316,0.0000018490079583,0.00000131185311147,0.00000120446986784,9.01060275282e-7,6.27831241218e-7,6.45759655526e-7,6.18054855295e-7,5.24061249507e-7,5.54395342078e-7,4.67562870199e-7,3.66500955806e-7,2.36679724708e-7,1.64252270451e-7,1.63375219131e-7,1.16106029679e-7,6.3966929531e-8,3.41674386561e-8,1.92149727241e-8,1.08943041255e-8,7.74362263201e-9,5.36326805189e-9,4.32269331441e-9],"min":[7.17641852444e-25,1.84625025979e-24,1.51066537945e-24,1.14763543656e-24,2.13230424023e-24,2.34180183362e-24,1.85207146163e-24,1.32227701363e-24,2.59905647456e-24,2.07627381672e-24,2.67933411572e-24,2.10569892013e-24,2.45129257182e-24,2.39772142217e-24,2.48532245355e-24,1.92131234708e-24,2.32457173094e-24,2.41573584981e-24,4.11121842175e-24,3.80766001225e-24,3.92822596313e-24,3.79652800159e-24,4.03120071026e-24,3.98484369359e-24,3.49960864547e-24,3.07369790958e-24,4.06114232035e-24,5.03559892517e-24,5.09359755664e-24,5.22000028936e-24,4.34330090563e-24,5.04273969408e-24,5.76645331031e-24,5.60449937761e-24,4.84605221572e-24,6.75214053341e-24,5.5680114053e-24,5.18236807431e-24,6.63760266314e-24,5.67397475196e-24],"var":[0.0000348160538124,0.00000482387622469,9.4602506806e-7,0.00000113598480311,8.7563029183e-7,3.53877112502e-7,2.01397796218e-7,4.21389870553e-7,1.08022064182e-7,1.92887668504e-7,3.86253837803e-8,8.07727644769e-8,6.29573690958e-8,3.20696180722e-8,1.69313825182e-8,7.15661796491e-9,1.1026966007e-8,4.25072821386e-9,2.88912294089e-9,1.23249399575e-9,9.35991395501e-10,4.69268679471e-10,4.09536904389e-10,3.40619921158e-10,1.87884513503e-10,1.24096039e-10,2.86324519649e-10,2.11681561169e-10,1.96869895386e-10,1.11097242517e-10,3.34395948431e-11,1.14607880478e-11,4.52831478912e-12,2.07570527606e-12,6.07497504992e-13,1.98008235784e-13,4.31890038056e-14,1.16800447826e-14,2.28657687606e-15,1.4767701798e-15]},"melbands_crest":{"dmean":3.63141751289,"dmean2":5.85010623932,"dvar":11.1206445694,"dvar2":28.2076034546,"max":38.0900115967,"mean":16.2521400452,"median":15.4909133911,"min":1.520195961,"var":41.5741424561},"melbands_flatness_db":{"dmean":0.0355491936207,"dmean2":0.055152527988,"dvar":0.00113679294009,"dvar2":0.00280260154977,"max":0.657230615616,"mean":0.282001107931,"median":0.277744561434,"min":0.00323001085781,"var":0.0099873887375},"melbands_kurtosis":{"dmean":9.20076274872,"dmean2":14.7007598877,"dvar":268.213897705,"dvar2":675.412536621,"max":542.318969727,"mean":18.5318183899,"median":8.97337436676,"min":-1.84354245663,"var":793.314880371},"melbands_skewness":{"dmean":0.775892436504,"dmean2":1.22552621365,"dvar":0.692111134529,"dvar2":1.70117890835,"max":16.4698505402,"mean":2.71618199348,"median":2.32399272919,"min":-1.87434613705,"var":3.2992272377},"melbands_spread":{"dmean":4.46209764481,"dmean2":6.82696294785,"dvar":73.9542541504,"dvar2":141.994049072,"max":210.843521118,"mean":17.6430912018,"median":8.84704494476,"min":0.260641396046,"var":699.387512207},"mfcc":{"cov":[[27172.1582031,2764.44384766,-4925.97705078,1812.04455566,-585.924255371,1312.71569824,353.843994141,694.278015137,386.704528809,505.76651001,161.081832886,383.720214844,328.210418701],[2764.44384766,2314.92480469,178.856170654,-169.793563843,37.1449775696,85.7500534058,129.001602173,5.02316331863,9.91850376129,9.09198570251,45.4693832397,-32.6174240112,7.69117498398],[-4925.97705078,178.856170654,1692.73327637,-398.772338867,178.592559814,-229.720596313,-46.8398780823,-113.245742798,-95.0110549927,-84.5357131958,-20.9117717743,-96.4926528931,-83.4312133789],[1812.04455566,-169.793563843,-398.772338867,588.010620117,-71.1857376099,141.627288818,5.92251586914,76.9021148682,59.4004859924,63.5065917969,9.51307201385,33.891002655,43.4681396484],[-585.924255371,37.1449775696,178.592559814,-71.1857376099,242.679046631,18.8993930817,69.1686019897,40.7982788086,30.9366397858,13.8323554993,13.7476444244,3.08386158943,12.0065383911],[1312.71569824,85.7500534058,-229.720596313,141.627288818,18.8993930817,232.868240356,76.1820220947,109.06829071,36.5749359131,40.3380393982,13.0786590576,24.6050777435,29.4427280426],[353.843994141,129.001602173,-46.8398780823,5.92251586914,69.1686019897,76.1820220947,162.70249939,67.4066238403,43.2221069336,14.2358827591,4.26459932327,9.3550453186,23.1501846313],[694.278015137,5.02316331863,-113.245742798,76.9021148682,40.7982788086,109.06829071,67.4066238403,146.855255127,59.3134994507,39.4752616882,10.8348150253,20.9762535095,23.2485313416],[386.704528809,9.91850376129,-95.0110549927,59.4004859924,30.9366397858,36.5749359131,43.2221069336,59.3134994507,107.604431152,53.6214332581,24.92121315,16.8763904572,22.0549449921],[505.76651001,9.09198570251,-84.5357131958,63.5065917969,13.8323554993,40.3380393982,14.2358827591,39.4752616882,53.6214332581,105.750236511,44.6245651245,24.2624759674,22.712348938],[161.081832886,45.4693832397,-20.9117717743,9.51307201385,13.7476444244,13.0786590576,4.26459932327,10.8348150253,24.92121315,44.6245651245,75.9752807617,25.842590332,18.9794273376],[383.720214844,-32.6174240112,-96.4926528931,33.891002655,3.08386158943,24.6050777435,9.3550453186,20.9762535095,16.8763904572,24.2624759674,25.842590332,68.2679519653,31.33436203],[328.210418701,7.69117498398,-83.4312133789,43.4681396484,12.0065383911,29.4427280426,23.1501846313,23.2485313416,22.0549449921,22.712348938,18.9794273376,31.33436203,67.7094192505]],"icov":[[0.000184964417713,-0.000277343788184,0.000434700807091,-0.000216740969336,0.000123551100842,-0.000256801286014,0.000114628332085,-0.000275982310995,0.000171186955413,-0.000331121060299,0.000203604940907,-0.000348315777956,0.000114456495794],[-0.000277343788184,0.000911145936698,-0.000710960070137,0.000494358304422,-0.0000391193134419,0.0000458201102447,-0.000582254957408,0.000670783105306,-0.000297196034808,0.000504911411554,-0.000711672182661,0.000897065445315,-0.000284974725218],[0.000434700807091,-0.000710960070137,0.00192341022193,-0.000265170470811,-0.000440307136159,0.0000366732019756,0.000403742684284,-0.000782055489253,0.000921673665289,-0.000714130874258,0.000218675995711,-0.0000841179353301,0.000623443513177],[-0.000216740969336,0.000494358304422,-0.000265170470811,0.00273492163979,0.000473317981232,-0.000934987445362,0.000404732621973,0.000255588587606,-0.000956791744102,-0.000279336207313,0.000283887900878,0.000555434497073,-0.000922809005715],[0.000123551100842,-0.0000391193134419,-0.000440307136159,0.000473317981232,0.00579852471128,-0.000493032624945,-0.00184279936366,-0.000937151431572,-0.000874174933415,-0.000388855143683,-0.000359705940355,-0.00033343306859,-0.000632531184237],[-0.000256801286014,0.0000458201102447,0.0000366732019756,-0.000934987445362,-0.000493032624945,0.00894118845463,-0.00204155221581,-0.00460725929588,0.00229778094217,-0.000502245500684,-0.000572883349378,0.000417710689362,-0.000248277297942],[0.000114628332085,-0.000582254957408,0.000403742684284,0.000404732621973,-0.00184279936366,-0.00204155221581,0.00976674817502,-0.00209791469388,-0.00223414669745,0.00107785884757,0.00108132965397,0.0000808868280728,-0.00163065304514],[-0.000275982310995,0.000670783105306,-0.000782055489253,0.000255588587606,-0.000937151431572,-0.00460725929588,-0.00209791469388,0.0141410175711,-0.00494217080995,-0.000423469347879,0.00113853311632,-0.000748413032852,-0.0000556134582439],[0.000171186955413,-0.000297196034808,0.000921673665289,-0.000956791744102,-0.000874174933415,0.00229778094217,-0.00223414669745,-0.00494217080995,0.0164105296135,-0.00590732367709,-0.00112604524475,0.00050497148186,-0.000711372704245],[-0.000331121060299,0.000504911411554,-0.000714130874258,-0.000279336207313,-0.000388855143683,-0.000502245500684,0.00107785884757,-0.000423469347879,-0.00590732367709,0.0172163322568,-0.00757444556803,-0.00000467979907626,-0.000814188912045],[0.000203604940907,-0.000711672182661,0.000218675995711,0.000283887900878,-0.000359705940355,-0.000572883349378,0.00108132965397,0.00113853311632,-0.00112604524475,-0.00757444556803,0.0202061235905,-0.00561673007905,-0.00142371852417],[-0.000348315777956,0.000897065445315,-0.0000841179353301,0.000555434497073,-0.00033343306859,0.000417710689362,0.0000808868280728,-0.000748413032852,0.00050497148186,-0.00000467979907626,-0.00561673007905,0.022235583514,-0.00764553807676],[0.000114456495794,-0.000284974725218,0.000623443513177,-0.000922809005715,-0.000632531184237,-0.000248277297942,-0.00163065304514,-0.0000556134582439,-0.000711372704245,-0.000814188912045,-0.00142371852417,-0.00764553807676,0.0208460148424]],"mean":[-760.685302734,158.848632812,5.51225757599,29.2357597351,-6.78538131714,10.8326053619,0.46948286891,0.670818448067,-2.31482744217,-0.86955344677,-2.02861833572,-1.42636263371,-0.908920526505]},"pitch_salience":{"dmean":0.06866235286,"dmean2":0.109824970365,"dvar":0.00382188870572,"dvar2":0.00945524591953,"max":0.974444746971,"mean":0.560993790627,"median":0.578383684158,"min":0.100209474564,"var":0.0157888047397},"silence_rate_20dB":{"dmean":0,"dmean2":0,"dvar":0,"dvar2":0,"max":1,"mean":1,"median":1,"min":1,"var":0},"silence_rate_30dB":{"dmean":0.0511014647782,"dmean2":0.102211304009,"dvar":0.0484943017364,"dvar2":0.103894300759,"max":1,"mean":0.940222740173,"median":1,"min":0,"var":0.0562100969255},"silence_rate_60dB":{"dmean":0.0217836368829,"dmean2":0.0435708425939,"dvar":0.0213092770427,"dvar2":0.0467448607087,"max":1,"mean":0.229446440935,"median":0,"min":0,"var":0.176810026169},"spectral_centroid":{"dmean":160.358291626,"dmean2":235.978378296,"dvar":70740.40625,"dvar2":117336.507812,"max":11651.0634766,"mean":995.764343262,"median":681.336181641,"min":124.900344849,"var":1344783.375},"spectral_complexity":{"dmean":2.47809362411,"dmean2":3.74381661415,"dvar":10.3673276901,"dvar2":18.7952842712,"max":55,"mean":15.2346048355,"median":9,"min":0,"var":196.37336731},"spectral_contrast_coeffs":{"dmean":[0.050254996866,0.0450718924403,0.0355082415044,0.0307212993503,0.0225124228746,0.0337671749294],"dmean2":[0.0830711573362,0.0746318921447,0.0584167763591,0.0506231635809,0.0367156416178,0.0525098256767],"dvar":[0.00168626126833,0.00132267852314,0.00079450168414,0.00063479936216,0.000402009260142,0.0011991453357],"dvar2":[0.00446427101269,0.00358965643682,0.00217508524656,0.00165794393979,0.000998995848931,0.00267209741287],"max":[-0.318145871162,-0.473100036383,-0.589656352997,-0.61621427536,-0.657066583633,-0.422450900078],"mean":[-0.662368178368,-0.775443017483,-0.81210154295,-0.835721373558,-0.852801978588,-0.775194644928],"median":[-0.664999842644,-0.778881132603,-0.811792492867,-0.826267540455,-0.83285343647,-0.781811118126],"min":[-0.984076917171,-0.975652337074,-0.978484153748,-0.989160835743,-0.97928071022,-0.967520833015],"var":[0.00924428086728,0.00453880010173,0.00311874086037,0.00369309890084,0.00462737167254,0.0103210974485]},"spectral_contrast_valleys":{"dmean":[0.420983582735,0.361885935068,0.340198636055,0.395889639854,0.418849796057,0.56947606802],"dmean2":[0.690958976746,0.57887583971,0.533599317074,0.620474636555,0.639031887054,0.895493328571],"dvar":[0.129401296377,0.0956785902381,0.100841537118,0.173050075769,0.231810435653,0.247979879379],"dvar2":[0.313874512911,0.216526806355,0.219692870975,0.405908316374,0.545202672482,0.632042884827],"max":[-4.95259141922,-4.41763401031,-4.84124183655,-5.50948762894,-5.54657697678,-8.93910503387],"mean":[-7.9073381424,-7.35094118118,-8.04676914215,-8.70287704468,-8.8143787384,-11.8465690613],"median":[-7.20559501648,-6.8370847702,-7.56021881104,-8.21568107605,-8.26139068604,-11.4283733368],"min":[-28.2919044495,-28.0434970856,-27.7641162872,-27.7773780823,-27.59126091,-27.4259471893],"var":[6.90997886658,6.336810112,6.8741517067,6.96326637268,6.63315486908,3.78330349922]},"spectral_decrease":{"dmean":2.43810638345e-9,"dmean2":3.84653242591e-9,"dvar":2.37218376303e-17,"dvar2":5.8199799242e-17,"max":7.05857461369e-9,"mean":-5.05034325471e-9,"median":-2.3907267277e-9,"min":-8.25621526701e-8,"var":4.83119171188e-17},"spectral_energy":{"dmean":0.0101207653061,"dmean2":0.0151485931128,"dvar":0.000369129236788,"dvar2":0.000846689392347,"max":0.351893156767,"mean":0.0348590277135,"median":0.0191243048757,"min":1.01114695403e-20,"var":0.00150781706907},"spectral_energyband_high":{"dmean":0.00020273202972,"dmean2":0.00028119282797,"dvar":2.76170879943e-7,"dvar2":4.83112614802e-7,"max":0.017796702683,"mean":0.000641379680019,"median":0.0000737065565772,"min":7.13887322451e-21,"var":0.00000125619362734},"spectral_energyband_low":{"dmean":0.0072629256174,"dmean2":0.0116206267849,"dvar":0.00029673014069,"dvar2":0.000742688658647,"max":0.29760697484,"mean":0.0128817530349,"median":0.00431879563257,"min":1.88375298333e-23,"var":0.000461064628325},"spectral_energyband_middle_high":{"dmean":0.00133652449585,"dmean2":0.00208952813409,"dvar":0.00000664498975311,"dvar2":0.0000166200716194,"max":0.0564353018999,"mean":0.00448750564829,"median":0.00069273984991,"min":1.20926575803e-21,"var":0.0000450443912996},"spectral_energyband_middle_low":{"dmean":0.00347190210596,"dmean2":0.00532957073301,"dvar":0.0000298735903925,"dvar2":0.0000702183315298,"max":0.101160883904,"mean":0.00979382265359,"median":0.00511572184041,"min":1.43905091803e-22,"var":0.000132091634441},"spectral_entropy":{"dmean":0.244948446751,"dmean2":0.37969738245,"dvar":0.0778068378568,"dvar2":0.196130856872,"max":9.82189369202,"mean":7.17121219635,"median":7.34721946716,"min":4.60877323151,"var":0.559702754021},"spectral_flux":{"dmean":0.0180741790682,"dmean2":0.0284756869078,"dvar":0.000686279439833,"dvar2":0.00155455211643,"max":0.450371652842,"mean":0.0821409076452,"median":0.0662303566933,"min":6.33438856923e-11,"var":0.00449039973319},"spectral_kurtosis":{"dmean":7.39098119736,"dmean2":11.8531942368,"dvar":169.443847656,"dvar2":451.493530273,"max":195.442596436,"mean":21.0141620636,"median":16.78307724,"min":-1.26392412186,"var":304.382568359},"spectral_rms":{"dmean":0.000707219936885,"dmean2":0.00102179159876,"dvar":9.73270857685e-7,"dvar2":0.00000203724721359,"max":0.0185286365449,"mean":0.00477404473349,"median":0.00431947410107,"min":3.14083568181e-12,"var":0.0000112173802336},"spectral_rolloff":{"dmean":2876.26391602,"dmean2":5552.171875,"dvar":43126828,"dvar2":106614128,"max":22006.9335938,"mean":16873.5742188,"median":21554.7363281,"min":43.06640625,"var":71411232},"spectral_skewness":{"dmean":0.573236048222,"dmean2":0.897519171238,"dvar":0.65679615736,"dvar2":1.72124862671,"max":11.8186235428,"mean":3.14708638191,"median":2.87690401077,"min":-0.0862618982792,"var":2.17435646057},"spectral_spread":{"dmean":574396.5,"dmean2":910403.625,"dvar":485813518336,"dvar2":1081085919230,"max":42652104,"mean":4391339,"median":3870386,"min":1062814.375,"var":11555530866700},"spectral_strongpeak":{"dmean":5.80862903595,"dmean2":10.8718080521,"dvar":287.106903076,"dvar2":821.939941406,"max":169.599594116,"mean":5.39219236374,"median":0.304058134556,"min":0,"var":281.384063721},"zerocrossingrate":{"dmean":0.0420426912606,"dmean2":0.0529554411769,"dvar":0.00136941275559,"dvar2":0.00213852454908,"max":0.84912109375,"mean":0.339163213968,"median":0.33251953125,"min":0.01708984375,"var":0.0163765326142}},"metadata":{"audio_properties":{"analysis_sample_rate":44100,"bit_rate":320000,"codec":"mp3","downmix":"mix","equal_loudness":0,"length":283.534118652,"lossless":false,"md5_encoded":"c28aaeff10a8f464dc0c02a1e03966d7","replay_gain":0.522918701172,"sample_rate":44100},"tags":{"album":["Here We Stand"],"artist":["The Fratellis"],"date":["2008-06-08"],"file_name":"12 - The Fratellis - Milk and Money.mp3","musicbrainz_albumid":["72ba43bf-1b7b-40d6-b955-e236c1641e65"],"musicbrainz_artistid":["f4ad883e-9a92-45ed-a540-a49c2d1c36dd"],"musicbrainz_recordingid":["bf460734-d1b0-4cbc-8047-a670c87c0ac0"],"title":["Milk and Money"],"tracknumber":["12/12"]},"version":{"essentia":"2.1-beta1","essentia_build_sha":"ca57ba49d9b1854bd80e60cf9ccf267278fb7d6b","essentia_git_sha":"v2.1_beta1-28-g21ef5f4-dirty","extractor":"music 1.0"}},"rhythm":{"beats_count":528,"beats_loudness":{"dmean":0.0193953923881,"dmean2":0.0339080318809,"dvar":0.000562683155295,"dvar2":0.00170416361652,"max":0.271122008562,"mean":0.0497860424221,"median":0.0316154137254,"min":0,"var":0.00222556153312},"beats_loudness_band_ratio":{"dmean":[0.157684370875,0.126698434353,0.0752821788192,0.0295906234533,0.0135060334578,0.126727938652],"dmean2":[0.275013536215,0.218097701669,0.134598404169,0.0510305538774,0.0236032307148,0.22159075737],"dvar":[0.0153879858553,0.0132402852178,0.0103494469076,0.00151962868404,0.0010424470529,0.0128633789718],"dvar2":[0.046490713954,0.0370054803789,0.0301671549678,0.0042961165309,0.00303142657503,0.0368180274963],"max":[0.940289437771,0.876625299454,0.666555583477,0.41917091608,0.450756371021,0.820136904716],"mean":[0.378833919764,0.226234316826,0.0847437828779,0.0523816049099,0.0235775709152,0.298669993877],"median":[0.347515761852,0.184845730662,0.0540108308196,0.0255039557815,0.00922589655966,0.269531935453],"min":[0,0,0,0,0,0],"var":[0.0453061386943,0.0271895099431,0.00972049776465,0.003547352040