{"lowlevel":{"average_loudness":0.868871569633,"barkbands":{"dmean":[2.50016455539e-7,0.000233945378568,0.000212264509173,0.000497136148624,0.000598057347815,0.000659567245748,0.000967891421169,0.00138614804018,0.00082174804993,0.000328235968482,0.000339589547366,0.000327708927216,0.000375652074581,0.000286706519546,0.000218380810111,0.000239644403337,0.00018829551118,0.0000756816589274,0.000191162951523,0.0000692269677529,0.0000327557063429,0.0000219744542846,0.0000137857250593,0.00000902329338714,0.00000360307717528,4.00667715894e-7,3.43916042311e-8],"dmean2":[4.35215298467e-7,0.000370598660083,0.000335855671437,0.000789986981545,0.000926600012463,0.000990035245195,0.00142186344601,0.00187054602429,0.00111014058348,0.000471806852147,0.000519903143868,0.000489066878799,0.000541257148143,0.000423814868554,0.000319365091855,0.000326291512465,0.000260346510913,0.00011386864935,0.000273327343166,0.000104596023448,0.00004972241004,0.0000344924010278,0.0000222147864406,0.0000144867353811,0.00000556286522624,6.20269020146e-7,5.16356024605e-8],"dvar":[2.34724864328e-13,3.63926062619e-7,1.6808429848e-7,6.78046603753e-7,8.7524671244e-7,0.00000173054388597,0.00000373960233446,0.00000837840616441,0.00000473317368233,4.47162619821e-7,7.40250754916e-7,0.00000153653672896,0.00000258360455518,0.00000155522695877,7.90588273958e-7,8.36161007101e-7,3.19728087561e-7,1.95559781702e-8,1.74497643002e-7,3.59651579629e-8,5.87666093566e-9,2.6666036046e-9,1.64040081518e-9,6.31564744946e-10,1.64467078845e-10,2.89808823641e-12,4.51869122767e-15],"dvar2":[6.24390784302e-13,8.3170078824e-7,3.85758653465e-7,0.00000177061838258,0.00000223642496167,0.00000351228777618,0.00000726082498659,0.0000150353271238,0.00000870557687449,8.65750280354e-7,0.0000017504578409,0.00000312335487251,0.00000500435362483,0.00000334223886966,0.00000165298263255,0.00000136152777941,6.00530881911e-7,4.3361165325e-8,3.320063513e-7,7.73759367689e-8,1.26378347787e-8,6.44736619648e-9,4.14707956864e-9,1.52816359567e-9,3.51576184832e-10,6.31762784448e-12,9.45402271551e-15],"max":[0.0000164963239513,0.00924944318831,0.00906366389245,0.0121035054326,0.0139439813793,0.0335205905139,0.0563331544399,0.0556714273989,0.0486763305962,0.0178028680384,0.0174835957587,0.0322815701365,0.0443375445902,0.0402592457831,0.0174672547728,0.0292172208428,0.0199007298797,0.00351744913496,0.00813336670399,0.00485160434619,0.00244547566399,0.00109198468272,0.00114737008698,0.000496492197271,0.000384991959436,0.0000496244101669,0.00000202990986509],"mean":[2.64848949882e-7,0.000469015736599,0.000385833613109,0.000872879638337,0.00141762697604,0.00122521165758,0.0020142449066,0.00333207566291,0.00165907014161,0.00080108694965,0.000614503631368,0.000497312808875,0.000590527139138,0.000467329169624,0.000346588902175,0.000569690251723,0.000497963745147,0.000170251340023,0.000418376555899,0.000133774592541,0.000065145730332,0.0000333505049639,0.0000175902387127,0.0000108743961391,0.00000482807899971,6.37356151856e-7,1.41826618005e-7],"median":[1.47081792079e-7,0.0000692954272381,0.000173763357452,0.000486921868287,0.000790922204033,0.00043429544894,0.000547729665413,0.000387327396311,0.000259975990048,0.000167372156284,0.00010327653581,0.000067897097324,0.0000674008479109,0.0000436350310338,0.0000376421157853,0.000041321705794,0.0000677478165017,0.0000670984445605,0.000107400039269,0.0000329610884364,0.0000191818016901,0.0000129143436425,0.00000549703645447,0.00000261716013483,0.00000139347264394,2.36687256461e-7,1.18034535035e-7],"min":[4.70944389087e-25,4.69606293637e-24,1.39621497413e-24,1.30149802296e-24,6.36540581336e-24,9.16539857111e-24,8.52979204053e-24,4.69336029891e-24,1.44935647068e-23,8.86271106406e-24,2.26349847465e-23,2.9037057998e-23,3.38095497232e-23,3.4831761995e-23,4.0978619811e-23,4.74335940749e-23,6.81414074071e-23,8.44836329354e-23,1.5656238396e-22,1.89370970169e-22,2.2957886972e-22,3.22846563498e-22,4.36051763712e-22,6.00787276764e-22,9.32553951213e-22,1.20655318723e-21,1.96392852064e-21],"var":[2.16499873042e-13,9.64454216046e-7,4.5259744752e-7,0.00000122462688523,0.00000329099225382,0.00000507013010065,0.0000138618734127,0.0000519025270478,0.0000167390626302,0.00000257384840552,0.00000246247918767,0.00000342006615028,0.00000580433879804,0.00000315716442856,0.000001685156235,0.00000427056465924,0.00000251122605732,7.00308078194e-8,5.67322558709e-7,1.12118790696e-7,2.08738910601e-8,3.43443673501e-9,2.04571559692e-9,8.47936887372e-10,2.59048199558e-10,4.44805650646e-12,1.12748970655e-14]},"barkbands_crest":{"dmean":2.25972652435,"dmean2":3.56730175018,"dvar":4.04330015182,"dvar2":9.52236652374,"max":23.5570793152,"mean":9.89421272278,"median":9.13128757477,"min":2.40985107422,"var":13.7200365067},"barkbands_flatness_db":{"dmean":0.0167795289308,"dmean2":0.0248593371361,"dvar":0.000265706388745,"dvar2":0.000556550628971,"max":0.299380421638,"mean":0.165930137038,"median":0.165904760361,"min":0.018465379253,"var":0.00191241875291},"barkbands_kurtosis":{"dmean":2.08376526833,"dmean2":3.16746544838,"dvar":11.6576509476,"dvar2":28.7349281311,"max":99.6440505981,"mean":4.4135928154,"median":2.45315694809,"min":-1.90904343128,"var":66.9856033325},"barkbands_skewness":{"dmean":0.418308347464,"dmean2":0.622299075127,"dvar":0.181943625212,"dvar2":0.404401898384,"max":8.62337684631,"mean":1.40788841248,"median":1.42320525646,"min":-2.79338598251,"var":1.27350115776},"barkbands_spread":{"dmean":3.85577249527,"dmean2":5.84315013885,"dvar":32.9786491394,"dvar2":72.3541717529,"max":91.7339859009,"mean":16.0388202667,"median":13.56163311,"min":1.36727023125,"var":114.730735779},"dissonance":{"dmean":0.0240904912353,"dmean2":0.0404047966003,"dvar":0.000571572221816,"dvar2":0.00156091037206,"max":0.500000059605,"mean":0.441037744284,"median":0.451342821121,"min":0.0193939562887,"var":0.00165596441366},"dynamic_complexity":5.14192438126,"erbbands":{"dmean":[0.00270978431217,0.0656377971172,0.216005951166,0.880789875984,1.90230131149,2.25903725624,2.58753609657,7.26657104492,9.79887676239,27.2774410248,18.1212844849,21.1090621948,8.73068714142,8.70941829681,17.0790519714,13.9008798599,17.1498718262,14.1872138977,12.0802707672,7.64711093903,11.910410881,7.838534832,3.63787794113,7.33561754227,8.54098987579,2.47341251373,1.48643553257,1.15597116947,0.793866097927,0.593608677387,0.366071522236,0.224235191941,0.132485225797,0.059137377888,0.0166152697057,0.00348321325146,0.000458288472146,0.0000565560367249,0.00000752063215259,0.00000479317850477],"dmean2":[0.00444072438404,0.103240296245,0.330324083567,1.40964329243,3.02614498138,3.46677350998,3.96769428253,10.9549655914,14.7065267563,37.7955589294,24.5739154816,29.0875644684,12.2400398254,12.0963993073,25.927942276,20.2272357941,23.9330768585,19.3899040222,16.6156024933,10.5438079834,15.2993707657,10.6829080582,5.144135952,10.4091396332,12.0329608917,3.57786679268,2.22680068016,1.78587710857,1.23456442356,0.957702457905,0.587258338928,0.358660012484,0.216177895665,0.0944458544254,0.0254300776869,0.0053571886383,0.000698839256074,0.000084311592218,0.0000109408083517,0.00000626912833468],"dvar":[0.0000490985767101,0.0271295681596,0.1723305583,2.06237602234,12.0409145355,14.2731609344,24.3024997711,210.599594116,506.750366211,3450.38818359,1690.1184082,3217.01977539,392.492340088,355.192474365,2003.72180176,2306.00366211,5354.95605469,4203.44335938,2283.80200195,856.064453125,1986.76281738,368.344299316,49.3326721191,210.629730225,435.547943115,30.2560501099,12.3705625534,7.91452026367,3.40287947655,2.77162790298,1.03610157967,0.389555633068,0.168619140983,0.0430406108499,0.0044558388181,0.000227394266403,0.00000295514269055,2.68374176216e-8,1.90642168718e-10,3.97968949462e-11],"dvar2":[0.000117897630844,0.0616971254349,0.382510632277,5.40298557281,32.8100547791,34.5841445923,52.241645813,433.685211182,1093.3614502,6181.81152344,3147.62841797,6364.50292969,710.11895752,648.830932617,4482.29882812,4286.01708984,10525.6787109,8683.5703125,4338.3828125,1720.09814453,3070.81884766,583.956298828,97.6377105713,406.937438965,822.95715332,55.471660614,24.9966068268,18.3835792542,8.10638427734,7.02670192719,2.56876063347,0.93203496933,0.398486465216,0.0912589654326,0.0101936375722,0.000502075999975,0.00000648485638521,5.48551462032e-8,4.04092814765e-10,6.17943682335e-11],"max":[0.0915315002203,2.58912873268,8.77886104584,21.4797897339,72.1303939819,63.912322998,164.324325562,416.080444336,667.331481934,1109.52514648,748.1640625,1519.72631836,749.214904785,470.615753174,1006.20452881,1241.45214844,2470.33886719,2354.26733398,1190.15649414,850.420043945,1763.54724121,627.753112793,196.595321655,292.145782471,497.597351074,226.228256226,105.018783569,68.2406768799,36.3766517639,44.5952110291,23.919670105,12.6210260391,11.4667930603,6.95961713791,1.90005266666,0.454780340195,0.0587350688875,0.00494530564174,0.000453019427368,0.0000993191861198],"mean":[0.00444669881836,0.13526570797,0.453836470842,1.58828830719,3.61865878105,5.0759601593,5.70516395569,13.7076854706,23.4063262939,74.7747497559,39.7813148499,43.8741989136,21.9631080627,19.7561340332,32.4655036926,23.126739502,28.8170871735,25.1370563507,22.9180355072,17.4672775269,34.9577293396,23.5790538788,10.3544158936,16.8665447235,19.5329360962,5.7003068924,3.24976468086,2.00346565247,1.26103270054,0.796615004539,0.473142057657,0.2840475142,0.148669242859,0.0727983117104,0.0238617025316,0.00510788569227,0.000830580829643,0.000142824996146,0.0000310751529469,0.0000217544547922],"median":[0.000756039225962,0.023290913552,0.189845725894,0.999922811985,2.10224199295,2.45736479759,3.1065428257,5.13555622101,7.19383764267,12.9036865234,7.67632579803,8.2723197937,4.9415640831,4.92660856247,5.55747079849,3.92651033401,3.64104390144,2.79070305824,2.31563186646,1.93489038944,2.54470658302,4.12190818787,3.94542884827,5.82466697693,4.14093160629,1.72536814213,0.913756668568,0.69360601902,0.496568828821,0.274670511484,0.148436844349,0.0730181410909,0.0341747067869,0.0186939965934,0.00718656228855,0.00166619452648,0.000371666130377,0.0000876146514202,0.0000250228185905,0.0000156511832756],"min":[9.49935131797e-23,2.68767636712e-22,1.68143462845e-21,5.38569178508e-21,1.34725022786e-20,2.38889680126e-20,3.80026289699e-20,8.12283283591e-20,1.47301531749e-19,7.97303042698e-20,3.3185914904e-19,3.97787977101e-19,6.65394993182e-19,6.1030031829e-19,1.01715866685e-18,1.50559413611e-18,2.19466236634e-18,2.08900824106e-18,2.00914705484e-18,3.74014511613e-18,3.2992810107e-18,4.51849394841e-18,5.09841662739e-18,6.7688880221e-18,7.80173096394e-18,9.17960789649e-18,8.89166384371e-18,1.15645267668e-17,1.15061112719e-17,9.75745890162e-18,1.3226948867e-17,1.18411111482e-17,1.00282215859e-17,8.6298586983e-18,6.75561756354e-18,4.06934480196e-18,2.31408594689e-18,9.97490379835e-19,2.38117019117e-19,2.62500468268e-20],"var":[0.0000903976469999,0.0739763379097,0.514470517635,3.44919586182,20.9232330322,55.1482200623,66.4438018799,590.145874023,2720.44775391,25175.5839844,6093.83203125,11757.7138672,1649.74755859,1887.3190918,6430.32128906,5564.79150391,12491.6816406,9282.46972656,6650.40625,2691.30810547,14412.0078125,3845.19213867,324.158538818,699.950866699,1644.73303223,144.680984497,61.3391113281,14.4347705841,4.68972826004,3.0755212307,1.36450517178,0.509962975979,0.230532616377,0.0670071989298,0.00661267433316,0.000337619858328,0.00000497877863381,5.65704461053e-8,5.57527413125e-10,3.40856648462e-10]},"erbbands_crest":{"dmean":2.77680397034,"dmean2":4.45737886429,"dvar":6.57852458954,"dvar2":16.2748508453,"max":29.1195907593,"mean":10.928352356,"median":10.1407375336,"min":2.7035741806,"var":23.924577713},"erbbands_flatness_db":{"dmean":0.0163518562913,"dmean2":0.0231430754066,"dvar":0.000257639738265,"dvar2":0.000456960959127,"max":0.343300819397,"mean":0.204918831587,"median":0.209207803011,"min":0.0355228595436,"var":0.00265445024706},"erbbands_kurtosis":{"dmean":1.06028115749,"dmean2":1.63210999966,"dvar":2.38701677322,"dvar2":5.2789850235,"max":36.9142723083,"mean":1.21794521809,"median":0.185438632965,"min":-1.76223838329,"var":11.0736436844},"erbbands_skewness":{"dmean":0.353549599648,"dmean2":0.529142737389,"dvar":0.120596908033,"dvar2":0.261910885572,"max":4.92819070816,"mean":0.583397746086,"median":0.61736869812,"min":-4.61893510818,"var":1.08053183556},"erbbands_spread":{"dmean":6.31890153885,"dmean2":9.58117294312,"dvar":61.0242881775,"dvar2":134.074569702,"max":116.969749451,"mean":30.0544090271,"median":27.0104370117,"min":3.93553066254,"var":250.627670288},"gfcc":{"cov":[[30369.265625,2159.90795898,-5075.71728516,674.864868164,-1614.57922363,-289.764648438,-758.224243164,174.063461304,-299.503051758,-198.249313354,-166.389755249,-479.288360596,-384.676239014],[2159.90795898,903.668762207,-199.612686157,-173.947677612,12.4898710251,-112.799438477,67.2082977295,29.1740722656,10.7447748184,-53.4593658447,63.8510017395,31.9612178802,-51.3946838379],[-5075.71728516,-199.612686157,1389.58190918,74.9091796875,236.747070312,180.277496338,123.086166382,2.79123711586,14.1747112274,50.3276748657,30.8314228058,155.694732666,90.3292617798],[674.864868164,-173.947677612,74.9091796875,499.229614258,71.1503448486,54.8294906616,-133.445388794,-42.1430778503,24.9331855774,26.4929637909,-88.3810272217,1.83494079113,94.8285064697],[-1614.57922363,12.4898710251,236.747070312,71.1503448486,412.375640869,5.38181066513,-23.1558036804,-41.6020202637,88.9063949585,69.305267334,-31.7989692688,17.3241958618,70.6797790527],[-289.764648438,-112.799438477,180.277496338,54.8294906616,5.38181066513,272.912353516,81.310798645,-2.64581727982,-16.0677204132,37.9580459595,14.7002239227,-9.17099666595,-6.7267832756],[-758.224243164,67.2082977295,123.086166382,-133.445388794,-23.1558036804,81.310798645,294.08102417,93.7600631714,-22.16223526,-33.901134491,66.8652420044,29.7187728882,-40.7803688049],[174.063461304,29.1740722656,2.79123711586,-42.1430778503,-41.6020202637,-2.64581727982,93.7600631714,141.114120483,16.2156162262,-17.4050006866,32.8084907532,6.63021183014,-21.4583892822],[-299.503051758,10.7447748184,14.1747112274,24.9331855774,88.9063949585,-16.0677204132,-22.16223526,16.2156162262,127.983268738,39.0598449707,-11.4737634659,-15.879784584,20.9628009796],[-198.249313354,-53.4593658447,50.3276748657,26.4929637909,69.305267334,37.9580459595,-33.901134491,-17.4050006866,39.0598449707,93.6750259399,0.14418451488,-19.01587677,1.50622570515],[-166.389755249,63.8510017395,30.8314228058,-88.3810272217,-31.7989692688,14.7002239227,66.8652420044,32.8084907532,-11.4737634659,0.14418451488,109.264762878,28.0526733398,-27.8899726868],[-479.288360596,31.9612178802,155.694732666,1.83494079113,17.3241958618,-9.17099666595,29.7187728882,6.63021183014,-15.879784584,-19.01587677,28.0526733398,96.7260131836,34.1613883972],[-384.676239014,-51.3946838379,90.3292617798,94.8285064697,70.6797790527,-6.7267832756,-40.7803688049,-21.4583892822,20.9628009796,1.50622570515,-27.8899726868,34.1613883972,97.3774261475]],"icov":[[0.000844699679874,-0.00227808742784,0.00266887317412,-0.00201043556444,0.00203321501613,-0.00176538410597,0.00193919311278,-0.00252577243373,0.00175209704321,-0.0018613927532,0.00121148210019,-0.000912875402719,0.000593270233367],[-0.00227808742784,0.00755592854694,-0.0069389459677,0.00560930604115,-0.00588338449597,0.00508130155504,-0.00538654020056,0.00698335887864,-0.00515306554735,0.00577269401401,-0.00374772911891,0.00163373455871,-0.000759181566536],[0.00266887317412,-0.0069389459677,0.00961672049016,-0.0063128490001,0.00588030833751,-0.00619724905118,0.00585106108338,-0.00801966525614,0.00551036046818,-0.00622410560027,0.00397679535672,-0.00485582789406,0.00184707692824],[-0.00201043556444,0.00560930604115,-0.0063128490001,0.00793170649558,-0.00490046525374,0.00309511274099,-0.00334428017959,0.00536817731336,-0.0041552875191,0.0044194413349,-0.00136223458685,0.00184711511247,-0.00350843765773],[0.00203321501613,-0.00588338449597,0.00588030833751,-0.00490046525374,0.00889609009027,-0.00372875062749,0.00385153107345,-0.00486907968298,0.0024661286734,-0.00683054374531,0.003722416237,-0.00195415271446,-0.000603951164521],[-0.00176538410597,0.00508130155504,-0.00619724905118,0.00309511274099,-0.00372875062749,0.0093687241897,-0.00651229545474,0.00644590239972,-0.00267965835519,0.00133744219784,-0.00327784614637,0.00381361087784,-0.00123115349561],[0.00193919311278,-0.00538654020056,0.00585106108338,-0.00334428017959,0.00385153107345,-0.00651229545474,0.0112151745707,-0.0093683982268,0.00444536935538,-0.00157974963076,0.00161905994173,-0.00305881374516,0.00263788062148],[-0.00252577243373,0.00698335887864,-0.00801966525614,0.00536817731336,-0.00486907968298,0.00644590239972,-0.0093683982268,0.0181262884289,-0.00834379438311,0.00645561469719,-0.0051004299894,0.0027498328127,-0.000759172835387],[0.00175209704321,-0.00515306554735,0.00551036046818,-0.0041552875191,0.0024661286734,-0.00267965835519,0.00444536935538,-0.00834379438311,0.015325224027,-0.00789664592594,0.00263858470134,0.000843583664391,-0.00153261458036],[-0.0018613927532,0.00577269401401,-0.00622410560027,0.0044194413349,-0.00683054374531,0.00133744219784,-0.00157974963076,0.00645561469719,-0.00789664592594,0.0214269775897,-0.00568373827264,0.00434015737846,0.00119269173592],[0.00121148210019,-0.00374772911891,0.00397679535672,-0.00136223458685,0.003722416237,-0.00327784614637,0.00161905994173,-0.0051004299894,0.00263858470134,-0.00568373827264,0.0159780941904,-0.00683693727478,0.00356591213495],[-0.000912875402719,0.00163373455871,-0.00485582789406,0.00184711511247,-0.00195415271446,0.00381361087784,-0.00305881374516,0.0027498328127,0.000843583664391,0.00434015737846,-0.00683693727478,0.0204671397805,-0.00841859634966],[0.000593270233367,-0.000759181566536,0.00184707692824,-0.00350843765773,-0.000603951164521,-0.00123115349561,0.00263788062148,-0.000759172835387,-0.00153261458036,0.00119269173592,0.00356591213495,-0.00841859634966,0.0194923821837]],"mean":[-88.7968292236,114.507949829,-135.740081787,21.8572711945,-68.1088790894,-12.7182292938,-33.8756065369,0.724914431572,-23.3481254578,-9.42479705811,-10.7422552109,-8.88269519806,-15.0010232925]},"hfc":{"dmean":3.702698946,"dmean2":4.68594646454,"dvar":31.2688064575,"dvar2":45.9759407043,"max":110.449699402,"mean":14.5219783783,"median":7.77508878708,"min":1.07980335834e-16,"var":257.707305908},"melbands":{"dmean":[0.0000466867022624,0.000104278595245,0.000187564568478,0.00013289686467,0.0000990692351479,0.000151637810632,0.000155710353283,0.000311910087476,0.000143874203786,0.000125694496091,0.000043889049266,0.0000374040137103,0.0000507703152834,0.0000400791323045,0.0000442069904238,0.00003246574488,0.0000279992964352,0.0000211154529097,0.0000135852696985,0.0000153109176608,0.0000151843923959,0.00000998175255518,0.00000508950051881,0.00000315446641252,0.00000654553741697,0.00000795717551227,0.00000420963169745,0.0000012307527868,9.75634179667e-7,7.78382457156e-7,6.81379788148e-7,4.79641244056e-7,3.98972389348e-7,3.10613160082e-7,2.27353709192e-7,1.65125086937e-7,1.29164916984e-7,9.79925260935e-8,7.50057012056e-8,4.2762149377e-8],"dmean2":[0.000075327756349,0.000158958064276,0.000297720340313,0.00020790004055,0.000150026928168,0.000228334669373,0.000231778554735,0.000428893516073,0.00019813189283,0.000173295673449,0.0000630526410532,0.0000521251713508,0.0000764440919738,0.0000581542444706,0.0000624264212092,0.0000459339316876,0.0000396091490984,0.0000303387514577,0.0000196440141735,0.0000208243909583,0.0000200770718948,0.0000137547140184,0.00000729349676476,0.00000469496853839,0.00000942774295254,0.0000114026679512,0.00000608358141108,0.00000186127761026,0.00000148848857862,0.00000120769595924,0.00000106915160814,7.47178148686e-7,6.38892856841e-7,5.07347010625e-7,3.6785840507e-7,2.66189687181e-7,2.07249982509e-7,1.61535268717e-7,1.24003861401e-7,6.77717153508e-8],"dvar":[1.48542147471e-8,4.20778469845e-8,9.34317370138e-8,5.12149931353e-8,2.63581938498e-8,8.8237463558e-8,1.12920311324e-7,4.39343949665e-7,1.17808554023e-7,1.12276239861e-7,9.96748017457e-9,7.28287696816e-9,1.69345071299e-8,2.09169463972e-8,2.77896639034e-8,1.83052755176e-8,1.81585644299e-8,7.15625114722e-9,3.17377768511e-9,4.53458603999e-9,3.1807498857e-9,6.88875623212e-10,1.36686786889e-10,3.49333617589e-11,1.76847037014e-10,3.55913659655e-10,1.26052487892e-10,7.71527199767e-12,5.12061009914e-12,3.77223642947e-12,2.543533743e-12,1.19538049164e-12,9.91585177683e-13,9.53880746092e-13,4.19439710828e-13,2.25322920587e-13,1.31780626992e-13,9.62174811396e-14,5.62258810203e-14,2.893119636e-14],"dvar2":[3.47937714196e-8,9.27232619574e-8,2.44436876073e-7,1.34921791073e-7,5.68259324041e-8,1.79422386282e-7,2.40290603415e-7,7.79130459705e-7,2.0894241004e-7,2.16949104015e-7,1.87401454355e-8,1.33552742199e-8,3.79317555144e-8,4.14960545925e-8,5.2481347268e-8,3.44212338632e-8,3.77741500301e-8,1.3809121846e-8,6.5519945025e-9,7.9711712786e-9,5.47262146711e-9,1.15735676598e-9,2.81009687741e-10,7.31281354915e-11,3.49552581325e-10,6.62641441718e-10,2.38306596678e-10,1.54430478821e-11,1.05123973762e-11,8.20369380067e-12,6.06507075465e-12,2.85644901829e-12,2.47953393928e-12,2.45133297341e-12,1.04196740212e-12,5.32176299556e-13,3.19656681767e-13,2.280582678e-13,1.32404422712e-13,6.27517040609e-14],"max":[0.00174780888483,0.00332342670299,0.0042032673955,0.00363511568867,0.00456533720717,0.00816506147385,0.00880217272788,0.0134702371433,0.00739086838439,0.00946748349816,0.00365807977505,0.00212267390452,0.0026959751267,0.00467051193118,0.00436000339687,0.00433634687215,0.00507310638204,0.00213024648838,0.00112676341087,0.00246601458639,0.00243985652924,0.000888402282726,0.000393693422666,0.000146156759001,0.000273423502222,0.000438462098828,0.000260187924141,0.000130841566715,0.0000606132598477,0.000061935519625,0.000032253919926,0.000022745320166,0.0000190736955119,0.0000314524986607,0.0000148022345456,0.0000137462793646,0.00000801314672572,0.00000887577880349,0.00000634192701909,0.00000566545759284],"mean":[0.000086784020823,0.00022668101883,0.000361687794793,0.00030258440529,0.000232159902225,0.000291359436233,0.00034866927308,0.0008527811151,0.000294527271762,0.000258133659372,0.00010408367234,0.0000816073152237,0.0000923582774703,0.0000702306642779,0.0000653184033581,0.0000524817369296,0.0000463546639367,0.0000372192625946,0.0000216624666791,0.0000349595029547,0.0000422649063694,0.0000276840255538,0.0000128748397401,0.00000764055312175,0.0000140058045872,0.0000170879302459,0.00000944195016928,0.00000238892857851,0.00000211657788896,0.00000141188490943,0.00000108799520149,7.45904173982e-7,5.52349717964e-7,3.87956731629e-7,2.84769726022e-7,2.11140715578e-7,1.5663218278e-7,1.07305851316e-7,8.23128019078e-8,5.34859445622e-8],"median":[0.0000125616425066,0.0000822916408652,0.000231971047469,0.000174648797838,0.000129903943161,0.00010507702973,0.000103003927507,0.00011932059715,0.0000552661585971,0.0000437227936345,0.0000217020497075,0.0000163220738614,0.0000155470752361,0.0000117223471534,0.00000838592768559,0.0000058199666455,0.00000445961222795,0.00000335339427693,0.00000250056746154,0.00000268782741841,0.00000252256745625,0.00000370946963812,0.00000352655320057,0.00000311642384077,0.00000463857850264,0.00000365578171113,0.00000165490553172,8.48697709444e-7,5.49272726857e-7,4.25931773407e-7,3.73618405547e-7,3.01152937254e-7,1.90865222294e-7,1.21729442526e-7,8.6213844952e-8,5.67051330336e-8,3.51349314087e-8,2.226165563e-8,1.79446519866e-8,1.34722109024e-8],"min":[2.16172835757e-24,8.34568689361e-25,9.85924275802e-25,9.82585816451e-25,1.03366988488e-24,2.07488798532e-24,1.96126953243e-24,6.76200326688e-25,2.52946987082e-24,2.45352958413e-24,3.02338298054e-24,1.73777439115e-24,3.1853765535e-24,2.78816793e-24,2.94002187932e-24,3.18371797345e-24,3.05441065488e-24,2.70027324515e-24,3.97759642846e-24,3.9376741502e-24,3.93309086834e-24,4.31034071929e-24,3.52969698369e-24,4.81777076341e-24,5.12542375543e-24,5.36154599602e-24,5.53083554628e-24,5.13291635631e-24,4.94046861089e-24,5.36886701965e-24,5.35848442684e-24,5.38035086227e-24,5.78638112007e-24,4.5404806332e-24,6.25729558174e-24,5.74050885843e-24,6.96199094483e-24,6.82796189931e-24,5.05521079613e-24,6.08603742909e-24],"var":[3.41370309798e-8,1.30590450453e-7,1.69344147594e-7,1.47630970559e-7,1.04113944133e-7,2.64209688794e-7,5.48108687326e-7,0.00000343113492818,4.14692550521e-7,4.28258289276e-7,4.09055367356e-8,3.97577615274e-8,5.47507035265e-8,5.27014094587e-8,5.7352224303e-8,4.407190346e-8,3.76616462461e-8,1.9834313747e-8,5.9794400542e-9,1.83969621759e-8,2.1444263254e-8,6.45218056761e-9,8.30148061404e-10,1.45912337768e-10,5.44288614179e-10,1.16419174301e-9,5.71348246492e-10,2.66489798978e-11,2.79986398649e-11,9.69941488238e-12,4.19092755291e-12,1.64391005149e-12,1.17106227059e-12,1.00730198922e-12,5.42334569181e-13,3.01612657376e-13,1.63152613164e-13,1.31215120692e-13,7.38463042343e-14,4.2723274598e-14]},"melbands_crest":{"dmean":2.8422460556,"dmean2":4.44010400772,"dvar":6.46912527084,"dvar2":15.3873806,"max":32.7868499756,"mean":13.590341568,"median":12.5504484177,"min":1.00188565254,"var":28.7101764679},"melbands_flatness_db":{"dmean":0.0206502564251,"dmean2":0.0298295691609,"dvar":0.000482057657791,"dvar2":0.000987384235486,"max":0.405664503574,"mean":0.215029478073,"median":0.211953371763,"min":6.90292836225e-8,"var":0.00366647145711},"melbands_kurtosis":{"dmean":3.77464079857,"dmean2":5.79125881195,"dvar":36.84973526,"dvar2":95.0088653564,"max":187.473449707,"mean":8.81900596619,"median":6.18438529968,"min":-1.83406531811,"var":97.392074585},"melbands_skewness":{"dmean":0.50622522831,"dmean2":0.759810388088,"dvar":0.262285172939,"dvar2":0.595421671867,"max":8.54720592499,"mean":2.03341174126,"median":1.9174425602,"min":-0.952374339104,"var":1.28413951397},"melbands_spread":{"dmean":5.16450929642,"dmean2":7.70102739334,"dvar":61.0761604309,"dvar2":123.494544983,"max":159.734313965,"mean":21.8356361389,"median":15.6552581787,"min":1.26605272293,"var":465.553527832},"mfcc":{"cov":[[10846.8652344,1173.12121582,-1538.8046875,193.642059326,-479.44229126,-379.527893066,-311.799957275,-5.21634721756,-112.643569946,152.209732056,120.96181488,-24.0888023376,-61.2014083862],[1173.12121582,1473.5,-180.773010254,-4.07601118088,-118.77961731,-150.645599365,33.6498680115,98.8899688721,-75.8979721069,-27.0714550018,124.166427612,5.39919805527,17.5159053802],[-1538.8046875,-180.773010254,817.001403809,29.8788394928,49.9704856873,129.167175293,134.285324097,73.3508834839,19.8101119995,-37.05443573,-25.9443588257,18.2158870697,25.418176651],[193.642059326,-4.07601118088,29.8788394928,370.516265869,174.210418701,33.3504600525,-83.4833679199,-24.4818458557,74.0036849976,-19.7540569305,-96.9105987549,-1.56126880646,24.7501907349],[-479.44229126,-118.77961731,49.9704856873,174.210418701,386.049407959,146.704437256,-98.7119369507,-107.417144775,77.1658706665,26.1650543213,-74.6927490234,12.8274030685,2.25151395798],[-379.527893066,-150.645599365,129.167175293,33.3504600525,146.704437256,256.520507812,37.7235107422,-44.3841018677,55.3315811157,18.7966079712,-22.9384250641,27.239616394,-14.6919937134],[-311.799957275,33.6498680115,134.285324097,-83.4833679199,-98.7119369507,37.7235107422,223.422576904,103.477882385,-12.7099218369,6.10834884644,48.3755645752,25.5214958191,15.5593528748],[-5.21634721756,98.8899688721,73.3508834839,-24.4818458557,-107.417144775,-44.3841018677,103.477882385,169.438873291,11.6396722794,-7.93173933029,31.9500160217,8.86789226532,33.7194023132],[-112.643569946,-75.8979721069,19.8101119995,74.0036849976,77.1658706665,55.3315811157,-12.7099218369,11.6396722794,128.60458374,30.1475563049,-33.151889801,4.81660652161,6.14860105515],[152.209732056,-27.0714550018,-37.05443573,-19.7540569305,26.1650543213,18.7966079712,6.10834884644,-7.93173933029,30.1475563049,129.535552979,49.1768035889,-8.67652320862,-15.8881731033],[120.96181488,124.166427612,-25.9443588257,-96.9105987549,-74.6927490234,-22.9384250641,48.3755645752,31.9500160217,-33.151889801,49.1768035889,153.431137085,8.9966506958,-13.9789180756],[-24.0888023376,5.39919805527,18.2158870697,-1.56126880646,12.8274030685,27.239616394,25.5214958191,8.86789226532,4.81660652161,-8.67652320862,8.9966506958,75.3644943237,22.3779411316],[-61.2014083862,17.5159053802,25.418176651,24.7501907349,2.25151395798,-14.6919937134,15.5593528748,33.7194023132,6.14860105515,-15.8881731033,-13.9789180756,22.3779411316,84.7223052979]],"icov":[[0.000165843113791,-0.0000899819933693,0.000257707026321,-0.000252418714808,0.000353327399353,-0.000143678946188,0.000236395280808,-0.0000980870390777,0.000177743117092,-0.000319310551276,0.0000804848750704,-0.000166445795912,0.0000806094321888],[-0.0000899819933693,0.000887379981577,0.0000555916958547,-0.000121839118947,-0.000323898275383,0.000346973596606,-0.000190663427929,-0.000394037138904,0.000230036617722,0.000544146518223,-0.000812082260381,0.0000894773329492,-0.0000412022927776],[0.000257707026321,0.0000555916958547,0.00200390722603,-0.000539025815669,0.000200900947675,-0.000847916468047,-0.000427831691923,-0.000860069063492,0.00055288587464,0.000075440715591,0.000124470374431,0.0000667384883855,-0.0000236404084717],[-0.000252418714808,-0.000121839118947,-0.000539025815669,0.00468860846013,-0.00209104875103,0.000568600953557,0.000541816290934,-0.000544121314306,-0.00160629802849,0.000875697063748,0.00146303209476,0.000417747796746,-0.000682053389028],[0.000353327399353,-0.000323898275383,0.000200900947675,-0.00209104875103,0.0063841198571,-0.00271137873642,0.0020496067591,0.00189905241132,-0.000581975968089,-0.00197769654915,0.000851879187394,-0.00102997652721,-0.000815330480691],[-0.000143678946188,0.000346973596606,-0.000847916468047,0.000568600953557,-0.00271137873642,0.00735821016133,-0.00310624740086,0.00232874066569,-0.00235197111033,0.00054028222803,-0.000128603889607,-0.00150761811528,0.00155345886014],[0.000236395280808,-0.000190663427929,-0.000427831691923,0.000541816290934,0.0020496067591,-0.00310624740086,0.00939630251378,-0.00488910172135,0.00169910083059,-0.00151427392848,-0.000226726537221,-0.00183988292702,-0.000151379455929],[-0.0000980870390777,-0.000394037138904,-0.000860069063492,-0.000544121314306,0.00189905241132,0.00232874066569,-0.00488910172135,0.0124343475327,-0.0041476432234,0.00115560321137,-0.00146882119589,0.000741950236261,-0.00319060357288],[0.000177743117092,0.000230036617722,0.00055288587464,-0.00160629802849,-0.000581975968089,-0.00235197111033,0.00169910083059,-0.0041476432234,0.0123991984874,-0.00397032918409,0.00248128920794,-0.000910272472538,0.000335953547619],[-0.000319310551276,0.000544146518223,0.000075440715591,0.000875697063748,-0.00197769654915,0.00054028222803,-0.00151427392848,0.00115560321137,-0.00397032918409,0.0118787800893,-0.00504569616169,0.00249139242806,0.000368017354049],[0.0000804848750704,-0.000812082260381,0.000124470374431,0.00146303209476,0.000851879187394,-0.000128603889607,-0.000226726537221,-0.00146882119589,0.00248128920794,-0.00504569616169,0.0112754544243,-0.0023546339944,0.00169862236362],[-0.000166445795912,0.0000894773329492,0.0000667384883855,0.000417747796746,-0.00102997652721,-0.00150761811528,-0.00183988292702,0.000741950236261,-0.000910272472538,0.00249139242806,-0.0023546339944,0.0164730250835,-0.00467855995521],[0.0000806094321888,-0.0000412022927776,-0.0000236404084717,-0.000682053389028,-0.000815330480691,0.00155345886014,-0.000151379455929,-0.00319060357288,0.000335953547619,0.000368017354049,0.00169862236362,-0.00467855995521,0.015225738287]],"mean":[-708.914855957,138.747543335,-16.6372146606,26.5528507233,-14.6373224258,-11.1690340042,-7.5723400116,0.241498634219,-10.8544092178,-3.69591331482,-0.919392466545,-3.78817820549,-3.03082084656]},"pitch_salience":{"dmean":0.0635818690062,"dmean2":0.100195005536,"dvar":0.00289227394387,"dvar2":0.00738667696714,"max":0.99599301815,"mean":0.615693628788,"median":0.622150599957,"min":0.242914751172,"var":0.0098078250885},"silence_rate_20dB":{"dmean":0,"dmean2":0,"dvar":0,"dvar2":0,"max":1,"mean":1,"median":1,"min":1,"var":0},"silence_rate_30dB":{"dmean":0,"dmean2":0,"dvar":0,"dvar2":0,"max":1,"mean":1,"median":1,"min":1,"var":0},"silence_rate_60dB":{"dmean":0.0556013174355,"dmean2":0.111225537956,"dvar":0.0525125227869,"dvar2":0.109974816442,"max":1,"mean":0.207535520196,"median":0,"min":0,"var":0.164463400841},"spectral_centroid":{"dmean":218.316055298,"dmean2":323.24697876,"dvar":110642.796875,"dvar2":232985.46875,"max":11774.4521484,"mean":1340.86218262,"median":1060.1394043,"min":227.886199951,"var":1904107.25},"spectral_complexity":{"dmean":2.26276779175,"dmean2":3.38990736008,"dvar":5.80156707764,"dvar2":10.8962678909,"max":42,"mean":12.6475191116,"median":12,"min":0,"var":46.3203926086},"spectral_contrast_coeffs":{"dmean":[0.0442460402846,0.0451485179365,0.0370730981231,0.0299507714808,0.024622656405,0.0178917832673],"dmean2":[0.0711374133825,0.0715907514095,0.0582573078573,0.0459395945072,0.0370681136847,0.0271678864956],"dvar":[0.00135117222089,0.00142887420952,0.00100875564385,0.000752520689275,0.000544923590496,0.000300821615383],"dvar2":[0.00346917053685,0.0033281238284,0.00225099711679,0.00145372876432,0.00107778620441,0.000618512975052],"max":[-0.350745499134,-0.389733076096,-0.449690818787,-0.48143351078,-0.557287216187,-0.61444413662],"mean":[-0.602420091629,-0.686814188957,-0.740461826324,-0.769864320755,-0.768385350704,-0.753207623959],"median":[-0.600416958332,-0.694292604923,-0.756281077862,-0.786405861378,-0.775816977024,-0.748857498169],"min":[-0.999904215336,-0.998555898666,-0.99726074934,-0.985084831715,-0.985993206501,-0.964881360531],"var":[0.0088026765734,0.0103017501533,0.00819588638842,0.00656598620117,0.00499997241423,0.0028114747256]},"spectral_contrast_valleys":{"dmean":[0.413227647543,0.33522900939,0.301383733749,0.266441315413,0.269861459732,0.333447396755],"dmean2":[0.66728246212,0.542887866497,0.472442775965,0.40667450428,0.390807449818,0.4549254179],"dvar":[0.149871185422,0.10742520541,0.0959340557456,0.090481184423,0.10756432265,0.186295166612],"dvar2":[0.313839197159,0.207921117544,0.167145639658,0.147310003638,0.175352990627,0.316593527794],"max":[-5.9830288887,-5.30251073837,-5.6808681488,-6.27663087845,-6.35326433182,-8.64945316315],"mean":[-8.61814117432,-7.44548130035,-8.17338657379,-8.74033260345,-8.48495674133,-11.5833940506],"median":[-8.25227642059,-6.95942974091,-7.73709201813,-8.30343341827,-7.99917221069,-11.2638187408],"min":[-27.9943141937,-28.1601371765,-27.7609176636,-27.7260513306,-27.4753112793,-27.3849315643],"var":[7.00709009171,7.85653114319,7.43379068375,7.28609418869,7.36150121689,5.27287817001]},"spectral_decrease":{"dmean":9.44837208472e-10,"dmean2":1.23611842984e-9,"dvar":1.54993143053e-18,"dvar2":2.44495605276e-18,"max":2.15845444807e-28,"mean":-4.05355571331e-9,"median":-2.92953261649e-9,"min":-1.78537646889e-8,"var":1.3208620199e-17},"spectral_energy":{"dmean":0.0038557543885,"dmean2":0.00501922564581,"dvar":0.0000261579079961,"dvar2":0.0000406525578001,"max":0.0729118287563,"mean":0.0166161693633,"median":0.0117604685947,"min":9.96250755983e-21,"var":0.000224227173021},"spectral_energyband_high":{"dmean":0.0000876080885064,"dmean2":0.000130729691591,"dvar":3.93506596197e-8,"dvar2":8.64367066811e-8,"max":0.00493248924613,"mean":0.00016549587599,"median":0.0000619886050117,"min":6.92593884026e-21,"var":8.33856148574e-8},"spectral_energyband_low":{"dmean":0.00050946167903,"dmean2":0.00077521201456,"dvar":7.60252419241e-7,"dvar2":0.00000164628079347,"max":0.0145063139498,"mean":0.00114970339928,"median":0.000559851818252,"min":1.72091110879e-23,"var":0.00000243700696956},"spectral_energyband_middle_high":{"dmean":0.00156259082723,"dmean2":0.00206632353365,"dvar":0.00000765030472394,"dvar2":0.0000127420316858,"max":0.0557649284601,"mean":0.00494743231684,"median":0.00196444592439,"min":1.08421638561e-21,"var":0.0000463733740617},"spectral_energyband_middle_low":{"dmean":0.00292914267629,"dmean2":0.00405842857435,"dvar":0.0000153422533913,"dvar2":0.0000278219358734,"max":0.0661541223526,"mean":0.0107549233362,"median":0.00751790963113,"min":1.46371411781e-22,"var":0.000116524221085},"spectral_entropy":{"dmean":0.158121034503,"dmean2":0.229149565101,"dvar":0.0273979343474,"dvar2":0.0523093305528,"max":9.81802654266,"mean":7.24473714828,"median":7.2121257782,"min":5.70919561386,"var":0.286505907774},"spectral_flux":{"dmean":0.01813611947,"dmean2":0.028604766354,"dvar":0.000422844692366,"dvar2":0.000988136976957,"max":0.242727681994,"mean":0.0583118908107,"median":0.0509718097746,"min":6.32605010042e-11,"var":0.0015303856926},"spectral_kurtosis":{"dmean":2.26027393341,"dmean2":3.80126237869,"dvar":4.64589357376,"dvar2":12.8968811035,"max":26.7251224518,"mean":5.6745018959,"median":4.96367454529,"min":-1.25752699375,"var":13.9789047241},"spectral_rms":{"dmean":0.000463898788439,"dmean2":0.000593765638769,"dvar":2.93036833909e-7,"dvar2":3.92517421233e-7,"max":0.00843406748027,"mean":0.00354040740058,"median":0.00338727445342,"min":3.11761445652e-12,"var":0.00000367636721421},"spectral_rolloff":{"dmean":326.848449707,"dmean2":539.398254395,"dvar":466790.125,"dvar2":1004382.3125,"max":19573.6816406,"mean":1560.23815918,"median":1033.59375,"min":129.19921875,"var":6091091.5},"spectral_skewness":{"dmean":0.26992225647,"dmean2":0.436092287302,"dvar":0.0627459511161,"dvar2":0.151984274387,"max":4.24127244949,"mean":1.54988539219,"median":1.50127744675,"min":-0.0805395841599,"var":0.344516485929},"spectral_spread":{"dmean":408152.84375,"dmean2":610602.6875,"dvar":708709449728,"dvar2":1512806809600,"max":49898108,"mean":4030671,"median":3101897.5,"min":1879280.5,"var":24260967923700},"spectral_strongpeak":{"dmean":0.592920064926,"dmean2":0.944532752037,"dvar":1.15149283409,"dvar2":2.60710477829,"max":15.0779714584,"mean":1.45502543449,"median":0.668137788773,"min":0,"var":3.58259701729},"zerocrossingrate":{"dmean":0.00741491699591,"dmean2":0.00893308315426,"dvar":0.000128088067868,"dvar2":0.000191486615222,"max":0.53369140625,"mean":0.0561822019517,"median":0.04345703125,"min":0.009765625,"var":0.00414974382147}},"metadata":{"audio_properties":{"analysis_sample_rate":44100,"bit_rate":0,"codec":"flac","downmix":"mix","equal_loudness":0,"length":112.733329773,"lossless":true,"md5_encoded":"a7c0eb17d2a1ea3dadd42838af9094f3","replay_gain":-9.46990966797,"sample_rate":44100},"tags":{"album":["Love, God, Murder (disc 2: God)"],"albumartist":["Johnny Cash"],"albumartistsort":["Cash, Johnny"],"artist":["Johnny Cash"],"artistsort":["Cash, Johnny"],"asin":["B00004TB88"],"catalognumber":["DIDP 099943"],"compilation":["true"],"date":["2000-05-23"],"discnumber":["01"],"disctotal":["01"],"file_name":"09_swing_low_sweet_chariot.flac","genre":["Country"],"isrc":["USSM19930542"],"label":["Legacy"],"language":["English"],"media":["CD"],"musicbrainz_albumartistid":["d43d12a1-2dc9-4257-a2fd-0a3bb1081b86"],"musicbrainz_albumid":["c02ded23-0501-439f-8e86-e654a246301e"],"musicbrainz_artistid":["d43d12a1-2dc9-4257-a2fd-0a3bb1081b86"],"musicbrainz_discid":["JcuJJn7m9KgVreTuLSUpnY0k4Ck-","dxFdYpAHWZzQjvLgUXeNRkRQ89o-","fXVVznhnBwD_sU_HVyXaL6ZM7eA-"],"musicbrainz_recordingid":["bf80887e-3eb7-4f83-a97c-4993a6f8cc20"],"musicbrainz_releasegroupid":["2173968b-38c8-3bb4-b528-6a525eeb1ae2"],"musicip_puid":["68946641-a3f4-1758-1e55-af9bbb2db673"],"releasecountry":["United States"],"script":["Latin"],"title":["Swing Low, Sweet Chariot"],"tracknumber":["09"],"tracktotal":["16"]},"version":{"essentia":"2.1-beta2","essentia_build_sha":"70f2e5ece6736b2c40cc944ad0e695b16b925413","essentia_git_sha":"v2.1_beta2","extractor":"music 1.0"}},"rhythm":{"beats_count":209,"beats_loudness":{"dmean":0.0156112350523,"dmean2":0.0280340332538,"dvar":0.000165156860021,"dvar2":0.000439116352936,"max":0.0634723901749,"mean":0.0256449244916,"median":0.0269476026297,"min":0,"var":0.000232158592553},"beats_loudness_band_ratio":{"dmean":[0.196923226118,0.148147940636,0.247430220246,0.126927867532,0.104330942035,0.0402738824487],"dmean2":[0.334815859795,0.258205384016,0.40539675