{"lowlevel":{"average_loudness":0.797379493713,"barkbands":{"dmean":[0.0000175177010533,0.001125828363,0.00142585183494,0.000956971372943,0.0027981325984,0.000895390810911,0.00101085717324,0.000800532230642,0.00076765898848,0.000461482617538,0.000434519024566,0.00021393627685,0.000243669433985,0.000145166064613,0.000133554902277,0.0000855039688759,0.000100852521427,0.0000893598189577,0.0000925254498725,0.0000472179999633,0.0000354372496076,0.0000519569512107,0.0000498430199514,0.0000419620264438,0.0000200528684218,0.00000896507208381,0.00000191432718566],"dmean2":[0.0000302653752442,0.00169377098791,0.00205052574165,0.00146840524394,0.00405176496133,0.00143612723332,0.00156570249237,0.00124797341414,0.00112360401545,0.000712193083018,0.000682733778376,0.000339180871379,0.000386055820854,0.000222221526201,0.000200355701963,0.00013105609105,0.000157531510922,0.00014126986207,0.000145244324813,0.0000749179525883,0.0000539238135389,0.0000790210397099,0.0000725886711734,0.0000590124327573,0.0000299660732708,0.0000135382988447,0.00000296174630421],"dvar":[4.14181994257e-10,0.00000565276377529,0.00000843945963425,0.00000512406404596,0.0000228814624279,0.00000395408824261,0.00000580987170906,0.00000584812187299,0.00000382797225029,0.0000014716736132,0.00000147472883327,4.93132915835e-7,2.74039109627e-7,1.5786636709e-7,1.28632393626e-7,5.93333382426e-8,6.38853876467e-8,4.05743101339e-8,4.5188276232e-8,3.58233656073e-8,2.31647074855e-8,6.35732035903e-8,8.42642151611e-8,5.49968781627e-8,7.38148919766e-9,1.33864319629e-9,4.72873719348e-11],"dvar2":[1.25989740862e-9,0.0000134573701871,0.0000191658491531,0.0000128077344925,0.0000503272603964,0.0000104495757114,0.0000132681443574,0.0000136311546157,0.00000786646342021,0.00000349532183463,0.00000340669294019,0.00000110792939267,6.64046297061e-7,3.37063539746e-7,2.87729875481e-7,1.30679936206e-7,1.46986110394e-7,9.55571906047e-8,1.04606044715e-7,7.90613796653e-8,3.97320185641e-8,1.22664062019e-7,1.65993014889e-7,9.80690515462e-8,1.41988145685e-8,2.49191467461e-9,9.86477219356e-11],"max":[0.000429278821684,0.038995411247,0.0513062179089,0.0453052893281,0.0932673513889,0.0449437201023,0.0652979537845,0.057383261621,0.0684908479452,0.0326809734106,0.0391915589571,0.0322524681687,0.0108600752428,0.0106506627053,0.0100078880787,0.0113448314369,0.00893829297274,0.00519956601784,0.00707422057167,0.0119075961411,0.00981590431184,0.0117642357945,0.0130246113986,0.0139209842309,0.00294704269618,0.00148796895519,0.000292621261906],"mean":[0.000106788975245,0.00204229843803,0.00326918275096,0.00156055495609,0.00656454544514,0.00143070216291,0.00180118554272,0.00145841785707,0.00154505274259,0.000892068026587,0.000691975175869,0.000401134748245,0.000422233453719,0.000277664716123,0.000277079961961,0.000184000411537,0.000225028823479,0.000189217505977,0.000204245719942,0.000101349745819,0.000083535342128,0.000108974927571,0.0000974198846961,0.0000801097994554,0.000034659558878,0.0000135888640216,0.00000315352963298],"median":[0.000118628398923,0.000436578236986,0.000878189108334,0.000276282167761,0.00284680118784,0.000532920937985,0.000505114265252,0.000223404931603,0.000268448900897,0.000152084554429,0.000140583200846,0.000106459890958,0.000152606109623,0.0000840593638713,0.0000989076070255,0.0000729690000298,0.0000730855463189,0.0000687447100063,0.0000841792643769,0.000044892920414,0.0000508514312969,0.000031499654142,0.000020655004846,0.0000167187972693,0.0000058467294366,0.00000224921791414,9.79832975645e-7],"min":[1.08570634507e-23,2.08132477476e-23,2.65899420502e-23,1.30446039287e-23,5.02563245649e-23,3.18429794399e-23,9.06728794033e-24,1.35301115283e-23,5.38947498528e-23,4.40130521691e-23,1.27263357877e-22,1.82147642228e-22,1.39490323255e-22,6.27401651415e-23,6.96074770005e-23,2.18779427036e-22,1.61894503078e-22,2.98047856351e-22,3.07789720551e-22,4.91311255552e-22,3.34991083445e-22,6.66495931803e-22,7.29877636498e-22,9.93359400274e-22,1.28143151094e-21,1.71077066158e-21,2.32418304497e-21],"var":[2.49752796222e-9,0.0000132401555675,0.0000354156036337,0.0000108692011054,0.000098900476587,0.00000779166748544,0.0000131789347506,0.000017647178538,0.0000147418850247,0.00000449860272056,0.00000271045246336,0.0000011998699847,6.35468495602e-7,4.41026742237e-7,3.4078476574e-7,2.29273283026e-7,2.48327523877e-7,1.23884873915e-7,1.44367490407e-7,5.79559369385e-8,4.9614719444e-8,1.37025921276e-7,1.94551461163e-7,1.58245029525e-7,1.58242290382e-8,3.17034909436e-9,1.06140679579e-10]},"barkbands_crest":{"dmean":2.42368292809,"dmean2":3.82788228989,"dvar":4.69644355774,"dvar2":11.3746852875,"max":26.92304039,"mean":10.5651903152,"median":9.70656394958,"min":2.70176196098,"var":20.3584079742},"barkbands_flatness_db":{"dmean":0.0172320473939,"dmean2":0.0261075329036,"dvar":0.000264126516413,"dvar2":0.000600220926572,"max":0.465921342373,"mean":0.133709818125,"median":0.129185020924,"min":0.0280578397214,"var":0.00212092394941},"barkbands_kurtosis":{"dmean":2.96638989449,"dmean2":4.50196886063,"dvar":234.809570312,"dvar2":480.686767578,"max":1523.56274414,"mean":5.81460618973,"median":2.94946455956,"min":-1.95032775402,"var":584.723632812},"barkbands_skewness":{"dmean":0.470778226852,"dmean2":0.712241470814,"dvar":0.281580209732,"dvar2":0.579528391361,"max":34.1111221313,"mean":1.68760716915,"median":1.55128765106,"min":-2.94015288353,"var":1.8537415266},"barkbands_spread":{"dmean":4.07890510559,"dmean2":6.26581192017,"dvar":27.6265563965,"dvar2":54.4119911194,"max":111.128059387,"mean":18.4562835693,"median":15.4143571854,"min":0.134373396635,"var":145.517089844},"dissonance":{"dmean":0.018329448998,"dmean2":0.0308125950396,"dvar":0.000300772546325,"dvar2":0.000823676062282,"max":0.500000059605,"mean":0.456159889698,"median":0.4618742764,"min":0.276214241982,"var":0.000912816671189},"dynamic_complexity":5.63803911209,"erbbands":{"dmean":[0.0106393340975,0.333825737238,1.54088163376,2.43365645409,4.63563919067,13.0304384232,8.97448348999,6.4577999115,10.3174829483,20.37317276,15.0403652191,19.8253326416,10.6413660049,14.2025575638,16.8846797943,8.20767498016,10.9980239868,7.0742688179,6.55072450638,6.34322595596,3.84582638741,5.04306793213,4.22571372986,4.60862064362,4.39770793915,1.97482347488,1.44427287579,1.42260944843,2.09546136856,1.50634562969,1.42540442944,1.04681968689,0.637430906296,0.306339204311,0.11644756794,0.0490033775568,0.0130589231849,0.00307306181639,0.000361782964319,0.000019581793822],"dmean2":[0.0163374990225,0.499302595854,2.24278068542,3.66836619377,6.86991119385,18.8140182495,14.1812152863,10.3166999817,15.8814411163,32.0720787048,23.0598831177,28.7615795135,15.9971103668,22.2405738831,25.7750854492,12.9313087463,17.3664913177,10.7834787369,9.83703327179,9.30255031586,5.91033172607,7.70674562454,6.49710512161,7.12527084351,6.90940856934,3.08063220978,2.22632455826,2.16951060295,3.24204158783,2.21342253685,2.04884004593,1.48642015457,0.920858323574,0.464069247246,0.170871347189,0.071903206408,0.0197611618787,0.00485753873363,0.000589377188589,0.0000295473182632],"dvar":[0.000568492338061,0.453196942806,8.80261802673,21.3885116577,91.6334609985,510.724822998,374.683898926,226.884262085,864.586669922,2159.31982422,2507.30761719,2705.46459961,1187.28356934,1307.69226074,2294.73828125,694.350097656,576.568603516,339.059539795,361.531890869,263.28125,106.903999329,163.705169678,85.5251083374,109.939216614,152.283706665,48.753074646,29.8475723267,46.9794578552,98.1390914917,68.7545700073,72.9314575195,36.7047309875,12.4474115372,1.51938343048,0.298413306475,0.048423346132,0.0032768456731,0.000125389531604,0.00000220055812861,3.89074505946e-9],"dvar2":[0.00141748972237,1.09160077572,21.6271972656,54.4553985596,203.712554932,1135.64794922,991.480834961,599.218261719,1957.63012695,5202.04003906,5842.82324219,5386.94628906,2844.18481445,3113.19165039,5047.90380859,1539.80065918,1387.89331055,699.371704102,824.510803223,547.556884766,259.532043457,375.287658691,181.589782715,250.260131836,357.410003662,98.0344619751,52.018371582,86.5411071777,192.97769165,135.19984436,138.495300293,68.5680618286,23.9072284698,3.24230194092,0.535427391529,0.0850579813123,0.00624438980594,0.00028002311592,0.0000053492144616,7.96611931975e-9],"max":[0.372472256422,11.6753749847,45.4879493713,75.3882141113,214.701538086,547.017211914,461.439483643,363.340240479,669.418273926,1307.43811035,1506.02392578,1725.67529297,1294.66174316,1135.71826172,1836.9519043,1539.17932129,570.766662598,521.390563965,584.229187012,524.717651367,622.65045166,491.747253418,346.53314209,474.497711182,524.505493164,446.755767822,395.69229126,354.66796875,444.052581787,426.415649414,392.582122803,430.278381348,212.247055054,41.0846862793,23.5951690674,9.45200061798,1.9783513546,0.363588958979,0.0454003363848,0.0028116046451],"mean":[0.0205203164369,0.626448690891,3.44049668312,4.77668333054,9.65714550018,29.7831459045,17.4537277222,10.8136034012,18.38164711,36.2389526367,30.7998790741,40.4925765991,23.1180324554,26.4815177917,30.7816143036,16.8595466614,20.1137695312,14.8618078232,14.2819766998,13.7559957504,9.55778503418,12.1385736465,10.5747356415,10.7807397842,9.36450004578,4.77388000488,3.43462443352,3.30983567238,4.28040885925,3.0602657795,2.72367835045,2.00820827484,1.13370049,0.481122225523,0.212574869394,0.0829591155052,0.0189774259925,0.00451282411814,0.000519591732882,0.0000526099720446],"median":[0.00515321362764,0.18532641232,1.03484547138,1.80616664886,4.85289239883,10.505698204,7.13858938217,4.36736440659,4.94403839111,12.2789115906,6.74710464478,7.38251686096,5.31949043274,6.73045015335,8.89294147491,5.98707008362,7.5437541008,5.64855623245,4.35171842575,5.06638717651,4.13963699341,4.05564546585,4.13261985779,3.85417532921,4.12517499924,2.4365940094,2.05901265144,1.72087860107,1.21543109417,0.850730955601,0.541405379772,0.401863992214,0.223338469863,0.0864665359259,0.0357492901385,0.0131026655436,0.00314890011214,0.00135284359567,0.000113082314783,0.0000337804267474],"min":[1.02207666353e-21,3.43020935202e-21,2.51203071337e-20,4.4738027887e-20,9.85781638265e-20,1.92360437859e-19,1.78755397659e-19,2.89003619437e-19,1.70800750675e-19,2.21419990712e-19,2.85964092578e-19,9.33551386436e-19,1.45857719009e-18,3.02194575608e-18,5.58203811227e-18,7.35703122201e-18,5.53560598295e-18,4.93897301482e-18,4.35381676411e-18,3.62545404266e-18,1.44949373367e-17,1.07025847162e-17,1.41555170072e-17,1.23347923901e-17,2.10653901065e-17,2.14407150376e-17,1.72808518612e-17,1.54788388968e-17,2.44179696728e-17,2.01842690462e-17,2.20448894114e-17,2.2270949601e-17,1.50750209023e-17,1.38684489387e-17,9.12170277207e-18,6.28574175248e-18,3.67078147228e-18,1.1135298611e-18,3.42458408765e-19,3.50520724938e-20],"var":[0.00145394424908,1.03946638107,28.5688915253,56.4489059448,224.68862915,2534.45117188,1012.87371826,398.782318115,1974.86547852,4540.60986328,8158.73339844,10200.1572266,4240.11669922,3143.52929688,4653.05224609,1870.25061035,1358.77490234,1033.05981445,1045.41821289,836.745422363,493.956573486,690.864929199,361.263671875,401.230529785,360.513763428,95.592010498,60.4790306091,104.680229187,207.769683838,123.404342651,181.242767334,114.03603363,28.7151432037,2.72369670868,0.739740431309,0.123596213758,0.00738199986517,0.00022744879243,0.00000325059409079,1.03883985858e-8]},"erbbands_crest":{"dmean":2.75705099106,"dmean2":4.40322303772,"dvar":6.25098419189,"dvar2":15.252120018,"max":29.7097854614,"mean":9.92222881317,"median":8.84380340576,"min":2.46733808517,"var":20.166847229},"erbbands_flatness_db":{"dmean":0.0143842147663,"dmean2":0.0220245514065,"dvar":0.000186929784832,"dvar2":0.000413588393712,"max":0.374752730131,"mean":0.162291288376,"median":0.158767521381,"min":0.0329528078437,"var":0.00126789393835},"erbbands_kurtosis":{"dmean":0.945852696896,"dmean2":1.48720598221,"dvar":3.67053318024,"dvar2":8.01763916016,"max":146.274978638,"mean":0.700603187084,"median":0.0956388115883,"min":-1.83925676346,"var":9.51042842865},"erbbands_skewness":{"dmean":0.33781337738,"dmean2":0.519033491611,"dvar":0.107987985015,"dvar2":0.227365031838,"max":10.9172134399,"mean":0.549772620201,"median":0.556965768337,"min":-3.54906368256,"var":0.674380123615},"erbbands_spread":{"dmean":6.86694478989,"dmean2":10.7435255051,"dvar":57.6092567444,"dvar2":132.856445312,"max":162.594238281,"mean":37.3119316101,"median":34.1538047791,"min":2.24981832504,"var":277.456726074},"gfcc":{"cov":[[11831.6152344,375.019439697,805.183410645,176.851425171,-124.487541199,865.942871094,-81.683052063,112.772346497,-446.805175781,-540.684082031,-439.849365234,-461.070098877,-410.613037109],[375.019439697,1111.22216797,174.122955322,-48.6294212341,184.405502319,40.0310287476,219.296539307,-61.8553657532,-56.2818450928,-82.1780929565,-7.09286880493,-111.217964172,10.8920412064],[805.183410645,174.122955322,591.45916748,208.402359009,143.552108765,153.102798462,18.1018314362,-4.10107898712,-74.287651062,-45.3976364136,-65.0142745972,-79.1495819092,-42.8324394226],[176.851425171,-48.6294212341,208.402359009,424.669067383,145.917388916,80.6437301636,-9.18285369873,-34.1064453125,15.9230766296,24.9082603455,-22.3570652008,-14.0515098572,10.9523229599],[-124.487541199,184.405502319,143.552108765,145.917388916,272.128448486,48.6489448547,34.7534599304,-8.61001873016,2.98734974861,9.1544675827,-21.9380435944,-13.2517547607,8.50519657135],[865.942871094,40.0310287476,153.102798462,80.6437301636,48.6489448547,288.452148438,88.1066055298,49.132610321,-21.4312229156,-40.0812263489,-34.528213501,-51.5996704102,-53.0650444031],[-81.683052063,219.296539307,18.1018314362,-9.18285369873,34.7534599304,88.1066055298,238.831008911,42.1617927551,-7.80082321167,5.02368831635,12.2400951385,-12.510304451,-4.82529449463],[112.772346497,-61.8553657532,-4.10107898712,-34.1064453125,-8.61001873016,49.132610321,42.1617927551,139.009368896,46.9915046692,10.0795345306,5.41082859039,10.8752059937,-22.4643878937],[-446.805175781,-56.2818450928,-74.287651062,15.9230766296,2.98734974861,-21.4312229156,-7.80082321167,46.9915046692,122.393447876,61.9729499817,21.6479129791,29.160572052,11.5404109955],[-540.684082031,-82.1780929565,-45.3976364136,24.9082603455,9.1544675827,-40.0812263489,5.02368831635,10.0795345306,61.9729499817,134.542755127,57.1810035706,28.6289844513,31.7057781219],[-439.849365234,-7.09286880493,-65.0142745972,-22.3570652008,-21.9380435944,-34.528213501,12.2400951385,5.41082859039,21.6479129791,57.1810035706,103.969177246,38.5130500793,16.0191650391],[-461.070098877,-111.217964172,-79.1495819092,-14.0515098572,-13.2517547607,-51.5996704102,-12.510304451,10.8752059937,29.160572052,28.6289844513,38.5130500793,99.1705703735,33.9284210205],[-410.613037109,10.8920412064,-42.8324394226,10.9523229599,8.50519657135,-53.0650444031,-4.82529449463,-22.4643878937,11.5404109955,31.7057781219,16.0191650391,33.9284210205,100.83303833]],"icov":[[0.00018729470321,-0.000175158682396,0.0000470795421279,-0.000167468853761,0.000310944597004,-0.000450118386652,0.000418578012614,-0.000405333994422,0.000621569983196,-0.0000263531474047,0.000448290258646,0.000138987132232,0.00030559123843],[-0.000175158682396,0.00221532583237,-0.00065271515632,0.00106991128996,-0.0017062514089,0.00106501113623,-0.00237701553851,0.00180486810859,-0.00194991438184,0.00219533173367,-0.00204520113766,0.00229689897969,-0.00126837950666],[0.0000470795421279,-0.00065271515632,0.00302937650122,-0.00135188864078,-0.000321083236486,-0.000954509538133,0.00103122647852,-0.00126825133339,0.00243109534495,-0.000979002681561,0.00111675856169,0.000327229703544,0.000729525927454],[-0.000167468853761,0.00106991128996,-0.00135188864078,0.00425532180816,-0.00211889413185,-0.000287961476715,-0.000843396235723,0.00248125055805,-0.00251889205538,0.000298439961625,-0.000780859903898,0.000480771850562,-0.0011376630282],[0.000310944597004,-0.0017062514089,-0.000321083236486,-0.00211889413185,0.00644933711737,-0.0011653022375,0.00121830857825,-0.00131615519058,0.00144385942258,-0.00185272959061,0.00265659880824,-0.00163036573213,0.000695978524163],[-0.000450118386652,0.00106501113623,-0.000954509538133,-0.000287961476715,-0.0011653022375,0.00685681356117,-0.00329170445912,-0.000343710707966,-0.00160588405561,0.00168895639945,-0.00134182185866,0.00168550014496,0.0004492594162],[0.000418578012614,-0.00237701553851,0.00103122647852,-0.000843396235723,0.00121830857825,-0.00329170445912,0.00814767833799,-0.00373125565238,0.00385062885471,-0.00267974240705,0.00151953671593,-0.00136306195054,0.000833652506117],[-0.000405333994422,0.00180486810859,-0.00126825133339,0.00248125055805,-0.00131615519058,-0.000343710707966,-0.00373125565238,0.0126735316589,-0.00745553709567,0.00196576933376,-0.00186699395999,-0.00061183568323,0.000658930803183],[0.000621569983196,-0.00194991438184,0.00243109534495,-0.00251889205538,0.00144385942258,-0.00160588405561,0.00385062885471,-0.00745553709567,0.0175153315067,-0.00738294795156,0.00416378118098,-0.0023955735378,0.00206585275009],[-0.0000263531474047,0.00219533173367,-0.000979002681561,0.000298439961625,-0.00185272959061,0.00168895639945,-0.00267974240705,0.00196576933376,-0.00738294795156,0.0157349277288,-0.0080490950495,0.00362332933582,-0.0034810276702],[0.000448290258646,-0.00204520113766,0.00111675856169,-0.000780859903898,0.00265659880824,-0.00134182185866,0.00151953671593,-0.00186699395999,0.00416378118098,-0.0080490950495,0.0172734186053,-0.00588117539883,0.00262129236944],[0.000138987132232,0.00229689897969,0.000327229703544,0.000480771850562,-0.00163036573213,0.00168550014496,-0.00136306195054,-0.00061183568323,-0.0023955735378,0.00362332933582,-0.00588117539883,0.0177289154381,-0.00466859480366],[0.00030559123843,-0.00126837950666,0.000729525927454,-0.0011376630282,0.000695978524163,0.0004492594162,0.000833652506117,0.000658930803183,0.00206585275009,-0.0034810276702,0.00262129236944,-0.00466859480366,0.0141092948616]],"mean":[-40.8613090515,92.0989456177,-117.873680115,25.3066673279,-63.5832595825,1.39714705944,-38.4371185303,-1.39645791054,-24.6206912994,-4.10358858109,-14.4796180725,-2.13923120499,-13.5832939148]},"hfc":{"dmean":3.38150191307,"dmean2":4.82533502579,"dvar":47.6993560791,"dvar2":84.3918457031,"max":285.859161377,"mean":14.503235817,"median":10.9259872437,"min":1.2065941982e-16,"var":262.733764648},"melbands":{"dmean":[0.000205121512408,0.000686162617058,0.000441174721345,0.000654709292576,0.000367303204257,0.000147663900862,0.000170665167389,0.000218176079215,0.00013225073053,0.000112546942546,0.0000536843435839,0.000059812762629,0.0000638691853965,0.0000294318397209,0.0000260017241089,0.0000183700849448,0.0000142519820656,0.0000113773239718,0.00000839720269141,0.00000797406664788,0.00000473759064334,0.00000553153222427,0.00000530190891368,0.00000435977926827,0.00000401393299398,0.0000039897518036,0.00000248672745329,0.00000123608037939,0.00000100844852113,8.67281414685e-7,9.21031812595e-7,0.00000126223812913,0.00000106192192106,8.67464734711e-7,8.72611678915e-7,8.52430900977e-7,6.07018932897e-7,5.16621753377e-7,2.66072703425e-7,3.03017799297e-7],"dmean2":[0.000310771662043,0.00100029166788,0.000663965300191,0.000935613992624,0.00056331360247,0.000236004954786,0.000261287466856,0.000342033861671,0.00020087059238,0.000163489821716,0.0000813793230918,0.0000936933065532,0.0000987102612271,0.0000465321245429,0.0000407145162171,0.0000290409261652,0.0000217692686419,0.0000172079708136,0.000012561238691,0.0000117712943393,0.00000739136203265,0.00000866781283548,0.00000809166158433,0.0000070104479164,0.00000627474810244,0.00000634097978036,0.0000039697106331,0.00000196248538487,0.00000159988201176,0.00000133597166041,0.0000014302316913,0.00000200878912437,0.00000163390598118,0.00000128447049974,0.00000127420844365,0.00000125862459299,8.72582290867e-7,7.46381033423e-7,3.9099805349e-7,4.76852676456e-7],"dvar":[1.97081234887e-7,0.00000155730208462,6.97338748523e-7,0.00000134934180096,4.62452788952e-7,1.08720776382e-7,2.08885495567e-7,2.54868126603e-7,1.62058370279e-7,8.80381918478e-8,2.99855216213e-8,2.47267433195e-8,3.08011500749e-8,9.69403934903e-9,3.39615602307e-9,1.52702617218e-9,1.56801882589e-9,1.15327380978e-9,5.9287791343e-10,5.26593990635e-10,1.74227729466e-10,2.06211728249e-10,1.81595682935e-10,9.03261909713e-11,9.14479256209e-11,1.16635590075e-10,9.51745557365e-11,1.72146897431e-11,1.19539317681e-11,1.30622561378e-11,2.01013164447e-11,3.31089704264e-11,2.82316756778e-11,2.23117930381e-11,2.72958305264e-11,2.97029068008e-11,1.1501236595e-11,9.13682671189e-12,1.87585992746e-12,1.5655334017e-12],"dvar2":[4.74935404782e-7,0.00000384936402043,0.00000173197179265,0.00000283704366666,0.00000117161209801,2.86250212866e-7,4.69470194275e-7,6.06189928476e-7,3.67713482774e-7,1.76894204174e-7,7.13509749062e-8,5.909333467e-8,6.85459724536e-8,2.26068923581e-8,7.68396546391e-9,3.61541130367e-9,3.22726867452e-9,2.63006172396e-9,1.27417043583e-9,1.05662023575e-9,4.34620034406e-10,4.9912435296e-10,3.69462738181e-10,2.21615018003e-10,2.1091602076e-10,2.87431217716e-10,2.27353150195e-10,3.25736659867e-11,2.07725104479e-11,2.52280921847e-11,4.04155112155e-11,6.67617905403e-11,5.82720330322e-11,4.52456475064e-11,5.33013251591e-11,6.28061838648e-11,2.02776788416e-11,1.82252147402e-11,3.54628284203e-12,3.86299455965e-12],"max":[0.00631891796365,0.0217427462339,0.0154998619109,0.0250593051314,0.0128715774044,0.00733104394749,0.012036986649,0.0122030042112,0.011801879853,0.00923966243863,0.00629891827703,0.00497246813029,0.00585305411369,0.004212283995,0.00177213421557,0.00130464613903,0.00117773551028,0.000909496448003,0.000962296326179,0.000910559203476,0.000760704802815,0.000445782876341,0.000443546014139,0.000258718820987,0.000464084267151,0.00032572550117,0.000554716854822,0.000239797998802,0.000249439326581,0.000221224210691,0.000250991812209,0.000267618830549,0.000273351557553,0.000218492292333,0.000193397616385,0.000442072749138,0.000192961684661,0.000176803208888,0.0000744625431253,0.0000267306495516],"mean":[0.00037895492278,0.00150360923726,0.00088715122547,0.00151875929441,0.000794626190327,0.000239364235313,0.000306666770484,0.000389379827539,0.000267561496003,0.000226032920182,0.000109650369268,0.000107803040009,0.00010801092867,0.0000551464254386,0.0000471372404718,0.000033433232602,0.0000272484157904,0.0000227375621762,0.0000173153730429,0.0000167208218045,0.0000102219482869,0.000012329580386,0.0000116306182463,0.00000905319666344,0.00000856542283145,0.0000079533947428,0.00000492380968353,0.00000271678254649,0.00000218084301196,0.00000181620782769,0.00000195909524336,0.00000250011635217,0.00000198695761355,0.00000162617436672,0.00000155294173965,0.00000149735910782,0.00000113187593342,8.84518669864e-7,4.51534816648e-7,4.14603135823e-7],"median":[0.0000829434138723,0.000486102246214,0.000426658545621,0.000641566584818,0.000317037716741,0.0000915873897611,0.000081135702203,0.000124797064927,0.0000473453983432,0.0000388186635973,0.0000191907874978,0.0000238258071477,0.0000262173616647,0.0000143441420732,0.000014456538338,0.0000143017177834,0.00000869277209858,0.0000059696385506,0.00000648357217869,0.00000569946541873,0.00000400933822675,0.00000390299828723,0.00000341353552358,0.00000338238714903,0.00000265959533863,0.00000312323504659,0.00000195253596758,0.00000126236432152,0.00000122130643376,0.00000100784654933,8.70959183885e-7,7.02682996234e-7,4.93376489885e-7,4.13310885961e-7,2.96776278219e-7,2.58348762827e-7,2.18991132783e-7,1.61110861541e-7,9.13930975344e-8,5.59729187444e-8],"min":[7.96433417708e-24,1.02625210745e-23,8.81685773508e-24,1.0798289369e-23,7.2074529041e-24,6.52169533033e-24,2.32421654632e-24,2.7760575346e-24,2.57671336992e-24,6.84444672565e-24,7.44319530816e-24,1.14852594219e-23,1.86646746317e-23,2.21355269306e-23,9.82078815547e-24,1.61937319292e-23,7.98762056215e-24,7.26789384894e-24,4.45966380561e-24,6.11177598828e-24,2.04683782703e-23,8.99410452529e-24,1.30654322232e-23,1.32088597576e-23,9.32246708823e-24,1.23102170245e-23,1.61211204383e-23,1.50423547282e-23,1.14661429556e-23,8.53186832243e-24,9.57308740896e-24,1.58383248479e-23,1.06483584653e-23,1.06434343955e-23,1.20994925552e-23,1.34099885228e-23,1.37565240744e-23,1.05923201532e-23,9.47159256489e-24,1.29702553661e-23],"var":[4.79231459849e-7,0.00000459279544884,0.00000173447858742,0.00000555542146685,0.00000174376680206,2.01581201509e-7,4.9698417115e-7,5.74539456011e-7,5.44161025573e-7,3.16610567097e-7,1.06272395328e-7,6.02865810606e-8,5.97790403845e-8,2.21292033586e-8,8.72185434986e-9,3.55070861602e-9,4.36448344132e-9,3.12779291356e-9,1.45030631948e-9,1.73313929874e-9,6.32840058135e-10,7.56999685159e-10,6.8352229432e-10,2.59151311521e-10,3.00627883698e-10,2.7407912051e-10,1.65870234214e-10,3.44992368007e-11,2.36570815021e-11,2.49292426979e-11,4.20109225185e-11,7.1039625571e-11,5.12751854864e-11,3.72501335333e-11,5.64106296397e-11,8.3779733151e-11,3.59300575403e-11,2.09595917011e-11,3.64595463195e-12,1.98000708711e-12]},"melbands_crest":{"dmean":3.31483101845,"dmean2":5.32496643066,"dvar":8.67624378204,"dvar2":21.9104995728,"max":34.8055915833,"mean":14.3263530731,"median":13.5483818054,"min":2.08237838745,"var":31.1298103333},"melbands_flatness_db":{"dmean":0.0206918865442,"dmean2":0.0308209061623,"dvar":0.000387131847674,"dvar2":0.000845018425025,"max":0.544644474983,"mean":0.203656122088,"median":0.204202264547,"min":0.0077410931699,"var":0.00412044953555},"melbands_kurtosis":{"dmean":6.16612482071,"dmean2":9.52347755432,"dvar":144.123855591,"dvar2":316.715362549,"max":769.739440918,"mean":14.4938707352,"median":8.1226348877,"min":-1.82398426533,"var":575.304016113},"melbands_skewness":{"dmean":0.641198217869,"dmean2":0.978800058365,"dvar":0.44115883112,"dvar2":0.942777752876,"max":16.2198143005,"mean":2.65565609932,"median":2.30591106415,"min":-1.00542473793,"var":2.77134633064},"melbands_spread":{"dmean":5.23348140717,"dmean2":8.10028648376,"dvar":64.9260940552,"dvar2":133.042282104,"max":208.299804688,"mean":20.9932518005,"median":15.4984445572,"min":0.196165114641,"var":395.700744629},"mfcc":{"cov":[[9949.31933594,427.778930664,580.884338379,-169.428573608,124.171508789,354.158233643,298.245483398,444.089202881,-30.2901229858,-11.9322957993,102.103485107,-386.447662354,-428.100372314],[427.778930664,985.968505859,100.466125488,-9.35398483276,-4.28026723862,67.2165298462,184.98374939,40.3379135132,45.4384994507,-8.47099781036,-7.91098165512,-38.3382377625,-25.3798904419],[580.884338379,100.466125488,417.541656494,81.6617736816,96.443687439,102.797584534,98.0472488403,36.2676925659,16.3791751862,2.09856438637,11.6652021408,-34.8940658569,-39.3883476257],[-169.428573608,-9.35398483276,81.6617736816,364.581329346,128.196685791,108.692695618,8.12931156158,-39.9315185547,35.0892791748,-0.593447506428,-42.2641868591,-6.1816868782,29.0402145386],[124.171508789,-4.28026723862,96.443687439,128.196685791,283.903442383,76.8272628784,-11.5799541473,4.14369440079,20.2669868469,8.17810821533,-1.28081655502,-36.125919342,-5.46423435211],[354.158233643,67.2165298462,102.797584534,108.692695618,76.8272628784,220.399414062,100.089370728,26.3002185822,45.4838294983,6.88684558868,-1.98499250412,-9.15934276581,-11.5505018234],[298.245483398,184.98374939,98.0472488403,8.12931156158,-11.5799541473,100.089370728,213.904556274,60.2952003479,29.4568939209,22.0901737213,13.9675683975,-8.19819259644,-5.27491617203],[444.089202881,40.3379135132,36.2676925659,-39.9315185547,4.14369440079,26.3002185822,60.2952003479,177.671188354,29.9909000397,2.48048496246,58.8498916626,-27.3455581665,-21.913974762],[-30.2901229858,45.4384994507,16.3791751862,35.0892791748,20.2669868469,45.4838294983,29.4568939209,29.9909000397,129.629928589,25.8254737854,4.95225858688,8.51413726807,19.5120449066],[-11.9322957993,-8.47099781036,2.09856438637,-0.593447506428,8.17810821533,6.88684558868,22.0901737213,2.48048496246,25.8254737854,93.6947250366,30.089849472,11.3208065033,6.31906270981],[102.103485107,-7.91098165512,11.6652021408,-42.2641868591,-1.28081655502,-1.98499250412,13.9675683975,58.8498916626,4.95225858688,30.089849472,120.212867737,12.9895124435,-4.37812614441],[-386.447662354,-38.3382377625,-34.8940658569,-6.1816868782,-36.125919342,-9.15934276581,-8.19819259644,-27.3455581665,8.51413726807,11.3208065033,12.9895124435,113.099220276,47.5984992981],[-428.100372314,-25.3798904419,-39.3883476257,29.0402145386,-5.46423435211,-11.5505018234,-5.27491617203,-21.913974762,19.5120449066,6.31906270981,-4.37812614441,47.5984992981,112.338729858]],"icov":[[0.000151424028445,-0.0000215239670069,-0.00011716906738,0.0000951158726821,0.0000315270226565,-0.000220044646994,0.0000428499661211,-0.000253341160715,0.0000994429865386,-0.0000583622240811,0.0000219055455091,0.000280256062979,0.000306133850245],[-0.0000215239670069,0.00126921979245,-0.000022717678803,0.000068539964559,-0.0000704461999703,0.000282691966277,-0.00125046772882,0.000297919963486,-0.000472349347547,0.000470594066428,0.0000105993440229,0.000259225460468,0.000150226565893],[-0.00011716906738,-0.000022717678803,0.00326462369412,-0.00047601791448,-0.000846526701935,-0.000208804776776,-0.00130526581779,0.0002436874056,-0.0000264321079158,0.000400608812924,-0.000434538407717,-0.0000421896911575,0.000722659518942],[0.0000951158726821,0.000068539964559,-0.00047601791448,0.00414883159101,-0.00118082237896,-0.00181735109072,0.000471016479423,0.000594962330069,-0.000391085195588,-0.0000233259452216,0.00097596005071,0.000442408054369,-0.00104773929343],[0.0000315270226565,-0.0000704461999703,-0.000846526701935,-0.00118082237896,0.00499944714829,-0.00143359228969,0.00162189209368,-0.000277582177659,-0.00000500908026879,-0.000733730033971,-0.000389455613913,0.00158164463937,-0.000412734400015],[-0.000220044646994,0.000282691966277,-0.000208804776776,-0.00181735109072,-0.00143359228969,0.00829166732728,-0.00372122041881,0.000475123641081,-0.00185983325355,0.000982307363302,-0.0000960949400906,-0.00116257439367,0.00107928412035],[0.0000428499661211,-0.00125046772882,-0.00130526581779,0.000471016479423,0.00162189209368,-0.00372122041881,0.00885895546526,-0.00238426611759,0.000665769912302,-0.00234816083685,0.000768844271079,0.000179575232323,-0.0010811513057],[-0.000253341160715,0.000297919963486,0.0002436874056,0.000594962330069,-0.000277582177659,0.000475123641081,-0.00238426611759,0.00915195047855,-0.00245389994234,0.00217277859338,-0.00440510548651,0.00175002473406,0.000133011140861],[0.0000994429865386,-0.000472349347547,-0.0000264321079158,-0.000391085195588,-0.00000500908026879,-0.00185983325355,0.000665769912302,-0.00245389994234,0.00988911185414,-0.00292167929001,0.00115908228327,-0.000464780780021,-0.00158600485884],[-0.0000583622240811,0.000470594066428,0.000400608812924,-0.0000233259452216,-0.000733730033971,0.000982307363302,-0.00234816083685,0.00217277859338,-0.00292167929001,0.0132854171097,-0.00389518775046,-0.000471223029308,0.000217312554014],[0.0000219055455091,0.0000105993440229,-0.000434538407717,0.00097596005071,-0.000389455613913,-0.0000960949400906,0.000768844271079,-0.00440510548651,0.00115908228327,-0.00389518775046,0.0119385672733,-0.0023401863873,0.000303803710267],[0.000280256062979,0.000259225460468,-0.0000421896911575,0.000442408054369,0.00158164463937,-0.00116257439367,0.000179575232323,0.00175002473406,-0.000464780780021,-0.000471223029308,-0.0023401863873,0.0128282858059,-0.00411476474255],[0.000306133850245,0.000150226565893,0.000722659518942,-0.00104773929343,-0.000412734400015,0.00107928412035,-0.0010811513057,0.000133011140861,-0.00158600485884,0.000217312554014,0.000303803710267,-0.00411476474255,0.0127110406756]],"mean":[-682.545288086,123.494674683,0.372784435749,21.467540741,-3.39650273323,1.04188752174,-6.13761901855,0.257509410381,-8.5952091217,-2.68340563774,-3.56466817856,-1.62132954597,-3.39488458633]},"pitch_salience":{"dmean":0.0660556778312,"dmean2":0.10550878942,"dvar":0.00326245045289,"dvar2":0.00818896386772,"max":0.844445824623,"mean":0.569307804108,"median":0.576094806194,"min":0.0334919244051,"var":0.0117084067315},"silence_rate_20dB":{"dmean":0,"dmean2":0,"dvar":0,"dvar2":0,"max":1,"mean":1,"median":1,"min":1,"var":0},"silence_rate_30dB":{"dmean":0.00144777668174,"dmean2":0.00289585278369,"dvar":0.00144568062387,"dvar2":0.0037148531992,"max":1,"mean":0.998965978622,"median":1,"min":0,"var":0.00103295000736},"silence_rate_60dB":{"dmean":0.00641158223152,"dmean2":0.0128244906664,"dvar":0.00637047365308,"dvar2":0.0149353360757,"max":1,"mean":0.216730430722,"median":0,"min":0,"var":0.169758349657},"spectral_centroid":{"dmean":186.908355713,"dmean2":284.800109863,"dvar":54736.328125,"dvar2":100684.945312,"max":10991.5498047,"mean":1145.82983398,"median":946.970031738,"min":170.516204834,"var":479083.78125},"spectral_complexity":{"dmean":1.9613237381,"dmean2":3.17964625359,"dvar":3.83676671982,"dvar2":9.08397483826,"max":53,"mean":12.8276290894,"median":13,"min":0,"var":66.84765625},"spectral_contrast_coeffs":{"dmean":[0.0479767508805,0.0470896884799,0.0355462245643,0.0272260792553,0.0194828305393,0.0150844650343],"dmean2":[0.078446701169,0.0765926018357,0.0575502887368,0.0444445945323,0.0317238494754,0.0238504949957],"dvar":[0.00156074843835,0.00142154307105,0.000867386406753,0.000504599651322,0.000273778568953,0.000163135293406],"dvar2":[0.00414792262018,0.00370641658083,0.00212839688174,0.00125533202663,0.000669611617923,0.000390516011976],"max":[-0.200783923268,-0.31767398119,-0.458714783192,-0.554062247276,-0.527209222317,-0.62553280592],"mean":[-0.571738958359,-0.698068976402,-0.758100152016,-0.776212751865,-0.785269320011,-0.754511535168],"median":[-0.58101606369,-0.699059307575,-0.760857582092,-0.777189671993,-0.790637075901,-0.751689553261],"min":[-0.970565199852,-0.958313703537,-0.953050851822,-0.956690967083,-0.959090411663,-0.958980977535],"var":[0.0140824625269,0.00857099611312,0.00700038159266,0.00368627742864,0.0027390900068,0.00114917394239]},"spectral_contrast_valleys":{"dmean":[0.405892759562,0.324588507414,0.266696304083,0.215127244592,0.169385626912,0.186214253306],"dmean2":[0.67288762331,0.536570250988,0.438886165619,0.349845349789,0.261482864618,0.255705922842],"dvar":[0.115737050772,0.0829069241881,0.0620057210326,0.0452861972153,0.0389894731343,0.060854203999],"dvar2":[0.296804726124,0.194692239165,0.136316105723,0.0881599262357,0.0631719753146,0.0964391380548],"max":[-5.3784866333,-5.1621556282,-5.18496751785,-5.96397542953,-5.85883760452,-7.28431463242],"mean":[-8.16772270203,-7.15822505951,-7.71858263016,-8.1583738327,-8.02605628967,-10.6932811737],"median":[-7.80906391144,-7.05279684067,-7.51892375946,-7.98610305786,-7.92595338821,-10.5254478455],"min":[-26.6932926178,-27.2080936432,-27.5105934143,-27.2775726318,-27.258852005,-27.3233947754],"var":[2.06245207787,0.770860135555,0.984276652336,0.764741718769,0.716785311699,1.30309987068]},"spectral_decrease":{"dmean":1.52877122073e-9,"dmean2":2.25425433875e-9,"dvar":3.968489565e-18,"dvar2":9.22394643168e-18,"max":-6.03600046451e-29,"mean":-6.02790883875e-9,"median":-5.35030642013e-9,"min":-3.59790810478e-8,"var":2.6195117588e-17},"spectral_energy":{"dmean":0.00598700530827,"dmean2":0.00882553402334,"dvar":0.0000601191386522,"dvar2":0.000139186377055,"max":0.140602022409,"mean":0.0240662135184,"median":0.0214280709624,"min":1.11719772857e-20,"var":0.000412251829403},"spectral_energyband_high":{"dmean":0.00018199319311,"dmean2":0.000255293241935,"dvar":6.97191239851e-7,"dvar2":0.00000112981240363,"max":0.0401415303349,"mean":0.000463073753053,"median":0.000211806487641,"min":8.14778881037e-21,"var":0.00000195524398805},"spectral_energyband_low":{"dmean":0.00268896715716,"dmean2":0.00393016263843,"dvar":0.0000210220787267,"dvar2":0.000051523988077,"max":0.0773980692029,"mean":0.00615687994286,"median":0.00281054549851,"min":6.63482887042e-23,"var":0.0000674245675327},"spectral_energyband_middle_high":{"dmean":0.00112168560736,"dmean2":0.00168210768607,"dvar":0.00000376540879188,"dvar2":0.00000813185943116,"max":0.0454111769795,"mean":0.00368005107157,"median":0.0021422454156,"min":1.82100378731e-21,"var":0.0000204689076782},"spectral_energyband_middle_low":{"dmean":0.00470203626901,"dmean2":0.0069572175853,"dvar":0.0000410323154938,"dvar2":0.000095145580417,"max":0.107652150095,"mean":0.0146140297875,"median":0.0109194722027,"min":1.77823144611e-22,"var":0.000210012673051},"spectral_entropy":{"dmean":0.132101491094,"dmean2":0.197526663542,"dvar":0.0168021023273,"dvar2":0.0346877798438,"max":9.79583930969,"mean":7.41999769211,"median":7.42487955093,"min":4.3029384613,"var":0.151840209961},"spectral_flux":{"dmean":0.0157943274826,"dmean2":0.0265453532338,"dvar":0.000328020862071,"dvar2":0.000889387039933,"max":0.251849621534,"mean":0.0609983168542,"median":0.0591692849994,"min":1.05697575692e-10,"var":0.00145436089952},"spectral_kurtosis":{"dmean":1.24420666695,"dmean2":2.1647901535,"dvar":2.16630125046,"dvar2":6.34226560593,"max":41.678565979,"mean":4.38767719269,"median":4.00147199631,"min":-1.20227634907,"var":5.78303194046},"spectral_rms":{"dmean":0.000551354489289,"dmean2":0.000803912756965,"dvar":3.55644345973e-7,"dvar2":8.09591540474e-7,"max":0.0117120752111,"mean":0.00422764196992,"median":0.00457224622369,"min":3.30143768226e-12,"var":0.0000056062767726},"spectral_rolloff":{"dmean":301.273345947,"dmean2":494.46194458,"dvar":422622.84375,"dvar2":752178.4375,"max":18647.7539062,"mean":1257.89660645,"median":882.861328125,"min":43.06640625,"var":1689930.125},"spectral_skewness":{"dmean":0.167444139719,"dmean2":0.275063186884,"dvar":0.0266665667295,"dvar2":0.0666655674577,"max":4.55448532104,"mean":1.55105781555,"median":1.55392038822,"min":-0.080219142139,"var":0.16058935225},"spectral_spread":{"dmean":353818.15625,"dmean2":545853.375,"dvar":343812505600,"dvar2":595248939008,"max":40660712,"mean":4312980.5,"median":4146715.5,"min":1556191.5,"var":1274217234430},"spectral_strongpeak":{"dmean":0.396481692791,"dmean2":0.658249437809,"dvar":0.376561492682,"dvar2":0.932860136032,"max":11.5887289047,"mean":0.904667258263,"median":0.565860450268,"min":0,"var":0.914394140244},"zerocrossingrate":{"dmean":0.00748534640297,"dmean2":0.00883602723479,"dvar":0.000108315362013,"dvar2":0.000118164738524,"max":0.50341796875,"mean":0.0531091056764,"median":0.0439453125,"min":0.00732421875,"var":0.00122122245375}},"metadata":{"audio_properties":{"analysis_sample_rate":44100,"bit_rate":0,"codec":"flac","downmix":"mix","equal_loudness":0,"length":224.533340454,"lossless":true,"md5_encoded":"7ba52459717f2fd026909039f51258bf","replay_gain":-5.10635375977},"tags":{"acoustid_id":["bcd6fdd8-02bf-498a-bd12-fef19076a75b"],"album":["Music for the Masses"],"albumartist":["Depeche Mode"],"albumartistsort":["Depeche Mode"],"artist":["Depeche Mode"],"artists":["Depeche Mode"],"artistsort":["Depeche Mode"],"asin":["B0000263EX"],"barcode":["724348400222"],"catalognumber":["CD Stumm 47","INT 846.833"],"composer":["Martin L. Gore"],"composersort":["Gore, Martin L."],"date":["1997"],"discnumber":["1"],"disctotal":["1"],"file_name":"07 I Want You Now.flac","genre":["Rock; New Wave; Synth Pop; Industrial; Alternative"],"grouping":["Rock"],"isrc":["GBAJH0600234"],"label":["Mute","Intercord"],"language":["eng"],"lyricist":["Martin L. Gore"],"media":["CD"],"mood":["Sexy; Moody; Melancholy; Melancholic"],"musicbrainz_albumartistid":["8538e728-ca0b-4321-b7e5-cff6565dd4c0"],"musicbrainz_albumid":["e6347eb0-2375-456b-b220-018101492409"],"musicbrainz_artistid":["8538e728-ca0b-4321-b7e5-cff6565dd4c0"],"musicbrainz_recordingid":["bf8185c2-2a67-45cd-9b07-3711474b47dc"],"musicbrainz_releasegroupid":["e59021bd-1710-3c13-9449-b78560039592"],"musicbrainz_releasetrackid":["f4bb8bf6-868e-3ce3-ab29-c3e0b3a93267"],"musicbrainz_workid":["ac18ae3c-0af9-3879-9687-6b5b5e12b77a"],"originaldate":["1987-09-28"],"originalyear":["1997"],"performer":["Martin L. Gore (lead vocals)"],"releasecountry":["DE"],"releasestatus":["official"],"releasetype":["album"],"replaygain_album_gain":["-1.20 dB"],"replaygain_album_peak":["0.999969"],"replaygain_track_gain":["-0.22 dB"],"replaygain_track_peak":["0.610016"],"sc