{"lowlevel":{"average_loudness":0.848237872124,"barkbands":{"dmean":[0.0000211271599255,0.000643769802991,0.000742629810702,0.00167420576327,0.000808343058452,0.000308972463245,0.000221135356696,0.000268091127509,0.000263023044681,0.000198341585929,0.000134464979055,0.000212399128941,0.000136798495078,0.000207129443879,0.000227045238717,0.000335273856763,0.000217335880734,0.00033293524757,0.000267619703664,0.000208498255233,0.000258621847024,0.000550728931557,0.00083903351333,0.000323912419844,0.000251780642429,0.0000317965677823,0.0000018697141968],"dmean2":[0.0000323738677253,0.00102412118576,0.00116368243471,0.00286130746827,0.00133401819039,0.000494196021464,0.000340111815603,0.000447313388577,0.000414323469158,0.000322446372593,0.000218400149606,0.000339692021953,0.000224035800784,0.000326793466229,0.000361278944183,0.000517809356097,0.00034158694325,0.000502037641127,0.000415687012719,0.000343372230418,0.000435658061178,0.000907861802261,0.00141207664274,0.000559927488212,0.000437246781075,0.0000566878406971,0.00000336541347679],"dvar":[8.96884955193e-10,5.46205455976e-7,7.43832174521e-7,0.00000622797324468,0.00000138201755817,1.58524159133e-7,8.72489351877e-8,1.40344710076e-7,1.6286726634e-7,1.25184072886e-7,7.06330212097e-8,1.6793865143e-7,1.00182795393e-7,2.08964877402e-7,3.05846441506e-7,4.67016405992e-7,1.97198545493e-7,5.43424107491e-7,3.31854039359e-7,1.75347011577e-7,2.75577548337e-7,0.0000020283032427,0.00000500609894516,5.52871199488e-7,4.11057811789e-7,6.63866783768e-9,2.82639450039e-11],"dvar2":[2.28172103434e-9,0.00000131223839617,0.0000016821737745,0.0000177897236426,0.00000357604199053,4.06512725704e-7,2.09158969255e-7,3.67451292504e-7,4.11297094161e-7,3.27528226762e-7,1.7814610942e-7,4.13992239601e-7,2.64819760787e-7,5.27820930074e-7,7.79874710588e-7,0.00000109062091269,4.8685302545e-7,0.00000120837330542,7.70443705278e-7,4.58610173837e-7,7.52670814563e-7,0.00000503785304318,0.0000127100520331,0.00000148220806295,0.00000106029790459,1.80960064711e-8,7.68114530314e-11],"max":[0.000656046788208,0.007116896566,0.00915636960417,0.0217267014086,0.0114961089566,0.00420130090788,0.00477973697707,0.00626194709912,0.00737504288554,0.00543281855062,0.00623933132738,0.0096886176616,0.00548619683832,0.00973331555724,0.0109153818339,0.018479000777,0.0141148576513,0.0222260821611,0.0114258807153,0.00590420654044,0.00848425272852,0.0287881921977,0.047382298857,0.012093805708,0.00858969520777,0.000842791225296,0.0000858093408169],"mean":[0.0000361738930224,0.000805496121757,0.00109531299677,0.00237264996395,0.0010795587441,0.000469076563604,0.000338646670571,0.000384369835956,0.000425467645982,0.0002814080799,0.000186140518053,0.000338880199706,0.000180870090844,0.000274791120319,0.000321498664562,0.000574882258661,0.000352697359631,0.000713899440598,0.000513516308274,0.000274341990007,0.000281838176306,0.000531770114321,0.000742866657674,0.000254949118244,0.00019138987409,0.0000219858611672,0.00000127878479361],"median":[0.0000214323772525,0.000537829531822,0.000727258215193,0.000823920359835,0.000682476034854,0.000303387409076,0.000187902929611,0.000233111277339,0.000223193041165,0.000142907971167,0.0000850858559716,0.000136246962938,0.0000630342983641,0.0000970070468611,0.0000961295736488,0.000175945751835,0.0000766549055697,0.0000957118390943,0.0000791951097199,0.0000609837552474,0.0000681669189362,0.000107460393338,0.000109874359623,0.0000339577345585,0.0000130682992676,0.00000124950213376,8.21373262738e-8],"min":[2.34278450779e-25,1.49458957749e-24,6.79491158561e-25,9.20751743256e-25,4.0662967375e-24,4.24932311714e-24,8.16702252035e-24,2.99699045566e-24,9.97439830638e-24,1.57601802866e-23,8.32540054657e-24,2.09664114033e-23,1.69911598639e-23,4.39686897872e-23,3.27020268775e-23,4.99601514712e-23,6.6385352545e-23,1.00062607139e-22,8.20688097976e-23,1.65041048347e-22,1.75583069941e-22,2.92087172864e-22,3.34441607115e-22,5.66101125871e-22,8.60594084682e-22,1.18468419589e-21,1.96904286366e-21],"var":[1.91862215004e-9,7.27351562091e-7,0.00000132640116135,0.0000113239520942,0.00000159056776283,2.50099873256e-7,1.71790233594e-7,2.11634983316e-7,3.02748475178e-7,1.61051460168e-7,1.08619865102e-7,3.76935730628e-7,1.34392081463e-7,3.1422788993e-7,4.73808654533e-7,0.00000155580153205,5.92673984556e-7,0.00000263301603809,0.0000013045811329,2.71387136763e-7,2.686021503e-7,0.0000019730882741,0.00000457587475466,4.04411736099e-7,3.24898962845e-7,4.4567540769e-9,1.88343455415e-11]},"barkbands_crest":{"dmean":2.42184329033,"dmean2":4.02617502213,"dvar":4.73956918716,"dvar2":12.5544481277,"max":21.7740745544,"mean":7.31498765945,"median":6.58588409424,"min":1.97600793839,"var":9.6314239502},"barkbands_flatness_db":{"dmean":0.0204340592027,"dmean2":0.0307819973677,"dvar":0.0003096035216,"dvar2":0.000686993647832,"max":0.244720637798,"mean":0.0947488769889,"median":0.0886406823993,"min":0.0118195926771,"var":0.00112684944179},"barkbands_kurtosis":{"dmean":2.08636760712,"dmean2":3.26624345779,"dvar":9.08581256866,"dvar2":20.703496933,"max":65.5007171631,"mean":1.30856394768,"median":-0.130125045776,"min":-1.9294103384,"var":16.3723754883},"barkbands_skewness":{"dmean":0.677047729492,"dmean2":1.03072392941,"dvar":0.380168169737,"dvar2":0.874688446522,"max":6.73687505722,"mean":0.819267392159,"median":0.807192742825,"min":-3.1343755722,"var":1.49907302856},"barkbands_spread":{"dmean":12.3930368423,"dmean2":18.4783706665,"dvar":162.149887085,"dvar2":352.407012939,"max":134.143096924,"mean":37.430809021,"median":33.6229782104,"min":2.77446651459,"var":384.766052246},"dissonance":{"dmean":0.0115856472403,"dmean2":0.0195356309414,"dvar":0.000215086358367,"dvar2":0.000615595316049,"max":0.500000059605,"mean":0.479626327753,"median":0.483308523893,"min":0,"var":0.000274144811556},"dynamic_complexity":4.29032373428,"erbbands":{"dmean":[0.00569841312245,0.193397685885,0.921121954918,2.84125757217,4.32881450653,2.54575490952,2.7693965435,2.67262887955,2.47506141663,4.48474979401,4.98985004425,5.27427053452,5.6850528717,6.85625648499,6.55829286575,7.10675477982,6.05060768127,8.20951652527,11.9271583557,12.7448368073,16.6606750488,12.5992889404,16.8572158813,15.4897699356,11.5387468338,9.51533222198,10.1731758118,11.0080432892,19.816778183,20.276517868,25.4085597992,10.0018186569,4.89604854584,3.34933805466,1.51548314095,0.240623548627,0.0521560385823,0.00631587253883,0.0003698047949,0.0000289322324534],"dmean2":[0.00903723668307,0.308996021748,1.47031617165,4.60928583145,7.42273139954,4.31645345688,4.5318145752,4.18140220642,3.83980917931,7.13817977905,8.08461856842,8.28426933289,9.11149215698,11.1048698425,10.4030132294,11.3613100052,9.88527965546,12.9598064423,18.6224727631,19.5577602386,25.4935398102,19.4321231842,25.3792285919,23.1361160278,18.1337165833,15.6182088852,17.1637783051,18.5629463196,32.7005310059,33.9657287598,42.6634216309,16.9267864227,8.52856063843,5.91469907761,2.57063341141,0.417735010386,0.0936710909009,0.011369202286,0.000662934442516,0.0000479452573927],"dvar":[0.00005737878746,0.0496046431363,1.14451217651,17.7903442383,32.9706039429,19.0578556061,19.4113807678,12.115858078,11.053527832,33.5133666992,49.8697509766,66.1661453247,111.470558167,133.245681763,180.369934082,195.152954102,201.77507019,355.129577637,658.817504883,814.523681641,1255.5135498,605.913208008,1446.2980957,1174.17041016,558.803405762,394.972259521,425.56060791,534.133789062,2908.95410156,1989.06555176,5719.27392578,568.19342041,133.756515503,68.7231445312,26.3153057098,0.410267084837,0.0189517512918,0.000290393742034,0.00000100001898318,5.1067736706e-9],"dvar2":[0.00014908578305,0.118938326836,2.62087750435,44.1677818298,95.9790420532,50.3277015686,49.3926773071,29.9926967621,26.9479961395,85.2163009644,128.560317993,167.963272095,293.473754883,347.048095703,429.953704834,499.015441895,535.782348633,897.54083252,1698.30688477,2057.66259766,2850.37915039,1469.88427734,3108.01220703,2562.3203125,1368.97546387,1042.65881348,1162.88952637,1441.68200684,7218.99755859,5095.38378906,14625.1171875,1456.01806641,362.649200439,186.009628296,65.6758575439,1.0455801487,0.0521455593407,0.000794336490799,0.00000271962380793,1.3027725565e-8],"max":[0.108775816858,2.14434885979,10.8368806839,40.6040649414,50.1566581726,49.0431060791,62.5381584167,39.1192398071,66.1015853882,97.349357605,88.7060317993,135.033416748,139.488845825,142.613830566,310.229003906,255.549041748,228.688690186,449.312866211,639.696960449,729.027160645,1127.16833496,709.171264648,1079.04858398,939.866577148,470.79888916,304.009765625,327.572723389,303.221221924,1043.57751465,504.847381592,1764.91101074,426.647521973,196.755218506,116.203865051,115.138038635,10.3051118851,1.75106358528,0.205953672528,0.00978312920779,0.00120171380695],"mean":[0.00941705331206,0.235032126307,1.30703675747,4.96961021423,5.58879613876,3.0754430294,3.71111702919,4.06531715393,3.97735095024,7.17973661423,8.20299911499,8.62699317932,8.47818374634,10.2373113632,10.0531148911,11.5007572174,8.47393512726,11.6186180115,17.789100647,20.2394428253,30.0417060852,22.5790176392,35.7531776428,34.3430328369,20.8123283386,12.8297128677,11.6516389847,11.5127229691,19.3059749603,18.3363761902,22.5025024414,8.48383235931,3.70656085014,2.40985870361,1.21429848671,0.182303518057,0.0353837646544,0.00425740191713,0.00026109276223,0.0000340528749803],"median":[0.00710456259549,0.155112788081,0.924834132195,1.75337707996,3.19768571854,1.69542193413,2.12416505814,2.56282067299,2.46842241287,4.82658720016,4.97482585907,4.89949941635,4.33771705627,5.39818429947,4.49791717529,4.90332603455,3.15956425667,4.60996770859,6.83986759186,6.49643135071,8.67831039429,5.4043674469,5.25170660019,4.60520839691,3.88948893547,2.87135767937,2.88018870354,2.75914335251,3.77054786682,3.77821469307,2.88079285622,1.17355453968,0.429139614105,0.198728099465,0.0536031350493,0.00974764395505,0.00188572285697,0.000199628600967,0.0000249208060268,0.0000145860121847],"min":[8.04420776369e-23,3.05770766748e-22,1.52778795013e-21,3.03684074406e-21,1.10505747984e-20,1.13012872643e-20,4.44482820281e-20,5.93159908152e-20,8.50680426015e-20,1.6781734285e-19,1.81431520811e-19,2.24674119241e-19,3.51566572038e-19,4.64702571808e-19,7.67820322339e-19,1.1539088895e-18,1.29868090294e-18,1.67497797809e-18,2.18328201547e-18,3.25180932214e-18,3.23265636865e-18,4.16928807229e-18,4.73133951413e-18,5.46045290199e-18,6.3279072842e-18,7.77550685699e-18,8.25357175611e-18,8.31107817947e-18,9.84459328017e-18,1.20871568486e-17,9.6482313561e-18,1.01214431866e-17,9.02948040557e-18,8.03005101098e-18,6.19498556362e-18,3.83436181508e-18,2.09213188184e-18,8.91014347219e-19,2.36824187518e-19,2.80199580749e-20],"var":[0.0000879393628566,0.0656160190701,1.82423686981,46.1715126038,44.1424255371,18.6312999725,22.9549236298,20.2673664093,21.1435413361,59.0041694641,91.5579528809,118.348152161,142.334640503,193.889175415,323.008636475,395.001037598,269.412994385,536.789550781,1028.91589355,1525.93029785,4859.4765625,2238.23144531,7045.98046875,5733.96191406,1762.5480957,601.780700684,453.58895874,482.513458252,2833.47387695,1746.26403809,5220.54833984,492.399993896,94.1276473999,46.8303375244,23.2379646301,0.336843460798,0.0122875897214,0.00019065606466,6.69643156925e-7,4.61619276138e-9]},"erbbands_crest":{"dmean":1.91465234756,"dmean2":3.13887453079,"dvar":3.40003681183,"dvar2":8.51625728607,"max":22.7392673492,"mean":6.48915433884,"median":5.73485946655,"min":2.18030142784,"var":8.06868553162},"erbbands_flatness_db":{"dmean":0.0183456838131,"dmean2":0.0267464183271,"dvar":0.000270373013336,"dvar2":0.000611258903518,"max":0.308666497469,"mean":0.138990804553,"median":0.131416141987,"min":0.031877964735,"var":0.00148712040391},"erbbands_kurtosis":{"dmean":1.04837155342,"dmean2":1.72992742062,"dvar":2.91651248932,"dvar2":7.50310611725,"max":30.0159759521,"mean":0.332220286131,"median":-0.348497629166,"min":-1.78377473354,"var":5.422976017},"erbbands_skewness":{"dmean":0.474453777075,"dmean2":0.723152399063,"dvar":0.231176361442,"dvar2":0.549342215061,"max":2.03702521324,"mean":-0.367462486029,"median":-0.274960517883,"min":-4.40915584564,"var":0.587314903736},"erbbands_spread":{"dmean":12.4889974594,"dmean2":19.0893630981,"dvar":152.261856079,"dvar2":373.144927979,"max":138.290771484,"mean":47.8809623718,"median":44.41381073,"min":4.06968212128,"var":452.773071289},"gfcc":{"cov":[[47324.9453125,1863.69543457,-4146.95800781,2128.35083008,-2361.50756836,800.820800781,-1398.78979492,360.786621094,-795.382507324,-368.500793457,-648.085876465,-202.158126831,-637.244018555],[1863.69543457,1560.08947754,-600.850219727,-158.217453003,55.9210586548,-153.733520508,-68.3401489258,-95.9043579102,67.8979721069,-137.481552124,27.6717700958,-83.6433181763,44.6406669617],[-4146.95800781,-600.850219727,1207.81640625,-138.270675659,1.06774675846,225.503082275,117.261878967,-43.7203598022,26.7781734467,140.971466064,-17.4831085205,42.3006210327,5.45696258545],[2128.35083008,-158.217453003,-138.270675659,370.488128662,-102.708770752,62.8051986694,-7.02451562881,69.7808761597,-37.2895011902,-23.6857910156,-6.56662511826,-25.4096431732,-56.6935501099],[-2361.50756836,55.9210586548,1.06774675846,-102.708770752,349.454101562,-143.222717285,76.4249343872,7.65654945374,72.6627731323,-25.7459449768,51.8697280884,-8.65582561493,49.3705215454],[800.820800781,-153.733520508,225.503082275,62.8051986694,-143.222717285,240.891860962,-23.7985534668,-1.54123747349,-19.7984409332,52.0201072693,-36.366481781,6.20320892334,-28.3363780975],[-1398.78979492,-68.3401489258,117.261878967,-7.02451562881,76.4249343872,-23.7985534668,163.299743652,21.0595169067,-2.91915202141,-4.91679382324,59.483127594,-5.10784006119,-7.47302722931],[360.786621094,-95.9043579102,-43.7203598022,69.7808761597,7.65654945374,-1.54123747349,21.0595169067,94.5432128906,15.530673027,-2.56568002701,11.028175354,5.41277217865,-15.4342384338],[-795.382507324,67.8979721069,26.7781734467,-37.2895011902,72.6627731323,-19.7984409332,-2.91915202141,15.530673027,104.684623718,21.6926116943,1.08074617386,0.317141413689,38.8610610962],[-368.500793457,-137.481552124,140.971466064,-23.6857910156,-25.7459449768,52.0201072693,-4.91679382324,-2.56568002701,21.6926116943,83.3923568726,6.49392223358,15.7170009613,11.7503900528],[-648.085876465,27.6717700958,-17.4831085205,-6.56662511826,51.8697280884,-36.366481781,59.483127594,11.028175354,1.08074617386,6.49392223358,93.4658355713,12.2618122101,2.55665802956],[-202.158126831,-83.6433181763,42.3006210327,-25.4096431732,-8.65582561493,6.20320892334,-5.10784006119,5.41277217865,0.317141413689,15.7170009613,12.2618122101,56.5475692749,20.8702030182],[-637.244018555,44.6406669617,5.45696258545,-56.6935501099,49.3705215454,-28.3363780975,-7.47302722931,-15.4342384338,38.8610610962,11.7503900528,2.55665802956,20.8702030182,73.3516845703]],"icov":[[0.000146943959408,-0.000242682086537,0.000370514229871,-0.000442213378847,0.000313177501084,-0.000344470579876,0.000547780306078,-0.000606004265137,0.000804781913757,-0.000432253582403,0.00058862217702,-0.000251289457083,0.000333212810801],[-0.000242682086537,0.00179947412107,-0.0000572245990043,0.00155308993999,0.00010615359497,0.000141329495818,-0.000570835196413,0.00227748183534,-0.00308540579863,0.00311458436772,-0.00248572183773,0.0023397190962,-0.00103796448093],[0.000370514229871,-0.0000572245990043,0.00278901099227,-0.000386666011764,0.000522847345565,-0.00241903495044,-0.000303431967041,-0.000116079318104,0.0010747006163,-0.00207544327714,0.00229871808551,-0.001140147564,0.00141297047958],[-0.000442213378847,0.00155308993999,-0.000386666011764,0.00596434995532,0.000144793259096,-0.000429079751484,-0.00138472521212,-0.000425185688073,-0.00276624853723,0.00354727148078,-0.00316816219129,0.00363372731954,-0.000668224471156],[0.000313177501084,0.00010615359497,0.000522847345565,0.000144793259096,0.0065006967634,0.00137177854776,0.000134112662636,-0.00134738197085,-0.0017640455626,0.00217811041512,-0.00111935229506,0.00208328897133,-0.00135423685424],[-0.000344470579876,0.000141329495818,-0.00241903495044,-0.000429079751484,0.00137177854776,0.00900424923748,-0.000863124150783,0.00110807165038,-0.00143344188109,-0.00226721004583,0.000410371518228,-0.0000354569456249,0.00058846117463],[0.000547780306078,-0.000570835196413,-0.000303431967041,-0.00138472521212,0.000134112662636,-0.000863124150783,0.0132466107607,-0.00492365658283,0.00444933213294,0.0013910329435,-0.00499580102041,0.00290973321535,0.000714615685865],[-0.000606004265137,0.00227748183534,-0.000116079318104,-0.000425185688073,-0.00134738197085,0.00110807165038,-0.00492365658283,0.0195784848183,-0.0101775620133,0.00328239914961,-0.00271645700559,-0.00324130104855,0.00386527436785],[0.000804781913757,-0.00308540579863,0.0010747006163,-0.00276624853723,-0.0017640455626,-0.00143344188109,0.00444933213294,-0.0101775620133,0.0229613669217,-0.00964442174882,0.00573276216164,0.000855893362314,-0.00546643743291],[-0.000432253582403,0.00311458436772,-0.00207544327714,0.00354727148078,0.00217811041512,-0.00226721004583,0.0013910329435,0.00328239914961,-0.00964442174882,0.0251885280013,-0.00936003029346,0.00306292693131,-0.00373479584232],[0.00058862217702,-0.00248572183773,0.00229871808551,-0.00316816219129,-0.00111935229506,0.000410371518228,-0.00499580102041,-0.00271645700559,0.00573276216164,-0.00936003029346,0.0216238070279,-0.00873037334532,0.00403066258878],[-0.000251289457083,0.0023397190962,-0.001140147564,0.00363372731954,0.00208328897133,-0.0000354569456249,0.00290973321535,-0.00324130104855,0.000855893362314,0.00306292693131,-0.00873037334532,0.0288602691144,-0.0113663319498],[0.000333212810801,-0.00103796448093,0.00141297047958,-0.000668224471156,-0.00135423685424,0.00058846117463,0.000714615685865,0.00386527436785,-0.00546643743291,-0.00373479584232,0.00403066258878,-0.0113663319498,0.0251506213099]],"mean":[-62.0720100403,71.8618240356,-119.552703857,48.5250740051,-69.3462219238,21.9836711884,-41.0805282593,3.81706213951,-18.1375331879,-8.59794712067,-20.1024646759,-5.47345113754,-13.969742775]},"hfc":{"dmean":18.6642837524,"dmean2":30.0896568298,"dvar":1392.14794922,"dvar2":3446.55200195,"max":534.222106934,"mean":24.9758548737,"median":9.41272163391,"min":1.08275010655e-16,"var":1661.3347168},"melbands":{"dmean":[0.000104733619082,0.000402523408411,0.000573771889322,0.000203995834454,0.000105150313175,0.0000575685553486,0.0000412079643866,0.0000540744586033,0.0000415743161284,0.0000347357199644,0.0000292964723485,0.0000285276400973,0.0000193365031009,0.0000259173793893,0.000013774783838,0.0000142179796967,0.000016609841623,0.0000205967171496,0.0000175042259798,0.0000229441866395,0.000018435275706,0.0000136547832881,0.0000139780831887,0.0000174939268618,0.0000132339082484,0.00000922167964745,0.00000801148235041,0.00000608072969044,0.00000662604952595,0.00000571455211684,0.00000667605536364,0.0000100031711554,0.0000131988790599,0.000011404586985,0.0000145447465911,0.0000120958093248,0.00000443750423074,0.00000338826362167,0.00000348132493855,0.00000251940991802],"dmean2":[0.000164955956279,0.000647980195936,0.000961869605817,0.000344606145518,0.000173064720002,0.0000903228865354,0.0000631415823591,0.0000876054691616,0.0000666855776217,0.000054641506722,0.0000470773738925,0.0000462967182102,0.0000309898787236,0.000041349507228,0.0000223964125325,0.0000232420643442,0.0000264311893261,0.0000324210122926,0.0000274883841485,0.0000357159115083,0.0000284654925053,0.0000214225747186,0.0000216551688936,0.0000259466360149,0.0000200907779799,0.0000144390523928,0.0000129000809466,0.0000101225978142,0.0000112574243758,0.00000959609860729,0.0000113350961328,0.0000165218061738,0.0000217990636884,0.0000194736840058,0.0000245276169153,0.0000203227082238,0.00000763756543165,0.00000591022353547,0.00000616793886365,0.00000445769956059],"dvar":[1.44538736535e-8,2.1905941594e-7,6.73887882385e-7,7.21700317285e-8,3.11007859466e-8,5.42200950804e-9,2.95597657463e-9,5.05522601557e-9,3.53106610618e-9,3.02425773313e-9,2.89760837546e-9,2.28537699876e-9,1.50055423642e-9,2.65204014305e-9,9.76915548456e-10,1.10408682197e-9,1.48714718318e-9,1.87972593046e-9,1.98812211138e-9,2.38502773087e-9,1.50553824962e-9,7.50543793782e-10,1.01370567496e-9,1.78261927442e-9,9.37472210971e-10,4.08927613993e-10,2.60678867381e-10,1.80864032084e-10,1.87018206477e-10,1.41354927763e-10,2.14054413084e-10,6.35845653907e-10,1.50875534288e-9,6.62413068842e-10,1.55900548027e-9,1.64464009078e-9,1.05344490076e-10,6.55630202906e-11,7.8621546773e-11,3.96877218589e-11],"dvar2":[3.48511441928e-8,5.10529275743e-7,0.00000188052911199,1.94665105369e-7,7.86874920777e-8,1.35370719079e-8,7.14655667977e-9,1.30654411734e-8,8.99067842397e-9,7.69516628196e-9,7.60547269607e-9,5.97879434849e-9,3.6244749424e-9,6.49576081813e-9,2.61248955802e-9,2.89224511008e-9,3.71247477204e-9,4.85908513426e-9,4.99780838936e-9,5.67033975329e-9,3.36533645395e-9,1.84764625821e-9,2.37245267876e-9,3.73664033049e-9,2.09946349194e-9,9.87456227897e-10,6.58834375944e-10,4.83471873647e-10,5.115093904e-10,3.87458870543e-10,5.81755532636e-10,1.59990198867e-9,3.73913700003e-9,1.77413839175e-9,3.99160393627e-9,4.22817203471e-9,2.818900946e-10,1.7870760427e-10,2.15743325982e-10,1.07526938742e-10],"max":[0.00125174666755,0.00462925154716,0.00769532192498,0.00232671923004,0.00241814740002,0.000838099804241,0.00103540928103,0.00130093086045,0.000700922508258,0.00104680890217,0.000705274287611,0.000659929355606,0.000880242325366,0.00126760650892,0.000507398915943,0.000571282871533,0.00102715811227,0.000956365547609,0.00098032283131,0.00156267837156,0.00121021457016,0.000831634446513,0.000884922104888,0.00170806644019,0.000774364569224,0.000416577531723,0.000313190859742,0.000197758257855,0.000192486084416,0.000225536132348,0.000214951753151,0.000461981748231,0.000856817641761,0.000330220180331,0.000824067508802,0.00101855862886,0.000149364335812,0.000134417088702,0.000147369675688,0.0000791059646872],"mean":[0.000147341343109,0.000544253503904,0.000909408961888,0.00027781756944,0.000137456590892,0.0000885205736267,0.0000655230542179,0.0000842681838549,0.0000683536272845,0.0000556376653549,0.0000425583057222,0.0000418404379161,0.0000287607908831,0.0000402332116209,0.0000199635869649,0.0000187424393516,0.0000221710615733,0.0000291056167043,0.0000249257846008,0.0000366016101907,0.000032045012631,0.0000217327851715,0.0000245499231823,0.0000378667318728,0.0000271086100838,0.0000168875503732,0.0000120653612612,0.0000075246639426,0.00000738833477953,0.00000632577439319,0.00000664982690068,0.00000980999811873,0.0000122338979054,0.00000975237253442,0.0000127534940475,0.0000105855633592,0.00000354632015842,0.00000255170721175,0.00000248706646744,0.00000179273843059],"median":[0.000108788328362,0.000382003840059,0.00040040560998,0.000176636138349,0.0000775334046921,0.0000569195144635,0.0000394556991523,0.0000567027091165,0.0000382992075174,0.0000299658404401,0.0000208670844586,0.000021927537091,0.0000130295629788,0.0000165755864145,0.00000706031414666,0.00000615329145148,0.00000823541904538,0.0000112498801172,0.00000706212176738,0.0000108581280074,0.00000896261371963,0.00000514162275067,0.00000424803238275,0.00000427452368967,0.00000349772335539,0.00000266119400294,0.00000236492337535,0.00000159688488566,0.00000169009456386,0.00000153046687501,0.00000147734203892,0.00000199656324185,0.00000214317924474,0.00000191451545106,0.000001769645678,0.00000114459703582,5.00873568399e-7,2.99867167541e-7,2.28031183269e-7,1.37837048442e-7],"min":[1.0509239492e-24,8.13482831795e-25,1.00101893201e-24,7.83027426738e-25,1.34770811428e-24,9.80728936488e-25,1.38796585564e-24,1.63819332364e-24,9.63736872589e-25,1.59589617962e-24,1.52819071332e-24,1.78032120964e-24,1.5328157062e-24,2.87263738079e-24,2.68797233984e-24,1.88127075361e-24,3.08000130264e-24,2.12261919768e-24,2.91293219862e-24,2.85488544663e-24,3.45565528799e-24,3.50670444932e-24,4.00932559736e-24,4.69174037304e-24,3.80951383538e-24,2.3924916688e-24,3.86180860808e-24,4.36421873583e-24,4.23459863391e-24,3.66201656763e-24,4.26140018316e-24,4.68688887847e-24,4.18197490621e-24,5.83659408883e-24,4.97998541464e-24,4.38285202484e-24,5.93553302357e-24,5.5442323766e-24,5.85718414732e-24,5.48607084535e-24],"var":[2.06505390565e-8,3.22107695183e-7,0.00000136519690841,9.36956965347e-8,3.47335600281e-8,9.1199758856e-9,5.85802384379e-9,8.29420798709e-9,6.85188750182e-9,5.46930634115e-9,3.75123043739e-9,3.27855742555e-9,2.5050665986e-9,5.72159475354e-9,1.48457524052e-9,1.58210733403e-9,2.21105489473e-9,2.83568346582e-9,3.17293546992e-9,6.15269790671e-9,5.58036372666e-9,2.19021401016e-9,3.15847326071e-9,8.95012064461e-9,3.83320841735e-9,1.38233713365e-9,6.00211935708e-10,2.34441743796e-10,2.00798641603e-10,1.38404579464e-10,1.81352960427e-10,6.17234652278e-10,1.42204570341e-9,5.02087593723e-10,1.40618272582e-9,1.47130863049e-9,7.79840150789e-11,4.56296771201e-11,5.20077141075e-11,2.6828771843e-11]},"melbands_crest":{"dmean":4.4808549881,"dmean2":7.40712976456,"dvar":13.1088609695,"dvar2":33.465133667,"max":31.9161586761,"mean":13.4330949783,"median":12.9068756104,"min":1.00023019314,"var":33.6366729736},"melbands_flatness_db":{"dmean":0.0325476676226,"dmean2":0.0481430925429,"dvar":0.000781048438512,"dvar2":0.00168150581885,"max":0.356208443642,"mean":0.137220025063,"median":0.132739126682,"min":-3.88288469821e-7,"var":0.00332094240002},"melbands_kurtosis":{"dmean":6.86845016479,"dmean2":10.9058113098,"dvar":99.3894348145,"dvar2":232.691040039,"max":167.798141479,"mean":9.25358390808,"median":4.75172805786,"min":-1.85763001442,"var":174.90914917},"melbands_skewness":{"dmean":0.88012689352,"dmean2":1.36536622047,"dvar":0.699316322803,"dvar2":1.61476707458,"max":10.7593078613,"mean":2.36316895485,"median":2.16852474213,"min":-1.77971839905,"var":2.29901123047},"melbands_spread":{"dmean":21.244474411,"dmean2":33.9379005432,"dvar":714.861938477,"dvar2":1773.50231934,"max":238.151412964,"mean":48.4799423218,"median":37.0153884888,"min":1.68707811832,"var":1379.56652832},"mfcc":{"cov":[[16572.4746094,614.555908203,-241.993530273,756.17199707,-32.5312614441,170.844100952,-116.042938232,409.623291016,-176.527420044,112.820030212,-5.24318981171,-159.404693604,-102.263076782],[614.555908203,1573.1114502,-287.532745361,-42.4406929016,67.2341766357,-28.854763031,-123.916007996,-14.5332813263,7.31815052032,-30.6541309357,-53.8577728271,-17.1210536957,-4.14330053329],[-241.993530273,-287.532745361,915.254821777,-151.562866211,-67.5952148438,224.561721802,36.1696014404,-25.4691352844,36.1573295593,26.5965366364,1.29757475853,36.6889305115,44.299911499],[756.17199707,-42.4406929016,-151.562866211,276.183685303,14.1747226715,-45.2154998779,33.8393516541,76.6103210449,-18.8106021881,19.2926769257,31.9575748444,-6.07087755203,-23.8931980133],[-32.5312614441,67.2341766357,-67.5952148438,14.1747226715,143.786346436,-1.95330893993,-42.3528633118,-5.04898166656,35.2802429199,12.1005830765,-14.3388319016,-4.13051748276,7.66072463989],[170.844100952,-28.854763031,224.561721802,-45.2154998779,-1.95330893993,149.062988281,7.74322891235,-9.62110996246,11.608874321,16.9930610657,-7.56825256348,8.86143779755,11.2322702408],[-116.042938232,-123.916007996,36.1696014404,33.8393516541,-42.3528633118,7.74322891235,138.47328186,30.2861251831,-37.3828544617,3.62458848953,31.9465408325,8.81331920624,-4.42249965668],[409.623291016,-14.5332813263,-25.4691352844,76.6103210449,-5.04898166656,-9.62110996246,30.2861251831,101.546913147,-4.48440074921,7.94387292862,23.7335128784,-4.51863288879,-4.92268562317],[-176.527420044,7.31815052032,36.1573295593,-18.8106021881,35.2802429199,11.608874321,-37.3828544617,-4.48440074921,86.4315185547,18.1413593292,-17.4291038513,3.84321641922,10.7805013657],[112.820030212,-30.6541309357,26.5965366364,19.2926769257,12.1005830765,16.9930610657,3.62458848953,7.94387292862,18.1413593292,63.4288482666,15.6369142532,2.35054779053,8.70146656036],[-5.24318981171,-53.8577728271,1.29757475853,31.9575748444,-14.3388319016,-7.56825256348,31.9465408325,23.7335128784,-17.4291038513,15.6369142532,62.3305549622,16.3096427917,-9.51749420166],[-159.404693604,-17.1210536957,36.6889305115,-6.07087755203,-4.13051748276,8.86143779755,8.81331920624,-4.51863288879,3.84321641922,2.35054779053,16.3096427917,47.6298980713,16.7692947388],[-102.263076782,-4.14330053329,44.299911499,-23.8931980133,7.66072463989,11.2322702408,-4.42249965668,-4.92268562317,10.7805013657,8.70146656036,-9.51749420166,16.7692947388,55.9919548035]],"icov":[[0.0000879321378306,-0.0000278758434433,0.0000072701782301,-0.000209519130294,0.0000772086277721,-0.000215364780161,0.000229289318668,-0.000287821487291,0.000272063189186,-0.000173495121999,0.000164071534527,0.000142280070577,0.0000486784047098],[-0.0000278758434433,0.000757899368182,0.000290583004244,0.000271227007033,-0.000140222429764,-0.000219328896492,0.000496259133797,-0.000179215683602,0.000143735989695,0.000170124956639,0.000331299466779,-0.000242179390625,0.000052362884162],[0.0000072701782301,0.000290583004244,0.0021473672241,0.000646472733933,0.000913400552236,-0.00287479511462,-0.000106934814539,-0.00012392703502,-0.000807375123259,0.000111663495773,-0.000451576837804,-0.000325967965182,-0.000796964392066],[-0.000209519130294,0.000271227007033,0.000646472733933,0.00603464059532,-0.000953472102992,0.00106109597255,-0.000943028368056,-0.00292877410538,0.000361748796422,-0.00150220550131,-0.000331624556566,-0.00117186503485,0.00174507836346],[0.0000772086277721,-0.000140222429764,0.000913400552236,-0.000953472102992,0.00895167794079,-0.00135562126525,0.00183246855158,0.000234238017583,-0.00269691715948,-0.000936577212997,0.000325684726704,0.000695577415172,-0.00127453741152],[-0.000215364780161,-0.000219328896492,-0.00287479511462,0.00106109597255,-0.00135562126525,0.0120318662375,-0.00130046403501,0.000436335394625,0.000332825700752,-0.00256210379303,0.00231823674403,-0.00165828235913,0.00124996714294],[0.000229289318668,0.000496259133797,-0.000106934814539,-0.000943028368056,0.00183246855158,-0.00130046403501,0.0109632397071,-0.00283011700958,0.00412243977189,-0.000813845428638,-0.00181882106699,-0.000652312417515,-0.0000160848612722],[-0.000287821487291,-0.000179215683602,-0.00012392703502,-0.00292877410538,0.000234238017583,0.000436335394625,-0.00283011700958,0.015091679059,-0.00312076206319,0.00192061334383,-0.0054862271063,0.0034603162203,-0.00237346440554],[0.000272063189186,0.000143735989695,-0.000807375123259,0.000361748796422,-0.00269691715948,0.000332825700752,0.00412243977189,-0.00312076206319,0.0177279561758,-0.00621558725834,0.00605955114588,-0.00336086563766,0.00124335719738],[-0.000173495121999,0.000170124956639,0.000111663495773,-0.00150220550131,-0.000936577212997,-0.00256210379303,-0.000813845428638,0.00192061334383,-0.00621558725834,0.0218315608799,-0.00910899415612,0.00435287877917,-0.00533499754965],[0.000164071534527,0.000331299466779,-0.000451576837804,-0.000331624556566,0.000325684726704,0.00231823674403,-0.00181882106699,-0.0054862271063,0.00605955114588,-0.00910899415612,0.0283147934824,-0.0122079998255,0.00812241062522],[0.000142280070577,-0.000242179390625,-0.000325967965182,-0.00117186503485,0.000695577415172,-0.00165828235913,-0.000652312417515,0.0034603162203,-0.00336086563766,0.00435287877917,-0.0122079998255,0.0303044430912,-0.0106905382127],[0.0000486784047098,0.000052362884162,-0.000796964392066,0.00174507836346,-0.00127453741152,0.00124996714294,-0.0000160848612722,-0.00237346440554,0.00124335719738,-0.00533499754965,0.00812241062522,-0.0106905382127,0.024213494733]],"mean":[-672.359558105,86.2132492065,8.52746200562,20.4739875793,2.05169677734,10.4719781876,-9.55939292908,10.0401697159,-1.69497764111,2.41900467873,-3.76911902428,-5.09639549255,-1.9927341938]},"pitch_salience":{"dmean":0.0768764689565,"dmean2":0.124309226871,"dvar":0.00408631423488,"dvar2":0.0104325450957,"max":0.996098518372,"mean":0.638563811779,"median":0.647419989109,"min":0.217415913939,"var":0.00994912721217},"silence_rate_20dB":{"dmean":0,"dmean2":0,"dvar":0,"dvar2":0,"max":1,"mean":1,"median":1,"min":1,"var":0},"silence_rate_30dB":{"dmean":0,"dmean2":0,"dvar":0,"dvar2":0,"max":1,"mean":1,"median":1,"min":1,"var":0},"silence_rate_60dB":{"dmean":0.0644818022847,"dmean2":0.128977328539,"dvar":0.0603173151612,"dvar2":0.140010759234,"max":1,"mean":0.157037988305,"median":0,"min":0,"var":0.132373169065},"spectral_centroid":{"dmean":515.099365234,"dmean2":778.710388184,"dvar":321764.84375,"dvar2":748002.75,"max":11959.2324219,"mean":2080.84643555,"median":1815.42443848,"min":271.381744385,"var":2453921.25},"spectral_complexity":{"dmean":5.60119152069,"dmean2":7.75013303757,"dvar":42.4399452209,"dvar2":78.4540252686,"max":68,"mean":17.4151496887,"median":15,"min":0,"var":157.397735596},"spectral_contrast_coeffs":{"dmean":[0.053744610399,0.0413740053773,0.0332541689277,0.0297320447862,0.0246393531561,0.0238549523056],"dmean2":[0.0909353271127,0.0691892206669,0.0545979626477,0.0478988848627,0.0389474034309,0.0375613383949],"dvar":[0.00189980957657,0.00109322194476,0.000713384128176,0.000591038202401,0.00047387831728,0.000634409778286],"dvar2":[0.00512170000002,0.00304392259568,0.00190948881209,0.00147274602205,0.00116864230949,0.00150172004942],"max":[-0.388598263264,-0.605525672436,-0.577004909515,-0.525463581085,-0.550427138805,-0.585492193699],"mean":[-0.643998861313,-0.796009898186,-0.818931162357,-0.807363569736,-0.802093982697,-0.763642132282],"median":[-0.640057146549,-0.794525921345,-0.821224808693,-0.812779009342,-0.812108576298,-0.769134104252],"min":[-0.990858852863,-0.999277174473,-0.997690796852,-0.989789962769,-0.989340782166,-0.965577960014],"var":[0.00752031197771,0.00302310893312,0.00272927922197,0.00354917999357,0.00397462258115,0.00297142472118]},"spectral_contrast_valleys":{"dmean":[0.463901787996,0.380684375763,0.37021151185,0.379114717245,0.416725516319,0.554958939552],"dmean2":[0.74436545372,0.595291554928,0.567249238491,0.544636070728,0.568291902542,0.713400185108],"dvar":[0.147395178676,0.130440160632,0.149264231324,0.156613245606,0.19304253161,0.314290463924],"dvar2":[0.360221832991,0.297176718712,0.329055577517,0.330724954605,0.406605750322,0.692503273487],"max":[-6.00776958466,-5.03436851501,-5.15752029419,-5.25046825409,-5.20587491989,-6.74939823151],"mean":[-8.28065299988,-7.50047206879,-7.9597902298,-8.295378685,-8.15503406525,-10.269490242],"median":[-7.58149909973,-6.83137893677,-7.34253740311,-7.70011138916,-7.59567308426,-9.8976316452],"min":[-28.6198539734,-28.3443489075,-27.9262313843,-27.8927364349,-27.6035804749,-27.4606742859],"var":[9.96400642395,10.4115219116,9.92692184448,9.69593811035,9.9851026535,8.45605182648]},"spectral_decrease":{"dmean":1.02018116177e-9,"dmean2":1.50751844341e-9,"dvar":1.47888054502e-18,"dvar2":3.09343959681e-18,"max":3.86596748277e-22,"mean":-2.85630630259e-9,"median":-2.19903895093e-9,"min":-1.53696877447e-8,"var":5.61612043505e-18},"spectral_energy":{"dmean":0.0052423751913,"dmean2":0.00768745318055,"dvar":0.0000476118802908,"dvar2":0.000104096579889,"max":0.0853389874101,"mean":0.0130457375199,"median":0.00943123269826,"min":9.78871319728e-21,"var":0.000139029696584},"spectral_energyband_high":{"dmean":0.00225089164451,"dmean2":0.0037500243634,"dvar":0.0000245842365985,"dvar2":0.000061461039877,"max":0.068147726357,"mean":0.00215345225297,"median":0.000465455203084,"min":7.12694049794e-21,"var":0.0000238753327721},"spectral_energyband_low":{"dmean":0.00165673345327,"dmean2":0.00250316550955,"dvar":0.00000327022985402,"dvar2":0.00000707091567165,"max":0.0174978058785,"mean":0.00321647734381,"median":0.00220364355482,"min":7.02773303495e-24,"var":0.0000094772731245},"spectral_energyband_middle_high":{"dmean":0.00163845764473,"dmean2":0.00236597144976,"dvar":0.00000770636233938,"dvar2":0.0000182395942829,"max":0.0490480214357,"mean":0.00387285393663,"median":0.00172841164749,"min":1.14296145621e-21,"var":0.0000300096708088},"spectral_energyband_middle_low":{"dmean":0.00244361557998,"dmean2":0.00392443779856,"dvar":0.00000938449738896,"dvar2":0.0000243365211645,"max":0.0301262121648,"mean":0.00512323575094,"median":0.00341091235168,"min":1.52794393002e-22,"var":0.0000243535287154},"spectral_entropy":{"dmean":0.202461004257,"dmean2":0.275156527758,"dvar":0.031231097877,"dvar2":0.0654771476984,"max":9.82324886322,"mean":7.98620700836,"median":7.96237850189,"min":6.3158621788,"var":0.20820966363},"spectral_flux":{"dmean":0.0186654664576,"dmean2":0.0280258413404,"dvar":0.000411258108215,"dvar2":0.000765731791034,"max":0.269833922386,"mean":0.0668894127011,"median":0.058634955436,"min":6.35587693587e-11,"var":0.0016015402507},"spectral_kurtosis":{"dmean":1.2540179491,"dmean2":1.97744143009,"dvar":2.51382017136,"dvar2":6.99941158295,"max":31.5601921082,"mean":2.23963665962,"median":1.69363164902,"min":-1.27685797215,"var":7.66619110107},"spectral_rms":{"dmean":0.00067110377131,"dmean2":0.000947789289057,"dvar":5.05624200287e-7,"dvar2":0.00000101746513792,"max":0.00912455748767,"mean":0.00317160109989,"median":0.00303334835917,"min":3.09030166908e-12,"var":0.00000266849542641},"spectral_rolloff":{"dmean":1429.42138672,"dmean2":2365.81835938,"dvar":3288194,"dvar2":7062551,"max":19552.1484375,"mean":3497.10180664,"median":2433.25195312,"min":107.666015625,"var":12329225},"spectral_skewness":{"dmean":0.257539749146,"dmean2":0.381542950869,"dvar":0.0551812835038,"dvar2":0.131448790431,"max":4.00336885452,"mean":1.06700587273,"median":1.04993677139,"min":-0.0896913781762,"var":0.206985801458},"spectral_spread":{"dmean":958783.6875,"dmean2":1358647.125,"dvar":1617337909250,"dvar2":3722998972420,"max":51256208,"mean":6055919.5,"median":5240201,"min":1472068.125,"var":27942321127400},"spectral_strongpeak":{"dmean":0.523925542831,"dmean2":0.926715195179,"dvar":2.83512210846,"dvar2":7.93231487274,"max":39.0291862488,"mean":0.698430776596,"median":0.241577222943,"min":0,"var":3.01956057549},"zerocrossingrate":{"dmean":0.0237901248038,"dmean2":0.0286379009485,"dvar":0.0005229106755,"dvar2":0.000769131060224,"max":0.52978515625,"mean":0.108096815646,"median":0.08984375,"min":0.0107421875,"var":0.00691494019702}},"metadata":{"audio_properties":{"analysis_sample_rate":44100,"bit_rate":0,"codec":"flac","downmix":"mix","equal_loudness":0,"length":218.199996948,"lossless":true,"md5_encoded":"4a2752ca9728c88f3de36ecefacf3127","replay_gain":-9.00828170776,"sample_rate":44100},"tags":{"album":["The Rolling Stones"],"albumartist":["The Rolling Stones"],"albumartistsort":["Rolling Stones, The"],"artist":["The Rolling Stones"],"artistsort":["Rolling Stones, The"],"asin":["B001B10GGK"],"date":["2010"],"discnumber":["1"],"disctotal":["1"],"file_name":"01-04 Mona (I Need You Baby).flac","genre":["Rock"],"label":["ABKCO"],"labelno":["820 047-2"],"media":["Digital Media"],"musicbrainz_albumartistid":["b071f9fa-14b0-4217-8e97-eb41da73f598"],"musicbrainz_albumid":["fe94c3f2-d7bb-3db8-baa4-16e09e8a7b51"],"musicbrainz_artistid":["b071f9fa-14b0-4217-8e97-eb41da73f598"],"musicbrainz_recordingid":["bfebada8-a16b-4370-90a6-b708ec0359fe"],"musicbrainz_releasegroupid":["919b8534-f40f-3a07-be48-0a9095ab5ada"],"originaldate":["1964-04-17"],"performer":["Mick Jagger (harmonica)","Bill Wyman (bass guitar)","Charlie Watts (drums)","Keith Richards (guitar)","Bill Wyman (vocal)","Brian Jones (vocal)","Mick Jagger (vocal)","Brian Jones (guitar and harmonica)"],"publisher":["London Records"],"release date":["1984"],"releasecountry":["US"],"releasestatus":["official"],"releasetype":["album"],"script":["Latn"],"title":["Mona (I Need You Baby)"],"totaldiscs":["1"],"totaltracks":["12"],"tracknumber":["4"],"tracktotal":["12"]},"version":{"essentia":"2.1-beta1","essentia_build_sha":"ca57ba49d9b1854bd80e60cf9ccf267278fb7d6b","essentia_git_sha":"v2.1_beta1-28-g21ef5f4-dirty","extractor":"music 1.0"}},"rhythm":{"beats_count":356,"beats_loudness":{"dmean":0.0139714293182,"dmean2":0.0228655561805,"dvar":0.000188889345736,"dvar2":0.000461528456071,"max":0.0897951051593,"mean":0.0212915446609,"median":0.0184442270547,"min":0,"var":0.00