{"lowlevel":{"average_loudness":0.632995486259,"barkbands":{"dmean":[0.010655795224,0.0213285740465,0.00325254909694,0.00204129191115,0.00159109930974,0.0011880940292,0.000382944621379,0.000395928567741,0.000375650823116,0.000322066247463,0.000325541186612,0.000623491941951,0.000500396301504,0.000354585092282,0.00040999497287,0.000174435670488,0.00010858807218,0.000109085201984,0.0000767093879404,0.0000577040445933,0.0000707901272108,0.0000606540925219,0.0000149033057824,0.00000858281600813,0.0000040653603719,0.0000118872203529,0.000410544424085],"dmean2":[0.0184004679322,0.0365291014314,0.00537558877841,0.00335607142188,0.00268163532019,0.00193562847562,0.000632983166724,0.000649690511636,0.000621464627329,0.00053297431441,0.000540403823834,0.00102435145527,0.000824619899504,0.000594618730247,0.000681967707351,0.000291534466669,0.000181499373866,0.000181124793016,0.000122268247651,0.0000894885888556,0.000107040941657,0.000098681441159,0.0000231263547903,0.0000135083218993,0.0000067041546572,0.0000181030118256,0.000650992966257],"dvar":[0.000327088433551,0.00164154765662,0.0000353545146936,0.0000204745538213,0.0000133257062771,0.0000112169755084,0.00000122834148897,0.0000014387031797,0.00000139623546147,8.14537088445e-7,5.57126668355e-7,0.0000025345807444,9.78483171821e-7,4.52430725773e-7,7.68940822127e-7,8.9748539267e-8,3.82953260214e-8,4.19636307925e-8,3.39501653457e-8,2.07391099849e-8,1.17409243217e-7,1.19943933896e-7,2.62217714209e-9,2.13527595605e-9,5.6088272915e-11,1.32223676452e-9,4.81521965412e-7],"dvar2":[0.000901356339455,0.00472061242908,0.00009527723887,0.0000491105201945,0.0000359967853001,0.0000274929025181,0.00000309725805892,0.00000353877180714,0.00000373133457288,0.0000022257377168,0.00000145737226376,0.00000646787702863,0.00000248586070484,0.00000122426922644,0.00000190097341601,2.42908612336e-7,1.0382925808e-7,1.08541648558e-7,8.02915494091e-8,4.67726870568e-8,2.75711300901e-7,3.11053184987e-7,5.95312776852e-9,5.24373255928e-9,1.40733466547e-10,2.88065327148e-9,0.00000116554645047],"max":[0.274420082569,0.674288868904,0.107984945178,0.157013639808,0.097312413156,0.0658569484949,0.0367323383689,0.0627136602998,0.0368198826909,0.0272686071694,0.0249608214945,0.0701561272144,0.0209543928504,0.0127564752474,0.0404853746295,0.0064868372865,0.0041132895276,0.00797666795552,0.00582952890545,0.0051135327667,0.0143984491006,0.00928245857358,0.00135737657547,0.00188619154505,0.000139603158459,0.00106933386996,0.021810669452],"mean":[0.0187445618212,0.0347703546286,0.00468279141933,0.00312409852631,0.00225903699175,0.00166691886261,0.00050860689953,0.000544989074115,0.000516905274708,0.000445595360361,0.000480047921883,0.00105957931373,0.000894189928658,0.000653439667076,0.000787048484199,0.000371026457287,0.000236371677602,0.000248891272349,0.000176179106347,0.000132997956825,0.000118243027828,0.0000690003798809,0.0000218093609874,0.0000105442941276,0.00000447963475381,0.0000177002602868,0.00172233779449],"median":[0.010338245891,0.0236531607807,0.00213071960025,0.000923049403355,0.000900767627172,0.000454575929325,0.000122730445582,0.000109507658635,0.000124744023196,0.000109269225504,0.00015445119061,0.000312901713187,0.000314986711601,0.000219918918447,0.000267485127551,0.000164614713867,0.000116686198453,0.000122974117403,0.0000595887140662,0.0000445137920906,0.0000267291052296,0.0000126062668642,0.00000580904270464,0.00000274147441814,0.00000180917425041,0.00000556795521334,0.00115294626448],"min":[4.02308680253e-23,7.70021329083e-24,2.77279906574e-23,1.68822844372e-23,9.04971448594e-23,1.07769885468e-22,7.72157627523e-23,6.51293913206e-23,3.75222478429e-23,9.0549613576e-23,5.37415972412e-23,1.12661731848e-22,1.22389219847e-22,1.20927403791e-22,1.00744908713e-22,1.93783327958e-22,2.07260240284e-22,2.02731699061e-22,2.89539492928e-22,4.84595360811e-22,3.47920677765e-22,4.93293126582e-22,5.58594300253e-22,8.27297439698e-22,1.11690274256e-21,1.89639556481e-21,2.23972782365e-21],"var":[0.000536148902029,0.00181714643259,0.0000576981146878,0.0000550317745365,0.0000168124952324,0.0000174639699253,0.0000017043734033,0.00000221972936743,0.00000200436238629,0.00000119206345062,8.54418431118e-7,0.00000453648226539,0.00000218255786422,9.97094502964e-7,0.00000193005871552,2.45314851099e-7,1.10843146217e-7,1.30155271449e-7,1.17982345671e-7,6.27512406481e-8,1.3629923501e-7,9.43629672179e-8,3.24995474976e-9,2.32184138582e-9,6.50129255986e-11,2.05528150055e-9,0.00000439950827058]},"barkbands_crest":{"dmean":3.09323143959,"dmean2":5.21360635757,"dvar":6.88278484344,"dvar2":19.2057533264,"max":24.9500370026,"mean":13.2728796005,"median":13.4792289734,"min":2.83772373199,"var":16.4662818909},"barkbands_flatness_db":{"dmean":0.0353851281106,"dmean2":0.0583369806409,"dvar":0.00101636722684,"dvar2":0.00287600141019,"max":0.531599581242,"mean":0.199018150568,"median":0.18552826345,"min":0.0286258980632,"var":0.00620013615116},"barkbands_kurtosis":{"dmean":18.2048492432,"dmean2":30.5697727203,"dvar":1193.3125,"dvar2":3455.09277344,"max":457.593200684,"mean":39.0971412659,"median":12.6206045151,"min":-1.86361145973,"var":4393.27099609},"barkbands_skewness":{"dmean":1.09927535057,"dmean2":1.80799877644,"dvar":1.35844349861,"dvar2":3.65474891663,"max":16.6069374084,"mean":4.33434915543,"median":3.36965656281,"min":-1.87613022327,"var":9.47867393494},"barkbands_spread":{"dmean":7.60981655121,"dmean2":12.473482132,"dvar":83.9502410889,"dvar2":217.486526489,"max":132.575546265,"mean":23.5640163422,"median":18.3057537079,"min":0.307992070913,"var":412.956756592},"dissonance":{"dmean":0.013644834049,"dmean2":0.0232304669917,"dvar":0.000228608972975,"dvar2":0.000629547634162,"max":0.500000178814,"mean":0.478413999081,"median":0.484144419432,"min":0.234529405832,"var":0.000403860205552},"dynamic_complexity":6.30145645142,"erbbands":{"dmean":[1.07509481907,3.3980410099,3.90524363518,5.69873428345,5.15135478973,5.92803001404,6.82805633545,11.203294754,5.56211662292,7.21807003021,7.81911754608,9.04164791107,8.0366268158,10.6015481949,14.1743240356,27.2748470306,21.899356842,16.6812477112,22.7631759644,13.3647947311,7.89579343796,5.80528259277,6.32112503052,4.13183259964,3.50656056404,2.4757335186,2.26583838463,3.40962195396,2.4030687809,0.9502633214,0.362970530987,0.225413694978,0.110743097961,0.0493116118014,0.0287605281919,0.033912461251,0.0243555977941,0.0216823872179,0.0153894992545,0.00973635818809],"dmean2":[1.83454048634,5.84052181244,6.53064537048,9.20788574219,8.71326065063,10.0465974808,11.3134889603,18.3019104004,9.21992778778,11.8255786896,12.9297361374,14.8163776398,13.2706737518,17.5952301025,23.4975414276,44.8132400513,35.8453521729,27.7758998871,37.9049377441,22.3464889526,13.1146068573,9.64896869659,10.5011034012,6.62300443649,5.469810009,3.80041432381,3.34541678429,5.32065105438,3.91324138641,1.49325430393,0.561801254749,0.352445632219,0.174262240529,0.0802897885442,0.0474936589599,0.0526973940432,0.0374212637544,0.0314266309142,0.0217648558319,0.0150395445526],"dvar":[4.04505872726,45.1083450317,52.6302032471,141.628341675,127.488983154,206.885604858,249.870498657,1226.26745605,222.126220703,559.519714355,396.84866333,993.56652832,481.283355713,906.294921875,1002.78356934,5313.54394531,1824.91381836,1071.15368652,2554.83081055,682.497253418,177.562026978,112.415534973,147.654769897,85.4581222534,70.4750061035,38.569355011,42.3591537476,370.281768799,202.520446777,21.8237533569,1.32910215855,1.76642823219,0.148332953453,0.00894415564835,0.00273612816818,0.00931532308459,0.00948733091354,0.00629422115162,0.00161095813382,0.000232160004089],"dvar2":[11.5498876572,129.943267822,146.504760742,339.78616333,352.719207764,551.36730957,642.180358887,2980.79931641,573.956115723,1345.50268555,1015.01330566,2700.328125,1278.58862305,2517.77026367,2704.0859375,13407.0800781,4688.09130859,2755.00805664,6206.17822266,1841.4831543,478.744049072,300.496612549,385.608093262,202.436141968,162.156143188,84.9995498657,86.2035064697,908.63092041,528.246826172,53.4799842834,2.94534826279,4.25590801239,0.3690751791,0.0217279400676,0.00691458722576,0.0207388047129,0.0226689316332,0.0134657490999,0.00309493672103,0.000537489890121],"max":[33.6071929932,111.916213989,147.975006104,455.666748047,326.344390869,306.606445312,368.638519287,788.274108887,576.705871582,936.305541992,617.145385742,1078.54980469,935.444030762,1108.51965332,933.275817871,3391.05493164,794.83782959,844.454772949,2500.88354492,530.512634277,234.956329346,201.577590942,508.25189209,347.879699707,228.581176758,215.809356689,176.273727417,782.413574219,392.061462402,184.60446167,24.8690261841,55.403717041,17.0590667725,2.01764774323,0.981516957283,2.97600126266,3.31616139412,1.95672345161,1.02249836922,0.465333521366],"mean":[1.84258759022,4.62077999115,5.7924580574,9.63894176483,7.41602897644,7.73640441895,9.42709350586,15.376616478,7.84518194199,9.80914497375,11.5850467682,12.4848709106,11.4150161743,16.5515460968,23.9227657318,47.4723777771,42.094203949,34.4755592346,45.3267097473,28.5942382812,18.3011779785,13.8893413544,14.8511514664,9.78723716736,8.23783397675,5.8719792366,4.89234781265,4.73729133606,2.69777417183,1.25312387943,0.536044001579,0.287605196238,0.135081350803,0.0565268695354,0.031690530479,0.0419961325824,0.0356722585857,0.0405560955405,0.056630320847,0.0530436746776],"median":[1.0985199213,2.55265688896,3.00190210342,3.41289877892,2.86610150337,2.89563941956,3.18267703056,3.82211971283,2.18420386314,2.13591432571,2.61116361618,2.87451028824,3.15023469925,4.89742326736,8.09147453308,14.6688899994,15.7949914932,12.2451219559,15.2723655701,11.9045066833,8.34410953522,7.12403726578,7.50701141357,4.06494379044,2.6889102459,1.97606098652,1.42941963673,0.879774868488,0.46826595068,0.284360378981,0.148167386651,0.0695025399327,0.041120942682,0.0222940389067,0.012966632843,0.0134865520522,0.0106055112556,0.0127396993339,0.0279351454228,0.0408563353121],"min":[5.1197557425e-22,1.10001682778e-21,1.90490663939e-20,7.18504072712e-20,1.91233094082e-19,3.46695719001e-19,1.79191554486e-19,1.14698063148e-18,1.29585339281e-18,1.0599629888e-18,1.40135821199e-18,1.08981883224e-18,2.58919794682e-18,1.72606641048e-18,3.48346807693e-18,4.10280384414e-18,5.63436679859e-18,6.49676752086e-18,5.86577264291e-18,6.03349343827e-18,1.26272371326e-17,1.24563126667e-17,9.50014782848e-18,1.67903271406e-17,1.80314223142e-17,2.15936574242e-17,1.43859182407e-17,1.29579803374e-17,1.56140763095e-17,1.85692965075e-17,1.54803791071e-17,1.48905066861e-17,1.49709781248e-17,1.14481085402e-17,8.46756999802e-18,5.39656932969e-18,4.20166392146e-18,1.17073715528e-18,2.92145277253e-19,3.60596010981e-20],"var":[5.12605714798,46.9249076843,71.0501174927,450.365020752,174.793609619,240.928863525,353.059448242,1856.92248535,314.438995361,754.797058105,760.190551758,1385.35107422,689.586730957,1444.41491699,1773.36364746,9275.32519531,4268.64746094,2836.66967773,6385.53320312,1813.35546875,553.786132812,357.152862549,445.707122803,290.852203369,261.109405518,122.405357361,97.2653045654,356.674163818,156.792633057,20.0782108307,1.80604672432,1.96721160412,0.171661049128,0.0110784275457,0.00315941870213,0.0122936479747,0.0121074831113,0.00940531399101,0.00835241377354,0.00319888908416]},"erbbands_crest":{"dmean":2.3431687355,"dmean2":3.89506173134,"dvar":5.03478574753,"dvar2":12.8907251358,"max":29.3241901398,"mean":7.75490379333,"median":6.71889209747,"min":2.00539159775,"var":14.5207433701},"erbbands_flatness_db":{"dmean":0.0203976407647,"dmean2":0.0324462987483,"dvar":0.000330225622747,"dvar2":0.0008362227818,"max":0.327911198139,"mean":0.124051660299,"median":0.120211645961,"min":0.0365382246673,"var":0.00156393274665},"erbbands_kurtosis":{"dmean":0.900919616222,"dmean2":1.44614434242,"dvar":1.70536208153,"dvar2":4.04367208481,"max":52.2309837341,"mean":0.560107827187,"median":0.00977911520749,"min":-1.68798804283,"var":4.22993373871},"erbbands_skewness":{"dmean":0.332005769014,"dmean2":0.520391643047,"dvar":0.0899030193686,"dvar2":0.211083188653,"max":6.16227817535,"mean":-0.309959888458,"median":-0.389070540667,"min":-4.55244874954,"var":0.535751700401},"erbbands_spread":{"dmean":7.57161998749,"dmean2":12.0922374725,"dvar":48.3113555908,"dvar2":115.190155029,"max":138.230163574,"mean":38.8874664307,"median":35.8084373474,"min":3.1679058075,"var":320.322784424},"gfcc":{"cov":[[15103.0400391,-562.364929199,-1189.98254395,105.659545898,362.891113281,-724.947509766,370.274841309,-567.211853027,165.418212891,-144.2162323,-25.6262969971,-89.6362915039,-190.76612854],[-562.364929199,716.037658691,-2.21586060524,-280.117156982,60.2167015076,-1.90945780277,-6.27827358246,-1.94555461407,3.73389005661,-23.0798206329,77.3549194336,-27.0251026154,69.5940856934],[-1189.98254395,-2.21586060524,467.65335083,134.273773193,-168.520126343,175.537200928,-74.5378646851,157.546081543,-52.2970619202,46.7276573181,-14.2909545898,43.8554916382,16.7357025146],[105.659545898,-280.117156982,134.273773193,325.419403076,26.9481506348,-12.8850870132,56.2899742126,24.4218120575,19.111032486,14.7674636841,-46.5335884094,12.3005123138,-30.7351741791],[362.891113281,60.2167015076,-168.520126343,26.9481506348,326.013702393,-51.9744110107,96.9815444946,-74.6794967651,27.3132228851,-40.7448883057,40.9824485779,-44.3725585938,14.6203451157],[-724.947509766,-1.90945780277,175.537200928,-12.8850870132,-51.9744110107,217.67956543,-28.5619564056,87.7246017456,-52.1010818481,24.4151248932,8.35493278503,27.7418861389,18.7196083069],[370.274841309,-6.27827358246,-74.5378646851,56.2899742126,96.9815444946,-28.5619564056,190.010910034,-41.2246589661,29.516248703,-10.6197919846,19.1048049927,16.6819705963,4.07801961899],[-567.211853027,-1.94555461407,157.546081543,24.4218120575,-74.6794967651,87.7246017456,-41.2246589661,156.836288452,2.77287626266,25.1190509796,-7.51025342941,5.90422582626,15.0114746094],[165.418212891,3.73389005661,-52.2970619202,19.111032486,27.3132228851,-52.1010818481,29.516248703,2.77287626266,88.92552948,27.4570178986,0.909360826015,-4.67604255676,-6.58864593506],[-144.2162323,-23.0798206329,46.7276573181,14.7674636841,-40.7448883057,24.4151248932,-10.6197919846,25.1190509796,27.4570178986,79.092918396,30.4154911041,16.9918327332,9.6958322525],[-25.6262969971,77.3549194336,-14.2909545898,-46.5335884094,40.9824485779,8.35493278503,19.1048049927,-7.51025342941,0.909360826015,30.4154911041,90.9850006104,32.1251907349,26.9411449432],[-89.6362915039,-27.0251026154,43.8554916382,12.3005123138,-44.3725585938,27.7418861389,16.6819705963,5.90422582626,-4.67604255676,16.9918327332,32.1251907349,75.6052474976,21.2203960419],[-190.76612854,69.5940856934,16.7357025146,-30.7351741791,14.6203451157,18.7196083069,4.07801961899,15.0114746094,-6.58864593506,9.6958322525,26.9411449432,21.2203960419,64.6006164551]],"icov":[[0.0000939091842156,0.0000467711070087,0.000181391907972,-0.000072262599133,0.0000768899262766,0.000114429785754,-0.000082299899077,0.0000910789894988,0.00000126944996737,0.0000759828835726,-0.000115472816105,0.000053220846894,0.0000984259313555],[0.0000467711070087,0.00360057572834,-0.00284319370985,0.00395852699876,-0.000701864482835,0.00125280499924,-0.00105199671816,0.00084434816381,-0.00214756163768,0.0021336437203,-0.00193427747581,0.00240696989931,-0.00197807885706],[0.000181391907972,-0.00284319370985,0.00909025222063,-0.00699602812529,0.00330261606723,-0.00389042776078,0.00189391174354,-0.00307896500453,0.00305927847512,-0.000960919132922,-0.000827465148177,-0.000996255548671,0.0000195430930034],[-0.000072262599133,0.00395852699876,-0.00699602812529,0.0118783628568,-0.0052083954215,0.0049521336332,-0.00319363060407,-0.000413034344092,-0.000156859998242,-0.00331255071796,0.00563570577651,-0.00293788686395,0.00212315865792],[0.0000768899262766,-0.000701864482835,0.00330261606723,-0.0052083954215,0.00940858572721,-0.00395873654634,-0.000790750375018,0.00272879027762,-0.00425238162279,0.00776908267289,-0.00938203278929,0.00896160956472,-0.00454762764275],[0.000114429785754,0.00125280499924,-0.00389042776078,0.0049521336332,-0.00395873654634,0.0113930944353,-0.00181889324449,-0.00416923081502,0.00670297536999,-0.00588598800823,0.00451462296769,-0.00454275636002,0.00220688153058],[-0.000082299899077,-0.00105199671816,0.00189391174354,-0.00319363060407,-0.000790750375018,-0.00181889324449,0.00822751130909,0.000906775472686,-0.00230984017253,0.00185377430171,-0.00114284851588,-0.00272950693034,-0.000284451351035],[0.0000910789894988,0.00084434816381,-0.00307896500453,-0.000413034344092,0.00272879027762,-0.00416923081502,0.000906775472686,0.0132899982855,-0.00716342497617,0.00399652775377,-0.00320692081004,0.00540207466111,-0.00436196569353],[0.00000126944996737,-0.00214756163768,0.00305927847512,-0.000156859998242,-0.00425238162279,0.00670297536999,-0.00230984017253,-0.00716342497617,0.0242513790727,-0.0158903766423,0.0092627312988,-0.0068136760965,0.00551420915872],[0.0000759828835726,0.0021336437203,-0.000960919132922,-0.00331255071796,0.00776908267289,-0.00588598800823,0.00185377430171,0.00399652775377,-0.0158903766423,0.0306387320161,-0.0182783678174,0.00959929823875,-0.00624925643206],[-0.000115472816105,-0.00193427747581,-0.000827465148177,0.00563570577651,-0.00938203278929,0.00451462296769,-0.00114284851588,-0.00320692081004,0.0092627312988,-0.0182783678174,0.0302783939987,-0.016921306029,0.00289008603431],[0.000053220846894,0.00240696989931,-0.000996255548671,-0.00293788686395,0.00896160956472,-0.00454275636002,-0.00272950693034,0.00540207466111,-0.0068136760965,0.00959929823875,-0.016921306029,0.0297972057015,-0.0102370874956],[0.0000984259313555,-0.00197807885706,0.0000195430930034,0.00212315865792,-0.00454762764275,0.00220688153058,-0.000284451351035,-0.00436196569353,0.00551420915872,-0.00624925643206,0.00289008603431,-0.0102370874956,0.0239855088294]],"mean":[-23.9462680817,95.2785949707,-77.1101760864,10.9730291367,7.51975011826,-2.4698779583,3.2241153717,-15.1616334915,-0.96077221632,-2.73826265335,1.21489346027,-1.8363597393,-1.41705203056]},"hfc":{"dmean":155.241516113,"dmean2":239.085372925,"dvar":72227.0703125,"dvar2":183298.40625,"max":5739.59667969,"mean":489.538696289,"median":336.266906738,"min":1.14996964863e-16,"var":303564.9375},"melbands":{"dmean":[0.00765793956816,0.0026772278361,0.000897079240531,0.000381283258321,0.000236893509282,0.000236723499256,0.0000825998431537,0.0000819728520582,0.0000629022833891,0.000057136061514,0.0000412155350205,0.0000446623234893,0.000046828041377,0.0000605187196925,0.0000760460898164,0.0000417596493207,0.0000336667399097,0.0000388945518353,0.0000257535411947,0.0000148069893839,0.00000949402510741,0.000006252807907,0.00000774792079028,0.00000476241257275,0.00000365069195141,0.00000296410121337,0.00000243426666202,0.0000017082533077,0.00000150670609855,0.00000174016656729,0.00000217041770156,0.0000015797144215,7.98786857104e-7,4.32113807847e-7,2.27797400498e-7,1.40169774454e-7,1.4238385404e-7,8.37332478909e-8,5.66322313489e-8,3.66717216593e-8],"dmean2":[0.0131012061611,0.00455591501668,0.00145010312553,0.000644067418762,0.000390863075154,0.000386178260669,0.000136828384711,0.000134462141432,0.000104018865386,0.0000943701743381,0.0000681436285959,0.0000744365752325,0.0000778565008659,0.0000998689138214,0.000125013699289,0.0000686759667587,0.0000564205292903,0.0000652298040222,0.0000428027342423,0.0000247887783189,0.0000158622442541,0.000010481393474,0.0000130034122776,0.00000790717240307,0.00000591014440943,0.00000477304001834,0.00000384857594327,0.00000268796452474,0.00000231663784689,0.00000266459460363,0.00000348152047991,0.00000262030380327,0.00000128592091642,6.78742992477e-7,3.56681056246e-7,2.18887521442e-7,2.26629296662e-7,1.3306939195e-7,9.00513370539e-8,6.05488708061e-8],"dvar":[0.000209441626794,0.0000264547852566,0.00000328582109432,8.35845071379e-7,2.65074106665e-7,5.09591529863e-7,4.99457044612e-8,7.22173183476e-8,2.3560607687e-8,4.15063574621e-8,1.2749832301e-8,1.68258456057e-8,1.15991900529e-8,2.58622794291e-8,2.97137567884e-8,6.75649625137e-9,4.43743397582e-9,6.86844625619e-9,2.59174992578e-9,7.16055215122e-10,2.69115840723e-10,1.3124643039e-10,2.01897207286e-10,8.68512345376e-11,6.87442602842e-11,5.4017682688e-11,3.97071923952e-11,1.8808872862e-11,1.5532656758e-11,6.21215856533e-11,1.67828126396e-10,9.1558184645e-11,2.08041413957e-11,3.47591096531e-12,5.06263867633e-13,2.17450013616e-13,1.15188598677e-12,1.21703726741e-13,1.67949879129e-14,4.69102219837e-15],"dvar2":[0.000596801517531,0.0000752338237362,0.00000815265502752,0.00000229782540373,6.79772256262e-7,0.00000123973563859,1.28790759391e-7,1.7329385571e-7,6.01645311349e-8,1.13169001281e-7,3.38931478439e-8,4.68883634142e-8,3.05294918235e-8,6.72942803703e-8,7.36204839313e-8,1.71349512357e-8,1.17249765452e-8,1.71386371761e-8,6.73556455055e-9,1.92411153677e-9,7.34149629977e-10,3.56310370098e-10,5.44010725356e-10,2.25880453231e-10,1.66582483918e-10,1.29635746582e-10,9.44653938406e-11,4.35973028512e-11,3.33637319161e-11,1.4572149043e-10,4.26378543583e-10,2.42408315643e-10,5.27751696511e-11,8.36548885719e-12,1.13726335207e-12,5.00825130065e-13,2.86627947939e-12,3.23263985025e-13,3.8595940544e-14,1.17976561544e-14],"max":[0.230997145176,0.0996706411242,0.0635761246085,0.0254116468132,0.00982984155416,0.0154922567308,0.00842299405485,0.0128178885207,0.0038411191199,0.00709197763354,0.00481450976804,0.00462155789137,0.00401994027197,0.00794645026326,0.00437631178647,0.00213798461482,0.00151634356007,0.00375358387828,0.00149755505845,0.000573673460167,0.000309206894599,0.000214795552893,0.000286683847662,0.00042489473708,0.000277462735539,0.000182729243534,0.00027498518466,0.000142996927025,0.0000921279497561,0.000386889674701,0.000427825929364,0.000243616872467,0.000166660538525,0.0000638881101622,0.0000150742798724,0.000013148135622,0.0000448334249086,0.000018404211005,0.00000297901692647,0.00000128728277105],"mean":[0.0138810304925,0.00404271204025,0.00155757064931,0.00053587887669,0.000336613506079,0.00033039911068,0.000115518720122,0.000111079025373,0.0000919806479942,0.0000770712285885,0.0000565712434764,0.0000659018623992,0.000071867943916,0.000102465768578,0.000130218119011,0.0000755645160098,0.0000623593732598,0.0000739885654184,0.0000503115588799,0.0000295225036098,0.0000194199928956,0.0000130925664052,0.0000163635195349,0.0000104189684862,0.0000076621727203,0.0000064074652073,0.00000508486709805,0.00000367504003407,0.00000314489011544,0.00000296576854453,0.00000263162701231,0.00000168231701991,9.44281794091e-7,5.8725299823e-7,3.27806986888e-7,1.94535815012e-7,1.68400163147e-7,9.95219409106e-8,6.71075213177e-8,3.98109456512e-8],"median":[0.00922220759094,0.00222877482884,0.000612247327808,0.000213425213587,0.000117759504064,0.000085020212282,0.0000315153556585,0.0000234027174884,0.0000211879414564,0.0000175352961378,0.0000151143849507,0.0000182189105544,0.0000235779334616,0.0000306945476041,0.0000424952049798,0.0000269390802714,0.0000208982291952,0.0000241328070842,0.0000179055587068,0.0000129739300974,0.00000815158909973,0.00000627094550509,0.00000815942621557,0.00000488079558636,0.00000292845334116,0.00000200742033485,0.00000161646335073,0.00000118550053685,9.44957889715e-7,6.75868307098e-7,4.28804582953e-7,2.75001156069e-7,1.91659538018e-7,1.41030767509e-7,8.85835689246e-8,5.4681979833e-8,3.58291423197e-8,2.89174675316e-8,2.39320208095e-8,1.58928958882e-8],"min":[4.14536150502e-24,7.54916536014e-24,1.21736431137e-23,2.47993271918e-23,6.32853208807e-24,2.46033646767e-23,1.96733563614e-23,1.19935012039e-23,1.02832704829e-23,6.42326876076e-24,1.36183187993e-23,7.63031627032e-24,8.87047424422e-24,1.24474425344e-23,1.20331256872e-23,1.20432025964e-23,1.18928922507e-23,9.5842813452e-24,7.32624904554e-24,7.70927651377e-24,1.7250494731e-23,1.42025681183e-23,8.68414766499e-24,8.7298731985e-24,1.4485884357e-23,9.57461858797e-24,2.05341361376e-23,1.17849066591e-23,9.17438764113e-24,6.42988730375e-24,8.47925524436e-24,7.33970149056e-24,1.22167914386e-23,1.01765486465e-23,9.08292000803e-24,8.18267036527e-24,9.2182333191e-24,9.96301977668e-24,1.15053438206e-23,8.86588859578e-24],"var":[0.000260957691353,0.0000317848389386,0.00000980318236543,0.0000010015147609,3.90791655036e-7,7.86065356806e-7,7.06577552023e-8,9.89343860169e-8,4.55226363272e-8,5.67925475536e-8,1.77670589352e-8,2.60069494828e-8,1.81846555591e-8,4.36868994313e-8,5.61425324008e-8,1.57909489928e-8,9.90103643517e-9,1.64571503092e-8,6.75448941223e-9,1.76009651298e-9,6.82755518788e-10,3.44956563314e-10,5.3798110411e-10,2.47072223791e-10,1.99212812912e-10,1.69604039146e-10,1.04774133813e-10,5.15289096115e-11,3.77647080274e-11,7.72880162647e-11,1.44191963924e-10,6.79848677354e-11,1.70392831789e-11,3.48132612148e-12,6.73859351565e-13,2.92675443343e-13,1.15525481976e-12,1.17560868267e-13,2.1609314815e-14,5.32748910769e-15]},"melbands_crest":{"dmean":4.28079843521,"dmean2":7.0117020607,"dvar":16.2635211945,"dvar2":43.6681747437,"max":39.5141029358,"mean":24.7510929108,"median":24.4592075348,"min":2.00058674812,"var":67.5325698853},"melbands_flatness_db":{"dmean":0.0417401045561,"dmean2":0.0682268217206,"dvar":0.0013183375122,"dvar2":0.00361087359488,"max":0.645175337791,"mean":0.318725198507,"median":0.309404790401,"min":0.00518160173669,"var":0.00771400332451},"melbands_kurtosis":{"dmean":44.8492927551,"dmean2":75.4288101196,"dvar":20686.8730469,"dvar2":61177.0820312,"max":5438.75048828,"mean":80.3970489502,"median":27.0981845856,"min":-1.81184113026,"var":32131.1132812},"melbands_skewness":{"dmean":1.68567156792,"dmean2":2.75525689125,"dvar":4.63808345795,"dvar2":13.1633319855,"max":51.7029571533,"mean":6.04024219513,"median":4.7737698555,"min":-0.396324723959,"var":21.0633850098},"melbands_spread":{"dmean":4.39943647385,"dmean2":7.23997545242,"dvar":37.8301506042,"dvar2":93.4449691772,"max":191.469467163,"mean":10.6992206573,"median":7.402384758,"min":0.0424388945103,"var":131.315704346},"mfcc":{"cov":[[11886.8632812,545.502746582,-1752.76708984,517.253845215,-303.230865479,208.991973877,-297.781768799,-110.256118774,-198.593093872,-36.2056694031,-19.7763500214,-51.5146484375,-152.239486694],[545.502746582,1022.68865967,-192.93107605,-164.804260254,40.4336280823,-29.2809753418,51.5945854187,-33.9655380249,-18.6361370087,-39.7130508423,12.488617897,16.492816925,17.4983940125],[-1752.76708984,-192.93107605,767.079284668,-109.026374817,12.492931366,-73.9032745361,27.3730297089,47.0839691162,54.2345046997,0.740850627422,-0.787347137928,27.1305942535,34.9706382751],[517.253845215,-164.804260254,-109.026374817,354.061798096,-4.63289117813,58.6319999695,-12.0747394562,22.8736019135,21.2140865326,40.7089729309,2.07787084579,-6.10845422745,-0.727870643139],[-303.230865479,40.4336280823,12.492931366,-4.63289117813,181.466751099,0.339131712914,41.1954345703,1.40498793125,9.38256549835,12.7722711563,7.27240896225,-2.88404130936,2.45368909836],[208.991973877,-29.2809753418,-73.9032745361,58.6319999695,0.339131712914,132.80632019,46.6676445007,16.2025184631,-1.63309168816,-7.46636962891,0.663568258286,5.7942404747,6.6030216217],[-297.781768799,51.5945854187,27.3730297089,-12.0747394562,41.1954345703,46.6676445007,139.762405396,41.3595581055,13.7117452621,-12.6060533524,-6.04450464249,14.1608057022,24.4153442383],[-110.256118774,-33.9655380249,47.0839691162,22.8736019135,1.40498793125,16.2025184631,41.3595581055,89.2281188965,28.2126464844,3.79126405716,-5.8110332489,1.3109279871,9.5313911438],[-198.593093872,-18.6361370087,54.2345046997,21.2140865326,9.38256549835,-1.63309168816,13.7117452621,28.2126464844,75.4251022339,29.6597003937,7.45809268951,-3.75475311279,-3.51967930794],[-36.2056694031,-39.7130508423,0.740850627422,40.7089729309,12.7722711563,-7.46636962891,-12.6060533524,3.79126405716,29.6597003937,72.51171875,25.4009246826,-3.70572829247,-3.46625423431],[-19.7763500214,12.488617897,-0.787347137928,2.07787084579,7.27240896225,0.663568258286,-6.04450464249,-5.8110332489,7.45809268951,25.4009246826,50.6989936829,20.8777103424,6.96738958359],[-51.5146484375,16.492816925,27.1305942535,-6.10845422745,-2.88404130936,5.7942404747,14.1608057022,1.3109279871,-3.75475311279,-3.70572829247,20.8777103424,51.6826858521,27.7542705536],[-152.239486694,17.4983940125,34.9706382751,-0.727870643139,2.45368909836,6.6030216217,24.4153442383,9.5313911438,-3.51967930794,-3.46625423431,6.96738958359,27.7542705536,55.4377326965]],"icov":[[0.000153146349476,-0.0000827905823826,0.000271608383628,-0.000154686145834,0.00016655116633,-0.000124327823869,0.000282109744148,-0.000140681106132,0.000194780150196,0.0000199858332053,0.0000937778750085,-0.000208730984014,0.000287037313683],[-0.0000827905823826,0.00130390573759,0.000353364797775,0.000639192177914,-0.0002591595985,0.000598515442107,-0.000739543698728,0.000455567729659,-0.000551044475287,0.0006684846594,-0.00058155239094,0.0000799281478976,-0.000625986955129],[0.000271608383628,0.000353364797775,0.00231582787819,0.000389445020119,0.00016481327475,0.0008435244672,0.000264245027211,-0.00072916073259,-0.00103618763387,0.000429159321357,0.000412874040194,-0.00112061272375,-0.000449992658105],[-0.000154686145834,0.000639192177914,0.000389445020119,0.00402584578842,-0.00029555396759,-0.00137333071325,0.000593698990997,-0.000664588413201,-0.000886424910277,-0.00199300865643,0.00101575348526,-0.000168029335327,-0.00101433496457],[0.00016655116633,-0.0002591595985,0.00016481327475,-0.00029555396759,0.00644777249545,0.000457361195004,-0.00225656060502,0.000789728423115,0.000270515825832,-0.00110580469482,-0.000977144343778,0.00112315791193,0.000458051508758],[-0.000124327823869,0.000598515442107,0.0008435244672,-0.00137333071325,0.000457361195004,0.0105777615681,-0.00428105099127,-0.000161628573551,0.0000314815188176,0.00192474771757,-0.00182782416232,0.0000362854079867,-0.000113493668323],[0.000282109744148,-0.000739543698728,0.000264245027211,0.000593698990997,-0.00225656060502,-0.00428105099127,0.0123892584816,-0.00439073005691,-0.00112044264097,0.00110892602243,0.00245837215334,-0.00214374507777,-0.00247995764948],[-0.000140681106132,0.000455567729659,-0.00072916073259,-0.000664588413201,0.000789728423115,-0.000161628573551,-0.00439073005691,0.0156592521816,-0.00501760654151,0.000328391906805,0.00144845806062,0.000925268279389,-0.00179645547178],[0.000194780150196,-0.000551044475287,-0.00103618763387,-0.000886424910277,0.000270515825832,0.0000314815188176,-0.00112044264097,-0.00501760654151,0.0198309253901,-0.00747125968337,-0.000369118555682,0.000565861526411,0.00324622984044],[0.0000199858332053,0.0006684846594,0.000429159321357,-0.00199300865643,-0.00110580469482,0.00192474771757,0.00110892602243,0.000328391906805,-0.00747125968337,0.0235698223114,-0.0126685649157,0.00582899246365,-0.00150482612662],[0.0000937778750085,-0.00058155239094,0.000412874040194,0.00101575348526,-0.000977144343778,-0.00182782416232,0.00245837215334,0.00144845806062,-0.000369118555682,-0.0126685649157,0.0331143960357,-0.0157913528383,0.00205162959173],[-0.000208730984014,0.0000799281478976,-0.00112061272375,-0.000168029335327,0.00112315791193,0.0000362854079867,-0.00214374507777,0.000925268279389,0.000565861526411,0.00582899246365,-0.0157913528383,0.0347587801516,-0.0141792846844],[0.000287037313683,-0.000625986955129,-0.000449992658105,-0.00101433496457,0.000458051508758,-0.000113493668323,-0.00247995764948,-0.00179645547178,0.00324622984044,-0.00150482612662,0.00205162959173,-0.0141792846844,0.027641793713]],"mean":[-690.499145508,155.69921875,-11.2929162979,37.1615028381,17.8628787994,29.442653656,13.2362232208,8.33780288696,4.50528764725,4.67516803741,5.11903905869,6.22881412506,3.64501452446]},"pitch_salience":{"dmean":0.0848274454474,"dmean2":0.1399564147,"dvar":0.00580978300422,"dvar2":0.0159121714532,"max":0.917217731476,"mean":0.399258464575,"median":0.409037530422,"min":0.023275276646,"var":0.0246710516512},"silence_rate_20dB":{"dmean":0.0107490187511,"dmean2":0.0214998722076,"dvar":0.0106334779412,"dvar2":0.026327278465,"max":1,"mean":0.988654792309,"median":1,"min":0,"var":0.0112165044993},"silence_rate_30dB":{"dmean":0.0907694920897,"dmean2":0.181554481387,"dvar":0.0825303941965,"dvar2":0.193639799953,"max":1,"mean":0.603343844414,"median":1,"min":0,"var":0.23932005465},"silence_rate_60dB":{"dmean":0.00631291605532,"dmean2":0.0126269087195,"dvar":0.00627306289971,"dvar2":0.0158801488578,"max":1,"mean":0.0548494420946,"median":0,"min":0,"var":0.0518409796059},"spectral_centroid":{"dmean":202.676574707,"dmean2":314.468017578,"dvar":49424.234375,"dvar2":101774.671875,"max":10700.6425781,"mean":1082.44421387,"median":1004.50579834,"min":157.555999756,"var":288006.21875},"spectral_complexity":{"dmean":2.97457766533,"dmean2":4.63817071915,"dvar":8.87224197388,"dvar2":19.2762126923,"max":58,"mean":18.4475822449,"median":17,"min":0,"var":179.730667114},"spectral_contrast_coeffs":{"dmean":[0.0513272173703,0.0486871488392,0.0363003276289,0.0285983625799,0.0213419552892,0.036147236824],"dmean2":[0.0861775800586,0.0813163891435,0.0611599460244,0.0480843782425,0.0361483357847,0.0579883083701],"dvar":[0.00164027733263,0.00150030641817,0.000837627216242,0.000496686378028,0.000326640612911,0.00121882779058],"dvar2":[0.00457968004048,0.00413127895445,0.00235197856091,0.00140164641198,0.000912406714633,0.00292283925228],"max":[-0.324998438358,-0.470240861177,-0.574602663517,-0.629333496094,-0.668838977814,-0.496051341295],"mean":[-0.740305006504,-0.791755199432,-0.825380980968,-0.815036654472,-0.825426995754,-0.764708638191],"median":[-0.744361102581,-0.798446714878,-0.830535173416,-0.814989387989,-0.818930983543,-0.772310912609],"min":[-0.958216369152,-0.982396185398,-0.963539958,-0.967218756676,-0.962127923965,-0.962320804596],"var":[0.00561137963086,0.00478875217959,0.00280018500052,0.00198143348098,0.00168052955996,0.00554290646687]},"spectral_contrast_valleys":{"dmean":[0.393840759993,0.459500312805,0.378182411194,0.29598608613,0.289788544178,0.617540419102],"dmean2":[0.659831225872,0.755859732628,0.622729599476,0.482982069254,0.467515408993,1.00020051003],"dvar":[0.113162592053,0.155050933361,0.124457150698,0.0954492464662,0.112459339201,0.277751147747],"dvar2":[0.289913803339,0.398891150951,0.309456139803,0.230445504189,0.274766653776,0.767284691334],"max":[-4.58269453049,-4.6097779274,-4.88228988647,-5.45769262314,-5.73948812485,-8.57455825806],"mean":[-6.50901985168,-6.99905586243,-7.33601474762,-7.4317278862,-7.86628580093,-11.0304145813],"median":[-6.31420469284,-6.85487747192,-7.15464019775,-7.10916376114,-7.5714006424,-10.8579244614],"min":[-27.3375225067,-27.3231105804,-27.2062721252,-27.1326389313,-27.1774864197,-27.1524543762],"var":[1.17367362976,1.34696578979,1.42434132099,1.75554835796,1.72264647484,1.2533428669]},"spectral_decrease":{"dmean":8.42397351875e-9,"dmean2":1.42302587491e-8,"dvar":2.15277526361e-16,"dvar2":5.97337851739e-16,"max":3.54276181724e-8,"mean":-1.32467148362e-8,"median":-8.9049310148e-9,"min":-2.02512254077e-7,"var":2.6796898432e-16},"spectral_energy":{"dmean":0.0320774316788,"dmean2":0.0537450276315,"dvar":0.00305735552683,"dvar2":0.00847130268812,"max":0.938554883003,"mean":0.0943987816572,"median":0.082797087729,"min":1.06257844343e-20,"var":0.00668424973264},"spectral_energyband_high":{"dmean":0.000348373461748,"dmean2":0.000519168155733,"dvar":8.52796858908e-7,"dvar2":0.00000188694662029,"max":0.0237876847386,"mean":0.00120114709716,"median":0.000683117948938,"min":7.39305031711e-21,"var":0.0000028790639135},"spectral_energyband_low":{"dmean":0.0273609291762,"dmean2":0.0465021654963,"dvar":0.00260593253188,"dvar2":0.0073803095147,"max":0.79382032156,"mean":0.0565644055605,"median":0.0417148992419,"min":6.00638062147e-23,"var":0.00355854467489},"spectral_energyband_middle_high":{"dmean":0.00156937004067,"dmean2":0.00247951713391,"dvar":0.00000819881006464,"dvar2":0.0000198481338884,"max":0.0971412733197,"mean":0.00537566794083,"median":0.0024606003426,"min":1.84307109197e-21,"var":0.0000456509987998},"spectral_energyband_middle_low":{"dmean":0.00410522473976,"dmean2":0.00659060431644,"dvar":0.0000660453370074,"dvar2":0.00016766943736,"max":0.164792001247,"mean":0.00871842168272,"median":0.00380353908986,"min":4.15299016863e-22,"var":0.000162345575518},"spectral_entropy":{"dmean":0.167752236128,"dmean2":0.265902847052,"dvar":0.0287644863129,"dvar2":0.0749410912395,"max":9.80587387085,"mean":7.58364772797,"median":7.6474108696,"min":5.22650146484,"var":0.109228752553},"spectral_flux":{"dmean":0.0371391326189,"dmean2":0.0601857081056,"dvar":0.00218025199138,"dvar2":0.0048207892105,"max":0.748280405998,"mean":0.137399762869,"median":0.123714007437,"min":1.03081446157e-10,"var":0.00770502118394},"spectral_kurtosis":{"dmean":4.71665096283,"dmean2":7.55853939056,"dvar":31.5831604004,"dvar2":84.9842300415,"max":85.324005127,"mean":18.3041324615,"median":17.6902713776,"min":-1.16008090973,"var":77.5470123291},"spectral_rms":{"dmean":0.00147489947267,"dmean2":0.00243656290695,"dvar":0.00000326492772729,"dvar2":0.00000883077791514,"max":0.0302599277347,"mean":0.00864513684064,"median":0.00898763816804,"min":3.21972353293e-12,"var":0.0000173579810507},"spectral_rolloff":{"dmean":3120.06958008,"dmean2":6056.48828125,"dvar":48755108,"dvar2":126400744,"max":22028.4667969,"mean":12203.4755859,"median":20801.0742188,"min":43.06640625,"var":111219984},"spectral_skewness":{"dmean":0.365358114243,"dmean2":0.577712774277,"dvar":0.162226378918,"dvar2":0.422296881676,"max":7.0094666481,"mean":2.94499897957,"median":2.92585659027,"min":0.0536992587149,"var":0.553967952728},"spectral_spread":{"dmean":528560.0625,"dmean2":846779.6875,"dvar":300478070784,"dvar2":656358440960,"max":39827900,"mean":4398135,"median":4301791,"min":1676585.75,"var":1125801787390},"spectral_strongpeak":{"dmean":13.8184013367,"dmean2":25.7058868408,"dvar":1594.1138916,"dvar2":4239.00732422,"max":463.593536377,"mean":12.3724622726,"median":0.289991110563,"min":0,"var":1688.35217285},"zerocrossingrate":{"dmean":0.0442426465452,"dmean2":0.0592110492289,"dvar":0.00163145025726,"dvar2":0.00274611008354,"max":0.7919921875,"mean":0.256927520037,"median":0.25537109375,"min":0.0009765625,"var":0.0230087060481}},"metadata":{"audio_properties":{"analysis_sample_rate":44100,"bit_rate":320000,"codec":"mp3","downmix":"mix","equal_loudness":0,"length":272.17086792,"lossless":false,"md5_encoded":"ee951d4b0785e9bc19443cff660fa3c0","replay_gain":2.89540290833,"sample_rate":44100},"tags":{"acoustid_id":["373108ed-0a4b-4ed8-9dff-212ff69db7bb"],"album":["Gigantoid"],"albumartist":["Fu Manchu"],"artist":["Fu Manchu"],"date":["2014"],"discnumber":["1/1"],"file_name":"01 - Fu Manchu - Dimension Shifter.mp3","musicbrainz_albumartistid":["f96de591-5dae-41da-855b-eb387d88d7d4"],"musicbrainz_albumid":["7463aa94-f822-44b4-b501-1cb9c65566e6"],"musicbrainz_artistid":["f96de591-5dae-41da-855b-eb387d88d7d4"],"musicbrainz_recordingid":["bff3d341-3b77-45ee-a812-07de5b11ccbf"],"musicbrainz_releasegroupid":["0fe017ae-385c-412d-b409-7c4b4e32a4b7"],"replaygain_album_gain":["-0.05 dB"],"replaygain_album_peak":["0.383557"],"replaygain_track_gain":["+1.40 dB"],"replaygain_track_peak":["0.372933"],"title":["Dimension Shifter"],"tracknumber":["1/10"]},"version":{"essentia":"2.1-beta1","essentia_build_sha":"e76a03f03bb3900de42a1fa0d9be1e72f12def64","essentia_git_sha":"v2.1_beta1-28-g21ef5f4-dirty","extractor":"music 1.0"}},"rhythm":{"beats_count":693,"beats_loudness":{"dmean":0.0432287715375,"dmean2":0.0703794211149,"dvar":0.00245414953679,"dvar2":0.00647938763723,"max":0.631423652172,"mean":0.0957591161132,"median":0.0874892249703,"min":2.60509231964e-8,"var":0.00532084330916},"beats_loudness_band_ratio":{"dmean":[0.188248887658,0.0498786270618,0.0250073522329,0.0291305501014,0.0142617737874,0.129074364901],"dmean2":[0.329489678144,0.0886043086648,0.0441110953689,0.0513559319079,0.0250766798854,0.224089577794],"dvar":[0.0243475735188,0.0037846728228,0.00115875038318,0.00143208156805,0.000307159905788,0.0147677306086],"dvar2":[0.0680781379342,0.0107022663578,0.0032143429853,0.0038879152853,0.000845747650601,0.0412403829396