{"lowlevel":{"average_loudness":0.572201550007,"barkbands":{"dmean":[0.000159417220857,0.00425862846896,0.00284951156937,0.00176144647412,0.00239713513292,0.00161522254348,0.00107589061372,0.000738709175494,0.00074822519673,0.000254269340076,0.000211982187466,0.000238914421061,0.000133360983455,0.000100435128843,0.0000849701973493,0.0000990850167,0.000114540809591,0.0000601966748945,0.0000602670043008,0.0000439426803496,0.0000279695414065,0.00000994913898467,0.00000418897570853,0.00000299873909171,0.00000149320067067,3.07880810624e-7,2.41171242976e-8],"dmean2":[0.000233158891206,0.00722557166591,0.00469614099711,0.0029262281023,0.00391187798232,0.00257792766206,0.00176592043135,0.00117800803855,0.00119469140191,0.000404576450819,0.000352329952875,0.000400588702178,0.000214806714212,0.000162724303664,0.000136879971251,0.000166314930539,0.000194474268937,0.0000967169398791,0.0000924206833588,0.0000698029689374,0.0000448333084933,0.000015706391423,0.00000621442086413,0.00000416703687733,0.00000213198973142,4.42232476416e-7,3.87413514602e-8],"dvar":[4.61144622932e-7,0.000140709977131,0.0000460423070763,0.0000123623212858,0.0000190779082914,0.00000778105913923,0.00000393879690819,0.00000164126561231,0.00000263492552222,2.44544935413e-7,2.43131040634e-7,2.34735566096e-7,8.25729813414e-8,6.29545766628e-8,4.45682779571e-8,4.65295570962e-8,1.14676879548e-7,1.61961519751e-8,1.4863736908e-8,7.52985140906e-9,2.79455880658e-9,5.1870896467e-10,2.64261584837e-10,2.28784324818e-10,8.20297302306e-11,6.16300283376e-12,9.73433471687e-15],"dvar2":[8.92359537374e-7,0.000407897110563,0.000130799060571,0.0000346957094735,0.0000516324253113,0.0000205419473787,0.0000105634217107,0.00000419253410655,0.00000688193449605,6.31397824691e-7,6.71907002925e-7,6.19262777946e-7,1.98718225874e-7,1.52633234052e-7,1.06067354011e-7,1.22249318224e-7,3.22146490817e-7,4.18266097313e-8,3.47013653368e-8,1.85404278596e-8,6.86791157278e-9,1.16560217034e-9,4.32791774641e-10,3.53570450695e-10,1.48550616252e-10,1.24296805487e-11,2.19939575585e-14],"max":[0.021811041981,0.214857637882,0.129493415356,0.0687050446868,0.0848708748817,0.0576875843108,0.0358663350344,0.0373962111771,0.0449612028897,0.0133657325059,0.0185184534639,0.00943753775209,0.00642599863932,0.00691993860528,0.00680637918413,0.00812092423439,0.00725798355415,0.00246741762385,0.00201374175958,0.00241099274717,0.00126094790176,0.000923275365494,0.000946482818108,0.000870246207342,0.000419843330747,0.000166848956724,0.00000375532954422],"mean":[0.000438512477558,0.00827404018492,0.00630328105763,0.00339769944549,0.00508556608111,0.00313251325861,0.00189327204134,0.00137733435258,0.00149917288218,0.000492123072036,0.000381307880161,0.000425701437052,0.000263038178673,0.000186346122064,0.000157831702381,0.000187337340321,0.000177938491106,0.000119990123494,0.00012600889022,0.000104013197415,0.0000648286659271,0.0000225484163821,0.00000959329463512,0.00000677023990647,0.00000333096659233,6.55223686863e-7,6.86867949184e-8],"median":[0.00000511186044605,0.00273311045021,0.00310251815245,0.00180593377445,0.00299325049855,0.00181673117913,0.000896159850527,0.000694808899425,0.000538054155186,0.000181163355592,0.000138245464768,0.000179839495104,0.0000893442920642,0.0000694456975907,0.0000600203748036,0.0000641401275061,0.000047532535973,0.0000450414336228,0.0000349119618477,0.0000361504644388,0.0000224038540182,0.00000604759270573,0.00000228204044106,0.0000010195892628,2.70630835075e-7,1.02022646331e-7,3.10471364173e-8],"min":[5.08595639223e-16,6.53832937617e-16,2.19427723104e-16,1.32716695596e-16,3.90150416467e-16,1.40482161308e-16,4.70833785469e-17,1.51812775459e-16,2.66013423473e-16,6.30263584115e-17,1.3638229685e-16,2.54027854329e-16,2.98558838056e-16,1.44465323154e-15,4.54521373508e-16,9.55017154293e-16,1.08659260534e-15,1.80434852545e-15,2.07453721255e-15,9.63692677497e-16,2.89090142612e-15,1.07257103369e-15,3.67877081608e-15,6.92316238449e-15,3.81403113573e-14,4.4161858415e-13,1.22156278148e-12],"var":[0.00000266845677288,0.000231322745094,0.0000967829764704,0.0000240325662162,0.000043430718506,0.000020803672669,0.00000948664819589,0.0000046026311793,0.00000648066406939,7.47779949961e-7,5.96836116529e-7,5.4079578149e-7,2.62098467374e-7,1.63004386877e-7,1.03296066811e-7,1.18241452185e-7,1.21455954627e-7,3.7110453377e-8,4.66556251411e-8,2.78374479024e-8,9.67753699399e-9,1.8768124832e-9,8.39251779183e-10,7.88273557539e-10,2.17511814116e-10,1.18169727475e-11,2.04878431928e-14]},"barkbands_crest":{"dmean":2.08179044724,"dmean2":3.42090988159,"dvar":3.79936647415,"dvar2":10.5137271881,"max":23.0442867279,"mean":9.65925121307,"median":9.0417881012,"min":3.18352437019,"var":10.0775842667},"barkbands_flatness_db":{"dmean":0.0181481279433,"dmean2":0.029167747125,"dvar":0.000299962644931,"dvar2":0.000768417667132,"max":0.454731971025,"mean":0.214385896921,"median":0.205579176545,"min":0.0522028319538,"var":0.00413897912949},"barkbands_kurtosis":{"dmean":2.63604998589,"dmean2":4.32542896271,"dvar":16.3671016693,"dvar2":43.6858863831,"max":208.795669556,"mean":6.57462882996,"median":4.5678896904,"min":-1.92795157433,"var":144.010238647},"barkbands_skewness":{"dmean":0.413983255625,"dmean2":0.67019200325,"dvar":0.165913745761,"dvar2":0.424589186907,"max":6.20726108551,"mean":1.78354823589,"median":1.78809475899,"min":-12.1361913681,"var":1.44878363609},"barkbands_spread":{"dmean":2.24566078186,"dmean2":3.6001431942,"dvar":9.39283943176,"dvar2":20.1554050446,"max":137.963195801,"mean":11.0251407623,"median":8.64489650726,"min":0.738988041878,"var":141.061004639},"dissonance":{"dmean":0.0262774936855,"dmean2":0.0444081164896,"dvar":0.000590793148149,"dvar2":0.00156816572417,"max":0.500000059605,"mean":0.439741373062,"median":0.449070751667,"min":0.231949478388,"var":0.00168310338631},"dynamic_complexity":5.13738441467,"erbbands":{"dmean":[0.100625649095,1.08698487282,3.07743453979,4.64225053787,7.35938072205,7.71883249283,10.1646165848,15.5633363724,15.5796079636,15.0636072159,15.9486560822,15.9847345352,8.87597084045,8.14145946503,8.18475151062,7.23466396332,5.96499061584,4.65400934219,4.22129869461,4.07691812515,5.8913807869,6.46773529053,3.75194454193,2.84487557411,2.37949919701,1.86046874523,1.53089404106,0.796344518661,0.372920364141,0.188354253769,0.108849272132,0.0725902467966,0.0466398485005,0.0224153958261,0.00807737838477,0.00216144393198,0.000416039285483,0.0000560986773053,0.00000644806232231,0.00000988878127828],"dmean2":[0.171147942543,1.84487092495,5.12782669067,7.67369222641,12.2975816727,12.4989709854,16.5910720825,24.58634758,25.4176959991,24.8854217529,25.1546630859,25.739025116,13.9095058441,13.4550571442,13.6346063614,12.0621204376,9.624958992,7.50705814362,6.74428939819,6.57748508453,10.1041488647,10.9086790085,6.08247089386,4.45561647415,3.74916529655,2.91804528236,2.47239494324,1.28407490253,0.588743746281,0.288831621408,0.15977281332,0.102685272694,0.0657295584679,0.0324877798557,0.0115109048784,0.00314898067154,0.000588539696764,0.0000845890535857,0.00001035085279,0.0000164809353009],"dvar":[0.0893761068583,9.67486000061,62.5040245056,85.1025848389,242.437072754,218.107406616,350.111968994,812.695800781,826.799377441,786.228210449,797.11706543,1538.16796875,313.405700684,337.427978516,360.160369873,216.466384888,167.109527588,111.703033447,146.903518677,111.429740906,157.564147949,368.818145752,69.8429412842,32.9722290039,21.9268074036,13.2294082642,9.12361717224,2.38289904594,0.748608052731,0.339211463928,0.189928278327,0.106838613749,0.0685467720032,0.0181628409773,0.00275165284984,0.000304622837575,0.00000966122024693,1.01681997933e-7,2.90529933444e-10,3.46504047677e-10],"dvar2":[0.262187451124,27.8394432068,178.70161438,234.387496948,678.6953125,567.92578125,1009.81494141,2047.6307373,2180.24755859,2115.42822266,1987.97070313,4087.04394531,774.858581543,936.953918457,1035.2902832,575.536193848,417.592498779,256.524414063,345.202697754,274.920532227,444.093902588,1028.80078125,184.542388916,80.9058303833,51.0663833618,32.0445022583,22.6744785309,5.93678426743,1.66905736923,0.637128174305,0.300365358591,0.158656701446,0.113968744874,0.0349731072783,0.00469249999151,0.000637271383312,0.0000164009179571,1.58366560754e-7,6.45926701015e-10,9.57646073552e-10],"max":[5.46956253052,58.3760643005,142.259902954,155.246994019,471.525817871,296.002502441,451.873687744,704.147094727,608.488525391,554.236083984,525.05645752,1358.07519531,473.977752686,785.109802246,882.815917969,362.283111572,287.406402588,329.184997559,534.653686523,397.096252441,186.661407471,397.839263916,168.05519104,116.834945679,103.867500305,90.3954925537,92.1841125488,40.9901199341,32.2250137329,28.2548332214,25.0974845886,20.3155040741,12.3262033463,6.46635532379,2.42967033386,1.15145564079,0.224517837167,0.0215285290033,0.000710826483555,0.000348182977177],"mean":[0.204752400517,1.9817057848,6.74475336075,10.3422765732,14.4360408783,15.2040586472,20.0794658661,29.726360321,28.6526756287,28.4376831055,32.2191352844,32.6474685669,19.2784481049,16.5946769714,16.5271282196,14.5721693039,12.3988275528,9.60922241211,8.61630249023,8.76934528351,10.6382455826,10.770781517,7.79758024216,6.34544849396,5.89963769913,4.5856089592,3.2110388279,1.87152945995,0.899127066135,0.458468288183,0.249638184905,0.164383158088,0.100457511842,0.0474621467292,0.0182677954435,0.00464199576527,0.000926735170651,0.000138180344948,0.0000275160164165,0.000038676582335],"median":[0.0325999297202,0.709539115429,3.08052873611,5.81991863251,6.5516910553,8.56778621674,11.805480957,15.779510498,13.9287948608,16.2409381866,15.4653701782,11.5346698761,8.05820465088,6.76338291168,6.96467447281,6.79758024216,4.43056201935,4.2309179306,3.2315826416,3.5205116272,3.96147561073,3.35870885849,3.11621856689,1.67864584923,2.34320187569,1.6565836668,1.23777961731,0.598214924335,0.255682617426,0.134376838803,0.056411087513,0.0312587022781,0.0112523017451,0.00419806316495,0.00128443981521,0.000520737143233,0.000171454870724,0.0000336541379511,0.0000180801871466,0.0000267734158115],"min":[2.62960938018e-14,1.21360102415e-13,2.60427204975e-13,3.68306324024e-13,7.91210033688e-13,1.45015965382e-12,1.41726105678e-12,1.05590742313e-12,5.00348840051e-13,2.13093605261e-12,3.38660024503e-12,6.3431117997e-12,3.62525851352e-12,3.83714587882e-12,4.03935261975e-12,1.22801768754e-11,1.39451956926e-11,5.6492588385e-11,5.462317057e-11,2.23953633416e-11,5.12347005099e-11,6.77443101615e-11,1.06101072372e-10,1.41352152205e-10,5.26689906966e-11,5.10689372735e-11,1.15473672291e-10,8.35568211843e-11,3.6908785056e-11,9.11624803424e-11,9.47703998611e-11,9.84654996428e-11,1.25697702247e-10,1.33373395661e-10,4.65863847499e-10,5.49889689339e-10,9.11822228833e-10,5.36980848675e-10,1.41204811732e-10,2.24409987121e-11],"var":[0.184121564031,13.1536903381,113.400596619,207.979827881,512.866394043,479.482757568,723.99798584,2354.70019531,1969.3626709,1670.53442383,2352.77172852,3596.27709961,1065.67602539,1003.64056396,908.574157715,622.418273926,546.331665039,342.779724121,382.590667725,313.733032227,274.791168213,418.427093506,152.862533569,98.9961547852,89.7419815063,52.5340118408,25.1311359406,8.51401901245,2.79484462738,1.13522100449,0.623057544231,0.377279669046,0.21404273808,0.044938787818,0.00731767108664,0.000582378299441,0.0000224995346798,2.73778994142e-7,1.00088592969e-9,1.39880407257e-9]},"erbbands_crest":{"dmean":2.20243048668,"dmean2":3.58225250244,"dvar":4.10685777664,"dvar2":10.7375211716,"max":27.9885997772,"mean":8.97804737091,"median":8.07989215851,"min":2.34064650536,"var":14.0921945572},"erbbands_flatness_db":{"dmean":0.0142514845356,"dmean2":0.0224021021277,"dvar":0.000196552369744,"dvar2":0.000487020617584,"max":0.39580515027,"mean":0.211397916079,"median":0.20353898406,"min":0.0283332336694,"var":0.00271284091286},"erbbands_kurtosis":{"dmean":0.922925055027,"dmean2":1.47301220894,"dvar":1.62601304054,"dvar2":4.08214950562,"max":27.7349147797,"mean":0.869396328926,"median":0.255011022091,"min":-1.72896111012,"var":5.68564510345},"erbbands_skewness":{"dmean":0.308071762323,"dmean2":0.490923345089,"dvar":0.0723846629262,"dvar2":0.186826139688,"max":4.67421245575,"mean":0.761046290398,"median":0.70171636343,"min":-1.59751856327,"var":0.382963955402},"erbbands_spread":{"dmean":4.82441282272,"dmean2":7.5491938591,"dvar":24.4041805267,"dvar2":53.9718360901,"max":106.044364929,"mean":29.1445846558,"median":27.1184215546,"min":2.00756335258,"var":213.598175049},"gfcc":{"cov":[[21708.5390625,2085.27636719,-2782.48242188,2505.16601563,-890.52130127,289.011291504,255.98928833,63.6035270691,-394.948699951,-362.252380371,-48.8134727478,-324.958740234,447.051605225],[2085.27636719,2056.73291016,-129.980300903,-301.161773682,329.297637939,-257.117126465,100.010292053,-280.006469727,-98.960395813,-216.706954956,8.098985672,-153.624267578,6.67476224899],[-2782.48242188,-129.980300903,753.554626465,-305.820495605,164.87272644,80.8829803467,-27.286075592,27.8608703613,39.5267601013,60.7041854858,16.4901485443,34.7853660583,-53.8523788452],[2505.16601563,-301.161773682,-305.820495605,746.627441406,-97.5846557617,98.9291534424,107.728057861,69.4472579956,32.143157959,-20.5980396271,1.11777615547,-6.39009618759,88.246131897],[-890.52130127,329.297637939,164.87272644,-97.5846557617,357.177947998,-75.4898681641,72.1875228882,-24.7567405701,28.1209468842,-32.3832740784,0.150619670749,13.538069725,-0.681153714657],[289.011291504,-257.117126465,80.8829803467,98.9291534424,-75.4898681641,231.586364746,36.4240493774,85.5489730835,13.640255928,35.2531356812,16.6001720428,1.13512611389,-0.907730460167],[255.98928833,100.010292053,-27.286075592,107.728057861,72.1875228882,36.4240493774,176.625823975,29.9882698059,33.9286804199,-35.4264945984,10.3122062683,6.66862440109,5.25651216507],[63.6035270691,-280.006469727,27.8608703613,69.4472579956,-24.7567405701,85.5489730835,29.9882698059,173.323181152,48.1147155762,52.5622177124,7.7654094696,31.6755714417,11.7646245956],[-394.948699951,-98.960395813,39.5267601013,32.143157959,28.1209468842,13.640255928,33.9286804199,48.1147155762,137.266281128,44.6749763489,10.9075088501,29.4361801147,-6.58625936508],[-362.252380371,-216.706954956,60.7041854858,-20.5980396271,-32.3832740784,35.2531356812,-35.4264945984,52.5622177124,44.6749763489,117.005828857,19.8525409698,13.0699949265,-2.34802222252],[-48.8134727478,8.098985672,16.4901485443,1.11777615547,0.150619670749,16.6001720428,10.3122062683,7.7654094696,10.9075088501,19.8525409698,68.5137634277,12.9736948013,2.4075949192],[-324.958740234,-153.624267578,34.7853660583,-6.39009618759,13.538069725,1.13512611389,6.66862440109,31.6755714417,29.4361801147,13.0699949265,12.9736948013,103.225463867,22.3302993774],[447.051605225,6.67476224899,-53.8523788452,88.246131897,-0.681153714657,-0.907730460167,5.25651216507,11.7646245956,-6.58625936508,-2.34802222252,2.4075949192,22.3302993774,85.2303466797]],"icov":[[0.000857998733409,-0.00213141134009,0.00171344808768,-0.0027600871399,0.00155360531062,-0.00184091669507,0.00138186570257,-0.00202979287133,0.00191805453505,-0.00112456770148,0.00125365506392,-0.00148903636727,0.000266630406259],[-0.00213141134009,0.00647100294009,-0.00394779583439,0.00751720787957,-0.00458770897239,0.00489454250783,-0.00406184047461,0.00593807548285,-0.00497582182288,0.0040541687049,-0.00405571702868,0.00549997389317,-0.00175757473335],[0.00171344808768,-0.00394779583439,0.00574470078573,-0.00457406323403,0.0016238585813,-0.00515850353986,0.00322977500036,-0.00368805485778,0.00352321541868,-0.00252210395411,0.00228297919966,-0.00310181127861,0.00090631574858],[-0.0027600871399,0.00751720787957,-0.00457406323403,0.0114936511964,-0.00511344382539,0.00517142098397,-0.0056910738349,0.00679036602378,-0.007038267795,0.00468443287537,-0.00441716099158,0.00636035017669,-0.00343045406044],[0.00155360531062,-0.00458770897239,0.0016238585813,-0.00511344382539,0.00775985093787,-0.00149449985474,0.000541707442608,-0.00414016703144,0.0029679404106,-0.00202682195231,0.00285572605208,-0.00354450987652,0.000136367263622],[-0.00184091669507,0.00489454250783,-0.00515850353986,0.00517142098397,-0.00149449985474,0.0113267479464,-0.00505424849689,0.00204249611124,-0.00312315649353,0.00201113289222,-0.0038741119206,0.00454306043684,-0.000469397433335],[0.00138186570257,-0.00406184047461,0.00322977500036,-0.0056910738349,0.000541707442608,-0.00505424849689,0.0117376390845,-0.00503694871441,0.000969499524217,0.00147319922689,0.000791678554378,-0.00333539163694,0.0018919488648],[-0.00202979287133,0.00593807548285,-0.00368805485778,0.00679036602378,-0.00414016703144,0.00204249611124,-0.00503694871441,0.0145144918934,-0.00591383641586,0.000312963908073,-0.00236827437766,0.0028841313906,-0.00202053482644],[0.00191805453505,-0.00497582182288,0.00352321541868,-0.007038267795,0.0029679404106,-0.00312315649353,0.000969499524217,-0.00591383641586,0.0148802548647,-0.00712990993634,0.00322157470509,-0.00599203258753,0.00302184233442],[-0.00112456770148,0.0040541687049,-0.00252210395411,0.00468443287537,-0.00202682195231,0.00201113289222,0.00147319922689,0.000312963908073,-0.00712990993634,0.0170269291848,-0.0061214575544,0.00479925284162,-0.00215787673369],[0.00125365506392,-0.00405571702868,0.00228297919966,-0.00441716099158,0.00285572605208,-0.0038741119206,0.000791678554378,-0.00236827437766,0.00322157470509,-0.0061214575544,0.0188428610563,-0.00551908556372,0.00101154390723],[-0.00148903636727,0.00549997389317,-0.00310181127861,0.00636035017669,-0.00354450987652,0.00454306043684,-0.00333539163694,0.0028841313906,-0.00599203258753,0.00479925284162,-0.00551908556372,0.0174824595451,-0.00609333394095],[0.000266630406259,-0.00175757473335,0.00090631574858,-0.00343045406044,0.000136367263622,-0.000469397433335,0.0018919488648,-0.00202053482644,0.00302184233442,-0.00215787673369,0.00101154390723,-0.00609333394095,0.016496758908]],"mean":[-87.8070602417,164.918151855,-113.003196716,23.0458889008,-47.7867698669,-9.1159658432,-23.2391090393,-3.10310316086,-14.4195404053,-4.25442457199,-9.07468318939,-7.51402187347,-7.95205068588]},"hfc":{"dmean":2.35628604889,"dmean2":3.79346561432,"dvar":11.2847232819,"dvar2":29.0876655579,"max":62.7321968079,"mean":11.6094007492,"median":9.45267868042,"min":4.06252453899e-8,"var":101.296478271},"melbands":{"dmean":[0.00100837566424,0.00152933399659,0.00083580071805,0.000540922977962,0.000347344117472,0.000333873816999,0.000233200276853,0.000166691912455,0.000136789152748,0.000097390387964,0.0000453136417491,0.0000344803920598,0.0000265016442427,0.0000299477123917,0.0000171477786353,0.0000125045098684,0.00000888221256901,0.00000778945286584,0.00000650468246022,0.00000571131022298,0.00000718071078154,0.00000748175943954,0.00000481872530145,0.00000282984819933,0.0000024864380066,0.00000236100822804,0.00000194423159883,0.00000112563850507,0.00000128047338421,5.32808940079e-7,5.13430734372e-7,2.38733605329e-7,1.7674850028e-7,1.00830028771e-7,6.88452814757e-8,6.07230106198e-8,4.34506546299e-8,3.95588699575e-8,2.66858766196e-8,1.77899490694e-8],"dmean2":[0.00171002128627,0.00257028685883,0.0013823332265,0.000885613437276,0.000565317517612,0.000528077129275,0.000381109508453,0.000272735516774,0.000216245854972,0.000156381182023,0.0000712422915967,0.000056759967265,0.0000442612945335,0.0000506692049385,0.0000281222764897,0.000020131441488,0.0000143345405377,0.0000125376673168,0.0000105126118797,0.00000927159544517,0.0000124344396681,0.0000127246130432,0.00000793674007582,0.00000455749568573,0.00000389499700759,0.00000356982013727,0.00000307930304189,0.00000178574453003,0.00000208664710044,8.55743337524e-7,8.33288709146e-7,3.82743564842e-7,2.78600822412e-7,1.5759819405e-7,1.0297175379e-7,8.98586591802e-8,6.3647036086e-8,5.8061324637e-8,4.01059665478e-8,2.63672621514e-8],"dvar":[0.00000771560735302,0.0000165058681887,0.00000261759237219,0.00000114937097351,3.67340135199e-7,3.4470028254e-7,1.72716738689e-7,8.48780032925e-8,6.56582628267e-8,5.06393647015e-8,7.98687072034e-9,5.67146685171e-9,3.61244412161e-9,3.9553271769e-9,1.5876432391e-9,7.60021656721e-10,4.68169503165e-10,5.67262292694e-10,2.64241101222e-10,2.30509555887e-10,2.75556355511e-10,6.25492824202e-10,1.11962113192e-10,3.55264706542e-11,2.79155656924e-11,2.26632983213e-11,1.67556819114e-11,5.33990776944e-12,7.02616350517e-12,1.30603752639e-12,1.06917166093e-12,3.19022369286e-13,2.12438058681e-13,1.12806675622e-13,6.96752632803e-14,6.53302891927e-14,4.789047712e-14,5.53609519609e-14,3.12319411327e-14,1.00948878434e-14],"dvar2":[0.0000224396426347,0.0000474074768135,0.00000731321551939,0.00000307014988721,0.00000104995069705,8.76966794294e-7,4.62794901068e-7,2.26819992122e-7,1.62074613286e-7,1.35223601205e-7,2.0015384905e-8,1.57592854322e-8,1.03151647224e-8,1.0669304551e-8,3.96718791151e-9,1.85791582119e-9,1.05759911939e-9,1.34859534651e-9,6.34220675977e-10,5.54715107182e-10,7.84263376463e-10,1.75079684084e-9,3.01321939622e-10,8.98898594448e-11,6.8295029354e-11,5.001108902e-11,4.1010143198e-11,1.33853952228e-11,1.79171694842e-11,3.13630241569e-12,2.84373544678e-12,7.50123758681e-13,4.60766136617e-13,2.27779682052e-13,1.20673504284e-13,1.11326597355e-13,8.58036921679e-14,1.15441036179e-13,6.61730463177e-14,1.9482637007e-14],"max":[0.0497798547149,0.0701973959804,0.0333366170526,0.0202303882688,0.0119607141241,0.0139381699264,0.00796054583043,0.00692072417587,0.00532615697011,0.00770801538602,0.00226818700321,0.0031996651087,0.0026356310118,0.00129245663993,0.000921909988392,0.00085234339349,0.000729789375328,0.00103970931377,0.000471162144095,0.000771002902184,0.000260042346781,0.000563832523767,0.000207289878745,0.0000970990367932,0.000107166168164,0.0000833289159345,0.000112862973765,0.0000696207862347,0.0000817819454824,0.0000307080008497,0.0000221113987209,0.0000197971858142,0.0000157728936756,0.0000152707016241,0.0000135460732054,0.0000173809512489,0.000010754946743,0.00000950463982008,0.00000814660779724,0.00000454770224678],"mean":[0.00207263999619,0.00333246821538,0.00193218165077,0.00108460895717,0.000702816643752,0.000643436913379,0.000431354594184,0.000315645651426,0.000273820129223,0.000195416170754,0.0000926617940422,0.0000671217349009,0.0000524349561601,0.0000518999622727,0.0000314665703627,0.0000245153878495,0.0000168654860317,0.0000141045957207,0.0000122132069009,0.0000116995433928,0.0000116741102829,0.000011140996321,0.00000888097019924,0.00000556288750886,0.00000504827221448,0.00000507850154463,0.00000430718000644,0.0000025004417239,0.00000235664856518,0.00000115983038995,0.00000105057335986,5.22055302099e-7,3.63659381719e-7,2.16196497149e-7,1.42006712167e-7,1.26506208176e-7,8.85004425299e-8,7.6988094122e-8,5.09331385956e-8,3.59430103458e-8],"median":[0.000550420838408,0.00146108027548,0.00112895586062,0.000546105438843,0.000433803652413,0.000354196585249,0.000215300984564,0.000173739681486,0.000113616544695,0.0000698499206919,0.0000368106302631,0.0000267509822152,0.0000207148241316,0.0000222161634156,0.00000987413750408,0.00000899241604202,0.00000665422612656,0.00000429875399277,0.00000472733927381,0.00000376624302589,0.00000373582270186,0.00000276992204817,0.00000275482602774,0.0000019972148948,9.61341356742e-7,0.00000145439491916,0.00000144453019857,7.62134675369e-7,8.16796841718e-7,3.85688451843e-7,2.74521596566e-7,1.28221671503e-7,7.11958847432e-8,5.11769577827e-8,2.65583750547e-8,2.18595275214e-8,1.35150353131e-8,7.29090166018e-9,3.69603547767e-9,2.81272116709e-9],"min":[2.32766109743e-16,1.47362199657e-16,7.44663787797e-17,8.33558042727e-17,5.44869064183e-17,2.37465157367e-17,7.89332384599e-18,2.69273130508e-17,2.85044685463e-17,4.07740286461e-17,1.64559046364e-17,1.38527473963e-17,1.58151126312e-17,1.92929620838e-17,3.45597151803e-17,3.63923205925e-17,1.19820155753e-16,1.06305579643e-16,2.59755987427e-17,5.19706229949e-17,5.40163531463e-17,4.8267424728e-17,1.19821426302e-16,7.72811155856e-17,1.27275422117e-16,4.48598244161e-17,3.28390670096e-17,2.80933663993e-17,6.25333058269e-17,8.10215535236e-17,3.50961980558e-17,1.53571556656e-17,2.6868444261e-17,6.8317296777e-17,6.27684898187e-17,4.08559294529e-17,7.07900109432e-17,8.50614308434e-17,8.48666926749e-17,1.03972374451e-16],"var":[0.0000153674209287,0.0000274164885923,0.00000615987846686,0.00000260447086475,7.89676448676e-7,9.93123876469e-7,4.17741858882e-7,2.00483185608e-7,1.92157585843e-7,1.20047289442e-7,2.55749998956e-8,1.61804862842e-8,9.5376897491e-9,8.00627475428e-9,4.32644275961e-9,2.23392260246e-9,1.27621790913e-9,1.30514399288e-9,6.29279239828e-10,6.972998845e-10,3.80535825073e-10,6.31880880952e-10,2.2591357951e-10,8.73552549741e-11,7.52358939038e-11,7.53107159968e-11,6.06081712595e-11,1.72663723597e-11,1.50143387306e-11,4.0141843842e-12,3.00162585759e-12,1.01575865774e-12,6.49656543839e-13,3.13891924605e-13,2.05462369666e-13,1.98375875188e-13,1.39940671356e-13,1.37896814735e-13,6.40840665581e-14,2.51892673793e-14]},"melbands_crest":{"dmean":2.64798045158,"dmean2":4.36429262161,"dvar":5.80573701859,"dvar2":16.2853755951,"max":30.765794754,"mean":13.758728981,"median":13.2880096436,"min":2.24795126915,"var":17.4074802399},"melbands_flatness_db":{"dmean":0.0222317073494,"dmean2":0.0354732647538,"dvar":0.000477536261315,"dvar2":0.00120314117521,"max":0.604289591312,"mean":0.303704679012,"median":0.291776537895,"min":0.00757278222591,"var":0.00709886010736},"melbands_kurtosis":{"dmean":4.67056131363,"dmean2":7.63877916336,"dvar":42.6590919495,"dvar2":112.332008362,"max":152.689331055,"mean":11.9642925262,"median":9.22141742706,"min":-1.52113008499,"var":116.513305664},"melbands_skewness":{"dmean":0.53167963028,"dmean2":0.851440370083,"dvar":0.272092401981,"dvar2":0.705378174782,"max":8.92101192474,"mean":2.48950123787,"median":2.37547135353,"min":-1.44231629372,"var":1.36323237419},"melbands_spread":{"dmean":2.45253777504,"dmean2":3.9707095623,"dvar":11.205827713,"dvar2":27.1585578918,"max":174.258621216,"mean":11.0218629837,"median":8.82325649261,"min":0.645059347153,"var":127.922775269},"mfcc":{"cov":[[15569.2470703,712.249511719,-1407.51940918,1805.06103516,-567.930419922,386.40637207,290.53527832,377.406463623,159.028991699,117.058921814,-260.389953613,-134.123519897,-269.425567627],[712.249511719,2221.08129883,-10.7105998993,-98.4614334106,193.687911987,-6.68799591064,88.7981948853,-15.2368955612,-111.508384705,-106.849441528,-80.0135345459,-142.62677002,-97.6697235107],[-1407.51940918,-10.7105998993,552.644958496,-238.631134033,98.0431976318,18.3975105286,3.14591765404,-29.1572647095,-6.3109793663,10.55975914,56.415512085,38.1311073303,33.0658493042],[1805.06103516,-98.4614334106,-238.631134033,523.682189941,-40.4917869568,82.0886688232,32.4348068237,85.4381484985,60.687828064,42.6002578735,-39.5672874451,-7.51184225082,-7.47016859055],[-567.930419922,193.687911987,98.0431976318,-40.4917869568,207.493453979,3.74883794785,10.2903594971,-7.37620401382,9.75041484833,-3.4311580658,4.0925860405,-16.7376499176,23.9839076996],[386.40637207,-6.68799591064,18.3975105286,82.0886688232,3.74883794785,139.787796021,34.1718635559,43.0143585205,13.429684639,28.2047996521,7.20025777817,3.96014237404,-11.2914075851],[290.53527832,88.7981948853,3.14591765404,32.4348068237,10.2903594971,34.1718635559,134.205673218,54.8080406189,11.7478523254,10.8926343918,6.25847768784,6.36091852188,-18.5457305908],[377.406463623,-15.2368955612,-29.1572647095,85.4381484985,-7.37620401382,43.0143585205,54.8080406189,162.53704834,49.9761886597,15.4205818176,9.58326053619,21.8480186462,-2.59277462959],[159.028991699,-111.508384705,-6.3109793663,60.687828064,9.75041484833,13.429684639,11.7478523254,49.9761886597,110.887969971,36.525478363,12.2026729584,23.2298851013,25.9315872192],[117.058921814,-106.849441528,10.55975914,42.6002578735,-3.4311580658,28.2047996521,10.8926343918,15.4205818176,36.525478363,105.410186768,32.8436393738,24.0324516296,16.019033432],[-260.389953613,-80.0135345459,56.415512085,-39.5672874451,4.0925860405,7.20025777817,6.25847768784,9.58326053619,12.2026729584,32.8436393738,99.8700561523,38.807182312,8.96676254272],[-134.123519897,-142.62677002,38.1311073303,-7.51184225082,-16.7376499176,3.96014237404,6.36091852188,21.8480186462,23.2298851013,24.0324516296,38.807182312,110.99697113,39.1558303833],[-269.425567627,-97.6697235107,33.0658493042,-7.47016859055,23.9839076996,-11.2914075851,-18.5457305908,-2.59277462959,25.9315872192,16.019033432,8.96676254272,39.1558303833,102.109481812]],"icov":[[0.000150551102706,-0.0000879773724591,0.000140542309964,-0.000382220547181,0.00034947815584,-0.000163020449691,-0.000138745992444,0.00000959533008427,-0.000112531612103,-0.0000686325292918,0.000117392999528,0.00000695877179169,0.000140915173688],[-0.0000879773724591,0.000652068934869,0.0000105958270069,0.000327581452439,-0.000800489797257,0.000103391670564,-0.00030312690069,-0.000100651006505,0.000499989138916,0.000277789542452,0.000157106420374,0.000361725018593,0.000230895238928],[0.000140542309964,0.0000105958270069,0.0028451748658,0.000905724533368,-0.000762107782066,-0.00120821106248,-0.000279913743725,0.000244290073169,-0.000133177105454,-0.000164072029293,-0.000460499897599,-0.00055558810709,-0.00016029899416],[-0.000382220547181,0.000327581452439,0.000905724533368,0.00408976851031,-0.000946483400185,-0.00116035982501,0.000266316288617,-0.00071775825927,-0.00058844225714,-0.000640520709567,0.000844921451062,0.0000615203534835,-0.000413002708228],[0.00034947815584,-0.000800489797257,-0.000762107782066,-0.000946483400185,0.00717831589282,-0.000545952178072,-0.000752892578021,0.000389353081118,-0.00143259181641,0.000137424620334,-0.00027399614919,0.00166472443379,-0.00181135802995],[-0.000163020449691,0.000103391670564,-0.00120821106248,-0.00116035982501,-0.000545952178072,0.00953446794301,-0.00095883308677,-0.00156181119382,0.000971492845565,-0.00180428661406,-0.000243591828621,0.000152001448441,0.000943318940699],[-0.000138745992444,-0.00030312690069,-0.000279913743725,0.000266316288617,-0.000752892578021,-0.00095883308677,0.00963778235018,-0.00275812624022,0.000180621456821,-0.000634669500869,-0.000171563675394,-0.000950105080847,0.00163843482733],[0.00000959533008427,-0.000100651006505,0.000244290073169,-0.00071775825927,0.000389353081118,-0.00156181119382,-0.00275812624022,0.00909006502479,-0.00353007926606,0.0011529950425,-0.000587779737543,-0.0012524635531,0.000510642363224],[-0.000112531612103,0.000499989138916,-0.000133177105454,-0.00058844225714,-0.00143259181641,0.000971492845565,0.000180621456821,-0.00353007926606,0.013173465617,-0.00307943928055,0.0000134041547426,-0.000392136367736,-0.00214472250082],[-0.0000686325292918,0.000277789542452,-0.000164072029293,-0.000640520709567,0.000137424620334,-0.00180428661406,-0.000634669500869,0.0011529950425,-0.00307943928055,0.0129630481824,-0.00373761309311,-0.000310062401695,-0.00103139225394],[0.000117392999528,0.000157106420374,-0.000460499897599,0.000844921451062,-0.00027399614919,-0.000243591828621,-0.000171563675394,-0.000587779737543,0.0000134041547426,-0.00373761309311,0.0137348007411,-0.00388258253224,0.00152798148338],[0.00000695877179169,0.000361725018593,-0.00055558810709,0.0000615203534835,0.00166472443379,0.000152001448441,-0.000950105080847,-0.0012524635531,-0.000392136367736,-0.000310062401695,-0.00388258253224,0.0133784255013,-0.00467083510011],[0.000140915173688,0.000230895238928,-0.00016029899416,-0.000413002708228,-0.00181135802995,0.000943318940699,0.00163843482733,0.000510642363224,-0.00214472250082,-0.00103139225394,0.00152798148338,-0.00467083510011,0.0136115178466]],"mean":[-722.555297852,186.368865967,-0.866185963154,31.5205402374,-3.93065977097,1.30005431175,-1.70852386951,-0.568007588387,-1.68255627155,0.481430351734,-1.76801872253,3.09666323662,-0.180609017611]},"pitch_salience":{"dmean":0.0641389414668,"dmean2":0.106159441173,"dvar":0.00330349523574,"dvar2":0.00936722103506,"max":0.914624452591,"mean":0.569627940655,"median":0.574273586273,"min":0.119625106454,"var":0.00897493120283},"silence_rate_20dB":{"dmean":0,"dmean2":0,"dvar":0,"dvar2":0,"max":1,"mean":1,"median":1,"min":1,"var":0},"silence_rate_30dB":{"dmean":0.0234064795077,"dmean2":0.0468178503215,"dvar":0.0228592306376,"dvar2":0.0569594837725,"max":1,"mean":0.955699503422,"median":1,"min":0,"var":0.042336832732},"silence_rate_60dB":{"dmean":0.00501567404717,"dmean2":0.0100323958322,"dvar":0.00499189971015,"dvar2":0.0109753552824,"max":1,"mean":0.101138859987,"median":0,"min":0,"var":0.0909049287438},"spectral_centroid":{"dmean":115.145729065,"dmean2":183.555633545,"dvar":27658.0722656,"dvar2":56865.65625,"max":10800.9570313,"mean":719.1796875,"median":620.257995605,"min":151.148803711,"var":228760},"spectral_complexity":{"dmean":1.9118077755,"dmean2":3.190928936,"dvar":3.63746500015,"dvar2":9.33095169067,"max":41,"mean":14.5748615265,"median":14,"min":0,"var":60.2311782837},"spectral_contrast_coeffs":{"dmean":[0.0440961830318,0.0430804416537,0.0335361286998,0.0263858623803,0.0225748103112,0.0182102248073],"dmean2":[0.0735961347818,0.071252182126,0.0559318475425,0.0439189113677,0.036996550858,0.029317446053],"dvar":[0.00135920220055,0.00117586005945,0.000703483005054,0.000450628314866,0.000411351094954,0.000299819890643],"dvar2":[0.0037966966629,0.00326130050234,0.00192253442947,0.00122290058061,0.00110424426384,0.000769276695792],"max":[-0.280955910683,-0.439375579357,-0.511250317097,-0.603821456432,-0.618967473507,-0.557108402252],"mean":[-0.619124829769,-0.72353631258,-0.771685183048,-0.78274077177,-0.774513781071,-0.745766639709],"median":[-0.620816290379,-0.724789023399,-0.773889303207,-0.782698631287,-0.770492374897,-0.742155194283],"min":[-0.961564958096,-0.978461742401,-0.958759427071,-0.957975566387,-0.958734750748,-0.961966991425],"var":[0.00894799828529,0.00470786634833,0.00316084129736,0.00229942356236,0.0026163267903,0.00458379881456]},"spectral_contrast_valleys":{"dmean":[0.349825441837,0.301040261984,0.270650982857,0.242977574468,0.259012371302,0.263708382845],"dmean2":[0.585600972176,0.505145132542,0.456135421991,0.402674287558,0.424977421761,0.419978350401],"dvar":[0.118510887027,0.0789096206427,0.0714689642191,0.062594756484,0.0954540967941,0.121778048575],"dvar2":[0.270550459623,0.182863667607,0.162550702691,0.137372240424,0.216849893332,0.27759000659],"max":[-4.86104536057,-4.5990281105,-5.04672908783,-6.34603452682,-6.02175951004,-8.22348403931],"mean":[-7.31537914276,-6.63744974136,-7.67408227921,-8.50124359131,-8.8582572937,-12.2556772232],"median":[-6.85980033875,-6.31334733963,-7.37504291534,-8.1042432785,-8.28457164764,-12.1350345612],"min":[-27.2153549194,-27.11652565,-27.5923233032,-27.2296447754,-27.2022037506,-27.2677783966],"var":[3.1858830452,2.18378782272,2.31828331947,2.29806113243,2.68710613251,1.8757840395]},"spectral_decrease":{"dmean":2.34323804804e-9,"dmean2":3.91144316936e-9,"dvar":2.02533468992e-17,"dvar2":5.61108836451e-17,"max":1.16822572327e-16,"mean":-8.76414407713e-9,"median":-5.93460036669e-9,"min":-8.38042808482e-8,"var":7.65911807802e-17},"spectral_energy":{"dmean":0.00901323091239,"dmean2":0.0150369191542,"dvar":0.000294876575936,"dvar2":0.000816222280264,"max":0.320054203272,"mean":0.0341307334602,"median":0.0232869163156,"min":2.26175827199e-12,"var":0.00113903323654},"spectral_energyband_high":{"dmean":0.0000456248671981,"dmean2":0.0000710072708898,"dvar":9.83022641066e-9,"dvar2":1.85842079503e-8,"max":0.00398928113282,"mean":0.000138353003422,"median":0.0000602758409514,"min":1.47992479816e-12,"var":5.14295663834e-8},"spectral_energyband_low":{"dmean":0.00664676958695,"dmean2":0.011096986942,"dvar":0.000258797808783,"dvar2":0.00074128882261,"max":0.279076308012,"mean":0.0168769713491,"median":0.00781720224768,"min":1.19314956186e-15,"var":0.000603012216743},"spectral_energyband_middle_high":{"dmean":0.000691266788635,"dmean2":0.00113252247684,"dvar":0.00000121763241623,"dvar2":0.0000032266918879,"max":0.0223309248686,"mean":0.00251552578993,"median":0.00176124821883,"min":9.16892921315e-15,"var":0.00000751509514885},"spectral_energyband_middle_low":{"dmean":0.00503085367382,"dmean2":0.00821424089372,"dvar":0.000056291504734,"dvar2":0.000153864428285,"max":0.168086409569,"mean":0.0165179055184,"median":0.0126190409064,"min":1.16107771811e-15,"var":0.000205056130653},"spectral_entropy":{"dmean":0.146863982081,"dmean2":0.234885528684,"dvar":0.0220119003206,"dvar2":0.0538749061525,"max":9.81607723236,"mean":6.8213300705,"median":6.92631006241,"min":4.95455741882,"var":0.355730086565},"spectral_flux":{"dmean":0.0180409215391,"dmean2":0.0294789113104,"dvar":0.000670920242555,"dvar2":0.0015758513473,"max":0.475296229124,"mean":0.0692160949111,"median":0.0594340637326,"min":0.0000140770071084,"var":0.00254394998774},"spectral_kurtosis":{"dmean":6.89272451401,"dmean2":11.9495983124,"dvar":101.48890686,"dvar2":294.732299805,"max":140.923416138,"mean":15.9529647827,"median":7.73111867905,"min":-1.22715044022,"var":394.112518311},"spectral_rms":{"dmean":0.000648413901217,"dmean2":0.00105993263423,"dvar":7.77101206495e-7,"dvar2":0.00000204822163141,"max":0.0176705401391,"mean":0.00507065793499,"median":0.00476643908769,"min":4.69743923759e-8,"var":0.00000758677651902},"spectral_rolloff":{"dmean":155.247970581,"dmean2":266.798309326,"dvar":147051.609375,"dvar2":352077.78125,"max":21533.203125,"mean":849.998535156,"median":516.796875,"min":86.1328125,"var":4826686},"spectral_skewness":{"dmean":0.504833579063,"dmean2":0.866493225098,"dvar":0.341391772032,"dvar2":1.00064146519,"max":9.45701217651,"mean":2.52798867226,"median":1.99182844162,"min":0.0119450362399,"var":2.21278643608},"spectral_spread":{"dmean":297562.96875,"dmean2":481925.96875,"dvar":209036607488,"dvar2":356432969728,"max":41464708,"mean":2900297.5,"median":2736984,"min":583301.375,"var":3967737659390},"spectral_strongpeak":{"dmean":0.27596822381,"dmean2":0.470176875591,"dvar":0.175392076373,"dvar2":0.454118460417,"max":5.40767145157,"mean":0.574360013008,"median":0.371602982283,"min":0.0000153627752297,"var":0.343738645315},"zerocrossingrate":{"dmean":0.00416681962088,"dmean2":0.00546253472567,"dvar":0.0000349281326635,"dvar2":0.000053796589782,"max":0.80126953125,"mean":0.0348616801202,"median":0.0244140625,"min":0.00341796875,"var":0.00409485353157}},"metadata":{"audio_properties":{"analysis_sample_rate":44100,"bit_rate":0,"codec":"flac","downmix":"mix","equal_loudness":0,"length":222.199996948,"lossless":true,"md5_encoded":"4ac3ee75a9adcd65a6bc1582e686328d","replay_gain":-11.6084518433,"sample_rate":44100},"tags":{"album":["The Now Now"],"albumartist":["Gorillaz"],"artist":["Gorillaz"],"date":["2018"],"discnumber":["1"],"file_name":"C:\\Users\\pidel\\AppData\\Local\\Temp\\copy5660046559060074853.flac","genre":["Indie Rock"],"musicbrainz_recordingid":["c00a6423-9114-4701-a3f4-bba7f356a964"],"title":["Idaho"],"tracknumber":["6"]},"version":{"essentia":"2.1-beta2","essentia_build_sha":"2d9f1f26377add8aeb1075a9c2973f962c4f09fd","essentia_git_sha":"v2.1_beta2-1-ge3940c0","extractor":"music 1.0"}},"rhythm":{"beats_count":504,"beats_loudness":{"dmean":0.0190079957247,"dmean2":0.0325957424939,"dvar":0.000842837733217,"dvar2":0.00235942169093,"max":0.211568072438,"mean":0.0406633876264,"median":0.0277993157506,"min":5.27482113544e-10,"var":0.00139175343793},"beats_loudness_band_ratio":{"dmean":[0.160611450672,0.143359169364,0.0924906954169,0.0326631180942,0.0138665502891,0.00916739366949],"dmean2":[0.278749495745,0.259913623333,0.157086655498,0.0562986172736,0.0241829957813,0.0152585934848],"dvar":[0.017217695713,0.0156683586538,0.00810790248215,0.00183834834024,0.000480635440908,0.000563102483284],"dvar2":[0.047366514802,0.0501129105687,0.0224154721946,0.00478402199224,0.00128339161165,0.000875210564118],"max":[0.930828928947,0.799853801727,0.920486867428,0.470411062241,0.2450915277,0.983614981174],"mean":[0.533364534378,0.258595943451,0.182156294584,0.0447736941278,0.0205549299717,0.0168881230056],"median":[0.560538053513,0.232031553984,0.12864908576,0.0302696246654,0.0124853402376,0.00516617763788],"min":[0.000102143960248,0.0000585437337577,0.000145776270074,0.00049418373964