{"lowlevel":{"average_loudness":0.948705494404,"barkbands":{"dmean":[0.0062354626134,0.00893844291568,0.0024856349919,0.00148852705024,0.00219297222793,0.00152715016156,0.00167754560243,0.00130964408163,0.000984432175756,0.000709814892616,0.00056283531012,0.000482692325022,0.000523085880559,0.00031472070259,0.000323635671521,0.000189211510587,0.0001121133173,0.000144919627928,0.000121492608741,0.0000741161566111,0.0000215839791053,0.00000742604515835,0.00000406228127758,0.00000275664433502,0.00000257203623732,0.00000319040645991,0.0000720997850294],"dmean2":[0.0103952847421,0.0150830661878,0.00427093636245,0.00253818789497,0.00368254468776,0.00245515722781,0.00273563573137,0.00215999153443,0.0015813150676,0.00115316908341,0.000928403052967,0.000800071458798,0.000863156164996,0.000515596882906,0.000524497532751,0.000308349874103,0.000180519578862,0.000229465105804,0.000183457275853,0.000111828368972,0.0000328783717123,0.0000115393750093,0.00000651172558719,0.00000464438880954,0.00000435407628174,0.00000520428920936,0.000115438480861],"dvar":[0.0000635739925201,0.000134402522235,0.0000112502521006,0.00000469393171443,0.0000127304156194,0.0000102856229205,0.00000831026954984,0.00000913725398277,0.0000063359861997,0.00000403395597459,0.00000158600380473,9.59690282798e-7,0.00000146342301832,3.88920028627e-7,7.11177960966e-7,1.99954868663e-7,4.7206299314e-8,1.15903482367e-7,1.94652756136e-7,8.91419063009e-8,3.76257602852e-9,3.62596758174e-10,5.29496550772e-11,1.68693618102e-11,1.46437358767e-11,1.9194939041e-11,1.09410747129e-8],"dvar2":[0.000172731612111,0.000370289024431,0.0000303699162032,0.0000125335809571,0.0000320336257573,0.0000233325317822,0.0000192468960449,0.0000228676126426,0.0000144515333886,0.00000952988648351,0.0000037783818243,0.00000248605579145,0.00000372710246666,9.52513062202e-7,0.00000170021633039,4.78083507005e-7,1.0673871742e-7,2.69678764653e-7,4.18535023528e-7,1.98565885512e-7,7.90669663076e-9,8.39330327462e-10,1.18091716961e-10,4.25297748408e-11,3.67599700679e-11,4.61289617615e-11,2.74085323326e-8],"max":[0.114480927587,0.147868514061,0.0639492571354,0.0442886427045,0.0743171200156,0.103442206979,0.095642670989,0.0719213113189,0.0746542960405,0.0849554687738,0.050254330039,0.0346868224442,0.0293823778629,0.0266418755054,0.0254623629153,0.0167239438742,0.00863502733409,0.0154729243368,0.0145125640556,0.0116626573727,0.00337503338233,0.00142204354052,0.000329221162247,0.0000848191048135,0.0000611248906353,0.000120942182548,0.00231974502094],"mean":[0.012523246929,0.0182220153511,0.00297266361304,0.00190765201114,0.00328569114208,0.00233063031919,0.00270235235803,0.00188919622451,0.00150820240378,0.00103537063114,0.000873688841239,0.000813547230791,0.000854900223203,0.000564242829569,0.000562157365493,0.00034719411633,0.000230612771702,0.000293411052553,0.000224417686695,0.000140448843013,0.0000439752402599,0.0000142569206218,0.00000607463971392,0.0000028825697882,0.00000253825169239,0.00000441002475782,0.000241465691943],"median":[0.00801030360162,0.0153159787878,0.00171770248562,0.00102228508331,0.00194372981787,0.00110218441114,0.00156582496129,0.000861383916344,0.000694332178682,0.00047386274673,0.000463238277007,0.000445735873654,0.000408588239225,0.000323648186168,0.000256850558799,0.00018946932687,0.000157946677064,0.000158125287271,0.0000786940727266,0.0000582098655286,0.000025096376703,0.00000950410867517,0.00000378772506338,0.00000134654078465,0.00000107541416128,0.00000283140889223,0.000175479493919],"min":[6.93602499649e-25,2.7542757045e-24,8.25704752407e-25,1.87439612664e-25,7.633964752e-24,6.48944709096e-24,1.33356510043e-23,8.91730576072e-24,2.11193526001e-23,6.43694248126e-24,2.02156998114e-23,2.3757259291e-23,3.06591169467e-23,2.90584266622e-23,6.98465649636e-23,7.45450205151e-23,6.99808795768e-23,1.01307776746e-22,1.12456287225e-22,1.74345441844e-22,2.70679280188e-22,3.1280753224e-22,4.08167663792e-22,5.43451957405e-22,9.44609967277e-22,1.36451782509e-21,1.97959507103e-21],"var":[0.00016477832105,0.000223437687964,0.0000152946777234,0.00000736072388463,0.0000211325423152,0.0000229098477575,0.0000191653070942,0.0000157097001647,0.0000113776532089,0.00000637838320472,0.00000268805115411,0.00000173236253431,0.00000247472030424,7.64715878177e-7,0.00000134723643441,3.6951837501e-7,9.75840137585e-8,2.41132624978e-7,4.48764438943e-7,1.81446978331e-7,8.4258111599e-9,6.51339482349e-10,8.94640195259e-11,1.82558117928e-11,1.53483978999e-11,2.69460270069e-11,5.66237758903e-8]},"barkbands_crest":{"dmean":2.57662391663,"dmean2":4.17833471298,"dvar":4.73961305618,"dvar2":12.0206861496,"max":25.6816425323,"mean":11.5098495483,"median":11.0380191803,"min":2.62398338318,"var":18.2726650238},"barkbands_flatness_db":{"dmean":0.0256757196039,"dmean2":0.0412266366184,"dvar":0.000507988093887,"dvar2":0.00132932141423,"max":0.491148352623,"mean":0.168718919158,"median":0.16041149199,"min":0.0318815372884,"var":0.00263735628687},"barkbands_kurtosis":{"dmean":5.11957168579,"dmean2":8.47372436523,"dvar":73.5981826782,"dvar2":202.441116333,"max":406.925872803,"mean":10.2640914917,"median":6.29964542389,"min":-1.93789172173,"var":171.62322998},"barkbands_skewness":{"dmean":0.640191316605,"dmean2":1.03867483139,"dvar":0.394491523504,"dvar2":1.04284858704,"max":16.4169406891,"mean":2.38892889023,"median":2.18198156357,"min":-2.55381369591,"var":1.93027746677},"barkbands_spread":{"dmean":3.98047447205,"dmean2":6.36134147644,"dvar":18.4321575165,"dvar2":44.2567977905,"max":137.355773926,"mean":16.1934661865,"median":14.8276357651,"min":0.494003385305,"var":95.5023727417},"dissonance":{"dmean":0.0194444768131,"dmean2":0.0332921519876,"dvar":0.000328931462718,"dvar2":0.000927842280362,"max":0.500000119209,"mean":0.469559162855,"median":0.475241690874,"min":0.222838550806,"var":0.000571358890738},"dynamic_complexity":2.553129673,"erbbands":{"dmean":[0.543036341667,1.08803319931,2.3451128006,3.91070961952,6.00615262985,7.60216140747,11.874879837,12.6925458908,21.7949905396,28.8431186676,25.6448516846,20.8251361847,23.7032699585,18.409198761,20.6958751678,17.9397983551,22.9773445129,14.7734546661,16.4396495819,13.8106164932,8.30953979492,6.23157739639,7.751973629,6.72244739532,5.30561351776,3.22584891319,1.34047174454,0.618361234665,0.288708150387,0.172895208001,0.107435546815,0.0650179386139,0.0429356619716,0.0290051847696,0.0181853566319,0.0102455820888,0.005956817884,0.00431331014261,0.0035388674587,0.0019779605791],"dmean2":[0.919276952744,1.8236644268,4.03945636749,6.67265510559,10.1843338013,12.9439344406,19.4447822571,20.4141902924,35.0431632996,48.5269699097,41.2366333008,33.2928390503,38.6589584351,30.0290908813,34.0307044983,29.5391921997,37.6599349976,24.1178970337,26.4257736206,22.1029109955,13.4714298248,10.0018386841,12.3284921646,10.26334095,8.05497169495,4.75647830963,2.00565242767,0.937178254128,0.444396287203,0.270742326975,0.173450499773,0.10828268528,0.072710223496,0.0491307638586,0.0307475291193,0.017243232578,0.0097068939358,0.00659764232114,0.00514154741541,0.0031292734202],"dvar":[0.523161232471,1.8319965601,8.90139007568,30.7797660828,90.6380081177,186.416717529,700.804016113,744.049194336,2077.62792969,2129.87719727,5662.48681641,2921.53979492,5028.97851562,2059.92163086,1791.88586426,1233.2644043,2697.3449707,931.756774902,1609.12902832,1325.28161621,288.236602783,143.531677246,327.259765625,409.42791748,533.486206055,163.283569336,14.3373785019,4.12793970108,0.5485637784,0.164691463113,0.0290707368404,0.00917122513056,0.00414140429348,0.00187260471284,0.000727145757992,0.000224998642807,0.0000697759314789,0.0000598226833972,0.0000778620087658,0.0000053412577472],"dvar2":[1.46243429184,4.90654611588,24.3507156372,83.6863174438,242.537582397,471.223297119,1653.44934082,1636.6385498,4565.46240234,5599.24414062,13497.421875,6651.68164062,11885.6308594,4764.0390625,4459.06054688,3190.55566406,6894.08886719,2363.94018555,3863.76611328,3124.45288086,719.257873535,321.00479126,751.692199707,852.291809082,1204.16455078,325.948638916,28.2081451416,8.7206993103,1.24426436424,0.349442660809,0.0661884844303,0.0228651184589,0.0104131232947,0.00470162881538,0.00182540516835,0.000564044341445,0.000166996949702,0.000128011000925,0.000140914911753,0.0000129198842842],"max":[8.66268920898,17.852602005,59.2476768494,82.5682525635,230.391342163,314.820037842,728.641052246,1028.24890137,1708.2878418,1508.98278809,1863.15771484,1730.96936035,2916.94189453,1710.63708496,1399.42919922,1186.13134766,1187.28186035,1134.65002441,2127.29858398,1120.8293457,723.037414551,447.821899414,810.306213379,679.434753418,825.741821289,685.883789062,129.990325928,141.718597412,58.7195320129,30.2483692169,7.65932941437,2.759765625,1.02682495117,0.689336538315,0.432235985994,0.244039446115,0.279710143805,0.473066031933,0.337363660336,0.0604609884322],"mean":[1.12170517445,1.88304722309,3.04536032677,5.3038983345,8.66952800751,10.2942609787,16.4418487549,19.7471485138,35.0084571838,44.1187553406,40.1635131836,32.6823577881,35.6204452515,30.5241966248,35.9076042175,33.3579216003,39.6895599365,28.7012062073,31.2936496735,25.8070163727,16.9137783051,13.8530855179,16.1253471375,13.4615478516,9.9602098465,6.38925075531,2.7909924984,1.24608027935,0.574024856091,0.296513110399,0.15549467504,0.0753707960248,0.0422538034618,0.0284508392215,0.0181358531117,0.0106314793229,0.00828758534044,0.00918869301677,0.0106851179153,0.00939299538732],"median":[0.918282091618,1.45239698887,1.98244893551,3.28727769852,4.684674263,5.75924539566,7.57672643661,9.33613872528,17.379737854,26.0144691467,16.8503913879,15.2771139145,16.4366054535,16.9088230133,20.5727519989,19.1054229736,19.7496356964,16.888841629,16.6215000153,12.2964677811,10.6140317917,9.66871547699,9.02468967438,5.71138143539,3.78499293327,2.63291716576,1.40977489948,0.746683180332,0.382841825485,0.191119045019,0.0973021388054,0.0400736741722,0.0177948195487,0.0119103426114,0.00782997719944,0.00491091655567,0.00532922428101,0.00663413899019,0.00713040772825,0.0078451661393],"min":[1.30852637131e-22,4.3944106357e-22,1.24535060348e-21,1.21759128243e-21,6.97862152111e-21,2.29447381122e-20,3.63084790649e-20,4.68493256212e-20,1.41278635838e-19,1.20647381343e-19,2.53329025678e-19,4.97696841889e-19,3.65309712626e-19,7.75914129536e-19,7.84473432623e-19,1.42989180722e-18,1.38630786754e-18,2.13154621085e-18,2.57282266582e-18,3.55460395525e-18,4.81058010809e-18,4.60648900838e-18,5.82057590783e-18,6.20482032751e-18,6.89580813375e-18,7.58166038916e-18,9.37844557213e-18,1.04841312795e-17,1.06810019196e-17,1.06125237726e-17,1.16814371658e-17,1.07077885094e-17,9.67764589868e-18,8.68603997832e-18,6.70478359258e-18,4.0150168201e-18,2.35079539529e-18,8.98566816404e-19,2.49615915306e-19,2.78954189251e-20],"var":[0.909698188305,2.75811338425,12.2217216492,41.1489715576,171.567977905,267.439727783,1190.15490723,1806.66674805,5334.57421875,3410.15307617,10343.9316406,5204.35986328,7720.32666016,3636.1418457,3012.58935547,2405.54882812,4840.16943359,1779.81311035,3215.52758789,2432.21435547,565.648803711,320.637542725,674.981689453,1013.04473877,1113.33422852,366.413757324,36.7367362976,7.76933574677,1.02587878704,0.311206102371,0.0480406880379,0.010983097367,0.00433973548934,0.00195549218915,0.000765983189922,0.000242629525019,0.0000979201140581,0.0001316620328,0.000256060389802,0.000051634189731]},"erbbands_crest":{"dmean":2.68921875954,"dmean2":4.48384666443,"dvar":6.77479457855,"dvar2":17.19389534,"max":32.5784187317,"mean":8.14789581299,"median":6.94645881653,"min":2.507178545,"var":16.2515106201},"erbbands_flatness_db":{"dmean":0.0221577771008,"dmean2":0.035338550806,"dvar":0.000357047421858,"dvar2":0.00091544224415,"max":0.397418469191,"mean":0.159340918064,"median":0.155195921659,"min":0.0533465221524,"var":0.00125602958724},"erbbands_kurtosis":{"dmean":0.84929227829,"dmean2":1.38717985153,"dvar":2.17542648315,"dvar2":5.14336538315,"max":89.1170883179,"mean":0.423881232738,"median":-0.116646289825,"min":-1.61943912506,"var":5.0838727951},"erbbands_skewness":{"dmean":0.348503828049,"dmean2":0.556996285915,"dvar":0.0929557606578,"dvar2":0.227670460939,"max":6.35136079788,"mean":0.218001589179,"median":0.17450581491,"min":-4.64633369446,"var":0.445313006639},"erbbands_spread":{"dmean":5.2180929184,"dmean2":8.40633106232,"dvar":19.7967643738,"dvar2":50.2786026001,"max":88.3498764038,"mean":27.2721786499,"median":27.0286064148,"min":0.801771044731,"var":82.5816650391},"gfcc":{"cov":[[10584.59375,739.706665039,-901.082458496,199.990890503,-54.1089019775,-358.425323486,147.861129761,-68.747177124,2.97846436501,75.124206543,-60.1626091003,-78.738822937,-17.2135677338],[739.706665039,585.71887207,-21.3014373779,-86.7569885254,82.6976318359,-79.2140960693,88.6547546387,-84.3097763062,56.7600402832,-14.3204984665,23.5143909454,-0.673223853111,16.9910945892],[-901.082458496,-21.3014373779,471.125518799,33.9481010437,-118.762733459,189.733306885,-92.4280090332,84.1767578125,-34.4220695496,30.6821918488,2.83187675476,16.5635585785,23.9266319275],[199.990890503,-86.7569885254,33.9481010437,229.509796143,43.8508224487,-36.5986251831,32.7326583862,18.7445735931,2.24819993973,7.25566053391,-14.5764007568,18.3991661072,-18.2762851715],[-54.1089019775,82.6976318359,-118.762733459,43.8508224487,202.446166992,-17.2223148346,53.3694953918,-36.2191085815,21.237165451,-39.274848938,15.1586112976,17.3751907349,-1.7258617878],[-358.425323486,-79.2140960693,189.733306885,-36.5986251831,-17.2223148346,256.070617676,-62.7616271973,76.3066635132,-43.6752548218,6.67934417725,8.41055774689,19.0499954224,27.2440185547],[147.861129761,88.6547546387,-92.4280090332,32.7326583862,53.3694953918,-62.7616271973,183.028030396,-33.8148193359,50.4075889587,3.23299860954,3.25048065186,8.35353755951,-11.9503717422],[-68.747177124,-84.3097763062,84.1767578125,18.7445735931,-36.2191085815,76.3066635132,-33.8148193359,130.847549438,16.4035243988,30.3100814819,4.84992027283,-3.3111474514,13.0436239243],[2.97846436501,56.7600402832,-34.4220695496,2.24819993973,21.237165451,-43.6752548218,50.4075889587,16.4035243988,100.001792908,36.4095916748,9.21461009979,8.93417644501,-10.0319490433],[75.124206543,-14.3204984665,30.6821918488,7.25566053391,-39.274848938,6.67934417725,3.23299860954,30.3100814819,36.4095916748,82.7998886108,27.868062973,-3.19493365288,11.5539865494],[-60.1626091003,23.5143909454,2.83187675476,-14.5764007568,15.1586112976,8.41055774689,3.25048065186,4.84992027283,9.21461009979,27.868062973,59.7059631348,28.7402687073,14.3236904144],[-78.738822937,-0.673223853111,16.5635585785,18.3991661072,17.3751907349,19.0499954224,8.35353755951,-3.3111474514,8.93417644501,-3.19493365288,28.7402687073,68.2252578735,18.7729320526],[-17.2135677338,16.9910945892,23.9266319275,-18.2762851715,-1.7258617878,27.2440185547,-11.9503717422,13.0436239243,-10.0319490433,11.5539865494,14.3236904144,18.7729320526,61.8749542236]],"icov":[[0.000240709836362,-0.000741207739338,0.00109833851457,-0.000895174045581,0.000906196073629,-0.00055697071366,0.000271094759228,-0.000261728069745,0.000416561786551,-0.0003985070216,0.000262224988546,-0.0000772226485424,0.0000640970101813],[-0.000741207739338,0.00510531431064,-0.00474601518363,0.00421165348962,-0.00415759021416,0.00287094875239,-0.00183064443991,0.00217091082595,-0.00280642928556,0.00214676815085,-0.00182468059938,0.00147536420263,-0.0016012560809],[0.00109833851457,-0.00474601518363,0.0101618189365,-0.00743571063504,0.00831337459385,-0.00698007876053,0.00281219743192,-0.000789179874118,0.000175891036633,0.0000313186246785,-0.000772586092353,0.000648956920486,-0.000497602217365],[-0.000895174045581,0.00421165348962,-0.00743571063504,0.0134413205087,-0.0101321013644,0.00791906192899,-0.00329042971134,-0.0031553900335,0.00557899288833,-0.00719074578956,0.00821764674038,-0.00794756785035,0.00445646326989],[0.000906196073629,-0.00415759021416,0.00831337459385,-0.0101321013644,0.0162319745868,-0.00817146897316,0.0015973104164,0.0028853029944,-0.00673628272489,0.0104506593198,-0.00954418908805,0.00624674651772,-0.00379220419563],[-0.00055697071366,0.00287094875239,-0.00698007876053,0.00791906192899,-0.00817146897316,0.0122702056542,-0.00169595179614,-0.00511139677837,0.00684821838513,-0.00544557347894,0.00554779032245,-0.0064871031791,0.00202538026497],[0.000271094759228,-0.00183064443991,0.00281219743192,-0.00329042971134,0.0015973104164,-0.00169595179614,0.00837532058358,0.00160725857131,-0.00365401641466,0.000461398478365,-0.0004962401581,0.000350197602529,-0.000081151323684],[-0.000261728069745,0.00217091082595,-0.000789179874118,-0.0031553900335,0.0028853029944,-0.00511139677837,0.00160725857131,0.0151197044179,-0.00997037347406,0.00491429120302,-0.00636145332828,0.00764386309311,-0.0052223354578],[0.000416561786551,-0.00280642928556,0.000175891036633,0.00557899288833,-0.00673628272489,0.00684821838513,-0.00365401641466,-0.00997037347406,0.0279054250568,-0.0205763168633,0.0146772041917,-0.0149224344641,0.0101557094604],[-0.0003985070216,0.00214676815085,0.0000313186246785,-0.00719074578956,0.0104506593198,-0.00544557347894,0.000461398478365,0.00491429120302,-0.0205763168633,0.0370419472456,-0.0258711967617,0.0189148355275,-0.0110968062654],[0.000262224988546,-0.00182468059938,-0.000772586092353,0.00821764674038,-0.00954418908805,0.00554779032245,-0.0004962401581,-0.00636145332828,0.0146772041917,-0.0258711967617,0.0415269732475,-0.0235473345965,0.00657794624567],[-0.0000772226485424,0.00147536420263,0.000648956920486,-0.00794756785035,0.00624674651772,-0.0064871031791,0.000350197602529,0.00764386309311,-0.0149224344641,0.0189148355275,-0.0235473345965,0.033209849149,-0.012114497833],[0.0000640970101813,-0.0016012560809,-0.000497602217365,0.00445646326989,-0.00379220419563,0.00202538026497,-0.000081151323684,-0.0052223354578,0.0101557094604,-0.0110968062654,0.00657794624567,-0.012114497833,0.0240870658308]],"mean":[-4.28308963776,124.211921692,-97.7613830566,-3.23265171051,-8.24444198608,-18.1388549805,1.49081742764,-8.04001140594,0.286511480808,-2.26227498055,1.73578321934,-2.74011063576,-3.86452293396]},"hfc":{"dmean":23.1735916138,"dmean2":38.060585022,"dvar":569.732666016,"dvar2":1572.1619873,"max":435.983703613,"mean":93.5060806274,"median":85.8580932617,"min":1.08291977784e-16,"var":2750.46948242},"melbands":{"dmean":[0.00361412297934,0.0011183215538,0.000699911324773,0.000459520029835,0.000397000461817,0.000294846802717,0.000321696134051,0.000309273455059,0.000209793332033,0.000130681422888,0.000121123681311,0.0000780548216426,0.0000765797012718,0.0000543544156244,0.0000586490568821,0.0000465690864075,0.0000276181999652,0.0000288287646981,0.0000249703243753,0.0000157347640197,0.00000955087853072,0.00000711871052772,0.00000734352715881,0.00000705158981873,0.00000589122009842,0.00000443067210654,0.0000037187480757,0.00000199423902814,0.00000103786271666,5.18853312315e-7,3.31631184736e-7,1.85000871511e-7,1.1781457232e-7,9.12941118258e-8,6.62517223304e-8,4.88914260188e-8,3.65186316742e-8,3.05766505448e-8,2.67575348545e-8,2.36741719561e-8],"dmean2":[0.00611959211528,0.00190019782167,0.00118029944133,0.000780145463068,0.000651137437671,0.00047262624139,0.000518048123922,0.000519775843713,0.000335715798428,0.000209981546504,0.000197524539544,0.00012750813039,0.000126306927996,0.0000902264437173,0.0000970314504229,0.0000769964826759,0.0000453436405223,0.0000469069564133,0.0000402619916713,0.000025495663067,0.0000156771639013,0.0000115733409984,0.000011874341908,0.0000112432153401,0.00000912175164558,0.00000674730745231,0.00000577989885642,0.00000298277404909,0.00000157757813213,8.06363402717e-7,5.13224392762e-7,2.90189291263e-7,1.86730162e-7,1.44292002346e-7,1.07448883568e-7,8.06075632909e-8,6.13966264496e-8,5.18164178231e-8,4.53444428672e-8,4.01012663076e-8],"dvar":[0.0000225747353397,0.00000162969467965,9.02989540918e-7,5.01965871536e-7,6.95815515428e-7,3.64267066288e-7,3.89400696577e-7,2.5189808639e-7,3.73544850163e-7,1.05117237581e-7,1.29896363887e-7,3.77961733022e-8,2.53658480887e-8,1.29067663224e-8,1.7824783427e-8,1.28636257202e-8,3.11500336636e-9,4.78092943013e-9,4.86721551951e-9,1.72168468371e-9,3.97899380111e-10,1.73932659941e-10,2.80863915458e-10,2.97182223274e-10,3.28098492819e-10,3.21956739047e-10,2.92212004593e-10,6.71203162494e-11,9.54118815205e-12,2.14676323593e-12,1.24783657799e-12,2.17370080811e-13,8.83699445e-14,4.36412618012e-14,1.26067462608e-14,5.08724981154e-15,3.11316880071e-15,2.11657037552e-15,1.59972527067e-15,1.24571939119e-15],"dvar2":[0.0000628362613497,0.00000444508486908,0.00000240992721956,0.000001313791131,0.0000016441384787,8.06492494121e-7,8.62969784521e-7,6.63362413889e-7,8.68114398145e-7,2.41969161152e-7,3.06262791128e-7,8.73819558933e-8,6.18195628022e-8,3.29331228954e-8,4.53179751503e-8,3.29716343117e-8,7.92444421194e-9,1.15257359212e-8,1.1564737612e-8,4.0822345504e-9,1.01720465384e-9,4.09014488945e-10,6.73475109014e-10,6.86232903835e-10,7.03559488446e-10,7.24660054185e-10,6.93407609109e-10,1.40085609779e-10,1.94979813545e-11,4.53704868814e-12,2.7586275278e-12,5.1388759784e-13,2.02914968899e-13,9.32072954517e-14,2.95980586232e-14,1.23403950565e-14,7.92630816261e-15,5.32733071253e-15,4.01522881987e-15,3.12785825784e-15],"max":[0.0594586208463,0.0222710184753,0.0181841421872,0.0144705064595,0.01985777542,0.0229657962918,0.0225089527667,0.0136607820168,0.0134139349684,0.00927076861262,0.015095395036,0.00681692687795,0.00515158101916,0.00363637274131,0.00520807923749,0.00345466076396,0.00182707363274,0.00393249699846,0.00266947993077,0.00160510174464,0.00087322643958,0.000499378307723,0.00078731297981,0.000901750172488,0.000592830067035,0.000657222990412,0.000739442184567,0.000498663343024,0.000112594701932,0.0000859105639393,0.0000765663644415,0.0000324417305819,0.0000238166048803,0.0000136332273541,0.00000571824421058,0.00000206913364309,0.00000154707811362,7.22976039924e-7,6.354870834e-7,5.61970352919e-7],"mean":[0.00797710753977,0.00179385766387,0.00105277646799,0.000671973219141,0.000560277316254,0.000466880650492,0.000529389188159,0.000466329918709,0.000320531020407,0.000199276109925,0.000176586283487,0.000122024386656,0.000123617239296,0.0000921091268538,0.0000953060371103,0.0000774124637246,0.0000496998509334,0.0000509060955665,0.0000422282246291,0.0000277539802482,0.0000177018337126,0.0000140042202474,0.0000144132054629,0.0000136060807563,0.0000107846390165,0.00000772643124947,0.00000639421250526,0.00000370825000573,0.00000197070653485,0.00000100443753581,6.07322988344e-7,3.48585160737e-7,2.04884130994e-7,1.45348352021e-7,9.46082465703e-8,6.23769196295e-8,3.84999978564e-8,2.96307440806e-8,2.60234500615e-8,2.3197719301e-8],"median":[0.0068879686296,0.0013927166583,0.000669261906296,0.000396566436393,0.000271513825282,0.000222520262469,0.000282390683424,0.000265980313998,0.000123800709844,0.0000946559302974,0.0000786171367508,0.0000646283951937,0.0000673665126669,0.0000508673401782,0.000048332305596,0.0000373008151655,0.0000288966457447,0.0000267242539849,0.0000183481170097,0.0000135266909638,0.0000111071167339,0.00000954968618316,0.00000797217307991,0.00000713059716873,0.00000407518973589,0.00000264880441136,0.00000248734909292,0.0000014713747305,9.0398549446e-7,5.87252600326e-7,3.56624013875e-7,2.2439184022e-7,1.35216012609e-7,9.0001094577e-8,5.82738906019e-8,3.67620529573e-8,1.80830834751e-8,1.21693846111e-8,1.07362971846e-8,9.70157731928e-9],"min":[1.88938872397e-24,7.80095033538e-25,2.59112531632e-25,6.68480435261e-25,1.35065874989e-24,1.01278222861e-24,2.36481172293e-24,1.53160293116e-24,1.57355484993e-24,2.77258536332e-24,1.58287869279e-24,2.50519504304e-24,2.78446698906e-24,2.93535616149e-24,2.79536313032e-24,3.18168231788e-24,3.34237920073e-24,2.86197691173e-24,4.64595409724e-24,4.72604162292e-24,4.51835624025e-24,4.53844734422e-24,3.47003937773e-24,3.81736931228e-24,4.35256528811e-24,4.11549838659e-24,4.02320205511e-24,3.94075504646e-24,6.11297545128e-24,6.17686726815e-24,5.41547568294e-24,5.19824942205e-24,5.10028236395e-24,5.24309577008e-24,5.06047762597e-24,4.77712273312e-24,5.3174912699e-24,6.23881257073e-24,5.69217811178e-24,7.20407263512e-24],"var":[0.0000390231252823,0.00000245150908995,0.00000154387782914,8.06225045835e-7,0.00000120514073387,9.15711893867e-7,0.00000100631211808,4.10943897577e-7,7.19073511846e-7,1.82135153182e-7,2.0044963378e-7,6.43120827704e-8,4.23451353981e-8,2.34111627861e-8,2.99393576597e-8,2.07185166801e-8,5.62102586699e-9,8.9294029948e-9,8.68647553887e-9,3.03000602386e-9,6.78882339233e-10,3.48244461046e-10,5.12107412032e-10,6.0658944534e-10,7.47344686136e-10,6.6445604574e-10,5.20948173488e-10,1.26760657526e-10,2.18079252573e-11,4.89277932406e-12,2.05540445775e-12,3.78635599436e-13,1.50736695803e-13,7.81260296799e-14,1.92319643826e-14,6.83774969968e-15,3.3846079202e-15,2.2110933232e-15,1.66702860283e-15,1.30111672237e-15]},"melbands_crest":{"dmean":4.39757061005,"dmean2":7.24140834808,"dvar":14.9969015121,"dvar2":39.9838485718,"max":38.6985168457,"mean":20.7350254059,"median":20.4236450195,"min":1.67473518848,"var":64.6747894287},"melbands_flatness_db":{"dmean":0.0314003154635,"dmean2":0.0504013374448,"dvar":0.000721611722838,"dvar2":0.00189312978182,"max":0.642127096653,"mean":0.283575326204,"median":0.277377933264,"min":0.00281190383248,"var":0.00413468573242},"melbands_kurtosis":{"dmean":7.06938695908,"dmean2":11.7720327377,"dvar":117.672157288,"dvar2":322.507232666,"max":219.511749268,"mean":13.4878110886,"median":8.09013843536,"min":-1.88457047939,"var":280.825073242},"melbands_skewness":{"dmean":0.783668756485,"dmean2":1.27969992161,"dvar":0.586222887039,"dvar2":1.58274281025,"max":12.0494508743,"mean":2.80782318115,"median":2.53677415848,"min":-2.643055439,"var":2.64413928986},"melbands_spread":{"dmean":4.18745851517,"dmean2":6.70055532455,"dvar":25.4720077515,"dvar2":59.0828437805,"max":334.485778809,"mean":15.1922740936,"median":12.4113006592,"min":0.519785225391,"var":193.542907715},"mfcc":{"cov":[[5465.72753906,514.995056152,-771.549987793,507.240722656,-143.907546997,-30.9076862335,-13.5821743011,-33.5995483398,-15.2085399628,117.691825867,30.442073822,-22.8354721069,4.98229074478],[514.995056152,816.497680664,-107.942909241,20.7179088593,-15.4457178116,49.3362770081,1.9004611969,-1.15100514889,5.09431266785,-8.33020591736,19.6443519592,20.1830005646,12.5394382477],[-771.549987793,-107.942909241,575.44934082,-163.400161743,76.2518997192,-13.7389812469,27.0522708893,0.871957778931,19.8479785919,-6.15378713608,-0.888987958431,20.2690486908,7.77845048904],[507.240722656,20.7179088593,-163.400161743,349.081268311,-60.782951355,10.4399394989,-24.9328804016,11.9400920868,-6.6966881752,36.3984718323,10.4329395294,-9.91782665253,7.31739282608],[-143.907546997,-15.4457178116,76.2518997192,-60.782951355,190.339385986,13.9378271103,22.0435943604,25.5064811707,10.256896019,-45.980014801,-0.0866066142917,22.5390968323,-12.8994426727],[-30.9076862335,49.3362770081,-13.7389812469,10.4399394989,13.9378271103,111.751426697,34.7126159668,29.4875106812,-2.00327682495,-11.6404466629,-7.2659330368,3.23801994324,6.34098100662],[-13.5821743011,1.9004611969,27.0522708893,-24.9328804016,22.0435943604,34.7126159668,96.0704193115,24.8551616669,4.31625938416,-7.91239786148,-7.33710098267,-2.64667677879,0.333743780851],[-33.5995483398,-1.15100514889,0.871957778931,11.9400920868,25.5064811707,29.4875106812,24.8551616669,93.2695236206,22.9569244385,-15.0750436783,2.30319261551,12.1833295822,2.27965378761],[-15.2085399628,5.09431266785,19.8479785919,-6.6966881752,10.256896019,-2.00327682495,4.31625938416,22.9569244385,65.8894424438,28.1607379913,10.8897161484,10.2179546356,1.98858177662],[117.691825867,-8.33020591736,-6.15378713608,36.3984718323,-45.980014801,-11.6404466629,-7.91239786148,-15.0750436783,28.1607379913,84.484664917,30.2092170715,-2.08191490173,9.62588119507],[30.442073822,19.6443519592,-0.888987958431,10.4329395294,-0.0866066142917,-7.2659330368,-7.33710098267,2.30319261551,10.8897161484,30.2092170715,53.8186225891,28.8790035248,7.94195318222],[-22.8354721069,20.1830005646,20.2690486908,-9.91782665253,22.5390968323,3.23801994324,-2.64667677879,12.1833295822,10.2179546356,-2.08191490173,28.8790035248,58.5232009888,24.7714042664],[4.98229074478,12.5394382477,7.77845048904,7.31739282608,-12.8994426727,6.34098100662,0.333743780851,2.27965378761,1.98858177662,9.62588119507,7.94195318222,24.7714042664,45.9386940002]],"icov":[[0.000266389251919,-0.000148932507727,0.000281012384221,-0.000250414334005,-0.0000897966674529,0.000238500739215,-0.000206745957257,0.0000304442346533,0.00016476145538,-0.000456522480818,0.000275596103165,-0.000199771908228,0.0000945266656345],[-0.000148932507727,0.0014221657766,0.0000836503459141,0.000153930901433,0.000254475016845,-0.000819422246423,0.000129017149447,0.000447226630058,-0.00065914914012,0.0010300205322,-0.00102715520188,0.0000995432783384,-0.000312688964186],[0.000281012384221,0.0000836503459141,0.00246862019412,0.000627539935522,-0.000757295812946,0.000508274126332,-0.000581665313803,0.000114703980216,-0.0000312093579851,-0.00108616123907,0.000762170355301,-0.000703311641701,-0.000379109609639],[-0.000250414334005,0.000153930901433,0.000627539935522,0.00393934128806,0.000401043333113,-0.000595965830144,0.00112279318273,-0.00139228219632,0.00108697800897,-0.0015578820603,-0.0000887112109922,0.000519600871485,-0.000478254514746],[-0.0000897966674529,0.000254475016845,-0.000757295812946,0.000401043333113,0.00760823115706,-0.000670970766805,-0.00089644669788,-0.0000194532967726,-0.00240536197089,0.00485522625968,-0.0016163039254,-0.00260720634833,0.0030131614767],[0.000238500739215,-0.000819422246423,0.000508274126332,-0.000595965830144,-0.000670970766805,0.0116255460307,-0.00354210683145,-0.00295560271479,0.00186990806833,-0.00109704444185,0.00237541063689,-0.000854490965139,-0.00121499679517],[-0.000206745957257,0.000129017149447,-0.000581665313803,0.00112279318273,-0.00089644669788,-0.00354210683145,0.0130701614544,-0.00274412147701,0.000253988575423,-0.000641198188532,0.000655498413835,0.00193955563009,-0.000850553158671],[0.0000304442346533,0.000447226630058,0.000114703980216,-0.00139228219632,-0.0000194532967726,-0.00295560271479,-0.00274412147701,0.0156890433282,-0.00781218940392,0.00660089449957,-0.00331735494547,-0.00010851402476,-0.000692078727297],[0.00016476145538,-0.00065914914012,-0.0000312093579851,0.00108697800897,-0.00240536197089,0.00186990806833,0.000253988575423,-0.00781218940392,0.0244940649718,-0.0143833337352,0.0067607681267,-0.00683497311547,0.00391684658825],[-0.000456522480818,0.0010300205322,-0.00108616123907,-0.0015578820603,0.00485522625968,-0.00109704444185,-0.000641198188532,0.00660089449957,-0.0143833337352,0.0300561320037,-0.0202792454511,0.0133240083233,-0.00796175561845],[0.000275596103165,-0.00102715520188,0.000762170355301,-0.0000887112109922,-0.0016163039254,0.00237541063689,0.000655498413835,-0.00331735494547,0.0067607681267,-0.0202792454511,0.0414176918566,-0.0251165498048,0.00985346641392],[-0.000199771908228,0.0000995432783384,-0.000703311641701,0.000519600871485,-0.00260720634833,-0.000854490965139,0.00193955563009,-0.00010851402476,-0.00683497311547,0.0133240083233,-0.0251165498048,0.0414623022079,-0.0211034696549],[0.0000945266656345,-0.000312688964186,-0.000379109609639,-0.000478254514746,0.0030131614767,-0.00121499679517,-0.000850553158671,-0.000692078727297,0.00391684658825,-0.00796175561845,0.00985346641392,-0.0211034696549,0.0342127531767]],"mean":[-664.309753418,185.428878784,-24.9116592407,32.4801864624,1.83624196053,10.119720459,5.63039016724,5.933614254,2.19874024391,6.149289608,6.48760414124,5.73377370834,5.16762304306]},"pitch_salience":{"dmean":0.0840565040708,"dmean2":0.13794054091,"dvar":0.00497561739758,"dvar2":0.0132519109175,"max":0.92855900526,"mean":0.485226452351,"median":0.499850332737,"min":0.0765428319573,"var":0.019744085148},"silence_rate_20dB":{"dmean":0,"dmean2":0,"dvar":0,"dvar2":0,"max":1,"mean":1,"median":1,"min":1,"var":0},"silence_rate_30dB":{"dmean":0.0232533551753,"dmean2":0.0465091690421,"dvar":0.0227152016014,"dvar2":0.0573395378888,"max":1,"mean":0.982032418251,"median":1,"min":0,"var":0.0176470465958},"silence_rate_60dB":{"dmean":0.00232533551753,"dmean2":0.00465091690421,"dvar":0.00231837434694,"dvar2":0.00515903811902,"max":1,"mean":0.0324472859502,"median":0,"min":0,"var":0.0313797183335},"spectral_centroid":{"dmean":171.873962402,"dmean2":267.873962402,"dvar":37190.140625,"dvar2":76196,"max":11595.0830078,"mean":1016.80877686,"median":905.816345215,"min":220.281799316,"var":556066.8125},"spectral_complexity":{"dmean":3.19036054611,"dmean2":5.02890968323,"dvar":8.34072303772,"dvar2":17.8864212036,"max":56,"mean":21.7879829407,"median":22,"min":0,"var":76.8894500732},"spectral_contrast_coeffs":{"dmean":[0.0538187436759,0.0510896854103,0.0378361642361,0.0277283731848,0.0224510822445,0.0442710444331],"dmean2":[0.0903600528836,0.0859623849392,0.0641408264637,0.0465949587524,0.0368388406932,0.0714398995042],"dvar":[0.00177007273305,0.00156746630091,0.000893153832294,0.00049419089919,0.00037568830885,0.00150505208876],"dvar2":[0.00494061317295,0.00440140906721,0.00247236248106,0.00134865858126,0.000947766005993,0.00388072594069],"max":[-0.383590489626,-0.449370920658,-0.508283376694,-0.585638463497,-0.598549544811,-0.496408432722],"mean":[-0.718739032745,-0.763240635395,-0.804419338703,-0.81127846241,-0.804829239845,-0.764499664307],"median":[-0.724125266075,-0.76930809021,-0.810352325439,-0.816350758076,-0.806905567646,-0.770568549633],"min":[-0.978509366512,-0.980270802975,-0.980980038643,-0.973434627056,-0.966204166412,-0.964257180691],"var":[0.0055543538183,0.0041090240702,0.00233100121841,0.00164916424546,0.00206729001366,0.0041452171281]},"spectral_contrast_valleys":{"dmean":[0.344865739346,0.336053550243,0.287183821201,0.24461530149,0.255586951971,0.707005262375],"dmean2":[0.583045721054,0.566186666489,0.474911570549,0.395141720772,0.394096851349,1.15724933147],"dvar":[0.0796856582165,0.0741230249405,0.0563155785203,0.0485296584666,0.0862956494093,0.354604631662],"dvar2":[0.210794776678,0.193542897701,0.13975045085,0.109554894269,0.194496944547,0.925558269024],"max":[-4.99594449997,-4.44867801666,-5.20294857025,-5.36320877075,-5.42343568802,-8.97624874115],"mean":[-6.53671121597,-6.19376850128,-6.75385522842,-7.22461986542,-7.68447113037,-11.2389955521],"median":[-6.31672239304,-6.00982809067,-6.56733989716,-7.01150226593,-7.44902181625,-11.1022062302],"min":[-27.999912262,-27.8640956879,-27.8691387177,-27.6755084991,-27.5215873718,-27.4145145416],"var":[2.33043313026,2.31727433205,2.1852645874,2.14388203621,2.19418716431,1.82530224323]},"spectral_decrease":{"dmean":4.14939105298e-9,"dmean2":6.87034207303e-9,"dvar":2.0637926327e-17,"dvar2":5.62161870458e-17,"max":4.02361782781e-10,"mean":-1.28409096689e-8,"median":-1.23704202437e-8,"min":-5.91780029424e-8,"var":4.188073344e-17},"spectral_energy":{"dmean":0.0159882456064,"dmean2":0.0264184158295,"dvar":0.000300644751405,"dvar2":0.000816954765469,"max":0.228614360094,"mean":0.0569456368685,"median":0.055806003511,"min":1.01032510486e-20,"var":0.000658774748445},"spectral_energyband_high":{"dmean":0.0000889562797965,"dmean2":0.00013008932001,"dvar":4.43794228033e-8,"dvar2":8.06234510264e-8,"max":0.00975070521235,"mean":0.00025971539435,"median":0.000184628806892,"min":6.84155672426e-21,"var":1.36162256581e-7},"spectral_energyband_low":{"dmean":0.0128210177645,"dmean2":0.0216928031296,"dvar":0.0002462163975,"dvar2":0.000684603233822,"max":0.207747966051,"mean":0.0316632799804,"median":0.028795555234,"min":2.4374544527e-23,"var":0.000455724977655},"spectral_energyband_middle_high":{"dmean":0.00184673687909,"dmean2":0.00283190212213,"dvar":0.0000101287769212,"dvar2":0.0000227625805564,"max":0.0821487233043,"mean":0.00569331180304,"median":0.00384188466705,"min":1.1658507918e-21,"var":0.0000394299095205},"spectral_energyband_middle_low":{"dmean":0.00552432145923,"dmean2":0.00884384661913,"dvar":0.000049623871746,"dvar2":0.000118653471873,"max":0.131318628788,"mean":0.0139860333875,"median":0.0104820914567,"min":1.80204494802e-22,"var":0.000152451524627},"spectral_entropy":{"dmean":0.152319416404,"dmean2":0.245070531964,"dvar":0.0225588269532,"dvar2":0.0578662566841,"max":9.81778335571,"mean":7.41028118134,"median":7.44976615906,"min":5.10419368744,"var":0.0964023694396},"spectral_flux":{"dmean":0.0258399508893,"dmean2":0.0415748097003,"dvar":0.000664310005959,"dvar2":0.0015493320534,"max":0.356944859028,"mean":0.117795951664,"median":0.116484552622,"min":6.37056865593e-11,"var":0.00185847457033},"spectral_kurtosis":{"dmean":4.86758613586,"dmean2":7.85457134247,"dvar":52.0625343323,"dvar2":138.824310303,"max":136.86541748,"mean":19.5694465637,"median":17.7605228424,"min":-1.25011742115,"var":88.6373901367},"spectral_rms":{"dmean":0.00101785967126,"dmean2":0.00166264001746,"dvar":9.76217847892e-7,"dvar2":0.00000261991499428,"max":0.0149344699457,"mean":0.0071960715577,"median":0.00737867737189,"min":3.13955892534e-12,"var":0.00000377327819479},"spectral_rolloff":{"dmean":1826.31872559,"dmean2":3485.86474609,"dvar":25468696,"dvar2":70449952,"max":22050,"mean":2780.7722168,"median":818.26171875,"min":43.06640625,"var":34247696},"spectral_skewness":{"dmean":0.332154631615,"dmean2":0.52308100462,"dvar":0.204238295555,"dvar2":0.52653414011,"max":9.4619512558,"mean":2.85402083397,"median":2.75209784508,"min":-0.0715074762702,"var":0.598653137684},"spectral_spread":{"dmean":464148.96875,"dmean2":751123.75,"dvar":321815248896,"dvar2":813203914752,"max":50518812,"mean":3320472.75,"median":3104990,"min":1236361.125,"var":5610775511040},"spectral_strongpeak":{"dmean":0.447195857763,"dmean2":0.797498822212,"dvar":3.43458795547,"dvar2":9.22388267517,"max":62.6667976379,"mean":0.528857171535,"median":0.249959051609,"min":0,"var":3.04862833023},"zerocrossingrate":{"dmean":0.0263902563602,"dmean2":0.0356761440635,"dvar":0.000533338519745,"dvar2":0.000942881219089,"max":0.8115234375,"mean":0.160222262144,"median":0.14990234375,"min":0.0087890625,"var":0.00537776853889}},"metadata":{"audio_properties":{"analysis_sample_rate":44100,"bit_rate":192000,"codec":"mp3","downmix":"mix","equal_loudness":0,"length":439.35345459,"lossless":false,"md5_encoded":"ac3babf6d68348d549c5a3247f262b48","replay_gain":-11.2714366913,"sample_rate":44100},"tags":{"album":["Bloodflowers"],"albumartist":["The Cure"],"albumartistsort":["Cure, The"],"artist":["The Cure"],"artistsort":["Cure, The"],"asin":["B00004GOVO"],"date":["2000-02-15"],"file_name":"08 39.mp3","genre":["Progressive Rock"],"musicbrainz album release country":["US"],"musicbrainz album status":["official"],"musicbrainz album type":["album"],"musicbrainz_albumartistid":["69ee3720-a7cb-4402-b48d-a02c366f2bcf"],"musicbrainz_albumid":["daa8db3b-4011-4ed4-8187-56bcc3bfb5df"],"musicbrainz_artistid":["69ee3720-a7cb-4402-b48d-a02c366f2bcf"],"musicbrainz_recordingid":["c0210b5a-cc06-4942-a1c2-3d9bce7a9144"],"title":["39"],"tracknumber":["8/9"]},"version":{"essentia":"2.1-beta1","essentia_build_sha":"9f04d4dd351e2d05498f0c7e4880499648f24ac0","essentia_git_sha":"v2.1_beta1-34-gf95df8b","extractor":"music 1.0"}},"rhythm":{"beats_count":677,"beats_loudness":{"dmean":0.020072158426,"dmean2":0.0351646058261,"dvar":0.000277600018308,"dvar2":0.000799342058599,"max":0.12722247839,"mean":0.0562949925661,"median":0.0555908754468,"min":0,"var":0.000523634080309},"beats_loudness_band_ratio":{"dmean":[0.166451394558,0.100085243583,0.0973512679338,0.0589466169477,0.0276349764317,0.0450685471296],"dmean2":[0.281297802925,0.177564695477,0.16791883111,0.103344023228,0.0472145229578,0.0784281045198],"dvar":[0.0191859472543,0.01182851661,0.0127983577549,0.00660414295271,0.00142219930422,0.00332538224757],"dvar2":[0.0512540563941,0.0330756083131,0.0346175730228,0.0184591971338,0.0035584163852,0.00920509174466],"max":[0.946046888828,0.76601433754,0.856870830059,0.691364109516,0.648447573185,0.684195518494],"mean":[0.55597370863,0.117729105055,0.135926112533,0.0817109420896,0.0463014170527,0.0850902348757],"media