{"lowlevel":{"average_loudness":0.928253650665,"barkbands":{"dmean":[0.000368394015823,0.0179148204625,0.00873921439052,0.005665095523,0.00271350890398,0.00117211230099,0.000506405020133,0.000178826056072,0.000168985570781,0.000108709187771,0.0000298453887808,0.0000345726548403,0.0000243414906436,0.0000281157226709,0.0000580265696044,0.000136290633236,0.0000230943278439,0.0000596848076384,0.0000146617248902,0.0000251615274465,0.0000198235702555,0.0000103362754089,0.0000156413661898,0.0000213807616092,0.0000118354264487,0.00000274011858892,1.42381921364e-7],"dmean2":[0.000569657771848,0.0277558807284,0.0147376982495,0.00941730104387,0.00453021749854,0.00178026838694,0.000811180041637,0.000280003703665,0.000271848926786,0.000173023974639,0.0000493421612191,0.0000535969775228,0.0000399152086175,0.0000449405779364,0.0000900545055629,0.000203708928893,0.0000376392999897,0.000104787839518,0.0000227335749514,0.0000383881197195,0.0000283734170807,0.0000152586271724,0.0000226207030209,0.0000301123436657,0.0000182273488463,0.00000422693983637,2.12063966387e-7],"dvar":[2.5272990456e-7,0.000322086911183,0.000131432709168,0.0000761443297961,0.0000297954666166,0.00000724024721421,0.00000117236209007,1.7540574504e-7,1.68479886042e-7,7.30478859623e-8,1.09580717833e-8,1.03502522109e-8,5.7733759995e-9,2.03732977155e-8,2.13796610637e-7,6.89730256909e-7,2.22894946944e-8,1.07654464898e-7,6.41565067738e-9,1.76954735309e-8,1.79381789422e-8,5.09066966359e-9,1.32489708093e-8,2.82714189836e-8,8.95986218552e-9,6.69086674954e-10,1.12984263872e-12],"dvar2":[5.04840215854e-7,0.00083280558465,0.000361064361641,0.00020052526088,0.0000782188362791,0.000016306519683,0.00000291571041089,4.06436953426e-7,3.89878380247e-7,1.60675710958e-7,2.97206721456e-8,2.28218759446e-8,1.54065684654e-8,4.67368295176e-8,4.86444150738e-7,0.00000150195307924,6.55747243172e-8,3.24226590465e-7,1.41072264981e-8,3.63757592936e-8,3.34398180257e-8,1.01952677412e-8,2.61516728273e-8,5.63140041265e-8,2.18751488035e-8,1.62438695828e-9,2.25873941946e-12],"max":[0.00595182087272,0.1900164783,0.140027090907,0.125098094344,0.0989699661732,0.0722656995058,0.0314761213958,0.0120869865641,0.0151282530278,0.00932406354696,0.00350606953725,0.00363071542233,0.00298126949929,0.00750279100612,0.0325556658208,0.0280152149498,0.009028730914,0.0113162612543,0.00554601987824,0.00548311276361,0.00729165645316,0.00299298320897,0.0051281391643,0.00822851900011,0.00357649684884,0.0011449320009,0.000060436927015],"mean":[0.000393163558329,0.0288501400501,0.011804735288,0.00712144002318,0.00429608905688,0.00354407820851,0.00141575571615,0.000365427578799,0.000354410789441,0.000207288918318,0.0000489258818561,0.0000704295598553,0.0000392836082028,0.0000473838408652,0.000112204776087,0.000280377280433,0.0000462580719613,0.0000805050658528,0.0000247818315984,0.0000426029182563,0.0000352582137566,0.0000176371486305,0.0000296095076919,0.0000381299760193,0.0000175341556314,0.00000386198280466,2.38401227648e-7],"median":[0.000139938070788,0.023495208472,0.00750812049955,0.00352978752926,0.00179988238961,0.00105069228448,0.000452868349385,0.000139101844979,0.000105125385744,0.0000506811593368,0.0000108407912194,0.00000975812963588,0.00000762146555644,0.00000920954607864,0.00000464602044303,0.00000435653510067,0.00000530640136276,0.00000427110171586,0.00000323857739204,0.0000020430902623,0.00000128476506234,4.83029566567e-7,2.37113837898e-7,1.27672223016e-7,6.11419750385e-8,4.15776213458e-8,5.48184360127e-8],"min":[1.30866176745e-24,2.44058141845e-24,1.16006571506e-24,4.33146414636e-25,1.08568244258e-23,2.03327044498e-24,6.77068428671e-24,1.15292399951e-23,1.82047261255e-23,7.04858026209e-24,1.63747897065e-23,4.01365675927e-23,4.25256738649e-23,3.29112674995e-23,6.48655141923e-23,5.6420751891e-23,7.67988339866e-23,1.10804526085e-22,1.19853328648e-22,1.8628624635e-22,2.82697279468e-22,3.03313988832e-22,3.66174691919e-22,5.47475678136e-22,7.85484227137e-22,1.42094947589e-21,2.0519323791e-21],"var":[3.53018265287e-7,0.000528612057678,0.000180137416464,0.0000943317936617,0.0000439724644821,0.0000456265406683,0.00000566137441638,4.80290225369e-7,6.76219826801e-7,2.34617317574e-7,1.52828008027e-8,4.79934989528e-8,9.99685756398e-9,3.05055927186e-8,4.28473498459e-7,0.00000273272212326,2.69367745886e-8,1.3819365563e-7,1.07197299926e-8,3.55437421717e-8,5.5116178288e-8,1.47602046141e-8,4.43214958068e-8,9.2181849709e-8,1.38915288161e-8,9.38349287161e-10,2.51750486777e-12]},"barkbands_crest":{"dmean":3.13684916496,"dmean2":5.091837883,"dvar":6.83658313751,"dvar2":17.2165260315,"max":25.4211521149,"mean":14.6630926132,"median":14.3297805786,"min":4.39131069183,"var":20.0664691925},"barkbands_flatness_db":{"dmean":0.0350528359413,"dmean2":0.0534898266196,"dvar":0.000975119241048,"dvar2":0.00232009519823,"max":0.601182758808,"mean":0.333002924919,"median":0.332570493221,"min":0.0251867789775,"var":0.00776580534875},"barkbands_kurtosis":{"dmean":11.988243103,"dmean2":19.1128387451,"dvar":334.031860352,"dvar2":815.356506348,"max":674.286804199,"mean":23.2066802979,"median":15.0354509354,"min":-1.88680195808,"var":752.27923584},"barkbands_skewness":{"dmean":0.939979612827,"dmean2":1.47609913349,"dvar":0.827043712139,"dvar2":2.03512620926,"max":14.9548168182,"mean":3.06158208847,"median":2.80321645737,"min":-2.06349110603,"var":3.39479064941},"barkbands_spread":{"dmean":2.05321502686,"dmean2":3.19793605804,"dvar":30.019695282,"dvar2":63.698677063,"max":112.713165283,"mean":5.38736104965,"median":2.55797147751,"min":0.129867732525,"var":107.228286743},"dissonance":{"dmean":0.0265882052481,"dmean2":0.0445414036512,"dvar":0.000722725875676,"dvar2":0.0019215689972,"max":0.5,"mean":0.42805480957,"median":0.437284946442,"min":0,"var":0.00254711764865},"dynamic_complexity":3.10447645187,"erbbands":{"dmean":[0.249946773052,4.89383935928,11.6635990143,13.1922969818,13.7467432022,9.19486427307,8.24568939209,8.63557529449,6.68191194534,5.87063646317,3.92670631409,3.74701523781,3.79468727112,2.07695651054,1.03168463707,1.50848162174,1.09557831287,1.31566154957,3.64389944077,2.20851612091,7.21076583862,1.25979626179,2.92696499825,1.37678921223,0.764726877213,1.27312016487,1.03740370274,0.605035841465,0.361998677254,0.4255643785,0.477235019207,0.473145335913,0.334303081036,0.169703707099,0.0666079372168,0.0196488741785,0.00367316533811,0.000389427499613,0.0000333854768542,0.0000298936920444],"dmean2":[0.404376685619,7.56462192535,19.0405139923,22.1847362518,22.9193611145,15.3588008881,13.0129241943,13.1583070755,10.5860118866,9.40106964111,6.1015868187,6.04814624786,5.9810795784,3.3738462925,1.69092714787,2.32986831665,1.75587058067,2.09523892403,5.69034290314,3.42643380165,10.7724580765,2.05769133568,5.1320476532,2.3447022438,1.1450586319,1.96642017365,1.53754413128,0.871853470802,0.528561472893,0.62284463644,0.690798163414,0.669915556908,0.476924657822,0.253750115633,0.105664595962,0.0299707297236,0.0057826442644,0.000596646917984,0.0000502679977217,0.0000465429038741],"dvar":[0.0930899083614,23.5399074554,182.209564209,395.909423828,531.893493652,399.923492432,312.135009766,527.4921875,337.836334229,141.363677979,81.0517730713,88.1131668091,96.3789749146,43.3082618713,8.2171087265,21.4632587433,10.8801746368,44.7629737854,827.45690918,128.993911743,1885.43041992,70.3037796021,251.69909668,40.6876602173,24.3289241791,43.7974739075,50.189994812,19.9509048462,6.21026992798,8.92825508118,12.6822929382,13.573431015,7.38594245911,1.55950272083,0.416720211506,0.033229816705,0.00122956070118,0.00000931444174057,3.73804489584e-8,1.00726604835e-9],"dvar2":[0.245744764805,61.0098800659,511.455566406,1042.18273926,1382.95178223,1059.51525879,786.928894043,1141.47216797,708.024291992,342.319122314,185.490280151,208.902145386,204.770370483,101.062911987,21.0739707947,45.4184913635,27.8794193268,103.062095642,1899.48791504,291.787414551,4116.92822266,206.55140686,758.808105469,116.61680603,48.8616828918,96.2467575073,102.332397461,40.3307304382,12.0623493195,19.054485321,25.3557891846,26.5637378693,14.4743366241,3.58112692833,1.08555233479,0.0818233191967,0.00296513014473,0.0000202207884286,7.86635752092e-8,2.52893950226e-9],"max":[3.76385164261,52.8538475037,144.0884552,284.662536621,344.557769775,462.03793335,470.112030029,730.879272461,858.794189453,293.828765869,289.844543457,477.371704102,375.761749268,346.183197021,97.7080612183,178.418685913,127.405708313,423.285095215,2042.98400879,349.462860107,1535.42382812,515.418395996,546.756347656,199.119216919,346.319061279,261.103149414,311.616149902,212.611984253,111.948020935,152.896438599,136.408737183,158.180664062,155.672515869,47.1353187561,30.879732132,6.95271682739,1.76086366177,0.158424690366,0.011920790188,0.000744240358472],"mean":[0.367353945971,7.7969121933,17.3828296661,18.0843029022,19.1660842896,15.668211937,21.9736614227,24.2817192078,18.4585800171,17.022069931,9.4577960968,7.73836994171,7.31859111786,3.9114689827,1.9086728096,3.19180107117,1.97560787201,2.39415764809,6.43663597107,5.87540102005,15.1155319214,2.83221006393,4.25267267227,2.15708589554,1.35933244228,2.15365719795,1.79268205166,1.04948616028,0.617806494236,0.7412327528,0.887710273266,0.82637745142,0.583725452423,0.26249435544,0.0937775745988,0.0266981869936,0.00530939456075,0.000621853512712,0.0000660287187202,0.0000670863300911],"median":[0.27848982811,6.33092594147,12.7369632721,10.6259078979,9.93081951141,5.8390955925,7.36723089218,6.71792221069,6.42501354218,6.02530241013,3.79477739334,2.4283041954,2.28260993958,0.869065761566,0.453009068966,0.415088295937,0.397867739201,0.473605155945,0.38637894392,0.251474171877,0.261996686459,0.318353056908,0.274637758732,0.18059130013,0.154158830643,0.105831049383,0.077014029026,0.0373592562973,0.0200927518308,0.0105867907405,0.00636050477624,0.00346781406552,0.00173638877459,0.00082791846944,0.000411880202591,0.000203090137802,0.0000950483517954,0.0000637562625343,0.0000337464298354,0.000059167658037],"min":[1.08607479044e-22,5.16314334472e-22,1.39471668272e-21,7.21299232324e-21,9.42289418697e-21,1.95848193213e-20,4.47631050305e-20,3.7647209494e-20,1.49202522043e-19,2.65383787239e-19,3.36238036408e-19,4.66144451013e-19,4.60933626744e-19,5.9057935021e-19,1.11314625609e-18,1.62814538995e-18,2.08269002874e-18,2.42313564858e-18,2.07893876466e-18,3.52972029447e-18,2.76620322417e-18,5.3589673534e-18,6.60930792474e-18,5.70829730661e-18,6.36178653414e-18,9.10300269996e-18,8.14799042272e-18,1.02219249515e-17,1.05667434616e-17,1.17345190001e-17,1.04407191866e-17,1.06764416729e-17,1.00971844607e-17,8.23016502631e-18,6.23710105092e-18,4.39215451755e-18,2.20366891564e-18,1.02811612163e-18,2.67889679206e-19,2.77431627624e-20],"var":[0.113370493054,39.1266479492,262.227752686,480.449066162,685.206481934,753.875061035,1493.82421875,2994.03051758,1571.49829102,739.104919434,302.672607422,314.382659912,301.703155518,102.997291565,19.2513923645,110.89932251,22.8648910522,74.6063232422,1444.07824707,774.216064453,7666.55517578,99.6982498169,339.860992432,63.3428611755,43.5444374084,85.5341873169,121.72480011,57.3870849609,17.3003559113,27.4986629486,41.1524887085,41.4475288391,23.3481082916,3.09948301315,0.481628984213,0.0425441525877,0.00190886517521,0.0000199216356123,7.72660442294e-8,2.03246841579e-9]},"erbbands_crest":{"dmean":2.61615467072,"dmean2":4.30005979538,"dvar":5.43773365021,"dvar2":14.5263957977,"max":29.3193283081,"mean":10.8103313446,"median":10.2149295807,"min":1.94789385796,"var":15.4257831573},"erbbands_flatness_db":{"dmean":0.019134702161,"dmean2":0.0292387455702,"dvar":0.000353644136339,"dvar2":0.000844383961521,"max":0.389004319906,"mean":0.234348267317,"median":0.237441182137,"min":0.0220334008336,"var":0.00366963120177},"erbbands_kurtosis":{"dmean":2.61222672462,"dmean2":4.13652849197,"dvar":19.7913761139,"dvar2":47.7582473755,"max":194.792419434,"mean":5.06566333771,"median":3.60716342926,"min":-1.86022460461,"var":58.8368721008},"erbbands_skewness":{"dmean":0.488172352314,"dmean2":0.750895619392,"dvar":0.234972834587,"dvar2":0.53347837925,"max":11.4828300476,"mean":1.43094134331,"median":1.48621630669,"min":-3.78939533234,"var":1.52212834358},"erbbands_spread":{"dmean":5.91694164276,"dmean2":9.21378803253,"dvar":90.4188079834,"dvar2":199.953933716,"max":184.927871704,"mean":24.6117706299,"median":16.2054405212,"min":1.81604623795,"var":510.902709961},"gfcc":{"cov":[[18582.953125,1642.54797363,-2335.88012695,718.814086914,-820.972412109,23.3541049957,-610.894226074,212.982803345,-389.122039795,-89.6860580444,5.17202138901,-295.629547119,37.4231376648],[1642.54797363,2337.42456055,-417.10836792,-653.80859375,496.190155029,-509.469238281,284.262908936,-236.459991455,210.035903931,-199.871032715,76.5622711182,13.132226944,81.0611495972],[-2335.88012695,-417.10836792,1391.4987793,-27.1015701294,-268.731689453,285.669158936,26.6432285309,36.2028160095,53.0620574951,74.9989929199,-46.2761726379,6.08341646194,-97.1413650513],[718.814086914,-653.80859375,-27.1015701294,556.313781738,-73.9472808838,108.36630249,-59.9831085205,76.2955245972,-38.9428749084,19.8804512024,-45.1389465332,-43.2929077148,-5.54187059402],[-820.972412109,496.190155029,-268.731689453,-73.9472808838,556.829101562,-186.797180176,166.025619507,-55.3910827637,97.4809112549,-91.85962677,-10.1100940704,9.36314487457,53.8821487427],[23.3541049957,-509.469238281,285.669158936,108.36630249,-186.797180176,317.754760742,-53.2042732239,56.9474143982,-62.1094512939,42.2294616699,-37.0562820435,-36.5369911194,-41.6518516541],[-610.894226074,284.262908936,26.6432285309,-59.9831085205,166.025619507,-53.2042732239,245.510192871,-29.9441051483,51.9780769348,-38.440158844,5.26550245285,5.70411872864,13.9604511261],[212.982803345,-236.459991455,36.2028160095,76.2955245972,-55.3910827637,56.9474143982,-29.9441051483,141.869369507,-26.2764072418,10.2023696899,-8.72709846497,-17.3205699921,-11.9430866241],[-389.122039795,210.035903931,53.0620574951,-38.9428749084,97.4809112549,-62.1094512939,51.9780769348,-26.2764072418,131.634140015,-0.17275673151,1.52926969528,14.9610948563,10.95408535],[-89.6860580444,-199.871032715,74.9989929199,19.8804512024,-91.85962677,42.2294616699,-38.440158844,10.2023696899,-0.17275673151,101.203903198,17.9511241913,-2.45190834999,-16.1725215912],[5.17202138901,76.5622711182,-46.2761726379,-45.1389465332,-10.1100940704,-37.0562820435,5.26550245285,-8.72709846497,1.52926969528,17.9511241913,72.5508880615,19.794303894,2.21196079254],[-295.629547119,13.132226944,6.08341646194,-43.2929077148,9.36314487457,-36.5369911194,5.70411872864,-17.3205699921,14.9610948563,-2.45190834999,19.794303894,69.3410644531,16.5253620148],[37.4231376648,81.0611495972,-97.1413650513,-5.54187059402,53.8821487427,-41.6518516541,13.9604511261,-11.9430866241,10.95408535,-16.1725215912,2.21196079254,16.5253620148,57.876411438]],"icov":[[0.00057130982168,-0.00208881101571,0.00103331264108,-0.00209656078368,0.00128280976787,-0.00177984754555,0.00117382884491,-0.00163664773572,0.00146073102951,-0.00159443495795,0.00112688925583,-0.00100054475479,0.000514305836987],[-0.00208881101571,0.00930203218013,-0.00367552228272,0.00906927511096,-0.00456757796928,0.00785950850695,-0.00486132642254,0.0071002249606,-0.00684510171413,0.00815805699676,-0.00524520082399,0.0060822153464,-0.00239302380942],[0.00103331264108,-0.00367552228272,0.00307152466848,-0.00349923595786,0.00280271819793,-0.00407843478024,0.00158909382299,-0.00297059165314,0.00148583902046,-0.00296587031335,0.00273706042208,-0.00249775918201,0.0022579007782],[-0.00209656078368,0.00906927511096,-0.00349923595786,0.0110737988725,-0.00453872699291,0.00714399199933,-0.00460415426642,0.0061215069145,-0.00664662569761,0.00742142088711,-0.00402109744027,0.00634863972664,-0.00274624209851],[0.00128280976787,-0.00456757796928,0.00280271819793,-0.00453872699291,0.00629376806319,-0.00310626253486,0.00105371268,-0.00343675375916,0.00149446516298,-0.00189862714615,0.0033576420974,-0.00159503950272,0.000292859447654],[-0.00177984754555,0.00785950850695,-0.00407843478024,0.00714399199933,-0.00310626253486,0.0123641239479,-0.00421764701605,0.00529217720032,-0.00375796831213,0.00581170944497,-0.00257353601046,0.0064602214843,-0.0015299989609],[0.00117382884491,-0.00486132642254,0.00158909382299,-0.00460415426642,0.00105371268,-0.00421764701605,0.00825275573879,-0.00336427544244,0.00268773571588,-0.00280467187986,0.0014126279857,-0.00226349942386,0.000874734309036],[-0.00163664773572,0.0071002249606,-0.00297059165314,0.0061215069145,-0.00343675375916,0.00529217720032,-0.00336427544244,0.0136276977137,-0.00450847251341,0.00623684050515,-0.0042439433746,0.00544398184866,-0.00145031628199],[0.00146073102951,-0.00684510171413,0.00148583902046,-0.00664662569761,0.00149446516298,-0.00375796831213,0.00268773571588,-0.00450847251341,0.0159260481596,-0.00842741411179,0.0047275912948,-0.00557588273659,0.000867855967954],[-0.00159443495795,0.00815805699676,-0.00296587031335,0.00742142088711,-0.00189862714615,0.00581170944497,-0.00280467187986,0.00623684050515,-0.00842741411179,0.0210896022618,-0.00904063694179,0.0070223887451,-0.000920306192711],[0.00112688925583,-0.00524520082399,0.00273706042208,-0.00402109744027,0.0033576420974,-0.00257353601046,0.0014126279857,-0.0042439433746,0.0047275912948,-0.00904063694179,0.0212568175048,-0.00798474252224,0.00267858011648],[-0.00100054475479,0.0060822153464,-0.00249775918201,0.00634863972664,-0.00159503950272,0.0064602214843,-0.00226349942386,0.00544398184866,-0.00557588273659,0.0070223887451,-0.00798474252224,0.0237796101719,-0.0071195634082],[0.000514305836987,-0.00239302380942,0.0022579007782,-0.00274624209851,0.000292859447654,-0.0015299989609,0.000874734309036,-0.00145031628199,0.000867855967954,-0.000920306192711,0.00267858011648,-0.0071195634082,0.0234490800649]],"mean":[-126.118186951,174.421356201,-51.7328567505,35.8323097229,-28.9577827454,-5.98709201813,-20.090385437,3.72473335266,-7.31114053726,-4.07887125015,-8.50106143951,-10.9482631683,-6.8515253067]},"hfc":{"dmean":3.75237107277,"dmean2":5.7381644249,"dvar":30.1885871887,"dvar2":66.0778427124,"max":148.10093689,"mean":10.833732605,"median":8.02185726166,"min":1.06537329181e-16,"var":123.875808716},"melbands":{"dmean":[0.00359888491221,0.00634479383007,0.00230914284475,0.000764280208386,0.00028077638126,0.000200539740035,0.000106028324808,0.0000579223742534,0.0000321810766764,0.0000246720501309,0.0000190753507923,0.00000899618953554,0.0000036467533846,0.00000386564897781,0.00000336968196279,0.00000225432313528,0.00000248531659963,0.00000603679382039,0.00000251873234447,0.00000843454836286,0.00000693238962413,0.00000128969338675,0.0000011531576547,0.00000439704490418,6.99003635418e-7,5.46418050362e-7,6.96532879374e-7,8.99565463897e-7,7.21742537735e-7,5.0313661859e-7,3.38701681812e-7,2.15533049186e-7,2.04140121696e-7,2.60737635926e-7,2.91479210546e-7,3.05832685399e-7,2.8830945098e-7,2.53227739222e-7,1.96177978751e-7,1.33645130518e-7],"dmean2":[0.00567735452205,0.00998738966882,0.00383275747299,0.00126954773441,0.000449166662293,0.000302935601212,0.000167443984537,0.0000926415523281,0.0000500083515362,0.0000399421587645,0.0000301115487673,0.0000145838585013,0.00000603602620686,0.00000589236424275,0.00000555524457013,0.00000359741829925,0.00000396776977141,0.0000095071245596,0.00000385654584534,0.0000126825243569,0.0000103932625279,0.00000213808493754,0.00000193314122043,0.00000777828154241,0.00000115687566904,8.46556304168e-7,0.00000104952584934,0.00000141126281505,0.00000109325753783,7.39080576295e-7,5.10168831624e-7,3.23649686607e-7,2.98884344829e-7,3.87276088532e-7,4.3814293349e-7,4.3406879513e-7,4.1925682126e-7,3.64912153827e-7,2.88843807539e-7,2.04939411219e-7],"dvar":[0.0000144335399455,0.0000440851836174,0.000011891250324,0.00000207324387702,3.32516634671e-7,2.55076599842e-7,6.92003254699e-8,1.37992870464e-8,5.32437693934e-9,3.93220389583e-9,2.36943376031e-9,7.92102328173e-10,1.25690138852e-10,1.30028363077e-10,1.05363592851e-10,6.5101972424e-11,1.70811545464e-10,2.10040740356e-9,2.4286916922e-10,2.6559312527e-9,1.65379909767e-9,8.23770149316e-11,5.19111351127e-11,6.57396859172e-10,8.4290048899e-12,1.41029557824e-11,1.31860833016e-11,2.48649434376e-11,2.63754382918e-11,1.24506368757e-11,7.0258547244e-12,2.41776303839e-12,1.93975196149e-12,3.44546895355e-12,4.80839630265e-12,5.27306497078e-12,5.37594491493e-12,4.65502983382e-12,2.2438880181e-12,1.09118627762e-12],"dvar2":[0.0000379762750526,0.00011983114382,0.0000308328890242,0.00000540898054169,8.55922678511e-7,5.49450646758e-7,1.50304771296e-7,3.32184555418e-8,1.21186269908e-8,9.36133393026e-9,5.05842390197e-9,1.82653348002e-9,3.33194194457e-10,2.72783462485e-10,2.83630507969e-10,1.59329924254e-10,3.96764926469e-10,4.86167728297e-9,5.45019418485e-10,5.78865666512e-9,3.62726093606e-9,2.44779724268e-10,1.49460124832e-10,2.00636574021e-9,2.19253833839e-11,3.59080161438e-11,2.60418162729e-11,5.54515391937e-11,5.49835420249e-11,2.47062717507e-11,1.57039763138e-11,5.03228968912e-12,3.92010555961e-12,7.66136720037e-12,1.05254078023e-11,1.02008540503e-11,1.10035097353e-11,9.30884275913e-12,4.85531927163e-12,2.63849467448e-12],"max":[0.0424290150404,0.0699613392353,0.0489697344601,0.0271761566401,0.0135973896831,0.0151121215895,0.0116653339937,0.00284249940887,0.00237137428485,0.00296676252037,0.00180709431879,0.00150657724589,0.00031802689773,0.000443274533609,0.000305275520077,0.000447728234576,0.000778394751251,0.0032144265715,0.000982397934422,0.00167281110771,0.00146370206494,0.000564636429772,0.000381162710255,0.000902308849618,0.0000701886383467,0.000254684098763,0.00021294686303,0.000189424536075,0.000240079287323,0.000206163051189,0.000111204193672,0.0000782869756222,0.000053182218835,0.0000929415691644,0.000083840212028,0.0000852460798342,0.000110072804091,0.000121382385259,0.0000802510330686,0.0000447215825261],"mean":[0.00576864089817,0.0102550853044,0.00331778475083,0.00122005899902,0.000704088481143,0.000582001754083,0.000302172295051,0.000163138567586,0.0000752671257942,0.0000478334186482,0.0000363865256077,0.0000166780318978,0.00000602902628088,0.00000804142837296,0.00000602940235694,0.00000379585435439,0.00000415124895881,0.0000102369731394,0.00000531606428922,0.0000180908537004,0.0000145727963172,0.00000247849015977,0.00000221233858611,0.00000546584851691,0.00000114858016786,8.88294323431e-7,0.00000115730210837,0.00000144136686231,0.00000118633863622,8.40553468606e-7,5.343362659e-7,3.46609709823e-7,3.27751791929e-7,4.40486303432e-7,5.07265156102e-7,5.30658041953e-7,4.80127425817e-7,4.33126785992e-7,3.10903033096e-7,1.94057676595e-7],"median":[0.0047264918685,0.00817755609751,0.0019883797504,0.000575346581172,0.000270141288638,0.000166856683791,0.000103275400761,0.0000628600100754,0.0000272518846032,0.00001442057237,0.0000109505826913,0.00000332665968017,0.00000145889384839,0.00000105950221041,8.83200073076e-7,7.56430040383e-7,7.92033233665e-7,6.26623659628e-7,3.30038716356e-7,2.8162429544e-7,2.85292117042e-7,3.06925187488e-7,2.69070881131e-7,1.85476650927e-7,1.22371034195e-7,1.12550353037e-7,7.51797344378e-8,6.17930808744e-8,4.59290028232e-8,2.8689729703e-8,1.48575312053e-8,1.10854951885e-8,6.90272106141e-9,4.90457585656e-9,3.69493724506e-9,2.62305865917e-9,1.78420744845e-9,1.21083088001e-9,8.66342553252e-10,6.00607674706e-10],"min":[1.38095672789e-24,9.25478992231e-25,1.53937626792e-24,1.43833107457e-24,1.2964057286e-24,6.98811841244e-25,1.95490934139e-24,2.19249058021e-24,2.44569185661e-24,3.26579816178e-24,2.06588530746e-24,2.07507987574e-24,2.81317521512e-24,4.14152527444e-24,3.63266187005e-24,4.4404503094e-24,3.70989253597e-24,2.86335623503e-24,4.32495042326e-24,3.67963498709e-24,2.82568615465e-24,5.26282163145e-24,5.12612110847e-24,5.09999600745e-24,3.20547672937e-24,3.87907598444e-24,3.75132666615e-24,6.30831082205e-24,4.63084110002e-24,5.77749026323e-24,5.43113812178e-24,4.99713761731e-24,5.14169361717e-24,6.55000320948e-24,5.71051952225e-24,6.34801734686e-24,6.02548288829e-24,6.47701424866e-24,5.78812647482e-24,7.13871945343e-24],"var":[0.000021348183509,0.0000688543659635,0.0000150391379066,0.00000308981248054,0.00000123183281175,0.00000149201525801,3.45205364738e-7,6.53673595252e-8,2.37010677751e-8,1.30201875947e-8,7.42533368125e-9,2.12469308813e-9,2.07292294441e-10,7.04284353059e-10,2.37253744428e-10,1.32858585244e-10,2.75718031739e-10,3.53261842001e-9,6.64533261752e-10,1.10236735296e-8,6.77578082531e-9,8.39008792997e-11,6.53199161427e-11,8.02336086458e-10,1.42429739877e-11,1.95740437747e-11,2.58911416612e-11,4.40272159008e-11,5.5888078887e-11,3.54399808111e-11,1.67305180127e-11,5.86607932368e-12,5.09790040043e-12,1.0045801864e-11,1.36256717714e-11,1.57332671197e-11,1.51492516448e-11,1.41555959662e-11,5.59894231672e-12,1.70321742821e-12]},"melbands_crest":{"dmean":3.49419951439,"dmean2":5.79111909866,"dvar":8.24867534637,"dvar2":23.0155792236,"max":36.7626419067,"mean":18.6168766022,"median":18.9320602417,"min":1.60125994682,"var":21.6514968872},"melbands_flatness_db":{"dmean":0.0397139638662,"dmean2":0.0604345798492,"dvar":0.00125394470524,"dvar2":0.00294775888324,"max":0.76725935936,"mean":0.459241479635,"median":0.46040636301,"min":0.00244233757257,"var":0.0120160123333},"melbands_kurtosis":{"dmean":16.9233036041,"dmean2":26.6743488312,"dvar":712.626525879,"dvar2":1687.23852539,"max":578.27746582,"mean":37.8773994446,"median":25.1445541382,"min":-1.59525465965,"var":1993.15771484},"melbands_skewness":{"dmean":0.932327151299,"dmean2":1.47744011879,"dvar":1.01936388016,"dvar2":2.40983366966,"max":18.5656051636,"mean":3.65910291672,"median":3.19996786118,"min":-0.367173701525,"var":4.75949430466},"melbands_spread":{"dmean":1.76373434067,"dmean2":2.81570506096,"dvar":26.3508396149,"dvar2":58.6657752991,"max":153.390090942,"mean":4.84052562714,"median":2.15327882767,"min":0.278781086206,"var":174.543487549},"mfcc":{"cov":[[9394.49121094,277.165039062,-1199.13061523,270.374420166,-180.846191406,-272.015838623,-33.8397483826,-165.958786011,-226.199890137,52.1628189087,-362.144866943,54.1051368713,40.4894790649],[277.165039062,3082.36328125,-503.845214844,-14.0039253235,30.3428268433,-113.492874146,-60.6699295044,53.7291717529,50.6926422119,-136.427947998,65.7751617432,-38.2292175293,53.8724555969],[-1199.13061523,-503.845214844,1540.05456543,-176.924041748,-57.5834999084,109.151657104,5.50661039352,-5.2257809639,-13.9824228287,91.1865768433,140.167022705,58.6346206665,-120.233474731],[270.374420166,-14.0039253235,-176.924041748,388.260772705,81.9940185547,23.4031028748,4.62304449081,41.1014518738,57.7358894348,20.3231983185,-14.8517160416,-20.9473228455,24.2325019836],[-180.846191406,30.3428268433,-57.5834999084,81.9940185547,228.672973633,8.5472984314,-4.97424316406,28.7334308624,47.4622535706,19.9171257019,-13.8892936707,-12.0767002106,15.4276208878],[-272.015838623,-113.492874146,109.151657104,23.4031028748,8.5472984314,186.704788208,29.2110157013,17.5152683258,33.628074646,7.11920595169,23.1164245605,-9.8879365921,-11.4419469833],[-33.8397483826,-60.6699295044,5.50661039352,4.62304449081,-4.97424316406,29.2110157013,148.203262329,42.5468978882,17.4218463898,16.816072464,-0.152353823185,7.22747802734,-21.7113723755],[-165.958786011,53.7291717529,-5.2257809639,41.1014518738,28.7334308624,17.5152683258,42.5468978882,117.783279419,49.3483810425,-6.82130241394,6.4476890564,-6.02813339233,-9.06638622284],[-226.199890137,50.6926422119,-13.9824228287,57.7358894348,47.4622535706,33.628074646,17.4218463898,49.3483810425,110.982414246,19.5649642944,4.47198200226,-7.67378568649,0.969486176968],[52.1628189087,-136.427947998,91.1865768433,20.3231983185,19.9171257019,7.11920595169,16.816072464,-6.82130241394,19.5649642944,89.6512985229,19.0033626556,3.562292099,-7.59057378769],[-362.144866943,65.7751617432,140.167022705,-14.8517160416,-13.8892936707,23.1164245605,-0.152353823185,6.4476890564,4.47198200226,19.0033626556,97.3431243896,16.1290626526,-19.8108520508],[54.1051368713,-38.2292175293,58.6346206665,-20.9473228455,-12.0767002106,-9.8879365921,7.22747802734,-6.02813339233,-7.67378568649,3.562292099,16.1290626526,65.1295547485,3.01560974121],[40.4894790649,53.8724555969,-120.233474731,24.2325019836,15.4276208878,-11.4419469833,-21.7113723755,-9.06638622284,0.969486176968,-7.59057378769,-19.8108520508,3.01560974121,73.7034835815]],"icov":[[0.000174344342668,-0.0000547469280718,0.000116049472126,-0.000162349897437,0.000195469750906,-6.71436851007e-7,0.000105825885839,0.00000877754882822,0.000406016741181,-0.000529657118022,0.000746181001887,-0.000432010449003,0.00033651778358],[-0.0000547469280718,0.000432246655691,0.0000794888328528,0.000134240472107,-0.000125769904116,0.000304436660372,-0.00000627777990303,-0.0000346738524968,-0.000467309087981,0.000841405475512,-0.000957931391895,0.000441956304712,-0.000315625104122],[0.000116049472126,0.0000794888328528,0.00107515568379,0.00026935141068,0.000154072811711,-0.000461701565655,0.000489635858685,-0.000223467141041,0.000419826305006,-0.00106968963519,-0.000359626545105,-0.000914528442081,0.0013813902624],[-0.000162349897437,0.000134240472107,0.00026935141068,0.00335355196148,-0.000842943089083,-0.000336793455062,0.000162966884091,-0.000753031752538,-0.00118132983334,-0.000295477540931,-0.000764195807278,0.000860034546349,-0.000848084280733],[0.000195469750906,-0.000125769904116,0.000154072811711,-0.000842943089083,0.00546384835616,-0.0000671209927532,0.000735716428608,-0.000799917499535,-0.00091772840824,-0.00185007916298,0.00170286314096,-0.000216539861867,-0.000234642808209],[-6.71436851007e-7,0.000304436660372,-0.000461701565655,-0.000336793455062,-0.0000671209927532,0.00663863494992,-0.00144189572893,0.000644618936349,-0.00213336152956,0.00155445700511,-0.00184953678399,0.00184880732559,-0.000550036958884],[0.000105825885839,-0.00000627777990303,0.000489635858685,0.000162966884091,0.000735716428608,-0.00144189572893,0.00880699418485,-0.00350150209852,0.000734797678888,-0.00280461134389,0.00185430748388,-0.00221127108671,0.00276778195985],[0.00000877754882822,-0.0000346738524968,-0.000223467141041,-0.000753031752538,-0.000799917499535,0.000644618936349,-0.00350150209852,0.0126143433154,-0.00501695135608,0.00347816105932,-0.00130236439873,0.000944500672631,0.000726813683286],[0.000406016741181,-0.000467309087981,0.000419826305006,-0.00118132983334,-0.00091772840824,-0.00213336152956,0.000734797678888,-0.00501695135608,0.0145533839241,-0.00482703465968,0.00232428847812,-0.00103549088817,0.000630571856163],[-0.000529657118022,0.000841405475512,-0.00106968963519,-0.000295477540931,-0.00185007916298,0.00155445700511,-0.00280461134389,0.00347816105932,-0.00482703465968,0.017016723752,-0.00571218831465,0.00231512379833,-0.00155573431402],[0.000746181001887,-0.000957931391895,-0.000359626545105,-0.000764195807278,0.00170286314096,-0.00184953678399,0.00185430748388,-0.00130236439873,0.00232428847812,-0.00571218831465,0.0175824090838,-0.0053497441113,0.00402334239334],[-0.000432010449003,0.000441956304712,-0.000914528442081,0.000860034546349,-0.000216539861867,0.00184880732559,-0.00221127108671,0.000944500672631,-0.00103549088817,0.00231512379833,-0.0053497441113,0.0189080610871,-0.00402277195826],[0.00033651778358,-0.000315625104122,0.0013813902624,-0.000848084280733,-0.000234642808209,-0.000550036958884,0.00276778195985,0.000726813683286,0.000630571856163,-0.00155573431402,0.00402334239334,-0.00402277195826,0.0180920045823]],"mean":[-782.197814941,204.317459106,41.7368965149,49.8487586975,20.1083488464,4.04866695404,3.89558720589,4.24887514114,6.07858991623,8.52688407898,2.95880198479,3.65882658958,-2.01735329628]},"pitch_salience":{"dmean":0.106161907315,"dmean2":0.169352576137,"dvar":0.00804086681455,"dvar2":0.0197058916092,"max":0.970852613449,"mean":0.439181447029,"median":0.450196951628,"min":0.0680196508765,"var":0.0209138337523},"silence_rate_20dB":{"dmean":0,"dmean2":0,"dvar":0,"dvar2":0,"max":1,"mean":1,"median":1,"min":1,"var":0},"silence_rate_30dB":{"dmean":0.099744528532,"dmean2":0.199511215091,"dvar":0.0897960960865,"dvar2":0.199690371752,"max":1,"mean":0.901488244534,"median":1,"min":0,"var":0.0888074040413},"silence_rate_60dB":{"dmean":0.00111074082088,"dmean2":0.00222172844224,"dvar":0.00110948143993,"dvar2":0.00266102328897,"max":1,"mean":0.0332074649632,"median":0,"min":0,"var":0.0321045145392},"spectral_centroid":{"dmean":100.75592041,"dmean2":156.410263062,"dvar":96015.3984375,"dvar2":201322.296875,"max":11655.2939453,"mean":476.413482666,"median":263.388000488,"min":90.005645752,"var":1095308.125},"spectral_complexity":{"dmean":1.54126405716,"dmean2":2.49655628204,"dvar":3.02418875694,"dvar2":6.73874950409,"max":38,"mean":8.44746780396,"median":7,"min":0,"var":25.1131381989},"spectral_contrast_coeffs":{"dmean":[0.0531197674572,0.0391436107457,0.0339758954942,0.0245456174016,0.0183906555176,0.015329037793],"dmean2":[0.0891412496567,0.0638299658895,0.0562225878239,0.040375534445,0.0299899820238,0.0238305982202],"dvar":[0.00174010905903,0.00113934383262,0.000763541436754,0.000444078294095,0.000312254182063,0.000216511631152],"dvar2":[0.00498829362914,0.00302226096392,0.00201382883824,0.00113743322436,0.000704759615473,0.000489282072522],"max":[-0.337873697281,-0.394730895758,-0.534283220768,-0.524634718895,-0.548517823219,-0.631108283997],"mean":[-0.622686743736,-0.722686469555,-0.779552876949,-0.820984601974,-0.818287551403,-0.803316950798],"median":[-0.619149446487,-0.735058963299,-0.782017588615,-0.835046172142,-0.832947850227,-0.806240916252],"min":[-0.978842437267,-0.99246686697,-0.981450438499,-0.994001686573,-0.965691685677,-0.96667444706],"var":[0.00558042479679,0.00773426145315,0.00370055809617,0.00427904073149,0.00387889891863,0.00186108460184]},"spectral_contrast_valleys":{"dmean":[0.426435917616,0.33991932869,0.409708291292,0.31371730566,0.268451273441,0.263891160488],"dmean2":[0.688278973103,0.53170311451,0.598856270313,0.486066520214,0.4037129879,0.383487343788],"dvar":[0.18765540421,0.170903086662,0.224485874176,0.162398442626,0.153201892972,0.160294041038],"dvar2":[0.420139878988,0.364226847887,0.429082453251,0.328005343676,0.298567831516,0.304849237204],"max":[-4.7738199234,-4.71829175949,-5.82407331467,-6.27814245224,-5.5474729538,-7.31960964203],"mean":[-6.74451494217,-7.15464115143,-8.68363666534,-9.29469585419,-9.4807434082,-12.3391485214],"median":[-6.47019958496,-6.82363510132,-8.42508983612,-9.10079479218,-9.27828788757,-12.6744642258],"min":[-28.1283321381,-28.2700557709,-27.9138355255,-27.7286663055,-27.5745182037,-27.3739757538],"var":[4.34538984299,4.41764974594,4.168217659,3.73910474777,3.72434997559,3.35620117188]},"spectral_decrease":{"dmean":7.08836100927e-9,"dmean2":1.10716449342e-8,"dvar":5.4518739637e-17,"dvar2":1.39276873128e-16,"max":2.92866213437e-26,"mean":-1.54481121228e-8,"median":-1.3648694619e-8,"min":-7.91637830844e-8,"var":1.00565462353e-16},"spectral_energy":{"dmean":0.0270233023912,"dmean2":0.0422124527395,"dvar":0.000792978622485,"dvar2":0.00202504079789,"max":0.301829010248,"mean":0.0592874586582,"median":0.0524649210274,"min":1.00461804331e-20,"var":0.00147319142707},"spectral_energyband_high":{"dmean":0.0000806625394034,"dmean2":0.000106034916826,"dvar":2.64831072627e-7,"dvar2":4.46503435114e-7,"max":0.022080078721,"mean":0.000163720877026,"median":0.00000449234903499,"min":7.10681270563e-21,"var":0.00000100581928564},"spectral_energyband_low":{"dmean":0.0248689483851,"dmean2":0.0389897860587,"dvar":0.000647324894089,"dvar2":0.00169554760214,"max":0.269783467054,"mean":0.0446659959853,"median":0.0376550108194,"min":2.14859173301e-23,"var":0.00104999658652},"spectral_energyband_middle_high":{"dmean":0.000336035242071,"dmean2":0.000528948090505,"dvar":0.00000127900796087,"dvar2":0.00000304163131659,"max":0.0364279486239,"mean":0.000927729182877,"median":0.00017694113194,"min":1.25858206016e-21,"var":0.00000760676903155},"spectral_energyband_middle_low":{"dmean":0.00808322988451,"dmean2":0.0131267569959,"dvar":0.000152402397362,"dvar2":0.000381779595045,"max":0.147854864597,"mean":0.0171934887767,"median":0.0119027812034,"min":1.91147623767e-22,"var":0.000311702286126},"spectral_entropy":{"dmean":0.235971450806,"dmean2":0.365957826376,"dvar":0.0581512972713,"dvar2":0.131489127874,"max":9.82709884644,"mean":6.14586830139,"median":6.07069301605,"min":4.19370937347,"var":0.634831368923},"spectral_flux":{"dmean":0.0428513810039,"dmean2":0.0694456100464,"dvar":0.00166204420384,"dvar2":0.00385083933361,"max":0.39254501462,"mean":0.1088289693,"median":0.0975946038961,"min":6.4606098249e-11,"var":0.00359866092913},"spectral_kurtosis":{"dmean":9.9963312149,"dmean2":16.556427002,"dvar":160.844482422,"dvar2":416.304138184,"max":204.485687256,"mean":27.1772346497,"median":18.0590000153,"min":-1.24741876125,"var":713.577026367},"spectral_rms":{"dmean":0.00169762433507,"dmean2":0.00259036198258,"dvar":0.00000226692850447,"dvar2":0.00000567752158531,"max":0.017160050571,"mean":0.00714530656114,"median":0.00715438928455,"min":3.1306790927e-12,"var":0.00000678604010318},"spectral_rolloff":{"dmean":144.147598267,"dmean2":250.430908203,"dvar":419993.96875,"dvar2":960661.5625,"max":21533.203125,"mean":471.708251953,"median":172.265625,"min":43.06640625,"var":3360414.5},"spectral_skewness":{"dmean":0.67236417532,"dmean2":1.09685730934,"dvar":0.501135587692,"dvar2":1.25785624981,"max":12.0382070541,"mean":3.63882088661,"median":3.2534365654,"min":-0.0992627814412,"var":3.68174338341},"spectral_spread":{"dmean":434630.8125,"dmean2":688454.125,"dvar":842102538240,"dvar2":1770860969980,"max":42199472,"mean":3024485,"median":2111628.75,"min":461186.65625,"var":14424103452700},"spectral_strongpeak":{"dmean":0.298141866922,"dmean2":0.500490903854,"dvar":0.269804686308,"dvar2":0.726687729359,"max":11.6404352188,"mean":0.61535269022,"median":0.54161220789,"min":0,"var":0.284171104431},"zerocrossingrate":{"dmean":0.00391454808414,"dmean2":0.00510536506772,"dvar":0.000106951236376,"dvar2":0.000169282488059,"max":0.52099609375,"mean":0.0191921535879,"median":0.00927734375,"min":0.0029296875,"var":0.00247102626599}},"metadata":{"audio_properties":{"analysis_sample_rate":44100,"bit_rate":0,"codec":"flac","downmix":"left","equal_loudness":0,"length":209.026672363,"lossless":true,"md5_encoded":"1cf6084ba57b1546f5dfd46434b55696","replay_gain":-10.8934383392},"tags":{"acoustid_id":["1fc7ff5e-7b11-43ae-a704-bfac357e5987"],"album":["Rather Ripped"],"albumartist":["Sonic Youth"],"albumartistsort":["Sonic Youth"],"artist":["Sonic Youth"],"artists":["Sonic Youth"],"artistsort":["Sonic Youth"],"asin":["B000FDF1U6"],"barcode":["4988005432476"],"catalognumber":["UICF-1075"],"date":["2006-06-05"],"file_name":"12 - Or.flac","label":["Geffen Records"],"media":["CD"],"musicbrainz_albumartistid":["5cbef01b-cc35-4f52-af7b-d0df0c4f61b9"],"musicbrainz_albumid":["41973638-f69e-478c-9a7f-b2ab95744cff"],"musicbrainz_artistid":["5cbef01b-cc35-4f52-af7b-d0df0c4f61b9"],"musicbrainz_recordingid":["c04c4921-5a2e-411c-b0ac-405bc7124de2"],"musicbrainz_releasegroupid":["4c528cc1-e920-38f5-9ee4-12e36afc388b"],"musicbrainz_releasetrackid":["30fed875-8c75-32bc-a417-a6f314ce7e3e"],"originaldate":["2006"],"releasecountry":["JP"],"releasestatus":["official"],"releasetype":["album"],"script":["Latn"],"title":["Or"],"totaltracks":["15"],"tracknumber":["12"],"tracktotal":["15"]},"version":{"essentia":"2.1-beta1","essentia_build_sha":"85931cb11b241c07ac43bfc3827c398894034a25","essentia_git_sha":"v2.1_beta1-6-g5578087","extractor":"music 1.0"}},"rhythm":{"beats_count":424,"beats_loudness":{"dmean":0.0412369444966,"dmean2":0.0747449174523,"dvar":0.00117218308151,"dvar2":0.00355267710984,"max":0.226940274239,"mean":0.0805674642324,"median":0.0742991417646,"min":0,"var":0.00162530422676},"beats_loudness_band_ratio":{"dmean":[0.0990120247006,0.0846053436399,0.0303205233067,0.00470894761384,0.00404938636348,0.00512208323926],"dmean2":[0.172352671623,0.148595795035,0.0542676076293,0.00856893043965,0.00717051094398,0.00966959353536],"dvar":[0.0130812516436,0.00869382359087,0.00185195996892,0.0000553076715732,0.000164805867826,0