{"lowlevel":{"average_loudness":0.520828604698,"barkbands":{"dmean":[0.00416693696752,0.00978573039174,0.0046655763872,0.000944254570641,0.00102476507891,0.000688306754455,0.000574704667088,0.000456651352579,0.000246843352215,0.000295842852211,0.000168298385688,0.000175196284545,0.000200867725653,0.000107084073534,0.000167934515048,0.000179290873348,0.000116305825941,0.000188444479136,0.000333106756443,0.000365987070836,0.000348782545188,0.000183053751243,0.0000509242963744,0.0000216209009523,0.0000016633400719,0.0000226561569434,0.000153254077304],"dmean2":[0.00656075729057,0.0154073247686,0.00817286688834,0.0016237848904,0.00171722925734,0.0010992657626,0.000911349023227,0.000750771199819,0.000391673529521,0.000462997151772,0.00026578764664,0.000280150707113,0.000317601370625,0.000169911785633,0.00026735352003,0.000291269156151,0.000174915519892,0.000290483556455,0.000498153734952,0.00057407328859,0.00050995167112,0.000277339189779,0.0000726751604816,0.0000294636647595,0.00000279486675936,0.0000311471922032,0.000223234048462],"dvar":[0.000117407143989,0.000479799986351,0.000182749630767,0.00000583098608331,0.00000492376057082,0.00000503541514263,0.00000365805044567,0.00000135640800636,4.10037785059e-7,8.7722543185e-7,3.68817183016e-7,3.38388929322e-7,3.60717109515e-7,7.81780613579e-8,1.73174328211e-7,1.44970385918e-7,5.74227847494e-8,1.59435217029e-7,5.08865298343e-7,6.91181753609e-7,5.17923183452e-7,1.53122158508e-7,9.81622427787e-9,1.7486481152e-9,1.54192717622e-11,1.8477422925e-9,8.99560177459e-8],"dvar2":[0.000231874728343,0.00121455895714,0.000495184271131,0.0000150968526214,0.0000133792591441,0.000012499004697,0.0000088163997134,0.00000348667322214,9.36835590437e-7,0.00000192190600501,8.41070857405e-7,8.22794333999e-7,8.43486361646e-7,1.93523320036e-7,4.20685893232e-7,3.6098020928e-7,1.31500200951e-7,3.76263585622e-7,0.00000116125113436,0.00000176257708517,0.00000114787621897,3.650546887e-7,1.95762996924e-8,3.40105810182e-9,3.96269128622e-11,3.61653818004e-9,2.04077409194e-7],"max":[0.501454114914,0.288279652596,0.187256217003,0.0821843147278,0.049335129559,0.0800642445683,0.0484219864011,0.0193380247802,0.0255725663155,0.0277965329587,0.0183859001845,0.0250365529209,0.0178711879998,0.00963348243386,0.015621564351,0.00453970581293,0.00303142657503,0.00446552503854,0.00789294578135,0.0093297008425,0.00698183849454,0.00375682115555,0.00121584441513,0.000436531961896,0.0000671449015499,0.000457086891402,0.00286601250991],"mean":[0.00811330322176,0.0139455152676,0.00443985546008,0.00103918532841,0.00155448180158,0.00105354737025,0.000843534478918,0.000590696698055,0.000382419792004,0.000441845913883,0.000244358205236,0.000255052465945,0.000292349490337,0.000149154759129,0.000223115494009,0.000198852358153,0.000143283803482,0.000224222414545,0.000377384072635,0.000420712865889,0.000426838785643,0.000213994993828,0.0000647777706035,0.0000260686138063,0.00000153462156049,0.0000281596003333,0.000217015345697],"median":[0.000914927164558,0.00193229853176,0.000786186545156,0.000193105632206,0.00050199823454,0.000233755752561,0.000122637720779,0.000117464347568,0.0000959995159064,0.0000709729720256,0.0000348293033312,0.0000496579486935,0.0000323440945067,0.0000245343853749,0.000020377441615,0.0000243341655732,0.0000207826087717,0.000015400491975,0.0000186404431588,0.0000182660896826,0.0000169494160218,0.00000961677505984,0.00000471894009024,0.0000023332058845,2.34248858533e-7,0.00000283499116449,0.000052568710089],"min":[2.02703652098e-25,2.16858513656e-24,2.79760916522e-25,9.13929674148e-25,4.6561055538e-24,7.12458069942e-24,5.79612394668e-24,8.62995528739e-24,7.90445174577e-24,1.20529537061e-23,9.49592655723e-24,1.58910049791e-23,2.74748199494e-23,2.79441953434e-23,3.79485640533e-23,5.37662980538e-23,6.95439705421e-23,8.4166592893e-23,8.77757135759e-23,1.44636119738e-22,2.51570166056e-22,2.98356080084e-22,3.85123761952e-22,5.10150516147e-22,8.04897475548e-22,1.26395075718e-21,1.93010256893e-21],"var":[0.000469797436381,0.000757086090744,0.000141241383972,0.00000680719404045,0.00000773065767135,0.00000847669980431,0.00000732800117476,0.00000171266765392,8.00515294941e-7,0.00000172565717094,6.77929335779e-7,5.44266413272e-7,7.06813750639e-7,1.25685701846e-7,2.84373157911e-7,1.71547853256e-7,8.04507962471e-8,2.14291432599e-7,6.64438289277e-7,8.20347338504e-7,7.8450153751e-7,1.99072488272e-7,1.6567472727e-8,2.86000112482e-9,1.46414182861e-11,3.12103298761e-9,1.39800860666e-7]},"barkbands_crest":{"dmean":2.89465069771,"dmean2":4.6632809639,"dvar":7.76091098785,"dvar2":18.5873146057,"max":26.9594554901,"mean":11.2229528427,"median":9.99351024628,"min":2.20024681091,"var":27.8021354675},"barkbands_flatness_db":{"dmean":0.0417619533837,"dmean2":0.063585229218,"dvar":0.00477717164904,"dvar2":0.00780735351145,"max":1,"mean":0.180081948638,"median":0.141160458326,"min":0.0287445019931,"var":0.0265681706369},"barkbands_kurtosis":{"dmean":275.071563721,"dmean2":529.12689209,"dvar":6758675,"dvar2":19538558,"max":88405.078125,"mean":206.162139893,"median":3.29812192917,"min":-1.76105296612,"var":4360370},"barkbands_skewness":{"dmean":1.92241835594,"dmean2":3.31270432472,"dvar":83.211730957,"dvar2":234.165740967,"max":240.373443604,"mean":3.0859837532,"median":1.64320611954,"min":-3.78611540794,"var":75.2729263306},"barkbands_spread":{"dmean":11.3182134628,"dmean2":17.8260917664,"dvar":156.804275513,"dvar2":349.015563965,"max":127.828140259,"mean":35.2768516541,"median":25.644865036,"min":0.00240537733771,"var":885.133361816},"dissonance":{"dmean":0.0171449631453,"dmean2":0.0285759679973,"dvar":0.000600543455221,"dvar2":0.00162570807151,"max":0.500000238419,"mean":0.474925667048,"median":0.486030459404,"min":0.0592832230031,"var":0.000990574597381},"dynamic_complexity":9.2132730484,"erbbands":{"dmean":[0.393477380276,1.9694890976,5.0446190834,4.4616560936,2.43553853035,4.32978343964,3.61429786682,6.77387285233,9.55565834045,5.8546462059,11.0940971375,5.57048082352,8.76250457764,7.3775844574,6.54598855972,7.01770401001,9.49021053314,5.8059926033,5.29895448685,12.3422203064,7.08048200607,7.32806587219,8.37322902679,10.7758817673,21.4937419891,17.4971199036,15.8064651489,12.1630067825,7.21079778671,2.80636787415,1.35405957699,0.622464716434,0.276466459036,0.0293962657452,0.0122845536098,0.0305400993675,0.0506414100528,0.0540654808283,0.0288430191576,0.00248118443415],"dmean2":[0.597951412201,3.16302466393,8.57386207581,7.81306028366,4.04315662384,7.33355808258,5.95900440216,10.8725748062,14.9443464279,9.47292232513,18.1905765533,8.69559574127,13.7172327042,11.4156427383,10.1704683304,11.2073297501,14.9382419586,9.10828495026,8.02932071686,19.8965682983,11.0950775146,10.9760560989,12.8699026108,15.9228105545,31.7530155182,26.9386692047,24.1082134247,17.6905879974,10.8430624008,4.26344537735,1.89558207989,0.834937155247,0.395686596632,0.0458930917084,0.0203091427684,0.0444397777319,0.0684760138392,0.0785149410367,0.0420511774719,0.00359415332787],"dvar":[0.656094312668,27.5275917053,213.816894531,140.677124023,27.2438583374,101.920394897,120.749092102,493.490264893,1059.67553711,300.396850586,896.33807373,215.705673218,949.556640625,591.317687988,649.709289551,475.537139893,859.321472168,239.07359314,156.185775757,786.442626953,201.472564697,223.334030151,326.625427246,466.038665771,2167.81176758,1405.50109863,1117.50463867,658.953063965,239.013290405,31.8560733795,6.80021286011,1.38398945332,0.326080620289,0.00306174089201,0.000773236504756,0.00363004510291,0.00914957094938,0.0117940614,0.00356859434396,0.0000288873106911],"dvar2":[1.52975404263,69.6497802734,556.151245117,380.950927734,69.7527236938,285.580413818,300.153717041,1208.25097656,2525.2890625,728.046264648,2320.37744141,467.196746826,2075.93310547,1339.890625,1510.71838379,1193.29785156,2002.55773926,586.672424316,349.892944336,1952.97229004,463.123382568,508.767974854,791.399902344,1038.81323242,4890.95166016,3429.84082031,2620.20166016,1497.88525391,579.06427002,65.810295105,13.2476272583,2.56259799004,0.711212575436,0.00724192569032,0.00197432539426,0.00794609915465,0.0173570513725,0.0248476192355,0.00810754019767,0.0000540478431503],"max":[9.73118019104,67.8841934204,190.348190308,301.821258545,132.815155029,271.818725586,305.066864014,806.801147461,855.285705566,648.043273926,529.094726562,768.934265137,902.905273438,1110.54248047,1160.61816406,1048.64013672,894.442382812,546.659973145,464.282318115,720.947387695,187.35710144,177.66104126,214.334487915,259.827514648,509.536376953,419.709716797,318.3855896,258.531524658,154.429641724,62.9619255066,29.6397857666,12.272231102,6.47933721542,0.794909536839,0.471561193466,0.787256062031,0.94895118475,1.09039580822,0.578740179539,0.240806400776],"mean":[0.617856502533,2.34082841873,5.08352041245,4.70650339127,3.43777966499,6.18761491776,5.41028833389,10.4579629898,14.0912809372,8.71911621094,14.4633131027,9.16174697876,12.5531301498,11.8751773834,10.3029699326,11.0435838699,14.2371044159,8.87272930145,7.84154462814,15.3036384583,8.56299591064,8.81159305573,10.2067918777,13.264081955,24.1377773285,20.4208469391,19.5964202881,14.2213258743,8.14863872528,3.62664294243,1.68766403198,0.770458519459,0.322273492813,0.0340212062001,0.0124283693731,0.0363282486796,0.0635926276445,0.0685366094112,0.0363411270082,0.00540291098878],"median":[0.0691524520516,0.365138441324,1.06054723263,0.95929056406,0.978096067905,1.69449007511,1.73101007938,2.08647465706,1.89066493511,2.36816930771,2.7523651123,2.22852706909,2.43738651276,1.83686864376,1.74927985668,2.19784212112,1.74817442894,1.35713148117,1.1672385931,1.33496248722,1.31001925468,1.21346330643,0.832296252251,0.852425396442,0.987593412399,0.88213378191,0.774385333061,0.57770138979,0.351247429848,0.240053296089,0.120767198503,0.0638145431876,0.0311664491892,0.00709910457954,0.0027669495903,0.00511947646737,0.00592150399461,0.00481807952747,0.00349640729837,0.00257735862397],"min":[7.91690580842e-23,1.26346852967e-22,8.88927343068e-22,3.34303792483e-21,7.16255369292e-21,1.45885353304e-20,3.42775180165e-20,7.15761839735e-20,1.09522991177e-19,1.62502914209e-19,2.04140252339e-19,2.90175656817e-19,4.45789759186e-19,5.80393293051e-19,6.43426316883e-19,7.034094224e-19,1.4713509267e-18,1.84212791543e-18,2.2559744409e-18,2.89136702458e-18,2.79629936358e-18,5.11941584801e-18,4.10219379844e-18,5.4787559274e-18,5.31359856476e-18,6.93508225564e-18,7.39313186548e-18,8.2611239151e-18,1.07495387965e-17,9.34149210545e-18,1.08770329715e-17,8.59222694351e-18,9.84052851464e-18,7.70334444753e-18,6.3963221519e-18,3.52259247913e-18,2.30757831021e-18,9.08467134361e-19,2.39795988965e-19,2.49871359019e-20],"var":[1.44256043434,29.5893630981,176.879470825,132.263824463,42.0417633057,143.766525269,181.779220581,898.850036621,2086.83959961,488.363922119,1123.46679688,475.892974854,1626.90856934,1294.62634277,1196.85900879,802.436157227,1672.30517578,438.500396729,279.506103516,1181.39465332,273.487182617,308.373840332,427.730255127,714.011108398,2828.69726562,1868.20605469,1637.07177734,905.627075195,296.866485596,51.6062583923,11.5963563919,2.43211436272,0.453635632992,0.00395223777741,0.000771695398726,0.00515245972201,0.0159498825669,0.0184875801206,0.00525128934532,0.0000831322613521]},"erbbands_crest":{"dmean":3.12602806091,"dmean2":5.26541852951,"dvar":11.4433717728,"dvar2":27.2289810181,"max":35.7326278687,"mean":10.3591022491,"median":8.91004180908,"min":2.17232012749,"var":33.7294692993},"erbbands_flatness_db":{"dmean":0.0254641082138,"dmean2":0.0402669385076,"dvar":0.000802043417934,"dvar2":0.00178186502308,"max":0.570437967777,"mean":0.153249517083,"median":0.13983361423,"min":0.0238429177552,"var":0.00329119106755},"erbbands_kurtosis":{"dmean":2.6836836338,"dmean2":4.37833499908,"dvar":60.3772850037,"dvar2":148.744247437,"max":398.482269287,"mean":3.11602377892,"median":0.824604511261,"min":-1.96786415577,"var":117.04259491},"erbbands_skewness":{"dmean":0.648034870625,"dmean2":1.00010406971,"dvar":0.565230667591,"dvar2":1.22159552574,"max":15.0002164841,"mean":-0.0353087075055,"median":-0.0653846412897,"min":-18.0795001984,"var":1.83121752739},"erbbands_spread":{"dmean":12.2995347977,"dmean2":19.6020488739,"dvar":481.645385742,"dvar2":1026.24353027,"max":370.520233154,"mean":38.3798866272,"median":29.7145805359,"min":0.422273367643,"var":1719.92651367},"gfcc":{"cov":[[52258.375,4815.21679688,-2642.35229492,1483.86010742,-4577.31347656,-1503.96337891,566.668457031,1042.94848633,-1280.61486816,1294.51428223,-629.417175293,-1089.21643066,-127.045463562],[4815.21679688,2542.95141602,419.097167969,-710.537719727,-759.758850098,-63.9869880676,-0.5003054142,354.267120361,-247.01776123,222.532745361,73.5323791504,-290.908813477,206.095748901],[-2642.35229492,419.097167969,1824.58496094,-148.531646729,56.7946853638,108.663063049,86.3456039429,372.543182373,-14.3797912598,145.498535156,107.753410339,-109.418464661,230.189575195],[1483.86010742,-710.537719727,-148.531646729,958.572631836,79.0029907227,-90.611831665,20.6074466705,-73.0280761719,-56.8988876343,-40.4085617065,-152.832443237,46.1079101562,-126.189453125],[-4577.31347656,-759.758850098,56.7946853638,79.0029907227,896.493530273,254.060791016,-2.39592671394,-263.130310059,200.387557983,-230.790588379,62.2850608826,166.045288086,-40.0020141602],[-1503.96337891,-63.9869880676,108.663063049,-90.611831665,254.060791016,263.038269043,7.61445999146,-22.165102005,29.9824104309,-48.2393798828,30.8074455261,54.3638496399,7.93738079071],[566.668457031,-0.5003054142,86.3456039429,20.6074466705,-2.39592671394,7.61445999146,176.641372681,57.8796691895,31.0112667084,27.0995407104,6.62044000626,-14.4999856949,12.5672359467],[1042.94848633,354.267120361,372.543182373,-73.0280761719,-263.130310059,-22.165102005,57.8796691895,294.322540283,-49.5580749512,142.856155396,5.96157979965,-114.871582031,82.620262146],[-1280.61486816,-247.01776123,-14.3797912598,-56.8988876343,200.387557983,29.9824104309,31.0112667084,-49.5580749512,179.458312988,-22.7296657562,30.9068088531,60.3624191284,-26.1551647186],[1294.51428223,222.532745361,145.498535156,-40.4085617065,-230.790588379,-48.2393798828,27.0995407104,142.856155396,-22.7296657562,172.25819397,34.1544380188,-69.2902374268,48.6180686951],[-629.417175293,73.5323791504,107.753410339,-152.832443237,62.2850608826,30.8074455261,6.62044000626,5.96157979965,30.9068088531,34.1544380188,89.6197280884,24.7859230042,43.6923446655],[-1089.21643066,-290.908813477,-109.418464661,46.1079101562,166.045288086,54.3638496399,-14.4999856949,-114.871582031,60.3624191284,-69.2902374268,24.7859230042,129.261413574,-12.2076587677],[-127.045463562,206.095748901,230.189575195,-126.189453125,-40.0020141602,7.93738079071,12.5672359467,82.620262146,-26.1551647186,48.6180686951,43.6923446655,-12.2076587677,111.279052734]],"icov":[[0.0000710933527444,-0.000124159225379,0.000134659581818,-0.000190295948414,0.000173018619535,0.0000116861301649,-0.000258434098214,0.0000900221493794,0.0000654284449411,-0.000271644588793,0.0000655638796161,0.000133151450427,-0.000036595898564],[-0.000124159225379,0.00123793887906,-0.000236207080889,0.000211208811379,0.00124820473138,-0.001145399292,0.000587637594435,0.000534907099791,-0.000747431302443,0.00236664176919,-0.00245271716267,0.00282322429121,-0.00157640490215],[0.000134659581818,-0.000236207080889,0.00131507520564,-0.00077543896623,0.000149129045894,-0.000330438808305,-0.000344566156855,-0.00100492290221,-0.000298126891721,0.000197605913854,-0.00117068097461,0.00131783122197,-0.00169844622724],[-0.000190295948414,0.000211208811379,-0.00077543896623,0.00480583868921,-0.00481086922809,0.00396781973541,-0.000536760897376,-0.00219572405331,0.00572583544999,-0.00682113552466,0.0101453484967,-0.0087548866868,0.00550594972447],[0.000173018619535,0.00124820473138,0.000149129045894,-0.00481086922809,0.0111838011071,-0.00808407459408,0.000538548163604,0.00582844438031,-0.00989138428122,0.0134828304872,-0.0152605287731,0.0143702244386,-0.00831672269851],[0.0000116861301649,-0.001145399292,-0.000330438808305,0.00396781973541,-0.00808407459408,0.0110845118761,-0.0013516274048,-0.00506805628538,0.00829279888421,-0.00939604640007,0.0110686644912,-0.0134046114981,0.0077743162401],[-0.000258434098214,0.000587637594435,-0.000344566156855,-0.000536760897376,0.000538548163604,-0.0013516274048,0.00775266299024,-0.00128105736803,-0.00340164010413,0.0030797526706,-0.00305814878084,0.00232690386474,-0.00160277890973],[0.0000900221493794,0.000534907099791,-0.00100492290221,-0.00219572405331,0.00582844438031,-0.00506805628538,-0.00128105736803,0.0135749196634,-0.00539490068331,0.00109467457514,-0.00329387444071,0.0114440377802,-0.00797410216182],[0.0000654284449411,-0.000747431302443,-0.000298126891721,0.00572583544999,-0.00989138428122,0.00829279888421,-0.00340164010413,-0.00539490068331,0.0190763566643,-0.0145986070856,0.0136271892115,-0.0175591465086,0.0123962312937],[-0.000271644588793,0.00236664176919,0.000197605913854,-0.00682113552466,0.0134828304872,-0.00939604640007,0.0030797526706,0.00109467457514,-0.0145986070856,0.0340573117137,-0.0306220892817,0.0233808606863,-0.0122034400702],[0.0000655638796161,-0.00245271716267,-0.00117068097461,0.0101453484967,-0.0152605287731,0.0110686644912,-0.00305814878084,-0.00329387444071,0.0136271892115,-0.0306220892817,0.0505698435009,-0.029568111524,0.00854194536805],[0.000133151450427,0.00282322429121,0.00131783122197,-0.0087548866868,0.0143702244386,-0.0134046114981,0.00232690386474,0.0114440377802,-0.0175591465086,0.0233808606863,-0.029568111524,0.0417127683759,-0.0185251366347],[-0.000036595898564,-0.00157640490215,-0.00169844622724,0.00550594972447,-0.00831672269851,0.0077743162401,-0.00160277890973,-0.00797410216182,0.0123962312937,-0.0122034400702,0.00854194536805,-0.0185251366347,0.0270377658308]],"mean":[-129.983551025,63.9749221802,-79.6173171997,21.3472518921,-8.81951713562,-10.1118602753,3.87091588974,-19.4320678711,5.36377811432,-8.03057193756,-4.97616815567,4.32807970047,-10.5711374283]},"hfc":{"dmean":39.9715309143,"dmean2":57.7734527588,"dvar":57309.2734375,"dvar2":95058.140625,"max":12906.2050781,"mean":101.972923279,"median":33.165725708,"min":1.05275600814e-16,"var":175585.265625},"melbands":{"dmean":[0.00305815925822,0.00251373113133,0.000704108679201,0.000236881343881,0.000140905307489,0.000151065090904,0.000134670975967,0.0000661547310301,0.0000872111922945,0.0000335417462338,0.0000445536243205,0.0000312966330966,0.00002292418867,0.0000180729366548,0.0000216216758417,0.0000199819769477,0.00001029240957,0.00000846050079417,0.0000133158746394,0.0000165684086824,0.00000729195608073,0.00000651221444059,0.00000934798572416,0.00000789180376159,0.00000778182948125,0.0000179317157745,0.0000128978726934,0.0000111733706945,0.0000113323485493,0.00000738061316952,0.00000706946320861,0.00000483701114717,0.00000214053261516,0.00000132490254146,8.6625016138e-7,5.20376090662e-7,3.28032598418e-7,2.36917429675e-7,6.20835294285e-8,1.5307364265e-8],"dmean2":[0.00471894210204,0.00408557895571,0.00122185866348,0.000398748321459,0.000232973223319,0.000240765657509,0.000210771147977,0.000107827894681,0.000142023971421,0.0000527029624209,0.0000699092051946,0.0000487159231852,0.0000358349934686,0.0000288474147965,0.0000343763931596,0.0000316307232424,0.0000162883661687,0.0000131462365971,0.0000212163613469,0.000027408985261,0.0000116342753245,0.00000986963914329,0.000014751281924,0.0000118246925922,0.0000116972305477,0.0000278166498902,0.0000185634726222,0.0000182367875823,0.0000175757431862,0.0000113034557216,0.0000103563752418,0.00000771964096202,0.00000319607579513,0.0000020283662252,0.00000123567269839,7.44145324916e-7,4.41248147354e-7,3.4370020785e-7,9.58556469755e-8,2.57260275305e-8],"dvar":[0.0000387113650504,0.0000469446677016,0.00000331886189997,2.61875783281e-7,1.40252907954e-7,2.31980024523e-7,2.01132579036e-7,3.11367074346e-8,5.25608037094e-8,8.7950997596e-9,2.42094930769e-8,1.07463105081e-8,6.98636526408e-9,4.65395588733e-9,3.65681995795e-9,4.11412370838e-9,7.90542076246e-10,3.89893395347e-10,1.0694418684e-9,1.34380362393e-9,2.28881719133e-10,1.77035178184e-10,4.55885051931e-10,2.40128084084e-10,2.39776476452e-10,1.63794633412e-9,7.62999385895e-10,5.88528004108e-10,5.83919912422e-10,2.53779441906e-10,2.30936020307e-10,1.16008452844e-10,1.96562453814e-11,6.88892085737e-12,2.91029136554e-12,1.06885333917e-12,3.99541619407e-13,2.46376785076e-13,1.60133204982e-14,1.31159399053e-15],"dvar2":[0.0000945387000684,0.000115661714517,0.0000089231198217,7.28473764866e-7,3.53961979727e-7,5.67833694731e-7,4.82024688608e-7,7.65450280937e-8,1.34013205866e-7,1.89173690046e-8,5.30457526793e-8,2.43342537232e-8,1.60052611164e-8,1.09903046663e-8,8.84368311915e-9,9.81750769569e-9,1.94706761825e-9,8.9711482687e-10,2.61663202217e-9,3.45929906942e-9,5.27792087812e-10,4.02249233922e-10,1.15055898142e-9,5.22207832532e-10,5.38257494131e-10,3.89526988442e-9,1.71912362124e-9,1.50477941219e-9,1.38679046024e-9,6.10271000401e-10,5.26180821137e-10,2.93968460685e-10,3.91189892979e-11,1.49086628459e-11,5.90160168998e-12,2.21747208269e-12,7.58538468582e-13,5.45354722752e-13,3.71174140414e-14,3.37136858347e-15],"max":[0.0747799873352,0.0854552686214,0.0422028340399,0.0117413913831,0.0106702260673,0.0168148186058,0.0113528575748,0.00628074025735,0.00503532914445,0.00511056091636,0.00463808188215,0.00482459273189,0.00273891654797,0.00343210902065,0.00203111232258,0.00227348553017,0.000948376196902,0.000654095958453,0.00136725616176,0.000572385615669,0.000206522498047,0.000204207724892,0.000224981849897,0.000210845435504,0.000208395940717,0.000413346278947,0.000342788698617,0.00025940843625,0.000233000304434,0.000161931922776,0.000154473760631,0.000108302927401,0.0000526361109223,0.0000288433257083,0.0000181080213224,0.0000117858153317,0.00000736930724088,0.00000554295638722,0.00000139780058817,6.19530794665e-7],"mean":[0.00504541909322,0.00285969441757,0.000781003909651,0.000349925743649,0.000214321975363,0.000232777878409,0.000201068891329,0.0000925190979615,0.000116436785902,0.0000533248494321,0.0000625813481747,0.0000487686847919,0.0000346181150235,0.0000271858043561,0.0000321408406307,0.0000284588440991,0.0000145771573443,0.0000114144122563,0.0000176214598469,0.0000186506294995,0.0000084592420535,0.00000781463950261,0.0000104944238046,0.0000100026209111,0.0000095453706308,0.0000189790516743,0.0000148023191286,0.000012663461348,0.0000141448272188,0.0000081171920101,0.00000840996654006,0.000005211088137,0.00000272216834674,0.00000166230381637,0.00000102463275198,6.59393606384e-7,3.84998600111e-7,2.72528779988e-7,6.98412208067e-8,1.40671625459e-8],"median":[0.000830496661365,0.000618667691015,0.000190330072655,0.000103685350041,0.0000687341671437,0.0000466370074719,0.0000283945191768,0.0000247990938078,0.0000210198359127,0.0000130500720843,0.0000112600691864,0.00000697725499776,0.00000521068159287,0.00000534768742,0.00000486564749735,0.00000289920012619,0.00000223459028348,0.00000180413655926,0.00000158448403909,0.00000173902503775,0.00000145250294281,0.00000123715676636,8.44418366341e-7,7.05643230958e-7,6.27718975466e-7,7.6017010997e-7,6.03244018293e-7,5.58218857805e-7,5.30850741143e-7,3.39398184224e-7,3.15603188028e-7,2.03618640171e-7,1.62159366823e-7,1.17896092888e-7,6.92911186206e-8,5.01183379242e-8,3.2151515228e-8,2.43912694486e-8,8.74246897098e-9,2.09527817319e-9],"min":[7.65227224146e-25,4.3978852485e-25,6.54700317146e-25,1.05697963994e-24,1.49214568641e-24,1.58523294955e-24,1.35836483625e-24,1.58111834968e-24,1.2400089778e-24,1.46337898603e-24,1.46513597648e-24,2.24139581482e-24,1.89276169598e-24,1.99928493667e-24,2.02734945224e-24,2.20130688969e-24,3.24423011298e-24,2.97117951849e-24,2.84383567471e-24,2.44410742948e-24,2.786416856e-24,4.19909752659e-24,3.32180649719e-24,3.48754144021e-24,2.99923456772e-24,2.94371079012e-24,4.14828384024e-24,3.03162480206e-24,4.6939728494e-24,3.87804099893e-24,2.97181060721e-24,5.61102956818e-24,4.55266182887e-24,4.45726685175e-24,6.31393618917e-24,4.79762877792e-24,4.42450782494e-24,6.40944831213e-24,5.5002944019e-24,5.54497666686e-24],"var":[0.0000841597720864,0.0000462138123112,0.00000317688113682,4.03384916581e-7,2.20443084231e-7,4.14006137817e-7,4.07421737236e-7,4.74519268323e-8,7.08370251346e-8,1.88602715667e-8,4.13731164883e-8,2.35200445786e-8,1.3055154291e-8,7.80643993892e-9,6.91968438105e-9,7.43103667489e-9,1.32217847781e-9,6.10504868881e-10,1.73806213866e-9,1.64629432309e-9,2.8782584649e-10,2.4188356873e-10,5.10356923389e-10,3.9432992982e-10,3.68365976611e-10,1.87150073216e-9,1.03959818532e-9,7.25016824354e-10,8.61528348661e-10,3.08393671711e-10,3.17957216112e-10,1.2839665442e-10,3.09564388012e-11,1.08296704937e-11,4.55905539015e-12,1.72691255827e-12,6.52056750608e-13,3.32013523662e-13,2.03345099006e-14,1.24302317944e-15]},"melbands_crest":{"dmean":4.73406219482,"dmean2":7.76942205429,"dvar":18.9339523315,"dvar2":44.078868866,"max":40,"mean":18.4051265717,"median":17.0249233246,"min":1.57190191746,"var":73.7961578369},"melbands_flatness_db":{"dmean":0.0508122444153,"dmean2":0.0766786709428,"dvar":0.00473954435438,"dvar2":0.00841798167676,"max":1,"mean":0.260785639286,"median":0.223728686571,"min":0.00310798641294,"var":0.0270142331719},"melbands_kurtosis":{"dmean":3256597,"dmean2":5680070,"dvar":3133411375970000,"dvar2":6083015331550000,"max":3435805440,"mean":8295810,"median":6.68049240112,"min":-1.88420069218,"var":10137617467200000},"melbands_skewness":{"dmean":129.345748901,"dmean2":219.928100586,"dvar":2177907.75,"dvar2":3982747.25,"max":56010.796875,"mean":356.764770508,"median":2.39112091064,"min":-2.27650618553,"var":7630472.5},"melbands_spread":{"dmean":11.7720928192,"dmean2":18.1180114746,"dvar":237.682647705,"dvar2":538.390197754,"max":179.239349365,"mean":34.6552276611,"median":18.6667327881,"min":2.69865665814e-7,"var":1252.52685547},"mfcc":{"cov":[[32878.71875,4857.64355469,419.56350708,2936.76782227,-3714.94506836,-375.671966553,-254.526351929,-550.752380371,-472.06439209,1669.54748535,-886.602722168,-316.893096924,-783.164978027],[4857.64355469,3515.64086914,573.221191406,-316.78817749,-681.667663574,-332.549133301,60.6791801453,-228.6534729,-46.2010688782,152.25579834,-43.9753112793,-90.5936431885,-15.3354005814],[419.56350708,573.221191406,728.428955078,185.855270386,-184.425750732,-182.917266846,96.8438949585,-54.682346344,53.262424469,153.044662476,-7.96343183517,-66.5310287476,-11.1265897751],[2936.76782227,-316.78817749,185.855270386,902.513244629,-205.616287231,61.64295578,-23.028755188,20.0833473206,-34.7212867737,217.119750977,-134.951187134,-49.5691795349,-140.03213501],[-3714.94506836,-681.667663574,-184.425750732,-205.616287231,801.501403809,235.637573242,46.0240364075,129.829986572,46.7038612366,-297.437347412,109.164611816,46.6386642456,78.8847503662],[-375.671966553,-332.549133301,-182.917266846,61.64295578,235.637573242,264.415496826,29.1632671356,95.421081543,-9.92692756653,-81.8811798096,11.1035728455,18.6271762848,17.6568470001],[-254.526351929,60.6791801453,96.8438949585,-23.028755188,46.0240364075,29.1632671356,160.031112671,35.1559333801,41.0811538696,26.4709072113,8.22522258759,2.0032646656,17.4419727325],[-550.752380371,-228.6534729,-54.682346344,20.0833473206,129.829986572,95.421081543,35.1559333801,133.86505127,43.2037734985,-35.4377632141,18.0992107391,20.9957466125,12.3699579239],[-472.06439209,-46.2010688782,53.262424469,-34.7212867737,46.7038612366,-9.92692756653,41.0811538696,43.2037734985,92.2413330078,41.0277748108,40.7641372681,11.4632997513,24.2064247131],[1669.54748535,152.25579834,153.044662476,217.119750977,-297.437347412,-81.8811798096,26.4709072113,-35.4377632141,41.0277748108,261.536773682,-9.93237400055,1.9411636591,-36.1952095032],[-886.602722168,-43.9753112793,-7.96343183517,-134.951187134,109.164611816,11.1035728455,8.22522258759,18.0992107391,40.7641372681,-9.93237400055,101.610290527,43.6992073059,50.1284294128],[-316.893096924,-90.5936431885,-66.5310287476,-49.5691795349,46.6386642456,18.6271762848,2.0032646656,20.9957466125,11.4632997513,1.9411636591,43.6992073059,71.813041687,39.4303016663],[-783.164978027,-15.3354005814,-11.1265897751,-140.03213501,78.8847503662,17.6568470001,17.4419727325,12.3699579239,24.2064247131,-36.1952095032,50.1284294128,39.4303016663,87.0946502686]],"icov":[[0.000227704033023,-0.000329148810124,0.000422281795181,-0.000605645123869,0.000587533286307,-0.000376799493097,0.00000701808085068,0.000137658513268,0.00012514363334,-0.000409466942074,0.000270231161267,-0.0000832718069432,0.000270264048595],[-0.000329148810124,0.000943108112551,-0.00102308497299,0.0012242855737,-0.000364448118489,0.000278877123492,-0.000144960315083,0.000169919920154,-0.000134250090923,0.000840130378492,-0.000427376973676,0.0000489452795591,-0.0000672255919199],[0.000422281795181,-0.00102308497299,0.0040289554745,-0.00264485832304,0.000565649301279,0.00205188151449,-0.00191949261352,-0.000151855754666,0.000493840489071,-0.00125849968754,-0.00146157061681,0.00369487539865,-0.0021348267328],[-0.000605645123869,0.0012242855737,-0.00264485832304,0.00500550121069,-0.00217629154213,-0.000986903556623,0.00173431448638,-0.00123316410463,0.00101718434598,-0.00233818823472,0.003126217518,-0.0012319231173,0.00198258948512],[0.000587533286307,-0.000364448118489,0.000565649301279,-0.00217629154213,0.00664717657492,-0.00354891642928,-0.00130423007067,0.00204386957921,-0.00399111583829,0.0056703495793,-0.00325862900354,-0.0017650417285,0.00260237907059],[-0.000376799493097,0.000278877123492,0.00205188151449,-0.000986903556623,-0.00354891642928,0.0107185477391,-0.00243130931631,-0.00561883952469,0.00550922052935,-0.0010065761162,-0.00220166612417,0.00437783077359,-0.00500169489533],[0.00000701808085068,-0.000144960315083,-0.00191949261352,0.00173431448638,-0.00130423007067,-0.00243130931631,0.00968711916357,-0.00151358928997,-0.00168401165865,-0.00331694004126,0.00432659313083,-0.00117031252012,-0.000340820697602],[0.000137658513268,0.000169919920154,-0.000151855754666,-0.00123316410463,0.00204386957921,-0.00561883952469,-0.00151358928997,0.0164769664407,-0.0114878416061,0.00554980617017,0.000870721356478,-0.00597909465432,0.00422149803489],[0.00012514363334,-0.000134250090923,0.000493840489071,0.00101718434598,-0.00399111583829,0.00550922052935,-0.00168401165865,-0.0114878416061,0.0280481968075,-0.0115856351331,-0.00440492527559,0.00821015704423,-0.00652492558584],[-0.000409466942074,0.000840130378492,-0.00125849968754,-0.00233818823472,0.0056703495793,-0.0010065761162,-0.00331694004126,0.00554980617017,-0.0115856351331,0.0180857926607,-0.00650440296158,-0.0056447382085,0.00452549383044],[0.000270231161267,-0.000427376973676,-0.00146157061681,0.003126217518,-0.00325862900354,-0.00220166612417,0.00432659313083,0.000870721356478,-0.00440492527559,-0.00650440296158,0.0257403533906,-0.0097691854462,-0.00226921611466],[-0.0000832718069432,0.0000489452795591,0.00369487539865,-0.0012319231173,-0.0017650417285,0.00437783077359,-0.00117031252012,-0.00597909465432,0.00821015704423,-0.0056447382085,-0.0097691854462,0.029907759279,-0.0129992095754],[0.000270264048595,-0.0000672255919199,-0.0021348267328,0.00198258948512,0.00260237907059,-0.00500169489533,-0.000340820697602,0.00422149803489,-0.00652492558584,0.00452549383044,-0.00226921611466,-0.0129992095754,0.0258261039853]],"mean":[-773.68359375,112.367881775,-3.58289194107,40.0660438538,6.09936189651,24.212720871,0.366011768579,13.095492363,2.22429704666,3.94287180901,2.11247611046,8.7357006073,2.6252207756]},"pitch_salience":{"dmean":0.0861709564924,"dmean2":0.139301627874,"dvar":0.00717036193237,"dvar2":0.0164481662214,"max":0.979300737381,"mean":0.51350581646,"median":0.54989117384,"min":0.0000122054343592,"var":0.0332436934114},"silence_rate_20dB":{"dmean":0.000226193165872,"dmean2":0.000452411914011,"dvar":0.000226115051191,"dvar2":0.000452112202765,"max":1,"mean":0.999321460724,"median":1,"min":0,"var":0.000677863950841},"silence_rate_30dB":{"dmean":0.0681972429156,"dmean2":0.136402189732,"dvar":0.0635380595922,"dvar2":0.143779754639,"max":1,"mean":0.891885757446,"median":1,"min":0,"var":0.0964460745454},"silence_rate_60dB":{"dmean":0.0139108803123,"dmean2":0.0278233326972,"dvar":0.0137191871181,"dvar2":0.031238084659,"max":1,"mean":0.287418723106,"median":0,"min":0,"var":0.204813063145},"spectral_centroid":{"dmean":446.469665527,"dmean2":686.472412109,"dvar":562130.75,"dvar2":1097002.625,"max":16165.5195312,"mean":1922.38916016,"median":1744.64074707,"min":120.365875244,"var":2660224},"spectral_complexity":{"dmean":5.25062179565,"dmean2":7.36815023422,"dvar":56.3838768005,"dvar2":103.297576904,"max":67,"mean":13.6925640106,"median":9,"min":0,"var":217.935317993},"spectral_contrast_coeffs":{"dmean":[0.0528902225196,0.0458873137832,0.0358062684536,0.032278843224,0.0268585197628,0.0462271720171],"dmean2":[0.0852984189987,0.075473792851,0.0588421076536,0.0533354356885,0.0427382029593,0.0700246170163],"dvar":[0.00200642389245,0.0015861102147,0.000881130457856,0.000716379610822,0.000525876355823,0.00199071108364],"dvar2":[0.00496554095298,0.00407721614465,0.00225388165563,0.00181779824197,0.00125498767011,0.00422265194356],"max":[-0.41848218441,-0.443363636732,-0.544719398022,-0.60630440712,-0.654743134975,-0.481750696898],"mean":[-0.74367839098,-0.800035178661,-0.829379916191,-0.830776631832,-0.819126367569,-0.718572258949],"median":[-0.745459258556,-0.801641821861,-0.834676504135,-0.833373725414,-0.812502980232,-0.703875482082],"min":[-0.988258957863,-0.990958094597,-0.992224514484,-0.991131186485,-0.98103260994,-0.979787945747],"var":[0.00840384233743,0.00696420297027,0.00380524131469,0.00320685235783,0.00254385010339,0.0088328756392]},"spectral_contrast_valleys":{"dmean":[0.485478252172,0.50044041872,0.450521945953,0.461904406548,0.566391587257,0.568912148476],"dmean2":[0.727697849274,0.763117074966,0.672648429871,0.673172950745,0.801968932152,0.839236319065],"dvar":[0.419695943594,0.494107872248,0.455503821373,0.456686288118,0.521400749683,0.379260212183],"dvar2":[0.593549489975,0.738562047482,0.666320681572,0.696389436722,0.85667347908,0.719759404659],"max":[-4.67686843872,-4.84429883957,-5.43799209595,-5.55648088455,-5.36202192307,-8.93456935883],"mean":[-8.28818416595,-8.34275245667,-8.82430458069,-8.87557983398,-8.83152770996,-12.1025123596],"median":[-7.14348316193,-6.99739265442,-7.70508050919,-8.17349147797,-8.0617685318,-11.2732667923],"min":[-28.2101383209,-28.0433235168,-28.1245880127,-27.7425518036,-27.5405521393,-27.4001922607],"var":[9.78265285492,10.669216156,9.17806339264,7.55538606644,8.73637199402,6.24410772324]},"spectral_decrease":{"dmean":4.36235358947e-9,"dmean2":6.74929845346e-9,"dvar":7.15844219686e-17,"dvar2":1.63131756143e-16,"max":1.5495258765e-7,"mean":-8.07922262425e-9,"median":-3.24992632805e-9,"min":-1.31107327661e-7,"var":1.76982121259e-16},"spectral_energy":{"dmean":0.0171572174877,"dmean2":0.0264865662903,"dvar":0.00104354973882,"dvar2":0.00238160323352,"max":0.585803627968,"mean":0.0397422611713,"median":0.0188109204173,"min":9.86582436339e-21,"var":0.00300789368339},"spectral_energyband_high":{"dmean":0.000924739462789,"dmean2":0.00133495801128,"dvar":0.00000353604673364,"dvar2":0.00000787106273492,"max":0.0181783735752,"mean":0.00116830749903,"median":0.0000885432382347,"min":6.97122455542e-21,"var":0.00000540972723684},"spectral_energyband_low":{"dmean":0.0140841770917,"dmean2":0.0220776367933,"dvar":0.000838238222059,"dvar2":0.00202934024855,"max":0.402872204781,"mean":0.0241246763617,"median":0.00595696503296,"min":9.85685960923e-24,"var":0.00163665879518},"spectral_energyband_middle_high":{"dmean":0.00151042605285,"dmean2":0.00219138339162,"dvar":0.00000678260357745,"dvar2":0.0000146163010868,"max":0.0459247380495,"mean":0.00269261654466,"median":0.000714008521754,"min":1.07335085532e-21,"var":0.0000177075489773},"spectral_energyband_middle_low":{"dmean":0.00276794633828,"dmean2":0.00441231159493,"dvar":0.0000261540735664,"dvar2":0.0000632282026345,"max":0.10802680999,"mean":0.00562427705154,"median":0.00247071194462,"min":1.26227652928e-22,"var":0.0000658333374304},"spectral_entropy":{"dmean":0.235048502684,"dmean2":0.364101082087,"dvar":0.0740594491363,"dvar2":0.165155366063,"max":9.82843017578,"mean":7.63511896133,"median":7.74678659439,"min":4.53900432587,"var":0.308137893677},"spectral_flux":{"dmean":0.0314727723598,"dmean2":0.049414280802,"dvar":0.00238532735966,"dvar2":0.00528826517984,"max":0.57907384634,"mean":0.0872114822268,"median":0.0720350220799,"min":6.35588456865e-11,"var":0.0067888670601},"spectral_kurtosis":{"dmean":5.44769191742,"dmean2":8.4803571701,"dvar":69.5234527588,"dvar2":167.597000122,"max":154.751373291,"mean":14.3254804611,"median":8.98915576935,"min":-1.28630149364,"var":173.14730835},"spectral_rms":{"dmean":0.0010763767641,"dmean2":0.00161875528283,"dvar":0.00000253900293501,"dvar2":0.0000055550358411,"max":0.0239063967019,"mean":0.00478550186381,"median":0.00428393715993,"min":3.10244972074e-12,"var":0.0000158727143571},"spectral_rolloff":{"dmean":1901.95568848,"dmean2":3503.12402344,"dvar":22487676,"dvar2":54252496,"max":22050,"mean":9343.92285156,"median":4155.90820312,"min":21.533203125,"var":91032600},"spectral_skewness":{"dmean":0.554712712765,"dmean2":0.83374607563,"dvar":0.398767501116,"dvar2":0.876756191254,"max":9.67629814148,"mean":2.37350392342,"median":2.01987266541,"min":-0.11880620569,"var":1.74699127674},"spectral_spread":{"dmean":698572.875,"dmean2":1078162.625,"dvar":1714534875140,"dvar2":3002214383620,"max":43434668,"mean":5020817.5,"median":4226076,"min":748110.25,"var":21283871916000},"spectral_strongpeak":{"dmean":3.4350976944,"dmean2":5.5278468132,"dvar":663.892944336,"dvar2":1156.19042969,"max":808.143981934,"mean":7.80320119858,"median":0.196079403162,"min":0,"var":2191.22021484},"zerocrossingrate":{"dmean":0.0389485470951,"dmean2":0.0463432557881,"dvar":0.00277168420143,"dvar2":0.00296574039385,"max":0.99951171875,"mean":0.261234223843,"median":0.19580078125,"min":0,"var":0.0383900105953}},"metadata":{"audio_properties":{"analysis_sample_rate":44100,"bit_rate":165373,"codec":"mp3","downmix":"mix","equal_loudness":0,"length":410.618774414,"lossless":false,"md5_encoded":"f9ed727dd29cfe8e2522922aa4db459c","replay_gain":-4.08180999756,"sample_rate":44100},"tags":{"acoustid_id":["2ec0fcce-f4c5-4d6c-be08-baf625147b70"],"album":["LateNightTales: Arctic Monkeys"],"albumartist":["Matt Helders"],"albumartistsort":["Helders, Matt"],"artist":["The Rapture"],"artistsort":["Rapture, The"],"asin":["B001FBJUJK"],"barcode":["8801571302119"],"catalognumber":["ALNCD21"],"date":["2008"],"discnumber":["1/1"],"file_name":"19 - The Rapture - Olio.mp3","genre":["Various"],"label":["LateNightTales"],"media":["CD"],"musicbrainz album release country":["GB"],"musicbrainz album status":["official"],"musicbrainz_albumartistid":["e7ae3e08-43f5-4c19-81e9-34f16b00fbc2"],"musicbrainz_albumid":["017e2201-4d11-433b-b970-76b0effbb66d"],"musicbrainz_artistid":["3697647f-1839-479e-98a1-9ad39004d923"],"musicbrainz_recordingid":["c058f2e9-ea5c-4c80-ae53-ce8d95c3e9a0"],"musicbrainz_releasegroupid":["8eb3c027-e1cc-4661-befd-2768e6a55afc"],"originaldate":["2008"],"script":["Latn"],"title":["Olio"],"tracknumber":["19/20"]},"version":{"essentia":"2.1-beta1","essentia_build_sha":"ca57ba49d9b1854bd80e60cf9ccf267278fb7d6b","essentia_git_sha":"v2.1_beta1-28-g21ef5f4-dirty","extractor":"music 1.0"}},"rhythm":{"beats_count":872,"beats_loudness":{"dmean":0.0317692495883,"dmean2":0.0574715659022,"dvar":0.00178911699913,"dvar2":0.00550801632926,"max":0.344017267227,"mean":0.0531623139977,"median":0.0437928251922,"min":0,"var":0.00289712962694},"beats_loudness_band_ratio":{"dmean":[0.175932064652,0.0425541512668,0.0432417206466,0.0457254834473,0.0415144711733,0.0809936374426],"dmean2":[0.312510251999,0.0749849006534,0.0777402967215,0.0860885456204,0.0755265280604,0.144727796316],"dvar":[0.0223230738193,0.00405269162729,0.00377273606136,0.00314027746208,0.00155704561621,0.00573339127004],"dvar2":[0.0634144693613,0.0116296168417,0.0110501414165,0.010707