{"lowlevel":{"average_loudness":0.853357374668,"barkbands":{"dmean":[0.0000161957104865,0.000538937165402,0.00103690265678,0.00171796511859,0.00256925309077,0.000794847495854,0.0010594970081,0.000788573583122,0.000531011552084,0.000244078488322,0.000170843748492,0.000227816402912,0.000573938945308,0.00033928125049,0.000219158202526,0.000155468427693,0.000142544857226,0.000188467223779,0.000181353258085,0.000285531918053,0.000110386288725,0.0000746491059544,0.0000457300520793,0.0000258498203038,0.0000127498060465,6.85266286382e-7,4.60173055217e-8],"dmean2":[0.0000250535758823,0.000839072687086,0.00171658396721,0.00286585837603,0.00434949249029,0.00128724961542,0.0016744210152,0.00124400854111,0.000847715244163,0.000385436869692,0.000274870195426,0.000367960805306,0.000919178128242,0.000556009297725,0.000345599080902,0.000248239608482,0.000226035364904,0.000295756879495,0.000279067462543,0.000431333581218,0.000169794147951,0.000114784466859,0.0000683394100633,0.0000387265536119,0.0000191473845916,0.00000105811966478,7.6982523467e-8],"dvar":[2.21776552678e-9,0.00000334983747052,0.00000564220590604,0.000021030951757,0.0000346056367562,0.00000208076426134,0.00000397412759412,0.00000407108245781,0.00000318341767525,9.56892449722e-7,2.07004703157e-7,5.82611335176e-7,0.00000449548815595,0.00000473747104479,5.31169291662e-7,1.65834606491e-7,9.27959575847e-8,2.03617844363e-7,1.36282480412e-7,2.6500120498e-7,4.09089260245e-8,2.81007377367e-8,9.39007271938e-9,4.89861751163e-9,1.62830737782e-9,3.97511190631e-12,5.46381821352e-15],"dvar2":[4.896643091e-9,0.00000760182183512,0.0000139554258567,0.0000559726067877,0.0000914943084354,0.00000531357954969,0.0000098767095551,0.00000932685361477,0.00000762083936934,0.00000200988506549,5.03431351717e-7,0.00000155478767283,0.0000109170168798,0.000012790233086,0.00000118455716347,3.90394660599e-7,2.19632269705e-7,4.81665722418e-7,3.25538650259e-7,5.84064764553e-7,9.19016187595e-8,6.93981405675e-8,2.08313402084e-8,1.05675486139e-8,3.60768126484e-9,9.90674556278e-12,1.45505860778e-14],"max":[0.00160385144409,0.0425241217017,0.0351964719594,0.0642691701651,0.0572246909142,0.0243226401508,0.0499633289874,0.0433136895299,0.0449698939919,0.0408683456481,0.0109678115696,0.0275084003806,0.0780109465122,0.0711618289351,0.0263694953173,0.0112432809547,0.00600020308048,0.0106346420944,0.00785645935684,0.0101319085807,0.00300252810121,0.00265085790306,0.00178823247552,0.00174832367338,0.000966988562141,0.0000486558528792,0.00000189454362953],"mean":[0.0000194106905838,0.000661257945467,0.00135457294527,0.00191712984815,0.00298359803855,0.00117578089703,0.00167319178581,0.00116380502004,0.000715392176062,0.000348140427377,0.000233493105043,0.000300484214677,0.000859619351104,0.000472949526738,0.000331831659423,0.000251770077739,0.000248872383963,0.000319083803333,0.000325522880303,0.000543195521459,0.000198687732336,0.000120331278595,0.0000904359549168,0.0000518770320923,0.0000226300289796,0.00000140010342875,9.7579366809e-8],"median":[0.0000050155927056,0.000146410573507,0.000395023205783,0.000464003882371,0.00105690816417,0.000534106919076,0.000538505264558,0.000418007897679,0.00022206956055,0.000119296761113,0.0000744409771869,0.0000857934937812,0.00015900238941,0.0000880958032212,0.00011274201097,0.000128612562548,0.000120637312648,0.000129448249936,0.00016928682453,0.000261880108155,0.000100318058685,0.0000467027421109,0.0000398695556214,0.0000241433499468,0.00000891024865268,8.08010895526e-7,8.33107947074e-8],"min":[3.30023746232e-24,1.57672611021e-23,7.43111705884e-24,1.98494490481e-23,4.09662378503e-23,3.09821965082e-23,2.31395512255e-23,3.3143202072e-23,4.74924714974e-23,5.01320600397e-23,2.82083564616e-23,9.74343561055e-23,1.07239051499e-22,9.47234261384e-23,1.63685583364e-22,1.39672543813e-22,1.35064864064e-22,2.23268689297e-22,3.30903092638e-22,2.19890547088e-22,4.94171097215e-22,5.67644465968e-22,7.06577891289e-22,1.24573026646e-21,1.34164080835e-21,1.66814692915e-21,2.35835069337e-21],"var":[3.14692893966e-9,0.00000389291608371,0.00000757492216508,0.0000205467440537,0.0000314338503813,0.00000313934606311,0.0000087554590209,0.00000674827515468,0.00000429900092058,0.00000149737002175,3.00564551026e-7,7.5050667192e-7,0.00000734231389288,0.00000686334078637,0.00000108145502509,2.72760104281e-7,1.79816922241e-7,3.66317408407e-7,2.59266073499e-7,6.20379353222e-7,7.79857671773e-8,3.99013799779e-8,1.93571736418e-8,1.01887609461e-8,2.69930966468e-9,5.06842181072e-12,6.07920416684e-15]},"barkbands_crest":{"dmean":2.53933119774,"dmean2":4.19228219986,"dvar":5.28352975845,"dvar2":13.7525835037,"max":26.9128875732,"mean":8.96531105042,"median":8.04817390442,"min":2.68196058273,"var":16.2509727478},"barkbands_flatness_db":{"dmean":0.018979344517,"dmean2":0.0301629416645,"dvar":0.00033192257979,"dvar2":0.000795208092313,"max":0.601328253746,"mean":0.11968601495,"median":0.109584093094,"min":0.0244868583977,"var":0.00319460779428},"barkbands_kurtosis":{"dmean":4.33893299103,"dmean2":6.33816862106,"dvar":938.254455566,"dvar2":1335.78967285,"max":2861.81518555,"mean":23.6917915344,"median":0.816578507423,"min":-1.851313591,"var":46860.7851562},"barkbands_skewness":{"dmean":0.540742516518,"dmean2":0.832458376884,"dvar":0.421352416277,"dvar2":0.727913439274,"max":52.7641410828,"mean":1.87800073624,"median":1.28054273129,"min":-2.21031761169,"var":19.4803905487},"barkbands_spread":{"dmean":5.68528556824,"dmean2":8.82421970367,"dvar":29.8950386047,"dvar2":68.5279541016,"max":74.1058502197,"mean":25.0996608734,"median":24.2386741638,"min":0.203326538205,"var":140.893951416},"dissonance":{"dmean":0.0130431111902,"dmean2":0.0222048554569,"dvar":0.000138302799314,"dvar2":0.000386883999454,"max":0.500000119209,"mean":0.475401550531,"median":0.478292763233,"min":0.388703942299,"var":0.00023729375971},"dynamic_complexity":5.82336044312,"erbbands":{"dmean":[0.0118573037907,0.144154563546,0.887280464172,3.85265731812,7.89834499359,8.90301895142,5.45352649689,7.24056100845,13.298992157,16.3032417297,15.3281850815,13.7457399368,9.17308807373,6.24503135681,6.54161024094,10.0641012192,25.0559692383,20.0601444244,13.6844863892,9.16958141327,7.04298305511,7.66278934479,10.7630672455,6.35746097565,12.173614502,12.689907074,6.26830387115,3.83405518532,2.805747509,1.77949225903,1.34313869476,0.631483495235,0.415360599756,0.212482199073,0.0543312691152,0.00649351254106,0.000883081404027,0.000103316400782,0.0000106616771518,0.00000922257095226],"dmean2":[0.0190855059773,0.224355101585,1.47498190403,6.24126958847,13.2426242828,15.3022403717,8.81686019897,11.7409620285,21.3279647827,25.4574642181,24.0772171021,21.8463153839,14.2703151703,9.80348014832,10.5266637802,16.1885719299,40.0496635437,32.1901397705,21.6424598694,14.391503334,11.1557912827,11.8184280396,16.6607837677,9.76746559143,18.6251811981,19.2196426392,9.53248691559,5.90045499802,4.32712030411,2.67914938927,2.02468752861,0.940767943859,0.630689322948,0.317865043879,0.0823846757412,0.00987669639289,0.00133368337993,0.000163145421539,0.0000171959582076,0.0000136488879434],"dvar":[0.00178291974589,0.211744055152,4.05663871765,106.90750885,322.188171387,535.039428711,77.4486236572,196.47857666,727.647155762,1224.09301758,1774.57336426,2173.87890625,1504.3371582,227.746536255,401.922027588,1078.96496582,10050.1142578,12490.9873047,2946.05224609,970.72253418,253.041931152,231.466827393,655.471679688,120.707221985,594.226257324,532.054321289,125.612823486,57.6927452087,41.9791984558,13.1578350067,8.51873779297,2.22232198715,1.62430465221,0.49713870883,0.0313873328269,0.000393662892748,0.00000554457665203,5.54176402545e-8,2.5196975062e-10,2.18236637095e-10],"dvar2":[0.00455090496689,0.466509908438,10.3670578003,266.2215271,817.949890137,1466.59301758,196.611114502,502.914611816,1784.27514648,2965.53149414,4113.43554688,5109.31933594,3231.72705078,510.520172119,1028.69189453,2823.17114258,24285.4980469,33666.1289062,7452.71533203,1922.26013184,622.130432129,516.066589355,1490.89929199,286.964996338,1414.61413574,1178.59985352,273.329071045,133.136001587,105.329116821,30.0784473419,19.278755188,4.6958823204,3.73271465302,1.09379339218,0.0742452144623,0.000951645546593,0.0000131400092869,1.38213053447e-7,6.57690235606e-10,4.94832730347e-10],"max":[0.644841372967,11.324921608,34.0149650574,134.247528076,231.074981689,255.545013428,156.211120605,246.052490234,859.847412109,833.40411377,1369.59606934,1158.30310059,1735.44213867,723.967407227,551.22277832,1035.82141113,4157.04931641,3568.21435547,2074.22314453,1285.3482666,394.842468262,323.767211914,673.430725098,227.008453369,522.065795898,445.308563232,220.720108032,95.2073822021,122.08644104,64.0397033691,58.083732605,28.3675785065,35.0370101929,19.9142913818,4.69667673111,0.526618897915,0.0457561574876,0.004715800751,0.000364176172297,0.000170571729541],"mean":[0.012632961385,0.186966314912,1.21287679672,4.56220149994,8.96499061584,9.84520053864,8.27939796448,10.5177793503,20.8250980377,25.5360412598,23.0603237152,19.1651878357,12.9231433868,9.84258365631,9.28143024445,14.5579900742,37.9827842712,30.6226482391,21.1493434906,15.1999387741,13.1246318817,14.3262853622,18.5417747498,12.978468895,22.1302242279,24.3672199249,11.957406044,6.58155155182,4.53459787369,3.17462897301,2.61223387718,1.28844964504,0.773161530495,0.37411904335,0.096753872931,0.0126295816153,0.00192345143296,0.000268673815299,0.0000277122398984,0.0000212530540011],"median":[0.00243835197762,0.051911868155,0.413060754538,1.23459923267,2.52840590477,3.32340955734,4.18781518936,4.73860359192,7.23412370682,10.193854332,8.90182685852,5.85868740082,4.22827243805,3.963586092,3.08234834671,4.49118232727,7.45166110992,6.2577457428,6.04723167419,6.21415472031,7.54128456116,7.24973964691,7.01007795334,7.60407781601,10.6891088486,11.87292099,6.20406150818,3.1382856369,1.76704668999,1.37082517147,1.14262211323,0.591884016991,0.339612215757,0.146863937378,0.0368008650839,0.00663363747299,0.00114729977213,0.000194776162971,0.0000240057888732,0.0000146755355672],"min":[8.389076042e-22,1.9557914141e-21,1.05267028987e-20,3.56975674084e-20,9.49704866706e-20,1.31870231852e-19,2.99825881885e-19,1.67790640425e-19,2.17225254428e-19,7.21867750974e-19,7.72377001839e-19,1.08249942119e-18,1.16191124154e-18,1.31413987461e-18,1.85492005681e-18,4.3024856576e-18,4.22551856956e-18,6.65418743605e-18,8.48970700557e-18,5.66107852853e-18,8.42228764975e-18,8.07580567939e-18,1.10214297551e-17,1.55557203717e-17,1.33964629899e-17,1.22012043756e-17,1.737324959e-17,1.71619959334e-17,1.60296237251e-17,2.37846570348e-17,2.21524361259e-17,2.36837691242e-17,1.94650867888e-17,1.35987541446e-17,1.10487316784e-17,5.75058236594e-18,3.46076755258e-18,1.26962235821e-18,3.01376974781e-19,3.62120155883e-20],"var":[0.00162537384313,0.267630785704,5.38346672058,119.373878479,333.17199707,431.912322998,132.86315918,279.596435547,1606.77844238,1998.5357666,2863.74023438,3084.93579102,2265.6340332,471.537200928,519.641723633,1520.58337402,15179.6640625,17944.3574219,5690.59179688,2284.15551758,466.320159912,513.575866699,1270.72424316,274.067565918,1195.62915039,1223.25769043,286.223175049,94.0665359497,57.514377594,24.3961524963,16.3509082794,4.82099342346,2.92864823341,0.830965518951,0.0433576703072,0.000529812532477,0.00000806233310868,7.56866640472e-8,3.6321520791e-10,4.68866834247e-10]},"erbbands_crest":{"dmean":2.38664507866,"dmean2":3.90737366676,"dvar":5.37384176254,"dvar2":13.7538700104,"max":27.3726978302,"mean":7.52259397507,"median":6.618932724,"min":2.21927142143,"var":12.6044082642},"erbbands_flatness_db":{"dmean":0.0125224925578,"dmean2":0.0191695932299,"dvar":0.000140647403896,"dvar2":0.000309694558382,"max":0.312570184469,"mean":0.152179285884,"median":0.151739358902,"min":0.0298210885376,"var":0.00110199546907},"erbbands_kurtosis":{"dmean":0.552829027176,"dmean2":0.894108593464,"dvar":0.460085332394,"dvar2":1.08754611015,"max":12.661192894,"mean":-0.483148157597,"median":-0.803457260132,"min":-1.7453455925,"var":1.13011074066},"erbbands_skewness":{"dmean":0.314535796642,"dmean2":0.488420277834,"dvar":0.0737515464425,"dvar2":0.170265823603,"max":2.39519786835,"mean":0.105697147548,"median":0.117348343134,"min":-2.7247235775,"var":0.37195572257},"erbbands_spread":{"dmean":8.03919887543,"dmean2":12.5196857452,"dvar":54.9173469543,"dvar2":125.644592285,"max":157.256347656,"mean":47.9857215881,"median":46.8834686279,"min":3.56714344025,"var":319.754577637},"gfcc":{"cov":[[19798.1308594,1754.16564941,-3206.56542969,841.388916016,-1773.38464355,-210.049819946,-918.710998535,-307.815490723,-266.040222168,-184.972381592,216.864852905,-452.373046875,139.199172974],[1754.16564941,623.327392578,-207.99949646,14.9934453964,-28.7402896881,-83.2386779785,17.8396968842,-76.0174484253,-28.59308815,-63.2807807922,-32.7859077454,-72.7077560425,-15.5526781082],[-3206.56542969,-207.99949646,923.230895996,-19.0437602997,291.735717773,112.824531555,119.549842834,62.2792320251,35.9103240967,24.1873931885,-65.7292480469,76.953086853,-25.3432788849],[841.388916016,14.9934453964,-19.0437602997,330.728485107,-44.5597610474,-2.12242174149,-55.5457839966,9.35523033142,16.8718090057,-15.4006195068,19.5541172028,0.889800012112,67.9379653931],[-1773.38464355,-28.7402896881,291.735717773,-44.5597610474,320.0362854,24.0166988373,127.267364502,41.2449073792,24.731508255,5.9042725563,-31.504486084,27.1576900482,-15.133936882],[-210.049819946,-83.2386779785,112.824531555,-2.12242174149,24.0166988373,163.359375,35.5727729797,21.3062362671,11.5804595947,15.5589752197,18.1748428345,1.00387370586,-15.2824010849],[-918.710998535,17.8396968842,119.549842834,-55.5457839966,127.267364502,35.5727729797,172.288024902,18.481502533,17.220911026,-0.840648710728,-24.575586319,11.951757431,-16.2518806458],[-307.815490723,-76.0174484253,62.2792320251,9.35523033142,41.2449073792,21.3062362671,18.481502533,90.3044128418,31.1232891083,23.5028610229,16.2435684204,15.3258600235,5.84374427795],[-266.040222168,-28.59308815,35.9103240967,16.8718090057,24.731508255,11.5804595947,17.220911026,31.1232891083,74.0544281006,28.9127464294,12.5250072479,7.08920621872,1.0259449482],[-184.972381592,-63.2807807922,24.1873931885,-15.4006195068,5.9042725563,15.5589752197,-0.840648710728,23.5028610229,28.9127464294,79.6183242798,45.0532493591,18.155424118,2.47538328171],[216.864852905,-32.7859077454,-65.7292480469,19.5541172028,-31.504486084,18.1748428345,-24.575586319,16.2435684204,12.5250072479,45.0532493591,109.55368042,26.9962043762,7.6314458847],[-452.373046875,-72.7077560425,76.953086853,0.889800012112,27.1576900482,1.00387370586,11.951757431,15.3258600235,7.08920621872,18.155424118,26.9962043762,74.9715805054,29.9397468567],[139.199172974,-15.5526781082,-25.3432788849,67.9379653931,-15.133936882,-15.2824010849,-16.2518806458,5.84374427795,1.0259449482,2.47538328171,7.6314458847,29.9397468567,78.2296829224]],"icov":[[0.000801685964689,-0.0019511646824,0.00179563998245,-0.00154597428627,0.00202994467691,-0.0017926460132,0.00175787997432,-0.00132717285305,0.00159958959557,-0.000993467750959,0.000851380755194,-0.0000407073093811,0.000559725449421],[-0.0019511646824,0.0070521873422,-0.00414137216285,0.00359414028935,-0.00510771991685,0.005371642299,-0.00519219506532,0.00461819721386,-0.00406046956778,0.00354954204522,-0.0027608172968,0.0020665358752,-0.00153209909331],[0.00179563998245,-0.00414137216285,0.00619034096599,-0.00399897200987,0.00303432764485,-0.00523251481354,0.00427150866017,-0.00314680300653,0.00364143936895,-0.00313227926381,0.00415675342083,-0.00277801905759,0.00285618496127],[-0.00154597428627,0.00359414028935,-0.00399897200987,0.00742266606539,-0.00367921194993,0.00322592887096,-0.00230812467635,0.00229758257046,-0.00482025742531,0.00417183712125,-0.00337105360813,0.00226353970356,-0.0056151994504],[0.00202994467691,-0.00510771991685,0.00303432764485,-0.00367921194993,0.0110784471035,-0.0035523395054,0.00117255107034,-0.00471554556862,0.00377747486345,-0.00228026742116,0.00209825928323,-0.000105490376882,0.00145407917444],[-0.0017926460132,0.005371642299,-0.00523251481354,0.00322592887096,-0.0035523395054,0.0121787879616,-0.00621807156131,0.00259626051411,-0.00343349762261,0.00265122740529,-0.00476796273142,0.00301227089949,-0.000759318761993],[0.00175787997432,-0.00519219506532,0.00427150866017,-0.00230812467635,0.00117255107034,-0.00621807156131,0.0134975034744,-0.00350929354317,0.00197283248417,-0.00189494306687,0.00388199463487,-0.00244457577355,0.00189739069901],[-0.00132717285305,0.00461819721386,-0.00314680300653,0.00229758257046,-0.00471554556862,0.00259626051411,-0.00350929354317,0.0174370128661,-0.00719347735867,0.000861757609528,-0.00301544810645,0.000734297966119,-0.00209153303877],[0.00159958959557,-0.00406046956778,0.00364143936895,-0.00482025742531,0.00377747486345,-0.00343349762261,0.00197283248417,-0.00719347735867,0.021678423509,-0.00845938082784,0.00267799710855,-0.0000868767747306,0.00247489497997],[-0.000993467750959,0.00354954204522,-0.00313227926381,0.00417183712125,-0.00228026742116,0.00265122740529,-0.00189494306687,0.000861757609528,-0.00845938082784,0.0225243158638,-0.00971040502191,0.00147590273991,-0.00276492699049],[0.000851380755194,-0.0027608172968,0.00415675342083,-0.00337105360813,0.00209825928323,-0.00476796273142,0.00388199463487,-0.00301544810645,0.00267799710855,-0.00971040502191,0.0179230552167,-0.00863638147712,0.00454559735954],[-0.0000407073093811,0.0020665358752,-0.00277801905759,0.00226353970356,-0.000105490376882,0.00301227089949,-0.00244457577355,0.000734297966119,-0.0000868767747306,0.00147590273991,-0.00863638147712,0.0254385843873,-0.0113159166649],[0.000559725449421,-0.00153209909331,0.00285618496127,-0.0056151994504,0.00145407917444,-0.000759318761993,0.00189739069901,-0.00209153303877,0.00247489497997,-0.00276492699049,0.00454559735954,-0.0113159166649,0.0219098478556]],"mean":[-50.8338165283,89.7964401245,-133.113250732,43.325504303,-71.5584106445,1.47904932499,-40.4068756104,0.658292412758,-24.9236984253,-0.543619275093,-12.75694561,-13.6208181381,-14.3379001617]},"hfc":{"dmean":5.71227169037,"dmean2":7.96027088165,"dvar":85.4166030884,"dvar2":181.177124023,"max":173.795471191,"mean":15.230597496,"median":9.73151779175,"min":1.15450180429e-16,"var":288.435668945},"melbands":{"dmean":[0.000127756065922,0.000356619479135,0.00073624640936,0.000658998498693,0.000209198638913,0.000158712864504,0.000208824421861,0.000176986650331,0.00011798133346,0.0000856138794916,0.0000441820375272,0.0000248777687375,0.0000208095825656,0.0000233340306295,0.0000352719034709,0.000064240914071,0.0000368963919755,0.0000241972829826,0.0000138989671541,0.0000130383559735,0.00000836039271235,0.00000810558049125,0.0000127236417029,0.00000673503109283,0.00000535820390724,0.00000758855867389,0.0000120337117551,0.00000836245453684,0.00000496526126881,0.00000256531802734,0.00000227044642997,0.0000017069162368,0.00000139734834192,9.11306244689e-7,9.10709559321e-7,5.38904998848e-7,3.58391019972e-7,3.12531057034e-7,2.677984412e-7,1.61822242717e-7],"dmean2":[0.000198723151698,0.000585068657529,0.00119561760221,0.00112447887659,0.000339502061252,0.000257674197201,0.000332267110934,0.000276968727121,0.000186144839972,0.000135794602102,0.0000692564135534,0.0000392961810576,0.0000335200529662,0.0000373559960281,0.0000572550125071,0.000102390673419,0.000060270758695,0.0000386476058338,0.0000220950569201,0.000020691581085,0.0000135091913762,0.0000129270383695,0.0000200802751351,0.0000105621202238,0.00000847671162774,0.0000118259913506,0.0000186593078979,0.0000128453175421,0.00000777748300607,0.00000397027224608,0.00000358127840627,0.00000269631664196,0.00000217568299377,0.00000139026019497,0.00000139267763188,8.29195641927e-7,5.4673341765e-7,4.8245334483e-7,4.05313187457e-7,2.47257787578e-7],"dvar":[2.05798045272e-7,6.72695421144e-7,0.0000032179077607,0.00000251841947829,1.18458743259e-7,9.17854521276e-8,1.65262903806e-7,1.56237007332e-7,1.20525413649e-7,8.43258050054e-8,3.67636410203e-8,3.79099196479e-9,3.66888053271e-9,4.29311741712e-9,2.22847980069e-8,5.61843620517e-8,6.29640837246e-8,1.1928243282e-8,2.57896504152e-9,1.44699785487e-9,3.59756835433e-10,2.83944812107e-10,1.10761999572e-9,2.08200276464e-10,8.83045442324e-11,2.83301881954e-10,5.6283266936e-10,2.38922021056e-10,8.6471219074e-11,2.43730487182e-11,2.23744408417e-11,1.5974988693e-11,1.01254222021e-11,3.33396721688e-12,3.87873587415e-12,1.61225102279e-12,7.27611059511e-13,9.86710171035e-13,7.57493297688e-13,3.02972328215e-13],"dvar2":[4.85438420128e-7,0.00000157606029916,0.00000808439472166,0.00000668897928335,3.05980250914e-7,2.35764616718e-7,4.05843906037e-7,3.66439934396e-7,2.81912122091e-7,1.95636701505e-7,7.90066039258e-8,8.56046344921e-9,9.1921030787e-9,1.07197282162e-8,5.99198628493e-8,1.28629352503e-7,1.71631100443e-7,3.08345207145e-8,5.7067262027e-9,3.17975046293e-9,9.0539353792e-10,6.70850930362e-10,2.58854560009e-9,4.70334660108e-10,2.17345877407e-10,6.74782341115e-10,1.34096123094e-9,5.39804922983e-10,1.92500279605e-10,5.52367526718e-11,5.3375501935e-11,4.07961234239e-11,2.51604622553e-11,7.36296353748e-12,8.79107290436e-12,3.77161279638e-12,1.49601078053e-12,2.43424941662e-12,1.66701797765e-12,6.91559223082e-13],"max":[0.00922651402652,0.014120509848,0.0235553793609,0.0152259394526,0.00545845925808,0.00505389040336,0.011930057779,0.0100388629362,0.014076191932,0.00642458163202,0.00850458908826,0.00308919255622,0.0015287817223,0.00163418252487,0.00566042587161,0.00762197002769,0.00818519014865,0.00453058164567,0.00271093449555,0.00108786358032,0.000476688786875,0.000477421999676,0.000870516349096,0.000379785342375,0.000195947868633,0.000418014242314,0.000365111336578,0.000329595350195,0.000236792649957,0.0000940822719713,0.000071404625487,0.0000762207710068,0.0000657730051898,0.0000394942762796,0.0000415951362811,0.0000253769067058,0.0000164453103935,0.0000275618294836,0.0000229774741456,0.0000150802388816],"mean":[0.00015035366232,0.000508678844199,0.000912497460376,0.000724808021914,0.000311596872052,0.000230731151532,0.000332394178258,0.000276075967122,0.000172087704414,0.000115880640806,0.0000605964632996,0.0000384353152185,0.0000287976235995,0.0000321879269904,0.0000477648100059,0.0000971477275016,0.0000513767736265,0.0000348896683136,0.0000215863929043,0.0000195048396563,0.0000146471547851,0.0000139844887599,0.000019755172616,0.0000122932851809,0.00000990347507468,0.0000129530199047,0.0000207176162803,0.0000151429649122,0.00000877462207427,0.00000433142622569,0.0000035924781514,0.00000261779359789,0.00000212120653487,0.0000016380905663,0.00000168467659023,0.00000101311854905,6.94251639288e-7,5.47995568922e-7,4.59123214114e-7,2.68355108801e-7],"median":[0.0000312283445965,0.000176248751814,0.000275417580269,0.000221931608394,0.000158554379595,0.000105177750811,0.000110859793494,0.000112696732685,0.0000628793641226,0.0000329969479935,0.0000194931817532,0.0000152941393026,0.00000963284583122,0.00000987815656117,0.0000121311550174,0.0000158491602633,0.00000907959474716,0.00000853706842463,0.00000826687573863,0.00000791681941337,0.00000829136752145,0.00000729520070308,0.00000633967420072,0.00000579369225306,0.00000572661565457,0.00000617528166913,0.00000918780915526,0.00000723139510228,0.00000432862088928,0.00000211497172131,0.00000153213466092,9.62370222624e-7,7.94748757471e-7,6.90750425747e-7,6.97925884197e-7,4.50491995707e-7,3.08347694045e-7,2.31561728015e-7,1.79958163926e-7,9.95681403992e-8],"min":[5.25562130354e-24,4.17095964696e-24,7.9527899866e-24,8.19325766748e-24,8.99999968284e-24,4.32951240587e-24,3.76127814647e-24,8.02994137199e-24,7.42578041481e-24,6.17566109983e-24,5.73905025461e-24,5.37482568049e-24,4.97734706935e-24,7.51460457502e-24,1.44833600021e-23,1.05057055924e-23,1.14198683749e-23,1.19029825705e-23,1.05753091566e-23,7.86875105664e-24,9.77205785078e-24,9.55015285586e-24,5.73612949711e-24,1.29669713382e-23,1.26409272375e-23,1.27407141977e-23,6.90358289455e-24,7.96303334545e-24,8.38183960003e-24,1.3341652658e-23,8.98848546906e-24,6.84066887077e-24,1.51891932971e-23,1.14625078846e-23,1.17429747577e-23,1.34042124833e-23,1.54503425443e-23,1.36067304326e-23,1.21560893808e-23,1.11947243171e-23],"var":[2.18298168875e-7,0.00000100032696082,0.00000369303347725,0.00000216797229768,1.84237890721e-7,1.29259262849e-7,3.78605619744e-7,2.57024623807e-7,1.80008228767e-7,1.22255130464e-7,5.48282521606e-8,7.91384291432e-9,4.83911710703e-9,6.76294664714e-9,2.40542181729e-8,1.05407821138e-7,8.47779020319e-8,2.21446256887e-8,5.31243449231e-9,2.46974107831e-9,6.10416883706e-10,5.3170012837e-10,1.86972393124e-9,4.39028674526e-10,1.7137215258e-10,4.97684171652e-10,1.10397779807e-9,5.13150910653e-10,1.78972975329e-10,4.1994050598e-11,3.37664340933e-11,2.09478684399e-11,1.36896197503e-11,6.8468013377e-12,7.33690885824e-12,2.78715917533e-12,1.63246315337e-12,1.54461090186e-12,1.30681262252e-12,4.55939810646e-13]},"melbands_crest":{"dmean":3.56698036194,"dmean2":5.94518280029,"dvar":10.3100309372,"dvar2":27.0800666809,"max":39.9891853333,"mean":13.1111936569,"median":12.0576248169,"min":1.64940190315,"var":28.7296161652},"melbands_flatness_db":{"dmean":0.0242200288922,"dmean2":0.0381350927055,"dvar":0.000551896868274,"dvar2":0.00130951765459,"max":0.576885163784,"mean":0.16637852788,"median":0.153928369284,"min":0.00483082933351,"var":0.0039471918717},"melbands_kurtosis":{"dmean":14.466219902,"dmean2":22.4716396332,"dvar":16031.8310547,"dvar2":37920.3085938,"max":7140.32666016,"mean":53.4998931885,"median":7.22081422806,"min":-1.71280896664,"var":217481.703125},"melbands_skewness":{"dmean":0.756534814835,"dmean2":1.17992603779,"dvar":1.39831709862,"dvar2":3.0864648819,"max":81.4415283203,"mean":3.20206236839,"median":2.46418094635,"min":-1.58430337906,"var":36.3949508667},"melbands_spread":{"dmean":8.12701702118,"dmean2":12.6381912231,"dvar":84.7780914307,"dvar2":182.625244141,"max":161.81842041,"mean":27.3017234802,"median":24.5657539368,"min":0.128122895956,"var":291.227935791},"mfcc":{"cov":[[14076.7548828,493.601531982,-670.860778809,328.669464111,-445.846710205,-244.01701355,-403.324462891,-390.054443359,-511.205474854,-48.9286231995,-156.139068604,13.2354736328,-27.5582714081],[493.601531982,740.247802734,-108.790557861,38.2173919678,-55.9422340393,6.47368907928,24.1031150818,-12.701253891,-2.95346736908,-1.27013158798,-25.7369098663,-31.6043262482,-40.5590591431],[-670.860778809,-108.790557861,413.908294678,12.579791069,83.7120895386,65.4423446655,12.5096387863,33.6089859009,43.1750106812,-21.537689209,28.42735672,-7.31206798553,15.111084938],[328.669464111,38.2173919678,12.579791069,258.836273193,47.2436408997,-4.24339103699,-14.1214036942,3.84537053108,27.1899356842,6.32353591919,-51.9702415466,-22.6005649567,20.7654361725],[-445.846710205,-55.9422340393,83.7120895386,47.2436408997,158.850723267,16.1094093323,21.3380126953,24.7366313934,26.2647361755,15.2365007401,10.2412185669,5.69275093079,7.67537927628],[-244.01701355,6.47368907928,65.4423446655,-4.24339103699,16.1094093323,115.931968689,40.883846283,29.9371433258,28.9168796539,4.93057727814,16.7005138397,-11.1661911011,-12.2733545303],[-403.324462891,24.1031150818,12.5096387863,-14.1214036942,21.3380126953,40.883846283,109.230766296,42.1570930481,21.121547699,9.72147846222,16.913356781,13.7635498047,-4.07959222794],[-390.054443359,-12.701253891,33.6089859009,3.84537053108,24.7366313934,29.9371433258,42.1570930481,89.4030456543,39.8163795471,5.39386034012,13.4465389252,-4.53010702133,-0.254762649536],[-511.205474854,-2.95346736908,43.1750106812,27.1899356842,26.2647361755,28.9168796539,21.121547699,39.8163795471,104.252433777,17.6880645752,-8.14021205902,-13.2727298737,-4.90478086472],[-48.9286231995,-1.27013158798,-21.537689209,6.32353591919,15.2365007401,4.93057727814,9.72147846222,5.39386034012,17.6880645752,74.5977096558,24.5763454437,6.79046964645,1.03713703156],[-156.139068604,-25.7369098663,28.42735672,-51.9702415466,10.2412185669,16.7005138397,16.913356781,13.4465389252,-8.14021205902,24.5763454437,83.5770568848,34.0454673767,-0.341784238815],[13.2354736328,-31.6043262482,-7.31206798553,-22.6005649567,5.69275093079,-11.1661911011,13.7635498047,-4.53010702133,-13.2727298737,6.79046964645,34.0454673767,79.6354980469,25.8311672211],[-27.5582714081,-40.5590591431,15.111084938,20.7654361725,7.67537927628,-12.2733545303,-4.07959222794,-0.254762649536,-4.90478086472,1.03713703156,-0.341784238815,25.8311672211,63.6319007874]],"icov":[[0.000116014125524,-0.000038820959162,0.0000627902991255,-0.000228413657169,0.000224485440413,-0.0000825398528832,0.000281966727925,0.0000808160111774,0.000492786231916,-0.000110765147838,0.000114622082037,-0.000179275943083,0.000173713226104],[-0.000038820959162,0.0015517474385,0.000286578928353,-0.000332442839863,0.000412908935687,-0.0000589030387346,-0.000732872402295,0.000310156261548,-0.000173730295501,0.000116300041554,-0.0000547135205125,0.000410609063692,0.000723528035451],[0.0000627902991255,0.000286578928353,0.00348841468804,-0.000192043808056,-0.00137028936297,-0.00155134196393,0.000613890006207,0.000262185028987,-0.00096750544617,0.00214340863749,-0.00193664326798,0.00102705508471,-0.00118625897449],[-0.000228413657169,-0.000332442839863,-0.000192043808056,0.00568191800267,-0.00209216750227,-0.0000509476485604,0.000303314503981,-0.000504467752762,-0.00144617189653,-0.00101131689735,0.00318718072958,0.000775359629188,-0.00225210003555],[0.000224485440413,0.000412908935687,-0.00137028936297,-0.00209216750227,0.00866630952805,0.000312212156132,-0.000676643743645,-0.000702532182913,0.000541235378478,-0.00170122971758,-0.000178601956577,-0.00105001812335,0.000831994984765],[-0.0000825398528832,-0.0000589030387346,-0.00155134196393,-0.0000509476485604,0.000312212156132,0.0120601784438,-0.00396038778126,-0.000668974185828,-0.00198300927877,0.000253054167842,-0.00248958123848,0.00248280563392,0.00116543215699],[0.000281966727925,-0.000732872402295,0.000613890006207,0.000303314503981,-0.000676643743645,-0.00396038778126,0.0141755426303,-0.00515931332484,0.00121833349112,-0.00109371298458,0.00125049648341,-0.00414347136393,0.00141660508234],[0.0000808160111774,0.000310156261548,0.000262185028987,-0.000504467752762,-0.000702532182913,-0.000668974185828,-0.00515931332484,0.0172642823309,-0.00511351041496,0.00207321718335,-0.00402784207836,0.00305194174871,-0.00165939249564],[0.000492786231916,-0.000173730295501,-0.00096750544617,-0.00144617189653,0.000541235378478,-0.00198300927877,0.00121833349112,-0.00511351041496,0.0160578638315,-0.00487634539604,0.00464749103412,-0.00107421574648,0.00219251797535],[-0.000110765147838,0.000116300041554,0.00214340863749,-0.00101131689735,-0.00170122971758,0.000253054167842,-0.00109371298458,0.00207321718335,-0.00487634539604,0.0180204380304,-0.00809253938496,0.00203530606814,-0.0014999062987],[0.000114622082037,-0.0000547135205125,-0.00193664326798,0.00318718072958,-0.000178601956577,-0.00248958123848,0.00125049648341,-0.00402784207836,0.00464749103412,-0.00809253938496,0.0223506931216,-0.00929698720574,0.00342424283735],[-0.000179275943083,0.000410609063692,0.00102705508471,0.000775359629188,-0.00105001812335,0.00248280563392,-0.00414347136393,0.00305194174871,-0.00107421574648,0.00203530606814,-0.00929698720574,0.0207760538906,-0.00856062304229],[0.000173713226104,0.000723528035451,-0.00118625897449,-0.00225210003555,0.000831994984765,0.00116543215699,0.00141660508234,-0.00165939249564,0.00219251797535,-0.0014999062987,0.00342424283735,-0.00856062304229,0.021164059639]],"mean":[-674.818115234,105.828834534,-6.33922815323,30.4849777222,-7.64879608154,-1.48115539551,-4.98833417892,-7.36835479736,-8.62147045135,3.90213394165,-3.6411550045,0.260288089514,-2.85864520073]},"pitch_salience":{"dmean":0.0795869082212,"dmean2":0.131451010704,"dvar":0.00551475817338,"dvar2":0.0141380690038,"max":0.920257329941,"mean":0.594680011272,"median":0.615304350853,"min":0.00181548122782,"var":0.0170332621783},"silence_rate_20dB":{"dmean":0,"dmean2":0,"dvar":0,"dvar2":0,"max":1,"mean":1,"median":1,"min":1,"var":0},"silence_rate_30dB":{"dmean":0.000641333987005,"dmean2":0.00128287367988,"dvar":0.000640957208816,"dvar2":0.00192280253395,"max":1,"mean":0.999679386616,"median":1,"min":0,"var":0.000320524413837},"silence_rate_60dB":{"dmean":0.0602853931487,"dmean2":0.120590120554,"dvar":0.0566484928131,"dvar2":0.124008588493,"max":1,"mean":0.183231800795,"median":0,"min":0,"var":0.149655386806},"spectral_centroid":{"dmean":315.976898193,"dmean2":492.49697876,"dvar":101592.34375,"dvar2":212595.8125,"max":10950.734375,"mean":1641.85266113,"median":1614.8215332,"min":236.863861084,"var":453661.78125},"spectral_complexity":{"dmean":4.35786437988,"dmean2":6.15202045441,"dvar":26.227060318,"dvar2":46.0498962402,"max":57,"mean":17.7518444061,"median":17,"min":0,"var":134.030944824},"spectral_contrast_coeffs":{"dmean":[0.0560417473316,0.0459065884352,0.0369510538876,0.0292660668492,0.0210565049201,0.0190564654768],"dmean2":[0.0906866416335,0.0757321864367,0.060983017087,0.0476443842053,0.0341756679118,0.0299985278398],"dvar":[0.00229109078646,0.00143760384526,0.000909832539037,0.000614148913883,0.000336568511557,0.000377287331503],"dvar2":[0.00563896913081,0.00389370531775,0.00238134991378,0.00154783180915,0.000826126488391,0.000858844374306],"max":[-0.324265033007,-0.48706394434,-0.515639960766,-0.549553632736,-0.620700359344,-0.62815618515],"mean":[-0.602055966854,-0.762907147408,-0.803193986416,-0.796017825603,-0.800899207592,-0.753953814507],"median":[-0.605358719826,-0.768229365349,-0.809861421585,-0.801671802998,-0.799977183342,-0.748405456543],"min":[-0.973185837269,-0.949565172195,-0.971635460854,-0.962463200092,-0.960025846958,-0.957356631756],"var":[0.00853955652565,0.00525431428105,0.00350016937591,0.00364371319301,0.00225293100812,0.0022855293937]},"spectral_contrast_valleys":{"dmean":[0.479191124439,0.400462955236,0.361419796944,0.314035147429,0.279603153467,0.262322664261],"dmean2":[0.753446161747,0.632171869278,0.557687580585,0.468328714371,0.38870844245,0.35377061367],"dvar":[0.206737324595,0.163312986493,0.140097096562,0.129780501127,0.127865642309,0.12573556602],"dvar2":[0.405635625124,0.327046871185,0.266638666391,0.233426854014,0.217327028513,0.219574555755],"max":[-5.1463727951,-4.71073675156,-5.57041215897,-5.98247671127,-5.65517950058,-8.16149997711],"mean":[-8.18755912781,-6.86674499512,-7.74118518829,-7.97027301788,-7.58116769791,-10.4697914124],"median":[-7.94692564011,-6.5778222084,-7.47733783722,-7.66134643555,-7.20854330063,-10.1561040878],"min":[-26.8831424713,-27.703792572,-27.4799022675,-27.1804141998,-27.2107982635,-27.3109283447],"var":[2.05930972099,2.24693632126,2.03134727478,2.04999542236,2.15981340408,1.69130337238]},"spectral_decrease":{"dmean":1.91207338851e-9,"dmean2":2.88540347171e-9,"dvar":9.94687912599e-18,"dvar2":2.28522557396e-17,"max":-4.34258142193e-29,"mean":-3.97512822659e-9,"median":-2.6235964512e-9,"min":-3.2195377031e-8,"var":1.90277332379e-17},"spectral_energy":{"dmean":0.00766743673012,"dmean2":0.0114781791344,"dvar":0.000156578520546,"dvar2":0.000358244287781,"max":0.13567905128,"mean":0.0163845457137,"median":0.010864181444,"min":1.06355724689e-20,"var":0.000313763564918},"spectral_energyband_high":{"dmean":0.000336802884704,"dmean2":0.00049437629059,"dvar":3.43577852391e-7,"dvar2":7.55468533953e-7,"max":0.00938790198416,"mean":0.000721828779206,"median":0.000393376627471,"min":8.26643268272e-21,"var":8.00419627467e-7},"spectral_energyband_low":{"dmean":0.00215082312934,"dmean2":0.00334960548207,"dvar":0.0000275493875961,"dvar2":0.0000610289971519,"max":0.0738038867712,"mean":0.00299281277694,"median":0.000980373006314,"min":3.48526731199e-23,"var":0.0000399073542212},"spectral_energyband_middle_high":{"dmean":0.00164355954621,"dmean2":0.00238291197456,"dvar":0.00001384654297,"dvar2":0.000032284140616,"max":0.10648047179,"mean":0.00392595352605,"median":0.00193479075097,"min":1.47311688541e-21,"var":0.0000401721081289},"spectral_energyband_middle_low":{"dmean":0.00564577383921,"dmean2":0.00889543350786,"dvar":0.0000947268126765,"dvar2":0.000234398627072,"max":0.0929798930883,"mean":0.00979405548424,"median":0.00610805861652,"min":2.08581841047e-22,"var":0.000133834648295},"spectral_entropy":{"dmean":0.121070697904,"dmean2":0.188232406974,"dvar":0.0141282221302,"dvar2":0.0332634411752,"max":9.79123020172,"mean":7.73441457748,"median":7.72600984573,"min":6.64215087891,"var":0.0630606338382},"spectral_flux":{"dmean":0.0230833105743,"dmean2":0.0352984592319,"dvar":0.000976960174739,"dvar2":0.00216200738214,"max":0.303188920021,"mean":0.0676396265626,"median":0.0569424256682,"min":1.0312891513e-10,"var":0.00230070156977},"spectral_kurtosis":{"dmean":1.09305655956,"dmean2":1.88138663769,"dvar":1.20233488083,"dvar2":3.46392774582,"max":16.8576984406,"mean":2.83642864227,"median":2.58938717842,"min":-1.2002068758,"var":2.58208918571},"spectral_rms":{"dmean":0.000822052184958,"dmean2":0.00116528116632,"dvar":0.00000115753869068,"dvar2":0.00000240358872361,"max":0.0115052079782,"mean":0.00344466790557,"median":0.00325564155355,"min":3.22120607098e-12,"var":0.00000411919336329},"spectral_rolloff":{"dmean":604.49230957,"dmean2":985.852050781,"dvar":648563.5625,"dvar2":1303329.25,"max":18389.3554688,"mean":1828.66833496,"median":1507.32421875,"min":21.533203125,"var":1794326.25},"spectral_skewness":{"dmean":0.176760792732,"dmean2":0.290067255497,"dvar":0.031478445977,"dvar2":0.0794738531113,"max":3.27299571037,"mean":1.12336492538,"median":1.08564853668,"min":-0.0205247271806,"var":0.122965224087},"spectral_spread":{"dmean":349107.65625,"dmean2":522587.34375,"dvar":326786580480,"dvar2":496131309568,"max":40324892,"mean":4394187,"median":4097278.25,"min":2479140.75,"var":1973790703620},"spectral_strongpeak":{"dmean":0.471985161304,"dmean2":0.774745106697,"dvar":0.759595870972,"dvar2":1.96219611168,"max":16.9379749298,"mean":0.790288984776,"median":0.41849347949,"min":0,"var":1.36619496346},"zerocrossingrate":{"dmean":0.00967058353126,"dmean2":0.0115166567266,"dvar":0.000127477731439,"dvar2":0.00012666216935,"max":0.59912109375,"mean":0.0673133060336,"median":0.0654296875,"min":0,"var":0.000897469581105}},"metadata":{"audio_properties":{"analysis_sample_rate":44100,"bit_rate":320053,"codec":"mp3","downmix":"mix","equal_loudness":0,"length":144.815979004,"lossless":false,"md5_encoded":"966a20b7cde15ccc6e7c6cd9185f15f5","replay_gain":-5.65222549438,"sample_rate":48000},"tags":{"album":["Little Deuce Coupe"],"artist":["The Beach Boys"],"asin":["B00005HYGB"],"bpm":["126"],"composer":["Brian Wilson/Mike Love"],"date":["1963"],"discnumber":["1/1"],"encoding":["LAME 32bits version 3.99.5 (http://lame.sf.net)"],"file_name":"09 Our Car Club.mp3","genre":["Rock"],"initialkey":["F"],"isrc":["USCA20001600"],"language":["eng"],"length":["144776"],"musicbrainz_albumid":["b746f339-068e-4727-9d85-a02acc2bb6f6"],"musicbrainz_recordingid":["c06c2378-d41e-4e29-8648-6118f3b78ee8"],"musicbrainz_releasegroupid":["86a79fe7-50a3-3f80-8628-c9a5e6bab12f"],"title":["Our Car Club"],"tracknumber":["9/12"]},"version":{"essentia":"2.1-beta2","essentia_build_sha":"cead25079874084f62182a551b7393616cd33d87","essentia_git_sha":"v2.1_beta2-1-ge3940c0","extractor":"music 1.0"}},"rhythm":{"beats_count":306,"beats_loudness":{"dmean":0.0171679984778,"dmean2":0.0277173705399,"dvar":0.000218856381252,"dvar2":0.000575513578951,"max":0.095736823976,"mean":0.0314297638834,"median":0.0298707671463,"min":8.05695094641e-7,"var":0.000368662760593},"beats_loudness_band_ratio":{"dmean":[0.212287709117,0.157885730267,0.113150022924,0.0751228556037,0.0546646229923,0.0499907173216],"dmean2":[0.375007599592,0.27969366312,0.203139930964,0.123443201184,0.0965903401375,0.0850116983056],"dvar":[0.0264221057296,0.0142220892012,0.010439821519,0.00856790784746,0.004335032776,0.00182950810995],"dvar2":[0.0715343132615,0.0407399088144,0.0295019652694,0.0216633193195,0.0120177771896,0.00567297637463],"max":[0.999599337578,0.655403733253,0.593920528889,0.612104475498,0.403597563505,0.348433196545],"mean":[0.394001