{"lowlevel":{"average_loudness":0.891358017921,"barkbands":{"dmean":[0.00123890594114,0.00643797917292,0.00368643482216,0.00232739327475,0.00373943638988,0.00222086464055,0.00139507639688,0.000823039794341,0.000806552998256,0.00068734731758,0.000282060995232,0.000287014438072,0.000263069174252,0.000195016065845,0.000122261670185,0.0000708374500391,0.0000651482114336,0.0000555594306206,0.0000693071633577,0.0000681164165144,0.0000751646948629,0.0000730102401576,0.0000268344847427,0.0000109930351755,0.0000018287370267,0.0000182184194273,0.0000966957377386],"dmean2":[0.00208570249379,0.0106961065903,0.00614817114547,0.00382981239818,0.00593123305589,0.00346334394999,0.00223628664389,0.0013365179766,0.00128052709624,0.00110330921598,0.00046346365707,0.000460621842649,0.00042027499876,0.000309734168695,0.000197585948627,0.00011512668425,0.000104194768937,0.0000850435608299,0.000101112636912,0.0000964872233453,0.00010063895752,0.0000966677253018,0.0000365585547115,0.0000156430014613,0.00000307825735035,0.0000247172119998,0.000131507156766],"dvar":[0.0000065355757215,0.000148249440826,0.0000279282667179,0.0000140079646371,0.0000439464165538,0.0000327305860992,0.00000905729848455,0.00000492774643135,0.00000353873792847,0.0000019067319954,4.96769700931e-7,2.26462503861e-7,2.0990938765e-7,1.56448891175e-7,4.84473829943e-8,1.52375605467e-8,1.00509343071e-8,1.23246213235e-8,5.3050918325e-8,6.27517948715e-8,9.28827716962e-8,1.27461618149e-7,1.06891580032e-8,7.29084737028e-10,1.05965999864e-11,1.8351030695e-9,2.86533534677e-8],"dvar2":[0.0000167001671798,0.000381739111617,0.0000741589756217,0.0000353214491042,0.000103428792499,0.0000690726010362,0.0000219327521336,0.0000124331127154,0.00000856705719343,0.00000486064618599,0.00000129932482196,5.66767937471e-7,5.10872098403e-7,3.67496284071e-7,1.24986939909e-7,3.98106969612e-8,2.49842759814e-8,2.66585420405e-8,9.13697491001e-8,1.14554154607e-7,1.52211683258e-7,2.02121682946e-7,1.71986176412e-8,1.34904554194e-9,2.65574316011e-11,3.01370728373e-9,4.76140726846e-8],"max":[0.0306451432407,0.127225965261,0.074503749609,0.0987182408571,0.145381063223,0.179353922606,0.0694898888469,0.0776039659977,0.0461617149413,0.0365781076252,0.0211330894381,0.0120648052543,0.0100447945297,0.0100992349908,0.00409883726388,0.00362115399912,0.0030602957122,0.00331656681374,0.00989451259375,0.0079025933519,0.00903906207532,0.0157583598047,0.00480130361393,0.000717648421414,0.0000414516071032,0.00115036393981,0.00423849094659],"mean":[0.00126896298025,0.00746448431164,0.00490169646218,0.00326272333041,0.00519742025062,0.00303826457821,0.00197641248815,0.00110580294859,0.00114097713958,0.00101942161564,0.000393236026866,0.000491388782393,0.000423568766564,0.000312161137117,0.000219325040234,0.000131384964334,0.00012526352657,0.000106724233774,0.000121941535326,0.000121755954751,0.000127799503389,0.00011496256775,0.0000462655480078,0.0000171287174453,0.00000177197568973,0.0000346248089045,0.000337635516189],"median":[0.000326751905959,0.00314669590443,0.00280214217491,0.00161480531096,0.00245221727528,0.000819191336632,0.000574514560867,0.000326013832819,0.000347484747181,0.000327639107127,0.000159131610417,0.000265153532382,0.000211068210774,0.000137511698995,0.0000876370831975,0.000067923028837,0.0000669543151162,0.0000538543172297,0.0000458890499431,0.0000266352471954,0.0000319044665957,0.0000257822684944,0.0000150872601807,0.00000474630905956,6.4842043912e-7,0.0000121553257486,0.000125924052554],"min":[4.50581066973e-23,1.70467792908e-23,2.27608459262e-23,3.92181031516e-23,3.62153451367e-23,8.43271418644e-23,3.16959073681e-23,3.97919994602e-23,8.00373351945e-23,2.50553172888e-23,5.57563984802e-23,8.89917395059e-23,6.15098324301e-23,3.44874999405e-23,1.31597549017e-22,1.40780975426e-22,1.83564550009e-22,2.50642112221e-22,1.76298585714e-22,3.37389902173e-22,3.53702485463e-22,4.49377782725e-22,6.71802984077e-22,8.75533115987e-22,1.23828140003e-21,1.69253320719e-21,2.4506089986e-21],"var":[0.00000664999197397,0.000148874736624,0.0000385079656553,0.0000240930712607,0.0000677052958054,0.0000618332778686,0.0000170642560988,0.00000736212223273,0.00000548174602955,0.00000334659011969,6.27727956726e-7,4.53714932291e-7,3.96038899453e-7,2.88261219339e-7,1.20787106539e-7,3.12894030685e-8,2.54895500262e-8,2.64580535259e-8,1.26703781689e-7,1.48875656691e-7,2.1815012019e-7,2.89469170411e-7,2.39745467923e-8,1.45034140253e-9,1.06718765769e-11,4.6715147306e-9,2.312342815e-7]},"barkbands_crest":{"dmean":3.13432979584,"dmean2":5.18518829346,"dvar":7.51979207993,"dvar2":19.5899982452,"max":24.6819953918,"mean":10.6165132523,"median":9.73282241821,"min":3.08252167702,"var":18.5040378571},"barkbands_flatness_db":{"dmean":0.0291271694005,"dmean2":0.045587040484,"dvar":0.000720351119526,"dvar2":0.00176553789061,"max":0.528890192509,"mean":0.15489692986,"median":0.145061045885,"min":0.0374192036688,"var":0.00367642729543},"barkbands_kurtosis":{"dmean":8.7722196579,"dmean2":14.2419176102,"dvar":344.503417969,"dvar2":909.878417969,"max":431.750091553,"mean":15.6004428864,"median":7.80543708801,"min":-1.84666728973,"var":974.38067627},"barkbands_skewness":{"dmean":0.846762776375,"dmean2":1.3235462904,"dvar":0.878738284111,"dvar2":2.1236345768,"max":17.3882541656,"mean":2.67228293419,"median":2.36495566368,"min":-2.09159064293,"var":3.17235064507},"barkbands_spread":{"dmean":5.99318218231,"dmean2":8.97697925568,"dvar":65.13646698,"dvar2":124.737251282,"max":127.128738403,"mean":18.1405067444,"median":13.5982990265,"min":0.242313474417,"var":255.126861572},"dissonance":{"dmean":0.0237748567015,"dmean2":0.0398625694215,"dvar":0.000533572747372,"dvar2":0.00146560196299,"max":0.500000059605,"mean":0.459919929504,"median":0.468365907669,"min":0.193182617426,"var":0.00107364216819},"dynamic_complexity":3.32949709892,"erbbands":{"dmean":[0.230974718928,1.35253882408,3.63025403023,6.52655601501,8.51503753662,12.4860954285,22.2949180603,17.215637207,17.132982254,21.901922226,16.5588779449,17.5366630554,22.1214485168,17.2480449677,9.9768037796,11.545463562,11.4395141602,10.8840713501,6.35546970367,5.81999015808,3.30677080154,3.42144393921,2.98008108139,3.21437954903,3.39253354073,3.22335338593,2.75548672676,3.35437011719,2.79809975624,1.488971591,0.702736973763,0.348050802946,0.118868462741,0.0235534664243,0.013064859435,0.0190539713949,0.042460989207,0.0348777584732,0.012214846909,0.00197530188598],"dmean2":[0.374195545912,2.32488536835,6.10054111481,10.6399812698,14.1840467453,19.8801422119,35.173576355,26.9595546722,27.3997077942,34.8539962769,26.8102741241,27.8369655609,35.3516616821,27.8232345581,16.1418819427,18.4392223358,18.1017208099,17.0806598663,9.95280456543,9.48503494263,5.27274703979,5.41710710526,4.55662965775,4.78867912292,4.8472495079,4.47564268112,3.83922767639,4.4922580719,3.72572946548,1.94825804234,0.965322375298,0.489636570215,0.172164008021,0.0384513251483,0.0218425132334,0.0281725917011,0.0578999519348,0.0450223907828,0.0161929484457,0.00284535554238],"dvar":[0.22423517704,5.9662528038,25.2245254517,92.8695602417,177.840316772,639.895507812,2668.47875977,2325.12695312,1496.05932617,2702.82861328,2201.41503906,1800.48010254,2680.79516602,1163.11425781,478.708435059,361.645935059,414.922607422,448.462402344,148.151809692,118.41015625,26.5368824005,29.0851325989,32.6645584106,89.6410827637,152.519317627,135.810455322,121.236915588,225.258026123,206.235031128,42.2369728088,6.89259052277,1.00645446777,0.0703598484397,0.00161738961469,0.000522277143318,0.00149009632878,0.0096422797069,0.0116606485099,0.000803101807833,0.00000765317508922],"dvar2":[0.544749736786,16.2493724823,67.5945968628,232.622680664,442.276306152,1507.84387207,5902.11767578,4949.72900391,3558.30517578,6590.33886719,5702.19140625,4309.22119141,6800.88427734,2915.47900391,1222.52172852,888.171020508,973.040466309,1049.10717773,352.414733887,322.117767334,65.7133636475,70.7142944336,71.271270752,171.152542114,260.295043945,239.402206421,215.885971069,395.4921875,351.593139648,57.874835968,11.3164663315,1.79563570023,0.132745504379,0.00384297478013,0.00130729004741,0.00292210630141,0.0159131195396,0.016237527132,0.00128051242791,0.0000160445943038],"max":[4.46800374985,29.4088630676,76.2084350586,175.744537354,294.184356689,501.578674316,1433.90197754,1886.53186035,1015.56781006,1989.63293457,1722.69799805,1061.53527832,1450.50244141,697.881347656,801.800476074,377.470184326,557.597839355,392.256134033,338.762573242,240.655319214,109.196044922,187.227249146,221.514312744,454.372650146,408.62387085,332.117462158,467.283630371,475.796173096,560.664916992,346.377471924,98.7575073242,31.2627029419,9.28617668152,0.876315891743,0.289692133665,1.33174943924,2.40000653267,4.99895572662,0.766003549099,0.0848765969276],"mean":[0.255999267101,1.52500915527,4.97679615021,9.93586921692,11.9879808426,16.6842880249,27.3345813751,23.5469398499,24.4117851257,31.1465167999,23.2482967377,25.1486530304,31.866147995,27.1257152557,16.7003135681,20.705286026,19.7853050232,18.3239765167,11.6829891205,10.9983253479,6.86223697662,6.88436317444,6.00026321411,5.96080112457,5.99631881714,5.82327747345,4.87732505798,5.39528894424,4.31567335129,2.48633337021,1.21095240116,0.570153295994,0.174069106579,0.026213016361,0.0134504539892,0.0280509404838,0.0800392627716,0.0728597268462,0.035205360502,0.00857033766806],"median":[0.0702438801527,0.760234415531,3.00883865356,5.4113483429,6.94535589218,6.70081377029,7.91966533661,6.42515659332,7.28685617447,8.98868274689,7.6835975647,8.1331653595,9.990193367,9.82756996155,8.79630184174,11.3882303238,10.6113862991,8.63282680511,5.35102796555,4.49322223663,3.94503545761,3.74903154373,3.08383107185,2.64584875107,1.99520289898,1.30722224712,1.18135845661,1.28979480267,0.931505084038,0.691225171089,0.399435132742,0.170514911413,0.0486765690148,0.0112923234701,0.0056650005281,0.0100187873468,0.0267565250397,0.0269411616027,0.00996589008719,0.00455127330497],"min":[1.09702395262e-21,1.98942309146e-21,1.72965760219e-20,1.08388836084e-19,1.04333512045e-19,1.41954907688e-19,3.76326621012e-19,7.13460390626e-19,3.09709863025e-19,6.98547978543e-19,1.18340966566e-18,1.85805300338e-18,1.10182453165e-18,1.3422954483e-18,2.73012491457e-18,3.22753136437e-18,3.14548166505e-18,1.3015623866e-18,4.19158017621e-18,7.66342553835e-18,8.81910769628e-18,1.20210824884e-17,1.46016585249e-17,1.02573894931e-17,1.00569131726e-17,1.52232831009e-17,1.43906331702e-17,1.47205673924e-17,1.52795049128e-17,1.7349658399e-17,1.95114850037e-17,1.70059450021e-17,1.57017822699e-17,1.22907210343e-17,1.03083372013e-17,6.50046088229e-18,2.83747393293e-18,1.18693759097e-18,3.24280675364e-19,3.99670924519e-20],"var":[0.244929254055,5.3447508812,34.2938766479,178.338668823,282.757873535,984.021728516,3986.88183594,4425.34765625,2801.94775391,4444.22119141,3075.09765625,2788.19287109,3940.8125,2294.49975586,731.718505859,795.901489258,820.20300293,887.020263672,357.122802734,266.625244141,70.6844329834,75.9252319336,73.6862411499,189.694580078,379.700561523,334.334106445,278.177490234,478.714050293,430.650390625,111.984779358,15.1763410568,1.99432349205,0.143399223685,0.00207026279531,0.000539101893082,0.00299290358089,0.0240603499115,0.0332032255828,0.00361770275049,0.0000984476064332]},"erbbands_crest":{"dmean":2.9124455452,"dmean2":4.76594352722,"dvar":7.13795232773,"dvar2":18.110414505,"max":32.6010284424,"mean":8.91459465027,"median":7.8717508316,"min":2.19527840614,"var":17.9597625732},"erbbands_flatness_db":{"dmean":0.022729722783,"dmean2":0.0343400835991,"dvar":0.00043303318671,"dvar2":0.00104495848063,"max":0.451380550861,"mean":0.140301615,"median":0.136260330677,"min":0.0314031355083,"var":0.00192023720592},"erbbands_kurtosis":{"dmean":1.39727079868,"dmean2":2.17763805389,"dvar":6.7227845192,"dvar2":15.8691291809,"max":100.728591919,"mean":1.23055016994,"median":0.236995220184,"min":-1.81049931049,"var":13.863067627},"erbbands_skewness":{"dmean":0.435519516468,"dmean2":0.650665402412,"dvar":0.188332274556,"dvar2":0.392960608006,"max":7.79525661469,"mean":0.51146543026,"median":0.478328704834,"min":-3.99110913277,"var":0.876343131065},"erbbands_spread":{"dmean":8.49634552002,"dmean2":12.756483078,"dvar":78.5806732178,"dvar2":172.312561035,"max":154.758392334,"mean":33.9583625793,"median":30.9940738678,"min":1.84524595737,"var":276.426940918},"gfcc":{"cov":[[16863.4042969,461.365509033,-1359.84887695,-252.293014526,-229.048568726,-652.870117188,182.917434692,-364.73626709,187.902038574,-41.5413818359,-139.969223022,147.452529907,-191.387191772],[461.365509033,1209.58032227,-33.7474479675,-391.388305664,93.6975479126,-47.7580871582,-98.3912658691,-27.9511451721,-15.9759683609,-51.1734466553,54.804889679,-80.5030670166,96.7289657593],[-1359.84887695,-33.7474479675,501.882629395,160.739730835,-25.2969017029,190.330871582,-55.4924201965,103.077827454,-51.2983436584,20.5175418854,23.7125320435,-7.66113042831,2.97710394859],[-252.293014526,-391.388305664,160.739730835,366.968139648,54.8438415527,20.2661800385,101.264312744,19.27161026,5.88420057297,9.20954418182,-7.54778003693,38.5122795105,-41.3726387024],[-229.048568726,93.6975479126,-25.2969017029,54.8438415527,237.238433838,33.8989982605,94.4600524902,-20.2240619659,19.3781642914,-13.970205307,23.8207263947,-20.1195163727,36.4813461304],[-652.870117188,-47.7580871582,190.330871582,20.2661800385,33.8989982605,281.777435303,-9.27017688751,76.3978881836,-52.3721580505,17.4338035583,8.65392494202,5.69733428955,15.4945840836],[182.917434692,-98.3912658691,-55.4924201965,101.264312744,94.4600524902,-9.27017688751,232.109970093,-6.30267190933,58.8302192688,-12.2335786819,2.07097649574,21.8923149109,-13.4131536484],[-364.73626709,-27.9511451721,103.077827454,19.27161026,-20.2240619659,76.3978881836,-6.30267190933,157.486450195,16.7167377472,34.6981544495,23.194355011,-0.193792581558,22.559217453],[187.902038574,-15.9759683609,-51.2983436584,5.88420057297,19.3781642914,-52.3721580505,58.8302192688,16.7167377472,129.369430542,44.942276001,11.8289165497,15.163022995,-22.656293869],[-41.5413818359,-51.1734466553,20.5175418854,9.20954418182,-13.970205307,17.4338035583,-12.2335786819,34.6981544495,44.942276001,83.7872314453,37.8866577148,1.59377729893,-3.32001066208],[-139.969223022,54.804889679,23.7125320435,-7.54778003693,23.8207263947,8.65392494202,2.07097649574,23.194355011,11.8289165497,37.8866577148,74.1687393188,22.4778003693,11.04139328],[147.452529907,-80.5030670166,-7.66113042831,38.5122795105,-20.1195163727,5.69733428955,21.8923149109,-0.193792581558,15.163022995,1.59377729893,22.4778003693,81.7397842407,11.4952373505],[-191.387191772,96.7289657593,2.97710394859,-41.3726387024,36.4813461304,15.4945840836,-13.4131536484,22.559217453,-22.656293869,-3.32001066208,11.04139328,11.4952373505,100.576293945]],"icov":[[0.0000938688463066,-0.000162765238201,0.000294710887829,-0.000164729048265,0.000111812471005,0.0000213055172935,-0.0000580708401685,-0.0000139950643643,0.000146812482853,-0.000322686944855,0.000362887978554,-0.000336094992235,0.000231227124459],[-0.000162765238201,0.00224324013107,-0.00152615807019,0.00259973853827,-0.00120634224731,0.000693108129781,0.000278558203718,0.000295789592201,-0.000946057087276,0.00250271125697,-0.00247839093208,0.00167895806953,-0.00110128370579],[0.000294710887829,-0.00152615807019,0.00671185646206,-0.00611599907279,0.00462428666651,-0.00483110966161,0.00174458324909,0.000244988070335,-0.00285839173011,0.00361608644016,-0.0045871748589,0.00448312424123,-0.00197462807409],[-0.000164729048265,0.00259973853827,-0.00611599907279,0.0116620743647,-0.00791378412396,0.00624886248261,-0.00290444819257,-0.00268050143495,0.00676097162068,-0.00707786064595,0.00804199371487,-0.00895378459245,0.00571612734348],[0.000111812471005,-0.00120634224731,0.00462428666651,-0.00791378412396,0.0142840566114,-0.00750667788088,-0.00067495071562,0.00527389300987,-0.00957271177322,0.0113562969491,-0.0135472463444,0.0135729257017,-0.00916252657771],[0.0000213055172935,0.000693108129781,-0.00483110966161,0.00624886248261,-0.00750667788088,0.0106622064486,-0.002057161415,-0.00477331830189,0.00968132447451,-0.0103040933609,0.0103265242651,-0.0100573031232,0.00582055933774],[-0.0000580708401685,0.000278558203718,0.00174458324909,-0.00290444819257,-0.00067495071562,-0.002057161415,0.00786344707012,0.000308444956318,-0.00548534281552,0.00584056507796,-0.00353952264413,0.00179257348645,-0.000942721555475],[-0.0000139950643643,0.000295789592201,0.000244988070335,-0.00268050143495,0.00527389300987,-0.00477331830189,0.000308444956318,0.011384896934,-0.00689048552886,0.0044022500515,-0.00772774079815,0.00741156376898,-0.00651668431237],[0.000146812482853,-0.000946057087276,-0.00285839173011,0.00676097162068,-0.00957271177322,0.00968132447451,-0.00548534281552,-0.00689048552886,0.0250414963812,-0.0228537600487,0.0179205518216,-0.0170030221343,0.0117123257369],[-0.000322686944855,0.00250271125697,0.00361608644016,-0.00707786064595,0.0113562969491,-0.0103040933609,0.00584056507796,0.0044022500515,-0.0228537600487,0.0416262075305,-0.0309430062771,0.0222627744079,-0.0117014488205],[0.000362887978554,-0.00247839093208,-0.0045871748589,0.00804199371487,-0.0135472463444,0.0103265242651,-0.00353952264413,-0.00772774079815,0.0179205518216,-0.0309430062771,0.0431568436325,-0.02677744627,0.0124404570088],[-0.000336094992235,0.00167895806953,0.00448312424123,-0.00895378459245,0.0135729257017,-0.0100573031232,0.00179257348645,0.00741156376898,-0.0170030221343,0.0222627744079,-0.02677744627,0.0349068194628,-0.0150125948712],[0.000231227124459,-0.00110128370579,-0.00197462807409,0.00571612734348,-0.00916252657771,0.00582055933774,-0.000942721555475,-0.00651668431237,0.0117123257369,-0.0117014488205,0.0124404570088,-0.0150125948712,0.0202166214585]],"mean":[-23.5217189789,101.052658081,-75.2382507324,3.3884203434,-22.7204380035,-12.012804985,-1.92207884789,-22.0994701385,-4.68189716339,-11.5482740402,-9.59341144562,-0.994234263897,-16.4602642059]},"hfc":{"dmean":18.9151687622,"dmean2":28.7505950928,"dvar":405.59085083,"dvar2":911.26171875,"max":322.34942627,"mean":72.1673965454,"median":67.8871307373,"min":1.18950147037e-16,"var":2189.09057617},"melbands":{"dmean":[0.0018867184408,0.0017911773175,0.00109657435678,0.000686098937877,0.000772546860389,0.000387035717722,0.000266601535259,0.000224989591516,0.00013265790767,0.000115504510177,0.000112524605356,0.0000749079263187,0.0000363478720828,0.0000322929699905,0.0000284421839751,0.0000260189099208,0.000020342076823,0.0000111963399831,0.0000090365010692,0.00000623909545538,0.00000405354739996,0.00000396999848817,0.00000323842959915,0.00000273761065728,0.00000277994763564,0.00000283510917143,0.00000234885487771,0.00000225013968702,0.00000185714725376,0.0000018248537117,0.0000021202993139,0.00000173078774424,0.00000130141825139,6.9586360496e-7,4.42581182369e-7,2.93740214374e-7,1.96679224018e-7,1.03979154176e-7,3.0324688538e-8,1.67509739413e-8],"dmean2":[0.00308669311926,0.00301825325005,0.00178649020381,0.00109907391015,0.00121406558901,0.000602759188041,0.000427426886745,0.000357714598067,0.000214852305362,0.000183103446034,0.000180441464181,0.000121076780488,0.0000592116703046,0.0000518040469615,0.0000453467728221,0.0000415090980823,0.0000321023362631,0.000017684609702,0.0000146790425788,0.0000102460899143,0.00000655800931781,0.00000640390908302,0.00000509265964865,0.00000423315941589,0.0000042506239879,0.00000416846432927,0.00000342723819813,0.00000325048540617,0.00000273685532193,0.00000251295091402,0.00000293754055747,0.00000238880238612,0.00000178210973445,9.44401563174e-7,6.29251132978e-7,4.19584722522e-7,2.86205846578e-7,1.52284570731e-7,4.8612154302e-8,2.82069834157e-8],"dvar":[0.0000140390329761,0.0000058957298279,0.00000243505360231,0.00000128350734485,0.00000282304313259,0.00000107501807634,3.41487492506e-7,2.7949130299e-7,1.33216090603e-7,7.31286462496e-8,6.70879813924e-8,2.22342038114e-8,7.67969332571e-9,3.14157455605e-9,2.06098094147e-9,2.07722705703e-9,1.64961011517e-9,5.05732344891e-10,2.642877861e-10,1.32305374989e-10,4.13839934543e-11,3.87305292004e-11,3.48512572967e-11,3.21329768349e-11,7.00535809917e-11,1.0643507603e-10,8.5842576103e-11,6.37961974914e-11,5.81687926993e-11,5.25619409109e-11,9.73459438058e-11,7.42521391595e-11,5.35872492213e-11,8.32538378515e-12,3.05980197776e-12,1.13028705319e-12,2.48415247791e-13,5.38146729869e-14,5.13650858907e-15,8.95510125133e-16],"dvar2":[0.0000351128328475,0.000015789479221,0.00000614703139945,0.00000308691437567,0.00000630221529718,0.00000228290173254,8.23993559607e-7,6.84785561589e-7,3.38576910508e-7,1.74345217374e-7,1.70807993527e-7,5.58796706684e-8,1.99436680504e-8,7.95564059075e-9,5.12797537766e-9,5.04212938068e-9,3.91812715606e-9,1.22320520379e-9,6.91376511597e-10,3.59304086484e-10,1.0288506852e-10,9.81006595402e-11,7.93423035605e-11,7.06460653865e-11,1.4153850314e-10,1.92763846552e-10,1.63265401198e-10,1.22837073846e-10,1.13980012928e-10,9.35691871207e-11,1.81003628752e-10,1.31905611434e-10,9.32425386901e-11,1.30986861982e-11,5.65320620177e-12,2.00793591823e-12,4.79920194297e-13,1.0550720318e-13,1.0696641225e-14,2.2426006195e-15],"max":[0.035115994513,0.0306811071932,0.0340956784785,0.0238546635956,0.0411991775036,0.0372059643269,0.0137942433357,0.0186934899539,0.0122067285702,0.00669284537435,0.00710739381611,0.00304797454737,0.00336508522741,0.00149931258056,0.000758701295126,0.0012086321367,0.000767609919421,0.000733818742447,0.000355500349542,0.000317082070978,0.000161217933055,0.000161910618772,0.000288011447992,0.000156054506078,0.000416511611547,0.000463931733975,0.000245118688326,0.000257491163211,0.000359110126738,0.000209227378946,0.000332228199113,0.000304319226416,0.000476780056488,0.000141814540257,0.000065157924837,0.0000421141958213,0.0000130741564135,0.00000766567154642,0.00000283313511318,3.84230588679e-7],"mean":[0.00218735984527,0.00246385647915,0.00175132183358,0.000994865084067,0.000957048032433,0.000535355706234,0.000383018516004,0.000320509978337,0.000179982176633,0.000162114884006,0.000158905852004,0.000113532958494,0.0000548527605133,0.0000545282164239,0.0000478170113638,0.0000426270962635,0.0000323635576933,0.0000186454708455,0.0000162820106198,0.0000113449723358,0.0000075654588727,0.00000738999915484,0.00000590051013205,0.00000505730986333,0.00000474957823826,0.00000468872258352,0.00000392676520278,0.00000387035970562,0.00000312921747536,0.00000289686317956,0.00000324111283589,0.00000257099418377,0.0000019318683826,0.00000113663293178,7.27428471237e-7,4.78218510125e-7,3.01951985193e-7,1.49968940377e-7,3.23071027708e-8,1.60839537244e-8],"median":[0.000801906629931,0.00155679904856,0.00106038327795,0.000526249757968,0.000295443198411,0.000145495141624,0.000114278605906,0.0000932033872232,0.0000578594081162,0.0000494982741657,0.0000477678077004,0.0000386703723052,0.000025200573873,0.0000288065511995,0.000026207011615,0.0000207119846891,0.0000144014138641,0.00000777865534474,0.0000063243733166,0.0000050886178542,0.00000423510391556,0.00000381764948543,0.00000308179937747,0.00000240147664954,0.00000205138849196,0.00000157960107572,0.00000107093546831,7.84937242315e-7,6.86516614223e-7,7.18198123195e-7,7.38544031265e-7,5.25897576154e-7,4.17317039592e-7,3.45382090927e-7,2.3299601537e-7,1.54345457304e-7,7.99232182658e-8,3.71926098808e-8,1.02987627315e-8,5.78021008835e-9],"min":[8.9834785689e-24,6.95431769481e-24,1.72217139297e-23,9.12750958183e-24,1.18141386888e-23,1.58155677885e-23,5.33326730472e-24,7.45995308037e-24,1.17104413451e-23,1.10612190753e-23,5.2327510426e-24,4.70748919215e-24,8.64494048914e-24,9.89289319765e-24,8.07787729376e-24,5.1092446127e-24,1.95935496702e-24,6.68881077994e-24,8.00393420567e-24,9.12451269925e-24,1.03934341195e-23,1.16454715498e-23,1.22978997503e-23,1.2936777687e-23,7.42342487615e-24,7.55129922889e-24,6.90108851637e-24,1.14883430792e-23,1.05990010162e-23,7.26055034277e-24,8.64836020117e-24,8.052677921e-24,9.67195061304e-24,9.32829282601e-24,1.03133095173e-23,1.2024523159e-23,1.01505217587e-23,1.00169226423e-23,1.11801130354e-23,1.02901398837e-23],"var":[0.0000147243472384,0.00000751706693336,0.00000463530432171,0.00000217763204091,0.0000041414050429,0.00000205746573556,6.50493063858e-7,4.67330806941e-7,1.83613479976e-7,1.17048578829e-7,9.89512471961e-8,4.30046611655e-8,1.03210151536e-8,6.05419225863e-9,4.03574462737e-9,4.03976097019e-9,3.05491987262e-9,1.04145414515e-9,6.55645593373e-10,2.644722219e-10,9.38693775487e-11,9.18245618431e-11,7.24814305797e-11,6.59284432603e-11,1.33151711879e-10,2.34777725039e-10,1.96147723064e-10,1.41696224198e-10,1.20677245974e-10,1.11054769547e-10,1.93076193922e-10,1.45302922472e-10,1.14865887635e-10,1.93215114047e-11,5.99228045656e-12,2.11236843989e-12,4.60359072911e-13,1.0471166306e-13,8.30085850859e-15,8.9889613934e-16]},"melbands_crest":{"dmean":4.07304382324,"dmean2":6.68744373322,"dvar":11.9486980438,"dvar2":30.3595924377,"max":37.0944061279,"mean":15.5082435608,"median":14.6689901352,"min":1.76425123215,"var":31.7480201721},"melbands_flatness_db":{"dmean":0.0363987311721,"dmean2":0.0565208941698,"dvar":0.00107316742651,"dvar2":0.00257726642303,"max":0.687347233295,"mean":0.269892454147,"median":0.26126357913,"min":0.00426168506965,"var":0.00589418411255},"melbands_kurtosis":{"dmean":13.2579364777,"dmean2":21.3844261169,"dvar":951.138671875,"dvar2":2694.02246094,"max":1436.67724609,"mean":23.2175388336,"median":11.1136665344,"min":-1.85098874569,"var":2854.09204102},"melbands_skewness":{"dmean":1.00811195374,"dmean2":1.56799554825,"dvar":1.09777319431,"dvar2":2.61474251747,"max":26.0355548859,"mean":3.17870807648,"median":2.75506877899,"min":-2.39354610443,"var":4.1451382637},"melbands_spread":{"dmean":5.3415055275,"dmean2":8.09835243225,"dvar":90.7892303467,"dvar2":181.607208252,"max":189.620513916,"mean":14.1350851059,"median":10.3407640457,"min":0.264255791903,"var":342.848022461},"mfcc":{"cov":[[10375.3222656,561.698730469,-1181.23498535,384.731689453,-773.356811523,128.84072876,-562.456115723,107.030891418,-179.637161255,190.777374268,-204.053497314,124.00201416,-153.528610229],[561.698730469,1394.37573242,-156.761688232,-273.603607178,66.8833694458,-104.224906921,-15.6720867157,-95.1233978271,4.46203374863,-98.3518829346,53.6391983032,-73.2648391724,19.7111930847],[-1181.23498535,-156.761688232,593.074157715,-51.9200325012,131.995254517,-11.8585538864,80.8661117554,23.4975738525,-8.31580448151,-0.794059336185,31.7081069946,16.8347797394,-16.5606460571],[384.731689453,-273.603607178,-51.9200325012,384.404968262,-63.0296478271,60.5903244019,-9.69301509857,59.3097229004,-0.637416481972,39.8640670776,-15.876329422,31.6304759979,13.5552911758],[-773.356811523,66.8833694458,131.995254517,-63.0296478271,229.721176147,5.72865152359,87.6484527588,-24.4027824402,32.3603858948,-29.1930007935,26.3297462463,-9.78112792969,23.586101532],[128.84072876,-104.224906921,-11.8585538864,60.5903244019,5.72865152359,189.494171143,50.712474823,58.022983551,-4.04321575165,29.1194915771,-27.9573383331,18.1602840424,-6.33718681335],[-562.456115723,-15.6720867157,80.8661117554,-9.69301509857,87.6484527588,50.712474823,188.406738281,39.5541763306,45.5662841797,-18.0976390839,14.0475301743,-13.6865358353,25.7374572754],[107.030891418,-95.1233978271,23.4975738525,59.3097229004,-24.4027824402,58.022983551,39.5541763306,132.525375366,19.8077659607,29.4929237366,-9.67147064209,19.8677196503,-6.23088169098],[-179.637161255,4.46203374863,-8.31580448151,-0.637416481972,32.3603858948,-4.04321575165,45.5662841797,19.8077659607,111.161621094,15.003247261,13.1687469482,-6.71629095078,27.9980983734],[190.777374268,-98.3518829346,-0.794059336185,39.8640670776,-29.1930007935,29.1194915771,-18.0976390839,29.4929237366,15.003247261,98.592010498,21.9864730835,37.1376075745,-6.56052541733],[-204.053497314,53.6391983032,31.7081069946,-15.876329422,26.3297462463,-27.9573383331,14.0475301743,-9.67147064209,13.1687469482,21.9864730835,98.7059173584,23.9688739777,21.4855594635],[124.00201416,-73.2648391724,16.8347797394,31.6304759979,-9.78112792969,18.1602840424,-13.6865358353,19.8677196503,-6.71629095078,37.1376075745,23.9688739777,87.3497085571,19.5752372742],[-153.528610229,19.7111930847,-16.5606460571,13.5552911758,23.586101532,-6.33718681335,25.7374572754,-6.23088169098,27.9980983734,-6.56052541733,21.4855594635,19.5752372742,75.8862991333]],"icov":[[0.000193118103198,-0.000149869199959,0.000237151878537,-0.00013054147712,0.000310913077556,-0.0000785992087913,0.000233386541368,-0.000104160055344,0.0000695524940966,-0.000211771941395,0.000294403813314,-0.000333332718583,0.000272460543783],[-0.000149869199959,0.00111071765423,0.000175116540049,0.000683578604367,-0.000462592113763,0.000132712506456,0.0000445794757979,0.0000291859105346,-0.00000896236724657,0.000851900898851,-0.000998387346044,0.000779117865022,-0.000374813971575],[0.000237151878537,0.000175116540049,0.00261848396622,0.000152276392328,-0.000977347022854,0.000614691060036,-0.000417286995798,-0.000785913376603,0.000844924594276,-0.000289518182399,-0.000114746755571,-0.000957168231253,0.00135326385498],[-0.00013054147712,0.000683578604367,0.000152276392328,0.00353610562161,0.000221739377594,-0.000494728039484,0.000161177769769,-0.000918847741559,0.000216917076614,-0.000158052309416,-0.000187946963706,0.000257111911196,-0.00138721859548],[0.000310913077556,-0.000462592113763,-0.000977347022854,0.000221739377594,0.00745522649959,-0.00113123853225,-0.00179475406185,0.00195352826267,-0.00146811455488,0.00106922967825,-0.000429361040005,-0.000784324191045,-0.000188247664482],[-0.0000785992087913,0.000132712506456,0.000614691060036,-0.000494728039484,-0.00113123853225,0.00790906045586,-0.00275106588379,-0.00189844565466,0.00184228364378,-0.00256632175297,0.00273608765565,-0.00110013631638,0.000425822130637],[0.000233386541368,0.0000445794757979,-0.000417286995798,0.000161177769769,-0.00179475406185,-0.00275106588379,0.00963333621621,-0.00283175474033,-0.00219091726467,0.00223453273065,-0.00161041156389,0.00199939543381,-0.0018891954096],[-0.000104160055344,0.0000291859105346,-0.000785913376603,-0.000918847741559,0.00195352826267,-0.00189844565466,-0.00283175474033,0.0113135576248,-0.00231430702843,-0.00109167548362,0.000981949036941,-0.00216449936852,0.00193775375374],[0.0000695524940966,-0.00000896236724657,0.000844924594276,0.000216917076614,-0.00146811455488,0.00184228364378,-0.00219091726467,-0.00231430702843,0.0128670670092,-0.00443076808006,0.000435039808508,0.00307129928842,-0.00459387945011],[-0.000211771941395,0.000851900898851,-0.000289518182399,-0.000158052309416,0.00106922967825,-0.00256632175297,0.00223453273065,-0.00109167548362,-0.00443076808006,0.0170943196863,-0.00516406400129,-0.00463908119127,0.00369252427481],[0.000294403813314,-0.000998387346044,-0.000114746755571,-0.000187946963706,-0.000429361040005,0.00273608765565,-0.00161041156389,0.000981949036941,0.000435039808508,-0.00516406400129,0.0149301392958,-0.00366948824376,-0.00203530769795],[-0.000333332718583,0.000779117865022,-0.000957168231253,0.000257111911196,-0.000784324191045,-0.00110013631638,0.00199939543381,-0.00216449936852,0.00307129928842,-0.00463908119127,-0.00366948824376,0.0184150692075,-0.00708102015778],[0.000272460543783,-0.000374813971575,0.00135326385498,-0.00138721859548,-0.000188247664482,0.000425822130637,-0.0018891954096,0.00193775375374,-0.00459387945011,0.00369252427481,-0.00203530769795,-0.00708102015778,0.0196801833808]],"mean":[-686.950195312,160.215515137,2.64279270172,31.4422893524,-4.72765111923,22.1795864105,-3.05857300758,11.2720193863,-6.7531504631,3.60048770905,-1.849593997,2.77891850471,-4.91372489929]},"pitch_salience":{"dmean":0.0861224383116,"dmean2":0.140374734998,"dvar":0.00527437077835,"dvar2":0.0135116297752,"max":0.864479899406,"mean":0.566751778126,"median":0.585717380047,"min":0.0907743498683,"var":0.0152868209407},"silence_rate_20dB":{"dmean":0,"dmean2":0,"dvar":0,"dvar2":0,"max":1,"mean":1,"median":1,"min":1,"var":0},"silence_rate_30dB":{"dmean":0.0176886785775,"dmean2":0.0353808365762,"dvar":0.0173782072961,"dvar2":0.0433668121696,"max":1,"mean":0.984180033207,"median":1,"min":0,"var":0.0155691057444},"silence_rate_60dB":{"dmean":0.0104166669771,"dmean2":0.0208353810012,"dvar":0.0103065231815,"dvar2":0.0233474560082,"max":1,"mean":0.0628869011998,"median":0,"min":0,"var":0.0589300580323},"spectral_centroid":{"dmean":203.753616333,"dmean2":294.502380371,"dvar":101298.320312,"dvar2":146319.984375,"max":11494.0097656,"mean":832.473632812,"median":652.836853027,"min":130.652633667,"var":456099.59375},"spectral_complexity":{"dmean":3.05169034004,"dmean2":4.57100725174,"dvar":9.3577747345,"dvar2":17.9060096741,"max":55,"mean":15.6531391144,"median":15,"min":0,"var":75.7353057861},"spectral_contrast_coeffs":{"dmean":[0.0587019883096,0.0516742132604,0.0393983945251,0.0297170616686,0.0225724279881,0.0407618917525],"dmean2":[0.0952064469457,0.085123129189,0.0651224181056,0.0486035980284,0.0365623757243,0.0630052611232],"dvar":[0.0021366039291,0.00171711086296,0.000992210349068,0.000551817298401,0.00038036503247,0.00134912878275],"dvar2":[0.00551198469475,0.00447997404262,0.00260349269956,0.00145339465234,0.000948811590206,0.0031026545912],"max":[-0.357620418072,-0.384786695242,-0.540953159332,-0.630262136459,-0.627978742123,-0.415806919336],"mean":[-0.644050896168,-0.767226815224,-0.799753844738,-0.815221190453,-0.828755557537,-0.72828233242],"median":[-0.644493699074,-0.774890601635,-0.804240524769,-0.814352989197,-0.825850903988,-0.725174605846],"min":[-0.984431385994,-0.970114648342,-0.976980626583,-0.985181152821,-0.97561109066,-0.959433794022],"var":[0.00717325555161,0.00534694362432,0.00330679793842,0.00191098079085,0.00170611555222,0.00659483997151]},"spectral_contrast_valleys":{"dmean":[0.431178212166,0.404120624065,0.346573442221,0.321094185114,0.314376711845,0.586316287518],"dmean2":[0.703757345676,0.640376985073,0.536388397217,0.488456636667,0.464793324471,0.930490851402],"dvar":[0.137111216784,0.13041998446,0.106188543141,0.112612709403,0.12831877172,0.270442277193],"dvar2":[0.315713554621,0.281928688288,0.214667350054,0.229223936796,0.275688439608,0.68237477541],"max":[-5.0026307106,-4.23972034454,-5.3169836998,-5.95527219772,-5.73368549347,-8.94444084167],"mean":[-6.90477371216,-6.64635324478,-7.22166156769,-7.80321359634,-8.04215908051,-11.2653160095],"median":[-6.67060613632,-6.42298841476,-6.95707416534,-7.53356790543,-7.77721309662,-11.0827560425],"min":[-27.4428844452,-27.1455936432,-27.149055481,-27.5889949799,-27.2063102722,-27.2281913757],"var":[1.59819090366,1.86521399021,1.78027546406,1.76404845715,1.68071937561,1.24441850185]},"spectral_decrease":{"dmean":3.76966902138e-9,"dmean2":5.85291903832e-9,"dvar":2.13454519552e-17,"dvar2":5.13548532033e-17,"max":1.07688613582e-9,"mean":-7.78069964014e-9,"median":-6.07514971662e-9,"min":-5.4299871266e-8,"var":4.62834088677e-17},"spectral_energy":{"dmean":0.0148857869208,"dmean2":0.0229222029448,"dvar":0.000323727901559,"dvar2":0.000775613880251,"max":0.218874022365,"mean":0.0359119102359,"median":0.0301243122667,"min":1.04144058604e-20,"var":0.000770431943238},"spectral_energyband_high":{"dmean":0.000281830696622,"dmean2":0.000351095601218,"dvar":8.16526153358e-7,"dvar2":0.00000109334064291,"max":0.0271425284445,"mean":0.000670192472171,"median":0.000232704318478,"min":7.75385050599e-21,"var":0.00000248051355811},"spectral_energyband_low":{"dmean":0.0100033413619,"dmean2":0.0162976533175,"dvar":0.000207614240935,"dvar2":0.000517367385328,"max":0.145505651832,"mean":0.0153518998995,"median":0.00972320418805,"min":8.79949979749e-23,"var":0.000284932786599},"spectral_energyband_middle_high":{"dmean":0.00122082454618,"dmean2":0.00181654270273,"dvar":0.00000301083309751,"dvar2":0.00000700866712577,"max":0.0467554219067,"mean":0.00322001008317,"median":0.00217254739255,"min":1.25787271644e-21,"var":0.0000113848345791},"spectral_energyband_middle_low":{"dmean":0.00768699077889,"dmean2":0.0116713484749,"dvar":0.000117579344078,"dvar2":0.000266533141257,"max":0.199631154537,"mean":0.0160528048873,"median":0.0107145570219,"min":3.26962019286e-22,"var":0.000298210186884},"spectral_entropy":{"dmean":0.221956983209,"dmean2":0.33904966712,"dvar":0.0509426482022,"dvar2":0.125678345561,"max":9.79497528076,"mean":7.33240032196,"median":7.39122390747,"min":3.8861887455,"var":0.235402584076},"spectral_flux":{"dmean":0.0291365049779,"dmean2":0.0470339246094,"dvar":0.00097204191843,"dvar2":0.00224683992565,"max":0.368246763945,"mean":0.105974413455,"median":0.103308431804,"min":1.02050999595e-10,"var":0.00290340767242},"spectral_kurtosis":{"dmean":3.79770040512,"dmean2":6.01260662079,"dvar":40.8419342041,"dvar2":114.901237488,"max":203.437942505,"mean":14.1927051544,"median":13.1447753906,"min":-1.1804612875,"var":65.263671875},"spectral_rms":{"dmean":0.00113611842971,"dmean2":0.00170638121199,"dvar":0.00000130529065245,"dvar2":0.00000301484760712,"max":0.0146128581837,"mean":0.00543303415179,"median":0.00542121520266,"min":3.18753769039e-12,"var":0.00000551820039618},"spectral_rolloff":{"dmean":3234.92431641,"dmean2":6104.79150391,"dvar":42631340,"dvar2":103963416,"max":22050,"mean":5742.15625,"median":1141.25976562,"min":64.599609375,"var":71063904},"spectral_skewness":{"dmean":0.352296113968,"dmean2":0.531196475029,"dvar":0.194498971105,"dvar2":0.502222418785,"max":12.5772247314,"mean":2.60461401939,"median":2.58435130119,"min":-0.035009007901,"var":0.591256141663},"spectral_spread":{"dmean":568984.1875,"dmean2":852909.1875,"dvar":405894758400,"dvar2":780731809792,"max":40490120,"mean":4196673,"median":4026222.5,"min":912923.375,"var":1531716042750},"spectral_strongpeak":{"dmean":1.10808300972,"dmean2":2.02761745453,"dvar":24.6391410828,"dvar2":68.3632125854,"max":70.6091690063,"mean":1.17563605309,"median":0.355101585388,"min":0,"var":20.1873073578},"zerocrossingrate":{"dmean":0.0336917899549,"dmean2":0.0420770309865,"dvar":0.00093379203463,"dvar2":0.00140151474625,"max":0.82177734375,"mean":0.202008336782,"median":0.18359375,"min":0.00634765625,"var":0.0110700922087}},"metadata":{"audio_properties":{"analysis_sample_rate":44100,"bit_rate":192000,"codec":"mp3","downmix":"mix","equal_loudness":0,"length":236.277557373,"lossless":false,"md5_encoded":"d0c4d71d43d604c4181519a54fbb6920","replay_gain":-8.96699333191},"tags":{"album":["Multi Kontra Culti vs. Irony"],"albumartist":["Gogol Bordello"],"albumartistsort":["Gogol Bordello"],"artist":["Gogol Bordello"],"artistsort":["Gogol Bordello"],"asin":["B00006GA43"],"barcode":["676180003928"],"catalognumber":["RUB39"],"date":["2002-09-17"],"discnumber":["1/1"],"file_name":"07 Punk Rock Parranda.mp3","label":["Rubric Records"],"language":["eng"],"media":["CD"],"musicbrainz album release country":["US"],"musicbrainz album status":["official"],"musicbrainz album type":["album"],"musicbrainz_albumartistid":["f47fc54d-b334-4321-8218-00c5b11d4dd1"],"musicbrainz_albumid":["eda58665-7a7e-32df-b709-f94dde25288b"],"musicbrainz_artistid":["f47fc54d-b334-4321-8218-00c5b11d4dd1"],"musicbrainz_recordingid":["c088478a-e957-4cf9-9fc1-784b3f60086d"],"originaldate":["2002-09-17"],"script":["Latn"],"title":["Punk Rock Parranda"],"tracknumber":["7/11"]},"version":{"essentia":"2.1-beta1","essentia_build_sha":"eef087cf131c10083d474ad51def18efd0e38295","essentia_git_sha":"v2.1_beta1-7-ge0e83e8-dirty","extractor":"music 1.0"}},"rhythm":{"beats_count":603,"beats_loudness":{"dmean":0.0197195746005,"dmean2":0.034426227212,"dvar":0.000392682733946,"dvar2":0.00110539095476,"max":0.14989349246,"mean":0.0442276336253,"median":0.0413902886212,"min":3.84657722341e-10,"var":0.000671167334076},"beats_loudness_band_ratio":{"dmean":[0.197750940919,0.154162690043,0.0917630121112,0.0443237610161,0.0148189105093,0.0713474452496],"dmean2":[0.3395011127,0.268426656723,0.162505984306,0.0766926705837,0.0260571818799,0.125282287598],"dvar":[0.0220330283046,0.0208428651094,0.0113232582808,0.00262021902017,0.000457872432889,0.00983316171914],"dvar2":[0.0655451565981,0.0582649894059,0.0315578691661,0.0073775909