{"lowlevel":{"average_loudness":0.764754772186,"barkbands":{"dmean":[0.00176115322392,0.00414231326431,0.00171961006708,0.00109711266123,0.00187627132982,0.000942506303545,0.00137969560456,0.0010871583363,0.00103073252831,0.000828305608593,0.000899210281204,0.00108051928692,0.000912318238989,0.000786180142313,0.00052966264775,0.000254124752246,0.000179449445568,0.000111721557914,0.0000638538622297,0.0000517280277563,0.0000357010831067,0.0000198257475859,0.0000121210478028,0.00000696821825841,0.00000459480452264,0.00000862084016262,0.000209451260162],"dmean2":[0.00299427844584,0.00714106205851,0.00299943378195,0.00187977624591,0.00317054917105,0.00157024874352,0.00222115707584,0.0017033877084,0.00163183745462,0.00137057970278,0.00145633693319,0.00178153614979,0.00151168147568,0.00128762749955,0.000862040033098,0.000426109589171,0.000296865531709,0.000183546726475,0.000102810299722,0.0000804763694759,0.0000559511536267,0.0000311615149258,0.0000189640031749,0.0000111415656647,0.00000781532253313,0.0000134220672408,0.000343319115927],"dvar":[0.0000124511661852,0.0000524941278854,0.0000104156451926,0.00000562163586437,0.0000122298288261,0.00000332879790221,0.0000110872952064,0.00000905077922653,0.00000659831675875,0.00000347295735992,0.00000463282867713,0.00000396384757551,0.00000356472423846,0.00000211978499465,0.00000110789062546,1.72109679397e-7,1.00231531519e-7,6.17635862454e-8,3.19111599367e-8,2.48110296752e-8,5.06298025726e-9,1.77720405059e-9,5.90064552775e-10,2.10977110782e-10,1.18559786988e-10,2.66244581937e-10,6.68337847287e-8],"dvar2":[0.0000347049608536,0.000148651641211,0.0000291372871288,0.0000158218244906,0.0000318798629451,0.00000848089075589,0.0000257519841398,0.0000199516580324,0.000015138278286,0.00000876357171364,0.0000107514351839,0.0000104774608189,0.00000905115666683,0.00000535345498065,0.00000264904997493,4.44555780632e-7,2.58625050265e-7,1.57740217333e-7,7.21280315474e-8,5.42424167804e-8,1.17638965236e-8,4.1155963082e-9,1.48160728131e-9,5.34612909497e-10,3.23213372733e-10,6.53857246125e-10,1.79672014156e-7],"max":[0.0556478351355,0.133958682418,0.0643200725317,0.0466812476516,0.0947753861547,0.0356885194778,0.0670309662819,0.0941463857889,0.0952655076981,0.0335230566561,0.0572217777371,0.0465390756726,0.0466490872204,0.0267734006047,0.0342321097851,0.0110740084201,0.00828790105879,0.00629944261163,0.006606397219,0.00647419318557,0.00189649080858,0.00214466219768,0.00048745481763,0.000238113920204,0.000185532539035,0.000213736799196,0.00447264919057],"mean":[0.00190969952382,0.00526344450191,0.00198034383357,0.00131265295204,0.00262449239381,0.00131376844365,0.00182420655619,0.00152735621668,0.0019835117273,0.00114119902719,0.00135525758378,0.00179159955587,0.00151757104322,0.00132121506613,0.000940378115047,0.000463572476292,0.000334051670507,0.000196005727048,0.00011673066183,0.0000948704910115,0.0000734393688617,0.0000391102621506,0.0000191100352822,0.00000872615873959,0.0000042975307224,0.0000120011882245,0.000777322624344],"median":[0.000726728700101,0.00319492002018,0.000947040156461,0.000603543245234,0.00150031421799,0.000658443837892,0.00059401220642,0.000378831231501,0.000418666750193,0.000443055410869,0.000517883105204,0.000978910014965,0.000734668341465,0.000631819362752,0.000453242100775,0.000302300672047,0.000199874615646,0.000118400319479,0.0000714638881618,0.0000507773147547,0.0000461436175101,0.0000242733294726,0.000011080326658,0.00000459448074253,0.00000154729696078,0.00000684674068907,0.000719696865417],"min":[2.01297739262e-24,2.10329597092e-23,1.5432632617e-23,4.79253470862e-24,5.12209626125e-23,6.12062408885e-23,4.5172800762e-23,3.96106371826e-23,5.30790866094e-23,1.05435614495e-22,4.02496492258e-23,6.10022414584e-23,8.86207287558e-23,3.50827144262e-23,1.30566084984e-22,1.45602127248e-22,1.48181121806e-22,2.87452936901e-22,1.64890003572e-22,3.67533678378e-22,5.23758202679e-22,4.89652653411e-22,4.9114742492e-22,7.10280160667e-22,1.01519830131e-21,1.86225336191e-21,2.3990499586e-21],"var":[0.0000120518052427,0.0000504064992128,0.0000103499787656,0.00000536457537237,0.0000147260479935,0.00000469328915642,0.0000166705576703,0.0000186789729923,0.0000285440673906,0.00000483278290631,0.00000884937981027,0.00000697167661201,0.00000629273154118,0.00000391457979276,0.00000228791463996,3.11163063316e-7,1.88876214224e-7,8.43205825163e-8,4.94956182706e-8,4.41062049106e-8,1.00094386113e-8,3.08771630486e-9,7.3660072486e-10,2.03156547141e-10,8.92036375322e-11,2.95760971269e-10,4.08305851352e-7]},"barkbands_crest":{"dmean":2.76202368736,"dmean2":4.59546375275,"dvar":5.83903503418,"dvar2":15.5579090118,"max":24.2275409698,"mean":8.83799362183,"median":8.04922008514,"min":2.47624111176,"var":14.2396497726},"barkbands_flatness_db":{"dmean":0.0223910976201,"dmean2":0.0356466844678,"dvar":0.000431885069702,"dvar2":0.00106346432585,"max":0.400386452675,"mean":0.122248388827,"median":0.112110793591,"min":0.0311356298625,"var":0.00210547586903},"barkbands_kurtosis":{"dmean":2.77765989304,"dmean2":4.55172777176,"dvar":33.3607521057,"dvar2":91.431098938,"max":195.809692383,"mean":5.01863527298,"median":2.29147076607,"min":-1.705519557,"var":82.1683120728},"barkbands_skewness":{"dmean":0.49498590827,"dmean2":0.792127966881,"dvar":0.266785353422,"dvar2":0.687392890453,"max":11.3126916885,"mean":1.5543705225,"median":1.3201841116,"min":-3.22394061089,"var":1.26273143291},"barkbands_spread":{"dmean":6.24469900131,"dmean2":10.0081968307,"dvar":34.4585952759,"dvar2":85.9505310059,"max":108.504257202,"mean":28.1906738281,"median":27.9362678528,"min":1.06774485111,"var":157.640182495},"dissonance":{"dmean":0.0188450664282,"dmean2":0.0323653817177,"dvar":0.000410254986491,"dvar2":0.00111400347669,"max":0.500000119209,"mean":0.470327287912,"median":0.478468537331,"min":0.19594489038,"var":0.00074922805652},"dynamic_complexity":3.43423652649,"erbbands":{"dmean":[0.180017858744,0.777821004391,1.85249376297,2.84153866768,4.72024726868,7.37083768845,5.73778772354,9.064453125,16.3052558899,24.1518230438,19.9701538086,19.8489646912,27.173122406,28.1992397308,37.3096618652,39.1182365417,40.6520271301,38.9446372986,30.1260948181,20.0184001923,12.3713188171,9.70568656921,6.46563529968,3.94304847717,2.74967551231,2.45634198189,1.74237322807,1.2416652441,0.749921798706,0.48758944869,0.34467831254,0.188341751695,0.0980709865689,0.0558859631419,0.030116867274,0.0227214321494,0.0180587098002,0.0113424398005,0.00609552627429,0.00494356453419],"dmean2":[0.315446376801,1.3258856535,3.21996855736,4.863260746,8.0801076889,12.4610052109,9.77906799316,15.1034421921,26.3171043396,38.3642272949,31.2514648438,31.8898715973,43.5298995972,46.0744285583,60.5613975525,64.4510498047,66.8574447632,63.2673835754,49.0614585876,32.6379547119,20.7885150909,15.9987020493,10.492149353,6.34226608276,4.38117027283,3.84122443199,2.740193367,1.95189249516,1.17821383476,0.763128936291,0.542991042137,0.295209020376,0.15908202529,0.0942185670137,0.0514155365527,0.0371183864772,0.0279000587761,0.0171483121812,0.00915353372693,0.0078601995483],"dvar":[0.131679967046,1.68090939522,11.661242485,34.1965866089,78.3136367798,239.040786743,177.79598999,318.852752686,1632.96936035,3590.63916016,3060.23413086,2509.89526367,4183.71972656,4257.08105469,6974.09033203,4766.59716797,7516.49902344,5583.22119141,3205.70263672,1379.48962402,393.097198486,307.613006592,201.001754761,106.558486938,65.8419723511,55.8622245789,14.7529163361,6.46704626083,2.62259912491,0.868259549141,0.567651867867,0.138228341937,0.0440045744181,0.0173056367785,0.00503068091348,0.00231726025231,0.00120779499412,0.000406797480537,0.000137598341098,0.0000349259389623],"dvar2":[0.376601725817,4.73655033112,32.7383918762,94.8764648438,214.016433716,620.907897949,456.54284668,816.972900391,3707.44580078,8497.42871094,6733.22070312,6104.34082031,10214.1591797,10432.1171875,17535.578125,12312.9550781,19120.2949219,14175.4306641,7803.55419922,3373.21118164,1029.47912598,773.664611816,512.891784668,232.114028931,147.183578491,121.022857666,34.5763397217,15.1452150345,6.10826683044,2.01834344864,1.46426796913,0.341724872589,0.114290475845,0.0469815507531,0.0137080000713,0.00612221425399,0.00292816269211,0.000925951288082,0.000311393290758,0.0000859407955431],"max":[5.3288192749,34.9813308716,73.2919616699,114.952354431,127.435340881,452.198730469,387.658721924,396.419891357,983.336914062,1462.7734375,1895.70056152,1594.0177002,1837.72827148,1838.53881836,2106.19750977,1880.02648926,2457.74609375,1511.74731445,1411.79638672,936.632141113,461.038757324,357.247802734,394.364807129,513.731872559,347.757904053,293.253173828,115.84526062,84.2647476196,88.965675354,24.4505271912,15.4595603943,5.26891708374,3.59943628311,2.1275203228,1.26160800457,0.765922486782,0.43582752347,0.463624209166,0.379300147295,0.120178900659],"mean":[0.208491459489,0.977686822414,2.27679347992,3.71707892418,6.26711273193,9.62074184418,7.77740859985,12.555770874,22.3151607513,32.8456840515,29.6437683105,34.7884864807,52.3228302002,43.0129089355,62.4841156006,70.3700027466,71.6908569336,69.1405105591,57.4575462341,38.4336242676,24.29429245,19.0851840973,12.1137371063,7.38070678711,5.15668487549,4.55466127396,3.46298575401,2.47182703018,1.48010492325,0.906101405621,0.505739152431,0.254349470139,0.114020302892,0.0543145947158,0.0280001275241,0.0252747535706,0.0253462772816,0.0239968169481,0.0198423881084,0.0245876833797],"median":[0.108266592026,0.582172036171,1.22367143631,1.96773433685,3.4611222744,4.9342212677,4.1799993515,6.03875017166,8.48069953918,9.44797515869,9.11297035217,9.86372089386,13.1178798676,18.9630470276,28.8920822144,41.8087539673,37.1994476318,33.4683685303,30.3123321533,20.8702297211,16.6259307861,11.6284370422,7.42189693451,4.62863540649,3.07679510117,2.4390912056,2.10436177254,1.51082897186,0.922708392143,0.54183447361,0.283419847488,0.138608217239,0.0549658164382,0.0203016363084,0.010200727731,0.0115035539493,0.0143633047119,0.0169183015823,0.0173809118569,0.0241082366556],"min":[5.42964504475e-22,6.26892802052e-21,1.13234579666e-20,3.08367213181e-20,3.52500271541e-20,1.26315093654e-19,3.26419428386e-19,3.95687300237e-19,5.53431185888e-19,8.23220020081e-19,1.00528221441e-18,1.52381382307e-18,2.29170409387e-18,2.25620998058e-18,1.21235054395e-18,2.59320170778e-18,3.72074028614e-18,2.57834802552e-18,5.79012408076e-18,7.0464588164e-18,8.75369756217e-18,8.6905166798e-18,1.56475456915e-17,8.15956681539e-18,7.80702822859e-18,1.71686332306e-17,1.83728262228e-17,2.01845436702e-17,1.45877354209e-17,1.59687597756e-17,1.41935623523e-17,1.427970825e-17,1.29188993622e-17,1.15453386581e-17,7.06205447967e-18,6.44331593686e-18,3.70345552006e-18,1.11089901317e-18,3.10164140277e-19,3.64700022354e-20],"var":[0.112087309361,1.6981511116,11.818821907,35.046710968,83.1957550049,276.986938477,185.094467163,462.56741333,2508.34814453,5621.27929688,5965.84228516,6795.52539062,17156.7207031,6590.46240234,12574.6279297,9143.07421875,13357.9941406,10269.4541016,6930.50585938,3083.75048828,750.20135498,615.504333496,297.241363525,167.483444214,105.257514954,101.200927734,27.3041591644,12.2471113205,4.44361639023,1.60030817986,0.599273979664,0.146478131413,0.0395778641105,0.0133655155078,0.00377426343039,0.00201265676878,0.00135411019437,0.000765103846788,0.00035042775562,0.000353309849743]},"erbbands_crest":{"dmean":2.83494877815,"dmean2":4.67741918564,"dvar":7.5954003334,"dvar2":19.408241272,"max":31.3497371674,"mean":9.33479690552,"median":8.20028495789,"min":2.62417292595,"var":18.5877189636},"erbbands_flatness_db":{"dmean":0.0216014869511,"dmean2":0.0332033075392,"dvar":0.000362307939213,"dvar2":0.000824636023026,"max":0.382077306509,"mean":0.157067716122,"median":0.155085831881,"min":0.0530570223927,"var":0.00159895094112},"erbbands_kurtosis":{"dmean":1.18563735485,"dmean2":1.90395236015,"dvar":2.7894513607,"dvar2":6.95475673676,"max":48.3777885437,"mean":1.27766990662,"median":0.631548643112,"min":-1.81980872154,"var":6.20526695251},"erbbands_skewness":{"dmean":0.36021488905,"dmean2":0.567583203316,"dvar":0.109197631478,"dvar2":0.256212830544,"max":5.84530305862,"mean":0.0158446058631,"median":-0.0685714781284,"min":-2.58778786659,"var":0.563130736351},"erbbands_spread":{"dmean":5.24823236465,"dmean2":8.32400131226,"dvar":24.9055690765,"dvar2":58.906375885,"max":150.884933472,"mean":23.1185798645,"median":21.2215881348,"min":2.38763046265,"var":126.475257874},"gfcc":{"cov":[[13584.3105469,512.411499023,-1657.14428711,-531.902648926,314.780578613,-269.884460449,243.777252197,-184.861099243,204.334243774,2.18749332428,35.66771698,-4.70518064499,20.9966392517],[512.411499023,678.163879395,29.470949173,-178.035079956,111.855522156,-52.186252594,7.98126268387,-37.152797699,9.10098361969,-32.9090270996,35.5457496643,-33.0005264282,64.6522369385],[-1657.14428711,29.470949173,554.869628906,163.791641235,-84.0288848877,125.613525391,-122.762191772,100.057823181,-80.2224655151,18.8773097992,-10.4106636047,1.87821483612,0.70207887888],[-531.902648926,-178.035079956,163.791641235,272.451477051,22.1803569794,3.04115271568,20.0304203033,9.13697338104,-6.14243412018,17.5891227722,-5.55621623993,17.1022090912,-35.4938926697],[314.780578613,111.855522156,-84.0288848877,22.1803569794,205.143447876,8.22151756287,40.3351860046,-67.2292785645,1.15021395683,-24.5437088013,39.1641159058,2.04115319252,32.2163009644],[-269.884460449,-52.186252594,125.613525391,3.04115271568,8.22151756287,178.218597412,-35.4089126587,50.4842262268,-41.3411026001,4.25689983368,-5.51011419296,13.003947258,20.0853939056],[243.777252197,7.98126268387,-122.762191772,20.0304203033,40.3351860046,-35.4089126587,160.301986694,-9.57927036285,67.0974578857,-5.72677659988,-0.313390165567,10.372256279,-6.48810863495],[-184.861099243,-37.152797699,100.057823181,9.13697338104,-67.2292785645,50.4842262268,-9.57927036285,169.162460327,14.4936971664,21.8626651764,-15.5298557281,-10.6811532974,0.673034965992],[204.334243774,9.10098361969,-80.2224655151,-6.14243412018,1.15021395683,-41.3411026001,67.0974578857,14.4936971664,126.506065369,37.1928634644,4.01788234711,5.67053890228,-23.6263198853],[2.18749332428,-32.9090270996,18.8773097992,17.5891227722,-24.5437088013,4.25689983368,-5.72677659988,21.8626651764,37.1928634644,76.3204116821,31.0743122101,5.54311466217,-7.51015853882],[35.66771698,35.5457496643,-10.4106636047,-5.55621623993,39.1641159058,-5.51011419296,-0.313390165567,-15.5298557281,4.01788234711,31.0743122101,85.8662261963,40.6778068542,16.790807724],[-4.70518064499,-33.0005264282,1.87821483612,17.1022090912,2.04115319252,13.003947258,10.372256279,-10.6811532974,5.67053890228,5.54311466217,40.6778068542,70.8359298706,23.0185546875],[20.9966392517,64.6522369385,0.70207887888,-35.4938926697,32.2163009644,20.0853939056,-6.48810863495,0.673034965992,-23.6263198853,-7.51015853882,16.790807724,23.0185546875,75.5413513184]],"icov":[[0.000150988795212,-0.000363169063348,0.000792127917521,-0.000351413706085,0.0000808828699519,-0.00025115464814,0.000287671660772,-0.000211415215745,0.000202691415325,-0.000329478934873,0.000310305680614,-0.000368683045963,0.000229258119361],[-0.000363169063348,0.0046750837937,-0.00512113282457,0.00539916427806,-0.00361526664346,0.0035887088161,-0.00225875573233,0.000745927449316,-0.0010226102313,0.000890650320798,-0.000935092859436,0.00192377448548,-0.00153845315799],[0.000792127917521,-0.00512113282457,0.0112667987123,-0.00947412569076,0.00620452221483,-0.00666146818548,0.00543029280379,-0.00190197688062,0.000632550450973,0.000714383029845,-0.00148425041698,0.000470546685392,-0.000329604867147],[-0.000351413706085,0.00539916427806,-0.00947412569076,0.0152830881998,-0.0104452734813,0.00819336250424,-0.0056490204297,-0.000581205647904,0.00389542477205,-0.00681187212467,0.00759206339717,-0.00738330883905,0.00564527511597],[0.0000808828699519,-0.00361526664346,0.00620452221483,-0.0104452734813,0.0169421881437,-0.00878950487822,0.00180885521695,0.00425478862599,-0.0057608303614,0.0109770167619,-0.0139958495274,0.012437091209,-0.00805405993015],[-0.00025115464814,0.0035887088161,-0.00666146818548,0.00819336250424,-0.00878950487822,0.0134005416185,-0.00262186070904,-0.00298453727737,0.00493893399835,-0.00644254870713,0.00790884904563,-0.00762077327818,0.00236535375006],[0.000287671660772,-0.00225875573233,0.00543029280379,-0.0056490204297,0.00180885521695,-0.00262186070904,0.0121623910964,-0.00101778749377,-0.0056216865778,0.00391085492447,-0.000798624707386,-0.000410767563153,-0.000938904646318],[-0.000211415215745,0.000745927449316,-0.00190197688062,-0.000581205647904,0.00425478862599,-0.00298453727737,-0.00101778749377,0.00966392830014,-0.0041233417578,0.00223329337314,-0.00357640581205,0.00611882191151,-0.00416671251878],[0.000202691415325,-0.0010226102313,0.000632550450973,0.00389542477205,-0.0057608303614,0.00493893399835,-0.0056216865778,-0.0041233417578,0.0197294708341,-0.0153250191361,0.0112645737827,-0.0117543125525,0.00906574446708],[-0.000329478934873,0.000890650320798,0.000714383029845,-0.00681187212467,0.0109770167619,-0.00644254870713,0.00391085492447,0.00223329337314,-0.0153250191361,0.033486276865,-0.0236951392144,0.0174797959626,-0.00805384572595],[0.000310305680614,-0.000935092859436,-0.00148425041698,0.00759206339717,-0.0139958495274,0.00790884904563,-0.000798624707386,-0.00357640581205,0.0112645737827,-0.0236951392144,0.0376556031406,-0.0273596961051,0.00925878155977],[-0.000368683045963,0.00192377448548,0.000470546685392,-0.00738330883905,0.012437091209,-0.00762077327818,-0.000410767563153,0.00611882191151,-0.0117543125525,0.0174797959626,-0.0273596961051,0.0393409617245,-0.0162300225347],[0.000229258119361,-0.00153845315799,-0.000329604867147,0.00564527511597,-0.00805405993015,0.00236535375006,-0.000938904646318,-0.00416671251878,0.00906574446708,-0.00805384572595,0.00925878155977,-0.0162300225347,0.0248309615999]],"mean":[-2.4460978508,96.3744049072,-100.392456055,-9.9846124649,-10.602897644,-7.60548639297,-3.62695503235,-20.6870326996,-1.51603209972,-7.52798986435,-3.77922773361,-3.71751379967,-5.97377634048]},"hfc":{"dmean":28.2993297577,"dmean2":46.879776001,"dvar":915.340270996,"dvar2":2586.41333008,"max":534.796325684,"mean":137.090332031,"median":132.924438477,"min":1.1880026191e-16,"var":7752.82421875},"melbands":{"dmean":[0.00137845554855,0.000930924084969,0.000503072049469,0.000438888091594,0.000224381496082,0.000197530272999,0.000260119209997,0.000267569674179,0.000153621571371,0.000137431867188,0.000138271454489,0.000115342561912,0.000128007799503,0.000127298277221,0.000100664001366,0.0000899171427591,0.0000761778064771,0.0000545258735656,0.0000389451124647,0.0000207075736398,0.0000148214267028,0.0000112940160761,0.0000083024824562,0.00000487547367811,0.00000336051175509,0.00000223672304855,0.00000194017638933,0.00000166453298789,0.00000123724510104,9.94306560642e-7,6.96066877026e-7,4.72974278409e-7,3.59239152203e-7,2.50133638247e-7,2.04212454946e-7,1.72168299173e-7,1.0093019398e-7,7.18541883771e-8,5.77612944141e-8,4.35507665486e-8],"dmean2":[0.00239774328656,0.00159988529049,0.000859530642629,0.000744084420148,0.000380961369956,0.000327742891386,0.00041953404434,0.000421493663453,0.000242740657995,0.000219564972213,0.000221599693759,0.000189374404727,0.000206986311241,0.0002100791462,0.000165580015164,0.000147675338667,0.000124804748339,0.0000896974743227,0.0000637123957858,0.0000346240994986,0.0000250684170169,0.0000187301593542,0.0000135882992254,0.00000799534336693,0.00000544929616808,0.00000362077275895,0.00000311890039484,0.00000262342427959,0.00000198514044314,0.00000158002137596,0.00000110297537503,7.48764534819e-7,5.71845816921e-7,3.95519549556e-7,3.26640446247e-7,2.69843383194e-7,1.60593984333e-7,1.16901773595e-7,9.5523176924e-8,7.42871222315e-8],"dvar":[0.00000679655568092,0.00000267366158369,0.00000104186472072,6.53636618608e-7,2.69948088771e-7,1.47432174913e-7,3.97872724989e-7,4.27696107863e-7,1.64169335903e-7,1.22665937852e-7,1.05651906779e-7,7.16327051009e-8,9.26430061554e-8,6.8926240715e-8,3.36196066542e-8,3.85080092258e-8,2.2043657566e-8,1.08234683438e-8,7.26771354209e-9,1.30266042397e-9,5.88912807409e-10,4.26806562315e-10,2.88326029718e-10,1.16770898506e-10,8.36967994911e-11,3.90369611636e-11,3.95853211321e-11,2.44948922257e-11,8.53194511569e-12,4.11337370415e-12,2.18303652065e-12,1.14681072798e-12,4.83862353396e-13,2.30852067063e-13,2.03149143015e-13,1.26692561065e-13,4.36100571074e-14,2.41870512198e-14,1.6694135088e-14,1.11976095442e-14],"dvar2":[0.0000193762607523,0.00000755228120397,0.00000288608543997,0.00000171806971139,6.96642132425e-7,3.73931271724e-7,9.07198739242e-7,9.94294509837e-7,3.6751671928e-7,2.94447033866e-7,2.56470542581e-7,1.76918106831e-7,2.19564981307e-7,1.82751762168e-7,8.5243144099e-8,9.51379703906e-8,5.60571180586e-8,2.67555417821e-8,1.71986798136e-8,3.27397375877e-9,1.55371482347e-9,1.08858499992e-9,7.30648763714e-10,2.98539581944e-10,1.81505921404e-10,9.24113841005e-11,8.88319556802e-11,5.3605613004e-11,2.09461545331e-11,9.67645668454e-12,5.26493649025e-12,2.74822287323e-12,1.10747858367e-12,5.58024167239e-13,5.26820503454e-13,3.23859754119e-13,1.08168025047e-13,6.29014052758e-14,4.45946820866e-14,3.06014572406e-14],"max":[0.037644635886,0.0383405163884,0.0179040767252,0.0148894218728,0.0170430671424,0.00796472560614,0.0151776596904,0.0163239892572,0.0125090833753,0.0126192951575,0.00925124343485,0.00675874948502,0.00921395886689,0.00650192517787,0.00536296796054,0.00395539728925,0.00327998353168,0.00255892123096,0.00332316453569,0.0010758327553,0.000693372567184,0.0005056951195,0.000405511935242,0.000240163819399,0.000474159169244,0.000228478340432,0.000240856810706,0.0002013156045,0.000108648084279,0.0000566241251363,0.0000584506051382,0.0000610323804722,0.0000207242828765,0.0000140356678457,0.0000096073063105,0.00000723545235815,0.00000355930819751,0.00000277054914477,0.00000200219096769,0.00000174790852725],"mean":[0.00175592058804,0.00123379484285,0.00069654872641,0.000600879255217,0.000308457936626,0.000276513659628,0.000355447060429,0.000372578273527,0.000222481423407,0.000253246049397,0.000260783766862,0.000165068951901,0.000203342744499,0.000202416893444,0.000171578722075,0.000148792736582,0.000125059392303,0.0000954183269641,0.000067197594035,0.0000367818320228,0.000026480642191,0.0000203432537091,0.0000145568437802,0.00000825174993224,0.0000057828365243,0.00000392870833821,0.0000033619255646,0.00000291551191367,0.0000022343983801,0.00000185409305686,0.00000126753366203,8.62006345415e-7,6.55858968912e-7,4.32876049672e-7,2.92740907071e-7,2.28021207249e-7,1.28486703943e-7,8.29073201203e-8,6.02361041047e-8,3.98747950214e-8],"median":[0.00104551017284,0.000769121572375,0.000396446033847,0.000339175807312,0.000166533514857,0.000133537483634,0.000130612403154,0.000101888857898,0.0000672788446536,0.0000587014728808,0.0000623102314421,0.000071150920121,0.0000840070424601,0.000102388657979,0.000098293319752,0.0000684371771058,0.0000579789302719,0.0000486310163978,0.0000311254771077,0.00002212923755,0.0000176517041837,0.0000118675816339,0.00000804140563559,0.00000502044576933,0.00000346036540577,0.00000234362869378,0.00000185171643352,0.00000148348431139,0.00000127761472868,0.00000109672464532,7.46779676319e-7,5.27440761289e-7,3.77774654226e-7,2.50415979508e-7,1.63259500141e-7,1.15805974588e-7,6.8210191273e-8,3.91817778223e-8,2.43742181993e-8,1.36677318352e-8],"min":[5.81171026044e-24,8.01136685312e-24,6.7415753193e-24,3.43681216198e-24,1.2436459224e-23,9.01526966338e-24,9.2630611289e-24,9.31740575666e-24,7.55200131509e-24,9.20247266707e-24,1.21235157363e-23,9.29860167926e-24,4.01245066983e-24,6.76008830703e-24,5.86312545323e-24,6.56833318148e-24,3.63900431173e-24,9.30446843781e-24,1.17212021967e-23,8.09127846281e-24,8.82890837427e-24,7.87741984913e-24,1.3572018975e-23,9.33228603992e-24,6.06820798934e-24,4.74587950254e-24,4.96494144275e-24,1.21670876795e-23,1.34496776927e-23,1.11315420806e-23,1.17300500606e-23,8.34748707419e-24,8.29982252058e-24,7.45080544931e-24,7.83120364414e-24,8.73066994802e-24,9.07528935649e-24,7.47472292309e-24,1.24125961816e-23,8.5610364544e-24],"var":[0.00000613983547737,0.00000272419856628,0.00000105841525055,7.92623495727e-7,2.84423464336e-7,2.1689680807e-7,6.17602665898e-7,7.53900962991e-7,3.09566445367e-7,4.33423053892e-7,4.31605883477e-7,1.04810816026e-7,1.74639907868e-7,1.12959519072e-7,6.01678848966e-8,6.75362699099e-8,3.71988910786e-8,2.09042578803e-8,1.40275249194e-8,2.35659314285e-9,9.76848935075e-10,7.59912965886e-10,4.77215378325e-10,1.50403564603e-10,1.2610494593e-10,5.68001617962e-11,6.1793875572e-11,4.40435118931e-11,1.37096289182e-11,7.651818415e-12,3.5794154099e-12,1.70325071321e-12,9.32357923505e-13,3.76615215793e-13,2.12082318395e-13,1.28125158053e-13,4.38432452778e-14,2.16339007933e-14,1.38314373179e-14,8.32899355496e-15]},"melbands_crest":{"dmean":4.11183786392,"dmean2":6.89011287689,"dvar":13.6911821365,"dvar2":37.8458480835,"max":37.1177558899,"mean":13.4812488556,"median":12.3214406967,"min":1.66818964481,"var":32.0920829773},"melbands_flatness_db":{"dmean":0.0287076216191,"dmean2":0.0456883236766,"dvar":0.000655785552226,"dvar2":0.00163076131139,"max":0.558260023594,"mean":0.222815334797,"median":0.211280539632,"min":0.00358626595698,"var":0.00366554269567},"melbands_kurtosis":{"dmean":4.00710105896,"dmean2":6.58200359344,"dvar":87.4029083252,"dvar2":242.825485229,"max":336.813110352,"mean":6.26519298553,"median":1.90466690063,"min":-1.7902892828,"var":287.707397461},"melbands_skewness":{"dmean":0.648696005344,"dmean2":1.04310333729,"dvar":0.434765189886,"dvar2":1.13180780411,"max":15.417265892,"mean":1.69072604179,"median":1.38997650146,"min":-2.2527961731,"var":2.16238617897},"melbands_spread":{"dmean":5.87917041779,"dmean2":9.46363639832,"dvar":32.8640441895,"dvar2":80.3043670654,"max":161.999923706,"mean":23.9295139313,"median":23.5915985107,"min":0.747959673405,"var":159.05317688},"mfcc":{"cov":[[8494.73925781,398.469848633,-1423.6940918,27.1392307281,-402.783569336,204.217132568,-223.136672974,87.6070251465,-37.0167312622,134.476089478,-8.18201541901,120.316055298,-6.75528526306],[398.469848633,808.019592285,-120.858772278,-89.4898986816,22.4528808594,6.2380399704,7.09421777725,-14.7929668427,10.3546800613,-32.4855003357,-7.99126291275,5.91808462143,9.11851406097],[-1423.6940918,-120.858772278,630.816589355,-6.71504926682,121.586647034,-69.182144165,49.1005439758,-4.1721906662,22.4259700775,-15.6656284332,27.2816867828,-22.6911144257,6.32885169983],[27.1392307281,-89.4898986816,-6.71504926682,256.635040283,-5.77402305603,29.7045326233,0.432037621737,8.9305973053,-13.1404399872,18.684305191,15.4976491928,13.0359754562,5.65020275116],[-402.783569336,22.4528808594,121.586647034,-5.77402305603,190.493591309,23.0768947601,57.445098877,-11.0585441589,-15.4390354156,-27.4693202972,-19.6747932434,-5.79208993912,9.75283336639],[204.217132568,6.2380399704,-69.182144165,29.7045326233,23.0768947601,150.790618896,16.54936409,7.22254991531,-21.430267334,-5.30505943298,-21.0179595947,5.99595451355,2.63905453682],[-223.136672974,7.09421777725,49.1005439758,0.432037621737,57.445098877,16.54936409,108.734832764,17.8699645996,3.24749469757,-18.9884738922,-24.2257213593,-9.78345870972,7.79390907288],[87.6070251465,-14.7929668427,-4.1721906662,8.9305973053,-11.0585441589,7.22254991531,17.8699645996,90.2587051392,31.348608017,17.46875,-4.28574514389,0.823938429356,0.181716233492],[-37.0167312622,10.3546800613,22.4259700775,-13.1404399872,-15.4390354156,-21.430267334,3.24749469757,31.348608017,91.8706283569,33.5287971497,18.0497493744,-5.22470569611,-14.343834877],[134.476089478,-32.4855003357,-15.6656284332,18.684305191,-27.4693202972,-5.30505943298,-18.9884738922,17.46875,33.5287971497,86.0662536621,31.9987430573,11.1764011383,-7.85163545609],[-8.18201541901,-7.99126291275,27.2816867828,15.4976491928,-19.6747932434,-21.0179595947,-24.2257213593,-4.28574514389,18.0497493744,31.9987430573,80.2548522949,25.7135448456,7.18384313583],[120.316055298,5.91808462143,-22.6911144257,13.0359754562,-5.79208993912,5.99595451355,-9.78345870972,0.823938429356,-5.22470569611,11.1764011383,25.7135448456,68.4566268921,30.9976329803],[-6.75528526306,9.11851406097,6.32885169983,5.65020275116,9.75283336639,2.63905453682,7.79390907288,0.181716233492,-14.343834877,-7.85163545609,7.18384313583,30.9976329803,68.01512146]],"icov":[[0.000207005505217,-0.0000582603061048,0.000388003187254,0.0000167206453625,0.000118086041766,-0.000112693996925,0.000194210660993,-0.000209149526199,0.00011613881361,-0.000193679879885,0.0000292231761705,-0.000168395315995,0.0000324150059896],[-0.0000582603061048,0.00140572630335,0.000277024053503,0.000424288184149,-0.000374668539735,0.0000309049937641,-0.000101353616628,0.000282175547909,-0.000568701303564,0.000687780149747,-0.000260350236204,-0.0000321299994539,-0.000190280668903],[0.000388003187254,0.000277024053503,0.00295188603923,0.0000462806819996,-0.00127791042905,0.000795620959252,-0.0000958467717282,-0.000400297169108,-0.000315382872941,0.000219393259613,-0.00129573896993,0.000644614512566,-0.000310806499328],[0.0000167206453625,0.000424288184149,0.0000462806819996,0.00434197066352,0.000111249210022,-0.000840639055241,-0.000284028385067,-0.000479712092783,0.00102270347998,-0.000800196430646,-0.000941688660532,-0.000252472760621,-0.0000319023492921],[0.000118086041766,-0.000374668539735,-0.00127791042905,0.000111249210022,0.00769312400371,-0.00137779279612,-0.00298491935246,0.00113403983414,0.000742786505725,0.000299066130538,0.000983475474641,-0.000561426742934,-0.000195868080482],[-0.000112693996925,0.0000309049937641,0.000795620959252,-0.000840639055241,-0.00137779279612,0.00807981844991,-0.000878316175658,-0.000764788361266,0.00147564173676,-0.000410840380937,0.00143276981544,-0.000902097206563,0.000490784936119],[0.000194210660993,-0.000101353616628,-0.0000958467717282,-0.000284028385067,-0.00298491935246,-0.000878316175658,0.0128495590761,-0.00269838003442,-0.00139539840166,0.00142285169568,0.00248428597115,0.000898847938515,-0.00173981278203],[-0.000209149526199,0.000282175547909,-0.000400297169108,-0.000479712092783,0.00113403983414,-0.000764788361266,-0.00269838003442,0.0142250033095,-0.00486761098728,-0.00168292445596,0.00230393814854,-0.000582380220294,-0.00104198011104],[0.00011613881361,-0.000568701303564,-0.000315382872941,0.00102270347998,0.000742786505725,0.00147564173676,-0.00139539840166,-0.00486761098728,0.0161698423326,-0.00493929535151,-0.00251307850704,0.001131707686,0.00263086589985],[-0.000193679879885,0.000687780149747,0.000219393259613,-0.000800196430646,0.000299066130538,-0.000410840380937,0.00142285169568,-0.00168292445596,-0.00493929535151,0.017275352031,-0.0050808689557,-0.00133403227665,0.00184635305777],[0.0000292231761705,-0.000260350236204,-0.00129573896993,-0.000941688660532,0.000983475474641,0.00143276981544,0.00248428597115,0.00230393814854,-0.00251307850704,-0.0050808689557,0.019218577072,-0.00634652888402,-0.000504847965203],[-0.000168395315995,-0.0000321299994539,0.000644614512566,-0.000252472760621,-0.000561426742934,-0.000902097206563,0.000898847938515,-0.000582380220294,0.001131707686,-0.00133403227665,-0.00634652888402,0.022300362587,-0.00944567192346],[0.0000324150059896,-0.000190280668903,-0.000310806499328,-0.0000319023492921,-0.000195868080482,0.000490784936119,-0.00173981278203,-0.00104198011104,0.00263086589985,0.00184635305777,-0.000504847965203,-0.00944567192346,0.0201002284884]],"mean":[-661.64453125,161.111968994,-25.7353038788,16.4625511169,3.21569561958,21.6430912018,1.05575442314,4.82534646988,-0.416483968496,1.86908888817,0.0502333976328,4.90803337097,0.16167704761]},"pitch_salience":{"dmean":0.0732581093907,"dmean2":0.121686570346,"dvar":0.00411889608949,"dvar2":0.0113782919943,"max":0.854752361774,"mean":0.589956402779,"median":0.603484630585,"min":0.110551714897,"var":0.0108147356659},"silence_rate_20dB":{"dmean":0,"dmean2":0,"dvar":0,"dvar2":0,"max":1,"mean":1,"median":1,"min":1,"var":0},"silence_rate_30dB":{"dmean":0.00552724767476,"dmean2":0.0110554499552,"dvar":0.00549667049199,"dvar2":0.0150789134204,"max":1,"mean":0.996200323105,"median":1,"min":0,"var":0.00378536200151},"silence_rate_60dB":{"dmean":0.00725451251492,"dmean2":0.0145102776587,"dvar":0.00720264390111,"dvar2":0.0168938506395,"max":1,"mean":0.041709844023,"median":0,"min":0,"var":0.0399702191353},"spectral_centroid":{"dmean":172.239013672,"dmean2":269.344390869,"dvar":36402.8828125,"dvar2":76368.5546875,"max":10917.0654297,"mean":1107.27868652,"median":1093.29003906,"min":197.58934021,"var":240640.421875},"spectral_complexity":{"dmean":3.23274898529,"dmean2":5.09949922562,"dvar":9.11067676544,"dvar2":20.8568916321,"max":58,"mean":21.9582901001,"median":24,"min":0,"var":99.2346725464},"spectral_contrast_coeffs":{"dmean":[0.0558224767447,0.0530145168304,0.0404008738697,0.0291777011007,0.0216158218682,0.0317071154714],"dmean2":[0.0934161245823,0.0876785516739,0.0676383376122,0.0486523099244,0.0358844362199,0.0512313954532],"dvar":[0.00196858053096,0.00180638767779,0.00107460154686,0.00052872375818,0.000337289908202,0.000728340237401],"dvar2":[0.00545483967289,0.00486254878342,0.00293449964374,0.00143566599581,0.000898118771147,0.00185456266627],"max":[-0.399513453245,-0.47015145421,-0.514794647694,-0.603821277618,-0.674392282963,-0.531225979328],"mean":[-0.688497126102,-0.763089120388,-0.792488455772,-0.803844332695,-0.81162750721,-0.744929611683],"median":[-0.69363296032,-0.771723389626,-0.799645066261,-0.806274116039,-0.80965423584,-0.739241957664],"min":[-0.977590799332,-0.956771194935,-0.962102234364,-0.960908889771,-0.969997286797,-0.962057173252],"var":[0.00546162342653,0.00482031749561,0.00358128827065,0.00179721042514,0.00130449340213,0.00368940643966]},"spectral_contrast_valleys":{"dmean":[0.393915712833,0.380068600178,0.316135108471,0.261918962002,0.272526204586,0.522170543671],"dmean2":[0.65730714798,0.620958209038,0.513102769852,0.419405728579,0.416435718536,0.820043027401],"dvar":[0.112731873989,0.114611066878,0.0905415937304,0.0727828890085,0.0998860150576,0.204077333212],"dvar2":[0.284317165613,0.268307298422,0.198841571808,0.1432736516,0.20132817328,0.512220740318],"max":[-5.06726074219,-4.4798207283,-4.66835165024,-5.19630908966,-5.7978053093,-8.89135074615],"mean":[-6.99467086792,-6.58600378036,-6.79271364212,-7.04221868515,-7.75480270386,-11.0385980606],"median":[-6.81238365173,-6.38652038574,-6.51312446594,-6.68447971344,-7.43940734863,-10.914103508],"min":[-26.7592697144,-27.6841201782,-27.2956314087,-27.3065509796,-27.232963562,-27.2351913452],"var":[1.38629817963,1.46202993393,1.66660189629,1.83295035362,1.4823807478,1.02028775215]},"spectral_decrease":{"dmean":2.66407917948e-9,"dmean2":4.35344960081e-9,"dvar":1.31740035175e-17,"dvar2":3.48981842521e-17,"max":2.35717290131e-9,"mean":-5.89881432589e-9,"median":-4.70902961069e-9,"min":-5.11179685247e-8,"var":2.50487527925e-17},"spectral_energy":{"dmean":0.0106390072033,"dmean2":0.0173236150295,"dvar":0.000199624118977,"dvar2":0.000528916541953,"max":0.212057709694,"mean":0.0346980132163,"median":0.0310932397842,"min":1.08802749508e-20,"var":0.000543493777514},"spectral_energyband_high":{"dmean":0.000170455052285,"dmean2":0.000263366760919,"dvar":6.54047269677e-8,"dvar2":1.48659879073e-7,"max":0.00693168304861,"mean":0.00054788950365,"median":0.000494021514896,"min":7.85596369079e-21,"var":2.23923095177e-7},"spectral_energyband_low":{"dmean":0.00616876780987,"dmean2":0.010609453544,"dvar":0.000108024250949,"dvar2":0.000306341738906,"max":0.171118438244,"mean":0.00933843664825,"median":0.0066621392034,"min":5.34677173567e-23,"var":0.000109937805973},"spectral_energyband_middle_high":{"dmean":0.00315551110543,"dmean2":0.0049165696837,"dvar":0.0000207558987313,"dvar2":0.0000491651153425,"max":0.0720784515142,"mean":0.00901225861162,"median":0.00617881817743,"min":1.42115495837e-21,"var":0.0000795499508968},"spectral_energyband_middle_low":{"dmean":0.00492879934609,"dmean2":0.00792085006833,"dvar":0.0000511071448273,"dvar2":0.00012516642164,"max":0.101318158209,"mean":0.0109565081075,"median":0.00753652025014,"min":3.02025280413e-22,"var":0.000118024392577},"spectral_entropy":{"dmean":0.152190849185,"dmean2":0.237137675285,"dvar":0.0261236969382,"dvar2":0.0606798455119,"max":9.81329536438,"mean":7.5060172081,"median":7.5753364563,"min":4.6477804184,"var":0.131443545222},"spectral_flux":{"dmean":0.0230760965496,"dmean2":0.0362157635391,"dvar":0.000605077424552,"dvar2":0.00126059900504,"max":0.372747242451,"mean":0.107984960079,"median":0.10693924129,"min":1.04780281673e-10,"var":0.0023589907214},"spectral_kurtosis":{"dmean":4.51381444931,"dmean2":7.038397789,"dvar":33.3604621887,"dvar2":83.2400131226,"max":161.06703186,"mean":20.0533752441,"median":18.8154678345,"min":-1.2409017086,"var":80.3795318604},"spectral_rms":{"dmean":0.000832031888422,"dmean2":0.00133008544799,"dvar":7.92912203451e-7,"dvar2":0.00000205061746783,"max":0.0143835172057,"mean":0.00544551061466,"median":0.00550770992413,"min":3.25805181445e-12,"var":0.00000419808930019},"spectral_rolloff":{"dmean":4935.02050781,"dmean2":9485.1796875,"dvar":60231704,"dvar2":143883632,"max":22006.9335938,"mean":12790.4804688,"median":20241.2109375,"min":43.06640625,"var":91318760},"spectral_skewness":{"dmean":0.336114376783,"dmean2":0.516517579556,"dvar":0.14757655561,"dvar2":0.350991219282,"max":9.69293117523,"mean":3.07593870163,"median":2.99393606186,"min":0.0362732112408,"var":0.520046293736},"spectral_spread":{"dmean":453533.96875,"dmean2":699746.8125,"dvar":401562107904,"dvar2":623621505024,"max":47700500,"mean":3750092.5,"median":3628704,"min":896959.3125,"var":999123058688},"spectral_strongpeak":{"dmean":2.54406380653,"dmean2":4.73258495331,"dvar":78.2432327271,"dvar2":224.606933594,"max":98.4908447266,"mean":2.29713249207,"median":0.294148921967,"min":0,"var":64.9744949341},"zerocrossingrate":{"dmean":0.0350570268929,"dmean2":0.0446317642927,"dvar":0.000876771227922,"dvar2":0.00139005738311,"max":0.80419921875,"mean":0.269222855568,"median":0.265625,"min":0.0029296875,"var":0.00748022086918}},"metadata":{"audio_properties":{"analysis_sample_rate":44100,"bit_rate":160000,"codec":"vorbis","downmix":"mix","equal_loudness":0,"length":268.847900391,"lossless":false,"md5_encoded":"09929c994f4238944cd3dde661f2d7e1","replay_gain":-8.09366607666},"tags":{"album":["Chinese Democracy"],"albumartist":["Guns N' Roses"],"albumartistsort":["Guns N' Roses"],"artist":["Guns N' Roses"],"artistsort":["Guns N' Roses"],"asin":["B000NQDFP8"],"barcode":["602517906075"],"catalognumber":["B0012356-02"],"date":["2008-11-23"],"discid":["c510be0e"],"file_name":"11 - Guns N' Roses - I.R.S..ogg","format":["CD"],"genre":["Hard Rock"],"label":["Geffen Records"],"language":["eng"],"musicbrainz_albumartistid":["eeb1195b-f213-4ce1-b28c-8565211f8e43"],"musicbrainz_albumid":["e1d4ab97-2177-4eab-8979-80c2504ca4c9"],"musicbrainz_artistid":["eeb1195b-f213-4ce1-b28c-8565211f8e43"],"musicbrainz_discid":["Z4FJedB1oBBM3UvyjD9RZeyqD1c-"],"musicbrainz_recordingid":["c08a23b0-f753-4f14-9083-497ca41d8bec"],"releasecountry":["US"],"releasestatus":["official"],"releasetype":["album"],"script":["Latn"],"title":["I.R.S."],"totaltracks":["14"],"tracknumber":["11"],"tracktotal":["14"]},"version":{"essentia":"2.1-beta1","essentia_build_sha":"ab033649a6180e58ab3ffa3648ee50b8e9460706","essentia_git_sha":"v2.1_beta1-8-g0ed32f5-dirty","extractor":"music 1.0"}},"rhythm":{"beats_count":402,"beats_loudness":{"dmean":0.0160975139588,"dmean2":0.0287121646106,"dvar":0.000235144107137,"dvar2":0.000708712032065,"max":0.148262247443,"mean":0.0399369001389,"median":0.0382577478886,"min":5.69391978011e-10,"var":0.00052311172476},"beats_loudness_band_ratio":{"dmean":[0.170856520534,0.0899453610182,0.119662970304,0.104094907641,0.0461221821606,0.0724301785231],"dmean2":[0.285963475704,0.157552391291,0.209145486355,0.174725517631,0.0817319899797,0.125718742609],"dvar":[0.0170986875892,0.0094041172415,0.0159105081111,0.0094627160579,0.00252207973972,0.00476449169219],"dvar2":[