{"lowlevel":{"average_loudness":0.359475106001,"barkbands":{"dmean":[0.000633588177152,0.00416574301198,0.00120149261784,0.000792161619756,0.000806689844467,0.00115960382391,0.000701870478224,0.00107186415698,0.00156492169481,0.000542419555131,0.000313301192364,0.000436422502389,0.000561979832128,0.000393982918467,0.000840597203933,0.000137563052704,0.000104865612229,0.0000570509873796,0.0000329245303874,0.0000667991916998,0.0000736710499041,0.0000269158408628,0.0000153196906467,0.000031846564525,0.0000296132002404,0.00000936340165936,0.00000124528548895],"dmean2":[0.000900336715858,0.00666776951402,0.0018386679003,0.0012760781683,0.00126899336465,0.00176559505053,0.00108041090425,0.00161523651332,0.002249232959,0.000784227100667,0.000456673704321,0.000644601299427,0.00087369402172,0.000590426905546,0.00142103538383,0.000212386948988,0.000162820579135,0.0000896127676242,0.0000498775152664,0.000100575147371,0.000122719313367,0.0000376306161343,0.0000230020505114,0.0000487253855681,0.0000416297516495,0.0000123454910863,0.00000175387401669],"dvar":[0.00000331578667101,0.000144397519762,0.0000072244661169,0.00000258090199168,0.00000204992306863,0.00000555925316803,0.00000442713553639,0.0000134319416247,0.0000299874627672,0.00000593202548771,0.00000148187257309,0.0000012365371731,0.00000160273498295,0.00000120463198527,0.0000091661568149,1.22949700199e-7,1.09042417762e-7,3.46597985867e-8,7.49991091453e-9,2.84262142713e-8,3.35070993174e-8,9.93839055496e-9,1.06023057e-8,1.37792808275e-8,1.87590103451e-8,3.65565111515e-9,3.16810987167e-11],"dvar2":[0.00000599145960223,0.00035616607056,0.0000161778407346,0.00000674780039844,0.00000513335680807,0.0000117563386084,0.0000098716109278,0.0000268830353889,0.0000554056096007,0.00000992519471765,0.00000234047297454,0.00000240457757172,0.00000365953360415,0.00000267589530267,0.0000252433674177,2.73924825933e-7,2.60072653191e-7,9.07242920789e-8,1.64350151266e-8,5.34165920385e-8,8.85136728357e-8,1.76070411584e-8,2.7770745703e-8,3.03443634664e-8,3.38507497588e-8,6.27473761838e-9,5.04367693444e-11],"max":[0.0251021552831,0.165967315435,0.0482714958489,0.0240883249789,0.0311546996236,0.0831033885479,0.0636154860258,0.142968699336,0.18244920671,0.117049276829,0.0846202820539,0.0396701693535,0.0289367567748,0.0254188161343,0.0398541986942,0.00932746287435,0.0105010597035,0.00917809642851,0.00229200487956,0.00611916510388,0.00367248756811,0.00420607579872,0.00754169095308,0.00583194289356,0.00582592841238,0.00334522104822,0.000379594624974],"mean":[0.000711646280251,0.00534499483183,0.00194082316011,0.00116974441335,0.00127633986995,0.00221838103607,0.00118901254609,0.00161750230473,0.00306209735572,0.000983714475296,0.000531058351044,0.000791228318121,0.000946964952163,0.00059215532383,0.000886701978743,0.000209351797821,0.000157292641234,0.0000850385913509,0.0000518188353453,0.000112626628834,0.0000798943219706,0.000052234478062,0.0000236090709222,0.0000437530106865,0.0000483312323922,0.0000172246382135,0.00000265231960839],"median":[0.0000267177856585,0.00060180190485,0.000275825441349,0.00032846146496,0.00065978767816,0.000965174171142,0.000305303663481,0.000271085882559,0.000297222228255,0.00015383369464,0.0000527504562342,0.00018463638844,0.000248687661951,0.00014896329958,0.000158719631145,0.0000601536085014,0.0000428925195592,0.0000228579756367,0.000011748588804,0.0000149989227793,0.0000101377845567,0.000003051818112,0.00000211176097764,0.00000369775739273,0.00000297147016681,9.16999226774e-7,6.36469678739e-7],"min":[3.21433046846e-10,8.37753588723e-10,5.74797917596e-11,6.47763613582e-12,2.95273840101e-11,6.44702347063e-12,4.06825571495e-12,1.08793425657e-11,3.12469364619e-12,1.00646270831e-12,1.89840526112e-12,4.13203022145e-12,3.4321224248e-12,5.63152649513e-12,2.7953308071e-12,6.62839195423e-13,2.57405511836e-12,3.2773033419e-12,2.35663225046e-12,3.216565252e-12,5.83047325697e-12,7.88067874846e-12,8.79801179826e-12,1.16328413916e-11,1.51933344378e-11,3.39971210905e-11,5.33821563342e-11],"var":[0.00000476409923067,0.000149675091961,0.0000159989667736,0.0000041332341425,0.00000336580160365,0.000016819438315,0.00000773685769673,0.0000274010490102,0.000146674181451,0.0000247076441156,0.00000507560480401,0.00000387476029573,0.00000419616344516,0.00000214317992686,0.00000718834189684,2.19312667582e-7,1.4361236822e-7,3.87326082318e-8,1.4781156743e-8,9.83875452221e-8,3.34966721027e-8,3.59704444008e-8,1.27988624143e-8,2.80290315402e-8,5.27049017762e-8,1.01300043909e-8,9.50572884295e-11]},"barkbands_crest":{"dmean":2.90066194534,"dmean2":4.60725545883,"dvar":8.29671478271,"dvar2":20.8017272949,"max":26.0523166656,"mean":10.7867708206,"median":9.688539505,"min":2.491710186,"var":23.2477035522},"barkbands_flatness_db":{"dmean":0.0275385081768,"dmean2":0.0389755219221,"dvar":0.000856463331729,"dvar2":0.00171042885631,"max":0.486664354801,"mean":0.170144319534,"median":0.160367891192,"min":0.0157958026975,"var":0.00407483475283},"barkbands_kurtosis":{"dmean":5.09780788422,"dmean2":7.87779426575,"dvar":219.489105225,"dvar2":471.383758545,"max":630.461181641,"mean":7.0446805954,"median":1.76819610596,"min":-1.9127509594,"var":412.821655273},"barkbands_skewness":{"dmean":0.700996339321,"dmean2":1.04129564762,"dvar":0.783071815968,"dvar2":1.71842730045,"max":20.9136505127,"mean":1.51957011223,"median":1.18001949787,"min":-5.04208421707,"var":2.6730761528},"barkbands_spread":{"dmean":4.84548950195,"dmean2":7.33314037323,"dvar":41.9097099304,"dvar2":96.6542129517,"max":112.69405365,"mean":15.1914281845,"median":13.6294050217,"min":0.211598500609,"var":107.748146057},"dissonance":{"dmean":0.0303451810032,"dmean2":0.0497643612325,"dvar":0.000883277447429,"dvar2":0.00227550277486,"max":0.5,"mean":0.436289221048,"median":0.446507185698,"min":0.140905976295,"var":0.00205253041349},"dynamic_complexity":5.40737438202,"erbbands":{"dmean":[0.193247497082,0.706327259541,1.20163238049,2.22337603569,2.23425006866,2.75718259811,6.88458395004,10.5491743088,9.22346687317,13.354886055,27.4958705902,32.2201728821,26.299161911,15.6198234558,14.1338186264,16.9562683105,21.0244903564,27.4570732117,24.0739345551,37.8163375854,7.22129774094,5.14589595795,3.49002718925,1.78457415104,1.96172451973,3.11707448959,4.42881011963,1.43342912197,1.01308143139,0.64060652256,0.434215128422,0.512336730957,0.620520114899,0.382039368153,0.181600153446,0.0648813024163,0.0136219207197,0.00215750001371,0.000213563267607,0.0000175714667421],"dmean2":[0.321937412024,1.11585152149,1.90793454647,3.42267680168,3.60489916801,4.38689517975,10.4928092957,16.1306285858,14.4568967819,20.3041343689,40.3693313599,46.7564926147,35.5467643738,22.3659038544,20.5086345673,25.0864257812,32.1611289978,41.4135780334,37.8959922791,65.3973312378,11.2662439346,7.93660974503,5.43510007858,2.71406888962,2.88940477371,4.57822036743,7.43426084518,2.23717498779,1.43656432629,0.905054032803,0.652553200722,0.783786833286,0.953249454498,0.556645512581,0.24763803184,0.0875074639916,0.0179898496717,0.00288752885535,0.000298289291095,0.0000241565830947],"dvar":[0.346327513456,4.00048446655,7.79824352264,18.4965953827,20.2397766113,25.6299133301,221.190353394,568.906860352,667.260253906,1938.94494629,9348.65039062,14995.46875,12033.2568359,3410.97827148,1840.2557373,1972.54040527,2634.13720703,4679.52880859,4100.98095703,25758.8808594,299.388092041,266.851959229,127.106575012,29.4381370544,25.5701980591,67.5682907104,129.187179565,12.4227275848,15.2753162384,7.52148485184,10.2090559006,6.50883865356,4.29698133469,2.58005666733,1.02111196518,0.167425855994,0.00612965133041,0.000148651612108,9.6738801858e-7,1.46845158255e-9],"dvar2":[0.913909435272,9.61449337006,19.3258514404,46.1930465698,53.7730636597,62.6093940735,460.894683838,1239.12817383,1527.70092773,4519.84130859,18101.2421875,30183.6367188,19242.4550781,5471.68798828,3435.65869141,3910.26904297,5887.8828125,10410.8945312,9357.55273438,72457.1640625,721.569580078,644.589355469,329.960784912,67.4877166748,49.2112083435,120.908348083,346.882476807,26.7987499237,26.798614502,16.5577926636,27.540594101,16.7567672729,8.4027299881,4.82136869431,1.92167007923,0.307987302542,0.00909560639411,0.000203653878998,0.00000156945475283,2.46272957583e-9],"max":[6.10274219513,31.9186038971,37.9503097534,64.1662597656,69.1909561157,114.24092865,632.512695312,710.932739258,841.283874512,1254.65844727,4142.70361328,3959.07226562,4936.5546875,3236.86230469,1578.20690918,1416.0892334,1452.67602539,1535.2767334,1944.72302246,2149.5402832,467.807159424,454.735015869,521.431335449,172.191574097,168.399475098,353.213623047,176.667205811,157.830810547,159.364105225,152.157546997,239.653274536,168.789352417,82.6083831787,64.9336242676,42.0690498352,20.6644573212,4.52370643616,0.822459101677,0.0540234968066,0.00184268888552],"mean":[0.225660085678,0.941094517708,1.86584162712,3.68595409393,3.12681126595,4.28731775284,12.0819530487,19.3458595276,15.4635276794,22.6495513916,42.6026573181,59.4766807556,57.8377685547,29.5716743469,27.2761116028,31.4567050934,37.4154891968,44.3234214783,34.140411377,35.8534431458,11.2288970947,8.02190876007,5.55099630356,2.85298657417,3.53213572502,5.54431915283,4.51423120499,2.11246609688,1.97646284103,1.13077485561,0.651276648045,0.684891879559,0.861518502235,0.596371293068,0.295899659395,0.111062496901,0.0253742225468,0.00411317730322,0.000452381937066,0.0000510358804604],"median":[0.0174323376268,0.130129590631,0.349405020475,1.10447847843,1.21471464634,2.0545938015,4.37758827209,7.6387887001,5.28406143188,5.8778886795,7.76986598969,6.98966503143,6.95607233047,7.00839281082,5.86087799072,9.4070930481,10.757478714,12.9926052094,8.77947425842,6.41200399399,3.77925372124,2.39651942253,1.61932730675,0.823148965836,0.660962104797,0.733625411987,0.567448735237,0.26211592555,0.118806280196,0.084357753396,0.0603667721152,0.0653806626797,0.0639369413257,0.0371482782066,0.0145775768906,0.00505400029942,0.00143266294617,0.000355514290277,0.0000956449730438,0.0000293721095659],"min":[3.51686821887e-8,1.4898270706e-7,9.27862586764e-8,5.45418039621e-8,6.5360090673e-8,1.06573232017e-7,5.75012570891e-8,5.77463126206e-8,6.71059794399e-8,1.42557325944e-7,2.39628036525e-7,9.38736661737e-8,4.42386465238e-8,5.19142915323e-8,7.65721566154e-8,1.93198687271e-7,1.73730839492e-7,2.2723561699e-7,2.69748397841e-7,6.48292797223e-8,4.26204529447e-8,1.57756488761e-7,1.66753650888e-7,1.48161703351e-7,1.14672957352e-7,1.07183488751e-7,2.35610897903e-7,2.81753273157e-7,2.17884689846e-7,3.67627421838e-7,2.01373012487e-7,1.74253230512e-7,2.15697070871e-7,2.01226967533e-7,1.22335251262e-7,1.44385396084e-7,5.71914107184e-8,1.63038826884e-8,8.103424598e-9,8.14779632652e-10],"var":[0.313376575708,4.34872674942,13.3847703934,33.2706604004,25.987859726,45.5154914856,669.778442383,1548.1920166,1138.61035156,3047.26293945,20206.5976562,49409.2539062,71864.8671875,12796.6455078,5940.10986328,5677.16455078,7183.98339844,9299.40527344,7343.44287109,16931.7558594,467.173736572,349.163452148,146.357070923,46.5033988953,66.8094482422,262.36239624,115.158256531,29.0736427307,55.7380867004,16.4699306488,10.7813129425,8.24030971527,11.15163517,6.87759208679,2.67753958702,0.432490795851,0.0189874749631,0.000476532382891,0.00000290039042738,5.28187360516e-9]},"erbbands_crest":{"dmean":3.27812242508,"dmean2":5.2534661293,"dvar":11.570476532,"dvar2":27.2581233978,"max":33.2058563232,"mean":11.1315956116,"median":9.65750026703,"min":1.7274081707,"var":30.310918808},"erbbands_flatness_db":{"dmean":0.0240725539625,"dmean2":0.0340764299035,"dvar":0.000589391449466,"dvar2":0.00109853956383,"max":0.452451556921,"mean":0.193922907114,"median":0.191767826676,"min":0.0174827370793,"var":0.00306518189609},"erbbands_kurtosis":{"dmean":1.66452229023,"dmean2":2.60434412956,"dvar":9.61697292328,"dvar2":20.7664489746,"max":96.744972229,"mean":1.66673219204,"median":0.35439825058,"min":-1.87239694595,"var":22.0436153412},"erbbands_skewness":{"dmean":0.505447506905,"dmean2":0.755573451519,"dvar":0.287466198206,"dvar2":0.621308267117,"max":8.77050685883,"mean":0.355953395367,"median":0.27237573266,"min":-4.7599158287,"var":1.07484745979},"erbbands_spread":{"dmean":7.55913209915,"dmean2":11.6837863922,"dvar":110.703910828,"dvar2":260.033081055,"max":182.286331177,"mean":25.6974201202,"median":22.0435943604,"min":1.02477812767,"var":287.304321289},"gfcc":{"cov":[[16190.3339844,-313.298156738,-2111.56713867,779.424865723,-1356.19726562,586.589294434,-269.196746826,485.221099854,-148.387710571,149.58404541,-190.043365479,-55.609703064,147.020019531],[-313.298156738,1715.48913574,43.6489448547,-242.731567383,627.952514648,-167.888763428,133.976303101,-87.1091842651,120.798217773,-61.8156852722,117.445884705,-78.8577194214,-11.4940395355],[-2111.56713867,43.6489448547,1257.89477539,189.115707397,186.000518799,162.428329468,59.9205627441,7.36079978943,45.4089317322,25.3771343231,-24.3659305573,-21.4933891296,-40.3010673523],[779.424865723,-242.731567383,189.115707397,732.335571289,5.7902097702,200.224014282,71.5398101807,91.9458312988,30.8412380219,38.5316467285,12.2022895813,-53.4877204895,73.3550033569],[-1356.19726562,627.952514648,186.000518799,5.7902097702,661.508972168,23.4735336304,147.875091553,-26.7216930389,72.6635513306,-14.0825614929,57.7124214172,-8.20836830139,-13.7443151474],[586.589294434,-167.888763428,162.428329468,200.224014282,23.4735336304,317.963470459,78.3153457642,83.9291534424,13.0273647308,22.7233695984,2.58700680733,-9.53710174561,0.134613588452],[-269.196746826,133.976303101,59.9205627441,71.5398101807,147.875091553,78.3153457642,214.948379517,75.6613388062,42.3619728088,7.14699029922,25.7196159363,10.1525774002,9.90344524384],[485.221099854,-87.1091842651,7.36079978943,91.9458312988,-26.7216930389,83.9291534424,75.6613388062,175.578796387,56.0384140015,26.0125026703,-13.0830717087,9.87553596497,29.0844173431],[-148.387710571,120.798217773,45.4089317322,30.8412380219,72.6635513306,13.0273647308,42.3619728088,56.0384140015,143.789382935,37.1434707642,4.04980230331,-7.04026794434,8.7174539566],[149.58404541,-61.8156852722,25.3771343231,38.5316467285,-14.0825614929,22.7233695984,7.14699029922,26.0125026703,37.1434707642,108.494056702,33.2183227539,8.80802440643,13.6477622986],[-190.043365479,117.445884705,-24.3659305573,12.2022895813,57.7124214172,2.58700680733,25.7196159363,-13.0830717087,4.04980230331,33.2183227539,131.764129639,26.5802497864,16.7769889832],[-55.609703064,-78.8577194214,-21.4933891296,-53.4877204895,-8.20836830139,-9.53710174561,10.1525774002,9.87553596497,-7.04026794434,8.80802440643,26.5802497864,114.79724884,15.6373720169],[147.020019531,-11.4940395355,-40.3010673523,73.3550033569,-13.7443151474,0.134613588452,9.90344524384,29.0844173431,8.7174539566,13.6477622986,16.7769889832,15.6373720169,118.496696472]],"icov":[[0.00028697118978,-0.00061855383683,0.000562559871469,-0.000465308898129,0.000722741708159,-0.000872993550729,0.000592882279307,-0.000644689251203,0.000671055109706,-0.000812992278952,0.000897665333468,-0.000553146819584,0.000247007090366],[-0.00061855383683,0.00264920876361,-0.00123743910808,0.00144609739073,-0.00251753721386,0.00243075774051,-0.00161749694962,0.00158465676941,-0.00230078166351,0.00266745709814,-0.00307887140661,0.00247643445618,-0.000869022973347],[0.000562559871469,-0.00123743910808,0.00204247725196,-0.00111852725968,0.00118134496734,-0.00211603054777,0.00117739080451,-0.000984698650427,0.00115832977463,-0.00187259609811,0.00216992478818,-0.00122875848319,0.000837174709886],[-0.000465308898129,0.00144609739073,-0.00111852725968,0.00285877240822,-0.00140062451828,0.000638215220533,-0.00123714329675,0.000784217379987,-0.00132541288622,0.00140956731047,-0.00208857445978,0.00242108735256,-0.00177344691474],[0.000722741708159,-0.00251753721386,0.00118134496734,-0.00140062451828,0.00473185628653,-0.00260173063725,0.000140360265505,-0.000584192224778,0.00109890417662,-0.00194134248886,0.00228916341439,-0.00208767526783,0.00090551993344],[-0.000872993550729,0.00243075774051,-0.00211603054777,0.000638215220533,-0.00260173063725,0.0074940440245,-0.00278428895399,0.000333506875904,-0.00150117988233,0.00239538098685,-0.00333333690651,0.00229145796038,0.0000488151308673],[0.000592882279307,-0.00161749694962,0.00117739080451,-0.00123714329675,0.000140360265505,-0.00278428895399,0.00866406038404,-0.00442121131346,0.00135449296795,-0.00121124961879,0.00104956061114,-0.00196369481273,0.000804693845566],[-0.000644689251203,0.00158465676941,-0.000984698650427,0.000784217379987,-0.000584192224778,0.000333506875904,-0.00442121131346,0.0112149110064,-0.00480898749083,0.00118181307334,-0.000323434302118,0.000344806321664,-0.00210010120645],[0.000671055109706,-0.00230078166351,0.00115832977463,-0.00132541288622,0.00109890417662,-0.00150117988233,0.00135449296795,-0.00480898749083,0.0117983277887,-0.00558473588899,0.0033338451758,-0.00113829865586,0.000808443583082],[-0.000812992278952,0.00266745709814,-0.00187259609811,0.00140956731047,-0.00194134248886,0.00239538098685,-0.00121124961879,0.00118181307334,-0.00558473588899,0.0147885242477,-0.00667821289971,0.00205333670601,-0.00127662788145],[0.000897665333468,-0.00307887140661,0.00216992478818,-0.00208857445978,0.00228916341439,-0.00333333690651,0.00104956061114,-0.000323434302118,0.0033338451758,-0.00667821289971,0.0135975824669,-0.00487329717726,0.000121333825518],[-0.000553146819584,0.00247643445618,-0.00122875848319,0.00242108735256,-0.00208767526783,0.00229145796038,-0.00196369481273,0.000344806321664,-0.00113829865586,0.00205333670601,-0.00487329717726,0.0124360686168,-0.00225932942703],[0.000247007090366,-0.000869022973347,0.000837174709886,-0.00177344691474,0.00090551993344,0.0000488151308673,0.000804693845566,-0.00210010120645,0.000808443583082,-0.00127662788145,0.000121333825518,-0.00225932942703,0.0103525817394]],"mean":[-73.9471664429,113.929527283,-108.911361694,-2.64074158669,-39.9084739685,8.22116184235,-34.3317222595,1.14738440514,-19.6872138977,10.1947431564,-11.0646324158,-6.000872612,-4.42820072174]},"hfc":{"dmean":6.03321361542,"dmean2":8.5594997406,"dvar":113.729469299,"dvar2":250.714035034,"max":226.552627563,"mean":15.322479248,"median":8.00033569336,"min":0.00000276687319456,"var":398.055969238},"melbands":{"dmean":[0.00139965990093,0.000663886137772,0.000383664766559,0.000156533307745,0.000212499202462,0.000226129370276,0.000142775708809,0.000153730390593,0.00022780879226,0.000218367058551,0.000132870409288,0.0000654935720377,0.0000475386550534,0.000052113457059,0.0000393715818063,0.0000598856531724,0.0000483014373458,0.0000317781232297,0.0000663498503854,0.0000241462639679,0.00000669919472784,0.00000567263032281,0.0000043383688535,0.00000306201559397,0.00000133584114792,0.00000127202577005,0.00000180158019703,0.00000220669562623,0.00000295365293823,0.00000195555253413,6.01121030286e-7,6.0038820493e-7,5.19771276686e-7,3.13705839972e-7,2.5123469527e-7,2.43050038762e-7,3.65901740906e-7,4.41930552597e-7,4.69329819452e-7,2.93737230095e-7],"dmean2":[0.00225048256107,0.00102277076803,0.000593337987084,0.00024952768581,0.000325375673128,0.000346277782228,0.000221058129682,0.000234546561842,0.000334312848281,0.000314895762131,0.000179605020094,0.000094423572591,0.0000688433137839,0.0000765632139519,0.0000601902574999,0.0000916119897738,0.0000732204134692,0.0000484493175463,0.000114011665573,0.0000405193022743,0.0000102717831396,0.00000875949717738,0.00000693154879627,0.00000483307803734,0.00000204540356208,0.00000192042352865,0.00000259263174485,0.00000330768784806,0.00000496238862979,0.00000330110856339,8.92488742466e-7,8.59018484789e-7,7.41663370718e-7,4.58242794821e-7,3.8346993847e-7,3.7128177155e-7,5.75153933369e-7,6.80605296566e-7,7.36418712677e-7,4.23262349614e-7],"dvar":[0.0000169607683347,0.00000250403286373,5.17703426794e-7,8.45397210014e-8,1.80750248546e-7,2.42160041353e-7,1.62442859164e-7,2.53998592825e-7,6.53746099033e-7,6.59311183426e-7,3.06509832626e-7,6.65827570856e-8,2.53263863215e-8,1.90475457629e-8,1.03012167685e-8,1.82466450838e-8,1.59839874669e-8,7.91473464545e-9,7.27626598973e-8,7.15584835831e-9,2.90872687048e-10,3.50185686004e-10,2.1057863786e-10,8.89967891049e-11,1.90864008626e-11,1.06887736509e-11,3.13111238326e-11,3.69036329273e-11,5.5710706881e-11,2.57811844789e-11,3.58225211647e-12,5.71539777311e-12,3.98620199349e-12,2.56574232346e-12,3.60412676266e-12,3.39939621591e-12,2.25612779327e-12,2.34214557471e-12,3.10508650042e-12,1.96392793521e-12],"dvar2":[0.0000425172474934,0.00000590669515077,0.00000131736896947,2.15733351183e-7,3.87376559274e-7,5.24215806763e-7,3.63092226507e-7,5.87227248161e-7,0.00000124092071019,0.00000127028715724,4.87205397803e-7,1.0788485838e-7,4.61635458748e-8,3.65656163126e-8,2.33681696216e-8,3.98123489731e-8,3.62389904751e-8,1.67170846055e-8,2.03509358698e-7,1.95142426662e-8,6.73896161096e-10,8.19648515726e-10,5.34624067239e-10,2.33047470211e-10,4.29867322294e-11,2.3678147984e-11,5.51544886152e-11,6.9277236725e-11,1.47383119597e-10,6.93699889198e-11,6.79241038415e-12,1.02845483865e-11,7.23614614409e-12,6.09145329664e-12,9.74952670679e-12,9.17248221821e-12,5.6668545724e-12,4.61474868735e-12,6.80513935133e-12,3.75950008971e-12],"max":[0.0515140704811,0.0173191260546,0.00926249753684,0.0063933567144,0.0165015142411,0.0142075866461,0.0137087395415,0.0129145672545,0.0356289371848,0.0265528708696,0.0238343141973,0.0154468351975,0.00701293954626,0.00612047640607,0.00271838763729,0.00390355708078,0.00276349228807,0.00330379744992,0.00367839890532,0.00146724260412,0.000678085081745,0.000644896179438,0.000435334310168,0.00044425597298,0.000134146641358,0.0000826547475299,0.000249534554314,0.000300201791106,0.000147770348121,0.000088283471996,0.0000922866383917,0.0000902118263184,0.0000838672058308,0.0000972053967416,0.00014474154159,0.000130686530611,0.0000876222693478,0.0000907477806322,0.000069260597229,0.0000577565733693],"mean":[0.00176298269071,0.00106594990939,0.000631409464404,0.000231008263654,0.00037559896009,0.000421891571023,0.000246173673077,0.000251217192272,0.000343406485626,0.000422993500251,0.000288350856863,0.000116804105346,0.0000864969479153,0.0000943725608522,0.0000660838777549,0.000101598176116,0.0000745836441638,0.000046531418775,0.0000635049073026,0.0000267995255854,0.0000106440329546,0.00000837721472635,0.0000064612031565,0.00000448391483587,0.00000194085873773,0.00000201377361009,0.00000340183282788,0.00000366544531971,0.00000290919297186,0.00000204233765544,0.00000101777595773,0.00000116251453619,9.19688602607e-7,5.10387849317e-7,3.64119699725e-7,3.44081740877e-7,4.52355578773e-7,5.93529080106e-7,6.33122454019e-7,4.59568269662e-7],"median":[0.000165759789525,0.000218844186747,0.000232241814956,0.000108264721348,0.000151601430844,0.000173252105014,0.0000841128639877,0.00006158274482,0.000050708084018,0.000040779934352,0.0000316104960802,0.0000232085021707,0.0000126501181512,0.0000198323923541,0.0000184551790881,0.0000276917544397,0.0000199045643967,0.0000109525426524,0.0000100551933429,0.00000532081776328,0.00000347830723513,0.00000223346842176,0.00000171351848621,0.00000106123127352,4.96619122714e-7,4.05685511851e-7,4.35220158579e-7,4.45128705451e-7,3.47958092561e-7,2.27778372164e-7,9.51400096483e-8,5.84664228143e-8,5.42614877475e-8,3.82808309496e-8,3.08539966909e-8,3.02809475272e-8,3.8583820583e-8,4.21968309183e-8,3.83006266702e-8,2.47992932856e-8],"min":[3.12895293009e-10,9.34751789861e-11,1.02509450581e-11,6.73488912209e-12,2.54167585416e-12,1.36635830688e-12,8.1975718531e-13,1.56171223956e-12,1.6297502627e-12,5.23140938121e-13,2.0645289677e-13,2.028144227e-13,2.64121813613e-13,4.22499952775e-13,5.11069322712e-13,2.3502518833e-13,4.61294576756e-13,5.09319962507e-13,1.49013952761e-13,4.21209426929e-14,4.65444807804e-14,1.14822309104e-13,2.64723030823e-13,1.01298648831e-13,1.22897880566e-13,8.05954221005e-14,6.84816176748e-14,7.1968682912e-14,1.60959719403e-13,1.42785468778e-13,1.89708532629e-13,1.1366310047e-13,1.75631590434e-13,2.18546385958e-13,1.36009977694e-13,5.60437452197e-14,1.26849160516e-13,1.14013873754e-13,2.15323066452e-13,1.52136373703e-13],"var":[0.0000172028758243,0.00000390618697566,8.82345318587e-7,1.22549309367e-7,5.29771853053e-7,6.75295950714e-7,2.86948960593e-7,3.856624744e-7,0.00000142762485211,0.00000280722974821,0.00000182721885267,2.46724965791e-7,8.15449041625e-8,6.18502440375e-8,2.25571934465e-8,4.62785685329e-8,2.92247364087e-8,1.68535354561e-8,4.93382366074e-8,5.90934812195e-9,4.93934670942e-10,4.64036531422e-10,2.6107108142e-10,1.05601902223e-10,2.95438534748e-11,2.13387311293e-11,1.0030178077e-10,1.25924701222e-10,5.31377442048e-11,2.36806216997e-11,1.12460622412e-11,2.12667002064e-11,1.14829057721e-11,4.49612439293e-12,3.78901207285e-12,3.3305892766e-12,3.14090333603e-12,6.09360478743e-12,6.24613642058e-12,4.92511240124e-12]},"melbands_crest":{"dmean":3.68985342979,"dmean2":5.78456163406,"dvar":13.0650196075,"dvar2":31.3354434967,"max":38.6887626648,"mean":14.6447143555,"median":13.5499248505,"min":3.42684149742,"var":38.026889801},"melbands_flatness_db":{"dmean":0.0351382829249,"dmean2":0.0489403270185,"dvar":0.00147249596193,"dvar2":0.00286447606049,"max":0.663993656635,"mean":0.258177340031,"median":0.246757477522,"min":0.0496661998332,"var":0.00751019455492},"melbands_kurtosis":{"dmean":8.43958091736,"dmean2":13.4915142059,"dvar":625.981567383,"dvar2":1653.3392334,"max":1068.60070801,"mean":12.4853858948,"median":3.9081659317,"min":-1.90524983406,"var":1003.24017334},"melbands_skewness":{"dmean":0.826735973358,"dmean2":1.24423336983,"dvar":1.19495952129,"dvar2":2.85409355164,"max":28.0071430206,"mean":2.115650177,"median":1.64699089527,"min":-2.2748670578,"var":3.91477489471},"melbands_spread":{"dmean":6.37768697739,"dmean2":9.65277576447,"dvar":137.899383545,"dvar2":268.821258545,"max":284.633056641,"mean":18.8674583435,"median":16.2405967712,"min":0.316888362169,"var":321.206390381},"mfcc":{"cov":[[14267.3779297,-875.70111084,-901.182128906,-50.5308914185,-606.604492188,-215.082351685,35.5056114197,-69.2713699341,308.123931885,32.884437561,-47.3014259338,26.056596756,41.7136306763],[-875.70111084,2178.40161133,-360.322875977,-14.317949295,288.984985352,25.4406452179,33.997215271,24.0667705536,-63.9186820984,31.4071865082,38.3194160461,52.3256797791,-18.664648056],[-901.182128906,-360.322875977,1055.72570801,111.785438538,89.7137145996,132.631866455,37.2964782715,22.9473667145,56.3486251831,51.4339408875,39.4495887756,-16.8019733429,-18.603395462],[-50.5308914185,-14.317949295,111.785438538,417.539276123,138.042388916,88.0419845581,89.4600601196,31.9373626709,87.2903900146,56.0979576111,-31.261964798,66.6757736206,0.516871750355],[-606.604492188,288.984985352,89.7137145996,138.042388916,324.051940918,142.755615234,90.1711044312,44.1495666504,40.3352394104,44.6295394897,6.17376613617,37.9023666382,-1.76391875744],[-215.082351685,25.4406452179,132.631866455,88.0419845581,142.755615234,220.822036743,101.366043091,59.5086364746,35.93699646,34.5670051575,26.211769104,20.8959732056,8.99519634247],[35.5056114197,33.997215271,37.2964782715,89.4600601196,90.1711044312,101.366043091,226.309173584,67.9486312866,39.0782356262,26.1354351044,14.0078868866,43.4909095764,0.875093340874],[-69.2713699341,24.0667705536,22.9473667145,31.9373626709,44.1495666504,59.5086364746,67.9486312866,180.509628296,52.3809089661,33.2518577576,29.9119873047,-10.882267952,22.9597988129],[308.123931885,-63.9186820984,56.3486251831,87.2903900146,40.3352394104,35.93699646,39.0782356262,52.3809089661,173.160797119,74.3197479248,5.39182138443,14.8042554855,12.6759576797],[32.884437561,31.4071865082,51.4339408875,56.0979576111,44.6295394897,34.5670051575,26.1354351044,33.2518577576,74.3197479248,130.708023071,28.5320320129,13.2430715561,2.71634817123],[-47.3014259338,38.3194160461,39.4495887756,-31.261964798,6.17376613617,26.211769104,14.0078868866,29.9119873047,5.39182138443,28.5320320129,122.197822571,9.52819633484,21.4026412964],[26.056596756,52.3256797791,-16.8019733429,66.6757736206,37.9023666382,20.8959732056,43.4909095764,-10.882267952,14.8042554855,13.2430715561,9.52819633484,150.565872192,25.7313499451],[41.7136306763,-18.664648056,-18.603395462,0.516871750355,-1.76391875744,8.99519634247,0.875093340874,22.9597988129,12.6759576797,2.71634817123,21.4026412964,25.7313499451,104.013298035]],"icov":[[0.0000890678711585,0.000020247485736,0.000085157706053,-0.0000104438759081,0.000178472837433,-0.0000319793252856,-0.0000696475908626,0.0000787254539318,-0.000221881316975,0.0000133919029395,-0.00000887165788299,-0.00000201127932087,0.00000121041136936],[0.000020247485736,0.000624858541414,0.000254408456385,0.000118453797768,-0.00073226261884,0.000245821895078,0.0000353795912815,-0.0000823326699901,0.000283774221316,-0.000209501158679,-0.000224731891649,-0.00013741668954,0.00018424623704],[0.000085157706053,0.000254408456385,0.00124707818031,-0.000193439758732,-0.0000966914958553,-0.000567944778595,0.0000988936735666,0.000205270727747,-0.000271867698757,-0.000153928922373,-0.000458206312032,0.000227034091949,0.000312114134431],[-0.0000104438759081,0.000118453797768,-0.000193439758732,0.00349482987076,-0.00101677293424,-0.000222588612814,-0.000483441661345,-0.0000352692950401,-0.000937168428209,-0.000580191030167,0.00132228899747,-0.00114707869943,0.000128387473524],[0.000178472837433,-0.00073226261884,-0.0000966914958553,-0.00101677293424,0.00608302420005,-0.00290328683332,-0.000493151601404,0.000143209093949,-0.00063698872691,-0.000366736814613,0.000513775623403,-0.000277776154689,0.000161764910445],[-0.0000319793252856,0.000245821895078,-0.000567944778595,-0.000222588612814,-0.00290328683332,0.00805533118546,-0.00203034933656,-0.000937560806051,0.000326122622937,-0.000209010948311,-0.000985456397757,0.000212394690607,-0.000449423270766],[-0.0000696475908626,0.0000353795912815,0.0000988936735666,-0.000483441661345,-0.000493151601404,-0.00203034933656,0.00655396655202,-0.00185970915481,-0.0000766577650211,0.0002579895081,-0.000138131392305,-0.0015735689085,0.000997269758955],[0.0000787254539318,-0.0000823326699901,0.000205270727747,-0.0000352692950401,0.000143209093949,-0.000937560806051,-0.00185970915481,0.007620384451,-0.00182302214671,-0.00028371551889,-0.00119675707538,0.00178160530049,-0.00155732699204],[-0.000221881316975,0.000283774221316,-0.000271867698757,-0.000937168428209,-0.00063698872691,0.000326122622937,-0.0000766577650211,-0.00182302214671,0.00940993893892,-0.00439700763673,0.000837060099002,-0.000140279502375,-0.000709495565388],[0.0000133919029395,-0.000209501158679,-0.000153928922373,-0.000580191030167,-0.000366736814613,-0.000209010948311,0.0002579895081,-0.00028371551889,-0.00439700763673,0.0112543059513,-0.00248411530629,-0.000201840506634,0.000807731470559],[-0.00000887165788299,-0.000224731891649,-0.000458206312032,0.00132228899747,0.000513775623403,-0.000985456397757,-0.000138131392305,-0.00119675707538,0.000837060099002,-0.00248411530629,0.0101328613237,-0.000812947924715,-0.00168707151897],[-0.00000201127932087,-0.00013741668954,0.000227034091949,-0.00114707869943,-0.000277776154689,0.000212394690607,-0.0015735689085,0.00178160530049,-0.000140279502375,-0.000201840506634,-0.000812947924715,0.00831388216466,-0.00224774098024],[0.00000121041136936,0.00018424623704,0.000312114134431,0.000128387473524,0.000161764910445,-0.000449423270766,0.000997269758955,-0.00155732699204,-0.000709495565388,0.000807731470559,-0.00168707151897,-0.00224774098024,0.01104747504]],"mean":[-725.06048584,160.343566895,-8.69102191925,3.10551214218,8.20508861542,5.90021276474,1.90103363991,-11.6980447769,1.77396166325,3.77449607849,-0.212247267365,3.7636115551,-2.94239974022]},"pitch_salience":{"dmean":0.07878831774,"dmean2":0.124382644892,"dvar":0.00590352062136,"dvar2":0.0148060610518,"max":0.90722578764,"mean":0.520945072174,"median":0.529983282089,"min":0.0651207640767,"var":0.0170306041837},"silence_rate_20dB":{"dmean":0,"dmean2":0,"dvar":0,"dvar2":0,"max":1,"mean":1,"median":1,"min":1,"var":0},"silence_rate_30dB":{"dmean":0.0140356961638,"dmean2":0.0280738230795,"dvar":0.0138394813985,"dvar2":0.0343935228884,"max":1,"mean":0.98206704855,"median":1,"min":0,"var":0.0176105648279},"silence_rate_60dB":{"dmean":0.0665395930409,"dmean2":0.133090719581,"dvar":0.0621181204915,"dvar2":0.128019750118,"max":1,"mean":0.1883392483,"median":0,"min":0,"var":0.152883306146},"spectral_centroid":{"dmean":231.099014282,"dmean2":342.046386719,"dvar":116495.570312,"dvar2":233783.25,"max":10736.6572266,"mean":972.846923828,"median":884.206115723,"min":109.66217804,"var":301348.375},"spectral_complexity":{"dmean":2.98371171951,"dmean2":4.2684340477,"dvar":12.7951059341,"dvar2":23.3420715332,"max":57,"mean":12.7721567154,"median":13,"min":0,"var":65.6084594727},"spectral_contrast_coeffs":{"dmean":[0.0498315505683,0.0517157316208,0.0432435683906,0.0376694276929,0.0274688918144,0.0234621930867],"dmean2":[0.0791453272104,0.0810082927346,0.0659660920501,0.0582304857671,0.0409358739853,0.033927321434],"dvar":[0.00177008809987,0.00205374951474,0.00146223639604,0.00114731793292,0.00062662945129,0.000525987299625],"dvar2":[0.00415487447754,0.00479643372819,0.0031255139038,0.00251980195753,0.00125673413277,0.00102509139106],"max":[-0.31856828928,-0.286263048649,-0.316564798355,-0.484593182802,-0.562758624554,-0.614290416241],"mean":[-0.664104700089,-0.699299514294,-0.724562823772,-0.742006957531,-0.781592786312,-0.792528152466],"median":[-0.671362161636,-0.700715780258,-0.730722784996,-0.744331777096,-0.786231577396,-0.792527556419],"min":[-0.946722745895,-0.961572647095,-0.967628002167,-0.959811091423,-0.959077894688,-0.961738169193],"var":[0.00810913182795,0.00805835798383,0.00891217403114,0.00566955562681,0.00379357789643,0.00285032810643]},"spectral_contrast_valleys":{"dmean":[0.520478606224,0.517831981182,0.431583225727,0.437965929508,0.476075023413,0.4602612257],"dmean2":[0.773044228554,0.780109882355,0.636491417885,0.628030717373,0.628074228764,0.600220501423],"dvar":[0.284089893103,0.291189551353,0.197966516018,0.223694264889,0.286925882101,0.264636605978],"dvar2":[0.536744594574,0.618968188763,0.384032011032,0.419308245182,0.49967366457,0.445739895105],"max":[-5.06789541245,-4.68795108795,-5.07678461075,-4.9219789505,-5.49651527405,-7.37428998947],"mean":[-7.85981893539,-7.26938819885,-8.01417255402,-8.29176330566,-8.9346780777,-11.4289445877],"median":[-7.71890258789,-7.06251239777,-7.81535387039,-8.15373897552,-8.77591323853,-11.3365831375],"min":[-27.793302536,-27.0882492065,-26.8746814728,-26.9065189362,-27.4478168488,-27.1897659302],"var":[1.85215032101,1.67119908333,1.61214566231,1.58221697807,1.68115854263,1.85512030125]},"spectral_decrease":{"dmean":2.47888598537e-9,"dmean2":3.48579720644e-9,"dvar":1.74765412875e-17,"dvar2":3.53425489859e-17,"max":-4.6924772951e-16,"mean":-6.02946359507e-9,"median":-3.76673581215e-9,"min":-6.25465688131e-8,"var":4.95626042788e-17},"spectral_energy":{"dmean":0.00979891326278,"dmean2":0.0137632731348,"dvar":0.000266392657068,"dvar2":0.000538345135283,"max":0.248644441366,"mean":0.024146264419,"median":0.0151379005983,"min":2.02201033694e-9,"var":0.000782339193393},"spectral_energyband_high":{"dmean":0.000202854862437,"dmean2":0.000302048661979,"dvar":2.49536043384e-7,"dvar2":5.17235434927e-7,"max":0.017849188298,"mean":0.000324153108522,"median":0.0000502484763274,"min":1.32101565797e-10,"var":6.85466943651e-7},"spectral_energyband_low":{"dmean":0.00534540601075,"dmean2":0.0079235099256,"dvar":0.00017609007773,"dvar2":0.000383685634006,"max":0.173053815961,"mean":0.00863257516176,"median":0.00193308317102,"min":1.33208588604e-9,"var":0.000260242901277},"spectral_energyband_middle_high":{"dmean":0.00237561785616,"dmean2":0.00350361946039,"dvar":0.0000242476162384,"dvar2":0.0000544031790923,"max":0.120342202485,"mean":0.00506908399984,"median":0.00217343820259,"min":3.07963307633e-11,"var":0.0000639569989289},"spectral_energyband_middle_low":{"dmean":0.00440573971719,"dmean2":0.0063239489682,"dvar":0.000057660658058,"dvar2":0.000109858221549,"max":0.18635353446,"mean":0.0108813215047,"median":0.00588782504201,"min":6.95270369055e-11,"var":0.00027881594724},"spectral_entropy":{"dmean":0.25308316946,"dmean2":0.346863955259,"dvar":0.0697635039687,"dvar2":0.125528752804,"max":9.80201816559,"mean":7.04003286362,"median":7.07294082642,"min":4.5474562645,"var":0.329091340303},"spectral_flux":{"dmean":0.0289179831743,"dmean2":0.0434082597494,"dvar":0.00133091793396,"dvar2":0.00265462556854,"max":0.35182082653,"mean":0.072727419436,"median":0.0571019761264,"min":0.0000359927180398,"var":0.00346347736195},"spectral_kurtosis":{"dmean":4.91996526718,"dmean2":7.49798679352,"dvar":46.1134719849,"dvar2":99.3283538818,"max":109.961471558,"mean":12.8869552612,"median":9.21326828003,"min":-1.37868094444,"var":136.846710205},"spectral_rms":{"dmean":0.000908277230337,"dmean2":0.0012139553437,"dvar":0.00000140171459861,"dvar2":0.0000025146596272,"max":0.0155749786645,"mean":0.00409803912044,"median":0.00384300434962,"min":0.00000140452596042,"var":0.00000676347417539},"spectral_rolloff":{"dmean":350.209655762,"dmean2":583.580566406,"dvar":646791.5,"dvar2":1292500.375,"max":13608.984375,"mean":1136.2454834,"median":990.52734375,"min":21.533203125,"var":1524477},"spectral_skewness":{"dmean":0.487598031759,"dmean2":0.714031457901,"dvar":0.312871992588,"dvar2":0.643912792206,"max":8.88873672485,"mean":2.55013513565,"median":2.35537052155,"min":-0.195136263967,"var":1.13872098923},"spectral_spread":{"dmean":658666.0625,"dmean2":938405.4375,"dvar":778050469888,"dvar2":1390774321150,"max":42216720,"mean":3791382.25,"median":3466630.5,"min":914915.0625,"var":3927950491650},"spectral_strongpeak":{"dmean":0.577044308186,"dmean2":0.938718318939,"dvar":1.01611089706,"dvar2":2.30200433731,"max":12.2556505203,"mean":1.10853874683,"median":0.398476660252,"min":0,"var":2.83013343811},"zerocrossingrate":{"dmean":0.00905338209122,"dmean2":0.0103169037029,"dvar":0.000215012012632,"dvar2":0.000210366022657,"max":0.43896484375,"mean":0.0457992404699,"median":0.03955078125,"min":0.00244140625,"var":0.00134719477501}},"metadata":{"audio_properties":{"analysis_sample_rate":44100,"bit_rate":0,"codec":"flac","downmix":"mix","equal_loudness":0,"length":268,"lossless":true,"md5_encoded":"ba7f076f3f8759aabbff08bc4adb2673","replay_gain":-11.0732097626,"sample_rate":44100},"tags":{"album":["Natty Dread"],"albumartist":["Bob Marley & The Wailers"],"albumartistsort":["Marley, Bob & The Wailers"],"artist":["Bob Marley & The Wailers"],"artistsort":["Marley, Bob & The Wailers"],"asin":["B00005KB9X"],"barcode":["731454889520"],"catalognumber":["548 895-2","548 895-2"],"date":["2001-06-25"],"discnumber":["1"],"disctotal":["1"],"file_name":"01-05 So Jah Seh.flac","genre":["Reggae"],"isrc":["GBAAN7400148"],"label":["Island Records","Tuff Gong"],"media":["CD"],"musicbrainz_albumartistid":["c296e10c-110a-4103-9e77-47bfebb7fb2e"],"musicbrainz_albumid":["923f47e4-b878-4b09-acf3-3b7ff85a286d"],"musicbrainz_artistid":["c296e10c-110a-4103-9e77-47bfebb7fb2e"],"musicbrainz_recordingid":["c10d6bae-6f20-42f6-afd1-481cdcda1e21"],"musicbrainz_releasegroupid":["e776533c-4132-3b63-bfaa-94fe901951b5"],"originaldate":["1974-10-25"],"releasecountry":["GB"],"releasestatus":["official"],"releasetype":["album"],"script":["Latn"],"title":["So Jah Seh"],"totaldiscs":["1"],"totaltracks":["10"],"tracknumber":["5"],"tracktotal":["10"]},"version":{"essentia":"2.1-beta1","essentia_build_sha":"ca57ba49d9b1854bd80e60cf9ccf267278fb7d6b","essentia_git_sha":"v2.1_beta1-28-g21ef5f4-dirty","extractor":"music 1.0"}},"rhythm":{"beats_count":679,"beats_loudness":{"dmean":0.0302078220993,"dmean2":0.0528218820691,"dvar":0.000646312488243,"dvar2":0.00172417238355,"max":0.255997151136,"mean":0.0438906662166,"median":0.0385803095996,"min":1.59964219648e-8,"var":0.0010058315238},"beats_loudness_band_ratio":{"dmean":[0.30235645175,0.13975353539,0.139540016651,0.100300624967,0.0638553500175,0.0234730169177],"dmean2":[0.536285221577,0.256021440029,0.246626451612,0.177692040801,0.113732241094,0.043907307