{"lowlevel":{"average_loudness":0.857438385487,"barkbands":{"dmean":[0.000153154251166,0.00762829789892,0.00427243905142,0.000950470974203,0.000869801326189,0.000265595735982,0.000175109118572,0.00022661453113,0.00016627900186,0.000190750419279,0.000093986869615,0.000147149155964,0.000178334637894,0.000345369917341,0.000375819625333,0.000321097235428,0.000338147190632,0.000267587485723,0.000160236028023,0.000101201811049,0.0000953003909672,0.0000520196590514,0.0000342546118191,0.0000293903412967,0.0000236866198975,0.00000324655388795,8.58479893395e-7],"dmean2":[0.000257755367784,0.012990067713,0.00778120942414,0.00165211316198,0.00148738070857,0.000436427944805,0.000285457470454,0.00035652751103,0.000263805384748,0.000285431509838,0.000149272644194,0.000232329242863,0.000278912397334,0.000549787771888,0.000603207503445,0.000527873751707,0.000551106058992,0.000435242924141,0.000262503512204,0.000167713369592,0.000157768328791,0.000083988190454,0.0000537652122148,0.0000425189864472,0.0000334495125571,0.0000048288875405,0.00000121093728467],"dvar":[8.35156086509e-8,0.000251272314927,0.0000500818969158,0.00000222898120228,0.0000033403193811,3.0765994552e-7,1.10394708486e-7,3.06731067212e-7,1.86322523632e-7,3.60374144748e-7,9.88626851495e-8,1.42625125932e-7,2.87036840518e-7,5.0321841627e-7,8.02803754141e-7,5.34583648459e-7,6.40700307031e-7,3.51262713139e-7,1.41550714261e-7,6.10226607023e-8,5.94547877597e-8,2.26394671898e-8,6.38846264778e-9,1.50979264646e-8,1.45743932478e-8,2.50229087451e-10,2.33105635489e-11],"dvar2":[2.12588275872e-7,0.000633775780443,0.000145934973261,0.00000614875989413,0.0000095047744253,8.02042904979e-7,2.68241961976e-7,7.25872837393e-7,4.24606554361e-7,7.605330552e-7,2.25856709335e-7,3.0595541034e-7,6.42554653041e-7,0.00000123800873553,0.00000198825523512,0.00000132281297738,0.0000015546963823,8.71718327744e-7,3.71941837329e-7,1.60747603672e-7,1.40463100706e-7,5.25373629046e-8,1.41898732764e-8,2.69739448555e-8,2.64012971485e-8,5.13278142211e-10,4.24649898578e-11],"max":[0.0028616618365,0.0995951145887,0.059681031853,0.0193546079099,0.0277387481183,0.0122164748609,0.0105637907982,0.0106826089323,0.0139650916681,0.0175024606287,0.0141111267731,0.0130161335692,0.018950831145,0.0155271310359,0.0258974246681,0.0197438672185,0.0224992893636,0.0163788665086,0.0108630126342,0.00686475681141,0.00875277630985,0.00602381583303,0.00243856315501,0.00541895534843,0.00296031171456,0.000678625481669,0.000257245643297],"mean":[0.000138670671731,0.00737232994288,0.00455454643816,0.00149490078911,0.00132357759867,0.000426734768553,0.000309384806314,0.000389166205423,0.000286424881779,0.000361893471563,0.000155750021804,0.000266716378974,0.000341745064361,0.000648075190838,0.000729215913452,0.000630828784779,0.000774503860157,0.000546999333892,0.000370710971765,0.000221499794861,0.000229850702453,0.000103135906102,0.0000701995450072,0.000059858433815,0.00004099416401,0.00000685918394083,0.00000144688908676],"median":[0.0000229042561841,0.00263902801089,0.00273065362126,0.000811741570942,0.000707950151991,0.000164926677826,0.000136370261316,0.000124472717289,0.0000957082665991,0.0000792089558672,0.0000395672614104,0.0000681780948071,0.0000706416540197,0.000215774329263,0.000152229666128,0.000129860840389,0.00011225475464,0.000154538895003,0.0000591126627114,0.0000385578714486,0.0000416862421844,0.0000192747356778,0.0000164099692483,0.00000414230862589,0.00000288763999379,0.000001219763476,1.64923363855e-7],"min":[5.36356587436e-25,1.66465921258e-24,5.4641407094e-25,8.02520376922e-25,6.19026883164e-24,6.80526637107e-24,6.61804127927e-24,4.06106540641e-24,8.82807454829e-24,1.76941185497e-23,1.21687892525e-23,1.85875240352e-23,3.02588331462e-23,3.07001882009e-23,3.51112585692e-23,4.50087713363e-23,7.91407285114e-23,9.84925846109e-23,9.23715541009e-23,1.34806508962e-22,2.25187501941e-22,3.47347825908e-22,4.19504364929e-22,5.49173104856e-22,8.36395467181e-22,1.26617844989e-21,1.87918956183e-21],"var":[7.67820722558e-8,0.000205527801882,0.0000355194315489,0.00000355925089934,0.00000373519037566,5.87502768212e-7,2.62001435658e-7,7.30339024813e-7,4.16061254782e-7,0.0000011461406757,2.0567249237e-7,3.32719650942e-7,8.05602553555e-7,0.00000124256973777,0.00000188537580925,0.00000138880477607,0.0000024211260552,9.08212996364e-7,4.49165554528e-7,1.69609464251e-7,1.99498941811e-7,5.28924601895e-8,1.63425841748e-8,3.46367770021e-8,2.96148900958e-8,4.39556530063e-10,4.83978759847e-11]},"barkbands_crest":{"dmean":3.22209048271,"dmean2":5.37235879898,"dvar":10.5574903488,"dvar2":28.2384109497,"max":26.1110458374,"mean":11.4473190308,"median":11.020570755,"min":2.304043293,"var":25.8356513977},"barkbands_flatness_db":{"dmean":0.0318148694932,"dmean2":0.0522027090192,"dvar":0.00115589937195,"dvar2":0.00307707278989,"max":0.526390016079,"mean":0.171999424696,"median":0.160917595029,"min":0.0306353140622,"var":0.00700106611475},"barkbands_kurtosis":{"dmean":9.08964920044,"dmean2":15.3122196198,"dvar":426.249725342,"dvar2":1165.3182373,"max":421.391479492,"mean":12.2138462067,"median":2.06366634369,"min":-1.9221175909,"var":774.342895508},"barkbands_skewness":{"dmean":0.986979722977,"dmean2":1.60466003418,"dvar":1.3459353447,"dvar2":3.50111603737,"max":15.8639545441,"mean":2.1409676075,"median":1.66934680939,"min":-2.78481793404,"var":5.17716836929},"barkbands_spread":{"dmean":6.45069980621,"dmean2":10.5026283264,"dvar":63.4069099426,"dvar2":148.245895386,"max":125.784843445,"mean":22.873298645,"median":20.7346744537,"min":0.276038765907,"var":280.980560303},"dissonance":{"dmean":0.0136872595176,"dmean2":0.0225342866033,"dvar":0.000268769392278,"dvar2":0.000694547372404,"max":0.499999970198,"mean":0.470231205225,"median":0.480152249336,"min":0.265292495489,"var":0.000917934637982},"dynamic_complexity":3.78010606766,"erbbands":{"dmean":[0.199424192309,1.8388761282,4.71858644485,4.2856554985,2.19754767418,3.32108926773,3.20691514015,1.9864127636,2.07504606247,3.57370066643,4.50895833969,3.58889245987,5.32984113693,4.80123281479,4.24138116837,5.06746482849,7.96837520599,10.0975370407,23.4636001587,15.1830148697,18.1636161804,17.1117153168,15.4246721268,8.44575881958,7.66241788864,4.42115449905,4.16896009445,3.35366153717,1.96064341068,1.58904623985,0.740981459618,0.579342067242,0.520500838757,0.378922432661,0.110560201108,0.022116817534,0.00497052818537,0.00110720191151,0.000148483857629,0.0000187583991647],"dmean2":[0.336718529463,3.18597054482,8.55886650085,7.60831403732,3.7742805481,5.72139501572,5.40545320511,3.26021027565,3.4179008007,5.63358783722,7.05415773392,5.71418523788,8.11560153961,7.24097681046,6.59741687775,8.00827217102,12.3884029388,16.011138916,37.5148048401,24.5405387878,29.6630115509,27.4558868408,25.0901565552,13.6356315613,12.6387548447,7.25991201401,6.9558134079,5.51502847672,3.17958259583,2.54852724075,1.16874480247,0.884921729565,0.739608287811,0.541422426701,0.158503368497,0.0324467532337,0.007425643038,0.00159442669246,0.000205473639653,0.0000292182667181],"dvar":[0.186561942101,14.5252342224,67.9951248169,47.7455863953,15.4256381989,58.3205680847,39.1872215271,20.3760528564,14.515004158,62.7491607666,144.946807861,98.8154220581,221.309539795,245.61038208,140.247558594,164.142410278,577.563720703,561.295166016,2604.25610352,1580.9095459,1667.17126465,1739.06970215,1106.70715332,368.391723633,333.073547363,114.133415222,121.344009399,78.2110443115,30.0590515137,16.659198761,3.60378170013,4.93513679504,5.69915533066,3.74747347832,0.321126878262,0.0100316461176,0.000929741130676,0.0000414113710576,8.62972456162e-7,1.43651135431e-9],"dvar2":[0.470510452986,37.4613418579,195.082931519,136.750976562,42.3732337952,166.421676636,108.003166199,50.4554595947,35.9835281372,145.255844116,343.001708984,235.985626221,458.160644531,521.717346191,310.351379395,333.905853271,1255.22033691,1287.66101074,6440.95068359,3807.21020508,4071.68798828,3945.63623047,2684.73510742,916.818359375,848.056884766,289.110321045,288.422393799,180.856231689,67.9638442993,37.2462768555,7.98409223557,8.70206832886,10.716547966,6.86333751678,0.599433362484,0.0216685999185,0.00187774829101,0.0000764233700465,0.00000155772534072,3.03554981151e-9],"max":[2.78824114799,26.2476005554,68.8615951538,69.8011932373,53.1090431213,126.594688416,107.768966675,107.402206421,79.7610473633,238.740966797,271.722320557,373.699066162,574.449035645,507.175872803,422.654632568,444.875427246,954.391296387,793.942687988,1541.16577148,1108.29882812,1342.28833008,1524.89660645,1116.12854004,805.889465332,589.553161621,333.960754395,379.297119141,290.273498535,200.920852661,109.85684967,63.0102386475,109.586799622,73.0580825806,50.4460945129,16.5900363922,4.08374214172,1.86336648464,0.305648714304,0.0517709888518,0.0014676040737],"mean":[0.174113050103,1.79755759239,5.07948827744,5.93151855469,3.41885972023,4.62648773193,4.95352077484,3.33257174492,3.81382894516,6.50712823868,7.89811611176,6.27318906784,10.1263189316,9.37453746796,8.16129398346,10.1890277863,16.3443756104,21.9563884735,47.976890564,32.3023834229,38.1547241211,42.8616905212,34.3318939209,20.513710022,17.7136650085,10.2774400711,9.79648399353,7.53343343735,4.0012845993,3.12338042259,1.60478818417,1.19709098339,0.976862370968,0.640200138092,0.194631129503,0.04339389503,0.0105254538357,0.00218109809794,0.000257657520706,0.0000379981429433],"median":[0.0392583683133,0.716104090214,2.9152367115,3.85109186172,2.0352833271,2.0820441246,2.07986092567,1.33729887009,1.96321213245,2.49556183815,2.88232779503,2.35718607903,2.90997004509,2.75380253792,2.73529648781,2.60311341286,3.67065834999,7.07587003708,14.6778993607,8.14710140228,7.32084083557,7.63148593903,9.57957935333,4.2163567543,2.8450949192,1.77643418312,1.37594985962,1.64273178577,0.778915286064,0.830446243286,0.277776628733,0.0945829451084,0.0655903071165,0.0388760380447,0.0161413922906,0.00905772391707,0.00116127519868,0.000159636925673,0.0000391396279156,0.0000217870328925],"min":[1.11829754961e-22,1.18300585329e-22,1.42529500138e-21,7.22765862324e-21,1.37477353183e-20,2.87021655916e-20,5.50173270422e-20,6.47123491104e-20,1.33688865977e-19,9.34063915299e-20,2.12453960332e-19,2.27693923013e-19,5.15553034676e-19,7.5066009864e-19,6.09847488604e-19,9.51848931779e-19,2.07211204307e-18,1.66135493379e-18,2.57876492455e-18,2.29997217769e-18,3.43280429838e-18,4.52668799955e-18,5.84298836653e-18,4.90389642095e-18,5.96379685422e-18,7.4761717e-18,8.2705446751e-18,1.03276204358e-17,1.20737722391e-17,1.22523555703e-17,1.12870763273e-17,1.0780125454e-17,9.39517033694e-18,8.43515609854e-18,6.23699682616e-18,4.28555575201e-18,2.24224014081e-18,9.43641645741e-19,2.67098972088e-19,2.82223652934e-20],"var":[0.152293413877,11.36140728,48.2657203674,47.0455513,19.6816444397,60.4458656311,70.2344207764,43.3165473938,33.3092651367,150.013916016,321.576538086,200.91394043,635.826538086,600.617492676,324.059082031,450.558990479,1739.99121094,1593.85522461,6200.265625,3755.89038086,4974.65917969,7285.27050781,3475.60302734,1246.19433594,1079.30651855,358.968505859,380.603515625,226.550628662,74.894821167,37.3943099976,9.73055362701,11.3734045029,12.1835832596,7.52748060226,0.602823078632,0.0159800052643,0.00159835792147,0.0000857283230289,0.00000176321225354,2.93136315221e-9]},"erbbands_crest":{"dmean":2.64844965935,"dmean2":4.31505012512,"dvar":6.43802928925,"dvar2":16.4734401703,"max":30.2984237671,"mean":9.55005264282,"median":8.36845397949,"min":2.41455364227,"var":20.2289485931},"erbbands_flatness_db":{"dmean":0.0193355493248,"dmean2":0.0287298969924,"dvar":0.000425149017246,"dvar2":0.000898562720977,"max":0.360081493855,"mean":0.168065592647,"median":0.163781791925,"min":0.0312926694751,"var":0.00196329108439},"erbbands_kurtosis":{"dmean":1.29160404205,"dmean2":2.10224366188,"dvar":5.65412092209,"dvar2":14.5680246353,"max":72.6295013428,"mean":1.17863345146,"median":0.379964113235,"min":-1.8762421608,"var":10.9168682098},"erbbands_skewness":{"dmean":0.391262620687,"dmean2":0.620642125607,"dvar":0.190521746874,"dvar2":0.467676103115,"max":6.90901708603,"mean":-0.311484456062,"median":-0.459570914507,"min":-5.44273853302,"var":1.079906106},"erbbands_spread":{"dmean":10.3887586594,"dmean2":16.570482254,"dvar":138.182846069,"dvar2":332.259490967,"max":160.634078979,"mean":38.4295539856,"median":34.3138427734,"min":1.84171617031,"var":410.152374268},"gfcc":{"cov":[[23675.0078125,-1420.5032959,-2879.88696289,1255.65588379,-1079.62194824,377.683349609,-881.530700684,376.5128479,-557.308837891,132.273193359,-502.837677002,232.094772339,-273.539001465],[-1420.5032959,2051.11889648,58.539352417,-250.620544434,390.727020264,-208.397598267,239.535629272,-128.312606812,217.072052002,-139.623626709,129.431472778,-160.150772095,35.861618042],[-2879.88696289,58.539352417,1004.21801758,-3.96660923958,-31.7172374725,110.921630859,143.957397461,-23.8972148895,45.0646209717,24.7677707672,79.0937423706,0.498932808638,76.9192581177],[1255.65588379,-250.620544434,-3.96660923958,421.726959229,-13.8110666275,0.369176357985,-49.1760025024,5.58954811096,-24.6040916443,14.3726739883,-7.74541902542,20.2707214355,17.6908531189],[-1079.62194824,390.727020264,-31.7172374725,-13.8110666275,374.983612061,-77.7670059204,53.516204834,-28.6146240234,101.746414185,-22.1690654755,58.7618904114,-51.1044960022,29.9467067719],[377.683349609,-208.397598267,110.921630859,0.369176357985,-77.7670059204,211.759613037,30.5929489136,14.6745328903,-20.1910648346,40.0272636414,-12.5656471252,19.0621147156,1.88682901859],[-881.530700684,239.535629272,143.957397461,-49.1760025024,53.516204834,30.5929489136,216.251556396,-5.7630147934,38.148235321,-14.2475204468,27.1177444458,-4.5336022377,-2.13763952255],[376.5128479,-128.312606812,-23.8972148895,5.58954811096,-28.6146240234,14.6745328903,-5.7630147934,114.856361389,11.7861509323,19.9880485535,-1.94279158115,22.1625652313,-2.55337238312],[-557.308837891,217.072052002,45.0646209717,-24.6040916443,101.746414185,-20.1910648346,38.148235321,11.7861509323,125.75995636,24.5969963074,24.8606586456,-10.4793672562,6.61313247681],[132.273193359,-139.623626709,24.7677707672,14.3726739883,-22.1690654755,40.0272636414,-14.2475204468,19.9880485535,24.5969963074,93.7394638062,13.4595451355,21.0935306549,-0.425881952047],[-502.837677002,129.431472778,79.0937423706,-7.74541902542,58.7618904114,-12.5656471252,27.1177444458,-1.94279158115,24.8606586456,13.4595451355,86.7504577637,5.79255723953,21.5612869263],[232.094772339,-160.150772095,0.498932808638,20.2707214355,-51.1044960022,19.0621147156,-4.5336022377,22.1625652313,-10.4793672562,21.0935306549,5.79255723953,94.276473999,10.3621587753],[-273.539001465,35.861618042,76.9192581177,17.6908531189,29.9467067719,1.88682901859,-2.13763952255,-2.55337238312,6.61313247681,-0.425881952047,21.5612869263,10.3621587753,70.5067062378]],"icov":[[0.000242906447966,-0.000414510664996,0.000628949142992,-0.000791791360825,0.000446689024102,-0.000807890261058,0.000593288277742,-0.000742326606996,0.000743101350963,-0.000491743092425,0.000576534774154,-0.000402354286052,0.000298888422549],[-0.000414510664996,0.00191988958977,-0.000862265645992,0.00174678326584,-0.000691008346621,0.00190072273836,-0.00187024730258,0.00219562812708,-0.00306534580886,0.00236997567117,-0.00229341792874,0.00193648447748,-0.00109823956154],[0.000628949142992,-0.000862265645992,0.00309938169084,-0.00206355587579,0.00184850231744,-0.00257860310376,0.000583772780374,-0.00134610792156,0.000973281566985,-0.000976422859821,0.000185990706086,-0.000310336356051,-0.000840470893309],[-0.000791791360825,0.00174678326584,-0.00206355587579,0.00523201329634,-0.00166978139896,0.0029157390818,-0.00175091961864,0.00263551482931,-0.00239582895301,0.00159939436708,-0.00190744572319,0.00128616869915,-0.00171963404864],[0.000446689024102,-0.000691008346621,0.00184850231744,-0.00166978139896,0.00566121889278,-0.000859942520037,0.000295731879305,-0.000397034047637,-0.00219780765474,0.000420106662204,-0.00143964204472,0.00133518257644,-0.00144742906559],[-0.000807890261058,0.00190072273836,-0.00257860310376,0.0029157390818,-0.000859942520037,0.0092269545421,-0.00367218418978,0.00244773412123,-0.00173389073461,-0.00084808212705,-0.000834935926832,0.00176355941221,-0.00177024246659],[0.000593288277742,-0.00187024730258,0.000583772780374,-0.00175091961864,0.000295731879305,-0.00367218418978,0.00825204141438,-0.00243203458376,0.00161548622418,-0.000085242332716,0.0011345744133,-0.00260180537589,0.00307360501029],[-0.000742326606996,0.00219562812708,-0.00134610792156,0.00263551482931,-0.000397034047637,0.00244773412123,-0.00243203458376,0.0127311870456,-0.00549559015781,0.00177802005783,-0.00283887935802,0.000494934909511,-0.00137739081401],[0.000743101350963,-0.00306534580886,0.000973281566985,-0.00239582895301,-0.00219780765474,-0.00173389073461,0.00161548622418,-0.00549559015781,0.017736505717,-0.00853337533772,0.00426384620368,-0.00261830491945,0.00217702030204],[-0.000491743092425,0.00236997567117,-0.000976422859821,0.00159939436708,0.000420106662204,-0.00084808212705,-0.000085242332716,0.00177802005783,-0.00853337533772,0.0180367343128,-0.0061131385155,0.000244536204264,0.000199600443011],[0.000576534774154,-0.00229341792874,0.000185990706086,-0.00190744572319,-0.00143964204472,-0.000834935926832,0.0011345744133,-0.00283887935802,0.00426384620368,-0.0061131385155,0.0187089033425,-0.00395713048056,-0.00133223459125],[-0.000402354286052,0.00193648447748,-0.000310336356051,0.00128616869915,0.00133518257644,0.00176355941221,-0.00260180537589,0.000494934909511,-0.00261830491945,0.000244536204264,-0.00395713048056,0.0150710036978,-0.00396310398355],[0.000298888422549,-0.00109823956154,-0.000840470893309,-0.00171963404864,-0.00144742906559,-0.00177024246659,0.00307360501029,-0.00137739081401,0.00217702030204,0.000199600443011,-0.00133223459125,-0.00396310398355,0.0187419150025]],"mean":[-62.9521331787,110.174957275,-116.804153442,49.7795639038,-30.1290645599,14.0402812958,-30.7202587128,4.38526201248,-13.9937553406,-1.57283604145,-17.3072128296,-7.56385040283,-10.7670974731]},"hfc":{"dmean":3.8675634861,"dmean2":6.05753612518,"dvar":37.9020805359,"dvar2":87.4231185913,"max":144.545059204,"mean":16.1681747437,"median":7.19413805008,"min":1.0962309006e-16,"var":386.015899658},"melbands":{"dmean":[0.00197582459077,0.00243269954808,0.000659175391775,0.000196660475922,0.000118587478937,0.0000444271172455,0.0000326750669046,0.0000428573330282,0.000034316424717,0.000023181681172,0.000027876068998,0.0000216903117689,0.0000140044421642,0.0000172385589394,0.0000150934502017,0.0000187663790712,0.0000209731479117,0.0000424876270699,0.0000244192469836,0.0000192602183233,0.0000246221370617,0.0000189347465493,0.0000209616882785,0.0000116608416647,0.00000716315480531,0.00000647201932225,0.00000497026439916,0.00000292558570436,0.00000284640464088,0.00000274355716101,0.00000200032559405,0.00000123550739772,9.07737558009e-7,0.00000101145678855,4.74654086702e-7,3.01483709109e-7,3.88891351122e-7,3.99518967242e-7,3.7077700199e-7,3.26375328541e-7],"dmean2":[0.00334414583631,0.00429842248559,0.00116943067405,0.00033871337655,0.000200694688829,0.0000727510341676,0.0000536629777343,0.0000671043017064,0.0000539302491234,0.0000368442051695,0.0000424346580985,0.0000322891901305,0.000021625752197,0.0000271313620033,0.0000239434320974,0.0000292046970571,0.0000334042488248,0.0000682473400957,0.0000392891306547,0.0000317794947478,0.0000402449477406,0.0000304935019813,0.000034299424442,0.000018913689928,0.0000116688797789,0.0000106356455944,0.00000829512191558,0.00000485138025397,0.00000479194432046,0.00000459080547444,0.00000326537269757,0.00000203679519473,0.00000147242280946,0.0000016303230268,7.65520098867e-7,4.74900531344e-7,5.96179290824e-7,5.86738337915e-7,5.48217428786e-7,4.71268265301e-7],"dvar":[0.0000176574667421,0.0000196671353478,0.00000106189690996,1.95965625949e-7,5.09211837141e-8,9.50590628435e-9,3.46107920102e-9,8.59272386577e-9,8.39410319031e-9,3.6588636565e-9,6.2440750348e-9,5.09046271802e-9,1.76554970643e-9,2.18199702751e-9,2.44263942406e-9,2.8403677188e-9,2.38250841278e-9,8.21269185991e-9,3.51428797174e-9,2.27137131326e-9,3.28789950821e-9,2.47860221236e-9,2.33991337417e-9,7.02244151718e-10,2.94951174595e-10,2.15458317854e-10,1.5280990362e-10,5.2786192084e-11,5.99548882763e-11,5.03613643843e-11,2.90016448357e-11,1.29394854206e-11,6.99137926372e-12,5.49099567898e-12,1.48180567209e-12,8.65405295168e-13,2.68993204447e-12,3.63975342921e-12,2.84607602243e-12,3.11037025129e-12],"dvar2":[0.000044366439397,0.0000537644227734,0.00000304072477775,5.57955502245e-7,1.41455970493e-7,2.38027606514e-8,8.55023785107e-9,1.99381382515e-8,1.99535836742e-8,8.55609627592e-9,1.28809114486e-8,1.06925268639e-8,3.78442033266e-9,4.40952430125e-9,5.22528953439e-9,6.37032693263e-9,5.46089529152e-9,2.0311368587e-8,8.37717717417e-9,5.7499081052e-9,7.98460675355e-9,5.4971596164e-9,5.88765658449e-9,1.7361896365e-9,7.35801419793e-10,5.55872570196e-10,4.11410849832e-10,1.31123903402e-10,1.42293260508e-10,1.3156380152e-10,6.82825740395e-11,3.11796352626e-11,1.62575369833e-11,1.25226912173e-11,3.42030635585e-12,1.6758163867e-12,4.95439887033e-12,7.31783210417e-12,5.5761966225e-12,5.89908677462e-12],"max":[0.0274533741176,0.0374455451965,0.0105059724301,0.00724709406495,0.00325031462125,0.00216551078483,0.00112444616389,0.00213026581332,0.00196749041788,0.00202779681422,0.00297546456568,0.0022551221773,0.00140270206612,0.00183137133718,0.00218246900477,0.00126200076193,0.00154809770174,0.00229201954789,0.00169621873647,0.00147480797023,0.00182133005001,0.00204233778641,0.0012287030695,0.000779755122494,0.000748951162677,0.000408989348216,0.000398704083636,0.000217969209189,0.00027943609166,0.000269918265985,0.000206851153052,0.000141033553518,0.0000875077603268,0.0000583659748372,0.0000457816786366,0.0000431465232396,0.0000795261075837,0.000065240492404,0.0000585325324209,0.0000482129871671],"mean":[0.00183223735075,0.0026498909574,0.00093957176432,0.000281137385173,0.000184986158274,0.0000741685071262,0.0000597880134592,0.0000786570744822,0.000058755682403,0.0000393488371628,0.0000527030824742,0.0000411766814068,0.0000253152684309,0.0000304445256916,0.0000279025189229,0.0000370154084521,0.0000407032675867,0.0000818610133138,0.0000488593432237,0.0000383722981496,0.0000458318172605,0.0000425976322731,0.0000428934836236,0.0000230906553043,0.0000156932546815,0.0000142286362461,0.0000102704543679,0.00000590394756728,0.00000592984679315,0.00000584943791182,0.00000388432954423,0.00000229475563174,0.00000172153079347,0.0000018152057919,9.60665261118e-7,6.20096955117e-7,7.6039788155e-7,7.04086460246e-7,6.25036079782e-7,5.16192187661e-7],"median":[0.000550826778635,0.00142359687015,0.000670963956509,0.000147924132762,0.0000820321802166,0.0000299972853099,0.0000301802883769,0.0000295503086818,0.0000207181637961,0.0000134134688778,0.0000140405118145,0.0000106964325823,0.00000771257873566,0.00000822353831609,0.00000524691267856,0.00000794032439444,0.0000128002993733,0.0000252032950812,0.0000109412785605,0.00000815234125184,0.00000757233101467,0.00000612046733295,0.0000091251467893,0.00000664385697746,0.00000277763524537,0.00000229738179769,0.00000166217375863,9.68471113083e-7,7.50271624383e-7,8.81886933257e-7,9.60370243774e-7,3.94675311099e-7,3.37728721433e-7,5.0653704875e-7,1.59408344302e-7,6.15639663692e-8,4.88202616111e-8,4.4410633393e-8,3.69431099045e-8,2.92571655791e-8],"min":[7.2970269752e-25,8.64379249931e-25,1.70964755557e-24,1.10324781115e-24,2.42175485851e-24,1.42753659776e-24,2.08440342278e-24,7.50525174152e-25,1.01117640363e-24,1.32842125401e-24,2.31474469343e-24,2.79431670632e-24,2.07181241387e-24,2.18235588695e-24,3.59442617641e-24,3.00682656508e-24,2.32213020644e-24,3.54354385916e-24,3.94156205117e-24,2.22438264889e-24,4.11345681457e-24,4.00811627359e-24,3.68300263429e-24,3.75544964767e-24,3.87493840899e-24,3.77109315385e-24,3.958809706e-24,4.00753646082e-24,5.08364568189e-24,4.97682405457e-24,5.0674282794e-24,5.7079478357e-24,5.94462740651e-24,6.21154874899e-24,5.76353610268e-24,5.7501696435e-24,5.03445271027e-24,5.42871119121e-24,5.55291063542e-24,6.6338058756e-24],"var":[0.0000144581226778,0.0000147200307765,0.00000101615012227,1.98118556227e-7,8.75703349834e-8,2.00340632972e-8,8.0496080912e-9,2.0930988498e-8,1.73049183871e-8,7.9613595716e-9,1.87803870233e-8,1.33731132834e-8,4.28973878641e-9,4.95075846985e-9,6.39574215811e-9,7.99087995773e-9,5.95302962481e-9,1.84959141336e-8,8.49469561359e-9,5.43312284051e-9,8.51913650735e-9,8.727923273e-9,6.48996012487e-9,1.66991043216e-9,8.34859237298e-10,6.84763856729e-10,3.86858794998e-10,1.37352490492e-10,1.5395691666e-10,1.36347988455e-10,6.76466452298e-11,2.76807483185e-11,1.4380445619e-11,1.16659910898e-11,3.59768074706e-12,2.14694885134e-12,5.56641191474e-12,6.79538890436e-12,5.94528246078e-12,5.75121764448e-12]},"melbands_crest":{"dmean":3.79045009613,"dmean2":6.4124751091,"dvar":12.5921840668,"dvar2":33.2175064087,"max":32.7971343994,"mean":17.765586853,"median":18.0814399719,"min":1.50682067871,"var":42.5360031128},"melbands_flatness_db":{"dmean":0.0408882163465,"dmean2":0.0666481927037,"dvar":0.00179293786641,"dvar2":0.00460915733129,"max":0.662927865982,"mean":0.249142378569,"median":0.244764342904,"min":0.00352999591269,"var":0.012433283031},"melbands_kurtosis":{"dmean":20.0428371429,"dmean2":33.7254180908,"dvar":1265.39953613,"dvar2":3497.18115234,"max":520.753051758,"mean":31.3287811279,"median":11.1108913422,"min":-1.91678607464,"var":2651.3059082},"melbands_skewness":{"dmean":1.3334608078,"dmean2":2.17271184921,"dvar":2.15909194946,"dvar2":5.50462055206,"max":17.7395515442,"mean":3.75559711456,"median":3.13010549545,"min":-1.78009366989,"var":7.51242113113},"melbands_spread":{"dmean":8.83004760742,"dmean2":14.4199104309,"dvar":133.268478394,"dvar2":303.098449707,"max":162.467803955,"mean":26.3181400299,"median":16.5897312164,"min":0.273713767529,"var":690.127197266},"mfcc":{"cov":[[13077.0292969,-2280.36669922,-1314.54138184,359.830810547,-229.486053467,-47.8336029053,-272.006225586,40.0210113525,-106.740509033,-80.1824264526,-124.388542175,17.4809970856,-216.848754883],[-2280.36669922,2092.31665039,28.6446475983,21.7973308563,156.068954468,29.189868927,62.6880950928,71.8890380859,41.1890144348,73.6731491089,118.105354309,-45.3021659851,53.3104782104],[-1314.54138184,28.6446475983,860.201171875,-19.1347732544,-46.2352638245,99.8538665771,97.5599517822,-0.371458083391,55.615398407,-42.1519508362,6.92369413376,27.1103820801,56.6584129333],[359.830810547,21.7973308563,-19.1347732544,366.781768799,83.9153747559,16.0823421478,-5.13586997986,15.0348405838,-3.68667721748,16.5925045013,-19.109375,24.6826915741,-0.973682820797],[-229.486053467,156.068954468,-46.2352638245,83.9153747559,267.22442627,-4.11584043503,-2.62624406815,-37.2576179504,21.4846305847,26.7076129913,-4.34894895554,11.0102186203,6.48618221283],[-47.8336029053,29.189868927,99.8538665771,16.0823421478,-4.11584043503,178.994689941,34.1908302307,18.0496139526,12.4286727905,23.8292694092,12.6946582794,6.46547555923,1.87497460842],[-272.006225586,62.6880950928,97.5599517822,-5.13586997986,-2.62624406815,34.1908302307,134.045715332,25.7671031952,7.54725646973,11.2123231888,-2.01586580276,3.93753242493,2.41392540932],[40.0210113525,71.8890380859,-0.371458083391,15.0348405838,-37.2576179504,18.0496139526,25.7671031952,108.437950134,16.6469936371,2.76055860519,20.0325984955,-0.766747295856,6.62552976608],[-106.740509033,41.1890144348,55.615398407,-3.68667721748,21.4846305847,12.4286727905,7.54725646973,16.6469936371,87.3578109741,16.3940410614,17.4110927582,0.36122199893,14.15275383],[-80.1824264526,73.6731491089,-42.1519508362,16.5925045013,26.7076129913,23.8292694092,11.2123231888,2.76055860519,16.3940410614,90.7051010132,26.6918430328,-2.77384185791,-5.70533275604],[-124.388542175,118.105354309,6.92369413376,-19.109375,-4.34894895554,12.6946582794,-2.01586580276,20.0325984955,17.4110927582,26.6918430328,110.684707642,10.008102417,8.95190620422],[17.4809970856,-45.3021659851,27.1103820801,24.6826915741,11.0102186203,6.46547555923,3.93753242493,-0.766747295856,0.36122199893,-2.77384185791,10.008102417,66.4601135254,19.7790641785],[-216.848754883,53.3104782104,56.6584129333,-0.973682820797,6.48618221283,1.87497460842,2.41392540932,6.62552976608,14.15275383,-5.70533275604,8.95190620422,19.7790641785,80.3963699341]],"icov":[[0.000128425788716,0.000127159350086,0.000200616617803,-0.000143156925333,0.0000920786696952,-0.000104800608824,0.0000818272164906,-0.0000759462345741,-0.0000845159374876,0.000156118097948,-0.0000326124099956,-0.000019988461645,0.00015228416305],[0.000127159350086,0.000718806695659,0.000169662060216,-0.000138750721817,-0.000334547250532,-0.000079320911027,-0.000131847060402,-0.000445613579359,0.0000708902589395,-0.0000456227862742,-0.000622292223852,0.000685494509526,-0.000300454325043],[0.000200616617803,0.000169662060216,0.00190272252075,-0.000302035419736,0.000544863461982,-0.000947573513258,-0.000977579969913,0.000663345155772,-0.00123129028361,0.00140963064041,-0.000211306716665,-0.000270732183708,-0.000556222279556],[-0.000143156925333,-0.000138750721817,-0.000302035419736,0.00336938211694,-0.00120909628458,-0.000106335246528,0.000417885137722,-0.0010948627023,0.000654665229376,-0.000832128571346,0.000955125084147,-0.00124220724683,0.000162205586093],[0.0000920786696952,-0.000334547250532,0.000544863461982,-0.00120909628458,0.00506116868928,0.0000109779730337,-0.000274814403383,0.00235579628497,-0.00177316984627,-0.000557772058528,0.000484101095935,-0.000882131920662,-0.0000872246164363],[-0.000104800608824,-0.000079320911027,-0.000947573513258,-0.000106335246528,0.0000109779730337,0.00663453619927,-0.000872416654602,-0.000753281987272,0.000146001242683,-0.00203672400676,-0.000156356676598,-0.000357522047125,0.00030421660631],[0.0000818272164906,-0.000131847060402,-0.000977579969913,0.000417885137722,-0.000274814403383,-0.000872416654602,0.0092463362962,-0.0025078470353,0.000568132847548,-0.00159150967374,0.00138160691131,-0.000833372410852,0.000811935344245],[-0.0000759462345741,-0.000445613579359,0.000663345155772,-0.0010948627023,0.00235579628497,-0.000753281987272,-0.0025078470353,0.0119751570746,-0.00263806036673,0.001194611541,-0.00171582447365,0.000391690758988,-0.000830320466775],[-0.0000845159374876,0.0000708902589395,-0.00123129028361,0.000654665229376,-0.00177316984627,0.000146001242683,0.000568132847548,-0.00263806036673,0.0139969429001,-0.0026212092489,-0.00109634932596,0.0010759056313,-0.00185192003846],[0.000156118097948,-0.0000456227862742,0.00140963064041,-0.000832128571346,-0.000557772058528,-0.00203672400676,-0.00159150967374,0.001194611541,-0.0026212092489,0.0143988160416,-0.00326791289262,0.000830790027976,0.00113240384962],[-0.0000326124099956,-0.000622292223852,-0.000211306716665,0.000955125084147,0.000484101095935,-0.000156356676598,0.00138160691131,-0.00171582447365,-0.00109634932596,-0.00326791289262,0.011423220858,-0.00267039169557,-0.000104215476313],[-0.000019988461645,0.000685494509526,-0.000270732183708,-0.00124220724683,-0.000882131920662,-0.000357522047125,-0.000833372410852,0.000391690758988,0.0010759056313,0.000830790027976,-0.00267039169557,0.0181105434895,-0.00454910844564],[0.00015228416305,-0.000300454325043,-0.000556222279556,0.000162205586093,-0.0000872246164363,0.00030421660631,0.000811935344245,-0.000830320466775,-0.00185192003846,0.00113240384962,-0.000104215476313,-0.00454910844564,0.01502343826]],"mean":[-695.732971191,131.740509033,-10.547039032,39.999256134,20.7918395996,16.8564758301,1.89895451069,6.98077535629,6.42300271988,4.61930847168,4.29826307297,-1.9899263382,-3.53632688522]},"pitch_salience":{"dmean":0.0880860164762,"dmean2":0.148960500956,"dvar":0.00661419378594,"dvar2":0.0181448087096,"max":0.819683790207,"mean":0.454485952854,"median":0.446700006723,"min":0.058057911694,"var":0.0205166619271},"silence_rate_20dB":{"dmean":0,"dmean2":0,"dvar":0,"dvar2":0,"max":1,"mean":1,"median":1,"min":1,"var":0},"silence_rate_30dB":{"dmean":0,"dmean2":0,"dvar":0,"dvar2":0,"max":1,"mean":1,"median":1,"min":1,"var":0},"silence_rate_60dB":{"dmean":0.0199417434633,"dmean2":0.0398879535496,"dvar":0.0195431541651,"dvar2":0.049049295485,"max":1,"mean":0.0459280833602,"median":0,"min":0,"var":0.0438150838017},"spectral_centroid":{"dmean":266.979675293,"dmean2":437.889282227,"dvar":108506.179688,"dvar2":257207.75,"max":11957.8964844,"mean":1477.76379395,"median":1336.1463623,"min":108.326835632,"var":1545240.625},"spectral_complexity":{"dmean":2.61953854561,"dmean2":4.24537801743,"dvar":8.56243038177,"dvar2":20.6452465057,"max":60,"mean":17.8370113373,"median":12,"min":0,"var":233.948242188},"spectral_contrast_coeffs":{"dmean":[0.0521453134716,0.0418296046555,0.0345521047711,0.0308270882815,0.0245650913566,0.0210908949375],"dmean2":[0.088059656322,0.0694224908948,0.0557912662625,0.0497772283852,0.0388426408172,0.0330783762038],"dvar":[0.00185732811224,0.00111732457299,0.000792465638369,0.000667861837428,0.000501489615999,0.000453546876088],"dvar2":[0.00523342052475,0.00298247672617,0.00194287020713,0.00167227094062,0.00118966971058,0.00106004904956],"max":[-0.358639329672,-0.460424363613,-0.521446764469,-0.552514195442,-0.588215649128,-0.592655479908],"mean":[-0.649452805519,-0.762259423733,-0.789568006992,-0.772101223469,-0.785729408264,-0.74396276474],"median":[-0.65022110939,-0.771738648415,-0.798060894012,-0.772310554981,-0.783869922161,-0.733732163906],"min":[-0.974518239498,-0.980745255947,-0.975249052048,-0.97011756897,-0.967374563217,-0.965405344963],"var":[0.00588418031111,0.00526542868465,0.00446006376296,0.00365155329928,0.00307532562874,0.00259714247659]},"spectral_contrast_valleys":{"dmean":[0.461126059294,0.370565712452,0.345142036676,0.324180841446,0.380099117756,0.380942046642],"dmean2":[0.74237215519,0.607668399811,0.549724400043,0.502190291882,0.559866130352,0.513042032719],"dvar":[0.194009944797,0.119679681957,0.123139545321,0.128375515342,0.232776492834,0.251135349274],"dvar2":[0.406115442514,0.261283785105,0.248235434294,0.256850481033,0.49221342802,0.486045330763],"max":[-5.06703996658,-5.04574489594,-5.56784629822,-5.69597768784,-5.07605266571,-7.86462783813],"mean":[-7.46728944778,-7.63124513626,-8.15253067017,-8.18014526367,-8.14573001862,-11.1997251511],"median":[-7.2015953064,-7.31511354446,-7.86744737625,-7.96130084991,-7.95319032669,-11.0175323486],"min":[-28.0963573456,-28.2138214111,-27.7721996307,-27.7172107697,-27.6212711334,-27.3655834198],"var":[4.82152223587,4.84610843658,4.79239082336,5.11635637283,5.63966560364,4.6989364624]},"spectral_decrease":{"dmean":3.13884873648e-9,"dmean2":5.27124743854e-9,"dvar":2.93169220352e-17,"dvar2":7.3286488354e-17,"max":1.38641714277e-28,"mean":-5.40232880653e-9,"median":-3.82628462248e-9,"min":-3.9400511298e-8,"var":3.06338365838e-17},"spectral_energy":{"dmean":0.0120245777071,"dmean2":0.0201431605965,"dvar":0.000421183853177,"dvar2":0.0010520988144,"max":0.150650069118,"mean":0.0218560770154,"median":0.015312650241,"min":1.01756980146e-20,"var":0.000471648992971},"spectral_energyband_high":{"dmean":0.000226004834985,"dmean2":0.000350006477674,"dvar":3.26651388605e-7,"dvar2":6.36753270555e-7,"max":0.017277251929,"mean":0.000608362373896,"median":0.00011927496962,"min":7.23613318555e-21,"var":0.0000012714820059},"spectral_energyband_low":{"dmean":0.0113192098215,"dmean2":0.0192302446812,"dvar":0.000422421289841,"dvar2":0.00106866692659,"max":0.146639600396,"mean":0.0131974974647,"median":0.00713174184784,"min":1.41067483396e-23,"var":0.000358792283805},"spectral_energyband_middle_high":{"dmean":0.00118609052151,"dmean2":0.00182772660628,"dvar":0.00000420403648604,"dvar2":0.00000987731164059,"max":0.0385779440403,"mean":0.00492854462937,"median":0.00188062968664,"min":1.20306796189e-21,"var":0.0000428931089118},"spectral_energyband_middle_low":{"dmean":0.00186167529318,"dmean2":0.00317713432014,"dvar":0.00000907167122932,"dvar2":0.0000252647259913,"max":0.0397253148258,"mean":0.00429625250399,"median":0.00321313249879,"min":1.47856843176e-22,"var":0.0000159472710948},"spectral_entropy":{"dmean":0.204173415899,"dmean2":0.314275592566,"dvar":0.0689306780696,"dvar2":0.160467579961,"max":9.82340335846,"mean":7.41145467758,"median":7.49663686752,"min":4.65071868896,"var":0.375706225634},"spectral_flux":{"dmean":0.0300014391541,"dmean2":0.0450225286186,"dvar":0.00166681932751,"dvar2":0.00330925546587,"max":0.339569091797,"mean":0.0807388052344,"median":0.0661677643657,"min":6.22483384283e-11,"var":0.00364059885032},"spectral_kurtosis":{"dmean":2.6907556057,"dmean2":4.48798894882,"dvar":15.656537056,"dvar2":41.719581604,"max":68.2698974609,"mean":6.04918289185,"median":4.37954044342,"min":-1.2668569088,"var":31.2630405426},"spectral_rms":{"dmean":0.00109158537816,"dmean2":0.00177000195254,"dvar":0.00000213113298742,"dvar2":0.00000501332442582,"max":0.012123352848,"mean":0.00416959496215,"median":0.00386512232944,"min":3.15079516297e-12,"var":0.00000393757500206},"spectral_rolloff":{"dmean":513.024475098,"dmean2":884.389953613,"dvar":837022.3125,"dvar2":1932412.5,"max":19509.0820312,"mean":1531.31860352,"median":839.794921875,"min":64.599609375,"var":5152046},"spectral_skewness":{"dmean":0.313464522362,"dmean2":0.507394850254,"dvar":0.151146635413,"dvar2":0.383941024542,"max":6.29541683197,"mean":1.55853760242,"median":1.37689399719,"min":-0.0798640623689,"var":0.453687846661},"spectral_spread":{"dmean":478490.9375,"dmean2":689294.125,"dvar":667028422656,"dvar2":1151470534660,"max":50468784,"mean":4078796,"median":3526478.75,"min":1112238.625,"var":15574985867300},"spectral_strongpeak":{"dmean":0.390599817038,"dmean2":0.694434762001,"dvar":0.955897927284,"dvar2":2.55356359482,"max":15.5879888535,"mean":0.577717661858,"median":0.321337163448,"min":0,"var":1.20505011082},"zerocrossingrate":{"dmean":0.0089910812676,"dmean2":0.0115803349763,"dvar":0.00012935246923,"dvar2":0.000171108011273,"max":0.51904296875,"mean":0.0535334460437,"median":0.04052734375,"min":0.00244140625,"var":0.00337490136735}},"metadata":{"audio_properties":{"analysis_sample_rate":44100,"bit_rate":0,"codec":"flac","downmix":"mix","equal_loudness":0,"length":207.253326416,"lossless":true,"md5_encoded":"e3e993513cc812eea8ab31886fc4ccc3","replay_gain":-15.3735809326,"sample_rate":44100},"tags":{"album":["Favourite Worst Nightmare"],"albumartist":["Arctic Monkeys"],"albumartistsort":["Arctic Monkeys"],"artist":["Arctic Monkeys"],"artistsort":["Arctic Monkeys"],"asin":["B000NA2UMS"],"barcode":["5034202018810"],"catalognumber":["WIGLP188"],"date":["2007-04-23"],"discnumber":["1"],"disctotal":["1"],"file_name":"01-07 Do Me a Favour.flac","isrc":["GBCEL0700069"],"label":["Domino"],"media":["12\" Vinyl"],"musicbrainz_albumartistid":["ada7a83c-e3e1-40f1-93f9-3e73dbc9298a"],"musicbrainz_albumid":["8d5e7b96-4b32-36df-ac7c-17fc113d2fdf"],"musicbrainz_artistid":["ada7a83c-e3e1-40f1-93f9-3e73dbc9298a"],"musicbrainz_recordingid":["c1221eef-89e5-433d-9e10-9e2417b13aa3"],"musicbrainz_releasegroupid":["f113fa38-7908-3ec9-8145-d2455e78a8b2"],"originaldate":["2007-04-18"],"releasecountry":["GB"],"releasestatus":["official"],"releasetype":["album"],"script":["Latn"],"title":["Do Me a Favour"],"totaldiscs":["1"],"totaltracks":["12"],"tracknumber":["7"],"tracktotal":["12"]},"version":{"essentia":"2.1-beta1","essentia_build_sha":"ca57ba49d9b1854bd80e60cf9ccf267278fb7d6b","essentia_git_sha":"v2.1_beta1-28-g21ef5f4-dirty","extractor":"music 1.0"}},"rhythm":{"beats_count":615,"beats_loudness":{"dmean":0.0117188217118,"dmean2":0.019949587062,"dvar":0.000142265154864,"dvar2":0.000414318754338,"max":0.121868744493,"mean":0.0353913418949,"median":0.0326636582613,"min":0,"var":0.000378227879992},"beats_loudness_band_ratio":{"dmean":[0.0980509594083,0.0368210189044,0.0305398534983,0.029248662293,0.0507313720882,0.0187645237893],"dmean2":[0.166325867176,0.0655097216368,0.0533440597355,0.052090883255,0.0878765881062,0.0338983125985],"dvar":[0.0135913807899,0.00182012142614,0.0024866592139,0.00213639927097,0.0051902420