{"lowlevel":{"average_loudness":0.782128095627,"barkbands":{"dmean":[0.00301694404334,0.00789019651711,0.00179174763616,0.0015521539608,0.00233062868938,0.00194952788297,0.0011179788271,0.000786742893979,0.000936872442253,0.000768444326241,0.00065260991687,0.000925070140511,0.00064673734596,0.000355728378054,0.000317515659845,0.000213512219489,0.000149552972289,0.000131222506752,0.0000945151623455,0.00005506344678,0.0000318818201777,0.000017375446987,0.00000798382825451,0.00000305216940433,0.0000024541611765,0.00000837589141156,0.000323395535816],"dmean2":[0.00501203956082,0.0134194055572,0.00301811215468,0.00257621938363,0.00382368802093,0.00312026659958,0.00181740557309,0.00128427008167,0.00152786658145,0.0012344873976,0.00104099372402,0.00150738761295,0.00105749676004,0.000579570012633,0.000515184539836,0.00033813182381,0.000233947415836,0.000205142321647,0.000142989854794,0.0000839462882141,0.0000482041359646,0.0000259816115431,0.0000117861318358,0.00000497000792166,0.00000406850858781,0.0000123261261251,0.000473467080155],"dvar":[0.0000417771880166,0.000274580263067,0.00000906611876417,0.00000646352236799,0.0000156564019562,0.0000242028963839,0.0000038368721107,0.00000304427794617,0.00000423107530878,0.00000276583455161,0.0000020361769657,0.00000271275325758,0.0000013540591226,3.73173321577e-7,2.94182882499e-7,1.814019015e-7,1.23865760315e-7,1.386159596e-7,5.98151927989e-8,6.01843197501e-8,1.16109371007e-8,2.39852959716e-9,4.88907025975e-10,2.77136560228e-11,1.67007640356e-11,5.43476985637e-10,5.3410747114e-7],"dvar2":[0.000104581282358,0.000744575983845,0.0000248435808317,0.0000176008798007,0.0000393539121433,0.0000607118490734,0.00000992569857772,0.0000078699504229,0.0000109143929876,0.00000674265220368,0.00000474099851999,0.00000684485985403,0.00000331172850565,9.58905502557e-7,7.49648677356e-7,4.29193732998e-7,3.03068986796e-7,3.26287050711e-7,1.38246463166e-7,1.46257207234e-7,2.44468800759e-8,5.35833999393e-9,1.03020503239e-9,6.61148219505e-11,4.0480549468e-11,1.11915843259e-9,9.93511548586e-7],"max":[0.094362989068,0.281247198582,0.0527373887599,0.051933825016,0.0901979953051,0.223427683115,0.0507417581975,0.0519999079406,0.0648370608687,0.067967787385,0.040788050741,0.0381336584687,0.0366374328732,0.0178433712572,0.0131450276822,0.0135154845193,0.0124491686001,0.0154376607388,0.00849024113268,0.0189194213599,0.00392093928531,0.00220905360766,0.00106633384712,0.000164167067851,0.0000584383487876,0.00133047183044,0.033503189683],"mean":[0.0034394422546,0.00964867137372,0.00239952234551,0.00244677276351,0.00392337143421,0.0032387888059,0.00197716895491,0.00123428367078,0.00161141424906,0.00127444765531,0.0010526436381,0.00160928652622,0.00113514484838,0.000617139972746,0.000548114418052,0.000359402882168,0.000268608186161,0.000252927682595,0.000178145652171,0.000105616090877,0.0000673601098242,0.0000389147826354,0.0000175510394911,0.00000388206854041,0.00000254867541116,0.0000183762858796,0.000964904436842],"median":[0.00116437324323,0.00420703087002,0.00131544086616,0.00126450718381,0.00216920254752,0.00139501015656,0.00103546190076,0.000510145793669,0.000684348633513,0.000597102742177,0.000492278020829,0.000887827947736,0.000658262113575,0.00037222832907,0.000302217027638,0.000160548574058,0.000117235642392,0.0000749703031033,0.0000496108768857,0.0000254690385191,0.0000155088855536,0.0000082552596723,0.00000380082747142,0.00000151501694745,0.00000103403738194,0.00000476420336781,0.000455953995697],"min":[3.09791609714e-23,5.57041033131e-24,1.10960322959e-23,1.44606329194e-23,5.12562625603e-23,1.86495143029e-23,1.46142604253e-23,3.32900437963e-23,1.27630828219e-22,7.39907352887e-23,6.59737501682e-23,2.08705218893e-22,1.02961185027e-22,2.05156152613e-22,1.23445409935e-22,9.06037294341e-23,1.06894464433e-22,1.22304691823e-22,1.92632676509e-22,2.23446302908e-22,3.54849123188e-22,4.6947063796e-22,5.39444644981e-22,1.19773682727e-21,1.28445538519e-21,1.82275488181e-21,2.46518926859e-21],"var":[0.0000470224731544,0.00026347336825,0.0000115515276775,0.0000119319456644,0.0000325925611833,0.000046391003707,0.00000782705592428,0.00000499699535794,0.00000940392055782,0.00000503357659909,0.00000408680170949,0.00000557418525204,0.00000288156297756,6.88120167069e-7,5.81046208481e-7,3.39991345299e-7,2.43967974711e-7,4.03726858167e-7,1.77707704552e-7,1.3324380177e-7,4.20752392927e-8,1.26957901969e-8,2.98507685237e-9,5.31514693369e-11,1.85960240262e-11,2.82807932628e-9,0.00000359776072401]},"barkbands_crest":{"dmean":2.68966603279,"dmean2":4.49908971786,"dvar":6.33699560165,"dvar2":17.3967857361,"max":23.8291015625,"mean":8.91949272156,"median":8.17236328125,"min":2.36619758606,"var":13.1968984604},"barkbands_flatness_db":{"dmean":0.0238798297942,"dmean2":0.0383744314313,"dvar":0.000448751583463,"dvar2":0.00118094799109,"max":0.392337799072,"mean":0.142380714417,"median":0.139183148742,"min":0.0293424390256,"var":0.00189572235104},"barkbands_kurtosis":{"dmean":3.0817091465,"dmean2":5.09233188629,"dvar":20.4332828522,"dvar2":56.2984580994,"max":135.816131592,"mean":5.65528297424,"median":4.08553218842,"min":-1.66016995907,"var":39.9572486877},"barkbands_skewness":{"dmean":0.527798235416,"dmean2":0.854820013046,"dvar":0.257713526487,"dvar2":0.694431722164,"max":9.74691486359,"mean":1.80624711514,"median":1.71868872643,"min":-2.42594218254,"var":0.917400062084},"barkbands_spread":{"dmean":6.09444189072,"dmean2":9.62037372589,"dvar":43.0144462585,"dvar2":104.582817078,"max":110.129943848,"mean":25.9292583466,"median":21.2239189148,"min":1.65208387375,"var":271.749237061},"dissonance":{"dmean":0.0199275221676,"dmean2":0.0340032503009,"dvar":0.000423918856541,"dvar2":0.00116276904009,"max":0.500000178814,"mean":0.467042982578,"median":0.473709225655,"min":0.0581865906715,"var":0.000707265629899},"dynamic_complexity":3.35042119026,"erbbands":{"dmean":[0.375180721283,1.32182216644,1.97199475765,3.42956542969,7.77023744583,7.01669120789,11.8610315323,17.9098567963,13.969745636,19.224357605,17.1803646088,21.8240375519,20.2495937347,26.0709152222,23.7738246918,37.4160614014,30.3898448944,18.3781147003,15.2934036255,14.1131067276,11.172293663,8.03991699219,7.06952810287,6.0662021637,4.14649963379,2.43616127968,1.65306794643,0.907502412796,0.615184545517,0.426104158163,0.213840991259,0.0889245048165,0.0407452695072,0.0274320114404,0.0175020508468,0.0103905936703,0.0159651450813,0.024127740413,0.0198140256107,0.00895162578672],"dmean2":[0.641256630421,2.26080942154,3.33412241936,5.64160346985,12.9954395294,11.5575704575,18.8053455353,28.8361816406,23.0415935516,30.9249267578,28.0893936157,35.4170799255,32.7487640381,41.6052932739,37.7080726624,61.0261421204,49.4099502563,29.8941650391,24.7352771759,22.4426937103,17.4487190247,12.4156188965,10.9269523621,9.3442029953,6.22313165665,3.66365885735,2.52566051483,1.34450805187,0.925445377827,0.635034799576,0.316268414259,0.138360604644,0.0674575790763,0.0455340668559,0.0289757102728,0.0170845873654,0.0235610809177,0.0335410907865,0.0276012364775,0.013236165978],"dvar":[0.677189826965,7.21208381653,11.2262229919,28.2783622742,190.413345337,197.157272339,792.547668457,2721.0690918,766.287902832,1516.38793945,1466.97436523,2457.8515625,2401.73388672,2808.55932617,2229.75610352,4685.18847656,2955.25708008,909.278991699,744.021057129,634.458740234,636.264465332,380.737823486,357.87322998,355.27822876,207.020996094,64.7549819946,36.5588798523,7.22823286057,2.6776509285,1.89373636246,0.424541324377,0.0329436920583,0.00465953303501,0.0021222056821,0.000835271261167,0.000270794233074,0.00181116489694,0.00497876806185,0.00467236805707,0.000311396783218],"dvar2":[1.85942077637,19.4803104401,30.2969760895,76.8826065063,506.579467773,488.320587158,1960.4206543,6787.01464844,1989.98596191,3803.66870117,3774.39794922,6256.46142578,6305.06787109,6376.82519531,5313.5078125,11734.1845703,7232.30029297,2325.91577148,1863.2220459,1592.62243652,1485.97155762,928.474609375,836.541503906,914.224243164,478.825531006,146.639755249,78.9063339233,15.2809324265,5.97073030472,4.34225749969,0.949409782887,0.0718068182468,0.011295741424,0.0051496247761,0.00202195509337,0.000651097565424,0.00380001333542,0.00964386388659,0.00848279986531,0.000607503345236],"max":[12.3562374115,45.300327301,59.0279502869,101.020729065,354.431427002,339.368103027,833.670471191,2806.73144531,900.371582031,1063.72912598,1367.60546875,1592.96520996,1918.0958252,1765.77307129,1329.27636719,1870.05493164,1491.0604248,706.868896484,924.562744141,634.159545898,931.074645996,696.629638672,959.297363281,876.134094238,948.305114746,371.560272217,219.974151611,137.581176758,78.0547561646,82.5544815063,35.8462295532,8.64675331116,0.970315992832,0.659841954708,0.412175118923,0.228814765811,1.98551702499,3.791918993,4.85517454147,0.825573503971],"mean":[0.44502928853,1.52578914165,2.66192173958,5.65767908096,12.4259080887,10.9627180099,19.4377040863,28.6085128784,24.676361084,33.1643981934,29.3937339783,38.5003356934,34.9576301575,46.517993927,44.6984214783,67.9266967773,56.6603012085,34.7242279053,28.8863601685,25.1926593781,19.5791702271,15.3261985779,13.9866714478,11.7679758072,7.74026489258,4.9400177002,3.42019033432,2.02528595924,1.3671888113,0.950060725212,0.461726933718,0.149123936892,0.0439174547791,0.0283264089376,0.0184884294868,0.0123736262321,0.0350806005299,0.0647780299187,0.0555686168373,0.0304997283965],"median":[0.158316135406,0.697868824005,1.51551008224,3.36943006516,6.22296857834,5.30607032776,8.16562461853,11.5631103516,13.217048645,15.5540065765,13.0862617493,16.3043632507,17.0405921936,22.9558334351,24.1468353271,37.8696289062,34.2360954285,22.1426391602,17.930437088,13.4366378784,8.4098405838,6.77701759338,4.7792930603,3.31386590004,2.02534198761,1.25082719326,0.817620038986,0.473019599915,0.317176043987,0.184896081686,0.0997315943241,0.0460059270263,0.0179267115891,0.0112877963111,0.00777079351246,0.00593669433147,0.00914607942104,0.0124909812585,0.0157296918333,0.0196503214538],"min":[2.12955588828e-22,1.64069255016e-21,1.20129711683e-20,2.74327600064e-20,1.89528572107e-19,1.12687952221e-19,1.24046382803e-19,1.17282397687e-19,2.01645591934e-19,4.28923624044e-19,8.23628750702e-19,3.0411061542e-18,3.11545066611e-18,2.56144190136e-18,4.06373279509e-18,7.34319579909e-18,5.78839816841e-18,8.96314052044e-18,7.20855395642e-18,6.0219637813e-18,6.79481020814e-18,6.22373133068e-18,6.03584056326e-18,1.15962408715e-17,6.6431052838e-18,1.06074357847e-17,1.31428709208e-17,1.3769964815e-17,1.8188039037e-17,1.82112348357e-17,1.46305751048e-17,2.40694817894e-17,1.72542067194e-17,1.09457088146e-17,1.1308925476e-17,5.2449049372e-18,3.91227602493e-18,1.44465863551e-18,3.5187025072e-19,3.50869304018e-20],"var":[0.648961901665,6.60501003265,12.9940690994,48.3787193298,403.958251953,363.950622559,1588.35803223,5049.78320312,1429.73791504,2974.50854492,2585.22973633,5919.70751953,3939.78930664,6233.11425781,5145.328125,9575.24121094,6473.08203125,1933.27990723,1422.35510254,1296.24047852,1127.88415527,783.973876953,996.631835938,909.319763184,486.333374023,206.274475098,116.635246277,32.44165802,13.8756761551,9.16353702545,2.15140318871,0.136082053185,0.0053949537687,0.00234555196948,0.000939420016948,0.000340786005836,0.00934974476695,0.0376439318061,0.0265882574022,0.00184845272452]},"erbbands_crest":{"dmean":2.5358684063,"dmean2":4.18887662888,"dvar":5.64663648605,"dvar2":14.3815441132,"max":30.9604530334,"mean":8.66802310944,"median":7.71281433105,"min":2.55343294144,"var":15.4343681335},"erbbands_flatness_db":{"dmean":0.0220013279468,"dmean2":0.0341817773879,"dvar":0.000368697103113,"dvar2":0.000895152799785,"max":0.386148571968,"mean":0.166757717729,"median":0.164457574487,"min":0.041553620249,"var":0.00180312071461},"erbbands_kurtosis":{"dmean":0.872506380081,"dmean2":1.41404128075,"dvar":1.9998203516,"dvar2":5.61216974258,"max":70.1649780273,"mean":0.576571881771,"median":0.16544008255,"min":-1.69057488441,"var":3.51179265976},"erbbands_skewness":{"dmean":0.33505654335,"dmean2":0.525722980499,"dvar":0.0818059593439,"dvar2":0.200440064073,"max":4.01325082779,"mean":-0.0367956906557,"median":-0.0633764564991,"min":-3.53777837753,"var":0.386120885611},"erbbands_spread":{"dmean":4.76346874237,"dmean2":7.52704668045,"dvar":19.2574386597,"dvar2":47.0478668213,"max":91.3403930664,"mean":23.958946228,"median":22.2737445831,"min":1.35706281662,"var":105.305610657},"gfcc":{"cov":[[12185.8378906,239.877197266,-898.563842773,-37.8692474365,217.165267944,-279.490112305,288.439971924,-233.572433472,268.843261719,61.2306518555,14.28241539,96.8050460815,-167.574707031],[239.877197266,1157.41503906,110.325141907,-468.130828857,48.3077735901,100.575073242,-88.4874954224,31.4406375885,2.19816398621,11.0393247604,80.7382202148,-102.574661255,98.661277771],[-898.563842773,110.325141907,337.506347656,32.6282501221,-88.5110702515,146.935974121,-102.539260864,63.6693572998,-79.7506484985,8.87292480469,4.01417446136,-25.9596748352,39.3100700378],[-37.8692474365,-468.130828857,32.6282501221,416.751617432,83.8855667114,-67.6623916626,101.655967712,-41.1438293457,7.34473848343,-19.993139267,-46.813331604,68.3544311523,-60.164642334],[217.165267944,48.3077735901,-88.5110702515,83.8855667114,253.471481323,-6.50225734711,88.7833175659,-39.4635887146,43.4754219055,-34.9706497192,0.497650116682,13.9210119247,-5.23137903214],[-279.490112305,100.575073242,146.935974121,-67.6623916626,-6.50225734711,265.960144043,-69.873664856,90.9547271729,-42.6456680298,17.2790679932,18.7733097076,-23.9643268585,48.5901832581],[288.439971924,-88.4874954224,-102.539260864,101.655967712,88.7833175659,-69.873664856,199.033401489,-52.1014862061,58.2253990173,-29.419588089,-19.2042427063,51.6297187805,-41.3621253967],[-233.572433472,31.4406375885,63.6693572998,-41.1438293457,-39.4635887146,90.9547271729,-52.1014862061,155.9972229,16.0273075104,35.0525970459,10.2502279282,-26.5820026398,38.570854187],[268.843261719,2.19816398621,-79.7506484985,7.34473848343,43.4754219055,-42.6456680298,58.2253990173,16.0273075104,122.379951477,38.611415863,8.4351568222,25.1701335907,-21.3785018921],[61.2306518555,11.0393247604,8.87292480469,-19.993139267,-34.9706497192,17.2790679932,-29.419588089,35.0525970459,38.611415863,92.8725280762,47.0170288086,6.64063310623,2.653226614],[14.28241539,80.7382202148,4.01417446136,-46.813331604,0.497650116682,18.7733097076,-19.2042427063,10.2502279282,8.4351568222,47.0170288086,73.4113082886,20.8463382721,17.8017520905],[96.8050460815,-102.574661255,-25.9596748352,68.3544311523,13.9210119247,-23.9643268585,51.6297187805,-26.5820026398,25.1701335907,6.64063310623,20.8463382721,86.3273849487,2.43788075447],[-167.574707031,98.661277771,39.3100700378,-60.164642334,-5.23137903214,48.5901832581,-41.3621253967,38.570854187,-21.3785018921,2.653226614,17.8017520905,2.43788075447,77.4580230713]],"icov":[[0.000122453056974,-0.000240286521148,0.000588726776186,-0.00035390566336,0.000231460973737,-0.000233833969105,0.0000948135129875,0.0000851272634463,-0.00000109030361273,-0.000115490292956,0.000127602776047,-0.000124030702864,0.000146099744597],[-0.000240286521148,0.00350141967647,-0.00412148376927,0.00474216835573,-0.0027890834026,0.00166416936554,-0.00126661988907,0.000591242976952,-0.00107340596151,0.000398819771362,-0.00174952903762,0.00203064386733,-0.00137950119097],[0.000588726776186,-0.00412148376927,0.0116534894332,-0.00817505083978,0.00580508308485,-0.00526203075424,0.00269619305618,-0.0000108226022348,0.00146782316733,0.000597123755142,0.000113205249363,-0.000087079948571,-0.000241162793827],[-0.00035390566336,0.00474216835573,-0.00817505083978,0.0124609395862,-0.00747802201658,0.00458877813071,-0.00256049539894,-0.00144537969027,0.00260730669834,-0.00385281257331,0.00432707788423,-0.00432040868327,0.00298372702673],[0.000231460973737,-0.0027890834026,0.00580508308485,-0.00747802201658,0.0105711184442,-0.00434923125431,-0.000381990976166,0.0026780643966,-0.00472342222929,0.00613213097677,-0.00538903661072,0.00453190226108,-0.003214340657],[-0.000233833969105,0.00166416936554,-0.00526203075424,0.00458877813071,-0.00434923125431,0.0083004180342,-0.000742150761653,-0.00375184603035,0.00312781054527,-0.00236745527945,0.00123956066091,-0.00171954871621,0.000294068246149],[0.0000948135129875,-0.00126661988907,0.00269619305618,-0.00256049539894,-0.000381990976166,-0.000742150761653,0.0104141207412,0.000283526460407,-0.00295126927085,0.00329219689593,0.00129287317395,-0.00485533615574,0.00324931787327],[0.0000851272634463,0.000591242976952,-0.0000108226022348,-0.00144537969027,0.0026780643966,-0.00375184603035,0.000283526460407,0.0126273483038,-0.00657185958698,-0.0000793713552412,-0.00170564139262,0.00652287807316,-0.00691258208826],[-0.00000109030361273,-0.00107340596151,0.00146782316733,0.00260730669834,-0.00472342222929,0.00312781054527,-0.00295126927085,-0.00657185958698,0.0203808303922,-0.0128424111754,0.00899545289576,-0.00883150100708,0.00633620191365],[-0.000115490292956,0.000398819771362,0.000597123755142,-0.00385281257331,0.00613213097677,-0.00236745527945,0.00329219689593,-0.0000793713552412,-0.0128424111754,0.0288632530719,-0.0202522817999,0.00662135891616,-0.000443819531938],[0.000127602776047,-0.00174952903762,0.000113205249363,0.00432707788423,-0.00538903661072,0.00123956066091,0.00129287317395,-0.00170564139262,0.00899545289576,-0.0202522817999,0.0343195088208,-0.0151073653251,0.00197071884759],[-0.000124030702864,0.00203064386733,-0.000087079948571,-0.00432040868327,0.00453190226108,-0.00171954871621,-0.00485533615574,0.00652287807316,-0.00883150100708,0.00662135891616,-0.0151073653251,0.027249796316,-0.0106724668294],[0.000146099744597,-0.00137950119097,-0.000241162793827,0.00298372702673,-0.003214340657,0.000294068246149,0.00324931787327,-0.00691258208826,0.00633620191365,-0.000443819531938,0.00197071884759,-0.0106724668294,0.0238460972905]],"mean":[-7.80202865601,114.322944641,-93.2844467163,-17.7789402008,-5.9336104393,-16.9070911407,-0.122055798769,-20.2779712677,-2.57673072815,-9.86233520508,-1.53331065178,-1.9154727459,-6.40998315811]},"hfc":{"dmean":43.1950492859,"dmean2":67.8447265625,"dvar":2951.91699219,"dvar2":7034.76611328,"max":1329.93908691,"mean":161.650817871,"median":141.493652344,"min":1.21154417933e-16,"var":12258.2089844},"melbands":{"dmean":[0.00273072207347,0.0011900884565,0.000698414922226,0.000511021935381,0.00038688161294,0.00038563774433,0.000212604703847,0.000197087938432,0.000145182551933,0.000137798007927,0.000104109290987,0.000109414570034,0.0000872059026733,0.0000984348225757,0.0000959354874794,0.0000551952434762,0.0000353108116542,0.0000258236741502,0.0000235793249885,0.0000156068490469,0.0000135116943056,0.0000085417595983,0.00000817681666376,0.00000648233572065,0.00000521802667208,0.0000034571201013,0.00000270090686172,0.0000015224291019,0.00000121756761473,8.31611600915e-7,5.12676308517e-7,3.98294531578e-7,3.19679770655e-7,2.16430194655e-7,1.37457234928e-7,9.17832849723e-8,4.2263888389e-8,2.87913621833e-8,2.52041374438e-8,2.24164935503e-8],"dmean2":[0.00463125947863,0.00200322899036,0.00115251494572,0.000848147261422,0.000614256190602,0.000619473867118,0.000348594243405,0.00031808638596,0.000237190062762,0.000224241099204,0.000168821090483,0.000175062261405,0.000138437884743,0.0001599178795,0.000157768328791,0.0000904413536773,0.0000579665393161,0.000042039060645,0.0000383994374715,0.0000248083051702,0.0000213084858842,0.000013481849237,0.0000127542944028,0.0000102670674096,0.00000822771653475,0.00000533494267074,0.00000418776653532,0.00000235462971432,0.0000019107837943,0.00000130589546643,7.82947267908e-7,6.14067687366e-7,4.93475738494e-7,3.29190982029e-7,2.08006596836e-7,1.40747374644e-7,6.83035636939e-8,4.78223398659e-8,4.19065813162e-8,3.71954342882e-8],"dvar":[0.0000336918601533,0.00000423073242928,0.00000115671127787,7.70439044118e-7,7.54161192162e-7,0.00000113127828172,1.58210625045e-7,1.5677052545e-7,9.88542510072e-8,9.58893338066e-8,6.23837124181e-8,5.07725630428e-8,3.75363704563e-8,3.48911051162e-8,2.90754069709e-8,9.74751834804e-9,3.60843421809e-9,2.35117525449e-9,1.76892556158e-9,7.64583063528e-10,9.79959668967e-10,4.2788597665e-10,4.71572503269e-10,3.73696878997e-10,2.77267320214e-10,9.16210857183e-11,2.04114183888e-10,2.4989848732e-11,2.57357971739e-11,6.82485838677e-12,2.57463082971e-12,1.22435178315e-12,9.86423724821e-13,5.14778649395e-13,1.91529599255e-13,6.65962375307e-14,5.82455429916e-15,2.36814572536e-15,1.83954570902e-15,1.41268112591e-15],"dvar2":[0.0000915330601856,0.0000112579473353,0.00000312205656883,0.00000199834198611,0.00000184806526704,0.00000282529845208,4.11470097106e-7,3.95807660425e-7,2.52907824461e-7,2.46747447363e-7,1.638585303e-7,1.15526255229e-7,8.68315694902e-8,8.67127738502e-8,7.29288558432e-8,2.43419595591e-8,9.33506338896e-9,5.95570259776e-9,4.60155114013e-9,1.87591253642e-9,2.30298358161e-9,1.10241971107e-9,1.12402120944e-9,9.15162945425e-10,7.35180527567e-10,2.12996537075e-10,5.04544406255e-10,5.92646973163e-11,5.89613080582e-11,1.63312141588e-11,5.68263752027e-12,2.91539253676e-12,2.47182569552e-12,1.22095823035e-12,4.45110989082e-13,1.53635093471e-13,1.36205472899e-14,5.73425931643e-15,4.48540579746e-15,3.42679376086e-15],"max":[0.0943095758557,0.032984059304,0.0219228062779,0.022873967886,0.0263271760195,0.0546868890524,0.0118503160775,0.00945417489856,0.00993133429438,0.00855867564678,0.0103075383231,0.00788547098637,0.00616694474593,0.00546029163525,0.00526417326182,0.00274264672771,0.00149386073463,0.0020128195174,0.00120467343368,0.000587354646996,0.00114388775546,0.000776019471232,0.000927320681512,0.000763675838243,0.000754569889978,0.000309003778966,0.0011724322103,0.000250431447057,0.000186170596862,0.0000940844984143,0.0000734442728572,0.0000529349854332,0.0000483293042635,0.0000357378739864,0.0000230219320656,0.0000148855906446,0.0000025905928851,6.89990031333e-7,6.55930705307e-7,5.3863834637e-7],"mean":[0.00342568592168,0.00161013822071,0.00124608131591,0.000834544771351,0.000646724016406,0.00063592166407,0.000387072301237,0.000338208279572,0.000242852489464,0.000236405510805,0.000171649924596,0.000188485748367,0.000149062005221,0.000169255872606,0.000168905491591,0.0000969764660113,0.0000604979104537,0.0000456123234471,0.0000395985225623,0.0000269257780019,0.0000218674376811,0.000015237838852,0.000014306068806,0.000012032185623,0.00000937585082283,0.00000618957255938,0.00000452551239505,0.00000292939716928,0.00000227413147513,0.00000156566773057,0.00000105695323782,8.01870100986e-7,6.65010702505e-7,4.53836321412e-7,2.80754335336e-7,1.73947753979e-7,5.53800383329e-8,2.91299198096e-8,2.55896885903e-8,2.30559802361e-8],"median":[0.00140973576345,0.00091915903613,0.000742567703128,0.000464566546725,0.00027936155675,0.000269210810075,0.000213457853533,0.000158841343364,0.000102769983641,0.0000989629770629,0.0000799891568022,0.0000900913728401,0.0000737383888918,0.0000916205681278,0.0000947173393797,0.0000573666548007,0.0000360956400982,0.0000276850041701,0.000020850699002,0.0000132376499096,0.00000859494684846,0.00000668157827022,0.00000541590543435,0.00000327995712723,0.00000247151956501,0.00000158045713761,0.00000105083654489,7.1273143476e-7,5.21127049069e-7,3.58522470378e-7,2.25105310392e-7,1.86497203458e-7,1.25966721498e-7,8.71786838275e-8,5.96490821181e-8,4.01765802849e-8,2.05780210649e-8,1.08308757518e-8,9.81507852771e-9,9.18180376175e-9],"min":[3.47718448538e-24,4.69005694387e-24,9.79979577792e-24,1.2467606608e-23,3.6496156742e-24,2.79339985274e-24,3.26791033685e-24,5.53488240272e-24,6.93001446804e-24,2.06852692653e-23,1.45078146902e-23,9.43993794335e-24,1.11319317779e-23,2.1083850704e-23,1.64561196881e-23,1.17935249645e-23,1.71536652103e-23,1.25710373167e-23,1.04555466606e-23,4.02228815975e-24,9.20817297597e-24,6.35959624722e-24,6.30556321952e-24,5.09475521002e-24,1.03592354215e-23,4.42701206388e-24,5.62483660617e-24,7.03229422871e-24,8.27389897351e-24,9.34460646953e-24,6.88582090241e-24,9.02014561263e-24,1.06435274811e-23,1.04247976514e-23,7.63757931267e-24,9.86539508422e-24,1.74386096579e-23,1.11072214989e-23,1.28625553422e-23,7.58743300265e-24],"var":[0.0000338000245392,0.00000465386801807,0.00000236289497479,0.00000151343795096,0.00000159105070452,0.000002135861223,3.07026795099e-7,2.99916564472e-7,1.82663370651e-7,2.20237652115e-7,1.01380479123e-7,1.09897577261e-7,7.99932564632e-8,7.13623649062e-8,5.85772887973e-8,1.93754718936e-8,6.7898113798e-9,4.08907707694e-9,3.37945071927e-9,1.54342683079e-9,1.61383972852e-9,7.79299957898e-10,9.34098021155e-10,1.01315811296e-9,6.1337240842e-10,2.343548966e-10,3.4508970681e-10,7.30048105302e-11,6.37813690751e-11,1.99568070403e-11,9.78241099236e-12,4.87745130742e-12,4.09558368122e-12,2.21553656497e-12,8.33895073219e-13,2.8647071694e-13,1.24717156565e-14,2.6407213513e-15,2.00318929806e-15,1.5627311067e-15]},"melbands_crest":{"dmean":4.01844882965,"dmean2":6.6695022583,"dvar":13.8314151764,"dvar2":36.1994171143,"max":35.8890838623,"mean":14.1567649841,"median":13.0677566528,"min":2.23455643654,"var":34.0113334656},"melbands_flatness_db":{"dmean":0.0313072353601,"dmean2":0.0502930060029,"dvar":0.00073069386417,"dvar2":0.00189716357272,"max":0.572439908981,"mean":0.257921338081,"median":0.256760776043,"min":0.00876206066459,"var":0.00373019045219},"melbands_kurtosis":{"dmean":4.01323890686,"dmean2":6.66736078262,"dvar":40.6641578674,"dvar2":112.264465332,"max":173.809188843,"mean":6.04621839523,"median":3.5395693779,"min":-1.81995332241,"var":71.5654220581},"melbands_skewness":{"dmean":0.627894341946,"dmean2":1.01356744766,"dvar":0.402310431004,"dvar2":1.05912840366,"max":11.069439888,"mean":1.95701169968,"median":1.78850722313,"min":-1.48847806454,"var":1.38155424595},"melbands_spread":{"dmean":5.15557575226,"dmean2":8.23991298676,"dvar":31.0031833649,"dvar2":73.8283309937,"max":165.879760742,"mean":19.4888000488,"median":16.9820518494,"min":0.977673649788,"var":176.652404785},"mfcc":{"cov":[[7775.04443359,722.420654297,-932.555114746,570.956787109,-265.678161621,151.42427063,-247.758926392,64.709022522,-146.599868774,155.442077637,141.872940063,53.5532798767,10.4739055634],[722.420654297,1734.23974609,-4.20185565948,-389.580993652,124.278137207,-85.8537826538,43.8540306091,-122.586410522,31.721660614,-42.9981803894,53.7969970703,62.6195640564,4.48176050186],[-932.555114746,-4.20185565948,524.32421875,-194.838562012,77.9494934082,-56.3187713623,76.1651763916,-49.935962677,18.1821918488,-33.2847328186,-23.3919906616,2.06293034554,-15.3371429443],[570.956787109,-389.580993652,-194.838562012,511.259979248,-89.8068161011,113.709907532,-54.6732177734,93.1100540161,-45.0409317017,32.6651725769,-22.9078807831,-47.5158462524,10.789106369],[-265.678161621,124.278137207,77.9494934082,-89.8068161011,212.044143677,10.5082235336,66.2034835815,-9.19703483582,42.3234214783,-16.1249694824,2.89305377007,11.6763343811,6.84945583344],[151.42427063,-85.8537826538,-56.3187713623,113.709907532,10.5082235336,160.604492188,19.514831543,57.4388885498,-17.4319782257,1.19912576675,-14.0599651337,-1.58328652382,13.1253471375],[-247.758926392,43.8540306091,76.1651763916,-54.6732177734,66.2034835815,19.514831543,118.151199341,13.9753665924,18.4135951996,-23.3081855774,-15.1354923248,-8.19203472137,1.26401209831],[64.709022522,-122.586410522,-49.935962677,93.1100540161,-9.19703483582,57.4388885498,13.9753665924,113.361679077,30.7583503723,13.8222198486,-14.8616571426,-8.27711582184,9.78309345245],[-146.599868774,31.721660614,18.1821918488,-45.0409317017,42.3234214783,-17.4319782257,18.4135951996,30.7583503723,88.3000793457,23.018289566,4.17587375641,7.05457544327,4.52084636688],[155.442077637,-42.9981803894,-33.2847328186,32.6651725769,-16.1249694824,1.19912576675,-23.3081855774,13.8222198486,23.018289566,71.9030303955,37.2644233704,11.5303955078,-0.903594613075],[141.872940063,53.7969970703,-23.3919906616,-22.9078807831,2.89305377007,-14.0599651337,-15.1354923248,-14.8616571426,4.17587375641,37.2644233704,77.575668335,37.0154838562,3.26548266411],[53.5532798767,62.6195640564,2.06293034554,-47.5158462524,11.6763343811,-1.58328652382,-8.19203472137,-8.27711582184,7.05457544327,11.5303955078,37.0154838562,66.7176818848,25.9155464172],[10.4739055634,4.48176050186,-15.3371429443,10.789106369,6.84945583344,13.1253471375,1.26401209831,9.78309345245,4.52084636688,-0.903594613075,3.26548266411,25.9155464172,56.0633926392]],"icov":[[0.000204095558729,-0.000146506659803,0.000230861085583,-0.000178671529284,0.0000631982693449,-0.0000208669207495,0.0000954104762059,-0.000102379992313,0.00032938507502,-0.000329258124111,-0.0000400696517318,-0.000182945615961,0.000139034716995],[-0.000146506659803,0.000879159430042,0.000137911207275,0.000610352202784,-0.000227975440794,-0.000051407929277,-0.000194812280824,0.000639581063297,-0.000530292221811,0.000747074314859,-0.000352930714143,-0.000019187655198,-0.000105739010905],[0.000230861085583,0.000137911207275,0.00290152058005,0.000542511814274,-0.000342417537468,0.000486734032165,-0.00124413578305,0.00069584720768,0.000398245989345,-0.000496363267303,0.00111858476885,-0.000891636998858,0.000776606961153],[-0.000178671529284,0.000610352202784,0.000542511814274,0.00412818975747,0.0000729189268895,-0.00137878232636,0.00107789528556,-0.00177641294431,0.00172214524355,-0.00121065892745,0.0000314193566737,0.00299387145787,-0.00160602119286],[0.0000631982693449,-0.000227975440794,-0.000342417537468,0.0000729189268895,0.00704865530133,-0.00174075015821,-0.0026048172731,0.00196370459162,-0.00397794973105,0.00193125312217,-0.00138273625635,-0.000138321804116,-0.000342468934832],[-0.0000208669207495,-0.000051407929277,0.000486734032165,-0.00137878232636,-0.00174075015821,0.0100731691346,-0.00205712462775,-0.00460307532921,0.00458395155147,-0.00167821161449,0.00219843816012,-0.00253155105747,-0.00024401662813],[0.0000954104762059,-0.000194812280824,-0.00124413578305,0.00107789528556,-0.0026048172731,-0.00205712462775,0.0129709159955,-0.00245145289227,-0.000954303075559,0.00318282144144,-0.00128891819622,0.00322427391075,-0.00090196862584],[-0.000102379992313,0.000639581063297,0.00069584720768,-0.00177641294431,0.00196370459162,-0.00460307532921,-0.00245145289227,0.0167648755014,-0.00867298711091,0.0000847563132993,0.00185476779006,-0.000293116463581,-0.0008040459943],[0.00032938507502,-0.000530292221811,0.000398245989345,0.00172214524355,-0.00397794973105,0.00458395155147,-0.000954303075559,-0.00867298711091,0.0214212574065,-0.00983887910843,0.00373444636352,-0.00126085907687,-0.000814462255221],[-0.000329258124111,0.000747074314859,-0.000496363267303,-0.00121065892745,0.00193125312217,-0.00167821161449,0.00318282144144,0.0000847563132993,-0.00983887910843,0.026706488803,-0.0135877812281,0.00226045027375,0.00113974686246],[-0.0000400696517318,-0.000352930714143,0.00111858476885,0.0000314193566737,-0.00138273625635,0.00219843816012,-0.00128891819622,0.00185476779006,0.00373444636352,-0.0135877812281,0.0268335547298,-0.0137600265443,0.00397284748033],[-0.000182945615961,-0.000019187655198,-0.000891636998858,0.00299387145787,-0.000138321804116,-0.00253155105747,0.00322427391075,-0.000293116463581,-0.00126085907687,0.00226045027375,-0.0137600265443,0.0301360841841,-0.0131872948259],[0.000139034716995,-0.000105739010905,0.000776606961153,-0.00160602119286,-0.000342468934832,-0.00024401662813,-0.00090196862584,-0.0008040459943,-0.000814462255221,0.00113974686246,0.00397284748033,-0.0131872948259,0.0245490930974]],"mean":[-673.085632324,183.943313599,-25.145236969,19.7830162048,1.52682483196,16.338508606,2.39817738533,6.41946983337,-2.71923995018,-0.436350286007,1.22520565987,1.91823911667,2.89861321449]},"pitch_salience":{"dmean":0.0724436044693,"dmean2":0.119933351874,"dvar":0.00427880557254,"dvar2":0.0115496404469,"max":0.835150182247,"mean":0.579959988594,"median":0.593713521957,"min":0.159542173147,"var":0.0106217609718},"silence_rate_20dB":{"dmean":0,"dmean2":0,"dvar":0,"dvar2":0,"max":1,"mean":1,"median":1,"min":1,"var":0},"silence_rate_30dB":{"dmean":0.0406995229423,"dmean2":0.0814042240381,"dvar":0.0390388444066,"dvar2":0.0918153300881,"max":1,"mean":0.96324557066,"median":1,"min":0,"var":0.0354009158909},"silence_rate_60dB":{"dmean":0.000127186009195,"dmean2":0.000254388200119,"dvar":0.000127153703943,"dvar2":0.0002543234732,"max":1,"mean":0.0333842039108,"median":0,"min":0,"var":0.0322692580521},"spectral_centroid":{"dmean":162.862442017,"dmean2":241.624359131,"dvar":34965.3789062,"dvar2":66260.2578125,"max":10813.1699219,"mean":970.985656738,"median":830.657714844,"min":190.522262573,"var":274448.5625},"spectral_complexity":{"dmean":3.2745308876,"dmean2":4.94492483139,"dvar":11.0479459763,"dvar2":21.1821842194,"max":61,"mean":21.6056842804,"median":21,"min":0,"var":92.9272232056},"spectral_contrast_coeffs":{"dmean":[0.0549873150885,0.0484994091094,0.0384373888373,0.0293959025294,0.025556139648,0.0397314839065],"dmean2":[0.0913120657206,0.0807274281979,0.064564332366,0.0489826053381,0.0410563014448,0.0627941340208],"dvar":[0.00189125817269,0.00141528004315,0.000905613414943,0.000539089727681,0.000516881758813,0.00143537332769],"dvar2":[0.0052039171569,0.00391165632755,0.00249844486825,0.00146234408021,0.00132372928783,0.00352270086296],"max":[-0.354393541813,-0.437964588404,-0.563241124153,-0.569631278515,-0.614279210567,-0.417623996735],"mean":[-0.673858940601,-0.754854023457,-0.788749277592,-0.795619308949,-0.80421513319,-0.767612338066],"median":[-0.678136944771,-0.75820338726,-0.793415665627,-0.79776930809,-0.801992535591,-0.785980939865],"min":[-0.937344074249,-0.963673233986,-0.976552724838,-0.960097432137,-0.967826366425,-0.957901299],"var":[0.00643453188241,0.00415546260774,0.0027155757416,0.00189195515122,0.00184894993436,0.00692674890161]},"spectral_contrast_valleys":{"dmean":[0.401579707861,0.337612569332,0.284893453121,0.266126304865,0.325877904892,0.657863080502],"dmean2":[0.662829756737,0.556336641312,0.466134935617,0.417313992977,0.489513188601,1.06444334984],"dvar":[0.114940434694,0.0812990069389,0.0636373460293,0.067330725491,0.134343400598,0.31778717041],"dvar2":[0.281833738089,0.197801828384,0.14392670989,0.132910728455,0.281664907932,0.802157819271],"max":[-4.87278699875,-4.49742460251,-4.98918008804,-5.42906618118,-5.29496192932,-8.99382781982],"mean":[-6.83490800858,-6.37250137329,-6.71790409088,-7.22922945023,-7.94151210785,-11.2534265518],"median":[-6.66270160675,-6.17500591278,-6.51304721832,-7.00328922272,-7.8026509285,-11.1355333328],"min":[-27.4375972748,-27.3108386993,-27.0817050934,-27.1044845581,-27.2152233124,-27.3592319489],"var":[1.27210199833,1.37025618553,1.37631011009,1.42262935638,1.44987523556,1.1493844986]},"spectral_decrease":{"dmean":3.60712282266e-9,"dmean2":5.86844572936e-9,"dvar":3.09175198292e-17,"dvar2":8.1378147777e-17,"max":3.18172199698e-9,"mean":-7.83830866879e-9,"median":-6.0340350494e-9,"min":-8.83550370645e-8,"var":5.14087688356e-17},"spectral_energy":{"dmean":0.0145371630788,"dmean2":0.0233839005232,"dvar":0.000487482757308,"dvar2":0.00125798885711,"max":0.362549096346,"mean":0.0442458093166,"median":0.0380304902792,"min":1.06761180514e-20,"var":0.000961068435572},"spectral_energyband_high":{"dmean":0.00026578590041,"dmean2":0.000365493848221,"dvar":4.87147303829e-7,"dvar2":7.94621143996e-7,"max":0.0343107767403,"mean":0.000822352012619,"median":0.000295533711324,"min":8.00978939636e-21,"var":0.00000405576884077},"spectral_energyband_low":{"dmean":0.01028876286,"dmean2":0.0171585697681,"dvar":0.000386907689972,"dvar2":0.00103267258964,"max":0.329041182995,"mean":0.0155404284596,"median":0.00873433239758,"min":3.13023888387e-23,"var":0.000443220720626},"spectral_energyband_middle_high":{"dmean":0.002338611288,"dmean2":0.00356762995943,"dvar":0.0000101935465864,"dvar2":0.0000230951336562,"max":0.0744706988335,"mean":0.00718182278797,"median":0.00540277920663,"min":1.3463062201e-21,"var":0.0000440511757915},"spectral_energyband_middle_low":{"dmean":0.00539404898882,"dmean2":0.0086256833747,"dvar":0.0000620562350377,"dvar2":0.000158066235599,"max":0.233343973756,"mean":0.0147468792275,"median":0.0107512623072,"min":2.99612401029e-22,"var":0.000189359358046},"spectral_entropy":{"dmean":0.170439824462,"dmean2":0.26141244173,"dvar":0.0280119162053,"dvar2":0.0638041123748,"max":9.79427433014,"mean":7.30882835388,"median":7.31345653534,"min":5.22706604004,"var":0.154760807753},"spectral_flux":{"dmean":0.0250120405108,"dmean2":0.0405799262226,"dvar":0.000995708629489,"dvar2":0.00230881432071,"max":0.488446474075,"mean":0.113255091012,"median":0.10868948698,"min":1.03325299705e-10,"var":0.00298896734603},"spectral_kurtosis":{"dmean":7.75640249252,"dmean2":12.2120285034,"dvar":94.6047363281,"dvar2":239.267410278,"max":157.047393799,"mean":27.9272041321,"median":24.1028556824,"min":-1.26820552349,"var":215.460449219},"spectral_rms":{"dmean":0.00096133101033,"dmean2":0.00150900299195,"dvar":0.00000134002834784,"dvar2":0.00000325978226101,"max":0.0188070852309,"mean":0.00615707365796,"median":0.00609121657908,"min":3.22734027003e-12,"var":0.00000525705218024},"spectral_rolloff":{"dmean":4646.22802734,"dmean2":8950.16015625,"dvar":59439860,"dvar2":142729632,"max":22050,"mean":12090.2441406,"median":19659.8144531,"min":64.599609375,"var":95603688},"spectral_skewness":{"dmean":0.501362681389,"dmean2":0.772761821747,"dvar":0.317398101091,"dvar2":0.774228453636,"max":10.3748121262,"mean":3.68150925636,"median":3.49237680435,"min":0.00446321070194,"var":1.08370196819},"spectral_spread":{"dmean":466036.03125,"dmean2":735925.875,"dvar":270887305216,"dvar2":519590346752,"max":42660788,"mean":3390611.5,"median":3309933.75,"min":1099599.375,"var":937497722880},"spectral_strongpeak":{"dmean":3.06720662117,"dmean2":5.71903467178,"dvar":129.156799316,"dvar2":356.779724121,"max":149.054443359,"mean":2.63225913048,"median":0.314125239849,"min":0,"var":113.701675415},"zerocrossingrate":{"dmean":0.0340699516237,"dmean2":0.0426110774279,"dvar":0.000817122927401,"dvar2":0.00128191791009,"max":0.68994140625,"mean":0.268674820662,"median":0.2587890625,"min":0.0537109375,"var":0.00801774021238}},"metadata":{"audio_properties":{"analysis_sample_rate":44100,"bit_rate":160000,"codec":"mp3","downmix":"mix","equal_loudness":0,"length":365.113464355,"lossless":false,"md5_encoded":"79586336d7ff7b470c2d7ad2d1a9579e","replay_gain":-2.3171043396},"tags":{"album":["Club Ninja"],"albumartist":["Blue Öyster Cult"],"albumartistsort":["Blue Öyster Cult"],"artist":["Blue Öyster Cult"],"artistsort":["Blue Öyster Cult"],"asin":["B000001SMX"],"barcode":["07464399792"],"catalognumber":["CK 39979"],"date":["1986"],"discnumber":["1/1"],"file_name":"07 When the War Comes.mp3","genre":["Hard Rock"],"label":["Columbia Records"],"language":["eng"],"media":["CD"],"mp3gain_album_minmax":["000,195"],"mp3gain_minmax":["142,194"],"musicbrainz album release country":["US"],"musicbrainz album status":["official"],"musicbrainz album type":["album"],"musicbrainz_albumartistid":["c7423e0c-ab3e-4ab4-be10-cdff5a9d3062"],"musicbrainz_albumid":["ae57bcb4-1f3e-432d-a8b8-8ffb9bb60733"],"musicbrainz_artistid":["c7423e0c-ab3e-4ab4-be10-cdff5a9d3062"],"musicbrainz_recordingid":["c12b6995-e83e-4b3d-8844-ebf7ee1ff071"],"originaldate":["1985"],"replaygain_album_gain":["-2.36 dB"],"replaygain_album_peak":["0.866748"],"replaygain_track_gain":["-1.98 dB"],"replaygain_track_peak":["0.866748"],"script":["Latn"],"title":["When the War Comes"],"tracknumber":["7/9"]},"version":{"essentia":"2.1-beta1","essentia_build_sha":"bda5e90839f2e183d44a111976edb2fa785c9dca","essentia_git_sha":"v2.1_beta1-13-g0c62dac-dirty","extractor":"music 1.0"}},"rhythm":{"beats_count":659,"beats_loudness":{"dmean":0.028509452939,"dmean2":0.0500028468668,"dvar":0.000613063399214,"dvar2":0.00170084624551,"max":0.239393815398,"mean":0.0660707876086,"median":0.0653408169746,"min":3.92747914191e-8,"var":0.00126003101468},"beats_loudness_band_ratio":{"dmean":[0.175361603498,0.0856145992875,0.0603724531829,0.0587107352912,0.0485029220581,0.0706129819155],"dmean2":[0.297779768705,0.152106255293,0.103829577565,0.10019703