{"lowlevel":{"average_loudness":0.0442993231118,"barkbands":{"dmean":[0.0000267819432338,0.000158809431014,0.000228481760132,0.000395696813939,0.00160162337124,0.00199060980231,0.00131323444657,0.000973096000962,0.000714308524039,0.000518030836247,0.000259812892182,0.0000914999764063,0.0000370291163563,0.0000136764110721,0.000014658841792,0.00000888751037564,0.0000101833138615,0.0000115652146633,0.0000136292819661,0.0000171940337168,0.00000738780227039,0.00000259859893958,0.0000012959800415,0.00000118582443065,0.00000121162986488,0.00000147761556946,0.00000972891848505],"dmean2":[0.0000447318707302,0.000263480324065,0.000350414164132,0.000659894139972,0.00243891240098,0.00298208277673,0.00205414695665,0.00152860686649,0.00116256647743,0.000815452076495,0.000390444532968,0.00014743579959,0.0000590346535319,0.0000217067226913,0.0000233917635342,0.000014282988559,0.0000153264882101,0.0000177212477865,0.0000187752193597,0.0000221278969548,0.000010165549611,0.00000379690777663,0.00000213052771869,0.00000195536676983,0.00000197866643248,0.00000236610435422,0.0000146449683598],"dvar":[3.18559045809e-9,9.75192264718e-8,2.2934003141e-7,8.86889097274e-7,0.00000757605130275,0.0000375337949663,0.0000146170496009,0.0000054868000916,0.00000447251977675,0.00000264726918431,6.73425063269e-7,1.1535269806e-7,1.26275239154e-8,1.22575616324e-9,1.80701775765e-9,1.50545986788e-9,4.71522465517e-9,6.29193719348e-9,2.2341632544e-8,3.66434491639e-8,5.3760018659e-9,3.18933768284e-10,9.29401260813e-12,6.62672390919e-12,6.28573105024e-12,7.32076291948e-12,2.51086318404e-10],"dvar2":[8.23318568877e-9,2.64424699026e-7,5.07801473759e-7,0.00000218168975152,0.0000183392821782,0.0000819273409434,0.0000351315684384,0.0000139118010338,0.0000121315051729,0.00000682978179611,0.00000141186092151,2.70800029512e-7,2.91462143309e-8,3.04155545194e-9,4.37209202175e-9,3.59528806726e-9,1.02870396645e-8,1.30115047625e-8,4.69704559691e-8,5.86363455568e-8,9.18083564727e-9,6.04296501727e-10,2.30736749152e-11,1.72803091281e-11,1.62983879864e-11,1.8525450271e-11,5.68129265854e-10],"max":[0.00130320934113,0.00819381885231,0.0122657800093,0.0325206443667,0.0771923288703,0.230867862701,0.114540763199,0.0872349590063,0.0821419879794,0.0396509803832,0.0389141328633,0.0214851386845,0.00448178034276,0.00122696883045,0.00132601964287,0.00158111436758,0.00472406158224,0.00420414656401,0.00834409613162,0.0146676357836,0.0041826129891,0.00117829756346,0.0000875683399499,0.0000584188237553,0.0000566696508031,0.0000567947063246,0.000561899505556],"mean":[0.00002672698065,0.000290380528895,0.000416524824686,0.000612332369201,0.00329735619016,0.00452527590096,0.00267777265981,0.00197638524696,0.00123114674352,0.000968094042037,0.000506418116856,0.00017701224715,0.00006765917351,0.000026283232728,0.0000271773205895,0.000013565016161,0.0000165954570548,0.0000201759958145,0.0000224597079068,0.0000309617207677,0.0000132299164761,0.00000397350549974,0.00000144931459545,0.00000127297903418,0.00000135578602567,0.00000178372226856,0.0000226797783398],"median":[0.00000741082430977,0.000129960651975,0.000144198827911,0.000205625459785,0.00214304029942,0.00131649360992,0.00104113353882,0.00106051238254,0.000446528167231,0.000236115738517,0.00017060348182,0.0000378667100449,0.0000148524804899,0.00000732762009648,0.00000607345418757,0.00000182212852451,0.00000155792565693,0.00000143500824379,9.99107442112e-7,8.7294495188e-7,8.22974527637e-7,6.34692639778e-7,4.58382345414e-7,4.5023267603e-7,5.24503036559e-7,7.78156106662e-7,0.0000113700352813],"min":[1.43837335258e-25,2.62705827568e-24,2.31645109817e-25,1.61380046255e-24,4.18466847177e-24,8.95215369121e-24,6.0998783881e-24,6.97442575928e-24,5.66854265577e-24,8.94291060799e-24,9.5512840824e-24,1.44447073955e-23,1.38488744429e-23,2.94629923997e-23,3.90899921406e-23,3.74147734332e-23,5.74400232895e-23,7.75177134632e-23,9.97531590939e-23,1.62570272883e-22,2.46708359499e-22,3.54597798415e-22,4.28062129977e-22,5.01898551451e-22,7.1603866857e-22,1.25625864391e-21,1.92709878855e-21],"var":[3.44289152743e-9,2.41362386078e-7,6.86689020313e-7,0.00000240694203058,0.0000168296064658,0.00022176123457,0.0000325641740346,0.000011832790733,0.00000788380475569,0.00000585187217439,0.00000145141018493,3.16255437838e-7,3.10689003413e-8,3.25271165558e-9,4.48391546115e-9,2.81350609477e-9,1.29653745518e-8,1.64226445776e-8,6.17745214981e-8,1.31344307874e-7,1.6215764731e-8,1.05805320061e-9,1.17880401621e-11,6.89358205935e-12,6.80390336086e-12,8.87837806746e-12,1.12797882146e-9]},"barkbands_crest":{"dmean":2.2735376358,"dmean2":3.58289551735,"dvar":3.95360684395,"dvar2":9.34707546234,"max":25.5186138153,"mean":11.0166406631,"median":10.162686348,"min":2.35559344292,"var":16.505941391},"barkbands_flatness_db":{"dmean":0.0332829467952,"dmean2":0.0513789728284,"dvar":0.000759200425819,"dvar2":0.00189958827104,"max":0.425009131432,"mean":0.225070878863,"median":0.227842018008,"min":0.016910912469,"var":0.00332280690782},"barkbands_kurtosis":{"dmean":7.11187314987,"dmean2":11.1283445358,"dvar":79.5752563477,"dvar2":194.982543945,"max":198.343490601,"mean":17.3824558258,"median":13.3529653549,"min":-1.83656466007,"var":242.163742065},"barkbands_skewness":{"dmean":0.731857717037,"dmean2":1.13007938862,"dvar":0.470216214657,"dvar2":1.12943446636,"max":9.05075359344,"mean":2.08848762512,"median":1.93111371994,"min":-2.25739002228,"var":1.95007801056},"barkbands_spread":{"dmean":1.46562814713,"dmean2":2.24549770355,"dvar":6.50297164917,"dvar2":15.6694574356,"max":117.178405762,"mean":6.45384120941,"median":4.54811429977,"min":0.486393392086,"var":78.0196151733},"dissonance":{"dmean":0.0491438172758,"dmean2":0.0819100514054,"dvar":0.00179858400952,"dvar2":0.00493544759229,"max":0.500000059605,"mean":0.391895651817,"median":0.398929536343,"min":0,"var":0.0040837302804},"dynamic_complexity":4.08995389938,"erbbands":{"dmean":[0.00350155984052,0.0420462936163,0.194015547633,0.880809605122,2.24509882927,6.34172534943,12.1431722641,19.1372337341,14.4243946075,30.8724689484,13.4911460876,19.4990901947,12.6101856232,16.4386024475,6.32232522964,3.73570823669,1.71272480488,0.83697873354,0.720423400402,0.627710819244,0.432957679033,0.564971268177,0.583818554878,0.613729476929,0.769980251789,0.80194401741,0.428855329752,0.215594083071,0.100654892623,0.0520269908011,0.034890267998,0.0260604340583,0.0191428996623,0.0133742894977,0.00873358920217,0.00523235462606,0.00281514250673,0.00138091552071,0.00061900226865,0.00100025604479],"dmean2":[0.00583966216072,0.069396674633,0.299977838993,1.4183371067,3.65660881996,9.33124923706,18.9234580994,28.3590831757,20.9701938629,50.5153274536,20.8893909454,31.8201751709,19.6057415009,25.4926643372,9.75264453888,5.97160863876,2.73718309402,1.31746351719,1.15192961693,0.979331851006,0.683049798012,0.850049316883,0.881038188934,0.876458823681,1.00758910179,1.05400037766,0.591157436371,0.322034478188,0.149153351784,0.082154341042,0.0573762357235,0.0430411919951,0.0315230898559,0.0219149682671,0.0142172090709,0.0084491558373,0.00450203288347,0.00215039332397,0.000927438086364,0.00153281691018],"dvar":[0.0000537938867637,0.00634735357016,0.140830129385,4.21616315842,21.8630771637,135.17149353,1213.80944824,3926.27880859,2039.94555664,7096.26708984,1040.04760742,3408.40087891,1756.27990723,2049.64697266,777.762268066,190.28994751,28.4188785553,4.34616947174,3.12107133865,5.18755626678,4.43830728531,15.6525182724,13.0417366028,39.0000610352,73.4693908691,73.5830154419,19.7982807159,4.52205610275,0.569630026817,0.0373269580305,0.00627676025033,0.00325068645179,0.00170460541267,0.000794212450273,0.000315910350764,0.000102480589703,0.0000259537318925,0.00000589606042922,0.00000149203424371,0.00000188707315374],"dvar2":[0.000146637845319,0.0169587153941,0.328824996948,10.0196828842,53.8998603821,319.950073242,2913.70654297,8115.31542969,4874.67285156,17963.5078125,2442.99072266,9586.96777344,4387.59716797,5139.81542969,1716.84570312,436.482269287,66.6801071167,10.7946424484,7.80769443512,12.0636806488,10.4296474457,34.3297080994,27.0608539581,74.2984390259,120.731239319,114.092750549,36.2835922241,8.09241676331,1.10323488712,0.0672708675265,0.0159418862313,0.00848642457277,0.00444275420159,0.0020644008182,0.000817068270408,0.000262684799964,0.0000654128598399,0.0000135738710014,0.00000293442258226,0.00000452660560768],"max":[0.228208586574,2.02433133125,8.96753120422,82.2937316895,200.277709961,462.801849365,880.592407227,2953.20922852,1377.88220215,2922.78295898,1225.20825195,2579.8203125,1232.6595459,1358.01989746,1193.046875,945.869628906,210.667251587,64.9524688721,65.9281845093,90.3758163452,105.316017151,281.606689453,186.819992065,434.025115967,599.784729004,642.401611328,248.71206665,111.032234192,48.9033508301,11.9329662323,1.81538486481,1.29614400864,0.939550459385,0.640191257,0.399395257235,0.221684247255,0.105045594275,0.0717228651047,0.0537904575467,0.0618006438017],"mean":[0.00584218325093,0.0772680714726,0.365792810917,1.58724188805,3.96559691429,12.9572935104,22.2963085175,45.8899917603,35.2035522461,54.6903877258,30.4244918823,33.4963264465,24.6474552155,34.537727356,12.3604078293,7.75611829758,3.4036719799,1.83373343945,1.50767982006,1.09865033627,0.725502490997,0.954731404781,1.05205190182,1.07377636433,1.43214035034,1.43436098099,0.78336250782,0.370280057192,0.160300552845,0.0690404623747,0.0386948101223,0.0278956890106,0.0206789318472,0.0147663932294,0.00990470033139,0.00611824449152,0.00343888578936,0.00193597923499,0.00145933357999,0.00538773834705],"median":[0.00215494027361,0.0351826064289,0.160925611854,0.507779181004,1.80042183399,8.11435699463,9.17206859589,13.5542907715,13.7347297668,26.7239189148,14.7470836639,12.6774940491,6.48616743088,11.3847484589,3.6935403347,1.64010059834,0.675368249416,0.517306208611,0.475741356611,0.170241653919,0.0999222844839,0.0907221138477,0.0816970542073,0.0613568499684,0.0477658398449,0.0411608666182,0.0365781821311,0.0291679333895,0.02328889817,0.0176526512951,0.0126264868304,0.00964679010212,0.00744273280725,0.00557676702738,0.0039470186457,0.0025698300451,0.00151742843445,0.000879665487446,0.000885399407707,0.00407505268231],"min":[3.71287924224e-23,5.52125236934e-22,3.00755984284e-21,4.1071811547e-21,8.76253667848e-21,1.90027475108e-20,4.01690020695e-20,6.12542882479e-20,6.81799871735e-20,1.05866070925e-19,1.96255191924e-19,2.00332520259e-19,4.105451184e-19,5.85027624131e-19,7.28255601556e-19,7.81449518798e-19,1.11817820256e-18,1.8510165915e-18,1.93892459071e-18,2.38945223365e-18,3.25777660308e-18,3.78617730363e-18,5.11667126273e-18,4.78081277298e-18,5.8920294235e-18,7.74894608752e-18,6.98475031553e-18,1.00616454729e-17,1.08855372153e-17,1.18379794424e-17,1.16038740942e-17,9.17307399683e-18,6.82933755409e-18,6.90014545529e-18,6.174174113e-18,4.31410092777e-18,2.09585150626e-18,9.05342873187e-19,2.32642039889e-19,2.71221310681e-20],"var":[0.000119717442431,0.0161372963339,0.380354225636,13.4178266525,46.6618804932,282.050201416,2354.8527832,30922.140625,4795.74853516,13362.8154297,2866.85546875,5605.29882812,3555.36572266,5626.13525391,1347.73901367,617.213195801,74.4025115967,13.1185207367,9.43197154999,11.1503124237,10.5295610428,42.4819145203,35.6620941162,100.515357971,291.793243408,275.275177002,61.9598579407,12.8859996796,1.78534555435,0.102318659425,0.00719848461449,0.00336522818543,0.00178317015525,0.00084711285308,0.000347115390468,0.000117707997561,0.0000319155515172,0.0000118055204439,0.00000543394344277,0.0000220739020733]},"erbbands_crest":{"dmean":2.56474471092,"dmean2":4.13464307785,"dvar":5.35970592499,"dvar2":13.9555978775,"max":31.8514728546,"mean":11.7309875488,"median":11.0520448685,"min":2.49670004845,"var":18.7806930542},"erbbands_flatness_db":{"dmean":0.033455658704,"dmean2":0.051695689559,"dvar":0.000781231967267,"dvar2":0.00197162898257,"max":0.414467871189,"mean":0.242369100451,"median":0.246544346213,"min":0.0405673608184,"var":0.00322743644938},"erbbands_kurtosis":{"dmean":2.80833101273,"dmean2":4.46545600891,"dvar":11.6607675552,"dvar2":27.9739608765,"max":79.6928863525,"mean":5.39427661896,"median":3.74939656258,"min":-1.83365619183,"var":37.3841285706},"erbbands_skewness":{"dmean":0.493388861418,"dmean2":0.76446646452,"dvar":0.181669041514,"dvar2":0.437674254179,"max":6.82841253281,"mean":1.06330323219,"median":0.996421933174,"min":-2.06183052063,"var":0.88895046711},"erbbands_spread":{"dmean":2.39078974724,"dmean2":3.67605853081,"dvar":9.39015102386,"dvar2":20.8932609558,"max":100.118469238,"mean":11.2431020737,"median":8.41310691833,"min":0.979618251324,"var":128.310272217},"gfcc":{"cov":[[30919.3496094,3383.3918457,-2298.93408203,-1451.59899902,-1440.55212402,-904.857299805,-364.33807373,-180.256149292,-306.736938477,-232.654556274,-98.1214904785,-196.402511597,148.006698608],[3383.3918457,1284.32824707,39.0865020752,-531.696838379,-103.144554138,-151.685119629,62.4574813843,-160.293685913,20.4192771912,-106.814964294,47.9348297119,-83.3608474731,66.6728286743],[-2298.93408203,39.0865020752,679.597106934,-34.0076942444,26.8583698273,123.005775452,-31.5738124847,-19.5814380646,23.6855888367,6.19773340225,23.978521347,-4.94915056229,-18.8315696716],[-1451.59899902,-531.696838379,-34.0076942444,603.100036621,159.5809021,26.7101516724,8.40877437592,47.5254936218,-46.2280273438,20.7559738159,-35.9468421936,39.9709777832,-52.0892066956],[-1440.55212402,-103.144554138,26.8583698273,159.5809021,249.076675415,78.922668457,73.5015640259,-6.63592290878,4.5182890892,1.73002243042,8.04248905182,12.2775011063,-13.5861034393],[-904.857299805,-151.685119629,123.005775452,26.7101516724,78.922668457,169.277297974,6.51111316681,25.054315567,-3.04730248451,7.82309103012,-4.29822969437,6.89933681488,-9.94838047028],[-364.33807373,62.4574813843,-31.5738124847,8.40877437592,73.5015640259,6.51111316681,128.672103882,16.8362922668,14.9762506485,-17.8314819336,-1.95787322521,-5.71081638336,8.45764732361],[-180.256149292,-160.293685913,-19.5814380646,47.5254936218,-6.63592290878,25.054315567,16.8362922668,98.4556808472,21.4542617798,13.4162549973,-19.4550628662,3.76181340218,-9.45727729797],[-306.736938477,20.4192771912,23.6855888367,-46.2280273438,4.5182890892,-3.04730248451,14.9762506485,21.4542617798,67.1294021606,30.391834259,14.3254785538,-12.8621463776,-4.47480583191],[-232.654556274,-106.814964294,6.19773340225,20.7559738159,1.73002243042,7.82309103012,-17.8314819336,13.4162549973,30.391834259,71.9367904663,28.3029003143,4.50261640549,-17.8857383728],[-98.1214904785,47.9348297119,23.978521347,-35.9468421936,8.04248905182,-4.29822969437,-1.95787322521,-19.4550628662,14.3254785538,28.3029003143,58.93724823,19.3906383514,4.08596229553],[-196.402511597,-83.3608474731,-4.94915056229,39.9709777832,12.2775011063,6.89933681488,-5.71081638336,3.76181340218,-12.8621463776,4.50261640549,19.3906383514,52.0110168457,22.4378948212],[148.006698608,66.6728286743,-18.8315696716,-52.0892066956,-13.5861034393,-9.94838047028,8.45764732361,-9.45727729797,-4.47480583191,-17.8857383728,4.08596229553,22.4378948212,62.7687149048]],"icov":[[0.000228415156016,-0.00105345947668,0.000822391011752,-0.000214965228224,0.000888094771653,-0.000445502402727,0.000642571656499,-0.000826973817311,0.00120296794921,-0.00115277268924,0.000835664977785,-0.00074478960596,0.00052828429034],[-0.00105345947668,0.00739151705056,-0.00405930262059,0.00234665931202,-0.00427235942334,0.00366704119369,-0.00384100829251,0.00561543973163,-0.00578559143469,0.00879885721952,-0.00711449282244,0.00743727199733,-0.00371833564714],[0.000822391011752,-0.00405930262059,0.00491039035842,-0.00111424876377,0.00365981296636,-0.00358503102325,0.00292938854545,-0.00227319239639,0.00273502990603,-0.003231278155,0.00227053067647,-0.0029932174366,0.00260429666378],[-0.000214965228224,0.00234665931202,-0.00111424876377,0.00431026006117,-0.00356187531725,0.00289110955782,-0.000678167853039,0.000250587472692,0.00156543741468,0.000548557087313,0.00110093399417,-0.000854730955325,0.00157506263349],[0.000888094771653,-0.00427235942334,0.00365981296636,-0.00356187531725,0.0122327003628,-0.00636831857264,-0.00200130790472,0.000931193761062,0.00107498373836,-0.00313256517984,0.00182450120337,-0.00427383417264,0.00322752166539],[-0.000445502402727,0.00366704119369,-0.00358503102325,0.00289110955782,-0.00636831857264,0.0118669336662,-0.000625703192782,-0.00143099192064,0.00166412908584,0.00172359740827,-0.00138608005363,0.00303759449162,-0.00153572182171],[0.000642571656499,-0.00384100829251,0.00292938854545,-0.000678167853039,-0.00200130790472,-0.000625703192782,0.0141991656274,-0.00685819704086,0.00145489233546,0.000284353125608,0.000564783695154,-5.80926098337e-7,-0.00044988663285],[-0.000826973817311,0.00561543973163,-0.00227319239639,0.000250587472692,0.000931193761062,-0.00143099192064,-0.00685819704086,0.0219715069979,-0.0134118264541,0.00466068927199,0.00365045526996,-0.00227262894623,0.000667172600515],[0.00120296794921,-0.00578559143469,0.00273502990603,0.00156543741468,0.00107498373836,0.00166412908584,0.00145489233546,-0.0134118264541,0.0355216003954,-0.0186440311372,0.000699588563293,0.00560319842771,-0.00112053914927],[-0.00115277268924,0.00879885721952,-0.003231278155,0.000548557087313,-0.00313256517984,0.00172359740827,0.000284353125608,0.00466068927199,-0.0186440311372,0.0388874560595,-0.022571425885,0.00921244546771,0.00104475463741],[0.000835664977785,-0.00711449282244,0.00227053067647,0.00110093399417,0.00182450120337,-0.00138608005363,0.000564783695154,0.00365045526996,0.000699588563293,-0.022571425885,0.0437748283148,-0.0270928125829,0.00828400440514],[-0.00074478960596,0.00743727199733,-0.0029932174366,-0.000854730955325,-0.00427383417264,0.00303759449162,-5.80926098337e-7,-0.00227262894623,0.00560319842771,0.00921244546771,-0.0270928125829,0.0494010783732,-0.0214081853628],[0.00052828429034,-0.00371833564714,0.00260429666378,0.00157506263349,0.00322752166539,-0.00153572182171,-0.00044988663285,0.000667172600515,-0.00112053914927,0.00104475463741,0.00828400440514,-0.0214081853628,0.028671508655]],"mean":[-133.764205933,129.465835571,-56.554019928,-44.4552841187,-57.2210731506,-28.250087738,-15.9630908966,-16.1964607239,-12.2815036774,-12.7872514725,-4.97837257385,-8.39438343048,-0.924417257309]},"hfc":{"dmean":19.1017589569,"dmean2":29.7857284546,"dvar":489.601287842,"dvar2":1264.01696777,"max":400.131317139,"mean":98.9416122437,"median":82.8101348877,"min":1.04228899702e-16,"var":4592.52099609},"melbands":{"dmean":[0.0000375438903575,0.000083097103925,0.000168744678376,0.000258483400103,0.000420779630076,0.000407363579143,0.000220900037675,0.000317815371091,0.000103416998172,0.00011765857198,0.0000647702108836,0.0000699376541888,0.0000266705228569,0.0000113888027045,0.00000662284037389,0.00000315540864904,0.00000149742334088,0.00000123200413782,0.00000103256945749,7.18225408036e-7,5.17376577136e-7,6.10383438016e-7,5.81976166814e-7,5.87781642025e-7,5.2198083722e-7,5.05371986037e-7,7.14671102742e-7,5.14275598107e-7,3.26527356265e-7,1.81941388178e-7,1.19079487604e-7,6.17749122966e-8,3.80561466784e-8,2.60477985847e-8,2.0436207393e-8,1.74899348337e-8,1.53074193321e-8,1.35731088591e-8,1.21440191236e-8,1.09773408141e-8],"dmean2":[0.000062388346123,0.000128979736473,0.000277857237961,0.000391435984056,0.000645038089715,0.000601730775088,0.000325487664668,0.000515657069627,0.000160061666975,0.000192360152141,0.000100744291558,0.000108735133836,0.000040812035877,0.0000181260766112,0.0000106086845335,0.00000501324257129,0.0000023712973416,0.00000199408373192,0.00000164491802934,0.00000112875602554,8.28463385005e-7,9.26022380554e-7,9.06527759525e-7,8.99863493942e-7,7.65070353737e-7,7.12854273388e-7,9.33642638756e-7,7.30067824861e-7,4.79642437767e-7,2.68642139645e-7,1.8668893631e-7,9.08311932335e-8,5.87534714214e-8,4.21404706685e-8,3.36299557091e-8,2.89328596637e-8,2.52828868952e-8,2.23667413479e-8,1.99511536181e-8,1.79712156267e-8],"dvar":[5.89679949314e-9,2.39468214147e-8,1.32193576974e-7,2.35613725863e-7,9.93329308585e-7,0.0000016111015384,4.4935163146e-7,7.03339935626e-7,6.81595011542e-8,1.28504581198e-7,4.76548827066e-8,4.00206694451e-8,1.08604929494e-8,2.17042495088e-9,4.79683570642e-10,7.96638657818e-11,1.63466531977e-11,8.76576502357e-12,1.08171622701e-11,8.18962866272e-12,8.63987440619e-12,2.00831573594e-11,1.57929450767e-11,1.83945809973e-11,3.3473383787e-11,3.56514227862e-11,6.73082978242e-11,3.13329015511e-11,1.31131251691e-11,3.51245725214e-12,1.41078869507e-12,2.27113087451e-13,4.57606059978e-14,5.94273233596e-15,2.17704111642e-15,1.4785124207e-15,1.11702776969e-15,8.61863594188e-16,6.71668486871e-16,5.30247707179e-16],"dvar2":[1.59195145955e-8,5.62939383997e-8,3.30649669422e-7,5.39144082268e-7,0.00000239012297243,0.00000336671564583,0.00000107280686734,0.0000017966433461,1.59339393235e-7,3.56633250931e-7,1.18511664482e-7,1.01021115029e-7,2.3765174717e-8,4.88443063773e-9,1.14819542762e-9,1.87468068846e-10,4.09340929208e-11,2.24235074953e-11,2.56491893696e-11,1.91417333373e-11,2.17196694657e-11,4.6114084773e-11,3.47254551503e-11,4.18971038418e-11,6.76538200461e-11,7.18864273663e-11,1.18971277274e-10,5.70234207076e-11,2.80743241154e-11,6.75253516297e-12,2.93996185903e-12,4.59963610169e-13,8.18213227206e-14,1.24302745695e-14,5.53952432428e-15,3.86319529968e-15,2.91491586897e-15,2.24704563665e-15,1.74865388571e-15,1.37745419031e-15],"max":[0.00230811582878,0.00366532895714,0.0116550447419,0.0172156244516,0.0237394943833,0.0569220669568,0.0193341206759,0.026807628572,0.00900560244918,0.0160390101373,0.00632892968133,0.00582283409312,0.00402775639668,0.00309674139135,0.000994555535726,0.000339199352311,0.000144168952829,0.000107414052763,0.000107779102109,0.000114564616524,0.000158857714268,0.000346700195223,0.000229827754083,0.000256896135397,0.000408914522268,0.00037450803211,0.000608795904554,0.00039604169433,0.000191339931916,0.000100334233139,0.0000580020750931,0.000029577395253,0.0000157739304996,0.00000383010137739,0.00000112010650355,8.81876417225e-7,7.57508985316e-7,6.6797110776e-7,5.89773151205e-7,5.22667960468e-7],"mean":[0.0000698488220223,0.000166108526173,0.000318247417454,0.000560939253774,0.000815451843664,0.00098824838642,0.00051661132602,0.000576320861001,0.000224207062274,0.000196071952814,0.000118033705803,0.000142215954838,0.0000501925569552,0.0000220343827095,0.0000130704038384,0.00000583920063946,0.00000298361169371,0.00000243132603828,0.00000180084111889,0.00000111347617349,7.88489160186e-7,9.64981609286e-7,9.56537974162e-7,9.84590428743e-7,8.41846656385e-7,8.47163448725e-7,0.00000123567940591,8.756590546e-7,5.42760119515e-7,3.08547441819e-7,1.83455640013e-7,9.7494272211e-8,5.33041664141e-8,3.17590931331e-8,2.23947012046e-8,1.86851245587e-8,1.63143063503e-8,1.45973091392e-8,1.32386412943e-8,1.21535261854e-8],"median":[0.0000288506544166,0.000076778116636,0.000122909244965,0.000362715800293,0.000399893411668,0.000314702832839,0.000198941110284,0.000289467570838,0.000105853163404,0.0000681707824697,0.0000278393981716,0.0000445626974397,0.0000160130039148,0.00000526484018337,0.00000217595038521,0.00000138186339882,8.07441665529e-7,7.95112327978e-7,3.04474752966e-7,1.42153609772e-7,1.07958257445e-7,9.35668893476e-8,7.97562975663e-8,6.45360032081e-8,4.7258598812e-8,3.60450371772e-8,2.9889275055e-8,2.6010713583e-8,2.31817409713e-8,1.95704910055e-8,1.54019783594e-8,1.31574493523e-8,1.12745999203e-8,8.96885765655e-9,7.2598234091e-9,6.36320995895e-9,5.62843860408e-9,5.2022621766e-9,4.8425712329e-9,4.61436799881e-9],"min":[7.32338133893e-25,1.24297203797e-24,9.54697512692e-25,6.23599180135e-25,2.0935855665e-24,1.39252961319e-24,1.0863134327e-24,1.03021260335e-24,1.48096999257e-24,9.18519168287e-25,1.93330165233e-24,1.9099547222e-24,2.33205802093e-24,1.92783070474e-24,2.66917082624e-24,2.29782697967e-24,2.45903504439e-24,2.72937136572e-24,3.27100720755e-24,2.31913805703e-24,4.20641894465e-24,3.20168171677e-24,2.28402329434e-24,3.3564682565e-24,3.44384012378e-24,3.03835260229e-24,2.46799058781e-24,4.0683651308e-24,3.58780211139e-24,4.74736611091e-24,4.80600726959e-24,4.58142645848e-24,5.88761327345e-24,5.49735155629e-24,5.60696969553e-24,4.4479082004e-24,4.9472985686e-24,4.68904562419e-24,5.32550412455e-24,5.01414309184e-24],"var":[1.54497534766e-8,7.03322768913e-8,4.00386397814e-7,5.34705975497e-7,0.00000209737982004,0.0000119653459478,0.00000106127674826,0.00000134122763029,1.73212413301e-7,2.11654295867e-7,9.35734689733e-8,1.04541960866e-7,1.98235845517e-8,5.37767075315e-9,1.45273626462e-9,1.78439804599e-10,4.24436041868e-11,2.42923250959e-11,2.4927768183e-11,1.48836602765e-11,1.76764488463e-11,4.80459318164e-11,3.5589173969e-11,4.06544659048e-11,7.36943908675e-11,1.03602196266e-10,2.37925179558e-10,9.87468301572e-11,3.22400404984e-11,9.13511627454e-12,3.47425040126e-12,7.15137692987e-13,1.37080220764e-13,1.15258907155e-14,2.42626573807e-15,1.52369019349e-15,1.15591441702e-15,8.99017159172e-16,7.08454863073e-16,5.67427159607e-16]},"melbands_crest":{"dmean":2.55761742592,"dmean2":4.11273050308,"dvar":5.27892160416,"dvar2":13.4278507233,"max":31.1143817902,"mean":12.3671121597,"median":11.7103176117,"min":1.52800452709,"var":19.1098384857},"melbands_flatness_db":{"dmean":0.0401581153274,"dmean2":0.0621498711407,"dvar":0.00115097430535,"dvar2":0.00289673008956,"max":0.560894608498,"mean":0.334706932306,"median":0.342525869608,"min":0.00195742258802,"var":0.0065304255113},"melbands_kurtosis":{"dmean":3.29661488533,"dmean2":5.31504440308,"dvar":29.2020454407,"dvar2":83.0696716309,"max":165.91293335,"mean":5.79293441772,"median":3.25972342491,"min":-1.49718904495,"var":105.051475525},"melbands_skewness":{"dmean":0.456258505583,"dmean2":0.70364934206,"dvar":0.176670178771,"dvar2":0.439582645893,"max":10.6612472534,"mean":1.12336480618,"median":0.963436126709,"min":-1.80160593987,"var":1.09135067463},"melbands_spread":{"dmean":1.88349080086,"dmean2":2.91329884529,"dvar":13.199555397,"dvar2":32.1912117004,"max":182.290008545,"mean":9.7735042572,"median":5.79978227615,"min":0.638476610184,"var":398.661743164},"mfcc":{"cov":[[9780.87207031,1973.64379883,-1011.33172607,132.377044678,-566.135253906,-336.902435303,-139.234039307,-82.4304962158,27.094625473,-110.771408081,-71.8985977173,10.8908557892,-42.8620758057],[1973.64379883,2363.87011719,310.971618652,-338.717376709,-243.223526001,-106.122940063,-44.6218833923,-66.2133026123,-58.1085624695,-43.7242012024,-15.7805719376,-53.3759155273,-53.7224235535],[-1011.33172607,310.971618652,604.468444824,-99.7891845703,54.5061302185,9.41368579865,-27.4822597504,-17.6469097137,-50.806804657,20.7480621338,-5.67081594467,-31.8593006134,-0.178809374571],[132.377044678,-338.717376709,-99.7891845703,369.02255249,52.752243042,18.4882793427,30.3170089722,13.9475536346,16.0529670715,-28.4232330322,-3.32018518448,23.8581695557,8.68049049377],[-566.135253906,-243.223526001,54.5061302185,52.752243042,164.724990845,85.5713806152,29.2234210968,15.4961204529,-10.9542179108,1.11812412739,11.0006418228,10.5089159012,-0.662722706795],[-336.902435303,-106.122940063,9.41368579865,18.4882793427,85.5713806152,111.565704346,57.5747184753,10.1854343414,-3.75218701363,-3.6931848526,6.08225154877,5.67632246017,0.765824377537],[-139.234039307,-44.6218833923,-27.4822597504,30.3170089722,29.2234210968,57.5747184753,86.3471603394,46.1823501587,14.9738454819,-5.64044523239,-4.0683350563,0.931638479233,-0.667536079884],[-82.4304962158,-66.2133026123,-17.6469097137,13.9475536346,15.4961204529,10.1854343414,46.1823501587,79.0698165894,42.6664810181,0.480710417032,-11.9427137375,-9.78786659241,1.36495888233],[27.094625473,-58.1085624695,-50.806804657,16.0529670715,-10.9542179108,-3.75218701363,14.9738454819,42.6664810181,69.9192962646,26.3488349915,-8.39072704315,-6.42379045486,0.254719614983],[-110.771408081,-43.7242012024,20.7480621338,-28.4232330322,1.11812412739,-3.6931848526,-5.64044523239,0.480710417032,26.3488349915,58.3650512695,28.9619541168,1.35265862942,-3.56978178024],[-71.8985977173,-15.7805719376,-5.67081594467,-3.32018518448,11.0006418228,6.08225154877,-4.0683350563,-11.9427137375,-8.39072704315,28.9619541168,62.3256912231,36.2523956299,1.09323441982],[10.8908557892,-53.3759155273,-31.8593006134,23.8581695557,10.5089159012,5.67632246017,0.931638479233,-9.78786659241,-6.42379045486,1.35265862942,36.2523956299,57.7488365173,27.6708221436],[-42.8620758057,-53.7224235535,-0.178809374571,8.68049049377,-0.662722706795,0.765824377537,-0.667536079884,1.36495888233,0.254719614983,-3.56978178024,1.09323441982,27.6708221436,47.3972396851]],"icov":[[0.000247584743192,-0.000309607654344,0.000579956977163,-0.00037424697075,0.00043316843221,-0.000252534344327,0.000838729261886,-0.000825966300908,0.00103344023228,-0.00114822015166,0.00129305326845,-0.000933319563046,0.000412454537582],[-0.000309607654344,0.00111038982868,-0.00125417124946,0.00103535316885,0.000304642366245,0.000747014419176,-0.00198085745797,0.00225762068294,-0.00253956275992,0.00363135803491,-0.00302369100973,0.00178110029083,5.87759984683e-7],[0.000579956977163,-0.00125417124946,0.00396649492905,-0.0010235334048,-0.000233692204347,-0.00117715459783,0.00374684669077,-0.00441080424935,0.00686389766634,-0.00722415884957,0.00551249785349,-0.00174461840652,-0.000188725374755],[-0.00037424697075,0.00103535316885,-0.0010235334048,0.00464814994484,-0.00269975978881,0.00353995431215,-0.00506434869021,0.00561001291499,-0.00676310108975,0.00796033348888,-0.00524486182258,0.00260489014909,-0.00111177458894],[0.00043316843221,0.000304642366245,-0.000233692204347,-0.00269975978881,0.0173435658216,-0.0158890709281,0.0114979222417,-0.0132082700729,0.0115883583203,-0.0093046836555,0.00901986192912,-0.0105667626485,0.00746995024383],[-0.000252534344327,0.000747014419176,-0.00117715459783,0.00353995431215,-0.0158890709281,0.0327873155475,-0.0272184349597,0.022359399125,-0.0160110909492,0.0158812105656,-0.0155393024907,0.0141732431948,-0.00844746362418],[0.000838729261886,-0.00198085745797,0.00374684669077,-0.00506434869021,0.0114979222417,-0.0272184349597,0.043774202466,-0.0348291918635,0.022592259571,-0.0205562915653,0.0208228621632,-0.0190286338329,0.0106341103092],[-0.000825966300908,0.00225762068294,-0.00441080424935,0.00561001291499,-0.0132082700729,0.022359399125,-0.0348291918635,0.0536741167307,-0.0426584593952,0.0349515601993,-0.0300779975951,0.0275453217328,-0.0143400253728],[0.00103344023228,-0.00253956275992,0.00686389766634,-0.00676310108975,0.0115883583203,-0.0160110909492,0.022592259571,-0.0426584593952,0.0629328265786,-0.0530066899955,0.0437730140984,-0.0296923592687,0.0132824890316],[-0.00114822015166,0.00363135803491,-0.00722415884957,0.00796033348888,-0.0093046836555,0.0158812105656,-0.0205562915653,0.0349515601993,-0.0530066899955,0.075353898108,-0.0612686835229,0.0416478440166,-0.0170311480761],[0.00129305326845,-0.00302369100973,0.00551249785349,-0.00524486182258,0.00901986192912,-0.0155393024907,0.0208228621632,-0.0300779975951,0.0437730140984,-0.0612686835229,0.0840464234352,-0.0648471191525,0.031329985708],[-0.000933319563046,0.00178110029083,-0.00174461840652,0.00260489014909,-0.0105667626485,0.0141732431948,-0.0190286338329,0.0275453217328,-0.0296923592687,0.0416478440166,-0.0648471191525,0.0792724117637,-0.0422345921397],[0.000412454537582,5.87759984683e-7,-0.000188725374755,-0.00111177458894,0.00746995024383,-0.00844746362418,0.0106341103092,-0.0143400253728,0.0132824890316,-0.0170311480761,0.031329985708,-0.0422345921397,0.0450586006045]],"mean":[-794.489929199,200.911651611,29.634469986,-3.81560921669,-22.8688201904,-13.6063842773,-7.9440164566,-7.07952022552,-6.55380487442,-6.73013162613,-4.98019218445,-4.55148887634,-4.19085359573]},"pitch_salience":{"dmean":0.0542242191732,"dmean2":0.0865399315953,"dvar":0.00215610140003,"dvar2":0.00544317625463,"max":0.951002717018,"mean":0.636530220509,"median":0.647406518459,"min":0.176597863436,"var":0.0081966035068},"silence_rate_20dB":{"dmean":0,"dmean2":0,"dvar":0,"dvar2":0,"max":1,"mean":1,"median":1,"min":1,"var":0},"silence_rate_30dB":{"dmean":0.00744724879041,"dmean2":0.0148960379884,"dvar":0.00739178713411,"dvar2":0.0177774876356,"max":1,"mean":0.987382352352,"median":1,"min":0,"var":0.012458438985},"silence_rate_60dB":{"dmean":0.00786098465323,"dmean2":0.0157235953957,"dvar":0.00779918953776,"dvar2":0.018579704687,"max":1,"mean":0.0658806487918,"median":0,"min":0,"var":0.0615403912961},"spectral_centroid":{"dmean":61.2226371765,"dmean2":90.9814910889,"dvar":24544.7304688,"dvar2":40834.578125,"max":11827.6542969,"mean":726.085083008,"median":451.361724854,"min":222.267288208,"var":2356908.5},"spectral_complexity":{"dmean":1.44724869728,"dmean2":2.41605472565,"dvar":2.16488385201,"dvar2":4.8905172348,"max":48,"mean":9.60906028748,"median":9,"min":0,"var":19.5807476044},"spectral_contrast_coeffs":{"dmean":[0.0498795844615,0.0424924530089,0.0362109951675,0.0349473692477,0.0263064745814,0.0196618624032],"dmean2":[0.0814293473959,0.0686693266034,0.0589219257236,0.0562512725592,0.0434277132154,0.0314869992435],"dvar":[0.00157376728021,0.00119405565783,0.000836915103719,0.000844567082822,0.000514582032338,0.000475275010103],"dvar2":[0.00411543762311,0.00314625911415,0.00229207775556,0.0022017294541,0.00127350119874,0.00115731114056],"max":[-0.311055779457,-0.363302648067,-0.53403365612,-0.631772220135,-0.642825841904,-0.427226573229],"mean":[-0.587613165379,-0.741895198822,-0.769855082035,-0.848060846329,-0.901278734207,-0.855612576008],"median":[-0.578807890415,-0.742770075798,-0.768445909023,-0.846671104431,-0.911454975605,-0.862773537636],"min":[-0.979486644268,-0.984918475151,-0.978847980499,-0.976525843143,-0.971626102924,-0.964982569218],"var":[0.00865538232028,0.00542786438018,0.00400463165715,0.0031789673958,0.00265141669661,0.00217016739771]},"spectral_contrast_valleys":{"dmean":[0.391641885042,0.289738178253,0.28326317668,0.459537565708,0.593390226364,0.599231362343],"dmean2":[0.664514303207,0.467970132828,0.455136805773,0.730453789234,0.957603812218,0.960487782955],"dvar":[0.117896258831,0.0724226683378,0.0702905207872,0.185423821211,0.303522408009,0.298904329538],"dvar2":[0.296603530645,0.150633066893,0.147839516401,0.437051028013,0.722847759724,0.70854973793],"max":[-5.99256277084,-4.54991054535,-5.2020573616,-6.53461647034,-5.56631278992,-9.00963306427],"mean":[-8.47033405304,-6.78305244446,-7.93057632446,-9.31268405914,-9.58149719238,-11.8963060379],"median":[-7.99985933304,-6.21675729752,-7.44324445724,-8.86565685272,-9.11945343018,-11.4833889008],"min":[-28.3635559082,-28.047750473,-27.7271232605,-27.7554569244,-27.6185150146,-27.4413814545],"var":[8.40553855896,10.1812410355,9.12450504303,7.93700408936,7.75473499298,5.92496967316]},"spectral_decrease":{"dmean":1.15333020911e-9,"dmean2":1.75346381859e-9,"dvar":4.66868016914e-18,"dvar2":1.07699610586e-17,"max":7.73089370298e-10,"mean":-3.23192095308e-9,"median":-1.54016588372e-9,"min":-6.25871763305e-8,"var":2.68732816132e-17},"spectral_energy":{"dmean":0.00460757547989,"dmean2":0.00693250447512,"dvar":0.0000703366822563,"dvar2":0.000165023622685,"max":0.254556059837,"mean":0.0211723148823,"median":0.0138323465362,"min":9.88894341528e-21,"var":0.00054152996745},"spectral_energyband_high":{"dmean":0.0000248673441092,"dmean2":0.0000360007034033,"dvar":2.4457046166e-8,"dvar2":4.01226678548e-8,"max":0.00922513287514,"mean":0.000045369106374,"median":0.00000973426085693,"min":7.04288311495e-21,"var":9.07199364519e-8},"spectral_energyband_low":{"dmean":0.000488869787659,"dmean2":0.000772123690695,"dvar":9.53268283865e-7,"dvar2":0.00000220891843128,"max":0.0349723361433,"mean":0.00107708422001,"median":0.000443729048129,"min":1.20021400197e-23,"var":0.00000366759218196},"spectral_energyband_middle_high":{"dmean":0.00068039202597,"dmean2":0.00102846696973,"dvar":0.00000321940729009,"dvar2":0.00000776200795372,"max":0.0460368059576,"mean":0.00172776984982,"median":0.00054272293346,"min":1.10389847782e-21,"var":0.0000109846932901},"spectral_energyband_middle_low":{"dmean":0.00425950670615,"dmean2":0.00645520212129,"dvar":0.0000672729947837,"dvar2":0.00015686552797,"max":0.2421964854,"mean":0.0145885916427,"median":0.00863702874631,"min":1.22640140723e-22,"var":0.000393783062464},"spectral_entropy":{"dmean":0.319006115198,"dmean2":0.495502173901,"dvar":0.0790111944079,"dvar2":0.189178228378,"max":9.82472610474,"mean":6.45036458969,"median":6.34505653381,"min":4.68696308136,"var":0.529598891735},"spectral_flux":{"dmean":0.0113417785615,"dmean2":0.0187631901354,"dvar":0.00022225160501,"dvar2":0.000586972746532,"max":0.292278200388,"mean":0.0571174994111,"median":0.0465257614851,"min":6.35227981327e-11,"var":0.00138209003489},"spectral_kurtosis":{"dmean":21.1072425842,"dmean2":33.9395256042,"dvar":613.775390625,"dvar2":1600.70166016,"max":241.621841431,"mean":43.3332481384,"median":35.4016494751,"min":-1.2733092308,"var":975.409118652},"spectral_rms":{"dmean":0.000419239280745,"dmean2":0.00061904382892,"dvar":2.71863086709e-7,"dvar2":6.30056320006e-7,"max":0.0157590415329,"mean":0.00404923642054,"median":0.00367355044,"min":3.10608266538e-12,"var":0.00000425960206485},"spectral_rolloff":{"dmean":2223.109375,"dmean2":4367.59375,"dvar":37791072,"dvar2":96116776,"max":22006.9335938,"mean":18265.6054688,"median":21576.2695312,"min":215.33203125,"var":56575568},"spectral_skewness":{"dmean":1.26432549953,"dmean2":2.00072193146,"dvar":1.63219606876,"dvar2":4.21454286575,"max":13.4945755005,"mean":5.00019407272,"median":4.77620410919,"min":-0.108888752759,"var":4.05875825882},"spectral_spread":{"dmean":737082.375,"dmean2":1150036.625,"dvar":565026750464,"dvar2":1181564141570,"max":42732100,"mean":3768517.25,"median":2861480.5,"min":860168.375,"var":29589371879400},"spectral_strongpeak":{"dmean":2.61957097054,"dmean2":4.89261054993,"dvar":71.4108200073,"dvar2":187.903930664,"max":92.882598877,"mean":2.65416765213,"median":0.699855148792,"min":0,"var":62.1139755249},"zerocrossingrate":{"dmean":0.0346240289509,"dmean2":0.0435285530984,"dvar":0.000755326531362,"dvar2":0.00118809030391,"max":0.60546875,"mean":0.330913335085,"median":0.33544921875,"min":0.05322265625,"var":0.00807711668313}},"metadata":{"audio_properties":{"analysis_sample_rate":44100,"bit_rate":160000,"codec":"mp3","downmix":"mix","equal_loudness":0,"length":224.470199585,"lossless":false,"md5_encoded":"83cc446307554dd1217183e515504753","replay_gain":1.85943412781,"sample_rate":44100},"tags":{"acoustid_id":["8c0bbf2a-f8ca-40a8-b67e-10edb389632a"],"album":["You & Me"],"albumartist":["The Walkmen"],"artist":["The Walkmen"],"date":["2008"],"discnumber":["1/1"],"file_name":"12 - The Walkmen - New Country.mp3","musicbrainz_albumartistid":["b7834ebd-64ae-46c3-a930-2d3a52ee743a"],"musicbrainz_albumid":["67bffab2-20a6-38c2-9434-652b58728556"],"musicbrainz_artistid":["b7834ebd-64ae-46c3-a930-2d3a52ee743a"],"musicbrainz_recordingid":["c1ceb4b4-21bb-4d49-93ed-ba4ea7f00383"],"musicbrainz_releasegroupid":["99eeb9b9-1d4c-35a6-acd9-3086f6114a59"],"replaygain_album_gain":["+0.73 dB"],"replaygain_album_peak":["0.342621"],"replaygain_track_gain":["+5.02 dB"],"replaygain_track_peak":["0.288287"],"title":["New Country"],"tracknumber":["12/14"]},"version":{"essentia":"2.1-beta1","essentia_build_sha":"e76a03f03bb3900de42a1fa0d9be1e72f12def64","essentia_git_sha":"v2.1_beta1-28-g21ef5f4-dirty","extractor":"music 1.0"}},"rhythm":{"beats_count":482,"beats_loudness":{"dmean":0.0111892567948,"dmean2":0.0186227392405,"dvar":0.000301298190607,"dvar2":0.00078865676187,"max":0.214518249035,"mean":0.023636367172,"median":0.0150096397847,"min":0,"var":0.000604037486482},"beats_loudness_band_ratio":{"dmean":[0.0786443725228,0.175372809172,0.16149674356,0.0472608618438,0.00700912624598,0.0963962450624],"dmean2":[0.136402621865,0.296756953001,0.275279611349,0.0826747044921,0.013350260444,0.165020361543],"dvar":[0.00776602979749,0.0203692559153,0.0183205716312,0.00347371934913,0.000683761201799,0.00708382343873],"dvar2":[0.0183895882219,0.0577581040561,0.0482387430966,0.00954540167004,0.00206570606679,0.0192909017205],"max":[0.563423514366,0.910948455334,0.82993