{"lowlevel":{"average_loudness":0.900374650955,"barkbands":{"dmean":[0.000149069484905,0.00348242674954,0.00196760101244,0.00225961231627,0.00199790671468,0.000870429561473,0.000305790425045,0.000477966648759,0.000486520235427,0.000504281197209,0.000518345739692,0.000610553310253,0.00046980107436,0.000564213376492,0.000673343718518,0.000496390042827,0.000272569042863,0.000155532557983,0.000132195957121,0.000138793999213,0.000115622227895,0.0000905142442207,0.0000581909953326,0.0000366473213944,0.0000174147917278,0.000014647588614,0.00000985516908258],"dmean2":[0.000215219013626,0.00593943195418,0.00334557401948,0.00407111272216,0.00337479542941,0.00149552035145,0.00052125856746,0.000762075127568,0.000752363586798,0.000775048567448,0.000818150117993,0.000951102061663,0.000768431287725,0.000894893251825,0.0010456860764,0.000770075421315,0.000431194494013,0.000246477517067,0.000207172241062,0.000215034509893,0.000175450273673,0.000134466899908,0.000085891217168,0.0000520530957147,0.0000248405012826,0.0000207098582905,0.0000149829793372],"dvar":[6.35511838709e-8,0.0000453156208096,0.0000166016616276,0.0000461919225927,0.0000228510307352,0.00000551201310373,5.30892805273e-7,0.00000169996292243,0.00000208244910027,0.00000186298188964,0.00000141438840728,0.00000310021323457,9.17029467473e-7,0.00000207003449759,0.00000172521197328,9.8315933883e-7,3.1386792898e-7,6.680304665e-8,6.18826945242e-8,1.16115785431e-7,7.23803239566e-8,4.35412879085e-8,3.9279594688e-8,1.81649522091e-8,1.30945421173e-9,1.01079800086e-9,5.46831635528e-10],"dvar2":[1.36489148872e-7,0.00011972104403,0.0000439292307419,0.000129809224745,0.0000615311582806,0.0000148519611685,0.00000137730955885,0.00000408416053688,0.00000495304084325,0.00000406690696764,0.00000318188790516,0.00000730526880943,0.0000022524943688,0.0000048306460485,0.00000386429564969,0.00000203786498787,7.15565590781e-7,1.55594662488e-7,1.39380603059e-7,2.83880950747e-7,1.64431895655e-7,9.22696443695e-8,7.85430103178e-8,3.28973293051e-8,2.64981947495e-9,2.02256922321e-9,1.27696142549e-9],"max":[0.00309818144888,0.0885916054249,0.0432511903346,0.0667343139648,0.0722241774201,0.0330282486975,0.0140690244734,0.02226985991,0.0487499795854,0.0341327786446,0.0271915867925,0.042366553098,0.0228094030172,0.0416088849306,0.034875113517,0.0258028209209,0.0183464530855,0.0089332414791,0.0061058178544,0.0112449936569,0.00362120289356,0.00300807249732,0.00465641403571,0.00399409653619,0.0007810840616,0.000530353747308,0.000339501246344],"mean":[0.000257598265307,0.00428539235145,0.00228178943507,0.00204981397837,0.00245378119871,0.000948292785324,0.000364370935131,0.000633092131466,0.000683735474013,0.000781695591286,0.00089519150788,0.000922337640077,0.000723417033441,0.000872506177984,0.0011315040756,0.00087246124167,0.000467632955406,0.000306257366901,0.000238118795096,0.000220774309128,0.000180596136488,0.000148433202412,0.0000965320141404,0.0000649646099191,0.0000374939372705,0.0000325420260197,0.0000167327925737],"median":[0.0000498269291711,0.00197469256818,0.00128747615963,0.000703281722963,0.00107728969306,0.000250930315815,0.000125951628434,0.000127634033561,0.000178851245437,0.000278502586298,0.000381146121072,0.000369701068848,0.000423819175921,0.000436303642346,0.000625490618404,0.000486177421408,0.000284417998046,0.000208242621738,0.000141115568113,0.000122224664665,0.000077950549894,0.0000575407539145,0.0000249790064117,0.0000131660744955,0.00000795744017523,0.0000037312229324,3.92163627794e-7],"min":[9.72662044871e-26,5.59182721463e-25,7.15730886205e-25,7.90187473441e-25,7.31325966187e-24,6.53694716707e-24,7.35139714234e-24,9.18772096815e-24,1.85718462136e-23,1.01756020134e-23,1.61054000182e-23,1.58529345518e-23,3.54157399459e-23,3.6605569383e-23,3.75381481233e-23,4.49116783361e-23,4.78832037701e-23,1.02411140717e-22,1.22059576962e-22,1.63052184855e-22,2.30259259095e-22,3.28572002352e-22,3.8532341318e-22,6.27468597307e-22,8.5883198399e-22,1.22727793898e-21,2.02557346917e-21],"var":[1.76202476609e-7,0.0000447651145805,0.0000137176612043,0.0000294440578728,0.0000191151066247,0.00000497296196045,6.90941703851e-7,0.00000276503283203,0.00000285395549326,0.00000369487611351,0.00000391769435737,0.0000047414528126,0.00000127002647332,0.00000295100858239,0.00000335183085554,0.0000021700554953,5.58303099751e-7,1.34777693006e-7,1.09489150191e-7,1.35112216526e-7,9.91874884448e-8,7.12119501145e-8,8.66760032636e-8,4.90275446907e-8,4.13711331859e-9,3.24223381476e-9,1.01249331141e-9]},"barkbands_crest":{"dmean":2.83467721939,"dmean2":4.81712627411,"dvar":7.1056933403,"dvar2":19.0795135498,"max":25.6389923096,"mean":8.61387252808,"median":7.58433771133,"min":2.44156908989,"var":15.6975793839},"barkbands_flatness_db":{"dmean":0.0202899985015,"dmean2":0.0329388864338,"dvar":0.000454124005046,"dvar2":0.0011403595563,"max":0.376231640577,"mean":0.11154628545,"median":0.106613203883,"min":0.0228139851242,"var":0.00215648091398},"barkbands_kurtosis":{"dmean":2.15444374084,"dmean2":3.62021541595,"dvar":74.1485900879,"dvar2":193.66758728,"max":231.429641724,"mean":1.59184861183,"median":-0.377795338631,"min":-1.88832688332,"var":111.895774841},"barkbands_skewness":{"dmean":0.555607318878,"dmean2":0.881544649601,"dvar":0.403780788183,"dvar2":0.989001631737,"max":13.6661844254,"mean":0.87561839819,"median":0.703680753708,"min":-2.16278219223,"var":1.55354642868},"barkbands_spread":{"dmean":5.50309848785,"dmean2":8.65647411346,"dvar":29.4645881653,"dvar2":66.2320327759,"max":104.304168701,"mean":29.3585472107,"median":29.1331329346,"min":0.563659548759,"var":128.199905396},"dissonance":{"dmean":0.0121605554596,"dmean2":0.0205869022757,"dvar":0.000162815354997,"dvar2":0.000430109997978,"max":0.500000119209,"mean":0.479021370411,"median":0.483879685402,"min":0.308435797691,"var":0.000313948607072},"dynamic_complexity":3.74143648148,"erbbands":{"dmean":[0.0972547382116,0.829049110413,1.93671000004,5.65323734283,7.08021402359,6.71227359772,7.31775617599,6.65352725983,4.46209192276,6.59817934036,11.1326208115,10.5684957504,11.4080410004,18.6221942902,18.4353618622,27.2069225311,21.3798217773,28.3026790619,28.5953826904,30.2297534943,24.2536239624,13.0473880768,7.97418880463,7.88559818268,6.28324556351,6.75844860077,5.02848768234,4.41354846954,3.33313918114,2.30702185631,1.67488062382,1.06053197384,0.473771244287,0.206710606813,0.124235205352,0.0657850652933,0.0275413990021,0.0116813592613,0.00176819984335,0.0000586510723224],"dmean2":[0.15936858952,1.42372095585,3.2893538475,9.88188076019,12.5019702911,11.3402347565,12.1560897827,11.6809978485,7.84126567841,10.7905979156,17.3409919739,16.4877910614,18.0303974152,28.2308120728,29.5377979279,42.4291877747,34.4640388489,44.6536521912,44.9352798462,47.7349433899,36.8031654358,20.2317085266,12.5283975601,12.564663887,9.73182487488,10.5239181519,7.71621847153,6.7234621048,4.99545621872,3.4340596199,2.46842193604,1.53305077553,0.6884329319,0.297034204006,0.182197481394,0.0954282134771,0.0395038798451,0.017588019371,0.00269602471963,0.0000907560170162],"dvar":[0.027522591874,3.00111746788,13.2763023376,254.105545044,401.451171875,272.264373779,281.107452393,378.834869385,133.336425781,341.639953613,932.635498047,938.447509766,554.503356934,3558.85571289,1599.06494141,6958.47851562,1618.27880859,5380.65722656,2251.59228516,3765.72412109,3093.66821289,799.429626465,213.195602417,159.099731445,191.539886475,290.105377197,147.812866211,105.488601685,60.9336891174,33.9173736572,37.8901596069,18.7828941345,2.46527838707,0.2587018013,0.0599274858832,0.019663091749,0.00355224427767,0.000749570957851,0.0000176709454536,1.50822465628e-8],"dvar2":[0.070619225502,8.05239391327,34.9380912781,695.163085938,1121.40783691,737.289916992,723.548095703,1060.64001465,360.88684082,871.916625977,2143.80322266,2258.87890625,1278.45581055,7796.46679688,3934.578125,16714.7929688,3912.56811523,12747.8935547,5257.26513672,8564.19726562,6149.05371094,1801.82751465,479.768829346,387.772186279,423.358581543,724.998779297,346.471618652,241.338623047,132.403305054,67.3668823242,76.835357666,35.2515678406,4.91447782516,0.533032119274,0.124070741236,0.0410026535392,0.00710279075429,0.00167927250732,0.0000413451780332,3.63368997114e-8],"max":[2.18168306351,21.6185626984,34.8600883484,160.191116333,230.000900269,246.084503174,287.061798096,288.59274292,192.380355835,417.730194092,572.637939453,1048.28393555,714.55645752,1519.90112305,1122.99267578,2106.20776367,983.508544922,2181.55493164,948.988098145,1479.16967773,1501.07714844,698.57208252,552.327331543,284.507354736,377.490478516,627.172851562,225.340927124,172.429824829,106.523384094,128.205627441,164.795227051,138.4609375,40.3475570679,10.5273504257,4.4085392952,2.72750306129,0.927117168903,0.445685714483,0.0573732107878,0.00166332977824],"mean":[0.136091127992,0.904616117477,2.2432050705,5.59657287598,7.45261859894,8.09606552124,8.89357757568,6.83211517334,5.13493967056,8.85480880737,15.8911838531,15.2564277649,18.4197692871,33.8152580261,33.1388931274,42.2032623291,36.3265800476,45.582736969,50.5943489075,55.0997238159,45.9157676697,24.5131340027,16.757101059,15.1312465668,10.8079462051,10.8685436249,7.6954908371,6.97124624252,5.38623809814,3.82335090637,2.78577756882,1.77025175095,0.854789197445,0.416776925325,0.266135692596,0.140556231141,0.0600454248488,0.0218645222485,0.00294475466944,0.000104121085315],"median":[0.0554267279804,0.422034800053,1.21622538567,2.60407066345,3.06728577614,3.00529527664,2.33564972878,2.098913908,2.03589582443,2.44082403183,2.94021320343,4.67829561234,7.83100318909,9.84815979004,17.2840423584,18.0199451447,21.8494338989,24.2033653259,30.9843254089,33.6588554382,24.6455230713,15.2788887024,11.6359863281,9.73422241211,6.09397506714,6.04608440399,3.48194289207,2.97520375252,2.05081367493,1.36437618732,0.67414021492,0.327894568443,0.180659562349,0.0921775400639,0.0520864799619,0.0209649745375,0.00554881105199,0.0011519684922,0.0000880638181116,0.0000357105491275],"min":[3.33792103221e-23,1.05166846429e-22,9.38679954702e-22,6.39268199498e-21,1.01052624546e-20,1.28825754834e-20,4.51834452598e-20,5.90526565747e-20,9.75076499421e-20,1.5147355934e-19,2.96135906721e-19,4.25306802665e-19,5.57401394334e-19,6.19686957086e-19,8.11943273586e-19,7.42662968176e-19,1.72807294385e-18,2.06256286328e-18,2.12874806563e-18,2.59990373189e-18,3.90142713761e-18,3.38902617805e-18,4.43357517313e-18,5.16760366818e-18,5.48581384598e-18,8.18276013259e-18,8.89875609029e-18,1.00254985073e-17,1.09174523249e-17,9.57198598313e-18,1.15532440232e-17,1.06350594812e-17,1.06885474612e-17,8.08663760951e-18,5.55572591058e-18,4.22257008426e-18,2.23791584736e-18,9.26067469844e-19,2.6124385167e-19,2.73717037374e-20],"var":[0.0396545268595,2.49553537369,11.2793893814,175.316452026,269.348632812,236.75843811,319.605682373,278.443389893,128.666137695,539.148803711,1633.03662109,1260.3996582,1075.44128418,9220.74316406,3039.91235352,9936.171875,2664.84155273,7524.79394531,4282.48144531,7528.04492188,6874.85546875,1438.53222656,437.51550293,306.945648193,310.318634033,323.496887207,184.362503052,146.797897339,94.0023040771,62.2215232849,83.6646881104,47.319984436,6.35767936707,0.689119100571,0.194604665041,0.0609751902521,0.0110068488866,0.00162841915153,0.0000317224039463,2.59485037901e-8]},"erbbands_crest":{"dmean":2.54494428635,"dmean2":4.19661188126,"dvar":6.16718769073,"dvar2":15.8095111847,"max":29.1992759705,"mean":8.21564674377,"median":7.36329174042,"min":2.37435054779,"var":13.950668335},"erbbands_flatness_db":{"dmean":0.0170122683048,"dmean2":0.0254520233721,"dvar":0.000304627756122,"dvar2":0.000605192035437,"max":0.3208296597,"mean":0.156085193157,"median":0.154763892293,"min":0.0296050272882,"var":0.00178824481554},"erbbands_kurtosis":{"dmean":1.04388797283,"dmean2":1.65004622936,"dvar":1.55619752407,"dvar2":3.66528248787,"max":27.8905258179,"mean":1.12729501724,"median":0.741620540619,"min":-1.68847894669,"var":3.75220274925},"erbbands_skewness":{"dmean":0.331728816032,"dmean2":0.516348302364,"dvar":0.0884932950139,"dvar2":0.198379397392,"max":2.06006669998,"mean":-0.391702651978,"median":-0.405808508396,"min":-3.51099205017,"var":0.418703556061},"erbbands_spread":{"dmean":7.34786272049,"dmean2":11.3820257187,"dvar":69.4166412354,"dvar2":159.755783081,"max":137.971694946,"mean":29.5781097412,"median":26.0733909607,"min":3.41372060776,"var":216.948959351},"gfcc":{"cov":[[37063.6523438,813.176208496,-2958.46411133,301.939239502,-1051.68469238,333.435974121,-1287.30065918,-197.34085083,-769.261108398,97.886932373,-884.179260254,51.9464950562,-335.589538574],[813.176208496,1675.64160156,-964.219604492,368.439239502,65.1954040527,10.9217004776,201.977203369,1.20106828213,126.989364624,-143.231384277,143.763656616,-133.971939087,113.794952393],[-2958.46411133,-964.219604492,1149.44042969,-318.316894531,115.269897461,-72.9005661011,-51.7390556335,-2.93455958366,-10.6075363159,123.917633057,-47.3338241577,98.610710144,-50.1165542603],[301.939239502,368.439239502,-318.316894531,531.607421875,-63.7086830139,98.6052093506,30.7332286835,-41.9761161804,34.0456237793,-63.4534835815,41.5476646423,-53.6305236816,53.4086952209],[-1051.68469238,65.1954040527,115.269897461,-63.7086830139,289.276580811,8.55174827576,55.3692855835,15.9338436127,60.6773834229,27.1110839844,30.0349597931,12.2209939957,30.1352405548],[333.435974121,10.9217004776,-72.9005661011,98.6052093506,8.55174827576,179.1640625,66.7503356934,38.1697502136,6.14021968842,-5.48859930038,20.1035785675,-2.73871827126,7.35089969635],[-1287.30065918,201.977203369,-51.7390556335,30.7332286835,55.3692855835,66.7503356934,221.762863159,73.5287017822,49.0972557068,-34.4772949219,78.7708358765,-23.2842845917,24.7780532837],[-197.34085083,1.20106828213,-2.93455958366,-41.9761161804,15.9338436127,38.1697502136,73.5287017822,113.5209198,39.6548957825,4.24486589432,21.1499919891,5.84592676163,0.0793772563338],[-769.261108398,126.989364624,-10.6075363159,34.0456237793,60.6773834229,6.14021968842,49.0972557068,39.6548957825,114.907104492,13.7074899673,41.1486282349,-17.7714080811,28.8653373718],[97.886932373,-143.231384277,123.917633057,-63.4534835815,27.1110839844,-5.48859930038,-34.4772949219,4.24486589432,13.7074899673,78.4362182617,-4.36086320877,22.5662899017,-16.9400520325],[-884.179260254,143.763656616,-47.3338241577,41.5476646423,30.0349597931,20.1035785675,78.7708358765,21.1499919891,41.1486282349,-4.36086320877,102.756652832,2.06881189346,26.1521511078],[51.9464950562,-133.971939087,98.610710144,-53.6305236816,12.2209939957,-2.73871827126,-23.2842845917,5.84592676163,-17.7714080811,22.5662899017,2.06881189346,67.9752426147,9.89199924469],[-335.589538574,113.794952393,-50.1165542603,53.4086952209,30.1352405548,7.35089969635,24.7780532837,0.0793772563338,28.8653373718,-16.9400520325,26.1521511078,9.89199924469,64.504486084]],"icov":[[0.0000962208359852,-0.000120085089293,0.000262202200247,0.0000303669912682,0.000113964037155,-0.000311601528665,0.000415813818108,-0.00020513466734,0.000362836319255,-0.000480555871036,0.00064149237005,-0.000336258352036,0.000216726999497],[-0.000120085089293,0.00206925696693,0.00107549782842,-0.000344344589394,-0.000830044562463,0.00146292080171,-0.00154852506239,0.000911422364879,-0.001266048057,0.00109527178574,-0.00153755280189,0.00144748226739,-0.00108413363341],[0.000262202200247,0.00107549782842,0.00307249906473,0.000222577698878,-0.000466285302537,0.000207735763979,-0.000228164120927,0.000578747363761,-0.0000537590422027,-0.00213282811455,0.00196621846408,-0.00189605774358,0.000908311863896],[0.0000303669912682,-0.000344344589394,0.000222577698878,0.00338011910208,0.000975714647211,-0.00233437051065,0.000772634870373,0.00185355066787,-0.00115390203428,0.000980182434432,-0.000443939381512,0.00109170016367,-0.00156283087563],[0.000113964037155,-0.000830044562463,-0.000466285302537,0.000975714647211,0.00505529902875,-0.00129463488702,-0.000387709005736,0.000929346191697,-0.00146898278035,-0.00185327720828,0.00129401392769,-0.00105922785588,-0.00137088994961],[-0.000311601528665,0.00146292080171,0.000207735763979,-0.00233437051065,-0.00129463488702,0.00961587578058,-0.00422386359423,-0.00159602845088,0.000433717970736,-0.000308948336169,-0.00165169907268,0.00065406417707,-0.000680099299643],[0.000415813818108,-0.00154852506239,-0.000228164120927,0.000772634870373,-0.000387709005736,-0.00422386359423,0.0127868996933,-0.00630766106769,0.00265797995962,0.002118823817,-0.0033033809159,0.00246081803925,0.000165470701177],[-0.00020513466734,0.000911422364879,0.000578747363761,0.00185355066787,0.000929346191697,-0.00159602845088,-0.00630766106769,0.0165147520602,-0.00812866725028,0.00175042590126,0.000632387760561,-0.00438441615552,0.00290337949991],[0.000362836319255,-0.001266048057,-0.0000537590422027,-0.00115390203428,-0.00146898278035,0.000433717970736,0.00265797995962,-0.00812866725028,0.0196752361953,-0.00860338564962,-0.0012938468717,0.00734498538077,-0.00700509594753],[-0.000480555871036,0.00109527178574,-0.00213282811455,0.000980182434432,-0.00185327720828,-0.000308948336169,0.002118823817,0.00175042590126,-0.00860338564962,0.0246537346393,-0.00546781020239,-0.00389821338467,0.00632306188345],[0.00064149237005,-0.00153755280189,0.00196621846408,-0.000443939381512,0.00129401392769,-0.00165169907268,-0.0033033809159,0.000632387760561,-0.0012938468717,-0.00546781020239,0.0211408697069,-0.00744919292629,0.000511157209985],[-0.000336258352036,0.00144748226739,-0.00189605774358,0.00109170016367,-0.00105922785588,0.00065406417707,0.00246081803925,-0.00438441615552,0.00734498538077,-0.00389821338467,-0.00744919292629,0.0281750969589,-0.0128107722849],[0.000216726999497,-0.00108413363341,0.000908311863896,-0.00156283087563,-0.00137088994961,-0.000680099299643,0.000165470701177,0.00290337949991,-0.00700509594753,0.00632306188345,0.000511157209985,-0.0128107722849,0.0277460571378]],"mean":[-33.0729217529,91.0421447754,-128.237533569,34.6722755432,-30.3744239807,20.0499153137,-26.4747161865,-0.704588055611,-20.7683372498,-0.439399719238,-18.0953998566,-0.240621373057,-9.07962226868]},"hfc":{"dmean":7.08089590073,"dmean2":10.0680446625,"dvar":120.498199463,"dvar2":260.017150879,"max":123.96282959,"mean":19.4993476868,"median":14.6802520752,"min":1.04406478836e-16,"var":318.381134033},"melbands":{"dmean":[0.000914668606129,0.00103162962478,0.00100481905974,0.000479000620544,0.000263764784904,0.000151569969603,0.0000659750003251,0.0000773775682319,0.0000987730745692,0.000063046492869,0.0000579157931497,0.0000754748398322,0.0000632806331851,0.0000612235962762,0.0000704673147993,0.0000403720478062,0.0000596829377173,0.0000451195628557,0.0000505767748109,0.0000385787789128,0.000028912034395,0.0000158972143254,0.00000944212570175,0.00000689582748237,0.00000686807106831,0.00000495831227454,0.00000469785345558,0.00000475160823044,0.00000330547277372,0.00000285177907244,0.00000271854810308,0.00000207216203307,0.00000162936782999,0.00000117270644751,0.00000103857962586,8.64250068844e-7,6.04919307534e-7,3.74568429606e-7,2.30519475508e-7,1.68907575926e-7],"dmean2":[0.00153237744235,0.00174790690653,0.00176267942879,0.000823706795927,0.000438519607997,0.000264525209786,0.000114768765343,0.000126358339912,0.00015219078341,0.0000986888117041,0.0000917299403227,0.000114439957542,0.000100267337984,0.0000966010411503,0.000109631451778,0.0000656586780678,0.0000948657543631,0.000071687878517,0.0000778258981882,0.0000618786798441,0.0000444453726232,0.0000251024994213,0.0000150696987475,0.000011153018022,0.0000110885903268,0.00000785276097304,0.00000742229349271,0.00000751731931814,0.00000516630007041,0.00000443634326075,0.00000421702452513,0.00000317546982842,0.00000242287637775,0.00000178340383172,0.00000153951293669,0.00000129233933421,8.81240396211e-7,5.62377408642e-7,3.37620235769e-7,2.48192691288e-7],"dvar":[0.0000027217454317,0.00000365943515135,0.00000810801338957,0.00000150907328589,3.5101783169e-7,1.86763074339e-7,2.72633187137e-8,4.91310849782e-8,7.81312223808e-8,2.94784925359e-8,1.48059715599e-8,6.09754948755e-8,1.97914467037e-8,2.48223059884e-8,3.64509276096e-8,6.30731955553e-9,2.5550768612e-8,6.01598060257e-9,1.41399008058e-8,4.46033521229e-9,4.68828131872e-9,1.17943732558e-9,3.6445343965e-10,1.15170650794e-10,1.22068993802e-10,1.12245254758e-10,1.2027746854e-10,1.65229413485e-10,6.64985774779e-11,4.35124714038e-11,3.71096903207e-11,2.373679725e-11,1.54619199388e-11,1.00162751357e-11,1.35297155424e-11,1.39217361597e-11,6.66850255571e-12,1.72124640929e-12,4.61406845891e-13,1.50532920005e-13],"dvar2":[0.00000712924338586,0.0000094902516139,0.0000223351216846,0.00000412267809224,9.20005163607e-7,5.17751288953e-7,7.30100637725e-8,1.24850970451e-7,1.78442135734e-7,7.09752256967e-8,3.37120624749e-8,1.33030539473e-7,4.60485445331e-8,5.9523177498e-8,8.26446822089e-8,1.50606496163e-8,6.12741075656e-8,1.42448755014e-8,3.02475839931e-8,1.03044328625e-8,9.64005408832e-9,2.7209368092e-9,8.57504123264e-10,2.84756634938e-10,3.05995701e-10,2.54255727583e-10,2.81407480651e-10,4.27091306765e-10,1.59649182763e-10,1.0066958378e-10,8.60783458401e-11,5.40801362026e-11,3.25324003847e-11,2.04444672997e-11,2.80543348968e-11,2.81153815507e-11,1.31348768667e-11,3.69145599505e-12,9.77255169149e-13,3.2259554728e-13],"max":[0.0220722444355,0.0195908732712,0.02905392088,0.0181499440223,0.00928916223347,0.00637308089063,0.00286489981227,0.0045053306967,0.00608469638973,0.0056801433675,0.00347269210033,0.00641639297828,0.0033805295825,0.00361106940545,0.00461748382077,0.00287453085184,0.00488078594208,0.00149354769383,0.003753954079,0.00134185492061,0.00174856861122,0.000943829072639,0.00061397626996,0.000211073886021,0.000245629256824,0.000279069674434,0.000268465984846,0.000546165567357,0.000164646538906,0.00010011078848,0.0000926134089241,0.0000668287611916,0.000084500927187,0.000078098179074,0.000109648739453,0.000103114871308,0.0000909445734578,0.0000325265791616,0.0000225998792303,0.00000868077586347],"mean":[0.00120587425772,0.00123112706933,0.00103653781116,0.000553707417566,0.000331255374476,0.000158990078489,0.0000768427853473,0.000103580168798,0.000141640804941,0.000089604734967,0.0000891097297426,0.000131773718749,0.000110586661322,0.0000978016905719,0.000108701453428,0.000064874853706,0.0000894457261893,0.0000748078527977,0.0000838496998767,0.0000675060364301,0.0000504716299474,0.0000272846355074,0.0000168213719007,0.0000135675727506,0.0000122569053929,0.00000811076006357,0.00000714429233994,0.00000729472367311,0.00000477193270854,0.00000417154478782,0.00000413837415181,0.00000312811926051,0.00000259552643911,0.00000186092245258,0.00000164095695254,0.00000137627944241,9.56221470005e-7,6.36094000583e-7,4.17555042986e-7,3.25549905256e-7],"median":[0.000547280651517,0.000670932407957,0.000515390944201,0.000245156727033,0.000101592799183,0.0000488341138407,0.0000297581136692,0.0000260374727077,0.0000238134252868,0.0000284886846202,0.0000351609705831,0.0000346738670487,0.0000529369681317,0.0000464759905299,0.0000502784823766,0.0000379799239454,0.0000417008341174,0.0000453690627182,0.0000460268638562,0.0000400253920816,0.0000249571967288,0.0000158412440214,0.000011036120668,0.00000933634510147,0.00000746413752495,0.00000432908063885,0.00000363171830031,0.00000397603798774,0.00000204947491511,0.00000172223337813,0.00000175120794665,0.00000113414444058,9.5208139328e-7,6.16930663e-7,4.02162015689e-7,2.52866726669e-7,1.68615656548e-7,1.31968292294e-7,8.90493510042e-8,7.23601161212e-8],"min":[2.28539906775e-25,4.70478616026e-25,1.29592886218e-24,1.36982402697e-24,1.24367244785e-24,1.18477836064e-24,1.9718187721e-24,1.30768742562e-24,2.41223153245e-24,2.58126332241e-24,2.36608750823e-24,1.63533675969e-24,2.95475149014e-24,1.87889884608e-24,2.74061006982e-24,3.25172488323e-24,3.1434927726e-24,2.84098236482e-24,2.15437262406e-24,1.85601261071e-24,3.24413032208e-24,3.60364638267e-24,3.28474541743e-24,4.34429960354e-24,3.2573031159e-24,3.61800996203e-24,4.30734659773e-24,4.40662947581e-24,4.77723632909e-24,5.01686111209e-24,5.93832164687e-24,4.79974095299e-24,4.05661741419e-24,5.16018648894e-24,5.26907808729e-24,5.31804150038e-24,6.06450231524e-24,5.91953650213e-24,5.6797701186e-24,6.25042578655e-24],"var":[0.00000314832232107,0.00000321147513205,0.00000549847845832,0.00000114959311759,3.80807705369e-7,1.44615754039e-7,2.90591728458e-8,8.06156918998e-8,1.39942869737e-7,3.96570527528e-8,2.85431305258e-8,1.50338834715e-7,4.26124024955e-8,3.81230016444e-8,6.02103256142e-8,9.45441414046e-9,3.44671562402e-8,1.01210977377e-8,2.64977018105e-8,9.2601810664e-9,9.44113232038e-9,2.00302974207e-9,6.22870699463e-10,2.20551632513e-10,2.2226269436e-10,1.78955392172e-10,1.60358656909e-10,1.64274802095e-10,7.7610626259e-11,5.71719234455e-11,5.13486406173e-11,3.33830428578e-11,2.53109026793e-11,1.75752398746e-11,2.78928095898e-11,3.04231709269e-11,1.50721865544e-11,3.86774553357e-12,1.09212769037e-12,3.70029202591e-13]},"melbands_crest":{"dmean":3.68256926537,"dmean2":6.17973423004,"dvar":10.6940832138,"dvar2":29.9806804657,"max":37.9422683716,"mean":13.1591253281,"median":12.2124404907,"min":1.50503742695,"var":30.502122879},"melbands_flatness_db":{"dmean":0.0275691468269,"dmean2":0.0443412661552,"dvar":0.000776901375502,"dvar2":0.00192255468573,"max":0.501785457134,"mean":0.176544830203,"median":0.172025263309,"min":0.00284688803367,"var":0.00393664371222},"melbands_kurtosis":{"dmean":6.12429475784,"dmean2":10.0915851593,"dvar":424.146942139,"dvar2":1116.38098145,"max":681.055358887,"mean":7.88404846191,"median":2.38873505592,"min":-1.82554066181,"var":763.119262695},"melbands_skewness":{"dmean":0.783971965313,"dmean2":1.25097548962,"dvar":0.810364365578,"dvar2":1.99075746536,"max":20.4797153473,"mean":2.0533747673,"median":1.74031555653,"min":-1.36298763752,"var":2.86600375175},"melbands_spread":{"dmean":9.49657058716,"dmean2":15.1796379089,"dvar":110.261009216,"dvar2":263.430664062,"max":204.719787598,"mean":36.1835708618,"median":33.0718536377,"min":0.385440886021,"var":518.101196289},"mfcc":{"cov":[[13179.2773438,894.819885254,-499.218658447,113.045272827,5.79425048828,209.196594238,-345.899688721,-205.155960083,-71.4275665283,-100.201759338,-332.018737793,-228.155212402,-78.4514846802],[894.819885254,1292.30029297,-475.517822266,158.766113281,39.8482818604,50.0858764648,50.6123199463,71.6951370239,60.6032371521,17.6747112274,59.0191917419,10.1901464462,20.5573806763],[-499.218658447,-475.517822266,520.015686035,-70.9243850708,5.19708108902,-21.2299194336,-22.9748058319,-54.8465576172,-26.7540836334,-14.934674263,-6.31373691559,-0.588615179062,-8.226354599],[113.045272827,158.766113281,-70.9243850708,267.770172119,31.9174213409,77.0465393066,-12.4521617889,11.9955749512,9.51769256592,-8.07860469818,-4.04827308655,1.13101947308,-5.88902378082],[5.79425048828,39.8482818604,5.19708108902,31.9174213409,184.920150757,55.6501083374,-19.3538551331,-24.7465629578,25.112613678,6.70017194748,-6.7879743576,5.37753391266,17.6007137299],[209.196594238,50.0858764648,-21.2299194336,77.0465393066,55.6501083374,150.073577881,38.4777832031,18.6128749847,13.6753044128,7.40330457687,-0.00925475079566,3.55259156227,-6.02616453171],[-345.899688721,50.6123199463,-22.9748058319,-12.4521617889,-19.3538551331,38.4777832031,145.421829224,85.38331604,13.4077281952,19.6864261627,38.6804695129,14.826593399,0.912105321884],[-205.155960083,71.6951370239,-54.8465576172,11.9955749512,-24.7465629578,18.6128749847,85.38331604,129.665267944,38.918888092,29.0872764587,29.1852855682,20.1440982819,5.14942121506],[-71.4275665283,60.6032371521,-26.7540836334,9.51769256592,25.112613678,13.6753044128,13.4077281952,38.918888092,78.2950286865,30.4502639771,13.9957113266,8.71622467041,8.65385532379],[-100.201759338,17.6747112274,-14.934674263,-8.07860469818,6.70017194748,7.40330457687,19.6864261627,29.0872764587,30.4502639771,76.6510162354,34.3857192993,16.9084415436,3.43222236633],[-332.018737793,59.0191917419,-6.31373691559,-4.04827308655,-6.7879743576,-0.00925475079566,38.6804695129,29.1852855682,13.9957113266,34.3857192993,76.4552001953,28.7144641876,3.78410553932],[-228.155212402,10.1901464462,-0.588615179062,1.13101947308,5.37753391266,3.55259156227,14.826593399,20.1440982819,8.71622467041,16.9084415436,28.7144641876,52.3088722229,19.9757614136],[-78.4514846802,20.5573806763,-8.226354599,-5.88902378082,17.6007137299,-6.02616453171,0.912105321884,5.14942121506,8.65385532379,3.43222236633,3.78410553932,19.9757614136,50.6120300293]],"icov":[[0.000108117019408,-0.000101903904579,0.000029178798286,0.000104775484942,0.000108239721158,-0.000287268921966,0.000297299469821,-0.0000291424694296,0.000108656080556,-0.000129876440042,0.000375941541279,0.000234170613112,0.0000213720486499],[-0.000101903904579,0.00142893684097,0.0010991449235,-0.000593517033849,-0.000334863347234,0.000353666866431,-0.0004657827958,0.000135189271532,-0.000661478727125,0.000689564330969,-0.00162487325724,0.000331921561155,-0.000418740295572],[0.000029178798286,0.0010991449235,0.00306827831082,0.000151197556988,-0.000288917013677,-0.0000096896346804,-0.000211064980249,0.000951238675043,-0.000232097401749,0.000653294788208,-0.000988758867607,-0.0000403852427553,0.000206675133086],[0.000104775484942,-0.000593517033849,0.000151197556988,0.00516511267051,0.000100164150354,-0.00310588045977,0.00238831434399,-0.00134869862814,0.000343028368661,0.000864560657647,0.0000747712911107,-0.000117095485621,0.000641934107989],[0.000108239721158,-0.000334863347234,-0.000288917013677,0.000100164150354,0.00750768510625,-0.0032856145408,0.00094872363843,0.0023076988291,-0.00255651329644,-0.000531721336301,0.000881846237462,-0.0000894785844139,-0.00254289782606],[-0.000287268921966,0.000353666866431,-0.0000096896346804,-0.00310588045977,-0.0032856145408,0.0111579094082,-0.00504665402696,0.00100951141212,-0.000720592797734,-0.000599671620876,0.0011720614275,-0.00184562057257,0.00231214542873],[0.000297299469821,-0.0004657827958,-0.000211064980249,0.00238831434399,0.00094872363843,-0.00504665402696,0.0152980582789,-0.00928159337491,0.00305106956512,0.000848177121952,-0.00424331100658,0.00261695776135,-0.000663372280542],[-0.0000291424694296,0.000135189271532,0.000951238675043,-0.00134869862814,0.0023076988291,0.00100951141212,-0.00928159337491,0.0171408876777,-0.00673557678238,-0.00163186108693,0.00144925224595,-0.0036197102163,0.000221207097638],[0.000108656080556,-0.000661478727125,-0.000232097401749,0.000343028368661,-0.00255651329644,-0.000720592797734,0.00305106956512,-0.00673557678238,0.0192026663572,-0.00570640387014,0.000236601801589,0.00182051875163,-0.00175974494778],[-0.000129876440042,0.000689564330969,0.000653294788208,0.000864560657647,-0.000531721336301,-0.000599671620876,0.000848177121952,-0.00163186108693,-0.00570640387014,0.019643003121,-0.00812364183366,-0.00148342503235,0.000826127361506],[0.000375941541279,-0.00162487325724,-0.000988758867607,0.0000747712911107,0.000881846237462,0.0011720614275,-0.00424331100658,0.00144925224595,0.000236601801589,-0.00812364183366,0.0247048716992,-0.00985810253769,0.00340678100474],[0.000234170613112,0.000331921561155,-0.0000403852427553,-0.000117095485621,-0.0000894785844139,-0.00184562057257,0.00261695776135,-0.0036197102163,0.00182051875163,-0.00148342503235,-0.00985810253769,0.0307548232377,-0.0112716052681],[0.0000213720486499,-0.000418740295572,0.000206675133086,0.000641934107989,-0.00254289782606,0.00231214542873,-0.000663372280542,0.000221207097638,-0.00175974494778,0.000826127361506,0.00340678100474,-0.0112716052681,0.0256575755775]],"mean":[-657.578674316,120.487617493,-25.4521217346,24.9398994446,12.6516571045,23.6474685669,5.03218603134,7.19228601456,3.51049757004,0.736317753792,-2.11570644379,-2.98604345322,-0.786815702915]},"pitch_salience":{"dmean":0.0792841389775,"dmean2":0.133053869009,"dvar":0.00569864036515,"dvar2":0.0153410565108,"max":0.904857099056,"mean":0.567036986351,"median":0.57543182373,"min":0.0842836946249,"var":0.0126213720068},"silence_rate_20dB":{"dmean":0,"dmean2":0,"dvar":0,"dvar2":0,"max":1,"mean":1,"median":1,"min":1,"var":0},"silence_rate_30dB":{"dmean":0.000662142003421,"dmean2":0.00132450333331,"dvar":0.00066171848448,"dvar2":0.00198506005108,"max":1,"mean":0.999668955803,"median":1,"min":0,"var":0.00033091037767},"silence_rate_60dB":{"dmean":0.0122496271506,"dmean2":0.0245033111423,"dvar":0.0120999645442,"dvar2":0.0262197703123,"max":1,"mean":0.0779543220997,"median":0,"min":0,"var":0.0718782767653},"spectral_centroid":{"dmean":249.491241455,"dmean2":394.258850098,"dvar":92779.1171875,"dvar2":195699.578125,"max":11933.9560547,"mean":1831.11401367,"median":1644.61303711,"min":226.943115234,"var":2094472.875},"spectral_complexity":{"dmean":4.37013721466,"dmean2":6.35149002075,"dvar":26.568189621,"dvar2":47.7248458862,"max":59,"mean":22.2343597412,"median":23,"min":0,"var":125.134628296},"spectral_contrast_coeffs":{"dmean":[0.0547336339951,0.0471729300916,0.0372883267701,0.0306879263371,0.0211549773812,0.0185373779386],"dmean2":[0.0906509011984,0.0774883180857,0.0602133832872,0.0495182052255,0.0344165414572,0.0286679659039],"dvar":[0.00280281482264,0.00151114538312,0.000939395569731,0.000625176005997,0.000301212217892,0.000344817031873],"dvar2":[0.00705961370841,0.00390828354284,0.00230528856628,0.00155996729154,0.000774015032221,0.000757832895033],"max":[-0.293184280396,-0.48179346323,-0.51006513834,-0.580206096172,-0.601828455925,-0.600543379784],"mean":[-0.680642068386,-0.767338037491,-0.785440862179,-0.778565824032,-0.794511973858,-0.737853109837],"median":[-0.685451984406,-0.773855805397,-0.786582231522,-0.778154850006,-0.791155815125,-0.738685727119],"min":[-0.981320619583,-0.981786727905,-0.985743761063,-0.984837830067,-0.969528436661,-0.973420500755],"var":[0.00914175994694,0.00604105880484,0.00390690239146,0.00305080669932,0.00188722554594,0.00324669759721]},"spectral_contrast_valleys":{"dmean":[0.417465001345,0.464299291372,0.354702740908,0.296840578318,0.29063013196,0.334232538939],"dmean2":[0.666962981224,0.729282140732,0.549210727215,0.447508186102,0.416262358427,0.444750666618],"dvar":[0.193227902055,0.257332921028,0.174464285374,0.150484889746,0.189102813601,0.239463552833],"dvar2":[0.362201213837,0.499666005373,0.292731493711,0.227748304605,0.291633039713,0.402289271355],"max":[-5.37599897385,-4.59576368332,-5.12572383881,-5.47208786011,-5.19320821762,-7.86246967316],"mean":[-7.57225656509,-7.64647102356,-7.64474773407,-7.58825731277,-7.87542104721,-10.9388885498],"median":[-7.0246181488,-7.14458465576,-7.13844347,-6.95910263062,-7.30651855469,-10.4347438812],"min":[-28.1498813629,-28.1942157745,-28.0990219116,-27.7577610016,-27.4901580811,-27.368555069],"var":[9.37607955933,9.52589130402,9.45070171356,9.58263492584,9.26224327087,7.37850809097]},"spectral_decrease":{"dmean":2.71229416704e-9,"dmean2":4.30610391788e-9,"dvar":2.18544591995e-17,"dvar2":5.50257285606e-17,"max":2.16948785998e-28,"mean":-5.35165645132e-9,"median":-3.83324483266e-9,"min":-4.29315889505e-8,"var":2.65337603677e-17},"spectral_energy":{"dmean":0.0107727823779,"dmean2":0.0169709064066,"dvar":0.00033932106453,"dvar2":0.000849269970786,"max":0.166446700692,"mean":0.021967029199,"median":0.0159890819341,"min":9.93146324526e-21,"var":0.000429310690379},"spectral_energyband_high":{"dmean":0.00036174847628,"dmean2":0.000507921911776,"dvar":6.54664404465e-7,"dvar2":0.00000134196227464,"max":0.0140852341428,"mean":0.000698317424394,"median":0.000305110355839,"min":6.66169946709e-21,"var":0.00000136314770316},"spectral_energyband_low":{"dmean":0.00592842232436,"dmean2":0.00990048423409,"dvar":0.000100212302641,"dvar2":0.00025717279641,"max":0.1077786237,"mean":0.00792614836246,"median":0.00453566107899,"min":2.44840889078e-24,"var":0.000100605342595},"spectral_energyband_middle_high":{"dmean":0.00248403265141,"dmean2":0.00361969671212,"dvar":0.000013134832443,"dvar2":0.0000273392179224,"max":0.0591192878783,"mean":0.0071964408271,"median":0.00528866238892,"min":1.18393476541e-21,"var":0.0000523030066688},"spectral_energyband_middle_low":{"dmean":0.00527835078537,"dmean2":0.00897479243577,"dvar":0.000165816687513,"dvar2":0.0004451443383,"max":0.12770588696,"mean":0.00738639850169,"median":0.00396029138938,"min":1.67414118655e-22,"var":0.000137729832204},"spectral_entropy":{"dmean":0.115429423749,"dmean2":0.173976331949,"dvar":0.0165083166212,"dvar2":0.0336820557714,"max":9.82450962067,"mean":7.78497600555,"median":7.74110507965,"min":6.15393400192,"var":0.16585457325},"spectral_flux":{"dmean":0.0274457354099,"dmean2":0.0411986224353,"dvar":0.00136456370819,"dvar2":0.00254439888522,"max":0.357599765062,"mean":0.0848065242171,"median":0.0725560560822,"min":6.36821984035e-11,"var":0.0029616788961},"spectral_kurtosis":{"dmean":1.65752255917,"dmean2":2.76404643059,"dvar":4.04216814041,"dvar2":11.5535516739,"max":28.7173271179,"mean":4.99271011353,"median":4.67655181885,"min":-1.2678027153,"var":8.70971488953},"spectral_rms":{"dmean":0.000977215589955,"dmean2":0.00147075811401,"dvar":0.00000167823895936,"dvar2":0.00000385206931242,"max":0.0127431163564,"mean":0.00417314935476,"median":0.0039495700039,"min":3.11275311082e-12,"var":0.00000401611578127},"spectral_rolloff":{"dmean":437.572052002,"dmean2":716.556518555,"dvar":460117.59375,"dvar2":930998.4375,"max":19573.6816406,"mean":2144.08032227,"median":1765.72265625,"min":43.06640625,"var":7355412},"spectral_skewness":{"dmean":0.207084432244,"dmean2":0.331787675619,"dvar":0.048306491226,"dvar2":0.1226965487,"max":3.58069300652,"mean":1.47949886322,"median":1.45921814442,"min":-0.0840132534504,"var":0.25214394927},"spectral_spread":{"dmean":417919.71875,"dmean2":596017.4375,"dvar":589984366592,"dvar2":823902994432,"max":42900916,"mean":4661680.5,"median":3718811.75,"min":1680938.5,"var":30148313219100},"spectral_strongpeak":{"dmean":0.510288715363,"dmean2":0.887633562088,"dvar":1.10948884487,"dvar2":2.83624577522,"max":13.08335495,"mean":0.699614644051,"median":0.241212815046,"min":0,"var":1.72072088718},"zerocrossingrate":{"dmean":0.00902807060629,"dmean2":0.010986328125,"dvar":0.00012803064601,"dvar2":0.000186555989785,"max":0.5244140625,"mean":0.0743156448007,"median":0.060546875,"min":0.0029296875,"var":0.00484596705064}},"metadata":{"audio_properties":{"analysis_sample_rate":44100,"bit_rate":192000,"codec":"mp3","downmix":"mix","equal_loudness":0,"length":140.251434326,"lossless":false,"md5_encoded":"cd1f662405b70b3aa93d4c460d0ebd7d","replay_gain":-4.82100486755,"sample_rate":44100},"tags":{"album":["The Long Run"],"albumartist":["Eagles"],"albumartistsort":["Eagles"],"artist":["Eagles"],"artistsort":["Eagles"],"asin":["B000002GWZ"],"barcode":["075596056021"],"catalognumber":["7559-60560-2"],"date":["2000"],"discnumber":["1/1"],"encodedby":["Diverking"],"file_name":"09 - The Greeks Don't Want No Freaks.mp3","genre":["Rock"],"label":["Asylum Records"],"language":["eng"],"media":["CD"],"musicbrainz album release country":["DE"],"musicbrainz album status":["official"],"musicbrainz album type":["album"],"musicbrainz_albumartistid":["f46bd570-5768-462e-b84c-c7c993bbf47e"],"musicbrainz_albumid":["667d21ca-916f-4bc8-b30b-dae3d3513edc"],"musicbrainz_artistid":["f46bd570-5768-462e-b84c-c7c993bbf47e"],"musicbrainz_recordingid":["c21b434f-3bc4-4284-b489-66d2e4e870b8"],"originaldate":["1979"],"script":["Latn"],"title":["The Greeks Don't Want No Freaks"],"tracknumber":["9/10"]},"version":{"essentia":"2.1-beta2","essentia_build_sha":"70f2e5ece6736b2c40cc944ad0e695b16b925413","essentia_git_sha":"v2.1_beta2","extractor":"music 1.0"}},"rhythm":{"beats_count":316,"beats_loudness":{"dmean":0.0170586965978,"dmean2":0.0298545248806,"dvar":0.000163377335411,"dvar2":0.000538687920198,"max":0.0850322470069,"mean":0.0395926386118,"median":0.0400134958327,"min":0,"var":0.000344813772244},"beats_loudness_band_ratio":{"dmean":[0.156918421388,0.105699777603,0.0709023475647,0.0926384478807,0.0816776305437,0.0574781149626],"dmean2":[0.265319108963,0.198394373059,0.132685288787,0.159531310201,0.141544371843,0.110705636442],"dvar":[0.0149288130924,0.00567833567038,0.00729