{"lowlevel":{"average_loudness":0.955431699753,"barkbands":{"dmean":[0.0000810298370197,0.00570495706052,0.00495840189978,0.00251687224954,0.00229906663299,0.000650806294288,0.000485059426865,0.000461583753349,0.000611270661466,0.000528232310899,0.000491450598929,0.000413575646235,0.000499750720337,0.000477872497868,0.000511471007485,0.000345565174939,0.000380847806809,0.000226106698392,0.000195259068278,0.00019576952036,0.00014806544641,0.0000798234177637,0.0000474236221635,0.0000508177836309,0.0000451755258837,0.0000207791381399,0.00000447465890829],"dmean2":[0.000133791239932,0.0102017819881,0.00898768100888,0.00439407071099,0.00398163311183,0.00103570811916,0.000751069514081,0.000685404113028,0.000907976587769,0.00078006851254,0.000667975924443,0.000603704480454,0.000745942757931,0.000716936192475,0.000765209784731,0.000538820633665,0.000612807518337,0.000362218910595,0.000333713600412,0.000326482782839,0.000234782972257,0.000129271254991,0.0000707513536327,0.0000717658767826,0.0000600882158324,0.00002674602365,0.00000685390432409],"dvar":[1.60773510061e-8,0.000142799966852,0.000119867247122,0.0000261444565695,0.0000292528056889,0.00000200241470338,0.0000016768713067,0.00000218942659558,0.00000267312134383,0.00000228207500186,0.00000189662796402,9.85210249382e-7,0.00000107166670205,0.00000172309944446,0.00000119925869058,7.24188680579e-7,5.20880519161e-7,1.78921681027e-7,1.47198562672e-7,2.00488884161e-7,7.72441595132e-8,2.26529177638e-8,3.13115400274e-8,4.95993965899e-8,3.01645819434e-8,2.66136379601e-9,2.03023500789e-10],"dvar2":[4.12686347318e-8,0.00039687694516,0.000346469838405,0.000067168752139,0.0000833653393784,0.00000447010552307,0.00000367120264855,0.000004139284556,0.00000541644112673,0.00000471436624139,0.00000332099557454,0.0000017112530486,0.000002201800271,0.0000034721413158,0.00000247736852543,0.00000157279646373,0.00000125306769405,4.24762248485e-7,3.90689024243e-7,5.33010791059e-7,1.83804331755e-7,5.81842876102e-8,5.36320321487e-8,9.86893553545e-8,5.12508222528e-8,4.58015181337e-9,4.64759175589e-10],"max":[0.00170656107366,0.106037326157,0.0866578817368,0.0495740510523,0.0649525225163,0.0434608906507,0.0345767326653,0.0622713491321,0.0427522361279,0.0374293923378,0.0356696620584,0.0504124499857,0.0284248068929,0.0495516471565,0.0251785926521,0.0287816766649,0.0265385247767,0.0145861310884,0.0136946681887,0.0157406926155,0.0103487903252,0.00466604437679,0.00923929363489,0.0101388162002,0.0109241837636,0.00187312439084,0.000573310651816],"mean":[0.000102347745269,0.00660361163318,0.00645477557555,0.00331907439977,0.00367226125672,0.0013689059997,0.000957243668381,0.000875995901879,0.00131494004745,0.00117033696733,0.00139950832818,0.000899757316802,0.00106364407111,0.00110508035868,0.00109277537558,0.000653480587061,0.000760545546655,0.000471369246952,0.000304970599245,0.000328133755829,0.000303651118884,0.00015032729425,0.0000936354481382,0.000103293670691,0.00008670212992,0.000037358244299,0.00000575074000153],"median":[0.0000445780387963,0.00394201744348,0.0036999178119,0.00145531748421,0.00214673159644,0.000569358933717,0.000284797861241,0.000192083709408,0.000233584287344,0.000197128378204,0.000176029338036,0.000283776957076,0.000364338688087,0.00016697141109,0.000373049027985,0.000304710905766,0.000389748369344,0.000235763349338,0.000165444042068,0.000170186161995,0.000164828525158,0.0000624839594821,0.0000253536036325,0.0000299404346151,0.0000197137032956,0.00000730914280211,6.69869621106e-7],"min":[1.98923839861e-24,2.97648421365e-24,2.99743300663e-24,1.78452820485e-24,1.42233151602e-23,7.17212455732e-24,6.51054202042e-24,4.47044753419e-24,2.32771459223e-23,2.17808598008e-23,3.52364223959e-23,3.87224302905e-23,2.86532897894e-23,3.55037894447e-23,6.29557639823e-23,1.1075846923e-22,6.08936752652e-23,9.56755181421e-23,1.79307629373e-22,1.53594462043e-22,3.04827718245e-22,4.79941106714e-22,4.09552373427e-22,6.60255221628e-22,9.97218028195e-22,1.2439605927e-21,1.94721224252e-21],"var":[2.29570567001e-8,0.000105111386802,0.0000885511690285,0.0000313276650559,0.0000265442467935,0.00000682027257426,0.000005150063771,0.00000655579515296,0.00000914531210583,0.00000871702013683,0.0000135463433253,0.00000523218750459,0.00000442656573796,0.00000886675115908,0.00000447946058557,0.00000205699734579,0.00000198671523322,8.03377929515e-7,2.08700726034e-7,2.61693600123e-7,2.0548992552e-7,5.03952790609e-8,9.3294289627e-8,1.57667713552e-7,1.10965217459e-7,7.89325849126e-9,3.53023110744e-10]},"barkbands_crest":{"dmean":2.54046630859,"dmean2":4.18853616714,"dvar":6.07233762741,"dvar2":16.1789569855,"max":25.9898376465,"mean":10.2004213333,"median":9.44021987915,"min":2.78226161003,"var":15.3672075272},"barkbands_flatness_db":{"dmean":0.0277020875365,"dmean2":0.043514419347,"dvar":0.00106944015715,"dvar2":0.00299181719311,"max":0.468023478985,"mean":0.142271146178,"median":0.132510453463,"min":0.0274949260056,"var":0.00329451798461},"barkbands_kurtosis":{"dmean":4.68169116974,"dmean2":8.38241195679,"dvar":202.098388672,"dvar2":597.622375488,"max":212.763015747,"mean":4.36490058899,"median":0.864218056202,"min":-1.9077539444,"var":146.903671265},"barkbands_skewness":{"dmean":0.705687761307,"dmean2":1.17450225353,"dvar":1.20195174217,"dvar2":3.34887456894,"max":12.7910871506,"mean":1.45267021656,"median":1.22945380211,"min":-4.40578269958,"var":2.25849103928},"barkbands_spread":{"dmean":6.1774058342,"dmean2":9.83584785461,"dvar":54.7283172607,"dvar2":132.838348389,"max":135.085540771,"mean":24.4280586243,"median":23.037071228,"min":0.882141947746,"var":191.557159424},"dissonance":{"dmean":0.0161043591797,"dmean2":0.0270095616579,"dvar":0.000327681045746,"dvar2":0.000891693111043,"max":0.5,"mean":0.466386407614,"median":0.474291503429,"min":0.261106073856,"var":0.000803717179224},"dynamic_complexity":2.8699491024,"erbbands":{"dmean":[0.0818671286106,1.58789753914,5.6968998909,6.50745534897,8.741314888,7.20250272751,6.26828575134,5.38095378876,5.53286123276,8.17430877686,11.3947000504,13.8760213852,14.2762670517,18.4992771149,15.0508108139,15.2860813141,21.8731861115,19.6740169525,25.3483600616,22.5736408234,17.326587677,22.2114200592,13.1305456161,10.0138158798,9.9119386673,8.45637226105,7.52338457108,4.56287240982,3.08865475655,1.89915513992,1.34853589535,1.18779850006,0.792244434357,0.53673684597,0.324867576361,0.116427823901,0.0348975397646,0.00809054262936,0.000768178899307,0.0000298660761473],"dmean2":[0.14338119328,2.8419611454,10.393497467,11.5184116364,15.2716598511,12.3342704773,10.2972135544,8.4878320694,8.46504974365,12.4245615005,16.7316989899,20.2062473297,20.6039409637,25.4526462555,20.9181270599,22.7083721161,32.1561317444,28.8322849274,37.5528678894,33.6283988953,27.0714454651,35.6963996887,20.7766628265,16.4735374451,17.2725086212,14.053024292,11.9383831024,7.37932538986,5.02713346481,2.95104765892,2.01645946503,1.74109208584,1.11794638634,0.729102313519,0.44671857357,0.154378190637,0.044923748821,0.0107443761081,0.00125108938664,0.0000496390421176],"dvar":[0.0180197879672,11.9271841049,167.628540039,138.399261475,549.417663574,237.721435547,137.812362671,191.717422485,242.674880981,460.52130127,1247.94335938,1530.17163086,1571.33251953,2498.24682617,1511.5871582,1246.08642578,2011.9831543,2497.41430664,3525.80200195,2446.73657227,1428.54333496,1899.7989502,625.782043457,417.21307373,406.976654053,440.007171631,273.548400879,66.8171844482,34.0189094543,20.0248832703,31.3990249634,26.1396179199,14.2225875854,4.66231203079,1.91192698479,0.0970629155636,0.00882287696004,0.000480294373119,0.00000720765501683,5.39361666441e-9],"dvar2":[0.0496003367007,33.147895813,480.213562012,379.220336914,1540.86193848,670.910461426,351.071777344,408.196685791,485.760406494,1019.32336426,2375.22143555,3160.47021484,3178.9074707,4556.95898438,2648.41308594,2392.78295898,4127.78466797,4941.31982422,7107.24853516,5040.75878906,3152.48217773,4661.45410156,1416.6809082,1030.69384766,1153.52941895,1166.33764648,661.036682129,170.802124023,88.3063278198,43.1611022949,57.4236526489,53.5657081604,29.8102207184,8.22971534729,3.60041737556,0.180336803198,0.0156667232513,0.000866596121341,0.0000182026487892,1.35754030239e-8],"max":[1.68882369995,27.6580886841,89.8266372681,94.5223770142,230.806610107,241.72857666,315.111450195,537.077270508,563.055358887,723.643859863,1675.34997559,1173.63171387,999.294372559,1560.37207031,1721.640625,1739.53137207,1278.06958008,1596.87744141,1958.16503906,1433.72436523,1221.03601074,1848.24462891,988.214599609,896.055664063,245.394882202,819.087158203,699.952148438,176.596710205,189.315002441,203.190490723,296.287139893,237.69631958,171.28276062,107.917663574,89.4706192017,15.1093645096,4.57830858231,1.20060527325,0.0758767127991,0.00262087583542],"mean":[0.122251197696,1.7710943222,7.07745885849,9.49865341187,11.7590351105,12.2294616699,12.2868757248,11.6060943604,10.5369958878,16.4906330109,23.645116806,30.1156692505,34.0908584595,51.3210220337,40.4615859985,35.2382888794,50.7769355774,46.3436851501,59.4437217712,51.2471427917,36.7559051514,44.6077461243,29.6706409454,18.7588920593,15.2635984421,14.5132827759,15.1398353577,8.87895298004,5.78396606445,3.67656159401,2.64918041229,2.32792758942,1.54785442352,1.02604687214,0.585332334042,0.206730395555,0.061117272824,0.0134041151032,0.000876689678989,0.0000637152479612],"median":[0.0753478705883,1.01937890053,4.15270709991,5.71156644821,5.60320997238,6.92194652557,6.42720413208,4.3434548378,4.20613670349,5.5646982193,6.14658021927,6.4940161705,7.96315479279,8.75248718262,10.7095432281,13.9430303574,19.2177352905,13.5993261337,18.5575141907,22.8814201355,18.9821128845,23.2174224854,15.7649612427,11.0182447433,8.28741550446,7.40483093262,7.86489200592,4.87045478821,2.57041215897,1.22268366814,0.720577716827,0.643912792206,0.442876666784,0.245628282428,0.12410928309,0.0434511676431,0.0110868737102,0.00211257953197,0.000111870787805,0.000049250684242],"min":[2.0443822608e-22,4.44372037451e-22,5.06062515242e-21,1.01445519181e-20,1.74059318838e-20,4.49497247315e-20,4.02800090615e-20,8.00223701119e-20,8.87079733388e-20,2.50966442752e-19,2.99547716555e-19,5.84929654927e-19,7.28133437319e-19,1.2928755426e-18,2.51613618524e-18,2.53769540713e-18,1.96748258777e-18,1.81163555651e-18,4.31593437359e-18,4.68485485884e-18,5.53301690763e-18,5.37955215654e-18,7.04607417742e-18,8.00719683784e-18,8.27263826923e-18,8.22873483103e-18,1.17609656187e-17,1.32228468783e-17,1.46507219158e-17,1.57565995291e-17,1.1963502446e-17,1.25743877361e-17,1.33887528394e-17,8.9462213682e-18,7.4214611471e-18,5.09044467423e-18,1.92008596585e-18,9.70737704464e-19,3.02778735726e-19,2.76562764864e-20],"var":[0.0200590249151,8.39544582367,115.494132996,138.478729248,474.880279541,289.611877441,332.412841797,709.546813965,602.710693359,1161.97167969,3475.84033203,5144.76660156,6816.44189453,16360.6943359,9398.43945313,5453.54980469,8709.44140625,10123.7851563,15172.6142578,8795.04199219,4511.79931641,6539.62353516,3461.85986328,826.250976563,410.601470947,557.66217041,646.647583008,137.306930542,69.959777832,52.4251213074,89.9619445801,85.3208084106,38.2059402466,15.8131084442,5.70336675644,0.2749158144,0.0250612031668,0.00131290301215,0.00000929074030864,7.11400405251e-9]},"erbbands_crest":{"dmean":2.33876991272,"dmean2":3.71628022194,"dvar":5.95965766907,"dvar2":15.0922498703,"max":30.3092021942,"mean":9.46737766266,"median":8.30348205566,"min":2.19320321083,"var":22.0373325348},"erbbands_flatness_db":{"dmean":0.0174132436514,"dmean2":0.0229431055486,"dvar":0.000370650348486,"dvar2":0.00067270785803,"max":0.481047093868,"mean":0.160117805004,"median":0.153340697289,"min":0.0377724021673,"var":0.00295878760517},"erbbands_kurtosis":{"dmean":0.973053216934,"dmean2":1.49351024628,"dvar":4.24845600128,"dvar2":9.28938484192,"max":54.4398574829,"mean":0.822544276714,"median":-0.0797802954912,"min":-1.77853918076,"var":10.6605482101},"erbbands_skewness":{"dmean":0.349156022072,"dmean2":0.539099931717,"dvar":0.16825671494,"dvar2":0.416219562292,"max":4.38820648193,"mean":-0.0851572528481,"median":-0.109097093344,"min":-4.85942840576,"var":0.628469109535},"erbbands_spread":{"dmean":8.50848770142,"dmean2":13.2715654373,"dvar":120.202667236,"dvar2":289.624511719,"max":134.698776245,"mean":39.0021324158,"median":36.2799453735,"min":1.68407487869,"var":442.843292236},"gfcc":{"cov":[[12366.4726563,-1124.43005371,-292.065155029,256.703033447,-523.354553223,800.406738281,-47.6577835083,551.119262695,-365.733551025,-11.9450798035,-264.808807373,25.7916965485,-218.082229614],[-1124.43005371,1897.11450195,-648.933410645,-87.7325210571,169.336166382,-372.550567627,252.852645874,-232.32598877,153.094833374,-192.957046509,190.659164429,-116.270027161,140.275848389],[-292.065155029,-648.933410645,863.653625488,60.2358207703,-40.8001289368,121.754753113,-120.227729797,150.54737854,-72.4015655518,98.0039215088,-46.6076698303,89.2964553833,-88.1785736084],[256.703033447,-87.7325210571,60.2358207703,453.53616333,58.1135482788,0.0754409581423,-1.6813262701,-26.2198181152,68.3835830688,26.543094635,4.54476499557,4.63055706024,-1.81598222256],[-523.354553223,169.336166382,-40.8001289368,58.1135482788,275.967407227,21.4548416138,61.735534668,-37.1870384216,57.9413528442,15.9820232391,8.8467092514,3.88426589966,43.7879638672],[800.406738281,-372.550567627,121.754753113,0.0754409581423,21.4548416138,317.035614014,41.5477027893,112.176223755,-53.5291938782,24.2376441956,-19.7614631653,5.17781114578,-13.2332258224],[-47.6577835083,252.852645874,-120.227729797,-1.6813262701,61.735534668,41.5477027893,217.034347534,20.0143280029,21.6589031219,-29.99284935,31.919342041,-28.1468677521,20.4372234344],[551.119262695,-232.32598877,150.54737854,-26.2198181152,-37.1870384216,112.176223755,20.0143280029,189.915054321,-3.5066139698,34.5873756409,-24.2358646393,27.6264667511,-25.9127902985],[-365.733551025,153.094833374,-72.4015655518,68.3835830688,57.9413528442,-53.5291938782,21.6589031219,-3.5066139698,133.920578003,31.9044456482,22.7997646332,-21.3838386536,22.8726558685],[-11.9450798035,-192.957046509,98.0039215088,26.543094635,15.9820232391,24.2376441956,-29.99284935,34.5873756409,31.9044456482,124.091537476,1.37719237804,17.9203910828,-14.4766702652],[-264.808807373,190.659164429,-46.6076698303,4.54476499557,8.8467092514,-19.7614631653,31.919342041,-24.2358646393,22.7997646332,1.37719237804,103.334091187,8.53666496277,14.6993236542],[25.7916965485,-116.270027161,89.2964553833,4.63055706024,3.88426589966,5.17781114578,-28.1468677521,27.6264667511,-21.3838386536,17.9203910828,8.53666496277,92.097114563,1.62124764919],[-218.082229614,140.275848389,-88.1785736084,-1.81598222256,43.7879638672,-13.2332258224,20.4372234344,-25.9127902985,22.8726558685,-14.4766702652,14.6993236542,1.62124764919,98.2404251099]],"icov":[[0.000178308066097,-0.000170822488144,0.000306240050122,-0.000308216083795,0.000314169650665,-0.000493873725645,0.000250932382187,-0.000503851857502,0.000516396423336,-0.000244145252509,0.000469653576147,-0.000185975659406,0.000293844204862],[-0.000170822488144,0.00204982585274,4.84446672999e-7,0.000711650471203,-0.00119249848649,0.00233716983348,-0.0014327672543,0.000478748435853,-0.00108322035521,0.00220278464258,-0.00291795516387,0.00154537661001,-0.00103394116741],[0.000306240050122,4.84446672999e-7,0.00244179228321,-0.000837951607537,0.000105009698018,-0.000640566810034,0.00107287953142,-0.00207560160197,0.00183846871369,-0.000965556479059,0.00046362739522,-0.000880031322595,0.00132640323136],[-0.000308216083795,0.000711650471203,-0.000837951607537,0.00323538458906,-0.000803403672762,0.00075929868035,-0.000825690105557,0.00195413734764,-0.00294047687203,0.000992944696918,-0.00102396879811,0.0000107725709313,-0.000261126871919],[0.000314169650665,-0.00119249848649,0.000105009698018,-0.000803403672762,0.00615345826373,-0.00297634094022,-0.000694429734722,0.00151539640501,-0.00145447056275,-0.00186895288061,0.0031987153925,-0.00267579848878,-0.000491130573209],[-0.000493873725645,0.00233716983348,-0.000640566810034,0.00075929868035,-0.00297634094022,0.00832190457731,-0.00240739807487,-0.00193496362772,0.00147260527592,0.00154058879707,-0.00410858727992,0.00363443279639,-0.00211749738082],[0.000250932382187,-0.0014327672543,0.00107287953142,-0.000825690105557,-0.000694429734722,-0.00240739807487,0.00778814358637,-0.00299956137314,0.00134932203218,0.0000287891980406,-0.000191824510694,0.000877686718013,0.000828762829769],[-0.000503851857502,0.000478748435853,-0.00207560160197,0.00195413734764,0.00151539640501,-0.00193496362772,-0.00299956137314,0.0115303592756,-0.00544746173546,0.0000152380544023,0.00135863490868,-0.00306846667081,0.000218178291107],[0.000516396423336,-0.00108322035521,0.00183846871369,-0.00294047687203,-0.00145447056275,0.00147260527592,0.00134932203218,-0.00544746173546,0.0155736524612,-0.00534544279799,-0.00053142523393,0.00360071682371,-0.000975571165327],[-0.000244145252509,0.00220278464258,-0.000965556479059,0.000992944696918,-0.00186895288061,0.00154058879707,0.0000287891980406,0.0000152380544023,-0.00534544279799,0.0133678326383,-0.00377763179131,0.000235003943089,0.000278759514913],[0.000469653576147,-0.00291795516387,0.00046362739522,-0.00102396879811,0.0031987153925,-0.00410858727992,-0.000191824510694,0.00135863490868,-0.00053142523393,-0.00377763179131,0.0162820611149,-0.00550300488248,0.0012470377842],[-0.000185975659406,0.00154537661001,-0.000880031322595,0.0000107725709313,-0.00267579848878,0.00363443279639,0.000877686718013,-0.00306846667081,0.00360071682371,0.000235003943089,-0.00550300488248,0.0161637328565,-0.00296593969688],[0.000293844204862,-0.00103394116741,0.00132640323136,-0.000261126871919,-0.000491130573209,-0.00211749738082,0.000828762829769,0.000218178291107,-0.000975571165327,0.000278759514913,0.0012470377842,-0.00296593969688,0.0134428665042]],"mean":[5.72906494141,97.0242004395,-119.929595947,42.5515708923,-37.9390296936,14.0350751877,-33.208114624,4.05054283142,-25.281583786,1.84712767601,-19.9463653564,-2.84347367287,-8.68508529663]},"hfc":{"dmean":6.38255500793,"dmean2":9.68895149231,"dvar":83.9644393921,"dvar2":204.510452271,"max":212.261413574,"mean":25.9024486542,"median":22.8096675873,"min":1.09464033155e-16,"var":381.012817383},"melbands":{"dmean":[0.00116390583571,0.0026788872201,0.00121159211267,0.000559778767638,0.000236019492149,0.000118053321785,0.0000902384272194,0.0000916132848943,0.0000991555498331,0.0000865817855811,0.0000747134836274,0.0000783675859566,0.0000557823041163,0.0000416898910771,0.0000510197569383,0.0000522817099409,0.0000402101359214,0.0000449855324405,0.0000426311999036,0.0000262921130343,0.0000206039312616,0.0000256315524894,0.0000165334149642,0.0000101623900264,0.00000861757598614,0.00000732798662284,0.0000078690400187,0.00000565020218346,0.00000537613914275,0.00000388438547816,0.00000240024496634,0.00000195387292479,0.00000153991391016,9.76971819e-7,8.39385279505e-7,7.68256086303e-7,7.68159225117e-7,5.95682820403e-7,5.1881681884e-7,4.59585578483e-7],"dmean2":[0.00206007598899,0.00485826795921,0.00214577815495,0.000971500587184,0.000392513902625,0.000186495366506,0.000138619914651,0.000138208502904,0.00014483378618,0.000126944039948,0.000108334519609,0.000108807660581,0.0000773672145442,0.0000601719730184,0.0000749437167542,0.0000769824691815,0.0000591097086726,0.0000664219041937,0.000063584484451,0.0000406149229093,0.0000325272485497,0.000041364779463,0.0000265883572865,0.0000161647712957,0.0000142677681652,0.0000127838575281,0.0000136597100209,0.00000933885439736,0.00000863245350047,0.00000614392001808,0.0000039825854401,0.00000321555353366,0.00000247661000685,0.00000154497877247,0.00000129004774863,0.00000114928934636,0.00000113993667128,8.68974666446e-7,7.38236565212e-7,6.40110613404e-7],"dvar":[0.00000493251491207,0.0000366839958588,0.00000528103691977,0.0000019547978809,1.78476298629e-7,8.05543365345e-8,5.9295128807e-8,5.89861670619e-8,8.37692510913e-8,5.93364326562e-8,4.38731717622e-8,4.31249489452e-8,2.30580887717e-8,1.28408474964e-8,1.66044920036e-8,1.39610358829e-8,1.31813271409e-8,1.41356562011e-8,8.77565042856e-9,5.68958746783e-9,2.27636864913e-9,3.03102565269e-9,8.17578615919e-10,5.14924436423e-10,3.5005265353e-10,2.02438482644e-10,2.91536045305e-10,2.09896044989e-10,1.59532789756e-10,5.7767665651e-11,1.96602404495e-11,1.37633186098e-11,9.67990618217e-12,6.71066110666e-12,1.19106989896e-11,1.24284324152e-11,1.05951254714e-11,8.66422732171e-12,6.36793395792e-12,3.08698964828e-12],"dvar2":[0.0000135931295517,0.000103626378404,0.0000143373335959,0.00000557306157134,4.76463327459e-7,1.73055155983e-7,1.2182793796e-7,1.24511586819e-7,1.55621449949e-7,1.19724674619e-7,8.91213431942e-8,8.14374701008e-8,4.27859774277e-8,2.00952694485e-8,3.5372220708e-8,2.67072213234e-8,2.64210999745e-8,2.78241003571e-8,1.74199605851e-8,1.18089333867e-8,4.90774043627e-9,7.71782016074e-9,2.05031946976e-9,1.27119781368e-9,8.5437790176e-10,5.64899516053e-10,8.12425571262e-10,5.45471778857e-10,3.97853250345e-10,1.35221847608e-10,5.14188552847e-11,3.58531503097e-11,2.45737093868e-11,1.39653254239e-11,2.40259860618e-11,2.54581876413e-11,2.28151490755e-11,1.93247032959e-11,1.21702101522e-11,5.61528774867e-12],"max":[0.0232539623976,0.0396224632859,0.0207308400422,0.0173406079412,0.00996956881136,0.0104338927194,0.007717163302,0.00913255196065,0.0123340338469,0.0068416823633,0.00481784529984,0.0061304224655,0.00524001475424,0.00778289791197,0.00371915986761,0.00391440978274,0.00391492899507,0.00460453284904,0.0025456470903,0.00290381186642,0.00163380731829,0.00210013450123,0.000842501467559,0.000762305397075,0.000891146541107,0.000358471617801,0.000463737989776,0.000590545067098,0.000546454510186,0.000257401843555,0.000106465195131,0.000124866826809,0.0000933105911827,0.000141572294524,0.000195030108443,0.000161551346537,0.000157515634783,0.000143536337418,0.00017106255109,0.0000996852904791],"mean":[0.00148489815183,0.00331099540927,0.00178249040619,0.000866341753863,0.000457956455648,0.000251677702181,0.000176644040039,0.000189109050552,0.000203721880098,0.000185640252312,0.000170719358721,0.000206437267479,0.000150394451339,0.0000939301025937,0.000110079672595,0.000108450614789,0.000087258827989,0.0000965612271102,0.0000931604809011,0.0000507421609655,0.0000390253262594,0.0000477596295241,0.0000341995801136,0.0000198308007384,0.0000148497183545,0.000010693745935,0.0000110750152089,0.00000937706772675,0.0000100242286862,0.00000759158911023,0.00000412730423704,0.0000033445887766,0.00000274827448266,0.00000174751528448,0.00000152305347001,0.00000144854607242,0.00000141952170907,0.00000110328642222,9.57085035225e-7,8.37529057662e-7],"median":[0.000910979695618,0.00206535821781,0.00106278609019,0.000466917466838,0.000265013892204,0.0000970465916907,0.0000627139088465,0.0000573788965994,0.0000439729701611,0.0000310826981149,0.0000300556712318,0.0000304046516248,0.0000283976187347,0.0000325473738485,0.000028189859222,0.0000346398010151,0.0000163078348123,0.0000226709125855,0.0000302871012536,0.0000216195330722,0.0000195197771973,0.000023280208552,0.0000184442415048,0.00000934977288125,0.00000813825863588,0.00000573997112951,0.00000530356737727,0.0000043639888645,0.00000485747250423,0.00000408454843637,0.00000202196497412,0.00000139884264172,0.00000103628599391,4.91237301503e-7,4.07684581205e-7,3.60067900829e-7,3.94292158035e-7,3.15323745781e-7,2.41473856022e-7,1.88812705915e-7],"min":[2.03599615662e-24,2.28749092966e-24,1.7807312201e-24,2.423235156e-24,1.81390084901e-24,1.73832225505e-24,1.22235022783e-24,3.98738067027e-24,3.13483482695e-24,3.74645229462e-24,3.33692659416e-24,5.11995931594e-24,7.46963319253e-24,6.23787934828e-24,5.24998607566e-24,3.66085457552e-24,2.977711484e-24,6.85287885987e-24,5.63623919613e-24,6.12914157781e-24,5.49105289639e-24,4.54389285105e-24,5.43731884697e-24,4.13024416906e-24,6.33990746232e-24,5.35829431136e-24,5.88374036084e-24,4.47851324251e-24,6.71543877979e-24,5.29838505878e-24,6.007690525e-24,7.42053212321e-24,8.56817485673e-24,7.86772553747e-24,5.79186212563e-24,7.24488277633e-24,6.53646635635e-24,8.02658397998e-24,7.48561314789e-24,6.4375802753e-24],"var":[0.00000413465750171,0.0000250360808423,0.0000053684757404,0.00000175920843049,3.60210918871e-7,2.91348641213e-7,1.67061173784e-7,1.67063120671e-7,2.52632105457e-7,2.11357630064e-7,1.90597432947e-7,2.49185717394e-7,1.37290314228e-7,7.44821875287e-8,6.90787160806e-8,5.99688192437e-8,5.13953857251e-8,6.58049685853e-8,3.67594523709e-8,1.63841669121e-8,6.13591977228e-9,9.45542577568e-9,3.27635318875e-9,1.44129497226e-9,6.71334321467e-10,2.14658457676e-10,3.00081015592e-10,2.88879864474e-10,3.32614075171e-10,1.44605244445e-10,3.39168797214e-11,2.56548948752e-11,2.16789520363e-11,1.59211619583e-11,2.85192078286e-11,3.68259797656e-11,3.28537440308e-11,2.12888075224e-11,1.69241426429e-11,9.74702523554e-12]},"melbands_crest":{"dmean":3.49274516106,"dmean2":5.82299804688,"dvar":11.344537735,"dvar2":29.8927688599,"max":33.9810905457,"mean":14.9334182739,"median":14.130115509,"min":1.6816996336,"var":27.7451992035},"melbands_flatness_db":{"dmean":0.0339312590659,"dmean2":0.0544021166861,"dvar":0.00159405532759,"dvar2":0.00448346091434,"max":0.510270953178,"mean":0.212092682719,"median":0.203192874789,"min":0.0032024346292,"var":0.00456392671913},"melbands_kurtosis":{"dmean":12.4249267578,"dmean2":22.13646698,"dvar":1134.35375977,"dvar2":3274.27954102,"max":450.136352539,"mean":15.8822803497,"median":6.75807285309,"min":-1.91819119453,"var":942.958984375},"melbands_skewness":{"dmean":0.989496767521,"dmean2":1.64902925491,"dvar":2.24531340599,"dvar2":6.01092720032,"max":15.9275064468,"mean":2.7969596386,"median":2.46673345566,"min":-3.50345420837,"var":4.53890037537},"melbands_spread":{"dmean":7.45083522797,"dmean2":11.8911342621,"dvar":84.6711883545,"dvar2":204.498275757,"max":184.893356323,"mean":26.0331325531,"median":23.4154205322,"min":0.59902048111,"var":321.824066162},"mfcc":{"cov":[[7507.91259766,-377.223754883,-243.447311401,-162.560791016,-180.757156372,48.8720703125,216.441223145,300.838226318,111.400878906,86.2190933228,-21.0779342651,81.7828063965,-202.240341187],[-377.223754883,1395.26025391,-436.379394531,78.4459686279,-69.3335189819,-36.8020515442,42.8803672791,1.4732542038,42.0261077881,-93.3999023438,-2.7277944088,101.734161377,-26.0942115784],[-243.447311401,-436.379394531,632.921020508,-8.61786079407,75.795211792,-26.7943458557,-10.6326942444,5.93259906769,-51.9047813416,40.3994865417,8.25606441498,-2.12967538834,50.3082618713],[-162.560791016,78.4459686279,-8.61786079407,389.375762939,51.9824943542,57.143863678,-46.4800567627,-10.8523330688,23.1853923798,-16.6705989838,21.5209674835,7.55129241943,86.4998397827],[-180.757156372,-69.3335189819,75.795211792,51.9824943542,193.72428894,49.1870994568,-9.73843574524,3.1355445385,11.9424600601,16.7567825317,4.49333000183,-18.9813499451,24.9873008728],[48.8720703125,-36.8020515442,-26.7943458557,57.143863678,49.1870994568,157.231811523,65.8622970581,25.6723327637,15.3128957748,37.6748199463,15.9447088242,-39.3813400269,4.71285533905],[216.441223145,42.8803672791,-10.6326942444,-46.4800567627,-9.73843574524,65.8622970581,166.005691528,71.5774841309,28.8309745789,29.4645786285,2.74503564835,10.1244945526,-16.007434845],[300.838226318,1.4732542038,5.93259906769,-10.8523330688,3.1355445385,25.6723327637,71.5774841309,130.89213562,41.076423645,14.2969751358,2.58928632736,18.7944889069,0.491323620081],[111.400878906,42.0261077881,-51.9047813416,23.1853923798,11.9424600601,15.3128957748,28.8309745789,41.076423645,116.257865906,44.9642066956,7.95837163925,-2.11735653877,2.79933071136],[86.2190933228,-93.3999023438,40.3994865417,-16.6705989838,16.7567825317,37.6748199463,29.4645786285,14.2969751358,44.9642066956,125.195526123,32.7483673096,-28.5464115143,-6.4994802475],[-21.0779342651,-2.7277944088,8.25606441498,21.5209674835,4.49333000183,15.9447088242,2.74503564835,2.58928632736,7.95837163925,32.7483673096,84.3978729248,26.2124843597,14.0748357773],[81.7828063965,101.734161377,-2.12967538834,7.55129241943,-18.9813499451,-39.3813400269,10.1244945526,18.7944889069,-2.11735653877,-28.5464115143,26.2124843597,130.041168213,26.4476928711],[-202.240341187,-26.0942115784,50.3082618713,86.4998397827,24.9873008728,4.71285533905,-16.007434845,0.491323620081,2.79933071136,-6.4994802475,14.0748357773,26.4476928711,105.382240295]],"icov":[[0.000172453626874,0.000106675171992,0.00010210104665,-0.0000630996291875,0.000118719086458,-0.0000115638104035,-0.0000347014211002,-0.000344262749422,-0.00000446397052656,-0.00011109920888,0.000117950992717,-0.00024330971064,0.000367701490177],[0.000106675171992,0.00112825143151,0.000730517494958,-0.000389357795939,0.0000010848995089,0.000466030702228,-0.000641343707684,0.0000678269279888,-0.000220224479563,0.000409083470004,0.0000290009083983,-0.000766391691286,0.000555658712983],[0.00010210104665,0.000730517494958,0.00252284645103,-0.000224630566663,-0.000883862609044,0.0013551361626,-0.00068340083817,-0.000560725980904,0.00152430089656,-0.00113090348896,0.000185698358109,-0.000292997254292,-0.000656897958834],[-0.0000630996291875,-0.000389357795939,-0.000224630566663,0.00396008277312,-0.000135343900183,-0.002281219,0.00184269400779,0.00019855859864,-0.0012007127516,0.00104221282527,-0.000500340887811,0.000109946347948,-0.00281229009852],[0.000118719086458,0.0000010848995089,-0.000883862609044,-0.000135343900183,0.00652640871704,-0.00267795589752,0.00147308432497,-0.000355064956238,-0.00108285970055,0.0000663392056595,0.000425502774306,0.00000200159479391,-0.000465640303446],[-0.0000115638104035,0.000466030702228,0.0013551361626,-0.002281219,-0.00267795589752,0.012227376923,-0.00580498483032,-0.000332793395501,0.00196138257161,-0.00157620687969,-0.00221348903142,0.00379853486083,-0.000280321139144],[-0.0000347014211002,-0.000641343707684,-0.00068340083817,0.00184269400779,0.00147308432497,-0.00580498483032,0.0114203039557,-0.00421222439036,-0.000835088838357,-0.00116891926154,0.00143463548739,-0.00208613695577,0.000535053608473],[-0.000344262749422,0.0000678269279888,-0.000560725980904,0.00019855859864,-0.000355064956238,-0.000332793395501,-0.00421222439036,0.0119938803837,-0.00358994817361,0.00125414528884,0.0000729008679627,-0.00106996053364,-0.000704356469214],[-0.00000446397052656,-0.000220224479563,0.00152430089656,-0.0012007127516,-0.00108285970055,0.00196138257161,-0.000835088838357,-0.00358994817361,0.0130399223417,-0.00556275621057,0.000937339791562,0.000216975677176,-0.000615398865193],[-0.00011109920888,0.000409083470004,-0.00113090348896,0.00104221282527,0.0000663392056595,-0.00157620687969,-0.00116891926154,0.00125414528884,-0.00556275621057,0.0136819900945,-0.00568915484473,0.00308699905872,0.00042055916856],[0.000117950992717,0.0000290009083983,0.000185698358109,-0.000500340887811,0.000425502774306,-0.00221348903142,0.00143463548739,0.0000729008679627,0.000937339791562,-0.00568915484473,0.0161423813552,-0.00518949888647,-0.000458088645246],[-0.00024330971064,-0.000766391691286,-0.000292997254292,0.000109946347948,0.00000200159479391,0.00379853486083,-0.00208613695577,-0.00106996053364,0.000216975677176,0.00308699905872,-0.00518949888647,0.0122968861833,-0.0032977280207],[0.000367701490177,0.000555658712983,-0.000656897958834,-0.00281229009852,-0.000465640303446,-0.000280321139144,0.000535053608473,-0.000704356469214,-0.000615398865193,0.00042055916856,-0.000458088645246,-0.0032977280207,0.0140930926427]],"mean":[-634.299255371,122.077690125,-10.4087820053,34.8481941223,13.6909608841,13.9207611084,5.92304039001,1.73160934448,5.2422580719,-2.31293225288,-3.59374141693,1.1981742382,-3.4100587368]},"pitch_salience":{"dmean":0.0766786560416,"dmean2":0.127336218953,"dvar":0.00597262568772,"dvar2":0.0165299084038,"max":0.927885532379,"mean":0.503473341465,"median":0.506820321083,"min":0.0952673852444,"var":0.0124682337046},"silence_rate_20dB":{"dmean":0,"dmean2":0,"dvar":0,"dvar2":0,"max":1,"mean":1,"median":1,"min":1,"var":0},"silence_rate_30dB":{"dmean":0,"dmean2":0,"dvar":0,"dvar2":0,"max":1,"mean":1,"median":1,"min":1,"var":0},"silence_rate_60dB":{"dmean":0.00539083546028,"dmean2":0.0107826087624,"dvar":0.00536316772923,"dvar2":0.0138019630685,"max":1,"mean":0.0290384273976,"median":0,"min":0,"var":0.0281950719655},"spectral_centroid":{"dmean":271.622924805,"dmean2":434.575561523,"dvar":110223.210938,"dvar2":300918.90625,"max":11332.6630859,"mean":1425.56604004,"median":1397.85693359,"min":179.03968811,"var":436261.71875},"spectral_complexity":{"dmean":4.616294384,"dmean2":7.29600000381,"dvar":28.4841938019,"dvar2":71.9703674316,"max":58,"mean":21.2550868988,"median":20,"min":0,"var":115.690666199},"spectral_contrast_coeffs":{"dmean":[0.0537621825933,0.0441624969244,0.038054972887,0.032891381532,0.0238484386355,0.0226796679199],"dmean2":[0.0902026295662,0.0718741342425,0.0607416257262,0.0512916743755,0.0372564122081,0.0342113077641],"dvar":[0.00221095513552,0.00154015130829,0.00113520992454,0.000859378080349,0.000447357888333,0.000495812564623],"dvar2":[0.00587792182341,0.00391843542457,0.00266815093346,0.00197569234297,0.00103166454937,0.00117069145199],"max":[-0.245575457811,-0.403180122375,-0.455315738916,-0.428228080273,-0.584792494774,-0.5071824193],"mean":[-0.631082832813,-0.720497429371,-0.751792430878,-0.744797766209,-0.781725466251,-0.739610314369],"median":[-0.635981798172,-0.727471649647,-0.769662559032,-0.755371332169,-0.786529183388,-0.74262213707],"min":[-0.975765883923,-0.971026718616,-0.972506999969,-0.961815595627,-0.968140244484,-0.963729023933],"var":[0.00626732548699,0.0068834121339,0.00824055727571,0.00573923112825,0.00205276254565,0.0027434269432]},"spectral_contrast_valleys":{"dmean":[0.384289443493,0.386577785015,0.359962701797,0.32662242651,0.34636092186,0.365120500326],"dmean2":[0.64948618412,0.646552503109,0.591474115849,0.521885037422,0.533678889275,0.476484239101],"dvar":[0.117202781141,0.167058169842,0.149493053555,0.144749879837,0.223788022995,0.207811772823],"dvar2":[0.298047810793,0.426303446293,0.366003960371,0.339181751013,0.547540724277,0.415449649096],"max":[-5.11203336716,-4.94504928589,-5.14675855637,-5.57573032379,-5.50148630142,-7.26550292969],"mean":[-6.97551870346,-7.08129024506,-7.53159284592,-7.6157617569,-7.39844083786,-10.3410625458],"median":[-6.71220397949,-6.88800764084,-7.33100700378,-7.3963432312,-7.19990921021,-10.0745191574],"min":[-27.9516067505,-27.4638996124,-27.568655014,-27.5597991943,-27.4485912323,-27.3542442322],"var":[1.66565477848,1.56641030312,1.50531995296,1.57228326797,1.71161293983,2.26461863518]},"spectral_decrease":{"dmean":3.34726291129e-9,"dmean2":5.90436810555e-9,"dvar":3.50473381514e-17,"dvar2":9.72903168182e-17,"max":6.58207442797e-29,"mean":-8.57128679144e-9,"median":-7.98462806983e-9,"min":-4.16731893438e-8,"var":3.28784176457e-17},"spectral_energy":{"dmean":0.0129191186279,"dmean2":0.0226995460689,"dvar":0.000512624916155,"dvar2":0.00142420467455,"max":0.161107450724,"mean":0.0346995517612,"median":0.0324449837208,"min":1.02034618795e-20,"var":0.000503592018504},"spectral_energyband_high":{"dmean":0.000396515417378,"dmean2":0.000582206004765,"dvar":6.58560963984e-7,"dvar2":0.00000134407991936,"max":0.0248125065118,"mean":0.000956756877713,"median":0.00052029453218,"min":7.06712661548e-21,"var":0.00000234720528169},"spectral_energyband_low":{"dmean":0.0103790462017,"dmean2":0.018637727946,"dvar":0.000471335020848,"dvar2":0.0013143576216,"max":0.148969486356,"mean":0.0148259457201,"median":0.0106970462948,"min":1.80947999361e-23,"var":0.000341572158504},"spectral_energyband_middle_high":{"dmean":0.00223338557407,"dmean2":0.00328959431499,"dvar":0.00000922615436139,"dvar2":0.0000202729879675,"max":0.0542998947203,"mean":0.00895626563579,"median":0.00543431285769,"min":1.35885226394e-21,"var":0.0000839735730551},"spectral_energyband_middle_low":{"dmean":0.00502335978672,"dmean2":0.00846837554127,"dvar":0.0000903469772311,"dvar2":0.000248608062975,"max":0.0992525368929,"mean":0.0117731494829,"median":0.00868433434516,"min":1.7147157739e-22,"var":0.000126300845295},"spectral_entropy":{"dmean":0.18362633884,"dmean2":0.266147851944,"dvar":0.0471194647253,"dvar2":0.110868006945,"max":9.82983493805,"mean":7.52237462997,"median":7.5891661644,"min":4.62113952637,"var":0.226513445377},"spectral_flux":{"dmean":0.0334842056036,"dmean2":0.0538004525006,"dvar":0.00213691988029,"dvar2":0.00406477134675,"max":0.382471114397,"mean":0.0939420387149,"median":0.0777659267187,"min":6.51322884515e-11,"var":0.00377098517492},"spectral_kurtosis":{"dmean":1.85541594028,"dmean2":3.1196603775,"dvar":7.55076408386,"dvar2":20.5925502777,"max":52.6770515442,"mean":4.72534561157,"median":3.83347010612,"min":-1.3510838747,"var":12.8654518127},"spectral_rms":{"dmean":0.000968840962742,"dmean2":0.0016531982692,"dvar":0.00000212741610994,"dvar2":0.00000575201738684,"max":0.0125370649621,"mean":0.00550379464403,"median":0.00562615692616,"min":3.15509077198e-12,"var":0.00000356133477908},"spectral_rolloff":{"dmean":444.230163574,"dmean2":748.990966797,"dvar":580524.625,"dvar2":1317736.375,"max":19250.6835938,"mean":1445.66308594,"median":1335.05859375,"min":86.1328125,"var":2278039},"spectral_skewness":{"dmean":0.249540671706,"dmean2":0.407191544771,"dvar":0.0980216935277,"dvar2":0.261567503214,"max":5.64723539352,"mean":1.47309541702,"median":1.40546441078,"min":-0.0501813329756,"var":0.228253081441},"spectral_spread":{"dmean":507952.53125,"dmean2":650493.5,"dvar":557364674560,"dvar2":963513548800,"max":42075696,"mean":4347151,"median":4071525,"min":1269419.125,"var":3733974417410},"spectral_strongpeak":{"dmean":0.70990395546,"dmean2":1.22325193882,"dvar":1.70843589306,"dvar2":4.11029052734,"max":14.9268159866,"mean":1.42238378525,"median":0.508651018143,"min":0,"var":4.13740873337},"zerocrossingrate":{"dmean":0.00965566467494,"dmean2":0.011282778345,"dvar":0.000132621236844,"dvar2":0.000157055124873,"max":0.51953125,"mean":0.0583706237376,"median":0.052734375,"min":0.00439453125,"var":0.00153858400881}},"metadata":{"audio_properties":{"analysis_sample_rate":44100,"bit_rate":192019,"codec":"mp3","downmix":"mix","equal_loudness":0,"length":267.049804688,"lossless":false,"md5_encoded":"a7a077aca9e61be40ec8063430dd0045","replay_gain":-4.98361778259,"sample_rate":44100},"tags":{"acoustid_fingerprint":["AQADtIuUa04QJvTRLsYpWUc_ZrCOK1mO7ZSha7SQOsU1F-5mwZNJ4tWCTzHyJaIM__Cz445mRNcLP_PwRgq-w10U4yKcD_lk6Dyso_ZxTvj4oD60UDouC7_QJ4ohRrhiH-OpDP9g58PuwKehndDbEbWOMxv-GXcKmb1gJ-KQH67Q33iUBrV4NGKQj9rw6dAMO1IMl0JE9YJr7CzuGl-Mnygl5CmU70KYbimmaxvexehpOBoT1AqitxFqHWKaoC_0HdOj4zRSRvmGx_hmpOYHnccnxngUpNfwGj_yrIPxX8bTBP6hrRFuPI0QWpmHJm1wRim-o3Gk9Lh4PFEaIbqI5MlxKsX-wtn0DdeP53D5IGdYJPdxHb0y40EP--pw7cJTOfiRR3gN-YdPhFdwxcGPMNkiFbpupOFm2MmFGv-HJuIRdlIqJPMGR7uOPsN_hGqyoKlkWdCPNykKbxq0JE_xSdER-oXHC9OlGNcRrhu-RIsLcaSNmMd_4QzxKilc8UHboaSGpsrxI9mRJl1SHOcRMo9D6FOM8KPRTML54MdlJnCSecfJ41GOnD0UXUgv1D6yb4WOUE_Q-HiUHF2PMNlT4Rn0o-bh54PWtUKfHLYHkfwQPkzw5aiShQGTOHPwR8JLolzzw4zy408YpDd-vB_-TLiOT1HwB--PB-bxXPiLT4E4tKMR54qooqnYoFVzPB7KRxn-4-mIjQsbPGuQ1EccTscbBvsUGx9D3Bd6c7jCOEeohJLRxLnw4z6aF9oRuRdRbU9gRabwJBm-CA9KHvmRPMmH2oel76h2PA-iC9qPtNLh58J3KsOV5UgPb3tQPXgWYV-Y41KJE_oRSkyK5kfv4Bf6hMJPDTeaZ0eyF_mLH30OJ5p0XM_xLDyewS_2Hr-E9MkVQiMvhMqPK-PxKClOFskR5sOLZw_OLMVzCT6-dLg_XCeOdtkDq8WPh2j_HNfRuDlKKTsqk0Nz5Xjx47cQZlJ09NGh84hU7mgSLxP-4jxK37h0DV5fPNI4eCf6hER4bJOz4Tf8VOjY4xX-42w3NI9itC7KB3qUfEi3cGijS7i6GPUuNB8-sREuUgiPpgqHt4Peo_kDfR1ytjl8Wbj24IuCfjIevZilPBV6ww_qDUepF18Qy4GQ__jw37j0wQqLN4SPXjaO5ibCZwmSKhP-Gd1cHWe6weHc4TvCI_mJ_-gbNBWDOg_8IznbIwzH4zL2BE8ToRlt4y8iOTn0o6eGvDWOb_qQH88u6IefYpb4oNPM4c3xo3KNvMSXH75ktJkSJhHOo5kk5XhSqQqOpsqJM-gzopkkJJ2PPP0w3YRD9Dq-E2cqNI_wsLiPOdGLK4Ndo1ZG3FKCqH2QTGJcNHRiXMd59Ay-GQ5uxKQCcTtyZcGPdIyCPxD1ozKP6TmuFt_x4KtC6NqDy4PzRPh4NDsu7TiZQjsaNcKtJ3g-NIPG2_hCHeUh3sgXXfgFM9Lxo89DfGJwFedR9kfDYdbxcBcRO4IW-DkiOT3xB9-OaUETZ8fV48kHV8zx4AqaM0cVVkguHvHxFcer4g36Es3xyHiQH9eho98g5uKC6UF-3DlOtFFcNM1xEqEcFvKRTvrxksRWsUFeXMEWX9Ado--G_B4-MU3RxDl6nEWtPRF8YeKDX8d59DmaH5eCfDnEf4jlB5eCJlwUnN3xozlzPMGPpgmew-OxPZhUDZ-YyIj9INnjwsuDU