{"lowlevel":{"average_loudness":0.898924589157,"barkbands":{"dmean":[0.00211367965676,0.0106801064685,0.00271415826865,0.00122609874234,0.00237661786377,0.00134690862615,0.00094657659065,0.000419431831688,0.000615903991275,0.000391521141864,0.000627221015748,0.000750982319005,0.0004761290038,0.000225628202315,0.000275380210951,0.000131943190354,0.00015612327843,0.000204548152396,0.000261696928646,0.000167624559253,0.0000886215129867,0.0000285236255877,0.00000556650456929,0.00000258579666479,0.00000225820735977,0.00000437860626334,0.000231570535107],"dmean2":[0.00354507006705,0.0179199855775,0.00458242883906,0.00200776034035,0.00381176290102,0.00219430215657,0.00154587521683,0.000691135355737,0.00101302366238,0.000634244584944,0.00104156706948,0.00119469291531,0.000780128291808,0.00037242678809,0.000455757981399,0.000220573871047,0.000254061218584,0.000321843195707,0.00040234712651,0.000243631933699,0.000129944834043,0.000041379556933,0.00000857631403051,0.00000422690800406,0.00000373937632503,0.00000677895332046,0.000351184542524],"dvar":[0.00000940288100537,0.000233067054069,0.0000185046119441,0.00000449089338872,0.0000143049574035,0.00000716787917554,0.00000287891907647,8.92086063686e-7,0.00000109016127681,4.7081783805e-7,8.54177983456e-7,0.0000012621701444,7.7636258311e-7,1.40421491324e-7,2.43997021698e-7,4.35717204539e-8,8.55576303138e-8,2.67774282747e-7,7.51127458898e-7,4.5937571258e-7,1.56179851274e-7,7.89960452607e-9,1.56125806727e-10,1.72384953534e-11,1.39522534151e-11,6.54824319768e-11,1.58875337775e-7],"dvar2":[0.000024605596991,0.000638177152723,0.0000502563998452,0.0000110873179437,0.0000366392559954,0.0000173165153683,0.00000717163538866,0.00000230354226005,0.00000288411888505,0.0000010926790992,0.00000213362022805,0.00000318922707265,0.00000203935519494,3.74872939801e-7,6.22188508714e-7,1.16632662639e-7,2.10139717183e-7,5.90482500229e-7,0.00000144370744692,9.16493490877e-7,3.37685492013e-7,1.58268012029e-8,3.22473603376e-10,4.18717699402e-11,3.45050307771e-11,1.35903843734e-10,3.0647814242e-7],"max":[0.0625730827451,0.196877092123,0.0727718174458,0.0445501357317,0.0826302543283,0.0551874414086,0.0396199002862,0.0491092726588,0.0219005532563,0.0152510870248,0.023518005386,0.0238284058869,0.0215842276812,0.00835939403623,0.0177306830883,0.00547061022371,0.00960487220436,0.0179944280535,0.041467808187,0.020864918828,0.0168352201581,0.00222011376172,0.000318276608596,0.0000567880342714,0.0000545716502529,0.000248915283009,0.00836702529341],"mean":[0.00276352860965,0.0154399089515,0.00350899458863,0.0017608035123,0.00447167502716,0.00229992694221,0.00159828667529,0.000684778904542,0.00109277165029,0.000682564685121,0.00109634338878,0.00148899806663,0.000864307803567,0.000425970181823,0.000534849939868,0.000246410287218,0.000304457644233,0.000392305548303,0.000472044106573,0.000296130398056,0.000160702606081,0.0000561507913517,0.00000937731147133,0.00000307824825541,0.00000225535700338,0.00000732660191716,0.000773174106143],"median":[0.00169998942874,0.0103311035782,0.00179978751112,0.000737694441341,0.00221585808322,0.00102344132029,0.000831741141155,0.000333762378432,0.000599013757892,0.000354153569788,0.000735524226911,0.000901173159946,0.000398593081627,0.00025016895961,0.000304479355691,0.000149129919009,0.000184911856195,0.000199947709916,0.000199614296434,0.000105537183117,0.0000524629431311,0.0000194874592125,0.00000398023985326,0.00000150436744661,8.45661929816e-7,0.00000373417651645,0.000613941345364],"min":[1.92116976047e-24,5.67331368652e-24,1.66178854774e-24,2.34814664188e-24,6.71803728761e-24,1.69804392442e-23,5.97359082908e-24,7.36971291483e-24,2.32772058757e-23,2.72950985025e-23,2.53865378948e-23,3.35225936803e-23,2.56500947455e-23,3.71807720452e-23,7.13764754923e-23,6.57504331122e-23,5.84302078086e-23,1.25859437901e-22,1.92526022514e-22,1.92844406776e-22,2.60899828344e-22,3.64192669429e-22,3.56365376957e-22,6.44165639848e-22,9.21582498986e-22,1.34990564726e-21,2.03320025213e-21],"var":[0.0000119539427033,0.000306165020447,0.0000242417154368,0.00000924521191337,0.0000350187037839,0.0000177377187356,0.00000658726139591,0.0000024242156087,0.00000254062911154,0.00000125988015043,0.00000175068566932,0.00000345184594153,0.00000178212462743,3.14655636657e-7,6.04014815053e-7,8.89561704298e-8,2.07063649782e-7,6.53608935863e-7,0.0000015681334844,9.99321173367e-7,2.80116637441e-7,2.21116689403e-8,4.09689615566e-10,2.14693731543e-11,1.505615424e-11,1.53130161329e-10,7.19646095604e-7]},"barkbands_crest":{"dmean":3.16397404671,"dmean2":5.25708532333,"dvar":7.43477916718,"dvar2":20.4678382874,"max":25.6169452667,"mean":10.7682247162,"median":10.1945676804,"min":2.61260843277,"var":17.7667675018},"barkbands_flatness_db":{"dmean":0.0259132832289,"dmean2":0.0421682335436,"dvar":0.000520346686244,"dvar2":0.00139470829163,"max":0.415264874697,"mean":0.149103343487,"median":0.140362471342,"min":0.0345281213522,"var":0.00240567256697},"barkbands_kurtosis":{"dmean":4.96711969376,"dmean2":8.21827507019,"dvar":159.238601685,"dvar2":409.001831055,"max":486.720031738,"mean":9.08422470093,"median":4.87949085236,"min":-1.754971385,"var":294.000366211},"barkbands_skewness":{"dmean":0.627340912819,"dmean2":1.00560057163,"dvar":0.478223145008,"dvar2":1.24765956402,"max":15.9766941071,"mean":2.16414499283,"median":1.94002318382,"min":-3.0017323494,"var":1.92107248306},"barkbands_spread":{"dmean":6.05954933167,"dmean2":9.69122219086,"dvar":45.7453384399,"dvar2":102.580924988,"max":115.443962097,"mean":24.1761074066,"median":22.3578987122,"min":0.44478315115,"var":220.821075439},"dissonance":{"dmean":0.0165458917618,"dmean2":0.0279543902725,"dvar":0.000275628059171,"dvar2":0.00075190566713,"max":0.500000059605,"mean":0.469928145409,"median":0.477291375399,"min":0.300143688917,"var":0.000684376456775},"dynamic_complexity":3.16489744186,"erbbands":{"dmean":[0.335859298706,2.43386220932,3.6274523735,3.20824289322,7.48012161255,7.53582620621,9.74936103821,11.0985155106,10.7401371002,15.580578804,9.83997154236,14.396780014,9.79839324951,18.1301555634,24.1113414764,29.3784828186,22.1389598846,11.6422023773,13.6112537384,10.4699869156,6.73808574677,8.70951271057,10.5181083679,10.9025774002,13.9968156815,7.73934555054,4.65463352203,2.59465360641,1.18004953861,0.415219575167,0.125244304538,0.061612226069,0.0401491969824,0.0255238320678,0.0160049404949,0.00974898133427,0.00831896997988,0.0174520071596,0.0225350242108,0.00524118542671],"dmean2":[0.569480895996,4.0810084343,6.06091547012,5.28694725037,12.1289510727,12.1027555466,15.9596185684,18.1458415985,17.6117630005,25.4203548431,16.348772049,23.6873779297,16.0123825073,30.0096549988,38.9658508301,47.329914093,36.1474151611,19.1616439819,22.5153675079,17.2939987183,11.1925764084,14.1085577011,16.496295929,16.7430782318,21.2461280823,11.2833480835,6.82680749893,3.76933503151,1.72073984146,0.611374258995,0.193125814199,0.0996661782265,0.0659187957644,0.0422498025,0.0264594946057,0.0158239696175,0.0127731524408,0.0246452614665,0.0319061651826,0.00813668128103],"dvar":[0.230868265033,12.6610565186,29.4152736664,28.4556465149,167.165084839,190.636520386,375.884185791,600.238220215,477.319488525,896.269104004,346.51071167,676.668762207,335.054412842,847.129150391,1310.71166992,2067.34741211,1633.51611328,398.272888184,559.513549805,369.253051758,113.022903442,273.403076172,645.264099121,918.966308594,2747.74267578,906.026000977,429.871337891,110.458816528,12.8947305679,1.48131215572,0.057003416121,0.0093063339591,0.004287422169,0.00178518542089,0.000694790738635,0.000232757578488,0.000214863772271,0.00208430411294,0.00409123068675,0.0000647715278319],"dvar2":[0.646994054317,33.9859771729,77.604095459,71.5536956787,432.671539307,464.538635254,892.201293945,1437.28857422,1132.45458984,2270.5246582,902.614257812,1702.21582031,843.09765625,2047.5793457,3187.37939453,5434.484375,4224.03710938,1056.73144531,1417.91357422,969.007385254,298.854370117,666.384155273,1416.56018066,1818.99047852,5487.48828125,1718.00549316,930.265441895,221.115020752,25.3700141907,2.6831741333,0.110130757093,0.0220269355923,0.0105050755665,0.00441104313359,0.00171706662513,0.000564455229323,0.000425704027293,0.00347341946326,0.00714588025585,0.000139474082971],"max":[6.49761152267,43.9750480652,75.9800186157,91.6170501709,247.816848755,349.772033691,453.701446533,637.768920898,677.988708496,869.197265625,628.869689941,621.915588379,414.276672363,1034.78271484,854.74597168,959.957580566,827.27520752,573.343383789,646.283691406,553.806396484,304.14642334,553.655456543,826.722595215,965.068969727,2383.33666992,899.695129395,875.968200684,301.076629639,90.4785766602,28.7887172699,6.27172756195,1.48850274086,0.910982608795,0.617124378681,0.38437217474,0.214217349887,0.334410458803,0.913601815701,1.75012409687,0.181811854243],"mean":[0.475201249123,3.24166560173,5.00728416443,5.16089439392,12.7408361435,12.906006813,15.8068256378,18.3914909363,18.7103176117,25.4613361359,17.6068496704,25.1078662872,18.0479240417,34.3892021179,49.684173584,59.3981704712,43.3566398621,24.3046035767,27.832036972,20.9454956055,13.6100683212,17.7498607635,20.9567890167,21.110200882,24.1246967316,14.1195926666,8.43603897095,4.87048721313,2.33673739433,0.799809396267,0.212679490447,0.0814165696502,0.0448558330536,0.0257880352437,0.0162383597344,0.0115276761353,0.0147443674505,0.041795745492,0.0587480217218,0.021056720987],"median":[0.310364365578,1.82616949081,2.74130821228,2.72604298592,5.38331460953,6.03547716141,6.84185791016,8.16533279419,10.1122112274,12.1326694489,9.48401832581,13.024805069,9.70965194702,21.9825439453,34.7571563721,37.981842041,21.3733329773,13.568353653,16.7161178589,13.4387016296,8.33293914795,11.0659809113,11.0041713715,10.0116872787,9.20854282379,5.29975605011,3.06081199646,1.54620218277,0.807153940201,0.278225958347,0.0984894484282,0.0414553433657,0.0201458521187,0.00984165817499,0.00626429356635,0.00547099811956,0.00754880532622,0.0182587690651,0.0343751050532,0.018539391458],"min":[1.41144129122e-22,1.74246949089e-21,3.34601343244e-21,4.35478563494e-21,1.90876143029e-20,2.48362723753e-20,4.97029339446e-20,1.37070380321e-19,9.91423397783e-20,3.41596305621e-19,4.88596097392e-19,5.93139112314e-19,8.57115400042e-19,7.07508464227e-19,1.69669043519e-18,1.49435812826e-18,1.84369728385e-18,2.06051476409e-18,2.05770793347e-18,2.73054098642e-18,4.61724483788e-18,4.24672830764e-18,5.71820444881e-18,8.01692779056e-18,9.398871143e-18,8.1745851066e-18,1.00606421028e-17,1.13259000493e-17,1.27901495271e-17,9.85752873059e-18,1.00897613419e-17,1.21180934035e-17,9.39681973508e-18,9.33317066848e-18,6.86978255014e-18,4.90500401579e-18,2.62158806486e-18,1.02576403356e-18,2.5649986746e-19,2.49255561827e-20],"var":[0.30184340477,16.2644710541,40.3295326233,60.4610061646,381.402404785,413.640106201,860.843200684,1343.57446289,1056.27001953,2224.72705078,786.297241211,1693.74719238,726.588684082,2138.68505859,3229.92260742,5273.73681641,4115.72607422,1051.64770508,1439.59228516,820.258239746,261.765197754,688.020874023,1694.69543457,2224.18505859,5141.23535156,2070.16235352,759.713745117,234.11038208,36.7899742126,4.69634437561,0.161340788007,0.0137672843412,0.00501150405034,0.00193357013632,0.000755356159061,0.00029539805837,0.000566302041989,0.0077899848111,0.0128603260964,0.000337940233294]},"erbbands_crest":{"dmean":2.22934055328,"dmean2":3.65467715263,"dvar":4.33695745468,"dvar2":10.8935127258,"max":27.6289653778,"mean":8.0046339035,"median":7.23655128479,"min":2.26780653,"var":11.8795719147},"erbbands_flatness_db":{"dmean":0.0195553582162,"dmean2":0.0306938514113,"dvar":0.000292401760817,"dvar2":0.00070406193845,"max":0.376038074493,"mean":0.158537641168,"median":0.148221328855,"min":0.0286247059703,"var":0.00240569002926},"erbbands_kurtosis":{"dmean":0.816316127777,"dmean2":1.28355538845,"dvar":1.49802935123,"dvar2":3.39774227142,"max":33.711025238,"mean":0.453847825527,"median":-0.0289261341095,"min":-1.8433161974,"var":3.47285079956},"erbbands_skewness":{"dmean":0.318834215403,"dmean2":0.491562634706,"dvar":0.0957756713033,"dvar2":0.202963501215,"max":5.09188079834,"mean":0.0444197356701,"median":-0.0149507587776,"min":-4.65027761459,"var":0.529729545116},"erbbands_spread":{"dmean":5.6470208168,"dmean2":8.87205600739,"dvar":30.8263969421,"dvar2":73.512512207,"max":114.987548828,"mean":29.8885784149,"median":28.9567871094,"min":1.97703385353,"var":170.299850464},"gfcc":{"cov":[[14220.2275391,-132.610656738,-868.474975586,1171.20019531,579.91973877,-749.334106445,908.1796875,-169.708908081,-22.7609958649,-67.3215332031,142.848373413,255.406112671,-3.05116438866],[-132.610656738,720.487792969,11.3915653229,-303.962097168,43.8220291138,-19.1336746216,-79.864616394,-41.5155067444,19.5171070099,-36.2600708008,29.6291694641,-69.5643844604,33.9948959351],[-868.474975586,11.3915653229,523.030883789,320.781860352,-71.227897644,121.687889099,-98.6779327393,78.7789840698,-68.7535858154,14.7474212646,-40.396648407,11.0686388016,21.3507347107],[1171.20019531,-303.962097168,320.781860352,863.443603516,206.173950195,-118.245910645,259.789215088,40.8632011414,-24.8438682556,8.05487155914,-26.522726059,114.958877563,-7.1563782692],[579.91973877,43.8220291138,-71.227897644,206.173950195,286.511108398,-54.8969688416,154.988739014,15.732170105,41.9413833618,-20.992023468,27.4618225098,20.779258728,7.57672929764],[-749.334106445,-19.1336746216,121.687889099,-118.245910645,-54.8969688416,263.690093994,-126.451339722,77.3436279297,-29.1380996704,11.9144439697,-10.6425008774,-35.7231445312,5.47876691818],[908.1796875,-79.864616394,-98.6779327393,259.789215088,154.988739014,-126.451339722,305.667114258,-38.9657020569,43.0919494629,-2.93929243088,9.16501331329,70.1496505737,-22.5514450073],[-169.708908081,-41.5155067444,78.7789840698,40.8632011414,15.732170105,77.3436279297,-38.9657020569,165.296600342,33.8254776001,26.2151374817,25.3741912842,-11.6883192062,18.9075679779],[-22.7609958649,19.5171070099,-68.7535858154,-24.8438682556,41.9413833618,-29.1380996704,43.0919494629,33.8254776001,102.470024109,33.5368118286,19.3685569763,15.9133930206,-7.39089536667],[-67.3215332031,-36.2600708008,14.7474212646,8.05487155914,-20.992023468,11.9144439697,-2.93929243088,26.2151374817,33.5368118286,63.2824020386,28.1451454163,6.33198928833,3.66893911362],[142.848373413,29.6291694641,-40.396648407,-26.522726059,27.4618225098,-10.6425008774,9.16501331329,25.3741912842,19.3685569763,28.1451454163,67.0542831421,20.4678993225,12.1201448441],[255.406112671,-69.5643844604,11.0686388016,114.958877563,20.779258728,-35.7231445312,70.1496505737,-11.6883192062,15.9133930206,6.33198928833,20.4678993225,81.3723983765,11.0843830109],[-3.05116438866,33.9948959351,21.3507347107,-7.1563782692,7.57672929764,5.47876691818,-22.5514450073,18.9075679779,-7.39089536667,3.66893911362,12.1201448441,11.0843830109,62.2862052917]],"icov":[[0.000184312797501,-0.000507993448991,0.0012733383337,-0.00112985610031,0.000673236383591,-0.000309709081193,0.000155708228704,-0.000190279606613,0.000385062186979,0.0000174643955688,-0.000196886743652,-0.0000693169495207,-0.000125216509332],[-0.000507993448991,0.0051538310945,-0.00755313318223,0.00633258512244,-0.00401991559193,0.00263849250041,-0.00181045592763,0.00260550272651,-0.00348258391023,0.00334566319361,-0.00316885625944,0.00360237783752,-0.00134537322447],[0.0012733383337,-0.00755313318223,0.0192094575614,-0.0159686096013,0.0101365204901,-0.00715205166489,0.00532446661964,-0.00286564789712,0.00372588727623,-0.00159383704886,0.00141293997876,-0.00200320943259,-0.0014233662514],[-0.00112985610031,0.00633258512244,-0.0159686096013,0.0180458761752,-0.0128471935168,0.00862633716315,-0.00490680010989,-0.00247476389632,0.00488826539367,-0.00703074736521,0.00808231532574,-0.0064591197297,0.00438518635929],[0.000673236383591,-0.00401991559193,0.0101365204901,-0.0128471935168,0.0160045325756,-0.00703579280525,-0.000504218565766,0.00257584219798,-0.00826323218644,0.0122315483168,-0.0116896880791,0.00928511936218,-0.00609489157796],[-0.000309709081193,0.00263849250041,-0.00715205166489,0.00862633716315,-0.00703579280525,0.0105262380093,-0.000499240937643,-0.00480445381254,0.0063263438642,-0.00671438965946,0.00678505003452,-0.00477696070448,0.00387116172351],[0.000155708228704,-0.00181045592763,0.00532446661964,-0.00490680010989,-0.000504218565766,-0.000499240937643,0.00955418031663,0.000240322304307,-0.000164748576935,-0.00181197293568,0.0022917855531,-0.00487950677052,0.00260791764595],[-0.000190279606613,0.00260550272651,-0.00286564789712,-0.00247476389632,0.00257584219798,-0.00480445381254,0.000240322304307,0.0155739206821,-0.013886379078,0.0103660617024,-0.014046497643,0.0123680355027,-0.00699082622305],[0.000385062186979,-0.00348258391023,0.00372588727623,0.00488826539367,-0.00826323218644,0.0063263438642,-0.000164748576935,-0.013886379078,0.0325775817037,-0.0261546373367,0.020115096122,-0.0194244347513,0.0107573438436],[0.0000174643955688,0.00334566319361,-0.00159383704886,-0.00703074736521,0.0122315483168,-0.00671438965946,-0.00181197293568,0.0103660617024,-0.0261546373367,0.0462716594338,-0.0313562490046,0.0207259468734,-0.0102026052773],[-0.000196886743652,-0.00316885625944,0.00141293997876,0.00808231532574,-0.0116896880791,0.00678505003452,0.0022917855531,-0.014046497643,0.020115096122,-0.0313562490046,0.0453989058733,-0.0257426910102,0.00806397385895],[-0.0000693169495207,0.00360237783752,-0.00200320943259,-0.0064591197297,0.00928511936218,-0.00477696070448,-0.00487950677052,0.0123680355027,-0.0194244347513,0.0207259468734,-0.0257426910102,0.0369788184762,-0.0133526306599],[-0.000125216509332,-0.00134537322447,-0.0014233662514,0.00438518635929,-0.00609489157796,0.00387116172351,0.00260791764595,-0.00699082622305,0.0107573438436,-0.0102026052773,0.00806397385895,-0.0133526306599,0.0239265821874]],"mean":[-7.75206899643,110.484710693,-98.6353302002,-4.53621912003,-5.11569786072,-22.2492103577,8.65969371796,-18.4678173065,-6.51541519165,-6.47202634811,0.446748256683,-3.14243102074,-5.55609130859]},"hfc":{"dmean":20.4891548157,"dmean2":32.3701820374,"dvar":561.443664551,"dvar2":1331.60058594,"max":429.869171143,"mean":92.8056182861,"median":89.8953857422,"min":1.07710635249e-16,"var":3294.01025391},"melbands":{"dmean":[0.00298465369269,0.00233493582346,0.000633220246527,0.000569006020669,0.000316189980367,0.000247960939305,0.0001708335476,0.000148395862198,0.0000891379022505,0.0000900922677829,0.0000487431352667,0.0000725521240383,0.0000888090071385,0.0000884100372787,0.0000585454981774,0.0000457461574115,0.0000217192082346,0.0000224540453928,0.0000207777120522,0.0000106372563096,0.00000807418473414,0.00000878868650034,0.0000111158851723,0.0000104851915239,0.00000901925523067,0.0000121641760416,0.00000827905296319,0.00000482507948618,0.00000326750546265,0.00000238929192165,0.00000131780757329,7.71249631271e-7,4.17548847054e-7,1.78777114002e-7,7.78315225602e-8,4.55737243499e-8,3.48445254872e-8,2.90884223375e-8,2.40097843829e-8,2.07449950551e-8],"dmean2":[0.00505273928866,0.00386338168755,0.00103498238605,0.000911722832825,0.000515626219567,0.000404705846449,0.00027954520192,0.000242304609856,0.000148716309923,0.000148073813762,0.0000799191038823,0.00011940071272,0.000146141886944,0.000140750256833,0.0000947101943893,0.0000755429282435,0.0000359271543857,0.000037299192627,0.0000343285973941,0.0000178512564162,0.0000135345162562,0.0000143991446748,0.000018085604097,0.0000167743692145,0.0000141357422763,0.0000190488790395,0.0000123173958855,0.00000729458224669,0.00000493454535899,0.00000353693917532,0.00000196714745471,0.00000114429985842,6.23733797056e-7,2.71499800419e-7,1.21398244346e-7,7.33831981847e-8,5.68747005047e-8,4.77628923079e-8,3.96345747333e-8,3.43768107314e-8],"dvar":[0.0000179307553481,0.0000109522170533,9.26977122617e-7,9.11070117127e-7,3.36974096626e-7,2.70814894066e-7,1.04489174646e-7,8.66935749855e-8,2.74833773517e-8,2.64955613005e-8,8.35055846693e-9,1.42701823691e-8,1.84281958582e-8,1.73325496178e-8,9.05284291974e-9,7.83617526423e-9,1.45124279261e-9,1.45989142997e-9,1.53849488704e-9,3.37027655783e-10,1.59401783439e-10,2.63772254039e-10,5.25945897945e-10,8.23504098246e-10,6.46571796104e-10,1.59863000615e-9,1.3520261577e-9,3.57571638965e-10,2.09113545924e-10,1.17497234164e-10,2.41585623034e-11,5.62960181943e-12,1.74069981519e-12,2.49669561284e-13,2.45544619251e-14,5.26485186827e-15,3.02972165585e-15,2.30663186339e-15,1.55546801093e-15,1.18379567115e-15],"dvar2":[0.000050187769375,0.0000282855726255,0.00000234876324612,0.0000023600748591,7.99391216333e-7,6.50311847039e-7,2.49405047725e-7,2.20074525714e-7,7.33765901373e-8,6.62312018562e-8,2.10180122195e-8,3.42037154155e-8,4.49763959409e-8,4.33280753498e-8,2.30533334644e-8,2.08898818244e-8,3.83251208547e-9,3.77560205322e-9,4.0583305605e-9,9.06013875035e-10,4.26128160536e-10,6.58109289287e-10,1.25227050951e-9,1.95910443423e-9,1.32163990862e-9,3.16208792484e-9,2.96820479306e-9,7.21177506602e-10,4.57763466022e-10,2.6114002627e-10,4.89372674328e-11,1.19924729869e-11,3.48746248893e-12,4.81491040615e-13,5.0048883088e-14,1.21851627163e-14,7.32791750186e-15,5.67363420378e-15,3.84224859841e-15,2.92760188142e-15],"max":[0.0529624223709,0.0388375632465,0.0157106630504,0.0221072193235,0.0118493288755,0.0125311538577,0.00950678158551,0.0110814878717,0.00420828768983,0.00386834377423,0.00203683366999,0.00400716857985,0.00372284883633,0.00263926014304,0.00199364684522,0.0023849173449,0.00105097540654,0.000944713887293,0.00158686283976,0.000585085421335,0.000348942587152,0.000543137721252,0.000737952592317,0.000971133937128,0.000791043334175,0.00192071916535,0.00123399880249,0.000691570807248,0.000530267250724,0.000440607662313,0.000125115475385,0.0000645993131911,0.0000306613110297,0.0000120076429084,0.00000490145976073,0.00000124094697185,7.70637029746e-7,8.82479980646e-7,5.69667690797e-7,5.03434137045e-7],"mean":[0.00442154565826,0.00337004009634,0.0011034894269,0.00100870477036,0.000535605649929,0.000422003766289,0.000303141860059,0.00024628257961,0.000151215062942,0.000155248548253,0.0000842854642542,0.000131243737997,0.000164917932125,0.000173423890374,0.000117206116556,0.0000798601395218,0.0000402473197028,0.0000430816289736,0.0000386787032767,0.0000194226558961,0.0000148083618114,0.0000168584992934,0.0000203478848562,0.000018580160031,0.0000162359447131,0.0000202982064366,0.0000131227197926,0.00000843399629957,0.00000551540097149,0.00000401994293497,0.00000237079711951,0.00000144388752688,7.51349489292e-7,3.1617184959e-7,1.26525847577e-7,6.27043874601e-8,4.27292476957e-8,3.24020774656e-8,2.48098501743e-8,2.05738182046e-8],"median":[0.0031325458549,0.00197608117014,0.00063091609627,0.000457547372207,0.000239881279413,0.000192356033949,0.000164860568475,0.000117376352136,0.000078169759945,0.0000812657672213,0.0000430258114648,0.0000795572195784,0.000111399131129,0.000106725943624,0.0000629995120107,0.0000374474693672,0.0000217107353819,0.0000250841494562,0.0000227016680583,0.0000118511834444,0.00000870833264344,0.0000103844249679,0.0000114350677904,0.00000878831451701,0.00000745839997762,0.00000813555925561,0.00000408202504332,0.00000315179840982,0.00000197225676857,0.00000118544630823,7.62261947784e-7,5.00603164255e-7,2.37901375044e-7,1.11804020264e-7,5.79016301572e-8,3.20252766528e-8,2.1494845015e-8,1.46155691993e-8,9.78553060804e-9,7.58605711582e-9],"min":[1.6928022198e-24,2.40264549195e-24,1.43119582768e-24,2.02484698823e-24,1.51579228508e-24,3.19121649078e-24,1.3328119552e-24,3.96347502939e-24,3.89207246785e-24,3.53501311733e-24,4.05669511699e-24,2.45295785719e-24,3.93459917039e-24,3.81220542879e-24,4.18153274968e-24,2.7403688756e-24,3.32198477975e-24,3.05615147368e-24,4.43248518084e-24,4.12627146554e-24,4.92116005694e-24,3.7315025916e-24,4.20559497944e-24,5.93051784036e-24,5.75793124595e-24,6.81257516736e-24,4.84871698786e-24,4.03211421119e-24,5.32573959953e-24,5.74038895157e-24,6.1785037601e-24,5.51558725941e-24,6.08096584233e-24,5.44496606459e-24,5.33267605347e-24,5.88317869187e-24,6.42117591277e-24,6.15248278871e-24,6.18010357001e-24,7.17204409351e-24],"var":[0.0000229054239753,0.0000161641237355,0.00000204833440876,0.00000210053644878,7.9537505826e-7,6.36572337953e-7,2.45852248781e-7,2.24440739771e-7,5.65220474869e-8,6.54757528196e-8,1.76113008621e-8,3.58289611313e-8,3.95316384072e-8,4.50990178535e-8,2.69684719001e-8,1.61942850241e-8,3.26319016253e-9,3.48783735227e-9,3.30995786335e-9,6.22534135353e-10,3.33268967978e-10,6.05314021129e-10,1.22962362514e-9,1.77598380446e-9,1.45497003334e-9,2.99484370636e-9,2.41529773959e-9,7.36978367222e-10,3.51067647175e-10,1.98658936523e-10,5.21873481929e-11,1.40838625484e-11,4.90872576961e-12,7.01513229017e-13,6.25504287038e-14,8.79433820959e-15,3.96228206089e-15,2.67427402041e-15,1.71460824342e-15,1.27339979263e-15]},"melbands_crest":{"dmean":3.86103868484,"dmean2":6.41000509262,"dvar":10.6303977966,"dvar2":29.1028270721,"max":35.7658958435,"mean":15.5624322891,"median":15.3058662415,"min":1.0016644001,"var":32.0574569702},"melbands_flatness_db":{"dmean":0.0336519703269,"dmean2":0.0544822067022,"dvar":0.000816193583887,"dvar2":0.00211988482624,"max":0.580830037594,"mean":0.261188000441,"median":0.256132215261,"min":-5.43603277947e-7,"var":0.0038526293356},"melbands_kurtosis":{"dmean":7.64105558395,"dmean2":12.6828136444,"dvar":228.814453125,"dvar2":627.176269531,"max":405.287017822,"mean":13.6098232269,"median":6.90799331665,"min":-1.79726088047,"var":509.914916992},"melbands_skewness":{"dmean":0.792232871056,"dmean2":1.27480554581,"dvar":0.667160570621,"dvar2":1.76762270927,"max":16.3290157318,"mean":2.62999129295,"median":2.38823270798,"min":-2.1028842926,"var":3.03042650223},"melbands_spread":{"dmean":5.69788503647,"dmean2":9.00465774536,"dvar":59.6541786194,"dvar2":125.477104187,"max":162.459411621,"mean":18.2635269165,"median":15.241765976,"min":0.367956846952,"var":236.337692261},"mfcc":{"cov":[[8696.94433594,37.3099746704,-1009.4574585,1699.39599609,-299.999023438,200.444519043,364.194824219,286.847747803,-15.7035121918,15.0635681152,2.20826125145,-26.4359092712,82.4557952881],[37.3099746704,1035.56359863,-122.616256714,-329.598999023,25.1405677795,-67.0361328125,-46.7034912109,-89.6403656006,-33.9704551697,-25.2223548889,0.664621114731,2.57940673828,-1.11443722248],[-1009.4574585,-122.616256714,641.545288086,-55.2151451111,120.636276245,-7.4441242218,-7.87990045547,-26.9709339142,3.0673584938,-8.0786485672,-17.9742298126,-29.2145557404,-40.5774383545],[1699.39599609,-329.598999023,-55.2151451111,1090.52539062,-30.8415794373,140.999450684,162.380889893,161.693206787,49.984703064,21.0814113617,14.0612382889,-45.9505844116,12.4457769394],[-299.999023438,25.1405677795,120.636276245,-30.8415794373,242.122573853,-19.4419059753,36.8684539795,22.2309894562,30.1598377228,24.8295154572,11.6001195908,6.76421356201,-6.58409786224],[200.444519043,-67.0361328125,-7.4441242218,140.999450684,-19.4419059753,149.740570068,48.9530601501,40.2277908325,5.88824605942,-9.19466018677,-5.24996376038,-10.0216226578,-7.56672000885],[364.194824219,-46.7034912109,-7.87990045547,162.380889893,36.8684539795,48.9530601501,129.962509155,55.1370620728,19.1486549377,9.16746330261,-0.321326196194,-4.60694932938,4.66723155975],[286.847747803,-89.6403656006,-26.9709339142,161.693206787,22.2309894562,40.2277908325,55.1370620728,116.198387146,37.8978881836,13.2537879944,16.2344512939,9.92027378082,4.2262635231],[-15.7035121918,-33.9704551697,3.0673584938,49.984703064,30.1598377228,5.88824605942,19.1486549377,37.8978881836,72.9878387451,28.3322525024,11.4320230484,9.97141456604,3.13327646255],[15.0635681152,-25.2223548889,-8.0786485672,21.0814113617,24.8295154572,-9.19466018677,9.16746330261,13.2537879944,28.3322525024,67.9759902954,29.7502498627,10.0636539459,10.4338760376],[2.20826125145,0.664621114731,-17.9742298126,14.0612382889,11.6001195908,-5.24996376038,-0.321326196194,16.2344512939,11.4320230484,29.7502498627,66.5129928589,26.8809356689,7.44684362411],[-26.4359092712,2.57940673828,-29.2145557404,-45.9505844116,6.76421356201,-10.0216226578,-4.60694932938,9.92027378082,9.97141456604,10.0636539459,26.8809356689,68.627204895,28.6228466034],[82.4557952881,-1.11443722248,-40.5774383545,12.4457769394,-6.58409786224,-7.56672000885,4.66723155975,4.2262635231,3.13327646255,10.4338760376,7.44684362411,28.6228466034,58.0691566467]],"icov":[[0.00023862447415,-0.000101968558738,0.00028648445732,-0.000353624403942,0.000157447298989,0.000125978054712,-0.000325061235344,-0.000150527936057,0.000365015614079,-0.000151447180542,0.000226515083341,-0.000163073113072,0.0000653841852909],[-0.000101968558738,0.00122140499298,0.000222759772441,0.000436691712821,-0.000392066751374,0.000103694954305,-0.0000464981239929,0.000736193323974,-0.000207083590794,0.000677626347169,-0.000581508502364,0.000449935934739,-0.000108274995],[0.00028648445732,0.000222759772441,0.0022992126178,-0.00037161851651,-0.000931996270083,0.0000525720279256,-0.000185183787835,0.000549873686396,0.000248875556281,0.000224788615014,0.000378454773454,0.000228029981372,0.000945056555793],[-0.000353624403942,0.000436691712821,-0.00037161851651,0.00204518344253,0.000115730523248,-0.000708895444404,-0.000584563007578,-0.000991509645246,-0.000770309590735,0.000343666150002,-0.00105472747236,0.00193342135753,-0.000985537888482],[0.000157447298989,-0.000392066751374,-0.000931996270083,0.000115730523248,0.00565757695585,0.00113206577953,-0.00219722022302,-0.00101570179686,-0.000926006643567,-0.00138383067679,0.0000031763311199,-0.000604490982369,0.000728521379642],[0.000125978054712,0.000103694954305,0.0000525720279256,-0.000708895444404,0.00113206577953,0.00877455342561,-0.00255783158354,-0.00160336168483,0.000328411057126,0.00118803826626,0.000333807169227,-0.000108201413241,0.00138511997648],[-0.000325061235344,-0.0000464981239929,-0.000185183787835,-0.000584563007578,-0.00219722022302,-0.00255783158354,0.0123494742438,-0.003077164758,-0.000133756388095,-0.000837009458337,0.00134926801547,0.000649970548693,-0.0012302758405],[-0.000150527936057,0.000736193323974,0.000549873686396,-0.000991509645246,-0.00101570179686,-0.00160336168483,-0.003077164758,0.0154283540323,-0.00581968855113,0.00194396590814,-0.00258419523016,-0.00186378404032,0.00083977956092],[0.000365015614079,-0.000207083590794,0.000248875556281,-0.000770309590735,-0.000926006643567,0.000328411057126,-0.000133756388095,-0.00581968855113,0.0205991286784,-0.00800368469208,0.00285600288771,-0.00288283918053,0.00157017656602],[-0.000151447180542,0.000677626347169,0.000224788615014,0.000343666150002,-0.00138383067679,0.00118803826626,-0.000837009458337,0.00194396590814,-0.00800368469208,0.0231756418943,-0.010165062733,0.00361972674727,-0.00397779420018],[0.000226515083341,-0.000581508502364,0.000378454773454,-0.00105472747236,0.0000031763311199,0.000333807169227,0.00134926801547,-0.00258419523016,0.00285600288771,-0.010165062733,0.023546282202,-0.00959961488843,0.00366570078768],[-0.000163073113072,0.000449935934739,0.000228029981372,0.00193342135753,-0.000604490982369,-0.000108201413241,0.000649970548693,-0.00186378404032,-0.00288283918053,0.00361972674727,-0.00959961488843,0.0246560331434,-0.0114310570061],[0.0000653841852909,-0.000108274995,0.000945056555793,-0.000985537888482,0.000728521379642,0.00138511997648,-0.0012302758405,0.00083977956092,0.00157017656602,-0.00397779420018,0.00366570078768,-0.0114310570061,0.0240927841514]],"mean":[-668.502502441,174.434616089,-29.5459957123,35.2776451111,-4.34914827347,15.3135280609,10.7555780411,4.53812026978,-0.985974431038,-0.527020812035,3.91960525513,2.43616223335,3.50460886955]},"pitch_salience":{"dmean":0.0837060511112,"dmean2":0.139664947987,"dvar":0.00512774055824,"dvar2":0.0139219081029,"max":0.99607616663,"mean":0.556370139122,"median":0.569365441799,"min":0.0846236199141,"var":0.0142080243677},"silence_rate_20dB":{"dmean":0,"dmean2":0,"dvar":0,"dvar2":0,"max":1,"mean":1,"median":1,"min":1,"var":0},"silence_rate_30dB":{"dmean":0.025891887024,"dmean2":0.051788892597,"dvar":0.0252221077681,"dvar2":0.063539288938,"max":1,"mean":0.980434775352,"median":1,"min":0,"var":0.0191816277802},"silence_rate_60dB":{"dmean":0.00118588795885,"dmean2":0.00237201037817,"dvar":0.00118449539877,"dvar2":0.00335477665067,"max":1,"mean":0.0890316218138,"median":0,"min":0,"var":0.0811114609241},"spectral_centroid":{"dmean":210.286102295,"dmean2":318.212921143,"dvar":71562,"dvar2":122931.882812,"max":11298.3837891,"mean":1194.02111816,"median":1062.00952148,"min":149.853134155,"var":612062.9375},"spectral_complexity":{"dmean":3.80472373962,"dmean2":5.78296089172,"dvar":15.43176651,"dvar2":29.1884117126,"max":63,"mean":23.3604736328,"median":24,"min":0,"var":145.661499023},"spectral_contrast_coeffs":{"dmean":[0.0525260828435,0.0477826856077,0.036460686475,0.0267024338245,0.0232107844204,0.0421440266073],"dmean2":[0.087309345603,0.0804984718561,0.0610877759755,0.0447937659919,0.0382213145494,0.06641086936],"dvar":[0.00166626577266,0.0013798015425,0.000804760958999,0.000438568240497,0.000407642626669,0.00135685666464],"dvar2":[0.00450498005375,0.00388634507544,0.00225330330431,0.00122700422071,0.00100571592338,0.00325124524534],"max":[-0.331272065639,-0.497578918934,-0.567273139954,-0.581166625023,-0.625725388527,-0.448715686798],"mean":[-0.678042650223,-0.76992636919,-0.794310867786,-0.808323860168,-0.807143032551,-0.732240974903],"median":[-0.682289361954,-0.774574220181,-0.793939530849,-0.809503436089,-0.804125070572,-0.730734169483],"min":[-0.972393453121,-0.997166156769,-0.998147428036,-0.9887586236,-0.989328503609,-0.963547110558],"var":[0.00615100050345,0.00373947038315,0.00242427038029,0.00175547937397,0.00174220488407,0.00743918120861]},"spectral_contrast_valleys":{"dmean":[0.396997094154,0.350752234459,0.29905295372,0.268621683121,0.283531874418,0.65636330843],"dmean2":[0.65768891573,0.580292761326,0.494500011206,0.430834323168,0.429559707642,1.03795695305],"dvar":[0.107425034046,0.0903855040669,0.0788359493017,0.0760287567973,0.109007798135,0.283462911844],"dvar2":[0.2690102458,0.22020611167,0.178640827537,0.16029573977,0.225529238582,0.733783900738],"max":[-5.1371679306,-4.53106594086,-5.17997217178,-5.25151252747,-5.29828453064,-9.02714443207],"mean":[-6.87850093842,-6.47123622894,-6.81288909912,-7.32038450241,-7.59420394897,-11.3452720642],"median":[-6.48756885529,-6.2543797493,-6.54649972916,-7.04947042465,-7.17001342773,-11.2030620575],"min":[-28.1665115356,-28.178855896,-27.862154007,-27.5136356354,-27.5183124542,-27.4142875671],"var":[2.5381705761,1.9809037447,1.99160158634,2.00119352341,2.58317089081,1.64174616337]},"spectral_decrease":{"dmean":3.90110344028e-9,"dmean2":6.35744834554e-9,"dvar":2.26048162399e-17,"dvar2":6.0532977965e-17,"max":2.15938638498e-12,"mean":-9.48660794364e-9,"median":-8.52398418516e-9,"min":-6.47414850619e-8,"var":4.63954091227e-17},"spectral_energy":{"dmean":0.0153033966199,"dmean2":0.0248306747526,"dvar":0.000344163534464,"dvar2":0.000915570999496,"max":0.267112880945,"mean":0.0442223772407,"median":0.0413361303508,"min":1.0058448394e-20,"var":0.000828252639621},"spectral_energyband_high":{"dmean":0.000327883899445,"dmean2":0.000468814192573,"dvar":8.59454473812e-7,"dvar2":0.00000152073562276,"max":0.0255732368678,"mean":0.000895221834071,"median":0.000565162627026,"min":7.23593446834e-21,"var":0.0000026016175525},"spectral_energyband_low":{"dmean":0.0129618644714,"dmean2":0.0215392746031,"dvar":0.000301521184156,"dvar2":0.000816660409328,"max":0.235622048378,"mean":0.0218033511192,"median":0.0163884218782,"min":2.14838883799e-23,"var":0.000453896733234},"spectral_energyband_middle_high":{"dmean":0.00186949176714,"dmean2":0.00287092640065,"dvar":0.00000654106861475,"dvar2":0.0000142590943142,"max":0.0688208714128,"mean":0.00658363150433,"median":0.00511176325381,"min":1.1172739237e-21,"var":0.0000366775602743},"spectral_energyband_middle_low":{"dmean":0.0044052680023,"dmean2":0.00701942667365,"dvar":0.0000329711911036,"dvar2":0.000082311751612,"max":0.0897943004966,"mean":0.012076173909,"median":0.00909190718085,"min":1.4875779806e-22,"var":0.000118417621707},"spectral_entropy":{"dmean":0.143237292767,"dmean2":0.224209666252,"dvar":0.0239600613713,"dvar2":0.0566285289824,"max":9.81733512878,"mean":7.44104671478,"median":7.54375839233,"min":5.47320795059,"var":0.152491778135},"spectral_flux":{"dmean":0.0261514782906,"dmean2":0.0426336601377,"dvar":0.000792810809799,"dvar2":0.00186789245345,"max":0.412611812353,"mean":0.108101539314,"median":0.107293121517,"min":6.42154732167e-11,"var":0.00261799921282},"spectral_kurtosis":{"dmean":5.37013149261,"dmean2":8.51640605927,"dvar":96.9946289062,"dvar2":241.93397522,"max":144.204269409,"mean":22.0114822388,"median":17.5808677673,"min":-1.27323162556,"var":286.474365234},"spectral_rms":{"dmean":0.00104859634303,"dmean2":0.00167327770032,"dvar":0.00000117397905797,"dvar2":0.00000307396658172,"max":0.0161430463195,"mean":0.00611589243636,"median":0.00635042786598,"min":3.13259010745e-12,"var":0.00000573951456317},"spectral_rolloff":{"dmean":2858.34204102,"dmean2":5397.70068359,"dvar":34463400,"dvar2":89876944,"max":22028.4667969,"mean":3806.171875,"median":1378.125,"min":43.06640625,"var":39173556},"spectral_skewness":{"dmean":0.346047610044,"dmean2":0.536471605301,"dvar":0.258221060038,"dvar2":0.628959655762,"max":9.13868331909,"mean":2.96460485458,"median":2.67245340347,"min":-0.0368535295129,"var":1.36877274513},"spectral_spread":{"dmean":392740.6875,"dmean2":628032.5625,"dvar":306167644160,"dvar2":638102601728,"max":41996324,"mean":3527110,"median":3418965.5,"min":1097929.125,"var":3881092513790},"spectral_strongpeak":{"dmean":0.426200717688,"dmean2":0.75556910038,"dvar":4.84840536118,"dvar2":14.4456348419,"max":89.9184112549,"mean":0.557471573353,"median":0.333585500717,"min":0,"var":2.70434570312},"zerocrossingrate":{"dmean":0.0273696631193,"dmean2":0.0359381847084,"dvar":0.00054343015654,"dvar2":0.000972436682787,"max":0.5185546875,"mean":0.182821378112,"median":0.177734375,"min":0.015625,"var":0.00321538490243}},"metadata":{"audio_properties":{"analysis_sample_rate":44100,"bit_rate":282653,"codec":"mp3","downmix":"mix","equal_loudness":0,"length":234.946365356,"lossless":false,"md5_encoded":"1f053ab1365ef8e964d6850ed33b3322","replay_gain":-10.2626056671,"sample_rate":44100},"tags":{"acoustid_id":["e0bf7108-16c3-40b2-a864-1b11c999a113"],"album":["Suck It and See"],"albumartist":["Arctic Monkeys"],"albumartistsort":["Arctic Monkeys"],"artist":["Arctic Monkeys"],"artistsort":["Arctic Monkeys"],"asin":["B004SGYIEG"],"barcode":["5034202025825"],"catalognumber":["WIGCD258"],"composer":["Arctic Monkeys"],"contentgroup":["Indie"],"date":["2011-06-06"],"discnumber":["1/1"],"file_name":"01 She’s Thunderstorms.mp3","genre":["Indie; Indie Rock; Alternative; Alternative Rock"],"isrc":["GBCEL1100192"],"label":["Domino"],"language":["eng"],"lyricist":["Alex Turner"],"media":["CD"],"mood":["Sexy; Energetic"],"musicbrainz album release country":["GB"],"musicbrainz album status":["official"],"musicbrainz album type":["album"],"musicbrainz_albumartistid":["ada7a83c-e3e1-40f1-93f9-3e73dbc9298a"],"musicbrainz_albumid":["3db118d9-3a44-4e7a-b86b-fed4aefa550c"],"musicbrainz_artistid":["ada7a83c-e3e1-40f1-93f9-3e73dbc9298a"],"musicbrainz_recordingid":["c28954bf-a222-45f0-8dd5-bc0b922edeab"],"musicbrainz_releasegroupid":["ffdc0fd3-e726-4e98-af19-d3274ede2311"],"musicbrainz_workid":["f0b96568-71b0-404e-95a6-49cd00aa5b35"],"originaldate":["2011-06-06"],"originalyear":["2011"],"script":["Latn"],"title":["She’s Thunderstorms"],"tracknumber":["1/12"]},"version":{"essentia":"2.1-beta1","essentia_build_sha":"ca57ba49d9b1854bd80e60cf9ccf267278fb7d6b","essentia_git_sha":"v2.1_beta1-28-g21ef5f4-dirty","extractor":"music 1.0"}},"rhythm":{"beats_count":470,"beats_loudness":{"dmean":0.0213358215988,"dmean2":0.0381021611392,"dvar":0.000357398792403,"dvar2":0.0010282342555,"max":0.140327379107,"mean":0.0497688762844,"median":0.0494345426559,"min":3.43836248362e-9,"var":0.000807654985692},"beats_loudness_band_ratio":{"dmean