{"lowlevel":{"average_loudness":0.934599816799,"barkbands":{"dmean":[0.000115537819511,0.00563960568979,0.00247641047463,0.00167918868829,0.000781734881457,0.000523074821103,0.000743910786696,0.000371437112335,0.000545092334505,0.000677701900713,0.00062011834234,0.000516925007105,0.000836094957776,0.00046623829985,0.000649241206702,0.000546189548913,0.000393242400605,0.000264950882411,0.000357751530828,0.000212416547583,0.000178321337444,0.000155958958203,0.0000981918055913,0.0000924244814087,0.0000837388361106,0.0000485403397761,0.00000336708012583],"dmean2":[0.000196540626348,0.00976363569498,0.00412475503981,0.00271879788488,0.00128743180539,0.000855724909343,0.00121239759028,0.000612796226051,0.000880176492501,0.00105129973963,0.000962515012361,0.000806973257568,0.00128283840604,0.000727377599105,0.00102620455436,0.000904977379832,0.00065686146263,0.000442019139882,0.000592874304857,0.000353108916897,0.000298285332974,0.000256267434452,0.000157201400725,0.000145908226841,0.000128076586407,0.0000690658998792,0.00000542834231965],"dvar":[8.93216665077e-8,0.000215343068703,0.0000173638745764,0.000012094406884,0.00000185930025509,0.00000117964532365,0.00000351369840246,0.00000158469185862,0.00000221917844101,0.00000425253074354,0.00000256842236013,0.00000166039603755,0.00000438164943262,0.00000215270347326,0.00000149131540184,7.83256666637e-7,3.62457484471e-7,1.81151051493e-7,3.08934232862e-7,1.64616920983e-7,9.09144475258e-8,7.46473887148e-8,4.84197961725e-8,4.56580302455e-8,2.9529408252e-8,7.6464967691e-9,4.81599066182e-11],"dvar2":[2.34025392842e-7,0.000601712265052,0.0000464874829049,0.0000297795177175,0.0000045698861868,0.00000285118426291,0.00000905791694095,0.00000410896882386,0.00000545507873539,0.00000928606914385,0.0000058918326431,0.00000382867574444,0.0000103394004327,0.00000488309160573,0.00000341625559486,0.00000205305468626,9.52967241119e-7,4.44370840569e-7,7.63707532769e-7,4.22468446004e-7,2.40061183376e-7,1.85464188007e-7,1.21346531046e-7,1.14168429377e-7,6.81772576172e-8,1.41447786817e-8,1.20297966033e-10],"max":[0.00411031395197,0.139807254076,0.0607346259058,0.0864027738571,0.0639707148075,0.0339441224933,0.0434149950743,0.0488907024264,0.0455787852407,0.0801740214229,0.0449240654707,0.0453105978668,0.040595062077,0.0544555597007,0.0344462320209,0.0170309357345,0.0146487951279,0.0141161018983,0.0175352673978,0.0143107110634,0.00681527331471,0.0070245526731,0.0135565493256,0.00779624516144,0.00443649571389,0.00381042389199,0.000202247203561],"mean":[0.000120600794617,0.00619733612984,0.00341238453984,0.00261211697944,0.00141580181662,0.00085541466251,0.00103197561111,0.00047018303303,0.00084518204676,0.00103292556014,0.00114260113332,0.000828698393889,0.00144909368828,0.000764909258578,0.0011312199058,0.000931808608584,0.000729649153072,0.000537063577212,0.000803967472166,0.000439517752966,0.000424030266004,0.000364623701898,0.000217322463868,0.00018805952277,0.000185618293472,0.000108797088615,0.00000399984992328],"median":[0.0000316738514812,0.00318252993748,0.00181831023656,0.00111228972673,0.00099605624564,0.000451418396551,0.000438163697254,0.00018143383204,0.000345136737451,0.000238207008806,0.000301372318063,0.000345670327079,0.000447199679911,0.000190861217561,0.000566584523767,0.000612178468145,0.000513177015819,0.000403185142204,0.00060179119464,0.000340172933647,0.00037264614366,0.000305037247017,0.000166945828823,0.000144060177263,0.000141618540511,0.0000671185262036,0.00000126151439872],"min":[3.83890560942e-24,3.89899630001e-24,4.57164458326e-24,3.84126430353e-24,1.54214733906e-23,1.51236878652e-23,7.00316948408e-24,9.64698237653e-24,3.98317801379e-23,1.24556774534e-23,2.32271700062e-23,5.8474062164e-23,4.21347711983e-23,5.10006684715e-23,5.82390825885e-23,9.45589202407e-23,1.17185300092e-22,1.82547613639e-22,1.98468530646e-22,1.94636168638e-22,3.2072862974e-22,4.1879037639e-22,4.67505528647e-22,7.3308977713e-22,1.04610741143e-21,1.5363518746e-21,2.11937728544e-21],"var":[8.94873437574e-8,0.000168446204043,0.0000218250697799,0.0000290900388791,0.00000345905868926,0.00000194340327653,0.00000394307789975,0.00000161896809914,0.0000044092043936,0.00000828204156278,0.0000101280120361,0.00000313807436214,0.000010976304111,0.00000492450863021,0.00000362842774848,0.00000131893716571,6.93900233273e-7,3.65382419432e-7,8.2510109678e-7,2.55221095813e-7,1.46294141246e-7,1.37199677397e-7,7.7607943183e-8,5.73974929807e-8,5.87355231119e-8,2.42743638523e-8,5.47801803918e-11]},"barkbands_crest":{"dmean":2.61962580681,"dmean2":4.31856012344,"dvar":6.84675168991,"dvar2":17.5534801483,"max":26.5936756134,"mean":8.27991104126,"median":7.22956895828,"min":1.91835868359,"var":15.6094894409},"barkbands_flatness_db":{"dmean":0.018915887922,"dmean2":0.0293104778975,"dvar":0.000340877624694,"dvar2":0.000802667054813,"max":0.43349802494,"mean":0.0924310088158,"median":0.0805926471949,"min":0.017631907016,"var":0.00217384379357},"barkbands_kurtosis":{"dmean":1.72416055202,"dmean2":2.7425775528,"dvar":24.7472286224,"dvar2":52.6631507874,"max":216.618927002,"mean":1.38251435757,"median":-0.445349991322,"min":-1.85252344608,"var":64.5147171021},"barkbands_skewness":{"dmean":0.490114629269,"dmean2":0.759764909744,"dvar":0.279496699572,"dvar2":0.629527509212,"max":14.2545661926,"mean":0.867309391499,"median":0.668696939945,"min":-2.04202795029,"var":1.20328092575},"barkbands_spread":{"dmean":6.55609226227,"dmean2":10.4962501526,"dvar":38.7918052673,"dvar2":96.1452865601,"max":103.121643066,"mean":35.7910003662,"median":37.1512794495,"min":0.368396013975,"var":203.891540527},"dissonance":{"dmean":0.0121376235038,"dmean2":0.0207609720528,"dvar":0.000171003601281,"dvar2":0.000469687831355,"max":0.5,"mean":0.480853319168,"median":0.485352933407,"min":0.293612450361,"var":0.000268762756605},"dynamic_complexity":4.13748121262,"erbbands":{"dmean":[0.13687723875,1.36109340191,2.74690485001,4.42682170868,3.64247965813,2.88896107674,3.47086453438,4.41877985001,9.80763816833,9.66273212433,7.98661375046,12.7768306732,15.8631286621,22.9951725006,19.6630821228,24.1750926971,37.6084442139,25.5108909607,25.0543212891,29.3828620911,31.8988552094,19.2450962067,14.7087030411,15.2345600128,16.9315738678,10.6478099823,6.3928771019,7.67252826691,6.0549993515,4.11870908737,2.73054361343,1.72435736656,1.74126243591,1.03097689152,0.619080245495,0.261880010366,0.0831009596586,0.0143442675471,0.000296737533063,0.000019466102458],"dmean2":[0.232120215893,2.37199401855,4.62216281891,7.24432659149,5.89424848557,4.75136899948,5.59950447083,7.23707914352,15.9714517593,15.8162097931,12.8041467667,20.590877533,24.6519565582,35.5764427185,30.6188411713,37.1368179321,57.5064544678,39.1313056946,39.1495742798,46.6839942932,52.9300575256,31.8976249695,24.5734634399,25.4328231812,27.9093284607,17.6200580597,10.6523742676,12.8105077744,10.0142669678,6.70624637604,4.36021280289,2.72011017799,2.7922039032,1.63437306881,0.936433017254,0.379939109087,0.120489351451,0.0211111176759,0.00043777358951,0.0000295794234262],"dvar":[0.128716960549,12.2500925064,26.6180362701,56.0191040039,36.3896789551,42.4279823303,41.9308242798,111.269889832,572.477172852,686.721496582,639.824890137,1258.81152344,2307.55078125,4480.77539063,2135.83935547,3143.06176758,9706.71289063,6687.33496094,3409.94287109,2626.06298828,2684.50170898,755.424743652,496.324737549,614.536315918,925.357849121,365.390625,109.38507843,158.631958008,117.719558716,55.3307418823,41.4959869385,14.0372638702,17.5142745972,5.33219909668,1.55721318722,0.263569951057,0.021068379283,0.000616973207798,2.81879721342e-7,1.02256703105e-9],"dvar2":[0.341784864664,34.8039474487,72.8937454224,145.833190918,83.7807998657,106.951385498,95.9967041016,271.726379395,1454.38378906,1808.26794434,1503.88977051,3088.08789063,5068.40380859,9975.37695313,5002.15869141,7107.11328125,23123.2070313,15473.1650391,7665.28125,6175.37548828,7224.23339844,1927.45678711,1245.65942383,1536.38793945,2190.41894531,911.87097168,285.362365723,413.869781494,293.266265869,132.185531616,107.939025879,34.8849601746,43.9094657898,13.1378717422,3.49138426781,0.496129244566,0.0412943512201,0.0013375391718,6.21123376732e-7,2.47303244549e-9],"max":[3.62908220291,34.4039001465,61.9075546265,199.350830078,149.789550781,347.561553955,202.643295288,418.030090332,636.000854492,684.624084473,1064.05810547,1146.56860352,1740.65087891,2842.11767578,1186.38317871,1770.11437988,2215.35571289,3167.67749023,1821.94775391,1418.88305664,1169.48181152,815.775817871,584.600280762,822.679138184,1113.52526855,580.73828125,245.879364014,316.570556641,294.684844971,245.631744385,441.299957275,185.458496094,131.848114014,63.772190094,36.6041374207,24.6433086395,6.03817987442,0.571201860905,0.0137044116855,0.000514946354087],"mean":[0.150117754936,1.48955392838,3.76646709442,6.95647716522,6.24018669128,4.84404277802,5.8505859375,7.09073448181,13.3666143417,13.6172628403,11.5494785309,19.8847332001,25.1898612976,40.4608192444,38.5337409973,43.6553192139,68.0373458862,46.7594146729,47.0565567017,53.894985199,58.4308013916,40.1141853333,31.3553447723,34.4958839417,36.6630859375,22.4634399414,14.7925348282,17.9150466919,13.8846292496,9.05075073242,5.94228315353,3.86153721809,3.28137946129,2.1005833149,1.31778919697,0.571912527084,0.180719614029,0.0275350064039,0.000576633843593,0.0000569245930819],"median":[0.0526421964169,0.814081549644,2.21530151367,4.02160835266,3.72200536728,2.96694254875,3.10918450356,3.67163133621,5.56877326965,5.30140972137,5.22913694382,8.1977481842,7.56507968903,11.6008262634,14.7116069794,20.5425567627,22.4446563721,12.6625394821,21.1208457947,30.2597236633,40.4107208252,30.3119163513,25.1338691711,25.6616191864,27.9143676758,17.215883255,12.9486865997,15.5950078964,11.4836387634,7.10579967499,4.52258777618,3.06948280334,2.41329193115,1.58771836758,0.933718502522,0.359383642673,0.110448941588,0.0146757215261,0.000321829051245,0.0000496443099109],"min":[1.39763231263e-22,1.29172360878e-21,8.83016434811e-21,7.66520081657e-21,1.85999994097e-20,3.58963815611e-20,8.00774293214e-20,7.25043904807e-20,8.76179948607e-20,2.18969080406e-19,6.13358715207e-19,8.24564136878e-19,6.7234532658e-19,7.87965530676e-19,1.01914989738e-18,3.24766432009e-18,2.25893533391e-18,2.90017029425e-18,3.6190653132e-18,3.3978430962e-18,6.05111486686e-18,6.52628173871e-18,1.0700399305e-17,1.10471153675e-17,7.3054912524e-18,1.06522797272e-17,1.04575564479e-17,1.4041147707e-17,1.29330474594e-17,1.41559653391e-17,1.31335097178e-17,1.37836711977e-17,1.42991916622e-17,1.08985851623e-17,7.70223437114e-18,5.16298427805e-18,2.74298674592e-18,9.67516766556e-19,2.70447580154e-19,2.82405115681e-20],"var":[0.113329127431,9.1983757019,27.6115837097,118.928199768,94.428314209,66.4920043945,89.0538482666,159.266357422,655.076293945,784.110046387,887.198791504,2575.30664063,4742.09375,9621.82421875,7972.30078125,6659.14550781,24646.34375,16210.7792969,9142.1796875,6183.80859375,4593.38378906,1707.57177734,1002.74395752,1652.51782227,1930.87878418,672.414978027,174.662612915,268.396850586,205.951858521,110.957397461,57.465511322,21.1808834076,20.4726543427,7.99378681183,3.3014934063,0.764939367771,0.0644913315773,0.00136042723898,5.72380145059e-7,1.95134619574e-9]},"erbbands_crest":{"dmean":2.68290901184,"dmean2":4.35373353958,"dvar":6.23846626282,"dvar2":14.9887237549,"max":30.9302654266,"mean":8.50034236908,"median":7.27828645706,"min":2.20136809349,"var":19.7270793915},"erbbands_flatness_db":{"dmean":0.0155766876414,"dmean2":0.0229767672718,"dvar":0.000204917610972,"dvar2":0.000420182652306,"max":0.348177909851,"mean":0.135590046644,"median":0.128103762865,"min":0.0343763791025,"var":0.00207888358273},"erbbands_kurtosis":{"dmean":0.836685359478,"dmean2":1.33159101009,"dvar":1.44499516487,"dvar2":3.69523906708,"max":44.112121582,"mean":0.74118834734,"median":0.331224024296,"min":-1.79172408581,"var":3.44967722893},"erbbands_skewness":{"dmean":0.309173762798,"dmean2":0.478771239519,"dvar":0.0803914666176,"dvar2":0.182882517576,"max":5.92274856567,"mean":-0.0924454554915,"median":-0.23199634254,"min":-2.37632060051,"var":0.511227309704},"erbbands_spread":{"dmean":7.28687286377,"dmean2":11.165178299,"dvar":50.6754188538,"dvar2":108.831207275,"max":152.032974243,"mean":36.0418434143,"median":33.1704216003,"min":4.49793481827,"var":272.575408936},"gfcc":{"cov":[[22519.0605469,-2447.40991211,385.788360596,821.703125,-76.9010848999,1233.97998047,-49.35521698,428.482330322,-751.047058105,626.736328125,-574.495300293,236.762573242,-33.7751693726],[-2447.40991211,1225.49389648,-271.25012207,-253.413131714,-46.8059005737,-353.355316162,5.18294429779,-115.880302429,164.249191284,-189.386901855,143.616851807,-99.981552124,-12.9262962341],[385.788360596,-271.25012207,596.74798584,39.6341629028,-6.38864564896,50.1979446411,-26.8021278381,55.9487724304,-39.8492050171,29.912979126,-63.2528648376,41.1856269836,-47.8459739685],[821.703125,-253.413131714,39.6341629028,409.257354736,89.1433792114,143.922805786,47.8213424683,10.2340288162,-16.9200344086,42.4990272522,-52.3995819092,7.8263297081,66.1625595093],[-76.9010848999,-46.8059005737,-6.38864564896,89.1433792114,172.698410034,87.1024246216,38.2496795654,-3.31911087036,-13.1932239532,5.39461755753,-2.95335793495,-5.05312633514,11.0522994995],[1233.97998047,-353.355316162,50.1979446411,143.922805786,87.1024246216,259.1690979,56.2217521667,40.163848877,-87.8731842041,53.1515960693,-37.5937004089,17.2124023438,17.8082790375],[-49.35521698,5.18294429779,-26.8021278381,47.8213424683,38.2496795654,56.2217521667,112.697921753,25.7202415466,-6.9853887558,-9.74994277954,0.937693476677,0.423272371292,17.3277683258],[428.482330322,-115.880302429,55.9487724304,10.2340288162,-3.31911087036,40.163848877,25.7202415466,90.7870559692,8.34579944611,22.0059642792,-23.7509613037,10.433678627,-2.1986553669],[-751.047058105,164.249191284,-39.8492050171,-16.9200344086,-13.1932239532,-87.8731842041,-6.9853887558,8.34579944611,125.987815857,-3.65589952469,27.9681911469,-16.9439067841,0.678147673607],[626.736328125,-189.386901855,29.912979126,42.4990272522,5.39461755753,53.1515960693,-9.74994277954,22.0059642792,-3.65589952469,103.969032288,-4.26559066772,16.6833190918,-3.58539962769],[-574.495300293,143.616851807,-63.2528648376,-52.3995819092,-2.95335793495,-37.5937004089,0.937693476677,-23.7509613037,27.9681911469,-4.26559066772,98.1138763428,11.1783418655,-6.22864961624],[236.762573242,-99.981552124,41.1856269836,7.8263297081,-5.05312633514,17.2124023438,0.423272371292,10.433678627,-16.9439067841,16.6833190918,11.1783418655,67.785484314,16.2450027466],[-33.7751693726,-12.9262962341,-47.8459739685,66.1625595093,11.0522994995,17.8082790375,17.3277683258,-2.1986553669,0.678147673607,-3.58539962769,-6.22864961624,16.2450027466,68.288269043]],"icov":[[0.000116639166663,-0.00020892865723,0.000137933995575,-0.000205505406484,0.000288865441689,-0.0004800586903,0.000336869998137,-0.000439920608187,0.000507095945068,-0.000545122602489,0.000600337574724,-0.000508892931975,0.000434848159784],[-0.00020892865723,0.00320104206912,-0.000121133227367,0.000948677246924,-0.000976795330644,0.00319403107278,-0.00193500565365,0.00202404567972,-0.00202352437191,0.00365959503688,-0.00357967894524,0.003808893729,-0.00164047477301],[0.000137933995575,-0.000121133227367,0.0024824293796,-0.000710426014848,0.000302001164528,-0.000446705642389,0.000967709114775,-0.00146025046706,0.000748119084165,-0.000249325588811,0.00193517189473,-0.00252274726517,0.0030040810816],[-0.000205505406484,0.000948677246924,-0.000710426014848,0.00469236308709,-0.00150276150089,-0.00047035649186,-0.00155580486171,0.00250847707503,-0.00250325072557,0.0003292436013,0.0000620817882009,0.00201275432482,-0.00455570500344],[0.000288865441689,-0.000976795330644,0.000302001164528,-0.00150276150089,0.00868794135749,-0.00446007866412,-0.000324067659676,0.000512742146384,0.000144457182614,-0.000997401308268,0.00135343533475,-0.00113436812535,0.00182077195495],[-0.0004800586903,0.00319403107278,-0.000446705642389,-0.00047035649186,-0.00446007866412,0.0134964138269,-0.00460436521098,-0.000607973488513,0.00327979563735,0.00107368268073,-0.00473251473159,0.00507226819173,-0.00275359256193],[0.000336869998137,-0.00193500565365,0.000967709114775,-0.00155580486171,-0.000324067659676,-0.00460436521098,0.0139628788456,-0.00619670934975,0.00210071424954,0.000244904687861,0.000848090159707,-0.00211919331923,0.0000698832736816],[-0.000439920608187,0.00202404567972,-0.00146025046706,0.00250847707503,0.000512742146384,-0.000607973488513,-0.00619670934975,0.0191130004823,-0.00763615872711,0.00112933013588,0.00148445682134,0.000167743943166,-0.000794025429059],[0.000507095945068,-0.00202352437191,0.000748119084165,-0.00250325072557,0.000144457182614,0.00327979563735,0.00210071424954,-0.00763615872711,0.016496649012,-0.0053661679849,-0.000532789272256,0.000839341199026,0.000465845514555],[-0.000545122602489,0.00365959503688,-0.000249325588811,0.0003292436013,-0.000997401308268,0.00107368268073,0.000244904687861,0.00112933013588,-0.0053661679849,0.0180142913014,-0.00582854030654,0.00214060721919,-0.000256669969531],[0.000600337574724,-0.00357967894524,0.00193517189473,0.0000620817882009,0.00135343533475,-0.00473251473159,0.000848090159707,0.00148445682134,-0.000532789272256,-0.00582854030654,0.0203301720321,-0.0109619190916,0.00592406978831],[-0.000508892931975,0.003808893729,-0.00252274726517,0.00201275432482,-0.00113436812535,0.00507226819173,-0.00211919331923,0.000167743943166,0.000839341199026,0.00214060721919,-0.0109619190916,0.0261825248599,-0.0109687075019],[0.000434848159784,-0.00164047477301,0.0030040810816,-0.00455570500344,0.00182077195495,-0.00275359256193,0.0000698832736816,-0.000794025429059,0.000465845514555,-0.000256669969531,0.00592406978831,-0.0109687075019,0.0245787147433]],"mean":[15.2998762131,64.3117218018,-120.445610046,41.9088401794,-47.3462524414,21.6552791595,-36.8172988892,13.5179958344,-27.5644168854,6.04744291306,-21.1592350006,4.94528055191,-15.7963066101]},"hfc":{"dmean":7.99897146225,"dmean2":12.2088336945,"dvar":137.253189087,"dvar2":315.656646729,"max":273.137512207,"mean":32.0944976807,"median":29.8813667297,"min":1.12604533538e-16,"var":464.150848389},"melbands":{"dmean":[0.00142349291127,0.00154654704966,0.000736806250643,0.000207205419429,0.000116965726193,0.0000999463445623,0.000150649284478,0.0000995224909275,0.0000683969847159,0.0000806560710771,0.0000834179736557,0.000097011703474,0.0000821064677439,0.0000534125101694,0.0000833776357467,0.0000732696134946,0.0000483440671815,0.0000401763572881,0.0000432936249126,0.0000326570734615,0.0000452958884125,0.0000252594309131,0.0000149638517541,0.0000134023357532,0.0000139954890983,0.0000151380536408,0.00000992821242107,0.00000715986243449,0.00000405333503295,0.0000051042125051,0.0000048055494517,0.00000390767536373,0.00000290290131488,0.00000227972986977,0.00000175635159394,0.00000138952714224,0.00000104119828848,0.00000129007332816,0.00000114643273719,8.55833945934e-7],"dmean2":[0.00245608342811,0.00262294476852,0.00119046552572,0.00034017872531,0.000187374054804,0.000163378936122,0.000244997296249,0.000163605058333,0.000109184584289,0.00013008750102,0.000129760985146,0.000150308289449,0.000127353167045,0.0000823422305984,0.000127794555738,0.000112569658086,0.0000743924319977,0.0000628361449344,0.0000686228959239,0.0000526942203578,0.0000757137604523,0.0000421258919232,0.0000250890407187,0.0000224921495828,0.0000236474188569,0.0000249670738413,0.0000165431847563,0.0000119115884445,0.00000679459117237,0.00000863635159476,0.00000804697447165,0.00000651563323117,0.00000480912694911,0.0000037172978864,0.00000283577151095,0.00000225818757826,0.00000166756433373,0.00000208939354707,0.00000186402110103,0.00000136937990192],"dvar":[0.0000140094380185,0.0000108996127892,0.00000150948324062,1.19051406955e-7,4.59814053499e-8,5.16374392134e-8,1.3743449756e-7,7.84936844411e-8,4.35689813116e-8,5.14204039348e-8,6.35191099718e-8,8.34276363548e-8,4.40206129326e-8,1.46521719202e-8,4.13692049506e-8,3.89022645209e-8,2.64785100512e-8,9.1862135676e-9,6.95796931183e-9,2.80270895381e-9,6.29779162153e-9,1.37254330124e-9,7.24167892319e-10,4.39911967964e-10,5.57693169423e-10,7.05540903478e-10,4.33637903363e-10,1.70109829001e-10,4.10904504866e-11,8.62709001459e-11,5.68719203675e-11,4.70583121082e-11,2.40982338251e-11,1.93267502696e-11,1.9425282563e-11,8.4475820436e-12,4.69224702496e-12,8.89062261311e-12,7.71773357028e-12,3.52379388689e-12],"dvar2":[0.0000384791128454,0.0000303043052554,0.00000375635090677,3.01917737033e-7,1.03268853024e-7,1.25983987687e-7,3.49330633753e-7,2.08035217497e-7,9.98268632202e-8,1.24620640918e-7,1.38515176218e-7,1.85236160632e-7,1.00881791809e-7,3.41748531696e-8,9.87852359913e-8,8.93825102821e-8,6.05760632766e-8,2.07395451923e-8,1.5997015268e-8,6.64813759599e-9,1.70525886745e-8,3.56924356737e-9,1.85065651692e-9,1.0911580528e-9,1.41587175317e-9,1.66248237399e-9,1.10973463752e-9,4.3765197022e-10,1.07413536399e-10,2.33571217922e-10,1.49373416414e-10,1.1938935951e-10,6.04666039461e-11,4.57278936938e-11,5.11081003907e-11,2.14685578342e-11,1.1680553226e-11,2.24278685901e-11,1.96984581424e-11,8.55433172214e-12],"max":[0.035458125174,0.0345107018948,0.0305534210056,0.0113850450143,0.00988830626011,0.00824295636266,0.00841786433011,0.00850247126073,0.00990176480263,0.00814256910235,0.00842303875834,0.012785458006,0.00563654815778,0.00393972825259,0.00584873510525,0.00456497445703,0.00687545770779,0.00258759222925,0.001995339524,0.00138853897806,0.00163127831183,0.00119760376401,0.000819606822915,0.000688519096002,0.000741283176467,0.0011360301869,0.000901957566384,0.00040522243944,0.000254819577094,0.000219761175686,0.000229166529607,0.000186477860552,0.000125325794215,0.000191912637092,0.00031761120772,0.000145407611853,0.0000995800073724,0.000103101570858,0.0000819580382085,0.0000672701862641],"mean":[0.00156587827951,0.00204245955683,0.0012325074058,0.000370046705939,0.000209933350561,0.00016204896383,0.00020745160873,0.000136746442877,0.0000989366308204,0.00012383054127,0.000126719372929,0.000163866658113,0.000155647911015,0.0000861864173203,0.000149000217789,0.000128680127091,0.0000801198766567,0.0000697914510965,0.0000750051694922,0.0000596813624725,0.0000745382203604,0.000046992830903,0.0000273607911367,0.000025841552997,0.0000276419777947,0.0000314676726703,0.0000196770779439,0.0000134854226417,0.00000842062763695,0.0000100909355751,0.000010450076843,0.00000823424124974,0.00000605675404586,0.00000457287887912,0.00000350065874954,0.00000280632184513,0.00000218508967009,0.00000232405363931,0.00000204213870347,0.00000168248186583],"median":[0.000725122867152,0.00126999418717,0.000741783704143,0.000249980308581,0.000121592165669,0.000083588383859,0.0000885554982233,0.0000531857876922,0.0000432971501141,0.0000498123336001,0.0000342725797964,0.0000425720281783,0.0000444864126621,0.0000384686245525,0.0000590323179495,0.0000399541750085,0.0000187814657693,0.0000267995419563,0.0000388105909224,0.0000379632765544,0.0000464663899038,0.0000330519033014,0.0000199400146812,0.0000187921250472,0.000019394854462,0.000022645584977,0.0000146593411046,0.00000977454328677,0.00000716555132385,0.00000811833706393,0.00000892099888006,0.00000661569265503,0.00000481053439216,0.00000337571782438,0.00000251893993664,0.00000212365330299,0.0000016897279238,0.0000016684386992,0.00000144171440297,0.00000124824236991],"min":[2.42013473543e-24,6.35347034786e-24,1.67294047715e-24,2.3788865792e-24,2.27496302962e-24,1.90458198779e-24,1.26970988671e-24,2.20886752982e-24,6.23963653595e-24,5.08382514775e-24,2.31227615044e-24,3.06208627149e-24,3.02626035069e-24,5.18040262736e-24,5.39797085945e-24,3.57236686449e-24,4.77799836872e-24,5.36815980584e-24,5.81689741532e-24,4.69619467614e-24,5.57499716304e-24,5.59149855546e-24,5.94468617665e-24,8.4991984369e-24,7.87430621514e-24,6.1705122047e-24,4.50067037319e-24,6.08894753697e-24,5.69534933262e-24,4.69578367961e-24,5.81935984464e-24,6.04471650045e-24,7.25889531259e-24,6.15952810545e-24,7.16933593402e-24,8.24791705074e-24,8.24465037773e-24,8.61963304244e-24,7.886109152e-24,8.03847369154e-24],"var":[0.0000114067161121,0.00000967583946476,0.00000354724238605,2.20437499365e-7,1.07790370407e-7,7.79410171958e-8,1.56402037987e-7,8.36471798493e-8,6.64887593871e-8,1.05403955786e-7,1.28891315399e-7,1.72682547372e-7,1.84410339443e-7,2.73504490167e-8,9.74586527036e-8,9.35607147312e-8,5.97520823931e-8,2.29772130211e-8,1.53285046878e-8,6.43966613367e-9,9.65915614159e-9,2.86976109543e-9,1.07763831192e-9,9.2069435409e-10,1.27824983931e-9,1.60232505042e-9,6.04609862176e-10,2.77163042517e-10,6.25511170638e-11,1.09682166127e-10,9.53510465029e-11,7.71169170188e-11,4.42397229961e-11,3.64069226155e-11,2.3828293505e-11,1.22943495662e-11,7.04058469511e-12,1.03012893354e-11,8.69105221818e-12,5.8120925607e-12]},"melbands_crest":{"dmean":3.46931767464,"dmean2":5.60325860977,"dvar":9.15902519226,"dvar2":22.9068336487,"max":39.5881233215,"mean":12.8476133347,"median":12.050034523,"min":1.65222859383,"var":24.3508319855},"melbands_flatness_db":{"dmean":0.0263300705701,"dmean2":0.0409227497876,"dvar":0.000650894944556,"dvar2":0.00151007040404,"max":0.536857545376,"mean":0.146166548133,"median":0.131046354771,"min":0.00434712274,"var":0.00358214857988},"melbands_kurtosis":{"dmean":5.60509347916,"dmean2":8.87268066406,"dvar":147.583908081,"dvar2":323.888793945,"max":340.785980225,"mean":8.20869350433,"median":3.28987383842,"min":-1.67507231236,"var":335.631469727},"melbands_skewness":{"dmean":0.769154191017,"dmean2":1.18966126442,"dvar":0.738713622093,"dvar2":1.7185510397,"max":17.8141880035,"mean":2.11071157455,"median":1.79673981667,"min":-1.31326782703,"var":2.47972512245},"melbands_spread":{"dmean":10.2738704681,"dmean2":16.3738670349,"dvar":106.434486389,"dvar2":249.573348999,"max":172.035385132,"mean":40.0853881836,"median":40.0783195496,"min":0.356061846018,"var":406.13381958},"mfcc":{"cov":[[14490.8642578,-427.299804688,-282.294647217,431.148529053,134.47038269,704.45526123,507.09576416,188.823257446,241.23500061,229.137054443,-119.143478394,-183.981506348,60.643989563],[-427.299804688,976.383850098,-90.3522338867,-60.4334602356,-54.0703697205,-182.01373291,-102.67678833,-21.1555728912,-73.1862335205,-98.5573043823,75.1399002075,4.51036643982,-44.4757995605],[-282.294647217,-90.3522338867,435.106536865,19.6902427673,16.9480876923,-39.4634971619,-32.0459938049,15.1949672699,-8.51805877686,13.9354934692,-29.9321479797,20.4945163727,12.2966165543],[431.148529053,-60.4334602356,19.6902427673,243.556167603,46.2719841003,85.4176101685,16.3073863983,17.5679740906,66.3486404419,5.98076105118,-27.036567688,-2.16414046288,36.5719871521],[134.47038269,-54.0703697205,16.9480876923,46.2719841003,138.060440063,68.7117919922,29.9748249054,14.382440567,8.79012966156,15.7942781448,-6.35920858383,4.66877698898,3.83349227905],[704.45526123,-182.01373291,-39.4634971619,85.4176101685,68.7117919922,192.671646118,109.18321991,25.5966510773,36.3269920349,25.1713523865,-19.5721244812,-15.8123130798,4.32620811462],[507.09576416,-102.67678833,-32.0459938049,16.3073863983,29.9748249054,109.18321991,161.613952637,51.9948654175,15.2899208069,15.1049795151,-8.38705539703,-22.6945705414,-11.9115982056],[188.823257446,-21.1555728912,15.1949672699,17.5679740906,14.382440567,25.5966510773,51.9948654175,89.6194000244,30.2169208527,9.36107158661,-15.6442575455,-3.78107500076,-3.04768252373],[241.23500061,-73.1862335205,-8.51805877686,66.3486404419,8.79012966156,36.3269920349,15.2899208069,30.2169208527,99.5994720459,33.0139541626,-13.0975723267,-15.1291818619,7.44775867462],[229.137054443,-98.5573043823,13.9354934692,5.98076105118,15.7942781448,25.1713523865,15.1049795151,9.36107158661,33.0139541626,85.0630950928,11.863817215,-6.4174041748,-2.19023633003],[-119.143478394,75.1399002075,-29.9321479797,-27.036567688,-6.35920858383,-19.5721244812,-8.38705539703,-15.6442575455,-13.0975723267,11.863817215,70.45652771,23.6158447266,-5.60962200165],[-183.981506348,4.51036643982,20.4945163727,-2.16414046288,4.66877698898,-15.8123130798,-22.6945705414,-3.78107500076,-15.1291818619,-6.4174041748,23.6158447266,71.0722579956,30.0021152496],[60.643989563,-44.4757995605,12.2966165543,36.5719871521,3.83349227905,4.32620811462,-11.9115982056,-3.04768252373,7.44775867462,-2.19023633003,-5.60962200165,30.0021152496,68.0980606079]],"icov":[[0.0000934840572882,-0.0000584412264288,0.00002834812949,-0.0000515408501087,0.000101044373878,-0.000292950804578,-0.0000888409049367,-0.0000518902052136,0.0000269852134807,-0.000247878604569,0.0000979752076091,0.000158286711667,-0.000176388202817],[-0.0000584412264288,0.00173716479912,0.000305777706672,-0.000503709423356,-0.000334229553118,0.00156164378859,0.000486522214487,-0.000786905584391,0.000533373502549,0.00192504678853,-0.00213414360769,0.000747058074921,0.000870048592333],[0.00002834812949,0.000305777706672,0.00276404875331,-0.00062371866079,-0.000451597792562,0.0011904805433,0.000187722005649,-0.000685354170855,0.000943220686167,-0.00100309948903,0.00153169734403,-0.00101098977029,0.000398442731239],[-0.0000515408501087,-0.000503709423356,-0.00062371866079,0.00692021939903,-0.000909123453312,-0.00325817707926,0.00143316981848,0.000231504556723,-0.00403039390221,0.0014411539305,0.000713181914762,0.000393485795939,-0.00299519649707],[0.000101044373878,-0.000334229553118,-0.000451597792562,-0.000909123453312,0.00955972354859,-0.0041731162928,0.000786285789218,-0.0010619420791,0.00140369171277,-0.00178587343544,0.000550853321329,-0.00121035240591,0.000446153455414],[-0.000292950804578,0.00156164378859,0.0011904805433,-0.00325817707926,-0.0041731162928,0.0150116803125,-0.00769090466201,0.00268762675114,-0.000843965972308,0.000198869616725,0.000865861249622,-0.00109097757377,0.00152257236186],[-0.0000888409049367,0.000486522214487,0.000187722005649,0.00143316981848,0.000786285789218,-0.00769090466201,0.0141510050744,-0.0073776235804,0.00227896869183,0.000906189496163,-0.0029810606502,0.00359296612442,0.000134085043101],[-0.0000518902052136,-0.000786905584391,-0.000685354170855,0.000231504556723,-0.0010619420791,0.00268762675114,-0.0073776235804,0.0175424721092,-0.00567340897396,-0.000643917301204,0.00484373373911,-0.00426722783595,0.00179416371975],[0.0000269852134807,0.000533373502549,0.000943220686167,-0.00403039390221,0.00140369171277,-0.000843965972308,0.00227896869183,-0.00567340897396,0.0171399321407,-0.00556706357747,0.0001555908093,0.00333383888938,-0.0010717533296],[-0.000247878604569,0.00192504678853,-0.00100309948903,0.0014411539305,-0.00178587343544,0.000198869616725,0.000906189496163,-0.000643917301204,-0.00556706357747,0.0183240305632,-0.00748819997534,0.00274280016311,0.000475740758702],[0.0000979752076091,-0.00213414360769,0.00153169734403,0.000713181914762,0.000550853321329,0.000865861249622,-0.0029810606502,0.00484373373911,0.0001555908093,-0.00748819997534,0.0237795393914,-0.0107646258548,0.00391222443432],[0.000158286711667,0.000747058074921,-0.00101098977029,0.000393485795939,-0.00121035240591,-0.00109097757377,0.00359296612442,-0.00426722783595,0.00333383888938,0.00274280016311,-0.0107646258548,0.0247430130839,-0.0111710950732],[-0.000176388202817,0.000870048592333,0.000398442731239,-0.00299519649707,0.000446153455414,0.00152257236186,0.000134085043101,0.00179416371975,-0.0010717533296,0.000475740758702,0.00391222443432,-0.0111710950732,0.0223050173372]],"mean":[-620.035400391,90.8085632324,-6.95747756958,25.3643112183,10.5549869537,11.0418176651,4.4818944931,6.61836528778,3.65431547165,-2.04400587082,1.45133960247,0.0477022491395,3.24360084534]},"pitch_salience":{"dmean":0.0705418214202,"dmean2":0.115745514631,"dvar":0.00395602406934,"dvar2":0.0104402014986,"max":0.916586816311,"mean":0.561616122723,"median":0.568851351738,"min":0.0247444212437,"var":0.0096282158047},"silence_rate_20dB":{"dmean":0,"dmean2":0,"dvar":0,"dvar2":0,"max":1,"mean":1,"median":1,"min":1,"var":0},"silence_rate_30dB":{"dmean":0.00481576053426,"dmean2":0.00963222421706,"dvar":0.00479237968102,"dvar2":0.0137710319832,"max":1,"mean":0.997300446033,"median":1,"min":0,"var":0.00269245170057},"silence_rate_60dB":{"dmean":0.0026267785579,"dmean2":0.00525394035503,"dvar":0.00261971610598,"dvar2":0.00624727224931,"max":1,"mean":0.109003357589,"median":0,"min":0,"var":0.0971385538578},"spectral_centroid":{"dmean":227.777526855,"dmean2":358.474639893,"dvar":50630.3007813,"dvar2":110558.90625,"max":11068.5009766,"mean":1994.59985352,"median":2131.68481445,"min":162.750717163,"var":444481.40625},"spectral_complexity":{"dmean":4.10346603394,"dmean2":6.41652059555,"dvar":16.830827713,"dvar2":37.9873046875,"max":57,"mean":27.2262516022,"median":30,"min":0,"var":151.037719727},"spectral_contrast_coeffs":{"dmean":[0.0492854677141,0.0458861961961,0.0388052128255,0.0331037789583,0.0211628954858,0.0224923659116],"dmean2":[0.0821238011122,0.0758459642529,0.0632961392403,0.0539394915104,0.0354201570153,0.034361988306],"dvar":[0.0016142897075,0.00135475490242,0.000988574582152,0.000687119027134,0.000293344346574,0.000473952677567],"dvar2":[0.00439993338659,0.00366088631563,0.00254200655036,0.00178577180486,0.000773099367507,0.000987704959698],"max":[-0.303000926971,-0.495634078979,-0.492921978235,-0.52416908741,-0.61234664917,-0.424177467823],"mean":[-0.674776911736,-0.764492988586,-0.775001108646,-0.765476584435,-0.782289624214,-0.735567510128],"median":[-0.679874241352,-0.76930975914,-0.781040549278,-0.766155719757,-0.783691883087,-0.743458628654],"min":[-0.973982989788,-0.977221786976,-0.971940338612,-0.965530216694,-0.96446865797,-0.963698685169],"var":[0.00519817695022,0.00396004272625,0.00414515053853,0.00276211439632,0.00134250405245,0.00291676283814]},"spectral_contrast_valleys":{"dmean":[0.430572152138,0.356762588024,0.318261086941,0.268282681704,0.192320302129,0.305738538504],"dmean2":[0.714134514332,0.587925493717,0.512763559818,0.42296141386,0.300242692232,0.429109275341],"dvar":[0.130335763097,0.0949896425009,0.0733512341976,0.0568975768983,0.0431831069291,0.139276623726],"dvar2":[0.34261983633,0.240443408489,0.173976674676,0.126527398825,0.0854983255267,0.259063720703],"max":[-5.14942646027,-4.65599250793,-5.05844688416,-5.26521730423,-5.39554691315,-7.20164442062],"mean":[-7.25835418701,-6.96382331848,-7.29494094849,-7.46446847916,-7.16884994507,-9.86572933197],"median":[-6.87176895142,-6.7358007431,-7.00552845001,-7.13112545013,-6.67480182648,-9.202003479],"min":[-27.9903297424,-28.0200023651,-27.5868453979,-27.4719924927,-27.4331512451,-27.3164176941],"var":[2.24192166328,1.75277590752,1.88962972164,2.09737062454,2.51715397835,3.26102781296]},"spectral_decrease":{"dmean":2.68433764106e-9,"dmean2":4.3844661235e-9,"dvar":2.25621469551e-17,"dvar2":6.01365533108e-17,"max":1.5358465564e-28,"mean":-6.71233557625e-9,"median":-5.71666536331e-9,"min":-4.76619561596e-8,"var":3.01080276469e-17},"spectral_energy":{"dmean":0.0106409043074,"dmean2":0.017300048843,"dvar":0.000343307619914,"dvar2":0.000909387948923,"max":0.187984272838,"mean":0.028244940564,"median":0.0243972241879,"min":1.03119727894e-20,"var":0.000483931507915},"spectral_energyband_high":{"dmean":0.000566659029573,"dmean2":0.000881207641214,"dvar":0.00000115405782708,"dvar2":0.00000275262959804,"max":0.0329811684787,"mean":0.00168251455761,"median":0.00149441999383,"min":7.38192376852e-21,"var":0.00000229779334404},"spectral_energyband_low":{"dmean":0.00799389835447,"dmean2":0.0133974067867,"dvar":0.000291763804853,"dvar2":0.000796922540758,"max":0.165998160839,"mean":0.0111212171614,"median":0.00708679948002,"min":3.42454269277e-23,"var":0.00027357446379},"spectral_energyband_middle_high":{"dmean":0.00272512203082,"dmean2":0.00415877206251,"dvar":0.0000167258021975,"dvar2":0.0000358495999535,"max":0.104191981256,"mean":0.00950057432055,"median":0.00680745905265,"min":1.43334718863e-21,"var":0.0000818129992695},"spectral_energyband_middle_low":{"dmean":0.00307869701646,"dmean2":0.00495847966522,"dvar":0.0000233288737945,"dvar2":0.0000578861763643,"max":0.0890415087342,"mean":0.00746509246528,"median":0.00530416890979,"min":2.27333582257e-22,"var":0.0000616083780187},"spectral_entropy":{"dmean":0.108533866704,"dmean2":0.161438077688,"dvar":0.0141855003312,"dvar2":0.027349838987,"max":9.81586647034,"mean":7.90092420578,"median":7.98317623138,"min":4.94731903076,"var":0.134454488754},"spectral_flux":{"dmean":0.0244306568056,"dmean2":0.0384955331683,"dvar":0.00108896719757,"dvar2":0.00237351306714,"max":0.389165252447,"mean":0.0920535027981,"median":0.0854152739048,"min":6.66740898603e-11,"var":0.00267531885765},"spectral_kurtosis":{"dmean":1.11585831642,"dmean2":1.8853815794,"dvar":4.12363910675,"dvar2":12.5383758545,"max":42.1671600342,"mean":3.89625930786,"median":2.99635744095,"min":-1.24570989609,"var":12.9416055679},"spectral_rms":{"dmean":0.000847516523208,"dmean2":0.00133906002156,"dvar":0.00000131563228933,"dvar2":0.00000331306478074,"max":0.0135424993932,"mean":0.00481132417917,"median":0.00487874634564,"min":3.17182304727e-12,"var":0.0000044071521188},"spectral_rolloff":{"dmean":619.659423828,"dmean2":1018.3885498,"dvar":591365.3125,"dvar2":1369435.5,"max":19229.1503906,"mean":2319.32983398,"median":2325.5859375,"min":21.533203125,"var":1825409.875},"spectral_skewness":{"dmean":0.155770406127,"dmean2":0.250872731209,"dvar":0.0319803059101,"dvar2":0.0870965197682,"max":4.80841732025,"mean":1.37125587463,"median":1.28734207153,"min":-0.0351647399366,"var":0.184553697705},"spectral_spread":{"dmean":460461.84375,"dmean2":654689.0625,"dvar":279415029760,"dvar2":515072524288,"max":40695352,"mean":4869612.5,"median":4884110.5,"min":1339621.375,"var":2809273253890},"spectral_strongpeak":{"dmean":0.780043780804,"dmean2":1.35692620277,"dvar":1.8396140337,"dvar2":4.69514131546,"max":12.6712675095,"mean":1.0882216692,"median":0.333964169025,"min":0,"var":2.948117733},"zerocrossingrate":{"dmean":0.0110965436324,"dmean2":0.0135421082377,"dvar":0.00011936872761,"dvar2":0.000155623114551,"max":0.513671875,"mean":0.0883097946644,"median":0.0888671875,"min":0,"var":0.00114701269194}},"metadata":{"audio_properties":{"analysis_sample_rate":44100,"bit_rate":128000,"codec":"mp3","downmix":"mix","equal_loudness":0,"length":318.22366333,"lossless":false,"md5_encoded":"ec4fcca7bcd6697b5cb3e024c4c98099","replay_gain":-13.8709907532,"sample_rate":44100},"tags":{"acoustid_fingerprint":["AQADtGqipE2ioamDfsd1HOVhPTlyJIe7ZRraHf0O5zneZMeF6yya5wiSXULzFMeDW0eThkEfGnqOH_1h-cJ3_BmeHckshHqMaw_-4cd9fCV--EdL5EfSf-gjuHrQ_ugv-MED10G4I1kP66kCq0PnBf3h9yg7lBaOZPOOsNEFH88WfDtcXeiJysnQfEd-JDXeSugP2-gPJH2MnEd1mHzw7PDkIM-OpD48H512nCZu_EV_oTmPF7kOdUevPUh7fLC2HT1C2_CVQOt15Ee_o45xouzRTBPeHLkPPUe4fjBD9OmG52h6HX2Eh0FtNCqDpEd-od_hSsrxEH2OaxSSIx-a_ChJB90RfoGeBPkVPA_RcmhGBlfwIlJGyFeMeM7RlOTwuviFY8q6oD3-B3EjRYVu5JeKSs8N40X7q_iFd8WR46uC8hCl4-iPE9U--CiPo7fxIb_wrsPh6Mh5ODJ-yPCapMRH_McLH-GNs-iPZsez43OIe7iyoznC35i-4xk6z8J39Jnww4d-xBssSjKqX7jR43KPf4hsyKeQprbQH5cx0UcanCZ0uMuDD_9xDT7R8oO-oCuP1ImE8o2wHz3hC49RtfhT5EnwQYsbtFmOD9Ub-FGKw-1xRSw6ITxheTzO48SPVM5gaFeO4MyFPka6G9oPaPuR_8V1XBeuCyfREUdv5If4I9Kj5jh5vJrxo1VjwXGO8sEnyeh1NHlw_MisJzjZQMyD58jw4yWnodQPt0GoKscPLR96_EZ_nOOFLjO-cYHW6Ug_EW-whTweFr_hFxfxE9dTVJeF6Eafw-QxHt2LUHMCIz8-D-JxH4ezo0svY8J3PDuOS8cP8yH0gj_Ow8c_vEXDYGcO7eSCpsePSz2uoMep4xTeQ19m3MGPN1BrPHFx9biO89hOSLcruCIi9_gzNMePywo-RRvy6Dgv6OgzC3dP_DmcTKQaXEeNH8cP5dzwZEc-odwHE45AXvijIaSSDDr6HX6K3gxupugUu6iaFyUccUGf44qObsoh9XCoFh_yfMQPjwQ3bcilpBQaQZpxPMjKELUOO_kRkid0IU8kXOrA0VTRHc9h3jjt4cjhD961Q_NGfDoqZ7EgqjQcUuAzPAvMMfiPLxne4x_OGOofofkRi8zx0cLLFUw4yfDRh_iSHR_GF3FaaA9slKKPPxx2LSyezMIzKiI06XjhH32icPinQF_RJKIw6QzyHA_RXOgj5FnQZ4FDCdfhMz2U5cvA8vgjnOkhqiEuB72O83hH_AzOlPj6wYP044Su44hx6sSlvmjrwSOOL3BFqTh-5GEWPBIohZGGixnR48oTlNyIlD_6HOWFZtJxVD58NguRnEKYJ8JHnMedMnjOojqe-HDBHPEj3MeJOjvErzl4mBWNestxJjn-KMH4oZ2G7UTFRobUHbJzTImYpWjVBj-ao9fxO3ijQ8vCjCh5xMWfoOdFbJMeHGnMHL6LqU0EHT9CUTlM5cM2Fn7Q40cuEV8y_MdjhJ9xGme84cJ1_MKHvAr6oM-FJuKY4TauHNcR7ofrFCWDqmF8NJOOO5Fx7chzITG14-7xNyFuGh2Y7LhU5NSh98iXo3nw5GhyzMyOs0PzHD--vcgzScehHD5emAp-8EUaB-nw44eONGaOH96Cw2rBlKtwJDuiHif