{"lowlevel":{"average_loudness":0.680397212505,"barkbands":{"dmean":[0.0000341266932082,0.000517422973644,0.00056245183805,0.000458294263808,0.000956019212026,0.00057623401517,0.000801260001026,0.000473772641271,0.000687468796968,0.000392450310756,0.000332404510118,0.000225969022722,0.000270625663688,0.000469648919534,0.000532856269274,0.000250175769906,0.00018151733093,0.000292009615805,0.0000614443270024,0.0000845116010169,0.0000305856701743,0.0000449101426057,0.0000293247776426,0.000030298366255,0.0000131544784381,0.0000024677347028,7.76215074438e-8],"dmean2":[0.0000489419398946,0.000846558541525,0.000871146272402,0.000748970371205,0.00153186626267,0.000841467117425,0.00106421194505,0.000713464512955,0.00103258632589,0.000612684700172,0.000511963793542,0.000360298145097,0.000437322363723,0.000742656819057,0.000833855883684,0.000377275515348,0.000279072497506,0.00045826920541,0.0000959719327511,0.000128821018734,0.0000453390966868,0.0000659523066133,0.0000407914922107,0.0000429877873103,0.0000185724966286,0.00000372131694348,1.09890422095e-7],"dvar":[7.93395571463e-9,6.22273148565e-7,5.08863024606e-7,7.03550028902e-7,0.00000190878449757,0.00000116613193768,0.00000285122905552,0.00000129386319259,0.00000186106592537,0.00000130031969547,7.54342636355e-7,3.30054376718e-7,5.76935917707e-7,0.00000224805808102,0.00000215261729863,0.00000160639797286,6.89935063747e-7,8.22706851977e-7,6.5167157004e-8,9.86946488979e-8,1.06174464776e-8,2.72190927575e-8,1.583065945e-8,1.39859404058e-8,2.49262632757e-9,1.20444126894e-10,8.0814166665e-14],"dvar2":[1.52872754455e-8,0.00000162316928254,0.00000119117510167,0.00000195440520656,0.00000506130527356,0.00000258355203187,0.00000505248681293,0.00000297736573884,0.00000451166533821,0.00000319696209772,0.00000193465666598,8.46660043408e-7,0.00000147456148625,0.00000576276579523,0.00000556257009521,0.00000354345093001,0.00000175609591224,0.00000210995904126,1.64096718436e-7,2.44794193804e-7,2.52526870526e-8,5.52747252414e-8,2.91129005348e-8,2.48621212506e-8,4.8239847672e-9,2.93395974182e-10,1.70133357272e-13],"max":[0.00239135068841,0.0220112279058,0.0141792092472,0.0173334851861,0.0200451537967,0.0235487166792,0.0309781413525,0.0244736857712,0.0281851924956,0.0218540560454,0.0204439386725,0.0172222647816,0.0184963103384,0.0392615050077,0.031570032239,0.0504750795662,0.0436757206917,0.0248034223914,0.0131087601185,0.0117464046925,0.00347080104984,0.00397447217256,0.00393973477185,0.0047864774242,0.00163564132527,0.000335395539878,0.0000111439203465],"mean":[0.0000597181606281,0.000929496542085,0.0011853693286,0.000905853812583,0.00182903127279,0.00135185010731,0.00181025278289,0.000882229185663,0.00147184624802,0.00071337382542,0.000630413647741,0.000458507041913,0.000566223927308,0.000856416299939,0.000996933900751,0.000438448128989,0.000386172672734,0.000652242742945,0.000136030968861,0.000200753085664,0.000064343214035,0.000109001914097,0.0000572630633542,0.0000553003810637,0.000025731864298,0.00000421294362241,1.80197844202e-7],"median":[0.0000140706288221,0.000608814414591,0.000699533964507,0.00048761931248,0.00120738870464,0.000500246533193,0.00048813567264,0.000322730222251,0.00058693124447,0.000102499499917,0.000134589732625,0.000080728015746,0.00011068060121,0.0000762323179515,0.0000812903890619,0.0000385305793316,0.0000710079475539,0.000101926212665,0.0000480552589579,0.0000447157508461,0.00000924658343138,0.0000168095557456,0.0000114235117508,0.00000867653943715,0.00000450255629403,6.87194187776e-7,5.25570840182e-8],"min":[1.92542889445e-25,1.53535633135e-24,1.44053929345e-24,1.02394224384e-24,8.51244104492e-24,3.89552057887e-24,1.13454448705e-23,2.76057988642e-24,1.29748378591e-23,2.10785527141e-23,1.39940706034e-23,2.5106528561e-23,3.19853215016e-23,2.34252198474e-23,4.54671752529e-23,6.02371536654e-23,6.24846878041e-23,8.84774274392e-23,1.10809726256e-22,1.81161742801e-22,2.50695401353e-22,3.48805868053e-22,3.74667984944e-22,6.54015319245e-22,8.68291650556e-22,1.36364500414e-21,2.0445436933e-21],"var":[1.76825398768e-8,0.00000112329053081,0.00000216586931856,0.00000141923112551,0.00000386189594792,0.0000048017991503,0.0000117813488032,0.00000276322657555,0.00000473481577501,0.0000030581691135,0.00000205381593332,8.71318434292e-7,0.00000143150441545,0.00000607971833233,0.00000519346895089,0.00000369241934095,0.0000013996616417,0.00000286744352707,1.38549822282e-7,3.44988194456e-7,3.63090002509e-8,1.04931814349e-7,3.91078600614e-8,3.12631982524e-8,5.30964960888e-9,1.65650076989e-10,2.38862071398e-13]},"barkbands_crest":{"dmean":2.08519625664,"dmean2":3.40654635429,"dvar":3.66555571556,"dvar2":9.66996669769,"max":23.8091011047,"mean":8.93382263184,"median":8.3239774704,"min":2.1363325119,"var":11.3355093002},"barkbands_flatness_db":{"dmean":0.0158388838172,"dmean2":0.0236973445863,"dvar":0.000254067475908,"dvar2":0.000508815457579,"max":0.413529425859,"mean":0.159431859851,"median":0.148129999638,"min":0.0225524939597,"var":0.00309436582029},"barkbands_kurtosis":{"dmean":2.54822516441,"dmean2":3.90017437935,"dvar":34.6263809204,"dvar2":82.8198699951,"max":315.067260742,"mean":4.99290895462,"median":1.34346032143,"min":-1.9489736557,"var":135.137435913},"barkbands_skewness":{"dmean":0.430940896273,"dmean2":0.641098082066,"dvar":0.216986581683,"dvar2":0.46472042799,"max":13.4465579987,"mean":1.22615742683,"median":1.02749431133,"min":-2.81657743454,"var":2.11430740356},"barkbands_spread":{"dmean":4.03373003006,"dmean2":5.96568775177,"dvar":36.0606269836,"dvar2":64.8274612427,"max":105.573669434,"mean":18.1744384766,"median":16.0478363037,"min":0.534741520882,"var":181.382873535},"dissonance":{"dmean":0.0212890785187,"dmean2":0.035639796406,"dvar":0.000434077956015,"dvar2":0.00119634147268,"max":0.499991238117,"mean":0.448572784662,"median":0.457602620125,"min":0.20870000124,"var":0.00153349235188},"dynamic_complexity":3.9057059288,"erbbands":{"dmean":[0.0123895965517,0.134838327765,0.621991872787,1.05379712582,2.20338058472,3.90580224991,3.6122803688,4.89782762527,8.61922645569,12.0914230347,11.8123416901,13.2056741714,14.5676221848,11.0496120453,9.34206962585,8.58268356323,9.88810062408,16.699760437,22.2242050171,27.2446937561,12.5397138596,9.43780517578,16.2906589508,5.8947520256,2.3869395256,4.2994055748,1.84083032608,1.05495524406,1.7368632555,1.21082949638,0.785697937012,0.717701613903,0.444250017405,0.192199930549,0.0723070800304,0.0197829604149,0.002819923684,0.000238632768742,0.0000159263654496,0.00000464468439532],"dmean2":[0.020112413913,0.2205940485,0.965896129608,1.71663665771,3.50446414948,6.48863458633,5.53287172318,6.93433475494,11.3605718613,16.6933078766,17.8838806152,19.5986194611,22.2511043549,16.9867858887,14.4114608765,13.5639219284,15.8801393509,25.7219467163,34.949420929,41.8903541565,18.6913833618,14.0486364365,25.3505268097,9.02392196655,3.52946209908,6.59754228592,2.78082084656,1.5109744072,2.57857298851,1.73463022709,1.08421087265,1.03806316853,0.63504242897,0.27063074708,0.102695323527,0.0290995296091,0.0040369508788,0.000334816810209,0.0000216931111936,0.00000667539279675],"dvar":[0.000796227483079,0.033863440156,0.619663774967,3.24137067795,11.3249425888,38.4886360168,45.5827331543,98.8255996704,486.865661621,713.925415039,760.45904541,702.723449707,1446.01208496,1184.45947266,438.631286621,538.453491211,864.3046875,3536.86474609,3518.03735352,7422.32177734,5087.95605469,1382.38415527,2550.26782227,419.759124756,46.5309562683,345.063842773,46.8274459839,10.6467580795,43.5488700867,19.9774436951,11.7440137863,8.69961166382,2.91759943962,0.547843515873,0.0806632563472,0.00745159480721,0.000166591038578,9.34583454182e-7,2.91017698828e-9,3.2897386204e-11],"dvar2":[0.00188056391198,0.0907442718744,1.45976173878,8.9464635849,29.7626476288,107.075134277,111.995277405,210.42829895,793.397399902,1383.44958496,1719.67041016,1671.87194824,3561.71777344,3457.81396484,1082.32592773,1369.44348145,2307.11987305,8830.57128906,9050.2421875,18940.28125,11747.609375,3306.34765625,6481.92138672,1026.87475586,106.605255127,865.952697754,117.741737366,20.7250652313,92.5756072998,39.7632904053,20.0995025635,17.1211547852,5.16275882721,0.991964280605,0.175142735243,0.0178014766425,0.000400678254664,0.00000220021047426,5.89014970132e-9,6.72808336821e-11],"max":[0.909733593464,4.97697877884,15.7569656372,32.9920654297,55.9161376953,116.390296936,143.60244751,181.768722534,431.446563721,590.292236328,667.968444824,732.172302246,690.129760742,898.088317871,572.927612305,837.702941895,892.63494873,2063.04589844,1212.94665527,2051.15307617,3387.04174805,1384.64990234,1196.9967041,901.367858887,241.192428589,591.452758789,199.265975952,99.6614532471,187.705978394,143.593795776,133.400054932,104.908752441,68.6692657471,31.2383804321,9.34408569336,2.75465369225,0.373473346233,0.0359803363681,0.0020536808297,0.000138909323141],"mean":[0.0219371244311,0.233592405915,1.2860802412,2.40074133873,4.42307329178,6.57664775848,8.02371406555,11.3900995255,20.129699707,26.590965271,23.8636016846,29.6626529694,29.3379077911,22.4719810486,20.7921009064,18.5815048218,23.4383106232,35.0493583679,43.4512405396,54.3519592285,25.2483730316,23.3040657043,37.9431724548,14.9547204971,6.48323488235,10.3165655136,4.33058357239,2.43239593506,4.09327793121,2.6632733345,1.54400730133,1.25867533684,0.823397994041,0.372776687145,0.132951766253,0.0350994877517,0.00475650653243,0.000446080957772,0.0000452372878499,0.0000225024850806],"median":[0.00814333371818,0.156060874462,0.761540412903,1.56459259987,2.87815856934,3.93295812607,3.7177631855,4.15918922424,5.61091470718,8.69848155975,11.3743000031,12.4341278076,7.5309715271,5.21843099594,5.63451576233,4.2654800415,5.88619422913,4.60001516342,5.61187887192,4.12645244598,3.13173437119,4.60412693024,6.56290769577,3.82432746887,2.46219134331,2.12968587875,0.534921824932,0.454657942057,0.576024055481,0.531487345695,0.293006658554,0.199400395155,0.130262985826,0.0644667297602,0.0215430706739,0.00551492907107,0.000859210034832,0.0000984704456641,0.0000191089347936,0.0000195212232939],"min":[4.4624144847e-23,4.81649135724e-22,1.22069432044e-21,9.34928642156e-21,1.82282608882e-20,2.23348103483e-20,1.38059433071e-20,6.51223334262e-20,8.37654851683e-20,1.54906035765e-19,3.12142911399e-19,2.90287145254e-19,5.75705919013e-19,6.56354529472e-19,9.63779254356e-19,1.31365959287e-18,1.21615619515e-18,1.36239417943e-18,2.6945830316e-18,3.05467005509e-18,2.55114370953e-18,4.0186857797e-18,4.6796469297e-18,6.74587999336e-18,7.91461878368e-18,8.79193233162e-18,8.62716705259e-18,9.86022947529e-18,1.11600643986e-17,1.0321525769e-17,1.06959763703e-17,1.04890877457e-17,1.09768116329e-17,7.42055124843e-18,6.72332608678e-18,4.1845917408e-18,2.39610421334e-18,9.719777516e-19,2.66550086053e-19,2.71419090858e-20],"var":[0.00147420866415,0.062633946538,2.44184112549,7.56911087036,23.3559780121,64.1780471802,135.440750122,374.109100342,2027.1730957,2807.57226562,1639.90136719,1888.16467285,3427.77392578,2695.49829102,1495.56091309,1444.32910156,2266.99414062,11459.3085938,8621.7421875,20156.2578125,10162.5146484,4497.54101562,9334.8828125,1353.52966309,178.361526489,1167.08764648,174.040710449,41.6198616028,163.928863525,55.2984352112,29.6354198456,17.456363678,6.66237878799,1.24264168739,0.142979383469,0.0108820544556,0.000228053540923,0.00000154827648657,1.02128439039e-8,3.28081728451e-10]},"erbbands_crest":{"dmean":2.55174279213,"dmean2":4.09125804901,"dvar":6.31091117859,"dvar2":15.6399345398,"max":32.0536003113,"mean":10.5912437439,"median":9.41725158691,"min":1.99419522285,"var":24.1329479218},"erbbands_flatness_db":{"dmean":0.0146199371666,"dmean2":0.0211980249733,"dvar":0.000210192665691,"dvar2":0.000391401728848,"max":0.374903321266,"mean":0.191395938396,"median":0.196157991886,"min":0.0271236076951,"var":0.0023723479826},"erbbands_kurtosis":{"dmean":1.08215177059,"dmean2":1.65657508373,"dvar":2.50847768784,"dvar2":5.78057575226,"max":65.3722991943,"mean":1.4814542532,"median":0.426637887955,"min":-1.82774186134,"var":15.310751915},"erbbands_skewness":{"dmean":0.366356313229,"dmean2":0.54608297348,"dvar":0.122542403638,"dvar2":0.258232504129,"max":3.9316868782,"mean":0.327274143696,"median":0.328806400299,"min":-4.1388001442,"var":1.02457976341},"erbbands_spread":{"dmean":6.11418533325,"dmean2":9.08441066742,"dvar":66.7565536499,"dvar2":136.754257202,"max":142.461166382,"mean":31.1754417419,"median":25.8749656677,"min":1.50477850437,"var":378.509124756},"gfcc":{"cov":[[25198.5683594,931.10546875,-4176.77197266,394.123565674,-1591.43359375,355.220184326,-772.452819824,-5.46831083298,-563.473937988,-89.9519500732,-180.221237183,-47.5008811951,-89.51612854],[931.10546875,1529.87597656,-224.850204468,-374.845977783,150.526123047,-337.472381592,88.6390380859,31.6751689911,82.3419723511,-144.185165405,121.305206299,-57.5409965515,-44.3042373657],[-4176.77197266,-224.850204468,1611.06213379,186.373718262,29.0232410431,101.37928772,-48.6658248901,20.8651714325,53.1985702515,51.6684684753,5.92041683197,48.7674369812,-5.09875535965],[394.123565674,-374.845977783,186.373718262,496.069396973,11.1092681885,35.0479545593,-137.7684021,-21.9487571716,40.8320388794,60.8447799683,-63.9775848389,13.3725910187,54.3792991638],[-1591.43359375,150.526123047,29.0232410431,11.1092681885,465.019195557,-88.9867401123,46.7564353943,25.0356388092,104.335769653,-5.86753225327,-39.3881912231,-41.6055412292,56.2702903748],[355.220184326,-337.472381592,101.37928772,35.0479545593,-88.9867401123,357.887298584,34.8555030823,-47.806930542,-119.567024231,48.3996810913,-23.8423538208,-7.72247695923,-14.6891145706],[-772.452819824,88.6390380859,-48.6658248901,-137.7684021,46.7564353943,34.8555030823,302.702453613,8.81471729279,-30.7927780151,-8.07263374329,49.1563987732,-19.7857780457,-43.0857658386],[-5.46831083298,31.6751689911,20.8651714325,-21.9487571716,25.0356388092,-47.806930542,8.81471729279,143.934555054,57.1783828735,-7.6465177536,-32.8048286438,-25.7201080322,-3.53771138191],[-563.473937988,82.3419723511,53.1985702515,40.8320388794,104.335769653,-119.567024231,-30.7927780151,57.1783828735,166.208557129,7.31885910034,-34.1097068787,-15.6570339203,22.8775997162],[-89.9519500732,-144.185165405,51.6684684753,60.8447799683,-5.86753225327,48.3996810913,-8.07263374329,-7.6465177536,7.31885910034,107.302062988,18.3376426697,-24.1903343201,-16.3984870911],[-180.221237183,121.305206299,5.92041683197,-63.9775848389,-39.3881912231,-23.8423538208,49.1563987732,-32.8048286438,-34.1097068787,18.3376426697,161.114044189,46.5986099243,-51.2090492249],[-47.5008811951,-57.5409965515,48.7674369812,13.3725910187,-41.6055412292,-7.72247695923,-19.7857780457,-25.7201080322,-15.6570339203,-24.1903343201,46.5986099243,122.768096924,24.0355701447],[-89.51612854,-44.3042373657,-5.09875535965,54.3792991638,56.2702903748,-14.6891145706,-43.0857658386,-3.53771138191,22.8775997162,-16.3984870911,-51.2090492249,24.0355701447,123.483505249]],"icov":[[0.000590097566601,-0.0013186596334,0.00166119763162,-0.00158649566583,0.0016979330685,-0.00136371084955,0.00126429623924,-0.00144773966167,0.00133648479823,-0.000981889781542,0.00142929563299,-0.0011754197767,0.000629135640338],[-0.0013186596334,0.00426001567394,-0.00371991680004,0.00416749529541,-0.00397681398317,0.00375139620155,-0.00268266955391,0.00350199057721,-0.00344260409474,0.00389432790689,-0.00462368922308,0.00408680271357,-0.00155158725102],[0.00166119763162,-0.00371991680004,0.0053793634288,-0.00468807900324,0.00469025876373,-0.00420327996835,0.00361904012971,-0.00426422571763,0.00337489321828,-0.00284554460086,0.00389839336276,-0.0037126597017,0.00199568411335],[-0.00158649566583,0.00416749529541,-0.00468807900324,0.00739868404344,-0.00468207709491,0.00391493039206,-0.00246430165134,0.00458955904469,-0.00420365808532,0.00168137613218,-0.00338540528901,0.00314013310708,-0.00224876683205],[0.0016979330685,-0.00397681398317,0.00469025876373,-0.00468207709491,0.00781723298132,-0.00374284177087,0.00282025011256,-0.00375913898461,0.0023062818218,-0.00283096753992,0.0042072176002,-0.00240616407245,0.000338324549375],[-0.00136371084955,0.00375139620155,-0.00420327996835,0.00391493039206,-0.00374284177087,0.00841669086367,-0.00365465763025,0.00401842361316,0.000348453584593,0.000443642231403,-0.00161019526422,0.0029746927321,-0.00124590669293],[0.00126429623924,-0.00268266955391,0.00361904012971,-0.00246430165134,0.00282025011256,-0.00365465763025,0.00708436919376,-0.00362901994959,0.00315931811929,-0.00135477236472,0.0015203737421,-0.00166789069772,0.00202658423223],[-0.00144773966167,0.00350199057721,-0.00426422571763,0.00458955904469,-0.00375913898461,0.00401842361316,-0.00362901994959,0.0125194061548,-0.00620026746765,0.00310333189555,-0.00202070176601,0.00403013825417,-0.000768394849729],[0.00133648479823,-0.00344260409474,0.00337489321828,-0.00420365808532,0.0023062818218,0.000348453584593,0.00315931811929,-0.00620026746765,0.0146540943533,-0.00562787614763,0.00593715999275,-0.00372618879192,0.00136458023917],[-0.000981889781542,0.00389432790689,-0.00284554460086,0.00168137613218,-0.00283096753992,0.000443642231403,-0.00135477236472,0.00310333189555,-0.00562787614763,0.0174515265971,-0.00869545713067,0.00811777915806,-0.00103939208202],[0.00142929563299,-0.00462368922308,0.00389839336276,-0.00338540528901,0.0042072176002,-0.00161019526422,0.0015203737421,-0.00202070176601,0.00593715999275,-0.00869545713067,0.0168528445065,-0.010197237134,0.00611196830869],[-0.0011754197767,0.00408680271357,-0.0037126597017,0.00314013310708,-0.00240616407245,0.0029746927321,-0.00166789069772,0.00403013825417,-0.00372618879192,0.00811777915806,-0.010197237134,0.0167903471738,-0.00566674116999],[0.000629135640338,-0.00155158725102,0.00199568411335,-0.00224876683205,0.000338324549375,-0.00124590669293,0.00202658423223,-0.000768394849729,0.00136458023917,-0.00103939208202,0.00611196830869,-0.00566674116999,0.0126998834312]],"mean":[-66.4262237549,113.868911743,-118.235282898,29.925699234,-57.3572158813,8.58962535858,-43.2151374817,9.24194812775,-17.7341842651,-6.46129798889,-13.9661855698,-9.12259960175,-12.2706193924]},"hfc":{"dmean":3.77824425697,"dmean2":5.27018642426,"dvar":40.0831947327,"dvar2":84.3125991821,"max":192.345596313,"mean":16.5470752716,"median":11.0602970123,"min":1.06778058592e-16,"var":425.035858154},"melbands":{"dmean":[0.000119605647342,0.000266614195425,0.000190983831999,0.000238575041294,0.000125850812765,0.000116746581625,0.000136218659463,0.000122461555293,0.000107616004243,0.0000858041457832,0.000075711584941,0.0000462371135654,0.00004113356772,0.0000216079497477,0.0000255042850767,0.0000260062879534,0.0000347028726537,0.0000425434809586,0.0000423398378189,0.0000239152232098,0.0000149751595018,0.00000999935855361,0.0000129168547573,0.0000178170830623,0.00000419899743065,0.00000168550764101,0.0000022963158699,0.00000330869943355,0.00000162847629781,5.45590637557e-7,7.093266845e-7,0.00000107878645395,9.45083058923e-7,6.54514167309e-7,5.0610958624e-7,4.02371171049e-7,4.86000942601e-7,3.64320243307e-7,2.30982422522e-7,1.44553666814e-7],"dmean2":[0.000197098299395,0.000417813280364,0.000309036287945,0.000387155043427,0.000195743094082,0.000163722535945,0.00018010904023,0.000172336556716,0.000164010751178,0.000127372346469,0.000115832226584,0.0000709336454747,0.0000630517824902,0.0000342188177456,0.000040085236833,0.0000420237338403,0.0000537369960512,0.0000673358226777,0.000065993051976,0.0000355265910912,0.0000223211318371,0.0000154120116349,0.0000200961258088,0.0000283476729237,0.00000633912441117,0.00000260022011389,0.00000342828980138,0.00000512447513756,0.00000255768486568,8.1089581272e-7,0.00000105395031369,0.00000162908202128,0.00000138748191603,9.54083702709e-7,7.18337844319e-7,5.79120751354e-7,7.25921211142e-7,5.3537257827e-7,3.30601267251e-7,2.07719295986e-7],"dvar":[5.0117844097e-8,1.06203543737e-7,9.42120621517e-8,1.26818719082e-7,4.31569695536e-8,5.08565989321e-8,9.76799512387e-8,6.89501717943e-8,6.15963600126e-8,2.99337408194e-8,3.86879648318e-8,1.90983335813e-8,9.51637524338e-9,3.28203197952e-9,5.4103552749e-9,5.46556933045e-9,1.81268635657e-8,1.50399852572e-8,1.57594399752e-8,8.65531468719e-9,1.05034025921e-8,2.32137864487e-9,2.01700656177e-9,3.88709642252e-9,3.22649740259e-10,2.41419315095e-11,3.80362963348e-11,2.34561065016e-10,4.59243025552e-11,2.81505439619e-12,5.38673749703e-12,1.69795531801e-11,1.11025312208e-11,6.96656924856e-12,4.87635496219e-12,3.20068082281e-12,3.83133455517e-12,1.94265068441e-12,7.92871248257e-13,3.25617950572e-13],"dvar2":[1.26049116034e-7,2.5326062314e-7,2.6129401931e-7,3.3805903854e-7,1.0668467354e-7,1.04671428858e-7,1.6542723813e-7,1.40205102639e-7,1.4174972307e-7,7.2177172683e-8,9.46812548364e-8,5.47054241906e-8,2.31945147533e-8,8.2748599084e-9,1.39009141975e-8,1.37459341687e-8,4.5415035288e-8,3.90054744059e-8,4.05965785433e-8,1.88472331075e-8,2.49837448507e-8,5.97051297291e-9,5.25268673002e-9,1.02355848242e-8,7.84618536809e-10,5.92707202762e-11,8.74194883149e-11,5.92579874059e-10,1.21464921454e-10,5.87530588417e-12,1.10998120417e-11,3.68596993205e-11,2.34893597628e-11,1.49731494564e-11,8.76956667006e-12,5.76350512455e-12,8.32249720528e-12,3.75577607209e-12,1.34241511136e-12,6.47868586036e-13],"max":[0.00710077304393,0.00602455530316,0.00601379806176,0.00555931823328,0.00381235545501,0.00418042810634,0.00620917975903,0.00515986513346,0.0067120725289,0.00400797557086,0.00362602202222,0.00363997742534,0.00281384238042,0.00135316490196,0.00212937640026,0.00217303191312,0.00474326778203,0.0029468385037,0.00291001377627,0.00477094156668,0.00489962939173,0.00215349555947,0.00159972719848,0.00198756367899,0.000928636349272,0.000168503582245,0.00014572069631,0.000503361108713,0.000186994526302,0.0000438227398263,0.000067200162448,0.000113484915346,0.0000922955368878,0.0000832267396618,0.0000835118698888,0.0000682061290718,0.0000658852877677,0.0000521322290297,0.0000401907163905,0.0000208358178497],"mean":[0.000217060311115,0.000549856340513,0.000456520501757,0.000427291844971,0.00027982814936,0.000278767838608,0.000314977776725,0.000265014299657,0.000211403370486,0.00018789069145,0.000149009560118,0.0000919596132007,0.0000839573185658,0.0000455171175417,0.0000531580481038,0.0000534829523531,0.0000677251155139,0.0000743703276385,0.0000783498835517,0.0000458957511,0.0000260829365288,0.0000210835878534,0.0000288104474748,0.0000377557516913,0.00000877686034073,0.00000392366928281,0.00000539989605386,0.00000730260126147,0.00000339633334079,0.00000104272237422,0.00000150842959101,0.00000240078111347,0.0000020281788693,0.00000127494627122,9.23405423237e-7,7.09976234248e-7,8.03739908406e-7,6.35933645299e-7,4.30623174452e-7,2.66822581807e-7],"median":[0.000123564503156,0.000353589945007,0.000331216549966,0.000273957964964,0.000148975668708,0.0000992561253952,0.0000929109737626,0.0000835314785945,0.0000963565107668,0.0000688231302775,0.0000332384188368,0.0000197780755116,0.0000203064973903,0.00000841267410578,0.0000127394778247,0.00000894773802429,0.0000069572852226,0.00000717006423656,0.00000583229484619,0.00000350177924702,0.00000283081362795,0.00000390070454159,0.00000508821267431,0.00000517581702297,0.00000235991547015,0.00000156479836733,0.00000161019534062,0.00000115437410386,2.87091438622e-7,1.62920827051e-7,2.70362193078e-7,3.06548173512e-7,3.34324823825e-7,2.52066655548e-7,1.59024992286e-7,1.28789608311e-7,1.13333804563e-7,9.52681489252e-8,7.04997802359e-8,4.52328912104e-8],"min":[6.12137770739e-25,9.0180093773e-25,2.59120770298e-24,1.90398087578e-24,4.44204420286e-25,1.51162236633e-24,1.57753199079e-24,1.62150615448e-24,2.26084025005e-24,1.66312546976e-24,2.41555342572e-24,2.36527005112e-24,2.70254634785e-24,3.41018928972e-24,2.5206790021e-24,3.66326454558e-24,1.88631492745e-24,3.56891125929e-24,3.2309827718e-24,3.55270253427e-24,2.71300960168e-24,3.27791841794e-24,4.34326698462e-24,3.74568236638e-24,3.36638029377e-24,4.29381802763e-24,4.98812685362e-24,5.4143444564e-24,5.22220476116e-24,5.59045765349e-24,4.98310457066e-24,5.47718393282e-24,5.09668910253e-24,5.80701417147e-24,4.91886289398e-24,5.18242171685e-24,5.36598333861e-24,6.8135730764e-24,6.5460206452e-24,5.57372315268e-24],"var":[8.62717755012e-8,3.72106910618e-7,2.01753834972e-7,2.25989651881e-7,1.35420023639e-7,2.29404619745e-7,3.99216190772e-7,2.5159499728e-7,1.31015241323e-7,7.96143311277e-8,9.22445124729e-8,4.45347900779e-8,3.02001517127e-8,9.14951048259e-9,1.22641230504e-8,1.46022003378e-8,5.50628200813e-8,3.22181286094e-8,3.73717696789e-8,2.44533264748e-8,1.62530309211e-8,4.91996487995e-9,5.99495075804e-9,1.21112346818e-8,6.90305201889e-10,6.66120145154e-11,1.45533113338e-10,7.04807434637e-10,1.31483712806e-10,8.01691872609e-12,1.86042604933e-11,6.66597749222e-11,3.19235679558e-11,1.58458281219e-11,1.16001132311e-11,7.03971343025e-12,6.80190539309e-12,4.04462140863e-12,1.89068682585e-12,6.50008042183e-13]},"melbands_crest":{"dmean":2.70194888115,"dmean2":4.38631772995,"dvar":5.99560832977,"dvar2":16.1438045502,"max":30.9622154236,"mean":11.8359689713,"median":11.1160078049,"min":1.64249241352,"var":21.6969871521},"melbands_flatness_db":{"dmean":0.0192489251494,"dmean2":0.0279143936932,"dvar":0.000412768946262,"dvar2":0.000770895218011,"max":0.539703130722,"mean":0.22246992588,"median":0.210718542337,"min":0.00328763294965,"var":0.00685978960246},"melbands_kurtosis":{"dmean":5.31751918793,"dmean2":8.12948131561,"dvar":146.074966431,"dvar2":343.069091797,"max":438.212341309,"mean":12.1741933823,"median":3.92692017555,"min":-1.81058311462,"var":639.017333984},"melbands_skewness":{"dmean":0.53292119503,"dmean2":0.799865603447,"dvar":0.38080149889,"dvar2":0.815660178661,"max":14.3460178375,"mean":2.04339575768,"median":1.62227451801,"min":-1.38900244236,"var":3.25122380257},"melbands_spread":{"dmean":5.60897922516,"dmean2":8.36483669281,"dvar":77.639465332,"dvar2":154.216384888,"max":179.31072998,"mean":25.4068603516,"median":19.3157024384,"min":0.380469948053,"var":520.949401855},"mfcc":{"cov":[[11816.7480469,-156.909240723,-1854.1361084,-449.699584961,-793.961486816,-10.9915122986,-81.4098052979,-16.9296684265,-258.38961792,-45.2195358276,26.1889362335,-290.592468262,-130.479629517],[-156.909240723,1933.05871582,-261.270019531,-28.1362781525,-14.8147411346,-289.088867188,2.54914903641,98.6098709106,-70.5406265259,-30.1297950745,72.5767440796,7.95494699478,55.3415336609],[-1854.1361084,-261.270019531,1287.00048828,87.7689666748,157.652557373,98.0011825562,-5.16430711746,-16.0684947968,-28.6310272217,-32.7762298584,-52.3142204285,115.165061951,5.50967407227],[-449.699584961,-28.1362781525,87.7689666748,436.291595459,209.204238892,-36.4408950806,-132.02885437,-25.8855171204,80.8938446045,27.1122455597,-34.4189109802,19.0333957672,49.928188324],[-793.961486816,-14.8147411346,157.652557373,209.204238892,392.521392822,4.34282493591,-115.587837219,-52.173412323,113.928741455,41.5684661865,-57.9983711243,7.74716901779,6.40786790848],[-10.9915122986,-289.088867188,98.0011825562,-36.4408950806,4.34282493591,278.877471924,115.844673157,-28.7868289948,-10.3010082245,9.28133678436,23.7219848633,-21.0944004059,-58.9265975952],[-81.4098052979,2.54914903641,-5.16430711746,-132.02885437,-115.587837219,115.844673157,263.396881104,35.1731109619,-57.7760505676,8.33962345123,51.5764274597,6.1759390831,-27.0952167511],[-16.9296684265,98.6098709106,-16.0684947968,-25.8855171204,-52.173412323,-28.7868289948,35.1731109619,132.565536499,6.94745635986,-31.5805854797,2.49810266495,6.58978176117,26.8994312286],[-258.38961792,-70.5406265259,-28.6310272217,80.8938446045,113.928741455,-10.3010082245,-57.7760505676,6.94745635986,230.142532349,69.2599411011,-54.9463806152,-44.9855194092,-19.6171283722],[-45.2195358276,-30.1297950745,-32.7762298584,27.1122455597,41.5684661865,9.28133678436,8.33962345123,-31.5805854797,69.2599411011,143.94744873,32.3909072876,-25.1816234589,-34.0836982727],[26.1889362335,72.5767440796,-52.3142204285,-34.4189109802,-57.9983711243,23.7219848633,51.5764274597,2.49810266495,-54.9463806152,32.3909072876,138.682983398,44.9133148193,-17.8791027069],[-290.592468262,7.95494699478,115.165061951,19.0333957672,7.74716901779,-21.0944004059,6.1759390831,6.58978176117,-44.9855194092,-25.1816234589,44.9133148193,128.282531738,38.5745582581],[-130.479629517,55.3415336609,5.50967407227,49.928188324,6.40786790848,-58.9265975952,-27.0952167511,26.8994312286,-19.6171283722,-34.0836982727,-17.8791027069,38.5745582581,115.668037415]],"icov":[[0.000139137599035,0.0000176576922968,0.000187778074178,0.0000169133490999,0.000238091975916,-0.000119170697872,0.000244602968451,-0.0000347415225406,0.00021098725847,-0.0000948923407122,0.000177211972186,0.0000495206040796,0.000142436227179],[0.0000176576922968,0.000716637412552,0.0000771946506575,0.0000359921177733,-0.000339270452969,0.000925623869989,-0.000340149796102,-0.000316357851261,0.000230610356084,0.00027216860326,-0.000636658223812,0.000482854462462,0.00000194302720047],[0.000187778074178,0.0000771946506575,0.00127149815671,-0.0000332127201546,-0.0000039266847125,-0.000587002548855,0.000384631013731,-0.000321096536936,0.000686743471306,-0.000355791999027,0.00119273771998,-0.00124284380581,0.000605079694651],[0.0000169133490999,0.0000359921177733,-0.0000332127201546,0.00354613270611,-0.00137156806886,-0.000233188649872,0.00112427782733,0.00000154253575602,-0.00035501937964,-0.000458790600533,-0.000291599979391,-0.000130134314531,-0.00150413671508],[0.000238091975916,-0.000339270452969,-0.0000039266847125,-0.00137156806886,0.00504619581625,-0.00129604816902,0.00155759498011,0.00106765714008,-0.00102607440203,-0.000986369559541,0.00178202544339,-0.00117909396067,0.000403885758715],[-0.000119170697872,0.000925623869989,-0.000587002548855,-0.000233188649872,-0.00129604816902,0.00692537007853,-0.00355225917883,0.00122535054106,-0.000382889586035,0.00188522413373,-0.0022700522095,0.0021520673763,0.00145613006316],[0.000244602968451,-0.000340149796102,0.000384631013731,0.00112427782733,0.00155759498011,-0.00355225917883,0.00729388184845,-0.00214670132846,0.0013892671559,-0.00215156050399,0.000584647932556,-0.0010864273645,0.000301210675389],[-0.0000347415225406,-0.000316357851261,-0.000321096536936,0.00000154253575602,0.00106765714008,0.00122535054106,-0.00214670132846,0.0103454254568,-0.00285979779437,0.00317224976607,-0.00151255656965,0.000765760545619,-0.00225629587658],[0.00021098725847,0.000230610356084,0.000686743471306,-0.00035501937964,-0.00102607440203,-0.000382889586035,0.0013892671559,-0.00285979779437,0.00812483392656,-0.00431949691847,0.00355032319203,0.000232879800024,0.00167674489785],[-0.0000948923407122,0.00027216860326,-0.000355791999027,-0.000458790600533,-0.000986369559541,0.00188522413373,-0.00215156050399,0.00317224976607,-0.00431949691847,0.012057040818,-0.00584406172857,0.00318143935874,0.000606978661381],[0.000177211972186,-0.000636658223812,0.00119273771998,-0.000291599979391,0.00178202544339,-0.0022700522095,0.000584647932556,-0.00151255656965,0.00355032319203,-0.00584406172857,0.0142330750823,-0.00685778306797,0.00317422836088],[0.0000495206040796,0.000482854462462,-0.00124284380581,-0.000130134314531,-0.00117909396067,0.0021520673763,-0.0010864273645,0.000765760545619,0.000232879800024,0.00318143935874,-0.00685778306797,0.0137615622953,-0.00400313688442],[0.000142436227179,0.00000194302720047,0.000605079694651,-0.00150413671508,0.000403885758715,0.00145613006316,0.000301210675389,-0.00225629587658,0.00167674489785,0.000606978661381,0.00317422836088,-0.00400313688442,0.0130292372778]],"mean":[-697.488708496,137.710876465,1.46344411373,19.7030639648,8.5277261734,-3.10742855072,-7.16481351852,5.20307254791,-3.73491978645,3.09900331497,2.76956272125,-5.12008953094,-5.29160308838]},"pitch_salience":{"dmean":0.0564179085195,"dmean2":0.0909655243158,"dvar":0.00249588303268,"dvar2":0.00644718948752,"max":0.973365604877,"mean":0.565629124641,"median":0.569148778915,"min":0.0813257321715,"var":0.00880889501423},"silence_rate_20dB":{"dmean":0,"dmean2":0,"dvar":0,"dvar2":0,"max":1,"mean":1,"median":1,"min":1,"var":0},"silence_rate_30dB":{"dmean":0,"dmean2":0,"dvar":0,"dvar2":0,"max":1,"mean":1,"median":1,"min":1,"var":0},"silence_rate_60dB":{"dmean":0.0282574575394,"dmean2":0.0565229803324,"dvar":0.0274579580873,"dvar2":0.0607530139387,"max":1,"mean":0.112442925572,"median":0,"min":0,"var":0.0997966006398},"spectral_centroid":{"dmean":171.305801392,"dmean2":246.982223511,"dvar":77862.015625,"dvar2":146234.484375,"max":11685.2324219,"mean":1281.64282227,"median":1024.01293945,"min":157.101531982,"var":1694692.875},"spectral_complexity":{"dmean":2.03111171722,"dmean2":3.077647686,"dvar":4.81376171112,"dvar2":9.7941942215,"max":44,"mean":14.1576766968,"median":14,"min":0,"var":63.250453949},"spectral_contrast_coeffs":{"dmean":[0.0468702800572,0.0404115878046,0.0345395989716,0.0303600374609,0.020916165784,0.0144103216007],"dmean2":[0.0786495134234,0.06395226717,0.0541732385755,0.0477681085467,0.03192364797,0.0220837276429],"dvar":[0.00141105859075,0.00121981813572,0.000858559447806,0.000659023236949,0.000372624781448,0.000213952182094],"dvar2":[0.00408027973026,0.00295348279178,0.00204794690944,0.00155160413124,0.000744015851524,0.000408785359468],"max":[-0.379447340965,-0.366998612881,-0.463680535555,-0.493139207363,-0.511460840702,-0.611152470112],"mean":[-0.638007462025,-0.702935993671,-0.719219565392,-0.726300060749,-0.7569617033,-0.795196175575],"median":[-0.635807335377,-0.704453587532,-0.713409900665,-0.722807645798,-0.75111323595,-0.799988508224],"min":[-0.980003833771,-0.978215396404,-0.977091550827,-0.97719836235,-0.975860893726,-0.964665591717],"var":[0.00541114620864,0.00660595111549,0.00767128821462,0.00712474901229,0.00519924750552,0.00288234092295]},"spectral_contrast_valleys":{"dmean":[0.378583014011,0.299327760935,0.292098730803,0.263036102057,0.223874792457,0.208278253675],"dmean2":[0.639815330505,0.474793225527,0.454869538546,0.398419111967,0.314518392086,0.281644463539],"dvar":[0.116574279964,0.0940957665443,0.0917198807001,0.0829356610775,0.0757557973266,0.0990066379309],"dvar2":[0.288294285536,0.196869403124,0.176688298583,0.151729077101,0.117670066655,0.144043311477],"max":[-5.83117008209,-5.30715370178,-5.63141536713,-6.18347072601,-5.81062793732,-7.60629844666],"mean":[-7.84011507034,-7.34995794296,-8.41727828979,-8.68399047852,-8.68285942078,-11.0045108795],"median":[-7.49014568329,-6.89505529404,-7.98971271515,-8.25350093842,-8.27739429474,-10.743139267],"min":[-28.0203704834,-28.1333389282,-27.9335422516,-27.7161750793,-27.5448970795,-27.3917255402],"var":[5.6397895813,6.32485580444,6.07649326324,5.8123717308,5.73107624054,4.79012680054]},"spectral_decrease":{"dmean":8.54626425184e-10,"dmean2":1.25430743569e-9,"dvar":8.86723554586e-19,"dvar2":1.92532015797e-18,"max":1.27992838354e-28,"mean":-4.04753741634e-9,"median":-3.70664210436e-9,"min":-1.91743243505e-8,"var":8.22358315018e-18},"spectral_energy":{"dmean":0.00349097559229,"dmean2":0.00510477693751,"dvar":0.0000153520959429,"dvar2":0.0000332465388055,"max":0.08923612535,"mean":0.0167771615088,"median":0.0151319596916,"min":1.00720257883e-20,"var":0.000152027787408},"spectral_energyband_high":{"dmean":0.000166087673279,"dmean2":0.000227018987061,"dvar":2.37970724015e-7,"dvar2":4.60612000097e-7,"max":0.0113617060706,"mean":0.000441464653704,"median":0.0000950189860305,"min":7.07953270908e-21,"var":0.00000110864209546},"spectral_energyband_low":{"dmean":0.00109618285205,"dmean2":0.00173779495526,"dvar":0.00000174892261384,"dvar2":0.00000434715229858,"max":0.0254553835839,"mean":0.00268302881159,"median":0.00207608705387,"min":1.67296351188e-23,"var":0.00000531275418325},"spectral_energyband_middle_high":{"dmean":0.00160639768001,"dmean2":0.00237554800697,"dvar":0.00000835021637613,"dvar2":0.0000203975760087,"max":0.0704612210393,"mean":0.00586341973394,"median":0.00252248719335,"min":1.19133183207e-21,"var":0.0000705397178535},"spectral_energyband_middle_low":{"dmean":0.00242242403328,"dmean2":0.00356144784018,"dvar":0.00000854048175825,"dvar2":0.0000185164099094,"max":0.0456651113927,"mean":0.00846998952329,"median":0.00733415363356,"min":1.73377894477e-22,"var":0.0000457149471913},"spectral_entropy":{"dmean":0.141246914864,"dmean2":0.201499521732,"dvar":0.0261182840914,"dvar2":0.045714635402,"max":9.83092594147,"mean":7.17508840561,"median":7.1945066452,"min":5.12644910812,"var":0.382661104202},"spectral_flux":{"dmean":0.0129719590768,"dmean2":0.0204803477973,"dvar":0.000174913409865,"dvar2":0.000427418301115,"max":0.264251619577,"mean":0.0560830011964,"median":0.0524056330323,"min":6.48646206192e-11,"var":0.00107683101669},"spectral_kurtosis":{"dmean":2.27792739868,"dmean2":3.87233400345,"dvar":8.93047428131,"dvar2":24.9434528351,"max":51.228843689,"mean":6.93620586395,"median":5.55432891846,"min":-1.26495504379,"var":35.5590362549},"spectral_rms":{"dmean":0.000417327129981,"dmean2":0.000601186591666,"dvar":1.62751490507e-7,"dvar2":3.21394907132e-7,"max":0.0093305753544,"mean":0.00372587353922,"median":0.00384225021116,"min":3.13470365117e-12,"var":0.00000248586070484},"spectral_rolloff":{"dmean":316.218719482,"dmean2":530.26348877,"dvar":611104.9375,"dvar2":1236031.125,"max":19530.6152344,"mean":1616.41040039,"median":1184.32617188,"min":21.533203125,"var":5409715},"spectral_skewness":{"dmean":0.245603203773,"dmean2":0.395957678556,"dvar":0.0683730319142,"dvar2":0.167794287205,"max":5.47139930725,"mean":1.8642745018,"median":1.78998160362,"min":-0.0733505040407,"var":0.526404976845},"spectral_spread":{"dmean":415511.40625,"dmean2":598366.5625,"dvar":630390718464,"dvar2":1142563274750,"max":42418524,"mean":4528494.5,"median":3424772.5,"min":1187889.625,"var":20231525236700},"spectral_strongpeak":{"dmean":0.70533400774,"dmean2":1.18697297573,"dvar":1.48522078991,"dvar2":3.92954611778,"max":17.9217739105,"mean":1.38963580132,"median":0.589591503143,"min":0,"var":3.7914557457},"zerocrossingrate":{"dmean":0.00751201901585,"dmean2":0.00851167738438,"dvar":0.000135370428325,"dvar2":0.000130487256683,"max":0.52294921875,"mean":0.0590676777065,"median":0.04736328125,"min":0.00439453125,"var":0.00364986946806}},"metadata":{"audio_properties":{"analysis_sample_rate":44100,"bit_rate":0,"codec":"flac","downmix":"mix","equal_loudness":0,"length":162.693328857,"lossless":true,"md5_encoded":"29673e977fce6fca056525b1652c9e67","replay_gain":-12.6917495728},"tags":{"album":["Past Masters (disc 1)"],"albumartist":["The Beatles"],"albumartistsort":["Beatles, The"],"artist":["The Beatles"],"artistsort":["Beatles, The"],"asin":["B000002USY"],"barcode":["5099969944963"],"catalognumber":["99449"],"date":["2009-12-08"],"file_name":"17 Yes It Is.flac","format":["Digital"],"genre":["Rock"],"isrc":["GBAYE0801395"],"label":["Capitol Records"],"language":["eng"],"musicbrainz_albumartistid":["b10bbbfc-cf9e-42e0-be17-e2c3e1d2600d"],"musicbrainz_albumid":["b5885b2d-afae-47b1-945e-6e1869590974"],"musicbrainz_artistid":["b10bbbfc-cf9e-42e0-be17-e2c3e1d2600d"],"musicbrainz_recordingid":["c2ab2f34-c833-405f-8b1f-c4582c2518d4"],"releasecountry":["US"],"releasestatus":["official"],"releasetype":["compilation"],"replaygain_album_gain":["-7.81 dB"],"replaygain_album_peak":["1.00000000"],"replaygain_reference_loudness":["89.0 dB"],"replaygain_track_gain":["-7.10 dB"],"replaygain_track_peak":["0.97720337"],"script":["Latn"],"title":["Yes It Is"],"totaltracks":["18"],"tracknumber":["17"],"tracktotal":["18"]},"version":{"essentia":"2.1-beta1","essentia_build_sha":"eef087cf131c10083d474ad51def18efd0e38295","essentia_git_sha":"v2.1_beta1-7-ge0e83e8-dirty","extractor":"music 1.0"}},"rhythm":{"beats_count":180,"beats_loudness":{"dmean":0.0103730652481,"dmean2":0.0176519285887,"dvar":0.0000800435955171,"dvar2":0.000211626465898,"max":0.0820880904794,"mean":0.0234959833324,"median":0.0226624421775,"min":0,"var":0.000189002399566},"beats_loudness_band_ratio":{"dmean":[0.183603271842,0.14937402308,0.16905388236,0.111960746348,0.123590923846,0.0517117381096],"dmean2":[0.319015145302,0.252831667662,0.280237913132,0.196528658271,0.221064