{"lowlevel":{"average_loudness":0.85260206461,"barkbands":{"dmean":[0.0000207907669392,0.00274430867285,0.00129290076438,0.00127286300994,0.00528438994661,0.00176880182698,0.000849209260195,0.000950618414208,0.000459325412521,0.000652650604025,0.000500493799336,0.000473347172374,0.000238099484704,0.000243947200943,0.000260633882135,0.00024195984588,0.000174239015905,0.000184382806765,0.000145917205373,0.000120776327094,0.0000798631299403,0.0000572761200601,0.0000725441495888,0.0000588936163695,0.0000286125305138,0.00000834660841065,9.64464675235e-7],"dmean2":[0.0000308726739604,0.00452392594889,0.00218278169632,0.00220587197691,0.00869506131858,0.00292734755203,0.0013687297469,0.00150696956553,0.000714422320016,0.00103085639421,0.000819664797746,0.000778850226197,0.000383404054446,0.000391476816731,0.000427920051152,0.000393690919736,0.000280413485598,0.000292383279884,0.000228431759751,0.000188059537322,0.000120198979857,0.0000847754708957,0.000107991181721,0.0000877315615071,0.0000432064880442,0.0000127914945551,0.00000154152633058],"dvar":[1.78445269672e-9,0.0000330144648615,0.00000593716777075,0.00000289682407129,0.0000404991951655,0.0000066252164288,0.00000200857698474,0.00000268167991635,9.61265072874e-7,0.00000160369040714,0.00000170339399119,0.00000201589909921,2.85268527023e-7,3.24600421209e-7,2.74988565252e-7,5.8241437273e-7,9.70567697323e-8,1.28113867959e-7,1.09944508608e-7,8.58859436903e-8,2.55584726716e-8,1.60717075204e-8,3.36690320069e-8,2.84892855973e-8,7.05509695109e-9,7.86809228881e-10,8.39459144558e-12],"dvar2":[3.97866273261e-9,0.0000812170983409,0.0000152231332322,0.00000792782157077,0.000109031738248,0.0000175751429197,0.00000513180066264,0.00000660316663925,0.00000218613536163,0.00000371431497115,0.00000469402084491,0.00000559004593015,6.87709871272e-7,8.06109085261e-7,7.03531270574e-7,0.00000145960973441,2.42797653982e-7,3.00895010241e-7,2.4846656288e-7,1.95506501655e-7,5.71624454437e-8,3.3701564206e-8,6.84799346118e-8,5.92548587974e-8,1.61651154684e-8,1.85626558569e-9,2.04313701374e-11],"max":[0.000336411991157,0.0448141247034,0.0238516703248,0.0429639741778,0.0876660570502,0.064349077642,0.0249325595796,0.0303434636444,0.0209504086524,0.0231085140258,0.028899513185,0.0532880201936,0.0105943344533,0.0119377793744,0.0102526433766,0.0265848618001,0.00803319364786,0.0120971240103,0.0167558137327,0.00926178414375,0.00445809820667,0.00335828238167,0.00508822035044,0.0055488855578,0.00227061077021,0.00102382828481,0.000126056373119],"mean":[0.000019103385057,0.00257741683163,0.00141422648448,0.00172563060187,0.0099004432559,0.00340507598594,0.00160802830942,0.00151315215044,0.000729047285859,0.00109869218431,0.000784426229075,0.000729911960661,0.000372492882889,0.000379387376597,0.00043847161578,0.000401031720685,0.000322152744047,0.000339646474458,0.000279364088783,0.000213980223634,0.000141755110235,0.00009986126679,0.000114250076876,0.0000896916899364,0.000040454651753,0.0000106952456917,0.00000102788089862],"median":[0.00000133309833927,0.000517189269885,0.00067434750963,0.00113555043936,0.00741177145392,0.00235631107353,0.000978545285761,0.000753782514948,0.000290404364932,0.000448674341897,0.000262840418145,0.000242951820837,0.000158259397722,0.000156989321113,0.000184956908925,0.000149235449499,0.000171414139913,0.000167400197824,0.000143075158121,0.000107581377961,0.0000706622668076,0.0000420370379288,0.0000357434109901,0.0000240759036387,0.000011485174582,0.00000265105177277,2.04567186302e-7],"min":[2.2353419029e-12,1.26394662965e-13,5.51710509593e-17,5.8956844203e-16,5.39178822575e-15,2.38100855594e-15,3.25633176836e-15,4.2959562909e-15,6.13042255509e-15,1.01853763732e-14,8.33227157247e-15,2.3836747192e-14,1.73313749149e-14,1.97980483597e-14,2.51403834138e-14,6.82395559872e-14,8.30129828809e-14,1.10550078206e-13,2.21854910202e-13,3.78664872895e-13,4.27689703314e-13,9.14685319674e-13,1.55073664413e-12,1.01547568097e-12,3.44214500653e-12,2.31278850238e-11,1.54301538213e-9],"var":[2.00315075638e-9,0.0000305453468172,0.00000536566722076,0.00000380358846996,0.000078172335634,0.0000127851753859,0.00000414238911617,0.00000473355885333,0.00000196146311282,0.00000344628233506,0.00000291956143883,0.0000035541552279,5.03140881847e-7,5.55338374397e-7,5.28060752458e-7,8.63663558448e-7,2.07308829658e-7,2.65908539632e-7,2.28201031405e-7,1.32658030338e-7,4.85976272557e-8,3.20263566778e-8,7.61014362638e-8,6.57383196767e-8,1.08748521299e-8,1.06960840185e-9,9.53812202831e-12]},"barkbands_crest":{"dmean":2.926684618,"dmean2":4.86512804031,"dvar":6.55270576477,"dvar2":17.26471138,"max":26.8399391174,"mean":11.2053546906,"median":10.1833133698,"min":2.44392776489,"var":23.2028369904},"barkbands_flatness_db":{"dmean":0.0231241807342,"dmean2":0.0358552448452,"dvar":0.000431403284892,"dvar2":0.000968535838183,"max":0.560319006443,"mean":0.154737561941,"median":0.141015455127,"min":0.0351327173412,"var":0.00591171951964},"barkbands_kurtosis":{"dmean":4.02129936218,"dmean2":6.48997020721,"dvar":59.5041160583,"dvar2":150.174240112,"max":289.847412109,"mean":10.6241044998,"median":3.72772097588,"min":-1.9247251749,"var":985.321289062},"barkbands_skewness":{"dmean":0.573774516582,"dmean2":0.902464032173,"dvar":0.319242686033,"dvar2":0.737680256367,"max":10.8721923828,"mean":1.53241455555,"median":1.81773138046,"min":-17.0447940826,"var":7.51015853882},"barkbands_spread":{"dmean":4.62181186676,"dmean2":7.09242725372,"dvar":33.6566619873,"dvar2":70.6145248413,"max":132.925415039,"mean":16.2363548279,"median":14.1404676437,"min":0.527616083622,"var":110.88822937},"dissonance":{"dmean":0.0180976074189,"dmean2":0.0300991311669,"dvar":0.000300547544612,"dvar2":0.000805099611171,"max":0.500000178814,"mean":0.458691030741,"median":0.464726209641,"min":0.124050408602,"var":0.000951920112129},"dynamic_complexity":3.40654993057,"erbbands":{"dmean":[0.0405668467283,0.7417126894,1.51002597809,2.8784198761,10.1617021561,21.3484077454,23.4961795807,10.9043035507,11.8409824371,20.3051738739,15.9111528397,9.14068698883,20.3789634705,14.8477153778,20.2799911499,20.8391799927,11.1372871399,12.6414775848,12.0497188568,15.189907074,9.38557338715,8.4951505661,9.67802143097,8.19847774506,6.76490116119,5.80626583099,3.52480506897,2.96704220772,2.10578012466,1.93036293983,2.17281198502,1.51740825176,0.864767253399,0.433115005493,0.14161734283,0.0467087700963,0.0145184481516,0.00240993103944,0.00015561922919,0.0000137512906804],"dmean2":[0.059314135462,1.24681997299,2.50223255157,5.03095436096,16.8571891785,35.1926651001,38.6500740051,18.0783557892,19.0891990662,32.9403991699,24.6492919922,14.3438625336,32.1556549072,23.4338531494,33.2052001953,34.2249412537,17.7158622742,20.1924915314,19.5261116028,24.660074234,15.0491809845,13.329158783,15.1820144653,12.8390750885,10.4986391068,9.07646274567,5.3458442688,4.46283626556,3.14080309868,2.88030338287,3.25134348869,2.2637655735,1.28982663155,0.656028926373,0.216211616993,0.0715524256229,0.0223850980401,0.00377445388585,0.000245799630648,0.0000209215595532],"dvar":[0.00629783561453,2.44711256027,8.13348674774,19.3484325409,160.286834717,877.677490234,1292.31933594,239.155670166,345.546020508,1395.04418945,881.137084961,344.052734375,1851.47961426,1001.512146,3207.96533203,4611.89355469,572.78112793,869.067993164,634.348632812,2700.76171875,366.894226074,230.927276611,343.228179932,289.307312012,273.192749023,202.070083618,49.5734634399,39.5413208008,21.9903144836,18.2895641327,32.2253417969,21.2385921478,6.26431703568,1.73999977112,0.162940785289,0.0201080404222,0.00289221317507,0.0000664185063215,1.73859120878e-7,2.55218207679e-10],"dvar2":[0.0135708842427,6.08264446259,19.0420322418,53.2351570129,428.590332031,2316.42602539,3482.51733398,662.754333496,938.76574707,3530.96850586,2121.16650391,822.11932373,4461.49951172,2365.73022461,8866.51171875,12816.8417969,1392.03625488,2127.63378906,1579.71862793,6800.61328125,910.260681152,549.084472656,805.269592285,636.600891113,627.009643555,466.215881348,108.617248535,88.266418457,46.4545822144,38.8653373718,65.6796951294,44.8353462219,13.3932523727,3.96122455597,0.364036947489,0.0466137602925,0.00704314559698,0.000157958842465,4.13928972876e-7,5.84198356357e-10],"max":[0.604882776737,12.1223688126,26.6452693939,77.2264480591,165.569274902,487.469268799,632.457092285,314.92578125,500.428314209,570.6484375,555.372497559,435.601959229,887.450866699,759.83203125,1263.73376465,2719.9699707,567.994140625,624.471618652,613.678955078,1829.57055664,629.688049316,371.385772705,515.104675293,732.573974609,617.415100098,459.833312988,230.972793579,153.098953247,117.554733276,123.102729797,144.204177856,171.564254761,61.1884765625,39.5808677673,18.3260097504,4.71910476685,2.30159783363,0.29714268446,0.0137312440202,0.000393991911551],"mean":[0.0418533831835,0.681163549423,1.72433495522,4.02567481995,18.0876617432,34.7655639648,39.22397995,21.4984817505,24.1230564117,32.0031738281,27.5934200287,16.215845108,34.9066772461,28.7335243225,33.5192108154,33.4798126221,19.543050766,20.9857368469,20.7727985382,25.3925075531,18.8017959595,17.2050418854,18.8959255219,16.3176460266,12.7382183075,10.2424354553,6.48906230927,5.12751674652,3.68928933144,3.15083003044,3.35705757141,2.27663898468,1.28408229351,0.615584492683,0.196595743299,0.0624827221036,0.0175706874579,0.00275300815701,0.00018054805696,0.0000396469549742],"median":[0.00588629767299,0.150244548917,0.752909839153,2.70293855667,12.7857189178,21.9213447571,24.8935203552,15.2619848251,15.7610349655,15.2226839066,14.0877504349,8.16218185425,13.8248062134,12.0908946991,11.678155899,12.1498889923,8.90673065186,9.39812850952,9.31268501282,9.83041286469,9.14341831207,9.45342254639,9.56251144409,8.72776222229,6.51940202713,5.2169175148,3.39896726608,2.4241912365,1.60747873783,1.14564633369,1.00751137733,0.610145330429,0.340124309063,0.169930011034,0.0579260662198,0.0176125261933,0.00394880352542,0.000528134929482,0.0000486379358335,0.0000353240830009],"min":[6.79156522687e-11,1.52762837102e-11,3.34850376593e-12,2.02861924307e-12,5.68836384246e-12,1.39632992668e-11,2.70099428934e-11,3.62873481263e-11,6.43469999506e-11,9.09550212924e-11,1.14757883751e-10,1.82715287345e-10,3.67201158369e-10,5.32062061076e-10,6.95910384874e-10,1.05161523933e-9,1.38517497472e-9,1.6234970035e-9,1.68260316791e-9,3.16637494002e-9,4.12668255123e-9,4.62058480366e-9,5.76582870337e-9,1.15852163418e-8,1.5208192039e-8,1.65804987518e-8,1.99222682795e-8,2.01699297264e-8,2.96544939715e-8,3.93537256116e-8,3.95608488191e-8,3.00851645818e-8,1.45895100445e-8,2.17256701518e-8,3.54116238555e-8,2.68868074471e-8,4.1936438322e-8,3.81760578705e-8,7.27797981881e-8,3.69792800825e-8],"var":[0.00774261308834,2.1584789753,8.2070684433,20.0573978424,314.428527832,1555.96289062,2177.2019043,464.027770996,806.751403809,2355.53051758,1710.58813477,701.274536133,4239.19335938,2555.2487793,5280.20458984,7957.12744141,1123.36828613,1523.18347168,1213.65344238,3834.20214844,807.43963623,547.694641113,787.091003418,645.11315918,548.866394043,301.779174805,96.1016464233,71.9586105347,43.6357536316,37.0466499329,72.9921417236,45.556022644,13.1786985397,2.77673077583,0.25658929348,0.029602188617,0.00351640419103,0.0000850170181366,2.13708943875e-7,6.65956401136e-10]},"erbbands_crest":{"dmean":2.70756220818,"dmean2":4.42310762405,"dvar":6.45256090164,"dvar2":16.3622436523,"max":30.4902877808,"mean":8.95447540283,"median":7.90484428406,"min":2.39350533485,"var":17.4307518005},"erbbands_flatness_db":{"dmean":0.0184875186533,"dmean2":0.0266647804528,"dvar":0.000289893592708,"dvar2":0.000573474506382,"max":0.441035270691,"mean":0.163669526577,"median":0.161886796355,"min":0.0346312485635,"var":0.00149541313294},"erbbands_kurtosis":{"dmean":0.814457058907,"dmean2":1.30644547939,"dvar":1.72853839397,"dvar2":4.11500072479,"max":73.73777771,"mean":0.299919366837,"median":-0.266649842262,"min":-1.95627868176,"var":4.49379730225},"erbbands_skewness":{"dmean":0.343229025602,"dmean2":0.534294307232,"dvar":0.102428220212,"dvar2":0.236667945981,"max":7.04399776459,"mean":0.484904795885,"median":0.494064301252,"min":-2.51178836823,"var":0.592984378338},"erbbands_spread":{"dmean":7.62843990326,"dmean2":11.5182352066,"dvar":60.6047477722,"dvar2":130.262283325,"max":130.640777588,"mean":39.3347930908,"median":37.3069267273,"min":1.6205176115,"var":272.87411499},"gfcc":{"cov":[[29948.3554688,4616.70214844,-3523.82250977,1094.67993164,-2346.39208984,698.121276855,-1579.80957031,256.673339844,-1161.44763184,4.59719896317,-534.565124512,-160.398162842,-302.589172363],[4616.70214844,2054.47875977,-703.979431152,98.2195968628,-173.720458984,-23.1111793518,-139.309448242,57.1999206543,-98.518447876,-57.3908195496,12.8521814346,-50.9776344299,42.7420005798],[-3523.82250977,-703.979431152,792.717773438,-57.4345779419,267.144256592,5.57666063309,184.616546631,-0.989796996117,135.463745117,26.2562866211,68.2577285767,26.6534118652,0.169827386737],[1094.67993164,98.2195968628,-57.4345779419,269.189483643,-1.88307607174,47.4474487305,-31.4817256927,5.20593070984,-12.0616483688,19.5655193329,-9.23814487457,-15.2186517715,-4.43254995346],[-2346.39208984,-173.720458984,267.144256592,-1.88307607174,390.693359375,-21.304391861,200.485916138,5.52552223206,128.133712769,11.3285322189,61.2646713257,9.01054000854,51.9780273438],[698.121276855,-23.1111793518,5.57666063309,47.4474487305,-21.304391861,183.686279297,26.4651679993,33.1027679443,-25.5317325592,7.16955852509,-2.84570765495,-9.25337409973,-21.528465271],[-1579.80957031,-139.309448242,184.616546631,-31.4817256927,200.485916138,26.4651679993,230.64881897,28.8485164642,83.0296401978,7.80069160461,45.3787727356,8.41973018646,26.1740627289],[256.673339844,57.1999206543,-0.989796996117,5.20593070984,5.52552223206,33.1027679443,28.8485164642,101.67301178,34.6733360291,13.8269853592,7.06937551498,16.8915481567,8.5786523819],[-1161.44763184,-98.518447876,135.463745117,-12.0616483688,128.133712769,-25.5317325592,83.0296401978,34.6733360291,142.678543091,22.8492641449,39.8757820129,20.1037521362,22.5387020111],[4.59719896317,-57.3908195496,26.2562866211,19.5655193329,11.3285322189,7.16955852509,7.80069160461,13.8269853592,22.8492641449,66.9353027344,14.364233017,4.91553497314,-3.27418017387],[-534.565124512,12.8521814346,68.2577285767,-9.23814487457,61.2646713257,-2.84570765495,45.3787727356,7.06937551498,39.8757820129,14.364233017,77.5025100708,25.04454422,16.2998485565],[-160.398162842,-50.9776344299,26.6534118652,-15.2186517715,9.01054000854,-9.25337409973,8.41973018646,16.8915481567,20.1037521362,4.91553497314,25.04454422,69.6882095337,25.2391586304],[-302.589172363,42.7420005798,0.169827386737,-4.43254995346,51.9780273438,-21.528465271,26.1740627289,8.5786523819,22.5387020111,-3.27418017387,16.2998485565,25.2391586304,74.0305862427]],"icov":[[0.000591087853536,-0.000790933147073,0.000884170585778,-0.00133530388121,0.00118227826897,-0.00154992833268,0.00118008593563,-0.00114271603525,0.00140962062869,-0.00126609869767,0.00141324102879,-0.00120091682766,0.000838129431941],[-0.000790933147073,0.00191173446365,-0.000457843329059,0.0015896926634,-0.00162023177836,0.00230135349557,-0.00139855046291,0.000726828933693,-0.00166539277416,0.00242472323589,-0.00316853029653,0.00263983756304,-0.00161135254893],[0.000884170585778,-0.000457843329059,0.00384815502912,-0.00183203339111,0.000856646918692,-0.00243587954901,0.0014184754109,-0.0017127962783,0.00139384635258,-0.00154808606021,0.000810141325928,-0.00168923812453,0.0020515806973],[-0.00133530388121,0.0015896926634,-0.00183203339111,0.00737168593332,-0.00356271280907,0.0020899081137,-0.00142527732532,0.00275994371623,-0.00326836132444,0.00134494539816,-0.0026701206807,0.0032048150897,-0.00208698469214],[0.00118227826897,-0.00162023177836,0.000856646918692,-0.00356271280907,0.00891728606075,-0.00241038855165,-0.00166156026535,-0.000789127545431,0.000190984239453,-0.00212634447962,0.00194709876087,-0.00089060125174,-0.00100772210862],[-0.00154992833268,0.00230135349557,-0.00243587954901,0.0020899081137,-0.00241038855165,0.0113992532715,-0.005114632193,0.0000024902194582,-0.00106104055885,0.0032319535967,-0.00454096775502,0.00386281660758,-0.000568877614569],[0.00118008593563,-0.00139855046291,0.0014184754109,-0.00142527732532,-0.00166156026535,-0.005114632193,0.0119101619348,-0.00405301572755,0.0018132252153,-0.00184825411998,0.00106430717278,-0.00123039726168,0.00103164091706],[-0.00114271603525,0.000726828933693,-0.0017127962783,0.00275994371623,-0.000789127545431,0.0000024902194582,-0.00405301572755,0.0161962006241,-0.00732613028958,0.000336074648658,-0.000076870986959,-0.0012939479202,-0.00210681790486],[0.00140962062869,-0.00166539277416,0.00139384635258,-0.00326836132444,0.000190984239453,-0.00106104055885,0.0018132252153,-0.00732613028958,0.0169094651937,-0.00533582782373,0.000755160988774,-0.00327464635484,0.00185553042684],[-0.00126609869767,0.00242472323589,-0.00154808606021,0.00134494539816,-0.00212634447962,0.0032319535967,-0.00184825411998,0.000336074648658,-0.00533582782373,0.0204822551459,-0.00676663033664,0.00331854075193,-0.000554666563403],[0.00141324102879,-0.00316853029653,0.000810141325928,-0.0026701206807,0.00194709876087,-0.00454096775502,0.00106430717278,-0.000076870986959,0.000755160988774,-0.00676663033664,0.0234318617731,-0.00982696656138,0.00205099768937],[-0.00120091682766,0.00263983756304,-0.00168923812453,0.0032048150897,-0.00089060125174,0.00386281660758,-0.00123039726168,-0.0012939479202,-0.00327464635484,0.00331854075193,-0.00982696656138,0.0232862234116,-0.00853487476707],[0.000838129431941,-0.00161135254893,0.0020515806973,-0.00208698469214,-0.00100772210862,-0.000568877614569,0.00103164091706,-0.00210681790486,0.00185553042684,-0.000554666563403,0.00205099768937,-0.00853487476707,0.0200245715678]],"mean":[-19.4547100067,102.357910156,-118.733200073,28.9017963409,-64.4794158936,-0.0043432074599,-46.0799446106,-2.43511676788,-29.345867157,-7.90085983276,-13.8238191605,-2.63129425049,-8.51369190216]},"hfc":{"dmean":5.23288297653,"dmean2":7.5993885994,"dvar":46.0377693176,"dvar2":97.1953735352,"max":140.248580933,"mean":18.4926452637,"median":15.2083644867,"min":0.0000621486324235,"var":204.022216797},"melbands":{"dmean":[0.000584211433306,0.000868906965479,0.000625518732704,0.00109019433148,0.000874427496456,0.000270098651526,0.000174400047399,0.000220871326746,0.000118892159662,0.0000617343612248,0.000102498808701,0.0000612623189227,0.0000743275741115,0.0000493106163049,0.0000435396905232,0.0000221792452066,0.0000251016117545,0.0000188990816241,0.0000199035403057,0.0000200424456125,0.0000109567235995,0.00000933282353799,0.0000107077830762,0.00000880447169038,0.00000712830251359,0.00000549893820789,0.00000488178011437,0.00000389784918298,0.00000236481719185,0.0000020686818516,0.00000175915158707,0.00000128040346681,0.00000109238567347,0.00000112821555831,0.00000133654543788,0.00000113604903618,9.07461810584e-7,6.25330017101e-7,5.39211214345e-7,3.16747389206e-7],"dmean2":[0.000934108626097,0.0014376816107,0.00106052693445,0.00180563819595,0.00143601372838,0.000445645797299,0.000281744723907,0.000358546240022,0.000183945288882,0.0000958035889198,0.000161652220413,0.0000963922357187,0.00012139188766,0.0000811260106275,0.0000704151243553,0.0000354440271622,0.0000404215934395,0.0000306869915221,0.0000324967622873,0.0000328072710545,0.00001779876402,0.0000149124880409,0.0000167635334947,0.0000141154532685,0.0000113408868856,0.00000871505289979,0.00000768736299506,0.00000616485294813,0.00000366814219888,0.00000319325408782,0.00000269608949566,0.00000195713482753,0.00000165705807831,0.00000172051045411,0.00000202980709219,0.00000171751298694,0.00000138607447298,9.51900233304e-7,8.24897938401e-7,4.89398814807e-7],"dvar":[0.00000145654348671,0.00000283686995317,6.16744898707e-7,0.00000186029183169,0.00000154095221205,1.42546085158e-7,7.2099361148e-8,1.58443739906e-7,5.02180306228e-8,1.70561005319e-8,4.60192666196e-8,1.78697217024e-8,4.20647481292e-8,1.82554309447e-8,1.50989123426e-8,2.44924081017e-9,3.67531738377e-9,1.71834846352e-9,2.20223062009e-9,4.99169550139e-9,4.14828449369e-10,2.90895335597e-10,4.3679729278e-10,3.39842542996e-10,2.32627000996e-10,1.8722257078e-10,1.64782160139e-10,8.70589919599e-11,2.31093824632e-11,1.69494019514e-11,1.47963082758e-11,8.53307181858e-12,5.94754627492e-12,6.66031943139e-12,1.15240308615e-11,1.26300948866e-11,8.36854630731e-12,3.35427909406e-12,3.06600708364e-12,9.07148976163e-13],"dvar2":[0.00000349711149283,0.00000647091383144,0.00000167146083641,0.00000501129716213,0.00000413552834289,3.92430735019e-7,1.9459828593e-7,4.01406140327e-7,1.20068989418e-7,3.94831296546e-8,1.10595721026e-7,4.1344048185e-8,1.17292600521e-7,4.92471521341e-8,4.07909226396e-8,5.80398706873e-9,9.07310049314e-9,4.23051726983e-9,5.57787904754e-9,1.2703715413e-8,1.0353194968e-9,7.19780735015e-10,1.02002140068e-9,8.16091194622e-10,5.23101173489e-10,4.37160169175e-10,3.85644433054e-10,2.04284797412e-10,5.17540385547e-11,4.03515519609e-11,3.32986797857e-11,1.85621726323e-11,1.31373505824e-11,1.44857971104e-11,2.42495589581e-11,2.74277111439e-11,1.853364337e-11,7.24805979124e-12,6.97354283694e-12,2.1094903168e-12],"max":[0.00936355534941,0.0143076069653,0.0153626753017,0.018871627748,0.0223470181227,0.00843392219394,0.00665599945933,0.00595207465813,0.00396277662367,0.00292602367699,0.0043080332689,0.00341192586347,0.0046375868842,0.00475465320051,0.00412131752819,0.00111358228605,0.00139847549144,0.00100608181674,0.00125550013036,0.00238678348251,0.000539256783668,0.000384676968679,0.000494708598126,0.000661618832964,0.000679936027154,0.000519418972544,0.000383529986721,0.000302748871036,0.000141747994348,0.000132097542519,0.0000911424212973,0.0000832663354231,0.0000763435455156,0.0000901696839719,0.0000801361020422,0.000128444196889,0.000135685666464,0.0000477605644846,0.0000634145908407,0.0000235489242186],"mean":[0.000561307533644,0.000949485460296,0.00105100765359,0.00191734079272,0.00148459279444,0.000537424639333,0.000356644799467,0.000344800588209,0.000202267547138,0.000102624399005,0.000173149630427,0.000111481684144,0.000117053466965,0.0000792555365479,0.0000692313260515,0.0000361183192581,0.0000386041319871,0.0000305357461912,0.0000330718212354,0.0000318412712659,0.0000207275643334,0.000017224891053,0.0000188280591829,0.0000158953207574,0.0000130198204715,0.00000963457114267,0.00000824653125164,0.00000639820746073,0.0000040884046939,0.00000345432340509,0.00000281891379927,0.00000213394650928,0.00000176424236997,0.00000173794649072,0.00000200277008844,0.0000016609285467,0.00000130883631755,9.16202679946e-7,7.39952497497e-7,4.3974372943e-7],"median":[0.000100037366792,0.000346085813362,0.000798959285021,0.00139533937909,0.000958218530286,0.000382923404686,0.000234288105275,0.000165399032994,0.0000986792874755,0.00004377814912,0.0000663055179757,0.0000433727473137,0.0000387794207199,0.0000278827283182,0.0000236817686528,0.0000168643782672,0.0000159732371685,0.0000130240623548,0.0000135322670758,0.0000105474027805,0.0000106332263385,0.00000917882971407,0.00000858428938955,0.00000766080484027,0.00000670821282256,0.00000457533133158,0.00000389403794543,0.00000305494313579,0.0000020203810891,0.00000168181941262,0.00000122547885439,9.00715008356e-7,6.91193463354e-7,5.87026192989e-7,5.96171389589e-7,4.55282361145e-7,3.30519384306e-7,2.41305627924e-7,1.85056563851e-7,1.2066574584e-7],"min":[5.80277525249e-13,6.60054076977e-16,5.30754127002e-16,4.27892139954e-16,7.61533494498e-16,9.46257668948e-16,9.57963346642e-16,1.20631213623e-15,8.43575252884e-16,9.93647891798e-16,1.3285938359e-15,1.66508847387e-15,1.32983664499e-15,2.17912968791e-15,2.47098907769e-15,2.66545725446e-15,2.33733680773e-15,2.09423792835e-15,2.12214300528e-15,3.31120722136e-15,4.29168512726e-15,4.93154990924e-15,4.14131602681e-15,5.39809819769e-15,7.48857424096e-15,8.54776607161e-15,1.02529653672e-14,9.20467823869e-15,9.50717742108e-15,9.47123273093e-15,1.15491172059e-14,1.08646358105e-14,1.55473168519e-14,1.91123311432e-14,2.11642278003e-14,2.19009668934e-14,1.46489079683e-14,9.68225066095e-15,8.89594065865e-15,1.90420714543e-14],"var":[0.0000014463895468,0.00000288997375719,9.05989281819e-7,0.00000328860028276,0.00000270977443506,2.86702203312e-7,1.70456985416e-7,2.68759208666e-7,1.00357716804e-7,3.63252681268e-8,1.06102689301e-7,4.35901235107e-8,6.92547175163e-8,3.32344889387e-8,2.70178954764e-8,4.25008384042e-9,5.96932858699e-9,3.07133740662e-9,3.77543063479e-9,6.94243684762e-9,9.00435837003e-10,6.05058836367e-10,9.57305679172e-10,6.43984587878e-10,4.67831495765e-10,3.45890455167e-10,2.5743732146e-10,1.23939886132e-10,4.18571913241e-11,2.91951532394e-11,2.50258789386e-11,1.59180880283e-11,1.07414537334e-11,1.28558084317e-11,2.47372365647e-11,2.48561050215e-11,1.64402675501e-11,6.99468087617e-12,4.88258825732e-12,1.37869620234e-12]},"melbands_crest":{"dmean":3.21278238297,"dmean2":5.34723186493,"dvar":7.78537893295,"dvar2":20.657327652,"max":34.3943367004,"mean":13.4304647446,"median":12.4531364441,"min":3.58988571167,"var":27.5554523468},"melbands_flatness_db":{"dmean":0.0271361973137,"dmean2":0.0415881872177,"dvar":0.000586206209846,"dvar2":0.00130518479273,"max":0.528482913971,"mean":0.203816622496,"median":0.198080956936,"min":0.0299175065011,"var":0.00382402678952},"melbands_kurtosis":{"dmean":6.59114360809,"dmean2":10.5859279633,"dvar":81.3170318604,"dvar2":199.949676514,"max":213.188980103,"mean":14.0257854462,"median":10.5818376541,"min":-1.68901264668,"var":194.493652344},"melbands_skewness":{"dmean":0.699813902378,"dmean2":1.10567212105,"dvar":0.422393679619,"dvar2":1.02757322788,"max":11.9412031174,"mean":2.85411691666,"median":2.7409286499,"min":-0.386314034462,"var":1.60351157188},"melbands_spread":{"dmean":5.38041687012,"dmean2":8.53075695038,"dvar":45.5041007996,"dvar2":103.075172424,"max":198.660110474,"mean":19.4112758636,"median":14.556684494,"min":0.654521822929,"var":358.217376709},"mfcc":{"cov":[[10569.2685547,897.257324219,-177.892669678,241.084960938,-101.284996033,74.7262191772,-49.4597587585,-39.6087532043,-179.099334717,-21.5613327026,-98.3166885376,-96.2206344604,-115.640113831],[897.257324219,1354.11071777,-139.336303711,164.612762451,50.8692321777,5.75458717346,58.0859031677,55.6770248413,-6.74342346191,-0.590087711811,28.2023983002,-7.6415348053,-18.8254432678],[-177.892669678,-139.336303711,350.116516113,-28.9075908661,26.5363063812,3.79485702515,-2.94158554077,11.8020877838,-24.7647705078,19.2193431854,5.55129909515,21.4631824493,3.10003232956],[241.084960938,164.612762451,-28.9075908661,240.052490234,62.8638877869,28.0444889069,5.10037517548,-6.67460107803,21.7663154602,7.7746925354,5.94832706451,1.77121591568,16.7018070221],[-101.284996033,50.8692321777,26.5363063812,62.8638877869,128.8072052,28.7619132996,13.0553255081,13.017203331,17.1468791962,20.0115871429,9.74143123627,6.96276140213,5.6007938385],[74.7262191772,5.75458717346,3.79485702515,28.0444889069,28.7619132996,98.6794128418,43.9029121399,15.7908344269,13.5272665024,19.0697422028,11.397854805,7.81219244003,2.85511136055],[-49.4597587585,58.0859031677,-2.94158554077,5.10037517548,13.0553255081,43.9029121399,119.422920227,37.9548225403,23.7882614136,20.9501647949,10.3085794449,10.1482639313,5.04924106598],[-39.6087532043,55.6770248413,11.8020877838,-6.67460107803,13.017203331,15.7908344269,37.9548225403,106.577201843,32.2877731323,16.6875038147,24.6956748962,12.5940341949,9.33121585846],[-179.099334717,-6.74342346191,-24.7647705078,21.7663154602,17.1468791962,13.5272665024,23.7882614136,32.2877731323,89.1862792969,31.1390647888,11.3755960464,5.80142688751,9.8425283432],[-21.5613327026,-0.590087711811,19.2193431854,7.7746925354,20.0115871429,19.0697422028,20.9501647949,16.6875038147,31.1390647888,77.6117095947,30.8254089355,5.33954954147,-9.04723358154],[-98.3166885376,28.2023983002,5.55129909515,5.94832706451,9.74143123627,11.397854805,10.3085794449,24.6956748962,11.3755960464,30.8254089355,85.2916717529,23.3425712585,-2.5796790123],[-96.2206344604,-7.6415348053,21.4631824493,1.77121591568,6.96276140213,7.81219244003,10.1482639313,12.5940341949,5.80142688751,5.33954954147,23.3425712585,64.7682800293,29.7100791931],[-115.640113831,-18.8254432678,3.10003232956,16.7018070221,5.6007938385,2.85511136055,5.04924106598,9.33121585846,9.8425283432,-9.04723358154,-2.5796790123,29.7100791931,78.9565124512]],"icov":[[0.00011424596596,-0.0000633753734292,0.0000372203721781,-0.000130921907839,0.000172159794602,-0.000164483761182,0.000102198995592,-0.000087182605057,0.00027676046011,-0.000151481144712,0.000191262850421,0.0000178182472155,0.000123637466459],[-0.0000633753734292,0.000957763521001,0.00035942561226,-0.000599930121098,-0.000283310946543,0.000492455379572,-0.000530719058588,-0.000578201841563,0.000477408000734,0.000133417546749,-0.000272476987448,-0.0000124195148601,0.000304437446175],[0.0000372203721781,0.00035942561226,0.00339863519184,0.000166405530763,-0.000874971912708,0.000129586798721,0.000150844367454,-0.000876904232427,0.00189944473095,-0.00139665056486,0.000582577078603,-0.00115525873844,0.000179863287485],[-0.000130921907839,-0.000599930121098,0.000166405530763,0.00578227639198,-0.0024591027759,-0.00105056317989,0.000483665702632,0.00153292703908,-0.0016780650476,0.000461194635136,-0.000592713651713,0.00056894303998,-0.00153554568533],[0.000172159794602,-0.000283310946543,-0.000874971912708,-0.0024591027759,0.0101525243372,-0.00214137835428,0.000511833466589,-0.000690431916155,-0.000331235525664,-0.00159976631403,0.000484413729282,-0.000267484138021,0.000119714532048],[-0.000164483761182,0.000492455379572,0.000129586798721,-0.00105056317989,-0.00214137835428,0.013589377515,-0.00470302253962,-0.000125663515064,0.000186088873306,-0.00121208454948,-0.00068401399767,-0.000562821573112,0.0000971067711362],[0.000102198995592,-0.000530719058588,0.000150844367454,0.000483665702632,0.000511833466589,-0.00470302253962,0.011673242785,-0.00282666832209,-0.000901754188817,-0.00163427693769,0.00119214307051,-0.00093300192384,-0.0000486021344841],[-0.000087182605057,-0.000578201841563,-0.000876904232427,0.00153292703908,-0.000690431916155,-0.000125663515064,-0.00282666832209,0.0129689145833,-0.00447103288025,0.00110208615661,-0.00314831151627,0.000108372674731,-0.00131379521918],[0.00027676046011,0.000477408000734,0.00189944473095,-0.0016780650476,-0.000331235525664,0.000186088873306,-0.000901754188817,-0.00447103288025,0.0168717429042,-0.0065655191429,0.00165754614864,-0.0000215920972551,-0.00139083294198],[-0.000151481144712,0.000133417546749,-0.00139665056486,0.000461194635136,-0.00159976631403,-0.00121208454948,-0.00163427693769,0.00110208615661,-0.0065655191429,0.0193887539208,-0.00617941422388,0.000679349526763,0.00248138280585],[0.000191262850421,-0.000272476987448,0.000582577078603,-0.000592713651713,0.000484413729282,-0.00068401399767,0.00119214307051,-0.00314831151627,0.00165754614864,-0.00617941422388,0.0166595224291,-0.00630810111761,0.00260711717419],[0.0000178182472155,-0.0000124195148601,-0.00115525873844,0.00056894303998,-0.000267484138021,-0.000562821573112,-0.00093300192384,0.000108372674731,-0.0000215920972551,0.000679349526763,-0.00630810111761,0.0221356861293,-0.00842054281384],[0.000123637466459,0.000304437446175,0.000179863287485,-0.00153554568533,0.000119714532048,0.0000971067711362,-0.0000486021344841,-0.00131379521918,-0.00139083294198,0.00248138280585,0.00260711717419,-0.00842054281384,0.0170943960547]],"mean":[-644.585510254,129.392654419,-0.262145519257,23.2156944275,0.328482836485,-2.40036416054,-6.7339849472,-2.51502585411,-11.228348732,-6.49827671051,-9.99366378784,-5.06122255325,-5.23479986191]},"pitch_salience":{"dmean":0.0727787315845,"dmean2":0.120294362307,"dvar":0.00374305690639,"dvar2":0.0099191935733,"max":0.866855859756,"mean":0.60207927227,"median":0.609489560127,"min":0.105495378375,"var":0.0107204373926},"silence_rate_20dB":{"dmean":0,"dmean2":0,"dvar":0,"dvar2":0,"max":1,"mean":1,"median":1,"min":1,"var":0},"silence_rate_30dB":{"dmean":0,"dmean2":0,"dvar":0,"dvar2":0,"max":1,"mean":1,"median":1,"min":1,"var":0},"silence_rate_60dB":{"dmean":0.00194567092694,"dmean2":0.00389163289219,"dvar":0.00194191443734,"dvar2":0.00432563573122,"max":1,"mean":0.0398832671344,"median":0,"min":0,"var":0.0382888056338},"spectral_centroid":{"dmean":217.790039062,"dmean2":340.664154053,"dvar":58137.4804688,"dvar2":128151.976562,"max":10968.2197266,"mean":1114.89331055,"median":918.146484375,"min":250.556869507,"var":773653.125},"spectral_complexity":{"dmean":3.63436365128,"dmean2":5.36940574646,"dvar":13.4899301529,"dvar2":27.101442337,"max":57,"mean":19.878704071,"median":18,"min":0,"var":100.344200134},"spectral_contrast_coeffs":{"dmean":[0.0602987334132,0.0451702028513,0.0383608341217,0.0294239427894,0.0214445535094,0.018195906654],"dmean2":[0.0977203026414,0.0748058184981,0.0626850873232,0.0482442304492,0.0345273129642,0.0284900143743],"dvar":[0.00228201877326,0.00132120552007,0.000967578205746,0.000550942088012,0.000320545048453,0.000265100010438],"dvar2":[0.00582069857046,0.00363462464884,0.0024945307523,0.00142180675175,0.000765687786043,0.000616201490629],"max":[-0.261211812496,-0.396339803934,-0.496818602085,-0.609168946743,-0.610197544098,-0.633013248444],"mean":[-0.558070957661,-0.70859503746,-0.76700347662,-0.792398631573,-0.794297814369,-0.769662261009],"median":[-0.551287770271,-0.706722974777,-0.770909249783,-0.795496582985,-0.795679211617,-0.765785634518],"min":[-0.960352241993,-0.969704806805,-0.968683540821,-0.96552246809,-0.960728645325,-0.959479570389],"var":[0.010353596881,0.00539608532563,0.00416189199314,0.00229484029114,0.00159106706269,0.0017138136318]},"spectral_contrast_valleys":{"dmean":[0.497053354979,0.321730107069,0.30488884449,0.274417757988,0.263659536839,0.365032494068],"dmean2":[0.80223762989,0.526365041733,0.490259885788,0.416695982218,0.360126197338,0.468802958727],"dvar":[0.176708415151,0.0751143842936,0.0742686763406,0.0649227648973,0.0707067027688,0.145720660686],"dvar2":[0.400984704494,0.17783100903,0.169085562229,0.130476415157,0.12427713722,0.25084361434],"max":[-5.28419160843,-4.7531003952,-5.07990837097,-5.62681436539,-5.45469236374,-7.68911743164],"mean":[-7.5981297493,-6.74961900711,-7.4095454216,-7.78086662292,-7.67770576477,-10.3719835281],"median":[-7.26631259918,-6.37446308136,-7.07568407059,-7.48463153839,-7.35546970367,-10.1312494278],"min":[-27.3309078217,-27.6019191742,-27.1909942627,-27.2730464935,-27.1476039886,-27.2677993774],"var":[4.47674179077,3.92495131493,3.53028225899,3.18814706802,2.85535860062,2.47802019119]},"spectral_decrease":{"dmean":2.43857645188e-9,"dmean2":3.80815157186e-9,"dvar":6.53813358252e-18,"dvar2":1.56201544327e-17,"max":1.0582083407e-14,"mean":-7.17288006769e-9,"median":-6.57779342106e-9,"min":-2.76864895454e-8,"var":1.79077091818e-17},"spectral_energy":{"dmean":0.00951688084751,"dmean2":0.0148035660386,"dvar":0.0000979097021627,"dvar2":0.000233659069636,"max":0.107580110431,"mean":0.0287494715303,"median":0.0265120491385,"min":3.07722025639e-9,"var":0.000282385473838},"spectral_energyband_high":{"dmean":0.000315075682011,"dmean2":0.000444388540927,"dvar":4.20146250235e-7,"dvar2":8.24805511002e-7,"max":0.0145718082786,"mean":0.000601619132794,"median":0.000272926234175,"min":9.54306078604e-10,"var":0.00000103008562746},"spectral_energyband_low":{"dmean":0.0038771640975,"dmean2":0.00623143976554,"dvar":0.000051472481573,"dvar2":0.000113043395686,"max":0.0603952556849,"mean":0.00472466601059,"median":0.00198694039136,"min":2.53283418544e-12,"var":0.000058385576267},"spectral_energyband_middle_high":{"dmean":0.00167339271866,"dmean2":0.00256966729648,"dvar":0.00000664910930936,"dvar2":0.0000166950721905,"max":0.0638515651226,"mean":0.00499973492697,"median":0.00311085605063,"min":1.74945626562e-12,"var":0.0000291234609904},"spectral_energyband_middle_low":{"dmean":0.00687809800729,"dmean2":0.0111834295094,"dvar":0.0000548083917238,"dvar2":0.000147990736878,"max":0.0963683128357,"mean":0.019387146458,"median":0.0174942612648,"min":1.19842422661e-13,"var":0.00014475788339},"spectral_entropy":{"dmean":0.183898985386,"dmean2":0.267742097378,"dvar":0.0336210355163,"dvar2":0.0661333799362,"max":9.79658889771,"mean":7.47931814194,"median":7.49228525162,"min":4.13501167297,"var":0.324407398701},"spectral_flux":{"dmean":0.0243794713169,"dmean2":0.0383789800107,"dvar":0.000541343877558,"dvar2":0.0011972571956,"max":0.2377191782,"mean":0.0907058417797,"median":0.0877850651741,"min":0.0000986807935988,"var":0.00169237796217},"spectral_kurtosis":{"dmean":1.66622972488,"dmean2":2.73842740059,"dvar":3.63733386993,"dvar2":9.23884868622,"max":58.2754669189,"mean":4.81117343903,"median":4.02309513092,"min":-1.20005011559,"var":15.0562982559},"spectral_rms":{"dmean":0.0008398158825,"dmean2":0.00128670572303,"dvar":6.00103078341e-7,"dvar2":0.0000013914898318,"max":0.0102448137477,"mean":0.00501042138785,"median":0.00508580496535,"min":0.00000173267596892,"var":0.00000294422488878},"spectral_rolloff":{"dmean":400.46762085,"dmean2":666.223815918,"dvar":553166.5625,"dvar2":1188047.625,"max":21985.4003906,"mean":1636.06201172,"median":796.728515625,"min":107.666015625,"var":11771531},"spectral_skewness":{"dmean":0.216674521565,"dmean2":0.339782327414,"dvar":0.0441123619676,"dvar2":0.101012729108,"max":6.17226743698,"mean":1.60834729671,"median":1.5311999321,"min":0.0215260572731,"var":0.259417712688},"spectral_spread":{"dmean":518035.65625,"dmean2":762362.5,"dvar":438644146176,"dvar2":862322753536,"max":39627232,"mean":4993945.5,"median":4008170,"min":1451381.375,"var":28201820618800},"spectral_strongpeak":{"dmean":0.519198417664,"dmean2":0.880476236343,"dvar":0.534184098244,"dvar2":1.37270510197,"max":13.4041051865,"mean":0.881333827972,"median":0.641187548637,"min":0,"var":0.737805187702},"zerocrossingrate":{"dmean":0.00870352238417,"dmean2":0.0105175971985,"dvar":0.000162496842677,"dvar2":0.000168366881553,"max":0.91162109375,"mean":0.0702693164349,"median":0.0439453125,"min":0.0087890625,"var":0.0187063775957}},"metadata":{"audio_properties":{"analysis_sample_rate":44100,"bit_rate":0,"codec":"flac","downmix":"mix","equal_loudness":0,"length":310.279998779,"lossless":true,"md5_encoded":"e11a1418c6a02a350c4d82abdedd07d8","replay_gain":-13.5791816711},"tags":{"album":["Neon Bible"],"albumartist":["Arcade Fire"],"albumartistsort":["Arcade Fire"],"arranger":["Arcade Fire"],"artist":["Arcade Fire"],"artistsort":["Arcade Fire"],"asin":["B000MMLOE2"],"barcode":["602517233881"],"catalognumber":["MRG285"],"composer":["Arcade Fire"],"conductor":["István Silló","Peter Drucker"],"date":["2007-03-05"],"discnumber":["1"],"disctotal":["1"],"file_name":"08 (Antichrist Television Blues).flac","genre":["Alternative And Punk"],"isrc":["GBUM70607730"],"label":["Merge Records"],"lyricist":["Arcade Fire"],"media":["CD"],"mixer":["Nick Launay","Arcade Fire"],"musicbrainz_albumartistid":["52074ba6-e495-4ef3-9bb4-0703888a9f68"],"musicbrainz_albumid":["b326d239-245a-49b5-b5e1-2adb94df7740"],"musicbrainz_artistid":["52074ba6-e495-4ef3-9bb4-0703888a9f68"],"musicbrainz_recordingid":["c2b96d76-ae2b-4190-9c8d-aec4359b04cf"],"musicbrainz_releasegroupid":["c091b282-aa91-3bc0-9c95-938db1f1f930"],"musicbrainz_releasetrackid":["274e43a7-6caa-350c-b1a9-de00111540d1"],"musicbrainz_workid":["bd07a9a0-b107-3c83-830a-326f6120326f"],"originaldate":["2007-03-02"],"performer":["Shauna Callender (guest choir vocals)","Jean Sherwood (guest choir vocals)","Joanne Degand (guest choir vocals)","Chantel Gero (guest choir vocals)","Tasha Gero (guest choir vocals)","Owen Pallett (guest violin)","Mélanie Auclair (guest cello)","Marika Anthony-Shaw (guest viola)","Pietro Amato (guest brass)","Colin Stetson (guest brass)","Geoffrey Shoesmith (guest brass)","Edith Gruber (guest brass)","Andreas Stolzfus (guest brass)","Laurent Ménard (guest brass)","Margaret Gundara (guest brass)","Jake Henry (guest brass)"],"producer":["Arcade Fire"],"releasecountry":["GB"],"releasestatus":["official"],"releasetype":["album"],"script":["Latn"]