{"lowlevel":{"average_loudness":0.625825822353,"barkbands":{"dmean":[0.0000315029828926,0.00461413897574,0.00296734110452,0.000517431122717,0.000265651673544,0.000213811450521,0.00016634457279,0.000218422865146,0.000191602652194,0.000229573008255,0.000254498067079,0.000278709805571,0.000376799784135,0.000379798817448,0.000362658611266,0.000311206182232,0.000419561110903,0.000293002551189,0.00032795133302,0.00026191220968,0.000288441107841,0.000232592850807,0.000112550689664,0.0000650742222206,0.0000412382833019,0.0000217230117414,0.00000351434505319],"dmean2":[0.0000416196417063,0.00711177755147,0.00504486402497,0.000929778907448,0.000447109108791,0.00036061386345,0.000271749624517,0.000358340854291,0.000307388312649,0.000369445158867,0.000409903179388,0.000456749141449,0.000623468309641,0.000632797775324,0.000598412647378,0.000517070759088,0.000734242727049,0.000493463769089,0.000558340747375,0.000432113418356,0.000496128399391,0.000402225268772,0.000181161085493,0.0000955554496613,0.0000615883764112,0.0000318014572258,0.0000050406038099],"dvar":[5.2568238651e-9,0.000124337428133,0.0000480627459183,0.00000197301255866,3.9290793552e-7,3.60976628144e-7,2.15748627852e-7,4.42744266138e-7,6.94818481861e-7,6.58581370772e-7,5.90293382174e-7,7.9219825011e-7,9.25648009797e-7,8.9727723207e-7,7.88849263245e-7,7.10234701273e-7,0.00000150323046455,3.03499035681e-7,4.00687497404e-7,2.66722679498e-7,3.79950250817e-7,2.94216391694e-7,8.29463502328e-8,4.14170102658e-8,1.39633371532e-8,6.41954311931e-9,1.54812690445e-10],"dvar2":[8.87498963209e-9,0.000266738061327,0.000124948463053,0.00000531983369001,0.00000107578944153,9.53171081619e-7,5.56217116809e-7,0.00000115791499411,0.0000016088170014,0.00000153969131134,0.00000139493317874,0.00000192801962839,0.00000231980493481,0.00000220255878958,0.00000195538109438,0.00000189281513485,0.00000415686372435,7.88029637988e-7,0.0000010717612895,6.63105652166e-7,0.00000100023078176,7.68895574765e-7,1.86197780749e-7,7.98692241233e-8,2.81639920274e-8,1.29610642219e-8,2.75066802669e-10],"max":[0.00171505764592,0.169140398502,0.0954704582691,0.0387890376151,0.0125550562516,0.0183099173009,0.0152757829055,0.0232557989657,0.0457261987031,0.0435326881707,0.0385022200644,0.0476731210947,0.0262328069657,0.0231526978314,0.0276965647936,0.0213309265673,0.0353593677282,0.0158924125135,0.0119545497,0.0101696634665,0.00926763284951,0.00961978081614,0.00779811386019,0.00592291262001,0.00404205732048,0.00376663962379,0.000548989861272],"mean":[0.0000772535713622,0.00695556495339,0.00282642547973,0.000511559832375,0.000350203510607,0.00025733403163,0.000211458609556,0.000280448730337,0.000265317386948,0.000311439071083,0.000383176724426,0.00041967787547,0.000545475340914,0.000548482406884,0.000544572190847,0.000461368414108,0.000584125926252,0.000479171343613,0.00056125537958,0.000515515683219,0.000444972800324,0.000325247820001,0.000205629432457,0.000137040682603,0.0000800425914349,0.0000343415194948,0.00000538343510925],"median":[0.00000344973136635,0.0020705384668,0.000401904486353,0.0000749344471842,0.000126500206534,0.0000512799597345,0.0000548631032871,0.0000777286040829,0.0000663850150886,0.0000782934585004,0.000110519773443,0.000110417451651,0.000128219035105,0.000155614907271,0.000137157418067,0.000126387560158,0.000146116391988,0.000112722118502,0.000115648370411,0.000116925300972,0.0000859428109834,0.0000429013489338,0.0000275980419246,0.0000159364080901,0.0000103658476291,0.00000509265373694,5.54840084988e-7],"min":[1.1127729814e-11,1.0975109016e-10,9.85283243882e-11,7.81774436853e-11,6.82359377335e-11,3.58636492899e-12,1.16650846968e-11,1.60927781517e-12,1.27280542876e-12,4.79208795041e-13,7.2617329901e-13,7.62582813736e-13,5.56166549447e-13,1.36897253516e-12,1.26411066944e-12,1.03744270119e-12,1.58038155045e-12,9.55983230945e-13,7.98416562899e-13,1.31238206066e-12,1.29152656451e-12,7.72599161297e-13,7.72831126351e-13,1.48902342279e-12,1.77172913927e-12,1.83136383662e-12,2.32932293245e-12],"var":[3.00302858136e-8,0.000208792393096,0.0000394730050175,0.00000207946050068,4.25430982887e-7,3.84346662941e-7,2.3840226504e-7,4.59256227714e-7,8.48182480695e-7,8.15890984995e-7,0.00000109650761715,0.00000152555639943,0.00000159301134772,0.00000159691740009,0.00000136267851758,8.81554626631e-7,0.00000174074580173,6.89961495937e-7,9.6243400094e-7,8.28823147003e-7,6.58587964608e-7,4.8795652674e-7,2.62155509745e-7,1.48166435565e-7,4.03103861402e-8,1.42743701304e-8,4.05675715243e-10]},"barkbands_crest":{"dmean":3.27720808983,"dmean2":5.19156312943,"dvar":10.5526065826,"dvar2":23.8899993896,"max":26.6775169373,"mean":10.929479599,"median":9.99401378632,"min":2.04785585403,"var":34.2003822327},"barkbands_flatness_db":{"dmean":0.0357314646244,"dmean2":0.0514743663371,"dvar":0.00169934972655,"dvar2":0.00331630348228,"max":0.625568091869,"mean":0.150938823819,"median":0.129960939288,"min":0.0185252167284,"var":0.00692071532831},"barkbands_kurtosis":{"dmean":10.7341871262,"dmean2":16.4242916107,"dvar":3151.9453125,"dvar2":6689.51171875,"max":1325.31176758,"mean":11.9584989548,"median":0.590649425983,"min":-1.9463685751,"var":4245.19140625},"barkbands_skewness":{"dmean":1.01386737823,"dmean2":1.50706970692,"dvar":3.20796656609,"dvar2":6.56961679459,"max":32.4570655823,"mean":1.36841547489,"median":0.855208992958,"min":-5.95917415619,"var":7.68271350861},"barkbands_spread":{"dmean":8.90542125702,"dmean2":14.1340112686,"dvar":134.778381348,"dvar2":329.106628418,"max":107.897575378,"mean":25.4593162537,"median":20.2864074707,"min":0.0965630188584,"var":352.101837158},"dissonance":{"dmean":0.0166752077639,"dmean2":0.0267746895552,"dvar":0.000601698702667,"dvar2":0.00143344688695,"max":0.500000119209,"mean":0.470347225666,"median":0.487473368645,"min":0.150096878409,"var":0.00175067887176},"dynamic_complexity":5.53023958206,"erbbands":{"dmean":[0.0879313200712,1.21657466888,3.47626948357,2.3036441803,0.993623256683,0.886385321617,1.38547372818,1.8691432476,2.12660861015,3.36521077156,4.31125879288,4.2457447052,6.65347385406,7.90412759781,9.67354297638,11.3491001129,16.0182800293,17.6607437134,19.4934425354,16.9695949554,18.6140823364,20.8899765015,14.9403600693,17.2958106995,14.4752969742,12.6013860703,11.7580862045,11.1637992859,8.67868995667,5.88685798645,2.93971276283,1.68451392651,0.983056902885,0.5330093503,0.272522389889,0.134245783091,0.0309200137854,0.00516151823103,0.000623011030257,0.0000380379533453],"dmean2":[0.137244701385,1.87429964542,5.69269704819,4.01040363312,1.71510767937,1.48608779907,2.36120223999,3.11745119095,3.5336856842,5.43582868576,7.10115671158,6.81848335266,10.4934034348,12.8132734299,15.6359014511,18.5530776978,26.3857822418,29.2653427124,32.7409667969,27.6296901703,31.1165981293,35.8885040283,24.9569530487,29.7640686035,23.9663219452,20.8308868408,20.0836925507,19.2722454071,15.0458297729,10.0293483734,4.67758607864,2.49090456963,1.47453117371,0.796228587627,0.402029424906,0.199568510056,0.0443343780935,0.00728303287178,0.000890530878678,0.0000541676417924],"dvar":[0.0475926436484,8.48918247223,60.3411178589,31.1604709625,6.44618844986,4.61203956604,14.0045232773,32.9341964722,42.4428634644,112.164222717,188.553161621,240.653564453,484.426025391,1132.28308105,606.461791992,1355.45263672,1637.16931152,1940.35644531,2350.30859375,1780.31518555,3395.54052734,2720.5234375,792.471313477,1105.74304199,793.938842773,635.189208984,576.43548584,610.528015137,408.554138184,194.881607056,61.4056739807,26.6679439545,9.82976341248,2.33169054985,0.655453085899,0.192605540156,0.0213865563273,0.000446816236945,0.00000447634329248,7.19212911449e-9],"dvar2":[0.112991407514,18.0141658783,152.229400635,84.5821456909,17.4652633667,12.7397317886,38.4774551392,85.7113265991,107.770332336,299.712005615,491.037597656,591.05078125,1143.2590332,2496.01782227,1433.01306152,3283.63647461,4089.00488281,4862.39111328,6097.59521484,4460.98193359,9080.34472656,7354.11425781,2016.57299805,2992.3972168,2051.74609375,1600.3190918,1498.87011719,1609.81494141,1076.05126953,499.245697021,133.039993286,51.9464683533,20.3305492401,4.88730764389,1.32518672943,0.402275443077,0.0441214069724,0.00078322889749,0.00000746426894693,1.34536479734e-8],"max":[3.45457315445,44.8400268555,105.728050232,124.263069153,49.4756240845,49.8391113281,67.5963821411,214.301101685,313.226318359,632.711975098,529.124633789,642.80682373,829.108398438,2139.85595703,981.88885498,1949.87036133,1101.13635254,1522.44299316,1155.21496582,1119.14367676,1810.35766602,1248.0513916,1034.86877441,561.651611328,562.910217285,541.188720703,356.103485107,385.385803223,347.64755249,296.465179443,218.803527832,141.807479858,95.5990371704,39.9704780579,34.8882102966,20.0242996216,8.6030626297,0.962405145168,0.0811513662338,0.00386787601747],"mean":[0.147735208273,1.72443675995,3.72046041489,2.34792757034,1.2105846405,1.13650465012,1.63662290573,2.26359820366,2.61914968491,4.70954465866,5.66847896576,6.1031870842,9.85361766815,11.5095567703,15.842833519,17.6524658203,24.4238681793,27.1836719513,28.9405899048,27.1248283386,28.5715427399,31.8319835663,25.8826961517,28.3026390076,27.3378181458,24.4777984619,19.6059608459,16.3692378998,12.0354013443,8.57712650299,5.53483104706,3.51098871231,1.93951463699,1.02103412151,0.503241896629,0.217867404222,0.046986989677,0.00743874767795,0.000946763320826,0.0000725941717974],"median":[0.0421421676874,0.468802183867,0.75262928009,0.433764636517,0.273390233517,0.472407251596,0.479873359203,0.434281229973,0.696594834328,1.52898812294,1.62014448643,1.91846287251,2.94196486473,3.19940590858,5.12811899185,4.82560443878,6.23972558975,8.48379421234,7.6523308754,7.77322292328,7.85653734207,8.37970256805,6.79918432236,5.81535196304,6.36276769638,5.58311414719,3.81968450546,2.9023399353,1.6001765728,1.05442941189,0.738039731979,0.423837453127,0.221967220306,0.111383914948,0.0677606463432,0.0322606898844,0.00662955408916,0.000762614887208,0.000106301340566,0.0000267951854767],"min":[2.83062573381e-9,2.62860506695e-8,1.01012624043e-7,2.10962554092e-7,2.68963390226e-7,2.06555043292e-7,1.06708895942e-7,6.08620993603e-8,1.51897367573e-7,1.68166735648e-7,4.61246010275e-8,3.22360236282e-8,2.54525609478e-8,2.62129535855e-8,3.62268544052e-8,3.50476376809e-8,3.14123944634e-8,6.89182968472e-8,7.27756415131e-8,6.9334902264e-8,7.45063815089e-8,7.21455251096e-8,4.59102516004e-8,5.93895350676e-8,3.39983756703e-8,8.20190564355e-8,5.64754500942e-8,4.03618969358e-8,2.65635229368e-8,2.860475945e-8,2.19935198942e-8,2.60538168817e-8,2.58536712039e-8,1.27894326241e-8,1.62023621186e-8,6.61915056099e-9,4.12214617995e-9,1.51364099032e-9,3.24991977774e-10,3.39915422198e-11],"var":[0.103793375194,13.2245140076,57.2533454895,26.7471370697,7.16466712952,4.57827568054,12.9291391373,35.3546295166,46.0258216858,113.957710266,192.759887695,293.740325928,676.423522949,1681.34143066,1427.07348633,2431.42871094,2952.56494141,3469.42260742,3785.38378906,2778.87988281,3701.74707031,4476.37353516,1910.65966797,2443.51318359,2188.87304688,1950.65795898,1227.64245605,986.372314453,658.988647461,384.75668335,199.787384033,95.5670166016,30.5286922455,6.5342206955,1.81514370441,0.428244173527,0.0422108881176,0.00120581092779,0.0000121691227832,2.09655741656e-8]},"erbbands_crest":{"dmean":2.39223146439,"dmean2":3.8694729805,"dvar":7.03258657455,"dvar2":16.9278030396,"max":28.8002281189,"mean":7.86959886551,"median":6.57058334351,"min":2.57394504547,"var":16.3618469238},"erbbands_flatness_db":{"dmean":0.0215452704579,"dmean2":0.0296093523502,"dvar":0.000431905558798,"dvar2":0.000830000150017,"max":0.40489333868,"mean":0.177306517959,"median":0.167738124728,"min":0.0273242332041,"var":0.00362434401177},"erbbands_kurtosis":{"dmean":1.22955322266,"dmean2":1.96056592464,"dvar":6.34776735306,"dvar2":14.1119165421,"max":151.464233398,"mean":1.07930588722,"median":0.38103184104,"min":-1.89597606659,"var":10.0342960358},"erbbands_skewness":{"dmean":0.438217222691,"dmean2":0.683262228966,"dvar":0.371964544058,"dvar2":0.90175640583,"max":11.5590353012,"mean":-0.196023628116,"median":-0.255521953106,"min":-5.00981283188,"var":0.805273652077},"erbbands_spread":{"dmean":8.83060264587,"dmean2":13.630818367,"dvar":156.782836914,"dvar2":391.498748779,"max":195.717071533,"mean":30.8341560364,"median":25.9338912964,"min":3.29618144035,"var":374.555511475},"gfcc":{"cov":[[22961.6015625,-3558.52587891,-262.849914551,2706.27075195,344.67364502,1792.89758301,287.874450684,1247.43798828,299.015563965,760.746887207,137.072540283,242.778686523,-127.334648132],[-3558.52587891,4462.68603516,1290.21472168,-671.266906738,615.558166504,-347.433532715,262.645935059,-274.956085205,43.6967926025,-180.502487183,-11.9388923645,-112.60181427,-19.1605243683],[-262.849914551,1290.21472168,2008.27368164,268.126525879,469.759063721,336.706176758,222.690460205,181.803344727,121.657356262,52.3593902588,-9.88833332062,26.0370807648,-70.0090942383],[2706.27075195,-671.266906738,268.126525879,1086.23596191,238.589080811,408.686981201,226.59815979,222.61114502,191.270095825,114.367149353,57.8453636169,15.8833751678,1.74231171608],[344.67364502,615.558166504,469.759063721,238.589080811,587.543395996,219.075195312,216.922027588,153.067596436,134.073669434,86.5326309204,49.9726409912,13.6966667175,1.25783455372],[1792.89758301,-347.433532715,336.706176758,408.686981201,219.075195312,483.996337891,175.123703003,210.477416992,120.446456909,120.595794678,65.7286529541,33.3648223877,-14.4952993393],[287.874450684,262.645935059,222.690460205,226.59815979,216.922027588,175.123703003,341.679779053,91.0171432495,121.607551575,58.4431533813,51.8039131165,7.60563898087,-8.92290687561],[1247.43798828,-274.956085205,181.803344727,222.61114502,153.067596436,210.477416992,91.0171432495,273.794128418,91.5892562866,106.125495911,33.6912078857,40.8267440796,14.1627950668],[299.015563965,43.6967926025,121.657356262,191.270095825,134.073669434,120.446456909,121.607551575,91.5892562866,166.120025635,60.1571044922,44.7900314331,6.63648271561,13.4207324982],[760.746887207,-180.502487183,52.3593902588,114.367149353,86.5326309204,120.595794678,58.4431533813,106.125495911,60.1571044922,135.248397827,46.1270904541,33.2954139709,6.94184827805],[137.072540283,-11.9388923645,-9.88833332062,57.8453636169,49.9726409912,65.7286529541,51.8039131165,33.6912078857,44.7900314331,46.1270904541,99.0195770264,26.5429706573,22.8477554321],[242.778686523,-112.60181427,26.0370807648,15.8833751678,13.6966667175,33.3648223877,7.60563898087,40.8267440796,6.63648271561,33.2954139709,26.5429706573,74.9669723511,19.8008117676],[-127.334648132,-19.1605243683,-70.0090942383,1.74231171608,1.25783455372,-14.4952993393,-8.92290687561,14.1627950668,13.4207324982,6.94184827805,22.8477554321,19.8008117676,82.556930542]],"icov":[[0.00011160242866,-0.0000846835100674,0.000143665907672,-0.000261000095634,0.000136515242048,-0.000315682118526,0.000162018302944,-0.00032170501072,0.000246570882155,-0.000338582904078,0.000210370926652,-0.00022880457982,0.00028005495551],[-0.0000846835100674,0.000718694005627,-0.000540356501006,0.000629062124062,-0.000805681280326,0.000841432134621,-0.000592489843257,0.000787261116784,-0.000419044459704,0.000713359564543,-0.000586315465625,0.000875851837918,-0.000514063984156],[0.000143665907672,-0.000540356501006,0.00116089452058,-0.000567383074667,0.000181984287337,-0.00113391829655,0.000459836184746,-0.00085432670312,0.000329125497956,-0.000385542720323,0.000989163061604,-0.00116073351819,0.00107055564877],[-0.000261000095634,0.000629062124062,-0.000567383074667,0.00239145918749,-0.000761865579989,0.000139455791214,-0.000916252960451,0.000876742531545,-0.00160977966152,0.00120591535233,-0.000470792030683,0.00121121411212,-0.00100144452881],[0.000136515242048,-0.000805681280326,0.000181984287337,-0.000761865579989,0.00374701665714,-0.0011878919322,-0.000282287423033,-0.00146843504626,-0.0000742872434785,-0.00134382827673,0.000456010660855,-0.000511275313329,0.000271214550594],[-0.000315682118526,0.000841432134621,-0.00113391829655,0.000139455791214,-0.0011878919322,0.00609264476225,-0.00146494410001,-0.000400401651859,-0.000671583169606,0.000297881284496,-0.00241399277002,0.00125327322166,0.000193676634808],[0.000162018302944,-0.000592489843257,0.000459836184746,-0.000916252960451,-0.000282287423033,-0.00146494410001,0.00540527096018,-0.000589778413996,-0.00154108682182,-0.000548234384041,-0.000422966229962,-0.000785178737715,0.00155614339747],[-0.00032170501072,0.000787261116784,-0.00085432670312,0.000876742531545,-0.00146843504626,-0.000400401651859,-0.000589778413996,0.00863412581384,-0.00223200768232,-0.00181452126708,0.000841812114231,-0.000565765833016,-0.00223119277507],[0.000246570882155,-0.000419044459704,0.000329125497956,-0.00160977966152,-0.0000742872434785,-0.000671583169606,-0.00154108682182,-0.00223200768232,0.0115697449073,-0.00254934607074,-0.00158647634089,0.00138085149229,-0.000862898887135],[-0.000338582904078,0.000713359564543,-0.000385542720323,0.00120591535233,-0.00134382827673,0.000297881284496,-0.000548234384041,-0.00181452126708,-0.00254934607074,0.0145487664267,-0.00405269768089,-0.00168578396551,0.000332754192641],[0.000210370926652,-0.000586315465625,0.000989163061604,-0.000470792030683,0.000456010660855,-0.00241399277002,-0.000422966229962,0.000841812114231,-0.00158647634089,-0.00405269768089,0.0156923364848,-0.00423518428579,-0.00231218943372],[-0.00022880457982,0.000875851837918,-0.00116073351819,0.00121121411212,-0.000511275313329,0.00125327322166,-0.000785178737715,-0.000565765833016,0.00138085149229,-0.00168578396551,-0.00423518428579,0.0187335275114,-0.00432323431596],[0.00028005495551,-0.000514063984156,0.00107055564877,-0.00100144452881,0.000271214550594,0.000193676634808,0.00155614339747,-0.00223119277507,-0.000862898887135,0.000332754192641,-0.00231218943372,-0.00432323431596,0.0157244056463]],"mean":[-79.1692733765,63.6408958435,-135.234329224,33.2578430176,-45.070930481,16.8683071136,-24.9555130005,7.65115833282,-20.604637146,4.45167779922,-15.4102725983,-1.17322647572,-11.4402599335]},"hfc":{"dmean":9.42250823975,"dmean2":14.6970510483,"dvar":287.655670166,"dvar2":674.185424805,"max":253.312301636,"mean":21.0762882233,"median":9.51278400421,"min":2.23520089548e-7,"var":798.812561035},"melbands":{"dmean":[0.00105648499448,0.00170462473761,0.000371713540517,0.000058949150116,0.0000471092535008,0.0000418989766331,0.0000331377486873,0.0000405521677749,0.0000335859112965,0.0000283389344986,0.0000341390077665,0.0000319215141644,0.0000328215683112,0.0000302651023958,0.0000341601225955,0.000038920679799,0.0000345123080479,0.000033601103496,0.0000276416776614,0.0000215967193071,0.0000241689231189,0.0000256111125054,0.0000145699796121,0.0000148323297253,0.000014992364413,0.00001301895918,0.00000911547977012,0.00000907579033083,0.00000832624937175,0.00000675328237776,0.00000666537107463,0.0000049040822887,0.00000470367376693,0.00000293632888315,0.0000018711497205,0.00000134153106046,9.78379489425e-7,7.50846254505e-7,5.80578898735e-7,4.28270368502e-7],"dmean2":[0.00164436025079,0.00268713198602,0.00063883815892,0.000100003278931,0.0000795684027253,0.0000699822412571,0.0000545955044799,0.000065924214141,0.0000551383418497,0.0000454558103229,0.0000539319880772,0.0000520573594258,0.00005299905024,0.0000487394936499,0.0000564870933886,0.0000646902117296,0.0000573208890273,0.0000566885573789,0.0000453532884421,0.0000357251119567,0.0000408821906603,0.0000444110228273,0.0000244005259447,0.0000254135738942,0.0000259274402197,0.0000220876736421,0.0000147801238199,0.0000152412485477,0.0000144503546835,0.0000114647009468,0.0000115882385217,0.00000850560445542,0.00000821655430627,0.00000498790086567,0.00000304525701722,0.00000201993248083,0.00000145631361192,0.00000114264821605,8.89477973942e-7,6.43514226795e-7],"dvar":[0.00000703545447323,0.0000129374893731,7.65910954215e-7,2.17592113216e-8,1.45000127461e-8,1.56000190543e-8,8.97767904462e-9,1.57633035514e-8,1.14489466796e-8,1.34865842938e-8,1.27009265327e-8,1.88350171015e-8,7.93442112013e-9,1.18802567783e-8,8.99360586004e-9,9.83011183564e-9,7.72382868774e-9,7.56904938726e-9,4.64754057461e-9,3.17233461722e-9,6.94077328944e-9,4.98003815963e-9,8.05871203102e-10,7.70505437231e-10,8.47030057205e-10,7.02753022441e-10,3.38658684429e-10,3.35272754004e-10,2.94740148954e-10,2.02908342906e-10,2.22593499188e-10,1.27597099553e-10,1.29440264063e-10,5.03163413712e-11,2.342940425e-11,1.63362483263e-11,9.63156290834e-12,6.0540752099e-12,3.1678370864e-12,1.54623796406e-12],"dvar2":[0.0000156896639965,0.0000303100841847,0.00000205227252081,5.99112368604e-8,3.95328640934e-8,4.05089970457e-8,2.28572289984e-8,4.20395309675e-8,2.93975777055e-8,3.25654312405e-8,2.98620115302e-8,4.17072776315e-8,1.90826767721e-8,2.81713159467e-8,2.16878977e-8,2.49458018686e-8,1.93090663458e-8,1.96401188646e-8,1.10053042235e-8,8.3118640859e-9,1.8973423721e-8,1.35910385168e-8,2.097726437e-9,2.03962691181e-9,2.32821162349e-9,1.89739801648e-9,8.33622171292e-10,8.65738480904e-10,7.87099607713e-10,5.22376863987e-10,5.96084515081e-10,3.34419020254e-10,3.44089146065e-10,1.28901764263e-10,5.3040443565e-11,3.36196695483e-11,1.9075451288e-11,1.29371019106e-11,6.79542663459e-12,3.32505941184e-12],"max":[0.0398398898542,0.048348903656,0.0192437041551,0.00317141902633,0.00192808324937,0.00433676876128,0.00400307355449,0.00708818249404,0.00356436055154,0.00581698678434,0.00429049693048,0.00863531790674,0.00347988284193,0.00662399316207,0.00289962603711,0.00355290598236,0.00259770965204,0.00200780038722,0.00249346415512,0.00148510350846,0.00262506282888,0.00181840499863,0.000920329242945,0.000652140413877,0.000488034449518,0.000648916233331,0.000408576539485,0.000412179710111,0.000302541127894,0.000226687989198,0.000226124102483,0.000210410085856,0.000241198038566,0.000162370604812,0.000140050295158,0.000115912866022,0.0000952435075305,0.0000791499114712,0.0000682023528498,0.0000318897000398],"mean":[0.00166898884345,0.00215491186827,0.000390497822082,0.0000777677632868,0.0000575789781578,0.0000508239390911,0.0000414944879594,0.0000560078624403,0.0000438987917732,0.0000395707465941,0.0000492284962093,0.0000445023542852,0.0000509016936121,0.0000476746172353,0.0000483312360302,0.0000562714267289,0.000050106587878,0.0000467160389235,0.0000416037619289,0.0000322856030834,0.0000340483929904,0.0000355458651029,0.0000242809128395,0.0000227729851758,0.0000229398337979,0.000020911824322,0.0000180719052878,0.0000158597504196,0.0000127897983475,0.0000105078825072,0.00000903658110474,0.00000679577033225,0.0000059689173213,0.00000428330304203,0.00000329480440087,0.0000025839801765,0.00000196227529159,0.00000141244959195,0.00000105387402982,7.92350363099e-7],"median":[0.000498421606608,0.00058895163238,0.0000806167518022,0.0000257124866039,0.0000192520674318,0.00000979377546173,0.0000109426573545,0.0000175343029696,0.0000116641504064,0.0000112691113827,0.0000137277083923,0.0000110215059976,0.0000155594989337,0.0000140517695399,0.0000101687101051,0.0000135234458867,0.0000148190392792,0.000011207011994,0.0000105978169813,0.00000931028625928,0.00000873147018865,0.00000850178730616,0.00000704230478732,0.00000495515405419,0.00000430418867836,0.00000438009146819,0.00000395968208977,0.00000337157507602,0.00000233138052863,0.00000201039256353,0.00000143117563312,8.98271707683e-7,6.57472753574e-7,5.2786458582e-7,4.3221561441e-7,3.04637808313e-7,2.18400074914e-7,1.55425041726e-7,1.13068047369e-7,8.20714802785e-8],"min":[2.84331516665e-11,4.78373868296e-11,3.89536354561e-11,1.76721571404e-11,4.61945108901e-12,7.18651700649e-13,2.36412278642e-12,1.77103459936e-12,2.91261318449e-13,1.83086185102e-13,1.14091123159e-13,9.87484833487e-14,9.45514689763e-14,8.97170385943e-14,4.44456923793e-14,7.37686008199e-14,1.1427507161e-13,1.22240393263e-13,9.18251409697e-14,7.33239898377e-14,1.03482706345e-13,9.08376902886e-14,4.58478063457e-14,3.85023196864e-14,5.17537910043e-14,1.89194024488e-14,2.97431011569e-14,5.93413867849e-14,3.37728434628e-14,2.7130141734e-14,2.04155218257e-14,1.02163667676e-14,2.29178367229e-14,1.40127252385e-14,1.27953804981e-14,1.22766939437e-14,1.65170679326e-14,1.73879685742e-14,1.55337118087e-14,1.00378893023e-14],"var":[0.0000126733639263,0.0000161806328833,6.83183827732e-7,2.34429222701e-8,1.37722091509e-8,1.69557221597e-8,9.85560077993e-9,1.61950719502e-8,1.23754970716e-8,1.60776405522e-8,1.76782553041e-8,2.66990127784e-8,1.56382924388e-8,2.16668087916e-8,1.46655976252e-8,1.89812876528e-8,1.28739650052e-8,1.15649081422e-8,8.07711231232e-9,4.21005497131e-9,6.47417941479e-9,7.00663882469e-9,1.7007774078e-9,1.62547397764e-9,1.70681146994e-9,1.42578482354e-9,1.03446928801e-9,8.91955620475e-10,5.7645405116e-10,3.95671273523e-10,3.25341753538e-10,2.13845538499e-10,1.8342351249e-10,1.04224774644e-10,6.98152438638e-11,5.23875630376e-11,3.15243837978e-11,1.74587445195e-11,8.36362923362e-12,3.91146967246e-12]},"melbands_crest":{"dmean":3.97696447372,"dmean2":6.34371852875,"dvar":16.5288238525,"dvar2":38.7831420898,"max":32.9271774292,"mean":15.2489023209,"median":15.5340366364,"min":2.10790586472,"var":52.3922195435},"melbands_flatness_db":{"dmean":0.0467110462487,"dmean2":0.0674424022436,"dvar":0.00305488309823,"dvar2":0.00629949849099,"max":0.755825400352,"mean":0.198607861996,"median":0.177132308483,"min":0.0161717869341,"var":0.0132557945326},"melbands_kurtosis":{"dmean":16.8653755188,"dmean2":26.6361961365,"dvar":2388.06103516,"dvar2":5399.53271484,"max":925.532043457,"mean":22.2843608856,"median":3.38994383812,"min":-1.88311302662,"var":3890.1574707},"melbands_skewness":{"dmean":1.19852650166,"dmean2":1.81935620308,"dvar":3.10857868195,"dvar2":6.98363161087,"max":24.2334499359,"mean":2.57585906982,"median":1.88871347904,"min":-3.25536155701,"var":8.47671699524},"melbands_spread":{"dmean":14.9236917496,"dmean2":24.0453529358,"dvar":477.256103516,"dvar2":1217.35314941,"max":238.581359863,"mean":36.2816543579,"median":27.6680393219,"min":0.257251948118,"var":1036.90881348},"mfcc":{"cov":[[19125.3632812,-2305.68823242,-1408.90917969,1543.64025879,546.568359375,800.397705078,510.960845947,677.157287598,470.779724121,608.265930176,458.249633789,480.344268799,375.686462402],[-2305.68823242,3733.77539062,929.209411621,50.956401825,302.104949951,104.275619507,204.853530884,56.1686401367,84.4636535645,-19.2742443085,68.3407287598,-25.8298282623,-10.6915607452],[-1408.90917969,929.209411621,1492.58508301,136.365905762,297.446868896,177.254867554,130.268600464,135.712295532,96.5695648193,28.7089767456,64.8578643799,13.7937316895,20.2248802185],[1543.64025879,50.956401825,136.365905762,680.373657227,239.350036621,252.585296631,171.903549194,190.814880371,177.948501587,140.264404297,106.098442078,113.5701828,87.3500289917],[546.568359375,302.104949951,297.446868896,239.350036621,457.284790039,175.338516235,156.191726685,140.335174561,138.287734985,111.920127869,89.3023300171,87.5610733032,65.874130249],[800.397705078,104.275619507,177.254867554,252.585296631,175.338516235,335.696014404,175.546218872,153.943206787,106.782928467,112.174095154,116.591087341,74.6100845337,50.9002151489],[510.960845947,204.853530884,130.268600464,171.903549194,156.191726685,175.546218872,243.291793823,144.039993286,108.040893555,98.2213897705,99.6613693237,72.0835647583,59.4530563354],[677.157287598,56.1686401367,135.712295532,190.814880371,140.335174561,153.943206787,144.039993286,210.042739868,122.69128418,92.3139266968,105.543060303,61.3429756165,52.5021133423],[470.779724121,84.4636535645,96.5695648193,177.948501587,138.287734985,106.782928467,108.040893555,122.69128418,179.123046875,104.034095764,71.8815765381,72.8216781616,53.2770462036],[608.265930176,-19.2742443085,28.7089767456,140.264404297,111.920127869,112.174095154,98.2213897705,92.3139266968,104.034095764,148.890319824,78.4627075195,64.0850067139,48.4482574463],[458.249633789,68.3407287598,64.8578643799,106.098442078,89.3023300171,116.591087341,99.6613693237,105.543060303,71.8815765381,78.4627075195,156.701324463,57.9947814941,38.4651489258],[480.344268799,-25.8298282623,13.7937316895,113.5701828,87.5610733032,74.6100845337,72.0835647583,61.3429756165,72.8216781616,64.0850067139,57.9947814941,120.598236084,57.8235435486],[375.686462402,-10.6915607452,20.2248802185,87.3500289917,65.874130249,50.9002151489,59.4530563354,52.5021133423,53.2770462036,48.4482574463,38.4651489258,57.8235435486,89.8230514526]],"icov":[[0.0000863658642629,0.0000335872500727,0.0000964695864241,-0.000128333325847,-0.0000401699689974,-0.0000625909888186,0.0000308373928419,-0.000143843135447,0.0000995246882667,-0.000105218030512,-0.0000254361966654,-0.0000582066095376,-0.0000794721781858],[0.0000335872500727,0.000364631792763,-0.000144962061313,-0.0000344833606505,-0.000157669710461,0.0000602712825639,-0.000397869793233,0.000263838854153,-0.000180386923603,0.000258009502431,-0.000194141408429,0.000200106893317,0.0000818536282168],[0.0000964695864241,-0.000144962061313,0.00102963484824,-0.0000643749954179,-0.000490171834826,-0.000399435783038,0.000188228921616,-0.000555061385967,-0.0000250719604082,0.000274456309853,0.0000556260820304,0.000179919661605,-0.0000771024351707],[-0.000128333325847,-0.0000344833606505,-0.0000643749954179,0.00270955311134,-0.000337306439178,-0.00106015149504,0.000198669818928,-0.000560531101655,-0.00110875966493,0.0000295749541692,0.000550343305804,-0.00040291735786,-0.000378146214643],[-0.0000401699689974,-0.000157669710461,-0.000490171834826,-0.000337306439178,0.00373756303452,-0.000336869095918,-0.000509647885337,-0.000165485806065,-0.000762424664572,-0.000739622802939,0.000240075547481,-0.000729781575501,-0.000310314178932],[-0.0000625909888186,0.0000602712825639,-0.000399435783038,-0.00106015149504,-0.000336869095918,0.0064847804606,-0.00233944272622,-0.00102131976746,0.00105675321538,-0.00132542499341,-0.00137136573903,-0.000279105210211,0.00096263672458],[0.0000308373928419,-0.000397869793233,0.000188228921616,0.000198669818928,-0.000509647885337,-0.00233944272622,0.00948258209974,-0.00313870771788,-0.000207622419111,-0.00122402654961,-0.00060741440393,-0.000854394282214,-0.00156081141904],[-0.000143843135447,0.000263838854153,-0.000555061385967,-0.000560531101655,-0.000165485806065,-0.00102131976746,-0.00313870771788,0.0128548070788,-0.00459160329774,0.000900032988284,-0.00370009220205,0.00173156405799,-0.000725219841115],[0.0000995246882667,-0.000180386923603,-0.0000250719604082,-0.00110875966493,-0.000762424664572,0.00105675321538,-0.000207622419111,-0.00459160329774,0.0137489140034,-0.0054089454934,0.000931274553295,-0.00266918353736,-0.00049031060189],[-0.000105218030512,0.000258009502431,0.000274456309853,0.0000295749541692,-0.000739622802939,-0.00132542499341,-0.00122402654961,0.000900032988284,-0.0054089454934,0.014810227789,-0.00275273714215,-0.000645517313387,-0.00122783984989],[-0.0000254361966654,-0.000194141408429,0.0000556260820304,0.000550343305804,0.000240075547481,-0.00137136573903,-0.00060741440393,-0.00370009220205,0.000931274553295,-0.00275273714215,0.0116881188005,-0.00232643843628,0.000126177372294],[-0.0000582066095376,0.000200106893317,0.000179919661605,-0.00040291735786,-0.000729781575501,-0.000279105210211,-0.000854394282214,0.00173156405799,-0.00266918353736,-0.000645517313387,-0.00232643843628,0.0152065875009,-0.00599626544863],[-0.0000794721781858,0.0000818536282168,-0.0000771024351707,-0.000378146214643,-0.000310314178932,0.00096263672458,-0.00156081141904,-0.000725219841115,-0.00049031060189,-0.00122783984989,0.000126177372294,-0.00599626544863,0.017758436501]],"mean":[-710.285888672,88.9962615967,-20.4823570251,19.8511066437,1.73469936848,13.7167320251,5.7973241806,6.02975606918,3.0403213501,4.5285243988,1.40287709236,2.07444906235,-0.422474771738]},"pitch_salience":{"dmean":0.102783344686,"dmean2":0.159594476223,"dvar":0.0131204966456,"dvar2":0.0291721802205,"max":0.967511057854,"mean":0.535770475864,"median":0.559145569801,"min":0.0205788370222,"var":0.0407718084753},"silence_rate_20dB":{"dmean":0,"dmean2":0,"dvar":0,"dvar2":0,"max":1,"mean":1,"median":1,"min":1,"var":0},"silence_rate_30dB":{"dmean":0.00638066790998,"dmean2":0.01276220195,"dvar":0.00633995514363,"dvar2":0.014771617949,"max":1,"mean":0.994570016861,"median":1,"min":0,"var":0.00540050212294},"silence_rate_60dB":{"dmean":0.0458865053952,"dmean2":0.0917792394757,"dvar":0.0437809340656,"dvar2":0.0905515253544,"max":1,"mean":0.250593900681,"median":0,"min":0,"var":0.187796592712},"spectral_centroid":{"dmean":378.217529297,"dmean2":600.053161621,"dvar":308650.375,"dvar2":751518.6875,"max":6674.12158203,"mean":1985.34448242,"median":2033.97033691,"min":81.9661865234,"var":1204723.375},"spectral_complexity":{"dmean":4.94094467163,"dmean2":7.67768669128,"dvar":41.6315917969,"dvar2":87.5280456543,"max":65,"mean":19.2693271637,"median":14,"min":0,"var":292.334289551},"spectral_contrast_coeffs":{"dmean":[0.0577974542975,0.0489042401314,0.0432506650686,0.0368165448308,0.0270195864141,0.0292646642774],"dmean2":[0.0886849611998,0.0780004709959,0.0687016099691,0.0594069734216,0.0428741648793,0.0460718311369],"dvar":[0.00241421023384,0.00171534263063,0.00156866293401,0.00124389247503,0.000749071186874,0.00133138743695],"dvar2":[0.00574154499918,0.00406468939036,0.00354376202449,0.00297495559789,0.00170872826129,0.00305165653117],"max":[-0.314623981714,-0.426030755043,-0.503661632538,-0.495603263378,-0.472163051367,-0.556512057781],"mean":[-0.65992975235,-0.764859735966,-0.793334245682,-0.800065457821,-0.800810158253,-0.745211362839],"median":[-0.67154031992,-0.775528848171,-0.805448889732,-0.808147966862,-0.806811094284,-0.743827581406],"min":[-0.946717321873,-0.973393976688,-0.961444437504,-0.962612450123,-0.945192277431,-0.930061399937],"var":[0.0100267538801,0.00592132890597,0.00456167617813,0.00312391808257,0.00252524623647,0.00378154078498]},"spectral_contrast_valleys":{"dmean":[0.542711257935,0.521997332573,0.490309864283,0.49052298069,0.521413743496,0.494598507881],"dmean2":[0.826929330826,0.831639170647,0.788422524929,0.765610337257,0.778408586979,0.678041160107],"dvar":[0.327048242092,0.28017488122,0.295336782932,0.347647875547,0.496072649956,0.418958634138],"dvar2":[0.622979581356,0.657242774963,0.701209545135,0.795761883259,1.04745447636,0.855081856251],"max":[-5.36039400101,-4.71254253387,-5.14438819885,-4.98515987396,-5.00182056427,-7.37555265427],"mean":[-8.67217445374,-8.07466030121,-8.01075839996,-8.01902008057,-7.9253320694,-10.8144931793],"median":[-8.00613975525,-7.71625804901,-7.63763523102,-7.56431245804,-7.39662981033,-10.3379993439],"min":[-14.5800743103,-15.74177742,-16.5725002289,-16.5547199249,-16.1092681885,-18.1244983673],"var":[3.85336399078,2.13903927803,2.17112445831,2.7856733799,3.71122479439,3.89415693283]},"spectral_decrease":{"dmean":2.208726535e-9,"dmean2":3.32769989342e-9,"dvar":1.44533897089e-17,"dvar2":3.20422571605e-17,"max":4.30327613821e-11,"mean":-4.34812941208e-9,"median":-2.724206416e-9,"min":-5.0625548198e-8,"var":2.95450187435e-17},"spectral_energy":{"dmean":0.00888228043914,"dmean2":0.0132970558479,"dvar":0.000218136759941,"dvar2":0.000478881120216,"max":0.192788735032,"mean":0.0183225329965,"median":0.0119702080265,"min":4.28084123705e-10,"var":0.000472993735457},"spectral_energyband_high":{"dmean":0.000817291322164,"dmean2":0.00134094594978,"dvar":0.00000296904022434,"dvar2":0.00000719383842807,"max":0.0352894663811,"mean":0.00150301249232,"median":0.000332511495799,"min":1.09641263082e-11,"var":0.00000757244379201},"spectral_energyband_low":{"dmean":0.00691133504733,"dmean2":0.0107950782403,"dvar":0.000198608977371,"dvar2":0.000452699750895,"max":0.190056860447,"mean":0.0102063380182,"median":0.00370999728329,"min":2.59731930408e-10,"var":0.000320657971315},"spectral_energyband_middle_high":{"dmean":0.00223717559129,"dmean2":0.00354900071397,"dvar":0.000019143202735,"dvar2":0.0000447292950412,"max":0.0954968333244,"mean":0.00504819117486,"median":0.00234858738258,"min":1.70033449126e-11,"var":0.0000531337755092},"spectral_energyband_middle_low":{"dmean":0.00126825913321,"dmean2":0.00211030943319,"dvar":0.00000658407134324,"dvar2":0.0000170016173797,"max":0.0477232076228,"mean":0.00199658004567,"median":0.000931675429456,"min":1.80475495659e-10,"var":0.00000885308600118},"spectral_entropy":{"dmean":0.218667179346,"dmean2":0.311864048243,"dvar":0.0924250334501,"dvar2":0.182151705027,"max":9.06094360352,"mean":7.62859869003,"median":7.83270978928,"min":4.24682855606,"var":0.448759943247},"spectral_flux":{"dmean":0.0257103797048,"dmean2":0.0378104262054,"dvar":0.00112361076754,"dvar2":0.00252689537592,"max":0.403030157089,"mean":0.0710976198316,"median":0.0622720643878,"min":0.0000112883344627,"var":0.00292038614862},"spectral_kurtosis":{"dmean":2.94879817963,"dmean2":4.542096138,"dvar":36.1991844177,"dvar2":70.2159500122,"max":132.087722778,"mean":6.54347372055,"median":4.03296709061,"min":-0.918889224529,"var":79.2169189453},"spectral_rms":{"dmean":0.000888318405487,"dmean2":0.00124985934235,"dvar":0.00000125721646782,"dvar2":0.00000255942632066,"max":0.0137144653127,"mean":0.00350881391205,"median":0.0034173456952,"min":6.46253056402e-7,"var":0.00000556386521566},"spectral_rolloff":{"dmean":751.756103516,"dmean2":1242.86828613,"dvar":1437382,"dvar2":3351037,"max":16279.1015625,"mean":2404.9152832,"median":1744.18945312,"min":64.599609375,"var":4771293.5},"spectral_skewness":{"dmean":0.360481023788,"dmean2":0.556505382061,"dvar":0.278443455696,"dvar2":0.547158956528,"max":9.1885881424,"mean":1.57381784916,"median":1.33655774593,"min":-0.0744457840919,"var":0.821240484715},"spectral_spread":{"dmean":557234.75,"dmean2":808087.5,"dvar":542004445184,"dvar2":1188976656380,"max":18540258,"mean":3984046,"median":3775557.25,"min":588083.75,"var":2695838302210},"spectral_strongpeak":{"dmean":0.385654628277,"dmean2":0.65055257082,"dvar":0.685677289963,"dvar2":1.74704563618,"max":18.184841156,"mean":0.638859033585,"median":0.244774997234,"min":0,"var":1.32073760033},"zerocrossingrate":{"dmean":0.0138620240614,"dmean2":0.0156960003078,"dvar":0.000321118452121,"dvar2":0.000331339484546,"max":0.53857421875,"mean":0.0772102475166,"median":0.0615234375,"min":0.00244140625,"var":0.0048187575303}},"metadata":{"audio_properties":{"analysis_sample_rate":44100,"bit_rate":0,"codec":"flac","downmix":"mix","equal_loudness":0,"length":342.066680908,"lossless":true,"md5_encoded":"0dbb21272014be85d4b81d6cb8008b04","replay_gain":-8.77209091187},"tags":{"album":["Pretty Hate Machine"],"albumartist":["Nine Inch Nails"],"artist":["Nine Inch Nails"],"date":["1989-11-20"],"discnumber":["1"],"disctotal":["1"],"file_name":"10. Ringfinger.flac","genre":["Industrial"],"musicbrainz_albumartistid":["b7ffd2af-418f-4be2-bdd1-22f8b48613da"],"musicbrainz_albumid":["60a04a88-3956-49f5-9d0f-b2603be9f612"],"musicbrainz_artistid":["b7ffd2af-418f-4be2-bdd1-22f8b48613da"],"musicbrainz_recordingid":["c30f0056-58dd-481b-9a3b-532dc74782e1"],"musicbrainz_releasegroupid":["fcb872a2-7ef9-3ed0-bd4a-7c55c78179b6"],"title":["Ringfinger"],"totaldiscs":["1"],"totaltracks":["10"],"tracknumber":["10"],"tracktotal":["10"]},"version":{"essentia":"2.1-beta1","essentia_build_sha":"dbf9221a02c8614ba002a04270c5f9c8cf066e4e","essentia_git_sha":"v2.1_beta1-6-g5578087","extractor":"music 1.0"}},"rhythm":{"beats_count":636,"beats_loudness":{"dmean":0.0162370726466,"dmean2":0.0284333582968,"dvar":0.000297471066006,"dvar2":0.000822346424684,"max":0.146732985973,"mean":0.0436681471765,"median":0.0409219488502,"min":3.42721051538e-8,"var":0.000365228508599},"beats_loudness_band_ratio":{"dmean":[0.14288648963,0.0134960636497,0.0254937335849,0.0547140389681,0.063448086381,0.0598303303123],"dmean2":[0.255818426609,0.0238076429814,0.0452182218432,0.0964451953769,0.12059763819,0.110164567828],"dvar":[0.0279002264142,0.000829031050671,0.00234684348106,0.00653103739023,0.00569576397538,0.00817132834345],"dvar2":[0.0794937759638,0.00219383323565,0.0061103370972,0.0191007554531,0.0191456545144,0.0215237271041],"max":[0.999228596687,0.371461838484,0.578674256802,0.541878819466,0.523201644421,0.9063