{"lowlevel":{"average_loudness":0.952422320843,"barkbands":{"dmean":[0.00172199564986,0.00877662934363,0.00182165531442,0.001689421013,0.00257266033441,0.00141799484845,0.00126985751558,0.000534560240339,0.000645698630251,0.000353746465407,0.000566983420867,0.000547154864762,0.000558747095056,0.000368820561562,0.000534786551725,0.000855187827256,0.000640881480649,0.00025078796898,0.000368660053937,0.0000912025789148,0.0000560883017897,0.0000730345855118,0.0000639458521619,0.0000855511607369,0.0000532798294444,0.0000351026865246,0.0000145008671097],"dmean2":[0.0024554557167,0.0141625013202,0.00297605013475,0.00278172641993,0.00416748039424,0.00234591658227,0.00197750446387,0.000852671335451,0.00102340348531,0.000579041952733,0.000902021012735,0.000850972079206,0.000926991866436,0.000605599547271,0.000861834036186,0.00140420056414,0.00104419817217,0.000414505280787,0.000608055968769,0.00015013095981,0.0000898266080185,0.00010726488108,0.0000942489059526,0.000129749983898,0.0000809731864138,0.0000569062249269,0.000024113618565],"dvar":[0.0000157345166372,0.000312249205308,0.00000839349195303,0.00000713078088665,0.0000112399347927,0.00000478624406242,0.00000609122253081,0.00000166642871591,0.00000270967052529,6.33183560694e-7,5.9231342675e-7,5.62214381716e-7,7.15405690244e-7,2.56286369904e-7,4.66470709171e-7,9.9255260011e-7,6.11378084159e-7,1.0723849897e-7,2.34675681554e-7,2.16868905056e-8,1.60810174066e-8,6.6068075455e-8,4.3221213275e-8,8.76794956639e-8,2.62948933738e-8,1.52753969473e-8,2.96262103738e-9],"dvar2":[0.000029687769711,0.000752439547796,0.0000183795655175,0.000017892481992,0.0000282820947177,0.0000125886854221,0.0000140642196129,0.00000362095647688,0.00000653711458654,0.00000154786653184,0.00000146179456806,0.00000135055029205,0.00000188676040125,6.85890768182e-7,0.00000118820366879,0.00000251906044468,0.00000153104360834,2.72729351991e-7,5.95818733018e-7,5.21760519234e-8,3.05114227217e-8,1.34151875386e-7,8.56932729221e-8,1.83545523669e-7,7.13597785307e-8,4.59423254995e-8,8.65844729248e-9],"max":[0.0362859591842,0.169546350837,0.0491709820926,0.0338837057352,0.0408705659211,0.0351587571204,0.0454627536237,0.0469800196588,0.0534096471965,0.0221714023501,0.0150519041345,0.0143010392785,0.0169440936297,0.00893192645162,0.0136628840119,0.0163161307573,0.0110770501196,0.00503959599882,0.00820132996887,0.0067379064858,0.00448201131076,0.0121814468876,0.00728215044364,0.0104816714302,0.00413257209584,0.00297589483671,0.0010531762382],"mean":[0.00304244295694,0.014217662625,0.00352667598054,0.00209824321792,0.00432661408558,0.00231608236209,0.00194763427135,0.000887495174538,0.00112280983012,0.000585880305152,0.000994045170955,0.00118567387108,0.00102589244489,0.000731344567612,0.00115452136379,0.0019524586387,0.00151370279491,0.000545618240722,0.00092392222723,0.000238033229834,0.000136709219078,0.000142868229887,0.000138898787554,0.000166078723851,0.0000901449020603,0.0000418615272793,0.0000154789086082],"median":[0.000498677429277,0.00799510627985,0.00155616411939,0.00112736830488,0.00298829982057,0.0014963290887,0.00102686916944,0.000540303997695,0.000538388267159,0.000323669868521,0.00065890676342,0.00084853725275,0.000682030047756,0.000550045049749,0.000900042476133,0.00167686364148,0.00124219362624,0.000460292911157,0.000788040983025,0.000208298006328,0.000104580205516,0.0000819176784717,0.0000851281147334,0.0000800867856015,0.0000416709954152,0.0000147741957335,0.0000027936243896],"min":[3.92427124564e-23,6.90266418714e-23,4.5590425303e-24,6.56160932555e-23,1.18756660528e-22,3.45140719313e-23,3.51239781624e-23,1.18881666583e-22,3.96758475805e-23,1.47876406927e-22,8.54436198591e-23,1.00737228363e-22,1.58917468239e-22,1.15284094824e-22,1.7320421886e-22,1.92275177368e-22,2.55079675694e-22,1.99223868118e-22,1.94944758402e-22,2.69677464704e-22,4.30052684787e-22,4.81628738936e-22,6.80123914149e-22,9.57956029667e-22,1.1856651602e-21,1.7804648691e-21,2.3292081268e-21],"var":[0.0000341531958838,0.000423586461693,0.0000283621484414,0.00000813903352537,0.0000194330041268,0.00000760888315199,0.0000105826538856,0.00000351642574969,0.00000588391458223,0.00000106241441244,0.00000121210712223,0.0000015865171008,0.00000138818654705,5.01898568928e-7,0.00000110520011276,0.00000232525007959,0.00000156776195581,2.04713629159e-7,5.72145779643e-7,4.12317255893e-8,2.98941245092e-8,9.34263937324e-8,7.26284241637e-8,1.59466452487e-7,3.43846124906e-8,1.36531106421e-8,2.7682609538e-9]},"barkbands_crest":{"dmean":2.333070755,"dmean2":3.71691036224,"dvar":5.13307905197,"dvar2":11.9921226501,"max":21.6773815155,"mean":8.81530761719,"median":8.19941711426,"min":2.20634388924,"var":12.7685108185},"barkbands_flatness_db":{"dmean":0.0179314501584,"dmean2":0.0280910804868,"dvar":0.000334740558174,"dvar2":0.000803401751909,"max":0.501609385014,"mean":0.115572057664,"median":0.0981845334172,"min":0.0189567450434,"var":0.00477173598483},"barkbands_kurtosis":{"dmean":2.82884693146,"dmean2":4.61922168732,"dvar":58.8262214661,"dvar2":162.042663574,"max":177.381408691,"mean":3.89975047112,"median":-0.112290263176,"min":-1.95969736576,"var":240.099594116},"barkbands_skewness":{"dmean":0.528568744659,"dmean2":0.817301392555,"dvar":0.394861698151,"dvar2":0.982346057892,"max":10.425453186,"mean":0.76804047823,"median":0.89643239975,"min":-9.05779075623,"var":2.56842851639},"barkbands_spread":{"dmean":6.00153827667,"dmean2":9.42326927185,"dvar":58.5562705994,"dvar2":151.98626709,"max":134.16947937,"mean":30.8324565887,"median":30.7829303741,"min":1.0015900135,"var":237.894577026},"dissonance":{"dmean":0.00959355570376,"dmean2":0.0162484720349,"dvar":0.000108561405796,"dvar2":0.000301006715745,"max":0.5,"mean":0.481260418892,"median":0.485427200794,"min":0.272549033165,"var":0.000274687830824},"dynamic_complexity":3.10802984238,"erbbands":{"dmean":[0.417061835527,1.43230545521,2.29337453842,2.75043749809,9.17267417908,9.55316448212,8.16093826294,13.0262355804,19.4093647003,15.2734985352,12.0301799774,14.5481939316,10.7800884247,12.329870224,21.9297790527,21.7285442352,28.1955871582,14.2561616898,20.1014957428,48.4260597229,40.5727729797,28.5348548889,12.2797431946,21.2284851074,9.79377269745,4.01505327225,2.72082185745,2.06912302971,2.38505244255,2.71694684029,1.6666520834,1.59946131706,1.5494093895,0.706888735294,0.344090878963,0.155556753278,0.0631668418646,0.0167015101761,0.00219977670349,0.00019744844758],"dmean2":[0.657253742218,2.37275648117,3.74727058411,4.40116977692,15.3454141617,15.410782814,12.9293117523,21.6714286804,31.0125465393,23.1018543243,18.9665756226,23.299413681,17.3561344147,19.8538551331,35.3817634583,34.0604095459,46.2015380859,23.2346477509,32.9102592468,78.0746994019,66.812461853,46.4519577026,20.1190376282,34.7442245483,16.0869102478,6.56980705261,4.4441857338,3.20587277412,3.50862789154,4.06111335754,2.44611573219,2.38343191147,2.3764026165,1.06668901443,0.537058055401,0.24758900702,0.103576645255,0.0277795623988,0.0036599074956,0.0003279519442],"dvar":[1.06319582462,5.37741565704,10.6302757263,14.9130048752,215.799285889,155.841171265,135.407272339,424.181976318,1606.92602539,724.524291992,1120.22106934,1506.87634277,434.199462891,692.406005859,812.769165039,943.565490723,1783.53100586,426.109008789,712.92199707,4398.78369141,2239.62084961,1280.2052002,220.404846191,773.247192383,135.342056274,45.5646629333,21.4665203094,31.515335083,66.6045837402,98.3776779175,28.3533058167,34.997013092,27.1655387878,4.95353269577,1.13100337982,0.317194759846,0.0422185435891,0.00384008116089,0.0000934066483751,5.47381034721e-7],"dvar2":[2.4081351757,14.2084636688,24.055065155,35.8014717102,539.967834473,402.685852051,312.999023438,1124.53063965,3746.02490234,1677.47229004,2458.43847656,3677.61254883,1036.22021484,1640.60546875,2045.7635498,2262.69165039,4630.09619141,1093.50085449,1890.86206055,11000.8056641,5707.03662109,3240.59155273,563.41394043,2027.44946289,346.887084961,108.654998779,45.790802002,58.1625518799,142.991668701,198.6459198,55.3797912598,69.3815231323,62.6357727051,12.5522937775,3.23353481293,0.955425858498,0.123936504126,0.0115567017347,0.000279190076981,0.00000147761124936],"max":[8.59167671204,25.5504512787,47.9597702026,45.5515518188,152.198577881,238.206741333,236.903015137,294.55859375,732.314208984,890.413452148,1064.88574219,901.147766113,756.852355957,1082.39123535,543.518798828,653.017944336,939.390319824,499.397033691,565.846191406,1622.7442627,908.711181641,635.050231934,218.503967285,567.373962402,197.998336792,306.299255371,175.044403076,225.606201172,425.609283447,333.27935791,177.698226929,273.568817139,147.806289673,68.4870452881,24.1247577667,13.4186496735,4.62275218964,1.64902675152,0.222038120031,0.0162914842367],"mean":[0.568180441856,2.48209786415,4.75737857819,4.91384601593,10.6309547424,17.0714206696,14.651684761,20.8303813934,26.7305145264,27.0495319366,20.6343479156,24.9915657043,20.5289001465,23.8508644104,42.0699462891,50.4243011475,56.7888793945,33.1470870972,46.4733734131,100.379196167,102.013206482,75.8039321899,34.0532836914,52.3379364014,27.8593521118,11.2526264191,7.11678886414,4.63512897491,4.75547742844,5.23064279556,3.70213317871,3.36178779602,2.72309017181,1.21929252148,0.544763624668,0.20709964633,0.0710841044784,0.0173922143877,0.0023072254844,0.000255360500887],"median":[0.160288691521,1.72479224205,2.68591046333,3.14428424835,5.8572435379,11.3107051849,10.5758533478,13.5440330505,10.9913902283,17.7648010254,10.4085788727,10.9335231781,13.5613899231,16.3345069885,31.16847229,36.7198371887,40.3142242432,26.0008392334,38.4718170166,73.0903015137,88.760848999,65.0711975098,29.8199691772,44.6031951904,25.5653343201,9.90284347534,5.92289447784,3.25577163696,2.73359894753,2.88868546486,2.32186222076,1.89214682579,1.16153144836,0.546939492226,0.246880441904,0.0849706530571,0.0234183706343,0.00402410980314,0.000507656950504,0.0000835060345707],"min":[2.6183941848e-21,1.34118652545e-20,7.94621361926e-21,9.64825922174e-20,4.86959262056e-19,2.94861686686e-19,1.48737659464e-19,2.90440768204e-19,4.99956699322e-19,7.77649709558e-19,3.00542178937e-18,8.81018489902e-19,3.05759124342e-18,4.62426387897e-18,3.58015680514e-18,4.26100999451e-18,6.93648556755e-18,8.32159081788e-18,8.71381918483e-18,6.35656826525e-18,1.22779981693e-17,1.59270268594e-17,1.36602988637e-17,7.05513924975e-18,1.23211480459e-17,1.32440475174e-17,1.38203690656e-17,1.98870415454e-17,1.81191911403e-17,1.3670115016e-17,1.99960424435e-17,1.69957210497e-17,1.84742650356e-17,1.08782100495e-17,1.01998475009e-17,6.85421914691e-18,3.25629843133e-18,1.17025284103e-18,3.2971987903e-19,3.54115406311e-20],"var":[1.44830918312,7.73963975906,34.5570030212,33.0421867371,216.489868164,369.894592285,237.58807373,625.893066406,2607.17749023,1369.57958984,2411.88500977,3207.04833984,802.27545166,1295.89929199,1639.74621582,2754.03222656,3665.38500977,951.476928711,1460.02001953,9755.65234375,6157.29833984,3381.03222656,619.52746582,1787.11120605,374.868530273,88.9334182739,45.6686973572,53.7653121948,90.5653076172,141.433853149,51.2121200562,61.5479698181,45.0009002686,6.9796295166,1.31317460537,0.295126765966,0.037404101342,0.00325225736015,0.0000801658679848,6.02014836204e-7]},"erbbands_crest":{"dmean":2.11196637154,"dmean2":3.46463942528,"dvar":3.80528569221,"dvar2":9.59017467499,"max":27.3305702209,"mean":7.90115976334,"median":7.15143156052,"min":2.83081197739,"var":9.74619960785},"erbbands_flatness_db":{"dmean":0.0149081535637,"dmean2":0.0214925501496,"dvar":0.000183261872735,"dvar2":0.000417559815105,"max":0.447847098112,"mean":0.149798199534,"median":0.141716688871,"min":0.0385388582945,"var":0.00262413732708},"erbbands_kurtosis":{"dmean":1.02739036083,"dmean2":1.67719364166,"dvar":5.74998998642,"dvar2":15.9254817963,"max":65.2897949219,"mean":1.31888484955,"median":0.29621732235,"min":-1.85293376446,"var":26.8349456787},"erbbands_skewness":{"dmean":0.293024212122,"dmean2":0.463358610868,"dvar":0.0921461433172,"dvar2":0.234341070056,"max":4.58069181442,"mean":-0.532615840435,"median":-0.540541768074,"min":-5.97612190247,"var":0.647078812122},"erbbands_spread":{"dmean":6.2484369278,"dmean2":9.72154331207,"dvar":54.326171875,"dvar2":138.364700317,"max":178.404632568,"mean":32.2231407166,"median":30.7322311401,"min":2.59607124329,"var":241.387084961},"gfcc":{"cov":[[27188.90625,7709.55224609,-5515.85009766,529.51184082,370.952270508,-767.22479248,39.2373695374,290.967681885,-356.648986816,-201.888275146,47.1647605896,-289.803253174,-36.4735794067],[7709.55224609,4309.43310547,-2151.49316406,456.803985596,229.227584839,-416.025543213,84.7479248047,44.8326568604,-109.863937378,-176.071731567,95.6977386475,-158.778579712,29.3053665161],[-5515.85009766,-2151.49316406,1824.83776855,-220.330566406,-144.697052002,199.378707886,-68.133934021,-28.9450588226,70.1220474243,76.5989074707,-82.4189529419,93.2963256836,-38.9765548706],[529.51184082,456.803985596,-220.330566406,261.91317749,36.3648033142,5.31785297394,0.407719343901,-30.4646472931,-1.56177151203,-23.2235870361,40.8237266541,-0.712847113609,31.880821228],[370.952270508,229.227584839,-144.697052002,36.3648033142,180.047866821,0.212241560221,30.4590511322,29.4832401276,-12.5676422119,2.58880734444,14.7853069305,-11.3678588867,-1.61142742634],[-767.22479248,-416.025543213,199.378707886,5.31785297394,0.212241560221,128.895111084,20.5648784637,2.06324386597,19.7096538544,20.0213775635,-1.16608548164,25.7708148956,5.47289705276],[39.2373695374,84.7479248047,-68.133934021,0.407719343901,30.4590511322,20.5648784637,78.9810333252,31.109380722,17.134967804,-0.205780610442,3.0586578846,-3.97803115845,4.02427148819],[290.967681885,44.8326568604,-28.9450588226,-30.4646472931,29.4832401276,2.06324386597,31.109380722,100.320472717,26.0577659607,15.2177476883,-9.05278873444,-16.4756736755,-19.7469100952],[-356.648986816,-109.863937378,70.1220474243,-1.56177151203,-12.5676422119,19.7096538544,17.134967804,26.0577659607,69.7774658203,25.797624588,7.918405056,1.13805508614,4.58519029617],[-201.888275146,-176.071731567,76.5989074707,-23.2235870361,2.58880734444,20.0213775635,-0.205780610442,15.2177476883,25.797624588,64.8333816528,16.3423976898,20.710477829,-2.65406703949],[47.1647605896,95.6977386475,-82.4189529419,40.8237266541,14.7853069305,-1.16608548164,3.0586578846,-9.05278873444,7.918405056,16.3423976898,68.0147247314,22.7782306671,26.0308799744],[-289.803253174,-158.778579712,93.2963256836,-0.712847113609,-11.3678588867,25.7708148956,-3.97803115845,-16.4756736755,1.13805508614,20.710477829,22.7782306671,73.1309356689,31.7114982605],[-36.4735794067,29.3053665161,-38.9765548706,31.880821228,-1.61142742634,5.47289705276,4.02427148819,-19.7469100952,4.58519029617,-2.65406703949,26.0308799744,31.7114982605,68.2270812988]],"icov":[[0.000140685515362,-0.000139425101224,0.000342427258147,0.0000727885853848,0.00011903126142,-0.000150145773659,0.000417787552578,-0.000409545376897,0.000346039101714,-0.00034871022217,0.000471878505778,-0.000265589100309,0.0000749693499529],[-0.000139425101224,0.00109043135308,0.00033309875289,-0.00116398104001,-0.000356454314897,0.0021811123006,-0.00116931600496,-0.0000354373732989,-0.000133859284688,0.00121015950572,-0.000620688369963,0.000225291689276,0.000254791724728],[0.000342427258147,0.00033309875289,0.00231465534307,0.0000394060298277,0.000309013877995,-0.000286247930489,0.00155708706006,-0.000846043578349,-0.000152514883666,-0.000297411374049,0.00211743824184,-0.00188017752953,0.00110212923028],[0.0000727885853848,-0.00116398104001,0.0000394060298277,0.0066584572196,-0.000633278279565,-0.00403881398961,0.00232946779579,0.0018202814972,-0.00175869604573,0.00127753347624,-0.00196295091882,0.000400502874982,-0.00112081517],[0.00011903126142,-0.000356454314897,0.000309013877995,-0.000633278279565,0.00721598835662,-0.00101097300649,-0.0016533494927,-0.00239361822605,0.00347097008489,-0.0020993524231,-0.000848740106449,0.000998634845018,-0.000109816086479],[-0.000150145773659,0.0021811123006,-0.000286247930489,-0.00403881398961,-0.00101097300649,0.0159416459501,-0.00630210060626,-0.0000469012047688,-0.000384489627322,0.000223886876483,0.000330041802954,-0.00210323790088,0.000648290035315],[0.000417787552578,-0.00116931600496,0.00155708706006,0.00232946779579,-0.0016533494927,-0.00630210060626,0.0199022050947,-0.00473512336612,-0.00354063836858,0.0016814757837,0.00145775603596,-0.00120244198479,-0.00124521867838],[-0.000409545376897,-0.0000354373732989,-0.000846043578349,0.0018202814972,-0.00239361822605,-0.0000469012047688,-0.00473512336612,0.0164073277265,-0.00637487648055,-0.00148151849862,0.000615425233264,0.00157545635011,0.00284139113501],[0.000346039101714,-0.000133859284688,-0.000152514883666,-0.00175869604573,0.00347097008489,-0.000384489627322,-0.00354063836858,-0.00637487648055,0.023674916476,-0.00907353498042,-0.00116241758224,0.00470297271386,-0.00423270650208],[-0.00034871022217,0.00121015950572,-0.000297411374049,0.00127753347624,-0.0020993524231,0.000223886876483,0.0016814757837,-0.00148151849862,-0.00907353498042,0.0266170892864,-0.00769938901067,-0.00638590101153,0.00548230437562],[0.000471878505778,-0.000620688369963,0.00211743824184,-0.00196295091882,-0.000848740106449,0.000330041802954,0.00145775603596,0.000615425233264,-0.00116241758224,-0.00769938901067,0.0247871279716,-0.00591210322455,-0.0042392257601],[-0.000265589100309,0.000225291689276,-0.00188017752953,0.000400502874982,0.000998634845018,-0.00210323790088,-0.00120244198479,0.00157545635011,0.00470297271386,-0.00638590101153,-0.00591210322455,0.0248996261507,-0.0106627875939],[0.0000749693499529,0.000254791724728,0.00110212923028,-0.00112081517,-0.000109816086479,0.000648290035315,-0.00124521867838,0.00284139113501,-0.00423270650208,0.00548230437562,-0.0042392257601,-0.0106627875939,0.0236532781273]],"mean":[18.9776096344,71.9386901855,-113.083572388,34.3822174072,-37.8418960571,17.7977466583,-43.2584533691,11.924202919,-16.7369117737,-0.476726293564,-7.23240184784,4.49667072296,-8.69117832184]},"hfc":{"dmean":5.67140293121,"dmean2":8.85744953156,"dvar":68.865486145,"dvar2":157.245651245,"max":208.710205078,"mean":32.4582328796,"median":32.5425109863,"min":1.16016779296e-16,"var":268.413146973},"melbands":{"dmean":[0.00293843727559,0.00135081249755,0.000719522533473,0.000607613648754,0.000314950506436,0.000290963653242,0.000280831271084,0.00015148500097,0.000104422550066,0.0000887242276804,0.0000547286545043,0.0000494796877319,0.00008659811283,0.0000482631076011,0.0000762699783081,0.0000497259716212,0.0000276715618384,0.0000363724429917,0.0000436610353063,0.0000677551142871,0.0000537053856533,0.0000361625534424,0.0000242491732934,0.0000105869085019,0.0000203570707527,0.0000129409427245,0.00000447167576567,0.00000285367764263,0.00000203487115868,0.00000137666586397,0.00000130805460685,0.00000126040913528,0.00000183300596746,0.00000151701624418,0.00000104243565602,9.18003081551e-7,0.00000108316544356,0.00000123354720927,8.65834238084e-7,5.37906089448e-7],"dmean2":[0.00467887613922,0.00220363494009,0.00117825751659,0.000999884912744,0.000495181418955,0.000483449577587,0.000445953744929,0.000230724443099,0.000164467171999,0.000142018325278,0.0000884290493559,0.0000800242996775,0.000138094896101,0.0000785669471952,0.000119864605949,0.0000818779153633,0.000045429351303,0.000059856185544,0.0000704840931576,0.00010993322212,0.000088076958491,0.0000588813672948,0.0000400191929657,0.0000175616041815,0.0000334085561917,0.0000214047267946,0.00000744632552596,0.00000472831152365,0.00000338470022143,0.00000222249923354,0.00000204073603527,0.00000189690740626,0.00000277147296401,0.00000231899548453,0.00000157216072694,0.00000138275549944,0.00000163939614595,0.00000191654680748,0.00000133140702019,8.31027023196e-7],"dvar":[0.0000446301819466,0.00000311973531097,0.00000119768549212,6.73955867114e-7,1.63625827554e-7,2.13737848753e-7,3.31675579446e-7,7.11669727593e-8,8.49000656444e-8,4.9722508777e-8,1.14331317747e-8,1.27602595157e-8,1.31203510279e-8,5.92322146886e-9,9.71193436783e-9,5.5598947668e-9,1.68119951294e-9,2.42881292856e-9,3.24456017609e-9,7.54102469358e-9,4.36580105401e-9,2.22051887988e-9,1.02557717874e-9,2.26905938483e-10,7.55874918212e-10,2.85916845755e-10,3.90541210482e-11,2.52712486354e-11,9.73012555944e-12,9.9179935098e-12,1.19577030569e-11,1.59446969517e-11,4.87963940088e-11,2.91484579529e-11,1.05349175564e-11,1.0179457971e-11,1.51621666611e-11,1.74802030489e-11,8.54200564449e-12,2.6843366939e-12],"dvar2":[0.000103136590042,0.00000744129192753,0.00000300458850688,0.0000017565946564,3.82800863008e-7,5.66930111745e-7,7.67587494011e-7,1.62962138006e-7,1.90727391214e-7,1.22567612948e-7,2.73131970374e-8,3.06483265433e-8,3.22972688593e-8,1.46676644164e-8,2.43688482726e-8,1.38549927087e-8,4.41954117747e-9,6.50160236759e-9,8.25732904275e-9,1.91854780951e-8,1.10517088814e-8,5.52412648958e-9,2.65878052907e-9,5.72840441748e-10,1.9948978025e-9,7.23806903302e-10,1.03834177367e-10,5.91493035107e-11,2.23497765434e-11,2.02450781833e-11,2.26139159482e-11,3.45032231952e-11,1.04579248039e-10,6.09168479548e-11,2.18153828335e-11,2.02312003955e-11,3.06138205064e-11,4.20496935882e-11,2.08249719552e-11,7.06554823329e-12],"max":[0.0591946206987,0.0196564383805,0.0136313438416,0.00950880721211,0.00732881715521,0.00727475620806,0.010771564208,0.00885750446469,0.00912507809699,0.0051645883359,0.0036941783037,0.0042313230224,0.00240923184901,0.00203458033502,0.00175231543835,0.00158086814918,0.00109217315912,0.000931903428864,0.00127779261675,0.00171065807808,0.00134574365802,0.000788013101555,0.000512500526384,0.000264988193521,0.00058616878232,0.000311767624225,0.000144855759572,0.000236021951423,0.0000998279720079,0.000120736651297,0.000166565339896,0.000215939347981,0.000299078063108,0.000189512415091,0.00011599175923,0.000158950308105,0.000162463446031,0.000127218387206,0.0000882453095983,0.0000555099613848],"mean":[0.004509604536,0.00285848346539,0.00110933289398,0.000961391429882,0.000617269543,0.000469806749607,0.000400545541197,0.000265932030743,0.000171195817529,0.000153231740114,0.0000994943475234,0.0000891865129233,0.000154884488438,0.0000996904054773,0.000164017983479,0.0000928023800952,0.000057287121308,0.0000734282293706,0.0000928980152821,0.000140312564326,0.000119862619613,0.0000835360624478,0.0000507747026859,0.0000223020342673,0.0000463948163087,0.0000299333223666,0.0000103925049189,0.00000662877482682,0.00000481289407617,0.00000307175378111,0.00000255601503341,0.00000243535987465,0.00000318302295454,0.00000281683787762,0.00000211909673453,0.0000019874219106,0.00000209271615859,0.00000209051472666,0.00000139569112889,9.05930676254e-7],"median":[0.00198474363424,0.00193365686573,0.000694576185197,0.000660193501972,0.000461495568743,0.000302446889691,0.000177704132511,0.00017497013323,0.0000761472037993,0.0000718793598935,0.0000645503896521,0.0000567976967432,0.000105062877992,0.0000725080171833,0.00012008009071,0.0000638134224573,0.0000434462272096,0.0000574688056076,0.000071086891694,0.000110767374281,0.0000987798121059,0.0000681566161802,0.0000375088129658,0.0000184262098628,0.0000384250743082,0.0000253774105659,0.00000901454768609,0.0000055322479966,0.00000392655420001,0.00000231934291151,0.00000165626238413,0.00000141568409617,0.00000164917241818,0.00000154391489104,0.00000128957333345,0.0000012286642459,0.0000010956641745,8.65895628976e-7,5.92925857745e-7,4.09146366565e-7],"min":[2.43315705404e-23,8.63151644312e-24,3.13878161639e-23,3.00403186755e-23,6.42034090351e-24,7.1745787036e-24,7.59913654304e-24,1.06294684021e-23,2.22530971822e-23,5.12566633016e-24,1.68703836816e-23,2.02891822048e-23,1.30982456814e-23,9.39966974958e-24,1.12190756644e-23,1.78311216008e-23,1.46813278017e-23,1.21429075151e-23,1.16839955721e-23,6.6592726722e-24,1.67200678138e-23,1.65128813856e-23,1.45554366453e-23,8.271066174e-24,5.22338055834e-24,8.01786548925e-24,1.04309381446e-23,8.26677792612e-24,7.67024367617e-24,8.45888133376e-24,1.30570418986e-23,1.12378237327e-23,7.47491698288e-24,7.86063367793e-24,1.10749649765e-23,1.27230997225e-23,9.27235548808e-24,1.37980402461e-23,9.26711192965e-24,9.45960109027e-24],"var":[0.0000616218749201,0.00000855583311932,0.00000166256302236,9.95138520921e-7,3.58193233296e-7,3.21410652759e-7,5.52322774183e-7,1.37689809776e-7,1.84985125884e-7,1.04783318022e-7,2.04481089838e-8,2.26875762621e-8,2.70288023074e-8,1.36029560949e-8,2.57048764496e-8,1.09819211502e-8,3.37627570346e-9,4.62359661668e-9,7.45731920659e-9,1.62900537504e-8,1.15305711645e-8,5.3813149492e-9,2.48082554499e-9,4.00498745279e-10,1.62286295513e-9,6.45620890083e-10,7.27004637047e-11,4.16815401638e-11,2.03606836252e-11,1.64015068888e-11,1.95441527545e-11,2.16875024883e-11,6.28261678792e-11,4.07405359448e-11,1.77763394282e-11,1.69178594744e-11,2.66064722337e-11,2.75318066956e-11,1.24091110651e-11,3.44154587641e-12]},"melbands_crest":{"dmean":3.53153276443,"dmean2":5.52955150604,"dvar":13.7640647888,"dvar2":26.4943580627,"max":37.0784759521,"mean":14.6824369431,"median":12.9565944672,"min":2.5270884037,"var":43.2462997437},"melbands_flatness_db":{"dmean":0.0225275512785,"dmean2":0.0349271222949,"dvar":0.000480693386635,"dvar2":0.00106202962343,"max":0.496307075024,"mean":0.177678257227,"median":0.169623762369,"min":0.00728098442778,"var":0.00254363776185},"melbands_kurtosis":{"dmean":5.15211772919,"dmean2":8.2688369751,"dvar":79.2299499512,"dvar2":204.536590576,"max":210.562316895,"mean":8.62264823914,"median":4.45407009125,"min":-1.96244800091,"var":174.294555664},"melbands_skewness":{"dmean":0.668764710426,"dmean2":1.03566074371,"dvar":0.536677002907,"dvar2":1.24822568893,"max":10.9218034744,"mean":2.03784894943,"median":2.04840946198,"min":-7.81947278976,"var":3.51340532303},"melbands_spread":{"dmean":10.0955524445,"dmean2":15.8542022705,"dvar":283.075073242,"dvar2":738.404907227,"max":331.680877686,"mean":35.3745765686,"median":30.3812389374,"min":1.04386675358,"var":1041.79663086},"mfcc":{"cov":[[19206.7441406,4841.20654297,-2597.50488281,1255.79663086,51.3038864136,212.504745483,-31.8952198029,99.4667282104,-214.904174805,-68.0392379761,-430.171234131,149.553436279,97.4778366089],[4841.20654297,2061.57446289,-752.41809082,498.312927246,32.5649871826,54.1582984924,-8.31657409668,40.8570404053,-81.0236740112,6.63535881042,-143.513320923,36.0577926636,21.1408901215],[-2597.50488281,-752.41809082,826.581604004,-190.589538574,33.9878768921,-34.9143447876,-33.989074707,-22.2799224854,41.8417167664,-4.24346971512,99.1774902344,-34.3884010315,-13.1232271194],[1255.79663086,498.312927246,-190.589538574,247.884735107,50.524520874,45.2731323242,4.84808206558,10.9189119339,-26.1520233154,6.43292617798,-47.2378730774,14.7488889694,7.81161355972],[51.3038864136,32.5649871826,33.9878768921,50.524520874,119.000335693,22.7789344788,25.9019489288,3.34704184532,2.03045558929,11.0480709076,5.32333469391,5.54174470901,7.16990947723],[212.504745483,54.1582984924,-34.9143447876,45.2731323242,22.7789344788,84.6582946777,15.8653125763,16.6450805664,-8.55501270294,-8.31300640106,-12.6127204895,-3.91390800476,6.60283851624],[-31.8952198029,-8.31657409668,-33.989074707,4.84808206558,25.9019489288,15.8653125763,66.9516067505,19.2644405365,9.25714683533,2.56226658821,1.05050945282,6.29417419434,-2.45524597168],[99.4667282104,40.8570404053,-22.2799224854,10.9189119339,3.34704184532,16.6450805664,19.2644405365,64.7818145752,20.0107269287,9.89215087891,2.84589385986,-0.713702380657,4.62037277222],[-214.904174805,-81.0236740112,41.8417167664,-26.1520233154,2.03045558929,-8.55501270294,9.25714683533,20.0107269287,58.9927749634,27.5693302155,20.5297832489,2.02956008911,-3.64097690582],[-68.0392379761,6.63535881042,-4.24346971512,6.43292617798,11.0480709076,-8.31300640106,2.56226658821,9.89215087891,27.5693302155,58.8966789246,32.3248634338,10.7781944275,-1.42923974991],[-430.171234131,-143.513320923,99.1774902344,-47.2378730774,5.32333469391,-12.6127204895,1.05050945282,2.84589385986,20.5297832489,32.3248634338,74.7371902466,22.5723285675,-1.71195888519],[149.553436279,36.0577926636,-34.3884010315,14.7488889694,5.54174470901,-3.91390800476,6.29417419434,-0.713702380657,2.02956008911,10.7781944275,22.5723285675,51.1209793091,13.4348869324],[97.4778366089,21.1408901215,-13.1232271194,7.81161355972,7.16990947723,6.60283851624,-2.45524597168,4.62037277222,-3.64097690582,-1.42923974991,-1.71195888519,13.4348869324,43.5583076477]],"icov":[[0.000163223754498,-0.000271898839856,0.000278492545476,-0.0000732732587494,-0.000109202199383,-0.000100595534605,0.000287710310658,-0.0000141376513056,-0.000223660550546,0.000422529701609,-0.00009326711006,-0.000133958426886,-0.0000525021314388],[-0.000271898839856,0.00169554306194,0.000157226488227,-0.00187579263002,0.00027989942464,0.000801976886578,0.0000883226894075,-0.000722227152437,0.00096212112112,-0.000862696615513,0.000504737719893,0.000148627019371,0.000109373082523],[0.000278492545476,0.000157226488227,0.00294096511789,-0.000299234961858,-0.00157921516802,0.00030972622335,0.00210841791704,0.000114240880066,-0.00152729218826,0.00308191939257,-0.00362884649076,0.00216165650636,-0.000275992642855],[-0.0000732732587494,-0.00187579263002,-0.000299234961858,0.0106925135478,-0.00332407164387,-0.00346442591399,0.00121126964223,-0.000280390551779,0.00190109189134,-0.0039048565086,0.00511151365936,-0.00374238193035,0.00162296439521],[-0.000109202199383,0.00027989942464,-0.00157921516802,-0.00332407164387,0.0120144747198,-0.00139963033143,-0.00552379153669,0.00183348008431,0.000451204337878,-0.00257072574459,-0.000437929236796,0.00063755759038,-0.0023029348813],[-0.000100595534605,0.000801976886578,0.00030972622335,-0.00346442591399,-0.00139963033143,0.0156192937866,-0.00235500722192,-0.00365218683146,0.0019171909662,0.00261744740419,-0.00135630357545,0.00303973676637,-0.00207685912028],[0.000287710310658,0.0000883226894075,0.00210841791704,0.00121126964223,-0.00552379153669,-0.00235500722192,0.021014990285,-0.00531235290691,-0.00249867234379,0.00274353474379,0.000411416462157,-0.00373658770695,0.00379537325352],[-0.0000141376513056,-0.000722227152437,0.000114240880066,-0.000280390551779,0.00183348008431,-0.00365218683146,-0.00531235290691,0.0212126951665,-0.00779457110912,0.000108943931991,-0.00230471254326,0.00343846040778,-0.00362993171439],[-0.000223660550546,0.00096212112112,-0.00152729218826,0.00190109189134,0.000451204337878,0.0019171909662,-0.00249867234379,-0.00779457110912,0.0281642377377,-0.0136258359998,0.00304504530504,-0.00142409803811,0.00201958185062],[0.000422529701609,-0.000862696615513,0.00308191939257,-0.0039048565086,-0.00257072574459,0.00261744740419,0.00274353474379,0.000108943931991,-0.0136258359998,0.0341320969164,-0.0174183193594,0.00391906267032,-0.000640961108729],[-0.00009326711006,0.000504737719893,-0.00362884649076,0.00511151365936,-0.000437929236796,-0.00135630357545,0.000411416462157,-0.00230471254326,0.00304504530504,-0.0174183193594,0.0335674919188,-0.0166248008609,0.00462906202301],[-0.000133958426886,0.000148627019371,0.00216165650636,-0.00374238193035,0.00063755759038,0.00303973676637,-0.00373658770695,0.00343846040778,-0.00142409803811,0.00391906267032,-0.0166248008609,0.0323052331805,-0.0101989144459],[-0.0000525021314388,0.000109373082523,-0.000275992642855,0.00162296439521,-0.0023029348813,-0.00207685912028,0.00379537325352,-0.00362993171439,0.00201958185062,-0.000640961108729,0.00462906202301,-0.0101989144459,0.0274162180722]],"mean":[-616.485412598,107.737365723,-9.14250564575,20.7363853455,24.4954185486,4.55789756775,-0.231234461069,9.11232471466,-3.32435560226,2.64111948013,-1.79593288898,2.49680662155,6.82345819473]},"pitch_salience":{"dmean":0.075523018837,"dmean2":0.120994560421,"dvar":0.00529049988836,"dvar2":0.0118068363518,"max":0.852399468422,"mean":0.566508293152,"median":0.58038932085,"min":0.125566899776,"var":0.0164691843092},"silence_rate_20dB":{"dmean":0,"dmean2":0,"dvar":0,"dvar2":0,"max":1,"mean":1,"median":1,"min":1,"var":0},"silence_rate_30dB":{"dmean":0.0577031448483,"dmean2":0.11541929841,"dvar":0.0543707162142,"dvar2":0.118774741888,"max":1,"mean":0.949290037155,"median":1,"min":0,"var":0.0481386631727},"silence_rate_60dB":{"dmean":0.000901611638255,"dmean2":0.00180342653766,"dvar":0.00090071716113,"dvar2":0.00180023070425,"max":1,"mean":0.084629252553,"median":0,"min":0,"var":0.0774668306112},"spectral_centroid":{"dmean":246.014144897,"dmean2":386.190582275,"dvar":93303.1640625,"dvar2":216576.515625,"max":11210.6425781,"mean":2059.16748047,"median":1756.51928711,"min":229.593856812,"var":2414460},"spectral_complexity":{"dmean":3.09635972977,"dmean2":5.11384153366,"dvar":7.79813957214,"dvar2":19.6837387085,"max":60,"mean":31.1959648132,"median":34,"min":0,"var":129.916946411},"spectral_contrast_coeffs":{"dmean":[0.0486151464283,0.0460151061416,0.0353711396456,0.0290015917271,0.0208533722907,0.014946822077],"dmean2":[0.079829365015,0.0752559304237,0.0586187504232,0.0482359789312,0.0346860401332,0.0234356597066],"dvar":[0.00162451225333,0.00132993271109,0.000788825331256,0.000540756736882,0.000293618795695,0.000156384645379],"dvar2":[0.0041878009215,0.00355403707363,0.00212078541517,0.00144400249701,0.000781863869634,0.000369818211766],"max":[-0.364268153906,-0.495101511478,-0.517438352108,-0.441510081291,-0.551432430744,-0.616587340832],"mean":[-0.678240418434,-0.749210119247,-0.790051698685,-0.771124958992,-0.761099457741,-0.791728019714],"median":[-0.671525001526,-0.750414252281,-0.792689025402,-0.769273996353,-0.754939496517,-0.787398457527],"min":[-0.967906534672,-0.9632833004,-0.965129375458,-0.950233340263,-0.957653105259,-0.962705850601],"var":[0.00672716461122,0.00455541117117,0.00343341426924,0.0033960188739,0.00252517918125,0.00131965987384]},"spectral_contrast_valleys":{"dmean":[0.363745987415,0.334516942501,0.281338125467,0.223733633757,0.175763785839,0.2328119874],"dmean2":[0.598101377487,0.552902400494,0.467696011066,0.372343033552,0.285258382559,0.319254249334],"dvar":[0.0970354899764,0.0858249142766,0.0607147216797,0.0451229736209,0.0369208902121,0.0635906383395],"dvar2":[0.235426574945,0.198505699635,0.142700940371,0.100401379168,0.0710285156965,0.116003848612],"max":[-5.03489208221,-4.71771192551,-5.21377515793,-5.73652172089,-5.59027767181,-7.33416700363],"mean":[-7.02267217636,-6.7995724678,-7.24823474884,-7.23006486893,-7.31710910797,-9.67616939545],"median":[-6.50767993927,-6.27411603928,-6.67393684387,-6.64346313477,-6.77252435684,-9.51974868774],"min":[-27.1138877869,-27.40026474,-27.1378593445,-27.613451004,-27.4335250854,-27.234539032],"var":[3.46335148811,3.87362217903,4.0239572525,3.80863118172,3.18778443336,1.1753616333]},"spectral_decrease":{"dmean":3.48839979125e-9,"dmean2":5.42214806387e-9,"dvar":2.95567150773e-17,"dvar2":6.61154478655e-17,"max":4.81766501692e-11,"mean":-1.11611502263e-8,"median":-9.83787362685e-9,"min":-5.73921035141e-8,"var":5.94959515572e-17},"spectral_energy":{"dmean":0.0133929718286,"dmean2":0.0207872763276,"dvar":0.000421282747993,"dvar2":0.000940815603826,"max":0.220863118768,"mean":0.0450685843825,"median":0.0404045917094,"min":1.09367599159e-20,"var":0.000879093597177},"spectral_energyband_high":{"dmean":0.000336240133038,"dmean2":0.000494117324706,"dvar":7.57917803185e-7,"dvar2":0.00000157176623361,"max":0.0249360911548,"mean":0.00084445043467,"median":0.000563182518817,"min":7.7470941206e-21,"var":0.00000144257478496},"spectral_energyband_low":{"dmean":0.0109759820625,"dmean2":0.0173254981637,"dvar":0.000426341255661,"dvar2":0.000984816229902,"max":0.199785068631,"mean":0.0211883094162,"median":0.0133007531986,"min":1.06929351018e-22,"var":0.000668606080581},"spectral_energyband_middle_high":{"dmean":0.00196074298583,"dmean2":0.003092255909,"dvar":0.00000396106952394,"dvar2":0.00000985180759017,"max":0.0371253676713,"mean":0.0106573877856,"median":0.0109181124717,"min":1.77379855269e-21,"var":0.0000259527787421},"spectral_energyband_middle_low":{"dmean":0.00546891102567,"dmean2":0.00869884621352,"dvar":0.0000517722728546,"dvar2":0.000121569151815,"max":0.0834750756621,"mean":0.0128714451566,"median":0.0104322973639,"min":4.2238518398e-22,"var":0.000098448661447},"spectral_entropy":{"dmean":0.0993137508631,"dmean2":0.148974820971,"dvar":0.011053933762,"dvar2":0.026851253584,"max":9.7934923172,"mean":7.81813526154,"median":7.78293323517,"min":6.34836769104,"var":0.120782218874},"spectral_flux":{"dmean":0.0278244744986,"dmean2":0.0450156889856,"dvar":0.00132671638858,"dvar2":0.00330392434262,"max":0.38406920433,"mean":0.102382682264,"median":0.0971888080239,"min":1.04578963545e-10,"var":0.00269216718152},"spectral_kurtosis":{"dmean":1.12355422974,"dmean2":1.87633144855,"dvar":1.24054861069,"dvar2":3.66742968559,"max":15.7328186035,"mean":4.6456155777,"median":4.64630699158,"min":-1.26915991306,"var":4.31158542633},"spectral_rms":{"dmean":0.000859992753249,"dmean2":0.00131618359592,"dvar":0.0000011348862472,"dvar2":0.00000237123663283,"max":0.014679107815,"mean":0.0061765126884,"median":0.00627846410498,"min":3.26649796621e-12,"var":0.0000058201731008},"spectral_rolloff":{"dmean":563.807983398,"dmean2":942.787719727,"dvar":1227459.375,"dvar2":3424377.5,"max":19616.7480469,"mean":2652.54907227,"median":1981.0546875,"min":43.06640625,"var":11356434},"spectral_skewness":{"dmean":0.152166008949,"dmean2":0.250311076641,"dvar":0.0196972712874,"dvar2":0.0535950288177,"max":2.92609095573,"mean":1.50244677067,"median":1.5879496336,"min":-0.590108811855,"var":0.240387067199},"spectral_spread":{"dmean":506195.75,"dmean2":737645,"dvar":601957793792,"dvar2":1457066737660,"max":40118084,"mean":4706023,"median":3963235.25,"min":2059192.625,"var":7200202817540},"spectral_strongpeak":{"dmean":0.442103922367,"dmean2":0.775145828724,"dvar":0.928673386574,"dvar2":2.43555688858,"max":10.8064556122,"mean":0.672050952911,"median":0.367057234049,"min":0,"var":1.17867982388},"zerocrossingrate":{"dmean":0.00992812868208,"dmean2":0.0126089602709,"dvar":0.0001440661581,"dvar2":0.000261782057351,"max":0.54833984375,"mean":0.0900932848454,"median":0.0615234375,"min":0.00390625,"var":0.0112877963111}},"metadata":{"audio_properties":{"analysis_sample_rate":44100,"bit_rate":320041,"codec":"mp3","downmix":"mix","equal_loudness":0,"length":206.027755737,"lossless":false,"md5_encoded":"3ae39ac6ebe0601be4050084107e24d8","replay_gain":-12.7571601868,"sample_rate":44100},"tags":{"album":["White Ring"],"albumartist":["Kadavar / Aqua Nebula Oscillator"],"albumartistsort":["Kadavar / Aqua Nebula Oscillator"],"artist":["Aqua Nebula Oscillator"],"artistsort":["Aqua Nebula Oscillator"],"catalognumber":["TCM015"],"date":["2012-12"],"discnumber":["2/2"],"file_name":"02 Aqua Nebula Oscillator - Jungle Man.mp3","genre":["Psychedelic; Space Rock; Experimental; Psychedelic Rock"],"label":["This Charming Man Records"],"language":["eng"],"media":["12\" Vinyl"],"musicbrainz album release country":["DE"],"musicbrainz album status":["official"],"musicbrainz_albumartistid":["aa262bd7-2217-4590-b2e3-38d148508916","5a7f0af8-7010-4341-bdb0-1f34817dfd1c"],"musicbrainz_albumid":["7563f8b0-8321-4752-a5dc-d0d7030f6353"],"musicbrainz_artistid":["5a7f0af8-7010-4341-bdb0-1f34817dfd1c"],"musicbrainz_recordingid":["c356cf2d-790f-4f76-a916-445d5fd64df8"],"originaldate":["2012-12"],"originalyear":["2012"],"script":["Latn"],"title":["Jungle Man"],"tracknumber":["2/4"]},"version":{"essentia":"2.1-beta2","essentia_build_sha":"70f2e5ece6736b2c40cc944ad0e695b16b925413","essentia_git_sha":"v2.1_beta2","extractor":"music 1.0"}},"rhythm":{"beats_count":438,"beats_loudness":{"dmean":0.0322923101485,"dmean2":0.0615459233522,"dvar":0.000641169957817,"dvar2":0.00205230503343,"max":0.174198552966,"mean":0.0745432674885,"median":0.0755814835429,"min":8.06485322968e-10,"var":0.00140306039248},"beats_loudness_band_ratio":{"dmean":[0.291533380747,0.0915274173021,0.0851644277573,0.0611638352275,0.0702895000577,0.0434484183788],"dmean2":[0.567250967026,0.174814105034,0.161435559392,0.118240058422,0.135598599911,0.0755647420883],"dvar":[0.0432840958238,0.00688550574705,0.00911034084857,0.0032312697731,0.00510290032253,0.0043