{"lowlevel":{"average_loudness":0.106333367527,"barkbands":{"dmean":[0.0000199856767722,0.000409492553445,0.000239228771534,0.000319056445733,0.000518055923749,0.000365951505955,0.000337607925758,0.000557378749363,0.000387383828638,0.000316786230542,0.000213582025026,0.000297955266433,0.000377428834327,0.000257199251791,0.000246215000516,0.000188140140381,0.000179143666173,0.0000938933299039,0.000107267864223,0.0000484125121147,0.0000158114089572,0.000020713208869,0.0000227289656323,0.0000120594204418,0.00000582442908126,0.00000581703898206,0.00000112629254545],"dmean2":[0.0000329230897478,0.000684258411638,0.000377656746423,0.000535474973731,0.000794182647951,0.000515718595125,0.000484398944536,0.000799029658083,0.000603156455327,0.000484053307446,0.000336340221111,0.000475651322631,0.000572614429984,0.00040306680603,0.000372560141841,0.000280347128864,0.000273951067356,0.000147978280438,0.000155717323651,0.0000777258828748,0.0000263924321189,0.0000323642270814,0.0000342648454534,0.0000177659258043,0.0000083187906057,0.00000839166841615,0.00000178652942395],"dvar":[6.90872736797e-9,0.00000499859515912,0.0000010982864751,0.00000140856798225,0.00000156341002366,7.80302059411e-7,6.35925061943e-7,0.00000433384957432,0.00000373373995899,0.00000104554749214,5.07597633259e-7,0.00000303147999148,0.00000362197579307,0.00000174992260327,0.00000142815986237,0.00000103551201391,6.22439699782e-7,1.6988195739e-7,2.4101859708e-7,3.32801732839e-8,6.7917707014e-9,1.61019197975e-8,2.4232900131e-8,3.52588536146e-9,7.16372516862e-10,9.99574534255e-10,7.8413761595e-11],"dvar2":[1.61307482927e-8,0.0000140719912451,0.00000313886948788,0.000003926125828,0.00000376718639927,0.00000175803336333,0.00000134921890549,0.00000942796759773,0.00000960396209848,0.00000237707831729,0.00000122381572965,0.00000766520588513,0.00000764370906836,0.00000388100943383,0.00000294589108307,0.00000202587739295,0.00000134709284794,3.68630253433e-7,4.4055326498e-7,7.74209993892e-8,1.86280253445e-8,3.66387169493e-8,5.14519342687e-8,8.07414668458e-9,1.55377632982e-9,2.1726627164e-9,1.95660293523e-10],"max":[0.0021764091216,0.068987570703,0.0330042168498,0.036707572639,0.0466424040496,0.0301250629127,0.0403372496367,0.0885554924607,0.105601981282,0.0487524345517,0.0256678890437,0.0787121653557,0.0600748099387,0.0390662848949,0.0378676690161,0.0484904237092,0.0278098676354,0.0175176896155,0.0178843997419,0.0082331802696,0.00237922975793,0.00723977852613,0.00992853660136,0.00343831186183,0.00108520628419,0.00151851016562,0.00042951956857],"mean":[0.0000261581044469,0.000853609235492,0.000599623715971,0.000595900637563,0.00139193108771,0.00107092340477,0.000826575502288,0.00120635237545,0.000689265318215,0.000604652275797,0.000359209429007,0.000464569980977,0.000608547590673,0.000409542350098,0.000404214661103,0.000371320173144,0.000307003589114,0.000166120546055,0.000191992949112,0.0000848170529935,0.0000269709162239,0.0000356182135874,0.0000398320007662,0.000020683157345,0.00000919134708965,0.00000695264043316,9.95216964839e-7],"median":[0.00000172067552739,0.000197589994059,0.000174376968062,0.000139050825965,0.000560099026188,0.000413807720179,0.000325378641719,0.000225342082558,0.000140744057717,0.000135407710331,0.000078802666394,0.000061049751821,0.0000333857533406,0.0000297770457109,0.0000380276433134,0.0000366210151697,0.0000325675355271,0.0000251952751569,0.0000242010682996,0.0000179246271728,0.00000604733395448,0.00000503840601596,0.00000269646761808,0.0000015367800188,8.57690679368e-7,3.58838747161e-7,8.78672068438e-9],"min":[3.94793999159e-24,4.29145822912e-23,2.72161240596e-23,1.59079363007e-24,6.66386400044e-23,7.59589621798e-23,1.24715450749e-22,1.25108645846e-23,6.05817091762e-23,2.80386440819e-23,4.22020610335e-23,9.70395469997e-23,9.22079380383e-23,8.08028710605e-23,1.33313226823e-22,1.59682701182e-22,1.31077620261e-22,2.82244687878e-22,1.75538363615e-22,3.40653060017e-22,6.52130332957e-22,3.2458127494e-22,6.4707263646e-22,8.64634971026e-22,1.21425024823e-21,1.65188967971e-21,2.51669075329e-21],"var":[9.56574375266e-9,0.00000481217148263,0.00000155623445153,0.00000205454875868,0.00000569618578083,0.0000035275791106,0.00000230465525419,0.0000156720961968,0.00000643476232653,0.0000034469928778,0.00000107059236143,0.00000565426989851,0.00000789398745837,0.00000399347982238,0.00000325472683471,0.00000316171463055,0.00000153802943714,3.55934361096e-7,5.47717490917e-7,6.15795983094e-8,7.21311277374e-9,2.67086495143e-8,4.36752110033e-8,5.67846702992e-9,1.12361520088e-9,1.32905297878e-9,7.33200028469e-11]},"barkbands_crest":{"dmean":1.76052737236,"dmean2":2.67960333824,"dvar":3.13351941109,"dvar2":7.84120368958,"max":25.5922813416,"mean":9.51866722107,"median":8.73477363586,"min":2.76230335236,"var":14.0153770447},"barkbands_flatness_db":{"dmean":0.0141970925033,"dmean2":0.0204789787531,"dvar":0.000202779221581,"dvar2":0.000426579586929,"max":0.461013406515,"mean":0.167437016964,"median":0.160360425711,"min":0.0223257075995,"var":0.00323262740858},"barkbands_kurtosis":{"dmean":1.58746945858,"dmean2":2.38237094879,"dvar":6.33904981613,"dvar2":14.1981048584,"max":133.338302612,"mean":3.89509892464,"median":2.34949183464,"min":-1.90434992313,"var":36.407283783},"barkbands_skewness":{"dmean":0.336218416691,"dmean2":0.492609769106,"dvar":0.122550353408,"dvar2":0.272176533937,"max":10.4774665833,"mean":1.33276045322,"median":1.30463218689,"min":-3.54967141151,"var":1.0125387907},"barkbands_spread":{"dmean":2.8568353653,"dmean2":4.26821184158,"dvar":18.8897800446,"dvar2":44.6119880676,"max":141.471878052,"mean":14.4143848419,"median":12.1434936523,"min":0.718510806561,"var":111.361938477},"dissonance":{"dmean":0.0220658257604,"dmean2":0.0368943363428,"dvar":0.000436361937318,"dvar2":0.00120221625548,"max":0.500000178814,"mean":0.438912391663,"median":0.446847975254,"min":0.185565650463,"var":0.00167093402706},"dynamic_complexity":6.73932552338,"erbbands":{"dmean":[0.00982791557908,0.100863024592,0.265687942505,0.647766828537,1.5103751421,1.93223237991,2.615670681,3.02130913734,4.26167869568,7.79428386688,10.5272579193,9.68600845337,8.92160320282,10.0040893555,7.01019001007,12.3309011459,15.1136159897,14.9344758987,11.5892333984,9.67328357697,9.06660270691,7.84376335144,4.82938814163,5.04973506927,4.93161725998,1.87193059921,0.787007391453,0.583595454693,0.702386856079,0.832607805729,0.598379611969,0.329928606749,0.157799184322,0.0711263269186,0.040163513273,0.0216189846396,0.011363462545,0.00269525451586,0.000165853678482,0.0000102440553746],"dmean2":[0.0165501050651,0.169648095965,0.420814841986,1.05987417698,2.4764084816,2.96770572662,3.79888629913,4.1908864975,6.03811359406,11.0282840729,15.114490509,15.0829658508,13.6587438583,15.381737709,10.8513612747,19.4047813416,23.4191169739,22.609998703,17.8797531128,14.0964565277,13.0088167191,11.539973259,6.97621393204,7.33079814911,7.28319787979,2.8939344883,1.30824911594,0.956852316856,1.10958862305,1.26729559898,0.905497968197,0.478921055794,0.236061990261,0.103121817112,0.0579912997782,0.0308641605079,0.0165166929364,0.00401572417468,0.000263630325207,0.0000162428877957],"dvar":[0.00298369955271,0.30112144351,1.42828166485,5.64360427856,22.7102222443,24.878276825,45.8098716736,56.2360229492,91.6735305786,631.861328125,1902.1776123,2606.30273438,959.542114258,1277.94689941,625.614501953,5023.97460938,5850.90722656,5122.04980469,3209.12841797,2556.29663086,1987.20678711,1214.95898438,315.534912109,532.294494629,465.143493652,47.7361335754,13.0210018158,9.89862060547,16.5970458984,34.550567627,16.9703464508,3.25002145767,0.591463208199,0.113520808518,0.033437859267,0.0105698816478,0.00395673792809,0.000316919846227,0.00000186678471437,6.2766547515e-9],"dvar2":[0.00800657644868,0.86354213953,4.04590177536,15.4402399063,59.7378082275,60.6213378906,101.591567993,128.358932495,207.344787598,1349.55712891,4019.52563477,6985.421875,2255.43334961,2931.69140625,1402.2902832,12164.4960938,12695.7558594,10916.6474609,7155.9296875,5034.04101563,3690.84887695,2418.88037109,554.759765625,972.177429199,854.202941895,96.2945098877,35.9594955444,26.703666687,38.4546127319,72.9346008301,37.170249939,6.64951753616,1.45051240921,0.252216845751,0.0725964382291,0.0213321186602,0.00873389933258,0.00077098881593,0.00000462745765617,1.65638560645e-8],"max":[1.58723199368,16.4225234985,36.9375228882,78.9570922852,217.845275879,185.413833618,355.696777344,293.356018066,294.606994629,1184.78979492,2492.1015625,2928.91503906,1393.94873047,1825.48046875,1785.89868164,3581.35400391,2818.53125,2361.20947266,2438.80297852,2183.13842773,1704.45776367,1622.67553711,766.406188965,1153.93920898,1035.34912109,312.132507324,121.675033569,88.2057952881,166.346160889,373.103210449,229.909561157,137.346038818,28.7460346222,13.2995939255,6.71098136902,3.7533724308,2.75064134598,1.03118050098,0.0633371472359,0.00418439460918],"mean":[0.0172196142375,0.21656230092,0.694038212299,1.41579592228,3.29369044304,4.89612531662,6.56444597244,8.90847873688,11.7700300217,18.4597225189,23.0354919434,17.9879837036,17.3452167511,19.5386447906,13.2150526047,21.3975028992,27.3459644318,25.7783622742,21.553560257,18.8689956665,19.5209159851,15.3099031448,9.85273361206,9.83556175232,9.33828830719,3.67117333412,1.4778881073,1.00414216518,1.19853806496,1.41025662422,1.04522144794,0.574800431728,0.26676890254,0.115212626755,0.060789719224,0.0288686268032,0.0129205547273,0.00277504231781,0.000148354840348,0.0000193657069758],"median":[0.00250919722021,0.0556837841868,0.215123921633,0.409385561943,1.10419929028,1.64661455154,2.42801570892,3.18322658539,4.78561019897,4.88471031189,5.19998121262,4.26099777222,4.61118507385,4.05975723267,2.98086833954,2.85277533531,2.0033955574,1.98120069504,1.98521840572,2.27758169174,2.41560792923,1.72653794289,1.4621669054,1.35965454578,1.18774807453,0.856687784195,0.396414935589,0.206632167101,0.189289003611,0.123936071992,0.0760118067265,0.038205742836,0.0224558934569,0.0102154193446,0.00578913278878,0.0023062126711,0.000497089524288,0.0000591033385717,0.00000549241985937,0.00000697932864568],"min":[1.11377022008e-21,1.02881420714e-20,3.39938338405e-20,1.36074684277e-20,4.7553896095e-20,2.23253720883e-19,4.21987792156e-19,7.43672025126e-19,2.05134009032e-18,8.10729903025e-19,6.74551107081e-19,1.1492369734e-18,5.25799579417e-19,1.53088570032e-18,2.3307207558e-18,4.05827877972e-18,4.66342343635e-18,2.89641903017e-18,7.30986290194e-18,7.27598075687e-18,8.7403973251e-18,7.84188231088e-18,9.28353404147e-18,1.29652289212e-17,1.44645913887e-17,1.5385868759e-17,2.02092515551e-17,2.65050572005e-17,1.33823694866e-17,1.8357850945e-17,1.51736737709e-17,2.0606609269e-17,1.23321760178e-17,1.02958740711e-17,9.4531374999e-18,6.60157957628e-18,3.39994268739e-18,1.26097832081e-18,2.81909770203e-19,3.58275963233e-20],"var":[0.00284384423867,0.286195367575,1.99612236023,8.67782115936,53.7150039673,92.574432373,145.545959473,283.376953125,390.99130249,2481.29199219,6740.234375,4121.44140625,2428.60205078,3880.80737305,1590.7322998,11318.3486328,13385.5302734,11831.4150391,8057.61962891,7197.85546875,7573.40673828,3561.13378906,1011.99432373,1474.62731934,1123.22705078,113.065803528,17.7972202301,11.188867569,26.9683532715,59.5589256287,29.0579624176,5.98517513275,0.843565225601,0.174984246492,0.0529968515038,0.0162505917251,0.00504232198,0.000339724996593,0.00000174303795575,5.25571630661e-9]},"erbbands_crest":{"dmean":2.28307509422,"dmean2":3.48618364334,"dvar":4.86177015305,"dvar2":11.7401199341,"max":33.7310028076,"mean":10.3553733826,"median":9.29013729095,"min":2.32958626747,"var":21.7335529327},"erbbands_flatness_db":{"dmean":0.013495455496,"dmean2":0.0185594446957,"dvar":0.000204858195502,"dvar2":0.000375377683667,"max":0.470777183771,"mean":0.199305102229,"median":0.193879663944,"min":0.0335802696645,"var":0.00283942371607},"erbbands_kurtosis":{"dmean":0.920526981354,"dmean2":1.37941849232,"dvar":1.79940474033,"dvar2":3.64306640625,"max":63.9777679443,"mean":1.16267824173,"median":0.354447901249,"min":-1.82092833519,"var":9.00681018829},"erbbands_skewness":{"dmean":0.29195573926,"dmean2":0.431685358286,"dvar":0.0789223462343,"dvar2":0.169684395194,"max":4.72498941422,"mean":0.635133802891,"median":0.624401211739,"min":-4.86608314514,"var":0.616985321045},"erbbands_spread":{"dmean":4.927318573,"dmean2":7.36352300644,"dvar":34.5962142944,"dvar2":73.3754577637,"max":130.124145508,"mean":26.7055568695,"median":25.1195774078,"min":1.2190541029,"var":178.553436279},"gfcc":{"cov":[[18694.625,-1279.97375488,-1619.96606445,413.995330811,-408.439666748,484.229217529,-498.389099121,11.6150932312,-253.329696655,96.1487503052,-3.34708976746,-7.51817321777,-538.466552734],[-1279.97375488,1970.78381348,160.741470337,-181.167160034,192.155380249,-293.638885498,118.246704102,-194.720825195,123.849731445,-91.5204772949,98.2075958252,-151.366470337,139.044754028],[-1619.96606445,160.741470337,915.058105469,102.235534668,57.5054321289,105.958122253,25.4464416504,-17.7935829163,8.43514919281,2.12028264999,-17.6674671173,9.59869003296,-32.5011520386],[413.995330811,-181.167160034,102.235534668,436.151092529,52.1062088013,88.2481231689,60.7269439697,36.3772544861,4.86548709869,41.4519691467,-9.30356407166,12.1769332886,-16.5617294312],[-408.439666748,192.155380249,57.5054321289,52.1062088013,271.282165527,51.7278709412,48.1788063049,21.9308547974,32.9701805115,-18.4849567413,9.69694137573,-20.9399776459,-2.22458219528],[484.229217529,-293.638885498,105.958122253,88.2481231689,51.7278709412,299.103302002,36.8442001343,39.9100227356,-21.7253894806,2.38756537437,-4.11618375778,4.51803588867,-72.90284729],[-498.389099121,118.246704102,25.4464416504,60.7269439697,48.1788063049,36.8442001343,190.955413818,29.6987419128,20.2813453674,18.8388881683,2.06153321266,-5.585521698,24.6828594208],[11.6150932312,-194.720825195,-17.7935829163,36.3772544861,21.9308547974,39.9100227356,29.6987419128,153.403457642,32.5068817139,17.1400127411,-12.0966081619,20.9473323822,-4.37114572525],[-253.329696655,123.849731445,8.43514919281,4.86548709869,32.9701805115,-21.7253894806,20.2813453674,32.5068817139,130.816238403,30.238445282,14.5335035324,-19.5593452454,16.3000469208],[96.1487503052,-91.5204772949,2.12028264999,41.4519691467,-18.4849567413,2.38756537437,18.8388881683,17.1400127411,30.238445282,121.714385986,33.6813697815,16.8942070007,-5.51103258133],[-3.34708976746,98.2075958252,-17.6674671173,-9.30356407166,9.69694137573,-4.11618375778,2.06153321266,-12.0966081619,14.5335035324,33.6813697815,103.755470276,16.0717105865,-2.63286042213],[-7.51817321777,-151.366470337,9.59869003296,12.1769332886,-20.9399776459,4.51803588867,-5.585521698,20.9473323822,-19.5593452454,16.8942070007,16.0717105865,97.3402023315,27.5023002625],[-538.466552734,139.044754028,-32.5011520386,-16.5617294312,-2.22458219528,-72.90284729,24.6828594208,-4.37114572525,16.3000469208,-5.51103258133,-2.63286042213,27.5023002625,120.051086426]],"icov":[[0.000108215484943,-0.000130520536914,0.000267339666607,-0.000184133285074,0.000186083925655,-0.000275097117992,0.000335139862727,-0.0000645827531116,0.000115942704724,-0.000164804296219,0.000198536232347,-0.000229122146266,0.000482194504002],[-0.000130520536914,0.00154752412345,-0.000719107105397,0.000561178603675,-0.000973602582235,0.00143850990571,-0.00135949114338,0.00134557054844,-0.000901245104615,0.00130688899662,-0.00187812070362,0.00212343223393,-0.00165630993433],[0.000267339666607,-0.000719107105397,0.00197381409816,-0.000739548762795,0.000493405968882,-0.00133188802283,0.00101669982541,-0.0000444497527496,0.000171827952727,-0.000699753058143,0.00131960504223,-0.00152795878239,0.00177752622403],[-0.000184133285074,0.000561178603675,-0.000739548762795,0.00309475278482,-0.000898790662177,0.000236087566009,-0.00135694874916,0.000214298866922,-0.000205431075301,-0.000456174369901,-0.000173445674591,0.000553485064302,-0.000959278142545],[0.000186083925655,-0.000973602582235,0.000493405968882,-0.000898790662177,0.00512296985835,-0.0016860421747,0.000358265038813,-0.00119302200619,-0.000403180485591,0.000496254069731,0.000240834982833,-0.000502628448885,0.00112377665937],[-0.000275097117992,0.00143850990571,-0.00133188802283,0.000236087566009,-0.0016860421747,0.0063246418722,-0.00255626277067,0.000303668930428,-0.000136263348395,0.00160864507779,-0.00174367730506,0.00117538508493,0.000902956642676],[0.000335139862727,-0.00135949114338,0.00101669982541,-0.00135694874916,0.000358265038813,-0.00255626277067,0.00808588974178,-0.00202730600722,0.000967421103269,-0.00229704682715,0.00150293356273,-0.000521098205354,-0.00020061347459],[-0.0000645827531116,0.00134557054844,-0.0000444497527496,0.000214298866922,-0.00119302200619,0.000303668930428,-0.00202730600722,0.00952530745417,-0.00348641094752,0.000679732998833,0.000466991215944,-0.00123748800252,-0.000106347433757],[0.000115942704724,-0.000901245104615,0.000171827952727,-0.000205431075301,-0.000403180485591,-0.000136263348395,0.000967421103269,-0.00348641094752,0.0108353774995,-0.00340387364849,-0.000345559208654,0.00245832279325,-0.0010322072776],[-0.000164804296219,0.00130688899662,-0.000699753058143,-0.000456174369901,0.000496254069731,0.00160864507779,-0.00229704682715,0.000679732998833,-0.00340387364849,0.0119365686551,-0.0046514342539,-0.0000597273647145,-0.000100337660115],[0.000198536232347,-0.00187812070362,0.00131960504223,-0.000173445674591,0.000240834982833,-0.00174367730506,0.00150293356273,0.000466991215944,-0.000345559208654,-0.0046514342539,0.0140542108566,-0.00545050436631,0.0034429342486],[-0.000229122146266,0.00212343223393,-0.00152795878239,0.000553485064302,-0.000502628448885,0.00117538508493,-0.000521098205354,-0.00123748800252,0.00245832279325,-0.0000597273647145,-0.00545050436631,0.01722465083,-0.00745986262336],[0.000482194504002,-0.00165630993433,0.00177752622403,-0.000959278142545,0.00112377665937,0.000902956642676,-0.00020061347459,-0.000106347433757,-0.0010322072776,-0.000100337660115,0.0034429342486,-0.00745986262336,0.0152863776311]],"mean":[-114.347549438,123.948120117,-128.634765625,16.9777336121,-59.3076248169,-0.439641058445,-36.9403457642,7.09837055206,-20.849199295,-2.31576061249,-13.311955452,-2.40920734406,-10.5019445419]},"hfc":{"dmean":2.93493199348,"dmean2":4.00426673889,"dvar":69.993270874,"dvar2":120.757766724,"max":198.054122925,"mean":10.0870370865,"median":3.25789403915,"min":1.15827176265e-16,"var":379.474761963},"melbands":{"dmean":[0.000100644654594,0.000135169408168,0.000136725226184,0.000116765018902,0.0000874142788234,0.0000689003645675,0.000067620901973,0.0000946852887864,0.0000818855332909,0.0000621967919869,0.0000449281615147,0.0000413581510657,0.0000230209461733,0.0000292946024274,0.0000339029174938,0.0000390519671782,0.0000287267866952,0.000019528064513,0.0000183239244507,0.0000151023823491,0.0000104176724562,0.00000941475809668,0.00000719829813534,0.0000033214018913,0.00000446476906291,0.00000414894930145,0.00000284121801997,0.00000103481158931,5.72696535528e-7,4.20042653104e-7,3.49520377085e-7,4.11574973214e-7,4.67502388801e-7,5.00862427089e-7,3.9502563709e-7,2.64831072627e-7,1.96204609892e-7,1.32504681005e-7,7.12556769145e-8,5.84475010612e-8],"dmean2":[0.000169711958733,0.000218467772356,0.000226582225878,0.000181987314136,0.000128471976495,0.0000957001248025,0.0000960017277976,0.000134368514409,0.000117576404591,0.0000977731397143,0.0000683922844473,0.0000635519390926,0.0000359107034456,0.0000461448762508,0.0000517482003488,0.0000593442637182,0.0000438813513028,0.0000302762819047,0.0000272592442343,0.000022125796022,0.0000154348472279,0.0000140612737596,0.000010464402294,0.00000508345328853,0.00000657400323689,0.0000061729015215,0.00000434423373008,0.00000166874178831,9.67741243585e-7,7.07032825176e-7,5.76379875383e-7,6.58272711007e-7,7.3350963703e-7,7.73808608301e-7,6.11289010521e-7,4.01229073077e-7,2.91310442435e-7,2.03354915129e-7,1.07807309746e-7,8.55256914178e-8],"dvar":[3.14623974873e-7,4.14335318055e-7,2.29841219834e-7,8.89492923761e-8,4.46400605369e-8,2.74261235944e-8,2.32086332375e-8,1.05848556586e-7,1.18212540201e-7,1.1515184184e-7,2.44643860725e-8,2.24858727194e-8,6.21933260447e-9,2.21669953504e-8,4.65515945791e-8,3.62453249636e-8,2.0621728325e-8,1.0597426936e-8,9.92754678464e-9,7.62110108354e-9,2.58835930467e-9,2.10844941506e-9,1.12890430337e-9,1.3512573005e-10,4.61423482756e-10,3.51895595996e-10,1.46502740495e-10,1.31152328581e-11,6.5561618634e-12,4.34924275414e-12,3.43889695366e-12,4.97774087574e-12,1.1356850356e-11,1.28697764251e-11,7.65586552487e-12,3.00542685357e-12,9.65525077425e-13,4.14493797358e-13,1.3728806232e-13,7.14323552023e-14],"dvar2":[8.74599436429e-7,0.00000117172078262,6.28020757176e-7,2.19955055059e-7,1.00456865937e-7,6.29421563758e-8,5.15309288573e-8,2.27354348681e-7,2.39510114852e-7,3.1281612678e-7,5.6858269204e-8,5.07317530207e-8,1.45478677993e-8,5.22151459847e-8,1.10042279289e-7,7.71021859691e-8,4.45386696413e-8,2.42192808031e-8,2.02727132859e-8,1.42826950267e-8,5.16216047686e-9,4.28942437125e-9,2.01349226181e-9,2.7067559305e-10,8.58774606982e-10,6.68430089057e-10,2.8966468113e-10,2.97259647453e-11,1.86863146484e-11,1.19225263343e-11,9.24616459785e-12,1.22469881458e-11,2.62496656356e-11,2.82117176842e-11,1.83401557829e-11,5.91006150269e-12,2.19916641321e-12,1.04402185681e-12,3.32438747754e-13,1.52729147688e-13],"max":[0.0173490066081,0.018615167588,0.0149444816634,0.0116420416161,0.00944147817791,0.00567662250251,0.00603446969762,0.0161371380091,0.0205331575125,0.0199660044163,0.00711115077138,0.00805831234902,0.00413703545928,0.00942905247211,0.0114077245817,0.00669444166124,0.00486470200121,0.00385475368239,0.00386570743285,0.00499565992504,0.00248227571137,0.00235950178467,0.00138648215216,0.000383890612284,0.00110973871779,0.000778923975304,0.000593164702877,0.000163307893672,0.000108774991531,0.0000742425836506,0.0000526374242327,0.0000827601106721,0.000218955756282,0.000214428990148,0.000132444663905,0.00013572415628,0.0000614503369434,0.0000246700619755,0.0000142579328894,0.0000127410994537],"mean":[0.000196707129362,0.000347740395227,0.000301558116917,0.000295172998449,0.000228992605116,0.000204050986213,0.000182269926881,0.000219003093662,0.000174530621734,0.000110735316412,0.0000837341431179,0.0000785080846981,0.0000409754902648,0.0000487239303766,0.0000566547605558,0.0000642205559416,0.0000454874934803,0.0000325011387758,0.0000293093962682,0.0000279277519439,0.0000209572444874,0.0000163022614288,0.0000133950406962,0.00000639632298771,0.00000806130174169,0.00000727159567759,0.00000508272069055,0.0000018367948087,9.86575059869e-7,6.55441226627e-7,5.51229675239e-7,6.66017740514e-7,7.29019461687e-7,8.16469366782e-7,6.50408253478e-7,4.43974215614e-7,3.19942245142e-7,2.1458789945e-7,1.09920755165e-7,9.11136268655e-8],"median":[0.0000401907309424,0.000113349480671,0.000100973695226,0.00010613304039,0.0000889115617611,0.0000761463743402,0.0000729390012566,0.000052747400332,0.0000369282934116,0.0000229839788517,0.0000206905242521,0.0000145119556691,0.00000941076086747,0.00000825778988656,0.00000458631984657,0.00000335650383931,0.00000317040417031,0.00000256782936958,0.00000270416353487,0.00000288048249786,0.00000237429935623,0.00000176667049345,0.0000012709767816,0.0000011093483181,9.40900122259e-7,7.51327092985e-7,6.16322211044e-7,4.54878943401e-7,2.3839760388e-7,1.268682297e-7,9.34223010063e-8,9.86855326346e-8,7.55790949825e-8,5.84426587125e-8,4.42089707064e-8,2.89155970279e-8,1.95984224405e-8,1.62523150493e-8,1.03001172036e-8,7.25797644208e-9],"min":[1.11398606189e-23,1.63861303708e-23,3.18377654637e-24,8.17426820777e-24,1.5463791045e-23,1.75861408467e-23,3.04073535666e-23,7.03712284631e-24,7.59138677351e-24,6.79614477242e-24,2.49963594024e-24,5.93368787791e-24,6.50301668182e-24,8.10175138019e-24,1.40754321394e-23,7.40630738337e-24,4.63974931179e-24,1.21508071682e-23,9.8904950605e-24,1.07104512849e-23,9.99922218135e-24,8.75843075213e-24,5.29937310706e-24,1.34997514275e-23,1.00753425255e-23,6.30151360206e-24,1.44958808024e-23,9.03943483949e-24,1.00470090084e-23,1.6979090292e-23,1.43059230964e-23,7.3169901851e-24,6.35457988073e-24,1.28792791934e-23,7.62266984156e-24,1.15369511105e-23,1.28073579558e-23,8.22486495737e-24,7.81820637186e-24,9.49349134362e-24],"var":[2.94387547228e-7,5.12663064001e-7,3.84317587532e-7,3.01767244082e-7,1.54733427848e-7,1.35849205662e-7,9.64854223184e-8,4.10718797639e-7,4.19148619812e-7,1.79818684387e-7,6.15707591578e-8,6.9981986428e-8,1.42965390637e-8,4.16559302607e-8,1.04661459943e-7,9.01120529306e-8,4.52790374084e-8,2.296730095e-8,2.1224732194e-8,2.08523864842e-8,9.51896339529e-9,5.13450482131e-9,3.15278447793e-9,4.03964334206e-10,1.17511800291e-9,7.91036014469e-10,3.31920185781e-10,2.55552801143e-11,9.34755918502e-12,4.44532952115e-12,3.94985042937e-12,7.71551746104e-12,1.68563756703e-11,2.08072222646e-11,1.14827626574e-11,5.78294660422e-12,1.54263375077e-12,5.68465847312e-13,1.76424155775e-13,1.18699253443e-13]},"melbands_crest":{"dmean":2.16624140739,"dmean2":3.26290035248,"dvar":4.77342557907,"dvar2":12.0591630936,"max":36.2588348389,"mean":12.8298196793,"median":11.7066917419,"min":1.4399189949,"var":26.3397979736},"melbands_flatness_db":{"dmean":0.0152146099135,"dmean2":0.0220596902072,"dvar":0.000270634191111,"dvar2":0.000578562146984,"max":0.592948079109,"mean":0.23311586678,"median":0.224371805787,"min":0.00429719407111,"var":0.00511605618522},"melbands_kurtosis":{"dmean":2.98025083542,"dmean2":4.50003528595,"dvar":30.0896568298,"dvar2":71.0964508057,"max":319.726043701,"mean":8.15714931488,"median":5.13793182373,"min":-1.91227960587,"var":157.001159668},"melbands_skewness":{"dmean":0.419281870127,"dmean2":0.617131114006,"dvar":0.203630521894,"dvar2":0.471795856953,"max":14.5472269058,"mean":1.88019669056,"median":1.75207495689,"min":-2.39191675186,"var":1.47316229343},"melbands_spread":{"dmean":3.65197038651,"dmean2":5.4483499527,"dvar":41.5346069336,"dvar2":84.4473724365,"max":238.983657837,"mean":18.4791507721,"median":14.3266944885,"min":0.824858188629,"var":256.773712158},"mfcc":{"cov":[[14089.0068359,-321.695678711,-1523.96398926,84.2526168823,-136.528625488,223.392379761,-141.403259277,149.607498169,-566.963439941,249.009338379,23.5706253052,-71.8229827881,40.0284461975],[-321.695678711,1616.08435059,38.2466468811,37.2108192444,33.4326934814,-37.0870285034,-29.1623706818,-123.595230103,-0.510479807854,-38.5453338623,0.249705463648,27.8596382141,-8.47162151337],[-1523.96398926,38.2466468811,792.133422852,11.3591861725,83.1517944336,88.8558654785,45.6551475525,9.97620296478,43.0810394287,-4.05726099014,13.1662960052,21.8241729736,-20.6268405914],[84.2526168823,37.2108192444,11.3591861725,372.654022217,3.26671910286,35.721950531,27.6804237366,-2.92540788651,65.9516296387,-3.05754065514,-0.333486616611,26.1794757843,45.6575241089],[-136.528625488,33.4326934814,83.1517944336,3.26671910286,271.989929199,46.0098762512,21.6856746674,60.5522956848,-9.22028064728,43.7441329956,19.5994472504,-14.6484069824,9.37423801422],[223.392379761,-37.0870285034,88.8558654785,35.721950531,46.0098762512,205.186706543,81.4744567871,29.7430667877,3.86402988434,23.5524711609,23.7490692139,19.17603302,-11.7335281372],[-141.403259277,-29.1623706818,45.6551475525,27.6804237366,21.6856746674,81.4744567871,163.476730347,57.4548568726,17.4328784943,7.03054571152,15.2836027145,19.5899658203,-0.711031973362],[149.607498169,-123.595230103,9.97620296478,-2.92540788651,60.5522956848,29.7430667877,57.4548568726,148.206848145,28.2167930603,23.2823162079,7.95890045166,-14.347114563,2.90577602386],[-566.963439941,-0.510479807854,43.0810394287,65.9516296387,-9.22028064728,3.86402988434,17.4328784943,28.2167930603,168.306533813,14.9906425476,-4.17364025116,8.18084430695,-0.856930375099],[249.009338379,-38.5453338623,-4.05726099014,-3.05754065514,43.7441329956,23.5524711609,7.03054571152,23.2823162079,14.9906425476,113.369277954,43.1581954956,8.1593952179,-2.77066850662],[23.5706253052,0.249705463648,13.1662960052,-0.333486616611,19.5994472504,23.7490692139,15.2836027145,7.95890045166,-4.17364025116,43.1581954956,92.7328186035,40.0916633606,-1.52362787724],[-71.8229827881,27.8596382141,21.8241729736,26.1794757843,-14.6484069824,19.17603302,19.5899658203,-14.347114563,8.18084430695,8.1593952179,40.0916633606,107.872261047,41.2980918884],[40.0284461975,-8.47162151337,-20.6268405914,45.6575241089,9.37423801422,-11.7335281372,-0.711031973362,2.90577602386,-0.856930375099,-2.77066850662,-1.52362787724,41.2980918884,110.219200134]],"icov":[[0.000138887902722,-0.000015675657778,0.000242217894993,-0.000130492058815,0.00017373348237,-0.00031668660813,0.000269786774879,-0.000337000354193,0.000541971472558,-0.00038934792974,0.000170787359821,-0.0000144977393575,0.0000120949607663],[-0.000015675657778,0.000691164692398,-0.0000299966286548,-0.0000394837843487,-0.000325002620229,0.000194206193555,-0.000145561498357,0.000715724949259,-0.000172134168679,0.000281322107185,-0.0000718208830222,-0.00017653433315,0.000168953687535],[0.000242217894993,-0.0000299966286548,0.00184178620111,-0.000143423545524,-0.00020417541964,-0.00104303087573,0.000368699140381,-0.000357457844075,0.000486721342895,-0.0002669665555,0.000278071325738,-0.000390894099837,0.000379330827855],[-0.000130492058815,-0.0000394837843487,-0.000143423545524,0.00330892624334,-0.000245108065428,-0.000328879861627,-0.000576795893721,0.000868786417414,-0.00187233556062,0.000679321296047,-0.000260880828137,0.000135921378387,-0.00144598912448],[0.00017373348237,-0.000325002620229,-0.00020417541964,-0.000245108065428,0.00501676928252,-0.00113082467578,0.000711361295544,-0.00234346510842,0.00145302724559,-0.00196805270389,-0.00029211351648,0.00128270639107,-0.00102827546652],[-0.00031668660813,0.000194206193555,-0.00104303087573,-0.000328879861627,-0.00113082467578,0.00753959594294,-0.00358852581121,0.000926210079342,-0.000655086245388,0.0000212658869714,-0.000581741333008,-0.000902577827219,0.00124781194609],[0.000269786774879,-0.000145561498357,0.000368699140381,-0.000576795893721,0.000711361295544,-0.00358852581121,0.00950890127569,-0.00403744261712,0.000935440592002,0.0000105702556539,0.000152444801643,-0.00157574855257,0.000524091592524],[-0.000337000354193,0.000715724949259,-0.000357457844075,0.000868786417414,-0.00234346510842,0.000926210079342,-0.00403744261712,0.0108958864585,-0.00311847170815,0.000391949899495,-0.00117946392857,0.00222995597869,-0.00113101070747],[0.000541971472558,-0.000172134168679,0.000486721342895,-0.00187233556062,0.00145302724559,-0.000655086245388,0.000935440592002,-0.00311847170815,0.00928153004497,-0.00304810865782,0.00211308686994,-0.00115458236542,0.00100891990587],[-0.00038934792974,0.000281322107185,-0.0002669665555,0.000679321296047,-0.00196805270389,0.0000212658869714,0.0000105702556539,0.000391949899495,-0.00304810865782,0.0131189944223,-0.00611881632358,0.000896651588846,-0.000123425605125],[0.000170787359821,-0.0000718208830222,0.000278071325738,-0.000260880828137,-0.00029211351648,-0.000581741333008,0.000152444801643,-0.00117946392857,0.00211308686994,-0.00611881632358,0.0170484613627,-0.00710555026308,0.00284822401591],[-0.0000144977393575,-0.00017653433315,-0.000390894099837,0.000135921378387,0.00128270639107,-0.000902577827219,-0.00157574855257,0.00222995597869,-0.00115458236542,0.000896651588846,-0.00710555026308,0.0153175918385,-0.00623591477051],[0.0000120949607663,0.000168953687535,0.000379330827855,-0.00144598912448,-0.00102827546652,0.00124781194609,0.000524091592524,-0.00113101070747,0.00100891990587,-0.000123425605125,0.00284822401591,-0.00623591477051,0.0123855471611]],"mean":[-748.417053223,149.0625,-8.71512889862,16.8850135803,-2.56097626686,-5.87789154053,-6.79078817368,2.62452554703,-5.07393026352,2.02693581581,-3.59616756439,-2.58302903175,1.21564006805]},"pitch_salience":{"dmean":0.0503972657025,"dmean2":0.0777061134577,"dvar":0.00223713624291,"dvar2":0.00576991122216,"max":0.930504798889,"mean":0.568297743797,"median":0.575162112713,"min":0.0781565606594,"var":0.0112167689949},"silence_rate_20dB":{"dmean":0,"dmean2":0,"dvar":0,"dvar2":0,"max":1,"mean":1,"median":1,"min":1,"var":0},"silence_rate_30dB":{"dmean":0.00149968278129,"dmean2":0.00299953855574,"dvar":0.0014973084908,"dvar2":0.00379794090986,"max":1,"mean":0.998904168606,"median":1,"min":0,"var":0.00109483650886},"silence_rate_60dB":{"dmean":0.0348387844861,"dmean2":0.0696815848351,"dvar":0.0336304232478,"dvar2":0.0738412290812,"max":1,"mean":0.345080167055,"median":0,"min":0,"var":0.226037278771},"spectral_centroid":{"dmean":137.826019287,"dmean2":206.168228149,"dvar":36554.0390625,"dvar2":72728.203125,"max":10948.0136719,"mean":1022.85638428,"median":854.089233398,"min":191.071624756,"var":343489},"spectral_complexity":{"dmean":1.66049492359,"dmean2":2.70754504204,"dvar":5.05977535248,"dvar2":12.0295200348,"max":51,"mean":10.8063793182,"median":9,"min":0,"var":59.4089698792},"spectral_contrast_coeffs":{"dmean":[0.0343775115907,0.0341797694564,0.0338019803166,0.0283673107624,0.0222972203046,0.0148253031075],"dmean2":[0.0558189824224,0.0540073253214,0.0541283152997,0.0460172779858,0.0356711521745,0.0240239407867],"dvar":[0.000929439323954,0.000880300765857,0.000780034519266,0.00059920019703,0.000387904496165,0.000184138407349],"dvar2":[0.00245830067433,0.00214827875607,0.00197698641568,0.00144226884004,0.000860716041643,0.000436218251707],"max":[-0.29866027832,-0.361022859812,-0.418567627668,-0.457481443882,-0.483688890934,-0.503996253014],"mean":[-0.646301209927,-0.705489993095,-0.738950312138,-0.758104741573,-0.7650141716,-0.771178841591],"median":[-0.648642659187,-0.708910167217,-0.744371771812,-0.766929984093,-0.775869607925,-0.770006775856],"min":[-0.964295268059,-0.974560797215,-0.978832304478,-0.969337821007,-0.95622831583,-0.959403157234],"var":[0.00725749321282,0.00645322259516,0.00510032102466,0.00488714361563,0.00487507181242,0.0031680688262]},"spectral_contrast_valleys":{"dmean":[0.303805619478,0.271065562963,0.262972325087,0.231734439731,0.206826031208,0.208103686571],"dmean2":[0.499196439981,0.440548479557,0.431045413017,0.378109782934,0.322195440531,0.284845799208],"dvar":[0.0806867256761,0.0606022812426,0.0565844960511,0.0527894683182,0.0558733791113,0.0894674733281],"dvar2":[0.196046486497,0.140269726515,0.129350438714,0.111667491496,0.106870219111,0.141207277775],"max":[-5.29130887985,-4.65997743607,-5.22084569931,-5.56730031967,-5.63967180252,-7.77382707596],"mean":[-8.37265110016,-7.529047966,-8.28867435455,-8.90151405334,-9.07501792908,-11.9366865158],"median":[-8.14858436584,-7.2585811615,-8.06535148621,-8.6686000824,-8.83959102631,-11.8635520935],"min":[-27.0288562775,-27.8390979767,-26.8341026306,-27.2069225311,-27.3370819092,-27.2784938812],"var":[1.80510866642,1.81608903408,1.94595980644,2.15436124802,2.132989645,2.13668179512]},"spectral_decrease":{"dmean":6.87520318454e-10,"dmean2":1.00758179578e-9,"dvar":2.51351919257e-18,"dvar2":5.45117565783e-18,"max":4.76775515186e-21,"mean":-2.77080447475e-9,"median":-1.43578982037e-9,"min":-4.25872990206e-8,"var":1.44603777307e-17},"spectral_energy":{"dmean":0.00283280946314,"dmean2":0.00411717453972,"dvar":0.0000428767598351,"dvar2":0.0000905945998966,"max":0.167315661907,"mean":0.0113725792617,"median":0.00573403947055,"min":1.04516063698e-20,"var":0.000253198755672},"spectral_energyband_high":{"dmean":0.0000816208048491,"dmean2":0.000120215634524,"dvar":1.65561630183e-7,"dvar2":3.66647356032e-7,"max":0.0188661720604,"mean":0.000167141362908,"median":0.0000365539308405,"min":7.54350510013e-21,"var":3.03101586496e-7},"spectral_energyband_low":{"dmean":0.000672984926496,"dmean2":0.00109036325011,"dvar":0.00000932278999244,"dvar2":0.0000255172762991,"max":0.0897719711065,"mean":0.00175535841845,"median":0.000644013402052,"min":7.37672983259e-23,"var":0.0000120092245197},"spectral_energyband_middle_high":{"dmean":0.00132249051239,"dmean2":0.00186665158253,"dvar":0.0000151810882016,"dvar2":0.0000275532966043,"max":0.0988474562764,"mean":0.00383392651565,"median":0.000803750823252,"min":1.41481387985e-21,"var":0.0000787935859989},"spectral_energyband_middle_low":{"dmean":0.00168376008514,"dmean2":0.00250845705159,"dvar":0.0000145742724271,"dvar2":0.0000346369197359,"max":0.129028305411,"mean":0.00601276569068,"median":0.00343540217727,"min":3.45737792355e-22,"var":0.0000667994754622},"spectral_entropy":{"dmean":0.116604670882,"dmean2":0.164703279734,"dvar":0.0169596616179,"dvar2":0.032208442688,"max":9.78963661194,"mean":7.05286931992,"median":7.11464691162,"min":4.32941675186,"var":0.288520216942},"spectral_flux":{"dmean":0.0106963934377,"dmean2":0.0169267803431,"dvar":0.000384301587474,"dvar2":0.000880044535734,"max":0.362074494362,"mean":0.0386424139142,"median":0.0259097032249,"min":1.02233096988e-10,"var":0.00169551547151},"spectral_kurtosis":{"dmean":3.06610751152,"dmean2":5.29269838333,"dvar":21.7201023102,"dvar2":63.6090507507,"max":139.433303833,"mean":9.20422744751,"median":6.35616874695,"min":-1.1790561676,"var":113.957626343},"spectral_rms":{"dmean":0.000324067252222,"dmean2":0.000454288412584,"dvar":2.74890652463e-7,"dvar2":5.5326245274e-7,"max":0.0127763366327,"mean":0.00273334537633,"median":0.00236520287581,"min":3.19322541499e-12,"var":0.00000362403238796},"spectral_rolloff":{"dmean":235.284347534,"dmean2":396.4637146,"dvar":323545.75,"dvar2":817488.125,"max":19121.484375,"mean":1130.5592041,"median":796.728515625,"min":43.06640625,"var":1385201.25},"spectral_skewness":{"dmean":0.282767534256,"dmean2":0.47607755661,"dvar":0.101282648742,"dvar2":0.285898149014,"max":9.56681632996,"mean":2.06902766228,"median":1.85693597794,"min":-0.3827714324,"var":0.8087438941},"spectral_spread":{"dmean":327864.40625,"dmean2":473163.53125,"dvar":289036959744,"dvar2":453848498176,"max":39788660,"mean":3430948.5,"median":3199614.25,"min":608542.5,"var":1817141837820},"spectral_strongpeak":{"dmean":0.416178107262,"dmean2":0.670882880688,"dvar":0.894562005997,"dvar2":2.08870005608,"max":16.2919979095,"mean":0.926296234131,"median":0.428879439831,"min":0,"var":2.37752747536},"zerocrossingrate":{"dmean":0.00577730499208,"dmean2":0.0069189700298,"dvar":0.0000824777307571,"dvar2":0.000119463606097,"max":0.52099609375,"mean":0.0455533079803,"median":0.0390625,"min":0.00390625,"var":0.00100850849412}},"metadata":{"audio_properties":{"analysis_sample_rate":44100,"bit_rate":128000,"codec":"mp3","downmix":"mix","equal_loudness":0,"length":402.546936035,"lossless":false,"md5_encoded":"692aebdaf4ddd9392daf41332b28ff3b","replay_gain":-4.94377326965,"sample_rate":44100},"tags":{"acoustid_fingerprint":["AQADtJLCK9kUNL1Q5sGPK8vx4_iBS8dzXDry2ShcrmiLHy8RBv1xtD6MowdOHuGiBoafo5KMP6gjOM9xXRB55HnwHTZqP-gaHk2O58MzvJHxJscTXUiOdBmuE8-Ph0VoHZ6yG3-C_sg3_MMdHB_K47jwhD2aHnhxX8J15NENHT38oz7-QT9CHj56_EfPGM0uPBcQ5gvaG1p-tD_u4H2gfQqaaUN-9PB3PCO89UHoG7KHPkWYIj_6_RCPIz-M_Eic41Xw4IIPx3lQpsGbIeeRlEOjJUd1Fn-M5DnyLLiE8DzEIjz-Z3ispMJJPP_xH2-I7kiWlLmQp8qHa0dPw2eO8JBv5MmWB6eOnjH8w452fAN8_DnS5cOhG46P0D_OBOdxdGFoXDR8nPDDHd1vvLjVIcxzJOMvXEFzHT_MHVdHfMnx48ZvNA0e9Gh-PPiL67iO6cTx4Jh14zh8HC-JJ3hyoW5JPLyKf3jwJceV4jlK-KicHDk1JD8-NFWOvniOH8d5lIfzH0ZV46LQ82h04h1-Iv6hDuGPB30u40dDZeg_HDnTDjqNkNLhBdePH-56HM3b4R-eIw8lI8nNoT3B6yBFXNWJYz9OuDb-pOiF40miI_6O5DlOoT_86PiC80h56D7iVFvh_Diuwyil7Oh7xEl3qI-RH1fg8jgfNDueC0_24Doq84fR73jyFBdzXDlu1NpxDXUTI8Iz8fD-4UeeB1-P_IV2pD-Yl_hx5LiKUNODXTl8D6dw-C_-jDj8Sgz6FMc_CMef4w9u_AgfIll2XDcuHk8io-mPXsd5TB9-ZO8FRR_y6EL46YNf6CN6XMePpoJ65IeP_jiP_oZ7fLgk5GqN3AE-vIB3HMd5_ES4P0ie48aT7Lgu9CaaH8czIoe2X8itwKNQ5nhu_OiL5ifuXHiStDmaSEd__MczWoH_GD_2g3qOXAqSHiyDSdGOd4d73MePHsfLBw_-CCG54w6OH_GHK8ePEz4e7fhxSYafmSh-7LnAsMFWEX2DPMKJRsvW477gs0N-RPsh5XMQeUd_wefRS1wG1IpyNFNGoSXxrkPCK0J-PPBzXPikwTGP_sZxCT7OHGEuQXvISMiTHb_RZ3AX4Ue6I1m5dMSl4zn6wzf6CC-SsUeKfniO4-hRH3-Ep8hTEVrGoA8HGT_yG_WPZgz6HWF-QyMThOFxhsWPSxZ8HH-IRyh7NMeDBvVxBgmdIy9aFc2kDNeKHz49xI6E5MH148anI8yhmTty5niOWmmDJvfw5fiPeP2gKxaiR5JwyhJOUUIYJ8vRRXqgHnv4QyePZ-mQmh7-oSe-4OLRH6H-QE15pGhzlMoLf5fxY6J1PMOVEOFRHRIvD5eOPsdGKjiP67iO08dh4j0-Hkd_9Md14lmLWNqFFx66REJ9w7nRh9iJstHx5AevHb8Oxxeq_MgvPNCVqIGuRIqiHM0R_niUOvi0SXjWg22GpL-RW4e