{"lowlevel":{"average_loudness":0.955941259861,"barkbands":{"dmean":[0.000255937397014,0.00141143135261,0.0035587886814,0.00267354631796,0.00503491936252,0.00143854692578,0.000462376716314,0.000347361608874,0.000432404427556,0.000382751575671,0.000370847526938,0.000488079007482,0.000657082360703,0.000336072582286,0.000365891813999,0.000280188338365,0.000276820355793,0.000255410181126,0.000217148131924,0.000148130464368,0.000103638078144,0.0000536793268111,0.0000191041654034,0.00000832499881653,0.00000786819055065,0.00000437284825239,0.00000103769468751],"dmean2":[0.000483461422846,0.00209109880961,0.00552871869877,0.00436558760703,0.0080984942615,0.00239166128449,0.000747267797124,0.000558678002562,0.000686548359226,0.000600250845309,0.000578289385885,0.000765359262004,0.00105911761057,0.000513639242854,0.000574181962293,0.000433796056313,0.000428134924732,0.000394210102968,0.000328690657625,0.000223155511776,0.000154562148964,0.0000805658564786,0.000028400319934,0.0000121886187117,0.0000116879045891,0.00000627063309366,0.00000162718822594],"dvar":[1.77166228355e-7,0.00000447702586825,0.000032547290175,0.0000245653882303,0.0000688838845235,0.0000106034085547,9.59169483394e-7,4.09444510296e-7,8.33571391468e-7,5.85875625347e-7,3.81786293246e-7,7.93296862867e-7,0.00000168924486843,4.45140983629e-7,4.37156131738e-7,2.71032746468e-7,3.04075086888e-7,1.85439063216e-7,1.14657737527e-7,4.96383769644e-8,3.14319450467e-8,8.04825095457e-9,1.98720484512e-9,4.61450544442e-10,2.24904248003e-10,4.07507361189e-11,3.3647650638e-12],"dvar2":[6.20580294708e-7,0.0000101782015918,0.0000812211656012,0.0000611299619777,0.000182192918146,0.0000280816748273,0.00000232743332162,9.66290485849e-7,0.00000198355314751,0.0000013488077002,8.84787823452e-7,0.00000175385741841,0.00000430682757724,9.6850862974e-7,0.00000102283161141,5.98892029302e-7,7.09055882453e-7,4.19909298444e-7,2.39351805931e-7,1.10972713685e-7,6.67979165314e-8,1.88727700134e-8,4.90258322827e-9,1.09053599484e-9,5.23734333679e-10,8.21981441246e-11,8.21246456256e-12],"max":[0.00806080922484,0.0325402989984,0.0834191218019,0.0619751624763,0.0844757705927,0.0489193797112,0.0202315244824,0.0170913394541,0.0196516029537,0.0186002347618,0.0105735380203,0.0220114570111,0.0265943240374,0.018122214824,0.0152802877128,0.0113449944183,0.0147574413568,0.00920335482806,0.00840112194419,0.00403225980699,0.0052392790094,0.00145197287202,0.0017058160156,0.000938482116908,0.000235376384808,0.0000861853550305,0.0000234998387896],"mean":[0.000237663116422,0.00271183578297,0.00647610751912,0.00333726126701,0.0071241883561,0.00167845655233,0.00064500659937,0.000459177943412,0.000662237405777,0.000681767938659,0.000597353617195,0.000849849777296,0.00114593771286,0.000607587571722,0.000614020449575,0.00047049386194,0.000508965866175,0.000470367929665,0.000392087793443,0.000265379931079,0.000184384640306,0.000088400367531,0.0000313809323416,0.0000167851376318,0.0000135009495352,0.00000780615482654,0.00000143034128541],"median":[0.0000980035983957,0.00148181826808,0.00442868936807,0.0010740228463,0.0038901111111,0.000654874020256,0.000267695228104,0.000217482505832,0.000283419794869,0.000268745177891,0.000219710578676,0.00042086726171,0.000331921095494,0.00021543596813,0.000317449506838,0.000226570075029,0.000226496500545,0.00023172616784,0.000251687684795,0.000150504434714,0.000101033270766,0.0000476868954138,0.0000166628342413,0.0000102782987597,0.00000712377550371,0.00000422200992034,5.98268798058e-7],"min":[3.70553881263e-24,5.25790150598e-24,5.80982803832e-24,7.38836395322e-24,5.81251268975e-23,5.43562334823e-23,8.27096109773e-23,3.86815893837e-23,7.06078157371e-23,1.00770884325e-22,9.12232629237e-23,1.4299788914e-22,1.1291269059e-22,9.21176797289e-23,1.2135708686e-22,5.63032810359e-23,1.37006017249e-22,2.64842542527e-22,2.89703323561e-22,4.62643570629e-22,4.45957988659e-22,4.17881734844e-22,6.46179519698e-22,7.54440871821e-22,1.38467116387e-21,1.7518976535e-21,2.17317310583e-21],"var":[1.7403539232e-7,0.0000109557140604,0.0000555869737582,0.0000346113520209,0.0000850699361763,0.000010003409443,0.00000164980917816,5.98055237333e-7,0.00000154310646394,0.00000171196973042,8.81476182713e-7,0.0000018109777784,0.0000042329261305,0.00000123615870962,9.64384639701e-7,6.1216735503e-7,7.84937753906e-7,4.44045781478e-7,2.58159957411e-7,1.22041797113e-7,9.46758547116e-8,1.43149021525e-8,2.4213187011e-9,7.27867877082e-10,3.42016193144e-10,9.56807133523e-11,4.83109429197e-12]},"barkbands_crest":{"dmean":2.52688193321,"dmean2":4.16830873489,"dvar":5.23276758194,"dvar2":14.260351181,"max":26.9335689545,"mean":9.81285762787,"median":9.14744949341,"min":2.6878247261,"var":14.3867082596},"barkbands_flatness_db":{"dmean":0.0244606472552,"dmean2":0.0369649529457,"dvar":0.00070886570029,"dvar2":0.00183388101868,"max":0.702827692032,"mean":0.141918748617,"median":0.128229886293,"min":0.0352414175868,"var":0.00405809655786},"barkbands_kurtosis":{"dmean":27.1399478912,"dmean2":49.967590332,"dvar":123204.171875,"dvar2":406278.75,"max":10015.3925781,"mean":22.9374408722,"median":1.39214372635,"min":-1.81340920925,"var":89773.421875},"barkbands_skewness":{"dmean":0.840912759304,"dmean2":1.34104657173,"dvar":6.86541366577,"dvar2":22.3540420532,"max":92.0009307861,"mean":1.84936594963,"median":1.46164488792,"min":-1.81309378147,"var":11.5416841507},"barkbands_spread":{"dmean":5.61686515808,"dmean2":8.65680217743,"dvar":37.158241272,"dvar2":85.6980209351,"max":76.7963027954,"mean":20.6656799316,"median":20.0833206177,"min":0.0132550317794,"var":122.267539978},"dissonance":{"dmean":0.0148803619668,"dmean2":0.0249681547284,"dvar":0.000224466202781,"dvar2":0.000615891476627,"max":0.499999940395,"mean":0.469102740288,"median":0.475061953068,"min":0.297221183777,"var":0.000610863848124},"dynamic_complexity":3.51695013046,"erbbands":{"dmean":[0.0086215371266,0.462340325117,3.66267752647,5.92089366913,17.5477619171,14.3498783112,11.9400367737,10.7684364319,7.531686306,5.12821388245,8.57497215271,10.0717725754,9.88846111298,11.8353242874,14.3821554184,21.0393123627,31.4302005768,15.0347261429,20.6214694977,17.8052139282,12.9200410843,12.7068004608,12.8611478806,12.5987167358,10.0152568817,6.71189451218,5.6006975174,3.16265368462,2.26948070526,0.743280351162,0.612329900265,0.225657358766,0.122228682041,0.0731364712119,0.0704633742571,0.0212525669485,0.00804401375353,0.00179640785791,0.000192081628484,0.000015805444491],"dmean2":[0.0131674529985,0.682997643948,5.57168865204,9.49058055878,28.1283397675,24.2841129303,19.8252849579,18.0682125092,12.1639308929,8.2645816803,13.6392049789,15.8959760666,15.6023759842,18.1122112274,22.0884819031,32.7674751282,50.6574287415,23.149023056,31.5425224304,27.9148311615,19.4084472656,19.3882465363,19.7341938019,18.9241313934,15.283624649,10.0684499741,8.31192302704,4.67291402817,3.44255924225,1.07444369793,0.935397326946,0.335726499557,0.178889915347,0.107485160232,0.107489667833,0.0307614114136,0.0116828503087,0.00260821403936,0.000310666218866,0.0000229232264246],"dvar":[0.000168405851582,0.464719265699,30.0764923096,127.512832642,803.017700195,714.430847168,556.860351563,730.803161621,264.10925293,95.9865188599,275.630981445,442.882659912,387.393890381,624.163879395,502.712524414,1522.36657715,3998.50976563,707.649475098,1782.78027344,1119.1015625,555.871582031,549.026611328,508.171264648,346.804016113,244.266815186,99.8602981567,118.192390442,19.5065956116,17.3944473267,1.71460676193,2.10587716103,0.363749116659,0.0920796319842,0.016101995483,0.0251075942069,0.000984289799817,0.000143181809108,0.00000761239971325,1.27702818986e-7,4.20474294272e-10],"dvar2":[0.000406726147048,1.06362831593,73.5380554199,305.283660889,2010.45251465,1996.54016113,1469.49414063,1938.31274414,665.059082031,238.546279907,633.902832031,1051.63439941,953.729125977,1332.03320313,1164.96484375,3244.76953125,10397.1152344,1634.29711914,3965.86743164,2602.765625,1176.21972656,1255.67553711,1127.06262207,762.241699219,528.188842773,223.663284302,240.955734253,43.84349823,43.3985404968,3.68928813934,5.25390529633,0.869991779327,0.209912285209,0.0353177189827,0.0613827444613,0.00205428316258,0.000296229030937,0.0000162296910275,3.25095896869e-7,9.26135279578e-10],"max":[0.195923238993,10.0703821182,71.3501739502,160.729187012,313.806304932,335.353942871,351.780395508,473.3175354,352.689819336,223.871490479,450.502166748,403.520904541,604.713134766,932.95880127,364.384399414,1109.18811035,1244.26782227,511.883575439,1091.0357666,778.413696289,677.478149414,659.429199219,472.264434814,314.477935791,385.594207764,184.441162109,367.698883057,75.8089294434,65.8411636353,35.0057640076,46.0138778687,27.6153678894,12.36536026,3.26406788826,2.6840159893,0.519571125507,0.16040275991,0.0331015773118,0.00477452250198,0.000201103961444],"mean":[0.0170879252255,0.914603173733,7.10464572906,8.76903247833,24.2908592224,19.0727405548,14.596950531,12.3957138062,10.4696083069,7.3494758606,12.0826425552,15.7724075317,17.683889389,22.7637443542,27.2533512115,40.2068328857,56.9161300659,30.7144203186,37.795135498,29.7570724487,24.8245334625,25.1312580109,24.7667999268,22.7230033875,18.9960441589,12.5031681061,9.95243644714,5.62206029892,3.51031041145,1.34242224693,0.95002001524,0.438091129065,0.238920986652,0.14055390656,0.105848968029,0.037037409842,0.0140164997429,0.00302408123389,0.000253853970207,0.0000424670797656],"median":[0.011205997318,0.553411006927,5.06468629837,4.87494468689,11.5688285828,10.2334804535,6.31453514099,4.68960285187,4.05757045746,3.97288513184,6.172082901,7.09332942963,8.1159954071,10.3821973801,13.1651115417,22.0526580811,20.0494537354,15.7846651077,17.2551612854,16.801235199,13.8217277527,12.5383033752,12.8451156616,13.8668842316,12.3872356415,7.42549943924,5.25402641296,3.30169343948,1.87865805626,0.772626519203,0.471519112587,0.271130025387,0.142264693975,0.0798402354121,0.0494927316904,0.0200935825706,0.00738824903965,0.00151537591591,0.000107086234493,0.0000378882687073],"min":[9.32639514222e-23,1.49147126792e-21,5.40391924302e-21,1.42845949229e-20,7.12347328639e-20,1.43508727695e-19,3.85584503976e-19,5.70472502374e-19,1.00250402493e-18,1.04509503768e-18,1.0728312308e-18,1.8738130688e-18,1.95855792935e-18,3.12583033523e-18,5.4229787251e-18,5.96855727864e-18,5.98876364665e-18,4.37430809583e-18,6.4320245079e-18,4.41379521673e-18,4.15436159813e-18,7.46750863744e-18,1.21230358077e-17,1.66835943718e-17,1.3918544651e-17,2.51455842094e-17,1.68232555464e-17,1.79487373402e-17,1.34595322029e-17,1.53397914902e-17,1.89213875896e-17,1.4830807407e-17,1.46189879588e-17,1.2895170032e-17,1.14959989889e-17,7.29850571213e-18,3.2787373598e-18,1.08146999492e-18,2.75097420871e-19,3.52388537535e-20],"var":[0.000339197256835,1.10283410549,58.7279853821,164.816802979,1110.52954102,722.469726563,565.812988281,695.849365234,409.512756348,133.085754395,413.899902344,801.965759277,1063.15283203,2011.83825684,1376.67004395,3837.65625,9740.52441406,2034.54138184,4827.35498047,1832.96411133,1573.82702637,1719.41296387,1243.63989258,766.519165039,574.309631348,261.987518311,345.566558838,47.9365310669,23.0149002075,3.21555638313,2.43308067322,0.527281403542,0.150408774614,0.0348881781101,0.0287312269211,0.00213859393261,0.00032244346221,0.000015913074094,1.6192238661e-7,9.65485691395e-10]},"erbbands_crest":{"dmean":2.52443099022,"dmean2":4.09185504913,"dvar":5.84883975983,"dvar2":14.4804878235,"max":29.3013477325,"mean":8.44354057312,"median":7.46182250977,"min":2.29028272629,"var":14.92557621},"erbbands_flatness_db":{"dmean":0.0150668649003,"dmean2":0.0222959667444,"dvar":0.000207298333407,"dvar2":0.000449678773293,"max":0.301268905401,"mean":0.161349341273,"median":0.158545315266,"min":0.0504470318556,"var":0.00100462918635},"erbbands_kurtosis":{"dmean":0.86680752039,"dmean2":1.37859594822,"dvar":1.96359062195,"dvar2":5.07406902313,"max":58.0016517639,"mean":0.308824032545,"median":-0.250758051872,"min":-1.88544237614,"var":4.40884208679},"erbbands_skewness":{"dmean":0.369192063808,"dmean2":0.568571865559,"dvar":0.152856111526,"dvar2":0.376771807671,"max":6.60846424103,"mean":-0.0836712494493,"median":-0.191962391138,"min":-3.10354995728,"var":0.582841038704},"erbbands_spread":{"dmean":8.68585777283,"dmean2":13.4258079529,"dvar":74.2329406738,"dvar2":178.387619019,"max":138.729522705,"mean":39.280254364,"median":37.6083526611,"min":3.97642064095,"var":305.930419922},"gfcc":{"cov":[[11780.7783203,-842.812561035,-1366.45275879,-427.402404785,-83.4144363403,111.986961365,-360.338989258,-154.823471069,-700.75793457,-54.0184783936,-304.794525146,169.376113892,-332.02633667],[-842.812561035,914.863769531,180.368133545,-33.6315040588,65.0091781616,-23.7352962494,73.9166488647,-44.4229698181,135.503067017,-69.7705993652,60.5534286499,-74.2911300659,60.493927002],[-1366.45275879,180.368133545,645.15020752,219.573745728,-38.8215408325,-20.6134376526,15.2043094635,-0.953656673431,134.923034668,-1.41923224926,25.0377349854,-7.31183767319,41.9316444397],[-427.402404785,-33.6315040588,219.573745728,247.529968262,31.6684532166,-25.2932662964,6.20287513733,18.7487850189,29.3534984589,10.3650960922,-15.1185483932,-20.9922866821,19.5344276428],[-83.4144363403,65.0091781616,-38.8215408325,31.6684532166,191.925186157,70.7359161377,47.5274734497,13.9695310593,8.01933383942,0.756459474564,17.0473232269,-13.4035396576,3.5074441433],[111.986961365,-23.7352962494,-20.6134376526,-25.2932662964,70.7359161377,171.611907959,49.5647354126,-0.483339190483,-7.74244737625,2.06137895584,14.1704874039,5.45201301575,-15.7083187103],[-360.338989258,73.9166488647,15.2043094635,6.20287513733,47.5274734497,49.5647354126,113.72908783,34.2905578613,8.10988807678,-2.93503832817,20.6858863831,-14.7746019363,2.69323062897],[-154.823471069,-44.4229698181,-0.953656673431,18.7487850189,13.9695310593,-0.483339190483,34.2905578613,93.0475692749,31.4282741547,2.58480119705,3.76905441284,0.0840710699558,-1.0407102108],[-700.75793457,135.503067017,134.923034668,29.3534984589,8.01933383942,-7.74244737625,8.10988807678,31.4282741547,133.761566162,18.8527412415,12.5879516602,-13.9863567352,25.8691425323],[-54.0184783936,-69.7705993652,-1.41923224926,10.3650960922,0.756459474564,2.06137895584,-2.93503832817,2.58480119705,18.8527412415,64.6354675293,14.6819181442,2.30316710472,-2.77977180481],[-304.794525146,60.5534286499,25.0377349854,-15.1185483932,17.0473232269,14.1704874039,20.6858863831,3.76905441284,12.5879516602,14.6819181442,74.4283676147,14.8068933487,-1.58047604561],[169.376113892,-74.2911300659,-7.31183767319,-20.9922866821,-13.4035396576,5.45201301575,-14.7746019363,0.0840710699558,-13.9863567352,2.30316710472,14.8068933487,61.2886390686,1.34677958488],[-332.02633667,60.493927002,41.9316444397,19.5344276428,3.5074441433,-15.7083187103,2.69323062897,-1.0407102108,25.8691425323,-2.77977180481,-1.58047604561,1.34677958488,51.7175636292]],"icov":[[0.000250442972174,-0.000370835885406,0.000259109277977,-0.0000761222690926,0.0000158943767019,-0.000342126208125,0.000808099459391,-0.000442594551714,0.00112464942504,-0.000631741830148,0.00123234663624,-0.000950517074671,0.00117020483594],[-0.000370835885406,0.0033007839229,-0.000615341006778,0.00111693446524,-0.000832538295072,0.00164766656235,-0.00286293914542,0.0034934100695,-0.00465791951865,0.00481081102043,-0.00433199713007,0.00418111216277,-0.00304115377367],[0.000259109277977,-0.000615341006778,0.00404631812125,-0.00377258728258,0.00196335068904,-0.00101791322231,-0.0000398314623453,0.00148051278666,-0.00246152747422,0.00110193993896,-0.000187438141438,-0.00235310825519,0.00146309484262],[-0.0000761222690926,0.00111693446524,-0.00377258728258,0.00850220397115,-0.00311385816894,0.0019309904892,0.0000843432499096,-0.00159936456475,0.00193438725546,-0.0013617046643,0.00139527651481,0.00340156396851,-0.00227343849838],[0.0000158943767019,-0.000832538295072,0.00196335068904,-0.00311385816894,0.0080942325294,-0.00337705947459,-0.000969714485109,-0.000323752959957,-0.000673143891618,0.000129944630316,-0.00142972450703,0.000151396961883,-0.000574469508138],[-0.000342126208125,0.00164766656235,-0.00101791322231,0.0019309904892,-0.00337705947459,0.00940785370767,-0.00523052364588,0.00326653220691,-0.00277584465221,0.00174183933996,-0.00165772624314,0.000325415458065,0.000819809443783],[0.000808099459391,-0.00286293914542,-0.0000398314623453,0.0000843432499096,-0.000969714485109,-0.00523052364588,0.0176459737122,-0.00908881239593,0.00804058648646,-0.0037775633391,0.00179638189729,0.000344871194102,0.00173343764618],[-0.000442594551714,0.0034934100695,0.00148051278666,-0.00159936456475,-0.000323752959957,0.00326653220691,-0.00908881239593,0.0192226152867,-0.0112839657813,0.00659151095897,-0.00398817332461,0.0006438959972,0.000210159138078],[0.00112464942504,-0.00465791951865,-0.00246152747422,0.00193438725546,-0.000673143891618,-0.00277584465221,0.00804058648646,-0.0112839657813,0.022703718394,-0.0117725329474,0.00764695787802,-0.00257334392518,0.000801996968221],[-0.000631741830148,0.00481081102043,0.00110193993896,-0.0013617046643,0.000129944630316,0.00174183933996,-0.0037775633391,0.00659151095897,-0.0117725329474,0.0255122222006,-0.0109300175682,0.00524473795667,-0.00242318329401],[0.00123234663624,-0.00433199713007,-0.000187438141438,0.00139527651481,-0.00142972450703,-0.00165772624314,0.00179638189729,-0.00398817332461,0.00764695787802,-0.0109300175682,0.026192586869,-0.0122918747365,0.00873143877834],[-0.000950517074671,0.00418111216277,-0.00235310825519,0.00340156396851,0.000151396961883,0.000325415458065,0.000344871194102,0.0006438959972,-0.00257334392518,0.00524473795667,-0.0122918747365,0.0273827500641,-0.00980596616864],[0.00117020483594,-0.00304115377367,0.00146309484262,-0.00227343849838,-0.000574469508138,0.000819809443783,0.00173343764618,0.000210159138078,0.000801996968221,-0.00242318329401,0.00873143877834,-0.00980596616864,0.0302708931267]],"mean":[-14.9628572464,105.571533203,-125.130439758,39.3360061646,-40.6757774353,5.35502672195,-31.6025543213,-4.01095151901,-34.0396194458,-3.860861063,-22.2317371368,-5.98608016968,-15.2922887802]},"hfc":{"dmean":5.5674405098,"dmean2":7.40325927734,"dvar":35.9177322388,"dvar2":66.7168884277,"max":67.8230133057,"mean":18.4519062042,"median":17.3407859802,"min":1.16558337752e-16,"var":164.930297852},"melbands":{"dmean":[0.000216961692786,0.00144801754504,0.00129454862326,0.00126722431742,0.00041973637417,0.000245159608312,0.000107731451862,0.0000575665544602,0.0000720813404769,0.0000622761726845,0.0000509096680616,0.0000497021028423,0.000055259828514,0.0000530509096279,0.0000735203357181,0.0000506176656927,0.0000291930227831,0.0000362551654689,0.0000211112637771,0.0000236053692788,0.0000161499519891,0.0000140608144648,0.000015755653294,0.0000119579572129,0.0000107699352156,0.00000887764417712,0.0000056222911553,0.00000447547199656,0.00000408515597883,0.00000267948985311,0.00000174453168711,0.00000150699793267,7.00744351434e-7,3.31474012683e-7,4.47806201009e-7,1.81947712008e-7,1.27676699435e-7,9.4924260452e-8,6.95293564945e-8,5.96078066906e-8],"dmean2":[0.000325681525283,0.00218491349369,0.00204418227077,0.00204902607948,0.000704177189618,0.000410087319324,0.000173511944013,0.0000930668757064,0.00011481938418,0.0000981175180641,0.000080444777268,0.0000763977441238,0.000085544110334,0.0000833533340483,0.000117060328193,0.0000813953083707,0.0000451554151368,0.0000557151070097,0.0000326706431224,0.0000368999208149,0.0000246473864536,0.0000216895114136,0.0000246862564381,0.000018356318833,0.0000164338125614,0.0000138128762046,0.00000861776243255,0.0000067731798481,0.00000619707998339,0.000004046074082,0.00000264227855951,0.00000230979208027,0.00000107366270186,4.88355112793e-7,6.9889159704e-7,2.75526844007e-7,1.91212421896e-7,1.41871552728e-7,1.03397425733e-7,8.918395622e-8],"dvar":[1.05257420557e-7,0.0000045815595513,0.00000468251073471,0.00000451256437373,6.61505168864e-7,3.51467804194e-7,5.36354889391e-8,1.09051123687e-8,2.10543351642e-8,1.62344377941e-8,1.02383213019e-8,1.14749232338e-8,8.18591683327e-9,9.65814983545e-9,1.8057665585e-8,8.26668156151e-9,3.19116399972e-9,6.43825970315e-9,1.36205313694e-9,2.03711669755e-9,1.04629394038e-9,8.16003209447e-10,1.02782149458e-9,4.25090324052e-10,2.68051247865e-10,2.710676128e-10,6.45292083656e-11,5.19876572347e-11,7.32852944996e-11,2.40963759363e-11,6.76875569483e-12,8.05666471038e-12,1.4262641632e-12,4.88394481107e-13,1.13123507957e-12,3.329731239e-13,9.81393108055e-14,6.87910015409e-14,1.69914097712e-14,1.02329135562e-14],"dvar2":[2.45018725309e-7,0.0000110656255856,0.0000112558764158,0.0000121036528071,0.00000176848288902,9.31975364438e-7,1.32270514541e-7,2.70444679984e-8,4.86103637343e-8,3.81248099757e-8,2.51036151866e-8,2.44151046047e-8,1.91711322373e-8,2.16163247302e-8,4.43544649897e-8,2.06131076652e-8,7.30273663763e-9,1.40624623057e-8,3.07651615294e-9,4.59462246027e-9,2.22020113405e-9,1.8688097736e-9,2.34865971116e-9,9.97282145754e-10,6.02118799264e-10,6.03772754015e-10,1.47716353038e-10,1.19268234178e-10,1.51409301763e-10,4.89030621553e-11,1.5668430095e-11,2.02239648639e-11,3.27393906256e-12,1.15570302894e-12,2.8710985412e-12,8.18406919924e-13,2.32318531817e-13,1.62640585136e-13,3.48529087264e-14,2.34173998145e-14],"max":[0.0049541327171,0.0262293703854,0.0236648079008,0.0234456155449,0.0110183404759,0.010271769017,0.00475183827803,0.00200784858316,0.00330018857494,0.00258444203064,0.0029783626087,0.00378774246201,0.00164610426873,0.00237999134697,0.00321257766336,0.00270868535154,0.00108077772893,0.00236263498664,0.000716765236575,0.0011269422248,0.00107493251562,0.000917838071473,0.000714150664862,0.000420517113525,0.000291673524771,0.000511266407557,0.000183489639312,0.000132509856485,0.000260723667452,0.00016520274221,0.0000535866929567,0.0000445322220912,0.0000166256886587,0.0000260193210124,0.0000248416890827,0.0000285656151391,0.0000125720725919,0.0000111354847832,0.00000404369120588,0.00000241099928644],"mean":[0.000423532997956,0.00284988246858,0.00203163526021,0.00175054348074,0.000525100913364,0.000284594978439,0.00015298523067,0.0000810135461506,0.000102526908449,0.0000967495507211,0.000088685672381,0.000091980851721,0.0000942985061556,0.000090997928055,0.000133020323119,0.0000915631753742,0.0000531774348929,0.0000636425393168,0.0000363795879821,0.0000381983518309,0.0000283806002699,0.0000257649444393,0.0000272664765362,0.0000210157140828,0.000017804255549,0.0000155211273523,0.0000103402544482,0.000007738270142,0.00000672700980431,0.00000461427407572,0.00000285427927338,0.0000022204455945,0.00000112985651413,5.73821864691e-7,6.27764165984e-7,3.30727061737e-7,2.35970702533e-7,1.72871011728e-7,1.33763137455e-7,1.08936177412e-7],"median":[0.000242487469222,0.00202351482585,0.00115081551485,0.000942117068917,0.000246067793341,0.000110320128442,0.0000608603731962,0.0000436320297013,0.0000523543858435,0.000042248841055,0.0000380312376365,0.0000370748166461,0.0000364277220797,0.0000413578818552,0.0000577018799959,0.0000349998372258,0.0000199238929781,0.0000241581092268,0.0000205247088161,0.0000177597357833,0.0000144187752085,0.0000114260183182,0.0000120815293485,0.0000105200761027,0.0000103392103483,0.00000895986886462,0.00000648086825095,0.00000402323257731,0.00000324630582327,0.00000233195441979,0.00000160716194841,0.00000111040776574,5.89852334087e-7,3.17231126701e-7,2.72687486813e-7,1.94198378267e-7,1.40322427455e-7,1.00530094471e-7,7.49968336322e-8,6.0718491568e-8],"min":[1.38020957801e-24,2.63528826429e-24,4.17823649438e-24,6.93659199027e-24,1.34479926858e-23,1.28576864927e-23,1.55902880466e-23,1.03548809093e-23,8.19828192258e-24,1.15761101658e-23,1.05869046231e-23,1.32780278706e-23,1.30370395415e-23,2.16055244206e-23,1.06096167174e-23,1.20987754806e-23,7.40260841458e-24,9.68871785158e-24,9.37922957466e-24,4.08487204524e-24,5.05059911528e-24,7.61909235736e-24,9.92919973196e-24,1.2103962241e-23,1.43233048576e-23,8.95422523995e-24,1.06391035492e-23,1.87758172447e-23,9.65355753218e-24,1.07855752978e-23,1.07136272389e-23,6.58333928805e-24,9.87092657689e-24,7.82280779752e-24,1.06641372611e-23,1.06687820741e-23,9.21518910487e-24,1.07886463333e-23,1.05919075789e-23,1.02761612685e-23],"var":[2.46356933076e-7,0.00000922173512663,0.00000686690418661,0.0000053322896747,6.58686076349e-7,3.35138565788e-7,8.94721594591e-8,1.49003733796e-8,3.11200274439e-8,3.16414698887e-8,2.77863083653e-8,3.70310004882e-8,1.99431262615e-8,2.34706618585e-8,4.36389200331e-8,2.3662726889e-8,8.5040747777e-9,1.71950400585e-8,2.53772536318e-9,4.03894162559e-9,2.43980058379e-9,2.40904207693e-9,2.31759944569e-9,8.9444351925e-10,5.21539256226e-10,5.79004677537e-10,1.65334801405e-10,1.26379851029e-10,1.76032091681e-10,7.58779150623e-11,1.38772084102e-11,1.04392718428e-11,2.39543085888e-12,7.05798700734e-13,1.20181891782e-12,4.07310361654e-13,1.51220859836e-13,9.4970513116e-14,4.06097986456e-14,2.06335684351e-14]},"melbands_crest":{"dmean":3.53722667694,"dmean2":5.67625761032,"dvar":9.74095535278,"dvar2":23.6915206909,"max":39.9722137451,"mean":16.2293243408,"median":15.6868095398,"min":2.13938951492,"var":31.9493026733},"melbands_flatness_db":{"dmean":0.0298377033323,"dmean2":0.0435507819057,"dvar":0.000861281238031,"dvar2":0.0019791694358,"max":0.692992806435,"mean":0.21759185195,"median":0.205815911293,"min":0.00692569697276,"var":0.00546393776312},"melbands_kurtosis":{"dmean":46.9903106689,"dmean2":87.040473938,"dvar":830057.875,"dvar2":2464968.25,"max":47354.5,"mean":50.158493042,"median":8.38348007202,"min":-1.72685801983,"var":629692.5625},"melbands_skewness":{"dmean":1.08480370045,"dmean2":1.70824658871,"dvar":15.9073934555,"dvar2":44.2852859497,"max":197.037002563,"mean":3.29226255417,"median":2.75309514999,"min":-1.11362600327,"var":25.4934368134},"melbands_spread":{"dmean":7.86339521408,"dmean2":11.8598871231,"dvar":96.5052261353,"dvar2":197.308044434,"max":135.845565796,"mean":22.9320697784,"median":19.2006645203,"min":0.0135049559176,"var":302.567901611},"mfcc":{"cov":[[9867.25195313,125.260467529,-1582.45703125,-247.796585083,-314.793121338,14.7720365524,64.6581726074,-64.5781784058,-328.762939453,-330.57824707,-218.925552368,-137.688598633,-165.96711731],[125.260467529,803.440856934,-32.2355194092,-56.495464325,2.85277938843,32.3827590942,-15.1492300034,22.7366333008,0.982125461102,-3.54277968407,-15.3841905594,0.279988765717,28.1030426025],[-1582.45703125,-32.2355194092,740.245666504,150.605743408,71.7877349854,14.4872283936,-98.6795806885,11.8814487457,42.6610794067,51.1376953125,24.7837944031,8.54907894135,50.0995368958],[-247.796585083,-56.495464325,150.605743408,252.41468811,41.6268882751,-18.4334716797,-16.5437107086,-21.176820755,33.88804245,17.4237174988,-11.2898654938,-9.07864189148,-3.31886434555],[-314.793121338,2.85277938843,71.7877349854,41.6268882751,149.38381958,42.3890151978,5.22073507309,18.2755470276,30.6041107178,25.9190692902,4.76461219788,23.0555057526,24.9629402161],[14.7720365524,32.3827590942,14.4872283936,-18.4334716797,42.3890151978,141.741317749,48.0435256958,10.7133140564,7.00527238846,0.953339278698,15.6672773361,-1.52213573456,5.94395971298],[64.6581726074,-15.1492300034,-98.6795806885,-16.5437107086,5.22073507309,48.0435256958,149.768554688,41.0738449097,-7.03654909134,6.51812458038,13.8802652359,11.5719585419,-9.54999637604],[-64.5781784058,22.7366333008,11.8814487457,-21.176820755,18.2755470276,10.7133140564,41.0738449097,97.7192077637,18.1637229919,6.50147438049,9.82340526581,10.0929288864,13.7691793442],[-328.762939453,0.982125461102,42.6610794067,33.88804245,30.6041107178,7.00527238846,-7.03654909134,18.1637229919,97.1645355225,37.7108078003,1.49074947834,13.8575668335,4.87166595459],[-330.57824707,-3.54277968407,51.1376953125,17.4237174988,25.9190692902,0.953339278698,6.51812458038,6.50147438049,37.7108078003,75.3018341064,23.7931671143,9.91875457764,5.12606906891],[-218.925552368,-15.3841905594,24.7837944031,-11.2898654938,4.76461219788,15.6672773361,13.8802652359,9.82340526581,1.49074947834,23.7931671143,65.1494522095,14.3352460861,1.41035509109],[-137.688598633,0.279988765717,8.54907894135,-9.07864189148,23.0555057526,-1.52213573456,11.5719585419,10.0929288864,13.8575668335,9.91875457764,14.3352460861,70.033493042,30.1905250549],[-165.96711731,28.1030426025,50.0995368958,-3.31886434555,24.9629402161,5.94395971298,-9.54999637604,13.7691793442,4.87166595459,5.12606906891,1.41035509109,30.1905250549,69.858795166]],"icov":[[0.00020857360505,0.00000344563409271,0.000454354507383,-0.000191965053091,0.000226166797802,-0.00035446282709,0.000369640765712,-0.000297293707263,0.000548727461137,0.000143269120599,0.000479195383377,-0.0000814429222373,0.00019438493473],[0.00000344563409271,0.00132582057267,0.000115579990961,0.000193047017092,0.00012314003834,-0.00047204742441,0.000423301680712,-0.000413309666328,0.0000869769792189,-0.000253649486694,0.000472858024295,0.0000880004517967,-0.000498424808029],[0.000454354507383,0.000115579990961,0.00300481612794,-0.00162574963178,0.000422797194915,-0.00157575798221,0.00259644608013,-0.00164278922603,0.00159073458053,-0.000759023823775,0.000449009938166,-0.000110839348054,-0.000553882564418],[-0.000191965053091,0.000193047017092,-0.00162574963178,0.00567560316995,-0.00183062197175,0.00196228781715,-0.00181814935058,0.00237206718884,-0.00245521357283,0.000459315429907,0.000259562249994,0.00145067239646,0.000178271497134],[0.000226166797802,0.00012314003834,0.000422797194915,-0.00183062197175,0.00964274723083,-0.00376481330022,0.0014760484919,-0.00198979349807,0.000283420376945,-0.00243224948645,0.00199298071675,-0.00267866393551,-0.00115768704563],[-0.00035446282709,-0.00047204742441,-0.00157575798221,0.00196228781715,-0.00376481330022,0.0109222335741,-0.00514815095812,0.00281031010672,-0.00311040668748,0.00279209343717,-0.00369250448421,0.00335425441153,-0.00163365900517],[0.000369640765712,0.000423301680712,0.00259644608013,-0.00181814935058,0.0014760484919,-0.00514815095812,0.0119816670194,-0.0060471710749,0.0040556746535,-0.00279701943509,0.00114609382581,-0.00341383600608,0.00287450570613],[-0.000297293707263,-0.000413309666328,-0.00164278922603,0.00237206718884,-0.00198979349807,0.00281031010672,-0.0060471710749,0.0147046959028,-0.00488811684772,0.00237858993933,-0.00266229361296,0.00206520780921,-0.00317468936555],[0.000548727461137,0.0000869769792189,0.00159073458053,-0.00245521357283,0.000283420376945,-0.00311040668748,0.0040556746535,-0.00488811684772,0.0170116890222,-0.00774909043685,0.00468495674431,-0.00394580513239,0.0026853964664],[0.000143269120599,-0.000253649486694,-0.000759023823775,0.000459315429907,-0.00243224948645,0.00279209343717,-0.00279701943509,0.00237858993933,-0.00774909043685,0.0211841315031,-0.00741208018735,0.00184147886466,-0.000871289114002],[0.000479195383377,0.000472858024295,0.000449009938166,0.000259562249994,0.00199298071675,-0.00369250448421,0.00114609382581,-0.00266229361296,0.00468495674431,-0.00741208018735,0.0215191338211,-0.00517244078219,0.00294005637988],[-0.0000814429222373,0.0000880004517967,-0.000110839348054,0.00145067239646,-0.00267866393551,0.00335425441153,-0.00341383600608,0.00206520780921,-0.00394580513239,0.00184147886466,-0.00517244078219,0.0210597012192,-0.00913923978806],[0.00019438493473,-0.000498424808029,-0.000553882564418,0.000178271497134,-0.00115768704563,-0.00163365900517,0.00287450570613,-0.00317468936555,0.0026853964664,-0.000871289114002,0.00294005637988,-0.00913923978806,0.020720936358]],"mean":[-653.653076172,133.255523682,-17.1510486603,38.3042831421,5.42551136017,14.1037530899,7.21087503433,1.45276463032,-3.10992479324,-3.58632445335,-4.45227622986,-4.43892526627,-6.60159683228]},"pitch_salience":{"dmean":0.0784242674708,"dmean2":0.129505649209,"dvar":0.0046653887257,"dvar2":0.0125376628712,"max":0.894621014595,"mean":0.563841402531,"median":0.57244515419,"min":0.00532809784636,"var":0.0119316149503},"silence_rate_20dB":{"dmean":0,"dmean2":0,"dvar":0,"dvar2":0,"max":1,"mean":1,"median":1,"min":1,"var":0},"silence_rate_30dB":{"dmean":0.00310398335569,"dmean2":0.00620903773233,"dvar":0.00309427594766,"dvar2":0.00927476771176,"max":1,"mean":0.998448252678,"median":1,"min":0,"var":0.00154931936413},"silence_rate_60dB":{"dmean":0.0296602863818,"dmean2":0.0593308024108,"dvar":0.0287826433778,"dvar2":0.0630498379469,"max":1,"mean":0.0929310321808,"median":0,"min":0,"var":0.0842955261469},"spectral_centroid":{"dmean":315.841217041,"dmean2":470.515045166,"dvar":123516.421875,"dvar2":244016.109375,"max":10862.1474609,"mean":1317.05834961,"median":1252.46386719,"min":169.547409058,"var":435421},"spectral_complexity":{"dmean":4.8008275032,"dmean2":6.64711952209,"dvar":24.4946517944,"dvar2":43.3058395386,"max":51,"mean":20.5025863647,"median":21,"min":0,"var":109.654022217},"spectral_contrast_coeffs":{"dmean":[0.0579925067723,0.0467919111252,0.0369362644851,0.0329645872116,0.0222963411361,0.0185776352882],"dmean2":[0.0957339555025,0.0774211734533,0.0596333220601,0.0517589487135,0.0353325642645,0.0288833584636],"dvar":[0.00236632162705,0.00149663037155,0.000866071204655,0.000690896587912,0.000334846379701,0.00026408577105],"dvar2":[0.00635185465217,0.00405883137137,0.00212970748544,0.0016961847432,0.000818378292024,0.000601505336817],"max":[-0.25012370944,-0.464864015579,-0.481023132801,-0.533972799778,-0.628518760204,-0.635860621929],"mean":[-0.574355900288,-0.750361323357,-0.769976198673,-0.762020468712,-0.783228397369,-0.730624437332],"median":[-0.575257539749,-0.754128694534,-0.773058116436,-0.760298609734,-0.783749103546,-0.728117704391],"min":[-0.965377151966,-0.965083479881,-0.973349094391,-0.982754945755,-0.968429028988,-0.955450356007],"var":[0.00649914424866,0.00413055624813,0.00374803994782,0.00371376750991,0.00215066014789,0.00124452309683]},"spectral_contrast_valleys":{"dmean":[0.469677984715,0.426490783691,0.350249409676,0.338244974613,0.339980691671,0.315592437983],"dmean2":[0.738503158092,0.653994262218,0.52851742506,0.491928964853,0.444476753473,0.425928115845],"dvar":[0.220219433308,0.196096658707,0.143926560879,0.13896459341,0.136918544769,0.138301938772],"dvar2":[0.411753237247,0.372946292162,0.244924962521,0.234242424369,0.20845888555,0.227457538247],"max":[-5.55461406708,-4.95199728012,-5.61869668961,-5.83652210236,-5.75687408447,-8.43360710144],"mean":[-7.3974146843,-7.00505399704,-7.40368413925,-7.66204071045,-7.4946937561,-10.7338943481],"median":[-7.16048717499,-6.84401512146,-7.157995224,-7.42685317993,-7.25567150116,-10.4741477966],"min":[-27.2365856171,-27.4549541473,-27.5503540039,-26.9445095062,-27.3692798615,-27.3146839142],"var":[1.12594997883,1.13714587688,1.32607913017,1.34903025627,1.26694095135,1.1813198328]},"spectral_decrease":{"dmean":2.86224999257e-9,"dmean2":4.25654489433e-9,"dvar":1.50160048743e-17,"dvar2":3.45947247726e-17,"max":6.7720966189e-27,"mean":-7.57924389916e-9,"median":-6.93579149669e-9,"min":-3.97792163653e-8,"var":3.0908212393e-17},"spectral_energy":{"dmean":0.0111561026424,"dmean2":0.0164998415858,"dvar":0.000223263443331,"dvar2":0.000510863261297,"max":0.153852596879,"mean":0.0302794165909,"median":0.0279869604856,"min":1.06008421923e-20,"var":0.000472874613479},"spectral_energyband_high":{"dmean":0.00023713268456,"dmean2":0.00033689007978,"dvar":1.13097222254e-7,"dvar2":2.32412574519e-7,"max":0.00886888895184,"mean":0.000472023006296,"median":0.000295452104183,"min":7.64064712331e-21,"var":3.33958581678e-7},"spectral_energyband_low":{"dmean":0.00535562029108,"dmean2":0.00808722525835,"dvar":0.0000676473791827,"dvar2":0.000160501906066,"max":0.115952685475,"mean":0.0106110135093,"median":0.00797930546105,"min":1.30218003265e-23,"var":0.000121597440739},"spectral_energyband_middle_high":{"dmean":0.00202446198091,"dmean2":0.00289106275886,"dvar":0.00000566992139284,"dvar2":0.000011787562471,"max":0.036296069622,"mean":0.00638013985008,"median":0.00525764189661,"min":1.58337474982e-21,"var":0.0000306812944473},"spectral_energyband_middle_low":{"dmean":0.0082569187507,"dmean2":0.0130241531879,"dvar":0.000169269900653,"dvar2":0.000425575679401,"max":0.145334944129,"mean":0.0140938619152,"median":0.00912926904857,"min":3.25144004133e-22,"var":0.000236541643972},"spectral_entropy":{"dmean":0.155392438173,"dmean2":0.230528756976,"dvar":0.0234917234629,"dvar2":0.0551338940859,"max":9.78848361969,"mean":7.46422433853,"median":7.51692295074,"min":5.2081246376,"var":0.117753371596},"spectral_flux":{"dmean":0.02792038396,"dmean2":0.0424779057503,"dvar":0.00106283230707,"dvar2":0.00226216483861,"max":0.366436213255,"mean":0.0872303768992,"median":0.0792901739478,"min":1.02960390214e-10,"var":0.00240379269235},"spectral_kurtosis":{"dmean":1.63008272648,"dmean2":2.78311395645,"dvar":3.46139359474,"dvar2":9.90337181091,"max":37.8149642944,"mean":4.88474369049,"median":4.44049835205,"min":-1.18590176105,"var":6.00135231018},"spectral_rms":{"dmean":0.000953233975451,"dmean2":0.0013599684462,"dvar":0.00000123032896227,"dvar2":0.00000253415464613,"max":0.0122515344992,"mean":0.00500000407919,"median":0.00522535666823,"min":3.21594226943e-12,"var":0.0000045408664846},"spectral_rolloff":{"dmean":434.414093018,"dmean2":705.267822266,"dvar":472122,"dvar2":941995.875,"max":19444.4824219,"mean":1241.91369629,"median":1162.79296875,"min":21.533203125,"var":1083268},"spectral_skewness":{"dmean":0.221807941794,"dmean2":0.355863243341,"dvar":0.0517191067338,"dvar2":0.129097864032,"max":4.62092018127,"mean":1.438783288,"median":1.40557956696,"min":0.0358063876629,"var":0.145982801914},"spectral_spread":{"dmean":343231.46875,"dmean2":520045.6875,"dvar":365986873344,"dvar2":565526528000,"max":40482396,"mean":3650769.75,"median":3496928.75,"min":1626381.625,"var":816271785984},"spectral_strongpeak":{"dmean":0.457540929317,"dmean2":0.786263108253,"dvar":0.722688674927,"dvar2":1.81891298294,"max":9.67631530762,"mean":0.785806238651,"median":0.489526093006,"min":0,"var":1.03359007835},"zerocrossingrate":{"dmean":0.00866444502026,"dmean2":0.0102464109659,"dvar":0.000125712729641,"dvar2":0.000172552914592,"max":0.5146484375,"mean":0.0489879958332,"median":0.046875,"min":0,"var":0.000632266746834}},"metadata":{"audio_properties":{"analysis_sample_rate":44100,"bit_rate":192037,"codec":"mp3","downmix":"mix","equal_loudness":0,"length":134.635101318,"lossless":false,"md5_encoded":"8dc38d6b8f5ff1f7175cbab4814b6bc8","replay_gain":-6.11491203308,"sample_rate":44100},"tags":{"acoustid_fingerprint":["AQADtNGVKF-iQN-Fh0_w5ELJRGje4R5k7wXbecjjB4-OKeXQZ8if4JE-QaYQU9PR3_Bl9MKeDfmD_xAvEbyQrZEePFKeBOFtPNAj5IkIJie-F7mp4A0YNOGPK7mQdVmqJHiO6sO1TnAe9Hzw4XmGK0cYPkLJrAv0fEGueDluEp_R70bzbLjE49GRv8GZKWhyo2eQB0_0ZfiPSS-aJ0ecR4X-IA-PWarwx2iuo4-Fd12ER9GO3EbfKMej4Bu8H6GUHX9xMQ2aPBd6CW90It-1FM2O58MXGenh5Doq8Q32M8ifFzqPMGOJ9sL7JDgpPDuKNNaRTKp67NGJH382wFGWIz-UR0qFPwmaY2JWXD3kL_jTIVPF4Tsu5ci74-Shn0OexCNqH1dxSwH5REL6BxqzL8j1WBgbpsF_pDiFJ_KIMnlwXjicJzLCXbj4IO8qzGpGfIc4OSd-Fu-Fp3GhiTZhvQEfBfkVoqfA8kGe5CmqHkxO6OHw5PgXeFEuXDv6FGJiOB_CZ9oS_CKe44rRHCHvCHp43KHAp8NvQVuXHH60pijPYVSOu8mEG1pe1D9y98iVD3U7qCJxH_F4TPksXFeCHHouI8yJshf-JcE_I4xNaJaM8JHgi7D6oeQT4okzBW-OMB2hXcjl4ElKKbhC9GiiZ4iTVDx0C9mVhUrw4UdTJULtHDnzQFdoDX1IeDpyUUL6pHhA_Uuh8XhyBfnh2MgzfMqOP45QXoG-E99xWcc17eB4-Dv6HD_248dHXLughUet4pmEWjrgv-inBsrxpQgt2AefCAyrBMhJ6ApyfcF_9MlCeDJ64cXs43gnJN9ilJqOMA96GVaZCmUfnC_aiEG0HxqPo6t49MIlPPnw4cmuoPxhh0F0HX1w_BNe4eHQlUiPSkxkaOThp0J7nEe_HE1o49CnBD2P6VLwHLku_FqC5lmDU8eFO-h-PIvwFtGTQ-dRkkHzIJ8xPYbHuGjH47lDPEdzBuGPJ9GhWcL0Hs-HX8VJaE8WNKGOF_mk4xf-IudCoodP3D1EaUxwHY6X48d1-MiZ4XqFH19CY9_hUUMv5NvxZLNQiReoH1bb4sILZz5KygzuNMMN5iGahSfuoaQ-2Dm-HGnU4W8GZ6_Qh8YTg6eOME7RRnwC_cKVccTTor7w4lZ0-Cy0pcezB2dC5wi9ozm-sLhy1Dme6MGLLxPSH5UTdYGcB2cePI-RHmfwvLii4Ud1pHoD7cmGnA-eJLVwfqiORsfu442S8MiVXNCyHJF4oacDJx9uo6nCbMjD4xfxo2E4DyXxJVcCdfE6_EWuBg-aZ-gjPMqFvwlyH2IcPCquC48aKSjPQGREI9pxHU7ME-H5QGeR63jkEM0v9KmDhyeuCmGWikey5zieSeiJZsmLS8lVvMkT_MmR5w9K6cVvQVl1nDTKUMlR5Uf1dNB5nC8-How5NHxwWoLO0HjqouJx4UkyiH_QhUfW3Hge3DT848iTJLikcyhzQTwdOM8gJlZRakGuaIyCq3mMz2guhBaDL7mCL-I0octh5FmDp-iF-8GlS3gfNDnCE3pD5EEz3igT8Qn2HM7xNLnwI522G7r2Iv-NG_7x6RGuPNKQX-juwqqOPEG_EH_wPPjTFPmE5hH6fVCrFV--oYVHHv_xQNukHT9u2sgrB9HroXmF_tCXHLruCueG