{"lowlevel":{"average_loudness":0.699936330318,"barkbands":{"dmean":[0.00200024712831,0.00983020849526,0.00521512236446,0.00334300938994,0.0035953738261,0.00153802474961,0.000874978548381,0.000549075892195,0.000310543691739,0.000246850511758,0.000144890349475,0.0000808744880487,0.0000505746538693,0.0000466887358925,0.0000471521198051,0.0000329274698743,0.0000147745458889,0.0000117795507322,0.0000126121531139,0.0000170099028765,0.0000206726781471,0.0000233313912759,0.00000798351084086,0.00000318391857945,0.00000311002600029,0.00000505534399053,0.0000367797292711],"dmean2":[0.00350193120539,0.0161562263966,0.00829652696848,0.00527465483174,0.00597568508238,0.00243170675822,0.00136405497324,0.000909148016945,0.000488821591716,0.000394005648559,0.000228054879699,0.000126994083985,0.0000804295268608,0.000074061419582,0.0000751108673285,0.0000527843330929,0.0000241205889324,0.0000187363912119,0.000019796194465,0.0000263455822278,0.0000314691787935,0.0000336149460054,0.0000123896325022,0.00000525040559296,0.00000510133259013,0.00000785462998465,0.0000525713949173],"dvar":[0.0000164670091181,0.000280253851088,0.0000614972886979,0.0000292523527605,0.0000383149126719,0.0000178269747266,0.00000544290514881,0.00000242214559876,9.25180245304e-7,9.94819743028e-7,3.75985507617e-7,7.68279733165e-8,2.16329727465e-8,2.67688289313e-8,1.81778361252e-8,1.06414406176e-8,1.76439607369e-9,1.08163289436e-9,1.65316771383e-9,4.58367699352e-9,1.71645790914e-8,3.09603294113e-8,1.26656496402e-9,3.26176863297e-11,3.0784250149e-11,2.09678704954e-10,1.34507232019e-8],"dvar2":[0.0000436224909208,0.000740179792047,0.000151172323967,0.0000723215925973,0.0000920447346289,0.0000373908842448,0.0000126842705868,0.00000658046064927,0.00000213772841562,0.00000246178433372,8.26593691272e-7,1.77582109018e-7,5.2279677476e-8,5.8214578047e-8,4.37597336145e-8,2.56852921154e-8,4.60420546133e-9,2.42449615939e-9,3.35652461381e-9,1.02949293534e-8,4.09762783704e-8,5.5013376965e-8,2.41474285012e-9,7.91771509467e-11,7.4430128727e-11,4.12768791369e-10,2.25300524903e-8],"max":[0.0676814690232,0.32312014699,0.175078168511,0.153348520398,0.302927553654,0.229605317116,0.0645708665252,0.0455815307796,0.0348278917372,0.0495778024197,0.0444200374186,0.0133786024526,0.00446110637859,0.00971853081137,0.00414427509531,0.00429102918133,0.00177999585867,0.00167830300052,0.00197187904269,0.00289376592264,0.00802250485867,0.00994614232332,0.00193268549629,0.000143651908729,0.000139091862366,0.000876480597071,0.00661914842203],"mean":[0.00225084018894,0.0146828358993,0.00825062766671,0.00570672983304,0.00640689441934,0.00251151667908,0.00147998053581,0.000892149168067,0.000506171025336,0.000344601809047,0.000206292723306,0.000126196275232,0.000071006717917,0.0000670898007229,0.0000785112060839,0.0000581258864258,0.0000205999494938,0.0000161526677402,0.0000189852144103,0.0000252500885836,0.00003199436469,0.0000371486639779,0.0000123008840092,0.00000341364898304,0.0000033073376926,0.00000771982195147,0.000082079488493],"median":[0.000841965491418,0.00933925807476,0.00491778366268,0.00326091353782,0.00376945384778,0.000730536528863,0.000340282451361,0.000281875138171,0.000163776334375,0.0000593485492573,0.0000340630758728,0.0000315237703035,0.0000199452224479,0.0000131705255626,0.000013900013073,0.00000958295095188,0.00000568663563172,0.00000544017893844,0.0000052551367844,0.00000662467846269,0.000006096081961,0.00000543288115296,0.00000328260011884,0.00000132825186938,0.00000125512224258,0.00000330464081344,0.0000317764061037],"min":[2.90703408284e-24,2.82998288279e-24,2.23282996868e-24,1.5602874914e-24,1.50351287623e-23,3.71384551796e-24,1.82635530609e-23,7.46884354277e-24,1.66713256762e-23,2.96634577329e-23,1.97805751802e-23,4.19707891042e-23,4.15675297203e-23,4.4055145787e-23,7.08872681351e-23,5.90268138449e-23,8.01090331845e-23,8.0247639201e-23,1.64497946013e-22,1.95444126288e-22,3.01908730948e-22,3.23118108354e-22,3.71826924482e-22,5.67710402117e-22,9.25125683519e-22,1.39195857256e-21,1.95334723271e-21],"var":[0.0000165254241438,0.00033689007978,0.000112537185487,0.0000603479456913,0.0000867863345775,0.0000594816156081,0.0000152732372953,0.00000533773300049,0.00000186438626315,0.00000167060875356,8.4973248704e-7,1.92657282128e-7,3.46355015779e-8,4.68123708686e-8,4.90316622859e-8,2.75449476561e-8,3.31947980214e-9,1.91295956853e-9,3.50889672873e-9,7.91584309212e-9,3.12880885645e-8,7.18514243658e-8,2.98305535829e-9,3.71796760046e-11,3.54520059143e-11,4.54404486261e-10,4.40429168691e-8]},"barkbands_crest":{"dmean":3.07894515991,"dmean2":5.14404296875,"dvar":6.46430206299,"dvar2":17.5608520508,"max":25.1254367828,"mean":11.958155632,"median":11.2767181396,"min":3.14012408257,"var":14.2120666504},"barkbands_flatness_db":{"dmean":0.0414132811129,"dmean2":0.0657026991248,"dvar":0.00124825921375,"dvar2":0.00327427568845,"max":0.520016431808,"mean":0.238484218717,"median":0.234684839845,"min":0.042703140527,"var":0.00380856660195},"barkbands_kurtosis":{"dmean":15.4215154648,"dmean2":25.1282081604,"dvar":401.382019043,"dvar2":1054.56481934,"max":511.30291748,"mean":33.2843322754,"median":26.5853042603,"min":-1.82555794716,"var":835.823486328},"barkbands_skewness":{"dmean":1.0481055975,"dmean2":1.67672049999,"dvar":0.967992067337,"dvar2":2.53414607048,"max":17.2267837524,"mean":3.74362850189,"median":3.56865429878,"min":-2.22918963432,"var":3.06906461716},"barkbands_spread":{"dmean":2.50524497032,"dmean2":3.99513316154,"dvar":28.6516704559,"dvar2":74.5509338379,"max":132.566314697,"mean":6.68122816086,"median":4.28631782532,"min":0.227987080812,"var":118.140991211},"dissonance":{"dmean":0.033383384347,"dmean2":0.056000020355,"dvar":0.000885340967216,"dvar2":0.00247079855762,"max":0.500000119209,"mean":0.434689283371,"median":0.442794680595,"min":0.185355514288,"var":0.00178385397885},"dynamic_complexity":4.01670360565,"erbbands":{"dmean":[0.35854139924,2.072047472,4.96677446365,8.85502243042,12.4958343506,10.8278837204,16.0803546906,12.4942550659,14.7983102798,7.89633703232,11.9910640717,6.97960710526,5.78132009506,7.8251376152,5.06961011887,2.73715734482,2.09657001495,2.06973361969,2.86808395386,1.66082882881,1.67482697964,0.741892755032,0.618373394012,0.611486673355,0.694209694862,0.856769680977,0.732570052147,0.913946151733,0.858635246754,0.573287725449,0.173899114132,0.0740953236818,0.050883255899,0.0347919017076,0.0221730265766,0.0129865072668,0.00874448660761,0.0150145888329,0.0043157748878,0.00191620329861],"dmean2":[0.593662202358,3.3993806839,8.08022499084,13.5883235931,20.9238471985,17.9700679779,26.0945415497,19.5931873322,23.0420303345,12.5979185104,19.9033222198,10.9923267365,9.10724163055,12.3542795181,7.92776823044,4.32778787613,3.31635904312,3.25603413582,4.58276748657,2.62278556824,2.68691396713,1.19229638577,0.988292217255,0.965981841087,1.08159804344,1.32292985916,1.10859167576,1.38826131821,1.25141465664,0.826273798943,0.266759574413,0.120650947094,0.083974160254,0.0572146996856,0.0362705253065,0.0211097300053,0.0134023791179,0.021153524518,0.00613971985877,0.00298034399748],"dvar":[0.500768959522,10.7463302612,54.5009422302,190.452606201,396.784362793,562.396118164,1253.41149902,1680.3762207,1584.30175781,525.746826172,1367.34448242,517.71673584,279.287597656,1324.9173584,392.341217041,54.6146240234,34.8916969299,41.386138916,70.8798904419,18.0806121826,31.2229804993,3.59145665169,2.85789418221,3.97330832481,6.3354716301,10.6678476334,14.0627737045,42.4643707275,43.4731712341,14.1633853912,0.479329794645,0.0177290290594,0.00842673983425,0.00390394078568,0.00154117541388,0.000496102729812,0.000449194718385,0.0092796003446,0.000347423163475,0.00000667293352308],"dvar2":[1.34485447407,28.8637580872,139.201126099,447.960632324,1072.66577148,1299.19006348,2942.30517578,3356.1015625,3631.0012207,1243.59143066,3676.04956055,1179.49121094,657.713745117,3016.81567383,887.364685059,127.362724304,83.0461349487,90.3392715454,167.053207397,45.3306274414,76.1173477173,8.95986175537,6.32804775238,8.36990451813,13.9545450211,24.0197868347,30.6549777985,99.5075912476,84.3945159912,22.9048728943,0.885866999626,0.041073448956,0.0204459335655,0.00945208966732,0.00372102786787,0.0011890042806,0.000783094204962,0.0148594928905,0.000651830981951,0.0000148850531332],"max":[13.1306962967,56.9928092957,170.760604858,367.584350586,487.546386719,1355.5078125,874.898864746,2391.85009766,1311.22290039,1224.96179199,1183.27807617,867.458435059,605.408630371,2325.06323242,953.029174805,214.110717773,217.293441772,315.581420898,236.772613525,142.228042603,261.084228516,85.5172958374,69.6601257324,140.315917969,134.773681641,127.410743713,226.399490356,427.184997559,377.483825684,201.92074585,45.691192627,3.22215723991,2.33024740219,1.56698799133,0.981652617455,0.541550517082,1.23826658726,5.8351225853,1.17302930355,0.070853061974],"mean":[0.463416546583,3.19937229156,8.1825466156,16.2007732391,20.8869915009,17.6526412964,24.7779159546,21.3004245758,26.0427341461,14.6794233322,19.959690094,11.8633146286,9.40675830841,11.5525617599,8.0403547287,4.4869055748,3.12280130386,3.19940519333,4.72803974152,3.14124727249,3.01605606079,1.1533793211,0.864741802216,0.874820172787,1.07625424862,1.26709365845,1.10478460789,1.44508314133,1.33223772049,0.893608808517,0.267933040857,0.0880069583654,0.0534586496651,0.0366529263556,0.0238793957978,0.0147997569293,0.0135408667848,0.0262611806393,0.00873427372426,0.00681187817827],"median":[0.252063840628,2.09134531021,5.32100772858,10.0899868011,11.9404773712,9.75519943237,8.98034000397,5.57913017273,6.08267211914,4.95623922348,6.32301139832,3.89372897148,2.86028957367,1.76906514168,1.45201182365,1.3529086113,0.95011639595,0.802637040615,0.799098014832,0.651030063629,0.503254890442,0.351205617189,0.301818132401,0.278171300888,0.288030236959,0.331780999899,0.238233119249,0.239187195897,0.194380819798,0.156324103475,0.0801997035742,0.0368460118771,0.0199053231627,0.0136552061886,0.00927536562085,0.00639177858829,0.00629186630249,0.00609065033495,0.00324145588093,0.0052223643288],"min":[1.37212484236e-22,6.67397732347e-22,3.70480585041e-21,9.03328000155e-21,2.32766814915e-20,2.94046293397e-20,5.49972032889e-20,6.84207096564e-20,2.2981070405e-19,3.33963496519e-19,2.47190673449e-19,5.09573966413e-19,6.66764545782e-19,1.04170297678e-18,1.56468305938e-18,2.27865469932e-18,2.10653185554e-18,2.64344134946e-18,3.74069643201e-18,2.26522542208e-18,4.93590582911e-18,5.41809753231e-18,4.35578710833e-18,7.58294582783e-18,9.3111246508e-18,9.49678699365e-18,1.12088597829e-17,1.27514300298e-17,1.16193928296e-17,1.03944268508e-17,1.02134207076e-17,9.91113582455e-18,1.04140575011e-17,9.09080674901e-18,7.30582708773e-18,4.37227612666e-18,2.53607888942e-18,1.07409929868e-18,2.80322927595e-19,2.46303140963e-20],"var":[0.489602595568,14.1115274429,95.0474624634,403.225036621,806.971435547,1155.67382812,2413.80932617,6313.87353516,4929.52294922,1228.84289551,2898.3996582,1037.90625,582.877624512,3122.22802734,966.807434082,132.141983032,59.4265403748,76.7370071411,173.482849121,53.0910682678,77.8841323853,7.94152259827,5.3857383728,6.84498214722,12.1318092346,18.4919757843,30.202009201,74.3857955933,89.9235610962,34.0823478699,1.1002818346,0.0246986877173,0.00949974730611,0.00445016240701,0.00179474579636,0.000602895277552,0.00109093647916,0.0235292315483,0.000929989095312,0.0000391924368159]},"erbbands_crest":{"dmean":2.95127248764,"dmean2":4.8879904747,"dvar":6.74980545044,"dvar2":17.4985980988,"max":30.4694385529,"mean":10.2803077698,"median":9.35172843933,"min":2.19110012054,"var":17.9597225189},"erbbands_flatness_db":{"dmean":0.0313452892005,"dmean2":0.0493441186845,"dvar":0.000730361207388,"dvar2":0.00187264557462,"max":0.343814522028,"mean":0.156475365162,"median":0.153814330697,"min":0.0267944000661,"var":0.00216591567732},"erbbands_kurtosis":{"dmean":2.84247970581,"dmean2":4.58567857742,"dvar":13.162103653,"dvar2":33.9564361572,"max":61.1044845581,"mean":4.63787603378,"median":3.27469944954,"min":-1.8611894846,"var":28.1272201538},"erbbands_skewness":{"dmean":0.516224384308,"dmean2":0.815666496754,"dvar":0.213651955128,"dvar2":0.519623160362,"max":6.7193608284,"mean":1.51805877686,"median":1.50930166245,"min":-3.48246431351,"var":0.852141857147},"erbbands_spread":{"dmean":8.31698703766,"dmean2":13.164144516,"dvar":83.3010406494,"dvar2":191.848892212,"max":143.861801147,"mean":26.7794704437,"median":22.4338607788,"min":1.81114089489,"var":300.125549316},"gfcc":{"cov":[[18689.4980469,1566.13122559,-1217.89196777,-346.945129395,-308.94241333,-524.824462891,109.866249084,-506.394714355,156.886978149,37.541519165,-231.471725464,44.3437194824,115.591796875],[1566.13122559,914.966491699,163.855453491,-263.205108643,31.9759559631,-88.8595199585,36.1986503601,-69.912612915,51.0832939148,-57.2720375061,17.8943595886,-98.3235702515,64.4052200317],[-1217.89196777,163.855453491,513.007751465,43.7467498779,22.3482952118,24.9004116058,-10.2391910553,96.1883544922,-51.3744544983,-43.661365509,57.1250343323,-75.707862854,-15.3874959946],[-346.945129395,-263.205108643,43.7467498779,266.120300293,46.8878936768,-0.916561603546,40.103099823,-0.617125809193,-17.114025116,4.50376033783,0.661418795586,35.0530738831,-48.4517059326],[-308.94241333,31.9759559631,22.3482952118,46.8878936768,145.745071411,51.9081420898,27.5185432434,-14.4339866638,-8.83085441589,-8.35811328888,28.0776672363,-10.0358829498,-3.60035610199],[-524.824462891,-88.8595199585,24.9004116058,-0.916561603546,51.9081420898,168.027908325,-48.293548584,68.6801605225,-43.7648696899,8.44910621643,24.1925544739,-6.50098562241,7.4561214447],[109.866249084,36.1986503601,-10.2391910553,40.103099823,27.5185432434,-48.293548584,170.727264404,-43.4820175171,41.9108009338,-6.50279331207,-10.7098846436,16.7012557983,-25.92719841],[-506.394714355,-69.912612915,96.1883544922,-0.617125809193,-14.4339866638,68.6801605225,-43.4820175171,170.724990845,-11.3192968369,2.32831716537,25.0650367737,-34.4121131897,11.3452482224],[156.886978149,51.0832939148,-51.3744544983,-17.114025116,-8.83085441589,-43.7648696899,41.9108009338,-11.3192968369,111.349197388,36.4134902954,-24.3185863495,17.9285812378,-0.721001267433],[37.541519165,-57.2720375061,-43.661365509,4.50376033783,-8.35811328888,8.44910621643,-6.50279331207,2.32831716537,36.4134902954,61.6486587524,14.0560293198,18.3893108368,2.64031124115],[-231.471725464,17.8943595886,57.1250343323,0.661418795586,28.0776672363,24.1925544739,-10.7098846436,25.0650367737,-24.3185863495,14.0560293198,73.8640594482,6.73808097839,7.19509077072],[44.3437194824,-98.3235702515,-75.707862854,35.0530738831,-10.0358829498,-6.50098562241,16.7012557983,-34.4121131897,17.9285812378,18.3893108368,6.73808097839,85.9604110718,18.9906482697],[115.591796875,64.4052200317,-15.3874959946,-48.4517059326,-3.60035610199,7.4561214447,-25.92719841,11.3452482224,-0.721001267433,2.64031124115,7.19509077072,18.9906482697,76.212387085]],"icov":[[0.000122610086692,-0.000516723899636,0.000446233578259,-0.000361669197446,0.000263265916146,0.000151901185745,8.42763938635e-7,-0.000208394791116,0.000579739280511,-0.000560572661925,0.000388861662941,-0.000227424548939,0.000184621516382],[-0.000516723899636,0.00555592915043,-0.00284979422577,0.0036322849337,-0.00120830815285,-0.000449657818535,-0.000472845160402,0.00389243429527,-0.00631723972037,0.00633042026311,-0.00495272036642,0.00535790016875,-0.00407760683447],[0.000446233578259,-0.00284979422577,0.00508147617802,-0.00339750666171,0.00229030754417,-0.0000998194009298,-0.0000212598970393,-0.00189950189088,0.00182334927376,0.000164598764968,-0.00164532009512,0.00140981911682,0.000806575990282],[-0.000361669197446,0.0036322849337,-0.00339750666171,0.00990996137261,-0.00604018056765,0.00312124658376,-0.000761417089961,-0.00100486632437,0.00145158998203,-0.00114491803106,0.00280895223841,-0.00441875308752,0.00328236678615],[0.000263265916146,-0.00120830815285,0.00229030754417,-0.00604018056765,0.0154565833509,-0.00794104114175,-0.00189912843052,0.00590552389622,-0.00611608941108,0.00708875013515,-0.00986705068499,0.00836663786322,-0.00423061009496],[0.000151901185745,-0.000449657818535,-0.0000998194009298,0.00312124658376,-0.00794104114175,0.0134473070502,0.00153498654254,-0.00713474908844,0.00904840324074,-0.00841919798404,0.00672926567495,-0.00636861054227,0.00333624472842],[8.42763938635e-7,-0.000472845160402,-0.0000212598970393,-0.000761417089961,-0.00189912843052,0.00153498654254,0.00846266653389,0.000275566359051,-0.00298443925567,0.00237957155332,-0.0000126252107293,-0.00243880553171,0.00300623313524],[-0.000208394791116,0.00389243429527,-0.00189950189088,-0.00100486632437,0.00590552389622,-0.00713474908844,0.000275566359051,0.0150504587218,-0.0108321756124,0.00924808718264,-0.0107930162922,0.0122274309397,-0.00761615484953],[0.000579739280511,-0.00631723972037,0.00182334927376,0.00145158998203,-0.00611608941108,0.00904840324074,-0.00298443925567,-0.0108321756124,0.0302668176591,-0.0254370030016,0.0198704004288,-0.0145110199228,0.0080807954073],[-0.000560572661925,0.00633042026311,0.000164598764968,-0.00114491803106,0.00708875013515,-0.00841919798404,0.00237957155332,0.00924808718264,-0.0254370030016,0.0418293438852,-0.0228226240724,0.0112521462142,-0.00694167846814],[0.000388861662941,-0.00495272036642,-0.00164532009512,0.00280895223841,-0.00986705068499,0.00672926567495,-0.0000126252107293,-0.0107930162922,0.0198704004288,-0.0228226240724,0.0341161079705,-0.0170203242451,0.00752607174218],[-0.000227424548939,0.00535790016875,0.00140981911682,-0.00441875308752,0.00836663786322,-0.00636861054227,-0.00243880553171,0.0122274309397,-0.0145110199228,0.0112521462142,-0.0170203242451,0.0321115963161,-0.0152608575299],[0.000184621516382,-0.00407760683447,0.000806575990282,0.00328236678615,-0.00423061009496,0.00333624472842,0.00300623313524,-0.00761615484953,0.0080807954073,-0.00694167846814,0.00752607174218,-0.0152608575299,0.0235760416836]],"mean":[-75.7031173706,120.017074585,-32.4091110229,10.301905632,-25.1397209167,-10.6576156616,-6.35072565079,-15.0005922318,-4.68447875977,-6.85088586807,-11.2461948395,-7.19315481186,-6.70795869827]},"hfc":{"dmean":60.4479751587,"dmean2":97.1407775879,"dvar":5757.56494141,"dvar2":14543.4589844,"max":2575.09716797,"mean":190.977890015,"median":154.272155762,"min":1.11119433319e-16,"var":25108.4628906},"melbands":{"dmean":[0.00291964807548,0.00248206360266,0.00153872510418,0.000750391627662,0.000574915262405,0.000278971536318,0.000210840400541,0.0000925745334825,0.0000887698770384,0.0000436053596786,0.0000305972425849,0.0000340157275787,0.0000189595921256,0.0000102912399598,0.00000573475244892,0.00000450174820799,0.00000408147116104,0.0000050152239055,0.00000294591086458,0.00000229113197747,0.00000203149284062,8.61410853759e-7,5.74267687625e-7,5.64100957945e-7,5.07535162342e-7,5.13153509019e-7,5.2695429531e-7,6.08802054103e-7,4.53580753401e-7,5.09346762101e-7,5.61270155686e-7,5.31478860921e-7,4.51189180239e-7,2.77283362493e-7,1.10397785136e-7,5.58178321342e-8,4.1505764159e-8,3.61603404997e-8,3.20001802834e-8,2.8427596277e-8],"dmean2":[0.00478945160285,0.00403391756117,0.00241777230985,0.00125110941008,0.00093570019817,0.000437324197264,0.000327865796862,0.000149572690134,0.000146274091094,0.000068593530159,0.0000484444390167,0.0000539458633284,0.0000298676386592,0.0000161086427397,0.00000925386484596,0.00000716799195288,0.00000647481465421,0.00000807490323496,0.00000470036957267,0.00000366919653061,0.00000326970621245,0.00000139648682307,9.27266057715e-7,8.94313018307e-7,8.10102392279e-7,8.15788780528e-7,8.19546357889e-7,9.55660425461e-7,6.93681101893e-7,8.09782079614e-7,8.59545991716e-7,7.87759347531e-7,6.60837429223e-7,4.0775299226e-7,1.72042817326e-7,9.00749412835e-8,6.84179184418e-8,5.97367559863e-8,5.27400558781e-8,4.67170622187e-8],"dvar":[0.0000287768489216,0.000012691532902,0.00000529734234078,0.00000188950343727,0.00000140671556892,7.27198766981e-7,3.11113808493e-7,6.1583897093e-8,7.11675340881e-8,1.88352640151e-8,8.57557846956e-9,2.44863009868e-8,5.71682745587e-9,1.3192443804e-9,2.61359323073e-10,1.97020788573e-10,1.91666640892e-10,2.40833325504e-10,6.47428013978e-11,4.20665030587e-11,5.52158666012e-11,6.18354195972e-12,1.85515123229e-12,2.7840780896e-12,3.17726769374e-12,3.28339981072e-12,3.88743421134e-12,6.10509733046e-12,5.03660568113e-12,1.053690208e-11,1.74068866959e-11,1.76227556853e-11,1.21703289807e-11,2.82878971983e-12,2.21470574085e-13,1.24346342481e-14,5.53322705783e-15,4.27426250657e-15,3.31856963174e-15,2.60140631706e-15],"dvar2":[0.000076019721746,0.0000332195195369,0.0000129682457555,0.00000456171801488,0.00000332159197569,0.00000147191747146,7.11545737886e-7,1.5290920885e-7,1.86637294064e-7,4.25995985154e-8,2.04593746389e-8,5.71306451036e-8,1.31763338018e-8,2.92600810248e-9,6.56650178676e-10,4.77522854592e-10,4.12430756214e-10,5.60604118682e-10,1.59711827097e-10,1.03035593946e-10,1.35796818235e-10,1.60233250279e-11,4.4977051597e-12,6.03088976328e-12,7.18454245749e-12,7.87368781285e-12,8.40450625761e-12,1.4401953588e-11,1.03293224668e-11,2.76697987439e-11,4.00812959211e-11,3.69312601334e-11,2.36401592746e-11,5.05562518932e-12,4.72583235565e-13,2.59898117703e-14,1.34385038159e-14,1.03765855907e-14,8.0450232183e-15,6.29632623979e-15],"max":[0.104451999068,0.0724658071995,0.0620517805219,0.0853001400828,0.0365111492574,0.0513421595097,0.0192705634981,0.010887674056,0.00816349312663,0.00571726029739,0.00337347737513,0.00913714710623,0.00417123967782,0.00164181902073,0.000598902464844,0.000588383933064,0.000771891965996,0.00060550600756,0.000252091209404,0.000226615535212,0.000356425385689,0.000123922451166,0.0000437654780399,0.0000989336476778,0.000129647916765,0.0000905441338546,0.000094401613751,0.000111956280307,0.000100390003354,0.000242105263169,0.000286244030576,0.000246216775849,0.000219668116188,0.0000918331061257,0.000031339830457,0.00000476248351333,0.00000189099728232,0.00000166690483638,0.00000145101012095,0.00000127689827423],"mean":[0.00432005478069,0.0043893023394,0.00306642963551,0.00131336657796,0.000897489255294,0.000473049818538,0.00037604526733,0.000165317454957,0.000149581173901,0.0000701248573023,0.000047669174819,0.0000486102107971,0.0000282786822936,0.0000162713822647,0.00000841269047669,0.00000617644218437,0.00000589749424762,0.00000786861892266,0.00000506877495354,0.00000394867083742,0.00000339489247381,0.00000124172072447,7.49631169583e-7,7.66241328165e-7,6.86373539338e-7,7.54934603719e-7,7.87662656876e-7,8.56833764828e-7,6.46321154818e-7,7.41077144539e-7,8.71720317264e-7,7.84953215316e-7,6.62741911128e-7,4.15854430003e-7,1.64163182603e-7,7.14796968282e-8,4.48668373565e-8,3.74908424305e-8,3.34117515877e-8,2.99182154606e-8],"median":[0.00264445366338,0.00320973666385,0.00205406313762,0.00079104420729,0.000355529424269,0.000123712001368,0.000089260385721,0.0000573419929424,0.0000471847306471,0.0000227497184824,0.0000136844864755,0.00000677455545883,0.00000482520135847,0.00000375369791072,0.00000264452410192,0.00000176510616257,0.00000135107916321,0.00000124347707242,9.57300471782e-7,7.2033037668e-7,5.34622586201e-7,3.4123002024e-7,2.70304269634e-7,2.45751209604e-7,2.13484128153e-7,1.95943982817e-7,2.10793643873e-7,2.13147757222e-7,1.30153296141e-7,1.40221771971e-7,1.31448373963e-7,1.05253619154e-7,9.43438180911e-8,7.79842963539e-8,4.53850361737e-8,2.94313728944e-8,1.7601344382e-8,1.35964128845e-8,1.22474066444e-8,1.10843441092e-8],"min":[1.76295345074e-24,1.46645761432e-24,1.99988348488e-24,2.32850321648e-24,3.84135581139e-24,1.87622302989e-24,4.06732698984e-24,2.53597856493e-24,2.28940273406e-24,3.08208271214e-24,3.11533122714e-24,4.2386849334e-24,4.10798211989e-24,2.86097860826e-24,2.48572753362e-24,4.83885780427e-24,4.17504634088e-24,4.96379877773e-24,4.28926787793e-24,3.19146715134e-24,5.20420532189e-24,3.94440037271e-24,5.61990228121e-24,3.50556020657e-24,5.34688856597e-24,6.03293170738e-24,4.83043829183e-24,5.52035671244e-24,5.87618543995e-24,7.42799553623e-24,7.12216757392e-24,5.99207699553e-24,6.67355026573e-24,5.68019807564e-24,5.64603290427e-24,5.63670107419e-24,5.31240430035e-24,6.36988062684e-24,5.68266089939e-24,7.33958473914e-24],"var":[0.0000327029592881,0.0000210805883398,0.0000124162888824,0.00000406472645409,0.00000284963107333,0.0000027638195661,9.98524342322e-7,1.43485138437e-7,1.55250972966e-7,3.60646410513e-8,1.66525939704e-8,5.31034878293e-8,1.20128218484e-8,3.57498497472e-9,4.66900185181e-10,2.68225774924e-10,3.34099081734e-10,5.19491616391e-10,1.79893377972e-10,1.06948790102e-10,1.19685400479e-10,1.23229230639e-11,2.92731355649e-12,5.12686507831e-12,4.71036577798e-12,5.91350579615e-12,6.92315605885e-12,9.39231591807e-12,1.07981002612e-11,1.68648203042e-11,3.04513358973e-11,3.37618197288e-11,2.38934202285e-11,6.41057606304e-12,4.2851082383e-13,2.25003850052e-14,6.35297156814e-15,4.79534616429e-15,3.75370866795e-15,2.97175601489e-15]},"melbands_crest":{"dmean":3.60727405548,"dmean2":6.04070901871,"dvar":9.31613349915,"dvar2":25.9065055847,"max":36.532409668,"mean":16.6388053894,"median":16.0237083435,"min":1.00010979176,"var":22.220993042},"melbands_flatness_db":{"dmean":0.0489443540573,"dmean2":0.0775510445237,"dvar":0.00173790392,"dvar2":0.0045236996375,"max":0.669405281544,"mean":0.373065024614,"median":0.37052154541,"min":-1.98458820933e-7,"var":0.00589841697365},"melbands_kurtosis":{"dmean":15.5259199142,"dmean2":25.3564758301,"dvar":538.915649414,"dvar2":1458.26208496,"max":620.551391602,"mean":31.5528564453,"median":22.5437011719,"min":-1.74464976788,"var":1186.43054199},"melbands_skewness":{"dmean":0.96937340498,"dmean2":1.55589306355,"dvar":0.883321583271,"dvar2":2.290984869,"max":18.4608669281,"mean":3.43556451797,"median":3.16972398758,"min":-1.12444806099,"var":3.14001274109},"melbands_spread":{"dmean":1.88325035572,"dmean2":3.05892777443,"dvar":27.8756046295,"dvar2":82.6503982544,"max":184.417938232,"mean":5.1004743576,"median":3.10493564606,"min":0.183024376631,"var":107.280166626},"mfcc":{"cov":[[10969.4638672,1385.74121094,-870.300170898,149.396118164,-602.199462891,275.190734863,-488.395935059,-157.872695923,50.0539474487,-40.5125617981,-130.622543335,-210.463546753,123.986534119],[1385.74121094,1436.13110352,198.572570801,-60.4386749268,-36.6455955505,-14.3008317947,-33.2236328125,-47.4783554077,36.2476272583,22.2589817047,-16.1177482605,-22.6347980499,-16.2170162201],[-870.300170898,198.572570801,442.003997803,42.8746986389,103.010360718,-94.8422317505,87.0698852539,26.3609886169,-8.93841743469,10.9949092865,37.6203804016,37.1803627014,-52.6186218262],[149.396118164,-60.4386749268,42.8746986389,292.378692627,-55.3974685669,66.0373458862,-6.69341135025,35.0749931335,-19.3652076721,5.63279533386,18.0178375244,-17.4420223236,16.0715827942],[-602.199462891,-36.6455955505,103.010360718,-55.3974685669,228.08013916,-29.7967453003,92.8359985352,5.3765130043,-14.6897716522,1.57586765289,4.82554197311,44.759677887,-21.5904312134],[275.190734863,-14.3008317947,-94.8422317505,66.0373458862,-29.7967453003,166.55178833,-12.0074949265,4.0095205307,-9.97725391388,-13.9987955093,-4.40525245667,-18.0275115967,27.3150310516],[-488.395935059,-33.2236328125,87.0698852539,-6.69341135025,92.8359985352,-12.0074949265,164.140411377,40.188533783,-28.4708652496,1.2516810894,14.0543069839,25.5221328735,-30.9921989441],[-157.872695923,-47.4783554077,26.3609886169,35.0749931335,5.3765130043,4.0095205307,40.188533783,74.2995376587,11.6956710815,8.11438369751,11.596997261,-0.0389702729881,-2.10600018501],[50.0539474487,36.2476272583,-8.93841743469,-19.3652076721,-14.6897716522,-9.97725391388,-28.4708652496,11.6956710815,81.9087677002,24.1113357544,-2.23586726189,-1.63752806187,5.23231887817],[-40.5125617981,22.2589817047,10.9949092865,5.63279533386,1.57586765289,-13.9987955093,1.2516810894,8.11438369751,24.1113357544,60.3048934937,26.1199970245,3.99700570107,1.62588012218],[-130.622543335,-16.1177482605,37.6203804016,18.0178375244,4.82554197311,-4.40525245667,14.0543069839,11.596997261,-2.23586726189,26.1199970245,62.920085907,28.9240055084,-6.24173355103],[-210.463546753,-22.6347980499,37.1803627014,-17.4420223236,44.759677887,-18.0275115967,25.5221328735,-0.0389702729881,-1.63752806187,3.99700570107,28.9240055084,62.8514633179,8.42492675781],[123.986534119,-16.2170162201,-52.6186218262,16.0715827942,-21.5904312134,27.3150310516,-30.9921989441,-2.10600018501,5.23231887817,1.62588012218,-6.24173355103,8.42492675781,63.0981636047]],"icov":[[0.000164872501045,-0.000211511505768,0.000382520142011,-0.000170760875335,0.00012099910964,0.0000278929164779,0.000182325442438,0.0000345825537806,0.0000414369060309,0.000105390477984,0.00000817585532786,0.0000279267260339,0.0000951158654061],[-0.000211511505768,0.00112972815987,-0.00119221804198,0.000575127545744,0.000226721400395,-0.0004578322405,-0.000206942859222,0.000593481468968,-0.000317339407047,-0.000650563742965,0.000426813290687,0.000216486005229,-0.000184401171282],[0.000382520142011,-0.00119221804198,0.00498138787225,-0.00194698921405,-0.00113145401701,0.00234021316282,-0.000343569001416,-0.000471705046948,-0.00017650348309,0.00137615774292,-0.00162021012511,-0.000621736806352,0.00190911535174],[-0.000170760875335,0.000575127545744,-0.00194698921405,0.00520039489493,0.00112268410157,-0.00223618117161,0.000501764763612,-0.00207047956064,0.00170727772638,-0.00120380055159,-0.000598129467107,0.00114927894901,-0.00125848909374],[0.00012099910964,0.000226721400395,-0.00113145401701,0.00112268410157,0.00749266566709,-0.000876325648278,-0.00266058254056,0.000797624757979,0.000641821941826,-0.00187265698332,0.00356137170456,-0.00470662815496,0.00122972670943],[0.0000278929164779,-0.0004578322405,0.00234021316282,-0.00223618117161,-0.000876325648278,0.00895090866834,-0.001232309849,0.000344429980032,-0.000479552953038,0.00350467278622,-0.00321930483915,0.00329457200132,-0.00322871585377],[0.000182325442438,-0.000206942859222,-0.000343569001416,0.000501764763612,-0.00266058254056,-0.001232309849,0.0121649680659,-0.00698292208835,0.00500699365512,-0.00230149645358,0.00259191007353,-0.00410905852914,0.00498852320015],[0.0000345825537806,0.000593481468968,-0.000471705046948,-0.00207047956064,0.000797624757979,0.000344429980032,-0.00698292208835,0.0201717726886,-0.00632270984352,0.0018214515876,-0.00448869261891,0.00459939334542,-0.00299493758939],[0.0000414369060309,-0.000317339407047,-0.00017650348309,0.00170727772638,0.000641821941826,-0.000479552953038,0.00500699365512,-0.00632270984352,0.0179995782673,-0.00890986993909,0.00591927533969,-0.00395627925172,0.00178124266677],[0.000105390477984,-0.000650563742965,0.00137615774292,-0.00120380055159,-0.00187265698332,0.00350467278622,-0.00230149645358,0.0018214515876,-0.00890986993909,0.0274045653641,-0.0157809145749,0.008171425201,-0.00476708076894],[0.00000817585532786,0.000426813290687,-0.00162021012511,-0.000598129467107,0.00356137170456,-0.00321930483915,0.00259191007353,-0.00448869261891,0.00591927533969,-0.0157809145749,0.0331092849374,-0.0187359713018,0.00832298770547],[0.0000279267260339,0.000216486005229,-0.000621736806352,0.00114927894901,-0.00470662815496,0.00329457200132,-0.00410905852914,0.00459939334542,-0.00395627925172,0.008171425201,-0.0187359713018,0.0323131158948,-0.011762230657],[0.0000951158654061,-0.000184401171282,0.00190911535174,-0.00125848909374,0.00122972670943,-0.00322871585377,0.00498852320015,-0.00299493758939,0.00178124266677,-0.00476708076894,0.00832298770547,-0.011762230657,0.0240643247962]],"mean":[-749.536254883,177.436889648,42.6175346375,38.308265686,4.65114879608,17.3963661194,0.784873306751,3.72836256027,4.58080720901,3.74776649475,1.1418350935,-2.7004134655,1.56316113472]},"pitch_salience":{"dmean":0.077851459384,"dmean2":0.129413753748,"dvar":0.0042391824536,"dvar2":0.0117822717875,"max":0.996096074581,"mean":0.557266831398,"median":0.568561315536,"min":0.120086200535,"var":0.00994473975152},"silence_rate_20dB":{"dmean":0.000848596275318,"dmean2":0.00169731257483,"dvar":0.000847983174026,"dvar2":0.00240207370371,"max":1,"mean":0.99950504303,"median":1,"min":0,"var":0.000494783802424},"silence_rate_30dB":{"dmean":0.0627961233258,"dmean2":0.125601127744,"dvar":0.0588573366404,"dvar2":0.131451681256,"max":1,"mean":0.907650947571,"median":1,"min":0,"var":0.0838276818395},"silence_rate_60dB":{"dmean":0.0045258468017,"dmean2":0.00905233342201,"dvar":0.00450575491413,"dvar2":0.0108106136322,"max":1,"mean":0.0654080063105,"median":0,"min":0,"var":0.0611249096692},"spectral_centroid":{"dmean":93.3826980591,"dmean2":144.293716431,"dvar":37463.4765625,"dvar2":75570.1796875,"max":11432.9492188,"mean":424.292816162,"median":312.294311523,"min":105.921478271,"var":366443.03125},"spectral_complexity":{"dmean":1.78473937511,"dmean2":2.86789250374,"dvar":3.41580367088,"dvar2":7.69534635544,"max":36,"mean":8.51166725159,"median":8,"min":0,"var":21.2944908142},"spectral_contrast_coeffs":{"dmean":[0.0528062470257,0.0466813184321,0.0406733937562,0.0348418690264,0.0292139872909,0.0307177212089],"dmean2":[0.0875005424023,0.0782418474555,0.0665462687612,0.0561650283635,0.0466755591333,0.0477745942771],"dvar":[0.00164849369321,0.00141994690057,0.00107693776954,0.000810250639915,0.000582217238843,0.00113634241279],"dvar2":[0.00461049377918,0.00385822239332,0.00280503509566,0.00202501378953,0.001427390147,0.00259961932898],"max":[-0.37699919939,-0.422509908676,-0.550901472569,-0.633428573608,-0.667909085751,-0.346698760986],"mean":[-0.661569356918,-0.768602967262,-0.818495392799,-0.861326515675,-0.879074752331,-0.804967224598],"median":[-0.660527348518,-0.775864958763,-0.823565602303,-0.863447070122,-0.879729688168,-0.829594910145],"min":[-0.977548658848,-0.997586965561,-0.998807907104,-0.987417697906,-0.988128364086,-0.963700056076],"var":[0.00642606336623,0.00536694237962,0.00414515426382,0.00343455164693,0.00252371793613,0.00527940969914]},"spectral_contrast_valleys":{"dmean":[0.37145537138,0.379533410072,0.443638592958,0.529759824276,0.573150873184,0.646369338036],"dmean2":[0.616035461426,0.620515704155,0.701885163784,0.842209339142,0.909450948238,1.01737129688],"dvar":[0.0963763296604,0.103547237813,0.146068483591,0.230784207582,0.262234598398,0.280210137367],"dvar2":[0.249675914645,0.263227283955,0.364150285721,0.59763199091,0.687244951725,0.736083447933],"max":[-4.62997484207,-4.61719512939,-5.60665082932,-6.04236078262,-6.02643156052,-8.56129169464],"mean":[-6.54267597198,-6.8690404892,-7.95233345032,-8.61554050446,-8.78221225739,-11.2408351898],"median":[-6.24625492096,-6.57695484161,-7.68202877045,-8.33946990967,-8.53792095184,-11.0547714233],"min":[-27.8320827484,-27.8930168152,-27.5230960846,-27.8738079071,-27.4910354614,-27.3448314667],"var":[2.39402723312,2.61090946198,2.41481471062,2.34517669678,2.15748643875,1.7608486414]},"spectral_decrease":{"dmean":4.36235714218e-9,"dmean2":6.94125734668e-9,"dvar":3.83443113282e-17,"dvar2":9.55368262685e-17,"max":4.19907175697e-9,"mean":-9.2336636115e-9,"median":-7.23481496934e-9,"min":-1.19615307881e-7,"var":7.90143898411e-17},"spectral_energy":{"dmean":0.0173702929169,"dmean2":0.0272456426173,"dvar":0.000615957542323,"dvar2":0.00149512919597,"max":0.492416381836,"mean":0.0521721802652,"median":0.0445840805769,"min":9.89123754901e-21,"var":0.00168817094527},"spectral_energyband_high":{"dmean":0.0000904854241526,"dmean2":0.000129093590658,"dvar":1.90202882777e-7,"dvar2":3.28754452994e-7,"max":0.0283334255219,"mean":0.000171502266312,"median":0.0000536299412488,"min":7.05882088202e-21,"var":5.09569758833e-7},"spectral_energyband_low":{"dmean":0.0139677487314,"dmean2":0.0222864188254,"dvar":0.0004507926933,"dvar2":0.00114500813652,"max":0.361512094736,"mean":0.0274611227214,"median":0.0208880770952,"min":2.01110952777e-23,"var":0.000722018361557},"spectral_energyband_middle_high":{"dmean":0.000478643603856,"dmean2":0.000731615757104,"dvar":0.00000169858776644,"dvar2":0.00000384031136491,"max":0.0621325336397,"mean":0.000992101617157,"median":0.000263241730863,"min":1.04987253724e-21,"var":0.00000550769800611},"spectral_energyband_middle_low":{"dmean":0.00688389828429,"dmean2":0.0109994709492,"dvar":0.000103266494989,"dvar2":0.000246954034083,"max":0.310288518667,"mean":0.0175663046539,"median":0.0118725299835,"min":1.93066310193e-22,"var":0.000370807858417},"spectral_entropy":{"dmean":0.398468226194,"dmean2":0.628874838352,"dvar":0.126033350825,"dvar2":0.323487907648,"max":9.81506156921,"mean":6.73883056641,"median":6.75099229813,"min":4.72864580154,"var":0.378738075495},"spectral_flux":{"dmean":0.0276702269912,"dmean2":0.045232642442,"dvar":0.00102684542071,"dvar2":0.00227025989443,"max":0.537237346172,"mean":0.106403149664,"median":0.100542314351,"min":6.51031797916e-11,"var":0.0032397529576},"spectral_kurtosis":{"dmean":8.29654121399,"dmean2":13.3711194992,"dvar":132.651062012,"dvar2":351.248504639,"max":155.462890625,"mean":18.9032936096,"median":14.9562454224,"min":-1.27186262608,"var":193.739990234},"spectral_rms":{"dmean":0.00108288018964,"dmean2":0.00167901010718,"dvar":0.00000138969994623,"dvar2":0.00000324696407006,"max":0.0219181701541,"mean":0.00653969077393,"median":0.00659519992769,"min":3.10644305418e-12,"var":0.00000813182941783},"spectral_rolloff":{"dmean":5997.61376953,"dmean2":11837.0615234,"dvar":86371184,"dvar2":205612336,"max":22050,"mean":12297.3408203,"median":21511.6699219,"min":43.06640625,"var":110228624},"spectral_skewness":{"dmean":0.703593313694,"dmean2":1.11385118961,"dvar":0.614432215691,"dvar2":1.61383926868,"max":10.6466169357,"mean":3.26789593697,"median":3.05216693878,"min":-0.070450052619,"var":1.34152400494},"spectral_spread":{"dmean":766089.8125,"dmean2":1206896.75,"dvar":537276121088,"dvar2":1272884756480,"max":42613132,"mean":4326843,"median":4198225.5,"min":982029.625,"var":3913032400900},"spectral_strongpeak":{"dmean":3.15406298637,"dmean2":5.97712039948,"dvar":200.379760742,"dvar2":563.691040039,"max":216.48046875,"mean":2.53980946541,"median":0.350636005402,"min":0,"var":154.253082275},"zerocrossingrate":{"dmean":0.0455140545964,"dmean2":0.0613494664431,"dvar":0.00140021403786,"dvar2":0.00250335643068,"max":0.72314453125,"mean":0.264887481928,"median":0.25634765625,"min":0.00830078125,"var":0.00832938030362}},"metadata":{"audio_properties":{"analysis_sample_rate":44100,"bit_rate":256000,"codec":"mp3","downmix":"mix","equal_loudness":0,"length":328.334136963,"lossless":false,"md5_encoded":"491203d09dc57b30103e9a9a29c69bed","replay_gain":-2.85406112671},"tags":{"album":["The Very Best of Fleetwood Mac"],"albumartist":["Fleetwood Mac"],"albumartistsort":["Fleetwood Mac"],"artist":["Fleetwood Mac"],"asin":["B00006JL1Z"],"barcode":["081227377526"],"catalognumber":["8122-73775-2"],"composer":[""],"conductor":[""],"copyright":["2002 Warner Strategic Marketing. Warner Music Group, an AOL Time Warner Co."],"date":["2002"],"discnumber":["1/2"],"file_name":"1-17. Storms.mp3","genre":["Rock"],"label":["Warner Strategic Marketing"],"language":["eng"],"media":["CD"],"musicbrainz album release country":["DE"],"musicbrainz album status":["official"],"musicbrainz album type":["compilation"],"musicbrainz_albumartistid":["bd13909f-1c29-4c27-a874-d4aaf27c5b1a"],"musicbrainz_albumid":["58213b53-f5c1-374e-b583-0ecd95a7c620"],"musicbrainz_artistid":["bd13909f-1c29-4c27-a874-d4aaf27c5b1a"],"musicbrainz_recordingid":["c3f6fd5d-4432-4c4f-98d6-d11b726688e2"],"script":["Latn"],"title":["Storms"],"tracknumber":["17/17"]},"version":{"essentia":"2.1-beta1","essentia_build_sha":"12879b851c9f4b0d899e1af4e221aa110f283a84","essentia_git_sha":"v2.1_beta1-7-ge0e83e8-dirty","extractor":"music 1.0"}},"rhythm":{"beats_count":589,"beats_loudness":{"dmean":0.0270653609186,"dmean2":0.0463748164475,"dvar":0.000815728213638,"dvar2":0.00220753066242,"max":0.269966691732,"mean":0.0713154748082,"median":0.0661761984229,"min":3.46516726424e-9,"var":0.00202272157185},"beats_loudness_band_ratio":{"dmean":[0.164878845215,0.111485563219,0.0403556935489,0.0138476155698,0.0039246189408,0.0879005789757],"dmean2":[0.278991311789,0.199234426022,0.071160659194,0.025009740144,0.00693940976635,0.15