{"lowlevel":{"average_loudness":0.947620153427,"barkbands":{"dmean":[0.000665555940941,0.00304501224309,0.00236013229005,0.000497645058203,0.000810318859294,0.000827420735732,0.00126964005176,0.00135668180883,0.00139298208524,0.000834397505969,0.0013424186036,0.00138443638571,0.00105798023287,0.000889047107194,0.000632717565168,0.000404776015785,0.000172269181348,0.000228421893553,0.000156144917128,0.0000956459916779,0.000112563982839,0.000141440104926,0.0000949900786509,0.0000404551756219,0.00000200882504942,0.0000797314351075,0.000371916336007],"dmean2":[0.00113712681923,0.00504623772576,0.00412156898528,0.000839760003146,0.00133629469201,0.00138880987652,0.00209564832039,0.00221542478539,0.00232706218958,0.00140759756323,0.00228475802578,0.00227533211,0.0017725720536,0.00147908797953,0.00103362067603,0.000664358783979,0.000270553369774,0.000345926091541,0.000235859755776,0.000134962887387,0.000141099983011,0.00017068166926,0.000110245979158,0.0000473174222861,0.00000337043115906,0.0000894444528967,0.000547553179786],"dvar":[0.00000416021703131,0.0000627276895102,0.0000491952887387,0.00000103677677998,0.00000135736081575,0.00000197810550162,0.0000070738683462,0.00000817742056824,0.0000041876337491,0.00000132769389438,0.00000306941569761,0.00000350850291397,0.0000018786771534,0.00000127529585825,8.33790124943e-7,2.50759541132e-7,7.97959742727e-8,1.12981375366e-7,6.00871743472e-8,3.34001484248e-8,3.22790292273e-8,5.05222352842e-8,2.40738362578e-8,4.50574200173e-9,9.83386289066e-12,1.62279736315e-8,1.50853452396e-7],"dvar2":[0.0000108027479655,0.000156098292791,0.000137951428769,0.00000277945514426,0.00000347734726347,0.00000503451428813,0.0000180275928869,0.0000202093106054,0.0000110767823571,0.00000360075409844,0.00000838653795654,0.00000923891730054,0.00000519299828738,0.00000343439774042,0.00000218047102862,6.44249666948e-7,1.90380745835e-7,2.55746954281e-7,1.33984727313e-7,7.5778970654e-8,5.64387931945e-8,8.30141360098e-8,3.54737146324e-8,6.9382646295e-9,2.58506757667e-11,2.25026646206e-8,3.19243468994e-7],"max":[0.0334523133934,0.178247794509,0.0968945547938,0.0180493909866,0.0169047638774,0.0246962253004,0.0706147477031,0.056639149785,0.0294008199126,0.0192618705332,0.0395062379539,0.0414907746017,0.0225094500929,0.0209149904549,0.0210751034319,0.00793873984367,0.00514979939908,0.00756072672084,0.00471194181591,0.0061374460347,0.00360679603182,0.00240973313339,0.00160007493105,0.000687823980115,0.0000329132453771,0.00118581636343,0.00645890552551],"mean":[0.000635040982161,0.00372464116663,0.00233364710584,0.000634236435872,0.00130401761271,0.00123799371067,0.00194399803877,0.00205476931296,0.00227193022147,0.00140001345426,0.00222016638145,0.00246433354914,0.00192775763571,0.00172471464612,0.00123387179337,0.000852311379276,0.000346050830558,0.000473585678264,0.00033759031794,0.000199374990189,0.000207165299798,0.000223045150051,0.000143502446008,0.0000566015478398,0.00000202396336135,0.000119149292004,0.00126833375543],"median":[0.000121495402709,0.00112154847011,0.000568286632188,0.000241020272369,0.000729116378352,0.000716874550562,0.00074787705671,0.000753351137973,0.00141029478982,0.0010130519513,0.00161349331029,0.00167881511152,0.00140507495962,0.00127778272144,0.000886821653694,0.000644806888886,0.000182377785677,0.000305186636979,0.000211761594983,0.0000919191006687,0.0000563562571188,0.0000403588383051,0.0000186176184798,0.00000717688271834,8.6835939328e-7,0.0000150175310409,0.00113152014092],"min":[1.93364676482e-18,3.18207716932e-18,2.53620482767e-18,3.03433216537e-18,1.0714276087e-17,1.65151340769e-17,2.34318132183e-17,3.07130639429e-17,5.42089737325e-17,6.40946588639e-17,6.92146223055e-17,8.88218997872e-17,9.16861615507e-17,9.35578131966e-17,1.18919442093e-16,1.78814571161e-16,2.54781263666e-16,2.82064936051e-16,1.37391046915e-16,2.23099610931e-17,1.43383527085e-16,2.1787353676e-16,7.70127186378e-17,1.27418464806e-16,1.0456407858e-15,2.02090562743e-15,5.32463915946e-16],"var":[0.00000362138121091,0.0000729896928533,0.0000421661607106,0.00000129086470224,0.00000258327031588,0.00000308498169943,0.00001300772783,0.0000165745168488,0.00000738058042771,0.00000207389462048,0.00000510953805133,0.00000753337508286,0.00000368411815543,0.00000277235108115,0.00000189637773929,6.48420041216e-7,2.30077475294e-7,3.41928057424e-7,1.91293310081e-7,9.82191750154e-8,1.12700320187e-7,1.24600177287e-7,5.68060620765e-8,9.79192726902e-9,1.01337211192e-11,3.94027139805e-8,8.48709987622e-7]},"barkbands_crest":{"dmean":2.40462064743,"dmean2":4.03980588913,"dvar":5.71691322327,"dvar2":15.3037919998,"max":24.340385437,"mean":6.79423093796,"median":5.86818170547,"min":2.04191732407,"var":11.2913713455},"barkbands_flatness_db":{"dmean":0.0204046461731,"dmean2":0.0297189839184,"dvar":0.000351051217876,"dvar2":0.000799280358478,"max":0.500656247139,"mean":0.101852551103,"median":0.0983212739229,"min":0.0209071002901,"var":0.00191110931337},"barkbands_kurtosis":{"dmean":1.86085700989,"dmean2":2.99750852585,"dvar":38.0718040466,"dvar2":106.077095032,"max":228.45350647,"mean":3.15339970589,"median":1.65030431747,"min":-1.65492904186,"var":138.449890137},"barkbands_skewness":{"dmean":0.385639756918,"dmean2":0.614757537842,"dvar":0.188884750009,"dvar2":0.475738376379,"max":12.0632667542,"mean":1.12229204178,"median":1.02347230911,"min":-1.41202282906,"var":0.795822203159},"barkbands_spread":{"dmean":6.74966812134,"dmean2":10.2936620712,"dvar":39.4193840027,"dvar2":87.1222610474,"max":91.717414856,"mean":31.3020935059,"median":30.1335868835,"min":0.29079785943,"var":157.290039062},"dissonance":{"dmean":0.0158287193626,"dmean2":0.0273454133421,"dvar":0.000253657490248,"dvar2":0.000721831049304,"max":0.500000119209,"mean":0.477161347866,"median":0.483000695705,"min":0.310519725084,"var":0.000402279110858},"dynamic_complexity":2.38404417038,"erbbands":{"dmean":[0.112858921289,0.664718687534,2.36672997475,2.12202811241,1.92924880981,2.88477778435,6.36913442612,6.51797246933,13.6682338715,24.9673843384,28.7395534515,34.9293746948,24.8079433441,30.0247325897,58.0871887207,47.2989807129,46.8560523987,39.1263465881,42.1337051392,25.7722682953,16.6884002686,9.40753650665,10.6500043869,11.4423046112,5.65369033813,4.64440059662,4.18721675873,4.8656039238,4.99573373795,4.40724468231,2.47029805183,1.3532088995,0.370434254408,0.035185366869,0.0153466137126,0.0597060360014,0.189063310623,0.145206943154,0.0261936336756,0.00795139465481],"dmean2":[0.193484067917,1.08724534512,4.11005401611,3.57699394226,3.24014425278,4.74895429611,10.6979942322,10.9292936325,22.4960651398,40.7081375122,47.1072463989,58.7740364075,41.7969932556,50.6612052917,98.0739746094,78.0953369141,78.2329864502,65.5992279053,69.3192443848,42.1130867004,26.613407135,14.3419427872,15.906879425,17.5397148132,8.21071910858,6.54631280899,5.50018596649,6.09844779968,6.15289783478,5.25894594193,2.87342691422,1.56135165691,0.442141264677,0.0510903708637,0.0248892866075,0.0729431211948,0.213630318642,0.166063383222,0.0307620763779,0.0122437458485],"dvar":[0.11531470716,2.58087062836,40.8639717102,33.7107162476,10.4794502258,20.9355564117,128.931060791,107.573402405,810.621459961,2489.93334961,3773.28808594,2903.57543945,1272.61035156,1672.17456055,7799.78417969,3902.67333984,4043.64672852,2228.75854492,3516.61914062,1010.35693359,483.187744141,235.732589722,272.519836426,303.26751709,93.2434997559,78.0479278564,49.4388923645,60.1021385193,64.7134094238,52.3865890503,16.4074859619,5.05740785599,0.371974736452,0.00217192829587,0.000496240099892,0.00951329432428,0.0953346788883,0.0528731569648,0.00145202886779,0.0000650329384371],"dvar2":[0.312264353037,6.36659765244,116.258125305,89.9043273926,27.8897266388,51.9760856628,336.932891846,279.662567139,2079.69165039,6181.62158203,9392.4140625,7729.16699219,3456.0078125,4434.99951172,21303.4003906,10275.5839844,11156.6826172,6050.27246094,9171.34570312,2600.17700195,1201.90856934,541.458129883,609.797790527,711.813781738,198.234527588,177.273284912,91.7037887573,106.701881409,110.792579651,84.0069656372,24.4144439697,7.69932222366,0.571292936802,0.00461869733408,0.00127920205705,0.0155029259622,0.136042043567,0.078846603632,0.00217875442468,0.000152189750224],"max":[4.68949222565,47.1955871582,88.4440155029,85.2090454102,61.2606697083,79.446395874,209.330688477,165.794158936,825.613647461,960.002624512,1317.73217773,890.309753418,714.784790039,976.677124023,2378.17358398,1023.56414795,913.340942383,736.277893066,1088.67321777,568.226196289,368.162872314,309.022644043,323.362579346,431.578674316,207.865081787,304.421691895,148.136322021,131.908721924,99.8270797729,75.8018798828,41.813873291,24.2421150208,6.65589570999,0.596547961235,0.241354063153,1.16253721714,3.05094361305,2.2734746933,0.705331385136,0.13204318285],"mean":[0.119619451463,0.809441745281,2.45340251923,2.57834291458,2.68174600601,4.45130205154,8.92401313782,9.90575695038,20.8144550323,39.2230072021,45.9972419739,55.6515579224,44.3605232239,56.9349403381,107.004829407,91.4237594604,91.1013336182,83.1143417358,84.5830688477,56.7388114929,38.0469322205,20.6564750671,22.6944713593,24.8863582611,12.7285289764,9.64574050903,8.1768693924,8.48418807983,7.91909599304,6.63637018204,3.71050930023,1.91877841949,0.518258929253,0.0463957749307,0.0178269855678,0.0822261199355,0.277189701796,0.230242401361,0.0616335347295,0.0372043661773],"median":[0.0281106773764,0.257228255272,0.724583625793,0.820433020592,1.47477543354,2.20761013031,4.594830513,5.90341997147,8.95108699799,15.6107845306,19.7229633331,34.2859153748,31.8155937195,44.5729751587,78.564743042,66.1702651978,67.1798248291,67.568939209,60.6146583557,45.1042709351,27.4631385803,11.4335536957,13.9554462433,16.799287796,7.4063334465,4.46358346939,2.50336170197,2.18536043167,1.55045068264,0.899734377861,0.475194752216,0.220007091761,0.0812006592751,0.020022585988,0.00951837562025,0.0157433636487,0.0314887240529,0.0391274318099,0.0289813913405,0.0350734069943],"min":[1.11381206204e-16,6.67730207183e-16,2.54869778609e-15,7.25175314627e-15,1.78017441689e-14,3.92652727552e-14,8.03266009481e-14,1.54026653086e-13,2.78948251217e-13,4.7862435586e-13,7.79123022609e-13,1.20139662108e-12,1.75173471648e-12,2.40285309011e-12,3.08677237416e-12,3.70516551468e-12,4.19534285784e-12,4.66508385741e-12,5.5394118112e-12,7.50646940439e-12,1.09232770398e-11,1.46639991816e-11,1.56225189035e-11,1.11670880876e-11,3.93690332071e-12,1.08142130233e-12,4.01951215367e-12,6.83599964829e-12,7.84187038222e-12,5.46193949444e-12,1.69855698517e-12,1.88991574127e-12,2.87041462647e-12,9.32722215435e-12,9.4408812365e-12,9.3282525801e-12,3.7606428388e-12,4.31464542913e-13,9.44287711717e-14,6.47362251763e-15],"var":[0.100847147405,3.20947241783,35.6807975769,34.9739265442,14.3687448502,40.4288444519,182.991348267,169.677764893,1414.98754883,5021.03515625,7474.20019531,4701.97509766,2117.60375977,2865.55200195,14075.8330078,8266.87695312,8291.546875,4989.28662109,8178.34082031,2596.71508789,1433.46557617,759.053771973,842.721130371,907.698547363,315.292388916,224.690002441,180.299423218,185.77935791,157.374221802,118.935585022,38.2966423035,11.2253170013,0.793001651764,0.00383654725738,0.000584696535952,0.0192605145276,0.22300671041,0.131227388978,0.00644195871428,0.000516681524459]},"erbbands_crest":{"dmean":2.31227564812,"dmean2":3.8846142292,"dvar":4.50518894196,"dvar2":12.2801780701,"max":24.6788291931,"mean":7.82955312729,"median":7.19216489792,"min":2.47958707809,"var":9.30459594727},"erbbands_flatness_db":{"dmean":0.022580826655,"dmean2":0.0305122062564,"dvar":0.000408118678024,"dvar2":0.000724198820535,"max":0.326891928911,"mean":0.166297823191,"median":0.166360467672,"min":0.0392167195678,"var":0.00222251331434},"erbbands_kurtosis":{"dmean":0.866747140884,"dmean2":1.39090883732,"dvar":0.827076137066,"dvar2":2.07989287376,"max":18.258731842,"mean":0.941556036472,"median":0.595743298531,"min":-1.41640746593,"var":2.18653678894},"erbbands_skewness":{"dmean":0.339249640703,"dmean2":0.537616550922,"dvar":0.082299746573,"dvar2":0.202693089843,"max":3.63507628441,"mean":0.163480892777,"median":0.147921949625,"min":-1.90862381458,"var":0.277097284794},"erbbands_spread":{"dmean":5.02618598938,"dmean2":7.14459037781,"dvar":28.3350200653,"dvar2":53.0805473328,"max":95.1828536987,"mean":21.1660079956,"median":18.2810001373,"min":2.86613750458,"var":122.493721008},"gfcc":{"cov":[[7431.60742188,-1466.44458008,-636.710205078,368.795349121,-216.25994873,-36.5414581299,158.28729248,-154.595870972,130.619140625,52.2984466553,-27.0970478058,233.101516724,-342.524139404],[-1466.44458008,1588.02624512,61.8364105225,-538.229309082,316.888885498,-149.856872559,-32.8176765442,37.3774223328,-37.7875366211,-17.1016330719,145.951080322,-266.74105835,232.345306396],[-636.710205078,61.8364105225,491.448303223,189.76171875,-103.445480347,181.635543823,-53.1943016052,64.3677444458,-13.1848087311,19.9034194946,-57.0209503174,34.0433540344,-29.4405021667],[368.795349121,-538.229309082,189.76171875,507.807952881,-68.1344451904,78.2503204346,69.1224975586,3.46423435211,17.4082641602,28.2631244659,-71.1329116821,125.712295532,-133.082000732],[-216.25994873,316.888885498,-103.445480347,-68.1344451904,238.825820923,-19.0762310028,49.2956085205,-9.83971595764,-13.3965816498,-28.3480224609,32.588054657,-59.3565750122,75.8710708618],[-36.5414581299,-149.856872559,181.635543823,78.2503204346,-19.0762310028,219.810134888,-6.5927863121,26.5182170868,-3.16828942299,-6.15710401535,-44.9080543518,45.8705101013,-13.6267690659],[158.28729248,-32.8176765442,-53.1943016052,69.1224975586,49.2956085205,-6.5927863121,127.101478577,1.0334135294,36.0110969543,-1.92342364788,-0.723518013954,20.8612365723,-12.8389558792],[-154.595870972,37.3774223328,64.3677444458,3.46423435211,-9.83971595764,26.5182170868,1.0334135294,99.731300354,20.5875511169,34.2089118958,13.3368253708,-12.3673744202,16.8550891876],[130.619140625,-37.7875366211,-13.1848087311,17.4082641602,-13.3965816498,-3.16828942299,36.0110969543,20.5875511169,92.8196868896,36.6694564819,7.366314888,24.0021724701,-27.5786571503],[52.2984466553,-17.1016330719,19.9034194946,28.2631244659,-28.3480224609,-6.15710401535,-1.92342364788,34.2089118958,36.6694564819,82.3760910034,43.7199783325,8.19075012207,-11.8578243256],[-27.0970478058,145.951080322,-57.0209503174,-71.1329116821,32.588054657,-44.9080543518,-0.723518013954,13.3368253708,7.366314888,43.7199783325,84.6076965332,-8.46255207062,28.6355953217],[233.101516724,-266.74105835,34.0433540344,125.712295532,-59.3565750122,45.8705101013,20.8612365723,-12.3673744202,24.0021724701,8.19075012207,-8.46255207062,105.12877655,-28.9429225922],[-342.524139404,232.345306396,-29.4405021667,-133.082000732,75.8710708618,-13.6267690659,-12.8389558792,16.8550891876,-27.5786571503,-11.8578243256,28.6355953217,-28.9429225922,118.084213257]],"icov":[[0.000212337297853,-0.0000984716316452,0.000621421495453,-0.000226070580538,0.000290175084956,-0.00036459590774,0.0000274364847428,0.0000373275870515,0.0000253567541222,-0.000138467934448,0.0000676108247717,-0.000208150508115,0.000403566722525],[-0.0000984716316452,0.006900312379,-0.00936812255532,0.00599698303267,-0.00674825208262,0.00613670516759,-0.00296919606626,0.00256691197865,-0.00267270812765,0.0030768555589,-0.00782822631299,0.00725829368457,-0.00172287947498],[0.000621421495453,-0.00936812255532,0.0187089107931,-0.0119007471949,0.0126348314807,-0.0129558295012,0.00594935519621,-0.00387190515175,0.00177297228947,-0.00242684502155,0.0084868138656,-0.00539428275079,-0.000135800932185],[-0.000226070580538,0.00599698303267,-0.0119007471949,0.0155453011394,-0.0128258969635,0.0102331293747,-0.00586532009766,-0.0011057946831,0.00647563394159,-0.00787111930549,0.00492175156251,-0.00777510832995,0.00866166874766],[0.000290175084956,-0.00674825208262,0.0126348314807,-0.0128258969635,0.02015838027,-0.0117896320298,0.000880216772202,0.00184195605107,-0.00439308444038,0.00732225831598,-0.00442668190226,0.00764379836619,-0.00900862179697],[-0.00036459590774,0.00613670516759,-0.0129558295012,0.0102331293747,-0.0117896320298,0.0162567924708,-0.00326461461373,-0.00129032705445,0.00259704748169,-0.00266871997155,0.00215045153163,-0.00423912191764,0.00322872423567],[0.0000274364847428,-0.00296919606626,0.00594935519621,-0.00586532009766,0.000880216772202,-0.00326461461373,0.0141281802207,-0.00217356602661,-0.00491066277027,0.00301417079754,0.00123709754553,-0.00268791313283,-0.000104091603134],[0.0000373275870515,0.00256691197865,-0.00387190515175,-0.0011057946831,0.00184195605107,-0.00129032705445,-0.00217356602661,0.0176067594439,-0.00698070554063,-0.000320873688906,-0.00740985153243,0.0118794590235,-0.00818985141814],[0.0000253567541222,-0.00267270812765,0.00177297228947,0.00647563394159,-0.00439308444038,0.00259704748169,-0.00491066277027,-0.00698070554063,0.0260340459645,-0.0186347812414,0.0167482178658,-0.0183726511896,0.012301701121],[-0.000138467934448,0.0030768555589,-0.00242684502155,-0.00787111930549,0.00732225831598,-0.00266871997155,0.00301417079754,-0.000320873688906,-0.0186347812414,0.0413293130696,-0.032837703824,0.0191302523017,-0.00812059268355],[0.0000676108247717,-0.00782822631299,0.0084868138656,0.00492175156251,-0.00442668190226,0.00215045153163,0.00123709754553,-0.00740985153243,0.0167482178658,-0.032837703824,0.0487296581268,-0.0279286634177,0.0094980513677],[-0.000208150508115,0.00725829368457,-0.00539428275079,-0.00777510832995,0.00764379836619,-0.00423912191764,-0.00268791313283,0.0118794590235,-0.0183726511896,0.0191302523017,-0.0279286634177,0.0431988686323,-0.0173901896924],[0.000403566722525,-0.00172287947498,-0.000135800932185,0.00866166874766,-0.00900862179697,0.00322872423567,-0.000104091603134,-0.00818985141814,0.012301701121,-0.00812059268355,0.0094980513677,-0.0173901896924,0.0255674328655]],"mean":[27.457490921,79.1220397949,-116.93977356,-23.1722316742,-16.4655036926,-11.3677043915,2.85498738289,-21.0746994019,3.23729515076,-9.44258880615,-4.41445636749,-1.87233936787,-12.5723371506]},"hfc":{"dmean":31.7213382721,"dmean2":49.5525283813,"dvar":810.889465332,"dvar2":1968.00183105,"max":516.28527832,"mean":169.699417114,"median":170.577606201,"min":5.61627723494e-11,"var":5523.36132812},"melbands":{"dmean":[0.000921705970541,0.00107689388096,0.000354500371031,0.000159787145094,0.000200920170755,0.000149284955114,0.000224589879508,0.000276339211268,0.000238040418481,0.000219971101615,0.00012488241191,0.000120509881526,0.000201614879188,0.0001581813558,0.000123723686556,0.000105727507616,0.0000751797342673,0.0000796472741058,0.0000427478880738,0.0000351460257662,0.0000185563658306,0.0000108209715108,0.00000965741037362,0.0000114324138849,0.0000100515271697,0.00000532179592483,0.00000335504273608,0.00000333661932927,0.00000274286958302,0.00000289805052489,0.00000296869961858,0.00000274563331004,0.00000314797216561,0.00000226139013648,0.00000150285552536,0.00000114048009436,7.25244092337e-7,3.09011568334e-7,7.07265854771e-8,1.82938819648e-8],"dmean2":[0.00154079077765,0.00182251422666,0.000594655692112,0.000263728841674,0.000334639335051,0.000250957091339,0.000368900684407,0.000448265578598,0.000392935296986,0.000369821471395,0.000211121659959,0.000203755160328,0.000341096107149,0.000261491106357,0.000206893339055,0.000178852205863,0.000126429658849,0.000132110464619,0.0000695717826602,0.0000581248532399,0.0000296539164992,0.0000170467719727,0.000014821061086,0.0000176413741428,0.0000157279464474,0.00000804360934126,0.00000500595479025,0.000004878625532,0.00000383571068596,0.00000390177910958,0.00000392276251659,0.0000035129569369,0.00000400397948397,0.00000279177402263,0.00000182067844889,0.00000137191750582,8.65722370236e-7,3.77453801548e-7,1.00477393516e-7,3.07305576541e-8],"dvar":[0.00000669481960358,0.0000064914243012,8.49051275509e-7,5.74883429749e-8,1.10494653427e-7,5.49598127009e-8,2.28599205343e-7,3.06821874574e-7,2.60943380681e-7,1.15075735607e-7,3.26619336022e-8,2.81598655505e-8,7.44006172226e-8,4.97407910416e-8,2.94533553102e-8,2.09998454181e-8,8.29580937278e-9,1.27938619698e-8,3.96851573825e-9,1.84230264377e-9,6.85527024036e-10,3.30731331211e-10,2.69704480971e-10,2.85590745497e-10,2.41629521947e-10,7.82479844808e-11,4.38067915276e-11,3.91901129604e-11,2.31310647719e-11,2.46673671073e-11,2.335098781e-11,2.02467053539e-11,2.84701377057e-11,1.44251581166e-11,6.3190871806e-12,3.8238713411e-12,1.52380126746e-12,2.69701226413e-13,1.45040975215e-14,8.30580549864e-16],"dvar2":[0.0000172163327079,0.0000179184244189,0.00000225396047426,1.5025595701e-7,2.87390378162e-7,1.41693419664e-7,5.84443171192e-7,7.57734824219e-7,6.45986460768e-7,3.06811813289e-7,8.83551152242e-8,7.48165973619e-8,2.04387475833e-7,1.33954429771e-7,7.77437776378e-8,5.84091850442e-8,2.25215259775e-8,3.36669110368e-8,1.02220960585e-8,4.87236340163e-9,1.73427949779e-9,8.02073241157e-10,6.44969910812e-10,6.83649026278e-10,5.87140780439e-10,1.80972806185e-10,1.03494178505e-10,9.21690362921e-11,4.832682865e-11,4.95902728603e-11,4.42496143893e-11,3.70306806052e-11,5.18965322105e-11,2.43164863245e-11,1.0329744872e-11,6.18929647117e-12,2.50271851854e-12,4.40163964305e-13,2.96006878134e-14,2.1866608696e-15],"max":[0.0438502803445,0.0373848229647,0.0135060902685,0.00451182806864,0.00562901934609,0.00386270182207,0.0142905022949,0.0117089021951,0.0119005180895,0.00566436583176,0.00361403916031,0.003951003775,0.00634370232001,0.00490447599441,0.00223235553131,0.00293291546404,0.00163128587883,0.00174384040292,0.00190949987154,0.000633446790744,0.000391487992601,0.000365131534636,0.000288401497528,0.000302367465338,0.000367676984752,0.000172841435415,0.000189640457393,0.000201056507649,0.0000980261393124,0.0000949431487243,0.0000787419703556,0.000066065651481,0.0000564477923035,0.00003934383858,0.0000281575303234,0.0000205314372579,0.0000144093273775,0.0000058217960941,0.00000154802125962,3.02955157849e-7],"mean":[0.00109265279025,0.00123311777133,0.000462042400613,0.000246399751632,0.000297147722449,0.000227339260164,0.000345301319612,0.000435802474385,0.000375107920263,0.000345523236319,0.000211104750633,0.00021420729172,0.000348786648829,0.000285059562884,0.000211816775845,0.000193249012227,0.000147207203554,0.000146547419718,0.0000848868949106,0.0000691724562785,0.0000382722682843,0.0000210852358578,0.0000182849889825,0.0000229357174248,0.0000204363313969,0.0000108001486296,0.00000677212074152,0.00000635703236185,0.00000504991066919,0.00000498834469909,0.00000487828810947,0.00000428778639616,0.00000458525073554,0.00000330229431711,0.00000220784272642,0.00000160454442266,9.99359144771e-7,4.24232098339e-7,8.76776553582e-8,1.82111996594e-8],"median":[0.000304154556943,0.000414264941355,0.000174244923983,0.000136896502227,0.000156881607836,0.000135558162583,0.000141297117807,0.000171805004356,0.000156102280016,0.000212772545638,0.000146292833961,0.000162366748555,0.000255630293395,0.000194913154701,0.00013747549383,0.000143545301398,0.000114779722935,0.0000989139516605,0.000061025195464,0.0000536181614734,0.0000254655096796,0.0000110942992251,0.00000887677015271,0.0000148205581354,0.0000134423480631,0.00000618252488493,0.00000336270227308,0.00000276589457826,0.00000158139323503,0.00000126982376969,0.00000121133450648,9.10177050173e-7,6.47942385967e-7,4.2756869334e-7,2.88392698167e-7,1.76528928364e-7,1.15483672403e-7,6.2235088194e-8,2.34654997655e-8,7.60391039023e-9],"min":[1.02931584371e-18,1.19343540488e-18,1.51366990043e-18,1.98597834627e-18,2.65518338505e-18,3.45978879112e-18,4.4336061924e-18,5.53069625242e-18,6.66395064882e-18,7.79138541602e-18,8.78298554611e-18,9.52105481846e-18,9.92249632308e-18,9.92712439861e-18,9.57751320399e-18,9.02387129384e-18,8.56172962151e-18,8.55568044969e-18,9.33968967889e-18,1.09876022039e-17,1.31471672969e-17,1.49304694359e-17,1.51879393277e-17,1.3088788198e-17,8.88096178095e-18,4.11253148815e-18,9.67040000331e-19,5.75304322826e-19,2.03697258347e-18,3.47447993239e-18,4.14379932889e-18,4.4811144837e-18,4.15521773007e-18,2.56189705749e-18,9.82780006617e-19,6.48261187564e-19,1.36336880498e-18,1.98147414104e-18,2.10229110733e-18,1.02776297755e-17],"var":[0.00000698254098097,0.00000651268373986,9.36501521664e-7,9.92978499426e-8,1.74394159558e-7,8.81748007941e-8,4.12405370298e-7,6.38048618384e-7,5.27045699528e-7,1.83891557981e-7,5.27245980209e-8,4.59923228391e-8,1.29343163735e-7,1.0627358904e-7,5.33652837476e-8,3.77015787478e-8,1.73476149001e-8,2.70855693429e-8,9.32779187224e-9,4.07821554305e-9,1.79641335141e-9,8.87255047211e-10,6.84665768524e-10,7.98078492181e-10,6.38122776841e-10,2.22249108006e-10,1.14280258867e-10,1.01824451648e-10,7.2593375755e-11,7.17827047803e-11,6.23676041367e-11,4.75382060106e-11,5.79716691318e-11,3.07071798544e-11,1.37273820783e-11,8.02104042907e-12,3.1475245587e-12,5.46675768889e-13,2.22322516435e-14,8.47068522638e-16]},"melbands_crest":{"dmean":3.52937030792,"dmean2":5.9051733017,"dvar":11.451333046,"dvar2":30.6697311401,"max":38.7907562256,"mean":10.2585773468,"median":8.68979740143,"min":2.22062516212,"var":28.7066116333},"melbands_flatness_db":{"dmean":0.0285128634423,"dmean2":0.0402335636318,"dvar":0.000675738032442,"dvar2":0.00146444793791,"max":0.65201073885,"mean":0.18257188797,"median":0.182194545865,"min":0.018726805225,"var":0.00419532461092},"melbands_kurtosis":{"dmean":3.04027271271,"dmean2":5.04484319687,"dvar":230.122970581,"dvar2":695.618041992,"max":676.431945801,"mean":3.66326332092,"median":0.371864318848,"min":-1.69456136227,"var":556.58215332},"melbands_skewness":{"dmean":0.533492147923,"dmean2":0.8463062644,"dvar":0.475979536772,"dvar2":1.20735442638,"max":19.1969203949,"mean":0.969621896744,"median":0.689504444599,"min":-1.69068348408,"var":1.87796115875},"melbands_spread":{"dmean":7.30185127258,"dmean2":11.291475296,"dvar":57.1448554993,"dvar2":128.241195679,"max":139.965911865,"mean":30.929643631,"median":28.6566410065,"min":0.125338718295,"var":219.270812988},"mfcc":{"cov":[[6711.7890625,-1347.09729004,-617.949279785,384.883911133,-483.900848389,319.118530273,-340.446807861,267.249084473,-323.664398193,210.763244629,-24.026550293,214.588043213,-161.23677063],[-1347.09729004,1912.84997559,-269.778839111,-352.465179443,215.789031982,-289.514404297,212.152267456,-287.038543701,116.360870361,-91.3442001343,124.952133179,-180.695068359,128.382247925],[-617.949279785,-269.778839111,675.158325195,50.4957427979,49.4060821533,94.8764648438,-32.0743865967,84.7136993408,18.2232398987,28.327747345,-23.1574020386,59.094959259,-20.8294315338],[384.883911133,-352.465179443,50.4957427979,341.725982666,-42.9578819275,71.9739379883,-11.7916564941,64.354927063,-24.2010726929,35.0026130676,4.20542860031,47.3020133972,-28.3386611938],[-483.900848389,215.789031982,49.4060821533,-42.9578819275,169.605911255,-1.63839733601,73.5951080322,-28.4475898743,48.9037513733,-30.9917125702,11.2480068207,-34.0275344849,23.3264083862],[319.118530273,-289.514404297,94.8764648438,71.9739379883,-1.63839733601,192.036224365,-16.5734653473,105.538452148,-13.5356464386,22.6792678833,-50.9905815125,40.4169387817,-33.3876609802],[-340.446807861,212.152267456,-32.0743865967,-11.7916564941,73.5951080322,-16.5734653473,134.69934082,-26.727098465,43.5736656189,-29.2271842957,20.826461792,-40.0471191406,25.7353534698],[267.249084473,-287.038543701,84.7136993408,64.354927063,-28.4475898743,105.538452148,-26.727098465,139.823120117,9.54728412628,25.880645752,-45.1950721741,43.6582107544,-29.9587802887],[-323.664398193,116.360870361,18.2232398987,-24.2010726929,48.9037513733,-13.5356464386,43.5736656189,9.54728412628,105.208900452,-5.68036651611,-2.32376980782,-7.70256471634,22.5384750366],[210.763244629,-91.3442001343,28.327747345,35.0026130676,-30.9917125702,22.6792678833,-29.2271842957,25.880645752,-5.68036651611,74.9063034058,29.7635593414,32.7693328857,-7.37519693375],[-24.026550293,124.952133179,-23.1574020386,4.20542860031,11.2480068207,-50.9905815125,20.826461792,-45.1950721741,-2.32376980782,29.7635593414,94.1823043823,7.92862987518,22.755197525],[214.588043213,-180.695068359,59.094959259,47.3020133972,-34.0275344849,40.4169387817,-40.0471191406,43.6582107544,-7.70256471634,32.7693328857,7.92862987518,79.092590332,3.78950691223],[-161.23677063,128.382247925,-20.8294315338,-28.3386611938,23.3264083862,-33.3876609802,25.7353534698,-29.9587802887,22.5384750366,-7.37519693375,22.755197525,3.78950691223,57.4825515747]],"icov":[[0.000296690966934,0.0000381592653866,0.000382218277082,-0.0000801827118266,0.000271742028417,-0.000338756944984,0.000260676461039,-0.000271375552984,0.000462889729533,-0.000253382429946,-0.000210873913602,-0.000220299130888,0.000164773795404],[0.0000381592653866,0.00121407583356,0.000195594984689,0.000635399774183,-0.000449035549536,0.000312751682941,-0.000521515496075,0.000888446171302,-0.000499773945194,-0.000129311738419,-0.000696183997206,0.00114862492774,-0.000780732370913],[0.000382218277082,0.000195594984689,0.0023298393935,-0.0000699259398971,-0.000860193569679,-0.000547046365682,0.000697278068401,-0.000709340209141,0.00035477426718,-0.000609621114563,-0.000131159977173,-0.00136921671219,0.00071935536107],[-0.0000801827118266,0.000635399774183,-0.0000699259398971,0.00401558540761,0.000291828706395,-0.000313776457915,-0.00146124267485,-0.00017820840003,0.000116765186249,-0.000203422692721,-0.00112870894372,-0.000875023775734,0.00100358051714],[0.000271742028417,-0.000449035549536,-0.000860193569679,0.000291828706395,0.0106516731903,-0.00337477982976,-0.00212873588316,0.00126334058587,-0.00264532444999,0.00284751108848,-0.00252759410068,0.00209171650931,-0.000808624899946],[-0.000338756944984,0.000312751682941,-0.000547046365682,-0.000313776457915,-0.00337477982976,0.0121237207204,-0.00281861750409,-0.00520160794258,0.00281004235148,-0.00316451047547,0.00543199805543,-0.00300482357852,0.00150058767758],[0.000260676461039,-0.000521515496075,0.000697278068401,-0.00146124267485,-0.00212873588316,-0.00281861750409,0.0145966028795,-0.00176660262514,-0.00309608341195,0.00437497906387,-0.00553137995303,0.00593958608806,-0.00322741735727],[-0.000271375552984,0.000888446171302,-0.000709340209141,-0.00017820840003,0.00126334058587,-0.00520160794258,-0.00176660262514,0.0186906699091,-0.00514266313985,-0.00295108021237,0.00526080047712,-0.0045932973735,0.00376587477513],[0.000462889729533,-0.000499773945194,0.00035477426718,0.000116765186249,-0.00264532444999,0.00281004235148,-0.00309608341195,-0.00514266313985,0.0153813036159,-0.0034796919208,0.00340344756842,-0.00125842425041,-0.00372945587151],[-0.000253382429946,-0.000129311738419,-0.000609621114563,-0.000203422692721,0.00284751108848,-0.00316451047547,0.00437497906387,-0.00295108021237,-0.0034796919208,0.0250548459589,-0.0129419164732,-0.00189090787899,0.00259342393838],[-0.000210873913602,-0.000696183997206,-0.000131159977173,-0.00112870894372,-0.00252759410068,0.00543199805543,-0.00553137995303,0.00526080047712,0.00340344756842,-0.0129419164732,0.0237431675196,-0.00639374367893,-0.00221405411139],[-0.000220299130888,0.00114862492774,-0.00136921671219,-0.000875023775734,0.00209171650931,-0.00300482357852,0.00593958608806,-0.0045932973735,-0.00125842425041,-0.00189090787899,-0.00639374367893,0.0272076763213,-0.0107698636129],[0.000164773795404,-0.000780732370913,0.00071935536107,0.00100358051714,-0.000808624899946,0.00150058767758,-0.00322741735727,0.00376587477513,-0.00372945587151,0.00259342393838,-0.00221405411139,-0.0107698636129,0.0283467546105]],"mean":[-632.55871582,151.071243286,-40.9156341553,7.18029642105,-10.6069297791,19.8458614349,-4.83406209946,10.9012842178,-5.51539421082,8.83251667023,0.179773181677,2.70295500755,-1.77933526039]},"pitch_salience":{"dmean":0.0628542229533,"dmean2":0.105059571564,"dvar":0.00373189942911,"dvar2":0.00982408039272,"max":0.997171938419,"mean":0.663038551807,"median":0.685727417469,"min":0.0516406744719,"var":0.00985644292086},"silence_rate_20dB":{"dmean":0,"dmean2":0,"dvar":0,"dvar2":0,"max":1,"mean":1,"median":1,"min":1,"var":0},"silence_rate_30dB":{"dmean":0.0030729228165,"dmean2":0.00614657206461,"dvar":0.00306347990409,"dvar2":0.00823645107448,"max":1,"mean":0.99751830101,"median":1,"min":0,"var":0.00247552408837},"silence_rate_60dB":{"dmean":0.006145845633,"dmean2":0.012174940668,"dvar":0.006108074449,"dvar2":0.0129723381251,"max":1,"mean":0.0309619475156,"median":0,"min":0,"var":0.0300033055246},"spectral_centroid":{"dmean":211.666046143,"dmean2":292.801544189,"dvar":48365.296875,"dvar2":82224.96875,"max":3834.0246582,"mean":1433.296875,"median":1339.22070312,"min":144.725921631,"var":295649.40625},"spectral_complexity":{"dmean":4.06571340561,"dmean2":5.71477556229,"dvar":14.7017450333,"dvar2":24.3939418793,"max":65,"mean":29.0560150146,"median":28,"min":0,"var":122.251647949},"spectral_contrast_coeffs":{"dmean":[0.0526288896799,0.0484172701836,0.0387667194009,0.0283569991589,0.0222459230572,0.036767706275],"dmean2":[0.0879974067211,0.0819320678711,0.0660867914557,0.0477478094399,0.0361074768007,0.0539418943226],"dvar":[0.00173147581518,0.00143024325371,0.000888904964086,0.000483902695123,0.000341368751833,0.00118536280934],"dvar2":[0.00483275251463,0.00392107618973,0.00255900644697,0.00135697703809,0.000855813676026,0.00233128271066],"max":[-0.442888408899,-0.500128030777,-0.563790798187,-0.584945380688,-0.651568710804,-0.536014020443],"mean":[-0.691226303577,-0.774424552917,-0.792631149292,-0.799505829811,-0.801383912563,-0.715924501419],"median":[-0.694355905056,-0.78213083744,-0.794529557228,-0.801863074303,-0.801610052586,-0.702056586742],"min":[-0.973405778408,-0.984069168568,-0.997351169586,-0.986009955406,-0.962466478348,-0.929279148579],"var":[0.00472109345719,0.00378549424931,0.00206597638316,0.00151066703256,0.00144160748459,0.0057355100289]},"spectral_contrast_valleys":{"dmean":[0.419172167778,0.344884335995,0.279340416193,0.244878783822,0.319182544947,0.539594054222],"dmean2":[0.686055183411,0.569486021996,0.459543883801,0.379114329815,0.393718481064,0.757489681244],"dvar":[0.127683773637,0.0845165923238,0.0675998032093,0.0649597123265,0.121038839221,0.215478003025],"dvar2":[0.305751472712,0.197952836752,0.143947586417,0.11551540345,0.189312011003,0.499234974384],"max":[-5.32346439362,-4.66810846329,-5.0176692009,-5.3872923851,-5.35277509689,-8.97808933258],"mean":[-7.31484079361,-6.26173639297,-6.21795701981,-6.58502006531,-7.37610673904,-10.8530578613],"median":[-7.26140069962,-6.14524698257,-6.05347967148,-6.36089849472,-7.21874856949,-10.7496433258],"min":[-21.5405158997,-20.6848812103,-20.2964420319,-20.4081363678,-21.2204723358,-22.3262271881],"var":[0.627736091614,0.654625415802,0.689184725285,0.81764292717,1.05491733551,0.926606059074]},"spectral_decrease":{"dmean":2.29843077904e-9,"dmean2":3.62856655833e-9,"dvar":1.11068047205e-17,"dvar2":2.74215104534e-17,"max":4.65689820039e-10,"mean":-5.65470692493e-9,"median":-4.74576733467e-9,"min":-5.46203082763e-8,"var":2.20858977175e-17},"spectral_energy":{"dmean":0.00946138240397,"dmean2":0.0144212841988,"dvar":0.000167263162439,"dvar2":0.000392754533095,"max":0.212169408798,"mean":0.0367344133556,"median":0.0351782366633,"min":5.79838182812e-15,"var":0.0004511931038},"spectral_energyband_high":{"dmean":0.000694653659593,"dmean2":0.000778765941504,"dvar":8.47832552608e-7,"dvar2":0.00000109840152618,"max":0.0138669880107,"mean":0.00155135546811,"median":0.000760231749155,"min":4.16197050172e-15,"var":0.00000323437029692},"spectral_energyband_low":{"dmean":0.00535413390025,"dmean2":0.00887682382017,"dvar":0.000141173833981,"dvar2":0.000362986029359,"max":0.203684195876,"mean":0.00687001738697,"median":0.00249107321724,"min":8.14033073025e-18,"var":0.000163431410328},"spectral_energyband_middle_high":{"dmean":0.00339610013179,"dmean2":0.00532815465704,"dvar":0.0000152361144501,"dvar2":0.0000367006978195,"max":0.0868599116802,"mean":0.0128452982754,"median":0.0117424437776,"min":1.37810047645e-15,"var":0.000073276249168},"spectral_energyband_middle_low":{"dmean":0.00367330620065,"dmean2":0.00586947891861,"dvar":0.0000224942414206,"dvar2":0.0000562297864235,"max":0.0755856409669,"mean":0.00989150069654,"median":0.0074717476964,"min":1.56119355661e-16,"var":0.0000735551366233},"spectral_entropy":{"dmean":0.159431055188,"dmean2":0.198798328638,"dvar":0.0246817804873,"dvar2":0.0408954396844,"max":8.95063781738,"mean":7.64352560043,"median":7.65886592865,"min":5.40427064896,"var":0.150172948837},"spectral_flux":{"dmean":0.0190450847149,"dmean2":0.029623972252,"dvar":0.000496747321449,"dvar2":0.00110848678742,"max":0.327835649252,"mean":0.114464424551,"median":0.114681556821,"min":0.0000155142224685,"var":0.00175765249878},"spectral_kurtosis":{"dmean":6.75796842575,"dmean2":8.86754608154,"dvar":70.9375076294,"dvar2":161.258712769,"max":118.700439453,"mean":23.4640293121,"median":19.7748508453,"min":1.21669948101,"var":240.477249146},"spectral_rms":{"dmean":0.00071768212365,"dmean2":0.00106193404645,"dvar":6.7574097784e-7,"dvar2":0.00000143644206219,"max":0.0143873048946,"mean":0.00569723779336,"median":0.00585834681988,"min":2.37843589268e-9,"var":0.00000337993242283},"spectral_rolloff":{"dmean":4012.61743164,"dmean2":7570.22412109,"dvar":43736444,"dvar2":109304032,"max":21963.8671875,"mean":15829.515625,"median":20585.7421875,"min":43.06640625,"var":62483464},"spectral_skewness":{"dmean":0.496150076389,"dmean2":0.608196973801,"dvar":0.307401061058,"dvar2":0.607126057148,"max":8.61531352997,"mean":3.23125815392,"median":3.0500292778,"min":1.03466463089,"var":1.49111819267},"spectral_spread":{"dmean":500248.78125,"dmean2":626497.0625,"dvar":225569849344,"dvar2":356329488384,"max":14275089,"mean":3761974.5,"median":3552685.75,"min":1348652,"var":1202329616380},"spectral_strongpeak":{"dmean":2.49665617943,"dmean2":4.64988708496,"dvar":54.1018981934,"dvar2":151.97052002,"max":88.8517608643,"mean":2.37610840797,"median":0.923361539841,"min":0,"var":39.7565841675},"zerocrossingrate":{"dmean":0.0284439846873,"dmean2":0.035875223577,"dvar":0.000585307599977,"dvar2":0.00086395139806,"max":0.6953125,"mean":0.29816454649,"median":0.29443359375,"min":0.0048828125,"var":0.00586218480021}},"metadata":{"audio_properties":{"analysis_sample_rate":44100,"bit_rate":231444,"codec":"mp3","downmix":"mix","equal_loudness":0,"length":196.441879272,"lossless":false,"md5_encoded":"e07567041b310138140683118dbbd0a6","replay_gain":-1.41422843933,"sample_rate":44100},"tags":{"acoustid_id":["9983a687-2857-4e11-887c-0a0e47d53b5d"],"album":["Death by Sexy…"],"albumartist":["Eagles of Death Metal"],"artist":["Eagles of Death Metal"],"date":["2006"],"discnumber":["1/1"],"file_name":"09 - Eagles of Death Metal - Poor Doggie.mp3","musicbrainz_albumartistid":["de11b037-d880-40e0-8901-0397c768c457"],"musicbrainz_albumid":["3303f98f-4472-4388-a5c1-60c046fa7c1a"],"musicbrainz_artistid":["de11b037-d880-40e0-8901-0397c768c457"],"musicbrainz_recordingid":["c3f82606-98c8-4a68-bcf7-977c8b32a6c4"],"musicbrainz_releasegroupid":["d6f0995d-4b37-353f-a847-eff61cbb131b"],"replaygain_album_gain":["-0.29 dB"],"replaygain_album_peak":["0.351903"],"replaygain_track_gain":["-1.66 dB"],"replaygain_track_peak":["0.337036"],"title":["Poor Doggie"],"tracknumber":["9/13"]},"version":{"essentia":"2.1-beta1","essentia_build_sha":"e76a03f03bb3900de42a1fa0d9be1e72f12def64","essentia_git_sha":"v2.1_beta1-28-g21ef5f4-dirty","extractor":"music 1.0"}},"rhythm":{"beats_count":323,"beats_loudness":{"dmean":0.0190196428448,"dmean2":0.034316059202,"dvar":0.000222392744035,"dvar2":0.000662347534671,"max":0.114912673831,"mean":0.0557590089738,"median":0.0562476180494,"min":0.0000259859025391,"var":0.000372784154024},"beats_loudness_band_ratio":{"dmean":[0.170310541987,0.0427621267736,0.0981530472636,0.0969462692738,0.0607161894441,0.0644343197346],"dmean2":[0.299681723118,0.0767811834812,0.165862619877,0.17300593853,0.109141759574,0.110994189978],"dvar":[0.0168587286025,0.00220691924915,0.00888639315963,0.00501955254003,0.00249987165444,0.00303769065067],"dvar2":[0.0460642240942,0.00636368989944,0.0262623671442,0.0144379902631,0.007876874879,0.00849425885826],"max":[0.990116834641,0.35