{"lowlevel":{"average_loudness":0.490436196327,"barkbands":{"dmean":[0.000019886141672,0.000424694066169,0.0000660712394165,0.000181094335858,0.000205006333999,0.00102536310442,0.000624272681307,0.000615028489847,0.000635793898255,0.000479842274217,0.000312998192385,0.000742486736272,0.000991542940028,0.00030361264362,0.000276389910141,0.00021307595307,0.000151360785821,0.000135922062327,0.0000696592178429,0.0000369018052879,0.0000326066219714,0.0000103429974843,0.00000465429639007,0.00000297081169265,0.00000159729836469,0.00000153193263941,0.000001084999667],"dmean2":[0.0000330722832587,0.00067640573252,0.000113579844765,0.000292123440886,0.000302248867229,0.0013678423129,0.000821035704575,0.00076059915591,0.000853868841659,0.000687734165695,0.00044130711467,0.00108022929635,0.00145948247518,0.000470012280857,0.000427972350735,0.00035372786806,0.000242706824793,0.000202225142857,0.000114516100439,0.0000574834775762,0.0000474552762171,0.0000151284793901,0.00000665293327984,0.00000419206435254,0.00000204503930945,0.00000199834653358,0.00000154569568167],"dvar":[2.95492164071e-9,0.00000249545382758,6.4679554157e-8,7.30183046471e-7,1.77070461405e-7,0.000005146244348,0.00000173882392573,0.00000269793963525,0.00000175540890268,0.00000172736451987,6.14825864886e-7,0.0000063562847572,0.0000101494588307,0.00000144135412938,3.61214802069e-7,2.16697401356e-7,1.60237931368e-7,1.55598044671e-7,2.06216466125e-8,9.39391231469e-9,1.4664735204e-8,1.15109544119e-9,3.10258346792e-10,1.59974866687e-10,6.77074368793e-11,1.56910498483e-10,1.10644708673e-10],"dvar2":[6.75821310026e-9,0.00000641699625703,1.82032096063e-7,0.00000203240210794,3.93764992168e-7,0.0000125863452922,0.00000322340201819,0.00000483043504573,0.00000337695701091,0.00000412069221056,0.00000127240639358,0.0000148730077854,0.0000236159321503,0.00000376359207621,8.56246572312e-7,5.77761227305e-7,3.70314495513e-7,3.21334823639e-7,5.13038322936e-8,1.93843412433e-8,2.92450827999e-8,2.12098183461e-9,5.34176203271e-10,2.88824464345e-10,1.07282391304e-10,3.31716765167e-10,2.56941301569e-10],"max":[0.00205592741258,0.046503778547,0.00567713752389,0.0291818603873,0.0160579271615,0.0642296895385,0.0413195565343,0.0906126797199,0.0304163396358,0.0492406450212,0.0245241802186,0.0703234001994,0.0940167158842,0.0514421388507,0.0136112356558,0.0115345269442,0.0238588768989,0.0172292739153,0.00329125951976,0.00313210813329,0.00329876923934,0.00103365909308,0.000699455442373,0.000384211540222,0.000399649812607,0.000569252646528,0.000464357086457],"mean":[0.000022316507966,0.00126917695161,0.000106382431113,0.000281209067907,0.000621404731646,0.00344654661603,0.00166495062876,0.00190364685841,0.00160173606128,0.000969715474639,0.000770803715568,0.0016332451487,0.00246445182711,0.000539787753951,0.000590650364757,0.000361496058758,0.000280667416519,0.00027537078131,0.000128098108689,0.0000723641933291,0.0000681181045366,0.0000219221292355,0.0000107832747744,0.00000698819440004,0.00000391064668293,0.00000262204162027,0.00000135337688789],"median":[0.00000874919078342,0.0000251946876233,9.36229412218e-7,0.00000273101341008,0.000282048480585,0.000942163402215,0.000684996775817,0.000559622072615,0.000592362775933,0.000258752173977,0.000115361763164,0.000149410043377,0.000290906406008,0.000107842613943,0.000165640027262,0.00010582129471,0.0000879009894561,0.0000518852139066,0.0000469279038953,0.0000213238508877,0.00000990058924799,0.00000477839694213,0.0000015297517848,9.14107999961e-7,4.57830338974e-7,1.89784984173e-7,8.22735017891e-8],"min":[4.39211417957e-20,1.09632450436e-19,1.37484384218e-19,2.18925860219e-19,1.0430971897e-18,1.98755329816e-18,3.12551352506e-18,4.35208630227e-18,8.04815385869e-18,9.81310251425e-18,1.07135812552e-17,1.33898488537e-17,1.19963795666e-17,7.77955838763e-18,2.60847683856e-18,7.58008564406e-19,9.75568873511e-18,3.02227939938e-17,3.50193662118e-17,6.85801218361e-18,5.18805827309e-17,4.1993210151e-17,1.25420724365e-16,1.18355821076e-16,2.88986492249e-16,3.66364354879e-16,4.01891214264e-14],"var":[4.0904368781e-9,0.0000131728884298,1.05539832873e-7,0.00000109600784981,9.57138581725e-7,0.0000371528440155,0.00000769089274399,0.0000156832411449,0.00000655650319459,0.00000423210258305,0.00000335216691383,0.0000231674475799,0.0000435947622464,0.00000316192404171,0.00000133506853217,4.63775137405e-7,6.45544616873e-7,6.15118267433e-7,5.01866175284e-8,2.68737796461e-8,5.29951158512e-8,3.33246918949e-9,1.20191989694e-9,5.8994858998e-10,2.62882771107e-10,2.61682397973e-10,1.24124696632e-10]},"barkbands_crest":{"dmean":2.01153707504,"dmean2":2.990909338,"dvar":3.73764181137,"dvar2":8.75481987,"max":26.918176651,"mean":12.0493659973,"median":11.0986413956,"min":3.31720638275,"var":22.7396564484},"barkbands_flatness_db":{"dmean":0.0151561712846,"dmean2":0.0217569824308,"dvar":0.000211656850297,"dvar2":0.000411557790358,"max":0.67505133152,"mean":0.20678023994,"median":0.19705966115,"min":0.0590051785111,"var":0.00409828824922},"barkbands_kurtosis":{"dmean":7.94944381714,"dmean2":12.4738845825,"dvar":22521.2382812,"dvar2":47520.9179688,"max":13011.6201172,"mean":26.890537262,"median":0.85471200943,"min":-1.97522294521,"var":189366.859375},"barkbands_skewness":{"dmean":0.400828003883,"dmean2":0.598761856556,"dvar":1.00806832314,"dvar2":2.07974100113,"max":13.0403366089,"mean":0.443781882524,"median":0.702013611794,"min":-90.8845367432,"var":17.7188835144},"barkbands_spread":{"dmean":2.46277832985,"dmean2":3.70592522621,"dvar":12.716422081,"dvar2":28.5800113678,"max":155.371856689,"mean":12.632270813,"median":11.0293798447,"min":0.0151576912031,"var":103.129257202},"dissonance":{"dmean":0.0289505273104,"dmean2":0.0484707318246,"dvar":0.000779793423135,"dvar2":0.00208142981865,"max":0.499741345644,"mean":0.41486954689,"median":0.427318453789,"min":0.1611751616,"var":0.00322588882409},"dynamic_complexity":5.98112726212,"erbbands":{"dmean":[0.0134911695495,0.0934633687139,0.0915926471353,0.310634106398,0.584282636642,0.75402700901,3.01489138603,10.7915210724,9.56196308136,10.5596027374,11.5556926727,14.5685386658,10.8812046051,16.0491333008,22.0353603363,24.1163215637,48.3360557556,15.8303499222,11.7673768997,14.4075345993,11.3870773315,8.05972480774,7.90721130371,4.34885549545,2.36971020699,1.70035588741,1.79476726055,0.647894501686,0.41458940506,0.238983049989,0.125723287463,0.070716612041,0.0435632169247,0.0196957867593,0.0113619575277,0.00585792958736,0.00290543586016,0.0010923082009,0.00017476452922,0.0000139909525387],"dmean2":[0.0227133370936,0.146710187197,0.154235228896,0.507758975029,0.873174071312,1.1188467741,4.29017114639,14.162484169,12.3928718567,13.8474836349,13.7464466095,19.1020374298,15.5503120422,22.693359375,32.4679489136,35.2069206238,71.0539855957,24.5155735016,17.7237796783,23.1562538147,18.7513942719,12.7485847473,11.7968254089,6.97653055191,3.86984944344,2.63265395164,2.64454293251,0.933919668198,0.593355715275,0.337826013565,0.184946656227,0.100290365517,0.0620738640428,0.0268452335149,0.0150745296851,0.00766005925834,0.00393663533032,0.00152094406076,0.000253483711276,0.0000199149053515],"dvar":[0.00292063993402,0.116549089551,0.104096785188,2.04356813431,5.48245048523,2.45163583755,39.1577186584,628.260070801,460.75302124,943.401672363,399.546295166,1000.72644043,594.427246094,1950.28710938,3565.59619141,4138.33935547,24263.6679688,4383.83984375,583.302612305,1173.18334961,591.939575195,622.899902344,530.217773438,84.1078567505,21.7213764191,25.0345973969,53.2291145325,3.80703544617,2.17557573318,0.670675933361,0.220632523298,0.081943616271,0.0427026748657,0.00912846717983,0.00353830470704,0.00143512268551,0.000632373150438,0.000117112722364,0.00000299640464618,1.05580362231e-8],"dvar2":[0.00836075935513,0.28540328145,0.288672596216,5.60101556778,12.8830966949,5.98883485794,105.735031128,1456.9185791,843.45690918,1632.34619141,731.789428711,1862.10668945,1294.98059082,4790.50830078,8265.21777344,9754.27832031,57195.2382812,11708.90625,1272.53662109,2939.88085938,1582.71984863,1393.85888672,1097.1307373,197.010177612,55.3774986267,49.654006958,110.681671143,7.18269395828,3.81234264374,1.13498723507,0.432887971401,0.142570242286,0.0840300247073,0.0162180569023,0.00594520103186,0.00260293413885,0.00138555280864,0.000268168427283,0.0000071139238571,2.48367388878e-8],"max":[1.34339404106,11.4120788574,8.08681106567,54.1570205688,101.018981934,51.6680984497,162.966781616,795.010681152,762.456604004,1419.10009766,781.02142334,852.472595215,561.809692383,1755.52429199,1509.62719727,1506.04882812,4528.3671875,2974.68481445,578.961425781,863.876953125,462.036499023,1664.23522949,1033.76733398,288.779846191,138.340927124,137.623550415,208.068435669,64.4178695679,44.1566467285,25.1849975586,14.9298067093,10.4023580551,6.30371332169,3.83562111855,3.04683423042,1.3929913044,1.23803889751,0.547380208969,0.0746575072408,0.00456290040165],"mean":[0.0315590575337,0.299277961254,0.21604591608,0.536928772926,1.22952544689,2.32746720314,9.3853225708,36.5602989197,27.9413337708,28.8576850891,42.4901924133,38.4522743225,24.6043395996,35.5161476135,51.5069007874,60.0722122192,121.096961975,33.6912536621,27.8617134094,27.9710597992,20.5109615326,16.8571357727,16.6678600311,9.3818693161,4.95033597946,3.48875713348,3.59029388428,1.44314694405,0.906625449657,0.529465615749,0.287173241377,0.162972971797,0.0966350361705,0.0469489917159,0.0268063619733,0.0119778653607,0.0046809958294,0.00140184629709,0.000222679562285,0.00003661408482],"median":[0.0013108891435,0.00319798756391,0.00205387035385,0.0181835275143,0.21285918355,1.0364638567,4.24058103561,7.75435304642,9.77111911774,12.1885194778,18.279718399,17.5223045349,9.45859050751,13.1058139801,9.64629173279,12.955206871,16.2739639282,10.4765195847,8.47237205505,9.44041347504,7.19061136246,5.07429552078,3.82280278206,2.91046500206,2.29278683662,1.13387453556,0.550075292587,0.297928154469,0.176708325744,0.0904040709138,0.0464693419635,0.0241907089949,0.0122310295701,0.00580022996292,0.00297400681302,0.00109568366315,0.000323286716593,0.0000805722593213,0.000023495129426,0.0000179336129804],"min":[3.12620173933e-18,2.60113726498e-17,1.30536260736e-16,4.94064153738e-16,1.4880402708e-15,3.89295495525e-15,8.98083284172e-15,1.88299218882e-14,3.65106640125e-14,6.59179335465e-14,1.11756652923e-13,1.77888235284e-13,2.65999624671e-13,3.70764237454e-13,4.76191189345e-13,5.51827084461e-13,5.55466751154e-13,4.51079088361e-13,2.4928841001e-13,6.00604974283e-14,1.08714090247e-13,6.12082324929e-13,1.46021487003e-12,1.96126925464e-12,1.36048540055e-12,3.24725679289e-13,9.81678822433e-13,2.82849871996e-12,1.88278971407e-12,9.72462995547e-13,4.23022641222e-12,2.59543233259e-12,2.22033307538e-12,1.9142478401e-12,2.63209246065e-12,1.05892974511e-12,9.44183641861e-13,7.826371929e-13,1.24536925911e-12,1.02252440456e-12],"var":[0.0080735264346,0.756848633289,0.308332890272,3.4072329998,17.4711036682,12.3136396408,203.470535278,5036.21826172,2182.72509766,4134.80273438,4612.26855469,3841.56884766,1755.79174805,4651.69335938,14123.9677734,17241.8769531,101394.195312,9329.04980469,2767.7019043,2767.04760742,1269.43823242,2854.16186523,2079.63256836,333.471282959,63.7429428101,70.0318832397,172.232711792,14.7910861969,6.79103279114,2.3846540451,0.787825167179,0.296771287918,0.128504112363,0.0333221144974,0.013844740577,0.00354988058098,0.000940941390581,0.000139492258313,0.00000321014340443,1.29558905826e-8]},"erbbands_crest":{"dmean":2.54399943352,"dmean2":3.81960988045,"dvar":5.79531669617,"dvar2":13.6648015976,"max":33.4696846008,"mean":13.9596815109,"median":12.440071106,"min":3.14087724686,"var":38.1609840393},"erbbands_flatness_db":{"dmean":0.0145048489794,"dmean2":0.0204034484923,"dvar":0.000215650361497,"dvar2":0.000405218015658,"max":0.490788459778,"mean":0.26349067688,"median":0.259148180485,"min":0.0194830186665,"var":0.00333196786232},"erbbands_kurtosis":{"dmean":1.24063622952,"dmean2":1.8779488802,"dvar":5.10870885849,"dvar2":11.7141370773,"max":71.1092224121,"mean":1.5528781414,"median":0.344119310379,"min":-1.75321602821,"var":21.697769165},"erbbands_skewness":{"dmean":0.332467556,"dmean2":0.495411127806,"dvar":0.103120282292,"dvar2":0.235798150301,"max":6.52700614929,"mean":0.382021337748,"median":0.369150459766,"min":-4.6916217804,"var":0.917539834976},"erbbands_spread":{"dmean":3.46413493156,"dmean2":5.25987482071,"dvar":17.2436332703,"dvar2":38.1210327148,"max":181.936325073,"mean":18.0337657928,"median":16.7202835083,"min":0.598618984222,"var":134.500473022},"gfcc":{"cov":[[24953.5859375,821.940307617,-3889.75561523,1696.87353516,-983.679382324,315.332885742,-614.309692383,717.220581055,-575.737731934,208.566726685,-161.403198242,636.380249023,-2.42990422249],[821.940307617,1540.42077637,-131.759033203,-121.154495239,129.747909546,-76.1705093384,54.3282051086,-96.8908081055,-1.35138428211,-51.3100013733,29.7393627167,-47.9665527344,37.5677986145],[-3889.75561523,-131.759033203,1248.4173584,-32.6067848206,289.088592529,145.414306641,223.150024414,-21.3429317474,102.166069031,-49.1507301331,2.86737918854,-107.59538269,-81.0103683472],[1696.87353516,-121.154495239,-32.6067848206,555.15814209,100.429718018,235.678161621,57.0436630249,146.196289062,10.7972431183,23.3649463654,-25.5456943512,33.5234527588,-45.0954170227],[-983.679382324,129.747909546,289.088592529,100.429718018,353.986053467,191.510360718,149.796890259,9.24961280823,78.9803695679,16.0658130646,37.7755203247,-34.3474235535,-40.6337013245],[315.332885742,-76.1705093384,145.414306641,235.678161621,191.510360718,364.521881104,153.701873779,61.1613540649,33.1067047119,46.5094680786,20.6009559631,-12.8011245728,-72.540184021],[-614.309692383,54.3282051086,223.150024414,57.0436630249,149.796890259,153.701873779,197.793869019,48.8989562988,57.0336227417,10.3629646301,27.3813800812,-30.6051254272,-43.5114059448],[717.220581055,-96.8908081055,-21.3429317474,146.196289062,9.24961280823,61.1613540649,48.8989562988,175.517715454,58.2641563416,34.187122345,17.6544551849,52.4993438721,-5.90133666992],[-575.737731934,-1.35138428211,102.166069031,10.7972431183,78.9803695679,33.1067047119,57.0336227417,58.2641563416,155.244140625,70.4849395752,48.9036102295,3.59608030319,-2.34942269325],[208.566726685,-51.3100013733,-49.1507301331,23.3649463654,16.0658130646,46.5094680786,10.3629646301,34.187122345,70.4849395752,143.830230713,72.5686721802,19.4903488159,-8.78791236877],[-161.403198242,29.7393627167,2.86737918854,-25.5456943512,37.7755203247,20.6009559631,27.3813800812,17.6544551849,48.9036102295,72.5686721802,145.720794678,58.9762153625,0.299517393112],[636.380249023,-47.9665527344,-107.59538269,33.5234527588,-34.3474235535,-12.8011245728,-30.6051254272,52.4993438721,3.59608030319,19.4903488159,58.9762153625,143.238525391,62.3324661255],[-2.42990422249,37.5677986145,-81.0103683472,-45.0954170227,-40.6337013245,-72.540184021,-43.5114059448,-5.90133666992,-2.34942269325,-8.78791236877,0.299517393112,62.3324661255,118.870742798]],"icov":[[0.000260870525381,-0.000308682705509,0.000538054737262,-0.000455306726508,0.000397040741518,-0.000361306563718,0.000330144859618,-0.000696254195645,0.000734567234758,-0.00051235652063,0.000593048287556,-0.000874458521139,0.000732048938517],[-0.000308682705509,0.00118885294069,-0.000343852472724,0.000512933591381,-0.000976357841864,0.00085444241995,-0.000949445471633,0.0011926140869,-0.000887460890226,0.00101534812711,-0.00112583069131,0.00147989683319,-0.001238094992],[0.000538054737262,-0.000343852472724,0.00241834577173,-0.000793341489043,0.000114578127977,-0.000539912318345,-0.000374573341105,-0.00100003078114,0.000815505743958,-0.000181551265996,0.00112101715058,-0.00145842670463,0.00175436737482],[-0.000455306726508,0.000512933591381,-0.000793341489043,0.00431996118277,-0.00143410405144,-0.00147890672088,0.000798620283604,-0.00145989621524,-0.000638146593701,0.000848697149195,0.000182731484529,0.000943333958276,-0.000691086926963],[0.000397040741518,-0.000976357841864,0.000114578127977,-0.00143410405144,0.00673827854916,-0.00270171044394,-0.000986400060356,0.000589308154304,-0.00125456484966,0.000288810493657,-0.000214529558434,-0.000926882436033,0.000656689866446],[-0.000361306563718,0.00085444241995,-0.000539912318345,-0.00147890672088,-0.00270171044394,0.00785874668509,-0.00480942521244,0.00208067987114,0.000588344875723,-0.00180201709736,0.000187184428796,-0.000176580681,0.000979193369858],[0.000330144859618,-0.000949445471633,-0.000374573341105,0.000798620283604,-0.000986400060356,-0.00480942521244,0.0128969857469,-0.00508807692677,-0.000106300387415,0.00154791248497,-0.0016626464203,0.00188169139437,0.000680429453496],[-0.000696254195645,0.0011926140869,-0.00100003078114,-0.00145989621524,0.000589308154304,0.00208067987114,-0.00508807692677,0.0136937331408,-0.0063399663195,0.00101178314071,0.000392897287384,-0.00289102667011,0.000126530503621],[0.000734567234758,-0.000887460890226,0.000815505743958,-0.000638146593701,-0.00125456484966,0.000588344875723,-0.000106300387415,-0.0063399663195,0.0145355788991,-0.0069143017754,0.000690897868481,-0.000566522590816,0.000257145235082],[-0.00051235652063,0.00101534812711,-0.000181551265996,0.000848697149195,0.000288810493657,-0.00180201709736,0.00154791248497,0.00101178314071,-0.0069143017754,0.0145365651697,-0.0074629667215,0.00418042391539,-0.00175252917688],[0.000593048287556,-0.00112583069131,0.00112101715058,0.000182731484529,-0.000214529558434,0.000187184428796,-0.0016626464203,0.000392897287384,0.000690897868481,-0.0074629667215,0.0158906653523,-0.0107845943421,0.00573005899787],[-0.000874458521139,0.00147989683319,-0.00145842670463,0.000943333958276,-0.000926882436033,-0.000176580681,0.00188169139437,-0.00289102667011,-0.000566522590816,0.00418042391539,-0.0107845943421,0.0200168639421,-0.0111722266302],[0.000732048938517,-0.001238094992,0.00175436737482,-0.000691086926963,0.000656689866446,0.000979193369858,0.000680429453496,0.000126530503621,0.000257145235082,-0.00175252917688,0.00573005899787,-0.0111722266302,0.0165490284562]],"mean":[-105.944091797,118.960044861,-162.003662109,-15.5761632919,-58.4246635437,-13.5394906998,-31.3871154785,-1.50003635883,-10.6508245468,7.28675222397,0.377644240856,4.41826629639,-0.919032633305]},"hfc":{"dmean":3.3907225132,"dmean2":4.9086432457,"dvar":35.6263885498,"dvar2":80.5333633423,"max":161.536972046,"mean":16.78216362,"median":10.6933012009,"min":1.30081689864e-9,"var":332.378448486},"melbands":{"dmean":[0.000120637727377,0.0000725301870261,0.0000650860383757,0.0000434208850493,0.0000918522127904,0.000228474644246,0.000138302595587,0.00012451101793,0.0000971954214037,0.0000900031736819,0.0000561595734325,0.0000697539144312,0.0000564372894587,0.0000949455497903,0.0000963742495514,0.0000824709786684,0.0000261155091721,0.0000205408105103,0.0000188959838852,0.0000190107275557,0.0000124776497614,0.0000087673388407,0.00000994755282591,0.00000524786901224,0.00000379835773856,0.00000222633070734,0.0000017996836732,9.73383521341e-7,0.0000011196232208,7.61939247695e-7,3.76192929252e-7,2.31909226045e-7,2.60248611994e-7,1.28096331764e-7,7.96732493313e-8,4.97796399657e-8,4.73981884852e-8,3.66424863785e-8,2.23897469454e-8,1.69901923641e-8],"dmean2":[0.000195131753571,0.000117046220112,0.000103272359411,0.0000635199830867,0.000133831461426,0.000301259773551,0.00017895095516,0.000163229764439,0.0001158363375,0.000120420474559,0.0000803653674666,0.0000987890234683,0.0000820323839434,0.00013844948262,0.000140128613566,0.000122762881801,0.0000408318592235,0.0000310652067128,0.0000290201151074,0.0000316351106449,0.0000205578999157,0.0000139492740345,0.0000150057085193,0.00000812637244962,0.0000061146565713,0.00000367774964616,0.00000284044062937,0.00000152855568558,0.0000016773774405,0.00000110402550035,5.59343106943e-7,3.3789476106e-7,3.87741948771e-7,1.8739488894e-7,1.18717913722e-7,7.3468562789e-8,6.75188829291e-8,5.36778443916e-8,3.19607806887e-8,2.3827798401e-8],"dvar":[2.11231181879e-7,6.62193357925e-8,8.78243895386e-8,1.08092388373e-8,3.63570222817e-8,2.60270411445e-7,8.5474034961e-8,1.37655604249e-7,2.35355734901e-8,3.87663980916e-8,1.63297606548e-8,3.9342875624e-8,1.75778627209e-8,1.16436261521e-7,9.29597803179e-8,5.98372551508e-8,1.3353587569e-8,2.25914953411e-9,2.07118500128e-9,1.61634117202e-9,7.94049215269e-10,9.72726676984e-10,7.10350056554e-10,2.1554491525e-10,7.14823755743e-11,1.90229290653e-11,2.15897594941e-11,8.19750083786e-12,1.50680995459e-11,9.82963623691e-12,1.61603781572e-12,5.27091066106e-13,1.06305762804e-12,2.45683519102e-13,8.05426282309e-14,4.06810273402e-14,4.2179533656e-14,3.03554178863e-14,1.19440590231e-14,7.28970361044e-15],"dvar2":[5.63325443181e-7,1.69985383991e-7,2.34245192132e-7,2.51558880393e-8,1.00275208581e-7,6.14977068381e-7,1.58799522865e-7,2.38824441112e-7,4.27957544957e-8,7.29434788127e-8,3.55320572965e-8,9.64152988558e-8,3.88277854313e-8,2.74058436389e-7,2.11185323451e-7,1.41517730867e-7,3.51875542037e-8,4.94486940283e-9,4.67291050299e-9,4.24645341113e-9,2.15047668561e-9,2.14138884402e-9,1.49250400927e-9,4.74151440333e-10,1.6967088845e-10,4.83017723041e-11,4.88049149705e-11,1.64973746469e-11,3.11270974274e-11,2.06282681908e-11,3.26939105129e-12,9.8861424689e-13,1.99235463197e-12,4.40261813551e-13,1.67328092571e-13,7.94666321136e-14,7.21369646417e-14,6.22764575911e-14,2.24701018832e-14,1.3998085121e-14],"max":[0.0125586790964,0.00751068862155,0.01066272147,0.00413537863642,0.00458694715053,0.0154383648187,0.00981902237982,0.0190521460027,0.00491368072107,0.00570812635124,0.00291216745973,0.0078870113939,0.00350304483436,0.0095626283437,0.0091026974842,0.00630550971255,0.00514377886429,0.0012835302623,0.00124377477914,0.000911638082471,0.000558577361517,0.00213532918133,0.00116278161295,0.000556338229217,0.000252908183029,0.000127536681248,0.000196431399672,0.0000779539186624,0.000119808326417,0.0000914705742616,0.0000448332211818,0.0000196768814931,0.0000316218465741,0.0000187887108041,0.00000815021121525,0.0000064386822487,0.00000987313615042,0.0000056381354625,0.00000514019893672,0.00000284412362817],"mean":[0.000341364298947,0.000219491877942,0.000115514281788,0.000117989693535,0.000280913576717,0.000769231002778,0.000408441555919,0.000333117786795,0.000348034256604,0.000223601367907,0.000122060933791,0.000147049198858,0.000135360154673,0.000198547946638,0.000241392626776,0.000198169494979,0.0000482654540974,0.0000439310861111,0.0000406792678405,0.0000322595151374,0.0000207204011531,0.0000165638448379,0.000019292718207,0.0000104786768134,0.00000742255906516,0.00000400268118028,0.00000340279598277,0.00000181475274985,0.00000214724673242,0.00000145975945998,7.21128856185e-7,4.86915098463e-7,4.63426658825e-7,2.54008938327e-7,1.69087314816e-7,1.06710430714e-7,9.89417898722e-8,7.43248307344e-8,4.74549644025e-8,3.59382781312e-8],"median":[0.0000102354506453,0.00000199367627829,0.00000462762864117,0.0000392096262658,0.000134126006742,0.000181392475497,0.000161751871929,0.000138463379699,0.000164877317729,0.0000879749277374,0.0000376867719751,0.0000473668369523,0.0000260068118223,0.0000186008819583,0.0000306477741105,0.0000238092907239,0.0000118289917737,0.0000101457917481,0.00000945033571043,0.0000110546434371,0.00000537315645488,0.00000404288721256,0.00000393546997657,0.00000261124182543,0.00000171397834947,0.00000169673637629,9.37193476602e-7,5.05844184318e-7,3.5856922409e-7,1.57049271365e-7,1.50460806481e-7,9.47985938637e-8,7.19385297998e-8,3.16775867759e-8,2.57191796749e-8,2.02691552431e-8,1.09540199134e-8,8.22723666971e-9,6.36016572741e-9,3.77915343464e-9],"min":[3.12775084182e-20,5.7349872972e-20,1.08412856634e-19,1.84149481207e-19,2.91828027639e-19,4.22551308949e-19,5.83498684166e-19,7.6662773469e-19,9.60421004467e-19,1.15697948733e-18,1.3348289025e-18,1.46852558792e-18,1.53557012753e-18,1.50934312544e-18,1.37484779714e-18,1.13004390165e-18,8.02127121256e-19,4.4614286191e-19,1.52088787845e-19,2.35532667776e-20,1.42850951087e-19,5.2021409403e-19,1.05299647368e-18,1.51019315692e-18,1.6231730005e-18,1.25020398314e-18,5.70440914414e-19,9.88246894984e-20,3.43903002157e-19,1.21791426414e-18,1.82434787496e-18,1.31359714073e-18,3.06213939262e-19,6.20671974099e-19,2.3457477324e-18,2.71308850947e-18,1.06575387348e-18,1.11722808222e-18,2.35378420564e-18,1.19445759332e-18],"var":[9.41368568874e-7,3.62800761877e-7,1.65371588423e-7,4.7391292668e-8,1.70604522509e-7,0.00000201679199563,4.12422423324e-7,6.05421007549e-7,2.63855866933e-7,1.39317350545e-7,4.85913851378e-8,9.09851394226e-8,8.2308382332e-8,3.71756527784e-7,4.41773124749e-7,2.54638194974e-7,2.94629689535e-8,9.13714082174e-9,7.9688415866e-9,3.45148354342e-9,1.63608604442e-9,4.44853753834e-9,2.64630095614e-9,7.49785400433e-10,2.56398763332e-10,4.53728409011e-11,6.19994819373e-11,2.13591488246e-11,4.70115717188e-11,3.14708953342e-11,4.26850135099e-12,1.71527896053e-12,2.63636963822e-12,7.45783534754e-13,2.73185499829e-13,1.19544714297e-13,1.40938394852e-13,7.91630758341e-14,3.69254289417e-14,2.18269463782e-14]},"melbands_crest":{"dmean":2.34355640411,"dmean2":3.43722128868,"dvar":5.30920410156,"dvar2":12.45358181,"max":37.5936050415,"mean":14.2326669693,"median":13.0594482422,"min":2.89197349548,"var":32.8575286865},"melbands_flatness_db":{"dmean":0.0154420183972,"dmean2":0.0218182820827,"dvar":0.000249181495747,"dvar2":0.000495118438266,"max":0.492862790823,"mean":0.253622949123,"median":0.244724482298,"min":0.0128010092303,"var":0.00470659649},"melbands_kurtosis":{"dmean":2.08505821228,"dmean2":3.14237809181,"dvar":80.6300582886,"dvar2":234.271133423,"max":783.296508789,"mean":4.11698818207,"median":1.8614730835,"min":-1.90822649002,"var":216.878662109},"melbands_skewness":{"dmean":0.389073222876,"dmean2":0.573646306992,"dvar":0.183443173766,"dvar2":0.440104454756,"max":23.0921096802,"mean":1.13488769531,"median":1.05037772655,"min":-5.86839771271,"var":1.43360316753},"melbands_spread":{"dmean":3.52076458931,"dmean2":5.27807855606,"dvar":17.2115001678,"dvar2":39.3642997742,"max":284.517791748,"mean":18.9495506287,"median":16.7730846405,"min":0.443854689598,"var":198.416717529},"mfcc":{"cov":[[13736.6132812,976.997314453,-1602.57214355,614.591918945,-349.454284668,62.5535240173,-33.8299407959,372.841888428,-47.5428276062,-120.131080627,-33.6178627014,247.331451416,140.909301758],[976.997314453,1704.78222656,-142.894058228,-62.9466781616,-1.41945457458,-73.1626968384,-33.0673294067,-73.4711151123,-77.6771850586,-50.1673774719,-31.5561084747,-36.7172737122,-14.4201564789],[-1602.57214355,-142.894058228,648.852050781,6.66040420532,133.907470703,111.070159912,113.931907654,45.665271759,67.4013366699,45.7852592468,31.9480266571,14.0317964554,13.6208133698],[614.591918945,-62.9466781616,6.66040420532,302.209228516,74.0891876221,67.4774398804,52.4352874756,99.1189727783,59.6091804504,32.3419303894,17.5100765228,21.8079185486,18.6034202576],[-349.454284668,-1.41945457458,133.907470703,74.0891876221,219.983383179,143.975723267,93.5692443848,71.8067321777,45.1177597046,28.0528907776,30.8361301422,31.1766834259,24.839056015],[62.5535240173,-73.1626968384,111.070159912,67.4774398804,143.975723267,278.22744751,161.336105347,87.8837356567,63.0276565552,38.6395950317,58.4673233032,48.2288742065,3.82635498047],[-33.8299407959,-33.0673294067,113.931907654,52.4352874756,93.5692443848,161.336105347,199.851394653,108.097511292,44.4421730042,29.0127353668,38.8084373474,48.6973228455,18.5476951599],[372.841888428,-73.4711151123,45.665271759,99.1189727783,71.8067321777,87.8837356567,108.097511292,196.029159546,80.4092941284,13.5889167786,14.7586746216,36.7434921265,34.6238632202],[-47.5428276062,-77.6771850586,67.4013366699,59.6091804504,45.1177597046,63.0276565552,44.4421730042,80.4092941284,137.047454834,53.9195899963,2.01629137993,-4.14963197708,6.26009702682],[-120.131080627,-50.1673774719,45.7852592468,32.3419303894,28.0528907776,38.6395950317,29.0127353668,13.5889167786,53.9195899963,114.65549469,52.8208198547,14.4892206192,14.2819280624],[-33.6178627014,-31.5561084747,31.9480266571,17.5100765228,30.8361301422,58.4673233032,38.8084373474,14.7586746216,2.01629137993,52.8208198547,146.047454834,88.9006500244,11.0084848404],[247.331451416,-36.7172737122,14.0317964554,21.8079185486,31.1766834259,48.2288742065,48.6973228455,36.7434921265,-4.14963197708,14.4892206192,88.9006500244,177.001525879,85.5195388794],[140.909301758,-14.4201564789,13.6208133698,18.6034202576,24.839056015,3.82635498047,18.5476951599,34.6238632202,6.26009702682,14.2819280624,11.0084848404,85.5195388794,159.874389648]],"icov":[[0.000161131189088,-0.000100279758044,0.00032655877294,-0.00030184010393,0.000416222086642,-0.000359362456948,0.00021681166254,-0.000409955537179,0.000176125860889,-0.0000484450247313,0.000203708914341,-0.000276442297036,-0.00000491812670589],[-0.000100279758044,0.00069348764373,-0.0000391576322727,0.000256101804553,-0.00056421442423,0.000486875476781,-0.000412278051954,0.000486833043396,0.00000979973356152,0.000204914918868,-0.000181915704161,0.000328214839101,-0.0000388566913898],[0.00032655877294,-0.0000391576322727,0.00265336525626,-0.000279033090919,-0.000285809481284,-0.00029247009661,-0.000744383374695,-0.000193698171643,-0.000496267864946,-0.0000362876271538,0.0000963478014455,-0.000246368028456,-0.000157403352205],[-0.00030184010393,0.000256101804553,-0.000279033090919,0.00482929265127,-0.00175812700763,0.000529934011865,0.0000653580573271,-0.00108433282003,-0.000680000521243,-0.000723905628547,-0.000245284318225,0.000368592445739,0.000149695275468],[0.000416222086642,-0.00056421442423,-0.000285809481284,-0.00175812700763,0.00914677605033,-0.00457923207432,0.0010871286504,-0.00205437280238,0.000860084779561,-0.000405042461352,0.00054599205032,-0.000442934280727,-0.000979674514383],[-0.000359362456948,0.000486875476781,-0.00029247009661,0.000529934011865,-0.00457923207432,0.010034811683,-0.00651570269838,0.00241207121871,-0.00275468500331,0.00104156543966,-0.00220132805407,0.000409457134083,0.000976092880592],[0.00021681166254,-0.000412278051954,-0.000744383374695,0.0000653580573271,0.0010871286504,-0.00651570269838,0.0132286688313,-0.00607875641435,0.00286740274169,-0.0022388342768,0.00148877885658,-0.00192346784752,0.000610440096352],[-0.000409955537179,0.000486833043396,-0.000193698171643,-0.00108433282003,-0.00205437280238,0.00241207121871,-0.00607875641435,0.0122556500137,-0.00630037952214,0.00371221802197,-0.00154033536091,0.000698728894349,-0.00149222940672],[0.000176125860889,0.00000979973356152,-0.000496267864946,-0.000680000521243,0.000860084779561,-0.00275468500331,0.00286740274169,-0.00630037952214,0.0143575239927,-0.00713396351784,0.00352175137959,-0.000296859507216,0.000922570063267],[-0.0000484450247313,0.000204914918868,-0.0000362876271538,-0.000723905628547,-0.000405042461352,0.00104156543966,-0.0022388342768,0.00371221802197,-0.00713396351784,0.015532899648,-0.00740766851231,0.00347757921554,-0.00281609967351],[0.000203708914341,-0.000181915704161,0.0000963478014455,-0.000245284318225,0.00054599205032,-0.00220132805407,0.00148877885658,-0.00154033536091,0.00352175137959,-0.00740766851231,0.0150232408196,-0.00872934330255,0.00411197030917],[-0.000276442297036,0.000328214839101,-0.000246368028456,0.000368592445739,-0.000442934280727,0.000409457134083,-0.00192346784752,0.000698728894349,-0.000296859507216,0.00347757921554,-0.00872934330255,0.0137427039444,-0.00666696904227],[-0.00000491812670589,-0.0000388566913898,-0.000157403352205,0.000149695275468,-0.000979674514383,0.000976092880592,0.000610440096352,-0.00149222940672,0.000922570063267,-0.00281609967351,0.00411197030917,-0.00666696904227,0.0101315109059]],"mean":[-733.317626953,155.659439087,-44.3935890198,-0.170829966664,-18.3537826538,-12.4757871628,-14.2065906525,-8.51504898071,-8.32900238037,-0.337071448565,2.12984633446,4.1910405159,4.43296718597]},"pitch_salience":{"dmean":0.048965152353,"dmean2":0.0753846764565,"dvar":0.00195139367133,"dvar2":0.00476750545204,"max":0.996988773346,"mean":0.47787669301,"median":0.476967185736,"min":0.0810321122408,"var":0.0101423757151},"silence_rate_20dB":{"dmean":0,"dmean2":0,"dvar":0,"dvar2":0,"max":1,"mean":1,"median":1,"min":1,"var":0},"silence_rate_30dB":{"dmean":0.000191241153516,"dmean2":0.000382518890547,"dvar":0.000191199811525,"dvar2":0.000573612865992,"max":1,"mean":0.99990439415,"median":1,"min":0,"var":0.0000956010990194},"silence_rate_60dB":{"dmean":0.0195065978914,"dmean2":0.0390169247985,"dvar":0.0191268268973,"dvar2":0.0432354956865,"max":1,"mean":0.168754190207,"median":0,"min":0,"var":0.140281334519},"spectral_centroid":{"dmean":121.17943573,"dmean2":180.623153687,"dvar":21563.5644531,"dvar2":40260.796875,"max":11842.1074219,"mean":1109.30322266,"median":1022.63305664,"min":283.244262695,"var":464074.46875},"spectral_complexity":{"dmean":1.44826924801,"dmean2":2.40355753899,"dvar":2.02694964409,"dvar2":4.93879127502,"max":35,"mean":12.8327760696,"median":13,"min":0,"var":46.2422142029},"spectral_contrast_coeffs":{"dmean":[0.0386322438717,0.0333366952837,0.0327847339213,0.0281644687057,0.0201017837971,0.0131482044235],"dmean2":[0.0635364428163,0.0515825524926,0.0502348467708,0.0451680794358,0.0329058207572,0.0213266368955],"dvar":[0.00102713762317,0.000813567545265,0.000733950175345,0.000538959051482,0.000271772965789,0.000120554221212],"dvar2":[0.00276800384745,0.00200447486714,0.00170124589931,0.00135641614906,0.000703511934262,0.000300378160318],"max":[-0.269319593906,-0.317643165588,-0.409247517586,-0.364585936069,-0.50257819891,-0.613778352737],"mean":[-0.63316988945,-0.628800690174,-0.647457718849,-0.643912434578,-0.712030887604,-0.753411412239],"median":[-0.633839488029,-0.630563735962,-0.641298294067,-0.641550123692,-0.696773290634,-0.746290683746],"min":[-0.955589413643,-0.996993005276,-0.996440827847,-0.986318230629,-0.99016559124,-0.962652981281],"var":[0.0142834298313,0.0081466268748,0.00712013989687,0.00734661798924,0.0061029526405,0.00232828804292]},"spectral_contrast_valleys":{"dmean":[0.36487030983,0.263405740261,0.247988373041,0.208578437567,0.159264177084,0.14721827209],"dmean2":[0.612616419792,0.417986690998,0.393347144127,0.338115543127,0.252904474735,0.218081206083],"dvar":[0.0970964059234,0.0603479258716,0.0504944287241,0.039782229811,0.0362900942564,0.0532086417079],"dvar2":[0.245001897216,0.133705407381,0.107888713479,0.0830371379852,0.0657203197479,0.0790950357914],"max":[-5.74735116959,-4.88822126389,-5.88513851166,-6.43250083923,-6.89795827866,-8.99219322205],"mean":[-9.30403327942,-7.53847551346,-8.51205730438,-9.21329402924,-9.40605163574,-12.3768939972],"median":[-9.60194778442,-7.16622018814,-8.23974704742,-8.95353031158,-9.17033481598,-12.1392650604],"min":[-27.6173171997,-27.3592300415,-27.5575256348,-27.1959590912,-27.1671123505,-27.1584815979],"var":[2.54307746887,2.79223871231,2.54328370094,2.57571554184,2.33670449257,1.7965285778]},"spectral_decrease":{"dmean":8.75611194662e-10,"dmean2":1.25483934355e-9,"dvar":1.70294423082e-18,"dvar2":4.04000925512e-18,"max":5.96487674182e-15,"mean":-4.66257343845e-9,"median":-3.31297367318e-9,"min":-2.74458926697e-8,"var":1.81288658447e-17},"spectral_energy":{"dmean":0.00357481953688,"dmean2":0.00512640969828,"dvar":0.0000288252776954,"dvar2":0.000068107205152,"max":0.11823887378,"mean":0.0191197376698,"median":0.0135132381693,"min":6.52593484893e-14,"var":0.000307969487039},"spectral_energyband_high":{"dmean":0.000047459587222,"dmean2":0.0000672872702125,"dvar":2.39359891907e-8,"dvar2":4.19297734311e-8,"max":0.0042955474928,"mean":0.000131635431899,"median":0.0000299902276311,"min":2.74440402858e-14,"var":1.16856675447e-7},"spectral_energyband_low":{"dmean":0.000484639953356,"dmean2":0.000770037237089,"dvar":0.00000306408037432,"dvar2":0.00000784062012826,"max":0.0473805256188,"mean":0.00150589912664,"median":0.0000428944185842,"min":3.68768180617e-19,"var":0.000016122839952},"spectral_energyband_middle_high":{"dmean":0.0022493172437,"dmean2":0.00331028760411,"dvar":0.0000187065634236,"dvar2":0.0000443640783487,"max":0.107461594045,"mean":0.00799717195332,"median":0.0037833598908,"min":1.36661672139e-16,"var":0.000114867558295},"spectral_energyband_middle_low":{"dmean":0.00218217889778,"dmean2":0.00294515071437,"dvar":0.000010717438272,"dvar2":0.0000240900571953,"max":0.0983664542437,"mean":0.00965075846761,"median":0.00705197174102,"min":2.14292172271e-17,"var":0.0000886626949068},"spectral_entropy":{"dmean":0.112920306623,"dmean2":0.16024337709,"dvar":0.0169993489981,"dvar2":0.0319408588111,"max":9.81257724762,"mean":6.59016370773,"median":6.64843463898,"min":4.64981460571,"var":0.3403403759},"spectral_flux":{"dmean":0.00993610732257,"dmean2":0.016627592966,"dvar":0.000142806049553,"dvar2":0.000392684596591,"max":0.216546475887,"mean":0.0412250459194,"median":0.0360812209547,"min":0.0000803575021564,"var":0.000833230151329},"spectral_kurtosis":{"dmean":5.13675832748,"dmean2":8.91836643219,"dvar":39.1271514893,"dvar2":111.90335083,"max":121.709228516,"mean":14.7559146881,"median":10.5494909286,"min":-1.24216842651,"var":186.601394653},"spectral_rms":{"dmean":0.000362336664693,"dmean2":0.00050492020091,"dvar":1.74542819309e-7,"dvar2":3.9334886992e-7,"max":0.0107403444126,"mean":0.00379555742256,"median":0.00363092916086,"min":7.97920129969e-9,"var":0.00000424718155045},"spectral_rolloff":{"dmean":220.657318115,"dmean2":393.873016357,"dvar":696948.4375,"dvar2":1760434.875,"max":21899.2675781,"mean":1689.56726074,"median":1313.52539062,"min":43.06640625,"var":8533583},"spectral_skewness":{"dmean":0.409673988819,"dmean2":0.701338887215,"dvar":0.170860797167,"dvar2":0.486073642969,"max":8.73210906982,"mean":2.49645113945,"median":2.20915460587,"min":-0.0104908943176,"var":1.08079993725},"spectral_spread":{"dmean":243317.0625,"dmean2":379953.6875,"dvar":150183690240,"dvar2":243388301312,"max":44895152,"mean":2897224.25,"median":2414493.5,"min":638304.4375,"var":11725625622500},"spectral_strongpeak":{"dmean":0.657504618168,"dmean2":1.046916008,"dvar":1.21141684055,"dvar2":2.86859083176,"max":15.5082607269,"mean":2.03974270821,"median":1.44077277184,"min":0,"var":4.10197353363},"zerocrossingrate":{"dmean":0.00474563799798,"dmean2":0.0057429196313,"dvar":0.000101139667095,"dvar2":0.0001327785576,"max":0.9033203125,"mean":0.0606648959219,"median":0.0458984375,"min":0.00927734375,"var":0.00955655425787}},"metadata":{"audio_properties":{"analysis_sample_rate":44100,"bit_rate":0,"codec":"flac","downmix":"mix","equal_loudness":0,"length":242.826660156,"lossless":true,"md5_encoded":"997ffbc26ea98c4eeccca1031ebfc84d","replay_gain":-14.0486392975,"sample_rate":44100},"tags":{"acoustid_id":["73ca03ae-d35f-45f9-9a95-9a298709eaea"],"album":["Plastic Beach"],"albumartist":["Gorillaz"],"albumartistsort":["Gorillaz"],"artist":["Gorillaz"],"artistsort":["Gorillaz"],"date":["2010"],"file_name":"17 - Pirate's Progress.flac","musicbrainz_albumartistid":["e21857d5-3256-4547-afb3-4b6ded592596"],"musicbrainz_albumid":["a00fbef0-2a8f-4f68-b787-e8fe10517155"],"musicbrainz_artistid":["e21857d5-3256-4547-afb3-4b6ded592596"],"musicbrainz_recordingid":["c48c9716-c808-4315-95e2-ebbdb3a28704"],"title":["Pirate's Progress"],"totaltracks":["17"],"tracknumber":["17"],"tracktotal":["17"]},"version":{"essentia":"2.1-beta1","essentia_build_sha":"ca57ba49d9b1854bd80e60cf9ccf267278fb7d6b","essentia_git_sha":"v2.1_beta1-28-g21ef5f4-dirty","extractor":"music 1.0"}},"rhythm":{"beats_count":444,"beats_loudness":{"dmean":0.00840010400862,"dmean2":0.0146507825702,"dvar":0.0000887896094355,"dvar2":0.000244284223299,"max":0.0973489433527,"mean":0.0220678709447,"median":0.0139450039715,"min":1.61473519e-8,"var":0.000424707046477},"beats_loudness_band_ratio":{"dmean":[0.0987770408392,0.143462449312,0.180579543114,0.140130653977,0.0558479465544,0.0150670772418],"dmean2":[0.185582071543,0.250198215246,0.316197812557,0.248685345054,0.100299671292,0.026123251766],"dvar":[0.0264952685684,0.0188003331423,0.0195015110075,0.017708864063,0.00616422994062,0.0010190323228],"dvar2":[0.0900206565857,0.0520602688193,0.0567017607391,0.0464648753405,0.0173176992685,0.00232146121562],"max":[0.98