{"lowlevel":{"average_loudness":0.883316874504,"barkbands":{"dmean":[0.00693645467982,0.0109558729455,0.00325120356865,0.00118141795974,0.00104091630783,0.000685502134729,0.000733731198125,0.000612413336057,0.000470292317914,0.00048331101425,0.000719232542906,0.0012324511772,0.000523590191733,0.000330779323122,0.000280364532955,0.000194805892534,0.000180304719834,0.000233467289945,0.000244300288614,0.000275682541542,0.000131423177663,0.0000344433938153,0.0000100555744211,0.00000276912032859,0.00000241153634306,0.00000303915203403,0.0000699786323821],"dmean2":[0.0113373808563,0.0189245957881,0.00555036915466,0.00203892891295,0.00175283383578,0.00110808108002,0.00120530207641,0.00102202175185,0.000768031983171,0.000794994644821,0.0012169315014,0.00208463147283,0.000885800633114,0.000561486289371,0.000474223808851,0.00032307417132,0.000293921650155,0.000369329529349,0.000377801683499,0.00040828215424,0.0001930683502,0.0000546427108929,0.0000157283793669,0.00000455571898783,0.00000402314753956,0.00000488898331241,0.0000948891465669],"dvar":[0.000170773113496,0.000349846988684,0.00002340672836,0.00000245135879595,0.00000219355911213,0.00000245955402534,0.0000015702245264,0.000001774783982,0.00000110215455607,0.00000147418199958,0.00000145312117183,0.0000025167437343,4.85537611894e-7,2.89658800057e-7,2.74037432746e-7,1.37316845894e-7,1.13647239175e-7,2.6332293146e-7,2.86529342475e-7,3.24144650676e-7,7.12507741696e-8,1.68126721434e-8,9.50680867362e-10,2.44662744925e-11,1.93403747878e-11,3.20565518575e-11,1.09452500396e-8],"dvar2":[0.000386418978451,0.000948269385844,0.0000635430915281,0.00000698109261066,0.00000573342731514,0.00000560672515348,0.0000037644610984,0.00000474587704957,0.00000248494279731,0.00000380461642635,0.00000374741625819,0.00000644851161269,0.00000131302294903,7.52853736685e-7,7.14403654456e-7,3.37677477091e-7,2.79827474969e-7,6.01286842539e-7,6.45003979116e-7,6.87196802573e-7,1.52435461587e-7,4.46225598694e-8,2.39982411721e-9,5.83245396424e-11,4.68518487895e-11,7.78210343388e-11,2.02456273968e-8],"max":[0.177969232202,0.242440119386,0.0642687082291,0.0254602879286,0.0242930967361,0.0522069483995,0.0388980098069,0.039573431015,0.0328378938138,0.035553663969,0.03214398399,0.0420150794089,0.0233031138778,0.0140984514728,0.0107025215402,0.00952307973057,0.00927166175097,0.0147819435224,0.0124784950167,0.0107846036553,0.00796280335635,0.0040578879416,0.000724940677173,0.000101292513136,0.0000767875317251,0.000145105077536,0.0028899370227],"mean":[0.00680824322626,0.0123036038131,0.00409943936393,0.00151265074965,0.00175687472802,0.00118419248611,0.00126513815485,0.000955521885771,0.00078732916154,0.000736980000511,0.00118724710774,0.00234956364147,0.000970689521637,0.000576152757276,0.000512188184075,0.000360926729627,0.000358843710274,0.000429256120697,0.00047013911535,0.000528621778358,0.00027174531715,0.0000538209205843,0.0000162498945429,0.00000303220213027,0.00000227899704441,0.00000400130738853,0.000265254057012],"median":[0.00161587621551,0.00625901296735,0.00227697286755,0.000950270099565,0.00119947176427,0.000465275254101,0.000677519128658,0.000539354514331,0.000407884130254,0.000319023791235,0.000777370063588,0.00192355713807,0.000778383633588,0.000436048168922,0.000320361345075,0.000244834605837,0.000228365461226,0.000187833036762,0.000165123201441,0.000256787403487,0.000142253658851,0.0000266609968094,0.00000827349322208,0.00000133620642373,7.04444062194e-7,0.00000204925572689,0.00018450661446],"min":[4.82786571781e-25,5.12679637341e-24,2.19694384793e-25,1.31452576499e-24,1.1153244433e-23,6.60500535281e-24,6.70580521042e-24,1.03715306076e-23,1.19791873228e-23,1.31677317054e-23,1.22092104853e-23,1.97218145091e-23,3.98258952356e-23,3.21937417082e-23,4.58658434663e-23,4.60086809327e-23,6.44947369451e-23,1.29943642176e-22,1.16361628333e-22,1.77603235434e-22,2.61464476048e-22,3.53552816462e-22,4.51096565487e-22,6.36578590232e-22,8.0197109189e-22,1.29766412267e-21,1.98582740035e-21],"var":[0.000191356200958,0.000325941829942,0.0000290908064926,0.00000307629397867,0.00000371268151866,0.00000823529353511,0.00000412929239246,0.00000383370343116,0.00000242454007093,0.00000243410568146,0.00000293929656436,0.0000044366347538,7.81397375249e-7,4.39764704652e-7,5.5088304407e-7,2.46882336796e-7,2.57274393789e-7,6.13195879851e-7,6.81917470047e-7,7.12291523541e-7,1.63203637271e-7,1.39390472498e-8,9.26111409782e-10,2.66528379228e-11,1.96171360406e-11,3.73350621252e-11,6.72077433705e-8]},"barkbands_crest":{"dmean":3.04521512985,"dmean2":5.08055877686,"dvar":6.59650278091,"dvar2":17.2353878021,"max":25.8776817322,"mean":9.19415950775,"median":8.52164268494,"min":2.33048677444,"var":13.859372139},"barkbands_flatness_db":{"dmean":0.0268463231623,"dmean2":0.0436978451908,"dvar":0.000605396693572,"dvar2":0.00150971324183,"max":0.409785717726,"mean":0.126900136471,"median":0.117287293077,"min":0.00953257456422,"var":0.00238024746068},"barkbands_kurtosis":{"dmean":2.78520894051,"dmean2":4.68069791794,"dvar":24.4078063965,"dvar2":62.1557693481,"max":216.149429321,"mean":3.11373996735,"median":1.23871207237,"min":-1.89557945728,"var":79.6258850098},"barkbands_skewness":{"dmean":0.628432750702,"dmean2":1.02109527588,"dvar":0.408374071121,"dvar2":1.00897049904,"max":12.4572639465,"mean":1.39859330654,"median":1.24289870262,"min":-2.14657258987,"var":1.18247795105},"barkbands_spread":{"dmean":6.33705854416,"dmean2":10.0741834641,"dvar":41.1255493164,"dvar2":97.8549880981,"max":129.826248169,"mean":27.7303752899,"median":26.2001113892,"min":0.703773438931,"var":209.477005005},"dissonance":{"dmean":0.0120188873261,"dmean2":0.0207524336874,"dvar":0.000213725841604,"dvar2":0.000593318312895,"max":0.500000119209,"mean":0.48274949193,"median":0.487817078829,"min":0.225369498134,"var":0.000361265527317},"dynamic_complexity":3.72920370102,"erbbands":{"dmean":[0.578748345375,1.68319475651,3.55294680595,3.74211192131,3.73025655746,3.54002857208,4.02067089081,6.57615375519,9.59441184998,13.2318258286,10.9703216553,10.5849285126,13.7912197113,17.035741806,33.8443183899,48.4980659485,23.7765197754,15.5125818253,13.9588956833,13.6323547363,9.23694038391,9.76811695099,12.08273983,11.7642402649,12.822561264,13.3972206116,8.4090423584,3.4057366848,1.20233333111,0.826521933079,0.213017612696,0.0755733549595,0.0412050671875,0.0273243002594,0.0169906038791,0.00948399305344,0.0057354751043,0.00704827578738,0.00842536427081,0.00152680289466],"dmean2":[1.0212430954,2.87050461769,6.04537677765,6.4055480957,6.3907866478,5.96021604538,6.64848804474,10.5524263382,15.851190567,21.7860660553,18.2755393982,17.3085956573,22.7337779999,28.0215740204,57.3086128235,82.1988372803,40.0575904846,26.0436153412,23.765794754,22.9089050293,15.1396570206,15.7914199829,19.126707077,18.1686706543,19.7295284271,19.9928741455,12.5829944611,5.07378101349,1.85866129398,1.34408307076,0.328794121742,0.120977811515,0.0684997737408,0.0455663949251,0.0283228568733,0.0157700087875,0.00918401777744,0.0105555979535,0.0117438649759,0.0020645763725],"dvar":[1.24303197861,6.31676435471,28.1364440918,25.5755805969,24.566778183,33.8699226379,50.1825485229,270.620788574,486.067504883,433.388946533,779.736694336,574.958312988,1491.234375,1369.59057617,2732.89916992,3536.50732422,1064.06494141,743.450317383,553.26348877,686.125976562,312.834197998,361.044769287,716.959533691,675.949768066,784.755737305,778.029418945,282.53326416,62.0229721069,15.7601642609,14.6894407272,0.338661342859,0.0180492959917,0.00558701576665,0.00248762127012,0.000959232624155,0.000294903875329,0.000109387336124,0.000642194296233,0.000256357161561,0.00000447724096375],"dvar2":[3.4405066967,16.6503372192,75.0998458862,70.8992843628,68.0322265625,86.3887329102,126.661354065,604.807495117,1169.60571289,1039.69702148,2152.97607422,1278.6237793,3812.28344727,3288.13427734,7028.67529297,9429.40234375,2893.03613281,1901.18347168,1522.2779541,1689.10229492,736.037109375,877.942871094,1650.01928711,1465.67614746,1785.10766602,1675.18005371,596.649963379,141.077163696,40.603302002,40.0233230591,0.854345440865,0.0427854135633,0.0134695498273,0.00602815626189,0.00232302723452,0.000711515720468,0.000262379355263,0.00169812957756,0.000492788327392,0.00000831928173284],"max":[14.1280899048,31.4219989777,62.5345649719,76.9602355957,77.3583908081,132.29196167,132.731552124,612.188049316,688.271850586,828.13494873,969.126342773,897.254211426,1096.41540527,1238.07836914,1722.26733398,1354.16931152,1235.07751465,808.297180176,451.489959717,712.385559082,483.656463623,497.347900391,852.608276367,663.7890625,711.804138184,589.750793457,339.673034668,253.321960449,114.901527405,125.524879456,15.5273246765,3.28180241585,1.26772987843,0.865439176559,0.542808711529,0.302737593651,0.257037460804,1.16534912586,0.578752815723,0.0605826713145],"mean":[0.556572496891,2.02935838699,4.54318523407,5.37381029129,5.36733627319,5.43246841431,6.91034317017,11.3692893982,17.1678390503,21.7511386871,18.3353233337,18.2810630798,21.5498752594,30.6149806976,63.9515075684,93.9976654053,50.1793861389,30.0278606415,27.0902347565,26.5166950226,19.5219993591,20.3196964264,22.8502922058,23.1514110565,24.4482040405,25.2542133331,16.9305763245,6.97622442245,2.09748911858,1.18769621849,0.355027705431,0.104496642947,0.0405796840787,0.025963133201,0.0161472968757,0.00926073547453,0.007896495983,0.0142337400466,0.0270207226276,0.00633578235283],"median":[0.20800639689,1.12605392933,2.61064434052,3.51728439331,3.66190886497,3.280418396,3.39621019363,3.97016096115,6.63938808441,14.0337123871,10.6048374176,9.42676639557,9.39254951477,16.2579650879,48.2674407959,77.8124847412,41.8827362061,22.8386039734,20.145324707,16.4178771973,13.9976100922,12.6854867935,10.7118263245,7.98654747009,9.65660667419,12.2791442871,8.60518455505,3.80052232742,1.11314940453,0.528576374054,0.188566178083,0.057138055563,0.013818429783,0.00812946259975,0.00504718534648,0.00309460656717,0.00418535154313,0.00816567521542,0.0164932943881,0.00472011091188],"min":[1.2199312332e-22,5.64531734432e-22,9.83837331655e-22,4.9771372639e-21,1.44021288869e-20,4.25528041168e-20,4.18818637047e-20,5.93500086179e-20,9.95423333033e-20,1.87443921867e-19,3.23724473951e-19,2.64336783378e-19,4.36668645367e-19,5.88399832693e-19,1.04184794018e-18,7.9209497139e-19,2.23837638017e-18,1.97949345706e-18,2.60802209602e-18,2.79648734037e-18,3.40605948123e-18,3.92079888037e-18,6.75942176717e-18,6.74664554902e-18,7.6103511487e-18,8.25840910833e-18,8.38833023124e-18,1.13341528303e-17,1.19008302797e-17,1.13936138814e-17,1.1256674131e-17,1.13685536176e-17,1.03068036085e-17,7.67357835318e-18,6.40699071385e-18,3.56991134607e-18,2.08513372707e-18,9.99071535576e-19,2.54928250145e-19,2.67281717611e-20],"var":[1.02877211571,6.92828702927,34.162651062,35.1143455505,32.4566764832,53.4997406006,120.137939453,972.84185791,1342.83007812,1078.88952637,1455.5480957,1387.4822998,2313.15649414,2758.59301758,5128.2265625,6356.87402344,1768.7076416,1152.16845703,855.568664551,1638.4375,658.361938477,835.954833984,1645.7713623,1740.89001465,1736.12597656,1650.05993652,656.529907227,113.99344635,15.5267705917,10.4319124222,0.362469315529,0.0228473264724,0.00575628317893,0.00252280081622,0.000974630529527,0.000303435401293,0.000134433998028,0.00064132414991,0.00107623194344,0.0000324738648487]},"erbbands_crest":{"dmean":2.53666687012,"dmean2":4.26231384277,"dvar":5.0945763588,"dvar2":13.7222757339,"max":30.154882431,"mean":8.32509613037,"median":7.6626625061,"min":2.36702203751,"var":11.3077077866},"erbbands_flatness_db":{"dmean":0.0204374548048,"dmean2":0.0324071310461,"dvar":0.000329020200297,"dvar2":0.000799072906375,"max":0.456767767668,"mean":0.158430933952,"median":0.156305581331,"min":0.0311303175986,"var":0.0015097912401},"erbbands_kurtosis":{"dmean":0.800072312355,"dmean2":1.31265437603,"dvar":1.23011803627,"dvar2":3.05661320686,"max":39.3844146729,"mean":0.680177628994,"median":0.310633301735,"min":-1.54232060909,"var":2.88446831703},"erbbands_skewness":{"dmean":0.273182630539,"dmean2":0.430477708578,"dvar":0.0637106895447,"dvar2":0.147794678807,"max":4.42174053192,"mean":-0.130779534578,"median":-0.149390518665,"min":-3.3874206543,"var":0.31761226058},"erbbands_spread":{"dmean":5.60993623734,"dmean2":9.02053070068,"dvar":24.345659256,"dvar2":60.4889411926,"max":102.813659668,"mean":28.0572052002,"median":27.1393280029,"min":1.79531908035,"var":109.882774353},"gfcc":{"cov":[[25217.0332031,2156.07836914,-2763.97875977,514.307739258,462.893676758,-1088.9074707,1196.66223145,-709.117614746,47.8513793945,-123.310432434,237.165420532,-140.291931152,38.5347633362],[2156.07836914,1099.39416504,-179.333816528,-178.425491333,103.563796997,-123.149879456,126.653587341,-128.062240601,84.8722915649,-40.001159668,44.1592292786,-32.282333374,19.6297988892],[-2763.97875977,-179.333816528,627.241088867,-29.0299091339,-142.910186768,269.311767578,-260.675994873,190.892700195,-60.0541114807,68.158164978,-34.1938209534,7.89558506012,11.3895368576],[514.307739258,-178.425491333,-29.0299091339,269.732147217,79.7633743286,-48.9491157532,126.143577576,-44.9024391174,8.98279857635,-0.553324401379,0.226967260242,12.2734603882,-24.2645015717],[462.893676758,103.563796997,-142.910186768,79.7633743286,216.293182373,-49.3226470947,122.387023926,-56.3541603088,29.898765564,-24.3744983673,22.6522254944,-13.8484983444,14.5469179153],[-1088.9074707,-123.149879456,269.311767578,-48.9491157532,-49.3226470947,299.172668457,-172.894302368,135.448623657,-48.7973594666,42.3702926636,-38.1232948303,3.17138266563,8.96054553986],[1196.66223145,126.653587341,-260.675994873,126.143577576,122.387023926,-172.894302368,314.32019043,-139.728530884,85.5742874146,-33.68491745,23.3337402344,4.1221075058,-26.4037666321],[-709.117614746,-128.062240601,190.892700195,-44.9024391174,-56.3541603088,135.448623657,-139.728530884,191.890457153,-37.0955619812,46.9876060486,5.82169151306,-8.64748191833,30.0429573059],[47.8513793945,84.8722915649,-60.0541114807,8.98279857635,29.898765564,-48.7973594666,85.5742874146,-37.0955619812,102.551055908,10.96459198,9.76007652283,13.4789094925,-19.4420204163],[-123.310432434,-40.001159668,68.158164978,-0.553324401379,-24.3744983673,42.3702926636,-33.68491745,46.9876060486,10.96459198,74.1020965576,22.8507919312,0.401224076748,16.1420879364],[237.165420532,44.1592292786,-34.1938209534,0.226967260242,22.6522254944,-38.1232948303,23.3337402344,5.82169151306,9.76007652283,22.8507919312,56.1882209778,16.9921627045,18.485250473],[-140.291931152,-32.282333374,7.89558506012,12.2734603882,-13.8484983444,3.17138266563,4.1221075058,-8.64748191833,13.4789094925,0.401224076748,16.9921627045,51.4654884338,11.2399358749],[38.5347633362,19.6297988892,11.3895368576,-24.2645015717,14.5469179153,8.96054553986,-26.4037666321,30.0429573059,-19.4420204163,16.1420879364,18.485250473,11.2399358749,66.0528717041]],"icov":[[0.000202178343898,-0.000554909580387,0.00119022361469,-0.00102859351318,0.000759362068493,-0.000310872565024,0.0000243206995947,-0.000303374254145,0.000614552292973,-0.000426210375736,-0.000151213782374,0.000383515114663,-0.000251379009569],[-0.000554909580387,0.00310270255432,-0.00361913954839,0.0039797523059,-0.00209250138141,0.000313859607559,-0.000455299945315,0.00229430082254,-0.00322927185334,0.00285597937182,-0.0021725432016,0.00155653432012,-0.000624917505775],[0.00119022361469,-0.00361913954839,0.010700840503,-0.00765815470368,0.00584813812748,-0.00366300716996,0.00194627093151,-0.00307348836213,0.00300989486277,-0.00304051674902,-0.000357487151632,0.0019666031003,-0.00149793247692],[-0.00102859351318,0.0039797523059,-0.00765815470368,0.013785360381,-0.00854292139411,0.00438339449465,-0.00428303610533,0.000716707960237,0.00198710290715,-0.00367236766033,0.00627921102569,-0.00844750273973,0.00621316535398],[0.000759362068493,-0.00209250138141,0.00584813812748,-0.00854292139411,0.0143977049738,-0.00664429320022,-0.000187550089322,0.00200653751381,-0.00423133186996,0.00817830301821,-0.0120148025453,0.0136022092775,-0.00942117534578],[-0.000310872565024,0.000313859607559,-0.00366300716996,0.00438339449465,-0.00664429320022,0.0113560222089,0.00030784716364,-0.00483802193776,0.0050470107235,-0.00869392231107,0.013659526594,-0.0116075072438,0.00633892044425],[0.0000243206995947,-0.000455299945315,0.00194627093151,-0.00428303610533,-0.000187550089322,0.00030784716364,0.0099299158901,0.0023379875347,-0.00587989529595,0.00283494801261,-0.00333234621212,0.00283662742004,-0.000855965598021],[-0.000303374254145,0.00229430082254,-0.00307348836213,0.000716707960237,0.00200653751381,-0.00483802193776,0.0023379875347,0.014212843962,-0.0053385393694,0.00451928190887,-0.0108431708068,0.0102968579158,-0.00642048940063],[0.000614552292973,-0.00322927185334,0.00300989486277,0.00198710290715,-0.00423133186996,0.0050470107235,-0.00587989529595,-0.0053385393694,0.0253644715995,-0.0175466425717,0.0137972459197,-0.0168204214424,0.0118919434026],[-0.000426210375736,0.00285597937182,-0.00304051674902,-0.00367236766033,0.00817830301821,-0.00869392231107,0.00283494801261,0.00451928190887,-0.0175466425717,0.0369307808578,-0.0272343736142,0.0214188639075,-0.0131818205118],[-0.000151213782374,-0.0021725432016,-0.000357487151632,0.00627921102569,-0.0120148025453,0.013659526594,-0.00333234621212,-0.0108431708068,0.0137972459197,-0.0272343736142,0.0516759194434,-0.0312920212746,0.00907465536147],[0.000383515114663,0.00155653432012,0.0019666031003,-0.00844750273973,0.0136022092775,-0.0116075072438,0.00283662742004,0.0102968579158,-0.0168204214424,0.0214188639075,-0.0312920212746,0.047684583813,-0.0186413731426],[-0.000251379009569,-0.000624917505775,-0.00149793247692,0.00621316535398,-0.00942117534578,0.00633892044425,-0.000855965598021,-0.00642048940063,0.0118919434026,-0.0131818205118,0.00907465536147,-0.0186413731426,0.0291596520692]],"mean":[-15.2689552307,105.616737366,-115.02935791,9.86219787598,-8.35190391541,-14.1310806274,14.6244764328,-19.6151943207,-6.74177360535,-2.43725681305,-1.11969983578,-3.28789544106,-8.55168056488]},"hfc":{"dmean":8.49265289307,"dmean2":12.8024120331,"dvar":127.526939392,"dvar2":263.869750977,"max":201.273773193,"mean":37.639465332,"median":30.5271224976,"min":1.0789694941e-16,"var":767.873779297},"melbands":{"dmean":[0.00418122811243,0.00182678364217,0.000618777005002,0.000243427362875,0.000141206051921,0.000145279162098,0.000142194097862,0.000145054000313,0.0000839628919493,0.0000696096030879,0.0000709969099262,0.0000690913730068,0.000107177322207,0.000145039492054,0.0000992738641798,0.0000416168295487,0.0000311017938657,0.0000246258059633,0.0000215947748075,0.0000158722996275,0.0000117017916637,0.0000110603214125,0.0000108624853965,0.0000118094103527,0.0000100777815533,0.00000993536377791,0.00000955062569119,0.00000950612502493,0.00000655906887914,0.00000309349775307,0.00000194498079509,7.14303894256e-7,6.17836917627e-7,3.88950383012e-7,1.24102172094e-7,7.41857704156e-8,3.73630619777e-8,2.9300712967e-8,2.53128114025e-8,2.22632561275e-8],"dmean2":[0.00720976432785,0.00307799433358,0.00105334818363,0.000412772875279,0.000233283513808,0.000233007478528,0.000234792794799,0.000238995067775,0.000139826704981,0.000113715359475,0.000116987714136,0.000112923138659,0.000181345254532,0.000246313924436,0.000167730453541,0.0000701700701029,0.0000525775503775,0.0000421302538598,0.0000364587031072,0.000026791007258,0.0000193624764506,0.0000181206723937,0.0000175376135303,0.0000188136837096,0.0000156905716722,0.0000156189689733,0.0000146604370457,0.0000144463692777,0.0000100836987258,0.00000469664382763,0.00000301939689962,0.0000011157718518,0.0000010286290717,6.30228043974e-7,1.93418941308e-7,1.16629308877e-7,6.13049664366e-8,4.88042992686e-8,4.22092440999e-8,3.71512278718e-8],"dvar":[0.0000588871043874,0.00000642452641841,6.50218680676e-7,1.21634059269e-7,5.81906256514e-8,1.23857603285e-7,8.68805116738e-8,5.7916707874e-8,4.34701554752e-8,2.56683811983e-8,3.85343916776e-8,2.37667538983e-8,2.97028286411e-8,3.71905777286e-8,1.45974743404e-8,3.49520812293e-9,2.95143620654e-9,1.55099810772e-9,1.70790637188e-9,9.53265577586e-10,4.85677664752e-10,4.16969764272e-10,5.19614629102e-10,7.89829701642e-10,5.08574571345e-10,5.02436203753e-10,4.2327527594e-10,3.97318400402e-10,1.77359696374e-10,3.65955564463e-11,2.28880438907e-11,3.97843129968e-12,9.55243783379e-12,2.71076000188e-12,9.88815014027e-14,2.13351929304e-14,4.72203673325e-15,2.86030257266e-15,2.13914359181e-15,1.65151890017e-15],"dvar2":[0.000157602422405,0.0000167867237906,0.00000179920675691,3.27279195744e-7,1.4322381503e-7,2.79122900793e-7,2.09862108136e-7,1.41558004429e-7,1.17868687255e-7,5.64344375675e-8,9.84166916851e-8,5.70011380319e-8,7.75581270318e-8,9.63865858239e-8,3.93360153339e-8,9.4111980431e-9,7.56885221165e-9,4.28125224161e-9,4.41868319712e-9,2.40577691102e-9,1.17555098988e-9,1.0375685866e-9,1.27032284691e-9,1.83459436531e-9,1.14753007097e-9,1.21217946791e-9,9.44119893376e-10,9.02358854304e-10,3.95552562926e-10,7.99367863569e-11,5.55975161742e-11,9.96991898761e-12,2.65656854154e-11,7.26942594662e-12,2.47045873342e-13,5.20938205225e-14,1.12922485354e-14,6.92388659766e-15,5.18232544822e-15,4.0049949678e-15],"max":[0.095495775342,0.0364884212613,0.0118326749653,0.00664674863219,0.00446700723842,0.0123056946322,0.00901416037232,0.00827158521861,0.00803692080081,0.00587711390108,0.00545378774405,0.00526183424518,0.00499514536932,0.00519126839936,0.0022677408997,0.00184987892862,0.00165467674378,0.000710477062967,0.000866926973686,0.00087655056268,0.000617297482677,0.000572371471208,0.000538406369742,0.00102151499595,0.000541913905181,0.000607990717981,0.000393383117625,0.000423026300268,0.000267519091722,0.000183153839316,0.000179810260306,0.0000552815727133,0.0000897931458894,0.0000526688781974,0.00000927561723074,0.000003168418516,0.00000157920840138,8.9331149411e-7,7.94700440565e-7,7.06824607732e-7],"mean":[0.00451505137607,0.00252081989311,0.000958725868259,0.000377024960471,0.000245920557063,0.000256603700109,0.000257418170804,0.000236939478782,0.000137295137392,0.000116341368994,0.000106880055682,0.000116231101856,0.000187949990504,0.000265826733084,0.000188163525308,0.000077047967352,0.0000537585401617,0.0000441269221483,0.0000390394307033,0.0000284350426227,0.0000223211354751,0.0000213127677853,0.0000197032659344,0.0000207672474062,0.000018316997739,0.0000180409824679,0.0000170836774487,0.0000168400238181,0.0000120408494695,0.00000606072171649,0.0000034769341255,0.00000118564480545,8.23442576348e-7,5.51385255676e-7,2.00711539833e-7,1.15819609903e-7,4.18150349901e-8,2.77653953162e-8,2.39324027262e-8,2.1001044459e-8],"median":[0.00203700549901,0.00157805904746,0.000682317069732,0.000268049974693,0.00012679034262,0.000090087276476,0.000114253278298,0.000148156279465,0.0000794040824985,0.0000564974325243,0.0000446267295047,0.0000573823090235,0.00013210871839,0.000212173195905,0.000156587397214,0.0000601153733442,0.0000399367345381,0.0000336711163982,0.0000242975802394,0.0000178141526703,0.000015761328541,0.0000137832075779,0.00000936487231229,0.00000889006878424,0.00000580339565204,0.00000634525622445,0.00000748019328967,0.00000811208883533,0.00000591094521951,0.00000315640386361,0.00000182489498002,6.26275777904e-7,3.60532283139e-7,2.44214788836e-7,1.05944778284e-7,6.38860058189e-8,1.8949140923e-8,8.56274162686e-9,7.40966132895e-9,6.48965725603e-9],"min":[1.61650319862e-24,1.06710358498e-24,1.00497092793e-24,2.16051607557e-24,1.50991684906e-24,1.42510976579e-24,1.29150364833e-24,2.40718873911e-24,2.62524448724e-24,1.6007257833e-24,2.2388556827e-24,1.62617325281e-24,2.72139203766e-24,2.74537281754e-24,2.99867388484e-24,2.68789956743e-24,2.90346527611e-24,3.38066064831e-24,3.39735452279e-24,3.48600750018e-24,3.42641970841e-24,3.50669813843e-24,4.34761636922e-24,5.8913209197e-24,4.87890235597e-24,4.69367781542e-24,4.12056997335e-24,4.7129323324e-24,4.59478226804e-24,4.68480510239e-24,4.55566423347e-24,5.98134848722e-24,4.79007543475e-24,5.74999964398e-24,5.88478678483e-24,5.09948837545e-24,6.99007439306e-24,6.12603741015e-24,6.89492909042e-24,5.80495011691e-24],"var":[0.0000537858868483,0.00000839581116452,9.2817310815e-7,1.6447037865e-7,1.37539956313e-7,4.41906735205e-7,2.45984040248e-7,1.45591371847e-7,8.18372711819e-8,6.17098194766e-8,5.97792677581e-8,4.6074614346e-8,5.86992818796e-8,6.39178594497e-8,2.45714737446e-8,5.53251089386e-9,4.3491659163e-9,2.2301016589e-9,3.39954642214e-9,1.8018627701e-9,9.59045731719e-10,8.85978568288e-10,1.14423381881e-9,1.63217017679e-9,1.17809617617e-9,1.06532183075e-9,8.39752545279e-10,7.63200447285e-10,3.60364821317e-10,8.36616262379e-11,3.24592366874e-11,4.34776390237e-12,6.3416724129e-12,2.025308957e-12,1.13303748436e-13,2.8618448079e-14,5.1240072298e-15,2.90696582948e-15,2.16821736245e-15,1.6713589529e-15]},"melbands_crest":{"dmean":5.43974161148,"dmean2":9.14162158966,"dvar":23.4653453827,"dvar2":62.567855835,"max":38.6427230835,"mean":16.0973052979,"median":15.2004203796,"min":1.58849167824,"var":44.1005783081},"melbands_flatness_db":{"dmean":0.0347327776253,"dmean2":0.0565322823822,"dvar":0.000909025140572,"dvar2":0.00232066819444,"max":0.562055051327,"mean":0.225648283958,"median":0.218407168984,"min":0.00257217558101,"var":0.00437537953258},"melbands_kurtosis":{"dmean":5.84483480453,"dmean2":9.87706661224,"dvar":128.040527344,"dvar2":357.339904785,"max":750.47833252,"mean":8.1934299469,"median":4.21140861511,"min":-1.69930100441,"var":750.700256348},"melbands_skewness":{"dmean":0.86093121767,"dmean2":1.41175341606,"dvar":0.739070236683,"dvar2":1.90811944008,"max":24.0722389221,"mean":2.24952197075,"median":2.04908871651,"min":-2.24506998062,"var":2.41865301132},"melbands_spread":{"dmean":8.18418312073,"dmean2":13.3447780609,"dvar":65.871131897,"dvar2":160.294265747,"max":152.825561523,"mean":27.0096111298,"median":24.5150794983,"min":0.48537504673,"var":306.044586182},"mfcc":{"cov":[[14000.5322266,2059.74658203,-2131.9597168,1419.83728027,-787.630737305,422.781738281,221.095855713,58.2792320251,-89.6797866821,76.4192276001,-58.5106887817,36.9599571228,94.5203018188],[2059.74658203,1419.36621094,-267.540740967,33.6939849854,-54.7168617249,53.4908828735,12.1574716568,-28.1957416534,11.5026330948,-8.47724246979,-9.05630493164,40.4711723328,35.5836219788],[-2131.9597168,-267.540740967,771.87689209,-350.246917725,211.637634277,-109.374664307,-14.6775751114,-30.6915302277,28.9097423553,-3.50086736679,27.5396957397,-1.82854104042,-18.3993034363],[1419.83728027,33.6939849854,-350.246917725,476.215026855,-172.797012329,119.647850037,28.0163555145,41.2460098267,-34.6061096191,33.9804153442,0.145042225718,-10.8945999146,10.0244102478],[-787.630737305,-54.7168617249,211.637634277,-172.797012329,259.694763184,-49.9181060791,46.4494934082,-18.3034667969,37.8640213013,-15.4879808426,8.30980110168,12.1819610596,-9.31959629059],[422.781738281,53.4908828735,-109.374664307,119.647850037,-49.9181060791,186.589614868,5.83146190643,37.2323989868,7.81501531601,13.5292339325,-11.4852876663,15.2015953064,20.2572345734],[221.095855713,12.1574716568,-14.6775751114,28.0163555145,46.4494934082,5.83146190643,106.433158875,5.50510549545,18.7258033752,3.43607497215,1.76130104065,1.80673015118,-0.874514043331],[58.2792320251,-28.1957416534,-30.6915302277,41.2460098267,-18.3034667969,37.2323989868,5.50510549545,80.5706787109,8.5879573822,7.99099445343,2.21689772606,-1.19829845428,1.03322184086],[-89.6797866821,11.5026330948,28.9097423553,-34.6061096191,37.8640213013,7.81501531601,18.7258033752,8.5879573822,58.9792747498,19.2215499878,6.39291620255,12.0395927429,2.84583497047],[76.4192276001,-8.47724246979,-3.50086736679,33.9804153442,-15.4879808426,13.5292339325,3.43607497215,7.99099445343,19.2215499878,57.8142280579,23.2389144897,5.78132724762,7.23463869095],[-58.5106887817,-9.05630493164,27.5396957397,0.145042225718,8.30980110168,-11.4852876663,1.76130104065,2.21689772606,6.39291620255,23.2389144897,46.7669372559,18.0311641693,5.70386457443],[36.9599571228,40.4711723328,-1.82854104042,-10.8945999146,12.1819610596,15.2015953064,1.80673015118,-1.19829845428,12.0395927429,5.78132724762,18.0311641693,51.199924469,22.1159076691],[94.5203018188,35.5836219788,-18.3993034363,10.0244102478,-9.31959629059,20.2572345734,-0.874514043331,1.03322184086,2.84583497047,7.23463869095,5.70386457443,22.1159076691,40.0384407043]],"icov":[[0.000182703166502,-0.00019586813869,0.000264472910203,-0.000250360259088,0.000191304032342,0.0000205019514397,-0.00034998980118,0.0000861257940414,0.0000533540296601,-0.0000978917232715,0.0000929623856791,-0.0000940281097428,0.00000385936118619],[-0.00019586813869,0.00101414159872,0.0000533950296813,0.000474474771181,-0.000101225174149,-0.000174116983544,0.000256851228187,0.000319729850162,-0.000297614082228,0.000291067670332,-0.0000907667636056,-0.000265987997409,-0.000342863466358],[0.000264472910203,0.0000533950296813,0.0027653190773,0.00103751127608,-0.000810125726275,-0.00000280205199488,-0.000147508311784,0.0002500313567,0.000424149620812,-0.000812927319203,-0.00105741037987,0.000628434121609,0.0000626385080977],[-0.000250360259088,0.000474474771181,0.00103751127608,0.00493173021823,0.00115525710862,-0.00180733203888,-0.00143394013867,-0.000606155546848,0.002501871204,-0.00202768086456,-0.00122010847554,0.00112159387209,0.000321857165545],[0.000191304032342,-0.000101225174149,-0.000810125726275,0.00115525710862,0.00720403436571,0.00014250917593,-0.00355133437552,0.000795532658231,-0.00267697800882,0.00222113099881,-0.000845834729262,-0.00124345358927,0.00107974500861],[0.0000205019514397,-0.000174116983544,-0.00000280205199488,-0.00180733203888,0.00014250917593,0.00793413538486,0.000311669398798,-0.0026909748558,-0.00122467556503,-0.00117159239016,0.00414855312556,-0.00288159889169,-0.00204781140201],[-0.00034998980118,0.000256851228187,-0.000147508311784,-0.00143394013867,-0.00355133437552,0.000311669398798,0.0125771714374,-0.000477955763927,-0.00346005754545,0.000839987362269,-0.000329364731442,0.000955590337981,-0.000194846841623],[0.0000861257940414,0.000319729850162,0.0002500313567,-0.000606155546848,0.000795532658231,-0.0026909748558,-0.000477955763927,0.0146402502432,-0.0029361534398,0.000775654625613,-0.00215316493995,0.00174450560007,0.000349273934262],[0.0000533540296601,-0.000297614082228,0.000424149620812,0.002501871204,-0.00267697800882,-0.00122467556503,-0.00346005754545,-0.0029361534398,0.0260603707284,-0.011465234682,0.00417419662699,-0.00553615065292,0.00238647405058],[-0.0000978917232715,0.000291067670332,-0.000812927319203,-0.00202768086456,0.00222113099881,-0.00117159239016,0.000839987362269,0.000775654625613,-0.011465234682,0.0290820263326,-0.0148862674832,0.00567355472594,-0.00423856172711],[0.0000929623856791,-0.0000907667636056,-0.00105741037987,-0.00122010847554,-0.000845834729262,0.00414855312556,-0.000329364731442,-0.00215316493995,0.00417419662699,-0.0148862674832,0.0353991240263,-0.0142840631306,0.00267354934476],[-0.0000940281097428,-0.000265987997409,0.000628434121609,0.00112159387209,-0.00124345358927,-0.00288159889169,0.000955590337981,0.00174450560007,-0.00553615065292,0.00567355472594,-0.0142840631306,0.0336467698216,-0.0155714321882],[0.00000385936118619,-0.000342863466358,0.0000626385080977,0.000321857165545,0.00107974500861,-0.00204781140201,-0.000194846841623,0.000349273934262,0.00238647405058,-0.00423856172711,0.00267354934476,-0.0155714321882,0.0353104621172]],"mean":[-662.681091309,159.141540527,-39.1105728149,40.8615646362,-10.644109726,25.3234195709,13.9688396454,5.19298219681,1.04629468918,2.25380253792,1.17964076996,9.66883850098,8.68933868408]},"pitch_salience":{"dmean":0.0995799154043,"dmean2":0.166576325893,"dvar":0.00798721332103,"dvar2":0.0209984648973,"max":0.945965468884,"mean":0.564845621586,"median":0.58605748415,"min":0.0499752275646,"var":0.0152375213802},"silence_rate_20dB":{"dmean":0,"dmean2":0,"dvar":0,"dvar2":0,"max":1,"mean":1,"median":1,"min":1,"var":0},"silence_rate_30dB":{"dmean":0.0407480932772,"dmean2":0.0815047025681,"dvar":0.0390876866877,"dvar2":0.0901176929474,"max":1,"mean":0.964584231377,"median":1,"min":0,"var":0.0341615192592},"silence_rate_60dB":{"dmean":0.00229861028492,"dmean2":0.0045977011323,"dvar":0.00229332689196,"dvar2":0.00499453535303,"max":1,"mean":0.0768909305334,"median":0,"min":0,"var":0.0709787160158},"spectral_centroid":{"dmean":239.288619995,"dmean2":360.527404785,"dvar":64775.7734375,"dvar2":123420.53125,"max":11687.859375,"mean":1656.82836914,"median":1502.23974609,"min":202.605728149,"var":1152379.375},"spectral_complexity":{"dmean":4.3341345787,"dmean2":6.44994783401,"dvar":20.1480979919,"dvar2":35.5785293579,"max":65,"mean":27.9279155731,"median":27,"min":0,"var":157.153182983},"spectral_contrast_coeffs":{"dmean":[0.0538107454777,0.0457663908601,0.038169849664,0.0280438940972,0.019485604018,0.0534522309899],"dmean2":[0.0908595845103,0.0771252661943,0.0645323470235,0.0477420315146,0.0323390774429,0.0850292518735],"dvar":[0.0017964883009,0.0012953748228,0.000915769662242,0.0004858491302,0.000274236692348,0.00223767315038],"dvar2":[0.00510651245713,0.0036608283408,0.00260139047168,0.00141372147482,0.00073477870319,0.00569240795448],"max":[-0.357056051493,-0.404974073172,-0.54351913929,-0.651457190514,-0.657968997955,-0.38189047575],"mean":[-0.708597958088,-0.788650870323,-0.800219535828,-0.810147583485,-0.816121399403,-0.691732764244],"median":[-0.709131002426,-0.79330265522,-0.800033986568,-0.807918071747,-0.81320297718,-0.684134244919],"min":[-0.982858479023,-0.977158546448,-0.974949300289,-0.976789534092,-0.968852698803,-0.964198350906],"var":[0.00507281441242,0.00389196909964,0.00253552757204,0.00164661626332,0.00175149482675,0.00933792255819]},"spectral_contrast_valleys":{"dmean":[0.410757035017,0.357633322477,0.296683907509,0.249066233635,0.250536412001,0.738831341267],"dmean2":[0.669254481792,0.591405391693,0.486248582602,0.41077491641,0.380779445171,1.1972618103],"dvar":[0.130154460669,0.101980172098,0.0794978067279,0.0726234689355,0.112998872995,0.432255685329],"dvar2":[0.302122920752,0.239033296704,0.171930864453,0.146747142076,0.214005425572,1.07812297344],"max":[-4.99704217911,-4.82857751846,-4.86240530014,-5.22628974915,-5.08967399597,-8.87682819366],"mean":[-7.01476955414,-6.75005674362,-6.87452745438,-7.26537847519,-7.40749406815,-11.5351886749],"median":[-6.5904750824,-6.32177639008,-6.43885374069,-6.79270172119,-6.95363426208,-11.2740106583],"min":[-28.3934726715,-28.1717758179,-27.9116706848,-27.6845169067,-27.5004444122,-27.3514194489],"var":[5.24447870255,5.29945373535,5.29771757126,5.15127325058,5.35795927048,3.36384081841]},"spectral_decrease":{"dmean":5.03479702374e-9,"dmean2":8.15939316112e-9,"dvar":5.62722897437e-17,"dvar2":1.36905564688e-16,"max":2.53138472911e-14,"mean":-9.78573044819e-9,"median":-7.50272999284e-9,"min":-8.7766153456e-8,"var":7.70215661617e-17},"spectral_energy":{"dmean":0.0193144790828,"dmean2":0.0312625318766,"dvar":0.000815028441139,"dvar2":0.00197731633671,"max":0.334304749966,"mean":0.0403476320207,"median":0.0320783033967,"min":1.01175716129e-20,"var":0.001164277317},"spectral_energyband_high":{"dmean":0.000341797509464,"dmean2":0.000486696109874,"dvar":5.2971245168e-7,"dvar2":0.00000115089619612,"max":0.020538430661,"mean":0.000856398430187,"median":0.00051108491607,"min":7.09868226338e-21,"var":0.00000128825297452},"spectral_energyband_low":{"dmean":0.0164831243455,"dmean2":0.0276520866901,"dvar":0.00068537669722,"dvar2":0.00176764198113,"max":0.311032354832,"mean":0.021871175617,"median":0.0129452040419,"min":1.53378241579e-23,"var":0.000746156438254},"spectral_energyband_middle_high":{"dmean":0.00241495552473,"dmean2":0.00388728780672,"dvar":0.00000930045371206,"dvar2":0.0000232282181969,"max":0.0528381466866,"mean":0.00810305867344,"median":0.00671085948125,"min":1.22767022374e-21,"var":0.0000343184619851},"spectral_energyband_middle_low":{"dmean":0.0028563006781,"dmean2":0.00465905619785,"dvar":0.000012937937754,"dvar2":0.0000327138441207,"max":0.0674199312925,"mean":0.00766482111067,"median":0.00572715047747,"min":1.41986392755e-22,"var":0.000045901415433},"spectral_entropy":{"dmean":0.105734199286,"dmean2":0.164703309536,"dvar":0.0171533729881,"dvar2":0.0382717624307,"max":9.81925964355,"mean":7.67805290222,"median":7.70888996124,"min":4.9497089386,"var":0.164443209767},"spectral_flux":{"dmean":0.0345748104155,"dmean2":0.0565904304385,"dvar":0.00179078080691,"dvar2":0.00406606961042,"max":0.481085211039,"mean":0.116312377155,"median":0.107772246003,"min":6.29687552101e-11,"var":0.00402747839689},"spectral_kurtosis":{"dmean":2.8453745842,"dmean2":4.49368238449,"dvar":42.347202301,"dvar2":107.939826965,"max":149.716323853,"mean":12.2843790054,"median":10.6369934082,"min":-1.25706934929,"var":82.2682571411},"spectral_rms":{"dmean":0.00130180758424,"dmean2":0.002058574697,"dvar":0.00000231211220125,"dvar2":0.00000533884531251,"max":0.018059650436,"mean":0.0057328925468,"median":0.00559427402914,"min":3.14178327451e-12,"var":0.00000649748608339},"spectral_rolloff":{"dmean":657.279052734,"dmean2":1110.38879395,"dvar":2304257.25,"dvar2":6210536.5,"max":22050,"mean":1958.57434082,"median":1227.39257812,"min":43.06640625,"var":10299066},"spectral_skewness":{"dmean":0.264173567295,"dmean2":0.40387275815,"dvar":0.146118104458,"dvar2":0.350346565247,"max":9.57746601105,"mean":1.96015751362,"median":1.83451604843,"min":-0.0617061853409,"var":0.639532506466},"spectral_spread":{"dmean":373576.96875,"dmean2":590532.5625,"dvar":361573580800,"dvar2":670335500288,"max":43114328,"mean":3700656.75,"median":3191872,"min":669515.75,"var":13780362723300},"spectral_strongpeak":{"dmean":0.31954729557,"dmean2":0.56209230423,"dvar":0.339652121067,"dvar2":0.899021029472,"max":7.81705760956,"mean":0.373233526945,"median":0.18430224061,"min":0,"var":0.420637965202},"zerocrossingrate":{"dmean":0.0185504015535,"dmean2":0.0224389471114,"dvar":0.000296745449305,"dvar2":0.000390916422475,"max":0.99755859375,"mean":0.108333140612,"median":0.09521484375,"min":0.00341796875,"var":0.0045975362882}},"metadata":{"audio_properties":{"analysis_sample_rate":44100,"bit_rate":320000,"codec":"mp3","downmix":"mix","equal_loudness":0,"length":222.223678589,"lossless":false,"md5_encoded":"3be5bac3f57800e14c0abdc939425a46","replay_gain":-0.819414138794,"sample_rate":44100},"tags":{"acoustid_id":["c37dbdf6-95b5-4051-a53f-f98f0fd2abf9"],"album":["Bleach"],"albumartist":["Nirvana"],"artist":["Nirvana"],"date":["1989"],"discnumber":["1/1"],"file_name":"12 - Nirvana - Big Cheese.mp3","musicbrainz_albumartistid":["5b11f4ce-a62d-471e-81fc-a69a8278c7da"],"musicbrainz_albumid":["7d166a44-cfb5-4b08-aacb-6863bbe677d6"],"musicbrainz_artistid":["5b11f4ce-a62d-471e-81fc-a69a8278c7da"],"musicbrainz_recordingid":["c498c2ac-a571-412e-a26e-f37e86a1edda"],"musicbrainz_releasegroupid":["f1afec0b-26dd-3db5-9aa1-c91229a74a24"],"replaygain_album_gain":["+0.57 dB"],"replaygain_album_peak":["0.529754"],"replaygain_track_gain":["-0.06 dB"],"replaygain_track_peak":["0.521375"],"title":["Big Cheese"],"tracknumber":["12/13"]},"version":{"essentia":"2.1-beta1","essentia_build_sha":"e76a03f03bb3900de42a1fa0d9be1e72f12def64","essentia_git_sha":"v2.1_beta1-28-g21ef5f4-dirty","extractor":"music 1.0"}},"rhythm":{"beats_count":473,"beats_loudness":{"dmean":0.0271713677794,"dmean2":0.0461363084614,"dvar":0.000690169574227,"dvar2":0.00185262726154,"max":0.206970900297,"mean":0.0538890175521,"median":0.0479231886566,"min":0,"var":0.001000670949},"beats_loudness_band_ratio":{"dmean":[0.242506176233,0.0590984970331,0.0724537819624,0.0833037793636,0.0429284758866,0.102155946195],"dmean2":[0.433707565069,0.103011414409,0.131562054157,0.142384245992,0.0804489552975,0.200469985604],"dvar":[0.026243114844,0.00463748723269,0.0107203610241,0.00590049196035,0.00111088750418,0.00514145754278],"dvar2":[0.0799475908279,0.0136459255591,0.0307625383139,0.0153616433963,0.0031892452389,0.0137434592471],"max":[0.980680167675,0.60441493988,0.948385894299,0.735306382179,0.298347890377,0.628030896187],"mean":[0.595887124538,0.0696815103292,0.0810174