{"lowlevel":{"average_loudness":0.859696745872,"barkbands":{"dmean":[0.0000456034867966,0.0019467077218,0.0013915944146,0.00150995329022,0.000674547161907,0.000268276809948,0.000342804938555,0.000289131130558,0.000343466264894,0.000322568695992,0.000371814530808,0.000310985924443,0.000415691203671,0.000423181831138,0.000422066776082,0.000518256565556,0.000661838450469,0.000422039593104,0.000332257041009,0.000222623930313,0.000182270348887,0.000208448822377,0.000193606843823,0.000081528123701,0.0000758094975026,0.0000370007946913,0.0000048894239626],"dmean2":[0.0000718623268767,0.00329774431884,0.0024699610658,0.00252660457045,0.00114030460827,0.000435905938502,0.000575378944632,0.000467394245788,0.000557494466193,0.000515788211487,0.000586192880291,0.000501439790241,0.000666792213451,0.000681587087456,0.000695402559359,0.000844319758471,0.00108771747909,0.000708987703547,0.000549688469619,0.000377521122573,0.000310090195853,0.000336917146342,0.000308939488605,0.000131695152959,0.000116368013551,0.0000584532499488,0.00000867644121172],"dvar":[8.17904055594e-9,0.0000199812184292,0.00000747288095226,0.00000591498746871,0.00000114538386242,2.36519611008e-7,3.93474039129e-7,4.04395024134e-7,5.15426791026e-7,6.68706547913e-7,0.00000175961486093,5.79634900078e-7,0.00000104443756754,7.84030419254e-7,7.56077554342e-7,0.0000020699817469,0.00000280722611024,4.88904618123e-7,2.64083581669e-7,1.02947460334e-7,9.79797789569e-8,1.14348189584e-7,1.73943931259e-7,3.84854423885e-8,4.04962356981e-8,6.93169432964e-9,2.77166872786e-10],"dvar2":[1.96622096382e-8,0.0000536517982255,0.0000216576336243,0.0000151958429342,0.00000298138274957,5.94995185565e-7,0.00000105285687368,0.00000101520845419,0.00000130410967358,0.00000157915224008,0.000004187435934,0.00000135653556299,0.00000270855980489,0.00000193901564671,0.00000187944976915,0.00000516801674166,0.00000692199773766,0.00000133383161938,6.77618572809e-7,2.79480673271e-7,2.68602065034e-7,2.78337836335e-7,4.26316375979e-7,9.37002724299e-8,9.86078063647e-8,1.72570011614e-8,7.83206111077e-10],"max":[0.00112327048555,0.0534782595932,0.0262072347105,0.0304912850261,0.0168003868312,0.0128825074062,0.015569711104,0.0204248577356,0.0212067998946,0.0244413819164,0.0487096980214,0.0294974800199,0.0302532147616,0.018701678142,0.0271061416715,0.0482838377357,0.046304769814,0.0213976837695,0.019245499745,0.00837760232389,0.00737988715991,0.0116920117289,0.020157713443,0.00751690380275,0.00636626267806,0.0014404070098,0.000279422005406],"mean":[0.0000501102585986,0.00215048715472,0.00142127205618,0.0016786333872,0.000945920241065,0.000450577586889,0.000520419154782,0.000449810962891,0.000564137124456,0.000542858266272,0.000610549759585,0.000503116985783,0.000667189946398,0.000720251584426,0.000703817873728,0.000885273155291,0.00132798484992,0.000891607080121,0.000806574942544,0.000547887117136,0.000437562266598,0.000550745520741,0.000482648611069,0.000182995194336,0.000123052828712,0.0000430235159001,0.00000401987381338],"median":[0.0000180569149961,0.00114819139708,0.000736341287848,0.000757006753702,0.000568649440538,0.000239855013206,0.000293905322906,0.000230691424804,0.00030029026675,0.000234627048485,0.000136699978611,0.000180234070285,0.000278016086668,0.000309761438984,0.000341008009855,0.000298681989079,0.000508841709234,0.000690799264703,0.000634175434243,0.000460786599433,0.000351696449798,0.00041569431778,0.00030362297548,0.000123463309137,0.0000635792748653,0.0000117108829727,8.68407596499e-7],"min":[1.65078042769e-23,1.93682202301e-23,8.2255725656e-23,2.32430040223e-23,6.20332700397e-23,8.51897833524e-23,9.78459900367e-23,4.64087943392e-23,5.32960359801e-23,2.84480408036e-23,3.32985887376e-23,6.5047318232e-23,6.89850152591e-23,8.58308054131e-23,1.10385773473e-22,1.47902079616e-22,1.45762171348e-22,2.74160719001e-22,3.19601581009e-22,2.82423866589e-22,3.82174911535e-22,4.39307474709e-22,6.7841255299e-22,9.32362504137e-22,1.40964632343e-21,1.72664037204e-21,2.17837953731e-21],"var":[9.15802278456e-9,0.000015524259652,0.00000539875918548,0.00000651389882478,0.00000143567217492,4.79692744193e-7,5.91093908042e-7,6.29287683296e-7,9.30314058678e-7,0.00000148756737417,0.0000049586960813,0.00000110549626697,0.00000220441393139,0.00000162047626873,0.00000144174077832,0.00000369245390175,0.00000752464984544,9.33234900913e-7,6.81474034536e-7,2.50787422829e-7,1.7594609858e-7,3.51594422909e-7,4.56518648662e-7,6.57308376617e-8,4.8496261229e-8,7.15036518883e-9,1.70158928614e-10]},"barkbands_crest":{"dmean":2.52653098106,"dmean2":4.17384195328,"dvar":5.99853372574,"dvar2":15.7300510406,"max":26.0567684174,"mean":7.55169153214,"median":6.32923269272,"min":1.87057447433,"var":17.3481559753},"barkbands_flatness_db":{"dmean":0.0163115784526,"dmean2":0.0261610783637,"dvar":0.000253682781477,"dvar2":0.000659811368678,"max":0.381273597479,"mean":0.0903441682458,"median":0.072704307735,"min":0.0168012864888,"var":0.00293212779798},"barkbands_kurtosis":{"dmean":1.3934044838,"dmean2":2.26748919487,"dvar":20.6582221985,"dvar2":52.4318962097,"max":178.067764282,"mean":0.910261571407,"median":-0.876887619495,"min":-1.88281321526,"var":75.3496627808},"barkbands_skewness":{"dmean":0.477126866579,"dmean2":0.749054670334,"dvar":0.263456255198,"dvar2":0.674458742142,"max":11.1447820663,"mean":0.390529543161,"median":0.215010225773,"min":-4.02312040329,"var":1.55536282063},"barkbands_spread":{"dmean":7.51081180573,"dmean2":11.8969078064,"dvar":49.554523468,"dvar2":121.325233459,"max":113.708396912,"mean":39.0683288574,"median":40.3723640442,"min":0.590336501598,"var":205.434661865},"dissonance":{"dmean":0.00853196438402,"dmean2":0.0146787827834,"dvar":0.000107167943497,"dvar2":0.000297324411804,"max":0.500000119209,"mean":0.486359387636,"median":0.489708542824,"min":0.328530341387,"var":0.00017272720288},"dynamic_complexity":3.17708396912,"erbbands":{"dmean":[0.0454223416746,0.495873659849,1.53174495697,3.24142813683,3.83953142166,2.03600692749,1.9748237133,2.27483820915,4.37207460403,4.99487352371,6.62932014465,8.23582935333,8.99430274963,11.7719011307,12.9590177536,13.3360614777,17.9921169281,19.395072937,21.0414028168,21.5139732361,32.758846283,30.5502910614,23.9704017639,19.631155014,14.1408348083,10.1169958115,7.59407711029,7.48889303207,7.67502355576,7.50066041946,5.17302942276,2.51223397255,0.985514700413,0.743391394615,0.619176447392,0.259360462427,0.046308375895,0.00625490769744,0.00076928344788,0.0000555511724087],"dmean2":[0.0733962953091,0.866142809391,2.72969508171,5.52642965317,6.3904466629,3.47311687469,3.29458165169,3.71278738976,7.35434103012,8.41098403931,10.5245513916,13.3574466705,14.3192281723,18.5903835297,20.5029449463,21.4889793396,28.7681751251,31.0222740173,34.2720413208,35.3166542053,53.0855941772,49.9404678345,39.9979553223,32.3582191467,23.572637558,17.1662654877,13.1436309814,12.48645401,12.5777978897,12.1275730133,8.26964473724,4.05261135101,1.57103383541,1.15780746937,0.963579058647,0.409652471542,0.0731707364321,0.0104442732409,0.00134706276003,0.0000986274681054],"dvar":[0.00976066105068,1.37759077549,10.4013309479,24.2020339966,44.106716156,8.92620182037,12.9396257401,18.2065486908,68.0142822266,95.7311859131,229.803314209,358.332397461,565.741088867,1262.11730957,1895.88964844,968.47076416,1911.14196777,1883.89208984,1596.84277344,2464.80224609,8665.66113281,5007.91552734,1573.50268555,977.577514648,397.571533203,208.747817993,215.747894287,142.383880615,160.100540161,221.456115723,114.524497986,30.1260185242,7.47504281998,4.06032657623,2.80043935776,0.376478433609,0.0102805653587,0.000286683440208,0.00000639440395389,3.43248309775e-8],"dvar2":[0.0237532518804,3.84292817116,30.140914917,65.2790298462,108.076629639,24.2170581818,33.0351715088,46.4473381042,184.509216309,249.841339111,558.198303223,918.186035156,1261.6217041,3018.14672852,4676.49511719,2384.18188477,4794.99169922,4628.60888672,3967.50830078,6278.234375,21739.8457031,12378.2011719,4189.55419922,2467.82373047,1061.57788086,562.488891602,607.442565918,376.649871826,401.814331055,550.573974609,281.014373779,75.7525939941,17.6819820404,9.87978935242,6.88864183426,0.944763898849,0.0253353286535,0.00077699351823,0.0000179781163752,9.73061560217e-8],"max":[1.10624957085,13.9709358215,30.5031967163,52.3609466553,77.9863510132,67.7709121704,88.6456375122,128.816192627,189.052642822,258.223175049,550.547363281,612.58404541,949.485107422,1472.65246582,1771.94396973,753.420593262,1302.92382812,949.319335938,1022.4197998,1499.16027832,2506.10009766,1619.91418457,1266.05407715,1015.87414551,488.940887451,325.035339355,389.71862793,227.668960571,390.526000977,553.929992676,472.970794678,159.873336792,135.365402222,84.1358184814,42.0183792114,10.7496852875,1.67822086811,0.307200133801,0.0384197048843,0.00299292244017],"mean":[0.0503617078066,0.525384068489,1.60847043991,3.76205873489,4.54184150696,2.96800470352,3.02533531189,3.85842585564,6.73571538925,7.73838567734,11.1156129837,13.5993595123,15.9565019608,20.3320827484,22.9803142548,23.2059307098,30.5302524567,34.6774711609,38.1843109131,38.142780304,63.8700027466,67.3483352661,52.409072876,46.0142097473,36.0421638489,25.5814704895,17.4814739227,18.6580677032,19.7089881897,18.221370697,12.8006772995,5.73268079758,2.191416502,1.42359220982,0.853517591953,0.310215383768,0.0537004694343,0.00644857157022,0.00066304882057,0.0000630643189652],"median":[0.0246883779764,0.277856647968,0.8818141222,2.02707219124,2.20587444305,1.91133034229,1.66314983368,2.02778196335,3.63154840469,4.72575569153,5.7797460556,7.21352529526,8.19585990906,6.7929520607,7.7185549736,9.45297336578,13.6672849655,15.0670595169,20.4623012543,17.7844009399,21.0055465698,29.3149147034,40.2789421082,34.9201087952,29.9671993256,21.8260993958,14.5557289124,14.9695396423,14.6114587784,12.1718301773,8.26514434814,3.762373209,1.45405805111,0.829995989799,0.364104390144,0.0934306755662,0.0141031751409,0.00185554788914,0.000156676833285,0.0000340971637343],"min":[5.65214723892e-22,5.82356638546e-21,7.40803957298e-20,1.09906958077e-19,1.58811827521e-19,2.0880251369e-19,2.46666008296e-19,9.3047716969e-19,1.32215111884e-18,1.06417499248e-18,1.20134614667e-18,9.48252867463e-19,1.49226701567e-18,6.23884640201e-19,1.76315842992e-18,2.89927983432e-18,3.46913448448e-18,3.84767156473e-18,6.13371795001e-18,5.83356057549e-18,8.3575185806e-18,9.42499267956e-18,1.53085935462e-17,1.44748484283e-17,1.50542884474e-17,1.32827984476e-17,1.37454728242e-17,1.74092733057e-17,1.71414222972e-17,1.65463320209e-17,2.11374226486e-17,1.93448792478e-17,1.576557113e-17,1.65904174388e-17,9.0823976309e-18,7.62213350935e-18,2.54235636309e-18,1.06218934542e-18,3.39480093271e-19,3.28546768901e-20],"var":[0.00903377961367,0.969336390495,7.18353033066,24.9592704773,49.8056373596,12.5773668289,20.1703701019,36.2559242249,108.954170227,130.779998779,381.887390137,597.996948242,1403.90234375,2858.70947266,5379.5703125,1991.07568359,4057.88842773,3624.97900391,3449.88427734,4319.04150391,19190.9042969,14827.2314453,3132.92871094,2608.81933594,1109.8894043,511.00302124,292.387176514,318.828887939,464.570159912,570.12713623,302.035186768,58.8965682983,11.5706167221,5.45811843872,3.00728034973,0.381424605846,0.0108579779044,0.000215890773688,0.00000402846353609,2.11431743224e-8]},"erbbands_crest":{"dmean":2.36992573738,"dmean2":3.88740801811,"dvar":5.9781165123,"dvar2":15.0114917755,"max":32.1969261169,"mean":8.1550245285,"median":6.71824455261,"min":2.35040187836,"var":20.8156738281},"erbbands_flatness_db":{"dmean":0.0160266589373,"dmean2":0.0238570701331,"dvar":0.000224672039622,"dvar2":0.000496355583891,"max":0.444141954184,"mean":0.153978005052,"median":0.141249999404,"min":0.0389197282493,"var":0.00329175568186},"erbbands_kurtosis":{"dmean":1.05914640427,"dmean2":1.71932041645,"dvar":6.11947631836,"dvar2":16.2065486908,"max":113.231071472,"mean":1.07265806198,"median":0.168168008327,"min":-1.79227662086,"var":17.530670166},"erbbands_skewness":{"dmean":0.314426839352,"dmean2":0.498012602329,"dvar":0.0930088087916,"dvar2":0.226813778281,"max":8.56611347198,"mean":-0.476992577314,"median":-0.516981124878,"min":-5.61213254929,"var":0.628897190094},"erbbands_spread":{"dmean":6.82698392868,"dmean2":10.7709026337,"dvar":43.403793335,"dvar2":105.29864502,"max":128.923431396,"mean":35.4689559937,"median":33.6248550415,"min":1.19059467316,"var":269.831665039},"gfcc":{"cov":[[15671.7851562,-1989.70031738,435.406982422,669.373352051,-1455.61450195,1323.47973633,-746.081604004,247.36831665,-793.666503906,-294.866363525,-455.104766846,95.1888198853,-159.274520874],[-1989.70031738,1410.17883301,-310.915313721,74.8160247803,520.42956543,-369.519836426,249.990646362,-179.847625732,250.28225708,16.3170948029,165.933441162,-97.7544021606,61.530632019],[435.406982422,-310.915313721,973.133544922,109.164672852,-145.028121948,236.731430054,-74.5813751221,77.7069549561,-191.279144287,-3.004134655,-126.516685486,80.5401992798,-28.1938171387],[669.373352051,74.8160247803,109.164672852,358.931213379,-5.07225084305,73.205368042,-52.6662902832,-23.9379653931,19.6615695953,-50.442943573,-8.4293088913,-19.5120124817,22.9473876953],[-1455.61450195,520.42956543,-145.028121948,-5.07225084305,435.909484863,-185.819381714,121.467483521,-67.738822937,150.750213623,44.9965400696,66.1511611938,-28.1082344055,16.1704730988],[1323.47973633,-369.519836426,236.731430054,73.205368042,-185.819381714,376.216827393,-51.9002304077,50.0884780884,-141.969528198,-44.4770050049,-55.6186599731,34.8595809937,-10.1225690842],[-746.081604004,249.990646362,-74.5813751221,-52.6662902832,121.467483521,-51.9002304077,179.694763184,-0.705648422241,39.1988601685,11.7306118011,46.4237480164,-14.8978071213,2.61632633209],[247.36831665,-179.847625732,77.7069549561,-23.9379653931,-67.738822937,50.0884780884,-0.705648422241,136.909362793,-8.11337566376,11.0361366272,-36.5264320374,16.2124519348,-12.3648290634],[-793.666503906,250.28225708,-191.279144287,19.6615695953,150.750213623,-141.969528198,39.1988601685,-8.11337566376,194.086837769,40.2237854004,37.6130371094,-39.3239860535,17.3039207458],[-294.866363525,16.3170948029,-3.004134655,-50.442943573,44.9965400696,-44.4770050049,11.7306118011,11.0361366272,40.2237854004,85.4143066406,28.4412574768,0.865910947323,-15.8708744049],[-455.104766846,165.933441162,-126.516685486,-8.4293088913,66.1511611938,-55.6186599731,46.4237480164,-36.5264320374,37.6130371094,28.4412574768,108.384819031,12.7921762466,15.0532064438],[95.1888198853,-97.7544021606,80.5401992798,-19.5120124817,-28.1082344055,34.8595809937,-14.8978071213,16.2124519348,-39.3239860535,0.865910947323,12.7921762466,81.7800750732,20.0420780182],[-159.274520874,61.530632019,-28.1938171387,22.9473876953,16.1704730988,-10.1225690842,2.61632633209,-12.3648290634,17.3039207458,-15.8708744049,15.0532064438,20.0420780182,64.8094024658]],"icov":[[0.00017884693807,-0.000190600563656,0.000325645727571,-0.000372559821699,0.000332722236635,-0.000404941325542,0.000393044843804,-0.000188690668438,0.000515913125128,-0.000341006263625,0.000647271226626,-0.000409722473705,0.000451045896625],[-0.000190600563656,0.00255255191587,-0.000794344756287,0.0000138193081511,-0.00166213093325,0.00146073906217,-0.00207558157854,0.00146441231482,-0.00123757473193,0.00166915473528,-0.00254965783097,0.0023847958073,-0.00164234021213],[0.000325645727571,-0.000794344756287,0.0026297213044,-0.00165850482881,0.000610887422226,-0.00118408631533,0.000597337668296,-0.000741767231375,0.00272396625951,-0.00287614553235,0.00401106849313,-0.00295762810856,0.00133406848181],[-0.000372559821699,0.0000138193081511,-0.00165850482881,0.00514380913228,-0.000786340795457,-0.000398449774366,0.00117396935821,0.000470353697892,-0.0030784716364,0.00387555803172,-0.00323512265459,0.00271051307209,-0.00161098316312],[0.000332722236635,-0.00166213093325,0.000610887422226,-0.000786340795457,0.00579067412764,-0.000454373366665,-0.000849462870974,0.0010400445899,-0.00115313986316,-0.00228627189063,0.00263169361278,-0.00267979619093,0.00162230932619],[-0.000404941325542,0.00146073906217,-0.00118408631533,-0.000398449774366,-0.000454373366665,0.00591078493744,-0.0019904023502,0.0000074280374065,0.000826782896183,0.00157725194003,-0.00183512631338,0.0012691427255,-0.00143843877595],[0.000393044843804,-0.00207558157854,0.000597337668296,0.00117396935821,-0.000849462870974,-0.0019904023502,0.0107308914885,-0.00363369844854,0.00184753211215,0.000896644254681,-0.00188224099111,0.000797512300778,0.00147215020843],[-0.000188690668438,0.00146441231482,-0.000741767231375,0.000470353697892,0.0010400445899,0.0000074280374065,-0.00363369844854,0.0114640360698,-0.00376993301325,-0.00123960885685,0.00274517503567,-0.00210661417805,0.000449111888884],[0.000515913125128,-0.00123757473193,0.00272396625951,-0.0030784716364,-0.00115313986316,0.000826782896183,0.00184753211215,-0.00376993301325,0.0141808371991,-0.00654632505029,0.00296834087931,0.0018263818929,-0.00230271206237],[-0.000341006263625,0.00166915473528,-0.00287614553235,0.00387555803172,-0.00228627189063,0.00157725194003,0.000896644254681,-0.00123960885685,-0.00654632505029,0.0215740744025,-0.00986874196678,0.00225728936493,0.00412306282669],[0.000647271226626,-0.00254965783097,0.00401106849313,-0.00323512265459,0.00263169361278,-0.00183512631338,-0.00188224099111,0.00274517503567,0.00296834087931,-0.00986874196678,0.0220137163997,-0.00995747838169,0.00131522724405],[-0.000409722473705,0.0023847958073,-0.00295762810856,0.00271051307209,-0.00267979619093,0.0012691427255,0.000797512300778,-0.00210661417805,0.0018263818929,0.00225728936493,-0.00995747838169,0.0230369511992,-0.00983084365726],[0.000451045896625,-0.00164234021213,0.00133406848181,-0.00161098316312,0.00162230932619,-0.00143843877595,0.00147215020843,0.000449111888884,-0.00230271206237,0.00412306282669,0.00131522724405,-0.00983084365726,0.023004328832]],"mean":[5.13538455963,60.0309028625,-137.497741699,52.2780799866,-52.9940681458,16.8405704498,-33.6523094177,10.4092607498,-18.0553951263,0.396039187908,-17.7254524231,-1.1525490284,-17.3869361877]},"hfc":{"dmean":8.01253223419,"dmean2":12.7330656052,"dvar":139.521530151,"dvar2":351.232696533,"max":287.022857666,"mean":31.6777458191,"median":28.5581970215,"min":1.14153889148e-16,"var":507.153900146},"melbands":{"dmean":[0.000471804989502,0.000747356214561,0.000602060987148,0.000184388045454,0.0000707805447746,0.0000519939640071,0.0000672584501444,0.0000551923803869,0.0000541680237802,0.0000520992980455,0.0000456693232991,0.0000478106594528,0.0000494383966725,0.0000358892248187,0.0000407221923524,0.0000368899127352,0.0000391536486859,0.0000368704750144,0.0000284184661723,0.0000303421511489,0.0000455349145341,0.0000387478794437,0.0000273897021543,0.0000208015826502,0.0000178469726961,0.0000122611018014,0.00000982911569736,0.00000699572910889,0.00000548245907339,0.0000047247058319,0.00000464689901492,0.00000473179670735,0.00000464666618427,0.0000045455626605,0.00000346979390997,0.00000231191006606,0.00000136509629556,6.99649149283e-7,6.80603591263e-7,6.53628774216e-7],"dmean2":[0.000780655769631,0.00132609345019,0.00101524719503,0.000306829693727,0.000118460913654,0.0000847372502903,0.000112720073957,0.0000924609485082,0.000085816020146,0.0000845794420457,0.0000726478174329,0.0000761488336138,0.0000780115660746,0.0000576877500862,0.0000653836614219,0.0000588633520238,0.0000628842317383,0.0000601565807301,0.0000469486585644,0.0000492041726829,0.0000738477538107,0.000063350169512,0.0000453602442576,0.0000348017711076,0.0000295430800179,0.0000205002706934,0.0000165775127243,0.0000119552923934,0.0000095684426924,0.00000803781495051,0.00000775362514105,0.00000788452052802,0.00000760231478125,0.00000743516466173,0.00000561376737096,0.00000375656804863,0.00000223695383283,0.0000011265451576,0.00000109902077838,0.00000102070202956],"dvar":[0.0000011134121678,0.00000272077363661,8.52392133766e-7,8.38257463442e-8,1.41184886004e-8,9.17356146601e-9,1.54636108363e-8,1.12115330353e-8,1.39763915996e-8,1.42175977658e-8,1.43462939306e-8,1.98039824539e-8,2.9849122285e-8,7.82281528444e-9,1.28832375879e-8,7.02290670063e-9,8.10996159117e-9,5.05001507278e-9,4.44682646261e-9,4.76730299681e-9,1.68384239885e-8,9.69027702524e-9,3.84454734714e-9,1.4360981293e-9,8.91146711979e-10,3.70121072679e-10,2.06011235848e-10,1.03139496943e-10,1.10823232535e-10,6.09901434911e-11,5.19251204534e-11,5.94125651454e-11,6.06107802836e-11,9.59080523333e-11,5.21826817867e-11,2.1203844236e-11,9.79137257384e-12,3.43423900429e-12,4.00238913192e-12,3.17172091542e-12],"dvar2":[0.00000287049920189,0.00000781245216785,0.00000222049879994,2.11025422914e-7,3.64594789914e-8,2.34296582136e-8,4.17730667834e-8,2.93631412518e-8,3.35848966415e-8,3.63789709468e-8,3.2045996079e-8,4.78926942549e-8,7.15962684694e-8,1.86789765877e-8,3.34323928541e-8,1.74706293876e-8,2.00253431615e-8,1.26759740482e-8,1.11811235826e-8,1.18717471409e-8,4.2455408078e-8,2.33893686641e-8,1.01019166365e-8,3.91438925718e-9,2.22915175208e-9,9.80231451564e-10,5.64291002814e-10,2.79660267166e-10,3.11852821344e-10,1.67321989597e-10,1.37778177756e-10,1.54079929371e-10,1.49030301988e-10,2.47112164065e-10,1.30349078753e-10,5.28503178721e-11,2.50358119652e-11,8.08421211917e-12,9.87888416903e-12,7.82440952307e-12],"max":[0.0119435936213,0.016378659755,0.0100997695699,0.00465849088505,0.00270991004072,0.00277002900839,0.00298947421834,0.00334355002269,0.00413457443938,0.00411506183445,0.00471106404439,0.0054225679487,0.00783703755587,0.00360110076144,0.00388401048258,0.00258080475032,0.00216387840919,0.00200606859289,0.00304269604385,0.00264787767082,0.00341894268058,0.00247130333446,0.00177608791273,0.00171029847115,0.00107556779403,0.000796238367911,0.000454020366305,0.000207199904253,0.000264758855337,0.000178457063157,0.00013980116637,0.000211898703128,0.000254886923358,0.000419066695031,0.00033131375676,0.000121749792015,0.0000916791323107,0.0000774889267632,0.000117517032777,0.0000589896408201],"mean":[0.000529320095666,0.000806257186923,0.000714066321962,0.000258630461758,0.00011169006757,0.0000883075117599,0.000103846883576,0.0000860053187353,0.0000916066564969,0.0000839928616188,0.0000785743977758,0.0000796860695118,0.0000840771899675,0.0000586146343267,0.0000677607531543,0.0000602711515967,0.0000657006894471,0.0000628412235528,0.0000483922813146,0.0000505111675011,0.0000836054023239,0.0000764762007748,0.0000516319305461,0.0000425106518378,0.000037083063944,0.0000277372455457,0.0000223590377573,0.0000156533260451,0.0000108808862933,0.0000103789607238,0.0000107215100797,0.0000110395012598,0.0000107367959572,0.0000100366150946,0.00000802294198365,0.00000510426980327,0.00000282289420284,0.0000014603793943,0.00000133745982112,0.00000115353566343],"median":[0.000282196066109,0.000471888575703,0.000382666708902,0.000157764341566,0.0000657779892208,0.0000467785393994,0.0000569534349779,0.0000524192182638,0.0000479655573145,0.0000439445866505,0.0000383340229746,0.0000259803655354,0.0000224336308747,0.0000210938287637,0.0000273473415291,0.0000261281275016,0.0000259879598161,0.0000313810160151,0.0000229486140597,0.0000194824897335,0.0000245591909334,0.0000286480153591,0.0000308116468659,0.0000330525399477,0.0000258661148109,0.0000217523102037,0.0000177911097126,0.0000129619675135,0.00000866595837579,0.00000793886738393,0.00000855612961459,0.00000823951359052,0.00000734147306503,0.00000628719271845,0.0000051258853091,0.00000321920788338,0.0000018226866132,9.42648682667e-7,8.39765391447e-7,6.28778536793e-7],"min":[6.23888317378e-24,2.84648498518e-23,1.92060162285e-23,1.49716948792e-23,8.76619472116e-24,2.04453829749e-23,1.96159619974e-23,1.03513215689e-23,9.82534698264e-24,6.74121086557e-24,7.45541318586e-24,2.04893958914e-24,5.24594316352e-24,6.0861190762e-24,8.53101161949e-24,6.881512933e-24,7.23863815341e-24,9.68272408642e-24,8.06541250259e-24,8.10437513156e-24,9.781300934e-24,8.5396638459e-24,1.3521702271e-23,1.24219268284e-23,1.13739992687e-23,1.25224127194e-23,7.69310802065e-24,9.5702333102e-24,7.63945285732e-24,1.06309459386e-23,9.84454312391e-24,8.86721151552e-24,9.547276669e-24,9.19809291133e-24,1.28389092366e-23,1.10763715155e-23,1.15492163198e-23,1.12838766435e-23,1.18832358043e-23,1.47899886583e-23],"var":[9.37346271712e-7,0.0000018627499685,9.24537516767e-7,1.06623936347e-7,2.26399237135e-8,1.867149102e-8,2.44083953049e-8,1.55017936265e-8,2.47189113622e-8,2.35267041404e-8,3.57321248146e-8,4.2773837805e-8,8.72677006214e-8,1.59069521999e-8,2.9386031386e-8,1.26574875026e-8,1.5092815886e-8,1.08083124672e-8,8.12155231955e-9,8.18290768478e-9,3.82368909868e-8,2.61722714612e-8,6.57724674724e-9,2.34715669123e-9,2.15621809296e-9,8.22580448201e-10,4.96103047531e-10,2.10734762973e-10,1.36600938894e-10,1.09993514297e-10,1.08191115789e-10,1.45122650008e-10,1.70100572516e-10,2.05875150261e-10,1.2425757645e-10,4.8289414134e-11,1.625994131e-11,5.45409984537e-12,5.1654297159e-12,4.01227922414e-12]},"melbands_crest":{"dmean":3.78946638107,"dmean2":6.18750905991,"dvar":10.9473552704,"dvar2":27.5883674622,"max":34.0076904297,"mean":11.8209018707,"median":10.8213911057,"min":2.49977588654,"var":26.4635391235},"melbands_flatness_db":{"dmean":0.0238868892193,"dmean2":0.037739675492,"dvar":0.00055716332281,"dvar2":0.00142983125988,"max":0.493829190731,"mean":0.124579899013,"median":0.103749208152,"min":0.00631025945768,"var":0.00506309978664},"melbands_kurtosis":{"dmean":4.14801168442,"dmean2":6.7880320549,"dvar":104.063911438,"dvar2":272.367736816,"max":297.95892334,"mean":6.13095998764,"median":1.25598526001,"min":-1.86717772484,"var":344.100860596},"melbands_skewness":{"dmean":0.689429998398,"dmean2":1.08076274395,"dvar":0.573452472687,"dvar2":1.47118377686,"max":14.4514751434,"mean":1.68790221214,"median":1.37823343277,"min":-3.09442281723,"var":2.58252453804},"melbands_spread":{"dmean":13.0633487701,"dmean2":20.9277515411,"dvar":164.81451416,"dvar2":411.19720459,"max":234.074066162,"mean":55.6344337463,"median":55.7992706299,"min":0.668188452721,"var":654.811462402},"mfcc":{"cov":[[10792.9462891,-1063.65307617,583.072631836,-60.3925933838,-435.466278076,355.883514404,-77.7299194336,372.125030518,-210.724899292,-140.605255127,-318.63494873,-465.033172607,-101.088111877],[-1063.65307617,1005.36560059,-319.628082275,216.687606812,135.250411987,-4.98583269119,61.5954589844,-93.737701416,33.5312309265,20.110124588,67.2796173096,94.6512069702,-7.17642641068],[583.072631836,-319.628082275,853.321472168,-40.826789856,-25.5392456055,115.361320496,53.2233581543,108.124839783,-14.2502603531,-28.2282829285,-64.9937057495,-117.589057922,-15.7866897583],[-60.3925933838,216.687606812,-40.826789856,315.010009766,101.998565674,16.9335289001,-37.6606941223,-25.3527202606,25.6014919281,13.0808887482,5.77195501328,22.9009227753,-4.8025097847],[-435.466278076,135.250411987,-25.5392456055,101.998565674,205.307723999,39.024055481,-24.3051528931,-19.3205738068,37.7692375183,9.86686420441,18.0655422211,39.780506134,11.5321245193],[355.883514404,-4.98583269119,115.361320496,16.9335289001,39.024055481,177.033843994,49.3392372131,38.3345069885,-13.9171772003,-12.41680336,-21.8906993866,-26.9522762299,-2.78248739243],[-77.7299194336,61.5954589844,53.2233581543,-37.6606941223,-24.3051528931,49.3392372131,153.82623291,37.9705886841,-18.1279258728,-9.27328205109,6.10062837601,-11.1423215866,-2.34806227684],[372.125030518,-93.737701416,108.124839783,-25.3527202606,-19.3205738068,38.3345069885,37.9705886841,115.201637268,23.4759368896,-7.99937820435,-23.6113147736,-28.2280368805,6.25620746613],[-210.724899292,33.5312309265,-14.2502603531,25.6014919281,37.7692375183,-13.9171772003,-18.1279258728,23.4759368896,91.6744537354,37.3796272278,5.70988178253,7.74839115143,1.58730185032],[-140.605255127,20.110124588,-28.2282829285,13.0808887482,9.86686420441,-12.41680336,-9.27328205109,-7.99937820435,37.3796272278,83.258972168,41.532787323,5.83864879608,-8.60649013519],[-318.63494873,67.2796173096,-64.9937057495,5.77195501328,18.0655422211,-21.8906993866,6.10062837601,-23.6113147736,5.70988178253,41.532787323,86.5647583008,50.2304534912,1.59629285336],[-465.033172607,94.6512069702,-117.589057922,22.9009227753,39.780506134,-26.9522762299,-11.1423215866,-28.2280368805,7.74839115143,5.83864879608,50.2304534912,101.184791565,30.4342308044],[-101.088111877,-7.17642641068,-15.7866897583,-4.8025097847,11.5321245193,-2.78248739243,-2.34806227684,6.25620746613,1.58730185032,-8.60649013519,1.59629285336,30.4342308044,58.6324424744]],"icov":[[0.000163763310411,0.0000600639687036,0.0000685649065417,-0.000136704242323,0.000263492547674,-0.000295980775263,0.000345586449839,-0.000514067127369,0.00041120761307,-0.0000072236066444,0.000032372015994,0.0004573034239,0.0000493345032737],[0.0000600639687036,0.00171034270898,0.000468338781502,-0.00100434198976,-0.000312739633955,-0.00014824741811,-0.00136648537591,0.00100031064358,-0.000734741217457,0.000534757273272,-0.000333921372658,-0.000303957785945,0.000515001011081],[0.0000685649065417,0.000468338781502,0.00172777671833,-0.000249648262979,-0.00015460170107,-0.000680047553033,-0.000209520818316,-0.000903651467524,0.000189555372344,0.000403895508498,-0.000380424957257,0.0017360599013,-0.00013016651792],[-0.000136704242323,-0.00100434198976,-0.000249648262979,0.00459094857797,-0.00168739072978,-0.0000643681632937,0.00111661723349,0.000172650834429,-0.000102793717815,-0.00074466119986,0.000881827727426,-0.000758508744184,0.000568512245081],[0.000263492547674,-0.000312739633955,-0.00015460170107,-0.00168739072978,0.00813232548535,-0.00314204371534,0.00169322150759,0.000775195425376,-0.0029300712049,0.00140428857412,-0.00103852583561,-0.00106856308412,-0.000658966950141],[-0.000295980775263,-0.00014824741811,-0.000680047553033,-0.0000643681632937,-0.00314204371534,0.00869544409215,-0.00275407847948,-0.00122227612883,0.00205421168357,-0.00119792041369,0.00169925799128,-0.0000459681359644,0.0000801017304184],[0.000345586449839,-0.00136648537591,-0.000209520818316,0.00111661723349,0.00169322150759,-0.00275407847948,0.010466192849,-0.0046470714733,0.00284769642167,0.000608673202805,-0.00246389582753,0.00177519675344,0.0000727677106624],[-0.000514067127369,0.00100031064358,-0.000903651467524,0.000172650834429,0.000775195425376,-0.00122227612883,-0.0046470714733,0.0162357594818,-0.0084411855787,0.00280851894058,0.0000368247747247,0.00025172327878,-0.00261288834736],[0.00041120761307,-0.000734741217457,0.000189555372344,-0.000102793717815,-0.0029300712049,0.00205421168357,0.00284769642167,-0.0084411855787,0.0205189976841,-0.0106109315529,0.00540175288916,-0.00140909652691,0.000821483321488],[-0.0000072236066444,0.000534757273272,0.000403895508498,-0.00074466119986,0.00140428857412,-0.00119792041369,0.000608673202805,0.00280851894058,-0.0106109315529,0.02365639247,-0.0144831873477,0.00666492898017,0.000186874851352],[0.000032372015994,-0.000333921372658,-0.000380424957257,0.000881827727426,-0.00103852583561,0.00169925799128,-0.00246389582753,0.0000368247747247,0.00540175288916,-0.0144831873477,0.0269686896354,-0.0138556640595,0.00435266084969],[0.0004573034239,-0.000303957785945,0.0017360599013,-0.000758508744184,-0.00106856308412,-0.0000459681359644,0.00177519675344,0.00025172327878,-0.00140909652691,0.00666492898017,-0.0138556640595,0.0247552786022,-0.0100472187623],[0.0000493345032737,0.000515001011081,-0.00013016651792,0.000568512245081,-0.000658966950141,0.0000801017304184,0.0000727677106624,-0.00261288834736,0.000821483321488,0.000186874851352,0.00435266084969,-0.0100472187623,0.0227320194244]],"mean":[-622.023681641,77.5955352783,-15.3098945618,31.2802753448,5.51868915558,10.2722005844,-2.71250247955,10.7654685974,-0.573336541653,4.45334911346,4.82789945602,0.52391988039,-2.07715463638]},"pitch_salience":{"dmean":0.06837657094,"dmean2":0.111978262663,"dvar":0.00372325163335,"dvar2":0.00990664213896,"max":0.912765204906,"mean":0.599471628666,"median":0.61880505085,"min":0.130543857813,"var":0.01145218499},"silence_rate_20dB":{"dmean":0,"dmean2":0,"dvar":0,"dvar2":0,"max":1,"mean":1,"median":1,"min":1,"var":0},"silence_rate_30dB":{"dmean":0,"dmean2":0,"dvar":0,"dvar2":0,"max":1,"mean":1,"median":1,"min":1,"var":0},"silence_rate_60dB":{"dmean":0.00807174853981,"dmean2":0.0161447040737,"dvar":0.00800659600645,"dvar2":0.0193222761154,"max":1,"mean":0.0825050473213,"median":0,"min":0,"var":0.0756979584694},"spectral_centroid":{"dmean":237.484100342,"dmean2":381.300933838,"dvar":57928.4335938,"dvar2":137878.4375,"max":11040.0625,"mean":2363.21557617,"median":2454.0324707,"min":293.365539551,"var":313040},"spectral_complexity":{"dmean":4.21644258499,"dmean2":6.74863576889,"dvar":17.5407466888,"dvar2":41.5757293701,"max":60,"mean":28.7401542664,"median":32,"min":0,"var":169.352920532},"spectral_contrast_coeffs":{"dmean":[0.0540846027434,0.0435971580446,0.0371092371643,0.0308436751366,0.0203488003463,0.0155666936189],"dmean2":[0.0900887399912,0.072613671422,0.0616571120918,0.0506764799356,0.0339798294008,0.025136295706],"dvar":[0.00190534535795,0.00115519354586,0.00086456554709,0.000619306811132,0.000269051175565,0.000168707338162],"dvar2":[0.00519162602723,0.00321324914694,0.00232077389956,0.0016174352495,0.000727311766241,0.000410356064094],"max":[-0.392987191677,-0.443732649088,-0.466701984406,-0.542693138123,-0.577522754669,-0.555677771568],"mean":[-0.684671580791,-0.781248986721,-0.789362251759,-0.778731405735,-0.782234370708,-0.720563948154],"median":[-0.685500383377,-0.788640797138,-0.795799553394,-0.783866226673,-0.786681354046,-0.721443235874],"min":[-0.967262923717,-0.965238571167,-0.96750831604,-0.979665517807,-0.955264151096,-0.959042191505],"var":[0.00527261570096,0.00385702052154,0.0033937827684,0.0028104216326,0.00182255334221,0.00170032284223]},"spectral_contrast_valleys":{"dmean":[0.436757862568,0.343122780323,0.304233044386,0.251606583595,0.191982358694,0.204420730472],"dmean2":[0.708836734295,0.572179377079,0.49912700057,0.410128504038,0.313653618097,0.300948411226],"dvar":[0.142019286752,0.0881730020046,0.0763969272375,0.0610463432968,0.0547224879265,0.0647162124515],"dvar2":[0.343025296926,0.217669636011,0.17545107007,0.138221606612,0.116166211665,0.126501455903],"max":[-5.61048221588,-5.1217045784,-5.37655830383,-5.56191301346,-5.28950405121,-7.16187953949],"mean":[-7.51791906357,-7.00841093063,-7.39884805679,-7.42447423935,-6.90844774246,-9.8206911087],"median":[-7.2634973526,-6.76313114166,-7.10943841934,-7.17417097092,-6.52599668503,-9.25896263123],"min":[-27.6223678589,-27.0183544159,-27.3908462524,-27.2505512238,-27.444644928,-27.261598587],"var":[1.50256454945,1.30198848248,1.50188148022,1.32927560806,1.46439146996,3.02021074295]},"spectral_decrease":{"dmean":1.47494916281e-9,"dmean2":2.42286724017e-9,"dvar":4.52144739678e-18,"dvar2":1.21255314116e-17,"max":-3.95132213334e-29,"mean":-4.0774601473e-9,"median":-3.715789898e-9,"min":-2.03122727527e-8,"var":6.91693391301e-18},"spectral_energy":{"dmean":0.00605364795774,"dmean2":0.00992269348353,"dvar":0.0000719551317161,"dvar2":0.000191893079318,"max":0.0837274044752,"mean":0.0182625465095,"median":0.016890572384,"min":1.05032259943e-20,"var":0.000128553452669},"spectral_energyband_high":{"dmean":0.000677942996845,"dmean2":0.00107072375249,"dvar":0.00000156234887072,"dvar2":0.00000384098666473,"max":0.0385397598147,"mean":0.0020749385003,"median":0.00165702973027,"min":7.81779544475e-21,"var":0.00000411671044276},"spectral_energyband_low":{"dmean":0.00350358663127,"dmean2":0.00591073278338,"dvar":0.0000470129016321,"dvar2":0.000128381638206,"max":0.0704241544008,"mean":0.00441955309361,"median":0.0028671529144,"min":1.3251314516e-22,"var":0.0000386157225876},"spectral_energyband_middle_high":{"dmean":0.00221694842912,"dmean2":0.00357930967584,"dvar":0.00000976620776783,"dvar2":0.0000247303214564,"max":0.0696702748537,"mean":0.00787536799908,"median":0.0061495276168,"min":1.3691246718e-21,"var":0.0000449448998552},"spectral_energyband_middle_low":{"dmean":0.00240061013028,"dmean2":0.00391417881474,"dvar":0.0000110513856271,"dvar2":0.000027443320505,"max":0.0343203656375,"mean":0.00479881698266,"median":0.00373997399583,"min":3.86361680349e-22,"var":0.0000181903324119},"spectral_entropy":{"dmean":0.0957325398922,"dmean2":0.149418383837,"dvar":0.00874692760408,"dvar2":0.0204297788441,"max":9.79060554504,"mean":7.95100641251,"median":8.05002880096,"min":5.86064767838,"var":0.131543546915},"spectral_flux":{"dmean":0.017855219543,"dmean2":0.0284072961658,"dvar":0.000464348559035,"dvar2":0.00092732073972,"max":0.236877277493,"mean":0.0798169374466,"median":0.0778504908085,"min":1.02485249454e-10,"var":0.0013221767731},"spectral_kurtosis":{"dmean":1.21638631821,"dmean2":2.09617519379,"dvar":5.04913282394,"dvar2":15.9406356812,"max":34.3428993225,"mean":3.27855801582,"median":2.53493523598,"min":-1.22334039211,"var":9.63577651978},"spectral_rms":{"dmean":0.000639748584945,"dmean2":0.00102317356504,"dvar":5.76990657919e-7,"dvar2":0.00000148641299802,"max":0.00903799012303,"mean":0.00396622810513,"median":0.00405938504264,"min":3.20110127641e-12,"var":0.00000208615301744},"spectral_rolloff":{"dmean":694.963989258,"dmean2":1134.62548828,"dvar":759490.75,"dvar2":1825575.25,"max":18410.8886719,"mean":3304.49291992,"median":3186.9140625,"min":21.533203125,"var":2711053},"spectral_skewness":{"dmean":0.163076177239,"dmean2":0.269472390413,"dvar":0.0402462668717,"dvar2":0.123307831585,"max":3.44367837906,"mean":1.10548555851,"median":1.08439719677,"min":-0.010521623306,"var":0.0998984128237},"spectral_spread":{"dmean":426140.71875,"dmean2":637698.4375,"dvar":309953921024,"dvar2":570137706496,"max":41592380,"mean":4404178.5,"median":4411625.5,"min":1082827.5,"var":1875996835840},"spectral_strongpeak":{"dmean":0.945131838322,"dmean2":1.61287140846,"dvar":2.34215044975,"dvar2":5.85623455048,"max":19.6455764771,"mean":1.28946077824,"median":0.338029325008,"min":0,"var":4.20667362213},"zerocrossingrate":{"dmean":0.0117124365643,"dmean2":0.0142975635827,"dvar":0.000129712047055,"dvar2":0.00017371326976,"max":0.498046875,"mean":0.108287468553,"median":0.107421875,"min":0.00341796875,"var":0.0014790717978}},"metadata":{"audio_properties":{"analysis_sample_rate":44100,"bit_rate":0,"codec":"flac","downmix":"mix","equal_loudness":0,"length":310.666656494,"lossless":true,"md5_encoded":"a2dc6d54c984be0ffd523329a7573b01","replay_gain":-10.5938682556},"tags":{"acoustid_id":["b6061a1d-ed40-4e49-9c99-34bf7d45fd9d"],"album":["New Jersey"],"albumartist":["Bon Jovi"],"albumartistsort":["Bon Jovi"],"artist":["Bon Jovi"],"artists":["Bon Jovi"],"artistsort":["Bon Jovi"],"asin":["B00000I07Q"],"barcode":["042283634527"],"catalognumber":["836 345-2"],"composer":["Richie Sambora","Jon Bon Jovi"],"composersort":["Sambora, Richie","Bon Jovi, Jon"],"date":["1988"],"discnumber":["1"],"disctotal":["1"],"engineer":["Bob Rock"],"file_name":"06 Homebound Train.flac","genre":["Glam Rock"],"grouping":["Rock"],"label":["Jambco"],"media":["CD"],"mood":["Energetic"],"musicbrainz_albumartistid":["5dcdb5eb-cb72-4e6e-9e63-b7bace604965"],"musicbrainz_albumid":["4f4af6b8-c317-3288-bc07-0ec379df15a0"],"musicbrainz_artistid":["5dcdb5eb-cb72-4e6e-9e63-b7bace604965"],"musicbrainz_recordingid":["c4b18e11-9a43-4936-a13e-94c77d0b0321"],"musicbrainz_releasegroupid":["aa1ba758-0a80-3734-9bf8-4f554822b153"],"musicbrainz_releasetrackid":["b5bf4713-3099-32ce-b8ac-536528eb2dee"],"musicbrainz_workid":["0b4bd253-dc5b-3c0f-a587-0688562db97d"],"originaldate":["1988-09"],"originalyear":["1988"],"performer":["Alec John Such (bass guitar)","Jon Bon Jovi (background vocals and lead vocals)","David Bryan (background vocals)","Richie Sambora (background vocals)","Alec John Such (background vocals)","Richie Sambora (acoustic guitar, electric guitar and mandolin)","David Bryan (keyboard)","Jon Bon Jovi (acoustic guitar and harmonica)","Tico Torres (drums and percussion)"],"producer":["Bruce Fairbairn"],"releasecountry":["DE"],"releasestatus":["official"],"releasetype":["album"],"replaygain_album_gain":["-4.18 dB"],"replaygain_album_peak":["0.999969"],"replaygain_track_gain":["-5.63 dB"],"replay