{"lowlevel":{"average_loudness":0.912017345428,"barkbands":{"dmean":[0.0000703129408066,0.00174136541318,0.000751716142986,0.000504854833707,0.000948509958107,0.000627589877695,0.000355220749043,0.000490445760079,0.000370674853912,0.000258751184447,0.000247881631367,0.00031736496021,0.000352362665581,0.000323901389493,0.000297326478176,0.000173769483808,0.000373282149667,0.000456910114735,0.000455334433354,0.000283662229776,0.000190882870811,0.000200709924684,0.000202785697184,0.0000691109598847,0.0000462454372609,0.0000152019038069,0.00000102312549188],"dmean2":[0.000110043976747,0.00284717045724,0.00132017943542,0.000861851556692,0.00158700393513,0.00102110952139,0.000587224611081,0.000781708455179,0.000575537967961,0.000410080654547,0.00038978442899,0.00050717551494,0.000582185748499,0.000525765761267,0.000470766390208,0.00028046159423,0.000616104633082,0.00072178686969,0.000734485045541,0.000455108762253,0.000313835451379,0.000321065832395,0.000338711746735,0.00011422578973,0.0000739010429243,0.000024072598535,0.00000157887814112],"dvar":[1.24879768748e-8,0.0000127628109112,0.00000234648041442,7.59553699936e-7,0.00000263021388491,0.00000110163045974,4.97973019264e-7,0.00000125923509131,8.51585753026e-7,2.3519019976e-7,3.22879685655e-7,4.05222436939e-7,4.81233087157e-7,3.71764883766e-7,3.79292657726e-7,9.09557087425e-8,3.41555534078e-7,5.2431983022e-7,3.08165539309e-7,1.3811086319e-7,1.26882625295e-7,6.58501903672e-7,9.73101464297e-7,1.41180702684e-8,7.01835656258e-9,8.69582850171e-10,3.48105311937e-12],"dvar2":[2.92990964823e-8,0.0000304628829326,0.00000654105133435,0.00000206430581784,0.00000717212333257,0.00000284172165266,0.00000129719126107,0.00000296419034385,0.00000198299721887,5.55953079129e-7,7.64851563417e-7,0.0000010506188346,0.00000128194631088,9.18013995488e-7,9.0254496854e-7,2.07961832643e-7,8.54643701587e-7,0.00000119950527733,7.75342414272e-7,3.36119967415e-7,3.36326138495e-7,0.00000164589107499,0.00000264736377176,3.4546236094e-8,1.67810139118e-8,2.08870187812e-9,8.24477465466e-12],"max":[0.0013252022909,0.0342247933149,0.0178836472332,0.0156680922955,0.0343364067376,0.0214627850801,0.0148090245202,0.0202748980373,0.0227081626654,0.0124143827707,0.015840087086,0.0170822441578,0.00919945817441,0.0119093926623,0.0126925362274,0.00739446701482,0.0128128025681,0.0160513240844,0.0112617434934,0.0106397122145,0.00343270692974,0.0253731105477,0.0227208025753,0.00250248122029,0.00166405620985,0.000854626647197,0.0000399121563532],"mean":[0.000105355655251,0.00200799666345,0.000945400330238,0.000704169971868,0.00153433869127,0.00111653411295,0.000558055820875,0.000761681003496,0.000592671218328,0.000430939922808,0.000428093917435,0.000588331196923,0.000558302155696,0.000537094776519,0.000534385559149,0.000335443444783,0.000769457546994,0.000987169682048,0.00116495566908,0.000753043044824,0.00036174262641,0.00036689042463,0.000331130053382,0.000123425430502,0.0000762345953262,0.0000222758753807,0.00000135228219733],"median":[0.0000604407832725,0.000974179070909,0.000599324936047,0.000487610930577,0.00105341756716,0.000692798988894,0.000327882677084,0.000323965534335,0.000259170861682,0.000216352360439,0.000166740617715,0.000266837945674,0.000240743829636,0.000264538248302,0.000226133401156,0.000205126096262,0.000500550144352,0.000570163072553,0.000995591864921,0.000635504256934,0.000260318280198,0.000203761097509,0.000149937055539,0.0000710014573997,0.0000355213123839,0.0000091952879302,4.16061936903e-7],"min":[3.62613547587e-25,2.2406793319e-24,2.52592325079e-25,8.48075762995e-25,7.80259244797e-24,1.01201529804e-23,7.65510701313e-24,1.05449608887e-23,1.4599669654e-23,1.24286589674e-23,1.34243379027e-23,2.1500964063e-23,2.29671724959e-23,2.49642906289e-23,3.93310522561e-23,3.56661401745e-23,6.41639896556e-23,9.37092034498e-23,9.75532532211e-23,1.62784603236e-22,2.387581057e-22,2.73095567452e-22,3.56691977993e-22,5.86619031984e-22,8.46703468453e-22,1.23638237833e-21,1.89346044688e-21],"var":[1.71409748617e-8,0.0000122442434076,0.00000177527499545,7.2474767876e-7,0.00000316333944284,0.00000203376862373,7.26548478269e-7,0.00000210278039958,0.00000144158343574,5.05847140175e-7,7.43494126709e-7,9.53127766934e-7,8.24664937227e-7,7.21823312233e-7,8.83308587163e-7,2.29957819897e-7,7.96538756731e-7,0.000001553911261,9.38063465128e-7,4.1814817564e-7,1.4950776972e-7,9.3094888598e-7,0.00000101371347228,2.65796185062e-8,1.31635395917e-8,1.38073663614e-9,5.0254622512e-12]},"barkbands_crest":{"dmean":2.02698779106,"dmean2":3.36322164536,"dvar":4.8338098526,"dvar2":11.8753042221,"max":26.3835067749,"mean":5.91890192032,"median":5.1244225502,"min":2.09493374825,"var":7.9332947731},"barkbands_flatness_db":{"dmean":0.012905754149,"dmean2":0.0205563046038,"dvar":0.000176037850906,"dvar2":0.000431378080975,"max":0.304851680994,"mean":0.0682611390948,"median":0.0655470564961,"min":0.0186162479222,"var":0.000523066264577},"barkbands_kurtosis":{"dmean":0.520150840282,"dmean2":0.841695129871,"dvar":2.651699543,"dvar2":6.50835943222,"max":81.1882324219,"mean":-0.758600115776,"median":-1.15798568726,"min":-1.89036679268,"var":3.42319154739},"barkbands_skewness":{"dmean":0.326026856899,"dmean2":0.507349133492,"dvar":0.119147151709,"dvar2":0.272508054972,"max":4.99776172638,"mean":0.258193224669,"median":0.225977092981,"min":-8.59164524078,"var":0.438803613186},"barkbands_spread":{"dmean":5.57694673538,"dmean2":8.914270401,"dvar":27.3343982697,"dvar2":64.5023574829,"max":117.51739502,"mean":41.6003990173,"median":41.684009552,"min":1.72029674053,"var":114.442337036},"dissonance":{"dmean":0.007696100045,"dmean2":0.0130952857435,"dvar":0.0000664543258608,"dvar2":0.000186865392607,"max":0.500000059605,"mean":0.486916303635,"median":0.488940298557,"min":0.190107107162,"var":0.0000950187531998},"dynamic_complexity":3.16889047623,"erbbands":{"dmean":[0.0523692369461,0.405263274908,0.86311674118,1.26458644867,2.37327194214,3.34502863884,5.47709608078,4.66440391541,4.60848379135,7.35847043991,10.6608409882,8.35768222809,7.41362571716,8.3519744873,11.1720514297,13.843047142,15.7054700851,16.4849796295,14.8733959198,11.7149572372,7.93943309784,18.5101966858,23.8459186554,20.6517276764,22.5314235687,12.6058731079,7.72129011154,7.27484846115,5.37556743622,8.0118894577,5.89338541031,1.90736103058,1.01060950756,0.620902180672,0.269288986921,0.100250527263,0.0213634204119,0.00255659339018,0.000180965536856,0.0000143527831824],"dmean2":[0.0880725756288,0.669818520546,1.50957453251,2.14266490936,4.04047441483,5.66796445847,8.88284778595,7.64464759827,7.55924510956,12.0524787903,16.8009490967,12.9055757523,11.8157711029,12.9578380585,17.7771453857,21.8660316467,25.7659072876,26.825345993,23.9183330536,18.1456127167,12.9561719894,30.2262229919,37.7747612,32.8920326233,36.2016334534,20.1123352051,12.9476118088,11.7564573288,8.63613033295,12.968670845,9.90731048584,3.11172366142,1.70094954967,1.01525127888,0.426393598318,0.160595789552,0.0330849662423,0.00397157017142,0.000274931255262,0.0000214823612623],"dvar":[0.0109426863492,0.75322085619,3.53002214432,4.38567781448,21.7125473022,35.6803894043,79.8165512085,77.8699035645,86.3496398926,205.866119385,688.944335938,424.358734131,307.181396484,341.262390137,574.213256836,750.616027832,1003.98199463,1115.70129395,896.658752441,538.860412598,114.675918579,719.98059082,1346.2434082,709.870056152,803.179748535,220.556808472,167.659957886,170.666854858,164.452178955,1017.82128906,976.850708008,11.1889104843,3.11893796921,1.26510870457,0.249546900392,0.0402580201626,0.00149013788905,0.0000232644633797,9.79507035481e-8,4.92062335322e-10],"dvar2":[0.0270228162408,1.87424635887,9.67147254944,11.8635263443,59.1788597107,99.1742095947,204.069213867,199.817230225,231.642745972,488.199798584,1640.53442383,977.291870117,708.331054688,768.713562012,1426.4954834,1941.97473145,2661.3125,2868.44360352,2177.42724609,1161.67907715,278.836334229,1808.55285645,3103.70947266,1699.94885254,2024.73022461,533.333862305,454.68069458,436.172393799,411.323883057,2591.53588867,2665.14746094,27.6107635498,7.83932638168,3.1300444603,0.561399638653,0.0961756408215,0.003542246297,0.0000580403939239,2.2861244986e-7,1.20590193387e-9],"max":[1.08559775352,7.74027252197,17.2872753143,36.9366035461,99.2622146606,110.649520874,157.198989868,220.521408081,242.061706543,281.993652344,518.405517578,478.916778564,653.713989258,564.907470703,687.681091309,853.122680664,487.077667236,599.36895752,618.224487305,567.07409668,248.286880493,505.02923584,744.556274414,610.328918457,602.573791504,267.157501221,144.481048584,138.990859985,324.086120605,942.935241699,724.748840332,78.5954284668,30.2978668213,23.7740955353,11.1029577255,5.39338970184,0.989945590496,0.105660684407,0.00704438518733,0.000539912318345],"mean":[0.0584065355361,0.445907652378,1.04958105087,1.98251640797,3.24669623375,5.01192951202,9.09661579132,8.11361408234,7.99785661697,11.5184774399,16.7998867035,14.3734788895,12.6038398743,14.7757482529,21.1063766479,26.372297287,26.9586391449,29.1977500916,28.056022644,24.0042324066,18.3083820343,42.0954704285,55.4852828979,54.0468902588,57.5041465759,35.0879440308,17.2209072113,13.7800016403,11.0666732788,12.8055906296,9.36499214172,3.54157567024,1.70266604424,1.0090316534,0.442355394363,0.150298148394,0.0311917029321,0.00359784485772,0.000258780346485,0.0000354815456376],"median":[0.0281033478677,0.209963798523,0.6330691576,1.47505390644,2.0115942955,3.27123117447,5.30968809128,4.8466835022,4.926445961,5.8773226738,7.30222988129,6.81036472321,6.60666465759,6.64346075058,10.2281351089,13.3236188889,12.989282608,14.6033582687,14.0462856293,10.7548561096,13.4341144562,28.357334137,33.12109375,43.1057281494,48.8959159851,30.1158676147,13.7539072037,9.63900566101,7.42423915863,5.68851947784,3.91414213181,2.12810230255,0.927122473717,0.490196019411,0.194721847773,0.060950960964,0.0125479791313,0.001308364328,0.0000972064735834,0.0000289306644845],"min":[7.93543015575e-23,6.82678207894e-22,9.29226043665e-22,3.29141062628e-21,8.57265914602e-21,2.73591409319e-20,4.50768488207e-20,8.15893733095e-20,1.23813712406e-19,1.82880650771e-19,3.59564865724e-19,2.92113585896e-19,3.35135921639e-19,3.45833305664e-19,7.09527250211e-19,1.22817895516e-18,1.41194229812e-18,1.43986863938e-18,1.53642305414e-18,2.69675355353e-18,3.27405365638e-18,4.04767928735e-18,4.50303270199e-18,4.93157719297e-18,6.45280369848e-18,7.23264890048e-18,9.16883304183e-18,8.22196849362e-18,9.14665053934e-18,1.03679570712e-17,9.77785717553e-18,9.89251764332e-18,9.03416472938e-18,8.18832788529e-18,6.01605564378e-18,4.05001069591e-18,2.0384344184e-18,8.72426668277e-19,2.55847196107e-19,2.37665016611e-20],"var":[0.010250848718,0.663432359695,2.61719632149,4.47561645508,19.9492454529,40.0996589661,146.400283813,140.556549072,118.937026978,372.422302246,1120.96484375,772.01776123,608.790893555,741.745544434,1358.65856934,1712.49401855,1763.45678711,2290.93286133,1919.63806152,1679.05908203,298.766265869,1886.39025879,4183.66210938,2412.14135742,2315.56445312,792.041992188,240.331237793,221.351242065,255.062637329,1367.63842773,1009.16125488,20.2711296082,5.16982793808,2.16045331955,0.517559230328,0.0664901286364,0.00246954825707,0.0000340126607625,1.48551762891e-7,8.19573409139e-10]},"erbbands_crest":{"dmean":1.81368267536,"dmean2":3.00289273262,"dvar":3.51041984558,"dvar2":9.08885383606,"max":27.914396286,"mean":6.91052007675,"median":6.30890846252,"min":2.51195716858,"var":7.76469945908},"erbbands_flatness_db":{"dmean":0.0131361847743,"dmean2":0.0195255484432,"dvar":0.000152014414198,"dvar2":0.000318036094541,"max":0.367348581553,"mean":0.140069931746,"median":0.14030995965,"min":0.0430246070027,"var":0.000742437841836},"erbbands_kurtosis":{"dmean":0.581378519535,"dmean2":0.941200554371,"dvar":0.982825279236,"dvar2":2.58780694008,"max":45.0419769287,"mean":0.0746463313699,"median":-0.162783265114,"min":-1.56531381607,"var":1.44930589199},"erbbands_skewness":{"dmean":0.251370787621,"dmean2":0.395254611969,"dvar":0.0581382848322,"dvar2":0.140442371368,"max":1.39173340797,"mean":-0.586247980595,"median":-0.597920417786,"min":-6.46006441116,"var":0.242985710502},"erbbands_spread":{"dmean":5.81680345535,"dmean2":9.22911643982,"dvar":27.3562545776,"dvar2":67.2379379272,"max":115.129127502,"mean":37.1846847534,"median":36.0890045166,"min":3.69163656235,"var":109.89617157},"gfcc":{"cov":[[30525.6796875,1362.54150391,-2680.99560547,1322.35119629,-1446.37597656,240.539169312,-899.934204102,282.408966064,-685.72253418,82.002571106,-216.524612427,58.8576278687,-335.259429932],[1362.54150391,572.495910645,-284.088165283,134.575759888,29.2654533386,-21.0589427948,41.8698654175,5.94399213791,-1.24430763721,-21.4356212616,33.9427680969,-40.1314697266,24.6323432922],[-2680.99560547,-284.088165283,633.876098633,-74.2738418579,150.036636353,-22.5807037354,42.6968460083,-3.50041460991,40.080997467,18.1676273346,-8.3002281189,12.9200811386,18.0151863098],[1322.35119629,134.575759888,-74.2738418579,205.685241699,-29.853805542,7.68207073212,-37.0339393616,19.5334739685,-9.99956989288,2.75528335571,3.40397500992,-5.21921348572,-6.85124588013],[-1446.37597656,29.2654533386,150.036636353,-29.853805542,191.186309814,-16.6234073639,75.6848220825,-2.44345927238,33.5352325439,1.44420993328,21.5530014038,-12.3710851669,29.4982147217],[240.539169312,-21.0589427948,-22.5807037354,7.68207073212,-16.6234073639,120.639419556,28.6443862915,2.70163869858,-11.9577169418,-1.83234238625,2.00337386131,12.1186676025,-7.87857198715],[-899.934204102,41.8698654175,42.6968460083,-37.0339393616,75.6848220825,28.6443862915,161.913085938,-2.11200618744,2.0353102684,-8.51014232635,34.1180114746,-6.34659576416,8.89493274689],[282.408966064,5.94399213791,-3.50041460991,19.5334739685,-2.44345927238,2.70163869858,-2.11200618744,66.4087219238,13.6452732086,14.5461082458,-8.32946014404,-4.58643293381,1.90476536751],[-685.72253418,-1.24430763721,40.080997467,-9.99956989288,33.5352325439,-11.9577169418,2.0353102684,13.6452732086,119.429290771,0.909435272217,-4.93780660629,-8.43440818787,4.45760059357],[82.002571106,-21.4356212616,18.1676273346,2.75528335571,1.44420993328,-1.83234238625,-8.51014232635,14.5461082458,0.909435272217,55.2930755615,11.5318908691,0.941798627377,-1.25818264484],[-216.524612427,33.9427680969,-8.3002281189,3.40397500992,21.5530014038,2.00337386131,34.1180114746,-8.32946014404,-4.93780660629,11.5318908691,61.6461753845,16.7594356537,8.65526008606],[58.8576278687,-40.1314697266,12.9200811386,-5.21921348572,-12.3710851669,12.1186676025,-6.34659576416,-4.58643293381,-8.43440818787,0.941798627377,16.7594356537,53.8042831421,10.4620914459],[-335.259429932,24.6323432922,18.0151863098,-6.85124588013,29.4982147217,-7.87857198715,8.89493274689,1.90476536751,4.45760059357,-1.25818264484,8.65526008606,10.4620914459,45.7708282471]],"icov":[[0.000163885808433,-0.000255107763223,0.000346980581526,-0.000540789274964,0.000435460387962,-0.000133550129249,0.000371899863239,-0.00051287712995,0.000650674686767,-0.00035027434933,0.000542598369066,-0.00057620415464,0.000721734249964],[-0.000255107763223,0.00402188627049,0.00117764435709,-0.00130896724295,-0.00182819587644,0.00101742637344,-0.00154396693688,0.00096904282691,-0.00114688917529,0.00152790395077,-0.00207617459819,0.00319483899511,-0.00326337432489],[0.000346980581526,0.00117764435709,0.00371840456501,-0.00175186712295,-0.00150076160207,0.000371579255443,0.000218294982915,-0.000752397289034,0.00108875194564,-0.00131354935002,0.00210480764508,-0.00169727567118,0.00104984687641],[-0.000540789274964,-0.00130896724295,-0.00175186712295,0.00868165586144,-0.000845729198772,-0.000713603221811,0.00112463103142,-0.000392882298911,-0.00159790017642,0.00131958746351,-0.00300179445185,0.00173823873047,-0.000685425067786],[0.000435460387962,-0.00182819587644,-0.00150076160207,-0.000845729198772,0.0111137367785,0.000340127240634,-0.00200208462775,-0.000837241881527,0.000124437196064,-0.00120138621423,-0.000285444984911,0.00118723581545,-0.00230500497855],[-0.000133550129249,0.00101742637344,0.000371579255443,-0.000713603221811,0.000340127240634,0.00998721085489,-0.00355321657844,0.000171968044015,-0.000143058117828,0.0000623616506346,0.0011163149029,-0.00234533776529,0.000745070574339],[0.000371899863239,-0.00154396693688,0.000218294982915,0.00112463103142,-0.00200208462775,-0.00355321657844,0.0113242221996,-0.00283269700594,0.00225256220438,0.00211214832962,-0.00461893575266,0.00116653169971,0.00267874146812],[-0.00051287712995,0.00096904282691,-0.000752397289034,-0.000392882298911,-0.000837241881527,0.000171968044015,-0.00283269700594,0.0196230597794,-0.004202415701,-0.00480442354456,0.00274101179093,0.00196636631154,-0.00442839134485],[0.000650674686767,-0.00114688917529,0.00108875194564,-0.00159790017642,0.000124437196064,-0.000143058117828,0.00225256220438,-0.004202415701,0.0118771037087,-0.000840280845296,0.00237862416543,-0.00147375627421,0.00305510149337],[-0.00035027434933,0.00152790395077,-0.00131354935002,0.00131958746351,-0.00120138621423,0.0000623616506346,0.00211214832962,-0.00480442354456,-0.000840280845296,0.0230135191232,-0.00908008776605,0.00391885777935,-0.000563199515454],[0.000542598369066,-0.00207617459819,0.00210480764508,-0.00300179445185,-0.000285444984911,0.0011163149029,-0.00461893575266,0.00274101179093,0.00237862416543,-0.00908008776605,0.027582814917,-0.0120204966515,0.00202405545861],[-0.00057620415464,0.00319483899511,-0.00169727567118,0.00173823873047,0.00118723581545,-0.00234533776529,0.00116653169971,0.00196636631154,-0.00147375627421,0.00391885777935,-0.0120204966515,0.0287763476372,-0.0105422940105],[0.000721734249964,-0.00326337432489,0.00104984687641,-0.000685425067786,-0.00230500497855,0.000745070574339,0.00267874146812,-0.00442839134485,0.00305510149337,-0.000563199515454,0.00202405545861,-0.0105422940105,0.0313663482666]],"mean":[-3.40576267242,63.2172851562,-134.284225464,51.0736999512,-59.3254508972,11.582529068,-35.9532394409,11.3404531479,-27.1373271942,2.59660363197,-9.48141479492,1.72780382633,-14.7771854401]},"hfc":{"dmean":7.90535306931,"dmean2":11.9595746994,"dvar":153.074295044,"dvar2":382.599761963,"max":198.615264893,"mean":27.0941905975,"median":23.8204956055,"min":1.06500999409e-16,"var":401.233581543},"melbands":{"dmean":[0.000472453364637,0.000463384174509,0.000236432839301,0.000201727554668,0.000178414426045,0.00010793506226,0.0000709560117684,0.0000853435194585,0.0000862780216266,0.0000507086951984,0.0000375265190087,0.0000344870932167,0.0000361771672033,0.0000382232428819,0.0000329303693434,0.0000357151184289,0.000031841249438,0.0000244081220444,0.0000214524097828,0.0000143651986946,0.0000101624946183,0.0000170971052285,0.0000309303795802,0.000022211972464,0.0000180873976205,0.0000198123962036,0.000015008853552,0.00000809735956864,0.00000516211093782,0.0000052200484788,0.00000421805862061,0.00000284822544927,0.00000497527616972,0.00000423245728598,0.00000449176377515,0.00000156875455559,9.95155915007e-7,7.23992855001e-7,6.94318600836e-7,4.87538670768e-7],"dmean2":[0.000778169429395,0.000772890169173,0.000399920827476,0.000344377069268,0.00028987028054,0.000176758054295,0.000116046845505,0.000139323223266,0.000135765425512,0.0000784486983321,0.0000599889863224,0.0000536141233169,0.0000573069737584,0.0000610827992205,0.0000535811450391,0.0000587314607401,0.0000518290908076,0.0000393446243834,0.0000334310097969,0.0000228910375881,0.0000168285478139,0.0000283134340862,0.0000502164039062,0.0000352894530806,0.0000292807562801,0.0000322134183079,0.0000243749254878,0.0000130519792947,0.00000870509666129,0.00000873960834724,0.00000685672057443,0.00000468720145363,0.00000793690287537,0.00000697106679581,0.00000763592834119,0.00000261320042227,0.00000161382013175,0.00000122316293982,0.0000011949864529,7.8850251839e-7],"dvar":[9.11485756205e-7,9.5512984899e-7,1.55322098294e-7,1.55254269885e-7,7.69222765484e-8,3.80132334499e-8,1.9523167083e-8,2.94699091796e-8,4.3905473035e-8,1.6401191516e-8,7.74866926179e-9,5.65119506746e-9,6.50357412368e-9,5.92428062163e-9,3.29241012231e-9,4.99865793202e-9,3.75817377218e-9,2.51957787967e-9,2.34919395048e-9,7.41824657258e-10,1.91319196596e-10,6.01164840131e-10,2.53250420634e-9,1.53189505525e-9,5.52229151296e-10,5.88655957312e-10,4.4716483294e-10,9.0257010199e-11,5.86288934068e-11,9.16402578821e-11,5.24737857333e-11,4.03343192179e-11,7.508156874e-10,2.12123887899e-10,8.36542224381e-10,7.33843541489e-12,3.18388262803e-12,1.65498344196e-12,1.60402344618e-12,7.96274721507e-13],"dvar2":[0.00000217231809074,0.00000247509069595,4.1538834239e-7,4.3225202262e-7,2.00068129175e-7,9.77689467163e-8,5.20254452852e-8,6.95651323213e-8,1.04607153162e-7,3.79590687771e-8,1.79804864331e-8,1.27747936673e-8,1.57076165408e-8,1.54664956398e-8,8.61272297925e-9,1.32176962708e-8,9.54434575817e-9,6.09767392135e-9,5.36095834391e-9,1.63867286407e-9,4.90458340607e-10,1.54861823365e-9,6.07808647857e-9,3.54426932248e-9,1.35899980158e-9,1.48752032914e-9,1.10558695532e-9,2.25866061965e-10,1.59263616184e-10,2.44981784858e-10,1.31718552732e-10,1.04005533352e-10,1.86819204551e-9,5.61653834552e-10,2.28398211455e-9,1.86825312165e-11,7.57368907173e-12,4.19111186728e-12,4.19642185584e-12,1.90907164209e-12],"max":[0.00965514499694,0.00822853203863,0.00649880804121,0.00927840080112,0.00480974139646,0.00476638739929,0.00313850701787,0.00356761249714,0.00403566099703,0.00285319820978,0.00323142716661,0.00226057320833,0.00237299478613,0.00189829187002,0.0011141152354,0.00114746927284,0.00126625748817,0.00132638821378,0.00124018243514,0.000661832164042,0.000324394815834,0.000628951529507,0.000938781828154,0.0012245826656,0.000604357861448,0.000530003744643,0.000671449466608,0.000149809420691,0.0000974917347776,0.0000850034411997,0.000107802901766,0.000168523998582,0.000864327943418,0.000283397443127,0.000673262693454,0.0000477256871818,0.0000459511247755,0.0000243184422288,0.0000307519803755,0.0000217550787056],"mean":[0.000545604794752,0.000577919592615,0.000371978385374,0.000292355776764,0.000304364599288,0.000190492079128,0.000121824930829,0.000133208828629,0.000136126313009,0.0000848366544233,0.0000609570197412,0.0000577325590712,0.000065140411607,0.0000711936372682,0.0000575631020183,0.0000584861554671,0.0000526280382473,0.0000429106003139,0.000039166337956,0.0000265742382908,0.0000203678682738,0.0000367569555237,0.0000608348018432,0.0000463749565824,0.0000425279649789,0.0000459032999061,0.0000351130474883,0.0000204577445402,0.0000111600838864,0.00000867240305524,0.00000770341921452,0.00000598204314883,0.00000771972099756,0.00000669895553074,0.00000661618651066,0.00000286314070763,0.00000178847221832,0.00000117657464216,0.00000104389505395,7.90416095242e-7],"median":[0.000263545545749,0.00033435045043,0.00027642751229,0.000191634462681,0.000191798026208,0.000118267227663,0.0000735843423172,0.0000657724376651,0.0000604809029028,0.0000375868767151,0.0000303053002426,0.000024243061489,0.0000279705091089,0.0000342988423654,0.0000315728466376,0.0000259555454249,0.0000253804155363,0.0000209376012208,0.0000156284495461,0.000013569132534,0.0000154187873704,0.0000261586792476,0.0000333786083502,0.0000270789314527,0.0000334631549777,0.0000378940603696,0.0000289600211545,0.0000170239400177,0.00000883983193489,0.00000581482072448,0.00000525266023033,0.0000043246864152,0.0000031128511182,0.00000302345279124,0.00000225671055887,0.00000169689747054,0.00000107065761767,6.24277447514e-7,5.48413026991e-7,3.58488165375e-7],"min":[9.22579928404e-25,6.17332666319e-25,1.01453241514e-24,1.34958451855e-24,1.55628668471e-24,1.70656606766e-24,2.10316805713e-24,2.26711406083e-24,2.67641414708e-24,1.93003892363e-24,1.49435617327e-24,1.21720064245e-24,2.01006787639e-24,2.47233228102e-24,3.08375115296e-24,2.1101088498e-24,1.87173618627e-24,1.73633412835e-24,3.03233477688e-24,3.06531389588e-24,3.24472472877e-24,3.57704993725e-24,3.88651494277e-24,3.54901697612e-24,3.46134139739e-24,3.01695928619e-24,3.28661067904e-24,5.16468654598e-24,4.99912160248e-24,4.75080988319e-24,3.34119354279e-24,4.16324024857e-24,5.15539337008e-24,5.5377783111e-24,4.47323497419e-24,4.06207159849e-24,5.29406170659e-24,5.58367778844e-24,6.76870582356e-24,6.865338129e-24],"var":[8.87732085175e-7,8.05848969776e-7,1.57266029532e-7,1.45705072896e-7,1.39398963483e-7,6.86684558104e-8,2.81830043747e-8,5.18882536937e-8,7.1074673258e-8,2.96190041382e-8,1.52052752611e-8,1.21822649746e-8,1.58090482927e-8,1.37455966609e-8,6.16282935795e-9,8.98643737202e-9,7.57400631102e-9,4.96360197388e-9,5.61532642607e-9,2.09785611105e-9,3.89569904113e-10,1.39048017544e-9,6.09243011596e-9,4.13638989727e-9,1.57428048375e-9,1.61312296854e-9,1.0715600629e-9,2.93347013347e-10,9.799897005e-11,1.00712216344e-10,7.22280013576e-11,6.0480474795e-11,1.0268020878e-9,2.518805442e-10,8.51687054215e-10,1.26312623555e-11,6.03965879045e-12,2.62741022515e-12,2.25836840548e-12,1.42466420605e-12]},"melbands_crest":{"dmean":2.8244342804,"dmean2":4.6186208725,"dvar":8.22555351257,"dvar2":18.600233078,"max":27.1550312042,"mean":9.23074245453,"median":8.21497917175,"min":1.5533977747,"var":16.6549663544},"melbands_flatness_db":{"dmean":0.0180573370308,"dmean2":0.0287119243294,"dvar":0.00036970563815,"dvar2":0.000850843905937,"max":0.370252758265,"mean":0.102751508355,"median":0.0974549204111,"min":0.0029289687518,"var":0.00126133812591},"melbands_kurtosis":{"dmean":2.07287883759,"dmean2":3.26097488403,"dvar":13.7929553986,"dvar2":30.0947647095,"max":114.119438171,"mean":2.4604742527,"median":1.1226708889,"min":-1.87124013901,"var":24.512134552},"melbands_skewness":{"dmean":0.458181887865,"dmean2":0.707917630672,"dvar":0.241898417473,"dvar2":0.528207421303,"max":9.41759967804,"mean":1.5122563839,"median":1.39804244041,"min":-4.02100610733,"var":0.757083296776},"melbands_spread":{"dmean":11.1121301651,"dmean2":17.7792625427,"dvar":134.607940674,"dvar2":326.350524902,"max":232.89730835,"mean":57.7113342285,"median":55.7616271973,"min":2.08699059486,"var":472.570465088},"mfcc":{"cov":[[11660.2666016,795.38848877,-4.72359085083,558.077880859,-54.7523612976,-33.115650177,-8.98139667511,41.7018127441,-216.960998535,-38.171497345,26.8335227966,-30.0916576385,-53.1178245544],[795.38848877,500.815643311,-147.68510437,131.903747559,6.13730430603,15.0338830948,53.2010688782,20.5980701447,4.31482076645,12.731180191,3.24293684959,23.1786327362,-0.343783915043],[-4.72359085083,-147.68510437,260.20703125,9.17894744873,38.3205070496,-3.19076919556,-18.6999511719,-11.5362663269,9.54480075836,-16.8773612976,-8.75938987732,4.4151263237,4.79405593872],[558.077880859,131.903747559,9.17894744873,196.933837891,41.8169708252,-13.4332962036,11.4618549347,-3.55624485016,-2.07995319366,14.9757461548,-3.50402402878,2.91300344467,15.1645278931],[-54.7523612976,6.13730430603,38.3205070496,41.8169708252,112.09765625,-2.09447979927,-32.3647270203,-7.24699544907,20.3443813324,6.52433490753,-4.30260705948,0.780728697777,-0.5714610219],[-33.115650177,15.0338830948,-3.19076919556,-13.4332962036,-2.09447979927,86.0289230347,38.92628479,20.7320327759,-2.32772278786,-3.75705575943,8.95261478424,6.20138931274,4.37553548813],[-8.98139667511,53.2010688782,-18.6999511719,11.4618549347,-32.3647270203,38.92628479,154.074783325,14.1193189621,-11.1294775009,-6.45809030533,-8.47167491913,18.2289028168,10.9965372086],[41.7018127441,20.5980701447,-11.5362663269,-3.55624485016,-7.24699544907,20.7320327759,14.1193189621,69.8244476318,12.2630386353,1.28117728233,8.31358623505,-0.431791812181,1.13096189499],[-216.960998535,4.31482076645,9.54480075836,-2.07995319366,20.3443813324,-2.32772278786,-11.1294775009,12.2630386353,69.4884338379,21.3542194366,2.00078129768,0.676004767418,-6.33303546906],[-38.171497345,12.731180191,-16.8773612976,14.9757461548,6.52433490753,-3.75705575943,-6.45809030533,1.28117728233,21.3542194366,66.1708831787,14.191491127,-1.88732755184,2.94524002075],[26.8335227966,3.24293684959,-8.75938987732,-3.50402402878,-4.30260705948,8.95261478424,-8.47167491913,8.31358623505,2.00078129768,14.191491127,50.2611961365,11.1392002106,-0.0754426270723],[-30.0916576385,23.1786327362,4.4151263237,2.91300344467,0.780728697777,6.20138931274,18.2289028168,-0.431791812181,0.676004767418,-1.88732755184,11.1392002106,45.1053390503,12.6528110504],[-53.1178245544,-0.343783915043,4.79405593872,15.1645278931,-0.5714610219,4.37553548813,10.9965372086,1.13096189499,-6.33303546906,2.94524002075,-0.0754426270723,12.6528110504,45.8470191956]],"icov":[[0.000122010162158,-0.000174086686457,-0.000132710410981,-0.00028498203028,0.00016610667808,0.0000139910625876,0.000112634515972,-0.000134923102451,0.000417988019763,0.00000659961824567,-0.0000826091854833,0.0000930337482714,0.000256743805949],[-0.000174086686457,0.00367746595293,0.00223003956489,-0.00210056849755,-0.00023519617389,-0.000584755849559,-0.000569333147723,-0.000358813296771,-0.00113089650404,0.00031761804712,0.000576796534006,-0.00214247079566,0.000901375489775],[-0.000132710410981,0.00223003956489,0.00558265158907,-0.00118673534598,-0.00142031128053,-0.00045636179857,-0.0000386435422115,0.000435642839875,-0.00155094545335,0.0016080008354,0.000665354134981,-0.00162259361241,-0.000172531363205],[-0.00028498203028,-0.00210056849755,-0.00118673534598,0.00859460234642,-0.0031713549979,0.00196397770196,-0.00126537401229,0.000379142089514,0.000596228346694,-0.00168912694789,-0.000126721803099,0.00161431112792,-0.00325228809379],[0.00016610667808,-0.00023519617389,-0.00142031128053,-0.0031713549979,0.0121597601101,-0.00200185435824,0.00309255020693,0.00104726839345,-0.00259320042096,-0.00012185741798,0.00161572068464,-0.00123287411407,0.000955723167863],[0.0000139910625876,-0.000584755849559,-0.00045636179857,0.00196397770196,-0.00200185435824,0.0150101799518,-0.00400457531214,-0.00343413534574,0.00100165558979,0.000755947141442,-0.00333102000877,0.000954830320552,-0.0011815285543],[0.000112634515972,-0.000569333147723,-0.0000386435422115,-0.00126537401229,0.00309255020693,-0.00400457531214,0.00920811481774,-0.000917527533602,0.0009811402997,-0.000316422985634,0.00342003698461,-0.00363818160258,-0.0000508701086801],[-0.000134923102451,-0.000358813296771,0.000435642839875,0.000379142089514,0.00104726839345,-0.00343413534574,-0.000917527533602,0.0170657262206,-0.0045762732625,0.00151703937445,-0.00283309607767,0.00228322041221,-0.00155445723794],[0.000417988019763,-0.00113089650404,-0.00155094545335,0.000596228346694,-0.00259320042096,0.00100165558979,0.0009811402997,-0.0045762732625,0.0201084241271,-0.00661788787693,0.00157216703519,-0.00160306924954,0.0038381984923],[0.00000659961824567,0.00031761804712,0.0016080008354,-0.00168912694789,-0.00012185741798,0.000755947141442,-0.000316422985634,0.00151703937445,-0.00661788787693,0.0195194855332,-0.00623491918668,0.00303249084391,-0.00264986814],[-0.0000826091854833,0.000576796534006,0.000665354134981,-0.000126721803099,0.00161572068464,-0.00333102000877,0.00342003698461,-0.00283309607767,0.00157216703519,-0.00623491918668,0.0254059974104,-0.00865221582353,0.00251592253335],[0.0000930337482714,-0.00214247079566,-0.00162259361241,0.00161431112792,-0.00123287411407,0.000954830320552,-0.00363818160258,0.00228322041221,-0.00160306924954,0.00303249084391,-0.00865221582353,0.0293263010681,-0.008086678572],[0.000256743805949,0.000901375489775,-0.000172531363205,-0.00325228809379,0.000955723167863,-0.0011815285543,-0.0000508701086801,-0.00155445723794,0.0038381984923,-0.00264986814,0.00251592253335,-0.008086678572,0.0263211987913]],"mean":[-622.783508301,82.4019165039,-14.2921447754,33.9426994324,0.304627746344,2.78087067604,3.10973477364,5.71797227859,-9.69478130341,2.04337882996,2.579611063,0.573604941368,-0.512800216675]},"pitch_salience":{"dmean":0.0594769641757,"dmean2":0.0960640236735,"dvar":0.00321363192052,"dvar2":0.00786512997001,"max":0.850742518902,"mean":0.650858998299,"median":0.662841200829,"min":0.138738408685,"var":0.00792301911861},"silence_rate_20dB":{"dmean":0,"dmean2":0,"dvar":0,"dvar2":0,"max":1,"mean":1,"median":1,"min":1,"var":0},"silence_rate_30dB":{"dmean":0,"dmean2":0,"dvar":0,"dvar2":0,"max":1,"mean":1,"median":1,"min":1,"var":0},"silence_rate_60dB":{"dmean":0.0038876470644,"dmean2":0.00777604989707,"dvar":0.0038726744242,"dvar2":0.0088825263083,"max":1,"mean":0.0814382880926,"median":0,"min":0,"var":0.0748001113534},"spectral_centroid":{"dmean":206.317565918,"dmean2":333.374633789,"dvar":61054.5429688,"dvar2":146770.109375,"max":11880.0751953,"mean":2666.73461914,"median":2554.92773438,"min":180.152816772,"var":1364580.5},"spectral_complexity":{"dmean":4.39323568344,"dmean2":6.75622081757,"dvar":18.6491069794,"dvar2":38.1612358093,"max":60,"mean":30.3049564362,"median":33,"min":0,"var":162.691955566},"spectral_contrast_coeffs":{"dmean":[0.0491651929915,0.0419620126486,0.033741183579,0.028312927112,0.0201627872884,0.0181300640106],"dmean2":[0.0824118331075,0.0692910924554,0.0551158599555,0.0469886399806,0.0333602614701,0.029360556975],"dvar":[0.00175255734939,0.0011952057248,0.000741412222851,0.000513869163115,0.000268649135251,0.000277217623079],"dvar2":[0.004691591952,0.00318610901013,0.00191529898439,0.00137056503445,0.000695392256603,0.000655014591757],"max":[-0.387546539307,-0.512229979038,-0.552263498306,-0.63094907999,-0.645219027996,-0.608711838722],"mean":[-0.694010436535,-0.769162416458,-0.788599550724,-0.794357299805,-0.785847425461,-0.743906497955],"median":[-0.693328380585,-0.771133422852,-0.791325092316,-0.797033786774,-0.783951401711,-0.73924356699],"min":[-0.984353065491,-0.980064511299,-0.984533965588,-0.983953654766,-0.98138076067,-0.97959959507],"var":[0.00522312987596,0.00402847211808,0.00330014713109,0.00253726891242,0.00182263657916,0.0020316503942]},"spectral_contrast_valleys":{"dmean":[0.376799196005,0.334286749363,0.286297351122,0.240130081773,0.182113036513,0.265790611506],"dmean2":[0.614058077335,0.540828287601,0.464160889387,0.382687956095,0.282999396324,0.399527698755],"dvar":[0.115021154284,0.0893307998776,0.0672192871571,0.0511430241168,0.0459204092622,0.116858683527],"dvar2":[0.266353964806,0.202044859529,0.150896936655,0.105140961707,0.0829351916909,0.255418866873],"max":[-5.52327060699,-4.93121385574,-5.44888210297,-6.02573108673,-5.4330329895,-7.80630731583],"mean":[-7.67699146271,-7.11488771439,-7.61978578568,-7.7251086235,-7.02628850937,-9.93517684937],"median":[-7.16022968292,-6.6317615509,-7.15949630737,-7.2743139267,-6.48712062836,-9.51464748383],"min":[-28.5931396484,-28.0275745392,-28.0542201996,-27.7511310577,-27.50938797,-27.4472084045],"var":[7.55185699463,7.81674337387,7.35999155045,7.24816942215,7.79279327393,6.07276391983]},"spectral_decrease":{"dmean":1.22867294117e-9,"dmean2":1.85802961905e-9,"dvar":2.46355769037e-18,"dvar2":5.66407623107e-18,"max":1.75314020423e-28,"mean":-3.77267861396e-9,"median":-3.31172200774e-9,"min":-1.80998149801e-8,"var":6.08205886639e-18},"spectral_energy":{"dmean":0.00519434874877,"dmean2":0.00780172785744,"dvar":0.000043351923523,"dvar2":0.000100288256363,"max":0.0791707038879,"mean":0.0166964642704,"median":0.0148329213262,"min":9.62688710422e-21,"var":0.000115460832603},"spectral_energyband_high":{"dmean":0.000699213473126,"dmean2":0.00111426447984,"dvar":0.00000224178074859,"dvar2":0.00000582031407248,"max":0.0274331700057,"mean":0.00158639822621,"median":0.00111857708544,"min":6.51922568452e-21,"var":0.00000335230902238},"spectral_energyband_low":{"dmean":0.00229047588073,"dmean2":0.00361123168841,"dvar":0.0000177884485311,"dvar2":0.0000399390373786,"max":0.0393600612879,"mean":0.00344170955941,"median":0.00214448897168,"min":1.17387338414e-23,"var":0.0000203783056349},"spectral_energyband_middle_high":{"dmean":0.00176404649392,"dmean2":0.00265856040642,"dvar":0.00000444472698291,"dvar2":0.00000980769982561,"max":0.0346017703414,"mean":0.00673947203904,"median":0.00575830042362,"min":1.21255701194e-21,"var":0.0000243033500738},"spectral_energyband_middle_low":{"dmean":0.00222373334691,"dmean2":0.00358751579188,"dvar":0.0000113649230116,"dvar2":0.0000294305409625,"max":0.0520962774754,"mean":0.00540507910773,"median":0.0043310164474,"min":1.61404601523e-22,"var":0.0000190007885976},"spectral_entropy":{"dmean":0.0856116712093,"dmean2":0.133856460452,"dvar":0.00794224534184,"dvar2":0.0177490953356,"max":9.82860088348,"mean":7.98410987854,"median":7.95240879059,"min":6.95033359528,"var":0.0882453471422},"spectral_flux":{"dmean":0.016474345699,"dmean2":0.0240490492433,"dvar":0.000336584227625,"dvar2":0.000652307237033,"max":0.19501465559,"mean":0.0729818344116,"median":0.0701380595565,"min":6.36696112499e-11,"var":0.00118101155385},"spectral_kurtosis":{"dmean":0.88166064024,"dmean2":1.52294909954,"dvar":0.716582596302,"dvar2":2.14524364471,"max":9.51083183289,"mean":3.1367816925,"median":2.97657442093,"min":-1.26315462589,"var":1.86475741863},"spectral_rms":{"dmean":0.00057066680165,"dmean2":0.000836993101984,"dvar":4.08575630217e-7,"dvar2":8.94384697858e-7,"max":0.0087886126712,"mean":0.00376091408543,"median":0.0038040955551,"min":3.06465074672e-12,"var":0.00000214478427552},"spectral_rolloff":{"dmean":510.427825928,"dmean2":841.839111328,"dvar":487963.71875,"dvar2":1111625,"max":19681.3476562,"mean":3669.63305664,"median":3380.71289062,"min":107.666015625,"var":5203030},"spectral_skewness":{"dmean":0.137628793716,"dmean2":0.227988734841,"dvar":0.0154202049598,"dvar2":0.0416100770235,"max":2.18999767303,"mean":1.06044256687,"median":1.06611526012,"min":-0.179290920496,"var":0.06160717085},"spectral_spread":{"dmean":413420.4375,"dmean2":639043.0625,"dvar":310872768512,"dvar2":590000947200,"max":42604568,"mean":4713325.5,"median":3959989,"min":2192394.25,"var":22819872178200},"spectral_strongpeak":{"dmean":0.934737384319,"dmean2":1.61266362667,"dvar":5.3570895195,"dvar2":13.9056119919,"max":32.3363075256,"mean":1.14043676853,"median":0.291215598583,"min":0,"var":6.24459981918},"zerocrossingrate":{"dmean":0.0105908485129,"dmean2":0.0131364651024,"dvar":0.000123960388009,"dvar2":0.000198167574126,"max":0.52685546875,"mean":0.112837001681,"median":0.103515625,"min":0.01025390625,"var":0.00347987329587}},"metadata":{"audio_properties":{"analysis_sample_rate":44100,"bit_rate":0,"codec":"flac","downmix":"mix","equal_loudness":0,"length":238.906661987,"lossless":true,"md5_encoded":"7a899c3a536bbb289a6ecca55c60c51a","replay_gain":-7.32981300354,"sample_rate":44100},"tags":{"album":["Animal Boy"],"albumartist":["Ramones"],"albumartistsort":["Ramones"],"artist":["Ramones"],"artistsort":["Ramones"],"asin":["B000002L9O"],"catalognumber":["TORSO CD 020"],"date":["1986"],"discnumber":["1"],"disctotal":["1"],"engineer":["Anders Oredsson","Jorge Esteban"],"file_name":"01-07 My Brain Is Hanging Upside Down (Bonzo Goes to Bitburg).flac","genre":["Alternative"],"label":["Torso"],"labelno":["9 25433-2"],"media":["CD"],"mixer":["Anders Oredsson","Jean Beauvoir"],"musicbrainz_albumartistid":["d6ed7887-a401-47a8-893c-34b967444d26"],"musicbrainz_albumid":["767128a5-bab2-3dda-a733-0c72d7ae4908"],"musicbrainz_artistid":["d6ed7887-a401-47a8-893c-34b967444d26"],"musicbrainz_recordingid":["c4ccb5c7-fe6e-480c-aa43-940e053f73ed"],"musicbrainz_releasegroupid":["67b8c3ea-d2bc-3375-8b77-f73a048f2165"],"originaldate":["1986-05"],"performer":["Dee Dee Ramone (bass)","Richie Ramone (drums)","Johnny Ramone (guitar)","Joey Ramone (vocal)"],"producer":["Jean Beauvoir"],"publisher":["Sire Records"],"release date":["1986-05-19"],"releasecountry":["NL"],"releasestatus":["official"],"releasetype":["album"],"script":["Latn"],"title":["My Brain Is Hanging Upside Down (Bonzo Goes to Bitburg)"],"totaldiscs":["1"],"totaltracks":["12"],"tracknumber":["7"],"tracktotal":["12"]},"version":{"essentia":"2.1-beta1","essentia_build_sha":"ca57ba49d9b1854bd80e60cf9ccf267278fb7d6b","essentia_git_sha":"v2.1_beta1-28-g21ef5f4-dirty","extractor":"music 1.0"}},"rhythm":{"beats_count":345,"beats_loudness":{"dmean":0.00735058495775,"dmean2":0.0130595928058,"dvar":0.0000406334511354,"dvar2":0.000127671111841,"max":0.0510561987758,"mean":0.0218782871962,"median":0.0223448816687,"min":0,"var":0.0000949367677094}