{"lowlevel":{"average_loudness":0.570786058903,"barkbands":{"dmean":[0.0000294649235002,0.00156312726904,0.000664303603116,0.000478088506497,0.000576936581638,0.000544265960343,0.000628800538834,0.000529689190444,0.000760043854825,0.000996138667688,0.000744646182284,0.000516310916282,0.000494491716381,0.000504470488522,0.000408706866438,0.000401071330998,0.000203506046091,0.000217733322643,0.0000860660002218,0.0000765844306443,0.0000431415974163,0.0000224394898396,0.0000192501047422,0.0000286480772047,0.0000184933305718,0.000009642410987,0.00000378711138183],"dmean2":[0.0000469862643513,0.00290418043733,0.00121185230091,0.000811598089058,0.000994365196675,0.000848287018016,0.00101155554876,0.000838696665596,0.00119300303049,0.00155510555487,0.00118857377674,0.000827703799587,0.000810339581221,0.000844788446557,0.000652169401292,0.000648945220746,0.000319753191434,0.000353265902959,0.000138066956424,0.000116958282888,0.0000668043649057,0.0000317438098136,0.0000266550905508,0.0000387151449104,0.0000247578391281,0.0000134629299282,0.00000587441127209],"dvar":[6.78980649482e-9,0.0000305016856146,0.00000486520866616,0.00000186887734799,0.00000206491199606,0.00000118444222608,0.00000219014305003,0.00000254083374784,0.0000072001321314,0.0000116988185255,0.00000566144490222,0.00000274509193332,0.00000153886594489,0.00000216964531319,0.00000128190094983,0.00000130834951051,3.32000837489e-7,2.78968968814e-7,5.44302203309e-8,3.33587877321e-8,7.99958055353e-9,2.93062596413e-9,2.83658585509e-9,6.42450581623e-9,2.70333422314e-9,2.54258791799e-9,2.49425452514e-10],"dvar2":[1.60628061963e-8,0.0000874628021847,0.0000140772999657,0.00000515250940225,0.00000592770265939,0.00000308746075461,0.00000598843962507,0.0000065583549258,0.0000180707756954,0.0000281655193248,0.0000145190269905,0.00000662208185531,0.00000372123599846,0.00000588042394156,0.00000319591276821,0.00000322528671859,7.89759099007e-7,6.7434285711e-7,1.34859590162e-7,7.07755845042e-8,1.87838260501e-8,5.83608317228e-9,5.40577671515e-9,1.22200294328e-8,5.1465396389e-9,6.18620310533e-9,6.06975025796e-10],"max":[0.00105950434227,0.052722338587,0.0347567498684,0.0275487340987,0.0246280152351,0.028788773343,0.037798229605,0.072011962533,0.118162587285,0.113330841064,0.069085739553,0.0866391286254,0.0382175669074,0.042865768075,0.039962939918,0.0414393246174,0.0188019089401,0.0167592316866,0.0119342664257,0.00695664528757,0.00283288559876,0.00169453688432,0.00127034483012,0.00226793251932,0.00213765888475,0.00198009330779,0.000766539771575],"mean":[0.0000280661861325,0.00120083603542,0.000623277504928,0.000604422122706,0.000914251373615,0.0012320226524,0.00126033951528,0.00109779997729,0.00142981798854,0.00173839565832,0.00129476201255,0.000931095448323,0.000808636657894,0.000823174952529,0.000747763551772,0.000715685077012,0.000410732958699,0.000463643635157,0.000180502509465,0.000189157348359,0.000106799983769,0.0000511965117767,0.0000375941781385,0.0000551796729269,0.0000374234477931,0.000017031610696,0.00000455519875686],"median":[0.0000014325300981,0.000181215757038,0.0000985861188383,0.000205952004762,0.000447703409009,0.000658680684865,0.000579276878852,0.000309076393023,0.000442745076725,0.000317072001053,0.000208223209484,0.000272832228802,0.000224800241995,0.000190386344912,0.000137409704621,0.0000940892350627,0.0000904004846234,0.000122135024867,0.0000595020464971,0.0000573120778427,0.0000341949926224,0.0000173468051798,0.00000733586784918,0.00000744702811062,0.00000480341032016,0.00000101205807823,5.63451081348e-8],"min":[8.78351179575e-24,3.68967474094e-23,3.89714642119e-23,2.42230785001e-23,9.22161926788e-23,1.23609745439e-22,1.83841067845e-23,4.09821728406e-23,5.26444778932e-23,8.8873530277e-23,5.15024092508e-23,3.76430382247e-23,1.0282555775e-22,1.20897124154e-22,1.79372227615e-22,4.80529571706e-23,8.27766325998e-23,2.32259053044e-22,3.13077310048e-22,2.41992940282e-22,6.31604651831e-22,4.94811021181e-22,7.09041611181e-22,9.08974154071e-22,1.41481933245e-21,1.3903215789e-21,2.638592861e-21],"var":[7.00725433234e-9,0.0000181943069038,0.00000326669533024,0.00000187442753941,0.00000234418689615,0.0000028850149647,0.00000412631516156,0.00000610896404396,0.0000141461614476,0.0000258831805695,0.0000131971746669,0.00000638823985355,0.00000317390527016,0.00000442500913778,0.00000359798173122,0.00000354267581315,0.00000114219608349,0.00000101178591194,1.37357318408e-7,1.39286768785e-7,2.95664488448e-8,9.02064822839e-9,7.70208696821e-9,1.85168147482e-8,8.4239095699e-9,4.18503054433e-9,3.89622084596e-10]},"barkbands_crest":{"dmean":2.3202521801,"dmean2":3.85010099411,"dvar":6.35246896744,"dvar2":16.6322841644,"max":26.1930179596,"mean":9.02728748322,"median":7.89602851868,"min":2.57883667946,"var":17.1685695648},"barkbands_flatness_db":{"dmean":0.0187588073313,"dmean2":0.0291074085981,"dvar":0.000519112392794,"dvar2":0.00125011010095,"max":0.404626429081,"mean":0.13937087357,"median":0.134050682187,"min":0.0203500967473,"var":0.00249842368066},"barkbands_kurtosis":{"dmean":2.67400884628,"dmean2":4.51356601715,"dvar":157.996292114,"dvar2":437.416992188,"max":468.599365234,"mean":3.781509161,"median":0.96018075943,"min":-1.89314675331,"var":187.33795166},"barkbands_skewness":{"dmean":0.466782867908,"dmean2":0.758413612843,"dvar":0.600852668285,"dvar2":1.54436337948,"max":17.3834457397,"mean":1.0713801384,"median":0.899991214275,"min":-3.45870661736,"var":1.74015963078},"barkbands_spread":{"dmean":4.00070762634,"dmean2":6.24418067932,"dvar":38.4471168518,"dvar2":89.0633392334,"max":129.729675293,"mean":17.3130607605,"median":15.5553951263,"min":0.371663302183,"var":125.326019287},"dissonance":{"dmean":0.0215588100255,"dmean2":0.0365542396903,"dvar":0.00044618267566,"dvar2":0.00122052710503,"max":0.500000059605,"mean":0.453483790159,"median":0.462502121925,"min":0.217584997416,"var":0.00122489454225},"dynamic_complexity":7.56005048752,"erbbands":{"dmean":[0.0355621650815,0.381708800793,0.820117890835,1.1105723381,1.83536231518,1.94789767265,3.39526319504,4.70846176147,8.56255626678,10.0052566528,10.3558073044,18.3862800598,31.0880222321,25.1221885681,23.7477970123,19.2655601501,22.6007900238,21.1392860413,21.2208309174,21.3921508789,15.682349205,9.38530254364,11.5396690369,7.48252534866,3.18758630753,3.56044411659,2.48119139671,1.20941948891,0.792811095715,0.651361584663,0.583477020264,0.58685451746,0.483177125454,0.270796626806,0.100492224097,0.0467368364334,0.0166203156114,0.00436497339979,0.000643411302008,0.0000359057157766],"dmean2":[0.0648305788636,0.714128255844,1.51135337353,1.91173112392,3.14300704002,3.35250115395,5.39027166367,7.45631074905,14.2156047821,15.4975280762,16.1746501923,28.6259365082,48.4530906677,39.6414985657,37.5388298035,30.6441364288,36.9673881531,35.1910171509,34.4728813171,34.4965858459,25.0463905334,14.7031841278,18.6153030396,12.0636329651,4.93600463867,5.42787885666,3.80324244499,1.85461270809,1.13073265553,0.908702254295,0.811549007893,0.808580160141,0.664169490337,0.368805915117,0.135248109698,0.064873047173,0.0234090425074,0.00644999789074,0.000997123774141,0.0000553177451366],"dvar":[0.0142336338758,1.88467550278,8.02932071686,8.06280708313,30.6651420593,19.7943763733,57.790145874,87.7351379395,420.648498535,590.968994141,1306.56958008,3831.1940918,14560.9521484,5550.51074219,7598.59863281,3627.97729492,2966.69165039,2624.99536133,3904.53588867,3126.4519043,1611.2689209,689.244506836,769.703613281,529.864440918,53.9452209473,75.6087112427,29.4516201019,7.09701251984,3.52167415619,3.10710191727,2.7202296257,3.18421673775,1.65870654583,0.681905686855,0.0789389908314,0.05750413239,0.00682658748701,0.000223514638492,0.00000785494648881,1.91765394675e-8],"dvar2":[0.0399736501276,5.4466547966,23.3335094452,22.4672622681,86.8085479736,55.7158660889,155.315658569,229.02923584,1222.87646484,1471.48486328,3346.18652344,9225.18945312,35517.2460938,13664.0322266,19057.5917969,9275.80761719,7096.38037109,7056.66943359,10059.2451172,7938.703125,3948.92993164,1564.81213379,1916.46630859,1285.33288574,125.203025818,162.637237549,64.7791442871,16.9325637817,7.22031784058,6.02038431168,5.35229730606,6.23334264755,3.20513081551,1.42979645729,0.152686193585,0.141584590077,0.0160869881511,0.000525979849044,0.0000192537918338,4.61147351416e-8],"max":[1.12477123737,13.4025859833,37.3279418945,77.0748825073,113.084106445,116.803794861,200.589523315,328.702209473,467.126281738,816.29876709,2029.18310547,2270.66503906,4147.51074219,2282.98510742,3309.99438477,4143.43017578,1729.85986328,1285.27429199,1879.95678711,1815.30200195,1229.22717285,1143.8503418,1178.28076172,902.122619629,216.158218384,286.072998047,191.072006226,86.2269210815,50.0074958801,47.1516876221,40.666885376,43.3296852112,33.0520782471,37.2884979248,8.30322742462,10.3270435333,3.82290196419,0.491667032242,0.145572498441,0.0060510947369],"mean":[0.0268437582999,0.295247077942,0.736561477184,1.38400030136,2.4957652092,3.16212415695,6.63931655884,10.344827652,16.5658245087,22.3226928711,23.0357170105,34.7144699097,57.0261383057,46.1317443848,42.8349456787,37.3381767273,40.2586479187,37.8920326233,41.2506446838,43.8571395874,31.953704834,21.5472602844,25.1324005127,16.3036499023,7.79151535034,8.81329631805,6.36270236969,3.03131008148,1.84558784962,1.37320518494,1.1250500679,1.06945729256,0.93996489048,0.52584207058,0.205465137959,0.0873467102647,0.028355255723,0.00631853984669,0.000780763395596,0.0000553247591597],"median":[0.00360449450091,0.0454999618232,0.135145962238,0.499368190765,1.01986789703,1.47330987453,3.05337095261,5.94412136078,8.34791564941,9.64084815979,8.49011039734,10.9394779205,12.2028388977,9.9472694397,9.19124794006,12.1661491394,13.4237995148,11.7016639709,11.1379575729,9.92570114136,6.46548986435,5.71517658234,7.22590017319,4.47212839127,2.78484153748,2.59649276733,1.75170874596,1.06836700439,0.633043408394,0.366067260504,0.217089161277,0.159322798252,0.115010559559,0.0655740648508,0.0264816340059,0.00758857373148,0.00135527574457,0.000183778669452,0.0000178325426532,0.0000181149334821],"min":[8.04783879577e-22,9.38731895828e-21,3.51400121327e-20,8.20758589072e-20,2.72022919781e-19,2.7251105974e-19,5.87854151983e-19,8.80741591192e-19,5.21197249887e-19,8.08976848813e-19,3.87685982172e-19,1.01051868128e-18,2.51837949906e-18,2.57552775322e-18,1.99252816915e-18,2.00372302477e-18,4.66434574273e-18,4.98982518375e-18,8.53591166023e-18,6.12515704426e-18,3.1100965328e-18,5.59249367522e-18,1.345549308e-17,1.64293074709e-17,1.11248331219e-17,1.32815221079e-17,2.33185457227e-17,2.26321777202e-17,1.93822810464e-17,1.65503703167e-17,1.95880951633e-17,2.02136786257e-17,1.55524844411e-17,1.66634161279e-17,9.2116537006e-18,5.18523626371e-18,2.74060053665e-18,1.25842977734e-18,3.38352594397e-19,3.84592746733e-20],"var":[0.00900699198246,1.09928226471,4.97434473038,7.51828527451,29.2849311829,28.9933128357,115.335029602,196.749694824,630.447509766,1404.20593262,3000.53564453,8065.25439453,32859.0195312,12476.4824219,16570.015625,8301.38476562,6499.55517578,5865.13964844,9135.00097656,9953.06835938,4909.62988281,2504.81616211,2660.56298828,1771.21350098,183.997299194,306.307250977,120.211357117,23.8937683105,11.1110486984,8.42914199829,7.0371389389,8.01980113983,5.15549564362,1.75060737133,0.269614338875,0.0942173972726,0.0124379629269,0.000489521073177,0.0000123865302157,2.69795190633e-8]},"erbbands_crest":{"dmean":2.37794494629,"dmean2":3.90529918671,"dvar":5.30817508698,"dvar2":13.6887245178,"max":33.7819480896,"mean":9.7942199707,"median":8.59684753418,"min":2.10693788528,"var":22.0714817047},"erbbands_flatness_db":{"dmean":0.0172041282058,"dmean2":0.0244371201843,"dvar":0.000326551002217,"dvar2":0.000596101803239,"max":0.406335681677,"mean":0.189557507634,"median":0.193419918418,"min":0.0212861187756,"var":0.00289096217602},"erbbands_kurtosis":{"dmean":0.983611106873,"dmean2":1.56086266041,"dvar":3.31189012527,"dvar2":8.04547786713,"max":119.156242371,"mean":1.07305300236,"median":0.279906153679,"min":-1.70896315575,"var":12.9447956085},"erbbands_skewness":{"dmean":0.32294139266,"dmean2":0.506714105606,"dvar":0.0991958454251,"dvar2":0.241225063801,"max":8.44335174561,"mean":0.421360552311,"median":0.41010415554,"min":-3.84163618088,"var":0.701391458511},"erbbands_spread":{"dmean":5.08212184906,"dmean2":7.76029014587,"dvar":44.6445045471,"dvar2":98.3680038452,"max":184.244247437,"mean":26.0905437469,"median":22.9170093536,"min":0.903502345085,"var":235.111495972},"gfcc":{"cov":[[23615.3984375,-1113.2467041,-3096.4855957,1113.13793945,-736.046936035,880.147277832,-10.1188936234,857.623291016,-284.586242676,381.136077881,-164.816238403,16.6304912567,314.361877441],[-1113.2467041,1423.72485352,-300.563323975,17.3200511932,136.12147522,-89.6697692871,56.6272277832,-132.016845703,120.811515808,-147.52696228,118.497497559,-95.96484375,66.2816390991],[-3096.4855957,-300.563323975,1507.28173828,-92.080657959,209.090606689,154.75642395,72.8680038452,-15.0761394501,30.2648506165,42.2889823914,-5.62747621536,108.468475342,-136.12701416],[1113.13793945,17.3200511932,-92.080657959,428.199920654,0.0181857645512,93.4113845825,14.8226060867,49.3386917114,39.9113616943,5.26408433914,10.5879564285,-18.1090602875,43.8229522705],[-736.046936035,136.12147522,209.090606689,0.0181857645512,393.10357666,78.295173645,115.130958557,14.979010582,49.4493217468,19.3739013672,7.74419593811,26.4539546967,6.85738706589],[880.147277832,-89.6697692871,154.75642395,93.4113845825,78.295173645,287.978637695,86.3261871338,71.2173461914,-13.3742256165,58.3405189514,9.26120185852,33.0361938477,3.83695960045],[-10.1188936234,56.6272277832,72.8680038452,14.8226060867,115.130958557,86.3261871338,166.054092407,61.3166694641,24.0948791504,15.8611955643,18.0407752991,11.7933006287,21.7234115601],[857.623291016,-132.016845703,-15.0761394501,49.3386917114,14.979010582,71.2173461914,61.3166694641,146.995635986,20.5835914612,46.5735969543,-13.7191696167,16.9500541687,17.235124588],[-284.586242676,120.811515808,30.2648506165,39.9113616943,49.4493217468,-13.3742256165,24.0948791504,20.5835914612,132.250167847,24.7571716309,25.6133880615,-9.43958187103,14.5089321136],[381.136077881,-147.52696228,42.2889823914,5.26408433914,19.3739013672,58.3405189514,15.8611955643,46.5735969543,24.7571716309,113.687309265,20.564458847,22.7440605164,-2.15430593491],[-164.816238403,118.497497559,-5.62747621536,10.5879564285,7.74419593811,9.26120185852,18.0407752991,-13.7191696167,25.6133880615,20.564458847,90.4648132324,17.3784179688,13.3117218018],[16.6304912567,-95.96484375,108.468475342,-18.1090602875,26.4539546967,33.0361938477,11.7933006287,16.9500541687,-9.43958187103,22.7440605164,17.3784179688,78.3616714478,11.3187904358],[314.361877441,66.2816390991,-136.12701416,43.8229522705,6.85738706589,3.83695960045,21.7234115601,17.235124588,14.5089321136,-2.15430593491,13.3117218018,11.3187904358,85.2665939331]],"icov":[[0.00013645949366,-0.00000351370044882,0.000312449992634,-0.000193557003513,0.000143592682434,-0.000406515289797,0.000155016867211,-0.000497036380693,0.000198824272957,-0.000232419959502,0.000251435121754,-0.000285753136268,0.00012462522136],[-0.00000351370044882,0.00148302258458,0.000224836592679,0.000238769833231,-0.000551135337446,-0.000289554911433,-0.000215310486965,0.000778760528192,-0.00121738296002,0.00212149741128,-0.00206974404864,0.00151125958655,-0.000565576076042],[0.000312449992634,0.000224836592679,0.00185562670231,-0.000356005097274,0.00000787631415733,-0.00144617282785,-0.0000813901788206,-0.000426648708526,-0.000469726452138,-0.0000441555494035,0.000779245980084,-0.00227165454999,0.00224886322394],[-0.000193557003513,0.000238769833231,-0.000356005097274,0.00330465543084,-0.000249588891165,-0.000849587318953,0.00066839781357,-0.0000364990555681,-0.00139700085856,0.00145169498865,-0.00115268386435,0.00184164720122,-0.00163352210075],[0.000143592682434,-0.000551135337446,0.00000787631415733,-0.000249588891165,0.00401597842574,-0.000698128074873,-0.00230330647901,0.000509046309162,-0.000662775768433,-0.00126551650465,0.00206523085944,-0.00180263712537,0.000229908415349],[-0.000406515289797,-0.000289554911433,-0.00144617282785,-0.000849587318953,-0.000698128074873,0.00705998856574,-0.0025161600206,0.000289000337943,0.00186638755258,-0.00203234073706,-0.00052975845756,0.0000623615414952,-0.000121748053061],[0.000155016867211,-0.000215310486965,-0.0000813901788206,0.00066839781357,-0.00230330647901,-0.0025161600206,0.0111669208854,-0.00521495752037,0.000313961616484,0.00145575765055,-0.00251015461981,0.001749980147,-0.00222709984519],[-0.000497036380693,0.000778760528192,-0.000426648708526,-0.0000364990555681,0.000509046309162,0.000289000337943,-0.00521495752037,0.0139192929491,-0.00323860580102,-0.00194977165665,0.00283563346602,-0.00122270151041,-0.000752700376324],[0.000198824272957,-0.00121738296002,-0.000469726452138,-0.00139700085856,-0.000662775768433,0.00186638755258,0.000313961616484,-0.00323860580102,0.0118660097942,-0.00438741547987,-0.00113327289,0.00205537932925,-0.0015005505411],[-0.000232419959502,0.00212149741128,-0.0000441555494035,0.00145169498865,-0.00126551650465,-0.00203234073706,0.00145575765055,-0.00194977165665,-0.00438741547987,0.0161110106856,-0.00628157285973,0.000623910222203,0.000659078825265],[0.000251435121754,-0.00206974404864,0.000779245980084,-0.00115268386435,0.00206523085944,-0.00052975845756,-0.00251015461981,0.00283563346602,-0.00113327289,-0.00628157285973,0.0182403828949,-0.00708326231688,0.000569217605516],[-0.000285753136268,0.00151125958655,-0.00227165454999,0.00184164720122,-0.00180263712537,0.0000623615414952,0.001749980147,-0.00122270151041,0.00205537932925,0.000623910222203,-0.00708326231688,0.0214495379478,-0.00682645477355],[0.00012462522136,-0.000565576076042,0.00224886322394,-0.00163352210075,0.000229908415349,-0.000121748053061,-0.00222709984519,-0.000752700376324,-0.0015005505411,0.000659078825265,0.000569217605516,-0.00682645477355,0.0179337710142]],"mean":[-76.9880065918,102.261238098,-137.675186157,7.14066410065,-59.7260818481,4.65770053864,-41.1255302429,3.783867836,-23.1114330292,0.577194154263,-12.2901077271,-4.69156074524,-8.57518482208]},"hfc":{"dmean":4.5894613266,"dmean2":6.76106071472,"dvar":62.176902771,"dvar2":133.181213379,"max":170.257080078,"mean":18.1244773865,"median":9.7421579361,"min":1.1799135868e-16,"var":443.361938477},"melbands":{"dmean":[0.00038320949534,0.000468641199404,0.000216139567783,0.000131203458295,0.00010634069622,0.000109664310003,0.000127614708617,0.000115267968795,0.000087179520051,0.000121031625895,0.000159356713993,0.000105552979221,0.0000843944799271,0.0000497759356222,0.0000596447753196,0.0000566229027754,0.000043551393901,0.000037676159991,0.0000347377390426,0.0000360502053809,0.0000159307401191,0.0000112702891784,0.0000108366675704,0.00000900847862795,0.00000657209375277,0.00000243702152147,0.00000242109399551,0.000002865352144,0.00000184691589311,0.00000119534206533,6.59501836253e-7,4.94899609293e-7,4.62976345261e-7,3.46752273117e-7,3.49578073155e-7,3.44226577909e-7,3.95207308657e-7,3.66709798527e-7,3.05879183315e-7,2.18041080302e-7],"dmean2":[0.000706982624251,0.000867283670232,0.000369688321371,0.000225464187679,0.000171108986251,0.00017414346803,0.000208451223443,0.000179331487743,0.000136072267196,0.000189137499547,0.000248797470704,0.000166956539033,0.000134089888888,0.0000795446030679,0.0000963109268923,0.0000935809803195,0.0000729061212041,0.0000618183694314,0.0000555096958124,0.0000587870817981,0.0000252844329225,0.0000178251248144,0.0000173280077433,0.0000145003214129,0.0000106552533907,0.00000387824911741,0.00000378091795028,0.00000443144790552,0.00000288998012365,0.00000187153420939,0.0000010170956557,7.28834493202e-7,6.73496344916e-7,4.94797234296e-7,4.98536564919e-7,4.88525131459e-7,5.57727787509e-7,5.17019202562e-7,4.3054549792e-7,3.05379813881e-7],"dvar":[0.00000176829917109,0.00000270000214186,3.19075184052e-7,1.15452941429e-7,5.29699448748e-8,4.45896866097e-8,8.9331415154e-8,7.90461101019e-8,9.70997717786e-8,1.67120006722e-7,3.72706352891e-7,9.78247314265e-8,8.11869185213e-8,3.23797344493e-8,3.10621999233e-8,2.3342405342e-8,1.33563107241e-8,1.65212643566e-8,1.06636255381e-8,1.22589085549e-8,2.24268537075e-9,1.07003639283e-9,7.41560701734e-10,5.20552767558e-10,4.33847097137e-10,4.80341912079e-11,2.79685320043e-11,5.62167812301e-11,1.99537279061e-11,6.55241095757e-12,2.3727352548e-12,1.27983615459e-12,1.56682479491e-12,9.02378649234e-13,9.46319194881e-13,1.03400100981e-12,1.55488425954e-12,9.68917654443e-13,7.34902319121e-13,4.64323187104e-13],"dvar2":[0.00000503039291289,0.00000783465020504,8.81883750026e-7,3.2967483321e-7,1.42841003026e-7,1.1679852463e-7,2.53905255931e-7,1.98059979084e-7,2.39964123239e-7,4.08060543577e-7,9.09265395421e-7,2.41265524892e-7,2.04076627597e-7,7.16702288628e-8,8.09058136042e-8,5.7728538394e-8,3.62189389591e-8,4.31293756264e-8,2.62901664883e-8,3.06615604018e-8,5.55895685039e-9,2.46194176157e-9,1.81913972774e-9,1.22701604433e-9,1.05097397451e-9,1.17989881754e-10,6.56889750927e-11,1.2376136227e-10,4.39404311547e-11,1.58386897348e-11,5.70656499485e-12,2.76441434847e-12,3.27764443191e-12,1.82817541487e-12,1.96429786499e-12,2.11330735897e-12,3.19995310631e-12,1.9806012299e-12,1.5115867542e-12,1.00783660931e-12],"max":[0.0126494243741,0.017108162865,0.01289989613,0.00608097016811,0.00632274709642,0.0066675641574,0.00705351028591,0.00882921367884,0.0160619411618,0.0151175651699,0.0207953806967,0.00901786610484,0.0097603071481,0.0105798523873,0.00734347244725,0.00481783598661,0.00295509351417,0.00430561928079,0.00445245672017,0.00440499698743,0.00153098988812,0.00138593220618,0.00113503809553,0.00103798462078,0.00080730515765,0.000405905069783,0.000157697621034,0.000262687273789,0.000173907566932,0.0000883701213752,0.000053862328059,0.0000256336043094,0.0000420009018853,0.0000222856378969,0.0000233074333664,0.0000216034950427,0.0000378112090402,0.0000229176112043,0.00002988329652,0.0000299243838526],"mean":[0.000294164346997,0.000400925782742,0.000284232752165,0.000199187343242,0.000211323815165,0.000243620888796,0.000256771658314,0.000253376376349,0.000187924844795,0.000223652357818,0.00028455251595,0.000185042707017,0.000150865438627,0.0000931420072448,0.000101245190308,0.0000876053672982,0.0000711672546458,0.0000664034523652,0.0000643072489765,0.0000638293349766,0.0000309372735501,0.000023039539883,0.0000224889718083,0.0000193422220036,0.0000130133648781,0.00000510776544616,0.00000541929102837,0.00000630286240266,0.00000435433958046,0.00000274776562037,0.00000144203875152,0.0000010545988971,9.37291474656e-7,6.72937346735e-7,6.50758636311e-7,5.96954805587e-7,6.85451027493e-7,6.69556300181e-7,5.88076147778e-7,3.96881517872e-7],"median":[0.0000438413189841,0.0000748886086512,0.000113806723675,0.0000913778494578,0.00011015367636,0.000141966796946,0.000125970866065,0.0000999254334602,0.000059887086536,0.0000638738129055,0.0000528699529241,0.0000382262223866,0.0000265336730081,0.0000277925319097,0.0000303932865791,0.0000206287913898,0.0000178061582119,0.0000152122574946,0.0000100773668237,0.00000827418898552,0.00000605837612966,0.00000504830131831,0.00000568333280171,0.00000547503168491,0.00000315923512062,0.00000158992634169,0.0000017203092284,0.0000015319992599,0.00000106836910163,7.55982625833e-7,4.76876152788e-7,3.47269292433e-7,2.5074621135e-7,1.57567569659e-7,1.28197058302e-7,8.77366659324e-8,9.63770219187e-8,8.20213870156e-8,6.13038650954e-8,4.88341456162e-8],"min":[9.05819395181e-24,1.73466600308e-23,1.83768650414e-23,2.25251879302e-23,1.70390579203e-23,2.14591639014e-23,6.89604690632e-24,9.65834039584e-24,2.59747540009e-24,7.57013959389e-24,1.353053278e-23,1.08918940263e-23,6.79219573473e-24,5.33782928733e-24,9.23356088649e-24,7.73577040727e-24,1.00477536931e-23,1.30009057678e-23,1.41259287037e-23,3.85378431495e-24,3.50510108953e-24,4.94053881951e-24,1.01184987391e-23,1.08684688017e-23,1.40911983135e-23,1.06153178152e-23,6.96874832735e-24,8.25082636976e-24,1.43851057986e-23,1.07936871544e-23,1.48693938192e-23,1.05425335637e-23,9.84831703448e-24,9.48770347116e-24,1.04103480862e-23,1.31072434289e-23,1.27900613916e-23,1.1752636726e-23,1.14422412591e-23,1.41853662174e-23],"var":[0.00000107941411898,0.00000161225784723,3.16891032526e-7,1.29398173954e-7,1.0038592535e-7,1.02684552417e-7,1.52203810444e-7,1.9726832079e-7,2.29073563673e-7,3.49175479641e-7,8.31421175462e-7,2.03814039423e-7,1.89230746628e-7,7.45008605918e-8,6.56943655031e-8,4.55689637135e-8,2.73757674307e-8,3.43539312553e-8,3.06430365526e-8,3.29916893804e-8,6.74745104234e-9,3.83422493755e-9,2.40330111367e-9,2.01512984077e-9,1.35806776935e-9,1.04146608004e-10,9.62415355743e-11,1.97618157949e-10,6.84711523591e-11,2.30839566212e-11,6.749696288e-12,3.77509915689e-12,3.95281420443e-12,2.22160571189e-12,2.27889647257e-12,2.39355367124e-12,3.60177534499e-12,2.63818676106e-12,2.23238831934e-12,1.05078901309e-12]},"melbands_crest":{"dmean":2.81513237953,"dmean2":4.68419027328,"dvar":8.38440799713,"dvar2":21.7373409271,"max":37.9560890198,"mean":11.342505455,"median":10.1167297363,"min":2.047508955,"var":24.5810718536},"melbands_flatness_db":{"dmean":0.0212745256722,"dmean2":0.0339677222073,"dvar":0.000824993185233,"dvar2":0.002054664772,"max":0.562011003494,"mean":0.193442851305,"median":0.179091274738,"min":0.00682152574882,"var":0.00447759171948},"melbands_kurtosis":{"dmean":4.83721780777,"dmean2":8.2013502121,"dvar":525.990722656,"dvar2":1412.20959473,"max":656.374755859,"mean":7.48463058472,"median":2.79374670982,"min":-1.78593587875,"var":505.051757812},"melbands_skewness":{"dmean":0.548500418663,"dmean2":0.887466192245,"dvar":0.884085953236,"dvar2":2.22792768478,"max":21.6500873566,"mean":1.59824085236,"median":1.35864305496,"min":-2.68276357651,"var":2.20674991608},"melbands_spread":{"dmean":5.05137443542,"dmean2":8.20319652557,"dvar":31.8155822754,"dvar2":80.7836608887,"max":166.944671631,"mean":23.2151679993,"median":21.3496208191,"min":0.418109357357,"var":171.824768066},"mfcc":{"cov":[[20958.3183594,-252.140487671,-2364.45678711,231.911636353,-519.046264648,-71.0970916748,349.203582764,88.8422164917,378.583557129,317.682006836,11.5085144043,96.1243972778,-139.22479248],[-252.140487671,1230.08288574,-207.44670105,-20.6899738312,65.6725845337,56.2422370911,19.5030097961,50.8066596985,-21.720375061,-17.8363952637,36.5023498535,4.42730522156,-6.96312856674],[-2364.45678711,-207.44670105,994.577392578,-31.5632686615,139.09588623,96.3880691528,8.70319366455,48.5628242493,-43.4166793823,1.94041383266,36.7421340942,22.0788497925,35.9455528259],[231.911636353,-20.6899738312,-31.5632686615,263.500549316,61.336517334,35.9530792236,0.634858608246,35.998336792,41.7871131897,31.479391098,-0.0810716226697,28.9568767548,12.4810590744],[-519.046264648,65.6725845337,139.09588623,61.336517334,220.358444214,108.481117249,49.8136672974,50.0813331604,35.7856483459,24.2735614777,15.83253479,18.370256424,25.6121520996],[-71.0970916748,56.2422370911,96.3880691528,35.9530792236,108.481117249,194.483673096,95.6371231079,54.2727851868,32.8803977966,30.0001964569,37.0146255493,23.9627609253,14.9990386963],[349.203582764,19.5030097961,8.70319366455,0.634858608246,49.8136672974,95.6371231079,202.533493042,72.683052063,55.8273773193,24.6036624908,26.8868103027,12.4459924698,0.471508979797],[88.8422164917,50.8066596985,48.5628242493,35.998336792,50.0813331604,54.2727851868,72.683052063,114.81426239,53.65883255,21.9406890869,15.1839294434,13.4025440216,7.84002876282],[378.583557129,-21.720375061,-43.4166793823,41.7871131897,35.7856483459,32.8803977966,55.8273773193,53.65883255,121.612380981,55.4981384277,12.6201200485,15.8638935089,7.26824569702],[317.682006836,-17.8363952637,1.94041383266,31.479391098,24.2735614777,30.0001964569,24.6036624908,21.9406890869,55.4981384277,98.529335022,42.5015449524,15.279964447,8.72666549683],[11.5085144043,36.5023498535,36.7421340942,-0.0810716226697,15.83253479,37.0146255493,26.8868103027,15.1839294434,12.6201200485,42.5015449524,83.5856399536,32.3358192444,4.52881574631],[96.1243972778,4.42730522156,22.0788497925,28.9568767548,18.370256424,23.9627609253,12.4459924698,13.4025440216,15.8638935089,15.279964447,32.3358192444,82.3194580078,35.5896644592],[-139.22479248,-6.96312856674,35.9455528259,12.4810590744,25.6121520996,14.9990386963,0.471508979797,7.84002876282,7.26824569702,8.72666549683,4.52881574631,35.5896644592,80.2312164307]],"icov":[[0.0000806384341558,0.0000397640214942,0.000182798889,-0.0000172881827893,0.000154964625835,-0.0000508098892169,-0.000111989334982,-0.0000830061544548,0.0000127328003146,-0.000278159131994,0.000143419194501,-0.000196836903342,0.000141293028719],[0.0000397640214942,0.000994764850475,0.000463744247099,0.000216823842493,-0.000391411507735,-0.000222069109441,0.00021156638104,-0.000818040687591,0.000548741139937,0.000196312365006,-0.000572141667362,-0.0000208102228498,0.000129459789605],[0.000182798889,0.000463744247099,0.00179593835492,0.000393699883716,-0.000549720018171,-0.000472711544717,0.000174503351445,-0.00120609614532,0.0011353099253,-0.000645967083983,-0.000203289077035,-0.000473873340525,0.0000613703523413],[-0.0000172881827893,0.000216823842493,0.000393699883716,0.004766297061,-0.00122557533905,-0.000500532856677,0.00113836291712,-0.00137192709371,-0.000213774022995,-0.00121053890325,0.0014026472345,-0.00183412549086,0.000568610033952],[0.000154964625835,-0.000391411507735,-0.000549720018171,-0.00122557533905,0.00777822779492,-0.00330720585771,-0.000106276769657,-0.000467372505227,-0.00125613680575,-0.000592706433963,0.000980799552053,0.000182060888619,-0.00110444624443],[-0.0000508098892169,-0.000222069109441,-0.000472711544717,-0.000500532856677,-0.00330720585771,0.00941803026944,-0.00321126333438,-0.000391118170228,0.000580435211305,-0.000291751610348,-0.00195467518643,-0.000256685278146,-0.000262272922555],[-0.000111989334982,0.00021156638104,0.000174503351445,0.00113836291712,-0.000106276769657,-0.00321126333438,0.00839451793581,-0.00344777200371,-0.00187530217227,0.00122523680329,-0.00129385571927,0.00037799749407,0.000432574946899],[-0.0000830061544548,-0.000818040687591,-0.00120609614532,-0.00137192709371,-0.000467372505227,-0.000391118170228,-0.00344777200371,0.0148671045899,-0.00525517202914,0.00155017653015,-0.000570077390876,0.000443281198386,-0.000528450706042],[0.0000127328003146,0.000548741139937,0.0011353099253,-0.000213774022995,-0.00125613680575,0.000580435211305,-0.00187530217227,-0.00525517202914,0.0157836191356,-0.00819533225149,0.00337735633366,-0.00214417045936,0.000633386429399],[-0.000278159131994,0.000196312365006,-0.000645967083983,-0.00121053890325,-0.000592706433963,-0.000291751610348,0.00122523680329,0.00155017653015,-0.00819533225149,0.0197651833296,-0.0103036630899,0.00366959744133,-0.00235644844361],[0.000143419194501,-0.000572141667362,-0.000203289077035,0.0014026472345,0.000980799552053,-0.00195467518643,-0.00129385571927,-0.000570077390876,0.00337735633366,-0.0103036630899,0.0213563237339,-0.00863194093108,0.00362601969391],[-0.000196836903342,-0.0000208102228498,-0.000473873340525,-0.00183412549086,0.000182060888619,-0.000256685278146,0.00037799749407,0.000443281198386,-0.00214417045936,0.00366959744133,-0.00863194093108,0.0198137480766,-0.00840821955353],[0.000141293028719,0.000129459789605,0.0000613703523413,0.000568610033952,-0.00110444624443,-0.000262272922555,0.000432574946899,-0.000528450706042,0.000633386429399,-0.00235644844361,0.00362601969391,-0.00840821955353,0.0167791899294]],"mean":[-710.190551758,132.767715454,-18.2643108368,3.49764966965,-3.45765256882,-4.53448724747,-4.7655210495,-5.19411325455,-4.25685167313,-2.84434771538,-2.55957865715,0.222026601434,-3.5288567543]},"pitch_salience":{"dmean":0.0645976662636,"dmean2":0.106748074293,"dvar":0.00434070592746,"dvar2":0.0113658625633,"max":0.857545077801,"mean":0.570845246315,"median":0.581601202488,"min":0.0828976780176,"var":0.0130045963451},"silence_rate_20dB":{"dmean":0,"dmean2":0,"dvar":0,"dvar2":0,"max":1,"mean":1,"median":1,"min":1,"var":0},"silence_rate_30dB":{"dmean":0.00171895138919,"dmean2":0.00343811395578,"dvar":0.00171655556187,"dvar2":0.00404170807451,"max":1,"mean":0.998281180859,"median":1,"min":0,"var":0.0017164349556},"silence_rate_60dB":{"dmean":0.0270120948553,"dmean2":0.054027505219,"dvar":0.0262829810381,"dvar2":0.0572507381439,"max":1,"mean":0.257028847933,"median":0,"min":0,"var":0.190954700112},"spectral_centroid":{"dmean":150.940551758,"dmean2":239.728652954,"dvar":30243.7695312,"dvar2":68056.2890625,"max":10916.9853516,"mean":1223.03442383,"median":1158.40429688,"min":120.613265991,"var":281263.4375},"spectral_complexity":{"dmean":2.2400393486,"dmean2":3.49828100204,"dvar":6.68687200546,"dvar2":14.7821512222,"max":53,"mean":16.1837329865,"median":17,"min":0,"var":104.592506409},"spectral_contrast_coeffs":{"dmean":[0.0465123951435,0.0384354256094,0.035773742944,0.0300752576441,0.0204011704773,0.0148548204452],"dmean2":[0.0777436494827,0.0627229213715,0.0578944161534,0.0495958589017,0.0331462360919,0.0233646240085],"dvar":[0.00158791791182,0.00103564199526,0.000933102157433,0.00065927306423,0.000313725613523,0.000198673122213],"dvar2":[0.00424844026566,0.0027771696914,0.00236937776208,0.00168038695119,0.000768282392528,0.000432753760833],"max":[-0.336999714375,-0.411876618862,-0.422597318888,-0.508286118507,-0.581384062767,-0.582640469074],"mean":[-0.646812438965,-0.729207992554,-0.73723512888,-0.743564844131,-0.774748980999,-0.781867265701],"median":[-0.654959082603,-0.734046041965,-0.744784355164,-0.740862011909,-0.772212445736,-0.784290790558],"min":[-0.955507218838,-0.970358073711,-0.954988062382,-0.964337825775,-0.96004140377,-0.960821986198],"var":[0.00779694830999,0.00558651797473,0.00679557491094,0.00524219870567,0.00372101808898,0.00318086938933]},"spectral_contrast_valleys":{"dmean":[0.443955302238,0.309519290924,0.286289006472,0.246000036597,0.212334945798,0.258524119854],"dmean2":[0.720670163631,0.51015329361,0.464758574963,0.3962418437,0.319008201361,0.314936220646],"dvar":[0.180082976818,0.088897459209,0.0775766223669,0.0682925209403,0.0690552741289,0.13062466681],"dvar2":[0.414780080318,0.203442275524,0.17425340414,0.144997105002,0.120643183589,0.180812552571],"max":[-5.43804121017,-4.65078020096,-4.8037481308,-5.62676286697,-5.84564638138,-7.94558572769],"mean":[-8.50958442688,-7.18256187439,-7.86076545715,-8.25969314575,-8.54321098328,-11.1707172394],"median":[-8.05883598328,-6.71914386749,-7.36001682281,-7.73409461975,-7.93659257889,-10.8939466476],"min":[-27.2912044525,-26.967634201,-27.4147815704,-27.0773792267,-27.272649765,-27.2593135834],"var":[2.51414942741,2.12036156654,2.44664144516,2.53022670746,2.65029931068,2.50825691223]},"spectral_decrease":{"dmean":1.43239764494e-9,"dmean2":2.34694286227e-9,"dvar":7.18259620162e-18,"dvar2":1.8793153088e-17,"max":1.20672355089e-20,"mean":-4.0697680781e-9,"median":-2.94265056766e-9,"min":-4.39904148664e-8,"var":1.84925060225e-17},"spectral_energy":{"dmean":0.0057650655508,"dmean2":0.00937195587903,"dvar":0.000111843481136,"dvar2":0.000288773881039,"max":0.180994957685,"mean":0.0170041285455,"median":0.0121722072363,"min":1.07756745696e-20,"var":0.000321294617606},"spectral_energyband_high":{"dmean":0.000154594919877,"dmean2":0.00020909489831,"dvar":1.08117703235e-7,"dvar2":1.89752284996e-7,"max":0.00754008162767,"mean":0.000427410152042,"median":0.00013771263184,"min":8.02009037993e-21,"var":5.10323161507e-7},"spectral_energyband_low":{"dmean":0.00232540629804,"dmean2":0.00423703948036,"dvar":0.0000575025442231,"dvar2":0.00016445494839,"max":0.0729660913348,"mean":0.00210957694799,"median":0.000519420718774,"min":9.12461840662e-23,"var":0.0000360326193913},"spectral_energyband_middle_high":{"dmean":0.00235662818886,"dmean2":0.0036766785197,"dvar":0.0000229322977248,"dvar2":0.0000537246269232,"max":0.144575431943,"mean":0.00777863757685,"median":0.00309360539541,"min":1.38583327589e-21,"var":0.000118956071674},"spectral_energyband_middle_low":{"dmean":0.00263384380378,"dmean2":0.00417066691443,"dvar":0.0000316904624924,"dvar2":0.0000822701767902,"max":0.164096415043,"mean":0.00731902848929,"median":0.00517656560987,"min":3.75359430993e-22,"var":0.0000789728946984},"spectral_entropy":{"dmean":0.134439066052,"dmean2":0.195651382208,"dvar":0.0221497602761,"dvar2":0.0439117327332,"max":9.80842971802,"mean":7.30894708633,"median":7.35290527344,"min":5.15129852295,"var":0.222415208817},"spectral_flux":{"dmean":0.0176228508353,"dmean2":0.0284417681396,"dvar":0.000746523961425,"dvar2":0.0014783705119,"max":0.371783971786,"mean":0.0593220628798,"median":0.0514038130641,"min":1.03805949947e-10,"var":0.00237788213417},"spectral_kurtosis":{"dmean":2.22960329056,"dmean2":3.72890329361,"dvar":7.91014480591,"dvar2":21.3802928925,"max":55.8398094177,"mean":7.57293701172,"median":5.91514015198,"min":-1.20841956139,"var":32.0151062012},"spectral_rms":{"dmean":0.000573099940084,"dmean2":0.000909056165256,"dvar":7.51058394144e-7,"dvar2":0.00000187619843928,"max":0.0132883572951,"mean":0.0034333220683,"median":0.0034460593015,"min":3.24235300067e-12,"var":0.00000480175322082},"spectral_rolloff":{"dmean":340.490753174,"dmean2":590.492248535,"dvar":850788.75,"dvar2":2161454.25,"max":19616.7480469,"mean":1506.93139648,"median":1378.125,"min":21.533203125,"var":1494481.25},"spectral_skewness":{"dmean":0.231193765998,"dmean2":0.375528663397,"dvar":0.056793987751,"dvar2":0.142920330167,"max":5.62767219543,"mean":1.97111678123,"median":1.81346607208,"min":-0.0130724301562,"var":0.402720332146},"spectral_spread":{"dmean":432372.03125,"dmean2":573319.5625,"dvar":463138521088,"dvar2":661271937024,"max":40287868,"mean":3891917.5,"median":3384074.5,"min":1251292.5,"var":3321970819070},"spectral_strongpeak":{"dmean":0.707288444042,"dmean2":1.17949962616,"dvar":1.29300332069,"dvar2":3.29546117783,"max":14.9752607346,"mean":1.53246200085,"median":0.752843081951,"min":0,"var":3.7570707798},"zerocrossingrate":{"dmean":0.00751927355304,"dmean2":0.00925605930388,"dvar":0.000124087164295,"dvar2":0.000172971849679,"max":0.50634765625,"mean":0.0600902475417,"median":0.0556640625,"min":0.0068359375,"var":0.00103190925438}},"metadata":{"audio_properties":{"analysis_sample_rate":44100,"bit_rate":192000,"codec":"mp3","downmix":"mix","equal_loudness":0,"length":378.226928711,"lossless":false,"md5_encoded":"1edddd0ab0a85872ba5cfeace186cd79","replay_gain":-8.69697189331},"tags":{"album":["The Very Best of Supertramp, Volume 2"],"albumartist":["Supertramp"],"albumartistsort":["Supertramp"],"artist":["Supertramp"],"artistsort":["Supertramp"],"asin":["B000025OWM"],"barcode":["0731454004725"],"catalognumber":["540 047-2"],"date":["1992"],"discnumber":["1/1"],"file_name":"09 Don't Leave Me Now.mp3","genre":["Soft Rock/Prog-Rock/Pop/Rock/Pop/Contemporary Pop/Rock"],"isrc":["USAM18204339"],"label":["A&M Records"],"media":["CD"],"musicbrainz album release country":["XE"],"musicbrainz album status":["official"],"musicbrainz album type":["album/compilation"],"musicbrainz_albumartistid":["d2ff6b6b-fc30-48dc-8952-06f9d8fc64f8"],"musicbrainz_albumid":["98e75081-8f04-37a7-b64a-5d7db19f4893"],"musicbrainz_artistid":["d2ff6b6b-fc30-48dc-8952-06f9d8fc64f8"],"musicbrainz_recordingid":["c5064ab3-cc38-4dda-ab3c-97e9a30d6690"],"musicbrainz_releasegroupid":["a0c1e603-9fc6-3996-9597-41f507078646"],"originaldate":["1992"],"script":["Latn"],"title":["Don't Leave Me Now"],"tracknumber":["9/14"]},"version":{"essentia":"2.1-beta1","essentia_build_sha":"7598a69e7b456135ce4c070efb04a3d0ebb71fdd","essentia_git_sha":"v2.1_beta1-6-g5578087","extractor":"music 1.0"}},"rhythm":{"beats_count":699,"beats_loudness":{"dmean":0.0129729872569,"dmean2":0.0233105868101,"dvar":0.000191733619431,"dvar2":0.000543260248378,"max":0.116551861167,"mean":0.0235006287694,"median":0.0221140813082,"min":5.19175742397e-8,"var":0.0003798235266},"beats_loudness_band_ratio":{"dmean":[0.143881544471,0.113384366035,0.145650148392,0.114166676998,0.0738794133067,0.0451585762203],"dmean2":[0.25018915534,0.194498792291,0.2459498792