{"lowlevel":{"average_loudness":0.85106831789,"barkbands":{"dmean":[0.0081156110391,0.0151265757158,0.0017630874645,0.00149809685536,0.00259453756735,0.00213185325265,0.000833276310004,0.000741470255889,0.000862968736328,0.000501330883708,0.000287696195301,0.000324278982589,0.000203307296033,0.00011540271953,0.000150287509314,0.000114868416858,0.00011207802163,0.000170503961272,0.000096745279734,0.0000688287836965,0.0000384891864087,0.0000167420621437,0.0000182376697921,0.00000570474730921,0.00000359931664207,0.0000118830257634,0.000112156565592],"dmean2":[0.0130777284503,0.0256960783154,0.00297346478328,0.00246036844328,0.0041484083049,0.00337878172286,0.00135594431777,0.00117642024998,0.00139406346716,0.000827687676065,0.000470182596473,0.000533879501745,0.000333449279424,0.000191494691535,0.00024658293114,0.000190500752069,0.00018884583551,0.000273169367574,0.000156272290042,0.000103349477286,0.0000581512176723,0.00002517928624,0.0000275642269116,0.00000846266539156,0.0000055977275224,0.0000177070633072,0.000154698922415],"dvar":[0.000252661382547,0.000521236448549,0.00000833664489619,0.0000122394721984,0.000030150047678,0.0000402416335419,0.00000555573979,0.00000463204014522,0.00000358484294338,0.00000100828140148,2.91234329097e-7,3.12545694214e-7,1.26923154653e-7,3.88938090623e-8,4.84823097224e-8,4.08297822219e-8,6.79122535985e-8,1.30411848431e-7,3.61482399569e-8,1.63329989533e-8,5.29058397092e-9,9.03127406193e-10,3.05311154136e-9,1.0414701046e-10,4.46324470438e-11,1.03084507597e-9,3.74355302313e-8],"dvar2":[0.000592263240833,0.00138777145185,0.0000221769914788,0.0000265937414952,0.000069731810072,0.0000960640245466,0.0000135156969918,0.0000104646333057,0.00000919389185583,0.00000258601380665,7.52265918891e-7,7.9522857277e-7,3.17797059779e-7,1.01875144765e-7,1.25828876207e-7,1.06219594898e-7,1.87670536889e-7,3.36496270847e-7,9.71897406998e-8,3.50195676901e-8,1.13298632698e-8,1.99904004461e-9,6.9032481953e-9,2.06017633508e-10,9.80150960395e-11,2.26200391751e-9,6.72826772075e-8],"max":[0.231796815991,0.257973402739,0.0413804128766,0.0947213992476,0.142584994435,0.162614151835,0.0612662173808,0.0764392614365,0.0592722073197,0.0225381273776,0.0143198193982,0.0136439772323,0.00863101705909,0.00290936743841,0.00385637371801,0.0032213118393,0.00532732764259,0.00541108101606,0.00381830823608,0.003057110589,0.00159951730166,0.00084526988212,0.000769642589148,0.000147654180182,0.000147511353134,0.000441889540525,0.00699766352773],"mean":[0.00986177194864,0.018553879112,0.00206199404784,0.0020123324357,0.00411793682724,0.00320809450932,0.00119857757818,0.00115314952563,0.00154166400898,0.000774055020884,0.000443337630713,0.000547415809706,0.000339280726621,0.000187355544767,0.00028013062547,0.000193860512809,0.000173323714989,0.000303492997773,0.00018519560399,0.000141960656038,0.0000806475291029,0.0000325116561726,0.0000237236326939,0.00000855169400893,0.00000436418395111,0.0000168237038451,0.000365578074707],"median":[0.00493527622893,0.0109729934484,0.00106922502164,0.000667610031087,0.00143145723268,0.000644329469651,0.000437696580775,0.000303636392346,0.000658319797367,0.000373766059056,0.000233534534345,0.000318754988257,0.000188226127648,0.000114461428893,0.000167449805303,0.000107910593215,0.0000741078110877,0.000100306358945,0.0000721660617273,0.0000496287102578,0.0000299179155263,0.0000132323029902,0.00000528094869878,0.00000282107953353,0.00000153513781243,0.0000041922339733,0.000170282015461],"min":[7.8701549604e-15,4.45108995167e-15,1.53374140408e-15,3.16805590042e-15,2.50259153813e-14,1.0389396117e-14,2.82009180107e-15,8.36880495052e-15,1.56817968848e-14,1.5655649613e-15,3.85474064032e-15,1.94281173079e-15,8.63299367973e-15,1.57561121675e-14,1.37744311535e-14,2.74448127798e-14,3.43182818589e-14,5.96301843623e-14,2.21501521281e-14,2.2304762746e-14,8.76745440029e-14,7.73610301795e-14,8.69072744542e-14,1.05152330257e-13,1.81545506709e-13,2.55377262306e-13,3.37751257084e-13],"var":[0.000284862151602,0.000601589796133,0.00000911859387998,0.0000284793841274,0.0000747958110878,0.0000890974260983,0.00000957527845458,0.0000110466980914,0.00000844462647365,0.00000172800196196,4.46637841378e-7,5.68285827285e-7,2.62596046241e-7,5.58259607431e-8,1.0731557154e-7,6.61596857299e-8,8.37823748157e-8,2.77614873312e-7,9.54642231932e-8,5.95786389113e-8,1.78084000879e-8,2.6421869137e-9,3.78025610814e-9,2.51915710514e-10,6.99717783714e-11,1.46182477234e-9,3.08954270167e-7]},"barkbands_crest":{"dmean":3.46103143692,"dmean2":5.75676107407,"dvar":8.22577762604,"dvar2":20.976398468,"max":26.4670352936,"mean":12.3267145157,"median":12.0884418488,"min":2.66580510139,"var":21.9065036774},"barkbands_flatness_db":{"dmean":0.0353686586022,"dmean2":0.0561813004315,"dvar":0.00107943778858,"dvar2":0.00269500911236,"max":0.633630692959,"mean":0.165295138955,"median":0.162178367376,"min":0.0261734146625,"var":0.00407945318148},"barkbands_kurtosis":{"dmean":11.1683044434,"dmean2":18.5909080505,"dvar":492.553985596,"dvar2":1315.00732422,"max":510.844787598,"mean":16.501455307,"median":8.38610267639,"min":-1.70753109455,"var":786.313049316},"barkbands_skewness":{"dmean":1.02563762665,"dmean2":1.65876591206,"dvar":1.26579141617,"dvar2":3.2489387989,"max":17.23279953,"mean":2.87323355675,"median":2.44028949738,"min":-1.96667170525,"var":3.81647968292},"barkbands_spread":{"dmean":6.68270158768,"dmean2":10.5914402008,"dvar":58.6890220642,"dvar2":138.054107666,"max":117.856124878,"mean":19.1869792938,"median":13.6899232864,"min":0.140491887927,"var":270.354400635},"dissonance":{"dmean":0.0194055661559,"dmean2":0.0326510667801,"dvar":0.000448816514108,"dvar2":0.00125483784359,"max":0.500000119209,"mean":0.467413574457,"median":0.477116197348,"min":0.23207500577,"var":0.000969388638623},"dynamic_complexity":2.95523738861,"erbbands":{"dmean":[0.803631722927,2.2587325573,2.39510035515,3.25186896324,6.74685955048,9.58148479462,12.4293003082,19.6409225464,13.5305652618,14.6463308334,13.6858549118,20.8869285583,17.4210071564,13.6028575897,11.4451684952,12.2174015045,9.46455860138,5.90351247787,6.70679569244,6.86890172958,6.13183736801,6.41774082184,8.52848720551,6.93228912354,3.92297315598,3.07518720627,2.21149301529,1.21039617062,0.692251205444,0.332928955555,0.618735432625,0.21477201581,0.0784775391221,0.0461053736508,0.0226341784,0.017694177106,0.0254744589329,0.0123436134309,0.00910352729261,0.0028909672983],"dmean2":[1.39021587372,3.80650448799,4.06614398956,5.27552747726,11.0914850235,15.421333313,19.7380104065,31.3010005951,21.4455947876,23.801202774,21.8048152924,33.8194465637,28.3264808655,22.5399131775,18.6279449463,20.191493988,15.3972129822,9.65010929108,10.9654951096,11.2378425598,10.2505140305,10.7108507156,13.6624536514,11.2172660828,6.2831401825,4.63252067566,3.30762505531,1.79917240143,1.03514790535,0.508644223213,0.943545818329,0.321986585855,0.116610951722,0.0702821090817,0.0357368178666,0.0261903889477,0.0380893610418,0.0176153741777,0.0122229252011,0.00392397120595],"dvar":[1.63523948193,13.4618368149,17.1622982025,48.2842330933,283.392852783,479.282318115,1129.00964355,4294.77734375,1552.65368652,1471.15307617,1707.61633301,2013.96740723,1609.3626709,564.935119629,569.74822998,382.627807617,257.008911133,103.118408203,109.073776245,111.214485168,137.125900269,227.778259277,339.113067627,201.081680298,56.812953949,33.3853302002,17.2163887024,5.56435012817,1.6052069664,0.351615011692,3.87941408157,0.294431865215,0.0201900210232,0.00857042707503,0.00147221703082,0.00112613581587,0.00520426034927,0.000785400799941,0.000295297242701,0.0000230230853049],"dvar2":[4.47882461548,35.3178825378,46.1464538574,104.10168457,671.436279297,1161.20666504,2531.36279297,10003.0400391,3721.54003906,3689.89404297,4009.00585938,5147.73974609,4236.16552734,1449.63061523,1461.20080566,995.515686035,639.694946289,261.952362061,280.919799805,288.906677246,361.147216797,629.448425293,882.190673828,523.764587402,148.866134644,71.9364624023,37.2849578857,12.2925338745,3.52264356613,0.816043496132,8.76665782928,0.642264723778,0.0382394455373,0.0177127104253,0.00334020354785,0.0020898533985,0.0114419339225,0.00167909369338,0.000546957191546,0.0000413389243477],"max":[16.0316410065,36.7925834656,63.872959137,185.827636719,584.931213379,601.966369629,1138.49975586,1792.7989502,1274.26672363,759.235412598,2054.88354492,1242.59973145,850.835327148,445.994628906,931.16796875,388.176757812,325.748657227,182.5418396,174.373321533,166.981338501,184.841003418,298.209533691,332.711669922,333.784454346,171.624649048,132.596740723,96.9576950073,60.1411781311,35.1197319031,12.0508918762,27.2498531342,8.11675548553,2.7140853405,2.3152616024,0.572823762894,0.658224821091,1.10326910019,0.452645719051,0.52035677433,0.163100093603],"mean":[0.91365557909,2.74790239334,2.90616202354,4.69674015045,9.32253932953,14.5104551315,19.1654129028,29.2589645386,20.3798675537,22.5911865234,23.3809738159,36.836517334,27.9473190308,22.3652172089,19.5203647614,21.8461742401,16.7616539001,10.5850772858,12.7342700958,13.0100002289,10.4397439957,10.5541801453,15.1044559479,13.4842300415,7.81940698624,6.43534231186,4.54386758804,2.49628567696,1.35014879704,0.599021136761,0.779730737209,0.290814340115,0.117624334991,0.0595192834735,0.0265007670969,0.0265940781683,0.0356384254992,0.0248133037239,0.0264680515975,0.0108371758834],"median":[0.495867997408,1.52047407627,1.66665220261,1.93853914738,3.34247088432,4.56625986099,4.81173801422,5.57012367249,6.15747356415,7.5718832016,8.49904823303,15.6722536087,11.8356437683,11.6527671814,11.0401954651,13.4991788864,9.71777915955,6.69425773621,7.86339139938,7.8607468605,5.5550160408,4.469435215,5.29210138321,4.66572761536,3.15929198265,2.33089828491,1.60023272038,0.962687909603,0.53854984045,0.243255898356,0.141384482384,0.0762344002724,0.0372544564307,0.0191025529057,0.0103035746142,0.00886373966932,0.00839333795011,0.00819219462574,0.0085992384702,0.00638182228431],"min":[2.4353899431e-13,6.38613782081e-13,1.59915125846e-12,6.59479068577e-12,3.54616752629e-11,9.87540882402e-11,1.11415494886e-10,7.52492373968e-11,3.53045301327e-11,8.19116510731e-11,2.5575011553e-10,3.65599578389e-10,1.28226498863e-10,6.95116950111e-11,1.76554368347e-10,6.5377578351e-11,3.18650689168e-10,6.90823176441e-10,9.89530901663e-10,7.22779280871e-10,1.72810965537e-9,2.01083261153e-9,2.99535285464e-9,1.85464898994e-9,9.23734810865e-10,1.184138676e-9,2.55525289816e-9,3.99767152715e-9,3.20491766459e-9,1.18519116743e-9,3.00026870015e-9,3.2990059573e-9,1.32642508088e-9,2.24135021654e-9,1.12076647962e-9,1.01117125784e-9,3.85532744618e-10,2.2288965118e-10,4.76240991087e-11,4.73940981946e-12],"var":[1.76611614227,14.1259918213,16.7344722748,112.24495697,605.049499512,996.596496582,2862.10424805,8823.63378906,3173.81567383,2692.30078125,3870.37133789,4585.40429688,3019.38842773,1018.85498047,972.990722656,751.075622559,535.256408691,170.538574219,218.402084351,224.8646698,207.450302124,302.177246094,655.940979004,562.792175293,157.016067505,122.449752808,56.3299484253,17.0718784332,4.61671161652,0.890082597733,4.77203512192,0.409718930721,0.0549590960145,0.0157319009304,0.0020624648314,0.00287927873433,0.00709224911407,0.00192481733393,0.00238151941448,0.000178494927241]},"erbbands_crest":{"dmean":2.53748464584,"dmean2":4.17856121063,"dvar":6.0573964119,"dvar2":14.9925260544,"max":29.5389308929,"mean":8.11583137512,"median":7.05832433701,"min":2.11778712273,"var":16.4395904541},"erbbands_flatness_db":{"dmean":0.0208013858646,"dmean2":0.0317925289273,"dvar":0.000357411365258,"dvar2":0.000830725999549,"max":0.36867210269,"mean":0.139733627439,"median":0.132892310619,"min":0.0280579980463,"var":0.00201363652013},"erbbands_kurtosis":{"dmean":1.09036052227,"dmean2":1.74633073807,"dvar":2.68749022484,"dvar2":6.92164134979,"max":33.293838501,"mean":0.918146252632,"median":0.178280740976,"min":-1.62708926201,"var":5.9222073555},"erbbands_skewness":{"dmean":0.370180755854,"dmean2":0.579864621162,"dvar":0.120855048299,"dvar2":0.297087222338,"max":5.15821552277,"mean":0.239055633545,"median":0.134607687593,"min":-2.48599290848,"var":0.708450376987},"erbbands_spread":{"dmean":7.13965940475,"dmean2":11.1224555969,"dvar":48.0075378418,"dvar2":114.357543945,"max":120.372848511,"mean":31.7698631287,"median":29.6827316284,"min":1.87598049641,"var":235.758361816},"gfcc":{"cov":[[6949.43212891,87.4360809326,-414.225280762,55.7152099609,45.0743293762,-287.91583252,87.5425415039,-102.378791809,1.2192337513,-139.485580444,12.9627389908,10.993016243,-76.4095458984],[87.4360809326,1144.15576172,98.2042236328,-318.000091553,-58.0926094055,-77.4532318115,-49.5849189758,-126.559181213,-4.58184242249,-5.7717256546,7.15871572495,-61.4254417419,54.5950889587],[-414.225280762,98.2042236328,362.423492432,113.64239502,-61.4180831909,165.572982788,-92.229888916,116.22808075,-22.9827594757,73.6196594238,1.26481282711,2.23621034622,19.1998405457],[55.7152099609,-318.000091553,113.64239502,416.744995117,186.455734253,39.742980957,84.0783233643,96.6879425049,20.5702514648,46.1816635132,23.6327495575,46.1429824829,-3.31440734863],[45.0743293762,-58.0926094055,-61.4180831909,186.455734253,332.282012939,57.2542037964,135.736206055,32.1368255615,54.8512306213,11.8101577759,49.9663276672,15.503578186,49.9918212891],[-287.91583252,-77.4532318115,165.572982788,39.742980957,57.2542037964,269.326965332,-16.9793930054,118.067581177,-0.59359228611,54.0262260437,12.7422866821,9.55107498169,38.9756774902],[87.5425415039,-49.5849189758,-92.229888916,84.0783233643,135.736206055,-16.9793930054,192.235534668,8.97132205963,66.136390686,-5.39882230759,13.7005052567,16.5160121918,9.33497714996],[-102.378791809,-126.559181213,116.22808075,96.6879425049,32.1368255615,118.067581177,8.97132205963,163.769042969,36.6179618835,59.1954574585,22.3637752533,10.9447221756,24.7734241486],[1.2192337513,-4.58184242249,-22.9827594757,20.5702514648,54.8512306213,-0.59359228611,66.136390686,36.6179618835,95.1210479736,27.2985305786,19.6859817505,12.7350006104,0.73865789175],[-139.485580444,-5.7717256546,73.6196594238,46.1816635132,11.8101577759,54.0262260437,-5.39882230759,59.1954574585,27.2985305786,83.9326324463,39.2509460449,14.6375389099,28.9031066895],[12.9627389908,7.15871572495,1.26481282711,23.6327495575,49.9663276672,12.7422866821,13.7005052567,22.3637752533,19.6859817505,39.2509460449,64.3241043091,34.0421829224,21.9144287109],[10.993016243,-61.4254417419,2.23621034622,46.1429824829,15.503578186,9.55107498169,16.5160121918,10.9447221756,12.7350006104,14.6375389099,34.0421829224,58.1605873108,17.7732658386],[-76.4095458984,54.5950889587,19.1998405457,-3.31440734863,49.9918212891,38.9756774902,9.33497714996,24.7734241486,0.73865789175,28.9031066895,21.9144287109,17.7732658386,82.4213104248]],"icov":[[0.000181584080565,-0.00021184750949,0.0006415717653,-0.000642908446025,0.000523241527844,-0.000302036496578,0.000163590928423,-0.000123043195345,-0.000196779263206,0.000633880263194,-0.000613381271251,0.000408124382375,-0.000168166938238],[-0.00021184750949,0.00277396035381,-0.00498828710988,0.00478571699932,-0.00340188434348,0.00320963421836,-0.00133722182363,0.00155342544895,0.00056924414821,-0.00173161341809,0.000917337369174,-0.000391976791434,-0.00000649527873975],[0.0006415717653,-0.00498828710988,0.0173857789487,-0.0147964917123,0.0125154871494,-0.011292683892,0.00514969835058,-0.00153463799506,-0.00428783381358,0.00562091078609,-0.00741839082912,0.00838569831103,-0.0048875673674],[-0.000642908446025,0.00478571699932,-0.0147964917123,0.0227869786322,-0.020181318745,0.0142667964101,-0.00490482710302,-0.00552030932158,0.012544429861,-0.0180008672178,0.0213658418506,-0.0217153839767,0.0135080227628],[0.000523241527844,-0.00340188434348,0.0125154871494,-0.020181318745,0.0244001038373,-0.0144835999236,0.000628707406577,0.00644667539746,-0.01330842264,0.020324498415,-0.0270052272826,0.0248573496938,-0.0161360371858],[-0.000302036496578,0.00320963421836,-0.011292683892,0.0142667964101,-0.0144835999236,0.0162186864763,-0.00250295130536,-0.00673350086436,0.00937079079449,-0.0123297087848,0.0153702180833,-0.01449983567,0.0075007788837],[0.000163590928423,-0.00133722182363,0.00514969835058,-0.00490482710302,0.000628707406577,-0.00250295130536,0.011342135258,-0.0000785576412454,-0.00708071934059,0.00374065316282,-0.000352002389263,0.000755178567488,-0.00213569891639],[-0.000123043195345,0.00155342544895,-0.00153463799506,-0.00552030932158,0.00644667539746,-0.00673350086436,-0.0000785576412454,0.0178142488003,-0.010186471045,0.00438756449148,-0.0112588629127,0.0123828249052,-0.00820308923721],[-0.000196779263206,0.00056924414821,-0.00428783381358,0.012544429861,-0.01330842264,0.00937079079449,-0.00708071934059,-0.010186471045,0.0278599690646,-0.0199190340936,0.0177857186645,-0.0191682334989,0.0145882423967],[0.000633880263194,-0.00173161341809,0.00562091078609,-0.0180008672178,0.020324498415,-0.0123297087848,0.00374065316282,0.00438756449148,-0.0199190340936,0.0473816543818,-0.0403574034572,0.0291694775224,-0.0205349288881],[-0.000613381271251,0.000917337369174,-0.00741839082912,0.0213658418506,-0.0270052272826,0.0153702180833,-0.000352002389263,-0.0112588629127,0.0177857186645,-0.0403574034572,0.0675223469734,-0.048173237592,0.0203743167222],[0.000408124382375,-0.000391976791434,0.00838569831103,-0.0217153839767,0.0248573496938,-0.01449983567,0.000755178567488,0.0123828249052,-0.0191682334989,0.0291694775224,-0.048173237592,0.0592814646661,-0.0242485459894],[-0.000168166938238,-0.00000649527873975,-0.0048875673674,0.0135080227628,-0.0161360371858,0.0075007788837,-0.00213569891639,-0.00820308923721,0.0145882423967,-0.0205349288881,0.0203743167222,-0.0242485459894,0.0294926837087]],"mean":[-6.05337619781,102.915115356,-88.478263855,4.63266134262,-15.1418113708,-15.0396060944,2.57507491112,-7.75143384933,-3.4358921051,-6.09280157089,-2.9872815609,-1.89363396168,-3.19345641136]},"hfc":{"dmean":17.8367481232,"dmean2":26.5239677429,"dvar":356.533813477,"dvar2":757.995300293,"max":341.68637085,"mean":69.8743591309,"median":60.4701309204,"min":1.70135301403e-8,"var":2044.08679199},"melbands":{"dmean":[0.00564142130315,0.00174438918475,0.000650397269055,0.000542660360225,0.00044807814993,0.000426869373769,0.000199282279937,0.000167419624631,0.000112621237349,0.000135240028612,0.000087442844233,0.0000568718060094,0.0000371360401914,0.0000370178931917,0.0000289351719402,0.0000179505768756,0.0000113378637252,0.0000106765428427,0.0000119357209769,0.000008124334272,0.00000762694207879,0.00000688421005179,0.00000702374018147,0.00000915101372811,0.00000579214110985,0.00000330781927005,0.00000261050945483,0.00000217929073187,0.0000017097976297,0.00000103597562884,6.55705491681e-7,4.53303329095e-7,2.49725047752e-7,1.67779006688e-7,3.64635099004e-7,2.98685876032e-7,8.4773581932e-8,5.76422571896e-8,4.29985860251e-8,3.81569762453e-8],"dmean2":[0.00953360553831,0.00292431074195,0.00105734949466,0.000876804289874,0.000708271225449,0.000677039322909,0.000315845827572,0.000268430012511,0.000180181727046,0.000219138266402,0.000142758057336,0.0000945204083109,0.0000605433160672,0.0000607691363257,0.0000475305459986,0.0000293206139759,0.0000187689383893,0.0000175928744284,0.0000196846012841,0.0000133751227622,0.0000129104209918,0.0000116634146252,0.0000115991751954,0.0000147677747009,0.00000949755485635,0.00000543010264664,0.00000416046941609,0.0000033291098589,0.00000260851948042,0.00000160641377533,9.95652840174e-7,6.93425477039e-7,3.85760216659e-7,2.63477573981e-7,5.59974125736e-7,4.56627788026e-7,1.28371624442e-7,8.64497167186e-8,6.48437961104e-8,5.86386654788e-8],"dvar":[0.0000788702163845,0.0000084549174062,0.00000187067848856,0.00000140179554364,0.00000118342654787,0.00000183595216185,3.23660856338e-7,1.87134602925e-7,9.94890996253e-8,9.66369526623e-8,4.06610354275e-8,9.88765691545e-9,5.14165776622e-9,4.3601793287e-9,2.45650055852e-9,1.05647368631e-9,3.77625236636e-10,2.91589002943e-10,3.12189329943e-10,1.75171196992e-10,2.28331728525e-10,2.57388305114e-10,2.3753182754e-10,3.98534066859e-10,1.45241679794e-10,4.07816835857e-11,2.93752036584e-11,1.83982881014e-11,1.12112107792e-11,4.5030255566e-12,1.59262967397e-12,7.25513019887e-13,2.07111414065e-13,1.23449400658e-13,1.39426545396e-12,9.85225030899e-13,2.66466671861e-14,1.16373636395e-14,6.65261709653e-15,6.40375796959e-15],"dvar2":[0.000208235549508,0.0000223805163841,0.00000418923900725,0.00000326951817442,0.0000027181488349,0.00000434146159023,7.81063761224e-7,4.50125185125e-7,2.35850578179e-7,2.48983525353e-7,1.07195056387e-7,2.53700367381e-8,1.31681714421e-8,1.11876907738e-8,6.16447382029e-9,2.63234789522e-9,9.82706693797e-10,7.60733975813e-10,8.13535905309e-10,4.56766041657e-10,6.08606276487e-10,7.16958548086e-10,6.3641669712e-10,1.04217490193e-9,3.82976844682e-10,1.10871353765e-10,7.31054244918e-11,4.12143444373e-11,2.53731705785e-11,1.01624472726e-11,3.68184259122e-12,1.66294181116e-12,4.70133751807e-13,3.13929925892e-13,3.23658894824e-12,2.26572601826e-12,5.54510356089e-14,2.28517884818e-14,1.27146379295e-14,1.39398253479e-14],"max":[0.110070765018,0.0361430831254,0.0366681925952,0.0351383946836,0.0298513993621,0.0361955650151,0.0168042816222,0.00971897970885,0.0148280691355,0.00946205481887,0.00411017658189,0.00201000552624,0.00220852112398,0.00192034791689,0.00126273313072,0.00102571339812,0.000301595719066,0.000249749602517,0.000253918260569,0.000208728466532,0.000267472321866,0.000346852466464,0.000286195834633,0.000359915429726,0.000291201344226,0.000105136859929,0.000144475314301,0.0000932629991439,0.0000629479036434,0.0000490863130835,0.0000367253014701,0.000021270237994,0.0000121360199046,0.00000801911392045,0.0000190325645235,0.0000174036613316,0.00000210869552575,0.00000197554504666,0.000001546454655,0.00000206253889701],"mean":[0.0071645565331,0.00221631978638,0.000965698040091,0.000835815095343,0.00070683285594,0.000642825500108,0.000300348154269,0.00025722940336,0.000192205727217,0.000234256673139,0.000134424408316,0.0000897681384231,0.0000610735150985,0.0000617898622295,0.000049785066949,0.0000295807276416,0.0000182563417184,0.0000188946032722,0.0000214095653064,0.000014113637917,0.0000117319968922,0.0000105066465039,0.0000113616351882,0.0000154600438691,0.0000106980887722,0.00000595011533733,0.00000499458201375,0.0000041601333578,0.00000318665479426,0.00000197330928131,0.00000125011547425,8.24362757612e-7,4.56960748352e-7,2.69039475143e-7,4.52494504088e-7,3.5442292301e-7,1.22189277363e-7,8.60607443087e-8,5.83941783816e-8,4.69744456666e-8],"median":[0.0043472466059,0.00132252136245,0.000407604471548,0.000315522484016,0.000182977586519,0.000127023420646,0.000093737449788,0.0000794387815404,0.0000751944535295,0.000096348740044,0.0000542752713955,0.0000453475549875,0.0000338152203767,0.0000358795987268,0.0000286266858893,0.0000168646238308,0.000010963929526,0.0000113231772048,0.0000125757396745,0.00000811631252873,0.00000585148018217,0.00000442118926003,0.00000440188796347,0.00000482698897031,0.00000360909166375,0.0000024912965273,0.00000181937446087,0.00000147050650412,0.00000106260836219,7.12699602445e-7,4.78241929613e-7,3.24575751165e-7,1.84203017284e-7,1.08247114383e-7,8.24951200684e-8,5.97545835035e-8,3.98686843539e-8,2.61641517341e-8,1.84254780322e-8,1.46842413784e-8],"min":[2.0808501491e-15,8.16431711513e-16,1.74189636273e-15,4.91030462886e-15,4.21709964109e-15,1.69494140894e-15,5.55154658053e-16,1.02505947337e-15,2.34257253013e-15,2.22843145236e-15,5.6321380597e-16,2.28296158062e-16,5.93163091039e-16,2.93963790196e-16,1.63207287659e-16,1.13308137338e-15,1.22793085226e-15,1.73276100652e-15,8.43655244558e-16,1.43028458814e-15,2.11705424309e-15,1.65337284354e-15,3.38257779398e-15,2.48309211971e-15,1.41133455529e-15,6.83310742973e-16,5.17805904914e-16,8.56585149559e-16,1.28559367894e-15,2.05410698962e-15,2.40327980498e-15,1.87353692944e-15,1.32472236594e-15,3.4234316224e-16,1.51741674984e-15,2.2381721195e-15,1.96053081301e-15,7.97674219835e-16,1.16143410722e-15,2.22166810603e-15],"var":[0.000091305890237,0.00000858830935613,0.0000042112965275,0.00000338805034517,0.00000297784049508,0.00000386250803786,6.49348123716e-7,3.87941412328e-7,2.21658197574e-7,2.14218900396e-7,7.33828784405e-8,1.73404721693e-8,8.55684678669e-9,7.60920482179e-9,4.85644813253e-9,1.98100069682e-9,5.51567458373e-10,5.15056219896e-10,6.45054454296e-10,3.00549252152e-10,3.16319082039e-10,3.15351189606e-10,3.57430890441e-10,8.03456579046e-10,3.80336817596e-10,8.83160836129e-11,8.18896686572e-11,5.40868669296e-11,2.97489255452e-11,1.21678500609e-11,4.30883714125e-12,1.7715475354e-12,5.80201034786e-13,2.06235121212e-13,1.65363621234e-12,1.11043422721e-12,5.25846761154e-14,3.19342432543e-14,1.46649135028e-14,1.04292761222e-14]},"melbands_crest":{"dmean":5.44088220596,"dmean2":9.12516975403,"dvar":19.6415290833,"dvar2":50.6494140625,"max":39.549495697,"mean":20.5476379395,"median":20.0300693512,"min":3.16243433952,"var":65.8924942017},"melbands_flatness_db":{"dmean":0.0427778623998,"dmean2":0.0681973993778,"dvar":0.00143114547245,"dvar2":0.00358079303987,"max":0.777960062027,"mean":0.274005383253,"median":0.273836642504,"min":0.0173286534846,"var":0.00570859899744},"melbands_kurtosis":{"dmean":20.0950508118,"dmean2":33.9688949585,"dvar":5350.10742188,"dvar2":15792.8867188,"max":3800.7746582,"mean":28.7091407776,"median":11.1198940277,"min":-1.56286394596,"var":5894.26660156},"melbands_skewness":{"dmean":1.31617379189,"dmean2":2.14693379402,"dvar":2.38969635963,"dvar2":6.25987100601,"max":38.9231185913,"mean":3.60304474831,"median":2.93965625763,"min":-1.48358631134,"var":7.78030109406},"melbands_spread":{"dmean":5.80182409286,"dmean2":9.37613868713,"dvar":47.8346138,"dvar2":115.261558533,"max":150.814285278,"mean":14.051486969,"median":10.3521957397,"min":0.0298582110554,"var":152.754058838},"mfcc":{"cov":[[4473.80371094,-155.678909302,-405.998474121,249.339569092,-121.692886353,-52.0373382568,-42.972858429,104.185562134,-101.942573547,33.7958869934,-68.9910202026,32.344833374,-51.9277000427],[-155.678909302,1229.67578125,50.7619361877,-218.558227539,-88.1027755737,-21.9236240387,-81.3052597046,-125.662200928,-33.640712738,-64.2094726562,-0.162791416049,-59.7015800476,13.0222387314],[-405.998474121,50.7619361877,506.585357666,-100.326934814,72.7660446167,-32.716594696,2.15222787857,-35.7446174622,21.4859447479,-0.224260509014,42.4619064331,3.23807954788,13.7200708389],[249.339569092,-218.558227539,-100.326934814,413.276916504,53.6759719849,46.3151893616,59.452835083,55.4828910828,28.9681434631,18.4467277527,32.7785987854,36.6483459473,2.78256869316],[-121.692886353,-88.1027755737,72.7660446167,53.6759719849,234.957244873,62.5381774902,99.4191360474,31.3297901154,61.1198768616,20.1641368866,39.7186851501,25.0116977692,37.3447723389],[-52.0373382568,-21.9236240387,-32.716594696,46.3151893616,62.5381774902,122.92023468,65.8344268799,40.8396110535,33.7606010437,15.1836967468,4.02885770798,11.774638176,16.289484024],[-42.972858429,-81.3052597046,2.15222787857,59.452835083,99.4191360474,65.8344268799,134.986053467,42.6210327148,64.8268051147,11.4104671478,26.528459549,14.2904081345,31.2958431244],[104.185562134,-125.662200928,-35.7446174622,55.4828910828,31.3297901154,40.8396110535,42.6210327148,108.295135498,35.7795028687,45.2697143555,2.91473245621,23.8636989594,3.3349480629],[-101.942573547,-33.640712738,21.4859447479,28.9681434631,61.1198768616,33.7606010437,64.8268051147,35.7795028687,111.262268066,38.1827011108,36.1398696899,6.55194187164,28.0477657318],[33.7958869934,-64.2094726562,-0.224260509014,18.4467277527,20.1641368866,15.1836967468,11.4104671478,45.2697143555,38.1827011108,79.2939910889,25.1285171509,22.9996070862,6.99835252762],[-68.9910202026,-0.162791416049,42.4619064331,32.7785987854,39.7186851501,4.02885770798,26.528459549,2.91473245621,36.1398696899,25.1285171509,71.8775863647,24.1670455933,21.1247806549],[32.344833374,-59.7015800476,3.23807954788,36.6483459473,25.0116977692,11.774638176,14.2904081345,23.8636989594,6.55194187164,22.9996070862,24.1670455933,58.102935791,25.13555336],[-51.9277000427,13.0222387314,13.7200708389,2.78256869316,37.3447723389,16.289484024,31.2958431244,3.3349480629,28.0477657318,6.99835252762,21.1247806549,25.13555336,60.8880691528]],"icov":[[0.000264608446741,-0.0000292518980132,0.000155417670612,-0.000142008109833,0.0000311634321406,0.00026303465711,-0.000106422128738,-0.000229112716625,0.000272670178674,-0.000180915929377,0.000188719452126,-0.000103755919554,0.0000537055566383],[-0.0000292518980132,0.0010726993205,0.00000231525427807,0.0004207357415,0.000254277751083,-0.000650822476018,0.000600526866037,0.000674392678775,-0.000101991878182,0.000467020872748,-0.000780386268161,0.000910587259568,-0.000713411020115],[0.000155417670612,0.00000231525427807,0.00253923935816,0.000604983128142,-0.000997721799649,0.000837575120386,0.000223805443966,0.000326508161379,-0.000201655406272,0.000198108376935,-0.00121348467655,-0.000253196863923,0.000382829195587],[-0.000142008109833,0.0004207357415,0.000604983128142,0.00331707950681,-0.000238857697695,-0.000631678034551,-0.000335280754371,-0.000531376630533,-0.000312315503834,0.00116498046555,-0.0018748305738,-0.00124496989883,0.00119229452685],[0.0000311634321406,0.000254277751083,-0.000997721799649,-0.000238857697695,0.00716257607564,-0.00159137730952,-0.00361418374814,0.000406106613809,-0.000387617241358,-0.000211193531868,-0.00103856460191,-0.000536284816917,-0.00113943463657],[0.00026303465711,-0.000650822476018,0.000837575120386,-0.000631678034551,-0.00159137730952,0.0128659754992,-0.00479473453015,-0.00235785893165,0.00020870246226,-0.00122295110486,0.00273297308013,-0.000811400066596,-0.000237571875914],[-0.000106422128738,0.000600526866037,0.000223805443966,-0.000335280754371,-0.00361418374814,-0.00479473453015,0.0173486620188,-0.00346431019716,-0.00566788343713,0.0053293784149,-0.00268195942044,0.00159279257059,-0.00321085215546],[-0.000229112716625,0.000674392678775,0.000326508161379,-0.000531376630533,0.000406106613809,-0.00235785893165,-0.00346431019716,0.0177335161716,-0.00269526988268,-0.00760192144662,0.00509704602882,-0.00522869313136,0.00330753321759],[0.000272670178674,-0.000101991878182,-0.000201655406272,-0.000312315503834,-0.000387617241358,0.00020870246226,-0.00566788343713,-0.00269526988268,0.0185695271939,-0.00681933294982,-0.00494534382597,0.00769405113533,-0.00567378662527],[-0.000180915929377,0.000467020872748,0.000198108376935,0.00116498046555,-0.000211193531868,-0.00122295110486,0.0053293784149,-0.00760192144662,-0.00681933294982,0.0230480879545,-0.00596864428371,-0.0049135661684,0.00237315543927],[0.000188719452126,-0.000780386268161,-0.00121348467655,-0.0018748305738,-0.00103856460191,0.00273297308013,-0.00268195942044,0.00509704602882,-0.00494534382597,-0.00596864428371,0.024319825694,-0.00822558254004,-0.000385786290281],[-0.000103755919554,0.000910587259568,-0.000253196863923,-0.00124496989883,-0.000536284816917,-0.000811400066596,0.00159279257059,-0.00522869313136,0.00769405113533,-0.0049135661684,-0.00822558254004,0.0313788056374,-0.0132348965853],[0.0000537055566383,-0.000713411020115,0.000382829195587,0.00119229452685,-0.00113943463657,-0.000237571875914,-0.00321085215546,0.00330753321759,-0.00567378662527,0.00237315543927,-0.000385786290281,-0.0132348965853,0.0266510602087]],"mean":[-669.016784668,163.196533203,-12.8106851578,35.648021698,-0.852359890938,11.0171365738,7.09863853455,9.0799446106,3.66126799583,5.53343629837,1.89112687111,3.38879847527,0.258627325296]},"pitch_salience":{"dmean":0.105208210647,"dmean2":0.173562020063,"dvar":0.00774194533005,"dvar2":0.0196172129363,"max":0.874050855637,"mean":0.475231915712,"median":0.493328332901,"min":0.026260310784,"var":0.0254757106304},"silence_rate_20dB":{"dmean":0,"dmean2":0,"dvar":0,"dvar2":0,"max":1,"mean":1,"median":1,"min":1,"var":0},"silence_rate_30dB":{"dmean":0.0770593434572,"dmean2":0.154135748744,"dvar":0.0711212009192,"dvar2":0.154959917068,"max":1,"mean":0.918520987034,"median":1,"min":0,"var":0.0748401880264},"silence_rate_60dB":{"dmean":0.00620017712936,"dmean2":0.0124017270282,"dvar":0.00616173492745,"dvar2":0.0142410593107,"max":1,"mean":0.0145023800433,"median":0,"min":0,"var":0.0142920613289},"spectral_centroid":{"dmean":231.418258667,"dmean2":347.007415771,"dvar":74194.5390625,"dvar2":148349.9375,"max":10873.6777344,"mean":1158.18481445,"median":952.982177734,"min":75.2575531006,"var":482742},"spectral_complexity":{"dmean":3.66031885147,"dmean2":5.47159767151,"dvar":15.7710208893,"dvar2":28.0445652008,"max":57,"mean":18.5205364227,"median":16,"min":0,"var":97.7104415894},"spectral_contrast_coeffs":{"dmean":[0.0571738183498,0.0476504713297,0.0369305796921,0.026484247297,0.0208613295108,0.0371913127601],"dmean2":[0.094136044383,0.0798318833113,0.0616324022412,0.0443209894001,0.0343367904425,0.058426886797],"dvar":[0.00203893450089,0.00143483385909,0.000826800125651,0.000426129932748,0.000330762646627,0.001106214826],"dvar2":[0.0053009018302,0.00392565783113,0.00226175086573,0.00120374083053,0.000830309465528,0.00263678305782],"max":[-0.274461746216,-0.376124918461,-0.550590574741,-0.598972141743,-0.689136683941,-0.486926108599],"mean":[-0.708807826042,-0.777732253075,-0.799477458,-0.825495779514,-0.825649023056,-0.750621020794],"median":[-0.725979566574,-0.790069460869,-0.804083049297,-0.82707375288,-0.825866580009,-0.752301990986],"min":[-0.965049564838,-0.963684499264,-0.965502619743,-0.987711310387,-0.975102424622,-0.963882148266],"var":[0.00950606912374,0.00506830913946,0.00280510308221,0.00137180264574,0.00111591478344,0.0040392940864]},"spectral_contrast_valleys":{"dmean":[0.427947580814,0.37110054493,0.313271820545,0.28952974081,0.303379178047,0.578153848648],"dmean2":[0.682376563549,0.598769962788,0.498154699802,0.449464738369,0.438459128141,0.888562202454],"dvar":[0.141972273588,0.115233629942,0.0973643064499,0.100438117981,0.121810182929,0.265833050013],"dvar2":[0.311443567276,0.252335399389,0.194794848561,0.195626676083,0.240090340376,0.65192514658],"max":[-4.9319357872,-4.46608018875,-5.06256628036,-5.80870580673,-5.77750587463,-8.87179374695],"mean":[-6.65651702881,-6.47129106522,-6.90489578247,-7.44469261169,-7.55769395828,-10.9874687195],"median":[-6.47523832321,-6.39958572388,-6.79373455048,-7.34979867935,-7.49459886551,-10.9216222763],"min":[-27.2583789825,-27.5311164856,-27.2067775726,-27.0169448853,-27.3847999573,-27.1631774902],"var":[1.03843748569,0.883547663689,0.816279411316,0.754963219166,0.891169190407,0.815175712109]},"spectral_decrease":{"dmean":6.33547925233e-9,"dmean2":1.01731902902e-8,"dvar":7.58954557106e-17,"dvar2":1.85840431526e-16,"max":1.82139026084e-10,"mean":-1.15985754334e-8,"median":-8.55066595307e-9,"min":-9.97065612296e-8,"var":1.19678436553e-16},"spectral_energy":{"dmean":0.0242401529104,"dmean2":0.0385563485324,"dvar":0.00108653539792,"dvar2":0.00265565305017,"max":0.383452385664,"mean":0.0501135289669,"median":0.0389894805849,"min":1.5468903285e-12,"var":0.00178841419984},"spectral_energyband_high":{"dmean":0.000183370997547,"dmean2":0.000245125964284,"dvar":1.04058315742e-7,"dvar2":1.90451018511e-7,"max":0.00708414288238,"mean":0.000496358028613,"median":0.00018835622177,"min":1.10935175976e-12,"var":5.9316136003e-7},"spectral_energyband_low":{"dmean":0.0202282276005,"dmean2":0.0333843380213,"dvar":0.000924355874304,"dvar2":0.00235280347988,"max":0.36818882823,"mean":0.0287801716477,"median":0.019155010581,"min":1.07900147489e-14,"var":0.00118076673243},"spectral_energyband_middle_high":{"dmean":0.00119074317627,"dmean2":0.00184602267109,"dvar":0.0000030332305414,"dvar2":0.00000727099268261,"max":0.0308329407126,"mean":0.00334265083075,"median":0.00239576189779,"min":1.95383422982e-13,"var":0.00000948796423472},"spectral_energyband_middle_low":{"dmean":0.00578625500202,"dmean2":0.00901733431965,"dvar":0.000101628822449,"dvar2":0.00024047147599,"max":0.180878043175,"mean":0.0135269705206,"median":0.00605623982847,"min":6.63333794902e-14,"var":0.000345219741575},"spectral_entropy":{"dmean":0.169362425804,"dmean2":0.256599366665,"dvar":0.0319666862488,"dvar2":0.0727151557803,"max":9.81317424774,"mean":7.50026941299,"median":7.60468673706,"min":5.28821372986,"var":0.185274839401},"spectral_flux":{"dmean":0.0394044965506,"dmean2":0.0627948120236,"dvar":0.00177998607978,"dvar2":0.00421601580456,"max":0.527977347374,"mean":0.122674636543,"median":0.110360346735,"min":0.0000108770973384,"var":0.00385182839818},"spectral_kurtosis":{"dmean":3.94797539711,"dmean2":6.16870927811,"dvar":30.351190567,"dvar2":75.6017684937,"max":107.956466675,"mean":15.8835639954,"median":14.4522380829,"min":-1.17120826244,"var":67.1031799316},"spectral_rms":{"dmean":0.00156217243057,"dmean2":0.00241757486947,"dvar":0.00000253482539847,"dvar2":0.00000594642233409,"max":0.0193416625261,"mean":0.0064688436687,"median":0.00616753753275,"min":3.88479257651e-8,"var":0.00000704530839357},"spectral_rolloff":{"dmean":2938.52172852,"dmean2":5556.83496094,"dvar":37565264,"dvar2":94899312,"max":21942.3339844,"mean":3917.57446289,"median":710.595703125,"min":21.533203125,"var":50636488},"spectral_skewness":{"dmean":0.31919670105,"dmean2":0.48504525423,"dvar":0.14956176281,"dvar2":0.34747633338,"max":8.48020839691,"mean":2.61227798462,"median":2.51324248314,"min":-0.00827541574836,"var":0.55257833004},"spectral_spread":{"dmean":477452.84375,"dmean2":741990.375,"dvar":292452728832,"dvar2":547665838080,"max":39011604,"mean":3784814.75,"median":3676489,"min":1148395.5,"var":948929429504},"spectral_strongpeak":{"dmean":0.640396356583,"dmean2":1.15473508835,"dvar":10.6150226593,"dvar2":29.6641616821,"max":63.8936271667,"mean":0.681520700455,"median":0.211119651794,"min":0,"var":8.22907733917},"zerocrossingrate":{"dmean":0.0324592962861,"dmean2":0.0416506454349,"dvar":0.000793760002125,"dvar2":0.00117764761671,"max":0.5400390625,"mean":0.160149931908,"median":0.15185546875,"min":0,"var":0.0062042158097}},"metadata":{"audio_properties":{"analysis_sample_rate":44100,"bit_rate":320000,"codec":"mp3","downmix":"mix","equal_loudness":0,"length":209.712081909,"lossless":false,"md5_encoded":"dfd418b2ec89b2624f5646ce3d3861f0","replay_gain":-0.0169258117676,"sample_rate":44100},"tags":{"acoustid_id":["92bab410-0319-40e9-8653-d6d6f0dd3a98"],"album":["El Camino"],"albumartist":["The Black Keys"],"artist":["The Black Keys"],"date":["2011"],"discnumber":["1/1"],"file_name":"09 - The Black Keys - Stop Stop.mp3","musicbrainz_albumartistid":["d15721d8-56b4-453d-b506-fc915b14cba2"],"musicbrainz_albumid":["ec0af468-657b-434b-b300-28f355d227bf"],"musicbrainz_artistid":["d15721d8-56b4-453d-b506-fc915b14cba2"],"musicbrainz_recordingid":["c54bc8cc-bef2-4e22-a708-8d6d1d27b3f9"],"musicbrainz_releasegroupid":["c2eed4c1-5cd9-469a-9075-b82077093967"],"replaygain_album_gain":["+0.43 dB"],"replaygain_album_peak":["0.308416"],"replaygain_track_gain":["+1.02 dB"],"replaygain_track_peak":["0.301635"],"title":["Stop Stop"],"tracknumber":["9/11"]},"version":{"essentia":"2.1-beta1","essentia_build_sha":"e76a03f03bb3900de42a1fa0d9be1e72f12def64","essentia_git_sha":"v2.1_beta1-28-g21ef5f4-dirty","extractor":"music 1.0"}},"rhythm":{"beats_count":436,"beats_loudness":{"dmean":0.0337806046009,"dmean2":0.0585464760661,"dvar":0.000901700463146,"dvar2":0.00260037137195,"max":0.218915730715,"mean":0.0700377225876,"median":0.0649552792311,"min":6.38270876152e-8,"var":0.00152224465273},"beats_loudness_band_ratio":{"dmean":[0.239734008908,0.103246107697,0.0794005170465,0.0549731776118,0.0371530726552,0.0620994344354],"dmean2":[0.443731069565,0.180550530553,0.144431918859,0.102812156081,0.0714543908834,0.117340907454],"dvar":[0.033125422895,0.0173776764423,0.00748969102278,0.00245174509473,0.000868491828442,0.00275290454738],"dvar2":[0.10245655477,0.0470174476504,0.0215652938932,0.00821763183922,0.00265275989659,0.00866619683802],"max":[0.996321618557,0.80320930481,0.562458217144,0.39409160614,0.227459892631,0.35110616684],"mean":[0.633449673653,0.129558473825,0.0926551148295,0.0571902245283,0.0316990576684,0.0794617682695],"median":