{"lowlevel":{"average_loudness":0.91658359766,"barkbands":{"dmean":[0.0000204831285373,0.000347401917679,0.000397413125029,0.00095878506545,0.00123513664585,0.00101044378243,0.000875759753399,0.000747425248846,0.000647966633551,0.000613148324192,0.000624393986072,0.000476423592772,0.000328431051457,0.000343399820849,0.000234737672145,0.000191817860468,0.000226114294492,0.000267693481874,0.000203737276024,0.000262357993051,0.000123260950204,0.000105865510704,0.0000679909644532,0.0000347513341694,0.0000112498728413,0.00000458708109363,5.59887439522e-7],"dmean2":[0.000030840299587,0.000573485624045,0.000667269865517,0.00159728049766,0.0019993565511,0.00154908024706,0.00134108110797,0.00114680815022,0.000996296992525,0.00098146579694,0.00099509046413,0.000777092645876,0.0005221250467,0.000538105668966,0.000361893209629,0.000307023321511,0.000358151039109,0.000431171152741,0.000323399202898,0.000416127819335,0.000191273808014,0.000157876333105,0.000096668889455,0.0000495002168464,0.0000161344742082,0.0000062904700826,8.25209326649e-7],"dvar":[1.43008660469e-9,2.99820896998e-7,5.90768308939e-7,0.00000302171815747,0.00000396106497647,0.00000312055522045,0.0000028252300126,0.00000316483169627,0.00000154222936999,0.00000293074572255,0.00000270774648925,0.00000199078431251,6.13273755334e-7,5.49868559574e-7,3.35807385454e-7,1.38718277753e-7,1.48684947021e-7,2.15240547163e-7,1.00074252884e-7,2.3881841571e-7,1.39708248525e-7,1.18404564375e-7,7.40958228107e-8,2.37506974088e-8,1.03208230851e-9,1.68809299872e-10,4.31759142328e-12],"dvar2":[2.93175728139e-9,8.05318052244e-7,0.00000160143758876,0.00000811211339169,0.0000102817875813,0.00000654806945022,0.00000681232950228,0.00000802472732175,0.00000375102627004,0.00000798945347924,0.00000643048360871,0.00000496833263242,0.00000136586561439,0.00000121881612358,7.21637775314e-7,3.23579683936e-7,3.63362090638e-7,5.71431542085e-7,2.49967854415e-7,5.68414691315e-7,2.93842475685e-7,2.30708110394e-7,1.37256620292e-7,4.52294202091e-8,2.05026995381e-9,3.12697395755e-10,8.15879568766e-12],"max":[0.000566675502341,0.00631047878414,0.0113074015826,0.0203372314572,0.0386852957308,0.044829018414,0.0444154851139,0.0609036386013,0.0233015120029,0.0482444837689,0.0302330050617,0.034735545516,0.0260851122439,0.0159303024411,0.0153722828254,0.00692367693409,0.00812913756818,0.00770580628887,0.00523025076836,0.00932286307216,0.0114594446495,0.0115449409932,0.0127961067483,0.00575826084241,0.000883043103386,0.000455817120383,0.0000897105928743],"mean":[0.0000453424108855,0.000668579887133,0.000707796076313,0.00134127365891,0.00244610500522,0.00211350107566,0.00172328785993,0.00147996610031,0.00126214232296,0.00111922260839,0.000994440284558,0.000787601107731,0.000596429163124,0.0006044334732,0.000445184065029,0.000400446850108,0.000493503292091,0.00062245054869,0.000492085702717,0.000634140451439,0.000245844887104,0.000211177481106,0.000130570915644,0.0000651107475278,0.0000219636949623,0.00000820306559035,9.54272081799e-7],"median":[0.0000318545280606,0.000453649001429,0.000356315285899,0.000620979815722,0.00150813732762,0.0010154324118,0.000763590447605,0.000531723839231,0.000517157954164,0.000334013311658,0.000181679904927,0.000202771072509,0.000178313959623,0.000194754626136,0.000147807586472,0.000173604639713,0.000252608762821,0.000321744795656,0.000309244147502,0.000288784271106,0.000105061895738,0.0000659545548842,0.0000414814639953,0.0000188082376553,0.00000704314243194,0.00000197893405129,3.46965691733e-7],"min":[1.4930801168e-25,4.45231280527e-24,1.44802430155e-24,5.9736299763e-25,7.54994475471e-24,8.54212666964e-24,5.4858215653e-24,5.91661732235e-24,1.34066453303e-23,1.70242241798e-23,1.16440586999e-23,2.54620003289e-23,2.946263899e-23,3.01310313687e-23,4.78673665986e-23,6.36650509103e-23,7.38280216829e-23,8.44600807042e-23,1.52527177414e-22,1.65369214484e-22,2.25135954614e-22,3.47282722795e-22,3.13879953931e-22,5.82989110617e-22,9.22493084285e-22,1.32270643007e-21,2.04472787023e-21],"var":[2.47451947821e-9,5.41653434993e-7,8.93637093213e-7,0.00000414817623096,0.00000954699407885,0.0000114464364742,0.00000756348163122,0.00000900055783859,0.0000043298714445,0.00000719623903933,0.00000567271081309,0.00000403486956202,0.00000172958891653,0.0000012474962432,8.79717788393e-7,4.04673130561e-7,4.5557257522e-7,6.71586633416e-7,3.28341855038e-7,9.16285330277e-7,2.76235539332e-7,3.43976466866e-7,1.86442505878e-7,5.99282472535e-8,2.51618614833e-9,4.65641525338e-10,1.12160020854e-11]},"barkbands_crest":{"dmean":2.10799312592,"dmean2":3.38252210617,"dvar":3.96785283089,"dvar2":9.93003177643,"max":25.7957420349,"mean":8.43186664581,"median":7.445520401,"min":2.31712174416,"var":15.9326086044},"barkbands_flatness_db":{"dmean":0.0141606749967,"dmean2":0.021569211036,"dvar":0.000197676665266,"dvar2":0.000435961264884,"max":0.304556697607,"mean":0.113133385777,"median":0.10040153563,"min":0.0326721221209,"var":0.00210799253546},"barkbands_kurtosis":{"dmean":1.39147174358,"dmean2":2.21218752861,"dvar":8.03220939636,"dvar2":21.8093299866,"max":76.9776229858,"mean":1.55849921703,"median":0.13663816452,"min":-1.92660355568,"var":19.8261604309},"barkbands_skewness":{"dmean":0.376909911633,"dmean2":0.583929717541,"dvar":0.178267940879,"dvar2":0.412213534117,"max":8.79071712494,"mean":0.962762713432,"median":0.867032527924,"min":-4.3654384613,"var":1.04345285892},"barkbands_spread":{"dmean":4.79675388336,"dmean2":7.36594724655,"dvar":29.7534294128,"dvar2":67.8736953735,"max":85.7122650146,"mean":25.147354126,"median":24.608297348,"min":1.62808489799,"var":149.634216309},"dissonance":{"dmean":0.0148843936622,"dmean2":0.0252833068371,"dvar":0.000266300543444,"dvar2":0.000745138968341,"max":0.500000059605,"mean":0.468597084284,"median":0.474602282047,"min":0.174532771111,"var":0.000588047958445},"dynamic_complexity":3.79650235176,"erbbands":{"dmean":[0.00942984037101,0.0860191956162,0.38696295023,1.74301278591,3.91049337387,4.55703639984,5.86098814011,9.00140666962,12.1988592148,12.5594711304,16.5099391937,12.4544258118,19.0178070068,18.6877803802,22.1544914246,16.39818573,14.2739210129,13.4829540253,15.6601314545,9.7777967453,9.95414638519,12.3088560104,12.7174949646,10.2886209488,9.22492313385,15.1111879349,5.92893075943,4.60005474091,4.09375238419,2.421043396,1.89336776733,1.00193428993,0.44330778718,0.159517616034,0.0706618875265,0.0256686471403,0.00777946040034,0.00132781686261,0.0000886712296051,0.0000072886741691],"dmean2":[0.0155458236113,0.142478838563,0.65382361412,2.88294649124,6.63099908829,7.38916397095,9.35677051544,13.6466789246,18.6233844757,19.2144107819,25.1466808319,19.0399093628,30.4667396545,28.5923118591,35.4613113403,26.2888393402,22.6275253296,21.2733974457,24.2436962128,15.1466217041,16.0428695679,19.6487884521,20.537437439,16.2380008698,14.4809827805,24.1979084015,9.31768321991,7.02600908279,6.09247684479,3.54774689674,2.70028734207,1.42482173443,0.642153978348,0.234069868922,0.100788421929,0.0353070646524,0.0109664453194,0.00193649658468,0.000126626080601,0.0000105029121187],"dvar":[0.000352552218828,0.018432719633,0.559804439545,9.3259973526,47.6551780701,72.4932098389,113.032363892,294.845733643,672.931396484,573.600036621,1739.45336914,617.371398926,1969.59863281,2111.14428711,3014.71240234,2533.03588867,1139.79553223,890.0078125,1319.67163086,453.092437744,336.637207031,437.888061523,432.688171387,246.407440186,202.013244629,887.059814453,249.303314209,241.327728271,201.009262085,61.0160980225,65.3798141479,19.3470249176,4.29381370544,0.278902024031,0.0388054214418,0.00534111587331,0.000498330278788,0.0000241665693466,9.1421938464e-8,1.32676411524e-10],"dvar2":[0.000935370859224,0.0496786907315,1.53311681747,25.0360851288,128.529586792,191.362869263,282.406890869,595.588317871,1623.83789062,1371.53063965,4425.92480469,1447.31738281,5638.6875,4353.94482422,6874.40478516,6130.86669922,2610.20166016,2022.46118164,2971.04223633,988.727294922,813.140319824,1103.17089844,1140.67956543,623.61730957,475.164337158,2153.26708984,574.570007324,492.101074219,412.936248779,121.722450256,127.258598328,32.9253044128,8.79986000061,0.569580197334,0.0766437426209,0.0100840479136,0.00100156106055,0.000047887362598,1.58210923473e-7,2.50110238076e-10],"max":[0.253777652979,1.97179710865,11.2218961716,40.4721603394,98.0331878662,165.230911255,225.25894165,507.154724121,699.45300293,600.229003906,1674.32666016,614.11730957,997.313354492,1291.90588379,1269.65515137,1701.77197266,988.187866211,717.274230957,878.800415039,511.564910889,324.946472168,424.915496826,336.360137939,254.554122925,373.030639648,550.34753418,440.911743164,420.755950928,481.128723145,273.97366333,373.06842041,210.070892334,87.0047836304,22.1366767883,7.36181259155,2.61363434792,0.800900876522,0.175083830953,0.0130150420591,0.000396047602408],"mean":[0.0151271261275,0.168241232634,0.726168274879,2.79858350754,5.8109998703,9.070271492,12.0476074219,19.2525959015,23.5681972504,25.7326011658,34.5314865112,25.8505649567,35.5789031982,37.7125701904,38.8999595642,30.253490448,28.386756897,26.2673931122,30.5489997864,21.937702179,22.3404273987,29.2287940979,32.5787696838,27.2404441833,25.113899231,34.489440918,12.9557085037,9.29208374023,7.85430669785,4.88125562668,3.52314734459,1.89416110516,0.790570855141,0.305237412453,0.133550971746,0.0479777976871,0.0128039987758,0.00199973233975,0.000167347141542,0.0000318975762639],"median":[0.00625566579401,0.121070191264,0.456769764423,1.43028843403,3.14759135246,4.81750583649,6.89691257477,8.56102180481,9.87911701202,12.8045454025,12.9552879333,11.9490299225,13.4345054626,11.2002925873,9.58691978455,9.51754951477,9.46235466003,9.1851234436,11.5058670044,8.43793010712,12.3204088211,15.8109264374,17.908493042,17.042432785,16.1714096069,14.4088478088,6.32819271088,3.27164292336,2.3032002449,1.65539479256,1.11462712288,0.575892448425,0.220686763525,0.0973325818777,0.0407693460584,0.0133089870214,0.00273315887898,0.000421667849878,0.0000696413117112,0.0000298835657304],"min":[1.01615975235e-22,5.05436485325e-22,1.53616002363e-21,4.97671923073e-21,1.02742140947e-20,1.60040675407e-20,3.04100415249e-20,5.0704177915e-20,1.06464691195e-19,1.32650457041e-19,2.19508660659e-19,3.73205797808e-19,6.03461395781e-19,9.29937227545e-19,1.08868693897e-18,1.3234501026e-18,1.5229465242e-18,1.52171629984e-18,2.50379940679e-18,2.92181988563e-18,3.80586213426e-18,5.05779585546e-18,4.49304490968e-18,5.60420283038e-18,7.17176675304e-18,8.4669438223e-18,8.72181802136e-18,1.05890665848e-17,1.23998699976e-17,1.31719893327e-17,9.62296843301e-18,1.15779990574e-17,8.59257684091e-18,9.03020915169e-18,6.53838256389e-18,3.89335633637e-18,2.19482987041e-18,8.77003458606e-19,2.49770365436e-19,2.6993535179e-20],"var":[0.000550982367713,0.0324159525335,0.783422589302,15.3364772797,65.297164917,177.856506348,282.754150391,1102.08557129,1723.31652832,1366.84997559,5257.984375,1773.69885254,4317.86181641,7135.05908203,6894.15527344,5158.84814453,3496.01416016,2199.38012695,3142.84594727,1433.61376953,990.994262695,1403.42565918,1603.05334473,998.438781738,856.69732666,3151.09545898,465.288421631,571.546447754,554.829528809,155.99710083,152.544265747,55.6798629761,9.03257751465,0.630078077316,0.0916572138667,0.01414971333,0.00121408759151,0.0000543637434021,2.70999606755e-7,6.10339334628e-10]},"erbbands_crest":{"dmean":2.18915534019,"dmean2":3.50688457489,"dvar":4.57123804092,"dvar2":10.8693122864,"max":30.0201187134,"mean":8.38881397247,"median":7.42155647278,"min":1.79948675632,"var":16.0039710999},"erbbands_flatness_db":{"dmean":0.0134317791089,"dmean2":0.019557017833,"dvar":0.000185885830433,"dvar2":0.000352718256181,"max":0.342329442501,"mean":0.170914188027,"median":0.169364869595,"min":0.0171536169946,"var":0.0019283721922},"erbbands_kurtosis":{"dmean":0.66200709343,"dmean2":1.02461707592,"dvar":1.63484287262,"dvar2":3.6076540947,"max":37.8792572021,"mean":-0.0646379590034,"median":-0.608805656433,"min":-1.75583291054,"var":4.17546081543},"erbbands_skewness":{"dmean":0.317313104868,"dmean2":0.480097323656,"dvar":0.0985035896301,"dvar2":0.201403290033,"max":3.44141054153,"mean":0.0447307303548,"median":0.0231525041163,"min":-5.58433389664,"var":0.630443751812},"erbbands_spread":{"dmean":6.00270175934,"dmean2":9.26553821564,"dvar":41.3235435486,"dvar2":93.2975158691,"max":144.185409546,"mean":37.6666946411,"median":35.9930267334,"min":2.50263595581,"var":223.072479248},"gfcc":{"cov":[[36906.6367188,2410.09326172,-4321.86181641,1152.1060791,-2232.22021484,556.333557129,-927.737487793,-147.741790771,-478.62701416,58.1754989624,-272.6434021,39.4934616089,-206.21534729],[2410.09326172,1244.32995605,-268.721313477,-116.622306824,95.8735198975,-213.597351074,-48.9352874756,-37.1733589172,-15.2321538925,-121.062355042,24.5033149719,-77.5616989136,-18.7974338531],[-4321.86181641,-268.721313477,1046.04870605,39.0687942505,273.993774414,25.016330719,52.3480377197,19.7195243835,68.9102172852,16.5847549438,-18.5488605499,4.19834566116,-23.4855918884],[1152.1060791,-116.622306824,39.0687942505,385.30947876,-37.3521118164,67.662361145,-59.2818527222,7.3191447258,16.5863323212,20.561378479,-45.9421844482,15.8187274933,5.25586271286],[-2232.22021484,95.8735198975,273.993774414,-37.3521118164,345.967315674,-92.8892745972,47.1425704956,35.8411102295,16.3173675537,-29.1794948578,5.1139087677,-23.9585018158,5.64675951004],[556.333557129,-213.597351074,25.016330719,67.662361145,-92.8892745972,345.226470947,87.2119293213,-35.4221229553,22.2698612213,68.5492553711,10.2934951782,41.4724655151,-12.9258594513],[-927.737487793,-48.9352874756,52.3480377197,-59.2818527222,47.1425704956,87.2119293213,186.598312378,13.1534786224,-8.24396038055,5.8468208313,23.7568073273,9.19183635712,-3.77939033508],[-147.741790771,-37.1733589172,19.7195243835,7.3191447258,35.8411102295,-35.4221229553,13.1534786224,99.9962158203,7.99191427231,-1.15046918392,-5.82131290436,-0.627497434616,-4.81579399109],[-478.62701416,-15.2321538925,68.9102172852,16.5863323212,16.3173675537,22.2698612213,-8.24396038055,7.99191427231,132.994262695,31.0727462769,17.6242370605,9.77760124207,24.4501361847],[58.1754989624,-121.062355042,16.5847549438,20.561378479,-29.1794948578,68.5492553711,5.8468208313,-1.15046918392,31.0727462769,94.8444366455,26.6373653412,20.5532112122,2.03056502342],[-272.6434021,24.5033149719,-18.5488605499,-45.9421844482,5.1139087677,10.2934951782,23.7568073273,-5.82131290436,17.6242370605,26.6373653412,84.8454742432,31.1472930908,17.9965705872],[39.4934616089,-77.5616989136,4.19834566116,15.8187274933,-23.9585018158,41.4724655151,9.19183635712,-0.627497434616,9.77760124207,20.5532112122,31.1472930908,71.1870651245,34.8470153809],[-206.21534729,-18.7974338531,-23.4855918884,5.25586271286,5.64675951004,-12.9258594513,-3.77939033508,-4.81579399109,24.4501361847,2.03056502342,17.9965705872,34.8470153809,81.9069976807]],"icov":[[0.00042815960478,-0.00113872578368,0.0010948573472,-0.000954349292442,0.00146976171527,-0.00106177863199,0.00140079541598,-0.00100987195037,0.00110888609197,-0.00107701937668,0.0014024147531,-0.0012842498254,0.000862105109263],[-0.00113872578368,0.00423832517117,-0.00251369038597,0.0025650805328,-0.00436314102262,0.0031611204613,-0.00356430304237,0.00333713600412,-0.00337695283815,0.00418169703335,-0.00471123028547,0.0042053386569,-0.00179782218765],[0.0010948573472,-0.00251369038597,0.00430777203292,-0.00252438196912,0.00237309886143,-0.0027148835361,0.0035084686242,-0.0020738739986,0.00200205575675,-0.00262762000784,0.00407384382561,-0.00405548326671,0.00332248909399],[-0.000954349292442,0.0025650805328,-0.00252438196912,0.00542728137225,-0.00335129140876,0.0014582175063,-0.00176937668584,0.00166462839115,-0.00259172078222,0.00195799558423,-0.00108169193845,0.00190033903345,-0.00225446559489],[0.00146976171527,-0.00436314102262,0.00237309886143,-0.00335129140876,0.00994060561061,-0.0025456326548,0.00336136645637,-0.00462808972225,0.00382485613227,-0.00336153665558,0.0040600579232,-0.00272480235435,0.00159925385378],[-0.00106177863199,0.0031611204613,-0.0027148835361,0.0014582175063,-0.0025456326548,0.0081260772422,-0.00663894275203,0.00487863318995,-0.00382585055195,0.000435874128016,-0.00232937303372,0.000592909287661,0.0000094326251201],[0.00140079541598,-0.00356430304237,0.0035084686242,-0.00176937668584,0.00336136645637,-0.00663894275203,0.0126454243436,-0.00521454075351,0.00484835542738,-0.00225112703629,0.00249887979589,-0.00340612209402,0.00233434070833],[-0.00100987195037,0.00333713600412,-0.0020738739986,0.00166462839115,-0.00462808972225,0.00487863318995,-0.00521454075351,0.0143906194717,-0.00422208057716,0.00212185457349,-0.00184189586435,0.000904925807845,0.000443768396508],[0.00110888609197,-0.00337695283815,0.00200205575675,-0.00259172078222,0.00382485613227,-0.00382585055195,0.00484835542738,-0.00422208057716,0.0125655727461,-0.00560283893719,0.00210206536576,-0.00117534038145,-0.00170867831912],[-0.00107701937668,0.00418169703335,-0.00262762000784,0.00195799558423,-0.00336153665558,0.000435874128016,-0.00225112703629,0.00212185457349,-0.00560283893719,0.0191030744463,-0.0092049036175,0.00332545000128,-0.000502932758536],[0.0014024147531,-0.00471123028547,0.00407384382561,-0.00108169193845,0.0040600579232,-0.00232937303372,0.00249887979589,-0.00184189586435,0.00210206536576,-0.0092049036175,0.023770429194,-0.0130059709772,0.00295786024071],[-0.0012842498254,0.0042053386569,-0.00405548326671,0.00190033903345,-0.00272480235435,0.000592909287661,-0.00340612209402,0.000904925807845,-0.00117534038145,0.00332545000128,-0.0130059709772,0.0295023918152,-0.0128011461347],[0.000862105109263,-0.00179782218765,0.00332248909399,-0.00225446559489,0.00159925385378,0.0000094326251201,0.00233434070833,0.000443768396508,-0.00170867831912,-0.000502932758536,0.00295786024071,-0.0128011461347,0.0204080790281]],"mean":[-39.0693817139,90.3605880737,-136.727859497,30.8402614594,-63.4636001587,-7.16945552826,-34.2937507629,5.44036817551,-25.6803512573,-4.2451415062,-13.5671043396,-3.2927570343,-12.4331760406]},"hfc":{"dmean":4.65933561325,"dmean2":6.68424367905,"dvar":55.4497032166,"dvar2":105.931190491,"max":245.929550171,"mean":21.8889503479,"median":17.716342926,"min":1.07063376346e-16,"var":360.207305908},"melbands":{"dmean":[0.0000867644994287,0.000162476775586,0.000374010356609,0.000284617766738,0.000201248563826,0.000200553928153,0.000181413110113,0.000142634293297,0.000127481951495,0.0000830782737467,0.000100286430097,0.000078930730524,0.0000869933210197,0.0000533825732418,0.0000428486528108,0.0000310291616188,0.0000260791948676,0.0000301029849652,0.0000170350176631,0.0000118697744256,0.0000133369749165,0.0000133048515636,0.000014926368749,0.0000157210306497,0.00000850688502396,0.00000833096237329,0.00000823278969619,0.0000107109972305,0.00000417914816353,0.00000299884550259,0.00000288713181362,0.00000272478951047,0.00000168976873738,0.00000137712459036,0.00000122691994875,8.63395086981e-7,5.5339296523e-7,3.49359908114e-7,2.00870175604e-7,1.22381450751e-7],"dmean2":[0.000143085533637,0.000270545540843,0.000624891195912,0.000467439705972,0.000319871876854,0.000304192886688,0.000277566810837,0.000217983339098,0.000193800369743,0.000128144980408,0.000160845695063,0.000121408003906,0.000138495117426,0.000085320265498,0.0000672229507472,0.0000499354646308,0.0000408694941143,0.0000468538237328,0.0000259911794274,0.0000185977842193,0.0000217191245611,0.0000212498289329,0.0000243024187512,0.000025307856049,0.0000135216541821,0.0000133008506964,0.0000130961770992,0.0000172467352968,0.0000066785346462,0.00000471732255392,0.00000449352819487,0.00000410865141021,0.00000259655644186,0.00000205459286917,0.00000180625181656,0.0000012451986322,8.21522974093e-7,5.15522003752e-7,3.01872660202e-7,1.83642782758e-7],"dvar":[2.17527649227e-8,9.09372914748e-8,4.25974405971e-7,2.32317120208e-7,1.19803189591e-7,1.35815355407e-7,1.36645539328e-7,7.37100407378e-8,9.7675716404e-8,2.65596629134e-8,5.69581217746e-8,3.95232788719e-8,5.08972810565e-8,2.62514117111e-8,1.98808223217e-8,4.69019845184e-9,3.70638475466e-9,5.1168242976e-9,2.23619589512e-9,7.55655482632e-10,6.61931065515e-10,5.64993329899e-10,7.09956538003e-10,9.31480226285e-10,1.80309003839e-10,1.6985086948e-10,1.99039770776e-10,4.70580296952e-10,1.28393337628e-10,9.21738102511e-11,9.28641469278e-11,9.9034544454e-11,2.30673136842e-11,2.11519361054e-11,3.00858886415e-11,1.68290017338e-11,5.93152783834e-12,2.62172597e-12,8.23211182381e-13,1.28465705955e-13],"dvar2":[5.82101797875e-8,2.46393796033e-7,0.0000011480331068,5.95223525579e-7,3.08771063828e-7,2.77522332226e-7,3.31835309453e-7,1.78345018753e-7,2.42448749077e-7,6.42996340616e-8,1.62757885391e-7,8.52733563761e-8,1.23020598153e-7,6.36564791989e-8,5.06925168509e-8,1.19165033396e-8,8.06143418686e-9,1.16637979275e-8,4.51249215772e-9,1.72926084563e-9,1.62402058468e-9,1.39740075067e-9,1.90623072882e-9,2.46952081007e-9,4.52673815099e-10,4.25782464841e-10,4.6821119204e-10,1.15900633535e-9,3.19041182362e-10,2.01700947611e-10,1.89559604125e-10,2.19237544785e-10,4.63150455488e-11,4.43867859135e-11,6.55280205097e-11,2.81676418301e-11,1.17252171514e-11,5.43666283867e-12,1.8508642969e-12,2.76549806276e-13],"max":[0.00188748619985,0.00483014108613,0.00745016522706,0.0107572348788,0.00730324070901,0.0103008234873,0.0104174092412,0.00618004985154,0.0127428183332,0.00355598377064,0.00579322874546,0.00532482890412,0.00422642938793,0.0046427436173,0.00407678959891,0.001616504509,0.00164659251459,0.00192694424186,0.00164927984588,0.000660007179249,0.000503692834172,0.000535617058631,0.000506695010699,0.000505385920405,0.000216022774111,0.000222019021749,0.000379806180717,0.000377073913114,0.00030543396133,0.000313265481964,0.000285125599476,0.000345831271261,0.000149308907567,0.000165805817232,0.000253553240327,0.000210331083508,0.0000881363375811,0.0000629284986644,0.0000436520749645,0.000012099214473],"mean":[0.000160336407134,0.000328059715685,0.000585157249589,0.00052663864335,0.00043713406194,0.000431020132964,0.000355179887265,0.000289991032332,0.000264861620963,0.000164066586876,0.00018158047169,0.000155454865308,0.000144339341205,0.000089841632871,0.0000743604396121,0.0000557662860956,0.0000468735852337,0.0000528802374902,0.0000331074479618,0.0000247694533755,0.0000263073507085,0.0000279198266071,0.0000312226766255,0.0000323724161717,0.0000204113021027,0.0000195259053726,0.000019839280867,0.0000228534754569,0.00000804547107691,0.00000553089330424,0.0000054229176385,0.00000490783168061,0.00000313032910526,0.00000259593230112,0.00000217553747461,0.00000154124165874,9.87421458376e-7,5.90077888774e-7,3.54897878196e-7,2.21913097675e-7],"median":[0.0000988803294604,0.000227810087381,0.000332261493895,0.000309203984216,0.000271762721241,0.000195426429855,0.00015548671945,0.000140251242556,0.0000985754304565,0.0000693055626471,0.0000634877796983,0.0000430396357842,0.0000286111935566,0.0000216053595068,0.0000190167520486,0.0000169209233718,0.0000140856864164,0.000017486343495,0.0000108022541099,0.0000078576085798,0.0000140417014336,0.000014157849364,0.0000140716620081,0.0000158236689458,0.0000125078131532,0.000012044277355,0.0000105968501884,0.00000834844104247,0.00000365667551705,0.00000221974278247,0.00000159570083724,0.0000012960906588,0.00000101433965938,8.42866825224e-7,6.94886580277e-7,4.44867907845e-7,2.86450926978e-7,1.52644645368e-7,1.09556097527e-7,6.85370906695e-8],"min":[1.21533192957e-24,7.37290504049e-25,1.79156484412e-24,1.23487694458e-24,1.12342766196e-24,1.35726417807e-24,1.50493243143e-24,1.41692089656e-24,1.85639520825e-24,2.48048377797e-24,2.83554198559e-24,3.56812989256e-24,2.58698650828e-24,2.371475231e-24,3.12346122763e-24,2.40298371606e-24,2.51455014452e-24,2.92286947944e-24,3.14125161877e-24,3.87037642637e-24,4.31040895576e-24,3.90447809444e-24,3.68433975352e-24,3.53272699843e-24,4.4352343611e-24,5.09571525374e-24,3.73836647034e-24,5.68525822392e-24,4.88758929226e-24,4.1747797059e-24,5.16254912736e-24,5.01681220271e-24,6.32967396423e-24,5.60771595795e-24,4.66078152682e-24,7.48965369345e-24,6.88215743236e-24,4.78781179838e-24,6.17694497095e-24,6.07861858671e-24],"var":[3.78791220612e-8,1.37648115128e-7,6.01795704824e-7,4.96182565257e-7,3.11391204377e-7,5.19481432093e-7,3.50799723492e-7,1.77215227382e-7,3.06217202706e-7,7.40263104149e-8,1.23620750969e-7,1.31394259029e-7,1.08696198708e-7,5.7685060284e-8,4.09775431365e-8,1.215923362e-8,8.50465298186e-9,1.09361630862e-8,5.96644511575e-9,2.31500485448e-9,1.64006164205e-9,1.50672663235e-9,2.09423101083e-9,2.27347096704e-9,6.09389427808e-10,5.46313050354e-10,7.70085550883e-10,1.56543245033e-9,1.97592942008e-10,1.58982049747e-10,2.26986013319e-10,2.54304438618e-10,5.58802518147e-11,4.99122826403e-11,5.82304343633e-11,4.43719956611e-11,1.45173126992e-11,5.36907410892e-12,1.46288840416e-12,2.76457676196e-13]},"melbands_crest":{"dmean":2.77234244347,"dmean2":4.53538751602,"dvar":7.1451420784,"dvar2":18.3182888031,"max":37.1001853943,"mean":11.06985569,"median":10.1390705109,"min":1.53269457817,"var":26.2548599243},"melbands_flatness_db":{"dmean":0.0178442727774,"dmean2":0.0272705499083,"dvar":0.000360596139217,"dvar2":0.00074217497604,"max":0.377691358328,"mean":0.162437483668,"median":0.151297777891,"min":0.00297782733105,"var":0.00426104431972},"melbands_kurtosis":{"dmean":3.15096354485,"dmean2":5.04488229752,"dvar":55.8420829773,"dvar2":150.0390625,"max":263.168273926,"mean":6.48224639893,"median":3.38389110565,"min":-1.86715364456,"var":143.087799072},"melbands_skewness":{"dmean":0.459982812405,"dmean2":0.719630181789,"dvar":0.274043828249,"dvar2":0.654872357845,"max":14.7422819138,"mean":1.90225255489,"median":1.71066951752,"min":-1.44142794609,"var":1.60002791882},"melbands_spread":{"dmean":7.77116155624,"dmean2":12.0963964462,"dvar":119.909233093,"dvar2":237.099319458,"max":210.211517334,"mean":34.2587966919,"median":28.9758262634,"min":2.75005865097,"var":609.394592285},"mfcc":{"cov":[[15043.3955078,832.436462402,-362.860198975,91.6274261475,-563.188781738,549.707397461,-223.115066528,26.9738998413,-122.171173096,6.22297763824,-86.3930587769,146.014801025,79.8527450562],[832.436462402,1612.40429688,-223.486572266,156.249206543,69.6050262451,-208.87071228,10.2330789566,7.07056331635,-81.9297866821,-5.72683334351,-6.03793859482,-68.1543045044,-29.4745101929],[-362.860198975,-223.486572266,507.880493164,42.9564857483,77.3430862427,114.502082825,-20.4030284882,6.624812603,44.5153160095,-21.6684360504,20.9644508362,52.5225219727,10.7701663971],[91.6274261475,156.249206543,42.9564857483,340.412261963,132.830688477,-80.5010147095,-23.5807094574,-7.23010492325,22.0177326202,-7.49464416504,-24.8876533508,-40.0927810669,0.0868340134621],[-563.188781738,69.6050262451,77.3430862427,132.830688477,239.219833374,-34.9992790222,-33.2499580383,-8.68803596497,26.5102729797,1.82449817657,-10.9741697311,-10.8972015381,9.89220428467],[549.707397461,-208.87071228,114.502082825,-80.5010147095,-34.9992790222,272.369171143,38.4640579224,22.8410568237,30.3188400269,-2.34166932106,36.12084198,53.7861442566,7.77925109863],[-223.115066528,10.2330789566,-20.4030284882,-23.5807094574,-33.2499580383,38.4640579224,158.473236084,40.162109375,-6.49943828583,-11.0628614426,33.7861099243,-0.361206769943,-29.3708496094],[26.9738998413,7.07056331635,6.624812603,-7.23010492325,-8.68803596497,22.8410568237,40.162109375,94.3110580444,22.9580211639,3.11548638344,12.1827993393,3.92532062531,-1.84352791309],[-122.171173096,-81.9297866821,44.5153160095,22.0177326202,26.5102729797,30.3188400269,-6.49943828583,22.9580211639,88.223487854,15.9888162613,-0.410140156746,11.8855419159,8.15878105164],[6.22297763824,-5.72683334351,-21.6684360504,-7.49464416504,1.82449817657,-2.34166932106,-11.0628614426,3.11548638344,15.9888162613,72.280670166,20.7995433807,-3.48850774765,-3.91992712021],[-86.3930587769,-6.03793859482,20.9644508362,-24.8876533508,-10.9741697311,36.12084198,33.7861099243,12.1827993393,-0.410140156746,20.7995433807,88.628074646,24.1752948761,-11.8624258041],[146.014801025,-68.1543045044,52.5225219727,-40.0927810669,-10.8972015381,53.7861442566,-0.361206769943,3.92532062531,11.8855419159,-3.48850774765,24.1752948761,88.2814788818,39.3943214417],[79.8527450562,-29.4745101929,10.7701663971,0.0868340134621,9.89220428467,7.77925109863,-29.3708496094,-1.84352791309,8.15878105164,-3.91992712021,-11.8624258041,39.3943214417,83.768196106]],"icov":[[0.000113584428618,-0.0000865999318194,0.000111317298433,-0.000249114906183,0.000344879546901,-0.000411053857533,0.000315409299219,-0.000123098216136,0.000223101538722,-0.0000996387316263,0.000223757728236,-0.00026670738589,0.0000832468285807],[-0.0000865999318194,0.000843367772177,0.000190450053196,-0.000105498591438,-0.000464785494842,0.000661157595459,-0.000239419401623,-0.000243050264544,0.000491589540616,0.000140535179526,-0.00037728404277,0.00019246712327,0.0000738704911782],[0.000111317298433,0.000190450053196,0.00281328079291,-0.000689121196046,-0.000482752395328,-0.00128979200963,0.000975077156909,-0.000297956779832,-0.000243860922637,0.00103121576831,-0.000326139648678,-0.00149206107017,0.00083952199202],[-0.000249114906183,-0.000105498591438,-0.000689121196046,0.00487864809111,-0.00258803390898,0.00172255653888,-0.000871659663972,0.000552965619136,-0.00172647170257,0.000847500574309,-0.000422899436671,0.00229590432718,-0.000795691856183],[0.000344879546901,-0.000464785494842,-0.000482752395328,-0.00258803390898,0.00689093116671,-0.000870824616868,0.00146690011024,0.00009367565508,-0.000576262536924,-0.000510934973136,0.000486461009132,-0.000339091231581,-0.000383469392546],[-0.000411053857533,0.000661157595459,-0.00128979200963,0.00172255653888,-0.000870824616868,0.00683441571891,-0.00212947255932,0.000179396331077,-0.00204408005811,0.000677478732541,-0.00166435481515,-0.000723096251022,-0.000150865293108],[0.000315409299219,-0.000239419401623,0.000975077156909,-0.000871659663972,0.00146690011024,-0.00212947255932,0.00975157599896,-0.00373224075884,0.0013537624618,0.00217129895464,-0.00225522345863,-0.000751465733629,0.00285591231659],[-0.000123098216136,-0.000243050264544,-0.000297956779832,0.000552965619136,0.00009367565508,0.000179396331077,-0.00373224075884,0.013354677707,-0.00426144944504,-0.0000079743031165,-0.00085430330364,0.00107319094241,-0.00118385488167],[0.000223101538722,0.000491589540616,-0.000243860922637,-0.00172647170257,-0.000576262536924,-0.00204408005811,0.0013537624618,-0.00426144944504,0.0157917514443,-0.00417175889015,0.00239885877818,-0.00236323801801,0.000349982525222],[-0.0000996387316263,0.000140535179526,0.00103121576831,0.000847500574309,-0.000510934973136,0.000677478732541,0.00217129895464,-0.0000079743031165,-0.00417175889015,0.0174019820988,-0.00605194224045,0.00250463071279,-0.0000447319216619],[0.000223757728236,-0.00037728404277,-0.000326139648678,-0.000422899436671,0.000486461009132,-0.00166435481515,-0.00225522345863,-0.00085430330364,0.00239885877818,-0.00605194224045,0.0168713498861,-0.00648089265451,0.00390404067002],[-0.00026670738589,0.00019246712327,-0.00149206107017,0.00229590432718,-0.000339091231581,-0.000723096251022,-0.000751465733629,0.00107319094241,-0.00236323801801,0.00250463071279,-0.00648089265451,0.0208477992564,-0.00999588891864],[0.0000832468285807,0.0000738704911782,0.00083952199202,-0.000795691856183,-0.000383469392546,-0.000150865293108,0.00285591231659,-0.00118385488167,0.000349982525222,-0.0000447319216619,0.00390404067002,-0.00999588891864,0.0180293247104]],"mean":[-658.381896973,116.0676651,-18.9393177032,30.2782268524,-11.3028945923,-8.40198993683,-4.82714748383,2.18922138214,-9.45189094543,1.1660926342,-3.97476053238,-4.21119785309,-3.78038239479]},"pitch_salience":{"dmean":0.0559307858348,"dmean2":0.0900817066431,"dvar":0.00257183914073,"dvar2":0.00657995371148,"max":0.83211928606,"mean":0.593864798546,"median":0.605125248432,"min":0.0726350024343,"var":0.0108762923628},"silence_rate_20dB":{"dmean":0,"dmean2":0,"dvar":0,"dvar2":0,"max":1,"mean":1,"median":1,"min":1,"var":0},"silence_rate_30dB":{"dmean":0,"dmean2":0,"dvar":0,"dvar2":0,"max":1,"mean":1,"median":1,"min":1,"var":0},"silence_rate_60dB":{"dmean":0.00876357406378,"dmean2":0.0175304878503,"dvar":0.0086863161996,"dvar2":0.0198897272348,"max":1,"mean":0.12438095361,"median":0,"min":0,"var":0.10891290009},"spectral_centroid":{"dmean":248.375350952,"dmean2":382.912658691,"dvar":109712.9375,"dvar2":222887.078125,"max":11635.2714844,"mean":1894.00585938,"median":1780.3190918,"min":289.33303833,"var":1730089},"spectral_complexity":{"dmean":3.08630204201,"dmean2":4.81097555161,"dvar":11.8935031891,"dvar2":25.0897483826,"max":55,"mean":21.7177143097,"median":22,"min":0,"var":134.642364502},"spectral_contrast_coeffs":{"dmean":[0.0472350381315,0.0431534573436,0.0360321067274,0.0295983031392,0.0214811004698,0.0160668548197],"dmean2":[0.0784297436476,0.0701680034399,0.0584432855248,0.0472559556365,0.0343348793685,0.025503795594],"dvar":[0.00158458482474,0.00123585329857,0.000873338547535,0.000605242326856,0.000363300554454,0.000256808591075],"dvar2":[0.00435500917956,0.00319502479397,0.00228905002587,0.00146189180668,0.000836535182316,0.000579088635277],"max":[-0.303083211184,-0.427992582321,-0.507497787476,-0.563574433327,-0.576877593994,-0.562978327274],"mean":[-0.61739897728,-0.730957090855,-0.753564476967,-0.762731194496,-0.760592997074,-0.74106657505],"median":[-0.615064501762,-0.732819676399,-0.757546126842,-0.76159965992,-0.758115887642,-0.733798623085],"min":[-0.981139421463,-0.99114471674,-0.976875782013,-0.989230036736,-0.982716977596,-0.96483874321],"var":[0.00936522893608,0.00615664385259,0.005015458446,0.004341466818,0.00290831318125,0.00306677352637]},"spectral_contrast_valleys":{"dmean":[0.38449344039,0.303031086922,0.277586787939,0.266623675823,0.219355195761,0.24933925271],"dmean2":[0.635133981705,0.496922373772,0.451922446489,0.422633320093,0.328848451376,0.335930585861],"dvar":[0.143363967538,0.0993729680777,0.0884661525488,0.0921285822988,0.08917927742,0.124076008797],"dvar2":[0.320283204317,0.21102976799,0.176437139511,0.180576458573,0.152211204171,0.208895772696],"max":[-6.07302236557,-5.01083230972,-5.40594244003,-6.04886198044,-5.7502450943,-7.74736499786],"mean":[-8.2516784668,-7.04400157928,-7.74487495422,-8.31743431091,-7.81355571747,-10.8816328049],"median":[-7.57444143295,-6.42259597778,-7.18955230713,-7.75775909424,-7.22531509399,-10.3741340637],"min":[-28.3384113312,-28.2022361755,-27.8785495758,-27.5898399353,-27.494594574,-27.4072875977],"var":[7.4202337265,8.07175922394,7.7504196167,7.44279670715,7.66780948639,5.80532836914]},"spectral_decrease":{"dmean":1.04168262904e-9,"dmean2":1.58401880501e-9,"dvar":1.41159178033e-18,"dvar2":3.41875670363e-18,"max":2.17476611173e-28,"mean":-4.68342875592e-9,"median":-4.62905180854e-9,"min":-1.7351711179e-8,"var":8.3305921973e-18},"spectral_energy":{"dmean":0.00422325264663,"dmean2":0.00639547081664,"dvar":0.0000229504148592,"dvar2":0.0000549464821233,"max":0.0703339502215,"mean":0.0196617208421,"median":0.0194225162268,"min":9.81313360461e-21,"var":0.00014624040341},"spectral_energyband_high":{"dmean":0.000422178709414,"dmean2":0.000616511853877,"dvar":0.00000116936575978,"dvar2":0.00000214600709114,"max":0.0373326055706,"mean":0.00104446930345,"median":0.000428477127571,"min":6.70512160249e-21,"var":0.0000039146416384},"spectral_energyband_low":{"dmean":0.000870763906278,"dmean2":0.00142165564466,"dvar":0.00000194160702449,"dvar2":0.00000500217129229,"max":0.0218356121331,"mean":0.00199167313986,"median":0.00149429682642,"min":1.11826768334e-23,"var":0.0000041919929572},"spectral_energyband_middle_high":{"dmean":0.0017371136928,"dmean2":0.00263455067761,"dvar":0.00000780367372499,"dvar2":0.0000186803936231,"max":0.0577138662338,"mean":0.0067712883465,"median":0.00431721610948,"min":1.17194448355e-21,"var":0.0000498601038998},"spectral_energyband_middle_low":{"dmean":0.00329702883027,"dmean2":0.00512700853869,"dvar":0.0000153650671564,"dvar2":0.0000381906029361,"max":0.0649468302727,"mean":0.0105698369443,"median":0.00944645889103,"min":1.81683085196e-22,"var":0.0000588563234487},"spectral_entropy":{"dmean":0.120187282562,"dmean2":0.174197182059,"dvar":0.0188204906881,"dvar2":0.0353970229626,"max":9.8160610199,"mean":7.54425668716,"median":7.60754680634,"min":5.77065563202,"var":0.272550821304},"spectral_flux":{"dmean":0.0141927106306,"dmean2":0.0222370233387,"dvar":0.000231370446272,"dvar2":0.000537355372217,"max":0.208194807172,"mean":0.0666243731976,"median":0.067121848464,"min":6.44493139412e-11,"var":0.00122612516861},"spectral_kurtosis":{"dmean":1.64641964436,"dmean2":2.85338282585,"dvar":4.04531288147,"dvar2":11.9738073349,"max":40.9526901245,"mean":4.54636573792,"median":3.66788911819,"min":-1.26067018509,"var":12.4118537903},"spectral_rms":{"dmean":0.000451891013654,"dmean2":0.00067334837513,"dvar":2.30053203154e-7,"dvar2":5.2062262057e-7,"max":0.0082836272195,"mean":0.0040479185991,"median":0.00435302127153,"min":3.09415405624e-12,"var":0.00000279645519186},"spectral_rolloff":{"dmean":462.365783691,"dmean2":763.239135742,"dvar":534475.6875,"dvar2":1069344.625,"max":19573.6816406,"mean":2332.7331543,"median":2002.58789062,"min":21.533203125,"var":5611368},"spectral_skewness":{"dmean":0.204443499446,"dmean2":0.335235804319,"dvar":0.0461844950914,"dvar2":0.117650017142,"max":4.84531450272,"mean":1.29317748547,"median":1.22028398514,"min":-0.0749609917402,"var":0.253798186779},"spectral_spread":{"dmean":329538.9375,"dmean2":495573.65625,"dvar":513207664640,"dvar2":1070547927040,"max":42824184,"mean":4315527.5,"median":3561228,"min":1516701,"var":21101920911400},"spectral_strongpeak":{"dmean":0.653460681438,"dmean2":1.10437572002,"dvar":1.00560891628,"dvar2":2.5717124939,"max":12.063202858,"mean":1.29262423515,"median":0.864604949951,"min":0,"var":1.87798321247},"zerocrossingrate":{"dmean":0.00875789951533,"dmean2":0.010388164781,"dvar":0.000161581367138,"dvar2":0.000219620371354,"max":0.52392578125,"mean":0.078429594636,"median":0.06982421875,"min":0,"var":0.00369668612257}},"metadata":{"audio_properties":{"analysis_sample_rate":44100,"bit_rate":0,"codec":"flac","downmix":"mix","equal_loudness":0,"length":121.866668701,"lossless":true,"md5_encoded":"a4762d4f712d2b116845a200c10fedb2","replay_gain":-10.4575252533,"sample_rate":44100},"tags":{"acoustid_fingerprint":["AQADtJmSJVmyxIHCU8gPqu4xz8Pz491xPEUsq4N-VNEN9zL-FMdv4DpOtEyC44-hVLyCU8_AxEcpscUb44nAB1d5PNuDPKGRZ4ZfPAekKVmp4NkUBxV1oSfqHbZmXFMkNJzwRxh1yFp9RJIUHU1PPAPDvIb3Y0q34wkT_CXe7biO_vCUHsk1HiEz0vjxJ8H-4QcfHo_wLJswd0GcSxk00amOtEl29CeGf_hSsIof4VJwWcf1aBGuE_2H5Eca6WCmRB9xd8P-4id-ovbRhPGO3FECMSduHc9zY7_AJ08x6QsalQ-OmDpRZpVh44-M_Dn0SGhyPOaOfCOe40fOCJrcMUgVf_hy9Dp-YzzeB6dzJDuRbtfxB_mgXoQW_eCEfIsT4VKLJo-OD9fhLTiP0M-QnDnxSGMC1gnOqzgugpH6oGF0IY92JO-i4hTuM_jxLcUTSXB2kHmcYPyL5MjjFjdeo1WOJlS54Exy41qIjkETyeGwH-8TIVHOI8wj42JHPCme7yh7NMHJ4Fqig0WeHYoSXiLCX0S_WNi-EN-JM5EGTzva42mJpD7yHLyPz8e5o2Gkoz9if5C9IxROPEcbHzz6w5NzHNyPZxfCW_gOXpzQBz6heTuu5_jx58b1ofRhJwus0of2IF8yg5m2wzscM0av4zfyQLs4RNvRhxXuSEF9mCemLXxQLcqOMKN26ESkj2jeSniy8LjC69hf9EZzJuD34nmDM0l4XMKU_OhenEd-JO-Dj0evFvfQY5-S4Il0HMkvRModoT_OH4-PZlLwHc0cRXiiGd-Dh6KQHxqPMBwdPDuuWHhu7MWHf8T_BMnW6Qhz_Lh4eEm20MOPe9hOnFLwZTvyaTl0HWF2o1dK4jza5XDwB02VE2uZRhPyi9BkGZmq6PBxh2jOirgO7sR5RNIH14ePdEfLCNfRB8124-HRE1OerEiOLFaMV8eXH18SD8mPUHkO9sRjZ3gUotmCadFw80jOIAyn4050NE1o4Uou_AmFRj_KxMfj4-KGykfCI43CRURJeviORow2VE-C5kF5vBueHA0m6xKOKuaPJpuPZt4k1E0NHR9-oX8Cf8Tz5Ki06Lhy5EjqsEFPsaAUolp01Jl05D-S9xTeiMKbPAVVCR_K8hhJOXiyEc16JEeYYGaP71zwXAn6wWeOx7iyB5cROj6S_AoepcKNU0fySkeYox4-HdciNM5xabkKn0d4yE9k5MSj6Bil5MV1aXDO4f1xHU9yZFdIItlpNLSOW3gY_MWeB7WuCFNigvxxXOLxJLmO-Xgq_MWTj8L1CVUWLZjCiBueFvkDPQjD9SiVZDl26uhJNMcpRUWf8Ggu7Ik6nNKh5Si7Dj_m44yKpkf34KyOJ50SfDMuJiKaH-GRPMOxPwWfY0odnGgSXL8RnTnqKG_ApMfRp5iy7sgz5DncPQl-oYPDo8-O5HEiTJxy-MaPM32IO0-C58QPPzqchugqIhtrJMtzocw34jymVzgeZehz1BecE_1xH_ECjQtThAktDaN1_OAd5HeRXBKmH98ML4mMCq8MXwrxQRWPJxoX_OgPzyr6DftSXCWaijF64s6lFPkPzQqiSTpKLbhc_DPu43mOO0HzrDhPfEfIF_ovxBJ-NAlDop9wScfbHT6HR8OP6YouhJl36NwRcsfVp-iSBzeqH66D6cKjBZeT47GLH8muZSPCxMQzHM3y4wwZBU1FEh_eYboyNJ