{"lowlevel":{"average_loudness":0.278085589409,"barkbands":{"dmean":[0.00376372411847,0.013280547224,0.00692760013044,0.00219615292735,0.00229477882385,0.000815929379314,0.000351307302481,0.000175785622559,0.000230384088354,0.000103423088149,0.0000546217124793,0.0000798391120043,0.0000645413820166,0.0000715103960829,0.0000884787805262,0.000114769281936,0.0000788793695392,0.0000574630466872,0.0000413721318182,0.000158114940859,0.0000975078582997,0.0000233154933085,0.0000085599394879,0.00000368358246305,0.00000308175731334,0.00000490503634865,0.0000574374862481],"dmean2":[0.00642839772627,0.0208117756993,0.0111780138686,0.00351580162533,0.00359063479118,0.00123841664754,0.000541368906852,0.000276258098893,0.000364078296116,0.000163233547937,0.0000860524232849,0.000128963481984,0.0000987708481262,0.000112300549517,0.000135742579005,0.000173849985003,0.000115219831059,0.0000835107857711,0.0000588061302551,0.00022371619707,0.000139932570164,0.0000337908895744,0.0000132746417876,0.00000618210560788,0.000005255376891,0.00000773065494286,0.0000786760574556],"dvar":[0.0000395495990233,0.000801368383691,0.00050875445595,0.0000371154965251,0.0000484041192976,0.0000117862546176,0.00000156427370257,8.83993948264e-7,0.0000030594992495,1.58494998459e-7,6.29137062447e-8,2.93964859566e-7,2.19018957637e-7,0.00000149049560605,4.02394391585e-7,0.00000101543685105,4.09429986803e-7,2.74190881555e-7,1.74701824562e-7,0.00000629262149232,0.0000013749934169,2.12827142576e-8,1.6125841773e-9,9.86564302474e-11,5.08645660313e-11,1.94470495263e-10,1.91293054286e-7],"dvar2":[0.000104680533696,0.00224469648674,0.00158751662821,0.0000860398940858,0.000106756742753,0.0000246488398261,0.00000326909434989,0.0000017010800093,0.00000581527410759,3.70892337287e-7,1.22816643966e-7,7.8415371263e-7,4.33074319517e-7,0.00000349741526406,8.68422887379e-7,0.00000223088750317,8.55131361277e-7,6.08201560226e-7,3.39997058063e-7,0.0000134127512865,0.00000242745932155,4.43323706634e-8,3.55899598681e-9,2.56599186343e-10,1.40827349782e-10,4.28249796736e-10,3.4159913298e-7],"max":[0.17996764183,0.665065288544,0.639462590218,0.303929328918,0.209772869945,0.14112970233,0.0482388101518,0.0494565293193,0.12252612412,0.0176508389413,0.0127229057252,0.0413254164159,0.0325980633497,0.101606629789,0.026989357546,0.0577176958323,0.0322291254997,0.0258665513247,0.0270761139691,0.244157552719,0.0892938151956,0.00536623969674,0.00133106845897,0.00035748819937,0.000163573931786,0.00046818939154,0.0322030894458],"mean":[0.00508988415822,0.0223407745361,0.012929148972,0.00330047030002,0.00351385399699,0.00124513765331,0.000558625266422,0.000228059405345,0.00040456597344,0.000165118370205,0.0000739828756195,0.000110818764369,0.0000819271517685,0.0000753398562665,0.000110139015305,0.000140948526678,0.0000991217311821,0.0000690429151291,0.0000504550735059,0.000199201662326,0.000120687938761,0.000030125513149,0.0000106479510578,0.00000378635036213,0.00000303921228806,0.0000060190250224,0.0000881633750396],"median":[0.00288599426858,0.0110087767243,0.00292732636444,0.00133043166716,0.00113222992513,0.000369037152268,0.000151226558955,0.0000591782300035,0.0000791214552009,0.0000369400513591,0.0000141546370287,0.0000216384942178,0.00000897158861335,0.00000814650957182,0.00000691217019266,0.00000430160889664,0.00000308072048938,0.00000250326820606,0.00000214166607293,0.00000243045633397,0.00000232739785133,0.00000191437993635,0.00000141788473229,0.00000101519390228,9.88784677247e-7,0.00000179906976427,0.0000122581077449],"min":[4.76418060222e-23,3.68668969128e-23,9.00877733813e-24,8.83749039206e-24,3.18785318231e-23,5.93052123246e-23,3.51549788183e-24,6.01676581751e-23,5.83947280005e-23,2.23687934159e-22,1.09848287829e-22,1.04508204371e-22,5.61625356287e-23,8.67380838065e-23,4.97855102886e-23,8.05785505735e-23,1.75754549369e-22,1.42370284026e-22,3.28445027301e-22,4.69764270922e-22,4.88415719512e-22,6.08417846259e-22,7.18739223439e-22,8.58449796659e-22,1.00742460089e-21,1.76527996563e-21,2.23566038109e-21],"var":[0.000057931712945,0.00153488409705,0.00106029887684,0.0000587594222452,0.0000889186558197,0.0000218195309571,0.00000355950919584,0.0000014298266251,0.00000479776372231,4.14177378616e-7,1.49924858306e-7,3.18640900332e-7,3.94858261643e-7,0.00000157503825449,6.30291594916e-7,0.00000142495935052,7.16686145097e-7,4.0863187678e-7,2.87434119173e-7,0.00000968876156549,0.00000259508806266,3.74095812106e-8,2.70396682822e-9,1.12072011393e-10,4.8059303065e-11,3.32200739139e-10,4.39287106246e-7]},"barkbands_crest":{"dmean":3.14220571518,"dmean2":5.07638406754,"dvar":6.73587322235,"dvar2":17.8910312653,"max":26.8993778229,"mean":13.7699365616,"median":13.4224338531,"min":3.53524899483,"var":16.2098064423},"barkbands_flatness_db":{"dmean":0.0533020086586,"dmean2":0.0868756845593,"dvar":0.00192459835671,"dvar2":0.00564764253795,"max":0.581207513809,"mean":0.274934411049,"median":0.272605001926,"min":0.0317079685628,"var":0.00574259227142},"barkbands_kurtosis":{"dmean":23.7543716431,"dmean2":38.7633781433,"dvar":4763.85742188,"dvar2":8325.70507812,"max":5682.75439453,"mean":45.3296432495,"median":32.9521903992,"min":-1.78899347782,"var":7761.15576172},"barkbands_skewness":{"dmean":1.37242794037,"dmean2":2.19917535782,"dvar":1.94038069248,"dvar2":4.39927864075,"max":72.4762191772,"mean":4.26600694656,"median":4.01914691925,"min":-2.20443940163,"var":5.24134540558},"barkbands_spread":{"dmean":2.79451823235,"dmean2":4.36426258087,"dvar":41.7168922424,"dvar2":81.0953369141,"max":115.512016296,"mean":5.90659332275,"median":3.12099504471,"min":0.06845343858,"var":114.598297119},"dissonance":{"dmean":0.0318330414593,"dmean2":0.0534711331129,"dvar":0.000922883511521,"dvar2":0.00256585865282,"max":0.500000119209,"mean":0.446518719196,"median":0.455830216408,"min":0.14403668046,"var":0.00173680251464},"dynamic_complexity":3.19410037994,"erbbands":{"dmean":[0.377686142921,3.18629002571,8.29980659485,7.12788248062,7.46887207031,7.57785320282,6.79781532288,7.25908851624,4.94619750977,5.24162960052,3.78106403351,5.78278827667,3.24379825592,2.85981178284,2.40753221512,3.2067232132,2.76759076118,3.51292729378,3.92486381531,5.14339017868,6.34412813187,4.28449630737,3.25625538826,2.07379865646,3.13917779922,7.94523620605,6.09611797333,2.00451850891,0.911305963993,0.501557350159,0.202930033207,0.0977211222053,0.0522799938917,0.0345749221742,0.0218938551843,0.0129079604521,0.00953128002584,0.0111706145108,0.0107416398823,0.00196367525496],"dmean2":[0.595756292343,4.99686813354,13.4938831329,10.9869937897,12.139588356,11.7182369232,10.3719005585,11.1406373978,7.72125673294,7.86495351791,5.73153829575,9.20601081848,5.1897110939,4.50725889206,3.77973079681,5.08140897751,4.23568153381,5.58091831207,5.89639902115,7.65660619736,9.69058513641,6.29027557373,4.69830083847,2.96200275421,4.14911842346,11.6885814667,8.78695106506,2.84264421463,1.30532157421,0.740441083908,0.306486427784,0.158885642886,0.0887966230512,0.0590654909611,0.0372466444969,0.0217355489731,0.0148678477854,0.0158426873386,0.015033823438,0.00284469127655],"dvar":[0.336149722338,62.2921218872,906.175170898,295.759185791,366.296936035,900.273132324,817.143676758,1064.00939941,355.627380371,459.379699707,558.486633301,1820.67407227,200.109985352,95.2116088867,127.83795166,551.720458984,245.597244263,3876.87548828,1420.32507324,1107.00720215,3886.49780273,1243.21044922,900.49822998,258.320953369,1132.34411621,20586.9179688,5536.22509766,391.285491943,33.3099327087,7.66605854034,0.702474355698,0.0992373526096,0.0147190587595,0.00673115439713,0.00244142767042,0.000792973849457,0.00081586628221,0.00368127133697,0.0115521010011,0.0000317721969623],"dvar2":[0.823749899864,183.179351807,2937.11474609,687.768676758,863.304260254,1998.42602539,1451.77636719,2307.35180664,849.808044434,801.821228027,987.539489746,3546.34643555,449.830291748,223.694595337,264.807952881,1414.23461914,495.676239014,9936.76074219,3153.26611328,2067.34692383,8910.02050781,2561.71850586,1995.22790527,490.674041748,1564.55932617,47399.3164062,10730.8544922,614.237487793,66.1223373413,15.4198198318,1.43972599506,0.232712939382,0.0404534637928,0.0185879673809,0.00677938200533,0.00216705561616,0.00174546078779,0.00638978322968,0.0215418804437,0.0000570134652662],"max":[12.8241300583,199.532516479,872.702392578,747.425109863,496.831604004,1076.7713623,1891.68261719,1580.00598145,792.030578613,856.46307373,1296.06445312,2965.42529297,579.07043457,343.176696777,636.737304688,1936.50158691,837.158752441,5157.17822266,1997.19921875,1930.45007324,4019.74145508,1782.47570801,1617.52416992,761.866333008,2954.56005859,13945.4296875,4703.32958984,1518.83813477,220.699539185,128.733184814,28.3719558716,11.5327730179,2.71652936935,2.26857352257,1.15333592892,0.638835072517,0.983389258385,3.22360706329,7.09009790421,0.447760850191],"mean":[0.610866546631,5.2225112915,15.4960689545,12.7272062302,11.3682060242,10.462469101,10.2035036087,10.7722740173,7.710272789,8.25573825836,5.42388963699,10.6933526993,5.30980300903,4.64980459213,3.72951555252,4.55547809601,3.77490496635,3.83968567848,4.71703672409,6.82017660141,7.76561880112,5.5321521759,3.90594220161,2.63151454926,4.15713214874,9.73981380463,7.69291591644,2.59188961983,1.18101215363,0.648459374905,0.250898897648,0.108087651432,0.0514780431986,0.033732701093,0.021933959797,0.0135821560398,0.0118993725628,0.0158393494785,0.0156274419278,0.00563793303445],"median":[0.364416122437,2.2048201561,3.59848928452,5.26593160629,4.43041229248,3.01373434067,2.95338749886,2.96209955215,2.24926137924,1.87787163258,1.5036509037,1.85832190514,1.36854887009,1.08475327492,0.826580405235,0.862726449966,0.516888141632,0.461299777031,0.355637907982,0.336525440216,0.22709184885,0.179562017322,0.144952923059,0.118143305182,0.114440992475,0.116011299193,0.103030189872,0.0860466063023,0.0705511346459,0.0530082769692,0.0383727774024,0.0246274843812,0.0153624583036,0.0106910131872,0.0073792245239,0.00489305332303,0.00351016176865,0.00222639460117,0.00145246495958,0.00404248014092],"min":[1.23883847467e-21,7.86059234793e-21,1.20755355878e-20,2.36956743211e-20,5.90267554818e-20,1.39370175069e-19,2.08173882274e-19,5.60814910228e-19,1.65956858556e-19,3.50565244057e-19,1.45378740075e-18,1.64135722209e-18,5.07064197037e-18,6.37889180203e-18,2.93709088051e-18,5.42892036344e-18,2.8496219074e-18,4.07184991844e-18,2.90028609954e-18,2.98367851979e-18,5.61720486884e-18,9.9547207982e-18,8.59184230453e-18,1.69500672974e-17,1.27652141675e-17,2.00204757044e-17,3.05068676685e-17,1.22788733263e-17,2.27196256002e-17,1.66217526948e-17,2.301846114e-17,1.57807664378e-17,1.58272672231e-17,1.15712343744e-17,7.53226695324e-18,4.77589394347e-18,3.64997994782e-18,1.18934096424e-18,3.07326600584e-19,3.79967482328e-20],"var":[0.664668321609,110.604133606,1604.37060547,607.456237793,632.199829102,1340.10083008,2055.15014648,1854.48461914,678.713745117,1229.58105469,986.772460938,2940.44873047,475.071289062,217.917144775,319.021148682,612.526428223,498.395172119,3510.62744141,2007.32446289,2234.05078125,5120.52978516,2213.88354492,1314.3013916,534.112609863,3072.45361328,28708.3027344,9917.26953125,752.78717041,61.4670600891,14.3695688248,1.27829265594,0.142112016678,0.0147592565045,0.00627972604707,0.00234113237821,0.000804094015621,0.00144787493628,0.00832863710821,0.0239838380367,0.0000874359102454]},"erbbands_crest":{"dmean":2.98898172379,"dmean2":4.97017192841,"dvar":7.61692619324,"dvar2":21.4672088623,"max":31.9357299805,"mean":10.6631212234,"median":9.57573509216,"min":2.1328663826,"var":21.9975948334},"erbbands_flatness_db":{"dmean":0.0401836074889,"dmean2":0.0654594600201,"dvar":0.00117906939704,"dvar2":0.00344959506765,"max":0.4109364748,"mean":0.158087000251,"median":0.152656018734,"min":0.0321227870882,"var":0.00267502339557},"erbbands_kurtosis":{"dmean":3.20814037323,"dmean2":5.34036254883,"dvar":19.7186965942,"dvar2":55.7923049927,"max":86.6853942871,"mean":4.56327152252,"median":2.94893240929,"min":-1.80010044575,"var":34.6300582886},"erbbands_skewness":{"dmean":0.591564118862,"dmean2":0.941733300686,"dvar":0.32241243124,"dvar2":0.825131893158,"max":7.06401920319,"mean":1.32984805107,"median":1.40182089806,"min":-6.48707723618,"var":1.27142322063},"erbbands_spread":{"dmean":10.0146713257,"dmean2":16.4440727234,"dvar":101.541229248,"dvar2":268.023864746,"max":138.604003906,"mean":27.6581516266,"median":23.9573898315,"min":1.14527606964,"var":274.837310791},"gfcc":{"cov":[[8724.65039062,-655.643493652,-1554.0078125,505.359680176,-11.6307535172,4.1741528511,-65.7029800415,-202.351257324,-101.665466309,175.288970947,-292.06552124,109.498962402,-49.7762489319],[-655.643493652,967.41027832,462.90145874,-388.063598633,-21.2915611267,83.4667816162,52.5743865967,-18.1343803406,-2.59310364723,-75.0704803467,73.5788803101,-77.3917922974,38.0655136108],[-1554.0078125,462.90145874,792.834228516,-230.976806641,-82.1767349243,75.9635467529,19.8455677032,125.294174194,-26.9187412262,-69.1175308228,83.1870803833,-61.9030990601,6.55537843704],[505.359680176,-388.063598633,-230.976806641,408.391021729,111.370491028,-64.6862564087,30.5500926971,-47.2719497681,20.0457172394,21.9770011902,-71.50025177,31.3487625122,-10.4179229736],[-11.6307535172,-21.2915611267,-82.1767349243,111.370491028,193.221893311,6.53694820404,36.4799575806,-62.6566810608,22.7203140259,-12.4507894516,-7.08766078949,-1.4979660511,8.61636257172],[4.1741528511,83.4667816162,75.9635467529,-64.6862564087,6.53694820404,195.517379761,13.8244962692,61.5347747803,-67.3545074463,-14.9385156631,18.3373699188,-3.92581939697,-7.67082357407],[-65.7029800415,52.5743865967,19.8455677032,30.5500926971,36.4799575806,13.8244962692,165.654785156,-18.9889411926,17.6649284363,-33.1700439453,-17.7687606812,9.65357494354,4.35303783417],[-202.351257324,-18.1343803406,125.294174194,-47.2719497681,-62.6566810608,61.5347747803,-18.9889411926,170.7056427,-10.5903778076,-14.5240983963,25.4547290802,-10.9662418365,-9.48600292206],[-101.665466309,-2.59310364723,-26.9187412262,20.0457172394,22.7203140259,-67.3545074463,17.6649284363,-10.5903778076,83.3942260742,26.1873626709,0.345891654491,3.55637025833,4.91309213638],[175.288970947,-75.0704803467,-69.1175308228,21.9770011902,-12.4507894516,-14.9385156631,-33.1700439453,-14.5240983963,26.1873626709,72.5049438477,12.4874811172,11.2894248962,-0.663465738297],[-292.06552124,73.5788803101,83.1870803833,-71.50025177,-7.08766078949,18.3373699188,-17.7687606812,25.4547290802,0.345891654491,12.4874811172,76.4768218994,8.67168045044,0.493740320206],[109.498962402,-77.3917922974,-61.9030990601,31.3487625122,-1.4979660511,-3.92581939697,9.65357494354,-10.9662418365,3.55637025833,11.2894248962,8.67168045044,51.5705184937,14.3941326141],[-49.7762489319,38.0655136108,6.55537843704,-10.4179229736,8.61636257172,-7.67082357407,4.35303783417,-9.48600292206,4.91309213638,-0.663465738297,0.493740320206,14.3941326141,52.6398925781]],"icov":[[0.000238321503275,-0.000328358582919,0.000490137841552,-0.000166803700267,0.000037173183955,0.000139436582685,-0.0000261265013251,-0.000345013831975,0.000785518204793,-0.000786050222814,0.000792959413957,-0.00048297047033,0.000364379724488],[-0.000328358582919,0.0035026948899,-0.00153455266263,0.00190821650904,0.000464937329525,-0.00195776321925,-0.000359532074071,0.00309333554469,-0.00362442829646,0.00361580355093,-0.00280964374542,0.00425417581573,-0.0028019475285],[0.000490137841552,-0.00153455266263,0.00346378027461,-0.00081236223923,0.00105168344453,0.000236400170252,-0.000392565212678,-0.00182373775169,0.00162271840964,-0.000166398196598,-0.000723136006854,0.00105727405753,0.000111271918286],[-0.000166803700267,0.00190821650904,-0.00081236223923,0.00655069435015,-0.00440209545195,0.00234491587617,-0.001298467163,-0.000993867754005,0.00207408517599,-0.00256071984768,0.00425495393574,-0.00229315483011,0.00121181504801],[0.000037173183955,0.000464937329525,0.00105168344453,-0.00440209545195,0.011836421676,-0.00623922469094,0.00077361514559,0.00618468038738,-0.00884080771357,0.00838343333453,-0.00690554734319,0.00662476057187,-0.00391527172178],[0.000139436582685,-0.00195776321925,0.000236400170252,0.00234491587617,-0.00623922469094,0.013562890701,-0.00323316594586,-0.0077752857469,0.0149295087904,-0.0094527117908,0.00441280286759,-0.00532078836113,0.00374709698372],[-0.0000261265013251,-0.000359532074071,-0.000392565212678,-0.001298467163,0.00077361514559,-0.00323316594586,0.00892725866288,0.00214177370071,-0.00615380611271,0.00618702825159,0.00100415328052,-0.00284305238165,0.000497480854392],[-0.000345013831975,0.00309333554469,-0.00182373775169,-0.000993867754005,0.00618468038738,-0.0077752857469,0.00214177370071,0.0136405723169,-0.0104913171381,0.00974528677762,-0.00710575841367,0.00650121690705,-0.00300614535809],[0.000785518204793,-0.00362442829646,0.00162271840964,0.00207408517599,-0.00884080771357,0.0149295087904,-0.00615380611271,-0.0104913171381,0.0337803289294,-0.0205911882222,0.00830228812993,-0.0070214336738,0.00424281228334],[-0.000786050222814,0.00361580355093,-0.000166398196598,-0.00256071984768,0.00838343333453,-0.0094527117908,0.00618702825159,0.00974528677762,-0.0205911882222,0.0330061204731,-0.0134780630469,0.00666501186788,-0.00470748590305],[0.000792959413957,-0.00280964374542,-0.000723136006854,0.00425495393574,-0.00690554734319,0.00441280286759,0.00100415328052,-0.00710575841367,0.00830228812993,-0.0134780630469,0.0283226147294,-0.0152822872624,0.00709200836718],[-0.00048297047033,0.00425417581573,0.00105727405753,-0.00229315483011,0.00662476057187,-0.00532078836113,-0.00284305238165,0.00650121690705,-0.0070214336738,0.00666501186788,-0.0152822872624,0.0365823507309,-0.0136921824887],[0.000364379724488,-0.0028019475285,0.000111271918286,0.00121181504801,-0.00391527172178,0.00374709698372,0.000497480854392,-0.00300614535809,0.00424281228334,-0.00470748590305,0.00709200836718,-0.0136921824887,0.0254199597985]],"mean":[-91.1969070435,121.051895142,-26.5610237122,12.8238430023,-18.2109451294,-2.84494948387,-3.16007208824,-9.84707164764,-4.13616752625,-6.35547208786,-7.32906532288,-6.78151321411,-2.06834888458]},"hfc":{"dmean":64.5706863403,"dmean2":99.7771377563,"dvar":7519.06298828,"dvar2":16243.9931641,"max":2268.06713867,"mean":188.693511963,"median":149.144699097,"min":1.18150997921e-16,"var":28396.1035156},"melbands":{"dmean":[0.0034347763285,0.00424088537693,0.0011826303089,0.000545924878679,0.000247751886491,0.000156448499183,0.0000746373916627,0.0000525269788341,0.0000318929487548,0.0000354945041181,0.0000160719446285,0.0000122340961752,0.00000765583081375,0.00000893060041562,0.00000774833915784,0.00000593309277974,0.00000681120036461,0.00000620060973233,0.00000714547422831,0.00000737170694265,0.00000779352376412,0.00000493463812745,0.00000302758598991,0.0000029221027944,0.00000154517408646,0.00000165987319178,0.0000040633763092,0.00000559901809538,0.00000448511491413,0.00000233469222621,8.5647599235e-7,5.56244799554e-7,3.78460981665e-7,2.46966266104e-7,1.26141813439e-7,7.75606849857e-8,5.2574854692e-8,3.72865684994e-8,3.15173309673e-8,2.82920353811e-8],"dmean2":[0.00535474764183,0.00678784726188,0.00182700145524,0.000859713065438,0.000383224076359,0.000238115928369,0.000115922834084,0.0000792791688582,0.0000487535253342,0.0000566645321669,0.0000256688199443,0.0000194191088667,0.000012024274838,0.0000143784891407,0.0000121208186101,0.00000909907885216,0.0000110164755824,0.00000960853412835,0.0000110028749987,0.0000111146800919,0.000011941190678,0.00000733257957108,0.00000436730488218,0.00000440196936324,0.000002272802476,0.00000236591426983,0.00000539752363693,0.00000832280511531,0.00000667285939926,0.00000347080276697,0.00000123193444779,8.12058715383e-7,5.63216872251e-7,3.78787234467e-7,1.92467908278e-7,1.22002646208e-7,8.75532464306e-8,6.35084802525e-8,5.39256390653e-8,4.83284310349e-8],"dvar":[0.0000358968172804,0.000193032858078,0.00000727911174181,0.00000274006333711,0.0000010588466921,4.65272563588e-7,8.04195892101e-8,4.4807929811e-8,5.15208320451e-8,5.94721214497e-8,4.88417084554e-9,1.85631521266e-9,1.24421462022e-9,2.23796225995e-9,3.16674464429e-9,2.33097718905e-9,1.96425613552e-8,5.15505771403e-9,2.56428056566e-9,2.72189981665e-9,6.5059770904e-9,1.71168990093e-9,5.84962245309e-10,8.82554307413e-10,1.52521398289e-10,3.04649860894e-10,5.27939070238e-9,8.15895440098e-9,3.64401664399e-9,1.17904297436e-9,4.24904625373e-11,1.43869239438e-11,4.58914893933e-12,1.90402836726e-12,3.17072458783e-13,7.26991776783e-14,2.83026860547e-14,7.77368383694e-15,5.37104862403e-15,4.60469344742e-15],"dvar2":[0.0000902350075194,0.000620755192358,0.0000166528261616,0.0000062061690187,0.0000020093987132,0.00000100474767351,1.87662649864e-7,8.01725335009e-8,8.9159215122e-8,1.19680436228e-7,1.1178999948e-8,4.4139838451e-9,2.47491227512e-9,5.83855896963e-9,7.54012940973e-9,4.75165595759e-9,5.10288700184e-8,1.2069246047e-8,5.43314326862e-9,5.23606091818e-9,1.53791965829e-8,3.66659458351e-9,1.14223985825e-9,2.14977169399e-9,3.02597336077e-10,6.30315355465e-10,1.01490424953e-8,1.86849629102e-8,8.12186584653e-9,1.86513071654e-9,8.40259389845e-11,3.11567958933e-11,9.18710073294e-12,4.23251277776e-12,6.88048793288e-13,1.54848071757e-13,7.06319022909e-14,2.13766196178e-14,1.49253642757e-14,1.26984587532e-14],"max":[0.141930967569,0.399605453014,0.112863093615,0.0591378770769,0.0586693286896,0.0314056947827,0.0112702762708,0.00764558510855,0.0132406167686,0.0159615799785,0.00278416764922,0.00150903267786,0.00199144682847,0.00274986564182,0.00475775636733,0.00317183253355,0.0116122812033,0.00433160830289,0.00230604200624,0.00214223610237,0.00517846131697,0.00213197013363,0.00121486035641,0.00150201329961,0.00060521211708,0.0010927078547,0.00774910068139,0.00847472902387,0.00405939528719,0.00288494350389,0.000277852872387,0.000154358291184,0.0000931255999603,0.0000539074135304,0.0000211436836253,0.0000131862143462,0.00000673005297358,0.00000193234836843,0.00000170323903603,0.00000207907260119],"mean":[0.00619822647423,0.00781895034015,0.00221400940791,0.000804467068519,0.000376393349143,0.000237042229855,0.000117603914987,0.0000806559037301,0.0000441627089458,0.0000661668382236,0.0000243004287768,0.0000195246011572,0.0000111151357487,0.0000129842464958,0.0000100675451904,0.00000763995012676,0.00000702670922692,0.00000700422197042,0.00000895163429959,0.00000932187140279,0.00000904856824491,0.00000613151632933,0.0000037217598674,0.00000332538616021,0.00000193302480511,0.00000194062567971,0.00000484640304421,0.00000679712684359,0.00000554999860469,0.00000283662734546,0.00000104549189928,6.88269778948e-7,4.84056272398e-7,3.05295799308e-7,1.50734877025e-7,8.97948524425e-8,5.4724925036e-8,3.60579406333e-8,3.037193963e-8,2.75753304635e-8],"median":[0.00352673698217,0.00252322573215,0.000938557262998,0.000263600755716,0.000104611986899,0.0000676315685268,0.0000342289713444,0.0000186303313967,0.0000115747170639,0.0000113292899186,0.00000601017109148,0.00000435374113295,0.00000228251838053,0.00000258326554103,0.00000146096772369,9.74222530203e-7,7.62937929721e-7,4.99973054957e-7,5.34535388397e-7,3.27853257431e-7,2.39324492668e-7,1.74511342266e-7,1.5336642889e-7,1.03922047856e-7,9.10290367528e-8,7.85153346783e-8,7.73728174863e-8,7.38275360845e-8,6.53723972732e-8,5.46522116451e-8,4.70588084056e-8,4.0089659592e-8,3.30539364768e-8,2.7322613505e-8,2.21136708944e-8,1.781498149e-8,1.31038540019e-8,1.0319015864e-8,9.29976096131e-9,8.70814265141e-9],"min":[1.42481879445e-23,8.42140886304e-24,5.0613264403e-24,6.71755923791e-24,7.38754274901e-24,1.19399975019e-23,2.27144609049e-24,5.57606725286e-24,1.22137125145e-23,9.08198284127e-24,2.74188707785e-23,2.83074815675e-23,1.19064590805e-23,9.40460170796e-24,1.29885955933e-23,4.49880984474e-24,8.25826375037e-24,5.11852713897e-24,2.99756691577e-24,5.27671268313e-24,6.27912691286e-24,1.04163923384e-23,7.78194164719e-24,8.495324341e-24,1.46915672163e-23,1.04505484379e-23,9.37803997242e-24,1.38286401607e-23,2.37863540589e-23,9.13161481398e-24,6.46001587387e-24,1.16028864715e-23,1.42560307996e-23,7.55602766115e-24,1.3828116357e-23,1.24161255453e-23,8.17014167637e-24,9.80786661385e-24,1.2419898667e-23,8.96962064938e-24],"var":[0.0000809791745269,0.000330586160999,0.0000164849807334,0.00000437212884208,0.00000252785707744,8.26676568977e-7,1.55134884494e-7,1.13738558127e-7,8.90093332373e-8,9.96947164822e-8,1.17420908552e-8,4.31492708231e-9,3.11618131299e-9,3.09456016367e-9,3.9769592064e-9,3.99865740519e-9,1.64907074662e-8,6.59454801877e-9,4.15369871831e-9,4.87007723038e-9,8.22109580412e-9,2.85823742452e-9,1.0338315759e-9,1.09894804368e-9,2.98517072173e-10,4.56899795775e-10,8.91209950282e-9,1.19363203765e-8,5.35280042513e-9,2.06354600074e-9,7.05789801603e-11,2.25952642013e-11,8.48937933839e-12,3.13933211024e-12,5.05451041265e-13,1.21168740731e-13,3.46420042988e-14,7.79221861189e-15,5.0334403495e-15,4.26859077395e-15]},"melbands_crest":{"dmean":3.85260105133,"dmean2":6.32153940201,"dvar":10.4926481247,"dvar2":29.3060874939,"max":39.9572715759,"mean":20.3752613068,"median":20.2126712799,"min":2.7035369873,"var":28.1818332672},"melbands_flatness_db":{"dmean":0.0630322098732,"dmean2":0.102360844612,"dvar":0.00266823591664,"dvar2":0.00776567542925,"max":0.75781339407,"mean":0.411320745945,"median":0.410861432552,"min":0.00916528701782,"var":0.00848437473178},"melbands_kurtosis":{"dmean":23.6083488464,"dmean2":38.7794570923,"dvar":3403.27954102,"dvar2":6166.65136719,"max":5159.71142578,"mean":45.8279457092,"median":34.6067276001,"min":-1.85132181644,"var":5332.73632812},"melbands_skewness":{"dmean":1.24963545799,"dmean2":2.02073788643,"dvar":1.58638608456,"dvar2":3.77659463882,"max":67.4068222046,"mean":4.24630355835,"median":4.00446033478,"min":-2.12956953049,"var":4.44493198395},"melbands_spread":{"dmean":2.39255428314,"dmean2":3.63418126106,"dvar":54.5583381653,"dvar2":98.1370162964,"max":169.059814453,"mean":4.83347272873,"median":2.17770862579,"min":0.117650024593,"var":147.87286377},"mfcc":{"cov":[[7855.81298828,-974.275695801,-1518.91210938,451.60736084,-241.926635742,368.036010742,-238.325317383,-125.172080994,35.917388916,12.062918663,-247.038421631,-19.7327022552,107.071868896],[-974.275695801,1290.17028809,526.011047363,-357.665252686,9.49526119232,-62.284702301,103.793731689,10.1702623367,-24.0404224396,-21.7121868134,64.7059555054,-25.0906085968,-32.0258255005],[-1518.91210938,526.011047363,716.838562012,-207.743560791,30.3598098755,-158.527313232,118.563476562,58.2106285095,-10.3546190262,-9.80061340332,90.7421417236,1.67863953114,-50.5415344238],[451.60736084,-357.665252686,-207.743560791,387.632415771,-1.44933748245,88.8801422119,-81.7179489136,-6.29036664963,43.4465637207,21.185125351,-62.7483329773,7.43943452835,27.5497589111],[-241.926635742,9.49526119232,30.3598098755,-1.44933748245,160.042068481,-4.93231582642,27.1250782013,-0.467569768429,-14.1808252335,1.91841995716,23.3605899811,-3.37898612022,-12.5115194321],[368.036010742,-62.284702301,-158.527313232,88.8801422119,-4.93231582642,196.141876221,15.9117536545,-12.3551549911,15.4303970337,-3.68014168739,-51.5445480347,-10.8638076782,27.4737358093],[-238.325317383,103.793731689,118.563476562,-81.7179489136,27.1250782013,15.9117536545,139.781982422,73.9833984375,0.753269612789,-4.52493238449,14.6696128845,-7.6620850563,-12.4735984802],[-125.172080994,10.1702623367,58.2106285095,-6.29036664963,-0.467569768429,-12.3551549911,73.9833984375,114.447624207,26.4085540771,4.41909646988,10.6229228973,-5.63286685944,-12.1212310791],[35.917388916,-24.0404224396,-10.3546190262,43.4465637207,-14.1808252335,15.4303970337,0.753269612789,26.4085540771,72.4445648193,15.2470769882,-18.6300601959,0.542907357216,2.86947989464],[12.062918663,-21.7121868134,-9.80061340332,21.185125351,1.91841995716,-3.68014168739,-4.52493238449,4.41909646988,15.2470769882,47.2956695557,14.703004837,-3.82136511803,-0.4529902637],[-247.038421631,64.7059555054,90.7421417236,-62.7483329773,23.3605899811,-51.5445480347,14.6696128845,10.6229228973,-18.6300601959,14.703004837,76.9220199585,18.057434082,-16.0388221741],[-19.7327022552,-25.0906085968,1.67863953114,7.43943452835,-3.37898612022,-10.8638076782,-7.6620850563,-5.63286685944,0.542907357216,-3.82136511803,18.057434082,48.3898353577,15.3773860931],[107.071868896,-32.0258255005,-50.5415344238,27.5497589111,-12.5115194321,27.4737358093,-12.4735984802,-12.1212310791,2.86947989464,-0.4529902637,-16.0388221741,15.3773860931,50.7181625366]],"icov":[[0.00022893663845,-0.0000416069342464,0.000503263436258,-0.0000632512164884,0.00027365796268,0.0000303892611555,-0.000150882013259,0.0000919548256206,0.000024133185434,-0.0000154353328981,0.000104479047877,0.00000722560889699,0.0000915450000321],[-0.0000416069342464,0.00141611159779,-0.0011036809301,0.00108759198338,-0.0000681768287905,-0.000812641519587,0.000535884813871,0.000059428413806,-0.00020147174655,0.0000555942569918,-0.0000436515583715,0.000620513048489,-0.000329234666424],[0.000503263436258,-0.0011036809301,0.00422604614869,-0.000832777936012,0.00084382283967,0.00241531687789,-0.0031500607729,0.00119631586131,-0.00101367849857,0.00126557331532,-0.0017551635392,0.000397169962525,0.000708499981556],[-0.0000632512164884,0.00108759198338,-0.000832777936012,0.00547318346798,-0.00134479196277,-0.00250497506931,0.00449418835342,-0.00289183692075,-0.000189128593775,-0.0028090425767,0.00367671437562,-0.00223754555918,0.000283496134216],[0.00027365796268,-0.0000681768287905,0.00084382283967,-0.00134479196277,0.00764119112864,0.000496740685776,-0.00323946797289,0.00234212097712,0.000286738912109,0.000910623464733,-0.00317103904672,0.00165051186923,0.000818225322291],[0.0000303892611555,-0.000812641519587,0.00241531687789,-0.00250497506931,0.000496740685776,0.0095747616142,-0.00628819037229,0.0038798712194,-0.00162615126465,0.00131893169601,0.00112716434523,0.00208084797487,-0.00266368221492],[-0.000150882013259,0.000535884813871,-0.0031500607729,0.00449418835342,-0.00323946797289,-0.00628819037229,0.0193547159433,-0.0125695755705,0.00337096187286,-0.00191172771156,0.00308229634538,-0.00199911231175,0.000812863057945],[0.0000919548256206,0.000059428413806,0.00119631586131,-0.00289183692075,0.00234212097712,0.0038798712194,-0.0125695755705,0.0188320353627,-0.0071722199209,0.00297268922441,-0.00500873383135,0.00383589649573,0.000177174253622],[0.000024133185434,-0.00020147174655,-0.00101367849857,-0.000189128593775,0.000286738912109,-0.00162615126465,0.00337096187286,-0.0071722199209,0.0209873337299,-0.00945537909865,0.00922884792089,-0.00586738064885,0.0024065556936],[-0.0000154353328981,0.0000555942569918,0.00126557331532,-0.0028090425767,0.000910623464733,0.00131893169601,-0.00191172771156,0.00297268922441,-0.00945537909865,0.0307374820113,-0.0148075828329,0.0102645698935,-0.00438015116379],[0.000104479047877,-0.0000436515583715,-0.0017551635392,0.00367671437562,-0.00317103904672,0.00112716434523,0.00308229634538,-0.00500873383135,0.00922884792089,-0.0148075828329,0.0307244807482,-0.0158404074609,0.00803826935589],[0.00000722560889699,0.000620513048489,0.000397169962525,-0.00223754555918,0.00165051186923,0.00208084797487,-0.00199911231175,0.00383589649573,-0.00586738064885,0.0102645698935,-0.0158404074609,0.0329105034471,-0.012871036306],[0.0000915450000321,-0.000329234666424,0.000708499981556,0.000283496134216,0.000818225322291,-0.00266368221492,0.000812863057945,0.000177174253622,0.0024065556936,-0.00438015116379,0.00803826935589,-0.012871036306,0.0280237980187]],"mean":[-772.485778809,179.371047974,46.8359680176,37.9097175598,11.8700380325,20.3038234711,8.2513551712,7.50717639923,8.06382274628,5.04471540451,0.460114330053,1.89633619785,2.59161686897]},"pitch_salience":{"dmean":0.0780562013388,"dmean2":0.126565560699,"dvar":0.00429882435128,"dvar2":0.0117867290974,"max":0.936680734158,"mean":0.461680918932,"median":0.467805832624,"min":0.00715525401756,"var":0.012150994502},"silence_rate_20dB":{"dmean":0.00829351879656,"dmean2":0.0165885314345,"dvar":0.00822463445365,"dvar2":0.0193782970309,"max":1,"mean":0.984315872192,"median":1,"min":0,"var":0.0154370060191},"silence_rate_30dB":{"dmean":0.0407464168966,"dmean2":0.0815001800656,"dvar":0.0390819385648,"dvar2":0.0907305181026,"max":1,"mean":0.870650827885,"median":1,"min":0,"var":0.112614251673},"silence_rate_60dB":{"dmean":0.00126205710694,"dmean2":0.00252434192225,"dvar":0.0012603874784,"dvar2":0.00323884165846,"max":1,"mean":0.0145123489201,"median":0,"min":0,"var":0.0143010392785},"spectral_centroid":{"dmean":131.567504883,"dmean2":199.435424805,"dvar":78057.90625,"dvar2":124456.859375,"max":11218.6914062,"mean":437.022125244,"median":287.594299316,"min":103.437950134,"var":304484.59375},"spectral_complexity":{"dmean":2.07392048836,"dmean2":3.22755146027,"dvar":7.8020606041,"dvar2":13.7277116776,"max":53,"mean":7.75446176529,"median":6,"min":0,"var":35.7630119324},"spectral_contrast_coeffs":{"dmean":[0.0516150258482,0.0487221330404,0.0390753485262,0.0425758287311,0.0328902192414,0.0291333105415],"dmean2":[0.0859799906611,0.0818168371916,0.0646453648806,0.0698077529669,0.0542454756796,0.0456410013139],"dvar":[0.00172062683851,0.00141903373878,0.00093786616344,0.00119848304894,0.000896051235031,0.00120555679314],"dvar2":[0.0048411777243,0.00392269575968,0.00256902328692,0.00313709257171,0.00215915124863,0.0026715057902],"max":[-0.323331356049,-0.438746273518,-0.529265999794,-0.502821087837,-0.549671769142,-0.3544074893],"mean":[-0.688816130161,-0.78377777338,-0.824935078621,-0.873198866844,-0.90075391531,-0.828046143055],"median":[-0.695852994919,-0.790015339851,-0.830819368362,-0.881745815277,-0.915769338608,-0.85492348671],"min":[-0.972428977489,-0.963589012623,-0.966708958149,-0.989904999733,-0.977449715137,-0.959138214588],"var":[0.00589000806212,0.00388738769107,0.00335351470858,0.00477270362899,0.00385869271122,0.00560792349279]},"spectral_contrast_valleys":{"dmean":[0.358941972256,0.421915888786,0.473027855158,0.697660565376,0.761254429817,0.701221942902],"dmean2":[0.596586108208,0.696101546288,0.772410035133,1.13700807095,1.23623239994,1.13610076904],"dvar":[0.0956084430218,0.137597605586,0.171016559005,0.353582322598,0.396792024374,0.32796189189],"dvar2":[0.231450051069,0.335646092892,0.431410878897,0.998354554176,1.12234783173,0.914688825607],"max":[-4.53039932251,-3.90086460114,-5.10700750351,-5.37023830414,-4.55012273788,-8.48141479492],"mean":[-6.51574659348,-7.09602022171,-8.01746273041,-8.70171833038,-8.79323768616,-11.2211637497],"median":[-6.45679283142,-7.06571340561,-7.95817279816,-8.61546802521,-8.72766494751,-11.1531057358],"min":[-26.5370597839,-27.6003513336,-27.2636852264,-27.5065612793,-27.1802387238,-27.2823905945],"var":[0.686110913754,0.795090079308,0.947884976864,1.28225660324,1.39378404617,0.988464176655]},"spectral_decrease":{"dmean":5.68180524851e-9,"dmean2":8.75449934767e-9,"dvar":1.5947081357e-16,"dvar2":4.63441689233e-16,"max":1.53089914079e-8,"mean":-1.11412328252e-8,"median":-5.29612531608e-9,"min":-3.5050689462e-7,"var":3.78057327079e-16},"spectral_energy":{"dmean":0.0218012761325,"dmean2":0.0334001034498,"dvar":0.00229697208852,"dvar2":0.00663744891062,"max":1.33782410622,"mean":0.0591645389795,"median":0.0357219651341,"min":1.07213682237e-20,"var":0.00613571470603},"spectral_energyband_high":{"dmean":0.000262382120127,"dmean2":0.000366627034964,"dvar":0.00000570906422581,"dvar2":0.00000964068021858,"max":0.141053542495,"mean":0.000369066459825,"median":0.0000227220662055,"min":7.86149303775e-21,"var":0.0000125931974253},"spectral_energyband_low":{"dmean":0.019167881459,"dmean2":0.0301210395992,"dvar":0.00219421926886,"dvar2":0.00663745217025,"max":1.3191421032,"mean":0.0406049974263,"median":0.0203573387116,"min":7.71115573821e-23,"var":0.00470631802455},"spectral_energyband_middle_high":{"dmean":0.000663360347971,"dmean2":0.000926562584937,"dvar":0.0000136398321047,"dvar2":0.0000249121458182,"max":0.280980974436,"mean":0.0010451124981,"median":0.000164630357176,"min":1.51947767283e-21,"var":0.0000292969725706},"spectral_energyband_middle_low":{"dmean":0.00461498089135,"dmean2":0.00690673012286,"dvar":0.000138705727295,"dvar2":0.000274135614745,"max":0.373470038176,"mean":0.00929025467485,"median":0.00410241633654,"min":2.50713147568e-22,"var":0.000356518256012},"spectral_entropy":{"dmean":0.510342478752,"dmean2":0.839123725891,"dvar":0.194126948714,"dvar2":0.57236546278,"max":9.8081073761,"mean":6.71472406387,"median":6.74825811386,"min":4.19682502747,"var":0.460784256458},"spectral_flux":{"dmean":0.0278136711568,"dmean2":0.0456040352583,"dvar":0.00114053045399,"dvar2":0.00274799368344,"max":0.901082158089,"mean":0.104669220746,"median":0.0904475003481,"min":1.03544041397e-10,"var":0.00425252318382},"spectral_kurtosis":{"dmean":11.3478460312,"dmean2":18.9913272858,"dvar":248.777511597,"dvar2":707.694885254,"max":199.473831177,"mean":20.0207748413,"median":14.1167011261,"min":-1.18697798252,"var":296.915130615},"spectral_rms":{"dmean":0.00118759751786,"dmean2":0.00179512007162,"dvar":0.00000213969656215,"dvar2":0.00000560979015063,"max":0.0361274704337,"mean":0.00674926768988,"median":0.0059034479782,"min":3.23417247844e-12,"var":0.0000121687753563},"spectral_rolloff":{"dmean":4841.06494141,"dmean2":9565.63671875,"dvar":76744328,"dvar2":187313152,"max":22050,"mean":13178.8095703,"median":21877.734375,"min":21.533203125,"var":110974152},"spectral_skewness":{"dmean":0.96358281374,"dmean2":1.58564937115,"dvar":1.06508028507,"dvar2":3.07581591606,"max":12.1616859436,"mean":3.35173153877,"median":3.00783586502,"min":-0.0407078638673,"var":1.94153320789},"spectral_spread":{"dmean":982047.375,"dmean2":1590349.5,"dvar":791768465408,"dvar2":2038510125060,"max":40376900,"mean":4202240,"median":4219617,"min":840616,"var":1703724580860},"spectral_strongpeak":{"dmean":7.54353904724,"dmean2":14.1816253662,"dvar":490.356994629,"dvar2":1361.7565918,"max":242.214736938,"mean":7.80264520645,"median":0.294041097164,"min":0,"var":589.785400391},"zerocrossingrate":{"dmean":0.0538384094834,"dmean2":0.0720758512616,"dvar":0.00221973564476,"dvar2":0.00391544075683,"max":0.8740234375,"mean":0.284253358841,"median":0.26806640625,"min":0,"var":0.0171866044402}},"metadata":{"audio_properties":{"analysis_sample_rate":44100,"bit_rate":192000,"codec":"mp3","downmix":"mix","equal_loudness":0,"length":257.56842041,"lossless":false,"md5_encoded":"b27fb42e7b30997daa7abd0926db14bc","replay_gain":1.20269584656,"sample_rate":44100},"tags":{"acoustid_fingerprint":["AQADtFOiRYmiKEZ4HNqP40d0HB_26LhZHL6GI4QuHaEDd8eP5hmOLz6O3IPm49j1wIeAA9-h40UO-_iPB-ZxHsd7REeL49DxCHWPl4ePczgMHfvxH7COPzh6HH1E-MqhP9DzEoaYR1nQ6MddHD9ONOeEUNfxq_iDMOGPQvthPij_4se1F9qFhk0ywlEvQced57jsIaV64sHJoDkpFF9iIj-a3FCk5A9-4eGR7zhClCfB_8bbQ9scXBaFfMrhoc9IvGB-NJOPfFkKjTt8JoSfHb2PM8cbY6cJbVfhHz-NCz6-HTkJXzh-RMwoFof2R8RroWGcG-cuKM_hZop23PCR7miPWMWPJ7kCjeIDH304XMeP_oL5QPs4HPhxTG_hDz2mp4d44Wrh83hR4f1xPMERhjfRI8zjoPqOQ9-B_mgaCufw4w_6B1OO_EML_3jydmhyHjzyHScP00nB6Xh2BXu-BCWzoKlo4clxfCmm62hy4nM08PmC58J4aCEPzQ6-kphSKS9OgwlOPMt1aHkxiWJRhcmCZh90hamMN3kw69DxFjV1HD5Z5HOQr2iPo4TdQz_hH5ePlI3gTdtRXxmOGTn-4dD34Mw64T56mCS642gPH4d2AT-OKSeGvIKvHNfhF-eRo8pxyxAehF9MNDhaLhTC5Dj06cER-mji4sJ3_MFjuCpaHv7xXhuSnRQQ5vlRZReuk7jyojxcKjH6I6covIe8Pbh4hHkq_At6H8-Fn2j2YPpxBkz-COFz6ERILXgWRszho_oIP_jxb0GenNCugUc6GtUnPHrB4xHhLUwMfgwVfPCJHJ90_PiPJmaO6VdwHXGP2ocfov2RG_ihJ_nQhEdISsMTIrdx_EFzVThu1D6e4cGqQ0qeB73Qz0eYolUPdz9y9MF7fAuu4wHjFz98_BCPAS51QD6RBz8-HvmPH_-h9_hGlLnx53gE3TiLfcSP68KemFCT5EN1NGMcDbqS4xf6JPB1aM-xzkeeB88soN6DxiVicpCfEKl6PLjETMGeHH6CD2e-4zjOo5RyIjwu6HpwE2HeIsZX4z5ODcdvmCHE4x2P_0GeHI6uA81I5A8OXcql4I1Q6vBn9Pgh-2g-5B6Oo8oJfIiUF-0P7TzSR0V79CeOLWeG7rgX4vjRXvAH50Ff4UeOH1o4onOU4_gR_BSa82ifo8_g48GOHid4GqeEJiFp5BKhH-kx3Th6JUTTMMez6DiPI0fy4znqnBE86cKDJ0HxaLwxhyGT4M2SovnRB6eRq03QkHvAnKh3NB6yPYKPL3h8rGFToQ8aeciRPMeHiblDMFlx40_h-sj344SO4zm-4HqIt2lW9DuMEn9QdTLSJ8JnTMnx7Enw44cfhsihr8gnnCF6HzePSxHyBd90PIIZ--iPNQN6CTOjQ89xSVfw4zp8BZWEo89yeBqPV8dt5DtO_An6ETkeHNfx44d2HF-O4scv9MeDxxV6YVjyQMt9_KgPG33x50cYHf3w4MdvTEWv5PiMHvlxRoEeEEZu4Df-I__x4j30x_jRy8FVHxUr-NiOfsWDX3iSoz589LiC-3iCXki1wc2RPuhxTId04UbN47NR22jw4T_e4h_-40R_