{"lowlevel":{"average_loudness":0.874211966991,"barkbands":{"dmean":[0.0000189561524166,0.00201196898706,0.00223114225082,0.00403480092064,0.00366851431318,0.000977031653747,0.000715310336091,0.000354529736796,0.000262214802206,0.000165630975971,0.0000571890050196,0.000111721070425,0.0000935857678996,0.000042633699195,0.0000731245236238,0.000103313795989,0.000081436286564,0.0000464983750135,0.0000377743563149,0.0000228248427447,0.0000376734606107,0.0000208200181078,0.0000149480101754,0.0000289855724986,0.0000042891015255,0.00000250098855759,7.80003006184e-7],"dmean2":[0.000031407293136,0.00338592706248,0.00359653658234,0.00653764838353,0.00577173894271,0.00152755132876,0.00109101575799,0.00050928251585,0.0003701185924,0.000239325745497,0.0000866120899445,0.000168908678461,0.000144706122228,0.0000675340779708,0.000112446097773,0.00016275656526,0.000131864071591,0.0000734787390684,0.0000602618783887,0.0000351700145984,0.0000583813889534,0.0000303322631225,0.0000211972019315,0.0000403584708693,0.00000688043701302,0.00000406005256082,0.0000013443499256],"dvar":[4.5684456218e-9,0.0000128865458464,0.0000141393475133,0.0000514152816322,0.0000315655961458,0.00000282655082628,0.00000357501221515,0.00000162434014328,8.90418789368e-7,3.12751808451e-7,4.16974756945e-8,1.15212792196e-7,1.23179248135e-7,1.03334230062e-8,4.11496436925e-8,1.69553715068e-7,5.19625089623e-8,2.65267573241e-7,4.13886382944e-8,2.13890398726e-8,2.23273090683e-7,1.18752607747e-8,8.012072783e-9,4.36280629401e-8,4.38494324184e-10,1.37436714787e-10,1.84545070198e-11],"dvar2":[1.17978764536e-8,0.0000417891460529,0.0000407681618526,0.000158556795213,0.0000872420423548,0.00000710192398401,0.00000835682567413,0.00000311848339152,0.00000161021591794,6.41340818675e-7,8.58979376517e-8,2.30108184951e-7,2.77687149719e-7,2.4314136482e-8,8.49831209848e-8,3.36444514915e-7,1.33641108846e-7,6.97490122548e-7,1.06060717542e-7,4.55551187883e-8,6.02867942234e-7,2.38894806159e-8,1.37761135832e-8,8.13967488966e-8,1.00002695014e-9,3.46892126135e-10,5.0000135976e-11],"max":[0.00116225541569,0.0596744865179,0.07006059587,0.102863311768,0.0986704677343,0.0378025956452,0.0486303120852,0.0434536747634,0.0302236247808,0.0223469808698,0.0119144981727,0.0107687516138,0.0151728549972,0.00369364349172,0.00889115501195,0.017566377297,0.00682526361197,0.0392936989665,0.0103432042524,0.00793699827045,0.0300680212677,0.00349574396387,0.00389715051278,0.00851755030453,0.00081177247921,0.000333525676979,0.000120737153338],"mean":[0.0000350243135472,0.00924132112414,0.00569939147681,0.00855892989784,0.00922661181539,0.00228900043294,0.00143082090653,0.000765668111853,0.000650017987937,0.000449747691164,0.000116705828987,0.000269855954684,0.000239805347519,0.0000806639145594,0.000153349363245,0.000217145250645,0.000153085638885,0.0000780676928116,0.0000674530892866,0.000035567471059,0.0000514752900926,0.0000347387685906,0.0000257479150605,0.0000444295801572,0.00000589546152696,0.00000326947338181,8.09827952253e-7],"median":[0.0000017753186512,0.00769463507459,0.00313670607284,0.00486960588023,0.00685864454135,0.00130381551571,0.000438857940026,0.000134054382215,0.000132023502374,0.0000965589133557,0.0000293340126518,0.000068328998168,0.0000562027162232,0.0000328818641719,0.0000415702743339,0.0000418222771259,0.000042889645556,0.0000195876928046,0.0000140887677844,0.0000051280480875,0.0000025934077712,0.00000261683385361,0.00000136369203574,0.00000166895028997,7.52468395149e-7,4.35800416199e-7,2.7012779924e-7],"min":[4.70635550042e-25,1.6601818353e-24,7.97308372921e-25,2.29031219208e-25,1.13092582431e-23,5.9646968168e-24,1.02416265157e-23,6.32305463237e-24,6.50017126053e-24,1.36074924722e-23,1.65042039157e-23,2.09351188689e-23,2.51487562853e-23,3.07607348531e-23,3.63065532346e-23,4.49968058941e-23,7.61481310249e-23,8.56867152356e-23,1.10752903028e-22,1.58146353549e-22,2.10186358885e-22,2.92954945103e-22,4.23649759566e-22,5.77122307889e-22,9.4541765987e-22,1.27467128853e-21,1.68671527597e-21],"var":[9.15223186126e-9,0.0000546185219719,0.000042933923396,0.000115607464977,0.0000780329792178,0.00000854838071973,0.00000834392358229,0.00000611525820204,0.00000498056806464,0.00000188410706414,1.40248275216e-7,4.6600317205e-7,7.82553911449e-7,2.38564297206e-8,1.30809624466e-7,7.00434839018e-7,9.63875663729e-8,2.16321893731e-7,4.30129247775e-8,3.21117035185e-8,1.96743783931e-7,2.60387924556e-8,2.50431426707e-8,9.88873622987e-8,7.80995046412e-10,1.68522126809e-10,1.45309762487e-11]},"barkbands_crest":{"dmean":1.88329672813,"dmean2":3.09534692764,"dvar":3.57606601715,"dvar2":10.5338487625,"max":26.4409503937,"mean":11.7347564697,"median":11.1100215912,"min":3.78256130219,"var":13.3865737915},"barkbands_flatness_db":{"dmean":0.0199057236314,"dmean2":0.0299902912229,"dvar":0.000527465133928,"dvar2":0.00108385330532,"max":0.479751616716,"mean":0.260155588388,"median":0.258317291737,"min":0.0586075671017,"var":0.00505272857845},"barkbands_kurtosis":{"dmean":4.64958095551,"dmean2":7.44399642944,"dvar":51.9509849548,"dvar2":137.955947876,"max":291.783752441,"mean":14.1863451004,"median":10.5665369034,"min":-1.98381531239,"var":279.740112305},"barkbands_skewness":{"dmean":0.483397603035,"dmean2":0.769035518169,"dvar":0.294586360455,"dvar2":0.792459249496,"max":9.47986030579,"mean":2.50071954727,"median":2.46486139297,"min":-15.4035482407,"var":2.1233150959},"barkbands_spread":{"dmean":2.1801943779,"dmean2":3.31153035164,"dvar":24.1194000244,"dvar2":50.5045623779,"max":166.917709351,"mean":7.73664236069,"median":4.7571554184,"min":0.463636338711,"var":114.909713745},"dissonance":{"dmean":0.0212512146682,"dmean2":0.0350690335035,"dvar":0.000480370654259,"dvar2":0.00127402704675,"max":0.5,"mean":0.44460195303,"median":0.452690124512,"min":0.224870890379,"var":0.00137491512578},"dynamic_complexity":2.97494745255,"erbbands":{"dmean":[0.029507054016,0.555930495262,2.16837382317,8.23833751678,15.163146019,10.8460817337,6.54098081589,8.90142440796,10.9047756195,7.71149301529,7.6314406395,6.24040269852,4.34134674072,5.2422375679,2.15807390213,4.96381807327,4.78079223633,1.86472332478,3.21085691452,2.62754583359,7.00375795364,4.46025705338,2.85328221321,2.00757908821,1.46578884125,1.16533100605,1.77081882954,1.18438243866,0.689630866051,0.601885318756,0.41182154417,0.735899567604,0.348296016455,0.0681484267116,0.0259835142642,0.0130900628865,0.00419884873554,0.000878476595972,0.000149223735207,0.0000149945444718],"dmean2":[0.0501331277192,0.933116912842,3.52876543999,13.4241571426,24.1187286377,17.5206260681,10.0942840576,14.0559120178,16.9289264679,11.1799182892,10.9513339996,8.6570520401,6.1416592598,7.7355222702,3.26205945015,7.51618146896,7.32109069824,2.86882281303,4.98419237137,4.01581573486,10.9642114639,7.18349266052,4.49682044983,3.15583658218,2.34795379639,1.77956593037,2.86974334717,1.70988118649,0.992818176746,0.857514739037,0.580197036266,1.07049524784,0.50092446804,0.107621833682,0.0416396446526,0.0218284558505,0.00668542692438,0.00139103969559,0.000259526452282,0.0000251128294622],"dvar":[0.00423317821696,0.933125734329,10.9391345978,199.355041504,554.823974609,403.357391357,131.095230103,293.977874756,740.271118164,758.560546875,692.470947266,605.975341797,316.574859619,302.712249756,36.7783737183,246.994522095,349.624725342,20.9140605927,54.5835266113,56.033821106,786.515014648,198.565246582,771.50970459,45.9284973145,185.244842529,47.3411712646,846.791931152,45.9516334534,11.917798996,14.2856836319,6.12153291702,29.8666229248,6.94435119629,0.129633679986,0.0157081764191,0.0036880208645,0.000406313745771,0.0000230045989156,7.2155989983e-7,1.58388147042e-9],"dvar2":[0.0122565068305,3.03207492828,31.4385204315,593.161315918,1522.6595459,1164.69787598,330.095611572,745.570800781,1796.1796875,1613.06103516,1332.30786133,1134.35412598,610.319274902,675.749389648,83.6452941895,498.896728516,777.967773438,42.011920929,118.059394836,114.958709717,1551.14379883,520.807250977,2016.20458984,104.268302917,504.691894531,93.7029800415,2396.32421875,91.2851028442,22.8322715759,27.0646209717,10.5584154129,60.3812026978,13.080321312,0.279273271561,0.0359732732177,0.00984773505479,0.000982384779491,0.0000543210298929,0.00000198057546186,4.47828174543e-9],"max":[1.34514188766,16.2194061279,70.3894271851,230.667098999,322.185333252,445.112640381,240.57611084,336.847259521,766.026428223,887.196411133,945.391418457,905.764587402,833.138427734,867.077148438,198.239089966,480.11050415,838.768493652,230.27003479,232.471435547,352.669403076,1195.1348877,540.679992676,2146.5793457,286.054351807,862.041625977,408.187255859,1871.1953125,244.266311646,126.407951355,136.6690979,128.759689331,237.683654785,125.910736084,13.0710487366,5.19514942169,1.32593309879,0.82903110981,0.248206868768,0.0273569487035,0.00114357075654],"mean":[0.151868000627,2.47744083405,6.70836257935,19.2911128998,35.6557197571,26.4948482513,16.8460464478,19.6787643433,22.4803733826,17.0041275024,17.2992038727,15.4883871078,11.0352573395,15.4936819077,5.63294887543,12.7872867584,13.1118116379,4.22349643707,7.2577996254,5.82432413101,15.1022233963,8.93770694733,5.18221187592,3.78949308395,2.56793451309,1.83270454407,2.12381482124,1.85780417919,1.18071782589,0.988308191299,0.706550776958,1.12289893627,0.513519227505,0.0981671959162,0.034444000572,0.016418620944,0.00553433597088,0.00112256908324,0.000160597453942,0.000051420814998],"median":[0.124712914228,2.03759622574,4.269780159,11.427022934,25.4610404968,17.217792511,9.8051404953,9.74915599823,9.09157657623,4.19726848602,3.92736673355,3.40458154678,2.71093463898,3.40522003174,2.18882679939,3.33832406998,3.34419107437,1.8959980011,2.57634735107,1.71928906441,3.03824996948,2.38531112671,1.41510057449,0.815687775612,0.51359385252,0.246740102768,0.134866148233,0.114233709872,0.0891215205193,0.0525387004018,0.0374965965748,0.0398303084075,0.0220889076591,0.00976929347962,0.00459312368184,0.00213159387931,0.000730980886146,0.000237716783886,0.0000584698864259,0.0000453289831057],"min":[9.38695315401e-23,5.86205694113e-22,1.4365846233e-21,3.40339222119e-21,1.21856952044e-20,3.52921648978e-20,3.99995140545e-20,5.03664361935e-20,1.12775982333e-19,1.41849558482e-19,2.10613056954e-19,2.91250035186e-19,5.30459087808e-19,7.51778601924e-19,5.35918014561e-19,9.99109482487e-19,1.62753699861e-18,1.38334552697e-18,2.26237392371e-18,3.14330638683e-18,2.99132704532e-18,5.45113802111e-18,5.705720639e-18,5.84854619306e-18,7.25268983236e-18,7.78128554074e-18,9.12792068873e-18,8.82447361692e-18,1.13882611957e-17,9.85770905596e-18,1.14498836698e-17,1.08978531075e-17,9.09913728495e-18,9.04363594739e-18,6.41465206068e-18,4.01897115701e-18,2.16913329789e-18,1.00740600063e-18,2.30935773081e-19,2.56936676984e-20],"var":[0.0195624008775,3.96554112434,50.6383972168,520.738830566,1364.06225586,1013.94927979,443.018127441,844.198791504,1591.80358887,2364.96606445,2594.39404297,2987.39428711,1550.0949707,2269.53271484,144.011611938,1043.62072754,2288.67114258,70.7036132812,213.953125,167.439987183,3281.30078125,362.405517578,673.339477539,82.2831268311,140.855422974,73.4579544067,609.883850098,97.6432189941,28.8381671906,34.7669258118,18.6967372894,63.4616127014,14.2370109558,0.26274228096,0.0255713295192,0.00373358791694,0.000551772187464,0.000032995321817,5.35239394139e-7,1.81948578426e-9]},"erbbands_crest":{"dmean":2.15002775192,"dmean2":3.41903114319,"dvar":4.62554216385,"dvar2":11.7865390778,"max":30.9962406158,"mean":10.9701108932,"median":10.2856702805,"min":2.47080302238,"var":19.3708572388},"erbbands_flatness_db":{"dmean":0.0143859228119,"dmean2":0.0218020249158,"dvar":0.000284040317638,"dvar2":0.000593857781496,"max":0.407484710217,"mean":0.207415238023,"median":0.207435131073,"min":0.0182661823928,"var":0.00275117671117},"erbbands_kurtosis":{"dmean":1.3136818409,"dmean2":2.04604578018,"dvar":4.49835538864,"dvar2":10.0259580612,"max":119.455879211,"mean":1.99095392227,"median":0.593277454376,"min":-1.84947109222,"var":27.0672340393},"erbbands_skewness":{"dmean":0.359338641167,"dmean2":0.549980998039,"dvar":0.16248613596,"dvar2":0.345123052597,"max":9.94169807434,"mean":1.02107441425,"median":0.976212620735,"min":-4.25827503204,"var":1.07591509819},"erbbands_spread":{"dmean":5.84442520142,"dmean2":9.00077724457,"dvar":84.654006958,"dvar2":180.847335815,"max":148.284851074,"mean":30.8263149261,"median":26.8347015381,"min":1.97262525558,"var":343.327697754},"gfcc":{"cov":[[23234.2382812,1406.38720703,-2286.44628906,1210.22119141,-1637.83288574,312.201385498,-805.358093262,138.933120728,-309.659057617,117.529312134,-150.301025391,109.843505859,-165.417373657],[1406.38720703,1877.07995605,-215.318222046,-401.809967041,439.132659912,-319.595214844,1.91152882576,-133.418579102,-13.2993612289,-132.574142456,14.989906311,-46.8776664734,-10.7034769058],[-2286.44628906,-215.318222046,940.477111816,-152.124282837,-7.96218824387,210.369216919,41.7966766357,105.920936584,50.3066711426,-11.94572258,36.9654083252,-11.3851947784,17.6379909515],[1210.22119141,-401.809967041,-152.124282837,442.950714111,-145.069793701,53.2927436829,-50.2913398743,-24.2482738495,8.79571533203,64.4595031738,-15.0021095276,15.2067289352,16.7400150299],[-1637.83288574,439.132659912,-7.96218824387,-145.069793701,604.883422852,-181.248535156,53.7151260376,-77.1106491089,-8.39519309998,-26.9247779846,-30.9668865204,22.1541862488,30.5238819122],[312.201385498,-319.595214844,210.369216919,53.2927436829,-181.248535156,264.727630615,19.87408638,84.6681594849,-6.63021039963,8.78311634064,29.3049736023,14.5111322403,-0.641290187836],[-805.358093262,1.91152882576,41.7966766357,-50.2913398743,53.7151260376,19.87408638,172.491867065,17.9887199402,-4.31905412674,-16.659236908,17.5883674622,-5.30531644821,0.274741560221],[138.933120728,-133.418579102,105.920936584,-24.2482738495,-77.1106491089,84.6681594849,17.9887199402,160.100341797,28.7145786285,17.3863372803,-3.48750257492,12.6989984512,2.54787683487],[-309.659057617,-13.2993612289,50.3066711426,8.79571533203,-8.39519309998,-6.63021039963,-4.31905412674,28.7145786285,103.892402649,29.4975223541,7.26845121384,-13.3601751328,7.10127449036],[117.529312134,-132.574142456,-11.94572258,64.4595031738,-26.9247779846,8.78311634064,-16.659236908,17.3863372803,29.4975223541,93.3228988647,27.7304897308,31.5876579285,3.33260583878],[-150.301025391,14.989906311,36.9654083252,-15.0021095276,-30.9668865204,29.3049736023,17.5883674622,-3.48750257492,7.26845121384,27.7304897308,106.195762634,37.960723877,4.6238360405],[109.843505859,-46.8776664734,-11.3851947784,15.2067289352,22.1541862488,14.5111322403,-5.30531644821,12.6989984512,-13.3601751328,31.5876579285,37.960723877,91.9839935303,29.318271637],[-165.417373657,-10.7034769058,17.6379909515,16.7400150299,30.5238819122,-0.641290187836,0.274741560221,2.54787683487,7.10127449036,3.33260583878,4.6238360405,29.318271637,59.1525268555]],"icov":[[0.000437544891611,-0.00112553953659,0.000827546173241,-0.00117362290621,0.00114550255239,-0.00132529530674,0.0011975618545,-0.000945992826018,0.00113035272807,-0.000804860086646,0.00125291047152,-0.00101398513652,0.000849280680995],[-0.00112553953659,0.003882372519,-0.00189052394126,0.00363746564835,-0.00338364741765,0.00396665511653,-0.00270376447588,0.00251674326137,-0.00314233195968,0.00314406258985,-0.00411559967324,0.00303695956245,-0.00220093177631],[0.000827546173241,-0.00189052394126,0.003249644069,-0.00142676348332,0.00167942547705,-0.00401398399845,0.00252433214337,-0.00200819852762,0.00135756283998,-0.00128076819237,0.00179403671063,-0.00103787111584,0.000854903482832],[-0.00117362290621,0.00363746564835,-0.00142676348332,0.00698094256222,-0.00271725421771,0.00253345142119,-0.0027296114713,0.00407249061391,-0.00349031807855,0.000280144391581,-0.00235481746495,0.00304945372045,-0.00383119238541],[0.00114550255239,-0.00338364741765,0.00167942547705,-0.00271725421771,0.00589595548809,-0.00201820326038,0.00189798732754,-0.00144551147241,0.00295035843737,-0.00264240778051,0.00505716260523,-0.00444071786478,0.0014487921726],[-0.00132529530674,0.00396665511653,-0.00401398399845,0.00253345142119,-0.00201820326038,0.011967221275,-0.00432227365673,0.000276425795164,-0.00166372465901,0.00395546294749,-0.00550989480689,0.0023358152248,-0.00207924889401],[0.0011975618545,-0.00270376447588,0.00252433214337,-0.0027296114713,0.00189798732754,-0.00432227365673,0.0101917237043,-0.00379207823426,0.00347598572262,-0.000791307189502,0.000975011033006,-0.000972104782704,0.00200208975002],[-0.000945992826018,0.00251674326137,-0.00200819852762,0.00407249061391,-0.00144551147241,0.000276425795164,-0.00379207823426,0.0117516797036,-0.00547071918845,0.000195376036572,0.000746290024836,-0.00072620989522,-0.00153603497893],[0.00113035272807,-0.00314233195968,0.00135756283998,-0.00349031807855,0.00295035843737,-0.00166372465901,0.00347598572262,-0.00547071918845,0.0164612084627,-0.00724846264347,0.0013811243698,0.00303386244923,-0.00132510322146],[-0.000804860086646,0.00314406258985,-0.00128076819237,0.000280144391581,-0.00264240778051,0.00395546294749,-0.000791307189502,0.000195376036572,-0.00724846264347,0.0198429226875,-0.00630120048299,-0.00362612423487,0.00206449255347],[0.00125291047152,-0.00411559967324,0.00179403671063,-0.00235481746495,0.00505716260523,-0.00550989480689,0.000975011033006,0.000746290024836,0.0013811243698,-0.00630120048299,0.0185982435942,-0.00990990642458,0.00383160589263],[-0.00101398513652,0.00303695956245,-0.00103787111584,0.00304945372045,-0.00444071786478,0.0023358152248,-0.000972104782704,-0.00072620989522,0.00303386244923,-0.00362612423487,-0.00990990642458,0.0231318026781,-0.011337232776],[0.000849280680995,-0.00220093177631,0.000854903482832,-0.00383119238541,0.0014487921726,-0.00207924889401,0.00200208975002,-0.00153603497893,-0.00132510322146,0.00206449255347,0.00383160589263,-0.011337232776,0.0243606176227]],"mean":[-85.4815063477,158.326400757,-81.2865524292,25.823633194,-25.9547386169,-1.16423678398,-34.4382972717,-3.09051442146,-18.913192749,-11.2624025345,-13.6825485229,-3.63312721252,-10.2172164917]},"hfc":{"dmean":2.61661171913,"dmean2":3.92594599724,"dvar":24.1000232697,"dvar2":48.8445625305,"max":180.993164062,"mean":11.1795759201,"median":8.56521511078,"min":1.07663869766e-16,"var":104.677818298},"melbands":{"dmean":[0.000408353982493,0.000992059591226,0.00158593896776,0.00095971103292,0.000247770076385,0.000194930180442,0.000164085126016,0.0000812088255771,0.0000590514791838,0.000038366746594,0.000021868816475,0.0000226317079068,0.00000762333456805,0.0000117251511256,0.0000127728599182,0.00000765372260503,0.00000342696557709,0.00000492277149533,0.00000604252363701,0.00000273946125162,0.00000987855128187,0.00000455874260297,0.00000479962591271,0.00000154346378167,0.00000180116762749,0.00000132447689793,8.07615890608e-7,8.11818324564e-7,0.00000123926599827,8.97339646144e-7,6.78202695781e-7,4.17554247178e-7,3.88152585629e-7,3.27660728772e-7,2.35300049667e-7,3.611311854e-7,5.02820228121e-7,3.11877755621e-7,8.99916514641e-8,5.04251609357e-8],"dmean2":[0.000690288317855,0.00163109472487,0.00256549892947,0.00151879573241,0.000393404538045,0.000307238544337,0.000254391110502,0.000116720286314,0.000083930157416,0.0000539108368685,0.0000310477516905,0.0000335086733685,0.0000116127866931,0.0000174160104507,0.000019814053303,0.0000116981909741,0.00000535660865353,0.00000778955563874,0.00000925013409869,0.00000430486352343,0.000015502109818,0.00000746854584577,0.00000777753484726,0.00000244705483965,0.00000286864201371,0.00000214782926378,0.00000126935390199,0.00000126687393731,0.00000212024565371,0.00000135200298246,9.77319018602e-7,6.1740951196e-7,5.78372976179e-7,4.72989228228e-7,3.35897510695e-7,5.21047866187e-7,7.34112290957e-7,4.54193184396e-7,1.41845376334e-7,8.15487268824e-8],"dvar":[5.74972659706e-7,0.0000022095073291,0.0000065211902438,0.00000216264788833,1.82330197163e-7,1.33739845865e-7,1.59515693099e-7,7.98148036552e-8,3.64654511031e-8,2.16000675124e-8,7.88334109103e-9,5.70186875493e-9,6.30360208476e-10,1.48841661218e-9,1.13309761574e-9,8.55110204867e-10,8.12521716576e-11,1.14233518478e-10,3.84279247312e-10,5.35028792104e-11,1.5319197022e-9,1.88020168879e-10,1.55876977992e-9,9.00237037693e-11,3.68312949584e-11,8.76707109687e-11,8.16729045505e-11,2.34966334584e-11,5.96308391554e-10,5.56870452528e-11,1.28049662887e-11,3.79339008122e-12,6.35961899462e-12,4.2931990428e-12,2.17041098635e-12,6.60461225641e-12,1.44808514138e-11,6.32378134233e-12,3.88804331612e-13,7.87051698229e-14],"dvar2":[0.00000179472374384,0.00000663929313305,0.0000197482604563,0.00000608562095294,4.8316030643e-7,3.3899061691e-7,3.85853269336e-7,1.64598986885e-7,6.8328404268e-8,4.10687128749e-8,1.50335601745e-8,1.27140422634e-8,1.41507616735e-9,2.80371037498e-9,2.48916220968e-9,1.85715354206e-9,1.68910538334e-10,2.57541099558e-10,7.81787468096e-10,1.19028994994e-10,3.00589930724e-9,5.11154785166e-10,4.21315338173e-9,2.17957873971e-10,8.74174690968e-11,2.32643460052e-10,2.12698345048e-10,5.14139911201e-11,1.72220737671e-9,1.20512960722e-10,2.70543309977e-11,7.80775704506e-12,1.40187280187e-11,7.99610551383e-12,4.43500618175e-12,1.4176117745e-11,2.94765288567e-11,1.24686779998e-11,8.01114274744e-13,1.89266937084e-13],"max":[0.0141514483839,0.0313501209021,0.0356576293707,0.0273050162941,0.00717152701691,0.00746276509017,0.0111469393596,0.00817416235805,0.00637191161513,0.00550572341308,0.00405812542886,0.00379790761508,0.00108756474219,0.00164911383763,0.00112522533163,0.00126789917704,0.000432356493548,0.000337013188982,0.00100270682015,0.000177725029062,0.00168878270779,0.000339418649673,0.00300833932124,0.000629958929494,0.00025940904743,0.000530073128175,0.000641000457108,0.000305562833091,0.00154734053649,0.000286339170998,0.000115683775221,0.0000624577514827,0.0000964768405538,0.0000618044578005,0.000077165212133,0.000117753923405,0.000158778115292,0.000116104070912,0.000040160241042,0.00001387546763],"mean":[0.00205750623718,0.00354036898352,0.00387119501829,0.00236192462035,0.000644343323074,0.000431545311585,0.000342383718817,0.000180006158189,0.000133475899929,0.0000939900564845,0.0000528055097675,0.0000651739610475,0.0000175687600859,0.0000284679390461,0.0000330007133016,0.0000198162342713,0.00000657862074149,0.0000104771461338,0.0000118895177366,0.00000575535250391,0.0000205873984669,0.00000842175995786,0.00000777928835305,0.0000027198866519,0.00000316194746119,0.00000225658459385,0.00000124791665712,0.00000117957767998,0.00000131416720706,0.00000122967378502,0.00000104694993297,6.83984978878e-7,5.92191327087e-7,5.26038206772e-7,3.69459399963e-7,5.32632839167e-7,7.45520196688e-7,4.39635954308e-7,1.26644465581e-7,6.65887114337e-8],"median":[0.00173320691101,0.00296788220294,0.00260390387848,0.00174076715484,0.000395543291233,0.000221017049626,0.000135317881359,0.0000402613040933,0.0000300092542602,0.0000188485300896,0.0000125882434077,0.0000136345552164,0.0000051206829994,0.00000723489802112,0.00000922141862247,0.00000460785804535,0.00000268017265626,0.00000381497375201,0.00000293384391625,0.00000181380596587,0.00000390002333006,0.00000231752437685,0.00000183536735676,7.58663645684e-7,6.12064468442e-7,4.59738146219e-7,2.15262545566e-7,1.43062763414e-7,8.75319301485e-8,5.77525938183e-8,6.62603696355e-8,5.47094956005e-8,3.54478437714e-8,2.31412915497e-8,1.89263111849e-8,2.25191527647e-8,2.32199894867e-8,1.57924073818e-8,8.87519124859e-9,7.63428165129e-9],"min":[1.42999458973e-24,1.67731865517e-24,7.94890859373e-25,1.0778529981e-24,1.12760369438e-24,1.03123200886e-24,1.53312296752e-24,1.55441974677e-24,1.80852397308e-24,1.20465588051e-24,2.57119351295e-24,2.39376015714e-24,1.71094602062e-24,2.13945210889e-24,2.28488532209e-24,4.14493946443e-24,1.99720234388e-24,1.85181527905e-24,2.86901019835e-24,3.44051191962e-24,2.78379428792e-24,4.75124217897e-24,4.63634340483e-24,3.73629413274e-24,3.39686109029e-24,4.21258034275e-24,4.81034048254e-24,4.51989254686e-24,5.18820051741e-24,5.09679757091e-24,5.17540164365e-24,5.73684381066e-24,3.93542707991e-24,5.19144194687e-24,5.5883711164e-24,6.21274545098e-24,5.3738478874e-24,5.92627297983e-24,6.33970433064e-24,6.17336551459e-24],"var":[0.00000288474529953,0.00000947638636717,0.0000159203464136,0.00000513668101121,5.88797149703e-7,3.81204898758e-7,3.56544632041e-7,2.69856542445e-7,1.4250605318e-7,1.1264383204e-7,3.77608451174e-8,4.22268300326e-8,2.41295028403e-9,6.0878186936e-9,6.31620800107e-9,5.15764053688e-9,2.14921982988e-10,4.35817687494e-10,1.05480280066e-9,1.65691904641e-10,6.42918696059e-9,3.22480570025e-10,1.37595512761e-9,9.25202622848e-11,6.09828437748e-11,7.53964599087e-11,6.70426353322e-11,3.24442417377e-11,3.80227904717e-10,8.39745148418e-11,2.61042559097e-11,8.37827984074e-12,1.14946168903e-11,1.10250393884e-11,5.44635170296e-12,1.32906333508e-11,2.96629769359e-11,1.13110085534e-11,8.23449327388e-13,1.34489858486e-13]},"melbands_crest":{"dmean":2.3678548336,"dmean2":3.87177586555,"dvar":5.84700250626,"dvar2":17.2051906586,"max":38.2547225952,"mean":15.9199171066,"median":15.1403493881,"min":1.59321248531,"var":25.5307693481},"melbands_flatness_db":{"dmean":0.0228893384337,"dmean2":0.0341096408665,"dvar":0.000765469274484,"dvar2":0.00151611561887,"max":0.623054623604,"mean":0.362546086311,"median":0.362045526505,"min":0.0038428613916,"var":0.00900344271213},"melbands_kurtosis":{"dmean":8.4757270813,"dmean2":13.743803978,"dvar":142.254074097,"dvar2":405.44128418,"max":330.064941406,"mean":27.4704914093,"median":21.5551986694,"min":-1.45942604542,"var":650.984863281},"melbands_skewness":{"dmean":0.615518271923,"dmean2":0.980770111084,"dvar":0.462350487709,"dvar2":1.22854340076,"max":17.1044006348,"mean":3.57210612297,"median":3.40263223648,"min":-0.597118020058,"var":2.72050452232},"melbands_spread":{"dmean":2.03290939331,"dmean2":3.18651771545,"dvar":22.8664722443,"dvar2":55.4773254395,"max":195.084701538,"mean":7.86182880402,"median":4.25063800812,"min":0.464126139879,"var":249.441879272},"mfcc":{"cov":[[9518.3359375,-171.385498047,-521.773254395,561.871276855,-448.221740723,0.310236632824,-203.235855103,-64.4778671265,-143.769638062,9.96709632874,-31.5710105896,121.013206482,-55.1612243652],[-171.385498047,2074.55102539,-148.047042847,-14.0122127533,299.45501709,-72.6572341919,37.9723930359,34.2437934875,-30.6671619415,-90.3544464111,20.6939296722,-52.2969589233,29.0270729065],[-521.773254395,-148.047042847,839.674621582,-191.84854126,-70.4985809326,40.944984436,9.84989738464,87.4049835205,9.45660591125,123.832221985,-33.7484779358,55.8622627258,10.2480916977],[561.871276855,-14.0122127533,-191.84854126,303.693481445,56.076789856,41.5679397583,-18.1000709534,-53.2042503357,13.6614151001,-38.2299499512,6.37644100189,1.51988506317,3.74540019035],[-448.221740723,299.45501709,-70.4985809326,56.076789856,275.098632812,39.0064811707,1.56416392326,-18.5002555847,21.561466217,-41.3221321106,-17.2435455322,-19.8796367645,15.8034753799],[0.310236632824,-72.6572341919,40.944984436,41.5679397583,39.0064811707,117.950187683,24.8805923462,-5.65240287781,3.02405929565,-10.1496515274,-5.26106882095,15.718547821,-0.90808814764],[-203.235855103,37.9723930359,9.84989738464,-18.1000709534,1.56416392326,24.8805923462,132.727142334,52.9932632446,3.35829019547,-17.319978714,8.98721408844,-4.53864240646,5.5596036911],[-64.4778671265,34.2437934875,87.4049835205,-53.2042503357,-18.5002555847,-5.65240287781,52.9932632446,106.207321167,27.7776947021,23.7701873779,3.03284478188,-6.37154579163,-0.791755259037],[-143.769638062,-30.6671619415,9.45660591125,13.6614151001,21.561466217,3.02405929565,3.35829019547,27.7776947021,102.358016968,27.6876964569,5.97488594055,-13.0387210846,-8.78577136993],[9.96709632874,-90.3544464111,123.832221985,-38.2299499512,-41.3221321106,-10.1496515274,-17.319978714,23.7701873779,27.6876964569,99.5892486572,18.3309059143,5.06611347198,-17.025220871],[-31.5710105896,20.6939296722,-33.7484779358,6.37644100189,-17.2435455322,-5.26106882095,8.98721408844,3.03284478188,5.97488594055,18.3309059143,73.1898117065,16.3399066925,1.00124621391],[121.013206482,-52.2969589233,55.8622627258,1.51988506317,-19.8796367645,15.718547821,-4.53864240646,-6.37154579163,-13.0387210846,5.06611347198,16.3399066925,81.6719589233,41.1769828796],[-55.1612243652,29.0270729065,10.2480916977,3.74540019035,15.8034753799,-0.90808814764,5.5596036911,-0.791755259037,-8.78577136993,-17.025220871,1.00124621391,41.1769828796,85.7543029785]],"icov":[[0.000164556826348,-0.0000557927996852,0.000139609386679,-0.000352570961695,0.000362253631465,-0.000103577884147,0.000267671304755,-0.000302775297314,0.000249070639256,-0.000196557855816,0.000352922885213,-0.000391539564589,0.000205826931051],[-0.0000557927996852,0.000689772074111,-0.0000846887778607,0.000165265009855,-0.00096996728098,0.00067581894109,-0.000108524749521,-0.000344176776707,0.000334088836098,0.000519041204825,-0.000669069355354,0.000396712945076,-0.000122103025205],[0.000139609386679,-0.0000846887778607,0.0022054691799,0.000632847368252,0.000411093729781,-0.00122820318211,0.000334968295647,-0.00126179563813,0.000538208521903,-0.00262121809646,0.00205859960988,-0.00170565908775,0.0000348473913618],[-0.000352570961695,0.000165265009855,0.000632847368252,0.00529486127198,-0.0010650238255,-0.00149751710705,-0.000142479169881,0.00195664027706,-0.001637395937,0.000855105696246,-0.000961485144217,0.000441112904809,-0.000580474501476],[0.000362253631465,-0.00096996728098,0.000411093729781,-0.0010650238255,0.00638622604311,-0.00261280150153,0.00096014875453,0.00038202421274,-0.00130912836175,0.00044055483886,0.00175341439899,0.00069033249747,-0.00110317126382],[-0.000103577884147,0.00067581894109,-0.00122820318211,-0.00149751710705,-0.00261280150153,0.0120201045647,-0.00326353218406,0.0013789065415,-0.000267977535259,0.0014205663465,0.000215558582568,-0.00296629802324,0.00242630159482],[0.000267671304755,-0.000108524749521,0.000334968295647,-0.000142479169881,0.00096014875453,-0.00326353218406,0.0118690505624,-0.00694411853328,0.00106416468043,0.00310481456108,-0.00193153577857,0.000939877820201,-0.000573314260691],[-0.000302775297314,-0.000344176776707,-0.00126179563813,0.00195664027706,0.00038202421274,0.0013789065415,-0.00694411853328,0.0166515540332,-0.0044444068335,-0.00190132716671,0.0000234968938457,0.00178057875019,-0.00115286931396],[0.000249070639256,0.000334088836098,0.000538208521903,-0.001637395937,-0.00130912836175,-0.000267977535259,0.00106416468043,-0.0044444068335,0.0131092211232,-0.00399078568444,-0.000227693235502,0.00127636967227,0.000123262172565],[-0.000196557855816,0.000519041204825,-0.00262121809646,0.000855105696246,0.00044055483886,0.0014205663465,0.00310481456108,-0.00190132716671,-0.00399078568444,0.0181080829352,-0.00591759942472,0.000260996690486,0.00281877210364],[0.000352922885213,-0.000669069355354,0.00205859960988,-0.000961485144217,0.00175341439899,0.000215558582568,-0.00193153577857,0.0000234968938457,-0.000227693235502,-0.00591759942472,0.018583279103,-0.00628396170214,0.00165630574338],[-0.000391539564589,0.000396712945076,-0.00170565908775,0.000441112904809,0.00069033249747,-0.00296629802324,0.000939877820201,0.00178057875019,0.00127636967227,0.000260996690486,-0.00628396170214,0.022016601637,-0.0107205407694],[0.000205826931051,-0.000122103025205,0.0000348473913618,-0.000580474501476,-0.00110317126382,0.00242630159482,-0.000573314260691,-0.00115286931396,0.000123262172565,0.00281877210364,0.00165630574338,-0.0107205407694,0.0178122967482]],"mean":[-730.421508789,188.842041016,14.4021167755,35.6542129517,24.258562088,7.57458591461,-0.881912887096,6.50506305695,-1.91917550564,-4.86319112778,-3.71897935867,0.517230153084,-4.29767131805]},"pitch_salience":{"dmean":0.0525197871029,"dmean2":0.0863600075245,"dvar":0.00266277045012,"dvar2":0.00760538782924,"max":0.981966793537,"mean":0.539902091026,"median":0.546564817429,"min":0.096535846591,"var":0.0114345997572},"silence_rate_20dB":{"dmean":0,"dmean2":0,"dvar":0,"dvar2":0,"max":1,"mean":1,"median":1,"min":1,"var":0},"silence_rate_30dB":{"dmean":0.00719991000369,"dmean2":0.0144014405087,"dvar":0.00714838458225,"dvar2":0.0189205724746,"max":1,"mean":0.992913365364,"median":1,"min":0,"var":0.00703601259738},"silence_rate_60dB":{"dmean":0.000899988750461,"dmean2":0.00180018006358,"dvar":0.000899107777514,"dvar2":0.00247200485319,"max":1,"mean":0.0426321700215,"median":0,"min":0,"var":0.0408148914576},"spectral_centroid":{"dmean":102.923370361,"dmean2":157.174545288,"dvar":52404.5664062,"dvar2":102366.304688,"max":12131.9345703,"mean":587.427978516,"median":355.962280273,"min":150.979110718,"var":1211689.75},"spectral_complexity":{"dmean":1.89380133152,"dmean2":2.98582363129,"dvar":6.04490756989,"dvar2":11.523068428,"max":43,"mean":10.8196849823,"median":10,"min":0,"var":40.695930481},"spectral_contrast_coeffs":{"dmean":[0.0414006412029,0.0393783599138,0.0302168037742,0.0233889333904,0.0199342463166,0.0182825662196],"dmean2":[0.0688821673393,0.0640996769071,0.048898678273,0.0383249111474,0.0326816178858,0.0289158821106],"dvar":[0.00126414920669,0.00112687738147,0.000623812724371,0.000357663317118,0.000318075966788,0.00046772317728],"dvar2":[0.00363064766861,0.0030191896949,0.00158076570369,0.000943661783822,0.000801279267762,0.000973304151557],"max":[-0.310390233994,-0.450663626194,-0.480992883444,-0.523855447769,-0.574999570847,-0.532851934433],"mean":[-0.583722352982,-0.703440070152,-0.77172100544,-0.804014265537,-0.788825333118,-0.789481043816],"median":[-0.581259965897,-0.703136086464,-0.779709160328,-0.807376027107,-0.787522435188,-0.793494343758],"min":[-0.978738367558,-0.977352797985,-0.986385881901,-0.970456659794,-0.969099879265,-0.964971244335],"var":[0.00748073728755,0.00688025448471,0.00446434132755,0.00227270834148,0.00177424633875,0.00348565122113]},"spectral_contrast_valleys":{"dmean":[0.299878180027,0.29340004921,0.270453989506,0.243284881115,0.245642989874,0.225619360805],"dmean2":[0.499378174543,0.476788461208,0.436713278294,0.383989304304,0.367998182774,0.330535948277],"dvar":[0.089227758348,0.0800881609321,0.0701500922441,0.0757862925529,0.11347733438,0.133937090635],"dvar2":[0.208666607738,0.173119023442,0.139435917139,0.128029152751,0.1770080477,0.240672931075],"max":[-5.08865499496,-4.8148856163,-5.4195098877,-6.40758323669,-5.99351596832,-7.82326316833],"mean":[-6.95853376389,-7.27126932144,-8.17394351959,-8.56079292297,-8.94501972198,-11.9656963348],"median":[-6.52653169632,-6.94465351105,-7.86241054535,-8.25920295715,-8.6438293457,-11.6327390671],"min":[-28.3108730316,-28.0080337524,-27.923784256,-27.6001148224,-27.4693698883,-27.4156112671],"var":[5.2978849411,5.13792610168,4.57448196411,4.5240111351,4.74496126175,3.93516802788]},"spectral_decrease":{"dmean":2.31806041029e-9,"dmean2":3.75999009705e-9,"dvar":8.5265562475e-18,"dvar2":2.45455970239e-17,"max":6.4015446725e-16,"mean":-1.03095150195e-8,"median":-9.43766664818e-9,"min":-3.90448384735e-8,"var":3.66764472068e-17},"spectral_energy":{"dmean":0.00891218800098,"dmean2":0.0144486092031,"dvar":0.000125673715957,"dvar2":0.000361277896445,"max":0.149870559573,"mean":0.0399245321751,"median":0.0365127027035,"min":1.01725484275e-20,"var":0.000547771924175},"spectral_energyband_high":{"dmean":0.000106162995507,"dmean2":0.000149567058543,"dvar":4.44618052597e-7,"dvar2":8.78463367826e-7,"max":0.0363890044391,"mean":0.000187709491001,"median":0.0000152938064275,"min":7.21698201567e-21,"var":9.80651861937e-7},"spectral_energyband_low":{"dmean":0.00502896960825,"dmean2":0.00829447619617,"dvar":0.0000502910297655,"dvar2":0.000147364873555,"max":0.110665723681,"mean":0.0193280018866,"median":0.017253305763,"min":1.78900242669e-23,"var":0.00020560194389},"spectral_energyband_middle_high":{"dmean":0.000507699151058,"dmean2":0.000738302711397,"dvar":0.00000140961856232,"dvar2":0.00000298943973576,"max":0.0454539693892,"mean":0.00179288943764,"median":0.000794160703663,"min":1.08904628432e-21,"var":0.0000081795569713},"spectral_energyband_middle_low":{"dmean":0.0070855403319,"dmean2":0.01137271896,"dvar":0.0000958458549576,"dvar2":0.000275650003459,"max":0.135021775961,"mean":0.0230041537434,"median":0.0180464833975,"min":1.71800879486e-22,"var":0.000309404975269},"spectral_entropy":{"dmean":0.192622616887,"dmean2":0.287732571363,"dvar":0.0533002056181,"dvar2":0.104190319777,"max":9.82556533813,"mean":6.57070064545,"median":6.52217769623,"min":4.39510583878,"var":0.522301375866},"spectral_flux":{"dmean":0.0187959615141,"dmean2":0.0303463190794,"dvar":0.000404488353524,"dvar2":0.00102386763319,"max":0.259497582912,"mean":0.0626580119133,"median":0.0563036873937,"min":6.36255423347e-11,"var":0.00160246540327},"spectral_kurtosis":{"dmean":6.36497831345,"dmean2":10.7091712952,"dvar":75.6219406128,"dvar2":195.619308472,"max":151.292678833,"mean":18.1996459961,"median":13.2310829163,"min":-1.26470780373,"var":321.928833008},"spectral_rms":{"dmean":0.00065873132553,"dmean2":0.00106085534208,"dvar":5.35596427653e-7,"dvar2":0.00000151936751536,"max":0.0120919467881,"mean":0.00590605707839,"median":0.00596842961386,"min":3.15030748883e-12,"var":0.00000406912931794},"spectral_rolloff":{"dmean":124.599464417,"dmean2":218.668548584,"dvar":265937.59375,"dvar2":597114.9375,"max":20068.9453125,"mean":685.851501465,"median":258.3984375,"min":21.533203125,"var":5322138},"spectral_skewness":{"dmean":0.512984335423,"dmean2":0.838915407658,"dvar":0.363416194916,"dvar2":0.871736526489,"max":10.6903009415,"mean":2.90627193451,"median":2.73573303223,"min":-0.161270037293,"var":1.94975244999},"spectral_spread":{"dmean":396559.25,"dmean2":637974.5625,"dvar":609827553280,"dvar2":1378078294020,"max":42133628,"mean":3260027.75,"median":2562055.5,"min":548461.5625,"var":16236533514200},"spectral_strongpeak":{"dmean":0.253486633301,"dmean2":0.439244270325,"dvar":0.235197097063,"dvar2":0.61694842577,"max":13.2241449356,"mean":0.693239092827,"median":0.531785130501,"min":0,"var":0.371071338654},"zerocrossingrate":{"dmean":0.0042743422091,"dmean2":0.00526270270348,"dvar":0.0000769227044657,"dvar2":0.000103928359749,"max":0.8310546875,"mean":0.0277963858098,"median":0.01611328125,"min":0.0029296875,"var":0.00450315373018}},"metadata":{"audio_properties":{"analysis_sample_rate":44100,"bit_rate":320040,"codec":"mp3","downmix":"mix","equal_loudness":0,"length":206.393463135,"lossless":false,"md5_encoded":"3e7d5d2b0793f6642171e32761a9eb04","replay_gain":-12.274438858,"sample_rate":44100},"tags":{"acoustid_fingerprint":["AQADtFKs5VISfETz48mxnMeuI1YuBhqVC0314MNxHP2LZsaPAz9-dBfxCGKP39gCntg_pE-NXzT-Fdfwob1w88ifDzp-Bd-O5ykOLU9y9IiOpbyIK18io2ke1DqCLxCOZo6G8D2O4xHOC5Y5_MhzHCI_I9ixvMMTNE2Fc0WOHjov_PgtDaedBHXCQPsR5tnQK0lxn1ieHCMvPMoRZjp6QscPPTieHc2uoe-ASziaH9oX_Gh-tD-OB_8w5cf_wKBjiA2OME8m8GjRyKxwfcJ8eD-O5_h2uGmQH_rx40eP5sqhX8CP5kEPnbjQHycNEz104AIaiQuOkzjh47iR40DzWbiPH_-FHLUriPGSogryC09O_EFP-ArKRiKO58dpnAjtHOYLnULe4xLhE0_ko3l4nMF11PuQPoSGH51xW3hwHtZDQT_cJCxqqkNOBU-IJj96SbgYo5lyoZ2UI09I44e-RqjTWDAvfPCDyzApC72OPMR7HFeOH_lxQtXxHeExazHh4wSeFceXkgitQ_qRPbhzTE7wBA9ONNmProSW5itOJcR_4VGeoI9EWBMqlcUpHTiSy0J-lGzhKlEV9Ak1VEfOHA2hM3PRB42-FPozoudhNuPxDv6Fczgh77CWoz8O_UdltUivaBn6HRV5eJFUTAsuKWCCcNBvxJIy4-nRHtd5-MzR_diTHPmxNzvW4FFyQdcF6xaO_AjzDJp4pOJk4d4VnNlxeSjlww9yJE0eVOeERw-erQp2hBchJT_yJMOeTzgeCfeeoOGJDnUm3PCPH8cP_0h-5EeZHyc53DgPj8mOTzw84yTeFNfMHEmsIUyOEsd7nCGeEfhToUrugSW0R5j-wx-uJFHR58e_40rkIfEZhDkpXDl65cHn45GOy8cTVD8i5U_xQhcZfKGPPPwifHlwhUKz5Ai5HNqz4H_BKImOSw-052ieID_6pGiOa3nwF_mQPEf1hLBGJfhxrXBUxXjyIC3Fow9-ZHisBPFFNA2TG7WiQ0fDakf4wH-Qm9C1I5cuBX_RMAwFZiUudsePHe8etM_RTCbiaoGO0jkaMg_OBT0C_PARHsc59NCyB8-DP-jRzHigk8Lhnzj2B48OylPwFN_QLNnRQ0-RP0CPJkoOPjjxHpHC8MKPTce_FPSFOjnxF1oO5syDPkekZHgUH6eCXDOaDt_RrMGFP_iORnpx9xBlojaO9mju44f8Bz-CH533IT9qx5B5XKkepKOSHA_qYcodPMWDvIaLd5fxTMuDb4L-YuJwLsiV4MsPP0TI81AvI8yToFKHOzjsCN_RPEa56Mhd6D_ya_g-3AgfUvAHjUV-vJOGkMwuNLml4jm0XOiFO0bDO8Hx4R8cHsVl_PiD8JZyHCnVhBjVQ81ZZLqUET56vCi7wFGOcB-auhG0H0-JXoUfHRp9ID9ejSClg0luhJIcPPg_VF4VnIcPZslD5Mwo4XqGLIG2I3aGMNUTMF9i6CiPSOEYXMqDOrWEPsKPT6jkC_7ww9cjfMPxH68uvITxIzly9DyePQlxPXjzoueDi8fxBHVTxIkNdU-QL_Rw3Dv2o3BIMPvxH3p24dcx-UTzJHGCRy8-nBmqsUOyVEmmIf_RK_AfPNkfTNm-4F