{"lowlevel":{"average_loudness":0.506842255592,"barkbands":{"dmean":[0.00000471508701594,0.000377883232431,0.000773843494244,0.00233628577553,0.00272655673325,0.00105708674528,0.000572181015741,0.000510713784024,0.000169024147908,0.000168276077602,0.00011386123515,0.000369650719222,0.0000903024338186,0.000116686751426,0.0000696222487022,0.000101669189462,0.0000545428811165,0.0000538580934517,0.0000899574079085,0.0000878975188243,0.0000891302915988,0.0000488485929964,0.0000486706667289,0.0000359790865332,0.0000233896043937,0.00000617430305283,1.32912390427e-7],"dmean2":[0.00000753878885007,0.000568599672988,0.00117867556401,0.00406197318807,0.00462925434113,0.00153927970678,0.000909544352908,0.000738900038414,0.000249070988502,0.000241159461439,0.000170447048731,0.000557873107027,0.000139596828376,0.000179536655196,0.000112530717161,0.000159850693308,0.0000803000439191,0.0000847395785968,0.000131367181893,0.000136749906233,0.000133786597871,0.0000746283913031,0.0000737810114515,0.0000566866765439,0.0000382788020943,0.0000102894182419,2.28922061751e-7],"dvar":[2.75317772053e-11,7.44505825878e-7,0.00000196411770048,0.0000209850350075,0.0000272873912763,0.00000215905288314,8.49335037856e-7,0.00000118941545679,1.01397660046e-7,1.04358633735e-7,9.07509658532e-8,5.84229212564e-7,5.71893252754e-8,2.21447564286e-7,3.9778488059e-8,7.42685557498e-8,3.17941299954e-8,2.14458495407e-8,7.69967769543e-8,1.49389819626e-7,2.22576517217e-7,7.61325580356e-8,1.26575926629e-7,5.91955497953e-8,2.947479949e-8,2.39500175248e-9,1.96572489189e-12],"dvar2":[6.81345743714e-11,0.00000117922650134,0.00000491615810461,0.0000594944467593,0.0000782365677878,0.00000409847643823,0.00000203970762414,0.00000232129650612,2.25391133313e-7,2.16445684487e-7,1.97044656147e-7,0.00000132994887281,1.30698722955e-7,6.12796611676e-7,9.82315100373e-8,1.85633965089e-7,6.71545734576e-8,5.15031572945e-8,1.51975584117e-7,3.52268926918e-7,4.82875350372e-7,1.86725372942e-7,2.86667130922e-7,1.50923384012e-7,7.60165690394e-8,6.25134921606e-9,4.88923831976e-12],"max":[0.0000771521954448,0.0356778614223,0.032693348825,0.105780340731,0.0966344177723,0.0356755033135,0.0182946305722,0.0324654169381,0.00781617406756,0.00726585183293,0.00718812085688,0.0251766871661,0.00532879773527,0.0179725904018,0.00461759790778,0.00572849903256,0.00672279996797,0.00307919154875,0.00858788378537,0.00922708306462,0.0215008594096,0.00704712048173,0.0108564477414,0.00693038012832,0.00462063448504,0.0011057642987,0.0000502105540363],"mean":[0.00000677458365317,0.000659959099721,0.00162670516875,0.00376641517505,0.00557977613062,0.00309901149012,0.00136027683038,0.00117375026457,0.000432624510722,0.000389099324821,0.000223943672609,0.000914972857572,0.000186489225598,0.000248733878834,0.000147110244143,0.000208747165743,0.000119927179185,0.000113860020065,0.00020443869289,0.000141524214996,0.000141441356391,0.0000648647474009,0.0000610147144471,0.0000408345003962,0.0000218278619286,0.00000493994502904,1.92310750435e-7],"median":[0.00000459758575744,0.000189094454981,0.000890408176929,0.00215415540151,0.00327718816698,0.00199550762773,0.000791711208876,0.000516568892635,0.000221204623813,0.000192785199033,0.0000837157276692,0.000390158384107,0.0000645491818432,0.0000875268524396,0.0000624138774583,0.0000762155686971,0.0000317408412229,0.0000314055141644,0.0000398835509259,0.0000216329754039,0.000013983692952,0.0000059074973251,0.00000291772857963,0.00000158052944244,5.30485976924e-7,1.20324813224e-7,9.7751616579e-8],"min":[2.44535688654e-25,2.50012740059e-24,1.69689542182e-24,1.18444339058e-24,6.76622643373e-24,5.0046783387e-24,9.17191771763e-24,9.83318037143e-24,1.61719925004e-23,1.58932343e-23,1.16137364644e-23,1.82572547955e-23,4.34637146782e-23,4.33671928133e-23,6.00978913166e-23,5.30008316076e-23,6.94921013599e-23,8.21498479007e-23,1.14721062708e-22,1.62664721622e-22,2.35325765591e-22,2.57081716319e-22,2.70974705442e-22,5.21000395441e-22,9.11355832429e-22,1.30019413212e-21,2.04653005768e-21],"var":[5.06572735148e-11,0.00000567380402572,0.00000597574489802,0.0000331759947585,0.0000544707363588,0.0000137859769893,0.00000295078120871,0.0000044019939196,3.89638501019e-7,3.16399479061e-7,2.12872578231e-7,0.00000228712428907,1.72003936427e-7,3.42709881807e-7,7.67858026052e-8,1.73066666775e-7,9.15988351835e-8,5.54039516487e-8,3.07135536559e-7,2.23294463808e-7,4.0006361246e-7,8.41395220164e-8,1.47300752928e-7,5.90458348881e-8,2.4959234679e-8,1.82830328654e-9,1.60043668856e-12]},"barkbands_crest":{"dmean":2.10639166832,"dmean2":3.45431017876,"dvar":3.43658876419,"dvar2":9.28921794891,"max":23.2990093231,"mean":10.6167564392,"median":9.91972351074,"min":2.44840049744,"var":14.4452295303},"barkbands_flatness_db":{"dmean":0.0193382389843,"dmean2":0.0305065903813,"dvar":0.000356255768565,"dvar2":0.000828986987472,"max":0.464400142431,"mean":0.188465833664,"median":0.180273994803,"min":0.0419368520379,"var":0.0046798507683},"barkbands_kurtosis":{"dmean":3.73925089836,"dmean2":6.14642763138,"dvar":64.7210693359,"dvar2":183.645736694,"max":331.385284424,"mean":13.2682771683,"median":5.50446414948,"min":-1.66706955433,"var":1250.8449707},"barkbands_skewness":{"dmean":0.446634173393,"dmean2":0.728840410709,"dvar":0.210826933384,"dvar2":0.571582198143,"max":14.7734975815,"mean":2.31090641022,"median":2.07919692993,"min":-2.22517561913,"var":2.4820535183},"barkbands_spread":{"dmean":2.68350028992,"dmean2":4.16650724411,"dvar":17.6418914795,"dvar2":37.9996147156,"max":120.793510437,"mean":11.0141887665,"median":8.69473361969,"min":0.399678379297,"var":73.7735900879},"dissonance":{"dmean":0.0180040095001,"dmean2":0.0303517859429,"dvar":0.000262598419795,"dvar2":0.000718475726899,"max":0.499939113855,"mean":0.455196946859,"median":0.459719568491,"min":0.330293506384,"var":0.000675677205436},"dynamic_complexity":3.3839597702,"erbbands":{"dmean":[0.00284525332972,0.116888865829,0.76927369833,4.27318716049,9.83623886108,8.92482852936,8.02184867859,7.69078779221,8.67561626434,7.82009363174,10.9562358856,3.75714659691,4.0788602829,7.45508909225,6.36261558533,14.9101314545,5.06644153595,4.63652849197,4.11238145828,6.3672542572,4.32795619965,2.82132339478,2.53049921989,5.50406265259,2.85998988152,4.40885877609,4.07757711411,2.78998827934,1.98968982697,1.45635330677,1.30741202831,0.866568267345,0.56642305851,0.272104740143,0.156764149666,0.0551897585392,0.00548449205235,0.000365084444638,0.0000291542673949,0.00000788120087236],"dmean2":[0.00457720737904,0.176614582539,1.19723808765,7.33650255203,17.2153167725,14.8725414276,11.9521579742,11.2334604263,14.3927202225,12.5856294632,15.1375398636,5.31294393539,6.16572713852,10.6169986725,9.45627498627,22.469669342,7.69055366516,7.00323915482,6.72788047791,10.1674976349,6.80055761337,4.15687608719,3.90323090553,8.0386428833,4.24682664871,6.83415079117,6.2421336174,4.072265625,3.04424357414,2.18196630478,1.9810025692,1.34680044651,0.899212956429,0.43037417531,0.266626358032,0.0926240161061,0.0090360911563,0.000615535594989,0.000049119713367,0.0000128174133351],"dvar":[0.0000230289133469,0.0705087929964,2.23339414597,58.6470336914,643.460571289,176.133834839,144.821166992,132.566558838,168.581298828,352.173797607,557.961547852,54.361366272,77.7567596436,239.640518188,180.014038086,1021.53924561,152.710922241,141.403747559,677.535644531,365.001037598,133.780334473,92.7607116699,45.2144775391,268.481964111,105.617271423,365.156616211,364.62008667,226.092727661,129.701934814,93.6816558838,79.5840530396,46.856590271,12.3798675537,3.20664715767,1.89114439487,0.195226788521,0.00191780028399,0.0000102839094325,6.97861608501e-8,5.99454652583e-10],"dvar2":[0.0000430438631156,0.117081649601,5.25516033173,171.319442749,1861.81933594,482.352813721,337.531341553,249.361938477,438.612365723,969.833679199,929.109741211,112.552062988,178.158416748,506.067657471,389.107330322,2333.96337891,344.457122803,342.057830811,1966.11560059,881.993041992,338.629943848,193.292816162,101.91582489,562.362243652,218.624969482,835.915466309,851.60369873,490.578765869,323.629730225,209.701934814,176.382766724,120.794380188,31.851064682,7.94859790802,5.07745552063,0.513155519962,0.00490462826565,0.0000255508221016,1.76945079033e-7,1.52726964409e-9],"max":[0.185568138957,10.6245632172,41.1884040833,158.897323608,482.981872559,251.796936035,225.190475464,369.876434326,303.856079102,521.530517578,663.904663086,178.645263672,277.286132812,345.857391357,284.677703857,1214.59338379,281.594451904,351.203186035,1117.03833008,580.179138184,237.064056396,392.424743652,160.380218506,443.551940918,297.298400879,480.407775879,616.584655762,601.000366211,283.092376709,270.934234619,257.885772705,204.339538574,98.0342712402,52.4032249451,32.3032417297,10.2391939163,1.13118672371,0.0951085239649,0.00833143014461,0.000727216131054],"mean":[0.00515912706032,0.211915254593,1.62997555733,8.45049381256,15.5635480881,20.6692371368,20.6799297333,23.0070495605,20.5951118469,18.3089237213,25.8686599731,10.8875808716,9.47327518463,15.582490921,15.5009565353,38.2550621033,12.5512647629,11.1253767014,8.3970041275,13.0174789429,9.46131515503,6.77274751663,6.09893798828,12.3260211945,6.09787654877,7.20996761322,6.42797660828,4.2968211174,2.67063689232,1.85322344303,1.64267957211,1.02657783031,0.60090470314,0.278927326202,0.129518136382,0.0437258891761,0.00455005839467,0.000338602811098,0.000042994874093,0.0000271044937108],"median":[0.00276942923665,0.0655325204134,0.814316034317,5.30955934525,7.58247566223,11.704328537,12.7035579681,12.9399757385,12.9293718338,9.95826911926,10.4083461761,5.58158588409,4.96430063248,6.89991664886,7.87903356552,16.8070983887,5.83348941803,4.36728429794,3.02049446106,4.90756225586,3.28019809723,2.08658123016,1.89896273613,2.46027088165,1.18970894814,1.08630561829,0.862424433231,0.378688693047,0.251261532307,0.103317975998,0.081710934639,0.0390396751463,0.0236344449222,0.00873629841954,0.00255102757365,0.000769022037275,0.000190696679056,0.000053442287026,0.0000201968414331,0.0000200356189453],"min":[3.21022622422e-23,5.6761972729e-22,2.75963608219e-21,6.28807111247e-21,1.72140534466e-20,2.41625967743e-20,4.43555667136e-20,7.16751096048e-20,1.05758705467e-19,2.00267586581e-19,2.59190401649e-19,3.23640747763e-19,4.84886761031e-19,8.075651617e-19,9.00322507254e-19,7.60589471315e-19,2.03537777925e-18,2.41412206824e-18,2.98284410134e-18,3.57983503188e-18,2.65066222262e-18,5.36919544168e-18,5.65745919975e-18,4.82969501128e-18,7.33356162649e-18,7.68675616752e-18,1.02246554747e-17,1.05070441825e-17,9.67118313655e-18,1.08898517894e-17,8.94603194384e-18,9.951051425e-18,1.02436516774e-17,9.3395953803e-18,6.62415250801e-18,4.22445274734e-18,2.20968003715e-18,8.73775799856e-19,2.74230613137e-19,2.6406225635e-20],"var":[0.000146535370732,0.510093688965,9.13184642792,110.782615662,804.343017578,673.72277832,559.763549805,1032.96032715,612.051269531,641.312561035,2194.12011719,284.143188477,212.637084961,622.024108887,544.225585938,4227.67724609,495.842956543,406.417907715,699.074462891,730.593933105,345.998657227,263.856445312,141.588272095,1113.42468262,278.85836792,600.333251953,608.593994141,373.625152588,139.098419189,109.53717804,99.4745025635,45.9328422546,11.1038799286,3.08922290802,1.37116289139,0.146560102701,0.00154496158939,0.00000850847936817,5.60215767109e-8,9.37445232552e-10]},"erbbands_crest":{"dmean":1.79823791981,"dmean2":2.85632967949,"dvar":2.7778172493,"dvar2":7.2620472908,"max":27.7262763977,"mean":9.43232250214,"median":8.30738830566,"min":2.30079007149,"var":21.8675765991},"erbbands_flatness_db":{"dmean":0.015390987508,"dmean2":0.0238998625427,"dvar":0.000251511664828,"dvar2":0.00056166970171,"max":0.35260540247,"mean":0.198282122612,"median":0.19817660749,"min":0.0300579480827,"var":0.00184979022015},"erbbands_kurtosis":{"dmean":0.709963917732,"dmean2":1.10716462135,"dvar":1.77598142624,"dvar2":4.4628276825,"max":110.598442078,"mean":2.24703884125,"median":-0.047479391098,"min":-1.67962014675,"var":133.042709351},"erbbands_skewness":{"dmean":0.23538197577,"dmean2":0.363067835569,"dvar":0.0435794107616,"dvar2":0.102661125362,"max":9.24984645844,"mean":0.875118732452,"median":0.686617970467,"min":-1.23048615456,"var":1.4660847187},"erbbands_spread":{"dmean":4.85847997665,"dmean2":7.5891957283,"dvar":34.2946548462,"dvar2":80.7307281494,"max":151.069396973,"mean":31.6034965515,"median":29.7866783142,"min":3.1094315052,"var":223.010223389},"gfcc":{"cov":[[31499.2480469,2577.13330078,-5465.01611328,397.160797119,-2299.89428711,93.9312744141,-1012.69830322,-185.521484375,-735.943725586,-293.232391357,-97.1148681641,-193.21887207,62.0611076355],[2577.13330078,1460.87561035,-422.545654297,-348.857940674,106.081520081,-291.211273193,37.2525749207,-195.741989136,-5.17339229584,-88.2435684204,51.5630607605,-47.3816566467,15.0566911697],[-5465.01611328,-422.545654297,1641.34802246,75.3560562134,419.375640869,33.3404693604,122.957107544,59.7795448303,108.978317261,95.0162658691,-31.0969581604,-13.0765075684,-115.428512573],[397.160797119,-348.857940674,75.3560562134,301.029144287,-77.2464752197,102.729164124,-37.129699707,55.2050666809,-4.43910932541,6.52954483032,-28.928440094,-30.462184906,-23.9881401062],[-2299.89428711,106.081520081,419.375640869,-77.2464752197,348.502563477,-62.7199897766,110.392356873,-26.239616394,59.3108901978,10.3354129791,4.04848957062,-6.51945924759,-20.2434902191],[93.9312744141,-291.211273193,33.3404693604,102.729164124,-62.7199897766,153.193206787,-8.12157440186,59.0512695312,-13.2088422775,12.3473339081,-14.6172208786,-0.83527892828,-9.00625419617],[-1012.69830322,37.2525749207,122.957107544,-37.129699707,110.392356873,-8.12157440186,119.947921753,11.7830266953,37.2148094177,0.19854478538,10.3314943314,0.2271168679,-2.08640360832],[-185.521484375,-195.741989136,59.7795448303,55.2050666809,-26.239616394,59.0512695312,11.7830266953,105.349121094,19.3857593536,18.070318222,-4.21238565445,-0.879425168037,-10.1827487946],[-735.943725586,-5.17339229584,108.978317261,-4.43910932541,59.3108901978,-13.2088422775,37.2148094177,19.3857593536,84.1000213623,20.3485851288,10.1644964218,-1.40629196167,3.27579593658],[-293.232391357,-88.2435684204,95.0162658691,6.52954483032,10.3354129791,12.3473339081,0.19854478538,18.070318222,20.3485851288,76.1249084473,6.83676767349,2.11439752579,-12.7819929123],[-97.1148681641,51.5630607605,-31.0969581604,-28.928440094,4.04848957062,-14.6172208786,10.3314943314,-4.21238565445,10.1644964218,6.83676767349,65.1887359619,18.1293830872,6.29981994629],[-193.21887207,-47.3816566467,-13.0765075684,-30.462184906,-6.51945924759,-0.83527892828,0.2271168679,-0.879425168037,-1.40629196167,2.11439752579,18.1293830872,69.5424346924,23.2726478577],[62.0611076355,15.0566911697,-115.428512573,-23.9881401062,-20.2434902191,-9.00625419617,-2.08640360832,-10.1827487946,3.27579593658,-12.7819929123,6.29981994629,23.2726478577,70.8391494751]],"icov":[[0.000912264746148,-0.0028611170128,0.00180013151839,-0.00264922669157,0.00241669313982,-0.00211978214793,0.00278192572296,-0.00176311377436,0.00260656280443,-0.00194372469559,0.00205231248401,-0.00109248340596,0.00179976341315],[-0.0028611170128,0.0107383523136,-0.00527615984902,0.00946747325361,-0.00767243420705,0.00840663909912,-0.00905312784016,0.00694257533178,-0.00849576387554,0.00720382155851,-0.00721666449681,0.00515791028738,-0.00491953408346],[0.00180013151839,-0.00527615984902,0.00482373638079,-0.00537069700658,0.00326328887604,-0.00414980109781,0.00558812683448,-0.00347686302848,0.00455363607034,-0.00440112268552,0.00448179850355,-0.00248349364847,0.00506809167564],[-0.00264922669157,0.00946747325361,-0.00537069700658,0.0135566629469,-0.00627051247284,0.00464344816282,-0.00694819958881,0.00525648752227,-0.00866212137043,0.00711927982047,-0.00579603714868,0.00614014733583,-0.00431915279478],[0.00241669313982,-0.00767243420705,0.00326328887604,-0.00627051247284,0.0132071571425,-0.004229596816,0.00319817732088,-0.00280677340925,0.00558260874823,-0.00471349712461,0.00580482603982,-0.00236339936964,0.00478624366224],[-0.00211978214793,0.00840663909912,-0.00414980109781,0.00464344816282,-0.004229596816,0.0176753494889,-0.00844542402774,0.0011499702232,-0.00349770346656,0.00442165043205,-0.00452749291435,0.00321603682823,-0.00385845545679],[0.00278192572296,-0.00905312784016,0.00558812683448,-0.00694819958881,0.00319817732088,-0.00844542402774,0.0222356691957,-0.00789569504559,0.00473482627422,-0.00413386430591,0.00483960704878,-0.00320543232374,0.0052576828748],[-0.00176311377436,0.00694257533178,-0.00347686302848,0.00525648752227,-0.00280677340925,0.0011499702232,-0.00789569504559,0.0188604034483,-0.00912379194051,0.00335830333643,-0.00409922143444,0.002784678014,-0.00151612481568],[0.00260656280443,-0.00849576387554,0.00455363607034,-0.00866212137043,0.00558260874823,-0.00349770346656,0.00473482627422,-0.00912379194051,0.0251001678407,-0.00957141444087,0.00392342638224,-0.00180815719068,0.00134481990244],[-0.00194372469559,0.00720382155851,-0.00440112268552,0.00711927982047,-0.00471349712461,0.00442165043205,-0.00413386430591,0.00335830333643,-0.00957141444087,0.0209206361324,-0.00674096355215,0.00276281265542,-0.00110342609696],[0.00205231248401,-0.00721666449681,0.00448179850355,-0.00579603714868,0.00580482603982,-0.00452749291435,0.00483960704878,-0.00409922143444,0.00392342638224,-0.00674096355215,0.0230715312064,-0.00783814676106,0.00483806384727],[-0.00109248340596,0.00515791028738,-0.00248349364847,0.00614014733583,-0.00236339936964,0.00321603682823,-0.00320543232374,0.002784678014,-0.00180815719068,0.00276281265542,-0.00783814676106,0.0214935801923,-0.0078493738547],[0.00179976341315,-0.00491953408346,0.00506809167564,-0.00431915279478,0.00478624366224,-0.00385845545679,0.0052576828748,-0.00151612481568,0.00134481990244,-0.00110342609696,0.00483806384727,-0.0078493738547,0.0230822823942]],"mean":[-85.2171096802,137.661453247,-116.804679871,23.8732643127,-59.457069397,-6.64942169189,-38.3815422058,-13.7039060593,-28.8732814789,-10.2253141403,-11.1121912003,-10.7085466385,-10.9629278183]},"hfc":{"dmean":3.46792054176,"dmean2":5.08627176285,"dvar":179.175949097,"dvar2":404.872894287,"max":364.352478027,"mean":11.7025966644,"median":6.59519004822,"min":1.08168251417e-16,"var":362.251342773},"melbands":{"dmean":[0.0000609627022641,0.000310981908115,0.000890449038707,0.000717510760296,0.000251455465332,0.000178192276508,0.000131925567985,0.0000864855828695,0.0000844690803206,0.0000227314976655,0.0000195740321942,0.0000299451494357,0.0000178483314812,0.0000465908487968,0.0000187514524441,0.0000104775826912,0.00000885649114934,0.00000803347029432,0.00000587140630159,0.00000791941420175,0.00000545322154721,0.0000031119468531,0.00000320876029036,0.00000212536974686,0.00000525370978721,0.00000243625981966,0.00000221558570956,0.00000331623800776,0.0000025224003366,0.0000029680438729,0.00000125773237869,0.0000011064314549,9.56365852289e-7,8.684525028e-7,8.16571798623e-7,6.46397722903e-7,4.87119621084e-7,4.20047541638e-7,3.13613128355e-7,2.08461557349e-7],"dmean2":[0.0000930390160647,0.000475593406009,0.00154668500181,0.00121908925939,0.000386273779441,0.000262192916125,0.000216404005187,0.000137992217788,0.000115684430057,0.0000332124291162,0.0000297592832794,0.0000427467894042,0.0000263554593403,0.0000707113431417,0.0000281650973193,0.0000162513242685,0.0000134347537823,0.0000130846419779,0.00000935903699428,0.0000126346321849,0.00000855812959344,0.00000464993490823,0.00000475438582725,0.00000339836674357,0.00000763511707191,0.00000367435859516,0.0000033479495869,0.00000521428091815,0.0000039881806515,0.0000044719977268,0.0000019382116534,0.00000171122292159,0.00000146549393776,0.0000013074383105,0.00000127288149088,0.00000101902514871,7.70973770159e-7,6.69535552333e-7,4.96207519518e-7,3.30286752614e-7],"dvar":[1.73755125843e-8,3.91917097886e-7,0.0000034689869608,0.00000188476451513,1.25106353721e-7,6.61026291482e-8,3.9467789037e-8,4.4025025403e-8,3.22078612669e-8,2.02501682089e-9,1.85206161518e-9,3.97212263081e-9,2.28918883849e-9,9.34107102779e-9,1.99556526859e-9,7.48125283945e-10,5.13023123982e-10,3.0781930338e-9,2.4673221799e-10,5.53172174733e-10,2.10221826058e-10,1.18349038902e-10,7.34262373125e-11,4.22483367735e-11,2.49645332184e-10,6.77190109544e-11,6.35770186497e-11,2.33600111477e-10,1.33299704608e-10,4.06206623893e-10,5.42974866458e-11,3.41848008234e-11,3.50818783745e-11,4.24897790563e-11,3.31977986767e-11,2.26789698132e-11,1.59639714642e-11,7.01357721899e-12,3.66952041669e-12,1.98347610038e-12],"dvar2":[2.83429333336e-8,8.42476993057e-7,0.00000994152560452,0.00000539749999007,3.01030951277e-7,1.27235381342e-7,9.86491954791e-8,1.17514943554e-7,5.29379029501e-8,4.4872470184e-9,4.25696455864e-9,8.32195112821e-9,4.89963047912e-9,2.13486437417e-8,4.33823377222e-9,1.72170866453e-9,1.24087962128e-9,8.96157636987e-9,5.79357006814e-10,1.37675382206e-9,5.25858190326e-10,2.57290827532e-10,1.40979838914e-10,1.08414305311e-10,5.15409992463e-10,1.31482325028e-10,1.3801371157e-10,5.56152790487e-10,3.30459520859e-10,9.12068309766e-10,1.36698208308e-10,8.64075339058e-11,8.35552113609e-11,9.41875327731e-11,7.3639878917e-11,5.5327908921e-11,4.25132776205e-11,1.79908657416e-11,9.31065554516e-12,4.90310439819e-12],"max":[0.00543611869216,0.0190510582179,0.0395418927073,0.0244582910091,0.00659250235185,0.00765588926151,0.00438623689115,0.00567214656621,0.00435081636533,0.00100036570802,0.00133823335636,0.00141912605613,0.00117961014621,0.00234638294205,0.00181599904317,0.00072117842501,0.000704349775333,0.00238638045266,0.000427523249527,0.000650393543765,0.00026687810896,0.000409674365073,0.000229260229389,0.000169273465872,0.000445808662334,0.000265133247012,0.000195538828848,0.000389372609789,0.000300607614918,0.00109020760283,0.000219954526983,0.000136818547617,0.000157446193043,0.000191593324416,0.000186486780876,0.000162746582646,0.000131327120471,0.0000737754162401,0.0000523789967701,0.0000393858608732],"mean":[0.000108122243546,0.000641545047984,0.00157585029956,0.00145233888179,0.000688321772031,0.000525004055817,0.000315015524393,0.000202895345865,0.000196938213776,0.0000605017266935,0.0000428730600106,0.0000611490031588,0.0000383489605156,0.000109700034955,0.0000501201720908,0.0000224063642236,0.0000200761624001,0.0000146698621393,0.0000128535257318,0.0000161188600032,0.0000108143258331,0.00000672004443913,0.00000705956608726,0.00000430209911428,0.0000115652010209,0.00000468315465696,0.00000402116756959,0.00000493995639772,0.00000378972481485,0.00000435305082647,0.00000178974619303,0.00000149613913436,0.00000115787895538,0.00000106190918814,9.93431854113e-7,8.1405732999e-7,5.32406943421e-7,4.31234099096e-7,3.26120442651e-7,2.05861994118e-7],"median":[0.0000383830119972,0.000296909012832,0.000921244907659,0.000798812601715,0.00046665762784,0.000312208198011,0.000197501620278,0.000105517668999,0.0000786879609223,0.0000290895131911,0.0000202026149054,0.0000258106774709,0.0000173702283064,0.0000454985565739,0.0000229625984502,0.0000089235491032,0.00000727822225599,0.00000408485266234,0.00000552227538719,0.00000549531432625,0.00000328591613652,0.00000174255876573,0.00000211193992072,0.00000117214131024,0.00000213863859244,9.14188319712e-7,6.50926267554e-7,6.93947640684e-7,5.66066660213e-7,3.1186243632e-7,1.59058828331e-7,1.45528673556e-7,7.82022837598e-8,4.32960547414e-8,4.57641107232e-8,3.46249677818e-8,1.71716383335e-8,1.61887498962e-8,1.12698970156e-8,5.34319211098e-9],"min":[5.42339653668e-25,1.40963024407e-24,1.28772194776e-24,1.45840442916e-24,1.59490783552e-24,1.78734009954e-24,1.74916751477e-24,1.93450900395e-24,2.18280139614e-24,1.89271416711e-24,2.23694723096e-24,3.12921734844e-24,2.29107571083e-24,2.64735882221e-24,1.95947802932e-24,3.86304199211e-24,3.68324165914e-24,4.10028599289e-24,4.02240846104e-24,3.75622983111e-24,2.36869844061e-24,3.90403554348e-24,3.36412336272e-24,4.11782000423e-24,2.35288828756e-24,4.61406439515e-24,5.74798765424e-24,4.40888837902e-24,4.83363081191e-24,4.91626635832e-24,5.98131298848e-24,5.4560507436e-24,4.29891722452e-24,5.47061232705e-24,5.23738915029e-24,4.65466746037e-24,5.5466466854e-24,6.49814822674e-24,6.50674247187e-24,7.67037068278e-24],"var":[1.2915286618e-7,0.00000191495109902,0.00000536449852007,0.00000391541789213,5.20400192272e-7,4.82374957755e-7,1.45887568692e-7,9.65550910337e-8,1.17251474308e-7,9.25210041913e-9,4.99439645196e-9,1.03576116572e-8,5.51740519938e-9,3.27598890237e-8,8.26798629561e-9,2.40185271672e-9,1.53730383978e-9,3.02906233429e-9,5.60678448114e-10,1.14580778199e-9,4.94295493425e-10,3.29577004576e-10,2.35778979674e-10,8.65270216588e-11,1.07880770983e-9,1.72351827255e-10,1.46447368121e-10,3.23880283704e-10,1.98828703502e-10,6.62841781462e-10,6.15646839064e-11,3.74555629568e-11,3.82811837785e-11,4.9495529203e-11,4.00762999175e-11,2.74333108313e-11,1.35412236979e-11,6.22308671608e-12,3.463300393e-12,1.89781784038e-12]},"melbands_crest":{"dmean":2.86256504059,"dmean2":4.75210094452,"dvar":6.27172613144,"dvar2":17.7640686035,"max":31.6764984131,"mean":15.1134214401,"median":14.1385879517,"min":1.57742595673,"var":33.0431556702},"melbands_flatness_db":{"dmean":0.0238436032087,"dmean2":0.0372863821685,"dvar":0.00057818624191,"dvar2":0.00129612500314,"max":0.605958104134,"mean":0.265634596348,"median":0.260448932648,"min":0.00347937317565,"var":0.00890109594911},"melbands_kurtosis":{"dmean":7.64176607132,"dmean2":12.7087812424,"dvar":574.472900391,"dvar2":1635.73242188,"max":792.777038574,"mean":22.0911846161,"median":10.5049686432,"min":-1.36105251312,"var":2904.24414062},"melbands_skewness":{"dmean":0.565478503704,"dmean2":0.926877379417,"dvar":0.466867923737,"dvar2":1.31263411045,"max":18.966047287,"mean":2.93406629562,"median":2.66386938095,"min":-0.346674710512,"var":2.42594432831},"melbands_spread":{"dmean":2.979347229,"dmean2":4.68035078049,"dvar":20.7976818085,"dvar2":49.4373893738,"max":150.855880737,"mean":13.2170057297,"median":9.49668884277,"min":0.342445790768,"var":283.182861328},"mfcc":{"cov":[[14350.4082031,367.139312744,-1613.35461426,-268.077331543,-803.616882324,-189.891967773,-245.357711792,-94.9536590576,-258.768035889,-144.148590088,-337.165588379,-11.0414915085,-65.7148590088],[367.139312744,2139.64794922,-218.415649414,99.6549301147,-18.1971416473,-44.8158073425,-16.2908992767,-108.49079895,-95.681930542,-82.3658218384,-24.3702144623,-19.7417678833,-11.6750421524],[-1613.35461426,-218.415649414,722.791931152,125.576118469,183.033508301,60.9049720764,42.7901611328,13.8578262329,34.1422271729,51.3557510376,77.5168762207,20.5128517151,7.38990354538],[-268.077331543,99.6549301147,125.576118469,173.612625122,72.1363449097,30.6656265259,12.253162384,-1.77371358871,8.47872161865,18.4271869659,8.02180194855,9.07044792175,-3.01362252235],[-803.616882324,-18.1971416473,183.033508301,72.1363449097,162.934310913,38.0960540771,29.103597641,5.70491695404,22.2307605743,22.4031963348,25.588312149,9.99858474731,-7.23030567169],[-189.891967773,-44.8158073425,60.9049720764,30.6656265259,38.0960540771,83.7891769409,22.7460651398,5.00115871429,12.1840305328,7.34505414963,14.1712322235,-1.50846672058,-6.13936901093],[-245.357711792,-16.2908992767,42.7901611328,12.253162384,29.103597641,22.7460651398,82.5194473267,20.6270236969,11.5899000168,16.8258895874,12.8342323303,4.59999656677,-1.90454852581],[-94.9536590576,-108.49079895,13.8578262329,-1.77371358871,5.70491695404,5.00115871429,20.6270236969,89.3894195557,18.2242088318,7.74043989182,-7.87086296082,12.9466075897,10.9419460297],[-258.768035889,-95.681930542,34.1422271729,8.47872161865,22.2307605743,12.1840305328,11.5899000168,18.2242088318,88.342918396,19.4749946594,4.83781719208,12.2838191986,-1.21898055077],[-144.148590088,-82.3658218384,51.3557510376,18.4271869659,22.4031963348,7.34505414963,16.8258895874,7.74043989182,19.4749946594,88.4727172852,16.9933948517,6.60880947113,3.41239261627],[-337.165588379,-24.3702144623,77.5168762207,8.02180194855,25.588312149,14.1712322235,12.8342323303,-7.87086296082,4.83781719208,16.9933948517,89.3440551758,2.30904531479,-8.15491199493],[-11.0414915085,-19.7417678833,20.5128517151,9.07044792175,9.99858474731,-1.50846672058,4.59999656677,12.9466075897,12.2838191986,6.60880947113,2.30904531479,78.8384246826,17.6926784515],[-65.7148590088,-11.6750421524,7.38990354538,-3.01362252235,-7.23030567169,-6.13936901093,-1.90454852581,10.9419460297,-1.21898055077,3.41239261627,-8.15491199493,17.6926784515,67.4301147461]],"icov":[[0.00011897040531,0.0000149492734636,0.000152320280904,-0.000106747786049,0.00042156749987,-0.0000726770304027,0.000113902977319,0.0000486682656629,0.000223770082812,-0.0000755857108743,0.000234615654335,-0.000158711700351,0.0002088623296],[0.0000149492734636,0.000587642134633,0.00025119894417,-0.000572119955905,-0.0000608015689068,0.000334150681738,-0.000254243030213,0.000604323635343,0.000421470758738,0.000438269111328,-0.00000409235144616,-0.0000164013545145,-0.0000288766877929],[0.000152320280904,0.00025119894417,0.00244422326796,-0.0010251958156,-0.00133572320919,-0.000229416647926,0.0000542612579011,0.0000918242731132,0.000346020970028,-0.000246179726673,-0.000963447033428,-0.00021566383657,-0.000340449041687],[-0.000106747786049,-0.000572119955905,-0.0010251958156,0.0081517836079,-0.0026347253006,-0.00171999761369,0.00048031861661,-0.0000718009396223,-0.000185544486158,-0.00116877350956,0.000807802192867,-0.000471856095828,0.000136986476718],[0.00042156749987,-0.0000608015689068,-0.00133572320919,-0.0026347253006,0.0117635969073,-0.00206233933568,-0.00110096798744,0.00025588349672,-0.000343335035723,-0.000662183389068,0.00044693579548,-0.0011240968015,0.00180623342749],[-0.0000726770304027,0.000334150681738,-0.000229416647926,-0.00171999761369,-0.00206233933568,0.0148397730663,-0.00307399570011,0.000152901033289,-0.00102569628507,0.000913561612833,-0.00124061270617,0.00104617909528,0.000464340933831],[0.000113902977319,-0.000254243030213,0.0000542612579011,0.00048031861661,-0.00110096798744,-0.00307399570011,0.0149715421721,-0.00333928014152,-0.0000317149206239,-0.00202592648566,-0.000909982190933,-0.000322952517308,0.000725944526494],[0.0000486682656629,0.000604323635343,0.0000918242731132,-0.0000718009396223,0.00025588349672,0.000152901033289,-0.00333928014152,0.0135749867186,-0.00164173194207,0.000151762418682,0.00180526310578,-0.00137787405401,-0.00157449021935],[0.000223770082812,0.000421470758738,0.000346020970028,-0.000185544486158,-0.000343335035723,-0.00102569628507,-0.0000317149206239,-0.00164173194207,0.0135968877003,-0.0021064914763,0.000629123707768,-0.00188954698388,0.00130442297086],[-0.0000755857108743,0.000438269111328,-0.000246179726673,-0.00116877350956,-0.000662183389068,0.000913561612833,-0.00202592648566,0.000151762418682,-0.0021064914763,0.0133292777464,-0.00201484560966,-0.00000243335171035,-0.00104837107938],[0.000234615654335,-0.00000409235144616,-0.000963447033428,0.000807802192867,0.00044693579548,-0.00124061270617,-0.000909982190933,0.00180526310578,0.000629123707768,-0.00201484560966,0.0137545214966,-0.000915687123779,0.00200300803408],[-0.000158711700351,-0.0000164013545145,-0.00021566383657,-0.000471856095828,-0.0011240968015,0.00104617909528,-0.000322952517308,-0.00137787405401,-0.00188954698388,-0.00000243335171035,-0.000915687123779,0.0143682286143,-0.00388057203963],[0.0002088623296,-0.0000288766877929,-0.000340449041687,0.000136986476718,0.00180623342749,0.000464340933831,0.000725944526494,-0.00157449021935,0.00130442297086,-0.00104837107938,0.00200300803408,-0.00388057203963,0.016921184957]],"mean":[-713.012756348,162.626403809,-2.78421926498,26.6464061737,-4.73177528381,2.07444691658,-4.17769956589,-8.27410507202,-13.2033424377,-8.36950492859,-9.77653408051,-1.2708543539,-2.85127568245]},"pitch_salience":{"dmean":0.0596656166017,"dmean2":0.0982247963548,"dvar":0.0027027472388,"dvar2":0.00735376775265,"max":0.986124515533,"mean":0.57017827034,"median":0.586398422718,"min":0.107322059572,"var":0.0143535602838},"silence_rate_20dB":{"dmean":0,"dmean2":0,"dvar":0,"dvar2":0,"max":1,"mean":1,"median":1,"min":1,"var":0},"silence_rate_30dB":{"dmean":0.00613622413948,"dmean2":0.0122749591246,"dvar":0.00609849533066,"dvar2":0.0149883674458,"max":1,"mean":0.993865013123,"median":1,"min":0,"var":0.00609726831317},"silence_rate_60dB":{"dmean":0.00245448970236,"dmean2":0.00490998383611,"dvar":0.00244840909727,"dvar2":0.0057046469301,"max":1,"mean":0.0609406940639,"median":0,"min":0,"var":0.0572275109589},"spectral_centroid":{"dmean":137.057434082,"dmean2":216.824462891,"dvar":49182.8632812,"dvar2":107616.867188,"max":11609.3525391,"mean":861.323425293,"median":595.695068359,"min":154.874145508,"var":1681446.375},"spectral_complexity":{"dmean":2.06627130508,"dmean2":3.24918174744,"dvar":7.76680040359,"dvar2":15.9552927017,"max":58,"mean":14.5206546783,"median":13,"min":0,"var":64.2490768433},"spectral_contrast_coeffs":{"dmean":[0.0534466654062,0.038093354553,0.0300355665386,0.0256163943559,0.0227736234665,0.0193505156785],"dmean2":[0.0931285843253,0.0616633817554,0.0490712039173,0.0416977629066,0.0364236310124,0.0306463781744],"dvar":[0.0018156406004,0.000958905380685,0.000630455208011,0.000476699933643,0.000410656328313,0.000308877904899],"dvar2":[0.0055380910635,0.00246910564601,0.00158492755145,0.00117710861377,0.00093638105318,0.000727301812731],"max":[-0.249017849565,-0.462359279394,-0.567468345165,-0.601523220539,-0.607718706131,-0.587722241879],"mean":[-0.545419275761,-0.707253098488,-0.762236952782,-0.767335653305,-0.77309679985,-0.751821160316],"median":[-0.540420293808,-0.705567836761,-0.756811022758,-0.760023832321,-0.767938315868,-0.74612390995],"min":[-0.97702229023,-0.979486227036,-0.992828249931,-0.968875229359,-0.967535912991,-0.965805649757],"var":[0.00781008647755,0.00471712136641,0.00401503732428,0.00342540233396,0.00343396700919,0.00335766538046]},"spectral_contrast_valleys":{"dmean":[0.465213268995,0.287931501865,0.254886984825,0.25449681282,0.284095883369,0.383904099464],"dmean2":[0.810795307159,0.472452759743,0.417071014643,0.419451981783,0.454832345247,0.603011667728],"dvar":[0.145503863692,0.067760489881,0.0544054321945,0.0623813383281,0.0889952853322,0.192253053188],"dvar2":[0.414029330015,0.154947608709,0.118988983333,0.136430948973,0.189811229706,0.423746824265],"max":[-5.8478975296,-4.91536092758,-5.54384708405,-5.42198133469,-5.53153371811,-7.09879016876],"mean":[-8.08874702454,-7.06838750839,-8.0459356308,-8.74478244781,-8.95794868469,-11.9444990158],"median":[-7.68611431122,-6.5371837616,-7.5200843811,-8.28517436981,-8.57897758484,-11.8983783722],"min":[-28.4502410889,-28.0901222229,-27.7020988464,-27.6891613007,-27.4709777832,-27.4075737],"var":[6.5040307045,7.72948551178,7.31439399719,6.82470750809,6.55972862244,4.71124982834]},"spectral_decrease":{"dmean":1.41237987972e-9,"dmean2":2.29653518424e-9,"dvar":6.6292599347e-18,"dvar2":1.72490765452e-17,"max":2.20449669228e-28,"mean":-5.26672216949e-9,"median":-4.14180512109e-9,"min":-5.0885784475e-8,"var":2.16213795552e-17},"spectral_energy":{"dmean":0.00558583159,"dmean2":0.00903721805662,"dvar":0.000108086467662,"dvar2":0.000276237900835,"max":0.201975673437,"mean":0.0209392588586,"median":0.0163312517107,"min":1.0013138445e-20,"var":0.000353767885827},"spectral_energyband_high":{"dmean":0.000283365952782,"dmean2":0.000417728238972,"dvar":0.00000242038822762,"dvar2":0.00000563705862078,"max":0.0419366136193,"mean":0.000424942409154,"median":0.0000451437445008,"min":7.18337295652e-21,"var":0.00000315070928991},"spectral_energyband_low":{"dmean":0.00182531075552,"dmean2":0.00291323428974,"dvar":0.00000890098817763,"dvar2":0.0000229870875046,"max":0.0692753195763,"mean":0.00442798947915,"median":0.00282035931014,"min":1.23403302118e-23,"var":0.0000324254906445},"spectral_energyband_middle_high":{"dmean":0.000746960926335,"dmean2":0.00108392932452,"dvar":0.00000305395042233,"dvar2":0.00000636208005744,"max":0.04101331532,"mean":0.0027660978958,"median":0.00142159615643,"min":1.10499101862e-21,"var":0.000014757538338},"spectral_energyband_middle_low":{"dmean":0.00480447104201,"dmean2":0.00802879873663,"dvar":0.0000773194915382,"dvar2":0.000211806691368,"max":0.171414256096,"mean":0.0154936732724,"median":0.012229019776,"min":1.34714092329e-22,"var":0.000195224434719},"spectral_entropy":{"dmean":0.181198611856,"dmean2":0.2875610888,"dvar":0.0350671857595,"dvar2":0.084554977715,"max":9.82528686523,"mean":6.87657213211,"median":6.88527202606,"min":4.44867563248,"var":0.474231988192},"spectral_flux":{"dmean":0.0153067372739,"dmean2":0.0247341953218,"dvar":0.000394492904888,"dvar2":0.000914491654839,"max":0.327881187201,"mean":0.0536334216595,"median":0.0476834625006,"min":6.25469467885e-11,"var":0.00122032023501},"spectral_kurtosis":{"dmean":4.11387825012,"dmean2":7.16507577896,"dvar":23.4558448792,"dvar2":66.2719802856,"max":71.6317596436,"mean":9.98447322845,"median":7.17552709579,"min":-1.25638818741,"var":82.951965332},"spectral_rms":{"dmean":0.000529242039192,"dmean2":0.000843551300932,"dvar":4.65364962565e-7,"dvar2":0.0000011343075812,"max":0.0140374293551,"mean":0.00413954863325,"median":0.00399160757661,"min":3.1255265303e-12,"var":0.00000329258978127},"spectral_rolloff":{"dmean":203.905639648,"dmean2":344.432250977,"dvar":270986.96875,"dvar2":618055.75,"max":19724.4140625,"mean":1013.9039917,"median":581.396484375,"min":107.666015625,"var":5223464},"spectral_skewness":{"dmean":0.365920990705,"dmean2":0.620178043842,"dvar":0.142785653472,"dvar2":0.380710840225,"max":7.21849489212,"mean":2.17899727821,"median":1.98631858826,"min":-0.073037661612,"var":0.911342680454},"spectral_spread":{"dmean":426722.0625,"dmean2":668889.0625,"dvar":363350327296,"dvar2":742173245440,"max":42703672,"mean":3777222.25,"median":2975250.5,"min":1194753.5,"var":21950743183400},"spectral_strongpeak":{"dmean":0.268203496933,"dmean2":0.456226706505,"dvar":0.195150151849,"dvar2":0.531350135803,"max":9.24086761475,"mean":0.656205058098,"median":0.551168501377,"min":0,"var":0.289862543344},"zerocrossingrate":{"dmean":0.00543960696086,"dmean2":0.00677260477096,"dvar":0.0000500580463267,"dvar2":0.0000707682265784,"max":0.52490234375,"mean":0.0413564220071,"median":0.029296875,"min":0.00439453125,"var":0.00368351582438}},"metadata":{"audio_properties":{"analysis_sample_rate":44100,"bit_rate":0,"codec":"flac","downmix":"mix","equal_loudness":0,"length":113.506668091,"lossless":true,"md5_encoded":"d89f78b8557aa7c9cb1cd7208f104ce7","replay_gain":-7.3858165741},"tags":{"album":["The Worst of Jefferson Airplane"],"albumartist":["Jefferson Airplane"],"albumartistsort":["Jefferson Airplane"],"artist":["Jefferson Airplane"],"artists":["Jefferson Airplane"],"artistsort":["Jefferson Airplane"],"asin":["B000FDFS5E"],"barcode":["828767589329"],"catalognumber":["82876 75893 2"],"composer":["Jorma Kaukonen"],"composersort":["Kaukonen, Jorma"],"date":["2006-06-06"],"file_name":"06 - Embryonic Journey.flac","isrc":["USRC10301016"],"label":["Legacy"],"language":["eng"],"media":["CD"],"musicbrainz_albumartistid":["39c2a93d-9afa-4a22-9bba-c087ab056e1c"],"musicbrainz_albumid":["f5e8502d-c267-444b-b23e-e30f03d27bfa"],"musicbrainz_artistid":["39c2a93d-9afa-4a22-9bba-c087ab056e1c"],"musicbrainz_recordingid":["c5baaa7c-a58b-4451-b06a-affb182e53ea"],"musicbrainz_releasegroupid":["ef311157-8b36-358e-a93e-72e0258b4f32"],"musicbrainz_releasetrackid":["ebaf90ca-cdb3-3ad1-8e76-889522eed4cd"],"musicbrainz_workid":["fea4c3f1-45ba-4a51-b38e-077deec3295c"],"originaldate":["1970"],"producer":["Rick Jarrard"],"releasecountry":["US"],"releasestatus":["official"],"releasetype":["album","compilation"],"script":["Latn"],"title":["Embryonic Journey"],"totaltracks":["17"],"tracknumber":["6"],"tracktotal":["17"],"work":["Embryonic Journey"]},"version":{"essentia":"2.1-beta1","essentia_build_sha":"5b9e781ab008b0f974ccb13a0d9a9891710afc4b","essentia_git_sha":"v2.1_beta1-9-geaa627a","extractor":"music 1.0"}},"rhythm":{"beats_count":250,"beats_loudness":{"dmean":0.0123017793521,"dmean2":0.0206751674414,"dvar":0.000234131584875,"dvar2":0.000560015847441