{"lowlevel":{"average_loudness":0.945857644081,"barkbands":{"dmean":[0.00121345382649,0.00399606721476,0.0025409727823,0.00120313814841,0.00162909168284,0.000753956730478,0.00181575329043,0.000523596710991,0.00046334444778,0.000825321418233,0.000455580069683,0.00117605109699,0.00056233239593,0.000463659642264,0.000807711505331,0.000398191914428,0.000211132573895,0.000125328355352,0.000107883235614,0.0000814004670247,0.000039907557948,0.000013964464415,0.00000482116411149,0.00000250137782132,0.00000256486350736,0.00000496034954267,0.000648305111099],"dmean2":[0.00196938379668,0.00670257676393,0.00432418240234,0.00199111620896,0.00262244348414,0.00121858716011,0.00270861294121,0.000837623025291,0.000754821870942,0.00131862028502,0.000754578737542,0.00195413036272,0.000937001081184,0.000776554574259,0.00131555460393,0.000666400359478,0.000347147113644,0.000206255455851,0.000176637753611,0.000131439097458,0.0000634544339846,0.0000216951939365,0.00000743522377888,0.00000412017607232,0.00000423099936597,0.00000787069802755,0.00102637440432],"dvar":[0.00000512771703143,0.0000230171299336,0.0000104336186268,0.00000380981555281,0.00000851046115713,0.00000131981255436,0.00000994554011413,8.02099123121e-7,5.9099028249e-7,0.00000319911305269,4.0180921701e-7,0.00000231310241361,4.7845202289e-7,4.20335936724e-7,0.00000145267938478,2.57732665432e-7,8.73045777894e-8,3.07906411479e-8,2.50540761471e-8,1.67079328151e-8,4.35162883505e-9,5.30921417941e-10,5.87219578518e-11,1.57464701001e-11,1.5851899654e-11,4.97549570988e-11,5.34486332526e-7],"dvar2":[0.0000119700935102,0.0000629776768619,0.0000288455266855,0.0000100018460216,0.0000209146219277,0.00000314660269396,0.0000210927919397,0.00000183433030543,0.00000146039883475,0.00000703208206687,0.00000106975278413,0.00000621291246716,0.00000127902080749,0.00000112789268769,0.00000360725744031,6.872963354e-7,2.25050541758e-7,7.95370809215e-8,6.41133368617e-8,3.98609216745e-8,9.88586812412e-9,1.13902098864e-9,1.25002508344e-10,3.90604631972e-11,3.94339144671e-11,1.13076471797e-10,0.00000125868552914],"max":[0.0418708622456,0.0529098957777,0.0409641936421,0.0345945805311,0.0635444819927,0.0205314271152,0.0417515970767,0.0201236959547,0.0141853159294,0.0918290913105,0.012429587543,0.0183388777077,0.0118550891057,0.0171402357519,0.0391713492572,0.0100200483575,0.00732829980552,0.00329209049232,0.00295371888205,0.00309286103584,0.00123429298401,0.000462648662506,0.000155109810294,0.0000485563068651,0.0000508680204803,0.000129336593091,0.0136786894873],"mean":[0.00139815325383,0.0063577494584,0.00357513525523,0.00160813797265,0.00263520143926,0.00129839079455,0.00368988048285,0.000887225731276,0.000798823486548,0.00139816978481,0.000756563560572,0.00216110073961,0.00113483914174,0.000902736093849,0.00165049184579,0.000880630454049,0.000479075912153,0.00030629808316,0.000273475743597,0.00021387594461,0.000103797727206,0.0000343192514265,0.00000903508953343,0.00000274319245364,0.00000271910198535,0.00000803450166131,0.00263987365179],"median":[0.000578700215556,0.00484993495047,0.00206849165261,0.00083085463848,0.00128545239568,0.000724865472876,0.000806479423773,0.000325809785863,0.000420609547291,0.000699431460816,0.000507293269038,0.00152140879072,0.000868473551236,0.000649121182505,0.00112376944162,0.000681016594172,0.00034569966374,0.000233462400502,0.000188644029549,0.000149227445945,0.0000672410387779,0.0000202505452762,0.00000475377964904,0.00000127059570332,0.00000120878758025,0.00000460451883555,0.0024290473666],"min":[3.15752558259e-23,1.59883519925e-23,1.30811400216e-24,6.54135177194e-24,5.54890819184e-23,6.80952306451e-23,7.10388177813e-23,1.37733347003e-22,1.01474226397e-22,7.15477592829e-23,4.3016651426e-23,9.19151507356e-23,6.84191937308e-23,1.01164841461e-22,1.84843224117e-22,8.9828014107e-23,1.60461376316e-22,1.47947909279e-22,2.2283894312e-22,2.29734041815e-22,5.15005708894e-22,5.74395802652e-22,8.27589406585e-22,8.70044562596e-22,1.10065730711e-21,1.90393147099e-21,2.44244180174e-21],"var":[0.00000647181877866,0.0000361253951269,0.0000178424579644,0.000005695598702,0.0000170011953742,0.00000310504765366,0.0000377552096325,0.00000216488820115,0.00000135428581416,0.0000112373372758,7.81131632266e-7,0.00000483442636323,0.0000011682971035,9.86624513644e-7,0.00000421148160967,6.88038028329e-7,2.71173803412e-7,9.0308382994e-8,8.4659340871e-8,5.44336273833e-8,1.40092222267e-8,1.66429614534e-9,1.40428974005e-10,1.80189682619e-11,1.80157676971e-11,9.599113171e-11,0.00000368698351849]},"barkbands_crest":{"dmean":2.2823331356,"dmean2":3.75831913948,"dvar":4.05941200256,"dvar2":10.7611856461,"max":23.5641841888,"mean":8.1556596756,"median":7.38799476624,"min":2.66000652313,"var":11.5458135605},"barkbands_flatness_db":{"dmean":0.0186248682439,"dmean2":0.0300569869578,"dvar":0.000267877156148,"dvar2":0.000682979472913,"max":0.328338712454,"mean":0.12247056514,"median":0.114934898913,"min":0.0429722182453,"var":0.00137689593248},"barkbands_kurtosis":{"dmean":1.89229273796,"dmean2":3.10329937935,"dvar":18.2121715546,"dvar2":46.837059021,"max":129.938018799,"mean":3.84019732475,"median":1.09853100777,"min":-1.84109699726,"var":139.370315552},"barkbands_skewness":{"dmean":0.38740414381,"dmean2":0.620602309704,"dvar":0.169217318296,"dvar2":0.410418987274,"max":8.76996517181,"mean":1.29918587208,"median":1.24132800102,"min":-9.96045970917,"var":1.89229905605},"barkbands_spread":{"dmean":7.98405790329,"dmean2":12.7401723862,"dvar":53.5246925354,"dvar2":132.108596802,"max":115.667144775,"mean":46.0437240601,"median":45.9711380005,"min":1.4521034956,"var":349.657836914},"dissonance":{"dmean":0.0142871355638,"dmean2":0.0245929658413,"dvar":0.000210309299291,"dvar2":0.000615799857769,"max":0.500000059605,"mean":0.476211935282,"median":0.480736374855,"min":0.290790259838,"var":0.000367051368812},"dynamic_complexity":3.56454443932,"erbbands":{"dmean":[0.144154712558,0.883809447289,2.78618001938,3.23798370361,5.48252630234,5.38852787018,5.34864234924,6.12269735336,11.2129554749,36.0932197571,9.62188148499,10.5370187759,16.8468494415,22.1306476593,19.8140544891,49.2349395752,27.0587730408,18.5126724243,39.4796981812,26.6164131165,19.3550567627,10.7223157883,6.9835600853,4.9029378891,6.13121938705,3.80311512947,2.23932695389,1.2030402422,0.579763114452,0.2629956007,0.116832405329,0.0600406080484,0.0390068665147,0.0277758333832,0.0188127178699,0.0119651500136,0.00935165118426,0.0169796887785,0.0281471498311,0.014619265683],"dmean2":[0.240801244974,1.51680552959,4.7711725235,5.43529129028,8.77638053894,8.91126251221,8.67488384247,9.9699048996,17.1979064941,54.3114509583,14.8113460541,17.0759372711,27.1358757019,35.2266235352,32.5925979614,82.3411331177,44.5986747742,30.8322429657,64.6454162598,43.9313011169,32.1517448425,17.5477485657,11.4379825592,7.9879899025,10.0198144913,6.12472057343,3.59730005264,1.91864168644,0.903547763824,0.400691986084,0.180310040712,0.0973895639181,0.0644076317549,0.0458224005997,0.031033731997,0.0197535157204,0.0147798545659,0.0250254720449,0.043376956135,0.0229393988848],"dvar":[0.0408966206014,1.22834563255,12.2841062546,22.2890434265,97.834526062,102.189926147,72.4468078613,99.0215835571,300.157104492,4659.68164062,331.27053833,295.032562256,1300.43688965,2207.16894531,650.218017578,4158.07958984,1054.31591797,556.679870605,3739.87524414,1558.18908691,676.394775391,214.914154053,90.9249343872,54.7117156982,83.4256515503,39.2011604309,13.3170518875,4.48374462128,0.960470318794,0.195101082325,0.0343535132706,0.00863217003644,0.00391517812386,0.00191424472723,0.000832626363263,0.00031679996755,0.000176776040462,0.000928259803914,0.00225707748905,0.000247900461545],"dvar2":[0.107541777194,3.37765908241,34.3506240845,59.3591766357,234.251846313,268.746795654,170.045883179,234.300140381,659.559692383,10156.2392578,655.45904541,706.400878906,3275.87304688,4375.84619141,1721.54846191,11207.109375,2794.55639648,1476.20654297,9138.54980469,3941.63354492,1790.94616699,560.362854004,229.285964966,141.011734009,212.548614502,95.0265350342,30.488237381,10.3857603073,2.1407752037,0.395077645779,0.0732731372118,0.0210069809109,0.0097181443125,0.00475890934467,0.00207207747735,0.000789846119005,0.000401532859541,0.00179583497811,0.00463226623833,0.000570073490962],"max":[3.00808668137,13.5443658829,40.3268470764,76.680847168,227.185943604,192.143127441,182.334716797,194.019714355,266.873596191,944.710327148,546.458984375,355.669952393,978.402099609,3058.07080078,443.619445801,840.371520996,576.819213867,496.919311523,2041.5423584,1366.98937988,693.187194824,294.855163574,204.175430298,164.444015503,182.476882935,167.083892822,77.7674407959,41.29479599,18.1892337799,8.63398361206,3.30865168571,1.13922941685,0.791456103325,0.555603027344,0.370076388121,0.228723540902,0.179893091321,0.597905516624,1.17279410362,0.31404659152],"mean":[0.209850385785,1.31743705273,4.06937217712,4.91663885117,8.19632434845,8.13606357574,8.80532836914,10.5021686554,22.1521320343,71.0075149536,19.1344223022,19.0722045898,28.7376689911,42.0236473083,40.5596084595,91.2493438721,61.6106452942,41.5673103333,82.9975738525,62.6117401123,44.3213348389,27.2707138062,18.2403125763,12.8547258377,15.0224304199,10.1545276642,5.97075796127,3.05544614792,1.43389308453,0.598123311996,0.208103016019,0.0755520761013,0.0409985408187,0.029247501865,0.0201696548611,0.013342817314,0.0157998800278,0.0506424196064,0.108434133232,0.0745030045509],"median":[0.125387221575,0.919176578522,2.54284572601,3.17382001877,4.17432594299,3.73652219772,4.70655250549,6.11622810364,8.90896987915,12.7307701111,9.17153358459,10.1574649811,16.3152961731,23.3407707214,29.7713623047,66.5212249756,48.7801589966,32.8847351074,57.5353393555,46.5430793762,33.9465675354,20.9240570068,14.023267746,9.45532608032,10.1072425842,6.99904346466,4.02841949463,1.93593835831,0.863475322723,0.326097548008,0.107434459031,0.0375427342951,0.0178303811699,0.0127616897225,0.00915593467653,0.00649363454431,0.00952839851379,0.0313347391784,0.0806477218866,0.071361169219],"min":[4.78706646682e-22,3.6167955296e-21,3.72646400763e-21,8.62485230396e-21,5.82206679748e-20,2.09612090865e-19,4.00530752916e-19,6.04667683608e-19,1.25798413379e-18,6.95133221878e-19,4.07460401629e-18,1.98974801512e-18,2.76361766437e-18,1.69742807351e-18,2.42636930439e-18,3.48149897348e-18,2.86521819106e-18,4.28854518274e-18,8.68854054532e-18,8.46674778049e-18,7.21590511052e-18,7.07520747859e-18,8.17268341837e-18,7.79546589799e-18,1.47315109919e-17,9.37115645657e-18,2.05538930486e-17,2.03761534416e-17,2.28083523014e-17,1.65586007638e-17,2.22129113005e-17,1.98708933255e-17,1.48870143296e-17,1.26214311519e-17,7.93776329722e-18,6.60670478735e-18,3.63725211974e-18,1.3656506861e-18,3.12235995067e-19,3.70357646938e-20],"var":[0.0584200657904,1.83827090263,19.9412384033,37.2906417847,176.452758789,176.765914917,154.45930481,224.145141602,921.925598145,16072.3828125,1058.26342773,781.59588623,2137.40185547,10657.8652344,1539.44775391,8196.19238281,3115.58007812,1415.26525879,10215.4570312,4530.06298828,1877.15356445,729.31060791,307.572509766,173.837158203,267.630859375,123.837600708,44.1929244995,12.97453022,2.85228013992,0.579733133316,0.0755854249001,0.0112297907472,0.00437890645117,0.00215820712037,0.000953516748268,0.000370259716874,0.000342054350767,0.00343681569211,0.0113091189414,0.00215294864029]},"erbbands_crest":{"dmean":2.37740159035,"dmean2":3.92652869225,"dvar":4.79879951477,"dvar2":12.4619855881,"max":27.2453594208,"mean":8.44717693329,"median":7.6326508522,"min":2.96636605263,"var":11.5228433609},"erbbands_flatness_db":{"dmean":0.0193566363305,"dmean2":0.0303616654128,"dvar":0.000269325973932,"dvar2":0.000661679019686,"max":0.314821213484,"mean":0.162962049246,"median":0.160114914179,"min":0.0290551111102,"var":0.00110479991417},"erbbands_kurtosis":{"dmean":0.873832523823,"dmean2":1.41424453259,"dvar":1.32513642311,"dvar2":3.2790415287,"max":32.8841133118,"mean":1.02832043171,"median":0.358629703522,"min":-1.63280010223,"var":7.94449281693},"erbbands_skewness":{"dmean":0.287590950727,"dmean2":0.459020853043,"dvar":0.0617679208517,"dvar2":0.151004031301,"max":2.66082811356,"mean":-0.338313162327,"median":-0.332417011261,"min":-5.13750648499,"var":0.536909043789},"erbbands_spread":{"dmean":4.56517219543,"dmean2":7.26189184189,"dvar":20.7478733063,"dvar2":50.9295463562,"max":150.141098022,"mean":23.9979362488,"median":23.0895042419,"min":2.55970430374,"var":85.7438430786},"gfcc":{"cov":[[18638.6347656,2275.51513672,-1349.69799805,26.8208217621,734.76171875,-1058.2557373,1023.1114502,-1014.25762939,664.730712891,-352.844970703,55.2613677979,-76.1088180542,-216.902572632],[2275.51513672,1161.21228027,-64.9970016479,-232.724899292,182.778427124,-164.148162842,101.452072144,-220.427108765,94.1442489624,-153.727081299,41.3512573242,-61.8781013489,-10.8242044449],[-1349.69799805,-64.9970016479,399.358154297,33.2656059265,-143.633407593,182.938354492,-202.886383057,129.478713989,-115.126609802,14.7418365479,4.91705989838,-8.99426460266,15.0242376328],[26.8208217621,-232.724899292,33.2656059265,278.145019531,68.5279998779,-53.8129844666,110.136260986,-36.5293083191,15.4345054626,18.8086643219,-19.0067329407,37.2741508484,-22.8882808685],[734.76171875,182.778427124,-143.633407593,68.5279998779,280.784790039,-23.9789981842,144.967910767,-116.7813797,34.6196060181,-48.1927642822,10.2012138367,9.42608261108,22.8320217133],[-1058.2557373,-164.148162842,182.938354492,-53.8129844666,-23.9789981842,292.165008545,-155.677093506,135.493515015,-100.379394531,10.5833797455,14.0856809616,-4.27339506149,52.1859092712],[1023.1114502,101.452072144,-202.886383057,110.136260986,144.967910767,-155.677093506,284.530609131,-123.575424194,103.239151001,-28.3612861633,-13.6113271713,32.0148124695,-41.5910797119],[-1014.25762939,-220.427108765,129.478713989,-36.5293083191,-116.7813797,135.493515015,-123.575424194,199.796234131,-23.0188827515,70.3319778442,5.3001203537,-19.637544632,22.9580478668],[664.730712891,94.1442489624,-115.126609802,15.4345054626,34.6196060181,-100.379394531,103.239151001,-23.0188827515,135.887832642,38.5888900757,12.2266540527,6.78461790085,-35.1551361084],[-352.844970703,-153.727081299,14.7418365479,18.8086643219,-48.1927642822,10.5833797455,-28.3612861633,70.3319778442,38.5888900757,100.026626587,29.3110332489,5.98571491241,-7.32440900803],[55.2613677979,41.3512573242,4.91705989838,-19.0067329407,10.2012138367,14.0856809616,-13.6113271713,5.3001203537,12.2266540527,29.3110332489,54.5027770996,16.0440788269,10.2135314941],[-76.1088180542,-61.8781013489,-8.99426460266,37.2741508484,9.42608261108,-4.27339506149,32.0148124695,-19.637544632,6.78461790085,5.98571491241,16.0440788269,56.3187561035,13.6894845963],[-216.902572632,-10.8242044449,15.0242376328,-22.8882808685,22.8320217133,52.1859092712,-41.5910797119,22.9580478668,-35.1551361084,-7.32440900803,10.2135314941,13.6894845963,68.8236618042]],"icov":[[0.000135481881443,-0.000481261464301,0.000881476094946,-0.000851086748298,0.000574470730498,-0.000435485184425,0.000190627906704,0.000142304677865,-0.0000938006123761,0.000140808580909,-0.000238264125073,0.000224709001486,0.0000409169551858],[-0.000481261464301,0.0101409293711,-0.0139535171911,0.0137812979519,-0.0073749339208,0.00715822353959,-0.00463537685573,0.00560356117785,-0.0099641783163,0.00899837817997,-0.00770763587207,0.00910107977688,-0.00474270386621],[0.000881476094946,-0.0139535171911,0.0270563997328,-0.0236568022519,0.0134007884189,-0.0127624459565,0.00995633937418,-0.00825559441,0.0132484240457,-0.00690488191321,0.0053256037645,-0.0102580785751,0.00809436663985],[-0.000851086748298,0.0137812979519,-0.0236568022519,0.0278787594289,-0.014816888608,0.0128432959318,-0.00964803714305,0.00638619018719,-0.0091688875109,0.00436081644148,-0.00242032459937,0.00517027266324,-0.00375142320991],[0.000574470730498,-0.0073749339208,0.0134007884189,-0.014816888608,0.017509194091,-0.0114666791633,-0.000258397660218,0.00336861936375,0.00247773015872,-0.00241249171086,-0.00147633417509,0.00376310199499,-0.00511669926345],[-0.000435485184425,0.00715822353959,-0.0127624459565,0.0128432959318,-0.0114666791633,0.0161265265197,-0.00145624380093,-0.00436495663598,-0.00137086887844,0.00608005141839,-0.00419868761674,0.0000159914616233,-0.000470629893243],[0.000190627906704,-0.00463537685573,0.00995633937418,-0.00964803714305,-0.000258397660218,-0.00145624380093,0.0153106544167,-0.00458848942071,0.000261290610069,0.00127355894074,0.00463090604171,-0.0107032423839,0.00817338563502],[0.000142304677865,0.00560356117785,-0.00825559441,0.00638619018719,0.00336861936375,-0.00436495663598,-0.00458848942071,0.0232689771801,-0.0118580739945,-0.00300631788559,-0.00248664384708,0.0160751827061,-0.0122923664749],[-0.0000938006123761,-0.0099641783163,0.0132484240457,-0.0091688875109,0.00247773015872,-0.00137086887844,0.000261290610069,-0.0118580739945,0.0316819027066,-0.0194469410926,0.00992070045322,-0.0152333658189,0.0121981659904],[0.000140808580909,0.00899837817997,-0.00690488191321,0.00436081644148,-0.00241249171086,0.00608005141839,0.00127355894074,-0.00300631788559,-0.0194469410926,0.039270915091,-0.0250121727586,0.010819291696,-0.00141521636397],[-0.000238264125073,-0.00770763587207,0.0053256037645,-0.00242032459937,-0.00147633417509,-0.00419868761674,0.00463090604171,-0.00248664384708,0.00992070045322,-0.0250121727586,0.0427379310131,-0.0215241480619,0.00371539383195],[0.000224709001486,0.00910107977688,-0.0102580785751,0.00517027266324,0.00376310199499,0.0000159914616233,-0.0107032423839,0.0160751827061,-0.0152333658189,0.010819291696,-0.0215241480619,0.0456173196435,-0.0195017773658],[0.0000409169551858,-0.00474270386621,0.00809436663985,-0.00375142320991,-0.00511669926345,-0.000470629893243,0.00817338563502,-0.0122923664749,0.0121981659904,-0.00141521636397,0.00371539383195,-0.0195017773658,0.0314002707601]],"mean":[1.46358561516,97.2143783569,-107.517700195,-11.7334346771,9.15090656281,-23.3535079956,6.56760263443,-23.5015544891,-0.607954323292,-6.71897029877,-2.4841170311,-7.74759149551,-3.17687034607]},"hfc":{"dmean":99.3584747314,"dmean2":165.085067749,"dvar":10944.8398438,"dvar2":28787.6796875,"max":1478.73168945,"mean":373.12991333,"median":371.253204346,"min":1.22584487481e-16,"var":35828.1953125},"melbands":{"dmean":[0.0011727148667,0.00129364803433,0.000582003151067,0.00040933577111,0.00017908247537,0.00013670467888,0.000229756813496,0.000331627379637,0.0000747471858631,0.0000650319052511,0.0000912545947358,0.000100088822364,0.0000711843531462,0.000111662389827,0.000125860518892,0.0000463739233965,0.0000364400439139,0.0000633883028058,0.0000599319610046,0.00002888869858,0.0000254731112364,0.00001287485793,0.00000983698373602,0.00000584856252317,0.00000426398992204,0.00000454270502814,0.0000041334656089,0.0000026039056138,0.00000168303870396,0.00000112323675694,6.42585291644e-7,3.90438259501e-7,2.14047460645e-7,1.32144819531e-7,7.39581338394e-8,4.75747157225e-8,3.27272040579e-8,2.7553932469e-8,2.48932039426e-8,2.28966090532e-8],"dmean2":[0.00195164897013,0.00220971088856,0.000954862858634,0.000660067948047,0.000291230971925,0.000221960421186,0.000345817010384,0.000499619985931,0.000116911804071,0.000105530671135,0.000146939026308,0.000159619798069,0.00011761681526,0.000186314297025,0.000209769816138,0.0000774979635025,0.0000609606977378,0.000104488157376,0.0000984761718428,0.0000481696552015,0.0000426072074333,0.0000212485992961,0.0000163136719493,0.00000962735339272,0.00000703505338606,0.00000753448011892,0.00000681887195242,0.00000427205213782,0.00000274666626865,0.00000181259417786,0.00000104214086605,6.20484115643e-7,3.33454778456e-7,2.04763736633e-7,1.15531065603e-7,7.56485647457e-8,5.39114886067e-8,4.55344810746e-8,4.10951876972e-8,3.77714819422e-8],"dvar":[0.00000221382197196,0.00000248985975304,6.35005676486e-7,5.6489312783e-7,7.5795213661e-8,4.63818352614e-8,1.3400079979e-7,3.78487925445e-7,1.95356850696e-8,1.2408438721e-8,3.87732406182e-8,4.76378509973e-8,9.85121495489e-9,2.37801920377e-8,2.79045675455e-8,3.40911809893e-9,2.31824892616e-9,9.86288650751e-9,7.67309593641e-9,1.65242441952e-9,1.26045496263e-9,3.46995016054e-10,1.89927296113e-10,7.24666854302e-11,4.24476252758e-11,4.41414058083e-11,3.96602438391e-11,1.94939984294e-11,7.43874753462e-12,3.46948121274e-12,1.26683505266e-12,4.25198396457e-13,1.30008593409e-13,4.96219717064e-14,1.4274580392e-14,5.55836318406e-15,2.70326202897e-15,1.9647068972e-15,1.57327941975e-15,1.290961962e-15],"dvar2":[0.00000587012209508,0.00000699433439877,0.00000166354402609,0.00000139810549626,1.79027679792e-7,1.09852457797e-7,2.85290610691e-7,8.31915883737e-7,3.94717041274e-8,3.03052338779e-8,9.70527196387e-8,9.47800202766e-8,2.63616701801e-8,6.25111979957e-8,7.55661915264e-8,9.26104792853e-9,6.16543616161e-9,2.42862618904e-8,2.02036769537e-8,4.2591761229e-9,3.35765237836e-9,9.08191133409e-10,4.96815588669e-10,1.88696142045e-10,1.12139568464e-10,1.15261050704e-10,1.00296923544e-10,4.92202251179e-11,1.79331133277e-11,8.15621441913e-12,3.05647868126e-12,9.97942505541e-13,2.83131455564e-13,1.06463483049e-13,3.12786329769e-14,1.28846391361e-14,6.7019207668e-15,4.8778484439e-15,3.90914090784e-15,3.21004247658e-15],"max":[0.0214744135737,0.0202218685299,0.011967192404,0.0163634773344,0.00543890614063,0.00404114136472,0.00536329858005,0.00846328306943,0.00398784689605,0.00207198993303,0.00542359612882,0.0140487877652,0.00196682894602,0.00229626428336,0.00266553252004,0.000899232400116,0.0011403884273,0.00323643884622,0.00185328430962,0.00108032708522,0.00081955769565,0.000414268055465,0.00022674286447,0.000166784884641,0.000148131584865,0.000131919237901,0.000113412148494,0.000121904537082,0.0000638000783511,0.000032307307265,0.0000201900020329,0.0000126692257254,0.00000769892994867,0.00000488322029923,0.00000216468151848,0.0000010328552662,6.22486822976e-7,5.60822513762e-7,5.0306744015e-7,4.56645409486e-7],"mean":[0.00184968567919,0.00205150665715,0.000960085017141,0.000642062164843,0.000302695494611,0.000236605847022,0.000470286118798,0.000656282063574,0.00013305991888,0.000113919151772,0.000151424857904,0.000180360366357,0.000124287922517,0.00019633147167,0.000237875559833,0.0000951266847551,0.0000718272713129,0.0001268973283,0.000119695025205,0.0000601065694354,0.0000508253033331,0.0000283030312858,0.0000210445559787,0.0000134578494908,0.00000975345301413,0.0000104927721623,0.00000967558025877,0.00000620295259068,0.00000402171190217,0.00000263666447609,0.00000145051956224,8.83596726453e-7,4.71782044542e-7,2.6878205972e-7,1.25385483329e-7,6.74152076385e-8,3.60903342767e-8,2.83675873902e-8,2.58951970977e-8,2.40920332573e-8],"median":[0.00136312155519,0.00140752480365,0.000649730092846,0.000308838847559,0.000167961174157,0.000137159746373,0.000146853315528,0.000129309133627,0.0000665929328534,0.0000582084685448,0.0000822567089926,0.0000942732585827,0.0000845618196763,0.000129073945573,0.000166587007698,0.0000738773669582,0.0000530132056156,0.0000864709581947,0.0000826610339573,0.0000435957699665,0.0000366282838513,0.0000204476364161,0.0000152618158609,0.00000992215700535,0.00000689430316925,0.00000708198604116,0.00000639635345578,0.00000418492481913,0.00000264216055257,0.0000016673469645,8.66976392899e-7,5.22010282111e-7,2.61599296891e-7,1.38460478638e-7,6.21846467652e-8,3.3201715155e-8,1.65712883415e-8,1.18310685693e-8,1.10769162731e-8,1.05012780693e-8],"min":[6.28256200767e-24,3.27934684782e-24,3.04372375898e-24,8.49574322614e-24,1.41748585902e-23,1.56621438087e-23,1.69595722955e-23,8.31092889326e-24,3.5664742313e-23,1.11294216225e-23,1.39833815381e-23,6.92928950487e-24,7.17111954853e-24,8.96759643229e-24,8.15522983868e-24,7.31877616618e-24,7.08648897289e-24,1.39195500691e-23,1.30624700505e-23,6.91839533577e-24,9.78461493866e-24,7.08798307545e-24,8.02190919025e-24,7.89273400588e-24,5.819346434e-24,8.42717701398e-24,1.02923550051e-23,5.37003137834e-24,1.11917660887e-23,1.36028397706e-23,1.10996744667e-23,1.3927127867e-23,9.54860353304e-24,9.06784803157e-24,1.07444196355e-23,1.68303426797e-23,1.12786149412e-23,1.0367507417e-23,1.07355157624e-23,1.10167273202e-23],"var":[0.00000339500593327,0.00000405325181418,0.00000114494582704,0.00000109424286165,1.61468832971e-7,1.07382916781e-7,4.86460351112e-7,0.00000130134833398,5.73889096245e-8,2.99396560877e-8,6.79364760003e-8,2.25711133339e-7,1.94671603282e-8,4.67027554407e-8,6.22845419684e-8,7.80319098226e-9,5.35024291537e-9,2.51369058901e-8,2.0369830267e-8,3.93521037978e-9,2.91484103521e-9,9.60905466307e-10,4.77200334803e-10,1.93010427085e-10,1.10290547528e-10,1.30757307759e-10,1.16371946801e-10,4.98612678923e-11,2.11956546065e-11,9.73960755796e-12,3.15890044157e-12,1.11474674977e-12,3.58196192976e-13,1.27769390662e-13,2.95300655944e-14,8.76290058176e-15,3.10556752704e-15,2.18496849777e-15,1.76000846824e-15,1.45787245123e-15]},"melbands_crest":{"dmean":3.7023229599,"dmean2":6.15473508835,"dvar":9.77818584442,"dvar2":26.6545963287,"max":35.7179336548,"mean":13.6346340179,"median":12.7985658646,"min":3.40781879425,"var":23.9566612244},"melbands_flatness_db":{"dmean":0.0265817102045,"dmean2":0.0430288314819,"dvar":0.00050242600264,"dvar2":0.0012946567731,"max":0.486863404512,"mean":0.223689809442,"median":0.217340141535,"min":0.00694266660139,"var":0.00264720572159},"melbands_kurtosis":{"dmean":2.96925234795,"dmean2":4.90072870255,"dvar":33.2479934692,"dvar2":85.3608779907,"max":184.477813721,"mean":4.27605581284,"median":2.06089615822,"min":-1.87035763264,"var":87.2254486084},"melbands_skewness":{"dmean":0.557842493057,"dmean2":0.895349800587,"dvar":0.304280042648,"dvar2":0.770935714245,"max":12.225022316,"mean":1.68136548996,"median":1.52584648132,"min":-3.13418507576,"var":1.29086244106},"melbands_spread":{"dmean":6.56375551224,"dmean2":10.5893821716,"dvar":74.2762985229,"dvar2":196.768310547,"max":324.023254395,"mean":28.7194652557,"median":27.2495346069,"min":1.21485602856,"var":272.024780273},"mfcc":{"cov":[[10050.7333984,1435.55822754,-1401.4876709,716.100646973,-406.408203125,264.371917725,-142.689865112,-48.5684051514,117.937187195,139.667709351,62.8249359131,63.5397262573,205.852020264],[1435.55822754,1274.94042969,-179.554321289,-94.5365447998,68.2558670044,4.65170669556,6.22838258743,-30.6614303589,-3.82304477692,-36.5363540649,-14.2705249786,8.1318321228,10.7777147293],[-1401.4876709,-179.554321289,615.457824707,-216.362503052,126.286903381,-127.416770935,15.9592494965,-13.029914856,-50.3283958435,-20.6875724792,-0.57096773386,4.37353467941,-59.2898178101],[716.100646973,-94.5365447998,-216.362503052,446.659729004,-135.845550537,114.151535034,-21.2560787201,19.8945903778,16.2658557892,27.1813621521,28.1486186981,-20.6640338898,23.2144432068],[-406.408203125,68.2558670044,126.286903381,-135.845550537,225.970275879,12.2754812241,75.6043319702,-6.54139041901,2.4230723381,-23.0866966248,-35.3150672913,12.2738494873,-13.3968076706],[264.371917725,4.65170669556,-127.416770935,114.151535034,12.2754812241,154.266281128,46.9243659973,44.020160675,2.54359602928,-6.22475671768,-16.3220844269,-11.1910514832,11.8252735138],[-142.689865112,6.22838258743,15.9592494965,-21.2560787201,75.6043319702,46.9243659973,106.94606781,30.3049049377,8.03726482391,-19.0753364563,-23.3299732208,-12.4214601517,-13.8556089401],[-48.5684051514,-30.6614303589,-13.029914856,19.8945903778,-6.54139041901,44.020160675,30.3049049377,71.9734725952,19.7555847168,3.52537965775,-7.68284368515,-13.0951795578,-5.72601652145],[117.937187195,-3.82304477692,-50.3283958435,16.2658557892,2.4230723381,2.54359602928,8.03726482391,19.7555847168,59.9116783142,28.3435726166,6.00433826447,3.407330513,7.25812625885],[139.667709351,-36.5363540649,-20.6875724792,27.1813621521,-23.0866966248,-6.22475671768,-19.0753364563,3.52537965775,28.3435726166,61.1854705811,34.270866394,17.070930481,16.6961097717],[62.8249359131,-14.2705249786,-0.57096773386,28.1486186981,-35.3150672913,-16.3220844269,-23.3299732208,-7.68284368515,6.00433826447,34.270866394,62.2470703125,28.5637073517,14.7327461243],[63.5397262573,8.1318321228,4.37353467941,-20.6640338898,12.2738494873,-11.1910514832,-12.4214601517,-13.0951795578,3.407330513,17.070930481,28.5637073517,59.8583488464,37.8440895081],[205.852020264,10.7777147293,-59.2898178101,23.2144432068,-13.3968076706,11.8252735138,-13.8556089401,-5.72601652145,7.25812625885,16.6961097717,14.7327461243,37.8440895081,59.0790939331]],"icov":[[0.000194081148948,-0.000207684235647,0.000259160849964,-0.00017032638425,0.000202948067454,-0.0000583440669288,-0.0000186308225238,0.0002035896905,-0.00000202754245038,-0.000458389928099,0.000344376574503,-0.000299136241665,-0.00000275268280348],[-0.000207684235647,0.0011399211362,0.000235696556047,0.000438849179773,-0.000728657469153,0.000201718721655,0.000229469354963,-0.000106414714537,0.000084778672317,0.00119938747957,-0.000913225871045,0.00052615191089,-0.0000409885906265],[0.000259160849964,0.000235696556047,0.00375477341004,-0.0000364104053006,-0.00197099987417,0.00300119747408,0.0000010471828773,-0.00209451979026,0.00375194381922,-0.0013141175732,-0.000371749280021,-0.0012653649319,0.00239973608404],[-0.00017032638425,0.000438849179773,-0.0000364104053006,0.0043606525287,0.0018152698176,-0.00362707674503,0.000323095708154,0.00161649507936,-0.00141114322469,0.000590848154388,-0.00250986428,0.00273089576513,-0.000983555451967],[0.000202948067454,-0.000728657469153,-0.00197099987417,0.0018152698176,0.0106314327568,-0.00408895453438,-0.00538982730359,0.00556923775002,-0.00398718146607,-0.00101345579606,0.00544407498091,-0.00575401680544,0.00234389794059],[-0.0000583440669288,0.000201718721655,0.00300119747408,-0.00362707674503,-0.00408895453438,0.0158693026751,-0.00350928190164,-0.00887983106077,0.0072801085189,-0.00139543786645,0.00165267207194,0.000365644664271,-0.00233005150221],[-0.0000186308225238,0.000229469354963,0.0000010471828773,0.000323095708154,-0.00538982730359,-0.00350928190164,0.0170972496271,-0.00477600842714,-0.00261092907749,0.00453043589368,-0.00165718526114,0.00201040133834,0.00109012448229],[0.0002035896905,-0.000106414714537,-0.00209451979026,0.00161649507936,0.00556923775002,-0.00887983106077,-0.00477600842714,0.0243593696505,-0.0099508119747,-0.000482251809444,0.0013815065613,0.00152745225932,0.000889814924449],[-0.00000202754245038,0.000084778672317,0.00375194381922,-0.00141114322469,-0.00398718146607,0.0072801085189,-0.00261092907749,-0.0099508119747,0.0305410642177,-0.0152715584263,0.00387360923924,-0.000880840292666,0.000535311817657],[-0.000458389928099,0.00119938747957,-0.0013141175732,0.000590848154388,-0.00101345579606,-0.00139543786645,0.00453043589368,-0.000482251809444,-0.0152715584263,0.0355567969382,-0.0174476522952,0.00388480210677,-0.00541720399633],[0.000344376574503,-0.000913225871045,-0.000371749280021,-0.00250986428,0.00544407498091,0.00165267207194,-0.00165718526114,0.0013815065613,0.00387360923924,-0.0174476522952,0.0359610505402,-0.0195390991867,0.00823205430061],[-0.000299136241665,0.00052615191089,-0.0012653649319,0.00273089576513,-0.00575401680544,0.000365644664271,0.00201040133834,0.00152745225932,-0.000880840292666,0.00388480210677,-0.0195390991867,0.0456468723714,-0.027512062341],[-0.00000275268280348,-0.0000409885906265,0.00239973608404,-0.000983555451967,0.00234389794059,-0.00233005150221,0.00109012448229,0.000889814924449,0.000535311817657,-0.00541720399633,0.00823205430061,-0.027512062341,0.0381137132645]],"mean":[-657.826049805,169.439163208,-47.4747085571,31.5206737518,4.10191583633,19.938873291,6.16926574707,0.586862742901,3.49265909195,1.28135681152,0.660828471184,1.53398883343,6.86612939835]},"pitch_salience":{"dmean":0.067989371717,"dmean2":0.112756878138,"dvar":0.0034640468657,"dvar2":0.00934116635472,"max":0.85401070118,"mean":0.57833135128,"median":0.583669662476,"min":0.195767238736,"var":0.00818341225386},"silence_rate_20dB":{"dmean":0,"dmean2":0,"dvar":0,"dvar2":0,"max":1,"mean":1,"median":1,"min":1,"var":0},"silence_rate_30dB":{"dmean":0.00926273595542,"dmean2":0.018527790904,"dvar":0.00917629990727,"dvar2":0.0229403171688,"max":1,"mean":0.991239070892,"median":1,"min":0,"var":0.00868381746113},"silence_rate_60dB":{"dmean":0.00225309794769,"dmean2":0.00450676027685,"dvar":0.00224789301865,"dvar2":0.00498750712723,"max":1,"mean":0.0551939941943,"median":0,"min":0,"var":0.0521506108344},"spectral_centroid":{"dmean":178.845870972,"dmean2":276.51739502,"dvar":35972.34375,"dvar2":77189.484375,"max":11155.4833984,"mean":1410.31628418,"median":1300.98974609,"min":209.116790771,"var":794510.875},"spectral_complexity":{"dmean":3.31405687332,"dmean2":5.3410115242,"dvar":9.10260486603,"dvar2":21.1396026611,"max":56,"mean":27.0806007385,"median":28,"min":0,"var":118.449691772},"spectral_contrast_coeffs":{"dmean":[0.053591568023,0.050290055573,0.0379621498287,0.0277066491544,0.0191505886614,0.0446954146028],"dmean2":[0.0891951620579,0.0826409906149,0.0638351514935,0.0465237274766,0.0319253243506,0.0712826997042],"dvar":[0.00175702525303,0.00151510548312,0.000852585711982,0.000449348328402,0.000241866830038,0.00160940329079],"dvar2":[0.00479487655684,0.00409898720682,0.00238683703355,0.00126461847685,0.000664836494252,0.00406152568758],"max":[-0.374066650867,-0.499649018049,-0.558775007725,-0.660297393799,-0.651248991489,-0.462643504143],"mean":[-0.685371875763,-0.751905143261,-0.792772650719,-0.794411063194,-0.805807054043,-0.733302593231],"median":[-0.686771988869,-0.758837103844,-0.793788790703,-0.793330430984,-0.803916454315,-0.733088195324],"min":[-0.965597867966,-0.966994941235,-0.961127758026,-0.961799025536,-0.962956190109,-0.958833277225],"var":[0.0058627910912,0.00546658271924,0.00256041786633,0.00155304535292,0.000968498294242,0.0068147694692]},"spectral_contrast_valleys":{"dmean":[0.386739552021,0.352302491665,0.28078687191,0.217320978642,0.203711494803,0.642433047295],"dmean2":[0.644429922104,0.581520915031,0.464355945587,0.355059802532,0.319849431515,1.03710508347],"dvar":[0.110383875668,0.0924589559436,0.0647286549211,0.0468420609832,0.0625403597951,0.316917181015],"dvar2":[0.280938744545,0.214899972081,0.13970503211,0.0910812094808,0.113659977913,0.805491745472],"max":[-5.39725971222,-4.78865718842,-5.18901491165,-5.35385131836,-5.64714431763,-9.09708118439],"mean":[-7.01230287552,-6.65556383133,-6.83407402039,-6.86325788498,-7.40976381302,-11.263800621],"median":[-6.70589828491,-6.37966442108,-6.53132200241,-6.51429367065,-6.97880172729,-11.0813703537],"min":[-27.081785202,-27.2262229919,-27.1056156158,-27.2109527588,-27.1442546844,-27.2651329041],"var":[2.40588498116,2.07729172707,1.99028968811,2.06228327751,2.00442361832,1.33465743065]},"spectral_decrease":{"dmean":1.75429393234e-9,"dmean2":2.84615198076e-9,"dvar":3.89484898379e-18,"dvar2":1.04350587896e-17,"max":8.19330381319e-9,"mean":-4.0181737937e-9,"median":-3.20049498015e-9,"min":-2.78146181643e-8,"var":1.18208129632e-17},"spectral_energy":{"dmean":0.0111072631553,"dmean2":0.0180103778839,"dvar":0.00013059534831,"dvar2":0.000327416899381,"max":0.175728470087,"mean":0.0490094088018,"median":0.0494684651494,"min":1.09741841841e-20,"var":0.000637786230072},"spectral_energyband_high":{"dmean":0.000411729735788,"dmean2":0.000647338747513,"dvar":3.0860149991e-7,"dvar2":6.55881933653e-7,"max":0.0127124330029,"mean":0.00166755821556,"median":0.00138103566132,"min":8.08218143245e-21,"var":0.00000199189435079},"spectral_energyband_low":{"dmean":0.00615714862943,"dmean2":0.0102642560378,"dvar":0.0000467824065709,"dvar2":0.000127236417029,"max":0.0854175910354,"mean":0.0117799248546,"median":0.0100312698632,"min":3.14418121151e-23,"var":0.0000849118514452},"spectral_energyband_middle_high":{"dmean":0.00241629267111,"dmean2":0.00374205806293,"dvar":0.00000850010837894,"dvar2":0.0000188344274648,"max":0.115307688713,"mean":0.00997274555266,"median":0.00864487141371,"min":1.2809006896e-21,"var":0.0000601063693466},"spectral_energyband_middle_low":{"dmean":0.00395493628457,"dmean2":0.00608138879761,"dvar":0.000022478730898,"dvar2":0.0000534913197043,"max":0.0780062675476,"mean":0.0111260255799,"median":0.0085571911186,"min":4.68289896201e-22,"var":0.0000918956066016},"spectral_entropy":{"dmean":0.109363228083,"dmean2":0.170323759317,"dvar":0.0125034367666,"dvar2":0.0289540328085,"max":9.8000421524,"mean":7.57206487656,"median":7.62598705292,"min":5.73254966736,"var":0.101860143244},"spectral_flux":{"dmean":0.0203883834183,"dmean2":0.0328104607761,"dvar":0.000370083376765,"dvar2":0.000925571308471,"max":0.29262983799,"mean":0.117118857801,"median":0.121178030968,"min":1.04757737207e-10,"var":0.00192368705757},"spectral_kurtosis":{"dmean":5.03620243073,"dmean2":7.96262836456,"dvar":37.3629989624,"dvar2":96.3035812378,"max":113.121772766,"mean":26.5936565399,"median":24.722454071,"min":-1.3708255291,"var":111.532928467},"spectral_rms":{"dmean":0.000764095166232,"dmean2":0.00122844520956,"dvar":5.18973422459e-7,"dvar2":0.00000126613906559,"max":0.0130936019123,"mean":0.00655836518854,"median":0.00694707967341,"min":3.27208204108e-12,"var":0.00000480213748233},"spectral_rolloff":{"dmean":429.488647461,"dmean2":784.952575684,"dvar":2731818.5,"dvar2":7655795,"max":22050,"mean":21431.6523438,"median":21899.2675781,"min":150.732421875,"var":3209298.5},"spectral_skewness":{"dmean":0.326166838408,"dmean2":0.513272285461,"dvar":0.141082659364,"dvar2":0.343703627586,"max":8.80490589142,"mean":3.50421833992,"median":3.36552810669,"min":-0.333536595106,"var":0.777090609074},"spectral_spread":{"dmean":361407.25,"dmean2":571880.3125,"dvar":218405748736,"dvar2":410937950208,"max":41109524,"mean":3766409.25,"median":3566837,"min":1865303.75,"var":2521858048000},"spectral_strongpeak":{"dmean":8.56994819641,"dmean2":16.4043064117,"dvar":494.858276367,"dvar2":1402.75195312,"max":181.122314453,"mean":6.03678750992,"median":0.377102047205,"min":0,"var":355.634674072},"zerocrossingrate":{"dmean":0.0299886222929,"dmean2":0.0393628180027,"dvar":0.000676149153151,"dvar2":0.00120629463345,"max":0.68310546875,"mean":0.354557573795,"median":0.36865234375,"min":0.0439453125,"var":0.00761079415679}},"metadata":{"audio_properties":{"analysis_sample_rate":44100,"bit_rate":160000,"codec":"mp3","downmix":"mix","equal_loudness":0,"length":185.495513916,"lossless":false,"md5_encoded":"29f144180ae4b5069b70d07ec5a8a8f6","replay_gain":-4.7973651886,"sample_rate":44100},"tags":{"album":["Fresh Cream"],"album artist credit":["Cream"],"albumartist":["Cream"],"albumartistsort":["Cream"],"artist":["Cream"],"artist credit":["Cream"],"artistsort":["Cream"],"asin":["B0000067L1"],"bpm":["0"],"catalognumber":["531 810-2"],"composer":["Tradional, arranged by S. Splurge"],"date":["1997"],"discnumber":["1/1"],"encodedby":["iTunes v4.8.0.32"],"file_name":"07 - Cream - Cat’s Squirrel.mp3","genre":["Rock - Classic Rock"],"label":["Polydor"],"language":["eng"],"media":["CD"],"musicbrainz album release country":["GB"],"musicbrainz album status":["Official"],"musicbrainz album type":["album"],"musicbrainz_albumartistid":["04cd0cfd-bfd1-4c36-bc38-95c35e2c045f"],"musicbrainz_albumid":["f92bdc34-4400-3027-8389-d1517ef5d615"],"musicbrainz_artistid":["04cd0cfd-bfd1-4c36-bc38-95c35e2c045f"],"musicbrainz_recordingid":["c5ea98a3-4f04-4256-8b45-d837f0758c01"],"musicbrainz_releasegroupid":["38d65202-a589-38ad-bf19-6161193340ee"],"originaldate":["1966-12-09"],"replaygain_album_gain":["0.00 dB"],"replaygain_album_peak":["0.000000"],"replaygain_track_gain":["-7.12 dB"],"replaygain_track_peak":["0.843658"],"script":["Latn"],"title":["Cat’s Squirrel"],"tracknumber":["7/11"]},"version":{"essentia":"2.1-beta1","essentia_build_sha":"5a811adb4c06fd6d02ca903f7349a26d851abfa8","essentia_git_sha":"v2.1_beta1-34-gf95df8b","extractor":"music 1.0"}},"rhythm":{"beats_count":280,"beats_loudness":{"dmean":0.0181312356144,"dmean2":0.0314833447337,"dvar":0.000270271644695,"dvar2":0.000750740640797,"max":0.133747220039,"mean":0.0592398233712,"median":0.0638970136642,"min":7.22243598261e-9,"var":0.00071812979877},"beats_loudness_band_ratio":{"dmean":[0.120217218995,0.0616455078125,0.1016138345,0.0663913488388,0