{"lowlevel":{"average_loudness":0.859544456005,"barkbands":{"dmean":[0.0000541650661035,0.00119855930097,0.000968695443589,0.00100299273618,0.00274097896181,0.000717488699593,0.00046551975538,0.000672897149343,0.000758228590712,0.000426694226917,0.000412096909713,0.000369574700017,0.000581335509196,0.000727524457034,0.000423973076977,0.000267088355031,0.00032174194348,0.000221995927859,0.000191978411749,0.000157021757332,0.000096792668046,0.0000696238712408,0.0000901261519175,0.0000932289549382,0.0000349403417204,0.0000154499739438,7.98699828497e-10],"dmean2":[0.0000850308861118,0.00194017635658,0.00169142626692,0.00173261866439,0.00455597369,0.00118400179781,0.000720482436009,0.00104099069722,0.0011652862886,0.000661672966089,0.000635712349322,0.000599607126787,0.000935074640438,0.00115444534458,0.000664361636154,0.00042279009358,0.000509328325279,0.000351718947059,0.000292862125207,0.00023812915606,0.000148229824845,0.000106570449134,0.000136564529384,0.000140082411235,0.0000518906927027,0.0000228950430028,1.48918755105e-9],"dvar":[4.90291585109e-9,0.0000043871109483,0.0000041914522626,0.00000411021665059,0.000054028321756,0.00000190227706298,0.00000111862186714,0.00000261772152044,0.00000353796053787,0.00000105965295916,7.22623042293e-7,8.63577326982e-7,0.00000180057031685,0.00000287766056317,0.00000133657658807,3.32758872901e-7,2.87783308295e-7,1.50814571498e-7,1.16772945091e-7,8.84979840521e-8,3.64483945248e-8,4.08273876928e-8,1.71910684799e-7,2.53026740893e-7,3.24624096493e-8,5.66627056386e-9,1.70915325529e-18],"dvar2":[1.10192743819e-8,0.0000109812235678,0.0000118741309052,0.0000113134092317,0.000138653180329,0.00000494028927278,0.00000245508067565,0.00000540091559742,0.00000819033357402,0.00000263016431745,0.0000016721899101,0.00000213174371311,0.00000436389791503,0.00000703812565916,0.0000030433898246,7.71227234964e-7,7.02188174273e-7,3.6177380025e-7,2.67005589194e-7,2.03782448693e-7,8.75773409348e-8,9.74405125476e-8,3.92487265799e-7,5.35675098945e-7,6.33451264775e-8,1.5145165122e-8,5.40884634434e-18],"max":[0.00126099830959,0.0260996483266,0.0257481392473,0.0265402942896,0.0624351464212,0.022304052487,0.0271379202604,0.0352976433933,0.0409858822823,0.031826864928,0.0191683564335,0.0241583250463,0.0345436222851,0.030353622511,0.0325939133763,0.0184860844165,0.0137518849224,0.00742018595338,0.00642356229946,0.00985523033887,0.0060568950139,0.0060951882042,0.00942633207887,0.0122398482636,0.00984882097691,0.00359259010293,2.17471498587e-8],"mean":[0.000123847523355,0.00184349843767,0.00120814389084,0.00118275918067,0.00284374202602,0.00121538352687,0.000820721441414,0.00113585195504,0.00134869117755,0.000768662779592,0.000724941433873,0.000579439569265,0.000916187767871,0.00113541458268,0.000685897190124,0.000445940560894,0.000568981224205,0.000394046714064,0.000353995594196,0.000309996656142,0.000171346953721,0.000106787752884,0.000124295038404,0.00013082078658,0.000049732541811,0.0000189886413864,6.57640664148e-10],"median":[0.000102602134575,0.00112274009734,0.000644172600005,0.000517150852829,0.000935410440434,0.000680170487612,0.000377455609851,0.00045896373922,0.000486343487864,0.00036453444045,0.000300513667753,0.000209784018807,0.000316246616421,0.00037478946615,0.000253272999544,0.000192352279555,0.00031121779466,0.000206574273761,0.000167984864675,0.000141632917803,0.0000683780453983,0.0000285477271973,0.0000182314925041,0.0000106776433313,0.00000375086437998,8.0619088294e-7,2.35490266176e-10],"min":[1.12213353565e-24,4.99431436301e-23,5.74882195353e-23,2.19056055312e-23,9.84389168258e-23,6.73362044594e-24,6.47851197997e-23,8.06083695157e-23,4.40876910325e-23,7.16811777501e-23,6.45903658195e-23,1.18819807266e-22,1.12364703629e-22,1.11797089809e-22,2.30776171247e-22,1.46805600823e-22,1.92497383708e-22,6.38926088825e-23,2.51443645388e-22,3.64593663204e-22,4.9832906314e-22,5.83202721528e-22,6.31551589891e-22,7.7214053764e-22,1.26297888055e-21,1.76443864863e-21,2.60380644273e-21],"var":[8.82633610644e-9,0.00000512020096721,0.0000033329758935,0.00000365592904927,0.0000449045510322,0.0000033072919905,0.00000224677023652,0.00000622207471679,0.00000881721280166,0.00000213143721339,0.00000162232277034,0.00000147942023432,0.00000338654467669,0.00000513122358825,0.00000276493574347,6.57140276417e-7,6.13008126038e-7,2.78828991895e-7,2.56177003166e-7,2.25989197133e-7,7.45691934867e-8,6.12818169543e-8,2.58231153794e-7,4.62548143787e-7,6.96449546922e-8,7.29551263845e-9,1.32530826044e-18]},"barkbands_crest":{"dmean":2.35444116592,"dmean2":3.82973361015,"dvar":5.59610033035,"dvar2":14.1539182663,"max":22.1424369812,"mean":7.98548650742,"median":6.96995258331,"min":1.91665172577,"var":14.6462507248},"barkbands_flatness_db":{"dmean":0.0178777780384,"dmean2":0.0270878747106,"dvar":0.000283949368168,"dvar2":0.000680505589116,"max":0.316556811333,"mean":0.129756957293,"median":0.12801784277,"min":0.0393469072878,"var":0.00136993767228},"barkbands_kurtosis":{"dmean":1.17667758465,"dmean2":1.92012941837,"dvar":9.15946388245,"dvar2":20.1381168365,"max":103.826377869,"mean":0.820640265942,"median":-0.125132083893,"min":-1.80319988728,"var":15.599275589},"barkbands_skewness":{"dmean":0.410219073296,"dmean2":0.637847781181,"dvar":0.201322585344,"dvar2":0.456684529781,"max":8.82475185394,"mean":0.846374034882,"median":0.739294588566,"min":-3.74608445168,"var":0.776010453701},"barkbands_spread":{"dmean":5.24986839294,"dmean2":8.04769611359,"dvar":36.0042381287,"dvar2":75.4143829346,"max":102.412399292,"mean":25.9284114838,"median":24.2931747437,"min":1.25979280472,"var":121.29838562},"dissonance":{"dmean":0.0132618937641,"dmean2":0.0223284307867,"dvar":0.000165304882103,"dvar2":0.000456576613942,"max":0.5,"mean":0.476082801819,"median":0.480120480061,"min":0.351365983486,"var":0.000299272884149},"dynamic_complexity":3.50932121277,"erbbands":{"dmean":[0.0309365354478,0.298107534647,0.92999124527,2.36710143089,9.18321704865,7.01268196106,6.32346057892,5.29283237457,4.62570095062,11.2874403,14.8980913162,15.8035840988,16.8463401794,11.6505327225,14.8527545929,15.6677932739,24.7476959229,32.8742790222,25.7021484375,17.9278202057,13.5294027328,16.4633235931,11.7966365814,10.3232593536,9.49269866943,7.18839788437,4.69606924057,3.38636040688,2.54134678841,2.43504142761,2.6181602478,2.34267497063,1.32466733456,0.538770735264,0.182555660605,0.107006415725,0.018160963431,0.000371461064788,0.0000184856471606,0.0000100644256236],"dmean2":[0.0493436194956,0.491354554892,1.61244869232,4.05705499649,15.562828064,11.6979398727,10.3217916489,8.71371173859,7.44787979126,17.1253185272,22.4012699127,23.6720733643,25.8744754791,17.9847202301,23.1019477844,25.237279892,39.3352851868,51.4200401306,40.2876358032,27.8983020782,21.2311115265,25.8422698975,18.4834213257,15.7802190781,14.4719457626,10.815112114,7.09717416763,5.26598882675,3.91099882126,3.72352361679,3.94517636299,3.58529686928,1.99012768269,0.807102024555,0.270057499409,0.158957242966,0.0266271270812,0.000539916043635,0.0000261678451352,0.0000149803017848],"dvar":[0.00281167426147,0.282799720764,3.72216701508,18.7781047821,717.281066895,297.952178955,149.177703857,120.108009338,139.105529785,555.498657227,1455.31201172,1846.54858398,1645.5279541,662.062072754,1093.51245117,1528.39416504,3183.10595703,6041.52099609,4251.99267578,2303.3762207,684.535583496,745.908813477,400.645965576,363.754577637,301.079467773,167.993713379,71.2887954712,64.259979248,52.7262382507,74.4254226685,161.032852173,153.842559814,55.7209854126,8.97202777863,0.666064679623,0.28280878067,0.00537467934191,0.00000201858802029,3.75015352105e-9,2.49195886148e-10],"dvar2":[0.00681760255247,0.726034104824,10.4294137955,51.0012550354,1867.66174316,787.21496582,364.797210693,313.784606934,328.727111816,1235.62280273,2919.86035156,3834.82324219,4162.03417969,1493.30212402,2462.2722168,3733.32397461,7710.67529297,14335.8554688,10146.2587891,5521.82910156,1553.1986084,1753.92907715,962.56463623,845.183349609,678.314941406,367.384735107,165.674087524,157.048171997,129.148696899,176.941802979,361.915496826,344.705871582,117.610565186,17.7114963531,1.57816910744,0.752656757832,0.0134273860604,0.00000487959914608,9.12070241554e-9,5.8936083791e-10],"max":[0.610832571983,6.90164756775,20.8457374573,62.8052215576,255.382049561,179.661697388,258.435211182,283.830230713,300.033050537,505.160644531,906.913391113,1223.86877441,1186.05773926,815.585205078,911.382873535,1206.19482422,1240.06274414,1798.03869629,1726.96655273,1327.76745605,511.244812012,794.169189453,389.130279541,407.190643311,619.374450684,344.923217773,187.057601929,306.483398438,203.209075928,206.084564209,320.021606445,308.028503418,224.691375732,154.386886597,30.923576355,24.8282966614,3.89739704132,0.0757988169789,0.00289542786777,0.000290841620881],"mean":[0.0467291288078,0.441332668066,1.25341165066,3.09768342972,8.07454872131,7.88676643372,10.5069217682,8.98901939392,7.87408733368,20.5494174957,26.6376838684,28.9078006744,31.7988243103,22.5852375031,28.1500740051,27.4743099213,41.9403076172,54.1951370239,44.1407546997,32.410774231,24.6908054352,30.0868225098,22.7157058716,19.2134189606,18.477766037,14.5349769592,8.38669967651,5.81133317947,3.98276972771,3.60119581223,3.55431890488,3.16659903526,1.82833182812,0.772615492344,0.252457201481,0.134589031339,0.0220261346549,0.000464417185867,0.0000322682462865,0.0000263593537966],"median":[0.0259801968932,0.265674293041,0.684199571609,1.71263599396,1.91224443913,3.03974318504,6.11513996124,4.68299865723,3.95874643326,9.50821781158,10.6244945526,10.9019088745,16.2948551178,11.5757169724,12.5046272278,11.6294202805,16.0958347321,19.0557899475,16.6438884735,13.7777194977,12.0481262207,16.875743866,12.6665716171,10.2138462067,8.66887283325,6.67927980423,3.57833147049,2.16122078896,1.11078226566,0.735082924366,0.478799253702,0.303626567125,0.125506922603,0.0546339638531,0.0197059437633,0.00749928271398,0.000757545116358,0.0000239805613091,0.0000130166290546,0.0000191826002265],"min":[1.25706552871e-21,1.25010044985e-20,5.71093443595e-20,8.50447135233e-20,1.73855554526e-19,4.35033464392e-19,1.01410120051e-19,6.19894062432e-20,5.80815465356e-19,1.195153976e-18,2.01791475574e-18,1.04275277238e-18,1.55308484982e-18,2.58734816417e-18,2.51792227497e-18,5.38103901369e-18,6.30101812403e-18,6.49780149662e-18,9.09137088618e-18,1.09128738802e-17,8.06456925794e-18,9.84487865748e-18,4.69048961317e-18,8.31231729603e-18,1.50944166333e-17,1.77607952875e-17,1.49130738276e-17,2.43084741207e-17,2.46294582487e-17,1.89121992674e-17,1.62373023071e-17,1.61878584132e-17,1.35932186519e-17,1.24041208788e-17,9.63242228023e-18,6.97930994864e-18,3.42596599626e-18,1.42627981967e-18,3.88865231532e-19,3.45683237006e-20],"var":[0.00362290348858,0.305264025927,3.16588521004,17.9464130402,547.386230469,252.224838257,233.022491455,224.323043823,230.025253296,1220.77429199,3765.9453125,4811.70654297,3254.26074219,1629.13806152,2564.3894043,2676.45336914,6246.58251953,11371.5068359,8033.27636719,4722.64697266,1494.06408691,1673.32946777,857.317504883,662.592346191,738.963806152,487.155822754,161.418426514,117.849388123,80.3829040527,108.495483398,243.674346924,246.563323975,105.480155945,19.3198890686,1.04367744923,0.35231345892,0.00850264634937,0.00000340924543707,6.57157528394e-9,5.74626402017e-10]},"erbbands_crest":{"dmean":2.2502374649,"dmean2":3.69860553741,"dvar":5.04825973511,"dvar2":12.3172512054,"max":29.4107074738,"mean":7.66878080368,"median":6.65174913406,"min":2.24099397659,"var":13.7734651566},"erbbands_flatness_db":{"dmean":0.0179087072611,"dmean2":0.0235178284347,"dvar":0.000303711130982,"dvar2":0.000495378044434,"max":0.3176612854,"mean":0.177325323224,"median":0.181538492441,"min":0.0323061980307,"var":0.0022907180246},"erbbands_kurtosis":{"dmean":0.584988951683,"dmean2":0.934958577156,"dvar":0.56193369627,"dvar2":1.38184046745,"max":17.2438259125,"mean":-0.0499443896115,"median":-0.332128047943,"min":-1.72794139385,"var":1.30427622795},"erbbands_skewness":{"dmean":0.288315355778,"dmean2":0.451845765114,"dvar":0.0731552317739,"dvar2":0.168729528785,"max":2.95951008797,"mean":-0.058130864054,"median":-0.0714309290051,"min":-3.20794701576,"var":0.289512187243},"erbbands_spread":{"dmean":6.49258756638,"dmean2":9.70596981049,"dvar":46.6093254089,"dvar2":98.5819778442,"max":103.223983765,"mean":33.2168960571,"median":30.7413024902,"min":3.42101025581,"var":187.689971924},"gfcc":{"cov":[[25353.1621094,1049.02966309,-1973.55627441,390.410491943,-1254.47143555,257.766723633,-834.973999023,160.574050903,-478.353637695,66.9056243896,-374.644989014,-188.833862305,-267.658813477],[1049.02966309,2301.87915039,-921.357910156,12.0363473892,405.913085938,-513.56237793,395.815795898,-329.87008667,320.16595459,-266.244720459,273.221130371,-213.405807495,179.002243042],[-1973.55627441,-921.357910156,911.708068848,-3.28953456879,-31.9438724518,243.787612915,-178.142196655,158.331466675,-141.926239014,142.027954102,-139.991653442,149.170135498,-85.1608276367],[390.410491943,12.0363473892,-3.28953456879,194.579788208,6.64486169815,-8.56176185608,11.9632825851,-17.6441783905,16.4188671112,-27.6646289825,10.9295854568,-19.0526371002,17.1526203156],[-1254.47143555,405.913085938,-31.9438724518,6.64486169815,325.129974365,-113.306587219,163.78793335,-41.6683769226,73.1214065552,-21.0390911102,45.7284698486,-8.90297698975,38.7336425781],[257.766723633,-513.56237793,243.787612915,-8.56176185608,-113.306587219,265.86907959,-114.471542358,93.964012146,-69.910987854,71.80493927,-54.6226844788,45.7143363953,-54.5252571106],[-834.973999023,395.815795898,-178.142196655,11.9632825851,163.78793335,-114.471542358,261.884796143,-24.7725200653,101.132171631,-57.6720123291,78.2986221313,-43.1218147278,49.7682495117],[160.574050903,-329.87008667,158.331466675,-17.6441783905,-41.6683769226,93.964012146,-24.7725200653,173.353820801,-47.1969413757,73.8054504395,-56.3606147766,42.8102149963,-32.6585273743],[-478.353637695,320.16595459,-141.926239014,16.4188671112,73.1214065552,-69.910987854,101.132171631,-47.1969413757,179.750778198,-33.9436798096,94.1407165527,-51.1851806641,46.1035499573],[66.9056243896,-266.244720459,142.027954102,-27.6646289825,-21.0390911102,71.80493927,-57.6720123291,73.8054504395,-33.9436798096,124.370002747,-35.8884735107,48.4058837891,-38.3390350342],[-374.644989014,273.221130371,-139.991653442,10.9295854568,45.7284698486,-54.6226844788,78.2986221313,-56.3606147766,94.1407165527,-35.8884735107,136.208496094,-27.0303344727,44.6972503662],[-188.833862305,-213.405807495,149.170135498,-19.0526371002,-8.90297698975,45.7143363953,-43.1218147278,42.8102149963,-51.1851806641,48.4058837891,-27.0303344727,105.79776001,-7.05465745926],[-267.658813477,179.002243042,-85.1608276367,17.1526203156,38.7336425781,-54.5252571106,49.7682495117,-32.6585273743,46.1035499573,-38.3390350342,44.6972503662,-7.05465745926,78.15990448]],"icov":[[0.000206492622965,-0.000517034786753,0.000648988701869,-0.000728695187718,0.000675118237268,-0.000522746122442,0.000587309477851,-0.000599019986112,0.000417974311858,-0.000475490960525,0.000646055908874,-0.000334312499035,0.000555360573344],[-0.000517034786753,0.00284041510895,-0.000873288954608,0.00214496487752,-0.00287900981493,0.00231340783648,-0.00137358903885,0.00210120575503,-0.00157273432706,0.00201540091075,-0.00221345340833,0.00141734909266,-0.00159471691586],[0.000648988701869,-0.000873288954608,0.00452312966809,-0.00251219747588,0.000654064700939,-0.00232103397138,0.0026915371418,-0.00216133869253,0.000942568178289,-0.0012694922043,0.00255581736565,-0.00256222626194,0.00227026198991],[-0.000728695187718,0.00214496487752,-0.00251219747588,0.00810951180756,-0.00259081320837,0.00187808310147,-0.00202349387109,0.00236826506443,-0.00171760690864,0.00278372620232,-0.00237754429691,0.00229668803513,-0.00310703809373],[0.000675118237268,-0.00287900981493,0.000654064700939,-0.00259081320837,0.00854370184243,-0.00106525490992,-0.00160531769507,-0.000962646794505,0.00120947032701,-0.00351815600879,0.00311379530467,-0.00199088244699,0.00142997968942],[-0.000522746122442,0.00231340783648,-0.00232103397138,0.00187808310147,-0.00106525490992,0.00880781374872,-0.000469241960673,-0.0000314566568704,-0.00118525745347,0.00108988035936,-0.00310293072835,0.00140960293356,0.000064019804995],[0.000587309477851,-0.00137358903885,0.0026915371418,-0.00202349387109,-0.00160531769507,-0.000469241960673,0.0101526454091,-0.00480621401221,-0.000345105945598,0.00122589769308,-0.000146823251271,-0.000404469465138,0.00138135219458],[-0.000599019986112,0.00210120575503,-0.00216133869253,0.00236826506443,-0.000962646794505,-0.0000314566568704,-0.00480621401221,0.0122136101127,-0.0012250894215,-0.002727848012,0.000756986846682,0.000381106161512,-0.00213330122642],[0.000417974311858,-0.00157273432706,0.000942568178289,-0.00171760690864,0.00120947032701,-0.00118525745347,-0.000345105945598,-0.0012250894215,0.0118940668181,-0.00301288813353,-0.00375491986051,0.00298729981296,-0.00135798670817],[-0.000475490960525,0.00201540091075,-0.0012694922043,0.00278372620232,-0.00351815600879,0.00108988035936,0.00122589769308,-0.002727848012,-0.00301288813353,0.0162688344717,-0.00235417298973,-0.00294606154785,0.00318304821849],[0.000646055908874,-0.00221345340833,0.00255581736565,-0.00237754429691,0.00311379530467,-0.00310293072835,-0.000146823251271,0.000756986846682,-0.00375491986051,-0.00235417298973,0.0163144990802,-0.00276003079489,-0.00122852192726],[-0.000334312499035,0.00141734909266,-0.00256222626194,0.00229668803513,-0.00199088244699,0.00140960293356,-0.000404469465138,0.000381106161512,0.00298729981296,-0.00294606154785,-0.00276003079489,0.0163693204522,-0.00545119959861],[0.000555360573344,-0.00159471691586,0.00227026198991,-0.00310703809373,0.00142997968942,0.000064019804995,0.00138135219458,-0.00213330122642,-0.00135798670817,0.00318304821849,-0.00122852192726,-0.00545119959861,0.0216417722404]],"mean":[-41.4540290833,116.409133911,-150.1118927,38.9219703674,-54.5748214722,12.3887777328,-33.2158470154,6.36458110809,-20.7416324615,-1.65583968163,-10.8380804062,-7.67706108093,-5.69640350342]},"hfc":{"dmean":6.92822647095,"dmean2":9.98140716553,"dvar":139.106369019,"dvar2":302.437591553,"max":211.175521851,"mean":19.9610328674,"median":12.7090492249,"min":1.21722538813e-16,"var":455.082458496},"melbands":{"dmean":[0.000309284107061,0.000439550116425,0.000579590967391,0.000656741147395,0.00021419278346,0.000120500706544,0.0000761569390306,0.000127733394038,0.000123875914142,0.00010410194227,0.0000850817668834,0.0000471319071949,0.0000534549035365,0.0000393579284719,0.0000582365973969,0.0000548631360289,0.0000675313058309,0.0000487454562972,0.0000325661312672,0.0000214530409721,0.000016414156562,0.0000174271917786,0.0000159580558829,0.0000120388840514,0.00000854355403135,0.00000802134763944,0.00000673148088026,0.00000466606388727,0.0000032810880839,0.00000232578781834,0.00000199055762096,0.00000153233634137,0.00000134601987156,0.00000142333681197,0.00000149150798734,0.00000167880136814,0.00000140414408634,9.87755015558e-7,7.40472330563e-7,3.88866368439e-7],"dmean2":[0.000495508196764,0.000739801442251,0.000989635009319,0.00110582623165,0.000351027876604,0.000198308262043,0.000121269535157,0.000194847438252,0.000186066201422,0.000156645153766,0.00013119369396,0.0000730353785912,0.0000825378883746,0.0000628856723779,0.0000937614313443,0.0000865399633767,0.000106461018731,0.0000773083447712,0.0000503512419527,0.0000339060352417,0.0000263241181528,0.0000274201629509,0.0000258325635514,0.0000192030202015,0.0000133474786708,0.0000123388108477,0.0000104897853817,0.00000710756557964,0.00000505954676555,0.00000361545653504,0.00000318622551276,0.00000239908058575,0.00000208076312447,0.00000220552510655,0.00000226301108341,0.00000261644663624,0.00000216355306293,0.00000150990911152,0.00000110032772227,5.93900608692e-7],"dvar":[2.84533570039e-7,7.35924743367e-7,0.00000147210596424,0.00000355534666596,1.48218333607e-7,5.61857191883e-8,3.29465237314e-8,7.11921117613e-8,1.02258852053e-7,7.41116252811e-8,4.18641832312e-8,1.1208843631e-8,1.156003826e-8,9.48558032121e-9,1.94287075317e-8,1.57702224612e-8,2.70544582293e-8,1.61029358736e-8,9.30803523147e-9,2.90963253491e-9,1.03869535195e-9,8.40908453981e-10,8.74447458887e-10,4.77064943105e-10,2.67110222829e-10,2.21022852798e-10,1.99355185138e-10,6.78941763921e-11,4.10001164963e-11,1.85866808056e-11,3.19447072961e-11,1.86761127396e-11,1.87868765683e-11,2.90111927537e-11,4.79254205765e-11,8.07507880007e-11,5.52669333909e-11,3.23110878331e-11,2.18525111201e-11,3.88768401152e-12],"dvar2":[7.02274860487e-7,0.00000199950795832,0.00000391296271118,0.00000923823336052,3.7078896753e-7,1.46650918964e-7,7.57521405603e-8,1.59973652103e-7,2.09618406188e-7,1.58821833907e-7,1.05756633673e-7,2.5155587835e-8,2.64978812226e-8,2.3026425211e-8,4.82301203419e-8,3.57460940847e-8,6.53463771982e-8,3.90304322195e-8,2.0705259729e-8,7.17823178675e-9,2.42874120815e-9,1.972150665e-9,2.30841989968e-9,1.15878495688e-9,6.34498009688e-10,5.12577702505e-10,4.67002103655e-10,1.48526427268e-10,9.85332232473e-11,4.39081514203e-11,8.02175756376e-11,4.69864251673e-11,4.45826084383e-11,7.1409142488e-11,1.07904171709e-10,1.88709339821e-10,1.24341384411e-10,7.07818040291e-11,4.27528221159e-11,8.37025154049e-12],"max":[0.00617471337318,0.00962579529732,0.0145302945748,0.0156452041119,0.0072941002436,0.00547367893159,0.00459330808371,0.00535299023613,0.00726690562442,0.0076538072899,0.00596387311816,0.00306811463088,0.00267369672656,0.00263377395459,0.00232211104594,0.00418631592765,0.0035290599335,0.00272473413497,0.00354734295979,0.0018242263468,0.000593178556301,0.000685194681864,0.000727892562281,0.000443226570496,0.000332286261255,0.000316081888741,0.000617370242253,0.000187211087905,0.000191305778571,0.0000754225329729,0.000229829383898,0.000129561987706,0.000110384804429,0.000112407709821,0.000171149658854,0.000193895379198,0.000174363376573,0.00020485893765,0.000244897964876,0.0000859328938532],"mean":[0.000478317990201,0.000648071349133,0.000668140884954,0.00061626493698,0.000361706508556,0.000205133008421,0.000132287852466,0.000230127188843,0.000217273045564,0.000186798366485,0.000155827132403,0.0000861954904394,0.0000974916038103,0.0000643190505798,0.0000933453557082,0.0000870557269081,0.00010489293345,0.000075346302765,0.0000511286998517,0.0000360867634299,0.0000273161058431,0.0000304842142214,0.0000264526825049,0.0000200052363653,0.0000146083484651,0.0000142275048347,0.0000123660747704,0.00000885627923708,0.00000544590147911,0.00000396406448999,0.00000310536211146,0.00000226315842156,0.00000196775067707,0.00000199564692593,0.0000019723843252,0.00000217141655412,0.00000184024133887,0.00000132371417294,9.78394723461e-7,5.43432975064e-7],"median":[0.000294587312965,0.000385430059396,0.000315758225042,0.000175152890733,0.000214961764868,0.000110387976747,0.0000653193710605,0.000103971164208,0.0000795736705186,0.0000700450473232,0.0000778016765253,0.0000402387413487,0.0000433101522503,0.0000275958336715,0.0000330550865328,0.0000310922041535,0.0000337050878443,0.0000252538357017,0.0000191084436665,0.0000151208196257,0.0000130007792905,0.0000165457422554,0.0000138725727084,0.00000991506294667,0.00000747081503505,0.00000589037244936,0.00000565554182685,0.00000379276502827,0.00000215551381189,0.00000163675747444,9.87398834695e-7,5.89435160236e-7,4.55969768609e-7,3.76897816068e-7,2.70732329e-7,1.96228057803e-7,1.60709873853e-7,8.41767970883e-8,5.57084973707e-8,3.90428560593e-8],"min":[1.25420750774e-23,2.56397370018e-23,1.49563783558e-23,2.50927156066e-23,6.36216911706e-24,1.35355860258e-24,1.09418044669e-23,1.38669078032e-23,1.75955882449e-23,5.2213543691e-24,8.42827668608e-24,1.0945212346e-23,8.1777360403e-24,1.21023363987e-23,1.38983612652e-23,1.20386382472e-23,1.14646243984e-23,1.1488389622e-23,1.95843823176e-23,1.18761786547e-23,8.62229150369e-24,1.15724885054e-23,5.99741442842e-24,2.65000584498e-24,7.04301958157e-24,1.04088476727e-23,1.00787101727e-23,1.27376636725e-23,9.6093750106e-24,8.67094686661e-24,1.53867161791e-23,1.36613953379e-23,1.09969915981e-23,1.05473834806e-23,8.20797071222e-24,1.07102327704e-23,1.00259937539e-23,1.13326708459e-23,8.15501290193e-24,1.05849529812e-23],"var":[3.48251461446e-7,6.89589512604e-7,0.00000122497363009,0.00000276883110928,2.34476161154e-7,1.04957500469e-7,6.02224190516e-8,1.59306509318e-7,2.67154291578e-7,1.91143783468e-7,8.10475526691e-8,2.75996718813e-8,2.75200005007e-8,1.60536757221e-8,3.40914994013e-8,3.02875058367e-8,4.8235666128e-8,2.68181210572e-8,1.81720452019e-8,5.15554132718e-9,1.94507743245e-9,1.78869929979e-9,1.50351076034e-9,8.21118562033e-10,4.34438846009e-10,5.14485287706e-10,3.97092192461e-10,1.98152452779e-10,8.64649948862e-11,3.71173682068e-11,4.98611152366e-11,2.72471385732e-11,2.61498496468e-11,3.9586896261e-11,7.05032351944e-11,1.17425444368e-10,8.78701972296e-11,5.56908998084e-11,4.46933913489e-11,7.67839264393e-12]},"melbands_crest":{"dmean":3.00687932968,"dmean2":4.83771753311,"dvar":8.14215564728,"dvar2":20.4309043884,"max":35.6376152039,"mean":11.3642272949,"median":10.1328687668,"min":2.27617120743,"var":27.4320335388},"melbands_flatness_db":{"dmean":0.0234814230353,"dmean2":0.0348216146231,"dvar":0.000539289205335,"dvar2":0.00122886023019,"max":0.41178008914,"mean":0.170696735382,"median":0.167170777917,"min":0.00758240604773,"var":0.00285907764919},"melbands_kurtosis":{"dmean":3.28421425819,"dmean2":5.31176614761,"dvar":53.9313621521,"dvar2":120.42427063,"max":234.481307983,"mean":5.34387397766,"median":2.59099721909,"min":-1.73529481888,"var":120.212463379},"melbands_skewness":{"dmean":0.55248183012,"dmean2":0.858392894268,"dvar":0.388110935688,"dvar2":0.891434073448,"max":11.7800045013,"mean":1.79050385952,"median":1.59256756306,"min":-1.39627587795,"var":1.58861398697},"melbands_spread":{"dmean":8.34271144867,"dmean2":12.8857479095,"dvar":141.005493164,"dvar2":292.687866211,"max":221.644561768,"mean":32.3605918884,"median":29.4292736053,"min":0.949817538261,"var":364.85256958},"mfcc":{"cov":[[12075.0830078,489.438598633,-220.796508789,214.509216309,-167.9584198,74.0916061401,-114.513374329,27.4234580994,-105.708206177,152.248275757,-68.2579116821,-11.7371015549,-96.3897247314],[489.438598633,1995.91113281,-721.889953613,407.092773438,-8.83836650848,17.483997345,30.0954971313,8.11040687561,26.421628952,-25.2512664795,58.6441307068,32.4765663147,6.60059356689],[-220.796508789,-721.889953613,661.272583008,-208.793777466,98.0760498047,21.0362930298,-30.0742988586,-2.38481259346,-25.0566654205,-5.53588914871,-23.2830905914,-22.1369361877,-11.666929245],[214.509216309,407.092773438,-208.793777466,299.847900391,-4.32962322235,-1.74645805359,26.3122329712,7.73321962357,31.2493076324,-19.2844314575,-0.70044106245,-6.65028095245,16.2441825867],[-167.9584198,-8.83836650848,98.0760498047,-4.32962322235,148.520217896,30.9703598022,-0.182113066316,-9.5416059494,6.04855918884,-7.62887716293,4.12045049667,-1.63590824604,-1.36129152775],[74.0916061401,17.483997345,21.0362930298,-1.74645805359,30.9703598022,106.831291199,-2.57121253014,2.58189988136,-10.8871965408,-10.972363472,15.1908378601,2.02468776703,-8.77659797668],[-114.513374329,30.0954971313,-30.0742988586,26.3122329712,-0.182113066316,-2.57121253014,119.937461853,29.341386795,29.9503173828,-1.64381945133,6.64756441116,9.65204715729,1.67887973785],[27.4234580994,8.11040687561,-2.38481259346,7.73321962357,-9.5416059494,2.58189988136,29.341386795,79.7917175293,22.0139312744,9.53445911407,-2.63247942924,9.29824066162,7.25585985184],[-105.708206177,26.421628952,-25.0566654205,31.2493076324,6.04855918884,-10.8871965408,29.9503173828,22.0139312744,94.0495910645,11.728966713,12.4184484482,0.377594381571,2.19439888],[152.248275757,-25.2512664795,-5.53588914871,-19.2844314575,-7.62887716293,-10.972363472,-1.64381945133,9.53445911407,11.728966713,102.148376465,13.1361513138,10.2715606689,4.05376195908],[-68.2579116821,58.6441307068,-23.2830905914,-0.70044106245,4.12045049667,15.1908378601,6.64756441116,-2.63247942924,12.4184484482,13.1361513138,75.32787323,22.0583763123,4.17387533188],[-11.7371015549,32.4765663147,-22.1369361877,-6.65028095245,-1.63590824604,2.02468776703,9.65204715729,9.29824066162,0.377594381571,10.2715606689,22.0583763123,67.1915130615,17.5031509399],[-96.3897247314,6.60059356689,-11.666929245,16.2441825867,-1.36129152775,-8.77659797668,1.67887973785,7.25585985184,2.19439888,4.05376195908,4.17387533188,17.5031509399,66.2538833618]],"icov":[[0.0000931694012252,-0.0000176924313564,-0.0000206711592909,-0.0000945392966969,0.000117130730359,-0.000100701639894,0.000084687875642,-0.0000481576935272,0.000105370316305,-0.000187362616998,0.00011448081932,-0.0000424330464739,0.00016101631627],[-0.0000176924313564,0.00101990043186,0.000957404670771,-0.000760435475968,-0.000612866133451,-0.00000931549311645,0.000169296516106,-0.000258655025391,0.000286881811917,0.000212485349039,-0.00055539625464,-0.00018905455363,0.000300331128528],[-0.0000206711592909,0.000957404670771,0.00319296168163,0.000891515053809,-0.00206790165976,-0.0000562389177503,0.000373374379706,-0.000691411318257,0.000378209137125,0.000415674119722,-0.0000129404470499,0.000595346209593,0.0000401201978093],[-0.0000945392966969,-0.000760435475968,0.000891515053809,0.00543550867587,-0.000470897677587,-0.0000870053627295,-0.000642995873932,0.0000952064146986,-0.00144022435416,0.000971424276941,0.000711910135578,0.00131022150163,-0.00165553018451],[0.000117130730359,-0.000612866133451,-0.00206790165976,-0.000470897677587,0.0088147521019,-0.00239092484117,-0.000272878678516,0.00167655688711,-0.00126458227169,-0.000144999794429,0.000371917005396,-0.000355963042239,-0.00020816551114],[-0.000100701639894,-0.00000931549311645,-0.0000562389177503,-0.0000870053627295,-0.00239092484117,0.0110403019935,0.000233293132624,-0.00159548490774,0.00181369483471,0.00138735061046,-0.00292986421846,0.000116196380986,0.00145696662366],[0.000084687875642,0.000169296516106,0.000373374379706,-0.000642995873932,-0.000272878678516,0.000233293132624,0.0100251017138,-0.00315343169495,-0.00208696001209,0.000657773634885,-0.000442672811914,-0.00118088314775,0.000815086299554],[-0.0000481576935272,-0.000258655025391,-0.000691411318257,0.0000952064146986,0.00167655688711,-0.00159548490774,-0.00315343169495,0.0154210170731,-0.00321268220432,-0.00123669300228,0.00237059989013,-0.00188902579248,-0.00144345499575],[0.000105370316305,0.000286881811917,0.000378209137125,-0.00144022435416,-0.00126458227169,0.00181369483471,-0.00208696001209,-0.00321268220432,0.0134568540379,-0.00133437290788,-0.00266880518757,0.0013673104113,0.000606281566434],[-0.000187362616998,0.000212485349039,0.000415674119722,0.000971424276941,-0.000144999794429,0.00138735061046,0.000657773634885,-0.00123669300228,-0.00133437290788,0.0111025292426,-0.00203519989736,-0.000772269035224,-0.00046204062528],[0.00011448081932,-0.00055539625464,-0.0000129404470499,0.000711910135578,0.000371917005396,-0.00292986421846,-0.000442672811914,0.00237059989013,-0.00266880518757,-0.00203519989736,0.0167596619576,-0.00495795207098,-0.000116921029985],[-0.0000424330464739,-0.00018905455363,0.000595346209593,0.00131022150163,-0.000355963042239,0.000116196380986,-0.00118088314775,-0.00188902579248,0.0013673104113,-0.000772269035224,-0.00495795207098,0.0186552330852,-0.00462851114571],[0.00016101631627,0.000300331128528,0.0000401201978093,-0.00165553018451,-0.00020816551114,0.00145696662366,0.000815086299554,-0.00144345499575,0.000606281566434,-0.00046204062528,-0.000116921029985,-0.00462851114571,0.0172752402723]],"mean":[-657.768554688,131.628601074,-27.4987163544,24.7426357269,0.234817907214,5.28844976425,0.787492930889,3.00503206253,-1.9610478878,3.87918186188,-0.54365426302,0.116696275771,-4.92355489731]},"pitch_salience":{"dmean":0.0633035898209,"dmean2":0.105485185981,"dvar":0.00357574014924,"dvar2":0.0098611600697,"max":0.830935060978,"mean":0.592059373856,"median":0.60257768631,"min":0.127605423331,"var":0.0104651814327},"silence_rate_20dB":{"dmean":0,"dmean2":0,"dvar":0,"dvar2":0,"max":1,"mean":1,"median":1,"min":1,"var":0},"silence_rate_30dB":{"dmean":0,"dmean2":0,"dvar":0,"dvar2":0,"max":1,"mean":1,"median":1,"min":1,"var":0},"silence_rate_60dB":{"dmean":0.0173775665462,"dmean2":0.0347597114742,"dvar":0.0170774310827,"dvar2":0.0414530113339,"max":1,"mean":0.0696327462792,"median":0,"min":0,"var":0.0647865384817},"spectral_centroid":{"dmean":257.937194824,"dmean2":393.980682373,"dvar":83849.0859375,"dvar2":173350,"max":10559.0527344,"mean":1611.29553223,"median":1552.04052734,"min":207.375656128,"var":351136.53125},"spectral_complexity":{"dmean":4.39652442932,"dmean2":6.33890724182,"dvar":23.8756256104,"dvar2":42.7370834351,"max":60,"mean":22.6226139069,"median":22,"min":0,"var":120.185470581},"spectral_contrast_coeffs":{"dmean":[0.0539525561035,0.0440433099866,0.036221254617,0.0305471550673,0.0221403986216,0.025064252317],"dmean2":[0.0844021439552,0.0722727030516,0.0578458048403,0.0482550859451,0.0359514988959,0.0372745059431],"dvar":[0.00253584352322,0.00128035270609,0.000883581698872,0.00063012377359,0.000330618524458,0.000538499036338],"dvar2":[0.0059173614718,0.00336651084945,0.00217846804298,0.0015076714335,0.000845837406814,0.0011370065622],"max":[-0.269480109215,-0.48616027832,-0.518207669258,-0.571247220039,-0.646818101406,-0.496036320925],"mean":[-0.66787391901,-0.744879126549,-0.769124507904,-0.77147769928,-0.783824682236,-0.727319777012],"median":[-0.675181031227,-0.746375441551,-0.770212054253,-0.774884223938,-0.781254887581,-0.728688120842],"min":[-0.967643380165,-0.971331834793,-0.967863380909,-0.956951856613,-0.955207049847,-0.958875179291],"var":[0.0077596642077,0.00491974549368,0.00369352591224,0.00336950039491,0.00159472227097,0.00393148325384]},"spectral_contrast_valleys":{"dmean":[0.404436200857,0.357965171337,0.325559973717,0.31871843338,0.308417350054,0.473368853331],"dmean2":[0.628530204296,0.576412498951,0.512787222862,0.477961272001,0.41667458415,0.571781516075],"dvar":[0.15328425169,0.119789130986,0.108211129904,0.115214884281,0.124090574682,0.290824830532],"dvar2":[0.305414378643,0.268445611,0.220404744148,0.224942982197,0.205333963037,0.463484704494],"max":[-5.63503360748,-4.97698163986,-5.21951198578,-5.51406240463,-5.58071804047,-7.24234962463],"mean":[-7.54157400131,-6.96480941772,-7.34203910828,-7.59857988358,-7.59458971024,-11.0889568329],"median":[-7.20979976654,-6.68394374847,-7.06858634949,-7.3490896225,-7.29261112213,-10.7836532593],"min":[-26.9061279297,-27.2822475433,-27.363368988,-27.3571529388,-27.2875957489,-27.2196350098],"var":[2.26176023483,2.53658556938,2.48331046104,2.4705889225,2.44997787476,3.05223488808]},"spectral_decrease":{"dmean":1.83117143671e-9,"dmean2":2.84439716225e-9,"dvar":8.82205494081e-18,"dvar2":2.18689265884e-17,"max":-2.6696422745e-30,"mean":-4.60957183535e-9,"median":-3.44150508091e-9,"min":-3.28348654932e-8,"var":1.49950027585e-17},"spectral_energy":{"dmean":0.00740099092945,"dmean2":0.0114180129021,"dvar":0.00013865128858,"dvar2":0.000341554085026,"max":0.130950525403,"mean":0.0192081239074,"median":0.0143743855879,"min":1.10506450764e-20,"var":0.000255726074101},"spectral_energyband_high":{"dmean":0.000398904288886,"dmean2":0.000578847015277,"dvar":0.00000146667218814,"dvar2":0.00000309546658173,"max":0.02290594019,"mean":0.000734972301871,"median":0.000242089226958,"min":8.16613622566e-21,"var":0.00000304294439957},"spectral_energyband_low":{"dmean":0.00211896956898,"dmean2":0.0034177985508,"dvar":0.0000135721820698,"dvar2":0.0000343385800079,"max":0.0520836897194,"mean":0.00371798616834,"median":0.00250327726826,"min":1.23863279023e-22,"var":0.0000159027877089},"spectral_energyband_middle_high":{"dmean":0.00226180115715,"dmean2":0.00333340186626,"dvar":0.0000116365918075,"dvar2":0.000024720438887,"max":0.0568722896278,"mean":0.00654802378267,"median":0.0039694881998,"min":1.50369591089e-21,"var":0.0000494210798934},"spectral_energyband_middle_low":{"dmean":0.00484286248684,"dmean2":0.00784351862967,"dvar":0.0000943048944464,"dvar2":0.000242393056396,"max":0.0934698432684,"mean":0.00891928561032,"median":0.00575987482443,"min":3.2936934509e-22,"var":0.000105641513073},"spectral_entropy":{"dmean":0.130043715239,"dmean2":0.18354614079,"dvar":0.0190111566335,"dvar2":0.0346133634448,"max":9.79026126862,"mean":7.65135145187,"median":7.62654876709,"min":6.52709579468,"var":0.117954127491},"spectral_flux":{"dmean":0.0232480373234,"dmean2":0.0343829281628,"dvar":0.000851049320772,"dvar2":0.00181411707308,"max":0.305669426918,"mean":0.075036868453,"median":0.0619108602405,"min":1.05122049954e-10,"var":0.00232902448624},"spectral_kurtosis":{"dmean":2.13333201408,"dmean2":3.66161561012,"dvar":5.88492393494,"dvar2":17.4004249573,"max":27.7819824219,"mean":4.54627466202,"median":3.89446496964,"min":-1.1464715004,"var":9.03171253204},"spectral_rms":{"dmean":0.000743296986911,"dmean2":0.00109503546264,"dvar":9.60504962677e-7,"dvar2":0.00000217707997763,"max":0.0113029470667,"mean":0.00394786661491,"median":0.00374483526684,"min":3.28346117656e-12,"var":0.0000031540243981},"spectral_rolloff":{"dmean":495.643280029,"dmean2":823.786743164,"dvar":812905.9375,"dvar2":1584386.25,"max":18497.0214844,"mean":1839.31567383,"median":1636.5234375,"min":43.06640625,"var":1828244.125},"spectral_skewness":{"dmean":0.249699726701,"dmean2":0.409863680601,"dvar":0.0578337237239,"dvar2":0.156690970063,"max":3.45746612549,"mean":1.35216963291,"median":1.33712518215,"min":-0.0248471163213,"var":0.170412689447},"spectral_spread":{"dmean":472480.9375,"dmean2":603623.3125,"dvar":466492063744,"dvar2":677688770560,"max":39144264,"mean":3694362,"median":3253401.25,"min":1476101.625,"var":2763610128380},"spectral_strongpeak":{"dmean":0.625016987324,"dmean2":1.06761288643,"dvar":1.15259313583,"dvar2":3.02978491783,"max":19.2154121399,"mean":0.974961519241,"median":0.396173328161,"min":0,"var":1.89237415791},"zerocrossingrate":{"dmean":0.0102217011154,"dmean2":0.0118273356929,"dvar":0.000211741586099,"dvar2":0.000242766691372,"max":0.501953125,"mean":0.0680890455842,"median":0.060546875,"min":0.0068359375,"var":0.00141772942152}},"metadata":{"audio_properties":{"analysis_sample_rate":44100,"bit_rate":128019,"codec":"mp3","downmix":"mix","equal_loudness":0,"length":176.378768921,"lossless":false,"md5_encoded":"89292e654e8a2eb174d2320fa4a3694c","replay_gain":-7.13017272949,"sample_rate":44100},"tags":{"acoustid_id":["148f26ee-43ac-4e41-8e12-9d0201d650f5"],"album":["New Values"],"albumartist":["Iggy Pop"],"albumartistsort":["Pop, Iggy"],"artist":["Iggy Pop"],"artistsort":["Pop, Iggy"],"catalognumber":["SPART 1092"],"composer":["Iggy Pop"],"date":["1979"],"discnumber":["1/1"],"encodedby":["Eléphantus"],"file_name":"08 How Do Ya Fix a Broken Part.mp3","genre":["Rock & Roll"],"label":["Arista"],"length":["176333"],"media":["12\" Vinyl"],"musicbrainz album release country":["GB"],"musicbrainz album status":["official"],"musicbrainz album type":["album"],"musicbrainz_albumartistid":["f37b3f31-b1f8-4b88-8cb5-b34f709b17d7"],"musicbrainz_albumid":["448ace9d-357f-4100-bfe4-17ee39f61c39"],"musicbrainz_artistid":["f37b3f31-b1f8-4b88-8cb5-b34f709b17d7"],"musicbrainz_recordingid":["c6051c5b-f5f7-4585-9aa2-880fb445a460"],"musicbrainz_releasegroupid":["066b3bbc-13fa-3cbc-939f-6a257fc86fc0"],"originaldate":["1979"],"script":["Latn"],"title":["How Do Ya Fix a Broken Part"],"tracknumber":["8/12"]},"version":{"essentia":"2.1-beta2","essentia_build_sha":"70f2e5ece6736b2c40cc944ad0e695b16b925413","essentia_git_sha":"v2.1_beta2","extractor":"music 1.0"}},"rhythm":{"beats_count":411,"beats_loudness":{"dmean":0.0150731252506,"dmean2":0.0270981118083,"dvar":0.000119698801427,"dvar2":0.000349807960447,"max":0.0871350243688,"mean":0.0304217394441,"median":0.0313695035875,"min":1.9695536313e-9,"var":0.00023906804563},"beats_loudness_band_ratio":{"dmean":[0.253060042858,0.287330418825,0.120721228421,0.135623171926,0.0940319523215,0.0377666018903],"dmean2":[0.48599639535,0.559807002544,0.226209774613,0.