{"lowlevel":{"average_loudness":0.898527979851,"barkbands":{"dmean":[0.000915303477086,0.00259268400259,0.00271261832677,0.00108147016726,0.00159327348229,0.00188778876327,0.00130638177507,0.000977780902758,0.000880761654116,0.000791592348833,0.000560232554562,0.000810502329841,0.000408975291066,0.000179509661393,0.000334426033078,0.000145388505189,0.000110478737042,0.0000535613944521,0.0000351861563104,0.0000464330369141,0.0000419065545429,0.0000335590411851,0.0000183457250387,0.00000741088933864,0.00000163351899118,0.00000812659254734,0.0000270805794571],"dmean2":[0.00160519871861,0.00440238602459,0.00439829751849,0.00178837100975,0.00249258312397,0.00286582252011,0.00202653883025,0.00144819240086,0.00134902307764,0.00118868425488,0.000852486351505,0.00118353054859,0.000640684040263,0.000276433216641,0.000515776104294,0.000234403283685,0.000174732675077,0.0000823410446174,0.0000533047204954,0.0000665966435918,0.0000596970166953,0.0000498533154314,0.000028249949537,0.0000113948863145,0.00000278644370155,0.000012519865777,0.0000378838267352],"dvar":[0.00000162718492902,0.0000169743543665,0.0000216217122215,0.00000315571423926,0.00000836488015921,0.0000357791468559,0.0000129692389237,0.0000137707966132,0.00000872443888511,0.00000424975587521,0.00000381969357477,0.00000669506425766,0.00000127005716877,2.50701361892e-7,0.00000233282776207,1.84107221912e-7,9.41402191756e-8,2.51304825838e-8,2.0349853358e-8,4.6036323198e-8,2.22204654676e-8,1.52262700226e-8,3.15843573517e-9,1.59543184219e-10,8.69160906442e-12,3.29674176847e-10,4.68205696436e-9],"dvar2":[0.0000047049825298,0.0000479594818898,0.0000523962335137,0.00000811696554592,0.0000178752306965,0.0000773700157879,0.0000273453297268,0.0000273323767033,0.0000192394618352,0.00000915350938158,0.00000801267015049,0.0000126820496007,0.00000292831668958,5.97977589223e-7,0.00000503685805597,4.92806918828e-7,2.54655986964e-7,5.61229285267e-8,4.29133208968e-8,7.91660568211e-8,3.44242465644e-8,3.21518882629e-8,6.19906481703e-9,3.50539430816e-10,2.23832931356e-11,6.75692224394e-10,8.12308709186e-9],"max":[0.0193994045258,0.0916096717119,0.0713875740767,0.030950397253,0.0923063904047,0.119812235236,0.114582791924,0.155963391066,0.0843253880739,0.0587959326804,0.0646667182446,0.0936996638775,0.0265584532171,0.0150617556646,0.0829014256597,0.010583085008,0.00597875006497,0.00431930227205,0.00426962273195,0.0137709155679,0.00930464547127,0.00430671870708,0.00225570518523,0.000320855673635,0.0000485872842546,0.000725838413928,0.00276365224272],"mean":[0.00113828538451,0.00464441813529,0.00356734124944,0.00161112647038,0.00271863606758,0.00270121893845,0.00198337878101,0.0012640405912,0.00113237195183,0.00109193415847,0.000781836046372,0.00135972630233,0.000555145612452,0.000275248719845,0.000489139871206,0.000199842179427,0.00016766981571,0.0000712225155439,0.0000457616733911,0.0000607853471593,0.0000497230539622,0.0000378047152481,0.00002063167085,0.00000796204494691,0.00000150657979248,0.00000913993335416,0.0000469087426609],"median":[0.00065726484172,0.00288129318506,0.00165346602444,0.00073696958134,0.00106504268479,0.000593938690145,0.000437605718616,0.00016343050811,0.000172724336153,0.000248886994086,0.00016605136625,0.000228936201893,0.000141462282045,0.0000867499620654,0.000141937140143,0.0000556093727937,0.0000324027168972,0.000018810525944,0.0000114158665383,0.0000122565743368,0.00000844190071803,0.00000616486977378,0.00000427066970587,0.00000207245875572,4.66865230919e-7,0.00000233332821153,0.0000174645065272],"min":[1.49811366567e-25,3.42478203317e-24,5.94894701162e-25,4.59977546175e-25,8.92247122193e-24,1.35554860282e-23,1.40133566748e-23,8.71632293474e-24,1.4078559184e-23,1.58038563595e-23,1.86248608219e-23,2.02576151468e-23,2.45515617587e-23,3.95409081895e-23,4.63590929468e-23,4.88111692519e-23,3.43009690463e-23,1.01001477834e-22,1.2716393616e-22,1.61951982639e-22,2.62152791897e-22,3.14121534694e-22,3.68089112186e-22,6.10430615393e-22,8.88279088731e-22,1.30500545158e-21,1.96459757567e-21],"var":[0.00000187783734873,0.0000297718524962,0.0000307969348796,0.0000058484888541,0.0000272164797934,0.0000645771724521,0.0000268515268544,0.0000271287244686,0.0000140297370308,0.000008193685062,0.0000065384683694,0.0000189776892512,0.00000197793769985,4.56734483123e-7,0.00000367830284631,2.40405682916e-7,1.94746945681e-7,3.69686468105e-8,2.53316958521e-8,1.01509058936e-7,4.83179398714e-8,2.37899264732e-8,6.83734224793e-9,2.31126437433e-10,8.92589734763e-12,6.63101018539e-10,1.16723395394e-8]},"barkbands_crest":{"dmean":2.95538878441,"dmean2":4.89812803268,"dvar":6.34388208389,"dvar2":16.4103794098,"max":26.5997276306,"mean":10.7484722137,"median":9.9891166687,"min":2.89870738983,"var":16.9581489563},"barkbands_flatness_db":{"dmean":0.0352834500372,"dmean2":0.0527754873037,"dvar":0.000955090683419,"dvar2":0.00222216057591,"max":0.484076619148,"mean":0.174413263798,"median":0.166286587715,"min":0.0432401113212,"var":0.00361942267045},"barkbands_kurtosis":{"dmean":5.70290184021,"dmean2":9.13182449341,"dvar":343.840209961,"dvar2":755.975219727,"max":1153.03417969,"mean":9.32151222229,"median":3.69348931313,"min":-1.79532408714,"var":1198.20385742},"barkbands_skewness":{"dmean":0.730427980423,"dmean2":1.12956249714,"dvar":0.643568098545,"dvar2":1.46736526489,"max":29.1592597961,"mean":1.79782569408,"median":1.54951858521,"min":-2.20031094551,"var":3.17521739006},"barkbands_spread":{"dmean":4.92969560623,"dmean2":7.66041088104,"dvar":44.4372901917,"dvar2":103.096496582,"max":112.218864441,"mean":14.2124700546,"median":11.9546079636,"min":0.275209456682,"var":114.787734985},"dissonance":{"dmean":0.030295226723,"dmean2":0.0505007654428,"dvar":0.000892241252586,"dvar2":0.0023349893745,"max":0.500000059605,"mean":0.447179853916,"median":0.458768785,"min":0.196545138955,"var":0.00182334566489},"dynamic_complexity":4.22722291946,"erbbands":{"dmean":[0.0810378193855,0.633478581905,2.85011577606,3.01643061638,4.96966171265,5.44415235519,9.39552593231,16.7611293793,15.4967422485,23.5060462952,19.4018745422,20.4123458862,20.1939678192,25.3450641632,20.8159599304,36.4807510376,20.4494934082,8.38754844666,13.4605531693,16.8453960419,5.59597921371,5.69458627701,3.06033825874,1.81778979301,1.99174630642,2.16225361824,1.77573561668,1.60229051113,1.27450048923,0.812861561775,0.496496468782,0.240553796291,0.0794681534171,0.0205299612135,0.0113819455728,0.0110308136791,0.0183839462698,0.0131754493341,0.00363550730981,0.000422586424975],"dmean2":[0.134043380618,1.08072924614,4.67915630341,4.89399337769,7.97186660767,8.43308734894,14.7245006561,25.3801193237,23.7168655396,36.0610122681,28.513917923,30.9644813538,30.8274650574,37.7342224121,30.9617156982,52.9572143555,31.6196346283,12.7181634903,21.2819919586,26.3410491943,8.62702655792,8.88903236389,4.64052295685,2.72961378098,2.91853141785,3.09812498093,2.50873494148,2.34002685547,1.87262010574,1.23487353325,0.769785583019,0.374023705721,0.122716672719,0.0343893766403,0.0193988755345,0.0174885932356,0.0282944981009,0.0194496456534,0.00494614010677,0.000585832458455],"dvar":[0.0163780227304,1.05796658993,23.8665313721,21.7029151917,83.9872665405,126.473678589,927.256774902,3438.58374023,2209.52758789,7149.10058594,5300.08447266,5151.90625,3292.57177734,5048.57080078,4944.12451172,14845.2548828,3225.86645508,478.011932373,967.796081543,9134.64160156,194.655838013,241.809036255,64.1270599365,33.2530822754,74.6644821167,105.253601074,55.6353187561,25.3004570007,19.9836673737,10.4106645584,2.23349118233,0.201652184129,0.0169328879565,0.00116250559222,0.00043227916467,0.000272220553597,0.00130214088131,0.00206392980181,0.000133894340252,8.95166067494e-7],"dvar2":[0.0452305562794,2.96492671967,59.0052032471,54.8392295837,193.5519104,245.894302368,2151.47802734,7631.08154297,4568.89306641,15081.3154297,11252.0996094,11430.7490234,7744.81005859,10662.7285156,10435.2353516,27406.1445312,7267.43261719,1107.18041992,2398.06518555,20004.0878906,462.520507812,637.988037109,144.29574585,70.8489456177,156.11265564,180.522750854,84.4688186646,46.5343360901,40.26612854,21.5993671417,4.58513307571,0.456322073936,0.0369442664087,0.00296331616119,0.0011149821803,0.000620617822278,0.0027840482071,0.00408480875194,0.000193207350094,0.00000172180887148],"max":[2.5286591053,20.452709198,71.9877319336,81.2864608765,197.345993042,454.945831299,913.773925781,1351.13818359,1188.03637695,2796.35449219,1986.74658203,2594.31298828,1114.3918457,2273.06542969,3080.80078125,4860.02050781,1478.32385254,754.365356445,606.925598145,5408.30859375,418.207763672,335.990661621,181.196594238,153.47064209,266.045166016,717.339050293,538.76184082,221.376464844,146.215652466,121.006324768,66.4046859741,14.625128746,3.69724869728,0.550054073334,0.342601984739,0.366370499134,1.39471948147,1.8116184473,0.692583143711,0.0381959117949],"mean":[0.158344402909,0.972586631775,3.84536552429,4.83180570602,8.16687107086,9.03080844879,12.6404457092,23.6744995117,24.0170497894,34.8925476074,25.7736682892,26.3951873779,26.9094333649,38.4080047607,33.4110450745,62.6676254272,30.4360313416,14.1021118164,20.7959251404,24.4603748322,9.22490692139,8.93419647217,4.76991605759,2.53198456764,2.56636762619,2.81146883965,2.18469381332,1.85515999794,1.45159828663,0.917057454586,0.547510147095,0.251477003098,0.0888164266944,0.0209591314197,0.0106132393703,0.0124213434756,0.0198553297669,0.0153007647023,0.00480633182451,0.000883630069438],"median":[0.0752741843462,0.615493297577,1.9230145216,2.58799409866,3.24729251862,2.9699575901,4.14991378784,4.98621463776,5.14116191864,6.61054992676,3.80789661407,4.2036781311,5.79713916779,10.1715927124,8.53403949738,10.4988107681,8.20376968384,5.18040275574,7.16814374924,6.47722434998,2.72239279747,1.90621960163,1.22121119499,0.737865924835,0.56509745121,0.574210762978,0.396356225014,0.300706088543,0.229434609413,0.17013682425,0.11414219439,0.0573325678706,0.0270683653653,0.0081444773823,0.00336626777425,0.0045110960491,0.00466493144631,0.00297472020611,0.00112940859981,0.000385044899303],"min":[2.14731447254e-22,5.8747938262e-22,1.40279633495e-21,6.74235906839e-22,3.79545846398e-21,1.99898050105e-20,6.58150519528e-20,1.32989174577e-19,1.66552402747e-19,2.43352348611e-19,3.52983920168e-19,3.53766510576e-19,5.26269831595e-19,8.08089594208e-19,1.06660100982e-18,9.86163071924e-19,1.56872879976e-18,1.96229037507e-18,3.41913534556e-18,2.88848781567e-18,3.15074625606e-18,2.82512991665e-18,6.06878468551e-18,7.70400536484e-18,6.20252696926e-18,7.69735648707e-18,1.07701066424e-17,1.02312439683e-17,1.03370511219e-17,1.42321205494e-17,1.18951392771e-17,1.1550192554e-17,1.00352832268e-17,8.72626163561e-18,5.89247527385e-18,4.43568282933e-18,2.59828245789e-18,9.8896514625e-19,2.49369880772e-19,2.78730204251e-20],"var":[0.0467849969864,1.42971539497,33.5396118164,41.6748542786,225.235321045,407.393127441,1259.11523438,5887.13037109,4983.98925781,14451.3945312,9258.62304688,8122.15478516,4823.29736328,10487.6494141,8597.54003906,44517.0351562,5388.27929688,921.36151123,1721.87036133,14360.7041016,403.820892334,497.737182617,130.617584229,43.7919464111,98.1705703735,229.767196655,136.974594116,48.0145149231,33.5560417175,17.4243621826,4.49813079834,0.304342716932,0.0243770107627,0.00130067882128,0.000441474170657,0.000394252943806,0.00227919593453,0.00391069147736,0.000351392023731,0.00000252165250458]},"erbbands_crest":{"dmean":3.36739873886,"dmean2":5.40327739716,"dvar":9.87128543854,"dvar2":22.9998703003,"max":31.1311016083,"mean":10.8234853745,"median":9.67865753174,"min":2.16374588013,"var":28.3218898773},"erbbands_flatness_db":{"dmean":0.033973891288,"dmean2":0.0498052984476,"dvar":0.000850151758641,"dvar2":0.00188349874225,"max":0.393947809935,"mean":0.178809404373,"median":0.178863629699,"min":0.0325869210064,"var":0.00321678863838},"erbbands_kurtosis":{"dmean":1.60511243343,"dmean2":2.56322264671,"dvar":4.78312397003,"dvar2":11.3030338287,"max":42.0210609436,"mean":1.47357070446,"median":0.490092635155,"min":-1.81724393368,"var":9.76608181},"erbbands_skewness":{"dmean":0.498144090176,"dmean2":0.761481821537,"dvar":0.204138755798,"dvar2":0.461044788361,"max":5.10449028015,"mean":0.202096670866,"median":0.204325973988,"min":-3.70364022255,"var":1.00555896759},"erbbands_spread":{"dmean":8.70726680756,"dmean2":13.4561071396,"dvar":111.150588989,"dvar2":255.480728149,"max":146.118667603,"mean":27.0411148071,"median":23.7456550598,"min":1.90075933933,"var":266.600524902},"gfcc":{"cov":[[20702.8203125,389.652496338,-1893.86633301,-248.747589111,-406.172332764,-346.313720703,182.025695801,-344.879302979,92.0467681885,21.4514694214,-75.5945510864,129.817596436,-147.564208984],[389.652496338,1299.14587402,-86.0238265991,-381.064147949,134.145767212,2.47601151466,-142.974060059,-21.0543346405,-16.6346626282,-70.3718566895,33.9065475464,-85.3714904785,85.8000488281],[-1893.86633301,-86.0238265991,619.904602051,287.992370605,-102.961509705,166.365646362,10.7010097504,113.374511719,-35.9632606506,62.6053657532,-64.8616409302,8.40985679626,-11.7038087845],[-248.747589111,-381.064147949,287.992370605,453.511779785,66.4829559326,75.4436340332,113.28313446,3.17510652542,18.966173172,23.3842849731,-55.0772972107,46.0540962219,-31.7410984039],[-406.172332764,134.145767212,-102.961509705,66.4829559326,387.178405762,55.6223831177,-20.6704463959,-54.6410217285,12.0317077637,-79.9708099365,14.463763237,-12.9991197586,72.9795761108],[-346.313720703,2.47601151466,166.365646362,75.4436340332,55.6223831177,224.835769653,48.3974609375,55.687046051,-45.5711288452,1.71019291878,-35.9837722778,17.2930526733,26.3994750977],[182.025695801,-142.974060059,10.7010097504,113.28313446,-20.6704463959,48.3974609375,269.061309814,19.1895599365,50.5894203186,3.79530930519,-2.60125637054,43.8440895081,-24.620010376],[-344.879302979,-21.0543346405,113.374511719,3.17510652542,-54.6410217285,55.687046051,19.1895599365,177.632797241,37.9873161316,41.7991104126,-18.0250988007,-18.9259567261,13.2937002182],[92.0467681885,-16.6346626282,-35.9632606506,18.966173172,12.0317077637,-45.5711288452,50.5894203186,37.9873161316,161.224975586,51.0625915527,0.562125682831,-3.13761878014,-24.3278064728],[21.4514694214,-70.3718566895,62.6053657532,23.3842849731,-79.9708099365,1.71019291878,3.79530930519,41.7991104126,51.0625915527,121.118995667,40.1158409119,-6.36261224747,-24.9341468811],[-75.5945510864,33.9065475464,-64.8616409302,-55.0772972107,14.463763237,-35.9837722778,-2.60125637054,-18.0250988007,0.562125682831,40.1158409119,97.4534683228,28.7821540833,-2.27147316933],[129.817596436,-85.3714904785,8.40985679626,46.0540962219,-12.9991197586,17.2930526733,43.8440895081,-18.9259567261,-3.13761878014,-6.36261224747,28.7821540833,87.4040679932,20.0931930542],[-147.564208984,85.8000488281,-11.7038087845,-31.7410984039,72.9795761108,26.3994750977,-24.620010376,13.2937002182,-24.3278064728,-24.9341468811,-2.27147316933,20.0931930542,97.7943191528]],"icov":[[0.000190184189705,-0.00045195169514,0.00148057122715,-0.00108314969111,0.000672551861499,-0.000322325940942,0.000236509979004,-0.000219598499825,0.000419832242187,-0.000824085378554,0.000981156132184,-0.00072338496102,0.000249382370384],[-0.00045195169514,0.00254229316488,-0.00444349087775,0.00393842067569,-0.001604096964,0.000175991648575,-0.000523059803527,0.00144872569945,-0.00229893950745,0.00368143268861,-0.00406453106552,0.00375746376812,-0.00184468668886],[0.00148057122715,-0.00444349087775,0.0174557864666,-0.0157655104995,0.0119579182938,-0.00851520802826,0.00478440290317,-0.00222012912855,0.0000374521587219,-0.000668671331368,0.0000793157087173,0.00115130073391,-0.00240995711647],[-0.00108314969111,0.00393842067569,-0.0157655104995,0.0237571205944,-0.0217735450715,0.0153287537396,-0.00797854177654,-0.00154368882068,0.0108613064513,-0.0180459003896,0.0226113703102,-0.0196707900614,0.0137138348073],[0.000672551861499,-0.001604096964,0.0119579182938,-0.0217735450715,0.029471328482,-0.0217957254499,0.00878594629467,0.00706889480352,-0.0210058502853,0.0323763415217,-0.0375535339117,0.0327500365674,-0.022644078359],[-0.000322325940942,0.000175991648575,-0.00851520802826,0.0153287537396,-0.0217957254499,0.02378888987,-0.00816251710057,-0.00728044239804,0.0197295956314,-0.0277212820947,0.033098500222,-0.0280304998159,0.0164616350085],[0.000236509979004,-0.000523059803527,0.00478440290317,-0.00797854177654,0.00878594629467,-0.00816251710057,0.00811011064798,0.00103001424577,-0.00778552470729,0.0105103068054,-0.0114090256393,0.00727389054373,-0.00466911867261],[-0.000219598499825,0.00144872569945,-0.00222012912855,-0.00154368882068,0.00706889480352,-0.00728044239804,0.00103001424577,0.0118867373094,-0.0102259553969,0.0103002553806,-0.013207340613,0.0143981156871,-0.0102182216942],[0.000419832242187,-0.00229893950745,0.0000374521587219,0.0108613064513,-0.0210058502853,0.0197295956314,-0.00778552470729,-0.0102259553969,0.0310221109539,-0.0380910784006,0.0417668931186,-0.0344036072493,0.0220041368157],[-0.000824085378554,0.00368143268861,-0.000668671331368,-0.0180459003896,0.0323763415217,-0.0277212820947,0.0105103068054,0.0103002553806,-0.0380910784006,0.0681663453579,-0.0703874900937,0.0555474162102,-0.030986007303],[0.000981156132184,-0.00406453106552,0.0000793157087173,0.0226113703102,-0.0375535339117,0.033098500222,-0.0114090256393,-0.013207340613,0.0417668931186,-0.0703874900937,0.0903358235955,-0.0689858198166,0.0391238071024],[-0.00072338496102,0.00375746376812,0.00115130073391,-0.0196707900614,0.0327500365674,-0.0280304998159,0.00727389054373,0.0143981156871,-0.0344036072493,0.0555474162102,-0.0689858198166,0.0706190690398,-0.0381417572498],[0.000249382370384,-0.00184468668886,-0.00240995711647,0.0137138348073,-0.022644078359,0.0164616350085,-0.00466911867261,-0.0102182216942,0.0220041368157,-0.030986007303,0.0391238071024,-0.0381417572498,0.035369977355]],"mean":[-62.1830635071,121.875312805,-90.3829421997,0.596829295158,-25.0012454987,1.7890535593,-13.1310129166,-15.5000305176,-7.03191232681,-5.48237657547,-10.2496681213,1.3466463089,-10.5422830582]},"hfc":{"dmean":5.68105602264,"dmean2":7.73119163513,"dvar":83.8071212769,"dvar2":152.650390625,"max":247.419723511,"mean":14.1266298294,"median":8.47459411621,"min":1.09262756951e-16,"var":302.914001465},"melbands":{"dmean":[0.000688759842888,0.00121959799435,0.000553459103685,0.000380401092116,0.000297335995128,0.000370997207938,0.0002415341296,0.000248321128311,0.000155950678163,0.000128697865875,0.000104300190287,0.000107094994746,0.000074691073678,0.000090523295512,0.0000707221333869,0.0000335327604262,0.0000155394300236,0.0000215977452172,0.0000239440378209,0.0000165347373695,0.00000603456737736,0.00000646163471174,0.00000505227853864,0.00000180432584784,0.00000149493052959,0.00000139804922128,0.00000169485929291,0.00000139438748192,0.00000114863621548,0.00000102129183688,8.89910040769e-7,7.51959078116e-7,6.1239165916e-7,3.99289746156e-7,3.10708458073e-7,2.08728295092e-7,1.24061742213e-7,6.57097132262e-8,2.5144681004e-8,1.49664103333e-8],"dmean2":[0.00115125952289,0.00201901164837,0.000890460738447,0.000594251672737,0.000463443255285,0.00056128349388,0.000368106120732,0.000378685217584,0.000229969693464,0.000196857974515,0.000159831615747,0.00016054790467,0.000112264242489,0.000132479472086,0.000105739047285,0.0000524926326761,0.0000239237415371,0.0000342094936059,0.0000373943366867,0.0000262106677837,0.00000965006802289,0.0000101804516817,0.00000771073700889,0.00000279860955743,0.00000227370810535,0.0000021073433345,0.00000249198637903,0.00000201630837182,0.0000016291362499,0.00000151493929934,0.00000133288403958,0.00000112366478788,9.37920390243e-7,6.15765543444e-7,4.87130705551e-7,3.29536135268e-7,1.93360605749e-7,1.01959088283e-7,4.07557649851e-8,2.55222083467e-8],"dvar":[0.00000116855392207,0.00000402277646572,6.84978601839e-7,5.16011198215e-7,7.2630740533e-7,0.00000150946300437,4.58014739024e-7,7.99639167326e-7,3.39573063002e-7,2.03931648457e-7,8.72279528608e-8,9.12925770535e-8,6.79451517271e-8,8.32057196476e-8,3.75725655033e-8,9.05548436236e-9,2.15637530054e-9,2.57436050255e-9,1.41631071315e-8,4.94475527191e-9,2.66047850417e-10,3.31032978806e-10,2.59015586757e-10,2.14842033053e-11,2.36335586518e-11,3.92020652051e-11,6.40154179665e-11,4.53934702327e-11,3.46390867378e-11,1.0089887259e-11,7.34627723237e-12,6.23691116114e-12,8.31603796242e-12,2.32692294252e-12,1.15644061167e-12,1.99338687375e-13,4.81646650731e-14,1.28030486874e-14,1.5258673858e-15,7.41799267953e-16],"dvar2":[0.00000328977944264,0.0000102448966572,0.00000170054840964,0.00000102184833395,0.00000170681619238,0.00000328108671965,9.36439334964e-7,0.00000163038419032,7.11956204213e-7,4.54379033954e-7,2.04944228699e-7,1.91439198716e-7,1.39511669772e-7,1.61582519809e-7,7.59436105113e-8,2.03292849221e-8,5.0958548492e-9,6.34517371978e-9,3.15836992115e-8,1.14811085083e-8,6.56706244939e-10,8.98454921572e-10,6.07558281462e-10,5.01533641006e-11,5.14017196862e-11,8.49789544288e-11,1.39066508309e-10,7.1825038972e-11,5.34396103757e-11,1.78198636402e-11,1.39765152576e-11,1.27081617798e-11,1.95041413575e-11,4.6773049843e-12,2.45789651653e-12,4.39683554322e-13,1.11371591745e-13,2.88986906237e-14,3.66050158595e-15,1.91152720416e-15],"max":[0.0247479379177,0.0300762690604,0.0119272675365,0.0265068951994,0.0239264853299,0.0270150527358,0.0156902112067,0.0274544805288,0.0183810889721,0.0167778767645,0.00549978204072,0.00990622024983,0.00959278363734,0.00910943187773,0.00658839242533,0.00274295592681,0.00172255991492,0.0010653383797,0.00615648645908,0.00366427167319,0.00046340393601,0.000406943116104,0.000357161625288,0.000187601079233,0.000129733976792,0.000208363635466,0.000321502244333,0.000490777252708,0.000464946904685,0.000140809657751,0.000110204622615,0.0000834051897982,0.000104247461422,0.0000579477091378,0.0000463106880488,0.0000206351760426,0.0000059245594457,0.00000324018128595,5.84339261422e-7,4.48767536909e-7],"mean":[0.00135642185342,0.00177678163163,0.000956863164902,0.000658674689475,0.000420921540353,0.000536913983524,0.000378286407795,0.000362865801435,0.000200984504772,0.00016286749451,0.00013474781008,0.000158312352141,0.00010883386858,0.000150623556692,0.000115267284855,0.0000464855620521,0.0000237405802181,0.0000319737628161,0.0000352053102688,0.0000228353183047,0.00000902057581698,0.00000929712405195,0.00000755388828111,0.00000253525149674,0.00000194158610611,0.0000017153298586,0.00000210459984373,0.00000178529160166,0.00000140976180774,0.00000118335640309,0.00000100717034002,8.46740078941e-7,6.61189062612e-7,4.51816617897e-7,3.43090391652e-7,2.14807414523e-7,1.27590908505e-7,7.17719643717e-8,2.71638818106e-8,1.37322695437e-8],"median":[0.000803508039098,0.00102695589885,0.000528593373019,0.000229826953728,0.000151920714416,0.000111301094876,0.000081739774032,0.0000641242077108,0.0000259073603956,0.0000249719996646,0.0000272878423857,0.0000391042776755,0.0000256068160525,0.0000257687861449,0.0000236821324506,0.0000125830829347,0.00000749405171518,0.0000100132974694,0.0000100741963251,0.00000552064193471,0.00000226970087169,0.00000186367662991,0.00000135510276777,7.5272811273e-7,5.31198907083e-7,3.79316077215e-7,4.0932752654e-7,3.51548465005e-7,2.48901557143e-7,1.90968648894e-7,1.62051591701e-7,1.31854307028e-7,1.05197926814e-7,8.51509156519e-8,6.75502818126e-8,4.55623876405e-8,2.99045623819e-8,2.09678052698e-8,9.80107373039e-9,4.15693790501e-9],"min":[2.53077109688e-24,1.43181754868e-24,2.27857813263e-25,4.72164313173e-25,2.36898479712e-24,2.67834685629e-24,2.70805693571e-24,2.03256441447e-24,2.44235517219e-24,2.15825815844e-24,2.48890250155e-24,2.93147121875e-24,2.76137959416e-24,2.54406340313e-24,3.5150675582e-24,2.54156863052e-24,3.36244624444e-24,4.8706650704e-24,3.30526842274e-24,3.03918465333e-24,3.58702626669e-24,1.99932911288e-24,4.25019244185e-24,4.07101057584e-24,5.61911144815e-24,3.36241114013e-24,4.26857368981e-24,4.67192458153e-24,5.59474984568e-24,5.9966642217e-24,5.45541926045e-24,5.10072570378e-24,6.50240176474e-24,7.13742887699e-24,6.82499499345e-24,6.34260733877e-24,7.16996781161e-24,6.54408951371e-24,6.53458728967e-24,6.58865344954e-24],"var":[0.00000262958019448,0.00000572662702325,0.00000142030580719,0.00000184267946679,0.00000103535739981,0.00000279145774584,0.00000106452614546,0.0000016684231241,5.99180339123e-7,3.19025218687e-7,1.26895628227e-7,1.90033361491e-7,1.17125580346e-7,2.26970399808e-7,9.7410925548e-8,1.4524041525e-8,3.73950781452e-9,4.35439506674e-9,2.18743387848e-8,7.8209483334e-9,4.98893149015e-10,5.9834209809e-10,5.46259426581e-10,3.53795950869e-11,2.93608991286e-11,4.60107854594e-11,8.69763289169e-11,1.11193353136e-10,8.63460483669e-11,1.91430846869e-11,1.35210124347e-11,1.02060408735e-11,1.06618021703e-11,4.34736404861e-12,2.25957035201e-12,3.17831617145e-13,6.32046905048e-14,1.68552560011e-14,1.99880187915e-15,7.58414083912e-16]},"melbands_crest":{"dmean":3.98205208778,"dmean2":6.5963845253,"dvar":11.1449098587,"dvar2":29.0466461182,"max":38.0571327209,"mean":15.6525411606,"median":15.0069217682,"min":1.00047874451,"var":33.5107498169},"melbands_flatness_db":{"dmean":0.0432434827089,"dmean2":0.0641734451056,"dvar":0.00143824587576,"dvar2":0.0033179090824,"max":0.573035776615,"mean":0.283543676138,"median":0.276467561722,"min":0,"var":0.00564104085788},"melbands_kurtosis":{"dmean":9.66910743713,"dmean2":15.5260467529,"dvar":490.103118896,"dvar2":1170.9675293,"max":791.098510742,"mean":15.7462530136,"median":6.83096504211,"min":-1.80240738392,"var":1158.17382812},"melbands_skewness":{"dmean":0.925720214844,"dmean2":1.43488836288,"dvar":1.00309371948,"dvar2":2.3132007122,"max":23.1579780579,"mean":2.58498263359,"median":2.2338848114,"min":-1.18411135674,"var":4.08310317993},"melbands_spread":{"dmean":5.47354078293,"dmean2":8.46107006073,"dvar":67.1980819702,"dvar2":145.358718872,"max":167.596908569,"mean":15.7692422867,"median":11.7352809906,"min":0.47012001276,"var":275.618682861},"mfcc":{"cov":[[9995.7109375,291.207519531,-1090.01098633,220.031997681,-688.222045898,191.825469971,-329.858184814,101.433647156,-149.141326904,113.385467529,-151.094223022,254.395004272,-65.7751083374],[291.207519531,1587.17297363,-152.852996826,-318.165618896,186.885009766,-103.504165649,1.3427593708,-100.960929871,0.889156579971,-88.4892578125,5.78377437592,-68.9577941895,55.2402801514],[-1090.01098633,-152.852996826,695.864379883,97.9661407471,-36.9820327759,21.8970661163,56.3178100586,31.3038768768,58.4137268066,53.9115829468,46.0364456177,-25.4739341736,-28.6991443634],[220.031997681,-318.165618896,97.9661407471,344.017150879,2.16286349297,114.363090515,-2.73596763611,54.7609825134,17.3930187225,49.2455673218,-11.5609378815,23.1411685944,-33.1810531616],[-688.222045898,186.885009766,-36.9820327759,2.16286349297,368.108093262,41.3102607727,33.9228630066,-32.2131271362,45.9858703613,-75.2852172852,-18.7607040405,-38.7710647583,6.37645816803],[191.825469971,-103.504165649,21.8970661163,114.363090515,41.3102607727,223.398513794,65.6318740845,65.1438369751,12.1829814911,1.26132965088,-49.7765541077,6.94163274765,-4.71761465073],[-329.858184814,1.3427593708,56.3178100586,-2.73596763611,33.9228630066,65.6318740845,173.38494873,50.6505126953,20.5967350006,-28.6607933044,-15.1416425705,-27.4026451111,20.2844104767],[101.433647156,-100.960929871,31.3038768768,54.7609825134,-32.2131271362,65.1438369751,50.6505126953,144.600250244,63.9980392456,20.8590602875,-28.103937149,5.23582696915,-16.1760807037],[-149.141326904,0.889156579971,58.4137268066,17.3930187225,45.9858703613,12.1829814911,20.5967350006,63.9980392456,145.329528809,45.6647758484,-0.71649646759,-15.800652504,-12.1616029739],[113.385467529,-88.4892578125,53.9115829468,49.2455673218,-75.2852172852,1.26132965088,-28.6607933044,20.8590602875,45.6647758484,145.725097656,58.0026321411,6.12635564804,-11.9980554581],[-151.094223022,5.78377437592,46.0364456177,-11.5609378815,-18.7607040405,-49.7765541077,-15.1416425705,-28.103937149,-0.71649646759,58.0026321411,108.836463928,34.0409584045,8.32076263428],[254.395004272,-68.9577941895,-25.4739341736,23.1411685944,-38.7710647583,6.94163274765,-27.4026451111,5.23582696915,-15.800652504,6.12635564804,34.0409584045,102.716835022,22.4964923859],[-65.7751083374,55.2402801514,-28.6991443634,-33.1810531616,6.37645816803,-4.71761465073,20.2844104767,-16.1760807037,-12.1616029739,-11.9980554581,8.32076263428,22.4964923859,78.0563354492]],"icov":[[0.000200935450266,-0.00014626646589,0.000315130047966,-0.000208317418583,0.000454744906165,-0.000231482263189,0.000187722485862,0.0000457353562524,-0.0000592549840803,-0.0000808341137599,0.000287108356133,-0.000394549104385,0.000271149270702],[-0.00014626646589,0.000971227011178,-0.000154804889462,0.00082650600234,-0.000652595364954,0.0000992885907181,0.0000503186711285,0.000105966704723,-0.000102159574453,0.000282671680907,-0.000491802347824,0.000806590833236,-0.000600477680564],[0.000315130047966,-0.000154804889462,0.00224963435903,-0.000846500624903,0.0011535664089,-0.000503843708429,-0.000261729001068,0.000366723543266,-0.000937836652156,0.000304242130369,-0.000858627434354,0.000192454099306,0.00079842528794],[-0.000208317418583,0.00082650600234,-0.000846500624903,0.00497842766345,-0.00133055541664,-0.00148332107347,0.000475478824228,-0.000694247544743,0.000794950174168,-0.0015387700405,0.000492343271617,-0.000627392146271,0.000811870850157],[0.000454744906165,-0.000652595364954,0.0011535664089,-0.00133055541664,0.00566001376137,-0.00225208839402,0.000614035991021,0.00220757955685,-0.00356113817543,0.00383194582537,-0.00179976853542,0.00111403036863,0.000307948153932],[-0.000231482263189,0.0000992885907181,-0.000503843708429,-0.00148332107347,-0.00225208839402,0.00847194343805,-0.0033516578842,-0.00168304448016,0.00212776311673,-0.00317935296334,0.004788197577,-0.00249283970334,0.000187943238416],[0.000187722485862,0.0000503186711285,-0.000261729001068,0.000475478824228,0.000614035991021,-0.0033516578842,0.00994193647057,-0.00367833836935,-0.000499213754665,0.00377978873439,-0.00369361531921,0.00443858793005,-0.00375243555754],[0.0000457353562524,0.000105966704723,0.000366723543266,-0.000694247544743,0.00220757955685,-0.00168304448016,-0.00367833836935,0.0134565113112,-0.00591055862606,-0.000504406518303,0.00339871412143,-0.00313562853262,0.00280874618329],[-0.0000592549840803,-0.000102159574453,-0.000937836652156,0.000794950174168,-0.00356113817543,0.00212776311673,-0.000499213754665,-0.00591055862606,0.0126008866355,-0.0059600234963,0.00248269271106,-0.000223204406211,0.000186681732885],[-0.0000808341137599,0.000282671680907,0.000304242130369,-0.0015387700405,0.00383194582537,-0.00317935296334,0.00377978873439,-0.000504406518303,-0.0059600234963,0.016319302842,-0.0112117780373,0.00560511602089,-0.00124282052275],[0.000287108356133,-0.000491802347824,-0.000858627434354,0.000492343271617,-0.00179976853542,0.004788197577,-0.00369361531921,0.00339871412143,0.00248269271106,-0.0112117780373,0.0212228149176,-0.00991287827492,0.0018422738649],[-0.000394549104385,0.000806590833236,0.000192454099306,-0.000627392146271,0.00111403036863,-0.00249283970334,0.00443858793005,-0.00313562853262,-0.000223204406211,0.00560511602089,-0.00991287827492,0.017685122788,-0.0063576749526],[0.000271149270702,-0.000600477680564,0.00079842528794,0.000811870850157,0.000307948153932,0.000187943238416,-0.00375243555754,0.00280874618329,0.000186681732885,-0.00124282052275,0.0018422738649,-0.0063576749526,0.0171208009124]],"mean":[-715.604797363,172.998794556,-2.64022231102,16.9551258087,3.50024604797,22.2398452759,-1.5936011076,6.63721227646,-1.49244260788,2.40251421928,-5.35131263733,2.92195630074,1.70641362667]},"pitch_salience":{"dmean":0.0823163092136,"dmean2":0.135665416718,"dvar":0.00489042839035,"dvar2":0.0133735146374,"max":0.996089994907,"mean":0.554483234882,"median":0.56295466423,"min":0.0611750781536,"var":0.0132882054895},"silence_rate_20dB":{"dmean":0,"dmean2":0,"dvar":0,"dvar2":0,"max":1,"mean":1,"median":1,"min":1,"var":0},"silence_rate_30dB":{"dmean":0.00842302292585,"dmean2":0.016848674044,"dvar":0.00835227966309,"dvar2":0.0196840539575,"max":1,"mean":0.990486562252,"median":1,"min":0,"var":0.00942313484848},"silence_rate_60dB":{"dmean":0.0215255022049,"dmean2":0.0430577211082,"dvar":0.021062400192,"dvar2":0.0468260273337,"max":1,"mean":0.0814098566771,"median":0,"min":0,"var":0.0747778117657},"spectral_centroid":{"dmean":216.725204468,"dmean2":323.429901123,"dvar":116674.226562,"dvar2":220766.625,"max":11747.4306641,"mean":873.910095215,"median":682.862670898,"min":137.394882202,"var":974822.0625},"spectral_complexity":{"dmean":3.05225396156,"dmean2":4.32667684555,"dvar":9.91203117371,"dvar2":17.5249633789,"max":52,"mean":13.1370868683,"median":12,"min":0,"var":52.8351783752},"spectral_contrast_coeffs":{"dmean":[0.0528081692755,0.053770288825,0.04267263785,0.0332084409893,0.0288500189781,0.0419619940221],"dmean2":[0.0862926021218,0.0873728916049,0.0672450959682,0.0540649443865,0.0458610467613,0.0639181882143],"dvar":[0.00173229118809,0.00187921128236,0.00122855801601,0.00074643251719,0.000666401232593,0.00149058224633],"dvar2":[0.00453960243613,0.00479506189004,0.00289653125219,0.00189833645709,0.00161997694522,0.00305041042157],"max":[-0.337745398283,-0.384160220623,-0.510281980038,-0.502942085266,-0.632358431816,-0.504297018051],"mean":[-0.667497515678,-0.750079274178,-0.782385349274,-0.796809375286,-0.833104133606,-0.772234797478],"median":[-0.673332333565,-0.760648846626,-0.788299441338,-0.800285458565,-0.836630582809,-0.774408996105],"min":[-0.977607607841,-0.996911168098,-0.99890178442,-0.988317131996,-0.988956689835,-0.964468479156],"var":[0.00793686974794,0.00684517715126,0.00474365102127,0.00327002839185,0.00277994340286,0.00480207288638]},"spectral_contrast_valleys":{"dmean":[0.406572163105,0.438129067421,0.394491314888,0.37919151783,0.514453172684,0.691988945007],"dmean2":[0.666345596313,0.682636320591,0.584689557552,0.543831527233,0.729677081108,1.08048176765],"dvar":[0.146664366126,0.174244865775,0.154212221503,0.155331507325,0.257880032063,0.354605406523],"dvar2":[0.309688389301,0.326904654503,0.281137764454,0.261940449476,0.531009793282,0.903390645981],"max":[-5.16178321838,-4.71169185638,-5.17403507233,-5.70358943939,-6.09703159332,-9.11179065704],"mean":[-7.29735803604,-6.98211717606,-7.44885492325,-8.00666713715,-8.5584487915,-11.5102424622],"median":[-6.92809486389,-6.72004795074,-7.17924594879,-7.71891069412,-8.24370002747,-11.2266769409],"min":[-27.9746894836,-28.1691303253,-27.7074012756,-27.5667419434,-27.563741684,-27.4209709167],"var":[3.98180174828,4.18918561935,4.05871725082,3.91311907768,3.80684185028,2.90776634216]},"spectral_decrease":{"dmean":2.38760589077e-9,"dmean2":3.51749873673e-9,"dvar":9.80884832436e-18,"dvar2":2.08773504466e-17,"max":2.17078810343e-28,"mean":-6.56681153899e-9,"median":-5.11397768577e-9,"min":-4.84671964784e-8,"var":3.30758822016e-17},"spectral_energy":{"dmean":0.00941567495465,"dmean2":0.0137918777764,"dvar":0.000153227578267,"dvar2":0.000322147912811,"max":0.192849427462,"mean":0.026066025719,"median":0.0202133543789,"min":1.00269654475e-20,"var":0.000527749944013},"spectral_energyband_high":{"dmean":0.00014653429389,"dmean2":0.000206020762562,"dvar":1.86668401625e-7,"dvar2":2.9340728247e-7,"max":0.0246610697359,"mean":0.000189991435036,"median":0.000047285007895,"min":7.13486414503e-21,"var":4.76479272038e-7},"spectral_energyband_low":{"dmean":0.00484908604994,"dmean2":0.00796700734645,"dvar":0.0000530288962182,"dvar2":0.000136687798658,"max":0.125874266028,"mean":0.00964613165706,"median":0.00695175491273,"min":2.04896901365e-23,"var":0.0000998201649054},"spectral_energyband_middle_high":{"dmean":0.00232478533871,"dmean2":0.00325977336615,"dvar":0.00002240097092,"dvar2":0.0000439744435425,"max":0.104012683034,"mean":0.00496399682015,"median":0.00206332909875,"min":1.15689468355e-21,"var":0.0000693745678291},"spectral_energyband_middle_low":{"dmean":0.00544038508087,"dmean2":0.00792863126844,"dvar":0.0000875898185768,"dvar2":0.000177721667569,"max":0.172598406672,"mean":0.0116361854598,"median":0.00634499080479,"min":1.62620330841e-22,"var":0.000247361487709},"spectral_entropy":{"dmean":0.314449876547,"dmean2":0.46032384038,"dvar":0.0814706981182,"dvar2":0.189689442515,"max":9.82384872437,"mean":7.15507984161,"median":7.14897727966,"min":5.35597229004,"var":0.302023679018},"spectral_flux":{"dmean":0.0240059327334,"dmean2":0.0382596515119,"dvar":0.00062617828371,"dvar2":0.00148442143109,"max":0.305439203978,"mean":0.0822031199932,"median":0.0762113854289,"min":6.44962694363e-11,"var":0.00207811500877},"spectral_kurtosis":{"dmean":6.11417007446,"dmean2":9.39944458008,"dvar":56.9295806885,"dvar2":148.51449585,"max":94.0518112183,"mean":14.3240528107,"median":12.1359901428,"min":-1.30235433578,"var":100.144180298},"spectral_rms":{"dmean":0.000866089772899,"dmean2":0.00124412286095,"dvar":8.07021592664e-7,"dvar2":0.00000160425997819,"max":0.0137166241184,"mean":0.00456540426239,"median":0.00444075930864,"min":3.12768365894e-12,"var":0.00000458733575215},"spectral_rolloff":{"dmean":266.94821167,"dmean2":443.362548828,"dvar":380447.34375,"dvar2":741241.0625,"max":19444.4824219,"mean":920.483154297,"median":624.462890625,"min":21.533203125,"var":2988335.75},"spectral_skewness":{"dmean":0.542040169239,"dmean2":0.791442036629,"dvar":0.298428505659,"dvar2":0.714478313923,"max":7.65794229507,"mean":2.61161565781,"median":2.56416702271,"min":-0.0861127972603,"var":0.798215925694},"spectral_spread":{"dmean":816953.5625,"dmean2":1253484.625,"dvar":1226966695940,"dvar2":2716550823940,"max":50533032,"mean":3623758.75,"median":3214848,"min":702302.875,"var":11090488459300},"spectral_strongpeak":{"dmean":0.570389866829,"dmean2":0.944366037846,"dvar":1.0894753933,"dvar2":2.61450529099,"max":21.719581604,"mean":0.855209887028,"median":0.31032371521,"min":0,"var":1.92317569256},"zerocrossingrate":{"dmean":0.00633866898715,"dmean2":0.00770296063274,"dvar":0.000137325667311,"dvar2":0.000216162632569,"max":0.52880859375,"mean":0.0330566875637,"median":0.02685546875,"min":0,"var":0.00204500625841}},"metadata":{"audio_properties":{"analysis_sample_rate":44100,"bit_rate":320000,"codec":"mp3","downmix":"mix","equal_loudness":0,"length":148.846786499,"lossless":false,"md5_encoded":"250fddbb92d04ed86f775e3cbd447837","replay_gain":-9.02427864075,"sample_rate":44100},"tags":{"acoustid_id":["959eca82-25d7-44fb-87a8-495f69552a28"],"album":["Animal Tracks"],"albumartist":["The Animals"],"albumartistsort":["Animals, The"],"artist":["The Animals"],"artistsort":["Animals, The"],"catalognumber":["33SX 1708"],"date":["1965"],"discnumber":["1/1"],"file_name":"I Ain't Got You - The Animals.mp3","genre":["Classic Rock"],"label":["Columbia Records"],"media":["12\" Vinyl"],"musicbrainz album release country":["GB"],"musicbrainz album status":["official"],"musicbrainz album type":["album"],"musicbrainz_albumartistid":["4d8afa16-4018-4ca8-8b5e-ede8f9314562"],"musicbrainz_albumid":["967bb338-e416-46ca-a9d0-13ba72f5c240"],"musicbrainz_artistid":["4d8afa16-4018-4ca8-8b5e-ede8f9314562"],"musicbrainz_recordingid":["c60824bd-9d80-4d26-b014-be66d64fc98a"],"musicbrainz_releasegroupid":["977eed35-9b01-3217-b10e-79979051eb72"],"originaldate":["1965"],"script":["Latn"],"title":["I Ain't Got You"],"tracknumber":["7/11"]},"version":{"essentia":"2.1-beta1","essentia_build_sha":"ca57ba49d9b1854bd80e60cf9ccf267278fb7d6b","essentia_git_sha":"v2.1_beta1-28-g21ef5f4-dirty","extractor":"music 1.0"}},"rhythm":{"beats_count":403,"beats_loudness":{"dmean":0.0238520074636,"dmean2":0.04292742908,"dvar":0.00046142708743,"dvar2":0.00131993123796,"max":0.159158453345,"mean":0.0390762686729,"median":0.0356041975319,"min":0,"var":0.000654605100863},"beats_loudness_band_ratio":{"dmean":[0.250970840454,0.151848420501,0.163876980543,0.140280544758,0.0385060980916,0.018139699474],"dmean2":[0.441913962364,0.263019442558,0.298813581467,0.253506541252,0.0663384646177,0.0335592143238],"dvar":[0.0366545207798,0.0245345737785,0.0355648472905,0.0240666903555,0.00368423177861,0.00100