{"lowlevel":{"average_loudness":0.829664587975,"barkbands":{"dmean":[0.000015749996237,0.00030512799276,0.00115762348287,0.00121532124467,0.00221073930152,0.0015676607145,0.00114541337825,0.00137945031747,0.000802996160928,0.000707351427991,0.000390384462662,0.000176821660716,0.000147053156979,0.00018590244872,0.000233927450608,0.000153637229232,0.000116616065498,0.000101856559922,0.000060001075326,0.0000499686429976,0.0000343099600286,0.0000439692994405,0.0000553372083232,0.0000179350954568,0.00000940514109971,0.00000138923849136,2.43467582095e-7],"dmean2":[0.0000257379451796,0.000514741463121,0.00200401362963,0.00204434641637,0.00359326065518,0.002427916741,0.00177379162051,0.0021572962869,0.00123190216254,0.00104451761581,0.000583158573136,0.000255862774793,0.000219601162826,0.000276109669358,0.000353471405106,0.00022231064213,0.000173263033503,0.00014805480896,0.0000891696327017,0.0000728542727302,0.0000513122395205,0.000060217193095,0.0000780221162131,0.0000251071196544,0.0000134551719384,0.00000185797705399,3.30923768388e-7],"dvar":[3.27381677323e-10,3.34120471734e-7,0.00000544068234376,0.00000412124700233,0.0000108259746412,0.00000644444980935,0.00000435582796854,0.0000080285653894,0.00000532060630576,0.00000562150944461,0.00000176353364623,6.70583574447e-7,1.99321348759e-7,3.4568890328e-7,3.9994506551e-7,3.00430599509e-7,2.01216138862e-7,5.472436726e-8,1.17971872271e-8,7.25312210292e-9,2.84568857367e-9,3.07621306206e-8,1.33968654836e-7,3.09795678e-9,4.29123458989e-10,4.26999720304e-11,2.27829734245e-12],"dvar2":[8.24851242864e-10,8.92516766271e-7,0.0000167027465068,0.0000119536753118,0.0000297743499686,0.0000157091108122,0.0000100836887214,0.0000198206234927,0.0000127603516376,0.0000126630375235,0.00000405423043048,0.0000012101484117,4.56509724245e-7,7.81629864832e-7,9.19177523429e-7,5.51946243377e-7,3.97452168954e-7,1.12921263451e-7,2.54743071082e-8,1.48363925589e-8,6.46234132873e-9,5.03603381219e-8,2.2663806476e-7,4.92506257999e-9,7.78226594278e-10,6.56424359313e-11,3.44489172431e-12],"max":[0.000230942416238,0.00970746669918,0.0363253802061,0.0269389506429,0.0486117228866,0.0706650093198,0.0459852963686,0.0557587184012,0.0483426228166,0.0492556020617,0.0292423330247,0.0392375998199,0.0137062491849,0.0167364422232,0.0163570698351,0.0245585888624,0.0231122691184,0.00743442168459,0.00307137775235,0.00150900008157,0.00127853651065,0.0083003398031,0.0193683430552,0.00247906614095,0.000870578573085,0.000449718063464,0.0000629408677923],"mean":[0.0000197778590518,0.000503397779539,0.00197929400019,0.00205642194487,0.00449924031273,0.00338617246598,0.00211979378946,0.00209709140472,0.00126835459378,0.001080050366,0.000602987187449,0.000271325174253,0.000257526146015,0.00031258087256,0.000429561245255,0.000299832143355,0.000206470765988,0.000209241916309,0.000121982608107,0.0000964772189036,0.0000738361632102,0.0000875061741681,0.0000999790645437,0.0000376150892407,0.0000203213530767,0.00000287776833829,3.6945570514e-7],"median":[0.0000134434694701,0.000213325940422,0.00100440112874,0.00112899253145,0.00322444690391,0.0019221547991,0.00117071694694,0.000824343471322,0.000315399985993,0.000133520079544,0.0000666101186653,0.000033562144381,0.000036414799979,0.0000326394292642,0.000050513070164,0.0000345803673554,0.0000414788482885,0.0000426854094258,0.0000470661507279,0.0000364091174561,0.0000392091715185,0.0000339227808581,0.0000264481768681,0.0000166607369465,0.00000934428044275,8.97965151125e-7,2.21163389824e-8],"min":[3.8966898285e-23,8.06792581344e-24,1.13896818235e-23,3.95079874462e-23,4.59510656876e-23,4.20347436355e-23,6.38731650389e-23,1.84527881703e-23,5.60020497661e-23,3.42017114118e-23,6.30649360207e-23,4.90596194163e-23,9.16709067775e-23,1.08884930891e-22,1.37208861786e-22,1.72631796144e-22,2.25311750689e-22,1.73913272285e-22,3.92916041621e-22,2.49864484696e-22,7.07687042343e-22,3.00451218917e-22,6.02944691433e-22,7.4643967654e-22,9.80320703336e-22,1.76809189504e-21,2.40628677922e-21],"var":[4.13984208025e-10,6.70032989092e-7,0.00000803273815109,0.00000698918665876,0.0000209548325074,0.0000183822958206,0.00000890626779437,0.000014236889001,0.00000870955682331,0.0000116541305033,0.00000380827600566,0.00000141904820339,4.80323365082e-7,8.28374879802e-7,0.00000123650011119,9.73335659182e-7,4.83540986806e-7,1.90223843788e-7,3.735079801e-8,2.0341669682e-8,8.93870311103e-9,9.07969592845e-8,3.50338893895e-7,1.03102966165e-8,1.29405375304e-9,1.22068549713e-10,6.97240529202e-12]},"barkbands_crest":{"dmean":2.26315522194,"dmean2":3.63625669479,"dvar":4.39368391037,"dvar2":11.3714532852,"max":26.0724582672,"mean":9.90556240082,"median":9.2691526413,"min":2.65479516983,"var":12.4118328094},"barkbands_flatness_db":{"dmean":0.0216165222228,"dmean2":0.0302107166499,"dvar":0.000447029218776,"dvar2":0.000900290790014,"max":0.485203415155,"mean":0.173739299178,"median":0.163359537721,"min":0.0188139956445,"var":0.00293843750842},"barkbands_kurtosis":{"dmean":5.73395442963,"dmean2":8.74356269836,"dvar":918.973205566,"dvar2":2543.51000977,"max":1449.93847656,"mean":11.732916832,"median":7.47976112366,"min":-1.95695781708,"var":1472.77355957},"barkbands_skewness":{"dmean":0.589409649372,"dmean2":0.872531890869,"dvar":0.640657007694,"dvar2":1.55298399925,"max":31.0031089783,"mean":2.26682448387,"median":2.19853568077,"min":-1.89631569386,"var":2.73741269112},"barkbands_spread":{"dmean":3.83019948006,"dmean2":5.63012933731,"dvar":36.859703064,"dvar2":69.5408935547,"max":97.6625976562,"mean":12.9066171646,"median":10.6026039124,"min":0.194278553128,"var":116.339752197},"dissonance":{"dmean":0.0239862594754,"dmean2":0.0388276390731,"dvar":0.00054806045955,"dvar2":0.00137432198972,"max":0.500000059605,"mean":0.436593472958,"median":0.449757158756,"min":0.154948309064,"var":0.0021611887496},"dynamic_complexity":4.06496715546,"erbbands":{"dmean":[0.00315277720802,0.100065298378,1.03286206722,2.52043652534,5.59479188919,9.16853713989,9.07298088074,16.0239601135,17.0028896332,24.1961421967,23.862657547,18.2776069641,24.1033496857,13.5142831802,15.421754837,6.80355930328,6.24895191193,8.42440128326,12.3055610657,8.52087211609,6.68130493164,5.30195331573,5.77719020844,3.38893175125,2.91517829895,2.51698756218,1.52082753181,1.24199318886,1.3200558424,2.12936758995,1.44905877113,0.549334287643,0.246626585722,0.141479462385,0.0441732816398,0.00892615504563,0.00225710240193,0.000396358780563,0.0000497004511999,0.00000783613631938],"dmean2":[0.00503220548853,0.170312702656,1.79425549507,4.27356767654,9.33715248108,14.8728513718,15.0206012726,24.9278392792,26.1082935333,37.4698066711,37.6479263306,28.0510101318,35.669418335,18.993062973,22.9914722443,9.46321964264,9.06154632568,12.1369180679,18.3760948181,12.4654197693,9.27187633514,7.58973407745,8.30254745483,4.94943380356,4.33334875107,3.66497373581,2.26402711868,1.84573590755,1.78853344917,3.03215050697,2.06167387962,0.75041782856,0.350227177143,0.204030916095,0.0639255717397,0.012204727158,0.00303520867601,0.000524809351191,0.0000673152608215,0.0000114674003271],"dvar":[0.0000311187213811,0.0351557806134,4.39948606491,17.7092590332,106.669532776,183.853851318,215.032302856,764.092773438,929.183227539,2081.54296875,3220.15429688,2726.78588867,7283.09375,2270.80322266,2637.12744141,1214.28491211,356.061676025,639.018981934,1154.65551758,546.392578125,790.408813477,185.326660156,187.239624023,45.0027275085,25.8596591949,18.87150383,5.78985404968,4.27422952652,16.0954227448,179.551361084,89.7452545166,5.45408248901,0.366789877415,0.0912481173873,0.0117240929976,0.000805190938991,0.000189111116924,0.00000545254033568,9.96752547167e-8,1.59320015514e-10],"dvar2":[0.0000756370136514,0.0955541655421,13.4769420624,51.5638237,290.369140625,495.769104004,573.857666016,1867.07348633,2123.77050781,4940.45849609,8025.72167969,6679.72021484,17060.7929688,4399.66113281,6033.01123047,2153.96850586,823.600036621,1388.0369873,2635.61254883,1145.8972168,1341.96582031,346.14263916,377.971588135,96.2790756226,56.0212669373,39.1004447937,13.0139560699,9.71861362457,23.6034851074,328.829162598,148.205230713,8.0102853775,0.647617638111,0.167849361897,0.0221172627062,0.00140994798858,0.00026909034932,0.0000077291542766,1.5793719399e-7,2.98348290517e-10],"max":[0.126117572188,3.20071053505,34.5960083008,57.6235389709,185.231643677,193.687545776,304.642272949,841.262329102,716.471801758,1017.27355957,1149.28405762,1296.11877441,1942.13659668,1619.78088379,1217.42224121,1921.80285645,704.660400391,637.407226562,857.777648926,638.113464355,1671.62854004,636.332641602,480.470855713,172.53956604,133.945877075,76.970085144,42.7795753479,59.0876045227,162.292648315,764.050720215,468.729278564,115.369972229,27.8600330353,10.9626016617,4.36654233932,1.64635550976,0.90395116806,0.126284152269,0.0124802645296,0.00039539084537],"mean":[0.00507583562285,0.174002498388,1.76379680634,4.87185144424,9.44305801392,17.4157905579,17.6094055176,33.4765014648,35.1117630005,41.19556427,35.844203949,29.9944438934,36.4013938904,24.286157608,25.5713577271,11.7452354431,11.8962659836,15.4071102142,23.924571991,17.8939399719,13.9419574738,11.2042684555,12.3605566025,7.09579086304,6.09316205978,4.90127468109,3.25660610199,2.68342542648,2.78467226028,3.77300572395,2.61910152435,1.08255648613,0.52898567915,0.302391946316,0.0946812853217,0.0195105820894,0.00441209226847,0.000719279283658,0.0000829850177979,0.0000279577707261],"median":[0.00271010166034,0.0836683213711,0.897727251053,2.92873930931,6.01088142395,11.48051548,12.0558233261,17.5963344574,19.6530628204,20.2701454163,13.9408826828,8.05171012878,5.60817193985,3.34813642502,2.7456407547,1.67803144455,1.81869769096,1.99128985405,2.47696089745,2.38049244881,1.92829060555,2.45664310455,2.52439832687,2.10339593887,2.49682331085,1.90383791924,1.67316174507,1.4050924778,1.19278109074,1.08232045174,0.686858773232,0.39728063345,0.257370591164,0.143459498882,0.0413720048964,0.00770916510373,0.00107140524779,0.000119510557852,0.0000155268189701,0.0000216303105844],"min":[4.58503982008e-22,2.05459062579e-21,1.2586304268e-20,6.35175384144e-20,1.84119198642e-19,7.78691866657e-20,3.52997672046e-19,3.54262276106e-19,1.09084805172e-18,2.52780113793e-19,6.73045017981e-19,1.3727031246e-18,1.23334138936e-18,1.40276111031e-18,2.90596758957e-18,1.72754727057e-18,4.4297023135e-18,5.28836624735e-18,5.3870116713e-18,1.00808484708e-17,9.25984193436e-18,1.32389363684e-17,9.59714799019e-18,1.50026574879e-17,1.7260493292e-17,1.24977519339e-17,2.68449242075e-17,2.41121246044e-17,1.3221050242e-17,1.4855382943e-17,1.6518262474e-17,1.35865639839e-17,1.3996723145e-17,8.76063512596e-18,7.06619865454e-18,6.43157328088e-18,3.62793434373e-18,1.33852588285e-18,3.11556181851e-19,3.65729732969e-20],"var":[0.0000471711791761,0.0683340579271,6.08075332642,32.7046966553,142.511322021,370.141387939,398.849456787,2050.27416992,2285.41479492,3964.15478516,5284.49511719,4725.33447266,12848.2919922,7244.95849609,6567.42431641,2337.95019531,909.927001953,1718.54418945,3751.77832031,2065.48632812,2594.64550781,776.972900391,660.444580078,161.933441162,82.7270355225,51.7199707031,16.9924659729,13.1677341461,59.4185028076,417.89175415,242.236053467,17.8857822418,1.10919296741,0.269592195749,0.034850731492,0.0022242362611,0.000534146674909,0.0000173566113517,2.84116254079e-7,7.01533109382e-10]},"erbbands_crest":{"dmean":2.70911931992,"dmean2":4.28005361557,"dvar":6.32356548309,"dvar2":15.2889328003,"max":28.3888473511,"mean":10.5726928711,"median":9.65167236328,"min":2.55369353294,"var":19.7124729156},"erbbands_flatness_db":{"dmean":0.0179096404463,"dmean2":0.0250683184713,"dvar":0.000312850665068,"dvar2":0.000630694965366,"max":0.376619458199,"mean":0.184852808714,"median":0.17949911952,"min":0.0388880856335,"var":0.0020909961313},"erbbands_kurtosis":{"dmean":2.08749389648,"dmean2":3.00390768051,"dvar":9.53921127319,"dvar2":17.9719314575,"max":119.99571228,"mean":3.33695316315,"median":1.22107410431,"min":-1.92798423767,"var":38.7561035156},"erbbands_skewness":{"dmean":0.449983119965,"dmean2":0.656201064587,"dvar":0.196086317301,"dvar2":0.398477584124,"max":8.23859405518,"mean":1.26659727097,"median":1.19902312756,"min":-3.85578203201,"var":1.14239728451},"erbbands_spread":{"dmean":8.94585609436,"dmean2":12.8892965317,"dvar":121.856964111,"dvar2":245.87651062,"max":157.793121338,"mean":35.4310417175,"median":30.6929912567,"min":1.22339010239,"var":526.420043945},"gfcc":{"cov":[[8512.9765625,-466.608917236,-1770.73388672,-309.05682373,-130.878479004,60.9352874756,-311.599487305,-5.86085653305,-276.910308838,-264.880432129,-223.96572876,-11.7915534973,-38.1385421753],[-466.608917236,869.770629883,-138.499603271,-181.057098389,118.270950317,-226.653594971,90.5398101807,-75.2042999268,47.5163192749,-71.8951644897,102.904998779,-111.285133362,24.3748092651],[-1770.73388672,-138.499603271,1065.33459473,285.37991333,-194.269500732,68.6041488647,17.1096000671,22.6365642548,77.2236938477,115.112991333,11.2020931244,23.3678722382,-28.5521316528],[-309.05682373,-181.057098389,285.37991333,314.591674805,-25.9310626984,-22.7355461121,-35.7283744812,28.8562316895,27.7503662109,44.041267395,-17.1248683929,13.7042770386,0.133686125278],[-130.878479004,118.270950317,-194.269500732,-25.9310626984,230.110183716,-4.40349054337,10.9773082733,-2.62047791481,16.9786243439,-32.7471389771,4.1871380806,0.10151746124,14.6674757004],[60.9352874756,-226.653594971,68.6041488647,-22.7355461121,-4.40349054337,287.240478516,49.2296600342,27.7939395905,-48.0715408325,29.2226867676,-29.5410442352,35.5762252808,-11.9222011566],[-311.599487305,90.5398101807,17.1096000671,-35.7283744812,10.9773082733,49.2296600342,159.782470703,22.4450378418,-12.0258607864,-1.17001581192,32.67137146,-6.27453613281,-18.4637889862],[-5.86085653305,-75.2042999268,22.6365642548,28.8562316895,-2.62047791481,27.7939395905,22.4450378418,116.551208496,36.8322601318,13.0671901703,-18.5840034485,12.7098016739,-3.8773329258],[-276.910308838,47.5163192749,77.2236938477,27.7503662109,16.9786243439,-48.0715408325,-12.0258607864,36.8322601318,114.919082642,35.7240600586,-0.336840540171,-12.2072725296,-6.29145145416],[-264.880432129,-71.8951644897,115.112991333,44.041267395,-32.7471389771,29.2226867676,-1.17001581192,13.0671901703,35.7240600586,103.696388245,30.3582992554,5.62581443787,-5.33362436295],[-223.96572876,102.904998779,11.2020931244,-17.1248683929,4.1871380806,-29.5410442352,32.67137146,-18.5840034485,-0.336840540171,30.3582992554,89.5886917114,16.8044223785,-8.52542877197],[-11.7915534973,-111.285133362,23.3678722382,13.7042770386,0.10151746124,35.5762252808,-6.27453613281,12.7098016739,-12.2072725296,5.62581443787,16.8044223785,81.8284606934,21.6597118378],[-38.1385421753,24.3748092651,-28.5521316528,0.133686125278,14.6674757004,-11.9222011566,-18.4637889862,-3.8773329258,-6.29145145416,-5.33362436295,-8.52542877197,21.6597118378,73.3743362427]],"icov":[[0.000309411960188,-0.000166625410202,0.000720581272617,-0.000337053585099,0.000768381054513,-0.000349904206814,0.000590748793911,-0.000104926686618,0.000170405241079,0.00023460353259,0.000472407671623,-0.000372066220734,0.00062623625854],[-0.000166625410202,0.0046965405345,-0.00124502251856,0.00227706856094,-0.00199346407317,0.00181846285705,-0.00184830545913,0.000749173632357,-0.00222124834545,0.00414292700589,-0.00693988194689,0.00735300546512,-0.00473319273442],[0.000720581272617,-0.00124502251856,0.00366998161189,-0.00277663767338,0.00361235043965,-0.00196277559735,0.00108068715781,0.000547016039491,-0.00101822661236,-0.000233442551689,0.00190491450485,-0.00246859109029,0.00232688896358],[-0.000337053585099,0.00227706856094,-0.00277663767338,0.00653110817075,-0.00292030628771,0.00289528165013,-0.000585028959904,-0.000975742645096,0.000829030061141,-0.000783687282819,-0.00116595788859,0.00255711865611,-0.00204477761872],[0.000768381054513,-0.00199346407317,0.00361235043965,-0.00292030628771,0.00876727513969,-0.00305653479882,0.00145402457565,0.000591922667809,-0.00254224403761,0.0021032623481,0.0013768238714,-0.00303871207871,0.00161245302297],[-0.000349904206814,0.00181846285705,-0.00196277559735,0.00289528165013,-0.00305653479882,0.00772749586031,-0.00336934579536,-0.000561137218028,0.00367961334996,-0.00393419759348,0.00315981800668,-0.000882428954355,0.0000912353643798],[0.000590748793911,-0.00184830545913,0.00108068715781,-0.000585028959904,0.00145402457565,-0.00336934579536,0.0107219247147,-0.00360768358223,0.0019509944832,0.00153484102339,-0.00275465543382,0.000185815646546,0.00291587389074],[-0.000104926686618,0.000749173632357,0.000547016039491,-0.000975742645096,0.000591922667809,-0.000561137218028,-0.00360768358223,0.0125112775713,-0.00567130791023,0.0000723996054148,0.0027187501546,-0.00237252400257,-0.00000974224712991],[0.000170405241079,-0.00222124834545,-0.00101822661236,0.000829030061141,-0.00254224403761,0.00367961334996,0.0019509944832,-0.00567130791023,0.017195161432,-0.00895828939974,0.00670641614124,-0.00269854767248,0.00412509264424],[0.00023460353259,0.00414292700589,-0.000233442551689,-0.000783687282819,0.0021032623481,-0.00393419759348,0.00153484102339,0.0000723996054148,-0.00895828939974,0.0225095525384,-0.016275420785,0.00970034860075,-0.00589981628582],[0.000472407671623,-0.00693988194689,0.00190491450485,-0.00116595788859,0.0013768238714,0.00315981800668,-0.00275465543382,0.0027187501546,0.00670641614124,-0.016275420785,0.0327307023108,-0.0194879807532,0.0119307581335],[-0.000372066220734,0.00735300546512,-0.00246859109029,0.00255711865611,-0.00303871207871,-0.000882428954355,0.000185815646546,-0.00237252400257,-0.00269854767248,0.00970034860075,-0.0194879807532,0.0298001822084,-0.0138033078983],[0.00062623625854,-0.00473319273442,0.00232688896358,-0.00204477761872,0.00161245302297,0.0000912353643798,0.00291587389074,-0.00000974224712991,0.00412509264424,-0.00589981628582,0.0119307581335,-0.0138033078983,0.0222472716123]],"mean":[-48.2404022217,115.030654907,-107.295158386,36.4363822937,-84.7510681152,-2.56543159485,-49.3013496399,0.0335499532521,-20.9174423218,-5.05924654007,-15.9040060043,-11.6297950745,-10.5803604126]},"hfc":{"dmean":3.74937939644,"dmean2":4.91531705856,"dvar":34.2826347351,"dvar2":55.0597038269,"max":190.702926636,"mean":13.9707202911,"median":8.40235328674,"min":1.16228378715e-16,"var":224.713409424},"melbands":{"dmean":[0.0000532311933057,0.000395921932068,0.000521580514032,0.000463181349915,0.000352847593604,0.000339651247486,0.000252404017374,0.000283559929812,0.000182592179044,0.000114702059363,0.000121161348943,0.0000569964577153,0.0000534209284524,0.000025071307391,0.0000169332724909,0.0000140267075039,0.0000172284871951,0.0000202257433557,0.0000157060203492,0.0000120561835502,0.00000813637689134,0.00000582271968597,0.00000611926452621,0.00000487573970531,0.00000281421966974,0.00000255807185567,0.00000184512089163,0.00000182380495062,0.00000107934124571,9.94736410576e-7,6.88301497576e-7,7.51897403006e-7,0.00000103699244391,0.0000013332061144,9.69050574895e-7,5.58786950933e-7,2.84324244149e-7,1.87158320841e-7,1.5881772697e-7,1.15563672409e-7],"dmean2":[0.0000883997417986,0.000685724604409,0.000872953503858,0.000758320617024,0.00057923712302,0.000527040509041,0.000386477622669,0.000438999792095,0.000288080074824,0.000174894201336,0.0001794645068,0.0000797217944637,0.000079610326793,0.0000361988604709,0.0000253287507803,0.0000206333970709,0.0000251360143011,0.0000303568504023,0.0000238390985032,0.000017775584638,0.0000114311542347,0.00000842464669404,0.00000898471535038,0.00000717333887224,0.00000427285613114,0.0000038854595914,0.00000276628088614,0.00000271865678769,0.00000164539835623,0.00000157063095685,0.00000103082618352,0.00000107710559405,0.00000145548904129,0.00000195158418137,0.0000014067451275,7.7973624002e-7,4.11628718666e-7,2.7659581292e-7,2.3808685512e-7,1.69518756366e-7],"dvar":[9.60128865302e-9,6.15326769093e-7,6.95405788065e-7,5.39476957329e-7,2.75309929521e-7,3.23176948314e-7,1.99184299277e-7,2.85573378278e-7,2.01828427748e-7,1.02999408114e-7,1.81990984061e-7,4.34766995738e-8,3.40813954836e-8,9.71520375259e-9,5.38935518435e-9,1.70260738841e-9,2.9922861966e-9,3.45167583404e-9,1.95579241691e-9,1.47167322773e-9,1.55901280774e-9,3.78308578908e-10,1.66441860294e-10,1.69991451471e-10,3.30578620034e-11,2.16190503e-11,1.10735240422e-11,1.05651190921e-11,3.51815907136e-12,2.71623695758e-12,1.45922466818e-12,3.64787410348e-12,2.31799891781e-11,9.07244904202e-11,4.41640092552e-11,9.63781745383e-12,1.02039470623e-12,2.54151409119e-13,9.34405886542e-14,7.5195207591e-14],"dvar2":[2.47519924557e-8,0.00000185793226137,0.00000197035956262,0.0000014899933376,7.3940719858e-7,7.85096574418e-7,4.52709031151e-7,6.86234557179e-7,5.084575605e-7,2.49560514476e-7,4.24396631615e-7,8.20589320938e-8,7.84811433618e-8,1.72071814575e-8,1.18357679213e-8,3.6537681769e-9,6.59247811896e-9,8.07915334633e-9,4.63744687096e-9,3.07393355214e-9,2.62576960175e-9,6.86375289938e-10,3.64107105577e-10,3.78365228038e-10,7.47187728356e-11,4.82788080347e-11,2.35570885715e-11,2.28824997145e-11,8.38481801352e-12,6.65377171763e-12,3.49187974542e-12,6.56454795037e-12,3.86581808232e-11,1.83507736784e-10,8.13125261567e-11,1.53070264797e-11,1.61625422247e-12,4.53061064143e-13,2.1120628304e-13,1.35243866887e-13],"max":[0.00193016906269,0.0132580054924,0.0121475532651,0.011461420916,0.00879130139947,0.016887402162,0.0105321612209,0.0110598439351,0.00783991347998,0.00820529460907,0.00943059194833,0.00700926873833,0.00457200221717,0.00410959962755,0.00306364404969,0.00107001257129,0.00135556608438,0.00145685533062,0.0010884081712,0.00103247608058,0.00209313584492,0.00101674825419,0.000269624404609,0.00048011841136,0.000149235449499,0.000125202073832,0.0000706207283656,0.0000538110652997,0.0000384139384551,0.0000411173314205,0.0000363485996786,0.0000816324609332,0.000200230075279,0.000589368690271,0.000354939227691,0.000169158927747,0.0000487784709549,0.0000257311603491,0.00000670451254337,0.0000118467087304],"mean":[0.0000890254668775,0.000696537375916,0.00101576012094,0.000926585809793,0.00071571173612,0.000719907984603,0.000516316737048,0.00046646114788,0.000271140248515,0.000182987801963,0.000178275789949,0.000096777890576,0.0000847639748827,0.0000405567225243,0.0000270102755167,0.0000249340246228,0.0000286315917037,0.0000369070257875,0.0000294257424684,0.0000227501641348,0.0000152285065269,0.0000110754162961,0.0000122772853501,0.00000951030233409,0.00000519778177477,0.00000486025237478,0.00000350069240085,0.00000326098006553,0.00000205918081519,0.00000185824137588,0.00000141258465192,0.0000014779261619,0.00000188129229173,0.00000218347031478,0.00000163129868724,9.89170189314e-7,5.41091651485e-7,3.71110957076e-7,3.21899136679e-7,2.32193499983e-7],"median":[0.0000406448780268,0.000361430866178,0.000657700642478,0.000660215213429,0.000510873098392,0.000388424610719,0.000292474287562,0.000213187609916,0.0000976983938017,0.0000447489655926,0.0000242881578743,0.0000121363318613,0.00000892141451914,0.00000510710242452,0.00000395262395614,0.00000352034908246,0.0000033414421523,0.00000356805367119,0.00000343997066921,0.00000271741828328,0.00000197060558094,0.00000223353049478,0.00000275746469924,0.00000176108619598,0.00000144062096297,0.00000187523278328,0.0000013543813111,0.00000112682880626,9.06134971501e-7,9.65036520029e-7,6.8178252377e-7,6.42862687528e-7,6.09895437265e-7,5.78202389079e-7,3.98081624553e-7,3.00635036865e-7,2.12220726326e-7,1.76632042326e-7,1.6066742603e-7,1.04325316386e-7],"min":[6.30922629513e-24,4.5017779339e-24,1.62787395804e-23,9.25022951741e-24,1.00662453816e-23,9.02425636681e-24,1.46783900837e-23,1.98275080653e-24,6.73862024635e-24,8.045639704e-24,6.02664093609e-24,5.40928391369e-24,1.03032097312e-23,6.02576056732e-24,5.70725600469e-24,9.77976265524e-24,9.74069905207e-24,7.55955939142e-24,1.29625608169e-23,1.28879929509e-23,1.0068585143e-23,1.43785156546e-23,7.54302407799e-24,1.01702858798e-23,1.18842778896e-23,1.76165751004e-23,7.9132065241e-24,7.76274866136e-24,1.63678351087e-23,1.20224965754e-23,1.51907126432e-23,7.56283553076e-24,5.50942862232e-24,9.99459077897e-24,9.92340002658e-24,9.20233856072e-24,7.72641215035e-24,1.00234701879e-23,9.37882883332e-24,6.61132807297e-24],"var":[1.78239112358e-8,9.09480434075e-7,0.00000123435381738,9.58960640673e-7,5.56928000606e-7,8.97953839285e-7,4.80261917346e-7,5.46071760255e-7,3.07238167352e-7,1.77025683001e-7,3.19701484841e-7,1.40139718496e-7,7.48240509552e-8,2.30256471667e-8,8.99826702039e-9,4.58737270392e-9,7.0635586269e-9,9.59429957703e-9,6.02411498463e-9,5.05514963223e-9,4.77718176128e-9,1.23621746173e-9,5.58567581077e-10,4.70011307652e-10,9.66622684673e-11,6.01557484381e-11,3.057113937e-11,2.53688077489e-11,8.34285505263e-12,6.16897548669e-12,4.07517552689e-12,1.16595084282e-11,6.80357714611e-11,1.71790429104e-10,1.0300783837e-10,2.64592722732e-11,3.29264523632e-12,7.13243049691e-13,2.11625950596e-13,2.11235461631e-13]},"melbands_crest":{"dmean":2.73752140999,"dmean2":4.48248052597,"dvar":6.7877573967,"dvar2":18.1311855316,"max":39.7271118164,"mean":12.5539617538,"median":11.702583313,"min":1.8163138628,"var":20.2356472015},"melbands_flatness_db":{"dmean":0.0250647533685,"dmean2":0.0344092175364,"dvar":0.00060065445723,"dvar2":0.00114175432827,"max":0.53191190958,"mean":0.237859070301,"median":0.22806109488,"min":0.00538570526987,"var":0.00427947612479},"melbands_kurtosis":{"dmean":11.8759717941,"dmean2":18.2672767639,"dvar":6833.58886719,"dvar2":18658.40625,"max":4161.4140625,"mean":24.912733078,"median":14.6810474396,"min":-1.38675832748,"var":11872.7373047},"melbands_skewness":{"dmean":0.757883489132,"dmean2":1.1328445673,"dvar":1.71588885784,"dvar2":4.40555667877,"max":55.7056045532,"mean":2.90655469894,"median":2.67823410034,"min":-0.723932504654,"var":6.44869279861},"melbands_spread":{"dmean":3.79355978966,"dmean2":5.58418703079,"dvar":44.9372825623,"dvar2":92.2311935425,"max":199.989105225,"mean":13.0202674866,"median":9.621301651,"min":0.140347063541,"var":129.645767212},"mfcc":{"cov":[[8917.94433594,-443.992462158,-1702.98120117,-536.206298828,-165.123336792,-164.150970459,-104.129753113,80.4999542236,-118.23626709,-154.305465698,-259.628265381,-208.941925049,-136.345352173],[-443.992462158,930.797973633,-249.439590454,-4.21308374405,-57.3413314819,-100.10118866,4.61799955368,-41.4618606567,-61.4309997559,-5.75300168991,24.2044811249,14.4714136124,-31.1528263092],[-1702.98120117,-249.439590454,1114.26196289,176.913772583,-18.0344753265,79.2788391113,-22.8823623657,-34.0284461975,48.4396934509,31.9188671112,66.3671569824,63.0010795593,57.6793899536],[-536.206298828,-4.21308374405,176.913772583,337.47467041,52.438709259,-67.3209075928,-64.3331375122,-33.9953269958,10.7311964035,14.8991298676,-4.93326616287,36.3258094788,35.5664253235],[-165.123336792,-57.3413314819,-18.0344753265,52.438709259,174.812469482,26.076084137,-42.2841186523,6.93306207657,27.6050434113,12.803191185,-8.89549541473,-14.0969781876,2.65148162842],[-164.150970459,-100.10118866,79.2788391113,-67.3209075928,26.076084137,160.459396362,71.8697814941,10.0158824921,1.82852888107,3.03603887558,16.2711811066,-4.6251373291,-7.31285429001],[-104.129753113,4.61799955368,-22.8823623657,-64.3331375122,-42.2841186523,71.8697814941,168.132476807,46.5255584717,-6.06024026871,-14.4580764771,17.7204799652,17.205286026,-6.06277275085],[80.4999542236,-41.4618606567,-34.0284461975,-33.9953269958,6.93306207657,10.0158824921,46.5255584717,121.319953918,28.6233921051,-2.68903183937,1.29364061356,-6.33629274368,8.2918510437],[-118.23626709,-61.4309997559,48.4396934509,10.7311964035,27.6050434113,1.82852888107,-6.06024026871,28.6233921051,108.57724762,36.1556816101,-3.21569108963,-3.3347196579,3.93263959885],[-154.305465698,-5.75300168991,31.9188671112,14.8991298676,12.803191185,3.03603887558,-14.4580764771,-2.68903183937,36.1556816101,83.5510864258,36.330368042,-1.46877360344,-2.7173511982],[-259.628265381,24.2044811249,66.3671569824,-4.93326616287,-8.89549541473,16.2711811066,17.7204799652,1.29364061356,-3.21569108963,36.330368042,97.5890884399,47.2273406982,-0.0790476724505],[-208.941925049,14.4714136124,63.0010795593,36.3258094788,-14.0969781876,-4.6251373291,17.205286026,-6.33629274368,-3.3347196579,-1.46877360344,47.2273406982,96.3746337891,35.6170349121],[-136.345352173,-31.1528263092,57.6793899536,35.5664253235,2.65148162842,-7.31285429001,-6.06277275085,8.2918510437,3.93263959885,-2.7173511982,-0.0790476724505,35.6170349121,68.10181427]],"icov":[[0.000224160234211,0.000228490971494,0.000334749376634,0.000173509091837,0.000321957602864,0.0000602727413934,0.000338448939146,-0.000139374649734,0.000146596546983,0.0000891054951353,0.000294075784041,-0.0000861849985085,0.000260717584752],[0.000228490971494,0.00155333674047,0.000579614425078,0.00014099063992,0.000444271485321,0.000948484463152,-0.0000605422537774,0.000302325177472,0.000603086140472,0.0000109039465315,-0.000167947480804,-0.000187537967577,0.000709329266101],[0.000334749376634,0.000579614425078,0.00182542111725,-0.000624870648608,0.00131802482065,-0.00109828601126,0.00105668453034,0.000114329610369,-0.000571311917156,0.000659519108012,-0.000749216647819,0.000141007418279,-0.000388786749681],[0.000173509091837,0.00014099063992,-0.000624870648608,0.00471998052672,-0.00174780189991,0.00254131504335,0.0000118059424494,0.000666282896418,0.000743363751099,-0.00127554254141,0.00192000460811,-0.00191088567954,-0.000355254713213],[0.000321957602864,0.000444271485321,0.00131802482065,-0.00174780189991,0.00861223228276,-0.00374851096421,0.0038025691174,-0.00142389931716,-0.00153536058497,0.000584226916544,-0.0000923733168747,0.000670540262945,0.00017953904171],[0.0000602727413934,0.000948484463152,-0.00109828601126,0.00254131504335,-0.00374851096421,0.0116609511897,-0.00570181105286,0.00194971635938,0.00100698065944,-0.000680150231346,-0.000831371813547,0.00132626178674,0.0000307734335365],[0.000338448939146,-0.0000605422537774,0.00105668453034,0.0000118059424494,0.0038025691174,-0.00570181105286,0.0113727580756,-0.00434962240979,0.00012484715262,0.00147868588101,0.00034998866613,-0.00290818954818,0.0021036863327],[-0.000139374649734,0.000302325177472,0.000114329610369,0.000666282896418,-0.00142389931716,0.00194971635938,-0.00434962240979,0.0116033498198,-0.00362882832997,0.00212830933742,-0.00286667887121,0.00339533155784,-0.00360535411164],[0.000146596546983,0.000603086140472,-0.000571311917156,0.000743363751099,-0.00153536058497,0.00100698065944,0.00012484715262,-0.00362882832997,0.0137847661972,-0.00767111731693,0.00508689600974,-0.0028751003556,0.00169335061219],[0.0000891054951353,0.0000109039465315,0.000659519108012,-0.00127554254141,0.000584226916544,-0.000680150231346,0.00147868588101,0.00212830933742,-0.00767111731693,0.0208179783076,-0.0116879483685,0.00676649622619,-0.00221109972335],[0.000294075784041,-0.000167947480804,-0.000749216647819,0.00192000460811,-0.0000923733168747,-0.000831371813547,0.00034998866613,-0.00286667887121,0.00508689600974,-0.0116879483685,0.0228994954377,-0.013623310253,0.00682969391346],[-0.0000861849985085,-0.000187537967577,0.000141007418279,-0.00191088567954,0.000670540262945,0.00132626178674,-0.00290818954818,0.00339533155784,-0.0028751003556,0.00676649622619,-0.013623310253,0.0226229093969,-0.0113472994417],[0.000260717584752,0.000709329266101,-0.000388786749681,-0.000355254713213,0.00017953904171,0.0000307734335365,0.0021036863327,-0.00360535411164,0.00169335061219,-0.00221109972335,0.00682969391346,-0.0113472994417,0.022424262017]],"mean":[-686.765686035,132.800933838,24.6404418945,27.2639980316,-7.37834787369,-7.4108505249,-16.8522338867,-7.27126216888,-7.58170080185,-1.1546434164,-3.12772583961,-5.90426301956,-5.35859584808]},"pitch_salience":{"dmean":0.0668230801821,"dmean2":0.108615636826,"dvar":0.00352733558975,"dvar2":0.00903722085059,"max":0.970860183239,"mean":0.625850379467,"median":0.632884085178,"min":0.029360473156,"var":0.0112720085308},"silence_rate_20dB":{"dmean":0,"dmean2":0,"dvar":0,"dvar2":0,"max":1,"mean":1,"median":1,"min":1,"var":0},"silence_rate_30dB":{"dmean":0.000511116813868,"dmean2":0.00102236424573,"dvar":0.000510852609295,"dvar2":0.00127689831425,"max":1,"mean":0.999616682529,"median":1,"min":0,"var":0.000383150530979},"silence_rate_60dB":{"dmean":0.0235113725066,"dmean2":0.0470287539065,"dvar":0.0229554846883,"dvar2":0.0494094379246,"max":1,"mean":0.0974830687046,"median":0,"min":0,"var":0.0879768654704},"spectral_centroid":{"dmean":167.985671997,"dmean2":244.504394531,"dvar":61873.890625,"dvar2":115884.640625,"max":10954.8632812,"mean":809.886413574,"median":712.658325195,"min":191.814529419,"var":191629.328125},"spectral_complexity":{"dmean":2.53948378563,"dmean2":3.65571880341,"dvar":9.99430465698,"dvar2":17.5634365082,"max":51,"mean":13.1671142578,"median":11,"min":0,"var":67.8790359497},"spectral_contrast_coeffs":{"dmean":[0.0489725247025,0.0461937375367,0.0381031781435,0.0294566694647,0.020703073591,0.0153625654057],"dmean2":[0.0817975699902,0.0749074593186,0.0600182637572,0.0462340638041,0.0322185382247,0.0242969822139],"dvar":[0.0016980941873,0.00152708648238,0.000995924579911,0.000614750722889,0.000297063204926,0.000186055418453],"dvar2":[0.00463726744056,0.00401060888544,0.00232042535208,0.00142144144047,0.000643762177788,0.000417223782279],"max":[-0.29391053319,-0.3768889606,-0.4665119946,-0.539723932743,-0.599298417568,-0.647575199604],"mean":[-0.548411548138,-0.703657448292,-0.751833438873,-0.783642053604,-0.804912090302,-0.776043832302],"median":[-0.54442179203,-0.707653224468,-0.766740560532,-0.796279072762,-0.810579955578,-0.776308715343],"min":[-0.968839764595,-0.986578822136,-0.983883261681,-0.966171562672,-0.962049782276,-0.957764744759],"var":[0.00769041245803,0.00591736659408,0.00609063217416,0.00419405382127,0.00188001443166,0.00107885850593]},"spectral_contrast_valleys":{"dmean":[0.439195662737,0.384945213795,0.366373121738,0.340096533298,0.308308005333,0.279522240162],"dmean2":[0.726719856262,0.597833991051,0.549072146416,0.481685608625,0.38769441843,0.346164315939],"dvar":[0.182686135173,0.184859395027,0.172630906105,0.15316824615,0.130993679166,0.149517431855],"dvar2":[0.396655738354,0.356588155031,0.305147707462,0.248797789216,0.183873847127,0.226089179516],"max":[-5.81572723389,-4.37282943726,-5.1145401001,-5.87887001038,-5.97010087967,-8.07596492767],"mean":[-7.87973642349,-6.58908653259,-7.9693145752,-8.48560523987,-8.17213535309,-10.4690608978],"median":[-7.76916503906,-6.34765052795,-7.76968336105,-8.32972145081,-7.99867010117,-10.2498474121],"min":[-27.0776576996,-27.7138309479,-27.4266548157,-27.3805389404,-27.2661972046,-27.3145141602],"var":[0.768025040627,1.21686673164,1.36479902267,1.34541618824,1.19958043098,1.01775693893]},"spectral_decrease":{"dmean":1.5156330635e-9,"dmean2":2.30293384362e-9,"dvar":4.0304999868e-18,"dvar2":9.19590087301e-18,"max":4.4505183601e-29,"mean":-5.53037926565e-9,"median":-4.5535304416e-9,"min":-2.99666496062e-8,"var":1.89630228985e-17},"spectral_energy":{"dmean":0.00598934851587,"dmean2":0.00903314910829,"dvar":0.0000628537891316,"dvar2":0.000141174517921,"max":0.116437211633,"mean":0.0221401415765,"median":0.0179630611092,"min":1.03742811384e-20,"var":0.000308213959215},"spectral_energyband_high":{"dmean":0.00015577240265,"dmean2":0.000202376482775,"dvar":2.89927584163e-7,"dvar2":4.02822280421e-7,"max":0.0267624873668,"mean":0.000374995783204,"median":0.000172615516931,"min":7.50333998839e-21,"var":0.00000104911134713},"spectral_energyband_low":{"dmean":0.00168644357473,"dmean2":0.00290778046474,"dvar":0.00000878054652276,"dvar2":0.0000259531880147,"max":0.0450476519763,"mean":0.00334535352886,"median":0.00207792967558,"min":5.0662594242e-23,"var":0.0000146840447997},"spectral_energyband_middle_high":{"dmean":0.0012188393157,"dmean2":0.00159074773546,"dvar":0.0000062811159296,"dvar2":0.0000110082846732,"max":0.0504897795618,"mean":0.00351444259286,"median":0.000752280233428,"min":1.54691680471e-21,"var":0.0000402017503802},"spectral_energyband_middle_low":{"dmean":0.00516951782629,"dmean2":0.00791436806321,"dvar":0.000047796900617,"dvar2":0.000113385292934,"max":0.108028516173,"mean":0.0159397125244,"median":0.0134689472616,"min":2.72987424088e-22,"var":0.000164986078744},"spectral_entropy":{"dmean":0.202006131411,"dmean2":0.269484132528,"dvar":0.0469398982823,"dvar2":0.0852685496211,"max":9.8004026413,"mean":7.19358253479,"median":7.30175495148,"min":4.97832918167,"var":0.28500777483},"spectral_flux":{"dmean":0.0186765957624,"dmean2":0.0278937015682,"dvar":0.000402105069952,"dvar2":0.000800397247076,"max":0.245793834329,"mean":0.0673420280218,"median":0.0589567571878,"min":1.01854212564e-10,"var":0.00195609033108},"spectral_kurtosis":{"dmean":1.79572510719,"dmean2":2.82037425041,"dvar":6.02067232132,"dvar2":14.1899909973,"max":33.920135498,"mean":4.59745073318,"median":3.61916971207,"min":-1.19310379028,"var":15.9929609299},"spectral_rms":{"dmean":0.000600369414315,"dmean2":0.00088401947869,"dvar":4.45498159252e-7,"dvar2":9.40652171266e-7,"max":0.0106582026929,"mean":0.00423802062869,"median":0.00418627960607,"min":3.18139113144e-12,"var":0.00000363928370462},"spectral_rolloff":{"dmean":258.099639893,"dmean2":441.823822021,"dvar":591829.75,"dvar2":1168707.125,"max":18863.0859375,"mean":872.744018555,"median":538.330078125,"min":21.533203125,"var":1030295.6875},"spectral_skewness":{"dmean":0.262144684792,"dmean2":0.380042016506,"dvar":0.0880963131785,"dvar2":0.181963503361,"max":4.74102401733,"mean":1.68423569202,"median":1.59291303158,"min":-0.0274410024285,"var":0.35702162981},"spectral_spread":{"dmean":508599.375,"dmean2":697220.625,"dvar":571197292544,"dvar2":968486944768,"max":40619928,"mean":4636839.5,"median":4327558.5,"min":1498770.125,"var":2591665946620},"spectral_strongpeak":{"dmean":0.452490001917,"dmean2":0.746253967285,"dvar":0.468938320875,"dvar2":1.168446064,"max":12.2832307816,"mean":0.938592910767,"median":0.593908548355,"min":0,"var":1.04748296738},"zerocrossingrate":{"dmean":0.00767792016268,"dmean2":0.00885501969606,"dvar":0.000150050618686,"dvar2":0.00016185597633,"max":0.51513671875,"mean":0.0430448576808,"median":0.0400390625,"min":0.00048828125,"var":0.000632676063105}},"metadata":{"audio_properties":{"analysis_sample_rate":44100,"bit_rate":175952,"codec":"mp3","downmix":"mix","equal_loudness":0,"length":181.707748413,"lossless":false,"md5_encoded":"247f4f78b3b0a19d6f456cb36e700408","replay_gain":-8.60524368286,"sample_rate":44100},"tags":{"acoustid_id":["892070c6-effc-4cdb-9cf8-734df1068e6c"],"album":["The Great Lost Kinks Album / The Album That Never Was"],"albumartist":["The Kinks"],"albumartistsort":["Kinks, The"],"artist":["The Kinks"],"artistsort":["Kinks, The"],"bpm":["135"],"composer":["Raymond Douglas Davies"],"date":["1997"],"discnumber":["1/1"],"file_name":"06 Misty Water.mp3","genre":["British Invasion Rock"],"initialkey":["8B"],"language":["eng"],"mood":["calm, very content"],"musicbrainz album release country":["GB"],"musicbrainz album status":["bootleg"],"musicbrainz album type":["album"],"musicbrainz_albumartistid":["17b53d9f-5c63-4a09-a593-dde4608e0db9"],"musicbrainz_albumid":["5cd17d2c-3fca-42cf-b725-b44f849ebb85"],"musicbrainz_artistid":["17b53d9f-5c63-4a09-a593-dde4608e0db9"],"musicbrainz_recordingid":["c628cb4a-74ee-4954-96d7-4f327eb2b1a6"],"musicbrainz_releasegroupid":["c44a0e56-94c1-3a8d-88fa-c552a06d234a"],"originaldate":["1997"],"originalyear":["1997"],"script":["Latn"],"title":["Misty Water"],"tracknumber":["6/25"]},"version":{"essentia":"2.1-beta2","essentia_build_sha":"cead25079874084f62182a551b7393616cd33d87","essentia_git_sha":"v2.1_beta2-1-ge3940c0","extractor":"music 1.0"}},"rhythm":{"beats_count":407,"beats_loudness":{"dmean":0.0116208679974,"dmean2":0.0203811526299,"dvar":0.000101276760688,"dvar2":0.000287696631858,"max":0.0977199152112,"mean":0.0313361175358,"median":0.0291009563953,"min":0.0000121601397041,"var":0.000395814917283},"beats_loudness_band_ratio":{"dmean":[0.151046857238,0.158045008779,0.166805401444,0.0812918171287,0.0499986447394,0.0416164025664],"d