{"lowlevel":{"average_loudness":0.77462631464,"barkbands":{"dmean":[0.000247654068517,0.00255537731573,0.000909170252271,0.000521984882653,0.00133640959393,0.000583511486184,0.000357734446879,0.000454865134088,0.000288260955131,0.000266241637291,0.000142960212543,0.000124896032503,0.000149973056978,0.000199350426556,0.000385301187634,0.000412415887695,0.000412204914028,0.000256469647866,0.000232317499467,0.000119108961371,0.000080594123574,0.000048107765906,0.0000207215143746,0.0000113901542136,0.00000529265889782,0.00000135775439958,2.23450086878e-7],"dmean2":[0.000390016357414,0.00421697506681,0.00159174168948,0.000869258190505,0.00225114985369,0.000964129518252,0.000556788349058,0.000730800151359,0.000437453680206,0.000427543069236,0.000231474943575,0.000204880503588,0.000240140536334,0.000320736260619,0.000600682629738,0.000673356524203,0.000689381849952,0.000426073500421,0.000384807150112,0.000196361273993,0.000134146248456,0.0000748609963921,0.0000316553741868,0.0000163128515851,0.00000761466071708,0.0000020068964659,3.43095308608e-7],"dvar":[2.61458438899e-7,0.0000474588268844,0.00000606906041867,9.9815122212e-7,0.00000550099866814,0.00000146401976053,4.68201022841e-7,0.00000123481299852,5.11332927999e-7,3.7453125401e-7,1.06186512028e-7,1.17929786825e-7,1.17172540115e-7,1.7288103038e-7,6.12501310115e-7,5.20098978996e-7,3.9492138626e-7,1.5693694877e-7,1.17989074511e-7,3.4533865545e-8,1.58449484644e-8,8.72341310298e-9,2.52871701356e-9,1.34512156968e-9,1.78106113191e-10,9.31182041197e-12,2.25692877473e-13],"dvar2":[5.588602221e-7,0.000124354541185,0.000017765278244,0.00000267371183327,0.0000149280676851,0.00000408108280681,0.00000109340101062,0.00000300393162433,0.00000107731477783,9.23778827655e-7,2.72929867151e-7,2.90670612912e-7,2.61529294221e-7,3.85204600661e-7,0.00000136659150485,0.00000131145247906,0.00000109209918264,4.18299606508e-7,3.21018859495e-7,9.08486654794e-8,4.2458758287e-8,1.78368111392e-8,4.54133619598e-9,2.14602979831e-9,3.2763325386e-10,2.00394752875e-11,5.1994644484e-13],"max":[0.00979589112103,0.0845171660185,0.0414897054434,0.0164139568806,0.0354486852884,0.0359469205141,0.0263229105622,0.0258504357189,0.0272290296853,0.014527592808,0.0100902691483,0.0144696123898,0.011587315239,0.0116665717214,0.0280058085918,0.0210555847734,0.00931991729885,0.00783278886229,0.00516378972679,0.00374469417147,0.00236461544409,0.0029105655849,0.00171719619539,0.00172680569813,0.000681947276462,0.0000613820448052,0.00000701624412613],"mean":[0.000349857320543,0.00512611167505,0.00165233563166,0.00149499729741,0.00279323314317,0.00144120655023,0.000818403437734,0.000765441800468,0.000718401744962,0.000507342803758,0.000285119225737,0.000252361147432,0.000291402480798,0.000394703063648,0.000804467941634,0.000981640652753,0.000958971562795,0.00064222473884,0.000646009168122,0.000332587660523,0.000247390649747,0.000138828603667,0.0000574736186536,0.0000308383205265,0.0000132515551741,0.00000279597134067,3.78937301093e-7],"median":[0.00012112819968,0.00289928680286,0.000725130084902,0.000408302119467,0.00167178653646,0.000540742999874,0.00032501143869,0.000206944561796,0.000143391516758,0.000136126269354,0.000106313447759,0.0000941577600315,0.000116559909657,0.000150979351019,0.000399978336645,0.000480350689031,0.000547705800273,0.000340951868566,0.000336608674843,0.000208716024645,0.000175494875293,0.0000886817579158,0.0000319052414852,0.0000138055202115,0.00000481738879898,7.48199397549e-7,1.65227405091e-7],"min":[7.22309656531e-10,3.08377455516e-11,9.79607506224e-10,3.00983793444e-10,3.0760797555e-12,1.12361628248e-12,1.67241925603e-12,6.76166316948e-13,1.44877295924e-12,1.68172919167e-12,2.59430042553e-12,2.6095401881e-12,2.99700216901e-12,7.01749509197e-12,1.23702393814e-11,5.81054475368e-12,1.43855578491e-11,8.23753131679e-12,9.77950879999e-12,1.29774611196e-11,7.79766442388e-12,1.77038349258e-11,1.09770820905e-11,2.02954666961e-11,2.51150922975e-11,2.48832187494e-11,5.30278321254e-10],"var":[4.16942896209e-7,0.0000567696442886,0.00000688858790454,0.00000479575965073,0.0000105557837742,0.00000529480485056,0.00000141807447562,0.00000243901376962,0.00000194943959286,0.00000103518641481,2.41362641873e-7,4.64699070335e-7,3.30843676011e-7,5.44840816019e-7,0.0000019213239284,0.00000169046256815,0.00000110844530354,5.96257962115e-7,5.02341436004e-7,1.4184249153e-7,6.37552233229e-8,3.99893949066e-8,1.0930362393e-8,6.63908039655e-9,7.51433248958e-10,2.20019800989e-11,3.52636458445e-13]},"barkbands_crest":{"dmean":1.88082611561,"dmean2":3.11551952362,"dvar":4.45640516281,"dvar2":11.8915090561,"max":23.3811511993,"mean":9.33910274506,"median":8.97829055786,"min":2.34056138992,"var":13.8734693527},"barkbands_flatness_db":{"dmean":0.0129559347406,"dmean2":0.0204503480345,"dvar":0.000191855986486,"dvar2":0.000472282845294,"max":0.320049136877,"mean":0.128953263164,"median":0.119420573115,"min":0.0387121364474,"var":0.00182038161438},"barkbands_kurtosis":{"dmean":1.05549156666,"dmean2":1.71832859516,"dvar":3.52192378044,"dvar2":9.26977348328,"max":43.3765563965,"mean":0.823917150497,"median":-0.284389197826,"min":-1.87116611004,"var":9.83121681213},"barkbands_skewness":{"dmean":0.326225012541,"dmean2":0.519329071045,"dvar":0.141445577145,"dvar2":0.360026478767,"max":6.10772752762,"mean":1.08054339886,"median":0.9867156744,"min":-1.9349925518,"var":0.680035352707},"barkbands_spread":{"dmean":4.16961145401,"dmean2":6.58657979965,"dvar":20.4119091034,"dvar2":47.0830039978,"max":79.0766525269,"mean":30.4971179962,"median":31.1027297974,"min":2.42290520668,"var":119.674995422},"dissonance":{"dmean":0.00873092003167,"dmean2":0.0146414414048,"dvar":0.0000755711807869,"dvar2":0.000196950335521,"max":0.499999970198,"mean":0.479578018188,"median":0.48399323225,"min":0.317746222019,"var":0.000301643332932},"dynamic_complexity":4.24482011795,"erbbands":{"dmean":[0.0839997008443,0.570268690586,1.11193656921,1.27801561356,2.72309970856,5.43401288986,5.43343162537,5.92972660065,4.95130491257,6.61981582642,8.12935352325,6.97747707367,7.63547801971,6.60111284256,4.75501775742,4.98183917999,6.39724159241,7.66312170029,12.9948034286,19.7273921967,20.264787674,20.9227085114,14.9155282974,13.8047266006,7.88961982727,5.08515453339,3.64036440849,3.2838447094,1.96367835999,1.02030920982,0.535907268524,0.303309559822,0.172829076648,0.0769180878997,0.0305832345039,0.00816748477519,0.00218460801989,0.000353523355443,0.0000370672642021,0.00000627589588476],"dmean2":[0.137224331498,0.974310040474,1.93968141079,2.16098427773,4.58416128159,9.22564220428,8.88667583466,9.86938762665,7.85701847076,10.4333171844,12.9405584335,10.5541915894,12.0856218338,10.5507164001,7.7377820015,8.07548236847,10.1694297791,12.1625471115,20.7461547852,31.1125583649,33.4753875732,34.9210777283,24.7385177612,22.668794632,13.048579216,8.32654380798,6.05691432953,5.42320585251,3.08504867554,1.58364129066,0.806789159775,0.457088112831,0.238934740424,0.110972046852,0.044856954366,0.0117754964158,0.00333266728558,0.000542372174095,0.0000566896014789,0.0000100475226645],"dvar":[0.0500892400742,2.5850725174,8.84590530396,6.85551738739,43.5966758728,78.2860107422,102.707565308,163.039733887,99.875579834,223.588485718,440.583679199,302.438201904,279.23046875,268.521362305,92.1940765381,230.512359619,222.848052979,280.815338135,507.202056885,1369.70410156,1027.31396484,1100.83874512,533.88885498,447.802825928,132.696777344,66.5329437256,35.6918563843,28.8949241638,13.2870950699,6.51327085495,1.81918132305,0.738598287106,0.436520010233,0.0523880720139,0.00426816288382,0.000333299278282,0.0000241777961492,5.46787191524e-7,5.99342886431e-9,1.17077875172e-10],"dvar2":[0.122328072786,7.15146684647,25.6951122284,19.1278190613,118.587432861,216.227905273,264.901550293,482.517547607,262.68963623,471.167022705,1068.81750488,630.62902832,661.86907959,638.677978516,235.453979492,555.420593262,476.766052246,622.819580078,1245.90795898,3134.69482422,2773.27661133,3030.57202148,1436.48425293,1220.19128418,354.461761475,171.565155029,96.3721542358,76.3349075317,28.9758701324,12.6510000229,3.36352682114,1.38328588009,0.742357909679,0.0935958325863,0.00876256916672,0.000696064496879,0.0000532830090378,0.00000121187736113,1.36785045513e-8,2.90717727669e-10],"max":[3.55682873726,21.347951889,39.2891387939,61.8147621155,117.849906921,138.287185669,218.296066284,417.15145874,433.095825195,752.096496582,648.696044922,667.178527832,485.50994873,485.483673096,261.701049805,739.67578125,541.582458496,546.543823242,472.164276123,1143.23620605,716.163391113,540.638183594,482.269500732,335.601959229,197.429122925,223.811920166,110.698074341,103.502082825,103.917510986,98.0506210327,47.531627655,41.1289215088,35.6450881958,11.1176366806,1.74727416039,0.3873911798,0.0891071334481,0.010035328567,0.00112984958105,0.000175068358658],"mean":[0.146072730422,1.12200140953,2.18659567833,3.40446019173,5.7716012001,10.8337364197,10.7458114624,14.8016824722,12.9417953491,13.3098163605,14.4874267578,17.9647483826,17.5904006958,13.5492172241,10.2476644516,11.0571804047,13.3988685608,16.4962024689,29.5399341583,48.668094635,53.4878082275,52.9109420776,40.265953064,37.283000946,23.8134918213,15.1840372086,10.6966457367,9.65465068817,5.66134023666,2.83668112755,1.49450337887,0.782321035862,0.456197291613,0.196456566453,0.0706208199263,0.0180124435574,0.0042128697969,0.000639318430331,0.0000752944979467,0.0000304298755509],"median":[0.0991353243589,0.533206939697,1.05242717266,1.01311123371,2.67143917084,6.39229297638,4.57033967972,5.98854637146,4.90950107574,5.94516086578,3.8585395813,3.92226696014,5.99711990356,3.51529979706,4.75054836273,4.46691226959,5.71145439148,7.08865642548,16.644859314,29.8631229401,30.6380386353,32.9419136047,22.9249801636,17.9463386536,13.8511810303,9.85125350952,7.38047981262,6.67728328705,3.69417953491,1.64027523994,0.832300662994,0.388440608978,0.180913761258,0.0720316246152,0.0236235745251,0.00507483817637,0.00112350704148,0.000231860612985,0.000042583225877,0.000023507494916],"min":[1.23104388905e-8,1.79003194489e-8,6.40607538571e-7,0.00000168982387549,1.69712919273e-7,2.22690275109e-8,1.80421491081e-8,1.06287920687e-8,2.82585386202e-8,1.63080322579e-8,3.89391416888e-8,3.9172213917e-8,4.24188932868e-8,8.04385535957e-8,9.63813633348e-8,1.2585768161e-7,1.47145797769e-7,2.82955937791e-7,5.00263809045e-7,4.89812748583e-7,4.59724304847e-7,7.8063789033e-7,5.47085051039e-7,5.74041564505e-7,5.09744836563e-7,5.88468481055e-7,4.35117783582e-7,3.22205835346e-7,4.91624746246e-7,5.83184885272e-7,2.93519832439e-7,3.89850640659e-7,3.38668996847e-7,2.70959816362e-7,1.34721148015e-7,9.07730495214e-8,5.86452202356e-8,1.01545587938e-7,3.88766174808e-8,1.21617977911e-8],"var":[0.0510716177523,3.03276062012,10.8792848587,22.4332523346,68.6319046021,165.753295898,278.864654541,563.862243652,333.819061279,544.160949707,841.449829102,1303.96191406,897.649719238,653.52722168,221.593276978,969.958557129,673.768554688,791.448303223,1558.7442627,4534.54833984,3652.09375,3305.52758789,2140.89038086,1765.76171875,611.288269043,290.894012451,131.120849609,108.086273193,57.5455627441,27.5720615387,7.61144304276,2.9127342701,1.93602621555,0.233653873205,0.0129744485021,0.000898720056284,0.0000491718456033,0.00000102507851807,1.05784181414e-8,5.83434800472e-10]},"erbbands_crest":{"dmean":1.70253026485,"dmean2":2.78061032295,"dvar":2.85049128532,"dvar2":7.15615415573,"max":25.5647659302,"mean":7.9579372406,"median":6.88102865219,"min":2.67550754547,"var":13.0371980667},"erbbands_flatness_db":{"dmean":0.0104448180646,"dmean2":0.015719121322,"dvar":0.0001099380097,"dvar2":0.000229106954066,"max":0.341329365969,"mean":0.174291580915,"median":0.164330869913,"min":0.0415690280497,"var":0.00189081800636},"erbbands_kurtosis":{"dmean":0.606496453285,"dmean2":0.954799830914,"dvar":0.631009578705,"dvar2":1.47051513195,"max":17.6335105896,"mean":0.142684489489,"median":-0.453195273876,"min":-1.74414145947,"var":3.57260155678},"erbbands_skewness":{"dmean":0.237637534738,"dmean2":0.368127018213,"dvar":0.0486295521259,"dvar2":0.110682480037,"max":3.0084066391,"mean":-0.524420797825,"median":-0.564284682274,"min":-2.887809515,"var":0.488268077374},"erbbands_spread":{"dmean":5.2635178566,"dmean2":8.38330173492,"dvar":25.4309711456,"dvar2":62.8265380859,"max":113.365768433,"mean":38.6884078979,"median":38.1112594604,"min":6.87912368774,"var":173.311584473},"gfcc":{"cov":[[7906.65966797,-1675.73254395,767.531860352,470.798522949,-274.209686279,991.689575195,-307.100799561,727.812561035,-311.481658936,271.793243408,-463.38180542,127.668151855,-246.159011841],[-1675.73254395,985.629211426,-306.196289062,-229.329727173,129.318527222,-302.670501709,210.827957153,-159.491470337,106.645202637,-105.481506348,185.0887146,-63.0244445801,96.202835083],[767.531860352,-306.196289062,629.637084961,269.675384521,-12.4839267731,362.167633057,-80.7393722534,194.405273438,17.4103851318,95.7292556763,36.7136077881,45.0448455811,4.99128818512],[470.798522949,-229.329727173,269.675384521,399.317810059,19.6180419922,243.587600708,-37.5609817505,83.6185455322,61.440826416,38.5303039551,42.4455032349,7.69336080551,37.0752754211],[-274.209686279,129.318527222,-12.4839267731,19.6180419922,220.506088257,-8.96468830109,62.8658981323,-8.34157562256,46.1393089294,5.43000888824,-14.05078125,-9.51016712189,0.988101243973],[991.689575195,-302.670501709,362.167633057,243.587600708,-8.96468830109,420.703857422,-17.35729599,177.925521851,17.5124721527,58.251335144,16.6124019623,15.9577550888,11.5427522659],[-307.100799561,210.827957153,-80.7393722534,-37.5609817505,62.8658981323,-17.35729599,143.981628418,7.91635704041,42.0069274902,-28.0061244965,27.2431678772,-23.6444129944,9.10461902618],[727.812561035,-159.491470337,194.405273438,83.6185455322,-8.34157562256,177.925521851,7.91635704041,200.477142334,10.888669014,38.6093254089,-18.7495937347,3.9670112133,-7.53701400757],[-311.481658936,106.645202637,17.4103851318,61.440826416,46.1393089294,17.5124721527,42.0069274902,10.888669014,107.811691284,16.1538257599,58.1716346741,-4.56259918213,27.2847747803],[271.793243408,-105.481506348,95.7292556763,38.5303039551,5.43000888824,58.251335144,-28.0061244965,38.6093254089,16.1538257599,88.1633071899,13.2714977264,18.8721637726,-13.5956172943],[-463.38180542,185.0887146,36.7136077881,42.4455032349,-14.05078125,16.6124019623,27.2431678772,-18.7495937347,58.1716346741,13.2714977264,162.604721069,21.3789768219,57.1668739319],[127.668151855,-63.0244445801,45.0448455811,7.69336080551,-9.51016712189,15.9577550888,-23.6444129944,3.9670112133,-4.56259918213,18.8721637726,21.3789768219,70.2234420776,17.7422981262],[-246.159011841,96.202835083,4.99128818512,37.0752754211,0.988101243973,11.5427522659,9.10461902618,-7.53701400757,27.2847747803,-13.5956172943,57.1668739319,17.7422981262,81.1409606934]],"icov":[[0.000600900617428,-0.000868314062245,0.000896548619494,-0.000938420183957,0.00080409453949,-0.00144727050792,0.000883459288161,-0.00157618976664,0.00136392074637,-0.00146106991451,0.00199845712632,-0.00202806829475,0.00150866946205],[-0.000868314062245,0.00671196822077,-0.00248976401053,0.00400112709031,-0.00343311508186,0.00473273126408,-0.00500170746818,0.0031229625456,-0.00304618640803,0.0050094970502,-0.00843895506114,0.00789204146713,-0.00596372131258],[0.000896548619494,-0.00248976401053,0.00592550402507,-0.00285443011671,0.001047134283,-0.00487871980295,0.00423185899854,-0.00452420255169,0.00269592623226,-0.00361838075332,0.00272275833413,-0.00513639347628,0.00408976525068],[-0.000938420183957,0.00400112709031,-0.00285443011671,0.00780058186501,-0.00285246176645,0.00113417056855,-0.0013093224261,0.00360554852523,-0.00537528656423,0.00439108721912,-0.00571774644777,0.00658386433497,-0.00549220712855],[0.00080409453949,-0.00343311508186,0.001047134283,-0.00285246176645,0.00829614978284,-0.00260527152568,-0.000708714534994,-0.000952580710873,-0.000017653359464,-0.00467259809375,0.00774814933538,-0.00521176494658,0.00291311996989],[-0.00144727050792,0.00473273126408,-0.00487871980295,0.00113417056855,-0.00260527152568,0.0115714883432,-0.00554606691003,0.00138864375185,-0.00221473397687,0.00404511298984,-0.007411879953,0.00751801300794,-0.00608249474317],[0.000883459288161,-0.00500170746818,0.00423185899854,-0.0013093224261,-0.000708714534994,-0.00554606691003,0.0167489182204,-0.00594057748094,-0.000714769063052,0.000440669275122,0.00316550699063,-0.00425449665636,0.00632895249873],[-0.00157618976664,0.0031229625456,-0.00452420255169,0.00360554852523,-0.000952580710873,0.00138864375185,-0.00594057748094,0.0143195996061,-0.00508603174239,0.00211598956957,-0.00283922022209,0.00623648520559,-0.00534133287147],[0.00136392074637,-0.00304618640803,0.00269592623226,-0.00537528656423,-0.000017653359464,-0.00221473397687,-0.000714769063052,-0.00508603174239,0.0199500191957,-0.00782985333353,0.00119896722026,-0.00322656030767,0.00180309545249],[-0.00146106991451,0.0050094970502,-0.00361838075332,0.00439108721912,-0.00467259809375,0.00404511298984,0.000440669275122,0.00211598956957,-0.00782985333353,0.0229792967439,-0.0106377955526,0.00387055845931,0.000604479690082],[0.00199845712632,-0.00843895506114,0.00272275833413,-0.00571774644777,0.00774814933538,-0.007411879953,0.00316550699063,-0.00283922022209,0.00119896722026,-0.0106377955526,0.0242066960782,-0.0134454928339,0.00255427043885],[-0.00202806829475,0.00789204146713,-0.00513639347628,0.00658386433497,-0.00521176494658,0.00751801300794,-0.00425449665636,0.00623648520559,-0.00322656030767,0.00387055845931,-0.0134454928339,0.0296192876995,-0.0134214945138],[0.00150866946205,-0.00596372131258,0.00408976525068,-0.00549220712855,0.00291311996989,-0.00608249474317,0.00632895249873,-0.00534133287147,0.00180309545249,0.000604479690082,0.00255427043885,-0.0134214945138,0.0264834295958]],"mean":[-22.2803077698,113.264823914,-146.034606934,60.0787239075,-46.6444015503,-3.29998874664,-34.4083862305,2.53256297112,-10.6993923187,-3.16229820251,-10.2097663879,-1.91808986664,-0.237138360739]},"hfc":{"dmean":2.98350715637,"dmean2":4.70986747742,"dvar":18.748254776,"dvar2":46.2623710632,"max":89.2998046875,"mean":19.4806880951,"median":13.3560256958,"min":0.000020248007786,"var":274.546722412},"melbands":{"dmean":[0.000711558794137,0.000626679800916,0.000245683069807,0.000277093000477,0.000207809323911,0.000122253550217,0.0000751651823521,0.0000837726620375,0.0000588954681007,0.0000461536801595,0.0000401214310841,0.0000292816748697,0.0000162045107572,0.0000144499390444,0.0000145272924783,0.00001584646634,0.0000160170766321,0.0000196562123165,0.0000365489177057,0.0000315147080983,0.0000247946682066,0.0000230327041209,0.0000214293231693,0.0000118489278975,0.000012796583178,0.0000081060688899,0.00000538451513421,0.00000350442746821,0.00000290642196887,0.00000223027609536,0.00000206405752579,0.00000136933329031,8.27191342978e-7,5.52069707282e-7,3.68988537502e-7,2.39121362711e-7,1.87035041677e-7,1.44042402894e-7,9.8007298277e-8,6.06520913493e-8],"dmean2":[0.00116672494914,0.00108325108886,0.000412792374846,0.000471034989459,0.000344234082149,0.000202764829737,0.000118579053378,0.000132710963953,0.000093691625807,0.0000694001282682,0.0000638782585156,0.0000468802427349,0.0000264295067609,0.0000233158752962,0.0000235242114286,0.0000251477467827,0.0000255557079072,0.000031846408092,0.000056641853007,0.0000509237943334,0.0000413030538766,0.0000384414561267,0.0000360794219887,0.0000197251392819,0.0000211432525248,0.0000134432957566,0.00000896829715202,0.00000573532724957,0.00000483279472974,0.00000374989440388,0.00000342753014593,0.000002197507456,0.00000128958106416,8.65683546181e-7,5.69910923787e-7,3.68534188055e-7,2.85658387611e-7,2.06160081007e-7,1.43203180869e-7,9.04648587152e-8],"dvar":[0.00000362706691703,0.00000285817350232,2.3181753761e-7,3.05343604623e-7,1.26067021711e-7,6.76373019814e-8,2.05040358026e-8,3.58601290884e-8,2.39809807567e-8,1.26245938148e-8,7.85926523861e-9,5.11000397552e-9,1.18043319564e-9,1.59592639104e-9,1.51787427072e-9,1.34662703211e-9,1.31299038308e-9,1.50941992239e-9,6.88238399604e-9,3.65986330131e-9,1.53737189645e-9,1.35227418152e-9,1.20546550519e-9,3.60531882126e-10,3.96341071074e-10,1.55694665493e-10,6.56067283833e-11,3.37959972507e-11,2.53630224462e-11,1.15564346287e-11,1.11268364314e-11,6.0538666094e-12,3.88162548978e-12,1.74995044497e-12,7.83192304413e-13,4.51246136811e-13,3.23721382816e-13,3.22761918104e-13,1.42698691947e-13,2.64127065217e-14],"dvar2":[0.00000917196121009,0.00000809610537544,6.42388499728e-7,8.2573023974e-7,3.32213716092e-7,1.9715659505e-7,5.27731209843e-8,8.1152911946e-8,5.77547467628e-8,2.67880118088e-8,1.88464106543e-8,1.22397061375e-8,3.09777870022e-9,3.71224961881e-9,3.69606834028e-9,2.84456125321e-9,2.86034684827e-9,3.70201691524e-9,1.49729366683e-8,8.90221318883e-9,4.3085313095e-9,3.67395913692e-9,3.37920535998e-9,9.41990041525e-10,1.08998843285e-9,4.19936779794e-10,1.76609948888e-10,8.57010296063e-11,6.88098397705e-11,3.20488878491e-11,2.95699749409e-11,1.41991522706e-11,8.1845467903e-12,3.57943600975e-12,1.60922826713e-12,9.06516073144e-13,6.57829205605e-13,5.91847751363e-13,2.81435682051e-13,5.17400656824e-14],"max":[0.0261312462389,0.0219960156828,0.00898862536997,0.00934999249876,0.0064003886655,0.00850509665906,0.00582996802405,0.00703717349097,0.00521154375747,0.00364934303798,0.00243861810304,0.00207618251443,0.000953876005951,0.00160117878113,0.00126970384736,0.00158871081658,0.00123235199135,0.000949103618041,0.00316869723611,0.00185586907901,0.000751589308493,0.000645335123409,0.000575036101509,0.000371998146875,0.000296514626825,0.000177360707312,0.000133172696223,0.000162995624123,0.000106007457362,0.0000482423929498,0.000058075398556,0.0000592726828472,0.0000690825982019,0.0000473883847008,0.0000310104660457,0.0000241529778577,0.0000283529188891,0.0000298842933262,0.000015442890799,0.0000077699924077],"mean":[0.00137418310624,0.00130965956487,0.00068107037805,0.00057402276434,0.000425199657911,0.000311252952088,0.000192468040041,0.000160741547006,0.000102419493487,0.000118430783914,0.0000882923050085,0.0000574290461373,0.0000333622265316,0.0000304059158225,0.0000284952384391,0.0000294539077004,0.0000312093870889,0.0000397010408051,0.0000733542619855,0.0000693989859428,0.0000586330606893,0.0000529237986484,0.0000491912142024,0.0000288067531073,0.0000310619834636,0.0000207559805858,0.0000132286932057,0.00000925282347453,0.0000071049807957,0.00000581445601711,0.00000537924324817,0.00000347343006979,0.00000204433013096,0.00000136277276397,9.20019431305e-7,5.87915508277e-7,4.28183994927e-7,3.46896911196e-7,2.31234864145e-7,1.41994249248e-7],"median":[0.000862942251842,0.000571212498471,0.000232057049288,0.000341037812177,0.000210421596421,0.000128714862512,0.0000743273558328,0.000064657011535,0.0000247111602221,0.000021985200874,0.0000285518763121,0.0000125614824356,0.0000145627072925,0.0000116068649731,0.0000113948935905,0.0000114199410746,0.0000127008033814,0.0000204337702598,0.0000329727772623,0.0000353663781425,0.0000313010023092,0.000031814648537,0.0000271009594144,0.0000148114195326,0.000014372680198,0.0000105347335193,0.00000793949402578,0.00000567794540984,0.00000443099133918,0.0000039530173126,0.00000362723153557,0.00000217374144995,0.00000115756188279,7.36853735361e-7,5.10150925948e-7,2.86176714326e-7,2.0399104983e-7,1.3390769027e-7,7.9982328316e-8,5.08507724817e-8],"min":[2.51609177937e-10,2.50543141789e-10,2.39747083297e-10,1.33339574191e-12,6.24090026619e-13,2.32604679875e-13,3.59410580724e-13,1.60278867544e-13,3.26957048675e-13,2.53761963699e-13,1.70626791233e-13,2.8488146629e-13,3.5042070157e-13,2.82832107344e-13,3.08712690827e-13,2.7951404212e-13,5.23176987843e-13,5.29276058744e-13,9.25739953445e-13,3.05483069396e-13,5.23392744076e-13,6.93282399804e-13,6.60492277191e-13,3.04630154652e-13,5.01485842869e-13,2.88733257138e-13,3.75221501005e-13,3.43190021757e-13,2.96978126769e-13,1.38482826009e-13,1.75691411289e-13,2.61786035557e-13,3.32442650882e-13,2.78165918034e-13,1.12192461538e-13,2.24936361854e-13,2.33895585192e-13,2.22978496019e-13,1.63872089726e-13,2.19262718333e-13],"var":[0.00000404927959607,0.00000365445134776,7.84700262102e-7,4.85611167278e-7,3.47785629629e-7,2.44162038143e-7,7.14008336899e-8,8.24086541229e-8,4.44226380125e-8,5.88971573734e-8,2.43064270933e-8,1.2497650026e-8,2.48591658369e-9,5.87288306875e-9,3.98595156881e-9,3.53454354673e-9,3.42940764675e-9,4.02283539813e-9,2.17067981367e-8,1.08076276817e-8,4.47863479636e-9,3.57668117346e-9,3.43742367903e-9,1.25035237719e-9,1.32841182499e-9,5.51050927111e-10,2.09797429429e-10,1.29282556882e-10,7.39115643689e-11,3.77524157769e-11,3.62749517924e-11,2.16577172862e-11,1.44125033089e-11,6.57281477509e-12,2.80807278472e-12,1.48589593321e-12,1.13597336832e-12,1.28812737386e-12,4.99671213693e-13,1.02466544635e-13]},"melbands_crest":{"dmean":2.4115383625,"dmean2":4.01199817657,"dvar":6.35619354248,"dvar2":16.7412624359,"max":30.0925064087,"mean":13.8325433731,"median":13.4349861145,"min":3.4286608696,"var":20.5666160583},"melbands_flatness_db":{"dmean":0.0166894551367,"dmean2":0.0261789001524,"dvar":0.000364865874872,"dvar2":0.000879022700246,"max":0.42141225934,"mean":0.185920909047,"median":0.179254829884,"min":0.0481711253524,"var":0.00274491636083},"melbands_kurtosis":{"dmean":3.28497385979,"dmean2":5.36785840988,"dvar":32.6710739136,"dvar2":87.8742980957,"max":118.127937317,"mean":7.79309177399,"median":5.02982187271,"min":-1.68813300133,"var":81.1000137329},"melbands_skewness":{"dmean":0.451833426952,"dmean2":0.72263365984,"dvar":0.32393693924,"dvar2":0.833945512772,"max":9.9107170105,"mean":2.41122961044,"median":2.26364803314,"min":-0.840452432632,"var":1.27355229855},"melbands_spread":{"dmean":6.20928192139,"dmean2":9.84660339355,"dvar":46.1340408325,"dvar2":113.405586243,"max":111.052124023,"mean":32.1051635742,"median":30.2234344482,"min":2.47976589203,"var":262.674468994},"mfcc":{"cov":[[6442.8125,-955.068054199,263.529296875,106.326644897,-75.9076309204,284.454193115,67.8698425293,310.871826172,249.279388428,168.08416748,27.4694747925,7.66696405411,-41.403591156],[-955.068054199,761.145874023,-236.115249634,-53.0948562622,-48.8514060974,-114.288192749,59.4672164917,-26.2208309174,-29.44465065,-13.6394863129,-7.45297241211,12.6354608536,4.84761238098],[263.529296875,-236.115249634,536.68963623,45.5470924377,106.712272644,130.145721436,36.0062866211,86.8151855469,7.29238319397,58.1710700989,45.2222480774,73.1588134766,56.3438491821],[106.326644897,-53.0948562622,45.5470924377,235.613601685,69.0772705078,84.2183380127,-0.635807096958,33.2928314209,33.7024612427,31.2528038025,14.6077165604,21.6640605927,19.5118808746],[-75.9076309204,-48.8514060974,106.712272644,69.0772705078,160.869781494,84.231300354,11.0773353577,28.1347923279,32.336971283,28.9468040466,15.2206554413,28.5155124664,20.2870750427],[284.454193115,-114.288192749,130.145721436,84.2183380127,84.231300354,198.147766113,38.8245544434,56.8508453369,33.4030609131,41.5374107361,19.3451137543,39.9958457947,34.6238822937],[67.8698425293,59.4672164917,36.0062866211,-0.635807096958,11.0773353577,38.8245544434,94.8880004883,57.9744529724,22.7077598572,30.4201374054,17.8445453644,18.126493454,0.349466502666],[310.871826172,-26.2208309174,86.8151855469,33.2928314209,28.1347923279,56.8508453369,57.9744529724,125.893630981,60.2857398987,40.6202392578,21.4785060883,25.7083950043,8.15560722351],[249.279388428,-29.44465065,7.29238319397,33.7024612427,32.336971283,33.4030609131,22.7077598572,60.2857398987,98.0663375854,47.9864654541,13.8126688004,3.26967954636,-4.51534891129],[168.08416748,-13.6394863129,58.1710700989,31.2528038025,28.9468040466,41.5374107361,30.4201374054,40.6202392578,47.9864654541,90.5847015381,39.2188568115,17.6424160004,5.06201934814],[27.4694747925,-7.45297241211,45.2222480774,14.6077165604,15.2206554413,19.3451137543,17.8445453644,21.4785060883,13.8126688004,39.2188568115,66.6197738647,26.6375312805,6.21143436432],[7.66696405411,12.6354608536,73.1588134766,21.6640605927,28.5155124664,39.9958457947,18.126493454,25.7083950043,3.26967954636,17.6424160004,26.6375312805,80.8382263184,40.6288070679],[-41.403591156,4.84761238098,56.3438491821,19.5118808746,20.2870750427,34.6238822937,0.349466502666,8.15560722351,-4.51534891129,5.06201934814,6.21143436432,40.6288070679,69.4077606201]],"icov":[[0.000248604337685,0.000292671378702,0.0000514463572472,0.000012886193872,0.000435919791926,-0.00022881483892,0.0000477230387332,-0.000421457458287,-0.000262616842519,-0.000258815707639,0.000226006581215,-0.000133488007123,0.000178188667633],[0.000292671378702,0.00236676330678,0.0010602575494,-0.0000225682651944,0.0000452382191725,0.00110605510417,-0.00214461400174,-0.000303544395138,0.000501844100654,-0.00082272128202,0.000624724081717,-0.00101543881465,-0.000732432468794],[0.0000514463572472,0.0010602575494,0.00341731659137,0.000438378338004,-0.00143681967165,-0.000245692470344,-0.000214318963117,-0.00221543572843,0.00256568775512,-0.00165661214851,-0.000157097019837,-0.00108807662036,-0.00119807000738],[0.000012886193872,-0.0000225682651944,0.000438378338004,0.0055573428981,-0.00137413514312,-0.00183204887435,0.00180578581057,-0.00102378125302,-0.00027903742739,-0.000809372402728,-0.000207419783692,-0.000146241873153,-0.000337077013683],[0.000435919791926,0.0000452382191725,-0.00143681967165,-0.00137413514312,0.010211488232,-0.00314600183628,0.000734632601961,0.000912889197934,-0.00353798922151,0.0000535172403033,0.000313598808134,-0.00122267962433,0.00073684687959],[-0.00022881483892,0.00110605510417,-0.000245692470344,-0.00183204887435,-0.00314600183628,0.00982617773116,-0.00369049725123,-0.000299343199003,0.000612593954429,-0.00112414022442,0.000901326711755,-0.000908755580895,-0.00285461032763],[0.0000477230387332,-0.00214461400174,-0.000214318963117,0.00180578581057,0.000734632601961,-0.00369049725123,0.0190603081137,-0.00801616627723,0.00187420868315,-0.00292447255924,-0.000712403154466,-0.00097032362828,0.0032837765757],[-0.000421457458287,-0.000303544395138,-0.00221543572843,-0.00102378125302,0.000912889197934,-0.000299343199003,-0.00801616627723,0.0184818468988,-0.00917261280119,0.00232179393061,-0.000841289118398,-0.00170195149258,-0.0000872767122928],[-0.000262616842519,0.000501844100654,0.00256568775512,-0.00027903742739,-0.00353798922151,0.000612593954429,0.00187420868315,-0.00917261280119,0.021211238578,-0.00899919774383,0.00190066243522,0.00125183432829,0.000734211876988],[-0.000258815707639,-0.00082272128202,-0.00165661214851,-0.000809372402728,0.0000535172403033,-0.00112414022442,-0.00292447255924,0.00232179393061,-0.00899919774383,0.022000240162,-0.00991401262581,0.00130679621361,-0.000305241323076],[0.000226006581215,0.000624724081717,-0.000157097019837,-0.000207419783692,0.000313598808134,0.000901326711755,-0.000712403154466,-0.000841289118398,0.00190066243522,-0.00991401262581,0.0232488196343,-0.00697534997016,0.00268741021864],[-0.000133488007123,-0.00101543881465,-0.00108807662036,-0.000146241873153,-0.00122267962433,-0.000908755580895,-0.00097032362828,-0.00170195149258,0.00125183432829,0.00130679621361,-0.00697534997016,0.0225144326687,-0.0106375124305],[0.000178188667633,-0.000732432468794,-0.00119807000738,-0.000337077013683,0.00073684687959,-0.00285461032763,0.0032837765757,-0.0000872767122928,0.000734211876988,-0.000305241323076,0.00268741021864,-0.0106375124305,0.0228910949081]],"mean":[-646.986633301,121.413116455,-24.7404651642,50.9882125854,9.12485599518,4.45249938965,-8.36351108551,2.88095712662,2.18973898888,-0.152853101492,-2.36901021004,-0.339029878378,-1.46626472473]},"pitch_salience":{"dmean":0.0532299540937,"dmean2":0.0884189382195,"dvar":0.00282569020055,"dvar2":0.00749399838969,"max":0.820809662342,"mean":0.560496807098,"median":0.563135147095,"min":0.156101375818,"var":0.0108287436888},"silence_rate_20dB":{"dmean":0,"dmean2":0,"dvar":0,"dvar2":0,"max":1,"mean":1,"median":1,"min":1,"var":0},"silence_rate_30dB":{"dmean":0,"dmean2":0,"dvar":0,"dvar2":0,"max":1,"mean":1,"median":1,"min":1,"var":0},"silence_rate_60dB":{"dmean":0.0024255993776,"dmean2":0.00485165137798,"dvar":0.00241971598007,"dvar2":0.00613432656974,"max":1,"mean":0.0716417878866,"median":0,"min":0,"var":0.0665092468262},"spectral_centroid":{"dmean":189.298156738,"dmean2":299.05657959,"dvar":41062.1132812,"dvar2":83412.9921875,"max":11105.8027344,"mean":1819.98547363,"median":1883.32861328,"min":340.350891113,"var":255345.734375},"spectral_complexity":{"dmean":2.88329124451,"dmean2":4.74323558807,"dvar":9.01641941071,"dvar2":21.8320007324,"max":59,"mean":24.0187492371,"median":19,"min":0,"var":224.453842163},"spectral_contrast_coeffs":{"dmean":[0.0437413863838,0.0405805632472,0.0319055467844,0.0275037884712,0.0182605162263,0.0163562148809],"dmean2":[0.0728137716651,0.0671066194773,0.0526569522917,0.0456118285656,0.0303643550724,0.0265771113336],"dvar":[0.00134603085462,0.00104987504892,0.000665413332172,0.000490022473969,0.000208861863939,0.000210498066735],"dvar2":[0.00358952698298,0.00285936659202,0.00173372938298,0.00129584490787,0.000576479360461,0.000507241638843],"max":[-0.358542740345,-0.511869907379,-0.539407551289,-0.529031217098,-0.598968923092,-0.552416503429],"mean":[-0.651850402355,-0.734413743019,-0.786565005779,-0.77181917429,-0.778033196926,-0.698514819145],"median":[-0.659436285496,-0.737275183201,-0.793622016907,-0.776806116104,-0.778949677944,-0.697653353214],"min":[-0.964867830276,-0.951403021812,-0.951587677002,-0.964428722858,-0.959390521049,-0.961714863777],"var":[0.00722282892093,0.00376291992143,0.00327902170829,0.0023681356106,0.000979164615273,0.00150645663962]},"spectral_contrast_valleys":{"dmean":[0.327861279249,0.308589279652,0.268276810646,0.233218729496,0.164835467935,0.197406202555],"dmean2":[0.541259884834,0.519285917282,0.450566977262,0.386044323444,0.268229603767,0.289000183344],"dvar":[0.100710190833,0.0767589956522,0.0626366436481,0.0560738742352,0.0405210964382,0.0700148642063],"dvar2":[0.235560074449,0.186774849892,0.142158418894,0.12091255933,0.0732746645808,0.129882454872],"max":[-5.33575820923,-5.01706933975,-5.61184406281,-5.71809530258,-5.47806692123,-8.15001392365],"mean":[-7.24588394165,-6.95157909393,-7.59325361252,-7.55840349197,-7.15250492096,-10.8546609879],"median":[-6.99840497971,-6.94805812836,-7.61943435669,-7.49965524673,-7.03817462921,-10.439034462],"min":[-26.850730896,-27.8253192902,-27.5672798157,-27.0381011963,-27.3611717224,-27.1610298157],"var":[1.25273609161,0.728918075562,0.856895148754,0.819838345051,0.920965135098,1.90753519535]},"spectral_decrease":{"dmean":1.1589568194e-9,"dmean2":1.91786564407e-9,"dvar":4.761398844e-18,"dvar2":1.23940069414e-17,"max":-1.43288614396e-15,"mean":-5.29401855687e-9,"median":-3.87641208022e-9,"min":-3.00200042602e-8,"var":1.82457051062e-17},"spectral_energy":{"dmean":0.00451079197228,"dmean2":0.0074606994167,"dvar":0.0000697283467161,"dvar2":0.000181702489499,"max":0.116509050131,"mean":0.0217478107661,"median":0.016219176352,"min":8.10290590181e-9,"var":0.000300572748529},"spectral_energyband_high":{"dmean":0.000159588409588,"dmean2":0.000246156996582,"dvar":7.22968138689e-8,"dvar2":1.54891509396e-7,"max":0.00619312189519,"mean":0.000649501627777,"median":0.000479095731862,"min":5.92585036596e-10,"var":4.90484751481e-7},"spectral_energyband_low":{"dmean":0.00323539273813,"dmean2":0.00531653128564,"dvar":0.0000658902354189,"dvar2":0.000170068335137,"max":0.0998852998018,"mean":0.00774510856718,"median":0.0041567729786,"min":2.85386270171e-9,"var":0.0000968428357737},"spectral_energyband_middle_high":{"dmean":0.00114335282706,"dmean2":0.00179576221853,"dvar":0.00000272487864095,"dvar2":0.00000669393784847,"max":0.0294582489878,"mean":0.00588655937463,"median":0.00400775112212,"min":8.9588607366e-11,"var":0.0000305322027998},"spectral_energyband_middle_low":{"dmean":0.00212770164944,"dmean2":0.00351739674807,"dvar":0.0000111770186777,"dvar2":0.0000304283930745,"max":0.0568020008504,"mean":0.00817225500941,"median":0.00545754097402,"min":3.29917398956e-10,"var":0.0000546648370801},"spectral_entropy":{"dmean":0.0780640766025,"dmean2":0.121214292943,"dvar":0.00739405862987,"dvar2":0.0152282081544,"max":9.80208683014,"mean":7.63701248169,"median":7.70675182343,"min":5.86740493774,"var":0.0884001553059},"spectral_flux":{"dmean":0.0140217822045,"dmean2":0.021742509678,"dvar":0.000416909722844,"dvar2":0.000829539378174,"max":0.296436816454,"mean":0.0616339370608,"median":0.0557443201542,"min":0.0000287689254037,"var":0.00168198253959},"spectral_kurtosis":{"dmean":1.66417944431,"dmean2":2.91197943687,"dvar":4.59336090088,"dvar2":13.8962335587,"max":57.30701828,"mean":3.76544618607,"median":3.27371382713,"min":-1.17501270771,"var":7.87849473953},"spectral_rms":{"dmean":0.000415540416725,"dmean2":0.00067766715074,"dvar":3.76714893946e-7,"dvar2":9.59098429121e-7,"max":0.0106614902616,"mean":0.00420133490115,"median":0.00397788733244,"min":0.00000281163192994,"var":0.00000356616010322},"spectral_rolloff":{"dmean":360.544036865,"dmean2":604.597229004,"dvar":358131.9375,"dvar2":896177.6875,"max":18303.2226562,"mean":1852.50622559,"median":2088.72070312,"min":86.1328125,"var":1016696.75},"spectral_skewness":{"dmean":0.19245660305,"dmean2":0.326865375042,"dvar":0.0401137806475,"dvar2":0.117035217583,"max":4.86832427979,"mean":1.04545617104,"median":1.03052663803,"min":-0.0120889022946,"var":0.102634683251},"spectral_spread":{"dmean":230198.453125,"dmean2":353843.28125,"dvar":146336104448,"dvar2":205283622912,"max":40068292,"mean":3328145.25,"median":3271797,"min":1134032.625,"var":748713541632},"spectral_strongpeak":{"dmean":0.338554114103,"dmean2":0.606032073498,"dvar":0.696105718613,"dvar2":1.79605126381,"max":12.664680481,"mean":0.562613129616,"median":0.264681071043,"min":0,"var":0.899722397327},"zerocrossingrate":{"dmean":0.00638705957681,"dmean2":0.00790233910084,"dvar":0.0000398535848944,"dvar2":0.0000525259201822,"max":0.259765625,"mean":0.0621631219983,"median":0.0615234375,"min":0.00732421875,"var":0.000497350178193}},"metadata":{"audio_properties":{"analysis_sample_rate":44100,"bit_rate":0,"codec":"flac","downmix":"mix","equal_loudness":0,"length":248.893325806,"lossless":true,"md5_encoded":"fe6d3be817b486511aae65b2c79e04e4","replay_gain":-13.5083217621},"tags":{"album":["Without You I'm Nothing"],"albumartist":["Placebo"],"albumartistsort":["Placebo"],"artist":["Placebo"],"artistsort":["Placebo"],"barcode":["724384653125"],"composer":["Placebo"],"date":["1998-10-12"],"discnumber":["1"],"disctotal":["1"],"file_name":"05. Without You I'm Nothing.flac","mixer":["Jake Davies"],"musicbrainz_albumartistid":["847e8284-8582-4b0e-9c26-b042a4f49e57"],"musicbrainz_albumid":["febbd996-fc2b-4811-a389-ef339c015664"],"musicbrainz_artistid":["847e8284-8582-4b0e-9c26-b042a4f49e57"],"musicbrainz_recordingid":["c6a0acd6-78e9-4844-b8ae-3f52f911389b"],"originaldate":["1998-10-09"],"title":["Without You I'm Nothing"],"totaldiscs":["1"],"totaltracks":["12"],"tracknumber":["5"],"tracktotal":["12"]},"version":{"essentia":"2.1-beta1","essentia_build_sha":"50a0fbec89d6a9cedea3d45b6611406f7e8c7b1a","essentia_git_sha":"v2.1_beta1-7-ge0e83e8-dirty","extractor":"music 1.0"}},"rhythm":{"beats_count":552,"beats_loudness":{"dmean":0.00781444460154,"dmean2":0.013847921975,"dvar":0.0000652368034935,"dvar2":0.000192290230189,"max":0.0814929753542,"mean":0.0246957521886,"median":0.02004625462,"min":0.000181894938578,"var":0.000311326613883},"beats_loudness_band_ratio":{"dmean":[0.187625810504,0.13091981411,0.0717176124454,0.0414898507297,0.0881790295243,0.0365184508264],"dmean2":[0.332794308662,0.227106779814,0.122348561883,0.0742726102471,0.154220491648,0.0641494616866],"dvar":[0.0237505473197,0.0117766531184,0.00617237063125,0.00183300720528,0.00634223874658,0.00124477036297],"dvar2":[0.0724993795156,0.030660899356,0.0165717564523,0.00543577224016,0.0172955784947,0.00367885758169],"max":[0.940177857876,0.802673220634,0.713288486004,0.323503315449,0.663243174553,0.31522154808],"mean":[0.446571916342,0.203320339322,0.117738433182