{"lowlevel":{"average_loudness":0.959670007229,"barkbands":{"dmean":[0.0000566466078453,0.00367648946121,0.00189245049842,0.000885695510078,0.00126061111223,0.00161129422486,0.000654345494695,0.00105489301495,0.00144310505129,0.00105028296821,0.000363016559277,0.000520661531482,0.00053667195607,0.000509466568474,0.000501212547533,0.000504986965097,0.000417375966208,0.000333830859745,0.000323687650962,0.000289239309495,0.000167786638485,0.0000696256611263,0.0000432505330537,0.0000320987855957,0.0000105192148112,0.00000312578777084,5.54066957648e-7],"dmean2":[0.0000845167814987,0.00609577493742,0.0031579604838,0.00153377628885,0.00214029382914,0.00263778236695,0.00107086065691,0.00172405433841,0.00229106564075,0.00170594581868,0.000602023734245,0.00087191053899,0.000889635062777,0.000830723089166,0.000812904268969,0.000821978668682,0.000672851980198,0.000523853115737,0.000507271965034,0.000456683366792,0.000265683163889,0.00010965653928,0.0000678698561387,0.0000501872855239,0.0000169218637893,0.0000052203326959,8.733330219e-7],"dvar":[1.17135972033e-8,0.0000194609565369,0.0000113194128062,0.00000155671909852,0.00000559684986001,0.00000957284100878,0.0000019875540147,0.00000373875400328,0.00000544605654795,0.00000333422849508,6.26589724106e-7,6.7648534241e-7,7.58511191634e-7,8.78548746641e-7,4.83995961531e-7,5.5700621715e-7,5.07475476752e-7,4.34698478102e-7,2.51879527013e-7,3.6880211951e-7,1.41398643905e-7,2.08280841463e-8,7.63852003871e-9,3.84297793588e-9,4.70180061551e-10,4.7317344487e-11,1.09844978165e-12],"dvar2":[2.20472831103e-8,0.0000513927370775,0.0000268572857749,0.00000428031171396,0.0000149544039232,0.0000247703119385,0.00000493315110361,0.00000912188716029,0.0000128137926367,0.00000819256456452,0.0000015514073084,0.00000176016294517,0.0000020310869786,0.00000217964475269,0.0000011949035752,0.00000139185112857,0.00000127815019368,0.00000100533168279,5.65346454096e-7,8.97882841855e-7,3.41635029599e-7,4.9397328894e-8,1.69442007092e-8,8.97460861182e-9,1.1986724946e-9,1.23041091205e-10,2.67920343029e-12],"max":[0.00248661614023,0.0388742312789,0.0446382761002,0.0163386818022,0.0302098821849,0.0377611964941,0.0318968743086,0.0349416099489,0.0382260642946,0.0309744533151,0.0179551802576,0.0136279314756,0.0160228982568,0.0228234361857,0.0108661707491,0.0124719003215,0.0253849700093,0.0183589793742,0.00911063794047,0.0107906479388,0.010451471433,0.00432112673298,0.00157017330639,0.00108771712985,0.000340980710462,0.0000683550024405,0.0000117130648505],"mean":[0.0000981958874036,0.00711430376396,0.00340124592185,0.00120707473252,0.00174939329736,0.00244170986116,0.00104438548442,0.00156630494166,0.00259516108781,0.00163261592388,0.000553439196665,0.000804810435511,0.000895241333637,0.000865994603373,0.000947328691836,0.000967849919107,0.000824823277071,0.000627915782388,0.000691389432177,0.000515394320246,0.000291864271276,0.000129960113554,0.0000695567650837,0.0000404489219363,0.0000106457800939,0.00000255489817391,5.22707466644e-7],"median":[0.0000284249708784,0.00573270861059,0.00126911071129,0.000716990907677,0.000959625875112,0.00103217037395,0.000543021480553,0.000621158687863,0.00120091252029,0.000815265637357,0.00025662520784,0.000484083953779,0.000521191046573,0.00045444566058,0.000645328545943,0.000616276403889,0.000523990369402,0.000319356826367,0.00040278310189,0.000230319070397,0.000132244007546,0.0000771459526732,0.0000350094596797,0.0000154200843099,0.00000277829553852,3.03824123193e-7,1.0719253396e-7],"min":[7.36570155713e-24,3.12741065976e-23,6.29766088429e-23,3.28860996812e-23,2.51097439581e-23,3.66728813063e-23,6.03359127399e-23,1.5698773776e-23,3.70038431659e-23,7.93717574716e-23,6.30639262787e-23,5.56836339503e-23,6.29948031308e-23,1.37308510696e-22,1.3636678748e-22,1.05799525497e-22,1.4711670232e-22,2.45404833117e-22,2.10037535542e-22,3.46241704079e-22,3.71901039541e-22,3.61208579018e-22,5.86601260526e-22,9.62009537786e-22,1.11776445635e-21,1.6202225563e-21,2.22052091601e-21],"var":[2.85491221774e-8,0.0000399875134462,0.0000304740733554,0.00000209441577681,0.00000634614571027,0.0000131967199195,0.00000323713993566,0.00000708399602445,0.0000154878453031,0.00000650779747957,9.3999415185e-7,0.00000109099551082,0.00000131522062929,0.00000165141238995,0.00000101465548141,0.00000122805727187,0.00000105637400338,9.83350673778e-7,7.40229950225e-7,7.09371761332e-7,2.79428235217e-7,3.12681898151e-8,1.25201999879e-8,5.24880405806e-9,4.54417947715e-10,3.96432817129e-11,1.09801306502e-12]},"barkbands_crest":{"dmean":2.59895181656,"dmean2":4.31059265137,"dvar":5.45305585861,"dvar2":14.2068548203,"max":25.4080581665,"mean":9.39628601074,"median":8.68326473236,"min":2.70384454727,"var":15.2826557159},"barkbands_flatness_db":{"dmean":0.020309323445,"dmean2":0.029702026397,"dvar":0.000409565400332,"dvar2":0.000853592937347,"max":0.457694888115,"mean":0.138844460249,"median":0.132900848985,"min":0.0457359589636,"var":0.00239093927667},"barkbands_kurtosis":{"dmean":1.42922830582,"dmean2":2.24638581276,"dvar":10.5920619965,"dvar2":22.0230255127,"max":113.723075867,"mean":1.53770089149,"median":-0.178339481354,"min":-1.84681010246,"var":60.3994102478},"barkbands_skewness":{"dmean":0.40968132019,"dmean2":0.647095739841,"dvar":0.190022170544,"dvar2":0.424638420343,"max":8.23887825012,"mean":0.951211035252,"median":0.806977987289,"min":-2.19482278824,"var":0.855269253254},"barkbands_spread":{"dmean":5.12847661972,"dmean2":7.98336076736,"dvar":28.6973457336,"dvar2":64.6754684448,"max":83.2028808594,"mean":26.1692295074,"median":25.9677047729,"min":0.337906628847,"var":118.847969055},"dissonance":{"dmean":0.0159834716469,"dmean2":0.0271027479321,"dvar":0.000285273185,"dvar2":0.00076753058238,"max":0.499999821186,"mean":0.468145757914,"median":0.475898772478,"min":0.0322484262288,"var":0.00113639980555},"dynamic_complexity":1.5940155983,"erbbands":{"dmean":[0.0797738283873,0.934486627579,2.16705584526,2.35963964462,2.81932401657,5.05865526199,10.0502414703,13.8339176178,8.70850372314,11.2837638855,29.3874473572,38.711479187,28.9186496735,22.7377471924,13.3950490952,23.1044502258,24.09806633,22.8887825012,23.174451828,33.1058807373,22.2432613373,19.6416778564,15.9523420334,17.991317749,13.3949508667,12.3156328201,9.97709941864,3.97518491745,2.97714662552,1.60818219185,1.16723716259,0.747002959251,0.499179154634,0.155073225498,0.0663010850549,0.0185029860586,0.00502475351095,0.00116617837921,0.000105103281385,0.0000102203321148],"dmean2":[0.130849212408,1.55098247528,3.59280705452,4.0552778244,4.83624267578,8.74166202545,16.2114658356,22.851568222,14.6301403046,18.0977573395,47.0729141235,60.6140518188,46.0371742249,37.2254905701,22.1367492676,38.4531860352,40.0219917297,37.2829551697,37.7194747925,53.636554718,35.9359092712,31.6129722595,25.1277065277,28.060962677,20.8353404999,19.5102577209,15.4140729904,6.2075009346,4.70616149902,2.52973246574,1.82692325115,1.13007628918,0.813944160938,0.246727973223,0.110041327775,0.0310553181916,0.00833235587925,0.00191301945597,0.000166168538271,0.0000163575696206],"dvar":[0.0109931817278,1.28076124191,13.6558923721,11.0116653442,19.195432663,111.740684509,571.590148926,752.852905273,450.429107666,473.047027588,2413.09130859,4285.10449219,3411.95874023,1564.76306152,687.088623047,1436.97045898,1592.921875,2100.73730469,1386.71154785,2076.8581543,1342.57202148,984.471435547,1068.7220459,865.6015625,486.271270752,712.265869141,513.692260742,63.5343780518,38.7233886719,9.87097167969,6.48985862732,2.62041449547,0.990698814392,0.093961365521,0.021815776825,0.00174723553937,0.000117499890621,0.00000590324816585,3.72416231187e-8,1.26542817891e-10],"dvar2":[0.0288299228996,3.35361409187,32.8579940796,29.7856502533,52.2873039246,309.468933105,1393.62695312,1994.01293945,1167.35546875,1159.62817383,5780.54345703,9598.01757812,8128.64892578,3639.87402344,1784.1027832,3734.86352539,4301.3046875,5291.74121094,3473.09423828,5175.74951172,3433.4230957,2499.97412109,2597.02734375,1903.33605957,1151.63757324,1744.35107422,1187.13122559,151.884490967,92.3293457031,22.8589115143,14.2825212479,5.84838056564,2.47419285774,0.229876235127,0.0579162351787,0.00457854103297,0.000305638794089,0.0000152328575496,9.00509107282e-8,3.12596670771e-10],"max":[1.28470861912,9.91495513916,50.044254303,46.9157714844,66.346282959,155.414428711,432.700195312,418.732116699,482.432647705,432.558837891,1008.49530029,1142.71826172,1153.04797363,1189.85583496,786.772094727,637.192443848,731.936340332,1303.68383789,772.73815918,1068.42907715,1140.12255859,793.874633789,1034.38098145,649.240112305,510.200378418,555.424438477,656.583312988,163.843215942,196.10194397,75.8854751587,50.3464736938,35.0442504883,16.8284854889,6.14229249954,1.42202627659,0.403557538986,0.122950181365,0.0255696214736,0.00202531530522,0.000132029221277],"mean":[0.143052980304,1.80515527725,4.36096954346,3.77764725685,3.99244952202,6.50414609909,14.8167676926,20.4853687286,12.8428077698,20.0422096252,47.3881225586,67.980430603,46.2466316223,39.4179534912,23.9535484314,37.364780426,42.0994873047,41.3283500671,45.0149917603,65.2789611816,48.6135826111,41.9337120056,33.446105957,39.652961731,29.8160896301,23.2060451508,18.4448051453,7.43734884262,5.40790843964,2.8508181572,1.83917891979,1.08456683159,0.549142003059,0.171041846275,0.0579831525683,0.0150060234591,0.00421025184914,0.000998573726974,0.000113660433271,0.0000403759549954],"median":[0.0958764776587,1.48699975014,2.33811378479,2.51867651939,2.48319625854,3.41988253593,5.56723737717,7.98900032043,6.89926481247,10.8509511948,22.5361118317,31.6126689911,22.958070755,23.8191070557,15.7762584686,22.4218883514,25.433423996,23.4920272827,28.7399368286,44.1227874756,32.15184021,27.5092735291,20.5957145691,21.5208282471,17.7766914368,11.2030487061,6.90903234482,4.22807502747,3.13670873642,1.6438781023,0.887943744659,0.461216986179,0.180048525333,0.0517854392529,0.0103848837316,0.00183658651076,0.000561395660043,0.00015714498295,0.0000389764500142,0.0000400026365242],"min":[4.04473169427e-22,7.3861574146e-21,5.7355230259e-20,1.23522014918e-19,4.57664298771e-20,1.19261995989e-19,3.23407120939e-19,3.54119690848e-19,4.4920797967e-19,4.93070369024e-19,2.49031770697e-19,7.79604337345e-19,1.59756276495e-18,2.34772262611e-18,2.79538987849e-18,2.43839568332e-18,3.01014643823e-18,4.97963307783e-18,9.49139543041e-18,4.54988379829e-18,8.12599155433e-18,8.59889484643e-18,1.1367753734e-17,1.32748434516e-17,1.01752661747e-17,1.49061056581e-17,1.59515693082e-17,1.46282887776e-17,1.25739882079e-17,1.34845188476e-17,1.60886281726e-17,1.80909147982e-17,1.53649228916e-17,1.08638907259e-17,8.58579975015e-18,6.10803026968e-18,2.97657551987e-18,1.17256739578e-18,2.87709340273e-19,3.07198949813e-20],"var":[0.0219229571521,2.6566927433,35.7986526489,15.597650528,21.9066143036,109.46244812,830.333679199,1023.37915039,519.277893066,987.303588867,4746.81787109,11348.7138672,5735.84521484,3617.23608398,968.249206543,2314.97558594,2694.8581543,3512.36621094,2750.75146484,4662.88476562,3175.38964844,2351.31225586,2214.52880859,2887.19775391,1327.01330566,1329.57922363,1265.86584473,111.206466675,57.6716880798,15.3120660782,10.4643936157,4.07324123383,1.0723695755,0.104907363653,0.0176227465272,0.00141983991489,0.00010020602349,0.00000513883151143,3.70606727529e-8,3.12534415015e-10]},"erbbands_crest":{"dmean":2.54345035553,"dmean2":4.15662384033,"dvar":5.83637094498,"dvar2":14.4371776581,"max":29.1749095917,"mean":8.93772220612,"median":7.87681055069,"min":2.66852736473,"var":17.934677124},"erbbands_flatness_db":{"dmean":0.0179035868496,"dmean2":0.0258995909244,"dvar":0.000304991350276,"dvar2":0.000608808069956,"max":0.432592481375,"mean":0.188963547349,"median":0.181924343109,"min":0.0813296288252,"var":0.00205174973235},"erbbands_kurtosis":{"dmean":0.697202503681,"dmean2":1.11682629585,"dvar":0.99801170826,"dvar2":1.98287582397,"max":67.5583953857,"mean":0.34079310298,"median":-0.242429733276,"min":-1.85921466351,"var":16.5438137054},"erbbands_skewness":{"dmean":0.347255796194,"dmean2":0.541569411755,"dvar":0.102410145104,"dvar2":0.225845590234,"max":5.66178655624,"mean":-0.0489425398409,"median":-0.0781917199492,"min":-3.37043762207,"var":0.529297947884},"erbbands_spread":{"dmean":5.7219042778,"dmean2":8.95672798157,"dvar":35.8079185486,"dvar2":81.9954910278,"max":119.088493347,"mean":32.0945320129,"median":29.7537479401,"min":1.04096841812,"var":185.283325195},"gfcc":{"cov":[[3841.44335938,-877.329162598,-91.5215759277,386.970092773,-26.4208049774,463.413269043,-154.919692993,254.525802612,-166.828216553,161.36227417,-95.1639862061,102.564315796,12.5685892105],[-877.329162598,786.293395996,-129.089584351,-30.1700973511,173.103607178,-136.485839844,200.587783813,-124.452339172,115.050483704,-99.6448516846,88.8056106567,-77.0184326172,17.9556770325],[-91.5215759277,-129.089584351,685.306762695,145.771896362,-31.2260551453,100.423309326,-117.895523071,73.4318695068,-29.6098937988,67.5127258301,-8.17080307007,34.1791572571,-16.1094036102],[386.970092773,-30.1700973511,145.771896362,599.512084961,19.63438797,53.6642608643,44.5240287781,-21.980802536,55.0525817871,29.9615211487,74.7757873535,-25.7200565338,71.9294815063],[-26.4208049774,173.103607178,-31.2260551453,19.63438797,263.921875,56.9845504761,68.7527084351,52.036026001,37.3434867859,-6.55916786194,12.5467786789,-7.32569217682,-11.171497345],[463.413269043,-136.485839844,100.423309326,53.6642608643,56.9845504761,249.938858032,17.6229114532,76.3800582886,-7.09554576874,8.43148422241,-9.97033214569,12.2391700745,-19.737285614],[-154.919692993,200.587783813,-117.895523071,44.5240287781,68.7527084351,17.6229114532,185.215606689,-0.855331242085,42.4602088928,-27.0573577881,22.0711536407,-38.1706237793,-1.17374932766],[254.525802612,-124.452339172,73.4318695068,-21.980802536,52.036026001,76.3800582886,-0.855331242085,144.285354614,10.6538181305,27.8006458282,-21.0608634949,10.9160270691,-22.0639896393],[-166.828216553,115.050483704,-29.6098937988,55.0525817871,37.3434867859,-7.09554576874,42.4602088928,10.6538181305,105.727760315,6.60357999802,19.3671379089,-22.9422645569,11.5181303024],[161.36227417,-99.6448516846,67.5127258301,29.9615211487,-6.55916786194,8.43148422241,-27.0573577881,27.8006458282,6.60357999802,98.1977081299,8.42996788025,12.9868164062,3.73287200928],[-95.1639862061,88.8056106567,-8.17080307007,74.7757873535,12.5467786789,-9.97033214569,22.0711536407,-21.0608634949,19.3671379089,8.42996788025,88.9201583862,14.94972229,14.6661787033],[102.564315796,-77.0184326172,34.1791572571,-25.7200565338,-7.32569217682,12.2391700745,-38.1706237793,10.9160270691,-22.9422645569,12.9868164062,14.94972229,80.9476928711,27.3665790558],[12.5685892105,17.9556770325,-16.1094036102,71.9294815063,-11.171497345,-19.737285614,-1.17374932766,-22.0639896393,11.5181303024,3.73287200928,14.6661787033,27.3665790558,92.7051010132]],"icov":[[0.00101676979102,-0.00138907635119,0.00176014786121,-0.00186652550474,0.00124142994173,-0.00218259682879,0.00204488518648,-0.00255340430886,0.00262496829964,-0.0023452215828,0.00248505128548,-0.00184057408478,0.000906867848244],[-0.00138907635119,0.00918825343251,-0.00488836457953,0.00548764923587,-0.00632764212787,0.00600163498893,-0.0080511784181,0.00925352796912,-0.0082232747227,0.0080762989819,-0.00950427353382,0.00727722700685,-0.00403107330203],[0.00176014786121,-0.00488836457953,0.00598546350375,-0.00495517533273,0.00391064537689,-0.00528451800346,0.00653481995687,-0.00706850364804,0.00637845369056,-0.00635885307565,0.00660003209487,-0.0053110551089,0.00332679017447],[-0.00186652550474,0.00548764923587,-0.00495517533273,0.00728070735931,-0.00417729141191,0.00443996954709,-0.0061697550118,0.00746904872358,-0.00707485759631,0.00580246327445,-0.00907036010176,0.00756770838052,-0.00533218961209],[0.00124142994173,-0.00632764212787,0.00391064537689,-0.00417729141191,0.00923305749893,-0.00520358514041,0.00453924154863,-0.00827790424228,0.00510174781084,-0.00548327388242,0.006359659601,-0.00566520635039,0.00332323252223],[-0.00218259682879,0.00600163498893,-0.00528451800346,0.00443996954709,-0.00520358514041,0.0114145679399,-0.007501185406,0.00558164156973,-0.00672494666651,0.00751946493983,-0.0070402501151,0.00444770371541,-0.00185957562644],[0.00204488518648,-0.0080511784181,0.00653481995687,-0.0061697550118,0.00453924154863,-0.007501185406,0.0161535441875,-0.0097487103194,0.00728730624542,-0.00672308914363,0.00735861668363,-0.00385089614429,0.00337702641264],[-0.00255340430886,0.00925352796912,-0.00706850364804,0.00746904872358,-0.00827790424228,0.00558164156973,-0.0097487103194,0.0216276329011,-0.0123096052557,0.00715451687574,-0.00816399976611,0.00600533327088,-0.00249468139373],[0.00262496829964,-0.0082232747227,0.00637845369056,-0.00707485759631,0.00510174781084,-0.00672494666651,0.00728730624542,-0.0123096052557,0.0223503187299,-0.0102403750643,0.00778704276308,-0.00352637073956,0.0016246503219],[-0.0023452215828,0.0080762989819,-0.00635885307565,0.00580246327445,-0.00548327388242,0.00751946493983,-0.00672308914363,0.00715451687574,-0.0102403750643,0.0208785384893,-0.0112537732348,0.00660628359765,-0.00403375690803],[0.00248505128548,-0.00950427353382,0.00660003209487,-0.00907036010176,0.006359659601,-0.0070402501151,0.00735861668363,-0.00816399976611,0.00778704276308,-0.0112537732348,0.0269496124238,-0.0148869752884,0.00672286283225],[-0.00184057408478,0.00727722700685,-0.0053110551089,0.00756770838052,-0.00566520635039,0.00444770371541,-0.00385089614429,0.00600533327088,-0.00352637073956,0.00660628359765,-0.0148869752884,0.0271214991808,-0.0117888422683],[0.000906867848244,-0.00403107330203,0.00332679017447,-0.00533218961209,0.00332323252223,-0.00185957562644,0.00337702641264,-0.00249468139373,0.0016246503219,-0.00403375690803,0.00672286283225,-0.0117888422683,0.0179906673729]],"mean":[9.56442070007,121.302734375,-153.059661865,44.7597312927,-51.3487701416,7.38464069366,-21.8879528046,4.53968763351,-6.65585660934,-5.47917556763,-8.18909358978,-9.27471923828,-5.060131073]},"hfc":{"dmean":5.96627092361,"dmean2":9.10823059082,"dvar":47.5524139404,"dvar2":104.921875,"max":105.064041138,"mean":26.1259346008,"median":24.787273407,"min":1.11125494898e-16,"var":191.46697998},"melbands":{"dmean":[0.000889014918357,0.00112477550283,0.000404998194426,0.000266089278739,0.000312897260301,0.000300456245895,0.000131856781081,0.000133052555611,0.000262171786744,0.00022340034775,0.000148784267367,0.000102585319837,0.000050267251936,0.0000615279204794,0.0000536558727617,0.0000506323158334,0.0000446961130365,0.0000417821538576,0.0000374681148969,0.0000430687214248,0.0000295008849207,0.0000241033976636,0.0000165662258951,0.0000184221353265,0.0000161489206221,0.0000119688775158,0.00000954129518504,0.00000895230641618,0.00000829003056424,0.00000367028769688,0.00000205193168767,0.00000184841769624,0.00000125456710975,8.9415976845e-7,7.02079375969e-7,5.79789684707e-7,4.15902974282e-7,3.88614864733e-7,2.21649429477e-7,1.03698340581e-7],"dmean2":[0.0014716697624,0.0018596277805,0.000692271452863,0.000456872949144,0.000509290373884,0.000496153195854,0.000219233857933,0.000214480125578,0.000416905793827,0.000348744768417,0.000238698616158,0.000167943304405,0.0000828235279187,0.000103352314909,0.0000888122231117,0.0000833226877148,0.0000729157909518,0.0000686090716044,0.000060269554524,0.0000702211327734,0.0000477243047499,0.0000393048176193,0.0000266073857347,0.0000290433181362,0.0000253997986874,0.0000189278871403,0.0000150586238306,0.0000143647193909,0.0000129410618683,0.00000581589983994,0.0000032408838706,0.00000294269102596,0.00000200034605768,0.00000144249509049,0.00000111916347123,8.95706591564e-7,6.30803071999e-7,6.46399485049e-7,3.58932197742e-7,1.64938896319e-7],"dvar":[0.00000117355341445,0.00000261152376879,3.15883227131e-7,2.6837122391e-7,4.85665452743e-7,3.38307614811e-7,9.51615604095e-8,6.33371897152e-8,1.62410827897e-7,1.4304923468e-7,9.05648818161e-8,2.97293833995e-8,1.10793543229e-8,9.25284826536e-9,8.68935234877e-9,6.95127910788e-9,8.39890557103e-9,5.03424280041e-9,2.77961209605e-9,4.01502697756e-9,2.74392708555e-9,1.73400449555e-9,8.89371132295e-10,1.50727264003e-9,7.61850860176e-10,4.23908769198e-10,4.15135509302e-10,4.45569747765e-10,4.14360851186e-10,5.32174096457e-11,1.75042532552e-11,1.49133795591e-11,7.00281976504e-12,2.94368435877e-12,2.13603093546e-12,2.11368097504e-12,7.29669254705e-13,6.01436598007e-13,2.33979095864e-13,4.0912941573e-14],"dvar2":[0.00000314855537908,0.00000654055156701,8.39357369387e-7,7.3408790513e-7,0.00000119394519515,8.90978526513e-7,2.42259773131e-7,1.56912719262e-7,3.87875331853e-7,3.16625630603e-7,2.16184957935e-7,6.94241748533e-8,2.81472729569e-8,2.4418271849e-8,2.28286989312e-8,1.88430426817e-8,2.06801242797e-8,1.26918262566e-8,6.80493483785e-9,1.00805026548e-8,6.98629420981e-9,4.42929115607e-9,2.13560258366e-9,3.57630036696e-9,1.66290592407e-9,1.05902953074e-9,1.00991093266e-9,1.1080066864e-9,9.74535230291e-10,1.28394572751e-10,4.20473447726e-11,3.60721418013e-11,1.65441809558e-11,7.00091720707e-12,4.74758470384e-12,4.70262934496e-12,1.65901081935e-12,1.53443653183e-12,5.75056278637e-13,1.01725614423e-13],"max":[0.0104112625122,0.0197816416621,0.00707424851134,0.00812967680395,0.0120565444231,0.00843697227538,0.00711171934381,0.00457510538399,0.00849243067205,0.00655080238357,0.00581903709099,0.00507973972708,0.00287633389235,0.0014654668048,0.00187899824232,0.00184245198034,0.00248740590177,0.00140388216823,0.00102651165798,0.00120384432375,0.00170351029374,0.00123262708075,0.000626559893135,0.000939529854804,0.000582152453717,0.000524612492882,0.000611396448221,0.000515091640409,0.000594924204051,0.000142643417348,0.000077372751548,0.000113113674161,0.0000778189350967,0.0000382382895623,0.000028519458283,0.0000285530040856,0.0000164266093634,0.0000122617630041,0.00000894497134141,0.00000351123821929],"mean":[0.00166731863283,0.00241412827745,0.000687648484018,0.000359055527952,0.000473945779959,0.0004512857995,0.000200898997718,0.000227868076763,0.000433401815826,0.000384232465876,0.000224813615205,0.000171498555574,0.0000797359170974,0.0000942837723414,0.0000894477198017,0.0000877958082128,0.000075264062616,0.0000727519363863,0.0000739704846637,0.0000785400552559,0.000056324279285,0.0000465114098915,0.0000302086500596,0.000033533997339,0.0000322579071508,0.0000241029956669,0.0000179945727723,0.0000148760454977,0.0000139833000503,0.00000621037088422,0.00000350362029167,0.00000319283367389,0.00000214653869079,0.00000141998305025,0.00000108513449959,8.39279664433e-7,5.76517948048e-7,4.14692181039e-7,2.33684090745e-7,1.13354765574e-7],"median":[0.00131266016979,0.00188640563283,0.000477439316455,0.000211544465856,0.000200264141313,0.000186668941751,0.000107654494059,0.000122649871628,0.000214029467315,0.000173630323843,0.0000994403671939,0.000100736870081,0.0000435249858128,0.0000568421091884,0.0000547780728084,0.0000523870548932,0.0000405912651331,0.0000428902603744,0.000050074828323,0.00005079116454,0.0000325088585669,0.0000274078629445,0.0000194876902242,0.0000157188260346,0.0000160248691827,0.0000140143120007,0.00000920073034649,0.00000623228424956,0.00000431191983807,0.00000298067925542,0.00000195604525288,0.00000177252422873,0.00000120211075227,7.5499730201e-7,5.24657536971e-7,3.60510199471e-7,2.30203852425e-7,1.35704794957e-7,6.536943431e-8,3.38990666648e-8],"min":[6.14385620028e-24,2.33598879649e-23,1.89040986496e-23,5.49187567832e-24,1.21691521285e-23,7.70752208711e-24,8.43208530653e-24,4.84143974601e-24,1.94124311506e-24,5.27732957236e-24,8.13008963049e-24,9.25708471868e-24,9.53153810508e-24,6.64565614412e-24,5.33630915237e-24,7.75896291788e-24,9.38739112959e-24,1.61052454015e-23,9.23379360045e-24,4.30030995845e-24,8.90397164484e-24,9.47913880831e-24,7.52304459784e-24,1.27942455098e-23,1.05636923909e-23,7.36791273425e-24,9.24651634913e-24,1.05137645954e-23,9.12273224019e-24,8.78477633979e-24,7.77208956334e-24,7.48136276533e-24,6.18550726721e-24,8.302695552e-24,7.76436030419e-24,1.32079257462e-23,9.53123360477e-24,9.51382975548e-24,1.11940695626e-23,8.96345254596e-24],"var":[0.00000232669572142,0.0000061075065787,4.78270408166e-7,2.72367458365e-7,6.99350096056e-7,4.62545045821e-7,1.23600827351e-7,1.241468226e-7,3.4363603163e-7,3.71474897065e-7,1.51058898723e-7,7.04188352074e-8,1.6127852831e-8,1.49453764919e-8,1.35956685909e-8,1.22701919736e-8,1.36284370456e-8,9.10369113427e-9,6.17238615774e-9,7.81180098386e-9,5.95312776852e-9,3.80529296962e-9,1.63240487794e-9,3.41686323679e-9,2.35852914976e-9,9.72021463319e-10,8.75288730384e-10,7.31047777869e-10,9.33941812775e-10,1.05572758868e-10,2.73171468085e-11,2.14157181572e-11,1.01971061803e-11,4.26094272712e-12,3.44907002264e-12,3.14665654644e-12,1.1209392789e-12,6.12353267052e-13,2.48120778481e-13,4.41311992104e-14]},"melbands_crest":{"dmean":3.18389940262,"dmean2":5.21300983429,"dvar":8.66487216949,"dvar2":21.9654026031,"max":30.1365852356,"mean":13.4032506943,"median":12.8696174622,"min":2.3819861412,"var":23.9976406097},"melbands_flatness_db":{"dmean":0.0251064188778,"dmean2":0.037964835763,"dvar":0.000647239736281,"dvar2":0.00137575156987,"max":0.573659539223,"mean":0.188653334975,"median":0.18014113605,"min":0.00447420263663,"var":0.00340302078985},"melbands_kurtosis":{"dmean":3.58845424652,"dmean2":5.73290014267,"dvar":48.3885421753,"dvar2":112.622070312,"max":150.360198975,"mean":6.44915723801,"median":3.22342777252,"min":-1.75843608379,"var":136.8309021},"melbands_skewness":{"dmean":0.553492963314,"dmean2":0.878610253334,"dvar":0.33236309886,"dvar2":0.782950997353,"max":10.0085487366,"mean":1.93071424961,"median":1.75944137573,"min":-1.92981040478,"var":1.5055577755},"melbands_spread":{"dmean":7.43293380737,"dmean2":11.7341890335,"dvar":69.331741333,"dvar2":160.378631592,"max":146.096450806,"mean":29.970785141,"median":28.7748603821,"min":0.644884824753,"var":206.77973938},"mfcc":{"cov":[[3403.6809082,-684.529602051,-207.445373535,89.5160827637,86.1097488403,157.231140137,107.936294556,63.3409729004,57.9021263123,74.7706756592,-31.6975517273,35.3021087646,8.89667320251],[-684.529602051,706.719177246,-239.657745361,-55.8350486755,2.47029781342,-0.696993887424,46.803817749,43.9236450195,14.0446529388,-14.8182649612,62.7095680237,-21.2462253571,-2.92036175728],[-207.445373535,-239.657745361,701.169494629,89.3387451172,101.797332764,27.8868427277,-12.9370718002,-27.0539875031,-24.7459888458,11.5896968842,-22.7581996918,27.9211921692,17.117515564],[89.5160827637,-55.8350486755,89.3387451172,453.782958984,38.1181602478,87.513130188,9.99501132965,-18.2427845001,-5.17612981796,52.6837692261,-19.651014328,24.0833511353,45.0923500061],[86.1097488403,2.47029781342,101.797332764,38.1181602478,225.73500061,30.0378456116,33.6305274963,38.7717590332,27.6571407318,26.966714859,13.2439842224,18.1809844971,35.9098892212],[157.231140137,-0.696993887424,27.8868427277,87.513130188,30.0378456116,153.21887207,49.7784614563,30.1058864594,13.3031730652,21.139799118,19.519657135,11.7636032104,1.2393784523],[107.936294556,46.803817749,-12.9370718002,9.99501132965,33.6305274963,49.7784614563,127.108673096,55.7615318298,14.3243675232,23.2731819153,28.9719409943,3.23899698257,2.21940159798],[63.3409729004,43.9236450195,-27.0539875031,-18.2427845001,38.7717590332,30.1058864594,55.7615318298,124.311424255,30.8082637787,16.3191242218,33.9531936646,-1.93155050278,-4.13464927673],[57.9021263123,14.0446529388,-24.7459888458,-5.17612981796,27.6571407318,13.3031730652,14.3243675232,30.8082637787,104.34992218,33.8534469604,-0.509075880051,14.7957086563,2.56684041023],[74.7706756592,-14.8182649612,11.5896968842,52.6837692261,26.966714859,21.139799118,23.2731819153,16.3191242218,33.8534469604,102.45149231,29.9676570892,5.07867622375,11.9610891342],[-31.6975517273,62.7095680237,-22.7581996918,-19.651014328,13.2439842224,19.519657135,28.9719409943,33.9531936646,-0.509075880051,29.9676570892,105.498954773,6.93118143082,-14.0394496918],[35.3021087646,-21.2462253571,27.9211921692,24.0833511353,18.1809844971,11.7636032104,3.23899698257,-1.93155050278,14.7957086563,5.07867622375,6.93118143082,75.0896682739,27.1298046112],[8.89667320251,-2.92036175728,17.117515564,45.0923500061,35.9098892212,1.2393784523,2.21940159798,-4.13464927673,2.56684041023,11.9610891342,-14.0394496918,27.1298046112,85.0119857788]],"icov":[[0.000484597403556,0.000618698133621,0.000404375547078,0.0000226519769058,-0.000257090374362,-0.00039579247823,-0.000359987374395,-0.0000537621344847,-0.0000194104450202,-0.000120001372125,0.000140789867146,-0.0000984889702522,0.00007040471246],[0.000618698133621,0.00256101973355,0.00105906708632,0.00000342734733749,-0.000503040966578,-0.000379567529308,-0.000914956035558,-0.0000564124857192,-0.000393911934225,0.000656235963106,-0.000973802991211,0.000510138284881,-0.000356728618499],[0.000404375547078,0.00105906708632,0.00216369284317,-0.000130637985421,-0.00114485167433,-0.000511065940373,-0.000195236425498,0.000241213667323,0.000601228850428,-0.000208095996641,0.000295814621495,-0.000546577968635,0.000369970832253],[0.0000226519769058,0.00000342734733749,-0.000130637985421,0.00295531563461,-0.000103622478491,-0.00177064386662,0.000276105711237,0.000423752702773,0.000834495469462,-0.00171042233706,0.00104738865048,-0.000413204863435,-0.000940234109294],[-0.000257090374362,-0.000503040966578,-0.00114485167433,-0.000103622478491,0.00589084485546,-0.0000612135481788,-0.000379766512197,-0.00123679940589,-0.00111161603127,-0.000166223937413,-0.000544532726053,0.000122085650219,-0.00231452472508],[-0.00039579247823,-0.000379567529308,-0.000511065940373,-0.00177064386662,-0.0000612135481788,0.00916021037847,-0.00245880102739,-0.000722988741472,-0.000615495548118,0.000434605986811,-0.00106451637112,-0.000661759346258,0.000984638696536],[-0.000359987374395,-0.000914956035558,-0.000195236425498,0.000276105711237,-0.000379766512197,-0.00245880102739,0.0115180499852,-0.00378079549409,0.000717254064512,-0.00141279143281,-0.00062398071168,-0.000109474778583,-0.000280209409539],[-0.0000537621344847,-0.0000564124857192,0.000241213667323,0.000423752702773,-0.00123679940589,-0.000722988741472,-0.00378079549409,0.0118358945474,-0.00295986491255,0.000934646290261,-0.00270922249183,0.00143793819007,-0.0000107575788206],[-0.0000194104450202,-0.000393911934225,0.000601228850428,0.000834495469462,-0.00111161603127,-0.000615495548118,0.000717254064512,-0.00295986491255,0.0131517667323,-0.00522788567469,0.00354327447712,-0.00354916811921,0.00179691088852],[-0.000120001372125,0.000656235963106,-0.000208095996641,-0.00171042233706,-0.000166223937413,0.000434605986811,-0.00141279143281,0.000934646290261,-0.00522788567469,0.0144269829616,-0.00535361981019,0.00232967082411,-0.00236913817935],[0.000140789867146,-0.000973802991211,0.000295814621495,0.00104738865048,-0.000544532726053,-0.00106451637112,-0.00062398071168,-0.00270922249183,0.00354327447712,-0.00535361981019,0.0138949323446,-0.0034140041098,0.00349722383544],[-0.0000984889702522,0.000510138284881,-0.000546577968635,-0.000413204863435,0.000122085650219,-0.000661759346258,-0.000109474778583,0.00143793819007,-0.00354916811921,0.00232967082411,-0.0034140041098,0.016909468919,-0.00579280313104],[0.00007040471246,-0.000356728618499,0.000369970832253,-0.000940234109294,-0.00231452472508,0.000984638696536,-0.000280209409539,-0.0000107575788206,0.00179691088852,-0.00236913817935,0.00349722383544,-0.00579280313104,0.0158430542797]],"mean":[-615.482543945,133.83505249,-28.9512042999,33.4723854065,-2.27100491524,8.36706829071,-2.98694586754,8.54164409637,2.84327507019,10.4559707642,0.682220041752,1.05272090435,-1.67058944702]},"pitch_salience":{"dmean":0.0706248730421,"dmean2":0.113401710987,"dvar":0.00401195092127,"dvar2":0.010061070323,"max":0.9412317276,"mean":0.528413832188,"median":0.528220534325,"min":0.166951179504,"var":0.0109186377376},"silence_rate_20dB":{"dmean":0,"dmean2":0,"dvar":0,"dvar2":0,"max":1,"mean":1,"median":1,"min":1,"var":0},"silence_rate_30dB":{"dmean":0,"dmean2":0,"dvar":0,"dvar2":0,"max":1,"mean":1,"median":1,"min":1,"var":0},"silence_rate_60dB":{"dmean":0.00143143429887,"dmean2":0.00286327837966,"dvar":0.00142936117481,"dvar2":0.00314133591019,"max":1,"mean":0.0141691714525,"median":0,"min":0,"var":0.0139683941379},"spectral_centroid":{"dmean":259.130737305,"dmean2":395.161560059,"dvar":88381.03125,"dvar2":177856.828125,"max":10722.5810547,"mean":1687.50549316,"median":1666.17053223,"min":158.837677002,"var":322335.65625},"spectral_complexity":{"dmean":3.97079873085,"dmean2":6.19928407669,"dvar":15.1872882843,"dvar2":31.9655628204,"max":54,"mean":26.6443386078,"median":27,"min":0,"var":88.0218963623},"spectral_contrast_coeffs":{"dmean":[0.0509612224996,0.0511458590627,0.042251393199,0.0337297655642,0.0258596707135,0.0247544795275],"dmean2":[0.0852698609233,0.083822697401,0.0685770735145,0.0546022728086,0.0404848381877,0.0364593230188],"dvar":[0.00186190824024,0.00176282087341,0.00111408310477,0.000741208496038,0.00048279404291,0.000508485420141],"dvar2":[0.00507587566972,0.00451777828857,0.00281503470615,0.00181773025542,0.00107608316466,0.00102183525451],"max":[-0.356832027435,-0.378508806229,-0.486003220081,-0.540079772472,-0.555271804333,-0.516419053078],"mean":[-0.669729948044,-0.712317109108,-0.741549670696,-0.759326100349,-0.754080891609,-0.709675908089],"median":[-0.676734626293,-0.718577802181,-0.748417854309,-0.763060867786,-0.757069408894,-0.710411369801],"min":[-0.985353946686,-0.988622307777,-0.979184806347,-0.979939162731,-0.978211939335,-0.977900445461],"var":[0.00495948316529,0.00522262044251,0.00436693802476,0.00242764037102,0.00233364710584,0.00256037618965]},"spectral_contrast_valleys":{"dmean":[0.400051683187,0.373906224966,0.325716018677,0.28744083643,0.250703513622,0.406904131174],"dmean2":[0.671651721001,0.606506764889,0.5230692029,0.449652254581,0.373943179846,0.536370813847],"dvar":[0.142899170518,0.146155133843,0.117737710476,0.105949960649,0.0997068658471,0.210144162178],"dvar2":[0.31746339798,0.29011952877,0.21189416945,0.175871253014,0.155095040798,0.39492893219],"max":[-5.53446912766,-4.62506055832,-5.12012147903,-5.55858516693,-5.53543615341,-8.31268310547],"mean":[-7.05199575424,-6.53257799149,-6.97762489319,-7.17175912857,-7.16852378845,-10.6150569916],"median":[-6.87623691559,-6.45174980164,-6.83330059052,-7.03714847565,-7.02008962631,-10.5187711716],"min":[-26.8521671295,-27.5282249451,-27.0144500732,-26.9634971619,-27.2063961029,-27.3554611206],"var":[0.738332033157,0.586302220821,0.733758687973,0.720727443695,0.695612847805,1.03176903725]},"spectral_decrease":{"dmean":1.8911556765e-9,"dmean2":3.09507264262e-9,"dvar":3.94578924745e-18,"dvar2":1.01513110241e-17,"max":-6.67551453034e-29,"mean":-7.60961160751e-9,"median":-7.65677921066e-9,"min":-2.45006930299e-8,"var":1.06296877703e-17},"spectral_energy":{"dmean":0.00744802644476,"dmean2":0.0121416738257,"dvar":0.0000603515109106,"dvar2":0.000154388093506,"max":0.0978346541524,"mean":0.031090060249,"median":0.0313111282885,"min":1.03313525648e-20,"var":0.00017084479623},"spectral_energyband_high":{"dmean":0.000392024841858,"dmean2":0.000597889826167,"dvar":5.19334719229e-7,"dvar2":0.00000118750790534,"max":0.0137277403846,"mean":0.000821248278953,"median":0.000451961066574,"min":7.45875543805e-21,"var":0.00000119157982681},"spectral_energyband_low":{"dmean":0.00497800018638,"dmean2":0.00821733474731,"dvar":0.0000373942275473,"dvar2":0.0000983106074273,"max":0.0641939565539,"mean":0.0112334648147,"median":0.0104787480086,"min":1.21536669467e-22,"var":0.0000832086079754},"spectral_energyband_middle_high":{"dmean":0.00241923192516,"dmean2":0.0037909054663,"dvar":0.0000077762233559,"dvar2":0.0000187082878256,"max":0.0462970100343,"mean":0.00889273174107,"median":0.00806384999305,"min":1.59662256432e-21,"var":0.0000316523546644},"spectral_energyband_middle_low":{"dmean":0.00431644776836,"dmean2":0.00688769621775,"dvar":0.0000278483166767,"dvar2":0.0000687918218318,"max":0.0639131367207,"mean":0.0110263582319,"median":0.00926392525434,"min":3.149448278e-22,"var":0.0000550534059585},"spectral_entropy":{"dmean":0.133372470737,"dmean2":0.198285713792,"dvar":0.0209110192955,"dvar2":0.0429989621043,"max":9.79985237122,"mean":7.53285264969,"median":7.59325790405,"min":4.43292474747,"var":0.1643987149},"spectral_flux":{"dmean":0.0218436252326,"dmean2":0.0337039530277,"dvar":0.000444109988166,"dvar2":0.000964859966189,"max":0.268976986408,"mean":0.0956388041377,"median":0.0924883037806,"min":1.03803826645e-10,"var":0.00123563408852},"spectral_kurtosis":{"dmean":2.15295267105,"dmean2":3.71855068207,"dvar":8.66051483154,"dvar2":23.2922935486,"max":97.3023834229,"mean":4.75888872147,"median":3.65113639832,"min":-1.23594903946,"var":38.6890602112},"spectral_rms":{"dmean":0.000662104343064,"dmean2":0.00106794538442,"dvar":4.30944538721e-7,"dvar2":0.0000010672672488,"max":0.00976977217942,"mean":0.00535986432806,"median":0.00552697386593,"min":3.17480200115e-12,"var":0.0000016036060515},"spectral_rolloff":{"dmean":448.435272217,"dmean2":742.006530762,"dvar":413590.03125,"dvar2":816975.625,"max":18583.1542969,"mean":1722.99414062,"median":1658.05664062,"min":86.1328125,"var":908960.1875},"spectral_skewness":{"dmean":0.26457631588,"dmean2":0.431366324425,"dvar":0.0675779208541,"dvar2":0.174390882254,"max":7.86023664474,"mean":1.26848804951,"median":1.20287120342,"min":-0.27985611558,"var":0.409000039101},"spectral_spread":{"dmean":382573.8125,"dmean2":557524.5625,"dvar":383345655808,"dvar2":487090487296,"max":42292904,"mean":3245800.75,"median":3151672.75,"min":1005147.5625,"var":929097515008},"spectral_strongpeak":{"dmean":0.584736466408,"dmean2":1.02304887772,"dvar":1.04621660709,"dvar2":2.80913209915,"max":13.0556697845,"mean":0.928788781166,"median":0.443669468164,"min":0,"var":1.34900414944},"zerocrossingrate":{"dmean":0.00793530419469,"dmean2":0.0097943553701,"dvar":0.000120357297419,"dvar2":0.000150323889102,"max":0.515625,"mean":0.0581571832299,"median":0.05712890625,"min":0.00341796875,"var":0.000452175765531}},"metadata":{"audio_properties":{"analysis_sample_rate":44100,"bit_rate":325525,"codec":"aac","downmix":"mix","equal_loudness":0,"length":162.19732666,"lossless":false,"md5_encoded":"fae9d826ea3d83891970b6dae1272b06","replay_gain":-16.1577529907,"sample_rate":48000},"tags":{"album":["Original Sin"],"artist":["INXS"],"file_name":"copy1273425456141135746.m4a","musicbrainz_recordingid":["c6a52bb6-e76e-410b-87d7-e3ba42942d38"],"title":["Just Keep Walking (feat. Dan Sultan)"],"tracknumber":["7"]},"version":{"essentia":"2.1-beta2","essentia_build_sha":"cead25079874084f62182a551b7393616cd33d87","essentia_git_sha":"v2.1_beta2-1-ge3940c0","extractor":"music 1.0"}},"rhythm":{"beats_count":301,"beats_loudness":{"dmean":0.00974743720144,"dmean2":0.0158505514264,"dvar":0.0000739715032978,"dvar2":0.000186735938769,"max":0.0945675447583,"mean":0.0379161387682,"median":0.0378024466336,"min":0.000979371601716,"var":0.000155517540406},"beats_loudness_band_ratio":{"dmean":[0.232253804803,0.171553760767,0.127514362335,0.0885094925761,0.0627362281084,0.0373262576759],"dmean2":[0.435149222612,0.32484036684,0.218583807349,0.155756652355,0.104618884623,0.0667498260736],"dvar":[0.0309565961361,0.0239896532148,0.0130443461239,0.0100716687739,0.00422824406996,0.00125291175209],"dvar2":[0.106109283864,0.0818658620119,0.0411677286029,0.0301925409585,0.011531252414,0.00364313204773],"max":[0.897890031338,0.720664799213,0.926518380642,0.808863580227,0.535021543503,0.167731523514],"mean":[0.357744991779,0.176645115018,0.192848607898,0.160461872816,0.107708588243,0.0466726496816],"median":[0.351945191622,0.118152208626,0.158264145255,0.146451056004,0.0870989486575,0.0370852425694],"min":[0.000313846539939,0.00632321601734,0.0185466241091,0.000599720573518,0.000477419845993,0.0000723050034139],"var":[0.0383544266224,0.023935219273,0.02036347799,0.0130032254383,0.00600550323725,0.00130059442017]},"beats_position":[0.487619042397,0.986848056316,1.49768710136,2.00852608681,2.54258489609,3.06503391266,3.59909296036,4.13315200806,4.