{"lowlevel":{"average_loudness":0.696397304535,"barkbands":{"dmean":[0.00000945321698964,0.00137981271837,0.00218555890024,0.00265741627663,0.00306248548441,0.00165090535302,0.000302933010971,0.000360774341971,0.000550878467038,0.000135422393214,0.000173377833562,0.000244818307692,0.000337999983458,0.000178046524525,0.000092726026196,0.000141568496474,0.00003942794865,0.000121696852148,0.0000358690631401,0.0000155461821123,0.00000549277956452,0.0000119636770251,0.0000158892526088,0.0000130575235744,0.0000126968634504,0.00000263860647465,1.27952347384e-7],"dmean2":[0.0000157202102855,0.00211772462353,0.00356673891656,0.00468049850315,0.00532965920866,0.00288983643986,0.000479350681417,0.00055571552366,0.000814560858998,0.000206017619348,0.000260470056674,0.00033516381518,0.000499684480019,0.000264110945864,0.000153066925122,0.000229203869822,0.0000663035389152,0.00020075555949,0.0000597924590693,0.000024853143259,0.0000084338880697,0.0000173033822648,0.0000221701357077,0.0000198555153474,0.000017510192265,0.00000338420409207,1.75522600898e-7],"dvar":[5.62761448553e-10,0.00000417816136178,0.0000139296553243,0.0000163363474712,0.0000187387886399,0.0000174824235728,8.43434008857e-7,8.62777710608e-7,0.00000224933955906,2.6737279768e-7,3.38272400313e-7,4.79891809846e-7,0.00000164104528722,0.00000110004054932,1.65898939031e-7,3.24721014522e-7,2.63189043892e-8,4.56593966192e-7,5.17384819432e-8,3.94579480201e-9,4.67878402688e-10,1.56341908308e-8,1.66466236351e-8,1.84763511157e-8,1.6201004982e-8,4.09178302352e-10,6.39787051462e-13],"dvar2":[1.45930190154e-9,0.00000961863133853,0.0000368316759705,0.000047764788178,0.0000567196329939,0.0000496476641274,0.00000204445655072,0.00000208075448427,0.00000492318986289,5.41961867384e-7,7.22705976841e-7,8.90322837677e-7,0.00000341589884556,0.00000221736377171,4.02190607929e-7,8.53974427173e-7,6.98248143749e-8,0.00000121925211261,1.58373225645e-7,9.22528009539e-9,7.93602794591e-10,3.23898561305e-8,3.18947641631e-8,4.21364134695e-8,3.35004024521e-8,7.00339897186e-10,1.09479428561e-12],"max":[0.000446015765192,0.0386846214533,0.0664380788803,0.0684351921082,0.0610628984869,0.10231051594,0.0296847857535,0.0239139106125,0.0340285077691,0.0240224003792,0.0197700895369,0.0173540227115,0.0354821830988,0.0321438163519,0.0108608715236,0.0124010499567,0.00346771627665,0.0202466659248,0.00822154898196,0.00168297730852,0.00106847204734,0.0072694607079,0.00551540451124,0.00570775195956,0.00574026629329,0.000787564727943,0.0000333102107106],"mean":[0.0000176738758455,0.00301962462254,0.00353932240978,0.00441249879077,0.00758996000513,0.00270134303719,0.000674482609611,0.00072518811794,0.00113525206689,0.000243167291046,0.000343228806742,0.00048028776655,0.000663910759613,0.000373024988221,0.000149537096149,0.00022625917336,0.0000631612274447,0.000203441828489,0.0000595411875111,0.0000293036191579,0.00000816731517261,0.000015982772311,0.0000239147102548,0.000019059776605,0.0000177254114533,0.00000448007540399,2.77049309716e-7],"median":[0.0000034847837469,0.0015965772327,0.00171345891431,0.00190353346989,0.00515805976465,0.00140144396573,0.000207354896702,0.000247985793976,0.000237474218011,0.0000495229505759,0.0000455609879282,0.0000480084054288,0.0000351322523784,0.0000168184760696,0.0000115594975796,0.00000868060578796,0.00000634099205854,0.00000609763264947,0.00000280911831396,0.00000267788323072,0.00000123981726574,9.5104275033e-7,6.93280867381e-7,2.18260211682e-7,1.36199290068e-7,9.42140090388e-8,7.97315777845e-8],"min":[3.11201411634e-25,3.36047014787e-24,2.66369100397e-24,7.49586380371e-25,1.58782412097e-23,5.26801154734e-24,9.16270461112e-24,1.40278086066e-23,1.09744025661e-23,1.45422263806e-23,1.97471511436e-23,3.32944835055e-23,2.33888407379e-23,2.13839444364e-23,3.21316551995e-23,6.70971322734e-23,7.05615253792e-23,1.00893031547e-22,1.42631302322e-22,2.11405041698e-22,2.56481222777e-22,2.93241535115e-22,4.78847354224e-22,5.61747118545e-22,9.74258717487e-22,1.31476824268e-21,2.07868912737e-21],"var":[2.03956207478e-9,0.0000158572147484,0.0000265409435087,0.0000466316450911,0.0000635343458271,0.0000193724663404,0.00000183205645499,0.00000190655987353,0.00000635210244582,8.0639222233e-7,0.00000106941820377,0.00000166769177667,0.00000580891946811,0.000004422996426,3.60702301805e-7,6.34920525044e-7,5.29212194067e-8,0.0000010437452147,1.19545944699e-7,1.13559384118e-8,1.03264419238e-9,2.21932499045e-8,3.72676574045e-8,3.05425444935e-8,3.06120320204e-8,1.20845378149e-9,2.04161644188e-12]},"barkbands_crest":{"dmean":2.33390426636,"dmean2":3.99426031113,"dvar":3.87887811661,"dvar2":10.7986211777,"max":25.573387146,"mean":11.2215633392,"median":10.3615465164,"min":3.57167887688,"var":15.5260372162},"barkbands_flatness_db":{"dmean":0.0231106355786,"dmean2":0.0371568128467,"dvar":0.000503452843986,"dvar2":0.00122928747442,"max":0.594436526299,"mean":0.266799002886,"median":0.247202813625,"min":0.022957496345,"var":0.00926714297384},"barkbands_kurtosis":{"dmean":4.92790746689,"dmean2":8.3515958786,"dvar":71.2840881348,"dvar2":216.323486328,"max":194.332366943,"mean":10.1698551178,"median":5.59319496155,"min":-1.87449979782,"var":213.668487549},"barkbands_skewness":{"dmean":0.582873046398,"dmean2":0.955119431019,"dvar":0.343326568604,"dvar2":0.908833622932,"max":10.025179863,"mean":1.83878588676,"median":1.66751861572,"min":-2.09927558899,"var":1.95966458321},"barkbands_spread":{"dmean":2.44091176987,"dmean2":3.86882257462,"dvar":25.3007392883,"dvar2":56.1764030457,"max":107.628356934,"mean":8.94763565063,"median":5.50104999542,"min":0.261710673571,"var":118.771339417},"dissonance":{"dmean":0.0337109677494,"dmean2":0.0575038045645,"dvar":0.00101497548167,"dvar2":0.00282173301093,"max":0.499910503626,"mean":0.413987517357,"median":0.428714573383,"min":0.10609292239,"var":0.00385673064739},"dynamic_complexity":5.79126596451,"erbbands":{"dmean":[0.0196056887507,0.387897819281,2.01426911354,5.34332513809,11.3074874878,10.1586046219,13.300948143,13.7604503632,4.35413312912,6.08244514465,9.32446670532,11.1064367294,6.42043161392,6.18944692612,5.74912214279,8.45664978027,14.5947208405,12.0349674225,3.34326577187,4.95636796951,7.98239612579,2.5047955513,7.01593542099,3.47426939011,1.04489016533,0.59099650383,0.253148943186,0.244488582015,0.409542262554,0.521409749985,0.38404238224,0.346381574869,0.19407916069,0.147960081697,0.0850980952382,0.0209422465414,0.0032720672898,0.000335020944476,0.0000252439785982,0.00000881767482497],"dmean2":[0.0297838803381,0.597809255123,3.23472213745,9.3903131485,20.3797683716,17.1052474976,22.3941192627,24.230260849,7.10760164261,9.446185112,13.7117033005,16.8994827271,9.62940502167,9.29970741272,8.27556037903,11.7540960312,21.3334140778,17.8485279083,5.18354225159,8.00675773621,13.0366430283,4.17781162262,11.5532989502,5.80995035172,1.58967137337,0.950180828571,0.383697837591,0.359193652868,0.600006520748,0.739497601986,0.545992612839,0.54704874754,0.283804297447,0.213169232011,0.117802493274,0.0279852040112,0.00418738042936,0.000439258757979,0.0000345518601534,0.0000142558255902],"dvar":[0.000983471982181,0.315588355064,10.4274463654,67.5123748779,264.810394287,259.240722656,1742.63354492,667.051513672,75.5288696289,550.389282227,574.74017334,1209.30102539,377.203399658,604.270751953,301.366546631,633.083190918,2844.10424805,3749.2578125,117.120674133,366.357879639,1198.3034668,90.454574585,1762.87512207,616.784912109,18.3198013306,5.64206027985,0.717068970203,1.71476888657,18.1616764069,19.040145874,10.4495820999,13.7463645935,3.92703318596,2.71397614479,0.640615165234,0.0271380133927,0.000630102586001,0.00000684799397277,2.06976995543e-8,1.75824063642e-10],"dvar2":[0.0021572210826,0.741960883141,27.1437892914,193.023574829,840.844116211,708.973937988,4891.93261719,1901.03515625,166.444107056,1316.76538086,1312.95703125,2917.65673828,815.028076172,1448.41015625,598.941772461,1273.05358887,5873.43066406,7725.47363281,263.512573242,904.434204102,3216.58666992,233.678359985,4881.71337891,1669.06994629,40.0545005798,12.5636444092,1.29853129387,3.00416970253,39.0051498413,29.7967414856,20.1254482269,33.7081947327,8.95573329926,5.66019439697,1.43659496307,0.0498140715063,0.00104480260052,0.0000123682521007,3.31537677312e-8,4.1326236877e-10],"max":[0.574445664883,10.3151025772,49.0359458923,110.109092712,263.999908447,274.505767822,1048.58654785,406.578125,322.567504883,812.797607422,571.850280762,954.970214844,438.723632812,1335.65307617,585.659484863,827.328308105,1425.30603027,1930.01000977,248.499923706,376.118743896,854.930297852,197.784988403,1146.69580078,806.377929688,116.188079834,70.9533233643,33.4903907776,76.7860946655,247.499557495,223.795120239,126.475753784,157.304443359,70.7081604004,80.5000686646,24.944984436,6.33808135986,0.868851959705,0.0903030410409,0.00509230932221,0.000305152061628],"mean":[0.0424221083522,0.869359374046,3.64223074913,9.31098270416,20.4868068695,26.3816051483,25.663640976,23.5241641998,10.786687851,12.4138116837,20.6624794006,21.1790370941,12.9077177048,12.9785299301,12.4834680557,17.132686615,30.6338272095,26.9830341339,6.37774753571,8.75205802917,13.0488643646,4.58988142014,11.58527565,6.23046207428,2.1822783947,1.09856116772,0.419852614403,0.339926630259,0.5344389081,0.787476837635,0.57300901413,0.483568757772,0.273231118917,0.203441560268,0.117064155638,0.0336512774229,0.00578739028424,0.00063104275614,0.0000619390848442,0.0000327296293108],"median":[0.0226184688509,0.492437273264,1.96198749542,5.16649770737,11.311914444,17.4690494537,9.65147781372,12.0803718567,5.18027687073,4.17489290237,6.59408903122,5.28786277771,2.93834352493,2.29197955132,1.98247718811,2.20060229301,2.07316660881,1.42509615421,0.843493878841,0.650404632092,0.554156303406,0.443721830845,0.372870326042,0.20194631815,0.143727183342,0.122243382037,0.0677721127868,0.0430077388883,0.0343942716718,0.0294773634523,0.0168525669724,0.00724781956524,0.00282162288204,0.00169154431205,0.000897405785508,0.000441192736616,0.000172512183781,0.0000580800951866,0.0000264275695372,0.0000275291731668],"min":[1.31211120769e-22,5.44392834962e-22,5.55919534194e-21,6.69084506288e-21,3.07491920384e-20,4.07505746636e-20,6.24558779476e-20,4.20275250407e-20,1.21093787456e-19,2.55377900357e-19,2.8705837498e-19,2.9298336631e-19,6.39888310307e-19,4.6122737926e-19,1.12336679635e-18,1.38944277866e-18,1.29381253144e-18,2.23511211868e-18,1.94597010158e-18,2.97714710167e-18,3.69867937921e-18,4.41685495782e-18,5.406335024e-18,6.10787186459e-18,8.99221591898e-18,9.34470156622e-18,1.06675949763e-17,8.82624543779e-18,1.11704604045e-17,1.28259002731e-17,1.04659291701e-17,9.99052779256e-18,1.04672857463e-17,8.94049396963e-18,6.28909266114e-18,4.62055604188e-18,2.46079676828e-18,1.05267335626e-18,2.64255383636e-19,2.97868966427e-20],"var":[0.00321038533002,1.19823861122,23.221206665,139.84425354,735.359436035,838.826782227,1974.01293945,1217.33508301,255.798553467,931.12713623,1729.49182129,2561.50634766,1043.64221191,2004.9987793,1030.55078125,1944.07092285,10482.21875,15239.6181641,292.865692139,783.554382324,2249.39160156,194.511749268,3973.23803711,1452.45715332,67.8320770264,13.1959962845,1.70597946644,3.1666431427,25.0418357849,44.9632415771,22.1687335968,20.5582351685,6.43988370895,4.83345890045,1.1459300518,0.0734347775578,0.00197225506417,0.000020657236746,7.1451744077e-8,7.92846455155e-10]},"erbbands_crest":{"dmean":2.61299443245,"dmean2":4.35363197327,"dvar":6.06027460098,"dvar2":15.9871892929,"max":29.5483074188,"mean":11.3935651779,"median":10.6332359314,"min":2.13996100426,"var":20.1939125061},"erbbands_flatness_db":{"dmean":0.0188765730709,"dmean2":0.0301468688995,"dvar":0.000374414492399,"dvar2":0.00094153865939,"max":0.466714173555,"mean":0.239238351583,"median":0.234307006001,"min":0.0244255252182,"var":0.00598602415994},"erbbands_kurtosis":{"dmean":2.05116939545,"dmean2":3.32068967819,"dvar":12.0558729172,"dvar2":28.8228473663,"max":105.486694336,"mean":4.26056337357,"median":1.62197160721,"min":-1.90064024925,"var":74.4305343628},"erbbands_skewness":{"dmean":0.407540440559,"dmean2":0.63681191206,"dvar":0.160545155406,"dvar2":0.357527345419,"max":7.22950077057,"mean":0.929752588272,"median":0.880514740944,"min":-2.97525262833,"var":1.64575684071},"erbbands_spread":{"dmean":5.16337871552,"dmean2":8.0622177124,"dvar":64.6248092651,"dvar2":132.132369995,"max":166.557617188,"mean":22.9146747589,"median":18.4658260345,"min":1.08157920837,"var":393.80581665},"gfcc":{"cov":[[28801.0507812,3212.71557617,-5088.24707031,26.4886665344,-1277.2578125,256.598114014,-668.592407227,-117.570991516,-229.265136719,-268.495941162,-117.184661865,-218.619247437,-350.741485596],[3212.71557617,2135.90820312,-270.330627441,-401.831939697,101.972740173,-443.988311768,106.335952759,-145.038070679,68.3996429443,-112.550559998,93.958656311,-141.722961426,33.4933891296],[-5088.24707031,-270.330627441,2481.48095703,122.748832703,-202.302474976,-89.8744277954,67.2676544189,27.9998683929,16.5552749634,67.18775177,-8.06038475037,80.2406234741,101.50642395],[26.4886665344,-401.831939697,122.748832703,584.551391602,107.887947083,19.8093566895,-37.9527511597,-6.84976291656,35.9683380127,2.26348829269,-3.04880166054,6.39954328537,-13.9813861847],[-1277.2578125,101.972740173,-202.302474976,107.887947083,649.198730469,-49.4851875305,51.1160926819,-14.489648819,14.1523551941,-11.6245584488,37.6966896057,-50.4720535278,5.27288293839],[256.598114014,-443.988311768,-89.8744277954,19.8093566895,-49.4851875305,339.568084717,6.40672922134,40.1365814209,-56.4679718018,23.3163795471,-35.9114532471,50.9221153259,-23.9812908173],[-668.592407227,106.335952759,67.2676544189,-37.9527511597,51.1160926819,6.40672922134,183.50479126,21.5460224152,9.63266563416,-11.5819921494,20.7199287415,-8.78769016266,-7.46099090576],[-117.570991516,-145.038070679,27.9998683929,-6.84976291656,-14.489648819,40.1365814209,21.5460224152,139.16633606,12.8045597076,23.9292011261,-12.1558837891,7.54816579819,-5.02926826477],[-229.265136719,68.3996429443,16.5552749634,35.9683380127,14.1523551941,-56.4679718018,9.63266563416,12.8045597076,126.295387268,23.5314655304,-6.83960676193,-3.00139474869,9.81365013123],[-268.495941162,-112.550559998,67.18775177,2.26348829269,-11.6245584488,23.3163795471,-11.5819921494,23.9292011261,23.5314655304,84.7615509033,21.984582901,5.04279899597,-1.01536762714],[-117.184661865,93.958656311,-8.06038475037,-3.04880166054,37.6966896057,-35.9114532471,20.7199287415,-12.1558837891,-6.83960676193,21.984582901,95.1876907349,10.5338973999,-4.98391675949],[-218.619247437,-141.722961426,80.2406234741,6.39954328537,-50.4720535278,50.9221153259,-8.78769016266,7.54816579819,-3.00139474869,5.04279899597,10.5338973999,100.71509552,22.6848125458],[-350.741485596,33.4933891296,101.50642395,-13.9813861847,5.27288293839,-23.9812908173,-7.46099090576,-5.02926826477,9.81365013123,-1.01536762714,-4.98391675949,22.6848125458,86.3958511353]],"icov":[[0.00052244059043,-0.00164192600641,0.000997520284727,-0.00153925747145,0.00143113383092,-0.00129950069822,0.00170148583129,-0.00111555308104,0.00151789397933,-0.00084892520681,0.00114402011968,-0.000522188667674,0.000991059583612],[-0.00164192600641,0.00617963448167,-0.00307526881807,0.00549381971359,-0.00447339378297,0.00484660314396,-0.00566394161433,0.00410851743072,-0.00545366760343,0.00392875634134,-0.00462291482836,0.00264807301573,-0.00348720164038],[0.000997520284727,-0.00307526881807,0.00241188541986,-0.0031040541362,0.00291581521742,-0.00208398397081,0.00279320520349,-0.00209265761077,0.00320292939432,-0.00225461483933,0.00252293073572,-0.00133622076828,0.0013748408528],[-0.00153925747145,0.00549381971359,-0.0031040541362,0.00692602898926,-0.00464936206117,0.00391050148755,-0.00447602663189,0.00376563845202,-0.00581492343917,0.00387213635258,-0.00426041753963,0.00208311690949,-0.00249578361399],[0.00143113383092,-0.00447339378297,0.00291581521742,-0.00464936206117,0.00577094359323,-0.00348325143568,0.00408722134307,-0.00300640054047,0.00411181105301,-0.00213625887409,0.00234411749989,-0.000443432829343,0.00198437878862],[-0.00129950069822,0.00484660314396,-0.00208398397081,0.00391050148755,-0.00348325143568,0.00855273939669,-0.00561235705391,0.00270688673481,-0.00139410642441,0.0000217452889046,-0.000324382359395,-0.00104492728133,-0.00139940658119],[0.00170148583129,-0.00566394161433,0.00279320520349,-0.00447602663189,0.00408722134307,-0.00561235705391,0.0124297561124,-0.00512127485126,0.003442870453,-0.000166663870914,0.0012612012215,-0.000773676380049,0.00394806079566],[-0.00111555308104,0.00410851743072,-0.00209265761077,0.00376563845202,-0.00300640054047,0.00270688673481,-0.00512127485126,0.0109956208616,-0.00410742685199,-0.000104322294646,-0.00123755075037,0.00106058083475,-0.00180539558642],[0.00151789397933,-0.00545366760343,0.00320292939432,-0.00581492343917,0.00411181105301,-0.00139410642441,0.003442870453,-0.00410742685199,0.0155941974372,-0.00825944729149,0.00747323827818,-0.00365801854059,0.00251578027382],[-0.00084892520681,0.00392875634134,-0.00225461483933,0.00387213635258,-0.00213625887409,0.0000217452889046,-0.000166663870914,-0.000104322294646,-0.00825944729149,0.0203151945025,-0.0099983336404,0.00441116094589,-0.0021360036917],[0.00114402011968,-0.00462291482836,0.00252293073572,-0.00426041753963,0.00234411749989,-0.000324382359395,0.0012612012215,-0.00123755075037,0.00747323827818,-0.0099983336404,0.0188629757613,-0.00646147783846,0.00440502446145],[-0.000522188667674,0.00264807301573,-0.00133622076828,0.00208311690949,-0.000443432829343,-0.00104492728133,-0.000773676380049,0.00106058083475,-0.00365801854059,0.00441116094589,-0.00646147783846,0.015174719505,-0.00539733050391],[0.000991059583612,-0.00348720164038,0.0013748408528,-0.00249578361399,0.00198437878862,-0.00139940658119,0.00394806079566,-0.00180539558642,0.00251578027382,-0.0021360036917,0.00440502446145,-0.00539733050391,0.0160174556077]],"mean":[-141.553588867,161.53338623,-73.2621765137,14.5526857376,-39.4809379578,-1.9098521471,-33.2121238708,-8.82022285461,-22.232126236,-9.91129016876,-12.6252498627,-5.82522630692,-10.8092308044]},"hfc":{"dmean":2.69577002525,"dmean2":4.07243347168,"dvar":25.874042511,"dvar2":52.1906166077,"max":129.512268066,"mean":10.6506080627,"median":6.58115959167,"min":1.10178783379e-16,"var":171.152435303},"melbands":{"dmean":[0.000285073707346,0.000837224361021,0.00108360580634,0.000735937908757,0.000447565340437,0.000297819031402,0.0000653334791423,0.0000682917743688,0.0000834607853903,0.0000724281853763,0.0000319349346682,0.0000244719558395,0.0000202256742341,0.0000222265443881,0.0000243676058744,0.0000458419308416,0.0000179567286978,0.00000432087972513,0.00000887373789737,0.00000766159155319,0.00000938532684813,0.0000023380850962,0.00000511722873853,0.00000520133289683,0.00000296013308798,8.10069195722e-7,7.3556782354e-7,3.32805569769e-7,1.81395876098e-7,1.19189927261e-7,1.54759320026e-7,2.3480214395e-7,2.44094223945e-7,3.39446785347e-7,2.22917918791e-7,2.5541442028e-7,2.12693365143e-7,1.4784031066e-7,1.3887982675e-7,1.30344503191e-7],"dmean2":[0.000427969789598,0.00133895489853,0.00190664979164,0.00130854093004,0.000742081843782,0.000522687856574,0.000106471488834,0.000104933889816,0.000120917982713,0.000110856643005,0.0000479732698295,0.0000369487643184,0.0000298291670333,0.0000307845730276,0.0000343465544574,0.0000680972079863,0.0000266942606686,0.00000667929953124,0.0000145770891322,0.0000121825796668,0.0000154534827743,0.00000388534408557,0.00000879173512658,0.0000084056673586,0.00000505416028318,0.00000124962377868,0.00000116926912597,5.36249103789e-7,2.72527415746e-7,1.93512136093e-7,2.31228469261e-7,3.601329297e-7,3.40982239777e-7,4.72588510547e-7,3.13416279596e-7,3.86565034205e-7,3.39970711138e-7,2.18874063762e-7,2.10976068615e-7,1.8693367565e-7],"dvar":[1.87411203001e-7,0.00000161193725035,0.00000240290091824,0.00000103156901332,0.00000145474245983,3.56173558202e-7,1.80410193451e-8,5.49715295506e-8,5.20337160026e-8,4.9756035736e-8,9.56389545337e-9,9.58017931652e-9,5.05564212716e-9,5.23458920654e-9,7.04854219435e-9,3.44734445434e-8,1.06777955367e-8,2.2975228664e-10,1.81135484389e-9,1.00312014251e-9,1.79197678918e-9,8.34483593337e-11,9.53507273138e-10,9.49721079557e-10,5.25355814407e-10,1.37203122128e-11,1.1381545012e-11,2.17478010427e-12,3.8186630507e-13,2.50118014408e-13,7.51554255028e-13,5.94307372412e-12,6.14946982225e-12,8.03963319529e-12,3.44234580077e-12,6.95283153967e-12,5.45274329161e-12,2.68257963586e-12,2.18594283299e-12,2.16205265496e-12],"dvar2":[4.0594238726e-7,0.00000421334516432,0.00000686597968524,0.00000319183186548,0.00000403037620345,0.00000101254954643,4.08483984415e-8,1.29003637994e-7,1.10870686854e-7,1.2000352001e-7,2.07336974256e-8,2.27597016789e-8,1.03949124863e-8,9.45544886832e-9,1.3373862906e-8,7.10419243433e-8,2.19896936215e-8,4.79250028551e-10,4.31998614658e-9,2.49071674396e-9,4.8674175801e-9,2.19559551096e-10,2.71643729732e-9,2.37300890049e-9,1.46844991722e-9,2.93900077886e-11,2.75515478487e-11,4.82154680764e-12,6.93465467341e-13,4.95130195524e-13,1.40834414443e-12,1.38649118228e-11,1.11594691821e-11,1.44532866578e-11,6.00936314599e-12,1.75843263561e-11,1.30503880272e-11,6.63619853514e-12,4.17663213043e-12,4.9251995711e-12],"max":[0.00846592709422,0.0194107890129,0.0257028490305,0.0133902831003,0.0293199792504,0.0115749677643,0.00413866899908,0.00783844012767,0.00585189880803,0.00584047473967,0.00214401469566,0.00542543409392,0.00278789829463,0.00178948056418,0.0018613707507,0.0049114394933,0.00328010832891,0.000370005262084,0.0011585453758,0.000736982037779,0.00107912055682,0.000167244390468,0.000822267786134,0.00127217220142,0.0007204132271,0.000124282421893,0.000103910824691,0.0000411127366533,0.0000201131297217,0.0000209277004615,0.0000484737356601,0.000133842651849,0.00014878436923,0.000138948162203,0.0000931145186769,0.000101408302726,0.0000965338113019,0.0000570718439121,0.0000732341723051,0.0000655278709019],"mean":[0.000642399478238,0.00168738560751,0.00204589753412,0.00170788855758,0.000975173141342,0.000503362389281,0.000158978742547,0.000138996532769,0.000184123433428,0.00013656214287,0.000061429811467,0.000049678630603,0.0000417894625571,0.0000452413587482,0.0000472328756587,0.0000934467825573,0.0000391547036998,0.00000711793927621,0.0000144249615914,0.0000124981888803,0.0000147568825923,0.00000384123859476,0.00000832762998471,0.00000862716296979,0.00000491041600981,0.00000143009685871,0.00000139859082537,5.5226104223e-7,2.88260707748e-7,1.6341843434e-7,2.05928586183e-7,2.91369445904e-7,3.33167861299e-7,4.99858060721e-7,3.27265809119e-7,3.29045150238e-7,2.83717326965e-7,1.87381118621e-7,1.88468447959e-7,1.64468403341e-7],"median":[0.000335901044309,0.00102149450686,0.00116580363829,0.00117199833039,0.000501258880831,0.000261848501395,0.0000724752389942,0.0000428006860602,0.0000483458716189,0.0000304373734252,0.0000121836319522,0.0000074575459621,0.00000646254147796,0.000005039214102,0.00000374097317035,0.00000315759166369,0.00000200976114684,9.66056518337e-7,8.44211001549e-7,5.95566234551e-7,5.47682873275e-7,3.83434297646e-7,3.39770338087e-7,2.58958948507e-7,1.35169798909e-7,9.51801339966e-8,9.18439866382e-8,6.54286154145e-8,4.36382876501e-8,2.59954937576e-8,2.1979674969e-8,1.86988362572e-8,1.65890305937e-8,1.57001842638e-8,9.44254896496e-9,6.46059694631e-9,3.16628012698e-9,1.7967418664e-9,1.49936307814e-9,1.26898336283e-9],"min":[2.05600088031e-24,2.28747712459e-24,1.17146850223e-24,1.92544676708e-24,2.78988508297e-24,1.16759756177e-24,1.62737015202e-24,2.81761827696e-24,1.69384410784e-24,1.48734793299e-24,3.03326918262e-24,1.61014685327e-24,3.48141199097e-24,3.84688296532e-24,2.59049516437e-24,3.73765373451e-24,3.2583625561e-24,3.03297769851e-24,2.72437393188e-24,4.5673993283e-24,3.69789908919e-24,4.34116703689e-24,4.05880531992e-24,4.25535593091e-24,4.75122916276e-24,5.08727444206e-24,6.60142195215e-24,5.23653718052e-24,5.31117407177e-24,4.3312703824e-24,4.13337081926e-24,5.8859042063e-24,5.45576872583e-24,6.58501325089e-24,4.90746267061e-24,6.20240663996e-24,6.23091725636e-24,6.74992146768e-24,4.97450007034e-24,7.41701301471e-24],"var":[7.2681268648e-7,0.00000405050013796,0.0000072944767453,0.00000322644996231,0.00000204186562769,5.66207575048e-7,5.9729103441e-8,1.00897139532e-7,1.75392841584e-7,1.07646819458e-7,2.60029402455e-8,3.21864241926e-8,1.44566856264e-8,1.9389835515e-8,2.51689904474e-8,1.26284504631e-7,4.29887272446e-8,5.30988364389e-10,4.05744460252e-9,2.15952011828e-9,3.29014038236e-9,1.84600085218e-10,2.25401697307e-9,1.84062787234e-9,1.14293774445e-9,4.04087110994e-11,3.46758212422e-11,4.42004505913e-12,9.00321267192e-13,4.66417757281e-13,1.31004647234e-12,7.23604466277e-12,1.02419314349e-11,1.83397203674e-11,7.91884873647e-12,9.86473316228e-12,7.75355734478e-12,3.31634416109e-12,4.36167768569e-12,3.24686349855e-12]},"melbands_crest":{"dmean":2.93233251572,"dmean2":4.94687795639,"dvar":6.06129598618,"dvar2":17.1915626526,"max":35.2538528442,"mean":14.6390485764,"median":14.3136758804,"min":1.71424794197,"var":18.5858688354},"melbands_flatness_db":{"dmean":0.0272087156773,"dmean2":0.0437618382275,"dvar":0.000762746203691,"dvar2":0.00177988386713,"max":0.754139184952,"mean":0.372920453548,"median":0.350498050451,"min":0.00422739144415,"var":0.014135026373},"melbands_kurtosis":{"dmean":7.02711486816,"dmean2":11.5387744904,"dvar":124.786369324,"dvar2":333.6065979,"max":183.07711792,"mean":16.1594028473,"median":8.8424949646,"min":-1.70690250397,"var":490.029724121},"melbands_skewness":{"dmean":0.632728219032,"dmean2":1.02479231358,"dvar":0.438974350691,"dvar2":1.10175657272,"max":11.5291957855,"mean":2.43798708916,"median":2.15734243393,"min":-0.663202762604,"var":2.63635420799},"melbands_spread":{"dmean":2.62881064415,"dmean2":4.16446352005,"dvar":24.3039836884,"dvar2":50.2432823181,"max":152.176422119,"mean":9.87243461609,"median":5.53982496262,"min":0.362353265285,"var":224.026321411},"mfcc":{"cov":[[17273.0703125,2296.12231445,-3252.40307617,-526.702758789,-707.648254395,-89.3700485229,-390.284820557,232.204940796,-427.864044189,6.18445396423,50.3569107056,33.8380737305,-157.028076172],[2296.12231445,2799.41992188,-163.855804443,-51.3718948364,-127.691802979,-213.095977783,-57.6764411926,-80.5157089233,-57.2774963379,-17.5795669556,-13.0501718521,-27.6734600067,14.2105712891],[-3252.40307617,-163.855804443,2124.36303711,165.214736938,-28.2783317566,2.32259917259,-56.6388168335,-73.8604888916,92.8077392578,-53.4854125977,-53.5711593628,2.54348492622,34.3677520752],[-526.702758789,-51.3718948364,165.214736938,531.389831543,200.692886353,41.9584388733,-22.4604492188,-6.88601493835,-6.83279561996,33.3516616821,18.2149505615,-21.7419567108,5.76769924164],[-707.648254395,-127.691802979,-28.2783317566,200.692886353,368.658996582,79.0664215088,60.2456588745,-15.980260849,24.001329422,10.0093698502,4.06521272659,-19.360080719,5.6930065155],[-89.3700485229,-213.095977783,2.32259917259,41.9584388733,79.0664215088,199.646499634,52.8748435974,37.1661338806,0.0226257070899,-5.12866830826,-6.50517654419,-7.18688249588,7.83128166199],[-390.284820557,-57.6764411926,-56.6388168335,-22.4604492188,60.2456588745,52.8748435974,201.962463379,37.3422851562,-0.719490766525,1.99662840366,10.9421548843,-3.01808047295,2.03130602837],[232.204940796,-80.5157089233,-73.8604888916,-6.88601493835,-15.980260849,37.1661338806,37.3422851562,128.21661377,21.2629756927,-5.60637760162,0.529588937759,13.619969368,6.34170627594],[-427.864044189,-57.2774963379,92.8077392578,-6.83279561996,24.001329422,0.0226257070899,-0.719490766525,21.2629756927,121.255935669,21.8992061615,-11.7375116348,-3.86137080193,12.8281593323],[6.18445396423,-17.5795669556,-53.4854125977,33.3516616821,10.0093698502,-5.12866830826,1.99662840366,-5.60637760162,21.8992061615,100.981086731,33.3444023132,-7.20846700668,-6.68035650253],[50.3569107056,-13.0501718521,-53.5711593628,18.2149505615,4.06521272659,-6.50517654419,10.9421548843,0.529588937759,-11.7375116348,33.3444023132,91.1229400635,26.7431869507,-10.4390077591],[33.8380737305,-27.6734600067,2.54348492622,-21.7419567108,-19.360080719,-7.18688249588,-3.01808047295,13.619969368,-3.86137080193,-7.20846700668,26.7431869507,83.2458190918,27.6654644012],[-157.028076172,14.2105712891,34.3677520752,5.76769924164,5.6930065155,7.83128166199,2.03130602837,6.34170627594,12.8281593323,-6.68035650253,-10.4390077591,27.6654644012,91.2477340698]],"icov":[[0.000130094704218,-0.0000977483941824,0.000174937988049,0.0000281424199784,0.00016014695575,-0.000159147792147,0.000315968209179,-0.000273638725048,0.000295881851343,-0.0000641805163468,0.000057986646425,-0.0000701657190803,0.000168697704794],[-0.0000977483941824,0.000477217690786,-0.0000930795868044,-0.000051206232456,-0.0000312827978632,0.000521520036273,-0.00026827599504,0.000350979767973,-0.0000934896306717,0.000143781886436,-0.000041834962758,0.000291297212243,-0.000334903772455],[0.000174937988049,-0.0000930795868044,0.00080356298713,-0.000290310592391,0.000527108146343,-0.000309699302306,0.000368871202227,0.000198354828171,-0.000270983553492,0.000406315317377,0.000233809856582,-0.000234161547269,0.000168524275068],[0.0000281424199784,-0.000051206232456,-0.000290310592391,0.00280782394111,-0.00170094845816,-0.0000610314673395,0.00101683998946,-0.000886319146957,0.00115496281069,-0.00103933666833,-0.000539885018952,0.00076232093852,-0.000392764050048],[0.00016014695575,-0.0000312827978632,0.000527108146343,-0.00170094845816,0.00456598540768,-0.00139636453241,-0.00100014719646,0.00138609029818,-0.00124763662461,0.000713371147867,-0.0000790097110439,0.000128534054966,0.000129969659611],[-0.000159147792147,0.000521520036273,-0.000309699302306,-0.0000610314673395,-0.00139636453241,0.00677171442658,-0.00133572914638,-0.00145553972106,0.000573144759983,0.000146813326865,0.000358768505976,0.00090458674822,-0.000900802144315],[0.000315968209179,-0.00026827599504,0.000368871202227,0.00101683998946,-0.00100014719646,-0.00133572914638,0.00688897073269,-0.00254543707706,0.00145193259232,-0.000415388232796,-0.000914326810744,0.000666216074023,0.0000417857118009],[-0.000273638725048,0.000350979767973,0.000198354828171,-0.000886319146957,0.00138609029818,-0.00145553972106,-0.00254543707706,0.0107461763546,-0.00349153159186,0.00152686412912,0.0000494429295941,-0.00168335577473,-0.0000773225401645],[0.000295881851343,-0.0000934896306717,-0.000270983553492,0.00115496281069,-0.00124763662461,0.000573144759983,0.00145193259232,-0.00349153159186,0.0113821811974,-0.00378855643794,0.00198782910593,0.00043187191477,-0.000989275053144],[-0.0000641805163468,0.000143781886436,0.000406315317377,-0.00103933666833,0.000713371147867,0.000146813326865,-0.000415388232796,0.00152686412912,-0.00378855643794,0.0133762257174,-0.00565873412415,0.00260354275815,-0.000298995495541],[0.000057986646425,-0.000041834962758,0.000233809856582,-0.000539885018952,-0.0000790097110439,0.000358768505976,-0.000914326810744,0.0000494429295941,0.00198782910593,-0.00565873412415,0.0160289350897,-0.00684439437464,0.00325859384611],[-0.0000701657190803,0.000291297212243,-0.000234161547269,0.00076232093852,0.000128534054966,0.00090458674822,0.000666216074023,-0.00168335577473,0.00043187191477,0.00260354275815,-0.00684439437464,0.0171806849539,-0.00597174651921],[0.000168697704794,-0.000334903772455,0.000168524275068,-0.000392764050048,0.000129969659611,-0.000900802144315,0.0000417857118009,-0.0000773225401645,-0.000989275053144,-0.000298995495541,0.00325859384611,-0.00597174651921,0.0136372018605]],"mean":[-788.720458984,192.022964478,28.294336319,27.0908412933,10.5130395889,7.61244249344,-1.50293922424,2.10271453857,-7.89560937881,-3.70556926727,-4.23476314545,-4.30385637283,-4.12992048264]},"pitch_salience":{"dmean":0.0702791064978,"dmean2":0.119789473712,"dvar":0.0036131918896,"dvar2":0.0102494722232,"max":0.930998921394,"mean":0.56140768528,"median":0.56932592392,"min":0.11495167762,"var":0.0124217495322},"silence_rate_20dB":{"dmean":0,"dmean2":0,"dvar":0,"dvar2":0,"max":1,"mean":1,"median":1,"min":1,"var":0},"silence_rate_30dB":{"dmean":0.0029296875,"dmean2":0.00586080597714,"dvar":0.00292110443115,"dvar2":0.00680325040594,"max":1,"mean":0.997559189796,"median":1,"min":0,"var":0.00243479548953},"silence_rate_60dB":{"dmean":0.0029296875,"dmean2":0.00586080597714,"dvar":0.00292110443115,"dvar2":0.00631483877078,"max":1,"mean":0.132780089974,"median":0,"min":0,"var":0.115150883794},"spectral_centroid":{"dmean":93.2569122314,"dmean2":148.207611084,"dvar":44813.8125,"dvar2":66010.4296875,"max":11468.6074219,"mean":602.502380371,"median":382.150909424,"min":105.791732788,"var":1115315.125},"spectral_complexity":{"dmean":1.51318359375,"dmean2":2.52600741386,"dvar":3.78021550179,"dvar2":8.98667430878,"max":35,"mean":8.89382457733,"median":9,"min":0,"var":27.2485179901},"spectral_contrast_coeffs":{"dmean":[0.0488639064133,0.046060744673,0.0353012979031,0.0293380618095,0.0190077759326,0.0155708603561],"dmean2":[0.0831613615155,0.0781808122993,0.0583140924573,0.0473453700542,0.0309172738343,0.0250736027956],"dvar":[0.00150429550558,0.00144236814231,0.000893446267582,0.000734970672056,0.000360032747267,0.000252259225817],"dvar2":[0.00440159300342,0.00403918512166,0.00224216794595,0.00174074154347,0.000879704370163,0.000625672691967],"max":[-0.322000533342,-0.42914557457,-0.524270892143,-0.478712946177,-0.55437785387,-0.632139503956],"mean":[-0.604617118835,-0.711052834988,-0.777162730694,-0.787466049194,-0.822866261005,-0.811870992184],"median":[-0.600273251534,-0.709945201874,-0.78515291214,-0.806997179985,-0.842317581177,-0.805539488792],"min":[-0.984222054482,-0.979368507862,-0.975588202477,-0.970927476883,-0.96617436409,-0.965109527111],"var":[0.00996284931898,0.00662914803252,0.00630172947422,0.00795761868358,0.00487587414682,0.00285306200385]},"spectral_contrast_valleys":{"dmean":[0.382199853659,0.349815219641,0.32582628727,0.314598113298,0.267693400383,0.305709719658],"dmean2":[0.637206852436,0.58583688736,0.528045594692,0.495096385479,0.408717781305,0.466420888901],"dvar":[0.147910326719,0.137859344482,0.128278672695,0.145633548498,0.158441200852,0.227479740977],"dvar2":[0.314645498991,0.285262256861,0.248341351748,0.268832564354,0.286641716957,0.526404619217],"max":[-5.44193506241,-5.12644815445,-5.70541095734,-6.13666296005,-6.41227531433,-7.54363822937],"mean":[-7.39564228058,-7.51047611237,-8.57337856293,-9.35127449036,-9.67295455933,-12.3651418686],"median":[-6.9132027626,-6.82352161407,-7.89048194885,-8.67716121674,-9.14754962921,-12.321393013],"min":[-27.9643135071,-28.4537582397,-27.5911197662,-27.6686878204,-27.5732936859,-27.4440727234],"var":[5.19933509827,6.05039644241,5.68379402161,5.33178901672,4.81229162216,3.58677697182]},"spectral_decrease":{"dmean":1.89060811451e-9,"dmean2":3.14230153009e-9,"dvar":6.07642700719e-18,"dvar2":1.61241936302e-17,"max":1.41977761978e-28,"mean":-6.8288819044e-9,"median":-5.94513061003e-9,"min":-4.15130934073e-8,"var":2.85068309741e-17},"spectral_energy":{"dmean":0.00731918774545,"dmean2":0.0121398428455,"dvar":0.0000909716109163,"dvar2":0.000240423381911,"max":0.16225759685,"mean":0.0267397332937,"median":0.0231146533042,"min":9.91699889365e-21,"var":0.000440813542809},"spectral_energyband_high":{"dmean":0.0000592729884374,"dmean2":0.0000813822698547,"dvar":1.72143060695e-7,"dvar2":3.27872157868e-7,"max":0.0148324724287,"mean":0.000097741940408,"median":0.0000062480876295,"min":7.2023617599e-21,"var":4.01386927251e-7},"spectral_energyband_low":{"dmean":0.00368372234516,"dmean2":0.00609909603372,"dvar":0.0000287796246994,"dvar2":0.0000762099589338,"max":0.0917896330357,"mean":0.00817801989615,"median":0.00561015866697,"min":1.97431973728e-23,"var":0.0000737944646971},"spectral_energyband_middle_high":{"dmean":0.000843409565277,"dmean2":0.00118610763457,"dvar":0.000003633381084,"dvar2":0.00000677744037603,"max":0.0438950695097,"mean":0.00278477394022,"median":0.00046516067232,"min":1.23423243575e-21,"var":0.0000311708063236},"spectral_energyband_middle_low":{"dmean":0.00585306575522,"dmean2":0.0100671863183,"dvar":0.000067600129114,"dvar2":0.000187969868421,"max":0.145371422172,"mean":0.0173041392118,"median":0.0138924028724,"min":1.72543885484e-22,"var":0.000232511447393},"spectral_entropy":{"dmean":0.215903252363,"dmean2":0.345088362694,"dvar":0.0523081198335,"dvar2":0.122599415481,"max":9.81840896606,"mean":6.30797767639,"median":6.38550376892,"min":4.04840898514,"var":0.762819588184},"spectral_flux":{"dmean":0.0161441061646,"dmean2":0.0257727112621,"dvar":0.000385835912311,"dvar2":0.000894516473636,"max":0.328998535872,"mean":0.0634759068489,"median":0.0623012855649,"min":6.47905895601e-11,"var":0.00162923068274},"spectral_kurtosis":{"dmean":8.94054603577,"dmean2":14.9156494141,"dvar":165.053955078,"dvar2":437.396606445,"max":255.51776123,"mean":29.8033218384,"median":15.5137062073,"min":-1.29749751091,"var":1535.78613281},"spectral_rms":{"dmean":0.000634987140074,"dmean2":0.00104599073529,"dvar":4.60552996628e-7,"dvar2":0.00000118946877592,"max":0.0125817367807,"mean":0.00457468396053,"median":0.00474877702072,"min":3.1104856104e-12,"var":0.00000515984038429},"spectral_rolloff":{"dmean":202.326049805,"dmean2":344.901092529,"dvar":751479,"dvar2":1756785.75,"max":19487.5488281,"mean":795.184143066,"median":366.064453125,"min":21.533203125,"var":3887682.75},"spectral_skewness":{"dmean":0.590794622898,"dmean2":0.960423827171,"dvar":0.451461732388,"dvar2":1.11488485336,"max":13.3517980576,"mean":3.72192549706,"median":3.05621051788,"min":-0.113456353545,"var":5.58807897568},"spectral_spread":{"dmean":494927.5625,"dmean2":779204.375,"dvar":979498434560,"dvar2":1808443244540,"max":46375200,"mean":3227043,"median":2348554,"min":423049.5,"var":17380413538300},"spectral_strongpeak":{"dmean":0.42348626256,"dmean2":0.744120955467,"dvar":0.910300135612,"dvar2":2.51107287407,"max":13.4480266571,"mean":0.776454567909,"median":0.467852205038,"min":0,"var":1.38876509666},"zerocrossingrate":{"dmean":0.00469148159027,"dmean2":0.00599149102345,"dvar":0.000137771916343,"dvar2":0.000192467283341,"max":0.52294921875,"mean":0.031161211431,"median":0.02001953125,"min":0.00341796875,"var":0.00285509857349}},"metadata":{"audio_properties":{"analysis_sample_rate":44100,"bit_rate":0,"codec":"flac","downmix":"mix","equal_loudness":0,"length":95.1066665649,"lossless":true,"md5_encoded":"ba2d590565860c6816140eb866768710","replay_gain":-9.10197257996},"tags":{"album":["Boy"],"albumartist":["U2"],"albumartistsort":["U2"],"albumsort":["Boy (2008, U2, 5fe99277-fb1d-4566-9860-e80b60a72496)"],"artist":["U2"],"artists":["U2"],"artistsort":["U2"],"asin":["B0013LPS6Q"],"barcode":["602517646469"],"catalognumber":["1764646"],"date":["2008"],"discnumber":["1"],"disctotal":["1"],"engineer":["Paul Thomas"],"file_name":"07 - U2 - The Ocean.flac","genre":["Album Rock"],"isrc":["GBAAN8000023"],"label":["Universal Island Records"],"language":["eng"],"media":["CD"],"musicbrainz_albumartistid":["a3cb23fc-acd3-4ce0-8f36-1e5aa6a18432"],"musicbrainz_albumid":["5fe99277-fb1d-4566-9860-e80b60a72496"],"musicbrainz_artistid":["a3cb23fc-acd3-4ce0-8f36-1e5aa6a18432"],"musicbrainz_recordingid":["c6c8d2e9-445d-43d7-aac3-8d19d6d1fde1"],"musicbrainz_releasegroupid":["53b0d89e-f856-3015-a3a6-a70e1e935fd6"],"musicbrainz_releasetrackid":["9eccaa11-6cf7-31ba-99af-3b8feddd28b9"],"musicbrainz_workid":["0a0df859-4a90-3fe7-baf7-33011e797023"],"originaldate":["1980-10-20"],"releasecountry":["GB"],"releasestatus":["official"],"releasetype":["album"],"replaygain_album_gain":["-7.13 dB"],"replaygain_album_peak":["1.00000000"],"replaygain_track_gain":["-3.30 dB"],"replaygain_track_peak":["0.96435547"],"script":["Latn"],"title":["The Ocean"],"totaldiscs":["1"],"totaltracks":["12"],"tracknumber":["7"],"tracktotal":["12"],"work":["The Ocean"],"writer":["Larry Mullen, Jr.","Adam Clayton","Bono","The Edge"]},"version":{"essentia":"2.1-beta1","essentia_build_sha":"5a55991247aa8bc5301991e5ebe36927b56abb96","essentia_git_sha":"v2.1_beta1-6-g5578087","extractor":"music 1.0"}},"rhythm":{"beats_coun