{"lowlevel":{"average_loudness":0.942254245281,"barkbands":{"dmean":[0.00057892233599,0.00595035683364,0.00552634103224,0.00189160229638,0.00193811324425,0.00126567238476,0.000756722874939,0.000440690550022,0.000694003188983,0.000794736319222,0.00045266476809,0.000628050649539,0.000500724476296,0.00044175380026,0.000652084650937,0.000431106978795,0.000326187087921,0.00024415567168,0.000246122450335,0.000148754363181,0.0000683699472575,0.0000349551010004,0.0000161031348398,0.00000487875104227,0.00000227249347517,0.00000990919124888,0.000525308132637],"dmean2":[0.000992256915197,0.00985754095018,0.00864273589104,0.00319978245534,0.00317496014759,0.0020824894309,0.00125466450118,0.000728227023501,0.00113716942724,0.00131081673317,0.000754615699407,0.00106716738082,0.000843515037559,0.000728670798708,0.00109260575846,0.000718580442481,0.000541224493645,0.000384591054171,0.000380903540645,0.000231615733355,0.000103878512164,0.0000523806374986,0.0000243628255703,0.00000784220173955,0.00000380070719075,0.0000148339604493,0.000803079630714],"dvar":[0.00000115759951314,0.0000862339002197,0.000113022942969,0.00000904245735001,0.00000993351568468,0.00000451878759122,0.00000221297977987,0.00000111538179226,0.00000162425237704,0.0000032149253002,0.00000133749836095,5.02132422753e-7,3.25572614202e-7,9.52443315327e-7,5.6902911183e-7,4.20975766247e-7,2.26631556188e-7,1.92488542439e-7,3.01280664416e-7,2.02982192832e-7,1.68436358194e-8,2.76492828633e-9,5.4673915395e-10,4.91302415417e-11,1.35087305925e-11,2.09840353427e-10,6.50338677133e-7],"dvar2":[0.00000320345952787,0.000225086754654,0.000235138199059,0.0000233246028074,0.0000240353165282,0.0000113960531962,0.00000589179444432,0.00000286154022433,0.00000403068133892,0.00000752302366891,0.00000353511950379,0.00000138316613629,8.74677027696e-7,0.00000207491257243,0.0000015297543996,0.00000112710165467,5.99269867507e-7,4.15690891487e-7,6.4400529709e-7,4.68905341222e-7,3.79587170585e-8,6.35221164558e-9,1.17295806401e-9,1.16531131966e-10,3.37281799712e-11,4.38389380353e-10,0.00000153613279963],"max":[0.0274584032595,0.133509904146,0.125217720866,0.0676546692848,0.0829171091318,0.0385571345687,0.0339200347662,0.0400718636811,0.0328166671097,0.0759463086724,0.0345162712038,0.0113448156044,0.00813552550972,0.0526471994817,0.0132083417848,0.0128000192344,0.013170930557,0.0112204216421,0.0120519241318,0.0155724687502,0.004568583332,0.00151227286551,0.000466049532406,0.000149570740177,0.0000753248241381,0.000379196804715,0.0344548039138],"mean":[0.000618581136223,0.00763935921714,0.00746856722981,0.00238785846159,0.00294521590695,0.00190162134822,0.00114573794417,0.000620304082986,0.00110600597691,0.00117795611732,0.000699886702932,0.00111202499829,0.000900642713532,0.000856589176692,0.00130944384728,0.000871614494827,0.000695877650287,0.000539567728993,0.000543233531062,0.000326105218846,0.000181156574399,0.0000966791048995,0.0000438763818238,0.00000840225038701,0.00000232130128097,0.0000254181650234,0.00220313877799],"median":[0.000267869560048,0.00400647241622,0.00253208982758,0.00111927045509,0.00178908160888,0.000971096742433,0.000547153293155,0.00029021553928,0.000584521680139,0.000592031748965,0.000393683876609,0.000897910504136,0.000731534208171,0.000561696651857,0.00106647168286,0.000543387141079,0.000467818870675,0.00030198082095,0.000294112542178,0.00020451284945,0.000126487371745,0.0000698840303812,0.0000272608522209,0.00000473686077385,0.00000101184980394,0.0000163810764207,0.00152227701619],"min":[8.91541320946e-26,8.4259209502e-25,1.37657194316e-24,1.39331137435e-24,5.12586078438e-24,1.16602563809e-23,1.03031805433e-23,4.93293420038e-24,1.95137871552e-23,1.54284784754e-23,1.10397944019e-23,2.41741722794e-23,1.35068590643e-23,3.1101336593e-23,3.49204204944e-23,7.23911020777e-23,7.13951557185e-23,6.43404483738e-23,1.20541404684e-22,1.5753891803e-22,2.24885286173e-22,2.96349672325e-22,4.11401791555e-22,5.37665429163e-22,9.1900351705e-22,1.21510943767e-21,1.80762430246e-21],"var":[0.00000114788599603,0.000104029350041,0.000185366749065,0.000013079650671,0.0000155417583301,0.00000755554992793,0.00000373660168407,0.00000145352203162,0.00000296655639431,0.00000545879038327,0.00000204109096558,8.06142338661e-7,5.27039958342e-7,0.00000313639338856,0.0000010389109093,9.88535930446e-7,5.83706821544e-7,5.95178050844e-7,8.04736657756e-7,3.28810358496e-7,4.0384712463e-8,9.27366006209e-9,2.53696796904e-9,1.15499436404e-10,1.39699779522e-11,8.74492755987e-10,0.00000502616057929]},"barkbands_crest":{"dmean":2.806235075,"dmean2":4.60980367661,"dvar":6.50680398941,"dvar2":16.2020244598,"max":24.1462917328,"mean":8.32620429993,"median":7.38517189026,"min":2.30619168282,"var":14.5515918732},"barkbands_flatness_db":{"dmean":0.019313827157,"dmean2":0.0308985933661,"dvar":0.000280566513538,"dvar2":0.000690963410307,"max":0.255751520395,"mean":0.102652981877,"median":0.0985122919083,"min":0.0274124145508,"var":0.000870872114319},"barkbands_kurtosis":{"dmean":1.78779792786,"dmean2":2.9053478241,"dvar":6.58545017242,"dvar2":16.5487804413,"max":48.7606697083,"mean":2.12347197533,"median":1.19458913803,"min":-1.72649037838,"var":11.7686891556},"barkbands_skewness":{"dmean":0.462250083685,"dmean2":0.729070365429,"dvar":0.199676141143,"dvar2":0.476073861122,"max":6.41961145401,"mean":1.35063695908,"median":1.29556417465,"min":-2.1160171032,"var":0.785835981369},"barkbands_spread":{"dmean":8.62755298615,"dmean2":13.8299503326,"dvar":56.1383361816,"dvar2":138.012954712,"max":110.381355286,"mean":44.7885856628,"median":43.1772689819,"min":5.92707252502,"var":273.371520996},"dissonance":{"dmean":0.0103124938905,"dmean2":0.0177777763456,"dvar":0.000142545090057,"dvar2":0.000410469045164,"max":0.5,"mean":0.484577506781,"median":0.487793475389,"min":0.0280846320093,"var":0.000170778133906},"dynamic_complexity":1.5124682188,"erbbands":{"dmean":[0.143621727824,1.53768980503,6.21318674088,5.53614854813,6.79339790344,6.7090473175,6.04381418228,12.6910848618,12.5772628784,8.32313919067,9.64616680145,15.2363548279,24.5559558868,18.266872406,17.6484928131,23.3808708191,20.5539722443,19.2863731384,29.0652236938,26.6365032196,21.7140789032,16.530090332,11.4608221054,13.745880127,11.7643518448,6.82656097412,3.53626227379,2.49201416969,1.37866985798,0.816844642162,0.408992171288,0.167533174157,0.0424788184464,0.025308817625,0.0163076054305,0.0103235812858,0.0200625900179,0.0290127042681,0.0254191923887,0.0116659766063],"dmean2":[0.24458193779,2.51302409172,9.62372779846,9.21512508392,11.1800365448,11.1270503998,10.0451202393,20.936882019,20.956817627,13.5866250992,15.867939949,25.1651554108,40.5971298218,29.7562255859,29.5346336365,39.4289207458,34.4244155884,31.9379920959,48.4051513672,44.4676933289,35.7678337097,27.1412906647,18.0475292206,21.4338207245,17.9861526489,10.4876899719,5.44498920441,3.79684829712,2.06275629997,1.23955965042,0.616612553596,0.257560372353,0.0699528157711,0.0424119308591,0.027201961726,0.0169338490814,0.0295860972255,0.0405507348478,0.0363304466009,0.0179501436651],"dvar":[0.0729244425893,5.38608789444,136.820297241,71.5811309814,153.349594116,109.675842285,102.637817383,508.402069092,686.678039551,182.468399048,769.70300293,829.141357422,2412.24780273,2193.99975586,1067.92077637,664.448303223,517.842956543,1495.23242188,1319.48840332,1076.50427246,1022.37194824,711.90612793,395.148254395,749.796020508,884.796203613,395.252502441,61.5311775208,14.8526754379,4.50542593002,1.31333100796,0.34701603651,0.0657592788339,0.00392565084621,0.00169850315433,0.000683090474922,0.000231579120737,0.000959976925515,0.00177528487984,0.00158012739848,0.000242041816819],"dvar2":[0.202076643705,13.4712104797,276.842773438,186.78843689,362.176269531,285.567474365,262.706665039,1271.72033691,1833.5098877,464.841125488,2000.10998535,2085.14892578,5977.87646484,5341.23095703,2784.72705078,1810.04919434,1392.43554688,3444.41552734,3457.08032227,2845.93164062,2692.84985352,1865.45129395,870.07434082,1619.19299316,1929.49035645,878.62689209,134.176544189,34.0080947876,10.5527524948,2.88705611229,0.750780582428,0.147475019097,0.00965785048902,0.00424520671368,0.00170295301359,0.000570979318582,0.00196069828235,0.00361914304085,0.00334717216901,0.000604275788646],"max":[4.40008115768,27.7490100861,128.091766357,141.583770752,383.562286377,194.848083496,181.11529541,444.003936768,603.085693359,308.169616699,989.304443359,833.040222168,1400.01977539,1422.11108398,1045.69909668,380.62991333,327.016906738,1884.36181641,996.537475586,708.15447998,599.506103516,780.200439453,567.896057129,610.710144043,726.94128418,793.431152344,315.445159912,104.093238831,82.0372924805,23.9934272766,10.8112945557,5.62739181519,1.2976307869,0.850920677185,0.532305240631,0.300100147724,0.816883563995,1.65404891968,1.16137456894,0.49833470583],"mean":[0.170432507992,1.96804225445,8.56383895874,7.80354261398,9.56744861603,9.74780845642,9.14974689484,18.3779983521,18.8319473267,13.5708799362,14.7676372528,24.6930179596,37.6095352173,30.6669464111,32.2335166931,44.7192192078,40.6294364929,40.9832839966,61.8578605652,58.0371017456,48.1950721741,37.8345603943,27.3176269531,30.3304710388,25.4663410187,15.4155521393,8.89512062073,6.5490193367,3.80658006668,2.19592881203,1.11991763115,0.368478149176,0.0556402355433,0.026209237054,0.0170743614435,0.0135707026348,0.0525133945048,0.0968389064074,0.10334675014,0.0554561205208],"median":[0.0827245339751,0.98713517189,3.23189926147,4.30954265594,5.11915683746,5.9501042366,5.18799448013,9.21272468567,8.83119773865,7.93538951874,6.70106983185,13.4592399597,20.9967880249,15.6308765411,22.5586891174,37.0027313232,34.1804771423,28.5587387085,48.9539642334,46.5769500732,31.5207290649,24.3767662048,15.8584766388,16.1055107117,14.0062885284,9.75051498413,6.20090293884,4.64621162415,2.74855852127,1.44517076015,0.690011620522,0.203374996781,0.0316694267094,0.011706603691,0.00779729802161,0.0083179762587,0.0322777926922,0.0736687108874,0.0788083225489,0.0400217212737],"min":[3.42588123196e-23,3.97244477232e-22,1.69076999578e-21,5.64955028358e-21,1.25134291714e-20,1.36413957575e-20,3.5435606417e-20,8.42913846298e-20,1.47371182941e-19,1.27197423949e-19,2.0516012726e-19,5.30597382066e-19,5.6168949863e-19,7.16180522372e-19,7.95226573791e-19,1.0579153032e-18,1.0861427382e-18,2.16187830353e-18,2.2468183787e-18,3.50404005876e-18,3.50496608746e-18,3.56836410473e-18,5.03264336098e-18,6.69930352102e-18,7.59442874909e-18,7.81993141896e-18,9.05450923655e-18,9.77531855823e-18,9.51758479579e-18,1.20419977502e-17,1.30647776263e-17,1.01556578582e-17,9.61345916469e-18,8.66427354768e-18,6.18506560012e-18,3.92398642086e-18,2.19607126171e-18,9.85166836274e-19,2.5595628055e-19,2.42587549049e-20],"var":[0.0742635801435,6.89964485168,227.250976562,100.447105408,227.111968994,159.266677856,158.785797119,818.287902832,1067.93847656,330.092376709,1037.56774902,1496.05249023,3835.60644531,3780.73364258,1829.65563965,1139.1439209,918.693725586,4657.47802734,3069.17626953,2193.81982422,2680.68041992,1986.9239502,1310.22680664,2246.05639648,2056.38085938,682.788330078,125.34463501,43.4692306519,14.4001560211,5.60769319534,1.62703073025,0.219015702605,0.00501137366518,0.0017371175345,0.000714055087883,0.000273735291557,0.00396693311632,0.00851010624319,0.00931437779218,0.00246456358582]},"erbbands_crest":{"dmean":1.9244030714,"dmean2":3.24164867401,"dvar":3.5932700634,"dvar2":9.49563407898,"max":24.3524417877,"mean":6.69583320618,"median":6.11580896378,"min":2.52986693382,"var":7.04237604141},"erbbands_flatness_db":{"dmean":0.015573057346,"dmean2":0.024037361145,"dvar":0.000175578999915,"dvar2":0.000406633247621,"max":0.286971479654,"mean":0.138558909297,"median":0.136833786964,"min":0.0371198989451,"var":0.000997157767415},"erbbands_kurtosis":{"dmean":0.742009878159,"dmean2":1.19442975521,"dvar":0.620539307594,"dvar2":1.51701402664,"max":19.1051578522,"mean":0.546643674374,"median":0.217106178403,"min":-1.60942900181,"var":2.27516746521},"erbbands_skewness":{"dmean":0.28335043788,"dmean2":0.447472602129,"dvar":0.058142580092,"dvar2":0.140309676528,"max":2.60880208015,"mean":-0.395614683628,"median":-0.402856230736,"min":-2.86231136322,"var":0.326200991869},"erbbands_spread":{"dmean":6.45028448105,"dmean2":9.84665393829,"dvar":36.678855896,"dvar2":78.1313552856,"max":96.1532745361,"mean":31.7039070129,"median":28.7059669495,"min":3.05900120735,"var":190.544525146},"gfcc":{"cov":[[14978.9746094,936.890625,-1181.40209961,181.501617432,-51.9723739624,-371.759643555,119.119041443,-325.126098633,1.53036391735,-176.454193115,-123.718933105,-34.4092559814,-136.147918701],[936.890625,661.99987793,-159.779769897,-231.127166748,124.192947388,-78.420211792,14.7698478699,-24.6789340973,-6.04363250732,7.76137113571,28.9561309814,-63.6650390625,97.5196533203],[-1181.40209961,-159.779769897,347.159423828,110.146530151,-110.508964539,135.855056763,-57.5256538391,73.8496856689,-6.94490623474,18.2368850708,-12.1900186539,25.5544319153,-38.2514953613],[181.501617432,-231.127166748,110.146530151,342.573547363,33.537651062,-17.4186191559,65.3275756836,-14.8767108917,10.2992200851,-45.0399360657,-33.9959793091,42.3179397583,-85.107093811],[-51.9723739624,124.192947388,-110.508964539,33.537651062,300.544952393,-45.8786048889,53.9817085266,15.265422821,-18.3119659424,1.28245151043,36.9145355225,-45.6698303223,67.5343093872],[-371.759643555,-78.420211792,135.855056763,-17.4186191559,-45.8786048889,201.819061279,-38.0100822449,46.5687255859,-11.2605466843,17.158575058,-7.37257480621,5.94235658646,-8.72402667999],[119.119041443,14.7698478699,-57.5256538391,65.3275756836,53.9817085266,-38.0100822449,134.998352051,-31.8901786804,40.3820495605,-18.345533371,-9.51909542084,22.2570648193,-26.6139240265],[-325.126098633,-24.6789340973,73.8496856689,-14.8767108917,15.265422821,46.5687255859,-31.8901786804,132.564834595,-13.4930496216,32.3204994202,24.5114269257,-22.201259613,49.2678184509],[1.53036391735,-6.04363250732,-6.94490623474,10.2992200851,-18.3119659424,-11.2605466843,40.3820495605,-13.4930496216,87.4731140137,26.5367527008,8.49437713623,23.3514652252,-36.1527023315],[-176.454193115,7.76137113571,18.2368850708,-45.0399360657,1.28245151043,17.158575058,-18.345533371,32.3204994202,26.5367527008,74.280456543,41.6688308716,-2.47102475166,19.4210472107],[-123.718933105,28.9561309814,-12.1900186539,-33.9959793091,36.9145355225,-7.37257480621,-9.51909542084,24.5114269257,8.49437713623,41.6688308716,58.3446426392,6.76930189133,30.6667060852],[-34.4092559814,-63.6650390625,25.5544319153,42.3179397583,-45.6698303223,5.94235658646,22.2570648193,-22.201259613,23.3514652252,-2.47102475166,6.76930189133,64.0421524048,-14.4481992722],[-136.147918701,97.5196533203,-38.2514953613,-85.107093811,67.5343093872,-8.72402667999,-26.6139240265,49.2678184509,-36.1527023315,19.4210472107,30.6667060852,-14.4481992722,108.545883179]],"icov":[[0.000222542497795,-0.000677678501233,0.00156839808915,-0.00122737220954,0.000740491319448,-0.000555252481718,0.000563166337088,-0.000432380998973,0.000299134233501,-0.000439395691501,0.000243812799454,-0.000198711422854,0.00039024205762],[-0.000677678501233,0.00483056064695,-0.00557798612863,0.00556013174355,-0.00282648717985,0.00238085631281,-0.00273057748564,0.00289342249744,-0.00215851329267,0.00288904295303,-0.00178224849515,0.00308121903799,-0.00315108988434],[0.00156839808915,-0.00557798612863,0.0180985275656,-0.0120623614639,0.00711932964623,-0.00723132304847,0.00628480222076,-0.00634190160781,0.00305784773082,-0.00541792158037,0.00278444867581,-0.00328830466606,0.00407110340893],[-0.00122737220954,0.00556013174355,-0.0120623614639,0.0159794427454,-0.00929232034832,0.00675211055204,-0.00447064545006,0.0000754007705837,0.00107408338226,0.00291541428305,0.00319645437412,-0.00602463120595,0.00506822392344],[0.000740491319448,-0.00282648717985,0.00711932964623,-0.00929232034832,0.0121052311733,-0.00444823130965,-0.0017602769658,0.00153137906455,-0.00112210237421,0.00200809002854,-0.0089167887345,0.0109056551009,-0.00708671845496],[-0.000555252481718,0.00238085631281,-0.00723132304847,0.00675211055204,-0.00444823130965,0.0101145654917,-0.00101338431705,-0.00148517335765,0.00188443809748,-0.0016602698015,0.00444672489539,-0.00432326924056,0.00300939800218],[0.000563166337088,-0.00273057748564,0.00628480222076,-0.00447064545006,-0.0017602769658,-0.00101338431705,0.015355348587,-0.00308584817685,-0.00385808735155,-0.00030244118534,0.00550017040223,-0.00776515109465,0.00422995910048],[-0.000432380998973,0.00289342249744,-0.00634190160781,0.0000754007705837,0.00153137906455,-0.00148517335765,-0.00308584817685,0.0177389532328,-0.00495664635673,0.00251480820589,-0.00848386995494,0.0134187880903,-0.0131156835705],[0.000299134233501,-0.00215851329267,0.00305784773082,0.00107408338226,-0.00112210237421,0.00188443809748,-0.00385808735155,-0.00495664635673,0.0256828814745,-0.0154322655872,0.0067187808454,-0.0127552282065,0.0141067653894],[-0.000439395691501,0.00288904295303,-0.00541792158037,0.00291541428305,0.00200809002854,-0.0016602698015,-0.00030244118534,0.00251480820589,-0.0154322655872,0.0369696803391,-0.0258786603808,0.0134124048054,-0.00802646297961],[0.000243812799454,-0.00178224849515,0.00278444867581,0.00319645437412,-0.0089167887345,0.00444672489539,0.00550017040223,-0.00848386995494,0.0067187808454,-0.0258786603808,0.0484536811709,-0.0235827229917,0.00653865933418],[-0.000198711422854,0.00308121903799,-0.00328830466606,-0.00602463120595,0.0109056551009,-0.00432326924056,-0.00776515109465,0.0134187880903,-0.0127552282065,0.0134124048054,-0.0235827229917,0.042925644666,-0.018298888579],[0.00039024205762,-0.00315108988434,0.00407110340893,0.00506822392344,-0.00708671845496,0.00300939800218,0.00422995910048,-0.0131156835705,0.0141067653894,-0.00802646297961,0.00653865933418,-0.018298888579,0.0314343944192]],"mean":[31.8457927704,85.0293960571,-107.459999084,3.81631731987,1.61247336864,-26.1305942535,8.90504646301,-28.2519874573,2.69468140602,-12.3912067413,-8.33815002441,-3.40983343124,-9.65452289581]},"hfc":{"dmean":54.2155799866,"dmean2":88.9964294434,"dvar":5843.73095703,"dvar2":15662.4052734,"max":2118.55541992,"mean":201.949188232,"median":168.21975708,"min":1.05366339219e-16,"var":16770.0097656},"melbands":{"dmean":[0.0014371261932,0.00275468244217,0.000970377353951,0.000480441696709,0.000214185827645,0.000271541939583,0.000177629641257,0.0000907886351342,0.0000865120382514,0.000100707060483,0.000127462015371,0.0000795420783106,0.0000600954263064,0.0000719599192962,0.0000719977688277,0.0000397675612476,0.000040304617869,0.0000477772045997,0.0000541225090274,0.000032703148463,0.0000270202544925,0.0000211253336602,0.0000112416673801,0.0000122554283735,0.0000120450131362,0.0000102524036265,0.00000750885237721,0.00000433677905676,0.0000026620969038,0.00000179276526069,0.000001505814339,9.06653951915e-7,6.03247883646e-7,4.63219635094e-7,2.67193286163e-7,1.89768798009e-7,7.91935832467e-8,3.03507725619e-8,2.31770158621e-8,2.06735712993e-8],"dmean2":[0.00240200920962,0.00429638754576,0.00158721604384,0.000787029392086,0.000353992072633,0.000446477148216,0.000295710575301,0.000148581748363,0.000142693184898,0.000166148674907,0.000210575730307,0.000129757725517,0.000100368728454,0.000122873374494,0.000121519580716,0.0000676725976518,0.0000669013970764,0.0000797264801804,0.0000910216913326,0.0000549568758288,0.0000447738748335,0.0000351356138708,0.0000183557658602,0.0000193951073015,0.0000190324117284,0.0000161824355018,0.0000118052948892,0.00000677346088196,0.00000422858374804,0.0000027773714919,0.00000234577214542,0.00000139612870953,9.33255250857e-7,7.19229774404e-7,4.13842400349e-7,2.9589591577e-7,1.25759598291e-7,5.05818462671e-8,3.895000944e-8,3.46387949435e-8],"dvar":[0.00000595765141043,0.0000219633202505,0.00000198588054445,6.46092132683e-7,1.01937651209e-7,2.18079165393e-7,1.25710755583e-7,2.45861730974e-8,5.96628737526e-8,3.61735317256e-8,6.78833416146e-8,4.14764080858e-8,1.90197972927e-8,7.76139952308e-9,7.22097270867e-9,2.54818210976e-9,7.79391484684e-9,4.59060300884e-9,4.01138144923e-9,2.36473374216e-9,1.48510193032e-9,1.23413990138e-9,3.14690828951e-10,5.34133792751e-10,5.82207282385e-10,5.77767167442e-10,5.77827841131e-10,1.34436864418e-10,3.28753309298e-11,9.65469110908e-12,5.8780571556e-12,2.11979999526e-12,7.12228073827e-13,4.57374643801e-13,1.47308502744e-13,9.01895948874e-14,1.48429649106e-14,2.06395057126e-15,1.43606950553e-15,1.13414736434e-15],"dvar2":[0.0000160144390975,0.0000457153691968,0.00000502005013914,0.00000156463693202,2.64612168621e-7,5.48881132545e-7,3.3475103578e-7,6.18390103568e-8,1.5427872313e-7,9.09131685489e-8,1.66593267181e-7,9.92224542529e-8,5.14071452073e-8,2.11235455794e-8,1.95891800558e-8,6.9515375678e-9,1.7320653356e-8,1.14711937726e-8,1.09528848213e-8,6.37682084914e-9,3.94237442691e-9,3.26302496134e-9,7.91356424834e-10,1.16979970155e-9,1.31470645481e-9,1.3073369054e-9,1.38879641121e-9,3.03514768873e-10,7.3097694564e-11,2.2337865932e-11,1.44815652525e-11,5.13840966304e-12,1.67050108555e-12,1.06192713043e-12,3.41979970817e-13,2.09404081531e-13,3.45284646144e-14,5.12361081838e-15,3.59210621656e-15,2.83472874216e-15],"max":[0.0390591323376,0.0542319864035,0.0230707507581,0.0201245304197,0.00477340212092,0.00884480308741,0.00804173201323,0.00360624818131,0.00832267384976,0.00533319544047,0.00836853776127,0.00718403654173,0.00415926380083,0.00150072714314,0.00127837690525,0.000927823188249,0.00459666410461,0.00264778686687,0.00124759948812,0.000918379519135,0.000630447466392,0.000946954707615,0.000377203599783,0.000592032214627,0.000546615105122,0.000553874648176,0.000848669616971,0.000464556796942,0.000226391464821,0.0000988483661786,0.000089931061666,0.0000575692793063,0.000017534577637,0.0000137081206049,0.00000677840034768,0.00000580503683523,0.00000268425469585,8.53973176618e-7,7.7595905168e-7,6.94356799613e-7],"mean":[0.00184539775364,0.00385397253558,0.00146470230538,0.000721358985174,0.000338773417752,0.000404310208978,0.000271797034657,0.000141046184581,0.000128476516693,0.000159392802743,0.000190656108316,0.000127113977214,0.000101149824332,0.000120528726256,0.000120401287859,0.0000734399363864,0.0000766165103414,0.0000941357429838,0.000101773621282,0.0000630673457636,0.0000544087743037,0.000043194002501,0.0000241392826865,0.0000257425490418,0.0000243470476562,0.0000205163287319,0.000014758490579,0.00000912408631848,0.00000588340526519,0.00000430700629295,0.00000356327427653,0.00000225292205869,0.00000149551681261,0.0000011051082538,6.76468971506e-7,4.22708637871e-7,1.40529607506e-7,3.37905525782e-8,2.31496084524e-8,2.08842028115e-8],"median":[0.000951899914071,0.0017418093048,0.000856154365465,0.00043063564226,0.000207773031434,0.000205884774914,0.000131946231704,0.00008019793313,0.0000566081798752,0.0000867619310156,0.000103722944914,0.0000614259188296,0.0000644547835691,0.0000929807065404,0.0000953493145062,0.0000581318927289,0.0000491302052978,0.0000708437728463,0.0000817873806227,0.0000421847471443,0.00003617807306,0.0000275228812825,0.0000148386370711,0.0000135162536026,0.0000125525093608,0.0000111969884529,0.00000795575215307,0.00000593267577642,0.00000397768599214,0.00000298506915897,0.00000247855723501,0.00000160865511134,0.00000100924580693,6.84661245032e-7,4.13841291902e-7,2.31441561027e-7,6.99902216184e-8,1.60700022178e-8,9.76314851187e-9,8.96563090436e-9],"min":[7.10287696655e-25,9.3412086484e-25,1.26282263797e-24,1.08788366033e-24,1.25365429931e-24,2.19068527203e-24,2.19772920827e-24,1.58233763281e-24,2.40798746078e-24,2.56917974828e-24,2.27427632621e-24,2.56258565997e-24,1.56434164481e-24,2.90289256309e-24,2.01555578449e-24,1.73146961758e-24,3.24049761761e-24,2.92522422924e-24,3.49885133901e-24,3.54617865458e-24,3.56577987593e-24,3.32587662503e-24,4.78925659713e-24,2.87515581923e-24,4.49126833449e-24,4.27214762414e-24,4.24211963378e-24,4.24336682287e-24,5.35166432989e-24,4.46273839099e-24,5.7599136534e-24,4.32264576612e-24,4.94109299429e-24,5.18508727785e-24,6.02285716476e-24,6.34315007507e-24,5.63406667319e-24,6.21543625553e-24,5.76551141039e-24,6.96836099664e-24],"var":[0.00000682636164129,0.0000356847122021,0.00000307161735691,9.92326363303e-7,1.64280550052e-7,3.58893686325e-7,2.04748914712e-7,4.11279543755e-8,8.57020268086e-8,6.40086526005e-8,1.08182995007e-7,7.10359771006e-8,2.91793291751e-8,1.16457110622e-8,1.05222861535e-8,4.20070112028e-9,2.48652707313e-8,1.19745120486e-8,6.74756650554e-9,4.64025129432e-9,3.47598105854e-9,2.87437940116e-9,8.24567636393e-10,1.58398971717e-9,1.55026236293e-9,1.29735500121e-9,9.29749832679e-10,2.1697497965e-10,6.06688796423e-11,2.29840851212e-11,1.38195331914e-11,5.4881819575e-12,2.47123740742e-12,1.63936149811e-12,6.00516381413e-13,2.88295754457e-13,3.81556663706e-14,2.43164333849e-15,1.45885659764e-15,1.16289841543e-15]},"melbands_crest":{"dmean":4.12021350861,"dmean2":6.70473623276,"dvar":12.2908287048,"dvar2":29.5825824738,"max":30.6547222137,"mean":14.2590656281,"median":13.184094429,"min":1.59215593338,"var":37.789604187},"melbands_flatness_db":{"dmean":0.0281306169927,"dmean2":0.0446700304747,"dvar":0.000550138880499,"dvar2":0.00134469324257,"max":0.405258476734,"mean":0.199689239264,"median":0.196920096874,"min":0.00327794952318,"var":0.00233684619889},"melbands_kurtosis":{"dmean":5.15863513947,"dmean2":8.19950580597,"dvar":61.5429534912,"dvar2":145.213867188,"max":113.511947632,"mean":7.24920368195,"median":3.36643576622,"min":-1.82121622562,"var":125.479675293},"melbands_skewness":{"dmean":0.772724032402,"dmean2":1.19821918011,"dvar":0.558301329613,"dvar2":1.26105988026,"max":9.42630290985,"mean":2.19920444489,"median":1.88183403015,"min":-1.48248767853,"var":2.09156942368},"melbands_spread":{"dmean":8.14897441864,"dmean2":12.8899793625,"dvar":63.1490440369,"dvar2":141.612243652,"max":161.411911011,"mean":30.3589134216,"median":26.4641780853,"min":2.59647655487,"var":369.657745361},"mfcc":{"cov":[[3933.22875977,665.245788574,-212.418395996,424.026031494,-83.0055770874,133.401153564,-46.1640396118,91.7556686401,-36.5663375854,20.1646232605,-43.5303153992,-52.779750824,-5.50463485718],[665.245788574,971.284362793,-289.008514404,-102.871696472,51.9553489685,-52.6765823364,71.8806610107,-124.150939941,83.1126022339,-55.0892562866,33.3401031494,-27.0573768616,27.6321868896],[-212.418395996,-289.008514404,468.518737793,-81.8922271729,-36.8876724243,29.044708252,-72.3938369751,71.5337982178,-52.8039512634,55.779838562,-27.2183227539,25.4550094604,-15.5234289169],[424.026031494,-102.871696472,-81.8922271729,410.387481689,-16.0545845032,66.4151153564,-6.91839075089,86.0029525757,-22.1492385864,12.3304443359,-12.4489870071,-5.03937673569,-10.5137863159],[-83.0055770874,51.9553489685,-36.8876724243,-16.0545845032,214.336608887,-46.0840835571,110.889358521,-49.7432136536,58.3841743469,-34.5010032654,32.0292205811,-0.0111235827208,7.91037559509],[133.401153564,-52.6765823364,29.044708252,66.4151153564,-46.0840835571,174.631851196,-39.5616607666,77.9036407471,-44.2054595947,40.0570716858,-22.5936946869,11.7672758102,-4.29288578033],[-46.1640396118,71.8806610107,-72.3938369751,-6.91839075089,110.889358521,-39.5616607666,144.671478271,-27.6113471985,65.2261810303,-39.2754859924,21.7044582367,-13.2966356277,4.34422302246],[91.7556686401,-124.150939941,71.5337982178,86.0029525757,-49.7432136536,77.9036407471,-27.6113471985,124.807441711,-21.9616584778,38.8429908752,-28.2819232941,2.61230349541,-12.6713027954],[-36.5663375854,83.1126022339,-52.8039512634,-22.1492385864,58.3841743469,-44.2054595947,65.2261810303,-21.9616584778,83.2947845459,-13.075097084,26.1492843628,-8.42160129547,5.96297264099],[20.1646232605,-55.0892562866,55.779838562,12.3304443359,-34.5010032654,40.0570716858,-39.2754859924,38.8429908752,-13.075097084,68.8262252808,8.18975448608,20.6989326477,-2.01024842262],[-43.5303153992,33.3401031494,-27.2183227539,-12.4489870071,32.0292205811,-22.5936946869,21.7044582367,-28.2819232941,26.1492843628,8.18975448608,66.1027679443,23.065618515,13.9468832016],[-52.779750824,-27.0573768616,25.4550094604,-5.03937673569,-0.0111235827208,11.7672758102,-13.2966356277,2.61230349541,-8.42160129547,20.6989326477,23.065618515,56.4661979675,16.2020587921],[-5.50463485718,27.6321868896,-15.5234289169,-10.5137863159,7.91037559509,-4.29288578033,4.34422302246,-12.6713027954,5.96297264099,-2.01024842262,13.9468832016,16.2020587921,40.7971458435]],"icov":[[0.000373586459318,-0.000371560046915,-0.0000611104260315,-0.000423272693297,0.00000920187812881,-0.0000436460250057,0.0000656355623505,-0.000182467585546,0.00025081273634,-0.000159175120643,0.0000436640693806,0.000293762888759,-0.0000763993666624],[-0.000371560046915,0.00184697576333,0.000782096991315,0.000751156650949,0.000150751366164,-0.000433852750575,0.0000420317337557,0.00116731063463,-0.00133396405727,0.000206224838621,0.000103914520878,0.000094809649454,-0.000394773262087],[-0.0000611104260315,0.000782096991315,0.00352044450119,0.00133790832479,-0.00088276353199,0.000737211026717,0.000895183417015,-0.00186290720012,0.0010013000574,-0.00139598839451,0.000805474701338,-0.00083623273531,0.000562775880098],[-0.000423272693297,0.000751156650949,0.00133790832479,0.00390544580296,-0.000567480863538,-0.0000896007259144,0.000157735717949,-0.00272741355002,0.000781465263572,0.000588982657064,-0.000812181737274,0.0000172812506207,0.000371953996364],[0.00000920187812881,0.000150751366164,-0.00088276353199,-0.000567480863538,0.00871308427304,-0.000531326862983,-0.00583134917542,0.00285259727389,-0.00166319333948,0.000841889879666,-0.000877336307894,-0.00123567227274,0.00025383674074],[-0.0000436460250057,-0.000433852750575,0.000737211026717,-0.0000896007259144,-0.000531326862983,0.00962124764919,-0.000486830802402,-0.00510681560263,0.0044960975647,-0.00321420072578,0.00106601940934,-0.000854247598909,-0.000714208756108],[0.0000656355623505,0.0000420317337557,0.000895183417015,0.000157735717949,-0.00583134917542,-0.000486830802402,0.0166763104498,-0.00252455682494,-0.0077979140915,0.00598344253376,-0.00157594040502,0.000991158187389,0.000460949318949],[-0.000182467585546,0.00116731063463,-0.00186290720012,-0.00272741355002,0.00285259727389,-0.00510681560263,-0.00252455682494,0.0186029393226,-0.00388190685771,-0.00576079776511,0.00587616488338,-0.000632882467471,0.00125537195709],[0.00025081273634,-0.00133396405727,0.0010013000574,0.000781465263572,-0.00166319333948,0.0044960975647,-0.0077979140915,-0.00388190685771,0.0247792508453,-0.00382808665745,-0.00595058454201,0.00462988484651,-0.00167485815473],[-0.000159175120643,0.000206224838621,-0.00139598839451,0.000588982657064,0.000841889879666,-0.00321420072578,0.00598344253376,-0.00576079776511,-0.00382808665745,0.026506209746,-0.00717403786257,-0.00521788839251,0.00292192096822],[0.0000436640693806,0.000103914520878,0.000805474701338,-0.000812181737274,-0.000877336307894,0.00106601940934,-0.00157594040502,0.00587616488338,-0.00595058454201,-0.00717403786257,0.0261491518468,-0.0094744823873,-0.00235253293067],[0.000293762888759,0.000094809649454,-0.00083623273531,0.0000172812506207,-0.00123567227274,-0.000854247598909,0.000991158187389,-0.000632882467471,0.00462988484651,-0.00521788839251,-0.0094744823873,0.0279911756516,-0.00930193439126],[-0.0000763993666624,-0.000394773262087,0.000562775880098,0.000371953996364,0.00025383674074,-0.000714208756108,0.000460949318949,0.00125537195709,-0.00167485815473,0.00292192096822,-0.00235253293067,-0.00930193439126,0.0301821958274]],"mean":[-624.707458496,151.443389893,-43.8667526245,44.306476593,-3.54637789726,25.5542755127,-3.04115056992,9.1696023941,-0.97809612751,5.20379209518,-3.28970336914,-1.52524924278,1.32732844353]},"pitch_salience":{"dmean":0.0779679045081,"dmean2":0.126104444265,"dvar":0.00479433452711,"dvar2":0.011579961516,"max":0.985482811928,"mean":0.60096091032,"median":0.624682068825,"min":0.178230404854,"var":0.0127547970042},"silence_rate_20dB":{"dmean":0,"dmean2":0,"dvar":0,"dvar2":0,"max":1,"mean":1,"median":1,"min":1,"var":0},"silence_rate_30dB":{"dmean":0.0341273285449,"dmean2":0.0682605654001,"dvar":0.0329626537859,"dvar2":0.0838713347912,"max":1,"mean":0.975056290627,"median":1,"min":0,"var":0.0243215151131},"silence_rate_60dB":{"dmean":0.00138588133268,"dmean2":0.00277200271375,"dvar":0.0013839607127,"dvar2":0.00311081903055,"max":1,"mean":0.0139442235231,"median":0,"min":0,"var":0.013749781996},"spectral_centroid":{"dmean":225.024032593,"dmean2":347.297058105,"dvar":51565.5546875,"dvar2":108291.515625,"max":11610.7099609,"mean":1633.60241699,"median":1461.66516113,"min":293.689605713,"var":1069959.125},"spectral_complexity":{"dmean":3.76595926285,"dmean2":5.87110185623,"dvar":10.579785347,"dvar2":22.4482154846,"max":61,"mean":31.4418849945,"median":31,"min":0,"var":76.7803115845},"spectral_contrast_coeffs":{"dmean":[0.055042963475,0.0496446043253,0.0371283553541,0.0275902450085,0.018864126876,0.0469999685884],"dmean2":[0.0920180380344,0.0837894082069,0.0633549541235,0.0470527559519,0.0317322723567,0.0739351883531],"dvar":[0.00189446832519,0.00151915324386,0.00086496717995,0.00046248891158,0.000220680158236,0.00149149214849],"dvar2":[0.00508098397404,0.00424412963912,0.00244576158002,0.00131684518419,0.000596851343289,0.00367392064072],"max":[-0.388406634331,-0.524129331112,-0.57430356741,-0.644776761532,-0.660363137722,-0.372853547335],"mean":[-0.6616512537,-0.773405373096,-0.809643387794,-0.805078089237,-0.799066722393,-0.66983550787],"median":[-0.663144946098,-0.778037726879,-0.813361406326,-0.806274056435,-0.800879001617,-0.665131688118],"min":[-0.974971055984,-0.994315683842,-0.976973116398,-0.978831231594,-0.96661812067,-0.964511871338],"var":[0.0058784536086,0.0037050023675,0.00200157891959,0.00114786601625,0.000939306453802,0.00605060812086]},"spectral_contrast_valleys":{"dmean":[0.401447534561,0.343365728855,0.274639010429,0.216923505068,0.185174062848,0.610191583633],"dmean2":[0.669645488262,0.571492671967,0.455615401268,0.352257311344,0.272693097591,0.973973631859],"dvar":[0.106965787709,0.079278677702,0.0548279583454,0.0403929837048,0.0449697636068,0.268950432539],"dvar2":[0.272986322641,0.200801968575,0.130753025413,0.0856344401836,0.074726305902,0.668529331684],"max":[-5.11545181274,-4.74518489838,-4.92038631439,-5.53941965103,-5.36596012115,-8.97936534882],"mean":[-6.91734075546,-6.57012319565,-6.68580389023,-6.77324962616,-7.06568241119,-11.2690896988],"median":[-6.68892383575,-6.367872715,-6.4488363266,-6.51563358307,-6.85950231552,-11.1063871384],"min":[-28.2855739594,-27.9452190399,-27.8540248871,-27.6891651154,-27.5839557648,-27.4359912872],"var":[4.25744104385,4.36564016342,4.24315023422,4.18733406067,4.12324523926,2.94988632202]},"spectral_decrease":{"dmean":3.45533135437e-9,"dmean2":5.43121236873e-9,"dvar":1.97895897431e-17,"dvar2":4.41568003048e-17,"max":1.3265750276e-8,"mean":-6.72588162942e-9,"median":-5.1468154183e-9,"min":-5.08233277685e-8,"var":3.61541422069e-17},"spectral_energy":{"dmean":0.0135706309229,"dmean2":0.0207643918693,"dvar":0.000283998757368,"dvar2":0.000610323331784,"max":0.207321003079,"mean":0.0437024235725,"median":0.0390382856131,"min":9.96888185887e-21,"var":0.000621875573415},"spectral_energyband_high":{"dmean":0.000434977264376,"dmean2":0.00063420610968,"dvar":3.65862263152e-7,"dvar2":8.21380638172e-7,"max":0.0171571411192,"mean":0.0018986662617,"median":0.00146808195859,"min":7.00700011691e-21,"var":0.00000286656336357},"spectral_energyband_low":{"dmean":0.0109215546399,"dmean2":0.0172531567514,"dvar":0.00026069523301,"dvar2":0.000573228346184,"max":0.18318977952,"mean":0.0168254356831,"median":0.00971733406186,"min":1.26077548475e-23,"var":0.000423627119744},"spectral_energyband_middle_high":{"dmean":0.00236046174541,"dmean2":0.00369314197451,"dvar":0.00000793961498857,"dvar2":0.0000182756903087,"max":0.0807619616389,"mean":0.00872472580522,"median":0.00741117773578,"min":1.1591206597e-21,"var":0.0000309085698973},"spectral_energyband_middle_low":{"dmean":0.00433732988313,"dmean2":0.00704915914685,"dvar":0.0000301784821204,"dvar2":0.0000755549117457,"max":0.108516015112,"mean":0.0105125615373,"median":0.00808239169419,"min":1.79311100361e-22,"var":0.0000709266241756},"spectral_entropy":{"dmean":0.0868216082454,"dmean2":0.134302437305,"dvar":0.00637517357245,"dvar2":0.0142434202135,"max":9.81859302521,"mean":7.74903440475,"median":7.74629974365,"min":6.85205411911,"var":0.0708381384611},"spectral_flux":{"dmean":0.0241470392793,"dmean2":0.0395606681705,"dvar":0.000736406364013,"dvar2":0.00191429152619,"max":0.361903578043,"mean":0.121779151261,"median":0.118204474449,"min":6.42557188013e-11,"var":0.00152759510092},"spectral_kurtosis":{"dmean":2.8632876873,"dmean2":4.31485843658,"dvar":10.8652544022,"dvar2":24.0419464111,"max":79.457321167,"mean":18.9563903809,"median":17.2776832581,"min":-1.24995219707,"var":65.5778808594},"spectral_rms":{"dmean":0.000943099381402,"dmean2":0.00142783345655,"dvar":9.38129971928e-7,"dvar2":0.00000196116116058,"max":0.0142219690606,"mean":0.0062715113163,"median":0.00617139600217,"min":3.11861170568e-12,"var":0.00000330465695697},"spectral_rolloff":{"dmean":4879.65869141,"dmean2":9209.62597656,"dvar":51806416,"dvar2":125699000,"max":22050,"mean":14852.8300781,"median":20068.9453125,"min":86.1328125,"var":72586960},"spectral_skewness":{"dmean":0.226094841957,"dmean2":0.324660152197,"dvar":0.0558373145759,"dvar2":0.110573776066,"max":6.86468362808,"mean":2.74026989937,"median":2.66766619682,"min":-0.0705193504691,"var":0.535753428936},"spectral_spread":{"dmean":313577,"dmean2":492428.375,"dvar":265855483904,"dvar2":587024039936,"max":42700372,"mean":4116061.75,"median":3790743,"min":1968004.5,"var":12726543843300},"spectral_strongpeak":{"dmean":5.00267124176,"dmean2":9.33833694458,"dvar":266.821166992,"dvar2":722.127990723,"max":197.239898682,"mean":3.95258355141,"median":0.389973044395,"min":0,"var":224.751800537},"zerocrossingrate":{"dmean":0.0364153757691,"dmean2":0.047792006284,"dvar":0.000991750857793,"dvar2":0.0017274786951,"max":0.79248046875,"mean":0.295393168926,"median":0.28515625,"min":0.0693359375,"var":0.00764370756224}},"metadata":{"audio_properties":{"analysis_sample_rate":44100,"bit_rate":192000,"codec":"mp3","downmix":"mix","equal_loudness":0,"length":268.068572998,"lossless":false,"md5_encoded":"84ad5e6b416f415fd436ca817d8d4649","replay_gain":0.0571346282959,"sample_rate":44100},"tags":{"acoustid_id":["ba5054fc-7b8e-4ae5-a681-aff3d617b1a6"],"album":["The Essential"],"albumartist":["Motörhead"],"artist":["Motörhead"],"date":["2007"],"discnumber":["2/2"],"file_name":"2-08 - Motörhead - Deaf Forever.mp3","musicbrainz_albumartistid":["57961a97-3796-4bf7-9f02-a985a8979ae9"],"musicbrainz_albumid":["b4f619f1-6c35-48a8-8bd7-d821eacd29a3"],"musicbrainz_artistid":["57961a97-3796-4bf7-9f02-a985a8979ae9"],"musicbrainz_recordingid":["c700ca5c-cfd0-4985-8548-6668a1b217a4"],"musicbrainz_releasegroupid":["1257ccfc-0b75-3bfd-8671-4eaf00a9f25f"],"replaygain_album_gain":["-0.20 dB"],"replaygain_album_peak":["0.477078"],"replaygain_track_gain":["-0.06 dB"],"replaygain_track_peak":["0.418749"],"title":["Deaf Forever"],"tracknumber":["8/19"]},"version":{"essentia":"2.1-beta1","essentia_build_sha":"e76a03f03bb3900de42a1fa0d9be1e72f12def64","essentia_git_sha":"v2.1_beta1-28-g21ef5f4-dirty","extractor":"music 1.0"}},"rhythm":{"beats_count":578,"beats_loudness":{"dmean":0.0374035425484,"dmean2":0.0701168179512,"dvar":0.00101512507536,"dvar2":0.00354667101055,"max":0.16792871058,"mean":0.0671092420816,"median":0.0610641390085,"min":0,"var":0.000959542579949},"beats_loudness_band_ratio":{"dmean":[0.230413272977,0.0577297098935,0.0552877485752,0.0654605478048,0.0401262268424,0.0993443503976],"dmean2":[0.430090457201,0.101774066687,0.102787651122,0.122777089477,0.0689006894827,0.177467107773],"dvar":[0.0292158443481,0.00422215694562,0.00371375773102,0.00490015465766,0.00206361850724,0.00912635214627],"dvar2":[0.0977730676532,0.0125620020553,0.0110988421366,0.0143384272233,0.00561829796061,0.0303977262229],"max":[0.87842965126,0.465973526239,0.406764179468,0.4408588707