{"lowlevel":{"average_loudness":0.85249710083,"barkbands":{"dmean":[0.00000719035051588,0.00128343724646,0.00142764637712,0.00232577300631,0.00246478663757,0.0011897101067,0.00136440398637,0.00114134373143,0.0011963325087,0.00100474141072,0.000477723078802,0.000565653957892,0.000897821097169,0.000686177809257,0.000708403938916,0.000213972787606,0.000120528929983,0.00010878964531,0.0000736105721444,0.0000493522857141,0.000012112249351,0.00000435863921666,0.00000317343210554,0.00000315554530061,0.0000012493169379,9.95479965127e-8,3.41190697917e-9],"dmean2":[0.0000119987480502,0.00198632618412,0.00225214171223,0.00379875325598,0.00412425445393,0.00188202457502,0.00211565615609,0.00173860264476,0.00178418692667,0.00152768730186,0.00074441859033,0.000858978077304,0.0014496750664,0.00107057380956,0.00108978815842,0.000342932209605,0.000190708626178,0.000173315420398,0.000118343450595,0.0000754864158807,0.0000196382879949,0.00000698130770616,0.00000486086310048,0.00000479592154079,0.00000184542307125,1.50665385945e-7,5.88486459563e-9],"dvar":[9.3648824806e-11,0.00000231438730225,0.00000276275090982,0.0000123258787426,0.00000891788658919,0.00000219849493988,0.00000643137218503,0.00000739754977985,0.00000771066243033,0.00000364587867807,9.21324328829e-7,0.00000172721547642,0.00000251320693678,0.00000167092048287,0.00000145293688547,1.49663634375e-7,2.41803732592e-8,2.15060236286e-8,6.33138963479e-9,4.01869781896e-9,2.10372816389e-10,2.45737579591e-11,2.16621720561e-11,8.49074907605e-11,3.82827797241e-11,9.81098408352e-14,1.10319200596e-17],"dvar2":[2.53308679588e-10,0.00000510806239618,0.00000671505085847,0.0000315472971124,0.000024249757189,0.00000493804964208,0.0000132566037792,0.0000123906056615,0.0000154768295033,0.00000780408299761,0.00000193553432837,0.00000346498040926,0.00000604164188189,0.0000036558424199,0.00000310573250317,3.31424899969e-7,5.88361963594e-8,5.04240631471e-8,1.60459059373e-8,8.57183835024e-9,5.33969146677e-10,5.8225743671e-11,4.58242575829e-11,1.90002472089e-10,8.01380697912e-11,2.08571834391e-13,3.02138472083e-17],"max":[0.000201242262847,0.0155536532402,0.0246531628072,0.0540990307927,0.0385435707867,0.0279506277293,0.0846796035767,0.112560458481,0.0716130435467,0.0507457219064,0.0228254366666,0.036002997309,0.0338321141899,0.027719495818,0.0241110529751,0.0193561501801,0.00225958554074,0.00320611312054,0.00154525262769,0.00176844932139,0.000434330082498,0.00014743648353,0.000126255283249,0.000294438592391,0.000270176708,0.0000129662257677,9.25192154e-8],"mean":[0.0000104652472146,0.00391205726191,0.00427106907591,0.00374107738025,0.00472317496315,0.00262191263027,0.00253889942542,0.00200571585447,0.00212402944453,0.00169788300991,0.000795135099906,0.000973684014753,0.00114678067621,0.00110057380516,0.00106272078119,0.000378339667805,0.00023476179922,0.00023019631044,0.000193766463781,0.00012877122208,0.0000339147918567,0.0000135510481414,0.00000863801324158,0.00000650109996059,0.00000243911449616,2.68606100917e-7,8.11922529209e-9],"median":[0.00000604190336162,0.00356508535333,0.00363394548185,0.00200984999537,0.00331125431694,0.00183318019845,0.00143812783062,0.00105485296808,0.000732453016099,0.000885196262971,0.000406038569054,0.000406477600336,0.000516238389537,0.000526227115188,0.000490305363201,0.000259735068539,0.000169492937857,0.000160799012519,0.000164533703355,0.0000958087912295,0.0000292842414638,0.0000112506368168,0.00000629210035186,0.00000352238703272,0.00000146412980939,1.96593532564e-7,7.21544424209e-9],"min":[1.02001184299e-24,2.25749350766e-24,9.56869187599e-24,2.20473015159e-24,2.05227875846e-23,1.3501415924e-23,1.30701472448e-23,1.49737222517e-23,6.97347991506e-24,1.83864213024e-23,4.35885534942e-23,4.76071371631e-23,8.06950116866e-23,3.41455855361e-23,8.86563221599e-23,7.15547265025e-23,6.57043131483e-23,1.3512643308e-22,1.37709554958e-22,2.35443652964e-22,2.61109854672e-22,3.52480748181e-22,4.06728226143e-22,8.0331308944e-22,1.05515934419e-21,1.38582570283e-21,2.22293823826e-21],"var":[1.47311329801e-10,0.0000103120801214,0.0000135579139169,0.0000246043509833,0.0000203112813324,0.00000824912149255,0.0000170787170646,0.0000292165041174,0.0000180995884875,0.00000835724495118,0.00000206804202207,0.00000467957534056,0.00000328716828335,0.00000349599099536,0.0000029305181215,2.77000765436e-7,4.83344066993e-8,5.4521159143e-8,1.85002377862e-8,1.32580577628e-8,5.49939982442e-10,9.89909612614e-11,6.96921617638e-11,1.34836614096e-10,5.16360149083e-11,1.63572741506e-13,2.03109236329e-17]},"barkbands_crest":{"dmean":1.98704576492,"dmean2":3.140365839,"dvar":3.2497420311,"dvar2":7.94777536392,"max":23.6266613007,"mean":8.48434448242,"median":7.84422588348,"min":2.97905921936,"var":10.2148923874},"barkbands_flatness_db":{"dmean":0.013909236528,"dmean2":0.0212461147457,"dvar":0.000159565606737,"dvar2":0.000362051767297,"max":0.342300593853,"mean":0.169682517648,"median":0.166248261929,"min":0.0596584677696,"var":0.000767476914916},"barkbands_kurtosis":{"dmean":1.81574738026,"dmean2":2.72636795044,"dvar":6.14923763275,"dvar2":13.2755184174,"max":82.8809509277,"mean":2.5864815712,"median":1.29863572121,"min":-1.89314842224,"var":24.7570838928},"barkbands_skewness":{"dmean":0.462479919195,"dmean2":0.661231637001,"dvar":0.224230349064,"dvar2":0.450867384672,"max":7.91237211227,"mean":1.34323191643,"median":1.26006913185,"min":-2.04357624054,"var":0.932802200317},"barkbands_spread":{"dmean":3.04511618614,"dmean2":4.74797964096,"dvar":9.47463703156,"dvar2":21.225353241,"max":146.420852661,"mean":17.3241100311,"median":15.1931972504,"min":1.43438363075,"var":247.932540894},"dissonance":{"dmean":0.0163627266884,"dmean2":0.0277128051966,"dvar":0.000232976890402,"dvar2":0.000644495594315,"max":0.499999970198,"mean":0.46917283535,"median":0.473865032196,"min":0.243694350123,"var":0.000451779691502},"dynamic_complexity":2.89287638664,"erbbands":{"dmean":[0.0135354343802,0.360072642565,1.47731995583,4.22435855865,9.39154815674,8.00857067108,10.071647644,9.14841365814,18.0735206604,21.8234462738,25.7166061401,26.8639259338,33.4962730408,20.586183548,18.1437625885,23.273639679,37.8171195984,30.8754920959,43.1690330505,18.9496479034,8.99059867859,6.64090824127,6.0909113884,3.6561961174,3.81769013405,2.14308261871,0.840385615826,0.271030068398,0.161865696311,0.128716915846,0.0855735242367,0.0773683637381,0.0445782281458,0.0193175021559,0.00646812608466,0.000999656855129,0.000100804929389,0.00000984942926152,0.00000344783097717,0.00000764777905715],"dmean2":[0.0212241727859,0.554006934166,2.29935073853,6.88913488388,15.3576259613,13.5136461258,15.8343849182,14.8736925125,28.3863162994,32.6633224487,39.1534423828,39.9327888489,50.7566413879,31.4453659058,27.7174816132,35.1153831482,60.5079307556,46.8068313599,66.4011306763,28.4380111694,14.2150821686,10.3441944122,9.60163593292,5.90209293365,6.1345911026,3.22240805626,1.32881999016,0.437114328146,0.262354582548,0.199190914631,0.130529597402,0.116672977805,0.068020939827,0.0287795178592,0.00963163934648,0.0015003081644,0.000148657185491,0.0000153529836098,0.00000507310915054,0.0000113878786578],"dvar":[0.000323970190948,0.181664764881,2.98096871376,29.0274467468,230.171981812,105.589668274,196.579421997,124.91255188,811.813598633,2839.1472168,3556.61279297,4338.79150391,3997.25927734,1545.71936035,1738.89355469,2675.38891602,4217.28222656,3465.16357422,4695.21826172,1228.53796387,214.178787231,70.6948013306,68.8195648193,16.1103229523,19.4650878906,8.21046161652,1.16615855694,0.0809936970472,0.032073225826,0.0312975123525,0.0186742953956,0.0365392975509,0.0217903181911,0.00678907008842,0.00164351414423,0.0000201728580578,5.63387949626e-8,1.52614601512e-10,1.2655533739e-11,6.22527515648e-11],"dvar2":[0.000706108112354,0.399216502905,6.77133560181,75.0579681396,581.312683105,289.829528809,428.737487793,313.355926514,1883.84387207,4816.64355469,6345.64794922,8104.98193359,8572.36132812,3455.06738281,3683.14892578,5667.20654297,10218.5341797,7409.62988281,9936.05175781,2392.2199707,533.420227051,168.968185425,156.574310303,39.6013526917,49.4773216248,16.8290939331,2.87346720695,0.202191591263,0.079919219017,0.0674942135811,0.0399717874825,0.0811323747039,0.0486794225872,0.0143532855436,0.00352970394306,0.000041682880692,1.07373082869e-7,3.3386698961e-10,2.51119645911e-11,1.28083516016e-10],"max":[0.246293663979,4.33342218399,19.1670398712,68.6786422729,282.230285645,168.98425293,311.37612915,184.270965576,657.777099609,2049.53979492,2464.78613281,1630.11572266,1587.09399414,1735.30041504,1202.2791748,1172.10693359,971.097473145,1665.90893555,1202.58532715,1254.92993164,398.74798584,159.737197876,171.725234985,64.6979522705,94.8831634521,92.2875366211,35.63904953,5.53783607483,4.41072320938,6.60011386871,4.26969242096,5.24535131454,4.81472587585,3.04200267792,2.25042700768,0.204021990299,0.0113258855417,0.000394719245378,0.0000796595850261,0.000177088484634],"mean":[0.0383297428489,1.15970778465,5.256254673,8.09275817871,16.5152359009,14.0115938187,20.7301559448,18.7553634644,33.6043624878,39.7161331177,45.0281219482,49.1973075867,59.7335777283,37.7067070007,34.2540359497,40.3353881836,51.263130188,51.7271728516,69.5075759888,35.3350486755,17.5081558228,14.1145238876,13.3117618561,9.29247570038,10.0470809937,5.84429931641,2.36320590973,0.871170282364,0.4995405972,0.363061875105,0.226839631796,0.166835665703,0.0875069051981,0.0366305932403,0.0128577696159,0.00235612411052,0.000332796771545,0.000040251565224,0.0000182755993592,0.000038993479393],"median":[0.0270580276847,1.0740377903,4.21365833282,5.73169326782,7.53256320953,9.71440792084,12.5515880585,14.1153469086,20.958114624,18.8973045349,24.0276679993,17.086555481,28.488193512,22.510887146,16.3304672241,18.6556243896,24.2676506042,26.3759441376,31.2781219482,20.5591697693,12.1158494949,10.4837274551,9.11328315735,7.89659118652,8.47034454346,4.35605144501,1.93741440773,0.756831765175,0.424253940582,0.274109244347,0.163998961449,0.0956938117743,0.0464325919747,0.0215929374099,0.00802547112107,0.00159371865448,0.000269263546215,0.0000362716418749,0.0000168692604348,0.0000357440731023],"min":[1.31262882667e-22,6.75911624107e-22,8.33347470202e-21,1.21322039221e-20,1.82422567195e-20,6.91725586721e-20,1.38052618525e-19,1.12543454108e-19,1.15167387333e-19,2.80561982792e-19,2.95705410911e-19,2.10008426701e-19,7.47588104941e-19,9.10665573634e-19,1.69889301037e-18,1.99587246037e-18,3.39400828688e-18,1.63493933452e-18,5.10381356729e-18,5.9389574476e-18,5.5799035727e-18,4.20636809761e-18,7.58599812429e-18,5.83398202402e-18,8.52149390215e-18,1.23444968731e-17,1.07652924512e-17,1.02831586507e-17,1.49256635165e-17,1.11103376089e-17,1.28469478838e-17,1.45711967717e-17,1.17601533273e-17,9.84587706448e-18,7.51610549843e-18,4.5377064589e-18,2.71890834547e-18,1.19863671657e-18,2.8474759424e-19,2.93470788948e-20],"var":[0.00162665976677,0.848642289639,18.8953800201,55.142250061,631.702514648,208.133209229,757.60949707,302.947143555,1659.66015625,10576.1552734,10681.2060547,10507.5439453,9793.14257812,3195.55224609,4869.71679688,6352.98535156,5707.36572266,6451.47265625,11023.2441406,2918.43139648,381.482330322,155.463363647,186.38494873,39.5934524536,54.3178329468,28.0989151001,3.41033792496,0.298173099756,0.12015324086,0.114867664874,0.05230403319,0.0648662596941,0.0326944664121,0.00961025897413,0.00195568497293,0.0000283178924292,1.20225280398e-7,4.6672560261e-10,7.03626532039e-11,3.33996802437e-10]},"erbbands_crest":{"dmean":2.21541619301,"dmean2":3.62455439568,"dvar":4.16722249985,"dvar2":10.2068214417,"max":27.8640193939,"mean":7.73817014694,"median":6.88707494736,"min":2.58199620247,"var":11.74305439},"erbbands_flatness_db":{"dmean":0.0132421916351,"dmean2":0.0190296843648,"dvar":0.000142748176586,"dvar2":0.000268710049568,"max":0.313800245523,"mean":0.196194604039,"median":0.196563303471,"min":0.0252238810062,"var":0.00120434875134},"erbbands_kurtosis":{"dmean":0.5513215065,"dmean2":0.861523032188,"dvar":0.452995419502,"dvar2":1.03357589245,"max":13.3556423187,"mean":-0.137442290783,"median":-0.443534851074,"min":-1.72218775749,"var":1.23403930664},"erbbands_skewness":{"dmean":0.308425605297,"dmean2":0.478802531958,"dvar":0.0745381563902,"dvar2":0.172601923347,"max":3.02747750282,"mean":0.112301513553,"median":0.125810220838,"min":-2.52173399925,"var":0.271575242281},"erbbands_spread":{"dmean":5.68935823441,"dmean2":8.20084857941,"dvar":30.8565654755,"dvar2":61.5427246094,"max":143.960952759,"mean":31.3268756866,"median":29.786315918,"min":4.9734711647,"var":193.054290771},"gfcc":{"cov":[[12977.1445312,2708.37329102,-2161.47021484,282.813842773,-502.325531006,201.956085205,-67.2330169678,-69.7422409058,65.1946411133,-242.346878052,177.566680908,-370.79876709,71.0333099365],[2708.37329102,858.254150391,-405.559967041,71.1716842651,-37.3228874207,-28.4194355011,47.2959365845,-33.3913154602,42.0777359009,-52.5539932251,51.3959541321,-56.7108192444,33.895614624],[-2161.47021484,-405.559967041,551.256835938,41.3052597046,63.8535881042,-24.1796512604,26.46301651,72.6781234741,11.8795814514,75.1023101807,2.05532050133,93.9678649902,14.7604055405],[282.813842773,71.1716842651,41.3052597046,197.274002075,21.5286579132,-30.5915088654,-17.2590065002,7.16320943832,-12.0280895233,12.759344101,5.49084663391,0.46336093545,9.41604423523],[-502.325531006,-37.3228874207,63.8535881042,21.5286579132,115.516525269,-10.3268880844,15.5222253799,-4.3855843544,-0.600080907345,15.5506210327,-15.1187648773,12.3326482773,-0.918985068798],[201.956085205,-28.4194355011,-24.1796512604,-30.5915088654,-10.3268880844,125.826637268,37.2904472351,43.4000663757,32.2690124512,16.7001171112,31.1166477203,4.7198343277,8.348279953],[-67.2330169678,47.2959365845,26.46301651,-17.2590065002,15.5222253799,37.2904472351,100.205856323,36.1841163635,31.1240653992,16.8538322449,22.3739185333,25.1182746887,7.14894580841],[-69.7422409058,-33.3913154602,72.6781234741,7.16320943832,-4.3855843544,43.4000663757,36.1841163635,108.321739197,55.3846130371,43.9131507874,29.2246341705,22.2351016998,19.8047084808],[65.1946411133,42.0777359009,11.8795814514,-12.0280895233,-0.600080907345,32.2690124512,31.1240653992,55.3846130371,94.3444900513,38.443775177,30.8228645325,16.1178703308,15.221321106],[-242.346878052,-52.5539932251,75.1023101807,12.759344101,15.5506210327,16.7001171112,16.8538322449,43.9131507874,38.443775177,70.9028320312,30.3731002808,29.7820014954,10.1152048111],[177.566680908,51.3959541321,2.05532050133,5.49084663391,-15.1187648773,31.1166477203,22.3739185333,29.2246341705,30.8228645325,30.3731002808,62.7767829895,26.4755249023,13.5149936676],[-370.79876709,-56.7108192444,93.9678649902,0.46336093545,12.3326482773,4.7198343277,25.1182746887,22.2351016998,16.1178703308,29.7820014954,26.4755249023,69.9315719604,26.4228134155],[71.0333099365,33.895614624,14.7604055405,9.41604423523,-0.918985068798,8.348279953,7.14894580841,19.8047084808,15.221321106,10.1152048111,13.5149936676,26.4228134155,45.1545944214]],"icov":[[0.00201585330069,-0.00452026678249,0.0044101793319,-0.00287456763908,0.00486841192469,-0.00430164067075,0.00304186344147,-0.0028222585097,0.00189178728033,-0.00118913361803,0.00129242334515,-0.000217265987885,0.000399410375394],[-0.00452026678249,0.0135380774736,-0.00774516537786,0.00496083218604,-0.0112184695899,0.0123909004033,-0.00991317071021,0.00720610562712,-0.00610990216956,0.00479450821877,-0.00695960083976,0.00356760038994,-0.00468354811892],[0.0044101793319,-0.00774516537786,0.0142092807218,-0.00757326884195,0.00975654274225,-0.00705346278846,0.00500483019277,-0.00796250533313,0.00404291879386,-0.00311791873537,0.00261529325508,-0.00321296555921,0.000446221587481],[-0.00287456763908,0.00496083218604,-0.00757326884195,0.0107486164197,-0.0081890784204,0.00669782143086,-0.00215751421638,0.00248937890865,-0.00019864339265,-0.0000898237994988,-0.00247852224857,0.0012777086813,-0.00104164308868],[0.00486841192469,-0.0112184695899,0.00975654274225,-0.0081890784204,0.0228561721742,-0.0109295565635,0.00492770550773,-0.00422406569123,0.00415807869285,-0.00692891236395,0.00875149294734,-0.00195175840054,0.00151262886357],[-0.00430164067075,0.0123909004033,-0.00705346278846,0.00669782143086,-0.0109295565635,0.022785237059,-0.0113882310688,0.0030860863626,-0.00523326219991,0.00431176833808,-0.0103423390538,0.00527189625427,-0.00480212923139],[0.00304186344147,-0.00991317071021,0.00500483019277,-0.00215751421638,0.00492770550773,-0.0113882310688,0.0215478017926,-0.00829865969718,0.00249798665754,-0.000743470387533,0.00359763461165,-0.008032489568,0.00685217231512],[-0.0028222585097,0.00720610562712,-0.00796250533313,0.00248937890865,-0.00422406569123,0.0030860863626,-0.00829865969718,0.0233352705836,-0.00951646082103,-0.00338158081286,-0.0026187801268,0.00473507633433,-0.0064848549664],[0.00189178728033,-0.00610990216956,0.00404291879386,-0.00019864339265,0.00415807869285,-0.00523326219991,0.00249798665754,-0.00951646082103,0.0214403308928,-0.00839755218476,0.000251777208177,0.0000400848111894,-0.000284181500319],[-0.00118913361803,0.00479450821877,-0.00311791873537,-0.0000898237994988,-0.00692891236395,0.00431176833808,-0.000743470387533,-0.00338158081286,-0.00839755218476,0.0304502118379,-0.0120835844427,-0.00290114362724,0.00129606563132],[0.00129242334515,-0.00695960083976,0.00261529325508,-0.00247852224857,0.00875149294734,-0.0103423390538,0.00359763461165,-0.0026187801268,0.000251777208177,-0.0120835844427,0.0357524119318,-0.0142190540209,0.00576391862705],[-0.000217265987885,0.00356760038994,-0.00321296555921,0.0012777086813,-0.00195175840054,0.00527189625427,-0.008032489568,0.00473507633433,0.0000400848111894,-0.00290114362724,-0.0142190540209,0.0356305018067,-0.019329354167],[0.000399410375394,-0.00468354811892,0.000446221587481,-0.00104164308868,0.00151262886357,-0.00480212923139,0.00685217231512,-0.0064848549664,-0.000284181500319,0.00129606563132,0.00576391862705,-0.019329354167,0.0371740423143]],"mean":[-23.4801063538,151.992477417,-145.046142578,29.1309013367,-47.6973419189,2.33161282539,-32.7139587402,-1.01104593277,-19.2502193451,-5.85885953903,-7.56800794601,-17.6305789948,-6.53592443466]},"hfc":{"dmean":5.20745897293,"dmean2":7.12935400009,"dvar":36.0507049561,"dvar2":62.9092712402,"max":107.338798523,"mean":19.2727069855,"median":15.4299964905,"min":1.1658496635e-16,"var":179.100921631},"melbands":{"dmean":[0.000234566134168,0.000631934206467,0.000893340271432,0.000589608447626,0.000330516922986,0.000220026166062,0.000270070711849,0.00023574611987,0.000220735848416,0.000171414954821,0.000171735518961,0.0000886012639967,0.0000634681346128,0.0000578472281632,0.000069278103183,0.0000950078028836,0.0000581563217565,0.0000748458187445,0.0000475286760775,0.0000181842151505,0.00000965723484114,0.00000756810231906,0.00000749330956751,0.00000440536814494,0.00000321761945088,0.00000298786335406,0.00000273534510598,0.00000135152868097,7.13062377145e-7,2.60300481614e-7,1.55116794076e-7,1.10417275323e-7,8.36073184018e-8,7.38012175816e-8,5.44748743891e-8,5.09779738422e-8,5.06683477397e-8,3.55434295329e-8,2.37658710489e-8,1.53673056502e-8],"dmean2":[0.000363840372302,0.000969779095612,0.0014439066872,0.000985775142908,0.000526151969098,0.000354473857442,0.000423872814281,0.000353677489329,0.000338374142302,0.000254226266406,0.000260956992861,0.000135081718327,0.0000979231481324,0.0000863207751536,0.000108333275421,0.000154682100401,0.0000892198877409,0.000116190392873,0.0000730906249373,0.0000287367638521,0.0000156086862262,0.0000121179200505,0.0000118299922178,0.00000703910154698,0.00000527639213033,0.00000485192549604,0.00000433776949649,0.00000206002187042,0.00000115256386835,4.27122330393e-7,2.55970320495e-7,1.83217480298e-7,1.34467725843e-7,1.15394698241e-7,8.50434531685e-8,7.86210847536e-8,7.70141923567e-8,5.48170397963e-8,3.65658436863e-8,2.33940369299e-8],"dvar":[8.10317288824e-8,5.27595432231e-7,0.0000016804480083,5.7270204934e-7,1.83472067761e-7,6.80733691638e-8,1.94314168311e-7,3.05695749603e-7,2.32844001857e-7,1.68403460066e-7,1.05763653835e-7,3.02578193612e-8,1.83076380722e-8,2.315854708e-8,1.85842097267e-8,2.92079143094e-8,1.37160842684e-8,1.51504107038e-8,8.15881229244e-9,1.00499575328e-9,2.37181829732e-10,9.51168310781e-11,1.09172414164e-10,3.50600208587e-11,1.29140743238e-11,1.09889814262e-11,1.09021437711e-11,3.68903952525e-12,9.97184214542e-13,8.53424386824e-14,2.72852673479e-14,1.60507796832e-14,1.06450213431e-14,1.07871932822e-14,6.69634856056e-15,1.10361862403e-14,1.64995326565e-14,1.24815098984e-14,8.39799539995e-15,4.94151821648e-15],"dvar2":[1.77190145223e-7,0.00000117217916795,0.00000423136953032,0.00000153572989348,4.2582740889e-7,1.68202745954e-7,4.31033271298e-7,4.89713158913e-7,4.3313090714e-7,3.21378877288e-7,2.27313904588e-7,6.57716725527e-8,3.92573973329e-8,4.57294895284e-8,4.03874693689e-8,7.13607803959e-8,2.96246192022e-8,3.19155510908e-8,1.68907465792e-8,2.06586991958e-9,5.92158266866e-10,2.33552954754e-10,2.53495974212e-10,8.34239344272e-11,3.23188871498e-11,2.85444064219e-11,2.55029383028e-11,7.62577414409e-12,2.51510227575e-12,2.17725468731e-13,7.14136594911e-14,4.20797159053e-14,2.54254506582e-14,2.35055081817e-14,1.48452535936e-14,2.4643591814e-14,3.71246849722e-14,2.82629907027e-14,1.85030586501e-14,1.07137419731e-14],"max":[0.00312357582152,0.00750088971108,0.022035073489,0.0112601295114,0.00843157060444,0.00382623658516,0.0100107658654,0.02260440588,0.019302688539,0.00920315086842,0.00816811341792,0.00772408815101,0.00344195612706,0.00436577340588,0.00442116893828,0.00395718449727,0.00306462589651,0.00234268652275,0.00217780703679,0.00170201994479,0.000435880123405,0.000173666194314,0.000231183425058,0.000117868214147,0.0000597816615482,0.0000555297265237,0.0000730943138478,0.0000600771345489,0.0000331577793986,0.00000709927553544,0.00000361580646313,0.00000290268917524,0.00000344914360539,0.00000319968376061,0.0000022730253022,0.00000302109560835,0.00000353263726538,0.00000354483154297,0.00000249433924182,0.0000031350766676],"mean":[0.000700108823366,0.00236624176614,0.00176807527896,0.00107689772267,0.000691076507792,0.000468394398922,0.000506733194925,0.000429928157246,0.000374037481379,0.000304516637698,0.000297347141895,0.000154174384079,0.000112668312795,0.00010399925668,0.000104402890429,0.000117555755423,0.0000943414488574,0.000117041825433,0.0000730796091375,0.0000317613739753,0.0000172868276422,0.0000142217886605,0.0000147518103404,0.00000917309989745,0.00000723182347429,0.00000738217659091,0.0000064790046963,0.00000326792655869,0.00000173073283349,6.88741977228e-7,4.29892992315e-7,2.95538200135e-7,2.22707924991e-7,1.88454791328e-7,1.32616023052e-7,1.12705706101e-7,9.82359580348e-8,6.66790853643e-8,4.12875920119e-8,2.73907616588e-8],"median":[0.000589427771047,0.00204406213015,0.00115203962196,0.000685112085193,0.000440363073722,0.00035188451875,0.000312584103085,0.000204022144317,0.000187835787074,0.0000954993302003,0.000137363516842,0.0000901759412955,0.0000571525888517,0.0000390207023884,0.0000538200110896,0.0000517278022016,0.000047104767873,0.0000519014211022,0.0000352541319444,0.000020758521714,0.0000118336301966,0.0000104143355202,0.00000946150885284,0.00000667906897434,0.00000595719575358,0.00000619368165644,0.00000509288474859,0.0000022284662009,0.00000134140100272,5.98871338298e-7,3.66147958175e-7,2.46139933324e-7,1.78590283895e-7,1.36823075536e-7,9.61706945191e-8,7.20089730066e-8,5.04997146322e-8,3.39007790728e-8,2.17158380167e-8,1.61103095309e-8],"min":[1.91777529199e-24,3.1665841118e-24,2.2491864079e-24,4.02732385334e-24,4.95954800074e-24,2.51612727468e-24,1.70356741015e-24,2.67136208462e-24,1.94415302573e-24,1.05994270011e-24,2.6084914482e-24,3.23646397459e-24,5.84312782928e-24,3.66664047582e-24,5.44539047176e-24,6.7844278214e-24,2.37326929791e-24,7.48453714162e-24,7.33034007819e-24,4.33333956455e-24,5.23362628378e-24,3.24932082962e-24,8.43568251226e-24,5.08398607537e-24,4.52932456228e-24,4.78684268276e-24,5.03874293031e-24,7.27602621601e-24,7.03062263245e-24,7.02980063938e-24,5.12944931263e-24,6.07365073516e-24,6.14526786687e-24,6.66938665787e-24,5.55954180019e-24,1.00662059385e-23,8.48639049125e-24,6.90696000808e-24,7.96369519975e-24,7.35602617813e-24],"var":[3.76161864324e-7,0.00000329214867634,0.00000374036108042,0.00000139432358992,6.49434127808e-7,1.81260887189e-7,4.38995783725e-7,0.00000131734941533,6.50455206141e-7,4.06975345868e-7,2.5644956736e-7,6.05797509934e-8,4.39705480915e-8,6.67132766807e-8,3.46320980782e-8,3.55748781544e-8,2.46279725502e-8,3.52484583743e-8,1.57778163867e-8,2.38489628046e-9,4.00633082265e-10,1.72613034977e-10,2.78895878614e-10,8.07947944659e-11,2.80420669324e-11,2.91484093806e-11,3.00701095968e-11,1.18463867188e-11,2.43173450126e-12,2.12183908139e-13,8.43097361131e-14,4.73529398473e-14,3.49950815125e-14,3.55159661175e-14,1.82650237572e-14,2.14868999194e-14,2.79469660982e-14,1.88569083579e-14,1.1702421699e-14,6.40793765367e-15]},"melbands_crest":{"dmean":2.99858236313,"dmean2":4.5679473877,"dvar":7.54091358185,"dvar2":16.6167430878,"max":28.9293460846,"mean":14.4598922729,"median":13.5307197571,"min":1.71669602394,"var":30.3082180023},"melbands_flatness_db":{"dmean":0.0178688820451,"dmean2":0.026372294873,"dvar":0.000285483984044,"dvar2":0.000613586802501,"max":0.45826536417,"mean":0.232013911009,"median":0.230177879333,"min":0.00356322154403,"var":0.00156781170517},"melbands_kurtosis":{"dmean":4.2976732254,"dmean2":6.37697601318,"dvar":36.4537162781,"dvar2":79.9210891724,"max":184.505584717,"mean":8.53886604309,"median":5.26919078827,"min":-1.52214956284,"var":137.72744751},"melbands_skewness":{"dmean":0.609154462814,"dmean2":0.870815873146,"dvar":0.405991077423,"dvar2":0.821904540062,"max":10.7482461929,"mean":2.25454068184,"median":2.07838630676,"min":-0.67297577858,"var":1.72450602055},"melbands_spread":{"dmean":4.72614574432,"dmean2":7.10622167587,"dvar":27.9879055023,"dvar2":59.8154945374,"max":148.465087891,"mean":18.5378799438,"median":16.686050415,"min":1.15086948872,"var":104.215553284},"mfcc":{"cov":[[6965.94628906,1873.98840332,-590.239501953,-107.014564514,-128.207519531,35.4966812134,-8.07280349731,34.397518158,-61.0357322693,205.655853271,4.47398471832,-2.26149296761,-50.6822471619],[1873.98840332,895.369812012,-163.112884521,58.8262023926,-39.7337532043,18.8226299286,6.54117250443,18.4787693024,9.60971641541,31.1310863495,15.5721702576,5.79205703735,6.12255764008],[-590.239501953,-163.112884521,269.809417725,76.885345459,27.1291828156,-23.7115859985,15.8279428482,20.8464393616,24.6554107666,8.48794174194,13.1693849564,28.7436504364,41.909614563],[-107.014564514,58.8262023926,76.885345459,222.603286743,46.5569381714,0.128075137734,0.0596610382199,-17.9055080414,4.95505857468,-17.9779605865,-5.08152675629,-9.09185409546,23.1131210327],[-128.207519531,-39.7337532043,27.1291828156,46.5569381714,92.5511703491,5.81463909149,-1.79815125465,-10.1202869415,9.31300640106,10.8006315231,0.985159039497,1.08008539677,-1.46314489841],[35.4966812134,18.8226299286,-23.7115859985,0.128075137734,5.81463909149,70.5177001953,20.8493270874,8.4025554657,-1.31540441513,-1.20001089573,10.0983943939,-3.5751106739,-0.423548430204],[-8.07280349731,6.54117250443,15.8279428482,0.0596610382199,-1.79815125465,20.8493270874,70.1693344116,24.4108142853,10.1480464935,5.08050394058,10.8519144058,9.37256908417,12.3818712234],[34.397518158,18.4787693024,20.8464393616,-17.9055080414,-10.1202869415,8.4025554657,24.4108142853,64.5993728638,27.9335365295,21.8607177734,14.7206144333,19.8089523315,16.9438056946],[-61.0357322693,9.60971641541,24.6554107666,4.95505857468,9.31300640106,-1.31540441513,10.1480464935,27.9335365295,62.1755256653,29.5501556396,15.160112381,12.1734790802,12.6876678467],[205.655853271,31.1310863495,8.48794174194,-17.9779605865,10.8006315231,-1.20001089573,5.08050394058,21.8607177734,29.5501556396,78.7790527344,27.8923797607,26.0183582306,9.58579921722],[4.47398471832,15.5721702576,13.1693849564,-5.08152675629,0.985159039497,10.0983943939,10.8519144058,14.7206144333,15.160112381,27.8923797607,51.2224273682,26.6466941833,13.3470544815],[-2.26149296761,5.79205703735,28.7436504364,-9.09185409546,1.08008539677,-3.5751106739,9.37256908417,19.8089523315,12.1734790802,26.0183582306,26.6466941833,59.7586212158,30.3693389893],[-50.6822471619,6.12255764008,41.909614563,23.1131210327,-1.46314489841,-0.423548430204,12.3818712234,16.9438056946,12.6876678467,9.58579921722,13.3470544815,30.3693389893,57.10729599]],"icov":[[0.000478592672152,-0.000912757823244,0.000348813569872,0.000183584532351,0.000116547809739,0.0000638913697912,-0.0000662252205075,-0.00017026605201,0.00106159260031,-0.00153476558626,0.000625678803772,0.000190531631233,0.0000348602879967],[-0.000912757823244,0.00324829458259,0.000615611323155,-0.00148512143642,0.000650436559226,-0.0000813100778032,0.000046770193876,-0.000250088836765,-0.00205068592913,0.0021434884984,-0.00132549286354,-0.000645455089398,-0.000180052113137],[0.000348813569872,0.000615611323155,0.00633982010186,-0.00219941418618,-0.000264719274128,0.00225217547268,-0.00090959930094,-0.00181381148286,0.000150211402797,-0.00113103864715,-0.000185405224329,-0.000951806025114,-0.00206761900336],[0.000183584532351,-0.00148512143642,-0.00219941418618,0.00719137955457,-0.00331138749607,-0.000310010538669,0.000058488913055,0.00223451550119,-0.000348677363945,0.00146221742034,-0.0000734069471946,0.00276937661693,-0.00336069380865],[0.000116547809739,0.000650436559226,-0.000264719274128,-0.00331138749607,0.0141367418692,-0.0022978510242,0.0000885523768375,0.00300157698803,-0.00200613890775,-0.00363182649016,0.00173630635254,-0.00200255285017,0.00271804910153],[0.0000638913697912,-0.0000813100778032,0.00225217547268,-0.000310010538669,-0.0022978510242,0.0178112629801,-0.00483393575996,-0.00263409945183,0.00208324729465,0.00118673115503,-0.00507138529792,0.00335538270883,-0.000820207584184],[-0.0000662252205075,0.000046770193876,-0.00090959930094,0.000058488913055,0.0000885523768375,-0.00483393575996,0.0182345900685,-0.00550546264276,-0.000305935041979,0.00129911385011,-0.0013001631014,0.0000181893228728,-0.00162950973026],[-0.00017026605201,-0.000250088836765,-0.00181381148286,0.00223451550119,0.00300157698803,-0.00263409945183,-0.00550546264276,0.0255787726492,-0.0090993354097,-0.00145633891225,0.000874345656484,-0.00339796603657,-0.00216702534817],[0.00106159260031,-0.00205068592913,0.000150211402797,-0.000348677363945,-0.00200613890775,0.00208324729465,-0.000305935041979,-0.0090993354097,0.026480583474,-0.00969870854169,-0.00120567926206,0.00374155608006,-0.00204015476629],[-0.00153476558626,0.0021434884984,-0.00113103864715,0.00146221742034,-0.00363182649016,0.00118673115503,0.00129911385011,-0.00145633891225,-0.00969870854169,0.0253634266555,-0.00885155238211,-0.00484078982845,0.00125297857448],[0.000625678803772,-0.00132549286354,-0.000185405224329,-0.0000734069471946,0.00173630635254,-0.00507138529792,-0.0013001631014,0.000874345656484,-0.00120567926206,-0.00885155238211,0.0313122197986,-0.0105228601024,0.000923913670704],[0.000190531631233,-0.000645455089398,-0.000951806025114,0.00276937661693,-0.00200255285017,0.00335538270883,0.0000181893228728,-0.00339796603657,0.00374155608006,-0.00484078982845,-0.0105228601024,0.0321171842515,-0.0138452984393],[0.0000348602879967,-0.000180052113137,-0.00206761900336,-0.00336069380865,0.00271804910153,-0.000820207584184,-0.00162950973026,-0.00216702534817,-0.00204015476629,0.00125297857448,0.000923913670704,-0.0138452984393,0.028888374567]],"mean":[-648.045471191,170.685409546,-29.2162647247,26.6911735535,2.51970481873,3.84539008141,0.721856594086,-2.53880405426,-6.1900601387,8.35776805878,-2.49505400658,-4.4611158371,-3.89875984192]},"pitch_salience":{"dmean":0.0710221081972,"dmean2":0.111671477556,"dvar":0.0040301955305,"dvar2":0.00942016020417,"max":0.912413418293,"mean":0.564396858215,"median":0.579527437687,"min":0.173078536987,"var":0.0135642606765},"silence_rate_20dB":{"dmean":0,"dmean2":0,"dvar":0,"dvar2":0,"max":1,"mean":1,"median":1,"min":1,"var":0},"silence_rate_30dB":{"dmean":0.00166412431281,"dmean2":0.00332871009596,"dvar":0.00166144035757,"dvar2":0.00387275242247,"max":1,"mean":0.996672213078,"median":1,"min":0,"var":0.00331705599092},"silence_rate_60dB":{"dmean":0.000554708065465,"dmean2":0.00110957003199,"dvar":0.000554331403691,"dvar2":0.0011085375445,"max":1,"mean":0.029672767967,"median":0,"min":0,"var":0.0287926513702},"spectral_centroid":{"dmean":154.534164429,"dmean2":239.100357056,"dvar":33154.921875,"dvar2":64565.8007812,"max":11220.0517578,"mean":987.680236816,"median":932.559631348,"min":257.012512207,"var":245716.0625},"spectral_complexity":{"dmean":3.36069893837,"dmean2":5.02884864807,"dvar":7.89837408066,"dvar2":16.7480888367,"max":43,"mean":23.1382427216,"median":24,"min":0,"var":46.9454650879},"spectral_contrast_coeffs":{"dmean":[0.0507176220417,0.0451863110065,0.0381617434323,0.0299518872052,0.0188264101744,0.0145231373608],"dmean2":[0.0851787477732,0.0750302672386,0.0624383799732,0.0490419864655,0.0309073831886,0.0237446483225],"dvar":[0.00181178317871,0.00123371859081,0.000940284575336,0.000580720952712,0.000218672983465,0.000145174344652],"dvar2":[0.00481467694044,0.00338331796229,0.00229966104962,0.00148198753595,0.000579705403652,0.000344320666045],"max":[-0.275656163692,-0.433983743191,-0.485088944435,-0.601949810982,-0.688490152359,-0.688906431198],"mean":[-0.601492762566,-0.753747940063,-0.777088224888,-0.798184394836,-0.802260100842,-0.759259045124],"median":[-0.61649119854,-0.756348311901,-0.785383105278,-0.80317568779,-0.801860451698,-0.754164040089],"min":[-0.979607999325,-0.978329479694,-0.971479475498,-0.970528662205,-0.963677704334,-0.962373197079],"var":[0.00849930755794,0.004071184434,0.00411367649212,0.00203234679066,0.000902366300579,0.00103880313691]},"spectral_contrast_valleys":{"dmean":[0.385283172131,0.328056752682,0.305755794048,0.284499973059,0.173673555255,0.17755831778],"dmean2":[0.64799541235,0.536755204201,0.479916602373,0.436579138041,0.266014307737,0.261964857578],"dvar":[0.12735670805,0.0997731387615,0.0918334573507,0.0820911601186,0.0519937165082,0.048990149051],"dvar2":[0.29874381423,0.198862090707,0.16275729239,0.134640321136,0.065342374146,0.0655521079898],"max":[-5.8164434433,-4.75140619278,-4.99256467819,-5.59572172165,-6.30265903473,-9.12014484406],"mean":[-7.15734386444,-6.19896841049,-6.9139790535,-7.03102016449,-7.49425697327,-11.1489725113],"median":[-6.83316516876,-5.96788215637,-6.69863128662,-6.83500909805,-7.30772209167,-11.0036239624],"min":[-27.5102825165,-27.8533172607,-27.6377182007,-27.5698852539,-27.3340835571,-27.3344116211],"var":[2.00993847847,2.07625722885,2.08916163445,2.0351266861,1.62764155865,0.998400449753]},"spectral_decrease":{"dmean":1.67728697598e-9,"dmean2":2.53397924865e-9,"dvar":2.96839739195e-18,"dvar2":6.4270200652e-18,"max":1.12198871345e-18,"mean":-8.53371062703e-9,"median":-7.90734766554e-9,"min":-3.89550791624e-8,"var":1.51023724564e-17},"spectral_energy":{"dmean":0.00667417794466,"dmean2":0.0100176176056,"dvar":0.0000471869061585,"dvar2":0.0000999107796815,"max":0.155237093568,"mean":0.0339562594891,"median":0.0312732569873,"min":1.04191064112e-20,"var":0.000246202631388},"spectral_energyband_high":{"dmean":0.0000333796233463,"dmean2":0.0000498577501276,"dvar":1.75708525507e-9,"dvar2":3.83804765747e-9,"max":0.00115217559505,"mean":0.000114841066534,"median":0.0000927501096157,"min":7.33457979535e-21,"var":7.4192159083e-9},"spectral_energyband_low":{"dmean":0.00248908414505,"dmean2":0.00391862308607,"dvar":0.00000597621965426,"dvar2":0.0000149428742588,"max":0.0292611271143,"mean":0.00974141806364,"median":0.00997173599899,"min":2.53344588755e-23,"var":0.000031342911825},"spectral_energyband_middle_high":{"dmean":0.00296113709919,"dmean2":0.00414359709248,"dvar":0.0000139111089084,"dvar2":0.0000263672955043,"max":0.0814114138484,"mean":0.00767720350996,"median":0.00526546686888,"min":1.33682161291e-21,"var":0.0000541027293366},"spectral_energyband_middle_low":{"dmean":0.00583233730868,"dmean2":0.00891950540245,"dvar":0.0000394960115955,"dvar2":0.0000895577759366,"max":0.133097141981,"mean":0.0184436384588,"median":0.0160221867263,"min":1.22153861618e-22,"var":0.000156917609274},"spectral_entropy":{"dmean":0.0943061187863,"dmean2":0.146284818649,"dvar":0.00667938450351,"dvar2":0.0144946435466,"max":9.80699825287,"mean":7.3994102478,"median":7.39707756042,"min":5.80866622925,"var":0.0815885215998},"spectral_flux":{"dmean":0.0206807572395,"dmean2":0.031461019069,"dvar":0.000396637828089,"dvar2":0.000890165567398,"max":0.311309248209,"mean":0.0876163840294,"median":0.0848686695099,"min":6.62481319802e-11,"var":0.00136864837259},"spectral_kurtosis":{"dmean":2.77215504646,"dmean2":4.90502357483,"dvar":5.99983692169,"dvar2":18.6799755096,"max":30.0998687744,"mean":6.62424135208,"median":6.03467798233,"min":-1.2809138298,"var":10.2144470215},"spectral_rms":{"dmean":0.000554050144274,"dmean2":0.000833285041153,"dvar":2.79027688066e-7,"dvar2":6.10203414908e-7,"max":0.0123065356165,"mean":0.00556449359283,"median":0.00552363041788,"min":3.18825673327e-12,"var":0.00000216464536607},"spectral_rolloff":{"dmean":274.43572998,"dmean2":442.44720459,"dvar":153391.375,"dvar2":302275.40625,"max":19336.8164062,"mean":1230.20300293,"median":861.328125,"min":150.732421875,"var":3989968.25},"spectral_skewness":{"dmean":0.26320925355,"dmean2":0.453933238983,"dvar":0.049616985023,"dvar2":0.148460045457,"max":4.57718324661,"mean":1.67706012726,"median":1.64279079437,"min":-0.0392884127796,"var":0.125407218933},"spectral_spread":{"dmean":252211.9375,"dmean2":375403.71875,"dvar":333276282880,"dvar2":472668012544,"max":46301252,"mean":2991767.25,"median":2680688.75,"min":1485933.625,"var":4912327950340},"spectral_strongpeak":{"dmean":0.460670024157,"dmean2":0.775223374367,"dvar":0.760575830936,"dvar2":1.83934092522,"max":10.9589118958,"mean":0.906888067722,"median":0.507748246193,"min":0,"var":1.3805680275},"zerocrossingrate":{"dmean":0.00533364806324,"dmean2":0.00650158990175,"dvar":0.0000661088051856,"dvar2":0.000118743635539,"max":0.53173828125,"mean":0.0405725687742,"median":0.03515625,"min":0.0068359375,"var":0.00174062687438}},"metadata":{"audio_properties":{"analysis_sample_rate":44100,"bit_rate":192699,"codec":"mp3","downmix":"mix","equal_loudness":0,"length":167.418777466,"lossless":false,"md5_encoded":"2587ee6d69024f352de39dc0e3556e5b","replay_gain":-10.0879516602,"sample_rate":44100},"tags":{"acoustid_id":["78b905e0-a97b-4b90-9d1e-dd973062b5fa"],"album":["White Light/White Heat"],"albumartist":["The Velvet Underground"],"albumartistsort":["Velvet Underground, The"],"artist":["The Velvet Underground"],"artists":["The Velvet Underground"],"artistsort":["Velvet Underground, The"],"asin":["B001KNVJ8S"],"barcode":["4988005545930"],"catalognumber":["UICY-93896"],"composer":["Lou Reed"],"date":["2009-01-21"],"file_name":"01 - White Light_White Heat.mp3","isrc":["USF096700330"],"label":["Verve"],"language":["eng"],"lyricist":["Lou Reed"],"media":["SHM-CD"],"musicbrainz album release country":["JP"],"musicbrainz album status":["official"],"musicbrainz album type":["album"],"musicbrainz release track id":["a402d3ee-2cfb-32ca-85e8-78be21510913"],"musicbrainz_albumartistid":["94b0fb9d-a066-4823-b2ec-af1d324bcfcf"],"musicbrainz_albumid":["f40924ad-b34c-45c2-9b4a-5ece4913fbd6"],"musicbrainz_artistid":["94b0fb9d-a066-4823-b2ec-af1d324bcfcf"],"musicbrainz_recordingid":["c7070224-9860-4851-b5df-999222c0aec7"],"musicbrainz_releasegroupid":["fc0885e0-0284-3f9d-81ee-17c5e7196346"],"musicbrainz_workid":["f1a3782b-f388-3ee4-9808-665312928f84"],"originaldate":["1968"],"script":["Latn"],"title":["White Light/White Heat"],"tracknumber":["1/6"],"work":["White Light/White Heat"]},"version":{"essentia":"2.1-beta1","essentia_build_sha":"65e368e5454dd45657e4cc002e00185f437e13e1","essentia_git_sha":"v2.1_beta1-28-g21ef5f4","extractor":"music 1.0"}},"rhythm":{"beats_count":353,"beats_loudness":{"dmean":0.012198603712,"dmean2":0.0206620059907,"dvar":0.000186617427971,