{"lowlevel":{"average_loudness":0.761317491531,"barkbands":{"dmean":[0.00023536462686,0.0066279633902,0.00290178111754,0.000859800318722,0.00114322046284,0.000791818427388,0.000806106021628,0.00156211201102,0.00120425131172,0.000631883740425,0.000717937247828,0.000414929469116,0.000528750766534,0.000796383013949,0.00067448662594,0.000193399187992,0.000162474636454,0.000171147126821,0.00016793521354,0.0000633292729617,0.000108106076368,0.000234870327404,0.000253677630099,0.000202712762984,0.000246561074164,0.000289356481517,0.0000153736073116],"dmean2":[0.000368486624211,0.0088627198711,0.00492094829679,0.00145982403774,0.00183682248462,0.0012249693973,0.0012585890945,0.0024537499994,0.00193750113249,0.000951114459895,0.0012031608494,0.000648308952805,0.000765470496845,0.00125647115055,0.00108684715815,0.000307575654006,0.000264326721663,0.000286480906652,0.000257273117313,0.000101791520137,0.000170635496033,0.000351745315129,0.000366080639651,0.000288609357085,0.00035404987284,0.000415340880863,0.0000224262985284],"dvar":[2.86942650973e-7,0.00033106529736,0.0000991070701275,0.00000429830561188,0.00000430923091699,0.00000308294852402,0.00000486810949951,0.0000213024341065,0.0000104976343209,0.00000389571141568,0.00000366589847545,0.00000144716841532,0.00000481572396893,0.00000965285016719,0.00000830398766993,3.30810024707e-7,1.97066768237e-7,2.87420874656e-7,2.32098841479e-7,3.13500905236e-8,1.59909859576e-7,2.92696086035e-7,3.73159934952e-7,1.93230533796e-7,2.42585514343e-7,3.87707785876e-7,1.34174926725e-9],"dvar2":[7.07412084466e-7,0.000596316123847,0.000290784897516,0.0000121487846627,0.000010604219824,0.00000691712693879,0.0000109609127321,0.000048844714911,0.0000254579790635,0.00000891868603503,0.00000943783470575,0.0000033990263546,0.00000833726517158,0.0000214615974983,0.0000206839376915,7.86236228123e-7,5.16667000738e-7,7.71775205521e-7,5.22285574789e-7,7.75758977056e-8,4.43301360065e-7,6.98580208791e-7,8.29001692182e-7,3.90228791503e-7,4.81301185573e-7,7.57634325055e-7,2.75587885845e-9],"max":[0.00924970302731,0.286899328232,0.121948421001,0.0264602676034,0.0360444411635,0.0516794398427,0.0687063932419,0.135996237397,0.184999570251,0.0617690756917,0.0368765555322,0.0366885773838,0.14749263227,0.143169611692,0.166868954897,0.018233904615,0.012146753259,0.0100238844752,0.0150893768296,0.00469275377691,0.0106682032347,0.0123371481895,0.0247913450003,0.0338417440653,0.0116724558175,0.00675764353946,0.000462714524474],"mean":[0.000465524761239,0.0145696047693,0.00514295883477,0.00152151740622,0.0017489255406,0.00117996346671,0.00107712158933,0.0021237321198,0.0015952863032,0.00112363137305,0.000782237853855,0.000559021602385,0.000752852589358,0.000854758836795,0.000637302349787,0.000210185535252,0.000177011068445,0.00017004860274,0.000269363197731,0.000075967713201,0.000143285229569,0.000372987648007,0.000373170623789,0.000299983628793,0.000324626918882,0.000375219213311,0.0000170742787304],"median":[0.00010387324437,0.0112015446648,0.0028138589114,0.00083402445307,0.000853546196595,0.00031915580621,0.000218830246013,0.000245635106694,0.00015765678836,0.000117577379569,0.000074191186286,0.0000916783683351,0.0000792460996308,0.0000670032022754,0.0000426184451499,0.0000337387391482,0.0000359632140317,0.0000244224629569,0.0000397904295824,0.0000170786588569,0.0000483938420075,0.000132170476718,0.000106447310827,0.0000588827460888,0.0000400857970817,0.0000135853597385,5.47370746062e-7],"min":[4.41624647911e-25,1.18402618176e-24,3.81181459752e-25,4.19304617459e-25,2.86311306865e-24,5.06724881355e-24,8.43093041417e-24,7.54793710371e-24,1.46157624164e-23,2.14390021944e-23,1.16775844995e-23,2.97909849869e-23,3.04930491044e-23,3.06069164429e-23,5.05524282389e-23,6.74901617091e-23,5.19239638968e-23,7.82060040694e-23,1.1486184598e-22,1.69378571636e-22,2.5497380425e-22,3.10302690607e-22,3.83900913952e-22,4.89355385379e-22,9.01773381241e-22,1.28593536398e-21,1.81109983428e-21],"var":[4.38593502849e-7,0.000543198373634,0.0000725515055819,0.00000521265201314,0.00000621686740487,0.00000673592649036,0.00000903999898583,0.0000362253231287,0.0000445781297458,0.00000895375978871,0.00000449270692116,0.00000244163834395,0.000010186065083,0.0000117856388897,0.00000784026724432,3.98556068149e-7,1.94712768575e-7,2.45444113034e-7,5.43222768101e-7,3.64749368487e-8,1.25949881635e-7,4.53502224218e-7,6.72675753322e-7,4.13070807781e-7,3.95628234173e-7,6.45431100565e-7,1.78212355983e-9]},"barkbands_crest":{"dmean":2.78469276428,"dmean2":4.17232370377,"dvar":7.88826084137,"dvar2":17.121931076,"max":26.8652992249,"mean":12.1914272308,"median":11.7126283646,"min":2.53819870949,"var":21.6536617279},"barkbands_flatness_db":{"dmean":0.0358585752547,"dmean2":0.0469595715404,"dvar":0.00156397919636,"dvar2":0.0025815370027,"max":0.607238590717,"mean":0.174200072885,"median":0.15813845396,"min":0.0260022655129,"var":0.00698561500758},"barkbands_kurtosis":{"dmean":8.91990184784,"dmean2":13.2138843536,"dvar":600.124450684,"dvar2":1325.58361816,"max":1644.50793457,"mean":12.9783792496,"median":3.62505555153,"min":-1.96667921543,"var":973.572875977},"barkbands_skewness":{"dmean":0.951825916767,"dmean2":1.35658788681,"dvar":1.42999649048,"dvar2":2.92693352699,"max":33.6409606934,"mean":2.2279624939,"median":1.8180886507,"min":-17.5377540588,"var":4.63673067093},"barkbands_spread":{"dmean":9.61561584473,"dmean2":14.2152271271,"dvar":164.443252563,"dvar2":343.64453125,"max":125.869155884,"mean":25.4956111908,"median":20.0934619904,"min":0.113433144987,"var":443.04989624},"dissonance":{"dmean":0.0299069695175,"dmean2":0.0486873574555,"dvar":0.000922144681681,"dvar2":0.00238336762413,"max":0.500000238419,"mean":0.442334026098,"median":0.452504128218,"min":0.162905886769,"var":0.00195498717949},"dynamic_complexity":3.49184131622,"erbbands":{"dmean":[0.203753247857,1.51226353645,3.42137789726,3.13725090027,2.89776659012,4.54820013046,3.65877795219,7.88879728317,12.2708673477,14.2189464569,38.1253585815,33.5879631042,18.0726795197,20.9244728088,29.4259986877,16.3059749603,23.4309921265,35.5850486755,44.8143997192,18.0071144104,9.75311279297,8.01819705963,7.45486593246,11.0724639893,6.45205974579,2.69299912453,2.90259480476,5.61114883423,7.98205566406,8.28306770325,6.96483182907,5.08776378632,2.87250423431,1.86809694767,2.51117444038,1.92518270016,0.376561492682,0.0335646383464,0.00258851144463,0.00013630920148],"dmean2":[0.295351475477,2.14534163475,5.78282403946,5.35190868378,4.77484846115,7.35826396942,5.70816755295,12.316945076,19.5062236786,22.0479125977,59.7770309448,53.7220878601,27.1885414124,32.5052719116,49.3534088135,24.701587677,33.759563446,54.706035614,71.6335678101,28.9085979462,15.4795408249,12.9120855331,12.0669269562,17.8158302307,10.0081148148,4.31420373917,4.50669002533,8.79307174683,11.9350166321,12.1991119385,10.0789327621,7.34413146973,4.12018013,2.69124269485,3.63177633286,2.79134941101,0.538706123829,0.0478369668126,0.00371747021563,0.00019364131731],"dvar":[0.392529070377,17.462802887,121.487129211,91.3267288208,27.7995452881,82.5742645264,62.536693573,371.474884033,894.82635498,2192.00317383,12747.3574219,8484.92089844,3335.63745117,3275.25634766,6380.82666016,1860.17651367,9475.81054688,15696.6542969,32415.0859375,3882.90478516,571.373535156,497.431335449,521.158813477,1102.79650879,320.809509277,52.1265563965,85.9169921875,440.852050781,318.228973389,401.339904785,316.256195068,139.135253906,33.3825950623,15.897518158,25.283575058,17.1387176514,0.661544203758,0.00584548665211,0.0000363299623132,8.66541540745e-8],"dvar2":[0.828445732594,33.8513336182,355.836425781,267.210144043,74.4127502441,201.129470825,137.073806763,842.266418457,2164.00317383,5201.31640625,28296.6640625,20330.4042969,7956.01904297,7404.36816406,16798.6679688,4090.87719727,16532.0859375,36753.1640625,75598.875,9651.04101563,1386.78991699,1298.19555664,1368.14807129,2746.33325195,764.41998291,130.965011597,226.174163818,1222.71728516,737.651123047,946.764465332,719.24029541,292.734191895,65.2058563232,31.3800735474,51.4099235535,33.93019104,1.31500220299,0.0117244496942,0.0000732192711439,1.72789469843e-7],"max":[8.79285526276,62.8049888611,129.584030151,111.64175415,71.3764877319,182.464904785,318.297851563,667.750854492,567.127502441,1250.2154541,2646.49316406,5499.16113281,1751.31848145,2243.62109375,2087.15234375,1051.10510254,6233.36962891,3635.48681641,10088.2822266,1231.06152344,569.381591797,629.396972656,614.77734375,825.85760498,394.392333984,151.211181641,276.341339111,501.21282959,379.284667969,545.162841797,841.122253418,896.516479492,318.033630371,167.036972046,56.029712677,53.6227035522,7.98380899429,0.832105815411,0.0667124837637,0.0033357522916],"mean":[0.383668243885,3.32385778427,6.71301460266,5.78687858582,4.72138357162,6.29350566864,5.57380104065,11.5227994919,15.9836750031,22.1741809845,49.2962608337,45.2107391357,34.6647987366,31.4233188629,33.7092132568,23.7557430267,34.017868042,43.5239257813,45.375705719,18.1552448273,11.1310787201,8.92762756348,8.29494094849,14.7311601639,10.0008592606,3.48913431168,3.95382070541,7.73761558533,12.8408985138,12.3761491776,10.4195661545,7.61143922806,4.02565288544,2.59927511215,3.16832828522,2.44722414017,0.483825325966,0.0403830893338,0.00301222666167,0.000188654317753],"median":[0.270705282688,2.42955946922,4.58621120453,3.71782231331,2.45645451546,2.45137572289,1.93742489815,2.77215337753,4.03490209579,4.73764657974,6.45835018158,5.61731100082,4.35360145569,4.84083843231,3.96911764145,4.99959421158,4.44082736969,4.15901756287,3.67552232742,2.10297632217,2.3879840374,1.99788832664,1.64237225056,2.15374779701,1.68266963959,0.903956115246,1.43145871162,2.39626431465,4.50366067886,4.01846933365,2.85374879837,1.54261791706,0.749680161476,0.408313244581,0.304007619619,0.12034009397,0.0165587551892,0.00118169165216,0.000120540978969,0.0000530215875187],"min":[5.25080743763e-23,3.27157454842e-22,1.23607965769e-21,4.61713436727e-21,7.23847336352e-21,1.12447094029e-20,2.74958971516e-20,5.06983230272e-20,1.21073896347e-19,1.82100735776e-19,2.55804596306e-19,3.32926832416e-19,6.82838474542e-19,7.62749808581e-19,8.56538544962e-19,1.4515538063e-18,1.95953607042e-18,1.63931170784e-18,2.72706538028e-18,3.45548497039e-18,3.53460066008e-18,3.55700153825e-18,4.86155635411e-18,5.95165839232e-18,7.02340860145e-18,8.51110616802e-18,9.30458992396e-18,1.10308389346e-17,1.08026098774e-17,9.78138096494e-18,1.11837606416e-17,1.03452592352e-17,7.68066150077e-18,7.81458865939e-18,6.00037684886e-18,4.16767010701e-18,2.31470488478e-18,9.78180158628e-19,2.27579875486e-19,2.70998440436e-20],"var":[0.474058717489,28.307138443,98.821182251,76.3744049072,40.9881095886,109.942596436,123.202796936,813.808166504,1362.71972656,3596.08374023,21601.28125,35222.65625,8496.57910156,7615.75097656,8024.421875,3458.81835938,19750.4316406,19666.6425781,36468.8945313,3520.53295898,634.187927246,480.266235352,474.439727783,1760.23242188,645.842590332,60.5294685364,81.2820968628,359.125213623,541.058227539,633.137084961,552.59576416,287.994293213,70.6854934692,29.1523399353,38.5110816956,27.8361625671,1.05910253525,0.00865867268294,0.0000509549026901,1.25435647647e-7]},"erbbands_crest":{"dmean":3.472219944,"dmean2":5.50763511658,"dvar":11.6182126999,"dvar2":27.2045841217,"max":34.5981063843,"mean":11.102142334,"median":9.86840248108,"min":2.26921010017,"var":30.6135406494},"erbbands_flatness_db":{"dmean":0.0275184772909,"dmean2":0.038354434073,"dvar":0.000815723091364,"dvar2":0.00158484990243,"max":0.570153355598,"mean":0.154624536633,"median":0.149008914828,"min":0.0329664871097,"var":0.0036625447683},"erbbands_kurtosis":{"dmean":2.58572101593,"dmean2":4.01973342896,"dvar":31.6834545135,"dvar2":67.6489562988,"max":138.190246582,"mean":2.52413582802,"median":0.38094240427,"min":-1.9488710165,"var":56.8072280884},"erbbands_skewness":{"dmean":0.633331358433,"dmean2":0.943544149399,"dvar":0.595403254032,"dvar2":1.30826830864,"max":8.86579227448,"mean":0.601894795895,"median":0.552452802658,"min":-8.53137493134,"var":1.67664289474},"erbbands_spread":{"dmean":17.1978797913,"dmean2":25.4177360535,"dvar":416.867401123,"dvar2":884.094726563,"max":205.762939453,"mean":51.1945800781,"median":40.9626922607,"min":0.230295985937,"var":1283.75476074},"gfcc":{"cov":[[23318.0644531,-572.901184082,-1694.36352539,63.0160675049,-857.28326416,598.716491699,-644.222229004,547.445495605,-224.40284729,485.454315186,-243.018783569,292.639770508,-453.151245117],[-572.901184082,2669.01367188,-476.984344482,93.5382537842,403.719268799,-203.272766113,375.998748779,-49.2349586487,215.987670898,-305.66998291,174.305679321,-276.915985107,79.4318466187],[-1694.36352539,-476.984344482,2014.03393555,552.086181641,200.029830933,342.97857666,72.1532592773,56.9721298218,8.07173919678,37.4155235291,-105.120758057,114.981582642,17.3700237274],[63.0160675049,93.5382537842,552.086181641,825.570373535,175.100418091,151.910797119,84.4101486206,-33.1351509094,64.8600540161,-17.8244590759,23.1058578491,9.00364494324,47.6914253235],[-857.28326416,403.719268799,200.029830933,175.100418091,785.84777832,138.103820801,113.34690094,11.9813156128,61.885433197,18.5950946808,61.45677948,-42.5207748413,1.24124443531],[598.716491699,-203.272766113,342.97857666,151.910797119,138.103820801,431.772857666,114.089897156,39.7633323669,8.91610145569,55.4331054688,-17.4083461761,33.415851593,-32.4608230591],[-644.222229004,375.998748779,72.1532592773,84.4101486206,113.34690094,114.089897156,444.876739502,143.808456421,23.2440376282,-90.2354125977,46.6761283875,-27.9756069183,-5.15077829361],[547.445495605,-49.2349586487,56.9721298218,-33.1351509094,11.9813156128,39.7633323669,143.808456421,268.140228271,44.8668479919,-3.93800735474,-18.0384159088,21.5694141388,-33.1687049866],[-224.40284729,215.987670898,8.07173919678,64.8600540161,61.885433197,8.91610145569,23.2440376282,44.8668479919,212.668746948,32.118598938,-15.7825393677,-64.8832397461,19.4621334076],[485.454315186,-305.66998291,37.4155235291,-17.8244590759,18.5950946808,55.4331054688,-90.2354125977,-3.93800735474,32.118598938,189.680038452,13.0652036667,18.5508995056,-37.0179176331],[-243.018783569,174.305679321,-105.120758057,23.1058578491,61.45677948,-17.4083461761,46.6761283875,-18.0384159088,-15.7825393677,13.0652036667,161.063644409,35.3330154419,-4.08612203598],[292.639770508,-276.915985107,114.981582642,9.00364494324,-42.5207748413,33.415851593,-27.9756069183,21.5694141388,-64.8832397461,18.5508995056,35.3330154419,171.297866821,24.624288559],[-453.151245117,79.4318466187,17.3700237274,47.6914253235,1.24124443531,-32.4608230591,-5.15077829361,-33.1687049866,19.4621334076,-37.0179176331,-4.08612203598,24.624288559,111.554611206]],"icov":[[0.000116788774903,-0.000198151174118,0.000198751455173,-0.000216539832763,0.000162012918736,-0.000318345817504,0.000359431374818,-0.000452448875876,0.000348828791175,-0.000419436459197,0.000464643846499,-0.000395214359742,0.000368980341591],[-0.000198151174118,0.00124450773001,-0.000273386453046,0.000422872195486,-0.000590313051362,0.000790969876107,-0.00101310643367,0.00111202592961,-0.00144695292693,0.00202782521956,-0.00184137269389,0.00163412070833,-0.000811501056887],[0.000198751455173,-0.000273386453046,0.00110045832116,-0.000812690181192,0.000128999294247,-0.000814910104964,0.000526807794813,-0.000784268137068,0.00058367283782,-0.000726071593817,0.0014506255975,-0.00120273546781,0.000706539372914],[-0.000216539832763,0.000422872195486,-0.000812690181192,0.00211937632412,-0.000434884947026,0.000289548450382,-0.000809669843875,0.00127279106528,-0.00124593591318,0.00119072012603,-0.00149156583939,0.000906003464479,-0.00117222522385],[0.000162012918736,-0.000590313051362,0.000128999294247,-0.000434884947026,0.00187323393766,-0.0009389531333,0.000528412056156,-0.000803759205155,0.000607078138273,-0.00114565214608,0.000170525992871,-0.000182868243428,0.000296163663734],[-0.000318345817504,0.000790969876107,-0.000814910104964,0.000289548450382,-0.0009389531333,0.00441008619964,-0.00238173734397,0.00185729959048,-0.00125184783246,0.000226984513574,-0.000357557146344,0.000195819506189,0.000120112781588],[0.000359431374818,-0.00101310643367,0.000526807794813,-0.000809669843875,0.000528412056156,-0.00238173734397,0.00543367909268,-0.00393502460793,0.00170252588578,0.000261930254055,-0.000211986523937,-0.0000119670730783,0.000612274976447],[-0.000452448875876,0.00111202592961,-0.000784268137068,0.00127279106528,-0.000803759205155,0.00185729959048,-0.00393502460793,0.00791096687317,-0.00377123663202,0.00203780271113,-0.00034981869976,-0.000918825448025,0.00119229708798],[0.000348828791175,-0.00144695292693,0.00058367283782,-0.00124593591318,0.000607078138273,-0.00125184783246,0.00170252588578,-0.00377123663202,0.00888775475323,-0.00459280936047,0.00222336524166,0.0015593864955,-0.00186207995284],[-0.000419436459197,0.00202782521956,-0.000726071593817,0.00119072012603,-0.00114565214608,0.000226984513574,0.000261930254055,0.00203780271113,-0.00459280936047,0.0112294284627,-0.00456284079701,0.00169873260893,0.00113858806435],[0.000464643846499,-0.00184137269389,0.0014506255975,-0.00149156583939,0.000170525992871,-0.000357557146344,-0.000211986523937,-0.00034981869976,0.00222336524166,-0.00456284079701,0.0120038306341,-0.00615656003356,0.00328730139881],[-0.000395214359742,0.00163412070833,-0.00120273546781,0.000906003464479,-0.000182868243428,0.000195819506189,-0.0000119670730783,-0.000918825448025,0.0015593864955,0.00169873260893,-0.00615656003356,0.0124647542834,-0.00586907379329],[0.000368980341591,-0.000811501056887,0.000706539372914,-0.00117222522385,0.000296163663734,0.000120112781588,0.000612274976447,0.00119229708798,-0.00186207995284,0.00113858806435,0.00328730139881,-0.00586907379329,0.0139650851488]],"mean":[-31.7726402283,71.4079437256,-77.8777694702,30.3521633148,-59.6998062134,31.9438323975,-30.5695304871,10.1601209641,-16.4387016296,4.77675628662,-17.9786834717,3.32651138306,-16.5234508514]},"hfc":{"dmean":16.203163147,"dmean2":21.739944458,"dvar":696.087158203,"dvar2":1319.51550293,"max":457.756134033,"mean":30.6508808136,"median":16.5726890564,"min":1.07676350267e-16,"var":1469.90429688},"melbands":{"dmean":[0.00184196396731,0.00179119210225,0.000515238090884,0.000276489270618,0.000138362825965,0.000178223053808,0.000180079819984,0.00018565148639,0.000304469111143,0.000197480621864,0.0000868105926202,0.0000839276908664,0.0000993729699985,0.0000558374013053,0.0000397584663006,0.0000580943305977,0.0000709000523784,0.0000765864679124,0.0000394122325815,0.0000172113486769,0.0000109797665573,0.00000960082707024,0.00000572787484998,0.00000840456777951,0.00000958419332164,0.00000613854854237,0.00000320073854709,0.0000015426023765,0.00000154453562118,0.0000027499704629,0.00000355426436727,0.0000042429601308,0.00000574581508772,0.00000472551027997,0.0000042347451199,0.00000430100908488,0.0000026389661798,0.00000218001741814,0.0000015915777567,0.00000157010219937],"dmean2":[0.00246915803291,0.00289597106166,0.000872820033692,0.000447203725344,0.000218660294195,0.000278148334473,0.000283219473204,0.000289538729703,0.000477495370433,0.000316142162774,0.000130046770209,0.000129495267174,0.00016721652355,0.0000881538217072,0.0000594455668761,0.0000843399902806,0.000110503628093,0.000122283920064,0.0000642205850454,0.0000273690020549,0.0000176314024429,0.0000156727965077,0.00000920543425309,0.0000139560852404,0.0000154703793669,0.00000948422257352,0.00000512148153575,0.00000251479423241,0.00000242879286816,0.00000439335599367,0.00000561839988222,0.00000635899868939,0.00000878376340552,0.00000702652823747,0.00000621973049419,0.00000630748854746,0.00000388978105548,0.00000315157421937,0.00000238722896029,0.00000229820943787],"dvar":[0.000028305914384,0.0000267641862592,0.0000021781140731,2.73928378647e-7,7.3439949233e-8,1.71295766904e-7,1.94908182038e-7,3.44883375192e-7,7.4403766348e-7,3.0025702813e-7,8.65028937369e-8,5.81347094908e-8,7.24678912434e-8,2.25800906861e-8,1.75357204313e-8,7.11198708814e-8,7.47051558392e-8,9.45633047422e-8,2.58182577539e-8,3.51336248983e-9,7.1708750049e-10,7.43931694025e-10,3.32616462151e-10,7.13645698092e-10,8.64085025754e-10,3.65841579253e-10,8.36525848591e-11,1.87790841905e-11,2.74493362068e-11,1.16859924515e-10,1.74124978325e-10,9.31638377555e-11,1.97762972665e-10,1.4060559661e-10,1.37621483653e-10,9.1785912204e-11,4.81437112398e-11,1.99902074061e-11,1.14739294454e-11,1.19917123106e-11],"dvar2":[0.0000526690855622,0.0000728597660782,0.00000635057403997,6.79271636272e-7,1.68718557347e-7,3.90708208897e-7,4.60123089852e-7,8.34612819745e-7,0.00000163002118825,7.10781080215e-7,2.06034499683e-7,1.28962412305e-7,1.90309719983e-7,5.33545261305e-8,3.58735761097e-8,1.20905937706e-7,1.77243833832e-7,2.09894977843e-7,6.65733352889e-8,8.44609537864e-9,1.83312354185e-9,1.95332883202e-9,8.60883808684e-10,1.90319426885e-9,2.11634398894e-9,8.47660885928e-10,2.03993447134e-10,4.83710710375e-11,7.16893350239e-11,3.27177673842e-10,4.81623685378e-10,2.14930198639e-10,4.81894357751e-10,3.23697513238e-10,3.25505955523e-10,1.97561772497e-10,1.05974624909e-10,3.93589605352e-11,2.3659848386e-11,2.42795662048e-11],"max":[0.0817328915,0.0700127482414,0.0165934711695,0.0097544901073,0.00823761988431,0.01286146231,0.00889995414764,0.0171878822148,0.0225390922278,0.0366641655564,0.00890381168574,0.0100433705375,0.00557587947696,0.00507726846263,0.0106244562194,0.02054082416,0.00837908405811,0.0149123603478,0.00659724092111,0.00180578988511,0.000867454335093,0.000826237665024,0.000574975041673,0.00044817730668,0.000786276126746,0.000584882625844,0.00026922597317,0.0000994888687273,0.000146001417306,0.000446909602033,0.000338477693731,0.00020487087022,0.000390886008972,0.00034122238867,0.000568485527765,0.000335480552167,0.000659205485135,0.000224652816541,0.000151787011418,0.000147249447764],"mean":[0.00376649177633,0.00397082511336,0.00096150446916,0.000406037899666,0.000208899393328,0.000256909872405,0.000240121546085,0.000280637294054,0.000384840124752,0.000268714182312,0.000165359844686,0.000124353144201,0.000109049389721,0.0000747166341171,0.0000548743628315,0.000082524093159,0.0000811549980426,0.0000766240264056,0.0000366787571693,0.0000181514242286,0.0000121531793411,0.0000103646807474,0.0000062145195443,0.00000866296159074,0.0000125663091239,0.00000947103853832,0.00000414986516262,0.00000179106154974,0.00000195449797502,0.00000348027197106,0.00000481723054691,0.00000680659150021,0.0000082269689301,0.00000662164256937,0.00000593389677306,0.0000062545855144,0.00000380223968932,0.00000296695475299,0.00000211755627788,0.00000213478256228],"median":[0.00279544573277,0.0034154097084,0.000674914452247,0.000184666423593,0.000078900688095,0.0000630482754786,0.0000574348268856,0.0000510762656631,0.0000449022809335,0.0000278015886579,0.0000183729844139,0.0000170180082932,0.0000108980311779,0.0000125911174109,0.00000814452505438,0.00000819065826363,0.00000641321366857,0.00000553939435122,0.00000273246746474,0.00000229315605793,0.00000252040558735,0.00000201255670618,0.00000121214168303,0.00000118751006539,0.00000156206533575,0.00000121448567825,7.46614318814e-7,4.22580512804e-7,6.30421027381e-7,0.0000011611238051,0.00000129953104988,0.00000222593575927,0.00000238672987507,0.00000194469930648,0.0000015919042653,0.00000109013501515,7.70870883571e-7,5.04563274717e-7,4.08163117527e-7,2.65713737235e-7],"min":[4.34117403803e-25,7.21820054229e-25,1.14243911117e-24,5.74021392306e-25,1.39966653641e-24,1.25668036974e-24,1.85192512793e-24,1.94445555389e-24,1.66242515849e-24,1.79253632633e-24,3.33666587563e-24,2.58398508975e-24,1.78329166538e-24,2.0189973874e-24,1.57302838388e-24,3.69797718642e-24,2.68994902806e-24,3.12839081943e-24,3.36113003002e-24,3.95983916948e-24,3.68631032807e-24,2.63632561638e-24,3.18124410565e-24,4.2639004778e-24,3.9431555502e-24,3.50240397409e-24,4.43141548546e-24,5.14834726448e-24,4.23388668694e-24,4.62018161704e-24,5.29043925731e-24,4.88118058626e-24,4.87126105481e-24,5.61206297596e-24,5.59521409032e-24,5.96346698265e-24,5.88500411601e-24,5.68751239395e-24,4.52438077098e-24,5.98540796544e-24],"var":[0.0000418901290686,0.0000292525910481,0.00000180430879482,3.79451194021e-7,1.31231544742e-7,3.60732514082e-7,3.28790008552e-7,5.57078692509e-7,0.00000128686997414,0.00000150781397679,2.07785930684e-7,1.36902457371e-7,8.58404050064e-8,3.94447532415e-8,3.11538919107e-8,1.49027485463e-7,8.61753903791e-8,1.15186743699e-7,2.16982805057e-8,3.9565000165e-9,7.26680882135e-10,7.38400174338e-10,2.95988178411e-10,6.51621645531e-10,1.44019196568e-9,7.61104901326e-10,1.18365026114e-10,1.92801868221e-11,2.56330720538e-11,8.55473261674e-11,1.4795296932e-10,1.70333386285e-10,2.68678523874e-10,2.30912525212e-10,2.15854181751e-10,1.72989192415e-10,9.21575038504e-11,4.05833838757e-11,2.12540575417e-11,2.08306046023e-11]},"melbands_crest":{"dmean":3.14244532585,"dmean2":4.87494707108,"dvar":10.9973802567,"dvar2":25.9170894623,"max":36.5383148193,"mean":16.1003665924,"median":16.1014919281,"min":1.48367393017,"var":27.6974925995},"melbands_flatness_db":{"dmean":0.0432971976697,"dmean2":0.0558536015451,"dvar":0.00233016163111,"dvar2":0.00380031648092,"max":0.760760247707,"mean":0.254401534796,"median":0.240033701062,"min":0.00313306227326,"var":0.011917042546},"melbands_kurtosis":{"dmean":24.3560657501,"dmean2":36.1942024231,"dvar":2299.99951172,"dvar2":4869.88818359,"max":909.98638916,"mean":40.8002052307,"median":14.1816301346,"min":-1.94451010227,"var":5074.14599609},"melbands_skewness":{"dmean":1.4797629118,"dmean2":2.12534189224,"dvar":3.33401632309,"dvar2":6.72713470459,"max":23.9746074677,"mean":3.96408987045,"median":3.08590579033,"min":-9.30252552032,"var":10.7982149124},"melbands_spread":{"dmean":9.61831951141,"dmean2":14.3509845734,"dvar":283.06817627,"dvar2":622.331970215,"max":282.696655273,"mean":22.5781784058,"median":14.9235868454,"min":0.288780391216,"var":818.180297852},"mfcc":{"cov":[[12830.9804688,-466.945404053,-869.169494629,-517.122497559,-181.242446899,-120.722991943,-224.551132202,10.4345016479,-129.894744873,107.299346924,377.138061523,11.0975103378,56.3273620605],[-466.945404053,2198.41040039,-404.75088501,161.426956177,86.864402771,-49.3476066589,153.954696655,146.535339355,81.4481277466,74.0725860596,89.8371582031,-26.2767047882,-3.8219807148],[-869.169494629,-404.75088501,1617.77404785,321.980773926,161.650299072,272.361328125,50.5210494995,149.093521118,135.322494507,-5.87303304672,-112.681266785,112.275901794,30.9369220734],[-517.122497559,161.426956177,321.980773926,644.171020508,230.600967407,143.235717773,95.5091247559,90.3253097534,69.2032775879,5.1630320549,-43.1633224487,42.2869682312,74.4674301147],[-181.242446899,86.864402771,161.650299072,230.600967407,585.61529541,244.053070068,54.1791419983,-7.58829784393,35.3949775696,66.5985717773,-6.80797767639,50.0717926025,27.486328125],[-120.722991943,-49.3476066589,272.361328125,143.235717773,244.053070068,427.810546875,125.050041199,42.7609405518,45.0367088318,27.9341125488,41.6027908325,31.1362857819,-3.42510104179],[-224.551132202,153.954696655,50.5210494995,95.5091247559,54.1791419983,125.050041199,366.750213623,194.102111816,31.0768527985,3.13014674187,63.2695426941,33.9445419312,18.1095199585],[10.4345016479,146.535339355,149.093521118,90.3253097534,-7.58829784393,42.7609405518,194.102111816,307.45690918,117.915367126,6.13954687119,37.9703903198,34.1282081604,15.9149618149],[-129.894744873,81.4481277466,135.322494507,69.2032775879,35.3949775696,45.0367088318,31.0768527985,117.915367126,215.467605591,97.5993804932,7.43023395538,9.317902565,-5.89772319794],[107.299346924,74.0725860596,-5.87303304672,5.1630320549,66.5985717773,27.9341125488,3.13014674187,6.13954687119,97.5993804932,198.768661499,84.7054443359,-7.79341268539,-22.9075202942],[377.138061523,89.8371582031,-112.681266785,-43.1633224487,-6.80797767639,41.6027908325,63.2695426941,37.9703903198,7.43023395538,84.7054443359,197.98866272,26.9581832886,-19.395111084],[11.0975103378,-26.2767047882,112.275901794,42.2869682312,50.0717926025,31.1362857819,33.9445419312,34.1282081604,9.317902565,-7.79341268539,26.9581832886,128.253372192,50.8777046204],[56.3273620605,-3.8219807148,30.9369220734,74.4674301147,27.486328125,-3.42510104179,18.1095199585,15.9149618149,-5.89772319794,-22.9075202942,-19.395111084,50.8777046204,128.999725342]],"icov":[[0.0000925708009163,0.0000289990857709,0.0000433690438513,0.0000455114495708,-0.00000934278887144,-0.0000276979462797,0.000139089825097,-0.000143733806908,0.0000849579228088,-0.0000323776366713,-0.0001712248486,0.000030851799238,-0.000116549774248],[0.0000289990857709,0.000550419499632,0.00018162408378,-0.000166130630532,-0.000119835196529,0.000149524988956,-0.000078646982729,-0.000225203577429,-0.000110350571049,-0.0000351725066139,-0.000201085495064,0.000133447829285,0.0000301619820675],[0.0000433690438513,0.00018162408378,0.000987212057225,-0.000315824989229,0.000156491107191,-0.000601480307523,0.000333642296027,-0.000596084166318,-0.000018373128114,-0.00031905178912,0.000753309461288,-0.000870103773195,0.000308326940285],[0.0000455114495708,-0.000166130630532,-0.000315824989229,0.00226937141269,-0.000667593325488,-0.000146507067257,-0.000167658028658,-0.000224304341828,-0.000277317158179,0.000157208545716,0.000191365674254,0.000340020342264,-0.00115961791016],[-0.00000934278887144,-0.000119835196529,0.000156491107191,-0.000667593325488,0.00281714950688,-0.0015287459828,0.0000547868548892,0.000224160277867,0.000554718659259,-0.00146007246803,0.00113706453703,-0.00113390909974,0.0000564427791687],[-0.0000276979462797,0.000149524988956,-0.000601480307523,-0.000146507067257,-0.0015287459828,0.00411213701591,-0.00142020185012,0.00105476670433,-0.00110880972352,0.00114464049693,-0.00154258741532,0.000604755943641,0.000431632448453],[0.000139089825097,-0.000078646982729,0.000333642296027,-0.000167658028658,0.0000547868548892,-0.00142020185012,0.00533077865839,-0.00380912004039,0.00180579186417,-0.000495268439408,-0.000612495408859,-0.000218491477426,-0.000385399325751],[-0.000143733806908,-0.000225203577429,-0.000596084166318,-0.000224304341828,0.000224160277867,0.00105476670433,-0.00380912004039,0.0079758670181,-0.00482456898317,0.00275495136157,-0.00154373818077,-0.0000143278621181,-0.0000982949422905],[0.0000849579228088,-0.000110350571049,-0.000018373128114,-0.000277317158179,0.000554718659259,-0.00110880972352,0.00180579186417,-0.00482456898317,0.0100306672975,-0.00599868642166,0.00278491294011,-0.000941574457102,0.000501629314385],[-0.0000323776366713,-0.0000351725066139,-0.00031905178912,0.000157208545716,-0.00146007246803,0.00114464049693,-0.000495268439408,0.00275495136157,-0.00599868642166,0.0105996206403,-0.00531944911927,0.00208981242031,0.0000539987122465],[-0.0001712248486,-0.000201085495064,0.000753309461288,0.000191365674254,0.00113706453703,-0.00154258741532,-0.000612495408859,-0.00154373818077,0.00278491294011,-0.00531944911927,0.00961549580097,-0.00349782686681,0.00177882611752],[0.000030851799238,0.000133447829285,-0.000870103773195,0.000340020342264,-0.00113390909974,0.000604755943641,-0.000218491477426,-0.0000143278621181,-0.000941574457102,0.00208981242031,-0.00349782686681,0.0115248961374,-0.00445030769333],[-0.000116549774248,0.0000301619820675,0.000308326940285,-0.00115961791016,0.0000564427791687,0.000431632448453,-0.000385399325751,-0.0000982949422905,0.000501629314385,0.0000539987122465,0.00177882611752,-0.00445030769333,0.0105200493708]],"mean":[-682.75201416,107.349685669,34.7464103699,12.2064199448,4.59478855133,19.4514122009,-1.61971688271,13.5985355377,1.296651721,5.01529407501,8.21785354614,-1.30737793446,-0.905964136124]},"pitch_salience":{"dmean":0.0767533630133,"dmean2":0.11622659862,"dvar":0.0059702587314,"dvar2":0.0135370511562,"max":0.933764457703,"mean":0.475044518709,"median":0.461495578289,"min":0.0385607369244,"var":0.0169382318854},"silence_rate_20dB":{"dmean":0,"dmean2":0,"dvar":0,"dvar2":0,"max":1,"mean":1,"median":1,"min":1,"var":0},"silence_rate_30dB":{"dmean":0.0314593315125,"dmean2":0.0629224255681,"dvar":0.0304640401155,"dvar2":0.0599249191582,"max":1,"mean":0.953591287136,"median":1,"min":0,"var":0.0442544668913},"silence_rate_60dB":{"dmean":0.0344497598708,"dmean2":0.0689036399126,"dvar":0.0332635529339,"dvar2":0.0706255808473,"max":1,"mean":0.0895281359553,"median":0,"min":0,"var":0.0815099552274},"spectral_centroid":{"dmean":340.157348633,"dmean2":499.953369141,"dvar":222016.578125,"dvar2":463184.375,"max":11898.4013672,"mean":1285.75927734,"median":1023.84942627,"min":92.3749237061,"var":1522953.875},"spectral_complexity":{"dmean":4.15035867691,"dmean2":5.82678413391,"dvar":29.4630622864,"dvar2":53.1382446289,"max":57,"mean":11.9491653442,"median":10,"min":0,"var":73.7318649292},"spectral_contrast_coeffs":{"dmean":[0.0479277595878,0.0569982863963,0.0482704229653,0.0390293858945,0.0285693351179,0.0256195664406],"dmean2":[0.0767711102962,0.0900141522288,0.0759895145893,0.0599553771317,0.0432115010917,0.0376700088382],"dvar":[0.00183038110845,0.00248649623245,0.00180530222133,0.00126881734468,0.000689308508299,0.000750535924453],"dvar2":[0.00436160247773,0.00580087816343,0.00420175446197,0.00263440259732,0.00146883714478,0.00169025233481],"max":[-0.30853754282,-0.30038484931,-0.294541865587,-0.380666583776,-0.520143270493,-0.487157464027],"mean":[-0.651043474674,-0.69091540575,-0.73452091217,-0.767738640308,-0.783953845501,-0.772388339043],"median":[-0.658272027969,-0.695477128029,-0.743603527546,-0.780111849308,-0.790605545044,-0.777901649475],"min":[-0.979848444462,-0.975549936295,-0.980678677559,-0.973178446293,-0.966781079769,-0.965459346771],"var":[0.007882184349,0.00952743832022,0.00800849217921,0.0065232925117,0.0041221533902,0.00304124131799]},"spectral_contrast_valleys":{"dmean":[0.446777313948,0.543203473091,0.52810639143,0.597957789898,0.531988322735,0.494973272085],"dmean2":[0.674782931805,0.804674804211,0.758707284927,0.811908721924,0.706315219402,0.591411650181],"dvar":[0.228135317564,0.282930076122,0.292509138584,0.369716495275,0.329368323088,0.35665756464],"dvar2":[0.415597587824,0.57415831089,0.548789203167,0.593570828438,0.588430583477,0.583428263664],"max":[-4.8970284462,-4.40457677841,-4.8801202774,-5.29443120956,-5.40319442749,-6.99655151367],"mean":[-7.53030395508,-7.67193317413,-8.1378736496,-8.60549068451,-8.69697761536,-10.1328516006],"median":[-6.90993785858,-7.37575006485,-7.86935091019,-8.38752937317,-8.45736980438,-9.82167434692],"min":[-28.2384185791,-27.9980335236,-27.8127746582,-27.6406974792,-27.5403423309,-27.4645729065],"var":[5.13863611221,4.74365711212,4.58314990997,4.61210870743,4.36965227127,4.37939071655]},"spectral_decrease":{"dmean":3.17534798455e-9,"dmean2":4.65201610567e-9,"dvar":3.87209432047e-17,"dvar2":7.71592354854e-17,"max":1.84549829508e-28,"mean":-9.05171138044e-9,"median":-7.70006991502e-9,"min":-7.91143364154e-8,"var":7.89613311679e-17},"spectral_energy":{"dmean":0.0129891550168,"dmean2":0.0188741162419,"dvar":0.000613755371887,"dvar2":0.00120430148672,"max":0.303437739611,"mean":0.0369432717562,"median":0.0309359040111,"min":1.00835659272e-20,"var":0.00127306685317},"spectral_energyband_high":{"dmean":0.00121291959658,"dmean2":0.00165035401005,"dvar":0.00000504357012687,"dvar2":0.00000990417902358,"max":0.0537349283695,"mean":0.00193541275803,"median":0.000566671020351,"min":7.33829726135e-21,"var":0.0000101434761746},"spectral_energyband_low":{"dmean":0.00820290111005,"dmean2":0.0118756555021,"dvar":0.000482042203657,"dvar2":0.000965347804595,"max":0.29730668664,"mean":0.0212541911751,"median":0.0186961535364,"min":6.4652969032e-24,"var":0.000831312150694},"spectral_energyband_middle_high":{"dmean":0.00333380023949,"dmean2":0.00503950752318,"dvar":0.0000446441517852,"dvar2":0.000100724428194,"max":0.168485596776,"mean":0.00538937235251,"median":0.00176177744288,"min":1.12245076975e-21,"var":0.000081864229287},"spectral_energyband_middle_low":{"dmean":0.00475737312809,"dmean2":0.00731175206602,"dvar":0.0000562214954698,"dvar2":0.00012778697419,"max":0.186043143272,"mean":0.00972744543105,"median":0.0062866373919,"min":1.39508183066e-22,"var":0.000141012526001},"spectral_entropy":{"dmean":0.30628824234,"dmean2":0.40577507019,"dvar":0.122483402491,"dvar2":0.21246342361,"max":9.832695961,"mean":7.49889039993,"median":7.57301187515,"min":3.71053862572,"var":0.55616736412},"spectral_flux":{"dmean":0.0360524021089,"dmean2":0.0538481771946,"dvar":0.00205766875297,"dvar2":0.00397000648081,"max":0.478866875172,"mean":0.0885869115591,"median":0.0702547505498,"min":6.35918331882e-11,"var":0.00487614842132},"spectral_kurtosis":{"dmean":2.14303421974,"dmean2":3.22523903847,"dvar":17.435710907,"dvar2":39.4726028442,"max":133.584686279,"mean":4.04091453552,"median":2.13741183281,"min":-1.3580904007,"var":58.9332962036},"spectral_rms":{"dmean":0.000971156987362,"dmean2":0.00133773987181,"dvar":0.00000194680160348,"dvar2":0.00000339168786923,"max":0.0172057207674,"mean":0.00537921953946,"median":0.00549375731498,"min":3.13649887312e-12,"var":0.00000710624908606},"spectral_rolloff":{"dmean":971.571655273,"dmean2":1618.35803223,"dvar":3851740,"dvar2":8220720,"max":19724.4140625,"mean":1960.59423828,"median":775.1953125,"min":64.599609375,"var":9894502},"spectral_skewness":{"dmean":0.341743022203,"dmean2":0.492686450481,"dvar":0.178534060717,"dvar2":0.376103252172,"max":10.2574110031,"mean":1.51922535896,"median":1.39538192749,"min":-0.597771167755,"var":0.749980330467},"spectral_spread":{"dmean":1377970.875,"dmean2":1935561.375,"dvar":2578868862980,"dvar2":5198356414460,"max":42756444,"mean":7315592.5,"median":6571389,"min":644644.3125,"var":18948252762100},"spectral_strongpeak":{"dmean":0.564977109432,"dmean2":0.960077166557,"dvar":1.96542990208,"dvar2":4.99612188339,"max":35.9382400513,"mean":0.894134759903,"median":0.398386865854,"min":0,"var":2.43961763382},"zerocrossingrate":{"dmean":0.0210127104074,"dmean2":0.0228103473783,"dvar":0.000654086179566,"dvar2":0.000728590879589,"max":0.5263671875,"mean":0.0790208801627,"median":0.05712890625,"min":0.00244140625,"var":0.00583203090355}},"metadata":{"audio_properties":{"analysis_sample_rate":44100,"bit_rate":0,"codec":"flac","downmix":"mix","equal_loudness":0,"length":388.236724854,"lossless":true,"md5_encoded":"1a4231d56d20b988ac32cf2684a8629e","replay_gain":-9.48629570007,"sample_rate":96000},"tags":{"album":["Equal Rights"],"albumartist":["Peter Tosh"],"albumartistsort":["Tosh, Peter"],"artist":["Peter Tosh"],"artistsort":["Tosh, Peter"],"asin":["B00000JH23"],"composer":["Peter Tosh"],"date":["1997"],"discnumber":["1"],"disctotal":["1"],"file_name":"02-Downpressor Man.flac","genre":["Reggae"],"musicbrainz_albumartistid":["7db6aae5-6644-4513-9bfc-ca2e79d4469c"],"musicbrainz_albumid":["63ecb8ab-7baf-4b25-851c-2d62730da6df"],"musicbrainz_artistid":["7db6aae5-6644-4513-9bfc-ca2e79d4469c"],"musicbrainz_recordingid":["c70c53ab-932d-4cef-94e4-962cf02b6bf0"],"musicbrainz_releasegroupid":["3c46302b-426f-3fce-a6ad-b7f76fee40f4"],"musicbrainz_releasetrackid":["9270af09-6c76-343c-85de-7609d38e75f0"],"originaldate":["1977"],"releasecountry":["US"],"releasestatus":["official"],"releasetype":["album"],"script":["Latn"],"title":["Downpressor Man"],"totaldiscs":["1"],"totaltracks":["8"],"tracknumber":["2"],"tracktotal":["8"]},"version":{"essentia":"2.1-beta2","essentia_build_sha":"2d9f1f26377add8aeb1075a9c2973f962c4f09fd","essentia_git_sha":"v2.1_beta2-1-ge3940c0","extractor":"music 1.0"}},"rhythm":{"beats_count":960,"beats_loudness":{"dmean":0.0635466352105,"dmean2":0.115696236491,"dvar":0.00282235792838,"dvar2":0.00742693711072,"max":0.28827509284,"mean":0.0719134733081,"median":0.0534366257489,"min":0,"var":0.00294524966739},"beats_loudness_band_ratio":{"dmean":[0.371602863073,0.0836771950126,0.174275755882,0.100478284061,0.0617633461952,0.130669444799],"dmean2":[0.68878108263,0.152846872807,0.325963944197,0.17763581872,0.113471657038,0.24729077518],"dvar":[0.0651480704546,0.00786525942385,0.0276618357748,0.014622785151,0.00751773733646,0.0220390222967],