{"lowlevel":{"average_loudness":0.934911370277,"barkbands":{"dmean":[0.000021846330128,0.00112091563642,0.00239545106888,0.00117148156278,0.00160466495436,0.00093787064543,0.000755614368245,0.000624743232038,0.000914788746741,0.000747477635741,0.000586771522649,0.000655189738609,0.000565280206501,0.000644165324047,0.000446152320364,0.000491514976602,0.000457248912426,0.000301100400975,0.000289374875138,0.00025630518212,0.000170252620592,0.000166929370607,0.000147965765791,0.000072226546763,0.0000344434738508,0.00000538436870556,4.55044272485e-7],"dmean2":[0.0000331782139256,0.00190022739116,0.00417757639661,0.00201095989905,0.00272655230947,0.00150388258044,0.00128086819313,0.00102167739533,0.0015035464894,0.00121906702407,0.000968189851847,0.00103775504977,0.000928092806134,0.00106066954322,0.000717624323443,0.000803236034699,0.00076125015039,0.000497064727824,0.000476980756503,0.000411091459682,0.000266624731012,0.000248304975685,0.000215992302401,0.000106079300167,0.0000500261849083,0.00000798942073743,7.36788194899e-7],"dvar":[5.48168788139e-10,0.0000023086154215,0.00000799345343694,0.00000282144060293,0.000011065561921,0.00000310923337565,0.00000173736168563,0.00000116706235076,0.0000037563584101,0.00000276905780083,0.00000165571611888,0.00000176698756604,0.00000107915184344,0.00000140319673392,9.81791117738e-7,6.25617417427e-7,6.66892788104e-7,3.03047357875e-7,1.73916319568e-7,1.77691347858e-7,9.74866196657e-8,1.52086300886e-7,2.08756574693e-7,7.73803705556e-8,8.91614426735e-9,1.67443572896e-10,2.35437494153e-12],"dvar2":[1.13513121125e-9,0.00000622448897047,0.0000212198337977,0.00000753106132834,0.000027991247407,0.00000753871654524,0.00000467208701593,0.00000308675225824,0.00000977644958766,0.00000740954783396,0.00000435095444118,0.0000042197689254,0.00000282814835373,0.00000360923581866,0.00000236500613937,0.00000156640999194,0.00000180134884431,7.45116324197e-7,4.48216496807e-7,4.16272200709e-7,2.38777204231e-7,3.58304220072e-7,4.48064355396e-7,1.8146324976e-7,2.05995469571e-8,3.9348585501e-10,6.30221222431e-12],"max":[0.000351686176145,0.0326163247228,0.0368963256478,0.0213040187955,0.0604066215456,0.0310755278915,0.0371689796448,0.0308917313814,0.0386780202389,0.0370465777814,0.0279292874038,0.0187335349619,0.021247850731,0.0318384058774,0.0196139477193,0.0170907080173,0.0279329866171,0.0148068014532,0.00794144906104,0.0107004065067,0.0107793649659,0.00937894172966,0.0108966697007,0.00768558122218,0.00236974330619,0.000259692780674,0.0000775782391429],"mean":[0.0000284689704131,0.00146077317186,0.00249396380968,0.00120536168106,0.00177409499884,0.00152504467405,0.00114530930296,0.0009785448201,0.00141506385989,0.00121104659047,0.000924475083593,0.00119648536202,0.00102092558518,0.00108131440356,0.000730378669687,0.000947826076299,0.00100556167308,0.000681574398186,0.000717144168448,0.000571611279156,0.000367183296476,0.000292810669634,0.000242040216108,0.000111934365123,0.00005550221249,0.0000074346121437,4.65634201419e-7],"median":[0.000018820825062,0.000859052117448,0.0014558712719,0.000593118253164,0.000818887376226,0.000820685410872,0.000752981984988,0.000601687119342,0.000718314317055,0.000436293485109,0.000411021785112,0.00039417136577,0.000461153977085,0.00059245940065,0.000362896593288,0.000637616205495,0.000790948513895,0.000392178422771,0.000467549514724,0.000364428531611,0.000239548404352,0.000162766358699,0.000109217457066,0.000043215288315,0.0000235944171436,0.00000261487207354,7.42897015016e-8],"min":[2.59575844433e-24,4.77566136829e-23,1.00031917294e-23,1.39903960893e-23,5.33698039411e-23,8.22826352792e-23,4.45041307043e-23,3.36748817003e-23,5.17817606746e-23,2.83324979245e-23,2.89499014897e-23,1.01454334481e-22,9.65424825878e-23,1.77415903057e-22,2.20520222173e-22,1.4198273244e-22,3.45434895011e-22,3.02037245855e-22,1.79829287312e-22,2.45739183923e-22,3.90975948665e-22,4.36664020749e-22,7.43604119172e-22,8.33245678115e-22,1.05000602513e-21,1.79134827183e-21,2.67211730377e-21],"var":[9.72068869842e-10,0.00000363613025911,0.00000886049110704,0.00000297876022159,0.0000101321320471,0.00000525488758285,0.00000205831861422,0.00000169066970557,0.00000551974335394,0.00000588450029682,0.00000262301773546,0.00000451038840765,0.00000251516735261,0.00000214474584936,0.00000154242127337,0.00000126372435716,0.00000132390437102,7.80776133524e-7,5.55399253699e-7,3.97942329755e-7,1.64903724453e-7,2.06954339887e-7,3.08187139808e-7,9.2688090092e-8,1.22726904195e-8,2.06691219695e-10,1.88150688606e-12]},"barkbands_crest":{"dmean":2.33533644676,"dmean2":3.92273688316,"dvar":4.5083770752,"dvar2":11.7648038864,"max":21.9511318207,"mean":6.66340065002,"median":5.8510055542,"min":2.06828141212,"var":9.79166984558},"barkbands_flatness_db":{"dmean":0.0162449851632,"dmean2":0.0252140499651,"dvar":0.000225358176976,"dvar2":0.000553965975996,"max":0.31056162715,"mean":0.0935097560287,"median":0.0933298617601,"min":0.0238931756467,"var":0.000656271120533},"barkbands_kurtosis":{"dmean":1.10436367989,"dmean2":1.82945990562,"dvar":3.64517736435,"dvar2":9.35970687866,"max":35.4468650818,"mean":0.124313600361,"median":-0.611763954163,"min":-1.92129027843,"var":5.51538801193},"barkbands_skewness":{"dmean":0.454293966293,"dmean2":0.717155516148,"dvar":0.198046162724,"dvar2":0.484154999256,"max":5.59629106522,"mean":0.584956467152,"median":0.426885455847,"min":-2.41785144806,"var":0.676028251648},"barkbands_spread":{"dmean":6.70104885101,"dmean2":10.6367073059,"dvar":48.6930923462,"dvar2":113.766204834,"max":98.8171386719,"mean":31.1947288513,"median":30.0793533325,"min":3.21932768822,"var":128.501449585},"dissonance":{"dmean":0.00987402722239,"dmean2":0.0168485157192,"dvar":0.000108995911432,"dvar2":0.000292067736154,"max":0.500000119209,"mean":0.483802974224,"median":0.486878097057,"min":0.238216221333,"var":0.000172960935743},"dynamic_complexity":2.13056206703,"erbbands":{"dmean":[0.0198847744614,0.331920206547,2.34683012962,3.39609575272,5.97689771652,4.2362613678,5.27318906784,8.29618740082,11.4403686523,10.4467039108,13.2820339203,18.6841468811,23.5711841583,22.244386673,21.8375225067,24.9337062836,23.4159908295,31.2226276398,25.3859996796,19.8579311371,27.2611923218,24.1135578156,15.9314069748,15.9946203232,13.2601919174,11.7854337692,8.29060554504,6.3709769249,5.93713378906,5.62833404541,3.87491559982,2.13897562027,0.943485915661,0.539779365063,0.170726284385,0.0391850695014,0.00684092659503,0.00114707893226,0.000076786003774,0.0000103161801235],"dmean2":[0.0326445735991,0.569594144821,4.07024383545,5.83620357513,10.2929391861,7.17284870148,8.34742164612,13.5028076172,19.347366333,17.2366847992,21.8535270691,30.7700233459,37.9731178284,36.3654518127,35.2712745667,38.9200820923,38.1225357056,50.9838218689,41.0086784363,31.7874336243,44.9832077026,40.0728988647,26.2694892883,26.7082271576,21.5136127472,18.9622116089,13.1789073944,9.89811134338,8.88776779175,8.3186416626,5.69712734222,3.18332695961,1.38910627365,0.792475521564,0.249549433589,0.0574141293764,0.0101257245988,0.00173949764576,0.000123129138956,0.0000159573864948],"dvar":[0.000611770548858,0.201151028275,7.8707947731,17.7609806061,153.128295898,70.8132171631,97.0700378418,281.346191406,383.39276123,260.910003662,722.744384766,1696.17175293,2703.00488281,2076.05859375,2153.56542969,2687.79516602,1995.9407959,3250.54833984,2513.50366211,1731.0657959,1760.08239746,1519.74560547,926.293151855,584.577270508,404.921112061,399.957214355,201.857696533,139.42515564,177.66746521,261.471374512,153.30947876,73.0360107422,11.64889431,2.64398550987,0.207940146327,0.00895132403821,0.000270358577836,0.0000114976446639,4.67565399731e-8,1.62105051604e-10],"dvar2":[0.00157233490609,0.545055091381,20.9391784668,47.5349617004,396.569091797,179.936767578,224.431381226,696.725036621,1034.77197266,684.325744629,1926.9642334,4401.78466797,6807.65527344,5545.43359375,5490.90039062,6462.02148438,5288.93310547,8298.18847656,6192.59179688,4356.19921875,4400.02001953,4070.22119141,2314.30224609,1577.74108887,983.676391602,931.372375488,487.890380859,341.658966064,419.053192139,604.446228027,326.721618652,166.378219604,28.5465888977,6.20519971848,0.508658289909,0.0209132712334,0.000650468107779,0.0000298220747936,1.22325133134e-7,3.89501431108e-10],"max":[0.437402963638,9.06150722504,34.5319442749,45.361366272,196.402297974,149.18586731,223.217102051,322.903533936,490.545227051,574.243774414,961.03503418,808.893310547,1052.43920898,824.309997559,946.726074219,825.598083496,968.651855469,1429.20336914,1264.92248535,852.297729492,865.290588379,1176.28186035,724.27734375,487.430999756,450.01272583,589.979125977,304.317779541,367.374969482,370.772033691,450.409088135,318.847015381,196.604598999,108.135223389,41.5981483459,20.6917152405,2.64384937286,0.408791124821,0.15626950562,0.00720486789942,0.000241901507252],"mean":[0.0282296426594,0.40765029192,2.54387259483,3.7210817337,5.94030046463,5.02863073349,8.0084066391,12.9376907349,17.2747440338,17.6558570862,21.5560092926,29.1469783783,39.5140686035,38.8198394775,39.8186721802,48.0343513489,47.079372406,56.3179397583,45.1059684753,38.5456466675,58.0663604736,56.9673194885,38.4492607117,39.2647094727,32.394115448,26.5446681976,18.3110313416,13.1988286972,10.5795097351,9.33568191528,6.20018720627,3.18758821487,1.47945427895,0.8517100811,0.269951194525,0.056425884366,0.00922501459718,0.00145844859071,0.0000913419862627,0.0000330620459863],"median":[0.0179031342268,0.229519933462,1.4838783741,2.22153091431,2.28838634491,2.48377561569,4.37865781784,6.3759469986,11.2202529907,12.0629329681,13.7773809433,15.4967956543,16.0455265045,16.6726589203,17.5103855133,16.5097923279,21.1518287659,32.2285232544,25.8727607727,22.1879425049,42.3668823242,46.3398666382,23.9434967041,25.3984985352,21.1072540283,17.1793556213,11.7123718262,8.56301593781,6.12806367874,4.48427391052,2.67006897926,1.17938148975,0.577789187431,0.363253057003,0.110852696002,0.020607156679,0.00306428736076,0.000411875720602,0.0000289154995698,0.0000307024747599],"min":[2.37706424109e-21,6.73067090132e-21,1.32965494916e-20,3.80768296558e-20,3.0287150274e-20,1.38764472065e-19,7.05929324739e-19,6.39559195821e-19,4.1078657759e-19,7.29675715571e-19,1.05066165301e-18,1.21667793932e-18,1.07806935203e-18,7.04039682328e-19,2.1969079549e-18,3.89887652619e-18,3.90447405739e-18,1.0613386522e-17,1.04443066689e-17,9.42400254437e-18,8.53187005576e-18,1.84156576349e-17,2.1032206929e-17,9.31438953268e-18,1.23724919737e-17,9.67653913102e-18,1.36478696478e-17,1.57384478777e-17,1.50505727521e-17,1.57649921035e-17,2.55292487754e-17,1.43481475195e-17,1.54478808352e-17,1.18403162276e-17,7.80919296025e-18,6.00553845588e-18,3.41965584896e-18,1.33791511337e-18,3.26482888649e-19,4.56494161322e-20],"var":[0.00100479146931,0.296319544315,9.26588916779,18.8112392426,129.684509277,70.9482269287,172.817703247,439.821929932,460.129180908,388.839874268,879.528198242,2344.4519043,5287.95507812,4074.62475586,4171.27148438,7110.06103516,5376.94042969,5536.43457031,4239.90478516,2960.19750977,4104.20166016,3560.15185547,2199.88598633,1775.58618164,1162.37768555,854.494934082,411.179748535,224.17477417,244.518890381,338.247650146,227.890045166,93.4646224976,12.8268613815,3.38297533989,0.264883875847,0.0116219017655,0.000322399922879,0.0000108235881271,4.13126635124e-8,3.35438843369e-10]},"erbbands_crest":{"dmean":2.07633733749,"dmean2":3.44507455826,"dvar":4.38050746918,"dvar2":11.1423454285,"max":26.253484726,"mean":6.97514533997,"median":6.13203811646,"min":2.14660978317,"var":10.4500188828},"erbbands_flatness_db":{"dmean":0.0154181448743,"dmean2":0.0226564314216,"dvar":0.000197880377527,"dvar2":0.000391597364796,"max":0.314406692982,"mean":0.159758895636,"median":0.161900311708,"min":0.0613202936947,"var":0.00120901467744},"erbbands_kurtosis":{"dmean":0.686835825443,"dmean2":1.10655975342,"dvar":0.940204739571,"dvar2":2.15963506699,"max":16.4314041138,"mean":0.0495768934488,"median":-0.239361166954,"min":-1.7265599966,"var":1.93000364304},"erbbands_skewness":{"dmean":0.310479670763,"dmean2":0.482833772898,"dvar":0.0815759822726,"dvar2":0.183408886194,"max":3.36046791077,"mean":-0.205825611949,"median":-0.235892504454,"min":-3.37069821358,"var":0.403192132711},"erbbands_spread":{"dmean":7.3682923317,"dmean2":11.3693141937,"dvar":61.3183326721,"dvar2":136.04800415,"max":126.795150757,"mean":37.5834846497,"median":32.0620994568,"min":5.21118879318,"var":353.671722412},"gfcc":{"cov":[[3007.29760742,-7.38344573975,-202.290496826,-95.5640487671,29.7243061066,36.0153808594,-108.05381012,40.7200584412,-66.7432327271,32.4394264221,-40.4693412781,0.276198476553,-19.2285194397],[-7.38344573975,644.408752441,-305.633544922,7.33894491196,194.858840942,-118.765159607,71.3114471436,-13.3282804489,73.4376373291,-73.1017303467,81.3803863525,-44.53282547,39.8384208679],[-202.290496826,-305.633544922,753.63293457,175.796035767,-187.922225952,135.055130005,-54.7474708557,-21.7311458588,-34.1520957947,45.9872779846,-96.3773574829,31.6325416565,-60.3364677429],[-95.5640487671,7.33894491196,175.796035767,287.341522217,24.25922966,-24.0344104767,-18.405790329,-20.4173870087,45.9796791077,3.21793985367,-11.1545505524,-27.2630290985,7.79726934433],[29.7243061066,194.858840942,-187.922225952,24.25922966,208.23677063,-18.9719104767,30.741941452,5.79004240036,23.3756122589,-19.5751075745,23.2051830292,-26.6431827545,14.8908815384],[36.0153808594,-118.765159607,135.055130005,-24.0344104767,-18.9719104767,161.923690796,32.4792633057,21.4114360809,-18.8252429962,13.4882030487,-15.2329216003,7.56132316589,-21.5904998779],[-108.05381012,71.3114471436,-54.7474708557,-18.405790329,30.741941452,32.4792633057,155.64390564,24.6690483093,-17.7334690094,-25.3824920654,11.2463359833,-15.2620201111,-15.7847299576],[40.7200584412,-13.3282804489,-21.7311458588,-20.4173870087,5.79004240036,21.4114360809,24.6690483093,73.7188034058,14.9484539032,1.68678617477,5.14038610458,-1.93509376049,-1.13366758823],[-66.7432327271,73.4376373291,-34.1520957947,45.9796791077,23.3756122589,-18.8252429962,-17.7334690094,14.9484539032,95.5364608765,19.8704280853,19.7882823944,-12.6351585388,16.9287166595],[32.4394264221,-73.1017303467,45.9872779846,3.21793985367,-19.5751075745,13.4882030487,-25.3824920654,1.68678617477,19.8704280853,71.8997192383,6.91355133057,5.73653841019,2.73124408722],[-40.4693412781,81.3803863525,-96.3773574829,-11.1545505524,23.2051830292,-15.2329216003,11.2463359833,5.14038610458,19.7882823944,6.91355133057,69.1900482178,14.2196464539,15.7968511581],[0.276198476553,-44.53282547,31.6325416565,-27.2630290985,-26.6431827545,7.56132316589,-15.2620201111,-1.93509376049,-12.6351585388,5.73653841019,14.2196464539,60.3954238892,12.3004398346],[-19.2285194397,39.8384208679,-60.3364677429,7.79726934433,14.8908815384,-21.5904998779,-15.7847299576,-1.13366758823,16.9287166595,2.73124408722,15.7968511581,12.3004398346,57.2200508118]],"icov":[[0.000430112588219,-0.000377757154638,0.000511575548444,-0.000371208618162,0.000313990778523,-0.000550548778847,0.000667979184072,-0.00055520638125,0.000800931593403,-0.000741588766687,0.000866881862748,-0.000432307191659,0.000533436483238],[-0.000377757154638,0.00469190254807,-0.00169198098592,0.00211112108082,-0.00348243722692,0.00317382579669,-0.00227969884872,0.00235263793729,-0.00391278089955,0.00493377447128,-0.00521847885102,0.00327291316353,-0.00228463322856],[0.000511575548444,-0.00169198098592,0.00530910724774,-0.00433242414147,0.00395741034299,-0.00430771661922,0.00194539199583,-0.000832169142086,0.00244013941847,-0.00361002399586,0.00612823665142,-0.00467436015606,0.00416684057564],[-0.000371208618162,0.00211112108082,-0.00433242414147,0.00780835142359,-0.00387197639793,0.00394422980025,-0.00174948282074,0.00246090278961,-0.00463025132194,0.00369827193208,-0.00445737084374,0.00530719012022,-0.00388192152604],[0.000313990778523,-0.00348243722692,0.00395741034299,-0.00387197639793,0.0100974021479,-0.00409187888727,0.00137354421895,-0.00153465080075,0.00257544615306,-0.00306169549003,0.00423575565219,-0.00169753993396,0.00198720255867],[-0.000550548778847,0.00317382579669,-0.00430771661922,0.00394422980025,-0.00409187888727,0.0119148613885,-0.00402920134366,-0.000283176021185,-0.00249978643842,0.00225450913422,-0.00441386457533,0.00271680322476,-0.00176453159656],[0.000667979184072,-0.00227969884872,0.00194539199583,-0.00174948282074,0.00137354421895,-0.00402920134366,0.0104014026001,-0.00400997232646,0.00454366300255,-0.000358848046744,0.000657230906654,0.000244476890657,0.00345241022296],[-0.00055520638125,0.00235263793729,-0.000832169142086,0.00246090278961,-0.00153465080075,-0.000283176021185,-0.00400997232646,0.0177272353321,-0.00653683999553,0.00285020750016,-0.00247012358159,0.00140986673068,-0.00132308329921],[0.000800931593403,-0.00391278089955,0.00244013941847,-0.00463025132194,0.00257544615306,-0.00249978643842,0.00454366300255,-0.00653683999553,0.0194871872663,-0.00831986404955,0.0011949876789,0.000747422571294,-0.000150997788296],[-0.000741588766687,0.00493377447128,-0.00361002399586,0.00369827193208,-0.00306169549003,0.00225450913422,-0.000358848046744,0.00285020750016,-0.00831986404955,0.0229189060628,-0.00936577282846,0.00455249520019,-0.00341545022093],[0.000866881862748,-0.00521847885102,0.00612823665142,-0.00445737084374,0.00423575565219,-0.00441386457533,0.000657230906654,-0.00247012358159,0.0011949876789,-0.00936577282846,0.0291230306029,-0.0129328537732,0.00319218076766],[-0.000432307191659,0.00327291316353,-0.00467436015606,0.00530719012022,-0.00169753993396,0.00271680322476,0.000244476890657,0.00140986673068,0.000747422571294,0.00455249520019,-0.0129328537732,0.0274962112308,-0.00929268635809],[0.000533436483238,-0.00228463322856,0.00416684057564,-0.00388192152604,0.00198720255867,-0.00176453159656,0.00345241022296,-0.00132308329921,-0.000150997788296,-0.00341545022093,0.00319218076766,-0.00929268635809,0.0252363234758]],"mean":[25.7238998413,86.6629562378,-149.188690186,47.357460022,-65.8282546997,16.0623416901,-35.382938385,7.96604919434,-20.183927536,-0.620936572552,-13.9166631699,-5.05861568451,-10.6621837616]},"hfc":{"dmean":7.14506340027,"dmean2":10.7203197479,"dvar":100.906822205,"dvar2":223.895782471,"max":167.432525635,"mean":29.3092269897,"median":26.5492362976,"min":1.19441942307e-16,"var":334.30078125},"melbands":{"dmean":[0.000230796751566,0.000937560456805,0.000634255178738,0.000409297441365,0.00015699279902,0.000185128199519,0.000167438032804,0.000120902797789,0.000112657609861,0.000127617866383,0.000122147670481,0.0000949260574998,0.0000732961707399,0.0000775387961767,0.0000607516340096,0.0000576068814553,0.0000629693895462,0.0000459131551906,0.0000327117704728,0.0000308640264848,0.0000352863535227,0.0000293864341074,0.0000196947912627,0.00001375435113,0.0000147315877257,0.0000109211414383,0.0000102908643385,0.00000846743751026,0.00000630414706393,0.00000437516655438,0.0000039033725443,0.00000351971539203,0.00000341566192219,0.00000324258439832,0.00000244630314228,0.00000188686078673,0.0000011226670722,6.90072795351e-7,5.73124282255e-7,4.45200697641e-7],"dmean2":[0.000385751976864,0.0016261425335,0.00107713078614,0.000700403819792,0.000248261349043,0.000300218292978,0.000283360219328,0.000197632733034,0.000185639510164,0.000210447309655,0.000197247689357,0.000155606147018,0.000119582677144,0.000123200239614,0.0000980723489192,0.0000945637002587,0.000103129204945,0.0000755210930947,0.0000524256938661,0.00005005543062,0.0000585281304666,0.0000488214718644,0.0000327344241668,0.0000225646163017,0.0000247506141022,0.0000180224578799,0.000016773779862,0.0000138087943924,0.0000101969053503,0.00000696333972883,0.00000616920942775,0.00000535685785508,0.00000516243835591,0.000004879827884,0.00000366443077837,0.00000282862947643,0.00000170167902525,0.00000103661636786,8.56308076891e-7,6.6771423235e-7],"dvar":[9.14237432426e-8,0.00000127348221213,6.96330289429e-7,7.5261573329e-7,7.60469021088e-8,1.25952695385e-7,8.13013585343e-8,3.22772848449e-8,6.04699792461e-8,7.46650954397e-8,7.21860473618e-8,3.90341448053e-8,2.72987197292e-8,2.80452461254e-8,1.4446822405e-8,1.06593116556e-8,1.42708591611e-8,8.27467072639e-9,6.23964391266e-9,3.45933726109e-9,3.03587599504e-9,2.36509767326e-9,1.38281819329e-9,8.29093682597e-10,5.08913966524e-10,2.55987203657e-10,2.91762392024e-10,1.9696089204e-10,1.27849689169e-10,8.78323733189e-11,4.75565177516e-11,5.18898257695e-11,8.617815489e-11,9.23946474884e-11,5.54214937831e-11,5.30482359429e-11,2.29432618737e-11,6.95158167141e-12,3.95055906391e-12,1.75402151571e-12],"dvar2":[2.44711600317e-7,0.00000340919609698,0.00000182450946795,0.0000019166468519,1.74305725409e-7,3.12005710157e-7,2.18790120243e-7,8.29606392472e-8,1.59927239451e-7,1.94681803123e-7,1.82810552474e-7,1.05387954363e-7,7.10179151042e-8,6.79419116523e-8,3.60675826983e-8,2.75121454507e-8,3.69298049918e-8,2.09667092577e-8,1.53158445926e-8,8.59113757912e-9,7.5918649145e-9,6.34387875564e-9,3.45431661053e-9,2.05026196021e-9,1.39253308884e-9,6.43949393808e-10,7.09127478959e-10,4.66358729412e-10,3.12524978119e-10,2.22092289004e-10,1.18586043762e-10,1.22513665879e-10,2.10267636636e-10,2.12246747955e-10,1.20527143821e-10,1.16129619809e-10,5.55702879546e-11,1.73667278475e-11,9.86987835211e-12,4.17164913724e-12],"max":[0.00601727701724,0.0127240158617,0.00949655752629,0.0159329604357,0.00735990935937,0.00651911506429,0.00716348364949,0.00520931975916,0.00822076108307,0.00461733806878,0.0054558920674,0.00324352271855,0.00407406780869,0.00286578806117,0.00241620582528,0.00192564039025,0.00330538768321,0.002103819279,0.00151806510985,0.00144157127943,0.00149910256732,0.00166572548915,0.00180148507934,0.000979401636869,0.000379429373425,0.00027843384305,0.000342825311236,0.0004005896335,0.000324751075823,0.000443873082986,0.000140103511512,0.000168249956914,0.000237498432398,0.000282236578641,0.000197599380044,0.000159680799698,0.00012444028107,0.0000973390342551,0.0000807224932942,0.0000396327122871],"mean":[0.000320755294524,0.00106747297104,0.000715209229384,0.000429391075158,0.000249206466833,0.000298553757602,0.000253738777246,0.000201787712285,0.000177129797521,0.000194455817109,0.000199636619072,0.000158413327881,0.000124553989735,0.000138554532896,0.000113328642328,0.000101815821836,0.000104855767859,0.0000747706872062,0.0000531313889951,0.0000557141247555,0.0000698913354427,0.000062121762312,0.0000420730793849,0.0000298679533444,0.0000324852517224,0.0000246623185376,0.0000207415669138,0.0000171243209479,0.0000126534514493,0.0000083827162598,0.00000739688175599,0.00000607318088441,0.00000536323068445,0.00000517190392202,0.0000038181265154,0.0000026673112643,0.00000160785828029,0.00000103146601305,8.59461295022e-7,6.80007133269e-7],"median":[0.000196788576432,0.000633060117252,0.000423456949648,0.000182162766578,0.000144532095874,0.000160304683959,0.000168531725649,0.000135518363095,0.000109449640149,0.0000973641726887,0.0000791735510575,0.0000646207263344,0.0000549537799088,0.0000451118685305,0.0000395689567085,0.0000495149724884,0.0000573002835154,0.0000410188440583,0.0000251851670328,0.0000333890566253,0.0000504617128172,0.0000490570419061,0.0000302399275824,0.0000153547152877,0.0000207200173463,0.0000157000868057,0.0000127050079755,0.000010853560525,0.00000770587212173,0.00000536815423402,0.00000472003239338,0.00000356186774297,0.00000244684906647,0.00000244738885158,0.00000168939686773,9.00448981156e-7,5.83731775805e-7,3.88066098367e-7,3.37181688792e-7,2.88723157382e-7],"min":[1.59182774783e-23,6.89657702085e-24,5.29188523935e-24,4.33372965627e-24,2.15609332691e-23,1.4009186756e-23,7.69666420561e-24,7.17834709214e-24,9.06996848968e-24,7.62604932168e-24,5.46925193642e-24,2.79559623871e-24,5.84076834631e-24,1.13692400709e-23,7.6920880235e-24,9.88810086765e-24,2.12928704449e-23,1.58876081441e-23,1.46036644456e-23,1.03428436808e-23,9.4598203936e-24,1.57156001791e-23,2.61145539584e-23,1.39818495702e-23,6.60092023661e-24,6.12375957429e-24,1.15564257196e-23,4.94604940736e-24,7.73759425368e-24,1.01372278747e-23,8.36385436026e-24,8.5213622729e-24,9.24248369219e-24,7.83163199561e-24,1.62426491939e-23,1.04949755063e-23,8.34941110594e-24,9.95376564941e-24,1.17877867902e-23,9.59823077259e-24],"var":[1.55546274527e-7,0.00000155325835749,7.15431099252e-7,6.67377321406e-7,1.4332007936e-7,2.0029533232e-7,9.68312861005e-8,5.40306857033e-8,7.24741440195e-8,1.06094262264e-7,1.42441322737e-7,7.58617417773e-8,4.60019826676e-8,6.49631033411e-8,3.85855720708e-8,2.31330190559e-8,2.17316173945e-8,1.27112613768e-8,9.17202491735e-9,5.87741100233e-9,6.66279831307e-9,5.24560306303e-9,2.45885334316e-9,2.06402961389e-9,1.26856603e-9,7.11164460654e-10,5.75384628831e-10,3.90168342079e-10,2.43886383311e-10,1.13790254996e-10,7.47314710114e-11,7.35728422629e-11,1.03790323558e-10,1.17300946734e-10,8.03121319448e-11,7.32718954954e-11,2.53994533739e-11,7.18013148937e-12,4.19851393235e-12,2.20290907911e-12]},"melbands_crest":{"dmean":3.64934372902,"dmean2":6.10604190826,"dvar":9.68557071686,"dvar2":25.4763050079,"max":29.2159786224,"mean":10.6101484299,"median":9.55358695984,"min":2.45937538147,"var":22.0140666962},"melbands_flatness_db":{"dmean":0.023008864373,"dmean2":0.0366315618157,"dvar":0.000459024682641,"dvar2":0.00113108940423,"max":0.437891691923,"mean":0.12750133872,"median":0.123454533517,"min":0.00739603536204,"var":0.0014052571496},"melbands_kurtosis":{"dmean":3.94807362556,"dmean2":6.4305229187,"dvar":59.7066764832,"dvar2":152.884674072,"max":134.093063354,"mean":5.18685865402,"median":1.53347539902,"min":-1.82362401485,"var":110.425437927},"melbands_skewness":{"dmean":0.644050300121,"dmean2":1.02164375782,"dvar":0.480404943228,"dvar2":1.16773152351,"max":10.7774600983,"mean":1.70406067371,"median":1.33184862137,"min":-1.84838402271,"var":1.87563216686},"melbands_spread":{"dmean":10.8087100983,"dmean2":17.0957641602,"dvar":148.458953857,"dvar2":339.718994141,"max":193.673858643,"mean":41.5608291626,"median":40.0164871216,"min":2.96209311485,"var":359.070770264},"mfcc":{"cov":[[2627.36108398,201.287155151,-414.32244873,-77.2936553955,48.7327194214,-61.5351638794,-11.1240339279,-29.6026096344,-20.4148807526,4.78366994858,-24.3840465546,-1.57882273197,9.19803905487],[201.287155151,557.68157959,-369.755462646,32.0492591858,18.6424293518,-39.0039710999,28.1498527527,39.5968437195,-8.14197349548,-13.5523490906,12.8653097153,23.1935214996,19.3117008209],[-414.32244873,-369.755462646,852.883911133,34.9330291748,-11.5025634766,110.062698364,-47.6699752808,-4.64363622665,3.24288702011,18.8556976318,-3.61474347115,-39.8147125244,-12.337723732],[-77.2936553955,32.0492591858,34.9330291748,280.178466797,58.2270088196,13.9388713837,-30.3367729187,-14.3118772507,15.8534221649,8.6684923172,4.74136400223,-5.47725820541,-6.17598485947],[48.7327194214,18.6424293518,-11.5025634766,58.2270088196,154.471603394,22.754743576,-35.2414894104,-16.868555069,14.3018026352,11.518819809,2.75471806526,-0.68004745245,9.36175918579],[-61.5351638794,-39.0039710999,110.062698364,13.9388713837,22.754743576,111.617874146,30.093875885,10.4694128036,5.71220684052,16.8291339874,3.69496893883,-5.54638528824,-6.69963788986],[-11.1240339279,28.1498527527,-47.6699752808,-30.3367729187,-35.2414894104,30.093875885,131.290359497,51.8648796082,3.55753397942,2.70235919952,4.5054192543,3.33857727051,-9.33687782288],[-29.6026096344,39.5968437195,-4.64363622665,-14.3118772507,-16.868555069,10.4694128036,51.8648796082,96.3811721802,8.11115169525,6.1307349205,2.61886715889,4.86801338196,-1.40797615051],[-20.4148807526,-8.14197349548,3.24288702011,15.8534221649,14.3018026352,5.71220684052,3.55753397942,8.11115169525,60.9281616211,23.7959003448,3.15248227119,-2.13396716118,-2.18107271194],[4.78366994858,-13.5523490906,18.8556976318,8.6684923172,11.518819809,16.8291339874,2.70235919952,6.1307349205,23.7959003448,75.2512359619,22.1160068512,0.427849888802,-4.67064905167],[-24.3840465546,12.8653097153,-3.61474347115,4.74136400223,2.75471806526,3.69496893883,4.5054192543,2.61886715889,3.15248227119,22.1160068512,54.2184410095,12.90533638,-0.781691491604],[-1.57882273197,23.1935214996,-39.8147125244,-5.47725820541,-0.68004745245,-5.54638528824,3.33857727051,4.86801338196,-2.13396716118,0.427849888802,12.90533638,46.1544189453,16.7987289429],[9.19803905487,19.3117008209,-12.337723732,-6.17598485947,9.36175918579,-6.69963788986,-9.33687782288,-1.40797615051,-2.18107271194,-4.67064905167,-0.781691491604,16.7987289429,49.9883956909]],"icov":[[0.00042782901437,-0.0000559430663998,0.000183662414202,0.000135981172207,-0.000157056187163,0.0000547046402062,0.0000319636055792,0.000117197567306,0.000187632467714,-0.000231953148614,0.000249506207183,0.000151396874571,-0.00000942484984989],[-0.0000559430663998,0.00277990382165,0.00121210759971,-0.000542598136235,-0.000106339481135,-0.000199738176889,0.000205593416467,-0.00136172981001,0.00048578978749,0.000443979544798,-0.000766200129874,0.000233332408243,-0.000866046408191],[0.000183662414202,0.00121210759971,0.0021848899778,-0.000279295578366,0.000589396513533,-0.00197943183593,0.00137809570879,-0.000894768687431,0.000296646379866,0.000035638713598,-0.000360297795851,0.00133966514841,-0.000580342020839],[0.000135981172207,-0.000542598136235,-0.000279295578366,0.00414458662271,-0.00133137998637,-0.000184848773642,0.000595729099587,0.000413944537286,-0.0008219180163,0.0000370474299416,-0.000151128639118,0.000069808716944,0.000916993187275],[-0.000157056187163,-0.000106339481135,0.000589396513533,-0.00133137998637,0.00843207910657,-0.00294369249605,0.00266008847393,0.000293464778224,-0.00156547303777,-0.000278096587863,-0.000312708376441,0.000587135669775,-0.00171407975722],[0.0000547046402062,-0.000199738176889,-0.00197943183593,-0.000184848773642,-0.00294369249605,0.0130082033575,-0.00466142781079,0.000652640417684,0.000641997961793,-0.00215569930151,0.000492762716021,-0.000262225948973,0.000920551596209],[0.0000319636055792,0.000205593416467,0.00137809570879,0.000595729099587,0.00266008847393,-0.00466142781079,0.0123054329306,-0.00552989449352,-0.000569583091419,0.000776610220782,-0.000838799402118,0.0000309545939672,0.00137236015871],[0.000117197567306,-0.00136172981001,-0.000894768687431,0.000413944537286,0.000293464778224,0.000652640417684,-0.00552989449352,0.014188692905,-0.00162070384249,-0.00093450746499,0.000792513601482,-0.00135158095509,0.0000426429141953],[0.000187632467714,0.00048578978749,0.000296646379866,-0.0008219180163,-0.00156547303777,0.000641997961793,-0.000569583091419,-0.00162070384249,0.0197165068239,-0.00632890081033,0.00148283771705,0.000734553672373,0.000021921516236],[-0.000231953148614,0.000443979544798,0.000035638713598,0.0000370474299416,-0.000278096587863,-0.00215569930151,0.000776610220782,-0.00093450746499,-0.00632890081033,0.0181316938251,-0.00729537382722,0.000880657928064,0.000774394953623],[0.000249506207183,-0.000766200129874,-0.000360297795851,-0.000151128639118,-0.000312708376441,0.000492762716021,-0.000838799402118,0.000792513601482,0.00148283771705,-0.00729537382722,0.0233597960323,-0.00712747918442,0.00227630278096],[0.000151396874571,0.000233332408243,0.00133966514841,0.000069808716944,0.000587135669775,-0.000262225948973,0.0000309545939672,-0.00135158095509,0.000734553672373,0.000880657928064,-0.00712747918442,0.028298702091,-0.00946309324354],[-0.00000942484984989,-0.000866046408191,-0.000580342020839,0.000916993187275,-0.00171407975722,0.000920551596209,0.00137236015871,0.0000426429141953,0.000021921516236,0.000774394953623,0.00227630278096,-0.00946309324354,0.024301931262]],"mean":[-598.346618652,100.643852234,-19.2355213165,25.5903110504,-4.42283964157,6.71431303024,-2.72718834877,4.84902954102,-0.754239678383,2.04234647751,0.210767686367,0.117890268564,0.670393228531]},"pitch_salience":{"dmean":0.0687537193298,"dmean2":0.114139556885,"dvar":0.00350785837509,"dvar2":0.00945426430553,"max":0.916775941849,"mean":0.650826990604,"median":0.670252382755,"min":0.159455180168,"var":0.00870168581605},"silence_rate_20dB":{"dmean":0,"dmean2":0,"dvar":0,"dvar2":0,"max":1,"mean":1,"median":1,"min":1,"var":0},"silence_rate_30dB":{"dmean":0,"dmean2":0,"dvar":0,"dvar2":0,"max":1,"mean":1,"median":1,"min":1,"var":0},"silence_rate_60dB":{"dmean":0.00876328162849,"dmean2":0.0175284836441,"dvar":0.00868600048125,"dvar2":0.0226969029754,"max":1,"mean":0.0181818176061,"median":0,"min":0,"var":0.0178525112569},"spectral_centroid":{"dmean":285.683746338,"dmean2":449.88571167,"dvar":99208.6953125,"dvar2":208703.921875,"max":11053.9287109,"mean":2002.65917969,"median":1979.26062012,"min":307.410308838,"var":278910.65625},"spectral_complexity":{"dmean":4.12268590927,"dmean2":6.43580198288,"dvar":12.5263252258,"dvar2":27.6267967224,"max":60,"mean":32.0013160706,"median":33,"min":0,"var":160.312530518},"spectral_contrast_coeffs":{"dmean":[0.0586169213057,0.0472183562815,0.0373819544911,0.0293002352118,0.0203422289342,0.0185477510095],"dmean2":[0.0971838161349,0.0784070715308,0.0624381005764,0.0482144840062,0.0337578579783,0.029184890911],"dvar":[0.00206892052665,0.00141179619823,0.000896526034921,0.000548992247786,0.000264229922323,0.000248191208811],"dvar2":[0.00557651743293,0.00384059152566,0.00236360752024,0.00142305134796,0.00068914401345,0.000560897984542],"max":[-0.381156533957,-0.422933548689,-0.548461675644,-0.604239583015,-0.629331350327,-0.572234988213],"mean":[-0.64812964201,-0.763650357723,-0.790383934975,-0.795642077923,-0.793171286583,-0.722378790379],"median":[-0.650078952312,-0.768878638744,-0.797176361084,-0.79899096489,-0.793992996216,-0.726752758026],"min":[-0.956612169743,-0.96867954731,-0.96405518055,-0.968118429184,-0.966669678688,-0.95439183712],"var":[0.00393350003287,0.00346312299371,0.00279558449984,0.00184346118476,0.000898747064639,0.00130469410215]},"spectral_contrast_valleys":{"dmean":[0.463580816984,0.370185524225,0.304187506437,0.242178320885,0.191228672862,0.259066909552],"dmean2":[0.766717851162,0.607152700424,0.487895190716,0.388065040112,0.303445607424,0.332196444273],"dvar":[0.145901754498,0.114021614194,0.0785914883018,0.055257730186,0.0464639849961,0.0772050619125],"dvar2":[0.365736812353,0.255339026451,0.160904943943,0.107073821127,0.0808190256357,0.114287890494],"max":[-5.72701120377,-4.89102554321,-5.14212751389,-5.53732967377,-5.2615404129,-7.44241428375],"mean":[-7.39971923828,-6.37834358215,-6.73423957825,-6.92254209518,-6.68112611771,-9.74871826172],"median":[-7.34430789948,-6.28942012787,-6.71700048447,-6.81765794754,-6.61879730225,-9.737408638],"min":[-27.4614124298,-27.8004398346,-27.1960678101,-26.9782543182,-27.1044769287,-27.3664245605],"var":[0.520380437374,0.454539775848,0.490112066269,0.514369130135,0.417776048183,0.530582368374]},"spectral_decrease":{"dmean":1.77531889189e-9,"dmean2":2.86218648782e-9,"dvar":3.66695824349e-18,"dvar2":9.09531074744e-18,"max":2.31160764725e-29,"mean":-5.44055600571e-9,"median":-5.11198550157e-9,"min":-2.21983089688e-8,"var":8.08200953398e-18},"spectral_energy":{"dmean":0.00714198080823,"dmean2":0.011430805549,"dvar":0.0000571888704144,"dvar2":0.000140553893289,"max":0.0883014425635,"mean":0.0231923405081,"median":0.022066693753,"min":1.07464914114e-20,"var":0.000140571326483},"spectral_energyband_high":{"dmean":0.000597720150836,"dmean2":0.000857386505231,"dvar":0.00000158309887865,"dvar2":0.00000339634402735,"max":0.0233945734799,"mean":0.0013783229515,"median":0.000933854025789,"min":7.86716213301e-21,"var":0.00000283700114778},"spectral_energyband_low":{"dmean":0.00362390442751,"dmean2":0.00620748288929,"dvar":0.0000173786065716,"dvar2":0.0000463907163066,"max":0.0469328686595,"mean":0.00464451545849,"median":0.00306672253646,"min":7.29674312333e-23,"var":0.0000221245118155},"spectral_energyband_middle_high":{"dmean":0.00239694397897,"dmean2":0.00377805717289,"dvar":0.00000987360090221,"dvar2":0.0000248112228292,"max":0.0554446354508,"mean":0.00962360017002,"median":0.00759184965864,"min":1.78236096255e-21,"var":0.0000614019591012},"spectral_energyband_middle_low":{"dmean":0.00411824695766,"dmean2":0.00669162347913,"dvar":0.0000312589945679,"dvar2":0.0000780899063102,"max":0.0737746804953,"mean":0.00838815793395,"median":0.00674253702164,"min":2.87462908103e-22,"var":0.0000407390325563},"spectral_entropy":{"dmean":0.0931323692203,"dmean2":0.137472599745,"dvar":0.00815133843571,"dvar2":0.0172504000366,"max":9.79359436035,"mean":7.91857385635,"median":7.8853058815,"min":6.22893095016,"var":0.034993570298},"spectral_flux":{"dmean":0.0200325548649,"dmean2":0.0314339362085,"dvar":0.000380597310141,"dvar2":0.000819027656689,"max":0.252429336309,"mean":0.0947556644678,"median":0.092554166913,"min":1.0366528469e-10,"var":0.00100889289752},"spectral_kurtosis":{"dmean":1.09372091293,"dmean2":1.86536037922,"dvar":1.81806182861,"dvar2":5.1654624939,"max":68.275177002,"mean":3.00670576096,"median":2.8248269558,"min":-1.2307561636,"var":3.44988775253},"spectral_rms":{"dmean":0.00073569570668,"dmean2":0.0011508037569,"dvar":5.08168454871e-7,"dvar2":0.00000120904314826,"max":0.00928158126771,"mean":0.00457605673,"median":0.00463987933472,"min":3.23795959663e-12,"var":0.00000168643146026},"spectral_rolloff":{"dmean":624.68170166,"dmean2":1023.95532227,"dvar":865940.125,"dvar2":1848794.25,"max":18949.21875,"mean":2484.11743164,"median":2390.18554688,"min":107.666015625,"var":1645005.25},"spectral_skewness":{"dmean":0.161127209663,"dmean2":0.263723224401,"dvar":0.0231152568012,"dvar2":0.0608154200017,"max":6.8498749733,"mean":1.09911990166,"median":1.11915719509,"min":0.0111246304587,"var":0.0924928188324},"spectral_spread":{"dmean":390659.59375,"dmean2":545237.9375,"dvar":286958813184,"dvar2":403248578560,"max":40782568,"mean":4017420,"median":3740641.5,"min":1998024.25,"var":1547250171900},"spectral_strongpeak":{"dmean":0.735331177711,"dmean2":1.27916812897,"dvar":1.15387630463,"dvar2":3.11003041267,"max":13.2826938629,"mean":0.952308475971,"median":0.428236752748,"min":4.35928210196e-10,"var":1.53695166111},"zerocrossingrate":{"dmean":0.0106535060331,"dmean2":0.0130816902965,"dvar":0.000153326327563,"dvar2":0.00020412147569,"max":0.49072265625,"mean":0.0854736566544,"median":0.08056640625,"min":0.01123046875,"var":0.000735937966965}},"metadata":{"audio_properties":{"analysis_sample_rate":44100,"bit_rate":187441,"codec":"mp3","downmix":"mix","equal_loudness":0,"length":211.957550049,"lossless":false,"md5_encoded":"54e2307925f967abaf4425f0d92efd54","replay_gain":-14.020608902,"sample_rate":44100},"tags":{"acoustid_id":["f1339deb-1f28-4895-8edf-918a699ebd56"],"album":["Orgasmatron"],"albumartist":["Motörhead"],"albumartistsort":["Motörhead"],"artist":["Motörhead"],"artistsort":["Motörhead"],"asin":["B000EHQ8EQ"],"barcode":["060768641822"],"date":["2006-03-28"],"discnumber":["1/2"],"file_name":"04 - Claw.mp3","label":["Sanctuary Records"],"media":["CD"],"musicbrainz album release country":["US"],"musicbrainz album status":["official"],"musicbrainz album type":["album"],"musicbrainz_albumartistid":["57961a97-3796-4bf7-9f02-a985a8979ae9"],"musicbrainz_albumid":["432b8131-8ccc-3665-a692-4a0ca3ca07c5"],"musicbrainz_artistid":["57961a97-3796-4bf7-9f02-a985a8979ae9"],"musicbrainz_recordingid":["c7279179-23e5-4ac0-bf9b-68b781a0c0a4"],"musicbrainz_releasegroupid":["b864ee7c-5664-3fa0-a04d-9056d89efaa4"],"originaldate":["1986"],"script":["Latn"],"title":["Claw"],"tracknumber":["4/9"]},"version":{"essentia":"2.1-beta2","essentia_build_sha":"70f2e5ece6736b2c40cc944ad0e695b16b925413","essentia_git_sha":"v2.1_beta2","extractor":"music 1.0"}},"rhythm":{"beats_count":480,"beats_loudness":{"dmean":0.00903337541968,"dmean2":0.0154408132657,"dvar":0.0000571774507989,"dvar2":0.000149258674355,"max":0.0682092010975,"mean":0.0280748251826,"median":0.0269579514861,"min":0.0000121538432722,"var":0.000114940587082},"beats_loudness_band_ratio":{"dmean":[0.110735781491,0.0895178467035,0.0846157222986,0.104706421494,0.0659505054355,0.0523554906249],"dmean2":[0.188457489014,0.149236887693,0.144238561392,0.177022859454,0.112070970237,0.0888821855187],"dvar":[0.00857434421778,0.00606035999954,0.0058418973349,0.0