{"lowlevel":{"average_loudness":0.922065019608,"barkbands":{"dmean":[0.00534276664257,0.0144571568817,0.00482725445181,0.00216087582521,0.00192495784722,0.00212701759301,0.00111959164497,0.000680581317283,0.000661357771605,0.000599490012974,0.00052633730229,0.000849503267091,0.000572716235183,0.000699421041645,0.000671992951538,0.000503016926814,0.000311796495225,0.000169404273038,0.0000910793678486,0.0000614473683527,0.0000532692138222,0.0000588922412135,0.0000552021774638,0.0000273933474091,0.00000476971536045,0.000178063011845,0.000694228045177],"dmean2":[0.00920603051782,0.0248032491654,0.00825191661716,0.00369185698219,0.0032118097879,0.00339438719675,0.00181067350786,0.00109758775216,0.00108064233791,0.000986292841844,0.000870700867381,0.00138587504625,0.000937383214477,0.0011422384996,0.00109513557982,0.000822898990009,0.000498006527778,0.000269938900601,0.000141104348586,0.0000930821697693,0.0000796035383246,0.0000901723906281,0.0000851157383295,0.0000407088809879,0.00000780348818807,0.000255802005995,0.00101273704786],"dvar":[0.000135442838655,0.000563791021705,0.0000496149332321,0.0000111294057206,0.00000812688449514,0.0000324027278111,0.00000656030715618,0.00000341835971085,0.00000172129637122,0.00000111885697152,0.00000101002569863,0.00000244387456405,8.41684823172e-7,0.00000105477204215,7.35203627755e-7,4.10953390428e-7,2.16282657561e-7,6.19088922349e-8,2.62593999878e-8,1.56942228102e-8,1.08493738438e-8,8.87244500092e-9,8.85723938637e-9,2.82069412272e-9,5.3106827963e-11,1.67836347487e-7,5.55482699838e-7],"dvar2":[0.000352161587216,0.00156398338731,0.000134667367092,0.0000296037269436,0.0000210889356822,0.0000723037519492,0.0000158455459314,0.00000767844994698,0.00000420482274421,0.0000027508324365,0.0000025524288958,0.00000615930184722,0.00000210385996979,0.00000267368022833,0.00000188179933502,0.00000103538297935,5.39964275958e-7,1.47623055113e-7,5.63482878135e-8,3.32079146403e-8,2.14277768862e-8,1.96196392466e-8,1.95886027399e-8,6.17466922037e-9,1.30275720767e-10,3.42026510225e-7,0.00000112008888209],"max":[0.141356125474,0.268294721842,0.113899283111,0.0774483382702,0.087118126452,0.148339256644,0.0767245069146,0.0784033313394,0.0376847982407,0.0273650325835,0.027620093897,0.0509930960834,0.0207272097468,0.0218922607601,0.02466850169,0.0157062485814,0.0205121859908,0.00598183367401,0.00552943861112,0.00413515930995,0.00401538517326,0.00385576509871,0.00159232213628,0.00330291688442,0.000134442583658,0.0137566467747,0.0231860987842],"mean":[0.00447796983644,0.0178546234965,0.00589822698385,0.00264573469758,0.00307288044132,0.00291896262206,0.00160302384757,0.00097886135336,0.00105165014975,0.000904389016796,0.000789148383774,0.0014977264218,0.000962199119385,0.0012186387321,0.0013490752317,0.00104790111072,0.000627975037787,0.000312032439979,0.000163363714819,0.000128548694192,0.00012287843856,0.00014639699657,0.000129841821035,0.0000656029224047,0.0000062736144173,0.000356902659405,0.00255508627743],"median":[0.00106442696415,0.0107103399932,0.00352273182943,0.00146415550262,0.0018988319207,0.0011274155695,0.000687965890393,0.000366853812011,0.000501230824739,0.000492880411912,0.000455508910818,0.000858558982145,0.000550405879039,0.000814242637716,0.00102959061041,0.000806588097475,0.000464118551463,0.000214199870243,0.0000859088031575,0.0000752910418669,0.0000826882242109,0.000105426981463,0.0000859783540363,0.0000460126902908,0.00000364925449503,0.000188352001715,0.00229289452545],"min":[1.39986966809e-24,2.37868995562e-24,1.05079556209e-24,9.69454043392e-25,1.17681078661e-23,3.54011113093e-24,6.04771969391e-24,9.54025422922e-24,6.46546926931e-24,1.2291106869e-23,9.95044691158e-24,1.47795977824e-23,3.99305928549e-23,3.33211564704e-23,4.14080315116e-23,4.14124901535e-23,6.49963136413e-23,7.99982076936e-23,1.20979430746e-22,1.75140992289e-22,2.49329826328e-22,2.96840381673e-22,3.64012380002e-22,5.18325992889e-22,8.95838925801e-22,1.28953731549e-21,1.83578277451e-21],"var":[0.000110571279947,0.000528302160092,0.0000547682939214,0.0000144067980727,0.0000152563661686,0.0000485511045554,0.0000097979009297,0.00000635144942862,0.00000372633098777,0.00000209112795346,0.00000150662583565,0.00000560290482099,0.00000154272458985,0.00000187489524706,0.0000016954433022,9.37619120123e-7,4.01240981773e-7,1.09632324552e-7,6.52910827625e-8,3.91839698466e-8,3.01350127074e-8,2.44376803238e-8,2.12746424921e-8,5.9507372363e-9,6.60513796436e-11,3.11513133511e-7,0.00000261057630269]},"barkbands_crest":{"dmean":3.18106198311,"dmean2":5.29096460342,"dvar":7.49055671692,"dvar2":20.1836700439,"max":25.9380588531,"mean":9.4756526947,"median":8.78715896606,"min":2.43544769287,"var":15.9876422882},"barkbands_flatness_db":{"dmean":0.0233719665557,"dmean2":0.0372922196984,"dvar":0.000441970623797,"dvar2":0.00112623430323,"max":0.397536128759,"mean":0.106821283698,"median":0.099799066782,"min":0.028204601258,"var":0.00165997329168},"barkbands_kurtosis":{"dmean":3.33016824722,"dmean2":5.42788743973,"dvar":82.963180542,"dvar2":197.722579956,"max":447.373962402,"mean":4.26784133911,"median":1.77608585358,"min":-1.91580379009,"var":147.665023804},"barkbands_skewness":{"dmean":0.602518856525,"dmean2":0.958096146584,"dvar":0.44604703784,"dvar2":1.0924012661,"max":17.2064685822,"mean":1.77393376827,"median":1.56841099262,"min":-2.27095365524,"var":1.33863317966},"barkbands_spread":{"dmean":10.9440546036,"dmean2":17.1513214111,"dvar":97.5432434082,"dvar2":223.081787109,"max":120.357772827,"mean":46.5540390015,"median":45.7292022705,"min":0.703946888447,"var":346.754638672},"dissonance":{"dmean":0.0120449820533,"dmean2":0.0205158181489,"dvar":0.000141839496791,"dvar2":0.000393889058614,"max":0.500000059605,"mean":0.480643153191,"median":0.484687924385,"min":0.324752271175,"var":0.00024304780527},"dynamic_complexity":1.89293265343,"erbbands":{"dmean":[0.524546086788,3.05905175209,5.9212641716,6.08127737045,7.05774068832,6.57196760178,8.48136806488,21.4446144104,17.3841724396,15.1149644852,15.1796274185,15.0934305191,16.1667785645,18.6609992981,22.5950450897,34.5343856812,24.9256629944,31.1870498657,33.4408569336,33.9246139526,22.542263031,16.0937042236,9.87118816376,5.82620096207,3.95210433006,2.92146801949,2.51489067078,1.84933674335,2.06472539902,2.1417825222,1.498955369,0.783174157143,0.350887089968,0.0710592344403,0.0352415926754,0.263701587915,0.41931733489,0.211948499084,0.0515065826476,0.0139643736184],"dmean2":[0.91393250227,5.25043821335,10.0227546692,10.3942871094,11.8673067093,11.0394277573,13.7997484207,34.2992401123,27.9636669159,24.3369235992,24.4294128418,24.3994464874,26.4435749054,30.6970653534,37.2076911926,55.8790206909,40.246761322,50.7337417603,54.3358879089,55.5427589417,36.2547264099,25.4349498749,15.5407476425,9.22775173187,5.98138666153,4.41643190384,3.77238917351,2.76713824272,3.17048215866,3.31932902336,2.31516861916,1.17981612682,0.523521721363,0.111564040184,0.0556994751096,0.37490645051,0.59984266758,0.310361325741,0.0709935501218,0.0205738190562],"dvar":[1.05398154259,21.4564704895,68.7178115845,82.625579834,107.499336243,124.419593811,454.547790527,3735.6328125,2007.75402832,1458.75817871,1763.75024414,1037.95373535,935.83605957,1126.60083008,1632.54736328,4544.42724609,1692.73327637,2279.43164062,1970.36816406,1879.62609863,889.947998047,551.093933105,196.384017944,96.3815002441,57.5794792175,36.5462036133,28.210231781,11.3536844254,12.242764473,12.3664684296,6.74244689941,1.81675887108,0.568184912205,0.0112756164744,0.00306161073968,0.428072839975,0.962814033031,0.156927019358,0.00994828809053,0.000205128671951],"dvar2":[2.93519377708,59.5948295593,183.488677979,220.550979614,282.283294678,320.819519043,983.074401855,8440.08496094,4752.64453125,3375.09399414,4140.20703125,2448.15673828,2364.60620117,2695.45288086,4220.16943359,11142.6015625,4189.26123047,5779.82763672,4977.26708984,4877.484375,2161.97338867,1347.95397949,459.840454102,230.321563721,114.282341003,78.7913284302,56.4852218628,23.2385025024,27.1259593964,28.3800182343,15.1147985458,3.91407942772,1.25784194469,0.0255817770958,0.00699783721939,0.863669753075,1.93823707104,0.326909899712,0.0172101464123,0.000443525495939],"max":[10.3005371094,54.9413452148,110.309989929,175.08253479,213.437240601,451.353729248,1054.99951172,1774.17260742,1397.73828125,1078.67834473,1694.56298828,1170.73547363,934.802490234,985.042419434,1275.55041504,2240.77441406,1098.61767578,1243.4666748,1440.59814453,1166.80737305,668.430847168,887.504089355,296.845703125,272.399291992,289.817443848,213.230194092,245.017379761,129.530380249,205.770812988,81.2572021484,47.7497177124,37.5011863708,58.3226280212,1.92292821407,0.838063001633,11.4335746765,20.7338142395,11.3874750137,3.53542351723,0.402942895889],"mean":[0.543833434582,3.807762146,7.72043418884,7.94120693207,10.2292222977,9.60343456268,12.2954359055,28.3353614807,24.8157081604,22.7424869537,23.4513378143,24.3808765411,25.5337257385,29.7177524567,39.5819320679,62.4564666748,45.9406356812,56.8955497742,68.6053543091,71.7077865601,50.6742477417,34.9313468933,20.1159610748,10.0267457962,7.72846078873,6.16687297821,5.45987844467,4.5255241394,5.01415538788,5.05215835571,3.44546866417,1.86791193485,0.810824513435,0.1272931844,0.0499492026865,0.447432398796,0.814780056477,0.512998104095,0.141802296042,0.057817645371],"median":[0.251332104206,2.28368997574,4.72808074951,4.82550430298,6.05708646774,5.52514839172,5.76372909546,10.4307384491,10.8399620056,8.95827007294,9.74025249481,11.5638313293,13.1215009689,18.2862644196,25.504940033,35.0410614014,27.5508575439,37.9934310913,52.2886276245,56.2023658752,38.9211730957,26.5967178345,14.6373090744,5.70455932617,4.22223377228,3.60440945625,3.5359890461,3.26796579361,3.58945155144,3.44402360916,2.28373146057,1.30703544617,0.560102939606,0.0873578637838,0.0273526664823,0.196371406317,0.413362056017,0.339447498322,0.101125054061,0.0530225932598],"min":[1.14544559813e-22,5.17546724533e-22,3.05470994555e-21,4.89825541429e-21,1.39487967527e-20,3.46426697894e-20,4.55925022286e-20,4.01093061249e-20,1.00472885643e-19,1.04189705403e-19,2.45473239702e-19,1.94424447358e-19,4.96115427654e-19,6.57045897368e-19,9.60073795405e-19,1.22382726135e-18,1.84404263176e-18,2.40651531533e-18,2.40528302301e-18,3.0491058179e-18,2.95577647695e-18,4.00200444188e-18,5.20669084726e-18,5.15097278838e-18,6.96069094023e-18,9.07455430433e-18,8.99305798884e-18,9.47939055818e-18,1.14965664348e-17,8.85670388231e-18,9.66504214768e-18,8.84234485405e-18,8.48587302343e-18,7.06180715267e-18,6.53627987077e-18,4.19707430983e-18,2.19654275466e-18,9.1079885311e-19,2.44273052332e-19,2.60650168635e-20],"var":[0.830639004707,21.9697761536,82.1591873169,99.6118164062,179.495315552,205.910980225,768.27557373,5358.40869141,2910.82177734,2454.6496582,3301.75610352,2223.00439453,2080.40234375,1863.21655273,2664.31225586,10597.2080078,3353.96362305,4149.30810547,4286.84472656,4303.95654297,2167.47412109,1129.73120117,385.504394531,182.114349365,157.15057373,89.6254577637,73.7485656738,30.1990242004,31.3414211273,30.4696884155,15.4713468552,4.34659290314,1.06653773785,0.0202048849314,0.00440640747547,0.703459918499,1.75833499432,0.373767256737,0.0322262607515,0.00109164346941]},"erbbands_crest":{"dmean":2.01377153397,"dmean2":3.32796287537,"dvar":3.85477566719,"dvar2":9.5805273056,"max":30.7959861755,"mean":7.07429981232,"median":6.23935699463,"min":2.15087080002,"var":10.1162157059},"erbbands_flatness_db":{"dmean":0.0152562167495,"dmean2":0.0233209840953,"dvar":0.000205454780371,"dvar2":0.000460861017928,"max":0.35842320323,"mean":0.113155424595,"median":0.105426445603,"min":0.0245242193341,"var":0.00170091574546},"erbbands_kurtosis":{"dmean":0.726541697979,"dmean2":1.17502057552,"dvar":0.579008579254,"dvar2":1.45146870613,"max":16.1499633789,"mean":0.52776414156,"median":0.320967197418,"min":-1.7128276825,"var":1.59047007561},"erbbands_skewness":{"dmean":0.287014007568,"dmean2":0.458368211985,"dvar":0.0630156323314,"dvar2":0.151937589049,"max":3.11167120934,"mean":-0.213063389063,"median":-0.242443054914,"min":-2.42163872719,"var":0.285183906555},"erbbands_spread":{"dmean":6.84397935867,"dmean2":10.7588243484,"dvar":42.6619949341,"dvar2":96.2788925171,"max":131.607406616,"mean":34.3896903992,"median":31.961648941,"min":2.34048938751,"var":198.784835815},"gfcc":{"cov":[[14894.2744141,-208.054153442,-531.921020508,204.315368652,-294.150238037,189.074142456,-9.97299003601,-163.934692383,88.9276885986,62.6098327637,-221.5234375,216.547088623,-363.173095703],[-208.054153442,1010.99420166,-251.470397949,-285.520233154,274.245452881,-179.319702148,-21.1403331757,-34.2684173584,27.4702415466,-97.075958252,99.3531036377,-120.776985168,180.869903564],[-531.921020508,-251.470397949,371.7840271,217.869400024,-102.920890808,123.449813843,-5.40221118927,50.5642662048,-17.1653461456,59.8348350525,-42.1220245361,44.5220527649,-65.360458374],[204.315368652,-285.520233154,217.869400024,287.566101074,-27.5914783478,68.2438583374,61.1396713257,15.6617174149,-22.0134334564,40.8819541931,-29.9739589691,30.9775943756,-65.4011688232],[-294.150238037,274.245452881,-102.920890808,-27.5914783478,210.895278931,-47.295463562,32.5351257324,-13.1377973557,-8.52699565887,-46.9587936401,33.3142700195,-47.8984222412,63.1816711426],[189.074142456,-179.319702148,123.449813843,68.2438583374,-47.295463562,193.485519409,-4.54373693466,27.0501270294,16.6615982056,26.570854187,-30.9214401245,40.8031234741,-47.3160514832],[-9.97299003601,-21.1403331757,-5.40221118927,61.1396713257,32.5351257324,-4.54373693466,118.769126892,19.1426353455,15.1161499023,8.29809188843,0.545354008675,-9.03724384308,-10.1468896866],[-163.934692383,-34.2684173584,50.5642662048,15.6617174149,-13.1377973557,27.0501270294,19.1426353455,89.945274353,18.6789646149,19.7606697083,-2.89751338959,-8.42928123474,-3.46797990799],[88.9276885986,27.4702415466,-17.1653461456,-22.0134334564,-8.52699565887,16.6615982056,15.1161499023,18.6789646149,81.0473251343,24.1775417328,8.73101711273,11.7382240295,-7.03025245667],[62.6098327637,-97.075958252,59.8348350525,40.8819541931,-46.9587936401,26.570854187,8.29809188843,19.7606697083,24.1775417328,73.353553772,16.1540222168,23.6001472473,-25.5527648926],[-221.5234375,99.3531036377,-42.1220245361,-29.9739589691,33.3142700195,-30.9214401245,0.545354008675,-2.89751338959,8.73101711273,16.1540222168,68.1311798096,4.11092853546,35.2113380432],[216.547088623,-120.776985168,44.5220527649,30.9775943756,-47.8984222412,40.8031234741,-9.03724384308,-8.42928123474,11.7382240295,23.6001472473,4.11092853546,72.6855773926,-13.2934589386],[-363.173095703,180.869903564,-65.360458374,-65.4011688232,63.1816711426,-47.3160514832,-10.1468896866,-3.46797990799,-7.03025245667,-25.5527648926,35.2113380432,-13.2934589386,95.8193664551]],"icov":[[0.000227170603466,-0.000869456445798,0.00184199563228,-0.00162470305804,0.000920007296372,-0.000508158293087,0.000541912042536,-0.000480166461784,0.000581178814173,-0.000846599927172,0.00145971670281,-0.00138738541864,0.000920168415178],[-0.000869456445798,0.006962985266,-0.00937672983855,0.00946499314159,-0.00653888098896,0.00308405165561,-0.0023074131459,0.00352953677066,-0.00487945834175,0.00506026251242,-0.00809339713305,0.00854797940701,-0.00550517207012],[0.00184199563228,-0.00937672983855,0.02436905168,-0.0208227969706,0.0111378850415,-0.00692871585488,0.00756720732898,-0.00798418931663,0.00771153718233,-0.0103986905888,0.0151173630729,-0.0132777960971,0.00723342271522],[-0.00162470305804,0.00946499314159,-0.0208227969706,0.0244319699705,-0.011690963991,0.00528423674405,-0.00915519427508,0.0066247084178,-0.00375871639699,0.005931771826,-0.0117510249838,0.0103172650561,-0.0049077514559],[0.000920007296372,-0.00653888098896,0.0111378850415,-0.011690963991,0.0154427429661,-0.00441329786554,0.000842782435939,-0.00245351507328,0.00366385700181,-0.000396743387682,0.00369883724488,-0.00338399992324,0.00142040068749],[-0.000508158293087,0.00308405165561,-0.00692871585488,0.00528423674405,-0.00441329786554,0.00962675735354,-0.000696269038599,-0.0000290952812065,-0.00338995829225,0.00231035868637,-0.0015135158319,0.0000474133885291,-0.000347836932633],[0.000541912042536,-0.0023074131459,0.00756720732898,-0.00915519427508,0.000842782435939,-0.000696269038599,0.0139231821522,-0.00432229600847,-0.00101139547769,-0.00292063876987,0.00418634898961,-0.00258392049,0.00299086235464],[-0.000480166461784,0.00352953677066,-0.00798418931663,0.0066247084178,-0.00245351507328,-0.0000290952812065,-0.00432229600847,0.0171506535262,-0.00534511217847,-0.0000175381919689,-0.00391184631735,0.00933351460844,-0.00530483527109],[0.000581178814173,-0.00487945834175,0.00771153718233,-0.00375871639699,0.00366385700181,-0.00338995829225,-0.00101139547769,-0.00534511217847,0.0203677006066,-0.00930880941451,0.00598404137418,-0.00902913883328,0.00527788046747],[-0.000846599927172,0.00506026251242,-0.0103986905888,0.005931771826,-0.000396743387682,0.00231035868637,-0.00292063876987,-0.0000175381919689,-0.00930880941451,0.0315332077444,-0.0198447555304,0.00542940478772,0.00105940189678],[0.00145971670281,-0.00809339713305,0.0151173630729,-0.0117510249838,0.00369883724488,-0.0015135158319,0.00418634898961,-0.00391184631735,0.00598404137418,-0.0198447555304,0.0379615463316,-0.0154996886849,-0.00073692452861],[-0.00138738541864,0.00854797940701,-0.0132777960971,0.0103172650561,-0.00338399992324,0.0000474133885291,-0.00258392049,0.00933351460844,-0.00902913883328,0.00542940478772,-0.0154996886849,0.0330746881664,-0.010020040907],[0.000920168415178,-0.00550517207012,0.00723342271522,-0.0049077514559,0.00142040068749,-0.000347836932633,0.00299086235464,-0.00530483527109,0.00527788046747,0.00105940189678,-0.00073692452861,-0.010020040907,0.0244666561484]],"mean":[48.4073295593,69.6114654541,-81.5992202759,-5.5493812561,-0.536789894104,-4.48786354065,-9.18671035767,-18.366897583,6.0130610466,-7.44391059875,-10.2980079651,4.4438495636,-12.1298160553]},"hfc":{"dmean":57.745300293,"dmean2":91.3107681274,"dvar":3635.16845703,"dvar2":9133.45800781,"max":1334.50036621,"mean":242.81072998,"median":230.777572632,"min":1.08880275253e-16,"var":12376.5029297},"melbands":{"dmean":[0.00440839258954,0.00334334699437,0.00103375886101,0.000468213867862,0.000285417336272,0.000458863505628,0.000254856102401,0.000156406866154,0.000129544991069,0.0000923286497709,0.0000832140867715,0.00007832236588,0.0000743785567465,0.000102456106106,0.0000652460148558,0.0000588716829952,0.0000632186493021,0.0000601595347689,0.0000511783619004,0.0000426857222919,0.0000283468234556,0.000019090162823,0.0000132642462631,0.00000748500133341,0.00000482886343889,0.0000033389633245,0.00000255621557699,0.00000194525455299,0.00000169477505096,0.00000149084291934,0.00000110484711513,0.00000123910433558,0.00000132173533984,0.00000124106429666,9.87604948932e-7,6.78628282458e-7,4.49268753755e-7,2.90488230803e-7,1.51904217205e-7,3.61513130542e-8],"dmean2":[0.00756617076695,0.00564035912976,0.00175213301554,0.000782195071224,0.000464592711069,0.000731350213755,0.000409950182075,0.000251847610343,0.000209563062526,0.000149821498781,0.000136594302603,0.000129383348394,0.000122640965856,0.000167260164744,0.000105897925096,0.0000957007068791,0.000103410151496,0.0000986580707831,0.0000839120693854,0.0000705798811396,0.0000464081058453,0.0000306569054374,0.0000210955695366,0.0000120995728139,0.00000778177945904,0.00000515311285199,0.00000391201319871,0.00000301558952742,0.00000258341992776,0.00000229266379392,0.00000170655619058,0.00000193203231902,0.00000207849575418,0.0000019606980004,0.00000155451027695,0.00000105232493297,6.83338328145e-7,4.40848680228e-7,2.34860607407e-7,5.95758358202e-8],"dvar":[0.0000632628143649,0.0000207093271456,0.00000216303988054,4.80658570723e-7,3.94569042328e-7,0.00000160432659868,3.89824464264e-7,1.54019943466e-7,1.07641668023e-7,3.83444600516e-8,2.44955078443e-8,2.00695886576e-8,1.9422914832e-8,3.7417144938e-8,1.19892735739e-8,8.55363069263e-9,9.71820490747e-9,6.74737155038e-9,4.62431515302e-9,3.07839598257e-9,1.6091642463e-9,8.42541314494e-10,3.61477903166e-10,1.34870017932e-10,6.95680665852e-11,4.01133154471e-11,2.84318887878e-11,1.5509213705e-11,1.4195295113e-11,8.49459218244e-12,3.96439565203e-12,4.30657896497e-12,4.6974464249e-12,4.19282664144e-12,2.95023163885e-12,1.32905437957e-12,6.6195898589e-13,5.71717803308e-13,6.53355204682e-14,3.53205962741e-15],"dvar2":[0.00017406452389,0.000055826636526,0.00000576033744437,0.00000125166309317,8.81756648141e-7,0.00000361053480447,9.20176205454e-7,3.47260566969e-7,2.55687695017e-7,9.10261590548e-8,6.19685778247e-8,4.80468962394e-8,5.0086278236e-8,9.50991747573e-8,2.94910300624e-8,2.14133368814e-8,2.4850310254e-8,1.72428542555e-8,1.19510685792e-8,7.90680321217e-9,3.98987465289e-9,2.11071382594e-9,8.72083238956e-10,3.32857907903e-10,1.71650804681e-10,8.54182280463e-11,5.98557661768e-11,3.53187340485e-11,2.93769140958e-11,1.78656655442e-11,8.91036029682e-12,9.62103053476e-12,1.12266810431e-11,9.77852868123e-12,6.88074597299e-12,3.01206976028e-12,1.47973896591e-12,1.31133504663e-12,1.42270093276e-13,8.80371486432e-15],"max":[0.0830704942346,0.0549478195608,0.0290511902422,0.0229926276952,0.0281053520739,0.0349444635212,0.0183334257454,0.0143916700035,0.0119074471295,0.00707027688622,0.00451101409271,0.00440696533769,0.00419559748843,0.00751536292955,0.00301895965822,0.00207902258262,0.0027353533078,0.0023801792413,0.00202310807072,0.00141203252133,0.000910189119168,0.00132924783975,0.000538307533134,0.00025205523707,0.000215110572753,0.000287056085654,0.000204699725145,0.000121397031762,0.000193225278053,0.000136683695018,0.0000777477689553,0.000124432219309,0.0000630792710581,0.0000349254587491,0.0000365404375771,0.0000281945140159,0.0000412670124206,0.000069664689363,0.00000734803234081,0.00000103773868432],"mean":[0.00512982625514,0.00458143977448,0.00148757023271,0.000722287164535,0.000428302766522,0.000620916369371,0.000369402871002,0.000234504390392,0.000196813154616,0.000145868383697,0.000126472004922,0.000118985917652,0.000118389521958,0.000175924607902,0.000118236639537,0.0000977184390649,0.000107023166493,0.000111278932309,0.000101018129499,0.0000834789170767,0.000055408818298,0.0000375909294235,0.000025536850444,0.0000128820356622,0.00000751580955693,0.00000596996505919,0.00000483680560137,0.00000386932379115,0.00000334528090207,0.00000313085956805,0.00000246030072049,0.00000278039874502,0.00000293998027701,0.00000272630518339,0.00000209300560527,0.00000150073003624,0.0000010013661722,6.35944843452e-7,2.96100836294e-7,4.12859009202e-8],"median":[0.00281209731475,0.00300354673527,0.000964162056334,0.00044516363414,0.00021564605413,0.000233705126448,0.00016160463565,0.0000889617513167,0.0000819834094727,0.0000684889382683,0.0000633943564026,0.0000708809311618,0.0000721661053831,0.0000992813293124,0.0000692985631758,0.0000564348592889,0.00006876536645,0.0000808775657788,0.0000764034775784,0.000063968996983,0.0000404072052334,0.0000275969796348,0.0000184762611752,0.0000085522315203,0.00000394947983295,0.00000308251037495,0.00000256458702097,0.00000227532314057,0.00000204583534469,0.00000207961011256,0.00000175326545104,0.00000197151484826,0.00000198753741643,0.00000180886695489,0.00000134996196266,0.00000100984766505,6.91469381309e-7,4.28135251695e-7,1.94623709149e-7,2.06332249064e-8],"min":[1.779991663e-24,1.5720844132e-24,1.57502430058e-24,1.46788821357e-24,1.46051167385e-24,8.39442962287e-25,1.5474504565e-24,1.23245030982e-24,1.35864359997e-24,1.01138298658e-24,2.34992631208e-24,2.08423283161e-24,2.55184137444e-24,2.88120460744e-24,3.66534595508e-24,2.88189209972e-24,3.86298282754e-24,3.20085854041e-24,3.00743319911e-24,1.95158015115e-24,2.96589710865e-24,3.555162597e-24,3.74858852995e-24,4.16829171938e-24,3.66848996022e-24,3.92998748954e-24,3.69708853461e-24,4.63548472974e-24,4.71486306946e-24,5.54614457543e-24,5.43052793787e-24,5.47101306839e-24,5.21119541837e-24,4.01419996889e-24,4.65595054263e-24,5.62163146431e-24,4.93569679127e-24,5.75391554951e-24,5.95708352021e-24,5.69896625987e-24],"var":[0.0000549343894818,0.0000253678190347,0.00000287507668872,8.45908289193e-7,6.90289311933e-7,0.00000235270613302,5.80780977089e-7,2.73553780517e-7,2.07765566529e-7,7.8906467138e-8,5.24382315348e-8,3.27753184592e-8,2.90848110041e-8,8.6113537634e-8,2.53874041789e-8,1.56339616808e-8,1.65108140493e-8,1.29085204748e-8,9.92717730242e-9,6.27613250259e-9,3.30909766255e-9,1.50804846388e-9,7.06650460369e-10,2.08333947316e-10,1.20943116633e-10,9.98120544549e-11,6.65953958645e-11,3.48747905554e-11,3.33914562667e-11,2.0585338989e-11,9.01985777735e-12,1.08858677281e-11,1.06206449885e-11,9.43829910061e-12,6.09053779632e-12,2.96099841694e-12,1.37990595513e-12,8.77404702712e-13,1.29605256648e-13,3.83693261964e-15]},"melbands_crest":{"dmean":4.35814476013,"dmean2":7.24692153931,"dvar":13.6807489395,"dvar2":37.3660736084,"max":37.0551719666,"mean":15.5827732086,"median":15.215177536,"min":1.03674161434,"var":29.290813446},"melbands_flatness_db":{"dmean":0.0324221476912,"dmean2":0.0515662170947,"dvar":0.000766421610024,"dvar2":0.00193243823014,"max":0.545984685421,"mean":0.213641509414,"median":0.20912912488,"min":0.0000031711003885,"var":0.00334150204435},"melbands_kurtosis":{"dmean":8.0879240036,"dmean2":13.0606851578,"dvar":195.108322144,"dvar2":458.289733887,"max":345.491912842,"mean":12.3603725433,"median":6.49271297455,"min":-1.69919204712,"var":384.09677124},"melbands_skewness":{"dmean":0.916604101658,"dmean2":1.46348369122,"dvar":0.846781790257,"dvar2":2.071352005,"max":13.3381690979,"mean":2.78088855743,"median":2.44831895828,"min":-2.12129974365,"var":2.74339056015},"melbands_spread":{"dmean":7.38583469391,"dmean2":11.9021368027,"dvar":45.5238609314,"dvar2":114.916931152,"max":166.984375,"mean":23.000087738,"median":21.0339412689,"min":0.298355698586,"var":218.663070679},"mfcc":{"cov":[[6025.36474609,-244.85256958,139.190734863,130.922637939,-210.754379272,356.343444824,-179.049514771,207.076034546,-147.04800415,261.600219727,-69.6585540771,82.2685394287,-10.5756807327],[-244.85256958,1226.61499023,-418.67086792,-90.1453018188,172.289932251,-149.228179932,35.5361709595,-104.408340454,86.9741134644,-134.920288086,29.3871116638,-35.8689308167,11.4601211548],[139.190734863,-418.67086792,469.066223145,51.484500885,-29.6633148193,100.995429993,-29.268901825,58.7758789062,-23.103313446,70.7427978516,4.08610296249,26.8887329102,-3.86714172363],[130.922637939,-90.1453018188,51.484500885,249.591781616,-11.9161624908,24.4634609222,63.2647857666,8.76283931732,-3.85460710526,28.8554344177,1.02993929386,-9.27856254578,-7.98252058029],[-210.754379272,172.289932251,-29.6633148193,-11.9161624908,136.880554199,5.21362161636,24.839214325,-5.83872699738,19.4622516632,-35.557800293,4.47060108185,-11.8024225235,1.51626515388],[356.343444824,-149.228179932,100.995429993,24.4634609222,5.21362161636,150.875137329,-2.13244390488,52.3062858582,-18.5031509399,38.6006813049,-13.2266159058,19.2812538147,0.218269348145],[-179.049514771,35.5361709595,-29.268901825,63.2647857666,24.839214325,-2.13244390488,107.374984741,0.683303773403,21.1420307159,-6.70826482773,11.4505615234,-17.4115810394,1.04081344604],[207.076034546,-104.408340454,58.7758789062,8.76283931732,-5.83872699738,52.3062858582,0.683303773403,86.0529937744,12.762969017,35.8851661682,-4.11634159088,9.20241165161,-7.21985816956],[-147.04800415,86.9741134644,-23.103313446,-3.85460710526,19.4622516632,-18.5031509399,21.1420307159,12.762969017,71.1835403442,5.48047828674,16.0151538849,-2.48911452293,-1.92851817608],[261.600219727,-134.920288086,70.7427978516,28.8554344177,-35.557800293,38.6006813049,-6.70826482773,35.8851661682,5.48047828674,85.0040283203,16.9297275543,18.7452430725,1.3075940609],[-69.6585540771,29.3871116638,4.08610296249,1.02993929386,4.47060108185,-13.2266159058,11.4505615234,-4.11634159088,16.0151538849,16.9297275543,56.5039253235,15.5609445572,9.86059379578],[82.2685394287,-35.8689308167,26.8887329102,-9.27856254578,-11.8024225235,19.2812538147,-17.4115810394,9.20241165161,-2.48911452293,18.7452430725,15.5609445572,57.0791778564,17.1587638855],[-10.5756807327,11.4601211548,-3.86714172363,-7.98252058029,1.51626515388,0.218269348145,1.04081344604,-7.21985816956,-1.92851817608,1.3075940609,9.86059379578,17.1587638855,49.1946372986]],"icov":[[0.000271139200777,-0.0002027945593,0.0000846376278787,-0.000161499425303,0.0003380496928,-0.00046155002201,0.000371858361177,-0.000423903140472,0.000580730615184,-0.000700616976246,0.000237375992583,0.0000151121585077,-0.00000393586060454],[-0.0002027945593,0.00187149795238,0.00103178725112,0.000124566577142,-0.00174219766632,0.000566366768908,0.000233573271544,0.00117346015759,-0.00194057344925,0.00152977078687,-0.000886959081981,0.0000195785960386,-0.000105570215965],[0.0000846376278787,0.00103178725112,0.00353759806603,-0.000561647233553,-0.000805298273917,-0.00118873571046,0.0013227352174,-0.000366527121514,-0.000117152514576,-0.000699559692293,-0.000943857536186,-0.0000969455359154,0.000150108084199],[-0.000161499425303,0.000124566577142,-0.000561647233553,0.00546045554802,0.000184987991815,0.00010537810158,-0.00400057481602,0.00102713797241,0.000611157680396,-0.00164445291739,0.000686045153998,0.00019863799389,0.000868236471433],[0.0003380496928,-0.00174219766632,-0.000805298273917,0.000184987991815,0.0113041130826,-0.00326545443386,-0.00112665537745,-0.00119969178922,-0.000751540297642,0.00342438369989,-0.0012763250852,0.00142967770807,-0.000404233520385],[-0.00046155002201,0.000566366768908,-0.00118873571046,0.00010537810158,-0.00326545443386,0.0120519017801,-0.00179382844362,-0.0039594983682,0.00258547998965,-0.00216092402115,0.00316287530586,-0.00303007708862,-0.00022178432846],[0.000371858361177,0.000233573271544,0.0013227352174,-0.00400057481602,-0.00112665537745,-0.00179382844362,0.0145325092599,-0.00118252902757,-0.00278396997601,0.00144456105772,-0.00353826745413,0.00426967302337,-0.00188552658074],[-0.000423903140472,0.00117346015759,-0.000366527121514,0.00102713797241,-0.00119969178922,-0.0039594983682,-0.00118252902757,0.0195525567979,-0.0064946282655,-0.00379318255,0.0025890620891,-0.00122335052583,0.00247644633055],[0.000580730615184,-0.00194057344925,-0.000117152514576,0.000611157680396,-0.000751540297642,0.00258547998965,-0.00278396997601,-0.0064946282655,0.0214268695563,-0.00489350548014,-0.00236300984398,0.0000934356357902,0.001195397228],[-0.000700616976246,0.00152977078687,-0.000699559692293,-0.00164445291739,0.00342438369989,-0.00216092402115,0.00144456105772,-0.00379318255,-0.00489350548014,0.0238531976938,-0.00831459462643,-0.00117842864711,-0.000260266155237],[0.000237375992583,-0.000886959081981,-0.000943857536186,0.000686045153998,-0.0012763250852,0.00316287530586,-0.00353826745413,0.0025890620891,-0.00236300984398,-0.00831459462643,0.0256568342447,-0.00699888542295,-0.00179821928032],[0.0000151121585077,0.0000195785960386,-0.0000969455359154,0.00019863799389,0.00142967770807,-0.00303007708862,0.00426967302337,-0.00122335052583,0.0000934356357902,-0.00117842864711,-0.00699888542295,0.0249758157879,-0.00755075039342],[-0.00000393586060454,-0.000105570215965,0.000150108084199,0.000868236471433,-0.000404233520385,-0.00022178432846,-0.00188552658074,0.00247644633055,0.001195397228,-0.000260266155237,-0.00179821928032,-0.00755075039342,0.0239684972912]],"mean":[-618.32421875,142.183822632,-16.5157432556,20.0669555664,16.4375267029,27.1784877777,-9.26234912872,13.0482645035,1.05775094032,5.94913387299,-3.83495759964,7.51134443283,0.115713752806]},"pitch_salience":{"dmean":0.0847635865211,"dmean2":0.139309510589,"dvar":0.00527185248211,"dvar2":0.0140952831134,"max":0.995733141899,"mean":0.571391820908,"median":0.584649205208,"min":0.079594053328,"var":0.0117613021284},"silence_rate_20dB":{"dmean":0,"dmean2":0,"dvar":0,"dvar2":0,"max":1,"mean":1,"median":1,"min":1,"var":0},"silence_rate_30dB":{"dmean":0.110310062766,"dmean2":0.22063305974,"dvar":0.0981448739767,"dvar2":0.211915686727,"max":1,"mean":0.889872252941,"median":1,"min":0,"var":0.0979922115803},"silence_rate_60dB":{"dmean":0.00257898122072,"dmean2":0.00515826512128,"dvar":0.00257257651538,"dvar2":0.0054824766703,"max":1,"mean":0.0169968344271,"median":0,"min":0,"var":0.0167088359594},"spectral_centroid":{"dmean":209.497924805,"dmean2":324.314239502,"dvar":41803.890625,"dvar2":88681.921875,"max":11529.0947266,"mean":1323.27526855,"median":1222.9765625,"min":155.789154053,"var":782590.0625},"spectral_complexity":{"dmean":3.89637184143,"dmean2":5.81418514252,"dvar":11.1359434128,"dvar2":22.0564308167,"max":62,"mean":27.7898254395,"median":29,"min":0,"var":74.5261764526},"spectral_contrast_coeffs":{"dmean":[0.0557527020574,0.0520095676184,0.0366451963782,0.0274449288845,0.0230440180749,0.0233653523028],"dmean2":[0.0937523692846,0.0867543518543,0.0619627274573,0.0463475361466,0.0380189083517,0.0368869416416],"dvar":[0.00182125670835,0.00169868418016,0.000812233949546,0.000463767733891,0.000377497402951,0.000492293853313],"dvar2":[0.00513290520757,0.00454756151885,0.0022714913357,0.00131114723627,0.000978509895504,0.00122559443116],"max":[-0.336698949337,-0.433127343655,-0.521326541901,-0.643684148788,-0.545582890511,-0.493014067411],"mean":[-0.685055732727,-0.767611980438,-0.812572300434,-0.806049048901,-0.785759091377,-0.740011632442],"median":[-0.686842679977,-0.775445520878,-0.818730115891,-0.807582259178,-0.789210915565,-0.729422926903],"min":[-0.982298493385,-0.994432806969,-0.995348036289,-0.984124302864,-0.985023319721,-0.96670037508],"var":[0.00461827870458,0.00459331832826,0.00238162302412,0.00126410077792,0.0016897249734,0.00271692289971]},"spectral_contrast_valleys":{"dmean":[0.41454398632,0.361196666956,0.311339050531,0.25089558959,0.256107121706,0.349781394005],"dmean2":[0.684438705444,0.589529931545,0.499144673347,0.391118973494,0.383018165827,0.533317387104],"dvar":[0.114859454334,0.0886417403817,0.0717412158847,0.0542212426662,0.0701312422752,0.139028921723],"dvar2":[0.293344706297,0.216115355492,0.168302997947,0.113666787744,0.146085739136,0.334654033184],"max":[-4.70638084412,-4.59672355652,-5.03335046768,-4.99810171127,-5.52005958557,-8.66673469543],"mean":[-6.62776327133,-6.43392944336,-6.69638729095,-6.7266330719,-7.49064922333,-10.4077863693],"median":[-6.38810396194,-6.23988819122,-6.47117614746,-6.48352622986,-7.21747684479,-10.082983017],"min":[-28.5367832184,-28.3903121948,-27.9598045349,-27.7510814667,-27.5662593842,-27.3789024353],"var":[3.46374678612,3.40419888496,3.31097722054,3.3101079464,3.24663805962,2.60401177406]},"spectral_decrease":{"dmean":6.23589269111e-9,"dmean2":1.01854542578e-8,"dvar":7.94211310919e-17,"dvar2":2.05197040195e-16,"max":5.54003376507e-9,"mean":-1.01890451631e-8,"median":-7.64191732117e-9,"min":-1.0645440085e-7,"var":9.87780044586e-17},"spectral_energy":{"dmean":0.0241460166872,"dmean2":0.0391160920262,"dvar":0.00116632180288,"dvar2":0.00298525718972,"max":0.438462555408,"mean":0.0604796931148,"median":0.0522836185992,"min":1.01237342701e-20,"var":0.0016887630336},"spectral_energyband_high":{"dmean":0.00078075012425,"dmean2":0.00108304957394,"dvar":0.00000124955522551,"dvar2":0.00000219416597247,"max":0.0243640989065,"mean":0.00252159987576,"median":0.00210209097713,"min":7.04844235027e-21,"var":0.00000419701427745},"spectral_energyband_low":{"dmean":0.0198867768049,"dmean2":0.033439591527,"dvar":0.00092956435401,"dvar2":0.0024887372274,"max":0.32751584053,"mean":0.0279988013208,"median":0.0185599736869,"min":1.59182459239e-23,"var":0.00097845599521},"spectral_energyband_middle_high":{"dmean":0.00265769660473,"dmean2":0.00394841097295,"dvar":0.000010039544577,"dvar2":0.0000222421476792,"max":0.0670699924231,"mean":0.00880537461489,"median":0.00751719903201,"min":1.08815750945e-21,"var":0.0000423417586717},"spectral_energyband_middle_low":{"dmean":0.00556485448033,"dmean2":0.0088814208284,"dvar":0.0000652699018246,"dvar2":0.000151849977556,"max":0.162521630526,"mean":0.0125463008881,"median":0.00918907299638,"min":1.71629665115e-22,"var":0.000143776880577},"spectral_entropy":{"dmean":0.115336343646,"dmean2":0.175081163645,"dvar":0.0119678834453,"dvar2":0.0265754722059,"max":9.83237171173,"mean":7.77078914642,"median":7.80436611176,"min":5.65144920349,"var":0.123234294355},"spectral_flux":{"dmean":0.0355826765299,"dmean2":0.0564563274384,"dvar":0.00176721892785,"dvar2":0.00367194786668,"max":0.516201794147,"mean":0.144586697221,"median":0.135584771633,"min":6.38404884512e-11,"var":0.0042588817887},"spectral_kurtosis":{"dmean":3.32302546501,"dmean2":5.07409143448,"dvar":23.2592735291,"dvar2":56.28540802,"max":94.1241989136,"mean":17.1451339722,"median":13.4479980469,"min":-1.27478337288,"var":133.081069946},"spectral_rms":{"dmean":0.00136736489367,"dmean2":0.00215764646418,"dvar":0.00000246287845584,"dvar2":0.00000606156800131,"max":0.02068256028,"mean":0.00726895267144,"median":0.00714201712981,"min":3.14273975767e-12,"var":0.00000616719171376},"spectral_rolloff":{"dmean":5625.45507812,"dmean2":10481.1240234,"dvar":58187488,"dvar2":129157368,"max":22028.4667969,"mean":15238.2402344,"median":20155.078125,"min":21.533203125,"var":72555264},"spectral_skewness":{"dmean":0.26298302412,"dmean2":0.396910518408,"dvar":0.0896098762751,"dvar2":0.211076408625,"max":7.05901050568,"mean":2.94100451469,"median":2.74118375778,"min":-0.0699879974127,"var":0.786200344563},"spectral_spread":{"dmean":464477,"dmean2":704939.5625,"dvar":288250003456,"dvar2":605835952128,"max":42534740,"mean":5210740.5,"median":5015020,"min":1599825.75,"var":9952732119040},"spectral_strongpeak":{"dmean":3.87449455261,"dmean2":7.27588272095,"dvar":205.146377563,"dvar2":550.761535645,"max":188.440368652,"mean":3.34618186951,"median":0.328777968884,"min":0,"var":180.994644165},"zerocrossingrate":{"dmean":0.0417200140655,"dmean2":0.0530032142997,"dvar":0.00119979935698,"dvar2":0.00196728506126,"max":0.7880859375,"mean":0.295744478703,"median":0.2861328125,"min":0.00390625,"var":0.00707634910941}},"metadata":{"audio_properties":{"analysis_sample_rate":44100,"bit_rate":236165,"codec":"mp3","downmix":"mix","equal_loudness":0,"length":396.148040771,"lossless":false,"md5_encoded":"d906a0c2e7bae4f5b8ddac45f43bd26f","replay_gain":1.41296577454,"sample_rate":44100},"tags":{"album":["Rust in Peace"],"artist":["Megadeth"],"date":["1990-09-21"],"file_name":"01 - Megadeth - Holy Wars... The Punishment Due.mp3","musicbrainz_albumid":["e68c6a5e-0773-4b5c-bb66-b6f032bb2db4"],"musicbrainz_artistid":["a9044915-8be3-4c7e-b11f-9e2d2ea0a91e"],"musicbrainz_recordingid":["c756a4e6-8994-479d-b89f-44153f9d9a86"],"title":["Holy Wars... The Punishment Due"],"tracknumber":["01/9"]},"version":{"essentia":"2.1-beta1","essentia_build_sha":"ca57ba49d9b1854bd80e60cf9ccf267278fb7d6b","essentia_git_sha":"v2.1_beta1-28-g21ef5f4-dirty","extractor":"music 1.0"}},"rhythm":{"beats_count":914,"beats_loudness":{"dmean":0.0258600078523,"dmean2":0.0441055186093,"dvar":0.000601598643698,"dvar2":0.00167410518043,"max":0.215967997909,"mean":0.06644359231,"median":0.0651962459087,"min":0,"var":0.00101426348556},"beats_loudness_band_ratio":{"dmean":[0.173921450973,0.0786147788167,0.0586939416826,0.0506821013987,0.0455557107925,0.0909294635057],"dmean2":[0.302941262722,0.142899617553,0.104787983,0.0872485339642,0.0785342082381,0.156707748771],"dvar":[0.0187594331801,0.00806290190667,0.0058666956611,0.00275867828168,0.00142515054904,0.00624547433108],"dvar2":[0.0558151230216,0.0236336961389,0.0161227528006,0.00790440756828,0.00411539850757,0.0173537954688],"max":[0.890339255333,0.731323599815,0.640408694744,0.461832761765,0.324030011892,0.843065261841],"mean":[0.423553407192,0.104315243661,0.0766742527485,0.088807143271,0.0903803706169,0.230657681823],"median":[0.416825592518,0.0808669477701,0.052524689585,0.0795557796955,0.0836180448532,0.214321553707],"min":[0,0,0,0,0,0],"var":[0.0314280539751,0.00787279848009,0.00573629373685,0.0032515109051,0.0023225704208,0.0102868499234]},"beats_position":[0.731428563595,1.47446703911,2.20589566231,2.94893407822,3.68036270142,4