{"lowlevel":{"average_loudness":0.959052622318,"barkbands":{"dmean":[0.000209317455301,0.00478033116087,0.00454928958789,0.0051458007656,0.00273532909341,0.00118941732217,0.00105505436659,0.00106065557338,0.000461534014903,0.000462558760773,0.000238864668063,0.000246691110078,0.000273842422757,0.000291638920316,0.00034294577199,0.000193627231056,0.00018919123977,0.0000804941591923,0.0000495901040267,0.0000583431719861,0.0000629470305284,0.0000697767027305,0.0000773367501097,0.0000734317800379,0.0000766162556829,0.000013322724044,0.00000134247079586],"dmean2":[0.000349212205037,0.00821196567267,0.00797772407532,0.00903027039021,0.00441047502682,0.00174495379906,0.00157669954933,0.0015491907252,0.000714735477231,0.000676102121361,0.000377487274818,0.000392203190131,0.000441833923105,0.000457409303635,0.000539256201591,0.000311310839606,0.000310069473926,0.000130719257868,0.0000777238456067,0.0000904757762328,0.0000949287568801,0.000102325597254,0.00011535397789,0.000106177169073,0.000100680452306,0.0000173514436028,0.00000184181828899],"dvar":[1.48332489402e-7,0.0000605634959356,0.0000734038476367,0.000111258414108,0.0000180477982212,0.00000488093019158,0.00000513052509632,0.00000422591847382,0.00000113184967176,0.00000117359775231,5.38207700629e-7,2.4840454671e-7,2.88212561372e-7,3.57248524097e-7,4.17838037947e-7,1.99508377818e-7,1.19854291825e-7,3.99262027884e-8,1.29103669977e-8,3.15071133627e-8,4.88944067456e-8,6.95026614039e-8,1.35313186433e-7,2.21969557401e-7,3.03502247334e-7,6.45458531068e-9,5.05803142425e-11],"dvar2":[4.07547844361e-7,0.000162085751072,0.000213426537812,0.000298573897453,0.0000439380601165,0.0000106417983261,0.0000119647893371,0.00000986704708339,0.00000280794893115,0.0000025138174351,0.00000136683945584,6.40257553641e-7,7.57020416131e-7,7.75267210429e-7,0.0000010019716683,4.42689298552e-7,3.07891212969e-7,9.67921351958e-8,2.96390858523e-8,7.007770364e-8,1.03504333993e-7,1.35558266834e-7,3.03413884239e-7,4.55449935544e-7,4.81134804886e-7,9.28877152973e-9,7.66654587037e-11],"max":[0.00306476093829,0.0746695175767,0.0877121239901,0.093629181385,0.0795843228698,0.0728159099817,0.0704454258084,0.0408645421267,0.0326449014246,0.0393841341138,0.042187359184,0.00984964333475,0.0116331540048,0.0245938468724,0.0173602439463,0.0205662921071,0.0104594873264,0.00946802087128,0.00492959748954,0.00779148982838,0.0133200064301,0.0153108444065,0.0109111396596,0.0187620390207,0.029658511281,0.00490990048274,0.000450184947113],"mean":[0.000217122302274,0.0069131962955,0.00713641615584,0.00609717424959,0.00554664805532,0.00337415793911,0.00237758131698,0.00248925294727,0.000929748232011,0.00115081539843,0.000421890174039,0.000447979924502,0.000516303232871,0.000556782819331,0.000598477665335,0.000388113287045,0.000379685108783,0.000158494687639,0.000105957238702,0.000116761257232,0.000124453043099,0.000121940393001,0.000102010570117,0.000102022509964,0.00012503353355,0.0000212692921195,0.00000208434857996],"median":[0.0000520268731634,0.00349010457285,0.00476144254208,0.0031690178439,0.00393644161522,0.00218901457265,0.00127035262994,0.00142937491182,0.00041974458145,0.000428475497756,0.000227721757255,0.000196276407223,0.00029176910175,0.000313515192829,0.000339812890161,0.000193464831682,0.000242505862843,0.0000954224233283,0.0000648406276014,0.0000384468949051,0.0000428034181823,0.0000340909755323,0.0000130976995933,0.0000056612680055,0.00000374224237021,0.00000181738255378,1.77063441242e-7],"min":[1.17864449378e-23,1.23077644559e-23,4.66237400032e-23,2.81190447854e-23,1.98473648776e-23,2.58593022353e-23,6.88232072657e-24,7.60931000882e-23,1.29964329264e-22,5.64158988187e-23,4.94455743473e-23,1.65267028598e-22,1.3803484333e-22,1.18736844343e-22,2.12797387507e-22,9.03957478341e-23,1.81879757686e-22,2.05902503381e-22,4.88032219516e-22,4.18817891858e-22,4.3316773873e-22,6.60362304762e-22,6.11080485317e-22,9.26881523811e-22,9.35090927884e-22,1.80251460425e-21,2.22406995705e-21],"var":[1.54322378876e-7,0.0000824257949716,0.0000670785375405,0.0000971611443674,0.0000370234774891,0.0000186633733392,0.0000138437881105,0.0000110857554318,0.0000026689212973,0.00000565460595681,8.73105989285e-7,6.20743492163e-7,5.80540927331e-7,8.02251463483e-7,7.1578404004e-7,4.12709312059e-7,2.08958880421e-7,6.47886722049e-8,2.20069313883e-8,8.48774277529e-8,1.44723173889e-7,2.07508946914e-7,1.95594580532e-7,3.56840416771e-7,9.3262599421e-7,2.18863807078e-8,1.58418514418e-10]},"barkbands_crest":{"dmean":2.30113768578,"dmean2":3.81253385544,"dvar":4.53517055511,"dvar2":12.4035701752,"max":24.0862178802,"mean":9.38642024994,"median":8.85753822327,"min":3.1444439888,"var":9.65145969391},"barkbands_flatness_db":{"dmean":0.0219567678869,"dmean2":0.0332459174097,"dvar":0.000435949361417,"dvar2":0.00100466574077,"max":0.342024207115,"mean":0.162515059114,"median":0.160857886076,"min":0.0498613379896,"var":0.00192004069686},"barkbands_kurtosis":{"dmean":2.7966940403,"dmean2":4.62516355515,"dvar":15.7878694534,"dvar2":42.5833129883,"max":56.5441894531,"mean":4.96124172211,"median":3.37739348412,"min":-1.91036641598,"var":32.0575675964},"barkbands_skewness":{"dmean":0.493235051632,"dmean2":0.79371368885,"dvar":0.280071973801,"dvar2":0.723487257957,"max":6.24872589111,"mean":1.85684275627,"median":1.76865196228,"min":-1.63496541977,"var":0.729647994041},"barkbands_spread":{"dmean":4.22113037109,"dmean2":6.46576690674,"dvar":48.6244773865,"dvar2":100.412590027,"max":123.960525513,"mean":15.9918060303,"median":13.4336214066,"min":1.7307857275,"var":175.223953247},"dissonance":{"dmean":0.0168274529278,"dmean2":0.0280417315662,"dvar":0.00022519135382,"dvar2":0.000622561085038,"max":0.500000059605,"mean":0.457879006863,"median":0.461368501186,"min":0.339407593012,"var":0.000566122762393},"dynamic_complexity":2.36292362213,"erbbands":{"dmean":[0.128186449409,1.20421564579,4.29959249496,12.1038856506,13.05027771,8.34182167053,9.62596130371,9.02478694916,13.8564348221,17.5682849884,22.6300239563,11.8699617386,11.2868967056,14.1739931107,7.69278764725,11.8944797516,12.8856391907,14.4516248703,19.345331192,11.4065437317,10.7467737198,7.76176261902,4.86780834198,2.81769442558,2.35712385178,2.79785990715,2.63779258728,2.47290205956,2.57942843437,2.14866566658,2.26231026649,1.82461571693,1.17168354988,0.970814526081,0.529740393162,0.0902664512396,0.0213210526854,0.00334791000932,0.000229988028877,0.0000219715620915],"dmean2":[0.215819522738,2.08133983612,7.45175695419,21.426235199,21.9405899048,13.3231182098,13.8870925903,13.6427145004,20.4681720734,26.7946186066,32.3353729248,18.2081031799,16.852016449,21.0101280212,12.0912008286,18.7492828369,20.6151809692,22.4740848541,30.4500904083,18.1471214294,17.2973957062,12.4683218002,7.78491592407,4.46787452698,3.64903998375,4.33315467834,4.09780454636,3.69549202919,3.77059650421,3.19383883476,3.39273095131,2.76420331001,1.67452657223,1.28316104412,0.720919787884,0.113755598664,0.0273327808827,0.00453879777342,0.000311373034492,0.0000334787655447],"dvar":[0.0439786724746,4.08698940277,63.8565788269,543.153381348,602.161010742,226.890106201,292.508209229,420.080566406,1003.12609863,1567.58032227,1897.22314453,691.574401855,752.271728516,1658.78112793,245.570083618,603.945678711,685.016418457,932.713928223,1214.81054688,749.023620605,437.101959229,182.412094116,137.298110962,32.7856483459,52.2511634827,84.234588623,82.4560623169,83.856300354,109.884994507,88.8406143188,123.211372375,148.206314087,57.9100570679,45.6239089966,24.2061004639,0.32927814126,0.0157228671014,0.000302197528072,0.00000137650226861,2.80407275177e-9],"dvar2":[0.113356336951,11.3389673233,181.317993164,1523.48901367,1532.73986816,491.36026001,610.478210449,947.819763184,2361.87915039,3601.81396484,4033.0390625,1706.36975098,1531.75695801,3975.86206055,565.270568848,1554.28735352,1804.65478516,2038.47302246,2950.84594727,1692.48913574,1060.83764648,440.901153564,322.911956787,77.1766738892,117.897506714,199.342224121,197.297790527,174.222396851,226.328094482,195.829193115,281.80847168,322.010192871,124.054756165,80.481086731,39.4178085327,0.481260418892,0.0224207080901,0.000411905144574,0.00000218318450607,5.28645038855e-9],"max":[2.61892199516,18.5876197815,84.0989990234,215.557006836,326.506530762,431.113586426,424.246520996,799.836486816,1405.55371094,1049.65661621,1091.86291504,955.594970703,814.119750977,1634.2545166,746.428466797,486.316314697,633.328186035,1438.26000977,731.576538086,1035.82653809,757.150085449,355.397827148,545.016662598,277.750213623,323.190002441,436.802398682,470.73336792,508.582794189,661.57635498,447.026275635,328.904510498,447.176971436,386.936950684,258.895172119,311.947753906,27.2487468719,7.24075317383,1.05093002319,0.0616928525269,0.00225183041766],"mean":[0.167685821652,1.71608960629,6.98914337158,16.8046188354,19.1757678986,16.2651634216,25.3492641449,23.9543209076,34.436050415,38.4149436951,56.585144043,27.5199642181,30.0631523132,30.886051178,15.8197813034,22.7888641357,25.3265838623,30.3016815186,34.8203125,22.4659976959,23.6808013916,16.9374351501,10.7180223465,6.56733751297,4.71845960617,5.55836057663,5.20163917542,4.94746494293,4.54902839661,3.11629271507,2.95926141739,2.4059278965,1.64966392517,1.52506673336,0.808720946312,0.145329415798,0.0343784540892,0.00538925314322,0.000378322933102,0.0000602746076765],"median":[0.0649827942252,0.941713690758,4.41059398651,10.98387146,11.1714878082,9.68634414673,12.2454051971,15.1659584045,19.6600112915,20.7515850067,30.6230354309,15.8858966827,11.6683244705,13.8996315002,10.1295185089,10.6655693054,14.1043796539,17.946559906,20.9694290161,13.1307601929,12.8366184235,11.6710243225,6.92257213593,4.09842300415,2.60832834244,1.8645761013,1.9389731884,1.52969038486,1.26761949062,0.698981940746,0.346868753433,0.14461928606,0.0935752540827,0.0475780777633,0.0222925506532,0.00988652743399,0.00275719864294,0.000468134996481,0.0000515781430295,0.0000442657910753],"min":[5.76156843115e-22,2.57540886378e-21,3.20894055765e-20,1.09634182346e-19,4.7072690236e-20,7.38812713844e-20,1.37623066218e-19,2.06125615056e-19,1.18586732266e-19,3.87166952187e-19,2.34869642449e-18,2.11771761217e-18,2.62371164429e-18,2.14892176e-18,4.49182936777e-18,5.43720747241e-18,6.43455650776e-18,5.34159614695e-18,1.17026295331e-17,5.84685626307e-18,6.70079699562e-18,1.13527892095e-17,1.35472406448e-17,1.94129578666e-17,2.11920893609e-17,2.1134896439e-17,1.45314689412e-17,2.18912687368e-17,2.36789400438e-17,2.27414631683e-17,1.47883267194e-17,1.30162105438e-17,1.87044958699e-17,9.49881441333e-18,7.15651188818e-18,6.4692166162e-18,3.53836970854e-18,1.22100688566e-18,2.72020722582e-19,3.38777635985e-20],"var":[0.0634143352509,4.74043178558,63.4948692322,442.507507324,705.320556641,525.339416504,1322.6595459,1393.5222168,3042.91259766,3527.83178711,6321.12060547,1698.06115723,4532.45996094,5104.19775391,527.90246582,1519.90307617,1467.48181152,2121.40332031,2114.92529297,1450.44665527,977.292236328,355.942718506,246.557281494,69.7869949341,81.0495758057,209.108337402,205.331604004,249.835998535,294.336517334,155.807113647,178.225509644,206.20664978,92.7124099731,118.014083862,65.5798416138,1.06835329533,0.0558050014079,0.00110428628977,0.00000434865978605,8.1986906153e-9]},"erbbands_crest":{"dmean":2.11562180519,"dmean2":3.2829413414,"dvar":4.22559785843,"dvar2":9.84617233276,"max":27.7313194275,"mean":8.99322223663,"median":7.86084079742,"min":1.75558328629,"var":17.1960105896},"erbbands_flatness_db":{"dmean":0.0185048747808,"dmean2":0.0248808059841,"dvar":0.000384911516448,"dvar2":0.000690576736815,"max":0.308455139399,"mean":0.170807465911,"median":0.170604676008,"min":0.0192505400628,"var":0.00186735938769},"erbbands_kurtosis":{"dmean":0.555902838707,"dmean2":0.874627828598,"dvar":0.458995521069,"dvar2":1.09423649311,"max":15.275270462,"mean":0.0765503793955,"median":-0.297751426697,"min":-1.81756269932,"var":2.08661198616},"erbbands_skewness":{"dmean":0.282272100449,"dmean2":0.429666399956,"dvar":0.0714569166303,"dvar2":0.161467894912,"max":3.24294090271,"mean":0.399471074343,"median":0.398668318987,"min":-2.56028866768,"var":0.382008612156},"erbbands_spread":{"dmean":6.59165239334,"dmean2":9.81210422516,"dvar":62.0681419373,"dvar2":119.945587158,"max":158.601898193,"mean":36.217010498,"median":32.4502639771,"min":7.85331726074,"var":303.102081299},"gfcc":{"cov":[[17292.0683594,453.460388184,-1495.82702637,675.726745605,-560.7265625,379.189483643,-431.583770752,-80.5155410767,143.241516113,313.090301514,-297.64251709,-123.003189087,-158.086914062],[453.460388184,1624.06262207,-533.577758789,-168.030319214,315.959014893,-246.310974121,210.309799194,-133.512969971,131.486495972,-134.954864502,148.162963867,-95.1495742798,68.1867141724],[-1495.82702637,-533.577758789,708.133972168,-32.6521339417,-38.8633117676,130.307876587,-83.6854934692,72.0001449585,-92.2252655029,-8.73926258087,-37.5159683228,73.1549453735,-21.896314621],[675.726745605,-168.030319214,-32.6521339417,265.301452637,-73.6863632202,34.9900398254,29.7392368317,-25.1624317169,28.8037033081,45.9191741943,-14.5977916718,-9.35589504242,14.8988399506],[-560.7265625,315.959014893,-38.8633117676,-73.6863632202,283.649932861,-18.5233612061,32.0609855652,22.9048042297,35.7031478882,-20.0757141113,30.6929893494,-3.82902622223,11.6645593643],[379.189483643,-246.310974121,130.307876587,34.9900398254,-18.5233612061,206.892807007,-42.577583313,34.3210983276,18.9848766327,16.8442897797,6.79090213776,15.0925912857,-29.8706054688],[-431.583770752,210.309799194,-83.6854934692,29.7392368317,32.0609855652,-42.577583313,180.70262146,-1.35046553612,21.7545509338,-9.59095954895,30.5280342102,-18.8927879333,23.9826946259],[-80.5155410767,-133.512969971,72.0001449585,-25.1624317169,22.9048042297,34.3210983276,-1.35046553612,141.587799072,8.36989688873,27.3600082397,-14.6171398163,7.22745084763,-12.3187828064],[143.241516113,131.486495972,-92.2252655029,28.8037033081,35.7031478882,18.9848766327,21.7545509338,8.36989688873,116.868034363,15.2833089828,34.5460128784,-15.7285957336,6.43334817886],[313.090301514,-134.954864502,-8.73926258087,45.9191741943,-20.0757141113,16.8442897797,-9.59095954895,27.3600082397,15.2833089828,118.063812256,-6.34485960007,8.86143875122,7.17299032211],[-297.64251709,148.162963867,-37.5159683228,-14.5977916718,30.6929893494,6.79090213776,30.5280342102,-14.6171398163,34.5460128784,-6.34485960007,109.840568542,5.22757959366,-2.19245028496],[-123.003189087,-95.1495742798,73.1549453735,-9.35589504242,-3.82902622223,15.0925912857,-18.8927879333,7.22745084763,-15.7285957336,8.86143875122,5.22757959366,74.2150039673,18.7876720428],[-158.086914062,68.1867141724,-21.896314621,14.8988399506,11.6645593643,-29.8706054688,23.9826946259,-12.3187828064,6.43334817886,7.17299032211,-2.19245028496,18.7876720428,85.5812683105]],"icov":[[0.00025992229348,-0.000719035626389,0.000605645240285,-0.000797371263616,0.000768012076151,-0.00110317987856,0.00101793906651,-0.000526463147253,0.000596668047365,-0.000674031150993,0.00109395477921,-0.00065642275149,0.000679800112266],[-0.000719035626389,0.004072944168,-0.000979202450253,0.00325157982297,-0.00354773830622,0.00418047001585,-0.00386877730489,0.00274746166542,-0.00291934306733,0.0031581199728,-0.00427571916953,0.00313660688698,-0.00281098065898],[0.000605645240285,-0.000979202450253,0.00377741223201,-0.00148837431334,0.00136290071532,-0.00339406193234,0.00235442724079,-0.00167440332007,0.00250869849697,-0.000662552658468,0.00232599605806,-0.00253086956218,0.00133544567507],[-0.000797371263616,0.00325157982297,-0.00148837431334,0.00811425410211,-0.00183931388892,0.00275190477259,-0.00498227681965,0.00371731328778,-0.0037851119414,0.000898343860172,-0.00272688083351,0.00316268811002,-0.00326946913265],[0.000768012076151,-0.00354773830622,0.00136290071532,-0.00183931388892,0.00750419870019,-0.00389388296753,0.00319071020931,-0.00311233871616,0.00132996845059,-0.00235969340429,0.00354611012153,-0.00274423882365,0.00198129797354],[-0.00110317987856,0.00418047001585,-0.00339406193234,0.00275190477259,-0.00389388296753,0.0120810559019,-0.00367682334036,0.00194531132001,-0.00513720745221,0.00345919025131,-0.00613928632811,0.0027036187239,-0.00131282978691],[0.00101793906651,-0.00386877730489,0.00235442724079,-0.00498227681965,0.00319071020931,-0.00367682334036,0.0116390548646,-0.00394686497748,0.00317352684215,-0.0023119118996,0.00265980814584,-0.00151495856699,0.00124049116857],[-0.000526463147253,0.00274746166542,-0.00167440332007,0.00371731328778,-0.00311233871616,0.00194531132001,-0.00394686497748,0.0109153687954,-0.00352546921931,-0.000373063026927,-0.000913440773729,0.00164474872872,-0.000544852402527],[0.000596668047365,-0.00291934306733,0.00250869849697,-0.0037851119414,0.00132996845059,-0.00513720745221,0.00317352684215,-0.00352546921931,0.014551769942,-0.00314968591556,-0.000239696004428,-0.000100109427876,0.000543787318747],[-0.000674031150993,0.0031581199728,-0.000662552658468,0.000898343860172,-0.00235969340429,0.00345919025131,-0.0023119118996,-0.000373063026927,-0.00314968591556,0.0127933491021,-0.00354392384179,0.00117213185877,-0.00314766354859],[0.00109395477921,-0.00427571916953,0.00232599605806,-0.00272688083351,0.00354611012153,-0.00613928632811,0.00265980814584,-0.000913440773729,-0.000239696004428,-0.00354392384179,0.0170652251691,-0.00623220624402,0.00511468620971],[-0.00065642275149,0.00313660688698,-0.00253086956218,0.00316268811002,-0.00274423882365,0.0027036187239,-0.00151495856699,0.00164474872872,-0.000100109427876,0.00117213185877,-0.00623220624402,0.0202738232911,-0.00763188162819],[0.000679800112266,-0.00281098065898,0.00133544567507,-0.00326946913265,0.00198129797354,-0.00131282978691,0.00124049116857,-0.000544852402527,0.000543787318747,-0.00314766354859,0.00511468620971,-0.00763188162819,0.0169661212713]],"mean":[-12.5311088562,131.979003906,-112.238098145,27.5476818085,-47.3380432129,7.42012929916,-34.7274551392,-0.011253866367,-12.8274087906,-0.146851763129,-18.4767379761,-4.71858692169,-13.136179924]},"hfc":{"dmean":5.39720630646,"dmean2":7.70279598236,"dvar":128.809936523,"dvar2":237.152511597,"max":354.820831299,"mean":19.9924926758,"median":15.8901014328,"min":1.18028760479e-16,"var":416.380279541},"melbands":{"dmean":[0.00121199409477,0.00191562250257,0.00210401602089,0.000693800335284,0.000332112715114,0.000213920604438,0.000213033941691,0.000192308885744,0.000170462546521,0.0000701504468452,0.0000569510521018,0.0000599146442255,0.000029874196116,0.000028483740607,0.0000242373316723,0.0000296425441775,0.0000296949965559,0.0000313434211421,0.0000184156251635,0.0000158713028213,0.0000134389974846,0.00000963419552136,0.00000661812509861,0.00000399357395509,0.00000237004951487,0.00000179516655407,0.00000184833504591,0.00000203709737434,0.00000178996776867,0.00000171731164755,0.0000014939294033,0.00000153109397161,0.00000149998743382,0.00000114445128929,0.00000126252950849,0.00000146470358686,0.00000102767751287,7.57320151479e-7,0.0000010451557273,7.587723303e-7],"dmean2":[0.00207274593413,0.00327280233614,0.00369026674889,0.00112631253432,0.000486360513605,0.000320901657688,0.000314885721309,0.000292795477435,0.000244961644057,0.000108948137495,0.0000849304415169,0.000088542161393,0.0000474176267744,0.0000450699189969,0.0000381169375032,0.0000479286900372,0.0000464874174213,0.0000495366475661,0.0000291445849143,0.0000254083206528,0.000022078935217,0.0000157551567099,0.0000106082088678,0.00000657068449073,0.00000381514701076,0.00000282203700408,0.00000288445971819,0.00000321888683175,0.00000286305476038,0.00000267981090474,0.00000230918954003,0.00000230221849051,0.00000223754864237,0.00000176608205038,0.00000193195887732,0.00000225051098823,0.00000158254499638,0.00000110165149181,0.00000148152594193,0.0000010256034102],"dvar":[0.00000375966328647,0.0000120052936836,0.0000165433848451,0.00000134979120503,3.06104908532e-7,2.05685637411e-7,2.08295816151e-7,1.76435449362e-7,1.06207778572e-7,2.93469852863e-8,1.90156246305e-8,2.91797945806e-8,5.97530647184e-9,3.06913916504e-9,1.62905489098e-9,3.92524812654e-9,4.02646849196e-9,3.10860692743e-9,1.7311697631e-9,1.43204148539e-9,7.0158318044e-10,3.15431292197e-10,2.12444992154e-10,7.13090489435e-11,2.27798127583e-11,2.69698256783e-11,3.66241412197e-11,4.66423115408e-11,3.3519888254e-11,4.05261137149e-11,3.6796166808e-11,4.41462109924e-11,2.80906704148e-11,3.57333190815e-11,3.34773528343e-11,8.63995125444e-11,5.41036694612e-11,2.25142127164e-11,6.11210179691e-11,3.10865326536e-11],"dvar2":[0.0000100245442809,0.0000333783173119,0.0000449362523796,0.00000321796574099,6.58668454889e-7,4.5792205583e-7,4.87997169785e-7,4.1637645154e-7,2.25581558766e-7,7.31159701672e-8,3.84122138541e-8,6.89496530981e-8,1.49182959319e-8,7.92515209014e-9,4.09492129094e-9,1.03341326607e-8,8.86688411583e-9,7.5992732107e-9,4.06964106858e-9,3.17631898561e-9,1.7996475421e-9,8.08242361927e-10,5.0702791965e-10,1.70464947713e-10,5.56503315652e-11,6.20470758106e-11,8.28905000194e-11,1.15438471282e-10,8.524801004e-11,9.82245673686e-11,8.58076387722e-11,9.77758082832e-11,5.42994503527e-11,8.34474087053e-11,7.75887687432e-11,2.00839234132e-10,1.19984869262e-10,5.0757394815e-11,1.35081043573e-10,5.61126665966e-11],"max":[0.0228340961039,0.0335727930069,0.0355267077684,0.0219632089138,0.011461279355,0.0162007585168,0.0178528167307,0.00983035005629,0.00861912220716,0.00637744413689,0.00426723295823,0.00683149090037,0.00450582662597,0.00120956054889,0.000908685848117,0.0011938206153,0.00307667185552,0.00122686498798,0.00175377633423,0.00146350415889,0.000782953866292,0.000564162502997,0.000623535888735,0.000258817832218,0.000228279910516,0.000270264368737,0.000192094201338,0.000342803657986,0.000307778420392,0.000325231696479,0.000312850403134,0.000414632726461,0.000285571848508,0.000340931874234,0.000207025441341,0.000426015525591,0.0002861355606,0.000193351035705,0.000387981301174,0.00024228260736],"mean":[0.00173064391129,0.00325413537212,0.00299734761938,0.00124954374041,0.000836898630951,0.000579242536332,0.000527093710843,0.000425147241913,0.000425736099714,0.000147988976096,0.000146689708345,0.000126608269056,0.0000546724440937,0.0000527059783053,0.0000506054166181,0.0000546039700566,0.0000565374393773,0.0000551095035917,0.0000333919815603,0.0000304895529553,0.0000272624747595,0.0000190034243133,0.0000128281499201,0.0000079349574662,0.00000504948457092,0.00000342172575074,0.00000336355560648,0.0000037996253468,0.00000325969108417,0.00000308310472974,0.0000027981175208,0.00000261357899944,0.00000227123064178,0.00000150364303408,0.00000162315382113,0.00000183913016372,0.00000131183958274,0.00000100032161754,0.0000014780505353,0.00000115650675525],"median":[0.00080456858268,0.00215042801574,0.00199840706773,0.000769016100094,0.000456419307739,0.000375162577257,0.000304242625134,0.000242580877966,0.000225123134442,0.0000728703598725,0.0000537656451343,0.0000526376752532,0.0000317077901855,0.0000251303317782,0.0000288318333332,0.0000270577547781,0.0000324461288983,0.0000329767281073,0.0000204188600037,0.0000149642055476,0.0000143860570461,0.0000122898763948,0.00000800307680038,0.0000047194025683,0.00000300917236018,0.00000197660301637,0.00000141580949276,0.00000110647010843,0.00000115783916499,0.00000109774987322,7.77686523179e-7,7.00128055087e-7,5.60263515581e-7,2.91186069035e-7,1.95967089667e-7,1.3183870351e-7,6.27897520644e-8,6.83569822968e-8,4.57025208789e-8,3.38632233365e-8],"min":[4.56728573233e-24,1.29921162795e-23,1.6124258527e-23,4.27586868103e-24,4.95119948578e-24,4.74997408506e-24,1.66001084969e-24,5.34698165155e-24,2.21612090863e-23,1.45651538339e-23,1.24015868388e-23,7.94455348989e-24,9.8946902228e-24,2.16885062769e-23,1.37566834243e-23,1.09421704983e-23,1.00746246621e-23,1.8426037897e-23,1.3844920672e-23,4.01025566436e-24,8.81428368195e-24,1.1185911952e-23,1.11815574398e-23,1.06540185423e-23,1.65508760823e-23,1.77631927883e-23,1.35249113572e-23,1.40749951105e-23,8.60068223692e-24,9.81476756904e-24,1.32086680644e-23,1.57845355782e-23,1.05030005883e-23,1.25302311198e-23,7.86554749251e-24,8.04094677048e-24,8.8642154218e-24,1.42870756317e-23,1.07657046804e-23,7.17878806539e-24],"var":[0.0000055316304497,0.0000125712385852,0.0000141558630276,0.00000251516826211,0.00000119553624245,7.16518741228e-7,6.47518731967e-7,3.8171768324e-7,3.58304390602e-7,6.34649310882e-8,1.14799782125e-7,9.3946560753e-8,1.01953689935e-8,7.54447349038e-9,4.53429649383e-9,7.8193638231e-9,8.41154079723e-9,5.37306155124e-9,2.6833357758e-9,2.88985613217e-9,1.34270428109e-9,5.22674681314e-10,3.54417412085e-10,1.41112885266e-10,4.46787433439e-11,3.57323337585e-11,6.99596700016e-11,1.08070545568e-10,7.60397439459e-11,8.86541048906e-11,9.08167291369e-11,9.8655479619e-11,8.14069853194e-11,4.63240244775e-11,4.89722429275e-11,1.09434336593e-10,7.17972764575e-11,3.08569593488e-11,1.06612565998e-10,7.6494671708e-11]},"melbands_crest":{"dmean":3.10223150253,"dmean2":5.18880271912,"dvar":8.61574554443,"dvar2":22.9430828094,"max":36.4891433716,"mean":14.2380456924,"median":13.4898204803,"min":1.98946106434,"var":21.768819809},"melbands_flatness_db":{"dmean":0.0268339775503,"dmean2":0.0409374721348,"dvar":0.000661344674882,"dvar2":0.00152697495651,"max":0.466233193874,"mean":0.24835935235,"median":0.246324956417,"min":0.00809932965785,"var":0.00330190407112},"melbands_kurtosis":{"dmean":6.53808164597,"dmean2":10.821269989,"dvar":104.869689941,"dvar2":282.283630371,"max":172.416473389,"mean":13.2866067886,"median":9.59725475311,"min":-1.23993325233,"var":181.672119141},"melbands_skewness":{"dmean":0.671393156052,"dmean2":1.08048462868,"dvar":0.569398343563,"dvar2":1.45694088936,"max":11.9894046783,"mean":2.80141758919,"median":2.61785125732,"min":-0.244508087635,"var":1.54536116123},"melbands_spread":{"dmean":4.29758501053,"dmean2":6.74827718735,"dvar":47.1899909973,"dvar2":106.33946991,"max":183.746063232,"mean":14.671125412,"median":12.7392635345,"min":1.31353068352,"var":108.846755981},"mfcc":{"cov":[[8812.37695312,534.805725098,-107.611885071,249.771453857,-54.5353813171,281.874816895,-230.294921875,-92.603729248,106.488479614,80.5700149536,35.9570999146,105.808357239,38.9989013672],[534.805725098,1834.52880859,-550.042053223,145.170318604,75.8790206909,19.7501430511,20.8252983093,46.0164604187,14.2130308151,-11.4423398972,62.2636299133,29.9451503754,6.83151531219],[-107.611885071,-550.042053223,600.209228516,-105.970672607,35.1218681335,23.1435146332,10.689748764,28.9925632477,-31.8226108551,-13.0107135773,-30.970205307,-18.6164608002,-13.3558588028],[249.771453857,145.170318604,-105.970672607,249.376495361,-88.9794616699,16.2739505768,7.00972652435,-33.3233528137,45.7319030762,-1.46993672848,-3.69176149368,-4.55134057999,7.20944786072],[-54.5353813171,75.8790206909,35.1218681335,-88.9794616699,244.210205078,5.56953477859,-11.6565437317,38.6678504944,-4.17447137833,6.10300683975,11.3530654907,14.4808292389,11.2908678055],[281.874816895,19.7501430511,23.1435146332,16.2739505768,5.56953477859,130.726272583,2.82364654541,3.54478335381,-3.35790848732,1.31324839592,-5.68332862854,16.1100292206,7.52560472488],[-230.294921875,20.8252983093,10.689748764,7.00972652435,-11.6565437317,2.82364654541,108.067909241,22.7705688477,1.07930314541,7.82085800171,13.8100585938,1.19557344913,-5.55518531799],[-92.603729248,46.0164604187,28.9925632477,-33.3233528137,38.6678504944,3.54478335381,22.7705688477,111.896888733,-4.00780487061,19.3609600067,8.69368457794,-0.626365184784,-3.42803192139],[106.488479614,14.2130308151,-31.8226108551,45.7319030762,-4.17447137833,-3.35790848732,1.07930314541,-4.00780487061,111.260482788,17.2548694611,4.31120586395,-5.39407348633,3.30477786064],[80.5700149536,-11.4423398972,-13.0107135773,-1.46993672848,6.10300683975,1.31324839592,7.82085800171,19.3609600067,17.2548694611,89.9314041138,32.7148590088,10.7461528778,-2.79281449318],[35.9570999146,62.2636299133,-30.970205307,-3.69176149368,11.3530654907,-5.68332862854,13.8100585938,8.69368457794,4.31120586395,32.7148590088,83.6940383911,28.2874565125,8.87048244476],[105.808357239,29.9451503754,-18.6164608002,-4.55134057999,14.4808292389,16.1100292206,1.19557344913,-0.626365184784,-5.39407348633,10.7461528778,28.2874565125,73.2595596313,26.2209129333],[38.9989013672,6.83151531219,-13.3558588028,7.20944786072,11.2908678055,7.52560472488,-5.55518531799,-3.42803192139,3.30477786064,-2.79281449318,8.87048244476,26.2209129333,61.6883850098]],"icov":[[0.00014117921819,-0.0000512696569785,-0.0000518578890478,-0.0000860768341227,0.0000440264520876,-0.000274886930129,0.000336269062245,0.0000736434667488,-0.000101054996776,-0.000137231647386,-0.000029748545785,-0.000144769452163,0.0000401214965677],[-0.0000512696569785,0.000887067406438,0.000801827933174,-0.000404806225561,-0.000470768485684,-0.000114947921247,-0.0002296971943,-0.000569902185816,0.000212997241761,0.000585065339692,-0.000483224808704,0.0000245621504291,0.000277041224763],[-0.0000518578890478,0.000801827933174,0.00261920224875,0.000428047147579,-0.000428605591878,-0.000534607446752,-0.000481781898998,-0.000752600433771,0.000374771800125,0.000605133245699,0.00016775559925,0.000397664989578,0.000333659816533],[-0.0000860768341227,-0.000404806225561,0.000428047147579,0.00582290766761,0.00194045749959,-0.000700170756318,-0.000613789597992,0.00106077129021,-0.00200407346711,0.0000129376694531,0.00043966260273,0.000571659766138,-0.000952927803155],[0.0000440264520876,-0.000470768485684,-0.000428605591878,0.00194045749959,0.0053193802014,-0.000315133394906,0.00091377570061,-0.00112444558181,-0.000737975118682,-0.000086032319814,-0.000177284615347,-0.00050484057283,-0.000934919633437],[-0.000274886930129,-0.000114947921247,-0.000534607446752,-0.000700170756318,-0.000315133394906,0.00883669778705,-0.000847287417855,-0.000326818757458,0.000560195301659,-0.000278927822364,0.00158790894784,-0.00199894700199,-0.000383522885386],[0.000336269062245,-0.0002296971943,-0.000481781898998,-0.000613789597992,0.00091377570061,-0.000847287417855,0.0109560098499,-0.00201173266396,-0.000299911072943,-0.000168209415278,-0.00185447745025,-0.000394003174733,0.00103380135261],[0.0000736434667488,-0.000569902185816,-0.000752600433771,0.00106077129021,-0.00112444558181,-0.000326818757458,-0.00201173266396,0.0109797809273,0.000136491376907,-0.00253564468585,0.000222864618991,0.000741256051697,-0.0000649220892228],[-0.000101054996776,0.000212997241761,0.000374771800125,-0.00200407346711,-0.000737975118682,0.000560195301659,-0.000299911072943,0.000136491376907,0.0103919096291,-0.00199941336177,-0.0000405409373343,0.00143631303217,-0.000848956522532],[-0.000137231647386,0.000585065339692,0.000605133245699,0.0000129376694531,-0.000086032319814,-0.000278927822364,-0.000168209415278,-0.00253564468585,-0.00199941336177,0.0144569613039,-0.00538230733946,-0.000686829909682,0.00187269900925],[-0.000029748545785,-0.000483224808704,0.00016775559925,0.00043966260273,-0.000177284615347,0.00158790894784,-0.00185447745025,0.000222864618991,-0.0000405409373343,-0.00538230733946,0.0168354697526,-0.00547276530415,-0.000594760116655],[-0.000144769452163,0.0000245621504291,0.000397664989578,0.000571659766138,-0.00050484057283,-0.00199894700199,-0.000394003174733,0.000741256051697,0.00143631303217,-0.000686829909682,-0.00547276530415,0.0194057300687,-0.00711951311678],[0.0000401214965677,0.000277041224763,0.000333659816533,-0.000952927803155,-0.000934919633437,-0.000383522885386,0.00103380135261,-0.0000649220892228,-0.000848956522532,0.00187269900925,-0.000594760116655,-0.00711951311678,0.0198874305934]],"mean":[-649.979736328,158.358901978,-3.63533878326,26.2226524353,6.77514076233,11.2080087662,-10.1982440948,1.19375836849,2.49877381325,0.749584972858,2.67226099968,1.0550750494,-3.13249111176]},"pitch_salience":{"dmean":0.0635864809155,"dmean2":0.106076106429,"dvar":0.00337397516705,"dvar2":0.00952821504325,"max":0.831249594688,"mean":0.550335526466,"median":0.559049785137,"min":0.190040290356,"var":0.00931669119745},"silence_rate_20dB":{"dmean":0,"dmean2":0,"dvar":0,"dvar2":0,"max":1,"mean":1,"median":1,"min":1,"var":0},"silence_rate_30dB":{"dmean":0.0136054418981,"dmean2":0.0272134207189,"dvar":0.0134195685387,"dvar2":0.0384013541043,"max":1,"mean":0.992359280586,"median":1,"min":0,"var":0.0075823427178},"silence_rate_60dB":{"dmean":0.000186375924386,"dmean2":0.000372786569642,"dvar":0.000186341188964,"dvar2":0.000372631824575,"max":1,"mean":0.0341967940331,"median":0,"min":0,"var":0.0330270417035},"spectral_centroid":{"dmean":157.198516846,"dmean2":245.099273682,"dvar":45985.3476562,"dvar2":95038.9375,"max":11027.0292969,"mean":831.813476562,"median":757.708862305,"min":220.542526245,"var":177707.828125},"spectral_complexity":{"dmean":2.64653801918,"dmean2":4.17054986954,"dvar":7.46738624573,"dvar2":15.900803566,"max":60,"mean":19.1652069092,"median":19,"min":0,"var":44.8503456116},"spectral_contrast_coeffs":{"dmean":[0.0526401288807,0.0400677584112,0.0345224924386,0.0298772864044,0.0221046730876,0.0193194951862],"dmean2":[0.0871555507183,0.0645359382033,0.0554850399494,0.0481437109411,0.0363399870694,0.029586834833],"dvar":[0.00194596964866,0.00116895930842,0.000831825833302,0.000624848122243,0.000397875177441,0.000377410411602],"dvar2":[0.00517922919244,0.0029720235616,0.00210084859282,0.001515865908,0.00099192513153,0.000772473635152],"max":[-0.330329537392,-0.423834741116,-0.490100741386,-0.544208288193,-0.590849757195,-0.52147424221],"mean":[-0.606827497482,-0.695294797421,-0.757945477962,-0.758577525616,-0.785775840282,-0.738462984562],"median":[-0.60634458065,-0.697290182114,-0.764702320099,-0.76052492857,-0.788084864616,-0.740225672722],"min":[-0.962340652943,-0.960726499557,-0.972715556622,-0.955557346344,-0.957760810852,-0.954992413521],"var":[0.00659740157425,0.00489902123809,0.00407926831394,0.00332389655523,0.00187771092169,0.00316218961962]},"spectral_contrast_valleys":{"dmean":[0.382690429688,0.286513477564,0.282875180244,0.262413829565,0.260752528906,0.432936877012],"dmean2":[0.629253029823,0.470821499825,0.455955207348,0.410551249981,0.379499226809,0.548406362534],"dvar":[0.114375859499,0.0744811818004,0.0712675079703,0.0704141706228,0.10496969521,0.253081530333],"dvar2":[0.275044441223,0.170583963394,0.15974868834,0.140123516321,0.188552439213,0.464134633541],"max":[-4.94321107864,-4.74253988266,-5.49240016937,-5.71752309799,-5.62025690079,-7.22789716721],"mean":[-6.90782594681,-6.5256729126,-7.34619283676,-7.74185705185,-7.96439599991,-10.9218254089],"median":[-6.68223714828,-6.30335426331,-7.12371253967,-7.49635982513,-7.73936462402,-10.8779449463],"min":[-27.3833560944,-27.2698020935,-26.9609889984,-27.4539260864,-27.3362197876,-27.361371994],"var":[1.71100592613,1.84154605865,1.75242376328,1.95354008675,1.83667910099,1.87330150604]},"spectral_decrease":{"dmean":3.54053519835e-9,"dmean2":5.89765791759e-9,"dvar":2.94225761605e-17,"dvar2":7.8498573246e-17,"max":-6.63752616404e-29,"mean":-1.0255874372e-8,"median":-9.03344421488e-9,"min":-5.56427721676e-8,"var":3.77070017535e-17},"spectral_energy":{"dmean":0.0136253461242,"dmean2":0.0226523391902,"dvar":0.000430908898124,"dvar2":0.0011479773093,"max":0.219242855906,"mean":0.0405212752521,"median":0.0359207242727,"min":1.09560750679e-20,"var":0.000565455411561},"spectral_energyband_high":{"dmean":0.000347055232851,"dmean2":0.000476426503155,"dvar":0.00000162649314461,"dvar2":0.00000294238247989,"max":0.0361777581275,"mean":0.000667667132802,"median":0.00016345444601,"min":7.43405391857e-21,"var":0.00000459573402622},"spectral_energyband_low":{"dmean":0.0098211215809,"dmean2":0.017002619803,"dvar":0.000281397340586,"dvar2":0.000788791745435,"max":0.164821341634,"mean":0.0178519207984,"median":0.0135067682713,"min":8.65467755707e-23,"var":0.000294281082461},"spectral_energyband_middle_high":{"dmean":0.00128402141854,"dmean2":0.00188966793939,"dvar":0.00000374111345991,"dvar2":0.00000815512339614,"max":0.0483728311956,"mean":0.00452712131664,"median":0.00351791805588,"min":1.90063607714e-21,"var":0.0000159823484864},"spectral_energyband_middle_low":{"dmean":0.00787630304694,"dmean2":0.0127436798066,"dvar":0.000153351968038,"dvar2":0.000386358675314,"max":0.141473069787,"mean":0.0213054232299,"median":0.0178350433707,"min":3.0987622609e-22,"var":0.000241828063736},"spectral_entropy":{"dmean":0.172473534942,"dmean2":0.246715322137,"dvar":0.0329610817134,"dvar2":0.064271017909,"max":9.78646373749,"mean":7.26925230026,"median":7.26009559631,"min":5.5116558075,"var":0.191712200642},"spectral_flux":{"dmean":0.0294415317476,"dmean2":0.0466557554901,"dvar":0.00137927522883,"dvar2":0.00282911397517,"max":0.392579346895,"mean":0.0914781615138,"median":0.0792752206326,"min":1.0467127165e-10,"var":0.00300779915415},"spectral_kurtosis":{"dmean":2.88447952271,"dmean2":4.75606489182,"dvar":14.203962326,"dvar2":36.9593544006,"max":59.4243774414,"mean":7.00047445297,"median":5.57168722153,"min":-1.43453633785,"var":35.3619308472},"spectral_rms":{"dmean":0.000944142637309,"dmean2":0.00153512274846,"dvar":0.00000145003434682,"dvar2":0.00000371809392163,"max":0.0146251656115,"mean":0.00599909713492,"median":0.00591984856874,"min":3.26938129347e-12,"var":0.00000354382541445},"spectral_rolloff":{"dmean":370.672851562,"dmean2":634.825927734,"dvar":1134271.625,"dvar2":2661406.25,"max":18970.7519531,"mean":939.521057129,"median":602.9296875,"min":43.06640625,"var":1998725.25},"spectral_skewness":{"dmean":0.289914250374,"dmean2":0.458010315895,"dvar":0.093331925571,"dvar2":0.229182809591,"max":6.1284198761,"mean":1.85628974438,"median":1.79860055447,"min":-0.37568244338,"var":0.428032964468},"spectral_spread":{"dmean":588480.5625,"dmean2":787883,"dvar":743657373696,"dvar2":1086072029180,"max":39624908,"mean":3867810.25,"median":3496003,"min":1187063.375,"var":4267327356930},"spectral_strongpeak":{"dmean":0.402292728424,"dmean2":0.690124809742,"dvar":0.45001617074,"dvar2":1.11774218082,"max":26.4953632355,"mean":0.772451102734,"median":0.505242466927,"min":0,"var":0.708106935024},"zerocrossingrate":{"dmean":0.00762767111883,"dmean2":0.00887547899038,"dvar":0.000167766600498,"dvar2":0.000180469403858,"max":0.49560546875,"mean":0.041166767478,"median":0.033203125,"min":0.00537109375,"var":0.00125391583424}},"metadata":{"audio_properties":{"analysis_sample_rate":44100,"bit_rate":0,"codec":"flac","downmix":"mix","equal_loudness":0,"length":249.160003662,"lossless":true,"md5_encoded":"4386a4a39c6ec2e54d4e5937738fbd1a","replay_gain":-12.2413082123},"tags":{"acoustid_id":["beee1b23-9e1e-4777-8098-7310cddde09d"],"album":["Rather Ripped"],"albumartist":["Sonic Youth"],"albumartistsort":["Sonic Youth"],"artist":["Sonic Youth"],"artists":["Sonic Youth"],"artistsort":["Sonic Youth"],"asin":["B000FDF1U6"],"barcode":["4988005432476"],"catalognumber":["UICF-1075"],"date":["2006-06-05"],"file_name":"10 - The Neutral.flac","label":["Geffen Records"],"media":["CD"],"musicbrainz_albumartistid":["5cbef01b-cc35-4f52-af7b-d0df0c4f61b9"],"musicbrainz_albumid":["41973638-f69e-478c-9a7f-b2ab95744cff"],"musicbrainz_artistid":["5cbef01b-cc35-4f52-af7b-d0df0c4f61b9"],"musicbrainz_recordingid":["c78cf743-2915-4766-b902-46c74c762f05"],"musicbrainz_releasegroupid":["4c528cc1-e920-38f5-9ee4-12e36afc388b"],"musicbrainz_releasetrackid":["2e93e2a7-be53-39a3-9b93-7ee4bf87a984"],"originaldate":["2006"],"releasecountry":["JP"],"releasestatus":["official"],"releasetype":["album"],"script":["Latn"],"title":["The Neutral"],"totaltracks":["15"],"tracknumber":["10"],"tracktotal":["15"]},"version":{"essentia":"2.1-beta1","essentia_build_sha":"85931cb11b241c07ac43bfc3827c398894034a25","essentia_git_sha":"v2.1_beta1-6-g5578087","extractor":"music 1.0"}},"rhythm":{"beats_count":568,"beats_loudness":{"dmean":0.0186994243413,"dmean2":0.0331925712526,"dvar":0.000228265082114,"dvar2":0.000727142964024,"max":0.135459408164,"mean":0.0543316267431,"median":0.0554831624031,"min":5.92471294247e-10,"var":0.000449768529506},"beats_loudness_band_ratio":{"dmean":[0.1846870929,0.110675260425,0.103026196361,0.0441941730678,0.0324046388268,0.0204761847854],"dmean2":[0.32998389005