{"lowlevel":{"average_loudness":0.45828768611,"barkbands":{"dmean":[0.0000944881612668,0.00171396567021,0.00223680073395,0.00096167891752,0.00217287614942,0.000666685693432,0.000815700972453,0.000705006008502,0.000331041344907,0.000364396983059,0.000290270603728,0.000161226926139,0.000202674855245,0.000268008268904,0.000171442763531,0.000142239397974,0.000103032332845,0.0000616694815108,0.0000852551820572,0.0000481326314912,0.0000409540407418,0.000026872034141,0.0000244900093094,0.0000249526674452,0.0000156970490934,0.00000565255095353,0.00000355701058652],"dmean2":[0.000159426112077,0.00292190001346,0.00374337704852,0.00164719449822,0.00339979631826,0.00107666861732,0.00125220348127,0.00110297871288,0.00052845699247,0.000577647006139,0.000445212615887,0.000249397213338,0.000329913425958,0.000402315345127,0.000263435882516,0.00021780973475,0.00015922547027,0.0000985627484624,0.00012950177188,0.0000731300897314,0.0000627222980256,0.0000412164954469,0.0000379653174605,0.0000367645334336,0.000022077554604,0.00000832480782265,0.0000060018073782],"dvar":[6.63034214199e-8,0.00000991048909782,0.0000116099126899,0.00000301331783703,0.0000162329324667,0.00000135337609208,0.00000371332498617,0.00000406866274716,0.00000202786372938,0.00000131298384076,6.29738337921e-7,2.28406648262e-7,4.89728108732e-7,0.00000123803590668,3.31748708504e-7,2.07603747526e-7,7.22744175619e-8,2.34441586144e-8,3.21747712917e-8,1.55515937905e-8,1.26851764648e-8,6.99619828737e-9,5.62603030829e-9,5.00157470995e-9,3.05032177295e-9,2.76357686735e-10,8.56026985407e-11],"dvar2":[1.82722416753e-7,0.0000272036013484,0.000031262065022,0.0000083136574176,0.0000390258028347,0.00000344332511304,0.00000836173057905,0.00000989764885162,0.00000507906952407,0.00000317518902193,0.0000013657843283,5.09043843522e-7,0.00000117547665468,0.00000255681266026,7.88059026036e-7,4.45828476359e-7,1.57669930445e-7,5.80473447087e-8,7.4239579817e-8,3.29592531045e-8,2.8692701548e-8,1.50952939038e-8,1.22458700957e-8,1.02790673751e-8,4.42264802558e-9,5.71203417898e-10,2.17562190485e-10],"max":[0.004095653072,0.0426701158285,0.0541504248977,0.0234784521163,0.0720983818173,0.020724536851,0.0516297779977,0.0374728888273,0.0537447072566,0.0270997993648,0.0261593405157,0.0153273846954,0.0214938372374,0.0411919094622,0.0194913651794,0.015351979062,0.00858600251377,0.00319708813913,0.00463470770046,0.00525091867894,0.00406360719353,0.00282847019844,0.00216076127253,0.00262141413987,0.00341739109717,0.00041977679939,0.000147619532072],"mean":[0.0000999083495117,0.00229029497132,0.00358772580512,0.00140597473364,0.00458055688068,0.00118467444554,0.00182209536433,0.00119375030044,0.000476171058835,0.000597111764364,0.000593548291363,0.000277150887996,0.00035975308856,0.000464482989628,0.000304999062791,0.000237349435338,0.000191917060874,0.000115579226986,0.000179828843102,0.000100779645436,0.0000874449688126,0.0000390997884097,0.000030430715924,0.000034871736716,0.0000219631147047,0.00000675853516441,0.0000031022038911],"median":[0.0000188592184713,0.000898084254004,0.00189482071437,0.000603652501013,0.00218337448314,0.000547362782527,0.000370448775357,0.000185813900316,0.00010235922673,0.0000790786143625,0.0000761550400057,0.0000531891564606,0.0000395616516471,0.0000340012084052,0.0000380980600312,0.0000402094010497,0.0000326280678564,0.0000226432093768,0.0000392686342821,0.0000227222499234,0.0000170952462213,0.00000613664133198,0.00000543115584151,0.00000691630157235,0.00000322824485011,9.03506361283e-7,3.41661291259e-7],"min":[1.92361981453e-25,2.14897070179e-24,1.01249961919e-24,3.23737767273e-25,4.51506077382e-24,7.14319939451e-24,2.9836579175e-24,5.64121059755e-24,1.33263613783e-23,1.10593163427e-23,1.52890362664e-23,2.96128317955e-23,2.30561039412e-23,3.21131706108e-23,3.84244585939e-23,5.2292030618e-23,5.90778247464e-23,5.71201181043e-23,1.20152250133e-22,1.51641532742e-22,2.10555205e-22,2.36124168557e-22,3.80451812126e-22,4.60613787344e-22,7.10578034545e-22,1.17365417863e-21,1.95066919509e-21],"var":[6.85737759909e-8,0.0000158998409461,0.000024057142582,0.00000507869572175,0.0000442084747192,0.00000301986574414,0.0000167455309565,0.00000786807686382,0.00000266730103249,0.00000278654397334,0.00000256614680438,5.80860330501e-7,0.00000123893585169,0.00000358017837243,8.05682759619e-7,4.73108514143e-7,1.87612357649e-7,5.90139244139e-8,1.01416745224e-7,4.06039220024e-8,2.9411070912e-8,1.44859360063e-8,9.70782210175e-9,1.16377529835e-8,7.64880514481e-9,4.28122814977e-10,7.44141137599e-11]},"barkbands_crest":{"dmean":2.4125289917,"dmean2":4.0001449585,"dvar":4.5696144104,"dvar2":11.9853162766,"max":23.4681816101,"mean":10.4773139954,"median":9.86298370361,"min":3.45256018639,"var":13.1872301102},"barkbands_flatness_db":{"dmean":0.0273822452873,"dmean2":0.0386621393263,"dvar":0.000838290899992,"dvar2":0.00159429805353,"max":0.48975455761,"mean":0.17468740046,"median":0.156441673636,"min":0.0397758148611,"var":0.00622091069818},"barkbands_kurtosis":{"dmean":4.74172687531,"dmean2":7.37043094635,"dvar":72.3975296021,"dvar2":160.872756958,"max":573.843566895,"mean":13.2174577713,"median":5.88524246216,"min":-1.95977461338,"var":937.323669434},"barkbands_skewness":{"dmean":0.55702984333,"dmean2":0.859455287457,"dvar":0.332069009542,"dvar2":0.809700250626,"max":17.5436840057,"mean":2.18567228317,"median":2.05507040024,"min":-2.17508292198,"var":3.13037180901},"barkbands_spread":{"dmean":4.08708667755,"dmean2":6.12409591675,"dvar":34.215385437,"dvar2":75.793258667,"max":145.072143555,"mean":14.5100250244,"median":11.8957023621,"min":0.443952679634,"var":171.721755981},"dissonance":{"dmean":0.0236259568483,"dmean2":0.0384484119713,"dvar":0.000498295295984,"dvar2":0.00123479496688,"max":0.500000059605,"mean":0.44602021575,"median":0.454135328531,"min":0.230865046382,"var":0.00143175665289},"dynamic_complexity":5.61356163025,"erbbands":{"dmean":[0.043333299458,0.439541131258,2.03909468651,3.0640103817,5.54478311539,8.04563522339,6.57771921158,4.89853286743,7.95380783081,16.5766716003,11.6101140976,7.328083992,12.1315050125,9.53057479858,9.43968009949,5.38837814331,8.55406475067,12.8465976715,8.99027347565,8.01861667633,6.88637828827,5.01433563232,3.2709903717,4.60277414322,3.11470484734,2.09190392494,1.93601763248,1.37216496468,0.997337341309,0.76728194952,0.688751220703,0.584776699543,0.37789785862,0.201376453042,0.098073862493,0.029616959393,0.00907246675342,0.00379361701198,0.000706522667315,0.0000252696936514],"dmean2":[0.0740129798651,0.746315956116,3.4446310997,5.09321784973,9.00540733337,12.6211490631,10.7250671387,7.83830356598,12.6545162201,25.3151111603,17.939409256,11.756070137,18.9728126526,14.7146673203,14.3788461685,8.23561286926,13.6890792847,19.1152095795,13.4882268906,12.2016906738,10.552734375,7.58576345444,5.12636518478,7.09258890152,4.60406398773,3.11878705025,2.96270632744,2.08999919891,1.51348924637,1.190341115,1.07479345798,0.89367890358,0.558587491512,0.290089488029,0.138404220343,0.0425951033831,0.0134730599821,0.0060213515535,0.00120752700604,0.0000419794523623],"dvar":[0.00847604405135,0.624043524265,8.68357467651,29.5062561035,102.333381653,307.848510742,139.299499512,91.2567443848,282.585205078,1554.51989746,1437.58532715,815.517578125,1603.88110352,987.332580566,740.753234863,299.326141357,914.047485352,2866.15722656,930.908935547,776.788696289,428.790893555,116.396827698,61.248298645,114.03881073,44.5905227661,34.4826316833,28.6264057159,18.7322902679,11.7396564484,5.17398262024,4.39133548737,3.55909085274,1.05324101448,0.403870522976,0.15672467649,0.0100420936942,0.00067048612982,0.000101780635305,0.00000342162365996,3.41169403839e-9],"dvar2":[0.0238931924105,1.73081254959,23.9250144958,77.0034637451,264.696258545,713.661499023,361.057434082,223.914306641,670.186462402,3678.55395508,3419.51196289,1986.29418945,3877.56640625,2467.46484375,1772.77722168,649.100280762,2275.13574219,5963.66992188,1974.65332031,1831.36901855,930.004272461,260.602996826,145.429916382,266.5105896,96.5791244507,66.6829071045,69.3668518066,41.0632896423,24.9613952637,11.625128746,9.55438137054,8.27468204498,1.86697041988,0.632645189762,0.246259585023,0.0190595053136,0.00140435399953,0.000243069938733,0.00000881150572241,8.85345041723e-9],"max":[1.33409142494,11.5337638855,40.3749046326,94.8360366821,178.9662323,421.485473633,239.212097168,220.194915771,312.305999756,866.556335449,810.457885742,954.157958984,981.735717773,1190.70788574,705.711547852,735.203857422,954.292053223,1966.58410645,975.502563477,997.144836426,527.422607422,238.181472778,165.668579102,308.152404785,171.245986938,241.73828125,233.292861938,217.140090942,126.348625183,75.2014770508,61.56199646,63.370639801,44.2964859009,33.722114563,25.2669944763,3.05142641068,0.710220754147,0.275196492672,0.0202774796635,0.000871627242304],"mean":[0.0555285736918,0.592816591263,3.19888186455,5.62642908096,10.5988998413,15.6774606705,11.5741796494,9.12525558472,16.8395690918,35.2186203003,19.6487941742,11.8763771057,20.6012630463,19.5992298126,19.6497974396,10.7282314301,15.923371315,23.8505020142,17.2564888,15.0835609436,13.0567092896,10.1450796127,6.87433958054,9.62886714935,6.83506727219,4.47760820389,4.17621850967,2.7802426815,1.5592700243,0.962759196758,0.863647282124,0.793956160545,0.530469357967,0.28964844346,0.129043892026,0.0362651012838,0.0110674593598,0.00394707079977,0.000585981062613,0.0000402314290113],"median":[0.016787590459,0.277911454439,1.87859165668,2.67091631889,4.58215904236,6.64411592484,5.5222992897,4.2231836319,5.47961568832,6.40849876404,4.65709495544,2.9647424221,2.96331191063,3.10469079018,3.3574385643,2.45638108253,2.12845373154,2.15008687973,2.00801229477,2.65363359451,2.49250650406,1.9085290432,1.4439252615,2.1259059906,1.61652827263,1.02670955658,0.943866193295,0.503813803196,0.25408822298,0.167696475983,0.155979454517,0.151793330908,0.104836709797,0.0480986088514,0.0164230875671,0.00438953656703,0.0015755671775,0.000732164829969,0.0000374097908207,0.0000208272886084],"min":[5.9767213447e-23,2.383979055e-22,1.93576479793e-21,4.50729786818e-21,6.35510222655e-21,1.88587906192e-20,5.40474189999e-20,7.70650766374e-20,3.97650503561e-20,1.39961583357e-19,2.52127158097e-19,3.15497077084e-19,5.16323139826e-19,6.28453417218e-19,8.35676946516e-19,1.57951854367e-18,7.87120513981e-19,1.51789338124e-18,2.15197529723e-18,2.41239243358e-18,3.07048119891e-18,4.00354465218e-18,3.48487511115e-18,5.80267406501e-18,6.42983661518e-18,8.19600991164e-18,9.60828928586e-18,8.2784334966e-18,9.21832491224e-18,9.46923857053e-18,1.10058903401e-17,1.0937920082e-17,9.32307741065e-18,7.44654374482e-18,5.96996100414e-18,4.04253877344e-18,2.02180167744e-18,8.42755803102e-19,2.38851891543e-19,2.71795393414e-20],"var":[0.0125202098861,0.901024758816,15.6583127975,74.3992996216,265.947662354,716.123535156,290.336181641,222.542175293,933.584350586,5255.06787109,2473.17700195,1260.49267578,3487.3840332,2888.40966797,2573.45825195,818.078552246,2190.79077148,8160.13525391,2262.98730469,1762.12438965,1068.13293457,385.930541992,189.886962891,310.311523438,147.513580322,93.300567627,59.9437332153,39.6466903687,25.3022556305,8.30714035034,7.83489227295,6.82273960114,2.61390304565,1.0517629385,0.349160641432,0.01777000539,0.0010369902011,0.00011285765504,0.00000279850337392,3.69255181987e-9]},"erbbands_crest":{"dmean":2.46857857704,"dmean2":3.89445066452,"dvar":5.62962007523,"dvar2":13.5839195251,"max":30.7114238739,"mean":10.0124120712,"median":9.02712535858,"min":2.23708128929,"var":23.8426494598},"erbbands_flatness_db":{"dmean":0.0227163918316,"dmean2":0.0301187541336,"dvar":0.00054548191838,"dvar2":0.000958396180067,"max":0.377411574125,"mean":0.164097264409,"median":0.162304773927,"min":0.0320237390697,"var":0.00290409126319},"erbbands_kurtosis":{"dmean":1.63778305054,"dmean2":2.53395009041,"dvar":12.9370641708,"dvar2":31.3701286316,"max":319.359130859,"mean":5.78150177002,"median":0.400946855545,"min":-1.83841097355,"var":823.656860352},"erbbands_skewness":{"dmean":0.377137303352,"dmean2":0.572547316551,"dvar":0.136636197567,"dvar2":0.29826721549,"max":14.0260705948,"mean":0.999867141247,"median":0.725401341915,"min":-2.43684840202,"var":3.03748631477},"erbbands_spread":{"dmean":8.62198066711,"dmean2":12.2560586929,"dvar":110.918106079,"dvar2":219.969650269,"max":166.067703247,"mean":35.2506141663,"median":32.7165145874,"min":1.29047870636,"var":395.845092773},"gfcc":{"cov":[[53716.703125,3763.73876953,-7263.52099609,945.438110352,-2438.83618164,319.437896729,-1246.67602539,770.770385742,-539.651916504,426.698791504,-114.271957397,-354.887481689,-24.1527614594],[3763.73876953,1767.15332031,-497.226470947,-88.0265579224,-61.5982589722,-165.113876343,20.6115264893,-63.2404899597,-39.2330703735,-116.751159668,17.1540088654,-111.991516113,-11.7535943985],[-7263.52099609,-497.226470947,1881.47875977,-52.706653595,272.820373535,-35.8751754761,69.9656906128,-179.728561401,16.236749649,-165.240814209,-95.9688644409,93.9570541382,-112.766830444],[945.438110352,-88.0265579224,-52.706653595,226.523742676,-40.2106018066,20.6847686768,-67.4803009033,45.5241394043,7.10120153427,13.2702541351,-6.46021699905,13.2403793335,1.12384557724],[-2438.83618164,-61.5982589722,272.820373535,-40.2106018066,251.975204468,-35.2908821106,87.8044586182,-39.3427276611,25.1761207581,-31.2604007721,7.40322256088,8.92537593842,15.448466301],[319.437896729,-165.113876343,-35.8751754761,20.6847686768,-35.2908821106,224.017181396,39.2212295532,11.1062984467,-22.5160484314,49.7704620361,31.5139408112,9.71396541595,30.453742981],[-1246.67602539,20.6115264893,69.9656906128,-67.4803009033,87.8044586182,39.2212295532,162.011138916,-8.69472789764,20.4119815826,-1.51989197731,32.8926010132,-6.8589220047,22.4883708954],[770.770385742,-63.2404899597,-179.728561401,45.5241394043,-39.3427276611,11.1062984467,-8.69472789764,122.568077087,51.0226669312,30.6342735291,16.8973522186,7.42003822327,18.9345531464],[-539.651916504,-39.2330703735,16.236749649,7.10120153427,25.1761207581,-22.5160484314,20.4119815826,51.0226669312,115.907119751,21.1983318329,25.587726593,13.7576122284,10.1299886703],[426.698791504,-116.751159668,-165.240814209,13.2702541351,-31.2604007721,49.7704620361,-1.51989197731,30.6342735291,21.1983318329,111.921302795,48.5559539795,-1.77631437778,15.3128538132],[-114.271957397,17.1540088654,-95.9688644409,-6.46021699905,7.40322256088,31.5139408112,32.8926010132,16.8973522186,25.587726593,48.5559539795,94.0284423828,13.3749065399,24.1788749695],[-354.887481689,-111.991516113,93.9570541382,13.2403793335,8.92537593842,9.71396541595,-6.8589220047,7.42003822327,13.7576122284,-1.77631437778,13.3749065399,68.8751373291,15.5331306458],[-24.1527614594,-11.7535943985,-112.766830444,1.12384557724,15.448466301,30.453742981,22.4883708954,18.9345531464,10.1299886703,15.3128538132,24.1788749695,15.5331306458,79.2654953003]],"icov":[[0.000121420845971,-0.000227439290029,0.000343804829754,-0.000220930858632,0.000433342211181,-0.000278922059806,0.000329406408127,-0.000305116176605,0.000315731303999,-0.000158075068612,0.000464797543827,-0.000373830087483,0.000419316900661],[-0.000227439290029,0.00135622883681,-0.000326741894241,0.000472727668239,-0.00045018462697,0.0010291520739,-0.000831485609524,0.00130188651383,-0.000788869976532,0.00190377165563,-0.00190907879733,0.00182833184954,-0.00076539820293],[0.000343804829754,-0.000326741894241,0.00216725305654,-0.00067098159343,0.000469596154289,-0.00113461713772,0.000661943340674,0.000630052934866,-0.00000728687473384,0.00088753021555,0.00178508402314,-0.00247193640098,0.00292452075519],[-0.000220930858632,0.000472727668239,-0.00067098159343,0.00605862308294,-0.00117227027658,-0.000457763468148,0.00208520097658,-0.00146406108979,-0.000601607898716,0.000504614436068,-0.00081260909792,0.000418377050664,-0.000729924708139],[0.000433342211181,-0.00045018462697,0.000469596154289,-0.00117227027658,0.00833621434867,0.000914894859307,-0.00209071603604,0.00050424184883,0.000302098545944,0.000184476055438,0.000819329405203,-0.000374435912818,-0.00100430159364],[-0.000278922059806,0.0010291520739,-0.00113461713772,-0.000457763468148,0.000914894859307,0.00747777428478,-0.00360538717359,0.00054540700512,0.00181841582526,-0.00176197523251,-0.00204331451096,0.000981781282462,-0.00315983244218],[0.000329406408127,-0.000831485609524,0.000661943340674,0.00208520097658,-0.00209071603604,-0.00360538717359,0.011850473471,-0.00169063219801,-0.000572274322622,0.00116777780931,-0.00172809546348,0.00171684974339,-0.000238126085605],[-0.000305116176605,0.00130188651383,0.000630052934866,-0.00146406108979,0.00050424184883,0.00054540700512,-0.00169063219801,0.0153029356152,-0.00735703157261,0.00120705459267,-0.000666995823849,-0.0000119695323519,-0.00155365082901],[0.000315731303999,-0.000788869976532,-0.00000728687473384,-0.000601607898716,0.000302098545944,0.00181841582526,-0.000572274322622,-0.00735703157261,0.0144419586286,-0.00319534679875,-0.000762474606745,-0.00203160662204,0.000541991204955],[-0.000158075068612,0.00190377165563,0.00088753021555,0.000504614436068,0.000184476055438,-0.00176197523251,0.00116777780931,0.00120705459267,-0.00319534679875,0.0176029261202,-0.00850877724588,0.00384748564102,0.000360237638233],[0.000464797543827,-0.00190907879733,0.00178508402314,-0.00081260909792,0.000819329405203,-0.00204331451096,-0.00172809546348,-0.000666995823849,-0.000762474606745,-0.00850877724588,0.0200861152261,-0.00702648237348,0.000675713468809],[-0.000373830087483,0.00182833184954,-0.00247193640098,0.000418377050664,-0.000374435912818,0.000981781282462,0.00171684974339,-0.0000119695323519,-0.00203160662204,0.00384748564102,-0.00702648237348,0.0223599299788,-0.00687590800226],[0.000419316900661,-0.00076539820293,0.00292452075519,-0.000729924708139,-0.00100430159364,-0.00315983244218,-0.000238126085605,-0.00155365082901,0.000541991204955,0.000360237638233,0.000675713468809,-0.00687590800226,0.0196518916637]],"mean":[-105.394073486,112.758865356,-85.4459381104,28.9109916687,-47.0586433411,2.13585686684,-34.5755119324,1.02229189873,-24.7461776733,-4.41989564896,-14.476776123,-7.02774238586,-10.834651947]},"hfc":{"dmean":2.84969878197,"dmean2":4.00524377823,"dvar":22.9324989319,"dvar2":44.4187469482,"max":97.1146316528,"mean":11.1095228195,"median":5.43951845169,"min":1.06431125808e-16,"var":183.263214111},"melbands":{"dmean":[0.000427389866672,0.000854116980918,0.000515257299412,0.000527502270415,0.000238775173784,0.000113336209324,0.000134090980282,0.000182568939636,0.0000839730273583,0.0000493352818012,0.000061901526351,0.0000386644751416,0.0000344842301274,0.0000196545279323,0.0000147234313772,0.0000221063874051,0.0000267635950877,0.0000165107157954,0.0000135216987474,0.0000106248307929,0.00000832423029351,0.00000604534125159,0.00000380728852178,0.0000030943249385,0.00000432676733908,0.00000291857600132,0.00000207483958548,0.00000143830095567,0.00000135953814606,0.00000109962877559,8.06654497865e-7,6.15100816503e-7,4.76686864204e-7,4.30832670872e-7,4.06272022246e-7,3.83315693853e-7,3.63848130291e-7,2.85086997565e-7,2.19998270268e-7,1.61315270475e-7],"dmean2":[0.000725655059796,0.00143826182466,0.000851117889397,0.000830835546367,0.000385160499718,0.000181274357601,0.000210020007216,0.000281863205601,0.000129618027131,0.0000785041265772,0.0000966185107245,0.0000597573598498,0.0000522262198501,0.0000307066366076,0.0000226128377108,0.0000360229241778,0.000039901718992,0.0000252731570072,0.000020720066459,0.0000160870295076,0.0000127892562887,0.00000915941473068,0.0000059776971284,0.00000486619182993,0.00000669679548082,0.00000443205863121,0.00000315535316986,0.00000217138222069,0.00000213450448427,0.00000171058604792,0.00000124829523429,9.42477527133e-7,7.48886805013e-7,6.77089417422e-7,6.43969428893e-7,5.93636002577e-7,5.5948271438e-7,4.28160063848e-7,3.28346999368e-7,2.33696326291e-7],"dvar":[6.67014376177e-7,0.00000153186317675,7.43247767332e-7,0.00000106188508653,1.86186639439e-7,4.29006945524e-8,8.56884199152e-8,1.89072764556e-7,8.58188400343e-8,4.02752498019e-8,4.15051495395e-8,1.66186477912e-8,8.81592931989e-9,3.54344886766e-9,3.56079454811e-9,5.76457903634e-9,1.39728468795e-8,3.8336303021e-9,2.33414820805e-9,1.34601974011e-9,6.78331557591e-10,1.92706309243e-10,8.14041195563e-11,7.27345683682e-11,1.08889570971e-10,3.74802619496e-11,2.70883489251e-11,1.84156682959e-11,1.27168137132e-11,9.27738615097e-12,7.98435276228e-12,4.91670029343e-12,2.4843530011e-12,1.74202308394e-12,1.56508714409e-12,1.58435287459e-12,1.50599920989e-12,6.28647578872e-13,4.38679447585e-13,2.74317732158e-13],"dvar2":[0.00000182627718459,0.0000042208416744,0.00000196429482457,0.00000256084649664,4.64470218731e-7,1.05872189238e-7,1.96425745003e-7,4.56220874412e-7,2.0756739616e-7,9.65127071595e-8,1.00176094975e-7,4.13106597819e-8,1.87295139398e-8,8.60868620833e-9,6.90914303547e-9,1.50780632424e-8,2.9011305358e-8,8.06414313104e-9,5.76301095734e-9,2.88093526812e-9,1.46818668334e-9,4.12861245191e-10,2.00170297004e-10,1.68317818017e-10,2.55705345786e-10,8.36327396225e-11,6.14407205668e-11,3.5604831583e-11,3.14923920275e-11,2.12792925641e-11,1.86931043561e-11,1.10402659237e-11,5.3130525153e-12,4.01668672281e-12,3.4726535883e-12,3.58575495685e-12,3.69682496421e-12,1.17417035296e-12,7.39958224902e-13,4.60349315091e-13],"max":[0.011267548427,0.0168253183365,0.0138860270381,0.0194912329316,0.009157480672,0.00424273265526,0.00662636104971,0.00775273796171,0.00715202698484,0.00727175083011,0.00506868772209,0.0050674774684,0.00354091427289,0.0017408215208,0.00245945714414,0.00169595365878,0.00455333525315,0.00188014260493,0.00203192187473,0.00156099745072,0.000689637265168,0.00034236657666,0.000235712199355,0.000244821654633,0.000305232359096,0.000126731552882,0.00020044077246,0.000219161127461,0.000127074526972,0.000127514271298,0.000142572898767,0.0000835299360915,0.0000467231766379,0.0000413985180785,0.0000348537942045,0.0000414122441725,0.0000408081396017,0.0000324566208292,0.0000356151504093,0.0000231653448282],"mean":[0.000577132101171,0.001416915562,0.00105074781459,0.00105830375105,0.000450271589216,0.000212347062188,0.00029833856388,0.000376502866857,0.000134877831442,0.0000742436823202,0.000102236168459,0.0000756618683226,0.0000719553354429,0.0000365539963241,0.0000261637796939,0.00003774396464,0.0000471463681606,0.0000284575489786,0.0000247906773438,0.0000171079009306,0.0000150204914462,0.0000113188943942,0.00000680688162902,0.00000565853042644,0.00000832293517306,0.00000574947443965,0.00000396313453166,0.00000275294610219,0.00000266681422545,0.00000222506332648,0.00000142839348882,9.34112335926e-7,6.0023324977e-7,5.10018537625e-7,4.89911940349e-7,4.95148185564e-7,4.82088921672e-7,3.86138083286e-7,3.03795360423e-7,2.26963209116e-7],"median":[0.000205503689358,0.000874121673405,0.000560490647331,0.000467385078082,0.00022253478528,0.000100298209873,0.00008111664647,0.0000651470036246,0.0000312066404149,0.0000149693150888,0.0000132055383801,0.0000111880526674,0.0000109837483251,0.00000640790085527,0.00000448881155535,0.00000402421983381,0.00000351299922841,0.00000266413985628,0.00000304999502987,0.00000293540028906,0.0000025231172458,0.00000194341828319,0.00000129276884309,0.00000103066713564,0.00000174485319349,0.00000130872433601,8.31631950859e-7,5.70975032588e-7,6.26291523531e-7,4.13669567934e-7,2.29211622127e-7,1.36360569059e-7,8.99290881762e-8,8.49080876719e-8,8.2607158447e-8,8.92122358209e-8,9.14868749646e-8,7.31968157197e-8,5.38566808927e-8,3.42888775151e-8],"min":[1.01732734932e-24,1.06719814968e-24,7.46879206959e-25,8.30926025523e-25,2.02441765068e-24,1.6248532913e-24,6.49746369269e-25,1.82451556413e-24,2.25129365259e-24,1.38213824431e-24,1.79826108992e-24,1.9515523438e-24,2.85915062033e-24,2.81643794383e-24,2.22701409165e-24,2.03151286288e-24,2.17784774409e-24,2.58366145956e-24,2.20552512616e-24,2.71575109055e-24,2.98485067519e-24,2.79978449847e-24,3.82076299189e-24,3.16849473292e-24,4.33881465367e-24,3.59066449318e-24,4.73169538903e-24,4.59090619998e-24,5.9859838339e-24,5.48247876722e-24,3.98588065125e-24,4.33421362244e-24,5.1030094561e-24,4.87238439274e-24,5.73680752306e-24,5.73010102207e-24,5.17253926186e-24,4.78955518098e-24,5.96682043036e-24,5.56757003762e-24],"var":[0.0000011234642443,0.0000028615543215,0.00000192857851289,0.00000271134058494,4.34876966438e-7,1.05297360165e-7,3.50809216343e-7,5.45897478332e-7,1.34777806693e-7,6.20843465526e-8,9.00243151136e-8,4.48373818074e-8,3.43928512336e-8,1.00728145824e-8,8.21576140453e-9,1.29809096805e-8,3.9498473825e-8,8.48558379118e-9,6.31810648244e-9,3.108883595e-9,1.72924652375e-9,5.76745984304e-10,1.90469723327e-10,1.75896866517e-10,2.62347421565e-10,1.11064699104e-10,6.70622307686e-11,4.54177494225e-11,2.43322202664e-11,2.04137731025e-11,1.42400258252e-11,9.94194483683e-12,4.13293487975e-12,2.51929119927e-12,2.52896315001e-12,2.96252974409e-12,2.59263335627e-12,1.42163407782e-12,1.03050218098e-12,6.76029599054e-13]},"melbands_crest":{"dmean":2.88418292999,"dmean2":4.83545732498,"dvar":6.50184965134,"dvar2":17.7541561127,"max":29.6487388611,"mean":13.5307397842,"median":13.2256574631,"min":1.56117224693,"var":20.7203826904},"melbands_flatness_db":{"dmean":0.0321772918105,"dmean2":0.0456974431872,"dvar":0.00115407328121,"dvar2":0.00223657605238,"max":0.636180341244,"mean":0.262253493071,"median":0.245284706354,"min":0.00229592761025,"var":0.0115932924673},"melbands_kurtosis":{"dmean":9.10201835632,"dmean2":14.4452323914,"dvar":235.627578735,"dvar2":643.752929688,"max":474.311035156,"mean":23.2824954987,"median":13.4669189453,"min":-1.68801116943,"var":1318.609375},"melbands_skewness":{"dmean":0.722059845924,"dmean2":1.12341356277,"dvar":0.597362875938,"dvar2":1.48587071896,"max":16.0857639313,"mean":2.97791719437,"median":2.74809551239,"min":-1.3253787756,"var":3.2549059391},"melbands_spread":{"dmean":4.11268234253,"dmean2":6.32048559189,"dvar":37.9671058655,"dvar2":89.7731781006,"max":195.813354492,"mean":16.890165329,"median":10.2066812515,"min":0.349264413118,"var":567.602294922},"mfcc":{"cov":[[20930.5761719,1600.69421387,-2091.43481445,146.084320068,-439.671783447,-411.97277832,-100.701164246,-368.906005859,71.3049316406,278.994934082,-20.363117218,347.665740967,59.6054496765],[1600.69421387,2126.65161133,46.9923706055,180.47052002,4.32976293564,-44.6081809998,45.953578949,-2.69282412529,-31.4712371826,-14.7756052017,-50.3065757751,-20.6394329071,-9.6068983078],[-2091.43481445,46.9923706055,870.683776855,54.2790870667,124.39112854,109.760795593,-24.3701171875,114.379013062,-33.4137191772,-65.2031326294,15.0911502838,-56.911403656,-10.5714979172],[146.084320068,180.47052002,54.2790870667,227.855941772,72.3197250366,-43.1317939758,-39.5132598877,13.2308673859,10.7311687469,-24.0010471344,-21.1383304596,22.9067878723,21.8326797485],[-439.671783447,4.32976293564,124.39112854,72.3197250366,136.899536133,8.62740802765,-16.5246715546,30.7124996185,6.48463535309,-16.1101474762,-15.6961278915,-2.3625228405,11.0828437805],[-411.97277832,-44.6081809998,109.760795593,-43.1317939758,8.62740802765,154.695831299,68.2074661255,10.2965927124,-15.2441282272,10.1110925674,13.2136468887,-40.8885574341,-26.1526069641],[-100.701164246,45.953578949,-24.3701171875,-39.5132598877,-16.5246715546,68.2074661255,138.534362793,-0.153689548373,-6.79301404953,23.4669189453,-3.07016944885,-19.7597808838,-30.47407341],[-368.906005859,-2.69282412529,114.379013062,13.2308673859,30.7124996185,10.2965927124,-0.153689548373,104.484184265,21.1919155121,-15.5844717026,-2.42247223854,-7.26033830643,8.58410644531],[71.3049316406,-31.4712371826,-33.4137191772,10.7311687469,6.48463535309,-15.2441282272,-6.79301404953,21.1919155121,69.6323623657,16.5000228882,-4.1397690773,2.3575527668,0.970922648907],[278.994934082,-14.7756052017,-65.2031326294,-24.0010471344,-16.1101474762,10.1110925674,23.4669189453,-15.5844717026,16.5000228882,78.9910812378,18.718460083,9.34042263031,-5.79466819763],[-20.363117218,-50.3065757751,15.0911502838,-21.1383304596,-15.6961278915,13.2136468887,-3.07016944885,-2.42247223854,-4.1397690773,18.718460083,66.8076858521,24.2963523865,4.27637004852],[347.665740967,-20.6394329071,-56.911403656,22.9067878723,-2.3625228405,-40.8885574341,-19.7597808838,-7.26033830643,2.3575527668,9.34042263031,24.2963523865,92.4062423706,29.5506343842],[59.6054496765,-9.6068983078,-10.5714979172,21.8326797485,11.0828437805,-26.1526069641,-30.47407341,8.58410644531,0.970922648907,-5.79466819763,4.27637004852,29.5506343842,76.2073059082]],"icov":[[0.0000766790908528,-0.0000606299581705,0.000150171559653,-0.0000626929904683,0.000140097312396,-0.0000503253140778,0.000138892341056,0.0000335953336617,0.00000803319835541,-0.00017367071996,0.0000942360202316,-0.000202203984372,0.0000450987718068],[-0.0000606299581705,0.000590523472056,-0.000182090079761,-0.000491312122904,0.000152966895257,0.000325270928442,-0.000484723655973,-0.0000543482638022,0.000340936210705,-0.00000323374911204,0.000148715116666,0.000367325090338,-0.0000163414788403],[0.000150171559653,-0.000182090079761,0.00219540949911,-0.000316562218359,-0.000885571935214,-0.00131215527654,0.00111922912765,-0.00163953076117,0.00109277036972,0.000456477544503,-0.000852909113746,0.00031918019522,0.000510437646881],[-0.0000626929904683,-0.000491312122904,-0.000316562218359,0.00659974245355,-0.00316029973328,0.000915506505407,0.000604230794124,0.00045576156117,-0.00106359855272,0.00113794510253,0.00106259004679,-0.00146259786561,-0.00037591313594],[0.000140097312396,0.000152966895257,-0.000885571935214,-0.00316029973328,0.0109657887369,-0.00132509949617,0.000817146268673,-0.00115798134357,-0.000520697853062,-0.000713101297151,0.00272227521054,-0.00086262926925,-0.000765895063523],[-0.0000503253140778,0.000325270928442,-0.00131215527654,0.000915506505407,-0.00132509949617,0.0115096662194,-0.0052041914314,0.000206620956305,0.00133843417279,-0.000701009470504,-0.00319038634188,0.00398939009756,0.000235998508288],[0.000138892341056,-0.000484723655973,0.00111922912765,0.000604230794124,0.000817146268673,-0.0052041914314,0.0115429069847,-0.001486116671,0.00127615453675,-0.00285634608008,0.00249425740913,-0.00132696016226,0.00283197197132],[0.0000335953336617,-0.0000543482638022,-0.00163953076117,0.00045576156117,-0.00115798134357,0.000206620956305,-0.001486116671,0.0134377544746,-0.00561312586069,0.00258694030344,-0.000418527022703,0.000182289688382,-0.00203872495331],[0.00000803319835541,0.000340936210705,0.00109277036972,-0.00106359855272,-0.000520697853062,0.00133843417279,0.00127615453675,-0.00561312586069,0.0186990350485,-0.00540541205555,0.00148846756201,0.000698102405295,0.00116714660544],[-0.00017367071996,-0.00000323374911204,0.000456477544503,0.00113794510253,-0.000713101297151,-0.000701009470504,-0.00285634608008,0.00258694030344,-0.00540541205555,0.0176799893379,-0.00499072484672,-0.000479188427562,0.000181363589945],[0.0000942360202316,0.000148715116666,-0.000852909113746,0.00106259004679,0.00272227521054,-0.00319038634188,0.00249425740913,-0.000418527022703,0.00148846756201,-0.00499072484672,0.0210660938174,-0.00710410391912,0.000250251177931],[-0.000202203984372,0.000367325090338,0.00031918019522,-0.00146259786561,-0.00086262926925,0.00398939009756,-0.00132696016226,0.000182289688382,0.000698102405295,-0.000479188427562,-0.00710410391912,0.017086610198,-0.0046611847356],[0.0000450987718068,-0.0000163414788403,0.000510437646881,-0.00037591313594,-0.000765895063523,0.000235998508288,0.00283197197132,-0.00203872495331,0.00116714660544,0.000181363589945,0.000250251177931,-0.0046611847356,0.0166100785136]],"mean":[-731.024353027,142.118743896,16.2680130005,29.4848842621,8.96812152863,1.81104111671,3.33345866203,-1.58209240437,-2.3976931572,-0.108982801437,-6.42487859726,-1.31977009773,-4.12554979324]},"pitch_salience":{"dmean":0.0702717229724,"dmean2":0.115579500794,"dvar":0.00408922694623,"dvar2":0.0110107306391,"max":0.925744593143,"mean":0.564471960068,"median":0.566712677479,"min":0.185697868466,"var":0.0117776039988},"silence_rate_20dB":{"dmean":0,"dmean2":0,"dvar":0,"dvar2":0,"max":1,"mean":1,"median":1,"min":1,"var":0},"silence_rate_30dB":{"dmean":0.00186104222666,"dmean2":0.0037226616405,"dvar":0.00185759889428,"dvar2":0.00463951844722,"max":1,"mean":0.998449385166,"median":1,"min":0,"var":0.00154826196376},"silence_rate_60dB":{"dmean":0.0254342425615,"dmean2":0.0508763752878,"dvar":0.024783981964,"dvar2":0.0588405430317,"max":1,"mean":0.148084968328,"median":0,"min":0,"var":0.126166954637},"spectral_centroid":{"dmean":180.312850952,"dmean2":266.715759277,"dvar":60212.8125,"dvar2":121711.976562,"max":11759.2910156,"mean":1108.53967285,"median":721.902648926,"min":147.31350708,"var":3224469.25},"spectral_complexity":{"dmean":2.41532254219,"dmean2":3.64169383049,"dvar":10.056643486,"dvar2":19.370923996,"max":49,"mean":12.030547142,"median":10,"min":0,"var":83.8307876587},"spectral_contrast_coeffs":{"dmean":[0.0496365912259,0.0426984801888,0.0339365638793,0.0270819589496,0.018885821104,0.0166063681245],"dmean2":[0.0807242691517,0.0708959400654,0.0542134232819,0.0438725650311,0.0300514604896,0.0259264484048],"dvar":[0.00166860735044,0.00127142982092,0.000804947805591,0.000551734527107,0.000268532283371,0.000234700215515],"dvar2":[0.00443156715482,0.00335914595053,0.00199953606352,0.00133601692505,0.000637530814856,0.000549620890524],"max":[-0.366648048162,-0.474075824022,-0.493336975574,-0.561465144157,-0.635816812515,-0.579784452915],"mean":[-0.631447851658,-0.734582662582,-0.788302779198,-0.803861677647,-0.817130744457,-0.797948420048],"median":[-0.626950919628,-0.733784914017,-0.799711108208,-0.814240634441,-0.816983044147,-0.793579995632],"min":[-0.977983653545,-0.980931520462,-0.986443340778,-0.974489510059,-0.969743847847,-0.966009557247],"var":[0.00998147763312,0.0065433839336,0.00657732412219,0.00518853729591,0.00312427221797,0.00307117612101]},"spectral_contrast_valleys":{"dmean":[0.427776753902,0.354440361261,0.34069904685,0.318868070841,0.338497877121,0.449619024992],"dmean2":[0.691906869411,0.567643642426,0.527801513672,0.462125778198,0.446629613638,0.547870755196],"dvar":[0.143454670906,0.110474675894,0.115473136306,0.115367256105,0.154591470957,0.250849425793],"dvar2":[0.328178733587,0.226680323482,0.214458152652,0.188127145171,0.251348137856,0.434192419052],"max":[-5.32867050171,-4.8992600441,-5.46817302704,-5.97183895111,-5.91435670853,-7.71431922913],"mean":[-7.94758462906,-7.80540657043,-8.61089611053,-9.07901763916,-9.02734470367,-11.5181112289],"median":[-7.15996217728,-6.96573066711,-7.76269626617,-8.22592639923,-8.17899036407,-10.8323154449],"min":[-28.1940498352,-28.0801315308,-28.0095653534,-27.7515716553,-27.57305336,-27.4081535339],"var":[12.7097988129,13.559384346,12.8161849976,12.4586591721,12.463681221,9.34748649597]},"spectral_decrease":{"dmean":1.42433320693e-9,"dmean2":2.2026642732e-9,"dvar":3.91198403018e-18,"dvar2":9.09848960254e-18,"max":6.86660824454e-19,"mean":-5.10823205957e-9,"median":-3.27758553631e-9,"min":-3.3819453904e-8,"var":2.57111491009e-17},"spectral_energy":{"dmean":0.00554559892043,"dmean2":0.00855241250247,"dvar":0.0000594528282818,"dvar2":0.0001370638347,"max":0.133717983961,"mean":0.0202872920781,"median":0.0130085377023,"min":9.97960370288e-21,"var":0.000406788749387},"spectral_energyband_high":{"dmean":0.000140114629176,"dmean2":0.000201035218197,"dvar":1.14870140067e-7,"dvar2":2.21036657422e-7,"max":0.0113422432914,"mean":0.00027472115471,"median":0.000071013244451,"min":6.8852244289e-21,"var":3.14418969083e-7},"spectral_energyband_low":{"dmean":0.00357994576916,"dmean2":0.00591622525826,"dvar":0.0000262542744167,"dvar2":0.0000694310729159,"max":0.0973114520311,"mean":0.00688235508278,"median":0.004085986875,"min":1.3037439494e-23,"var":0.0000678384312778},"spectral_energyband_middle_high":{"dmean":0.000993360416032,"dmean2":0.00142366625369,"dvar":0.00000394909147872,"dvar2":0.00000807240849099,"max":0.046580273658,"mean":0.00326338037848,"median":0.000852700555697,"min":1.17534377985e-21,"var":0.0000279140895145},"spectral_energyband_middle_low":{"dmean":0.0034849436488,"dmean2":0.0053195413202,"dvar":0.0000324438406096,"dvar2":0.0000737960945116,"max":0.100656092167,"mean":0.0109570389614,"median":0.00605620164424,"min":1.48377642835e-22,"var":0.000168686834513},"spectral_entropy":{"dmean":0.246627762914,"dmean2":0.326274186373,"dvar":0.080955080688,"dvar2":0.141207411885,"max":9.83074855804,"mean":7.17174053192,"median":7.26453971863,"min":4.12301635742,"var":0.725307822227},"spectral_flux":{"dmean":0.0163712017238,"dmean2":0.0256631076336,"dvar":0.000293478107778,"dvar2":0.000680160417687,"max":0.24415948987,"mean":0.0635095834732,"median":0.0570842660964,"min":6.35057284537e-11,"var":0.00184695643838},"spectral_kurtosis":{"dmean":3.04258108139,"dmean2":4.71456241608,"dvar":26.5518321991,"dvar2":58.3628387451,"max":96.2357406616,"mean":7.7965798378,"median":5.06173419952,"min":-1.28581547737,"var":81.3096008301},"spectral_rms":{"dmean":0.000556804356165,"dmean2":0.000851817196235,"dvar":3.44333159319e-7,"dvar2":7.74744023602e-7,"max":0.0114217586815,"mean":0.00385998655111,"median":0.0035624790471,"min":3.12028831592e-12,"var":0.00000489304238727},"spectral_rolloff":{"dmean":222.262756348,"dmean2":367.975341797,"dvar":334651.1875,"dvar2":707824.5625,"max":19530.6152344,"mean":1361.34387207,"median":516.796875,"min":64.599609375,"var":10996761},"spectral_skewness":{"dmean":0.331487268209,"dmean2":0.485700935125,"dvar":0.185608685017,"dvar2":0.368229627609,"max":7.9070186615,"mean":1.99362075329,"median":1.74500346184,"min":-0.0798166766763,"var":1.03836846352},"spectral_spread":{"dmean":684936.3125,"dmean2":923208.4375,"dvar":874293690368,"dvar2":1605476155390,"max":43623516,"mean":5290817.5,"median":3819366,"min":1050441,"var":40545283997700},"spectral_strongpeak":{"dmean":0.394841939211,"dmean2":0.671911656857,"dvar":0.604305565357,"dvar2":1.49617707729,"max":11.8651008606,"mean":0.700337648392,"median":0.36364492774,"min":0,"var":0.997469127178},"zerocrossingrate":{"dmean":0.00817628763616,"dmean2":0.00996973831207,"dvar":0.000104023871245,"dvar2":0.000158452559845,"max":0.529296875,"mean":0.0531334653497,"median":0.03515625,"min":0.00341796875,"var":0.00718486495316}},"metadata":{"audio_properties":{"analysis_sample_rate":44100,"bit_rate":185438,"codec":"mp3","downmix":"mix","equal_loudness":0,"length":149.707748413,"lossless":false,"md5_encoded":"d6b9157e6159135464f0484d91095781","replay_gain":-7.08362197876,"sample_rate":44100},"tags":{"acoustid_id":["4237aed4-6f47-47ca-b0ea-a03b96b733e7"],"album":["Let England Shake"],"albumartist":["PJ Harvey"],"albumartistsort":["Harvey, PJ"],"artist":["PJ Harvey"],"artists":["PJ Harvey"],"artistsort":["Harvey, PJ"],"asin":["B004IXJEWK"],"barcode":["602527630250"],"catalognumber":["2763025"],"date":["2011-02-14"],"file_name":"09 - Bitter Branches.mp3","isrc":["GBUM71027783"],"label":["Island Records"],"media":["CD"],"musicbrainz album release country":["GB"],"musicbrainz album status":["official"],"musicbrainz album type":["album"],"musicbrainz release track id":["53e31e01-dee7-3394-a0f3-f0e6b6142765"],"musicbrainz_albumartistid":["e795e03d-b5d5-4a5f-834d-162cfb308a2c"],"musicbrainz_albumid":["e1b46785-d51b-3bf9-9252-086f23d9a1f8"],"musicbrainz_artistid":["e795e03d-b5d5-4a5f-834d-162cfb308a2c"],"musicbrainz_recordingid":["c7e978ec-fb13-49db-b103-1412807c7b45"],"musicbrainz_releasegroupid":["9d504fde-1b02-4c14-b484-bcf94570153a"],"originaldate":["2011"],"performer:bass harmonica":["Mick Harvey"],"performer:drums":["John Parish"],"performer:guitar":["John Parish","Mick Harvey"],"performer:vocals":["John Parish","Mick Harvey","PJ Harvey"],"performer:xylophone":["Mick Harvey"],"script":["Latn"],"title":["Bitter Branches"],"tracknumber":["9/12"]},"version":{"essentia":"2.1-beta1","essentia_build_sha":"65e368e5454dd45657e4cc002e00185f437e13e1","essentia_git_sha":"v2.1_beta1-28-g21ef5f4","extractor":"music 1.0"}},"rhythm":{"beats_count":374,"beats_loudness":{"dmean":0.0112237613648,"dmean2":0.019354423508,"dvar":0.000155612564413,"dvar2":0.