{"lowlevel":{"average_loudness":0.633424758911,"barkbands":{"dmean":[0.0000401453471568,0.00142199499533,0.000766228768043,0.000835992512293,0.000995283131488,0.00143062032294,0.00041289938963,0.000337748264428,0.0000804978553788,0.0000536430998181,0.0000242459609581,0.0000676153649692,0.0000384757586289,0.00000896254823601,0.00000336769721798,4.20654686195e-7,1.29942350213e-7,8.08138551633e-8,9.01881307414e-8,1.022242202e-7,9.19667286325e-7,0.00000120372317269,9.20456045606e-7,7.54637767386e-7,7.73673889398e-8,1.41495855033e-8,3.51361162387e-9],"dmean2":[0.0000587378890486,0.00149267341476,0.00116190023255,0.00114683632273,0.00151182082482,0.0021781611722,0.000555027625524,0.000558852159884,0.000104277736682,0.0000726084617781,0.000034887016227,0.000092560214398,0.000060644291807,0.0000139741150633,0.00000565351729165,7.01254066371e-7,2.07751824632e-7,1.39295636359e-7,1.5487046312e-7,1.74354383375e-7,0.00000157242288878,0.00000203645777219,0.00000157536715051,0.00000130323883241,1.30925855046e-7,2.41067237283e-8,6.00255445349e-9],"dvar":[1.10517328622e-8,0.0000106192564999,0.00000830164935905,0.0000150524801938,0.0000177718520717,0.0000682487298036,0.00000568176983506,0.0000149468869495,3.50387097114e-7,8.75585257631e-8,7.89290499625e-9,4.36357936451e-8,1.13133440394e-8,9.7174135405e-10,1.30321878289e-10,1.70646808316e-12,1.54394306042e-13,1.07512733254e-13,1.30248310509e-13,5.34724513474e-14,6.47375946253e-12,9.98055284251e-12,8.90427748895e-12,6.1672433653e-12,5.04812493619e-14,1.41795581184e-15,3.07517065124e-17],"dvar2":[2.14411084443e-8,0.0000144459218063,0.0000212894483411,0.0000346947381331,0.0000479511036247,0.000154184162966,0.00000939389065024,0.0000409535132349,7.93322499248e-7,1.57680460688e-7,1.63591238334e-8,8.17763918803e-8,2.82768688464e-8,2.40700348542e-9,3.60980523251e-10,4.75180008189e-12,3.48421215924e-13,3.22997433921e-13,3.6695166762e-13,1.51257370344e-13,1.80544676431e-11,2.68504888462e-11,2.38351092335e-11,1.82827971512e-11,1.39114387327e-13,3.97845530798e-15,7.95177656398e-17],"max":[0.00949712749571,0.104673214257,0.0806588232517,0.10851983726,0.141149103642,0.385504692793,0.113157518208,0.213747188449,0.0273529924452,0.0131787015125,0.00389942131005,0.00722432369366,0.00222384883091,0.00107567035593,0.000333634525305,0.0000236294181377,0.0000123470999824,0.0000081772568592,0.00000903354157344,0.00000549040214537,0.0000685428603902,0.0000854575409903,0.000097206881037,0.0000732168264221,0.00000512639780936,8.99835185919e-7,2.55809965211e-7],"mean":[0.000469389837235,0.0103032030165,0.00298085948452,0.00365947443061,0.00333991344087,0.00471399957314,0.00125756266061,0.000814447004814,0.000291766482405,0.000134377536597,0.0000603985281487,0.000140641539474,0.0000814566155896,0.0000171173069248,0.00000547615536561,7.27762255792e-7,2.34365941765e-7,1.64673906511e-7,2.07838596111e-7,2.91345884307e-7,0.00000271845851785,0.00000497574774272,0.00000305764046971,0.00000281313214145,3.49612491846e-7,5.46299396831e-8,2.90527939484e-8],"median":[0.00000414785336034,0.00470497971401,0.00112874223851,0.000521085050423,0.0014214128023,0.000845015340019,0.000288063834887,0.000200411624974,0.0000588396615058,0.0000367366701539,0.0000258937234321,0.0000235875158978,0.00000656062184134,0.00000251368214776,7.3786509347e-7,7.5875902894e-8,5.24073655583e-8,2.24024034878e-8,1.73573901918e-8,9.68801003864e-8,3.13582262379e-7,2.75657669135e-7,2.40057396184e-8,5.77555212544e-8,1.06601678596e-8,4.01159372387e-9,2.75245710668e-8],"min":[4.84208895202e-10,7.67742047714e-9,4.28975299727e-9,1.36103253112e-7,1.88181033423e-7,8.11345231e-8,3.09723816372e-7,2.96681985645e-8,1.26322667882e-8,3.75353330639e-8,1.48811576395e-8,3.4009261185e-8,5.97520077861e-9,2.6787694285e-9,1.09704412221e-9,4.3834799679e-10,3.46285000674e-10,8.53471807116e-11,7.06000050088e-11,5.57981057192e-11,4.55719177672e-11,1.10005962672e-10,1.17360496321e-10,4.69960514948e-10,1.35066025031e-9,1.53171297868e-9,7.38438554748e-9],"var":[0.00000112112866191,0.000199904941837,0.0000251361288974,0.0000733118940843,0.0000519702261954,0.000252721074503,0.0000234948402067,0.0000158546936291,0.00000151921540237,2.65222809048e-7,2.27583338841e-8,1.26893780816e-7,3.6078393606e-8,2.91879054259e-9,2.32922958698e-10,3.39474151914e-12,3.46970607627e-13,2.3135947368e-13,4.10697734501e-13,2.99112595586e-13,3.16414776325e-11,1.12485860904e-10,5.46208321628e-11,4.54122711657e-11,5.82413349319e-13,1.2346656324e-14,4.41884813222e-17]},"barkbands_crest":{"dmean":1.21836721897,"dmean2":1.88603365421,"dvar":1.84702944756,"dvar2":5.17375469208,"max":23.8722610474,"mean":13.2553424835,"median":12.9493999481,"min":4.14772939682,"var":14.1956644058},"barkbands_flatness_db":{"dmean":0.0119601748884,"dmean2":0.0194052420557,"dvar":0.00019879968022,"dvar2":0.000487493525725,"max":0.599671721458,"mean":0.376756966114,"median":0.38696449995,"min":0.058472212404,"var":0.00963518489152},"barkbands_kurtosis":{"dmean":1.85503768921,"dmean2":2.94517827034,"dvar":9.85658073425,"dvar2":24.4762592316,"max":83.4509658813,"mean":7.00427532196,"median":3.49568295479,"min":-1.55470108986,"var":92.5062789917},"barkbands_skewness":{"dmean":0.26104092598,"dmean2":0.402044355869,"dvar":0.0838782414794,"dvar2":0.214881628752,"max":6.75355243683,"mean":1.48526000977,"median":1.27951657772,"min":-1.71546125412,"var":1.5448782444},"barkbands_spread":{"dmean":0.621373057365,"dmean2":0.987613081932,"dvar":1.39578914642,"dvar2":3.54197239876,"max":32.6020507812,"mean":4.73331069946,"median":3.26854467392,"min":0.356612503529,"var":20.9223709106},"dissonance":{"dmean":0.0296210832894,"dmean2":0.0504150688648,"dvar":0.0011183610186,"dvar2":0.0029381106142,"max":0.499072790146,"mean":0.371337920427,"median":0.389959841967,"min":0.127491354942,"var":0.00598306348547},"dynamic_complexity":4.97166824341,"erbbands":{"dmean":[0.0314497053623,0.351422637701,0.808871924877,2.04773736,1.72348237038,4.99708795547,4.15118408203,14.1001834869,10.5696105957,5.74875164032,5.48185253143,2.36465954781,2.26563763618,0.571075558662,1.16560900211,3.23988509178,1.39158606529,0.994232475758,0.217206627131,0.0485318861902,0.0112663600594,0.00435643084347,0.00451489957049,0.0062419087626,0.00139194563963,0.00396236497909,0.00816708989441,0.0521838217974,0.0496035777032,0.0234938897192,0.0264932438731,0.029361795634,0.00485712569207,0.00101761473343,0.000547941948753,0.0000885112167452,0.0000193514442799,0.0000017583730596,0.00000217086449084,0.00000491135369884],"dmean2":[0.0297158807516,0.376332879066,1.15326547623,2.88958215714,2.43658900261,7.83309173584,5.79873466492,22.0435123444,14.5578355789,9.36747837067,8.93574810028,3.04858589172,3.08543181419,0.850097060204,1.66488456726,4.42743301392,2.11698460579,1.6051132679,0.363353669643,0.0771872475743,0.0180598609149,0.00700459256768,0.00777995353565,0.0107773961499,0.00238111056387,0.00680714985356,0.0138776265085,0.0890920609236,0.0839136615396,0.0397165976465,0.0448792725801,0.0506619140506,0.00830714963377,0.00175931176636,0.000927894143388,0.000148692546645,0.0000328996138705,0.00000301216050502,0.00000293702237286,0.00000651331538393],"dvar":[0.0055018835701,0.704361319542,5.92789268494,112.63394165,33.7378997803,566.367553711,142.272171021,6288.6484375,6538.5078125,476.110656738,9311.42382812,380.844726562,169.178604126,2.77299070358,17.7556171417,103.102531433,11.7832298279,12.6851263046,0.53123998642,0.0182494074106,0.000929614063352,0.000129038147861,0.000305213121464,0.000639375648461,0.0000156383739522,0.0000516934996995,0.000387480744394,0.0189272519201,0.018822889775,0.00324968667701,0.00789033714682,0.00902339164168,0.000261351175141,0.00000985685437627,0.00000234596313931,5.36475361912e-8,2.54390819521e-9,1.38619810075e-11,5.30164523393e-11,3.02265074081e-10],"dvar2":[0.00471165496856,1.04001367092,13.5407361984,263.217712402,73.6281204224,1583.65795898,297.285705566,14936.4482422,11650.4072266,1202.02758789,25156.0136719,880.079833984,296.298217773,5.5577750206,37.9582481384,191.508178711,27.8495845795,33.6982192993,1.47793745995,0.04334397614,0.00215227878653,0.000297414109809,0.000916646386031,0.00181472592521,0.0000437150883954,0.000151554850163,0.00108164688572,0.0531001649797,0.052645791322,0.00938799791038,0.0204805079848,0.0261564794928,0.000754273787607,0.000028482723792,0.00000640350754111,1.5018729016e-7,7.12979453255e-9,3.55179323452e-11,1.01800901042e-10,5.78522729722e-10],"max":[2.87844276428,26.0213489532,61.7086830139,282.667602539,226.945861816,747.693786621,326.506713867,3493.42016602,4181.30078125,811.448364258,5493.578125,859.750549316,550.375671387,54.9620666504,151.998825073,356.602416992,77.3600463867,79.4787750244,21.7468090057,3.39689588547,0.886423170567,0.326566368341,0.413011372089,0.703932106495,0.108965918422,0.159590855241,0.434864610434,3.51813530922,3.53955435753,1.58661806583,3.04146909714,2.51756858826,0.476645588875,0.0883500576019,0.0296685341746,0.00523932557553,0.00141629378777,0.000172175423359,0.000311872427119,0.000740477640647],"mean":[0.218058779836,2.46550130844,4.4289226532,9.32396888733,7.22169160843,13.7022886276,19.1047763824,40.9325256348,34.683265686,17.3618373871,11.6184835434,8.5934419632,6.42278957367,1.86102497578,3.26060628891,6.70753526688,3.23641228676,2.00793862343,0.442854434252,0.108274109662,0.0244048722088,0.00951361469924,0.00993804167956,0.0146791320294,0.0047136573121,0.0118209021166,0.0326509959996,0.167318537831,0.195659548044,0.0917680934072,0.0894347727299,0.109295256436,0.0210572499782,0.00466023385525,0.00235582422465,0.000400060147513,0.0000896455749171,0.0000130333746711,0.0000146984393723,0.0000315777833748],"median":[0.0532240234315,1.10054385662,2.02378511429,1.56193625927,3.06339645386,4.31726789474,7.80316352844,5.29653930664,4.20841598511,6.02065467834,3.06379055977,1.7376691103,1.48507285118,0.932091891766,1.41667675972,1.10030925274,0.446343362331,0.183075770736,0.0738051235676,0.0209929570556,0.00512882508337,0.0027689372655,0.00152484839782,0.00106746866368,0.00134802109096,0.00511375674978,0.00571276666597,0.017976583913,0.0112021900713,0.00235097715631,0.000560845830478,0.00109115708619,0.000827103271149,0.000208596015,0.0000669063956593,0.0000335176264343,0.000017958400349,0.00000974768136075,0.00000840623852127,0.000016456553567],"min":[9.46635225318e-7,0.00000321386323776,0.000067325308919,0.000320687162457,0.000521527661476,0.000300225685351,0.000260477216216,0.0013986841077,0.00325442361645,0.00303154205903,0.000395653711166,0.000272644887445,0.00141289725434,0.00153412623331,0.0019473717548,0.00122979935259,0.000721765507478,0.000371276866645,0.000174047178007,0.0000729395906092,0.0000394068665628,0.0000208772762562,0.00000636861386738,0.00000366076028513,0.000003558987828,0.0000033332496514,0.00000237955941884,0.00000255323197962,0.00000505478101331,0.00000402334399041,0.00000493708830618,0.0000094593015092,0.00000918109617487,0.0000117208401207,0.00000920172624319,0.00000510837890033,0.00000318861611959,0.00000477737467008,6.70577492201e-7,1.0880338408e-7],"var":[0.135467797518,11.6777238846,35.7370796204,536.576599121,147.533828735,1304.54553223,974.971679688,22825.8945312,27617.6308594,2222.32836914,8030.76074219,1442.45251465,518.11505127,10.2773456573,46.366859436,303.506286621,42.228187561,35.5176429749,1.24622309208,0.05403855443,0.00258193025365,0.000339489430189,0.000766530283727,0.00215739943087,0.000106676132418,0.000308482121909,0.00364016345702,0.123263433576,0.181450158358,0.0307743940502,0.04811546579,0.0658240690827,0.002418697346,0.000105652383354,0.0000257141291513,6.4270460598e-7,2.45577620461e-8,5.99380683974e-11,3.37875255552e-10,1.9707513399e-9]},"erbbands_crest":{"dmean":1.5975458622,"dmean2":2.43315911293,"dvar":3.55599522591,"dvar2":9.59209632874,"max":29.4787425995,"mean":12.3254423141,"median":11.3705234528,"min":3.99023747444,"var":21.6292915344},"erbbands_flatness_db":{"dmean":0.0109474025667,"dmean2":0.0176914837211,"dvar":0.000185298529686,"dvar2":0.000446713500423,"max":0.576674520969,"mean":0.327679336071,"median":0.320366233587,"min":0.125564977527,"var":0.0085222935304},"erbbands_kurtosis":{"dmean":1.10914242268,"dmean2":1.66938459873,"dvar":4.80213403702,"dvar2":9.85269069672,"max":135.390563965,"mean":3.56540179253,"median":1.96144938469,"min":-1.54274952412,"var":43.7587432861},"erbbands_skewness":{"dmean":0.230800926685,"dmean2":0.349007755518,"dvar":0.0616666451097,"dvar2":0.153013065457,"max":7.52715921402,"mean":0.868987441063,"median":0.778524458408,"min":-1.74172782898,"var":0.825702428818},"erbbands_spread":{"dmean":1.85390627384,"dmean2":2.89825034142,"dvar":7.49923467636,"dvar2":18.4693965912,"max":73.0232391357,"mean":13.379404068,"median":10.8337144852,"min":0.878497958183,"var":84.8740386963},"gfcc":{"cov":[[6463.34326172,-2139.63208008,-1602.64562988,1956.82336426,-784.153259277,995.092712402,-182.383514404,-451.071166992,65.7903594971,187.003433228,162.789001465,44.2238388062,-217.920806885],[-2139.63208008,3234.31445312,1652.03112793,-1475.78833008,1200.89294434,-786.333435059,492.928314209,459.780090332,252.417633057,-237.257705688,3.83831548691,-6.9436211586,351.867492676],[-1602.64562988,1652.03112793,1640.47766113,-407.875366211,497.099243164,-130.823471069,389.761444092,282.048950195,263.604614258,-117.5338974,21.5277805328,4.87864542007,131.869110107],[1956.82336426,-1475.78833008,-407.875366211,1536.8001709,-605.753967285,597.76361084,126.100067139,-221.673843384,66.7197723389,176.923797607,20.3184394836,-49.5784072876,-110.364021301],[-784.153259277,1200.89294434,497.099243164,-605.753967285,623.03302002,-264.937561035,138.074920654,210.766174316,72.6398925781,-83.5231170654,-1.56010329723,-0.582654416561,114.984069824],[995.092712402,-786.333435059,-130.823471069,597.76361084,-264.937561035,556.551635742,-5.05716371536,-60.0184669495,41.3668746948,58.2587547302,34.2769317627,29.3496704102,-135.202224731],[-182.383514404,492.928314209,389.761444092,126.100067139,138.074920654,-5.05716371536,390.600311279,114.955688477,115.839584351,18.5331306458,2.24369859695,-37.5905151367,102.376029968],[-451.071166992,459.780090332,282.048950195,-221.673843384,210.766174316,-60.0184669495,114.955688477,158.710754395,69.8615036011,-33.7283058167,1.35926985741,5.56155490875,39.5146751404],[65.7903594971,252.417633057,263.604614258,66.7197723389,72.6398925781,41.3668746948,115.839584351,69.8615036011,151.528396606,16.5426826477,21.7834300995,6.68572473526,24.8431854248],[187.003433228,-237.257705688,-117.5338974,176.923797607,-83.5231170654,58.2587547302,18.5331306458,-33.7283058167,16.5426826477,103.303207397,29.7112522125,-12.0997600555,-15.1991539001],[162.789001465,3.83831548691,21.5277805328,20.3184394836,-1.56010329723,34.2769317627,2.24369859695,1.35926985741,21.7834300995,29.7112522125,79.3433761597,39.9579772949,-12.4980821609],[44.2238388062,-6.9436211586,4.87864542007,-49.5784072876,-0.582654416561,29.3496704102,-37.5905151367,5.56155490875,6.68572473526,-12.0997600555,39.9579772949,66.8831253052,2.65204620361],[-217.920806885,351.867492676,131.869110107,-110.364021301,114.984069824,-135.202224731,102.376029968,39.5146751404,24.8431854248,-15.1991539001,-12.4980821609,2.65204620361,112.333274841]],"icov":[[0.00103679427411,-0.00256889639422,0.00225598318502,-0.00197163200937,0.00139229977503,-0.00217486731708,0.00182234018575,0.000129446067149,-0.000590348266996,0.000869111798238,-0.00173051492311,0.00066113343928,-0.000236486434005],[-0.00256889639422,0.0151996333152,-0.00871527008712,0.00907668750733,-0.0109714232385,0.00841752812266,-0.00969438813627,0.00590981123969,-0.00521680200472,0.00558291142806,-0.00237831077538,0.00401336932555,-0.00377815612592],[0.00225598318502,-0.00871527008712,0.00739010609686,-0.00542089343071,0.00546279689297,-0.00596361001953,0.00487014185637,-0.00183755275793,-0.000761452305596,0.000844739377499,-0.00223292177543,0.000118212308735,0.00114462594502],[-0.00197163200937,0.00907668750733,-0.00542089343071,0.00834364257753,-0.00506478874013,0.00351145211607,-0.0073067410849,0.00525268353522,-0.0037397404667,0.00170724187046,-0.000469729973702,0.00376253365539,-0.0025562744122],[0.00139229977503,-0.0109714232385,0.00546279689297,-0.00506478874013,0.0128731550649,-0.00581623241305,0.00728663429618,-0.00857863202691,0.00448985164985,-0.00420073140413,0.000836182269268,-0.000464385026135,0.000420855503762],[-0.00217486731708,0.00841752812266,-0.00596361001953,0.00351145211607,-0.00581623241305,0.0113882599398,-0.00690027372912,0.00110916176345,-0.00121116358787,0.0000155419766088,0.00451197149232,-0.00649205828086,0.00634870585054],[0.00182234018575,-0.00969438813627,0.00487014185637,-0.0073067410849,0.00728663429618,-0.00690027372912,0.0146041642874,-0.00907552056015,0.00315826456062,-0.00320680090226,-0.00324946362525,0.00537429470569,-0.0064958743751],[0.000129446067149,0.00590981123969,-0.00183755275793,0.00525268353522,-0.00857863202691,0.00110916176345,-0.00907552056015,0.0238584820181,-0.0100815994665,0.00641830218956,-0.00145321071614,-0.000132337881951,0.00199126522057],[-0.000590348266996,-0.00521680200472,-0.000761452305596,-0.0037397404667,0.00448985164985,-0.00121116358787,0.00315826456062,-0.0100815994665,0.0191570594907,-0.0100998254493,0.00567102432251,-0.00690209679306,0.00222045206465],[0.000869111798238,0.00558291142806,0.000844739377499,0.00170724187046,-0.00420073140413,0.0000155419766088,-0.00320680090226,0.00641830218956,-0.0100998254493,0.0262764710933,-0.0192045532167,0.0163382664323,-0.00686601176858],[-0.00173051492311,-0.00237831077538,-0.00223292177543,-0.000469729973702,0.000836182269268,0.00451197149232,-0.00324946362525,-0.00145321071614,0.00567102432251,-0.0192045532167,0.0387494489551,-0.0307713542134,0.0154846375808],[0.00066113343928,0.00401336932555,0.000118212308735,0.00376253365539,-0.000464385026135,-0.00649205828086,0.00537429470569,-0.000132337881951,-0.00690209679306,0.0163382664323,-0.0307713542134,0.0464380718768,-0.0207035187632],[-0.000236486434005,-0.00377815612592,0.00114462594502,-0.0025562744122,0.000420855503762,0.00634870585054,-0.0064958743751,0.00199126522057,0.00222045206465,-0.00686601176858,0.0154846375808,-0.0207035187632,0.0296442247927]],"mean":[-206.553985596,209.845916748,-31.0244560242,-20.3571834564,-68.9639129639,21.7589702606,-14.9688739777,-29.9207801819,-8.74854278564,1.27972388268,-3.58471751213,-9.38278198242,-2.78512358665]},"hfc":{"dmean":1.19384741783,"dmean2":1.69202518463,"dvar":29.2196617126,"dvar2":59.4829368591,"max":235.029937744,"mean":5.9493803978,"median":2.99841403961,"min":0.00565077923238,"var":119.253311157},"melbands":{"dmean":[0.000340686092386,0.000420578231569,0.00033226449159,0.000204702999326,0.000174525790499,0.000310030969558,0.000155704430654,0.0000668999055051,0.0000382125726901,0.0000139787152875,0.0000108746498881,0.00000207572043109,0.00000336417679137,0.00000857958548295,0.00000471665180157,0.000003087008281,0.00000171738588506,3.54980215889e-7,1.34784443162e-7,4.98802847915e-8,9.82306236352e-9,6.15328765718e-9,2.73720135446e-9,5.39233457886e-9,6.45107922637e-9,1.46667711309e-9,8.68244143248e-10,3.61415719574e-9,4.5810231164e-9,1.16822507223e-8,4.3170228281e-8,3.61966634443e-8,2.94526643074e-8,8.49813375225e-9,1.02243591371e-8,2.95976327891e-8,1.72120770969e-8,5.13235898225e-9,5.75200442832e-10,1.25149501873e-9],"dmean2":[0.000339044549037,0.000542036723346,0.000468908430776,0.000309828232275,0.000255331251537,0.000474860193208,0.00022043052013,0.000110785433208,0.0000619491693215,0.0000171711817529,0.0000149783672896,0.00000311394228447,0.00000478808806292,0.0000118769285109,0.00000671644829708,0.00000493566722071,0.00000274613603324,5.92167566538e-7,2.24742805699e-7,8.04860675885e-8,1.5531449904e-8,9.80876002643e-9,4.63175808818e-9,9.36713728805e-9,1.10757776284e-8,2.50536968949e-9,1.51299106577e-9,6.23049167814e-9,7.71968977631e-9,2.0104984344e-8,7.37600487355e-8,6.15783051217e-8,4.99238979046e-8,1.44239349353e-8,1.71709384489e-8,5.0726661982e-8,2.97037807684e-8,8.67608651589e-9,1.00352937071e-9,2.15971707185e-9],"dvar":[5.73590682507e-7,0.0000013533604033,0.00000247292791755,8.38170478801e-7,3.28933566607e-7,0.00000340284532285,0.00000126254894894,1.2057147103e-7,4.86941189592e-7,9.38513178284e-9,3.98392918655e-9,2.66701834228e-11,1.665419469e-10,6.71510791417e-10,1.42595227293e-10,8.29409041447e-11,3.43446694695e-11,1.33664130111e-12,1.40848568702e-13,2.1579004588e-14,1.17784695876e-15,2.92171706708e-16,6.49032444563e-17,6.46563912622e-16,6.82269686541e-16,2.3129078349e-17,2.74785883973e-18,4.56324177257e-17,1.48671474365e-16,9.93522319163e-16,1.37150092512e-14,1.11923477756e-14,5.45095008898e-15,3.7148416612e-16,1.16666305336e-15,8.94477719026e-15,3.41378121721e-15,2.99699976724e-16,3.30162958325e-18,1.46825137755e-17],"dvar2":[6.24136589522e-7,0.00000273661817118,0.00000581796530241,0.00000224200312005,8.12844348275e-7,0.00000766257471696,0.00000229522538575,3.32938554948e-7,0.00000130782734686,1.86089881282e-8,7.01620495036e-9,5.7264727682e-11,3.42520678487e-10,1.27823562845e-9,2.9022764747e-10,2.155225165e-10,9.08760150464e-11,3.69126734387e-12,3.8556912654e-13,5.59254621508e-14,2.32120972393e-15,6.6239448195e-16,1.77353598146e-16,1.96900326007e-15,1.95896422558e-15,6.18462363752e-17,7.94919741483e-18,1.33899034476e-16,4.1468999327e-16,2.85347866348e-15,3.85652745632e-14,3.18962589088e-14,1.51998774895e-14,1.09364563694e-15,3.05227200224e-15,2.41895177798e-14,1.01037342555e-14,8.74859779517e-16,9.89504716163e-18,4.1939254814e-17],"max":[0.0265049673617,0.0287119019777,0.0400389619172,0.0335496068001,0.0167443193495,0.0857141762972,0.0577948838472,0.0151249319315,0.0398065187037,0.00542168458924,0.00269311736338,0.000195535511011,0.000538550550118,0.000856179976836,0.000354414398316,0.000195833534235,0.000132037268486,0.0000329886970576,0.0000103384172689,0.00000293331004286,0.00000137999893468,5.20161790973e-7,2.13301973417e-7,6.44188787646e-7,6.40020630271e-7,1.40677499871e-7,4.30372608662e-8,1.3950415223e-7,2.88708292828e-7,9.254704878e-7,0.00000268586541097,0.00000258014961219,0.00000179055359695,4.19000969032e-7,0.00000108981396352,0.00000280841709355,0.00000161818650213,4.82541224756e-7,5.08689694811e-8,9.26292926806e-8],"mean":[0.00243440829217,0.00283487397246,0.00149494165089,0.000666376261506,0.000691754568834,0.000950317538809,0.00048959540436,0.000189331418369,0.0000762132913223,0.0000537994528713,0.0000296010366583,0.00000638286292087,0.00000918905061553,0.0000180834394996,0.0000102622761915,0.00000664848630549,0.00000324121856465,6.44521833237e-7,2.46743582011e-7,8.3839175602e-8,1.78070127532e-8,1.14056426526e-8,5.8665756697e-9,1.04136166357e-8,1.29494939216e-8,3.90896159885e-9,2.38947484021e-9,9.36368760307e-9,1.4923413616e-8,3.53560523081e-8,1.2307292252e-7,1.15738785667e-7,9.4114554372e-8,3.02834308741e-8,3.13635624138e-8,9.46766149923e-8,5.64229445388e-8,1.72109366758e-8,2.24658647241e-9,4.41590630729e-9],"median":[0.000973892572802,0.00133189803455,0.00035151859629,0.000253666308708,0.000271478755167,0.000124289668747,0.0000662091915729,0.0000600033527007,0.0000197815570573,0.00000933085175348,0.00000683167218085,0.00000314185149364,0.00000370729867427,0.0000034300533116,0.00000148838876157,6.19201387053e-7,2.75974798569e-7,1.15597671879e-7,4.44525376508e-8,9.42949363036e-9,4.02987332393e-9,3.03249447775e-9,1.50094181528e-9,9.45646783101e-10,8.04409261423e-10,5.68081248709e-10,1.29552168993e-9,3.79029696518e-9,2.64374544479e-9,5.32078026083e-9,1.20520891045e-8,7.12749192999e-9,2.0186599059e-9,8.16772705026e-10,2.7804367142e-10,2.26963781103e-10,8.76418437823e-10,6.69489685912e-10,2.39876896124e-10,1.11558241811e-10],"min":[3.41532624404e-9,2.34055597126e-9,7.48843760334e-8,4.39105960481e-8,1.0376790982e-8,2.43289637325e-8,5.22151601956e-8,2.67562647593e-8,1.98706850973e-9,1.73480974031e-9,7.4061938804e-9,4.99781682706e-9,4.93905005783e-9,4.21499857239e-9,2.16480144921e-9,6.46686815209e-10,4.4013262479e-10,1.66516189726e-10,7.08117800508e-11,6.22943016615e-11,2.28144326347e-11,2.19615593072e-11,4.89887427499e-12,2.37920815861e-12,2.12680676022e-12,2.20353076064e-12,1.82381193481e-12,1.34682271846e-12,1.0317973689e-12,7.30340050589e-13,1.18448480191e-12,2.04110534897e-12,2.05184372097e-12,1.15739340854e-12,1.46748726452e-12,3.58225905536e-12,4.03766603485e-12,3.6737865354e-12,1.00496841751e-11,8.08859663276e-12],"var":[0.0000124960088215,0.0000136313137773,0.0000110253695311,0.00000235193510889,0.00000152876691573,0.0000126410932353,0.00000524581218997,3.40283349942e-7,4.17650511508e-7,5.72605820537e-8,1.18591003684e-8,1.11124692781e-10,5.11059361497e-10,1.93588056696e-9,4.54759979673e-10,2.64741228939e-10,9.3828812775e-11,2.53377310452e-12,3.23303531299e-13,4.28475478839e-14,2.64688415127e-15,6.63191487014e-16,1.67118065246e-16,1.29626851753e-15,1.78641217928e-15,1.07000987076e-16,1.08312038568e-17,2.08408314151e-16,1.03224337156e-15,4.14408370697e-15,7.32321104799e-14,7.30536779073e-14,3.84175486291e-14,2.87837380883e-15,5.70420023472e-15,5.55673908308e-14,1.98889011136e-14,1.73344424447e-15,2.61286966392e-17,1.05152860446e-16]},"melbands_crest":{"dmean":1.52081358433,"dmean2":2.3792617321,"dvar":3.13487362862,"dvar2":8.80279064178,"max":31.9486103058,"mean":16.2786655426,"median":15.7810602188,"min":5.50771522522,"var":23.2340946198},"melbands_flatness_db":{"dmean":0.0134147461504,"dmean2":0.0217538941652,"dvar":0.000267111870926,"dvar2":0.000698465155438,"max":0.768947660923,"mean":0.509097099304,"median":0.520504117012,"min":0.124175682664,"var":0.016633970663},"melbands_kurtosis":{"dmean":2.658441782,"dmean2":4.19482183456,"dvar":19.650472641,"dvar2":49.020652771,"max":108.664932251,"mean":10.6404056549,"median":5.63754367828,"min":-1.64490365982,"var":185.041824341},"melbands_skewness":{"dmean":0.293844938278,"dmean2":0.456088334322,"dvar":0.11313342303,"dvar2":0.284328490496,"max":7.35077667236,"mean":1.96128582954,"median":1.77109444141,"min":-1.60380446911,"var":1.84518826008},"melbands_spread":{"dmean":0.816019296646,"dmean2":1.28833246231,"dvar":2.71082162857,"dvar2":7.13970756531,"max":39.6780891418,"mean":5.60398292542,"median":3.62781047821,"min":0.494559675455,"var":40.3274688721},"mfcc":{"cov":[[3893.15063477,-951.368286133,-602.826599121,-545.712890625,-30.0444202423,1099.96044922,-447.326721191,-132.540542603,-293.92666626,-51.4307136536,81.0671386719,235.587677002,-250.793441772],[-951.368286133,2591.85498047,657.04675293,253.348373413,225.981063843,-507.635162354,352.350067139,224.840377808,475.346466064,123.739631653,-95.2578887939,-47.794670105,337.32220459],[-602.826599121,657.04675293,790.886779785,424.683410645,71.6591491699,-4.44115781784,185.126480103,268.424468994,198.93170166,145.016265869,77.9016571045,32.9812583923,69.5037384033],[-545.712890625,253.348373413,424.683410645,379.45135498,69.6087112427,-11.5307197571,111.57964325,109.298164368,153.759414673,79.3198394775,45.8849639893,25.0884418488,44.6517486572],[-30.0444202423,225.981063843,71.6591491699,69.6087112427,144.530090332,6.9357175827,21.4415454865,43.2802238464,41.8906059265,28.4389305115,3.19879341125,7.66902923584,38.7773017883],[1099.96044922,-507.635162354,-4.44115781784,-11.5307197571,6.9357175827,548.078857422,-70.3051452637,32.2274169922,-34.7769927979,57.3743934631,102.680915833,114.09021759,-103.795715332],[-447.326721191,352.350067139,185.126480103,111.57964325,21.4415454865,-70.3051452637,199.814529419,112.257995605,118.366539001,53.5756263733,18.1617279053,6.08458375931,62.1262054443],[-132.540542603,224.840377808,268.424468994,109.298164368,43.2802238464,32.2274169922,112.257995605,221.757202148,106.479072571,65.9010467529,35.4471931458,29.4144878387,30.1372299194],[-293.92666626,475.346466064,198.93170166,153.759414673,41.8906059265,-34.7769927979,118.366539001,106.479072571,223.260253906,90.9375762939,8.99754428864,11.3717403412,67.8823776245],[-51.4307136536,123.739631653,145.016265869,79.3198394775,28.4389305115,57.3743934631,53.5756263733,65.9010467529,90.9375762939,101.939781189,56.6614837646,22.5473403931,7.64506721497],[81.0671386719,-95.2578887939,77.9016571045,45.8849639893,3.19879341125,102.680915833,18.1617279053,35.4471931458,8.99754428864,56.6614837646,91.1354522705,55.0600166321,-8.13345432281],[235.587677002,-47.794670105,32.9812583923,25.0884418488,7.66902923584,114.09021759,6.08458375931,29.4144878387,11.3717403412,22.5473403931,55.0600166321,95.8622894287,31.7845058441],[-250.793441772,337.32220459,69.5037384033,44.6517486572,38.7773017883,-103.795715332,62.1262054443,30.1372299194,67.8823776245,7.64506721497,-8.13345432281,31.7845058441,123.430885315]],"icov":[[0.00267253769562,-0.00220691156574,0.00287669268437,-0.000449332466815,0.00196656771004,-0.00544816022739,0.00401137722656,-0.00263651902787,0.0041100201197,-0.00233882688917,0.0033107472118,-0.00438024057075,0.0026601429563],[-0.00220691156574,0.00471827108413,-0.00783229526132,0.00691722286865,-0.00628716964275,0.00599378440529,-0.00504864100367,0.00668063573539,-0.0110854050145,0.00681499904022,-0.00300898193382,0.00265333219431,-0.00275221932679],[0.00287669268437,-0.00783229526132,0.0198059566319,-0.019301591441,0.0132474582642,-0.00906104128808,0.00815000850707,-0.0167948156595,0.0227538123727,-0.0175615288317,0.00552124902606,-0.000212890648982,0.000289200950647],[-0.000449332466815,0.00691722286865,-0.019301591441,0.0257366374135,-0.0148442517966,0.00517194252461,-0.00583661580458,0.015896782279,-0.0249227173626,0.0188519302756,-0.00549886282533,-0.00436806865036,0.00311180530116],[0.00196656771004,-0.00628716964275,0.0132474582642,-0.0148442517966,0.0191330555826,-0.00793650001287,0.00731546618044,-0.0125588718802,0.0186506994069,-0.0151605466381,0.00553323933855,0.00206505623646,-0.00369761744514],[-0.00544816022739,0.00599378440529,-0.00906104128808,0.00517194252461,-0.00793650001287,0.0166911464185,-0.00856955628842,0.00782460998744,-0.0130769601092,0.00609744386747,-0.00629953946918,0.000460310286144,0.000993754714727],[0.00401137722656,-0.00504864100367,0.00815000850707,-0.00583661580458,0.00731546618044,-0.00856955628842,0.0171251557767,-0.0105490116403,0.00869338214397,-0.0067204721272,0.00224363012239,-0.00276556028984,0.000416799506638],[-0.00263651902787,0.00668063573539,-0.0167948156595,0.015896782279,-0.0125588718802,0.00782460998744,-0.0105490116403,0.021910585463,-0.0207187924534,0.0139276525006,-0.0047923126258,-0.00137954810634,0.00114861014299],[0.0041100201197,-0.0110854050145,0.0227538123727,-0.0249227173626,0.0186506994069,-0.0130769601092,0.00869338214397,-0.0207187924534,0.0441439896822,-0.0347495786846,0.0177401006222,-0.00388474436477,-0.00127943838015],[-0.00233882688917,0.00681499904022,-0.0175615288317,0.0188519302756,-0.0151605466381,0.00609744386747,-0.0067204721272,0.0139276525006,-0.0347495786846,0.0512730255723,-0.0293935593218,0.00888521969318,0.00127498363145],[0.0033107472118,-0.00300898193382,0.00552124902606,-0.00549886282533,0.00553323933855,-0.00629953946918,0.00224363012239,-0.0047923126258,0.0177401006222,-0.0293935593218,0.0432334840298,-0.0244000088423,0.00803171191365],[-0.00438024057075,0.00265333219431,-0.000212890648982,-0.00436806865036,0.00206505623646,0.000460310286144,-0.00276556028984,-0.00137954810634,-0.00388474436477,0.00888521969318,-0.0244000088423,0.0440830551088,-0.0243575293571],[0.0026601429563,-0.00275221932679,0.000289200950647,0.00311180530116,-0.00369761744514,0.000993754714727,0.000416799506638,0.00114861014299,-0.00127943838015,0.00127498363145,0.00803171191365,-0.0243575293571,0.0286729335785]],"mean":[-852.704162598,223.949295044,85.397895813,-6.60785627365,-18.8008670807,28.7791862488,1.48082220554,-6.91011714935,-6.89329957962,-3.15622782707,3.46987271309,6.10681629181,-4.80654859543]},"pitch_salience":{"dmean":0.0330837443471,"dmean2":0.0502832755446,"dvar":0.00131937302649,"dvar2":0.00326813617721,"max":0.860052883625,"mean":0.490344703197,"median":0.499588280916,"min":0.0930194631219,"var":0.0158436577767},"silence_rate_20dB":{"dmean":0.00122149835806,"dmean2":0.00244349427521,"dvar":0.00122000626288,"dvar2":0.00284477253444,"max":1,"mean":0.998168110847,"median":1,"min":0,"var":0.00182851881254},"silence_rate_30dB":{"dmean":0.0122149838135,"dmean2":0.0244349427521,"dvar":0.0120657775551,"dvar2":0.0275031160563,"max":1,"mean":0.957256257534,"median":1,"min":0,"var":0.0409167148173},"silence_rate_60dB":{"dmean":0.0276872962713,"dmean2":0.0553858689964,"dvar":0.026920709759,"dvar2":0.063313998282,"max":1,"mean":0.173620998859,"median":0,"min":0,"var":0.143476754427},"spectral_centroid":{"dmean":25.5700798035,"dmean2":39.6008148193,"dvar":2478.44018555,"dvar2":6141.71191406,"max":1900.49926758,"mean":366.654937744,"median":306.266113281,"min":144.765396118,"var":40963.3242188},"spectral_complexity":{"dmean":0.773615658283,"dmean2":1.32579922676,"dvar":0.833114922047,"dvar2":1.82543706894,"max":16,"mean":7.25870132446,"median":7,"min":0,"var":6.2617931366},"spectral_contrast_coeffs":{"dmean":[0.0281428787857,0.0283414889127,0.0215178057551,0.022243719548,0.0136647103354,0.0124185327441],"dmean2":[0.0452947989106,0.0452550947666,0.0332875475287,0.0361214317381,0.02333968319,0.0217480193824],"dvar":[0.000639889738522,0.00075050565647,0.000389039283618,0.000328604073729,0.00013407690858,0.000142618097016],"dvar2":[0.00162729970179,0.00193160783965,0.000974766910076,0.000838839099742,0.000378457829356,0.000455669214716],"max":[-0.319272518158,-0.313022643328,-0.574700653553,-0.57792699337,-0.715698957443,-0.706508815289],"mean":[-0.619104325771,-0.663458883762,-0.760717272758,-0.75218963623,-0.856206297874,-0.807804107666],"median":[-0.630098223686,-0.668034672737,-0.766261339188,-0.757303714752,-0.859934389591,-0.777247965336],"min":[-0.935225665569,-0.90701597929,-0.908460915089,-0.913288474083,-0.943917870522,-0.962759256363],"var":[0.00768300145864,0.00772502925247,0.00266715907492,0.00266384822316,0.000977713381872,0.00424970081076]},"spectral_contrast_valleys":{"dmean":[0.254727810621,0.210169643164,0.188797995448,0.19981624186,0.166216611862,0.198186501861],"dmean2":[0.408826231956,0.326725423336,0.297880738974,0.338029503822,0.287005484104,0.348396897316],"dvar":[0.0644251331687,0.0584939233959,0.0419330336154,0.0340001694858,0.0312045831233,0.0842071101069],"dvar2":[0.162138059735,0.12467931211,0.0878034606576,0.0854084119201,0.0932230576873,0.2659727633],"max":[-5.06746244431,-4.59940099716,-6.05522489548,-8.43553924561,-9.63098049164,-10.4841852188],"mean":[-7.50022411346,-7.43645858765,-8.44989013672,-10.5176477432,-11.7897644043,-13.1156339645],"median":[-7.27023267746,-7.39139223099,-8.42010116577,-10.3963489532,-11.4804258347,-13.421292305],"min":[-12.6934595108,-10.642168045,-11.4276247025,-13.2413959503,-14.4364452362,-15.7094669342],"var":[1.94023251534,0.608810842037,0.652246177197,0.953548312187,1.46525025368,1.79351377487]},"spectral_decrease":{"dmean":1.15484954932e-9,"dmean2":1.52803614206e-9,"dvar":1.63720649182e-17,"dvar2":3.12575837052e-17,"max":-1.00030758416e-12,"mean":-7.35146254982e-9,"median":-3.77357256554e-9,"min":-1.71053642362e-7,"var":1.09761626269e-16},"spectral_energy":{"dmean":0.00446196179837,"dmean2":0.00590885570273,"dvar":0.000247211137321,"dvar2":0.000472556275781,"max":0.666914105415,"mean":0.0282857529819,"median":0.0145239643753,"min":0.00000428793555329,"var":0.00163575599436},"spectral_energyband_high":{"dmean":0.00000211641099668,"dmean2":0.00000350644745595,"dvar":3.33472867375e-11,"dvar2":8.32739641132e-11,"max":0.000191876795725,"mean":0.0000142483340824,"median":9.05159197373e-7,"min":2.21409504064e-8,"var":8.51900994192e-10},"spectral_energyband_low":{"dmean":0.00216860091314,"dmean2":0.00262711988762,"dvar":0.0000454633191111,"dvar2":0.0000888933282113,"max":0.23725284636,"mean":0.016223192215,"median":0.00764179043472,"min":2.00917284587e-7,"var":0.000506074808072},"spectral_energyband_middle_high":{"dmean":0.00011641097808,"dmean2":0.000168968035723,"dvar":1.17063244431e-7,"dvar2":2.26669286008e-7,"max":0.0131160477176,"mean":0.000373843184207,"median":0.000147204569657,"min":3.59261179028e-7,"var":4.16835945316e-7},"spectral_energyband_middle_low":{"dmean":0.00322861992754,"dmean2":0.00457268999889,"dvar":0.000178850721568,"dvar2":0.000358717865311,"max":0.591895282269,"mean":0.0141824195161,"median":0.00516633642837,"min":0.00000166976531091,"var":0.000831620534882},"spectral_entropy":{"dmean":0.080278635025,"dmean2":0.123638771474,"dvar":0.00942916423082,"dvar2":0.0205074138939,"max":8.12448787689,"mean":5.60477352142,"median":5.48895835876,"min":3.87752938271,"var":0.56514108181},"spectral_flux":{"dmean":0.00927759334445,"dmean2":0.0146117480472,"dvar":0.000589606701396,"dvar2":0.00122235633899,"max":0.504839539528,"mean":0.0267997048795,"median":0.0187862962484,"min":0.00158271740656,"var":0.00111505936366},"spectral_kurtosis":{"dmean":26.3639297485,"dmean2":45.6605453491,"dvar":2271.06762695,"dvar2":7266.10449219,"max":782.97833252,"mean":119.248451233,"median":47.1631546021,"min":0.490217834711,"var":19916.1953125},"spectral_rms":{"dmean":0.00032406259561,"dmean2":0.000425859441748,"dvar":5.62025206818e-7,"dvar2":9.00886732325e-7,"max":0.025507800281,"mean":0.0043995603919,"median":0.00376426894218,"min":0.0000646788321319,"var":0.0000082397236838},"spectral_rolloff":{"dmean":34.9344673157,"dmean2":62.6440391541,"dvar":7282.02929688,"dvar2":18673.8125,"max":1916.45507812,"mean":401.377502441,"median":301.46484375,"min":64.599609375,"var":107768.101562},"spectral_skewness":{"dmean":0.840654790401,"dmean2":1.46221637726,"dvar":1.29722416401,"dvar2":3.93608760834,"max":22.3207015991,"mean":7.45341300964,"median":5.64043426514,"min":1.11810076237,"var":24.8427829742},"spectral_spread":{"dmean":238068.453125,"dmean2":416996.75,"dvar":76963340288,"dvar2":218346274816,"max":7552477.5,"mean":2010881.125,"median":1382110.375,"min":121750.140625,"var":2913985626110},"spectral_strongpeak":{"dmean":0.159997016191,"dmean2":0.269549667835,"dvar":0.14954559505,"dvar2":0.365557163954,"max":10.4682369232,"mean":0.599890232086,"median":0.320565342903,"min":0.00049609033158,"var":0.626821935177},"zerocrossingrate":{"dmean":0.00165530527011,"dmean2":0.00221620639786,"dvar":0.00000630841577731,"dvar2":0.00000953918788582,"max":0.10400390625,"mean":0.016789201647,"median":0.01171875,"min":0.0029296875,"var":0.000262026267592}},"metadata":{"audio_properties":{"analysis_sample_rate":44100,"bit_rate":0,"codec":"flac","downmix":"mix","equal_loudness":0,"length":114.040000916,"lossless":true,"md5_encoded":"171c2671670aadfd35d42cb75b40bd8d","replay_gain":1.47838783264},"tags":{"album":["The Fragile"],"album artist":["Nine Inch Nails"],"albumartist":["Nine Inch Nails"],"artist":["Nine Inch Nails"],"date":["1999-09-20"],"discnumber":["1"],"discsubtitle":["Left"],"disctotal":["2"],"file_name":"1-03. The Frail.flac","genre":["Industrial"],"musicbrainz_albumartistid":["b7ffd2af-418f-4be2-bdd1-22f8b48613da"],"musicbrainz_albumid":["c162e9d3-b9f8-38ab-972e-c900dae920e5"],"musicbrainz_artistid":["b7ffd2af-418f-4be2-bdd1-22f8b48613da"],"musicbrainz_recordingid":["c7fc8324-dd08-406a-824b-5d2146809ccc"],"musicbrainz_releasegroupid":["fc4d7589-a6b9-35ca-a6b6-8c8e70c3baaa"],"title":["The Frail"],"totaldiscs":["2"],"totaltracks":["12"],"tracknumber":["3"],"tracktotal":["12"]},"version":{"essentia":"2.1-beta1","essentia_build_sha":"dbf9221a02c8614ba002a04270c5f9c8cf066e4e","essentia_git_sha":"v2.1_beta1-6-g5578087","extractor":"music 1.0"}},"rhythm":{"beats_count":191,"beats_loudness":{"dmean":0.0490751676261,"dmean2":0.0896209180355,"dvar":0.00518136983737,"dvar2":0.0142739973962,"max":0.479133427143,"mean":0.0426900237799,"median":0.0231118183583,"min":0.000352709117578,"var":0.00389869860373},"beats_loudness_band_ratio":{"dmean":[0.175892204046,0.169318214059,0.0734562426805,0.0222748387605,0.000753773842007,0.00105531176087],"dmean2":[0.27727457881,0.271113753319,0.11730132252,0.0370151139796,0.00132799800485,0.00188323354814],"dvar":[0.0251619871706,0.0266047604382,0.00771707296371,0.0038739088