{"lowlevel":{"average_loudness":0.491818457842,"barkbands":{"dmean":[0.0000233244099945,0.00455853575841,0.00300192786381,0.00189106026664,0.00258645159192,0.000790084712207,0.000767808582168,0.000582381733693,0.000404196878662,0.000394865346607,0.000124218902783,0.000177662717761,0.000075372736319,0.00016210875765,0.0000807572068879,0.0000426277147199,0.000032274696423,0.0000506107862748,0.0000321554616676,0.0000258764575847,0.0000245779174293,0.0000350000773324,0.0000158377788466,0.0000102439680632,0.00000854384143167,0.0000181538762263,0.0000011973340861],"dmean2":[0.0000414482929045,0.00733311055228,0.00546399503946,0.00301414867863,0.00430198060349,0.00128795963246,0.00129633711185,0.000846754875965,0.000605933659244,0.00059902475914,0.000183973039384,0.000256693718256,0.000118053736514,0.00021656313038,0.000109127358883,0.000065382271714,0.0000495845051773,0.0000708656662027,0.0000533934980922,0.0000391506400774,0.0000383064143534,0.0000562856184843,0.0000244776092586,0.0000157811264216,0.0000133592366183,0.0000261268833128,0.00000190480443507],"dvar":[8.23466095312e-9,0.000155325804371,0.00011875272321,0.0000255018476309,0.0000387420586776,0.00000333653747475,0.00000605464128967,0.00000691603554515,9.87068915492e-7,0.00000265709240921,7.08388199655e-7,0.0000018475983552,6.86900207825e-8,7.9656666685e-7,4.50921618267e-7,2.08758059728e-8,1.40919134139e-8,1.03739047574e-7,2.44698785679e-8,1.41573233137e-8,1.54777310968e-8,7.0918851236e-8,1.11014086812e-8,5.75466430064e-9,4.4506873742e-9,1.42268472558e-8,9.53484305399e-11],"dvar2":[2.44487292633e-8,0.000423979974585,0.000355005409801,0.0000634140378679,0.0000970570035861,0.0000086266800281,0.0000171268911799,0.0000127726607388,0.00000232301590586,0.00000478006131743,0.00000149032064201,0.00000368712244381,1.62025742156e-7,0.00000136225742153,6.3978450271e-7,4.30082423009e-8,3.26818927476e-8,1.71070283272e-7,6.15774737867e-8,3.18386454978e-8,3.46196067369e-8,1.86174048622e-7,2.74712999015e-8,1.38995703836e-8,1.16346496881e-8,2.79084062527e-8,2.42883990698e-10],"max":[0.00233759498224,0.231370776892,0.161620616913,0.099492162466,0.128193229437,0.0490543246269,0.077114738524,0.134137749672,0.0457652285695,0.0632037073374,0.0519711002707,0.0672397762537,0.0143810911104,0.034716270864,0.0426793545485,0.00402272772044,0.00268815853633,0.0143746305257,0.0043078600429,0.00288302428089,0.00312063423917,0.00973368994892,0.00266839447431,0.002187050879,0.00159280258231,0.0049826959148,0.000254807091551],"mean":[0.000027614118153,0.0125503977761,0.00364530528896,0.00331438868307,0.0044861654751,0.00138900510501,0.0012157704914,0.00119853019714,0.00106705573853,0.000827357638627,0.000241979709244,0.000334545940859,0.000170298997546,0.00035087991273,0.000160593132023,0.0000794403313193,0.0000540547189303,0.0000961243567872,0.000048497789976,0.0000434822577517,0.000039529219066,0.0000437595772382,0.0000203452873393,0.0000124988928292,0.00000944244766288,0.0000393570735469,0.00000123275992792],"median":[0.00000615242015556,0.00531867705286,0.000699450145476,0.000487623823574,0.00139058381319,0.000455380999483,0.000253392674495,0.000300594954751,0.000179883296369,0.000178151356522,0.0000378928561986,0.0000496026041219,0.0000309738315991,0.0000216785119846,0.0000135313021019,0.0000136140861287,0.00000655029089103,0.00000442268174083,0.000002151546596,5.0561527587e-7,2.07211002134e-7,5.36762314596e-8,9.09424713313e-9,2.94419688629e-9,2.01654382082e-9,1.61729718506e-9,2.03718197866e-9],"min":[1.70214994543e-23,3.71973097252e-23,2.01726248506e-23,4.83743667135e-24,5.22756538656e-23,1.83849555988e-23,1.12901091179e-22,3.60547362118e-23,1.82295421119e-23,9.87163876051e-23,1.45770817264e-22,1.45784297319e-22,8.8469772333e-23,5.05147396203e-23,2.00074108713e-22,8.76639351411e-23,2.82100925867e-22,2.000788545e-22,2.54667297078e-22,4.62803362294e-22,4.36613382189e-22,3.93382062778e-22,5.74536409219e-22,7.62264251542e-22,7.50715479351e-22,1.98441335771e-21,2.1357064285e-21],"var":[7.6196542409e-9,0.000318507780321,0.000102133562905,0.000064890125941,0.0000789895566413,0.00000773323881731,0.0000114049880722,0.0000196681176021,0.00000710138829163,0.00000724441861166,0.00000182329927156,0.00000475881233797,3.45721701933e-7,0.00000317797412208,0.00000179021401436,4.85688040897e-8,2.64588884136e-8,4.03881131206e-7,3.4322852116e-8,2.73553162344e-8,2.71405315999e-8,7.05092304543e-8,1.34435023114e-8,6.61499877097e-9,4.15702361423e-9,6.39419326376e-8,8.69539440451e-11]},"barkbands_crest":{"dmean":2.05337643623,"dmean2":3.23957133293,"dvar":4.96174240112,"dvar2":12.7138385773,"max":25.935541153,"mean":14.4212799072,"median":13.3732070923,"min":2.92785763741,"var":33.7185249329},"barkbands_flatness_db":{"dmean":0.0223942324519,"dmean2":0.0341755114496,"dvar":0.000671003363095,"dvar2":0.00142473471351,"max":0.611784696579,"mean":0.321272969246,"median":0.32578676939,"min":0.0283019244671,"var":0.0133524797857},"barkbands_kurtosis":{"dmean":4.03914260864,"dmean2":6.25125980377,"dvar":85.2532653809,"dvar2":197.206726074,"max":366.318481445,"mean":9.86117172241,"median":4.3505358696,"min":-1.97941040993,"var":282.904205322},"barkbands_skewness":{"dmean":0.507694840431,"dmean2":0.762672007084,"dvar":0.381809532642,"dvar2":0.906482458115,"max":14.4714927673,"mean":2.00041842461,"median":1.71237134933,"min":-4.56245183945,"var":3.31451582909},"barkbands_spread":{"dmean":2.15999531746,"dmean2":3.27013993263,"dvar":25.8988895416,"dvar2":47.3336524963,"max":163.935699463,"mean":10.2582368851,"median":5.63165521622,"min":0.209605365992,"var":377.234588623},"dissonance":{"dmean":0.0298684556037,"dmean2":0.051220625639,"dvar":0.00115101330448,"dvar2":0.00310424249619,"max":0.499999970198,"mean":0.432797193527,"median":0.45261913538,"min":0.105860225856,"var":0.00331408251077},"dynamic_complexity":5.65146780014,"erbbands":{"dmean":[0.0693192258477,1.23843383789,3.18696475029,5.39192485809,10.0649585724,5.84774255753,4.74534702301,8.5362663269,10.3109903336,11.7859773636,11.0522499084,7.91389513016,14.3366661072,6.66553878784,5.8637471199,4.99730062485,3.49260663986,6.74821567535,5.76336288452,2.68627071381,2.51171755791,1.99133431911,2.99490809441,1.78858101368,1.30610740185,1.1519203186,1.17997777462,0.963912069798,1.4489402771,0.714412271976,0.432971119881,0.228532657027,0.170542240143,0.102686949074,0.0561557933688,0.0862135142088,0.0377142392099,0.00180219777394,0.000217296779738,0.0000259313164861],"dmean2":[0.107154116035,2.01620054245,5.76546907425,8.8231754303,16.7001132965,9.77980804443,7.58641719818,13.856803894,17.2912254333,18.5788555145,16.1133823395,12.1498470306,21.0274829865,10.1224346161,8.43396091461,7.27300310135,5.39547300339,9.71632862091,7.31369924545,3.76944899559,3.82297039032,2.96521162987,4.14980554581,2.96469902992,2.08154201508,1.71758496761,1.87536180019,1.51161921024,2.3725464344,1.12888467312,0.672584116459,0.351776063442,0.268379151821,0.162665918469,0.088595546782,0.132132172585,0.0540890209377,0.00275901984423,0.00033865912701,0.000041088755097],"dvar":[0.0254048332572,12.5004224777,144.774154663,228.651275635,782.502563477,182.256607056,203.520294189,397.958679199,1046.79907227,1976.77722168,1949.07373047,349.847839355,2812.30908203,1222.05126953,1101.82263184,1078.30908203,155.151473999,1416.20605469,901.085510254,291.254638672,88.8597640991,53.3538856506,374.970184326,84.6901321411,42.8136520386,25.3049259186,41.4037094116,29.3699378967,135.828262329,20.6872844696,8.6767873764,2.66121244431,1.70427501202,0.697190999985,0.179232284427,0.309389144182,0.0743306577206,0.000171517254785,0.00000283609006146,1.62240603174e-8],"dvar2":[0.0647656396031,34.4997558594,421.797515869,643.806945801,1782.70788574,493.559326172,464.352722168,1037.09924316,2754.36352539,4661.72265625,3838.8659668,916.372680664,5130.61523438,2725.05371094,2082.67236328,2171.53198242,361.742736816,3076.26806641,1173.76000977,423.637786865,179.763687134,117.315910339,602.229736328,215.216659546,101.00328064,53.736289978,97.5780487061,71.7036819458,362.553344727,49.8171081543,21.4519901276,6.47805261612,4.21941900253,1.84475946426,0.461415827274,0.63391661644,0.148975864053,0.000398174277507,0.00000724863321011,4.15384597829e-8],"max":[3.19798541069,64.3505935669,167.922927856,354.418029785,722.738830566,238.403961182,906.094665527,443.942565918,620.990783691,2065.01757812,2695.98974609,556.561523438,2356.43115234,2115.28637695,1301.31787109,1604.07470703,683.191345215,1127.40332031,1266.45849609,1059.55480957,275.95300293,185.290802002,839.87512207,286.831573486,157.052307129,129.023757935,162.884353638,198.292098999,428.732849121,125.19367981,65.3236618042,42.4995803833,38.8131484985,22.4844741821,8.89682865143,18.304063797,12.8824081421,0.455826640129,0.0473911613226,0.00340485363267],"mean":[0.251600682735,3.19206857681,4.29221248627,9.74950790405,15.7983560562,10.4022741318,9.63592624664,14.7246828079,15.8447189331,23.0691146851,24.5829486847,19.5827941895,35.1660728455,14.0374031067,11.6657485962,9.81596851349,8.21642398834,13.453710556,13.3071260452,5.7695889473,4.73370838165,3.57614302635,5.88865947723,2.82522916794,2.14537525177,2.00875902176,1.86838412285,1.44896233082,1.72409367561,0.97852575779,0.552398741245,0.288863062859,0.198158070445,0.1120538041,0.0688692703843,0.179070174694,0.0785953179002,0.00300471903756,0.000264996080659,0.0000517748703714],"median":[0.109172903001,1.36097145081,1.79121887684,1.89283192158,3.589158535,3.50630617142,3.13048028946,4.91753196716,3.32288980484,5.40388154984,6.65354633331,4.91409540176,7.33576774597,3.59576463699,2.23148393631,1.81218338013,1.68593943119,1.51490736008,1.03356707096,0.86951392889,0.8582290411,0.518410205841,0.329810917377,0.176636040211,0.0704656541348,0.0247331466526,0.0137557126582,0.00557162985206,0.00233236863278,0.00082003895659,0.000253470381722,0.000103030870378,0.0000620259379502,0.0000419391326432,0.0000292690292554,0.0000209424433706,0.0000113116002467,0.00000191836102204,0.0000126266186271,0.0000283299268631],"min":[2.28123710388e-21,3.98281446882e-21,1.89723276206e-20,1.74400773179e-20,5.94503818153e-20,2.92180871869e-19,1.31720227818e-19,1.67670376119e-19,1.32590155574e-18,1.0651383477e-18,9.19516095995e-19,5.04271635289e-19,1.25433905902e-18,5.68651474595e-18,4.15215840257e-18,6.45903733158e-18,4.86496309747e-18,2.81012010405e-18,9.02420051172e-18,6.19529906507e-18,9.40752097066e-18,1.35377760442e-17,9.72499702566e-18,1.27343214532e-17,1.41892643218e-17,2.37311037075e-17,2.13789014848e-17,1.4371483939e-17,1.39878756212e-17,1.53045320894e-17,1.65705518693e-17,1.39784192924e-17,1.22825592432e-17,8.26418861927e-18,5.88516051569e-18,6.61555479272e-18,3.89896751606e-18,1.15945834083e-18,2.96064665791e-19,3.42100284796e-20],"var":[0.113219842315,21.5430278778,107.334892273,516.055358887,1729.43823242,347.09161377,625.541259766,840.970825195,1751.18127441,5840.25,5104.05517578,1579.05004883,10756.5322266,2762.4753418,2773.62670898,2725.52636719,777.939025879,3489.93896484,4504.50634766,1149.55639648,205.602630615,118.858421326,1524.83459473,110.722366333,69.3180618286,55.6795654297,65.1461639404,41.2997398376,123.266647339,27.6025562286,10.5360431671,3.16676354408,1.81300628185,0.627759933472,0.185651913285,1.18726503849,0.298597961664,0.000361862417776,0.00000291093192573,1.7495118243e-8]},"erbbands_crest":{"dmean":2.1477637291,"dmean2":3.34648561478,"dvar":5.39484214783,"dvar2":12.9943408966,"max":34.2400245667,"mean":11.5801343918,"median":10.0438289642,"min":2.14886116982,"var":35.3881950378},"erbbands_flatness_db":{"dmean":0.0157802775502,"dmean2":0.0237883068621,"dvar":0.000347983906977,"dvar2":0.000700316391885,"max":0.536067247391,"mean":0.286983072758,"median":0.312704443932,"min":0.0284643210471,"var":0.00957753602415},"erbbands_kurtosis":{"dmean":1.1462392807,"dmean2":1.75280344486,"dvar":5.90771436691,"dvar2":12.2796354294,"max":73.2467422485,"mean":1.53358530998,"median":0.308210253716,"min":-1.72598469257,"var":21.6226558685},"erbbands_skewness":{"dmean":0.324122875929,"dmean2":0.495629251003,"dvar":0.142019584775,"dvar2":0.316326349974,"max":6.91412591934,"mean":0.457367986441,"median":0.460427939892,"min":-4.11766815186,"var":0.8379753232},"erbbands_spread":{"dmean":3.85160517693,"dmean2":5.95504331589,"dvar":30.3703098297,"dvar2":72.4197158813,"max":126.451927185,"mean":22.6231632233,"median":17.3607521057,"min":0.48964086175,"var":276.897918701},"gfcc":{"cov":[[24490.046875,-792.517883301,-2326.18530273,2828.16967773,-927.119628906,171.669952393,50.6191825867,-62.0136108398,-328.728485107,372.274658203,-379.199829102,51.4791717529,-539.779846191],[-792.517883301,4780.23486328,166.817810059,-1459.40441895,1092.68005371,-545.872314453,369.59197998,-181.316375732,423.622711182,-359.600402832,320.529388428,-222.180709839,313.018463135],[-2326.18530273,166.817810059,2283.52758789,32.3294296265,136.185089111,412.602081299,60.7575645447,212.455154419,30.1317253113,63.5884628296,55.2588310242,69.2129135132,-34.847946167],[2828.16967773,-1459.40441895,32.3294296265,1509.62426758,-396.510437012,266.237762451,76.9601287842,-29.0202941895,-54.090133667,167.141326904,-113.766860962,28.2323112488,-141.578964233],[-927.119628906,1092.68005371,136.185089111,-396.510437012,604.167297363,-100.287063599,94.2017593384,-7.89260005951,86.0141143799,-98.6491699219,102.957771301,-35.5788764954,72.3475570679],[171.669952393,-545.872314453,412.602081299,266.237762451,-100.287063599,318.731414795,12.829867363,81.0661315918,-29.7087173462,65.0832290649,-30.0447559357,37.500705719,-50.1030387878],[50.6191825867,369.59197998,60.7575645447,76.9601287842,94.2017593384,12.829867363,262.689117432,37.6644973755,128.815582275,2.84211826324,16.9818897247,-36.4647521973,32.8639030457],[-62.0136108398,-181.316375732,212.455154419,-29.0202941895,-7.89260005951,81.0661315918,37.6644973755,202.597045898,33.3580818176,30.9199733734,-5.50056600571,47.7014122009,-16.1548538208],[-328.728485107,423.622711182,30.1317253113,-54.090133667,86.0141143799,-29.7087173462,128.815582275,33.3580818176,223.510177612,33.5161399841,57.4775657654,-14.7995548248,67.0889663696],[372.274658203,-359.600402832,63.5884628296,167.141326904,-98.6491699219,65.0832290649,2.84211826324,30.9199733734,33.5161399841,172.272949219,21.5375881195,39.2492637634,-24.4923229218],[-379.199829102,320.529388428,55.2588310242,-113.766860962,102.957771301,-30.0447559357,16.9818897247,-5.50056600571,57.4775657654,21.5375881195,162.800125122,37.9752883911,40.0800552368],[51.4791717529,-222.180709839,69.2129135132,28.2323112488,-35.5788764954,37.500705719,-36.4647521973,47.7014122009,-14.7995548248,39.2492637634,37.9752883911,120.829170227,19.2282867432],[-539.779846191,313.018463135,-34.847946167,-141.578964233,72.3475570679,-50.1030387878,32.8639030457,-16.1548538208,67.0889663696,-24.4923229218,40.0800552368,19.2282867432,126.54586792]],"icov":[[0.000119721786177,-0.000288620969513,0.000215900377952,-0.000327082525473,0.000154950204887,-0.000208877914702,0.000159073839313,-0.000312661199132,0.000324232329149,-0.000371749920305,0.000303042354062,-0.000341960665537,0.000377730553737],[-0.000288620969513,0.00151703075971,-0.00073131400859,0.00118467852008,-0.000935717951506,0.00114222522825,-0.00104863045271,0.00143981282599,-0.00149568053894,0.00169220275711,-0.00138368760236,0.0014122860739,-0.00107209873386],[0.000215900377952,-0.00073131400859,0.00109214952681,-0.000626128108706,0.000199408648768,-0.00144159980118,0.000484755350044,-0.00106444780249,0.000734292436391,-0.000868890841957,0.000493721745443,-0.000751102226786,0.000783856317867],[-0.000327082525473,0.00118467852008,-0.000626128108706,0.00225280155428,-0.00024639753974,0.000152223263285,-0.00159937201533,0.00209607253782,-0.00126742082648,0.000870545743965,-0.000639789679553,0.000503304996528,-0.000126875602291],[0.000154950204887,-0.000935717951506,0.000199408648768,-0.00024639753974,0.003233442083,-0.000387451378629,-0.000189245023648,-0.000728811137378,0.000755191780627,0.0000927153159864,-0.000472746993182,-0.000415150745539,0.000539233500604],[-0.000208877914702,0.00114222522825,-0.00144159980118,0.000152223263285,-0.000387451378629,0.00658429600298,-0.00111598125659,-0.000182883290108,-0.000271315017017,0.000463296571979,-0.00055015552789,0.000631870352663,-0.000536370498594],[0.000159073839313,-0.00104863045271,0.000484755350044,-0.00159937201533,-0.000189245023648,-0.00111598125659,0.00726455450058,-0.00242125545628,-0.00205482682213,-0.000582844368182,0.000828061252832,0.00127880193759,-0.000392864458263],[-0.000312661199132,0.00143981282599,-0.00106444780249,0.00209607253782,-0.000728811137378,-0.000182883290108,-0.00242125545628,0.00918537285179,-0.00331246200949,0.00157325377222,0.00049520295579,-0.00294976285659,0.00165448396001],[0.000324232329149,-0.00149568053894,0.000734292436391,-0.00126742082648,0.000755191780627,-0.000271315017017,-0.00205482682213,-0.00331246200949,0.0105443960056,-0.0044252439402,-0.000570229021832,0.0013726411853,-0.0030361355748],[-0.000371749920305,0.00169220275711,-0.000868890841957,0.000870545743965,0.0000927153159864,0.000463296571979,-0.000582844368182,0.00157325377222,-0.0044252439402,0.0107300812379,-0.00311396783218,-0.000547265633941,0.000938108714763],[0.000303042354062,-0.00138368760236,0.000493721745443,-0.000639789679553,-0.000472746993182,-0.00055015552789,0.000828061252832,0.00049520295579,-0.000570229021832,-0.00311396783218,0.0106502957642,-0.00531254988164,0.00116968760267],[-0.000341960665537,0.0014122860739,-0.000751102226786,0.000503304996528,-0.000415150745539,0.000631870352663,0.00127880193759,-0.00294976285659,0.0013726411853,-0.000547265633941,-0.00531254988164,0.0155874071643,-0.00633637793362],[0.000377730553737,-0.00107209873386,0.000783856317867,-0.000126875602291,0.000539233500604,-0.000536370498594,-0.000392864458263,0.00165448396001,-0.0030361355748,0.000938108714763,0.00116968760267,-0.00633637793362,0.0144153907895]],"mean":[-177.452072144,203.990203857,-102.417572021,-3.54803013802,-24.1210670471,-11.8899154663,-12.4929914474,-1.33282184601,-6.17023706436,-8.4269323349,-9.34676456451,-7.28934574127,-2.66003584862]},"hfc":{"dmean":3.32973575592,"dmean2":4.95613574982,"dvar":77.3888473511,"dvar2":171.724563599,"max":188.434936523,"mean":9.89684104919,"median":4.54873275757,"min":1.17620212666e-16,"var":231.770004272},"melbands":{"dmean":[0.00097809790168,0.00168296543416,0.000995390349999,0.000623907078989,0.000170706276549,0.000179407157702,0.000154968540301,0.000132903747726,0.0000863041932462,0.0000514015337103,0.0000737153604859,0.0000296912730846,0.0000165675555763,0.0000247387179115,0.00000611881341683,0.00000821759022074,0.0000147124746945,0.000010260732779,0.00000714715815775,0.00000216833564082,0.0000031099723401,0.00000182632231827,0.00000318587990478,0.00000201134776034,0.00000153418932314,0.00000114038118681,7.72042255903e-7,8.46638556595e-7,8.53186406857e-7,5.87161821386e-7,5.6510344848e-7,9.17420152291e-7,5.94372750129e-7,3.4761572465e-7,2.87767079499e-7,1.55313060191e-7,1.37987044013e-7,1.23905550709e-7,1.08443600766e-7,7.79225857173e-8],"dmean2":[0.00153144216165,0.00292358687147,0.00164849066641,0.00104153843131,0.000273216253845,0.000292322889436,0.000261216831859,0.000203740491997,0.000127560037072,0.0000780619739089,0.000108210275357,0.0000455409244751,0.0000242343394348,0.0000353286413883,0.00000971438112174,0.0000128382707771,0.0000209735644603,0.0000127678613353,0.00000963693128142,0.00000333196931024,0.000004767090104,0.00000288264686787,0.0000043080872274,0.0000029926247862,0.00000259308376371,0.00000186931913504,0.0000011898558796,0.00000128803799271,0.00000138920313475,9.45321517065e-7,9.08996810267e-7,0.00000152340828663,9.61052705861e-7,5.52158496703e-7,4.566981886e-7,2.43815890144e-7,2.18117591544e-7,1.96492479176e-7,1.72227203166e-7,1.26543753254e-7],"dvar":[0.00000605351260674,0.0000332344716298,0.00000679492086419,0.00000243956560553,2.28620379517e-7,1.78088555458e-7,2.31778429338e-7,2.69633630978e-7,9.12873545644e-8,1.5963786737e-8,7.55112381512e-8,2.12013429035e-8,7.08891478851e-9,3.76205804287e-8,3.02904423766e-10,8.54517512305e-10,7.60933094313e-9,3.27633098429e-9,4.02228295115e-9,3.52848965324e-11,1.54711285449e-10,4.72766548132e-11,4.02363087293e-10,1.08597450477e-10,6.70479644027e-11,3.06009280415e-11,1.30349307736e-11,1.40170149793e-11,2.46269376419e-11,8.06093820166e-12,1.27339293624e-11,6.32298657877e-11,1.60021683404e-11,4.97477016179e-12,4.1423934595e-12,1.0728685735e-12,1.01583129929e-12,9.34295718048e-13,7.10827880931e-13,4.31033870705e-13],"dvar2":[0.0000159560149768,0.000095130140835,0.0000178989575943,0.00000606903722655,5.24641961874e-7,4.64314126702e-7,6.21525600764e-7,5.60337809929e-7,1.8281797054e-7,3.95438313205e-8,1.37693248803e-7,4.62325857598e-8,1.3822283762e-8,7.4569314279e-8,7.32709615203e-10,1.91856197596e-9,1.62837405782e-8,3.8788492418e-9,5.69946800866e-9,8.02848273973e-11,3.15401676998e-10,1.15181163218e-10,6.38672337239e-10,2.14234768814e-10,1.72965960998e-10,7.95639665263e-11,2.69814032228e-11,3.07799133403e-11,6.09794784112e-11,1.83911184892e-11,3.31334161496e-11,1.71562805629e-10,4.06367960115e-11,1.24135458857e-11,1.029959798e-11,2.63824140485e-12,2.46335005345e-12,2.31971386544e-12,1.81888965695e-12,1.14903919712e-12],"max":[0.0462862402201,0.0841948091984,0.052082631737,0.032306201756,0.0292641818523,0.0111533375457,0.00955349672586,0.026155885309,0.0176874306053,0.0052603520453,0.0118934446946,0.00785704795271,0.00345316110179,0.00958069041371,0.000680172059219,0.0019379806472,0.0025911310222,0.00289597525261,0.00402642507106,0.000148291495861,0.000370595633285,0.000178614776814,0.000907768378966,0.000381029618438,0.000290353724267,0.000139132505865,0.0000999964831863,0.000082705373643,0.000135152600706,0.0000590401759837,0.000141045806231,0.000320430262946,0.000101010809885,0.000065147272835,0.0000494212217745,0.0000269025731541,0.000023223386961,0.0000314603166771,0.0000182849944395,0.0000186327306437],"mean":[0.00312539353035,0.00312288920395,0.00180586718488,0.00103859847877,0.000344667641912,0.000310082774376,0.000239245244302,0.000268437201157,0.000191978542716,0.000132113040308,0.000176966685103,0.0000577754581172,0.0000328402966261,0.0000465611919935,0.0000123703812278,0.0000188185786101,0.0000283386361843,0.0000244531456701,0.0000142375511132,0.0000042081119318,0.00000551116590941,0.00000287111470243,0.00000627129747954,0.00000353006930709,0.00000221845380111,0.00000165973096955,0.00000132085199311,0.00000137840220304,0.00000126156646729,9.19002729916e-7,7.98859673523e-7,0.00000102681713088,7.86148291354e-7,4.47791336455e-7,3.5125142972e-7,1.99067855533e-7,1.68832670511e-7,1.43331945424e-7,1.18033106844e-7,8.53343209428e-8],"median":[0.00133046938572,0.0015685147373,0.000350474263541,0.000271997181699,0.000111610992462,0.0000994948204607,0.0000504866984556,0.0000653107563267,0.0000460358933196,0.0000274674493994,0.0000348763860529,0.0000135042619149,0.00000618583862888,0.00000629452370049,0.00000228051499107,0.00000330323291564,0.00000223564393309,0.00000140308225127,0.00000100219426713,9.01777525542e-7,8.70654957907e-7,3.4877825783e-7,3.55024042165e-7,1.87350906344e-7,1.18260345516e-7,5.16775422454e-8,2.04968610973e-8,1.17844987102e-8,8.47483327959e-9,4.80331330266e-9,2.4053044001e-9,1.3138889976e-9,7.01575353368e-10,2.71722894185e-10,1.28107940922e-10,7.01542712811e-11,3.91949875334e-11,3.00406158282e-11,2.47618141269e-11,1.77934611489e-11],"min":[1.51901588628e-23,8.06647115393e-24,3.87452977904e-24,1.31212196776e-23,6.28982938876e-24,3.63592538762e-24,2.24680870225e-23,1.10025507009e-23,6.11476734883e-24,3.01642207191e-24,6.50513792879e-24,2.28236928968e-23,1.81039633444e-23,8.61396113253e-24,2.27754714073e-23,6.676424086e-24,4.65235057589e-24,1.25937636105e-23,1.33485709682e-23,5.52257222829e-24,1.36125459152e-23,1.79980603456e-23,5.36472747205e-24,1.10813981372e-23,1.00885488459e-23,9.84567198387e-24,1.11393683697e-23,1.6591104833e-23,1.21712970413e-23,1.39067058358e-23,6.64504162147e-24,8.37735808123e-24,7.16964674522e-24,9.43641252396e-24,9.46135867237e-24,9.87680595721e-24,7.72478157486e-24,8.67824067454e-24,7.77548403182e-24,6.80607732008e-24],"var":[0.0000183516331163,0.0000297271435556,0.0000159367409651,0.0000048842734941,7.00756288552e-7,3.80904452868e-7,4.06780173989e-7,8.39954168441e-7,2.7053781082e-7,9.45774942807e-8,2.75119475646e-7,4.42098908593e-8,1.79949299906e-8,9.68334319396e-8,1.00920993784e-9,5.24620569209e-9,1.93946476656e-8,1.84879951348e-8,1.58627955216e-8,9.08242925313e-11,3.38967104385e-10,7.17368942027e-11,1.65546654163e-9,3.24459570322e-10,7.88884305103e-11,4.15756179484e-11,2.65121084808e-11,2.91455470869e-11,3.41963332651e-11,1.36456792046e-11,1.47083005497e-11,5.21638739148e-11,1.91834707841e-11,5.95234495374e-12,4.71324672e-12,1.35704229971e-12,1.18706953989e-12,9.84125324635e-13,6.83976855188e-13,3.79452328933e-13]},"melbands_crest":{"dmean":2.32769370079,"dmean2":3.71168804169,"dvar":6.48298978806,"dvar2":16.5594615936,"max":35.511806488,"mean":16.8400554657,"median":16.6706619263,"min":2.18332004547,"var":29.3389625549},"melbands_flatness_db":{"dmean":0.0258325953037,"dmean2":0.0390152484179,"dvar":0.000956646748818,"dvar2":0.00195392244495,"max":0.792990684509,"mean":0.426420480013,"median":0.42989128828,"min":0.00843308586627,"var":0.0212360732257},"melbands_kurtosis":{"dmean":6.28164434433,"dmean2":9.96032524109,"dvar":210.590438843,"dvar2":578.505371094,"max":582.284362793,"mean":16.9584560394,"median":9.23494529724,"min":-1.8542958498,"var":528.419128418},"melbands_skewness":{"dmean":0.564829826355,"dmean2":0.865891754627,"dvar":0.478217184544,"dvar2":1.20631897449,"max":18.5572834015,"mean":2.64090681076,"median":2.46663618088,"min":-4.06235694885,"var":3.69026613235},"melbands_spread":{"dmean":2.51799607277,"dmean2":3.84880208969,"dvar":26.7710113525,"dvar2":52.9982795715,"max":170.361373901,"mean":9.63041400909,"median":6.18694114685,"min":0.342314958572,"var":140.913955688},"mfcc":{"cov":[[14117.9365234,88.9208755493,-2003.14758301,1599.71105957,-332.454193115,285.418701172,-14.6568202972,-87.8833236694,-157.676589966,-57.3930664062,125.435340881,3.80834960938,-87.2462997437],[88.9208755493,3920.94555664,73.4026031494,-447.585571289,422.247894287,-148.306060791,49.7973251343,83.9926452637,124.911849976,-1.43159675598,29.4157466888,111.405899048,36.9455833435],[-2003.14758301,73.4026031494,1768.93041992,92.6717300415,70.1638946533,224.179794312,158.588729858,148.228744507,104.712188721,121.615859985,78.1811828613,106.515403748,107.688812256],[1599.71105957,-447.585571289,92.6717300415,819.365600586,-30.2247219086,212.287506104,106.62374115,3.54500508308,51.4219360352,55.5830764771,70.4225463867,53.9445877075,34.8087654114],[-332.454193115,422.247894287,70.1638946533,-30.2247219086,291.054107666,47.1311454773,51.039276123,56.6549530029,-4.27040052414,-25.3673667908,-6.50535488129,19.4546489716,24.9840393066],[285.418701172,-148.306060791,224.179794312,212.287506104,47.1311454773,242.1222229,91.9983520508,18.5070114136,18.4323863983,28.323179245,28.4357452393,19.6619987488,23.2967357635],[-14.6568202972,49.7973251343,158.588729858,106.62374115,51.039276123,91.9983520508,140.224075317,64.4376068115,20.1249313354,24.6027870178,22.9056549072,26.1796302795,23.7658939362],[-87.8833236694,83.9926452637,148.228744507,3.54500508308,56.6549530029,18.5070114136,64.4376068115,156.099121094,61.8757171631,6.77549886703,12.674118042,20.1356487274,18.2781906128],[-157.676589966,124.911849976,104.712188721,51.4219360352,-4.27040052414,18.4323863983,20.1249313354,61.8757171631,166.345932007,84.9989089966,26.814283371,19.7842884064,3.27836632729],[-57.3930664062,-1.43159675598,121.615859985,55.5830764771,-25.3673667908,28.323179245,24.6027870178,6.77549886703,84.9989089966,135.602554321,63.6617698669,4.77494668961,-3.35348057747],[125.435340881,29.4157466888,78.1811828613,70.4225463867,-6.50535488129,28.4357452393,22.9056549072,12.674118042,26.814283371,63.6617698669,103.950485229,59.6589584351,7.15213918686],[3.80834960938,111.405899048,106.515403748,53.9445877075,19.4546489716,19.6619987488,26.1796302795,20.1356487274,19.7842884064,4.77494668961,59.6589584351,132.233230591,80.6133041382],[-87.2462997437,36.9455833435,107.688812256,34.8087654114,24.9840393066,23.2967357635,23.7658939362,18.2781906128,3.27836632729,-3.35348057747,7.15213918686,80.6133041382,142.469146729]],"icov":[[0.00016009673709,-0.000103450307506,0.00022531740251,-0.000361502839951,0.000309727271087,-0.000316911318805,0.000346696440829,-0.000464254728286,0.000490087433718,-0.000229819284868,0.0000514233361173,-0.0000763623975217,0.0000660549194436],[-0.000103450307506,0.000437337206677,-0.000158074777573,0.000419168703957,-0.000761020579375,0.000540304405149,-0.000567709619645,0.000656638701912,-0.000866808695719,0.000420841563027,-0.000269075855613,-0.000140714531881,0.0000188513331523],[0.00022531740251,-0.000158074777573,0.00109474896453,-0.000353736948455,0.000526076357346,-0.00115478713997,0.000418123294367,-0.00132534885779,0.000976026873104,-0.0012528791558,0.000537263113074,-0.000717360700946,-0.0000382446014555],[-0.000361502839951,0.000419168703957,-0.000353736948455,0.00269178021699,-0.000528445991222,-0.000523800728843,-0.00174784508999,0.0017019181978,-0.00202625826932,0.00109679857269,-0.00113381585106,0.000104796083178,-0.000398762960685],[0.000309727271087,-0.000761020579375,0.000526076357346,-0.000528445991222,0.00555355567485,-0.00203896639869,0.000331140967319,-0.00260646501556,0.00201217457652,-0.000190351449419,0.000717600865755,-0.000267868424999,-0.000178074173164],[-0.000316911318805,0.000540304405149,-0.00115478713997,-0.000523800728843,-0.00203896639869,0.00837437715381,-0.00460309628397,0.00311428308487,-0.00225696782582,0.00188435835298,-0.00187828030903,0.00179593404755,-0.000802458729595],[0.000346696440829,-0.000567709619645,0.000418123294367,-0.00174784508999,0.000331140967319,-0.00460309628397,0.0144566250965,-0.00707911327481,0.00482653314248,-0.00499752769247,0.00280572660267,-0.00256461813115,0.000743397686165],[-0.000464254728286,0.000656638701912,-0.00132534885779,0.0017019181978,-0.00260646501556,0.00311428308487,-0.00707911327481,0.0138067826629,-0.00867516454309,0.00744382897392,-0.00515549397096,0.00356224714778,-0.00189320696518],[0.000490087433718,-0.000866808695719,0.000976026873104,-0.00202625826932,0.00201217457652,-0.00225696782582,0.00482653314248,-0.00867516454309,0.016245694831,-0.013352627866,0.0086122835055,-0.00665437569842,0.00325103686191],[-0.000229819284868,0.000420841563027,-0.0012528791558,0.00109679857269,-0.000190351449419,0.00188435835298,-0.00499752769247,0.00744382897392,-0.013352627866,0.024384200573,-0.0181244518608,0.0122125530615,-0.00508606852964],[0.0000514233361173,-0.000269075855613,0.000537263113074,-0.00113381585106,0.000717600865755,-0.00187828030903,0.00280572660267,-0.00515549397096,0.0086122835055,-0.0181244518608,0.0295624919236,-0.0186842698604,0.00881012063473],[-0.0000763623975217,-0.000140714531881,-0.000717360700946,0.000104796083178,-0.000267868424999,0.00179593404755,-0.00256461813115,0.00356224714778,-0.00665437569842,0.0122125530615,-0.0186842698604,0.0243633650243,-0.0121765062213],[0.0000660549194436,0.0000188513331523,-0.0000382446014555,-0.000398762960685,-0.000178074173164,-0.000802458729595,0.000743397686165,-0.00189320696518,0.00325103686191,-0.00508606852964,0.00881012063473,-0.0121765062213,0.0137153146788]],"mean":[-799.098999023,208.434799194,12.0394325256,14.9364738464,6.00959682465,1.83055698872,0.620868325233,6.91079807281,6.75265598297,2.5130572319,3.23133063316,-0.401810765266,-3.85483241081]},"pitch_salience":{"dmean":0.0605386383832,"dmean2":0.0961731895804,"dvar":0.00426100939512,"dvar2":0.0110253160819,"max":0.984122276306,"mean":0.461838304996,"median":0.478214383125,"min":0.0469279251993,"var":0.0253855958581},"silence_rate_20dB":{"dmean":0,"dmean2":0,"dvar":0,"dvar2":0,"max":1,"mean":1,"median":1,"min":1,"var":0},"silence_rate_30dB":{"dmean":0.0304194185883,"dmean2":0.0608481876552,"dvar":0.0294954869896,"dvar2":0.0657482966781,"max":1,"mean":0.959600627422,"median":1,"min":0,"var":0.03876760602},"silence_rate_60dB":{"dmean":0.0205868799239,"dmean2":0.0411800853908,"dvar":0.0201648958027,"dvar2":0.041020475328,"max":1,"mean":0.193701997399,"median":0,"min":0,"var":0.156189456582},"spectral_centroid":{"dmean":94.0036468506,"dmean2":144.473968506,"dvar":43818.5390625,"dvar2":79204.6796875,"max":11436.1113281,"mean":627.604736328,"median":468.96081543,"min":112.205978394,"var":306234.71875},"spectral_complexity":{"dmean":1.77354431152,"dmean2":2.77811932564,"dvar":9.38398838043,"dvar2":17.410949707,"max":52,"mean":9.63471603394,"median":9,"min":0,"var":49.0950737},"spectral_contrast_coeffs":{"dmean":[0.0465137809515,0.0381698608398,0.0308126732707,0.0223820433021,0.0172742195427,0.0252736620605],"dmean2":[0.0783767774701,0.0632302239537,0.0502799972892,0.036153100431,0.0274900607765,0.0431781299412],"dvar":[0.00162409327459,0.00108511873987,0.000770683865994,0.000433780311141,0.000288956129225,0.000656683347188],"dvar2":[0.00447907997295,0.00293011590838,0.0019405297935,0.00102940096986,0.000602201966103,0.00184778147377],"max":[-0.235110357404,-0.409438431263,-0.411869674921,-0.479117333889,-0.540193974972,-0.556492865086],"mean":[-0.636438369751,-0.738631546497,-0.74021089077,-0.776998698711,-0.7808765769,-0.788047254086],"median":[-0.642509579659,-0.747383832932,-0.752746939659,-0.795042276382,-0.79439240694,-0.776254057884],"min":[-0.998600065708,-0.994526743889,-0.985665440559,-0.971358239651,-0.962662994862,-0.963837087154],"var":[0.00836303271353,0.00693271122873,0.0085844071582,0.00636015553027,0.00536512210965,0.00686974870041]},"spectral_contrast_valleys":{"dmean":[0.383861273527,0.324118405581,0.282367378473,0.25376495719,0.243728235364,0.471817404032],"dmean2":[0.647382736206,0.528877913952,0.447995573282,0.391067028046,0.346184492111,0.756181001663],"dvar":[0.137946262956,0.125450223684,0.110012874007,0.117421224713,0.153341725469,0.28009685874],"dvar2":[0.304566979408,0.241867676377,0.187934577465,0.189474076033,0.244402736425,0.69628059864],"max":[-4.76268768311,-4.67286586761,-5.2595615387,-6.07002496719,-5.63467264175,-7.65881824493],"mean":[-7.64439249039,-7.28796863556,-8.28716754913,-9.35569381714,-10.2422466278,-13.6194248199],"median":[-7.22947454453,-6.97771501541,-8.03788375854,-9.10265350342,-10.2602596283,-14.2272844315],"min":[-27.504234314,-26.6290206909,-26.7312469482,-27.0296077728,-27.2713527679,-27.2001457214],"var":[3.15295529366,3.00336122513,2.71019434929,2.92703056335,4.29789829254,3.39061951637]},"spectral_decrease":{"dmean":2.70172439976e-9,"dmean2":4.38392078195e-9,"dvar":4.97558469048e-17,"dvar2":1.37017015695e-16,"max":1.86651359694e-16,"mean":-8.0996507279e-9,"median":-6.18224405002e-9,"min":-1.00212623977e-7,"var":8.73720043747e-17},"spectral_energy":{"dmean":0.0104436744004,"dmean2":0.0169040709734,"dvar":0.000732730783056,"dvar2":0.00201418087818,"max":0.38333261013,"mean":0.031467653811,"median":0.0240180622786,"min":1.04785349761e-20,"var":0.00130761938635},"spectral_energyband_high":{"dmean":0.000117077754112,"dmean2":0.000175206063432,"dvar":5.12440635703e-7,"dvar2":0.00000121481298265,"max":0.0217617340386,"mean":0.000192515057279,"median":5.8424478766e-7,"min":7.11285823268e-21,"var":8.49641992318e-7},"spectral_energyband_low":{"dmean":0.00743041886017,"dmean2":0.0124088097364,"dvar":0.000486507255118,"dvar2":0.00137149170041,"max":0.332149296999,"mean":0.0183020848781,"median":0.00982895120978,"min":7.16352281801e-23,"var":0.000676373485476},"spectral_energyband_middle_high":{"dmean":0.000843322079163,"dmean2":0.0011549028568,"dvar":0.00000699778229318,"dvar2":0.0000126686363728,"max":0.0729975476861,"mean":0.00214367988519,"median":0.000615687167738,"min":1.74843322884e-21,"var":0.0000230913265113},"spectral_energyband_middle_low":{"dmean":0.00498433364555,"dmean2":0.00797462742776,"dvar":0.000118980831758,"dvar2":0.000289075600449,"max":0.216242238879,"mean":0.0131032438949,"median":0.00607355451211,"min":2.48697450183e-22,"var":0.000378632772481},"spectral_entropy":{"dmean":0.155652970076,"dmean2":0.237696111202,"dvar":0.043243099004,"dvar2":0.0934289395809,"max":9.82377910614,"mean":6.25903892517,"median":6.11681318283,"min":4.12558221817,"var":0.822446703911},"spectral_flux":{"dmean":0.0200111661106,"dmean2":0.0321255847812,"dvar":0.00138011074159,"dvar2":0.00298514333554,"max":0.526568770409,"mean":0.0569904185832,"median":0.0369517281651,"min":1.02364713928e-10,"var":0.0036723583471},"spectral_kurtosis":{"dmean":19.7137756348,"dmean2":34.2259902954,"dvar":666.48425293,"dvar2":1912.53979492,"max":435.924102783,"mean":61.2469711304,"median":34.7324371338,"min":-1.20722687244,"var":4606.14453125},"spectral_rms":{"dmean":0.000724991608877,"dmean2":0.0011250555981,"dvar":0.00000173870284925,"dvar2":0.00000447201909992,"max":0.0193386413157,"mean":0.00472290953621,"median":0.00484068784863,"min":3.19733649279e-12,"var":0.00000839431322674},"spectral_rolloff":{"dmean":168.427780151,"dmean2":282.980377197,"dvar":434912.53125,"dvar2":944417.75,"max":21597.8027344,"mean":975.11529541,"median":430.6640625,"min":86.1328125,"var":7403148},"spectral_skewness":{"dmean":1.09912753105,"dmean2":1.92855679989,"dvar":1.47422945499,"dvar2":4.21306991577,"max":16.9120388031,"mean":4.79151725769,"median":3.81218981743,"min":-0.0403781011701,"var":10.9353208542},"spectral_spread":{"dmean":337528.1875,"dmean2":553801.5625,"dvar":373225422848,"dvar2":701710663680,"max":41093168,"mean":2106058.25,"median":1344919,"min":232289.234375,"var":4096946339840},"spectral_strongpeak":{"dmean":0.267145097256,"dmean2":0.437067627907,"dvar":0.486546754837,"dvar2":1.14645457268,"max":14.5641393661,"mean":0.749846339226,"median":0.547527909279,"min":0,"var":0.973609268665},"zerocrossingrate":{"dmean":0.00447044754401,"dmean2":0.00524144573137,"dvar":0.0000942944534472,"dvar2":0.000101706056739,"max":0.56005859375,"mean":0.0320977047086,"median":0.0185546875,"min":0.0029296875,"var":0.0041902246885}},"metadata":{"audio_properties":{"analysis_sample_rate":44100,"bit_rate":0,"codec":"flac","downmix":"mix","equal_loudness":0,"length":151.116012573,"lossless":true,"md5_encoded":"286e2347be2126d65d5e659abd253903","replay_gain":-7.09445381165},"tags":{"album":["Ghosts I–IV"],"albumartist":["Nine Inch Nails"],"albumartistsort":["Nine Inch Nails"],"arranger":["Atticus Ross"],"artist":["Nine Inch Nails"],"artistsort":["Nine Inch Nails"],"date":["2008-03-02"],"discnumber":["1"],"disctotal":["1"],"engineer":["Alan Moulder"],"file_name":"22 - 22 Ghosts III.flac","license":["http://creativecommons.org/licenses/by-nc-sa/3.0/us/"],"mixer":["Alan Moulder"],"musicbrainz_albumartistid":["b7ffd2af-418f-4be2-bdd1-22f8b48613da"],"musicbrainz_albumid":["3af7ec8c-3bf4-4e6d-9bb3-1885d22b2b6a"],"musicbrainz_artistid":["b7ffd2af-418f-4be2-bdd1-22f8b48613da"],"musicbrainz_recordingid":["c8795f14-8162-4caa-98c2-0d80b1338034"],"musicbrainz_releasegroupid":["550bf4b9-92ca-30ba-9ea2-8b45f9d081f1"],"performer":["Trent Reznor"],"producer":["Alan Moulder","Atticus Ross","Trent Reznor"],"releasecountry":["XW"],"releasetype":["album"],"replaygain_album_gain":["-7.94 dB"],"replaygain_album_peak":["1.00000000"],"replaygain_reference_loudness":["89.0 dB"],"replaygain_track_gain":["-6.27 dB"],"replaygain_track_peak":["1.00000000"],"title":["22 Ghosts III"],"totaldiscs":["1"],"totaltracks":["36"],"tracknumber":["22"],"tracktotal":["36"]},"version":{"essentia":"2.1-beta1","essentia_build_sha":"de1f7ffc9d3406fe9025cc52cfcd6ebfe2259f32","essentia_git_sha":"v2.1_beta1-5-gf9dded9","extractor":"music 1.0"}},"rhythm":{"beats_count":301,"beats_loudness":{"dmean":0.0288293175399,"dmean2":0.0536583922803,"dvar":0.00109990988858,"dvar2":0.00353162898682,"max":0.200848504901,"mean":0.0384311005473,"median":0.0298457406461,"min":2.632356777e-9,"var":0.00143769348506},"beats_loudness_band_ratio":{"dmean":[0.231464341283,0.14355854