{"lowlevel":{"average_loudness":0.82891523838,"barkbands":{"dmean":[0.000104000399006,0.00506148580462,0.00423075957224,0.0031801245641,0.00175730802584,0.000834808975924,0.000641187478323,0.00056151591707,0.000849394069519,0.000554690952413,0.000358724821126,0.000240726716584,0.00031560647767,0.000296064565191,0.000283704488538,0.000316985126119,0.000223291906877,0.000155296205776,0.000157075846801,0.000099463693914,0.0000767128440202,0.0000794598672655,0.0000601141146035,0.0000529517819814,0.0000303926408378,0.00000741114945413,0.00000168203018802],"dmean2":[0.000168353726622,0.0091330613941,0.00790434051305,0.00534348376095,0.00300471042283,0.00140064791776,0.00104656093754,0.000915183336474,0.00136124296114,0.000876540725585,0.000586890266277,0.000386045954656,0.000507425225805,0.000484029122163,0.000460081442725,0.000523012073245,0.000368563254597,0.000254934857367,0.000249678007094,0.000158119728439,0.000121682889585,0.000116846546007,0.0000886356647243,0.0000769082689658,0.0000441568263341,0.000010726274013,0.00000242131591222],"dvar":[3.68243320281e-8,0.000112117071694,0.000126116778119,0.0000404888669436,0.000013510250028,0.00000599709164817,0.00000536442894372,0.00000284598104372,0.00000808767163107,0.00000404480397265,6.58621274852e-7,3.01395374436e-7,6.64617004986e-7,3.51317311242e-7,3.29723974346e-7,2.78526925968e-7,1.45563674891e-7,6.36097112761e-8,9.26251004785e-8,7.50342508127e-8,6.96553072999e-8,9.51391427861e-8,7.71666819332e-8,5.17830649471e-8,1.49219978596e-8,5.24354282216e-10,1.85402474623e-11],"dvar2":[9.03350425574e-8,0.000326259701978,0.000363881379599,0.000107997766463,0.0000358920551662,0.0000156973455887,0.0000124411753859,0.00000709997675585,0.0000192631432583,0.00000875421665114,0.00000167384780525,7.20635853213e-7,0.00000168429835412,8.92866296454e-7,8.20115872102e-7,7.30311512598e-7,3.62229286566e-7,1.69510059322e-7,2.30906806564e-7,1.78432543407e-7,1.55063403895e-7,1.91479813338e-7,1.5655770369e-7,9.37322752748e-8,2.70175242179e-8,1.03543751351e-9,3.49531792398e-11],"max":[0.00239510950632,0.0967554673553,0.104089826345,0.0785266906023,0.0591582320631,0.0475463829935,0.0721185654402,0.037242218852,0.0660107135773,0.0690882727504,0.020773453638,0.0201249271631,0.0349099524319,0.0198344942182,0.0188385415822,0.0117390789092,0.0140098715201,0.00436201132834,0.0111592300236,0.0110513418913,0.00626027910039,0.00783609412611,0.00999278388917,0.0111191803589,0.00512066809461,0.000971800007392,0.000132681510877],"mean":[0.00012370281911,0.00598904117942,0.00346230808645,0.00403611920774,0.0021878904663,0.00102466985118,0.000766023411416,0.000760824244935,0.0012231671717,0.00088133715326,0.000579214130994,0.000414819398429,0.000559063046239,0.000562081986573,0.000597845879383,0.000703204190359,0.000494935724419,0.000345995125826,0.000356795178959,0.000185145574505,0.000117278483231,0.000124985090224,0.0000965408762568,0.0000939107267186,0.0000502550174133,0.0000116304408948,0.00000221653044719],"median":[0.0000325326655002,0.00346751394682,0.00131938513368,0.00201442744583,0.000783239025623,0.00022641500982,0.000209081103094,0.00024008465698,0.000357671815436,0.000295738165732,0.000208795405342,0.000185333366971,0.00023339301697,0.00026241253363,0.000260912638623,0.000338793732226,0.000244482624112,0.000199833521037,0.000148003760842,0.0000690880115144,0.0000285593232547,0.0000233578575717,0.0000159520568559,0.0000161742937053,0.0000103268157545,0.00000294967298942,4.02681052947e-7],"min":[7.40564819147e-25,2.60136704815e-24,2.07076184836e-24,7.96423566808e-25,1.32936709823e-23,8.91921795956e-24,8.67990990421e-24,1.26593005968e-23,1.37532629234e-23,1.40466134728e-23,1.87907298712e-23,2.84498236292e-23,2.50995502974e-23,3.76584431005e-23,4.34986896153e-23,7.69526744849e-23,7.81279447051e-23,1.18705655938e-22,9.9138453433e-23,1.42170254144e-22,2.56236587544e-22,3.12025613311e-22,3.51396891162e-22,5.61090836759e-22,9.0924173569e-22,1.39174228583e-21,1.9346954812e-21],"var":[4.57557760569e-8,0.0000845093818498,0.0000751472689444,0.0000421893346356,0.0000165383826243,0.00000721116930436,0.00000656008023725,0.000003682368515,0.000012331560356,0.00000776355864218,0.00000141589123359,5.77622245146e-7,0.00000125756980651,8.04877799965e-7,8.85235238002e-7,8.88777663022e-7,4.85181772092e-7,1.92246929487e-7,2.86961920892e-7,1.28662875909e-7,1.14452326727e-7,1.96028040023e-7,1.55193959017e-7,1.29480483224e-7,3.5859216041e-8,1.04079556085e-9,3.6526576902e-11]},"barkbands_crest":{"dmean":2.57442450523,"dmean2":4.28835296631,"dvar":5.16657686234,"dvar2":13.7128810883,"max":24.534740448,"mean":9.57601928711,"median":8.80304050446,"min":2.30307793617,"var":16.3896865845},"barkbands_flatness_db":{"dmean":0.0241105984896,"dmean2":0.0380634143949,"dvar":0.000599343795329,"dvar2":0.00147382065188,"max":0.418930053711,"mean":0.134742647409,"median":0.117252804339,"min":0.0228429809213,"var":0.00446588592604},"barkbands_kurtosis":{"dmean":4.64229059219,"dmean2":7.63915014267,"dvar":99.5393447876,"dvar2":260.143066406,"max":185.33416748,"mean":8.43842887878,"median":0.744912981987,"min":-1.90860617161,"var":378.246002197},"barkbands_skewness":{"dmean":0.659904122353,"dmean2":1.06438863277,"dvar":0.553026080132,"dvar2":1.44140613079,"max":11.3453502655,"mean":1.54101634026,"median":1.00096225739,"min":-4.03734874725,"var":3.91548109055},"barkbands_spread":{"dmean":5.62250614166,"dmean2":8.87603187561,"dvar":48.7081565857,"dvar2":105.317527771,"max":96.5567855835,"mean":22.9253158569,"median":21.6974697113,"min":0.534997045994,"var":211.163711548},"dissonance":{"dmean":0.0142780067399,"dmean2":0.0238698292524,"dvar":0.000229795376072,"dvar2":0.000604342960287,"max":0.500000059605,"mean":0.473812162876,"median":0.481262981892,"min":0.239532992244,"var":0.000663526298013},"dynamic_complexity":4.57575750351,"erbbands":{"dmean":[0.0941080078483,1.35536730289,4.64323186874,7.76120138168,9.18364620209,4.51332616806,5.74512958527,7.00339031219,7.55721902847,10.7715578079,15.5470867157,17.422542572,17.6253700256,11.836233139,13.9843196869,10.4622011185,14.2054414749,14.2745866776,13.9353876114,15.5070180893,16.3583030701,10.7411985397,7.79857587814,7.65883255005,7.08857584,4.6837515831,3.25688791275,2.92576408386,2.83132696152,2.48063516617,1.61306238174,1.25905132294,0.830956399441,0.495534300804,0.125700071454,0.0412295013666,0.0124908275902,0.00234295101836,0.00029874095344,0.0000271574535873],"dmean2":[0.168701499701,2.45577788353,8.65397071838,13.4855031967,15.7592782974,7.68450641632,9.14516162872,11.9278383255,12.6333742142,17.5985832214,24.6194610596,27.7427883148,27.6423358917,18.7749519348,22.7029380798,16.862203598,22.8503131866,23.1173324585,22.8691444397,25.131855011,26.6219577789,17.7656135559,12.8315229416,12.244799614,11.4426136017,7.43051147461,5.28781080246,4.61003112793,4.23843002319,3.65495538712,2.41130805016,1.84495699406,1.21171319485,0.725776135921,0.184919595718,0.0597958751023,0.0184350181371,0.00340621755458,0.000431297696196,0.0000424662321166],"dvar":[0.035185366869,8.39287948608,136.917541504,268.862426758,393.180664062,105.978347778,337.570709229,475.376251221,622.781677246,1129.48120117,2664.76611328,3262.75634766,4265.71630859,1267.93029785,1051.79467773,546.649047852,1297.96533203,1021.00811768,741.91217041,904.414794922,659.716552734,283.79876709,155.169281006,189.031082153,237.031082153,184.656845093,138.456054688,103.441184998,123.010971069,115.343002319,61.1283149719,28.3453788757,13.1224565506,4.47784137726,0.215853229165,0.0190201848745,0.00160510628484,0.0000351226917701,6.22770812697e-7,2.48284171001e-9],"dvar2":[0.101994499564,24.4059925079,397.616088867,749.358520508,1068.8671875,273.617919922,768.380554199,1294.56921387,1512.5645752,2723.69189453,6581.94238281,7786.04101562,9565.86132812,2701.45239258,2573.70214844,1343.84521484,3348.30712891,2499.31030273,1921.42443848,2289.5690918,1715.92248535,736.303283691,414.665985107,472.211242676,595.536621094,448.341583252,313.332427979,227.139785767,258.00201416,229.615768433,131.249099731,53.4855422974,24.3586959839,8.32743740082,0.409059971571,0.0369767285883,0.00326203787699,0.0000707669023541,0.00000118943466987,5.53162937678e-9],"max":[1.71691584587,25.9833927155,98.0406036377,213.75062561,250.61000061,247.612167358,601.35546875,300.356109619,544.390869141,1063.3326416,1357.52563477,1633.7878418,1853.86694336,1586.2947998,830.494140625,888.543823242,1690.84936523,1146.2043457,628.374145508,961.548217773,521.80090332,375.548828125,278.285797119,317.287078857,793.054443359,594.729370117,339.227508545,265.330566406,335.237701416,266.225402832,351.901153564,232.230453491,165.343231201,87.7692718506,15.7253675461,6.0439043045,1.82408249378,0.175648465753,0.0264744833112,0.00112557748798],"mean":[0.106825806201,1.54841971397,4.25464582443,9.06054401398,11.2012233734,5.82494449615,7.87256240845,8.17212772369,8.8777256012,14.1907529831,21.7167358398,26.0645198822,28.1148433685,21.634759903,23.8506832123,19.6578998566,26.9463500977,28.5401573181,29.8823738098,35.8950042725,38.547504425,26.223695755,19.0783443451,18.062833786,16.0266571045,9.09177589417,5.1151509285,4.62981033325,4.37586688995,3.93109273911,2.59308815002,2.12438750267,1.45142316818,0.809501409531,0.208243146539,0.0678120180964,0.0183010175824,0.00333725521341,0.000404131482355,0.0000492185281473],"median":[0.0608483999968,0.796633124352,2.06357192993,4.40101337433,5.32969760895,2.0802936554,1.38338565826,2.10175609589,2.62972474098,4.88250684738,6.53859758377,7.9504160881,10.1750183105,10.0537967682,9.56171894073,9.52754402161,12.5209827423,14.0347471237,14.143450737,16.4504356384,20.1377677917,14.6289367676,11.6816482544,8.40732192993,7.19562339783,3.26491713524,1.19541978836,1.09711670876,0.832674860954,0.665092110634,0.43360042572,0.339157879353,0.258949875832,0.15209710598,0.051705788821,0.0162824764848,0.00485217571259,0.000836093910038,0.0000868505594553,0.000032335294236],"min":[1.19896141707e-22,6.18669705879e-22,2.3647950685e-21,6.21258643871e-21,1.59149145958e-20,2.91599002007e-20,6.3356535463e-20,7.89145814012e-20,7.90149545987e-20,2.49706388185e-19,3.6670302082e-19,3.43171076561e-19,4.82925205606e-19,6.26174276137e-19,7.8152153521e-19,1.43900464923e-18,1.42592930189e-18,1.97493258996e-18,2.58485917771e-18,3.36675868276e-18,3.69543641762e-18,4.92094254542e-18,6.35774410249e-18,7.55289022027e-18,6.15588432247e-18,6.70865024835e-18,9.80762244269e-18,1.07555714247e-17,1.10911089684e-17,1.21067337322e-17,1.02547962818e-17,1.05564276922e-17,8.97504034074e-18,7.28380174956e-18,6.35572784974e-18,4.37808458892e-18,2.3038841216e-18,9.17265957934e-19,2.49477026511e-19,2.86027035853e-20],"var":[0.027690699324,6.18352222443,83.1387176514,225.288253784,358.647460938,149.565048218,629.980957031,454.216186523,688.463012695,1412.29821777,3576.08374023,5226.4609375,7358.66503906,2691.09423828,2268.1784668,1045.79223633,2504.91333008,2330.13037109,1919.7677002,2848.88256836,2342.37988281,1075.60888672,545.986022949,693.846252441,564.848815918,309.711395264,207.241317749,182.28578186,232.119018555,244.544662476,112.303100586,67.3366088867,31.9867134094,10.535779953,0.493798673153,0.0395144745708,0.00287475716323,0.0000692178000463,0.00000120314462038,4.15532186437e-9]},"erbbands_crest":{"dmean":2.41122221947,"dmean2":3.92373776436,"dvar":5.73455142975,"dvar2":13.9457798004,"max":34.1380119324,"mean":8.66145801544,"median":7.35783672333,"min":2.24920201302,"var":22.0687580109},"erbbands_flatness_db":{"dmean":0.0181836802512,"dmean2":0.0268215779215,"dvar":0.000294316967484,"dvar2":0.000622476625722,"max":0.377546519041,"mean":0.155141860247,"median":0.153745949268,"min":0.0372762233019,"var":0.00176909100264},"erbbands_kurtosis":{"dmean":1.19844031334,"dmean2":1.88354980946,"dvar":5.71262264252,"dvar2":12.8233213425,"max":76.8624801636,"mean":1.05070364475,"median":0.202318668365,"min":-1.85512709618,"var":12.6343479156},"erbbands_skewness":{"dmean":0.394402176142,"dmean2":0.600643754005,"dvar":0.162395581603,"dvar2":0.34918910265,"max":6.22230529785,"mean":0.0518847592175,"median":-0.0549079477787,"min":-6.83418798447,"var":1.07792949677},"erbbands_spread":{"dmean":8.43857765198,"dmean2":13.0961732864,"dvar":98.3995513916,"dvar2":231.019851685,"max":160.887695312,"mean":36.016494751,"median":30.2207336426,"min":1.20200002193,"var":439.743652344},"gfcc":{"cov":[[33553.875,3968.83789062,-2525.90795898,1084.52941895,-587.724365234,350.656829834,-813.922607422,165.483840942,-394.353179932,-146.366104126,-236.046569824,-191.807052612,-38.4562835693],[3968.83789062,2126.03833008,-95.551361084,251.476287842,205.42590332,-75.2332077026,-36.3842277527,-48.7786521912,27.7328891754,-144.817871094,104.938011169,-147.962814331,97.6323013306],[-2525.90795898,-95.551361084,1426.19799805,369.540893555,44.0624542236,67.9514465332,106.408935547,-94.6884918213,-2.02725100517,18.14503479,5.7754817009,-7.19642496109,37.7051353455],[1084.52941895,251.476287842,369.540893555,643.710998535,75.1374359131,138.496292114,39.0961036682,-13.7496204376,-22.5948886871,-27.110004425,27.0819702148,-38.1321754456,49.1467170715],[-587.724365234,205.42590332,44.0624542236,75.1374359131,334.567626953,37.1150131226,87.871421814,36.196231842,43.8725128174,-26.6078281403,34.6184463501,-0.698564827442,5.59753036499],[350.656829834,-75.2332077026,67.9514465332,138.496292114,37.1150131226,184.059768677,60.8129234314,44.1544151306,-2.77066469193,9.62996673584,-13.7202711105,-5.33366060257,6.38635921478],[-813.922607422,-36.3842277527,106.408935547,39.0961036682,87.871421814,60.8129234314,168.25692749,53.3485908508,33.4627151489,-6.08983707428,9.47998046875,-6.04472208023,-8.4078168869],[165.483840942,-48.7786521912,-94.6884918213,-13.7496204376,36.196231842,44.1544151306,53.3485908508,125.630943298,34.9371643066,9.80626964569,0.454084694386,1.13891613483,-24.8890132904],[-394.353179932,27.7328891754,-2.02725100517,-22.5948886871,43.8725128174,-2.77066469193,33.4627151489,34.9371643066,82.0388641357,21.742641449,16.0733528137,-1.26492679119,-2.53727316856],[-146.366104126,-144.817871094,18.14503479,-27.110004425,-26.6078281403,9.62996673584,-6.08983707428,9.80626964569,21.742641449,80.8472976685,14.6757984161,15.0488262177,-9.93518543243],[-236.046569824,104.938011169,5.7754817009,27.0819702148,34.6184463501,-13.7202711105,9.47998046875,0.454084694386,16.0733528137,14.6757984161,74.8218307495,10.7409095764,10.868853569],[-191.807052612,-147.962814331,-7.19642496109,-38.1321754456,-0.698564827442,-5.33366060257,-6.04472208023,1.13891613483,-1.26492679119,15.0488262177,10.7409095764,77.2770385742,7.41715574265],[-38.4562835693,97.6323013306,37.7051353455,49.1467170715,5.59753036499,6.38635921478,-8.4078168869,-24.8890132904,-2.53727316856,-9.93518543243,10.868853569,7.41715574265,70.7598114014]],"icov":[[0.000117531068099,-0.00034023981425,0.000208877812838,-0.000283036177279,0.000241578934947,-0.000270731718047,0.000347755616531,-0.000272118602879,0.000427853607107,-0.000463909906102,0.000736501708161,-0.000514467479661,0.000460545183159],[-0.00034023981425,0.00183547288179,-0.000517845095601,0.000642202910967,-0.00104194169398,0.00105073081795,-0.000544794020243,0.000818513915874,-0.00167628552299,0.00261779036373,-0.00338228535838,0.00308849429712,-0.00217355508357],[0.000208877812838,-0.000517845095601,0.00137648941018,-0.00112052855548,0.000429243053077,-0.000270162912784,-0.000287637638394,0.000630252587143,0.000553846708499,-0.00133501645178,0.00164537772071,-0.000974325288553,0.000732566171791],[-0.000283036177279,0.000642202910967,-0.00112052855548,0.00329941231757,-0.000774612242822,-0.00134670687839,-0.000269661162747,0.000515352643561,-0.000345194159308,0.00183074129745,-0.00307767372578,0.00217139278539,-0.00191260990687],[0.000241578934947,-0.00104194169398,0.000429243053077,-0.000774612242822,0.00467471079901,-0.00113634183072,-0.000820892979391,-0.00056357664289,-0.000883239554241,0.000663355807774,0.000353009992978,-0.00217121047899,0.00155004335102],[-0.000270731718047,0.00105073081795,-0.000270162912784,-0.00134670687839,-0.00113634183072,0.00966235529631,-0.0033192106057,-0.00207765190862,0.0013008415699,-0.00174083409365,0.00118056277279,0.00155882013496,-0.00296745751984],[0.000347755616531,-0.000544794020243,-0.000287637638394,-0.000269661162747,-0.000820892979391,-0.0033192106057,0.0108845420182,-0.00354900979437,-0.00120961363427,0.00157661747653,0.00010079263302,-0.000193280371604,0.00187353161164],[-0.000272118602879,0.000818513915874,0.000630252587143,0.000515352643561,-0.00056357664289,-0.00207765190862,-0.00354900979437,0.0135455168784,-0.00545359496027,0.00119962426834,-0.00149088015314,0.000196062435862,0.00278519443236],[0.000427853607107,-0.00167628552299,0.000553846708499,-0.000345194159308,-0.000883239554241,0.0013008415699,-0.00120961363427,-0.00545359496027,0.0197503641248,-0.00795450713485,0.00205911300145,-0.000585528148804,-0.000283036322799],[-0.000463909906102,0.00261779036373,-0.00133501645178,0.00183074129745,0.000663355807774,-0.00174083409365,0.00157661747653,0.00119962426834,-0.00795450713485,0.0210587400943,-0.00921754725277,0.00166192220058,0.000202881637961],[0.000736501708161,-0.00338228535838,0.00164537772071,-0.00307767372578,0.000353009992978,0.00118056277279,0.00010079263302,-0.00149088015314,0.00205911300145,-0.00921754725277,0.0236791688949,-0.00751610705629,0.00161131599452],[-0.000514467479661,0.00308849429712,-0.000974325288553,0.00217139278539,-0.00217121047899,0.00155882013496,-0.000193280371604,0.000196062435862,-0.000585528148804,0.00166192220058,-0.00751610705629,0.0199319347739,-0.0061753843911],[0.000460545183159,-0.00217355508357,0.000732566171791,-0.00191260990687,0.00155004335102,-0.00296745751984,0.00187353161164,0.00278519443236,-0.000283036322799,0.000202881637961,0.00161131599452,-0.0061753843911,0.0200853142887]],"mean":[-53.0034484863,88.5311889648,-116.673233032,33.2404212952,-40.700717926,19.1768035889,-32.6574058533,13.3730621338,-19.5765991211,-5.53881502151,-17.4049568176,-8.0447769165,-13.4369220734]},"hfc":{"dmean":5.35790777206,"dmean2":8.22205066681,"dvar":87.3542327881,"dvar2":188.130111694,"max":231.60256958,"mean":17.6493320465,"median":12.9064064026,"min":1.09066026931e-16,"var":371.816467285},"melbands":{"dmean":[0.00112415559124,0.00226096622646,0.00143488880713,0.000458508293377,0.000192274921574,0.000156786350999,0.000122711091535,0.000117276300443,0.000145050624269,0.000106146188045,0.0000901658495422,0.0000520732792211,0.0000539971952094,0.0000275082984444,0.0000277908384305,0.000033590302337,0.0000271828066616,0.0000248701071541,0.0000189098627743,0.0000246806721407,0.0000203557756322,0.0000133667681439,0.0000094278702818,0.0000073360706665,0.00000681172332406,0.00000610118513578,0.00000435156744061,0.00000319689456774,0.00000215438421947,0.00000191526191884,0.00000173230796463,0.00000166786060163,0.00000164313053119,0.00000132832519739,9.50613980422e-7,8.70827307153e-7,8.00856184924e-7,6.08970367466e-7,5.85673262776e-7,3.78813183488e-7],"dmean2":[0.0020252414979,0.00417897524312,0.00247262744233,0.00078376790043,0.000307550508296,0.000266428512987,0.000202831157367,0.000191780738533,0.000227695563808,0.000169795515831,0.000141644879477,0.0000828494667076,0.0000884327455424,0.0000439090290456,0.0000446781814389,0.0000538430394954,0.0000442879027105,0.0000409381391364,0.0000303594970319,0.0000405608916481,0.0000333576135745,0.0000221938498726,0.0000157735830726,0.0000120083568618,0.000011001351595,0.00000988131705526,0.00000711477650839,0.00000511391863256,0.00000352301140083,0.00000310320660901,0.00000274889862339,0.00000255490181189,0.00000241338557316,0.00000199170972337,0.00000144360501508,0.00000131524336666,0.00000118346827094,9.0786210194e-7,8.63967329678e-7,5.68094662867e-7],"dvar":[0.00000534881610292,0.0000298751710943,0.0000088000233518,9.07103924419e-7,3.18090769724e-7,2.28403663982e-7,1.7869444946e-7,1.13189059903e-7,2.61874362195e-7,1.12543908415e-7,1.11483458909e-7,2.93399331497e-8,1.50665737664e-8,4.67277327942e-9,3.27904481345e-9,8.66334115557e-9,3.74785447121e-9,2.29664509632e-9,1.69912961479e-9,2.1369264136e-9,1.09359699074e-9,4.84268458667e-10,2.23902174579e-10,1.71211517186e-10,1.60233604163e-10,1.35957495262e-10,1.13564713189e-10,1.11347701892e-10,7.35165470167e-11,4.25000104554e-11,3.8943279157e-11,4.35102023855e-11,4.55780968522e-11,3.55623412662e-11,2.33928206667e-11,1.58028850422e-11,1.19651320102e-11,7.47858025507e-12,6.43386689411e-12,2.58266867094e-12],"dvar2":[0.0000155123725563,0.0000868919159984,0.000024213877623,0.00000245625619755,7.25230449916e-7,6.19193713192e-7,4.22592762561e-7,2.73852265309e-7,6.37046980501e-7,2.71124122264e-7,2.48677821446e-7,6.19111446554e-8,3.84864691227e-8,1.1040232728e-8,7.79765585435e-9,2.24345253486e-8,9.18871023714e-9,6.03135363875e-9,4.07680600389e-9,5.53095835798e-9,2.83190981776e-9,1.24593568795e-9,6.09027606124e-10,4.44917630515e-10,4.02850530712e-10,3.42355976901e-10,2.78864931147e-10,2.78661121955e-10,1.70179606518e-10,9.89587994882e-11,8.85196152489e-11,9.82439754549e-11,9.3198206097e-11,7.1237925281e-11,5.21129181474e-11,3.32447437634e-11,2.3071154362e-11,1.39807618607e-11,1.26395222413e-11,5.01088276775e-12],"max":[0.020925976336,0.0425248034298,0.0318133942783,0.0125825926661,0.0196946952492,0.00648951530457,0.0103846816346,0.00932488590479,0.0145625667647,0.00944623164833,0.00917899608612,0.00782537553459,0.00321503239684,0.0028078686446,0.00162555614952,0.00446495553479,0.00253895949572,0.00101334054489,0.00137211638503,0.00107691460289,0.000897817895748,0.000577362952754,0.000273705663858,0.000295781239402,0.000322293111822,0.000383952865377,0.000503687886521,0.000508732395247,0.000305693160044,0.000148326726048,0.000192535590031,0.000214427214814,0.000198745401576,0.000159473929671,0.000240157940425,0.00012835857342,0.000169001330505,0.000143549885252,0.0000999500771286,0.0000654305258649],"mean":[0.00132828485221,0.00226099300198,0.00172919302713,0.000574813748244,0.000270690768957,0.00018530478701,0.000143857731018,0.000156723253895,0.000197598783416,0.000157724221935,0.000140219824971,0.0000880221195985,0.000086446525529,0.0000477803187096,0.0000524753049831,0.0000610071911069,0.0000504603376612,0.000048047684686,0.0000410082720919,0.0000523967355548,0.0000437631133536,0.0000287986040348,0.0000197915178433,0.0000156176920427,0.0000145362337207,0.000013148479411,0.00000878989339981,0.00000543932128494,0.00000316984142046,0.00000273527894024,0.00000265277481049,0.00000242011878981,0.00000248864535024,0.0000020295772174,0.0000014755629536,0.00000132985792334,0.00000131773299472,0.00000102936598978,9.31531019432e-7,5.92556261836e-7],"median":[0.000817454187199,0.00115464557894,0.000927419750951,0.000270246120635,0.0000555144579266,0.0000462550960947,0.0000406613398809,0.0000554005018785,0.0000520158500876,0.0000491562241223,0.0000478049805679,0.0000374244082195,0.0000306140354951,0.000021225783712,0.0000260524393525,0.0000250549492193,0.0000229138586292,0.0000204170373763,0.0000181977302418,0.0000237091262534,0.000021346109861,0.0000143752004078,0.0000113236510515,0.00000843401176098,0.00000625568100077,0.00000540105293112,0.00000396029463445,0.00000152475706727,6.41662495582e-7,6.19831666882e-7,5.96259724261e-7,4.57827411537e-7,4.18065923213e-7,3.2707910691e-7,2.50488824349e-7,1.98978256094e-7,2.02627973067e-7,1.77879996954e-7,1.66063315987e-7,1.11290376026e-7],"min":[1.70346308329e-24,1.25463416316e-24,1.48776464876e-24,1.64255375229e-24,2.11694649891e-24,1.64182494342e-24,1.37842714679e-24,3.48200994754e-24,2.97803945292e-24,1.75196797099e-24,2.16358494171e-24,2.00779201267e-24,2.30808966562e-24,3.00175438667e-24,3.35478916606e-24,3.21673594385e-24,2.94265726639e-24,3.93564519995e-24,3.19965690804e-24,3.99916349118e-24,3.27057708114e-24,4.02671800816e-24,4.5288741227e-24,4.70718903058e-24,5.62174861016e-24,3.69294543714e-24,4.02859628598e-24,3.69271075102e-24,6.43804018121e-24,4.81899546997e-24,5.72745991576e-24,5.7598734215e-24,5.31316594556e-24,5.73475569584e-24,4.84344660815e-24,6.20332842392e-24,6.09825530679e-24,5.84643512863e-24,5.99296485848e-24,4.7688783478e-24],"var":[0.0000040671716306,0.0000189182046597,0.00000771031045588,8.94286529274e-7,6.45856175652e-7,2.28324282148e-7,2.06582143392e-7,1.44295682958e-7,3.60297832458e-7,1.76885350811e-7,1.94190761249e-7,5.74636764838e-8,3.16063513139e-8,8.96337226663e-9,6.72298217097e-9,1.55222394937e-8,8.07659894519e-9,5.24309884398e-9,4.56974857954e-9,6.0450568995e-9,3.36380479027e-9,1.54190971102e-9,6.08318839745e-10,4.85481765899e-10,5.19756182538e-10,3.85206949671e-10,2.07579883837e-10,1.55606166841e-10,9.87259302088e-11,6.38492245186e-11,6.42688541275e-11,7.18911041808e-11,9.09054914677e-11,7.28236151937e-11,3.90367183023e-11,2.98768128293e-11,2.79951496013e-11,1.73823906657e-11,1.40180375988e-11,5.72548085331e-12]},"melbands_crest":{"dmean":3.38532567024,"dmean2":5.67173910141,"dvar":8.80363273621,"dvar2":23.7142944336,"max":31.0488262177,"mean":13.5573511124,"median":13.3032550812,"min":1.00095665455,"var":24.6968021393},"melbands_flatness_db":{"dmean":0.030314328149,"dmean2":0.0484773404896,"dvar":0.000953869370278,"dvar2":0.00237056077458,"max":0.549461007118,"mean":0.20192553103,"median":0.18373799324,"min":9.060094186e-8,"var":0.00896550249308},"melbands_kurtosis":{"dmean":11.2951049805,"dmean2":18.733001709,"dvar":537.605957031,"dvar2":1418.57556152,"max":578.056152344,"mean":24.0182723999,"median":4.21817684174,"min":-1.85554242134,"var":2391.04956055},"melbands_skewness":{"dmean":0.889938592911,"dmean2":1.44618630409,"dvar":1.09797763824,"dvar2":2.81301546097,"max":16.7156543732,"mean":2.7933614254,"median":1.99361944199,"min":-3.14716053009,"var":6.64990186691},"melbands_spread":{"dmean":8.41669368744,"dmean2":13.3421459198,"dvar":126.181053162,"dvar2":287.867340088,"max":184.466339111,"mean":29.9791431427,"median":24.4120063782,"min":0.465084642172,"var":807.812744141},"mfcc":{"cov":[[16442.6992188,1571.03369141,-1214.48388672,400.14440918,272.694458008,106.162345886,25.5491905212,80.280456543,-88.6905288696,139.584625244,-181.766403198,-92.9742736816,186.261856079],[1571.03369141,1668.5,-86.9208984375,213.765258789,230.992248535,-16.2915611267,56.0705032349,55.3402748108,-11.910150528,49.6015205383,-20.1664886475,-15.08801651,63.4741973877],[-1214.48388672,-86.9208984375,1178.69763184,351.179321289,74.9033660889,176.912918091,81.2352752686,-38.9532852173,34.6800460815,-34.146987915,-32.6034545898,20.8871250153,-23.5781917572],[400.14440918,213.765258789,351.179321289,446.957641602,178.222961426,137.043289185,101.363586426,46.8039627075,15.9233474731,12.3059568405,-21.2876663208,-2.48486828804,31.44947052],[272.694458008,230.992248535,74.9033660889,178.222961426,226.954376221,82.6198883057,66.1317214966,49.3889732361,20.0297698975,19.2135066986,-0.636038720608,0.689027190208,20.6372795105],[106.162345886,-16.2915611267,176.912918091,137.043289185,82.6198883057,163.249328613,78.5982589722,36.5139045715,34.7751579285,10.1914348602,-9.17059898376,9.50179767609,6.88699960709],[25.5491905212,56.0705032349,81.2352752686,101.363586426,66.1317214966,78.5982589722,136.996932983,72.1857376099,35.0105667114,29.4164047241,14.7808732986,7.41477441788,1.2254062891],[80.280456543,55.3402748108,-38.9532852173,46.8039627075,49.3889732361,36.5139045715,72.1857376099,130.854232788,52.4131889343,23.5757808685,36.933380127,5.02800512314,-5.44719743729],[-88.6905288696,-11.910150528,34.6800460815,15.9233474731,20.0297698975,34.7751579285,35.0105667114,52.4131889343,88.1623687744,32.7353553772,16.891872406,14.4787139893,-7.64739704132],[139.584625244,49.6015205383,-34.146987915,12.3059568405,19.2135066986,10.1914348602,29.4164047241,23.5757808685,32.7353553772,84.5860595703,29.3290176392,4.22061491013,4.93236923218],[-181.766403198,-20.1664886475,-32.6034545898,-21.2876663208,-0.636038720608,-9.17059898376,14.7808732986,36.933380127,16.891872406,29.3290176392,100.56855011,27.3422584534,-14.7835893631],[-92.9742736816,-15.08801651,20.8871250153,-2.48486828804,0.689027190208,9.50179767609,7.41477441788,5.02800512314,14.4787139893,4.22061491013,27.3422584534,64.6878051758,17.5263881683],[186.261856079,63.4741973877,-23.5781917572,31.44947052,20.6372795105,6.88699960709,1.2254062891,-5.44719743729,-7.64739704132,4.93236923218,-14.7835893631,17.5263881683,71.5509490967]],"icov":[[0.0000831416764413,-0.0000600189632678,0.000131472668727,-0.000135187248816,0.0000675400951877,-0.00016655366926,0.0000987888779491,-0.0000309808710881,0.0000998204632197,-0.000142711302033,0.000158057227964,-0.00000337355595548,-0.0000139559970194],[-0.0000600189632678,0.000830652832519,-0.0000366563363059,-0.000152778229676,-0.000814362545498,0.000834714970551,-0.000186645265785,-0.000173765118234,0.000171161984326,-0.000295101170195,0.00018156816077,0.0000227336222451,-0.000310481729684],[0.000131472668727,-0.0000366563363059,0.00167391158175,-0.00146474968642,0.000546611379832,-0.0010021814378,-0.000275953119854,0.00142012548167,-0.00081978290109,0.000631573959254,0.000132735833176,-0.000528462522198,0.000963049416896],[-0.000135187248816,-0.000152778229676,-0.00146474968642,0.0052843587473,-0.00238857534714,-0.00110637012403,-0.000929079309572,-0.00103132938966,0.001178935403,-0.000212728045881,0.000126257975353,0.000965622835793,-0.00165486440528],[0.0000675400951877,-0.000814362545498,0.000546611379832,-0.00238857534714,0.00805355142802,-0.00250416784547,-0.000192540333956,-0.000787714088801,-0.000104100414319,-0.000137315670145,-0.000332449795678,0.00031502006459,-0.000509405508637],[-0.00016655366926,0.000834714970551,-0.0010021814378,-0.00110637012403,-0.00250416784547,0.0123732956126,-0.00457974290475,0.000396430958062,-0.00256029772572,0.00066550570773,0.00143128680065,-0.00106114416849,-0.000274823483778],[0.0000987888779491,-0.000186645265785,-0.000275953119854,-0.000929079309572,-0.000192540333956,-0.00457974290475,0.014793170616,-0.00680111534894,0.00183432176709,-0.00372970523313,0.000988182262518,-0.00116763089318,0.000894411234185],[-0.0000309808710881,-0.000173765118234,0.00142012548167,-0.00103132938966,-0.000787714088801,0.000396430958062,-0.00680111534894,0.016551150009,-0.00838884618133,0.00374621036462,-0.00538592413068,0.00283490470611,-0.000240429828409],[0.0000998204632197,0.000171161984326,-0.00081978290109,0.001178935403,-0.000104100414319,-0.00256029772572,0.00183432176709,-0.00838884618133,0.0201214104891,-0.00763171771541,0.00340698985383,-0.00494584720582,0.00299847684801],[-0.000142711302033,-0.000295101170195,0.000631573959254,-0.000212728045881,-0.000137315670145,0.00066550570773,-0.00372970523313,0.00374621036462,-0.00763171771541,0.01783140935,-0.00623533315957,0.0035304185003,-0.00293844030239],[0.000158057227964,0.00018156816077,0.000132735833176,0.000126257975353,-0.000332449795678,0.00143128680065,0.000988182262518,-0.00538592413068,0.00340698985383,-0.00623533315957,0.0166175551713,-0.0084717515856,0.00524946721271],[-0.00000337355595548,0.0000227336222451,-0.000528462522198,0.000965622835793,0.00031502006459,-0.00106114416849,-0.00116763089318,0.00283490470611,-0.00494584720582,0.0035304185003,-0.0084717515856,0.0224630590528,-0.00838756840676],[-0.0000139559970194,-0.000310481729684,0.000963049416896,-0.00165486440528,-0.000509405508637,-0.000274823483778,0.000894411234185,-0.000240429828409,0.00299847684801,-0.00293844030239,0.00524946721271,-0.00838756840676,0.0191345065832]],"mean":[-681.747924805,118.809165955,-7.67418813705,20.0232410431,15.9023275375,5.95679283142,5.12139225006,10.7205915451,4.73763465881,5.59578514099,1.83405268192,-2.84349131584,-2.84124040604]},"pitch_salience":{"dmean":0.068741120398,"dmean2":0.114856079221,"dvar":0.00376765918918,"dvar2":0.0103860953823,"max":0.996081411839,"mean":0.568844258785,"median":0.570066452026,"min":0.166207447648,"var":0.011476572603},"silence_rate_20dB":{"dmean":0,"dmean2":0,"dvar":0,"dvar2":0,"max":1,"mean":1,"median":1,"min":1,"var":0},"silence_rate_30dB":{"dmean":0.0120647102594,"dmean2":0.0241316277534,"dvar":0.0119199566543,"dvar2":0.0306773316115,"max":1,"mean":0.991500616074,"median":1,"min":0,"var":0.00842625182122},"silence_rate_60dB":{"dmean":0.0135270999745,"dmean2":0.0270566735417,"dvar":0.0133442441002,"dvar2":0.0307126007974,"max":1,"mean":0.173460066319,"median":0,"min":0,"var":0.143377125263},"spectral_centroid":{"dmean":249.538909912,"dmean2":386.903869629,"dvar":91339.3984375,"dvar2":187116.171875,"max":11486.6787109,"mean":1485.20080566,"median":1399.79833984,"min":136.107009888,"var":1043598.125},"spectral_complexity":{"dmean":2.98857498169,"dmean2":4.62605142593,"dvar":10.8032865524,"dvar2":24.0994796753,"max":57,"mean":19.744562149,"median":21,"min":0,"var":206.970184326},"spectral_contrast_coeffs":{"dmean":[0.0506781972945,0.0464296042919,0.0363724194467,0.0267123840749,0.0215177368373,0.0173694994301],"dmean2":[0.0843737721443,0.0763656273484,0.0598428435624,0.0436089411378,0.0348630659282,0.0279764253646],"dvar":[0.00182454986498,0.00156451959629,0.000895358389243,0.000481779163238,0.000368176028132,0.000340927334037],"dvar2":[0.00481858942658,0.00395311554894,0.00226112781093,0.00123317632824,0.00088083074661,0.000869281124324],"max":[-0.294740825891,-0.331840872765,-0.493410974741,-0.529512882233,-0.538459539413,-0.637770175934],"mean":[-0.649330496788,-0.773801803589,-0.791446685791,-0.806449830532,-0.789479672909,-0.793219566345],"median":[-0.646547317505,-0.784467220306,-0.795942306519,-0.806113481522,-0.78312253952,-0.791422009468],"min":[-0.981435537338,-0.998206794262,-0.998589456081,-0.989423751831,-0.987805366516,-0.964413762093],"var":[0.00691815232858,0.00623085349798,0.00414315331727,0.00298610236496,0.00282563245855,0.00165387068409]},"spectral_contrast_valleys":{"dmean":[0.460107982159,0.376520812511,0.316964656115,0.283736854792,0.257653385401,0.284031271935],"dmean2":[0.767599999905,0.613951683044,0.502021551132,0.439478695393,0.38544228673,0.392634183168],"dvar":[0.168881475925,0.116569235921,0.0829224959016,0.0851982310414,0.0983758717775,0.109149858356],"dvar2":[0.442180931568,0.280153214931,0.183848321438,0.180855944753,0.20726300776,0.200548887253],"max":[-4.72084569931,-4.26686286926,-5.22915220261,-5.84700202942,-5.64239597321,-7.16966152191],"mean":[-7.77562522888,-7.38881587982,-7.68539571762,-7.83340549469,-7.98848342896,-10.5643253326],"median":[-7.06117200851,-6.84384727478,-7.08205842972,-7.19033432007,-7.4921541214,-10.2951641083],"min":[-28.2930831909,-28.0897064209,-27.6351261139,-27.7066612244,-27.5279636383,-27.3968257904],"var":[5.83491230011,4.7624912262,4.55981969833,4.61804199219,4.23230981827,3.30345630646]},"spectral_decrease":{"dmean":3.64707664069e-9,"dmean2":6.38116848251e-9,"dvar":5.34687165674e-17,"dvar2":1.50454081672e-16,"max":9.63671948351e-18,"mean":-6.39868735774e-9,"median":-5.06731012706e-9,"min":-6.99519517866e-8,"var":5.01071240412e-17},"spectral_energy":{"dmean":0.0141110951081,"dmean2":0.0246229600161,"dvar":0.000786878867075,"dvar2":0.00221172091551,"max":0.272625654936,"mean":0.0257510673255,"median":0.0206341277808,"min":9.87813998411e-21,"var":0.000768355908804},"spectral_energyband_high":{"dmean":0.000305539753754,"dmean2":0.000440351141151,"dvar":0.00000113443672944,"dvar2":0.00000204571074391,"max":0.0270712338388,"mean":0.00058024621103,"median":0.000136971735628,"min":6.84646891694e-21,"var":0.00000292364552479},"spectral_energyband_low":{"dmean":0.0100039150566,"dmean2":0.0182480625808,"dvar":0.000538348627742,"dvar2":0.0015551999677,"max":0.184084787965,"mean":0.0115115595981,"median":0.00713746342808,"min":9.89275435813e-24,"var":0.000365725398296},"spectral_energyband_middle_high":{"dmean":0.00137384783011,"dmean2":0.00208473042585,"dvar":0.00000581663425692,"dvar2":0.0000128904084704,"max":0.0866240188479,"mean":0.00544612156227,"median":0.00380967673846,"min":1.20807759467e-21,"var":0.0000389258711948},"spectral_energyband_middle_low":{"dmean":0.00605328334495,"dmean2":0.00990932341665,"dvar":0.000124524522107,"dvar2":0.000322135048918,"max":0.153505548835,"mean":0.0103099821135,"median":0.00645549688488,"min":1.53430113917e-22,"var":0.000166152560269},"spectral_entropy":{"dmean":0.162060961127,"dmean2":0.24406388402,"dvar":0.0361243598163,"dvar2":0.0757116675377,"max":9.82516098022,"mean":7.59770107269,"median":7.65490818024,"min":5.24833393097,"var":0.257869690657},"spectral_flux":{"dmean":0.0301357191056,"dmean2":0.0486787967384,"dvar":0.00224207434803,"dvar2":0.00420079007745,"max":0.484433710575,"mean":0.0845964252949,"median":0.073152795434,"min":6.44336112243e-11,"var":0.00452639022842},"spectral_kurtosis":{"dmean":1.66849112511,"dmean2":2.76777553558,"dvar":3.83262610435,"dvar2":10.336555481,"max":31.2157821655,"mean":5.52009391785,"median":5.07091856003,"min":-1.25270104408,"var":10.8995981216},"spectral_rms":{"dmean":0.00108725985046,"dmean2":0.00182356999721,"dvar":0.00000282164273813,"dvar2":0.00000772601197241,"max":0.0163087788969,"mean":0.00436394009739,"median":0.00448674242944,"min":3.10438567214e-12,"var":0.00000607894025961},"spectral_rolloff":{"dmean":442.381500244,"dmean2":734.805053711,"dvar":631820.8125,"dvar2":1344425.875,"max":19853.6132812,"mean":2016.3659668,"median":1485.79101562,"min":86.1328125,"var":9796830},"spectral_skewness":{"dmean":0.216455101967,"dmean2":0.345046252012,"dvar":0.0567594431341,"dvar2":0.135559678078,"max":4.54740285873,"mean":1.67612588406,"median":1.65852570534,"min":-0.0632417872548,"var":0.237198084593},"spectral_spread":{"dmean":509368.25,"dmean2":764051,"dvar":445068148736,"dvar2":930369241088,"max":41904528,"mean":4455155,"median":3876483,"min":1584697,"var":8356085366780},"spectral_strongpeak":{"dmean":0.414770632982,"dmean2":0.707572102547,"dvar":0.563231706619,"dvar2":1.46700668335,"max":9.83634662628,"mean":0.671518743038,"median":0.353253632784,"min":0,"var":0.890354394913},"zerocrossingrate":{"dmean":0.00943818502128,"dmean2":0.0115168318152,"dvar":0.000142307166243,"dvar2":0.000164999873959,"max":0.52880859375,"mean":0.0711288154125,"median":0.05517578125,"min":0.00341796875,"var":0.00654446845874}},"metadata":{"audio_properties":{"analysis_sample_rate":44100,"bit_rate":320033,"codec":"mp3","downmix":"mix","equal_loudness":0,"length":254.040817261,"lossless":false,"md5_encoded":"95dd112e5f5d9d55988f06867fb21a7a","replay_gain":-3.93392372131,"sample_rate":44100},"tags":{"album":["Franz Ferdinand"],"albumartist":["Franz Ferdinand"],"albumartistsort":["Franz Ferdinand"],"artist":["Franz Ferdinand"],"artistsort":["Franz Ferdinand"],"asin":["B00018HUKO"],"barcode":["5034202113690"],"catalognumber":["WIGCD136X"],"date":["2004"],"discnumber":["2/2"],"file_name":"2-10 Darts of Pleasure.mp3","label":["Domino"],"media":["CD"],"musicbrainz album release country":["GB"],"musicbrainz album status":["official"],"musicbrainz album type":["album"],"musicbrainz_albumartistid":["aa7a2827-f74b-473c-bd79-03d065835cf7"],"musicbrainz_albumid":["41b38432-97a4-3a91-9d33-059caf547f37"],"musicbrainz_artistid":["aa7a2827-f74b-473c-bd79-03d065835cf7"],"musicbrainz_recordingid":["c89fe1e3-bb92-432c-8a36-a16b6b436898"],"musicbrainz_releasegroupid":["c145ca26-2556-3780-828f-82729de51f7b"],"originaldate":["2004"],"script":["Latn"],"title":["Darts of Pleasure"],"tracknumber":["10/10"]},"version":{"essentia":"2.1-beta2","essentia_build_sha":"70f2e5ece6736b2c40cc944ad0e695b16b925413","essentia_git_sha":"v2.1_beta2","extractor":"music 1.0"}},"rhythm":{"beats_count":633,"beats_loudness":{"dmean":0.0127134472132,"dmean2":0.02295954898,"dvar":0.000204550146009,"dvar2":0.000648542423733,"max":0.131539955735,"mean":0.029002962634,"median":0.0265438966453,"min":0,"var":0.000452872511232},"beats_loudness_band_ratio":{"dmean":[0.149032890797,0.081301279366,0.105207055807,0.080051407218,0.0669742673635,0.0283207539469],"dmean2":[0.250441253185,0.141967833042,0.182650282979,0.142610564828,0.116223357618,0.0516915917397],"dvar":[0.0193285271525,0.00901196990162,0.0153760686517,0.011871243827,0.00885721109807,0.00534393079579],"dvar2":[0.05357