{"lowlevel":{"average_loudness":0.925439119339,"barkbands":{"dmean":[0.000310339091811,0.0062144389376,0.00355317303911,0.00270832050592,0.00202323705889,0.000988523825072,0.000690370856319,0.000441858050181,0.000550022930838,0.000355849391781,0.000359523342922,0.000359058583854,0.000375287636416,0.000264713540673,0.000302832515445,0.000220154746785,0.000233331127674,0.000213945953874,0.000190690974705,0.000138200121,0.0000842189838295,0.0000488971018058,0.00003345553705,0.0000250181874435,0.0000302380740322,0.0000180089973583,0.0000117717809189],"dmean2":[0.000484186166432,0.0102727422491,0.00609776796773,0.00450739916414,0.00326627376489,0.00156332447659,0.00109559833072,0.000709200976416,0.000821287336294,0.000551075558178,0.000562973495107,0.000575905025471,0.000598220911343,0.000417743227445,0.000481336232042,0.000342530955095,0.000370835972717,0.000330786424456,0.000293877586955,0.000213619467104,0.000124950660393,0.0000739756505936,0.0000520012072229,0.0000386114916182,0.0000472176288895,0.0000272257002507,0.000018134867787],"dvar":[7.12301414296e-7,0.00018395765801,0.0000347976019839,0.0000262801222561,0.00000767966866988,0.00000308546509586,0.00000109534380499,7.23947266579e-7,0.00000117776005482,5.97118059886e-7,6.89615603733e-7,5.38066217359e-7,8.33708327264e-7,3.36068410434e-7,3.70654362314e-7,3.09994220515e-7,2.44447733166e-7,4.48783481488e-7,1.77908489718e-7,9.34036066269e-8,4.76035317831e-8,1.13694236248e-8,7.47052020245e-9,4.11466150041e-9,1.20258851766e-8,3.8226413146e-9,2.0529560274e-9],"dvar2":[0.00000184552482096,0.000505964446347,0.000102467085526,0.0000658495919197,0.0000201375551114,0.0000082146443674,0.00000261410173152,0.00000178950426744,0.00000255662189375,0.00000139527082865,0.00000169494842339,0.00000136350456614,0.00000208291658055,8.03188356713e-7,8.90083128979e-7,6.28577424777e-7,6.12255917076e-7,0.00000103268280327,4.17510364059e-7,2.09927989658e-7,9.850306526e-8,2.68636455303e-8,1.78745622748e-8,1.0393905292e-8,3.04820311214e-8,9.48540890278e-9,5.35209698782e-9],"max":[0.0126571170986,0.168893158436,0.065545514226,0.0697594210505,0.0367510095239,0.0301712993532,0.0238586757332,0.0229236073792,0.033588051796,0.0237819291651,0.0250075012445,0.0184848383069,0.0218056906015,0.0165801718831,0.0147858383134,0.0199748948216,0.0115896780044,0.0267544928938,0.0159924067557,0.00789542682469,0.0120394704863,0.00147814722732,0.00192120147403,0.000954539398663,0.00298827071674,0.00152820267249,0.000995707465336],"mean":[0.000370834284695,0.0104102408513,0.00579122221097,0.00380056677386,0.00401896005496,0.00203328533098,0.00129773363005,0.000758169975597,0.00111264269799,0.000716195907444,0.000662520062178,0.000673735456076,0.000655287411064,0.000465929071652,0.000557377759833,0.000435495661804,0.000451203872217,0.000405868282542,0.000423104589572,0.000265524227871,0.000139373092679,0.0000723255143384,0.0000479767513752,0.0000320172839565,0.0000331971277774,0.0000213500170503,0.0000140030724651],"median":[0.0000595060591877,0.00724278204143,0.00352971768007,0.00187485967763,0.00293323141523,0.00123967474792,0.000765220669564,0.000353513925802,0.000456072419183,0.000239774453803,0.000226265910896,0.000305023218971,0.000220124478801,0.000201201328309,0.000281955057289,0.000175790191861,0.00020256449352,0.00015301797248,0.000135659211082,0.0000939735400607,0.0000415417453041,0.0000178828177013,0.00000816777992441,0.00000605524701314,0.00000479990694657,0.00000240149574893,8.00666782652e-7],"min":[4.2587261842e-12,5.66717083417e-14,5.36822429855e-16,4.33184931204e-16,3.20612346689e-15,3.2250053136e-15,2.66105988292e-15,4.3297660345e-15,6.42115052061e-15,3.97946666532e-15,7.41621221628e-15,1.38797080315e-14,2.71428523104e-14,3.16059739415e-14,3.4007004027e-14,4.79812993807e-14,9.20893949204e-14,1.29833752256e-13,1.9817317004e-13,2.3705156219e-13,3.64556990281e-13,4.20549635697e-13,6.70571454267e-13,6.67190098742e-13,1.81727267783e-12,9.4523494934e-12,1.14358489345e-9],"var":[9.55988639362e-7,0.000238719963818,0.0000481678362121,0.0000329445465468,0.0000162090691447,0.00000629495298199,0.00000308901917379,0.00000160593288001,0.00000326492772729,0.00000240943063545,0.00000170240912212,0.00000125080669022,0.00000217018236981,8.0767028976e-7,8.69166115081e-7,0.00000100721217677,5.97140001446e-7,7.79180538757e-7,5.51368657398e-7,2.07413009434e-7,9.13191797736e-8,1.73901781864e-8,1.1095508512e-8,4.56031745699e-9,1.18300347296e-8,4.16408907356e-9,1.97261784685e-9]},"barkbands_crest":{"dmean":2.44584059715,"dmean2":4.0311255455,"dvar":5.42019128799,"dvar2":14.419801712,"max":26.7577018738,"mean":9.80527973175,"median":9.14864349365,"min":2.7830953598,"var":14.5943050385},"barkbands_flatness_db":{"dmean":0.0235593970865,"dmean2":0.0342842005193,"dvar":0.000573970377445,"dvar2":0.00120384909678,"max":0.513285696507,"mean":0.152921408415,"median":0.145994707942,"min":0.0127006378025,"var":0.00344579014927},"barkbands_kurtosis":{"dmean":3.08326530457,"dmean2":4.99338102341,"dvar":30.5335998535,"dvar2":78.7218780518,"max":189.844192505,"mean":5.9216504097,"median":2.68497776985,"min":-1.98489296436,"var":199.337188721},"barkbands_skewness":{"dmean":0.521727442741,"dmean2":0.822423875332,"dvar":0.32109940052,"dvar2":0.788254916668,"max":9.96060085297,"mean":1.72159266472,"median":1.70539927483,"min":-13.7991704941,"var":2.64286828041},"barkbands_spread":{"dmean":4.66814804077,"dmean2":7.37944984436,"dvar":35.985584259,"dvar2":88.4003601074,"max":155.358963013,"mean":18.8605613708,"median":16.5121307373,"min":0.684020102024,"var":160.739715576},"dissonance":{"dmean":0.0154252583161,"dmean2":0.0256363023072,"dvar":0.000231224519666,"dvar2":0.000629297283012,"max":0.500000119209,"mean":0.468801409006,"median":0.474193483591,"min":0.28684976697,"var":0.000531737285201},"dynamic_complexity":3.90243601799,"erbbands":{"dmean":[0.183852851391,1.44266247749,3.81798243523,6.36190128326,8.76104354858,6.91090154648,5.82887125015,8.80783843994,9.48580265045,10.2062978745,9.95178127289,12.4500589371,11.3668050766,11.3188638687,14.1399402618,12.8023853302,17.0552616119,13.6222496033,13.8254318237,14.2909755707,11.9725093842,12.5003442764,12.0507326126,7.36258649826,10.806936264,6.0347571373,4.33009576797,2.60026025772,1.81662511826,1.22464060783,0.960548043251,0.581924676895,0.413883149624,0.33968436718,0.212754204869,0.0822925269604,0.0330538824201,0.0117679843679,0.00209540780634,0.000111530651338],"dmean2":[0.290639102459,2.43555545807,6.49810314178,10.7104206085,14.3526916504,11.0264396667,9.18995761871,14.1082019806,15.1522321701,16.0174655914,15.7232608795,18.6218585968,17.5868911743,17.416015625,22.2451820374,20.494228363,26.9572429657,21.6371765137,21.9134693146,22.7069416046,18.5090751648,19.6970100403,18.6577415466,11.168920517,16.5498313904,9.22364902496,6.55634450912,3.93258523941,2.7784409523,1.85596859455,1.47666597366,0.894650638103,0.645155072212,0.539900243282,0.333218544722,0.12455637008,0.0515854805708,0.0179595444351,0.00322403688915,0.000171329331351],"dvar":[0.204838424921,9.53933143616,39.9965934753,122.305397034,211.25428772,92.4821548462,101.052986145,260.216888428,249.202819824,244.171096802,378.349121094,795.891540527,590.810546875,467.419464111,838.921630859,692.279052734,1932.8638916,836.753112793,1010.29852295,869.252380371,989.90802002,768.967224121,1363.88146973,285.485046387,714.858825684,179.802490234,150.521270752,32.7465171814,15.9743251801,7.86926317215,6.84884119034,2.09144687653,1.30684769154,1.10887110233,0.978539288044,0.143582388759,0.0104483691975,0.00122033141088,0.0000736263245926,2.61130168155e-7],"dvar2":[0.506938040257,26.9852733612,115.905975342,322.768157959,545.143859863,245.363723755,261.037322998,690.821350098,597.68536377,588.18371582,921.22467041,1733.11975098,1372.88195801,1097.33056641,2067.67993164,1749.1895752,4848.49902344,1949.39892578,2502.96484375,2104.96240234,2073.03466797,1924.46386719,3218.64428711,620.31237793,1663.10449219,411.71963501,298.892822266,73.0817337036,38.0902786255,17.8262138367,16.4478530884,5.1917257309,3.34493994713,2.89720845222,2.5094230175,0.349725455046,0.026402162388,0.00308135151863,0.000194005391677,7.04777960436e-7],"max":[5.85256767273,38.3758544922,65.7570419312,124.588661194,224.350463867,185.733642578,250.0027771,290.288299561,343.319366455,406.773529053,507.204376221,930.000366211,694.86706543,564.896850586,818.901611328,663.399902344,1217.07519531,774.872497559,885.050476074,781.851257324,1330.98718262,722.314147949,1434.27844238,609.008056641,1184.17858887,333.815216064,715.163330078,135.032852173,58.4223213196,56.4198989868,50.9801330566,26.813205719,16.1297988892,17.924779892,33.5730438232,9.03842830658,2.33466744423,0.717721641064,0.214032188058,0.0141202388331],"mean":[0.313425004482,2.28449344635,6.25944900513,10.3653402328,13.62940979,14.0286369324,11.9578838348,17.447353363,17.9498901367,19.8947677612,18.7332458496,25.2591495514,23.0987567902,24.5208110809,29.0361499786,26.3259887695,31.9765415192,25.0416984558,25.5083599091,28.5423564911,25.0324687958,26.1624011993,24.5028991699,16.7510070801,23.7040634155,12.0050764084,7.57646465302,4.15675592422,2.67088532448,1.8461984396,1.32417690754,0.754830181599,0.516581952572,0.370072007179,0.230092555285,0.0955017954111,0.0379924401641,0.0142571423203,0.00246227229945,0.0001587705774],"median":[0.144841134548,1.64905512333,4.60097074509,7.33830547333,8.35583305359,9.43413448334,7.46967077255,10.4791908264,10.1251220703,11.766535759,9.52682876587,9.64363288879,9.30519104004,10.9614477158,13.0048799515,12.8818397522,11.2193183899,12.0062990189,12.9114770889,13.1507692337,10.8604431152,11.5706577301,9.51887321472,6.34649896622,7.67389583588,4.49842262268,2.36251211166,1.24798572063,0.712666392326,0.352407902479,0.225091069937,0.146457254887,0.0924178063869,0.0569171719253,0.0301746744663,0.010934359394,0.00399698130786,0.0010583717376,0.000152367603732,0.0000535831204616],"min":[6.53970488873e-11,6.90475107645e-12,1.7024462352e-12,1.74442795278e-12,2.31124299387e-12,1.0081904929e-11,1.28417936007e-11,1.67305509724e-11,5.70577161907e-11,7.60023780022e-11,1.48832765556e-10,1.4368918555e-10,1.69913888515e-10,3.38980288284e-10,3.90142196327e-10,7.18249293374e-10,9.89903603532e-10,1.75883752007e-9,2.25435692336e-9,2.64979771458e-9,3.28203020317e-9,6.27762153371e-9,7.28879623324e-9,8.39455349677e-9,1.1231498398e-8,1.25479848734e-8,1.3392878806e-8,1.53169263939e-8,1.4049027719e-8,2.02923704506e-8,2.11721271626e-8,1.7512496342e-8,9.6670209615e-9,1.16139311501e-8,1.69889915469e-8,1.53607189191e-8,2.02513561476e-8,5.61098616458e-8,8.74646062243e-8,2.94518045507e-8],"var":[0.346213191748,10.0392179489,51.796005249,152.495162964,290.319793701,238.193481445,234.15385437,486.506988525,693.199584961,652.153259277,894.280822754,2048.58374023,1961.58129883,1688.18151855,2267.99560547,1721.27587891,5157.41552734,2018.64831543,2053.59399414,2506.08154297,3361.07714844,1967.79418945,2441.4465332,872.105102539,1886.59533691,400.005554199,298.424682617,60.0073127747,23.0652923584,13.755563736,9.3450756073,2.46659302711,1.36247801781,0.976899921894,0.936821639538,0.164477542043,0.0106436405331,0.0013415296562,0.0000666272972012,2.18860577661e-7]},"erbbands_crest":{"dmean":2.08165669441,"dmean2":3.34910821915,"dvar":4.19925260544,"dvar2":10.2730178833,"max":30.334312439,"mean":7.78351974487,"median":6.79461956024,"min":1.89616775513,"var":14.1422643661},"erbbands_flatness_db":{"dmean":0.0188421681523,"dmean2":0.0240885224193,"dvar":0.000422138517024,"dvar2":0.000647198641673,"max":0.420549064875,"mean":0.160034582019,"median":0.154767021537,"min":0.0119960252196,"var":0.00314193335362},"erbbands_kurtosis":{"dmean":0.598291277885,"dmean2":0.945957899094,"dvar":0.996965587139,"dvar2":2.35428619385,"max":38.314365387,"mean":-0.125019043684,"median":-0.52011525631,"min":-1.71440196037,"var":2.38683652878},"erbbands_skewness":{"dmean":0.277887523174,"dmean2":0.425796627998,"dvar":0.0680572241545,"dvar2":0.154973477125,"max":3.50748467445,"mean":0.0388302765787,"median":0.0771125480533,"min":-5.17472457886,"var":0.427164375782},"erbbands_spread":{"dmean":6.97699928284,"dmean2":10.3082199097,"dvar":52.5031547546,"dvar2":109.766716003,"max":192.243743896,"mean":38.9658050537,"median":36.6026535034,"min":2.23367238045,"var":282.966033936},"gfcc":{"cov":[[19511.4316406,743.033935547,-321.521850586,1006.13092041,-431.286132813,774.610534668,-283.587371826,623.236633301,-474.412414551,215.188171387,-123.778182983,84.4685516357,-91.5783081055],[743.033935547,1710.73266602,-648.664916992,-203.832214355,198.845565796,-275.849182129,55.9887008667,-94.8587799072,20.9374580383,-50.0387153625,49.1283721924,-32.4618186951,25.9542102814],[-321.521850586,-648.664916992,1163.86779785,201.476150513,195.301467896,361.081512451,26.0311355591,136.194198608,52.7467308044,114.739570618,10.1824817657,66.5272903442,7.96332216263],[1006.13092041,-203.832214355,201.476150513,554.426391602,25.6511802673,133.503356934,34.6643333435,78.4567718506,27.7979030609,58.7692832947,9.57555961609,-36.1552467346,3.20452737808],[-431.286132813,198.845565796,195.301467896,25.6511802673,536.841918945,-34.0858879089,160.473693848,108.488998413,46.8940925598,94.7418899536,49.1895828247,36.5822067261,6.00679922104],[774.610534668,-275.849182129,361.081512451,133.503356934,-34.0858879089,326.560119629,8.90580844879,87.1318511963,-5.22671031952,18.5249919891,5.62434864044,13.2329301834,-4.71807527542],[-283.587371826,55.9887008667,26.0311355591,34.6643333435,160.473693848,8.90580844879,220.242721558,70.0847396851,25.1202507019,23.7385978699,26.137336731,8.51663684845,-5.77182769775],[623.236633301,-94.8587799072,136.194198608,78.4567718506,108.488998413,87.1318511963,70.0847396851,179.958938599,16.0763225555,41.3975868225,10.7517108917,7.67907619476,-9.54554462433],[-474.412414551,20.9374580383,52.7467308044,27.7979030609,46.8940925598,-5.22671031952,25.1202507019,16.0763225555,107.94834137,24.4198417664,11.800994873,-11.6631908417,8.64936351776],[215.188171387,-50.0387153625,114.739570618,58.7692832947,94.7418899536,18.5249919891,23.7385978699,41.3975868225,24.4198417664,98.752822876,20.4220504761,13.6957139969,1.0184648037],[-123.778182983,49.1283721924,10.1824817657,9.57555961609,49.1895828247,5.62434864044,26.137336731,10.7517108917,11.800994873,20.4220504761,77.1638183594,22.0275478363,7.74796867371],[84.4685516357,-32.4618186951,66.5272903442,-36.1552467346,36.5822067261,13.2329301834,8.51663684845,7.67907619476,-11.6631908417,13.6957139969,22.0275478363,75.8453369141,17.4773368835],[-91.5783081055,25.9542102814,7.96332216263,3.20452737808,6.00679922104,-4.71807527542,-5.77182769775,-9.54554462433,8.64936351776,1.0184648037,7.74796867371,17.4773368835,65.214553833]],"icov":[[0.000141832453664,-0.000198353111045,0.000166698329849,-0.000259770080447,0.000187404919416,-0.000360704027116,0.000281332439044,-0.000576395716053,0.000578594219405,-0.000553646183107,0.000436564732809,-0.000492872903123,0.000179823575309],[-0.000198353111045,0.00120930920821,0.000317105063004,0.00051474547945,-0.000936583499424,0.000415402319049,-0.000321497616824,0.0011707135709,-0.0010330430232,0.00110809411854,-0.001067642821,0.00109456293285,-0.000611402909271],[0.000166698329849,0.000317105063004,0.00228973245248,-0.000375338451704,-0.000889664574061,-0.00243317242712,0.000855152495205,-0.000250132987276,-0.000240659996052,-0.00138689461164,0.00114805775229,-0.00160647369921,0.000139428273542],[-0.000259770080447,0.00051474547945,-0.000375338451704,0.00284096063115,-0.000263411930064,-0.00000417696446675,-0.000753881060518,0.000695736671332,-0.00104856560938,-0.000151962420205,-0.00121208024211,0.00279970909469,-0.00106920534745],[0.000187404919416,-0.000936583499424,-0.000889664574061,-0.000263411930064,0.00412657484412,0.00113593798596,-0.00148683961015,-0.0022236558143,0.000891365576535,-0.0026368200779,0.000027305137337,-0.00120226701256,0.000244425231358],[-0.000360704027116,0.000415402319049,-0.00243317242712,-0.00000417696446675,0.00113593798596,0.00717899855226,-0.00113994628191,-0.000862460525241,-0.000360679347068,0.00238481536508,-0.00219378364272,0.00134107482154,-0.000275082158623],[0.000281332439044,-0.000321497616824,0.000855152495205,-0.000753881060518,-0.00148683961015,-0.00113994628191,0.00704616727307,-0.00262685748748,0.000225227500778,-0.000138325078296,-0.0000783066207077,-0.00133830530103,0.00108949525747],[-0.000576395716053,0.0011707135709,-0.000250132987276,0.000695736671332,-0.0022236558143,-0.000862460525241,-0.00262685748748,0.010917250067,-0.00276602315716,0.000750040519051,-0.00119852798525,0.00184023391921,0.00023328444513],[0.000578594219405,-0.0010330430232,-0.000240659996052,-0.00104856560938,0.000891365576535,-0.000360679347068,0.000225227500778,-0.00276602315716,0.0135505963117,-0.00416823895648,0.000227138632908,0.00160014664289,-0.00137651909608],[-0.000553646183107,0.00110809411854,-0.00138689461164,-0.000151962420205,-0.0026368200779,0.00238481536508,-0.000138325078296,0.000750040519051,-0.00416823895648,0.0171934124082,-0.00398551020771,0.000414901296608,0.000117938041512],[0.000436564732809,-0.001067642821,0.00114805775229,-0.00121208024211,0.000027305137337,-0.00219378364272,-0.0000783066207077,-0.00119852798525,0.000227138632908,-0.00398551020771,0.0174988452345,-0.00642212340608,0.000287973467493],[-0.000492872903123,0.00109456293285,-0.00160647369921,0.00279970909469,-0.00120226701256,0.00134107482154,-0.00133830530103,0.00184023391921,0.00160014664289,0.000414901296608,-0.00642212340608,0.0206026230007,-0.00568763539195],[0.000179823575309,-0.000611402909271,0.000139428273542,-0.00106920534745,0.000244425231358,-0.000275082158623,0.00108949525747,0.00023328444513,-0.00137651909608,0.000117938041512,0.000287973467493,-0.00568763539195,0.0176243018359]],"mean":[-21.6311206818,116.838699341,-114.574302673,26.2239398956,-34.0607643127,-2.48989796638,-26.5926780701,1.30564188957,-21.6839046478,-0.593814373016,-13.8856248856,-3.10509872437,-11.4968242645]},"hfc":{"dmean":4.91219186783,"dmean2":7.13368177414,"dvar":63.2009811401,"dvar2":139.267669678,"max":170.530593872,"mean":18.3715114594,"median":14.6126623154,"min":0.0000586430869589,"var":241.394104004},"melbands":{"dmean":[0.00166841992177,0.00183762528468,0.00115472567268,0.000515510037076,0.000217002700083,0.000194920285139,0.000143792713061,0.000107002240838,0.0000837759653223,0.0000773924475652,0.0000574801451876,0.0000467119280074,0.0000532287740498,0.000043108164391,0.0000386620777135,0.0000325758519466,0.0000259749158431,0.0000233612772718,0.0000197219233087,0.0000170265593624,0.0000147023065438,0.0000131869746838,0.0000156025089382,0.00000900352279132,0.00000601802184974,0.00000902626470634,0.0000067731539275,0.00000380139181289,0.00000308590938403,0.00000213644284486,0.00000141706573231,0.00000115175555493,7.91046261384e-7,6.68422103445e-7,6.09687617725e-7,4.27263699976e-7,3.45938900637e-7,2.64460709332e-7,3.35015045039e-7,2.75693309959e-7],"dmean2":[0.00272068148479,0.00310043408535,0.00192366063129,0.00083698873641,0.000338132173056,0.000310702394927,0.000228900273214,0.000168253187439,0.000130256972625,0.000116188719403,0.0000890276423888,0.0000719218296581,0.0000836155377328,0.0000697426512488,0.0000610572824371,0.0000514737803314,0.0000414374371758,0.000037049598177,0.0000310262439598,0.0000269515439868,0.0000229093366215,0.00002107884211,0.0000248102933256,0.0000139536059578,0.00000924772575672,0.0000140146630656,0.000010417032172,0.0000059348517425,0.00000479483469462,0.00000321890001942,0.00000220545189222,0.00000181334735316,0.00000120404979498,0.00000103845388821,9.65838012235e-7,6.5572459107e-7,5.45451200651e-7,4.0668192014e-7,5.45511454675e-7,4.43393048499e-7],"dvar":[0.0000149328561747,0.000010188372471,0.00000387049794881,5.43876353731e-7,1.11398222202e-7,1.23389952478e-7,5.24788354994e-8,2.60629455795e-8,2.42086084512e-8,2.68433613115e-8,1.50283590017e-8,8.49738857056e-9,1.48189887028e-8,8.86795614718e-9,7.80510411857e-9,4.98821783879e-9,3.26047255861e-9,3.06130898409e-9,1.64537072855e-9,1.54250967555e-9,1.60209856492e-9,9.05896635484e-10,1.62321278641e-9,1.11873865727e-9,1.81320000681e-10,4.2336084638e-10,3.08158998319e-10,7.52807538529e-11,8.51233319943e-11,3.67474280172e-11,9.20545497468e-12,6.52873761997e-12,3.23189153391e-12,2.51490538464e-12,2.86800834817e-12,1.24353045222e-12,7.6548907187e-13,5.03655656677e-13,1.05738703383e-12,7.81221766964e-13],"dvar2":[0.0000399007330998,0.0000289764811896,0.0000100253300843,0.00000142555859384,2.88178483743e-7,3.27053811588e-7,1.25669444628e-7,6.36586605651e-8,5.64560913574e-8,5.93388946868e-8,3.49024915636e-8,1.99600567186e-8,3.65271972669e-8,2.27615810644e-8,1.91367668378e-8,1.23687344811e-8,7.58035056947e-9,7.60951834877e-9,3.70274522155e-9,3.42323080993e-9,3.54800122615e-9,2.26205010279e-9,4.09272571389e-9,2.59828891735e-9,4.07870320851e-10,9.97445792628e-10,6.94269086665e-10,1.80913797831e-10,1.79360276631e-10,8.10880668167e-11,2.15354938743e-11,1.58842123482e-11,7.64545371457e-12,5.90594890701e-12,7.06462449304e-12,2.99053880617e-12,1.97250592596e-12,1.26980966974e-12,2.81337670174e-12,2.04961590235e-12],"max":[0.0492392666638,0.0345361791551,0.025645153597,0.0106039578095,0.00690358225256,0.00582915218547,0.00539440987632,0.00394941540435,0.00430981162935,0.00502118421718,0.00342253502458,0.00253316992894,0.00376144889742,0.0025829046499,0.00205120630562,0.00203186552972,0.00155872327741,0.00134052615613,0.00124873057939,0.00159202225041,0.00149988185149,0.000991042121314,0.00155068491586,0.00180772750173,0.000366588035831,0.000658861768898,0.000786883232649,0.000218784305616,0.000490397971589,0.000327190151438,0.0000735463399906,0.0000411132714362,0.0000286657723336,0.0000361360325769,0.0000381462741643,0.0000199735459319,0.0000167673606484,0.0000102822550616,0.000016081807189,0.0000180745282705],"mean":[0.00283171632327,0.00325724808499,0.00196906016208,0.000983457430266,0.000469445163617,0.000392747722799,0.000278731022263,0.000205447737244,0.000159753253683,0.000154049572302,0.00011332284339,0.0000975454604486,0.000103347469121,0.000078748256783,0.0000723088087398,0.0000579098559683,0.0000444861798314,0.0000397672556574,0.0000372879658244,0.0000335383920174,0.0000276476057479,0.0000252728750638,0.0000295050595014,0.0000163817585417,0.0000122198944155,0.0000189170823433,0.0000134044512379,0.00000658850240143,0.00000519733748661,0.00000318337856697,0.00000216149646803,0.00000161856223713,0.00000113714725103,9.59127419264e-7,8.02050692528e-7,5.70542567857e-7,4.18866960672e-7,3.38873320516e-7,3.72392406689e-7,2.90179031026e-7],"median":[0.00182598363608,0.00270636868663,0.00144978391472,0.00069098622771,0.000314832839649,0.000235578932916,0.000164712269907,0.000120376062114,0.0000737141745049,0.0000620751306997,0.0000429274550697,0.0000409331114497,0.0000395741153625,0.0000343676838384,0.0000264328955382,0.0000226102802117,0.0000194523072423,0.0000183275697054,0.0000186226425285,0.0000146022193803,0.0000112530606202,0.0000110764940473,0.0000105257031464,0.00000650900437904,0.00000404260754294,0.00000562408877158,0.00000431772605225,0.00000224416726269,0.00000155402642577,8.87420526396e-7,6.19634022314e-7,4.33943569078e-7,2.50536004387e-7,1.63784235951e-7,1.30493504003e-7,1.05483472623e-7,7.82705171787e-8,6.32698444747e-8,5.62232145285e-8,4.36475211529e-8],"min":[8.00287245327e-13,4.48814065509e-16,2.730539878e-16,5.28432303815e-16,5.22193059125e-16,3.58182466595e-16,7.79118057302e-16,5.74070439013e-16,1.0459420119e-15,7.59121303483e-16,7.97842302936e-16,1.00970805999e-15,1.36990860906e-15,1.41285508531e-15,1.81410803907e-15,2.38344229336e-15,2.55301659533e-15,2.7887613229e-15,2.86621443912e-15,3.23127272213e-15,3.56650803386e-15,5.11127801867e-15,6.43096509137e-15,4.94084863694e-15,5.32553246158e-15,6.58225364608e-15,8.04476402622e-15,7.97090275322e-15,7.10134084715e-15,7.54432002032e-15,8.46427488104e-15,6.7748719029e-15,9.43532785133e-15,1.08107797616e-14,1.13528283318e-14,9.19796550259e-15,9.49589748332e-15,5.24794890229e-15,5.63758532858e-15,9.84983104736e-15],"var":[0.000021311963792,0.0000128755964397,0.0000050130265663,0.00000103838010546,2.764361966e-7,2.40080282765e-7,1.52385482011e-7,6.84264804818e-8,6.43396660394e-8,6.81768526078e-8,5.04240986743e-8,3.11580912182e-8,3.70158304008e-8,1.90701854308e-8,2.16611191206e-8,1.21241354734e-8,7.51045892144e-9,5.97097260524e-9,4.24766355422e-9,4.25131485571e-9,4.66591520976e-9,2.28169838579e-9,3.02234126615e-9,1.70497593821e-9,5.54006562847e-10,1.30393928988e-9,6.64994337374e-10,1.39655939591e-10,1.56490986836e-10,5.79550157864e-11,1.53782368784e-11,8.77712919706e-12,4.83670525506e-12,4.12413679596e-12,3.66883216515e-12,1.59278308858e-12,8.07393323206e-13,5.6209203958e-13,9.10669326407e-13,6.61097478843e-13]},"melbands_crest":{"dmean":3.28249788284,"dmean2":5.36430501938,"dvar":9.15991401672,"dvar2":23.8338298798,"max":33.1912956238,"mean":14.2677679062,"median":13.5645198822,"min":3.67472267151,"var":24.7681465149},"melbands_flatness_db":{"dmean":0.0288153383881,"dmean2":0.0426767244935,"dvar":0.000858818821143,"dvar2":0.001876450493,"max":0.539153754711,"mean":0.237088724971,"median":0.232496187091,"min":0.0549460276961,"var":0.00418737018481},"melbands_kurtosis":{"dmean":7.33908605576,"dmean2":11.8752975464,"dvar":163.813980103,"dvar2":440.491729736,"max":274.820617676,"mean":15.2557687759,"median":9.69159889221,"min":-1.78073513508,"var":372.955322266},"melbands_skewness":{"dmean":0.718877613544,"dmean2":1.1317230463,"dvar":0.621711015701,"dvar2":1.56225264072,"max":14.3507270813,"mean":2.9948143959,"median":2.79611611366,"min":-3.27496767044,"var":2.49161934853},"melbands_spread":{"dmean":5.24641561508,"dmean2":8.34334087372,"dvar":44.7794532776,"dvar2":106.599655151,"max":150.320129395,"mean":18.7819137573,"median":14.9479475021,"min":0.543931484222,"var":259.740539551},"mfcc":{"cov":[[10616.7158203,-13.3413724899,290.294250488,710.720336914,156.263015747,288.711578369,393.609619141,284.707611084,127.76007843,131.630996704,40.6970939636,82.5299835205,131.079940796],[-13.3413724899,1722.30175781,-558.280761719,48.6344947815,95.9320220947,-104.007850647,53.526260376,-35.8945121765,-12.7040529251,-32.1267585754,4.15931224823,-10.8168935776,25.2276821136],[290.294250488,-558.280761719,862.021240234,-36.2789802551,132.330215454,206.069900513,18.7030181885,74.5235061646,44.4414367676,47.118522644,15.3851585388,44.4404983521,23.6592178345],[710.720336914,48.6344947815,-36.2789802551,453.386169434,112.171913147,70.7278900146,94.1500701904,17.9522647858,66.7604598999,78.6091537476,45.7764129639,42.8283653259,35.3966331482],[156.263015747,95.9320220947,132.330215454,112.171913147,288.603179932,73.3775939941,78.9959640503,29.7804794312,53.1640777588,57.562789917,39.182888031,40.4818229675,55.4366416931],[288.711578369,-104.007850647,206.069900513,70.7278900146,73.3775939941,173.772888184,62.5308303833,36.9093894958,31.4790420532,30.628528595,20.3442554474,26.9669132233,16.1181030273],[393.609619141,53.526260376,18.7030181885,94.1500701904,78.9959640503,62.5308303833,210.235290527,87.5205764771,48.1186714172,41.9777870178,56.0811958313,35.7661476135,29.3654651642],[284.707611084,-35.8945121765,74.5235061646,17.9522647858,29.7804794312,36.9093894958,87.5205764771,135.626358032,43.3679580688,29.6205291748,32.3422660828,20.2768096924,13.3152303696],[127.76007843,-12.7040529251,44.4414367676,66.7604598999,53.1640777588,31.4790420532,48.1186714172,43.3679580688,104.119216919,54.1996498108,19.5032024384,17.7016525269,17.8629970551],[131.630996704,-32.1267585754,47.118522644,78.6091537476,57.562789917,30.628528595,41.9777870178,29.6205291748,54.1996498108,109.542617798,52.7966423035,13.1273450851,5.78484725952],[40.6970939636,4.15931224823,15.3851585388,45.7764129639,39.182888031,20.3442554474,56.0811958313,32.3422660828,19.5032024384,52.7966423035,99.3502197266,34.2396507263,-6.35604953766],[82.5299835205,-10.8168935776,44.4404983521,42.8283653259,40.4818229675,26.9669132233,35.7661476135,20.2768096924,17.7016525269,13.1273450851,34.2396507263,67.8532028198,30.8077392578],[131.079940796,25.2276821136,23.6592178345,35.3966331482,55.4366416931,16.1181030273,29.3654651642,13.3152303696,17.8629970551,5.78484725952,-6.35604953766,30.8077392578,78.3363494873]],"icov":[[0.000116499046271,-0.0000142981316458,-0.000041071933083,-0.000182598392712,0.0000794189109001,-0.0000591374409851,-0.000107057880086,-0.000184061384061,0.0000987314415397,-0.0000384040649806,0.000122029283375,0.0000501054018969,-0.000097518954135],[-0.0000142981316458,0.000824246613774,0.000624762382358,0.000116182025522,-0.000609167735092,-0.000034840835724,-0.000117542920634,0.0000602651234658,-0.0000228148310271,0.00031079738983,-0.0000906920831767,0.000116027797048,-0.0000813646256574],[-0.000041071933083,0.000624762382358,0.00242258654907,0.000750998791773,-0.00106554117519,-0.00230131903663,0.00084361754125,-0.00078600627603,0.0000076017236097,-0.000386552856071,0.000443798839115,-0.000825732713565,0.000228996490478],[-0.000182598392712,0.000116182025522,0.000750998791773,0.00341887329705,-0.000726378755644,-0.00107339082751,-0.000486060453113,0.00104307068978,-0.000867904687766,-0.00144957681186,0.000174806351424,-0.00119818723761,0.0000266351544269],[0.0000794189109001,-0.000609167735092,-0.00106554117519,-0.000726378755644,0.0056950817816,-0.000521076377481,-0.000865633832291,0.000748148246203,-0.000709138810635,-0.00107275834307,-0.000951489957515,0.000207928780583,-0.00293045327999],[-0.0000591374409851,-0.000034840835724,-0.00230131903663,-0.00107339082751,-0.000521076377481,0.00998041965067,-0.00215151533484,0.000302919273963,-0.000192937834072,-0.0000926230786717,0.000643820327241,-0.00100804143585,0.000860015919898],[-0.000107057880086,-0.000117542920634,0.00084361754125,-0.000486060453113,-0.000865633832291,-0.00215151533484,0.00890703592449,-0.00421653361991,-0.000808994169347,0.00086799665587,-0.00319959362969,0.00018516885757,-0.00159717001952],[-0.000184061384061,0.0000602651234658,-0.00078600627603,0.00104307068978,0.000748148246203,0.000302919273963,-0.00421653361991,0.0120012480766,-0.00334884808399,0.000185674289241,-0.0016320226714,-0.0000089250943347,-0.000375389005058],[0.0000987314415397,-0.0000228148310271,0.0000076017236097,-0.000867904687766,-0.000709138810635,-0.000192937834072,-0.000808994169347,-0.00334884808399,0.0156278908253,-0.00707031413913,0.00359977781773,-0.00204352242872,-0.000299726438243],[-0.0000384040649806,0.00031079738983,-0.000386552856071,-0.00144957681186,-0.00107275834307,-0.0000926230786717,0.00086799665587,0.000185674289241,-0.00707031413913,0.0182386003435,-0.00956691429019,0.00520827993751,-0.00140194245614],[0.000122029283375,-0.0000906920831767,0.000443798839115,0.000174806351424,-0.000951489957515,0.000643820327241,-0.00319959362969,-0.0016320226714,0.00359977781773,-0.00956691429019,0.0212487541139,-0.0113937705755,0.00772027531639],[0.0000501054018969,0.000116027797048,-0.000825732713565,-0.00119818723761,0.000207928780583,-0.00100804143585,0.00018516885757,-0.0000089250943347,-0.00204352242872,0.00520827993751,-0.0113937705755,0.0262115206569,-0.0104894796386],[-0.000097518954135,-0.0000813646256574,0.000228996490478,0.0000266351544269,-0.00293045327999,0.000860015919898,-0.00159717001952,-0.000375389005058,-0.000299726438243,-0.00140194245614,0.00772027531639,-0.0104894796386,0.0203565657139]],"mean":[-662.31072998,152.030410767,-15.0045080185,33.0453910828,7.43305015564,4.59473514557,4.01567697525,0.662530004978,-0.89543813467,0.432218760252,-1.72263503075,-0.672855913639,-0.428147882223]},"pitch_salience":{"dmean":0.0720959976315,"dmean2":0.118155829608,"dvar":0.00412324024364,"dvar2":0.0110609866679,"max":0.829214096069,"mean":0.560271263123,"median":0.565496087074,"min":0.133577540517,"var":0.0102323954925},"silence_rate_20dB":{"dmean":0,"dmean2":0,"dvar":0,"dvar2":0,"max":1,"mean":1,"median":1,"min":1,"var":0},"silence_rate_30dB":{"dmean":0.0223893653601,"dmean2":0.0447826460004,"dvar":0.021888980642,"dvar2":0.0555497929454,"max":1,"mean":0.983471810818,"median":1,"min":0,"var":0.0162557903677},"silence_rate_60dB":{"dmean":0.0220395307988,"dmean2":0.044082917273,"dvar":0.0215560942888,"dvar2":0.045121293515,"max":1,"mean":0.0989943146706,"median":0,"min":0,"var":0.0892132148147},"spectral_centroid":{"dmean":214.942123413,"dmean2":332.801300049,"dvar":64296.7148438,"dvar2":139582.546875,"max":11211.6875,"mean":1197.63354492,"median":1064.56982422,"min":156.650390625,"var":429912.0625},"spectral_complexity":{"dmean":3.65453910828,"dmean2":5.43409442902,"dvar":20.1530628204,"dvar2":36.5897445679,"max":61,"mean":20.573764801,"median":20,"min":0,"var":118.75226593},"spectral_contrast_coeffs":{"dmean":[0.0492370687425,0.0437411703169,0.0348112657666,0.0291987359524,0.0227742306888,0.020645448938],"dmean2":[0.0811391174793,0.0722636952996,0.0556047670543,0.0465660616755,0.0352667570114,0.0314970053732],"dvar":[0.00164927251171,0.00124685280025,0.000792065809947,0.000553364283405,0.00039331955486,0.000464345474029],"dvar2":[0.00445662532002,0.00337063963525,0.00196229084395,0.00136215484235,0.000857596925925,0.000947375199758],"max":[-0.269407182932,-0.456231713295,-0.460241258144,-0.557240366936,-0.570458948612,-0.407567769289],"mean":[-0.638031721115,-0.740424573421,-0.764159679413,-0.776725172997,-0.781686723232,-0.753200769424],"median":[-0.645556926727,-0.741807281971,-0.76717120409,-0.779861211777,-0.78833937645,-0.756272912025],"min":[-0.963028490543,-0.970121622086,-0.969630420208,-0.960108339787,-0.949583947659,-0.958836853504],"var":[0.00766925374046,0.00420730328187,0.00392096489668,0.00295334425755,0.00302753620781,0.00243800412863]},"spectral_contrast_valleys":{"dmean":[0.390220463276,0.352233141661,0.302678316832,0.270266085863,0.28216534853,0.442756861448],"dmean2":[0.625208437443,0.564874112606,0.46707674861,0.402102738619,0.378582566977,0.503175616264],"dvar":[0.132797375321,0.104690559208,0.0867480188608,0.0778782740235,0.113408818841,0.292029112577],"dvar2":[0.287724554539,0.224952444434,0.162563696504,0.129349082708,0.165911853313,0.443983852863],"max":[-4.96414041519,-4.75754165649,-5.31694507599,-5.80315685272,-5.58929586411,-8.01599502563],"mean":[-7.08336257935,-6.72374153137,-7.40929937363,-7.71486330032,-7.72841691971,-11.0171556473],"median":[-6.43153476715,-6.44523000717,-7.117146492,-7.44627523422,-7.45916700363,-10.747215271],"min":[-27.3686408997,-27.3560905457,-27.2338962555,-27.5760879517,-27.511636734,-27.2585029602],"var":[3.2635409832,2.02362585068,1.9824539423,1.74295163155,1.87387275696,2.48399043083]},"spectral_decrease":{"dmean":2.87373524976e-9,"dmean2":4.58348159427e-9,"dvar":1.83390226599e-17,"dvar2":4.75463813142e-17,"max":3.29304895256e-15,"mean":-9.00840646523e-9,"median":-8.64995719496e-9,"min":-5.19456797576e-8,"var":4.41587359074e-17},"spectral_energy":{"dmean":0.0111015876755,"dmean2":0.0176370441914,"dvar":0.000267381896265,"dvar2":0.000688520027325,"max":0.198906138539,"mean":0.0356661267579,"median":0.0343138128519,"min":2.88861956577e-9,"var":0.000673860486131},"spectral_energyband_high":{"dmean":0.000276716629742,"dmean2":0.0004005972296,"dvar":4.03224305501e-7,"dvar2":9.09684899852e-7,"max":0.0133512290195,"mean":0.000463317002868,"median":0.000151982021634,"min":9.18297160535e-10,"var":6.93947299624e-7},"spectral_energyband_low":{"dmean":0.0089758252725,"dmean2":0.0146855618805,"dvar":0.000250664743362,"dvar2":0.000674081558827,"max":0.180214941502,"mean":0.018441375345,"median":0.0153989382088,"min":3.53326114026e-12,"var":0.000409481901443},"spectral_energyband_middle_high":{"dmean":0.00152878242079,"dmean2":0.00229704543017,"dvar":0.00000489427884531,"dvar2":0.0000114048652904,"max":0.0509678460658,"mean":0.00549347978085,"median":0.00362940202467,"min":1.25656982649e-12,"var":0.0000319608152495},"spectral_energyband_middle_low":{"dmean":0.00481747183949,"dmean2":0.00758440839127,"dvar":0.0000493092047691,"dvar2":0.000117945921374,"max":0.105870440602,"mean":0.013250015676,"median":0.011420099996,"min":6.11414266655e-14,"var":0.000107285944978},"spectral_entropy":{"dmean":0.158132627606,"dmean2":0.217489123344,"dvar":0.0311326216906,"dvar2":0.0546918138862,"max":9.78476715088,"mean":7.42315340042,"median":7.43018484116,"min":5.5476436615,"var":0.184602186084},"spectral_flux":{"dmean":0.0244947541505,"dmean2":0.0381551533937,"dvar":0.000923014595173,"dvar2":0.00194528629072,"max":0.38723808527,"mean":0.0850508511066,"median":0.0797318890691,"min":0.0000586864480283,"var":0.00264099542983},"spectral_kurtosis":{"dmean":2.5691344738,"dmean2":4.24291181564,"dvar":11.2116889954,"dvar2":30.5009918213,"max":79.2687759399,"mean":6.99459505081,"median":5.55456829071,"min":-1.18178844452,"var":28.4124202728},"spectral_rms":{"dmean":0.000845510337967,"dmean2":0.00129302823916,"dvar":9.84263920145e-7,"dvar2":0.00000228958811022,"max":0.0139303542674,"mean":0.00540035543963,"median":0.0057859220542,"min":0.00000167873918144,"var":0.00000563246885577},"spectral_rolloff":{"dmean":350.283569336,"dmean2":597.513183594,"dvar":579666.0625,"dvar2":1643085.375,"max":21856.2011719,"mean":1254.5267334,"median":818.26171875,"min":64.599609375,"var":5679814},"spectral_skewness":{"dmean":0.28346067667,"dmean2":0.448844492435,"dvar":0.0871485024691,"dvar2":0.213193506002,"max":6.44729804993,"mean":1.69863712788,"median":1.59049975872,"min":-0.621668815613,"var":0.40488794446},"spectral_spread":{"dmean":490420.8125,"dmean2":655041.5625,"dvar":415199297536,"dvar2":758421585920,"max":39597992,"mean":3852747.5,"median":3420647.5,"min":886068.6875,"var":7992325439490},"spectral_strongpeak":{"dmean":0.345638632774,"dmean2":0.603951692581,"dvar":0.516676008701,"dvar2":1.35299825668,"max":13.791185379,"mean":0.565145790577,"median":0.371466338634,"min":0,"var":0.592135727406},"zerocrossingrate":{"dmean":0.00777227245271,"dmean2":0.00965928193182,"dvar":0.000127228471683,"dvar2":0.000150735781062,"max":0.90771484375,"mean":0.0527789108455,"median":0.04150390625,"min":0.00439453125,"var":0.00683007668704}},"metadata":{"audio_properties":{"analysis_sample_rate":44100,"bit_rate":0,"codec":"flac","downmix":"mix","equal_loudness":0,"length":265.493347168,"lossless":true,"md5_encoded":"eaf6a27ea9c7cedebfd6b088ca6a1008","replay_gain":-14.630651474,"sample_rate":44100},"tags":{"acoustid_id":["bbe47bc8-e2f0-4852-840a-0014caaea9f8"],"album":["The Magic Whip"],"albumartist":["Blur"],"albumartistsort":["Blur"],"artist":["Blur"],"artistsort":["Blur"],"asin":["B00THHH9W4"],"barcode":["0825646141692"],"date":["2015-04-27"],"discnumber":["1"],"disctotal":["1"],"file_name":"08 - Blur - There Are Too Many of Us.flac","label":["Parlophone"],"media":["CD"],"musicbrainz_albumartistid":["ba853904-ae25-4ebb-89d6-c44cfbd71bd2"],"musicbrainz_albumid":["b39e0793-bdd5-4797-a0c9-7f36dc5114b5"],"musicbrainz_artistid":["ba853904-ae25-4ebb-89d6-c44cfbd71bd2"],"musicbrainz_recordingid":["c962d1fb-1905-4191-80cb-5ef01128ef89"],"musicbrainz_releasegroupid":["f8a42780-5eb1-43be-9a3f-4d3b80184300"],"musicbrainz_releasetrackid":["763256f0-290e-4e68-a1dd-01b005d8deb5"],"originaldate":["2015-04-24"],"originalyear":["2015"],"releasecountry":["GB"],"releasestatus":["official"],"releasetype":["album"],"script":["Latn"],"title":["There Are Too Many of Us"],"tracknumber":["8"],"tracktotal":["12"]},"version":{"essentia":"2.1-beta2","essentia_build_sha":"2d9f1f26377add8aeb1075a9c2973f962c4f09fd","essentia_git_sha":"v2.1_beta2-1-ge3940c0","extractor":"music 1.0"}},"rhythm":{"beats_count":487,"beats_loudness":{"dmean":0.0237500369549,"dmean2":0.0446462370455,"dvar":0.000374410679797,"dvar2":0.00117439299356,"max":0.165283322334,"mean":0.0573934242129,"median":0.0571337677538,"min":1.02302673e-8,"var":0.000798312015831},"beats_loudness_band_ratio":{"dmean":[0.17854949832,0.0960312485695,0.0629834979773,0.0458473190665,0.036344293505,0.0388938374817],"dmean2":[0.321827441454,0.170311272144,0.113455452025,0.0780979916453,0.0631745532155,0.0712492614985],"dvar":[0.0177092440426,0.00