{"lowlevel":{"average_loudness":0.958430409431,"barkbands":{"dmean":[0.000280179141555,0.00456843804568,0.00306041282602,0.0011908179149,0.00239037303254,0.000782564340625,0.000570165924728,0.000698232208379,0.000661783560645,0.000540273496881,0.000222235394176,0.000299085892038,0.000290678755846,0.000510072568431,0.000388805841794,0.00047012756113,0.000773609383032,0.000622296589427,0.000319864659104,0.000147510771058,0.00011050896137,0.0000845921676955,0.0000508928278578,0.0000278604984487,0.0000224799186981,0.0000218369732465,0.00000141274290399],"dmean2":[0.000394841539674,0.00811376329511,0.00534233916551,0.00200888887048,0.00415182858706,0.001315880334,0.00092867994681,0.00112696469296,0.00108691374771,0.00089712854242,0.000370067340555,0.000505013565999,0.000478638306959,0.000849107163958,0.000629688613117,0.000785744457971,0.00131974450778,0.00103349448182,0.000541966699529,0.000246623007115,0.000182185409358,0.000131049426273,0.000078976903751,0.0000435897090938,0.0000319091486745,0.0000347996865457,0.00000206442678063],"dvar":[2.59347132214e-7,0.0000634764001006,0.0000354304538632,0.00000219224830289,0.0000288505598292,0.00000271194676316,0.00000112620978143,0.00000303828574033,0.00000641576662019,0.00000321700554196,4.80806818359e-7,4.98191525367e-7,2.86322460852e-7,7.12305165962e-7,5.08221262407e-7,3.36733023687e-7,0.00000114321915134,6.08367599852e-7,1.09373239354e-7,3.81811275929e-8,2.21119584864e-8,1.07011608463e-8,3.69112052034e-9,1.42507672329e-9,9.63163993006e-10,1.48331458227e-9,4.84016299263e-12],"dvar2":[4.74773088399e-7,0.000175456079887,0.0000980971744866,0.00000585719453738,0.0000779536567279,0.00000731014461053,0.00000286936597149,0.00000719587978892,0.0000165466026374,0.00000838900814415,0.00000133807259317,0.00000136943504003,7.47101182696e-7,0.00000195015468307,0.00000128016131384,9.19436160984e-7,0.00000308770336233,0.00000167306779986,3.01022765825e-7,1.01421825605e-7,5.54561019328e-8,2.44487008416e-8,8.75791972277e-9,3.42612427318e-9,1.94439353507e-9,3.79972053821e-9,1.036681678e-11],"max":[0.00400804821402,0.0733796060085,0.0538953393698,0.0170028693974,0.0473050586879,0.0382449030876,0.0183892324567,0.035091239959,0.0529542006552,0.0531359501183,0.0307024642825,0.0202485397458,0.0127398427576,0.019929587841,0.0196024104953,0.0149923991412,0.0286599528044,0.0125805716962,0.00450763432309,0.00302359671332,0.00201620347798,0.00173894304316,0.00135180342477,0.000595333054662,0.00073132745456,0.00043474996346,0.0000313772725349],"mean":[0.000298150698654,0.00558723416179,0.00388732901774,0.00205675233155,0.00251052598469,0.00107684044633,0.00105145340785,0.00092211808078,0.000874385354109,0.000809041259345,0.000369970570318,0.000515101244673,0.000529494252987,0.000944767729379,0.000760972907301,0.00104026484769,0.00182195717935,0.00156867294572,0.00082012481289,0.000336118973792,0.000273612735327,0.000219385925448,0.000141272175824,0.0000713238332537,0.0000593098702666,0.0000300938754663,0.00000224563768825],"median":[0.0000322761588905,0.00321738421917,0.00201723724604,0.0014308791142,0.00120535166934,0.000469966587843,0.000373283284716,0.000295040139463,0.000271451193839,0.000244143710006,0.000200623471756,0.000331294781063,0.00035188801121,0.000643121893518,0.000469451770186,0.000836240360513,0.00144825922325,0.00121800322086,0.00070347613655,0.000270777294645,0.000220467947656,0.000173529202584,0.000123171281302,0.0000582001230214,0.0000481650822621,0.000017264901544,0.00000129230170387],"min":[7.16602084467e-25,5.19593017099e-24,1.84748837699e-24,1.05396116229e-24,7.76936878208e-24,7.70634747322e-24,1.37328077602e-23,7.17796686119e-24,2.26742747527e-23,2.43363384157e-23,2.56956199083e-23,2.06166052344e-23,3.62377866517e-23,4.57582933259e-23,4.80757394735e-23,6.9492656718e-23,5.19626938118e-23,1.05150191998e-22,9.62372375937e-23,1.70589959064e-22,2.08274185294e-22,2.93101382931e-22,4.3079757143e-22,6.11605955032e-22,9.16184317501e-22,1.17148828213e-21,1.89480703876e-21],"var":[3.61632459089e-7,0.0000559549043828,0.0000305272806145,0.00000418363242716,0.0000214781939576,0.00000304348077407,0.00000279208325082,0.00000447238971901,0.00000684245742377,0.00000505225807501,9.86556187854e-7,7.98934820523e-7,4.69791245905e-7,0.0000012342776472,9.44216708376e-7,5.87815350173e-7,0.00000206025447369,0.00000155217219344,2.40941545826e-7,5.83193298098e-8,3.73604329695e-8,2.82543179964e-8,9.30259069776e-9,3.48827255969e-9,2.50648346523e-9,1.43848766232e-9,7.81674551475e-12]},"barkbands_crest":{"dmean":2.48324036598,"dmean2":4.26314067841,"dvar":5.56329059601,"dvar2":15.268576622,"max":20.4337310791,"mean":7.56119060516,"median":6.9239115715,"min":2.38745260239,"var":8.59862804413},"barkbands_flatness_db":{"dmean":0.0157717708498,"dmean2":0.0261457841843,"dvar":0.000220262692892,"dvar2":0.00059668708127,"max":0.344110101461,"mean":0.0869490727782,"median":0.0833875387907,"min":0.0272505357862,"var":0.00075788621325},"barkbands_kurtosis":{"dmean":0.894259154797,"dmean2":1.5484508276,"dvar":2.19944953918,"dvar2":6.03641319275,"max":20.1061325073,"mean":-0.552505135536,"median":-1.01049780846,"min":-1.89693391323,"var":2.17616176605},"barkbands_skewness":{"dmean":0.461083859205,"dmean2":0.754705667496,"dvar":0.208432629704,"dvar2":0.550570011139,"max":4.36367464066,"mean":0.606381118298,"median":0.54072278738,"min":-2.11355304718,"var":0.425701886415},"barkbands_spread":{"dmean":5.89417076111,"dmean2":9.71596622467,"dvar":29.1204204559,"dvar2":77.0469207764,"max":129.403747559,"mean":38.4474639893,"median":39.185005188,"min":9.12575244904,"var":88.3567047119},"dissonance":{"dmean":0.00760401133448,"dmean2":0.0129352798685,"dvar":0.0000665670304443,"dvar2":0.00018882835866,"max":0.500000059605,"mean":0.487624168396,"median":0.490215480328,"min":0.399407744408,"var":0.000103646860225},"dynamic_complexity":1.68203032017,"erbbands":{"dmean":[0.125679850578,1.09196555614,3.23721385002,3.780397892,7.05079317093,8.09974575043,5.25406169891,6.39698648453,6.52505970001,12.0639419556,14.9810972214,12.8220472336,17.7856273651,13.0468530655,8.17133998871,11.3066883087,12.1046323776,22.2124958038,20.7386436462,20.630695343,27.9484405518,42.2818641663,34.0103340149,22.2733402252,10.5344610214,7.10446882248,5.37936115265,3.91357398033,3.24481940269,2.19895935059,1.43602275848,0.743354856968,0.391752660275,0.231761619449,0.194040343165,0.133796542883,0.0296475142241,0.00302731315605,0.000247265619691,0.0000198478228413],"dmean2":[0.214987263083,1.96685945988,5.71157598495,6.34266996384,12.1517448425,14.1966714859,8.67472743988,10.834862709,10.6657094955,19.7110385895,24.1641235352,20.9126930237,29.4228687286,21.2268333435,13.6670598984,19.0658073425,19.8655834198,36.6039276123,34.2452545166,33.6146430969,46.9099884033,72.3313522339,56.362575531,37.6485862732,17.6798114777,11.8677949905,9.06294631958,6.40136861801,5.06540346146,3.39022517204,2.25065517426,1.16909623146,0.609918475151,0.338267594576,0.28553968668,0.21326893568,0.0467313453555,0.00450857076794,0.000358869234333,0.0000298970553558],"dvar":[0.0469183064997,4.02804088593,41.936000824,27.5435199738,189.283843994,360.113647461,83.3357009888,225.396636963,200.503219604,660.908447266,1589.98962402,2749.24023438,4413.57226562,1460.53173828,370.010070801,659.273742676,518.766418457,1517.01403809,1394.77587891,1396.48608398,1042.80053711,3394.34082031,2216.16552734,511.607543945,145.446746826,90.774307251,56.2671432495,26.0289402008,17.2159099579,6.4304766655,3.32928538322,0.996955990791,0.296648919582,0.0937461256981,0.0836974978447,0.0573281161487,0.00249215890653,0.0000217959932343,1.44557802173e-7,5.83191162029e-10],"dvar2":[0.115982726216,11.4444303513,117.055793762,75.2249526978,508.173126221,987.797729492,208.441268921,619.099365234,532.860046387,1689.34033203,3819.79467773,6958.30859375,11760.7548828,3741.3503418,992.353637695,1706.72473145,1383.24987793,4053.27709961,3621.16992188,3535.20239258,2819.65039062,9278.41699219,6044.22216797,1408.61669922,385.664337158,240.334381104,147.826446533,63.8006782532,39.4335212708,15.118309021,8.15837955475,2.36331939697,0.692564070225,0.195136874914,0.17416678369,0.146247074008,0.00625246949494,0.0000493167899549,3.08514984226e-7,1.33340471997e-9],"max":[1.74627482891,18.2012500763,54.5709114075,67.2671661377,132.691726685,222.607162476,142.546875,401.994232178,436.380889893,558.82598877,788.227294922,1365.02050781,1943.75341797,851.518554688,1084.39489746,890.661254883,661.473266602,811.422485352,719.249328613,994.718017578,650.068237305,1656.85742188,805.745178223,335.233062744,177.70010376,122.360359192,113.223625183,70.6776351929,59.5885314941,47.8534317017,40.8810157776,18.5546131134,11.7161998749,6.87496566772,7.05989646912,2.998016119,0.482289195061,0.0531551465392,0.00488161016256,0.000238098989939],"mean":[0.152000620961,1.28704547882,4.02193069458,6.69726133347,8.07584857941,8.01414012909,7.51545906067,8.56709194183,12.4817066193,18.5346736908,20.9975833893,17.8538017273,25.6456565857,21.8575325012,15.7440309525,20.9703884125,24.3677806854,42.9896278381,42.2427406311,45.4723243713,68.6353683472,104.939468384,90.3538589478,61.8004493713,27.5232391357,16.6160678864,12.8449106216,9.72873592377,7.89534044266,5.79509449005,3.98943471909,1.9162658453,1.02561569214,0.666978299618,0.429760217667,0.193245634437,0.0414578840137,0.00472818035632,0.000406262639444,0.0000535851359018],"median":[0.0634123533964,0.776020646095,2.21452331543,4.74353265762,4.31778669357,3.50430965424,3.8519961834,3.73679447174,5.11084079742,7.1489648819,7.40248584747,6.42518806458,8.44021129608,7.88854694366,9.90855503082,13.9122562408,16.7654914856,30.1999359131,27.723197937,31.7357788086,56.9481048584,84.3230133057,69.4837188721,54.2791595459,23.3954238892,13.4400501251,10.3734121323,7.76613330841,5.89932155609,4.90729236603,3.4933590889,1.59034943581,0.837369799614,0.558672368526,0.324413895607,0.11606644094,0.0236436128616,0.00269036088139,0.000239443354076,0.0000439245523012],"min":[1.02427050464e-22,9.35040036889e-22,1.77019740897e-21,7.23869227557e-21,1.08014617636e-20,1.87675471046e-20,7.54923154872e-20,9.28901597418e-20,1.93450300015e-19,1.43364837042e-19,2.1916432088e-19,5.92523379746e-19,4.69222441771e-19,9.32311546096e-19,1.27786872853e-18,1.08721228273e-18,1.50381362984e-18,2.26434923102e-18,3.55324407032e-18,2.69464589733e-18,4.60686496197e-18,5.42390599457e-18,5.3410646834e-18,5.3473793802e-18,7.18019241476e-18,9.73573631156e-18,7.9670628617e-18,9.93374763377e-18,9.94569956644e-18,1.15995032718e-17,1.08801994188e-17,1.27718374027e-17,1.07089035489e-17,8.20562092318e-18,6.54245063814e-18,4.33833070227e-18,2.23658036426e-18,9.08562880517e-19,2.50778595205e-19,2.73652543136e-20],"var":[0.0516126491129,3.10694766045,32.4569396973,41.4476470947,154.372924805,256.211273193,131.051574707,220.781509399,458.016418457,973.383361816,2288.53710938,2937.18481445,5382.078125,2870.00952148,922.294433594,1020.16705322,858.472839355,2650.65795898,2780.87158203,2446.67944336,2103.54833984,6183.98779297,5817.31591797,1239.5279541,297.012420654,143.803024292,79.7180252075,48.8806915283,42.1162147522,16.7073459625,7.74597406387,2.45255923271,0.767820596695,0.275629669428,0.173679873347,0.0576488934457,0.00259841908701,0.0000318348174915,2.33000278627e-7,9.76693059762e-10]},"erbbands_crest":{"dmean":2.16288089752,"dmean2":3.61934328079,"dvar":4.32366228104,"dvar2":11.568652153,"max":24.1678295135,"mean":8.01165866852,"median":7.38596534729,"min":2.58613705635,"var":9.29958343506},"erbbands_flatness_db":{"dmean":0.0136077394709,"dmean2":0.0209342483431,"dvar":0.000139444353408,"dvar2":0.000328557449393,"max":0.389729946852,"mean":0.142638027668,"median":0.140824228525,"min":0.0222310908139,"var":0.000800559879281},"erbbands_kurtosis":{"dmean":0.988552629948,"dmean2":1.60310065746,"dvar":1.04848051071,"dvar2":2.72698688507,"max":13.0444335938,"mean":1.02295005322,"median":0.664034366608,"min":-1.65295779705,"var":2.62458920479},"erbbands_skewness":{"dmean":0.296444326639,"dmean2":0.47819057107,"dvar":0.0700478330255,"dvar2":0.172379955649,"max":1.89598858356,"mean":-0.811051785946,"median":-0.855289459229,"min":-2.88292765617,"var":0.379597008228},"erbbands_spread":{"dmean":7.02491903305,"dmean2":11.3805685043,"dvar":44.1258239746,"dvar2":115.355644226,"max":92.8143310547,"mean":32.2551574707,"median":30.7806243896,"min":7.1915769577,"var":107.380409241},"gfcc":{"cov":[[13230.1142578,720.691894531,-1159.85742188,658.29095459,-422.578948975,333.457275391,-342.36541748,194.370193481,-233.965911865,3.22803449631,-232.297485352,84.3774795532,-108.212394714],[720.691894531,304.034729004,-121.599090576,75.419921875,16.9638309479,-15.5202608109,14.5481567383,-8.40822887421,-8.76863956451,-28.9496898651,4.16005468369,-11.3863382339,11.4308195114],[-1159.85742188,-121.599090576,339.711029053,-28.4907894135,68.7695617676,30.4132957458,43.2546234131,-11.9103193283,10.9422941208,5.23777961731,0.0053148814477,11.7335948944,5.85543489456],[658.29095459,75.419921875,-28.4907894135,163.275909424,13.3375730515,1.29651176929,-41.7278251648,2.14208722115,-7.135430336,-3.84906888008,22.815076828,8.64610385895,3.09848475456],[-422.578948975,16.9638309479,68.7695617676,13.3375730515,188.38609314,6.74995565414,43.7533149719,29.4076271057,0.695549070835,1.73019516468,8.10153961182,14.5439748764,1.81501090527],[333.457275391,-15.5202608109,30.4132957458,1.29651176929,6.74995565414,165.151580811,72.0813598633,27.5370635986,-12.1689395905,-24.371213913,-40.7953414917,-2.09781765938,13.720705986],[-342.36541748,14.5481567383,43.2546234131,-41.7278251648,43.7533149719,72.0813598633,118.168571472,30.4102249146,12.6082134247,-15.7102880478,-20.2751693726,-12.6460123062,5.02251195908],[194.370193481,-8.40822887421,-11.9103193283,2.14208722115,29.4076271057,27.5370635986,30.4102249146,84.8556518555,33.9555091858,15.2815332413,-3.95727300644,2.50278449059,-12.7940769196],[-233.965911865,-8.76863956451,10.9422941208,-7.135430336,0.695549070835,-12.1689395905,12.6082134247,33.9555091858,68.2436828613,32.9025611877,14.3708238602,-6.65520954132,-9.0649471283],[3.22803449631,-28.9496898651,5.23777961731,-3.84906888008,1.73019516468,-24.371213913,-15.7102880478,15.2815332413,32.9025611877,63.8753395081,33.8609695435,13.3362112045,-13.9780750275],[-232.297485352,4.16005468369,0.0053148814477,22.815076828,8.10153961182,-40.7953414917,-20.2751693726,-3.95727300644,14.3708238602,33.8609695435,76.4909973145,28.1489467621,4.5245923996],[84.3774795532,-11.3863382339,11.7335948944,8.64610385895,14.5439748764,-2.09781765938,-12.6460123062,2.50278449059,-6.65520954132,13.3362112045,28.1489467621,54.2868232727,20.8266353607],[-108.212394714,11.4308195114,5.85543489456,3.09848475456,1.81501090527,13.720705986,5.02251195908,-12.7940769196,-9.0649471283,-13.9780750275,4.5245923996,20.8266353607,54.4698181152]],"icov":[[0.000559072941542,-0.00109635095578,0.0010754755931,-0.0016130071599,0.00113917095587,-0.00131079694256,0.00121995608788,-0.00163422734477,0.00234392564744,-0.00262065860443,0.00314955646172,-0.00233319192193,0.00146082672291],[-0.00109635095578,0.00750567065552,0.0000345333864971,0.000246386189247,-0.00288880616426,0.00412014732137,-0.00563722895458,0.0049206642434,-0.0054114786908,0.00680458545685,-0.00610315334052,0.00480537116528,-0.00352167990059],[0.0010754755931,0.0000345333864971,0.00654970528558,-0.00378051167354,0.000467234844109,-0.00276841968298,0.000407736573834,-0.0000330281400238,0.00235265400261,-0.00449250359088,0.00646357005462,-0.00579903787002,0.00319577543996],[-0.0016130071599,0.000246386189247,-0.00378051167354,0.0145826609805,-0.00462488317862,0.0000779983893153,0.003608309431,0.00263373902999,-0.00696692289785,0.0100065581501,-0.0135511662811,0.00821136590093,-0.00386448600329],[0.00113917095587,-0.00288880616426,0.000467234844109,-0.00462488317862,0.00979055184871,-0.000517276290338,-0.00112293520942,-0.00650971708819,0.0076496549882,-0.00628727208823,0.00658642360941,-0.00644330959767,0.00303692999296],[-0.00131079694256,0.00412014732137,-0.00276841968298,0.0000779983893153,-0.000517276290338,0.0151143381372,-0.0115082496777,0.00117116048932,-0.00158059422392,0.00459256116301,-0.00169561011717,0.00326599413529,-0.00582174444571],[0.00121995608788,-0.00563722895458,0.000407736573834,0.003608309431,-0.00112293520942,-0.0115082496777,0.0233086831868,-0.00754350190982,0.00134633737616,-0.000946417625528,0.00271887145936,0.0000745249781176,0.00209961063229],[-0.00163422734477,0.0049206642434,-0.0000330281400238,0.00263373902999,-0.00650971708819,0.00117116048932,-0.00754350190982,0.0266370736063,-0.0186596661806,0.0077170310542,-0.00527299568057,-0.000188872669241,0.00183375237975],[0.00234392564744,-0.0054114786908,0.00235265400261,-0.00696692289785,0.0076496549882,-0.00158059422392,0.00134633737616,-0.0186596661806,0.0394824072719,-0.0251281056553,0.0109128523618,-0.0000716230206308,0.000815072678961],[-0.00262065860443,0.00680458545685,-0.00449250359088,0.0100065581501,-0.00628727208823,0.00459256116301,-0.000946417625528,0.0077170310542,-0.0251281056553,0.0456232130527,-0.0251436121762,0.00402765069157,0.0023065356072],[0.00314955646172,-0.00610315334052,0.00646357005462,-0.0135511662811,0.00658642360941,-0.00169561011717,0.00271887145936,-0.00527299568057,0.0109128523618,-0.0251436121762,0.0433987379074,-0.0241693593562,0.00733228027821],[-0.00233319192193,0.00480537116528,-0.00579903787002,0.00821136590093,-0.00644330959767,0.00326599413529,0.0000745249781176,-0.000188872669241,-0.0000716230206308,0.00402765069157,-0.0241693593562,0.044074267149,-0.0199691690505],[0.00146082672291,-0.00352167990059,0.00319577543996,-0.00386448600329,0.00303692999296,-0.00582174444571,0.00209961063229,0.00183375237975,0.000815072678961,0.0023065356072,0.00733228027821,-0.0199691690505,0.0312324054539]],"mean":[35.9889907837,71.4839401245,-129.504638672,50.265422821,-38.6585235596,13.1703081131,-40.0215034485,15.8227214813,-20.857673645,1.42996263504,-19.2353210449,2.83507561684,-17.4869670868]},"hfc":{"dmean":6.60735177994,"dmean2":10.3458337784,"dvar":52.4385795593,"dvar2":125.432601929,"max":108.490936279,"mean":29.6466274261,"median":28.3833255768,"min":1.078489597e-16,"var":144.588287354},"melbands":{"dmean":[0.00117344013415,0.00158926355653,0.000684275059029,0.000611510069575,0.000193768835743,0.000142804026837,0.000105648032331,0.000139639378176,0.000119343734696,0.0000851013392094,0.0000919557642192,0.0000578001345275,0.0000280803578789,0.0000336112098012,0.0000311453659378,0.0000326225308527,0.0000437654634879,0.0000381400641345,0.0000298356862913,0.0000290901753033,0.0000373588882212,0.0000487512261316,0.000046235985792,0.0000263730762526,0.0000201548573386,0.0000111259896585,0.00000552822666577,0.00000490975207867,0.00000380959249924,0.00000306139281747,0.00000237608264797,0.00000221905520448,0.00000154348106207,0.00000121605592085,9.50257856402e-7,6.54356711038e-7,4.49603732022e-7,3.23347990161e-7,2.20947399043e-7,2.07895951121e-7],"dmean2":[0.00205890927464,0.00281243538484,0.00115570507478,0.00107193680014,0.000323424523231,0.000241357178311,0.000172824846231,0.000226767326239,0.000193658168428,0.000139343203045,0.000152455366333,0.0000943429113249,0.0000469679980597,0.0000566482376598,0.00005138614506,0.0000536115585419,0.0000726185389794,0.0000633173476672,0.0000484787778987,0.0000482129253214,0.0000632642113487,0.0000839477943373,0.0000772648127167,0.0000433514869655,0.0000342281527992,0.0000187678288057,0.00000926177472138,0.0000082594815467,0.00000647991373626,0.00000510819427291,0.0000039166670831,0.00000355815245712,0.00000237612948695,0.00000193043706531,0.00000152250549945,0.00000103294291875,7.33996330382e-7,5.18218712386e-7,3.35362699388e-7,3.1109146903e-7],"dvar":[0.00000401267334382,0.00000977064337349,8.14212114619e-7,0.00000198234852178,1.21059031244e-7,1.08554253586e-7,4.58201405706e-8,9.13800448643e-8,1.1635527386e-7,1.17162564095e-7,1.13379293509e-7,3.25281170888e-8,6.42647446369e-9,8.95424001612e-9,3.5584837299e-9,3.5964695666e-9,5.88687099068e-9,5.19846254932e-9,3.80643827569e-9,1.80175085962e-9,1.87662418938e-9,4.24472013094e-9,4.06503808392e-9,1.42430534034e-9,4.21918250337e-10,1.45414111308e-10,5.64817810578e-11,4.2962067931e-11,2.83236489818e-11,1.75670398367e-11,9.59477636231e-12,8.12415672929e-12,3.53187769829e-12,2.08407488315e-12,1.61695201499e-12,7.06514924689e-13,4.00012298675e-13,2.10206377587e-13,1.06676894694e-13,6.86962422711e-14],"dvar2":[0.0000106148891064,0.0000274228059425,0.00000220833362619,0.00000538587073606,3.16298780945e-7,2.98336772175e-7,1.20262797054e-7,2.29799567819e-7,2.88612142185e-7,2.96751153428e-7,3.01598703345e-7,8.30385076256e-8,1.74106968842e-8,2.55616132705e-8,9.42192279751e-9,9.40784872228e-9,1.57330841688e-8,1.36634028536e-8,9.55412371439e-9,4.74839456643e-9,5.07434982921e-9,1.16069198697e-8,1.05872954848e-8,3.72600217347e-9,1.17758069962e-9,3.94416027616e-10,1.50702117452e-10,1.14201002821e-10,7.6034893659e-11,4.42346090312e-11,2.39395794854e-11,1.982773494e-11,8.13614106643e-12,5.11117754023e-12,4.0890259928e-12,1.56990663958e-12,1.04668541629e-12,5.21990979087e-13,2.27997660899e-13,1.50650921859e-13],"max":[0.0176231283695,0.0269461385906,0.0101157901809,0.0115628661588,0.006187511608,0.0088916067034,0.0058523803018,0.00709178997204,0.0067702117376,0.00908377859741,0.00950360670686,0.00469110440463,0.00475798221305,0.00293024186976,0.00175572093576,0.00151207554154,0.00166733248625,0.00168830982875,0.00204107700847,0.00133620656561,0.000727846520022,0.00147090642713,0.00139041966759,0.000834821490571,0.000284651701804,0.000182306495844,0.000104429549538,0.0000976675219135,0.000090825058578,0.0000713992558303,0.0000611648865743,0.0000367532338714,0.0000360018857464,0.0000320687213389,0.0000305313442368,0.000017697135263,0.000008645752132,0.000010996803212,0.00000816174724605,0.00000577956279812],"mean":[0.00146409322042,0.0020406069234,0.00119034061208,0.000613099487964,0.000267599476501,0.000192151637748,0.000202858384,0.000205664051464,0.000164704644703,0.000114222944831,0.00013094166934,0.0000933843184612,0.0000504165218445,0.0000568794603168,0.0000546433075215,0.0000599335617153,0.0000806658936199,0.00006982072955,0.0000580131163588,0.000061520782765,0.0000831986981211,0.000107645209937,0.000103879945527,0.0000650305737508,0.000049632461014,0.0000261390068772,0.00001188952956,0.0000105599929157,0.00000815178918856,0.0000069113148129,0.00000527708471054,0.00000477193634651,0.00000372561089534,0.00000289440254164,0.00000239182963924,0.00000169737518263,9.79693595582e-7,7.49930961774e-7,5.71311318254e-7,5.56488942038e-7],"median":[0.000760440307204,0.00126486096997,0.000890116323717,0.000281459069811,0.000144499063026,0.0000828295160318,0.0000805751769803,0.0000808093391242,0.000054548625485,0.0000366679778381,0.000040983708459,0.0000304170753225,0.0000296426915156,0.000034044853237,0.0000358314173354,0.0000391864523408,0.0000559361251362,0.0000426965016231,0.0000360965714208,0.0000471337552881,0.0000683485268382,0.0000840847642394,0.0000774002910475,0.0000472684550914,0.0000426250262535,0.0000215297113755,0.0000092024456535,0.00000839633685246,0.00000650160109217,0.00000538536369277,0.00000409846006733,0.00000351719245373,0.00000288696037387,0.00000242002079176,0.00000204647221835,0.00000141666282616,7.93668675669e-7,5.9740193592e-7,4.54493431334e-7,4.64140896383e-7],"min":[1.63301425458e-24,9.55565259687e-25,1.14422607834e-24,9.18970298117e-25,2.98207684303e-24,1.9636522868e-24,3.15097669601e-24,1.35863650022e-24,1.62327201962e-24,2.91367905268e-24,2.23986483301e-24,3.42806211681e-24,3.90778302721e-24,2.53156232437e-24,2.06749911965e-24,2.57264048107e-24,3.04823821273e-24,4.14862541701e-24,2.73152909751e-24,3.69759340559e-24,4.4615042181e-24,3.1499572905e-24,4.52254154178e-24,4.23038887769e-24,3.48397223904e-24,4.08649512655e-24,4.20801993786e-24,4.83668922564e-24,4.39550535376e-24,3.37750875456e-24,4.724260375e-24,5.08472247703e-24,5.99406453058e-24,6.44043595178e-24,5.69912284876e-24,6.70824831264e-24,6.95003181351e-24,6.8695048923e-24,6.07509119517e-24,7.42975469605e-24],"var":[0.00000396672476199,0.00000744052704249,0.00000109686982341,0.00000143075760661,1.45946358998e-7,1.07157994478e-7,1.13528976442e-7,1.29942492322e-7,1.5344258486e-7,1.26397281974e-7,1.4127735426e-7,6.20141378249e-8,1.51312491425e-8,1.4191494202e-8,5.20851672903e-9,6.39183150852e-9,1.02007682301e-8,9.92518689458e-9,6.15030693041e-9,3.02828939702e-9,3.60536356325e-9,7.63752527888e-9,8.48828207722e-9,3.55331741808e-9,9.01743180126e-10,3.0913863136e-10,8.94290405618e-11,6.5060769272e-11,3.62566712764e-11,3.17231310665e-11,1.72493495182e-11,1.68529894901e-11,9.20416520778e-12,4.42313243323e-12,3.17757842608e-12,2.06530799407e-12,6.59166840035e-13,4.63498542932e-13,2.8007026494e-13,1.86518105106e-13]},"melbands_crest":{"dmean":3.41169428825,"dmean2":5.81127500534,"dvar":9.02339267731,"dvar2":24.7342681885,"max":28.344751358,"mean":12.7467317581,"median":12.1688842773,"min":1.63160789013,"var":18.3956298828},"melbands_flatness_db":{"dmean":0.0232875309885,"dmean2":0.0381527468562,"dvar":0.000495394691825,"dvar2":0.00127953535412,"max":0.341660529375,"mean":0.142173931003,"median":0.137770935893,"min":0.00359650328755,"var":0.00142927165143},"melbands_kurtosis":{"dmean":3.71097111702,"dmean2":6.36582374573,"dvar":35.2475357056,"dvar2":97.6033172607,"max":80.21434021,"mean":4.09311056137,"median":2.34169077873,"min":-1.7721426487,"var":36.4418144226},"melbands_skewness":{"dmean":0.671928107738,"dmean2":1.10909688473,"dvar":0.521949470043,"dvar2":1.40652084351,"max":7.93401098251,"mean":1.92925333977,"median":1.78510427475,"min":-0.921831309795,"var":0.936945259571},"melbands_spread":{"dmean":11.5316295624,"dmean2":18.6772480011,"dvar":101.880187988,"dvar2":262.075012207,"max":147.605712891,"mean":44.2521247864,"median":43.2521514893,"min":5.09649801254,"var":285.851196289},"mfcc":{"cov":[[4976.23486328,669.87487793,-44.2315559387,178.463973999,78.4617538452,124.838447571,-12.0235176086,124.750999451,23.8182144165,13.2843761444,10.0233774185,-51.2050590515,-70.9393005371],[669.87487793,332.974578857,-87.3037338257,79.3531951904,29.03565979,19.1480922699,28.3087787628,36.4065361023,17.0884590149,-2.60929656029,2.14731264114,0.257351815701,-12.6303939819],[-44.2315559387,-87.3037338257,200.030197144,-30.920879364,-20.4195156097,33.1171188354,-3.31698513031,0.730983376503,-3.60355377197,5.13398456573,-11.9389066696,-17.5316619873,-4.08018827438],[178.463973999,79.3531951904,-30.920879364,160.680084229,76.2324981689,-24.1647663116,-13.2416887283,-20.9246387482,-27.5706539154,-18.0301513672,-0.979980826378,40.9819526672,25.0895843506],[78.4617538452,29.03565979,-20.4195156097,76.2324981689,112.691101074,4.91063451767,13.8453493118,8.54506397247,-3.03526163101,-5.05976486206,-1.68219602108,21.0365962982,14.0437488556],[124.838447571,19.1480922699,33.1171188354,-24.1647663116,4.91063451767,87.5448150635,45.2663383484,31.8953723907,20.4298343658,8.08010578156,-9.60120868683,-25.9655609131,-18.7470760345],[-12.0235176086,28.3087787628,-3.31698513031,-13.2416887283,13.8453493118,45.2663383484,89.2651062012,50.2928352356,23.0061378479,6.25459432602,-8.55998420715,-6.47587823868,-12.0948266983],[124.750999451,36.4065361023,0.730983376503,-20.9246387482,8.54506397247,31.8953723907,50.2928352356,87.0699081421,46.2501792908,22.0878143311,1.09445643425,-13.1776189804,-11.3108501434],[23.8182144165,17.0884590149,-3.60355377197,-27.5706539154,-3.03526163101,20.4298343658,23.0061378479,46.2501792908,70.4353713989,36.9598312378,8.17036628723,-15.2274265289,-13.0041532516],[13.2843761444,-2.60929656029,5.13398456573,-18.0301513672,-5.05976486206,8.08010578156,6.25459432602,22.0878143311,36.9598312378,58.5150299072,24.0272884369,-0.297140479088,-4.67510223389],[10.0233774185,2.14731264114,-11.9389066696,-0.979980826378,-1.68219602108,-9.60120868683,-8.55998420715,1.09445643425,8.17036628723,24.0272884369,60.6287689209,33.4863891602,10.8747940063],[-51.2050590515,0.257351815701,-17.5316619873,40.9819526672,21.0365962982,-25.9655609131,-6.47587823868,-13.1776189804,-15.2274265289,-0.297140479088,33.4863891602,72.8979263306,36.8401641846],[-70.9393005371,-12.6303939819,-4.08018827438,25.0895843506,14.0437488556,-18.7470760345,-12.0948266983,-11.3108501434,-13.0041532516,-4.67510223389,10.8747940063,36.8401641846,52.7045288086]],"icov":[[0.000323404558003,-0.000616046076175,-0.000111658198875,-0.000151029773406,-0.0000535328836122,-0.000505807227455,0.000771462684497,-0.000649186782539,0.000436651607743,-0.000110090695671,-0.000125453618239,0.0000726222424419,0.000296076847007],[-0.000616046076175,0.00576486391947,0.00211267708801,-0.00317885656841,0.00155378784984,-0.000669650093187,-0.00145666627213,-0.000763807911426,-0.0013293918455,0.00107811554335,-0.000707762374077,0.000677266274579,0.000518994464073],[-0.000111658198875,0.00211267708801,0.00668309349567,-0.000644123530947,0.0012723862892,-0.00359878013842,0.00151585787535,-0.00109159620479,0.00137477612589,-0.00123855425045,0.00128943833988,0.0000690457600285,-0.000410497159464],[-0.000151029773406,-0.00317885656841,-0.000644123530947,0.0142026944086,-0.00804468803108,0.00224265805446,0.00128547882196,0.00232964684255,0.00193259050138,-0.000465498829726,0.0036194154527,-0.0056290612556,-0.000416332535679],[-0.0000535328836122,0.00155378784984,0.0012723862892,-0.00804468803108,0.0149227492511,-0.00253234687261,-0.00144951813854,-0.00215482828207,-0.00075437448686,0.000250201264862,0.000550056633074,-0.000742993724998,-0.00120185618289],[-0.000505807227455,-0.000669650093187,-0.00359878013842,0.00224265805446,-0.00253234687261,0.0208612829447,-0.0101690571755,0.00175179797225,-0.00167187966872,0.000206228360184,-0.0017029811861,0.00549641018733,0.0000651958107483],[0.000771462684497,-0.00145666627213,0.00151585787535,0.00128547882196,-0.00144951813854,-0.0101690571755,0.0241873599589,-0.0120825078338,0.00221798056737,0.000133909488795,0.00501706637442,-0.00712921423838,0.00442860554904],[-0.000649186782539,-0.000763807911426,-0.00109159620479,0.00232964684255,-0.00215482828207,0.00175179797225,-0.0120825078338,0.0266489777714,-0.01283127442,0.0000340079022862,-0.000933219620492,0.00194367591757,-0.00243568746373],[0.000436651607743,-0.0013293918455,0.00137477612589,0.00193259050138,-0.00075437448686,-0.00167187966872,0.00221798056737,-0.01283127442,0.0321928225458,-0.0153157059103,0.000463757256512,0.00283526838757,0.0013242547866],[-0.000110090695671,0.00107811554335,-0.00123855425045,-0.000465498829726,0.000250201264862,0.000206228360184,0.000133909488795,0.0000340079022862,-0.0153157059103,0.0317209213972,-0.0119888568297,0.00221886928193,0.000238180713495],[-0.000125453618239,-0.000707762374077,0.00128943833988,0.0036194154527,0.000550056633074,-0.0017029811861,0.00501706637442,-0.000933219620492,0.000463757256512,-0.0119888568297,0.0316762812436,-0.0187519621104,0.00385964661837],[0.0000726222424419,0.000677266274579,0.0000690457600285,-0.0056290612556,-0.000742993724998,0.00549641018733,-0.00712921423838,0.00194367591757,0.00283526838757,0.00221886928193,-0.0187519621104,0.0366202555597,-0.016952553764],[0.000296076847007,0.000518994464073,-0.000410497159464,-0.000416332535679,-0.00120185618289,0.0000651958107483,0.00442860554904,-0.00243568746373,0.0013242547866,0.000238180713495,0.00385964661837,-0.016952553764,0.0319012440741]],"mean":[-595.983581543,96.9789733887,-21.6697826385,37.7480773926,18.1369113922,7.06581068039,-2.07191753387,11.6611652374,1.04468679428,0.106608249247,4.802318573,3.11871576309,-2.70776605606]},"pitch_salience":{"dmean":0.0667592436075,"dmean2":0.11190238595,"dvar":0.00341390934773,"dvar2":0.00946949981153,"max":0.824382305145,"mean":0.589684844017,"median":0.590864479542,"min":0.286553889513,"var":0.00753542268649},"silence_rate_20dB":{"dmean":0,"dmean2":0,"dvar":0,"dvar2":0,"max":1,"mean":1,"median":1,"min":1,"var":0},"silence_rate_30dB":{"dmean":0,"dmean2":0,"dvar":0,"dvar2":0,"max":1,"mean":1,"median":1,"min":1,"var":0},"silence_rate_60dB":{"dmean":0.000807645730674,"dmean2":0.00161550892517,"dvar":0.000806919648312,"dvar2":0.00161298632156,"max":1,"mean":0.0172274559736,"median":0,"min":0,"var":0.0169314350933},"spectral_centroid":{"dmean":217.961074829,"dmean2":353.134307861,"dvar":48140,"dvar2":117836.34375,"max":11573.1455078,"mean":2164.19628906,"median":2151.65087891,"min":628.015136719,"var":566783.1875},"spectral_complexity":{"dmean":3.92246603966,"dmean2":6.27759838104,"dvar":11.6228408813,"dvar2":26.8095779419,"max":57,"mean":34.9489898682,"median":35,"min":0,"var":57.8964309692},"spectral_contrast_coeffs":{"dmean":[0.054118450731,0.0476917214692,0.0347734279931,0.0276452340186,0.021344397217,0.015165194869],"dmean2":[0.0898117721081,0.0778806507587,0.0577814877033,0.0466644875705,0.0358116962016,0.0245175659657],"dvar":[0.00203891145065,0.00148589909077,0.000842754147016,0.000481493916595,0.000281325221295,0.000160535550094],"dvar2":[0.00559257436544,0.00401440542191,0.00220150221139,0.00132516946178,0.000780344009399,0.000409137748647],"max":[-0.345623314381,-0.390761494637,-0.524643421173,-0.606747984886,-0.563834249973,-0.643868267536],"mean":[-0.66760802269,-0.755091607571,-0.806163012981,-0.791986167431,-0.763216078281,-0.737463116646],"median":[-0.670305967331,-0.761667788029,-0.817947745323,-0.793952286243,-0.762753069401,-0.736184120178],"min":[-0.975084006786,-0.981895267963,-0.974057018757,-0.969334363937,-0.968474268913,-0.964234769344],"var":[0.00476817088202,0.00509258639067,0.00328973145224,0.00152107444592,0.00141787913162,0.000932162336539]},"spectral_contrast_valleys":{"dmean":[0.40257319808,0.356580913067,0.271054208279,0.222623258829,0.17633202672,0.185823649168],"dmean2":[0.666499257088,0.587047278881,0.449819326401,0.363247603178,0.287908673286,0.263103276491],"dvar":[0.143580302596,0.128139913082,0.0817490145564,0.0688933879137,0.0634180977941,0.057257886976],"dvar2":[0.346508443356,0.301489621401,0.181108772755,0.142365798354,0.124753974378,0.106699824333],"max":[-5.13600444794,-4.88806915283,-5.82889127731,-5.77515268326,-5.50401210785,-8.40136814117],"mean":[-7.01047468185,-6.77990102768,-7.14903926849,-6.99717378616,-6.73125743866,-9.77875518799],"median":[-6.81678104401,-6.61290073395,-6.96037864685,-6.80447912216,-6.55487155914,-9.56971740723],"min":[-27.948928833,-27.9393787384,-27.8610553741,-27.5522022247,-27.4560470581,-27.3924465179],"var":[3.13439083099,3.07138562202,2.973965168,2.98287773132,3.03792095184,2.33998584747]},"spectral_decrease":{"dmean":2.88263080073e-9,"dmean2":4.89743268162e-9,"dvar":1.55919376476e-17,"dvar2":4.09567958568e-17,"max":1.30343158999e-28,"mean":-6.85953427393e-9,"median":-5.7798867914e-9,"min":-3.32571019612e-8,"var":1.73758684439e-17},"spectral_energy":{"dmean":0.0113199818879,"dmean2":0.0191638823599,"dvar":0.000233935119468,"dvar2":0.000612567819189,"max":0.129873111844,"mean":0.0285785030574,"median":0.0244952626526,"min":1.03288589061e-20,"var":0.000269815849606},"spectral_energyband_high":{"dmean":0.000290671247058,"dmean2":0.000436597998487,"dvar":1.30509363316e-7,"dvar2":2.92690913284e-7,"max":0.00497827213258,"mean":0.000972245936282,"median":0.000830453936942,"min":7.33013369956e-21,"var":3.31004372356e-7},"spectral_energyband_low":{"dmean":0.00723175983876,"dmean2":0.0125471903011,"dvar":0.000166278405231,"dvar2":0.000453118700534,"max":0.109341584146,"mean":0.0110337603837,"median":0.00728643033653,"min":2.02063707424e-23,"var":0.000152999476995},"spectral_energyband_middle_high":{"dmean":0.00220947037451,"dmean2":0.00355755421333,"dvar":0.00000696633878761,"dvar2":0.0000175221193786,"max":0.0641924962401,"mean":0.00922828260809,"median":0.00841105170548,"min":1.27045682754e-21,"var":0.0000216332173295},"spectral_energyband_middle_low":{"dmean":0.00473132822663,"dmean2":0.00790280476213,"dvar":0.0000613151642028,"dvar2":0.000161129035405,"max":0.0780210122466,"mean":0.00870567653328,"median":0.00645787315443,"min":2.07659290306e-22,"var":0.0000624293097644},"spectral_entropy":{"dmean":0.0773564502597,"dmean2":0.121516697109,"dvar":0.00497076520696,"dvar2":0.0115251680836,"max":9.82689857483,"mean":7.87002325058,"median":7.87860107422,"min":5.57689666748,"var":0.0664051175117},"spectral_flux":{"dmean":0.0269645266235,"dmean2":0.042876187712,"dvar":0.000999520882033,"dvar2":0.00193739170209,"max":0.308670222759,"mean":0.0962984859943,"median":0.0849140584469,"min":6.47881470695e-11,"var":0.00177869934123},"spectral_kurtosis":{"dmean":1.09122240543,"dmean2":1.87485909462,"dvar":1.30094349384,"dvar2":3.69364094734,"max":29.5976142883,"mean":4.64568948746,"median":4.35962295532,"min":-1.30964243412,"var":3.29777884483},"spectral_rms":{"dmean":0.000939586840104,"dmean2":0.00155044812709,"dvar":0.00000119685773825,"dvar2":0.00000304681975649,"max":0.0112563529983,"mean":0.00507606985047,"median":0.00488853920251,"min":3.17441884411e-12,"var":0.00000211504720937},"spectral_rolloff":{"dmean":425.61416626,"dmean2":725.74017334,"dvar":328265.6875,"dvar2":839050.25,"max":19789.0136719,"mean":2607.94335938,"median":2562.45117188,"min":107.666015625,"var":3255792},"spectral_skewness":{"dmean":0.152545928955,"dmean2":0.254977822304,"dvar":0.0200252830982,"dvar2":0.0551043078303,"max":3.19328045845,"mean":1.39780211449,"median":1.3969168663,"min":-0.0573401898146,"var":0.0577011071146},"spectral_spread":{"dmean":332894.0625,"dmean2":505814.53125,"dvar":277710897152,"dvar2":555315822592,"max":43623816,"mean":4073342.25,"median":3844967.5,"min":1774471.375,"var":8626327519230},"spectral_strongpeak":{"dmean":0.611592054367,"dmean2":1.09596920013,"dvar":1.41270363331,"dvar2":3.76723337173,"max":13.194934845,"mean":0.746437609196,"median":0.327350914478,"min":0,"var":1.45065784454},"zerocrossingrate":{"dmean":0.0084928991273,"dmean2":0.0106305032969,"dvar":0.0000797801185399,"dvar2":0.000142165023135,"max":0.51806640625,"mean":0.0837205201387,"median":0.07958984375,"min":0.0185546875,"var":0.00169635249767}},"metadata":{"audio_properties":{"analysis_sample_rate":44100,"bit_rate":0,"codec":"flac","downmix":"mix","equal_loudness":0,"length":172.493331909,"lossless":true,"md5_encoded":"65f105c03ad145b783ccbf0c20e58896","replay_gain":-13.5945167542,"sample_rate":44100},"tags":{"album":["Acid Eaters"],"albumartist":["Ramones"],"albumartistsort":["Ramones"],"artist":["Ramones"],"artistsort":["Ramones"],"asin":["B000024BKD"],"barcode":["724382767626"],"catalognumber":["CDCHR 6052"],"date":["1993"],"discnumber":["1"],"disctotal":["1"],"file_name":"01-01 Journey to the Center of the Mind.flac","genre":["Alternative"],"label":["Chrysalis"],"labelno":["7243 8 27676 2 6"],"media":["CD"],"musicbrainz_albumartistid":["d6ed7887-a401-47a8-893c-34b967444d26"],"musicbrainz_albumid":["11b86eb5-6a94-425b-820c-1942e4aa67d9"],"musicbrainz_artistid":["d6ed7887-a401-47a8-893c-34b967444d26"],"musicbrainz_recordingid":["c97f1240-b95f-4b87-94bd-550eb1f4e6e5"],"musicbrainz_releasegroupid":["3ac42917-32a6-305a-9dd6-835a4424ce14"],"originaldate":["1993-12-01"],"publisher":["Chrysalis Records"],"release date":["1993-12-01"],"releasecountry":["XE"],"releasestatus":["official"],"releasetype":["album"],"script":["Latn"],"title":["Journey to the Center of the Mind"],"totaldiscs":["1"],"totaltracks":["12"],"tracknumber":["1"],"tracktotal":["12"]},"version":{"essentia":"2.1-beta1","essentia_build_sha":"ca57ba49d9b1854bd80e60cf9ccf267278fb7d6b","essentia_git_sha":"v2.1_beta1-28-g21ef5f4-dirty","extractor":"music 1.0"}},"rhythm":{"beats_count":499,"beats_loudness":{"dmean":0.0115500157699,"dmean2":0.0204576980323,"dvar":0.000120793301903,"dvar2":0.000346584711224,"max":0.0955651625991,"mean":0.035765517503,"median":0.0339686013758,"min":0,"var":0.000145644095028},"beats_loudness_band_ratio":{"dmean":[0.225388884544,0.145646467805,0.0788552686572,0.059297580272,0.0843058824539,0.0480760037899],"dmean2":[0.431720077991,0.279676020145,0.13805142045,0.106852583587,0.145372062922,0.0920671150088],"dvar":[0.0232357382774,0.0092585850507,0.00924369785935