{"lowlevel":{"average_loudness":0.910070002079,"barkbands":{"dmean":[0.0000206785007322,0.00130524183623,0.00124049850274,0.00124922557734,0.00121781928465,0.000538970925845,0.000885990797542,0.000991895911284,0.00075992528582,0.000328546593664,0.000243549104198,0.000302919652313,0.000294924655464,0.000168140584719,0.000169971448486,0.000102816105937,0.000144911202369,0.0000932020848268,0.000135758702527,0.000125483464217,0.000285075831925,0.000400342600187,0.000183790936717,0.0000648639252177,0.0000425763864769,0.00000823065147415,8.94410874253e-8],"dmean2":[0.0000347008935933,0.00199398747645,0.00182514474727,0.0019942773506,0.00181094475556,0.000810946861748,0.00128190626856,0.0014188796049,0.00105651048943,0.000445919518825,0.000362326391041,0.000453300424851,0.000439887284301,0.000254207930993,0.000250309502007,0.000155188667122,0.000220066780457,0.000138053161209,0.000204101292184,0.000189735786989,0.000449117505923,0.000666111242026,0.000307126407279,0.000106166211481,0.0000687279534759,0.0000140553847814,1.51203039422e-7],"dvar":[2.217233952e-9,0.00000513847226102,0.00000557325392947,0.00000851306776894,0.0000104441824078,0.00000268985240837,0.0000104039354483,0.0000165223627846,0.0000073453047662,0.00000169547115547,0.00000116745809464,6.82140807839e-7,6.69516850849e-7,2.83648347477e-7,1.60996222576e-7,7.90766989667e-8,1.23393036233e-7,3.99121447003e-8,1.48002541778e-7,7.45752757325e-8,9.1483872211e-7,0.00000253611256085,4.69469455311e-7,5.05893709146e-8,4.19326617873e-8,1.47253242933e-9,1.07254991292e-13],"dvar2":[5.43077494086e-9,0.0000126184013425,0.0000133544135679,0.000020347395548,0.0000240226308961,0.00000569154735786,0.0000207236571441,0.0000344636355294,0.0000147981863847,0.00000301656814372,0.00000300451847579,0.00000152069401338,0.00000148924436871,6.47820741051e-7,3.27317508209e-7,1.47775480741e-7,2.74261196864e-7,8.08107785133e-8,3.84284390975e-7,1.73698751382e-7,0.00000233232663049,0.00000694111486155,0.0000012811195802,1.26622040852e-7,9.1231598276e-8,4.02055633231e-9,2.90073032868e-13],"max":[0.00112671346869,0.062032263726,0.0371553711593,0.0467961467803,0.105057112873,0.0467149242759,0.106110289693,0.11755476892,0.0824234932661,0.0474464260042,0.0367931425571,0.0280185248703,0.0171802155674,0.0130528891459,0.00790868327022,0.00954837910831,0.00885133352131,0.00411243410781,0.0123504027724,0.00383273465559,0.0143694477156,0.0245248675346,0.00997589062899,0.0043006055057,0.00859277136624,0.000932377064601,0.00000520406047144],"mean":[0.000028988091799,0.00327815813944,0.00317251658998,0.00218847021461,0.00254678772762,0.00100259389728,0.0014406174887,0.0016576515045,0.00145013502333,0.000619712693151,0.000380519719329,0.00052492856048,0.000544967071619,0.000261676847003,0.000291308329906,0.000178857939318,0.00021931930678,0.000168973696418,0.000202961367904,0.000196274311747,0.000308326416416,0.000362598279025,0.000167322330526,0.0000703126788721,0.0000487389152113,0.00000742108477425,1.40797880022e-7],"median":[0.00000667389713271,0.00141234323382,0.00114878779277,0.000533477752469,0.000973319401965,0.000313461117912,0.000219905472477,0.000231817917665,0.000291183125228,0.0000742649135645,0.0000549047108507,0.00017080840189,0.00014235136041,0.0000712833498255,0.000110511798994,0.0000684274345986,0.000071042937634,0.0000599124832661,0.000075716561696,0.0000833991143736,0.0000562302557228,0.000044150147005,0.0000211175665754,0.00000674183638694,0.00000377175138055,7.00135842635e-7,7.56690710091e-8],"min":[2.04375306534e-23,9.24361018556e-24,7.38773538885e-23,2.23466292643e-23,4.72297177071e-23,8.01180388206e-23,3.96895958484e-23,4.74490052615e-23,5.85786209438e-23,9.23138789024e-23,5.76654418708e-23,6.85969335591e-23,5.81846701187e-23,1.40648270089e-22,1.34502324197e-22,2.27012156148e-22,7.9592026369e-23,2.27985799832e-22,2.67067584663e-22,3.2077785466e-22,4.43543847097e-22,3.58877867386e-22,6.04025822149e-22,9.95856593112e-22,1.35875835793e-21,1.8124474359e-21,2.13799490768e-21],"var":[4.0955363545e-9,0.0000227436703426,0.0000204194511753,0.0000189151869563,0.000029132279451,0.00000714241923561,0.0000238251614064,0.0000333702555508,0.0000156484547915,0.0000060081670199,0.0000021976629796,0.00000136817470775,0.00000158613738677,6.18404726538e-7,3.31049022861e-7,1.79507850362e-7,1.97606453867e-7,9.9295995426e-8,1.86450151318e-7,1.07447483799e-7,8.04655144293e-7,0.00000180094377811,3.41265717907e-7,7.93202019622e-8,8.82229826971e-8,1.24724330863e-9,1.09419865204e-13]},"barkbands_crest":{"dmean":2.32584309578,"dmean2":3.71553874016,"dvar":5.17284870148,"dvar2":13.0172805786,"max":25.0129623413,"mean":10.4880371094,"median":10.016907692,"min":2.54985594749,"var":15.6960535049},"barkbands_flatness_db":{"dmean":0.0222717709839,"dmean2":0.0324150025845,"dvar":0.000566004309803,"dvar2":0.00108820630703,"max":0.354212909937,"mean":0.157277643681,"median":0.150163337588,"min":0.0364759378135,"var":0.00281275482848},"barkbands_kurtosis":{"dmean":3.74911236763,"dmean2":5.61172199249,"dvar":50.1613349915,"dvar2":104.341384888,"max":164.143081665,"mean":7.2198677063,"median":2.25014638901,"min":-1.9889870882,"var":179.150512695},"barkbands_skewness":{"dmean":0.590618789196,"dmean2":0.870627701283,"dvar":0.49374088645,"dvar2":1.01936662197,"max":10.6649904251,"mean":1.91092717648,"median":1.5532438755,"min":-2.61634469032,"var":2.55434393883},"barkbands_spread":{"dmean":6.79582738876,"dmean2":10.1261644363,"dvar":108.594497681,"dvar2":217.694015503,"max":166.189941406,"mean":24.7985496521,"median":16.7427845001,"min":1.08703327179,"var":828.654785156},"dissonance":{"dmean":0.0166598819196,"dmean2":0.0273123700172,"dvar":0.000292980548693,"dvar2":0.000753828324378,"max":0.500000059605,"mean":0.460002720356,"median":0.466118454933,"min":0.296148508787,"var":0.00085473258514},"dynamic_complexity":4.34917926788,"erbbands":{"dmean":[0.021782297641,0.35106998682,1.17045688629,3.41346168518,2.52321004868,5.23337554932,5.46094417572,4.14076709747,8.20045185089,20.1693096161,21.0076465607,14.7116413116,13.4535884857,9.89922237396,7.989757061,11.0861330032,12.8531961441,8.26049137115,8.89748573303,6.34266281128,6.35656261444,8.55840778351,5.5160908699,4.65113210678,7.41044569016,5.81942224503,10.3599615097,10.4451541901,12.199259758,12.7215681076,4.43733596802,1.85720694065,0.993456602097,0.56233561039,0.255401343107,0.0648827031255,0.0097985798493,0.000603603664786,0.0000282078035525,0.00000999268104351],"dmean2":[0.0339208506048,0.536600232124,1.70141386986,5.37091732025,3.93122577667,7.63158273697,8.15689373016,6.15077972412,11.9823665619,28.913892746,29.4360561371,20.8847484589,18.2224369049,14.1371736526,11.5482025146,16.5096073151,19.0584506989,12.4195251465,13.1432542801,9.08173847198,9.54807662964,12.7461099625,7.98731136322,7.10556554794,11.1982107162,8.75149440765,16.1641426086,16.4154071808,20.1515598297,21.5190734863,7.36003637314,3.06397557259,1.61988008022,0.910525977612,0.406574428082,0.108663663268,0.0168972425163,0.00101303425618,0.0000460066330561,0.0000145852927744],"dvar":[0.00180606613867,0.370997458696,4.93793582916,58.0486793518,30.2353668213,272.351104736,372.027618408,177.346710205,1323.17932129,6771.61376953,7532.33203125,3614.35522461,2758.94970703,1317.27600098,990.771972656,889.791259766,1217.31811523,614.239685059,614.920959473,262.262695313,317.881652832,434.700683594,140.204193115,112.543586731,472.222595215,169.107955933,1293.33898926,1157.70629883,2159.09570313,2990.31616211,272.360900879,38.0852203369,15.3539171219,6.78690433502,1.77554607391,0.0828531458974,0.00254662195221,0.00000732157923267,9.91561410757e-9,2.96921265353e-10],"dvar2":[0.00444166827947,0.898601412773,11.1153841019,138.94203186,73.7600326538,609.839355469,867.064453125,349.720123291,2858.21386719,14017.8408203,15187.9033203,7271.84130859,5280.66210938,2650.78100586,2486.55419922,2017.31970215,2675.97753906,1495.69384766,1168.81530762,513.79473877,581.778381348,934.410705566,279.59753418,265.964935303,1251.65698242,402.521697998,3343.81884766,2938.40234375,5857.32470703,8257.97460938,746.109313965,100.165519714,38.0274391174,14.7904634476,4.09909534454,0.213733479381,0.00715293455869,0.0000203272320505,2.65509818576e-8,6.98005875321e-10],"max":[0.693763494492,18.2263793945,58.071056366,135.166793823,138.623718262,596.739624023,711.477539063,489.170562744,969.789978027,2394.96728516,2969.92260742,2222.50952148,1617.18237305,839.816894531,1056.67504883,850.719116211,772.33996582,551.181091309,783.393249512,382.152587891,650.458129883,616.187561035,237.069900513,225.583221436,726.245544434,221.548614502,622.774108887,415.20324707,657.223693848,797.713317871,280.013092041,81.4620895386,80.3666534424,97.2860946655,72.0890426636,9.18943786621,1.45433843136,0.0780797898769,0.00223542773165,0.000290727213724],"mean":[0.0599754862487,0.867034256458,3.16345620155,6.90395689011,4.96731615067,10.5044193268,10.5963010788,8.08974456787,13.5839090347,33.7852287292,37.1877861023,26.7775936127,28.5241546631,17.9912548065,14.0206279755,20.3257408142,24.7361354828,14.9873323441,15.2882556915,12.0974340439,11.4492273331,13.6175718307,10.4189577103,7.9893655777,11.3935346603,9.02950954437,11.8391885757,11.008146286,11.3092222214,10.9998979568,4.14869070053,1.82886457443,1.10496544838,0.659071207047,0.27388972044,0.061210244894,0.0086719756946,0.000653820636217,0.0000459556795249,0.0000280805361399],"median":[0.017908314243,0.388342440128,1.35457873344,2.2394118309,2.36437916756,2.99898743629,2.94422507286,2.56199073792,3.07051682472,5.80192232132,6.61316919327,5.25141048431,5.50141572952,3.62080168724,3.63521051407,6.95906639099,6.7644906044,4.97387933731,6.08344697952,4.83175373077,4.56890058517,4.33361530304,3.70781064034,3.69551634789,4.56026124954,3.91183757782,2.44990086555,2.02662849426,1.59826922417,1.20668148994,0.533079624176,0.212915077806,0.089882440865,0.0509713031352,0.0210269149393,0.00512489769608,0.00100111030042,0.000160067982506,0.0000239318833337,0.0000207132816286],"min":[6.67856155196e-22,2.1713680911e-21,5.57086173897e-20,9.63884874981e-20,1.53457487416e-19,9.87477552391e-20,2.35510495458e-19,9.3500401899e-19,2.93567821112e-19,1.38468835129e-18,9.9628186896e-19,9.09862588054e-19,2.92133205586e-18,2.66212012167e-18,2.68537671818e-18,2.54945357274e-18,2.67367004456e-18,5.24968521396e-18,8.27189132513e-18,1.09541700451e-17,8.11455330082e-18,6.72770518095e-18,1.1789829259e-17,9.22776221585e-18,1.76921657665e-17,1.4525779593e-17,1.20628393929e-17,2.04603323038e-17,1.3220299162e-17,1.24736859411e-17,1.710333063e-17,2.41389020952e-17,1.52370655843e-17,1.21279037656e-17,1.09220332511e-17,6.81318313031e-18,3.26680920857e-18,1.0930076135e-18,3.05832143711e-19,3.67687113717e-20],"var":[0.00785053148866,1.67799019814,22.3027076721,147.764602661,68.2152709961,794.660583496,823.520080566,491.038696289,2273.16381836,14806.7119141,15080.4941406,6529.74365234,8523.57128906,2983.3996582,1864.77319336,1914.12036133,3128.15893555,1361.65759277,1229.3347168,607.955810547,741.278930664,790.58416748,369.891052246,169.688659668,569.239685059,230.290283203,1125.37280273,1033.10583496,1579.1340332,2038.60949707,200.066986084,39.2249259949,26.3990936279,14.0139417648,3.48699569702,0.096679225564,0.00177779747173,0.00000566105427424,1.05624984315e-8,6.87295997892e-10]},"erbbands_crest":{"dmean":2.36903643608,"dmean2":3.75004792213,"dvar":5.53273582458,"dvar2":13.4017419815,"max":28.3262329102,"mean":8.61680698395,"median":7.67075586319,"min":2.46089291573,"var":17.0775356293},"erbbands_flatness_db":{"dmean":0.0155115863308,"dmean2":0.0228317119181,"dvar":0.00025165930856,"dvar2":0.000554011494387,"max":0.311670362949,"mean":0.160637199879,"median":0.158105134964,"min":0.0243631768972,"var":0.00178732082713},"erbbands_kurtosis":{"dmean":0.887480318546,"dmean2":1.39700758457,"dvar":2.07453799248,"dvar2":5.20422077179,"max":20.0491943359,"mean":0.187236726284,"median":-0.3461112082,"min":-1.74342346191,"var":3.41363763809},"erbbands_skewness":{"dmean":0.384755820036,"dmean2":0.567654013634,"dvar":0.203312426805,"dvar2":0.440742403269,"max":4.11289787292,"mean":0.263596355915,"median":0.278294324875,"min":-3.63433980942,"var":0.686585128307},"erbbands_spread":{"dmean":9.22416877747,"dmean2":14.0048723221,"dvar":117.940948486,"dvar2":285.007141113,"max":148.162002563,"mean":44.4153785706,"median":42.3553848267,"min":4.97138643265,"var":427.368347168},"gfcc":{"cov":[[35397.6523438,4397.1015625,-3332.51782227,1405.39941406,-2193.01025391,332.942657471,-1152.00634766,29.3238067627,-651.00994873,-102.443763733,-658.72088623,-261.661590576,-294.155426025],[4397.1015625,1887.06506348,-392.818878174,-28.8054332733,90.5807418823,-133.784622192,18.1439399719,-79.2268447876,-22.7377586365,-64.8829193115,-27.7886924744,-93.9214935303,-95.3492507935],[-3332.51782227,-392.818878174,1139.65356445,428.451293945,526.800109863,227.095703125,143.570800781,33.8285369873,87.0598449707,9.70035362244,-2.54966878891,-1.31604087353,-121.061164856],[1405.39941406,-28.8054332733,428.451293945,762.440429688,184.066482544,236.745269775,-17.1569690704,0.512739241123,32.3215332031,-11.2117033005,-93.7180175781,-2.75227618217,-133.009094238],[-2193.01025391,90.5807418823,526.800109863,184.066482544,578.942565918,88.7962417603,156.141983032,-12.6909809113,85.3051147461,-18.1558837891,-5.64291667938,-14.1296005249,-86.4669265747],[332.942657471,-133.784622192,227.095703125,236.745269775,88.7962417603,279.186981201,66.4585571289,35.0061340332,-8.55610084534,1.55354034901,-36.4671897888,-13.9702425003,-75.9872131348],[-1152.00634766,18.1439399719,143.570800781,-17.1569690704,156.141983032,66.4585571289,209.323059082,22.0955581665,42.8163337708,-7.2129907608,20.4648132324,2.98037552834,-35.7280197144],[29.3238067627,-79.2268447876,33.8285369873,0.512739241123,-12.6909809113,35.0061340332,22.0955581665,107.578910828,18.4643211365,10.7146291733,-5.08227872849,-0.565547347069,2.29685854912],[-651.00994873,-22.7377586365,87.0598449707,32.3215332031,85.3051147461,-8.55610084534,42.8163337708,18.4643211365,110.414741516,15.0864343643,5.52858352661,9.65842342377,-10.6014957428],[-102.443763733,-64.8829193115,9.70035362244,-11.2117033005,-18.1558837891,1.55354034901,-7.2129907608,10.7146291733,15.0864343643,93.6206283569,24.4916095734,13.3554582596,1.0869756937],[-658.72088623,-27.7886924744,-2.54966878891,-93.7180175781,-5.64291667938,-36.4671897888,20.4648132324,-5.08227872849,5.52858352661,24.4916095734,95.7104568481,11.8019180298,19.2271461487],[-261.661590576,-93.9214935303,-1.31604087353,-2.75227618217,-14.1296005249,-13.9702425003,2.98037552834,-0.565547347069,9.65842342377,13.3554582596,11.8019180298,83.6391220093,18.7323169708],[-294.155426025,-95.3492507935,-121.061164856,-133.009094238,-86.4669265747,-75.9872131348,-35.7280197144,2.29685854912,-10.6014957428,1.0869756937,19.2271461487,18.7323169708,113.209259033]],"icov":[[0.000405412574764,-0.000916669028811,0.000873980345204,-0.00104428373743,0.000990772619843,-0.000962964666542,0.00110149011016,-0.000909771304578,0.000751033832785,-0.000364718493074,0.000911147275474,-0.0000661640951876,0.000395509647205],[-0.000916669028811,0.0028741271235,-0.00141937809531,0.0021611393895,-0.00271876133047,0.00274091004394,-0.00269135669805,0.00219256803393,-0.00144254253246,0.00102974183392,-0.00210219225846,0.000815011560917,0.00000671615998726],[0.000873980345204,-0.00141937809531,0.00424032611772,-0.00303671718575,0.000256923754932,-0.00233312929049,0.00234382343479,-0.00248429179192,0.00172512419522,-0.000865795242134,0.00105381873436,0.000130204498419,0.00143168424256],[-0.00104428373743,0.0021611393895,-0.00303671718575,0.0054795066826,-0.0024619998876,0.000690728076734,-0.00127763161436,0.00288822990842,-0.00297159468755,0.0012150433613,-0.00085627369117,-0.00076285545947,0.000400413642637],[0.000990772619843,-0.00271876133047,0.000256923754932,-0.0024619998876,0.00664156815037,-0.00212788023055,0.000987427309155,-0.000973947579041,0.000309431983624,-0.000411839981098,0.00278371409513,0.0000647053675493,0.00119193131104],[-0.000962964666542,0.00274091004394,-0.00233312929049,0.000690728076734,-0.00212788023055,0.00951947271824,-0.00524987652898,0.000505934818648,0.000915909418836,0.0000751293846406,-0.00104601518251,0.0012150881812,0.00128187553491],[0.00110149011016,-0.00269135669805,0.00234382343479,-0.00127763161436,0.000987427309155,-0.00524987652898,0.0110951438546,-0.00352128571831,-0.000153634260641,0.000507289136294,0.000660770980176,-0.00142908911221,0.00250895391218],[-0.000909771304578,0.00219256803393,-0.00248429179192,0.00288822990842,-0.000973947579041,0.000505934818648,-0.00352128571831,0.0130832791328,-0.00404050434008,-0.0000910508315428,-0.000733256689273,0.000827429292258,-0.00195135280956],[0.000751033832785,-0.00144254253246,0.00172512419522,-0.00297159468755,0.000309431983624,0.000915909418836,-0.000153634260641,-0.00404050434008,0.0137319974601,-0.00281924265437,0.00187797751278,-0.000804841634817,0.00110175425652],[-0.000364718493074,0.00102974183392,-0.000865795242134,0.0012150433613,-0.000411839981098,0.0000751293846406,0.000507289136294,-0.0000910508315428,-0.00281924265437,0.0129688410088,-0.00431932648644,-0.00136935571209,0.000890786293894],[0.000911147275474,-0.00210219225846,0.00105381873436,-0.00085627369117,0.00278371409513,-0.00104601518251,0.000660770980176,-0.000733256689273,0.00187797751278,-0.00431932648644,0.016002099961,-0.00104840705171,0.0000383110964322],[-0.0000661640951876,0.000815011560917,0.000130204498419,-0.00076285545947,0.0000647053675493,0.0012150881812,-0.00142908911221,0.000827429292258,-0.000804841634817,-0.00136935571209,-0.00104840705171,0.0138229029253,-0.00201670732349],[0.000395509647205,0.00000671615998726,0.00143168424256,0.000400413642637,0.00119193131104,0.00128187553491,0.00250895391218,-0.00195135280956,0.00110175425652,0.000890786293894,0.0000383110964322,-0.00201670732349,0.0148919392377]],"mean":[-67.3542175293,97.4181442261,-122.446281433,42.2386245728,-59.5749397278,11.0576143265,-28.4635562897,0.83641898632,-18.2320556641,2.4221777916,-14.8678913116,-5.21940469742,-13.0589323044]},"hfc":{"dmean":8.71271324158,"dmean2":13.0051145554,"dvar":457.714813232,"dvar2":1162.94213867,"max":273.331085205,"mean":16.5910835266,"median":8.46174430847,"min":1.20784515998e-16,"var":565.823486328},"melbands":{"dmean":[0.000282916298602,0.000547044910491,0.000525710114744,0.000245745293796,0.000209900535992,0.0000973381684162,0.00013794687402,0.000225676732953,0.000163910342962,0.0000941411708482,0.0000684994956828,0.0000421666009061,0.0000304036984744,0.0000293461507681,0.0000336089906341,0.0000300583324133,0.0000139472303999,0.0000150916548591,0.0000132004433908,0.00000596361860516,0.00000795457162894,0.00000962640569924,0.00000679539743942,0.00000380895789931,0.00000378295840164,0.00000632933142697,0.00000500556370753,0.00000376185903406,0.00000522595564689,0.00000868994629855,0.00000523241396877,0.00000587448903389,0.0000100516290331,0.00000570170095671,0.00000249807612818,0.00000183477061455,8.82500103216e-7,7.1411807312e-7,6.29849409961e-7,4.47974088047e-7],"dmean2":[0.000434182002209,0.000808825017884,0.000823108188342,0.000368603767129,0.000312449905323,0.000144248755532,0.000201448361622,0.000322524691001,0.000230269579333,0.000133041554363,0.0000925625936361,0.0000598710066697,0.0000444306278951,0.0000429952742707,0.0000512885562785,0.000044754047849,0.0000216223306779,0.0000227663222176,0.0000189314378076,0.00000886042653292,0.000012217821677,0.0000147022101373,0.00000982899655355,0.00000574962314204,0.00000588894909015,0.00000970466044237,0.00000766676657804,0.00000577999480811,0.00000811862355476,0.000014067556549,0.00000833767808217,0.00000963444381341,0.0000170896801137,0.00000962435478868,0.0000041357147893,0.00000306810488837,0.00000144654825363,0.00000117648596643,0.00000102501337551,7.29566011159e-7],"dvar":[2.50390485235e-7,9.75754346655e-7,0.00000127784176129,3.95845717094e-7,4.51830487691e-7,8.75219470231e-8,2.8863516377e-7,7.73416218181e-7,4.23682877226e-7,1.36552856134e-7,6.96798352351e-8,2.52501095588e-8,1.97910718924e-8,8.99388652442e-9,1.22941701264e-8,7.55525420004e-9,2.2331143601e-9,2.41376230115e-9,1.15656406674e-9,2.36688557642e-10,5.76629022309e-10,5.62088708911e-10,2.50524961887e-10,5.74620004357e-11,7.79235148629e-11,4.08454603473e-10,1.33296748639e-10,7.38578920245e-11,2.88340185062e-10,1.02087505116e-9,3.22111143314e-10,5.26558463498e-10,1.92001681221e-9,6.02913274861e-10,8.81155426402e-11,4.94505096593e-11,9.41779813857e-12,9.13622216075e-12,1.23250082015e-11,4.74193514316e-12],"dvar2":[6.31754232927e-7,0.0000021476753318,0.00000304518653138,9.20136017157e-7,0.00000103761215087,1.74521375129e-7,6.16847557922e-7,0.00000163630022598,8.63810498686e-7,2.75517237469e-7,1.33267434421e-7,4.81106852135e-8,5.18682341522e-8,1.82328765419e-8,2.8562745058e-8,1.75419092585e-8,5.64438940032e-9,4.51371873211e-9,2.29842189725e-9,5.14147058261e-10,1.07280961892e-9,1.26269283918e-9,4.84047135707e-10,1.2825575324e-10,1.86208215514e-10,1.10322051494e-9,3.15914433502e-10,1.8065346441e-10,7.32864824382e-10,2.64712118891e-9,8.28673296649e-10,1.42165612615e-9,5.34241229033e-9,1.6590495644e-9,2.41477365881e-10,1.36416988816e-10,2.37717970308e-11,2.36040128415e-11,2.97587059161e-11,1.14922498601e-11],"max":[0.00951896980405,0.0299907345325,0.0186800695956,0.0219109263271,0.0215401984751,0.00984003022313,0.0130172632635,0.0260210707784,0.0210856981575,0.0120875164866,0.00780400075018,0.00398375792429,0.00523963058367,0.00417609233409,0.00275134341791,0.00183014315553,0.00126299844123,0.00154788815416,0.00077196379425,0.000310485425871,0.000941796286497,0.000608675705735,0.000328887545038,0.000165709308931,0.000147827013279,0.000641562277451,0.000276378705166,0.000176986053702,0.000326597684762,0.000519986264408,0.000261719134869,0.000376068201149,0.000767203571741,0.00037152870209,0.000190896855202,0.000120664524729,0.0000680774173816,0.0000652666058159,0.00016414282436,0.0000979093892965],"mean":[0.000737421330996,0.00155138480477,0.00110784335993,0.000499621557537,0.000427088263677,0.000184526259545,0.000229956320254,0.000384050945286,0.000286983966362,0.000173785199877,0.000143480938277,0.0000757066372898,0.0000495444910484,0.0000523645721842,0.0000589517476328,0.0000544608192286,0.0000229815796047,0.000023721726393,0.000023435901312,0.0000104235114122,0.0000133586954689,0.0000140814036058,0.0000118070147437,0.00000692075582265,0.00000602536783845,0.00000918966725294,0.00000743034843254,0.00000549673495698,0.00000626788232694,0.00000897242898645,0.00000539096527064,0.00000548313209947,0.00000875595105754,0.00000485236296299,0.00000238221127802,0.00000163818344845,9.0781122708e-7,7.80372715781e-7,6.85924021582e-7,5.13175109518e-7],"median":[0.000291861884762,0.000764524680562,0.000442853604909,0.000199761299882,0.000117500909255,0.0000574617806706,0.0000488455552841,0.0000626535329502,0.0000463183059765,0.0000347240420524,0.0000248254400503,0.0000129541667775,0.00000949241257331,0.0000159835271916,0.00000953497601586,0.0000128888805193,0.00000657649479763,0.00000727820952307,0.0000080499366959,0.00000413992984249,0.00000484281054014,0.00000399025338993,0.00000345643411492,0.00000275789011539,0.00000266815527539,0.0000032367595395,0.00000292207391794,0.00000219830303649,0.00000137096617436,0.00000135715288252,9.33149237881e-7,8.28835140965e-7,8.03407488092e-7,5.14039754762e-7,2.99135933801e-7,1.78143650942e-7,8.94462317547e-8,6.11367738657e-8,4.21073806933e-8,4.01342603595e-8],"min":[5.75341620056e-24,2.09517417459e-23,1.98210342783e-23,8.52735603805e-24,8.59700220079e-24,1.86360800017e-23,5.20468928805e-24,1.45123821948e-23,8.3441454594e-24,6.71744485307e-24,1.41353761019e-23,1.02897044325e-23,8.39535673165e-24,8.30058219363e-24,6.3819217997e-24,6.17487421107e-24,9.8873411946e-24,1.39210094618e-23,1.02115638155e-23,1.81151557029e-23,7.87637776387e-24,5.06838990085e-24,1.21696719879e-23,8.47710165409e-24,6.61177890697e-24,1.29627556655e-23,1.275001329e-23,8.90400872131e-24,6.07037538468e-24,1.0842089293e-23,1.21087940141e-23,7.20627197933e-24,7.06766280739e-24,6.97937586146e-24,8.67599873184e-24,1.42631621022e-23,1.49297748107e-23,1.11560093905e-23,8.40428663709e-24,1.09860201206e-23],"var":[0.00000104535922674,0.00000500977103002,0.0000032305545119,0.00000112441057354,0.00000111012445814,2.40789404415e-7,5.41275426258e-7,0.00000163814604548,8.30106500871e-7,2.6125744057e-7,2.21471779582e-7,6.19161752979e-8,3.61441578889e-8,1.85178077317e-8,2.79187393204e-8,1.56990864753e-8,4.65991156773e-9,4.67346250588e-9,2.51514697958e-9,4.68681704557e-10,1.24542443025e-9,9.07914854409e-10,6.17991158247e-10,1.27630822577e-10,1.08359800299e-10,4.83073192559e-10,1.84066928366e-10,9.61346557915e-11,2.76583145276e-10,8.48754011518e-10,2.75716754983e-10,3.88063220447e-10,1.29154686945e-9,4.13589551496e-10,6.5421855433e-11,3.56346896435e-11,1.26501448205e-11,1.4009830622e-11,1.72673091103e-11,8.86486977575e-12]},"melbands_crest":{"dmean":2.70581436157,"dmean2":4.29014158249,"dvar":7.54297018051,"dvar2":17.6386356354,"max":37.3985328674,"mean":15.4381532669,"median":14.8087100983,"min":2.01271271706,"var":41.8342552185},"melbands_flatness_db":{"dmean":0.0293473303318,"dmean2":0.0412337593734,"dvar":0.00107672007289,"dvar2":0.00197127531283,"max":0.486417472363,"mean":0.215171843767,"median":0.206111162901,"min":0.00506287999451,"var":0.00553349452093},"melbands_kurtosis":{"dmean":9.55535697937,"dmean2":14.7064037323,"dvar":324.762084961,"dvar2":744.61340332,"max":412.583404541,"mean":23.1839084625,"median":10.183962822,"min":-1.78506076336,"var":1138.29089355},"melbands_skewness":{"dmean":0.780970156193,"dmean2":1.18318581581,"dvar":0.905479967594,"dvar2":2.03858709335,"max":14.5505475998,"mean":3.35467743874,"median":2.74909830093,"min":-0.936749100685,"var":5.12631320953},"melbands_spread":{"dmean":8.95748615265,"dmean2":14.0165567398,"dvar":302.042663574,"dvar2":706.15020752,"max":195.641372681,"mean":22.0392627716,"median":16.9905185699,"min":0.677102744579,"var":475.057312012},"mfcc":{"cov":[[14043.4072266,1110.7310791,-286.332611084,392.058349609,-468.676513672,88.4052505493,-297.559204102,72.1524429321,-38.9751586914,-32.2563514709,-60.3422279358,-108.948860168,-138.043777466],[1110.7310791,1849.49963379,-315.417388916,140.721557617,3.36943244934,1.57979953289,52.4410247803,14.1649332047,-21.2028656006,38.5955734253,46.8401374817,-13.673705101,5.23317718506],[-286.332611084,-315.417388916,597.301147461,239.977081299,254.755325317,224.432952881,96.5551223755,95.7694778442,33.0384750366,32.2830696106,73.4218215942,23.9283084869,26.1158409119],[392.058349609,140.721557617,239.977081299,481.892944336,271.435913086,238.40713501,18.9827461243,104.519187927,33.1041030884,21.5470600128,83.6075668335,-13.3771495819,22.7229938507],[-468.676513672,3.36943244934,254.755325317,271.435913086,396.873321533,210.606704712,68.5171661377,86.3736495972,43.6674308777,22.7187805176,71.556098938,3.27353644371,9.16173553467],[88.4052505493,1.57979953289,224.432952881,238.40713501,210.606704712,339.720672607,92.2695541382,124.211425781,31.9251308441,26.1829395294,93.6079559326,5.87707185745,12.2051277161],[-297.559204102,52.4410247803,96.5551223755,18.9827461243,68.5171661377,92.2695541382,170.326919556,58.5482139587,15.4843139648,27.4193668365,28.8685779572,19.0581436157,4.40068721771],[72.1524429321,14.1649332047,95.7694778442,104.519187927,86.3736495972,124.211425781,58.5482139587,164.486129761,40.2041473389,11.818728447,65.4223327637,-15.8633537292,10.3352956772],[-38.9751586914,-21.2028656006,33.0384750366,33.1041030884,43.6674308777,31.9251308441,15.4843139648,40.2041473389,102.692352295,17.7719345093,11.9462060928,7.31685066223,-4.40983629227],[-32.2563514709,38.5955734253,32.2830696106,21.5470600128,22.7187805176,26.1829395294,27.4193668365,11.818728447,17.7719345093,84.7421646118,21.8052806854,5.68427562714,7.06870317459],[-60.3422279358,46.8401374817,73.4218215942,83.6075668335,71.556098938,93.6079559326,28.8685779572,65.4223327637,11.9462060928,21.8052806854,139.821273804,2.17987012863,1.67462170124],[-108.948860168,-13.673705101,23.9283084869,-13.3771495819,3.27353644371,5.87707185745,19.0581436157,-15.8633537292,7.31685066223,5.68427562714,2.17987012863,85.2443084717,16.3368434906],[-138.043777466,5.23317718506,26.1158409119,22.7229938507,9.16173553467,12.2051277161,4.40068721771,10.3352956772,-4.40983629227,7.06870317459,1.67462170124,16.3368434906,76.1381759644]],"icov":[[0.00009630308341,-0.0000593302029301,-0.0000301368054352,-0.000154274224769,0.000261237903032,-0.000112098045065,0.00019090976275,-0.000110401648271,0.0000224123541557,-0.000021607904273,0.000122051751532,-0.0000152920656546,0.000229449069593],[-0.0000593302029301,0.000767883611843,0.000700457429048,-0.000479691603687,-0.000173276057467,0.000233162732911,-0.000699183961842,0.000132390719955,0.000196544046048,-0.000276405771729,-0.000319990416756,-0.000003668807949,-0.000206663258723],[-0.0000301368054352,0.000700457429048,0.00328116887249,-0.000910550937988,-0.0010106198024,-0.000446302088676,-0.00119986035861,-0.0000188599824469,0.00025605969131,-0.000449018436484,-0.000290880416287,-0.00054220011225,-0.000512179452926],[-0.000154274224769,-0.000479691603687,-0.000910550937988,0.00510384235531,-0.00229843426496,-0.00172361673322,0.00185820169281,-0.000458393828012,-0.000157160568051,-0.0000260674678429,-0.000299163570162,0.000723458710127,-0.00110526697244],[0.000261237903032,-0.000173276057467,-0.0010106198024,-0.00229843426496,0.00585909653455,-0.00135959975887,-0.000324366701534,0.000183940777788,-0.000963537837379,0.000192286315723,0.00000818164880911,0.0000959279932431,0.000930431706365],[-0.000112098045065,0.000233162732911,-0.000446302088676,-0.00172361673322,-0.00135959975887,0.00700976746157,-0.00208957935683,-0.00202034274116,0.000440291216364,-0.0000558067913516,-0.00150229712017,-0.000601139734499,0.000075873642345],[0.00019090976275,-0.000699183961842,-0.00119986035861,0.00185820169281,-0.000324366701534,-0.00208957935683,0.00935142021626,-0.00272469595075,0.000540677225217,-0.00187328748871,0.00100668193772,-0.00182548328303,0.00102931750007],[-0.000110401648271,0.000132390719955,-0.0000188599824469,-0.000458393828012,0.000183940777788,-0.00202034274116,-0.00272469595075,0.0113228280097,-0.00353437336162,0.00142388162203,-0.0032318951562,0.00336141977459,-0.00213085184805],[0.0000224123541557,0.000196544046048,0.00025605969131,-0.000157160568051,-0.000963537837379,0.000440291216364,0.000540677225217,-0.00353437336162,0.0118601042777,-0.00246371910907,0.00102474086452,-0.00203509652056,0.00180986744817],[-0.000021607904273,-0.000276405771729,-0.000449018436484,-0.0000260674678429,0.000192286315723,-0.0000558067913516,-0.00187328748871,0.00142388162203,-0.00246371910907,0.0135672623292,-0.00189999933355,0.000352720380761,-0.00139376427978],[0.000122051751532,-0.000319990416756,-0.000290880416287,-0.000299163570162,0.00000818164880911,-0.00150229712017,0.00100668193772,-0.0032318951562,0.00102474086452,-0.00189999933355,0.010159120895,-0.00105229823384,0.0012907955097],[-0.0000152920656546,-0.000003668807949,-0.00054220011225,0.000723458710127,0.0000959279932431,-0.000601139734499,-0.00182548328303,0.00336141977459,-0.00203509652056,0.000352720380761,-0.00105229823384,0.013883382082,-0.00342977512628],[0.000229449069593,-0.000206663258723,-0.000512179452926,-0.00110526697244,0.000930431706365,0.000075873642345,0.00102931750007,-0.00213085184805,0.00180986744817,-0.00139376427978,0.0012907955097,-0.00342977512628,0.0151171572506]],"mean":[-688.59161377,118.70098877,-2.51560759544,31.5663604736,-6.44368314743,11.9603443146,-3.03517818451,2.62385869026,-1.29714763165,3.38364267349,3.04715180397,-0.5107203722,0.38122984767]},"pitch_salience":{"dmean":0.0652290210128,"dmean2":0.10406665504,"dvar":0.00379713950679,"dvar2":0.00946556031704,"max":0.831549942493,"mean":0.512067377567,"median":0.513252317905,"min":0.116880998015,"var":0.0118698505685},"silence_rate_20dB":{"dmean":0,"dmean2":0,"dvar":0,"dvar2":0,"max":1,"mean":1,"median":1,"min":1,"var":0},"silence_rate_30dB":{"dmean":0.00251994957216,"dmean2":0.00504095759243,"dvar":0.00251371366903,"dvar2":0.00669557927176,"max":1,"mean":0.998110413551,"median":1,"min":0,"var":0.00188590807375},"silence_rate_60dB":{"dmean":0.0121797565371,"dmean2":0.0243646297604,"dvar":0.0120317451656,"dvar2":0.0258720275015,"max":1,"mean":0.102036528289,"median":0,"min":0,"var":0.091625392437},"spectral_centroid":{"dmean":325.624969482,"dmean2":474.06137085,"dvar":217322.84375,"dvar2":431709.03125,"max":11076.1660156,"mean":1395.42504883,"median":1182.77099609,"min":171.888702393,"var":753751.625},"spectral_complexity":{"dmean":3.23393535614,"dmean2":4.66246604919,"dvar":19.1872367859,"dvar2":34.6129112244,"max":52,"mean":14.2905731201,"median":14,"min":0,"var":70.3092880249},"spectral_contrast_coeffs":{"dmean":[0.0443439073861,0.0440480150282,0.0357196107507,0.0305919554085,0.025257781148,0.0221598520875],"dmean2":[0.0726900100708,0.0704504698515,0.0554517023265,0.0475068315864,0.0386463180184,0.0314379818738],"dvar":[0.00149248715024,0.00161032227334,0.00103376142215,0.000677178846672,0.00053080462385,0.000522397458553],"dvar2":[0.0037258239463,0.00370387476869,0.00230684061535,0.00155156862456,0.00117649731692,0.00098593684379],"max":[-0.256779819727,-0.374430805445,-0.476557403803,-0.547450482845,-0.577658295631,-0.569325327873],"mean":[-0.629247903824,-0.718837201595,-0.740265548229,-0.748555600643,-0.763891577721,-0.726125895977],"median":[-0.631537675858,-0.726000845432,-0.741767585278,-0.748547017574,-0.764248132706,-0.721227765083],"min":[-0.954066634178,-0.97323089838,-0.965711474419,-0.952756285667,-0.961953699589,-0.960147559643],"var":[0.0102393738925,0.00915837846696,0.00706688733771,0.00488877762109,0.0035715890117,0.00352109293453]},"spectral_contrast_valleys":{"dmean":[0.351889401674,0.340809732676,0.336311280727,0.317907959223,0.370779633522,0.441426455975],"dmean2":[0.574959456921,0.550550401211,0.519322395325,0.465505003929,0.477356106043,0.551496684551],"dvar":[0.105126343668,0.114124029875,0.128206506371,0.114250689745,0.180897653103,0.276887089014],"dvar2":[0.226982548833,0.230941027403,0.243710696697,0.195271521807,0.280340611935,0.468711078167],"max":[-5.714179039,-5.20829391479,-5.44842100143,-6.27876138687,-5.75946569443,-7.55128240585],"mean":[-7.95173311234,-7.49491357803,-8.32753658295,-8.61617183685,-8.42286109924,-11.0860872269],"median":[-7.40319299698,-7.11782360077,-7.9447145462,-8.26141929626,-8.10816955566,-10.9487476349],"min":[-27.7809104919,-27.6177768707,-27.3611984253,-27.405752182,-27.2866783142,-27.1747646332],"var":[4.80363273621,3.72315239906,3.39898133278,3.23301339149,3.22663855553,2.76481246948]},"spectral_decrease":{"dmean":1.54998558433e-9,"dmean2":2.13767026302e-9,"dvar":5.02670668572e-18,"dvar2":9.52437181271e-18,"max":3.80707494647e-17,"mean":-5.25018650777e-9,"median":-3.98510291433e-9,"min":-3.46220012659e-8,"var":2.12368299059e-17},"spectral_energy":{"dmean":0.00644604722038,"dmean2":0.0089617986232,"dvar":0.0000865843612701,"dvar2":0.000167259466252,"max":0.142395600677,"mean":0.0213202293962,"median":0.0162774790078,"min":1.07579095735e-20,"var":0.000346094253473},"spectral_energyband_high":{"dmean":0.000996218412183,"dmean2":0.00159231433645,"dvar":0.0000104977698356,"dvar2":0.0000276567279798,"max":0.0445297509432,"mean":0.00105678872205,"median":0.000216895059566,"min":7.72353482122e-21,"var":0.00000891500258149},"spectral_energyband_low":{"dmean":0.00268103252165,"dmean2":0.00403048703447,"dvar":0.0000230418336287,"dvar2":0.0000524847200722,"max":0.0985162556171,"mean":0.00802323408425,"median":0.00421184441075,"min":1.05946493439e-22,"var":0.000105149774754},"spectral_energyband_middle_high":{"dmean":0.00125887733884,"dmean2":0.00167147093453,"dvar":0.0000065486215135,"dvar2":0.0000113609003165,"max":0.0581817403436,"mean":0.00339961168356,"median":0.00173988891765,"min":1.5064197908e-21,"var":0.0000286105641862},"spectral_energyband_middle_low":{"dmean":0.00407332321629,"dmean2":0.00572616606951,"dvar":0.0000526610238012,"dvar2":0.000103571212094,"max":0.12621858716,"mean":0.0104270121083,"median":0.0057403370738,"min":3.429460073e-22,"var":0.000178634028998},"spectral_entropy":{"dmean":0.206329390407,"dmean2":0.282932937145,"dvar":0.0538343526423,"dvar2":0.101184353232,"max":9.79086780548,"mean":7.41400766373,"median":7.32501220703,"min":5.74870300293,"var":0.262768596411},"spectral_flux":{"dmean":0.0210641566664,"dmean2":0.0316043607891,"dvar":0.00063287850935,"dvar2":0.00132462219335,"max":0.285220056772,"mean":0.0586832650006,"median":0.0498073361814,"min":1.03720344813e-10,"var":0.00171551993117},"spectral_kurtosis":{"dmean":1.63361012936,"dmean2":2.68334388733,"dvar":3.34757876396,"dvar2":8.22585201263,"max":30.6836280823,"mean":3.83633160591,"median":3.24571371078,"min":-1.15827679634,"var":8.08137130737},"spectral_rms":{"dmean":0.000637124117929,"dmean2":0.000875212426763,"dvar":5.78822664465e-7,"dvar2":0.00000107919561287,"max":0.0117865400389,"mean":0.00409846194088,"median":0.00398503057659,"min":3.23967914127e-12,"var":0.00000400268891099},"spectral_rolloff":{"dmean":629.358459473,"dmean2":1040.49072266,"dvar":1489063.875,"dvar2":3080065,"max":21188.671875,"mean":1971.32458496,"median":990.52734375,"min":107.666015625,"var":13106671},"spectral_skewness":{"dmean":0.251498252153,"dmean2":0.371916919947,"dvar":0.071638174355,"dvar2":0.143352478743,"max":4.71930932999,"mean":1.36792349815,"median":1.35295808315,"min":-0.175344586372,"var":0.260195195675},"spectral_spread":{"dmean":488741.3125,"dmean2":718272.5,"dvar":499015811072,"dvar2":891750973440,"max":38566992,"mean":4540352.5,"median":4060565.75,"min":1858622.875,"var":4441904250880},"spectral_strongpeak":{"dmean":0.38532397151,"dmean2":0.617726027966,"dvar":0.49791520834,"dvar2":1.17294120789,"max":8.44143199921,"mean":0.88137358427,"median":0.484635084867,"min":0,"var":1.20733690262},"zerocrossingrate":{"dmean":0.0124938273802,"dmean2":0.0145367514342,"dvar":0.000262530753389,"dvar2":0.00032942375401,"max":0.59326171875,"mean":0.0690270587802,"median":0.04833984375,"min":0.00390625,"var":0.00800535455346}},"metadata":{"audio_properties":{"analysis_sample_rate":44100,"bit_rate":0,"codec":"flac","downmix":"mix","equal_loudness":0,"length":110.57333374,"lossless":true,"md5_encoded":"60fcd01f3a41086e30bdc428975b5ea8","replay_gain":-11.623462677,"sample_rate":44100},"tags":{"acoustid_id":["421512b6-ed2b-4c54-9eff-54975c48be52"],"album":["Smiley Smile / Wild Honey"],"albumartist":["The Beach Boys"],"albumartistsort":["Beach Boys, The"],"artist":["The Beach Boys"],"artistsort":["Beach Boys, The"],"asin":["B00005ABX0"],"barcode":["724353186227"],"catalognumber":["5 31862 2"],"composer":["Brian Wilson","Mike Love"],"date":["2001"],"discnumber":["1"],"disctotal":["1"],"file_name":"18 - I'd Love Just Once To See You.flac","genre":["Pop"],"isrc":["USCA20100372"],"label":["Capitol Records"],"media":["CD"],"musicbrainz_albumartistid":["ebfc1398-8d96-47e3-82c3-f782abcdb13d"],"musicbrainz_albumid":["2fcb8fcd-5aa6-3404-b6e0-218b76ccd976"],"musicbrainz_artistid":["ebfc1398-8d96-47e3-82c3-f782abcdb13d"],"musicbrainz_recordingid":["c98df8e9-c7bc-4fa6-a0c2-518dbc33133c"],"musicbrainz_releasegroupid":["999d6763-df27-3f07-b3a8-945ba5dc2ff4"],"musicbrainz_workid":["346b16e4-7450-32eb-9b44-0eccab6ddd81"],"originaldate":["1990"],"performer":["Brian Wilson (lead vocals vocal)"],"producer":["The Beach Boys"],"releasecountry":["US"],"releasestatus":["official"],"releasetype":["album"],"script":["Latn"],"title":["I'd Love Just Once To See You"],"tracknumber":["18"],"tracktotal":["28"]},"version":{"essentia":"2.1-beta2","essentia_build_sha":"2d9f1f26377add8aeb1075a9c2973f962c4f09fd","essentia_git_sha":"v2.1_beta2-1-ge3940c0","extractor":"music 1.0"}},"rhythm":{"beats_count":237,"beats_loudness":{"dmean":0.0208671595901,"dmean2":0.0356249511242,"dvar":0.0003931808169,"dvar2":0.00112208665814,