{"lowlevel":{"average_loudness":0.944330334663,"barkbands":{"dmean":[0.00283033517189,0.0053398325108,0.00118315743748,0.000720889540389,0.000798391527496,0.000875649682712,0.000387556647183,0.000284383160761,0.000326963607222,0.000447307567811,0.000499398098327,0.000702751684003,0.000543108384591,0.000421571894549,0.000403157813707,0.000391871028114,0.000315945886541,0.00030206431984,0.000257319625234,0.000213089369936,0.000177096269908,0.000137727780384,0.0000622253282927,0.0000142521421367,0.00000149044615227,0.0000219819739868,0.000200238835532],"dmean2":[0.00492432853207,0.00922080967575,0.00198158365674,0.0012438390404,0.00132183299866,0.0014407467097,0.000642271421384,0.000473412772408,0.000542559428141,0.000747589743696,0.000840247550514,0.00115192634985,0.000909535214305,0.000698765157722,0.000664599996526,0.000651345355436,0.000518489570823,0.000494737992994,0.000408327992773,0.000330482958816,0.000266508635832,0.000201450005989,0.0000910023227334,0.0000220653291763,0.0000024905225473,0.0000319240461977,0.00029543886194],"dvar":[0.0000412604349549,0.000129409207148,0.00000364615380022,0.00000207840821531,0.0000030514440823,0.00000297958558804,7.26395001038e-7,4.3617237111e-7,4.0609933194e-7,5.29967508101e-7,7.2659571515e-7,0.00000134028095999,7.44246960949e-7,4.19778274363e-7,3.92267565985e-7,4.48295082833e-7,3.62294940714e-7,3.74217421495e-7,3.26896923752e-7,2.02428182661e-7,2.06970369732e-7,1.26694729374e-7,2.49755238713e-8,1.07955266948e-9,6.81171221859e-12,2.56792453968e-9,6.29701162325e-8],"dvar2":[0.000109740802145,0.000356358272256,0.00000954375263973,0.00000568325367567,0.00000780079335527,0.00000764909418649,0.00000185678925391,0.00000113773216981,0.00000107981054498,0.00000134201206947,0.00000191062372323,0.00000348233652403,0.00000194001518139,0.00000110493624561,0.00000101667717445,0.00000116301839626,9.24558889892e-7,9.60995521382e-7,8.24116568765e-7,4.76935326787e-7,4.70098541427e-7,2.79365337974e-7,5.31749719812e-8,2.44919573511e-9,1.65844941946e-11,5.40197975241e-9,1.39449753078e-7],"max":[0.0698276609182,0.150132074952,0.0234898813069,0.0281159225851,0.0344931446016,0.0297409519553,0.0310658719391,0.0191844403744,0.0161548405886,0.0162036623806,0.0236120820045,0.0229357779026,0.0147687112913,0.00821374449879,0.00860815774649,0.0119941579178,0.00821976643056,0.00705066602677,0.00783854350448,0.00833293795586,0.0157419517636,0.007902238518,0.00347952567972,0.000595264951698,0.0000486308490508,0.00101428956259,0.00490667158738],"mean":[0.00251825340092,0.00595702044666,0.00155261531472,0.00080801040167,0.00103616318665,0.00125178869348,0.000554605969228,0.000378711061785,0.000463316799141,0.000638996541966,0.000748522288632,0.00111606460996,0.000832286721561,0.000641314487439,0.00066046329448,0.000608292233665,0.000461001909571,0.000432675238699,0.000384568673326,0.000333080068231,0.00029623977025,0.000211702717934,0.000089657783974,0.0000171686187969,0.00000146740512719,0.0000325206092384,0.000655883282889],"median":[0.000508352881297,0.0027917874977,0.000811141682789,0.000366289546946,0.000440824136604,0.000533246668056,0.00024941371521,0.000169171878952,0.000193417334231,0.000355765747372,0.000397615920519,0.000651941052638,0.000518152781297,0.000386191211874,0.000410664913943,0.000336601980962,0.000198075518711,0.000137179871672,0.0000977931558737,0.0000803684597486,0.0000812112048152,0.0000447147540399,0.0000166213540069,0.00000294367373499,5.39493328233e-7,0.00000741441681384,0.000514648272656],"min":[4.67319543645e-24,2.62667094498e-23,3.64781210151e-23,1.7046687783e-23,5.31606737597e-23,5.44949530948e-23,6.94104511008e-23,7.24764757603e-23,4.5035933395e-23,5.71590815221e-23,1.20229306066e-22,9.26967414987e-23,8.16670587158e-23,1.26773834976e-22,9.49446101144e-23,2.63718699727e-22,1.38819362345e-22,1.36549285717e-22,1.56909381784e-22,2.12220572413e-22,4.21615255737e-22,4.65453430065e-22,5.56049245646e-22,1.05248544651e-21,1.24506585625e-21,1.49187324619e-21,2.33386222944e-21],"var":[0.0000349195215676,0.000103573205706,0.00000443509588877,0.0000019479527964,0.00000368602354683,0.00000466335995952,0.0000012146113022,5.54773237127e-7,5.93102129187e-7,8.23613220291e-7,0.00000125028384446,0.00000225820076594,0.00000104883065433,5.95491144395e-7,6.2252030375e-7,6.49423327559e-7,5.06622995999e-7,5.38904600944e-7,4.87951638206e-7,3.50994014298e-7,3.89900009168e-7,2.35086886846e-7,4.52749802093e-8,1.63945002019e-9,7.21596133541e-12,4.8159631838e-9,3.48479233026e-7]},"barkbands_crest":{"dmean":2.84379386902,"dmean2":4.69420909882,"dvar":7.01487398148,"dvar2":18.0463638306,"max":26.5050563812,"mean":8.60643291473,"median":7.35786342621,"min":1.84235656261,"var":21.0991611481},"barkbands_flatness_db":{"dmean":0.025498451665,"dmean2":0.0406268164515,"dvar":0.000786143995356,"dvar2":0.00196188944392,"max":0.436628639698,"mean":0.107515856624,"median":0.097193069756,"min":0.0265156459063,"var":0.00277133914642},"barkbands_kurtosis":{"dmean":3.67257380486,"dmean2":6.17899274826,"dvar":140.823471069,"dvar2":369.429840088,"max":1000.58740234,"mean":4.40875196457,"median":0.713184833527,"min":-1.81579506397,"var":761.43572998},"barkbands_skewness":{"dmean":0.661228835583,"dmean2":1.06469225883,"dvar":0.744283258915,"dvar2":1.91739344597,"max":29.9501857758,"mean":1.36276376247,"median":1.03829395771,"min":-2.2433655262,"var":2.46631217003},"barkbands_spread":{"dmean":8.79728507996,"dmean2":13.9823293686,"dvar":76.3807907104,"dvar2":180.334030151,"max":111.465583801,"mean":37.6001434326,"median":37.4800834656,"min":0.483854562044,"var":272.312469482},"dissonance":{"dmean":0.0117392744869,"dmean2":0.0200721528381,"dvar":0.000161004805705,"dvar2":0.000453193060821,"max":0.500000119209,"mean":0.482397764921,"median":0.486568033695,"min":0.349515736103,"var":0.000232209495152},"dynamic_complexity":3.21360206604,"erbbands":{"dmean":[0.275715142488,0.834077358246,1.29676926136,1.95304620266,2.4678800106,2.67944002151,4.42499637604,8.33465194702,5.59892988205,6.38638877869,6.74881887436,6.98144817352,9.50721740723,16.1922073364,23.1322021484,28.1470508575,24.3671112061,21.5105113983,20.0174598694,20.4829330444,19.7639427185,17.9835186005,16.1030731201,14.1223211288,12.3439464569,10.2311887741,8.34794807434,5.96794366837,5.15645885468,3.34932589531,1.57071959972,0.522426664829,0.138980433345,0.0203863196075,0.0107047725469,0.0167525224388,0.0458265915513,0.0548897646368,0.0178604237735,0.00406953226775],"dmean2":[0.483704537153,1.44147515297,2.17437791824,3.27357649803,4.16801309586,4.45405054092,7.27079820633,13.7603540421,9.23168182373,10.6807928085,11.1196193695,11.6404771805,15.7927865982,27.2050457001,38.0999832153,46.15366745,40.6413078308,35.6549301147,32.7313919067,33.4528198242,32.8560791016,29.4528942108,26.550157547,22.3949184418,19.4346237183,15.8409166336,12.7692651749,8.87601852417,7.5344285965,4.9607963562,2.28456807137,0.779813230038,0.221738129854,0.0336626283824,0.0178106818348,0.0264452844858,0.066141076386,0.077610000968,0.0248363446444,0.0060775373131],"dvar":[0.402605772018,2.54287838936,3.71023130417,12.7777643204,30.743062973,42.9473648071,122.453262329,279.334320068,153.442489624,197.524368286,273.611694336,206.557403564,353.206817627,677.224060059,1575.32641602,2050.265625,1393.0826416,1064.75634766,1141.81933594,990.484863281,1331.7434082,1183.10375977,1109.58398438,865.792053223,769.189086914,488.251678467,402.150787354,240.265991211,182.216064453,72.6223297119,16.149477005,1.54212653637,0.098206140101,0.00106693827547,0.00033619441092,0.00104156672023,0.0109615409747,0.0160974673927,0.0010892105056,0.0000245823721343],"dvar2":[1.12161374092,7.01548480988,9.76142883301,34.5213699341,79.8113708496,109.707992554,309.854522705,731.281677246,408.959899902,488.468383789,719.728088379,550.934082031,911.165283203,1799.06970215,4163.98925781,5388.13085938,3629.765625,2785.8293457,2981.17749023,2462.96069336,3476.43286133,3027.36743164,2891.22412109,2165.61669922,1934.7578125,1163.82458496,919.446044922,530.410644531,401.654388428,158.150909424,34.9752197266,3.40879130363,0.230067670345,0.0025560031645,0.000817539170384,0.00235245819204,0.0227778349072,0.0336740352213,0.002213005675,0.0000548775024072],"max":[6.90750741959,23.4241199493,22.2942028046,43.6153717041,119.265060425,180.205749512,291.253387451,316.69909668,388.670227051,472.713165283,517.300842285,377.558349609,561.347045898,427.335021973,908.274658203,900.085998535,598.706542969,511.499084473,458.992248535,495.449005127,501.720825195,503.62411499,403.293121338,379.446014404,436.672058105,456.513305664,579.96472168,521.815979004,270.485839844,195.052993774,95.3173446655,27.7322235107,4.9735956192,0.569550335407,0.336503475904,0.523791074753,2.2824614048,2.61027503014,0.982897818089,0.111108444631],"mean":[0.263465970755,0.982981085777,1.79142212868,2.51516318321,3.01545119286,3.32326436043,5.76211214066,11.7435531616,8.44014549255,8.97528171539,9.56434631348,9.88776874542,14.0406160355,24.8338890076,37.1944122314,46.085723877,39.7286682129,34.049785614,33.2344665527,35.6843414307,30.8175449371,26.8927345276,23.198381424,21.3146343231,18.4796962738,16.0809688568,13.8422040939,9.8714723587,7.91192436218,4.93668460846,2.26344466209,0.695312201977,0.149467766285,0.0222467277199,0.0111298235133,0.0196193177253,0.0677995458245,0.0944816842675,0.0429696291685,0.0154370469972],"median":[0.0969119668007,0.494080603123,1.02561867237,1.24333715439,1.38740682602,1.24991083145,2.04199934006,4.95993089676,3.79308795929,4.17516279221,3.82414531708,4.34583520889,7.16077852249,15.1736412048,20.5156002045,28.3643627167,25.811624527,21.6971511841,20.7587509155,22.304605484,16.620967865,12.0337677002,7.85583496094,6.05578613281,4.24086093903,3.9694378376,3.80949139595,2.5665500164,1.68179094791,0.948393821716,0.425139755011,0.119288556278,0.0255813170224,0.00884030852467,0.00459779053926,0.00562840513885,0.014718754217,0.0257812701166,0.0189580470324,0.012375023216],"min":[1.2337704788e-21,4.7386931627e-21,2.68839692908e-20,7.02315889631e-20,2.02381679281e-19,9.88975072417e-20,1.351118622e-19,6.48541601792e-19,5.81939190218e-19,1.03850065044e-18,2.19658845639e-18,1.185016464e-18,1.36413280968e-18,3.40985313831e-18,4.2791136694e-18,3.23789531706e-18,4.17596507419e-18,4.53949606416e-18,8.21167092218e-18,6.31289643763e-18,1.3862661156e-17,8.12221464765e-18,7.34361021657e-18,9.93452022046e-18,7.17455269734e-18,1.02660434566e-17,1.9554820996e-17,1.16243021466e-17,1.38464583421e-17,1.79163350212e-17,1.72776506723e-17,2.00453920388e-17,1.76656099601e-17,1.31338000582e-17,8.80540048635e-18,6.34465479647e-18,2.83743815737e-18,9.07411858694e-19,3.01244780979e-19,4.17508557441e-20],"var":[0.29273635149,2.25678086281,4.78403568268,13.9613237381,31.8978977203,51.6190414429,171.360778809,416.823852539,236.160995483,326.712463379,351.716949463,273.745269775,513.261657715,1003.86962891,2721.58642578,3524.20776367,2101.76098633,1492.9876709,1689.73425293,1755.68469238,1851.39807129,1666.95874023,1516.19885254,1364.93774414,1150.66845703,827.883972168,742.50012207,468.396636963,340.026733398,127.723129272,28.9670753479,2.59476113319,0.128715723753,0.00130011548754,0.000366185093299,0.00151628663298,0.0208656936884,0.0337965153158,0.00346384895965,0.000175139968633]},"erbbands_crest":{"dmean":2.30947041512,"dmean2":3.82800722122,"dvar":5.0837597847,"dvar2":13.0478067398,"max":27.8372535706,"mean":7.63962697983,"median":6.70561408997,"min":2.19120669365,"var":11.5917463303},"erbbands_flatness_db":{"dmean":0.0201471243054,"dmean2":0.0311674233526,"dvar":0.000351879309164,"dvar2":0.000839696032926,"max":0.361115664244,"mean":0.14746978879,"median":0.142906367779,"min":0.0261151790619,"var":0.00128161069006},"erbbands_kurtosis":{"dmean":1.13747572899,"dmean2":1.83352053165,"dvar":2.84570336342,"dvar2":7.08994817734,"max":30.6997642517,"mean":1.18096899986,"median":0.532357692719,"min":-1.63613688946,"var":5.95061826706},"erbbands_skewness":{"dmean":0.356074243784,"dmean2":0.564553320408,"dvar":0.115151740611,"dvar2":0.276722460985,"max":3.60467433929,"mean":-0.396266549826,"median":-0.376049220562,"min":-4.14971113205,"var":0.373696625233},"erbbands_spread":{"dmean":6.27359342575,"dmean2":9.86389064789,"dvar":40.3345527649,"dvar2":96.1813278198,"max":131.133300781,"mean":26.4293403625,"median":25.1152896881,"min":1.95413887501,"var":129.122283936},"gfcc":{"cov":[[7541.73828125,-888.56262207,-601.585693359,334.662475586,-544.557067871,-433.871185303,180.211990356,-322.685974121,8.46737384796,-156.706970215,-212.219314575,146.431884766,-225.705032349],[-888.56262207,1005.24511719,35.7970733643,-361.833618164,263.786193848,66.6949234009,-28.3200016022,94.2441482544,16.2257061005,28.5199165344,117.838607788,-57.5318336487,165.321075439],[-601.585693359,35.7970733643,328.739654541,60.5862960815,-33.3147506714,200.267684937,-67.1985092163,94.4800567627,-35.1586647034,54.3310012817,15.9091281891,12.8204746246,19.1377372742],[334.662475586,-361.833618164,60.5862960815,345.296264648,-48.9502792358,-22.8231868744,81.4731826782,-44.3180465698,-23.2168464661,-4.11816692352,-39.5590248108,32.5487327576,-87.1319580078],[-544.557067871,263.786193848,-33.3147506714,-48.9502792358,270.689361572,56.5053443909,26.1902217865,51.1327171326,15.6829805374,7.62288045883,68.2149505615,-29.9704113007,55.7186927795],[-433.871185303,66.6949234009,200.267684937,-22.8231868744,56.5053443909,347.74621582,-17.0873641968,128.121398926,-59.6656265259,53.7593345642,49.9306182861,21.2157268524,38.5472717285],[180.211990356,-28.3200016022,-67.1985092163,81.4731826782,26.1902217865,-17.0873641968,180.303161621,-32.5680046082,31.7287845612,-8.60282993317,-0.371725529432,32.0028457642,-29.1844959259],[-322.685974121,94.2441482544,94.4800567627,-44.3180465698,51.1327171326,128.121398926,-32.5680046082,194.059127808,3.47904062271,41.8567008972,39.5864868164,-26.6600112915,48.8020935059],[8.46737384796,16.2257061005,-35.1586647034,-23.2168464661,15.6829805374,-59.6656265259,31.7287845612,3.47904062271,125.759025574,16.2178096771,-4.1204199791,7.27248287201,-16.8978595734],[-156.706970215,28.5199165344,54.3310012817,-4.11816692352,7.62288045883,53.7593345642,-8.60282993317,41.8567008972,16.2178096771,73.1517486572,40.8381309509,3.97547769547,24.7240505219],[-212.219314575,117.838607788,15.9091281891,-39.5590248108,68.2149505615,49.9306182861,-0.371725529432,39.5864868164,-4.1204199791,40.8381309509,87.4124069214,24.188999176,35.7728462219],[146.431884766,-57.5318336487,12.8204746246,32.5487327576,-29.9704113007,21.2157268524,32.0028457642,-26.6600112915,7.27248287201,3.97547769547,24.188999176,76.1239929199,0.878510951996],[-225.705032349,165.321075439,19.1377372742,-87.1319580078,55.7186927795,38.5472717285,-29.1844959259,48.8020935059,-16.8978595734,24.7240505219,35.7728462219,0.878510951996,103.11290741]],"icov":[[0.000233595739701,-0.000176798726898,0.000818721484393,-0.00049139134353,0.000603132648394,-0.000260965316556,0.000224937204621,-0.000100224620837,-0.0000825632814667,0.0000506564247189,0.000240420384216,-0.000401425961172,0.00000467517156721],[-0.000176798726898,0.00340552767739,-0.00334614049643,0.00387252611108,-0.0024949403014,0.00162412191276,-0.00233607762493,0.000741772353649,0.000442470278358,0.00103874586057,-0.00245122867636,0.00232908781618,-0.00157093210146],[0.000818721484393,-0.00334614049643,0.0121623585001,-0.00746116321534,0.00568479066715,-0.0063548181206,0.00553216971457,-0.00120752840303,-0.00245620193891,-0.00116581830662,0.00196916842833,-0.00202283100225,-0.000752959924284],[-0.00049139134353,0.00387252611108,-0.00746116321534,0.0123821664602,-0.00760686956346,0.0064141554758,-0.00546288490295,-0.00162874651141,0.0073865102604,-0.00677367392927,0.00600736960769,-0.00555555708706,0.00629865564406],[0.000603132648394,-0.0024949403014,0.00568479066715,-0.00760686956346,0.0139912441373,-0.0069231740199,0.0010442918865,0.00285744783469,-0.00851330440491,0.0112063977867,-0.0137238996103,0.0119257727638,-0.00761431315914],[-0.000260965316556,0.00162412191276,-0.0063548181206,0.0064141554758,-0.0069231740199,0.0107307434082,-0.00303005659953,-0.00489642797038,0.00860342383385,-0.00808130949736,0.00704198470339,-0.00880223419517,0.00559318671003],[0.000224937204621,-0.00233607762493,0.00553216971457,-0.00546288490295,0.0010442918865,-0.00303005659953,0.0104785859585,-0.000127470615553,-0.00289693148807,-0.000172810207005,0.0019127210835,-0.00432342197746,0.00112933991477],[-0.000100224620837,0.000741772353649,-0.00120752840303,-0.00162874651141,0.00285744783469,-0.00489642797038,-0.000127470615553,0.0115489140153,-0.00631973240525,0.00548935635015,-0.00972749572247,0.0117281917483,-0.00685356650501],[-0.0000825632814667,0.000442470278358,-0.00245620193891,0.0073865102604,-0.00851330440491,0.00860342383385,-0.00289693148807,-0.00631973240525,0.0196317937225,-0.0163775179535,0.0157747920603,-0.0151579268277,0.0111631620675],[0.0000506564247189,0.00103874586057,-0.00116581830662,-0.00677367392927,0.0112063977867,-0.00808130949736,-0.000172810207005,0.00548935635015,-0.0163775179535,0.0396478772163,-0.0300111416727,0.0216396600008,-0.0147066190839],[0.000240420384216,-0.00245122867636,0.00196916842833,0.00600736960769,-0.0137238996103,0.00704198470339,0.0019127210835,-0.00972749572247,0.0157747920603,-0.0300111416727,0.0471320003271,-0.03185589239,0.0127968639135],[-0.000401425961172,0.00232908781618,-0.00202283100225,-0.00555555708706,0.0119257727638,-0.00880223419517,-0.00432342197746,0.0117281917483,-0.0151579268277,0.0216396600008,-0.03185589239,0.0420816764235,-0.0158397126943],[0.00000467517156721,-0.00157093210146,-0.000752959924284,0.00629865564406,-0.00761431315914,0.00559318671003,0.00112933991477,-0.00685356650501,0.0111631620675,-0.0147066190839,0.0127968639135,-0.0158397126943,0.0243272017688]],"mean":[-3.8946557045,80.6391983032,-112.497253418,5.43835639954,-4.51031637192,-11.1839876175,7.60778093338,-25.5110321045,3.29865813255,-6.8215045929,-2.59015011787,4.63607740402,-10.1096353531]},"hfc":{"dmean":13.920211792,"dmean2":20.6098213196,"dvar":312.559539795,"dvar2":692.564453125,"max":265.199798584,"mean":56.9395866394,"median":53.5539207458,"min":1.13638893116e-16,"var":1845.08410645},"melbands":{"dmean":[0.0020070632454,0.000769322388805,0.000335218937835,0.000179632552317,0.000143342695083,0.000177138397703,0.0000836389226606,0.0000663980245008,0.0000594468401687,0.0000433385866927,0.000049854592362,0.000067368389864,0.0000727628503228,0.000082479455159,0.0000622720181127,0.0000538792373845,0.0000398034062528,0.0000339223261108,0.0000319512291753,0.0000284023517452,0.000023595372113,0.0000195420943783,0.0000172015188582,0.0000140805595947,0.0000117042018246,0.00000997872393782,0.00000824405651656,0.00000683480402586,0.00000557824569114,0.00000473636009701,0.00000325212295138,0.00000311269059239,0.00000261288732872,0.00000166771394561,0.00000103260879314,5.22508457834e-7,2.48016476689e-7,1.18305074182e-7,2.89522787966e-8,1.37318769688e-8],"dmean2":[0.00347851892002,0.0013063600054,0.000559511303436,0.000299859006191,0.000234775463468,0.00029167093453,0.000138075192808,0.00011069442553,0.0000979774777079,0.0000724208875909,0.0000830312274047,0.000113569250971,0.000121097233205,0.000134856469231,0.000103379039501,0.0000906351415324,0.0000661717276671,0.0000560433109058,0.0000529381759407,0.0000469577171316,0.0000397066796722,0.0000322140513163,0.0000289476338367,0.0000232944512391,0.0000187504556379,0.0000159103656188,0.0000130624503072,0.0000107212681542,0.00000864773210196,0.00000734236027711,0.00000490390675623,0.00000465821722173,0.00000392807851313,0.00000250091716225,0.00000152487052674,7.80291031788e-7,3.81571595653e-7,1.91262500948e-7,4.84836419901e-8,2.29641230476e-8],"dvar":[0.0000202672799787,0.00000129732711684,3.7411109588e-7,1.77369187782e-7,1.10078318016e-7,1.22197420183e-7,3.34602994201e-8,1.99664693668e-8,1.91481834833e-8,7.75255237784e-9,9.39200450745e-9,1.17029035351e-8,1.53755710386e-8,1.91681337469e-8,9.49054879129e-9,7.38094385611e-9,3.73995012737e-9,3.59304297426e-9,2.44011366668e-9,2.0780019927e-9,2.02834260499e-9,1.36542233076e-9,1.24598531492e-9,8.35262692345e-10,6.07064731817e-10,5.11831965699e-10,3.30109578561e-10,2.29592900247e-10,1.67358349401e-10,1.61832450218e-10,6.98806845723e-11,7.04654876116e-11,4.77189884829e-11,1.80705884284e-11,7.4540087644e-12,1.72049115406e-12,3.48442384971e-13,7.70795374142e-14,3.12903881001e-15,5.8273473903e-16],"dvar2":[0.0000558255414944,0.00000346219007952,9.95224695544e-7,4.56032609009e-7,2.77978784879e-7,3.18190842563e-7,8.7640707136e-8,4.95449192783e-8,4.97695822332e-8,2.07764401239e-8,2.39709727623e-8,3.09521901443e-8,4.07037532568e-8,4.91997624863e-8,2.52564635872e-8,1.95317184648e-8,9.87057102719e-9,9.51484135925e-9,6.42006359186e-9,5.29018162609e-9,5.38605515743e-9,3.51324747072e-9,3.23882209941e-9,2.18389506479e-9,1.53512369483e-9,1.30075350491e-9,8.34273095052e-10,5.50407497357e-10,3.89061088901e-10,3.78597847517e-10,1.5652953933e-10,1.61275701127e-10,1.10102267581e-10,3.97118726791e-11,1.6629189345e-11,3.88080366454e-12,7.95318563611e-13,1.849108567e-13,7.83269154018e-15,1.4177486064e-15],"max":[0.0524328947067,0.0135996853933,0.010465817526,0.00847706757486,0.00799146853387,0.00666171777993,0.00575134158134,0.00468496140093,0.00386199797504,0.00234838854522,0.00277214800008,0.00165530422237,0.00311560090631,0.00252698594704,0.00159113283735,0.00171370385215,0.000815735547803,0.00085319817299,0.000860689382534,0.000803687958978,0.000598597864155,0.000522591173649,0.000436508067651,0.00038394582225,0.000319974060403,0.000363746919902,0.000297016260447,0.000361523474567,0.000336665398208,0.000487249053549,0.000213149134652,0.000152897730004,0.000183389813174,0.0000971973204287,0.0000695959824952,0.0000332215422532,0.0000108025678855,0.00000449538447356,7.92231901414e-7,4.56695460116e-7],"mean":[0.00209489418194,0.00108213967178,0.000455413101008,0.000228448436246,0.000189503640286,0.000255758379353,0.000127202205476,0.0000923399857129,0.0000827185140224,0.0000599847844569,0.000071534748713,0.0000992877103272,0.000112745277875,0.000130566040752,0.0000999881813186,0.0000819287160994,0.0000598583101237,0.0000518802262377,0.0000519811364939,0.000044307380449,0.000033949585486,0.0000279861815216,0.0000235404713749,0.0000195388529391,0.000017009979274,0.000014336122149,0.0000119105025078,0.0000103361408037,0.00000883231678017,0.00000735846333555,0.00000512413771503,0.00000462393927592,0.00000371177816305,0.00000234619096773,0.00000143848842526,7.24238816474e-7,2.95302868381e-7,1.18642255131e-7,2.85178742843e-8,1.3440140556e-8],"median":[0.000875408004504,0.000657015421893,0.000244696129812,0.0000967069936451,0.0000698687290424,0.000110164401121,0.0000580729065405,0.0000417720148107,0.0000308577364194,0.0000259675889538,0.0000349603251379,0.000058690628066,0.0000615809403826,0.000072430128057,0.0000643039311399,0.0000512351434736,0.0000364623738278,0.0000298473332805,0.0000320503058902,0.0000251864148595,0.0000169350059878,0.000012392667486,0.0000083413287939,0.00000608175741945,0.00000462953403257,0.00000336119796884,0.00000246252261604,0.00000257740907728,0.00000237022572946,0.00000188485273611,0.00000124348605368,9.63605543802e-7,6.83394489442e-7,4.41330939793e-7,2.59215283904e-7,1.33039350203e-7,4.44107257636e-8,1.55050692285e-8,8.24355517182e-9,4.83316586752e-9],"min":[9.04601078399e-24,1.15371207156e-23,1.52832996699e-23,1.29928065328e-23,4.30204190257e-24,1.27866069697e-23,1.11777582856e-23,1.09468019007e-23,1.81990652597e-23,6.03310052362e-24,6.87773665585e-24,1.29941775731e-23,1.58018826295e-23,9.66668654422e-24,9.32892391474e-24,7.83613244707e-24,8.21644465606e-24,1.44099138964e-23,6.30172738337e-24,1.46005121574e-23,1.568672787e-23,8.48279091894e-24,6.00279367093e-24,7.88385774298e-24,8.30525303905e-24,4.52139690461e-24,7.04799650502e-24,6.12193296686e-24,1.06433113332e-23,1.18584703051e-23,5.4431205245e-24,6.96253683658e-24,9.79424614146e-24,9.62358870639e-24,9.63074130821e-24,1.04360310306e-23,1.31406067232e-23,1.16360935713e-23,1.26535987102e-23,1.05854097317e-23],"var":[0.0000155752804858,0.00000157042643423,4.24146634259e-7,2.10933805533e-7,1.54906302896e-7,1.88480584029e-7,5.45561533727e-8,3.29462466198e-8,2.63200536921e-8,1.00653778645e-8,1.37872984141e-8,1.7055503676e-8,2.69052247148e-8,3.30225944367e-8,1.40754394806e-8,9.77880887376e-9,5.08376674091e-9,4.86228657337e-9,3.87451182249e-9,3.21716187024e-9,2.59408383663e-9,1.86234150323e-9,1.5907719586e-9,1.14446341293e-9,9.12018516264e-10,7.23959947546e-10,4.91184204421e-10,3.68629071712e-10,2.94090363173e-10,2.78276762744e-10,1.30577534896e-10,1.23281815312e-10,7.61226567891e-11,3.06764266766e-11,1.26626131455e-11,2.83536497232e-12,5.22444826116e-13,9.33166575696e-14,3.3024736764e-15,6.15481985683e-16]},"melbands_crest":{"dmean":4.94077062607,"dmean2":8.22391414642,"dvar":22.4762210846,"dvar2":56.759475708,"max":38.1442871094,"mean":15.0809202194,"median":13.4062328339,"min":1.79833006859,"var":53.8306503296},"melbands_flatness_db":{"dmean":0.035522274673,"dmean2":0.0555082373321,"dvar":0.00124538468663,"dvar2":0.00298521807417,"max":0.505952656269,"mean":0.19911506772,"median":0.191320359707,"min":0.00420597102493,"var":0.00520924944431},"melbands_kurtosis":{"dmean":6.67837238312,"dmean2":11.4173212051,"dvar":367.372009277,"dvar2":1020.43151855,"max":932.738708496,"mean":7.89094018936,"median":2.01245260239,"min":-1.84998416901,"var":803.387512207},"melbands_skewness":{"dmean":0.88321942091,"dmean2":1.43849933147,"dvar":1.26897740364,"dvar2":3.34486699104,"max":25.1441001892,"mean":2.05842924118,"median":1.596118927,"min":-1.97291386127,"var":3.14084744453},"melbands_spread":{"dmean":10.6450634003,"dmean2":16.5919113159,"dvar":148.781906128,"dvar2":317.785308838,"max":188.502029419,"mean":35.1287574768,"median":31.6391487122,"min":0.420631527901,"var":508.224914551},"mfcc":{"cov":[[6632.48583984,-901.868164062,-442.214111328,614.52355957,-859.522583008,158.391494751,-498.784210205,201.771057129,-302.052947998,79.7602310181,-283.110107422,-19.1143264771,-192.723724365],[-901.868164062,1206.43688965,-135.788253784,-326.917694092,261.247467041,-120.403457642,137.268295288,-94.7828598022,130.941467285,-93.5311355591,94.8276519775,1.25990450382,106.143013],[-442.214111328,-135.788253784,442.667572021,-90.2584228516,65.6032791138,39.5784301758,55.6715583801,12.8346204758,18.8315601349,2.33418726921,23.8010139465,18.7499027252,1.36241769791],[614.52355957,-326.917694092,-90.2584228516,385.937683105,-161.406295776,54.361366272,-79.137550354,31.6051750183,-65.9224243164,40.3792762756,-43.4781799316,-10.4536476135,-42.8554801941],[-859.522583008,261.247467041,65.6032791138,-161.406295776,330.959259033,-48.3791122437,141.839447021,-31.9885883331,70.1525039673,-14.9402351379,68.2191390991,11.9956235886,49.8981628418],[158.391494751,-120.403457642,39.5784301758,54.361366272,-48.3791122437,189.069244385,26.7267570496,55.7865104675,-38.1134719849,10.5500535965,-22.5912132263,15.7644281387,1.82103276253],[-498.784210205,137.268295288,55.6715583801,-79.137550354,141.839447021,26.7267570496,237.950546265,17.8406276703,46.6533813477,-21.3313236237,37.8757514954,15.7433271408,48.6119041443],[201.771057129,-94.7828598022,12.8346204758,31.6051750183,-31.9885883331,55.7865104675,17.8406276703,117.249183655,-1.46129333973,30.6722984314,-4.64292573929,15.8416309357,0.903352558613],[-302.052947998,130.941467285,18.8315601349,-65.9224243164,70.1525039673,-38.1134719849,46.6533813477,-1.46129333973,109.722251892,13.5617074966,35.6083641052,2.76945996284,16.4705982208],[79.7602310181,-93.5311355591,2.33418726921,40.3792762756,-14.9402351379,10.5500535965,-21.3313236237,30.6722984314,13.5617074966,78.8615951538,16.6597118378,13.4232301712,-8.75002193451],[-283.110107422,94.8276519775,23.8010139465,-43.4781799316,68.2191390991,-22.5912132263,37.8757514954,-4.64292573929,35.6083641052,16.6597118378,75.9719314575,22.2951927185,26.9923458099],[-19.1143264771,1.25990450382,18.7499027252,-10.4536476135,11.9956235886,15.7644281387,15.7433271408,15.8416309357,2.76945996284,13.4232301712,22.2951927185,56.1720619202,22.07122612],[-192.723724365,106.143013,1.36241769791,-42.8554801941,49.8981628418,1.82103276253,48.6119041443,0.903352558613,16.4705982208,-8.75002193451,26.9923458099,22.07122612,70.1556549072]],"icov":[[0.000274063640973,0.00000124703967685,0.000164018259966,-0.0000743451528251,0.000396587885916,0.0000554887119506,0.00016015933943,-0.000344359345036,0.000230476216529,-0.0000603847729508,0.000401405559387,-0.000248137366725,0.000174317872734],[0.00000124703967685,0.00167372543365,0.000815264880657,0.000849749485496,-0.000376420590328,-0.0000359215773642,0.00003674283289,0.0004474913585,-0.00110332469922,0.00154146563727,-0.00106613570824,0.000315129029332,-0.0010258333059],[0.000164018259966,0.000815264880657,0.00306562008336,0.000964174512774,-0.000196121749468,-0.000735284294933,-0.000146869148011,-0.0000380690653401,-0.000451623141998,0.000677575881127,-0.000792601669673,-0.000603435793892,0.000692719186191],[-0.0000743451528251,0.000849749485496,0.000964174512774,0.00429075863212,0.000885956280399,-0.000549438875169,-0.000227460186579,0.000309156166622,0.00075896049384,-0.00121876061894,-0.000390304601751,0.00068219692912,0.000255580380326],[0.000396587885916,-0.000376420590328,-0.000196121749468,0.000885956280399,0.00628422060981,0.000820327666588,-0.00227745226584,0.000601127336267,-0.0000355943338946,-0.000811335281469,-0.00145705777686,0.000162049560458,-0.000299836246995],[0.0000554887119506,-0.0000359215773642,-0.000735284294933,-0.000549438875169,0.000820327666588,0.00761873321608,-0.00165598129388,-0.00251502683386,0.00233725644648,-0.000815718609374,0.00213957834058,-0.00145958934445,-0.00073042162694],[0.00016015933943,0.00003674283289,-0.000146869148011,-0.000227460186579,-0.00227745226584,-0.00165598129388,0.00728851510212,-0.00186585646588,-0.00172330951318,0.00271015590988,-0.000792522041593,0.0000675971241435,-0.00208892859519],[-0.000344359345036,0.0004474913585,-0.0000380690653401,0.000309156166622,0.000601127336267,-0.00251502683386,-0.00186585646588,0.0122989825904,-0.00124543241691,-0.00391413131729,0.000879043829627,-0.00149211089592,-0.00072576518869],[0.000230476216529,-0.00110332469922,-0.000451623141998,0.00075896049384,-0.0000355943338946,0.00233725644648,-0.00172330951318,-0.00124543241691,0.0142543548718,-0.00450190203264,-0.00194639223628,0.00161575176753,0.000282147113467],[-0.0000603847729508,0.00154146563727,0.000677575881127,-0.00121876061894,-0.000811335281469,-0.000815718609374,0.00271015590988,-0.00391413131729,-0.00450190203264,0.0202976092696,-0.00658397329971,-0.00276130484417,0.00250540487468],[0.000401405559387,-0.00106613570824,-0.000792601669673,-0.000390304601751,-0.00145705777686,0.00213957834058,-0.000792522041593,0.000879043829627,-0.00194639223628,-0.00658397329971,0.0238950066268,-0.00638777762651,-0.00353686744347],[-0.000248137366725,0.000315129029332,-0.000603435793892,0.00068219692912,0.000162049560458,-0.00145958934445,0.0000675971241435,-0.00149211089592,0.00161575176753,-0.00276130484417,-0.00638777762651,0.0246222000569,-0.00684725586325],[0.000174317872734,-0.0010258333059,0.000692719186191,0.000255580380326,-0.000299836246995,-0.00073042162694,-0.00208892859519,-0.00072576518869,0.000282147113467,0.00250540487468,-0.00353686744347,-0.00684725586325,0.0218778401613]],"mean":[-661.712219238,142.362670898,-39.5945968628,33.4500846863,-2.90284991264,31.8851966858,-0.771088004112,12.3584260941,-3.34451746941,3.89927721024,-0.963081121445,6.13071775436,4.97624731064]},"pitch_salience":{"dmean":0.089254014194,"dmean2":0.14716924727,"dvar":0.00786556303501,"dvar2":0.0198803469539,"max":0.842632770538,"mean":0.574914991856,"median":0.611099302769,"min":0.051501493901,"var":0.0205224901438},"silence_rate_20dB":{"dmean":0,"dmean2":0,"dvar":0,"dvar2":0,"max":1,"mean":1,"median":1,"min":1,"var":0},"silence_rate_30dB":{"dmean":0,"dmean2":0,"dvar":0,"dvar2":0,"max":1,"mean":1,"median":1,"min":1,"var":0},"silence_rate_60dB":{"dmean":0.0224837157875,"dmean2":0.0449721552432,"dvar":0.0219764076173,"dvar2":0.0502981804311,"max":1,"mean":0.0673390030861,"median":0,"min":0,"var":0.0627959817648},"spectral_centroid":{"dmean":288.021026611,"dmean2":429.668548584,"dvar":109355.632812,"dvar2":201627.078125,"max":11115.9755859,"mean":1714.55505371,"median":1570.79260254,"min":358.225280762,"var":495111.3125},"spectral_complexity":{"dmean":5.08384132385,"dmean2":7.24871301651,"dvar":33.076587677,"dvar2":55.068572998,"max":63,"mean":24.6835803986,"median":23,"min":0,"var":207.163528442},"spectral_contrast_coeffs":{"dmean":[0.0539749711752,0.0479695424438,0.0381745584309,0.0280288401991,0.0214679036289,0.0486997291446],"dmean2":[0.0888746008277,0.0798822492361,0.0638331770897,0.047193184495,0.0354736186564,0.0745528489351],"dvar":[0.00182379619218,0.0014219279401,0.000932116876356,0.000500392692629,0.000323045416735,0.0017033162294],"dvar2":[0.00483609316871,0.00393699621782,0.00258212490007,0.00136189558543,0.000817448133603,0.00386211741716],"max":[-0.402767300606,-0.521833777428,-0.557404458523,-0.62614941597,-0.659303724766,-0.398936241865],"mean":[-0.721322000027,-0.781524956226,-0.804562091827,-0.806150496006,-0.808485031128,-0.680370271206],"median":[-0.727313876152,-0.786179423332,-0.809120535851,-0.808872699738,-0.809761345387,-0.672885358334],"min":[-0.969044029713,-0.96113049984,-0.970700800419,-0.960532307625,-0.959154069424,-0.957470059395],"var":[0.00521524716169,0.00366269121878,0.00224946532398,0.00119864824228,0.00102860026527,0.00901705864817]},"spectral_contrast_valleys":{"dmean":[0.422163039446,0.388766795397,0.344866275787,0.306871294975,0.340937912464,0.653243899345],"dmean2":[0.687257707119,0.627655267715,0.544513940811,0.468946695328,0.48444595933,1.03549301624],"dvar":[0.132498264313,0.137549474835,0.112518981099,0.113290302455,0.183327555656,0.317337930202],"dvar2":[0.302699267864,0.300124555826,0.229601442814,0.207884058356,0.33082318306,0.74446862936],"max":[-5.3629117012,-4.9076385498,-5.2132229805,-5.15335655212,-5.16514396667,-9.11697673798],"mean":[-7.16267538071,-6.84133577347,-6.93113136292,-7.02116394043,-7.39052248001,-11.3263559341],"median":[-7.04351329803,-6.69959354401,-6.76085662842,-6.83420705795,-7.28483200073,-11.2244615555],"min":[-26.9419136047,-28.0932636261,-26.7558116913,-27.1861133575,-27.4000301361,-27.3281040192],"var":[0.664268016815,0.800351679325,0.81671911478,0.817033052444,1.18827879429,0.933651089668]},"spectral_decrease":{"dmean":2.7322981655e-9,"dmean2":4.43835324049e-9,"dvar":1.99325844556e-17,"dvar2":5.23304796486e-17,"max":4.9297066429e-10,"mean":-4.96374097381e-9,"median":-3.77027609133e-9,"min":-5.16361140512e-8,"var":2.20297718585e-17},"spectral_energy":{"dmean":0.0109040783718,"dmean2":0.0175326485187,"dvar":0.000291480246233,"dvar2":0.000760720809922,"max":0.200240671635,"mean":0.0238988921046,"median":0.0200920794159,"min":1.01780478861e-20,"var":0.000372118985979},"spectral_energyband_high":{"dmean":0.000599955790676,"dmean2":0.000850197975524,"dvar":0.00000141607699788,"dvar2":0.00000297900646729,"max":0.0299397688359,"mean":0.00128742435481,"median":0.000608295551501,"min":7.50972882771e-21,"var":0.00000365376808986},"spectral_energyband_low":{"dmean":0.00768308946863,"dmean2":0.0130921751261,"dvar":0.000234082530369,"dvar2":0.000635993375909,"max":0.178320750594,"mean":0.00969276204705,"median":0.00548099400476,"min":7.53719550031e-23,"var":0.000199842150323},"spectral_energyband_middle_high":{"dmean":0.00286501506343,"dmean2":0.00443667266518,"dvar":0.0000184910750249,"dvar2":0.000044330390665,"max":0.0450049117208,"mean":0.00663346983492,"median":0.00489022443071,"min":1.39713804394e-21,"var":0.0000407018014812},"spectral_energyband_middle_low":{"dmean":0.00231040338986,"dmean2":0.00370789854787,"dvar":0.0000118229518193,"dvar2":0.0000295825229841,"max":0.0420303046703,"mean":0.00461573619395,"median":0.00313834659755,"min":3.29058218349e-22,"var":0.0000234239341808},"spectral_entropy":{"dmean":0.125361189246,"dmean2":0.186411619186,"dvar":0.0168239101768,"dvar2":0.0343992263079,"max":9.78214263916,"mean":7.7490940094,"median":7.79728555679,"min":6.47523164749,"var":0.0748666897416},"spectral_flux":{"dmean":0.0257924105972,"dmean2":0.040549416095,"dvar":0.00115828355774,"dvar2":0.00239385990426,"max":0.358715206385,"mean":0.0936983823776,"median":0.0867249295115,"min":1.00886313192e-10,"var":0.00251520145684},"spectral_kurtosis":{"dmean":3.78300642967,"dmean2":5.7147359848,"dvar":22.2806129456,"dvar2":51.4763374329,"max":87.5876846313,"mean":16.0504379272,"median":13.7699680328,"min":-1.21324396133,"var":77.6908187866},"spectral_rms":{"dmean":0.000976834679022,"dmean2":0.00150761322584,"dvar":0.00000147001276218,"dvar2":0.00000354242570211,"max":0.0139770079404,"mean":0.004459599033,"median":0.00442741764709,"min":3.15115880438e-12,"var":0.00000342801808983},"spectral_rolloff":{"dmean":2877.84765625,"dmean2":5205.64208984,"dvar":27255584,"dvar2":64636332,"max":22050,"mean":5733.90966797,"median":2562.45117188,"min":21.533203125,"var":49407156},"spectral_skewness":{"dmean":0.328206479549,"dmean2":0.476437419653,"dvar":0.130200147629,"dvar2":0.265946090221,"max":6.66782903671,"mean":2.46055793762,"median":2.29891061783,"min":-0.0178015828133,"var":0.698305308819},"spectral_spread":{"dmean":449123.25,"dmean2":697771.375,"dvar":326467682304,"dvar2":634301251584,"max":41245304,"mean":3675094.75,"median":3538850.25,"min":1059304.25,"var":811336728576},"spectral_strongpeak":{"dmean":0.430403500795,"dmean2":0.766738593578,"dvar":3.01753759384,"dvar2":7.60946273804,"max":49.917350769,"mean":0.467760622501,"median":0.158955574036,"min":0,"var":3.35609292984},"zerocrossingrate":{"dmean":0.0277104992419,"dmean2":0.0342643931508,"dvar":0.000598601996899,"dvar2":0.000869625539053,"max":0.5185546875,"mean":0.190028205514,"median":0.19140625,"min":0,"var":0.0057114479132}},"metadata":{"audio_properties":{"analysis_sample_rate":44100,"bit_rate":192000,"codec":"mp3","downmix":"mix","equal_loudness":0,"length":220.995925903,"lossless":false,"md5_encoded":"8814d9a1c3033a02c26eba3714392459","replay_gain":-4.97979545593,"sample_rate":44100},"tags":{"album":["The Real Thing"],"album artist credit":["Faith No More"],"albumartist":["Faith No More"],"albumartistsort":["Faith No More"],"artist":["Faith No More"],"artist credit":["Faith No More"],"artistsort":["Faith No More"],"bpm":["0"],"date":["1992-06-01"],"discnumber":["1/1"],"file_name":"08 - Faith No More - The Morning After.mp3","genre":["Rock - Alternative Metal / Punk"],"language":["eng"],"length":["220000"],"musicbrainz album release country":["JP"],"musicbrainz album status":["Official"],"musicbrainz album type":["album"],"musicbrainz_albumartistid":["b15ebd71-a252-417d-9e1c-3e6863da68f8"],"musicbrainz_albumid":["754f6a64-e4e4-31e3-a2f0-c0c91490e5cc"],"musicbrainz_artistid":["b15ebd71-a252-417d-9e1c-3e6863da68f8"],"musicbrainz_recordingid":["c99d5945-eaa4-4b3c-a51d-402bc1551570"],"musicbrainz_releasegroupid":["1ba7c980-4882-31fb-9918-12791f59d303"],"originaldate":["1989-06-20"],"replaygain_album_gain":["0.00 dB"],"replaygain_album_peak":["0.000000"],"replaygain_track_gain":["0.00 dB"],"replaygain_track_peak":["0.000000"],"script":["Latn"],"title":["The Morning After"],"tracknumber":["8/11"]},"version":{"essentia":"2.1-beta1","essentia_build_sha":"ca57ba49d9b1854bd80e60cf9ccf267278fb7d6b","essentia_git_sha":"v2.1_beta1-28-g21ef5f4-dirty","extractor":"music 1.0"}},"rhythm":{"beats_count":505,"beats_loudness":{"dmean":0.0181906204671,"dmean2":0.031743761152,"dvar":0.000176175090019,"dvar2":0.000497841101605,"max":0.109205581248,"mean":0.0320928245783,"median":0.0318037308753,"min":0.0000300229949062,"var":0.00028701548581},"beats_loudness_band_ratio":{"dmean":[0.258603543043,0.0686114132404,0.0526981167495,0.0887023061514,0.124080277979,0.115589663386],"dmean2":[0.441912978888,0.123122550547,0.0936793610454,0.155432522297,0.22760245204,0.200