{"lowlevel":{"average_loudness":0.957183420658,"barkbands":{"dmean":[0.0000346180822817,0.00435591069981,0.00626635272056,0.00242019467987,0.00251297582872,0.00132043927442,0.00105302478187,0.000618735328317,0.000316694291541,0.000428578117862,0.000254676881013,0.00028912423295,0.000208524346817,0.000195467451704,0.000149867642904,0.00018650641141,0.00017284018395,0.000167194273672,0.000232535006944,0.000225419527851,0.000259684020421,0.000217537919525,0.000135632406455,0.000068428911618,0.0000261055356532,0.0000100454435596,0.00000288772093882],"dmean2":[0.0000569016920053,0.00752237858251,0.0107139330357,0.00393578596413,0.00399516709149,0.00213667517528,0.00175711535849,0.000934206065722,0.000522369227838,0.000678340729792,0.000424066849519,0.000481916911667,0.000348202534951,0.000324859429384,0.000247389980359,0.000312604097417,0.000289925810648,0.000279393745586,0.000386059546145,0.000373585877242,0.000444976933068,0.000369212590158,0.000225497307838,0.000103851511085,0.0000411429427913,0.0000166052832355,0.00000502658485857],"dvar":[2.22389240356e-9,0.0000382621728932,0.0000801137648523,0.0000135937607411,0.000014692145669,0.00000532081958227,0.00000477054072689,0.00000279903588307,3.51758274064e-7,0.000001098485086,1.57032744141e-7,2.14915516494e-7,1.71687716488e-7,2.0702404413e-7,7.85956757454e-8,4.60472620034e-8,4.61660683015e-8,3.6326742503e-8,7.88743790281e-8,7.67418200098e-8,1.13227784482e-7,8.09463713836e-8,4.78997463915e-8,5.5533451615e-8,1.30811228516e-8,8.9199686526e-10,8.6522296272e-11],"dvar2":[5.83080650429e-9,0.000107150670374,0.000219432171434,0.0000317499725497,0.0000351264243363,0.000013358173419,0.0000135735990625,0.00000648061586617,9.65771391748e-7,0.00000269796555585,4.18095680743e-7,5.48557068214e-7,4.45357102308e-7,5.21349818428e-7,1.91619264456e-7,1.19079288652e-7,1.22710432038e-7,9.79778675969e-8,1.98936589868e-7,2.03040585234e-7,3.05838540271e-7,2.15161136907e-7,1.15763981512e-7,1.04026270265e-7,2.9649871891e-8,2.1687733831e-9,2.41639513954e-10],"max":[0.000653005205095,0.0595499761403,0.0868352800608,0.0503212250769,0.0652883797884,0.0421147719026,0.0403837300837,0.0441713035107,0.0116194784641,0.0204387009144,0.00915745366365,0.0127304075286,0.00991407781839,0.0131606617942,0.0104696787894,0.00558063853532,0.00261046504602,0.0027072543744,0.00967875309289,0.00449977489188,0.00383509160019,0.00397883355618,0.00626438530162,0.0110366130248,0.00299729849212,0.000660550780594,0.000330979179125],"mean":[0.0000587732938584,0.00816531479359,0.0124940574169,0.00355997192673,0.00486005609855,0.00266078673303,0.0017329652328,0.00100087292958,0.000546661554836,0.000690279586706,0.00041182897985,0.000497883476783,0.000323980901157,0.0002984587627,0.000283362140181,0.000385755905882,0.000349941052264,0.000371862057364,0.00058331125183,0.000541173911188,0.000616970064584,0.000569110619836,0.000368797860574,0.000163806180353,0.0000497275905218,0.0000125655960801,0.00000268477356258],"median":[0.0000433449094999,0.00654936442152,0.0105054341257,0.00205780053511,0.00328502594493,0.00125139032025,0.000770568149164,0.000302555621602,0.000316434074193,0.000287531554932,0.000274265592452,0.000326506677084,0.000145923433593,0.000143834768096,0.000204520401894,0.000326374254655,0.000276084640063,0.000321965751937,0.000488764722832,0.000438413931988,0.000509122270159,0.000496576714795,0.000331229530275,0.000113553003757,0.0000287350194412,0.00000535276285518,7.5341745287e-7],"min":[8.20943828933e-25,1.55991534627e-24,1.27859956025e-24,1.00802234052e-24,4.09702918065e-24,9.26778403914e-24,4.853868644e-24,6.78006463173e-24,1.1838087717e-23,2.25215433928e-23,3.04792061732e-23,1.47700920085e-23,2.51927747238e-23,2.795594306e-23,5.42753594623e-23,4.78565970695e-23,5.67045840447e-23,9.03790934027e-23,1.42782195636e-22,1.84610112564e-22,2.27482493952e-22,2.94794972631e-22,3.82647723208e-22,5.66177209927e-22,8.59096839306e-22,1.34032874965e-21,1.80089215087e-21],"var":[3.54303275607e-9,0.000045205677452,0.000107151681732,0.0000202804130822,0.0000272795005003,0.0000153659239004,0.0000102159092421,0.00000634918114883,6.7203643539e-7,0.00000224544669436,2.41642226229e-7,4.1684515395e-7,3.31118599206e-7,3.53339430603e-7,1.62029849093e-7,8.47576302476e-8,7.80740592177e-8,6.65750263806e-8,1.90526591837e-7,1.85341491488e-7,2.1966478414e-7,2.01171701519e-7,1.10185169433e-7,1.40652019809e-7,2.11890220925e-8,1.09741959964e-9,5.81948829403e-11]},"barkbands_crest":{"dmean":2.14580535889,"dmean2":3.55093669891,"dvar":3.78988814354,"dvar2":10.0048704147,"max":24.2425765991,"mean":10.0214662552,"median":9.63185691833,"min":2.96929788589,"var":10.6607685089},"barkbands_flatness_db":{"dmean":0.0175386108458,"dmean2":0.0285894256085,"dvar":0.000320419145282,"dvar2":0.000797404733021,"max":0.503583908081,"mean":0.122055582702,"median":0.115152075887,"min":0.0406019240618,"var":0.0017355872551},"barkbands_kurtosis":{"dmean":2.79724550247,"dmean2":4.55119466782,"dvar":62.7513084412,"dvar2":134.393630981,"max":385.686401367,"mean":5.47235631943,"median":2.91086244583,"min":-1.90782618523,"var":332.320648193},"barkbands_skewness":{"dmean":0.464706361294,"dmean2":0.759099006653,"dvar":0.308902442455,"dvar2":0.744819164276,"max":13.2377099991,"mean":2.03570532799,"median":1.95576488972,"min":-2.112885952,"var":1.36880862713},"barkbands_spread":{"dmean":6.02767801285,"dmean2":9.71179962158,"dvar":37.6897239685,"dvar2":91.7592163086,"max":104.602859497,"mean":28.6867847443,"median":27.1390228271,"min":0.332776576281,"var":179.6378479},"dissonance":{"dmean":0.00980207230896,"dmean2":0.0165279619396,"dvar":0.000123633246403,"dvar2":0.000351874710759,"max":0.500000059605,"mean":0.480829268694,"median":0.483183920383,"min":0,"var":0.000183199721505},"dynamic_complexity":2.05148553848,"erbbands":{"dmean":[0.0554829053581,1.2571823597,6.64855003357,6.39458084106,10.3130941391,7.92766237259,8.39404392242,11.7935361862,18.1983337402,9.42112541199,13.5820093155,7.34034824371,12.4181966782,10.8532629013,11.0160341263,11.4425945282,9.19805717468,10.0380964279,8.28865623474,6.66504001617,10.8860301971,8.22095870972,7.42002344131,9.94629192352,12.7648649216,10.1893520355,11.0323543549,9.60134887695,7.63753986359,6.50212860107,3.30539727211,2.04333782196,0.822918176651,0.386091530323,0.138999089599,0.0510996133089,0.016297262162,0.00425167987123,0.000486407545395,0.0000352142633346],"dmean2":[0.0938684791327,2.17154741287,11.4286718369,10.6577224731,16.4199237823,12.9389533997,13.5670289993,19.4241676331,30.2154769897,14.9980773926,20.7272949219,12.0673589706,19.5698070526,17.8277759552,18.3711280823,18.9552230835,15.3354024887,16.8163738251,13.636598587,10.945766449,18.3041133881,13.6088294983,12.3986825943,16.8033027649,20.9555988312,16.8542709351,18.7663822174,16.6228065491,12.922498703,11.049287796,5.40055274963,3.14550995827,1.25972700119,0.606637239456,0.216858372092,0.0811074748635,0.0275388807058,0.00747635960579,0.000844201247673,0.0000589333394601],"dvar":[0.00624935189262,3.22462391853,92.2490921021,68.9428863525,404.221008301,130.196136475,131.320632935,578.776367188,1601.29992676,413.639678955,1149.41455078,203.256515503,817.407592773,990.430725098,253.957397461,458.224761963,326.137786865,486.186920166,306.724243164,83.3170852661,132.819778442,110.156600952,83.9399795532,120.861206055,300.834106445,154.340087891,198.126998901,178.084671021,106.110977173,89.6736602783,33.8964347839,38.8724212646,11.1582727432,2.78170919418,0.336366802454,0.0315382145345,0.00235661258921,0.000176620364073,0.00000231082003666,5.98659255502e-9],"dvar2":[0.0171354804188,8.99380683899,253.681655884,177.240478516,908.547485352,329.220581055,341.681121826,1477.82751465,4427.52539062,953.621826172,2831.78613281,566.054931641,1994.45715332,2566.48486328,688.302978516,1149.11169434,846.276611328,1249.78405762,755.091552734,210.973693848,359.607513428,291.678436279,220.462005615,324.124847412,745.428405762,405.626647949,535.185913086,484.938293457,278.729614258,246.137924194,76.3877334595,74.7615890503,22.8100147247,6.20588445663,0.756361663342,0.0721338912845,0.00591350207105,0.000492470571771,0.00000642689337838,1.6152364779e-8],"max":[0.951555192471,17.925863266,98.4012908936,115.560287476,306.367401123,287.507415771,205.228759766,440.97567749,814.635681152,639.453613281,733.094543457,267.437561035,754.738464355,729.982727051,419.669891357,646.682739258,505.407867432,576.840698242,634.330627441,278.178619385,186.367797852,150.60508728,140.679550171,167.608734131,680.130371094,185.614456177,212.4659729,185.124771118,150.024841309,173.266082764,193.634780884,269.071380615,153.2084198,57.0639152527,14.5263977051,4.08257722855,1.17653632164,0.36934530735,0.049077924341,0.00226219417527],"mean":[0.114270657301,2.39767289162,13.9039649963,12.1218528748,15.3839168549,15.7979335785,16.602848053,22.789680481,30.9943180084,16.3851356506,22.6561927795,13.3193302155,20.8252658844,17.8065433502,19.4179916382,20.4100456238,15.5667648315,16.0038928986,15.4481039047,14.3870439529,24.7044582367,18.8431434631,17.0524463654,25.2014465332,32.6678009033,25.8384361267,26.1388187408,22.4895401001,19.5825023651,15.7735080719,9.46880531311,5.31508779526,1.86424565315,0.760155916214,0.250661432743,0.074541695416,0.0195023175329,0.00425217207521,0.000461905088741,0.0000724490528228],"median":[0.0899879485369,1.86959195137,12.0988006592,9.45749759674,8.22896575928,10.4726257324,11.3560523987,8.32182693481,12.4667606354,7.5525560379,8.73009967804,8.03164100647,9.6586856842,8.99941730499,13.5124607086,12.9849376678,7.88758277893,7.19782924652,10.3321008682,11.3046798706,21.3872261047,15.3669548035,14.5698032379,22.6995353699,25.8055839539,21.397277832,21.6551475525,18.3161506653,16.5174446106,14.1412277222,8.33066654205,4.06049871445,1.26599144936,0.459810197353,0.139341831207,0.0350574702024,0.00802831910551,0.0015119984746,0.000138442148454,0.0000556483937544],"min":[6.16396978678e-23,4.72245863247e-22,1.99702483282e-21,7.70105392625e-21,1.01364545954e-20,1.48042501401e-20,3.77353106916e-20,5.75538053048e-20,8.63862324558e-20,1.04005980834e-19,2.04590044722e-19,3.06192949554e-19,6.15952546813e-19,7.29554430214e-19,1.00494482812e-18,7.50939013602e-19,1.62755240485e-18,1.89720449575e-18,2.40251961938e-18,3.39220606712e-18,4.13693786571e-18,3.2776237679e-18,6.24779277393e-18,7.15434963806e-18,7.45149442078e-18,8.8312581523e-18,8.37651643773e-18,1.07672222636e-17,1.10882030829e-17,1.15076349386e-17,1.05243339116e-17,1.11899520885e-17,9.86038084934e-18,8.17010592358e-18,6.559633661e-18,4.1194624345e-18,2.45766175376e-18,8.77357802101e-19,2.52002770813e-19,2.55093809053e-20],"var":[0.00878764875233,3.91696834564,123.789855957,103.677833557,550.476928711,309.476928711,305.323486328,1646.74145508,3730.38012695,965.271850586,2442.67016602,383.523834229,1663.46166992,1782.11950684,426.188018799,894.562561035,670.881713867,905.522766113,597.982788086,158.437057495,264.835083008,186.719207764,139.576583862,264.539520264,751.152770996,390.899017334,423.299591064,291.543823242,264.056793213,158.277252197,87.6283340454,92.396774292,25.1980934143,4.78817605972,0.528590679169,0.0452713631094,0.00261362362653,0.000123868594528,0.00000159034857461,5.06148589707e-9]},"erbbands_crest":{"dmean":1.63959276676,"dmean2":2.67781567574,"dvar":3.39182710648,"dvar2":8.66117191315,"max":27.0179920197,"mean":5.8281750679,"median":4.79203224182,"min":2.26831293106,"var":10.2151594162},"erbbands_flatness_db":{"dmean":0.0092198587954,"dmean2":0.0141663849354,"dvar":0.0000924502455746,"dvar2":0.000202519877348,"max":0.28879532218,"mean":0.121768534184,"median":0.118655189872,"min":0.0178147088736,"var":0.000545559101738},"erbbands_kurtosis":{"dmean":0.373113960028,"dmean2":0.60421705246,"dvar":0.748304665089,"dvar2":1.92782652378,"max":53.455997467,"mean":-0.628469347954,"median":-1.05862092972,"min":-1.88250994682,"var":6.20386505127},"erbbands_skewness":{"dmean":0.244077399373,"dmean2":0.378028392792,"dvar":0.0548463538289,"dvar2":0.128645002842,"max":7.04919528961,"mean":-0.161641195416,"median":-0.163821011782,"min":-3.5054295063,"var":0.430817186832},"erbbands_spread":{"dmean":7.89284706116,"dmean2":12.6179590225,"dvar":53.6954154968,"dvar2":129.189102173,"max":140.707183838,"mean":64.539642334,"median":65.2108917236,"min":7.58300161362,"var":250.507385254},"gfcc":{"cov":[[22480.3105469,1369.86645508,-1808.64575195,703.48236084,-1434.55786133,338.835357666,-522.156311035,41.3122673035,-357.204498291,-115.072364807,-244.818130493,69.9622192383,-148.304138184],[1369.86645508,820.6171875,-314.754211426,10.7572689056,14.7123718262,-94.3885116577,38.7656784058,-65.0351791382,42.3821296692,-62.0029830933,19.6146602631,-40.7358436584,73.4313049316],[-1808.64575195,-314.754211426,377.774078369,-40.2614974976,118.140617371,-0.406910568476,19.5237121582,13.7612123489,9.60939788818,22.6640090942,8.79217529297,24.5965080261,-4.06018066406],[703.48236084,10.7572689056,-40.2614974976,234.08253479,-28.9857711792,35.7193984985,-20.8500957489,-16.8296279907,-9.33294010162,-20.295124054,-7.35441017151,-10.8972558975,1.06770634651],[-1434.55786133,14.7123718262,118.140617371,-28.9857711792,208.936477661,-34.6299858093,57.9392204285,-21.4662761688,29.2904529572,8.14507389069,14.6112174988,-11.6944351196,13.2465572357],[338.835357666,-94.3885116577,-0.406910568476,35.7193984985,-34.6299858093,100.295661926,14.9589967728,32.3163452148,-12.7134485245,-9.49584197998,-15.9233894348,0.361088693142,-17.6669368744],[-522.156311035,38.7656784058,19.5237121582,-20.8500957489,57.9392204285,14.9589967728,93.4402389526,19.2343215942,25.0884380341,-10.2258586884,3.37286782265,-11.92345047,-1.10011804104],[41.3122673035,-65.0351791382,13.7612123489,-16.8296279907,-21.4662761688,32.3163452148,19.2343215942,64.8722229004,18.1470661163,10.9252281189,-5.91752052307,-2.37472009659,-15.8375797272],[-357.204498291,42.3821296692,9.60939788818,-9.33294010162,29.2904529572,-12.7134485245,25.0884380341,18.1470661163,63.6169281006,20.771440506,14.841334343,-10.9655456543,-1.27991199493],[-115.072364807,-62.0029830933,22.6640090942,-20.295124054,8.14507389069,-9.49584197998,-10.2258586884,10.9252281189,20.771440506,56.7378311157,22.7672138214,8.43617248535,-13.4862747192],[-244.818130493,19.6146602631,8.79217529297,-7.35441017151,14.6112174988,-15.9233894348,3.37286782265,-5.91752052307,14.841334343,22.7672138214,47.2382850647,18.0569915771,10.6660556793],[69.9622192383,-40.7358436584,24.5965080261,-10.8972558975,-11.6944351196,0.361088693142,-11.92345047,-2.37472009659,-10.9655456543,8.43617248535,18.0569915771,51.650138855,16.5313587189],[-148.304138184,73.4313049316,-4.06018066406,1.06770634651,13.2465572357,-17.6669368744,-1.10011804104,-15.8375797272,-1.27991199493,-13.4862747192,10.6660556793,16.5313587189,54.2194633484]],"icov":[[0.000248039024882,-0.000767969060689,0.000317634403473,-0.000529553683009,0.000865031790454,-0.000560280692298,0.000562352885026,-0.000479350448586,0.00102635682561,-0.00115657073911,0.00140252267011,-0.00133170350455,0.00109691813122],[-0.000767969060689,0.00579631561413,0.00180208403617,0.00184903037734,-0.00310918292962,0.00366400531493,-0.00275659537874,0.00301508442499,-0.00583983631805,0.00698108877987,-0.00595642952248,0.00553636066616,-0.00599161628634],[0.000317634403473,0.00180208403617,0.00644052308053,-0.000320163089782,-0.00213396106847,0.000491788377985,0.000854439102113,-0.000989519292489,-0.000552356359549,0.000945056555793,0.00118578923866,-0.00326403556392,0.000310638250085],[-0.000529553683009,0.00184903037734,-0.000320163089782,0.00640934286639,-0.0017390276771,-0.00177227589302,0.000616971519776,0.00346620869823,-0.00381070747972,0.00454283552244,-0.00417878944427,0.00437564589083,-0.00270253513008],[0.000865031790454,-0.00310918292962,-0.00213396106847,-0.0017390276771,0.0126454532146,-0.000501751492266,-0.00411898037419,0.00334898778237,0.00255795498379,-0.00711073772982,0.00538075482473,-0.00166882574558,0.00183513702359],[-0.000560280692298,0.00366400531493,0.000491788377985,-0.00177227589302,-0.000501751492266,0.018717257306,-0.00615434395149,-0.00564649142325,0.00102217437234,0.00518253957853,-0.00176141981501,0.0013334013056,-0.000722690252587],[0.000562352885026,-0.00275659537874,0.000854439102113,0.000616971519776,-0.00411898037419,-0.00615434395149,0.0210468918085,-0.00693189585581,-0.00248356885277,0.00570336775854,-0.0014695096761,-0.00211402424611,0.005020219367],[-0.000479350448586,0.00301508442499,-0.000989519292489,0.00346620869823,0.00334898778237,-0.00564649142325,-0.00693189585581,0.02936832048,-0.0120289633051,-0.00157268671319,0.00227505294606,0.00217957072891,-0.00154435529839],[0.00102635682561,-0.00583983631805,-0.000552356359549,-0.00381070747972,0.00255795498379,0.00102217437234,-0.00248356885277,-0.0120289633051,0.0334735065699,-0.0161271747202,0.00162647454999,0.00111644994467,0.003012601519],[-0.00115657073911,0.00698108877987,0.000945056555793,0.00454283552244,-0.00711073772982,0.00518253957853,0.00570336775854,-0.00157268671319,-0.0161271747202,0.0429743714631,-0.0229167379439,0.00339486659504,0.00422695931047],[0.00140252267011,-0.00595642952248,0.00118578923866,-0.00417878944427,0.00538075482473,-0.00176141981501,-0.0014695096761,0.00227505294606,0.00162647454999,-0.0229167379439,0.0457254126668,-0.0196333043277,0.00214977399446],[-0.00133170350455,0.00553636066616,-0.00326403556392,0.00437564589083,-0.00166882574558,0.0013334013056,-0.00211402424611,0.00217957072891,0.00111644994467,0.00339486659504,-0.0196333043277,0.039313852787,-0.0172889120877],[0.00109691813122,-0.00599161628634,0.000310638250085,-0.00270253513008,0.00183513702359,-0.000722690252587,0.005020219367,-0.00154435529839,0.003012601519,0.00422695931047,0.00214977399446,-0.0172889120877,0.0345729142427]],"mean":[23.835100174,87.6555404663,-111.117034912,67.7561187744,-60.9434013367,14.6785860062,-27.0002269745,0.0421884320676,-19.049955368,-4.2898812294,-13.7006950378,-1.81613874435,-11.4724178314]},"hfc":{"dmean":5.97934246063,"dmean2":9.65365982056,"dvar":71.9437103271,"dvar2":176.570129395,"max":174.325531006,"mean":27.2361049652,"median":25.7340888977,"min":1.09033144848e-16,"var":212.617523193},"melbands":{"dmean":[0.000816544983536,0.0027390520554,0.00123301148415,0.000605246750638,0.000294255238259,0.000273787503829,0.000256294355495,0.000104715385532,0.000106743515062,0.0000459489456262,0.0000629548812867,0.0000453690445283,0.0000342972016369,0.0000354374933522,0.0000208094334084,0.0000228851513384,0.0000194997664948,0.0000144839114,0.000010535036381,0.0000111024774014,0.00001483323922,0.0000100003599073,0.00000807282594906,0.00000760308694225,0.00000876813646755,0.0000106646675704,0.0000099314520412,0.00000666100413582,0.0000067083178692,0.00000806670595921,0.00000555023370907,0.00000489208832732,0.0000040667250687,0.00000379038669962,0.00000211864380617,0.00000191261801774,0.00000110320343083,6.73508452564e-7,4.26756770366e-7,3.20736006643e-7],"dmean2":[0.00140590860974,0.00469318637624,0.00201116711833,0.000964071950875,0.000476596411318,0.000448695151135,0.000424388970714,0.000163114425959,0.000163633943885,0.0000761857954785,0.0000991058623185,0.0000744935168768,0.0000571863092773,0.0000590441050008,0.000034224402043,0.0000384255690733,0.0000326169429172,0.000023909515221,0.0000174204960786,0.0000183817337529,0.0000251601632044,0.0000166801000887,0.0000135581667564,0.0000127540670292,0.000014858992472,0.0000177388137672,0.0000164962548297,0.0000111380995804,0.0000113461674118,0.0000139168005262,0.00000959336375672,0.00000830283261166,0.00000689699118084,0.0000064587666202,0.00000350758114109,0.00000307730806526,0.0000016678764041,0.00000104207265395,6.6272116328e-7,5.15195836215e-7],"dvar":[0.00000134703509502,0.0000156086007337,0.00000285004784928,9.41791995501e-7,1.47344124457e-7,2.92440063276e-7,2.95892647273e-7,6.79972345097e-8,6.64260824124e-8,9.1349692255e-9,2.17925073542e-8,1.77151324721e-8,2.32069519157e-9,2.81292678039e-9,1.35130528989e-9,2.166935964e-9,1.90143589762e-9,9.8355112943e-10,2.91025398225e-10,2.46283576866e-10,2.41615116803e-10,1.55746471275e-10,1.11933552704e-10,8.59176063628e-11,9.33236127265e-11,1.90120960641e-10,1.71632652535e-10,6.80665593333e-11,6.85953932544e-11,1.08283632061e-10,5.49410968109e-11,4.24746002259e-11,2.84187170324e-11,3.13474836366e-11,1.19399941323e-11,1.78722262684e-11,1.46042067328e-11,7.12474306983e-12,3.42420774894e-12,1.79386854763e-12],"dvar2":[0.00000377749961444,0.0000429903302575,0.00000674097509545,0.00000220883953261,3.89630798736e-7,7.44172552913e-7,8.12423081697e-7,1.49692283458e-7,1.6700374772e-7,2.56874272964e-8,5.32634771844e-8,4.54465869382e-8,6.24042506558e-9,7.39396455174e-9,3.36529804024e-9,5.54070300751e-9,4.83364326342e-9,2.44599807075e-9,7.3875611184e-10,6.08516126377e-10,6.63043620008e-10,4.20062040707e-10,2.98295499412e-10,2.33959629448e-10,2.53532583816e-10,4.75056494142e-10,4.48251130658e-10,1.80127121552e-10,1.87603835244e-10,2.95667074157e-10,1.4942770632e-10,1.12213502379e-10,7.56356366427e-11,8.54926823779e-11,2.90781669576e-11,3.86428181121e-11,2.74197071298e-11,1.49621790652e-11,8.04005473309e-12,4.02033397892e-12],"max":[0.0121961804107,0.0408393219113,0.0173785146326,0.0163107197732,0.0069432281889,0.0104116247967,0.0107116131112,0.00835625268519,0.0057902187109,0.00186531757936,0.00381300668232,0.00305623351596,0.00108362280298,0.00124787341338,0.000916107208468,0.000800457724836,0.00123218470253,0.000938269833568,0.000470913073514,0.000513835228048,0.000240080349613,0.000165952194948,0.000174608197995,0.000138645773404,0.000158987313625,0.000463666307041,0.000269309617579,0.000117292795039,0.000116056660772,0.000131696971948,0.00011727475794,0.000100343706436,0.0000910011367523,0.000105144950794,0.000112130495836,0.000191710147192,0.00018160273612,0.00011793566955,0.0000656689808238,0.0000426216138294],"mean":[0.00158484536223,0.00591962831095,0.00235085352324,0.00110671867151,0.000607906666119,0.000534296734259,0.000441012729425,0.000176239322172,0.000175932014827,0.0000795120722614,0.000103245816717,0.0000710059175617,0.0000585200068599,0.0000615365861449,0.0000369340741599,0.0000345911576005,0.0000289968847937,0.0000247944917646,0.0000197799854504,0.0000214094034163,0.0000314062490361,0.0000207032899198,0.000015370449546,0.0000162305695994,0.000020126983145,0.0000248239794018,0.000022425852876,0.0000154002827912,0.0000148622148117,0.0000167312318808,0.0000119222568173,0.0000115365555757,0.00000954723600444,0.00000844814621814,0.00000539982147529,0.00000490864704261,0.00000251259302786,0.00000141541386256,8.07348214948e-7,5.82357415624e-7],"median":[0.00132586248219,0.00515147484839,0.00178480474278,0.00070698215859,0.000430689309724,0.000208873534575,0.000182883362868,0.0000680729499436,0.0000702841498423,0.0000464277181891,0.000046159937483,0.0000327764755639,0.0000410373686464,0.0000419372590841,0.0000226545744226,0.0000137029173857,0.0000122289384308,0.0000158898092195,0.0000144782770803,0.0000170840576175,0.0000268696967396,0.0000162248652487,0.0000120279128168,0.0000138306768349,0.0000177096480911,0.0000197897279577,0.0000170026578417,0.0000125693186419,0.0000122610581457,0.0000133660360007,0.00000957840256888,0.00000955772247835,0.00000813556198409,0.00000744865701563,0.00000464492040919,0.00000400793896915,0.00000172207865035,9.51691959017e-7,4.74520902571e-7,3.42722842106e-7],"min":[4.23190891404e-25,1.13951933975e-24,1.95978331849e-24,8.31622984133e-25,1.76092233112e-24,1.4270333045e-24,1.69619373005e-24,1.16655764588e-24,1.96020496464e-24,1.87860696754e-24,2.83753307051e-24,2.43278214789e-24,3.01892216934e-24,1.59492745843e-24,2.82280385412e-24,2.60059731712e-24,3.03486189279e-24,3.19100783707e-24,3.85509934608e-24,3.45442427055e-24,3.87440435015e-24,3.0628441696e-24,4.48278098001e-24,3.9920956919e-24,5.41872697316e-24,4.51221377481e-24,4.33292225714e-24,3.94943330528e-24,4.80629204838e-24,4.92466338822e-24,5.07222692029e-24,5.09334078242e-24,5.19885329507e-24,5.32979000585e-24,5.97605680827e-24,4.87160381487e-24,5.95716595617e-24,6.17864457177e-24,6.07353871691e-24,5.6400584662e-24],"var":[0.00000152235168116,0.0000203413455893,0.00000418475201514,0.00000163443394285,3.55870696467e-7,8.24795051813e-7,6.9135251124e-7,1.61962816492e-7,1.37040814252e-7,1.6984945006e-8,4.4389675935e-8,3.23123927615e-8,3.79382525395e-9,5.25118304395e-9,2.77459255571e-9,4.19274170937e-9,3.50061912791e-9,1.71267433569e-9,5.77176473282e-10,4.35886438055e-10,4.53927367916e-10,2.66194316589e-10,1.61011481925e-10,1.44205092312e-10,1.87107399019e-10,4.32356039859e-10,4.12125888971e-10,1.48906165176e-10,1.36850669685e-10,1.87215368208e-10,8.7781351632e-11,1.00573618877e-10,6.30790975009e-11,5.02805921898e-11,2.79250303437e-11,3.9502890542e-11,3.41757490363e-11,1.53084350751e-11,5.80640787187e-12,2.89338171477e-12]},"melbands_crest":{"dmean":3.22501826286,"dmean2":5.3902463913,"dvar":9.11783599854,"dvar2":23.5610466003,"max":37.004901886,"mean":17.6884212494,"median":17.5485095978,"min":1.55623948574,"var":30.1384944916},"melbands_flatness_db":{"dmean":0.0220752730966,"dmean2":0.0359991230071,"dvar":0.000511888414621,"dvar2":0.00126939557958,"max":0.629102647305,"mean":0.187740921974,"median":0.182083278894,"min":0.00264289602637,"var":0.00293657253496},"melbands_kurtosis":{"dmean":10.0313520432,"dmean2":16.5414066315,"dvar":557.706970215,"dvar2":1241.1184082,"max":798.605224609,"mean":26.4129161835,"median":19.8151359558,"min":-1.70192492008,"var":1576.66174316},"melbands_skewness":{"dmean":0.790905714035,"dmean2":1.29291510582,"dvar":0.833936274052,"dvar2":2.03947353363,"max":20.5512466431,"mean":4.22170734406,"median":4.08214092255,"min":-0.249067366123,"var":2.99733233452},"melbands_spread":{"dmean":5.79629182816,"dmean2":9.43573379517,"dvar":56.1276473999,"dvar2":130.949661255,"max":191.129379272,"mean":21.5099067688,"median":17.557308197,"min":0.26044484973,"var":350.00302124},"mfcc":{"cov":[[8831.45996094,913.846130371,134.103424072,94.0398330688,-307.8956604,36.9371566772,-147.035751343,76.4623336792,-132.193222046,-47.2271614075,-135.059463501,-46.1688728333,-10.682841301],[913.846130371,819.115661621,-201.280944824,110.743003845,-31.145450592,13.781370163,-23.8725395203,-4.9424738884,21.9825935364,-24.5914230347,-24.9370708466,13.5465812683,6.62563943863],[134.103424072,-201.280944824,196.326629639,16.5445728302,23.3836860657,8.539478302,6.87284135818,17.3265419006,-7.159055233,1.66343939304,-6.64820575714,-1.96868622303,7.13789892197],[94.0398330688,110.743003845,16.5445728302,179.699569702,45.8261795044,44.586353302,0.955292999744,-3.90969109535,3.4226603508,-7.5034365654,-12.0067529678,3.12026596069,4.92105436325],[-307.8956604,-31.145450592,23.3836860657,45.8261795044,87.0443115234,24.0124073029,9.5267496109,-10.6150188446,5.83436918259,-1.92201673985,1.44327807426,0.192155703902,2.38114142418],[36.9371566772,13.781370163,8.539478302,44.586353302,24.0124073029,66.265586853,23.4755058289,15.6737165451,4.48883008957,-1.19135224819,0.094642162323,-1.51343762875,-3.67825961113],[-147.035751343,-23.8725395203,6.87284135818,0.955292999744,9.5267496109,23.4755058289,59.7211647034,26.2430667877,10.7493648529,3.00197553635,3.42678523064,-1.02503430843,-4.12672519684],[76.4623336792,-4.9424738884,17.3265419006,-3.90969109535,-10.6150188446,15.6737165451,26.2430667877,67.5051193237,22.2568073273,13.079000473,-1.1240093708,-1.26336967945,0.257930546999],[-132.193222046,21.9825935364,-7.159055233,3.4226603508,5.83436918259,4.48883008957,10.7493648529,22.2568073273,48.4512863159,19.7745304108,6.18254852295,2.43509340286,-1.8318605423],[-47.2271614075,-24.5914230347,1.66343939304,-7.5034365654,-1.92201673985,-1.19135224819,3.00197553635,13.079000473,19.7745304108,58.8485031128,27.5397586823,7.87074947357,-0.298974573612],[-135.059463501,-24.9370708466,-6.64820575714,-12.0067529678,1.44327807426,0.094642162323,3.42678523064,-1.1240093708,6.18254852295,27.5397586823,54.537109375,21.0726203918,2.39476251602],[-46.1688728333,13.5465812683,-1.96868622303,3.12026596069,0.192155703902,-1.51343762875,-1.02503430843,-1.26336967945,2.43509340286,7.87074947357,21.0726203918,40.9317779541,18.99152565],[-10.682841301,6.62563943863,7.13789892197,4.92105436325,2.38114142418,-3.67825961113,-4.12672519684,0.257930546999,-1.8318605423,-0.298974573612,2.39476251602,18.99152565,40.8810348511]],"icov":[[0.000205008662306,-0.00033976114355,-0.000516268948559,0.0000570983938815,0.000678809417877,-0.00041115609929,0.000488593766931,-0.000276237755315,0.00068423349876,-0.000269941345323,0.00025410784292,0.00012311025057,0.000123047240777],[-0.00033976114355,0.00270121940412,0.00306940986775,-0.00172258750536,-0.000129842184833,0.000566731905565,-0.0000452808817499,0.0000163908262039,-0.00211525219493,0.00118538725656,0.000501328438986,-0.00116281700321,-0.000376550655346],[-0.000516268948559,0.00306940986775,0.00930550508201,-0.00201889663003,-0.00274753989652,0.00139854336157,-0.00031305916491,-0.00233526597731,-0.000301342981402,0.000553941819817,0.00106742896605,-0.00102878734469,-0.00133915804327],[0.0000570983938815,-0.00172258750536,-0.00201889663003,0.00902305729687,-0.00329501298256,-0.00513048097491,0.00148519396316,0.00105369801167,0.000189407801372,-0.000807878212072,0.0018958284054,-0.000986619968899,-0.000216100408579],[0.000678809417877,-0.000129842184833,-0.00274753989652,-0.00329501298256,0.0186739135534,-0.00534396478906,-0.000716092821676,0.00494957808405,-0.00234080734663,0.000241660134634,-0.000207845878322,0.00165253144223,-0.0014558613766],[-0.00041115609929,0.000566731905565,0.00139854336157,-0.00513048097491,-0.00534396478906,0.0242125876248,-0.00760439923033,-0.00432857032865,0.000958761258516,0.0016366133932,-0.00238800654188,0.000354531744961,0.00195368821733],[0.000488593766931,-0.0000452808817499,-0.00031305916491,0.00148519396316,-0.000716092821676,-0.00760439923033,0.0250383038074,-0.0088349385187,0.0000744346616557,0.00159401458222,-0.00105726905167,-0.00024667190155,0.00214314833283],[-0.000276237755315,0.0000163908262039,-0.00233526597731,0.00105369801167,0.00494957808405,-0.00432857032865,-0.0088349385187,0.0250079408288,-0.0101532982662,-0.00301438337192,0.00267599872313,0.000845954113174,-0.00254807481542],[0.00068423349876,-0.00211525219493,-0.000301342981402,0.000189407801372,-0.00234080734663,0.000958761258516,0.0000744346616557,-0.0101532982662,0.0321101434529,-0.009759969078,0.00222752359696,-0.00123497855384,0.00265631172806],[-0.000269941345323,0.00118538725656,0.000553941819817,-0.000807878212072,0.000241660134634,0.0016366133932,0.00159401458222,-0.00301438337192,-0.009759969078,0.02726457268,-0.0138274021447,0.00199531461112,-0.000303912238451],[0.00025410784292,0.000501328438986,0.00106742896605,0.0018958284054,-0.000207845878322,-0.00238800654188,-0.00105726905167,0.00267599872313,0.00222752359696,-0.0138274021447,0.0328552089632,-0.0167602691799,0.00510435597971],[0.00012311025057,-0.00116281700321,-0.00102878734469,-0.000986619968899,0.00165253144223,0.000354531744961,-0.00024667190155,0.000845954113174,-0.00123497855384,0.00199531461112,-0.0167602691799,0.0416727587581,-0.0179938450456],[0.000123047240777,-0.000376550655346,-0.00133915804327,-0.000216100408579,-0.0014558613766,0.00195368821733,0.00214314833283,-0.00254807481542,0.00265631172806,-0.000303912238451,0.00510435597971,-0.0179938450456,0.0334841758013]],"mean":[-601.535827637,96.7428512573,12.4384555817,47.8592453003,-1.04375731945,18.4933414459,-0.253839343786,10.0856571198,-2.50528526306,1.90106511116,-5.13227415085,0.637260556221,2.00393462181]},"pitch_salience":{"dmean":0.0732224956155,"dmean2":0.1214325279,"dvar":0.0048250569962,"dvar2":0.0124960821122,"max":0.906625211239,"mean":0.518838167191,"median":0.519564092159,"min":0.0354782119393,"var":0.0128968721256},"silence_rate_20dB":{"dmean":0,"dmean2":0,"dvar":0,"dvar2":0,"max":1,"mean":1,"median":1,"min":1,"var":0},"silence_rate_30dB":{"dmean":0.000904670334421,"dmean2":0.00180954532698,"dvar":0.0009038260323,"dvar2":0.00248489505611,"max":1,"mean":0.999434649944,"median":1,"min":0,"var":0.000565058551729},"silence_rate_60dB":{"dmean":0.00067850277992,"dmean2":0.00135715899523,"dvar":0.00067805883009,"dvar2":0.00180772820022,"max":1,"mean":0.0317729525268,"median":0,"min":0,"var":0.0307637788355},"spectral_centroid":{"dmean":266.123809814,"dmean2":428.296112061,"dvar":79823.1328125,"dvar2":189421.421875,"max":11650.7050781,"mean":1766.8951416,"median":1636.51647949,"min":112.499092102,"var":1225730.375},"spectral_complexity":{"dmean":4.9935541153,"dmean2":7.72404432297,"dvar":25.2908782959,"dvar2":54.1753082275,"max":58,"mean":28.6267528534,"median":29,"min":0,"var":110.944335938},"spectral_contrast_coeffs":{"dmean":[0.0467309132218,0.0460973493755,0.0349657870829,0.0261341556907,0.0181421805173,0.0163409914821],"dmean2":[0.0775307193398,0.0760264322162,0.0574204400182,0.0440731830895,0.0304742828012,0.027069337666],"dvar":[0.00147538224701,0.00138507049996,0.000766200944781,0.000413223984651,0.000199721689569,0.000228002390941],"dvar2":[0.00385976000689,0.00376143911853,0.00210820185021,0.00116491108201,0.00055688910652,0.000569936586544],"max":[-0.334406584501,-0.424781471491,-0.572147846222,-0.649412512779,-0.653208971024,-0.610984563828],"mean":[-0.627990841866,-0.734030306339,-0.808747112751,-0.814649641514,-0.803821742535,-0.695058465004],"median":[-0.627670347691,-0.740894436836,-0.814142584801,-0.817619502544,-0.803731620312,-0.689360380173],"min":[-0.979223906994,-0.978339493275,-0.975949943066,-0.981510043144,-0.969088733196,-0.964787960052],"var":[0.00511685525998,0.00579080684111,0.00281614949927,0.00147868297063,0.000963441794738,0.00176658364944]},"spectral_contrast_valleys":{"dmean":[0.360570132732,0.342702031136,0.310511797667,0.259912461042,0.185603931546,0.195100650191],"dmean2":[0.607716679573,0.560513436794,0.503471672535,0.413128823042,0.292983978987,0.293381869793],"dvar":[0.110064506531,0.107821196318,0.0900859236717,0.0702151060104,0.0513591170311,0.0887147113681],"dvar2":[0.280589878559,0.255357205868,0.208902895451,0.151106208563,0.0999233424664,0.172863394022],"max":[-5.23865318298,-4.66139364243,-5.48830127716,-5.94929838181,-5.62408924103,-7.2644200325],"mean":[-6.81525325775,-6.79664993286,-7.24528837204,-7.57033538818,-6.99880456924,-9.89126586914],"median":[-6.45890045166,-6.45176696777,-6.88305187225,-7.25343036652,-6.67016983032,-9.48161697388],"min":[-28.4055137634,-28.153339386,-27.7943477631,-27.75507164,-27.5030212402,-27.4212741852],"var":[5.25703668594,5.42780303955,5.22969770432,4.90726661682,5.06447315216,4.1442937851]},"spectral_decrease":{"dmean":3.09347014671e-9,"dmean2":5.13049691619e-9,"dvar":1.58745323233e-17,"dvar2":4.1619754648e-17,"max":1.74625620839e-28,"mean":-1.03678381436e-8,"median":-9.65066071501e-9,"min":-3.86455276669e-8,"var":2.44837851254e-17},"spectral_energy":{"dmean":0.011991831474,"dmean2":0.0198812726885,"dvar":0.0002386434644,"dvar2":0.000623491767328,"max":0.150065645576,"mean":0.0416009388864,"median":0.0390088781714,"min":9.97756321633e-21,"var":0.000374807132175},"spectral_energyband_high":{"dmean":0.000600258121267,"dmean2":0.000996345421299,"dvar":8.22675019663e-7,"dvar2":0.00000200247973225,"max":0.0206682421267,"mean":0.00201511918567,"median":0.00178926950321,"min":7.07117850801e-21,"var":0.0000023106840672},"spectral_energyband_low":{"dmean":0.00933404825628,"dmean2":0.0159318186343,"dvar":0.000175460212631,"dvar2":0.000483402051032,"max":0.134278610349,"mean":0.0224447771907,"median":0.0203332286328,"min":1.55455265011e-23,"var":0.000215906053199},"spectral_energyband_middle_high":{"dmean":0.00125182268675,"dmean2":0.00200302503072,"dvar":0.00000267018890554,"dvar2":0.00000677103298585,"max":0.0253268163651,"mean":0.00439094053581,"median":0.00359935383312,"min":1.24515875251e-21,"var":0.00000954290680966},"spectral_energyband_middle_low":{"dmean":0.00538695277646,"dmean2":0.00845120474696,"dvar":0.000056220429542,"dvar2":0.000124215803226,"max":0.0942745804787,"mean":0.014663932845,"median":0.011661844328,"min":1.49135618258e-22,"var":0.000125656923046},"spectral_entropy":{"dmean":0.0916009619832,"dmean2":0.146400898695,"dvar":0.0100350799039,"dvar2":0.0234147440642,"max":9.82733726501,"mean":7.91603326797,"median":7.93451309204,"min":5.26996183395,"var":0.0911578834057},"spectral_flux":{"dmean":0.0269173309207,"dmean2":0.0414525233209,"dvar":0.000929921341594,"dvar2":0.00186361058149,"max":0.308632433414,"mean":0.0924674719572,"median":0.082134604454,"min":6.42219472047e-11,"var":0.00202784826979},"spectral_kurtosis":{"dmean":0.71865439415,"dmean2":1.25266122818,"dvar":0.610101401806,"dvar2":1.90545964241,"max":13.7174186707,"mean":1.5517616272,"median":1.35349321365,"min":-1.26085019112,"var":1.21774125099},"spectral_rms":{"dmean":0.00085982971359,"dmean2":0.00140936451498,"dvar":9.81804760158e-7,"dvar2":0.00000251623100667,"max":0.0120998146012,"mean":0.00614533899352,"median":0.00616907142103,"min":3.11996934364e-12,"var":0.00000282116639028},"spectral_rolloff":{"dmean":543.040710449,"dmean2":907.612060547,"dvar":602796.875,"dvar2":1421066.875,"max":19659.8144531,"mean":1410.37097168,"median":775.1953125,"min":43.06640625,"var":4834366.5},"spectral_skewness":{"dmean":0.123737260699,"dmean2":0.206044510007,"dvar":0.0130268540233,"dvar2":0.0365585833788,"max":2.89051127434,"mean":0.835561931133,"median":0.831384599209,"min":-0.074372023344,"var":0.0548577792943},"spectral_spread":{"dmean":304711.53125,"dmean2":489634.1875,"dvar":317494034432,"dvar2":648815968256,"max":42458924,"mean":5137002.5,"median":4785075,"min":2429675.75,"var":14084037673000},"spectral_strongpeak":{"dmean":0.290888488293,"dmean2":0.501427710056,"dvar":0.226724684238,"dvar2":0.611546993256,"max":7.95406532288,"mean":0.650509178638,"median":0.563443541527,"min":0,"var":0.296992540359},"zerocrossingrate":{"dmean":0.00881816167384,"dmean2":0.0112860230729,"dvar":0.000101738121884,"dvar2":0.000169492792338,"max":0.52587890625,"mean":0.0671864300966,"median":0.060546875,"min":0.00390625,"var":0.00280432286672}},"metadata":{"audio_properties":{"analysis_sample_rate":44100,"bit_rate":0,"codec":"flac","downmix":"mix","equal_loudness":0,"length":205.320007324,"lossless":true,"md5_encoded":"e9b93b257d934f5bf5bf63252eeefba3","replay_gain":-14.7257080078},"tags":{"acoustid_id":["58df1991-3505-4fef-bf08-aa2554ac2786"],"album":["Queens of the Stone Age"],"albumartist":["Queens of the Stone Age"],"artist":["Queens of the Stone Age"],"date":["2011-03-07"],"discnumber":["1"],"disctotal":["1"],"file_name":"02 - Queens of the Stone Age - Avon.flac","musicbrainz_albumartistid":["7dc8f5bd-9d0b-4087-9f73-dc164950bbd8"],"musicbrainz_albumid":["2a8572ac-41c9-355a-b373-021323ce281e"],"musicbrainz_artistid":["7dc8f5bd-9d0b-4087-9f73-dc164950bbd8"],"musicbrainz_recordingid":["c9b1f4e7-3ff2-4409-9692-363ac4cdc47e"],"musicbrainz_releasegroupid":["17ee0d7f-4a9d-317f-a0b0-8ca528a34b19"],"replaygain_album_gain":["-10.58 dB"],"replaygain_album_peak":["0.988647"],"replaygain_track_gain":["-11.16 dB"],"replaygain_track_peak":["0.988647"],"title":["Avon"],"tracknumber":["2"],"tracktotal":["14"]},"version":{"essentia":"2.1-beta1","essentia_build_sha":"46c2b6830b139c2e69ed9f3e0d9145e1b8fbae31","essentia_git_sha":"v2.1_beta1-6-g5578087","extractor":"music 1.0"}},"rhythm":{"beats_count":451,"beats_loudness":{"dmean":0.0208299942315,"dmean2":0.0386237986386,"dvar":0.000235149476794,"dvar2":0.000704208621755,"max":0.107139021158,"mean":0.0489029511809,"median":0.0493745990098,"min":0,"var":0.000364351377357},"beats_loudness_band_ratio":{"dmean":[0.15147536993,0.109654679894,0.055734552443,0.0336966887116,0.0223528146744,0.0424463562667],"dmean2":[0.274122029543,0.19668418169,0.101618736982,0.0611866340041,0.0394502952695,0.0750037953258],"dvar":[0.0146094905213,0.00548237981275,0.00480017345399,0.00251967296936,0.00048097508261,0.00284787546843],"dvar2":[0.0411149226129,0.0178212877363,0.01500635501,0.00795192644,0.00134201673791,0.00807709433138],"max":[0.996832311153,0.541737914085,0.5259441137