{"lowlevel":{"average_loudness":0.815121352673,"barkbands":{"dmean":[0.0000557398452656,0.00401188153774,0.0023944627028,0.00152664072812,0.00207776203752,0.000638351077214,0.000408708321629,0.000317319179885,0.000726245576516,0.000746721576434,0.000432780274423,0.000369841436623,0.000461818592157,0.000555517908651,0.00034437852446,0.000224375035032,0.000171826774022,0.000132297922391,0.000130848420667,0.000111636101792,0.0000741888870834,0.000132186018163,0.000126722065033,0.000166733181686,0.00017392510199,0.0000694298942108,0.0000046815771384],"dmean2":[0.000088822991529,0.0067021921277,0.00416073575616,0.00257772090845,0.00347897876054,0.0009899684228,0.00064449175261,0.000476444896776,0.00113362271804,0.0011409240542,0.000668725988362,0.000563686771784,0.000717923569027,0.00085649988614,0.000530243909452,0.000338743324392,0.000273400335573,0.000201757124159,0.000202550494578,0.000169213890331,0.000113403759315,0.000199364876607,0.000189837897778,0.000253296922892,0.000254429643974,0.0000990363623714,0.00000667155609335],"dvar":[2.23734346605e-8,0.000119123171316,0.0000226451229537,0.00000796323911345,0.0000233277041843,0.000002490210818,0.00000200915314963,0.00000213693942896,0.0000104363525679,0.00000825912866276,0.00000413305497204,0.00000256934822573,0.00000413204224969,0.00000581252970733,0.00000144657974488,8.95546349966e-7,4.66590307724e-7,9.74580629531e-8,8.03626889478e-8,6.66497257384e-8,1.77166938897e-8,5.55588535178e-8,8.79594210801e-8,1.09698319761e-7,1.16037945475e-7,2.75335594324e-8,1.64623148446e-10],"dvar2":[5.64898776645e-8,0.000299676088616,0.0000643018938717,0.0000201521761483,0.0000604494380241,0.00000560707758268,0.00000455608596894,0.00000507734694111,0.0000234632625506,0.0000191125855054,0.00000987786825135,0.00000636174036117,0.0000104369855762,0.0000142749331644,0.00000330505667989,0.00000199594478545,0.00000120355082345,2.21037893766e-7,1.83674387699e-7,1.580462623e-7,4.22717647552e-8,1.28644757069e-7,1.86534549584e-7,2.42067898171e-7,2.57738406617e-7,5.91037938591e-8,3.45287770598e-10],"max":[0.00230868649669,0.0902098566294,0.0828336924314,0.0445378497243,0.0536405518651,0.0335103794932,0.044162068516,0.0553135424852,0.0826589018106,0.0685874670744,0.0519620627165,0.0441998951137,0.0515284240246,0.0746236145496,0.02764903754,0.040562544018,0.0319202616811,0.00822472106665,0.0073815183714,0.00844139419496,0.00249285134487,0.00411751680076,0.00858158338815,0.00732596544549,0.00459758704528,0.0020276713185,0.000271617725957],"mean":[0.0000629333080724,0.00490096583962,0.00358068337664,0.00321400491521,0.00252145598643,0.00120149925351,0.000746285659261,0.000608336762525,0.00111334223766,0.00119756208733,0.00061749399174,0.000536614155862,0.000643295818008,0.000776783504989,0.000495422165841,0.000332651019562,0.000265650422079,0.000252203957643,0.000257787731243,0.000224993753363,0.000141806376632,0.000240104156546,0.000202755632927,0.000266017101239,0.000271544355201,0.0000969534958131,0.00000702824490872],"median":[0.00000229831312026,0.00177479418926,0.00186895369552,0.00153061863966,0.000965932034887,0.000477122841403,0.000189581944142,0.000131816312205,0.000144464545883,0.0000972248817561,0.0000492065446451,0.0000654771574773,0.0000314338831231,0.0000692497924319,0.000108392676339,0.0000699762604199,0.0000773019419285,0.000108476342575,0.000129451131215,0.0000956273142947,0.0000748093516449,0.000122484838357,0.0000754962456995,0.0000898021826288,0.000066341352067,0.0000128738538479,3.21906838963e-7],"min":[2.40412608526e-25,3.36748943221e-24,1.42708398882e-24,4.64750992816e-25,7.41515366956e-24,4.74135301866e-24,9.28780454005e-24,8.19901477436e-24,1.52338317802e-23,4.69566061731e-24,9.15216858487e-24,2.7584064563e-23,2.46102198779e-23,2.9260005867e-23,3.101240357e-23,3.79445313964e-23,5.20259383683e-23,7.95234017811e-23,1.09089656073e-22,1.77560346644e-22,2.09607006814e-22,2.61463062409e-22,3.25521420434e-22,5.75862907231e-22,8.26666502435e-22,1.28016822278e-21,1.90757300439e-21],"var":[2.52815492985e-8,0.00010826363723,0.0000258610525634,0.0000199407259061,0.0000214634364966,0.00000570733845962,0.00000636495269646,0.00000490604952574,0.0000153343735292,0.0000186208853847,0.00000758849046179,0.00000427291206506,0.00000867436938279,0.00000937091499509,0.00000238601842284,0.00000159885314588,5.35616266006e-7,2.51832886988e-7,2.0006471857e-7,2.36024661149e-7,3.52193794129e-8,1.05514821769e-7,1.67098917814e-7,2.06321459473e-7,2.12073004491e-7,4.28453859058e-8,3.80544984413e-10]},"barkbands_crest":{"dmean":2.66153979301,"dmean2":4.37966680527,"dvar":7.2689242363,"dvar2":19.2695465088,"max":26.213344574,"mean":10.6126461029,"median":9.89477157593,"min":2.01040697098,"var":17.5318031311},"barkbands_flatness_db":{"dmean":0.0230273175985,"dmean2":0.0344993695617,"dvar":0.000565413851291,"dvar2":0.00123357784469,"max":0.455764144659,"mean":0.133610099554,"median":0.12724545598,"min":0.0256547350436,"var":0.00261359568685},"barkbands_kurtosis":{"dmean":4.00654029846,"dmean2":6.38172388077,"dvar":70.0718460083,"dvar2":161.131484985,"max":320.179931641,"mean":6.02894926071,"median":2.13380002975,"min":-1.92457342148,"var":193.505874634},"barkbands_skewness":{"dmean":0.647018909454,"dmean2":0.998179793358,"dvar":0.608476758003,"dvar2":1.41260623932,"max":14.3969488144,"mean":1.79487192631,"median":1.59398078918,"min":-3.10547947884,"var":2.63026499748},"barkbands_spread":{"dmean":8.75180530548,"dmean2":13.5114564896,"dvar":122.255577087,"dvar2":281.401916504,"max":113.794197083,"mean":29.6343631744,"median":25.8918457031,"min":0.287418812513,"var":343.429107666},"dissonance":{"dmean":0.0166833344847,"dmean2":0.0276075936854,"dvar":0.000318088394124,"dvar2":0.000855677004438,"max":0.500000059605,"mean":0.461279153824,"median":0.467799305916,"min":0.293229430914,"var":0.000758345646318},"dynamic_complexity":5.13915300369,"erbbands":{"dmean":[0.0908584296703,1.00979208946,2.64803195,4.05080986023,6.710896492,6.2311296463,4.07075595856,5.57011508942,6.47593593597,4.58939743042,9.30083847046,17.3986606598,18.3204460144,23.8414211273,17.2098846436,15.7659730911,22.7475204468,26.2162685394,18.6529445648,16.8386764526,10.0739431381,8.02531337738,6.62194681168,6.14884376526,6.82885360718,5.4908490181,3.07353043556,3.36238074303,4.65350294113,3.79785966873,3.73449063301,3.87285709381,2.79575753212,2.0221221447,1.20942223072,0.450928717852,0.106567300856,0.0121592786163,0.00083073793212,0.0000360535414075],"dmean2":[0.150069177151,1.71092998981,4.64073991776,6.79003953934,11.369893074,10.38230896,6.52973127365,8.66999912262,10.0474328995,7.05469703674,13.890920639,27.0623760223,28.6351833344,35.480846405,26.6823654175,24.1869773865,35.2804336548,39.1419029236,28.9814834595,25.4631748199,14.8823337555,12.6056966782,10.0542078018,9.40937423706,10.4497871399,8.31521129608,4.7208032608,5.10116529465,7.081199646,5.82670211792,5.60296392441,5.89635562897,4.27900743484,3.03323745728,1.79577481747,0.654076039791,0.151144087315,0.0173067059368,0.00114187714644,0.0000481686474814],"dvar":[0.0656282827258,7.47334337234,32.6115264893,54.5272254944,204.477249146,221.091384888,77.7936172485,250.876434326,469.443054199,271.376037598,1828.08288574,7453.9296875,6432.30175781,9716.23242188,5163.20849609,4003.87060547,10903.4082031,12862.1103516,4412.73925781,5459.27246094,1582.00842285,895.372497559,223.010116577,226.701400757,242.217636108,172.696304321,33.3152542114,36.7162094116,71.6953277588,68.1636047363,82.2415847778,61.4727020264,36.0364074707,17.5987186432,5.97020959854,0.935216426849,0.0847583338618,0.00102892285213,0.0000048768065426,5.670915737e-9],"dvar2":[0.159714758396,19.329668045,92.484954834,140.468841553,537.256835938,569.895324707,188.76953125,554.011047363,1065.56176758,580.16217041,4244.56689453,16916.0390625,15791.3232422,21184.2988281,12716.8916016,10078.8818359,27676.5527344,30290.8164063,10471.5341797,11815.1474609,2931.59350586,2306.41479492,502.291870117,523.454345703,563.051269531,414.49331665,78.044883728,88.0550231934,170.728134155,158.591888428,177.361099243,135.74458313,79.3440246582,39.8708000183,13.5772695541,2.04208040237,0.185523584485,0.00221923715435,0.00000952525533648,1.1362485175e-8],"max":[2.25608038902,23.8508720398,86.7036743164,103.529335022,165.512771606,170.585189819,208.893249512,393.968048096,616.027648926,792.678344727,1532.22033691,2457.93505859,2350.16015625,2337.52734375,1773.97973633,1399.28527832,2893.25024414,3164.32568359,1912.23120117,2507.14477539,2632.18994141,1067.2824707,344.854827881,435.4871521,493.816986084,480.704772949,155.289932251,87.0938873291,121.073242188,234.21812439,278.672546387,193.230072021,173.211273193,61.2108039856,37.8563232422,11.8169803619,5.265666008,0.45296934247,0.0522457882762,0.00136169360485],"mean":[0.109898671508,1.22626626492,3.71025085449,9.23121261597,9.11343955994,7.68810462952,7.77313184738,9.67140769958,11.681520462,8.57875061035,17.8304290771,26.9981956482,28.3505249023,40.0943527222,25.76014328,24.8674659729,34.7222061157,39.175994873,28.7033023834,24.9818725586,17.4922962189,13.8761777878,13.2879085541,12.6046438217,13.8259248734,11.4576931,6.01902484894,6.53074550629,8.30403614044,6.16451931,6.00835990906,6.08267879486,4.33795213699,3.15923857689,1.76220452785,0.645513176918,0.143046051264,0.0173643734306,0.0013552037999,0.0000718797600712],"median":[0.0151693699881,0.523240447044,2.02262449265,5.20231437683,4.25388336182,2.84163570404,3.55836439133,2.97627067566,2.92540955544,2.83432388306,4.09894657135,3.9054441452,5.3381485939,2.97273921967,3.32772254944,3.44343519211,2.33186650276,4.16949939728,4.99700880051,5.3031129837,4.28087902069,4.78542709351,6.1161108017,5.91549873352,6.6392455101,5.06921291351,3.23403406143,3.49033498764,4.31043815613,2.66639661789,2.2701382637,2.02014446259,1.34253334999,0.834938585758,0.363285124302,0.099597029388,0.0146035328507,0.00136409327388,0.0000910648668651,0.0000336216326104],"min":[4.81460963999e-23,4.20926409772e-22,1.68745380124e-21,6.35067471001e-21,1.1198268543e-20,2.48867869382e-20,5.19899461667e-20,4.6663814213e-20,9.1970748491e-20,1.21912618714e-19,2.63427220747e-19,3.90151032096e-19,4.34236682667e-19,3.09761406717e-19,8.30408633195e-19,1.45298782729e-18,1.22590793079e-18,1.30557979604e-18,1.7441645019e-18,1.57480464815e-18,3.19692299337e-18,4.36288059567e-18,5.83172175299e-18,7.01300515089e-18,6.84397327426e-18,8.05514353486e-18,8.01791378986e-18,8.43155703569e-18,9.96232755111e-18,1.04927769712e-17,9.68617909388e-18,1.0153994398e-17,8.35857654461e-18,7.40208030535e-18,5.67852707637e-18,4.08605798623e-18,2.21280305755e-18,9.61730638172e-19,2.63507896706e-19,2.79472017239e-20],"var":[0.0638872087002,6.45148468018,30.3366928101,131.942398071,212.466278076,201.689086914,180.124481201,520.421386719,1312.73059082,979.272827148,4070.66772461,10524.1123047,9438.71582031,25024.6542969,9858.01367188,7023.97558594,24350.7070313,23155.6835938,7423.24707031,9196.13476563,3602.13476563,1126.89172363,583.725097656,624.126342773,683.122070313,642.708251953,70.3522720337,72.6226577759,121.130325317,114.517929077,149.963684082,112.130531311,70.8846588135,30.8063583374,9.72122192383,1.55363225937,0.12077421695,0.00178612582386,0.0000131900997076,1.24684618186e-8]},"erbbands_crest":{"dmean":2.44405817986,"dmean2":3.83290171623,"dvar":7.41297674179,"dvar2":17.5474300385,"max":31.7949104309,"mean":8.88451480865,"median":7.38178348541,"min":2.22638082504,"var":24.9366073608},"erbbands_flatness_db":{"dmean":0.0162674747407,"dmean2":0.0233220532537,"dvar":0.000315888260957,"dvar2":0.000600902771112,"max":0.334915429354,"mean":0.132032305002,"median":0.119718492031,"min":0.044703528285,"var":0.00209839409217},"erbbands_kurtosis":{"dmean":0.863408386707,"dmean2":1.35009717941,"dvar":1.98006856441,"dvar2":4.76558828354,"max":31.0735034943,"mean":0.241477608681,"median":-0.487238377333,"min":-1.82842195034,"var":4.77584981918},"erbbands_skewness":{"dmean":0.360385864973,"dmean2":0.549054682255,"dvar":0.156365931034,"dvar2":0.374847859144,"max":3.94055581093,"mean":0.246234551072,"median":0.230553328991,"min":-3.61705708504,"var":0.523281276226},"erbbands_spread":{"dmean":11.3174123764,"dmean2":16.8932704926,"dvar":168.791397095,"dvar2":374.539428711,"max":167.92364502,"mean":57.7086372375,"median":55.0870933533,"min":1.99966776371,"var":942.474853516},"gfcc":{"cov":[[43116.8359375,2205.21459961,-1620.08740234,2340.23193359,-898.489807129,1306.95959473,-1294.00305176,376.987884521,-1031.73193359,-468.914276123,-1662.44494629,-703.113342285,-481.054870605],[2205.21459961,1694.44921875,-300.603942871,379.377258301,202.096252441,100.605827332,186.432052612,-31.7828044891,110.687423706,-208.806869507,-38.5215415955,-196.753097534,139.432830811],[-1620.08740234,-300.603942871,1095.83374023,291.015563965,183.463378906,27.5184116364,-32.298122406,-17.8756504059,-20.1066303253,-54.381187439,-130.010314941,-13.3954267502,-42.9694824219],[2340.23193359,379.377258301,291.015563965,759.163757324,139.875869751,123.05216217,-117.29309082,-19.7564182281,-10.8932094574,-132.639144897,-188.181289673,-155.898635864,15.7172651291],[-898.489807129,202.096252441,183.463378906,139.875869751,403.647766113,97.5496444702,149.010726929,-18.8816318512,62.0795898438,-39.2151794434,-38.2408638,-48.3398170471,49.4715232849],[1306.95959473,100.605827332,27.5184116364,123.05216217,97.5496444702,260.027893066,86.6622085571,40.9073104858,-5.98091650009,-8.9910402298,-52.7733573914,-35.7265663147,-6.22297239304],[-1294.00305176,186.432052612,-32.298122406,-117.29309082,149.010726929,86.6622085571,305.12689209,54.6633644104,85.6395187378,16.2704410553,80.4415130615,21.8018245697,46.3893508911],[376.987884521,-31.7828044891,-17.8756504059,-19.7564182281,-18.8816318512,40.9073104858,54.6633644104,155.090057373,54.3039512634,42.078830719,4.38826131821,20.1579761505,2.46495079994],[-1031.73193359,110.687423706,-20.1066303253,-10.8932094574,62.0795898438,-5.98091650009,85.6395187378,54.3039512634,182.629821777,47.9161071777,50.7769813538,-3.31148576736,33.5554428101],[-468.914276123,-208.806869507,-54.381187439,-132.639144897,-39.2151794434,-8.9910402298,16.2704410553,42.078830719,47.9161071777,173.799484253,112.486434937,68.2592773438,-18.9244976044],[-1662.44494629,-38.5215415955,-130.010314941,-188.181289673,-38.2408638,-52.7733573914,80.4415130615,4.38826131821,50.7769813538,112.486434937,246.82699585,100.654823303,29.0361499786],[-703.113342285,-196.753097534,-13.3954267502,-155.898635864,-48.3398170471,-35.7265663147,21.8018245697,20.1579761505,-3.31148576736,68.2592773438,100.654823303,144.808303833,26.6568470001],[-481.054870605,139.432830811,-42.9694824219,15.7172651291,49.4715232849,-6.22297239304,46.3893508911,2.46495079994,33.5554428101,-18.9244976044,29.0361499786,26.6568470001,116.418609619]],"icov":[[0.000141009440995,-0.000300158484606,0.00028236550861,-0.000258934509475,0.000200606533326,-0.00052296341164,0.000422262615757,-0.000444216799224,0.000645962543786,-0.000528036558535,0.000896149838809,-0.000476679299027,0.000422900513513],[-0.000300158484606,0.00188407755923,-0.000162837925018,-0.0000500473906868,-0.000404851423809,0.00112392718438,-0.00163572875317,0.00113975838758,-0.00180619989987,0.00230359379202,-0.00254545267671,0.0022123483941,-0.00166703213472],[0.00028236550861,-0.000162837925018,0.00197255937383,-0.00128476868849,-0.000214462372242,-0.000664816063363,0.000464029231807,-0.000754554872401,0.00111743318848,-0.000610827293713,0.00220293994062,-0.0017603879096,0.00158225279301],[-0.000258934509475,-0.0000500473906868,-0.00128476868849,0.00342487473972,-0.000899810576811,-0.000375249655917,0.00143535446841,0.00028065344668,-0.00138715864159,0.00133455335163,-0.00159345869906,0.00235222000629,-0.00168657302856],[0.000200606533326,-0.000404851423809,-0.000214462372242,-0.000899810576811,0.00477490155026,-0.00139125669375,-0.00180542015005,0.00116906303447,0.0000361485945177,-0.00134451384656,0.0021728053689,0.0000742224874557,-0.000840543827508],[-0.00052296341164,0.00112392718438,-0.000664816063363,-0.000375249655917,-0.00139125669375,0.00797763001174,-0.00417893007398,0.000517438456882,-0.000608875416219,0.000373188493541,-0.00183329975698,0.00180582341272,-0.000749990867916],[0.000422262615757,-0.00163572875317,0.000464029231807,0.00143535446841,-0.00180542015005,-0.00417893007398,0.00917226262391,-0.00353409536183,0.000459429138573,0.000254773243796,0.000106980012788,-0.00144879019354,0.000859240593854],[-0.000444216799224,0.00113975838758,-0.000754554872401,0.00028065344668,0.00116906303447,0.000517438456882,-0.00353409536183,0.0107981776819,-0.00478185480461,-0.000339371996233,-0.000325771427015,-0.000306842353893,-0.00133192481007],[0.000645962543786,-0.00180619989987,0.00111743318848,-0.00138715864159,0.0000361485945177,-0.000608875416219,0.000459429138573,-0.00478185480461,0.0119876787066,-0.00568153522909,0.00339341000654,0.000344497442711,-0.00000158828333952],[-0.000528036558535,0.00230359379202,-0.000610827293713,0.00133455335163,-0.00134451384656,0.000373188493541,0.000254773243796,-0.000339371996233,-0.00568153522909,0.0148656191304,-0.00852585211396,0.000148703722516,0.00129692675546],[0.000896149838809,-0.00254545267671,0.00220293994062,-0.00159345869906,0.0021728053689,-0.00183329975698,0.000106980012788,-0.000325771427015,0.00339341000654,-0.00852585211396,0.0154965566471,-0.00739434547722,0.00218689627945],[-0.000476679299027,0.0022123483941,-0.0017603879096,0.00235222000629,0.0000742224874557,0.00180582341272,-0.00144879019354,-0.000306842353893,0.000344497442711,0.000148703722516,-0.00739434547722,0.017078500241,-0.00707934144884],[0.000422900513513,-0.00166703213472,0.00158225279301,-0.00168657302856,-0.000840543827508,-0.000749990867916,0.000859240593854,-0.00133192481007,-0.00000158828333952,0.00129692675546,0.00218689627945,-0.00707934144884,0.0144351879135]],"mean":[-46.2899589539,61.7391357422,-97.7874679565,40.3461112976,-60.4128036499,21.0086154938,-41.3165359497,11.5475692749,-27.1238994598,0.67920601368,-17.3336029053,-3.80845665932,-13.1701507568]},"hfc":{"dmean":8.56985569,"dmean2":11.7850151062,"dvar":163.89730835,"dvar2":333.378723145,"max":173.436386108,"mean":22.903678894,"median":13.9988393784,"min":1.02659824107e-16,"var":564.794128418},"melbands":{"dmean":[0.000987329985946,0.00134690559935,0.000697705720086,0.000543475616723,0.000139289419167,0.000123931342387,0.0000958220261964,0.0000484114716528,0.0000865760157467,0.000109586260805,0.0000907851936063,0.0000986371887848,0.0000626502442174,0.0000464269469376,0.0000404623024224,0.0000481347487948,0.000052448547649,0.0000330372677126,0.0000248820088018,0.0000185930894077,0.0000127127614178,0.00000955181258178,0.00000839082622406,0.00000582061420573,0.00000530411807631,0.00000505322532263,0.00000467902782475,0.00000380039682568,0.00000212164582081,0.00000187618218206,0.00000222607445721,0.00000266327219833,0.00000292902950605,0.00000197732674678,0.00000212942745748,0.00000266546612693,0.00000230204477703,0.00000214369333662,0.00000163622303262,0.00000190541618394],"dmean2":[0.0016381139867,0.00231601996347,0.0011757054599,0.000911237148102,0.000225756273721,0.000191606217413,0.00014886126155,0.000074313080404,0.000129649866722,0.000170559011167,0.000141794473166,0.000146459584357,0.0000966105726548,0.000072165435995,0.0000624856256763,0.000074586183473,0.0000782405113569,0.00005155058534,0.000038387512177,0.0000276603223028,0.0000193438208953,0.0000153687542479,0.0000131795677589,0.00000857548548083,0.00000829964574223,0.00000783163159213,0.00000718047476767,0.00000584702502238,0.00000330036232299,0.00000289858189717,0.00000344407112607,0.00000409766880693,0.00000451887808595,0.00000309831489176,0.00000324731445289,0.00000406058097724,0.00000358240072273,0.00000334094761456,0.00000251450296673,0.00000290796424451],"dvar":[0.00000750394019633,0.0000094375172921,0.00000150810376454,0.0000016640906324,8.56277324601e-8,1.14997895651e-7,1.00691408988e-7,3.0355895575e-8,1.52960552668e-7,2.80694536059e-7,1.64585287621e-7,1.73424140826e-7,8.16005396587e-8,4.31385416277e-8,2.21022382618e-8,4.12998844013e-8,5.59486927898e-8,1.73046270646e-8,8.16638401346e-9,7.47125383782e-9,2.52609710927e-9,1.93776483748e-9,6.02882133105e-10,2.35613722976e-10,1.89260357386e-10,1.60682259165e-10,1.52502371842e-10,8.85942152973e-11,2.01508965764e-11,1.33457264337e-11,1.67924979477e-11,2.41788498945e-11,2.88493777478e-11,2.17945782949e-11,2.94222181341e-11,3.70186173382e-11,2.24294298412e-11,2.15490177785e-11,1.14456525854e-11,1.75318162765e-11],"dvar2":[0.0000184985947271,0.0000255856684817,0.00000395848155677,0.0000043019158511,2.14452214209e-7,2.56324227621e-7,2.29426575515e-7,6.60841834588e-8,3.45522778389e-7,6.40500843474e-7,4.04484950423e-7,3.75944097186e-7,1.97677351821e-7,1.08424401901e-7,5.61014878997e-8,1.00874387954e-7,1.32137571995e-7,4.12083238643e-8,1.91341662514e-8,1.62046056573e-8,4.99022778655e-9,5.11080511245e-9,1.42936074088e-9,4.69561167726e-10,4.4210476946e-10,3.67887026398e-10,3.67198854656e-10,2.23940074817e-10,4.80587340757e-11,3.35012469155e-11,4.05509480161e-11,5.79980681537e-11,6.77605610511e-11,5.17791573507e-11,6.60135904273e-11,7.77588965439e-11,5.19312440272e-11,4.8880781367e-11,2.61387404776e-11,4.10855481581e-11],"max":[0.0225221607834,0.0406266264617,0.0180343072861,0.0145749840885,0.00550179369748,0.00766841880977,0.00985892582685,0.00727566983551,0.0120916534215,0.0145117407665,0.0113205136731,0.0103118699044,0.0079758670181,0.00624669063836,0.00301724928431,0.00515415938571,0.00746318977326,0.00460426323116,0.00259633804671,0.00301154376939,0.00282716355287,0.0017362566432,0.0007306667394,0.000487116980366,0.000419380172389,0.000430795480497,0.000416997703724,0.000338540587109,0.000158451657626,0.0000634558964521,0.0000569580879528,0.000074698109529,0.000113720256195,0.000135950249387,0.000169826060301,0.00013962421508,0.000131252571009,0.000126992003061,0.0000624131280347,0.0000633452436887],"mean":[0.00120756577235,0.00188536720816,0.00153476849664,0.00064398557879,0.000259506079601,0.000219661465962,0.000176054280018,0.0000886332636583,0.00015860091662,0.000165808160091,0.000136083705002,0.000162969532539,0.0000908367073862,0.0000648183049634,0.0000615831449977,0.0000701188255334,0.0000744260760257,0.0000464813456347,0.0000362722166756,0.0000257957999565,0.0000205587930395,0.0000139657404361,0.0000148822300616,0.0000110648288683,0.00000990716944216,0.00000952435402723,0.00000916672524909,0.00000720327216186,0.00000377527135242,0.00000326547410623,0.00000409266476709,0.00000458865542896,0.00000485216332891,0.00000281506731881,0.00000325174346472,0.00000417166529587,0.00000334876199304,0.00000309775759888,0.00000251293135989,0.0000027942928682],"median":[0.0003225254477,0.00109960779082,0.000965269515291,0.000242144509684,0.000131710228743,0.0000743818745832,0.0000437353737652,0.0000279221439996,0.0000330201219185,0.0000213061539398,0.0000203463423532,0.00000856185397424,0.0000090223047664,0.0000089563873189,0.00000568232917431,0.00000488913747176,0.00000670068948239,0.00000629501028016,0.00000836431081552,0.00000456593443232,0.00000483951043861,0.000004273180366,0.00000458219938082,0.00000467970585305,0.00000421113736593,0.00000440328312834,0.00000376856269213,0.00000296347161566,0.00000187173679933,0.0000015411142158,0.00000205063247449,0.00000238354891735,0.00000215003956328,0.00000103349191249,0.00000117569322811,0.00000129797081172,0.00000103611000668,9.08219703888e-7,6.98345729688e-7,6.85543341206e-7],"min":[6.9604323529e-25,1.0680312854e-24,1.70561529306e-24,8.83443848643e-25,1.86555506665e-24,9.98565475985e-25,1.79484315283e-24,1.42788783808e-24,1.91887023093e-24,2.36260094024e-24,1.89353754068e-24,6.80761520442e-25,2.38386764417e-24,3.29559974905e-24,2.23628872932e-24,2.27344072529e-24,1.70291186673e-24,2.73860024945e-24,2.30727615281e-24,1.96451608949e-24,2.03977460314e-24,3.49317509036e-24,3.94450962994e-24,3.45906237824e-24,4.89674244534e-24,3.89037128931e-24,3.56523832292e-24,4.46045187766e-24,4.31791338955e-24,3.59264966165e-24,3.92350147517e-24,4.66839561227e-24,4.87963915206e-24,5.18031348608e-24,4.32715055632e-24,5.17506519448e-24,5.71923525197e-24,5.78881238938e-24,5.94062275413e-24,6.05026100932e-24],"var":[0.00000704297417542,0.000008559320122,0.00000319094760926,0.00000148351557527,1.67577880461e-7,2.46238528234e-7,2.99996230524e-7,9.52620808903e-8,3.24086045111e-7,3.92862062881e-7,2.42688201979e-7,4.50525675433e-7,1.54634577143e-7,6.47765006079e-8,4.68743976967e-8,8.50981720646e-8,9.70189191207e-8,2.66682445016e-8,1.33573232475e-8,1.2674688854e-8,5.1860173933e-9,1.94101179574e-9,1.52990564661e-9,6.3762606306e-10,4.89875306986e-10,3.94074467502e-10,4.44179054648e-10,2.52760118391e-10,3.64606921044e-11,2.23295999746e-11,3.26133321737e-11,3.90280169293e-11,5.32094368566e-11,3.36064023831e-11,4.98075608535e-11,6.95507818005e-11,3.55566132093e-11,3.88817103514e-11,2.07706438854e-11,2.75185343263e-11]},"melbands_crest":{"dmean":3.15170669556,"dmean2":5.10339069366,"dvar":8.915558815,"dvar2":23.1105289459,"max":32.7412719727,"mean":15.6130475998,"median":15.1319007874,"min":1.00064063072,"var":32.6255722046},"melbands_flatness_db":{"dmean":0.028808420524,"dmean2":0.0431305468082,"dvar":0.000948660715949,"dvar2":0.00204989733174,"max":0.593108296394,"mean":0.193281680346,"median":0.186949670315,"min":4.01233620551e-7,"var":0.0048289434053},"melbands_kurtosis":{"dmean":13.1192979813,"dmean2":21.1381702423,"dvar":584.096557617,"dvar2":1505.59130859,"max":370.526031494,"mean":26.4937973022,"median":12.9565382004,"min":-1.6624161005,"var":1382.62988281},"melbands_skewness":{"dmean":0.974160134792,"dmean2":1.50563776493,"dvar":1.34910058975,"dvar2":3.23016905785,"max":16.0536613464,"mean":3.68625450134,"median":3.21572709084,"min":-2.34730219841,"var":6.59846067429},"melbands_spread":{"dmean":8.42943000793,"dmean2":12.9894800186,"dvar":137.666381836,"dvar2":322.433868408,"max":223.221755981,"mean":26.6970024109,"median":20.6906547546,"min":0.42077305913,"var":577.486999512},"mfcc":{"cov":[[18858.1953125,1682.38183594,552.492797852,953.819824219,822.927612305,667.737609863,278.682037354,346.743499756,475.463104248,208.892883301,-341.626220703,-553.223144531,-649.289367676],[1682.38183594,1293.33666992,-125.695579529,215.596862793,68.0010757446,141.574081421,103.976737976,139.402236938,117.261489868,87.7807540894,-3.36813354492,-40.2605209351,-73.2647781372],[552.492797852,-125.695579529,711.863586426,256.573272705,193.070022583,64.0836334229,-12.4177341461,31.0543861389,20.8910579681,-16.5237770081,-44.2938232422,-55.0631713867,-51.6303520203],[953.819824219,215.596862793,256.573272705,500.616333008,261.319671631,124.861305237,-3.8760945797,46.7235145569,90.0798873901,44.5779762268,-81.8745422363,-76.7552261353,-66.5688476563],[822.927612305,68.0010757446,193.070022583,261.319671631,309.47744751,132.882049561,12.624212265,31.4629859924,82.0987243652,27.5744495392,-46.2571640015,-52.5536117554,-62.7039451599],[667.737609863,141.574081421,64.0836334229,124.861305237,132.882049561,239.180282593,93.139251709,65.685836792,68.5593032837,43.4585342407,-6.30510807037,-23.8625392914,-50.9771766663],[278.682037354,103.976737976,-12.4177341461,-3.8760945797,12.624212265,93.139251709,186.049407959,71.9545211792,30.2158622742,19.811340332,28.172504425,8.48488903046,-8.0141954422],[346.743499756,139.402236938,31.0543861389,46.7235145569,31.4629859924,65.685836792,71.9545211792,150.780899048,89.8314437866,41.783164978,-5.09380102158,-14.2814035416,-24.3379898071],[475.463104248,117.261489868,20.8910579681,90.0798873901,82.0987243652,68.5593032837,30.2158622742,89.8314437866,174.041412354,74.7707138062,-15.1535491943,-27.3420562744,-36.6189422607],[208.892883301,87.7807540894,-16.5237770081,44.5779762268,27.5744495392,43.4585342407,19.811340332,41.783164978,74.7707138062,142.795028687,40.9899215698,18.9723777771,-6.41427946091],[-341.626220703,-3.36813354492,-44.2938232422,-81.8745422363,-46.2571640015,-6.30510807037,28.172504425,-5.09380102158,-15.1535491943,40.9899215698,151.446365356,75.8760375977,36.1569671631],[-553.223144531,-40.2605209351,-55.0631713867,-76.7552261353,-52.5536117554,-23.8625392914,8.48488903046,-14.2814035416,-27.3420562744,18.9723777771,75.8760375977,130.866790771,78.3272399902],[-649.289367676,-73.2647781372,-51.6303520203,-66.5688476563,-62.7039451599,-50.9771766663,-8.0141954422,-24.3379898071,-36.6189422607,-6.41427946091,36.1569671631,78.3272399902,150.831039429]],"icov":[[0.0000772537387093,-0.0000758819805924,-0.0000280161239061,0.000017438613213,-0.0000941253892961,-0.0000397897492803,-0.0000590820709476,0.0000293475204671,-0.0000247930984187,-0.0000630784124951,0.0000629676578683,0.000145125188283,0.000143662924529],[-0.0000758819805924,0.00111592526082,0.000428312749136,-0.000694202899467,0.000397194351535,-0.000168964572367,-0.000126661616378,-0.000675991526805,0.0000292450149573,-0.0000408111372963,-0.000272519566352,-0.0000612162184552,0.000150319101522],[-0.0000280161239061,0.000428312749136,0.00204234104604,-0.000941778707784,-0.000645625346806,0.000103147722257,0.00017563374422,-0.000876789039467,0.000548164942302,0.000450652296422,-0.000405812897952,0.000152029984747,0.000175794295501],[0.000017438613213,-0.000694202899467,-0.000941778707784,0.00464271567762,-0.00282163615339,-0.000283213128569,0.000526552263182,0.000159543560585,0.0000233576975006,-0.00116436777171,0.00141149444971,0.000609626877122,-0.000449266284704],[-0.0000941253892961,0.000397194351535,-0.000645625346806,-0.00282163615339,0.00765108177438,-0.0025270676706,0.000387664331356,0.00125678838231,-0.00205597956665,0.000745152996387,-0.000111679386464,-0.000303540582536,0.000588399299886],[-0.0000397897492803,-0.000168964572367,0.000103147722257,-0.000283213128569,-0.0025270676706,0.00766300410032,-0.00312543334439,-0.000574605714064,-0.00010088604904,-0.000842246750835,0.0000496932952956,-0.000386228290154,0.00106586469337],[-0.0000590820709476,-0.000126661616378,0.00017563374422,0.000526552263182,0.000387664331356,-0.00312543334439,0.00845301616937,-0.00350308860652,0.00078764843056,0.000756409135647,-0.00148536695633,-0.0000900084705791,-0.000408415449783],[0.0000293475204671,-0.000675991526805,-0.000876789039467,0.000159543560585,0.00125678838231,-0.000574605714064,-0.00350308860652,0.0124164614826,-0.00553191173822,-0.000316355552059,0.000842844892759,-0.0000998030081973,0.000207199438591],[-0.0000247930984187,0.0000292450149573,0.000548164942302,0.0000233576975006,-0.00205597956665,-0.00010088604904,0.00078764843056,-0.00553191173822,0.0116780577227,-0.00450749741867,0.000962003599852,0.00104360841215,0.000236801890424],[-0.0000630784124951,-0.0000408111372963,0.000450652296422,-0.00116436777171,0.000745152996387,-0.000842246750835,0.000756409135647,-0.000316355552059,-0.00450749741867,0.0111897056922,-0.00340771418996,-0.00150362867862,0.00034252621117],[0.0000629676578683,-0.000272519566352,-0.000405812897952,0.00141149444971,-0.000111679386464,0.0000496932952956,-0.00148536695633,0.000842844892759,0.000962003599852,-0.00340771418996,0.0111028077081,-0.0052229645662,0.000789579644334],[0.000145125188283,-0.0000612162184552,0.000152029984747,0.000609626877122,-0.000303540582536,-0.000386228290154,-0.0000900084705791,-0.0000998030081973,0.00104360841215,-0.00150362867862,-0.0052229645662,0.0154959699139,-0.00596718303859],[0.000143662924529,0.000150319101522,0.000175794295501,-0.000449266284704,0.000588399299886,0.00106586469337,-0.000408415449783,0.000207199438591,0.000236801890424,0.00034252621117,0.000789579644334,-0.00596718303859,0.0107814222574]],"mean":[-677.798339844,88.1054611206,19.3233318329,22.2435302734,9.07681369781,5.60429763794,1.80179941654,3.45883584023,-1.31537270546,1.96582710743,0.676475048065,-4.451379776,-2.41914701462]},"pitch_salience":{"dmean":0.0738415643573,"dmean2":0.118438728154,"dvar":0.00535735674202,"dvar2":0.0135380672291,"max":0.996093690395,"mean":0.485195398331,"median":0.486346960068,"min":0.0636137798429,"var":0.0149321574718},"silence_rate_20dB":{"dmean":0,"dmean2":0,"dvar":0,"dvar2":0,"max":1,"mean":1,"median":1,"min":1,"var":0},"silence_rate_30dB":{"dmean":0.0039357165806,"dmean2":0.00787229370326,"dvar":0.00392000190914,"dvar2":0.0113082062453,"max":1,"mean":0.99781370163,"median":1,"min":0,"var":0.0021821600385},"silence_rate_60dB":{"dmean":0.00896468758583,"dmean2":0.017931336537,"dvar":0.00888450816274,"dvar2":0.0217637121677,"max":1,"mean":0.132815912366,"median":0,"min":0,"var":0.115175463259},"spectral_centroid":{"dmean":295.10546875,"dmean2":454.261871338,"dvar":128355.84375,"dvar2":294825.1875,"max":11770.8837891,"mean":1573.99560547,"median":1353.94897461,"min":122.988945007,"var":2047757.125},"spectral_complexity":{"dmean":2.69793367386,"dmean2":4.07391214371,"dvar":12.5557575226,"dvar2":25.9823474884,"max":49,"mean":13.1659383774,"median":13,"min":0,"var":64.4385757446},"spectral_contrast_coeffs":{"dmean":[0.0480742678046,0.0401115864515,0.0416673794389,0.0354327447712,0.0274395905435,0.0221885889769],"dmean2":[0.0785574615002,0.0634313598275,0.0628439113498,0.0518057197332,0.0395527519286,0.0321298502386],"dvar":[0.00187904783525,0.00130570644978,0.00150248548016,0.00100516271777,0.000589558505453,0.000430811749538],"dvar2":[0.00488193053752,0.00323596782982,0.00317880534567,0.00202552811243,0.00113477988634,0.000888555950951],"max":[-0.304953932762,-0.373348921537,-0.424238264561,-0.437854647636,-0.534487783909,-0.613632440567],"mean":[-0.63067150116,-0.716972351074,-0.720545828342,-0.742227137089,-0.756664037704,-0.763277888298],"median":[-0.633162021637,-0.719144761562,-0.722619533539,-0.751994669437,-0.757343649864,-0.759149909019],"min":[-0.979886293411,-0.996234714985,-0.996857404709,-0.986060321331,-0.987252116203,-0.964342296124],"var":[0.0134458336979,0.0064546703361,0.0092864241451,0.00685931043699,0.00421012239531,0.00289050117135]},"spectral_contrast_valleys":{"dmean":[0.449387073517,0.37561070919,0.385753154755,0.366034001112,0.351811617613,0.445983201265],"dmean2":[0.711865186691,0.575162768364,0.568764388561,0.508939504623,0.457891434431,0.549071311951],"dvar":[0.196812182665,0.151980474591,0.171560332179,0.146261394024,0.147881060839,0.249593600631],"dvar2":[0.437652975321,0.321818232536,0.340499043465,0.25911423564,0.246711283922,0.379153758287],"max":[-5.07974910736,-4.62293195724,-5.11465120316,-5.78817033768,-5.87582540512,-7.54451274872],"mean":[-8.14920520782,-7.89946126938,-8.7003068924,-9.03179264069,-8.62721061707,-10.5545749664],"median":[-7.29177379608,-7.25331115723,-8.12093544006,-8.40570449829,-7.99590015411,-10.0580463409],"min":[-28.3161640167,-28.0282726288,-28.0297641754,-27.71758461,-27.4764556885,-27.4682712555],"var":[10.2247905731,8.93501091003,8.38370227814,8.2686624527,8.54774284363,7.55624103546]},"spectral_decrease":{"dmean":2.48259990343e-9,"dmean2":3.88497056747e-9,"dvar":1.71962197041e-17,"dvar2":4.05966579617e-17,"max":7.4789106701e-23,"mean":-6.01413585599e-9,"median":-4.48951542609e-9,"min":-4.35808473753e-8,"var":3.16155510784e-17},"spectral_energy":{"dmean":0.00986312236637,"dmean2":0.0152331078425,"dvar":0.000259725085925,"dvar2":0.000606516143307,"max":0.16836373508,"mean":0.0247760880738,"median":0.0185740161687,"min":9.86448665725e-21,"var":0.000515585357789},"spectral_energyband_high":{"dmean":0.000668948923703,"dmean2":0.00093405880034,"dvar":0.00000138347991196,"dvar2":0.0000028981307878,"max":0.0186900254339,"mean":0.0013317548437,"median":0.000656261050608,"min":6.68091202929e-21,"var":0.00000311324561153},"spectral_energyband_low":{"dmean":0.00630315532908,"dmean2":0.0103454310447,"dvar":0.000181945433724,"dvar2":0.000450371444458,"max":0.146900698543,"mean":0.0107430163771,"median":0.00747180776671,"min":1.32522968056e-23,"var":0.000199625195819},"spectral_energyband_middle_high":{"dmean":0.00218087271787,"dmean2":0.00318908225745,"dvar":0.0000255947306869,"dvar2":0.000059079782659,"max":0.103294417262,"mean":0.0053600827232,"median":0.00139305915218,"min":1.15697728044e-21,"var":0.0000979130272754},"spectral_energyband_middle_low":{"dmean":0.00434193061665,"dmean2":0.00696188816801,"dvar":0.0000595845631324,"dvar2":0.000147815342643,"max":0.0944169908762,"mean":0.00972303375602,"median":0.00680178590119,"min":1.58179233271e-22,"var":0.000107343264972},"spectral_entropy":{"dmean":0.211162060499,"dmean2":0.29280090332,"dvar":0.0537148416042,"dvar2":0.103361241519,"max":9.82270336151,"mean":7.59547233582,"median":7.58547592163,"min":5.68348836899,"var":0.308287501335},"spectral_flux":{"dmean":0.0280754584819,"dmean2":0.041776701808,"dvar":0.00128643284552,"dvar2":0.00264899875037,"max":0.356360882521,"mean":0.0745683908463,"median":0.059136480093,"min":6.22851006882e-11,"var":0.00355844991282},"spectral_kurtosis":{"dmean":1.02582168579,"dmean2":1.60304868221,"dvar":1.64184749126,"dvar2":3.80268192291,"max":27.1204624176,"mean":2.68473124504,"median":2.21470856667,"min":-1.27149474621,"var":5.12584161758},"spectral_rms":{"dmean":0.000842017761897,"dmean2":0.00125926011242,"dvar":0.00000128082638184,"dvar2":0.00000280053109236,"max":0.0128162903711,"mean":0.00433911941946,"median":0.00425687571988,"min":3.10223938552e-12,"var":0.00000534374430572},"spectral_rolloff":{"dmean":896.501831055,"dmean2":1498.28649902,"dvar":2509265.75,"dvar2":5861780,"max":19638.28125,"mean":2231.83056641,"median":1184.32617188,"min":86.1328125,"var":10040984},"spectral_skewness":{"dmean":0.18469978869,"dmean2":0.278117656708,"dvar":0.0398074537516,"dvar2":0.0858423486352,"max":4.14789104462,"mean":1.33697915077,"median":1.31520068645,"min":-0.102278336883,"var":0.187505185604},"spectral_spread":{"dmean":845045.25,"dmean2":1214735.125,"dvar":1181415243780,"dvar2":2488346607620,"max":43111072,"mean":6925804.5,"median":6287011,"min":1895436.375,"var":25043488735200},"spectral_strongpeak":{"dmean":0.521881997585,"dmean2":0.883024036884,"dvar":1.33745288849,"dvar2":3.30741620064,"max":15.7005224228,"mean":0.906145036221,"median":0.392692238092,"min":0,"var":2.44455170631},"zerocrossingrate":{"dmean":0.0156023660675,"dmean2":0.0184978302568,"dvar":0.000304975605104,"dvar2":0.000416789844166,"max":0.52978515625,"mean":0.0883252099156,"median":0.0712890625,"min":0.0029296875,"var":0.00546524999663}},"metadata":{"audio_properties":{"analysis_sample_rate":44100,"bit_rate":265572,"codec":"aac","downmix":"mix","equal_loudness":0,"length":212.392929077,"lossless":false,"md5_encoded":"6d9a2ffd21cc8a82b0f09cb3c94b8e13","replay_gain":-12.7738552094,"sample_rate":44100},"tags":{"album":["Group Portrait, Volume 2"],"artist":["Chicago"],"artistsort":["Chicago"],"asin":["B0000021S3"],"bpm":["0"],"compilation":["1"],"composer":["Peter Cetera"],"date":["1973-06-25"],"discnumber":["1/1"],"file_name":"13 - In Terms of Two(1).m4a","genre":["Classic soft rock"],"language":["eng"],"musicbrainz_albumartistid":["3f5be744-e867-42fb-8913-5fd69e4099b5"],"musicbrainz_albumid":["185ddf51-c9dc-3c6e-b1c4-d058ca45c53e"],"musicbrainz_artistid":["3f5be744-e867-42fb-8913-5fd69e4099b5"],"musicbrainz_recordingid":["c9c0b550-9a02-4aaa-a568-20458257d32d"],"musicbrainz_releasegroupid":["d4c04527-2b96-3049-991b-cc86f5d267a5"],"script":["Latin"],"title":["In Terms of Two"],"tracknumber":["13/16"]},"version":{"essentia":"2.1-beta2","essentia_build_sha":"2d9f1f26377add8aeb1075a9c2973f962c4f09fd","essentia_git_sha":"v2.1_beta2-1-ge3940c0","extractor":"music 1.0"}},"rhythm":{"beats_count":340,"beats_loudness":{"dmean":0.0194413773715,"dmean2":0.0351631268859,"dvar":0.000333492062055,"dvar2":0.00107717188075,"max":0.112624123693,"mean":0.0435909107327,"median":0.0445044897497,"min":0,"var":0.000621181854513},"beats_loudness_band_ratio":{"dmean":[0.243866577744,0.179248675704,0.104735009372,0.0960821434855,0.0624777711928,0.0829295739532],"dmean2":[0.448165714741,0.335874557495,0.188845545053,0.166042357683,0.108875982463,0.152647450566],"dvar":[0.0371161028743,0.0231954026967,0.0166302230209,0.0135164149106,0.00654117250815,0.00612931419164],"dvar2":[0.123191677034,0.0782427564263,0.05