{"lowlevel":{"average_loudness":0.820458114147,"barkbands":{"dmean":[0.00720960879698,0.0183881018311,0.00880567450076,0.00234432006255,0.00209705508314,0.001156898099,0.000775627850089,0.000507749675307,0.00048902456183,0.000479734240798,0.000296805461403,0.00027611097903,0.000199948699446,0.000205681091757,0.00020199874416,0.000100098062831,0.00011215651466,0.000115221715532,0.0000931080940063,0.000103790203866,0.000121931239846,0.0000774573127273,0.0000502363072883,0.00000695979861121,0.00000291008927888,0.0000344516265613,0.000427961087553],"dmean2":[0.0120297037065,0.0309570897371,0.0149988504127,0.00378130818717,0.00333291455172,0.0017841195222,0.00117776612751,0.000800769950729,0.000760894676205,0.000736504793167,0.000464999495307,0.000431952707004,0.000316492572892,0.000326568755554,0.000321599276504,0.000153470173245,0.000165898862178,0.00017006410053,0.000131904831505,0.000142901670188,0.00016598541697,0.000106194122054,0.0000710696622264,0.0000103477050288,0.00000476661216453,0.0000490560087201,0.000573115481529],"dvar":[0.000323451269651,0.00221800198779,0.000310225150315,0.0000172466388904,0.0000231858266488,0.0000160573181347,0.000004248676305,0.00000202746082323,0.0000022918961804,0.00000184732311936,5.93644244873e-7,3.23372205457e-7,1.40015046668e-7,1.33144766323e-7,2.65959755552e-7,5.00055250541e-8,4.83976343446e-8,4.59539428732e-8,2.87221375572e-8,3.64213192938e-8,6.14812236677e-8,2.37092567801e-8,9.34205779402e-9,1.44426179349e-10,3.32686239668e-11,4.26995150349e-9,3.84940307185e-7],"dvar2":[0.000793023849837,0.00578925572336,0.000858666724525,0.0000431347179983,0.0000546163610124,0.0000343587416864,0.00000930929400056,0.00000451284222436,0.00000512236601935,0.00000422590755988,0.00000145135447838,7.6468035104e-7,3.29875405214e-7,3.31096686068e-7,6.56155521028e-7,1.17842759551e-7,1.11040407091e-7,1.064374473e-7,6.00345799739e-8,7.46084438674e-8,1.24997356465e-7,4.67652832015e-8,1.93697662354e-8,2.89048757152e-10,7.77076597513e-11,8.78480843625e-9,7.17124862604e-7],"max":[0.238960415125,0.760703325272,0.267707318068,0.0947200730443,0.138524502516,0.0978023707867,0.063995949924,0.0450452491641,0.0456970594823,0.0418175198138,0.0332763530314,0.0213647931814,0.0136437565088,0.00833044014871,0.0215288959444,0.0084763308987,0.00452550360933,0.00451300898567,0.00351064861752,0.00399958947673,0.00516868336126,0.00398089364171,0.00192604609765,0.000262788467808,0.00018202670617,0.000960155506618,0.0133690042421],"mean":[0.00642446801066,0.018535008654,0.010930692777,0.00352762406692,0.00303348526359,0.00153545534704,0.0011656008428,0.000705087557435,0.00067370821489,0.000700198113918,0.000453873857623,0.00044131508912,0.000323569052853,0.00034686276922,0.000310018309392,0.000161061485414,0.000168013983057,0.000183340525837,0.000143337121699,0.000152891807375,0.00017084107094,0.000101301135146,0.0000567440947634,0.00000820794593892,0.00000301219893117,0.0000400907520088,0.00087408348918],"median":[0.00195973552763,0.00639168871567,0.00567447440699,0.00196998356842,0.00141984806396,0.000330722745275,0.000357734941645,0.00024641957134,0.000227607481065,0.000217137276195,0.000178325368324,0.000197952060262,0.000144852514495,0.000161936521181,0.000119769560115,0.0000512211372552,0.0000507905060658,0.0000539389657206,0.000040263752453,0.0000390098102798,0.0000392605215893,0.000018165254005,0.00000744861335988,0.00000230577734328,0.0000010531210819,0.00000711279517418,0.000446076301159],"min":[1.48157544331e-23,3.91582854069e-23,1.21990665229e-23,2.87845215341e-23,3.67312065262e-23,9.58764946572e-23,5.23247178584e-23,2.32493732853e-23,6.52547949609e-23,3.62950516426e-23,1.5843294356e-22,9.93004854629e-23,5.46709006311e-23,1.44592006636e-22,1.95076706433e-22,9.82286759282e-23,1.19071068931e-22,2.55377852495e-22,2.28525759344e-22,4.20905811037e-22,4.22377383724e-22,5.66806380142e-22,7.27781513166e-22,9.4229786014e-22,1.15463528494e-21,1.73209116109e-21,2.18440507148e-21],"var":[0.00028337421827,0.00176668714266,0.000304336193949,0.0000254717415373,0.0000344255349773,0.0000259791486314,0.00000739058714316,0.00000310231325784,0.00000335073650604,0.00000313127588925,8.68503093443e-7,5.92660853727e-7,2.77747801647e-7,2.66879510491e-7,4.22399921263e-7,1.12270093666e-7,9.18561298136e-8,1.06257182608e-7,6.58904326656e-8,7.69948655943e-8,1.15789269728e-7,4.51063399964e-8,1.35595970008e-8,2.36280772725e-10,3.63635441203e-11,6.04201222387e-9,0.00000139953260714]},"barkbands_crest":{"dmean":3.13193368912,"dmean2":5.23722219467,"dvar":6.89070940018,"dvar2":19.3907356262,"max":26.9478282928,"mean":11.0610342026,"median":10.5002441406,"min":3.05106401443,"var":16.6597137451},"barkbands_flatness_db":{"dmean":0.0385824143887,"dmean2":0.0589136965573,"dvar":0.00117599125952,"dvar2":0.00298453425057,"max":0.591117501259,"mean":0.175627991557,"median":0.166898995638,"min":0.0363440364599,"var":0.00492613948882},"barkbands_kurtosis":{"dmean":23.299036026,"dmean2":39.3488388062,"dvar":12054.2490234,"dvar2":38471.0117188,"max":7333.57568359,"mean":44.5293807983,"median":11.508649826,"min":-1.87173509598,"var":92223.078125},"barkbands_skewness":{"dmean":1.25848066807,"dmean2":2.01127481461,"dvar":3.33494186401,"dvar2":10.1663484573,"max":81.773109436,"mean":3.84108757973,"median":3.06136894226,"min":-3.34273076057,"var":19.6869354248},"barkbands_spread":{"dmean":9.25666713715,"dmean2":14.1054944992,"dvar":119.315597534,"dvar2":256.412628174,"max":113.095375061,"mean":21.8863487244,"median":16.1630020142,"min":0.0654771178961,"var":349.939575195},"dissonance":{"dmean":0.019927026704,"dmean2":0.0325851067901,"dvar":0.000423955905717,"dvar2":0.00108161184471,"max":0.500000119209,"mean":0.465592980385,"median":0.474625051022,"min":0.268005937338,"var":0.000888008798938},"dynamic_complexity":3.34087371826,"erbbands":{"dmean":[0.795951843262,3.30193948746,9.46066093445,9.18292140961,6.54076004028,7.05150794983,7.32466888428,9.93366336823,11.8423585892,11.0836982727,12.0429143906,10.5327653885,10.9569377899,15.6335935593,10.8795213699,10.9520988464,9.02537536621,8.84490394592,11.9717741013,6.30359888077,6.25170040131,6.12102556229,6.12777996063,5.25778913498,4.92189073563,4.72788047791,5.17083454132,4.36501932144,2.91646361351,2.37077713013,1.13654136658,0.278468519449,0.0738960132003,0.0328000821173,0.0209575910121,0.0167616270483,0.0580518580973,0.105142697692,0.0466119498014,0.00865482911468],"dmean2":[1.32852625847,5.66087961197,16.0320148468,14.8164863586,10.7819128036,11.2207145691,11.5029830933,15.3816137314,18.0049724579,16.8358345032,19.0953617096,16.3817920685,17.0357933044,23.9551715851,16.5887317657,17.1978473663,14.1714715958,13.8084592819,19.0791511536,9.70298862457,9.34423923492,8.87623882294,9.02638816833,7.58997964859,6.84793519974,6.50609922409,7.1781334877,5.9429974556,4.00474691391,3.34998488426,1.60624575615,0.395142883062,0.114017918706,0.0535413064063,0.0342135168612,0.0260273069143,0.080958455801,0.145338311791,0.0614610016346,0.0113085918128],"dvar":[5.7187037468,59.2418365479,386.775146484,255.525390625,146.583312988,428.03793335,524.629211426,1391.97583008,1885.25708008,827.212036133,1372.09667969,1094.14355469,1743.14489746,2128.87988281,567.666931152,590.268920898,286.729980469,230.252792358,646.692626953,287.369659424,159.617599487,139.300521851,127.27268219,96.1572189331,78.3084793091,76.7719421387,101.908241272,93.0513381958,36.2349662781,20.6007804871,4.78409910202,0.241925299168,0.0168447140604,0.00422560470179,0.00167851662263,0.000763943302445,0.0112076094374,0.0390036702156,0.00629962934181,0.000150811072672],"dvar2":[14.5744981766,160.364379883,1041.41088867,671.717224121,364.666320801,1013.76428223,1193.05554199,3026.8425293,3791.98583984,1946.3503418,2941.86572266,2514.18920898,4007.97973633,5065.62207031,1289.80126953,1437.37438965,684.092346191,543.155578613,1643.51782227,696.010192871,366.770202637,318.215484619,295.768432617,210.304595947,159.595336914,161.382003784,215.270324707,190.911941528,72.3726806641,42.1971931458,9.80299758911,0.470251619816,0.0366115272045,0.00985720939934,0.00390794873238,0.00167763221543,0.0222280304879,0.079474337399,0.0123549420387,0.00026875367621],"max":[30.3058013916,176.804641724,309.14276123,383.580444336,357.49621582,645.709594727,716.130737305,980.203674316,1207.7767334,1360.81091309,1120.9621582,1135.73828125,1231.70227051,2321.45263672,647.407836914,951.082580566,543.018737793,289.210113525,1080.85229492,956.802978516,476.341644287,266.056304932,226.338043213,201.88432312,217.623428345,162.586242676,231.360153198,220.190490723,178.75819397,90.7700042725,42.3253059387,9.63813972473,3.0033762455,2.05122518539,1.28914260864,0.723000526428,1.55667936802,3.28247952461,1.70450425148,0.320286542177],"mean":[0.723075091839,3.4717540741,11.5659980774,14.007393837,9.62035655975,9.43619441986,10.3728704453,13.1704120636,16.3436489105,17.960603714,17.5123138428,15.1729154587,15.5054798126,24.5486812592,19.2940578461,18.0713005066,15.4136018753,16.4992790222,19.7327880859,10.5510787964,10.1379356384,9.72658824921,9.9294462204,8.31353664398,7.41482830048,7.00276899338,7.162981987,6.08868503571,3.86372065544,2.78856515884,1.29701435566,0.329480111599,0.0837442651391,0.0346921645105,0.0222428515553,0.0204246994108,0.0695275142789,0.131262481213,0.0708910301328,0.0242031421512],"median":[0.173294320703,1.38483643532,6.04702949524,7.88089799881,5.34090185165,3.80761671066,3.10793852806,2.60590696335,3.81278610229,5.98441696167,6.18930387497,5.37886238098,4.54972267151,9.11726093292,8.8432302475,8.32910251617,7.17381381989,8.09653663635,9.04719257355,4.15811443329,3.37341165543,3.04540944099,2.96615695953,2.37255525589,2.05467653275,1.80726563931,1.71074080467,1.33092868328,0.711900532246,0.384231984615,0.182642102242,0.0702294558287,0.0286660604179,0.0128687694669,0.00820891559124,0.00857128947973,0.0131807867438,0.0210714004934,0.0178431533277,0.0156022813171],"min":[2.387516484e-21,3.83691927659e-21,8.49379668346e-21,6.30770324264e-20,8.48646983425e-20,6.2463154552e-20,4.27985032543e-19,9.56696623759e-19,8.28467653887e-19,9.13385653681e-19,7.32989866394e-19,1.37319136796e-18,7.70991836205e-19,5.73471414665e-18,3.56544126204e-18,3.52962227357e-18,2.58060188589e-18,7.69147688728e-18,8.78180764092e-18,9.31153162366e-18,4.69727745728e-18,7.96345883577e-18,1.42764160712e-17,1.06723719443e-17,1.62170066036e-17,1.95171313386e-17,1.31080954207e-17,2.24409699585e-17,2.08141174518e-17,1.70105954115e-17,1.86933090793e-17,2.06804417561e-17,1.4978123311e-17,1.04376809522e-17,9.65521358765e-18,5.87145537372e-18,3.29534135624e-18,1.26495571539e-18,3.24207676675e-19,3.30825037565e-20],"var":[4.54302453995,46.5439224243,369.042999268,363.464050293,222.314239502,540.843444824,908.337341309,2271.76586914,3317.76660156,1358.30529785,2038.47570801,1649.06872559,2446.13354492,3496.42797852,1102.54187012,1022.8336792,592.387390137,563.062866211,1166.42663574,484.174133301,400.524505615,291.634368896,298.866973877,220.468292236,175.708312988,163.381149292,187.472930908,169.829040527,68.9018630981,32.2874221802,7.03321361542,0.400545865297,0.0233738087118,0.00464587565511,0.0018641758943,0.00106784969103,0.0171365309507,0.0610872469842,0.0144381783903,0.000740868621506]},"erbbands_crest":{"dmean":2.68886423111,"dmean2":4.2509469986,"dvar":6.50935649872,"dvar2":15.1962690353,"max":28.9881305695,"mean":8.24361515045,"median":7.42012691498,"min":2.04495048523,"var":15.8090696335},"erbbands_flatness_db":{"dmean":0.0253337025642,"dmean2":0.0361378602684,"dvar":0.000524612842128,"dvar2":0.00103937380482,"max":0.333330303431,"mean":0.128843680024,"median":0.122995913029,"min":0.0331667289138,"var":0.0018964165356},"erbbands_kurtosis":{"dmean":1.05864584446,"dmean2":1.67048811913,"dvar":2.68325471878,"dvar2":6.55231046677,"max":34.6445617676,"mean":0.382814526558,"median":-0.201730549335,"min":-1.73227906227,"var":4.51827287674},"erbbands_skewness":{"dmean":0.420574456453,"dmean2":0.631051421165,"dvar":0.163064301014,"dvar2":0.352164059877,"max":5.06804561615,"mean":0.194851309061,"median":0.13622482121,"min":-3.49840927124,"var":0.641756951809},"erbbands_spread":{"dmean":11.4067029953,"dmean2":16.4553203583,"dvar":126.693695068,"dvar2":268.146606445,"max":155.658813477,"mean":42.3474693298,"median":38.5505218506,"min":2.99846386909,"var":443.971191406},"gfcc":{"cov":[[13093.4902344,74.9552688599,-1111.91296387,245.523162842,86.0895309448,-789.124511719,409.831115723,-602.788085938,92.497543335,-126.378715515,-136.297851562,211.63861084,-242.179611206],[74.9552688599,1279.61071777,131.656280518,-520.867126465,103.720550537,96.8960113525,-68.104133606,14.0339813232,-57.2682037354,9.61068248749,49.4699707031,-216.156768799,140.337478638],[-1111.91296387,131.656280518,471.808288574,47.8622970581,-38.2874526978,196.553955078,-93.5687103271,133.95401001,-29.4330863953,13.8469905853,5.48150730133,-42.270690918,19.0209884644],[245.523162842,-520.867126465,47.8622970581,576.952392578,55.7465286255,-124.249504089,90.7911987305,-14.4655437469,48.9589385986,-11.4684467316,-40.3057937622,123.57244873,-92.1864852905],[86.0895309448,103.720550537,-38.2874526978,55.7465286255,223.447753906,21.2816925049,63.1667289734,-38.1507415771,16.2150688171,-16.2683773041,-4.70074319839,-33.2170257568,13.815164566],[-789.124511719,96.8960113525,196.553955078,-124.249504089,21.2816925049,302.783508301,-41.2287368774,96.5293426514,-45.4715614319,10.4939241409,19.1909618378,-44.327003479,50.8182907104],[409.831115723,-68.104133606,-93.5687103271,90.7911987305,63.1667289734,-41.2287368774,202.198303223,-54.7412757874,44.6593017578,-36.947681427,-19.9126224518,45.6158218384,-49.0308685303],[-602.788085938,14.0339813232,133.95401001,-14.4655437469,-38.1507415771,96.5293426514,-54.7412757874,156.186950684,-9.09109592438,34.3045768738,21.1471977234,-27.6967945099,35.3104896545],[92.497543335,-57.2682037354,-29.4330863953,48.9589385986,16.2150688171,-45.4715614319,44.6593017578,-9.09109592438,115.697425842,41.7213020325,14.5045804977,29.1275863647,-43.0803184509],[-126.378715515,9.61068248749,13.8469905853,-11.4684467316,-16.2683773041,10.4939241409,-36.947681427,34.3045768738,41.7213020325,92.5307769775,53.4299316406,2.18060445786,1.74060714245],[-136.297851562,49.4699707031,5.48150730133,-40.3057937622,-4.70074319839,19.1909618378,-19.9126224518,21.1471977234,14.5045804977,53.4299316406,72.117401123,16.7059326172,11.8464508057],[211.63861084,-216.156768799,-42.270690918,123.57244873,-33.2170257568,-44.327003479,45.6158218384,-27.6967945099,29.1275863647,2.18060445786,16.7059326172,115.578422546,-19.9420108795],[-242.179611206,140.337478638,19.0209884644,-92.1864852905,13.815164566,50.8182907104,-49.0308685303,35.3104896545,-43.0803184509,1.74060714245,11.8464508057,-19.9420108795,96.7936553955]],"icov":[[0.000121403681987,-0.000188268517377,0.000289469724521,-0.000104806757008,0.0000318151869578,0.0000134574029289,0.0000206512613659,0.0000913407784537,0.000166138910572,-0.000192204970517,0.000393146765418,-0.000364907085896,0.000339652440744],[-0.000188268517377,0.00275002466515,-0.0023331916891,0.002113052411,-0.00104799901601,0.00168734428007,-0.00137849501334,0.000948318920564,-0.000330734270392,0.000439661816927,-0.00264429650269,0.00345155945979,-0.00288813118823],[0.000289469724521,-0.0023331916891,0.00656283833086,-0.00383866508491,0.00256776064634,-0.0043394449167,0.00249442853965,-0.00155209435616,-0.00109978334513,0.00190691894386,0.000420104857767,-0.0000931663889787,0.00230860873125],[-0.000104806757008,0.002113052411,-0.00383866508491,0.00738281942904,-0.00550610292703,0.00453845970333,-0.00111080124043,-0.0024605835788,0.00331118493341,-0.00417176494375,0.00499097909778,-0.00612808158621,0.00287330127321],[0.0000318151869578,-0.00104799901601,0.00256776064634,-0.00550610292703,0.0107525009662,-0.00416233111173,-0.00183273549192,0.00447918707505,-0.00505827507004,0.00484496960416,-0.00626455806196,0.00919718388468,-0.00573819829151],[0.0000134574029289,0.00168734428007,-0.0043394449167,0.00453845970333,-0.00416233111173,0.00863087084144,-0.00187837949488,-0.00269422214478,0.00361762219109,-0.00268348655663,0.00120803073514,-0.00214745849371,-0.0000753842687118],[0.0000206512613659,-0.00137849501334,0.00249442853965,-0.00111080124043,-0.00183273549192,-0.00187837949488,0.00968169048429,-0.0010859729955,-0.00274291937239,0.00443772831932,0.00110691785812,-0.00459144031629,0.00466834567487],[0.0000913407784537,0.000948318920564,-0.00155209435616,-0.0024605835788,0.00447918707505,-0.00269422214478,-0.0010859729955,0.0137101970613,-0.00303470948711,-0.000368059962057,-0.00482466351241,0.00788317993283,-0.00709068076685],[0.000166138910572,-0.000330734270392,-0.00109978334513,0.00331118493341,-0.00505827507004,0.00361762219109,-0.00274291937239,-0.00303470948711,0.0189715027809,-0.0137265343219,0.00828366726637,-0.00879989750683,0.00866890884936],[-0.000192204970517,0.000439661816927,0.00190691894386,-0.00417176494375,0.00484496960416,-0.00268348655663,0.00443772831932,-0.000368059962057,-0.0137265343219,0.0326074138284,-0.0239495672286,0.0104758655652,-0.00397294387221],[0.000393146765418,-0.00264429650269,0.000420104857767,0.00499097909778,-0.00626455806196,0.00120803073514,0.00110691785812,-0.00482466351241,0.00828366726637,-0.0239495672286,0.0396708250046,-0.0199001543224,0.00723134726286],[-0.000364907085896,0.00345155945979,-0.0000931663889787,-0.00612808158621,0.00919718388468,-0.00214745849371,-0.00459144031629,0.00788317993283,-0.00879989750683,0.0104758655652,-0.0199001543224,0.030554516241,-0.0124966260046],[0.000339652440744,-0.00288813118823,0.00230860873125,0.00287330127321,-0.00573819829151,-0.0000753842687118,0.00466834567487,-0.00709068076685,0.00866890884936,-0.00397294387221,0.00723134726286,-0.0124966260046,0.0239314455539]],"mean":[-21.7429695129,96.1872329712,-69.4038619995,9.37350559235,-6.95967102051,-9.47488880157,8.24196434021,-19.8727874756,-1.25392615795,-8.55557346344,-10.165096283,-6.38568162918,-12.8674602509]},"hfc":{"dmean":84.0991210938,"dmean2":129.846466064,"dvar":26869.8925781,"dvar2":65933.8671875,"max":6679.36425781,"mean":226.289367676,"median":167.316680908,"min":1.15074441908e-16,"var":60463.0078125},"melbands":{"dmean":[0.00609841290861,0.00459935003892,0.00145166413859,0.000478834204841,0.000266390736215,0.000228774224524,0.000175865352503,0.000114039496111,0.000103060738184,0.000063738800236,0.0000557543280593,0.0000661978046992,0.0000399073142034,0.0000336157718266,0.0000242476507992,0.0000192107872863,0.000017187301637,0.0000205835494853,0.0000131435781441,0.00000637891571387,0.00000802291924629,0.00000696882489137,0.0000059731132751,0.00000530435409019,0.00000442460304839,0.0000034923846215,0.0000038378152567,0.00000308005746774,0.00000335915456162,0.00000301934460367,0.0000024510422918,0.00000177710910521,0.00000132755394588,0.00000136670439588,7.53420636102e-7,3.10529543412e-7,1.15157554603e-7,5.62091138079e-8,3.14316359606e-8,2.64268642525e-8],"dmean2":[0.0101402392611,0.00775861786678,0.00234799692407,0.000773263804149,0.000414057460148,0.000352011382347,0.000267437979346,0.000174132597749,0.0001632131316,0.0000993796493276,0.0000865588444867,0.000101508689113,0.0000616831966909,0.000052787392633,0.0000386487226933,0.0000300780029647,0.0000272067391052,0.0000329779286403,0.0000208701330848,0.00000990792341327,0.0000121208695418,0.0000104074815681,0.00000897987592907,0.00000788840043242,0.00000656255997455,0.00000500207306686,0.00000549558808416,0.00000436458276454,0.00000476636296298,0.00000422487664764,0.00000340442511515,0.00000250125776802,0.00000186754937204,0.00000197050030692,0.00000107666778604,4.45284399575e-7,1.70169542457e-7,8.75815118206e-8,5.13024822624e-8,4.33410001222e-8],"dvar":[0.000289551186142,0.0000885189074324,0.00000604742899668,0.00000126330030525,6.06398543823e-7,7.27948474832e-7,3.56750319952e-7,9.01020058564e-8,1.16092564895e-7,3.87582055339e-8,4.34506013391e-8,3.73262984965e-8,8.84337403306e-9,5.51535439541e-9,2.2328918714e-9,1.22592391794e-9,8.76738792677e-10,1.68524838529e-9,1.43567091548e-9,2.88414903071e-10,2.64636229597e-10,1.89080140434e-10,1.34433381094e-10,1.0398804734e-10,7.22075038651e-11,4.1201642792e-11,5.2044177995e-11,3.69218718099e-11,4.44989531334e-11,4.12243295056e-11,3.24579148281e-11,1.46488758623e-11,7.01071709366e-12,7.27137274004e-12,2.20013460575e-12,3.49598551063e-13,4.38237364149e-14,1.07995455636e-14,3.77899387198e-15,2.79664868195e-15],"dvar2":[0.000738031812944,0.00023623983725,0.0000158652255777,0.00000308801440951,0.0000013336405118,0.00000153818314175,7.17930390692e-7,2.09471167523e-7,2.44444834152e-7,8.91380622647e-8,9.94762316964e-8,8.82676118863e-8,2.06081445242e-8,1.31326389763e-8,5.32230970407e-9,2.96890889651e-9,2.1336439282e-9,4.31161950587e-9,3.4660641024e-9,7.1044631289e-10,6.15182182973e-10,4.42062914052e-10,3.15589415711e-10,2.41647785115e-10,1.65053595791e-10,8.64237709175e-11,1.12540581021e-10,8.20643830668e-11,9.78732372925e-11,8.8600182746e-11,6.75683120566e-11,3.04168114307e-11,1.41590324534e-11,1.54847957373e-11,4.61374124669e-12,7.23299675362e-13,8.8295954478e-14,2.38429525553e-14,8.87906098608e-15,6.54068592771e-15],"max":[0.215379238129,0.195878610015,0.05578398332,0.0350044518709,0.0295714382082,0.0218333825469,0.0162627100945,0.0133026912808,0.0108195636421,0.00655173882842,0.00599325681105,0.00945329386741,0.00362157472409,0.00304485950619,0.00166222557891,0.000763936841395,0.000581532425713,0.00141322228592,0.00164936773945,0.000902602565475,0.000601414882112,0.000303137057927,0.00030534088728,0.000241423869738,0.000189890284673,0.000176245550392,0.000167938444065,0.000120013086416,0.000179922339157,0.000142233358929,0.000139807918458,0.000122223063954,0.0000683676626068,0.0000523586350027,0.0000272635243164,0.0000140255642691,0.00000502860666529,0.00000239813243752,0.0000018855671442,0.00000167551843333],"mean":[0.00596757140011,0.00568435713649,0.00231057335623,0.000673619739246,0.000376475945814,0.000304865388898,0.000250794313615,0.00018181829364,0.00014571781503,0.0000894876357052,0.0000768281970522,0.000101105310023,0.0000656432603137,0.0000534392856935,0.0000377031683456,0.0000325669207086,0.0000298504801322,0.0000328825626639,0.0000199052283278,0.0000103463380583,0.0000120855165733,0.0000102338390207,0.0000092020854936,0.00000831313718663,0.00000658623548588,0.00000521467654835,0.00000537979531146,0.00000439805353381,0.00000449686649517,0.00000408743699154,0.00000332327363139,0.00000230004707191,0.0000016476391238,0.00000152610027726,8.43508587423e-7,3.52841539097e-7,1.33717691142e-7,6.09948003216e-8,3.29359934881e-8,2.70714313189e-8],"median":[0.0018451528158,0.00296720350161,0.00136721914168,0.000332488649292,0.000116017014079,0.0000586342393945,0.000065123240347,0.0000641609949525,0.0000485766686324,0.0000299403036479,0.0000216076259676,0.0000356243908755,0.0000272595061688,0.0000235910083575,0.0000166178851941,0.0000142692088048,0.0000140005558933,0.000014636942069,0.00000749884657125,0.00000347135596712,0.00000372951262761,0.00000305981916426,0.000002608505838,0.00000237900167122,0.00000176528908469,0.00000141671716847,0.00000140050963182,0.00000108098993223,0.00000104212301721,9.26878499286e-7,6.670254038e-7,4.113509533e-7,2.62078202695e-7,1.82360025747e-7,1.11278950499e-7,6.18396640562e-8,3.15233066317e-8,1.88631830156e-8,1.21204193348e-8,9.33734511932e-9],"min":[1.58355764565e-23,4.66360643772e-24,1.23784227272e-23,3.53673322854e-24,1.29295312108e-23,2.06194735326e-23,1.22104363751e-23,8.73267759902e-24,8.06493603061e-24,7.69884461715e-24,3.00722040388e-24,2.15638094559e-23,1.54928700357e-23,1.23099227793e-23,4.9023749122e-24,7.25700993503e-24,1.43421665219e-23,1.39351221834e-23,1.17293519187e-23,9.57963574333e-24,4.84250076393e-24,7.64727204661e-24,1.03467075215e-23,1.21819056428e-23,7.84629691984e-24,9.91814305751e-24,1.5793265113e-23,1.23112890864e-23,7.40778886415e-24,8.80327591687e-24,1.53360555318e-23,1.32929894065e-23,7.96277854338e-24,9.79209886207e-24,8.24911533045e-24,1.69120639363e-23,1.05367535799e-23,9.70955166809e-24,1.1599600077e-23,7.64959603084e-24],"var":[0.000234756997088,0.000083455859567,0.00000872097098181,0.00000166194718076,0.00000109879204047,0.00000122100425415,6.32608816886e-7,1.46457878714e-7,1.68544133317e-7,5.94843889701e-8,6.20507591975e-8,6.2273876722e-8,1.51445220808e-8,9.27727672462e-9,4.05288913541e-9,2.61693311465e-9,1.93195615061e-9,3.13920289763e-9,2.15471862575e-9,4.57139853749e-10,5.97283722481e-10,3.39539646399e-10,2.92445900829e-10,2.34942121313e-10,1.46966105952e-10,9.3393889844e-11,9.71290339824e-11,7.03824359904e-11,7.57514190264e-11,6.95526067296e-11,5.6807697435e-11,2.59447029832e-11,1.23797977078e-11,1.02571232757e-11,3.10646950871e-12,5.04504586978e-13,7.04869783418e-14,1.42618240758e-14,4.1460022366e-15,3.03177994591e-15]},"melbands_crest":{"dmean":4.34890174866,"dmean2":7.16636562347,"dvar":14.2469892502,"dvar2":35.6335296631,"max":39.953125,"mean":18.5097675323,"median":17.8067512512,"min":2.01094555855,"var":37.4591140747},"melbands_flatness_db":{"dmean":0.0472024492919,"dmean2":0.0709034651518,"dvar":0.00156928610522,"dvar2":0.00376209011301,"max":0.625001251698,"mean":0.298604220152,"median":0.293676972389,"min":0.00622738711536,"var":0.00673832977191},"melbands_kurtosis":{"dmean":36.8267059326,"dmean2":61.894115448,"dvar":40041.6015625,"dvar2":116333.671875,"max":9096.8203125,"mean":59.620010376,"median":20.633436203,"min":-1.66768205166,"var":93990.5703125},"melbands_skewness":{"dmean":1.56754171848,"dmean2":2.47133636475,"dvar":5.69014406204,"dvar2":15.6522874832,"max":88.3569869995,"mean":4.71766614914,"median":3.955473423,"min":-1.4242708683,"var":19.3687458038},"melbands_spread":{"dmean":4.73028182983,"dmean2":7.47587251663,"dvar":38.4975128174,"dvar2":87.5651550293,"max":134.412704468,"mean":11.0567970276,"median":8.11613845825,"min":0.0559864677489,"var":143.345550537},"mfcc":{"cov":[[9978.32324219,-405.818359375,-1270.32421875,825.843200684,-795.732971191,260.823455811,-494.802062988,143.180328369,-332.48727417,-73.9353256226,-153.253387451,24.4480113983,-43.0953826904],[-405.818359375,1501.96374512,25.6666889191,-543.984069824,101.054832458,-94.6630935669,146.803253174,-193.954116821,81.0519714355,-23.7434673309,51.1372871399,-61.0343666077,-11.0573577881],[-1270.32421875,25.6666889191,572.590759277,-139.482940674,153.550292969,-60.8774833679,69.5546798706,15.680850029,39.4402809143,29.3934001923,24.5420188904,16.2644824982,12.57122612],[825.843200684,-543.984069824,-139.482940674,646.241271973,-83.1802368164,80.6393051147,-116.298797607,103.420257568,-42.7999191284,2.06766080856,-14.2118616104,28.0586452484,-4.40447473526],[-795.732971191,101.054832458,153.550292969,-83.1802368164,253.481536865,-11.4006252289,86.4845733643,-41.5820159912,58.193107605,9.49647521973,22.0135650635,-1.56251883507,10.6470403671],[260.823455811,-94.6630935669,-60.8774833679,80.6393051147,-11.4006252289,176.319366455,10.2324581146,73.2591552734,-14.7693996429,19.8633422852,-15.8646411896,5.78339004517,2.25830078125],[-494.802062988,146.803253174,69.5546798706,-116.298797607,86.4845733643,10.2324581146,163.284667969,8.88658905029,52.592540741,-13.027674675,8.50555038452,-24.800693512,-2.07607293129],[143.180328369,-193.954116821,15.680850029,103.420257568,-41.5820159912,73.2591552734,8.88658905029,139.409194946,7.27639436722,19.0858058929,-25.6664161682,5.22820711136,-3.52431249619],[-332.48727417,81.0519714355,39.4402809143,-42.7999191284,58.193107605,-14.7693996429,52.592540741,7.27639436722,83.8563232422,16.6881046295,10.2853803635,-16.8801727295,-3.56922388077],[-73.9353256226,-23.7434673309,29.3934001923,2.06766080856,9.49647521973,19.8633422852,-13.027674675,19.0858058929,16.6881046295,69.6536254883,25.6452522278,18.7136249542,3.07533812523],[-153.253387451,51.1372871399,24.5420188904,-14.2118616104,22.0135650635,-15.8646411896,8.50555038452,-25.6664161682,10.2853803635,25.6452522278,73.5757217407,37.1134223938,16.1936588287],[24.4480113983,-61.0343666077,16.2644824982,28.0586452484,-1.56251883507,5.78339004517,-24.800693512,5.22820711136,-16.8801727295,18.7136249542,37.1134223938,81.0139312744,38.2904548645],[-43.0953826904,-11.0573577881,12.57122612,-4.40447473526,10.6470403671,2.25830078125,-2.07607293129,-3.52431249619,-3.56922388077,3.07533812523,16.1936588287,38.2904548645,63.7029190063]],"icov":[[0.00018734614423,-0.0000814373561298,0.000269724492682,-0.000124529324239,0.000234533727053,-0.0000724640121916,0.000209992474993,-0.000132987173856,0.000298714003293,0.0000138165423778,0.000161283634952,-0.0000779989131843,0.0000355772208422],[-0.0000814373561298,0.00120846531354,-0.0000305008707073,0.000783224357292,0.000155007801368,-0.000279909960227,-0.000466566038085,0.00127754313871,-0.000919384649023,0.000273378624115,-0.000686870480422,0.000496390042827,0.0000658571298118],[0.000269724492682,-0.0000305008707073,0.0029641231522,0.000350183865521,-0.0013787925709,0.00141182646621,0.000035912344174,-0.00202543404885,0.00136527360883,-0.000859749328811,-0.0000780085174483,-0.000285410496872,-0.00000466087249151],[-0.000124529324239,0.000783224357292,0.000350183865521,0.002875627717,-0.000610057846643,-0.000499129237141,0.00169270741753,-0.00147328933235,-0.000554937461857,0.00150128034875,-0.00169706030283,0.000319525133818,0.000410510227084],[0.000234533727053,0.000155007801368,-0.0013787925709,-0.000610057846643,0.00750272162259,-0.0017211525701,-0.00260263471864,0.00447151856497,-0.00348303397186,-0.000658466364257,0.0014443397522,-0.00136547558941,-0.000324677239405],[-0.0000724640121916,-0.000279909960227,0.00141182646621,-0.000499129237141,-0.0017211525701,0.00925009418279,-0.00200712285005,-0.00484829535708,0.00415333453566,-0.00370342610404,0.00130881299265,0.000223785304115,-0.000840349588543],[0.000209992474993,-0.000466566038085,0.000035912344174,0.00169270741753,-0.00260263471864,-0.00200712285005,0.0126537531614,-0.00432869838551,-0.00398821430281,0.00631177984178,-0.00478634377941,0.00337233231403,-0.000488410762046],[-0.000132987173856,0.00127754313871,-0.00202543404885,-0.00147328933235,0.00447151856497,-0.00484829535708,-0.00432869838551,0.0168234091252,-0.00513286935166,-0.00377825903706,0.00701889954507,-0.00402626814321,0.00117448309902],[0.000298714003293,-0.000919384649023,0.00136527360883,-0.000554937461857,-0.00348303397186,0.00415333453566,-0.00398821430281,-0.00513286935166,0.0217477213591,-0.00653080688789,-0.00190365454182,0.0055256607011,-0.00154798675794],[0.0000138165423778,0.000273378624115,-0.000859749328811,0.00150128034875,-0.000658466364257,-0.00370342610404,0.00631177984178,-0.00377825903706,-0.00653080688789,0.0233798027039,-0.0093252453953,-0.00124284077901,0.00219124834985],[0.000161283634952,-0.000686870480422,-0.0000780085174483,-0.00169706030283,0.0014443397522,0.00130881299265,-0.00478634377941,0.00701889954507,-0.00190365454182,-0.0093252453953,0.0267761554569,-0.0130207473412,0.00119583355263],[-0.0000779989131843,0.000496390042827,-0.000285410496872,0.000319525133818,-0.00136547558941,0.000223785304115,0.00337233231403,-0.00402626814321,0.0055256607011,-0.00124284077901,-0.0130207473412,0.0272357463837,-0.0124720213935],[0.0000355772208422,0.0000658571298118,-0.00000466087249151,0.000410510227084,-0.000324677239405,-0.000840349588543,-0.000488410762046,0.00117448309902,-0.00154798675794,0.00219124834985,0.00119583355263,-0.0124720213935,0.0228959452361]],"mean":[-691.467529297,159.081985474,-0.100754208863,39.9515838623,1.61637568474,28.4800014496,6.21725893021,10.7450141907,3.87962532043,6.30934524536,3.31538748741,2.18170785904,-0.678353726864]},"pitch_salience":{"dmean":0.0856968834996,"dmean2":0.141586720943,"dvar":0.00582429766655,"dvar2":0.0154262864962,"max":0.83690482378,"mean":0.51732224226,"median":0.533485651016,"min":0.00729911169037,"var":0.0138221047819},"silence_rate_20dB":{"dmean":0.0109035512432,"dmean2":0.0218088515103,"dvar":0.0107846641913,"dvar2":0.0274268761277,"max":1,"mean":0.992063462734,"median":1,"min":0,"var":0.00787351932377},"silence_rate_30dB":{"dmean":0.111601054668,"dmean2":0.223220005631,"dvar":0.0991462618113,"dvar2":0.19119271636,"max":1,"mean":0.85201215744,"median":1,"min":0,"var":0.126087427139},"silence_rate_60dB":{"dmean":0.00160346343182,"dmean2":0.0032071841415,"dvar":0.00160089239944,"dvar2":0.00399869401008,"max":1,"mean":0.0299823638052,"median":0,"min":0,"var":0.0290834214538},"spectral_centroid":{"dmean":289.229034424,"dmean2":413.145050049,"dvar":113583.84375,"dvar2":214399.1875,"max":11220.4091797,"mean":908.430786133,"median":719.609008789,"min":126.886901855,"var":424182.25},"spectral_complexity":{"dmean":4.48440647125,"dmean2":5.94996786118,"dvar":29.4937229156,"dvar2":42.0159378052,"max":61,"mean":16.18791008,"median":14,"min":0,"var":135.433029175},"spectral_contrast_coeffs":{"dmean":[0.05711575225,0.0478763133287,0.0370941720903,0.0295236688107,0.0221887156367,0.0525086596608],"dmean2":[0.0941101834178,0.078067496419,0.0599657930434,0.0480984784663,0.0349685102701,0.0726174637675],"dvar":[0.00204976485111,0.00148291070946,0.000900187762454,0.000562762783375,0.00036636859295,0.00225739530288],"dvar2":[0.00556873064488,0.00382714765146,0.00225427909754,0.00143229099922,0.000897884077858,0.00394373666495],"max":[-0.354893833399,-0.454185575247,-0.497702240944,-0.61412602663,-0.698053598404,-0.343222409487],"mean":[-0.662626206875,-0.784810423851,-0.809342861176,-0.816926658154,-0.84129357338,-0.732864260674],"median":[-0.660709679127,-0.793333172798,-0.811648726463,-0.817743897438,-0.838379740715,-0.734015822411],"min":[-0.95827293396,-0.96580862999,-0.974721550941,-0.983123660088,-0.967409551144,-0.961692273617],"var":[0.0061804340221,0.00516400113702,0.00320571870543,0.00234679551795,0.00147220306098,0.00950877275318]},"spectral_contrast_valleys":{"dmean":[0.433644682169,0.419937342405,0.375808894634,0.360851466656,0.481943309307,0.624005913734],"dmean2":[0.694957613945,0.658033847809,0.56883174181,0.524443686008,0.599395871162,0.971170663834],"dvar":[0.141852349043,0.139247328043,0.129457861185,0.143851280212,0.22116997838,0.280608326197],"dvar2":[0.312175959349,0.298892706633,0.252897948027,0.268205225468,0.396137058735,0.685072779655],"max":[-4.36219739914,-4.46756649017,-5.14969348907,-5.70863723755,-5.60231399536,-8.45897960663],"mean":[-6.69843578339,-6.83534431458,-7.34812021255,-7.79351806641,-7.88500499725,-11.1452121735],"median":[-6.58933639526,-6.65519428253,-7.14066314697,-7.6001663208,-7.69264793396,-11.0430316925],"min":[-27.2494220734,-27.0227508545,-27.1049003601,-27.2522220612,-27.3696346283,-27.2737541199],"var":[1.46929204464,1.32293534279,1.34759283066,1.32989013195,1.59034788609,0.958420753479]},"spectral_decrease":{"dmean":8.4240205922e-9,"dmean2":1.35637332477e-8,"dvar":2.92868311898e-16,"dvar2":7.29280650388e-16,"max":3.53582052526e-8,"mean":-1.05038484577e-8,"median":-5.47879341894e-9,"min":-2.37300454842e-7,"var":2.88064179249e-16},"spectral_energy":{"dmean":0.0345010124147,"dmean2":0.0549689158797,"dvar":0.00490616681054,"dvar2":0.0119668086991,"max":1.16178667545,"mean":0.0601690746844,"median":0.0385295599699,"min":1.06537970996e-20,"var":0.00540494685993},"spectral_energyband_high":{"dmean":0.000626555003691,"dmean2":0.000803539005574,"dvar":0.00000106368008801,"dvar2":0.00000192554762179,"max":0.0178146921098,"mean":0.00098928657826,"median":0.000274085614365,"min":7.72163004399e-21,"var":0.00000263180231741},"spectral_energyband_low":{"dmean":0.0295848846436,"dmean2":0.0485911220312,"dvar":0.00414540339261,"dvar2":0.0104738296941,"max":1.01092302799,"mean":0.0364097729325,"median":0.0173883847892,"min":7.7907322398e-23,"var":0.00382641376927},"spectral_energyband_middle_high":{"dmean":0.00127829588018,"dmean2":0.00175004429184,"dvar":0.00000433905643149,"dvar2":0.00000881932010088,"max":0.0681265592575,"mean":0.0032223938033,"median":0.00197479035705,"min":1.62085384697e-21,"var":0.0000154644822032},"spectral_energyband_middle_low":{"dmean":0.00515809468925,"dmean2":0.00775998178869,"dvar":0.0000776524393586,"dvar2":0.000166814119439,"max":0.167914569378,"mean":0.0107963019982,"median":0.00659782532603,"min":3.07614126424e-22,"var":0.00017908384325},"spectral_entropy":{"dmean":0.276047706604,"dmean2":0.379772245884,"dvar":0.0717377662659,"dvar2":0.143281668425,"max":9.80455207825,"mean":7.40452766418,"median":7.48459243774,"min":4.7978310585,"var":0.261169373989},"spectral_flux":{"dmean":0.0472098588943,"dmean2":0.0758311673999,"dvar":0.00478664366528,"dvar2":0.0105206193402,"max":0.77300965786,"mean":0.132074639201,"median":0.105275183916,"min":1.03217233371e-10,"var":0.00891043618321},"spectral_kurtosis":{"dmean":5.68350553513,"dmean2":8.41285610199,"dvar":63.8246040344,"dvar2":148.952346802,"max":107.055160522,"mean":16.8290557861,"median":13.2375354767,"min":-1.21423459053,"var":133.385787964},"spectral_rms":{"dmean":0.00175080855843,"dmean2":0.00266560865566,"dvar":0.00000634595789961,"dvar2":0.000013843371562,"max":0.0336667560041,"mean":0.00680527277291,"median":0.00613105297089,"min":3.22396471499e-12,"var":0.0000123897998492},"spectral_rolloff":{"dmean":4736.82470703,"dmean2":9085.2421875,"dvar":64381396,"dvar2":147549392,"max":22050,"mean":12318.2832031,"median":20391.9433594,"min":21.533203125,"var":103959912},"spectral_skewness":{"dmean":0.522125661373,"dmean2":0.712083339691,"dvar":0.36380469799,"dvar2":0.761622905731,"max":8.57021713257,"mean":2.79314374924,"median":2.50766897202,"min":-0.0595725029707,"var":1.16780126095},"spectral_spread":{"dmean":604262.6875,"dmean2":898866.4375,"dvar":385482883072,"dvar2":748471779328,"max":40776068,"mean":4534632.5,"median":4520921,"min":1650514.375,"var":1221499944960},"spectral_strongpeak":{"dmean":6.26243066788,"dmean2":11.5522489548,"dvar":405.754638672,"dvar2":1039.40734863,"max":353.084533691,"mean":6.43430280685,"median":0.347981035709,"min":0,"var":502.711883545},"zerocrossingrate":{"dmean":0.0476917251945,"dmean2":0.0588801726699,"dvar":0.00172997894697,"dvar2":0.00254588783719,"max":0.82763671875,"mean":0.27709800005,"median":0.2646484375,"min":0,"var":0.0153906550258}},"metadata":{"audio_properties":{"analysis_sample_rate":44100,"bit_rate":320000,"codec":"mp3","downmix":"mix","equal_loudness":0,"length":289.620666504,"lossless":false,"md5_encoded":"65d14320ec6000e3c2bd888f269a1b3b","replay_gain":-0.0868530273438,"sample_rate":44100},"tags":{"acoustid_id":["f527def8-923d-45d8-a7a1-39069786a58a"],"album":["Talking Heads: 77"],"albumartist":["Talking Heads"],"artist":["Talking Heads"],"date":["1987"],"discnumber":["1/1"],"file_name":"06 - Talking Heads - No Compassion.mp3","musicbrainz_albumartistid":["a94a7155-c79d-4409-9fcf-220cb0e4dc3a"],"musicbrainz_albumid":["6387ab90-9504-3791-bf8d-0bcc4f5177eb"],"musicbrainz_artistid":["a94a7155-c79d-4409-9fcf-220cb0e4dc3a"],"musicbrainz_recordingid":["ca1ff042-d45e-4cae-b64a-f9089e10add8"],"musicbrainz_releasegroupid":["d99084ee-de04-3ba1-8203-5f1a7e5355ee"],"replaygain_album_gain":["-0.09 dB"],"replaygain_album_peak":["0.892379"],"replaygain_track_gain":["+0.01 dB"],"replaygain_track_peak":["0.861028"],"title":["No Compassion"],"tracknumber":["6/11"]},"version":{"essentia":"2.1-beta1","essentia_build_sha":"e76a03f03bb3900de42a1fa0d9be1e72f12def64","essentia_git_sha":"v2.1_beta1-28-g21ef5f4-dirty","extractor":"music 1.0"}},"rhythm":{"beats_count":586,"beats_loudness":{"dmean":0.0560044199228,"dmean2":0.0990001484752,"dvar":0.00307339127176,"dvar2":0.00903744995594,"max":0.365241467953,"mean":0.0992892012,"median":0.0908086448908,"min":2.63515875787e-9,"var":0.0036752820015},"beats_loudness_band_ratio":{"dmean":[0.195649519563,0.075857758522,0.0444740690291,0.0327936820686,0.0238259565085,0.106248088181],"dmean2":[0.358879327774,0.136919036508,0.0808886811137,0.0607378520072,0.0444825813174,0.194002762437],"dvar":[0.020341174677,0.008329981938,0.00342292664573,0.00134549546055,0.000366355088772,0.00887595396489],"dvar2":[0.062363833189,0.023342480883,0.00986643694341,0.00402986491099,0.00106703338679,0.02394148893