{"lowlevel":{"average_loudness":0.730387508869,"barkbands":{"dmean":[0.00000358178613169,0.000313138967613,0.000407283863751,0.000179598777322,0.000283086206764,0.000149458195665,0.000138783099828,0.0000888028007466,0.00035620079143,0.00128183991183,0.000669946428388,0.000391508103348,0.000995021313429,0.000571203359868,0.000631271745078,0.000439846771769,0.00034658369259,0.000286986411083,0.000104037724668,0.0000679096920067,0.0000612862713751,0.0000600187013333,0.0000708045990905,0.00000751673542254,0.0000158605726028,9.29282009565e-7,4.24448707292e-8],"dmean2":[0.00000595142728343,0.000520821020473,0.000667953921948,0.000301170744933,0.000484842050355,0.000249802775215,0.000224290517508,0.000141906595672,0.000547857722268,0.00182670610957,0.00102028553374,0.000609222974163,0.00151432305574,0.000882641295902,0.000964272941928,0.000641960650682,0.000535906699952,0.000441181240603,0.00016189760936,0.000100524754089,0.0000941233083722,0.0000949729583226,0.000110061264422,0.0000114500689961,0.0000263024976448,0.00000158852139975,7.46032284837e-8],"dvar":[5.99781613264e-11,1.90697491576e-7,3.01632837818e-7,7.78226052489e-8,1.87963294707e-7,1.16887953538e-7,2.28655125056e-7,7.90133043438e-8,0.00000213437965613,0.0000123527752294,0.00000888390331966,0.0000016776530174,0.00000654477889839,0.00000253187067756,0.00000210172879633,8.31356544495e-7,5.07765093971e-7,2.50374341704e-7,3.73751625204e-8,1.51848720265e-8,1.27895312119e-8,2.01877021766e-8,2.83193877237e-8,2.40778036398e-10,1.82197168463e-9,6.65762280375e-12,1.30973138625e-14],"dvar2":[1.47303419462e-10,5.19849606917e-7,7.6549338246e-7,2.10436994053e-7,5.33369473033e-7,2.89101024009e-7,6.12438327607e-7,1.82498510526e-7,0.0000045341553232,0.0000242890182562,0.0000201399743673,0.00000377148330699,0.0000150199130076,0.00000536011884833,0.00000515292549608,0.00000155120915224,0.00000121401865272,5.33448940132e-7,8.74131984574e-8,3.04135348017e-8,3.02844576083e-8,5.08607413963e-8,6.97002917605e-8,5.72795921805e-10,4.89303575435e-9,1.81893094336e-11,3.65716944304e-14],"max":[0.0000926105421968,0.00544299092144,0.00699253985658,0.00556944403797,0.0056104096584,0.00517517607659,0.0189863741398,0.00790798012167,0.0342796780169,0.0812384560704,0.0719214528799,0.0280488952994,0.0576063804328,0.0273062214255,0.0306732561439,0.0282088126987,0.0188865866512,0.0182863883674,0.00388581398875,0.00248075672425,0.00158836180344,0.00258922274224,0.00226868013851,0.000390833854908,0.000378181779524,0.0000347219029209,0.00000170763939877],"mean":[0.00000382836196877,0.000810593715869,0.000799374538474,0.000361979706213,0.000519513967447,0.000216885047848,0.000213828010601,0.000119003401778,0.000610535789747,0.00307663273998,0.00128674693406,0.00060848146677,0.00214084773324,0.000973945425358,0.00127995864023,0.000983721227385,0.000806867552456,0.00068857439328,0.000231446436374,0.000160470604897,0.000106172788946,0.0000777955647209,0.0000878801729414,0.0000119694568639,0.0000147261043821,8.84094959019e-7,5.39129452193e-8],"median":[0.00000119082801575,0.00047050244757,0.000416244292865,0.000248589174589,0.000421652395744,0.000081645368482,0.0000720302487025,0.0000369267618225,0.0000723706034478,0.000106091945781,0.0000658012140775,0.000150451814989,0.000435702531831,0.000334732991178,0.000531174242496,0.000439856084995,0.000293639604934,0.000290891155601,0.000120354248793,0.0000722659679013,0.0000458617578261,0.0000229573524848,0.000023064265406,0.00000430572254118,0.00000272582065008,1.82822304851e-7,3.50535067639e-8],"min":[2.20686697856e-25,2.07227054484e-24,1.09183299385e-24,6.06385249107e-25,5.18065387956e-24,6.03738837707e-24,8.3177241411e-24,1.29832242394e-23,1.65786613411e-23,2.01397561721e-23,1.07337195261e-23,2.12368045226e-23,3.2876929962e-23,2.11960440796e-23,4.82028091881e-23,5.13814989622e-23,9.27917077299e-23,6.78505070597e-23,1.32743946928e-22,2.00440947966e-22,2.37528871083e-22,2.6480081494e-22,3.85158295127e-22,6.00669389391e-22,8.4969492998e-22,1.32611855009e-21,1.82557791838e-21],"var":[6.32305943715e-11,7.2246803029e-7,0.00000100727777408,1.57033184678e-7,2.29423591236e-7,1.67484330404e-7,3.34816348868e-7,1.17618519369e-7,0.00000598003407504,0.0000585442103329,0.0000271506050922,0.00000318524121212,0.0000245398005063,0.00000501847807755,0.00000482852283312,0.00000330830584971,0.00000223082975026,0.00000130406442622,1.01029080213e-7,5.80427759189e-8,2.47109017693e-8,2.28700844929e-8,3.13193737611e-8,4.52890031033e-10,1.4428881423e-9,5.50941063604e-12,9.59789719083e-15]},"barkbands_crest":{"dmean":2.11862421036,"dmean2":3.33074569702,"dvar":3.98238825798,"dvar2":9.10768699646,"max":24.4964542389,"mean":9.824177742,"median":8.82445144653,"min":2.10762572289,"var":19.5769615173},"barkbands_flatness_db":{"dmean":0.0174397826195,"dmean2":0.0247088950127,"dvar":0.000274432066362,"dvar2":0.000524743809365,"max":0.295346528292,"mean":0.147151872516,"median":0.144557490945,"min":0.0417867712677,"var":0.00201595458202},"barkbands_kurtosis":{"dmean":0.973953962326,"dmean2":1.52775657177,"dvar":2.86314463615,"dvar2":7.57379341125,"max":64.0640945435,"mean":0.743685185909,"median":-0.136219978333,"min":-1.89448666573,"var":10.9924736023},"barkbands_skewness":{"dmean":0.370367914438,"dmean2":0.55586206913,"dvar":0.133834376931,"dvar2":0.315676480532,"max":7.34614276886,"mean":0.0200839303434,"median":-0.065120793879,"min":-3.20726561546,"var":1.08488821983},"barkbands_spread":{"dmean":4.72597742081,"dmean2":7.14668273926,"dvar":25.4794330597,"dvar2":56.3541793823,"max":122.221443176,"mean":25.2243385315,"median":25.1655578613,"min":2.63106250763,"var":148.771713257},"dissonance":{"dmean":0.0163392629474,"dmean2":0.0279266517609,"dvar":0.000386861414881,"dvar2":0.0010673267534,"max":0.500000059605,"mean":0.473788589239,"median":0.484150022268,"min":0.308332324028,"var":0.000741943833418},"dynamic_complexity":4.61506605148,"erbbands":{"dmean":[0.00507979560643,0.0862053111196,0.393456667662,0.566743910313,0.741699516773,1.0918097496,0.882081627846,1.34353971481,1.84196257591,2.06890487671,2.3813829422,8.03977489471,21.3747825623,43.2493972778,22.4294242859,19.9686660767,39.9544525146,23.3501167297,32.5787086487,26.0360145569,19.0046730042,17.806596756,14.0435056686,10.2102003098,4.05947446823,3.08106279373,2.26571679115,3.23293423653,2.17033076286,1.35639846325,2.40660381317,0.308809876442,0.0894054248929,0.0725909769535,0.179035410285,0.0195097103715,0.00114283815492,0.000113207526738,0.0000100938177638,0.00000499972384205],"dmean2":[0.00845330115408,0.144222334027,0.659171283245,0.92138260603,1.27112686634,1.87481737137,1.49388992786,2.23706459999,2.9175555706,3.40312623978,3.71410632133,12.1275596619,32.0666313171,59.7015533447,34.7093086243,29.3417816162,59.4138221741,35.8807945251,50.4789199829,38.8567962646,27.7873649597,27.4190444946,21.5126495361,15.5184106827,6.17751216888,4.54080247879,3.38591361046,4.95225811005,3.4242913723,2.09155964851,3.76011061668,0.469522595406,0.133069589734,0.114013560116,0.302302777767,0.033079482615,0.00189315457828,0.000188587466255,0.0000166261015693,0.00000704081639924],"dvar":[0.0000569957046537,0.0144253047183,0.277549922466,0.585903465748,1.34366250038,3.09300518036,2.40028548241,11.5910634995,28.1730594635,103.053825378,58.7426185608,1064.44677734,5382.54833984,12799.9208984,9999.15039062,2748.02441406,10540.2910156,4759.98291016,6351.6484375,3278.64233398,1332.5970459,1458.19067383,636.124572754,346.38760376,60.1121559143,37.667175293,15.9701004028,49.7680015564,26.0134754181,9.0800743103,34.3319168091,0.396197140217,0.0372826457024,0.0273924432695,0.259771376848,0.003025024198,0.00000832768910186,8.9037243356e-8,5.42916767099e-10,4.15188890213e-11],"dvar2":[0.000162906057085,0.0392902642488,0.756790578365,1.45428681374,3.79581642151,8.77461910248,6.27363157272,28.7778091431,65.6202316284,293.489868164,139.959289551,2183.8347168,11803.5888672,23159.8867188,23450.453125,5457.125,23268.6640625,10297.5859375,15470.4775391,7637.68066406,2454.03930664,3454.3894043,1276.91577148,768.501464844,137.157302856,76.2028427124,36.1394042969,121.360076904,66.5428619385,22.66381073,84.4714050293,0.98231703043,0.0822563841939,0.06915461272,0.701760053635,0.00819662958384,0.0000221734608203,2.38288137666e-7,1.48588141791e-9,8.34778773884e-11],"max":[0.0926013663411,1.39565956593,6.08152484894,14.6963739395,21.9685554504,20.6076488495,22.1856517792,50.8570785522,162.169143677,477.629425049,212.328048706,901.577392578,1501.85424805,2775.90820312,3397.75341797,1318.43078613,2249.62695312,2093.11889648,1886.00415039,1711.11425781,1561.28100586,1249.20007324,1111.07531738,505.046142578,241.73677063,141.944885254,77.8351821899,97.2225265503,77.6679916382,35.7820281982,81.6885070801,13.0012397766,5.46418380737,2.98967576027,4.60276079178,0.608563065529,0.0397524833679,0.00620664842427,0.000341445032973,0.000120522818179],"mean":[0.012679817155,0.224206879735,0.805900454521,1.27053010464,1.435790658,1.84410595894,1.31851899624,1.91992771626,3.08219385147,3.0002450943,3.94631314278,13.8921451569,43.3986167908,98.9541702271,47.3413848877,42.7958526611,90.6160202026,47.8020248413,73.634727478,61.0927772522,46.0891685486,43.3509635925,36.3035163879,25.1652946472,10.4861803055,7.29728889465,4.94550466537,4.77832651138,2.82257676125,1.82613801956,2.91257786751,0.472669184208,0.144129753113,0.0922746583819,0.151453763247,0.0167935136706,0.00117884168867,0.000124794009025,0.0000201540260605,0.0000216290245589],"median":[0.00886822491884,0.138981938362,0.564716041088,0.847232818604,1.19441580772,1.38171052933,0.689666569233,0.659544944763,1.13398313522,0.897099614143,1.12734615803,2.22593688965,3.20426177979,5.1696228981,6.09007644653,13.0514678955,19.4282817841,22.0638256073,27.9437026978,28.0665512085,23.1739997864,16.6792259216,18.9494476318,11.8537635803,5.55975484848,3.37804031372,2.42548584938,1.75658845901,0.881220579147,0.613870799541,0.679060459137,0.180294781923,0.0481866374612,0.0293891057372,0.0176605582237,0.00231184763834,0.000282234017504,0.0000423096644226,0.0000138619416248,0.0000152938628162],"min":[8.68501840966e-23,3.23001962786e-22,1.95503430958e-21,5.32214508855e-21,1.08234256707e-20,2.24396813403e-20,3.73322217017e-20,7.75217191096e-20,1.34741492081e-19,1.49740693505e-19,2.9396980504e-19,4.22271230763e-19,3.9308499003e-19,5.4887864229e-19,9.21346233101e-19,1.19129011196e-18,1.70279730286e-18,1.68580535872e-18,1.77403771613e-18,2.40143415162e-18,3.67268481487e-18,5.4765457008e-18,3.65346899565e-18,4.86763985393e-18,7.46537202992e-18,8.76392565044e-18,9.14115144263e-18,1.03764422899e-17,7.37355911783e-18,1.12588363812e-17,1.21076932617e-17,9.99097943317e-18,1.0008839917e-17,8.6624297621e-18,5.96463106587e-18,4.65963164042e-18,2.47785571405e-18,1.03003952335e-18,2.43610480661e-19,2.61429317842e-20],"var":[0.000137256036396,0.0518374331295,0.644221544266,1.91784107685,1.62663435936,3.55469465256,3.46270513535,15.732254982,70.5398712158,98.6613845825,139.790222168,2763.06445312,12924.1289062,53856.0585938,30076.84375,8127.5625,44577.8710938,10126.3759766,21282.9140625,9392.36621094,5813.00927734,6127.55810547,3385.73925781,1553.52990723,197.976364136,132.325576782,49.3759536743,64.6787719727,28.5582695007,11.3186244965,37.203994751,0.630779266357,0.0747797787189,0.0341608859599,0.191704139113,0.00226540328003,0.00000767118763179,7.96553791815e-8,5.64355562283e-10,3.51106921315e-10]},"erbbands_crest":{"dmean":2.60958170891,"dmean2":4.0648393631,"dvar":5.990899086,"dvar2":13.9293689728,"max":32.6651802063,"mean":11.6629152298,"median":10.6922149658,"min":2.47266888618,"var":26.8094024658},"erbbands_flatness_db":{"dmean":0.0181075166911,"dmean2":0.0258002318442,"dvar":0.000309452181682,"dvar2":0.000572201621253,"max":0.380083650351,"mean":0.217981010675,"median":0.216263145208,"min":0.036251232028,"var":0.00315862800926},"erbbands_kurtosis":{"dmean":1.42438101768,"dmean2":2.15627098083,"dvar":3.08813524246,"dvar2":6.55590105057,"max":49.3218383789,"mean":2.85608363152,"median":1.78342056274,"min":-1.58677887917,"var":13.6501626968},"erbbands_skewness":{"dmean":0.359723985195,"dmean2":0.532795250416,"dvar":0.115834236145,"dvar2":0.247808232903,"max":3.32259893417,"mean":-0.347183704376,"median":-0.397943258286,"min":-5.26288080215,"var":1.16313135624},"erbbands_spread":{"dmean":4.34090900421,"dmean2":6.64209604263,"dvar":26.0652885437,"dvar2":59.6255493164,"max":117.064407349,"mean":20.2523059845,"median":16.1790180206,"min":2.52592754364,"var":181.927749634},"gfcc":{"cov":[[28027.9101562,1480.10913086,-4351.82519531,935.815856934,-1376.45495605,787.950805664,-679.319091797,1.14434862137,-604.200622559,-220.328552246,-166.906555176,-14.5958566666,-27.4911231995],[1480.10913086,839.310424805,-359.820709229,-54.2647514343,133.342712402,-51.1831207275,65.5234680176,-60.8193893433,4.34062385559,-88.5078125,37.3002548218,-85.9790878296,0.764361798763],[-4351.82519531,-359.820709229,1155.65478516,-11.9527111053,-28.910779953,-35.0276412964,-88.8838119507,-3.32224440575,114.024703979,134.649673462,-72.4390487671,70.5876541138,-72.7567367554],[935.815856934,-54.2647514343,-11.9527111053,388.152557373,-10.0386714935,-19.1488819122,-189.130783081,-28.3825721741,65.569984436,69.9495925903,-38.026008606,0.329190939665,-30.9919071198],[-1376.45495605,133.342712402,-28.910779953,-10.0386714935,420.974700928,-105.785720825,69.8062667847,-18.2744350433,58.7036209106,-36.4437828064,43.5367584229,-53.9118537903,19.7703418732],[787.950805664,-51.1831207275,-35.0276412964,-19.1488819122,-105.785720825,199.083724976,34.6604576111,-2.07893157005,-60.6228637695,-18.3505439758,-18.7698249817,18.4571704865,-13.3511772156],[-679.319091797,65.5234680176,-88.8838119507,-189.130783081,69.8062667847,34.6604576111,322.894042969,46.0175514221,-63.5312614441,-81.1281356812,78.8730010986,-39.9630661011,45.6726226807],[1.14434862137,-60.8193893433,-3.32224440575,-28.3825721741,-18.2744350433,-2.07893157005,46.0175514221,110.44153595,21.0638980865,-10.9214830399,6.90102434158,6.32933664322,22.4155426025],[-604.200622559,4.34062385559,114.024703979,65.569984436,58.7036209106,-60.6228637695,-63.5312614441,21.0638980865,150.885620117,60.9018821716,-13.4311723709,6.9950838089,12.7772026062],[-220.328552246,-88.5078125,134.649673462,69.9495925903,-36.4437828064,-18.3505439758,-81.1281356812,-10.9214830399,60.9018821716,139.128936768,16.455247879,28.456205368,-17.7627544403],[-166.906555176,37.3002548218,-72.4390487671,-38.026008606,43.5367584229,-18.7698249817,78.8730010986,6.90102434158,-13.4311723709,16.455247879,140.276000977,4.20733118057,18.4284133911],[-14.5958566666,-85.9790878296,70.5876541138,0.329190939665,-53.9118537903,18.4571704865,-39.9630661011,6.32933664322,6.9950838089,28.456205368,4.20733118057,94.9849624634,13.8933296204],[-27.4911231995,0.764361798763,-72.7567367554,-30.9919071198,19.7703418732,-13.3511772156,45.6726226807,22.4155426025,12.7772026062,-17.7627544403,18.4284133911,13.8933296204,96.499420166]],"icov":[[0.000766559911426,-0.00115715235006,0.00272037531249,-0.00127805327065,0.00167655735277,-0.00177207926754,0.00158831779845,-0.00186649931129,0.00173892162275,-0.00120177865028,0.000992961693555,-0.000732564541977,0.000425686419476],[-0.00115715235006,0.00352151156403,-0.00357552641071,0.00228852103464,-0.00252760271542,0.00293063814752,-0.00250042066909,0.00416140258312,-0.00391309661791,0.00287027982995,-0.00192421814427,0.00184348388575,-0.0000297489023069],[0.00272037531249,-0.00357552641071,0.0110331159085,-0.00408268161118,0.00590442167595,-0.00597027968615,0.0052200476639,-0.00613312376663,0.00509811472148,-0.00496410438791,0.00431728782132,-0.00337659148499,0.00280187651515],[-0.00127805327065,0.00228852103464,-0.00408268161118,0.00615950953215,-0.00300961034372,0.00254086288624,-0.000499240588397,0.00342332571745,-0.0040198196657,0.00127072900068,-0.00174416962545,0.00228459993377,-0.000302657688735],[0.00167655735277,-0.00252760271542,0.00590442167595,-0.00300961034372,0.00728476187214,-0.00249339989386,0.00256676110439,-0.00255621317774,0.00162840844132,-0.000873562297784,0.00113069987856,-0.000595424149651,0.0010176593205],[-0.00177207926754,0.00293063814752,-0.00597027968615,0.00254086288624,-0.00249339989386,0.0110914343968,-0.00548842875287,0.00495490478352,-0.00258877384476,0.00283855269663,-0.000800960464403,-0.0000705161000951,0.000307076203171],[0.00158831779845,-0.00250042066909,0.0052200476639,-0.000499240588397,0.00256676110439,-0.00548842875287,0.0104969330132,-0.00619799923152,0.00505880732089,-0.000857523467857,-0.00129532988649,0.00159898889251,-0.00137648871168],[-0.00186649931129,0.00416140258312,-0.00613312376663,0.00342332571745,-0.00255621317774,0.00495490478352,-0.00619799923152,0.0168966017663,-0.00877443701029,0.00534071121365,-0.00277987960726,0.00124921870884,-0.00137564342003],[0.00173892162275,-0.00391309661791,0.00509811472148,-0.0040198196657,0.00162840844132,-0.00258877384476,0.00505880732089,-0.00877443701029,0.0173455383629,-0.00841995701194,0.00440209219232,-0.00150223285891,-0.00243968283758],[-0.00120177865028,0.00287027982995,-0.00496410438791,0.00127072900068,-0.000873562297784,0.00283855269663,-0.000857523467857,0.00534071121365,-0.00841995701194,0.0158805809915,-0.00638423440978,0.000296212383546,0.00125181523617],[0.000992961693555,-0.00192421814427,0.00431728782132,-0.00174416962545,0.00113069987856,-0.000800960464403,-0.00129532988649,-0.00277987960726,0.00440209219232,-0.00638423440978,0.0122169675305,-0.00335054448806,0.000300659710774],[-0.000732564541977,0.00184348388575,-0.00337659148499,0.00228459993377,-0.000595424149651,-0.0000705161000951,0.00159898889251,0.00124921870884,-0.00150223285891,0.000296212383546,-0.00335054448806,0.0156544838101,-0.00433067092672],[0.000425686419476,-0.0000297489023069,0.00280187651515,-0.000302657688735,0.0010176593205,0.000307076203171,-0.00137648871168,-0.00137564342003,-0.00243968283758,0.00125181523617,0.000300659710774,-0.00433067092672,0.0144241238013]],"mean":[-67.6237335205,97.5806045532,-162.140762329,43.8220710754,-34.6001625061,25.0798339844,-32.319896698,-0.587178826332,-18.7155590057,-8.54213142395,-14.3003234863,-4.77896118164,-8.38935470581]},"hfc":{"dmean":5.19041347504,"dmean2":7.1419878006,"dvar":43.1441993713,"dvar2":84.2645874023,"max":144.171524048,"mean":21.7804298401,"median":15.773815155,"min":1.05428940248e-16,"var":406.481994629},"melbands":{"dmean":[0.0000662033417029,0.000170660758158,0.0000912661562325,0.0000721459146007,0.0000315419529215,0.0000299815310427,0.0000277380459011,0.0000219260618906,0.0000248195101449,0.0000532583762833,0.000121824159578,0.00019217019144,0.0000902605970623,0.0000366750937246,0.000109904547571,0.0000657456548652,0.0000481463030155,0.0000607502515777,0.0000359478144674,0.0000384075610782,0.0000205802225537,0.0000185280296137,0.0000170100083778,0.0000164185457834,0.00000847936007631,0.00000353146128873,0.0000027011410566,0.00000209216818803,0.00000168961605596,0.00000110746475457,0.00000250621360465,0.00000150966354795,6.40898861093e-7,8.44446503834e-7,0.00000195868733499,3.29003938759e-7,1.25631117953e-7,6.84225298642e-8,3.93803745169e-8,5.95349014532e-8],"dmean2":[0.000109423344838,0.000285537564196,0.000148339764564,0.000123895544675,0.0000533872116648,0.0000497231412737,0.0000441837692051,0.0000357453973265,0.0000389115484722,0.0000805839372333,0.000181598443305,0.00026525821886,0.00013910375128,0.0000572559656575,0.000163719683769,0.0000988888787106,0.0000744836579543,0.0000937564909691,0.000054183336033,0.0000562445457035,0.0000309007045871,0.0000286825743387,0.0000260660199274,0.0000252775989793,0.0000130227954287,0.00000550820004719,0.00000419807292928,0.00000310491418531,0.00000257839360529,0.00000169336647105,0.00000391571256841,0.00000241529801315,0.00000103779416349,0.00000133138019009,0.00000307119262288,5.1612119023e-7,1.97834040705e-7,1.04541143742e-7,5.88631543508e-8,9.50985352688e-8],"dvar":[8.58404991533e-9,4.84659246069e-8,1.55939972046e-8,1.28028645463e-8,2.83221934794e-9,5.22832754868e-9,6.30310337257e-9,1.03234283344e-8,8.96272478457e-9,4.99506640494e-8,1.56397703677e-7,2.49268708785e-7,1.59920460874e-7,1.5297233702e-8,8.02411150858e-8,3.84124874131e-8,1.91623872325e-8,2.41522002398e-8,9.32970234402e-9,6.88861589992e-9,1.67838143383e-9,1.80942349992e-9,1.09736897347e-9,9.15434006377e-10,2.59269994363e-10,4.23949278461e-11,3.29060320658e-11,1.89199367978e-11,9.13913129202e-12,4.06123572272e-12,3.53347073823e-11,1.34653278111e-11,2.3087462931e-12,3.83565965448e-12,2.36065143128e-11,5.24932311161e-13,7.18733679885e-14,2.29002455426e-14,9.3339625715e-15,1.99701688427e-14],"dvar2":[2.38421993259e-8,1.333166324e-7,3.93132317811e-8,3.65647956357e-8,7.43241557188e-9,1.28428752078e-8,1.54181307721e-8,2.86513568426e-8,2.0628787567e-8,1.03428469345e-7,3.33682976361e-7,4.55494131302e-7,3.69684073576e-7,3.61517926706e-8,1.72448423541e-7,7.78595889983e-8,4.15544931798e-8,5.73057334918e-8,2.26657377311e-8,1.32009834175e-8,3.40651573616e-9,4.34495373014e-9,2.4806607879e-9,1.91524596183e-9,5.72950742406e-10,1.05516345661e-10,7.43894945643e-11,3.77561731879e-11,2.05997961744e-11,9.2866096757e-12,8.78665543103e-11,3.45742670604e-11,5.95487027744e-12,9.80692610453e-12,5.8253409041e-11,1.33864750881e-12,1.80085899535e-13,5.17201434675e-14,2.09777755198e-14,5.13094578489e-14],"max":[0.00123116525356,0.00276045571081,0.00215875706635,0.0015472213272,0.000761015224271,0.00108802190516,0.00231391866691,0.00455989548936,0.00331924925558,0.00594592560083,0.00795251317322,0.0111583638936,0.00995030719787,0.00343621964566,0.00813731830567,0.00472984509543,0.00341495266184,0.0037774767261,0.00310775451362,0.00298875407316,0.00154795870185,0.00151215004735,0.00100883247796,0.00135708192829,0.000433218257967,0.000156942260219,0.000180007526069,0.000128643368953,0.0000668049615342,0.000046459656005,0.0000912572068046,0.0000592425967625,0.0000189751790458,0.0000220740366785,0.0000712865003152,0.0000145794138007,0.00000592977085034,0.00000377917422156,0.00000361659090231,0.00000220094193537],"mean":[0.000177090521902,0.000398421194404,0.000218912988203,0.000132425164338,0.0000502029943164,0.0000441974843852,0.0000455274457636,0.0000309816532535,0.0000418968265876,0.0000873516546562,0.000252757803537,0.000443573691882,0.000177670823177,0.0000612035655649,0.000247783988016,0.000128018175019,0.0000839526037453,0.000126598606585,0.0000720646858099,0.0000867110138643,0.0000448158789368,0.0000424743011536,0.000037054738641,0.0000373623261112,0.0000185259650607,0.00000848599302117,0.00000585700672673,0.00000458154318039,0.00000348396224581,0.00000205649484997,0.00000329165823132,0.0000018671022417,8.381255725e-7,0.00000106692300506,0.00000227630334848,4.68915771989e-7,1.89087487001e-7,1.03496233805e-7,6.52893490383e-8,7.31740144033e-8],"median":[0.000106216481072,0.000298341328744,0.000154905137606,0.000106960600533,0.000029376389648,0.0000154524859681,0.0000168681326613,0.00000879800791154,0.00000951588299358,0.0000102684498415,0.0000131310825964,0.0000193296909856,0.000011388963685,0.0000161731913977,0.0000442216551164,0.0000328528185491,0.0000299281527987,0.0000378752083634,0.0000321321349475,0.0000365165542462,0.0000205056403502,0.0000153967048391,0.0000141901064126,0.0000150399991981,0.00000778335561336,0.00000410820848629,0.00000254979636338,0.00000195705501937,0.00000153296377903,8.78118044056e-7,9.97565166472e-7,5.29170620212e-7,2.79161184835e-7,3.38724703397e-7,4.63932025241e-7,1.75797822521e-7,6.81941827452e-8,3.30045679675e-8,2.09571222598e-8,2.35747137367e-8],"min":[1.15617643358e-24,6.92660994159e-25,1.14603986677e-24,8.93118044354e-25,1.2548367032e-24,1.84997171111e-24,2.12729635399e-24,1.7460736023e-24,2.27396492336e-24,2.31463208353e-24,1.65996489855e-24,2.02823968177e-24,2.39391516831e-24,3.02698393336e-24,2.46462747656e-24,3.24334146117e-24,2.49065653377e-24,2.16219536322e-24,2.73619284318e-24,2.73310938312e-24,4.05217376072e-24,5.19444435148e-24,4.81971924985e-24,2.92345086993e-24,3.61394062305e-24,4.95610028415e-24,4.17197057221e-24,4.68506660978e-24,4.19481716732e-24,5.49665380882e-24,5.85772964464e-24,3.50023855091e-24,4.73135854542e-24,5.58492537196e-24,6.01087791749e-24,6.05835472221e-24,5.62866297599e-24,5.46942154151e-24,5.28005705894e-24,6.45730574223e-24],"var":[3.13103889482e-8,1.11322407292e-7,4.89368723322e-8,1.51036392282e-8,4.12072864719e-9,7.80392372945e-9,1.35895747988e-8,1.07267359439e-8,2.57141437032e-8,1.2586649234e-7,4.34989857467e-7,0.00000112516374884,5.04041111071e-7,3.4434290086e-8,3.38104058528e-7,9.71391003191e-8,3.84006213494e-8,7.60623777296e-8,1.66273022018e-8,2.63646047216e-8,6.25761087392e-9,7.02568536681e-9,4.59863391811e-9,4.42261649525e-9,9.84369585844e-10,1.4526836678e-10,8.42048306082e-11,6.23821619361e-11,2.8000596633e-11,1.04470520776e-11,3.94963124706e-11,1.3954734937e-11,2.66306399675e-12,4.23906482833e-12,2.47728192126e-11,7.08553495824e-13,1.15079210809e-13,4.0846483368e-14,1.9583491526e-14,2.28267196947e-14]},"melbands_crest":{"dmean":2.65890431404,"dmean2":4.2637424469,"dvar":6.62669992447,"dvar2":16.3782653809,"max":32.4420318604,"mean":12.4691915512,"median":11.6798753738,"min":1.60270273685,"var":28.1520080566},"melbands_flatness_db":{"dmean":0.0200891084969,"dmean2":0.0281362831593,"dvar":0.000394432630856,"dvar2":0.000792768143583,"max":0.373643428087,"mean":0.174156695604,"median":0.174771800637,"min":0.00258640176617,"var":0.00309462868609},"melbands_kurtosis":{"dmean":1.7687112093,"dmean2":2.8252427578,"dvar":20.0491714478,"dvar2":54.027053833,"max":180.995178223,"mean":2.81347322464,"median":0.436531066895,"min":-1.85582208633,"var":114.311347961},"melbands_skewness":{"dmean":0.425632148981,"dmean2":0.641374230385,"dvar":0.204735293984,"dvar2":0.481379717588,"max":11.4847049713,"mean":0.883607506752,"median":0.62026822567,"min":-2.07257270813,"var":2.03063368797},"melbands_spread":{"dmean":7.94335222244,"dmean2":12.2181415558,"dvar":73.0027694702,"dvar2":164.983596802,"max":158.766937256,"mean":43.8349494934,"median":39.1720504761,"min":2.04653835297,"var":582.981445312},"mfcc":{"cov":[[9310.1015625,500.778442383,-997.593261719,147.031494141,-275.835083008,188.682693481,-9.13668727875,158.664672852,-159.77645874,35.6951904297,-118.166702271,-90.1291503906,-88.9365463257],[500.778442383,1021.95037842,-275.865875244,-5.40641689301,49.2486495972,47.938117981,84.8608627319,56.4029693604,-6.54549074173,21.7677059174,-11.2018909454,-6.10591316223,-26.2872314453],[-997.593261719,-275.865875244,720.22052002,-52.2354354858,-54.0418434143,36.7146377563,-160.48274231,-50.6876335144,3.1036028862,-51.9052124023,56.8316001892,45.0162010193,39.9870071411],[147.031494141,-5.40641689301,-52.2354354858,281.953735352,136.425704956,12.7326154709,-74.4065093994,-47.9814567566,25.1400585175,1.78114843369,9.08475494385,41.6550788879,28.0782108307],[-275.835083008,49.2486495972,-54.0418434143,136.425704956,287.758209229,16.3433647156,-85.7189331055,-43.3663749695,33.5764808655,-12.2648630142,7.36325311661,23.9642734528,15.2504920959],[188.682693481,47.938117981,36.7146377563,12.7326154709,16.3433647156,170.982788086,-18.3546772003,6.96622037888,-16.9894275665,-8.89327907562,16.3160839081,-4.97160196304,-1.17956936359],[-9.13668727875,84.8608627319,-160.48274231,-74.4065093994,-85.7189331055,-18.3546772003,277.723815918,65.0914916992,-35.6812133789,45.2777137756,-15.4954957962,-36.6702232361,-29.6129989624],[158.664672852,56.4029693604,-50.6876335144,-47.9814567566,-43.3663749695,6.96622037888,65.0914916992,137.62701416,10.7984809875,3.06232190132,-10.1062955856,-31.7715244293,-27.7493953705],[-159.77645874,-6.54549074173,3.1036028862,25.1400585175,33.5764808655,-16.9894275665,-35.6812133789,10.7984809875,115.067466736,23.3502922058,-17.0441856384,2.29020047188,-8.11883926392],[35.6951904297,21.7677059174,-51.9052124023,1.78114843369,-12.2648630142,-8.89327907562,45.2777137756,3.06232190132,23.3502922058,89.0247039795,10.6357364655,-9.83236789703,-12.1202859879],[-118.166702271,-11.2018909454,56.8316001892,9.08475494385,7.36325311661,16.3160839081,-15.4954957962,-10.1062955856,-17.0441856384,10.6357364655,78.2122573853,32.0491714478,4.8742389679],[-90.1291503906,-6.10591316223,45.0162010193,41.6550788879,23.9642734528,-4.97160196304,-36.6702232361,-31.7715244293,2.29020047188,-9.83236789703,32.0491714478,95.5730361938,44.7937278748],[-88.9365463257,-26.2872314453,39.9870071411,28.0782108307,15.2504920959,-1.17956936359,-29.6129989624,-27.7493953705,-8.11883926392,-12.1202859879,4.8742389679,44.7937278748,98.4671020508]],"icov":[[0.000168542654137,-0.0000214680439967,0.000279966596281,-0.000163335484103,0.000331049581291,-0.00021487455524,0.00034433795372,-0.000189217098523,0.000334096199367,-0.00015174903092,0.000246591604082,-0.0000868496281328,0.000111936911708],[-0.0000214680439967,0.00115901278332,0.000380630634027,0.000220821006224,-0.000300723448163,-0.000391366280382,-0.000135295209475,-0.000306063448079,0.0000460398732685,-0.000103020109236,0.0000667083222652,-0.000435699970694,0.000173448817804],[0.000279966596281,0.000380630634027,0.00257465359755,0.000336160854204,0.00112770195119,-0.000819328357466,0.00152468425222,0.0000629986170679,-0.000010673910765,0.000647440028843,-0.00102377601434,-0.000265353621216,-0.000244909344474],[-0.000163335484103,0.000220821006224,0.000336160854204,0.00535342190415,-0.0022025112994,-0.000259757653112,0.000414679263486,0.000834663573187,-0.000655696319882,-0.000513743259944,-0.0000885804474819,-0.00141951628029,-0.000520854489878],[0.000331049581291,-0.000300723448163,0.00112770195119,-0.0022025112994,0.00580258481205,-0.000744979130104,0.00154621712863,0.000599564285949,-0.000734223634936,0.000850672833622,-0.000501332629938,0.000263794790953,0.0000641598599032],[-0.00021487455524,-0.000391366280382,-0.000819328357466,-0.000259757653112,-0.000744979130104,0.00675396062434,-0.000041900017095,-0.000462772441097,0.000624995736871,0.000460720388219,-0.00162004493177,0.001336280955,-0.00025794110843],[0.00034433795372,-0.000135295209475,0.00152468425222,0.000414679263486,0.00154621712863,-0.000041900017095,0.0067053749226,-0.00234472192824,0.00311816856265,-0.00329847889952,0.0014754323056,-0.000369058456272,0.00059924199013],[-0.000189217098523,-0.000306063448079,0.0000629986170679,0.000834663573187,0.000599564285949,-0.000462772441097,-0.00234472192824,0.0099484520033,-0.00307973148301,0.00237363134511,-0.00154251011554,0.00219596736133,0.000599480816163],[0.000334096199367,0.0000460398732685,-0.000010673910765,-0.000655696319882,-0.000734223634936,0.000624995736871,0.00311816856265,-0.00307973148301,0.0130037460476,-0.00572051107883,0.00531412661076,-0.00261787744239,0.00199230620638],[-0.00015174903092,-0.000103020109236,0.000647440028843,-0.000513743259944,0.000850672833622,0.000460720388219,-0.00329847889952,0.00237363134511,-0.00572051107883,0.0159439742565,-0.00578779261559,0.0029625359457,-0.000300602026982],[0.000246591604082,0.0000667083222652,-0.00102377601434,-0.0000885804474819,-0.000501332629938,-0.00162004493177,0.0014754323056,-0.00154251011554,0.00531412661076,-0.00578779261559,0.019348140806,-0.00779377808794,0.00306226266548],[-0.0000868496281328,-0.000435699970694,-0.000265353621216,-0.00141951628029,0.000263794790953,0.001336280955,-0.000369058456272,0.00219596736133,-0.00261787744239,0.0029625359457,-0.00779377808794,0.0178498513997,-0.00678468402475],[0.000111936911708,0.000173448817804,-0.000244909344474,-0.000520854489878,0.0000641598599032,-0.00025794110843,0.00059924199013,0.000599480816163,0.00199230620638,-0.000300602026982,0.00306226266548,-0.00678468402475,0.0139493029565]],"mean":[-681.925048828,114.437431335,-46.4828948975,25.5608100891,13.890917778,23.7521762848,-0.291150480509,13.1198911667,-2.27858090401,2.14705181122,-1.97721755505,-2.12773609161,-4.63949155807]},"pitch_salience":{"dmean":0.0583120249212,"dmean2":0.0924309119582,"dvar":0.00278607429937,"dvar2":0.00678746262565,"max":0.952901780605,"mean":0.548444390297,"median":0.552184104919,"min":0.166842415929,"var":0.0126023301855},"silence_rate_20dB":{"dmean":0,"dmean2":0,"dvar":0,"dvar2":0,"max":1,"mean":1,"median":1,"min":1,"var":0},"silence_rate_30dB":{"dmean":0,"dmean2":0,"dvar":0,"dvar2":0,"max":1,"mean":1,"median":1,"min":1,"var":0},"silence_rate_60dB":{"dmean":0.0285221748054,"dmean2":0.0570532903075,"dvar":0.0277074314654,"dvar2":0.0638339370489,"max":1,"mean":0.106392979622,"median":0,"min":0,"var":0.0950752496719},"spectral_centroid":{"dmean":189.403488159,"dmean2":281.165802002,"dvar":58172.4296875,"dvar2":116302.585938,"max":11578.4072266,"mean":1996.49182129,"median":1873.75756836,"min":465.89151001,"var":1692191.125},"spectral_complexity":{"dmean":3.00172376633,"dmean2":4.46645784378,"dvar":12.0973081589,"dvar2":21.4944725037,"max":53,"mean":16.689125061,"median":16,"min":0,"var":70.774055481},"spectral_contrast_coeffs":{"dmean":[0.0416062399745,0.0407561175525,0.0368842482567,0.0307703223079,0.0227087028325,0.018697835505],"dmean2":[0.071123868227,0.0684258714318,0.0590446926653,0.0481114163995,0.0352569594979,0.0291685834527],"dvar":[0.00120719545521,0.001096569933,0.00101726676803,0.000641777296551,0.000399761775043,0.000349903857568],"dvar2":[0.00333976419643,0.00294568878599,0.00233893818222,0.00153423449956,0.000876190548297,0.000711801578291],"max":[-0.395573288202,-0.50265276432,-0.423461794853,-0.49961450696,-0.568798840046,-0.593458235264],"mean":[-0.680923581123,-0.7916187644,-0.744476139545,-0.725381493568,-0.752803444862,-0.727138698101],"median":[-0.678821086884,-0.800551116467,-0.778157234192,-0.728867352009,-0.754271030426,-0.718147873878],"min":[-0.980233728886,-0.977059364319,-0.979403555393,-0.972511351109,-0.965998768806,-0.96490496397],"var":[0.00451849168167,0.00420244876295,0.0119866859168,0.00545987905934,0.00376440025866,0.00267646461725]},"spectral_contrast_valleys":{"dmean":[0.373928695917,0.365577071905,0.29754498601,0.261612445116,0.254790127277,0.326358497143],"dmean2":[0.632711052895,0.5995002985,0.474387854338,0.404692620039,0.364315450191,0.433070063591],"dvar":[0.117810308933,0.122710056603,0.0949352458119,0.0830721855164,0.098170645535,0.145703271031],"dvar2":[0.280331730843,0.259046554565,0.182993143797,0.144929885864,0.162606164813,0.283181786537],"max":[-6.50583744049,-5.47353744507,-5.80669307709,-5.84645175934,-5.93429756165,-8.61357307434],"mean":[-8.20312309265,-7.92006206512,-8.0878200531,-7.88184309006,-8.16341400146,-11.345911026],"median":[-7.73145771027,-7.51297426224,-7.689702034,-7.43900680542,-7.73571109772,-11.0144462585],"min":[-28.3346824646,-27.9899368286,-28.1373291016,-27.9433727264,-27.5490703583,-27.4588165283],"var":[7.1368303299,7.51851177216,7.45405435562,7.6624712944,7.50521183014,5.5463051796]},"spectral_decrease":{"dmean":8.37620528493e-10,"dmean2":1.19189469405e-9,"dvar":1.35368148603e-18,"dvar2":2.64906493686e-18,"max":1.115740173e-23,"mean":-3.76690101334e-9,"median":-2.50797138612e-9,"min":-2.28047216666e-8,"var":1.14922808121e-17},"spectral_energy":{"dmean":0.00356936757453,"dmean2":0.00504139810801,"dvar":0.0000240297122218,"dvar2":0.000046693468903,"max":0.0944044440985,"mean":0.0161926764995,"median":0.0109243225306,"min":9.62195067774e-21,"var":0.000210786703974},"spectral_energyband_high":{"dmean":0.000221876543947,"dmean2":0.000325176632032,"dvar":1.77347828867e-7,"dvar2":4.2004739953e-7,"max":0.00539562478662,"mean":0.000379397708457,"median":0.000179110444151,"min":6.90309201481e-21,"var":2.88222452127e-7},"spectral_energyband_low":{"dmean":0.000667238491587,"dmean2":0.00110014597885,"dvar":6.39172924366e-7,"dvar2":0.00000171841645624,"max":0.0093986550346,"mean":0.00184122042265,"median":0.00149796414189,"min":1.10512044861e-23,"var":0.0000018323768245},"spectral_energyband_middle_high":{"dmean":0.00305615714751,"dmean2":0.00426617218181,"dvar":0.0000240742792812,"dvar2":0.0000469906299259,"max":0.091354124248,"mean":0.0120938457549,"median":0.00617340020835,"min":1.11023238718e-21,"var":0.000196848704945},"spectral_energyband_middle_low":{"dmean":0.000956625852268,"dmean2":0.00152891839389,"dvar":0.00000427078157372,"dvar2":0.00000965320668911,"max":0.0394051894546,"mean":0.00221151206642,"median":0.00139608967584,"min":1.67208737141e-22,"var":0.0000097735592135},"spectral_entropy":{"dmean":0.146939247847,"dmean2":0.197693318129,"dvar":0.0207807403058,"dvar2":0.0381843298674,"max":9.82731723785,"mean":7.46662425995,"median":7.45841836929,"min":5.89334583282,"var":0.259199947119},"spectral_flux":{"dmean":0.0166332963854,"dmean2":0.0260013900697,"dvar":0.000455947476439,"dvar2":0.00112884712871,"max":0.275807499886,"mean":0.0590784400702,"median":0.049486964941,"min":6.2167979098e-11,"var":0.00167747412343},"spectral_kurtosis":{"dmean":2.4626584053,"dmean2":4.26011323929,"dvar":6.66450548172,"dvar2":19.5515193939,"max":32.6667823792,"mean":5.84604167938,"median":4.95303010941,"min":-1.25647950172,"var":15.449429512},"spectral_rms":{"dmean":0.000413143745391,"dmean2":0.00058386917226,"dvar":2.07831433841e-7,"dvar2":3.77946179242e-7,"max":0.00959697365761,"mean":0.00356732262298,"median":0.00326463999227,"min":3.06386491698e-12,"var":0.00000307193090521},"spectral_rolloff":{"dmean":358.717987061,"dmean2":593.636352539,"dvar":443799.625,"dvar2":1000563.1875,"max":19487.5488281,"mean":2396.86376953,"median":2045.65429688,"min":86.1328125,"var":5822041},"spectral_skewness":{"dmean":0.259239763021,"dmean2":0.438889533281,"dvar":0.0572926551104,"dvar2":0.163203477859,"max":3.46264314651,"mean":1.47623813152,"median":1.45259618759,"min":-0.0930618494749,"var":0.194497480989},"spectral_spread":{"dmean":428858.8125,"dmean2":648109.5625,"dvar":529063313408,"dvar2":1119689113600,"max":42524684,"mean":3830980,"median":2952928.25,"min":1218944.875,"var":25340072165400},"spectral_strongpeak":{"dmean":0.920474946499,"dmean2":1.48767137527,"dvar":1.51711714268,"dvar2":3.49927806854,"max":14.1737089157,"mean":2.33715772629,"median":1.39234054089,"min":0,"var":6.52151012421},"zerocrossingrate":{"dmean":0.00796010904014,"dmean2":0.00922805629671,"dvar":0.000105721228465,"dvar2":0.000172933781869,"max":0.5234375,"mean":0.0804425403476,"median":0.07080078125,"min":0.0126953125,"var":0.00382813951001}},"metadata":{"audio_properties":{"analysis_sample_rate":44100,"bit_rate":294842,"codec":"mp3","downmix":"mix","equal_loudness":0,"length":148.166534424,"lossless":false,"md5_encoded":"2733cf562fe65717b64a5c60bcc7560a","replay_gain":-6.82528114319,"sample_rate":44100},"tags":{"acoustid_id":["6514d1d7-4c5f-4b08-a059-6194200bf2a4"],"album":["Jefferson Airplane Takes Off"],"albumartist":["Jefferson Airplane"],"albumartistsort":["Jefferson Airplane"],"artist":["Jefferson Airplane"],"artists":["Jefferson Airplane"],"artistsort":["Jefferson Airplane"],"asin":["B0000A0DRW"],"barcode":["828765035224"],"catalognumber":["82876 503352 2"],"date":["2003-08-19"],"file_name":"10 - Chauffeur Blues.mp3","label":["BMG Heritage"],"media":["CD"],"musicbrainz album release country":["US"],"musicbrainz album status":["official"],"musicbrainz album type":["album"],"musicbrainz release track id":["10124b10-2067-335e-8483-1b75f6048f74"],"musicbrainz_albumartistid":["39c2a93d-9afa-4a22-9bba-c087ab056e1c"],"musicbrainz_albumid":["dac32141-814d-3f11-817b-5ca3be10fe4f"],"musicbrainz_artistid":["39c2a93d-9afa-4a22-9bba-c087ab056e1c"],"musicbrainz_recordingid":["ca4cad9d-7b25-48d2-a954-cf3badba0406"],"musicbrainz_releasegroupid":["7580fcad-3459-3f5c-a300-d7d0df98e14e"],"originaldate":["1966"],"script":["Latn"],"title":["Chauffeur Blues"],"tracknumber":["10/19"]},"version":{"essentia":"2.1-beta1","essentia_build_sha":"65e368e5454dd45657e4cc002e00185f437e13e1","essentia_git_sha":"v2.1_beta1-28-g21ef5f4","extractor":"music 1.0"}},"rhythm":{"beats_count":357,"beats_loudness":{"dmean":0.0110645638779,"dmean2":0.0195053704083,"dvar":0.000154669090989,"dvar2":0.000456248875707,"max":0.0800589025021,"mean":0.0209501255304,"median":0.0163606964052,"min":0,"var":0.000253837293712},"beats_loudness_band_ratio":{"dmean":[0.118484124541,0.061736218631