{"lowlevel":{"average_loudness":0.886538505554,"barkbands":{"dmean":[0.00000367569373338,0.000213504885323,0.000436603149865,0.000519869034179,0.00126753328368,0.00116824661382,0.00194440071937,0.000599465391133,0.00111256109085,0.000447756989161,0.000517370761372,0.000598766491748,0.000443054072093,0.000345652428223,0.000363360857591,0.000383327016607,0.000321378960507,0.000199561181944,0.0000626269029453,0.000147360537085,0.0000259102980635,0.0000171469855559,0.0000176641424332,0.0000187963123608,0.0000173000371433,0.0000125045762616,0.00000300480542137],"dmean2":[0.000005923435765,0.000345598324202,0.000689630571287,0.000878974213265,0.00209123175591,0.00175407156348,0.00290841911919,0.000909877475351,0.00164632790256,0.000636473938357,0.00076126185013,0.00093637779355,0.000675598334055,0.000526329677086,0.000545517657883,0.00060044717975,0.000492380873766,0.000303319975501,0.000091083929874,0.000197356188437,0.0000391610738006,0.0000254104343185,0.0000265220496658,0.0000282519595203,0.000025838804504,0.0000180184360943,0.00000430461523138],"dvar":[4.73319786143e-11,1.19862377801e-7,0.00000168648523413,9.53190919972e-7,0.00000541634335605,0.00000366659855899,0.0000108469957922,0.00000197816939362,0.00000888788872544,0.00000224845234698,0.00000465774337499,0.00000276369632957,0.00000190309651771,0.00000101120554064,8.69427253747e-7,0.00000105592164346,8.97008419543e-7,3.22002478015e-7,1.56548480845e-8,1.05056834343e-7,2.26524332625e-9,1.57883683904e-9,3.02241476291e-9,7.73547625954e-9,4.85308193632e-9,4.74951522556e-10,2.80260831903e-11],"dvar2":[1.13017151193e-10,2.95807524253e-7,0.00000350961545337,0.00000248192623076,0.0000143782381201,0.00000802281647339,0.000023149055778,0.00000437552625954,0.0000193107080122,0.00000334395099344,0.00000902391639102,0.00000579314746574,0.00000447402726422,0.00000214156693801,0.0000016991426719,0.00000253585267274,0.00000205646551876,7.26889766156e-7,2.99068965148e-8,1.66020100778e-7,5.15435649717e-9,3.58147711488e-9,6.88499746104e-9,1.71519900505e-8,1.14193019485e-8,1.00228880751e-9,5.5507966279e-11],"max":[0.000138774004881,0.00591141358018,0.0458176136017,0.019477583468,0.0312995016575,0.0336008146405,0.0797217935324,0.0240985937417,0.0767070949078,0.0550768300891,0.071202494204,0.044776212424,0.0371961593628,0.0240581557155,0.0265514366329,0.0198883898556,0.0240275226533,0.0128868026659,0.003427188145,0.00745852896944,0.00117059552576,0.00119800190441,0.00105810025707,0.0023811806459,0.00165554555133,0.000345397478668,0.0000708494189894],"mean":[0.00000671346333547,0.000352903327439,0.000596148893237,0.000701641314663,0.00200114934705,0.00254879123531,0.00359595986083,0.0010374475969,0.0019662398845,0.000831908895634,0.00106397725176,0.00107533717528,0.000714336696547,0.000508715049364,0.000557262916118,0.000531426805537,0.000487317156512,0.000329428556142,0.000120062970382,0.000318462844007,0.0000413061497966,0.0000275789934676,0.0000267630530288,0.0000240387253143,0.0000204283023777,0.0000145541062011,0.00000338217978424],"median":[0.00000181968607649,0.000227262498811,0.000218610104639,0.000307157461066,0.00122966431081,0.00143414444756,0.00167138013057,0.000321212486597,0.000477757886983,0.000209194462514,0.000121370627312,0.000244012786425,0.000209732359508,0.000135327369208,0.000157087022671,0.000154927169206,0.000156794849318,0.000104668019048,0.0000506631913595,0.0000763706339058,0.0000212817139982,0.0000140631636896,0.0000131312908707,0.00000673965223541,0.0000043377581278,0.0000024706801014,5.56723421141e-7],"min":[1.34527373575e-14,9.99734861139e-15,1.36443899968e-15,1.54458639042e-15,2.18208413883e-15,1.01071105288e-14,4.15920366859e-15,4.08113687701e-15,1.06185862918e-14,2.85262197436e-14,2.55788601834e-14,4.79580974542e-14,2.33038787649e-14,4.92652861323e-14,1.82480271941e-14,1.42599894024e-14,2.16237211513e-14,2.1018527969e-14,1.63048472158e-14,3.11814173115e-14,1.37319278873e-14,4.86074261353e-14,7.51091151622e-14,9.42643112547e-14,1.61772084986e-13,1.94086839157e-13,1.53319251826e-13],"var":[1.47324624722e-10,1.86782088463e-7,0.00000267404766419,0.00000118581692732,0.00000675838418829,0.0000124957268781,0.0000296213547699,0.00000440155417891,0.0000211098049476,0.00000848706713441,0.0000240692770603,0.000007271182767,0.00000343147644344,0.00000170693760992,0.00000186474903785,0.00000170692203483,0.00000202671708394,6.26391852165e-7,4.51912569588e-8,4.16275156567e-7,3.71651198705e-9,2.45866083048e-9,4.34905356173e-9,9.61681045908e-9,5.65693758503e-9,6.54467535721e-10,3.78288823877e-11]},"barkbands_crest":{"dmean":2.46443200111,"dmean2":3.97222280502,"dvar":5.01959228516,"dvar2":11.9395389557,"max":26.9234142303,"mean":10.5133666992,"median":9.25924491882,"min":2.47284913063,"var":25.1410102844},"barkbands_flatness_db":{"dmean":0.0217902641743,"dmean2":0.0305105634034,"dvar":0.000399534968892,"dvar2":0.000802482769359,"max":0.645825386047,"mean":0.154091283679,"median":0.136985838413,"min":0.0330215655267,"var":0.00810568127781},"barkbands_kurtosis":{"dmean":18.1672306061,"dmean2":28.7295532227,"dvar":15842.3603516,"dvar2":42082.7421875,"max":5097.90966797,"mean":93.1839675903,"median":1.90202975273,"min":-1.85249304771,"var":268973.25},"barkbands_skewness":{"dmean":0.60281932354,"dmean2":0.917398035526,"dvar":1.42233192921,"dvar2":3.53575778008,"max":70.0310668945,"mean":2.99029135704,"median":1.30909252167,"min":-2.51818156242,"var":80.8917694092},"barkbands_spread":{"dmean":4.37908744812,"dmean2":6.56184720993,"dvar":32.7319869995,"dvar2":71.6903381348,"max":108.955047607,"mean":16.3962364197,"median":14.3530683517,"min":0.111746102571,"var":111.396018982},"dissonance":{"dmean":0.0208508968353,"dmean2":0.0342832915485,"dvar":0.000401862111175,"dvar2":0.00109826424159,"max":0.499999970198,"mean":0.453875362873,"median":0.45937782526,"min":0.298500746489,"var":0.000949534820393},"dynamic_complexity":6.74115037918,"erbbands":{"dmean":[0.00426592538133,0.0585041493177,0.371904492378,1.06126642227,4.16065263748,3.54272580147,7.67162704468,9.03033924103,26.4362850189,17.8481140137,16.404914856,26.6958770752,11.7514562607,15.8486871719,24.0165691376,19.1146907806,20.7363853455,15.28013134,20.4384765625,17.9882354736,21.9813022614,16.3068675995,11.8651399612,3.81560111046,4.65124750137,7.11616516113,2.09515619278,0.725530207157,0.610045850277,0.538178443909,0.511514425278,0.436259031296,0.287329792976,0.222404077649,0.110821962357,0.0525901429355,0.0244808495045,0.00508861476555,0.000540308421478,0.0000217146407522],"dmean2":[0.00689429836348,0.0937874466181,0.582953572273,1.74668419361,6.97303819656,5.83010053635,12.0058174133,13.4149694443,39.8367919922,26.5561256409,24.7222995758,39.9768333435,16.3590660095,22.6476669312,36.4019432068,29.049905777,31.6232376099,22.6391334534,30.4444446564,26.1118106842,34.6551780701,24.668182373,17.9805107117,5.50049877167,6.24467992783,9.60272312164,2.97141265869,1.09657382965,0.913333415985,0.795358002186,0.781408667564,0.661045253277,0.435560882092,0.335198670626,0.168699711561,0.0777864977717,0.0353149101138,0.00727697694674,0.000766133132856,0.0000296453217743],"dvar":[0.0000548230018467,0.00947823375463,1.12321794033,3.96757507324,90.6352081299,41.3843803406,145.824508667,249.417495728,1958.40759277,1457.70275879,1329.36474609,5220.42675781,1632.98950195,2470.17895508,5683.85009766,2866.17871094,3928.62133789,1970.08508301,2489.89624023,2190.00537109,4370.4609375,1815.5065918,1063.48986816,72.0232772827,107.950447083,263.769866943,23.4895057678,1.99584412575,1.88105225563,1.86292552948,2.90405344963,4.4266500473,1.67449057102,1.09922933578,0.169825702906,0.0104231182486,0.00185489235446,0.0000809818011476,9.32354282668e-7,1.01811026276e-9],"dvar2":[0.000137712035212,0.0224564801902,2.26783847809,9.81499767303,234.531280518,113.087783813,350.492736816,497.893188477,4213.56689453,3032.77856445,2936.91479492,11717.2402344,2593.62768555,4339.77050781,12062.2089844,6036.51416016,9391.984375,3899.70581055,4921.48925781,4134.73925781,10945.0703125,4173.90917969,2348.89477539,152.892593384,179.475372314,424.613983154,45.0136833191,4.57307577133,4.31291055679,4.07023477554,6.67385911942,10.2766189575,3.64886593819,2.56896424294,0.418058037758,0.0241007115692,0.00382402306423,0.000161678370205,0.00000189229763237,2.06540939907e-9],"max":[0.124312639236,1.8247563839,39.5538330078,35.2834281921,165.866378784,132.142089844,216.695465088,409.908630371,822.12878418,777.167480469,574.069091797,1821.68786621,1317.01086426,1504.45263672,2319.90795898,1447.41687012,1789.68896484,1366.65539551,1096.05444336,1075.47644043,1279.296875,1008.92175293,923.412109375,200.273910522,442.576019287,315.101654053,165.699478149,34.6747207642,32.5585098267,47.1999206543,30.3092327118,70.3137283325,30.6717357635,33.2087860107,13.3883094788,2.41911673546,0.595553696156,0.112649649382,0.0159302987158,0.000468426034786],"mean":[0.00804493203759,0.094977684319,0.54893052578,1.61487948895,4.6260175705,6.02273035049,16.2907409668,21.2050094604,49.138217926,33.8874778748,31.4425201416,47.3933677673,23.1340885162,31.2832450867,50.0551528931,37.7241668701,35.4040336609,25.2294921875,31.4019145966,28.5120277405,30.8735733032,25.1490306854,20.938999176,7.25946474075,10.1253194809,15.0907897949,3.9915497303,1.17361688614,0.974090456963,0.895017743111,0.752504765987,0.573377907276,0.357866227627,0.254241138697,0.130884960294,0.0615271180868,0.0281054601073,0.00582255562767,0.00061413354706,0.0000425908292527],"median":[0.00359221408144,0.0630324706435,0.254988372326,0.835968375206,1.80236935616,3.88683462143,10.4162559509,11.927324295,22.7490577698,15.2022409439,12.9573736191,12.6674957275,6.60867214203,8.29574394226,9.77750015259,11.0127363205,11.9147520065,8.91906642914,9.68835544586,8.29356193542,9.09183502197,9.22393798828,7.4930100441,3.22144556046,3.42369413376,3.69312763214,1.68738436699,0.644762277603,0.499943077564,0.480992972851,0.350245296955,0.178819179535,0.0894875973463,0.0507600940764,0.0284269973636,0.0117610543966,0.00445553753525,0.000856610713527,0.000114564747491,0.0000301979125652],"min":[4.94349949431e-13,1.56839352703e-12,3.03342485679e-12,4.65650001197e-12,3.93774249319e-12,6.73522869421e-12,4.29305271887e-11,9.1387356016e-11,7.6093430168e-11,5.02224616061e-11,1.21548493492e-10,2.32365585107e-10,6.79531930725e-10,8.74275762897e-10,1.50370593754e-9,1.79017300983e-9,1.05191744204e-9,2.90776469569e-9,1.01622144033e-9,8.34125157834e-10,9.0355928295e-10,1.21624188498e-9,1.30891153471e-9,7.47210460172e-10,1.14202680646e-9,1.37677580447e-9,7.8172740503e-10,5.66398705715e-10,2.15356443789e-9,1.58499879888e-9,2.75801381733e-9,2.83774292953e-9,9.27746934831e-10,1.75335479469e-9,1.27412391748e-9,6.61250887379e-10,3.44198003432e-10,1.43577719158e-10,2.82687900865e-11,1.67207328712e-12],"var":[0.000101899218862,0.0149904945865,1.81231963634,6.06168651581,80.9370269775,61.9252929688,388.257659912,1028.11291504,5522.80517578,3849.90844727,3110.01806641,11636.5888672,5710.95458984,9391.015625,23433.5410156,7040.24951172,7260.34375,3724.13427734,4964.53027344,5094.42382812,6367.36621094,3650.31396484,2621.17504883,169.268630981,383.588256836,991.013793945,67.2709884644,2.98796367645,2.90547513962,3.06141924858,4.02437925339,5.11268854141,2.20550966263,1.22780704498,0.185556948185,0.0138498097658,0.00251890299842,0.000109729196993,0.00000124135044643,1.82121218106e-9]},"erbbands_crest":{"dmean":2.81053447723,"dmean2":4.51391410828,"dvar":6.46739912033,"dvar2":15.3020534515,"max":26.9430217743,"mean":9.82029533386,"median":9.02260398865,"min":2.08207416534,"var":16.7207012177},"erbbands_flatness_db":{"dmean":0.0218385849148,"dmean2":0.0304440744221,"dvar":0.00045250786934,"dvar2":0.00089127314277,"max":0.340735584497,"mean":0.177743807435,"median":0.180193901062,"min":0.0199001803994,"var":0.00298082595691},"erbbands_kurtosis":{"dmean":0.879890322685,"dmean2":1.3619287014,"dvar":1.33380806446,"dvar2":3.13906979561,"max":20.0840587616,"mean":0.286149322987,"median":-0.359379291534,"min":-1.7625207901,"var":4.40473270416},"erbbands_skewness":{"dmean":0.389891415834,"dmean2":0.596219182014,"dvar":0.116824969649,"dvar2":0.276792943478,"max":2.99237298965,"mean":0.378718495369,"median":0.435461342335,"min":-3.19816374779,"var":0.557728827},"erbbands_spread":{"dmean":6.69782066345,"dmean2":10.1541604996,"dvar":60.2455215454,"dvar2":134.729812622,"max":179.771347046,"mean":35.6214790344,"median":30.9096641541,"min":2.92816948891,"var":606.223388672},"gfcc":{"cov":[[38422.2226562,4437.81152344,-4617.58447266,-1291.13134766,-2086.09472656,-1347.36474609,-1443.0123291,-487.60723877,-930.296325684,-430.77822876,-629.22845459,-515.724060059,-620.836120605],[4437.81152344,1686.59094238,-794.470153809,-149.732009888,-143.841064453,-283.206848145,-168.116867065,-141.314239502,-21.8558235168,-144.656021118,39.6578941345,-84.5556335449,-84.6052932739],[-4617.58447266,-794.470153809,1084.28271484,235.39100647,237.293884277,249.99798584,99.963508606,64.3226699829,80.2049255371,84.066734314,12.3098163605,95.6412124634,45.286075592],[-1291.13134766,-149.732009888,235.39100647,357.497528076,90.0304946899,30.7139148712,4.21463060379,14.5151910782,53.0029754639,25.6629219055,42.1624641418,-28.3800754547,34.049911499],[-2086.09472656,-143.841064453,237.293884277,90.0304946899,351.481933594,50.3983345032,66.0725631714,69.5237426758,118.029685974,20.1398715973,2.88020539284,54.9931373596,20.0607528687],[-1347.36474609,-283.206848145,249.99798584,30.7139148712,50.3983345032,265.132995605,152.955322266,53.5616378784,32.3194732666,20.5515327454,20.7445068359,32.7987518311,22.7355728149],[-1443.0123291,-168.116867065,99.963508606,4.21463060379,66.0725631714,152.955322266,307.127532959,90.4506072998,6.76251792908,22.8594303131,62.9012489319,19.1254920959,22.3687763214],[-487.60723877,-141.314239502,64.3226699829,14.5151910782,69.5237426758,53.5616378784,90.4506072998,124.680053711,47.070766449,15.6497879028,0.443991720676,11.6850118637,16.6516017914],[-930.296325684,-21.8558235168,80.2049255371,53.0029754639,118.029685974,32.3194732666,6.76251792908,47.070766449,141.140655518,20.8083057404,5.73828887939,19.4290084839,16.5671329498],[-430.77822876,-144.656021118,84.066734314,25.6629219055,20.1398715973,20.5515327454,22.8594303131,15.6497879028,20.8083057404,91.7779006958,31.4366378784,2.86881232262,12.3400173187],[-629.22845459,39.6578941345,12.3098163605,42.1624641418,2.88020539284,20.7445068359,62.9012489319,0.443991720676,5.73828887939,31.4366378784,131.533569336,15.4933481216,12.158162117],[-515.724060059,-84.5556335449,95.6412124634,-28.3800754547,54.9931373596,32.7987518311,19.1254920959,11.6850118637,19.4290084839,2.86881232262,15.4933481216,93.374961853,16.2303981781],[-620.836120605,-84.6052932739,45.286075592,34.049911499,20.0607528687,22.7355728149,22.3687763214,16.6516017914,16.5671329498,12.3400173187,12.158162117,16.2303981781,76.3627624512]],"icov":[[0.000181560899364,-0.000314755365252,0.00052833778318,-0.000190427497728,0.000511894701049,-0.000300446525216,0.000624173961114,-0.000791975588072,0.000848710129503,-0.000704766775016,0.000839796382934,-0.000531085592229,0.000752726395149],[-0.000314755365252,0.00180978549179,-0.00030559572042,0.000533221405931,-0.000995684298687,0.0010436255252,-0.0010626114672,0.0023028915748,-0.00237687071785,0.00281063583679,-0.00251266895793,0.00147188443225,-0.000701741781086],[0.00052833778318,-0.00030559572042,0.00364249804989,-0.00158791278955,0.00073777633952,-0.00211893464439,0.0021543095354,-0.00183098588604,0.00268766097724,-0.00260891392827,0.00267364806496,-0.00287232780829,0.00273332186043],[-0.000190427497728,0.000533221405931,-0.00158791278955,0.00468497723341,-0.00129359576385,0.000639525416773,-0.0000328939750034,0.00103272858541,-0.00185466033872,0.0017393407179,-0.00308470008895,0.00416528433561,-0.00244374247268],[0.000511894701049,-0.000995684298687,0.00073777633952,-0.00129359576385,0.00661047780886,0.000313246331643,0.000406419829233,-0.00287037645467,-0.00105269579217,-0.00177016889211,0.00337633350864,-0.00369573733769,0.00263725360855],[-0.000300446525216,0.0010436255252,-0.00211893464439,0.000639525416773,0.000313246331643,0.00780939357355,-0.00446004187688,0.00191152049229,-0.00353468558751,0.00234736199491,-0.00121058535296,0.000497391505633,-0.00135812012013],[0.000624173961114,-0.0010626114672,0.0021543095354,-0.0000328939750034,0.000406419829233,-0.00446004187688,0.00901172310114,-0.00668316241354,0.00543109793216,-0.00230037304573,-0.000263229158008,-0.000790286925621,0.00207634782419],[-0.000791975588072,0.0023028915748,-0.00183098588604,0.00103272858541,-0.00287037645467,0.00191152049229,-0.00668316241354,0.0168061275035,-0.00785048212856,0.00324700307101,-0.00214307010174,0.00274340063334,-0.00384752359241],[0.000848710129503,-0.00237687071785,0.00268766097724,-0.00185466033872,-0.00105269579217,-0.00353468558751,0.00543109793216,-0.00785048212856,0.01643114537,-0.00602331571281,0.00402465136722,-0.00337469088845,0.00243468931876],[-0.000704766775016,0.00281063583679,-0.00260891392827,0.0017393407179,-0.00177016889211,0.00234736199491,-0.00230037304573,0.00324700307101,-0.00602331571281,0.0182687286288,-0.00811940710992,0.00478067761287,-0.00348099577241],[0.000839796382934,-0.00251266895793,0.00267364806496,-0.00308470008895,0.00337633350864,-0.00121058535296,-0.000263229158008,-0.00214307010174,0.00402465136722,-0.00811940710992,0.0155796781182,-0.00627369293943,0.00314330891706],[-0.000531085592229,0.00147188443225,-0.00287232780829,0.00416528433561,-0.00369573733769,0.000497391505633,-0.000790286925621,0.00274340063334,-0.00337469088845,0.00478067761287,-0.00627369293943,0.0176332332194,-0.00517418421805],[0.000752726395149,-0.000701741781086,0.00273332186043,-0.00244374247268,0.00263725360855,-0.00135812012013,0.00207634782419,-0.00384752359241,0.00243468931876,-0.00348099577241,0.00314330891706,-0.00517418421805,0.0184822119772]],"mean":[-65.289024353,94.0201644897,-124.546295166,6.56565713882,-53.7494735718,-7.73057794571,-42.8414878845,1.83498346806,-22.9370250702,3.86000871658,-12.0648603439,2.42761087418,-12.498796463]},"hfc":{"dmean":5.54246139526,"dmean2":7.37615060806,"dvar":55.7081375122,"dvar2":102.954734802,"max":107.27960968,"mean":17.006696701,"median":12.6881580353,"min":9.35663102553e-9,"var":249.303543091},"melbands":{"dmean":[0.0000494159758091,0.000151503307279,0.000272912962828,0.000288814393571,0.00023029455042,0.000209935766179,0.000407083658502,0.000173183405423,0.000161132978974,0.000152413878823,0.0000601076462772,0.0000677504503983,0.0000819143169792,0.0000733569831937,0.0000452346357633,0.0000404291495215,0.0000290582102025,0.0000355881020369,0.0000239497130679,0.0000234475355683,0.0000288453520625,0.0000183474639925,0.0000154160625243,0.00000853223082231,0.00000269093061434,0.00000262967364506,0.00000515057399753,0.00000477917819808,0.00000173089267719,5.69928033656e-7,4.05208112397e-7,3.63080232546e-7,3.27775040887e-7,3.01393669133e-7,2.99813564197e-7,2.98470411053e-7,2.74038796988e-7,2.01280386136e-7,2.13989380882e-7,1.83224869943e-7],"dmean2":[0.0000799345434643,0.000237472762819,0.000448627513833,0.00048237782903,0.000361123937182,0.000313701864798,0.000610863731708,0.000259185530012,0.000243844042416,0.000226704476518,0.0000836594990687,0.0000965979634202,0.000122856945381,0.000113118163426,0.0000702016914147,0.0000604048109381,0.0000436798145529,0.0000533833263034,0.0000354012445314,0.0000349378133251,0.0000461510280729,0.000028352429581,0.0000237220810959,0.0000128352721731,0.00000397828898713,0.00000375481567971,0.00000683896496412,0.00000663056880512,0.00000245767773777,8.91863066954e-7,6.2526066813e-7,5.53563324956e-7,4.92730691803e-7,4.49421861504e-7,4.65702015617e-7,4.52139204299e-7,4.24726323445e-7,3.10369188128e-7,3.30401576321e-7,2.78422675137e-7],"dvar":[6.75518352367e-9,1.61262704523e-7,2.94613954566e-7,3.40473775395e-7,1.22596262031e-7,1.24533030998e-7,4.71890700737e-7,1.34252132966e-7,1.36359986413e-7,1.6798021818e-7,4.60602791463e-8,4.41415792807e-8,9.38264719252e-8,4.73123726863e-8,1.82947328398e-8,1.66434386273e-8,7.34182981077e-9,8.73309424776e-9,4.95437424419e-9,3.00954794419e-9,8.69000160719e-9,2.69464806024e-9,2.15224615907e-9,5.01210351e-10,3.78185260885e-11,2.98296387591e-11,1.55236379307e-10,1.25061808132e-10,2.34428726431e-11,1.43836375102e-12,6.38039534401e-13,6.77369835569e-13,7.48079766535e-13,5.65146887621e-13,8.65478207764e-13,1.49190946055e-12,2.44048379595e-12,7.53221486918e-13,1.49944585828e-12,8.28301999472e-13],"dvar2":[1.65926472562e-8,3.28782022052e-7,7.2814628993e-7,8.99302506241e-7,2.94704022963e-7,2.5566879458e-7,9.97749452836e-7,2.81187482187e-7,3.01917282286e-7,3.73487665684e-7,7.08850009801e-8,7.50312523223e-8,1.91283135109e-7,9.83178978231e-8,4.32797833128e-8,3.6742502374e-8,1.47075942536e-8,1.7877127334e-8,9.72033387114e-9,5.80045389498e-9,2.18294857746e-8,6.18205486802e-9,4.60797755508e-9,1.04805464307e-9,8.4897908148e-11,5.07695691043e-11,2.2664649324e-10,2.14468512394e-10,4.35304223223e-11,3.50861440596e-12,1.47871135909e-12,1.61286327176e-12,1.65974005373e-12,1.28112017522e-12,1.99993754196e-12,3.35834029856e-12,6.11110077472e-12,1.58343097748e-12,3.76029502674e-12,1.98188254003e-12],"max":[0.00144658703357,0.014563659206,0.0100021185353,0.00811365991831,0.00662143575028,0.0080189825967,0.0147939585149,0.00699377991259,0.00809960626066,0.00976865459234,0.0071267769672,0.00563329365104,0.0100147118792,0.00687860278413,0.00345168286003,0.0033238355536,0.00235860492103,0.00198688264936,0.00247840839438,0.00121592008509,0.00181738461833,0.00109318434261,0.00135405559558,0.000529103504959,0.000137047871249,0.000177813402843,0.000452899432275,0.000206367010833,0.000180380287929,0.0000350214686478,0.0000161352381838,0.0000200226622837,0.0000332756280841,0.0000207106040762,0.0000186909346667,0.0000268932853942,0.000059970006987,0.0000215205054701,0.0000372382091882,0.000032765990909],"mean":[0.0000868398492457,0.000233646482229,0.000372612674255,0.000382012862246,0.000516582687851,0.000478492671391,0.00075764110079,0.000326350156683,0.000300550658721,0.000265784445219,0.000112159548735,0.000127529769088,0.000171605744981,0.000133617562824,0.0000796127715148,0.0000650445945212,0.0000441167176177,0.0000510857898917,0.0000375693452952,0.000034005362977,0.000037968664401,0.0000250284156209,0.0000261972218141,0.0000137789684231,0.00000461786385131,0.00000521532228959,0.0000111282106445,0.00000952591835812,0.00000300266424347,8.41028452214e-7,5.92201615746e-7,5.4395945881e-7,5.24543679603e-7,4.83776375404e-7,4.38124715174e-7,3.88900843973e-7,3.3907656416e-7,2.48063599884e-7,2.41466807438e-7,2.0369577669e-7],"median":[0.0000491577338835,0.000121670367662,0.000178104091901,0.000203763425816,0.000340408761986,0.000265751965344,0.000344486121321,0.000137441660627,0.000106112405774,0.0000651275622658,0.0000252885511145,0.0000318935199175,0.0000273451005341,0.0000298287668556,0.0000238442662521,0.0000215113195736,0.0000123404624901,0.0000142614535434,0.000010517451301,0.0000100773340819,0.0000100421093521,0.00000856409769767,0.00000875427031133,0.00000423991059506,0.00000188863918993,0.00000206972049455,0.00000247072580351,0.00000218352442971,0.00000104091122921,4.05504067658e-7,2.86684496587e-7,2.61911623056e-7,2.67010591415e-7,2.53839459674e-7,2.09485989444e-7,1.25947948959e-7,9.75123697344e-8,6.24678193617e-8,4.4986904868e-8,4.01920132731e-8],"min":[4.23905134695e-15,1.76398327623e-15,7.99468817953e-16,2.86222438454e-16,1.26398025686e-15,2.0364908219e-15,1.08270048895e-15,5.72657005722e-16,1.08903110732e-15,1.52138319338e-15,3.53766232684e-15,3.56119163157e-15,4.20482698072e-15,5.66602573033e-15,3.18437674301e-15,2.77531573366e-15,5.76221775644e-15,1.41540190162e-15,1.53446085269e-15,8.55027932425e-16,1.13554973326e-15,1.31299805352e-15,1.31095088076e-15,9.21142718546e-16,5.53428828423e-16,6.23983814193e-16,1.03217804414e-15,9.13347897849e-16,5.62370214094e-16,3.31971826136e-16,2.537155374e-16,1.16398177057e-15,1.07573512527e-15,7.84542720994e-16,1.64395754293e-15,1.62926543882e-15,1.57844092089e-15,5.35948185974e-16,9.35475257167e-16,1.57378351023e-15],"var":[1.13942126845e-8,2.63386056076e-7,3.57535043349e-7,3.42534605124e-7,3.52338446419e-7,4.90152899602e-7,0.0000013461758499,3.51392515086e-7,3.27463311578e-7,3.72578426777e-7,1.67313373822e-7,1.57729502348e-7,4.38496385868e-7,1.18743720634e-7,3.81867337751e-8,2.99513054358e-8,1.35087585562e-8,1.55053445638e-8,9.82868630928e-9,6.55704601726e-9,1.20321139718e-8,4.38445546536e-9,6.56891652184e-9,1.1113887588e-9,7.8372426604e-11,9.65049151702e-11,6.33634755776e-10,4.39214109527e-10,6.54827650437e-11,1.8279379746e-12,9.03303311057e-13,9.55969353157e-13,1.12489282212e-12,8.94978535726e-13,1.20196170725e-12,2.00254071138e-12,2.29849993205e-12,1.01004328599e-12,1.52819131048e-12,8.40118447899e-13]},"melbands_crest":{"dmean":2.93452811241,"dmean2":4.75172948837,"dvar":7.12441825867,"dvar2":17.2525100708,"max":39.9936141968,"mean":13.2857913971,"median":11.4879198074,"min":3.4388859272,"var":48.5584564209},"melbands_flatness_db":{"dmean":0.0238279346377,"dmean2":0.0338718406856,"dvar":0.00052146834787,"dvar2":0.00107802753337,"max":0.620348930359,"mean":0.211729720235,"median":0.198687195778,"min":0.0195227432996,"var":0.00610754545778},"melbands_kurtosis":{"dmean":42.3480529785,"dmean2":66.4035644531,"dvar":87285.8203125,"dvar2":222027.140625,"max":11699.5117188,"mean":177.737304688,"median":5.23058366776,"min":-1.78743815422,"var":1029666.25},"melbands_skewness":{"dmean":0.756500601768,"dmean2":1.150354743,"dvar":3.84887051582,"dvar2":9.45567512512,"max":105.149894714,"mean":4.11978578568,"median":1.93764400482,"min":-1.68272614479,"var":147.361923218},"melbands_spread":{"dmean":5.71120595932,"dmean2":8.63838672638,"dvar":63.409488678,"dvar2":153.466674805,"max":161.824508667,"mean":19.9715900421,"median":17.2456054688,"min":0.0827087238431,"var":177.210647583},"mfcc":{"cov":[[17244.2441406,3212.07177734,-1279.19360352,-38.1809005737,-611.494812012,-488.092407227,-308.180480957,-260.311218262,-359.578674316,3.00917029381,-327.047790527,-153.042129517,1.76451015472],[3212.07177734,1771.23120117,-473.183197021,53.8039779663,-46.3808364868,-109.049316406,-151.795166016,-17.5209999084,-132.345611572,-90.5003967285,-38.8277893066,24.5264759064,34.4277572632],[-1279.19360352,-473.183197021,577.32232666,7.12119340897,65.5895690918,101.742095947,51.2722969055,-7.84678459167,37.1547889709,-34.1816635132,10.8332099915,35.0678062439,-9.30376720428],[-38.1809005737,53.8039779663,7.12119340897,271.833435059,104.521484375,-28.0051383972,-35.2569618225,-39.015712738,-16.3193702698,14.8582439423,-10.231631279,-4.58151483536,12.7748003006],[-611.494812012,-46.3808364868,65.5895690918,104.521484375,281.69329834,16.1214389801,-104.316635132,-12.6034507751,63.6110458374,-42.0600891113,21.9036693573,26.9894809723,-15.3598337173],[-488.092407227,-109.049316406,101.742095947,-28.0051383972,16.1214389801,130.969390869,37.024810791,28.7937908173,24.570476532,-6.38477087021,25.0218009949,17.5271492004,-9.25888824463],[-308.180480957,-151.795166016,51.2722969055,-35.2569618225,-104.316635132,37.024810791,197.422607422,55.702331543,-12.5672311783,44.4755859375,17.5286140442,-6.48783779144,22.8987941742],[-260.311218262,-17.5209999084,-7.84678459167,-39.015712738,-12.6034507751,28.7937908173,55.702331543,144.420898438,52.1777229309,-2.40197396278,24.0767192841,15.8696289062,20.151102066],[-359.578674316,-132.345611572,37.1547889709,-16.3193702698,63.6110458374,24.570476532,-12.5672311783,52.1777229309,151.040924072,5.70771312714,15.0939788818,13.0419139862,-11.5595684052],[3.00917029381,-90.5003967285,-34.1816635132,14.8582439423,-42.0600891113,-6.38477087021,44.4755859375,-2.40197396278,5.70771312714,135.842453003,11.8022003174,-32.8256454468,7.29908800125],[-327.047790527,-38.8277893066,10.8332099915,-10.231631279,21.9036693573,25.0218009949,17.5286140442,24.0767192841,15.0939788818,11.8022003174,92.034324646,24.1416797638,2.92583537102],[-153.042129517,24.5264759064,35.0678062439,-4.58151483536,26.9894809723,17.5271492004,-6.48783779144,15.8696289062,13.0419139862,-32.8256454468,24.1416797638,94.2196807861,21.7612056732],[1.76451015472,34.4277572632,-9.30376720428,12.7748003006,-15.3598337173,-9.25888824463,22.8987941742,20.151102066,-11.5595684052,7.29908800125,2.92583537102,21.7612056732,81.7840957642]],"icov":[[0.000110731416498,-0.000173258624272,0.000047445504606,0.000014679002561,0.000207052347832,0.000133972382173,0.0000661146623315,0.000127828447148,-0.0000605437744525,-0.000067341949034,0.000193999832845,0.0000279848045466,0.0000607623587712],[-0.000173258624272,0.00115759810433,0.000583205197472,-0.000265669776127,-0.0000716907379683,-0.000251310324529,0.000508025928866,-0.000499243615195,0.000722063356079,0.00065134675242,-0.000198738067411,-0.000382907775929,-0.000283946137642],[0.000047445504606,0.000583205197472,0.00276642525569,-0.000235981773585,-0.000282732653432,-0.00144404207822,-0.00062558852369,0.000795222527813,-0.0000853333403938,0.000962408666965,0.000513566250447,-0.00071420968743,-0.0000586101341469],[0.000014679002561,-0.000265669776127,-0.000235981773585,0.00509357452393,-0.00263045099564,0.00092581869103,-0.000581381726079,0.000786801450886,0.000921685015783,-0.00135344779119,0.000798822380602,0.000259255582932,-0.000977737014182],[0.000207052347832,-0.0000716907379683,-0.000282732653432,-0.00263045099564,0.00723781110719,-0.000652184651699,0.00337162963115,0.000214422194404,-0.00236777006648,0.00141498970333,-0.00152400950901,-0.00029684472247,0.000365620624507],[0.000133972382173,-0.000251310324529,-0.00144404207822,0.00092581869103,-0.000652184651699,0.0105576552451,-0.00164400786161,-0.000958660850301,-0.000350763526512,-0.0000113054011308,-0.00126785668544,-0.000910162460059,0.00180225342046],[0.0000661146623315,0.000508025928866,-0.00062558852369,-0.000581381726079,0.00337162963115,-0.00164400786161,0.00935692805797,-0.0032728780061,0.00146998732816,-0.00171617255546,-0.000920430524275,0.000447008234914,-0.00128704635426],[0.000127828447148,-0.000499243615195,0.000795222527813,0.000786801450886,0.000214422194404,-0.000958660850301,-0.0032728780061,0.0109524987638,-0.00436503067613,0.00151804403868,-0.0012318828376,0.000134244648507,-0.00241964217275],[-0.0000605437744525,0.000722063356079,-0.0000853333403938,0.000921685015783,-0.00236777006648,-0.000350763526512,0.00146998732816,-0.00436503067613,0.0101519459859,-0.00179093529005,0.000543247850146,-0.00116997782607,0.00160981819499],[-0.000067341949034,0.00065134675242,0.000962408666965,-0.00135344779119,0.00141498970333,-0.0000113054011308,-0.00171617255546,0.00151804403868,-0.00179093529005,0.0104154460132,-0.00251748040318,0.00340650696307,-0.00157993845642],[0.000193999832845,-0.000198738067411,0.000513566250447,0.000798822380602,-0.00152400950901,-0.00126785668544,-0.000920430524275,-0.0012318828376,0.000543247850146,-0.00251748040318,0.0138769838959,-0.00369213568047,0.000932024035137],[0.0000279848045466,-0.000382907775929,-0.00071420968743,0.000259255582932,-0.00029684472247,-0.000910162460059,0.000447008234914,0.000134244648507,-0.00116997782607,0.00340650696307,-0.00369213568047,0.0146359577775,-0.00450984435156],[0.0000607623587712,-0.000283946137642,-0.0000586101341469,-0.000977737014182,0.000365620624507,0.00180225342046,-0.00128704635426,-0.00241964217275,0.00160981819499,-0.00157993845642,0.000932024035137,-0.00450984435156,0.0152560239658]],"mean":[-693.854125977,136.026031494,-19.9777374268,13.2844257355,-1.63791835308,-7.78885746002,-11.1543073654,-6.25180339813,-9.94308185577,-2.29112505913,-6.61321496964,2.50000309944,4.50948572159]},"pitch_salience":{"dmean":0.0664852485061,"dmean2":0.107337616384,"dvar":0.00355539028533,"dvar2":0.00922951381654,"max":0.951742708683,"mean":0.584646821022,"median":0.613353848457,"min":0.00150221074,"var":0.0229430198669},"silence_rate_20dB":{"dmean":0,"dmean2":0,"dvar":0,"dvar2":0,"max":1,"mean":1,"median":1,"min":1,"var":0},"silence_rate_30dB":{"dmean":0.000518000510056,"dmean2":0.00103626947384,"dvar":0.000517707958352,"dvar2":0.00155323278159,"max":1,"mean":0.999741077423,"median":1,"min":0,"var":0.000258860120084},"silence_rate_60dB":{"dmean":0.0119140120223,"dmean2":0.0238341968507,"dvar":0.0117714563385,"dvar2":0.0294819548726,"max":1,"mean":0.117814600468,"median":0,"min":0,"var":0.103933975101},"spectral_centroid":{"dmean":220.816207886,"dmean2":327.179016113,"dvar":58548.3789062,"dvar2":125251.609375,"max":4501.08740234,"mean":1263.37097168,"median":1094.37939453,"min":235.664779663,"var":432084.25},"spectral_complexity":{"dmean":3.42916345596,"dmean2":5.02590656281,"dvar":12.7328491211,"dvar2":24.7721405029,"max":47,"mean":16.1856555939,"median":17,"min":0,"var":64.4474105835},"spectral_contrast_coeffs":{"dmean":[0.051686450839,0.0472012795508,0.0374765396118,0.0319884084165,0.0263799596578,0.0176135245711],"dmean2":[0.0843882113695,0.0755524560809,0.0597818121314,0.0507567562163,0.0405423231423,0.0271944273263],"dvar":[0.00185775011778,0.00154424004722,0.0010671132477,0.000700939737726,0.000562069239095,0.000264581700321],"dvar2":[0.0047165020369,0.00388078321703,0.00249722437002,0.00166589859873,0.00124542717822,0.000605472945608],"max":[-0.33325406909,-0.38224363327,-0.423777759075,-0.503603637218,-0.557332873344,-0.656287074089],"mean":[-0.629583239555,-0.697782695293,-0.757027566433,-0.773017883301,-0.766352653503,-0.791163921356],"median":[-0.621864438057,-0.695015609264,-0.766194880009,-0.775423407555,-0.767834186554,-0.788259029388],"min":[-0.952181637287,-0.984242379665,-0.993091821671,-0.975526094437,-0.974029839039,-0.93225133419],"var":[0.00962281879038,0.00786610879004,0.00824960507452,0.00480923149735,0.00452019181103,0.00176132190973]},"spectral_contrast_valleys":{"dmean":[0.428492635489,0.352835506201,0.331065833569,0.305858671665,0.326042324305,0.421519011259],"dmean2":[0.678377091885,0.560952961445,0.510349214077,0.462243318558,0.432928860188,0.529903709888],"dvar":[0.141792118549,0.103770583868,0.0938640683889,0.0853252485394,0.112639904022,0.219486802816],"dvar2":[0.314113080502,0.239581361413,0.200625598431,0.170989051461,0.198845505714,0.406794577837],"max":[-6.09299135208,-4.96383476257,-5.18762207031,-6.12235116959,-6.11774730682,-8.13934326172],"mean":[-8.3600692749,-7.03652620316,-7.86019086838,-8.12476921082,-8.2833776474,-11.0903577805],"median":[-7.78909826279,-6.47651958466,-7.35026836395,-7.6405172348,-7.82754898071,-10.8138971329],"min":[-19.1497707367,-18.3505439758,-17.7928276062,-18.2580032349,-17.9453887939,-19.5675163269],"var":[3.98842573166,4.61968946457,3.99797701836,3.69111943245,3.23956227303,2.46288776398]},"spectral_decrease":{"dmean":1.42741263254e-9,"dmean2":1.96945992847e-9,"dvar":3.19488295918e-18,"dvar2":6.12824615026e-18,"max":-6.59478661399e-20,"mean":-4.75876538175e-9,"median":-4.0577461391e-9,"min":-3.07377909792e-8,"var":1.42813990072e-17},"spectral_energy":{"dmean":0.00582100218162,"dmean2":0.00799135956913,"dvar":0.0000527260563103,"dvar2":0.0000998925825115,"max":0.123473405838,"mean":0.019503235817,"median":0.0164354406297,"min":1.09757895047e-12,"var":0.00024058726558},"spectral_energyband_high":{"dmean":0.000156393100042,"dmean2":0.000222719259909,"dvar":9.28102252828e-8,"dvar2":1.87551606246e-7,"max":0.00507198041305,"mean":0.000287065777229,"median":0.000128947256599,"min":7.5562760259e-13,"var":2.31211387813e-7},"spectral_energyband_low":{"dmean":0.000682854966726,"dmean2":0.00106720044278,"dvar":0.00000240711437982,"dvar2":0.00000512703672939,"max":0.0509419962764,"mean":0.00123199354857,"median":0.000806830183137,"min":2.00066929034e-14,"var":0.00000425535336035},"spectral_energyband_middle_high":{"dmean":0.00244194664992,"dmean2":0.00335423485376,"dvar":0.0000165241326613,"dvar2":0.0000294211731671,"max":0.0860317796469,"mean":0.0063812774606,"median":0.00343857472762,"min":2.79281399439e-13,"var":0.0000806750103948},"spectral_energyband_middle_low":{"dmean":0.00428846757859,"dmean2":0.00629315292463,"dvar":0.0000305709108943,"dvar2":0.0000677520656609,"max":0.0840705186129,"mean":0.0119614889845,"median":0.010095063597,"min":3.96885181783e-14,"var":0.0000939193632803},"spectral_entropy":{"dmean":0.188634485006,"dmean2":0.262070208788,"dvar":0.0314042977989,"dvar2":0.0625778734684,"max":9.02420520782,"mean":7.37428283691,"median":7.31821632385,"min":5.94636917114,"var":0.213270545006},"spectral_flux":{"dmean":0.0192050579935,"dmean2":0.0293336063623,"dvar":0.000431117601693,"dvar2":0.000915460928809,"max":0.232613310218,"mean":0.0658877789974,"median":0.0625885874033,"min":0.00000734432023819,"var":0.00141675479244},"spectral_kurtosis":{"dmean":2.28888058662,"dmean2":3.82659387589,"dvar":7.59475326538,"dvar2":20.5217456818,"max":39.6338539124,"mean":7.28474378586,"median":6.45570993423,"min":-0.960940361023,"var":18.5313796997},"spectral_rms":{"dmean":0.000628613692243,"dmean2":0.000847759249154,"dvar":4.89257502068e-7,"dvar2":8.87534497451e-7,"max":0.0109755117446,"mean":0.00392496213317,"median":0.00400431966409,"min":3.27232143604e-8,"var":0.00000362232754014},"spectral_rolloff":{"dmean":390.665740967,"dmean2":653.962097168,"dvar":707872.3125,"dvar2":1583717.625,"max":16580.5664062,"mean":1371.63232422,"median":1184.32617188,"min":21.533203125,"var":1288770.25},"spectral_skewness":{"dmean":0.256135880947,"dmean2":0.410662710667,"dvar":0.0618937499821,"dvar2":0.161425486207,"max":4.31101560593,"mean":1.8858757019,"median":1.86167883873,"min":0.355098903179,"var":0.223515033722},"spectral_spread":{"dmean":597539.9375,"dmean2":866922.25,"dvar":598398337024,"dvar2":1209186123780,"max":17559936,"mean":4054454.25,"median":3464535.75,"min":1408514,"var":4020723515390},"spectral_strongpeak":{"dmean":0.663140177727,"dmean2":1.04560542107,"dvar":1.04680001736,"dvar2":2.17843747139,"max":12.6682415009,"mean":1.47731769085,"median":0.969096660614,"min":0,"var":3.00448179245},"zerocrossingrate":{"dmean":0.00866462104023,"dmean2":0.0101342396811,"dvar":0.000152333333972,"dvar2":0.000166788493516,"max":0.5654296875,"mean":0.0534135699272,"median":0.0498046875,"min":0,"var":0.000897184421774}},"metadata":{"audio_properties":{"analysis_sample_rate":44100,"bit_rate":192448,"codec":"mp3","downmix":"mix","equal_loudness":0,"length":89.6399765015,"lossless":false,"md5_encoded":"0fc0d754b9c2bf45278aa739931aab07","replay_gain":-5.64251327515,"sample_rate":48000},"tags":{"acoustid_fingerprint":["AQACvouSMM-SKEF-PI-gLxXy48eTZOhXNBeHXwm-LFUQWenxQzx-4ccptDwe-fjRB5cN_dCqHdu04QF0ZB-Ox_jxdME93Ih0EfHxYXyGPwHzb_CZY3qNb49wovlRO_gUlcK1I1mqJTnCR8KVK9jRHH1esDpTXIuCi6KQfBfSXselYB6DMBem74JuVIa1f7hKRvCiQw8HH1meZNdwGv3ReEcZLheainhDEf_QtDLB3IuFC_nRTD8UddeRfziPlxiV4cmPI431CMkPHpe0o5GUBJWe41eCPB-ST93RoIyS49oY4WGE-BrE5MgjLRIe1DiPlkvxo7SLplwWGT9xZQnBnAizn0ieJTIuxqiyHM2PzzN6NAuPh1fgMEbOQ4-CWzm8HAofyEf0HE10PAOTKcFz_PCF50HMZ9CjyAi_5GBymcNf4mMqRJY-JIuPXsZz48czC03ELOiT4xqSHJnGsMKPUYqGabvR5LgYXCil5MKeXEL6q0h-nDkuXdiT6GhenMd8Ek2V4_Jx_dhQshp4Fk2iD9WFB9Tk48mR54mQLCPa85gffFfw5A0q60YjDx-PiFty6MsR5jGuB0eT7KieodlUHNeG5jzCP9AyHiFzFvcWPFKCpgqyHM-WY8-L62jk4zX0HA714bnQ3MWhH5cWo3EYF5OV4zc-HWeg6Bl6qO9yPFLCQVyRPwqeJriHx3jGDE0elEvmFMmzI8f-wDfexhh9_AmqJwmF8BKgP_gyI39QHs0v1E2K7YlwNNFBJlHmBG8o4i-R8PGR68eT4BTF4MnSSeCVHe0Poz-iK1Rx5PKCPLhDzJDN4jzCnOLRZ8XFpvgyD5UOH72PZwryDMlzoTn6HM-rCHeUVOhlNOmRXMqI60V-TZiSU_gWod-NN8gnpcMf4p_QFYryhbh8PEkvXIvwHTwpXDH6fWgmpZCsI7dztEuUohmu5MJbHo3aojqaPyjJ48qDN4fzQMfx6kKXo4myBY9CHMk_pGN2sPlxBmdHPAEjfUWaKOuhu0aYjwSfCPOd44n2oekPH9WWD0-P-6iY5nCS7OiPvIG-HDn-45kpXIqOH1PqhKiciKhEZGIfPBscSTxCThe-XShXNBVTon-QKPmRY8-soNGaJhEcZjiahTG-48wUuMqOJ7mRB9ofIUzyZRg_HSwZDU9C1HpwhQv6GkWYZdD1CA8TJriyw_uN5_hyPA8mNTnSqkRR8sdz_OmIKsePn7h4-MSP5EkQWys-fIyFb0MPMz7KUrhX6Co-3MLhKMyFX4N_IfkRMlzQRD_-4Mcv_BNO9IdHXegzfO3QrBf6C03tHD0OjXJw9CPuBs3Y4sEDK8yOf2iP3-gZNA_yHMk99InR8MdV9Az8HfCOPiwuHMkVDzmFhkfJDM2P-scH70lx_bh6_EhmB-GFBy9zXMmMJzsmPsc3gnpaJNGZKkOenvh-PEx0tE_xD30i5DT0JEfKVRs-HeNnNMnB9LgDj0du7EcuRWj26fh-NEks4wnxzcF0hEGi44_QNIwo1MvwnLj4gMtNoVYbNMauHscTXUj2pEj3VfjSo6SOqgwFd3mOUg6P_mhSJPNVoal6