{"lowlevel":{"average_loudness":0.296182483435,"barkbands":{"dmean":[0.00470418389887,0.00681958720088,0.00149271124974,0.000561926164664,0.00150832498912,0.00112363323569,0.00110444205347,0.000511868274771,0.000802539638244,0.000460070703411,0.000336157303536,0.000341967243003,0.000378035969334,0.000348875299096,0.000369657267584,0.000284100096906,0.000160196839715,0.000134149129735,0.0000997131355689,0.000106323714135,0.0000663082610117,0.0000340065889759,0.0000205433025258,0.00000926510529098,0.00000191376852854,0.0000124429398056,0.00031024395139],"dmean2":[0.00796524062753,0.0112833166495,0.0025464145001,0.00095553509891,0.00245349854231,0.00180603098124,0.00183427147567,0.000833136844449,0.001334484783,0.00076557736611,0.000553070160095,0.000564840214793,0.0006296474603,0.000576171500143,0.000613720738329,0.000476628076285,0.000263196678134,0.000217181368498,0.000162302618264,0.000169945618836,0.000098758522654,0.0000491093123856,0.0000293068187602,0.0000141341943163,0.00000313397231366,0.0000171263527591,0.000488322344609],"dvar":[0.0000597114594711,0.000144091813127,0.00000552759047423,0.00000118254752124,0.00000692145431458,0.0000105061626527,0.0000186352262972,0.00000229578427025,0.00000746738032831,0.00000119298408663,4.66329595383e-7,3.56624980213e-7,5.24633264831e-7,3.32530646574e-7,3.3788728615e-7,2.00895243552e-7,8.87974138664e-8,6.5430320717e-8,6.6888972583e-8,1.34921137374e-7,3.97125070606e-8,4.55350601669e-9,1.42245248913e-9,8.85337192447e-10,1.3731881951e-11,4.5775275237e-10,2.08880692298e-7],"dvar2":[0.00015595224977,0.000360022735549,0.0000155195994012,0.00000325954943037,0.0000176821322384,0.000025556089895,0.0000508022822032,0.00000577619857722,0.0000207730081456,0.00000330421516992,0.00000120162394524,9.54758888838e-7,0.00000139521137044,8.40854056605e-7,9.09833772766e-7,5.4889585499e-7,2.25489870331e-7,1.60596442811e-7,1.69788563653e-7,3.6581417362e-7,9.28116321575e-8,1.02073514086e-8,3.01706903905e-9,1.99949656832e-9,3.45331090112e-11,9.09182173991e-10,5.21713502621e-7],"max":[0.12850600481,0.496201664209,0.0504239238799,0.0511128976941,0.0765277221799,0.129093930125,0.133331730962,0.07113930583,0.0652100741863,0.0315130725503,0.0179455578327,0.02414980717,0.0213732849807,0.0185161028057,0.0140778366476,0.00862569175661,0.00920027028769,0.00705685047433,0.00702615221962,0.0291049778461,0.00727693550289,0.00303253927268,0.000782397866715,0.00200255401433,0.000116439754493,0.00037975795567,0.0160402022302],"mean":[0.00508162425831,0.00844160001725,0.00188913091552,0.000730029598344,0.00280377478339,0.00182344671339,0.00161263358314,0.000746849225834,0.00128759921063,0.000680633005686,0.000520757690538,0.000580365769565,0.000672543246765,0.000611423689406,0.000757391855586,0.000576697697397,0.000316664198181,0.000250563083682,0.000183484502486,0.000187757555977,0.0001337431313,0.0000603611988481,0.0000282594664895,0.0000104652690425,0.00000209117752092,0.000018088345314,0.00123977812473],"median":[0.00178121018689,0.00350769236684,0.00091452820925,0.000359991507139,0.00133565987926,0.00063882797258,0.000380529090762,0.000252912461292,0.000318215839798,0.000287796690827,0.000237558648223,0.000327425805153,0.000367992965039,0.000374504452338,0.000490545120556,0.000359990110155,0.000142694771057,0.000072731389082,0.0000525453979208,0.000040284190618,0.0000276139708149,0.0000149686920849,0.00000627582676316,0.00000186723104889,6.82930362927e-7,0.00000477807361676,0.00094724871451],"min":[2.16282231043e-23,2.19170755688e-23,6.03036325516e-23,3.42708124717e-23,5.60871394588e-23,4.42318790287e-23,8.6776902074e-23,3.67075280772e-23,4.71888768003e-23,8.95613917428e-23,7.24479253064e-23,1.63563972567e-22,5.70405062617e-23,5.36063675494e-23,8.72016689615e-23,3.04737396827e-22,2.41649173633e-22,3.39097855452e-22,1.7542842796e-22,5.01422003733e-22,3.66469157918e-22,3.94898568983e-22,5.27861036692e-22,9.18747446489e-22,1.10341662896e-21,1.89818987627e-21,2.41384045686e-21],"var":[0.0000715401620255,0.00020083594427,0.00000752855703468,0.00000150841424329,0.0000189213296835,0.0000235305742535,0.0000333785064868,0.00000400490444008,0.0000162718224601,0.00000192799666365,8.34017328089e-7,6.72221005971e-7,0.00000108179483505,6.57046143715e-7,8.49347259191e-7,4.97013616041e-7,2.29668515317e-7,1.7885339787e-7,1.24722632222e-7,2.4666525178e-7,1.30482064264e-7,1.48904879538e-8,2.70150124493e-9,9.86429715688e-10,1.55581398459e-11,9.2064472712e-10,0.00000184295674899]},"barkbands_crest":{"dmean":3.15758681297,"dmean2":5.31133460999,"dvar":6.74040317535,"dvar2":18.4855728149,"max":26.1339225769,"mean":9.71465110779,"median":9.08363628387,"min":2.06173825264,"var":14.948346138},"barkbands_flatness_db":{"dmean":0.0289071369916,"dmean2":0.0470220521092,"dvar":0.000855780614074,"dvar2":0.00225243181922,"max":0.568083703518,"mean":0.138553351164,"median":0.123079679906,"min":0.0340613536537,"var":0.00461923284456},"barkbands_kurtosis":{"dmean":6.33759021759,"dmean2":10.6311244965,"dvar":386.48147583,"dvar2":1095.73193359,"max":796.472290039,"mean":9.7901763916,"median":3.24127960205,"min":-1.83235025406,"var":629.893188477},"barkbands_skewness":{"dmean":0.703927159309,"dmean2":1.15223824978,"dvar":0.777719378471,"dvar2":2.12412714958,"max":21.4226875305,"mean":2.07913017273,"median":1.75055754185,"min":-1.9465047121,"var":2.13917207718},"barkbands_spread":{"dmean":8.39990615845,"dmean2":13.587685585,"dvar":68.555770874,"dvar2":168.10987854,"max":123.407600403,"mean":34.5422363281,"median":34.8446083069,"min":0.310708284378,"var":377.386871338},"dissonance":{"dmean":0.017074117437,"dmean2":0.0291366260499,"dvar":0.000413763831602,"dvar2":0.00117630942259,"max":0.500000119209,"mean":0.472119688988,"median":0.480784028769,"min":0.139645710588,"var":0.000810888188425},"dynamic_complexity":5.61659288406,"erbbands":{"dmean":[0.358404785395,1.05314266682,1.80549740791,1.55944895744,3.05186343193,5.96959352493,7.83118009567,10.6143627167,14.4504642487,15.9229707718,10.0600862503,20.6837730408,12.395863533,14.9819746017,13.2652244568,13.9725055695,16.6386413574,16.9197883606,17.2222881317,17.6910915375,12.6757297516,8.91212368011,7.08551597595,5.43724918365,5.42756843567,4.82356452942,3.23755788803,2.1312379837,1.36167669296,0.690106987953,0.603785037994,0.389053553343,0.0501419827342,0.0214316993952,0.0137885529548,0.00955736916512,0.0308005455881,0.0248295888305,0.0161825995892,0.00682412460446],"dmean2":[0.598044931889,1.78246927261,3.06794524193,2.62315535545,5.04486131668,9.65663337708,13.1026620865,16.8130607605,23.9253158569,26.255317688,16.3181266785,34.5880584717,20.0081882477,24.8549766541,21.6706981659,23.1132011414,27.5894260406,27.6544685364,28.5302028656,29.2469654083,20.97681427,14.5625247955,11.3669033051,8.69679164886,8.9357252121,7.60459899902,4.99222135544,3.17106366158,1.9937775135,0.969397366047,0.88276463747,0.581218957901,0.0786389708519,0.0350466072559,0.0225055888295,0.0150838447735,0.0429676696658,0.0325524769723,0.0223429966718,0.0105808554217],"dvar":[0.493797779083,2.78046655655,7.92833185196,6.70255851746,32.4336280823,131.493255615,241.770492554,1372.86279297,3899.55444336,2087.77294922,830.248718262,5499.70654297,859.678894043,1394.48754883,736.16986084,675.023498535,1023.17681885,834.498901367,765.024291992,802.955566406,412.186553955,279.173370361,186.202392578,127.849327087,159.333496094,329.919921875,139.224441528,35.4479980469,8.5749912262,1.73010027409,1.33881318569,1.31275486946,0.0162676181644,0.00175409973599,0.000693050329573,0.000263163761701,0.00324309361167,0.00195294513833,0.00158348772675,0.0000877797865542],"dvar2":[1.23764789104,7.3901720047,22.4157390594,18.7344779968,83.2320480347,339.294372559,633.59173584,3322.53637695,10878.6074219,5552.0859375,2008.43078613,15338.2226562,2112.31640625,3890.34106445,1919.75195312,1841.70056152,2704.05541992,2079.88671875,2057.4453125,2168.65625,1097.16955566,719.488525391,448.42010498,293.678344727,414.009918213,884.750732422,383.556549072,78.0432739258,19.4761829376,3.67397046089,2.91105914116,2.9070725441,0.0379667133093,0.00441423151642,0.00173855607864,0.000639925536234,0.00668190373108,0.00383683829568,0.00346665969118,0.000214926883928],"max":[29.3374557495,50.8181304932,44.2330322266,109.274414062,230.972961426,317.590270996,611.90234375,1527.57189941,1694.8939209,1305.32531738,839.646728516,1924.60888672,835.656066895,1217.01049805,1002.91918945,1230.36303711,1000.24755859,1007.39569092,699.676208496,494.990570068,426.857910156,577.255187988,369.025939941,252.513214111,345.79486084,1451.57861328,789.012634277,207.37121582,149.468200684,38.9556236267,12.8803110123,72.0285263062,8.24050807953,1.33928775787,0.817320764065,0.472855240107,1.40568852425,1.45419692993,2.08064293861,0.313133329153],"mean":[0.406879156828,1.2925401926,2.36691117287,2.29481840134,4.81752300262,10.4428939819,12.3438358307,17.2375564575,21.3395080566,23.3571567535,16.1190376282,31.9314670563,19.6481552124,23.8164787292,22.740240097,25.1026439667,30.9533004761,32.1281013489,35.753276825,38.8605918884,27.7607078552,18.5170497894,14.0377378464,10.6661281586,9.54532051086,8.88990497589,6.2341375351,4.29093122482,2.45138144493,1.190533638,0.77511715889,0.441682457924,0.0581622570753,0.0237007513642,0.0154069531709,0.0122085185722,0.0422473549843,0.0546335354447,0.0536278560758,0.03274127841],"median":[0.124896764755,0.630105912685,1.20069265366,1.34064483643,2.45717144012,4.27895450592,5.20474672318,5.02826023102,5.0254740715,6.64797782898,6.11831140518,7.69499111176,8.08804988861,10.3887958527,11.9015626907,14.8432655334,17.7798843384,20.4515285492,24.430770874,25.9455223083,17.8306007385,8.68731021881,4.61839723587,2.88618946075,2.59505772591,1.89519238472,1.36954712868,0.90800178051,0.584921181202,0.301125377417,0.159845322371,0.0626684129238,0.0180215779692,0.00815081875771,0.00528266467154,0.00513024441898,0.00981102418154,0.0144869750366,0.0194176826626,0.0278510618955],"min":[6.29708810816e-22,6.04200022831e-21,6.17548876149e-20,7.47496559312e-20,2.4398172966e-19,1.0780756722e-19,2.80845602345e-19,3.79556864702e-19,8.822345488e-19,1.17790601946e-18,9.52896452627e-19,8.48682810685e-19,2.42120852455e-18,2.80437885021e-18,2.86077995348e-18,7.21343184049e-18,3.50409175755e-18,2.73020411712e-18,3.34533160297e-18,9.00341263575e-18,1.671832934e-17,1.4683890204e-17,1.77537228933e-17,1.01031765571e-17,1.29715568528e-17,2.53951148217e-17,1.41990961906e-17,1.52687978869e-17,1.47104774432e-17,1.70341816395e-17,1.38778341299e-17,1.52783303163e-17,1.69548963778e-17,1.21282329835e-17,8.54206836553e-18,6.36177826234e-18,3.63365181612e-18,1.34120181213e-18,3.43979154472e-19,3.47715774868e-20],"var":[0.64677375555,3.56344342232,10.7802839279,9.8618183136,55.9138870239,346.569122314,482.541564941,3064.94433594,6510.2421875,3705.79394531,1473.83178711,10840.4199219,1588.25024414,2383.58618164,1395.22338867,1258.60449219,2167.47924805,1763.50439453,1860.56945801,2122.15478516,1159.56518555,758.624694824,539.944458008,354.603790283,318.47555542,608.790588379,287.996917725,137.10899353,28.1301383972,5.3226776123,2.05157423019,1.53655970097,0.0180901233107,0.00197947747074,0.000802127295174,0.000361661368515,0.00546389725059,0.0124830771238,0.0121667049825,0.00102810573298]},"erbbands_crest":{"dmean":2.55187511444,"dmean2":4.2767329216,"dvar":6.63295984268,"dvar2":17.6695747375,"max":31.264415741,"mean":8.45061397552,"median":6.91392230988,"min":2.37911128998,"var":20.9054355621},"erbbands_flatness_db":{"dmean":0.0227711219341,"dmean2":0.0349344499409,"dvar":0.000569009338506,"dvar2":0.00141381646972,"max":0.416400164366,"mean":0.146660521626,"median":0.140886604786,"min":0.0311892349273,"var":0.0018237271579},"erbbands_kurtosis":{"dmean":3.14261651039,"dmean2":5.31053924561,"dvar":222.951538086,"dvar2":619.889709473,"max":381.915527344,"mean":3.08935141563,"median":0.157741546631,"min":-1.73468649387,"var":267.28894043},"erbbands_skewness":{"dmean":0.454418718815,"dmean2":0.738223969936,"dvar":0.516093313694,"dvar2":1.39839351177,"max":16.5001087189,"mean":0.192834675312,"median":-0.153599008918,"min":-6.11936998367,"var":2.12985897064},"erbbands_spread":{"dmean":5.98346757889,"dmean2":9.5897808075,"dvar":37.7950668335,"dvar2":93.9736709595,"max":134.01902771,"mean":28.2636852264,"median":27.5069007874,"min":0.91483861208,"var":139.312423706},"gfcc":{"cov":[[20342.2597656,-391.233703613,-2556.23852539,-262.758880615,341.250488281,-448.224243164,508.833221436,-278.965179443,487.878845215,243.955093384,154.340240479,256.62387085,-29.551990509],[-391.233703613,636.524963379,108.564216614,-256.414489746,49.6288032532,-47.2060699463,-84.5917434692,-4.84917449951,-14.1180448532,-50.3575515747,23.3035430908,-61.3775215149,87.35131073],[-2556.23852539,108.564216614,1037.95996094,208.17137146,-105.987876892,228.62651062,-183.808776855,102.998878479,-140.15447998,-43.9651374817,-18.195142746,-52.32056427,6.02908849716],[-262.758880615,-256.414489746,208.17137146,360.204101562,55.0656700134,39.5302429199,80.1449127197,-18.4632530212,-9.73073577881,5.26834201813,-9.00914669037,28.0912189484,-62.561340332],[341.250488281,49.6288032532,-105.987876892,55.0656700134,238.840881348,33.1695098877,46.5921401978,-46.2088546753,34.5455436707,0.796809077263,16.5310249329,4.98661613464,20.9607620239],[-448.224243164,-47.2060699463,228.62651062,39.5302429199,33.1695098877,261.555877686,-50.5035018921,64.0782699585,-12.862323761,2.06070208549,-0.490526676178,7.23451042175,-4.20684528351],[508.833221436,-84.5917434692,-183.808776855,80.1449127197,46.5921401978,-50.5035018921,221.631713867,-19.8560714722,57.6173858643,5.90546703339,-11.8773994446,19.3967132568,-51.1247520447],[-278.965179443,-4.84917449951,102.998878479,-18.4632530212,-46.2088546753,64.0782699585,-19.8560714722,155.717971802,-8.27388477325,15.6537361145,0.441146016121,-38.7728843689,1.1930308342],[487.878845215,-14.1180448532,-140.15447998,-9.73073577881,34.5455436707,-12.862323761,57.6173858643,-8.27388477325,128.202072144,35.7414703369,16.0547962189,33.6436767578,-24.4759902954],[243.955093384,-50.3575515747,-43.9651374817,5.26834201813,0.796809077263,2.06070208549,5.90546703339,15.6537361145,35.7414703369,72.8817977905,30.4036750793,15.9163885117,4.9542093277],[154.340240479,23.3035430908,-18.195142746,-9.00914669037,16.5310249329,-0.490526676178,-11.8773994446,0.441146016121,16.0547962189,30.4036750793,58.8765029907,28.7218704224,13.759850502],[256.62387085,-61.3775215149,-52.32056427,28.0912189484,4.98661613464,7.23451042175,19.3967132568,-38.7728843689,33.6436767578,15.9163885117,28.7218704224,82.5195617676,5.53511619568],[-29.551990509,87.35131073,6.02908849716,-62.561340332,20.9607620239,-4.20684528351,-51.1247520447,1.1930308342,-24.4759902954,4.9542093277,13.759850502,5.53511619568,83.1814651489]],"icov":[[0.0000751042389311,-0.0000504314157297,0.000223547569476,-0.000120429554954,0.0000550565055164,-0.0000676553172525,0.0000193592495634,0.0000193386440515,-0.000054006530263,-0.0000887533533387,-0.0000614429591224,-0.0000185281205631,-0.0000320194922097],[-0.0000504314157297,0.00502360472456,-0.00266258371994,0.00483423424885,-0.00246518617496,0.00199945410714,-0.00136089941952,0.000938839453738,-0.00189515342936,0.00358033250086,-0.00376799330115,0.00281705195084,-0.0019271238707],[0.000223547569476,-0.00266258371994,0.00437028985471,-0.00508653791621,0.00322852260433,-0.00306620495394,0.00206911587156,-0.000384903250961,0.000740958144888,-0.000198409630684,0.000144591685967,0.000974042341113,-0.000817183288746],[-0.000120429554954,0.00483423424885,-0.00508653791621,0.0112839685753,-0.00601537991315,0.00370351155289,-0.00320198689587,0.000257374340435,0.00136447383557,-0.000216880987864,-0.000168196260347,-0.00291494000703,0.00410369317979],[0.0000550565055164,-0.00246518617496,0.00322852260433,-0.00601537991315,0.00995812658221,-0.00487946113572,-0.000550980621483,0.00330390548334,-0.00296791666187,0.00199737749062,-0.00388701329939,0.00618155160919,-0.00605264026672],[-0.0000676553172525,0.00199945410714,-0.00306620495394,0.00370351155289,-0.00487946113572,0.00800679344684,0.000688714149874,-0.00341153517365,0.000730829371605,-0.000467681820737,0.00229535601102,-0.00489916885272,0.00317989382893],[0.0000193592495634,-0.00136089941952,0.00206911587156,-0.00320198689587,-0.000550980621483,0.000688714149874,0.00839635077864,-0.00177649711259,-0.000790729827713,-0.000560964050237,0.00337516050786,-0.00249465717934,0.00364590552635],[0.0000193386440515,0.000938839453738,-0.000384903250961,0.000257374340435,0.00330390548334,-0.00341153517365,-0.00177649711259,0.011114558205,-0.0024035605602,-0.000496288004797,-0.00451791845262,0.00893137231469,-0.00353856873699],[-0.000054006530263,-0.00189515342936,0.000740958144888,0.00136447383557,-0.00296791666187,0.000730829371605,-0.000790729827713,-0.0024035605602,0.0153975170106,-0.00823514349759,0.00450416887179,-0.00886773318052,0.00814298540354],[-0.0000887533533387,0.00358033250086,-0.000198409630684,-0.000216880987864,0.00199737749062,-0.000467681820737,-0.000560964050237,-0.000496288004797,-0.00823514349759,0.0256806928664,-0.0146324150264,0.00665801111609,-0.00677995570004],[-0.0000614429591224,-0.00376799330115,0.000144591685967,-0.000168196260347,-0.00388701329939,0.00229535601102,0.00337516050786,-0.00451791845262,0.00450416887179,-0.0146324150264,0.0337048284709,-0.0164088699967,0.00474615255371],[-0.0000185281205631,0.00281705195084,0.000974042341113,-0.00291494000703,0.00618155160919,-0.00489916885272,-0.00249465717934,0.00893137231469,-0.00886773318052,0.00665801111609,-0.0164088699967,0.0294969454408,-0.0109489196911],[-0.0000320194922097,-0.0019271238707,-0.000817183288746,0.00410369317979,-0.00605264026672,0.00317989382893,0.00364590552635,-0.00353856873699,0.00814298540354,-0.00677995570004,0.00474615255371,-0.0109489196911,0.0239008422941]],"mean":[-39.2006225586,96.0644454956,-90.9903106689,-2.01989531517,-5.33216190338,-18.2199783325,-0.212058037519,-22.6755466461,4.31550645828,-8.58707237244,-4.76715660095,-2.31482481956,-3.88464450836]},"hfc":{"dmean":49.5370445251,"dmean2":75.4902267456,"dvar":3821.1965332,"dvar2":8933.52636719,"max":1701.64990234,"mean":181.5365448,"median":162.205169678,"min":1.17519667208e-16,"var":23716.1679688},"melbands":{"dmean":[0.00258186459541,0.00100817042403,0.000281894695945,0.000311916723149,0.000277482060483,0.000227332653594,0.000221551163122,0.000160541196237,0.0000915471100598,0.000128245606902,0.0000628767375019,0.0000634435855318,0.0000461648451164,0.0000384795712307,0.0000387192558264,0.0000381914396712,0.0000333852112817,0.0000291341348202,0.0000282201945083,0.0000233618593484,0.0000145705907926,0.0000105227263703,0.00000762103081797,0.0000062583280851,0.00000449706794825,0.00000451247979072,0.0000044038388296,0.00000304989498545,0.00000220771539716,0.00000185061639968,0.00000116454737054,8.3584609456e-7,5.83507301144e-7,3.37147213259e-7,3.45390731127e-7,3.33479022174e-7,2.15668109149e-7,2.56086369887e-8,1.9357647929e-8,1.73748819776e-8],"dmean2":[0.00426466017962,0.00170204299502,0.000470062514069,0.000505058094859,0.000457682268461,0.000360269390512,0.000366989872418,0.00026335689472,0.000149090541527,0.000213432795135,0.000101770659967,0.000105779879959,0.0000757518428145,0.0000634027674096,0.0000643920211587,0.0000633600793662,0.0000549349424546,0.0000487117686134,0.0000469431142847,0.0000392099864257,0.0000242209753196,0.0000174262222572,0.0000124039424918,0.0000101482310129,0.00000726676807972,0.0000076054911915,0.00000731980662749,0.00000482131872559,0.00000351371818397,0.0000028570741506,0.00000178707011855,0.00000124678911106,8.6581803771e-7,4.80727408103e-7,5.07831202867e-7,4.99542238686e-7,3.30090898615e-7,4.1476418744e-8,3.1829820557e-8,2.84959966734e-8],"dvar":[0.0000228873504966,0.00000222654830395,2.22211838263e-7,2.86564556973e-7,2.8691167131e-7,5.51227174128e-7,8.89356272182e-7,2.06789763979e-7,7.83216833611e-8,2.1109735826e-7,2.29904131288e-8,2.64929926885e-8,8.89385276537e-9,4.4622936457e-9,5.94944582488e-9,5.25446441912e-9,3.45839201721e-9,2.13778617031e-9,2.01288252732e-9,1.44539391567e-9,5.95656801661e-10,4.03545530325e-10,2.13083661826e-10,1.52551055121e-10,9.01074492798e-11,1.61472557547e-10,1.02756143872e-10,1.80381473647e-10,9.19954182277e-11,3.69785209398e-11,1.0205056418e-11,3.29991654661e-12,1.4440808575e-12,4.52943075841e-13,4.35552310364e-13,4.45033305997e-13,8.2137926018e-13,2.24199753204e-15,1.47563102637e-15,1.15599795564e-15],"dvar2":[0.0000575776975893,0.0000062033273025,6.05287425515e-7,7.37389598271e-7,7.40049756587e-7,0.00000133684977754,0.0000024552814466,5.47484830804e-7,1.96079142256e-7,5.846015938e-7,5.58988304533e-8,7.43596473285e-8,2.30629417786e-8,1.17581624437e-8,1.64827369531e-8,1.39924258846e-8,8.59212434534e-9,5.82235104574e-9,5.40977262986e-9,4.01392652449e-9,1.60301449892e-9,1.071470912e-9,5.34587984991e-10,3.75271563824e-10,2.13497788892e-10,4.3948308881e-10,2.66084460021e-10,4.88870444126e-10,2.78311179658e-10,8.37025865286e-11,2.37370331724e-11,7.59842449377e-12,3.40410620699e-12,9.92168261611e-13,9.61511686243e-13,9.6512869311e-13,1.89051660611e-12,5.53867178561e-15,3.72309816779e-15,2.91240039287e-15],"max":[0.191286042333,0.0245247595012,0.0185798294842,0.0119941057637,0.0157888159156,0.0298180542886,0.0265800822526,0.0140925990418,0.00831356551498,0.0121272057295,0.00429420918226,0.0053139384836,0.00245597353205,0.00240785744973,0.00225412240252,0.00197651935741,0.00229914719239,0.000960035482422,0.000915057549719,0.000712159380782,0.00052580999909,0.000680115714204,0.000413264759118,0.000403337995522,0.000219300520257,0.000342052284395,0.000370639871107,0.00111137947533,0.000754909066018,0.000195618995349,0.000120646429423,0.0000856854167068,0.0000472957399325,0.000025871424441,0.00000869203631737,0.00000863558307174,0.0000650956353638,0.00000148457468185,0.00000124119139855,0.00000107745404421],"mean":[0.0031993908342,0.00139056751505,0.000457022106275,0.000559259147849,0.000468953890959,0.000372003531083,0.000329681090079,0.000235711660935,0.000139401803608,0.000197639441467,0.00009368389874,0.000096515948826,0.0000745115248719,0.0000652115413686,0.0000671533198329,0.0000670211738907,0.0000582722095714,0.0000548872121726,0.0000569118965359,0.0000465440607513,0.0000289347844955,0.0000198137968255,0.0000141118152897,0.0000113727110147,0.00000823151185614,0.00000727118140276,0.00000694708114679,0.00000545492548554,0.00000394267999582,0.00000331806950271,0.00000216900730265,0.00000146041782045,9.27491726088e-7,5.61307217595e-7,4.4435722657e-7,3.87193040297e-7,2.24771213198e-7,2.82091612291e-8,2.06102068745e-8,1.87786515227e-8],"median":[0.00130219419952,0.000786479155067,0.000285094691208,0.000266995892162,0.000195393295144,0.000116004317533,0.0000780911723268,0.0000677515781717,0.0000486089702463,0.0000458554641227,0.0000371946880477,0.0000388981861761,0.000036126915802,0.0000365788000636,0.0000377656178898,0.000037236528442,0.0000351719099854,0.000034976459574,0.0000363842700608,0.0000294765341096,0.0000171495285031,0.00000882979838934,0.00000485274404127,0.00000319517130265,0.00000210984399018,0.00000200909266823,0.00000154627252869,0.0000011188398048,8.83003394847e-7,6.43861881144e-7,4.66359892926e-7,3.44391338558e-7,2.22521279625e-7,1.40027822226e-7,9.68899271925e-8,5.89670960949e-8,2.74040417025e-8,9.387701283e-9,6.34916785813e-9,5.98342575486e-9],"min":[6.32294261412e-24,2.37004108187e-23,2.05733898562e-23,1.33098094987e-23,7.86909026683e-24,8.07424143384e-24,1.52172025924e-23,1.19037012228e-23,7.00065222894e-24,6.16317067068e-24,1.30330029403e-23,1.20885778757e-23,9.78280686947e-24,1.64619051939e-23,1.50954498002e-23,4.55420760181e-24,5.13198076728e-24,5.31023690502e-24,5.67880613057e-24,1.9903968803e-23,2.02610861348e-23,1.40486755552e-23,2.02591045162e-23,1.24436047261e-23,7.63028550474e-24,6.07007916741e-24,1.37419364586e-23,1.7543319899e-23,1.02017716851e-23,6.55711912928e-24,9.42415283663e-24,7.76360220886e-24,8.18799990954e-24,1.0666003706e-23,8.33211690832e-24,6.369703922e-24,1.09572740292e-23,1.20513215528e-23,1.10097238131e-23,9.75095029953e-24],"var":[0.0000309237402689,0.00000313740042657,3.52418055627e-7,7.10819278993e-7,6.81594599428e-7,0.00000123524398532,0.00000153834480443,3.70173353303e-7,1.33247255008e-7,4.2515952714e-7,3.90327556943e-8,4.38519371926e-8,1.60543329741e-8,8.72888961112e-9,1.12174980416e-8,1.04252624311e-8,6.63118981947e-9,4.68527705522e-9,4.9004174052e-9,3.28288107809e-9,1.45963940934e-9,9.40646782688e-10,5.51685697125e-10,3.85009440995e-10,2.28734906016e-10,2.19077728181e-10,2.14292084078e-10,2.96712043824e-10,1.33512048639e-10,9.66953392356e-11,3.415082106e-11,1.0273009006e-11,3.44053431578e-12,1.29657504351e-12,6.74546302062e-13,6.17671061867e-13,8.21505407103e-13,2.62256223547e-15,1.62158983801e-15,1.29203377631e-15]},"melbands_crest":{"dmean":4.947722435,"dmean2":8.25043296814,"dvar":17.4447059631,"dvar2":45.3027000427,"max":37.9762039185,"mean":16.1305732727,"median":15.082611084,"min":2.1046204567,"var":39.210811615},"melbands_flatness_db":{"dmean":0.0367494225502,"dmean2":0.0596834570169,"dvar":0.00121740670875,"dvar2":0.00315748085268,"max":0.728830993176,"mean":0.245542943478,"median":0.22943367064,"min":0.00671998970211,"var":0.0067424881272},"melbands_kurtosis":{"dmean":8.0096540451,"dmean2":13.4831981659,"dvar":392.210479736,"dvar2":1111.72241211,"max":734.091308594,"mean":12.6517744064,"median":5.20591640472,"min":-1.8337277174,"var":727.495117188},"melbands_skewness":{"dmean":0.817190110683,"dmean2":1.33848559856,"dvar":0.801433265209,"dvar2":2.1492831707,"max":18.5794086456,"mean":2.40147638321,"median":2.10720014572,"min":-1.59800541401,"var":2.31323695183},"melbands_spread":{"dmean":6.74098300934,"dmean2":10.9871120453,"dvar":66.5975418091,"dvar2":160.743988037,"max":163.056167603,"mean":21.1577701569,"median":19.2199249268,"min":0.131966888905,"var":209.287902832},"mfcc":{"cov":[[16997.0273438,1053.13806152,-3163.26000977,441.477661133,-879.608947754,531.594787598,-609.487731934,204.158294678,-250.680969238,396.212249756,-49.6305389404,212.925384521,91.6000061035],[1053.13806152,1108.69494629,-211.887573242,-166.138153076,27.0059165955,-87.5816040039,-51.1316223145,-76.1805114746,30.9312572479,-61.8404502869,-16.1178627014,-26.6996002197,27.4874801636],[-3163.26000977,-211.887573242,1147.74768066,-37.5116767883,245.199142456,-69.0984649658,128.577575684,-2.30546450615,24.3944225311,-64.8903808594,-6.63548088074,-24.7805137634,-33.7160110474],[441.477661133,-166.138153076,-37.5116767883,379.911560059,-71.5174942017,94.475440979,15.1668081284,37.1059761047,-31.8988380432,29.2405033112,2.18107414246,3.91876339912,-13.9575738907],[-879.608947754,27.0059165955,245.199142456,-71.5174942017,294.600891113,21.8306713104,61.5806083679,-20.9431991577,20.9849586487,-32.7806053162,-0.611799478531,-18.5473861694,5.45097160339],[531.594787598,-87.5816040039,-69.0984649658,94.475440979,21.8306713104,234.687850952,-5.68051767349,69.1373901367,-30.5716381073,38.6881523132,-19.9535121918,25.3860244751,4.69830703735],[-609.487731934,-51.1316223145,128.577575684,15.1668081284,61.5806083679,-5.68051767349,142.34312439,10.6675386429,37.7708816528,-21.2834148407,18.4907417297,-16.5425720215,-7.76535654068],[204.158294678,-76.1805114746,-2.30546450615,37.1059761047,-20.9431991577,69.1373901367,10.6675386429,120.846168518,2.40601849556,49.8116607666,5.18956279755,22.8203010559,-17.3223590851],[-250.680969238,30.9312572479,24.3944225311,-31.8988380432,20.9849586487,-30.5716381073,37.7708816528,2.40601849556,81.070930481,6.65922451019,23.5107307434,-5.41329622269,-1.71963346004],[396.212249756,-61.8404502869,-64.8903808594,29.2405033112,-32.7806053162,38.6881523132,-21.2834148407,49.8116607666,6.65922451019,96.6355285645,26.7759780884,26.4274082184,-6.85274553299],[-49.6305389404,-16.1178627014,-6.63548088074,2.18107414246,-0.611799478531,-19.9535121918,18.4907417297,5.18956279755,23.5107307434,26.7759780884,69.6392288208,23.2013282776,1.915807724],[212.925384521,-26.6996002197,-24.7805137634,3.91876339912,-18.5473861694,25.3860244751,-16.5425720215,22.8203010559,-5.41329622269,26.4274082184,23.2013282776,60.565032959,17.0359172821],[91.6000061035,27.4874801636,-33.7160110474,-13.9575738907,5.45097160339,4.69830703735,-7.76535654068,-17.3223590851,-1.71963346004,-6.85274553299,1.915807724,17.0359172821,55.6291694641]],"icov":[[0.000169224993442,-0.000151756597916,0.000361758138752,-0.000127158724354,0.0000879565996001,-0.000131462627905,0.000148272694787,-0.0000731508553145,0.00023872157908,-0.000354638847057,0.000194896987523,-0.000259883207036,0.0000206597687793],[-0.000151756597916,0.00124443729874,-0.0000550239128643,0.000399858108722,-0.000312703778036,0.000308986724121,0.000342231156537,0.000154512643348,-0.000754940963816,0.000966870109551,-0.000120821947348,0.000468465674203,-0.000241142566665],[0.000361758138752,-0.0000550239128643,0.00207089749165,-0.000356146891136,-0.000892277166713,0.000448168459116,-0.000273649144219,-0.000506993732415,0.00059875153238,-0.000220753747271,0.000946363492403,-0.00120194419287,0.000777609064244],[-0.000127158724354,0.000399858108722,-0.000356146891136,0.00357468775474,0.00106609973591,-0.00139927479904,-0.000996720977128,0.000329759524902,0.00100254244171,-0.0000997947281576,-0.000997302820906,0.00117588450667,0.000363056518836],[0.0000879565996001,-0.000312703778036,-0.000892277166713,0.00106609973591,0.00531105138361,-0.00213684700429,-0.00120165129192,0.00118461612146,-0.000271333905403,0.000135224312544,-0.000842778361402,0.00132264953572,-0.000770187005401],[-0.000131462627905,0.000308986724121,0.000448168459116,-0.00139927479904,-0.00213684700429,0.00739587051794,-0.00056690297788,-0.00309247546829,0.00147459458094,-0.00124720006716,0.00327544473112,-0.00216007954441,-0.0010323690949],[0.000148272694787,0.000342231156537,-0.000273649144219,-0.000996720977128,-0.00120165129192,-0.00056690297788,0.0113414917141,-0.00260359165259,-0.00407168921083,0.0038955679629,-0.00393741438165,0.00307136191987,-0.000342079641996],[-0.0000731508553145,0.000154512643348,-0.000506993732415,0.000329759524902,0.00118461612146,-0.00309247546829,-0.00260359165259,0.0141869299114,-0.00113442295697,-0.00539846066386,0.00243532191962,-0.00425642123446,0.00453842850402],[0.00023872157908,-0.000754940963816,0.00059875153238,0.00100254244171,-0.000271333905403,0.00147459458094,-0.00407168921083,-0.00113442295697,0.0176548603922,-0.00319469999522,-0.00387380481698,0.00231699482538,-0.000849126605317],[-0.000354638847057,0.000966870109551,-0.000220753747271,-0.0000997947281576,0.000135224312544,-0.00124720006716,0.0038955679629,-0.00539846066386,-0.00319469999522,0.0190851520747,-0.00694444170222,-0.00119666068349,0.00176011433359],[0.000194896987523,-0.000120821947348,0.000946363492403,-0.000997302820906,-0.000842778361402,0.00327544473112,-0.00393741438165,0.00243532191962,-0.00387380481698,-0.00694444170222,0.0239343754947,-0.0108452886343,0.00159856723621],[-0.000259883207036,0.000468465674203,-0.00120194419287,0.00117588450667,0.00132264953572,-0.00216007954441,0.00307136191987,-0.00425642123446,0.00231699482538,-0.00119666068349,-0.0108452886343,0.0283640697598,-0.00946935638785],[0.0000206597687793,-0.000241142566665,0.000777609064244,0.000363056518836,-0.000770187005401,-0.0010323690949,-0.000342079641996,0.00453842850402,-0.000849126605317,0.00176011433359,0.00159856723621,-0.00946935638785,0.0231872573495]],"mean":[-701.368286133,158.669235229,-20.7918109894,32.1189498901,4.30794906616,21.4979877472,-3.6356241703,6.07997703552,1.07598781586,5.74481630325,-2.10721111298,1.87258839607,2.12874054909]},"pitch_salience":{"dmean":0.0827229768038,"dmean2":0.137418791652,"dvar":0.0048593301326,"dvar2":0.0130850318819,"max":0.820346772671,"mean":0.557349205017,"median":0.571051180363,"min":0.139733731747,"var":0.0117570180446},"silence_rate_20dB":{"dmean":0.0000986582454061,"dmean2":0.000197326226044,"dvar":0.0000986458035186,"dvar2":0.000197276458493,"max":1,"mean":0.999802708626,"median":1,"min":0,"var":0.000197256988031},"silence_rate_30dB":{"dmean":0.0327545367181,"dmean2":0.0655123069882,"dvar":0.0316863395274,"dvar2":0.0750273093581,"max":1,"mean":0.95659250021,"median":1,"min":0,"var":0.0415250957012},"silence_rate_60dB":{"dmean":0.0159826353192,"dmean2":0.0319668501616,"dvar":0.015720250085,"dvar2":0.0390452221036,"max":1,"mean":0.126769602299,"median":0,"min":0,"var":0.110724076629},"spectral_centroid":{"dmean":221.785171509,"dmean2":348.535430908,"dvar":64044.078125,"dvar2":138550.40625,"max":11070.5244141,"mean":1187.87329102,"median":1102.58276367,"min":103.959022522,"var":394287.40625},"spectral_complexity":{"dmean":3.37312555313,"dmean2":5.14459085464,"dvar":14.4913854599,"dvar2":28.6941623688,"max":63,"mean":20.9924526215,"median":23,"min":0,"var":192.360015869},"spectral_contrast_coeffs":{"dmean":[0.053176086396,0.048344746232,0.0352727249265,0.0263256561011,0.0202924739569,0.0462976917624],"dmean2":[0.0883925780654,0.0813778564334,0.0597481690347,0.0444843433797,0.0337994620204,0.0707065537572],"dvar":[0.0016884378856,0.00150878238492,0.000824621936772,0.000427563645644,0.000292323587928,0.00175137794577],"dvar2":[0.00465877726674,0.00420798407868,0.00230393605307,0.00120637391228,0.000768795551267,0.00397625239566],"max":[-0.385169297457,-0.445221155882,-0.481118440628,-0.628847360611,-0.554190993309,-0.395927637815],"mean":[-0.702756762505,-0.776653826237,-0.819927036762,-0.826522529125,-0.822263777256,-0.733816981316],"median":[-0.706863999367,-0.783410072327,-0.823744297028,-0.819606125355,-0.813060164452,-0.737899065018],"min":[-0.962663650513,-0.962741851807,-0.97582244873,-0.991045415401,-0.982260882854,-0.958180606365],"var":[0.0054704383947,0.00543522136286,0.00369864981622,0.00256438972428,0.00253214035183,0.00829449202865]},"spectral_contrast_valleys":{"dmean":[0.416389733553,0.380402714014,0.34387037158,0.29633140564,0.340364128351,0.597050607204],"dmean2":[0.675157189369,0.623696506023,0.549936711788,0.472352653742,0.514090180397,0.946864545345],"dvar":[0.114389047027,0.113607235253,0.115274019539,0.119108900428,0.157129898667,0.260570406914],"dvar2":[0.279170393944,0.291426450014,0.282351702452,0.28766053915,0.360256671906,0.639603674412],"max":[-4.90159845352,-4.42883825302,-5.02161884308,-5.48944759369,-5.62331104279,-8.6791973114],"mean":[-7.13563919067,-6.88936948776,-7.26756334305,-7.43152141571,-7.97034072876,-11.5351257324],"median":[-6.80766820908,-6.51682090759,-6.8190946579,-6.78206634521,-7.61729335785,-11.3288183212],"min":[-27.3442077637,-27.2135295868,-27.3286628723,-27.2863140106,-27.3655662537,-27.2354240417],"var":[1.58551716805,1.77197504044,1.97463524342,2.37286615372,2.19349598885,1.55675578117]},"spectral_decrease":{"dmean":3.32744454212e-9,"dmean2":5.27609378409e-9,"dvar":2.40807066304e-17,"dvar2":5.94236692065e-17,"max":6.43482023222e-9,"mean":-5.65600632996e-9,"median":-3.44986883505e-9,"min":-1.69098171909e-7,"var":4.98856050731e-17},"spectral_energy":{"dmean":0.0136165013537,"dmean2":0.0208334214985,"dvar":0.000385362422094,"dvar2":0.000913391064387,"max":0.698974967003,"mean":0.037812884897,"median":0.0302218552679,"min":1.08170731821e-20,"var":0.00130395719316},"spectral_energyband_high":{"dmean":0.000290941883577,"dmean2":0.000414269423345,"dvar":3.170236198e-7,"dvar2":7.27179781279e-7,"max":0.0303627904505,"mean":0.000981252756901,"median":0.000546710682102,"min":7.64300184156e-21,"var":0.00000224467771659},"spectral_energyband_low":{"dmean":0.00968600064516,"dmean2":0.0157219730318,"dvar":0.000267636816716,"dvar2":0.000672703667078,"max":0.615940093994,"mean":0.0140069872141,"median":0.00737733300775,"min":9.66717484912e-23,"var":0.000403460639063},"spectral_energyband_middle_high":{"dmean":0.0015812482452,"dmean2":0.00242174649611,"dvar":0.00000552735809833,"dvar2":0.0000128443543872,"max":0.0629224702716,"mean":0.00518190534785,"median":0.0039524375461,"min":1.80861122425e-21,"var":0.0000284551188088},"spectral_energyband_middle_low":{"dmean":0.00376611109823,"dmean2":0.00603969115764,"dvar":0.000045818687795,"dvar2":0.000119987373182,"max":0.142618566751,"mean":0.0091685410589,"median":0.00554200354964,"min":3.26315456267e-22,"var":0.000144175472087},"spectral_entropy":{"dmean":0.194022729993,"dmean2":0.301633059978,"dvar":0.0733075812459,"dvar2":0.189278021455,"max":9.79110336304,"mean":7.48048686981,"median":7.60987758636,"min":3.61228871346,"var":0.284817218781},"spectral_flux":{"dmean":0.0237509626895,"dmean2":0.0382793061435,"dvar":0.000755057495553,"dvar2":0.00173900800291,"max":0.460689455271,"mean":0.10452902317,"median":0.106263242662,"min":1.04005158652e-10,"var":0.00360085861757},"spectral_kurtosis":{"dmean":5.35518455505,"dmean2":8.09493350983,"dvar":47.5580711365,"dvar2":117.427848816,"max":145.825836182,"mean":20.7743701935,"median":18.8821964264,"min":-1.17468965054,"var":90.5979537964},"spectral_rms":{"dmean":0.000965975457802,"dmean2":0.00143829209264,"dvar":0.00000114130443762,"dvar2":0.00000254433621194,"max":0.0261137280613,"mean":0.00531921442598,"median":0.00542998500168,"min":3.24857545378e-12,"var":0.00000859674491949},"spectral_rolloff":{"dmean":4814.40039062,"dmean2":9230.39160156,"dvar":59932764,"dvar2":146890656,"max":22050,"mean":17124.7441406,"median":21360.9375,"min":43.06640625,"var":63479108},"spectral_skewness":{"dmean":0.450374335051,"dmean2":0.676139295101,"dvar":0.27996763587,"dvar2":0.680865228176,"max":10.1030225754,"mean":3.09409594536,"median":2.99113130569,"min":0.0217321496457,"var":0.722763121128},"spectral_spread":{"dmean":487771.375,"dmean2":749423.0625,"dvar":330351738880,"dvar2":738098610176,"max":39498872,"mean":3885045.75,"median":3753609.5,"min":1235673,"var":823476224000},"spectral_strongpeak":{"dmean":4.47396564484,"dmean2":8.34711265564,"dvar":189.490249634,"dvar2":502.094482422,"max":176.030700684,"mean":3.65244913101,"median":0.176146119833,"min":0,"var":170.412277222},"zerocrossingrate":{"dmean":0.0449231751263,"dmean2":0.0581211969256,"dvar":0.00142348813824,"dvar2":0.00244521372952,"max":0.791015625,"mean":0.319713115692,"median":0.3125,"min":0.01708984375,"var":0.00817091390491}},"metadata":{"audio_properties":{"analysis_sample_rate":44100,"bit_rate":214304,"codec":"mp3","downmix":"mix","equal_loudness":0,"length":470.700408936,"lossless":false,"md5_encoded":"dc8e9f0095f73d894f21180b43e15ead","replay_gain":-3.85279464722,"sample_rate":44100},"tags":{"album":["Ram It Down"],"albumartist":["Judas Priest"],"albumartistsort":["Judas Priest"],"artist":["Judas Priest"],"artists":["Judas Priest"],"artistsort":["Judas Priest"],"asin":["B0000026JV"],"barcode":["5099746110826"],"catalognumber":["461108 2"],"date":["1988-05-17"],"file_name":"06 - Blood Red Skies.mp3","label":["CBS"],"language":["eng"],"media":["CD"],"musicbrainz album release country":["GB"],"musicbrainz album status":["official"],"musicbrainz album type":["album"],"musicbrainz release track id":["c5537165-0368-3f2b-bb10-065256959ba5"],"musicbrainz_albumartistid":["6b335658-22c8-485d-93de-0bc29a1d0349"],"musicbrainz_albumid":["ce50244b-178a-400f-89e5-74e2ae3c338d"],"musicbrainz_artistid":["6b335658-22c8-485d-93de-0bc29a1d0349"],"musicbrainz_recordingid":["ca87a0cf-5226-4f48-ae05-c27772383b1e"],"musicbrainz_releasegroupid":["8f9f2743-6299-3d1a-9191-b42ac1f279e2"],"musicbrainz_workid":["78d5f1be-a46d-341c-a8d4-712667d3e5ee"],"originaldate":["1988"],"performer:drumset":["David Holland"],"performer:electric bass guitar":["Ian Hill"],"performer:electric guitar":["Glenn Tipton","Kenneth Downing"],"performer:lead vocals":["Rob Halford"],"script":["Latn"],"title":["Blood Red Skies"],"tracknumber":["6/10"],"work":["Blood Red Skies"],"writer":["Glenn Tipton","Rob Halford","Kenneth Downing"]},"version":{"essentia":"2.1-beta1","essentia_build_sha":"ca57ba49d9b1854bd80e60cf9ccf267278fb7d6b","essentia_git_sha":"v2.1_beta1-28-g21ef5f4-dirty","extractor":"music 1.0"}},"rhythm":{"beats_count":784,"beats_loudness":{"dmean":0.0198009721935,"dmean2":0.0340674482286,"dvar":0.0