{"lowlevel":{"average_loudness":0.906278848648,"barkbands":{"dmean":[0.00212615053169,0.00721467239782,0.00359412981197,0.00240131583996,0.00398053508252,0.0015096492134,0.000916007556953,0.000374516879674,0.000482058909256,0.000495974672958,0.000371426780475,0.000809019489679,0.000842252338771,0.00038738452713,0.00042024924187,0.000206047290703,0.000124581842101,0.000137151509989,0.000192716004676,0.000192868392332,0.000153383240104,0.000116940987937,0.0000624071981292,0.00000848322906677,0.00000259760827248,0.0000396282484871,0.000384568469599],"dmean2":[0.00380502082407,0.0122054507956,0.00612398376688,0.0040911375545,0.0065819369629,0.0024786950089,0.00149821804371,0.000618612917606,0.000793012382928,0.000797604268882,0.000613852171227,0.0013403337216,0.00140366144478,0.000644254439976,0.000707327912096,0.000345043401467,0.000207547913305,0.000223033712246,0.000301413994748,0.000291038886644,0.000222159680561,0.000168494239915,0.0000883505490492,0.0000131798706207,0.0000043322570491,0.0000565521149838,0.000591668765992],"dvar":[0.000014038374502,0.000111654371722,0.0000317639569403,0.0000159712344612,0.0000323098392983,0.00000919736339711,0.0000063933725869,6.59606826048e-7,0.000001120372076,9.86188069874e-7,5.44937620361e-7,0.00000196918017537,0.00000151516212554,3.43719278817e-7,3.72573538243e-7,8.47743208965e-8,3.24567039911e-8,5.31133714787e-8,1.7408062547e-7,1.32350024273e-7,9.1490605314e-8,6.25405860433e-8,1.46810297252e-8,2.23116261577e-10,1.72254762537e-11,5.77737058194e-9,1.9472847157e-7],"dvar2":[0.0000387556101487,0.000303942797473,0.0000850500582601,0.0000414540263591,0.0000854726458783,0.0000236866708292,0.0000179018770723,0.00000164358493748,0.00000274053991234,0.00000227240570894,0.00000138257973958,0.00000510310792379,0.00000398372458221,8.35250773434e-7,9.79631408882e-7,2.21390038746e-7,8.45601562105e-8,1.30193427594e-7,4.05535928394e-7,2.8330390478e-7,1.96280467435e-7,1.35389882416e-7,2.92684241288e-8,5.05708808163e-10,4.30503445392e-11,1.17708216507e-8,4.3583884235e-7],"max":[0.0678479373455,0.243632644415,0.137986853719,0.100103497505,0.13782402873,0.0566211044788,0.0682469382882,0.0202158410102,0.0396449416876,0.0266003739089,0.0145461130887,0.0446830205619,0.0250575877726,0.0185113791376,0.0171775743365,0.00741074793041,0.00520397676155,0.00527086295187,0.0134295690805,0.0102020306513,0.00878940057009,0.00601877365261,0.00162969727535,0.00021226874378,0.0000564186193515,0.000971140223555,0.0104177622125],"mean":[0.00199194881134,0.00980355311185,0.00446189055219,0.00302897323854,0.00694673741236,0.0022348947823,0.00129376386758,0.000535647908691,0.000696394650731,0.000757042958867,0.000506407464854,0.00137604877818,0.00145783519838,0.000661816156935,0.000821169815026,0.000383777165553,0.000234259816352,0.000253331178101,0.000357022043318,0.000401800236432,0.000336216151481,0.000213592473301,0.0000999896801659,0.0000115116818051,0.00000281041548078,0.0000655447947793,0.00142067682464],"median":[0.000909514084924,0.00631731329486,0.00254095951095,0.00157127087004,0.00430557969958,0.00109565607272,0.000462946336484,0.000231645273743,0.000351707392838,0.000344885484083,0.000258028012468,0.0008333978476,0.00101230002474,0.000461397896288,0.000608742178883,0.000279628875433,0.000173226828338,0.000161057716468,0.000188221762073,0.00021908619965,0.000190331891645,0.0000832706282381,0.0000333908719767,0.00000493290644954,0.00000126927022848,0.0000255425857176,0.00132290343754],"min":[9.481380751e-24,2.31617545045e-23,4.33918778488e-23,1.88237295006e-23,5.33865151705e-23,8.47407321707e-23,7.23388794858e-23,6.44608419586e-24,5.8174686295e-23,7.48437337409e-23,7.48609750849e-23,8.32939675814e-23,9.4770013108e-23,2.11289842762e-22,1.5317954645e-22,1.41561127307e-22,3.80983617973e-22,1.73739483072e-22,2.32780635253e-22,1.7527493456e-22,4.60203226264e-22,6.58969870601e-22,5.28976599608e-22,8.13846061221e-22,1.22116112415e-21,2.00509953732e-21,2.1600607987e-21],"var":[0.0000118501220641,0.000135930560646,0.0000373195944121,0.0000237543554249,0.0000699320517015,0.0000150889381985,0.00000957107295108,0.00000110224448235,0.00000161835475865,0.00000194069116333,7.57896486903e-7,0.00000395556844524,0.00000285414193968,6.89923183472e-7,7.87995077189e-7,1.59839856906e-7,5.69025324637e-8,9.57166577109e-8,3.58633485575e-7,3.64778543371e-7,2.39622778508e-7,1.30773258888e-7,2.75921276938e-8,3.22451731982e-10,1.84730408054e-11,1.00764721012e-8,9.54414531407e-7]},"barkbands_crest":{"dmean":2.80497407913,"dmean2":4.70804929733,"dvar":5.73976182938,"dvar2":15.6148862839,"max":26.1595020294,"mean":9.54297924042,"median":8.77043151855,"min":2.32244896889,"var":15.8457794189},"barkbands_flatness_db":{"dmean":0.0222393870354,"dmean2":0.0352558121085,"dvar":0.000381421967177,"dvar2":0.000971940287855,"max":0.43210208416,"mean":0.120403446257,"median":0.108566842973,"min":0.034992672503,"var":0.00290218857117},"barkbands_kurtosis":{"dmean":4.16021966934,"dmean2":6.76875352859,"dvar":95.0832443237,"dvar2":268.574523926,"max":442.540313721,"mean":8.29207134247,"median":2.9233250618,"min":-1.74177277088,"var":462.829803467},"barkbands_skewness":{"dmean":0.580431163311,"dmean2":0.926988303661,"dvar":0.330899864435,"dvar2":0.852891862392,"max":17.366771698,"mean":2.10993695259,"median":1.80659592152,"min":-1.75643658638,"var":2.10002374649},"barkbands_spread":{"dmean":8.3213224411,"dmean2":13.163649559,"dvar":59.966091156,"dvar2":141.35168457,"max":105.082244873,"mean":36.0076522827,"median":35.5081748962,"min":0.52308344841,"var":314.012054443},"dissonance":{"dmean":0.0125098386779,"dmean2":0.0212860871106,"dvar":0.000172714106156,"dvar2":0.000477806315757,"max":0.500000059605,"mean":0.478622883558,"median":0.483617216349,"min":0.271057367325,"var":0.000363493920304},"dynamic_complexity":3.97686338425,"erbbands":{"dmean":[0.235462829471,1.63272702694,4.09908056259,5.78320980072,12.6285486221,13.3905363083,11.4836130142,13.6394443512,13.8032960892,10.9737892151,7.49612283707,10.9071531296,12.7907381058,15.3545351028,17.2384700775,34.3340835571,38.840927124,19.0233154297,24.9200019836,14.2135620117,9.03707408905,6.4929265976,7.26398181915,8.48213577271,10.170958519,8.8471622467,6.89702701569,5.68782949448,4.4833946228,2.81795883179,1.61615455151,0.437872260809,0.049460042268,0.0288834888488,0.0187397003174,0.0132969878614,0.0798492878675,0.090874068439,0.0319484360516,0.00804504659027],"dmean2":[0.403360754251,2.76106476784,6.95333719254,9.74241065979,21.1595973969,22.443977356,19.0877189636,22.4726924896,22.5106391907,17.7712345123,12.3567028046,17.9454746246,20.5878639221,24.7226676941,28.1141090393,56.9008255005,64.5057907104,31.8155632019,41.6318016052,23.697429657,14.966960907,10.7365951538,11.826830864,13.468079567,15.7705850601,13.2942085266,10.1684293747,8.28526687622,6.47648239136,4.05933237076,2.28865766525,0.634535551071,0.0801678150892,0.048194989562,0.0311618112028,0.0213149879128,0.112651459873,0.124876610935,0.0446679182351,0.0125566693023],"dvar":[0.149293467402,5.34636354446,36.4062843323,96.3114013672,374.140655518,452.044128418,475.315795898,911.477844238,1628.09375,649.430969238,275.838531494,570.05859375,820.803588867,996.890625,1088.04589844,3452.45727539,3386.2434082,729.172973633,1415.22338867,384.626281738,155.501358032,93.3494720459,135.322860718,261.24420166,500.454711914,275.730377197,167.064025879,138.246459961,98.623008728,30.3690853119,9.90059185028,0.695201516151,0.00538695883006,0.00216862373054,0.000873154960573,0.000342988641933,0.023192897439,0.0298118256032,0.00274644722231,0.0000766002121964],"dvar2":[0.418777257204,14.349319458,97.8514328003,250.082931519,994.487609863,1224.30908203,1251.10070801,2387.50634766,4421.57128906,1636.3762207,693.221618652,1449.41345215,1884.14245605,2290.39233398,2746.73657227,8965.52636719,8805.65625,1892.52124023,3554.9152832,1012.94818115,400.853912354,238.142288208,333.338043213,596.620361328,1152.81872559,591.997009277,363.649841309,289.153045654,216.420059204,63.4708976746,19.5983829498,1.43896758556,0.0130596421659,0.0054191914387,0.00218098075129,0.000822940433864,0.0463470928371,0.0586122907698,0.00524436263368,0.00018077986897],"max":[8.31437492371,48.2262382507,111.538383484,253.956069946,499.896820068,413.063812256,514.4453125,633.190734863,1171.79821777,668.86328125,484.450286865,642.803771973,1102.26953125,729.838684082,882.963867188,2301.89990234,1376.25292969,613.201599121,1030.15576172,438.36541748,252.830383301,294.059661865,267.046234131,534.619018555,625.14239502,492.369598389,364.874511719,279.823028564,247.6665802,117.983551025,46.8234519958,18.9106712341,1.22166061401,0.662113249302,0.390604823828,0.232587113976,2.02238059044,3.10192751884,1.82770609856,0.23606197536],"mean":[0.27978476882,2.17743372917,5.38586950302,8.00263404846,20.3442230225,20.6441631317,17.1468429565,19.5251216888,19.5280780792,16.221452713,11.6445808411,15.8316488266,19.6744060516,24.1766796112,28.0173835754,60.6310539246,70.1584854126,36.5277481079,48.4888267517,30.6359233856,18.5425510406,13.3212118149,14.1431760788,15.7232351303,19.6223735809,18.52617836,15.4119901657,11.76329422,8.06914138794,4.90295743942,2.54894208908,0.655673146248,0.0632281750441,0.0316683277488,0.0208882763982,0.018475830555,0.131756857038,0.190684854984,0.0959051474929,0.0386968813837],"median":[0.162079468369,1.31802403927,3.24639177322,4.66943788528,11.0196275711,12.0979204178,9.48746871948,9.01151371002,7.1184258461,6.49657821655,5.76459932327,8.1786403656,9.63682460785,12.0457859039,17.0000324249,38.5456314087,49.6306724548,28.4842472076,35.1210784912,23.8258571625,14.2503328323,10.085562706,9.64582252502,8.86618709564,10.2641487122,10.2436170578,9.14007663727,5.9551525116,3.15771889687,1.8223477602,0.839032113552,0.232310503721,0.0348217301071,0.0147771770135,0.00991864223033,0.0112044662237,0.0502847991884,0.0940950810909,0.0684467926621,0.0383171178401],"min":[5.22237379828e-22,6.58272552902e-21,3.10764292124e-20,8.45944687761e-20,1.5206513565e-19,1.39926247236e-19,2.33174976848e-19,9.06631103594e-19,1.47710862075e-18,2.67429740936e-19,9.86868411418e-20,7.87010292164e-19,3.6310031838e-18,1.38986308981e-18,3.56837692603e-18,2.95615263734e-18,4.01229001921e-18,9.27466004785e-18,1.24655299403e-17,7.15844749081e-18,7.32711788952e-18,1.94663871167e-17,1.20692417709e-17,1.22461699137e-17,1.07632567597e-17,7.85639519473e-18,1.51892760516e-17,1.79924157852e-17,1.9884310195e-17,2.1034776152e-17,1.71403419993e-17,1.51906557888e-17,1.4514907131e-17,1.15223248391e-17,9.37325666815e-18,6.93824043122e-18,4.03420741031e-18,1.23656449862e-18,2.42370200881e-19,3.70605930369e-20],"var":[0.143294855952,7.06365919113,44.9599685669,137.537063599,839.533569336,723.879089355,655.987487793,1472.56054688,2244.16748047,1225.55236816,425.241760254,777.582519531,1362.53039551,1956.98168945,1776.07275391,6808.50390625,6617.30810547,1235.88793945,3157.6796875,821.878051758,325.540588379,175.121429443,256.917877197,544.76373291,1098.01318359,760.021240234,462.011566162,343.516876221,199.012649536,62.4197654724,18.3095855713,1.16110634804,0.00686457846314,0.00231417175382,0.000953121518251,0.000478970934637,0.04118719697,0.0723131597042,0.0118437577039,0.000461956195068]},"erbbands_crest":{"dmean":2.4383430481,"dmean2":4.05560970306,"dvar":5.34419775009,"dvar2":13.7918891907,"max":30.8695106506,"mean":7.74799394608,"median":6.88709974289,"min":2.43003940582,"var":12.4322185516},"erbbands_flatness_db":{"dmean":0.017390569672,"dmean2":0.0269580688328,"dvar":0.000236939216848,"dvar2":0.000551404315047,"max":0.377503663301,"mean":0.127146914601,"median":0.123028025031,"min":0.0357670150697,"var":0.000974159513135},"erbbands_kurtosis":{"dmean":0.855179846287,"dmean2":1.39121627808,"dvar":1.82064402103,"dvar2":4.85047864914,"max":37.6893043518,"mean":0.369548231363,"median":-0.136704921722,"min":-1.76336181164,"var":4.47846746445},"erbbands_skewness":{"dmean":0.312919795513,"dmean2":0.489990949631,"dvar":0.0892561376095,"dvar2":0.209927275777,"max":5.67648696899,"mean":-0.0541057102382,"median":-0.138895064592,"min":-3.86476874352,"var":0.527680337429},"erbbands_spread":{"dmean":8.02665519714,"dmean2":12.5734291077,"dvar":52.0035171509,"dvar2":122.771240234,"max":137.267181396,"mean":37.9442596436,"median":36.2232704163,"min":2.42832970619,"var":232.247512817},"gfcc":{"cov":[[21677.1660156,315.795654297,-1618.06152344,-313.359222412,23.0368175507,-511.444274902,419.640686035,-1237.76293945,-1.0522454977,-4.28488588333,-6.4197936058,105.631866455,-254.434463501],[315.795654297,855.34753418,81.0392227173,-246.810699463,139.333175659,-27.7644729614,-84.9904937744,32.7516822815,5.95693635941,-31.967716217,35.1356658936,-85.3009338379,114.869827271],[-1618.06152344,81.0392227173,398.388275146,121.526847839,-39.4663696289,97.388130188,-86.4278793335,149.216506958,-30.2705478668,0.618098974228,-14.9896450043,-32.9045982361,11.1644458771],[-313.359222412,-246.810699463,121.526847839,295.282684326,14.694396019,-9.51740169525,89.6278152466,-21.2928791046,-1.67419731617,-16.7925739288,-26.9467124939,33.1241073608,-76.7901763916],[23.0368175507,139.333175659,-39.4663696289,14.694396019,196.652679443,42.7486381531,27.4798431396,-19.759016037,-6.89405202866,-18.6373844147,12.3468122482,-21.2722530365,33.0712738037],[-511.444274902,-27.7644729614,97.388130188,-9.51740169525,42.7486381531,195.296188354,-34.88539505,63.1612739563,-31.9453296661,12.0993490219,-4.92590904236,-15.0094394684,27.2550144196],[419.640686035,-84.9904937744,-86.4278793335,89.6278152466,27.4798431396,-34.88539505,176.391677856,-65.5587615967,41.6669654846,-18.6115589142,-16.1550540924,39.9833717346,-55.8749656677],[-1237.76293945,32.7516822815,149.216506958,-21.2928791046,-19.759016037,63.1612739563,-65.5587615967,218.410614014,12.0898942947,23.9725532532,14.9305849075,-36.0768699646,48.8146286011],[-1.0522454977,5.95693635941,-30.2705478668,-1.67419731617,-6.89405202866,-31.9453296661,41.6669654846,12.0898942947,97.7538986206,32.4987754822,9.23944187164,16.283159256,-27.4652233124],[-4.28488588333,-31.967716217,0.618098974228,-16.7925739288,-18.6373844147,12.0993490219,-18.6115589142,23.9725532532,32.4987754822,68.8120269775,30.044462204,1.72960174084,4.31527328491],[-6.4197936058,35.1356658936,-14.9896450043,-26.9467124939,12.3468122482,-4.92590904236,-16.1550540924,14.9305849075,9.23944187164,30.044462204,53.9134178162,16.746969223,19.0057697296],[105.631866455,-85.3009338379,-32.9045982361,33.1241073608,-21.2722530365,-15.0094394684,39.9833717346,-36.0768699646,16.283159256,1.72960174084,16.746969223,70.2323913574,-7.42837619781],[-254.434463501,114.869827271,11.1644458771,-76.7901763916,33.0712738037,27.2550144196,-55.8749656677,48.8146286011,-27.4652233124,4.31527328491,19.0057697296,-7.42837619781,95.6783905029]],"icov":[[0.000105945116957,-0.000386932602851,0.000749677536078,-0.000545610266272,0.000472357380204,-0.000290424271952,0.000113776011858,0.00024942815071,0.000250646466156,-0.000374046678189,0.000125269871205,0.0000605242275924,0.000148185979924],[-0.000386932602851,0.006676110439,-0.00892360787839,0.00897131487727,-0.00591152533889,0.00450326409191,-0.00291247246787,0.00232822797261,-0.00382125424221,0.00522231217474,-0.00450172228739,0.00381010165438,-0.00307324458845],[0.000749677536078,-0.00892360787839,0.0191650949419,-0.0170406401157,0.0110201407224,-0.00904465653002,0.00698525458574,-0.00407161656767,0.00315325567499,-0.00376935768872,0.00373969483189,-0.000933815608732,0.00197799387388],[-0.000545610266272,0.00897131487727,-0.0170406401157,0.0225429367274,-0.0137320999056,0.0101065635681,-0.00742969010025,0.000987749313936,0.0017757700989,0.000296240585158,0.00141053076368,-0.0044133849442,0.00475764833391],[0.000472357380204,-0.00591152533889,0.0110201407224,-0.0137320999056,0.0179724954069,-0.00987210869789,0.00086201063823,0.00291630765423,-0.00383054325357,0.00530129903927,-0.00833100453019,0.010068683885,-0.00724028609693],[-0.000290424271952,0.00450326409191,-0.00904465653002,0.0101065635681,-0.00987210869789,0.0127942571416,-0.0026145838201,-0.00192062323913,0.00446117622778,-0.00480448408052,0.00535018369555,-0.00480342190713,0.00227025616914],[0.000113776011858,-0.00291247246787,0.00698525458574,-0.00742969010025,0.00086201063823,-0.0026145838201,0.0138002410531,-0.00159678340424,-0.00289917271584,0.00100564816967,0.00461853388697,-0.00592776574194,0.00408659223467],[0.00024942815071,0.00232822797261,-0.00407161656767,0.000987749313936,0.00291630765423,-0.00192062323913,-0.00159678340424,0.0131524018943,-0.00809719134122,0.00559529522434,-0.0091829970479,0.0112103093415,-0.00885000824928],[0.000250646466156,-0.00382125424221,0.00315325567499,0.0017757700989,-0.00383054325357,0.00446117622778,-0.00289917271584,-0.00809719134122,0.0264818109572,-0.0198995582759,0.0132065461949,-0.014458892867,0.0135561767966],[-0.000374046678189,0.00522231217474,-0.00376935768872,0.000296240585158,0.00530129903927,-0.00480448408052,0.00100564816967,0.00559529522434,-0.0198995582759,0.039229337126,-0.0274505037814,0.0170129332691,-0.0100260479376],[0.000125269871205,-0.00450172228739,0.00373969483189,0.00141053076368,-0.00833100453019,0.00535018369555,0.00461853388697,-0.0091829970479,0.0132065461949,-0.0274505037814,0.0476435869932,-0.0261209867895,0.00870842952281],[0.0000605242275924,0.00381010165438,-0.000933815608732,-0.0044133849442,0.010068683885,-0.00480342190713,-0.00592776574194,0.0112103093415,-0.014458892867,0.0170129332691,-0.0261209867895,0.039062153548,-0.015836045146],[0.000148185979924,-0.00307324458845,0.00197799387388,0.00475764833391,-0.00724028609693,0.00227025616914,0.00408659223467,-0.00885000824928,0.0135561767966,-0.0100260479376,0.00870842952281,-0.015836045146,0.0282649379224]],"mean":[9.41593647003,84.0750045776,-90.1815872192,10.7581539154,-5.3139333725,-18.5271167755,7.74026632309,-35.6331253052,-3.84494113922,-7.56379938126,-6.9430270195,-0.631865918636,-12.9054794312]},"hfc":{"dmean":73.7364730835,"dmean2":118.640281677,"dvar":6463.25927734,"dvar2":16208.5419922,"max":1756.34118652,"mean":278.080047607,"median":270.438537598,"min":1.18385771631e-16,"var":25561.3359375},"melbands":{"dmean":[0.00204347958788,0.00209056981839,0.00112327910028,0.000946214364376,0.000427690974902,0.000297450344078,0.000201033501071,0.000110671739094,0.0000642950981273,0.0000705785350874,0.0000660261866869,0.000065415755671,0.0000544876129425,0.0000846045149956,0.0000909036534722,0.0000826635077829,0.0000334140422638,0.0000429374777013,0.0000275643906207,0.0000175854456756,0.0000104636446849,0.0000071728977673,0.00000736386391509,0.00000689552825861,0.00000731431009626,0.00000812480175227,0.00000802509384812,0.00000593149025008,0.00000479079653815,0.00000403360854762,0.00000336341508955,0.00000285829833047,0.00000199108853849,0.00000149176844388,0.00000105053709376,6.18035301159e-7,1.31156866701e-7,3.05745473383e-8,2.63770569831e-8,2.35347155098e-8],"dmean2":[0.00345775531605,0.0035215287935,0.00188493658789,0.00156825722661,0.000713398912922,0.000487670855364,0.000327475805534,0.00017837966152,0.00010632811609,0.000116169496323,0.000106495892396,0.000105337778223,0.000089471359388,0.00013935759489,0.000151640997501,0.000138604431413,0.0000561491542612,0.0000717151997378,0.0000463879805466,0.00002948142901,0.0000173961143446,0.000011951318811,0.0000122121246022,0.000011292495401,0.0000117621948448,0.000012990120922,0.0000125795859276,0.00000908733818505,0.00000731992167857,0.00000605833383815,0.00000503211276737,0.00000423795199822,0.00000295921631732,0.00000219220669351,0.00000152060806613,8.94549316399e-7,2.02078695111e-7,5.12413862452e-8,4.41805951823e-8,3.93228454243e-8],"dvar":[0.0000101641317087,0.00000818758417154,0.0000028839854167,0.00000189479919754,5.85457939906e-7,3.98053686013e-7,3.22679341025e-7,6.16908693019e-8,1.97903311516e-8,2.43829099134e-8,2.13800603888e-8,1.85486097593e-8,1.13421805281e-8,2.4159071188e-8,2.20703046949e-8,1.45504417404e-8,2.34913954955e-9,4.40883196617e-9,1.46865231088e-9,6.55773935154e-10,2.17575304995e-10,1.15684246904e-10,1.2268730476e-10,1.42696479632e-10,1.98768335125e-10,3.44947154174e-10,2.87345508498e-10,1.20430179718e-10,7.95157550915e-11,6.3303293163e-11,5.09534914261e-11,4.37484076743e-11,1.7509856412e-11,8.73427979248e-12,4.33136772976e-12,1.55022576807e-12,5.92202610734e-14,2.52656354463e-15,1.85351074123e-15,1.44230853846e-15],"dvar2":[0.0000280682961602,0.0000220296860789,0.00000760553803048,0.0000050035350796,0.00000156347846314,0.00000103319598566,8.89369403012e-7,1.53211189513e-7,5.05280404184e-8,6.06979000395e-8,4.91189062757e-8,4.24983497282e-8,2.88707013851e-8,6.06593886232e-8,5.66320146334e-8,3.78503060006e-8,6.06817662785e-9,1.08157909295e-8,3.88443499588e-9,1.74502789996e-9,5.71600433652e-10,3.01452945939e-10,3.11888931348e-10,3.58933466282e-10,4.6313086699e-10,8.36197222576e-10,6.5238103808e-10,2.75942158012e-10,1.81244755315e-10,1.43078091042e-10,1.09155726125e-10,1.00272193326e-10,3.84159162814e-11,1.87486502018e-11,8.87503091851e-12,3.29339745579e-12,1.34286624789e-13,6.31911608475e-15,4.62725247591e-15,3.60784366521e-15],"max":[0.0746126621962,0.0436669401824,0.0381097309291,0.0359600782394,0.0137051315978,0.0127441361547,0.0161113571376,0.00596359046176,0.00360452011228,0.00549395941198,0.00531320972368,0.00333271850832,0.00243157590739,0.00537309329957,0.00423093512654,0.00273983809166,0.00110145064536,0.00207981374115,0.000725211284589,0.000672907044645,0.000227383861784,0.000269109325018,0.000340179947671,0.000242420690483,0.000523115566466,0.000616339559201,0.000330443901476,0.000333092059009,0.000293808639981,0.000206268057809,0.000170749015524,0.000200235212105,0.000115921749966,0.0000493468396598,0.0000332832460117,0.00003216431287,0.00000365048117601,7.64325761793e-7,6.2551339397e-7,5.28162445335e-7],"mean":[0.00270233605988,0.0029441670049,0.00174440431874,0.00160582223907,0.000653603463434,0.00043641438242,0.000288911134703,0.000161426374689,0.0000951006659307,0.000100071680208,0.000098949916719,0.000099404991488,0.00007928537525,0.000141596785397,0.000162657233886,0.000138852672535,0.0000566417475056,0.0000784796866355,0.0000545376060472,0.0000317219091812,0.0000192462357518,0.0000131998158395,0.0000136902881422,0.0000119018477562,0.0000125458573166,0.0000141463651744,0.0000146474667417,0.000011560364328,0.00000998005180008,0.00000803854436526,0.00000638201800029,0.00000483343410451,0.00000341998384101,0.00000242556006924,0.00000159175954195,9.01134910691e-7,1.7751912651e-7,3.15937676021e-8,2.76957887735e-8,2.51414178365e-8],"median":[0.00172080926131,0.00190954527352,0.00111293583177,0.000950681511313,0.000367190659745,0.000204873082112,0.000106974010123,0.0000648640780128,0.0000465189514216,0.0000502440525452,0.0000466940582555,0.0000468870748591,0.0000434361318185,0.0000846370385261,0.000107693194877,0.0000961251498666,0.0000410284192185,0.0000548430834897,0.0000408041050832,0.0000229273664445,0.0000141255377457,0.00000961766454566,0.00000976147202891,0.00000731679620003,0.00000673274234941,0.00000729106886865,0.00000719608306099,0.00000635852711639,0.00000583363407713,0.00000437568769485,0.00000300600549963,0.00000181348582373,0.00000130386581532,8.52885932545e-7,5.05036950926e-7,2.83396474288e-7,7.21001498505e-8,1.32733708469e-8,1.19505134677e-8,1.1189558613e-8],"min":[7.04998601223e-24,1.46318804225e-23,1.51525081095e-23,1.28329959352e-23,6.77278660102e-24,2.00746972355e-23,1.99733506973e-23,1.96185999482e-24,6.10901379182e-25,7.07707865116e-24,1.82081134942e-23,4.72502478121e-24,1.2215519006e-23,7.42455058066e-24,8.49628911789e-24,1.0984934648e-23,1.78087447724e-23,2.23902296066e-23,9.02516434571e-24,1.02631040428e-23,7.92263104533e-24,1.99265128699e-23,1.74030178316e-23,9.08221397752e-24,9.99130201786e-24,8.12023675778e-24,5.76695068711e-24,5.1763762813e-24,7.05689880034e-24,1.52714383573e-23,8.31333570789e-24,9.93602574537e-24,1.55066293476e-23,9.39750511525e-24,9.54575101201e-24,9.01125278365e-24,9.68549772137e-24,1.09681137669e-23,8.32685441722e-24,1.04079286498e-23],"var":[0.0000110384180516,0.0000111723265945,0.00000497468136018,0.00000409746280639,8.3852444277e-7,6.70728013574e-7,4.69459990882e-7,1.16966710095e-7,2.87807075949e-8,3.39791377257e-8,3.57583083144e-8,3.68687373964e-8,1.63495279537e-8,5.0356923964e-8,4.40977139249e-8,2.62384158844e-8,3.59510909931e-9,9.81438397218e-9,3.10191450303e-9,1.13690634684e-9,4.04593469838e-10,1.92384719266e-10,2.24605486987e-10,2.31908339754e-10,3.82547216127e-10,6.26049601049e-10,6.34475971761e-10,2.92751350939e-10,2.01651237375e-10,1.43323658497e-10,1.15501760933e-10,7.88106455096e-11,3.39074116007e-11,1.61228912166e-11,7.5398515556e-12,2.46587104034e-12,8.36339461227e-14,2.6171757412e-15,1.94243522464e-15,1.52910686331e-15]},"melbands_crest":{"dmean":3.75885081291,"dmean2":6.36782169342,"dvar":9.53315544128,"dvar2":26.4277763367,"max":36.8739776611,"mean":14.5649137497,"median":13.9217414856,"min":2.0612590313,"var":23.1012210846},"melbands_flatness_db":{"dmean":0.0306163001806,"dmean2":0.0485254488885,"dvar":0.000651432957966,"dvar2":0.00165344739798,"max":0.581707417965,"mean":0.227695703506,"median":0.217154473066,"min":0.0106231281534,"var":0.00452859373763},"melbands_kurtosis":{"dmean":7.73068094254,"dmean2":12.5492048264,"dvar":167.113601685,"dvar2":447.283905029,"max":482.887664795,"mean":15.7260398865,"median":8.04109382629,"min":-1.8638600111,"var":964.952453613},"melbands_skewness":{"dmean":0.804292500019,"dmean2":1.29036223888,"dvar":0.540142297745,"dvar2":1.37954568863,"max":17.6051635742,"mean":2.93312239647,"median":2.63406825066,"min":-2.50356078148,"var":2.6731364727},"melbands_spread":{"dmean":6.99102878571,"dmean2":11.1722679138,"dvar":59.18409729,"dvar2":138.095443726,"max":148.684844971,"mean":21.6834049225,"median":19.0575752258,"min":0.369252473116,"var":227.930786133},"mfcc":{"cov":[[14446.4072266,1389.82385254,-1823.88061523,649.624755859,-1031.3359375,974.83984375,-435.929016113,-77.7405166626,-576.985534668,66.8030090332,-222.937774658,-73.1038894653,-5.63268709183],[1389.82385254,1193.2401123,-205.649185181,-119.673332214,92.1218414307,-23.2062244415,-10.6055431366,-96.829750061,23.4384822845,-57.0224342346,-9.10497570038,-1.88740420341,-13.1223182678],[-1823.88061523,-205.649185181,564.373962402,-71.2449493408,165.830810547,-158.719696045,62.1839828491,10.6053266525,78.2237243652,-2.45496487617,41.9302482605,10.4604682922,-11.2875623703],[649.624755859,-119.673332214,-71.2449493408,350.971954346,-133.667617798,121.463272095,-44.0120239258,68.87134552,-71.6300964355,37.4318580627,-13.5523424149,-10.343834877,3.06589627266],[-1031.3359375,92.1218414307,165.830810547,-133.667617798,301.399108887,-99.3531646729,113.202636719,-40.4526786804,91.1939544678,-37.7046508789,30.8439121246,6.03847408295,-5.36495351791],[974.83984375,-23.2062244415,-158.719696045,121.463272095,-99.3531646729,269.517730713,-17.2356567383,50.8931808472,-73.3333206177,24.9145851135,-39.0705718994,-9.29246139526,-1.37403416634],[-435.929016113,-10.6055431366,62.1839828491,-44.0120239258,113.202636719,-17.2356567383,132.744277954,7.6284942627,50.8681221008,-26.0838394165,3.73467803001,-11.2060680389,-0.637411832809],[-77.7405166626,-96.829750061,10.6053266525,68.87134552,-40.4526786804,50.8931808472,7.6284942627,105.780578613,2.27197122574,28.1286678314,-10.1029520035,-0.114117980003,-0.895710706711],[-576.985534668,23.4384822845,78.2237243652,-71.6300964355,91.1939544678,-73.3333206177,50.8681221008,2.27197122574,102.476005554,6.14866113663,25.8628368378,4.32258939743,0.276723265648],[66.8030090332,-57.0224342346,-2.45496487617,37.4318580627,-37.7046508789,24.9145851135,-26.0838394165,28.1286678314,6.14866113663,70.3481140137,23.2163677216,13.2718915939,1.17216861248],[-222.937774658,-9.10497570038,41.9302482605,-13.5523424149,30.8439121246,-39.0705718994,3.73467803001,-10.1029520035,25.8628368378,23.2163677216,63.1802330017,27.2259292603,7.28740024567],[-73.1038894653,-1.88740420341,10.4604682922,-10.343834877,6.03847408295,-9.29246139526,-11.2060680389,-0.114117980003,4.32258939743,13.2718915939,27.2259292603,52.8471984863,21.8735198975],[-5.63268709183,-13.1223182678,-11.2875623703,3.06589627266,-5.36495351791,-1.37403416634,-0.637411832809,-0.895710706711,0.276723265648,1.17216861248,7.28740024567,21.8735198975,43.9971122742]],"icov":[[0.000190722246771,-0.000204143841984,0.000291252712486,-0.00010850088438,0.000356835982529,-0.000315172510454,-0.000080136982433,0.000334784650477,0.000313258467941,-0.000186223449418,0.0000295060399367,0.0000461813215225,0.0000602810796408],[-0.000204143841984,0.00129238830414,0.000230627440033,0.000204048192245,-0.000882733322214,0.000256664090557,0.000653235940263,0.000170190731296,-0.000894788652658,0.000858585757669,0.000073034207162,-0.000322868843796,0.000448752107332],[0.000291252712486,0.000230627440033,0.00325822387822,-0.0002458813251,-0.000867643626407,0.00085325044347,0.0000049518043852,-0.000427953200415,0.00043163067312,-0.000335901975632,-0.000341202452546,-0.000244772119913,0.00105575821362],[-0.00010850088438,0.000204048192245,-0.0002458813251,0.00444528507069,0.000491637445521,-0.000663237995468,0.000159895367688,-0.00229873647913,0.00205027987249,-0.000625116575975,-0.00154610967729,0.00182241667062,-0.000977307325229],[0.000356835982529,-0.000882733322214,-0.000867643626407,0.000491637445521,0.00843504909426,-0.000786607561167,-0.00469159381464,0.00271547865123,-0.00231298687868,0.00148661690764,-0.0011847242713,-0.00153561774641,0.00145147228613],[-0.000315172510454,0.000256664090557,0.00085325044347,-0.000663237995468,-0.000786607561167,0.00732239475474,-0.00198231544346,-0.0023203433957,0.00351128238253,-0.00302574760281,0.00292328861542,-0.000980635290034,0.00041998893721],[-0.000080136982433,0.000653235940263,0.0000049518043852,0.000159895367688,-0.00469159381464,-0.00198231544346,0.0147426640615,-0.00312074460089,-0.00497020501643,0.00580122880638,-0.00211410736665,0.00418340880424,-0.00216218759306],[0.000334784650477,0.000170190731296,-0.000427953200415,-0.00229873647913,0.00271547865123,-0.0023203433957,-0.00312074460089,0.0156855564564,-0.00320101017132,-0.00502038188279,0.00521272560582,-0.00301113259047,0.0014642837923],[0.000313258467941,-0.000894788652658,0.00043163067312,0.00205027987249,-0.00231298687868,0.00351128238253,-0.00497020501643,-0.00320101017132,0.0209617614746,-0.00646112998948,-0.0029138403479,0.0024756223429,-0.00127631379291],[-0.000186223449418,0.000858585757669,-0.000335901975632,-0.000625116575975,0.00148661690764,-0.00302574760281,0.00580122880638,-0.00502038188279,-0.00646112998948,0.0257071144879,-0.0108216442168,-0.00088129658252,0.00184456235729],[0.0000295060399367,0.000073034207162,-0.000341202452546,-0.00154610967729,-0.0011847242713,0.00292328861542,-0.00211410736665,0.00521272560582,-0.0029138403479,-0.0108216442168,0.0298135075718,-0.0132126705721,0.00200539198704],[0.0000461813215225,-0.000322868843796,-0.000244772119913,0.00182241667062,-0.00153561774641,-0.000980635290034,0.00418340880424,-0.00301113259047,0.0024756223429,-0.00088129658252,-0.0132126705721,0.0332231894135,-0.0148195512593],[0.0000602810796408,0.000448752107332,0.00105575821362,-0.000977307325229,0.00145147228613,0.00041998893721,-0.00216218759306,0.0014642837923,-0.00127631379291,0.00184456235729,0.00200539198704,-0.0148195512593,0.030392261222]],"mean":[-650.962280273,145.14289856,-21.699224472,45.1370429993,-5.38766765594,35.991771698,0.531471729279,5.07997846603,-7.65134000778,3.34457349777,-2.16158819199,-0.186293244362,0.753053963184]},"pitch_salience":{"dmean":0.0688690543175,"dmean2":0.115122795105,"dvar":0.00333528476767,"dvar2":0.00917248427868,"max":0.824711501598,"mean":0.595787763596,"median":0.611042618752,"min":0.065979167819,"var":0.00981485843658},"silence_rate_20dB":{"dmean":0,"dmean2":0,"dvar":0,"dvar2":0,"max":1,"mean":1,"median":1,"min":1,"var":0},"silence_rate_30dB":{"dmean":0.0307616386563,"dmean2":0.0615283362567,"dvar":0.0298151243478,"dvar2":0.0722186490893,"max":1,"mean":0.969323158264,"median":1,"min":0,"var":0.029738901183},"silence_rate_60dB":{"dmean":0.00460602063686,"dmean2":0.00921279937029,"dvar":0.0045848954469,"dvar2":0.0104439547285,"max":1,"mean":0.095238097012,"median":0,"min":0,"var":0.0861691534519},"spectral_centroid":{"dmean":259.805877686,"dmean2":400.141204834,"dvar":74090.2578125,"dvar2":146075.203125,"max":10587.4521484,"mean":1307.14160156,"median":1219.62036133,"min":122.012321472,"var":446675.09375},"spectral_complexity":{"dmean":4.30876779556,"dmean2":6.39220190048,"dvar":17.9540576935,"dvar2":34.5948486328,"max":60,"mean":26.3236293793,"median":27,"min":0,"var":153.353210449},"spectral_contrast_coeffs":{"dmean":[0.0568604171276,0.0508524104953,0.0380382277071,0.0279325693846,0.0194904506207,0.0501758828759],"dmean2":[0.0948247537017,0.0851782783866,0.0634346753359,0.0473401360214,0.0325309745967,0.0767597258091],"dvar":[0.00202456233092,0.00161890441086,0.000915706797969,0.000474725937238,0.00026270779199,0.00186882202979],"dvar2":[0.00566258048639,0.00451962603256,0.00246991030872,0.00135453382973,0.000703243538737,0.00424877461046],"max":[-0.349986970425,-0.479656517506,-0.52627748251,-0.580693185329,-0.661524176598,-0.396023273468],"mean":[-0.658511459827,-0.766226351261,-0.808166325092,-0.806990742683,-0.819083094597,-0.668575108051],"median":[-0.660198628902,-0.770054161549,-0.810690402985,-0.805889904499,-0.817436873913,-0.662217199802],"min":[-0.979673266411,-0.958114266396,-0.973011255264,-0.981513619423,-0.969347774982,-0.959630548954],"var":[0.00649152556434,0.004644183442,0.00274949101731,0.00187922315672,0.00115121505223,0.00960054714233]},"spectral_contrast_valleys":{"dmean":[0.408058255911,0.364659816027,0.313098371029,0.246287584305,0.237310111523,0.60166490078],"dmean2":[0.678768754005,0.598466277122,0.508090138435,0.398798912764,0.352290600538,0.975917637348],"dvar":[0.117388099432,0.0939184054732,0.0749219283462,0.0580005124211,0.0733337923884,0.28222733736],"dvar2":[0.293470621109,0.224722340703,0.171889379621,0.12640877068,0.131073743105,0.695163667202],"max":[-4.97330570221,-4.18551301956,-5.13583660126,-5.5274720192,-5.44385242462,-8.99240398407],"mean":[-6.74565124512,-6.76568746567,-7.07560157776,-7.13047742844,-7.3664355278,-11.2585687637],"median":[-6.41834497452,-6.45408296585,-6.70278453827,-6.6906375885,-6.97633743286,-11.0146131516],"min":[-26.8083209991,-26.9522075653,-27.2347583771,-27.3009262085,-27.2200431824,-27.2205200195],"var":[1.93791007996,1.99938857555,2.13469338417,2.36377358437,2.11205601692,1.54449188709]},"spectral_decrease":{"dmean":3.82949494337e-9,"dmean2":6.27196028447e-9,"dvar":2.03432879015e-17,"dvar2":5.50000760354e-17,"max":1.03837942689e-8,"mean":-6.80114720097e-9,"median":-5.81894843421e-9,"min":-8.24796373422e-8,"var":3.50109388957e-17},"spectral_energy":{"dmean":0.0152581753209,"dmean2":0.0246287267655,"dvar":0.000321039377013,"dvar2":0.000840338179842,"max":0.348772168159,"mean":0.050891906023,"median":0.0489078722894,"min":1.08048238004e-20,"var":0.000864841043949},"spectral_energyband_high":{"dmean":0.000579175422899,"dmean2":0.000755768094677,"dvar":9.02344027054e-7,"dvar2":0.00000155213149355,"max":0.0182967912406,"mean":0.00170617655385,"median":0.00117233255878,"min":7.74356729388e-21,"var":0.00000355265183316},"spectral_energyband_low":{"dmean":0.0106955235824,"dmean2":0.0179596673697,"dvar":0.000207685588975,"dvar2":0.000559364329092,"max":0.285416871309,"mean":0.0169145520777,"median":0.0123985046521,"min":8.52233509617e-23,"var":0.000289626681479},"spectral_energyband_middle_high":{"dmean":0.00216200645082,"dmean2":0.00338869984262,"dvar":0.00000687906685926,"dvar2":0.0000163301829161,"max":0.0546710044146,"mean":0.00692452117801,"median":0.00607901997864,"min":1.67327399491e-21,"var":0.0000274047743005},"spectral_energyband_middle_low":{"dmean":0.00657337531447,"dmean2":0.0106705753133,"dvar":0.0000679997247062,"dvar2":0.000179121387191,"max":0.16640342772,"mean":0.0149245122448,"median":0.0117556583136,"min":3.34562271279e-22,"var":0.000172709667822},"spectral_entropy":{"dmean":0.13823287189,"dmean2":0.209155872464,"dvar":0.0226164441556,"dvar2":0.0537015125155,"max":9.79018783569,"mean":7.66293287277,"median":7.74299430847,"min":5.16958618164,"var":0.127935752273},"spectral_flux":{"dmean":0.0243994891644,"dmean2":0.0390298441052,"dvar":0.000651181093417,"dvar2":0.00150391657371,"max":0.488128095865,"mean":0.126052618027,"median":0.129533901811,"min":1.03946254382e-10,"var":0.00280711730011},"spectral_kurtosis":{"dmean":2.88165354729,"dmean2":4.34487628937,"dvar":13.9410276413,"dvar2":32.2902374268,"max":102.296722412,"mean":14.8669815063,"median":13.4919071198,"min":-1.2115701437,"var":44.0593070984},"spectral_rms":{"dmean":0.000978717347607,"dmean2":0.00155852676835,"dvar":9.43160443967e-7,"dvar2":0.00000241431393988,"max":0.0184462871403,"mean":0.00659318221733,"median":0.00690760463476,"min":3.24673556269e-12,"var":0.00000618104604655},"spectral_rolloff":{"dmean":3847.77563477,"dmean2":7374.44091797,"dvar":48241500,"dvar2":124320224,"max":22006.9335938,"mean":17628.9980469,"median":21533.203125,"min":21.533203125,"var":58076168},"spectral_skewness":{"dmean":0.27406206727,"dmean2":0.401945233345,"dvar":0.0963100492954,"dvar2":0.199779853225,"max":7.59863567352,"mean":2.46547412872,"median":2.35748553276,"min":0.0445871539414,"var":0.453575462103},"spectral_spread":{"dmean":392771.625,"dmean2":607648.3125,"dvar":224474038272,"dvar2":394022223872,"max":41084160,"mean":4344333.5,"median":4311023.5,"min":1464498.75,"var":752020750336},"spectral_strongpeak":{"dmean":7.71356487274,"dmean2":14.4005794525,"dvar":459.229980469,"dvar2":1227.64404297,"max":286.795288086,"mean":6.09498500824,"median":0.372413337231,"min":0,"var":416.139984131},"zerocrossingrate":{"dmean":0.0401198677719,"dmean2":0.0519703626633,"dvar":0.00108249939512,"dvar2":0.00176337116864,"max":0.71435546875,"mean":0.317695558071,"median":0.318359375,"min":0,"var":0.0073749134317}},"metadata":{"audio_properties":{"analysis_sample_rate":44100,"bit_rate":128000,"codec":"mp3","downmix":"mix","equal_loudness":0,"length":282.305297852,"lossless":false,"md5_encoded":"cea0a70a91b03703f128133b443f8ea8","replay_gain":-1.76731872559,"sample_rate":44100},"tags":{"album":["Seventh Son of a Seventh Son"],"albumartist":["Iron Maiden"],"albumartistsort":["Iron Maiden"],"artist":["Iron Maiden"],"artistsort":["Iron Maiden"],"asin":["B000063DI9"],"barcode":["077779025824"],"catalognumber":["CDP 7 90258 2"],"composer":["Bruce Dickinson","Steve Harris"],"date":["1988"],"discnumber":["1/1"],"file_name":"08. Iron Maiden - Only the Good Die Young.mp3","genre":["Heavy Metal"],"isrc":["GBAYE9801427"],"label":["EMI Records"],"length":["0"],"media":["(CD/DD)"],"musicbrainz album release country":["GB"],"musicbrainz album status":["official"],"musicbrainz album type":["album"],"musicbrainz_albumartistid":["ca891d65-d9b0-4258-89f7-e6ba29d83767"],"musicbrainz_albumid":["695cb909-bd06-4347-bcd6-5f86cec4af25"],"musicbrainz_artistid":["ca891d65-d9b0-4258-89f7-e6ba29d83767"],"musicbrainz_recordingid":["caab0ce3-a433-4a3a-80c0-d8611bb2bc15"],"musicip_puid":["216745b4-80e4-753c-13ac-db3710333d7c"],"title":["Only the Good Die Young"],"tracknumber":["8/8"]},"version":{"essentia":"2.1-beta1","essentia_build_sha":"ca57ba49d9b1854bd80e60cf9ccf267278fb7d6b","essentia_git_sha":"v2.1_beta1-28-g21ef5f4-dirty","extractor":"music 1.0"}},"rhythm":{"beats_count":763,"beats_loudness":{"dmean":0.0224900115281,"dmean2":0.0403588451445,"dvar":0.000380751705961,"dvar2":0.00112277618609,"max":0.152124971151,"mean":0.0596433356404,"median":0.0588015094399,"min":2.57304133555e-8,"var":0.000784405507147},"beats_loudness_band_ratio":{"dmean":[0.164949253201,0.0968468412757,0.0517687276006,0.0547925792634,0.0244018658996,0.106214702129],"dmean2":[0.286464869976,0.169267356396,0.091995306313,0.0946815162897,0.0427086986601,0.189524203539],"dvar":[0.0172899384052,0.0101184649393,0.00545467901975,0.00361305172555,0.000601617328357,0.0089