{"lowlevel":{"average_loudness":0.939872860909,"barkbands":{"dmean":[0.0000601176834607,0.00272459280677,0.00291295768693,0.00260696955957,0.00123472232372,0.000802783237305,0.000990034313872,0.000666841922794,0.000694857095368,0.000373176473659,0.000249433069257,0.000336862314725,0.000285452028038,0.000258975400357,0.000260744505795,0.000247422343818,0.000252949510468,0.000217072010855,0.00029488580185,0.000211995109566,0.000149719504407,0.000124290017993,0.000116591727419,0.000107817148091,0.0000394046983274,0.0000251615001616,0.00000258840873357],"dmean2":[0.0000884000764927,0.00454996293411,0.00487930793315,0.00421963073313,0.00204622163437,0.00126467039809,0.00156979588792,0.000999820651487,0.00103864318226,0.000564990506973,0.000391641427996,0.000510886195116,0.000446598161943,0.000403673300752,0.000398933276301,0.000395038165152,0.000403969315812,0.000348671484971,0.00045277265599,0.000325619417708,0.000223914132221,0.00017774006119,0.000167447098647,0.000143129465869,0.0000511329017172,0.0000306483125314,0.00000330576381202],"dvar":[1.64213691534e-8,0.0000526919648109,0.0000391641478927,0.0000414266251028,0.00000481566075905,0.00000212013560486,0.00000647021943223,0.00000260359934146,0.00000253110511039,7.05616173491e-7,4.75282831758e-7,9.50702485625e-7,6.42570739728e-7,3.27073252038e-7,3.39552116202e-7,2.41308697468e-7,2.33105268421e-7,1.65634176597e-7,2.00034847353e-7,1.50804098098e-7,1.62937013215e-7,1.33415937853e-7,1.23284820575e-7,1.79333838446e-7,1.26846906312e-8,2.97859381604e-9,3.47141725088e-11],"dvar2":[3.46428841169e-8,0.000141150580021,0.00010255491361,0.0000934379568207,0.0000130734897539,0.00000498537201565,0.0000151873618961,0.00000619334059593,0.00000575838794248,0.00000164932350799,0.00000111501299216,0.00000213997077481,0.00000150780442709,7.3579826676e-7,7.32444448204e-7,5.66562164295e-7,5.38425183549e-7,3.92990301634e-7,4.26721356916e-7,3.67805569113e-7,3.79505280534e-7,3.11051508106e-7,2.46689268124e-7,3.35732551093e-7,2.47374742912e-8,5.09141084848e-9,6.28869872843e-11],"max":[0.00122150813695,0.0567597299814,0.0461454614997,0.0677118450403,0.0300936046988,0.0277071259916,0.0507725998759,0.0290522426367,0.0372672080994,0.020799299702,0.0247628372163,0.0244208890945,0.0206935144961,0.0192913338542,0.0121501702815,0.0112206507474,0.0124699492007,0.0104128895327,0.0114760650322,0.00871928036213,0.0184276998043,0.0117251779884,0.00869408249855,0.0161471553147,0.00447934120893,0.00104870426003,0.0000910759044928],"mean":[0.0000717605798854,0.00242472602986,0.00277495780028,0.00267722341232,0.00183125934564,0.00147059489973,0.00150151539128,0.0011226919014,0.00123701628763,0.000650964910164,0.000363566039596,0.000546063936781,0.000426047074143,0.000406512321206,0.000426156911999,0.000437535811216,0.000474682659842,0.000402746576583,0.000599777384195,0.000440040661488,0.000282387249172,0.000247325922828,0.000222898219363,0.00019561467343,0.0000708310617483,0.0000393711452489,0.00000411612154494],"median":[0.0000264351674559,0.000551604898646,0.000839087064378,0.000741981435567,0.0011252053082,0.000805902993307,0.000644182320684,0.000556341954507,0.000546852301341,0.000291090866085,0.000114657770609,0.000221402442548,0.00017097107775,0.000195143569726,0.000192647770746,0.000227021606406,0.000263038265985,0.000243968592258,0.000334133335855,0.000168651473359,0.0000520301182405,0.000031636118365,0.0000332732815878,0.0000200792492251,0.0000081732914623,0.00000432833076047,4.912528766e-7],"min":[3.63808080213e-25,4.0062940049e-24,9.31777060483e-25,7.51408402543e-25,7.4281777631e-24,7.57521433609e-24,1.10501576676e-23,7.57757855222e-24,1.13683399806e-23,1.49341813877e-23,6.97602083603e-24,1.93534259327e-23,2.981423114e-23,3.79012387099e-23,5.78213460293e-23,5.78740545595e-23,5.1223619496e-23,8.39821382807e-23,1.22363118017e-22,1.98413348248e-22,2.79142583876e-22,3.10884756359e-22,3.86544822297e-22,5.62523913034e-22,8.10547739113e-22,1.21956068314e-21,2.0333616089e-21],"var":[1.90798772337e-8,0.0000403735393775,0.0000313913114951,0.000040972365241,0.00000556373561267,0.00000434076810052,0.0000102052927105,0.00000398347629016,0.0000051238166634,0.00000145642206917,8.08107756711e-7,0.00000176473770352,0.00000113195073936,5.88763384712e-7,6.64256049276e-7,5.15341127993e-7,4.6373298801e-7,3.04854381739e-7,5.64317076623e-7,4.14955536598e-7,3.0506572557e-7,2.68800391723e-7,3.09965059841e-7,4.58824217731e-7,3.19693853612e-8,7.33831573285e-9,8.30039231792e-11]},"barkbands_crest":{"dmean":2.356082201,"dmean2":3.74858665466,"dvar":5.04506492615,"dvar2":12.340637207,"max":23.7120380402,"mean":7.58461523056,"median":6.80787563324,"min":2.11057710648,"var":10.7578220367},"barkbands_flatness_db":{"dmean":0.0200057495385,"dmean2":0.0304599963129,"dvar":0.000485145603307,"dvar2":0.00125094118994,"max":0.302358984947,"mean":0.101273536682,"median":0.0982318520546,"min":0.011238261126,"var":0.00169861107133},"barkbands_kurtosis":{"dmean":2.12222886086,"dmean2":3.46944451332,"dvar":25.2094154358,"dvar2":67.272895813,"max":82.6614074707,"mean":1.50029170513,"median":0.212239265442,"min":-1.85142505169,"var":24.2182064056},"barkbands_skewness":{"dmean":0.530850350857,"dmean2":0.78852391243,"dvar":0.427579939365,"dvar2":0.995832085609,"max":8.14699745178,"mean":1.03398108482,"median":0.940069317818,"min":-3.25562000275,"var":0.937970459461},"barkbands_spread":{"dmean":6.20231676102,"dmean2":9.17659473419,"dvar":43.804889679,"dvar2":94.0755691528,"max":128.586990356,"mean":28.5170230865,"median":24.9786758423,"min":1.94888222218,"var":265.737182617},"dissonance":{"dmean":0.0130483675748,"dmean2":0.0213573686779,"dvar":0.000176985660801,"dvar2":0.000460987124825,"max":0.499999970198,"mean":0.473096817732,"median":0.47879999876,"min":0.291114360094,"var":0.000483728916151},"dynamic_complexity":3.8246319294,"erbbands":{"dmean":[0.048663251102,0.758888602257,3.27454018593,6.23649644852,5.9542517662,4.01907110214,3.53460884094,8.00003623962,14.2784194946,10.604186058,16.4311351776,15.7620754242,12.9974784851,9.94735908508,9.91810417175,13.2999286652,12.5322999954,12.8524484634,11.9047374725,13.0005760193,12.5310201645,13.0029640198,11.620388031,12.1560354233,15.0591869354,9.31591415405,6.17617845535,5.82545375824,4.58249425888,3.66778802872,3.43908333778,2.64070034027,1.59393382072,0.542982578278,0.251778930426,0.12984611094,0.0428224615753,0.00606664502993,0.000476022221847,0.000029274064218],"dmean2":[0.0727044418454,1.32344973087,5.53219985962,10.0530319214,9.56459140778,6.67316150665,5.703789711,12.5184783936,22.6487159729,16.6716041565,24.2463874817,23.5851764679,19.2759532928,15.4558649063,15.3239717484,20.0796947479,19.2280158997,19.6377658844,18.1516304016,19.8436203003,19.685295105,20.4780139923,18.4760665894,19.1372699738,22.8606395721,14.1309928894,9.3843832016,8.669921875,6.64672327042,5.24209547043,4.92298936844,3.69103121758,2.10592198372,0.715609073639,0.31908929348,0.160479947925,0.0534724704921,0.00746450945735,0.000599579827394,0.0000376192874683],"dvar":[0.0136817162856,4.34504032135,57.6530647278,207.109588623,178.890335083,42.1562805176,39.8506317139,249.276931763,1213.66003418,729.536560059,1551.72607422,1360.1015625,907.402404785,508.824645996,864.637573242,1291.76367188,1153.13916016,913.388183594,650.909790039,851.167602539,526.063415527,686.43548584,526.366455078,324.691375732,641.16394043,276.034912109,175.913253784,346.623443604,216.722076416,75.786895752,119.134132385,109.815734863,46.0998344421,3.42970538139,0.342817217112,0.0778873339295,0.00902304984629,0.000186165780178,0.00000113711428185,2.75153366758e-9],"dvar2":[0.0288513693959,12.0061645508,154.134689331,472.290710449,422.207580566,116.599327087,102.883346558,562.905395508,2827.60522461,1721.36120605,3700.15405273,3049.48461914,2032.83496094,1218.75524902,1960.66247559,2735.85693359,2666.7097168,2016.4029541,1437.00012207,1784.19775391,1180.46850586,1579.26696777,1195.74584961,752.920349121,1353.83239746,644.520019531,406.795440674,835.61529541,522.346557617,157.401641846,238.069519043,227.410614014,85.2901000977,6.33971405029,0.638104498386,0.136255174875,0.0160659700632,0.000325878529111,0.000002042928827,4.77181316683e-9],"max":[1.23642325401,15.2689304352,54.2159729004,145.915145874,184.996292114,125.685691833,123.679260254,332.585876465,772.594360352,438.948852539,826.648132324,1012.04632568,743.926452637,724.901855469,780.839538574,1172.31726074,882.922241211,1079.64404297,553.738769531,746.324401855,676.219482422,637.017700195,568.857788086,335.985961914,741.940490723,376.75769043,364.237640381,932.753234863,542.427307129,156.134765625,321.588256836,305.702484131,312.640960693,73.9395980835,25.306427002,5.39621925354,1.91538333893,0.276266247034,0.0181147512048,0.000716777576599],"mean":[0.0545338876545,0.624609053135,3.01259756088,6.59949302673,7.28256225586,6.07886123657,6.3968873024,14.078168869,22.6783599854,17.0755271912,29.2095870972,28.3905010223,24.361743927,18.0060310364,16.9173278809,22.6718025208,20.3694534302,21.148765564,21.1087303162,23.6476974487,24.3762054443,25.919752121,23.3319282532,24.9362621307,31.7204246521,19.989944458,12.3427019119,10.6994476318,8.85056495667,7.30391597748,6.45254278183,4.80895996094,2.75393915176,0.989252865314,0.432212918997,0.208589047194,0.0648382082582,0.00935415085405,0.000752897700295,0.0000592097785557],"median":[0.0112396869808,0.147534549236,0.884934067726,1.99212312698,3.38504743576,3.58649086952,4.10430335999,7.09478664398,10.8952217102,8.62458705902,14.7854003906,13.5990047455,10.5930490494,8.90440368652,7.23861217499,9.41191482544,8.53230476379,10.2773971558,10.4008140564,11.5559005737,13.6580142975,14.5755739212,14.4285640717,15.4647083282,15.8219022751,7.98451709747,3.16000890732,1.6564643383,1.09489417076,1.18249976635,0.844641566277,0.499915361404,0.270398318768,0.10075841099,0.0521809607744,0.023583156988,0.00722992094234,0.00106950383633,0.000101342266134,0.0000278626102954],"min":[5.86644742539e-23,5.24663789754e-22,1.42692623951e-21,3.92675723035e-21,1.45931203667e-20,2.51419705416e-20,5.06902967903e-20,7.50857497538e-20,1.52428138692e-19,1.71077675234e-19,3.50887611851e-19,2.67193658419e-19,4.72676851407e-19,6.1170916197e-19,5.91653547633e-19,1.54015032998e-18,1.73545387646e-18,1.73006107245e-18,3.10579726157e-18,3.52082975724e-18,2.86630696754e-18,3.29345745239e-18,5.25302288773e-18,6.29114572342e-18,6.95479314246e-18,9.17318566621e-18,1.05108889179e-17,9.64814863803e-18,1.03546750321e-17,1.18880776362e-17,1.17413275237e-17,1.14355660006e-17,8.19461032204e-18,9.09325520362e-18,6.28066699942e-18,3.87436054719e-18,2.18280990213e-18,9.78082654713e-19,2.53314058879e-19,2.76888596477e-20],"var":[0.0163578353822,2.9435532093,42.7907791138,206.689086914,183.244171143,60.1370544434,66.4422912598,499.84664917,2021.05627441,995.883972168,2500.15234375,2711.73071289,1966.5567627,1033.67150879,1487.64929199,2860.42480469,2250.09692383,1651.05664062,1309.51647949,1975.43432617,1255.73388672,1387.15979004,1049.50085449,833.677185059,1854.19018555,780.488220215,475.30090332,526.140319824,372.869476318,208.014602661,296.429473877,254.820373535,107.615768433,8.83553218842,0.909616827965,0.192526161671,0.0207407325506,0.000443988043116,0.00000270414489023,7.1967791726e-9]},"erbbands_crest":{"dmean":2.04610085487,"dmean2":3.20324397087,"dvar":4.07100772858,"dvar2":9.4729013443,"max":25.6904392242,"mean":7.11184167862,"median":6.35388374329,"min":2.29686117172,"var":11.0456943512},"erbbands_flatness_db":{"dmean":0.0189312472939,"dmean2":0.0241232514381,"dvar":0.000431134074461,"dvar2":0.0007029712433,"max":0.305536776781,"mean":0.150161907077,"median":0.146149277687,"min":0.0388602502644,"var":0.00209750421345},"erbbands_kurtosis":{"dmean":0.550517678261,"dmean2":0.845023989677,"dvar":0.491808533669,"dvar2":1.11772227287,"max":14.1780185699,"mean":-0.284597843885,"median":-0.625057339668,"min":-1.69240677357,"var":1.40224397182},"erbbands_skewness":{"dmean":0.301246255636,"dmean2":0.435531198978,"dvar":0.0730699896812,"dvar2":0.1642883569,"max":3.19544768333,"mean":0.0021562022157,"median":-0.0215489044785,"min":-2.73976778984,"var":0.432768940926},"erbbands_spread":{"dmean":7.8722949028,"dmean2":11.6455516815,"dvar":74.965461731,"dvar2":152.865036011,"max":123.719993591,"mean":40.539390564,"median":38.2189025879,"min":6.3243021965,"var":242.938705444},"gfcc":{"cov":[[21784.7753906,514.78717041,-1444.6907959,919.009521484,-971.957397461,246.87828064,-654.57421875,112.587867737,-460.20413208,-19.4324169159,-338.83807373,-153.718429565,-376.777801514],[514.78717041,1915.01538086,-627.245849609,-224.555923462,358.551757812,-283.113739014,132.243225098,42.1496009827,86.8919372559,-121.614601135,203.048187256,-65.7977676392,57.8246536255],[-1444.6907959,-627.245849609,988.318969727,67.9580535889,111.035713196,203.950149536,25.0108737946,27.783203125,-31.9503936768,108.427680969,-127.364822388,76.2348709106,-40.1401519775],[919.009521484,-224.555923462,67.9580535889,323.441192627,-74.5988693237,82.6434249878,-51.5299110413,-29.8617172241,-2.13070082664,-6.70303726196,-33.2352752686,-20.4443836212,-8.19193172455],[-971.957397461,358.551757812,111.035713196,-74.5988693237,402.143737793,-53.2937469482,92.6938705444,66.0071716309,12.6535196304,-0.33507078886,17.956073761,15.4724588394,2.3720240593],[246.87828064,-283.113739014,203.950149536,82.6434249878,-53.2937469482,187.518112183,28.1162414551,9.91526126862,-26.6741924286,17.4871730804,-34.9951705933,9.76142311096,-12.2507648468],[-654.57421875,132.243225098,25.0108737946,-51.5299110413,92.6938705444,28.1162414551,143.564376831,37.6446876526,8.36145019531,-10.4440402985,18.1590194702,-1.53630447388,9.90552616119],[112.587867737,42.1496009827,27.783203125,-29.8617172241,66.0071716309,9.91526126862,37.6446876526,103.081443787,15.5631551743,10.8167762756,-2.768273592,3.81207466125,-2.16034150124],[-460.20413208,86.8919372559,-31.9503936768,-2.13070082664,12.6535196304,-26.6741924286,8.36145019531,15.5631551743,93.6550674438,14.5006008148,32.1309700012,-15.5863246918,18.1554107666],[-19.4324169159,-121.614601135,108.427680969,-6.70303726196,-0.33507078886,17.4871730804,-10.4440402985,10.8167762756,14.5006008148,89.9542312622,-7.20829248428,21.0560779572,-15.1876306534],[-338.83807373,203.048187256,-127.364822388,-33.2352752686,17.956073761,-34.9951705933,18.1590194702,-2.768273592,32.1309700012,-7.20829248428,130.136642456,-2.49916410446,20.5429363251],[-153.718429565,-65.7977676392,76.2348709106,-20.4443836212,15.4724588394,9.76142311096,-1.53630447388,3.81207466125,-15.5863246918,21.0560779572,-2.49916410446,70.4557037354,16.5734176636],[-376.777801514,57.8246536255,-40.1401519775,-8.19193172455,2.3720240593,-12.2507648468,9.90552616119,-2.16034150124,18.1554107666,-15.1876306534,20.5429363251,16.5734176636,67.4401168823]],"icov":[[0.000205571283004,-0.000379316596081,0.000406706880312,-0.000560320739169,0.000434875313658,-0.000617874611635,0.000859906955156,-0.000924697436858,0.0010200139368,-0.000592733151279,0.000596489582676,-0.000220485700993,0.000828688032925],[-0.000379316596081,0.00186117598787,-0.000277908315184,0.00125443655998,-0.00172163080424,0.00179862719961,-0.00203876500018,0.00179405417293,-0.00219886889681,0.00178156665061,-0.00188422633801,0.000859874940943,-0.0016280253185],[0.000406706880312,-0.000277908315184,0.00297108781524,-0.0010062768124,-0.000463534815935,-0.00300473393872,0.00175075361039,-0.00127526163124,0.00137598626316,-0.00228114542551,0.00228750589304,-0.00169569626451,0.00216490332969],[-0.000560320739169,0.00125443655998,-0.0010062768124,0.00576361361891,-0.0015359048266,-0.000622297578957,-0.000497131375596,0.0034184330143,-0.00379233574495,0.00251544220373,-0.0012389809126,0.00188676046673,-0.00248019420542],[0.000434875313658,-0.00172163080424,-0.000463534815935,-0.0015359048266,0.00559339905158,0.000781982147601,-0.000230552133871,-0.00383575889282,0.00278574647382,-0.00116940354928,0.00123512372375,-0.00124927097932,0.00221707602032],[-0.000617874611635,0.00179862719961,-0.00300473393872,-0.000622297578957,0.000781982147601,0.0126424347982,-0.00676121516153,0.00105333176907,-0.000493456027471,0.0016736498801,-0.00261876545846,0.00117039226461,-0.00254245940596],[0.000859906955156,-0.00203876500018,0.00175075361039,-0.000497131375596,-0.000230552133871,-0.00676121516153,0.0145484730601,-0.00557811697945,0.00363799091429,-0.00118619063869,0.00177323806565,0.000256749568507,0.00214851787314],[-0.000924697436858,0.00179405417293,-0.00127526163124,0.0034184330143,-0.00383575889282,0.00105333176907,-0.00557811697945,0.0165204200894,-0.00726707465947,0.00174273888115,-0.00132581102662,0.0001610055333,-0.00266032549553],[0.0010200139368,-0.00219886889681,0.00137598626316,-0.00379233574495,0.00278574647382,-0.000493456027471,0.00363799091429,-0.00726707465947,0.0208637807518,-0.00809103343636,0.0000461239687866,0.00494211912155,-0.00167978554964],[-0.000592733151279,0.00178156665061,-0.00228114542551,0.00251544220373,-0.00116940354928,0.0016736498801,-0.00118619063869,0.00174273888115,-0.00809103343636,0.0183109454811,-0.00263438210823,-0.00456681894138,0.00291054346599],[0.000596489582676,-0.00188422633801,0.00228750589304,-0.0012389809126,0.00123512372375,-0.00261876545846,0.00177323806565,-0.00132581102662,0.0000461239687866,-0.00263438210823,0.0125200264156,-0.00219188234769,0.0014562655706],[-0.000220485700993,0.000859874940943,-0.00169569626451,0.00188676046673,-0.00124927097932,0.00117039226461,0.000256749568507,0.0001610055333,0.00494211912155,-0.00456681894138,-0.00219188234769,0.0216292049736,-0.00953181646764],[0.000828688032925,-0.0016280253185,0.00216490332969,-0.00248019420542,0.00221707602032,-0.00254245940596,0.00214851787314,-0.00266032549553,-0.00167978554964,0.00291054346599,0.0014562655706,-0.00953181646764,0.0239068102092]],"mean":[-18.2659454346,87.2517089844,-126.449699402,30.8294811249,-56.1890640259,0.695845365524,-35.5671615601,9.88614940643,-22.5594348907,-0.950695335865,-15.4009666443,-4.27200126648,-16.3285427094]},"hfc":{"dmean":6.78111743927,"dmean2":8.95180130005,"dvar":112.864784241,"dvar2":200.889297485,"max":216.453308105,"mean":21.9986972809,"median":14.0190353394,"min":1.07685469106e-16,"var":486.75491333},"melbands":{"dmean":[0.000582665321417,0.00147313228808,0.0010616799118,0.000338372774422,0.000123469159007,0.000174657165189,0.000217241526116,0.000115568400361,0.0001375299762,0.0000970816618064,0.0000657491982565,0.0000418331874243,0.000034881530155,0.0000386205974792,0.0000336269149557,0.000026741561669,0.0000253411762969,0.0000199526730285,0.0000193296564248,0.0000177885904122,0.0000155038196681,0.0000142088365465,0.0000144004661706,0.0000108197255031,0.0000105032613646,0.0000123055860968,0.0000106508787212,0.00000569667599848,0.00000402960222345,0.00000398070869778,0.00000349945889866,0.00000273176465271,0.00000248764172284,0.0000020216118628,0.00000207747393688,0.00000196974724531,0.00000160105173563,0.00000126878160245,7.52844641738e-7,3.82413929856e-7],"dmean2":[0.000928207009565,0.00251936563291,0.00170014065225,0.000549941556528,0.000200449008844,0.000274095888017,0.00034429479274,0.00017977898824,0.000203850038815,0.000145395286381,0.0000977037125267,0.0000650884176139,0.0000540836263099,0.0000591217030887,0.0000517494408996,0.0000420140459028,0.0000395339811803,0.0000307626360154,0.0000295711779472,0.000028055635994,0.0000244316706812,0.0000225127423619,0.0000230650366575,0.0000175688237505,0.0000168025344465,0.0000189796355698,0.0000164147259056,0.00000873928274814,0.00000627577810519,0.00000614646933172,0.0000052872537708,0.00000407642619393,0.00000366763288184,0.0000029815957987,0.00000305888556795,0.0000028142355859,0.00000229965371545,0.0000017378706616,0.00000101603791336,5.2462792155e-7],"dvar":[0.00000221126856559,0.0000128966912598,0.00000580653158977,3.85509849821e-7,4.32863132005e-8,1.08974084867e-7,2.83216593289e-7,7.86043443668e-8,1.06575917869e-7,5.0021743192e-8,2.3617555911e-8,8.89518858571e-9,9.07967745434e-9,1.51033319185e-8,9.46375156019e-9,6.1834302123e-9,3.87553811265e-9,1.94397498099e-9,2.17134688008e-9,1.47369627612e-9,7.68933083872e-10,7.83746845201e-10,8.86729523142e-10,3.76952719039e-10,2.51492049408e-10,3.90080301393e-10,4.067848558e-10,1.10124818986e-10,7.17186240951e-11,1.0953409707e-10,1.27031191122e-10,7.66652019646e-11,4.85322372568e-11,2.30473504864e-11,3.8961590898e-11,6.32829413871e-11,4.07513987832e-11,3.24297949605e-11,9.92365911667e-12,1.35752975701e-12],"dvar2":[0.000005570416306,0.0000349783949787,0.0000129669097078,9.8341388366e-7,1.13412596647e-7,2.49645268013e-7,6.59799638925e-7,1.83384571528e-7,2.49631625593e-7,1.10919117446e-7,5.29754444756e-8,2.13996447229e-8,2.0640774423e-8,3.46845929755e-8,2.11383071047e-8,1.47622269964e-8,8.78089689849e-9,4.33103553021e-9,4.6616084326e-9,3.36484862196e-9,1.71115444036e-9,1.85698811883e-9,1.98831240361e-9,9.25911403105e-10,5.95591131969e-10,8.34628588464e-10,9.53879308874e-10,2.59412741288e-10,1.72221903405e-10,2.60304555688e-10,3.10953846006e-10,1.86630003118e-10,1.14125223161e-10,4.90732766922e-11,8.07957797888e-11,1.30875102422e-10,8.88463747017e-11,6.31210916868e-11,1.88801925483e-11,2.64786304861e-12],"max":[0.0133612938225,0.0255030430853,0.0249091275036,0.00878918915987,0.00332695269026,0.00662097753957,0.0108936140314,0.00521676056087,0.00704005174339,0.00552300689742,0.00373232550919,0.00266176788136,0.0027292270679,0.00339537300169,0.00282170111313,0.00251943478361,0.00240311701782,0.000901266001165,0.00115196371917,0.00102387974039,0.000997550436296,0.000655752490275,0.000851039658301,0.000348830857547,0.000312561227474,0.000484116928419,0.000499170972034,0.000244659866439,0.000194919324713,0.000445631332695,0.000543922360521,0.000316307210596,0.000218536777538,0.0000985105652944,0.000183179989108,0.000239804678131,0.000217494598473,0.000302910542814,0.000142083605169,0.0000485367236251],"mean":[0.000572388758883,0.00131308869459,0.00117741210852,0.000487730198074,0.000223069568165,0.000309338065563,0.000344311556546,0.000187450568774,0.000242417518166,0.000172873624251,0.000118961041153,0.0000728661834728,0.0000554124417249,0.0000607085057709,0.0000525128270965,0.0000408657142543,0.0000390006607631,0.0000327449815813,0.0000321351144521,0.0000307647314912,0.000028055454095,0.0000261232598859,0.0000253848083958,0.0000191658127733,0.0000197545068659,0.0000240385907091,0.0000209891677514,0.0000112381885629,0.00000760699731472,0.00000691501281835,0.0000060366028265,0.00000504226454723,0.00000449888420917,0.0000038592470446,0.00000375023546439,0.00000339363327839,0.00000277699200524,0.00000209396171158,0.00000127967530261,6.73477927648e-7],"median":[0.000130876083858,0.000379004748538,0.000399892887799,0.000279818574199,0.000147931161337,0.000158037350047,0.000164130120538,0.0000982288620435,0.000122265366372,0.0000787479802966,0.0000493046463816,0.0000343103383784,0.0000206282056752,0.000024334374757,0.0000202142146009,0.0000175545355887,0.0000182631883945,0.0000156667592819,0.0000144363993968,0.0000151017338794,0.0000153083674377,0.0000139482999657,0.0000136251110234,0.0000113710457299,0.0000115966167868,0.0000124441776279,0.00000831068155094,0.00000403194553655,0.00000188889566743,0.00000120815116134,8.38275980186e-7,5.97791085966e-7,5.70242605136e-7,6.75377577863e-7,5.15712770266e-7,3.32102899847e-7,2.75744838518e-7,1.97757302089e-7,1.18777009561e-7,6.96315822779e-8],"min":[1.13176592173e-24,8.07833798852e-25,7.90073680255e-25,1.89010362916e-24,1.67986983134e-24,1.63321955563e-24,2.54339287136e-24,1.929787277e-24,2.94646588684e-24,1.49242997215e-24,1.98860277394e-24,2.00621665745e-24,1.39512466975e-24,2.24730951059e-24,3.47951083619e-24,2.90995365705e-24,2.51094288081e-24,3.91453528212e-24,4.61597146639e-24,4.12585415812e-24,3.06519162244e-24,2.8318067292e-24,3.67953716833e-24,3.6192697729e-24,4.57865637342e-24,4.42045031887e-24,4.69937063015e-24,4.95158839421e-24,4.93162784672e-24,5.23446287077e-24,4.77372826464e-24,4.73232411117e-24,4.44351069529e-24,5.71628727876e-24,5.72638627607e-24,6.47274927218e-24,5.97733002977e-24,4.68645263839e-24,6.14000261476e-24,6.81402746028e-24],"var":[0.00000200040972231,0.00000916649241844,0.00000601275405643,4.54457165233e-7,7.27401783251e-8,2.21192337335e-7,4.6778833962e-7,1.10527729191e-7,1.79294588065e-7,1.01364364014e-7,5.05041377608e-8,1.77902137466e-8,1.60035344976e-8,2.44361277879e-8,1.79061263594e-8,1.03960484665e-8,6.2797580469e-9,3.63775476409e-9,4.23926094228e-9,3.15396597728e-9,1.7290715526e-9,1.47798884242e-9,1.71640213154e-9,6.54914789067e-10,5.84104431489e-10,1.03957331632e-9,1.05403719086e-9,2.7654259438e-10,1.9085959202e-10,1.96763980109e-10,1.82239126567e-10,1.28246066544e-10,9.13187372942e-11,6.0285249015e-11,9.17692866143e-11,1.35083819131e-10,8.87803303096e-11,6.91526350072e-11,2.15447555629e-11,3.45359895196e-12]},"melbands_crest":{"dmean":3.68188905716,"dmean2":5.88515663147,"dvar":13.4799747467,"dvar2":32.3898010254,"max":32.6530532837,"mean":11.5902681351,"median":10.3071861267,"min":1.63301968575,"var":25.771938324},"melbands_flatness_db":{"dmean":0.0274494551122,"dmean2":0.04100189358,"dvar":0.000954683695454,"dvar2":0.0023368881084,"max":0.41847011447,"mean":0.159944713116,"median":0.158521294594,"min":0.00367290736176,"var":0.003834848525},"melbands_kurtosis":{"dmean":5.86039590836,"dmean2":9.44314098358,"dvar":153.714233398,"dvar2":396.114532471,"max":203.835067749,"mean":7.38386869431,"median":4.07480144501,"min":-1.75949931145,"var":146.460983276},"melbands_skewness":{"dmean":0.740710258484,"dmean2":1.10274708271,"dvar":0.919524729252,"dvar2":2.10194444656,"max":10.6369857788,"mean":2.10916733742,"median":1.87431764603,"min":-1.35699939728,"var":1.59633016586},"melbands_spread":{"dmean":9.80448246002,"dmean2":14.42162323,"dvar":160.002822876,"dvar2":321.970123291,"max":216.859298706,"mean":33.9412460327,"median":27.5560951233,"min":1.3925460577,"var":627.469665527},"mfcc":{"cov":[[11626.28125,-101.785552979,35.1326828003,369.149719238,-81.7126312256,74.9795074463,-96.9433059692,5.48663520813,-168.653839111,87.163230896,-135.026382446,-40.4375648499,-47.1732063293],[-101.785552979,2039.30944824,-681.344421387,124.240699768,112.153785706,-202.207199097,98.166847229,93.1122970581,-58.1551132202,73.8954544067,32.2987174988,5.55824756622,58.5594482422],[35.1326828003,-681.344421387,734.752380371,-27.4968166351,27.2380180359,175.725875854,3.6081533432,-28.7692565918,82.9865341187,-53.832321167,18.480884552,18.175901413,-23.1099567413],[369.149719238,124.240699768,-27.4968166351,205.236709595,86.4847793579,20.2909412384,-3.37288713455,10.5877046585,11.697936058,10.1051845551,-1.86671221256,-11.9333238602,9.00496292114],[-81.7126312256,112.153785706,27.2380180359,86.4847793579,190.919158936,18.1199359894,32.8665618896,21.6094226837,21.0876121521,15.7713003159,11.3748874664,-10.7680215836,16.786863327],[74.9795074463,-202.207199097,175.725875854,20.2909412384,18.1199359894,144.245315552,30.3685741425,-2.97758579254,33.5342636108,-29.393157959,15.1145467758,5.07948446274,-18.684261322],[-96.9433059692,98.166847229,3.6081533432,-3.37288713455,32.8665618896,30.3685741425,144.944366455,56.325630188,20.7365970612,0.162532314658,9.82701873779,13.8957424164,3.11195254326],[5.48663520813,93.1122970581,-28.7692565918,10.5877046585,21.6094226837,-2.97758579254,56.325630188,91.1642379761,22.5227413177,12.5098295212,-6.75420761108,-2.58762121201,5.60399341583],[-168.653839111,-58.1551132202,82.9865341187,11.697936058,21.0876121521,33.5342636108,20.7365970612,22.5227413177,115.438682556,1.08920192719,18.1947479248,-13.4582996368,-18.286989212],[87.163230896,73.8954544067,-53.832321167,10.1051845551,15.7713003159,-29.393157959,0.162532314658,12.5098295212,1.08920192719,89.7786941528,13.2866783142,11.652879715,9.23998165131],[-135.026382446,32.2987174988,18.480884552,-1.86671221256,11.3748874664,15.1145467758,9.82701873779,-6.75420761108,18.1947479248,13.2866783142,69.2638015747,20.4794788361,-4.61933279037],[-40.4375648499,5.55824756622,18.175901413,-11.9333238602,-10.7680215836,5.07948446274,13.8957424164,-2.58762121201,-13.4582996368,11.652879715,20.4794788361,65.4422912598,21.2577972412],[-47.1732063293,58.5594482422,-23.1099567413,9.00496292114,16.786863327,-18.684261322,3.11195254326,5.60399341583,-18.286989212,9.23998165131,-4.61933279037,21.2577972412,62.2304115295]],"icov":[[0.000102683836303,-0.00000314552630698,-0.0000424762583862,-0.000242010792135,0.000144499790622,-0.0000862006127136,0.000029080949389,-0.000063738625613,0.000208636629395,-0.000185595767107,0.000170686238562,0.0000336225857609,0.000129521096824],[-0.00000314552630698,0.000867485709023,0.00064430484781,-0.000362324295565,-0.000350743124727,0.000695857044775,-0.000518267275766,-0.000301714462694,0.0000881455198396,0.00017933754134,-0.000693879264873,-0.0000659164143144,-0.000200085371034],[-0.0000424762583862,0.00064430484781,0.00271035498008,0.000595396268182,-0.000910691102035,-0.00193181133363,0.000262663059402,0.00032083914266,-0.00129326910246,0.000733093824238,-0.0000180191036634,-0.00109003519174,-0.000212382772588],[-0.000242010792135,-0.000362324295565,0.000595396268182,0.00729044154286,-0.00317454966716,-0.00202056067064,0.00155560730491,-0.000205116972211,-0.000970357912593,-0.000031838153518,0.000599608465564,0.000218551882426,-0.000796553038526],[0.000144499790622,-0.000350743124727,-0.000910691102035,-0.00317454966716,0.00794081110507,-0.000299778213957,-0.00153439946007,-0.000203976422199,0.000121932054753,-0.00145270908251,-0.00120292126667,0.00287978933193,-0.00239769858308],[-0.0000862006127136,0.000695857044775,-0.00193181133363,-0.00202056067064,-0.000299778213957,0.0126463398337,-0.00311248144135,0.000813632563222,-0.000855237944052,0.00288102403283,-0.00207044812851,-0.0010876741726,0.00235381582752],[0.000029080949389,-0.000518267275766,0.000262663059402,0.00155560730491,-0.00153439946007,-0.00311248144135,0.0110480273142,-0.00628925208002,-0.000332669646014,0.000813362945337,-0.000227398675634,-0.00265222322196,0.000546060502529],[-0.000063738625613,-0.000301714462694,0.00032083914266,-0.000205116972211,-0.000203976422199,0.000813632563222,-0.00628925208002,0.0168133210391,-0.00340718450025,-0.00191740586888,0.00325676449575,0.000794789055362,-0.00126211997122],[0.000208636629395,0.0000881455198396,-0.00129326910246,-0.000970357912593,0.000121932054753,-0.000855237944052,-0.000332669646014,-0.00340718450025,0.0122528476641,-0.00108550488949,-0.00330160651356,0.003380053211,0.00213123648427],[-0.000185595767107,0.00017933754134,0.000733093824238,-0.000031838153518,-0.00145270908251,0.00288102403283,0.000813362945337,-0.00191740586888,-0.00108550488949,0.0139121022075,-0.00293096760288,-0.00273220520467,-0.00031262866105],[0.000170686238562,-0.000693879264873,-0.0000180191036634,0.000599608465564,-0.00120292126667,-0.00207044812851,-0.000227398675634,0.00325676449575,-0.00330160651356,-0.00293096760288,0.0198693051934,-0.00708335731179,0.00346935726702],[0.0000336225857609,-0.0000659164143144,-0.00109003519174,0.000218551882426,0.00287978933193,-0.0010876741726,-0.00265222322196,0.000794789055362,0.003380053211,-0.00273220520467,-0.00708335731179,0.0229113418609,-0.00834457855672],[0.000129521096824,-0.000200085371034,-0.000212382772588,-0.000796553038526,-0.00239769858308,0.00235381582752,0.000546060502529,-0.00126211997122,0.00213123648427,-0.00031262866105,0.00346935726702,-0.00834457855672,0.0216127503663]],"mean":[-650.314575195,117.127616882,-13.9805374146,27.5817699432,-1.13498747349,-4.34942388535,-3.64367794991,3.73718738556,-5.76280355453,5.95620346069,-1.50655341148,-1.15496623516,-1.73140442371]},"pitch_salience":{"dmean":0.0740489065647,"dmean2":0.119231939316,"dvar":0.00543442880735,"dvar2":0.0143989166245,"max":0.876231372356,"mean":0.627355694771,"median":0.639308393002,"min":0.173558756709,"var":0.00987933017313},"silence_rate_20dB":{"dmean":0,"dmean2":0,"dvar":0,"dvar2":0,"max":1,"mean":1,"median":1,"min":1,"var":0},"silence_rate_30dB":{"dmean":0.000194080537767,"dmean2":0.000388198764995,"dvar":0.000194030057173,"dvar2":0.000582096166909,"max":1,"mean":0.999902963638,"median":1,"min":0,"var":0.0000970182372839},"silence_rate_60dB":{"dmean":0.0182435717434,"dmean2":0.0364906825125,"dvar":0.0179126411676,"dvar2":0.0442873127759,"max":1,"mean":0.0821851342916,"median":0,"min":0,"var":0.0754340961576},"spectral_centroid":{"dmean":299.025146484,"dmean2":451.723907471,"dvar":102314.6875,"dvar2":221789.734375,"max":11555.296875,"mean":1791.82714844,"median":1658.94775391,"min":255.061325073,"var":1125263.375},"spectral_complexity":{"dmean":4.41436195374,"dmean2":6.47146749496,"dvar":24.463142395,"dvar2":43.8411102295,"max":61,"mean":23.4557533264,"median":22,"min":0,"var":159.296325684},"spectral_contrast_coeffs":{"dmean":[0.053772110492,0.043653614819,0.0363800041378,0.0280296038836,0.0223105531186,0.0192318744957],"dmean2":[0.0846094861627,0.0700726211071,0.0580957308412,0.0450106561184,0.0359748564661,0.0309537295252],"dvar":[0.00215408625081,0.001321853837,0.00088196300203,0.000511674268637,0.000374346913304,0.000431039690739],"dvar2":[0.00507398368791,0.00332103390247,0.00221326178871,0.00123988487758,0.000902540748939,0.00103078177199],"max":[-0.346010714769,-0.472892284393,-0.557078063488,-0.592083990574,-0.600626528263,-0.561539232731],"mean":[-0.649248123169,-0.743983209133,-0.770836889744,-0.795185565948,-0.788333594799,-0.758005678654],"median":[-0.650343179703,-0.746388852596,-0.772855520248,-0.79819893837,-0.79040402174,-0.753726840019],"min":[-0.979955255985,-0.980356216431,-0.9759298563,-0.970261931419,-0.965253710747,-0.966092526913],"var":[0.0068276389502,0.00496864179149,0.00348638207652,0.00231988867745,0.00225410680287,0.00199683429673]},"spectral_contrast_valleys":{"dmean":[0.461929649115,0.332455515862,0.315507948399,0.266265749931,0.266533732414,0.368493825197],"dmean2":[0.688350558281,0.535107374191,0.509433686733,0.41555377841,0.412424266338,0.43648353219],"dvar":[0.216561645269,0.115321539342,0.111051596701,0.0927140340209,0.141660183668,0.262131422758],"dvar2":[0.403329312801,0.244734987617,0.232996478677,0.173765808344,0.289269208908,0.445588588715],"max":[-5.36559963226,-4.77390766144,-5.06830453873,-5.77390384674,-5.57082843781,-7.22324895859],"mean":[-7.70238208771,-6.82206535339,-7.4945435524,-7.72361135483,-7.44284057617,-10.4762363434],"median":[-7.3302731514,-6.47681331635,-7.19859266281,-7.40791797638,-7.10648202896,-10.3006649017],"min":[-28.0865516663,-28.1435699463,-27.7451686859,-27.6656780243,-27.5174846649,-27.3827762604],"var":[4.28954362869,4.39147949219,4.15056800842,4.06799268723,4.26670455933,3.93343639374]},"spectral_decrease":{"dmean":2.57584775731e-9,"dmean2":3.89671095391e-9,"dvar":1.71616336283e-17,"dvar2":3.97754529019e-17,"max":2.09723563515e-28,"mean":-5.12766806793e-9,"median":-3.51482354333e-9,"min":-3.7399288999e-8,"var":2.43389888135e-17},"spectral_energy":{"dmean":0.0101446313784,"dmean2":0.0152063993737,"dvar":0.000255517486949,"dvar2":0.000585497007705,"max":0.152470603585,"mean":0.0213483273983,"median":0.0150666479021,"min":1.00493445605e-20,"var":0.000390955392504},"spectral_energyband_high":{"dmean":0.000536375620868,"dmean2":0.000685929204337,"dvar":0.00000159320438797,"dvar2":0.00000295992253996,"max":0.0344276241958,"mean":0.00122683274094,"median":0.00026241352316,"min":7.15106202164e-21,"var":0.00000532948160981},"spectral_energyband_low":{"dmean":0.00673191482201,"dmean2":0.0108494637534,"dvar":0.000192837673239,"dvar2":0.000488672638312,"max":0.0952966436744,"mean":0.00677296938375,"median":0.00206737034023,"min":1.28970112088e-23,"var":0.000170494167833},"spectral_energyband_middle_high":{"dmean":0.00152897613589,"dmean2":0.002218992915,"dvar":0.00000595031360717,"dvar2":0.0000115489783639,"max":0.0423033833504,"mean":0.00490396935493,"median":0.0034178502392,"min":1.19837599393e-21,"var":0.0000251743967965},"spectral_energyband_middle_low":{"dmean":0.00475295307115,"dmean2":0.00726485997438,"dvar":0.0000684385886416,"dvar2":0.000148654406075,"max":0.109353944659,"mean":0.0100757135078,"median":0.00717888120562,"min":1.48597918043e-22,"var":0.000104868609924},"spectral_entropy":{"dmean":0.130166485906,"dmean2":0.191431939602,"dvar":0.0239685531706,"dvar2":0.0497863069177,"max":9.82150363922,"mean":7.74678421021,"median":7.68384075165,"min":6.13419961929,"var":0.172506734729},"spectral_flux":{"dmean":0.0292305480689,"dmean2":0.0455465093255,"dvar":0.00147751613986,"dvar2":0.00338113005273,"max":0.308157742023,"mean":0.0827522575855,"median":0.0704014077783,"min":6.35597754983e-11,"var":0.00315875303932},"spectral_kurtosis":{"dmean":1.6147698164,"dmean2":2.7299349308,"dvar":4.73276567459,"dvar2":13.4080610275,"max":33.6197395325,"mean":4.53062725067,"median":3.91808509827,"min":-1.2699855566,"var":9.70918369293},"spectral_rms":{"dmean":0.00092075066641,"dmean2":0.00130057998467,"dvar":0.0000015153835875,"dvar2":0.00000317573153552,"max":0.0121963843703,"mean":0.00409631198272,"median":0.00383394956589,"min":3.13117218785e-12,"var":0.00000404782304031},"spectral_rolloff":{"dmean":652.505065918,"dmean2":996.809020996,"dvar":810262.75,"dvar2":1555751.75,"max":19745.9472656,"mean":2408.42431641,"median":1787.25585938,"min":107.666015625,"var":5680331},"spectral_skewness":{"dmean":0.220522031188,"dmean2":0.356515914202,"dvar":0.0622295103967,"dvar2":0.166055768728,"max":4.13462257385,"mean":1.34571743011,"median":1.29195737839,"min":-0.061920017004,"var":0.213183641434},"spectral_spread":{"dmean":507969.78125,"dmean2":657895.5,"dvar":562252939264,"dvar2":967719583744,"max":42174232,"mean":4426200,"median":3864972.25,"min":1695013.25,"var":12277848735700},"spectral_strongpeak":{"dmean":0.48270252347,"dmean2":0.807801425457,"dvar":0.615113198757,"dvar2":1.61349880695,"max":13.219792366,"mean":0.797298252583,"median":0.507438838482,"min":0,"var":0.87593382597},"zerocrossingrate":{"dmean":0.0123471897095,"dmean2":0.0133685003966,"dvar":0.00022749164782,"dvar2":0.00025357308914,"max":0.529296875,"mean":0.0809726789594,"median":0.064453125,"min":0.0107421875,"var":0.0035033042077}},"metadata":{"audio_properties":{"analysis_sample_rate":44100,"bit_rate":0,"codec":"flac","downmix":"mix","equal_loudness":0,"length":239.266662598,"lossless":true,"md5_encoded":"3e0b2e753318a26cd3b6cfc7f74d3c3a","replay_gain":-7.10253143311,"sample_rate":44100},"tags":{"album":["New Sensations"],"albumartist":["Lou Reed"],"albumartistsort":["Reed, Lou"],"artist":["Lou Reed"],"artistsort":["Reed, Lou"],"asin":["B00000E68U"],"date":["1984"],"discnumber":["01"],"disctotal":["01"],"file_name":"02_endlessly_jealous.flac","genre":["Rock"],"language":["English"],"musicbrainz_albumartistid":["9d1ebcfe-4c15-4d18-95d3-d919898638a1"],"musicbrainz_albumid":["4b9a915e-b93f-4cb3-9f53-94e9f199eb88"],"musicbrainz_artistid":["9d1ebcfe-4c15-4d18-95d3-d919898638a1"],"musicbrainz_discid":["3fjoSsB4RVrwf576yaU9zUJk5X0-","qovINMS.YhWok2PBP7gH_auK4jU-"],"musicbrainz_recordingid":["cafa3cfe-542e-4868-8fad-510e7ee88b57"],"musicbrainz_releasegroupid":["63174695-db15-33e7-babc-c98e590a5e2d"],"musicip_puid":["185685b7-cdf7-85ad-bc4b-e5cc15c3c670"],"releasecountry":["Germany"],"script":["Latin"],"title":["Endlessly Jealous"],"tracknumber":["02"],"tracktotal":["11"]},"version":{"essentia":"2.1-beta2","essentia_build_sha":"70f2e5ece6736b2c40cc944ad0e695b16b925413","essentia_git_sha":"v2.1_beta2","extractor":"music 1.0"}},"rhythm":{"beats_count":534,"beats_loudness":{"dmean":0.0217609684914,"dmean2":0.0386715941131,"dvar":0.000327341927914,"dvar2":0.000990312546492,"max":0.100504606962,"mean":0.041980843991,"median":0.0420941710472,"min":0,"var":0.000494090956636},"beats_loudness_band_ratio":{"dmean":[0.223380297422,0.0846085101366,0.103803411126,0.0517733208835,0.0635234564543,0.103098928928],"dmean2":[0.376537740231,0.146940141916,0.185785129666,0.0902672857046,0.113151475787,0.199112907052],"dvar":[0.0284613072872,0.00610782764852,0.0105367554352,0.00518981413916,0.00329898390919,0.00413359887898],"dvar2":[0.078992001