{"lowlevel":{"average_loudness":0.833868086338,"barkbands":{"dmean":[0.00617955904454,0.0134877953678,0.00391974998638,0.00311634573154,0.00314539275132,0.00188485055696,0.00128420104738,0.000669868371915,0.000395653041778,0.000437554466771,0.000266324350378,0.00021271505102,0.0000967866799328,0.000113022557343,0.000112194356916,0.0000913826588658,0.0000859404899529,0.0000613754746155,0.0000570044248889,0.0000567393726669,0.0000640707003186,0.0000685583800077,0.0000144279310916,0.00000549710284758,0.00000303552087644,0.00000572486578676,0.000145154233905],"dmean2":[0.0100769801065,0.0219738129526,0.00646682456136,0.00506056612357,0.00503178359941,0.00293155969121,0.00206713378429,0.0010924928356,0.000663235550746,0.000716829497833,0.000441306561697,0.000356155826012,0.000161931355251,0.000187545461813,0.000189168247744,0.000149332699948,0.0001382331684,0.0000934222189244,0.0000834769234643,0.00008335509483,0.0000937625736697,0.000104454469692,0.0000212743416341,0.00000877303136804,0.00000507247796122,0.00000878416904015,0.000216894928599],"dvar":[0.000346673303284,0.000708407897037,0.0000438944844063,0.0000270262607955,0.0000210266334761,0.0000111320750875,0.00000737864274925,0.00000561855449632,3.99428216724e-7,6.13548252204e-7,1.8078372932e-7,1.24659351286e-7,3.14592298878e-8,3.93727361825e-8,5.17482163787e-8,4.24285211409e-8,3.34136061042e-8,3.3569467206e-8,2.77126463999e-8,3.67364485498e-8,3.57332226031e-8,2.53911736081e-8,1.30235089379e-9,1.16444756615e-10,2.91707907829e-11,1.36842398524e-10,1.67497816506e-7],"dvar2":[0.000810349651147,0.00175232836045,0.000115966679004,0.0000728753147996,0.0000508477278345,0.0000268087660515,0.0000182784951903,0.0000147296823343,0.00000107427479179,0.00000163528318353,4.71244277378e-7,3.38460949934e-7,8.18739422925e-8,1.04881912932e-7,1.43214577975e-7,1.13597458551e-7,8.36914111346e-8,7.40254364473e-8,5.73725067454e-8,7.61617826583e-8,6.06483965271e-8,5.69040281562e-8,2.72532463264e-9,2.85930973343e-10,7.47036599247e-11,2.97968399954e-10,4.45267147597e-7],"max":[0.307459980249,0.268053561449,0.0895834267139,0.11051607132,0.141922488809,0.0688297450542,0.112964563072,0.135227844119,0.0132052442059,0.0272655636072,0.0086597148329,0.00654968665913,0.00611177831888,0.00345375551842,0.00455539906397,0.00623577879742,0.00262681092136,0.00788587518036,0.0064658424817,0.00644465023652,0.0095915896818,0.00425163377076,0.00109629239887,0.000204829600989,0.0000804587834864,0.000218094137381,0.0131049286574],"mean":[0.00592065555975,0.0162931960076,0.00600741803646,0.00564624462277,0.00611141650006,0.00370756303892,0.00212900503539,0.00105514761526,0.000646904227324,0.000740323273931,0.000466212863103,0.000351219758159,0.000155593588715,0.000206383148907,0.000194487918634,0.000165663688676,0.000135389214847,0.0000955166906351,0.0000888914510142,0.000092107366072,0.000136580783874,0.000132990026032,0.0000233434911934,0.0000065882754825,0.00000298745590044,0.00000728201166567,0.000316265824949],"median":[0.000934418581892,0.00708921300247,0.00355622614734,0.00262320414186,0.0036500627175,0.00147747574374,0.000894247088581,0.000410667533288,0.000367223226931,0.000362977967598,0.000269749492873,0.000191780709429,0.0000865563342813,0.0001093634055,0.000102431906271,0.0000695670460118,0.0000524958377355,0.0000281643442577,0.0000208967976505,0.0000323268213833,0.0000745288270991,0.0000783357681939,0.0000105552126115,0.00000279999653685,0.00000106510140085,0.00000298243867292,0.000151525135152],"min":[3.83053599243e-25,1.68372381129e-24,5.54181392628e-25,1.06490581849e-24,5.51436768045e-24,8.15841920332e-24,7.21572568841e-24,3.68438590189e-24,1.57707809994e-23,1.2292813964e-23,1.61438617205e-23,2.47131457157e-23,2.96317108147e-23,1.93112597395e-23,5.62451198991e-23,6.37228901919e-23,5.48914282749e-23,9.34745646621e-23,8.86012091816e-23,1.0960083794e-22,2.26536618172e-22,2.83439540781e-22,3.27491452239e-22,5.25583260782e-22,8.41847114503e-22,1.2939125274e-21,1.81258354912e-21],"var":[0.000340805330779,0.000777313252911,0.0000603360276727,0.000068469591497,0.0000636310141999,0.000033221567719,0.0000139248895721,0.00000723326638763,7.47231354126e-7,0.00000128530689381,3.7435168565e-7,2.17652768697e-7,5.45967715482e-8,9.40899980151e-8,8.14217173684e-8,8.75163692626e-8,5.55094139543e-8,6.12654744714e-8,6.48579927542e-8,8.22293984015e-8,8.97614285122e-8,4.90306391043e-8,2.66521493764e-9,1.32462707469e-10,2.92883876873e-11,1.84016607507e-10,3.91148006429e-7]},"barkbands_crest":{"dmean":2.86950993538,"dmean2":4.68701601028,"dvar":6.51932239532,"dvar2":16.6412963867,"max":25.0674324036,"mean":11.0887012482,"median":10.3157892227,"min":3.07037949562,"var":16.4571933746},"barkbands_flatness_db":{"dmean":0.0290671717376,"dmean2":0.0461128279567,"dvar":0.000672616704833,"dvar2":0.00168633845169,"max":0.431463897228,"mean":0.171709626913,"median":0.168417796493,"min":0.0371102578938,"var":0.0024863241706},"barkbands_kurtosis":{"dmean":7.87462329865,"dmean2":12.7962961197,"dvar":176.427764893,"dvar2":420.635253906,"max":367.357879639,"mean":16.1959571838,"median":12.1895418167,"min":-1.91188466549,"var":305.573394775},"barkbands_skewness":{"dmean":0.775866389275,"dmean2":1.22364461422,"dvar":0.728249132633,"dvar2":1.7327067852,"max":14.8204631805,"mean":2.99794793129,"median":2.88360071182,"min":-2.39691972733,"var":2.26849842072},"barkbands_spread":{"dmean":4.59666109085,"dmean2":7.27418899536,"dvar":42.2483253479,"dvar2":96.6118164062,"max":123.387802124,"mean":14.190071106,"median":10.8120555878,"min":0.460356861353,"var":150.020080566},"dissonance":{"dmean":0.0247306916863,"dmean2":0.0414359532297,"dvar":0.000608040427323,"dvar2":0.00164708250668,"max":0.500000059605,"mean":0.452771514654,"median":0.461356401443,"min":0.146000519395,"var":0.00134707347024},"dynamic_complexity":3.45215845108,"erbbands":{"dmean":[0.522863805294,2.5988805294,4.59974813461,7.89652442932,10.4056768417,10.3934936523,12.91410923,16.6224708557,16.7151126862,19.6155376434,11.1453361511,9.69361972809,7.90920162201,16.1686210632,10.0037879944,8.38072299957,4.43109273911,5.1407251358,6.06869935989,4.78667545319,4.57994365692,4.7221698761,3.53695440292,3.0932559967,2.56139230728,2.68522500992,2.30565857887,2.8989405632,2.32624816895,1.53216803074,0.343237668276,0.160124853253,0.0725646913052,0.0345736779273,0.0216133855283,0.0136982547119,0.0116293961182,0.0142087982967,0.0100471107289,0.00405307253823],"dmean2":[0.900969564915,4.12501001358,7.47558021545,12.7962408066,16.8288116455,16.8722248077,20.1072597504,26.0927562714,26.8379020691,31.1299095154,18.4470462799,16.3603630066,13.0769901276,26.491399765,16.5480518341,14.0113801956,7.39519023895,8.57129383087,10.1612167358,7.89020681381,7.34790325165,7.53460216522,5.41992235184,4.539686203,3.70115709305,3.91904520988,3.28860044479,4.39606618881,3.5371491909,2.34863471985,0.502709686756,0.250535279512,0.117560788989,0.0576466061175,0.0360254906118,0.0222002454102,0.0177461206913,0.020388610661,0.0141202677041,0.00609604176134],"dvar":[1.68954777718,30.5238189697,86.994140625,147.795791626,279.690185547,255.539718628,466.522033691,1087.38977051,1026.27990723,2700.88696289,757.320800781,259.006256104,316.625518799,654.585571289,282.234100342,196.842941284,61.5374603271,83.0537414551,126.519363403,100.912597656,90.4682312012,108.813804626,118.542709351,69.145652771,67.7157058716,74.2910919189,66.0971069336,49.5928497314,25.8469276428,24.2479076385,0.678495049477,0.133173510432,0.0179130006582,0.00374926603399,0.00145972869359,0.000508681463543,0.000596257101279,0.000926518172491,0.000373635237338,0.0000677695206832],"dvar2":[4.55372571945,70.0316848755,214.247451782,387.562408447,704.128601074,653.062011719,1056.0098877,2616.81445312,2539.06738281,6777.89160156,1988.20947266,699.320739746,872.080322266,1735.30627441,731.578491211,534.654968262,160.027145386,221.691726685,348.618347168,277.119049072,229.526123047,271.370727539,272.837799072,134.309738159,135.453704834,149.368606567,109.115646362,88.5595779419,53.2178497314,60.3512763977,1.42633068562,0.327403813601,0.0443261340261,0.00958114862442,0.00373405707069,0.00126095628366,0.0012720413506,0.00190439028665,0.000762708368711,0.000174972898094],"max":[15.2354974747,62.2848968506,122.504692078,214.219055176,555.992736816,262.606567383,409.261291504,887.555419922,746.83416748,2271.69921875,1337.23059082,356.795440674,787.073425293,613.980651855,407.676300049,282.946868896,269.758026123,198.921875,218.392578125,272.445617676,230.450653076,160.078659058,532.473937988,392.445037842,361.679290771,289.126190186,465.536499023,300.7215271,170.125350952,87.6790084839,26.4394645691,8.37684345245,1.79009199142,0.916941463947,0.569551825523,0.318193584681,0.446499705315,0.835976839066,0.572166204453,0.264898896217],"mean":[0.526976168156,3.41557335854,6.85441827774,15.9714202881,19.1162052155,18.3583049774,23.1322345734,32.5532798767,30.0854930878,31.946767807,19.3535785675,15.8512163162,14.2498846054,28.6097869873,18.2344360352,14.4325714111,8.00094509125,9.84105014801,11.3257265091,9.2249956131,8.81192684174,7.55792045593,5.5989408493,4.86772155762,4.25546169281,4.36247730255,4.44119024277,6.32817983627,4.99461364746,2.23834657669,0.562817871571,0.201944828033,0.0843550935388,0.035126645118,0.0216631125659,0.0155858872458,0.0151076670736,0.0240629147738,0.0190798789263,0.0131018236279],"median":[0.216718822718,1.40352940559,3.83023500443,8.59971618652,9.89476680756,10.7770719528,12.41340065,11.3114910126,12.2927694321,12.5709667206,9.25576400757,8.91625595093,8.1776008606,15.7563772202,10.9537448883,8.23543739319,4.80704307556,5.55628871918,6.41555690765,4.58666038513,3.69728136063,2.92741823196,1.74528443813,1.23421895504,1.15165185928,1.56977307796,2.13890075684,3.66246676445,3.05469512939,1.00156378746,0.265010714531,0.0847669541836,0.0371102467179,0.0135362362489,0.00805306620896,0.00665785977617,0.00612314976752,0.00969616323709,0.00798975024372,0.00918167643249],"min":[9.07449102925e-23,4.46341084758e-22,2.09195027046e-21,4.40367410941e-21,1.13516103802e-20,2.08935531441e-20,3.19405809209e-20,3.71137684718e-20,7.85060640385e-20,1.56746745272e-19,2.68384359061e-19,3.9619487894e-19,6.27806458582e-19,6.4722969334e-19,5.67124023556e-19,1.14147646829e-18,1.30276252227e-18,1.29514160389e-18,3.24087006534e-18,3.28697132241e-18,3.87282984947e-18,3.19276951272e-18,5.39130308432e-18,6.27155270984e-18,5.8516547378e-18,5.39594522192e-18,8.69863876623e-18,1.01146561696e-17,1.09917389342e-17,9.68420130503e-18,1.02826846762e-17,1.06591279555e-17,8.11680240491e-18,7.3953156223e-18,6.2696088354e-18,3.50494747589e-18,2.21322864198e-18,9.94806695735e-19,2.46719800885e-19,2.36247985136e-20],"var":[1.29880940914,39.4730911255,107.228042603,407.155273438,827.865539551,549.866638184,1041.54064941,3379.07348633,2403.79223633,4396.1484375,1315.61730957,468.807128906,552.263793945,1451.78674316,606.074951172,351.319091797,117.499946594,197.483795166,235.946578979,223.963592529,214.913238525,174.634185791,197.227539062,175.03163147,157.61807251,169.607528687,162.676452637,131.931930542,64.9788894653,27.880361557,1.3559281826,0.157901927829,0.0195645112544,0.00379641796462,0.00148349336814,0.000597913749516,0.00081553007476,0.00173840520438,0.000952266040258,0.000257377425442]},"erbbands_crest":{"dmean":2.47122192383,"dmean2":3.9960539341,"dvar":5.21233510971,"dvar2":12.5602760315,"max":29.1757678986,"mean":8.62968730927,"median":7.73624134064,"min":2.34793615341,"var":15.7514486313},"erbbands_flatness_db":{"dmean":0.0211907923222,"dmean2":0.0315782576799,"dvar":0.000352473609382,"dvar2":0.000772520492319,"max":0.382083833218,"mean":0.144425094128,"median":0.138303980231,"min":0.046508628875,"var":0.00184209982399},"erbbands_kurtosis":{"dmean":1.07008397579,"dmean2":1.67556488514,"dvar":2.4512629509,"dvar2":5.80152702332,"max":47.203250885,"mean":0.970263957977,"median":0.381113290787,"min":-1.72191524506,"var":5.21347761154},"erbbands_skewness":{"dmean":0.353312730789,"dmean2":0.532291293144,"dvar":0.117127515376,"dvar2":0.257210344076,"max":6.05005502701,"mean":0.70682567358,"median":0.731231570244,"min":-3.44828438759,"var":0.606952607632},"erbbands_spread":{"dmean":7.96054458618,"dmean2":12.0397558212,"dvar":62.2326889038,"dvar2":136.217376709,"max":139.726135254,"mean":38.0528411865,"median":35.6417236328,"min":3.61768507957,"var":300.767242432},"gfcc":{"cov":[[26364.0078125,1610.875,-1082.73242188,743.663574219,-214.506057739,-464.467132568,297.422332764,-386.636291504,420.334625244,138.755233765,15.3315258026,276.537963867,-42.0574913025],[1610.875,818.132751465,-34.8307800293,-234.200119019,-77.7652511597,-31.5241470337,-4.64216136932,-148.616729736,-3.81140089035,-37.0386123657,-72.0302505493,-61.3964729309,40.9686431885],[-1082.73242188,-34.8307800293,385.338928223,46.7857666016,-32.5310554504,104.979537964,-38.7043991089,64.8687591553,-34.2144813538,57.3944358826,-4.83641052246,2.12527608871,22.2689723969],[743.663574219,-234.200119019,46.7857666016,469.042816162,91.8931503296,17.8721008301,122.815589905,-10.414896965,66.0123291016,23.3338565826,6.63902568817,71.2683258057,-27.6665973663],[-214.506057739,-77.7652511597,-32.5310554504,91.8931503296,305.477630615,-6.77812194824,63.4304924011,73.1704406738,62.672668457,-11.620759964,85.9038619995,20.2638015747,8.6452703476],[-464.467132568,-31.5241470337,104.979537964,17.8721008301,-6.77812194824,182.548034668,-3.41648936272,48.7782897949,-46.8354530334,23.2835407257,-17.0507316589,-2.66940975189,9.55830001831],[297.422332764,-4.64216136932,-38.7043991089,122.815589905,63.4304924011,-3.41648936272,183.591674805,-16.2343997955,73.7685012817,-3.89384746552,20.2627372742,39.2589492798,-10.3421926498],[-386.636291504,-148.616729736,64.8687591553,-10.414896965,73.1704406738,48.7782897949,-16.2343997955,219.396011353,5.37390041351,17.2878780365,65.0015563965,-2.47738027573,-5.04053688049],[420.334625244,-3.81140089035,-34.2144813538,66.0123291016,62.672668457,-46.8354530334,73.7685012817,5.37390041351,152.603500366,50.0124053955,45.1311836243,49.6358795166,-7.43193817139],[138.755233765,-37.0386123657,57.3944358826,23.3338565826,-11.620759964,23.2835407257,-3.89384746552,17.2878780365,50.0124053955,103.405128479,34.4270210266,29.7734985352,11.7010612488],[15.3315258026,-72.0302505493,-4.83641052246,6.63902568817,85.9038619995,-17.0507316589,20.2627372742,65.0015563965,45.1311836243,34.4270210266,115.252670288,43.7465934753,0.838648021221],[276.537963867,-61.3964729309,2.12527608871,71.2683258057,20.2638015747,-2.66940975189,39.2589492798,-2.47738027573,49.6358795166,29.7734985352,43.7465934753,84.8983306885,23.046125412],[-42.0574913025,40.9686431885,22.2689723969,-27.6665973663,8.6452703476,9.55830001831,-10.3421926498,-5.04053688049,-7.43193817139,11.7010612488,0.838648021221,23.046125412,70.1073303223]],"icov":[[0.0000783766954555,-0.000289787509246,0.000295931444271,-0.000301856023725,0.000110622393549,0.000127786261146,0.0000931660324568,-0.000209194200579,0.000120500073535,-0.000275426486041,0.0000304449185933,-0.000316149584251,0.000133184963488],[-0.000289787509246,0.00304040592164,-0.00137374375481,0.00202616560273,-0.000179832961294,-0.000796861946583,-0.000843486981466,0.00220615998842,-0.00175152393058,0.0018509880174,-0.000322975276504,0.00304382224567,-0.00204094476067],[0.000295931444271,-0.00137374375481,0.00480774557218,-0.00197960645892,0.000825604249258,-0.000783498049714,0.000925333704799,-0.00186243327335,0.00125057378318,-0.00289708864875,0.000281443120912,-0.000865156413056,-0.000423303165007],[-0.000301856023725,0.00202616560273,-0.00197960645892,0.00536217261106,-0.00216777110472,-0.00011405369878,-0.00229686475359,0.00136139662936,0.000121101031255,-0.000106282823253,0.00312338653021,-0.00265118177049,0.00228641810827],[0.000110622393549,-0.000179832961294,0.000825604249258,-0.00216777110472,0.00654817325994,-0.00124290422536,-0.0000192954084923,-0.000584137102123,-0.00331129832193,0.00373486219905,-0.00625302782282,0.00464797997847,-0.00405663484707],[0.000127786261146,-0.000796861946583,-0.000783498049714,-0.00011405369878,-0.00124290422536,0.00912842154503,-0.00186462944839,-0.00290450477041,0.00543349795043,-0.0050219274126,0.00446932390332,-0.0037098529283,0.00175123219378],[0.0000931660324568,-0.000843486981466,0.000925333704799,-0.00229686475359,-0.0000192954084923,-0.00186462944839,0.00929515715688,0.000560516200494,-0.00431530829519,0.00311131798662,-0.00129908614326,-0.00138156628236,0.00050952861784],[-0.000209194200579,0.00220615998842,-0.00186243327335,0.00136139662936,-0.000584137102123,-0.00290450477041,0.000560516200494,0.00864819437265,-0.00257639517076,0.00274205068126,-0.00538891926408,0.00492286542431,-0.00139796070289],[0.000120500073535,-0.00175152393058,0.00125057378318,0.000121101031255,-0.00331129832193,0.00543349795043,-0.00431530829519,-0.00257639517076,0.0170451272279,-0.0106012513861,0.00428997119889,-0.0090198200196,0.00608212035149],[-0.000275426486041,0.0018509880174,-0.00289708864875,-0.000106282823253,0.00373486219905,-0.0050219274126,0.00311131798662,0.00274205068126,-0.0106012513861,0.0207115635276,-0.00832617282867,0.00471230316907,-0.00551843550056],[0.0000304449185933,-0.000322975276504,0.000281443120912,0.00312338653021,-0.00625302782282,0.00446932390332,-0.00129908614326,-0.00538891926408,0.00428997119889,-0.00832617282867,0.0230845957994,-0.0143257929012,0.00721039948985],[-0.000316149584251,0.00304382224567,-0.000865156413056,-0.00265118177049,0.00464797997847,-0.0037098529283,-0.00138156628236,0.00492286542431,-0.0090198200196,0.00471230316907,-0.0143257929012,0.0318018011749,-0.0146824326366],[0.000133184963488,-0.00204094476067,-0.000423303165007,0.00228641810827,-0.00405663484707,0.00175123219378,0.00050952861784,-0.00139796070289,0.00608212035149,-0.00551843550056,0.00721039948985,-0.0146824326366,0.0231153406203]],"mean":[-26.6723842621,110.379585266,-74.5133209229,10.2273616791,-29.4041633606,-13.6149482727,1.14594268799,-27.3431587219,-1.07834100723,-8.82060527802,-14.3878946304,-0.796377360821,-3.33347845078]},"hfc":{"dmean":49.4945030212,"dmean2":77.2214126587,"dvar":4655.01171875,"dvar2":11936.5488281,"max":1565.95812988,"mean":176.068054199,"median":118.298980713,"min":1.05754333248e-16,"var":28896.9746094},"melbands":{"dmean":[0.00437514716759,0.00271212379448,0.00132419087458,0.00072945933789,0.000439759722212,0.000364289357094,0.000258978398051,0.000201139046112,0.0000861089283717,0.000058261462982,0.0000405775244872,0.0000687299107085,0.0000351297967427,0.0000245444134634,0.0000167401431099,0.00000880826792127,0.0000107233208837,0.0000104538794403,0.00000768370864535,0.00000700114151186,0.00000537973392056,0.00000532592594027,0.0000040082995838,0.0000028851920888,0.0000026577040444,0.00000204002958526,0.00000196528344532,0.00000188228170828,0.00000143635929817,0.00000169644772541,0.00000186281465631,0.00000151377901147,0.00000117145418699,6.87410420142e-7,1.93249704239e-7,1.3746708305e-7,8.41295388909e-8,5.70633602592e-8,3.35447332134e-8,2.778865138e-8],"dmean2":[0.00724630244076,0.00427721627057,0.00214558327571,0.0011682419572,0.000690117885824,0.000569374242332,0.000417334027588,0.000320300692692,0.000143363242387,0.0000982536294032,0.0000671308807796,0.000112490917672,0.0000582278444199,0.0000407211009588,0.0000282290566247,0.0000147509408635,0.0000179198432306,0.0000175154855242,0.0000128339734147,0.0000116104420158,0.00000864137291501,0.00000860222280608,0.00000638556412014,0.00000441340080215,0.00000396235782318,0.00000306077890855,0.00000293015204988,0.00000282841165244,0.00000209303198062,0.0000025870645004,0.00000290839693662,0.00000235374523072,0.00000181227699159,0.00000106208017314,2.84142885221e-7,2.15263369796e-7,1.33634998178e-7,9.2653024808e-8,5.56025234744e-8,4.65018672458e-8],"dvar":[0.000089500543254,0.0000334176183969,0.00000395690813093,0.00000124302869153,4.64053812266e-7,4.77092441997e-7,2.61097284238e-7,3.44142392805e-7,3.60432856894e-8,9.25327725554e-9,8.35424973644e-9,1.24829595549e-8,3.35891581216e-9,1.57502955123e-9,9.62888546674e-10,2.512500763e-10,3.82656184517e-10,3.51493278927e-10,2.8757485282e-10,2.96331070793e-10,1.26812962908e-10,1.29939725646e-10,1.11953737947e-10,8.89529699899e-11,5.25368082371e-11,4.46537494481e-11,4.90890939009e-11,3.63038592244e-11,2.97648190817e-11,2.57219037736e-11,1.63214147059e-11,1.05355854249e-11,9.88567474408e-12,4.92774918093e-12,2.0960936166e-13,1.38194699282e-13,3.25588487378e-14,1.27691309471e-14,3.35260934479e-15,2.46988814661e-15],"dvar2":[0.000230412086239,0.0000770772021497,0.00001061769035,0.00000306881952383,0.00000106559650703,0.00000115480690965,6.43699308966e-7,8.757212413e-7,9.43512361573e-8,2.49321825407e-8,2.30597088091e-8,3.30095666357e-8,8.8229423767e-9,4.20117185485e-9,2.60979926558e-9,6.68571809026e-10,1.02071429087e-9,9.68254032507e-10,7.90007392837e-10,8.22052537153e-10,3.21041082607e-10,3.27985860693e-10,2.77454254016e-10,1.97677568758e-10,1.05276565243e-10,9.75461378339e-11,1.083222817e-10,7.78314704353e-11,5.06913885867e-11,4.89433840678e-11,3.12801520796e-11,2.27484957954e-11,2.35846828178e-11,1.232998946e-11,4.2191833252e-13,3.42221720797e-13,8.1529536811e-14,3.18856642207e-14,8.51429895283e-15,6.32918900056e-15],"max":[0.105837695301,0.0745324864984,0.039819099009,0.0354075282812,0.012976905331,0.0170436613262,0.0165832471102,0.0295002348721,0.00811881199479,0.00229455763474,0.00408651633188,0.00279063358903,0.00122637092136,0.0007447724347,0.000816051440779,0.000328038469888,0.000381150748581,0.000369052228052,0.000380480923923,0.000548322626855,0.000265216163825,0.000156222988153,0.000256660045125,0.000449787999969,0.0003699544759,0.000268835923634,0.000261483888607,0.00021194362489,0.000296857644571,0.000232867096202,0.000175118257175,0.000111246408778,0.0000636716067675,0.0000414244968852,0.0000179164599103,0.0000146309002957,0.00000342232101502,0.00000152499228534,8.67377650593e-7,7.42943484511e-7],"mean":[0.00501478416845,0.00408155471087,0.002769153798,0.00137227680534,0.000811064150184,0.000725455058273,0.000462297961349,0.000326429319102,0.000147094237036,0.0000932184921112,0.0000699023803463,0.000117702002171,0.0000620965656708,0.0000418421950599,0.0000274059730145,0.0000146750453496,0.0000190252030734,0.0000187237346836,0.0000132354125526,0.0000123434911075,0.00000968303174886,0.00000821853973321,0.00000571348482481,0.0000044455700845,0.00000391861249227,0.00000313261261908,0.00000307082746076,0.00000285181545223,0.00000248904393629,0.00000327448242388,0.0000038585171751,0.00000315025340569,0.00000188182605143,9.18087209811e-7,3.25199437157e-7,1.74671981767e-7,1.00277638637e-7,6.52814193813e-8,3.5230296902e-8,2.7089248178e-8],"median":[0.00221556262113,0.00219063833356,0.00165917840786,0.000772542436607,0.000466081488412,0.000267265131697,0.000191795290448,0.00012645937386,0.0000712479231879,0.0000521707115695,0.00003814324009,0.0000617813784629,0.0000372265058104,0.0000241147408815,0.0000143242159538,0.00000833761805552,0.00000996282415144,0.0000101469959191,0.00000687790634402,0.00000526960593561,0.00000385460998586,0.00000309981305691,0.00000193195683096,0.00000123359336612,9.22691924643e-7,7.53046947466e-7,9.4371216619e-7,0.00000101029763755,0.00000105458798316,0.00000165777578331,0.0000022360463845,0.00000186617148756,9.26887025798e-7,3.43186229657e-7,1.51837610929e-7,6.79762024447e-8,4.09404918855e-8,2.82748278124e-8,1.44009577596e-8,9.51138545702e-9],"min":[9.18360705853e-25,1.36153191557e-24,1.19449732421e-24,1.5672532318e-24,1.65711513853e-24,8.13760757352e-25,1.59200334827e-24,1.46086113923e-24,2.0393350104e-24,2.29706671497e-24,2.86951704148e-24,2.14657670616e-24,1.9993216187e-24,2.14669542973e-24,2.13974832616e-24,2.67136780387e-24,1.92080057357e-24,3.09853085645e-24,4.37168648759e-24,2.84381753091e-24,4.22267657905e-24,3.52499695042e-24,2.66730359248e-24,4.22029816342e-24,4.58035202993e-24,2.83498366928e-24,3.9910362517e-24,2.92744704206e-24,5.07237009854e-24,3.14537933346e-24,4.9173735246e-24,5.34508877981e-24,3.96950942089e-24,4.06412658115e-24,4.14729303095e-24,5.59479086644e-24,5.5097469277e-24,5.34023136879e-24,3.49418286017e-24,5.77637994151e-24],"var":[0.0000825543756946,0.0000435685687989,0.0000107682853923,0.00000362689252142,0.00000109590541797,0.00000149987658915,5.80663822802e-7,5.18704666774e-7,6.81679495074e-8,1.63114357576e-8,1.42188225638e-8,2.73150089214e-8,6.88623025269e-9,2.87175105917e-9,1.67739588885e-9,4.53329984662e-10,8.49046721818e-10,6.8567090894e-10,4.08203415514e-10,5.71531433291e-10,2.77679240712e-10,2.1627437341e-10,1.47767700853e-10,1.61976321245e-10,1.25641066995e-10,8.90175502755e-11,9.47066661205e-11,7.51807643917e-11,7.11412526111e-11,5.59449431226e-11,4.25324775399e-11,2.55107081293e-11,1.41932585476e-11,5.62405634216e-12,4.67649139899e-13,1.63042458224e-13,3.54543969866e-14,1.31381738849e-14,3.51236102919e-15,2.46079863606e-15]},"melbands_crest":{"dmean":3.97183203697,"dmean2":6.48408889771,"dvar":14.5924243927,"dvar2":38.4060974121,"max":37.7019119263,"mean":16.1758937836,"median":15.3955421448,"min":1.61157560349,"var":34.6382446289},"melbands_flatness_db":{"dmean":0.0341605618596,"dmean2":0.0538633838296,"dvar":0.000923645915464,"dvar2":0.00225812708959,"max":0.56989210844,"mean":0.283346354961,"median":0.285011827946,"min":0.00311368820257,"var":0.0044519873336},"melbands_kurtosis":{"dmean":13.2522859573,"dmean2":21.6778850555,"dvar":583.006652832,"dvar2":1444.62255859,"max":927.937683105,"mean":25.8390808105,"median":17.0894527435,"min":-1.84162843227,"var":931.959350586},"melbands_skewness":{"dmean":0.978471875191,"dmean2":1.53072023392,"dvar":1.23190534115,"dvar2":3.00072932243,"max":25.0410346985,"mean":3.55063509941,"median":3.26754999161,"min":-1.44115817547,"var":3.76671814919},"melbands_spread":{"dmean":3.66551661491,"dmean2":5.78508090973,"dvar":50.1027488708,"dvar2":109.930252075,"max":174.01071167,"mean":11.6721429825,"median":7.83575630188,"min":0.246655747294,"var":320.45010376},"mfcc":{"cov":[[9713.84179688,1045.29638672,-207.346618652,1087.59533691,-142.606079102,440.359527588,-221.572357178,205.986816406,59.2751731873,92.6082382202,203.063064575,248.357772827,248.564559937],[1045.29638672,1240.95397949,75.6545028687,-144.064743042,-56.5413742065,43.0925331116,-59.6916275024,-90.2244644165,51.580581665,-59.9879608154,-18.6359405518,-50.3299789429,-10.1837234497],[-207.346618652,75.6545028687,397.660888672,-66.1756896973,-50.981628418,44.40599823,3.80969882011,-62.4127883911,37.9113502502,-35.6392288208,-28.8762512207,-3.7631278038,-24.9219779968],[1087.59533691,-144.064743042,-66.1756896973,465.363769531,5.55191040039,142.799163818,-15.7689685822,102.931938171,16.5178966522,36.4566917419,29.2120723724,61.8434638977,36.7295837402],[-142.606079102,-56.5413742065,-50.981628418,5.55191040039,223.311309814,-55.9282493591,69.5624694824,32.747215271,-7.29204797745,30.5453948975,31.2570705414,3.44666481018,25.1272792816],[440.359527588,43.0925331116,44.40599823,142.799163818,-55.9282493591,248.66506958,-18.0985794067,5.41640996933,46.8925857544,-30.5257606506,-9.60488986969,31.1685333252,-1.437261343],[-221.572357178,-59.6916275024,3.80969882011,-15.7689685822,69.5624694824,-18.0985794067,145.328552246,55.1934547424,-0.0769296139479,23.327583313,2.9746260643,-2.25722098351,0.319794237614],[205.986816406,-90.2244644165,-62.4127883911,102.931938171,32.747215271,5.41640996933,55.1934547424,144.994094849,4.94022130966,51.4126052856,27.385717392,9.95368385315,27.7354869843],[59.2751731873,51.580581665,37.9113502502,16.5178966522,-7.29204797745,46.8925857544,-0.0769296139479,4.94022130966,90.0831756592,1.30697953701,-0.266512870789,1.56467795372,-5.16179466248],[92.6082382202,-59.9879608154,-35.6392288208,36.4566917419,30.5453948975,-30.5257606506,23.327583313,51.4126052856,1.30697953701,89.7808303833,43.4301719666,15.2967157364,23.5089302063],[203.063064575,-18.6359405518,-28.8762512207,29.2120723724,31.2570705414,-9.60488986969,2.9746260643,27.385717392,-0.266512870789,43.4301719666,101.507987976,28.2525062561,40.1919746399],[248.357772827,-50.3299789429,-3.7631278038,61.8434638977,3.44666481018,31.1685333252,-2.25722098351,9.95368385315,1.56467795372,15.2967157364,28.2525062561,75.8590087891,32.5900840759],[248.564559937,-10.1837234497,-24.9219779968,36.7295837402,25.1272792816,-1.437261343,0.319794237614,27.7354869843,-5.16179466248,23.5089302063,40.1919746399,32.5900840759,75.8540878296]],"icov":[[0.000204495139769,-0.000240074048634,0.0000407329607697,-0.000455976085505,0.000114337533887,-0.0000218194545596,0.000135893933475,-0.0000705811544321,0.0000823509035399,-0.0000282824748865,-0.00013544569083,-0.000262169080088,-0.000282442633761],[-0.000240074048634,0.00121793325525,-0.0000638093843008,0.000789601413999,-0.0000664636245347,-0.000225601790589,0.0000445330006187,0.000389146822272,-0.000596692785621,0.000303294975311,-0.00000364396282748,0.00100718182512,-0.000143228084198],[0.0000407329607697,-0.0000638093843008,0.00303745898418,0.00017109370674,0.00061045557959,-0.00037047258229,-0.000881224696059,0.00124840426724,-0.00112319027539,0.000213968029129,0.000177748326678,-0.000321497878758,0.0000122815381474],[-0.000455976085505,0.000789601413999,0.00017109370674,0.00478469254449,-0.000799206842203,-0.00207626097836,0.00123525853269,-0.00237948680297,0.000118146301247,-0.000593832461163,0.000644407933578,-0.00107955932617,0.000744282675441],[0.000114337533887,-0.0000664636245347,0.00061045557959,-0.000799206842203,0.00617631338537,0.00128172698896,-0.00305378763005,0.000892232288606,-0.000475362729048,-0.0000138874202094,-0.00121206312906,0.000446281628683,-0.00170863419771],[-0.0000218194545596,-0.000225601790589,-0.00037047258229,-0.00207626097836,0.00128172698896,0.00668921647593,-0.000631555682048,0.0000610213355685,-0.00268668984063,0.00284993625246,-0.000133765424835,-0.00188890204299,0.000423700315878],[0.000135893933475,0.0000445330006187,-0.000881224696059,0.00123525853269,-0.00305378763005,-0.000631555682048,0.0106001896784,-0.00489432411268,0.000513665028848,-0.000841439585201,0.00103080610279,-0.00102582969703,0.00160781678278],[-0.0000705811544321,0.000389146822272,0.00124840426724,-0.00237948680297,0.000892232288606,0.0000610213355685,-0.00489432411268,0.0131197813898,-0.00111412233673,-0.00432159285992,-0.000122524128528,0.00283677922562,-0.00311537645757],[0.0000823509035399,-0.000596692785621,-0.00112319027539,0.000118146301247,-0.000475362729048,-0.00268668984063,0.000513665028848,-0.00111412233673,0.0133539745584,-0.00164965726435,-0.000221540918574,0.0000763646676205,0.001240137266],[-0.0000282824748865,0.000303294975311,0.000213968029129,-0.000593832461163,-0.0000138874202094,0.00284993625246,-0.000841439585201,-0.00432159285992,-0.00164965726435,0.0183728449047,-0.00563674932346,-0.00136916874908,-0.0000979469332378],[-0.00013544569083,-0.00000364396282748,0.000177748326678,0.000644407933578,-0.00121206312906,-0.000133765424835,0.00103080610279,-0.000122524128528,-0.000221540918574,-0.00563674932346,0.0153036219999,-0.00246230792254,-0.00468982569873],[-0.000262169080088,0.00100718182512,-0.000321497878758,-0.00107955932617,0.000446281628683,-0.00188890204299,-0.00102582969703,0.00283677922562,0.0000763646676205,-0.00136916874908,-0.00246230792254,0.019976137206,-0.00665349699557],[-0.000282442633761,-0.000143228084198,0.0000122815381474,0.000744282675441,-0.00170863419771,0.000423700315878,0.00160781678278,-0.00311537645757,0.001240137266,-0.0000979469332378,-0.00468982569873,-0.00665349699557,0.0208978261799]],"mean":[-682.281738281,162.959823608,8.61311244965,36.5306472778,-11.2963352203,26.7872943878,-7.25250005722,4.01955032349,6.92016458511,-4.97619342804,-2.25161767006,-1.78663611412,-0.924527704716]},"pitch_salience":{"dmean":0.0818594843149,"dmean2":0.13200892508,"dvar":0.00610433053225,"dvar2":0.0155955115333,"max":0.973351240158,"mean":0.546369731426,"median":0.565109550953,"min":0.0861206278205,"var":0.016153825447},"silence_rate_20dB":{"dmean":0,"dmean2":0,"dvar":0,"dvar2":0,"max":1,"mean":1,"median":1,"min":1,"var":0},"silence_rate_30dB":{"dmean":0.0991437584162,"dmean2":0.198305383325,"dvar":0.0893115848303,"dvar2":0.17609603703,"max":1,"mean":0.869051933289,"median":1,"min":0,"var":0.11379109323},"silence_rate_60dB":{"dmean":0.00919333007187,"dmean2":0.0183883178979,"dvar":0.00910822488368,"dvar2":0.0196703765541,"max":1,"mean":0.059480894357,"median":0,"min":0,"var":0.0559451244771},"spectral_centroid":{"dmean":165.519134521,"dmean2":244.410964966,"dvar":56457.265625,"dvar2":100270.460938,"max":11622.2011719,"mean":867.631103516,"median":601.39074707,"min":156.995559692,"var":1671369.375},"spectral_complexity":{"dmean":3.05416846275,"dmean2":4.63133239746,"dvar":12.0454101562,"dvar2":23.5646018982,"max":56,"mean":14.8495855331,"median":14,"min":0,"var":64.811630249},"spectral_contrast_coeffs":{"dmean":[0.0535689108074,0.0482588522136,0.037011962384,0.0263097863644,0.0229457691312,0.0437392219901],"dmean2":[0.0873458832502,0.0789038091898,0.0615574046969,0.0439639650285,0.0374501012266,0.0681003332138],"dvar":[0.0018529597437,0.00149738474283,0.000822489382699,0.000439343450125,0.000398667209083,0.00135509506799],"dvar2":[0.0048720408231,0.00397668965161,0.00224316189997,0.001191747142,0.00103610055521,0.00331826601177],"max":[-0.25432446599,-0.483961194754,-0.573061823845,-0.637190341949,-0.671008050442,-0.450882345438],"mean":[-0.634708702564,-0.749781191349,-0.796342372894,-0.826316654682,-0.837867379189,-0.699154138565],"median":[-0.638781905174,-0.751998305321,-0.798561453819,-0.828025221825,-0.836171150208,-0.687986195087],"min":[-0.97909206152,-0.991933405399,-0.977334082127,-0.971412599087,-0.966755211353,-0.965642869473],"var":[0.00942574255168,0.00546913966537,0.00276073114946,0.00161051971372,0.00140362151433,0.00697015412152]},"spectral_contrast_valleys":{"dmean":[0.402591615915,0.360134452581,0.316450715065,0.29083442688,0.373750239611,0.598412454128],"dmean2":[0.661134541035,0.581399857998,0.504596173763,0.457550346851,0.531511068344,0.937094807625],"dvar":[0.112454406917,0.0963902100921,0.0748511180282,0.0723470002413,0.128987029195,0.245271131396],"dvar2":[0.278659582138,0.233736738563,0.174155011773,0.162069886923,0.266785979271,0.638677060604],"max":[-4.81180953979,-4.59557914734,-5.45444488525,-5.68267726898,-5.52781248093,-8.86434745789],"mean":[-6.97827529907,-6.71687698364,-7.382127285,-7.99590587616,-8.26101016998,-11.3476800919],"median":[-6.37401247025,-6.29488039017,-6.96338272095,-7.58705043793,-7.86142253876,-11.0289840698],"min":[-28.3476104736,-28.1110134125,-27.9561882019,-27.8796615601,-27.589176178,-27.4568977356],"var":[7.22667741776,6.90531873703,6.31033372879,6.03115940094,6.1452331543,4.50165271759]},"spectral_decrease":{"dmean":6.02607075351e-9,"dmean2":9.43219991001e-9,"dvar":1.03720713021e-16,"dvar2":2.42148534881e-16,"max":7.73638042517e-9,"mean":-1.11490896515e-8,"median":-8.11219180719e-9,"min":-1.18117846171e-7,"var":1.43927189888e-16},"spectral_energy":{"dmean":0.0229524392635,"dmean2":0.0353340618312,"dvar":0.00146354013123,"dvar2":0.0033277797047,"max":0.459905743599,"mean":0.0580491423607,"median":0.0473034493625,"min":9.82420764662e-21,"var":0.00260238558985},"spectral_energyband_high":{"dmean":0.00024403486168,"dmean2":0.000339382298989,"dvar":2.43477614958e-7,"dvar2":4.23705529329e-7,"max":0.0178048200905,"mean":0.000563508132473,"median":0.000333521136781,"min":6.94010511604e-21,"var":7.89292869285e-7},"spectral_energyband_low":{"dmean":0.0195326153189,"dmean2":0.0312815345824,"dvar":0.00130946328864,"dvar2":0.0031775101088,"max":0.365788131952,"mean":0.0297468174249,"median":0.0182829275727,"min":1.1132453215e-23,"var":0.00152489158791},"spectral_energyband_middle_high":{"dmean":0.000899987120647,"dmean2":0.0014199342113,"dvar":0.00000152339237047,"dvar2":0.00000382235703,"max":0.0297459103167,"mean":0.00257252925076,"median":0.00195550173521,"min":1.20005670942e-21,"var":0.00000579708967052},"spectral_energyband_middle_low":{"dmean":0.00660773226991,"dmean2":0.0104769142345,"dvar":0.0000755233195378,"dvar2":0.000194340856979,"max":0.175488129258,"mean":0.0194319654256,"median":0.0148672526702,"min":1.91348915826e-22,"var":0.000294759898679},"spectral_entropy":{"dmean":0.21146723628,"dmean2":0.312767714262,"dvar":0.0434189513326,"dvar2":0.0903112888336,"max":9.8265838623,"mean":7.30294704437,"median":7.33308410645,"min":4.84824895859,"var":0.298397898674},"spectral_flux":{"dmean":0.0349559262395,"dmean2":0.0564708262682,"dvar":0.00237223319709,"dvar2":0.00554571393877,"max":0.54563331604,"mean":0.117801941931,"median":0.107444524765,"min":6.31402916063e-11,"var":0.0057125845924},"spectral_kurtosis":{"dmean":3.32638692856,"dmean2":5.112408638,"dvar":28.363899231,"dvar2":71.2652435303,"max":95.3439712524,"mean":12.4742336273,"median":10.3854312897,"min":-1.28440237045,"var":84.6480026245},"spectral_rms":{"dmean":0.00127967435401,"dmean2":0.00191500585061,"dvar":0.00000269806719189,"dvar2":0.00000566302423977,"max":0.021182268858,"mean":0.00681639835238,"median":0.00679335743189,"min":3.09589940489e-12,"var":0.0000101698151411},"spectral_rolloff":{"dmean":3674.78027344,"dmean2":7080.80859375,"dvar":53272480,"dvar2":129408432,"max":22050,"mean":8530.79492188,"median":1033.59375,"min":21.533203125,"var":99084216},"spectral_skewness":{"dmean":0.320929288864,"dmean2":0.474170476198,"dvar":0.150956109166,"dvar2":0.348396539688,"max":7.74939584732,"mean":2.36505413055,"median":2.24529123306,"min":-0.0876907482743,"var":0.840800046921},"spectral_spread":{"dmean":472351.59375,"dmean2":734130.3125,"dvar":253756719104,"dvar2":579953688576,"max":43908712,"mean":4764792.5,"median":4322666,"min":1159680.875,"var":18787768205300},"spectral_strongpeak":{"dmean":2.38000321388,"dmean2":4.40934658051,"dvar":145.659454346,"dvar2":391.461730957,"max":181.952880859,"mean":2.01367354393,"median":0.423963546753,"min":0,"var":116.99671936},"zerocrossingrate":{"dmean":0.0374000556767,"dmean2":0.0491258278489,"dvar":0.00102114549372,"dvar2":0.0017050630413,"max":0.66015625,"mean":0.223462253809,"median":0.208984375,"min":0.00048828125,"var":0.010779781267}},"metadata":{"audio_properties":{"analysis_sample_rate":44100,"bit_rate":275823,"codec":"mp3","downmix":"mix","equal_loudness":0,"length":257.620666504,"lossless":false,"md5_encoded":"570d7d5436dc14e9220c9a41983ccaac","replay_gain":-9.90384674072,"sample_rate":44100},"tags":{"album":["Colour the Small One"],"albumartist":["Sia"],"albumartistsort":["Sia"],"artist":["Sia"],"artistsort":["Sia"],"asin":["B0001BS4Q0"],"date":["2004-01-19"],"encoding":["LAME 32bits version 3.98.2 (http://www.mp3dev.org/)"],"file_name":"02 - Sunday.mp3","genre":["Indie Pop"],"language":["eng"],"length":["257600"],"media":["CD"],"musicbrainz album release country":["GB"],"musicbrainz album status":["official"],"musicbrainz album type":["album"],"musicbrainz_albumartistid":["2f548675-008d-4332-876c-108b0c7ab9c5"],"musicbrainz_albumid":["0902b776-dadf-4fce-93f2-7815acb17b3a"],"musicbrainz_artistid":["2f548675-008d-4332-876c-108b0c7ab9c5"],"musicbrainz_recordingid":["cb5d7564-518a-4fa8-b914-e973e7d18d44"],"originaldate":["2004-01-19"],"script":["Latn"],"title":["Sunday"],"tracknumber":["2/12"]},"version":{"essentia":"2.1-beta1","essentia_build_sha":"ca57ba49d9b1854bd80e60cf9ccf267278fb7d6b","essentia_git_sha":"v2.1_beta1-28-g21ef5f4-dirty","extractor":"music 1.0"}},"rhythm":{"beats_count":377,"beats_loudness":{"dmean":0.0422943979502,"dmean2":0.074138648808,"dvar":0.00131924881134,"dvar2":0.00382635532878,"max":0.24374653399,"mean":0.100016281009,"median":0.102656878531,"min":0,"var":0.00330668734387},"beats_loudness_band_ratio":{"dmean":[0.14081902802,0.083238504827,0.043481040746,0.0234010312706,0.0131621966138,0.0664069205523],"dmean2":[0.245646640658,0.142957910895,0.074978351593,0.0427091270685,0.0248317569494,0.121059268713],"dvar":[0.0146875567734,0.00812160409987,0.0033425274305,0.00272863032296,0.000793902552687,0.00370096438564],"dvar2":[0.0377168990672,0.0207654908299,0.00826