{"lowlevel":{"average_loudness":0.858462095261,"barkbands":{"dmean":[0.00293678930029,0.00785654038191,0.00112976680975,0.00111980026122,0.00161309796385,0.00205721030943,0.00145916314796,0.00141744234134,0.00110613927245,0.000520547910128,0.00059807888465,0.000796745414846,0.000462035182863,0.000184555115993,0.000111473265861,0.0000439698742412,0.000031968622352,0.0000283771732938,0.0000187656496564,0.0000158866714628,0.0000146262373164,0.0000212944687519,0.0000190256523638,0.00000985968563327,0.0000019260614863,0.00000965730214375,0.0000299906569126],"dmean2":[0.00485370540991,0.0130206467584,0.0018912012456,0.00185391621199,0.00269461865537,0.00325438613072,0.00244149635546,0.00237572751939,0.00188221153803,0.000891763076652,0.00102538021747,0.00136536441278,0.000793936953414,0.000316891848342,0.000191230181372,0.0000748367310734,0.0000528049458808,0.0000455953340861,0.0000292842833005,0.0000242969235842,0.0000222048547585,0.0000315478064294,0.0000281044194708,0.000014298183487,0.00000324087341141,0.000013703550394,0.0000461752788397],"dvar":[0.0000259859461949,0.0000924976920942,0.00000309093525175,0.0000102873200376,0.00002338543527,0.0000418969102611,0.0000117399695228,0.00000842422014102,0.00000513669010616,9.40474080835e-7,0.0000011101757309,0.00000248047695095,6.27507461104e-7,9.88564892168e-8,3.55400402441e-8,5.42434897e-9,6.07894490301e-9,1.10915534535e-8,2.84981260812e-9,3.2138030015e-9,2.66444732944e-9,7.74852271235e-9,5.80554937457e-9,1.775125269e-9,1.25086460287e-11,9.5179220061e-10,3.19055071252e-9],"dvar2":[0.0000647000706522,0.000252287602052,0.00000775559146859,0.000024372484404,0.0000611846044194,0.0000990343469311,0.0000317953017657,0.0000230840887525,0.0000136800408654,0.00000256699377132,0.0000030975302252,0.00000680021321386,0.00000180058600563,2.75345655609e-7,1.01853423473e-7,1.4851939234e-8,1.43392293595e-8,2.62610893031e-8,6.39254471579e-9,7.03497393673e-9,6.1380918126e-9,1.76511409933e-8,1.31739268383e-8,3.82667231236e-9,3.15919720939e-11,1.9501193993e-9,7.69055041872e-9],"max":[0.056328587234,0.0945630967617,0.0288675948977,0.0804337263107,0.090145342052,0.137099474669,0.091417863965,0.0487412475049,0.0617517083883,0.015803117305,0.0146065205336,0.0422505550086,0.014373418875,0.00493040587753,0.00320278247818,0.00114832946565,0.00286759715527,0.00437131011859,0.00218645902351,0.00223771180026,0.00189474143554,0.00327907199971,0.00273214397021,0.00140045082662,0.0000638280325802,0.000960140256211,0.00166134734172],"mean":[0.00345245422795,0.0102996090427,0.00144170038402,0.00132863107137,0.00197004922666,0.00270670023747,0.00215188600123,0.00215388718061,0.00182744767517,0.000858138490003,0.00101908913348,0.00151157518849,0.000903178937733,0.00035834684968,0.000233717975789,0.000093367350928,0.0000646371627226,0.000053764997574,0.0000374190240109,0.0000293444991257,0.0000285006426566,0.0000407677289331,0.0000367666289094,0.000017673788534,0.00000182198539278,0.0000209246700251,0.000107623607619],"median":[0.0010714684613,0.00681387446821,0.000792889739387,0.000424371857662,0.000482637173263,0.000270560383797,0.000192927414901,0.000149716055603,0.0000980980767054,0.0000620250430075,0.000038475402107,0.0000352249917341,0.0000281972334051,0.0000230154582823,0.0000185511180462,0.0000145803569467,0.0000117632389447,0.0000094944562079,0.00000769053258409,0.00000581497079111,0.00000505126172357,0.00000383767428502,0.00000303830097437,0.00000211017277252,5.42332088571e-7,0.00000248152036875,0.0000156479145517],"min":[8.54559738944e-12,1.04552044106e-11,5.73446845564e-12,5.44247936649e-12,5.86321225945e-12,4.00403928763e-12,3.01598676589e-12,1.1669844778e-12,1.4563186811e-12,1.19772724724e-12,2.34397001591e-13,1.0398879159e-13,4.0458375582e-13,3.53468719138e-13,1.87271598511e-13,3.22674883774e-13,3.08986804242e-13,8.88114722822e-13,1.23724153752e-12,7.68089964461e-13,8.97046976631e-13,1.61584255091e-12,1.42286410518e-12,2.73460269186e-12,4.30081914093e-13,5.99224359368e-12,7.8176649182e-12],"var":[0.0000333313691954,0.000123262710986,0.0000043794298108,0.0000136033431772,0.0000263099100266,0.0000560897642572,0.000016798147044,0.0000148868512042,0.0000100611850939,0.00000170116697973,0.00000217674232772,0.00000472360534332,0.00000142509122725,2.30731259876e-7,9.476012508e-8,1.45978473753e-8,1.28571402414e-8,1.59074833306e-8,6.20420159692e-9,6.67212241012e-9,5.5761106843e-9,1.43508644967e-8,1.0371275394e-8,3.16517345667e-9,1.26831696187e-11,2.32282348911e-9,2.00999590305e-8]},"barkbands_crest":{"dmean":3.68423199654,"dmean2":6.19221878052,"dvar":10.1038379669,"dvar2":27.0751037598,"max":26.5441532135,"mean":12.861541748,"median":12.0719594955,"min":2.64537382126,"var":41.1456451416},"barkbands_flatness_db":{"dmean":0.0481655709445,"dmean2":0.0778740644455,"dvar":0.00266106030904,"dvar2":0.00675367796794,"max":0.559456288815,"mean":0.216273367405,"median":0.180067375302,"min":0.031540248543,"var":0.0120755042881},"barkbands_kurtosis":{"dmean":30.1565856934,"dmean2":49.7375335693,"dvar":2529.34277344,"dvar2":6564.671875,"max":917.593322754,"mean":48.5044975281,"median":14.4557132721,"min":-1.61863708496,"var":4341.73632812},"barkbands_skewness":{"dmean":1.32786250114,"dmean2":2.17741918564,"dvar":2.46225047112,"dvar2":6.55462551117,"max":21.1776199341,"mean":3.89236783981,"median":2.80947542191,"min":-1.34195995331,"var":10.5305566788},"barkbands_spread":{"dmean":3.08270382881,"dmean2":5.11799478531,"dvar":18.9755077362,"dvar2":57.4413871765,"max":105.341362,"mean":10.4426059723,"median":8.22564697266,"min":0.129075795412,"var":111.096557617},"dissonance":{"dmean":0.0214725974947,"dmean2":0.0361335203052,"dvar":0.000391956011299,"dvar2":0.00109529378824,"max":0.500000178814,"mean":0.466768980026,"median":0.471792638302,"min":0.267482995987,"var":0.000600630301051},"dynamic_complexity":8.49368858337,"erbbands":{"dmean":[0.347824513912,1.45967209339,1.4273121357,2.62662124634,4.04111623764,5.74824953079,13.6163930893,16.9642353058,17.8394432068,26.8271827698,32.8885498047,24.1135501862,16.0201759338,19.3051681519,23.6193580627,30.4316711426,21.8121013641,10.8018836975,5.97684669495,4.08107328415,1.78981840611,1.82505536079,1.50035762787,1.26236414909,0.784488141537,0.764454066753,0.587883770466,0.615652143955,0.724397957325,0.741959929466,0.537925779819,0.298371821642,0.114281505346,0.0243402514607,0.0136611480266,0.0149448337033,0.0230536386371,0.0112335151061,0.00163727800827,0.000629776681308],"dmean2":[0.587110102177,2.387165308,2.41049671173,4.26489591599,6.85746240616,9.46717071533,21.8034515381,27.3313312531,29.4351978302,45.1323394775,55.6858978271,41.1045646667,27.2990283966,32.8517112732,40.4027404785,52.3786888123,37.575050354,18.6204185486,10.1644525528,7.08507061005,3.0018119812,2.99814414978,2.37965536118,2.00278663635,1.21401536465,1.16560328007,0.886928796768,0.937833368778,1.06759119034,1.10829818249,0.802102804184,0.43130171299,0.172829940915,0.0402832627296,0.0229030493647,0.0230304524302,0.0323944501579,0.0157801657915,0.00229014293291,0.000976304989308],"dvar":[0.273855507374,2.61523723602,3.45925974846,42.4735031128,170.294250488,337.517730713,2752.49829102,2531.29296875,1696.25952148,3110.9362793,5302.49121094,2459.90771484,967.508972168,1320.63391113,1671.65283203,4264.52001953,1459.63134766,336.488983154,104.404655457,49.4290046692,9.93360710144,23.4696083069,33.5768280029,12.3595018387,6.7528386116,7.35770702362,3.47716069221,5.44977283478,7.91347074509,9.61145019531,5.2630944252,1.72765994072,0.200082734227,0.00208736560307,0.000621879589744,0.00186440115795,0.00654937746003,0.00120810733642,0.0000190274531633,0.00000102902595245],"dvar2":[0.742338895798,7.12383317947,9.21068286896,99.1882858276,461.539489746,872.690856934,6678.72949219,6154.06640625,4447.05078125,8447.73632812,14394.796875,6738.05126953,2618.73852539,3647.67773438,4658.46386719,11676.4169922,4169.51611328,958.137573242,295.835235596,141.497116089,26.1855583191,54.8993034363,77.7462234497,28.1189346313,15.650765419,15.8348016739,7.79220104218,12.8076295853,17.7196502686,21.2549324036,12.7535943985,3.78088402748,0.436128377914,0.00503306137398,0.00156822660938,0.00402290467173,0.0135361626744,0.00239395839162,0.0000389752603951,0.00000254257224697],"max":[6.15955114365,15.2278318405,27.4677009583,183.443008423,395.828765869,364.345581055,1227.33178711,1469.2097168,1054.92199707,968.362365723,2026.35412598,955.899658203,583.001220703,811.192016602,553.760253906,1852.46069336,716.49407959,225.764892578,191.379104614,150.497177124,58.6211051941,174.667816162,229.301773071,129.758544922,110.306350708,93.8361129761,45.5765113831,95.2568283081,96.5650024414,102.25730896,85.8260192871,53.7220039368,13.3679475784,0.783244073391,0.449575096369,1.37652790546,3.10847258568,1.00181496143,0.127335578203,0.0291767660528],"mean":[0.41807115078,1.84179365635,1.98870205879,3.43068385124,4.64180660248,6.62162494659,15.9764051437,22.6171169281,26.716463089,39.9237098694,50.6456069946,40.2559318542,28.3048534393,34.6720314026,47.203792572,59.9970436096,45.3076400757,23.6187496185,14.0981960297,9.26352882385,4.35910797119,3.79356360435,2.94256353378,2.55885648727,1.56458950043,1.40577018261,1.1479074955,1.17799985409,1.37696695328,1.40103662014,1.00488638878,0.558352231979,0.191012606025,0.0279363337904,0.013621121645,0.0240077711642,0.0493850968778,0.0264241788536,0.00525772804394,0.00288663757965],"median":[0.221670001745,1.20098209381,1.3798135519,1.44070398808,1.47205114365,1.35589146614,1.89149129391,2.21264600754,2.804251194,2.80379891396,2.96888637543,2.23730444908,2.09616827965,1.7301492691,1.59164488316,1.4318202734,1.29438853264,1.18493652344,1.05845308304,0.925342798233,0.766954481602,0.663222908974,0.539582550526,0.447025567293,0.353781998158,0.279370397329,0.223235279322,0.182474032044,0.139894083142,0.110151648521,0.0842492356896,0.0551672577858,0.0287427250296,0.00977831240743,0.00452472222969,0.00595737528056,0.0047534070909,0.00233936239965,0.000840091786813,0.000897643214557],"min":[4.15294437728e-10,1.99779037757e-9,5.9930056473e-9,1.37833273683e-8,2.1814454243e-8,1.76678280894e-8,1.66645151012e-8,3.86712137868e-8,4.92264007335e-8,2.36167192469e-8,3.9132135754e-8,3.03886693587e-8,3.68851189592e-8,2.50582345984e-8,5.98142335662e-9,6.45378817055e-9,1.85038633305e-8,1.93045579522e-8,1.37083393525e-8,7.78936382062e-9,2.34917045816e-8,1.50369352525e-8,4.67449829955e-8,4.97401764221e-8,6.12789818888e-8,3.09936005749e-8,4.617788818e-8,4.6683531707e-8,5.05569772713e-8,1.77865633333e-8,4.19831138743e-8,6.20400228968e-8,4.41503615889e-8,5.27318810839e-9,4.29716973116e-9,9.23786913631e-9,1.57329598238e-8,4.85710316411e-9,1.37005007339e-9,9.87468995461e-11],"var":[0.320576459169,3.61768746376,4.74114751816,62.2387657166,150.707229614,376.264343262,3244.78540039,3359.62597656,2589.12329102,5024.23583984,8838.86816406,4418.07617188,1946.62109375,2553.29833984,3984.79199219,7672.48144531,3485.81323242,905.597106934,325.680175781,139.64831543,31.1955223083,46.9248085022,48.7422599792,26.2796268463,13.1299085617,15.3212556839,7.64369392395,11.2821931839,16.0882530212,16.9521579742,8.13140678406,2.98944425583,0.368363767862,0.00284037319943,0.000652118702419,0.00365109043196,0.0144970472902,0.003223977983,0.0000698650401318,0.0000116193859867]},"erbbands_crest":{"dmean":3.06887102127,"dmean2":5.05731582642,"dvar":7.92046165466,"dvar2":19.8426494598,"max":26.478767395,"mean":8.61775398254,"median":7.67764043808,"min":2.36095166206,"var":13.7339715958},"erbbands_flatness_db":{"dmean":0.0299137346447,"dmean2":0.047360509634,"dvar":0.000942687503994,"dvar2":0.00233676587231,"max":0.36119607091,"mean":0.149173408747,"median":0.151078179479,"min":0.0357045717537,"var":0.00224544620141},"erbbands_kurtosis":{"dmean":2.61296701431,"dmean2":4.31322240829,"dvar":27.7784309387,"dvar2":70.8030395508,"max":97.6304931641,"mean":2.9616920948,"median":1.43169307709,"min":-1.52754151821,"var":32.8962974548},"erbbands_skewness":{"dmean":0.538545608521,"dmean2":0.869103848934,"dvar":0.354443490505,"dvar2":0.865911185741,"max":7.31863546371,"mean":1.04377710819,"median":0.84412753582,"min":-2.24035429955,"var":1.04358482361},"erbbands_spread":{"dmean":8.13178062439,"dmean2":13.1335916519,"dvar":84.7106933594,"dvar2":204.385635376,"max":109.811676025,"mean":28.4190692902,"median":22.1262722015,"min":1.89153933525,"var":292.404205322},"gfcc":{"cov":[[25760.7460938,393.00604248,-4246.90771484,-3383.52148438,-1291.89782715,-1129.98486328,283.478759766,-877.001220703,689.446655273,86.0523300171,499.636627197,389.424438477,-219.167800903],[393.00604248,757.206970215,241.632019043,-4.48270702362,173.711181641,-85.1709671021,42.7941513062,36.0509414673,56.0095596313,-21.5468940735,42.9965362549,-71.7681045532,101.729202271],[-4246.90771484,241.632019043,1296.57128906,961.142700195,280.690338135,263.30480957,-119.019271851,309.093933105,-191.018539429,26.2063331604,-118.61239624,-113.59047699,126.765342712],[-3383.52148438,-4.48270702362,961.142700195,847.729187012,215.767837524,232.362289429,-112.918685913,251.789413452,-185.33152771,24.5744457245,-115.572982788,-77.9542770386,86.3685379028],[-1291.89782715,173.711181641,280.690338135,215.767837524,234.234039307,74.0390472412,22.826713562,79.5284423828,-11.7320661545,-15.3641624451,-7.44717121124,-50.7771568298,61.6485328674],[-1129.98486328,-85.1709671021,263.30480957,232.362289429,74.0390472412,170.609390259,-8.93698883057,92.6185379028,-53.9813690186,17.5533790588,-39.5703353882,-16.3999843597,8.22378253937],[283.478759766,42.7941513062,-119.019271851,-112.918685913,22.826713562,-8.93698883057,104.12386322,-21.9171218872,75.9931564331,-3.32284736633,26.5689105988,11.8036870956,-18.3241863251],[-877.001220703,36.0509414673,309.093933105,251.789413452,79.5284423828,92.6185379028,-21.9171218872,180.264877319,-36.5642623901,49.9985046387,-26.4537334442,-37.2310333252,67.318572998],[689.446655273,56.0095596313,-191.018539429,-185.33152771,-11.7320661545,-53.9813690186,75.9931564331,-36.5642623901,109.617134094,13.5542697906,45.162273407,24.213470459,-15.2579202652],[86.0523300171,-21.5468940735,26.2063331604,24.5744457245,-15.3641624451,17.5533790588,-3.32284736633,49.9985046387,13.5542697906,55.3358612061,17.0234470367,8.69254684448,20.1237201691],[499.636627197,42.9965362549,-118.61239624,-115.572982788,-7.44717121124,-39.5703353882,26.5689105988,-26.4537334442,45.162273407,17.0234470367,56.2635421753,26.2602119446,9.34401702881],[389.424438477,-71.7681045532,-113.59047699,-77.9542770386,-50.7771568298,-16.3999843597,11.8036870956,-37.2310333252,24.213470459,8.69254684448,26.2602119446,51.3393363953,-10.2529792786],[-219.167800903,101.729202271,126.765342712,86.3685379028,61.6485328674,8.22378253937,-18.3241863251,67.318572998,-15.2579202652,20.1237201691,9.34401702881,-10.2529792786,81.9838104248]],"icov":[[0.000156408321345,-0.000536156469025,0.000852919300087,-0.000427446357207,0.000748081190977,-0.000247396761551,0.000164970755577,-0.00014094155631,-0.0000978922616923,-0.000116383533168,-0.0000930071837502,-0.0000958555465331,-0.000161229283549],[-0.000536156469025,0.00595246069133,-0.0064756073989,0.00498098833486,-0.00381513987668,0.00336421723478,-0.00167161168065,0.0012114829151,-0.000599835650064,0.00159150792751,-0.00166090216953,0.00452389009297,-0.00263828760944],[0.000852919300087,-0.0064756073989,0.0142358029261,-0.0135559495538,0.00810221303254,-0.00628890562803,0.00330173131078,-0.00115037697833,-0.0047097732313,0.00366276386194,-0.00441282894462,0.00324971997179,-0.00206080591306],[-0.000427446357207,0.00498098833486,-0.0135559495538,0.0196658913046,-0.0120294578373,0.00668641412631,-0.00209257588722,-0.00306076114066,0.0113191064447,-0.00924602616578,0.012223710306,-0.0104509359226,0.00501594878733],[0.000748081190977,-0.00381513987668,0.00810221303254,-0.0120294578373,0.0228304807097,-0.0110349999741,-0.000675410672557,0.00181973492727,-0.0118812378496,0.0170098207891,-0.0166779626161,0.0178250558674,-0.0130833862349],[-0.000247396761551,0.00336421723478,-0.00628890562803,0.00668641412631,-0.0110349999741,0.0198842585087,-0.00713723758236,-0.00527064176276,0.0129927070811,-0.0113219227642,0.0103260409087,-0.0115295369178,0.0094584133476],[0.000164970755577,-0.00167161168065,0.00330173131078,-0.00209257588722,-0.000675410672557,-0.00713723758236,0.0272687319666,-0.00349747156724,-0.0205086655915,0.0103092603385,-0.00432654097676,-0.000292246462777,0.00391420628875],[-0.00014094155631,0.0012114829151,-0.00115037697833,-0.00306076114066,0.00181973492727,-0.00527064176276,-0.00349747156724,0.0249551199377,-0.00402753800154,-0.0153957903385,0.00577195268124,0.0131511092186,-0.0149730648845],[-0.0000978922616923,-0.000599835650064,-0.0047097732313,0.0113191064447,-0.0118812378496,0.0129927070811,-0.0205086655915,-0.00402753800154,0.0445567145944,-0.0230700876564,0.00707074254751,-0.01722673513,0.0131895160303],[-0.000116383533168,0.00159150792751,0.00366276386194,-0.00924602616578,0.0170098207891,-0.0113219227642,0.0103092603385,-0.0153957903385,-0.0230700876564,0.0613283142447,-0.0338774211705,0.0129140038043,-0.00878884736449],[-0.0000930071837502,-0.00166090216953,-0.00441282894462,0.012223710306,-0.0166779626161,0.0103260409087,-0.00432654097676,0.00577195268124,0.00707074254751,-0.0338774211705,0.0648553669453,-0.0316400527954,-0.000160386814969],[-0.0000958555465331,0.00452389009297,0.00324971997179,-0.0104509359226,0.0178250558674,-0.0115295369178,-0.000292246462777,0.0131511092186,-0.01722673513,0.0129140038043,-0.0316400527954,0.0598737634718,-0.0182776749134],[-0.000161229283549,-0.00263828760944,-0.00206080591306,0.00501594878733,-0.0130833862349,0.0094584133476,0.00391420628875,-0.0149730648845,0.0131895160303,-0.00878884736449,-0.000160386814969,-0.0182776749134,0.0373458825052]],"mean":[-89.2244338989,112.110366821,-65.7484893799,4.10032320023,-26.4414043427,9.3858499527,-5.68879127502,-5.83675289154,-1.19488942623,-1.56523227692,-4.26238441467,1.72971558571,-14.0661821365]},"hfc":{"dmean":5.11446428299,"dmean2":7.8384604454,"dvar":39.0311164856,"dvar2":90.7624664307,"max":105.552612305,"mean":23.5842533112,"median":25.3021640778,"min":5.92111291553e-7,"var":421.905548096},"melbands":{"dmean":[0.00265054940246,0.00109409273136,0.000472109561088,0.00033060827991,0.000423916324507,0.000379137811251,0.00027492348454,0.000285534246359,0.00028010061942,0.000146570440847,0.0000817358668428,0.0000789169716882,0.000082547092461,0.0000969378306763,0.0000612364165136,0.0000430548643635,0.0000198052366613,0.0000105084955067,0.00000792683658801,0.00000416688726546,0.0000020901482003,0.00000219984485739,0.00000145369813254,0.00000139223129736,0.00000109681991489,6.24110498393e-7,6.03714738645e-7,5.17643570674e-7,3.79819823593e-7,3.77533694973e-7,3.7991787849e-7,4.06394491392e-7,5.00686780924e-7,4.06306781997e-7,3.47276170487e-7,2.48915227985e-7,1.72174679847e-7,9.92778979025e-8,3.17442108155e-8,1.77744645669e-8],"dmean2":[0.00441504223272,0.0018005244201,0.000772228231654,0.000552110606804,0.000677432748489,0.000605325563811,0.000455097149825,0.000477815250633,0.000475126435049,0.000249899050687,0.00013934110757,0.000133910580189,0.000141812459333,0.000166561963852,0.000103860140371,0.0000747067242628,0.0000340771730407,0.0000179574672075,0.0000136000835482,0.00000716939075573,0.00000350822597284,0.00000366782182937,0.00000234523554354,0.00000223569259106,0.00000176142907549,9.8957298178e-7,9.48770548348e-7,8.0413883552e-7,5.88991099448e-7,5.80446453569e-7,5.91294849528e-7,6.19695242676e-7,7.70982467202e-7,6.17178386619e-7,5.31187254182e-7,3.7235849959e-7,2.54509330944e-7,1.50688393319e-7,5.12900335536e-8,2.99085236577e-8],"dvar":[0.0000128554520415,0.00000139612541261,0.00000145952026287,0.0000010496099776,0.00000224666996473,0.00000119164053558,4.24807126365e-7,3.39777017189e-7,4.0690670744e-7,8.83104078753e-8,2.47604710069e-8,2.26064411635e-8,2.16496296446e-8,3.67923149724e-8,1.3355185402e-8,5.43992006996e-9,1.14464726586e-9,3.23334831132e-10,1.73043607221e-10,4.94548499375e-11,1.4519995449e-11,3.02847018296e-11,2.98851846048e-11,2.03676138455e-11,8.70698652067e-12,3.92053403631e-12,4.28857470369e-12,3.47843347008e-12,1.63286517554e-12,1.65450660984e-12,2.16842559533e-12,1.93417374131e-12,6.8185171051e-12,2.48519867879e-12,2.3852009777e-12,9.31956768702e-13,6.85670921083e-13,1.5874129268e-13,7.35579250912e-15,1.06516277766e-15],"dvar2":[0.0000343029205396,0.00000386671945307,0.00000351345534,0.00000275074194178,0.0000055263167269,0.0000028862052659,0.00000111849010409,9.06864499939e-7,0.000001086534553,2.42782022042e-7,6.68345521149e-8,6.22949940521e-8,5.99888139163e-8,1.02365319776e-7,3.54904017286e-8,1.58802162531e-8,3.22550319787e-9,9.11362263434e-10,5.02367147881e-10,1.3895383455e-10,3.85419821058e-11,7.44442008038e-11,6.60212162717e-11,4.82262424439e-11,2.04151695549e-11,9.01149814492e-12,1.01933791269e-11,7.63300880835e-12,3.81116232323e-12,3.68300008546e-12,5.36326538736e-12,4.29724181586e-12,1.717308587e-11,5.37937099379e-12,6.01305420386e-12,2.17666249608e-12,1.52313806099e-12,3.53608662533e-13,1.67528429416e-14,2.69003412719e-15],"max":[0.0379036702216,0.0134065076709,0.0279543343931,0.0235685035586,0.0324510522187,0.0299740880728,0.0166883338243,0.0095936069265,0.0204097684473,0.0049488088116,0.00286266719922,0.0032922483515,0.00209916569293,0.00572470622137,0.00297439913265,0.00116298662033,0.000497909728438,0.00029031894519,0.000193666797713,0.000124540834804,0.0000676131385262,0.000211703023524,0.000233855171246,0.000151980988448,0.000100946825114,0.0000864856774569,0.0000681420424371,0.0000622819643468,0.0000382087564503,0.0000495127605973,0.000067018714617,0.0000459238472104,0.000117121096991,0.0000459813709313,0.0000597429207119,0.0000296127800539,0.0000337613710144,0.0000116068104035,0.00000288993373943,5.89017474795e-7],"mean":[0.00352583592758,0.00155025324784,0.000630086520687,0.00038229933125,0.000512366590556,0.000514550018124,0.000418111303588,0.000435242458479,0.000421161850682,0.000240462090005,0.000136362214107,0.000134585017804,0.000149509462062,0.000174127795617,0.000126384751638,0.0000822733782115,0.0000387850377592,0.0000227481050388,0.0000164282519108,0.00000859841657075,0.00000433558943769,0.00000419388743467,0.00000268921439783,0.00000257813280768,0.00000206920503842,0.00000116727755994,0.0000010625590221,8.92526315965e-7,6.92437936323e-7,6.88304339747e-7,6.78886067362e-7,7.48731281419e-7,8.46907198593e-7,7.43909197354e-7,6.04000319981e-7,4.51544707403e-7,2.99823113892e-7,1.62181450492e-7,3.82576459401e-8,1.67962053155e-8],"median":[0.00214656558819,0.00116491061635,0.00026310433168,0.000105876330053,0.000065666026785,0.0000496649954584,0.0000418387753598,0.0000321474763041,0.0000228553017223,0.0000138229188451,0.0000105874514702,0.00000729283783585,0.00000517369835507,0.00000414397618442,0.00000352661822944,0.00000266998040388,0.00000220572042053,0.00000173380783508,0.00000139644134833,0.00000108914582597,8.4087707819e-7,7.06411640294e-7,5.48256195998e-7,4.32910184145e-7,3.5484239902e-7,2.69695561883e-7,2.11645598824e-7,1.71327698695e-7,1.37388724397e-7,1.1775771469e-7,9.89262147755e-8,7.9095443084e-8,6.96614819162e-8,5.80023922225e-8,4.96592278409e-8,4.09627674003e-8,2.85953145607e-8,2.06276933312e-8,9.45499500915e-9,4.95755170249e-9],"min":[3.71400913496e-12,3.01032679687e-12,2.66645516431e-12,1.49695956585e-12,5.8974987437e-13,8.58812695438e-13,7.26501378587e-13,2.18453361412e-13,3.49768147388e-13,1.74709042806e-13,1.85845953969e-13,1.09514312766e-13,2.56735669372e-14,7.31160957652e-15,3.69308364001e-14,3.72022257564e-14,3.5332725786e-14,2.29191682587e-14,1.07941025299e-14,1.35687681658e-14,3.21402958772e-14,1.52977826397e-14,2.10221464937e-14,5.52071883759e-14,3.69419969062e-14,5.33700891098e-14,3.59458319501e-14,1.63007001424e-14,2.9058169987e-14,2.23197958867e-14,3.50485597847e-14,3.54454150493e-14,1.74037792912e-14,6.00435864155e-15,1.80900233622e-14,4.11404580108e-14,3.81881517782e-14,4.41588294251e-14,5.44986800439e-15,2.91253189474e-15],"var":[0.000017133570509,0.00000203284071176,0.00000199654664357,0.00000102927504031,0.00000278921561403,0.00000164345647136,6.34875334526e-7,5.90109152654e-7,6.75141961892e-7,1.59964869795e-7,4.79151367472e-8,4.10449310095e-8,4.49838424288e-8,6.44738307187e-8,3.02074276703e-8,1.1941191147e-8,2.65517474674e-9,8.93369267452e-10,4.573486867e-10,1.26725407945e-10,3.49617591822e-11,5.70192469629e-11,4.39445840827e-11,3.24263810247e-11,1.74321373309e-11,7.30733182297e-12,7.8717960969e-12,6.70713354647e-12,3.06556949964e-12,3.36707766703e-12,4.1006304255e-12,4.57779690891e-12,8.36568488094e-12,4.59191582328e-12,3.20449179345e-12,1.60316909487e-12,1.06153725133e-12,2.76647574207e-13,1.17324812043e-14,1.07964809984e-15]},"melbands_crest":{"dmean":4.32608747482,"dmean2":7.23403739929,"dvar":13.7743721008,"dvar2":36.8261222839,"max":38.457233429,"mean":18.135181427,"median":18.0222492218,"min":3.59670472145,"var":67.4791946411},"melbands_flatness_db":{"dmean":0.0553959570825,"dmean2":0.0890166833997,"dvar":0.00334213115275,"dvar2":0.00843660160899,"max":0.730256140232,"mean":0.332949459553,"median":0.292584449053,"min":0.09686383605,"var":0.01664801687},"melbands_kurtosis":{"dmean":28.5109901428,"dmean2":47.633026123,"dvar":1914.03466797,"dvar2":5366.79150391,"max":488.754150391,"mean":53.831829071,"median":21.4726085663,"min":-1.66716182232,"var":4595.43359375},"melbands_skewness":{"dmean":1.23389613628,"dmean2":2.03002476692,"dvar":1.77917909622,"dvar2":4.99794816971,"max":16.0188331604,"mean":3.87416052818,"median":2.84159255028,"min":-1.16162896156,"var":10.2440290451},"melbands_spread":{"dmean":2.94370913506,"dmean2":4.84666204453,"dvar":13.5168600082,"dvar2":36.3486785889,"max":65.1771621704,"mean":10.8027639389,"median":7.30875015259,"min":0.186469942331,"var":110.818367004},"mfcc":{"cov":[[23560.0898438,2277.59106445,-3997.62670898,-2337.71020508,-2757.02294922,-163.824615479,-1807.1842041,-39.667224884,-1315.19689941,227.159683228,-270.042236328,396.929534912,-133.00881958],[2277.59106445,1238.66467285,-246.385406494,-87.3850402832,-120.154388428,-40.7355461121,-142.067504883,1.71665346622,-37.2723350525,42.8952102661,26.3672504425,26.796869278,14.9504976273],[-3997.62670898,-246.385406494,1174.15197754,649.068359375,602.686767578,41.1684761047,368.629455566,10.070640564,277.835845947,-25.1305179596,47.1976470947,-87.203956604,15.6637458801],[-2337.71020508,-87.3850402832,649.068359375,488.876617432,401.736602783,27.2281665802,227.231002808,13.1999597549,176.467941284,-11.7906293869,26.4160118103,-58.7442779541,5.75499820709],[-2757.02294922,-120.154388428,602.686767578,401.736602783,480.069641113,23.6083011627,275.822174072,2.81809973717,212.626922607,-33.5117492676,47.3168754578,-68.3379364014,24.1311893463],[-163.824615479,-40.7355461121,41.1684761047,27.2281665802,23.6083011627,75.3663253784,23.5704250336,30.914686203,-3.3514854908,8.23939704895,-6.43167066574,8.82261943817,-8.22196292877],[-1807.1842041,-142.067504883,368.629455566,227.231002808,275.822174072,23.5704250336,211.762680054,14.47909832,144.612609863,-16.802438736,35.9841156006,-36.4840354919,21.0917243958],[-39.667224884,1.71665346622,10.070640564,13.1999597549,2.81809973717,30.914686203,14.47909832,50.9763221741,14.8747758865,18.5961475372,3.2826294899,12.3488740921,-3.50650906563],[-1315.19689941,-37.2723350525,277.835845947,176.467941284,212.626922607,-3.3514854908,144.612609863,14.8747758865,161.136108398,6.74535799026,49.1425437927,-21.3075656891,26.4007053375],[227.159683228,42.8952102661,-25.1305179596,-11.7906293869,-33.5117492676,8.23939704895,-16.802438736,18.5961475372,6.74535799026,42.3558006287,12.4699726105,19.2651576996,2.25677347183],[-270.042236328,26.3672504425,47.1976470947,26.4160118103,47.3168754578,-6.43167066574,35.9841156006,3.2826294899,49.1425437927,12.4699726105,47.4310684204,11.7262916565,21.8687362671],[396.929534912,26.796869278,-87.203956604,-58.7442779541,-68.3379364014,8.82261943817,-36.4840354919,12.3488740921,-21.3075656891,19.2651576996,11.7262916565,45.3869056702,11.8138246536],[-133.00881958,14.9504976273,15.6637458801,5.75499820709,24.1311893463,-8.22196292877,21.0917243958,-3.50650906563,26.4007053375,2.25677347183,21.8687362671,11.8138246536,36.3728141785]],"icov":[[0.000206798926229,-0.000230130841373,0.000247488816967,-0.000138525298098,0.000630552589428,-0.0000615812241449,0.000351348397089,0.000063141262217,0.000194994630874,-0.000213769017137,0.00010554149776,0.0000214296305785,-0.0000624359236099],[-0.000230130841373,0.00126075244043,-0.0000410662178183,-0.000172963540535,-0.00118418131024,0.000281169457594,0.00119431258645,-0.000566149887163,-0.000246466108365,-0.000308228103677,-0.00108520872891,0.000690008804668,-0.000586276408285],[0.000247488816967,-0.0000410662178183,0.00416492205113,-0.00382111710496,0.0000891851377673,-0.000382504396839,-0.00124500505626,0.00148289825302,-0.000451280298876,-0.000814044673461,0.000637591816485,-0.000465964170871,0.000598225393333],[-0.000138525298098,-0.000172963540535,-0.00382111710496,0.0110540790483,-0.00680363317952,0.00108583259862,0.00094593182439,-0.0015314737102,0.00048822897952,-0.00369060388766,0.00306620914489,-0.00043710009777,0.00169721711427],[0.000630552589428,-0.00118418131024,0.0000891851377673,-0.00680363317952,0.0200367029756,-0.00456379866228,-0.00762637332082,0.00394239788875,-0.0061792046763,0.00749688223004,-0.00344120641239,0.00557703245431,-0.00141421635635],[-0.0000615812241449,0.000281169457594,-0.000382504396839,0.00108583259862,-0.00456379866228,0.0237426925451,-0.00558689096943,-0.0119427442551,0.00893478281796,-0.00441300543025,0.00408342154697,-0.00770657416433,0.00397188682109],[0.000351348397089,0.00119431258645,-0.00124500505626,0.00094593182439,-0.00762637332082,-0.00558689096943,0.0295310299844,-0.00530883762985,-0.00920699909329,0.00592849357054,-0.00383114162832,0.00550886476412,-0.00582989351824],[0.000063141262217,-0.000566149887163,0.00148289825302,-0.0015314737102,0.00394239788875,-0.0119427442551,-0.00530883762985,0.036102194339,-0.00820689462125,-0.0085810245946,0.00559225212783,-0.00873242877424,0.00727431336418],[0.000194994630874,-0.000246466108365,-0.000451280298876,0.00048822897952,-0.0061792046763,0.00893478281796,-0.00920699909329,-0.00820689462125,0.0310405604541,-0.0113832196221,-0.0119848130271,0.00577092077583,-0.00489432970062],[-0.000213769017137,-0.000308228103677,-0.000814044673461,-0.00369060388766,0.00749688223004,-0.00441300543025,0.00592849357054,-0.0085810245946,-0.0113832196221,0.0445563271642,-0.0100555727258,-0.00777203915641,0.00411112606525],[0.00010554149776,-0.00108520872891,0.000637591816485,0.00306620914489,-0.00344120641239,0.00408342154697,-0.00383114162832,0.00559225212783,-0.0119848130271,-0.0100555727258,0.050008200109,-0.0176041666418,-0.00898706633598],[0.0000214296305785,0.000690008804668,-0.000465964170871,-0.00043710009777,0.00557703245431,-0.00770657416433,0.00550886476412,-0.00873242877424,0.00577092077583,-0.00777203915641,-0.0176041666418,0.0523158945143,-0.0195281393826],[-0.0000624359236099,-0.000586276408285,0.000598225393333,0.00169721711427,-0.00141421635635,0.00397188682109,-0.00582989351824,0.00727431336418,-0.00489432970062,0.00411112606525,-0.00898706633598,-0.0195281393826,0.0479410178959]],"mean":[-752.755371094,164.707946777,19.1402130127,17.5698032379,4.94988965988,21.8986606598,4.31355190277,14.0017871857,-0.0213769935071,9.63547801971,5.23726797104,8.94543838501,2.35359978676]},"pitch_salience":{"dmean":0.105644077063,"dmean2":0.175676420331,"dvar":0.0076820733957,"dvar2":0.0206889100373,"max":0.856650829315,"mean":0.500639677048,"median":0.528827190399,"min":0.0633698180318,"var":0.0349973924458},"silence_rate_20dB":{"dmean":0,"dmean2":0,"dvar":0,"dvar2":0,"max":1,"mean":1,"median":1,"min":1,"var":0},"silence_rate_30dB":{"dmean":0.00922685302794,"dmean2":0.0184566434473,"dvar":0.00914165563881,"dvar2":0.022571021691,"max":1,"mean":0.991728961468,"median":1,"min":0,"var":0.00820271112025},"silence_rate_60dB":{"dmean":0.0152720334008,"dmean2":0.0305489264429,"dvar":0.0150414444506,"dvar2":0.0397963821888,"max":1,"mean":0.131382212043,"median":0,"min":0,"var":0.114130750299},"spectral_centroid":{"dmean":125.054466248,"dmean2":198.645126343,"dvar":25975.90625,"dvar2":45115.0039062,"max":10824.2382812,"mean":591.442871094,"median":564.053222656,"min":87.2960205078,"var":148016.765625},"spectral_complexity":{"dmean":1.82628059387,"dmean2":3.05775666237,"dvar":3.93258452415,"dvar2":9.92081069946,"max":55,"mean":12.7416887283,"median":7,"min":0,"var":114.172515869},"spectral_contrast_coeffs":{"dmean":[0.0531029067934,0.0442543141544,0.0340392142534,0.0296291969717,0.0229071304202,0.0220934618264],"dmean2":[0.0874767303467,0.0746677815914,0.0582220703363,0.049502003938,0.0382995642722,0.0356393046677],"dvar":[0.00185013364535,0.00139667396434,0.000736695423257,0.00055718421936,0.000423425168265,0.000582132663112],"dvar2":[0.00491211703047,0.00375168491155,0.00210832571611,0.00147887435742,0.00104702811223,0.00146146526095],"max":[-0.366743087769,-0.506232917309,-0.641436338425,-0.669968485832,-0.726454973221,-0.576929688454],"mean":[-0.726646602154,-0.810735940933,-0.851293921471,-0.855112016201,-0.874667227268,-0.794641196728],"median":[-0.735337078571,-0.815928757191,-0.847061395645,-0.854818403721,-0.861065804958,-0.825961470604],"min":[-0.961301982403,-0.971773445606,-0.97110581398,-0.987520515919,-0.973404765129,-0.958403527737],"var":[0.00554839847609,0.00577635038644,0.00349079840817,0.00541236484423,0.00363288051449,0.00497405836359]},"spectral_contrast_valleys":{"dmean":[0.400709092617,0.456489145756,0.440453290939,0.449850529432,0.49404746294,0.61596596241],"dmean2":[0.653767645359,0.73857831955,0.713863551617,0.725582659245,0.781830012798,0.975249290466],"dvar":[0.12288980931,0.181270331144,0.205560579896,0.260753184557,0.313788115978,0.319157510996],"dvar2":[0.280338823795,0.421975076199,0.469814360142,0.609395027161,0.759794771671,0.789466738701],"max":[-5.25217437744,-4.44935512543,-4.90617752075,-5.89277791977,-5.89443206787,-8.98280906677],"mean":[-7.11898517609,-6.9151968956,-7.47885656357,-8.16419315338,-8.705286026,-11.414185524],"median":[-6.80999946594,-6.67242622375,-7.39171504974,-7.82019519806,-8.16996192932,-11.1065311432],"min":[-27.2321510315,-27.1915550232,-27.4466114044,-27.3777389526,-27.3368644714,-27.2433280945],"var":[1.53730690479,3.10802173615,3.53770899773,3.01836419106,2.11415553093,1.62937378883]},"spectral_decrease":{"dmean":3.34175287442e-9,"dmean2":5.37405409062e-9,"dvar":1.50834829599e-17,"dvar2":3.89321157976e-17,"max":-8.58642178997e-18,"mean":-8.20996248763e-9,"median":-7.53976703294e-9,"min":-4.67114986691e-8,"var":4.30939096136e-17},"spectral_energy":{"dmean":0.0129138156772,"dmean2":0.0207173470408,"dvar":0.000223735303734,"dvar2":0.000576317543164,"max":0.184007883072,"mean":0.0331254117191,"median":0.0309119559824,"min":8.61135052155e-11,"var":0.000689767010044},"spectral_energyband_high":{"dmean":0.0000803392686066,"dmean2":0.000111387853394,"dvar":6.94029012038e-8,"dvar2":1.3518045705e-7,"max":0.0071207662113,"mean":0.000220947928028,"median":0.0000378143777198,"min":2.04156969108e-11,"var":2.04796066328e-7},"spectral_energyband_low":{"dmean":0.00975239928812,"dmean2":0.0159748289734,"dvar":0.00014788142289,"dvar2":0.000390516885091,"max":0.120912648737,"mean":0.015076443553,"median":0.0107151661068,"min":2.3205321345e-11,"var":0.000225069466978},"spectral_energyband_middle_high":{"dmean":0.00135386188049,"dmean2":0.00227591814473,"dvar":0.00000516916270499,"dvar2":0.0000141086065923,"max":0.054227348417,"mean":0.00502398703247,"median":0.00023547996534,"min":5.47535107531e-12,"var":0.0000335448785336},"spectral_energyband_middle_low":{"dmean":0.00518104806542,"dmean2":0.00828630756587,"dvar":0.000100007622677,"dvar2":0.000249985838309,"max":0.16159786284,"mean":0.0123888524249,"median":0.00232389033772,"min":2.13851731462e-11,"var":0.00029512643232},"spectral_entropy":{"dmean":0.352285325527,"dmean2":0.565516293049,"dvar":0.175081506371,"dvar2":0.435441285372,"max":9.79065132141,"mean":7.21467351913,"median":7.33017778397,"min":4.55425310135,"var":0.322399199009},"spectral_flux":{"dmean":0.0269713737071,"dmean2":0.0461275987327,"dvar":0.000683545076754,"dvar2":0.00185859319754,"max":0.340343892574,"mean":0.0985149741173,"median":0.103872559965,"min":0.0000900177910808,"var":0.003345802892},"spectral_kurtosis":{"dmean":5.13344240189,"dmean2":8.18692779541,"dvar":55.3532905579,"dvar2":145.423492432,"max":108.471351624,"mean":14.0093612671,"median":11.326256752,"min":-1.22841250896,"var":95.8477630615},"spectral_rms":{"dmean":0.00106453138869,"dmean2":0.00167430110741,"dvar":9.7859356174e-7,"dvar2":0.00000249579375122,"max":0.0133985029534,"mean":0.00506969634444,"median":0.00549163063988,"min":2.89850248691e-7,"var":0.00000661569765725},"spectral_rolloff":{"dmean":245.36428833,"dmean2":437.759399414,"dvar":1730071.25,"dvar2":5766257,"max":22050,"mean":678.991271973,"median":215.33203125,"min":21.533203125,"var":1888852.5},"spectral_skewness":{"dmean":0.478591173887,"dmean2":0.74999588728,"dvar":0.349039614201,"dvar2":0.910215973854,"max":7.68627405167,"mean":2.78530573845,"median":2.65883183479,"min":0.00260724546388,"var":0.676749527454},"spectral_spread":{"dmean":654386.4375,"dmean2":1028440.375,"dvar":604545679360,"dvar2":1261336788990,"max":40212892,"mean":4156103,"median":4009149.75,"min":871285.875,"var":1894594772990},"spectral_strongpeak":{"dmean":0.364218145609,"dmean2":0.622136771679,"dvar":0.321383476257,"dvar2":0.844666719437,"max":7.92324590683,"mean":0.453456550837,"median":0.215843245387,"min":0,"var":0.469279766083},"zerocrossingrate":{"dmean":0.0149293197319,"dmean2":0.0206259787083,"dvar":0.000245269126026,"dvar2":0.000437730981503,"max":0.47705078125,"mean":0.0720015615225,"median":0.0712890625,"min":0,"var":0.00145744520705}},"metadata":{"audio_properties":{"analysis_sample_rate":44100,"bit_rate":165076,"codec":"mp3","downmix":"mix","equal_loudness":0,"length":145.947189331,"lossless":false,"md5_encoded":"f87ce936da71238b0340259543859d1c","replay_gain":-2.72043037415,"sample_rate":44100},"tags":{"album":["Damaged"],"albumartist":["Black Flag"],"albumartistsort":["Black Flag"],"artist":["Black Flag"],"artists":["Black Flag"],"artistsort":["Black Flag"],"catalognumber":["9502"],"date":["1981"],"file_name":"12 - No More.mp3","label":["SST Records","Unicorn Records"],"media":["12\" Vinyl"],"musicbrainz album release country":["US"],"musicbrainz album status":["official"],"musicbrainz album type":["album"],"musicbrainz release track id":["eb29ee90-e981-3023-9ff1-ad028b2ac281"],"musicbrainz_albumartistid":["9941a936-196a-4a62-ae53-a69cbc33f20e"],"musicbrainz_albumid":["136a731b-8515-4023-9cca-722e6de4cf60"],"musicbrainz_artistid":["9941a936-196a-4a62-ae53-a69cbc33f20e"],"musicbrainz_recordingid":["cb6d5d36-33e7-4e7a-b233-fd9f610cafe2"],"musicbrainz_releasegroupid":["2cf40300-0f67-3136-9b84-57104f1f7a50"],"originaldate":["1981"],"performer:background vocals":["Chuck Dukowski","Greg Ginn","ROBO","Dez Cadena"],"performer:bass guitar":["Chuck Dukowski"],"performer:drums":["ROBO"],"performer:guitar":["Greg Ginn","Dez Cadena"],"performer:lead vocals":["Henry Rollins"],"script":["Latn"],"title":["No More"],"tracknumber":["12/15"]},"version":{"essentia":"2.1-beta1","essentia_build_sha":"ca57ba49d9b1854bd80e60cf9ccf267278fb7d6b","essentia_git_sha":"v2.1_beta1-28-g21ef5f4-dirty","extractor":"music 1.0"}},"rhythm":{"beats_count":304,"beats_loudness":{"dmean":0.0163411684334,"dmean2":0.0294222794473,"dvar":0.000249610078754,"dvar2":0.000685216218699,"max":0.122423246503,"mean":0.035487473011,"median":0.0346862226725,"min":4.68269441001e-8,"var":0.000656618678477},"beats_loudness_band_ratio":{"dmean":[0.0992577373981,0.0867198109627,0.0686450377107,0.0429911762476,0.00838920194656,0.0105043537915],"dmean2":[0.174668580294,0.151949867606,0.122612342238,0.0756297931075,0.0150203388184,0.0181710571051],"dvar":[0.0140552092344