{"lowlevel":{"average_loudness":0.776754975319,"barkbands":{"dmean":[0.000539973203558,0.00911820866168,0.00347158545628,0.00200024200603,0.00135697738733,0.000646500033326,0.000378627621103,0.000828946242109,0.000873987970408,0.000516067200806,0.000322423002217,0.000323903746903,0.000336732744472,0.000304991990561,0.000630279246252,0.00057814293541,0.000377108895918,0.000121328877867,0.000152184817125,0.0000706649880158,0.0000383945880458,0.0000538903695997,0.0000378777913284,0.0000254773622146,0.0000174703036464,0.0000521308284078,0.00000743859800423],"dmean2":[0.000819378532469,0.0136487353593,0.00645705871284,0.0036788166035,0.00238299486227,0.001073038904,0.000615160504822,0.00132663082331,0.00141023786273,0.000820698041935,0.000514280225616,0.000510459474754,0.000554939964786,0.000496568856761,0.0010215647053,0.000941503385548,0.000606361310929,0.0001961698581,0.000223227616516,0.000108067935798,0.0000553000827495,0.0000768310637795,0.0000531955010956,0.0000350874834112,0.0000242300775426,0.0000754545908421,0.0000107425139504],"dvar":[0.00000182158544249,0.000522799789906,0.0000888350550667,0.0000251049386861,0.00000833370540931,0.00000257148167293,9.85113047136e-7,0.00000445690875495,0.0000070278115345,0.00000106324625904,4.41501157411e-7,5.39936650057e-7,9.25493054638e-7,5.91614593759e-7,0.00000162021058259,0.00000153752205279,6.25913287422e-7,6.12771344777e-8,1.66265934354e-7,2.91026562849e-8,1.13577156569e-8,2.32048513737e-8,9.05269459395e-9,3.47375261889e-9,1.81920156717e-9,2.5494522049e-8,5.47431489029e-10],"dvar2":[0.00000394400149162,0.0012092780089,0.000258927058894,0.0000730186075089,0.000023134651201,0.00000701647695678,0.00000264369236902,0.0000114539971037,0.0000175686709554,0.00000271047883871,0.00000109056531983,0.00000126342354179,0.00000270020632342,0.00000154237329753,0.00000409546100855,0.00000388288071917,0.00000159398200594,1.56195795853e-7,2.97302932495e-7,6.65786501486e-8,2.37729143038e-8,4.67664200698e-8,1.74163243827e-8,6.64226718072e-9,3.47760997776e-9,5.40770059843e-8,1.15010656554e-9],"max":[0.0137598160654,0.166142746806,0.0856401845813,0.0465754047036,0.0385246016085,0.0419466048479,0.0285962857306,0.0439814031124,0.0751896500587,0.0212436560541,0.0151248816401,0.0148282656446,0.0322454385459,0.0140677103773,0.0250320415944,0.0301329102367,0.014480910264,0.00621430948377,0.0164043400437,0.00484897522256,0.00342537323013,0.00533333513886,0.00254444754682,0.00120525597595,0.000906168716028,0.00324106798507,0.000430121610407],"mean":[0.000515425286721,0.0089466990903,0.00385941704735,0.00219081575051,0.00178670836613,0.00101121107582,0.00058225216344,0.00125337636564,0.00142441678327,0.000898793223314,0.000543633126654,0.00054398609791,0.000539532164112,0.000482497212943,0.00102605123539,0.00100539019331,0.000647031643894,0.000225346127991,0.00029439444188,0.000133175213705,0.000067172353738,0.0000976482842816,0.0000687276551616,0.0000452657732239,0.0000282989567495,0.0000659657380311,0.00000935509615374],"median":[0.0000190244300029,0.000909996975679,0.000969798013102,0.0010539831128,0.000776605505962,0.000496344466228,0.000211871039937,0.000301833410049,0.000323731364915,0.000323557847878,0.00017285021022,0.000154772700625,0.000176020927029,0.000126296479721,0.000326631910866,0.000294022465823,0.000226108677452,0.0000814225713839,0.0000585047891946,0.0000284602574538,0.0000151071299115,0.0000184604959941,0.0000116808441817,0.00000904849821382,0.000004490759693,0.00000240976237365,2.65327685156e-7],"min":[1.26640574281e-24,1.00252522246e-23,2.09528437846e-24,1.31996180548e-24,7.47189801219e-24,8.67900508075e-24,6.84139304509e-24,6.59339805345e-24,2.47943652568e-23,2.31205380999e-23,1.24011537542e-23,2.44089688392e-23,3.34910771094e-23,5.88722854599e-23,6.56060021468e-23,1.02524522117e-22,1.05316035804e-22,1.1803997093e-22,1.79465401554e-22,1.53418312558e-22,2.54574956176e-22,3.05347886815e-22,4.5304617526e-22,5.99288718724e-22,9.71699324544e-22,1.38973592856e-21,1.92213307954e-21],"var":[0.00000207643438443,0.000576394086238,0.0000635728574707,0.0000162206324603,0.000010120056686,0.00000366081826542,0.00000142385545132,0.00000818321314,0.0000139562571349,0.00000228605949815,0.00000112013981379,0.00000113165617677,0.00000142760222843,0.00000108265180643,0.00000339077541867,0.00000325755422637,0.00000124210544072,1.45168428389e-7,4.83120743411e-7,7.64976419987e-8,2.33238086622e-8,5.77372851751e-8,2.64017234741e-8,8.40963476634e-9,3.74090403099e-9,4.11786871268e-8,8.63503435422e-10]},"barkbands_crest":{"dmean":2.97683691978,"dmean2":4.6572022438,"dvar":10.4035320282,"dvar2":21.1875076294,"max":25.3498497009,"mean":10.014424324,"median":8.71990966797,"min":2.72609639168,"var":24.3397045135},"barkbands_flatness_db":{"dmean":0.0291112102568,"dmean2":0.0410274043679,"dvar":0.000848759955261,"dvar2":0.00165072421078,"max":0.437248528004,"mean":0.157753318548,"median":0.145818293095,"min":0.0331863313913,"var":0.00496732257307},"barkbands_kurtosis":{"dmean":7.84539651871,"dmean2":12.5923538208,"dvar":610.338562012,"dvar2":1569.51867676,"max":424.737335205,"mean":7.75627565384,"median":0.993305921555,"min":-1.83784651756,"var":584.584716797},"barkbands_skewness":{"dmean":0.867206513882,"dmean2":1.26407444477,"dvar":1.55631399155,"dvar2":3.41707229614,"max":17.3416900635,"mean":1.65717625618,"median":1.14846658707,"min":-3.60858106613,"var":3.5458688736},"barkbands_spread":{"dmean":5.43974304199,"dmean2":8.17989444733,"dvar":32.3269691467,"dvar2":68.0488510132,"max":109.067436218,"mean":19.8748130798,"median":19.1585617065,"min":0.323796570301,"var":137.069046021},"dissonance":{"dmean":0.0212102588266,"dmean2":0.0347913578153,"dvar":0.000442835880676,"dvar2":0.00113336031791,"max":0.499999970198,"mean":0.459425210953,"median":0.469583749771,"min":0.16082367301,"var":0.00122061837465},"dynamic_complexity":4.36817026138,"erbbands":{"dmean":[0.344112932682,1.88847398758,3.60714650154,6.24018239975,4.51260566711,4.62169408798,6.54764986038,4.70887184143,4.96246957779,7.97754049301,19.8194580078,22.8050575256,10.8008861542,19.1356067657,12.2722110748,12.9428319931,14.3041152954,14.5769081116,31.2962226868,26.9529533386,27.5212287903,18.6929779053,7.46012210846,5.88343334198,7.70071601868,2.79939246178,1.41672110558,1.70335292816,1.92934775352,1.59401583672,1.0388469696,0.621643841267,0.400116980076,0.218632295728,0.125304818153,0.171551674604,0.125990480185,0.0125006185845,0.00151074165478,0.0000731365507818],"dmean2":[0.497636765242,3.09749889374,6.57622528076,11.514081955,8.36067008972,7.97602558136,10.7299280167,7.96677398682,8.09192466736,12.7752590179,31.8114395142,36.8947753906,17.3630809784,29.8704776764,19.7502746582,20.3597564697,23.3869953156,23.5159797668,50.8694763184,43.4835395813,43.8507995605,29.5678653717,12.0233249664,8.67159557343,11.3058595657,4.14849185944,2.04270339012,2.44150090218,2.75234127045,2.27423977852,1.45331501961,0.868707835674,0.549452960491,0.304727762938,0.175642207265,0.249154374003,0.183973640203,0.0179586652666,0.00219412054867,0.000104053404357],"dvar":[0.742787539959,25.4457359314,98.2562561035,249.812438965,137.880950928,101.36328125,268.842315674,139.736587524,171.838867188,517.312072754,2373.58325195,5559.19042969,600.392944336,1351.03942871,577.610717773,860.920715332,2025.3079834,1342.37390137,4860.98583984,2759.14599609,3404.19824219,1607.9934082,220.467727661,201.691101074,418.047546387,35.8814735413,12.4716081619,25.2536716461,32.9287948608,17.6022052765,6.58573532104,2.04860830307,0.954905331135,0.29952865839,0.0934482142329,0.239247754216,0.166600555182,0.00148219335824,0.0000227157779591,4.04480040572e-8],"dvar2":[1.58995556831,65.4076461792,281.147125244,726.175231934,399.770385742,276.027191162,735.78894043,375.890686035,466.392822266,1275.30566406,6039.53320312,13897.6367188,1543.46789551,3289.65454102,1435.33813477,2038.03869629,6132.49951172,3484.03881836,12805.3535156,6806.26220703,8361.25683594,4073.77441406,565.451660156,382.646209717,824.382019043,78.3002929688,26.9320926666,50.9816932678,65.5755462646,35.4891281128,12.8349790573,3.94825291634,1.96758294106,0.602682650089,0.182631656528,0.49895966053,0.362583398819,0.00318272435106,0.0000479381342302,8.52341273117e-8],"max":[7.21714830399,37.9553070068,90.4032287598,141.325744629,105.797096252,143.4269104,564.482666016,228.880981445,458.660614014,468.786712646,944.802246094,2044.06567383,674.742675781,667.017272949,661.407104492,705.678344727,1695.09191895,801.566772461,1445.11877441,1081.20227051,1217.2869873,745.318725586,300.75112915,627.96270752,532.283203125,174.008834839,119.445388794,173.501846313,230.980255127,110.842834473,74.7379837036,26.957485199,24.8193302155,12.3656864166,5.31390190125,9.72606182098,8.04264545441,0.732373058796,0.0958231911063,0.00394715601578],"mean":[0.333672821522,1.72822153568,4.04634284973,7.11699199677,4.63428020477,6.16416740417,10.8002920151,6.84455966949,8.01600074768,12.3076553345,31.5211601257,37.1883659363,19.860956192,35.0213661194,22.4798126221,23.3661365509,24.3282146454,26.2287483215,51.8737792969,48.1134223938,51.8851356506,34.1885299683,14.8682746887,11.9370794296,15.2327289581,5.84309053421,2.6225092411,2.8980922699,3.45839166641,2.93270635605,1.83562147617,1.08323121071,0.682211816311,0.349929064512,0.197609737515,0.226916104555,0.153880864382,0.0157602056861,0.00190151599236,0.000109298496682],"median":[0.012730743736,0.264766573906,0.913693785667,3.85927820206,1.96805775166,2.43767571449,4.6586060524,2.7509624958,3.36217546463,3.60560417175,8.98307609558,8.72961044312,8.31905555725,12.5419282913,9.21151161194,7.59223079681,8.66330432892,8.39847183228,15.1057071686,17.9247550964,16.9741153717,12.9131793976,6.21854782104,3.27283787727,2.82637286186,1.37867307663,0.716909050941,0.609243035316,0.634083628654,0.530359625816,0.315147697926,0.211666479707,0.12945151329,0.0630169585347,0.0259068757296,0.0125716226175,0.00397136388347,0.000557426188607,0.0000690447850502,0.0000309175666189],"min":[2.27858067474e-22,6.2530870877e-22,2.30135176954e-21,5.60118162428e-21,2.48104601397e-20,2.07554979923e-20,2.47601135978e-20,1.12398568254e-19,1.18116454238e-19,1.08169549211e-19,2.84919880452e-19,5.523939014e-19,7.02255453747e-19,1.15007707871e-18,9.51996273325e-19,1.18735738514e-18,2.10388963387e-18,2.89721395074e-18,2.92620621762e-18,4.19668967085e-18,5.91680761875e-18,5.81836402687e-18,7.82303251908e-18,6.81863921363e-18,9.69680919193e-18,6.78261053487e-18,1.00943207615e-17,1.13534732879e-17,1.06588525044e-17,9.71698578143e-18,1.08035255663e-17,1.15040937784e-17,1.08760701332e-17,8.45750403715e-18,7.49498509585e-18,4.83157808794e-18,2.03641485694e-18,1.0689188733e-18,2.5718423017e-19,2.52270198951e-20],"var":[0.897367238998,22.0652999878,72.1039047241,155.825805664,88.2921981812,144.814102173,496.559936523,173.845504761,249.320892334,836.645507812,4487.87939453,10556.3447266,1100.74780273,3572.66186523,1317.20410156,1940.12780762,2917.7890625,2711.64526367,10081.1933594,5822.31298828,7990.40380859,3294.36499023,564.553222656,621.995178223,1183.63146973,118.546600342,27.770067215,51.3103790283,77.5862960815,50.7708320618,17.7919578552,4.84930896759,2.13834619522,0.571592450142,0.192540332675,0.404749244452,0.254422485828,0.00234057707712,0.0000357375392923,6.82194638557e-8]},"erbbands_crest":{"dmean":2.86458706856,"dmean2":4.67803430557,"dvar":6.79054069519,"dvar2":17.016078949,"max":32.555229187,"mean":9.93312454224,"median":8.93968868256,"min":2.2170894146,"var":19.4401931763},"erbbands_flatness_db":{"dmean":0.0254616569728,"dmean2":0.0338128581643,"dvar":0.000628277135547,"dvar2":0.00105830468237,"max":0.374274522066,"mean":0.176322177052,"median":0.174298539758,"min":0.0304124485701,"var":0.00314760650508},"erbbands_kurtosis":{"dmean":1.14884340763,"dmean2":1.80484259129,"dvar":2.47434997559,"dvar2":5.58234786987,"max":37.2406921387,"mean":0.857088208199,"median":0.210965394974,"min":-1.85800242424,"var":5.71674823761},"erbbands_skewness":{"dmean":0.432646989822,"dmean2":0.672929823399,"dvar":0.161272540689,"dvar2":0.381037980318,"max":4.3843331337,"mean":0.0131560778245,"median":-0.0293897520751,"min":-3.53921484947,"var":0.863623976707},"erbbands_spread":{"dmean":8.51235198975,"dmean2":12.7184581757,"dvar":93.0784759521,"dvar2":204.749771118,"max":135.384460449,"mean":32.2619132996,"median":28.6534957886,"min":2.28079724312,"var":271.001312256},"gfcc":{"cov":[[18665.515625,-1796.29504395,-1669.83337402,51.9571990967,-360.604248047,662.676757812,-369.758239746,520.696960449,17.8491420746,239.472702026,-347.836029053,186.41267395,-256.253387451],[-1796.29504395,2132.79858398,-240.107269287,19.0395412445,296.709503174,-232.748764038,68.2906112671,-194.224853516,53.8110809326,-249.230255127,115.709228516,-166.57434082,122.770797729],[-1669.83337402,-240.107269287,1324.49938965,243.670135498,59.4503059387,121.404426575,154.611465454,30.1751270294,-0.864579021931,138.682952881,35.181350708,131.82434082,11.9726333618],[51.9571990967,19.0395412445,243.670135498,618.289367676,-13.9536590576,45.9884796143,75.7511291504,22.6303710938,57.9668006897,11.6636171341,81.3407669067,-3.3432700634,58.089881897],[-360.604248047,296.709503174,59.4503059387,-13.9536590576,450.869171143,62.6924667358,37.3520431519,47.506603241,83.1869049072,11.1989879608,-5.11362028122,36.5254516602,53.9295845032],[662.676757812,-232.748764038,121.404426575,45.9884796143,62.6924667358,332.969207764,99.0728912354,88.4411392212,28.3609409332,95.1322631836,14.184132576,47.9268074036,14.3551483154],[-369.758239746,68.2906112671,154.611465454,75.7511291504,37.3520431519,99.0728912354,246.255081177,69.1656341553,10.0248880386,38.5088729858,72.8113250732,9.93268489838,7.86422920227],[520.696960449,-194.224853516,30.1751270294,22.6303710938,47.506603241,88.4411392212,69.1656341553,200.502212524,68.530632019,45.0067977905,-4.06057834625,35.4891662598,-1.32289743423],[17.8491420746,53.8110809326,-0.864579021931,57.9668006897,83.1869049072,28.3609409332,10.0248880386,68.530632019,147.245407104,37.9115219116,5.97432565689,1.01805591583,24.1500320435],[239.472702026,-249.230255127,138.682952881,11.6636171341,11.1989879608,95.1322631836,38.5088729858,45.0067977905,37.9115219116,133.149047852,23.2860565186,23.9713420868,-20.2143650055],[-347.836029053,115.709228516,35.181350708,81.3407669067,-5.11362028122,14.184132576,72.8113250732,-4.06057834625,5.97432565689,23.2860565186,118.463424683,7.4821767807,7.00628614426],[186.41267395,-166.57434082,131.82434082,-3.3432700634,36.5254516602,47.9268074036,9.93268489838,35.4891662598,1.01805591583,23.9713420868,7.4821767807,122.979988098,23.5777683258],[-256.253387451,122.770797729,11.9726333618,58.089881897,53.9295845032,14.3551483154,7.86422920227,-1.32289743423,24.1500320435,-20.2143650055,7.00628614426,23.5777683258,95.8340301514]],"icov":[[0.000111057255708,-0.0000808303520898,0.000234096689383,-0.000203563307878,0.000115625327453,-0.000213574559893,0.00016726909962,-0.000259497202933,0.000205398799153,-0.000395190494601,0.000467138539534,-0.000451115134638,0.000385986350011],[-0.0000808303520898,0.00129939243197,-0.000310925621307,0.000505097967107,-0.000877469137777,0.000363940867828,-0.000602778396569,0.0011363083031,-0.0011502886191,0.00261437240988,-0.00194238184486,0.00190358713735,-0.00112866284326],[0.000234096689383,-0.000310925621307,0.00165144808125,-0.000996890012175,0.000200075868634,-0.000232992359088,-0.000361651123967,-0.000186320103239,0.000886832305696,-0.00232163048349,0.00193237059284,-0.00234089442529,0.00109310809057],[-0.000203563307878,0.000505097967107,-0.000996890012175,0.00270949443802,-0.000042773423047,0.000125900434796,-0.000299600913422,0.000514922139701,-0.00155721907504,0.00216390402056,-0.00282619497739,0.00214856374077,-0.00214543309994],[0.000115625327453,-0.000877469137777,0.000200075868634,-0.000042773423047,0.00340395909734,-0.000719705887605,0.0000949452805799,-0.000743938260712,-0.000807466800325,-0.0013549545547,0.00175145384856,-0.00191352050751,-0.00013117515482],[-0.000213574559893,0.000363940867828,-0.000232992359088,0.000125900434796,-0.000719705887605,0.00510704284534,-0.00181349925697,-0.000238856169744,0.000357712589903,-0.00212124432437,-0.0000425268190156,0.000286879279884,-0.00190404232126],[0.00016726909962,-0.000602778396569,-0.000361651123967,-0.000299600913422,0.0000949452805799,-0.00181349925697,0.00734907295555,-0.00332499109209,0.00190935446881,-0.000795054540504,-0.00302022323012,0.000592241936829,0.000441744399723],[-0.000259497202933,0.0011363083031,-0.000186320103239,0.000514922139701,-0.000743938260712,-0.000238856169744,-0.00332499109209,0.00940143410116,-0.00488883443177,0.00226320466027,0.00000737154596209,-0.000430122483522,0.000233274331549],[0.000205398799153,-0.0011502886191,0.000886832305696,-0.00155721907504,-0.000807466800325,0.000357712589903,0.00190935446881,-0.00488883443177,0.012140979059,-0.00636286055669,0.0018507912755,-0.000199162226636,-0.00145535275806],[-0.000395190494601,0.00261437240988,-0.00232163048349,0.00216390402056,-0.0013549545547,-0.00212124432437,-0.000795054540504,0.00226320466027,-0.00636286055669,0.0189837291837,-0.00746406754479,0.00395609531552,0.000929250207264],[0.000467138539534,-0.00194238184486,0.00193237059284,-0.00282619497739,0.00175145384856,-0.0000425268190156,-0.00302022323012,0.00000737154596209,0.0018507912755,-0.00746406754479,0.016599053517,-0.00582881225273,0.00265753990971],[-0.000451115134638,0.00190358713735,-0.00234089442529,0.00214856374077,-0.00191352050751,0.000286879279884,0.000592241936829,-0.000430122483522,-0.000199162226636,0.00395609531552,-0.00582881225273,0.0152519708499,-0.00611710269004],[0.000385986350011,-0.00112866284326,0.00109310809057,-0.00214543309994,-0.00013117515482,-0.00190404232126,0.000441744399723,0.000233274331549,-0.00145535275806,0.000929250207264,0.00265753990971,-0.00611710269004,0.0162760410458]],"mean":[-45.1747055054,107.382118225,-116.273025513,21.6560192108,-39.1187095642,9.22922515869,-35.6654624939,5.72160339355,-17.8360862732,-6.59964895248,-22.3914794922,-2.62037205696,-12.9831981659]},"hfc":{"dmean":5.56043672562,"dmean2":8.17988109589,"dvar":64.6989974976,"dvar2":140.597763062,"max":120.480567932,"mean":18.4195804596,"median":11.7052030563,"min":1.10662498748e-16,"var":370.321075439},"melbands":{"dmean":[0.00272657629102,0.00197269860655,0.00101224717218,0.000307614332996,0.000219979978283,0.000105719198473,0.0000760675466154,0.00010397665028,0.000165023142472,0.000138121497002,0.0000536421430297,0.000081508900621,0.0000400973731303,0.0000389393499063,0.0000272511078947,0.0000372026734112,0.0000272938104899,0.000049098427553,0.0000399532618758,0.0000462947391497,0.0000320443796227,0.0000236305313592,0.0000108165158963,0.00000526964049641,0.00000500072565046,0.00000675931050864,0.00000446586773251,0.00000147247294535,8.84658049927e-7,9.7379950148e-7,0.00000107141215722,0.0000011573605434,0.00000109756842903,8.52533617035e-7,6.5309927777e-7,4.73537824064e-7,3.71750900285e-7,2.94812110724e-7,2.41356076458e-7,1.75290779225e-7],"dmean2":[0.00400698790327,0.00339805404656,0.00187512103003,0.000554412486963,0.000361139653251,0.000177779467776,0.000123699035612,0.000166304860613,0.000265665672487,0.000223068913328,0.0000860092259245,0.000127589330077,0.0000645743712084,0.0000611309151282,0.0000436855880253,0.0000613052470726,0.0000440148505731,0.000080285652075,0.0000645909531158,0.0000755087457947,0.0000512643819093,0.0000376616262656,0.0000177607034857,0.00000849948901305,0.00000753002541387,0.0000100111692518,0.00000676554554957,0.00000225472649618,0.00000132202512759,0.00000144984244344,0.00000155850466399,0.00000168564383785,0.00000161071534421,0.00000125581425436,9.32510715757e-7,6.72389660394e-7,5.34338710168e-7,4.1146850549e-7,3.45187402218e-7,2.51204056667e-7],"dvar":[0.0000466100464109,0.0000268604471785,0.0000068314843702,5.06244703047e-7,2.70217952902e-7,6.85041854354e-8,3.93558785561e-8,8.75087806662e-8,1.58687996077e-7,2.1683612772e-7,1.47303849118e-8,2.45121913878e-8,5.85497605954e-9,7.22320647739e-9,4.84483564378e-9,1.2267481253e-8,5.07788788795e-9,1.21886500892e-8,6.3444853815e-9,1.00696535554e-8,4.55101600849e-9,2.61787658218e-9,4.97675289868e-10,1.31107069645e-10,1.62048235941e-10,3.85387138868e-10,1.23405258234e-10,1.07549984543e-11,4.49642146433e-12,7.26817217522e-12,1.07211349173e-11,1.34255809595e-11,8.17138197384e-12,5.66946749964e-12,2.83796922594e-12,1.31464565796e-12,7.3582497517e-13,5.07005190869e-13,3.62158409815e-13,2.05518680416e-13],"dvar2":[0.000103779588244,0.0000721272008377,0.0000198860725504,0.00000145349861214,7.24194251234e-7,1.83581349233e-7,1.06705151381e-7,2.18153488163e-7,4.00160644176e-7,5.40252756309e-7,3.79495475045e-8,5.98399836349e-8,1.47335903478e-8,1.71414900052e-8,1.21422560895e-8,3.58027740788e-8,1.30036337254e-8,3.25106199739e-8,1.54468846603e-8,2.5965801953e-8,1.12910933936e-8,6.58594023761e-9,1.30518951202e-9,3.38431199731e-10,3.19992532472e-10,7.32602922771e-10,2.70360844823e-10,2.40790200279e-11,9.85823228605e-12,1.60994204079e-11,2.21808352935e-11,2.73611775597e-11,1.74548136361e-11,1.21641334158e-11,5.82737287244e-12,2.649274463e-12,1.50882236392e-12,1.0576995009e-12,7.78982781058e-13,4.3063222801e-13],"max":[0.0533662065864,0.043255880475,0.0222771652043,0.00894550047815,0.0160784181207,0.0050869975239,0.00660854112357,0.00627171993256,0.00721407774836,0.0142461778596,0.00343766086735,0.00308718159795,0.00169616914354,0.00231598806567,0.00178621220402,0.00361165590584,0.00142062921077,0.00220972532406,0.00169612409081,0.00244239252061,0.00136501330417,0.000861954351421,0.000490776903462,0.000281689775875,0.000562528148293,0.000665526953526,0.000292768323561,0.000112759465992,0.0000600933126407,0.0000878776772879,0.000110302353278,0.000146149992361,0.0000784787407611,0.0000628147317911,0.0000485735654365,0.0000259894713963,0.0000175062850758,0.0000166552217706,0.0000160712115758,0.0000102377061921],"mean":[0.00267823343165,0.00219164835289,0.00113848678302,0.000357300974429,0.000364348612493,0.00015703990357,0.000122059922433,0.000159620147315,0.000261759938439,0.000223204697249,0.0000938415832934,0.000145055542816,0.0000705692073097,0.0000683528705849,0.0000457559399365,0.0000597325051785,0.0000443364042439,0.0000783574942034,0.000065404419729,0.0000754186039558,0.0000563184876228,0.000039853319322,0.0000182462881639,0.00000968017957348,0.00000920397178561,0.0000123771587823,0.00000850521155371,0.00000270781242762,0.00000151472215748,0.00000159589171744,0.0000016947108179,0.00000195719144358,0.00000190309106074,0.00000150704534008,0.00000110707640033,7.80038647008e-7,6.13649717707e-7,4.84825079639e-7,3.88520163597e-7,2.63345896201e-7],"median":[0.000197648972971,0.000472098152386,0.000601225241553,0.000151290019858,0.000161757328897,0.0000688301443006,0.0000491988103022,0.0000426624064858,0.0000728901432012,0.0000478400543216,0.0000376424250135,0.0000490492275276,0.0000270034470304,0.0000224318300752,0.0000157626109285,0.0000177947531483,0.0000121519760796,0.0000204583884624,0.0000224816685659,0.0000215870113607,0.0000175037275767,0.0000132242475956,0.00000711169013812,0.00000329092040374,0.00000225817848332,0.00000222912149184,0.00000144143189118,7.1089471021e-7,3.89668031175e-7,3.66795433138e-7,3.30460522946e-7,3.45139966385e-7,3.43302275496e-7,2.46991618269e-7,1.78101316806e-7,1.33847947836e-7,1.18852412356e-7,8.83635564719e-8,7.00206044257e-8,4.370175688e-8],"min":[3.12600057089e-24,9.03506849438e-25,1.6309641037e-24,1.90760963594e-24,6.85861259675e-25,2.97818302561e-24,1.59498169262e-24,1.06953061416e-24,2.24259212238e-24,2.72216097983e-24,3.17561656917e-24,4.43859727514e-24,2.05705894e-24,2.04147814826e-24,1.9207828242e-24,3.29760601955e-24,4.84495727679e-24,3.53466444081e-24,5.06947497902e-24,5.962041511e-24,6.11546825174e-24,4.79715151707e-24,6.22552775866e-24,5.07513702817e-24,4.55505641615e-24,6.50117705819e-24,5.71637878663e-24,3.18978648318e-24,5.0023366051e-24,4.68599864894e-24,6.0307793004e-24,5.69285810988e-24,5.09659956682e-24,4.36320347184e-24,6.10563588942e-24,6.29576359492e-24,6.65278429126e-24,6.51291491403e-24,6.51892918957e-24,5.8942791481e-24],"var":[0.0000541260851605,0.000021847710741,0.00000418507897848,4.14415239902e-7,5.35267588475e-7,8.88241444841e-8,5.79327448236e-8,1.51940170667e-7,3.02909910488e-7,4.17133634301e-7,2.59786308021e-8,6.27519582963e-8,1.38407081351e-8,1.59344555328e-8,8.68271943233e-9,1.85788096019e-8,9.29364674107e-9,2.44657964998e-8,1.32593402924e-8,1.92810212241e-8,9.66354285481e-9,5.14604359125e-9,9.68725211159e-10,3.03545771851e-10,4.35394553744e-10,1.00372266054e-9,3.63322399943e-10,2.67472415744e-11,1.00343856488e-11,1.29446219369e-11,2.05924235996e-11,2.85640920639e-11,2.03272051968e-11,1.51156986233e-11,7.07757333643e-12,2.91208311805e-12,1.58834360595e-12,1.08486624632e-12,7.3259600426e-13,3.51056125359e-13]},"melbands_crest":{"dmean":3.95374941826,"dmean2":5.89529418945,"dvar":14.1005325317,"dvar2":27.2489910126,"max":34.3103294373,"mean":15.4932947159,"median":14.4063301086,"min":1.43897616863,"var":44.2054519653},"melbands_flatness_db":{"dmean":0.0358657687902,"dmean2":0.0502852611244,"dvar":0.00133296521381,"dvar2":0.00257563381456,"max":0.554488837719,"mean":0.235836029053,"median":0.221489131451,"min":0.00215447088704,"var":0.00812480784953},"melbands_kurtosis":{"dmean":14.7283716202,"dmean2":22.5591049194,"dvar":1269.93701172,"dvar2":2971.05200195,"max":641.958251953,"mean":18.0277996063,"median":4.39257097244,"min":-1.80246257782,"var":1595.68188477},"melbands_skewness":{"dmean":1.07837295532,"dmean2":1.53899359703,"dvar":2.0561375618,"dvar2":4.18318986893,"max":19.5600624084,"mean":2.68016719818,"median":1.96120846272,"min":-2.45655536652,"var":5.22986459732},"melbands_spread":{"dmean":7.01671791077,"dmean2":10.6387968063,"dvar":63.2137641907,"dvar2":129.770339966,"max":159.990951538,"mean":23.7282466888,"median":21.0785694122,"min":0.285819262266,"var":322.538146973},"mfcc":{"cov":[[11928.0224609,-1260.95837402,-1156.47314453,-566.054077148,-62.8007278442,150.703140259,-190.718444824,267.817657471,67.3151779175,303.606903076,103.185768127,12.8752965927,15.6843833923],[-1260.95837402,1813.34692383,-212.725753784,65.2361297607,201.111862183,-47.5622177124,26.9806518555,4.60067415237,22.7712974548,-94.067565918,-65.2439804077,-17.6898899078,13.9333629608],[-1156.47314453,-212.725753784,1060.35876465,274.135192871,-31.9780406952,140.72416687,129.073760986,5.86663341522,20.1521434784,-18.1624011993,51.6641731262,56.9750175476,38.5709686279],[-566.054077148,65.2361297607,274.135192871,484.104614258,77.1812438965,21.8436546326,36.6782341003,26.1630764008,7.39577531815,-3.21644306183,20.6161193848,-8.16010761261,32.9757156372],[-62.8007278442,201.111862183,-31.9780406952,77.1812438965,326.951568604,72.6361160278,-25.0698375702,38.4324226379,97.7458496094,16.048789978,-15.7903680801,24.9544448853,33.2021179199],[150.703140259,-47.5622177124,140.72416687,21.8436546326,72.6361160278,224.230865479,96.5770645142,22.3223953247,46.3011779785,21.3006801605,34.0183677673,50.308265686,12.5659856796],[-190.718444824,26.9806518555,129.073760986,36.6782341003,-25.0698375702,96.5770645142,230.621627808,66.9091873169,18.3437271118,27.0107326508,38.7788734436,56.7209510803,11.056219101],[267.817657471,4.60067415237,5.86663341522,26.1630764008,38.4324226379,22.3223953247,66.9091873169,151.751586914,66.0531234741,21.1893310547,25.7868232727,29.9710578918,29.475610733],[67.3151779175,22.7712974548,20.1521434784,7.39577531815,97.7458496094,46.3011779785,18.3437271118,66.0531234741,160.804611206,42.9934768677,1.26436209679,33.3204116821,17.8506641388],[303.606903076,-94.067565918,-18.1624011993,-3.21644306183,16.048789978,21.3006801605,27.0107326508,21.1893310547,42.9934768677,146.336532593,67.4748687744,9.8081407547,13.5974140167],[103.185768127,-65.2439804077,51.6641731262,20.6161193848,-15.7903680801,34.0183677673,38.7788734436,25.7868232727,1.26436209679,67.4748687744,131.31111145,39.7697563171,6.30902004242],[12.8752965927,-17.6898899078,56.9750175476,-8.16010761261,24.9544448853,50.308265686,56.7209510803,29.9710578918,33.3204116821,9.8081407547,39.7697563171,110.085899353,29.7419910431],[15.6843833923,13.9333629608,38.5709686279,32.9757156372,33.2021179199,12.5659856796,11.056219101,29.475610733,17.8506641388,13.5974140167,6.30902004242,29.7419910431,89.6075592041]],"icov":[[0.00012896482076,0.0000736426591175,0.000143702316564,0.0000505601637997,0.0000834000893519,-0.000274622172583,0.000256306229858,-0.000370804016711,0.000141516458825,-0.000243200367549,0.0000883843022166,-0.0000523888811585,0.0000033499568417],[0.0000736426591175,0.000728138023987,0.00024938659044,-0.0000283272638626,-0.000505310599692,0.000229752447922,-0.000424436148023,0.0000980611584964,-0.000086347317847,0.000522026850376,-0.000141061915201,0.000259645574261,-0.000186168806977],[0.000143702316564,0.00024938659044,0.00154939317144,-0.000725882069673,0.000497739471029,-0.000893616699614,-0.000187546116649,0.000175044478965,-0.000378918106435,0.0004366520443,-0.000318933743984,-0.000170158018591,-0.000469123537187],[0.0000505601637997,-0.0000283272638626,-0.000725882069673,0.0028170212172,-0.000965711951721,0.000427705934271,-0.000370360095985,-0.000377900374588,0.000386502331821,0.000207998571568,-0.000693464186043,0.00120044208597,-0.000718989467714],[0.0000834000893519,-0.000505310599692,0.000497739471029,-0.000965711951721,0.00526191387326,-0.00237202225253,0.00214104703628,-0.00085021276027,-0.00189765554387,-0.000831665354781,0.00120471930131,-0.00101435510442,-0.000640354817733],[-0.000274622172583,0.000229752447922,-0.000893616699614,0.000427705934271,-0.00237202225253,0.0078372368589,-0.0037214292679,0.00229671783745,-0.00142511865124,0.00126329844352,-0.00159932719544,-0.000299262552289,0.0000272712877631],[0.000256306229858,-0.000424436148023,-0.000187546116649,-0.000370360095985,0.00214104703628,-0.0037214292679,0.00845847930759,-0.0044076256454,0.00180632492993,-0.00260249967687,0.00153526256327,-0.00320977671072,0.00136526033748],[-0.000370804016711,0.0000980611584964,0.000175044478965,-0.000377900374588,-0.00085021276027,0.00229671783745,-0.0044076256454,0.0117062386125,-0.00496694399044,0.00272837048396,-0.0029649969656,0.00126533210278,-0.00283627770841],[0.000141516458825,-0.000086347317847,-0.000378918106435,0.000386502331821,-0.00189765554387,-0.00142511865124,0.00180632492993,-0.00496694399044,0.0112103084102,-0.00444459822029,0.00352320214733,-0.00297932582907,0.00150553206913],[-0.000243200367549,0.000522026850376,0.0004366520443,0.000207998571568,-0.000831665354781,0.00126329844352,-0.00260249967687,0.00272837048396,-0.00444459822029,0.0123486071825,-0.00723239220679,0.00362575007603,-0.00243111280724],[0.0000883843022166,-0.000141061915201,-0.000318933743984,-0.000693464186043,0.00120471930131,-0.00159932719544,0.00153526256327,-0.0029649969656,0.00352320214733,-0.00723239220679,0.0136027922854,-0.00537144578993,0.00218346086331],[-0.0000523888811585,0.000259645574261,-0.000170158018591,0.00120044208597,-0.00101435510442,-0.000299262552289,-0.00320977671072,0.00126533210278,-0.00297932582907,0.00362575007603,-0.00537144578993,0.0147097194567,-0.00446294015273],[0.0000033499568417,-0.000186168806977,-0.000469123537187,-0.000718989467714,-0.000640354817733,0.0000272712877631,0.00136526033748,-0.00283627770841,0.00150553206913,-0.00243111280724,0.00218346086331,-0.00446294015273,0.0140491863713]],"mean":[-686.822875977,141.684112549,-11.3068714142,19.7509632111,13.4763231277,5.63948822021,-5.28297805786,9.08188438416,3.4754948616,2.62455153465,-4.06569433212,-6.86673736572,0.100712008774]},"pitch_salience":{"dmean":0.0814880952239,"dmean2":0.126901075244,"dvar":0.00717337150127,"dvar2":0.0158856790513,"max":0.9678388834,"mean":0.536133408546,"median":0.55325782299,"min":0.0886725559831,"var":0.0171180590987},"silence_rate_20dB":{"dmean":0,"dmean2":0,"dvar":0,"dvar2":0,"max":1,"mean":1,"median":1,"min":1,"var":0},"silence_rate_30dB":{"dmean":0.0555986538529,"dmean2":0.111211687326,"dvar":0.052506480366,"dvar2":0.123935766518,"max":1,"mean":0.954880416393,"median":1,"min":0,"var":0.0430840030313},"silence_rate_60dB":{"dmean":0.0387897603214,"dmean2":0.0775895491242,"dvar":0.0372801981866,"dvar2":0.0855509713292,"max":1,"mean":0.089980609715,"median":0,"min":0,"var":0.0818764492869},"spectral_centroid":{"dmean":252.833404541,"dmean2":389.342468262,"dvar":78903.28125,"dvar2":181016.578125,"max":11725.6425781,"mean":1242.44262695,"median":1201.17565918,"min":153.2578125,"var":685951.5625},"spectral_complexity":{"dmean":2.73390221596,"dmean2":4.19707727432,"dvar":9.05549621582,"dvar2":18.3290805817,"max":50,"mean":16.9625072479,"median":16,"min":0,"var":115.561447144},"spectral_contrast_coeffs":{"dmean":[0.0512256249785,0.0477610379457,0.0423431806266,0.0356316417456,0.0268635507673,0.0198642928153],"dmean2":[0.0768948122859,0.0769008919597,0.0670527741313,0.0564710609615,0.0413065478206,0.0299597904086],"dvar":[0.00174774730112,0.00161226501223,0.00123369437642,0.000851989374496,0.000603002437856,0.000329949602019],"dvar2":[0.0038866600953,0.00403734855354,0.00297154067084,0.00209641037509,0.0012977537699,0.000734771077987],"max":[-0.286769419909,-0.280955255032,-0.36022156477,-0.463001966476,-0.556800723076,-0.617978811264],"mean":[-0.615012407303,-0.731123805046,-0.755958259106,-0.755030870438,-0.767534732819,-0.77920037508],"median":[-0.624727249146,-0.741011023521,-0.763005077839,-0.757514417171,-0.76864284277,-0.782438874245],"min":[-0.970567405224,-0.984734594822,-0.978198170662,-0.969316065311,-0.967012584209,-0.963452994823],"var":[0.0102951424196,0.00695836683735,0.0055598183535,0.0046085040085,0.00457796361297,0.001819664496]},"spectral_contrast_valleys":{"dmean":[0.507299780846,0.387745916843,0.391964435577,0.347429573536,0.3552736938,0.442916721106],"dmean2":[0.794391334057,0.625631690025,0.616359293461,0.529105126858,0.495454490185,0.530300974846],"dvar":[0.306693613529,0.145029306412,0.154661774635,0.128494903445,0.161634385586,0.263407915831],"dvar2":[0.643299520016,0.323979258537,0.331773132086,0.256068736315,0.292094677687,0.429781407118],"max":[-4.8051571846,-4.82731628418,-5.17870855331,-5.55400562286,-5.96627426147,-8.00680065155],"mean":[-7.75974321365,-7.23046636581,-7.68648338318,-8.0309753418,-8.23659896851,-10.9456272125],"median":[-7.5659828186,-7.02573680878,-7.3876543045,-7.6589922905,-7.95768642426,-10.6553173065],"min":[-28.0223140717,-27.8740768433,-27.5017681122,-27.5405273438,-27.4230327606,-27.3606033325],"var":[3.00412511826,2.67156124115,2.99619269371,3.15089678764,2.81762433052,3.0255844593]},"spectral_decrease":{"dmean":3.62448715485e-9,"dmean2":5.24212628861e-9,"dvar":4.66207959873e-17,"dvar2":9.88488375888e-17,"max":2.41168927836e-19,"mean":-7.05358749187e-9,"median":-4.01631217173e-9,"min":-5.97967186877e-8,"var":7.64649927234e-17},"spectral_energy":{"dmean":0.01402499713,"dmean2":0.0202089250088,"dvar":0.000668879016303,"dvar2":0.00141556607559,"max":0.228820279241,"mean":0.0282925441861,"median":0.0165974255651,"min":1.00640682138e-20,"var":0.00114711956121},"spectral_energyband_high":{"dmean":0.000214061801671,"dmean2":0.000284035195364,"dvar":2.23634273766e-7,"dvar2":4.1875901502e-7,"max":0.0107503766194,"mean":0.000415824993979,"median":0.0000964900900726,"min":7.25971510315e-21,"var":6.21074889295e-7},"spectral_energyband_low":{"dmean":0.0115755088627,"dmean2":0.01682443358,"dvar":0.000672868685797,"dvar2":0.00145131617319,"max":0.203728795052,"mean":0.0148353008553,"median":0.00389374280348,"min":3.07659066252e-23,"var":0.000875153986271},"spectral_energyband_middle_high":{"dmean":0.00208845478483,"dmean2":0.00320485676639,"dvar":0.0000115236271085,"dvar2":0.0000278320931102,"max":0.0580685138702,"mean":0.00623906776309,"median":0.00364753836766,"min":1.25499232652e-21,"var":0.0000527391384821},"spectral_energyband_middle_low":{"dmean":0.00452825939283,"dmean2":0.00788991805166,"dvar":0.0000698795774952,"dvar2":0.000197645596927,"max":0.0826291814446,"mean":0.00838741566986,"median":0.00518851960078,"min":1.70023077306e-22,"var":0.000085900472186},"spectral_entropy":{"dmean":0.22728613019,"dmean2":0.31629422307,"dvar":0.0581977963448,"dvar2":0.110759608448,"max":9.82168579102,"mean":7.33220767975,"median":7.3974814415,"min":4.64105176926,"var":0.305571854115},"spectral_flux":{"dmean":0.0349408537149,"dmean2":0.0510638654232,"dvar":0.00274747004732,"dvar2":0.00495354412124,"max":0.44096109271,"mean":0.0886354446411,"median":0.0693671181798,"min":6.60989110668e-11,"var":0.00588025012985},"spectral_kurtosis":{"dmean":3.32113432884,"dmean2":5.28388118744,"dvar":23.6392459869,"dvar2":58.4706954956,"max":71.780921936,"mean":7.93502473831,"median":6.12194156647,"min":-1.2490926981,"var":45.497959137},"spectral_rms":{"dmean":0.00105647963937,"dmean2":0.00146176584531,"dvar":0.00000234255935538,"dvar2":0.00000449570643468,"max":0.014941195026,"mean":0.00453186407685,"median":0.00402400456369,"min":3.13346505861e-12,"var":0.00000706474520484},"spectral_rolloff":{"dmean":374.126495361,"dmean2":613.649658203,"dvar":327829.8125,"dvar2":704181.625,"max":19379.8828125,"mean":1368.41796875,"median":1162.79296875,"min":64.599609375,"var":2604021.5},"spectral_skewness":{"dmean":0.349822700024,"dmean2":0.534320354462,"dvar":0.167458042502,"dvar2":0.38861015439,"max":7.01718091965,"mean":1.93035054207,"median":1.84000551701,"min":-0.0642861127853,"var":0.46323210001},"spectral_spread":{"dmean":714852.5625,"dmean2":975551.5625,"dvar":971767742464,"dvar2":1817374228480,"max":42604212,"mean":4001993.5,"median":3518745.5,"min":833541.9375,"var":7359499337730},"spectral_strongpeak":{"dmean":0.499031305313,"dmean2":0.864885747433,"dvar":0.944596707821,"dvar2":2.42062139511,"max":9.89500904083,"mean":0.802832603455,"median":0.405173748732,"min":0,"var":1.32334136963},"zerocrossingrate":{"dmean":0.00994789414108,"dmean2":0.0114297466353,"dvar":0.000117573530588,"dvar2":0.000181719864486,"max":0.52734375,"mean":0.0532161556184,"median":0.04736328125,"min":0.00244140625,"var":0.00198470032774}},"metadata":{"audio_properties":{"analysis_sample_rate":44100,"bit_rate":240686,"codec":"mp3","downmix":"mix","equal_loudness":0,"length":179.565719604,"lossless":false,"md5_encoded":"559e34edaa6e909062a25673bb6048c7","replay_gain":-8.73415565491,"sample_rate":44100},"tags":{"acoustid_id":["3e938b55-aaf4-45c9-abc2-e49821217d48"],"album":["Always Ascending"],"albumartist":["Franz Ferdinand"],"albumartistsort":["Franz Ferdinand"],"albumsort":["Always Ascending"],"artist":["Franz Ferdinand"],"artistsort":["Franz Ferdinand"],"date":["2018-02-09"],"discnumber":["1/1"],"file_name":"02-Lazy_Boy.mp3","label":["Domino"],"media":["Digital Media"],"musicbrainz album release country":["US"],"musicbrainz album status":["official"],"musicbrainz album type":["album"],"musicbrainz_albumartistid":["aa7a2827-f74b-473c-bd79-03d065835cf7"],"musicbrainz_albumid":["06281055-5569-4f92-b1b3-39e614b9ae19"],"musicbrainz_artistid":["aa7a2827-f74b-473c-bd79-03d065835cf7"],"musicbrainz_recordingid":["cb9a1d72-e6f6-4e49-a135-8e3a42ded68e"],"musicbrainz_releasegroupid":["a0ef4495-f844-4d32-956a-c46a00a409be"],"originaldate":["2018-02-09"],"originalyear":["2018"],"script":["Latn"],"title":["Lazy Boy"],"titlesort":["Lazy Boy"],"tracknumber":["2/10"]},"version":{"essentia":"2.1-beta2","essentia_build_sha":"cead25079874084f62182a551b7393616cd33d87","essentia_git_sha":"v2.1_beta2-1-ge3940c0","extractor":"music 1.0"}},"rhythm":{"beats_count":351,"beats_loudness":{"dmean":0.0266907773912,"dmean2":0.0472630821168,"dvar":0.000813341641333,"dvar2":0.00234291236848,"max":0.17227679491,"mean":0.0833588764071,"median":0.0766617506742,"min":1.23957760723e-10,"var":0.00117981387302},"beats_loudness_band_ratio":{"dmean":[0.0875873565674,0.0184655562043,0.0313601493835,0.0254599489272,0.0262801554054,0.0178698077798],"dmean2":[0.149989485741,0.0304405279458,0.0528020821512,0.0475871115923,0.0456879623234,0.0288025438786],"dvar":[0.0189550593495,0.0012244