{"lowlevel":{"average_loudness":0.762980937958,"barkbands":{"dmean":[0.00000716029899195,0.00059283641167,0.000978056807071,0.000988054089248,0.00122255226597,0.000913556839805,0.000790893507656,0.000488351273816,0.00101285066921,0.00071329966886,0.000493964704219,0.000582523061894,0.00037785663153,0.00044183517457,0.000282051798422,0.00023949489696,0.000160061681527,0.000214549421798,0.000111807756184,0.0000794303778093,0.000269097858109,0.0000258955733443,0.0000577374048589,0.00000512513997819,0.00000283231861431,5.35480126018e-7,4.11846237114e-8],"dmean2":[0.0000125510969156,0.00106040376704,0.00174548407085,0.00175521860365,0.00210907799192,0.00155550194904,0.0012899216963,0.000807841250207,0.00157915556338,0.00108084676322,0.000776845146902,0.00095254543703,0.000616839795839,0.00072401156649,0.000464618264232,0.000392709713196,0.000265114184003,0.000343877938576,0.000182519390364,0.000129893000121,0.000477000139654,0.0000428169478255,0.000098244730907,0.00000846538296173,0.00000459822513221,8.87409328243e-7,6.37704502537e-8],"dvar":[2.44095660351e-10,0.00000171397050508,0.000005423003131,0.00000575861758989,0.00000972690304479,0.00000754186794438,0.00000126243094201,5.45803516161e-7,0.00000308533299176,8.43681107199e-7,5.06112030507e-7,5.22884022303e-7,2.44621503498e-7,3.80406333989e-7,1.72437211177e-7,9.17707367876e-8,4.96588867804e-8,1.50247856823e-7,2.99901792289e-8,2.11213571077e-8,7.55743997161e-7,6.52974430082e-9,4.77099533214e-8,2.31228328151e-10,1.1317513593e-10,4.95583695609e-12,1.33072950242e-14],"dvar2":[7.31789850938e-10,0.00000525099721926,0.0000164944704011,0.0000167036778294,0.0000277604649455,0.000022076708774,0.00000359018349627,0.00000160022693763,0.0000082422984633,0.00000187537307283,0.00000125288556774,0.00000148381377585,6.46110777325e-7,0.00000105180072296,4.58004990378e-7,2.44458647103e-7,1.32843837264e-7,3.49412317746e-7,8.01249271376e-8,5.88670943102e-8,0.00000235905918089,1.83606267967e-8,1.37373916687e-7,6.57777943225e-10,3.26525362304e-10,1.50465074428e-11,3.50741842254e-14],"max":[0.00035261551966,0.0137455342337,0.0283269435167,0.0281108152121,0.126105219126,0.117533132434,0.0227487776428,0.0121358046308,0.0524513795972,0.0139860669151,0.0146471280605,0.0103314593434,0.00762994075194,0.0101345796138,0.0101223224774,0.00624494906515,0.00472036655992,0.00930641498417,0.00317946611904,0.00252524856478,0.0207480490208,0.00225684605539,0.00590592017397,0.000394080620026,0.000338560261298,0.0000668845241307,0.00000306825972984],"mean":[0.00000814663508208,0.000728108745534,0.00119283446111,0.00106349913403,0.00186944194138,0.00161888985895,0.00177860201802,0.000952628906816,0.00248216604814,0.00148165691644,0.00103780522477,0.00123251695186,0.000937435717788,0.00107267149724,0.000605175620876,0.000600050145295,0.000405611179303,0.000638748926576,0.000288925628411,0.000221636757487,0.000497941451613,0.0000703645200701,0.000101292280306,0.0000137946562973,0.00000784307849244,0.00000139610290262,1.47607124745e-7],"median":[0.00000183991062386,0.0000433938548667,0.0000551714874746,0.000042383941036,0.000496791210026,0.00108257995453,0.00136368523818,0.000611498660874,0.00161598424893,0.000970072462223,0.000637791934423,0.000937558477744,0.000651394715533,0.000706414633896,0.000398552772822,0.000441663287347,0.000295419828035,0.000279618165223,0.000186170203961,0.000109838365461,0.0000405151367886,0.0000150797368406,0.00000525266614204,0.00000266681945504,0.00000125473718526,2.42758630975e-7,8.1550815878e-8],"min":[8.47110923075e-12,1.53871013153e-11,1.11260315197e-11,9.83236929375e-12,1.96087833471e-11,1.16880281495e-11,2.3285884939e-12,4.99856124374e-13,3.60126945625e-12,4.33607923872e-12,3.39243195167e-12,2.50699699715e-12,3.32466432856e-12,4.91752298604e-12,1.93585186943e-12,2.1460101491e-12,1.83038653678e-12,3.99008343727e-12,1.2068163309e-12,2.12930931567e-12,3.3858991999e-12,5.84247450766e-12,9.09017566081e-12,5.66458512041e-12,1.79343796758e-11,3.47738157713e-11,5.252844687e-11],"var":[2.74848727111e-10,0.000002128436563,0.00000717491093383,0.00000582662960369,0.0000157925042004,0.00000902409647097,0.00000291130072583,0.00000113848614092,0.00000961306795944,0.00000268793428404,0.00000159062210514,0.00000128022873014,9.31333659082e-7,0.00000126018016999,5.43693147392e-7,3.15819931984e-7,1.73291070382e-7,8.4321192162e-7,9.50267917688e-8,7.66942918062e-8,0.00000186131148894,2.33155805773e-8,8.34843945086e-8,1.01566688393e-9,5.29987276288e-10,1.95970670247e-11,4.51499562292e-14]},"barkbands_crest":{"dmean":1.7028375864,"dmean2":2.83762836456,"dvar":2.78856611252,"dvar2":7.86484050751,"max":23.7965965271,"mean":6.79095315933,"median":6.12492895126,"min":2.55416417122,"var":7.31628274918},"barkbands_flatness_db":{"dmean":0.0127981295809,"dmean2":0.0204049311578,"dvar":0.00014636706328,"dvar2":0.000382934202207,"max":0.36644089222,"mean":0.148412972689,"median":0.148522078991,"min":0.0398484095931,"var":0.00151974055916},"barkbands_kurtosis":{"dmean":0.878104388714,"dmean2":1.49004352093,"dvar":10.2823095322,"dvar2":28.2997512817,"max":178.309265137,"mean":0.407839238644,"median":-0.231316775084,"min":-1.83674919605,"var":22.3574962616},"barkbands_skewness":{"dmean":0.301682382822,"dmean2":0.498141258955,"dvar":0.117798924446,"dvar2":0.326759874821,"max":9.53817558289,"mean":0.621907770634,"median":0.566832900047,"min":-3.88473892212,"var":0.570253014565},"barkbands_spread":{"dmean":3.60922122002,"dmean2":6.01540708542,"dvar":29.7473869324,"dvar2":91.0571136475,"max":116.371704102,"mean":19.6984882355,"median":15.483622551,"min":0.46350929141,"var":145.356384277},"dissonance":{"dmean":0.0145632987842,"dmean2":0.0244201980531,"dvar":0.000175442648469,"dvar2":0.000490775390062,"max":0.500000059605,"mean":0.471527516842,"median":0.476013571024,"min":0.329084426165,"var":0.000421842210926},"dynamic_complexity":3.38965749741,"erbbands":{"dmean":[0.0104356212541,0.160353243351,0.836733162403,2.16631531715,3.70141816139,4.67928981781,6.44140100479,7.87953853607,9.27373313904,13.7447662354,12.4465494156,19.3549480438,21.4954319,18.4075508118,14.9415645599,19.1152877808,16.7151851654,19.9283790588,13.3654623032,13.2880067825,13.331829071,10.020647049,12.7453689575,5.22998857498,5.33790636063,3.26821804047,10.6576528549,6.64158296585,1.14530730247,1.21012580395,1.65603113174,0.175302863121,0.0858552157879,0.041994061321,0.0157836191356,0.00398324849084,0.000781982147601,0.0000965550570982,0.00000812054167909,0.00000504726904182],"dmean2":[0.0183985177428,0.287640422583,1.48903715611,3.75580024719,6.62523651123,8.13078308105,11.2379236221,13.3126955032,14.8925886154,22.5340137482,19.9462966919,31.0726318359,32.6777877808,28.5387039185,23.9183826447,31.1966667175,27.1297168732,32.3998985291,22.0508747101,21.7726688385,21.9330482483,16.5491428375,20.4864463806,8.44462776184,8.72829914093,5.35256958008,18.8497581482,11.7042131424,1.91188442707,2.01413297653,2.83227276802,0.290664970875,0.141232728958,0.0689021721482,0.0258187353611,0.00665291910991,0.00127891416196,0.000151059866766,0.000012585618606,0.00000816915780888],"dvar":[0.000515076157171,0.124470412731,3.95666718483,24.9318523407,75.6163101196,188.905166626,462.442443848,290.969665527,214.410003662,391.057678223,397.997039795,1570.703125,608.393188477,587.551513672,393.199066162,570.189208984,438.55871582,822.111816406,374.505706787,299.952362061,320.168884277,206.277572632,573.272583008,44.9108123779,93.9946975708,40.8552589417,1201.19555664,390.60848999,13.4848327637,13.8404712677,40.7030487061,0.259972602129,0.0729197189212,0.0225400459021,0.00416120374575,0.000294886820484,0.00000966612697084,1.01258152085e-7,3.05585085014e-10,4.47753778499e-11],"dvar2":[0.0014973951038,0.386112064123,12.1149053574,71.1137161255,226.659454346,564.394348145,1341.22692871,831.894104004,586.270507813,1090.93273926,1115.28210449,4174.83105469,1448.46875,1451.54516602,1047.54077148,1586.62670898,1176.1439209,2227.39770508,1055.03308105,803.454833984,852.339050293,542.049926758,1351.09277344,119.068054199,259.471038818,117.576271057,3751.19213867,1176.2121582,38.8974304199,39.9206962585,117.854042053,0.753800630569,0.208050251007,0.0646000802517,0.0120724774897,0.000880837906152,0.0000294430374197,2.782042543e-7,8.05109590107e-10,1.28850471959e-10],"max":[0.258955746889,3.91169142723,24.9596576691,59.6774635315,129.608444214,630.391723633,934.765808105,659.51348877,384.960113525,366.46472168,528.508361816,1054.96887207,343.333099365,534.151611328,419.588745117,372.621459961,309.049926758,581.952453613,325.079620361,416.257873535,372.747131348,300.035217285,562.567138672,164.392654419,185.306488037,135.894195557,805.318786621,423.885894775,107.08782959,97.801574707,155.881668091,9.18267822266,9.28800487518,4.32754468918,2.3878493309,0.545030534267,0.0889555364847,0.0095993205905,0.000414143374655,0.000170276645804],"mean":[0.0132969142869,0.202694416046,1.10627877712,2.805134058,4.49750995636,6.52973794937,9.77742767334,14.561331749,20.9172115326,28.9068088531,29.0907802582,47.8604812622,52.8740501404,44.4209938049,37.630241394,42.781047821,44.4965705872,50.8605613708,34.2303276062,34.0629806519,35.1416778564,28.4650325775,38.0255966187,16.0072917938,14.7116374969,9.38828277588,19.2867870331,13.5025968552,3.15521669388,2.64082980156,2.86212968826,0.446371883154,0.215719684958,0.109274707735,0.0439461953938,0.0105982851237,0.00199119304307,0.000273897923762,0.0000368015098502,0.0000273867444776],"median":[0.00101084948983,0.0108640277758,0.0621633417904,0.101581387222,0.391201525927,1.78766775131,4.73723649979,9.85509490967,15.7266120911,19.2340297699,17.4294681549,27.6738185883,42.8615112305,34.1194915771,26.8595180511,33.4300689697,33.7433624268,36.1761054993,24.8781852722,26.502368927,26.378288269,20.3526630402,17.4413394928,12.4447755814,8.35041999817,4.65752887726,2.25460481644,1.19187939167,0.611749649048,0.285629808903,0.137501507998,0.0662790089846,0.0403855741024,0.0197133533657,0.00608023395762,0.00157564366236,0.000394147617044,0.0000881710002432,0.0000256067596638,0.0000237202839344],"min":[5.23460996771e-10,3.25768900744e-9,1.14449143496e-8,2.55663170634e-8,4.41063932044e-8,6.92995172358e-8,9.51179188746e-8,9.10562505396e-8,5.09763289358e-8,1.23412400299e-8,2.11643218506e-8,7.61028644547e-8,1.30343835281e-7,1.50577236013e-7,1.14376661031e-7,1.1063244898e-7,1.51583449792e-7,2.43135104938e-7,1.78465441536e-7,7.05749982899e-8,1.34671751084e-7,1.07455178977e-7,2.23949967904e-7,1.00703559269e-7,6.96701363267e-8,9.94307924884e-8,9.03409329567e-8,1.66570870874e-7,1.69084927393e-7,2.81048471606e-7,2.63052157834e-7,8.9049464691e-8,1.3280951805e-7,1.3451024472e-7,1.71619106482e-7,1.49135615857e-7,4.2381195442e-8,2.7841448258e-8,7.12287695492e-9,7.66128660512e-10],"var":[0.000700145843439,0.162503495812,5.6570315361,34.5525054932,85.6444625854,262.90234375,668.363769531,411.649719238,413.075866699,1068.72509766,1262.61401367,5142.93798828,2020.44616699,1834.41430664,1396.03503418,1435.44396973,1632.65087891,2715.77880859,1190.6229248,1033.37255859,1093.38562012,827.988525391,3000.25195313,194.184265137,300.84173584,135.536087036,2679.03662109,1147.85510254,42.4002075195,37.0745201111,69.6135101318,1.01087939739,0.255214482546,0.0894529595971,0.0197884105146,0.00121789588593,0.0000336844786943,3.90800977357e-7,1.42257561286e-9,3.24747728708e-10]},"erbbands_crest":{"dmean":1.68633377552,"dmean2":2.82502937317,"dvar":2.81624269485,"dvar2":7.79017925262,"max":25.5059318542,"mean":6.96997451782,"median":6.46632003784,"min":2.01287913322,"var":6.15198850632},"erbbands_flatness_db":{"dmean":0.0107729416341,"dmean2":0.0168459285051,"dvar":0.000105410123069,"dvar2":0.000253474718193,"max":0.354127675295,"mean":0.222813427448,"median":0.230999469757,"min":0.0227324683219,"var":0.00284215947613},"erbbands_kurtosis":{"dmean":0.503062725067,"dmean2":0.83692908287,"dvar":2.21600437164,"dvar2":5.64797306061,"max":80.1819763184,"mean":-0.210405468941,"median":-0.437554061413,"min":-1.70519590378,"var":3.33012986183},"erbbands_skewness":{"dmean":0.244649454951,"dmean2":0.398424059153,"dvar":0.0682632401586,"dvar2":0.179354533553,"max":7.21393108368,"mean":0.0386751703918,"median":0.0690585970879,"min":-5.71135520935,"var":0.287323117256},"erbbands_spread":{"dmean":4.36806726456,"dmean2":7.16438531876,"dvar":32.8129577637,"dvar2":89.7972412109,"max":140.534454346,"mean":28.1832180023,"median":21.6831035614,"min":2.43119812012,"var":312.546966553},"gfcc":{"cov":[[9200.85449219,1721.63623047,-1440.4440918,603.077819824,-552.954956055,185.023178101,227.675308228,30.1612854004,161.090759277,-108.341377258,-134.76411438,-354.805206299,-112.437667847],[1721.63623047,2179.30761719,-172.712249756,-151.424468994,493.538024902,-31.284992218,394.488952637,15.2280311584,208.987121582,-163.82194519,37.4264640808,-232.727035522,-66.832359314],[-1440.4440918,-172.712249756,1838.91052246,1106.83337402,386.53012085,514.285949707,82.4634017944,4.7062163353,-56.3728370667,-20.3066921234,-157.43611145,-10.6328296661,-83.2103500366],[603.077819824,-151.424468994,1106.83337402,1329.79003906,120.545547485,454.322845459,133.662445068,-47.3736572266,-3.42339920998,-34.6329040527,-165.051971436,-55.1012802124,-67.3293609619],[-552.954956055,493.538024902,386.53012085,120.545547485,395.229827881,98.1002349854,131.228149414,50.9557723999,46.0489082336,-35.4802055359,-6.38041257858,-35.1212692261,-39.1827316284],[185.023178101,-31.284992218,514.285949707,454.322845459,98.1002349854,288.277526855,69.3867950439,33.230670929,8.35897827148,0.0813594609499,-58.6250228882,-22.3550872803,-35.3409919739],[227.675308228,394.488952637,82.4634017944,133.662445068,131.228149414,69.3867950439,180.666595459,13.0455856323,72.7209243774,-22.4569816589,-5.05122423172,-56.5295715332,-19.77876091],[30.1612854004,15.2280311584,4.7062163353,-47.3736572266,50.9557723999,33.230670929,13.0455856323,104.391517639,24.2999401093,21.7174510956,15.253736496,10.6554822922,-2.53489661217],[161.090759277,208.987121582,-56.3728370667,-3.42339920998,46.0489082336,8.35897827148,72.7209243774,24.2999401093,88.3755874634,7.08159399033,25.8094654083,-17.2203025818,-6.71439599991],[-108.341377258,-163.82194519,-20.3066921234,-34.6329040527,-35.4802055359,0.0813594609499,-22.4569816589,21.7174510956,7.08159399033,72.0190429688,26.7403659821,25.9327545166,7.62513446808],[-134.76411438,37.4264640808,-157.43611145,-165.051971436,-6.38041257858,-58.6250228882,-5.05122423172,15.253736496,25.8094654083,26.7403659821,77.5147476196,33.2723274231,22.4935512543],[-354.805206299,-232.727035522,-10.6328296661,-55.1012802124,-35.1212692261,-22.3550872803,-56.5295715332,10.6554822922,-17.2203025818,25.9327545166,33.2723274231,84.9652557373,36.9720458984],[-112.437667847,-66.832359314,-83.2103500366,-67.3293609619,-39.1827316284,-35.3409919739,-19.77876091,-2.53489661217,-6.71439599991,7.62513446808,22.4935512543,36.9720458984,57.8936538696]],"icov":[[0.00139161769766,-0.00292742229067,0.00261960853823,-0.0025514413137,0.00361486757174,-0.00276015023701,0.00259611033835,-0.00263346242718,0.00217779958621,-0.00261482456699,0.00282386364415,-0.00149162393063,0.00210683257319],[-0.00292742229067,0.00794136058539,-0.00532832741737,0.00557364197448,-0.00914881657809,0.00593389431015,-0.00666264304891,0.00590392015874,-0.00597035279498,0.00810717325658,-0.00793158169836,0.00681459670886,-0.0053121461533],[0.00261960853823,-0.00532832741737,0.00708120502532,-0.00577042903751,0.00461160670966,-0.00694323237985,0.00577350053936,-0.00411221478134,0.00505049107596,-0.00553815206513,0.00605859374627,-0.00363021716475,0.00435814401135],[-0.0025514413137,0.00557364197448,-0.00577042903751,0.00741329416633,-0.00576448999345,0.0027923618909,-0.00616293912753,0.00648945057765,-0.00526558700949,0.00528111774474,-0.00305913761258,0.00230956752785,-0.00380417215638],[0.00361486757174,-0.00914881657809,0.00461160670966,-0.00576448999345,0.01670480147,-0.00628125667572,0.00397113524377,-0.0095803393051,0.00663352990523,-0.00606744317338,0.00716364989057,-0.00719414232299,0.00817168317735],[-0.00276015023701,0.00593389431015,-0.00694323237985,0.0027923618909,-0.00628125667572,0.0166977476329,-0.0074166036211,0.000494320469443,-0.00404360191897,0.00446764240041,-0.00513450009748,0.00370887597091,-0.00324384216219],[0.00259611033835,-0.00666264304891,0.00577350053936,-0.00616293912753,0.00397113524377,-0.0074166036211,0.0204095710069,-0.00400597089902,-0.00328505993821,-0.005344432313,0.00517085613683,0.00175394269172,0.000632831011899],[-0.00263346242718,0.00590392015874,-0.00411221478134,0.00648945057765,-0.0095803393051,0.000494320469443,-0.00400597089902,0.0194391980767,-0.00776445772499,0.00186350615695,-0.00385507987812,0.000847640621942,-0.0035515865311],[0.00217779958621,-0.00597035279498,0.00505049107596,-0.00526558700949,0.00663352990523,-0.00404360191897,-0.00328505993821,-0.00776445772499,0.0273173935711,-0.00814309436828,-0.00211054785177,-0.00347307277843,0.00631034933031],[-0.00261482456699,0.00810717325658,-0.00553815206513,0.00528111774474,-0.00606744317338,0.00446764240041,-0.005344432313,0.00186350615695,-0.00814309436828,0.0288109108806,-0.0150609668344,0.00575291132554,-0.00322239799425],[0.00282386364415,-0.00793158169836,0.00605859374627,-0.00305913761258,0.00716364989057,-0.00513450009748,0.00517085613683,-0.00385507987812,-0.00211054785177,-0.0150609668344,0.0377896502614,-0.0175960473716,0.00308381905779],[-0.00149162393063,0.00681459670886,-0.00363021716475,0.00230956752785,-0.00719414232299,0.00370887597091,0.00175394269172,0.000847640621942,-0.00347307277843,0.00575291132554,-0.0175960473716,0.0361015088856,-0.0169095527381],[0.00210683257319,-0.0053121461533,0.00435814401135,-0.00380417215638,0.00817168317735,-0.00324384216219,0.000632831011899,-0.0035515865311,0.00631034933031,-0.00322239799425,0.00308381905779,-0.0169095527381,0.0314402766526]],"mean":[-40.0491828918,104.8775177,-181.352020264,5.93480825424,-65.3058166504,-11.6711101532,-34.7360496521,-3.65091276169,-19.2646255493,-3.63701605797,-9.34224510193,-3.16535615921,-4.24403333664]},"hfc":{"dmean":3.91995739937,"dmean2":6.19103384018,"dvar":25.1071853638,"dvar2":69.4635696411,"max":122.048728943,"mean":21.8874893188,"median":18.7570457458,"min":0.00000194490371541,"var":239.537506104},"melbands":{"dmean":[0.000131450651679,0.000345402979292,0.000403029873269,0.000266151793767,0.000220221336349,0.000175781460712,0.000140234187711,0.000141125361552,0.000122659825138,0.000125298072817,0.000115754650324,0.0000825721217552,0.0000570278971281,0.0000504258059664,0.0000732166226953,0.0000425474390795,0.000037076886656,0.0000261420227616,0.000027810501706,0.0000158426082635,0.0000156448077178,0.000012039473404,0.000011530239135,0.00000921418813959,0.00000439225777882,0.00000493763855047,0.00000371433361579,0.00000215691625272,0.00000399717600885,0.0000112068673843,0.00000241721500061,6.34992659343e-7,5.24646907252e-7,9.54851429924e-7,0.000001419329692,2.07054426937e-7,7.16347372531e-8,6.52959997183e-8,5.35162314463e-8,3.22744959647e-8],"dmean2":[0.000233974351431,0.000615980301518,0.00070578744635,0.000464831624413,0.000382966420148,0.000295334757539,0.000227998563787,0.00023113489442,0.000194667372853,0.000198722147616,0.000175314620719,0.00012652220903,0.0000900852755876,0.0000830949793453,0.000117561787192,0.0000694121845299,0.0000605872519372,0.0000430261534348,0.0000459010116174,0.0000259927710431,0.0000257082392636,0.0000200680551643,0.0000183700340131,0.0000148925855683,0.00000716709382687,0.00000811897098174,0.00000613128668192,0.00000357470639756,0.0000069137522587,0.0000203022318601,0.0000040986624299,0.00000107163407392,8.65038032316e-7,0.00000162083847499,0.00000243964609581,3.53424610466e-7,1.20556777006e-7,1.08942742827e-7,8.92732003877e-8,5.33168815764e-8],"dvar":[8.34874143152e-8,6.20212006197e-7,8.42028271109e-7,4.32657742522e-7,4.59950172171e-7,1.67849989907e-7,4.26157669153e-8,3.83308531582e-8,5.08046369418e-8,5.0639830107e-8,1.78383192662e-8,1.07294209073e-8,6.11068573519e-9,4.90721951962e-9,1.12021600884e-8,3.62956109612e-9,2.68200617271e-9,1.8037693561e-9,1.9468657797e-9,4.09041023275e-10,4.80205764042e-10,3.13108178274e-10,5.63380175844e-10,1.94786256569e-10,3.43739203768e-11,7.72161362628e-11,4.95993073002e-11,2.00990023236e-11,1.24398519263e-10,1.58801483074e-9,6.42396899564e-11,5.06701841943e-12,2.87771586074e-12,1.14218660571e-11,3.30174047825e-11,5.04313604766e-13,4.93299723444e-14,4.42940124954e-14,2.95700082801e-14,1.82214506884e-14],"dvar2":[2.50919157452e-7,0.00000192443326341,0.00000243200724981,0.0000012975036725,0.00000131342892473,4.82492964693e-7,1.1881822104e-7,1.08337978588e-7,1.39738020266e-7,1.34116973527e-7,4.1872052492e-8,2.57829029238e-8,1.49000429772e-8,1.39985987246e-8,2.9896025211e-8,9.7054204673e-9,7.24293380827e-9,5.12521047824e-9,5.13969844462e-9,1.09130615655e-9,1.26938959344e-9,8.53258630418e-10,1.27955068763e-9,4.86533868749e-10,9.15880288277e-11,2.08159975368e-10,1.3669430865e-10,5.67307069377e-11,3.74132280712e-10,5.03978903055e-9,1.86617332698e-10,1.49088224405e-11,7.98086596809e-12,3.27867039074e-11,9.51180384456e-11,1.54316880455e-12,1.43239966329e-13,1.24752015359e-13,8.6671236865e-14,5.2667936066e-14],"max":[0.00275464425795,0.00955175422132,0.0107057606801,0.0232260320336,0.0264950357378,0.0168443918228,0.00494906818494,0.00347050279379,0.00708770332858,0.00569464592263,0.00183605309576,0.00196568062529,0.00203503994271,0.000888451293577,0.00165149371605,0.0010327922646,0.000987907056697,0.000751001411118,0.00114525586832,0.000333067669999,0.000438369403128,0.000432079308666,0.000617642945144,0.000264486094238,0.000157922113431,0.000195789965801,0.000136064190883,0.0000991396518657,0.000258389103692,0.00101448013447,0.000196278109797,0.0000664106046315,0.0000462477073597,0.0000982443016255,0.000145261772559,0.0000209844638448,0.00000465608036393,0.00000668283473715,0.00000552844676349,0.00000425689313488],"mean":[0.000162890617503,0.000485971773742,0.000542903668247,0.000385474821087,0.000341492966982,0.000334377400577,0.000324126274791,0.000292902812362,0.000279020779999,0.00030438779504,0.000273786426987,0.000193741216208,0.000135051770485,0.000107504645712,0.000133846828248,0.000102294943645,0.0000914432021091,0.0000573438119318,0.0000563431822229,0.0000392919173464,0.0000383022997994,0.0000281544471363,0.0000344287072949,0.0000259230200754,0.0000113690430226,0.000012365035218,0.00000893719789019,0.00000542611314813,0.00000842081954033,0.0000173254557012,0.00000485454438603,0.0000015638934201,0.00000127771693315,0.00000172668865162,0.00000227302984968,4.42172506609e-7,1.76811582264e-7,1.52678225618e-7,1.22003740444e-7,8.18257888113e-8],"median":[0.0000101221703517,0.000028128579288,0.0000240339104494,0.0000723716802895,0.000156041685841,0.000233942162595,0.000253942387644,0.000200765876798,0.000142862380017,0.000193417537957,0.000214865533053,0.000145203768625,0.0000914173651836,0.0000727153528715,0.0000830963472254,0.0000659168799757,0.0000627690023975,0.0000358035867976,0.0000347737004631,0.0000304362729366,0.000026459536457,0.0000197313711396,0.0000135739710458,0.0000136702528835,0.00000832923524285,0.00000727452288629,0.00000405917035096,0.00000222011749429,0.0000015947148313,8.25426468509e-7,5.75471574393e-7,3.75223805804e-7,2.01692856194e-7,1.34982315103e-7,8.47170866791e-8,4.99507422091e-8,3.34169705241e-8,2.88898664991e-8,2.2985844339e-8,1.41108440488e-8],"min":[4.87777006286e-12,5.51727327019e-12,4.94433010159e-12,4.07145411135e-12,3.37093222259e-12,2.06301122019e-12,6.99470808965e-13,1.00284120201e-13,2.04311082484e-13,5.27930292798e-13,6.52981846112e-13,6.06496461126e-13,4.28619216942e-13,2.70025728123e-13,3.24645421223e-13,3.44978874026e-13,4.68336686706e-13,3.19744827403e-13,1.11645176611e-13,1.04470495839e-13,1.7127025167e-13,1.18299548759e-13,1.16989195566e-13,2.21844230811e-13,6.41443278701e-14,5.77344907451e-14,6.39134944513e-14,6.02033207358e-14,5.299556841e-14,6.76566279129e-14,1.07372274862e-13,7.66176130786e-14,1.50333575883e-13,1.70025682444e-13,2.06677448593e-13,4.61575391894e-14,5.35996621436e-14,1.0380779759e-13,1.10237706008e-13,9.71010720289e-14],"var":[1.04647128296e-7,9.78439970822e-7,0.00000118640048186,6.18893352566e-7,7.70684096096e-7,2.27147467058e-7,8.64548894697e-8,1.02883682018e-7,1.63831913369e-7,1.614302505e-7,5.99872223006e-8,3.50798714521e-8,2.10833377423e-8,1.21108056916e-8,2.41654785071e-8,1.38961580021e-8,8.99503138641e-9,4.84939643997e-9,6.11924821925e-9,1.23932519802e-9,1.63626701077e-9,9.87781412221e-10,3.03628411302e-9,1.04456177041e-9,1.16857204469e-10,2.12638573416e-10,1.72898848017e-10,5.65140781394e-11,3.29230059881e-10,3.03629299481e-9,1.35782052268e-10,1.24137132865e-11,8.28613653386e-12,2.09845456983e-11,5.09880471178e-11,1.09489175538e-12,1.81066357112e-13,1.36232876109e-13,8.72292960519e-14,6.23905292122e-14]},"melbands_crest":{"dmean":2.3169400692,"dmean2":3.85893082619,"dvar":5.70852947235,"dvar2":16.3779964447,"max":33.2007026672,"mean":9.18583965302,"median":8.13782501221,"min":2.78943419456,"var":15.9235296249},"melbands_flatness_db":{"dmean":0.0162606630474,"dmean2":0.0256946738809,"dvar":0.000258265208686,"dvar2":0.000672716007102,"max":0.444535344839,"mean":0.180530264974,"median":0.180511936545,"min":0.022272111848,"var":0.00242575304583},"melbands_kurtosis":{"dmean":2.4109826088,"dmean2":4.12679576874,"dvar":74.7349395752,"dvar2":232.312957764,"max":228.779602051,"mean":4.04779338837,"median":1.11064553261,"min":-1.81683528423,"var":202.752624512},"melbands_skewness":{"dmean":0.381319344044,"dmean2":0.634234070778,"dvar":0.261922925711,"dvar2":0.763226628304,"max":14.1298589706,"mean":1.34909701347,"median":1.05413091183,"min":-1.70213901997,"var":1.51192951202},"melbands_spread":{"dmean":5.85678863525,"dmean2":9.65011119843,"dvar":79.6932220459,"dvar2":223.151550293,"max":173.73991394,"mean":28.8831291199,"median":24.2690849304,"min":0.692359447479,"var":414.115753174},"mfcc":{"cov":[[8936.15429688,1096.734375,-579.672485352,185.611572266,-594.649597168,148.444030762,-148.909515381,57.4029273987,59.2572364807,178.149581909,28.3807182312,171.192657471,-133.693603516],[1096.734375,2276.37011719,-704.634216309,-172.840438843,2.98900961876,-123.873176575,116.116897583,94.261932373,83.7389678955,118.200889587,97.7318649292,33.7234191895,19.7571258545],[-579.672485352,-704.634216309,1453.23132324,741.820678711,493.549804688,576.766052246,218.479293823,215.439788818,144.251251221,91.7987213135,-33.4830093384,33.5912704468,-51.6994819641],[185.611572266,-172.840438843,741.820678711,671.269958496,287.124084473,417.59664917,151.096466064,173.364883423,120.035354614,74.5282211304,9.83078861237,33.9958000183,-48.5235557556],[-594.649597168,2.98900961876,493.549804688,287.124084473,360.748016357,216.030944824,146.24571228,130.829391479,85.5292510986,41.6966896057,26.8682155609,16.3146896362,-8.1099729538],[148.444030762,-123.873176575,576.766052246,417.59664917,216.030944824,375.877624512,132.192764282,138.983139038,98.4235916138,77.8033905029,4.4904384613,37.6516609192,-28.5918674469],[-148.909515381,116.116897583,218.479293823,151.096466064,146.24571228,132.192764282,133.419052124,86.1075286865,69.9996414185,44.5811500549,21.7777423859,15.5398674011,-0.0431099385023],[57.4029273987,94.261932373,215.439788818,173.364883423,130.829391479,138.983139038,86.1075286865,136.142669678,75.1466064453,49.5216903687,18.6213264465,27.3326473236,-7.49153804779],[59.2572364807,83.7389678955,144.251251221,120.035354614,85.5292510986,98.4235916138,69.9996414185,75.1466064453,91.4835662842,52.0445861816,25.0382728577,20.6928577423,-6.13118314743],[178.149581909,118.200889587,91.7987213135,74.5282211304,41.6966896057,77.8033905029,44.5811500549,49.5216903687,52.0445861816,82.0855255127,28.8820705414,29.4078369141,5.5191116333],[28.3807182312,97.7318649292,-33.4830093384,9.83078861237,26.8682155609,4.4904384613,21.7777423859,18.6213264465,25.0382728577,28.8820705414,62.5723724365,28.0537204742,9.07134628296],[171.192657471,33.7234191895,33.5912704468,33.9958000183,16.3146896362,37.6516609192,15.5398674011,27.3326473236,20.6928577423,29.4078369141,28.0537204742,61.8585700989,19.3300514221],[-133.693603516,19.7571258545,-51.6994819641,-48.5235557556,-8.1099729538,-28.5918674469,-0.0431099385023,-7.49153804779,-6.13118314743,5.5191116333,9.07134628296,19.3300514221,54.9156455994]],"icov":[[0.000195330547285,-0.000101698897197,0.0000513676059199,-0.000158015362103,0.000489694415592,-0.00019490600971,0.000242272537434,-0.00011058551172,-0.00000589323872191,-0.000192298699403,0.000153689979925,-0.000607479829341,0.00058391795028],[-0.000101698897197,0.000906214350834,0.00096848065732,-0.000131023276481,-0.000901009188965,0.000274232326774,-0.00116104667541,-0.000332834897563,0.00024043727899,-0.00141213880852,0.000501942588016,0.000136340138852,0.000223631446715],[0.0000513676059199,0.00096848065732,0.00392533512786,-0.00130874838214,-0.00300334463827,-0.00194433785509,-0.000668667198624,0.000582397275139,0.000246831041295,-0.00244173919782,0.00362347508781,-0.00107068056241,0.000990006490611],[-0.000158015362103,-0.000131023276481,-0.00130874838214,0.00594754330814,-0.000394799018977,-0.00447304639965,0.000942815851886,-0.00111281918362,-0.00095879973378,0.00209360872395,-0.00202332553454,0.00102436298039,0.000803533359431],[0.000489694415592,-0.000901009188965,-0.00300334463827,-0.000394799018977,0.0102544734254,0.000131727196276,-0.00319020310417,-0.00326390005648,0.000189223283087,0.00355909601785,-0.00479362113401,0.000992287416011,-0.000418762880145],[-0.00019490600971,0.000274232326774,-0.00194433785509,-0.00447304639965,0.000131727196276,0.0137916291133,-0.00409468123689,-0.00143724121153,0.00053193414351,-0.00423119636253,0.00291457120329,-0.00286775641143,0.00165738898795],[0.000242272537434,-0.00116104667541,-0.000668667198624,0.000942815851886,-0.00319020310417,-0.00409468123689,0.0214458554983,-0.00279908091761,-0.00671054748818,0.000823013251647,-0.00229332433082,0.00289280666038,-0.00322829908691],[-0.00011058551172,-0.000332834897563,0.000582397275139,-0.00111281918362,-0.00326390005648,-0.00143724121153,-0.00279908091761,0.019534830004,-0.0076551688835,-0.000954015937168,0.00288003101014,-0.00402352865785,0.00102965219412],[-0.00000589323872191,0.00024043727899,0.000246831041295,-0.00095879973378,0.000189223283087,0.00053193414351,-0.00671054748818,-0.0076551688835,0.0286423135549,-0.00941739510745,-0.00334674026817,0.000421059899963,0.00308857322671],[-0.000192298699403,-0.00141213880852,-0.00244173919782,0.00209360872395,0.00355909601785,-0.00423119636253,0.000823013251647,-0.000954015937168,-0.00941739510745,0.027490766719,-0.00817899499089,-0.00159391888883,-0.00411797361448],[0.000153689979925,0.000501942588016,0.00362347508781,-0.00202332553454,-0.00479362113401,0.00291457120329,-0.00229332433082,0.00288003101014,-0.00334674026817,-0.00817899499089,0.0292067397386,-0.0118809565902,0.00282348506153],[-0.000607479829341,0.000136340138852,-0.00107068056241,0.00102436298039,0.000992287416011,-0.00286775641143,0.00289280666038,-0.00402352865785,0.000421059899963,-0.00159391888883,-0.0118809565902,0.0300609376281,-0.0119355265051],[0.00058391795028,0.000223631446715,0.000990006490611,0.000803533359431,-0.000418762880145,0.00165738898795,-0.00322829908691,0.00102965219412,0.00308857322671,-0.00411797361448,0.00282348506153,-0.0119355265051,0.0266254320741]],"mean":[-661.619445801,135.581207275,-59.1419334412,8.48533058167,-21.1588096619,-9.14721775055,-11.9880180359,-6.03108119965,-7.62035083771,-4.82049894333,-3.99879527092,-2.6668446064,-3.40266108513]},"pitch_salience":{"dmean":0.0527662113309,"dmean2":0.087345354259,"dvar":0.00240058614872,"dvar2":0.00711506186053,"max":0.899778366089,"mean":0.62197637558,"median":0.623841822147,"min":0.230324208736,"var":0.00617154454812},"silence_rate_20dB":{"dmean":0,"dmean2":0,"dvar":0,"dvar2":0,"max":1,"mean":1,"median":1,"min":1,"var":0},"silence_rate_30dB":{"dmean":0.000899280596059,"dmean2":0.00179883081,"dvar":0.000898485421203,"dvar2":0.00239517004229,"max":1,"mean":0.999100863934,"median":1,"min":0,"var":0.000898350786883},"silence_rate_60dB":{"dmean":0.00539568345994,"dmean2":0.0106430817395,"dvar":0.00536625040695,"dvar2":0.0123296594247,"max":1,"mean":0.0554473251104,"median":0,"min":0,"var":0.0523732192814},"spectral_centroid":{"dmean":197.65512085,"dmean2":322.703613281,"dvar":59131.4492188,"dvar2":168513.828125,"max":5021.25292969,"mean":1598.87207031,"median":1497.40307617,"min":305.606079102,"var":382518.15625},"spectral_complexity":{"dmean":2.54361510277,"dmean2":4.09833621979,"dvar":5.54543781281,"dvar2":14.2727947235,"max":58,"mean":24.1687393188,"median":24,"min":0,"var":93.2376403809},"spectral_contrast_coeffs":{"dmean":[0.0508942194283,0.0430932119489,0.0343942604959,0.0287182368338,0.0204320736229,0.0161916911602],"dmean2":[0.0856413468719,0.0715364068747,0.0558336116374,0.0471042580903,0.0328201651573,0.0255809407681],"dvar":[0.00176245102193,0.00118362426292,0.000738748756703,0.000521067529917,0.00028301999555,0.000236021063756],"dvar2":[0.00504589406773,0.00333159975708,0.00191825558431,0.00131177878939,0.000686261046212,0.000536783365533],"max":[-0.251806020737,-0.437213093042,-0.485985249281,-0.509315371513,-0.563259661198,-0.519451439381],"mean":[-0.610793828964,-0.741002321243,-0.734050989151,-0.7322255373,-0.73509323597,-0.710725367069],"median":[-0.609399974346,-0.748600661755,-0.733849465847,-0.728939056396,-0.727297127247,-0.716421604156],"min":[-0.970139920712,-0.943289637566,-0.990076005459,-0.96695291996,-0.938207149506,-0.918386995792],"var":[0.00715674459934,0.00452521955594,0.00511493347585,0.00384638248943,0.00361030874774,0.00384426140226]},"spectral_contrast_valleys":{"dmean":[0.40638962388,0.298919588327,0.259379953146,0.231480166316,0.197262600064,0.219401940703],"dmean2":[0.69541066885,0.492758750916,0.416255801916,0.363093584776,0.305100679398,0.323783278465],"dvar":[0.0998780503869,0.0618432238698,0.0453105121851,0.0392539165914,0.0331559479237,0.0508031472564],"dvar2":[0.290972232819,0.167226463556,0.112390205264,0.0913532301784,0.0711087360978,0.105829618871],"max":[-5.67969799042,-4.794672966,-5.47544670105,-6.02589893341,-5.93706083298,-8.53010463715],"mean":[-8.80440139771,-6.52370834351,-7.09794139862,-7.53300714493,-7.8385424614,-11.3740549088],"median":[-8.81517887115,-6.1872177124,-6.754778862,-7.26696538925,-7.77074432373,-11.4888515472],"min":[-14.5823736191,-15.5769224167,-15.4008798599,-15.7044563293,-15.9482088089,-17.3756980896],"var":[2.98678040504,1.68781304359,1.55648267269,1.25935542583,1.10315382481,0.967634558678]},"spectral_decrease":{"dmean":1.04470099238e-9,"dmean2":1.71374137103e-9,"dvar":2.32101172336e-18,"dvar2":6.81378242267e-18,"max":-1.90408804465e-17,"mean":-5.01401142827e-9,"median":-4.30011182218e-9,"min":-3.90984311593e-8,"var":1.23866557873e-17},"spectral_energy":{"dmean":0.00417596567422,"dmean2":0.00681619439274,"dvar":0.0000349387955794,"dvar2":0.000101978330349,"max":0.151949390769,"mean":0.020909268409,"median":0.0180518087,"min":2.48273207548e-10,"var":0.000207254823181},"spectral_energyband_high":{"dmean":0.000322147476254,"dmean2":0.000554958009161,"dvar":8.28342706427e-7,"dvar2":0.00000250035668614,"max":0.0214835498482,"mean":0.000788330740761,"median":0.000106689039967,"min":1.27489199753e-10,"var":0.00000303313413497},"spectral_energyband_low":{"dmean":0.00143303908408,"dmean2":0.00251810229383,"dvar":0.00000989676482277,"dvar2":0.0000300729043374,"max":0.0375804454088,"mean":0.00246787886135,"median":0.0001523244282,"min":3.59532785488e-11,"var":0.0000214379706449},"spectral_energyband_middle_high":{"dmean":0.00165139697492,"dmean2":0.00251589831896,"dvar":0.00000287485931949,"dvar2":0.00000675707451592,"max":0.0380773171782,"mean":0.00834203604609,"median":0.00774657726288,"min":3.02476758918e-11,"var":0.0000269113170361},"spectral_energyband_middle_low":{"dmean":0.00313026900403,"dmean2":0.00521619664505,"dvar":0.0000285616697511,"dvar2":0.0000836332692415,"max":0.150661170483,"mean":0.00994350668043,"median":0.00739591987804,"min":4.89335204301e-11,"var":0.0000833843878354},"spectral_entropy":{"dmean":0.091247446835,"dmean2":0.139757201076,"dvar":0.00828651431948,"dvar2":0.0200969725847,"max":9.04585552216,"mean":7.37432861328,"median":7.28968048096,"min":5.38692808151,"var":0.140739545226},"spectral_flux":{"dmean":0.0109759010375,"dmean2":0.0179765243083,"dvar":0.000129151085275,"dvar2":0.000338449171977,"max":0.314762175083,"mean":0.0669285953045,"median":0.0615049675107,"min":0.000276049278909,"var":0.00126469181851},"spectral_kurtosis":{"dmean":3.0565340519,"dmean2":5.41063737869,"dvar":10.6026945114,"dvar2":32.9071769714,"max":50.2036743164,"mean":7.05566549301,"median":6.40701961517,"min":-0.341823071241,"var":24.2652549744},"spectral_rms":{"dmean":0.000412314082496,"dmean2":0.000659344193991,"dvar":1.95625716515e-7,"dvar2":5.50195409232e-7,"max":0.012175520882,"mean":0.00421257130802,"median":0.00419660843909,"min":4.92156232212e-7,"var":0.00000265352286988},"spectral_rolloff":{"dmean":422.108428955,"dmean2":741.218261719,"dvar":852952.1875,"dvar2":2635891.75,"max":17161.9628906,"mean":2092.54492188,"median":1808.7890625,"min":64.599609375,"var":1676574.25},"spectral_skewness":{"dmean":0.284670740366,"dmean2":0.497184067965,"dvar":0.0709622949362,"dvar2":0.211769759655,"max":5.21316289902,"mean":1.57139730453,"median":1.58893978596,"min":-0.18243381381,"var":0.328728228807},"spectral_spread":{"dmean":210486.703125,"dmean2":338775.84375,"dvar":81241554944,"dvar2":188563406848,"max":21672262,"mean":2919273.25,"median":2400197,"min":1383802.625,"var":2383657828350},"spectral_strongpeak":{"dmean":0.656115829945,"dmean2":1.137565732,"dvar":1.15739810467,"dvar2":3.19815135002,"max":24.2547664642,"mean":1.33043754101,"median":1.00366151333,"min":0,"var":1.83471083641},"zerocrossingrate":{"dmean":0.00544449687004,"dmean2":0.00707506434992,"dvar":0.0000454864421044,"dvar2":0.0000749014143366,"max":0.2568359375,"mean":0.0659994855523,"median":0.05615234375,"min":0.0126953125,"var":0.00127258722205}},"metadata":{"audio_properties":{"analysis_sample_rate":44100,"bit_rate":0,"codec":"flac","downmix":"mix","equal_loudness":0,"length":154.906661987,"lossless":true,"md5_encoded":"ba5c3151bf66bb01e3706ba82278c6a0","replay_gain":-12.5483417511,"sample_rate":44100},"tags":{"acoustid_id":["0bbb5fde-5eba-4600-87e6-a7aecd7cc3d6"],"album":["Chicago III"],"albumartist":["Chicago"],"albumartistsort":["Chicago"],"artist":["Chicago"],"artistsort":["Chicago"],"catalognumber":["C2 30110"],"date":["1971-01"],"discnumber":["2"],"disctotal":["2"],"file_name":"5fde5eba460087e6a7aecd7cc3d6.flac","label":["Columbia"],"media":["12\" Vinyl"],"musicbrainz_albumartistid":["3f5be744-e867-42fb-8913-5fd69e4099b5"],"musicbrainz_albumid":["4609b0f2-792d-4d56-b0f4-933c1d8d9d07"],"musicbrainz_artistid":["3f5be744-e867-42fb-8913-5fd69e4099b5"],"musicbrainz_recordingid":["cbc28839-54c2-48c9-81dd-38db81ba85ee"],"musicbrainz_releasegroupid":["f1952d31-0285-3e89-abe2-562b25f3c994"],"musicbrainz_releasetrackid":["7ecf4056-34d3-3683-9e04-98210c4a2b54"],"originaldate":["1971-01"],"originalyear":["1971"],"releasecountry":["US"],"releasestatus":["official"],"releasetype":["album"],"script":["Latn"],"title":["Progress"],"totaldiscs":["2"],"totaltracks":["13"],"tracknumber":["11"],"tracktotal":["13"]},"version":{"essentia":"2.1-beta2","essentia_build_sha":"2d9f1f26377add8aeb1075a9c2973f962c4f09fd","essentia_git_sha":"v2.1_beta2-1-ge3940c0","extractor":"music 1.0"}},"rhythm":{"beats_count":344,"beats_loudness":{"dmean":0.0061690993607,"dmean2":0.0100574344397,"dvar":0.0000350586124114,"dvar2":0.0000880919615156,"max":0.0666709169745,"mean":0.0212448760867,"median":0.0191665813327,"min":4.40117872813e-7,"var":0.000180172602995},"beats_loudness_band_ratio":{"dmean":[0.0493973046541,0.0836691111326,0.10227882117,0.0933118760586,0.0617552772164,0.0385172106326],"dmean2":[0.0793234705925,0.13934469223,0.178295999765,0.1553