{"lowlevel":{"average_loudness":0.924844443798,"barkbands":{"dmean":[0.00237247580662,0.0112869273871,0.00268623535521,0.000954056624323,0.000999908195809,0.000769971578848,0.00218891142868,0.000914169766475,0.000803984352387,0.000582320033573,0.000516999571119,0.000455140776467,0.000501165050082,0.000394623930333,0.000532784673851,0.000275154598057,0.000205929565709,0.000201879753149,0.000172296218807,0.000176126442966,0.000195953267394,0.000180795177585,0.0000592997057538,0.0000106695906652,0.00000269096040029,0.0000410806133004,0.000559950713068],"dmean2":[0.00401006219909,0.0192316584289,0.00466180499643,0.0015958417207,0.00164344988298,0.00124960811809,0.00350633542985,0.00148483680096,0.00131857290398,0.00095857004635,0.000846424198244,0.000748704595026,0.000835370097775,0.00066567939939,0.000893935677595,0.000462459953269,0.000337167148245,0.000326203386066,0.000271544558927,0.000263200665358,0.000278793071629,0.000265143404249,0.000086623338575,0.0000152579414134,0.00000448738728664,0.000058375964727,0.00082276109606],"dvar":[0.0000177596957656,0.000215792839299,0.0000149493243953,0.00000210664961742,0.0000031359879813,0.00000317830472341,0.0000375198251277,0.0000096252279036,0.00000344940508512,0.00000157334318374,0.00000152837060341,7.54443078677e-7,6.98944859323e-7,3.53460507085e-7,0.00000147308628584,1.42032021699e-7,9.91845467979e-8,9.81577485959e-8,9.92683837353e-8,1.95686851612e-7,2.0838508874e-7,1.24293677572e-7,1.18942891092e-8,3.67363028886e-10,1.75426444204e-11,6.59467813691e-9,5.88075067753e-7],"dvar2":[0.0000445905279776,0.000582399195991,0.0000424212885264,0.00000517745502293,0.00000772714884079,0.00000758944406698,0.0000956105068326,0.000025698396712,0.00000837100833451,0.00000409795438827,0.00000372579961549,0.00000180302004082,0.00000172714044311,9.66341872299e-7,0.00000387635282095,3.66875184454e-7,2.4617560257e-7,2.43195557914e-7,2.19880718078e-7,4.02333228067e-7,3.90007869555e-7,2.56819816968e-7,2.49299567656e-8,7.15622228142e-10,4.50644070671e-11,1.28662174248e-8,0.00000122493781873],"max":[0.0562355779111,0.187250509858,0.0676974728703,0.0386922508478,0.0371492505074,0.0408890508115,0.12383800745,0.104869909585,0.0635912194848,0.0272626113147,0.034969188273,0.0235891826451,0.0190124958754,0.0256294030696,0.0352200455964,0.00755755929276,0.00657470803708,0.00637192977592,0.0105772176757,0.0104009276256,0.0145590063184,0.00687148002908,0.00197598477826,0.0005194437108,0.0000552774326934,0.00170829880517,0.0183786265552],"mean":[0.00258648023009,0.0160257779062,0.00345838698559,0.0012503239559,0.00147498841397,0.00115950987674,0.00318877561949,0.00126174138859,0.00123311195057,0.000898472266272,0.000795694068074,0.000780519738328,0.000837472092826,0.000744911958463,0.00101287721191,0.000524327915628,0.000409981032135,0.000416480266722,0.000359291414497,0.000367525761249,0.000413890142227,0.000373494374799,0.000119129217637,0.0000211197366298,0.00000280098652183,0.0000875103723956,0.00213651778176],"median":[0.00107430969365,0.0115413442254,0.00200464995578,0.000668392749503,0.000855111866258,0.0005813279422,0.000671304180287,0.000331362360157,0.000524936767761,0.000394167029299,0.000355704920366,0.000482602219563,0.000514194252901,0.000529669923708,0.000520642031915,0.0003881311859,0.000249636621447,0.000215886931983,0.00019683521532,0.000168841215782,0.000212775441469,0.000198141555302,0.0000625132815912,0.0000119850446936,0.00000126745999296,0.0000388814660255,0.0016976671759],"min":[2.49068236897e-25,2.19775977663e-24,1.48793292265e-25,5.34484176774e-25,8.89095386218e-24,7.41134504911e-24,6.56993930228e-24,5.64896036708e-24,9.38881423466e-24,1.64007006317e-23,1.95530945164e-23,3.06360601202e-23,3.36964996445e-23,2.74849804778e-23,3.38779439636e-23,6.12284489007e-23,6.51529687953e-23,1.15291289235e-22,1.0556553042e-22,1.91286501151e-22,2.53658817297e-22,3.03424277897e-22,4.35584404646e-22,5.93170540735e-22,8.83847735171e-22,1.12852739686e-21,2.02304103634e-21],"var":[0.0000194917429326,0.000276854058029,0.000022798525606,0.00000422003267886,0.00000461630224891,0.00000501991371493,0.0000655564217595,0.0000152699540195,0.00000689377520757,0.00000281479219666,0.00000277130016002,0.00000140130509863,0.00000122997869312,6.51121524697e-7,0.00000318763659379,2.51365435133e-7,2.08086945008e-7,2.62807645868e-7,2.41126798528e-7,4.89137903514e-7,5.25493817349e-7,2.82699289755e-7,2.64828763363e-8,8.50334636038e-10,1.85994292884e-11,1.62621311972e-8,0.00000332443346451]},"barkbands_crest":{"dmean":3.47898817062,"dmean2":5.85532045364,"dvar":8.18503761292,"dvar2":22.5707836151,"max":24.6139202118,"mean":10.6942272186,"median":10.2019519806,"min":2.11278057098,"var":18.1538791656},"barkbands_flatness_db":{"dmean":0.0232274495065,"dmean2":0.0380448512733,"dvar":0.000400576856919,"dvar2":0.00103840488009,"max":0.305926144123,"mean":0.107220850885,"median":0.103143565357,"min":0.0181695464998,"var":0.00127674336545},"barkbands_kurtosis":{"dmean":2.57909965515,"dmean2":4.31469488144,"dvar":18.8690948486,"dvar2":51.1201438904,"max":115.433586121,"mean":3.02019810677,"median":1.57953357697,"min":-1.83290803432,"var":31.2336521149},"barkbands_skewness":{"dmean":0.563650727272,"dmean2":0.923524260521,"dvar":0.302509397268,"dvar2":0.792334318161,"max":9.81536579132,"mean":1.5701239109,"median":1.48196482658,"min":-2.43098759651,"var":0.981477081776},"barkbands_spread":{"dmean":11.028793335,"dmean2":17.7458724976,"dvar":95.4371871948,"dvar2":231.147216797,"max":117.274139404,"mean":48.1950683594,"median":45.873550415,"min":3.25175976753,"var":451.781860352},"dissonance":{"dmean":0.0129086151719,"dmean2":0.0219016484916,"dvar":0.000177142850589,"dvar2":0.000495501910336,"max":0.500000119209,"mean":0.47963309288,"median":0.48522990942,"min":0.358356535435,"var":0.000332883850206},"dynamic_complexity":2.89892315865,"erbbands":{"dmean":[0.396573126316,2.42707538605,3.70498228073,2.5958032608,3.01030373573,3.84728240967,4.1721534729,7.76553535461,30.9882335663,22.0439033508,19.5846786499,16.592420578,17.7349376678,17.7736129761,18.9921836853,16.3347454071,20.2489013672,20.7095489502,21.4751186371,24.3083820343,12.5505781174,11.1661214828,10.0153455734,10.3115167618,7.79841041565,8.42321777344,8.41797447205,7.46808958054,7.16337537766,3.91286706924,1.25605535507,0.3676417768,0.112555764616,0.0325106829405,0.019263278693,0.0233089104295,0.0735954269767,0.18008813262,0.0535284616053,0.00930801220238],"dmean2":[0.67617982626,4.17091703415,6.42125988007,4.35791683197,5.01187229156,6.35420513153,6.94651412964,12.4823627472,49.3274497986,35.9723892212,31.5462303162,27.1989040375,29.1056671143,29.1721458435,31.0090999603,26.8159408569,33.584980011,34.5075569153,36.1521759033,41.1137619019,20.6032791138,18.336894989,16.3035068512,16.4998054504,12.0861501694,12.6092300415,12.1854972839,10.8061056137,10.6256752014,5.72782659531,1.79309880733,0.521713733673,0.163880005479,0.0530506558716,0.031942948699,0.0341938175261,0.100170664489,0.25058606267,0.0707143694162,0.01408271119],"dvar":[0.454461365938,8.58775806427,25.710767746,13.696803093,25.2047462463,55.272102356,81.1505279541,350.291259766,8814.203125,5565.01464844,3278.10668945,1473.98046875,1547.20153809,1524.76940918,1673.24890137,968.784790039,1004.23040771,1204.07250977,1376.20593262,2845.08764648,312.729217529,303.871826172,246.680374146,304.14151001,227.377349854,474.356781006,464.094604492,275.866760254,201.869598389,52.0890045166,5.33785104752,0.43547347188,0.0435441099107,0.00237532681786,0.000876704289112,0.0015252236044,0.0207492727786,0.14398829639,0.0106924613938,0.000142951845191],"dvar2":[1.18879747391,23.9276485443,73.4612045288,34.9604454041,62.3155555725,135.324676514,196.894058228,833.20904541,21676.0800781,14935.7763672,8465.77734375,3647.36450195,3755.89794922,3847.07348633,4128.21582031,2327.87597656,2521.59960938,3244.4921875,3559.50439453,7699.08886719,771.366699219,752.561645508,614.690551758,720.015930176,497.14831543,989.68762207,849.227966309,549.400756836,425.055633545,106.115592957,10.9880495071,0.839619874954,0.0885523706675,0.00598342344165,0.00224934471771,0.00302175758407,0.0373612903059,0.275929301977,0.0191272180527,0.000312832533382],"max":[9.61821174622,36.6374359131,77.6853713989,76.4545898438,109.077606201,159.153015137,295.586303711,508.740386963,2173.17504883,2392.5715332,1492.9395752,1152.5871582,993.284362793,1307.26391602,889.67590332,1001.16552734,676.033630371,1532.78540039,1035.82763672,1897.59741211,350.450683594,404.594390869,257.720672607,396.864135742,481.894805908,544.869384766,560.390563965,527.449279785,293.72769165,120.772438049,46.0623550415,16.1161136627,5.93428182602,0.630936145782,0.39931845665,1.04448258877,3.44380831718,8.50437831879,2.37880158424,0.314506262541],"mean":[0.495659440756,3.36275005341,5.14336252213,3.90106749535,4.17274236679,5.29780578613,6.20299720764,11.9701728821,43.3039588928,35.5560455322,28.7178859711,26.1740818024,28.6172218323,29.3295440674,32.8003768921,30.69672966,36.8177719116,40.4588127136,44.825176239,46.4781646729,27.2470378876,23.7340927124,21.4016113281,21.5105934143,17.1092834473,17.500459671,17.4518852234,15.578546524,14.2632045746,8.17460632324,2.64260792732,0.76433968544,0.215789943933,0.0421526022255,0.0215498860925,0.0454895794392,0.166430965066,0.400420278311,0.156077966094,0.0449597872794],"median":[0.266836285591,2.45384693146,3.39005184174,2.42447543144,2.36332941055,2.75835371017,3.84685945511,5.1826505661,8.81775856018,8.82215213776,9.4676322937,11.6993751526,13.4362888336,14.8731451035,17.3891582489,20.2539463043,24.4179534912,27.2943077087,28.8582649231,27.0027618408,19.6314506531,14.5691289902,11.3764019012,11.5564651489,9.43428230286,8.16230106354,8.47271156311,8.0088891983,7.4180059433,4.32530593872,1.43285012245,0.424879610538,0.127807557583,0.0244055502117,0.0108446720988,0.0264737345278,0.075773075223,0.177661806345,0.0849097445607,0.0391758047044],"min":[3.22418338244e-23,2.0697505129e-22,1.33539807869e-21,5.28601369399e-21,7.00795250553e-21,4.08742478587e-20,4.15682071562e-20,4.87123690052e-20,8.72079846955e-20,1.62369595959e-19,2.28419282862e-19,3.60845082818e-19,3.99305103893e-19,6.92016612125e-19,9.69035263366e-19,1.2863817612e-18,1.85892816047e-18,2.0989859004e-18,3.15453350249e-18,3.24877832558e-18,3.79383203302e-18,3.81785211724e-18,5.65521547234e-18,5.79745000585e-18,6.1825708234e-18,7.58510642359e-18,9.60363143183e-18,9.50484786872e-18,1.14419791319e-17,1.07719570454e-17,1.17500757859e-17,1.08188772113e-17,9.44519822038e-18,8.98576473738e-18,6.08232563214e-18,4.31082984203e-18,2.24128681515e-18,9.22459825e-19,2.39415563432e-19,2.73804989938e-20],"var":[0.501875579357,11.3339567184,35.3729896545,26.8763046265,38.4959793091,82.2813110352,109.05116272,598.120117188,14874.6826172,11361.3818359,5228.62207031,2849.54516602,2829.27050781,2747.88500977,3166.2409668,1843.4967041,1899.74694824,2232.79370117,3114.53833008,5870.98779297,664.699951172,673.204101562,636.192810059,762.465515137,588.313842773,1157.93688965,1204.94616699,644.632141113,434.294891357,124.825469971,12.4612588882,1.06074619293,0.092932626605,0.00297480076551,0.000959116790909,0.00361900427379,0.0572626926005,0.353438705206,0.0384521745145,0.00116361188702]},"erbbands_crest":{"dmean":2.42356133461,"dmean2":4.00367546082,"dvar":6.83195638657,"dvar2":17.1602859497,"max":31.2119789124,"mean":7.88547897339,"median":6.54687690735,"min":2.15824484825,"var":19.0070056915},"erbbands_flatness_db":{"dmean":0.0158229991794,"dmean2":0.0245652217418,"dvar":0.000194992535398,"dvar2":0.000461822754005,"max":0.283833116293,"mean":0.121857732534,"median":0.115062564611,"min":0.0407916344702,"var":0.00115270155948},"erbbands_kurtosis":{"dmean":0.879417717457,"dmean2":1.43193697929,"dvar":1.2923334837,"dvar2":3.21857190132,"max":28.9130477905,"mean":0.626313507557,"median":0.258458971977,"min":-1.63127231598,"var":2.51102137566},"erbbands_skewness":{"dmean":0.332916200161,"dmean2":0.518685340881,"dvar":0.0970150977373,"dvar2":0.225349500775,"max":3.89079403877,"mean":-0.142012983561,"median":-0.237477362156,"min":-4.98640680313,"var":0.631916105747},"erbbands_spread":{"dmean":6.73073625565,"dmean2":10.7163791656,"dvar":35.6632003784,"dvar2":88.5888671875,"max":109.085624695,"mean":34.3602409363,"median":33.0869064331,"min":3.50508117676,"var":162.118270874},"gfcc":{"cov":[[26780.0839844,700.330932617,-1217.18139648,533.306030273,-211.542617798,-320.016357422,623.934570312,-564.414855957,229.427368164,-94.1080093384,-211.838027954,234.636764526,-363.331207275],[700.330932617,855.228393555,-157.630493164,-341.29699707,174.326034546,-60.0991325378,-112.757316589,8.41126823425,26.2256526947,-32.6530189514,82.9426727295,-111.662055969,104.469184875],[-1217.18139648,-157.630493164,248.716552734,82.9852600098,-25.4660224915,80.4713668823,-21.85455513,33.4359283447,-17.3434352875,25.9747390747,-16.0142440796,22.0104866028,3.68804717064],[533.306030273,-341.29699707,82.9852600098,362.048248291,-59.6492195129,0.667178988457,124.481407166,-40.6304588318,-30.2041225433,-7.73489141464,-39.1189537048,76.7703475952,-72.5920410156],[-211.542617798,174.326034546,-25.4660224915,-59.6492195129,302.956085205,33.4138336182,-66.237991333,-18.9443283081,-8.87904167175,-41.9880867004,19.7895393372,-69.55128479,68.2077636719],[-320.016357422,-60.0991325378,80.4713668823,0.667178988457,33.4138336182,158.962600708,-0.697746098042,19.2205810547,-3.49176263809,13.1448774338,-19.7934513092,-0.13124409318,12.5626907349],[623.934570312,-112.757316589,-21.85455513,124.481407166,-66.237991333,-0.697746098042,183.705978394,-21.9535579681,29.0464305878,5.3143863678,-30.0280284882,52.7073020935,-59.0742912292],[-564.414855957,8.41126823425,33.4359283447,-40.6304588318,-18.9443283081,19.2205810547,-21.9535579681,122.625160217,14.6324491501,21.2969760895,16.1127529144,-20.7534141541,18.381816864],[229.427368164,26.2256526947,-17.3434352875,-30.2041225433,-8.87904167175,-3.49176263809,29.0464305878,14.6324491501,113.908744812,49.0377578735,-0.200301155448,4.30093860626,-24.0611171722],[-94.1080093384,-32.6530189514,25.9747390747,-7.73489141464,-41.9880867004,13.1448774338,5.3143863678,21.2969760895,49.0377578735,77.8072128296,22.5123672485,12.8788204193,-7.33848667145],[-211.838027954,82.9426727295,-16.0142440796,-39.1189537048,19.7895393372,-19.7934513092,-30.0280284882,16.1127529144,-0.200301155448,22.5123672485,72.442817688,13.8641395569,23.6888980865],[234.636764526,-111.662055969,22.0104866028,76.7703475952,-69.55128479,-0.13124409318,52.7073020935,-20.7534141541,4.30093860626,12.8788204193,13.8641395569,94.0420455933,-18.6066837311],[-363.331207275,104.469184875,3.68804717064,-72.5920410156,68.2077636719,12.5626907349,-59.0742912292,18.381816864,-24.0611171722,-7.33848667145,23.6888980865,-18.6066837311,87.2909317017]],"icov":[[0.0000752368359827,-0.000212526530959,0.000453033746453,-0.00028926008963,0.000011463899682,-0.0000923208790482,0.000116144190542,0.0000737598675187,0.00000636259119347,-0.000265360111371,0.000518122920766,-0.000363753497368,0.000136514558108],[-0.000212526530959,0.00335548026487,-0.00124177569523,0.00254724803381,0.000022672709747,0.000570290372707,-0.00131417601369,0.000841241329908,-0.00156044820324,0.00324936537072,-0.00503479642794,0.00365670421161,-0.0019071091665],[0.000453033746453,-0.00124177569523,0.00948675442487,-0.00373915396631,0.0000896253477549,-0.00308800861239,0.00338797993027,-0.00142520968802,0.00124054134358,-0.00451461970806,0.00576498685405,-0.00414455402642,0.00034327650792],[-0.00028926008963,0.00254724803381,-0.00373915396631,0.00815586093813,-0.00185191794299,0.00222894060425,-0.00380039238371,0.000186924342415,0.00265112775378,0.000707537168637,-0.00147502194159,-0.000792425707914,0.00222457689233],[0.000011463899682,0.000022672709747,0.0000896253477549,-0.00185191794299,0.00730771711096,-0.00290025165305,0.00029573860229,0.00313750654459,-0.00457155471668,0.00641161482781,-0.00599501980469,0.00665120827034,-0.00495299883187],[-0.0000923208790482,0.000570290372707,-0.00308800861239,0.00222894060425,-0.00290025165305,0.00960181280971,-0.00138520367909,-0.0016696464736,0.00250496692024,-0.00376218673773,0.00442956387997,-0.00218059145845,-0.0000769151229179],[0.000116144190542,-0.00131417601369,0.00338797993027,-0.00380039238371,0.00029573860229,-0.00138520367909,0.0110016381368,-0.00103364523966,-0.00169424933847,-0.00122496532276,0.00528346328065,-0.00562223512679,0.00318172108382],[0.0000737598675187,0.000841241329908,-0.00142520968802,0.000186924342415,0.00313750654459,-0.0016696464736,-0.00103364523966,0.0119383260608,-0.00362790119834,0.00235630269162,-0.00616643251851,0.00656010396779,-0.00363907194696],[0.00000636259119347,-0.00156044820324,0.00124054134358,0.00265112775378,-0.00457155471668,0.00250496692024,-0.00169424933847,-0.00362790119834,0.0190816782415,-0.0156286880374,0.00939859636128,-0.00629907567054,0.00692788511515],[-0.000265360111371,0.00324936537072,-0.00451461970806,0.000707537168637,0.00641161482781,-0.00376218673773,-0.00122496532276,0.00235630269162,-0.0156286880374,0.0325417257845,-0.0194187499583,0.00920317787677,-0.00434848805889],[0.000518122920766,-0.00503479642794,0.00576498685405,-0.00147502194159,-0.00599501980469,0.00442956387997,0.00528346328065,-0.00616643251851,0.00939859636128,-0.0194187499583,0.036792177707,-0.0188479758799,0.00258897035383],[-0.000363753497368,0.00365670421161,-0.00414455402642,-0.000792425707914,0.00665120827034,-0.00218059145845,-0.00562223512679,0.00656010396779,-0.00629907567054,0.00920317787677,-0.0188479758799,0.027551067993,-0.00641881255433],[0.000136514558108,-0.0019071091665,0.00034327650792,0.00222457689233,-0.00495299883187,-0.0000769151229179,0.00318172108382,-0.00363907194696,0.00692788511515,-0.00434848805889,0.00258897035383,-0.00641881255433,0.0224161110818]],"mean":[19.4518299103,70.8319168091,-93.8490447998,6.38036441803,-7.36064338684,-13.8348846436,11.7996196747,-21.0381450653,11.2322359085,-3.05520629883,-6.54487657547,2.65716671944,-12.8250312805]},"hfc":{"dmean":52.4551887512,"dmean2":83.5273971558,"dvar":4329.37695312,"dvar2":11293.5849609,"max":1665.46838379,"mean":200.888259888,"median":182.92350769,"min":1.06224687997e-16,"var":14497.0556641},"melbands":{"dmean":[0.00329612218775,0.00230898428708,0.000443435506895,0.000236174077145,0.000145613623317,0.000193995118025,0.000446892809123,0.000225592550123,0.000162159674801,0.000105386781797,0.0000926345164771,0.0000760573311709,0.0000683890175424,0.0000504752279085,0.0000471518687846,0.0000527139854967,0.0000390233872167,0.0000348411231244,0.0000454630462627,0.0000238644370256,0.000015136829461,0.0000132278210003,0.0000101799942058,0.0000102800568129,0.00000901036310097,0.00000656971633362,0.00000564248330193,0.00000617720479568,0.00000577593982598,0.00000533813954462,0.00000446015974376,0.00000465661923954,0.00000329938961841,0.00000195130814973,8.49051559726e-7,3.6696638972e-7,1.83622944405e-7,9.17369646913e-8,4.03347186761e-8,2.44396094473e-8],"dmean2":[0.00559991877526,0.0039778011851,0.000738542468753,0.000388112384826,0.000242854104727,0.000310447183438,0.000712131615728,0.00036842157715,0.000262568384642,0.000172284650034,0.00015213941515,0.000124875237816,0.000111405250209,0.0000832316582091,0.0000782449351391,0.000087742053438,0.0000654428076814,0.00005865217463,0.0000762760173529,0.0000407512306992,0.0000247703355853,0.0000218280601985,0.0000169297800312,0.0000167892485479,0.0000146018182932,0.0000104827395262,0.0000087847447503,0.00000942148108152,0.00000862302022142,0.00000793508479546,0.00000665081597617,0.00000704486728864,0.00000501278464071,0.00000290592674901,0.00000125880035284,5.37232722309e-7,2.68518334678e-7,1.35833488457e-7,6.35116776948e-8,4.08210709679e-8],"dvar":[0.0000232673992286,0.00000848725267133,3.71305787894e-7,1.71813752559e-7,9.1114998213e-8,2.17833516558e-7,0.00000168969677361,6.05333639214e-7,2.08214231634e-7,6.2171658044e-8,4.24055883741e-8,2.70849689343e-8,2.62079566937e-8,8.17123524399e-9,9.38808764062e-9,9.04482089226e-9,4.29844027039e-9,3.04567393528e-9,1.45034766419e-8,1.34287647668e-9,5.17013432066e-10,4.29694807513e-10,2.52921711352e-10,2.71983130462e-10,2.36266783915e-10,1.67971775378e-10,1.37984235149e-10,2.79486073174e-10,2.34294278423e-10,1.76054323897e-10,9.10005751309e-11,8.65740742984e-11,3.94520978386e-11,1.26900920328e-11,2.4883461177e-12,4.23374443143e-13,1.1254630447e-13,3.28887206369e-14,3.8670751341e-15,1.46951227211e-15],"dvar2":[0.0000613054144196,0.0000239834407694,9.45650356243e-7,4.16198588482e-7,2.25608374649e-7,5.19400316534e-7,0.00000422352468377,0.00000164357413723,5.40326823284e-7,1.48063975303e-7,1.03321170286e-7,6.87238355113e-8,6.36136974208e-8,1.95450233775e-8,2.36603394654e-8,2.21867679784e-8,1.1745235895e-8,7.92235521629e-9,3.74822697324e-8,3.64144292497e-9,1.27429788943e-9,1.08218867201e-9,6.56094623075e-10,6.96453505977e-10,5.71280189821e-10,3.80516812504e-10,3.17909337744e-10,5.96820426413e-10,4.54987963971e-10,3.68040736776e-10,1.93096205692e-10,1.89808849194e-10,8.60529841828e-11,2.70618683712e-11,5.3961253868e-12,8.79764522951e-13,2.27885635709e-13,7.03256084009e-14,8.88845288739e-15,3.77951987944e-15],"max":[0.0678233280778,0.040601670742,0.0127551564947,0.00747778685763,0.00848176330328,0.00987268704921,0.029320994392,0.0233196951449,0.0138765964657,0.00940493959934,0.00510977534577,0.00497696967795,0.00457488419488,0.00250919442624,0.00271042762324,0.00255688093603,0.00315709621646,0.00140540464781,0.00386946485378,0.00141113717109,0.000490092090331,0.000471322447993,0.00020807517285,0.000361094833352,0.000325685599819,0.000507994496729,0.000357245793566,0.000405684491852,0.000380036712158,0.000439949159045,0.000240561916144,0.000184930642718,0.00013150126324,0.0000565860391362,0.0000322494161082,0.0000129420022859,0.00000875573277881,0.00000610247434452,0.00000142242242873,5.07521519921e-7],"mean":[0.00458993203938,0.0034542598296,0.000705809274223,0.000337046105415,0.000220898305997,0.000293825491099,0.000640706217382,0.000353855168214,0.000229982440942,0.000163638760569,0.000144799836562,0.000119965043268,0.000110944638436,0.000087391861598,0.0000783343348303,0.0000880818115547,0.0000715250280336,0.0000661821759422,0.0000811241407064,0.0000431809712609,0.0000295376412396,0.0000254212300206,0.0000194395015569,0.0000198683974304,0.0000172734071384,0.0000128718902488,0.0000115177535918,0.0000116017363325,0.0000109917891677,0.0000100856568679,0.00000862730939843,0.00000854464724398,0.00000640508233118,0.00000376773368771,0.00000165290555287,7.13227677807e-7,3.51935966592e-7,1.67546147622e-7,6.16557827016e-8,2.48902711775e-8],"median":[0.00307362247258,0.00257256021723,0.000450822524726,0.000185522978427,0.000137849943712,0.000121055076306,0.000134922811412,0.0000866569098434,0.0000750109466026,0.0000714144043741,0.0000647581764497,0.0000574144214625,0.0000533980273758,0.0000540522742085,0.0000489081503474,0.0000515048450325,0.0000481173119624,0.0000452146523457,0.0000391024259443,0.000030587449146,0.0000193645937543,0.0000151712156367,0.000010585257769,0.0000101075884231,0.0000089879567895,0.00000694361324349,0.00000574344858251,0.00000498063036503,0.00000497091514262,0.00000489437206852,0.00000430637464888,0.00000422415314461,0.00000325243308907,0.00000191469212041,8.63326306444e-7,3.79770995096e-7,1.91961447626e-7,9.52673104848e-8,3.6445214846e-8,1.07797282212e-8],"min":[4.8935595888e-25,5.90409977612e-25,1.24326657891e-24,1.22191517104e-24,1.42273332232e-24,1.31192153792e-24,1.54228982706e-24,1.63265285768e-24,1.43005513481e-24,1.76240322025e-24,1.9207337176e-24,2.66113430577e-24,3.27617740192e-24,2.66460667426e-24,3.69338562152e-24,3.09087831402e-24,2.98825737101e-24,3.50105344422e-24,3.42048195238e-24,4.27255704295e-24,4.12653021192e-24,3.59120170746e-24,3.56773743426e-24,4.03060867015e-24,4.14349032695e-24,3.90488790768e-24,2.86065340035e-24,3.9930399584e-24,5.17760453773e-24,5.35959395971e-24,4.99747406648e-24,5.73227985589e-24,6.06200872592e-24,5.19926429161e-24,6.00494647234e-24,6.03562763953e-24,5.99694190073e-24,6.26102886598e-24,6.29387151204e-24,5.61103587907e-24],"var":[0.0000280868334812,0.0000115620969154,7.78086928221e-7,2.65754692919e-7,1.17900576413e-7,3.7297334643e-7,0.00000289602780867,0.00000118175546504,3.21588629504e-7,1.30683901034e-7,7.77403457164e-8,4.79306976331e-8,4.72432617471e-8,1.63085207561e-8,1.60336259825e-8,1.6059738428e-8,7.41161887419e-9,6.10809980373e-9,2.80963075028e-8,2.26457075314e-9,1.00541464043e-9,8.59817050891e-10,5.18119103177e-10,6.46650066827e-10,5.33416033566e-10,3.62708862944e-10,3.23198079411e-10,6.22110363224e-10,5.53921242208e-10,3.5999850323e-10,1.9559387443e-10,1.70347985717e-10,8.34874738787e-11,2.77309720326e-11,5.17829789465e-12,9.64354681179e-13,2.44724054389e-13,6.32247143637e-14,6.63487556793e-15,1.542171923e-15]},"melbands_crest":{"dmean":4.24016141891,"dmean2":7.08199262619,"dvar":12.9759912491,"dvar2":35.3692932129,"max":35.9680938721,"mean":16.6091136932,"median":16.3575668335,"min":1.60308277607,"var":32.7637329102},"melbands_flatness_db":{"dmean":0.0327236354351,"dmean2":0.0533556938171,"dvar":0.000738118134905,"dvar2":0.0019197704969,"max":0.46350300312,"mean":0.206799730659,"median":0.205727338791,"min":0.00197151512839,"var":0.00302202999592},"melbands_kurtosis":{"dmean":6.89471673965,"dmean2":11.6576843262,"dvar":99.6992797852,"dvar2":270.767791748,"max":188.051086426,"mean":10.3903264999,"median":6.56848096848,"min":-1.76739251614,"var":166.827651978},"melbands_skewness":{"dmean":0.885504901409,"dmean2":1.46835613251,"dvar":0.699186563492,"dvar2":1.89837086201,"max":11.9448108673,"mean":2.65031456947,"median":2.40102028847,"min":-0.601926505566,"var":2.08452653885},"melbands_spread":{"dmean":9.01186561584,"dmean2":14.8027439117,"dvar":87.5353469849,"dvar2":218.296295166,"max":177.997085571,"mean":26.5917835236,"median":22.8667945862,"min":1.18300414085,"var":348.444915771},"mfcc":{"cov":[[11103.8974609,774.215515137,-329.719055176,930.801147461,-687.815246582,665.183776855,-219.772415161,425.141174316,-85.9068984985,186.486175537,17.3899497986,99.3850402832,-78.2211532593],[774.215515137,1347.00085449,-319.422698975,-200.12713623,227.287857056,-83.1591186523,-1.61681807041,-100.302825928,48.8925476074,-4.74847078323,34.681602478,-18.1986103058,39.7885322571],[-329.719055176,-319.422698975,297.381286621,16.6985530853,-86.9214859009,24.9760150909,-7.93888044357,24.5885810852,3.66699171066,-6.06832838058,16.8318881989,9.65951061249,13.8410234451],[930.801147461,-200.12713623,16.6985530853,337.717407227,-119.834335327,98.1211013794,4.24389457703,82.1805877686,-39.0030517578,9.47869300842,-20.2025260925,18.5828227997,-20.2417411804],[-687.815246582,227.287857056,-86.9214859009,-119.834335327,339.649993896,-45.24376297,51.9592552185,-73.6019134521,24.8997173309,-14.5143613815,-10.3287162781,-39.5500602722,-7.66489267349],[665.183776855,-83.1591186523,24.9760150909,98.1211013794,-45.24376297,217.64213562,-1.18881428242,63.9858322144,-4.63823604584,31.7221260071,-18.5080165863,-1.11051988602,-17.4604148865],[-219.772415161,-1.61681807041,-7.93888044357,4.24389457703,51.9592552185,-1.18881428242,105.488441467,7.87717342377,9.16738510132,-26.4248943329,-17.5982627869,-16.8247509003,3.17037034035],[425.141174316,-100.302825928,24.5885810852,82.1805877686,-73.6019134521,63.9858322144,7.87717342377,107.13671875,3.57340764999,15.197218895,-6.21527481079,10.9805955887,-11.1403999329],[-85.9068984985,48.8925476074,3.66699171066,-39.0030517578,24.8997173309,-4.63823604584,9.16738510132,3.57340764999,75.6104278564,28.8123531342,17.5821247101,-6.22065496445,0.413326025009],[186.486175537,-4.74847078323,-6.06832838058,9.47869300842,-14.5143613815,31.7221260071,-26.4248943329,15.197218895,28.8123531342,84.488609314,29.0603637695,13.4692325592,-8.57710266113],[17.3899497986,34.681602478,16.8318881989,-20.2025260925,-10.3287162781,-18.5080165863,-17.5982627869,-6.21527481079,17.5821247101,29.0603637695,69.1477584839,22.5455780029,13.5162572861],[99.3850402832,-18.1986103058,9.65951061249,18.5828227997,-39.5500602722,-1.11051988602,-16.8247509003,10.9805955887,-6.22065496445,13.4692325592,22.5455780029,56.8086547852,18.9968261719],[-78.2211532593,39.7885322571,13.8410234451,-20.2417411804,-7.66489267349,-17.4604148865,3.17037034035,-11.1403999329,0.413326025009,-8.57710266113,13.5162572861,18.9968261719,55.3419189453]],"icov":[[0.000213033752516,-0.00025820202427,0.000142951874295,-0.000432492175605,0.000308597518597,-0.000393035734305,0.000301739084534,-0.000362839753507,0.000089553410362,-0.0000412794288422,-0.000152042950504,0.0000652517701383,0.000128882922581],[-0.00025820202427,0.00156983558554,0.00116861483548,0.000854782061651,-0.000736668589525,0.000267449009698,0.0000563331741432,0.000642917701043,-0.000763261748943,0.000640469777863,-0.000658161763567,0.000287317903712,-0.00119759503286],[0.000142951874295,0.00116861483548,0.00536382943392,0.000223903218284,0.000790157471783,-0.00104444567114,0.000703351164702,-0.000372859620256,-0.00121211400256,0.00181813747622,-0.0022844565101,0.000852703175042,-0.00167710077949],[-0.000432492175605,0.000854782061651,0.000223903218284,0.00544530153275,0.000253699283348,-0.000301847612718,-0.00144667259883,-0.00106045801658,0.00175023835618,-0.000257165665971,0.000581222295295,-0.00104840227868,0.000684124010149],[0.000308597518597,-0.000736668589525,0.000790157471783,0.000253699283348,0.00515281502157,-0.000776606088039,-0.00190564454533,0.00194093212485,-0.000459772156319,-0.000376166164642,0.0000415114554926,0.00121072062757,0.00134891422931],[-0.000393035734305,0.000267449009698,-0.00104444567114,-0.000301847612718,-0.000776606088039,0.00727946963161,-0.000560451706406,-0.00209595984779,0.000807458476629,-0.00310193793848,0.00251043518074,0.000772371713538,-0.000162725744303],[0.000301739084534,0.0000563331741432,0.000703351164702,-0.00144667259883,-0.00190564454533,-0.000560451706406,0.0132545260713,-0.00309886038303,-0.0029406035319,0.00432758545503,0.000628420035355,0.00222485489212,-0.00236745271832],[-0.000362839753507,0.000642917701043,-0.000372859620256,-0.00106045801658,0.00194093212485,-0.00209595984779,-0.00309886038303,0.0158859603107,-0.00285515445285,-0.00058078818256,0.00139058369678,-0.0029261324089,0.00230935844593],[0.000089553410362,-0.000763261748943,-0.00121211400256,0.00175023835618,-0.000459772156319,0.000807458476629,-0.0029406035319,-0.00285515445285,0.0192911848426,-0.00770368753001,-0.00245354883373,0.00372734409757,-0.000614819349721],[-0.0000412794288422,0.000640469777863,0.00181813747622,-0.000257165665971,-0.000376166164642,-0.00310193793848,0.00432758545503,-0.00058078818256,-0.00770368753001,0.0205728858709,-0.00707464385778,-0.00297041027807,0.00353030161932],[-0.000152042950504,-0.000658161763567,-0.0022844565101,0.000581222295295,0.0000415114554926,0.00251043518074,0.000628420035355,0.00139058369678,-0.00245354883373,-0.00707464385778,0.0227114390582,-0.00659439526498,-0.00227743573487],[0.0000652517701383,0.000287317903712,0.000852703175042,-0.00104840227868,0.00121072062757,0.000772371713538,0.00222485489212,-0.0029261324089,0.00372734409757,-0.00297041027807,-0.00659439526498,0.0266098119318,-0.00902798771858],[0.000128882922581,-0.00119759503286,-0.00167710077949,0.000684124010149,0.00134891422931,-0.000162725744303,-0.00236745271832,0.00230935844593,-0.000614819349721,0.00353030161932,-0.00227743573487,-0.00902798771858,0.0247252508998]],"mean":[-635.332641602,134.043533325,-23.5991916656,36.7748985291,-5.26883888245,29.7995090485,-4.97236537933,12.9070100784,2.98827004433,9.71739673615,5.1137919426,5.78555631638,2.87001466751]},"pitch_salience":{"dmean":0.0850434824824,"dmean2":0.142488405108,"dvar":0.00524361012504,"dvar2":0.014628267847,"max":0.979419529438,"mean":0.530626177788,"median":0.533190727234,"min":0.123152181506,"var":0.0123555213213},"silence_rate_20dB":{"dmean":0,"dmean2":0,"dvar":0,"dvar2":0,"max":1,"mean":1,"median":1,"min":1,"var":0},"silence_rate_30dB":{"dmean":0.0330207571387,"dmean2":0.0660468116403,"dvar":0.0319320484996,"dvar2":0.083159275353,"max":1,"mean":0.974835693836,"median":1,"min":0,"var":0.0245345719159},"silence_rate_60dB":{"dmean":0.000641179794911,"dmean2":0.00128246238455,"dvar":0.000640736252535,"dvar2":0.00160146970302,"max":1,"mean":0.0533739365637,"median":0,"min":0,"var":0.050525829196},"spectral_centroid":{"dmean":260.45300293,"dmean2":395.139587402,"dvar":73541.75,"dvar2":139309.59375,"max":12076.5996094,"mean":1721.48681641,"median":1537.43603516,"min":295.642456055,"var":1161646.125},"spectral_complexity":{"dmean":4.125831604,"dmean2":6.23549222946,"dvar":16.3634395599,"dvar2":30.1754894257,"max":60,"mean":28.1924991608,"median":27,"min":0,"var":146.215515137},"spectral_contrast_coeffs":{"dmean":[0.049958717078,0.0511996112764,0.037240087986,0.0262340251356,0.0191115122288,0.0329003296793],"dmean2":[0.0839913785458,0.0849623158574,0.0628961622715,0.0442871339619,0.0317262783647,0.0509783327579],"dvar":[0.00154797232244,0.00168721331283,0.000873477605637,0.000442988297436,0.000255968829151,0.000824472983368],"dvar2":[0.00441125174984,0.00453104963526,0.00242768810131,0.00126479065511,0.000669235130772,0.00193467433564],"max":[-0.405337274075,-0.412450283766,-0.541929960251,-0.579294860363,-0.657180786133,-0.441626131535],"mean":[-0.720109403133,-0.764239490032,-0.809654772282,-0.813291370869,-0.810412526131,-0.671449959278],"median":[-0.72058069706,-0.777501225471,-0.815751075745,-0.816036820412,-0.810882329941,-0.651803851128],"min":[-0.987321078777,-0.987838745117,-0.980395972729,-0.974496603012,-0.969194471836,-0.964484751225],"var":[0.00440278230235,0.00621850555763,0.00284479558468,0.00172764901072,0.00119628570974,0.00704892165959]},"spectral_contrast_valleys":{"dmean":[0.392648011446,0.343079775572,0.275327175856,0.231816008687,0.208001583815,0.412961453199],"dmean2":[0.660146415234,0.575502276421,0.458602279425,0.382542341948,0.314413875341,0.636665463448],"dvar":[0.105755284429,0.0883670300245,0.0674237683415,0.0636857375503,0.0773547589779,0.151264980435],"dvar2":[0.273629695177,0.223941132426,0.162136867642,0.146296560764,0.148840397596,0.37815323472],"max":[-4.96832084656,-4.8556394577,-5.34941577911,-5.54214000702,-5.35877847672,-9.07794952393],"mean":[-6.95839738846,-6.72302818298,-7.00348615646,-7.0975446701,-7.37892961502,-11.0005197525],"median":[-6.56121873856,-6.36564731598,-6.62398958206,-6.7102060318,-6.97065734863,-10.6440944672],"min":[-27.9884490967,-27.9531002045,-27.8933887482,-27.7656154633,-27.4866218567,-27.3827476501],"var":[5.15646076202,5.06561660767,4.93811511993,4.88465499878,4.94506835938,3.51372981071]},"spectral_decrease":{"dmean":4.1311576382e-9,"dmean2":6.87639767349e-9,"dvar":2.46028213786e-17,"dvar2":6.49799803474e-17,"max":8.13668243893e-9,"mean":-7.94456678221e-9,"median":-6.82215839376e-9,"min":-6.26586498242e-8,"var":4.18607653e-17},"spectral_energy":{"dmean":0.0162699017674,"dmean2":0.0267010387033,"dvar":0.00036692849244,"dvar2":0.000965494196862,"max":0.251209318638,"mean":0.0482058078051,"median":0.0455079488456,"min":1.00925841345e-20,"var":0.000837689149193},"spectral_energyband_high":{"dmean":0.000793008715846,"dmean2":0.00103288213722,"dvar":0.00000201830221158,"dvar2":0.00000338392851518,"max":0.027767566964,"mean":0.00253275549039,"median":0.00164360390045,"min":6.98565013294e-21,"var":0.00000766473476688},"spectral_energyband_low":{"dmean":0.0135969817638,"dmean2":0.0230423435569,"dvar":0.000308446702547,"dvar2":0.000824700924568,"max":0.222327008843,"mean":0.02210954763,"median":0.0171113833785,"min":1.41940026666e-23,"var":0.000420288648456},"spectral_energyband_middle_high":{"dmean":0.00203201407567,"dmean2":0.00322880083695,"dvar":0.00000741979465602,"dvar2":0.0000182763978955,"max":0.0585407689214,"mean":0.00684849498793,"median":0.00583853945136,"min":1.23266602305e-21,"var":0.0000258961554209},"spectral_energyband_middle_low":{"dmean":0.004309928976,"dmean2":0.00690501602367,"dvar":0.0000547885501874,"dvar2":0.000142081262311,"max":0.134124398232,"mean":0.00978810433298,"median":0.00583635736257,"min":1.79875331546e-22,"var":0.000130745509523},"spectral_entropy":{"dmean":0.10369977355,"dmean2":0.15446947515,"dvar":0.0100151691586,"dvar2":0.0212301071733,"max":9.83208847046,"mean":7.84662151337,"median":7.87581825256,"min":6.49876022339,"var":0.101919800043},"spectral_flux":{"dmean":0.0258954130113,"dmean2":0.0424094572663,"dvar":0.000744955148548,"dvar2":0.00187010888476,"max":0.397770375013,"mean":0.12336371839,"median":0.123381480575,"min":6.28557553228e-11,"var":0.00253066746518},"spectral_kurtosis":{"dmean":2.52715396881,"dmean2":3.79079151154,"dvar":13.4886932373,"dvar2":31.5746173859,"max":72.5597381592,"mean":15.0543193817,"median":12.1864395142,"min":-1.29342103004,"var":104.136108398},"spectral_rms":{"dmean":0.00106836459599,"dmean2":0.00173143704887,"dvar":0.00000113932492241,"dvar2":0.00000295714107779,"max":0.0156551022083,"mean":0.00645039509982,"median":0.00666318228468,"min":3.13790118021e-12,"var":0.00000542240832146},"spectral_rolloff":{"dmean":5464.17333984,"dmean2":10220.4941406,"dvar":53163260,"dvar2":124725440,"max":22028.4667969,"mean":14067.5253906,"median":19810.546875,"min":64.599609375,"var":75881216},"spectral_skewness":{"dmean":0.228936180472,"dmean2":0.334198385477,"dvar":0.0719261839986,"dvar2":0.150398507714,"max":6.5207695961,"mean":2.47537612915,"median":2.284324646,"min":-0.0947555154562,"var":0.90994566679},"spectral_spread":{"dmean":394031.59375,"dmean2":618261.3125,"dvar":602235666432,"dvar2":1557994930180,"max":50156356,"mean":4837270.5,"median":4525443.5,"min":2211970.5,"var":12076278874100},"spectral_strongpeak":{"dmean":2.85527586937,"dmean2":5.33162593842,"dvar":146.754684448,"dvar2":401.061523438,"max":203.635131836,"mean":2.23608636856,"median":0.307845085859,"min":0,"var":109.355415344},"zerocrossingrate":{"dmean":0.0372816845775,"dmean2":0.049142125994,"dvar":0.000974730355665,"dvar2":0.00165147881489,"max":0.67529296875,"mean":0.282651811838,"median":0.271484375,"min":0.056640625,"var":0.00728177465498}},"metadata":{"audio_properties":{"analysis_sample_rate":44100,"bit_rate":320000,"codec":"mp3","downmix":"mix","equal_loudness":0,"length":289.699035645,"lossless":false,"md5_encoded":"bc5c98e90364ae235d5ee336fc96a1c4","replay_gain":-7.6402053833,"sample_rate":44100},"tags":{"album":["The Eternal Idol"],"albumartist":["Black Sabbath"],"albumartistsort":["Black Sabbath","Black Sabbath"],"albumsort":["Eternal Idol, The"],"artist":["Black Sabbath"],"artistsort":["Black Sabbath"],"asin":["B000002LB4"],"barcode":["042283270817"],"catalognumber":["832 708-1"],"date":["1987"],"discnumber":["1/1"],"file_name":"04. Black Sabbath - Glory Ride.mp3","genre":["Heavy Metal"],"label":["Vertigo"],"language":["eng"],"media":["Vinyl"],"musicbrainz album release country":["GB"],"musicbrainz album status":["official"],"musicbrainz album type":["album"],"musicbrainz_albumartistid":["5182c1d9-c7d2-4dad-afa0-ccfeada921a8"],"musicbrainz_albumid":["2ad68aea-404a-4494-afa4-258722da3c16"],"musicbrainz_artistid":["5182c1d9-c7d2-4dad-afa0-ccfeada921a8"],"musicbrainz_recordingid":["cc031da8-1f9f-4716-ad4a-d05600987240"],"script":["Latn"],"title":["Glory Ride"],"tracknumber":["4/9"]},"version":{"essentia":"2.1-beta1","essentia_build_sha":"ca57ba49d9b1854bd80e60cf9ccf267278fb7d6b","essentia_git_sha":"v2.1_beta1-28-g21ef5f4-dirty","extractor":"music 1.0"}},"rhythm":{"beats_count":569,"beats_loudness":{"dmean":0.0211112592369,"dmean2":0.0369796715677,"dvar":0.000379127857741,"dvar2":0.00111392769031,"max":0.17557489872,"mean":0.0562408939004,"median":0.0561413243413,"min":0,"var":0.000762866984587},"beats_loudness_band_ratio":{"dmean":[0.17591483891,0.0466884039342,0.0832227095962,0.044586636126,0.0462052598596,0.106969848275],"dmean2":[0.317722380161,0.0827418938279,0.139887243509,0.0774821862578,0.0843017473817,0.191659897566],"dvar":[0.0191979352385,0.00316085084341,0.0106261419132,0.00216228584759,0.00126786285546,0.0079052448272