{"lowlevel":{"average_loudness":0.732531905174,"barkbands":{"dmean":[0.00100379611831,0.00473627727479,0.00206802273169,0.00164184265304,0.00260073295794,0.00166192336474,0.0011939429678,0.000911513809115,0.0013371478999,0.000765209551901,0.000540079257917,0.0005070506013,0.000461971852928,0.000202049443033,0.000176087007276,0.000131701817736,0.0000691039676894,0.0000583714099776,0.0000473875079479,0.0000328302376147,0.0000187599380297,0.00000740369659979,0.00000366722269973,0.00000251311689681,0.00000205300284506,0.00000397042731493,0.000111453475256],"dmean2":[0.0016880389303,0.00781833380461,0.00346091389656,0.00276080239564,0.00429806439206,0.00267541944049,0.00193764211144,0.00150748586748,0.00219952408224,0.00124301505275,0.000883708591573,0.000821187742986,0.000752911786549,0.000325753877405,0.000281926215393,0.000215047344682,0.000109253203846,0.0000890942974365,0.0000706658684066,0.0000489936464874,0.0000274727754004,0.0000110068149297,0.00000558110696147,0.00000406006984122,0.00000341516056324,0.00000591710431763,0.000149713494466],"dvar":[0.00000492912431582,0.0000710635649739,0.00000986806753644,0.0000103799775388,0.0000258526233665,0.0000239402779698,0.00000936755350267,0.00000558802139494,0.00000614431291979,0.00000340074575433,0.0000025606334475,0.00000110823623345,9.9308681456e-7,1.52265045017e-7,1.02204957386e-7,5.44780576206e-8,2.89164372447e-8,2.94023081437e-8,2.21076632556e-8,8.87672158001e-9,3.25251336974e-9,2.09448777766e-10,4.83680699659e-11,2.31149335783e-11,1.58180378518e-11,6.408942127e-11,2.2303042968e-8],"dvar2":[0.0000123523768707,0.000186735851457,0.0000257360152318,0.0000255468530668,0.0000580332962272,0.0000550178046979,0.0000225390995183,0.0000143639899761,0.0000163362583407,0.00000858316343511,0.00000608988966633,0.00000264343611889,0.00000253841835729,3.83268456972e-7,2.49362045679e-7,1.40826585948e-7,7.17710264553e-8,6.63264927425e-8,4.85011497631e-8,1.88729938344e-8,6.62864296785e-9,4.54076248824e-10,1.07930747673e-10,5.46122938538e-11,3.98815598601e-11,1.35563754666e-10,4.38428635618e-8],"max":[0.0538854561746,0.154331803322,0.0563065484166,0.0774149894714,0.187664330006,0.122571274638,0.0836864709854,0.0516647920012,0.0495437271893,0.0450842306018,0.0590190924704,0.0272774491459,0.0186441708356,0.00628890981898,0.0121143860742,0.00404266268015,0.00499841012061,0.00562922935933,0.0051175262779,0.00235331989825,0.00164262764156,0.000496809603646,0.000125107413623,0.0000714342604624,0.0000708312581992,0.000194187203306,0.00344840739854],"mean":[0.00123994587921,0.00722972350195,0.00278993137181,0.00211460562423,0.00399315590039,0.00216192915104,0.0017574474914,0.00129134918097,0.0023882847745,0.00117953924928,0.000763414835092,0.000848859141115,0.0007482963847,0.000344581436366,0.000336905592121,0.000270742486464,0.000128946165205,0.00010215495422,0.0000820488567115,0.0000577132414037,0.0000340008446074,0.0000149632260218,0.00000677862317389,0.00000345806961377,0.00000213249768422,0.00000770876249589,0.000368636654457],"median":[0.0003109871177,0.00248558446765,0.00138868018985,0.000975602073595,0.00228904257528,0.000788477133028,0.00062671181513,0.000391938607208,0.000958910561167,0.000346467830241,0.000204084266443,0.000278028775938,0.000227350275964,0.000117224088171,0.000127269420773,0.0000789653131505,0.0000551477351109,0.0000404330057791,0.0000314917924698,0.0000225373769354,0.000014680208551,0.00000778431694926,0.0000031811559893,0.00000120597474051,6.89361968398e-7,0.00000348273124473,0.000277051731246],"min":[1.42199068373e-25,2.92281208981e-24,2.01307343643e-25,6.29061548866e-25,5.08730165776e-24,4.43584296729e-24,6.40358549788e-24,1.0402641704e-23,9.84462279886e-24,1.04153013438e-23,1.35366196308e-23,1.43525684417e-23,2.17743075221e-23,2.58701380286e-23,2.76244353087e-23,4.22740051481e-23,5.15484724168e-23,7.39117734675e-23,8.68414119633e-23,1.39718360854e-22,2.55928919169e-22,3.0807878443e-22,3.3422299798e-22,5.45460283674e-22,8.75238473283e-22,1.23123744013e-21,1.95793792355e-21],"var":[0.00000560461194254,0.000118797994219,0.0000164006014529,0.0000140789979923,0.000047179779358,0.0000302383814414,0.0000151642689161,0.00000839931271912,0.0000132044833663,0.00000589370802118,0.00000389786509913,0.00000226598558584,0.00000191138337868,3.1733884498e-7,2.50369993182e-7,1.52757195337e-7,5.16202725009e-8,4.85916160642e-8,3.5133489007e-8,1.52022341382e-8,6.33541930029e-9,4.6872666859e-10,1.14506383542e-10,4.17457561575e-11,1.71034367225e-11,1.71745020983e-10,1.24468272134e-7]},"barkbands_crest":{"dmean":2.81005549431,"dmean2":4.71181440353,"dvar":5.91673612595,"dvar2":15.5824947357,"max":25.2022686005,"mean":9.34760093689,"median":8.58865642548,"min":2.51222491264,"var":14.148522377},"barkbands_flatness_db":{"dmean":0.0250454563648,"dmean2":0.0397281944752,"dvar":0.000515409803484,"dvar2":0.00132471742108,"max":0.416195213795,"mean":0.142192929983,"median":0.13854855299,"min":0.0172658693045,"var":0.00224284664728},"barkbands_kurtosis":{"dmean":4.65703868866,"dmean2":7.54688930511,"dvar":60.6198539734,"dvar2":154.469177246,"max":253.950836182,"mean":8.54340267181,"median":4.98126840591,"min":-1.96927058697,"var":147.251556396},"barkbands_skewness":{"dmean":0.622836828232,"dmean2":0.994279384613,"dvar":0.399943768978,"dvar2":0.977863907814,"max":14.0002613068,"mean":2.08669304848,"median":1.87374186516,"min":-2.25119876862,"var":2.05382657051},"barkbands_spread":{"dmean":6.44794940948,"dmean2":10.1360998154,"dvar":70.5411911011,"dvar2":160.327804565,"max":146.659210205,"mean":23.6251659393,"median":19.1083011627,"min":0.860223293304,"var":362.548431396},"dissonance":{"dmean":0.0203816723078,"dmean2":0.0346736721694,"dvar":0.000455442845123,"dvar2":0.00127485534176,"max":0.500000059605,"mean":0.465464234352,"median":0.472533404827,"min":0.0161802787334,"var":0.000801523623522},"dynamic_complexity":4.95042562485,"erbbands":{"dmean":[0.163084879518,1.02888154984,2.27700090408,4.0132894516,7.00141334534,7.97964477539,16.02227211,11.3985719681,17.1351013184,16.8782329559,20.9436779022,32.385761261,25.4717731476,23.0418376923,18.6666107178,21.0907707214,20.0836658478,11.324426651,9.2286567688,7.44576215744,6.37492036819,3.58916640282,3.15751266479,2.71648955345,2.14289903641,1.50895702839,1.04594373703,0.521163523197,0.285231292248,0.163490951061,0.0990918129683,0.061077259481,0.0383055098355,0.0234522037208,0.0144882630557,0.00967479683459,0.0079574463889,0.00870708655566,0.00832495000213,0.00311109633185],"dmean2":[0.266127288342,1.72852683067,3.84617972374,6.55285072327,12.1700115204,13.0980672836,25.4727039337,18.4935264587,27.7747707367,27.6805648804,34.5653419495,53.5628967285,42.1057891846,36.6698379517,29.9001350403,34.2625999451,32.3085174561,18.0424613953,14.6944494247,11.9335489273,10.3138628006,5.58097839355,4.81666564941,4.10107374191,3.20027375221,2.24681591988,1.54467606544,0.762694835663,0.421652823687,0.245106384158,0.152703806758,0.0972145348787,0.0626079440117,0.0388585776091,0.0240845419466,0.015712916851,0.0117391161621,0.0116000501439,0.010797441937,0.00429185060784],"dvar":[0.12437544018,2.95170497894,11.6527719498,57.897190094,123.766708374,355.967315674,2379.27050781,869.424804688,1974.67858887,2167.22290039,2585.21655273,3689.00561523,3901.19262695,3624.53320312,2386.07958984,1709.90930176,1965.18737793,501.810241699,292.421234131,163.618545532,133.544296265,80.6431427002,84.6436920166,70.8435974121,43.2405700684,18.7212505341,11.3587608337,2.11382508278,0.321465611458,0.0840807929635,0.0384990349412,0.0141143118963,0.00536992400885,0.00204137107357,0.000787778466474,0.000309664523229,0.000276461389149,0.000232681282796,0.000268900534138,0.0000143016850416],"dvar2":[0.330026298761,7.88005781174,30.9986553192,133.948455811,349.286102295,791.721069336,5342.42724609,2077.2644043,4732.63525391,5502.13769531,6681.34277344,9716.19238281,10388.4404297,8434.87890625,5628.41992188,4188.46728516,4989.72998047,1265.42675781,720.717529297,406.507720947,344.139038086,191.272781372,191.9349823,154.854827881,94.1764831543,39.1363754272,23.4044532776,4.53331661224,0.686809003353,0.186718344688,0.0872180834413,0.0325856506824,0.0129280956462,0.00512429699302,0.00198565167375,0.000742334523238,0.000579871586524,0.00045314268209,0.000531917321496,0.0000280741314782],"max":[6.83415126801,26.3062896729,73.1059570312,206.286499023,421.667480469,696.358337402,1216.65209961,643.253540039,1476.99328613,1488.5177002,1353.7980957,1375.97961426,1659.17175293,1486.66906738,1225.8581543,774.528259277,1030.32312012,569.509216309,375.022857666,372.853820801,202.252426147,251.321273804,302.718048096,236.9584198,162.094146729,120.582267761,116.088531494,44.9270706177,20.2236156464,6.33627939224,4.25304889679,2.05819702148,1.16990089417,0.799848020077,0.499433577061,0.277993947268,0.410568028688,0.341929107904,0.533823788166,0.0846004262567],"mean":[0.221483021975,1.56609475613,3.26661539078,5.8231921196,9.9214220047,11.6246843338,20.2683410645,15.630821228,23.7358551025,26.1214675903,32.8254508972,56.5610733032,42.7966079712,37.1777114868,30.9006977081,37.1930274963,34.8069992065,20.8637981415,18.0522823334,16.1260318756,13.5123472214,7.32472133636,5.77668237686,4.77000617981,3.73709249496,2.70464992523,1.85390114784,0.996346712112,0.577101230621,0.325983852148,0.176544353366,0.0929933190346,0.0480386428535,0.025158604607,0.0150018641725,0.0123730860651,0.0158101376146,0.0212625656277,0.0216533727944,0.0128486119211],"median":[0.0525423884392,0.566966533661,1.77182912827,2.85167121887,5.97744369507,5.86194992065,5.83032655716,6.21085357666,8.32918167114,8.96763896942,11.9393024445,22.121547699,15.4024028778,11.0981311798,10.0607614517,12.9003257751,11.3540363312,6.88522052765,7.18756771088,5.68275642395,4.32151317596,3.26156616211,2.37633728981,1.80248641968,1.44878649712,1.06979203224,0.764496803284,0.471083909273,0.297654926777,0.168602257967,0.0809214189649,0.0363184884191,0.0148868206888,0.00782289728522,0.00503639690578,0.00435728952289,0.00697483774275,0.0117621524259,0.0136004546657,0.0110134743154],"min":[5.22385679367e-23,5.12098813256e-22,1.12183967392e-21,2.6242650265e-21,7.0104542422e-21,1.59906210089e-20,2.78676857563e-20,5.7229556967e-20,1.01852907248e-19,1.76990090834e-19,2.48840433482e-19,2.26407424516e-19,3.55137045453e-19,7.09186555196e-19,6.79210615472e-19,8.63930024121e-19,1.54290101571e-18,1.46212579492e-18,1.51528217884e-18,2.56686986054e-18,3.1731355537e-18,3.90259056714e-18,4.33021481969e-18,5.54242360556e-18,4.1546018941e-18,7.52250704919e-18,8.72463953443e-18,9.3092304072e-18,1.01559283463e-17,1.10779336356e-17,1.07419700939e-17,9.85185096286e-18,8.38805395292e-18,7.94212915649e-18,5.78811568623e-18,3.85521379756e-18,2.11189426065e-18,9.10746947527e-19,2.2992932692e-19,2.60706181041e-20],"var":[0.152811989188,5.37304115295,20.0409107208,93.6341400146,197.678970337,604.368896484,3565.67602539,1140.16845703,3106.66137695,3662.80200195,3830.18041992,7802.47509766,6549.38671875,6288.73486328,4224.75,3752.84912109,3992.50170898,1114.0871582,728.657836914,499.843719482,374.573699951,157.558074951,141.645065308,117.547080994,69.9072265625,32.8567085266,20.8543891907,3.8978843689,0.715573072433,0.21735624969,0.0831760913134,0.028206018731,0.00849496386945,0.0023068760056,0.000846452021506,0.000478896545246,0.00077956757741,0.000726433005184,0.000727047561668,0.00011956437811]},"erbbands_crest":{"dmean":2.67775917053,"dmean2":4.48259925842,"dvar":6.32272052765,"dvar2":16.7696723938,"max":28.2774810791,"mean":8.5419626236,"median":7.57806921005,"min":2.39536523819,"var":16.9113903046},"erbbands_flatness_db":{"dmean":0.0202920697629,"dmean2":0.0321436934173,"dvar":0.000361867045285,"dvar2":0.000913021212909,"max":0.384530931711,"mean":0.151310652494,"median":0.148849099874,"min":0.0294301006943,"var":0.00193024298642},"erbbands_kurtosis":{"dmean":0.999917328358,"dmean2":1.63694703579,"dvar":1.60153651237,"dvar2":4.18411302567,"max":29.009475708,"mean":0.782037377357,"median":0.332720756531,"min":-1.70129334927,"var":3.28183150291},"erbbands_skewness":{"dmean":0.366494804621,"dmean2":0.583252549171,"dvar":0.110312841833,"dvar2":0.27869400382,"max":5.15424871445,"mean":0.314202189445,"median":0.291775584221,"min":-3.42047691345,"var":0.530251443386},"erbbands_spread":{"dmean":5.77093791962,"dmean2":9.14888858795,"dvar":31.6465339661,"dvar2":75.7667236328,"max":135.577972412,"mean":27.9301204681,"median":24.1940040588,"min":2.25662302971,"var":189.577651978},"gfcc":{"cov":[[43603.7421875,4732.96582031,-3110.29858398,-736.629272461,56.0612335205,-991.741821289,477.607574463,-806.620544434,213.255493164,-391.611358643,-111.941581726,-240.590209961,-94.1535263062],[4732.96582031,1492.88012695,-248.160110474,-372.599975586,6.33884572983,-36.430431366,66.9847640991,-101.144729614,56.0640525818,-56.6663093567,21.8314819336,-87.9994430542,23.3568935394],[-3110.29858398,-248.160110474,550.586914062,177.962738037,-51.5372123718,93.7442092896,-95.9381713867,64.5777206421,-61.8984031677,25.1554527283,-3.29371953011,-2.94601202011,-2.64154291153],[-736.629272461,-372.599975586,177.962738037,354.918701172,93.0683288574,-86.4127578735,47.5501441956,-42.3003387451,-17.3087902069,-8.39289951324,-8.95729351044,27.0692443848,-39.7253875732],[56.0612335205,6.33884572983,-51.5372123718,93.0683288574,204.742721558,-41.24584198,104.398269653,-64.1536865234,51.5326004028,-16.8427715302,13.3714904785,19.0818042755,8.58940601349],[-991.741821289,-36.430431366,93.7442092896,-86.4127578735,-41.24584198,277.65335083,-53.2261047363,122.095466614,-34.8511238098,49.286907196,8.63360214233,-0.199433505535,31.3929691315],[477.607574463,66.9847640991,-95.9381713867,47.5501441956,104.398269653,-53.2261047363,183.15222168,-32.8006744385,58.4308891296,-12.4800863266,10.6949777603,15.539847374,-12.6065921783],[-806.620544434,-101.144729614,64.5777206421,-42.3003387451,-64.1536865234,122.095466614,-32.8006744385,166.198699951,14.7199983597,47.4955940247,1.76405513287,-9.29445171356,25.2319164276],[213.255493164,56.0640525818,-61.8984031677,-17.3087902069,51.5326004028,-34.8511238098,58.4308891296,14.7199983597,113.503044128,25.0207576752,4.24005365372,9.18719959259,-2.03203868866],[-391.611358643,-56.6663093567,25.1554527283,-8.39289951324,-16.8427715302,49.286907196,-12.4800863266,47.4955940247,25.0207576752,79.8190231323,39.9691619873,9.10069847107,5.85645103455],[-111.941581726,21.8314819336,-3.29371953011,-8.95729351044,13.3714904785,8.63360214233,10.6949777603,1.76405513287,4.24005365372,39.9691619873,62.9431304932,25.3643608093,6.49678087234],[-240.590209961,-87.9994430542,-2.94601202011,27.0692443848,19.0818042755,-0.199433505535,15.539847374,-9.29445171356,9.18719959259,9.10069847107,25.3643608093,56.2131958008,15.4209213257],[-94.1535263062,23.3568935394,-2.64154291153,-39.7253875732,8.58940601349,31.3929691315,-12.6065921783,25.2319164276,-2.03203868866,5.85645103455,6.49678087234,15.4209213257,68.0417098999]],"icov":[[0.0000943270861171,-0.000358394085197,0.000637652818114,-0.000628324632999,0.000354318035534,-0.0000549187498109,0.000161586896866,0.0000694014597684,-0.0000159599694598,-0.000044355620048,0.000187330253539,-0.0000184553227882,-0.000114082256914],[-0.000358394085197,0.00284323398955,-0.00253143790178,0.00336074805818,-0.000507025746629,-0.000469288585009,-0.00127134821378,0.00151860062033,-0.00182431912981,0.00267649395391,-0.00396302435547,0.00383975752629,-0.000902942672838],[0.000637652818114,-0.00253143790178,0.00760316569358,-0.00736436247826,0.00391477439553,-0.00215741223656,0.00260701659136,0.000507955672219,-0.00114631210454,0.00108342594467,-0.000681574165355,0.00157185795251,-0.00187589693815],[-0.000628324632999,0.00336074805818,-0.00736436247826,0.0137718170881,-0.00849167536944,0.00521571468562,-0.00303623010404,-0.00266061676666,0.00653967633843,-0.0055289384909,0.00564409000799,-0.00557097885758,0.00621603336185],[0.000354318035534,-0.000507025746629,0.00391477439553,-0.00849167536944,0.0161296799779,-0.00626839511096,-0.00254517397843,0.00827584415674,-0.0112342396751,0.00972508825362,-0.0107503244653,0.009187691845,-0.00905439443886],[-0.0000549187498109,-0.000469288585009,-0.00215741223656,0.00521571468562,-0.00626839511096,0.0101920329034,-0.000245338625973,-0.00764847360551,0.00945956911892,-0.00928247813135,0.00885649584234,-0.00774101307616,0.0039164731279],[0.000161586896866,-0.00127134821378,0.00260701659136,-0.00303623010404,-0.00254517397843,-0.000245338625973,0.0103654162958,-0.00143137888517,-0.00316181918606,0.00277256313711,-0.00182411144488,-0.00161929498427,0.0020824263338],[0.0000694014597684,0.00151860062033,0.000507955672219,-0.00266061676666,0.00827584415674,-0.00764847360551,-0.00143137888517,0.0169596076012,-0.00996470730752,0.00276133860461,-0.00619351584464,0.0106206685305,-0.00838008057326],[-0.0000159599694598,-0.00182431912981,-0.00114631210454,0.00653967633843,-0.0112342396751,0.00945956911892,-0.00316181918606,-0.00996470730752,0.0261042043567,-0.0199791193008,0.0195816028863,-0.0152966976166,0.00863726902753],[-0.000044355620048,0.00267649395391,0.00108342594467,-0.0055289384909,0.00972508825362,-0.00928247813135,0.00277256313711,0.00276133860461,-0.0199791193008,0.0419499501586,-0.0345110446215,0.016864541918,-0.00635565863922],[0.000187330253539,-0.00396302435547,-0.000681574165355,0.00564409000799,-0.0107503244653,0.00885649584234,-0.00182411144488,-0.00619351584464,0.0195816028863,-0.0345110446215,0.0508804395795,-0.0280845481902,0.00918016303331],[-0.0000184553227882,0.00383975752629,0.00157185795251,-0.00557097885758,0.009187691845,-0.00774101307616,-0.00161929498427,0.0106206685305,-0.0152966976166,0.016864541918,-0.0280845481902,0.0421389378607,-0.0151390749961],[-0.000114082256914,-0.000902942672838,-0.00187589693815,0.00621603336185,-0.00905439443886,0.0039164731279,0.0020824263338,-0.00838008057326,0.00863726902753,-0.00635565863922,0.00918016303331,-0.0151390749961,0.024594290182]],"mean":[-63.7088279724,107.875679016,-82.5431976318,-10.1288642883,-13.6575756073,-18.1681518555,-0.158614590764,-17.0633583069,-3.35179328918,-10.0086641312,-8.39212703705,-6.77211761475,-7.78865146637]},"hfc":{"dmean":41.7332878113,"dmean2":67.9005050659,"dvar":3533.70703125,"dvar2":9067.00292969,"max":912.618469238,"mean":121.605300903,"median":102.549758911,"min":1.0565568038e-16,"var":11462.6699219},"melbands":{"dmean":[0.00135855341796,0.00119607534725,0.000730816856958,0.000514029874466,0.000516179949045,0.000275807105936,0.000249161850661,0.000181612878805,0.000177516849362,0.000205079064472,0.000128754662001,0.0000970114488155,0.0000701888930053,0.0000569748481212,0.0000558633619221,0.0000389888045902,0.0000208731144085,0.0000157300110004,0.0000129250593091,0.0000101746236396,0.00000751296465751,0.00000414441365137,0.00000326449821841,0.00000285527676169,0.00000230748628383,0.00000176951300546,0.00000141579766932,9.84819848782e-7,7.4937008776e-7,4.72347352343e-7,2.71417576414e-7,1.81465480864e-7,1.22671096392e-7,8.39255918095e-8,6.16047231006e-8,4.58217321864e-8,3.54347804432e-8,2.79332699193e-8,2.30212009455e-8,1.8765202725e-8],"dmean2":[0.00221469393,0.00201600370929,0.00121990044136,0.000872266362421,0.000816225947347,0.000446075107902,0.000402474572184,0.000297596736345,0.000291980191832,0.000339560734574,0.00021301479137,0.000154669382027,0.000114529444545,0.0000927892324398,0.0000906518325792,0.0000630495123914,0.0000336544253514,0.0000253826274275,0.0000209206100408,0.0000166216177604,0.0000122918554553,0.00000657173632135,0.00000511438793183,0.00000442573673354,0.00000356014879799,0.00000272001830126,0.00000215812201532,0.0000015049661215,0.00000112692725907,7.15097087323e-7,4.07242936262e-7,2.74601944739e-7,1.87267971796e-7,1.28755161199e-7,9.62786472769e-8,7.24611481928e-8,5.7062841563e-8,4.57003466181e-8,3.78038400584e-8,3.12220400644e-8],"dvar":[0.00000707648268872,0.0000031349748042,0.00000155123257173,6.95588482813e-7,0.00000224653945224,5.12515839546e-7,4.02053274229e-7,2.41344849883e-7,1.65328216895e-7,1.46274786061e-7,1.00514576218e-7,6.09057622114e-8,3.95794330643e-8,1.59882418416e-8,1.19872041182e-8,8.02499044994e-9,1.6543687531e-9,9.11774322709e-10,5.8996790786e-10,3.1682689805e-10,1.9285500974e-10,9.6964637708e-11,9.22986756469e-11,6.98663904508e-11,5.15901731057e-11,3.0889742153e-11,1.68845840087e-11,8.05942031862e-12,5.7892740081e-12,2.30419611343e-12,4.89687771669e-13,1.38892139435e-13,5.02346780709e-14,2.27197123284e-14,1.52982129324e-14,8.50357382166e-15,4.71390606399e-15,2.90496894931e-15,1.9285347787e-15,1.33703811911e-15],"dvar2":[0.0000184995733434,0.00000837384050101,0.00000381162976737,0.00000175295224381,0.00000497058044857,0.00000121386426599,9.63776301433e-7,6.17635805611e-7,4.31172168192e-7,3.87943600799e-7,2.67405198429e-7,1.41674377119e-7,9.48770022546e-8,3.83566245432e-8,3.01785227919e-8,2.06096490984e-8,4.24257162734e-9,2.30187002792e-9,1.4434232698e-9,8.39025182664e-10,5.09382924729e-10,2.36663355579e-10,2.20826010255e-10,1.59107393927e-10,1.16651271975e-10,6.94785548538e-11,3.6546588672e-11,1.76871937235e-11,1.22931595459e-11,5.00299367906e-12,1.10617287899e-12,3.06961135113e-13,1.1597560206e-13,5.17366301168e-14,3.55667237198e-14,1.94432601394e-14,1.11350993598e-14,7.01473638697e-15,4.73606232831e-15,3.375836047e-15],"max":[0.0505531094968,0.0322431512177,0.0302131641656,0.0226349569857,0.0416648387909,0.0168221909553,0.0196119770408,0.0138051630929,0.0131933866069,0.00770381791517,0.00837043859065,0.00583032658324,0.0057928445749,0.00353445741348,0.0026134038344,0.0022150198929,0.000915070238989,0.000606815970968,0.00106365350075,0.0002697405871,0.000286012276774,0.000283359579043,0.00028255104553,0.000241180183366,0.000214316547499,0.00017617312551,0.000102840203908,0.0000964865830611,0.0000907614012249,0.0000426911828981,0.0000267463528871,0.0000151411568368,0.00000506358037455,0.00000283191138806,0.00000266156530415,0.00000226955012295,9.51614708811e-7,0.00000102610533759,7.37604011647e-7,6.52909420751e-7],"mean":[0.00209771166556,0.0018886225298,0.00111703597941,0.000773912586737,0.000681650009938,0.000377384159947,0.000358318531653,0.00027801716351,0.000282579363557,0.000355592084816,0.00020578459953,0.000150273917825,0.000105184153654,0.0000940781392273,0.0000954124989221,0.000063971747295,0.0000352476563421,0.0000283331883111,0.0000246285453613,0.0000200477134058,0.0000145831008922,0.00000775340777182,0.00000560071339351,0.00000479377240481,0.00000378305821869,0.00000292372760669,0.00000232272032008,0.00000166107292898,0.0000012569583987,8.07565584182e-7,4.9701310445e-7,3.44382129924e-7,2.36118083308e-7,1.57652351618e-7,1.06367537001e-7,7.33580378665e-8,5.00072729892e-8,3.50363258406e-8,2.60038408584e-8,1.92809679334e-8],"median":[0.000656923570205,0.000979744363576,0.00066221243469,0.000471740320791,0.000207145203603,0.0001472067961,0.000128789979499,0.000091489397164,0.000102439742477,0.000136860617204,0.0000658622739138,0.0000419876159867,0.0000305282592308,0.0000310746399919,0.0000323958520312,0.0000185333919944,0.0000111473709694,0.0000107047562778,0.00000891883701115,0.00000604638080404,0.00000463428386865,0.00000329789418174,0.00000223838219426,0.00000185282192433,0.0000013593080439,0.0000011352343563,8.48473405313e-7,6.538901971e-7,4.92630988447e-7,3.38149106938e-7,2.39165217408e-7,1.74725428792e-7,1.20718425478e-7,7.84344535987e-8,4.82289195247e-8,3.12467633989e-8,1.7636260452e-8,1.06302104896e-8,7.40589634063e-9,6.09201755708e-9],"min":[7.10137911691e-25,6.68208081034e-25,5.02482505736e-25,4.29349627099e-25,1.01107227399e-24,1.09319407473e-24,1.87248442084e-24,1.56598040473e-24,1.87052114327e-24,1.22146729526e-24,1.28435548384e-24,2.41285867687e-24,2.1786638207e-24,1.66124285321e-24,2.78760310559e-24,2.09634204372e-24,2.36773228322e-24,2.21206399421e-24,2.51922158158e-24,3.82572611028e-24,3.23005231036e-24,2.47848263507e-24,2.662455845e-24,3.20767745408e-24,3.31421134439e-24,2.68578305362e-24,3.34812289698e-24,3.94976344357e-24,4.18600322443e-24,4.35036515504e-24,4.53237350968e-24,4.24255114069e-24,5.29123679569e-24,5.07316566477e-24,5.1877690105e-24,5.07168497285e-24,5.78376012971e-24,4.88582461041e-24,5.35166866862e-24,6.66394903965e-24],"var":[0.0000108340254883,0.00000581683161727,0.00000249268259722,0.00000119839228319,0.00000362750643035,6.78673586663e-7,6.48339948839e-7,4.16083480559e-7,2.54647829934e-7,3.03327283291e-7,1.64960553661e-7,1.05764947023e-7,6.26868015274e-8,2.9941624291e-8,2.54165080094e-8,1.50880481442e-8,3.36450978189e-9,1.99696637004e-9,1.3831991108e-9,8.30800817031e-10,4.66297500612e-10,1.80508816228e-10,1.41105294116e-10,1.10556258592e-10,7.96532492742e-11,4.65120268689e-11,2.72369609505e-11,1.29571119459e-11,9.93269268917e-12,3.99859572536e-12,8.33983923587e-13,2.73769342699e-13,1.12299926303e-13,5.54782558597e-14,3.1157469996e-14,1.64106907588e-14,9.01044511356e-15,4.71387175916e-15,2.54192999284e-15,1.4357659501e-15]},"melbands_crest":{"dmean":3.70633411407,"dmean2":6.20467233658,"dvar":9.78202915192,"dvar2":26.5583171844,"max":33.3792114258,"mean":13.6035451889,"median":13.1021995544,"min":1.58662641048,"var":26.5051631927},"melbands_flatness_db":{"dmean":0.0328175276518,"dmean2":0.0520228631794,"dvar":0.000870898133144,"dvar2":0.00222831382416,"max":0.580554008484,"mean":0.253926366568,"median":0.255973666906,"min":0.00261427671649,"var":0.00512362271547},"melbands_kurtosis":{"dmean":6.7368478775,"dmean2":11.0804624557,"dvar":150.856216431,"dvar2":390.783050537,"max":317.872314453,"mean":12.0235118866,"median":5.03572654724,"min":-1.91573345661,"var":417.956298828},"melbands_skewness":{"dmean":0.732687950134,"dmean2":1.1868802309,"dvar":0.531534552574,"dvar2":1.37581467628,"max":14.5187826157,"mean":2.37769031525,"median":2.03265571594,"min":-1.00618863106,"var":2.65147542953},"melbands_spread":{"dmean":5.10354995728,"dmean2":8.21586990356,"dvar":46.1167945862,"dvar2":116.548652649,"max":340.424987793,"mean":19.4841918945,"median":13.8808307648,"min":0.531328380108,"var":854.863952637},"mfcc":{"cov":[[15134.2753906,3741.61450195,-1319.3717041,219.683624268,-307.288574219,205.569000244,-65.2595214844,86.0995101929,85.4627609253,181.218292236,-73.2398300171,76.3963241577,91.2228927612],[3741.61450195,2190.06884766,-157.235824585,-141.986968994,-57.2850456238,73.0334701538,7.64326429367,3.49617695808,39.705745697,53.1362380981,5.21891736984,17.8355865479,44.891242981],[-1319.3717041,-157.235824585,501.312194824,-36.5464096069,76.6615142822,-44.2248382568,25.7827415466,-27.2507019043,-17.7411670685,-31.8489246368,26.1195373535,-15.9572811127,-31.7491378784],[219.683624268,-141.986968994,-36.5464096069,502.894592285,0.725019991398,65.2339248657,-14.0563898087,16.4808177948,-35.903503418,-20.1524047852,-0.735693871975,-18.1085300446,-27.6941223145],[-307.288574219,-57.2850456238,76.6615142822,0.725019991398,120.919593811,24.8977584839,11.8146839142,-3.37807440758,11.6366252899,-10.6122159958,-2.19287753105,-1.52107918262,6.57491493225],[205.569000244,73.0334701538,-44.2248382568,65.2339248657,24.8977584839,127.021179199,36.7865409851,22.9814720154,-5.58347129822,-0.0100155938417,-4.53304195404,2.67207407951,8.02254486084],[-65.2595214844,7.64326429367,25.7827415466,-14.0563898087,11.8146839142,36.7865409851,105.019798279,22.625831604,-0.290579766035,1.09569346905,7.16720294952,-2.96042537689,0.361369132996],[86.0995101929,3.49617695808,-27.2507019043,16.4808177948,-3.37807440758,22.9814720154,22.625831604,73.4466705322,33.2402687073,13.8982830048,-1.24682462215,0.20962138474,-3.17891359329],[85.4627609253,39.705745697,-17.7411670685,-35.903503418,11.6366252899,-5.58347129822,-0.290579766035,33.2402687073,88.8403167725,38.7432556152,-0.901553928852,6.76455593109,18.1802902222],[181.218292236,53.1362380981,-31.8489246368,-20.1524047852,-10.6122159958,-0.0100155938417,1.09569346905,13.8982830048,38.7432556152,64.5751571655,25.4667549133,17.3200855255,12.1779499054],[-73.2398300171,5.21891736984,26.1195373535,-0.735693871975,-2.19287753105,-4.53304195404,7.16720294952,-1.24682462215,-0.901553928852,25.4667549133,64.0619888306,31.978351593,2.60121440887],[76.3963241577,17.8355865479,-15.9572811127,-18.1085300446,-1.52107918262,2.67207407951,-2.96042537689,0.20962138474,6.76455593109,17.3200855255,31.978351593,55.2478408813,26.3602180481],[91.2228927612,44.891242981,-31.7491378784,-27.6941223145,6.57491493225,8.02254486084,0.361369132996,-3.17891359329,18.1802902222,12.1779499054,2.60121440887,26.3602180481,53.1759338379]],"icov":[[0.000167620222783,-0.000271977944067,0.000318048580084,-0.00014344752708,0.0000442642049165,0.0000814534141682,-0.0000378800395993,-0.00000757343696023,0.0000614344753558,-0.000254138431046,0.000362472608685,-0.000353047158569,0.000233759463299],[-0.000271977944067,0.000949235924054,-0.000445534969913,0.00041313021211,0.000235252286075,-0.000612513395026,0.000138867049827,0.000213658349821,-0.000274793303106,0.000234637787798,-0.000716439972166,0.000793875136878,-0.000628749781754],[0.000318048580084,-0.000445534969913,0.00338826305233,-0.000111664034193,-0.00169841758907,0.0012816459639,-0.000942935585044,0.000715691887308,-0.000273494311841,0.0010455820011,-0.00142514100298,0.000213532912312,0.0016790968366],[-0.00014344752708,0.00041313021211,-0.000111664034193,0.00256338366307,0.000059202851844,-0.00162637408357,0.00108407100197,-0.00071468175156,0.000653798808344,0.000640884798486,-0.00126566027757,0.001266481122,0.000417417380959],[0.0000442642049165,0.000235252286075,-0.00169841758907,0.000059202851844,0.0110510215163,-0.00345371058211,-0.0000292029362754,0.00202512810938,-0.00389460264705,0.00293631618842,-0.000451204978162,0.000382236787118,-0.00149017758667],[0.0000814534141682,-0.000612513395026,0.0012816459639,-0.00162637408357,-0.00345371058211,0.0120587870479,-0.00372896390036,-0.00323354592547,0.0033187859226,-0.00158812385052,0.00212025968358,-0.00138659228105,-0.001451981836],[-0.0000378800395993,0.000138867049827,-0.000942935585044,0.00108407100197,-0.0000292029362754,-0.00372896390036,0.0123719787225,-0.00410317303613,0.00155786552932,0.000271665863693,-0.00308016804047,0.00337745505385,-0.001932248706],[-0.00000757343696023,0.000213658349821,0.000715691887308,-0.00071468175156,0.00202512810938,-0.00323354592547,-0.00410317303613,0.0210213810205,-0.0100763989612,0.00116514903493,0.000814193161204,-0.00254926551133,0.00581179792061],[0.0000614344753558,-0.000274793303106,-0.000273494311841,0.000653798808344,-0.00389460264705,0.0033187859226,0.00155786552932,-0.0100763989612,0.0231033973396,-0.0135125266388,0.00528535759076,0.00119636207819,-0.00598419085145],[-0.000254138431046,0.000234637787798,0.0010455820011,0.000640884798486,0.00293631618842,-0.00158812385052,0.000271665863693,0.00116514903493,-0.0135125266388,0.0302850846201,-0.0137992324308,0.00175739929546,-0.00137174129486],[0.000362472608685,-0.000716439972166,-0.00142514100298,-0.00126566027757,-0.000451204978162,0.00212025968358,-0.00308016804047,0.000814193161204,0.00528535759076,-0.0137992324308,0.0325895696878,-0.0204689279199,0.00818426255137],[-0.000353047158569,0.000793875136878,0.000213532912312,0.001266481122,0.000382236787118,-0.00138659228105,0.00337745505385,-0.00254926551133,0.00119636207819,0.00175739929546,-0.0204689279199,0.0390299856663,-0.0184489209205],[0.000233759463299,-0.000628749781754,0.0016790968366,0.000417417380959,-0.00149017758667,-0.001451981836,-0.001932248706,0.00581179792061,-0.00598419085145,-0.00137174129486,0.00818426255137,-0.0184489209205,0.0320242382586]],"mean":[-712.128417969,171.513076782,-12.0210924149,25.3686008453,-1.89660429955,12.8367443085,1.23383581638,4.97513771057,1.63617193699,3.6826004982,0.0700826123357,-0.289481282234,-1.01637947559]},"pitch_salience":{"dmean":0.0752855613828,"dmean2":0.124983035028,"dvar":0.00401725107804,"dvar2":0.011313050054,"max":0.970068275928,"mean":0.610664963722,"median":0.621660351753,"min":0.139879867435,"var":0.0105689959601},"silence_rate_20dB":{"dmean":0,"dmean2":0,"dvar":0,"dvar2":0,"max":1,"mean":1,"median":1,"min":1,"var":0},"silence_rate_30dB":{"dmean":0.0227658022195,"dmean2":0.0455352813005,"dvar":0.0222479496151,"dvar2":0.0550895556808,"max":1,"mean":0.978285431862,"median":1,"min":0,"var":0.0212425403297},"silence_rate_60dB":{"dmean":0.0195366106927,"dmean2":0.0390763767064,"dvar":0.0191547088325,"dvar2":0.0435228720307,"max":1,"mean":0.123425893486,"median":0,"min":0,"var":0.108194805682},"spectral_centroid":{"dmean":181.684509277,"dmean2":283.914611816,"dvar":57401.2304688,"dvar2":117174.070312,"max":11889.3652344,"mean":1103.63330078,"median":749.633911133,"min":151.216522217,"var":2607517.25},"spectral_complexity":{"dmean":2.68636465073,"dmean2":4.14936208725,"dvar":8.76762580872,"dvar2":17.3440170288,"max":58,"mean":15.8926382065,"median":16,"min":0,"var":110.717903137},"spectral_contrast_coeffs":{"dmean":[0.0550192445517,0.0475222915411,0.037007201463,0.0276518650353,0.0193111561239,0.0350282080472],"dmean2":[0.0929519310594,0.080189883709,0.06234684214,0.046279642731,0.0318703614175,0.0550103113055],"dvar":[0.00191149674356,0.00148292025551,0.000914739968721,0.000581583415624,0.000305622234009,0.00102096085902],"dvar2":[0.00548421824351,0.00409085676074,0.00251871324144,0.00157534924801,0.000798388267867,0.00251797353849],"max":[-0.364083409309,-0.488117128611,-0.576750338078,-0.59784001112,-0.690678834915,-0.519218862057],"mean":[-0.675926148891,-0.785037457943,-0.801435410976,-0.825209319592,-0.838208854198,-0.768780708313],"median":[-0.674702048302,-0.787013173103,-0.802481591702,-0.826287269592,-0.835340499878,-0.765154600143],"min":[-0.984059512615,-0.980856657028,-0.995969295502,-0.989260435104,-0.969120383263,-0.965811014175],"var":[0.00816724449396,0.00449812086299,0.00398966483772,0.00243240664713,0.00167856330518,0.004561918322]},"spectral_contrast_valleys":{"dmean":[0.417207568884,0.365135401487,0.322704583406,0.278156131506,0.280273228884,0.576064527035],"dmean2":[0.691802203655,0.598150074482,0.513195037842,0.425451040268,0.400096327066,0.909140586853],"dvar":[0.123010888696,0.0959390252829,0.0844466388226,0.0743452385068,0.0983624309301,0.252335518599],"dvar2":[0.304018497467,0.22299669683,0.180098518729,0.151381209493,0.220516875386,0.653627336025],"max":[-5.05092573166,-4.47524213791,-5.00325536728,-5.59043979645,-5.45495557785,-8.90022182465],"mean":[-7.51623153687,-7.0656170845,-7.54556179047,-8.07022190094,-8.50895118713,-11.7901449203],"median":[-6.81314229965,-6.30023097992,-6.7939453125,-7.41302156448,-7.86224794388,-11.3367729187],"min":[-28.3160419464,-28.2578411102,-27.9342861176,-27.7703475952,-27.5741825104,-27.4107379913],"var":[11.0672111511,11.3675231934,10.888628006,10.3115987778,9.5980796814,6.69613218307]},"spectral_decrease":{"dmean":2.58933718911e-9,"dmean2":4.09052525185e-9,"dvar":1.27805633309e-17,"dvar2":3.05570874578e-17,"max":4.53723858485e-9,"mean":-6.3353775559e-9,"median":-4.40072422947e-9,"min":-5.46507763488e-8,"var":4.66512957908e-17},"spectral_energy":{"dmean":0.01057003811,"dmean2":0.0162269491702,"dvar":0.000215550360736,"dvar2":0.000492955441587,"max":0.225702598691,"mean":0.0349411554635,"median":0.0285172984004,"min":9.91827439969e-21,"var":0.000935640011448},"spectral_energyband_high":{"dmean":0.000117843912449,"dmean2":0.000155097237439,"dvar":4.3103522529e-8,"dvar2":8.32744859736e-8,"max":0.00597733492032,"mean":0.000335020013154,"median":0.000225471856538,"min":6.79307780113e-21,"var":1.44997812868e-7},"spectral_energyband_low":{"dmean":0.0065104230307,"dmean2":0.0105082131922,"dvar":0.000110765286081,"dvar2":0.000280193897197,"max":0.183810174465,"mean":0.0121575687081,"median":0.00605108588934,"min":1.51646928551e-23,"var":0.000229070268688},"spectral_energyband_middle_high":{"dmean":0.00166205363348,"dmean2":0.00246465136297,"dvar":0.00000906515015231,"dvar2":0.0000189941729332,"max":0.0677662566304,"mean":0.00463950959966,"median":0.00210357131436,"min":1.17878689895e-21,"var":0.0000387941836379},"spectral_energyband_middle_low":{"dmean":0.00575206568465,"dmean2":0.00909849442542,"dvar":0.0000830842836876,"dvar2":0.00019086622342,"max":0.205916717649,"mean":0.0140769155696,"median":0.00982654467225,"min":1.27761362611e-22,"var":0.000246063864324},"spectral_entropy":{"dmean":0.17905844748,"dmean2":0.281643420458,"dvar":0.0349022783339,"dvar2":0.0905232280493,"max":9.83281803131,"mean":7.41183519363,"median":7.38622713089,"min":5.25205039978,"var":0.295691788197},"spectral_flux":{"dmean":0.0208531040698,"dmean2":0.0326583944261,"dvar":0.00056837889133,"dvar2":0.00128552783281,"max":0.397400259972,"mean":0.0969843044877,"median":0.0960829034448,"min":6.32246963117e-11,"var":0.00313953123987},"spectral_kurtosis":{"dmean":5.33401632309,"dmean2":8.5020942688,"dvar":74.5876083374,"dvar2":195.022384644,"max":160.197021484,"mean":21.2776756287,"median":18.7757225037,"min":-1.27321517467,"var":149.256118774},"spectral_rms":{"dmean":0.000806894793641,"dmean2":0.00122079602443,"dvar":7.82677716415e-7,"dvar2":0.00000168156964264,"max":0.0148390587419,"mean":0.00514439214021,"median":0.00527463294566,"min":3.11068553728e-12,"var":0.00000762400395615},"spectral_rolloff":{"dmean":3296.09887695,"dmean2":6358.55566406,"dvar":46529756,"dvar2":120640296,"max":22028.4667969,"mean":11005.0605469,"median":4015.94238281,"min":86.1328125,"var":100002288},"spectral_skewness":{"dmean":0.372844576836,"dmean2":0.581456303596,"dvar":0.241789132357,"dvar2":0.623364448547,"max":10.5454883575,"mean":3.15751671791,"median":3.08868694305,"min":-0.125061988831,"var":0.945756077766},"spectral_spread":{"dmean":481705.15625,"dmean2":769484.5,"dvar":376532795392,"dvar2":850513625088,"max":42812692,"mean":4616186,"median":3618477,"min":879872.4375,"var":31236061921300},"spectral_strongpeak":{"dmean":5.05725002289,"dmean2":9.59546661377,"dvar":204.835754395,"dvar2":636.8203125,"max":148.657836914,"mean":3.760222435,"median":0.314055860043,"min":0,"var":151.192672729},"zerocrossingrate":{"dmean":0.0360560640693,"dmean2":0.0488842613995,"dvar":0.00106649787631,"dvar2":0.0020216377452,"max":0.71240234375,"mean":0.275242269039,"median":0.24609375,"min":0.0146484375,"var":0.0162048768252}},"metadata":{"audio_properties":{"analysis_sample_rate":44100,"bit_rate":320000,"codec":"mp3","downmix":"mix","equal_loudness":0,"length":287.609222412,"lossless":false,"md5_encoded":"643fd72e671bde440e7790d670363818","replay_gain":-6.45455741882,"sample_rate":44100},"tags":{"album":["It's Hard"],"albumartist":["The Who"],"albumartistsort":["Who, The"],"artist":["The Who"],"artistsort":["Who, The"],"asin":["B000002P9H"],"date":["1982"],"discnumber":["1/1"],"file_name":"12. The Who - Cry If You Want.mp3","genre":["Classic Rock"],"musicbrainz album release country":["GB"],"musicbrainz album status":["official"],"musicbrainz album type":["album"],"musicbrainz_albumartistid":["9fdaa16b-a6c4-4831-b87c-bc9ca8ce7eaa"],"musicbrainz_albumid":["7c56e172-dd61-41ed-87b7-c31e0aca5233"],"musicbrainz_artistid":["9fdaa16b-a6c4-4831-b87c-bc9ca8ce7eaa"],"musicbrainz_recordingid":["cc048af6-4e93-48f2-8b4b-a32297e4961b"],"originaldate":["1982"],"script":["Latn"],"title":["Cry If You Want"],"tracknumber":["12/12"]},"version":{"essentia":"2.1-beta1","essentia_build_sha":"ca57ba49d9b1854bd80e60cf9ccf267278fb7d6b","essentia_git_sha":"v2.1_beta1-28-g21ef5f4-dirty","extractor":"music 1.0"}},"rhythm":{"beats_count":376,"beats_loudness":{"dmean":0.0252078957856,"dmean2":0.0438224934042,"dvar":0.000685589096975,"dvar2":0.00178088480607,"max":0.15956133604,"mean":0.0451477020979,"median":0.0405656918883,"min":0,"var":0.00121011876035},"beats_loudness_band_ratio":{"dmean":[0.174108296633,0.107659757137,0.0979270190001,0.0699190124869,0.01943510212,0.0909260883927],"dmean2":[0.304138541222,0.195834174752,0.166764780879,0.120836168528,0.0325572378933,0.156414344907],"dvar":[0.0188944004476,0.0143711734563,0.0103526720777,0.00543427281082,0.0003777196398,0.00899983011186],"dvar2":[0.0539626963437,0.0430477485061,0.0303512308747,0.0156731903553,0.00102181220427,0.0235583409667],"max":[0.961149036884,0.800970