{"lowlevel":{"average_loudness":0.883183956146,"barkbands":{"dmean":[0.00537722976878,0.0109071442857,0.00417323037982,0.00120120006613,0.0020227895584,0.00133804103825,0.00085672410205,0.000713515444659,0.00092149223201,0.000587460759562,0.000285710324533,0.000526652380358,0.000387431471609,0.000350439717295,0.000410223728977,0.000219187393668,0.000186181263416,0.000173794294824,0.000127566308947,0.000156727284775,0.000111034511065,0.0000713767221896,0.0000430955515185,0.0000189980764844,0.00000274611124951,0.000026468465876,0.000385442952393],"dmean2":[0.00864414870739,0.0175076741725,0.0067948452197,0.00201614713296,0.00321389338933,0.00209975847974,0.00139991485048,0.00117140961811,0.00151704228483,0.000968256790657,0.000476928049466,0.000881696003489,0.000656267045997,0.00059260573471,0.000678369658999,0.000364745093975,0.00029599267873,0.000269898388069,0.00019121907826,0.000229145676713,0.000156907743076,0.000101288947917,0.0000619310667389,0.000028147811463,0.00000455054396298,0.0000372923423129,0.000585054804105],"dvar":[0.0000734833884053,0.000245490955422,0.0000993123903754,0.00000430233603765,0.0000119256992548,0.00000663332275508,0.00000262878256763,0.00000212625741369,0.00000219436219595,9.96287440103e-7,2.00267791683e-7,5.28925170329e-7,2.93309483368e-7,2.0804507983e-7,5.32787112206e-7,1.10767231831e-7,8.20093433163e-8,1.09212145105e-7,5.88787187894e-8,2.65110685405e-7,1.27090089563e-7,2.4665640197e-8,7.217320519e-9,1.55421819859e-9,1.74777050471e-11,3.12898862376e-9,2.3537376137e-7],"dvar2":[0.000179501861567,0.000644620507956,0.000236179213971,0.0000112211228043,0.000028014434065,0.0000141964319482,0.00000658399176245,0.00000535770686838,0.00000538855738341,0.00000255232362179,5.25816346908e-7,0.00000138089819757,7.95964183453e-7,5.67186361877e-7,0.00000140329598253,2.99563026829e-7,2.0096256037e-7,2.61561666548e-7,1.27432087993e-7,5.09548442551e-7,2.51794403994e-7,4.70855603396e-8,1.46418077662e-8,3.30238481006e-9,4.44539474675e-11,6.58486110083e-9,5.26306337179e-7],"max":[0.115322642028,0.20664191246,0.128121629357,0.0402053147554,0.0593353137374,0.0571524240077,0.0390993058681,0.0314464680851,0.0279469825327,0.0201283860952,0.012091813609,0.0230673290789,0.0100926402956,0.0062180259265,0.0180612076074,0.0057155569084,0.00717232469469,0.00861686095595,0.00575057324022,0.0252666901797,0.0107866805047,0.00637151580304,0.00148813577835,0.000601119827479,0.0000517474509252,0.00111719814595,0.0122400233522],"mean":[0.00996484886855,0.0197017099708,0.00464722746983,0.00155954924412,0.00325264409184,0.00224206806161,0.00132705760188,0.00111777347047,0.00164224475157,0.00095780211268,0.000479417707538,0.000987894833088,0.000696615083143,0.000666411186103,0.000789000943769,0.00045186872012,0.000387004925869,0.000351698341547,0.000266764516709,0.00029752383125,0.000224996038014,0.000141803364386,0.0000802304493845,0.0000339780199283,0.00000300303872791,0.0000521667898283,0.00145335309207],"median":[0.00712835416198,0.013335253112,0.00161321402993,0.00070669897832,0.00167029013392,0.0012329025194,0.000723868783098,0.000634439580608,0.000999148120172,0.000567257287912,0.000326500914525,0.000729155086447,0.00050486472901,0.000531162484549,0.000531867146492,0.000329392409185,0.000242070484092,0.000157203656272,0.00011537699902,0.000117726063763,0.000106537387182,0.0000654138275422,0.0000314550052281,0.0000128592182591,0.00000136577978083,0.0000219639077841,0.00136760028545],"min":[4.91723505243e-15,3.64239540967e-15,6.93623157347e-16,1.37400364278e-16,1.24179265232e-15,2.56791061092e-15,3.12878364134e-15,9.25480691906e-16,1.12649315111e-15,3.53906691923e-15,2.20254697253e-15,2.61352269985e-15,9.1760773242e-15,3.83359107466e-15,1.10230902639e-14,6.50766223068e-15,4.40360486113e-15,9.27197924152e-15,1.85172312054e-14,1.33417760414e-14,2.11216559244e-14,2.50986094429e-14,3.11577071652e-14,4.06309338117e-14,6.30441743732e-14,7.73353887981e-14,1.16015487148e-13],"var":[0.000124696438434,0.000431267049862,0.000105558501673,0.00000635749074718,0.0000219709927478,0.0000134161391543,0.00000437616790805,0.00000325730252371,0.00000445948535344,0.00000184666782843,3.33696448251e-7,0.00000103274896901,5.31256432623e-7,4.1288325292e-7,0.00000109216910005,2.53152933283e-7,2.27018048804e-7,2.81199930896e-7,1.71615837985e-7,5.26443898252e-7,2.41679174451e-7,5.66777167421e-8,1.64947611125e-8,3.10285552807e-9,1.98953492569e-11,6.53882548107e-9,0.0000016196274828]},"barkbands_crest":{"dmean":2.70275425911,"dmean2":4.33032846451,"dvar":5.30046319962,"dvar2":13.5666217804,"max":24.1583633423,"mean":11.034573555,"median":10.7383089066,"min":2.33744001389,"var":17.8336219788},"barkbands_flatness_db":{"dmean":0.0239141173661,"dmean2":0.0360307097435,"dvar":0.000482472561998,"dvar2":0.00114386621863,"max":0.656282782555,"mean":0.148376256227,"median":0.124858349562,"min":0.0254547223449,"var":0.00881956610829},"barkbands_kurtosis":{"dmean":7.61437034607,"dmean2":11.7932634354,"dvar":406.403289795,"dvar2":932.194763184,"max":620.640808105,"mean":24.7275085449,"median":5.45504903793,"min":-1.77942180634,"var":5214.54345703},"barkbands_skewness":{"dmean":0.678909301758,"dmean2":1.05400538445,"dvar":0.60910820961,"dvar2":1.4659807682,"max":18.8436508179,"mean":2.77474880219,"median":2.20145249367,"min":-2.05181694031,"var":5.54188632965},"barkbands_spread":{"dmean":7.35444641113,"dmean2":11.290348053,"dvar":59.8638534546,"dvar2":137.580718994,"max":127.061088562,"mean":29.9509792328,"median":28.051990509,"min":0.240448981524,"var":357.65725708},"dissonance":{"dmean":0.0146191203967,"dmean2":0.0245942287147,"dvar":0.000238916938542,"dvar2":0.000643508217763,"max":0.500000178814,"mean":0.476132631302,"median":0.482433825731,"min":0.27335241437,"var":0.000487895391416},"dynamic_complexity":3.32262706757,"erbbands":{"dmean":[0.584202408791,1.67386341095,4.40083646774,4.15430450439,5.57684755325,7.20143556595,7.43296670914,13.3980798721,13.2539310455,12.4463567734,16.3209590912,23.0406265259,15.3169975281,18.3930549622,11.7495708466,22.6980381012,18.2771072388,15.1009054184,21.3749637604,15.3331375122,10.5873241425,9.9879026413,9.62893867493,7.65869617462,6.56806516647,7.02178859711,5.27630519867,3.91653728485,2.65399694443,1.94113862514,1.1291911602,0.61292719841,0.194321468472,0.0376702174544,0.0196871813387,0.031051421538,0.059760492295,0.0488296821713,0.0190115012228,0.00792740937322],"dmean2":[0.944014847279,2.70341682434,7.17183494568,6.86925172806,8.91002368927,11.7794761658,11.8832931519,20.9749202728,21.5023212433,20.4161682129,27.0885925293,37.7703475952,25.4901237488,30.458694458,19.5751628876,38.0700950623,30.9094676971,25.5071125031,35.5324859619,25.1227645874,17.5530395508,15.7653093338,15.0195121765,11.6024770737,9.67182445526,10.2326898575,7.48343753815,5.61956357956,3.7641992569,2.76650977135,1.61999213696,0.904255390167,0.292491227388,0.0608541034162,0.0324809849262,0.047379553318,0.0847539827228,0.0665501058102,0.0244412105531,0.0119967721403],"dvar":[0.80037355423,5.67670583725,97.6755752563,57.808883667,125.236747742,176.423019409,259.243835449,672.88885498,706.945251465,832.496887207,935.334472656,1487.91430664,768.525268555,1086.73742676,286.775787354,974.349609375,653.928833008,385.156097412,1165.6505127,599.881286621,265.719665527,226.363250732,325.1065979,215.725494385,218.664093018,596.504394531,375.633483887,123.7552948,36.0730323792,16.8908233643,5.02117824554,1.66411697865,0.1466101408,0.00298945768736,0.000881460146047,0.00311293918639,0.0152578121051,0.01162606664,0.0020957251545,0.0000928087174543],"dvar2":[2.15084505081,14.3405914307,232.706665039,145.665847778,290.913452148,430.113433838,588.698852539,1424.25219727,1667.76159668,2105.61743164,2422.87695312,3650.20678711,1935.5300293,2773.88793945,744.862670898,2537.2331543,1747.94787598,1067.82458496,3050.20703125,1570.26208496,696.607177734,538.322998047,782.818664551,462.955078125,453.575164795,1164.73376465,724.354919434,247.384292603,68.9504089355,34.5594139099,10.4551839828,3.50764989853,0.323641300201,0.00735210161656,0.00223637698218,0.00687703117728,0.0310012586415,0.0230075325817,0.00331520335749,0.000208768469747],"max":[12.8168487549,50.0174484253,122.19708252,104.032089233,263.157440186,322.331512451,342.212677002,590.629821777,884.667114258,868.575622559,749.343688965,785.91204834,577.739929199,740.990966797,438.04788208,600.831298828,520.446228027,235.662216187,753.140258789,477.196502686,346.071350098,308.353729248,436.926208496,343.761199951,460.268432617,1242.36450195,825.968322754,384.196472168,234.906341553,93.5379867554,44.700138092,21.8511238098,5.68617916107,0.846109867096,0.38462010026,0.896193921566,1.84662473202,2.27824926376,1.89721119404,0.282722651958],"mean":[1.03377366066,2.69315600395,5.34038925171,5.51333618164,8.26922893524,10.7270269394,11.4341230392,22.0824146271,20.8644237518,20.1608943939,27.350976944,40.4840812683,26.1309261322,31.0823535919,22.9923534393,43.5606498718,35.3813705444,31.2822647095,43.2345428467,32.926322937,23.9184169769,21.8629741669,20.3044967651,15.9905996323,13.4653329849,13.6183567047,10.3626909256,7.82579565048,5.29258489609,3.63039827347,2.07859015465,1.10760247707,0.344744980335,0.0536357685924,0.0233680196106,0.0551482401788,0.117683343589,0.10513805598,0.0559089109302,0.0426065139472],"median":[0.638452351093,1.69525659084,2.29877448082,2.68670725822,3.62500739098,5.53169059753,5.73563241959,11.7466392517,11.7693634033,10.8558778763,16.6161079407,24.1082439423,16.813955307,19.2644748688,17.3948097229,32.0941162109,26.5759391785,25.8559970856,31.469575882,23.4696540833,17.7128505707,13.9029312134,9.76434516907,6.93885564804,5.70197868347,5.6591553688,4.64477348328,3.73164558411,2.47365617752,1.46687018871,0.834882199764,0.401079177856,0.144563093781,0.0301747992635,0.0122275808826,0.0275113768876,0.0480140633881,0.0498144365847,0.0335284620523,0.0445116981864],"min":[1.81398529552e-13,5.62465764069e-13,8.75376539918e-13,6.87223607014e-13,8.45352596517e-13,5.03945626548e-12,1.34695570669e-11,2.3238532626e-11,3.94156478289e-11,3.89082828456e-11,2.10809668333e-11,2.47110647916e-11,5.21397508502e-11,1.58654839266e-10,8.57071150162e-11,1.09268039061e-10,3.92752802503e-10,3.10093506428e-10,5.33557420468e-10,2.63059074523e-10,4.40687764058e-10,2.71423550302e-10,5.24464249807e-10,1.01657382512e-9,6.59438059714e-10,6.97585655907e-10,8.16157419425e-10,9.25099330473e-10,8.17811707243e-10,9.09160469131e-10,9.68396252077e-10,7.52314655017e-10,7.17154169383e-10,6.49949039033e-10,4.17006457143e-10,2.7348504017e-10,1.53442647477e-10,6.33487498569e-11,1.60686550871e-11,1.70149354675e-12],"var":[1.32815444469,9.61095714569,106.498565674,70.3366699219,219.126098633,267.158905029,394.196289062,1448.67089844,1171.99462891,1247.73376465,1513.04772949,2891.19604492,1301.31945801,1975.92578125,557.410949707,1926.13964844,1253.8684082,802.867004395,2559.96386719,1498.05224609,696.834594727,682.533203125,848.872070312,642.806274414,563.635559082,1122.85766602,680.666320801,241.69367981,81.6994781494,36.3637619019,10.9682722092,3.36669421196,0.282094866037,0.00443020882085,0.00103962386493,0.00598403904587,0.033855009824,0.0269258022308,0.00704723456874,0.0010036486201]},"erbbands_crest":{"dmean":2.03271770477,"dmean2":3.33219861984,"dvar":3.69492387772,"dvar2":8.99075889587,"max":28.3513278961,"mean":7.37049388885,"median":6.39587974548,"min":2.43543291092,"var":12.441368103},"erbbands_flatness_db":{"dmean":0.0166267585009,"dmean2":0.0247542411089,"dvar":0.000267614581389,"dvar2":0.000567807059269,"max":0.309473186731,"mean":0.123525127769,"median":0.118100970984,"min":0.0367005318403,"var":0.00129191321321},"erbbands_kurtosis":{"dmean":1.05601966381,"dmean2":1.62779009342,"dvar":11.4076595306,"dvar2":25.7875938416,"max":97.7896118164,"mean":0.988757133484,"median":0.22700959444,"min":-1.70680332184,"var":18.768573761},"erbbands_skewness":{"dmean":0.316032111645,"dmean2":0.485716551542,"dvar":0.132001012564,"dvar2":0.284771829844,"max":8.66179275513,"mean":0.237323835492,"median":0.100185990334,"min":-2.72741246223,"var":0.811708211899},"erbbands_spread":{"dmean":6.35902833939,"dmean2":9.66533470154,"dvar":41.4528388977,"dvar2":86.1795425415,"max":177.390838623,"mean":32.6185073853,"median":30.9169979095,"min":3.73170518875,"var":197.092941284},"gfcc":{"cov":[[18940.4121094,-592.492858887,-2514.82177734,-282.574432373,-412.044677734,-905.575073242,-8.60945224762,-692.508422852,91.5981674194,-353.724914551,-338.199798584,-68.8408966064,-563.739257812],[-592.492858887,763.808837891,164.899185181,-267.531036377,16.2011089325,-55.4715080261,-17.0871620178,-65.6377182007,-34.0012435913,10.1271095276,55.6011962891,-59.9120407104,99.7203140259],[-2514.82177734,164.899185181,632.288757324,86.8285140991,28.1652832031,224.579360962,-28.6037731171,132.612197876,-23.3073997498,52.0616378784,36.8791656494,20.0120277405,93.6634521484],[-282.574432373,-267.531036377,86.8285140991,365.840454102,120.465019226,47.6830444336,66.7677764893,76.1080169678,23.4661903381,12.7221412659,-12.0623378754,43.1343078613,-18.0001544952],[-412.044677734,16.2011089325,28.1652832031,120.465019226,269.72845459,67.920539856,64.8598709106,50.4438323975,38.1271362305,-15.6599607468,20.5483150482,-6.53893613815,44.0490188599],[-905.575073242,-55.4715080261,224.579360962,47.6830444336,67.920539856,218.219085693,14.9100465775,88.401550293,9.23031616211,14.9564638138,7.04326057434,23.8044662476,31.3247871399],[-8.60945224762,-17.0871620178,-28.6037731171,66.7677764893,64.8598709106,14.9100465775,118.874053955,10.0158195496,37.2080345154,-6.88948392868,-3.05230164528,13.4857711792,4.97060060501],[-692.508422852,-65.6377182007,132.612197876,76.1080169678,50.4438323975,88.401550293,10.0158195496,136.504196167,29.6309623718,32.6667976379,20.0492019653,15.237654686,27.0337581635],[91.5981674194,-34.0012435913,-23.3073997498,23.4661903381,38.1271362305,9.23031616211,37.2080345154,29.6309623718,91.591545105,21.3021411896,10.9463291168,18.9825725555,-8.573179245],[-353.724914551,10.1271095276,52.0616378784,12.7221412659,-15.6599607468,14.9564638138,-6.88948392868,32.6667976379,21.3021411896,76.6386108398,40.3048934937,17.8109340668,20.119146347],[-338.199798584,55.6011962891,36.8791656494,-12.0623378754,20.5483150482,7.04326057434,-3.05230164528,20.0492019653,10.9463291168,40.3048934937,65.4536056519,25.6506271362,26.070104599],[-68.8408966064,-59.9120407104,20.0120277405,43.1343078613,-6.53893613815,23.8044662476,13.4857711792,15.237654686,18.9825725555,17.8109340668,25.6506271362,60.7578048706,11.3035402298],[-563.739257812,99.7203140259,93.6634521484,-18.0001544952,44.0490188599,31.3247871399,4.97060060501,27.0337581635,-8.573179245,20.119146347,26.070104599,11.3035402298,86.4319610596]],"icov":[[0.000145135025377,-0.000212037484744,0.000672928639688,-0.000300283747492,0.000275408994639,-0.000256600556895,0.000311464740662,0.000131110369693,-0.000291601900244,0.000304498593323,0.000286910915747,-0.000168203216163,0.000128863932332],[-0.000212037484744,0.00405878014863,-0.00352593138814,0.00362220220268,-0.00213739508763,0.00325376703404,-0.00221150484867,0.00150234985631,0.000772925210185,-0.000951213878579,-0.00196842383593,0.00207175593823,-0.00130227021873],[0.000672928639688,-0.00352593138814,0.00881704222411,-0.00592745980248,0.00524952495471,-0.00736840628088,0.00392246060073,-0.000698193034623,-0.00245053484105,0.00344780483283,-0.0013457571622,0.00227961945347,-0.00328201334924],[-0.000300283747492,0.00362220220268,-0.00592745980248,0.0114594837651,-0.00872557796538,0.00744715658948,-0.00475181592628,-0.00262144813314,0.00631725927815,-0.00791821349412,0.00817844364792,-0.00945794396102,0.00675319088623],[0.000275408994639,-0.00213739508763,0.00524952495471,-0.00872557796538,0.0135412570089,-0.0078121740371,0.00113556382712,0.00130675709806,-0.00788127165288,0.0112464604899,-0.0119250481948,0.012525129132,-0.00922821834683],[-0.000256600556895,0.00325376703404,-0.00736840628088,0.00744715658948,-0.0078121740371,0.0147679625079,-0.00361731136218,-0.0039637745358,0.00483558420092,-0.00541935581714,0.00735001638532,-0.00869896821678,0.00484695378691],[0.000311464740662,-0.00221150484867,0.00392246060073,-0.00475181592628,0.00113556382712,-0.00361731136218,0.0137754958123,0.00120173010509,-0.0060876510106,0.00363836297765,0.000783729832619,-0.000557625025976,-0.00270729186013],[0.000131110369693,0.00150234985631,-0.000698193034623,-0.00262144813314,0.00130675709806,-0.0039637745358,0.00120173010509,0.0150241097435,-0.00566600495949,-0.0000520863068232,-0.00478718569502,0.00603492977098,-0.00456039467826],[-0.000291601900244,0.000772925210185,-0.00245053484105,0.00631725927815,-0.00788127165288,0.00483558420092,-0.0060876510106,-0.00566600495949,0.0213643629104,-0.0114798247814,0.00811120960861,-0.0117066511884,0.00943963322788],[0.000304498593323,-0.000951213878579,0.00344780483283,-0.00791821349412,0.0112464604899,-0.00541935581714,0.00363836297765,-0.0000520863068232,-0.0114798247814,0.0319844894111,-0.0223697386682,0.0118823572993,-0.0096528166905],[0.000286910915747,-0.00196842383593,-0.0013457571622,0.00817844364792,-0.0119250481948,0.00735001638532,0.000783729832619,-0.00478718569502,0.00811120960861,-0.0223697386682,0.0446987226605,-0.0264813024551,0.00816244632006],[-0.000168203216163,0.00207175593823,0.00227961945347,-0.00945794396102,0.012525129132,-0.00869896821678,-0.000557625025976,0.00603492977098,-0.0117066511884,0.0118823572993,-0.0264813024551,0.0416749864817,-0.0144033813849],[0.000128863932332,-0.00130227021873,-0.00328201334924,0.00675319088623,-0.00922821834683,0.00484695378691,-0.00270729186013,-0.00456039467826,0.00943963322788,-0.0096528166905,0.00816244632006,-0.0144033813849,0.026009183377]],"mean":[14.8724117279,86.7496795654,-85.1427383423,3.39194869995,-13.329366684,-9.30393505096,4.75802183151,-16.6930027008,6.0898809433,-3.89295864105,-2.46866321564,-0.312649607658,-6.30994033813]},"hfc":{"dmean":59.6406898499,"dmean2":93.0032730103,"dvar":5148.33398438,"dvar2":12412.8847656,"max":1958.77160645,"mean":287.457855225,"median":276.666900635,"min":5.68580338367e-9,"var":37446.5625},"melbands":{"dmean":[0.00403023278341,0.00209666672163,0.00073233328294,0.00045857517398,0.000270109419944,0.000286728696665,0.000188834615983,0.000135653608595,0.000142238190165,0.000141082244227,0.0000772549319663,0.0000790913109086,0.0000381728532375,0.0000566769413126,0.0000494833475386,0.0000367755492334,0.0000320565741276,0.0000360346202797,0.0000299126932077,0.0000174864708242,0.0000131261595016,0.0000112735533548,0.00000980824825092,0.00000916062435863,0.00000670612598697,0.00000447659431302,0.00000612650774201,0.0000048322172006,0.00000383395081371,0.00000273433943221,0.0000022391272978,0.00000175713455519,0.00000119112155517,0.0000010702470945,7.15325882084e-7,5.33417278348e-7,3.3788361975e-7,1.57472271667e-7,6.2588050298e-8,2.45449296443e-8],"dmean2":[0.00645745592192,0.00339996628463,0.0011960149277,0.000730914704036,0.000431379623478,0.000448150676675,0.000305707246298,0.000222549919272,0.000235062281718,0.000232130449149,0.000128729458083,0.000131107983179,0.0000637159246253,0.0000942813494476,0.0000832644509501,0.0000623023224762,0.0000545109760424,0.0000599589802732,0.0000494883024658,0.0000291223677777,0.0000219479170482,0.0000181595096365,0.000015718231225,0.0000145561980389,0.0000104156160887,0.00000691333798386,0.00000913349686016,0.00000721644391888,0.00000559915133636,0.00000402342902817,0.00000327657403432,0.00000257182068708,0.00000174859883373,0.00000155484644893,0.00000105404569695,7.90437809428e-7,5.11156713401e-7,2.39974980332e-7,9.96636657646e-8,4.07300326799e-8],"dvar":[0.000036003842979,0.0000148635053847,0.00000170466887539,6.49439698464e-7,2.90524326374e-7,3.01030780747e-7,1.35770505949e-7,9.88230581811e-8,6.30342356089e-8,5.4994032439e-8,1.92820106548e-8,2.02058156873e-8,3.16337045447e-9,6.5887477696e-9,4.22129842192e-9,2.8745508196e-9,1.79159553859e-9,2.8915199124e-9,3.38169914293e-9,7.41301242613e-10,4.38443115147e-10,2.86170726005e-10,2.79463202579e-10,3.2195884847e-10,1.71472808175e-10,8.8317256286e-11,2.81648204759e-10,3.07077613337e-10,2.2714133352e-10,8.29371918365e-11,3.33407086661e-11,1.56379180438e-11,7.08882735498e-12,4.92780686048e-12,2.04420183038e-12,1.25463344141e-12,5.0661157127e-13,9.89243070597e-14,1.26909438768e-14,1.45659025511e-15],"dvar2":[0.000094778224593,0.0000358453617082,0.00000416799503,0.00000151899587308,6.6770093099e-7,6.36452966774e-7,3.22827247601e-7,2.47587308877e-7,1.62746019328e-7,1.34931823936e-7,4.87043188002e-8,5.16898523983e-8,8.38642666423e-9,1.69597438315e-8,1.14358220671e-8,7.75000419395e-9,4.98627761303e-9,7.66762386917e-9,9.07314490206e-9,2.01046290726e-9,1.1698975122e-9,7.04288460884e-10,6.7526623182e-10,7.89414367208e-10,3.85382226131e-10,2.06427056004e-10,5.8883331544e-10,6.24920004633e-10,4.65409072392e-10,1.78342104973e-10,6.64380842008e-11,3.14316836447e-11,1.53761291893e-11,1.01391872329e-11,4.41333601608e-12,2.73964097935e-12,1.11201748764e-12,2.25584565676e-13,3.02741908148e-14,3.71265171045e-15],"max":[0.0849281176925,0.046889398247,0.0171390660107,0.0147965420038,0.0137088513002,0.0129330027848,0.011821786873,0.00842821225524,0.00581251829863,0.00531264860183,0.00307220220566,0.00290679582395,0.00108432513662,0.00330883171409,0.00105920131318,0.00113976432476,0.000492017483339,0.00113678805064,0.00167889031582,0.000573685858399,0.000544166658074,0.000309180759359,0.000357972981874,0.000469016784336,0.000292712793453,0.000263742695097,0.000594013603404,0.000874922960065,0.000732038810384,0.000335825083312,0.000180635790457,0.00013234630751,0.000116236165923,0.0000389612650906,0.0000247219177254,0.0000268014464382,0.0000107404348455,0.00000463610649604,0.00000217418551074,4.7714070206e-7],"mean":[0.0077166268602,0.00299859629013,0.00104172760621,0.000713596877176,0.000426790677011,0.000484831864014,0.000302304251818,0.000218427172513,0.000240976019995,0.000244105569436,0.00012597044406,0.000128432671772,0.0000679577351548,0.000105229584733,0.0000980367622105,0.0000645639447612,0.0000587146168982,0.0000695488779456,0.0000567136339669,0.0000344113286701,0.0000265459621005,0.0000227078235184,0.0000195148659259,0.0000171508127096,0.0000126455706777,0.00000884362816578,0.0000107876976472,0.00000862258912093,0.00000687097735863,0.00000522994832863,0.00000420867627327,0.00000321861057273,0.00000224499990509,0.00000189307922938,0.00000125498502257,9.07933952021e-7,5.77924311074e-7,2.68818325821e-7,9.68455537986e-8,2.61261625667e-8],"median":[0.00531812384725,0.00171869224869,0.000544965092558,0.000366586347809,0.000219100169488,0.000268725969363,0.000171667343238,0.000118998010294,0.000144741134136,0.000144829522469,0.0000788312900113,0.0000761245391914,0.0000486148674099,0.0000771840714151,0.0000743147465982,0.0000460966293758,0.0000460223782284,0.0000502063048771,0.0000370884990843,0.0000246172367042,0.0000185982571566,0.0000145127742144,0.00000997857478069,0.00000753975518819,0.0000052262198551,0.00000362144487553,0.00000403130843551,0.00000352457573172,0.00000291437140731,0.00000242681926466,0.00000191700155483,0.00000145532385432,0.00000101760736015,7.07859840077e-7,5.00547173488e-7,3.27512822196e-7,2.02398354077e-7,1.10245544249e-7,4.6965432432e-8,1.13855760375e-8],"min":[1.55171734904e-15,5.59339953725e-16,1.11599515711e-16,1.85976750891e-16,4.35798848409e-16,5.21136226705e-16,6.24479116709e-16,3.71435938181e-16,1.73956598981e-16,1.51445930784e-16,2.65978509833e-16,6.57986787191e-16,2.71434169637e-16,3.49319113835e-16,3.05162730429e-16,1.10082106479e-15,4.47989002479e-16,7.31340899214e-16,7.48898409903e-16,1.67012517e-16,6.185401452e-16,2.49257047133e-16,3.22823393849e-16,5.31123539246e-16,9.20112408845e-16,3.80409166996e-16,4.22792895732e-16,5.03564634093e-16,4.40585590413e-16,5.55340793543e-16,5.29538846481e-16,4.95042265034e-16,4.56290719455e-16,5.02090479128e-16,5.82348809644e-16,4.17753367333e-16,5.05961578515e-16,5.67802659901e-16,3.94482566475e-16,6.21596822408e-16],"var":[0.0000632105584373,0.000018144817659,0.00000225379676522,0.00000117341312489,4.76737795907e-7,6.43065334316e-7,2.34265698396e-7,1.48313048953e-7,1.08826249345e-7,1.0539230999e-7,3.20381232655e-8,3.57278437946e-8,5.56191537271e-9,1.24091936726e-8,8.7834273188e-9,5.04381381106e-9,3.21962012606e-9,6.24441787167e-9,6.40962349863e-9,1.55248103262e-9,9.82682824002e-10,7.58487994634e-10,7.09049652325e-10,7.21445292395e-10,4.42474612505e-10,2.1586704646e-10,5.87036363964e-10,5.21822141053e-10,3.66107727467e-10,1.41487002669e-10,6.60338519975e-11,3.27891672147e-11,1.36982014273e-11,1.04857789118e-11,4.20057435016e-12,2.32378764668e-12,9.589153473e-13,1.78375882316e-13,2.00250701302e-14,1.61959359312e-15]},"melbands_crest":{"dmean":4.24531984329,"dmean2":6.91675806046,"dvar":16.2619762421,"dvar2":41.7786178589,"max":39.4113121033,"mean":20.6164188385,"median":19.9216442108,"min":3.14267301559,"var":74.3596420288},"melbands_flatness_db":{"dmean":0.0306490082294,"dmean2":0.0459511615336,"dvar":0.000734945875593,"dvar2":0.00169730070047,"max":0.810002744198,"mean":0.254880189896,"median":0.233284503222,"min":0.00953470077366,"var":0.0115767121315},"melbands_kurtosis":{"dmean":37.6522636414,"dmean2":54.8630523682,"dvar":58382.6445312,"dvar2":122687.015625,"max":12019.7412109,"mean":99.3267822266,"median":9.26566314697,"min":-1.73323130608,"var":264015.09375},"melbands_skewness":{"dmean":1.07128369808,"dmean2":1.62134861946,"dvar":3.15531611443,"dvar2":6.49739217758,"max":80.611831665,"mean":4.12236785889,"median":2.75958132744,"min":-1.22884476185,"var":35.2356071472},"melbands_spread":{"dmean":5.41911172867,"dmean2":8.32622814178,"dvar":44.0801811218,"dvar2":93.3160934448,"max":163.052246094,"mean":17.5478610992,"median":14.8130340576,"min":0.026448328048,"var":178.538452148},"mfcc":{"cov":[[12750.1064453,303.51184082,-1686.8046875,345.57144165,-720.545288086,55.1739501953,-702.178466797,92.9503250122,-429.651306152,152.363296509,-317.916809082,19.4584884644,-339.983734131],[303.51184082,1164.59985352,-2.17395091057,-200.85484314,-68.5071640015,-69.686706543,-22.3697986603,-176.914413452,-23.1879405975,-127.562637329,6.38772726059,-36.8628158569,11.3892726898],[-1686.8046875,-2.17395091057,583.925048828,-87.0130233765,93.1300811768,8.52659320831,87.8164978027,-3.33389258385,52.8826179504,-26.5309391022,37.4976997375,0.938503980637,36.852268219],[345.57144165,-200.85484314,-87.0130233765,315.520782471,31.7196235657,37.9796180725,20.0945224762,52.5794677734,13.3980035782,40.0075378418,-3.51538729668,2.99779248238,-4.22608852386],[-720.545288086,-68.5071640015,93.1300811768,31.7196235657,232.35357666,34.1612014771,94.0368728638,47.0012512207,63.0332641602,22.2804222107,32.5774421692,-9.87695121765,32.1381034851],[55.1739501953,-69.686706543,8.52659320831,37.9796180725,34.1612014771,118.42098999,28.5316333771,57.0053977966,19.154499054,25.4496326447,-15.6209373474,7.15390110016,-4.97121095657],[-702.178466797,-22.3697986603,87.8164978027,20.0945224762,94.0368728638,28.5316333771,131.330764771,24.7930030823,54.865650177,-8.28693199158,20.3005199432,-14.2095546722,28.591835022],[92.9503250122,-176.914413452,-3.33389258385,52.5794677734,47.0012512207,57.0053977966,24.7930030823,131.8230896,31.5087661743,55.4801254272,-8.67606544495,8.09287071228,-11.0071182251],[-429.651306152,-23.1879405975,52.8826179504,13.3980035782,63.0332641602,19.154499054,54.865650177,31.5087661743,96.2947845459,19.9102134705,24.0901050568,-4.47218942642,21.5004520416],[152.363296509,-127.562637329,-26.5309391022,40.0075378418,22.2804222107,25.4496326447,-8.28693199158,55.4801254272,19.9102134705,80.1353149414,5.67926979065,13.0137681961,-10.4404468536],[-317.916809082,6.38772726059,37.4976997375,-3.51538729668,32.5774421692,-15.6209373474,20.3005199432,-8.67606544495,24.0901050568,5.67926979065,71.7085342407,22.5624084473,25.9994602203],[19.4584884644,-36.8628158569,0.938503980637,2.99779248238,-9.87695121765,7.15390110016,-14.2095546722,8.09287071228,-4.47218942642,13.0137681961,22.5624084473,57.4535675049,17.6021404266],[-339.983734131,11.3892726898,36.852268219,-4.22608852386,32.1381034851,-4.97121095657,28.591835022,-11.0071182251,21.5004520416,-10.4404468536,25.9994602203,17.6021404266,56.4712295532]],"icov":[[0.000210737460293,-0.000138298142701,0.000395850598579,-0.000178050191607,0.000189938713447,-0.000162285286933,0.000584500608966,-0.000322857289575,0.00030484268791,-0.000163527191035,0.000213220861042,-0.0000321021507261,0.000309275405016],[-0.000138298142701,0.00133531051688,-0.0000905121196411,0.000653388153296,-0.000105028280814,-0.000171399835381,-0.000196444278117,0.0013358091237,-0.000687599182129,0.00129061518237,-0.000431345717516,0.000472620886285,-0.0000377734504582],[0.000395850598579,-0.0000905121196411,0.00288247992285,0.000372823473299,-0.0000831100915093,-0.000452410895377,0.000214579209569,-0.000441573007265,0.0000407089937653,0.000493508938234,-0.0000456104171462,-0.000367412692867,0.000572324905079],[-0.000178050191607,0.000653388153296,0.000372823473299,0.004093864467,-0.000337645382388,-0.00047340922174,-0.001210698043,0.000139100040542,-0.000181596216862,-0.000539111846592,-0.000292632379569,0.000265258480795,-0.000328558555339],[0.000189938713447,-0.000105028280814,-0.0000831100915093,-0.000337645382388,0.00739287119359,-0.000844991533086,-0.0026691283565,-0.00151417672168,-0.00024029618362,-0.0019380573649,-0.00187518808525,0.00266770739108,-0.00226678210311],[-0.000162285286933,-0.000171399835381,-0.000452410895377,-0.00047340922174,-0.000844991533086,0.0122764017433,-0.00301000894979,-0.00314370007254,-0.000901773339137,-0.000958966673352,0.00418934319168,-0.00387503323145,0.00123527995311],[0.000584500608966,-0.000196444278117,0.000214579209569,-0.001210698043,-0.0026691283565,-0.00301000894979,0.0169879067689,-0.00286959554069,-0.00338104902767,0.00450264057145,-0.00170205533504,0.00459460960701,-0.00310722924769],[-0.000322857289575,0.0013358091237,-0.000441573007265,0.000139100040542,-0.00151417672168,-0.00314370007254,-0.00286959554069,0.0157622788101,-0.00301197147928,-0.0059071672149,0.00269713974558,-0.00265716924332,0.00283671333455],[0.00030484268791,-0.000687599182129,0.0000407089937653,-0.000181596216862,-0.00024029618362,-0.000901773339137,-0.00338104902767,-0.00301197147928,0.0179142188281,-0.00495758326724,-0.00353084527887,0.00436166115105,-0.004355058074],[-0.000163527191035,0.00129061518237,0.000493508938234,-0.000539111846592,-0.0019380573649,-0.000958966673352,0.00450264057145,-0.0059071672149,-0.00495758326724,0.0232641845942,-0.00332617317326,-0.00314806890674,0.00468146009371],[0.000213220861042,-0.000431345717516,-0.0000456104171462,-0.000292632379569,-0.00187518808525,0.00418934319168,-0.00170205533504,0.00269713974558,-0.00353084527887,-0.00332617317326,0.0229658540338,-0.00971750728786,-0.00261319987476],[-0.0000321021507261,0.000472620886285,-0.000367412692867,0.000265258480795,0.00266770739108,-0.00387503323145,0.00459460960701,-0.00265716924332,0.00436166115105,-0.00314806890674,-0.00971750728786,0.028522150591,-0.0113915828988],[0.000309275405016,-0.0000377734504582,0.000572324905079,-0.000328558555339,-0.00226678210311,0.00123527995311,-0.00310722924769,0.00283671333455,-0.004355058074,0.00468146009371,-0.00261319987476,-0.0113915828988,0.0299820899963]],"mean":[-645.332092285,147.481445312,-10.8515691757,30.6735897064,-1.24733769894,24.2438583374,-1.06605708599,10.3779649734,1.66985630989,10.4089708328,1.40782403946,8.70592784882,-0.55432498455]},"pitch_salience":{"dmean":0.0732014104724,"dmean2":0.117771789432,"dvar":0.00471923407167,"dvar2":0.0120461583138,"max":0.886227250099,"mean":0.491124004126,"median":0.524029612541,"min":0.0141444727778,"var":0.0263144932687},"silence_rate_20dB":{"dmean":0,"dmean2":0,"dvar":0,"dvar2":0,"max":1,"mean":1,"median":1,"min":1,"var":0},"silence_rate_30dB":{"dmean":0.106857381761,"dmean2":0.213737249374,"dvar":0.0954388827085,"dvar2":0.212862730026,"max":1,"mean":0.877484500408,"median":1,"min":0,"var":0.107505463064},"silence_rate_60dB":{"dmean":0.00168279348873,"dmean2":0.00326075521298,"dvar":0.00167996168602,"dvar2":0.00367086520419,"max":1,"mean":0.033862657845,"median":0,"min":0,"var":0.0327159762383},"spectral_centroid":{"dmean":206.810379028,"dmean2":298.687103271,"dvar":56316.8007812,"dvar2":98827.7109375,"max":4219.68310547,"mean":1226.9197998,"median":1143.85009766,"min":65.2672805786,"var":399550.71875},"spectral_complexity":{"dmean":3.74526715279,"dmean2":5.49879026413,"dvar":14.4306936264,"dvar2":25.0630836487,"max":61,"mean":25.6614780426,"median":26,"min":0,"var":164.254638672},"spectral_contrast_coeffs":{"dmean":[0.0527304895222,0.0455893464386,0.0358748286963,0.0258608292788,0.0194382704794,0.030131207779],"dmean2":[0.0857844948769,0.0760031193495,0.060294855386,0.0432644709945,0.0321614928544,0.0458199344575],"dvar":[0.00176640239079,0.00123590102885,0.00080338557018,0.000404566875659,0.000264243339188,0.000718166586012],"dvar2":[0.00457450840622,0.0034969097469,0.00224492070265,0.00112338818144,0.000690470566042,0.00163130264264],"max":[-0.35063457489,-0.544635951519,-0.560951471329,-0.636215686798,-0.624295830727,-0.46850669384],"mean":[-0.714097619057,-0.782660841942,-0.806405186653,-0.814493358135,-0.821550965309,-0.720209240913],"median":[-0.720556437969,-0.78358745575,-0.806239426136,-0.812526285648,-0.816650271416,-0.705253303051],"min":[-0.954545199871,-0.972213923931,-0.975808084011,-0.986640512943,-0.976112425327,-0.932725012302],"var":[0.00672093732283,0.00358596700244,0.00252627884038,0.00170822662767,0.00171240256168,0.00520062027499]},"spectral_contrast_valleys":{"dmean":[0.363213717937,0.340996176004,0.297420501709,0.256935983896,0.268176019192,0.418743610382],"dmean2":[0.603760242462,0.564296662807,0.483213424683,0.41174826026,0.385522156954,0.633717238903],"dvar":[0.0953265354037,0.0897354260087,0.0726979225874,0.069046407938,0.0944120362401,0.147807568312],"dvar2":[0.233818992972,0.215754359961,0.166263088584,0.140128552914,0.179560527205,0.345877289772],"max":[-5.04570960999,-4.56538152695,-5.01172494888,-5.44058799744,-5.32480049133,-8.93419361115],"mean":[-6.63194084167,-6.3762421608,-6.84457492828,-7.17692375183,-7.49121141434,-10.7993154526],"median":[-6.37512302399,-6.10728025436,-6.48898696899,-6.70196866989,-7.13814163208,-10.5673627853],"min":[-20.4919033051,-19.3230571747,-19.3641681671,-19.0346698761,-18.5730552673,-19.9210147858],"var":[1.23177266121,1.7408926487,1.80925965309,2.06451845169,2.05644845963,1.25994849205]},"spectral_decrease":{"dmean":4.97284169398e-9,"dmean2":7.89327181394e-9,"dvar":3.86763912569e-17,"dvar2":9.58032710699e-17,"max":7.80231079744e-9,"mean":-1.02612673913e-8,"median":-8.61866222834e-9,"min":-8.03655453296e-8,"var":7.20556766897e-17},"spectral_energy":{"dmean":0.0186881702393,"dmean2":0.0296062454581,"dvar":0.000529457698576,"dvar2":0.00131949479692,"max":0.325344413519,"mean":0.0648016780615,"median":0.0621859245002,"min":5.15718869519e-13,"var":0.00137818197254},"spectral_energyband_high":{"dmean":0.000446223159088,"dmean2":0.000582105363719,"dvar":8.68081713179e-7,"dvar2":0.00000141610667015,"max":0.0289043560624,"mean":0.00134876312222,"median":0.000934458279517,"min":3.71898177401e-13,"var":0.00000285869509753},"spectral_energyband_low":{"dmean":0.0160582251847,"dmean2":0.0256948638707,"dvar":0.000471038860269,"dvar2":0.00119384936988,"max":0.28928270936,"mean":0.0330508351326,"median":0.0262504518032,"min":6.78703614306e-15,"var":0.000861367618199},"spectral_energyband_middle_high":{"dmean":0.00163139845245,"dmean2":0.00254218629561,"dvar":0.0000042832989493,"dvar2":0.00000970742985373,"max":0.0407257303596,"mean":0.00605653645471,"median":0.00551532069221,"min":7.47644201865e-14,"var":0.0000233725950238},"spectral_energyband_middle_low":{"dmean":0.00425415765494,"dmean2":0.00661668460816,"dvar":0.0000339890793839,"dvar2":0.0000763017378631,"max":0.092760168016,"mean":0.0113896094263,"median":0.0085583217442,"min":9.50243911877e-15,"var":0.000100160730653},"spectral_entropy":{"dmean":0.140183568001,"dmean2":0.20278801024,"dvar":0.0294234156609,"dvar2":0.0610199607909,"max":8.86062908173,"mean":7.65792131424,"median":7.76096773148,"min":5.15870809555,"var":0.161103978753},"spectral_flux":{"dmean":0.0289295949042,"dmean2":0.0469194054604,"dvar":0.0011028010631,"dvar2":0.0026719965972,"max":0.382337808609,"mean":0.123469509184,"median":0.122178606689,"min":0.00000741982421459,"var":0.00313329766504},"spectral_kurtosis":{"dmean":3.3507335186,"dmean2":4.98274755478,"dvar":32.2859344482,"dvar2":75.7761154175,"max":150.173919678,"mean":15.811006546,"median":14.1978168488,"min":1.03922235966,"var":87.5191345215},"spectral_rms":{"dmean":0.00107356009539,"dmean2":0.00167600158602,"dvar":0.00000136392316108,"dvar2":0.00000329154931933,"max":0.0178159810603,"mean":0.00752285914496,"median":0.00778904324397,"min":2.24307914465e-8,"var":0.00000662774482407},"spectral_rolloff":{"dmean":3728.8972168,"dmean2":7066.14111328,"dvar":49610980,"dvar2":115057640,"max":22028.4667969,"mean":14444.671875,"median":20930.2734375,"min":43.06640625,"var":90897088},"spectral_skewness":{"dmean":0.300834476948,"dmean2":0.428336232901,"dvar":0.164258807898,"dvar2":0.351250320673,"max":10.5391702652,"mean":2.67637395859,"median":2.55050635338,"min":0.99692183733,"var":0.682010114193},"spectral_spread":{"dmean":418179,"dmean2":638772.25,"dvar":214270640128,"dvar2":473846218752,"max":17597240,"mean":4431203,"median":4352634,"min":1612307.875,"var":1015934287870},"spectral_strongpeak":{"dmean":3.42121338844,"dmean2":6.48410177231,"dvar":211.935501099,"dvar2":579.541320801,"max":243.227706909,"mean":3.43867468834,"median":0.250993996859,"min":0,"var":277.48815918},"zerocrossingrate":{"dmean":0.0386281944811,"dmean2":0.0492969416082,"dvar":0.00110560795292,"dvar2":0.00169057224412,"max":0.677734375,"mean":0.282343387604,"median":0.28564453125,"min":0.00439453125,"var":0.011785985902}},"metadata":{"audio_properties":{"analysis_sample_rate":44100,"bit_rate":256088,"codec":"mp3","downmix":"mix","equal_loudness":0,"length":220.761886597,"lossless":false,"md5_encoded":"52b2fd1d1279891a88ae91b9eedfb983","replay_gain":-0.653390884399,"sample_rate":44100},"tags":{"acoustid_id":["e33e9dd9-5aa5-4161-bda5-a531b58586b5"],"album":["Puzzle"],"albumartist":["Biffy Clyro"],"artist":["Biffy Clyro"],"date":["2007"],"discnumber":["1/1"],"file_name":"06 - Biffy Clyro - The Conversation Is….mp3","musicbrainz_albumartistid":["892500b7-09a6-4049-ba92-2d192dd70563"],"musicbrainz_albumid":["f550ed7d-fc35-435f-90b2-734a62a8e8ca"],"musicbrainz_artistid":["892500b7-09a6-4049-ba92-2d192dd70563"],"musicbrainz_recordingid":["cc511b3f-9dec-4c51-b835-94fd0fff1e6f"],"musicbrainz_releasegroupid":["04b8a17a-016e-37b7-a8fa-d6c7da2021f9"],"replaygain_album_gain":["+0.39 dB"],"replaygain_album_peak":["0.363303"],"replaygain_track_gain":["-1.32 dB"],"replaygain_track_peak":["0.353263"],"title":["The Conversation Is…"],"tracknumber":["6/13"]},"version":{"essentia":"2.1-beta1","essentia_build_sha":"e76a03f03bb3900de42a1fa0d9be1e72f12def64","essentia_git_sha":"v2.1_beta1-28-g21ef5f4-dirty","extractor":"music 1.0"}},"rhythm":{"beats_count":534,"beats_loudness":{"dmean":0.0284617766738,"dmean2":0.0503890328109,"dvar":0.000588291499298,"dvar2":0.00182657397818,"max":0.18910163641,"mean":0.0723966360092,"median":0.073256701231,"min":3.95899178329e-7,"var":0.00120532338042},"beats_loudness_band_ratio":{"dmean":[0.169940277934,0.0811415314674,0.0580765977502,0.0308469366282,0.0322890207171,0.0890690758824],"dmean2":[0.299151003361,0.139723807573,0.103588819504,0.0546541959047,0.0562422275543,0.15730856359],"dvar":[0.0171497520059,0.00874180160463,0.00444577820599,0.00104261923116,0.00120123499073,0.00659599155188],"dvar2":[0.0495282486081,0.0233173631132,0.0128642152995,0.002906689886,0.00324364891276,0.017768362537],"max":[0.997555971146,0.624784588814,0.596224844456,0.269636243582,0.433385521173,0.70913797617],"mean":[0.534745573997,0.102374270558,0.07