{"lowlevel":{"average_loudness":0.719385206699,"barkbands":{"dmean":[0.00110198149923,0.012396604754,0.0053303251043,0.00223625637591,0.00144013448153,0.000643999723252,0.0015654071467,0.000741156574804,0.000880908570252,0.000228468095884,0.000556830258574,0.0000529903991264,0.000162583892234,0.0000364817969967,0.0000326098306687,0.0000160584186233,0.0000271651351795,0.0000210908929148,0.0000117710760605,0.00000741424673834,0.0000068874110184,0.00000463914147986,0.00000330772490997,0.00000317452554555,0.00000331741171067,0.00000437195967606,0.0000345365515386],"dmean2":[0.0019701088313,0.0197413116693,0.00871867779642,0.00361270178109,0.00231936853379,0.000981843681075,0.00245442800224,0.00121081271209,0.0013047310058,0.00038274077815,0.00090044940589,0.0000892014650162,0.00023101446277,0.0000610834904364,0.0000546265364392,0.0000263539204752,0.0000424921381637,0.0000311827898258,0.0000181036521099,0.0000120070399134,0.0000109873990368,0.00000761154797146,0.0000057552178987,0.0000055100258578,0.0000057134002418,0.0000074649351518,0.0000572531680518],"dvar":[0.00000250120774581,0.000217078893911,0.000058921512391,0.0000254198803304,0.00000755517476136,0.00000165088442827,0.0000226744359679,0.000006835251952,0.0000117235076686,0.00000342279986398,0.00000713171539246,9.26033933979e-8,0.00000288538058157,1.02843571881e-7,5.02289871918e-8,3.16262216415e-9,1.43749909753e-8,1.937071481e-8,5.93517146541e-9,7.54024953586e-10,9.22002418857e-10,3.93264643073e-10,3.84828731381e-11,2.85382845827e-11,2.89917256868e-11,4.69881078491e-11,2.0035306747e-8],"dvar2":[0.00000718944738765,0.000514079001732,0.000150695981574,0.0000575706944801,0.0000171241845237,0.00000324852203448,0.0000518947927048,0.0000178364934982,0.0000249859494943,0.00000918500973057,0.000018520413505,2.67308138291e-7,0.00000542979387319,2.83525338318e-7,1.33149114845e-7,7.0099352989e-9,3.34191341267e-8,3.339782495e-8,1.19051772884e-8,1.54081059023e-9,1.70070335592e-9,7.07763903041e-10,1.05767193614e-10,7.722004286e-11,7.77916342454e-11,1.24814533708e-10,4.29797282209e-8],"max":[0.0222040191293,0.279162347317,0.136128246784,0.143023118377,0.069842107594,0.053997412324,0.190401181579,0.108819596469,0.098404482007,0.0937837585807,0.0770317688584,0.0140702584758,0.0900947004557,0.0227247513831,0.011996739544,0.0022589052096,0.00561533635482,0.00956422556192,0.00587240373716,0.00166662316769,0.00253318063915,0.00219755177386,0.00024534392287,0.000085314946773,0.000090760520834,0.000139615076478,0.0101663768291],"mean":[0.00128839258105,0.0237177535892,0.00867091678083,0.00360196176916,0.00271693919785,0.00136673648376,0.00325853168033,0.00119103735778,0.00133074133191,0.000304261659039,0.000869828625582,0.0000680396551616,0.000210483849514,0.0000490408929181,0.0000401655415772,0.0000199716851057,0.0000364585466741,0.0000296470589092,0.0000157298400154,0.00000903546242625,0.00000868956431077,0.000005055992915,0.00000323912854583,0.00000308610810862,0.0000033616863675,0.000004685249678,0.0000516734362463],"median":[0.000562933739275,0.0159187261015,0.00463971169665,0.00103798345663,0.00103629590012,0.000572203542106,0.000442691263743,0.00021028307674,0.000100471064798,0.0000445441473857,0.0000354199764843,0.000016626498109,0.0000162368869496,0.0000117264617074,0.00000908104357222,0.0000051424854064,0.00000518604565514,0.00000434610456068,0.00000281507959699,0.00000220866309064,0.00000192913057617,0.00000161768366524,0.00000127329474253,0.00000122232381727,0.00000141796726894,0.0000021295136321,0.0000201692710107],"min":[1.11352860145e-23,5.23780953427e-23,5.11041133798e-24,2.71129252759e-23,5.12447357247e-23,1.24166935251e-23,2.8528277424e-23,2.39236426777e-23,1.90518163251e-22,8.59459980379e-23,8.13014500853e-23,1.08096663209e-22,1.28243287204e-22,7.63064648749e-23,1.61176021187e-22,1.81212987205e-22,1.95886317535e-22,1.68904636626e-22,1.91981531785e-22,5.05874561874e-22,2.71740014116e-22,4.29820494624e-22,7.11825671709e-22,8.44118428065e-22,1.07783320085e-21,1.71712436188e-21,2.39322738257e-21],"var":[0.00000342084535987,0.000620684819296,0.000124964382849,0.0000744798380765,0.0000260353335761,0.00000642768509351,0.0000891319650691,0.0000133647763505,0.0000233579485212,0.00000510586960445,0.0000131312890517,1.31693710159e-7,0.00000463345395474,1.51982931129e-7,6.00505813964e-8,5.37857935967e-9,2.60422705622e-8,4.39084431036e-8,1.38864741928e-8,1.74822445409e-9,2.63604316153e-9,7.10152325833e-10,3.4848294389e-11,2.8123146173e-11,3.03240280108e-11,5.25835416876e-11,4.18947863068e-8]},"barkbands_crest":{"dmean":3.1934568882,"dmean2":5.31123161316,"dvar":7.05587339401,"dvar2":19.9277801514,"max":26.404302597,"mean":14.6402215958,"median":14.533572197,"min":4.16922616959,"var":18.986913681},"barkbands_flatness_db":{"dmean":0.0491188280284,"dmean2":0.08156362921,"dvar":0.0015608726535,"dvar2":0.00447392091155,"max":0.538357317448,"mean":0.268713861704,"median":0.26681420207,"min":0.0595820881426,"var":0.00369621370919},"barkbands_kurtosis":{"dmean":24.7359142303,"dmean2":41.58152771,"dvar":1833.84606934,"dvar2":5257.70996094,"max":1041.53356934,"mean":44.1093788147,"median":23.4132213593,"min":-1.91845834255,"var":3999.79980469},"barkbands_skewness":{"dmean":1.41391539574,"dmean2":2.30855870247,"dvar":1.95637440681,"dvar2":5.50599384308,"max":28.3377971649,"mean":4.03603172302,"median":3.57316851616,"min":-2.5971698761,"var":8.63453102112},"barkbands_spread":{"dmean":2.54158186913,"dmean2":4.07927846909,"dvar":23.5817165375,"dvar2":61.2302055359,"max":123.518692017,"mean":6.33803462982,"median":4.42816448212,"min":0.170957297087,"var":57.5793380737},"dissonance":{"dmean":0.0429583229125,"dmean2":0.0734459906816,"dvar":0.00182288570795,"dvar2":0.00519915483892,"max":0.500000059605,"mean":0.423718452454,"median":0.440607964993,"min":0.106124088168,"var":0.00363439205103},"dynamic_complexity":4.12047433853,"erbbands":{"dmean":[0.240094050765,3.19422483444,6.99458551407,6.42626476288,5.42373847961,4.88551902771,4.33873271942,5.79267406464,9.75235939026,37.7211456299,10.760052681,24.2557659149,3.78893661499,12.1444664001,18.6848640442,3.60990524292,7.63438653946,2.19910264015,1.47700297832,1.6205958128,0.824911952019,1.33181405067,1.27817857265,0.827552497387,0.457758456469,0.342903345823,0.256311953068,0.279823869467,0.175578802824,0.118417292833,0.0919163897634,0.0695283934474,0.0513404347003,0.0362666249275,0.0241345260292,0.0149067910388,0.00842140521854,0.00430209189653,0.00228085299022,0.00559525564313],"dmean2":[0.40867587924,5.02874612808,10.9209690094,10.336933136,8.67388343811,8.00714302063,7.07300281525,8.79807567596,15.1632661819,58.6910934448,16.9323062897,35.9316177368,6.11380004883,20.2432804108,29.8984718323,5.67905426025,10.8023281097,3.58296871185,2.46559596062,2.6749215126,1.34753358364,2.05917859077,1.93995416164,1.19494175911,0.705906391144,0.553441047668,0.41824555397,0.444155782461,0.284762203693,0.203968003392,0.159752815962,0.120960511267,0.088983245194,0.0625952556729,0.0414831824601,0.0255093630403,0.0143794296309,0.00729627907276,0.00373025448062,0.00878922920674],"dvar":[0.110560104251,15.1268310547,86.3507766724,202.863632202,97.527557373,110.491218567,50.8067550659,170.219909668,652.247680664,15190.8037109,731.348388672,9024.74121094,170.506515503,5123.26123047,7811.23681641,429.334899902,6266.11279297,276.236938477,110.036705017,120.692855835,7.53820180893,35.6579742432,57.4742088318,32.9682273865,3.4737393856,1.41549384594,0.568249762058,2.3172326088,0.798136591911,0.05784387514,0.0300606526434,0.0138900056481,0.00737139862031,0.00354869780131,0.00150515139103,0.00055148213869,0.000175190638402,0.0000507966360601,0.0000253414309555,0.0000921459504752],"dvar2":[0.310874938965,34.4938659668,207.114547729,447.58404541,226.686309814,272.828430176,125.903465271,327.582519531,1405.18566895,33754.5507812,1732.28649902,19247.78125,408.561035156,14096.8320312,19770.0800781,1040.07409668,11611.1533203,772.913635254,316.972961426,306.36807251,17.1014919281,76.5458374023,102.329940796,55.880065918,5.94199180603,2.74197864532,1.0547772646,4.37542009354,1.40261745453,0.142666518688,0.082666888833,0.0376502089202,0.0199183803052,0.00955183058977,0.00402814289555,0.00146720767953,0.00046535875299,0.000133286797791,0.0000505424468429,0.000205395685043],"max":[5.28801250458,78.5500717163,152.703018188,435.118988037,247.901885986,296.261108398,231.856124878,640.015014648,1112.61328125,5034.99853516,831.50189209,2707.31518555,555.609191895,3477.40649414,2717.97509766,752.87890625,4172.96484375,1013.59179688,752.419067383,609.657470703,162.851531982,322.063354492,473.321075439,378.840301514,137.00592041,76.5781860352,61.6509742737,110.809715271,101.89226532,15.3093414307,7.05538034439,1.85096549988,1.39122629166,0.990907371044,0.667069792747,0.446600288153,0.271762937307,0.215096965432,0.395641505718,0.316724985838],"mean":[0.435287028551,5.89195394516,12.7841472626,11.5094060898,9.67388248444,8.73369121552,8.12926578522,12.3914833069,21.7595844269,73.678817749,19.6758003235,36.6930732727,6.19044542313,19.239522934,29.4368858337,5.23769140244,9.96448326111,3.03463387489,1.88717007637,2.16535162926,1.10798811913,1.83677649498,1.85887682438,1.20739471912,0.614254295826,0.42434990406,0.302156239748,0.362558096647,0.197537779808,0.11848218739,0.0900546684861,0.067453481257,0.0501950234175,0.0362693034112,0.0247504487634,0.0156655292958,0.00913201831281,0.00504003465176,0.00408295122907,0.0145344976336],"median":[0.231165841222,3.66436743736,7.4510178566,3.93343400955,3.95013046265,2.93345022202,4.02084207535,4.7139840126,4.7685508728,7.51830530167,4.7391462326,2.78483271599,1.7441021204,1.56449484825,1.3303899765,0.823531627655,0.821520447731,0.684485971928,0.567835211754,0.409518182278,0.295440584421,0.304447054863,0.282499313354,0.181508913636,0.129007712007,0.105282358825,0.0836928710341,0.0740665644407,0.0593937374651,0.045022636652,0.035511571914,0.0267023015767,0.0201038494706,0.0149362999946,0.0106157893315,0.00687383115292,0.0042136372067,0.00247244094498,0.00250795367174,0.00971091911197],"min":[2.55515505567e-21,7.83354903489e-21,7.56811291556e-21,4.43973199475e-20,8.61009908537e-20,2.48370879237e-19,1.22650851561e-19,1.20078449103e-19,3.99857066006e-19,4.36417234159e-19,1.00690845149e-18,4.70986259671e-18,4.20000956024e-18,2.25162243691e-18,3.42589196359e-18,4.36517933059e-18,4.90423473782e-18,5.18813925407e-18,7.48648498788e-18,6.92270142983e-18,1.16747965599e-17,1.07464484497e-17,1.00390981838e-17,6.80812078497e-18,1.38935406354e-17,2.65022911085e-17,1.61499007493e-17,8.66507177698e-18,1.29702457716e-17,2.14840047078e-17,2.05652982148e-17,1.6551755017e-17,1.44713262933e-17,1.03907078467e-17,8.33180980716e-18,5.29086640075e-18,3.98610148101e-18,1.1577189868e-18,3.42968158817e-19,3.64343817702e-20],"var":[0.319825589657,43.8810577393,224.350952148,708.213623047,291.009918213,304.541595459,163.368087769,677.474914551,3877.70288086,55210.4023438,1754.53759766,17998.765625,333.573272705,9207.09570312,14627.484375,651.027160645,10177.5380859,382.956390381,104.981811523,211.911880493,14.8791217804,69.2509918213,129.149887085,83.1704940796,11.6811294556,3.54149436951,1.71272110939,5.92163658142,1.44705367088,0.0706463232636,0.0270295478404,0.0135232880712,0.00734140304849,0.00364103447646,0.00160031090491,0.000607954803854,0.000196616732865,0.00006174720329,0.0000537058804184,0.000286781141767]},"erbbands_crest":{"dmean":3.55647134781,"dmean2":5.80178070068,"dvar":9.98985767365,"dvar2":25.2931461334,"max":33.7805557251,"mean":13.4831800461,"median":11.8351287842,"min":1.96930968761,"var":43.2223777771},"erbbands_flatness_db":{"dmean":0.0412379540503,"dmean2":0.0683856010437,"dvar":0.00116287940182,"dvar2":0.00322673656046,"max":0.474308669567,"mean":0.18004335463,"median":0.172997877002,"min":0.0170632041991,"var":0.00438345270231},"erbbands_kurtosis":{"dmean":4.77491474152,"dmean2":7.91770029068,"dvar":75.1556549072,"dvar2":196.726104736,"max":249.824890137,"mean":6.9828119278,"median":3.47307062149,"min":-1.88159048557,"var":152.134246826},"erbbands_skewness":{"dmean":0.69800889492,"dmean2":1.14354968071,"dvar":0.527329564095,"dvar2":1.42667222023,"max":10.6988306046,"mean":1.02404427528,"median":1.15875995159,"min":-5.62538576126,"var":1.91904056072},"erbbands_spread":{"dmean":8.08837604523,"dmean2":13.3142938614,"dvar":65.4314117432,"dvar2":179.840881348,"max":116.846206665,"mean":22.9923171997,"median":19.7578220367,"min":0.417211174965,"var":244.492004395},"gfcc":{"cov":[[18609.2441406,2511.05737305,-519.84552002,-759.921936035,-238.384536743,-562.298034668,-21.3167743683,-164.938903809,-12.4403295517,-291.16583252,-37.0747947693,-322.96395874,-63.7954978943],[2511.05737305,1179.04919434,123.961906433,-466.410888672,7.45346021652,-147.818023682,79.0328903198,-126.12587738,95.1126708984,-107.439414978,49.6754684448,-101.271125793,9.16763591766],[-519.84552002,123.961906433,529.129882812,40.0577201843,-20.0909004211,-21.9471473694,-32.8699569702,-28.5564079285,15.6986017227,23.8619213104,17.5006828308,-24.9066734314,-1.69989109039],[-759.921936035,-466.410888672,40.0577201843,602.691040039,119.076774597,-49.1867713928,-100.560188293,20.9221458435,-59.2443122864,43.4546928406,-15.6272335052,46.0508956909,-8.38274288177],[-238.384536743,7.45346021652,-20.0909004211,119.076774597,225.98399353,34.0436134338,2.44983029366,-41.7332191467,-8.55701446533,-41.114402771,-2.6365776062,14.731218338,21.0548114777],[-562.298034668,-147.818023682,-21.9471473694,-49.1867713928,34.0436134338,258.568389893,74.0693893433,13.7060995102,-61.2606086731,-11.0077419281,-29.2644767761,4.5416841507,25.044801712],[-21.3167743683,79.0328903198,-32.8699569702,-100.560188293,2.44983029366,74.0693893433,186.710174561,47.3781242371,9.97817611694,-36.7158966064,-5.33401536942,-15.2740430832,12.8279085159],[-164.938903809,-126.12587738,-28.5564079285,20.9221458435,-41.7332191467,13.7060995102,47.3781242371,141.006958008,53.7001266479,17.2231063843,-12.5452003479,12.4191350937,-19.0026664734],[-12.4403295517,95.1126708984,15.6986017227,-59.2443122864,-8.55701446533,-61.2606086731,9.97817611694,53.7001266479,130.743087769,54.2951278687,29.4065036774,-13.8596563339,-15.5265321732],[-291.16583252,-107.439414978,23.8619213104,43.4546928406,-41.114402771,-11.0077419281,-36.7158966064,17.2231063843,54.2951278687,125.110778809,52.6545562744,3.33411645889,-19.4339733124],[-37.0747947693,49.6754684448,17.5006828308,-15.6272335052,-2.6365776062,-29.2644767761,-5.33401536942,-12.5452003479,29.4065036774,52.6545562744,80.2300491333,30.6259021759,3.57956171036],[-322.96395874,-101.271125793,-24.9066734314,46.0508956909,14.731218338,4.5416841507,-15.2740430832,12.4191350937,-13.8596563339,3.33411645889,30.6259021759,80.6710510254,34.7728309631],[-63.7954978943,9.16763591766,-1.69989109039,-8.38274288177,21.0548114777,25.044801712,12.8279085159,-19.0026664734,-15.5265321732,-19.4339733124,3.57956171036,34.7728309631,67.1969146729]],"icov":[[0.000107056206616,-0.000341793958796,0.000195147964405,-0.0000594033808738,0.0000514847815793,0.000134033718496,0.000193957283045,-0.00043336089584,0.000530246645212,-0.000186846198631,4.88817022415e-7,0.000365186482668,-0.00020039024821],[-0.000341793958796,0.00385979074053,-0.00107998459134,0.00153618503828,-0.000442375341663,0.00067566888174,-0.000747648184188,0.0027619721368,-0.0035712828394,0.0046502831392,-0.00417180918157,0.0027640638873,-0.000564579269849],[0.000195147964405,-0.00107998459134,0.00253369356506,-0.000921600789297,0.000885926128831,-0.000443517434178,0.000856491329614,-0.000511111633386,0.000339243269991,-0.0000569433941564,-0.000771363556851,0.00155315129086,-0.000839300977532],[-0.0000594033808738,0.00153618503828,-0.000921600789297,0.00477175833657,-0.00411818129942,0.00333768874407,0.000274105754215,-0.00252929073758,0.00461386609823,-0.00366299785674,0.00145861890633,0.000369980698451,-0.00067768729059],[0.0000514847815793,-0.000442375341663,0.000885926128831,-0.00411818129942,0.00955801270902,-0.00441377190873,-0.00000774720501795,0.00585657637566,-0.00812352634966,0.00787486508489,-0.00284111383371,-0.00125259836204,0.00112579937559],[0.000134033718496,0.00067566888174,-0.000443517434178,0.00333768874407,-0.00441377190873,0.00909263174981,-0.00250370590948,-0.00382842822,0.00861955620348,-0.00687753455713,0.00374125363305,0.00143781967927,-0.00311113498174],[0.000193957283045,-0.000747648184188,0.000856491329614,0.000274105754215,-0.00000774720501795,-0.00250370590948,0.01022251416,-0.0064222025685,0.00114939361811,0.00482230074704,-0.00711048115045,0.00759958755225,-0.00438364269212],[-0.00043336089584,0.0027619721368,-0.000511111633386,-0.00252929073758,0.00585657637566,-0.00382842822,-0.0064222025685,0.0224544890225,-0.0171935427934,0.005480915308,0.00658460333943,-0.012377332896,0.00971767865121],[0.000530246645212,-0.0035712828394,0.000339243269991,0.00461386609823,-0.00812352634966,0.00861955620348,0.00114939361811,-0.0171935427934,0.0296598505229,-0.0174565277994,0.00186614983249,0.00662347860634,-0.00589631730691],[-0.000186846198631,0.0046502831392,-0.0000569433941564,-0.00366299785674,0.00787486508489,-0.00687753455713,0.00482230074704,0.005480915308,-0.0174565277994,0.0330391302705,-0.0241236779839,0.0106522254646,0.000749532307964],[4.88817022415e-7,-0.00417180918157,-0.000771363556851,0.00145861890633,-0.00284111383371,0.00374125363305,-0.00711048115045,0.00658460333943,0.00186614983249,-0.0241236779839,0.0423151180148,-0.0267682913691,0.00849958974868],[0.000365186482668,0.0027640638873,0.00155315129086,0.000369980698451,-0.00125259836204,0.00143781967927,0.00759958755225,-0.012377332896,0.00662347860634,0.0106522254646,-0.0267682913691,0.0405669808388,-0.0199947003275],[-0.00020039024821,-0.000564579269849,-0.000839300977532,-0.00067768729059,0.00112579937559,-0.00311113498174,-0.00438364269212,0.00971767865121,-0.00589631730691,0.000749532307964,0.00849958974868,-0.0199947003275,0.0278027318418]],"mean":[-95.1506881714,122.093994141,-28.3559360504,0.335190832615,-19.4825801849,-5.44371271133,-5.65700531006,-2.14521789551,-0.15709848702,-6.05898141861,-2.19221401215,-7.87277555466,-6.09205532074]},"hfc":{"dmean":172.830749512,"dmean2":273.057678223,"dvar":52914.5429688,"dvar2":127705.140625,"max":4626.67773438,"mean":437.800872803,"median":296.43951416,"min":1.16064464604e-16,"var":205178.625},"melbands":{"dmean":[0.00278217834421,0.00385908107273,0.00101254833862,0.000369178247638,0.000153005952598,0.000128214960569,0.000188329431694,0.000363807339454,0.000101528654341,0.000133566689328,0.0000155848465511,0.0000475926026411,0.0000852464800118,0.00000672450823913,0.0000174662163772,0.0000105681883724,0.00000390606146539,0.00000246498962042,0.0000021592838948,0.00000163859181157,9.81789867183e-7,0.00000131974684336,0.00000163495849392,0.00000102268347746,6.76884098993e-7,3.65076431308e-7,3.08210218236e-7,2.1032322195e-7,1.54438254185e-7,1.73533848624e-7,1.58692614605e-7,1.05246257931e-7,7.6402777438e-8,6.19928712808e-8,5.40455857845e-8,4.66473011329e-8,4.0879065466e-8,3.63726009311e-8,3.27120659449e-8,2.98366877871e-8],"dmean2":[0.00457915989682,0.00590607570484,0.00162429618649,0.000590321491472,0.000249619362876,0.000193411833607,0.00029677740531,0.000568291987292,0.000156018519192,0.000198533700313,0.00002602265522,0.0000798857872724,0.000137223047204,0.0000112434654511,0.0000251026322076,0.0000153562796186,0.00000653261895422,0.00000412840654462,0.00000358346710527,0.00000270541363534,0.00000160068714194,0.00000208655910683,0.00000251805386142,0.00000152634140704,9.97560732685e-7,5.75102262701e-7,4.837673373e-7,3.44842078448e-7,2.57016750993e-7,2.74885906038e-7,2.51404372875e-7,1.69581824139e-7,1.30531958575e-7,1.0767286085e-7,9.39224662488e-8,8.1195757673e-8,7.10743819354e-8,6.30900203191e-8,5.65812428022e-8,5.1470344431e-8],"dvar":[0.0000110781184048,0.0000240620429395,0.00000449391336588,5.18711317454e-7,6.76375506714e-8,7.78427846626e-8,2.54585501125e-7,0.00000139638825658,9.05058925582e-8,2.70756515874e-7,4.84160045389e-9,9.53221572786e-8,1.67588524391e-7,1.16563503294e-9,2.9990921746e-8,9.33136679038e-9,1.35278699354e-9,3.11528858266e-10,1.60416874229e-10,8.32565405506e-11,1.45277227748e-11,4.00623839658e-11,7.75213088167e-11,5.2438223902e-11,2.57204691573e-11,3.14204001359e-12,1.89367705544e-12,4.53274408025e-13,1.43398273399e-13,6.68595333177e-13,7.5283296307e-13,3.32081259193e-13,7.26158635176e-14,1.31114516894e-14,1.15766042721e-14,6.40896806925e-15,4.793603394e-15,3.73208772846e-15,2.9425714947e-15,2.38704154811e-15],"dvar2":[0.0000291407122859,0.0000541711415281,0.0000102194026113,0.00000116349224299,1.68259148836e-7,1.49681241624e-7,5.98548297148e-7,0.00000315566353493,1.98445263777e-7,5.78812318963e-7,1.14577440868e-8,2.61020318248e-7,4.30208018543e-7,3.40048744718e-9,5.72927483233e-8,1.75189196483e-8,3.84357257133e-9,8.77997563542e-10,4.07353428766e-10,2.14289197498e-10,3.42138713194e-11,8.91669516001e-11,1.71512623548e-10,9.91077220291e-11,4.81298265131e-11,5.88180112254e-12,3.750979128e-12,9.04576923349e-13,2.90093117713e-13,1.31363507311e-12,1.35074568718e-12,5.72788398743e-13,1.62223262167e-13,3.5395507868e-14,3.20363073363e-14,1.74258648283e-14,1.29859925574e-14,1.00914709125e-14,7.93751864367e-15,6.41978425647e-15],"max":[0.0488046482205,0.0947927832603,0.0617803782225,0.0176670979708,0.00872723013163,0.0126266470179,0.0163789577782,0.0462059117854,0.0078953858465,0.014791703783,0.00340387178585,0.015437216498,0.0122641120106,0.00162377743982,0.00929429661483,0.00484812725335,0.00232602795586,0.00119310757145,0.000620708975475,0.000468940590508,0.000229241006309,0.000365273823263,0.000452441163361,0.000461215415271,0.000344151514582,0.000167960024555,0.0000716394060873,0.0000419027965108,0.0000265052731265,0.0000657827040413,0.0000648409550195,0.0000655039184494,0.0000271465360129,0.00000397181065637,0.00000514615567226,0.00000131648698698,0.00000109208383492,9.83684913081e-7,8.91394108749e-7,8.15673274701e-7],"mean":[0.00521497102454,0.00762616330758,0.00190971721895,0.000694497546647,0.000291550997645,0.000282894354314,0.000404351827456,0.000701368553564,0.00016183439584,0.000201591828954,0.0000222989565373,0.0000711662069079,0.000131583510665,0.00000942278620641,0.000022409554731,0.000013930572095,0.00000516639511261,0.00000306444508169,0.00000273981504506,0.00000214475653593,0.00000122283609016,0.00000173504997747,0.00000225851363211,0.00000140051804465,9.50960384216e-7,4.78907793422e-7,3.85562202609e-7,2.50282710113e-7,1.70931713228e-7,2.15505977508e-7,2.05620679594e-7,1.17706470348e-7,7.71584680592e-8,6.09564239085e-8,5.28084669327e-8,4.54599167199e-8,3.94487997823e-8,3.53901050687e-8,3.23058273466e-8,2.99188869235e-8],"median":[0.00342604168691,0.00466650212184,0.000775710796006,0.000256358529441,0.000144309829921,0.000104629216366,0.000078768855019,0.0000740401155781,0.0000294176115858,0.000014433015167,0.00000728111990611,0.00000597223606746,0.00000480518292534,0.00000217175329453,0.00000181137852451,0.0000015581210846,0.00000110593578029,8.74811973972e-7,6.18270348696e-7,4.05229229727e-7,2.92490852871e-7,3.07629903773e-7,2.58986830204e-7,1.876286575e-7,1.32496765559e-7,9.84286145922e-8,8.0321008511e-8,6.59606911313e-8,5.13826279303e-8,4.57741080595e-8,4.11266221079e-8,3.41004202653e-8,2.75082943091e-8,2.35084360867e-8,2.08269206325e-8,1.80596320121e-8,1.54984078904e-8,1.40560345585e-8,1.31510278223e-8,1.23879626557e-8],"min":[1.88406237458e-23,5.47742019666e-24,8.93344979915e-24,1.24823243859e-23,6.10424157777e-24,3.48110709623e-24,5.6328518274e-24,4.89015230134e-24,1.21407649689e-23,2.93849488126e-23,1.99852135876e-23,8.06507013696e-24,1.14366640125e-23,1.09351267593e-23,1.20177365887e-23,1.15819288038e-23,8.76947322709e-24,1.03770991767e-23,1.22316007244e-23,1.01608061383e-23,1.38114792805e-23,1.27469217441e-23,6.09051303144e-24,1.03627363862e-23,4.11753167557e-24,9.15567033843e-24,1.06669992485e-23,2.04034376628e-23,1.07686092663e-23,7.08066402397e-24,4.28894168395e-24,6.85644214457e-24,9.52902558309e-24,1.24240109989e-23,1.18805797097e-23,1.10083070189e-23,9.65678002897e-24,1.07597550915e-23,8.91052313466e-24,8.49194959405e-24],"var":[0.0000289979852823,0.0000730229512556,0.0000148211811393,0.00000179331561867,2.05970877687e-7,3.28229901925e-7,0.00000111998190278,0.00000486120461574,1.79055291483e-7,5.48521938981e-7,8.33113666943e-9,1.60915760716e-7,3.05543466084e-7,1.76091408122e-9,4.693459843e-8,1.55527821732e-8,1.83728399161e-9,3.23221505116e-10,2.38043335044e-10,1.626831031e-10,2.51741492235e-11,6.66497274038e-11,1.47096973491e-10,1.08740828841e-10,5.8296048544e-11,9.52408377858e-12,4.41130638962e-12,1.02575912174e-12,3.65465551702e-13,1.85145085027e-12,1.9339291453e-12,5.98821773418e-13,9.27270548757e-14,1.29446581966e-14,9.98115334144e-15,6.16251451588e-15,4.67650532421e-15,3.69398903352e-15,2.97219943664e-15,2.46087148089e-15]},"melbands_crest":{"dmean":3.36923909187,"dmean2":5.52871322632,"dvar":8.14037704468,"dvar2":21.7785358429,"max":39.3150405884,"mean":19.977180481,"median":19.9967842102,"min":2.7857029438,"var":30.4263477325},"melbands_flatness_db":{"dmean":0.0578551478684,"dmean2":0.0964506268501,"dvar":0.00215831119567,"dvar2":0.00617162603885,"max":0.712509512901,"mean":0.408194243908,"median":0.408586353064,"min":0.00687251100317,"var":0.00547197042033},"melbands_kurtosis":{"dmean":20.5029754639,"dmean2":33.6234588623,"dvar":984.297058105,"dvar2":2774.45874023,"max":962.495727539,"mean":39.6683616638,"median":21.3357448578,"min":-1.91049492359,"var":2646.12548828},"melbands_skewness":{"dmean":1.21654570103,"dmean2":1.95744478703,"dvar":1.28321242332,"dvar2":3.50184822083,"max":28.7873802185,"mean":3.71783471107,"median":3.41054558754,"min":-3.13629865646,"var":6.15003585815},"melbands_spread":{"dmean":2.05827951431,"dmean2":3.2793648243,"dvar":12.5825414658,"dvar2":29.2165813446,"max":128.55039978,"mean":5.22341823578,"median":3.33152079582,"min":0.192749083042,"var":34.4452056885},"mfcc":{"cov":[[9641.88574219,1581.64074707,-481.532043457,65.3359451294,-232.433700562,-160.949035645,-65.5294036865,65.0124588013,43.7395210266,3.94544839859,62.8033943176,79.9632720947,30.4830341339],[1581.64074707,1708.27148438,193.409317017,-227.33972168,-79.1068115234,-22.9666156769,-36.8595619202,20.4560337067,24.228849411,27.435552597,38.5813865662,45.8645248413,39.7903022766],[-481.532043457,193.409317017,477.682342529,44.375617981,26.7956161499,5.88436698914,-2.56035876274,-39.5747032166,-17.5664310455,34.2343864441,8.18255233765,3.45297694206,16.279001236],[65.3359451294,-227.33972168,44.375617981,471.625152588,142.591018677,-8.79646778107,-25.9803066254,-27.6919708252,-35.6608428955,-27.7033004761,32.0028190613,2.69691419601,-36.365447998],[-232.433700562,-79.1068115234,26.7956161499,142.591018677,202.502731323,75.5648727417,-5.44417095184,-11.7668638229,-19.1101474762,-25.6884441376,-11.0077209473,-7.51115608215,-28.3722743988],[-160.949035645,-22.9666156769,5.88436698914,-8.79646778107,75.5648727417,145.768539429,88.0232849121,9.12820720673,-3.3894906044,-0.717099308968,-34.0359268188,-39.8986968994,-12.2021017075],[-65.5294036865,-36.8595619202,-2.56035876274,-25.9803066254,-5.44417095184,88.0232849121,136.314910889,69.84009552,19.2525806427,0.00105031731073,-28.4433326721,-37.565284729,-12.0975532532],[65.0124588013,20.4560337067,-39.5747032166,-27.6919708252,-11.7668638229,9.12820720673,69.84009552,120.315483093,69.2664871216,-4.88645219803,-17.9277954102,-4.18371725082,-7.33782196045],[43.7395210266,24.228849411,-17.5664310455,-35.6608428955,-19.1101474762,-3.3894906044,19.2525806427,69.2664871216,87.959526062,37.3857688904,-1.88407826424,-0.205483689904,2.14600253105],[3.94544839859,27.435552597,34.2343864441,-27.7033004761,-25.6884441376,-0.717099308968,0.00105031731073,-4.88645219803,37.3857688904,80.2571182251,44.7005233765,8.18895053864,8.23459434509],[62.8033943176,38.5813865662,8.18255233765,32.0028190613,-11.0077209473,-34.0359268188,-28.4433326721,-17.9277954102,-1.88407826424,44.7005233765,88.0371704102,56.0174484253,6.73277664185],[79.9632720947,45.8645248413,3.45297694206,2.69691419601,-7.51115608215,-39.8986968994,-37.565284729,-4.18371725082,-0.205483689904,8.18895053864,56.0174484253,83.5388412476,39.2532081604],[30.4830341339,39.7903022766,16.279001236,-36.365447998,-28.3722743988,-12.2021017075,-12.0975532532,-7.33782196045,2.14600253105,8.23459434509,6.73277664185,39.2532081604,71.1700592041]],"icov":[[0.000156762980623,-0.000200931026484,0.000278713356238,-0.000246254814556,0.000201200818992,0.0000892869720701,-0.0000638248966425,-0.0000505739808432,0.000262874440523,-0.000520026544109,0.000619822763838,-0.000464737182483,0.000184997945325],[-0.000200931026484,0.000995382084511,-0.000805018236861,0.000707478902768,0.000115328926768,-0.000963138765655,0.00128730456345,-0.000909428345039,-0.00029954087222,0.00151775765698,-0.00219447305426,0.00135601789225,-0.000625789980404],[0.000278713356238,-0.000805018236861,0.00323230749927,-0.00095271266764,-0.000638131343294,0.00187753909267,-0.00203607417643,0.00104136008304,0.0021303165704,-0.00505173904821,0.0049048550427,-0.00305800838396,0.00067621859489],[-0.000246254814556,0.000707478902768,-0.00095271266764,0.00425137672573,-0.00383141287602,0.00274949125014,-0.00220732064918,0.00258144154213,-0.00345044955611,0.00595564860851,-0.00732895592228,0.00497640715912,-0.00170131248888],[0.000201200818992,0.000115328926768,-0.000638131343294,-0.00383141287602,0.0143117066473,-0.0146770076826,0.0130205973983,-0.00888938922435,0.0055795875378,-0.00177455937956,0.00355580868199,-0.00494137220085,0.00494944164529],[0.0000892869720701,-0.000963138765655,0.00187753909267,0.00274949125014,-0.0146770076826,0.031217655167,-0.028669487685,0.0201760362834,-0.0093403076753,-0.00094785814872,0.00503257848322,-0.000574882433284,-0.00158388796262],[-0.0000638248966425,0.00128730456345,-0.00203607417643,-0.00220732064918,0.0130205973983,-0.028669487685,0.0438586734235,-0.0380848012865,0.0247791558504,-0.0100654102862,-0.00154461374041,0.00738377962261,-0.0010595965432],[-0.0000505739808432,-0.000909428345039,0.00104136008304,0.00258144154213,-0.00888938922435,0.0201760362834,-0.0380848012865,0.0574917607009,-0.0496363863349,0.0302040670067,-0.00966074317694,-0.00208442099392,0.00104574428406],[0.000262874440523,-0.00029954087222,0.0021303165704,-0.00345044955611,0.0055795875378,-0.0093403076753,0.0247791558504,-0.0496363863349,0.0680942907929,-0.0534391365945,0.0346880815923,-0.0168119110167,0.00764255225658],[-0.000520026544109,0.00151775765698,-0.00505173904821,0.00595564860851,-0.00177455937956,-0.00094785814872,-0.0100654102862,0.0302040670067,-0.0534391365945,0.0750322267413,-0.0624522604048,0.0392298474908,-0.0186928547919],[0.000619822763838,-0.00219447305426,0.0049048550427,-0.00732895592228,0.00355580868199,0.00503257848322,-0.00154461374041,-0.00966074317694,0.0346880815923,-0.0624522604048,0.0829863920808,-0.0608895421028,0.029028872028],[-0.000464737182483,0.00135601789225,-0.00305800838396,0.00497640715912,-0.00494137220085,-0.000574882433284,0.00738377962261,-0.00208442099392,-0.0168119110167,0.0392298474908,-0.0608895421028,0.0667982622981,-0.0334589481354],[0.000184997945325,-0.000625789980404,0.00067621859489,-0.00170131248888,0.00494944164529,-0.00158388796262,-0.0010595965432,0.00104574428406,0.00764255225658,-0.0186928547919,0.029028872028,-0.0334589481354,0.0325669571757]],"mean":[-772.348449707,184.954650879,44.2894515991,29.0003147125,12.8262395859,9.1564540863,6.08110570908,8.4027929306,6.23802042007,5.29808759689,7.09843254089,6.08216524124,2.87230277061]},"pitch_salience":{"dmean":0.08208630234,"dmean2":0.134672567248,"dvar":0.00475727999583,"dvar2":0.0125391883776,"max":0.791700184345,"mean":0.418929934502,"median":0.421577244997,"min":0.0357466116548,"var":0.015349265188},"silence_rate_20dB":{"dmean":0.00169923529029,"dmean2":0.00339871132746,"dvar":0.00169654691126,"dvar2":0.00395354535431,"max":1,"mean":0.997592926025,"median":1,"min":0,"var":0.00240152026527},"silence_rate_30dB":{"dmean":0.0923251211643,"dmean2":0.184663310647,"dvar":0.0838075950742,"dvar2":0.17747412622,"max":1,"mean":0.783787608147,"median":1,"min":0,"var":0.169459313154},"silence_rate_60dB":{"dmean":0.00523930881172,"dmean2":0.0104793598875,"dvar":0.00521129556,"dvar2":0.0116411987692,"max":1,"mean":0.0746902674437,"median":0,"min":0,"var":0.0691174566746},"spectral_centroid":{"dmean":92.6023025513,"dmean2":145.470062256,"dvar":18679.4570312,"dvar2":33414.6601562,"max":11002.8544922,"mean":458.535369873,"median":352.919830322,"min":91.2040405273,"var":251202.75},"spectral_complexity":{"dmean":1.53554236889,"dmean2":2.57905554771,"dvar":2.41790533066,"dvar2":5.79670858383,"max":40,"mean":7.22810602188,"median":7,"min":0,"var":13.9953184128},"spectral_contrast_coeffs":{"dmean":[0.0508977286518,0.0527658574283,0.0399708263576,0.0371890179813,0.0345196500421,0.0205365028232],"dmean2":[0.0862163975835,0.0876354724169,0.06711371243,0.062227781862,0.058324277401,0.034060139209],"dvar":[0.00159888865892,0.00177135702688,0.00104145670775,0.000896155659575,0.000936546828598,0.000484581949422],"dvar2":[0.00453471438959,0.00490207783878,0.00288997380994,0.00239743338898,0.00249279732816,0.00120597984642],"max":[-0.363299429417,-0.367100596428,-0.4519790411,-0.504634022713,-0.593516349792,-0.427582323551],"mean":[-0.674671411514,-0.740181624889,-0.81212580204,-0.870671868324,-0.893189847469,-0.854536294937],"median":[-0.673404276371,-0.746502280235,-0.832543730736,-0.875849783421,-0.905076920986,-0.858085691929],"min":[-0.971703767776,-0.973620951176,-0.972701787949,-0.987063586712,-0.973980545998,-0.962210059166],"var":[0.00631353538483,0.00854529626667,0.00742321461439,0.00402829563245,0.00340298213996,0.00138280226383]},"spectral_contrast_valleys":{"dmean":[0.409523814917,0.420853972435,0.477723866701,0.610449373722,0.730110704899,0.679880678654],"dmean2":[0.689800202847,0.70448076725,0.807578802109,1.03640449047,1.2413687706,1.15431535244],"dvar":[0.110732629895,0.128137260675,0.179959759116,0.288740634918,0.38077750802,0.338569968939],"dvar2":[0.29975888133,0.349720954895,0.497571051121,0.813339591026,1.04756557941,0.904682934284],"max":[-4.80800533295,-4.90338420868,-5.56942272186,-6.271733284,-5.9334230423,-8.80077934265],"mean":[-6.83618211746,-7.02290201187,-8.04706001282,-8.75524902344,-8.92845916748,-11.1958341599],"median":[-6.5500831604,-6.70540714264,-7.81095933914,-8.53538322449,-8.73532390594,-11.0004386902],"min":[-27.4624824524,-27.2844181061,-27.4514312744,-27.1642341614,-27.3941516876,-27.0956554413],"var":[2.08945989609,2.33646678925,2.06534290314,1.86206126213,1.79751837254,1.46476089954]},"spectral_decrease":{"dmean":4.78637929291e-9,"dmean2":7.58616280905e-9,"dvar":3.29902855518e-17,"dvar2":8.55468270443e-17,"max":2.64027200103e-8,"mean":-7.60444951453e-9,"median":-4.73811123669e-9,"min":-8.70804370834e-8,"var":8.77559154406e-17},"spectral_energy":{"dmean":0.021193889901,"dmean2":0.0321527272463,"dvar":0.000615307304543,"dvar2":0.00133805442601,"max":0.443860501051,"mean":0.0684105828404,"median":0.0556622892618,"min":1.05046549811e-20,"var":0.00320363533683},"spectral_energyband_high":{"dmean":0.000045129287173,"dmean2":0.0000735811481718,"dvar":1.56906700965e-8,"dvar2":2.89426278499e-8,"max":0.010170225054,"mean":0.0000611446303083,"median":0.0000262145349552,"min":7.651284149e-21,"var":3.25952100866e-8},"spectral_energyband_low":{"dmean":0.0164277795702,"dmean2":0.0256370976567,"dvar":0.00038806773955,"dvar2":0.000915401324164,"max":0.3522541821,"mean":0.0357612892985,"median":0.0255393870175,"min":7.69477330602e-23,"var":0.00124482426327},"spectral_energyband_middle_high":{"dmean":0.000943843042478,"dmean2":0.00150028476492,"dvar":0.0000130085072669,"dvar2":0.0000320927974826,"max":0.0961666926742,"mean":0.00163621059619,"median":0.000239659362705,"min":1.50942478287e-21,"var":0.0000273710556939},"spectral_energyband_middle_low":{"dmean":0.00507366936654,"dmean2":0.00779436528683,"dvar":0.0000757152738515,"dvar2":0.000166760917637,"max":0.234051704407,"mean":0.0134931104258,"median":0.00688947830349,"min":3.9569434662e-22,"var":0.000346978747984},"spectral_entropy":{"dmean":0.476557970047,"dmean2":0.803636610508,"dvar":0.163736268878,"dvar2":0.468660861254,"max":9.80717849731,"mean":6.63137722015,"median":6.61209011078,"min":4.07352256775,"var":0.439704567194},"spectral_flux":{"dmean":0.0315335206687,"dmean2":0.0515592321754,"dvar":0.00111098552588,"dvar2":0.00282027968206,"max":0.433146476746,"mean":0.109820969403,"median":0.105923816562,"min":1.02492216103e-10,"var":0.00323870172724},"spectral_kurtosis":{"dmean":13.8571252823,"dmean2":23.6236839294,"dvar":319.345550537,"dvar2":881.653808594,"max":227.951599121,"mean":25.2510757446,"median":18.4522380829,"min":-1.17931604385,"var":436.474945068},"spectral_rms":{"dmean":0.00122095877305,"dmean2":0.00186178262811,"dvar":0.00000139775499974,"dvar2":0.00000311656572194,"max":0.0208094846457,"mean":0.00738472957164,"median":0.00736917043105,"min":3.20131898421e-12,"var":0.0000122075680338},"spectral_rolloff":{"dmean":3132.12939453,"dmean2":6207.00878906,"dvar":54221012,"dvar2":141276592,"max":22050,"mean":17342.8535156,"median":21942.3339844,"min":21.533203125,"var":76111880},"spectral_skewness":{"dmean":1.04479622841,"dmean2":1.75808489323,"dvar":1.12701284885,"dvar2":3.15348887444,"max":12.8089666367,"mean":3.79634642601,"median":3.46499586105,"min":0.0243507716805,"var":2.24107027054},"spectral_spread":{"dmean":979669.8125,"dmean2":1642209,"dvar":723385516032,"dvar2":1958280822780,"max":39638512,"mean":4183399,"median":4082131,"min":771552.0625,"var":2420839284740},"spectral_strongpeak":{"dmean":16.8460273743,"dmean2":31.4880485535,"dvar":1608.53417969,"dvar2":4294.77441406,"max":375.987701416,"mean":13.5069885254,"median":0.560920655727,"min":0,"var":1433.79174805},"zerocrossingrate":{"dmean":0.0590204931796,"dmean2":0.0736948549747,"dvar":0.00253350008279,"dvar2":0.0040122512728,"max":0.869140625,"mean":0.33046489954,"median":0.3369140625,"min":0.0068359375,"var":0.0165525153279}},"metadata":{"audio_properties":{"analysis_sample_rate":44100,"bit_rate":192000,"codec":"mp3","downmix":"mix","equal_loudness":0,"length":327.941223145,"lossless":false,"md5_encoded":"2fcf0bed3b67456801e455d8204ef06a","replay_gain":-5.0664024353},"tags":{"album":["A Saucerful of Secrets"],"albumartist":["Pink Floyd"],"albumartistsort":["Pink Floyd"],"artist":["Pink Floyd"],"artistsort":["Pink Floyd"],"asin":["B000002U9Y"],"catalognumber":["SCX 6258"],"composer":["Roger Waters"],"date":["1968-06-29"],"discnumber":["1/1"],"file_name":"03 Set the Controls for the Heart of the Sun.mp3","genre":["Rock"],"isrc":["GBN9Y1100014"],"label":["Columbia Records"],"language":["eng"],"media":["Vinyl"],"mp3gain_album_minmax":["000,195"],"mp3gain_minmax":["142,194"],"musicbrainz album release country":["GB"],"musicbrainz album status":["official"],"musicbrainz album type":["album"],"musicbrainz_albumartistid":["83d91898-7763-47d7-b03b-b92132375c47"],"musicbrainz_albumid":["bc2be498-ff42-4a4f-b4df-53d6e3bee74a"],"musicbrainz_artistid":["83d91898-7763-47d7-b03b-b92132375c47"],"musicbrainz_recordingid":["ccbb51ad-20b2-477f-a6a2-d3ca9cba2986"],"originaldate":["1968-06-29"],"replaygain_album_gain":["-6.73 dB"],"replaygain_album_peak":["1.094511"],"replaygain_track_gain":["-4.94 dB"],"replaygain_track_peak":["1.000112"],"script":["Latn"],"title":["Set the Controls for the Heart of the Sun"],"tracknumber":["3/7"]},"version":{"essentia":"2.1-beta1","essentia_build_sha":"eef087cf131c10083d474ad51def18efd0e38295","essentia_git_sha":"v2.1_beta1-7-ge0e83e8-dirty","extractor":"music 1.0"}},"rhythm":{"beats_count":759,"beats_loudness":{"dmean":0.0478786081076,"dmean2":0.0831880643964,"dvar":0.00222453917377,"dvar2":0.00623299507424,"max":0.348438322544,"mean":0.0810724124312,"median":0.0703512132168,"min":4.45421166617e-9,"var":0.00376318441704},"beats_loudness_band_ratio":{"dmean":[0.190435364842,0.055369656533,0.0543549880385,0.017