{"lowlevel":{"average_loudness":0.958302021027,"barkbands":{"dmean":[0.000261288514594,0.00475890655071,0.00371975498274,0.00145122641698,0.00237556546926,0.000773635634687,0.00030979589792,0.000389692548197,0.00051864690613,0.000526308780536,0.000367559900042,0.000443515862571,0.000406019564252,0.000584259978496,0.000673917820677,0.000578459585086,0.000348462112015,0.000325286993757,0.000190537204617,0.000181663010153,0.000188552963664,0.000178912741831,0.0000913577459869,0.0000634695024928,0.0000649512585369,0.0000222765829676,0.00000269880979431],"dmean2":[0.000395737879444,0.00764905894175,0.00642280839384,0.00239581987262,0.00369062297978,0.00126767600887,0.000513475795742,0.000623130938038,0.000815549632534,0.000789791869465,0.000589839706663,0.000695178983733,0.00065087270923,0.000928592635319,0.0010902909562,0.000938738172408,0.00056996505009,0.000534493650775,0.000322475563735,0.000306951202219,0.000327173882397,0.000318090082146,0.000151323562022,0.000093867747637,0.0000954920833465,0.0000322749692714,0.00000426251881436],"dvar":[2.69227939498e-7,0.0000625506363576,0.0000642576051177,0.00000887045825948,0.0000420712276537,0.00000151288816141,4.25796173431e-7,6.84995654865e-7,6.90015610871e-7,7.87830515492e-7,6.24125391369e-7,8.1187329215e-7,7.3524194022e-7,9.85381916507e-7,0.00000144463331253,0.0000010884666608,2.92459588991e-7,2.14908155272e-7,5.3514288112e-8,7.37161016673e-8,1.08952242783e-7,1.63361889349e-7,2.97018143414e-8,2.3020705342e-8,2.49906300098e-8,3.94941102044e-9,1.54525017781e-10],"dvar2":[5.82220309298e-7,0.00014779502817,0.00017692023539,0.0000222287653742,0.0000925764252315,0.00000384205395676,0.00000104827358882,0.00000170587827597,0.00000166650022493,0.00000175966010829,0.00000147669379658,0.00000195673828784,0.00000176756805104,0.00000236949085775,0.0000034536055864,0.00000260527167484,7.34360185106e-7,5.3358940022e-7,1.49153024154e-7,2.01927619514e-7,3.03710152139e-7,4.58246404378e-7,7.76834454541e-8,4.48102781547e-8,4.56389557257e-8,7.59759455349e-9,4.20650042576e-10],"max":[0.00578118441626,0.071292668581,0.0829167664051,0.0347594991326,0.0569031052291,0.0212652534246,0.0116648580879,0.0158475637436,0.0174799114466,0.0192555263638,0.0145654967055,0.0204594880342,0.0241326615214,0.0250017233193,0.0242667961866,0.0240440368652,0.0129687078297,0.0104120066389,0.00340544222854,0.00631286110729,0.00452539743856,0.00498774833977,0.00305675971322,0.00483889179304,0.00540649099275,0.00167160364799,0.000743498792872],"mean":[0.000319442566251,0.00841656792909,0.00488076079637,0.00193254323676,0.00272933975793,0.00137990969233,0.000452698528534,0.000659458222799,0.000952429720201,0.00114602223039,0.000619146216195,0.000808211159892,0.000669647706673,0.00106500566471,0.00120597612113,0.00116644916125,0.000729645951651,0.000675619812682,0.000458513619378,0.000397050607717,0.000367058411939,0.000258194078924,0.000181959898327,0.000149024112034,0.000145266632899,0.000043475170969,0.00000379599055123],"median":[0.0000820108834887,0.00575733277947,0.0025839433074,0.00100845005363,0.000930330366828,0.000816838059109,0.000212548635318,0.000250991608482,0.000532725767698,0.000469247548608,0.000285082380287,0.000315185985528,0.00032994459616,0.000554643163923,0.000676222261973,0.000721614924259,0.000503918272443,0.000508544384502,0.000385705789085,0.000305616762489,0.000274780904874,0.000123795180116,0.000107738807856,0.0000844874230097,0.0000826472532935,0.0000215558102354,0.00000167260645867],"min":[8.62601354666e-25,1.44419970666e-24,3.01757499212e-24,6.52433880322e-24,1.75458963187e-23,2.15457461189e-23,3.37954196466e-23,1.90331578715e-23,4.67709572254e-23,3.34134090201e-23,4.28113740413e-23,3.26318245679e-23,6.16992852651e-23,5.13529832182e-23,4.07936382397e-23,6.0004685823e-23,8.01235671578e-23,1.22733453502e-22,1.66767391552e-22,1.69750926605e-22,2.66117038827e-22,3.83595416523e-22,5.23879068791e-22,5.80723855507e-22,1.13593829699e-21,1.42774715973e-21,2.07938988829e-21],"var":[3.72037192164e-7,0.0000846009425004,0.0000551829034521,0.00000911570896278,0.0000435991059931,0.00000286213094114,6.16036743395e-7,0.00000143480372117,0.00000162840058238,0.00000316563023262,0.00000123248321415,0.00000211545670936,0.00000145055253142,0.00000234361527873,0.0000028814106372,0.00000244700754592,7.32417959171e-7,4.87982106279e-7,1.47621591395e-7,1.29835456164e-7,1.33702229732e-7,1.50598765458e-7,5.29740269428e-8,6.32625400954e-8,6.54549481283e-8,8.78258088477e-9,1.30025976097e-10]},"barkbands_crest":{"dmean":2.46865582466,"dmean2":3.97191667557,"dvar":5.56186389923,"dvar2":14.0777206421,"max":23.989938736,"mean":9.3225107193,"median":8.35078048706,"min":1.97097766399,"var":15.5552797318},"barkbands_flatness_db":{"dmean":0.0180248152465,"dmean2":0.0278541408479,"dvar":0.000351400289219,"dvar2":0.000819746986963,"max":0.326579034328,"mean":0.102305099368,"median":0.0895616561174,"min":0.0197757463902,"var":0.00235372898169},"barkbands_kurtosis":{"dmean":1.75639116764,"dmean2":2.82557702065,"dvar":12.9346323013,"dvar2":31.7310771942,"max":88.6842956543,"mean":1.5641272068,"median":-0.283797621727,"min":-1.86918234825,"var":32.2189407349},"barkbands_skewness":{"dmean":0.498198002577,"dmean2":0.761822164059,"dvar":0.294335335493,"dvar2":0.662043392658,"max":8.65275382996,"mean":1.1032705307,"median":0.889017045498,"min":-3.07847905159,"var":1.17258727551},"barkbands_spread":{"dmean":6.28333473206,"dmean2":9.79402446747,"dvar":47.1332092285,"dvar2":103.164176941,"max":109.124938965,"mean":32.7763557434,"median":33.122051239,"min":1.97701740265,"var":176.559799194},"dissonance":{"dmean":0.0115543305874,"dmean2":0.0195077396929,"dvar":0.00018453533994,"dvar2":0.000491924758535,"max":0.5,"mean":0.479247093201,"median":0.483611762524,"min":0,"var":0.000306751491735},"dynamic_complexity":1.90704119205,"erbbands":{"dmean":[0.142022773623,1.19504952431,4.39461755753,3.6568043232,11.025677681,4.26726341248,4.08352279663,7.74366998672,3.8896946907,5.69450759888,8.99176120758,13.5417041779,9.96721172333,18.0276184082,16.6378002167,17.8456668854,16.7200241089,26.7936038971,35.5193862915,27.6909046173,25.7670269012,15.7822332382,17.89320755,13.2790298462,8.08525943756,8.86060714722,8.10584926605,7.4799041748,6.12118721008,4.33906269073,2.42565822601,1.31918179989,1.17638134956,0.920733094215,0.364122211933,0.130878925323,0.036049131304,0.00573492143303,0.000437397422502,0.0000283447552647],"dmean2":[0.227431133389,1.95503461361,7.57499217987,6.09085988998,17.3735294342,6.69512033463,6.54324817657,12.7768135071,6.24010419846,9.5497674942,14.0760602951,21.2433567047,15.4360628128,26.8545341492,26.2859840393,28.0406513214,26.9922847748,41.9959335327,57.5925483704,43.5962867737,41.7213897705,25.6310005188,29.1976394653,22.3386707306,13.6544055939,15.0512275696,14.1018657684,13.0596790314,10.779384613,7.58980798721,3.97849011421,2.02587032318,1.73272550106,1.36435317993,0.532968342304,0.19000223279,0.0524788722396,0.00852327141911,0.000684879312757,0.0000440652474936],"dvar":[0.0637888908386,4.70889139175,93.2343444824,35.5520210266,1050.82727051,88.6473388672,41.9060897827,189.623092651,61.1843147278,181.813400269,345.169067383,497.83682251,326.496887207,1144.49804688,1254.2512207,1318.87548828,1383.30651855,2160.06640625,3836.20605469,2891.11962891,2112.20751953,558.054504395,732.135864258,286.731658936,108.731452942,183.355072021,196.836334229,203.447143555,168.633117676,107.712257385,18.3772182465,7.82902050018,9.6364774704,4.84646081924,0.887695431709,0.13151063025,0.0114357853308,0.000385819323128,0.00000362091668649,3.61485130718e-9],"dvar2":[0.162841796875,11.793967247,256.16104126,95.96043396,2359.56787109,208.524398804,100.760017395,478.7059021,145.453277588,466.497955322,826.369628906,1233.87988281,748.75579834,2501.23193359,3094.52294922,3239.95556641,3473.05957031,4671.25878906,9424.87792969,6454.69140625,5025.59033203,1351.37426758,1803.23181152,771.868041992,296.015838623,500.669128418,553.56817627,566.051452637,466.336334229,304.103424072,46.0641403198,16.4985961914,19.128282547,9.12786006927,1.59951937199,0.256439566612,0.0223190449178,0.000863338937052,0.00000977557556325,9.16014997188e-9],"max":[2.65911149979,20.3643531799,86.8855667114,65.4014053345,287.158050537,95.1516265869,133.045288086,270.644317627,152.712341309,259.566894531,351.251556396,495.99331665,353.971740723,750.917541504,739.732299805,1033.86230469,1026.12634277,2090.12597656,1348.84655762,1202.84277344,1204.16101074,730.027648926,725.286254883,368.197235107,184.603820801,229.347763062,189.240966797,168.68711853,156.338119507,115.010238647,88.1420974731,78.008605957,106.168174744,81.7767410278,32.7903251648,9.75787448883,2.88118910789,0.863366544247,0.108505554497,0.00256447657011],"mean":[0.213780134916,1.98684751987,5.86715841293,5.72877645493,11.4533939362,5.77323198318,7.49335765839,12.72905159,6.78540611267,8.23550605774,16.8098125458,25.2540607452,22.1605110168,39.4794998169,32.8489151001,34.2601699829,30.5241565704,52.307926178,67.3876647949,59.9899559021,58.0643577576,37.6800308228,39.3048820496,30.8375492096,19.6041069031,18.9971294403,16.3092689514,13.4568080902,9.30468273163,6.64657115936,5.08633756638,3.13967347145,2.60940766335,2.00488948822,0.781103312969,0.258422940969,0.0682937577367,0.00965566094965,0.000657041964587,0.0000663696191623],"median":[0.134107738733,1.31267166138,3.20800352097,3.9216799736,2.99582195282,2.59427976608,4.77126455307,6.14753580093,3.92414426804,3.57056713104,7.37663555145,14.5872077942,11.5498657227,16.9397468567,15.8487758636,14.9812240601,17.3615951538,29.2774658203,42.1181640625,37.0084762573,39.3263320923,28.447719574,29.93516922,26.080581665,16.1730308533,14.6897535324,12.5100517273,9.44363975525,4.69724369049,3.39974737167,3.08960103989,1.78574538231,1.47969079018,1.1404633522,0.420339763165,0.128536432981,0.0331004112959,0.004471602384,0.000311816402245,0.0000519828463439],"min":[1.15136356953e-22,2.9180845884e-22,3.69019003751e-21,2.35239196373e-20,3.86150140419e-20,5.77953161942e-20,1.02692101367e-19,1.11942352297e-19,2.54679708221e-19,5.0235929711e-19,7.30957690424e-19,8.5078260867e-19,1.17651108275e-18,1.69034223758e-18,1.4126937917e-18,1.50497095891e-18,3.02079597503e-18,3.29760803791e-18,4.01067577624e-18,4.26628161655e-18,5.31031879363e-18,5.76425979736e-18,7.27864510562e-18,7.93747295683e-18,9.49664968167e-18,8.61015691047e-18,1.25869211767e-17,1.05611144976e-17,1.14679782457e-17,1.5090742297e-17,1.26239085578e-17,1.0964987086e-17,1.22894529664e-17,9.62380140388e-18,8.46908704726e-18,4.52039770459e-18,2.48102939927e-18,9.35866975164e-19,2.57223753893e-19,2.83691478468e-20],"var":[0.0765536278486,5.25392866135,76.7370147705,38.1536254883,1033.96154785,100.551147461,86.6287612915,357.654022217,97.2243728638,251.050827026,836.10357666,1121.24267578,1146.8737793,4319.42871094,3409.30883789,3452.39770508,2276.47973633,6827.07324219,7430.09814453,7192.91113281,5840.828125,1633.0793457,1717.56433105,668.769714355,283.641571045,302.945709229,246.189239502,225.050552368,175.20085144,103.504966736,39.1283454895,22.6772651672,23.8195533752,12.5083580017,2.22677969933,0.288787871599,0.0241463519633,0.000602458021604,0.00000327752536577,4.36781633084e-9]},"erbbands_crest":{"dmean":2.49487066269,"dmean2":4.03008794785,"dvar":5.8457865715,"dvar2":14.832274437,"max":30.8102722168,"mean":8.51525497437,"median":7.29003047943,"min":2.25738477707,"var":20.1532459259},"erbbands_flatness_db":{"dmean":0.0136884618551,"dmean2":0.0199556238949,"dvar":0.000181723851711,"dvar2":0.000359530968126,"max":0.406456530094,"mean":0.136803820729,"median":0.132297158241,"min":0.0389952845871,"var":0.00148650072515},"erbbands_kurtosis":{"dmean":0.780020833015,"dmean2":1.18692302704,"dvar":1.47582268715,"dvar2":2.59025621414,"max":63.2268829346,"mean":0.671557486057,"median":0.164091348648,"min":-1.62418055534,"var":7.37006473541},"erbbands_skewness":{"dmean":0.276965558529,"dmean2":0.421833276749,"dvar":0.063941590488,"dvar2":0.146225452423,"max":2.6446762085,"mean":-0.221417114139,"median":-0.222122430801,"min":-5.84522104263,"var":0.331732243299},"erbbands_spread":{"dmean":7.87262916565,"dmean2":12.0053195953,"dvar":70.4408187866,"dvar2":157.452850342,"max":135.527679443,"mean":36.3760261536,"median":33.1746711731,"min":1.53549206257,"var":261.58605957},"gfcc":{"cov":[[9687.19335938,-814.73626709,-496.70401001,331.400177002,-442.467712402,487.160095215,-389.452911377,236.089920044,-184.549743652,86.7374801636,-167.61668396,136.895950317,-94.2520065308],[-814.73626709,1027.98535156,-186.690490723,-14.702085495,245.386657715,-164.695129395,224.534606934,-77.6333389282,51.0323104858,-44.1415405273,83.6879806519,-83.470451355,67.61328125],[-496.70401001,-186.690490723,427.769897461,23.0666332245,-35.102355957,-3.61233258247,-44.3367080688,17.8555412292,2.51859998703,18.176607132,-38.1299934387,30.8830184937,-33.2786827087],[331.400177002,-14.702085495,23.0666332245,191.629562378,25.5788898468,25.1735610962,7.18955612183,-3.99021458626,25.8521213531,-7.72899341583,-4.77914857864,10.4170999527,1.00239348412],[-442.467712402,245.386657715,-35.102355957,25.5788898468,243.125747681,-14.1827201843,89.1869354248,-1.10325419903,29.4776306152,3.57341718674,33.6949424744,-4.52271032333,32.4556121826],[487.160095215,-164.695129395,-3.61233258247,25.1735610962,-14.1827201843,148.121688843,6.41699504852,46.6964302063,-5.54881381989,9.48446369171,5.43105506897,13.749581337,-1.86618351936],[-389.452911377,224.534606934,-44.3367080688,7.18955612183,89.1869354248,6.41699504852,193.155014038,-3.0640938282,25.1881828308,-11.8625993729,26.672750473,-12.4403896332,19.9352302551],[236.089920044,-77.6333389282,17.8555412292,-3.99021458626,-1.10325419903,46.6964302063,-3.0640938282,137.180664062,40.3709106445,21.1494979858,6.51670646667,17.0519275665,15.2303819656],[-184.549743652,51.0323104858,2.51859998703,25.8521213531,29.4776306152,-5.54881381989,25.1881828308,40.3709106445,89.4909362793,21.8344974518,14.610244751,2.90281867981,14.3055076599],[86.7374801636,-44.1415405273,18.176607132,-7.72899341583,3.57341718674,9.48446369171,-11.8625993729,21.1494979858,21.8344974518,70.7136535645,26.4488582611,18.1738758087,-4.5232167244],[-167.61668396,83.6879806519,-38.1299934387,-4.77914857864,33.6949424744,5.43105506897,26.672750473,6.51670646667,14.610244751,26.4488582611,83.9382858276,17.2277088165,16.3278255463],[136.895950317,-83.470451355,30.8830184937,10.4170999527,-4.52271032333,13.749581337,-12.4403896332,17.0519275665,2.90281867981,18.1738758087,17.2277088165,75.1283798218,19.3787994385],[-94.2520065308,67.61328125,-33.2786827087,1.00239348412,32.4556121826,-1.86618351936,19.9352302551,15.2303819656,14.3055076599,-4.5232167244,16.3278255463,19.3787994385,70.2629928589]],"icov":[[0.000280811567791,-0.000362954684533,0.000536516483407,-0.00063314626459,0.000453207147075,-0.000871756172273,0.000530727673322,-0.000584392924793,0.00084166607121,-0.000834150239825,0.00107570143882,-0.000844275462441,0.000490512698889],[-0.000362954684533,0.00324094085954,-0.000318833976053,0.00081438140478,-0.00190985610243,0.00375945400447,-0.00254913722165,0.00123104511295,-0.00153527944349,0.00217994512059,-0.00358826783486,0.00366000947542,-0.00205245288089],[0.000536516483407,-0.000318833976053,0.00385432457551,-0.00150897272397,0.000677998759784,-0.00091722747311,0.000906282220967,-0.00145733449608,0.00146855891217,-0.00212376890704,0.00324186962098,-0.0028707056772,0.0021974616684],[-0.00063314626459,0.00081438140478,-0.00150897272397,0.00758009916171,-0.00179981149267,0.000234896579059,-0.000772251922172,0.00280205183662,-0.00486873090267,0.00362907652743,-0.00191519293003,0.000590804440435,-0.000499487738125],[0.000453207147075,-0.00190985610243,0.000677998759784,-0.00179981149267,0.00685508688912,-0.00198384793475,-0.000358655350283,-0.00106307293754,0.00118863256648,-0.00248579657637,0.00159487477504,-0.00172891200054,-0.000390211411286],[-0.000871756172273,0.00375945400447,-0.00091722747311,0.000234896579059,-0.00198384793475,0.0138310724869,-0.00447645504028,-0.00148410105612,-0.0000431526968896,0.00254369247705,-0.00573129067197,0.00427758041769,-0.00202474044636],[0.000530727673322,-0.00254913722165,0.000906282220967,-0.000772251922172,-0.000358655350283,-0.00447645504028,0.00921302754432,-0.000667480286211,-0.00011595342221,-0.000140893243952,0.00179279653821,-0.00232962495647,0.00142314808909],[-0.000584392924793,0.00123104511295,-0.00145733449608,0.00280205183662,-0.00106307293754,-0.00148410105612,-0.000667480286211,0.0119444020092,-0.00714393332601,0.001125410432,-0.00186620291788,0.0012421826832,-0.00302881188691],[0.00084166607121,-0.00153527944349,0.00146855891217,-0.00486873090267,0.00118863256648,-0.0000431526968896,-0.00011595342221,-0.00714393332601,0.0195333007723,-0.00781809631735,0.0030748762656,-0.000915699580219,-0.000539593806025],[-0.000834150239825,0.00217994512059,-0.00212376890704,0.00362907652743,-0.00248579657637,0.00254369247705,-0.000140893243952,0.001125410432,-0.00781809631735,0.0233023278415,-0.0101918829605,-0.000158055787324,0.00224134069867],[0.00107570143882,-0.00358826783486,0.00324186962098,-0.00191519293003,0.00159487477504,-0.00573129067197,0.00179279653821,-0.00186620291788,0.0030748762656,-0.0101918829605,0.0224389880896,-0.00826976075768,0.00124990160111],[-0.000844275462441,0.00366000947542,-0.0028707056772,0.000590804440435,-0.00172891200054,0.00427758041769,-0.00232962495647,0.0012421826832,-0.000915699580219,-0.000158055787324,-0.00826976075768,0.0227212235332,-0.00888725742698],[0.000490512698889,-0.00205245288089,0.0021974616684,-0.000499487738125,-0.000390211411286,-0.00202474044636,0.00142314808909,-0.00302881188691,-0.000539593806025,0.00224134069867,0.00124990160111,-0.00888725742698,0.0207072421908]],"mean":[34.6123390198,76.368522644,-121.666595459,42.8642921448,-40.8354225159,24.0981006622,-33.3784370422,14.1547288895,-23.1272296906,4.93043518066,-19.2599258423,-1.4688231945,-7.4062461853]},"hfc":{"dmean":7.08390378952,"dmean2":11.3277711868,"dvar":99.8987960815,"dvar2":256.747253418,"max":137.519638062,"mean":28.5028572083,"median":26.4582519531,"min":1.12438607725e-16,"var":299.973144531},"melbands":{"dmean":[0.00121044856496,0.0020247430075,0.000898569240235,0.000588636321481,0.000130246669869,0.00015964944032,0.0000610334645899,0.0000647279593977,0.0000752342966734,0.0000849062780617,0.0000508881930728,0.000076668249676,0.000051062208513,0.0000527400879946,0.0000381451718567,0.0000438651404693,0.0000556440463697,0.0000595925630478,0.0000431080516137,0.0000452557032986,0.0000297982442135,0.0000183551437658,0.0000204060288524,0.0000163155709743,0.0000117330655485,0.00000659377292322,0.0000058363516473,0.0000065240578806,0.00000578223398406,0.00000493254947287,0.00000473617819807,0.00000375926924789,0.00000329699264512,0.00000220460628952,0.00000157711508564,0.00000113789428724,7.50226320179e-7,8.44178941861e-7,9.51852882736e-7,7.85808765613e-7],"dmean2":[0.00192029832397,0.00342192151584,0.00145961868111,0.000915308541153,0.000212460508919,0.000263142341282,0.0000986992745311,0.000108109597932,0.000117192903417,0.000133272318635,0.0000789118712419,0.000114342052257,0.0000809902849142,0.000081725534983,0.0000612338408246,0.0000690181186656,0.0000877419734024,0.0000967863816186,0.0000687012288836,0.0000722265031072,0.0000486908356834,0.0000297940823657,0.0000334102696797,0.0000269938718702,0.0000198266716325,0.0000111927238322,0.0000097036763691,0.0000111332228698,0.0000100242104963,0.0000084544190031,0.00000837651168695,0.00000664450999466,0.00000582323309573,0.00000383864608011,0.00000263134666056,0.0000017923134692,0.00000116001479,0.00000127207613332,0.00000142710098316,0.00000119628009543],"dvar":[0.00000387341515307,0.0000183446663868,0.00000308540575134,0.00000270437180916,3.96491266486e-8,7.56622569043e-8,1.43876022207e-8,2.25600711445e-8,2.21429914404e-8,1.90003905942e-8,8.63146709662e-9,2.08570138938e-8,1.1218689977e-8,1.09499112e-8,7.252555001e-9,8.77706973768e-9,9.74705383072e-9,1.1163886704e-8,7.12152115057e-9,7.1956969272e-9,3.04208991331e-9,9.17936837652e-10,8.91272444736e-10,5.93586846342e-10,2.28036090011e-10,7.49089748564e-11,5.77052468309e-11,1.0849567772e-10,1.00229463618e-10,5.84870346598e-11,9.06106786824e-11,6.24572268904e-11,6.19285525638e-11,2.55487558193e-11,8.27078162902e-12,4.81264941093e-12,3.00196673075e-12,5.13569829025e-12,5.87593125198e-12,3.44391984548e-12],"dvar2":[0.00000921299579204,0.0000494312516821,0.00000735359526516,0.00000602593763688,9.7575991731e-8,1.91712757669e-7,3.42430155342e-8,5.81368198027e-8,5.25849692679e-8,4.61682887476e-8,1.98496206139e-8,4.57724169678e-8,2.70993858464e-8,2.60785970596e-8,1.78255916694e-8,1.95874694242e-8,2.25573035806e-8,2.73249600724e-8,1.63955746757e-8,1.66615556907e-8,7.32066895992e-9,2.18751394776e-9,2.18175744138e-9,1.48356027463e-9,6.19662876566e-10,2.08086645137e-10,1.52420742694e-10,2.98701313683e-10,2.83088441577e-10,1.59300045377e-10,2.53780246817e-10,1.72853065195e-10,1.74410846876e-10,7.17645456949e-11,2.16142694021e-11,1.15613517024e-11,6.32727854485e-12,1.05860277141e-11,1.17993653043e-11,6.76080458978e-12],"max":[0.0221464838833,0.0376713573933,0.0161562748253,0.0145605886355,0.00382667919621,0.00523728970438,0.00207171286456,0.00268628960475,0.00283173006028,0.00326677900739,0.0018248190172,0.00327943731099,0.00207650847733,0.00173390633427,0.00187547574751,0.00361049105413,0.00348264025524,0.00271975854412,0.00270216912031,0.00211706198752,0.00150161853526,0.00103928591125,0.000636048265733,0.000459822360426,0.000322681531543,0.000165646692039,0.000116591283586,0.000219084278797,0.000196644992684,0.000113689668069,0.000130560525577,0.000103723650682,0.0000972620255197,0.0000693863839842,0.0000563202447665,0.0000519273526152,0.0000506225624122,0.0000835348109831,0.0000787113240222,0.0000693013935233],"mean":[0.00212382734753,0.00298545137048,0.00123156758491,0.000656094751321,0.000240586319705,0.000270421383902,0.000101893376268,0.0000957609590841,0.00013992752065,0.000155284928042,0.000107773979835,0.00016289355699,0.0000942947226577,0.0000984050275292,0.0000663728569634,0.0000744355784263,0.000100502184068,0.000107560663309,0.0000810578567325,0.0000879237850313,0.0000616457982687,0.0000380049714295,0.0000401889701607,0.0000315862707794,0.0000248099695455,0.0000143544921229,0.0000128570318338,0.0000125296382976,0.0000105719427665,0.00000926528082346,0.0000073357018664,0.00000540646033187,0.00000443697581431,0.00000340218139172,0.00000302271791952,0.00000247123443842,0.00000167169719134,0.00000174487911409,0.00000197901181309,0.00000160679860528],"median":[0.00144730578177,0.0019395329291,0.000706894265022,0.000209207821172,0.000157791917445,0.000141162599903,0.0000559865875402,0.0000397955336666,0.0000625999964541,0.0000864997127792,0.0000512035912834,0.000063517189119,0.0000434064786532,0.0000424453974119,0.000030606668588,0.0000357657991117,0.0000502161783515,0.0000643241219223,0.0000470305167255,0.0000503347473568,0.0000406782201026,0.0000265089474851,0.0000274145641015,0.0000234639737755,0.0000200452141144,0.000011381582226,0.00000984273629001,0.00000940734753385,0.00000785034808359,0.00000669775772622,0.00000476273453387,0.00000276609830507,0.00000174816125309,0.00000185114708984,0.00000178902791959,0.00000142849512486,9.04260446077e-7,9.48516287735e-7,0.00000111903511879,8.79999504377e-7],"min":[1.19468586196e-24,2.25064816716e-24,4.12001816515e-24,2.98477514176e-24,3.46203993372e-24,3.13191190008e-24,4.65648262931e-24,4.85971410331e-24,6.23651028018e-24,6.10586465908e-24,5.7138268216e-24,6.53144683441e-24,5.5857055554e-24,3.72682109656e-24,6.20521695693e-24,6.11074968024e-24,5.55103432975e-24,6.86532866267e-24,3.39114303202e-24,4.76075505263e-24,6.5524112074e-24,4.98927898497e-24,5.79538557287e-24,5.80284859146e-24,5.50900579288e-24,6.52804723834e-24,6.45104652538e-24,5.05233382041e-24,7.50077820993e-24,7.79993793102e-24,5.06613375866e-24,6.02328433294e-24,7.28062606395e-24,7.87248552417e-24,5.98071660964e-24,6.29377290443e-24,6.14033985279e-24,8.80702537276e-24,7.14088251003e-24,7.64257516879e-24],"var":[0.00000552326036996,0.0000156459191203,0.00000318396018884,0.00000275083289125,7.90122385297e-8,1.42058922847e-7,2.28674341685e-8,3.30686056316e-8,5.34839692534e-8,4.53048976112e-8,2.99773148527e-8,7.95731054382e-8,2.77872089782e-8,2.8146178721e-8,1.41864093806e-8,2.19888782738e-8,2.59956287607e-8,2.07581312139e-8,1.50306398439e-8,1.54867070279e-8,7.72619834777e-9,2.32428809532e-9,2.05001837728e-9,1.19267651311e-9,4.9013060277e-10,1.73672354276e-10,1.42125713976e-10,1.51356024936e-10,1.18061754817e-10,8.93137785951e-11,8.63407331742e-11,6.20738044299e-11,5.64120070101e-11,2.59428450944e-11,1.45963380271e-11,1.22504801442e-11,8.13122919691e-12,1.15812420418e-11,1.40468929891e-11,8.27838145256e-12]},"melbands_crest":{"dmean":3.36975216866,"dmean2":5.53572368622,"dvar":10.9425296783,"dvar2":26.4913043976,"max":32.6321334839,"mean":14.7826833725,"median":14.1985368729,"min":1.00085055828,"var":26.3994178772},"melbands_flatness_db":{"dmean":0.0248888134956,"dmean2":0.0383588634431,"dvar":0.000662983104121,"dvar2":0.0015092829708,"max":0.427888005972,"mean":0.167619347572,"median":0.154447421432,"min":-3.88288469821e-7,"var":0.00397361442447},"melbands_kurtosis":{"dmean":6.06193780899,"dmean2":9.64154338837,"dvar":131.32598877,"dvar2":320.62890625,"max":266.416778564,"mean":9.84211730957,"median":4.24720573425,"min":-1.87186646461,"var":304.819671631},"melbands_skewness":{"dmean":0.760962307453,"dmean2":1.16305434704,"dvar":0.779700040817,"dvar2":1.78662502766,"max":13.1782083511,"mean":2.46382880211,"median":2.09724855423,"min":-1.9365978241,"var":2.56804180145},"melbands_spread":{"dmean":9.13435459137,"dmean2":14.1573419571,"dvar":103.292503357,"dvar2":219.67805481,"max":183.065444946,"mean":34.5975036621,"median":33.2334060669,"min":1.19368934631,"var":362.747283936},"mfcc":{"cov":[[5141.15625,-657.962280273,-69.3193359375,-128.555770874,4.72091627121,85.9080810547,-65.8316879272,85.0249710083,29.3396110535,-20.3886241913,-19.8533496857,-23.6670665741,62.7865409851],[-657.962280273,893.096252441,-201.753845215,145.538360596,6.74722671509,-8.61779212952,109.619010925,-10.5047855377,33.2034416199,41.7594413757,23.1881732941,16.8984260559,-24.281621933],[-69.3193359375,-201.753845215,339.281524658,-0.433658450842,-5.29719781876,3.55612707138,-58.0457000732,-4.25286149979,-17.390920639,-19.4469585419,8.46602058411,-15.2260808945,9.41384220123],[-128.555770874,145.538360596,-0.433658450842,199.796569824,27.1141624451,42.9416847229,2.88042593002,19.1245155334,17.384771347,3.6814930439,12.718670845,-1.17139256001,-0.834131002426],[4.72091627121,6.74722671509,-5.29719781876,27.1141624451,151.679077148,-4.015832901,3.24633312225,5.40102243423,19.7156124115,4.01231622696,-1.84953808784,13.2076358795,14.3491601944],[85.9080810547,-8.61779212952,3.55612707138,42.9416847229,-4.015832901,115.136932373,29.4030895233,21.9833068848,-5.40191268921,-2.89009714127,7.562022686,-2.90813684464,-5.55055713654],[-65.8316879272,109.619010925,-58.0457000732,2.88042593002,3.24633312225,29.4030895233,121.569618225,30.0510177612,10.0855379105,17.9472904205,2.59367966652,11.3747520447,-5.84542942047],[85.0249710083,-10.5047855377,-4.25286149979,19.1245155334,5.40102243423,21.9833068848,30.0510177612,89.4931411743,34.6234588623,19.7314891815,-0.15650947392,2.36007857323,7.92954397202],[29.3396110535,33.2034416199,-17.390920639,17.384771347,19.7156124115,-5.40191268921,10.0855379105,34.6234588623,85.5348205566,31.7227058411,4.18658876419,-3.39718413353,0.16522140801],[-20.3886241913,41.7594413757,-19.4469585419,3.6814930439,4.01231622696,-2.89009714127,17.9472904205,19.7314891815,31.7227058411,74.9486312866,20.4391326904,8.75614929199,-1.97600829601],[-19.8533496857,23.1881732941,8.46602058411,12.718670845,-1.84953808784,7.562022686,2.59367966652,-0.15650947392,4.18658876419,20.4391326904,58.906867981,24.6423664093,6.02857732773],[-23.6670665741,16.8984260559,-15.2260808945,-1.17139256001,13.2076358795,-2.90813684464,11.3747520447,2.36007857323,-3.39718413353,8.75614929199,24.6423664093,63.3631858826,27.7991657257],[62.7865409851,-24.281621933,9.41384220123,-0.834131002426,14.3491601944,-5.55055713654,-5.84542942047,7.92954397202,0.16522140801,-1.97600829601,6.02857732773,27.7991657257,59.5046615601]],"icov":[[0.000233936909353,0.000172569154529,0.00018781334802,0.0000980026306934,-0.0000103077254607,-0.000210405545658,0.000118060364912,-0.000156262103701,-0.0000957265438046,0.0000488553305331,-0.0000849348361953,0.000207652541576,-0.000275996280834],[0.000172569154529,0.00194638001267,0.000908013607841,-0.00150659796782,0.000259256194113,0.000786606571637,-0.00153137021698,0.000935564690735,-0.00039457224193,-0.000304417189909,-0.000452049775049,0.0000730401152396,0.000185799697647],[0.00018781334802,0.000908013607841,0.0038690820802,-0.000442664633738,0.0000187623663805,-0.0000859010542626,0.000994675909169,-0.00034383640741,0.000441135460278,0.000447711034212,-0.00151461793575,0.00149884261191,-0.000848090043291],[0.0000980026306934,-0.00150659796782,-0.000442664633738,0.00724639277905,-0.0012892956147,-0.00308980490081,0.00209525856189,-0.0015941982856,-0.000718883122317,0.000777517736424,-0.0010885281954,0.00067830219632,-0.000284413894406],[-0.0000103077254607,0.000259256194113,0.0000187623663805,-0.0012892956147,0.00731944665313,0.000467858219054,-0.000483126059407,0.000788287667092,-0.00190550892148,0.0000764560682001,0.00127995200455,-0.00165532284882,-0.00112679216545],[-0.000210405545658,0.000786606571637,-0.0000859010542626,-0.00308980490081,0.000467858219054,0.0116538722068,-0.00346505106427,-0.00189056771342,0.00193119503092,0.0010473805014,-0.00208221841604,0.00102258310653,0.00116171129048],[0.000118060364912,-0.00153137021698,0.000994675909169,0.00209525856189,-0.000483126059407,-0.00346505106427,0.0123384166509,-0.0040338835679,0.000716970243957,-0.0012545119971,0.00111099518836,-0.00230991048738,0.0015883698361],[-0.000156262103701,0.000935564690735,-0.00034383640741,-0.0015941982856,0.000788287667092,-0.00189056771342,-0.0040338835679,0.0165077261627,-0.00586002273485,-0.00217093131505,0.00199083518237,-0.000240702880546,-0.00252888421528],[-0.0000957265438046,-0.00039457224193,0.000441135460278,-0.000718883122317,-0.00190550892148,0.00193119503092,0.000716970243957,-0.00586002273485,0.0171451680362,-0.00552955036983,-0.000547345087398,0.0026642116718,-0.0000693274705554],[0.0000488553305331,-0.000304417189909,0.000447711034212,0.000777517736424,0.0000764560682001,0.0010473805014,-0.0012545119971,-0.00217093131505,-0.00552955036983,0.0186431482434,-0.00616378569975,-0.000594400742557,0.00154622818809],[-0.0000849348361953,-0.000452049775049,-0.00151461793575,-0.0010885281954,0.00127995200455,-0.00208221841604,0.00111099518836,0.00199083518237,-0.000547345087398,-0.00616378569975,0.0241168029606,-0.0101813590154,0.0015804610448],[0.000207652541576,0.0000730401152396,0.00149884261191,0.00067830219632,-0.00165532284882,0.00102258310653,-0.00230991048738,-0.000240702880546,0.0026642116718,-0.000594400742557,-0.0101813590154,0.0261922236532,-0.0113492161036],[-0.000275996280834,0.000185799697647,-0.000848090043291,-0.000284413894406,-0.00112679216545,0.00116171129048,0.0015883698361,-0.00252888421528,-0.0000693274705554,0.00154622818809,0.0015804610448,-0.0113492161036,0.0233692415059]],"mean":[-602.705810547,103.073936462,-10.7287101746,26.3606777191,15.9783439636,12.4965257645,7.67035865784,5.43299388885,8.99026679993,5.01545715332,-0.33020478487,-1.64130198956,-3.00828695297]},"pitch_salience":{"dmean":0.0702410787344,"dmean2":0.115353055298,"dvar":0.00479312147945,"dvar2":0.0127714686096,"max":0.996096074581,"mean":0.507664144039,"median":0.518082678318,"min":0.101005062461,"var":0.0116287106648},"silence_rate_20dB":{"dmean":0,"dmean2":0,"dvar":0,"dvar2":0,"max":1,"mean":1,"median":1,"min":1,"var":0},"silence_rate_30dB":{"dmean":0.000408705411246,"dmean2":0.000817494408693,"dvar":0.000408514315495,"dvar2":0.00122547685169,"max":1,"mean":0.999795675278,"median":1,"min":0,"var":0.000204290088732},"silence_rate_60dB":{"dmean":0.00265658530407,"dmean2":0.00531371356919,"dvar":0.00264990446158,"dvar2":0.00651049660519,"max":1,"mean":0.0179812014103,"median":0,"min":0,"var":0.0176587682217},"spectral_centroid":{"dmean":255.852310181,"dmean2":398.90612793,"dvar":98366.53125,"dvar2":231201.4375,"max":11790.0976562,"mean":1812.88061523,"median":1869.31091309,"min":282.654907227,"var":370312.5625},"spectral_complexity":{"dmean":4.20578336716,"dmean2":6.86572647095,"dvar":17.7799110413,"dvar2":43.8862037659,"max":58,"mean":28.8237628937,"median":31,"min":0,"var":138.676696777},"spectral_contrast_coeffs":{"dmean":[0.053085744381,0.0452161617577,0.036951225251,0.0299733635038,0.0197207983583,0.0192464757711],"dmean2":[0.0848714485765,0.0745563283563,0.0597811304033,0.04898019135,0.0324905999005,0.0314210169017],"dvar":[0.00237745582126,0.00131939828862,0.000831101089716,0.000572168442886,0.000259722524788,0.000358219316695],"dvar2":[0.0055219810456,0.0035075310152,0.00219529215246,0.00149171648081,0.00068063341314,0.000944994797464],"max":[-0.260537564754,-0.481176823378,-0.485628128052,-0.477548927069,-0.648151516914,-0.597065210342],"mean":[-0.667469799519,-0.745318949223,-0.758861303329,-0.768227815628,-0.796726644039,-0.751335799694],"median":[-0.679960429668,-0.749959230423,-0.763419628143,-0.771933078766,-0.797877669334,-0.75146239996],"min":[-0.975506067276,-0.997799515724,-0.997177183628,-0.985746979713,-0.986801445484,-0.963702082634],"var":[0.0061745014973,0.00426592258736,0.00366992736235,0.00246702181175,0.000991822918877,0.00129809579812]},"spectral_contrast_valleys":{"dmean":[0.355978637934,0.334178566933,0.279751300812,0.236388966441,0.207278877497,0.256915748119],"dmean2":[0.586591780186,0.554546773434,0.463765412569,0.385449916124,0.336064487696,0.365690290928],"dvar":[0.13331194222,0.122336938977,0.0969544425607,0.0858024135232,0.0951983183622,0.138664931059],"dvar2":[0.326500952244,0.295057713985,0.222428992391,0.190142855048,0.209401801229,0.265200197697],"max":[-5.33682775497,-4.86679124832,-5.61003923416,-5.66127872467,-5.63096570969,-7.59121227264],"mean":[-6.96401786804,-6.85132551193,-7.09696435928,-7.0807557106,-6.92202329636,-9.67199516296],"median":[-6.76862812042,-6.73945236206,-6.91027879715,-6.87193727493,-6.68008232117,-9.39016723633],"min":[-28.2501354218,-27.8798999786,-27.5292568207,-27.9541950226,-27.3765830994,-27.3469734192],"var":[1.33292484283,1.09110569954,1.23871934414,1.27400445938,1.26684713364,1.71802127361]},"spectral_decrease":{"dmean":2.79079181986e-9,"dmean2":4.40050973438e-9,"dvar":1.71671476142e-17,"dvar2":4.12718623347e-17,"max":9.84044756917e-29,"mean":-7.74408004389e-9,"median":-6.67101041074e-9,"min":-3.47487691954e-8,"var":2.32684682084e-17},"spectral_energy":{"dmean":0.0109237898141,"dmean2":0.0172080509365,"dvar":0.00025781444856,"dvar2":0.000620567705482,"max":0.135400950909,"mean":0.0318132415414,"median":0.0277878046036,"min":1.01705733723e-20,"var":0.000360792357242},"spectral_energyband_high":{"dmean":0.000584944384173,"dmean2":0.00097416708013,"dvar":0.0000012353357306,"dvar2":0.000003275104973,"max":0.0130256367847,"mean":0.00136853498407,"median":0.000958956894465,"min":7.41871230314e-21,"var":0.00000197013036995},"spectral_energyband_low":{"dmean":0.00760910008103,"dmean2":0.0123247532174,"dvar":0.000194237130927,"dvar2":0.00048031003098,"max":0.126811951399,"mean":0.0144651541486,"median":0.0106208678335,"min":1.56918381109e-23,"var":0.000224556002649},"spectral_energyband_middle_high":{"dmean":0.00205518351868,"dmean2":0.00324023491703,"dvar":0.00000528260443389,"dvar2":0.0000131329097712,"max":0.0500939674675,"mean":0.00863408856094,"median":0.00773662049323,"min":1.34134051109e-21,"var":0.0000344907020917},"spectral_energyband_middle_low":{"dmean":0.00441358191893,"dmean2":0.00690940069035,"dvar":0.0000875467667356,"dvar2":0.000195488784811,"max":0.0872455015779,"mean":0.00834250636399,"median":0.00598672451451,"min":2.25575520533e-22,"var":0.000100774486782},"spectral_entropy":{"dmean":0.106232367456,"dmean2":0.159872859716,"dvar":0.0142560927197,"dvar2":0.030536768958,"max":9.82256412506,"mean":7.8706202507,"median":7.91907072067,"min":5.92368602753,"var":0.102879405022},"spectral_flux":{"dmean":0.0282085817307,"dmean2":0.0450233407319,"dvar":0.00126478669699,"dvar2":0.0027793708723,"max":0.314082741737,"mean":0.0943608805537,"median":0.0852348357439,"min":6.51323509016e-11,"var":0.00246506230906},"spectral_kurtosis":{"dmean":1.09687256813,"dmean2":1.84221065044,"dvar":2.36152696609,"dvar2":7.12517881393,"max":29.2270584106,"mean":3.83553195,"median":3.58861112595,"min":-1.22648894787,"var":4.45397663116},"spectral_rms":{"dmean":0.000858745363075,"dmean2":0.00132097699679,"dvar":0.0000012119260191,"dvar2":0.00000278069046544,"max":0.0114934109151,"mean":0.0053330254741,"median":0.00520673161373,"min":3.15000174382e-12,"var":0.00000259608327724},"spectral_rolloff":{"dmean":539.943359375,"dmean2":875.165039062,"dvar":683878.5625,"dvar2":1439527.5,"max":19186.0839844,"mean":1927.5625,"median":1808.7890625,"min":64.599609375,"var":2191311},"spectral_skewness":{"dmean":0.16657717526,"dmean2":0.274220347404,"dvar":0.0338546596467,"dvar2":0.0954165756702,"max":3.29250502586,"mean":1.39600777626,"median":1.40463316441,"min":-0.0750654265285,"var":0.0838797315955},"spectral_spread":{"dmean":435853.4375,"dmean2":611159.375,"dvar":563489669120,"dvar2":1144297226240,"max":41303184,"mean":4633427,"median":4450017.5,"min":1611919.125,"var":2571502878720},"spectral_strongpeak":{"dmean":0.583096385002,"dmean2":1.01927173138,"dvar":1.20989024639,"dvar2":3.05424880981,"max":12.0648508072,"mean":0.781172156334,"median":0.347455561161,"min":0,"var":1.58332931995},"zerocrossingrate":{"dmean":0.0105504570529,"dmean2":0.0124407438561,"dvar":0.000155597590492,"dvar2":0.000207609860809,"max":0.521484375,"mean":0.0725373998284,"median":0.068359375,"min":0.00537109375,"var":0.00153558654711}},"metadata":{"audio_properties":{"analysis_sample_rate":44100,"bit_rate":0,"codec":"flac","downmix":"mix","equal_loudness":0,"length":227.253326416,"lossless":true,"md5_encoded":"4229e1a7f22c0479ca98ffae4cc4c445","replay_gain":-15.035736084,"sample_rate":44100},"tags":{"acoustid_id":["559f4d11-e505-4269-9a9d-83ae26db6826"],"album":["Bel Air"],"album artist":["Guano Apes"],"albumartist":["Guano Apes"],"albumartistsort":["Guano Apes"],"artist":["Guano Apes"],"artists":["Guano Apes"],"artistsort":["Guano Apes"],"asin":["B004N38AUC"],"barcode":["0886978718723"],"catalognumber":["88697 87187 2"],"date":["2011-04-01"],"disc":["1"],"discnumber":["1"],"disctotal":["1"],"encoder":["reference libFLAC 1.2.1 20070917"],"ensemble":["Guano Apes"],"file_name":"11. Guano Apes - Fire.flac","genre":["Alternative Rock"],"label":["Sony Music"],"media":["CD"],"musicbrainz_albumartistid":["66da25f9-1534-4dd1-b88c-718bc24e1ccd"],"musicbrainz_albumid":["95169ff4-734e-4858-8a04-44983d92dd78"],"musicbrainz_artistid":["66da25f9-1534-4dd1-b88c-718bc24e1ccd"],"musicbrainz_recordingid":["ccfc6182-f19c-4459-b82c-14cc106e2677"],"musicbrainz_releasegroupid":["bba16990-5443-460d-b12f-92fe8416d979"],"musicbrainz_releasetrackid":["518f65b5-a4e1-3f69-98a6-7362a01db41a"],"originaldate":["2011-04-01"],"releasecountry":["DE"],"releasestatus":["official"],"releasetype":["album"],"replaygain_album_gain":["-10.5600004196167 dB"],"replaygain_track_gain":["-9.94999980926514 dB"],"replaygain_track_peak":["0.98614501953125"],"script":["Latn"],"title":["Fire"],"totaldiscs":["1"],"totaltracks":["12"],"tracknumber":["11"],"tracktotal":["12"]},"version":{"essentia":"2.1-beta1","essentia_build_sha":"ca57ba49d9b1854bd80e60cf9ccf267278fb7d6b","essentia_git_sha":"v2.1_beta1-28-g21ef5f4-dirty","extractor":"music 1.0"}},"rhythm":{"beats_count":601,"beats_loudness":{"dmean":0.0148175936192,"dmean2":0.0252011567354,"dvar":0.000146077887621,"dvar2":0.000412942637922,"max