{"lowlevel":{"average_loudness":0.270954698324,"barkbands":{"dmean":[0.000038721213059,0.00127399654593,0.00134950282518,0.00103555631358,0.00185347010847,0.0006759998505,0.000713236164302,0.000466711295303,0.000352290313458,0.000425405683927,0.000376037263777,0.000254417129327,0.000334426586051,0.000396320479922,0.000421588454628,0.000331048795488,0.000242668465944,0.000113188849355,0.0000547001618543,0.0000371604364773,0.0000148749968503,0.00000609274093222,0.00000843024463393,0.0000218300046981,0.0000313725213346,0.0000288875344268,0.00000644310148346],"dmean2":[0.0000603877415415,0.00210686819628,0.00218297867104,0.00167485070415,0.00297701964155,0.00102971610613,0.00112252903637,0.000716789392754,0.000545391405467,0.00064946844941,0.000592978962231,0.000398551172111,0.000530158984475,0.000631556205917,0.000671272398904,0.000520425091963,0.000385236373404,0.00018084331532,0.0000878319551703,0.0000580780797463,0.0000235324841924,0.00000944465227803,0.0000124969483295,0.000031187741115,0.000042081985157,0.000037335405068,0.00000879749586602],"dvar":[1.03066639667e-8,0.00000835071386973,0.0000105897070171,0.00000883097072801,0.0000135867658173,0.00000170458292814,0.00000481427241539,0.00000101419504972,8.14749569145e-7,0.00000123026313759,0.00000151172616825,5.1550750868e-7,0.00000104042453586,0.00000156183091349,0.00000137054394145,0.00000118621210277,5.20256662639e-7,1.09927995595e-7,2.56728220904e-8,1.62225841649e-8,6.4365659469e-9,4.46358505712e-10,6.57410237359e-10,4.19367873761e-9,6.98523638931e-9,7.31570848345e-9,4.78955985983e-10],"dvar2":[2.5592205688e-8,0.000023017224521,0.000027054165912,0.0000231460708164,0.0000340995575243,0.00000415898011852,0.0000119598562378,0.00000243196132033,0.0000020486493213,0.00000305359708364,0.00000393541085941,0.00000120528966363,0.00000250004109148,0.00000380869164474,0.00000332969102601,0.00000291449691758,0.00000130829459977,2.62213632141e-7,6.39452935047e-8,3.89758163521e-8,1.7254096818e-8,1.03671793372e-9,1.47836387576e-9,9.91331994271e-9,1.35586200045e-8,1.32707222988e-8,9.03830732479e-10],"max":[0.00188558897935,0.0567494407296,0.0630893260241,0.158888071775,0.0804130062461,0.0433103255928,0.0436147749424,0.0260627456009,0.0271238628775,0.0434618853033,0.0602254197001,0.021663647145,0.0401340834796,0.0486646071076,0.0351574830711,0.0332556478679,0.0242940112948,0.0105461953208,0.0064659845084,0.00540416873991,0.00637964345515,0.00146920734551,0.00162872928195,0.00316186924465,0.00282205315307,0.00170689728111,0.000502243230585],"mean":[0.0000632848968962,0.00259226397611,0.00295323971659,0.00177328567952,0.00350968190469,0.00169612083118,0.00122851680499,0.000867297290824,0.000688367115799,0.000830148346722,0.000739210518077,0.000451713596703,0.000573921191972,0.000714862893801,0.000809124787338,0.000620335224085,0.000492860679515,0.000215543230297,0.000113931419037,0.0000791021084297,0.0000322080632031,0.0000129816426124,0.0000199322366825,0.0000498452900501,0.0000648406348773,0.0000483931107738,0.00000976206047199],"median":[0.00000263154606728,0.000530012417585,0.000634531024843,0.000498831446748,0.00192867242731,0.000843266781885,0.000413812405895,0.000380035169655,0.00023914661142,0.000222683374886,0.0000727479346097,0.0000928621448111,0.000074120122008,0.0000465562916361,0.0000504333147546,0.0000401131437684,0.0000543038840988,0.0000297933620459,0.0000245129340328,0.0000150668847709,0.0000056642547861,0.00000250407765634,9.37781919674e-7,8.33349872664e-7,6.2984207716e-7,2.38515639239e-7,2.06659777291e-7],"min":[1.61162724936e-24,9.21317277639e-24,2.73345746799e-24,4.40050002658e-24,1.00504121543e-23,1.67078357366e-23,1.40914191945e-23,8.35306432079e-24,1.33617859661e-23,2.96540134902e-23,5.04315936809e-23,4.7306230904e-23,5.42778711954e-23,6.10159108402e-23,5.55541156114e-23,1.05118120069e-22,6.59500969628e-23,1.2757179618e-22,1.4767862372e-22,1.57377725348e-22,2.47103522014e-22,4.16645129111e-22,4.23961466908e-22,7.04773785331e-22,8.21407160469e-22,1.3927453635e-21,2.03163293066e-21],"var":[1.99049932093e-8,0.0000198854031623,0.0000331399205606,0.0000142619801409,0.0000229000797844,0.00000612980511505,0.00000666145569994,0.00000215473505705,0.00000193092319023,0.00000331749356519,0.00000517402759215,0.00000137689357871,0.00000262588105215,0.0000041230455281,0.00000394278367821,0.00000293797802442,0.00000162496507983,2.68812442528e-7,6.93161084087e-8,5.26742205409e-8,9.06672070755e-9,1.17199405736e-9,3.6381964108e-9,2.33571313402e-8,2.71980464817e-8,1.79580705861e-8,1.01301800282e-9]},"barkbands_crest":{"dmean":1.94584441185,"dmean2":3.11718964577,"dvar":3.57533383369,"dvar2":9.30216503143,"max":26.9169921875,"mean":10.238322258,"median":9.43378925323,"min":2.49151277542,"var":17.5296268463},"barkbands_flatness_db":{"dmean":0.0171708390117,"dmean2":0.0254566650838,"dvar":0.000344795000274,"dvar2":0.000687209481839,"max":1,"mean":0.177576035261,"median":0.178815275431,"min":0.0219671819359,"var":0.0046352725476},"barkbands_kurtosis":{"dmean":5.17337083817,"dmean2":8.52963352203,"dvar":13278.6074219,"dvar2":40999.6679688,"max":11123.5371094,"mean":9.63552284241,"median":3.59618234634,"min":-1.88506150246,"var":8253.859375},"barkbands_skewness":{"dmean":0.472461104393,"dmean2":0.708311200142,"dvar":1.16461145878,"dvar2":3.42936611176,"max":97.5145187378,"mean":1.76585745811,"median":1.53156387806,"min":-5.32772016525,"var":3.74218869209},"barkbands_spread":{"dmean":3.04549479485,"dmean2":4.58176708221,"dvar":20.2763156891,"dvar2":44.6162376404,"max":117.204452515,"mean":14.5615034103,"median":10.6530799866,"min":0.00306498166174,"var":135.026397705},"dissonance":{"dmean":0.0222198609263,"dmean2":0.0367548726499,"dvar":0.000489068508614,"dvar2":0.00125347857829,"max":0.500000119209,"mean":0.435208469629,"median":0.449873387814,"min":0,"var":0.00267536821775},"dynamic_complexity":5.73799419403,"erbbands":{"dmean":[0.0277295988053,0.334293425083,1.41557645798,2.29266047478,5.79293584824,5.79023456573,6.633893013,5.35363340378,8.55765151978,11.8555183411,7.98947954178,8.36080932617,11.0358638763,12.1726703644,15.642496109,10.4364147186,14.7971553802,20.3712615967,19.7371177673,18.6843261719,15.5029573441,10.5107650757,6.61295461655,3.82377099991,2.30402803421,1.79623544216,0.894448101521,0.396798729897,0.230394512415,0.216930121183,0.258233755827,0.349474906921,0.425827234983,0.358224540949,0.227512672544,0.133863195777,0.0516095496714,0.0126949492842,0.00103772000875,0.0000320098770317],"dmean2":[0.0452552586794,0.554873526096,2.30666017532,3.69010519981,9.36333656311,9.41298770905,10.3597049713,8.339179039,13.2900123596,18.6289997101,12.1059684753,12.8872270584,16.8781642914,18.7359046936,24.7205085754,16.2240791321,23.4035606384,32.4431495667,30.9035511017,29.0931720734,24.3866634369,16.4329986572,10.5029497147,6.04613876343,3.696819067,2.8179192543,1.40969479084,0.613394200802,0.360254496336,0.334389865398,0.377647340298,0.50351023674,0.61260843277,0.504156410694,0.305291265249,0.177240028977,0.0670176893473,0.0168651342392,0.00137949560303,0.0000418851668655],"dvar":[0.00481264758855,0.584867537022,11.1252536774,42.8004379272,198.271392822,115.681755066,174.335220337,111.096038818,603.125183105,803.709533691,326.145172119,502.651184082,776.480957031,1352.21826172,2579.36376953,860.387023926,2182.8125,4195.0078125,3267.22363281,3453.04443359,2637.8112793,840.822937012,324.655303955,131.529968262,48.5359687805,41.8744506836,24.5667915344,1.69202744961,0.682808876038,0.498001128435,0.603589296341,1.02687883377,1.71268355846,1.06567955017,0.36950802803,0.149160251021,0.0245087333024,0.00175291963387,0.0000122726532936,9.03551811149e-9],"dvar2":[0.0124331777915,1.60897123814,28.6141834259,109.35294342,493.622253418,303.449188232,441.883026123,273.171234131,1506.47619629,1953.4699707,766.320129395,1267.51330566,1817.34191895,3333.97631836,6873.71875,2021.65563965,5373.68505859,10333.2265625,7727.58789062,8336.13085938,6345.98144531,2018.52478027,789.687255859,304.009521484,119.687309265,101.241539001,66.2939834595,3.84848117828,1.64235377312,1.15834641457,1.32373034954,2.37099695206,4.11495113373,2.31277871132,0.696743667126,0.283844292164,0.0447091087699,0.00322662689723,0.0000224785890168,1.66555462755e-8],"max":[1.44429838657,13.4464502335,67.4707717896,364.290008545,362.548217773,221.392562866,298.178771973,316.893737793,468.621154785,634.667541504,458.097351074,814.92980957,850.415710449,1506.03405762,2678.92895508,1123.75854492,1906.5390625,2258.92504883,2055.80004883,2128.51269531,2261.79003906,919.215454102,471.423919678,485.45098877,319.951416016,294.838989258,396.040863037,58.7518081665,45.7205352783,48.4765167236,54.1673469543,53.8665237427,69.8704452515,55.3259239197,11.7683153152,7.68537998199,3.41173410416,0.887893915176,0.0809467211366,0.00223159044981],"mean":[0.0521455965936,0.682102262974,3.14458274841,4.92488193512,8.69993972778,11.3749980927,15.1871767044,12.8646526337,16.5653610229,20.8939933777,15.777387619,17.1358509064,21.296037674,24.7445068359,33.3860206604,20.9246387482,27.4374027252,39.442440033,38.9002189636,38.4157905579,32.6399803162,23.4310131073,13.813747406,8.53419494629,4.90523481369,3.90220332146,1.95464897156,0.900719285011,0.493483036757,0.474542766809,0.594762563705,0.790953099728,0.946283698082,0.746052622795,0.441470861435,0.231412440538,0.0847852230072,0.0196045450866,0.00160822679754,0.0000705696438672],"median":[0.0105219455436,0.143314555287,0.674963593483,1.54419851303,3.39904546738,5.99617004395,8.00312614441,6.144302845,6.39070415497,8.422539711,7.16081809998,6.36879110336,7.20397090912,4.38587236404,4.8865571022,4.47952604294,3.88907527924,3.07412147522,2.34626436234,2.64403891563,2.53477692604,2.65898966789,2.1003370285,1.41697883606,1.1469502449,0.715439200401,0.37413212657,0.156813800335,0.0973005443811,0.048948995769,0.0245624240488,0.0185789186507,0.0130536146462,0.00800780765712,0.00377082033083,0.00132438214496,0.000391481153201,0.000127904320834,0.0000380497367587,0.0000190937153093],"min":[3.55807014897e-22,1.68500426822e-21,4.01229166387e-21,1.44506304282e-20,1.42283401789e-20,3.85401251159e-20,8.1281985239e-20,1.58511560958e-19,1.92718697537e-19,2.50242142728e-19,2.76970829862e-19,2.54076848651e-19,7.36386476785e-19,1.4590632621e-18,1.66325083175e-18,2.0784594135e-18,2.72554936501e-18,3.80949511151e-18,3.10767516836e-18,3.85611956033e-18,7.16171154551e-18,8.3676093569e-18,7.16900976006e-18,8.44763577244e-18,8.61475024441e-18,1.32287471576e-17,1.35058642434e-17,1.05186089946e-17,1.5220301942e-17,1.41392132773e-17,1.4962166997e-17,1.25549316209e-17,9.92825598168e-18,8.88143906416e-18,6.61667065937e-18,5.05720979799e-18,2.61018207139e-18,1.04425875808e-18,2.88486993446e-19,2.79411788151e-20],"var":[0.00912118051201,1.3962199688,35.8624305725,88.3881225586,262.118560791,232.982284546,450.704376221,400.34765625,1038.87731934,1397.64318848,673.634765625,1230.23022461,1867.56347656,3770.99414062,9873.85644531,2619.44677734,5496.37646484,11999.8544922,9379.59667969,9726.61816406,7036.39453125,3000.7199707,826.701293945,474.170959473,120.079589844,138.435150146,33.1457481384,5.77242326736,1.80545783043,1.70715546608,3.20615124702,5.35885238647,8.90843772888,4.65350532532,1.16625952721,0.370907664299,0.0590445697308,0.00388974812813,0.0000268450330623,2.26740120013e-8]},"erbbands_crest":{"dmean":2.3262720108,"dmean2":3.64621496201,"dvar":5.43774223328,"dvar2":13.1336936951,"max":35.7714195251,"mean":10.584728241,"median":9.6951007843,"min":2.05671739578,"var":20.9967803955},"erbbands_flatness_db":{"dmean":0.0162103120238,"dmean2":0.022272201255,"dvar":0.000307173177134,"dvar2":0.000545092392713,"max":0.371014118195,"mean":0.195394963026,"median":0.200312644243,"min":0.0212827492505,"var":0.00332769565284},"erbbands_kurtosis":{"dmean":1.26539981365,"dmean2":1.93345236778,"dvar":14.4869880676,"dvar2":29.902256012,"max":319.898071289,"mean":2.28060603142,"median":1.08744525909,"min":-1.8559820652,"var":78.2581634521},"erbbands_skewness":{"dmean":0.333812981844,"dmean2":0.493956357241,"dvar":0.149766251445,"dvar2":0.312012940645,"max":16.6365737915,"mean":0.646702229977,"median":0.682543039322,"min":-9.2000837326,"var":1.34095954895},"erbbands_spread":{"dmean":5.20876216888,"dmean2":7.68437671661,"dvar":45.3450927734,"dvar2":95.0195083618,"max":142.821975708,"mean":26.2518062592,"median":22.6852836609,"min":1.42627453804,"var":252.571411133},"gfcc":{"cov":[[16995.4882812,-962.81628418,-1271.17565918,476.422210693,754.765869141,1736.58728027,-606.925537109,1211.21740723,-139.805679321,229.068832397,-171.148742676,167.99911499,22.8047637939],[-962.81628418,1716.35961914,-200.219421387,-169.870254517,56.5949745178,-454.802490234,250.79649353,-253.104660034,129.324142456,-141.152175903,62.472366333,-51.0725402832,52.0177154541],[-1271.17565918,-200.219421387,1131.89245605,64.8773040771,-35.4572715759,145.924438477,-73.6067199707,24.8092212677,40.9530906677,19.1268978119,-28.279291153,37.5189704895,-53.7400856018],[476.422210693,-169.870254517,64.8773040771,455.74331665,29.3122997284,126.211837769,-27.5152626038,31.9572257996,5.78402519226,11.6253976822,19.0001888275,5.44851779938,31.3193244934],[754.765869141,56.5949745178,-35.4572715759,29.3122997284,435.685882568,167.430435181,-9.9325428009,113.032783508,55.3575019836,21.8641242981,-30.7936439514,35.5004730225,15.6332569122],[1736.58728027,-454.802490234,145.924438477,126.211837769,167.430435181,571.715026855,-55.7079200745,232.114151001,8.6423368454,57.2213630676,-17.6787376404,48.4348640442,-14.5461473465],[-606.925537109,250.79649353,-73.6067199707,-27.5152626038,-9.9325428009,-55.7079200745,233.296951294,-41.4958229065,4.80276584625,-27.7771663666,21.7114295959,-3.84963297844,5.40269422531],[1211.21740723,-253.104660034,24.8092212677,31.9572257996,113.032783508,232.114151001,-41.4958229065,265.51385498,37.2412261963,43.2910614014,-24.7478122711,19.5226478577,12.5243959427],[-139.805679321,129.324142456,40.9530906677,5.78402519226,55.3575019836,8.6423368454,4.80276584625,37.2412261963,146.188735962,31.4697971344,-11.3713846207,0.727960944176,11.8386859894],[229.068832397,-141.152175903,19.1268978119,11.6253976822,21.8641242981,57.2213630676,-27.7771663666,43.2910614014,31.4697971344,108.137390137,16.4042549133,1.95306587219,-1.88524854183],[-171.148742676,62.472366333,-28.279291153,19.0001888275,-30.7936439514,-17.6787376404,21.7114295959,-24.7478122711,-11.3713846207,16.4042549133,106.582214355,33.6799697876,4.8981461525],[167.99911499,-51.0725402832,37.5189704895,5.44851779938,35.5004730225,48.4348640442,-3.84963297844,19.5226478577,0.727960944176,1.95306587219,33.6799697876,95.3045196533,28.893196106],[22.8047637939,52.0177154541,-53.7400856018,31.3193244934,15.6332569122,-14.5461473465,5.40269422531,12.5243959427,11.8386859894,-1.88524854183,4.8981461525,28.893196106,100.685920715]],"icov":[[0.000245228031417,-0.000423600984504,0.000416538765421,-0.000268585281447,0.000188452933799,-0.000602951622568,0.000705499900505,-0.000869960873388,0.000834039237816,-0.000651995942462,0.000829348049592,-0.000803606584668,0.000503147777636],[-0.000423600984504,0.00212241522968,-0.000742180738598,0.000861598935444,-0.00100778217893,0.00156114529818,-0.00202379282564,0.00223069591448,-0.003057283815,0.00292676570825,-0.00292062736116,0.00266945385374,-0.00166125246324],[0.000416538765421,-0.000742180738598,0.00174395856448,-0.000613086565863,0.000612128642388,-0.00129492429551,0.00143279728945,-0.0012831625063,0.00100001262035,-0.00117038364988,0.00195448170416,-0.00219399738126,0.00160624762066],[-0.000268585281447,0.000861598935444,-0.000613086565863,0.00294403033331,-0.00046411564108,0.0000309296810883,-0.00071711599594,0.00149768649135,-0.00148878002074,0.00147905875929,-0.00225417991169,0.00222073844634,-0.00202344870195],[0.000188452933799,-0.00100778217893,0.000612128642388,-0.00046411564108,0.00343773816712,-0.00131547253113,0.000818264903501,-0.00148034165613,0.00047824770445,-0.00141399807762,0.00240629911423,-0.00245091831312,0.000869027979206],[-0.000602951622568,0.00156114529818,-0.00129492429551,0.0000309296810883,-0.00131547253113,0.00509649608284,-0.00208642496727,-0.000111120803922,-0.00175493932329,0.00142307789065,-0.00209424248897,0.00105253455695,-0.000271593977232],[0.000705499900505,-0.00202379282564,0.00143279728945,-0.00071711599594,0.000818264903501,-0.00208642496727,0.00728188594803,-0.00242519797757,0.00263670925051,-0.00151315028779,0.00188590749167,-0.00245459447615,0.00163030833937],[-0.000869960873388,0.00223069591448,-0.0012831625063,0.00149768649135,-0.00148034165613,-0.000111120803922,-0.00242519797757,0.0101087447256,-0.00487743364647,0.00222390983254,-0.00274956249632,0.00354812992737,-0.00328895449638],[0.000834039237816,-0.003057283815,0.00100001262035,-0.00148878002074,0.00047824770445,-0.00175493932329,0.00263670925051,-0.00487743364647,0.0129685625434,-0.00681164814159,0.00546122947708,-0.00402099080384,0.00176067906432],[-0.000651995942462,0.00292676570825,-0.00117038364988,0.00147905875929,-0.00141399807762,0.00142307789065,-0.00151315028779,0.00222390983254,-0.00681164814159,0.0157237201929,-0.00744563341141,0.00544659839943,-0.00232488103211],[0.000829348049592,-0.00292062736116,0.00195448170416,-0.00225417991169,0.00240629911423,-0.00209424248897,0.00188590749167,-0.00274956249632,0.00546122947708,-0.00744563341141,0.0174072440714,-0.0100817419589,0.0038947921712],[-0.000803606584668,0.00266945385374,-0.00219399738126,0.00222073844634,-0.00245091831312,0.00105253455695,-0.00245459447615,0.00354812992737,-0.00402099080384,0.00544659839943,-0.0100817419589,0.0193289406598,-0.00731743499637],[0.000503147777636,-0.00166125246324,0.00160624762066,-0.00202344870195,0.000869027979206,-0.000271593977232,0.00163030833937,-0.00328895449638,0.00176067906432,-0.00232488103211,0.0038947921712,-0.00731743499637,0.0139701832086]],"mean":[-77.4027709961,120.999755859,-106.249900818,4.66309165955,-42.7151069641,-8.0769109726,-41.4763832092,2.59689736366,-27.6773338318,-2.06321930885,-15.3223276138,-5.06830596924,-10.587430954]},"hfc":{"dmean":3.41573691368,"dmean2":4.80692338943,"dvar":41.713306427,"dvar2":86.2850570679,"max":142.981582642,"mean":15.2416009903,"median":6.11084747314,"min":1.12116999903e-16,"var":395.174163818},"melbands":{"dmean":[0.000288016482955,0.000623534666374,0.000478341593407,0.000410316075431,0.000240446912358,0.000119947639178,0.000139117590152,0.00012556251022,0.0000645158215775,0.0000513113227498,0.0000560691078135,0.0000509167257405,0.0000534798091394,0.0000324872853525,0.0000322664127452,0.000031512172427,0.0000417658702645,0.0000313811833621,0.0000277825074591,0.0000279958985629,0.0000192260540643,0.000012572041669,0.0000101920077213,0.00000551924813408,0.00000321728953168,0.000001864723572,0.00000155040288519,0.00000122878452657,6.88388809067e-7,3.74029212935e-7,2.0438145043e-7,1.46027659298e-7,1.13230591126e-7,1.3481167116e-7,1.49041198938e-7,1.92831180357e-7,2.48485463317e-7,3.36563829251e-7,2.97087069612e-7,3.30844073915e-7],"dmean2":[0.000473853870062,0.00101905106567,0.000760298455134,0.000664637598675,0.000378262717277,0.000185173368664,0.000217414373765,0.000196440814761,0.0000974826107267,0.000079299628851,0.0000858232597238,0.0000784657531767,0.0000839662461658,0.0000505236712343,0.0000511256512254,0.0000495827189297,0.0000666202686261,0.0000488804871566,0.0000441555348516,0.0000434354988101,0.0000305894463963,0.0000198148554773,0.0000162696323969,0.00000887307669473,0.0000051185115808,0.00000304443346977,0.00000246162630901,0.00000194618792193,0.00000110340056381,5.8574863715e-7,3.22981378531e-7,2.32449323789e-7,1.7883743908e-7,2.1179216958e-7,2.23602640403e-7,2.87834723167e-7,3.65363376886e-7,5.05173773035e-7,4.358569754e-7,4.79382265439e-7],"dvar":[4.49666828217e-7,0.00000201822308554,0.00000148116725995,7.72703685925e-7,2.00373605708e-7,5.35432036486e-8,1.74248768303e-7,8.19316667844e-8,2.24928022874e-8,1.82964772222e-8,2.02692369555e-8,2.45485338723e-8,3.31329061964e-8,7.73244934749e-9,8.41729352885e-9,9.44433953265e-9,1.84524271418e-8,8.30373192429e-9,6.55178400422e-9,8.50812398312e-9,4.14074463606e-9,1.46297884918e-9,8.08888067638e-10,2.62248861516e-10,1.01756790494e-10,3.27497161334e-11,3.01499589184e-11,2.18525267326e-11,1.82191397385e-11,1.51935018386e-12,4.80387377013e-13,2.92163212026e-13,1.72765556201e-13,2.05489095249e-13,2.02751376343e-13,4.33269251639e-13,5.29732291019e-13,1.17838041842e-12,8.15977277066e-13,1.01862745669e-12],"dvar2":[0.00000122199833186,0.00000527734982825,0.00000380269807465,0.00000196325413526,5.09317089836e-7,1.3072956051e-7,4.34692935869e-7,1.9750243041e-7,5.28047543469e-8,4.61508484761e-8,4.76789168147e-8,6.07324821544e-8,8.72449064104e-8,1.82489934275e-8,2.03884802374e-8,2.2753210871e-8,4.54620696644e-8,1.90240392328e-8,1.59185979953e-8,2.06578718576e-8,9.77808056746e-9,3.53656037788e-9,2.00937577688e-9,6.39343078479e-10,2.37166702943e-10,8.47908410151e-11,7.29841603819e-11,5.46965493731e-11,4.98966180873e-11,3.59462936847e-12,1.11198604578e-12,7.13125739016e-13,4.12934823054e-13,5.03740278657e-13,4.42631608449e-13,1.01072308075e-12,1.25866732401e-12,2.89124453545e-12,1.94024570715e-12,2.3417626345e-12],"max":[0.0143639640883,0.0253764726222,0.0591964870691,0.0196286551654,0.0116851096973,0.00742619857192,0.00836560875177,0.00630520563573,0.00444345548749,0.00523250130937,0.00415964517742,0.00582651747391,0.00982455164194,0.00294787110761,0.00374389882199,0.00332952174358,0.00521630607545,0.003230960574,0.00216852780432,0.00238771806471,0.00291289505549,0.00143294211011,0.00112824840471,0.000551743200049,0.000461825227831,0.000243130765739,0.00025427469518,0.000211284306715,0.000357807526598,0.0000405944483646,0.0000366948697774,0.0000241200141318,0.0000386794199585,0.000022012338377,0.000033895164961,0.0000350635273207,0.0000346903070749,0.0000510139470862,0.0000450078005088,0.0000535553335794],"mean":[0.00058607570827,0.0014186501503,0.00098225241527,0.000720784242731,0.000552634883206,0.000292673910735,0.000257381965639,0.000223879033001,0.000126513434225,0.000102082492958,0.00010497027688,0.0000976328446995,0.000109126725874,0.0000630945069133,0.0000565715308767,0.0000566506205359,0.000075578725955,0.0000578927792958,0.0000532940503035,0.0000511908256158,0.0000366799977201,0.0000256801286014,0.0000180875340448,0.0000102464446172,0.00000654820905766,0.00000355853808287,0.00000308466428578,0.00000249920617534,0.00000134704714583,7.8880214005e-7,4.17573033928e-7,2.84060149625e-7,2.27141441655e-7,2.73949098073e-7,3.14808033863e-7,4.13564407609e-7,5.17561375091e-7,6.97495238455e-7,6.13040640474e-7,6.44313445264e-7],"median":[0.000129190972075,0.000329371134285,0.000345486158039,0.00036395425559,0.000305405643303,0.00014338438632,0.0000932086404646,0.0000937207805691,0.0000553494028281,0.0000359583282261,0.0000333962598233,0.0000148075978359,0.0000135475693241,0.0000128565461637,0.00000947736589296,0.00000649050161883,0.00000521980973645,0.00000328778423864,0.00000332518220603,0.00000338331892635,0.00000275204229183,0.00000262975345322,0.00000226787733482,0.00000154115843998,9.88226702248e-7,8.42551457936e-7,6.2104004428e-7,4.12892120494e-7,2.55464101429e-7,1.24925833234e-7,6.65691928248e-8,5.50806404931e-8,3.52825466621e-8,2.17027391614e-8,1.32736994729e-8,1.19352083772e-8,1.01492121374e-8,8.75576322557e-9,7.63872165521e-9,6.01368821407e-9],"min":[3.84255764098e-24,4.03480896004e-24,2.27641551977e-24,1.52234554983e-24,2.55004671588e-24,3.07619228776e-24,2.79730589751e-24,2.11110557556e-24,2.2879163229e-24,1.72857193426e-24,4.25352774576e-24,4.63206698987e-24,5.95748702256e-24,4.86666436232e-24,6.10925754984e-24,4.92465116088e-24,6.76196895143e-24,5.09107714605e-24,4.93357751645e-24,5.20760767897e-24,7.12050623285e-24,3.32399321962e-24,5.48238134289e-24,5.24642436867e-24,4.99722202542e-24,5.24041640402e-24,4.46970245506e-24,4.00579505038e-24,4.57536997889e-24,6.05893532383e-24,5.39008461698e-24,6.46057044309e-24,7.09055318428e-24,5.45731804864e-24,6.01878230376e-24,7.88602316616e-24,5.83453358415e-24,5.86163095624e-24,6.34430141756e-24,6.68564744771e-24],"var":[0.00000100300530903,0.00000615379622104,0.00000294617370855,0.00000114260330975,5.32599187864e-7,1.98421716391e-7,2.72815071867e-7,1.5353219851e-7,4.60031550631e-8,4.44670895661e-8,4.77162416246e-8,6.69756730076e-8,1.16876805123e-7,2.38013964093e-8,2.11408899276e-8,2.63319073213e-8,4.87995599485e-8,2.29590195744e-8,1.76344769898e-8,2.15505444601e-8,1.0677772444e-8,4.64748284301e-9,1.87226301129e-9,6.10191841499e-10,3.39562766793e-10,6.32064262041e-11,7.38770711273e-11,6.63391772071e-11,1.96974242472e-11,4.58271441628e-12,1.4712796953e-12,7.06963838599e-13,3.61611619554e-13,6.51704547532e-13,8.81756907073e-13,1.88254056441e-12,2.20953659015e-12,4.99778300342e-12,3.58238222073e-12,3.6706627321e-12]},"melbands_crest":{"dmean":2.52909064293,"dmean2":4.05066585541,"dvar":6.03376531601,"dvar2":15.2666835785,"max":40,"mean":13.7495737076,"median":12.6539697647,"min":1.81113743782,"var":28.169511795},"melbands_flatness_db":{"dmean":0.0201185718179,"dmean2":0.0298610534519,"dvar":0.000483714626171,"dvar2":0.000969940563664,"max":1,"mean":0.264539927244,"median":0.262557566166,"min":0.00382410595194,"var":0.00639183446765},"melbands_kurtosis":{"dmean":2698187,"dmean2":5151567,"dvar":44242771648700000,"dvar2":87873759565800000,"max":22436550656,"mean":13177588,"median":6.67433786392,"min":-1.86694538593,"var":276740136044000000},"melbands_skewness":{"dmean":10.8651638031,"dmean2":20.7178173065,"dvar":767841.375,"dvar2":1525516.25,"max":92456.4140625,"mean":57.9065933228,"median":2.02031898499,"min":-3.31542348862,"var":4922720.5},"melbands_spread":{"dmean":3.75646924973,"dmean2":5.71417284012,"dvar":34.7330284119,"dvar2":75.1510467529,"max":209.394104004,"mean":16.8415985107,"median":11.1895189285,"min":1.08877298288e-8,"var":218.539901733},"mfcc":{"cov":[[15174.5908203,-857.088867188,-1388.63842773,-620.504882812,1306.09240723,305.428070068,615.682922363,643.351745605,565.170410156,364.024719238,73.7936630249,121.801673889,38.6608161926],[-857.088867188,1671.5255127,-239.86907959,136.419448853,-194.28302002,-81.6599273682,-113.920578003,-20.0539417267,-28.505235672,-67.5037918091,6.97010183334,-40.2238769531,11.5327835083],[-1388.63842773,-239.86907959,1070.21166992,4.24192857742,36.0701217651,61.1127357483,-48.0982513428,15.8898420334,-42.1413803101,17.0227584839,18.733045578,-4.41947841644,40.2510108948],[-620.504882812,136.419448853,4.24192857742,380.666351318,-70.6823730469,-2.76307249069,-34.540348053,-49.7981567383,-29.1430664062,-41.576877594,-25.5473365784,-10.3557300568,18.1130561829],[1306.09240723,-194.28302002,36.0701217651,-70.6823730469,506.251464844,113.582771301,52.689491272,121.059577942,126.023880005,75.8914871216,24.2665786743,25.9236869812,28.6375141144],[305.428070068,-81.6599273682,61.1127357483,-2.76307249069,113.582771301,217.217086792,63.0083580017,67.5120697021,33.3596534729,26.3635044098,33.11561203,3.43882966042,11.7996006012],[615.682922363,-113.920578003,-48.0982513428,-34.540348053,52.689491272,63.0083580017,193.691970825,79.1161346436,23.5056114197,19.052444458,16.3988018036,13.7199602127,-10.2243309021],[643.351745605,-20.0539417267,15.8898420334,-49.7981567383,121.059577942,67.5120697021,79.1161346436,192.659622192,72.193397522,33.8188743591,26.5639076233,-4.98463153839,8.13310337067],[565.170410156,-28.505235672,-42.1413803101,-29.1430664062,126.023880005,33.3596534729,23.5056114197,72.193397522,183.073394775,69.0231781006,3.04025912285,14.936205864,0.730138540268],[364.024719238,-67.5037918091,17.0227584839,-41.576877594,75.8914871216,26.3635044098,19.052444458,33.8188743591,69.0231781006,123.995529175,43.0015983582,0.803090572357,6.89105606079],[73.7936630249,6.97010183334,18.733045578,-25.5473365784,24.2665786743,33.11561203,16.3988018036,26.5639076233,3.04025912285,43.0015983582,111.144737244,22.9202747345,-0.83322095871],[121.801673889,-40.2238769531,-4.41947841644,-10.3557300568,25.9236869812,3.43882966042,13.7199602127,-4.98463153839,14.936205864,0.803090572357,22.9202747345,97.3838577271,29.1874217987],[38.6608161926,11.5327835083,40.2510108948,18.1130561829,28.6375141144,11.7996006012,-10.2243309021,8.13310337067,0.730138540268,6.89105606079,-0.83322095871,29.1874217987,90.1300430298]],"icov":[[0.000126107173855,0.0000345841617673,0.000173083302798,0.000100203469628,-0.000225414798479,0.000027387526643,-0.000188085003174,-0.000169142673258,-0.0000320228027704,-0.000140212694532,0.0000800602210802,-0.0000400582175644,-0.0000692971952958],[0.0000345841617673,0.000733629858587,0.000225819472689,-0.000159697738127,0.000176349058165,0.0001194467186,0.000371410627849,-0.000317821773933,-0.000194172360352,0.000376437237719,-0.000412461318774,0.000354145187885,-0.000324026768794],[0.000173083302798,0.000225819472689,0.00129322172143,0.0000996948438114,-0.000293285993394,-0.000272829231108,0.00026241276646,-0.000520311237779,0.000380048353691,-0.000385907565942,0.0000311069743475,0.0000533108177478,-0.00048563600285],[0.000100203469628,-0.000159697738127,0.0000996948438114,0.00304051255807,0.0000483982366859,-0.000404346821597,-0.0000919409721973,0.000577589671593,-0.000281001703115,0.000644526910037,0.000276542617939,0.000417766801547,-0.000882834428921],[-0.000225414798479,0.000176349058165,-0.000293285993394,0.0000483982366859,0.00334971770644,-0.00101427466143,0.000632072449662,-0.00073155463906,-0.00111089681741,-0.000293596036499,0.0000624749736744,-0.000340996833984,-0.000455993518699],[0.000027387526643,0.0001194467186,-0.000272829231108,-0.000404346821597,-0.00101427466143,0.00615912303329,-0.00155351089779,-0.000717549468391,-0.000328451395035,0.000410334439948,-0.00161447830033,0.000841836619657,-0.000735730689485],[-0.000188085003174,0.000371410627849,0.00026241276646,-0.0000919409721973,0.000632072449662,-0.00155351089779,0.00760995270684,-0.00280827144161,0.00100114627276,-0.000570553063881,0.000463203818072,-0.00168790784664,0.00164007360581],[-0.000169142673258,-0.000317821773933,-0.000520311237779,0.000577589671593,-0.00073155463906,-0.000717549468391,-0.00280827144161,0.00899396650493,-0.00285703479312,0.00154245074373,-0.00206715310924,0.00256099225953,-0.00151751167141],[-0.0000320228027704,-0.000194172360352,0.000380048353691,-0.000281001703115,-0.00111089681741,-0.000328451395035,0.00100114627276,-0.00285703479312,0.00955596938729,-0.00528578693047,0.00315206497908,-0.00278084119782,0.00194908143021],[-0.000140212694532,0.000376437237719,-0.000385907565942,0.000644526910037,-0.000293596036499,0.000410334439948,-0.000570553063881,0.00154245074373,-0.00528578693047,0.0138320494443,-0.00598365766928,0.00339266448282,-0.002278275555],[0.0000800602210802,-0.000412461318774,0.0000311069743475,0.000276542617939,0.0000624749736744,-0.00161447830033,0.000463203818072,-0.00206715310924,0.00315206497908,-0.00598365766928,0.0131213646382,-0.00462078256533,0.00242920010351],[-0.0000400582175644,0.000354145187885,0.0000533108177478,0.000417766801547,-0.000340996833984,0.000841836619657,-0.00168790784664,0.00256099225953,-0.00278084119782,0.00339266448282,-0.00462078256533,0.014042571187,-0.00538741843775],[-0.0000692971952958,-0.000324026768794,-0.00048563600285,-0.000882834428921,-0.000455993518699,-0.000735730689485,0.00164007360581,-0.00151751167141,0.00194908143021,-0.002278275555,0.00242920010351,-0.00538741843775,0.0140502573922]],"mean":[-729.925354004,165.372650146,-7.00206279755,18.0548725128,9.65674304962,-8.89557743073,-1.72264647484,-6.90973424911,-4.97839069366,-3.50775575638,-5.4974322319,-1.73332440853,-3.29419755936]},"pitch_salience":{"dmean":0.0586455725133,"dmean2":0.0938390046358,"dvar":0.00288055860437,"dvar2":0.00726412283257,"max":0.867025494576,"mean":0.562740623951,"median":0.570613980293,"min":0.0000164361499628,"var":0.0118055893108},"silence_rate_20dB":{"dmean":0,"dmean2":0,"dvar":0,"dvar2":0,"max":1,"mean":1,"median":1,"min":1,"var":0},"silence_rate_30dB":{"dmean":0.00290037225932,"dmean2":0.00580102484673,"dvar":0.00289182644337,"dvar2":0.00779719697312,"max":1,"mean":0.997389793396,"median":1,"min":0,"var":0.00260354066268},"silence_rate_60dB":{"dmean":0.023493014276,"dmean2":0.0469883009791,"dvar":0.0229386761785,"dvar2":0.0511521920562,"max":1,"mean":0.251305103302,"median":0,"min":0,"var":0.188204303384},"spectral_centroid":{"dmean":131.917633057,"dmean2":198.23828125,"dvar":39926.5664062,"dvar2":83043.921875,"max":11587.6728516,"mean":888.679992676,"median":703.000854492,"min":180.305999756,"var":341295},"spectral_complexity":{"dmean":1.98085749149,"dmean2":3.10441851616,"dvar":6.3006567955,"dvar2":13.7284927368,"max":56,"mean":14.3426628113,"median":11,"min":0,"var":110.280830383},"spectral_contrast_coeffs":{"dmean":[0.0451380498707,0.0382295697927,0.0333407782018,0.0292661190033,0.0214522685856,0.0157539881766],"dmean2":[0.0741043537855,0.0622501187027,0.0526729039848,0.0461162030697,0.0336989536881,0.023358469829],"dvar":[0.00145304948092,0.0011002792744,0.000827517942525,0.000655100273434,0.000377247546567,0.000268532021437],"dvar2":[0.0037461433094,0.00283524300903,0.00194862682838,0.00149962294381,0.000828463409562,0.000516678032],"max":[-0.266040831804,-0.421242564917,-0.457240641117,-0.518018603325,-0.545445024967,-0.565447926521],"mean":[-0.592087686062,-0.705619633198,-0.738166153431,-0.75271064043,-0.769569158554,-0.807154595852],"median":[-0.595017015934,-0.708728969097,-0.743970751762,-0.755510926247,-0.767866849899,-0.813194870949],"min":[-0.976479768753,-0.97616994381,-0.979784607887,-0.993834912777,-0.985915660858,-0.962128162384],"var":[0.00791110564023,0.00550196226686,0.00496025430039,0.00374722783454,0.0029629683122,0.00213472591713]},"spectral_contrast_valleys":{"dmean":[0.393787235022,0.30909845233,0.301988899708,0.277279168367,0.24776814878,0.246647790074],"dmean2":[0.642827272415,0.499711304903,0.483439683914,0.431273847818,0.369088709354,0.332589298487],"dvar":[0.127893000841,0.0865294635296,0.0863797962666,0.0822344273329,0.0846416130662,0.112446449697],"dvar2":[0.30941927433,0.200086832047,0.197972327471,0.176094949245,0.166236191988,0.192873388529],"max":[-5.16336250305,-4.53261089325,-5.1010260582,-5.29148578644,-5.68644142151,-7.92307281494],"mean":[-7.98121643066,-7.1975812912,-8.1469783783,-8.63322925568,-8.81608390808,-11.5096702576],"median":[-7.467897892,-6.8088927269,-7.90101909637,-8.58027267456,-8.7076921463,-12.0077772141],"min":[-27.7129573822,-27.8809757233,-27.5300674438,-27.5595703125,-27.5342235565,-27.3289203644],"var":[2.76878619194,2.04304122925,2.63869476318,2.85442447662,2.32858085632,2.61090636253]},"spectral_decrease":{"dmean":1.32708155576e-9,"dmean2":2.02283789719e-9,"dvar":5.70594604572e-18,"dvar2":1.34607415409e-17,"max":7.26328246969e-29,"mean":-5.26420196323e-9,"median":-3.37640893022e-9,"min":-6.2942874024e-8,"var":3.00024066088e-17},"spectral_energy":{"dmean":0.00523057579994,"dmean2":0.00793186016381,"dvar":0.0000877316779224,"dvar2":0.000204884156119,"max":0.242950603366,"mean":0.0212507974356,"median":0.0134707046673,"min":1.03284130041e-20,"var":0.000491495826282},"spectral_energyband_high":{"dmean":0.000111188310257,"dmean2":0.000143358425703,"dvar":7.05821676661e-8,"dvar2":1.35364189191e-7,"max":0.00870345719159,"mean":0.000275809230516,"median":0.0000261614186456,"min":6.92803183339e-21,"var":3.8008829506e-7},"spectral_energyband_low":{"dmean":0.00252634123899,"dmean2":0.00408104714006,"dvar":0.0000320348517562,"dvar2":0.00008317623724,"max":0.1470015347,"mean":0.0064910533838,"median":0.00213421974331,"min":3.71853821483e-23,"var":0.000103821701487},"spectral_energyband_middle_high":{"dmean":0.00141919590533,"dmean2":0.00215508090332,"dvar":0.00000863090826897,"dvar2":0.000020934297936,"max":0.080240227282,"mean":0.00543978950009,"median":0.00103449542075,"min":1.50257115932e-21,"var":0.0000717526127119},"spectral_energyband_middle_low":{"dmean":0.00350013980642,"dmean2":0.00536070717499,"dvar":0.0000487056458951,"dvar2":0.000115632137749,"max":0.181668639183,"mean":0.0100733600557,"median":0.00730157922953,"min":2.17034264765e-22,"var":0.00011623140017},"spectral_entropy":{"dmean":0.154841065407,"dmean2":0.225937664509,"dvar":0.0312266591936,"dvar2":0.0620814822614,"max":9.82084846497,"mean":6.90269184113,"median":6.89873790741,"min":4.59081554413,"var":0.432752341032},"spectral_flux":{"dmean":0.0155447004363,"dmean2":0.0241852402687,"dvar":0.000402402161853,"dvar2":0.000913608178962,"max":0.2952696383,"mean":0.0567737184465,"median":0.0441399887204,"min":6.30559007786e-11,"var":0.00227576168254},"spectral_kurtosis":{"dmean":3.47262096405,"dmean2":5.64198970795,"dvar":17.8104572296,"dvar2":46.8255004883,"max":79.4813308716,"mean":11.8633642197,"median":9.32091903687,"min":-1.23886549473,"var":79.9175033569},"spectral_rms":{"dmean":0.000479444628581,"dmean2":0.000706637045369,"dvar":4.22247268261e-7,"dvar2":9.05948866148e-7,"max":0.0153956161812,"mean":0.0038810914848,"median":0.00362521037459,"min":3.17435032253e-12,"var":0.0000056696108004},"spectral_rolloff":{"dmean":210.934082031,"dmean2":356.384429932,"dvar":320874.28125,"dvar2":745772.8125,"max":19595.2148438,"mean":1025.19433594,"median":667.529296875,"min":21.533203125,"var":975036.3125},"spectral_skewness":{"dmean":0.318728357553,"dmean2":0.50347840786,"dvar":0.115742757916,"dvar2":0.279728114605,"max":7.57237148285,"mean":2.46949267387,"median":2.31346797943,"min":-0.420405358076,"var":0.763001680374},"spectral_spread":{"dmean":486526.71875,"dmean2":658170.25,"dvar":670145445888,"dvar2":1169325031420,"max":51236524,"mean":3711287.75,"median":3076928,"min":1106238.375,"var":5472928661500},"spectral_strongpeak":{"dmean":0.460137069225,"dmean2":0.787914812565,"dvar":1.09995412827,"dvar2":2.83768606186,"max":14.602022171,"mean":0.845902502537,"median":0.426055967808,"min":0,"var":1.77422845364},"zerocrossingrate":{"dmean":0.00663285469636,"dmean2":0.00771352648735,"dvar":0.0000783439245424,"dvar2":0.0000896444544196,"max":0.517578125,"mean":0.0443465970457,"median":0.0361328125,"min":0,"var":0.00096339546144}},"metadata":{"audio_properties":{"analysis_sample_rate":44100,"bit_rate":0,"codec":"flac","downmix":"mix","equal_loudness":0,"length":480.333343506,"lossless":true,"md5_encoded":"cdcd08720dca2b1564706792bb3f7039","replay_gain":-4.35092163086},"tags":{"album":["[Led Zeppelin IV]"],"albumartist":["Led Zeppelin"],"albumartistsort":["Led Zeppelin"],"albumsort":["[Led Zeppelin IV] (1990-10-29, Led Zeppelin, 3a4f0cbb-a599-48ea-af19-f2f6d397a3d9)"],"artist":["Led Zeppelin"],"artists":["Led Zeppelin"],"artistsort":["Led Zeppelin"],"asin":["B000065LZE"],"barcode":["075678008429"],"catalognumber":["CD 19129"],"date":["1990-10-29"],"discnumber":["1"],"disctotal":["1"],"file_name":"04 - Led Zeppelin - Stairway to Heaven.flac","genre":["Hard Rock"],"isrc":["USAT29900620"],"label":["Atlantic"],"language":["eng"],"media":["CD"],"musicbrainz_albumartistid":["678d88b2-87b0-403b-b63d-5da7465aecc3"],"musicbrainz_albumid":["3a4f0cbb-a599-48ea-af19-f2f6d397a3d9"],"musicbrainz_artistid":["678d88b2-87b0-403b-b63d-5da7465aecc3"],"musicbrainz_recordingid":["ccfdd180-22e1-49b9-bd81-b5fcf2c6474e"],"musicbrainz_releasegroupid":["2e61da88-39e9-3473-81d2-c964cb394952"],"musicbrainz_releasetrackid":["157619e1-41f5-3f00-8a0a-1c36b75d0c9c"],"musicbrainz_workid":["968ee3c5-21fa-35de-88f9-bd1c300ac3ee"],"musicip_puid":["28c1a3ab-5a96-2e24-748d-b8752a718deb"],"originaldate":["1971-11-08"],"producer":["Jimmy Page"],"releasecountry":["CA"],"releasestatus":["official"],"releasetype":["album"],"replaygain_album_gain":["-1.07 dB"],"replaygain_album_peak":["0.84826660"],"replaygain_track_gain":["-0.20 dB"],"replaygain_track_peak":["0.81057739"],"script":["Latn"],"title":["Stairway to Heaven"],"totaldiscs":["1"],"totaltracks":["8"],"tracknumber":["4"],"tracktotal":["8"],"work":["Stairway to Heaven"],"writer":["Jimmy Page","Robert Plant"]},"version":{"essentia":"2.1-beta1","essentia_build_sha":"5a55991247aa8bc5301991e5ebe36927b56abb96","essentia_git_sha":"v2.1_beta1-6-g557