{"lowlevel":{"average_loudness":0.33980345726,"barkbands":{"dmean":[0.000278803141555,0.00372260529548,0.00258106086403,0.00215106550604,0.000940600177273,0.000780400820076,0.000290937459795,0.000192102015717,0.000765515374951,0.000593872449826,0.000402475066949,0.000122091092635,0.000211857099202,0.000267133378657,0.000210591475479,0.00020787975518,0.000181929499377,0.000147261584061,0.000166645520949,0.000140228061355,0.000065508269472,0.00005798269558,0.0000466189412691,0.0000368109685951,0.0000887120622792,0.0000495762869832,0.0000059647281887],"dmean2":[0.000441335927462,0.00599306402728,0.00449427915737,0.00359739433043,0.00157251441851,0.00132261763792,0.000485074648168,0.000313390512019,0.00121461250819,0.000950152461883,0.000636421376839,0.000197222601855,0.000333928852342,0.000434041954577,0.000338755402481,0.000321558472933,0.000292819633614,0.000229431156185,0.000266354298219,0.000226017917157,0.000103430109448,0.0000896492347238,0.0000680796001689,0.0000541083572898,0.00013078279153,0.0000758763417252,0.00000992230798147],"dvar":[7.41596636544e-7,0.000120035168948,0.000070805719588,0.0000685555351083,0.00000850728065416,0.0000101046898635,0.00000131126012093,2.78716555613e-7,0.00000631588363831,0.00000598946144237,0.00000203474451155,1.65930401863e-7,3.65155869986e-7,8.96967605968e-7,4.24148680622e-7,2.91294696808e-7,1.8130280921e-7,1.01561674626e-7,1.2505994107e-7,1.1113449716e-7,3.36342829144e-8,3.34992762419e-8,1.9503369586e-8,1.29381421132e-8,7.66912009453e-8,2.06838013384e-8,5.05893549274e-10],"dvar2":[0.00000168081419361,0.000314232544042,0.000196957917069,0.000170122279087,0.0000224320283451,0.000027924315873,0.00000350949039785,7.15872033652e-7,0.000015703299141,0.0000139791627589,0.00000495139465784,3.96712039219e-7,8.91360684818e-7,0.00000220668948714,0.00000103955596842,6.86129851601e-7,4.81883603243e-7,2.40849971078e-7,3.13609092473e-7,2.75605060551e-7,8.41444389721e-8,8.08103592931e-8,4.20833679016e-8,2.60528008056e-8,1.76888150349e-7,4.94485057345e-8,1.37529687638e-9],"max":[0.0194532833993,0.155422404408,0.132367551327,0.129786193371,0.0459429882467,0.0641055107117,0.0257317721844,0.0117921205238,0.116781935096,0.0717787519097,0.0497632287443,0.0178244151175,0.0339441262186,0.0341638736427,0.0160427354276,0.0115043595433,0.00984942726791,0.00618067244068,0.00837532896549,0.0126793468371,0.00352659123018,0.00414243806154,0.00642368709669,0.00634451257065,0.00658780708909,0.00311122136191,0.000851327786222],"mean":[0.000369581131963,0.00518147600815,0.0026575291995,0.00219742511399,0.00142846943345,0.000873520621099,0.000381047371775,0.000274086196441,0.00127489340957,0.000881641521119,0.000607154914178,0.000176682122401,0.000346090906532,0.000402063538786,0.000342887855368,0.000356785923941,0.000338837096933,0.000278795370832,0.000341630802723,0.000287344009848,0.000119877055113,0.0000948192900978,0.0000810285564512,0.0000637500706944,0.000122739933431,0.0000559262771276,0.00000536370498594],"median":[0.0000513650084031,0.00156290084124,0.000385347055271,0.000184630684089,0.000334043084877,0.000268963718554,0.000121383287478,0.0000800639609224,0.000282574561425,0.000140402786201,0.0000812359066913,0.0000458467366116,0.0000709390660631,0.0000819147389848,0.0000622680090601,0.0000664924300509,0.0000672955502523,0.0000649355060887,0.0000700410309946,0.0000687798310537,0.0000297199330817,0.0000135047457661,0.00000959917178989,0.00000802892373031,0.0000116599812827,0.00000417317551182,2.67470625204e-7],"min":[7.23768146234e-25,1.765674232e-24,1.83457689333e-24,3.38337709084e-25,1.26712281737e-23,4.47383135304e-24,1.34874704409e-23,8.96004861115e-24,1.55898447068e-23,1.9197001126e-23,1.73096450994e-23,3.47430877184e-23,3.53429438616e-23,3.66949126136e-23,4.7962178213e-23,6.63922187903e-23,4.09730031214e-23,1.14674033976e-22,1.36604139949e-22,1.89791174285e-22,2.80847709878e-22,4.06715149985e-22,3.80529991398e-22,5.76818728969e-22,9.39753108456e-22,1.30237052994e-21,2.11105378053e-21],"var":[9.78701109489e-7,0.000121131204651,0.0000536590196134,0.0000594712546444,0.00000939621440921,0.00000713624149284,0.00000110733049041,4.32868148437e-7,0.0000119619890029,0.0000106942825369,0.0000038650064198,2.91845367428e-7,9.11011511562e-7,0.00000132221873628,8.42958172598e-7,6.68943130222e-7,4.12318968301e-7,2.74401656952e-7,3.36353508601e-7,2.76794111187e-7,5.14290903197e-8,5.24521546197e-8,4.72365648818e-8,3.12542667302e-8,1.15943691981e-7,2.430063617e-8,3.76449760253e-10]},"barkbands_crest":{"dmean":2.52581381798,"dmean2":4.00785064697,"dvar":5.92176818848,"dvar2":15.3215494156,"max":26.9113082886,"mean":10.2125663757,"median":8.83493709564,"min":2.58981060982,"var":24.234128952},"barkbands_flatness_db":{"dmean":0.0225660186261,"dmean2":0.0331747978926,"dvar":0.000613191630691,"dvar2":0.00131535122637,"max":0.659793257713,"mean":0.140348151326,"median":0.114238806069,"min":0.0212619397789,"var":0.00793114397675},"barkbands_kurtosis":{"dmean":8.1165266037,"dmean2":13.8246994019,"dvar":17646.4453125,"dvar2":55276.2304688,"max":8180.10302734,"mean":10.0265369415,"median":1.02805376053,"min":-1.87578988075,"var":12489.0771484},"barkbands_skewness":{"dmean":0.632822036743,"dmean2":0.947183132172,"dvar":2.25496125221,"dvar2":6.63905477524,"max":87.8017272949,"mean":1.64031875134,"median":1.17599272728,"min":-2.11429548264,"var":5.25435066223},"barkbands_spread":{"dmean":6.00575113297,"dmean2":9.38238525391,"dvar":63.2463607788,"dvar2":160.320144653,"max":115.16872406,"mean":24.3656616211,"median":22.0818958282,"min":0.0661964192986,"var":258.17300415},"dissonance":{"dmean":0.0169779621065,"dmean2":0.0287375096232,"dvar":0.000317430502037,"dvar2":0.000832851335872,"max":0.500000178814,"mean":0.466122329235,"median":0.473448216915,"min":0.12489297986,"var":0.000779368914664},"dynamic_complexity":7.38897943497,"erbbands":{"dmean":[0.115678079426,0.879180073738,2.63279628754,5.88371944427,4.2553486824,3.18139457703,5.50774908066,5.42666769028,4.18993091583,4.04153060913,5.93029928207,19.4385871887,18.7149734497,14.578868866,14.158996582,5.53755044937,10.4963741302,10.3867721558,11.3290863037,12.6347541809,9.08553409576,8.05071544647,7.77476549149,7.29761695862,8.38141345978,6.25604820251,3.66714572906,2.45419859886,2.11395549774,1.56307196617,1.35115587711,0.855710506439,0.593082845211,0.578680455685,0.959051847458,0.233626618981,0.10274463892,0.015611236915,0.00101512228139,0.0000453185348306],"dmean2":[0.170545816422,1.49494409561,4.65218400955,9.70191192627,7.22403287888,5.26194095612,9.18791484833,9.12138271332,7.12134027481,6.50185537338,9.54384708405,30.4988479614,29.6915283203,22.5613040924,22.1423053741,8.72489261627,16.5700683594,16.8597946167,18.0930423737,19.8307266235,14.1237955093,12.729470253,12.2170114517,11.4772949219,13.6144733429,10.0832805634,5.85540676117,3.82973790169,3.2822227478,2.31065201759,2.0089199543,1.2928044796,0.862809717655,0.858661353588,1.44581365585,0.341543197632,0.161058202386,0.0258455201983,0.00166520243511,0.0000705050988472],"dvar":[0.0830219984055,8.37379455566,79.7431869507,423.783203125,233.724624634,108.71434021,439.756622314,432.834259033,350.089904785,144.795883179,247.064361572,4527.74072266,5775.29150391,4563.72363281,2592.98803711,278.361694336,952.476806641,1524.06359863,1185.91259766,1186.27587891,670.905517578,339.392730713,304.250091553,213.985366821,325.629211426,280.808288574,80.7921905518,53.6997337341,45.3032455444,25.2565784454,16.3931293488,6.90039157867,4.19026279449,3.24458193779,10.510222435,0.470203638077,0.101410672069,0.00292980810627,0.0000136601674967,2.73177889198e-8],"dvar2":[0.18823595345,23.305109024,225.335693359,1032.12451172,607.225646973,281.143188477,1174.36767578,1198.7947998,957.429077148,369.762695312,597.012573242,11037.4277344,13864.0058594,9693.61816406,5823.36132812,639.393188477,2295.17504883,3591.34350586,2861.82910156,2802.2902832,1626.77478027,885.569580078,768.566955566,514.933532715,837.202087402,684.517456055,206.189605713,132.014312744,111.05947876,57.1432495117,36.5717048645,16.0594730377,7.52461767197,7.06716585159,24.8495807648,1.07170081139,0.251891374588,0.00785719323903,0.0000364394982171,7.01799365288e-8],"max":[4.47048282623,39.380241394,117.259788513,329.72845459,279.134613037,238.367935181,424.783691406,409.70980835,397.361877441,341.808074951,530.698120117,3240.95141602,2435.04541016,2476.41186523,2304.11401367,640.094421387,1893.59448242,1268.22619629,1344.04821777,1061.23657227,756.256347656,398.855834961,417.493286133,260.769989014,362.194000244,792.80065918,236.115478516,126.324623108,136.086349487,200.603881836,152.779647827,85.2663269043,148.452011108,84.7103805542,66.9350357056,14.2465782166,6.4263420105,1.85514426231,0.104866787791,0.00404274091125],"mean":[0.177660495043,1.05079782009,2.71259903908,6.23169612885,5.09458112717,4.99904060364,6.8207783699,6.25163507462,4.75502538681,6.67421674728,9.65567779541,32.1875915527,28.9391803741,22.8155212402,21.9457702637,9.5200252533,17.8197402954,16.6218032837,19.3269119263,23.0636043549,17.6619548798,16.6876525879,15.780664444,15.2216968536,17.7326583862,13.2907676697,7.19184303284,4.25407457352,3.40991091728,2.6193614006,2.33006310463,1.4570183754,1.02130591869,0.903926968575,1.20757579803,0.298219740391,0.107223086059,0.0145397353917,0.000965541927144,0.0000583073488087],"median":[0.0459023602307,0.307464897633,0.522308826447,0.721586346626,0.658176481724,1.22363364697,1.68752455711,2.10632538795,1.47315645218,2.12907981873,2.72170376778,6.97415494919,5.52941942215,4.20826625824,3.86595153809,3.1439511776,4.20315217972,3.75761342049,4.48988819122,4.91395616531,3.21696972847,3.27556061745,4.22734117508,4.2036690712,3.82434988022,3.25124883652,1.88412308693,0.844800412655,0.496289968491,0.391449153423,0.272569715977,0.157986968756,0.138183772564,0.122299581766,0.0774834603071,0.0266974084079,0.00606632651761,0.000821996247396,0.0000580332271056,0.0000169445247593],"min":[1.10464407128e-22,4.24276253964e-22,2.59692323374e-21,6.28479752904e-21,1.44020788037e-20,5.32912111301e-20,2.94817445448e-20,4.69277979195e-20,1.36981044815e-19,2.1492633856e-19,2.9580743847e-19,3.62297094986e-19,6.70449945604e-19,1.27598151596e-18,1.10684996407e-18,2.00807502877e-18,2.16185721042e-18,1.34032365651e-18,2.19501929477e-18,4.21415228076e-18,5.16174309354e-18,3.56458430293e-18,6.10020472749e-18,7.64531441883e-18,7.79054500052e-18,1.02692041137e-17,9.84160467662e-18,1.00932685877e-17,1.35220132905e-17,1.24151471964e-17,1.11483837811e-17,1.02366032714e-17,1.05689644416e-17,9.31893571732e-18,6.5801134122e-18,3.68258079013e-18,2.17833402784e-18,9.90305282239e-19,2.65903618555e-19,2.82181486109e-20],"var":[0.125941902399,6.45813083649,56.4118843079,394.546661377,200.727340698,127.348968506,361.789245605,312.853668213,248.490936279,213.707122803,469.778808594,8512.41113281,9055.71386719,8384.60644531,5025.94970703,622.890869141,2350.36987305,2598.67285156,2255.85546875,2727.24023438,1719.02209473,961.825134277,815.41229248,606.734802246,867.149597168,704.391723633,148.732894897,77.9312820435,67.7180023193,51.004070282,38.042049408,14.6704626083,10.6376523972,6.93253755569,13.3609037399,0.65392524004,0.102085746825,0.00232471176423,0.0000109044658529,2.52519196664e-8]},"erbbands_crest":{"dmean":2.43240666389,"dmean2":3.87954235077,"dvar":6.40212917328,"dvar2":15.5415763855,"max":30.5349731445,"mean":8.82699871063,"median":7.82160520554,"min":1.91836595535,"var":17.6319332123},"erbbands_flatness_db":{"dmean":0.0201009176672,"dmean2":0.0271900687367,"dvar":0.00047942911624,"dvar2":0.000828429241665,"max":0.407329559326,"mean":0.156340122223,"median":0.149756491184,"min":0.0222333949059,"var":0.0034079211764},"erbbands_kurtosis":{"dmean":1.23765921593,"dmean2":1.82960128784,"dvar":27.8592586517,"dvar2":48.0992736816,"max":199.14805603,"mean":1.29303586483,"median":-0.146311044693,"min":-1.7724930048,"var":96.7800750732},"erbbands_skewness":{"dmean":0.349619269371,"dmean2":0.527786314487,"dvar":0.161422237754,"dvar2":0.33207565546,"max":10.528002739,"mean":0.26109033823,"median":0.186732500792,"min":-3.27874064445,"var":1.08895742893},"erbbands_spread":{"dmean":8.39576625824,"dmean2":12.2497787476,"dvar":110.334075928,"dvar2":224.749099731,"max":183.915802002,"mean":36.3350944519,"median":32.2052993774,"min":1.15377736092,"var":378.125274658},"gfcc":{"cov":[[34593.4765625,-1371.99731445,-2219.0222168,1366.00537109,-736.472229004,586.828857422,-761.746520996,900.014465332,-894.811218262,387.86138916,-691.737670898,69.8702697754,-409.326171875],[-1371.99731445,2121.09838867,221.358139038,-112.970787048,210.486526489,-179.870941162,250.069534302,-235.616378784,214.080123901,-137.309509277,144.174819946,-97.4056625366,104.562866211],[-2219.0222168,221.358139038,1853.26501465,401.020782471,302.504089355,271.958526611,186.930618286,-50.924911499,136.42326355,-22.7978019714,-29.0480518341,-7.39649295807,-76.6564331055],[1366.00537109,-112.970787048,401.020782471,662.865661621,187.806060791,176.95942688,128.703125,103.403068542,50.4641914368,12.2057170868,-54.1126976013,-22.2982196808,-60.7522354126],[-736.472229004,210.486526489,302.504089355,187.806060791,375.631469727,125.917434692,160.6328125,41.5889816284,91.5099639893,-3.22943019867,14.6934251785,12.5593833923,13.2652835846],[586.828857422,-179.870941162,271.958526611,176.95942688,125.917434692,278.328674316,87.7381439209,61.1682624817,7.31000089645,30.0132808685,-19.029094696,19.6408081055,-34.1940383911],[-761.746520996,250.069534302,186.930618286,128.703125,160.6328125,87.7381439209,259.932250977,28.0286159515,86.5516967773,-10.5695886612,40.6492614746,-22.5244483948,5.75315189362],[900.014465332,-235.616378784,-50.924911499,103.403068542,41.5889816284,61.1682624817,28.0286159515,193.534255981,15.4751262665,46.9436607361,-15.826508522,11.0613536835,-1.57682693005],[-894.811218262,214.080123901,136.42326355,50.4641914368,91.5099639893,7.31000089645,86.5516967773,15.4751262665,157.388534546,13.2578458786,42.1325378418,-4.62077140808,25.1142063141],[387.86138916,-137.309509277,-22.7978019714,12.2057170868,-3.22943019867,30.0132808685,-10.5695886612,46.9436607361,13.2578458786,105.275360107,32.4500045776,26.2771129608,3.36062693596],[-691.737670898,144.174819946,-29.0480518341,-54.1126976013,14.6934251785,-19.029094696,40.6492614746,-15.826508522,42.1325378418,32.4500045776,130.474884033,26.865524292,28.4123725891],[69.8702697754,-97.4056625366,-7.39649295807,-22.2982196808,12.5593833923,19.6408081055,-22.5244483948,11.0613536835,-4.62077140808,26.2771129608,26.865524292,93.2774505615,28.3410434723],[-409.326171875,104.562866211,-76.6564331055,-60.7522354126,13.2652835846,-34.1940383911,5.75315189362,-1.57682693005,25.1142063141,3.36062693596,28.4123725891,28.3410434723,94.3556671143]],"icov":[[0.0000937661970966,-0.000214173443965,0.000145102574606,-0.000266810180619,0.000227257798542,-0.000288489740342,0.000252647994785,-0.00039775625919,0.000433170062024,-0.000390881265048,0.000413170200773,-0.000283710716758,0.000291086849757],[-0.000214173443965,0.00143482966814,-0.00037507887464,0.000688785337843,-0.000928933499381,0.00116426474415,-0.00107669096906,0.00177708442789,-0.00160903844517,0.00159036868718,-0.00159428699408,0.00154273735825,-0.00134421058465],[0.000145102574606,-0.00037507887464,0.00103856227361,-0.000679699529428,0.000108111817099,-0.00101556361187,0.000394445232814,-0.0000113736441563,0.0000490331804031,-0.000521794136148,0.000889506598469,-0.000691970810294,0.000989294378087],[-0.000266810180619,0.000688785337843,-0.000679699529428,0.00311808753759,-0.00121928285807,0.000384762563044,-0.00121331983246,0.000328507419908,-0.00148652668577,0.00100040156394,-0.000437549490016,0.0011067542946,0.0000843512825668],[0.000227257798542,-0.000928933499381,0.000108111817099,-0.00121928285807,0.0053081442602,-0.00189437717199,-0.000828603864647,-0.0015723425895,0.0000415040885855,-0.000507833203301,0.00145873136353,-0.00205653882585,0.0000950434332481],[-0.000288489740342,0.00116426474415,-0.00101556361187,0.000384762563044,-0.00189437717199,0.00729782041162,-0.00271411938593,0.000824269314762,-0.000209713747608,-0.000157935530297,-0.000521758804098,-0.000511348247528,0.000343386112945],[0.000252647994785,-0.00107669096906,0.000394445232814,-0.00121331983246,-0.000828603864647,-0.00271411938593,0.00807385426015,-0.00214699935168,-0.000392600777559,0.000514221435878,-0.00136304274201,0.00138734071516,0.000513079517987],[-0.00039775625919,0.00177708442789,-0.0000113736441563,0.000328507419908,-0.0015723425895,0.000824269314762,-0.00214699935168,0.00971407722682,-0.00310620060191,-0.000865171547048,-0.00041080097435,0.00145610491745,-0.00213563977741],[0.000433170062024,-0.00160903844517,0.0000490331804031,-0.00148652668577,0.0000415040885855,-0.000209713747608,-0.000392600777559,-0.00310620060191,0.0122351022437,-0.0036368642468,0.000310510251438,-0.000357648503268,-0.000477950379718],[-0.000390881265048,0.00159036868718,-0.000521794136148,0.00100040156394,-0.000507833203301,-0.000157935530297,0.000514221435878,-0.000865171547048,-0.0036368642468,0.0156777855009,-0.00627290364355,-0.0000168106489582,-0.000965982442722],[0.000413170200773,-0.00159428699408,0.000889506598469,-0.000437549490016,0.00145873136353,-0.000521758804098,-0.00136304274201,-0.00041080097435,0.000310510251438,-0.00627290364355,0.0140105299652,-0.00496054301038,0.00109403743409],[-0.000283710716758,0.00154273735825,-0.000691970810294,0.0011067542946,-0.00205653882585,-0.000511348247528,0.00138734071516,0.00145610491745,-0.000357648503268,-0.0000168106489582,-0.00496054301038,0.0165813360363,-0.00613733706996],[0.000291086849757,-0.00134421058465,0.000989294378087,0.0000843512825668,0.0000950434332481,0.000343386112945,0.000513079517987,-0.00213563977741,-0.000477950379718,-0.000965982442722,0.00109403743409,-0.00613733706996,0.0159283485264]],"mean":[-88.467880249,86.9729232788,-110.161201477,24.5939807892,-45.9865684509,10.1149110794,-29.3736171722,15.5198144913,-26.5199279785,4.45140075684,-18.0735454559,-0.98956143856,-6.96301174164]},"hfc":{"dmean":5.48832607269,"dmean2":7.7710442543,"dvar":142.031433105,"dvar2":297.175811768,"max":213.152389526,"mean":15.2516403198,"median":5.98383045197,"min":1.11864570849e-16,"var":454.352813721},"melbands":{"dmean":[0.00100943748839,0.00128973752726,0.000940188299865,0.000248447962804,0.000171514649992,0.000129368170747,0.0000616750185145,0.0000415941613028,0.0000657380296616,0.000117382347526,0.000092915033747,0.000060179263528,0.0000574066616537,0.0000167328616953,0.0000198638008442,0.0000191724921024,0.0000217436063394,0.0000213621769944,0.0000149840116137,0.0000166852769325,0.0000114516396934,0.00000794736479293,0.0000133879311761,0.00000569102712689,0.00000656375596009,0.0000060074112298,0.00000693066795066,0.00000433120203525,0.00000289696686195,0.00000170261023413,0.0000014724440689,0.00000127465057176,0.00000109096754386,8.74057775491e-7,9.02399790448e-7,5.73812485527e-7,5.49692515506e-7,4.33270372469e-7,4.03115137715e-7,5.0285063935e-7],"dmean2":[0.00155422324315,0.00225945189595,0.0015529205557,0.000417721399572,0.000282765249722,0.000218329703785,0.000104439888673,0.0000667534040986,0.000103982871224,0.000185454584425,0.000147131024278,0.0000931490576477,0.0000906344212126,0.00002648922964,0.0000313283453579,0.0000305108715111,0.0000352085517079,0.0000341595914506,0.000023903334295,0.0000257947995124,0.0000181711802725,0.000012728769434,0.0000217393462663,0.00000886157886271,0.0000104231530713,0.00000959548378887,0.0000113557643999,0.00000697642099112,0.00000467179961561,0.00000275499905911,0.00000231793183048,0.00000202341266231,0.00000167502332715,0.00000131572437567,0.00000136556559482,8.80749382759e-7,8.49102491429e-7,6.44888473289e-7,6.03107139341e-7,7.67212497976e-7],"dvar":[0.00000722161530575,0.0000187129116966,0.0000105091057776,6.74178693316e-7,3.76640514332e-7,2.61942830093e-7,7.10862551045e-8,1.39362636986e-8,3.38078685047e-8,1.60585329922e-7,1.47792576399e-7,8.49999324259e-8,4.07194562513e-8,3.5255356412e-9,2.67562150214e-9,3.38351258122e-9,7.21794490843e-9,4.66469129989e-9,2.25182761326e-9,1.91936488925e-9,1.22444920869e-9,3.92161303431e-10,1.30396937692e-9,1.46320192074e-10,1.81166859292e-10,1.67159217024e-10,2.46326792297e-10,1.99318325733e-10,4.77538390775e-11,2.20126000761e-11,2.15863316805e-11,1.66954072095e-11,1.16880411599e-11,8.14600470411e-12,7.39504985026e-12,3.29583799488e-12,2.98022067094e-12,2.06316496006e-12,2.340256244e-12,2.50156666215e-12],"dvar2":[0.0000176085377461,0.0000525760151504,0.0000255019058386,0.00000177907770649,9.88795477497e-7,7.25770576082e-7,1.93441223928e-7,3.56029445925e-8,7.6840102281e-8,4.01415121587e-7,3.51701373802e-7,1.80337622169e-7,9.84795462955e-8,8.2855811101e-9,6.44760511648e-9,7.90817367147e-9,1.72901462037e-8,1.13506786192e-8,5.40374855973e-9,4.37512648332e-9,2.99624747235e-9,9.87435577748e-10,3.58927709776e-9,3.34116095901e-10,4.43569708741e-10,4.15935980103e-10,6.19447937389e-10,4.55639137531e-10,1.24174615035e-10,5.69135537309e-11,5.31669049064e-11,4.19491177905e-11,2.78427871037e-11,1.916084999e-11,1.67610439417e-11,7.81955403206e-12,7.26788724689e-12,3.88774949733e-12,4.30263767323e-12,5.82703590241e-12],"max":[0.0405445843935,0.0567212477326,0.0514661222696,0.0121408607811,0.0126686831936,0.0100276330486,0.00575992371887,0.00313585926779,0.00927709974349,0.0175324585289,0.0124200833961,0.0095583293587,0.00769737176597,0.00271924817935,0.00183240592014,0.00336631876417,0.00284609268419,0.00315043400042,0.00161537074018,0.000989886000752,0.00110324693378,0.000586638518143,0.00106677634176,0.000325612083543,0.000243107075221,0.000293233344564,0.000311115669319,0.000760233553592,0.000165224570083,0.0000995949521894,0.000085380699602,0.0000702465258655,0.0000939392484725,0.000140082323924,0.000106348568806,0.0000635770848021,0.0000558258252568,0.000101015793916,0.0000965778381214,0.0000724162455299],"mean":[0.00150347943418,0.00144025112968,0.00104112364352,0.000352440780262,0.000233056664001,0.000147268423461,0.000072802125942,0.0000675387855154,0.000105457453174,0.000193602827494,0.00013926482643,0.0000900309169083,0.000087899628852,0.0000235566731135,0.0000333523385052,0.000031023115298,0.0000323242347804,0.0000332742929459,0.0000259009302681,0.0000288517239824,0.0000198659690795,0.0000152140701175,0.0000224023897317,0.0000107379682959,0.0000124516636788,0.0000123108002299,0.000012835027519,0.00000799243298388,0.00000511636881129,0.00000289082595373,0.00000229482179748,0.00000196989003598,0.00000167686971508,0.00000140141116844,0.0000014767730363,9.72413090494e-7,8.63363538883e-7,7.15415126251e-7,6.67158985834e-7,7.41741075672e-7],"median":[0.000434638815932,0.000414109381381,0.000127271516249,0.0000670102162985,0.0000632324154139,0.0000489985286549,0.0000233829068748,0.0000214202955249,0.0000256849871221,0.000042046798626,0.0000235907064052,0.0000154130830197,0.000012914862964,0.00000602255204285,0.00000928006920731,0.0000071607191785,0.00000617041314399,0.00000664747767587,0.00000502711100125,0.00000543603619008,0.00000299193447972,0.00000260466958935,0.00000432299748354,0.00000284414886664,0.00000318111415254,0.00000246450417762,0.00000267271343546,0.00000177298795734,0.00000112304087452,5.87024999277e-7,3.71644802044e-7,2.40768940785e-7,2.46620402322e-7,1.80614364353e-7,1.60237362934e-7,9.93404967176e-8,8.98146907957e-8,9.23022795973e-8,8.99725662862e-8,9.60215302825e-8],"min":[1.79944931166e-24,1.01612354758e-24,1.17828455627e-24,2.27990070725e-24,1.37115503254e-24,1.00220508299e-24,2.65038153999e-24,1.49161409276e-24,1.80677743503e-24,2.5921975262e-24,2.43562441373e-24,5.38743877751e-24,3.90365176265e-24,3.35715969308e-24,3.16597432232e-24,4.0606559876e-24,1.69389873646e-24,3.35677867327e-24,3.84624556571e-24,4.64666288876e-24,5.32578298688e-24,2.33251122152e-24,6.35197111771e-24,5.22600628186e-24,5.56770019967e-24,5.21983896731e-24,5.95832992044e-24,6.01427317482e-24,5.36108175137e-24,6.05531681886e-24,4.85014324838e-24,6.22484066081e-24,7.77605990028e-24,5.75278708399e-24,5.8730193467e-24,6.5367751954e-24,4.79074714981e-24,5.99891010869e-24,6.24693310489e-24,7.55637949312e-24],"var":[0.00000915976488614,0.0000136009130074,0.00000994258789433,6.68969903472e-7,3.42561861544e-7,1.86049604167e-7,5.22100869205e-8,2.09688053587e-8,6.95069957146e-8,2.90299993821e-7,2.33252620774e-7,1.55949422265e-7,7.94596743958e-8,5.06354780327e-9,6.6197141102e-9,7.36104732724e-9,1.13717337769e-8,7.59647633686e-9,4.76874584265e-9,4.26111546048e-9,2.60614663183e-9,9.79650138788e-10,2.54347876094e-9,4.28050733747e-10,4.49057041552e-10,4.44930842169e-10,5.19067400173e-10,4.10442180243e-10,8.41022390619e-11,3.18374875075e-11,2.83723843031e-11,2.35394290865e-11,1.85786021983e-11,1.66174071031e-11,1.58318427812e-11,7.08114166262e-12,5.39800626073e-12,5.05469797962e-12,5.64986252227e-12,4.73659696534e-12]},"melbands_crest":{"dmean":3.27849006653,"dmean2":5.12415933609,"dvar":10.3104610443,"dvar2":25.8304214478,"max":39.9956169128,"mean":14.882273674,"median":13.538274765,"min":1.64336442947,"var":43.5272331238},"melbands_flatness_db":{"dmean":0.0276875384152,"dmean2":0.0403710827231,"dvar":0.000953014474362,"dvar2":0.00204586586915,"max":0.752518594265,"mean":0.217306315899,"median":0.184431865811,"min":0.00398704875261,"var":0.0127243548632},"melbands_kurtosis":{"dmean":15.9056015015,"dmean2":27.0672607422,"dvar":66395.96875,"dvar2":207568.546875,"max":15972.484375,"mean":20.9449958801,"median":5.56777000427,"min":-1.66697502136,"var":44232.0117188},"melbands_skewness":{"dmean":0.852229356766,"dmean2":1.27068841457,"dvar":4.3118929863,"dvar2":12.8092355728,"max":122.625534058,"mean":2.68603110313,"median":2.10059809685,"min":-0.902112901211,"var":8.25365447998},"melbands_spread":{"dmean":6.94796609879,"dmean2":10.7530317307,"dvar":75.5405426025,"dvar2":178.200561523,"max":208.509185791,"mean":24.9437026978,"median":22.3570709229,"min":0.0587944462895,"var":345.920684814},"mfcc":{"cov":[[22509.0820312,-839.938903809,-1726.19677734,728.970703125,-24.0061092377,-121.090530396,206.004684448,163.123275757,123.551101685,210.457946777,-71.9434890747,-137.709457397,-33.699672699],[-839.938903809,1840.18713379,169.716262817,66.6569900513,23.9826641083,28.2068958282,7.15601158142,-11.3903112411,8.54008865356,-0.224011793733,12.768661499,-6.90962076187,-19.0257492065],[-1726.19677734,169.716262817,1343.8605957,262.553009033,250.597885132,315.044799805,68.0575790405,134.133361816,60.3269348145,49.6728172302,56.7384910583,64.4921875,-13.9167127609],[728.970703125,66.6569900513,262.553009033,499.515258789,168.97718811,161.646377563,97.9282608032,130.617385864,111.485031128,74.2113723755,45.7653656006,50.0540809631,21.2212257385],[-24.0061092377,23.9826641083,250.597885132,168.97718811,270.319366455,139.619949341,53.7441253662,95.3682098389,70.6311187744,42.6170768738,21.3984718323,30.5447731018,18.0031223297],[-121.090530396,28.2068958282,315.044799805,161.646377563,139.619949341,303.694885254,100.119346619,114.499656677,47.9481544495,47.7717666626,38.0657310486,27.9278144836,6.7987279892],[206.004684448,7.15601158142,68.0575790405,97.9282608032,53.7441253662,100.119346619,166.227203369,86.3053588867,40.9375457764,47.1198539734,37.2681274414,30.7675189972,15.5865831375],[163.123275757,-11.3903112411,134.133361816,130.617385864,95.3682098389,114.499656677,86.3053588867,164.338348389,73.7387619019,49.689491272,28.3838768005,25.8093318939,12.2216148376],[123.551101685,8.54008865356,60.3269348145,111.485031128,70.6311187744,47.9481544495,40.9375457764,73.7387619019,141.576568604,51.4661521912,16.9392261505,18.7057933807,16.6980438232],[210.457946777,-0.224011793733,49.6728172302,74.2113723755,42.6170768738,47.7717666626,47.1198539734,49.689491272,51.4661521912,114.18862915,39.4845848083,19.9471359253,7.40444564819],[-71.9434890747,12.768661499,56.7384910583,45.7653656006,21.3984718323,38.0657310486,37.2681274414,28.3838768005,16.9392261505,39.4845848083,91.7267456055,45.1087226868,5.79568195343],[-137.709457397,-6.90962076187,64.4921875,50.0540809631,30.5447731018,27.9278144836,30.7675189972,25.8093318939,18.7057933807,19.9471359253,45.1087226868,93.5497741699,35.3608627319],[-33.699672699,-19.0257492065,-13.9167127609,21.2212257385,18.0031223297,6.7987279892,15.5865831375,12.2216148376,16.6980438232,7.40444564819,5.79568195343,35.3608627319,85.6439285278]],"icov":[[0.0000595867131779,0.0000230442728935,0.000100087403553,-0.000142069155117,-0.00000248481205745,0.0000106494990177,-0.0000399507262046,-0.0000330924267473,0.0000534545652044,-0.0000975024158834,0.0000679082295392,0.000072893621109,0.0000550177355763],[0.0000230442728935,0.000565441790968,-0.0000361813181371,-0.000133805064252,0.00000232952606893,0.0000229909292102,-0.0000766005832702,0.000168980157468,-0.0000378030345018,0.0000229764773394,-0.0000855287726154,0.000149717307067,0.0000988240062725],[0.000100087403553,-0.0000361813181371,0.00127737026196,-0.000405692029744,-0.000518664426636,-0.000891072966624,0.000353260053089,-0.00015397570678,0.000236235413468,-0.0000788672477938,0.0000648229397484,-0.000453423563158,0.00062046572566],[-0.000142069155117,-0.000133805064252,-0.000405692029744,0.00348800863139,-0.000846572569571,-0.000453138840385,-0.000321017752867,-0.000545324990526,-0.00130048545543,-0.000155919260578,-0.00024476161343,-0.000689825159498,-0.0000972360139713],[-0.00000248481205745,0.00000232952606893,-0.000518664426636,-0.000846572569571,0.00608010450378,-0.00133807852399,0.000510991376359,-0.00120896974113,-0.00107262004167,-0.000218381464947,0.000569060910493,-0.000394071801566,-0.000615112076048],[0.0000106494990177,0.0000229909292102,-0.000891072966624,-0.000453138840385,-0.00133807852399,0.00632158434018,-0.00194967573043,-0.00185470143333,0.000817349180579,-0.000155990186613,-0.000617864949163,0.000760479480959,-0.0000423220517405],[-0.0000399507262046,-0.0000766005832702,0.000353260053089,-0.000321017752867,0.000510991376359,-0.00194967573043,0.00966477394104,-0.00335519900545,0.000307969487039,-0.00126361486036,-0.00130812998395,-0.000901575898752,-0.000618586607743],[-0.0000330924267473,0.000168980157468,-0.00015397570678,-0.000545324990526,-0.00120896974113,-0.00185470143333,-0.00335519900545,0.012182935141,-0.00339048355818,-0.00063998386031,-0.0000591057978454,-0.000181491544936,0.000203384144697],[0.0000534545652044,-0.0000378030345018,0.000236235413468,-0.00130048545543,-0.00107262004167,0.000817349180579,0.000307969487039,-0.00339048355818,0.0110357310623,-0.003120057052,0.000742101343349,0.0000199097776203,-0.000978698488325],[-0.0000975024158834,0.0000229764773394,-0.0000788672477938,-0.000155919260578,-0.000218381464947,-0.000155990186613,-0.00126361486036,-0.00063998386031,-0.003120057052,0.0128383664414,-0.00446148123592,0.00080398353748,-0.000159528382937],[0.0000679082295392,-0.0000855287726154,0.0000648229397484,-0.00024476161343,0.000569060910493,-0.000617864949163,-0.00130812998395,-0.0000591057978454,0.000742101343349,-0.00446148123592,0.017196437344,-0.00783412065357,0.00256672361866],[0.000072893621109,0.000149717307067,-0.000453423563158,-0.000689825159498,-0.000394071801566,0.000760479480959,-0.000901575898752,-0.000181491544936,0.0000199097776203,0.00080398353748,-0.00783412065357,0.0178055949509,-0.00652321847156],[0.0000550177355763,0.0000988240062725,0.00062046572566,-0.0000972360139713,-0.000615112076048,-0.0000423220517405,-0.000618586607743,0.000203384144697,-0.000978698488325,-0.000159528382937,0.00256672361866,-0.00652321847156,0.0147852227092]],"mean":[-725.654602051,120.874031067,-3.37232685089,22.4041481018,4.11810445786,0.617605745792,7.48639631271,3.76813840866,4.01923179626,6.20083093643,-0.53160071373,-5.06661605835,-2.21403813362]},"pitch_salience":{"dmean":0.069720685482,"dmean2":0.110792092979,"dvar":0.00440988549963,"dvar2":0.0115498583764,"max":0.873952925205,"mean":0.523172318935,"median":0.539769172668,"min":0.00106281752232,"var":0.0190613362938},"silence_rate_20dB":{"dmean":0,"dmean2":0,"dvar":0,"dvar2":0,"max":1,"mean":1,"median":1,"min":1,"var":0},"silence_rate_30dB":{"dmean":0.036947928369,"dmean2":0.0739022120833,"dvar":0.0355826206505,"dvar2":0.08699721843,"max":1,"mean":0.970186412334,"median":1,"min":0,"var":0.0289234220982},"silence_rate_60dB":{"dmean":0.0427908562124,"dmean2":0.0855890661478,"dvar":0.0409599617124,"dvar2":0.0875424444675,"max":1,"mean":0.304063916206,"median":0,"min":0,"var":0.211609527469},"spectral_centroid":{"dmean":240.664978027,"dmean2":374.418457031,"dvar":88385.3828125,"dvar2":208415.34375,"max":12034.7226562,"mean":1539.96740723,"median":1512.93603516,"min":92.571975708,"var":840160.3125},"spectral_complexity":{"dmean":2.77315688133,"dmean2":4.13594579697,"dvar":15.9322090149,"dvar2":29.6244468689,"max":60,"mean":14.4917945862,"median":12,"min":0,"var":141.856628418},"spectral_contrast_coeffs":{"dmean":[0.0435461401939,0.0410141125321,0.0370035581291,0.0315253287554,0.0233450662345,0.0179258044809],"dmean2":[0.0720205381513,0.0677729323506,0.0580436214805,0.0487555786967,0.0359177850187,0.0279811304063],"dvar":[0.00174177822191,0.00131700560451,0.00109945214354,0.000779781257734,0.000466949044494,0.000326431822032],"dvar2":[0.00437421631068,0.00359833077528,0.00255613145418,0.00175848579966,0.000999898882583,0.000742239819374],"max":[-0.356057614088,-0.461835443974,-0.45775860548,-0.500878334045,-0.531499385834,-0.600786745548],"mean":[-0.690483570099,-0.757182300091,-0.744585931301,-0.760853290558,-0.775371968746,-0.783947587013],"median":[-0.690611481667,-0.75676292181,-0.746238827705,-0.758593678474,-0.774077415466,-0.778466880322],"min":[-0.978933811188,-0.975797951221,-0.98150831461,-0.991363763809,-0.981569826603,-0.963470458984],"var":[0.00704257749021,0.0045346939005,0.00608806498349,0.0050536300987,0.0041949278675,0.00227389135398]},"spectral_contrast_valleys":{"dmean":[0.400876015425,0.37515822053,0.336290299892,0.344970345497,0.316694408655,0.370318651199],"dmean2":[0.640448331833,0.598337054253,0.515861749649,0.497827589512,0.426433712244,0.466216772795],"dvar":[0.211103096604,0.161346703768,0.134614601731,0.164823025465,0.165590196848,0.219728216529],"dvar2":[0.407139360905,0.350195497274,0.279574692249,0.311633735895,0.283852100372,0.388581752777],"max":[-4.72728300095,-4.70249319077,-5.21786212921,-5.6569943428,-5.5975394249,-7.18066883087],"mean":[-8.07427692413,-7.73114776611,-8.26896190643,-8.83798027039,-8.64098834991,-11.2045125961],"median":[-7.44969797134,-7.302318573,-7.8192024231,-8.3633556366,-8.08012962341,-10.6898059845],"min":[-27.8464126587,-28.074016571,-27.6390399933,-27.8514060974,-27.5540542603,-27.4110183716],"var":[4.68943500519,3.88927745819,3.79491090775,4.12705039978,4.65719985962,4.44542503357]},"spectral_decrease":{"dmean":2.50358267451e-9,"dmean2":3.87670828772e-9,"dvar":3.99036427358e-17,"dvar2":9.59969504473e-17,"max":1.56339216943e-28,"mean":-4.8110697648e-9,"median":-2.38697750454e-9,"min":-7.7162255252e-8,"var":5.78622566125e-17},"spectral_energy":{"dmean":0.00984654482454,"dmean2":0.0151448315009,"dvar":0.000604326662142,"dvar2":0.00144083425403,"max":0.299600690603,"mean":0.0195414554328,"median":0.00983220618218,"min":1.02658760495e-20,"var":0.000917571422178},"spectral_energyband_high":{"dmean":0.000352062867023,"dmean2":0.000503378571011,"dvar":8.44837870773e-7,"dvar2":0.00000181112488917,"max":0.023053791374,"mean":0.000674741400871,"median":0.000171373874764,"min":7.09499630133e-21,"var":0.00000178002414941},"spectral_energyband_low":{"dmean":0.00684495596215,"dmean2":0.0108908964321,"dvar":0.000363370287232,"dvar2":0.000925648084376,"max":0.258803635836,"mean":0.00955618917942,"median":0.00331687857397,"min":1.19316205879e-23,"var":0.000386697880458},"spectral_energyband_middle_high":{"dmean":0.00138378271367,"dmean2":0.00209075491875,"dvar":0.00000937360618991,"dvar2":0.0000208169149118,"max":0.076431594789,"mean":0.0040580900386,"median":0.00131234410219,"min":1.1616320899e-21,"var":0.0000396192735934},"spectral_energyband_middle_low":{"dmean":0.00429867068306,"dmean2":0.00681915460154,"dvar":0.000168500380823,"dvar2":0.000401185301598,"max":0.154188513756,"mean":0.00681656226516,"median":0.00252081709914,"min":1.78818863778e-22,"var":0.000198684138013},"spectral_entropy":{"dmean":0.176848098636,"dmean2":0.244549751282,"dvar":0.0498634725809,"dvar2":0.0891556814313,"max":9.83158493042,"mean":7.41710233688,"median":7.54631567001,"min":3.97726917267,"var":0.464985013008},"spectral_flux":{"dmean":0.0232167392969,"dmean2":0.0354540683329,"dvar":0.00183892797213,"dvar2":0.00369551451877,"max":0.50487858057,"mean":0.0633210167289,"median":0.0446086414158,"min":6.59399548852e-11,"var":0.00459398748353},"spectral_kurtosis":{"dmean":2.71439242363,"dmean2":4.14790153503,"dvar":43.8200874329,"dvar2":79.5793304443,"max":221.771194458,"mean":7.87765264511,"median":4.82620954514,"min":-1.27085018158,"var":155.890655518},"spectral_rms":{"dmean":0.000779822934419,"dmean2":0.00113022187725,"dvar":0.00000198056795853,"dvar2":0.00000432556907981,"max":0.0170965883881,"mean":0.00346820312552,"median":0.00309715932235,"min":3.164725643e-12,"var":0.00000703634714228},"spectral_rolloff":{"dmean":547.691650391,"dmean2":927.048095703,"dvar":1262523.375,"dvar2":3113123.25,"max":19745.9472656,"mean":1653.36621094,"median":1335.05859375,"min":21.533203125,"var":3324644.5},"spectral_skewness":{"dmean":0.275386691093,"dmean2":0.413102507591,"dvar":0.19237112999,"dvar2":0.333713054657,"max":12.5558738708,"mean":1.88004314899,"median":1.6175993681,"min":-0.120077937841,"var":1.1512554884},"spectral_spread":{"dmean":709381,"dmean2":975492.8125,"dvar":1022997692420,"dvar2":2003918520320,"max":43607616,"mean":4658647.5,"median":4198669,"min":440272.34375,"var":8198684672000},"spectral_strongpeak":{"dmean":0.395714908838,"dmean2":0.674872815609,"dvar":0.793730556965,"dvar2":2.04927062988,"max":18.7607975006,"mean":0.595669090748,"median":0.226717188954,"min":0,"var":1.08512091637},"zerocrossingrate":{"dmean":0.010751417838,"dmean2":0.0131000103429,"dvar":0.000192204373889,"dvar2":0.000270419783192,"max":0.5146484375,"mean":0.065957531333,"median":0.0634765625,"min":0,"var":0.00221373769455}},"metadata":{"audio_properties":{"analysis_sample_rate":44100,"bit_rate":0,"codec":"flac","downmix":"mix","equal_loudness":0,"length":270.226654053,"lossless":true,"md5_encoded":"02d66bdb18d35ee33b906508f02c2029","replay_gain":-12.0478019714},"tags":{"album":["Rumours"],"albumartist":["Fleetwood Mac"],"albumartistsort":["Fleetwood Mac"],"albumsort":["Rumours (2004-03-23, Fleetwood Mac, dc383c3a-03fb-4a24-8774-f5b6748b8d31)"],"artist":["Fleetwood Mac"],"artists":["Fleetwood Mac"],"artistsort":["Fleetwood Mac"],"asin":["B00009RAJI"],"barcode":["081227388225"],"catalognumber":["R2 73882"],"date":["2004-03-23"],"discnumber":["1"],"disctotal":["2"],"engineer":["Ken Caillat","Richard Dashut","Chris Morris"],"file_name":"1-08 - Fleetwood Mac - The Chain.flac","genre":["Rock, Blues"],"isrc":["USWB10202618","USWB10400053","USWB19900183"],"label":["Reprise Records","Warner Bros. Records"],"media":["CD"],"musicbrainz_albumartistid":["bd13909f-1c29-4c27-a874-d4aaf27c5b1a"],"musicbrainz_albumid":["dc383c3a-03fb-4a24-8774-f5b6748b8d31"],"musicbrainz_artistid":["bd13909f-1c29-4c27-a874-d4aaf27c5b1a"],"musicbrainz_recordingid":["cd06c484-9319-4376-a104-504871e19756"],"musicbrainz_releasegroupid":["416bb5e5-c7d1-3977-8fd7-7c9daf6c2be6"],"musicbrainz_releasetrackid":["c3477879-6004-3a9e-9af4-a44dc31437a0"],"musicbrainz_workid":["c7a3693c-382c-31a2-8b91-e3c78ff36c1e"],"musicip_puid":["6a78266d-2832-15ad-e7b0-11b5784f82b7"],"originaldate":["1977-02-04"],"performer":["John McVie (bass)","Christine McVie (keyboard and synthesizer)","Lindsey Buckingham (guitars)","Christine McVie (vocals)","Lindsey Buckingham (vocals)","Stevie Nicks (vocals)","Mick Fleetwood (drums and percussion)"],"producer":["Ken Caillat","Richard Dashut","Fleetwood Mac","Chris Morris"],"releasecountry":["US"],"releasestatus":["official"],"releasetype":["album"],"replaygain_albu