{"lowlevel":{"average_loudness":0.944084346294,"barkbands":{"dmean":[0.0000763062707847,0.00624616025016,0.00113019754644,0.00145127950236,0.00134026131127,0.00121797539759,0.00137457880192,0.00145339383744,0.00255045155063,0.000711600296199,0.000341222941643,0.000402349949582,0.000768371450249,0.000611260766163,0.000350030517438,0.00025893052225,0.000402670033509,0.000205095435376,0.000137633775012,0.000151188884047,0.000145877915202,0.0000920124148251,0.0000665150510031,0.0000668654392939,0.0000418573326897,0.0000291407341138,0.00000870822714205],"dmean2":[0.000116004499432,0.0105321770534,0.00197425018996,0.00246959622018,0.00219508213922,0.0019978992641,0.00227701291442,0.0024056865368,0.00416546594352,0.00114708929323,0.000564682821278,0.000677944917697,0.00129521009512,0.00101811438799,0.000582105771173,0.000434366986156,0.000677779433317,0.000345057109371,0.000233954080613,0.000271215016255,0.000256843690295,0.000154621055117,0.00010367690993,0.0000984874495771,0.0000635755932308,0.0000406076942454,0.0000122998580991],"dvar":[2.25816823018e-8,0.000179087510332,0.00000431583930549,0.00000501091517435,0.00000316953241963,0.00000382465850635,0.00000636235154161,0.00000892850221135,0.0000285878377326,0.0000020653978936,4.48457541324e-7,6.53063239042e-7,0.00000225716144087,0.00000142689100358,4.40322935447e-7,1.34164125143e-7,2.95437047271e-7,8.24618737738e-8,3.72413424543e-8,6.81874041675e-8,6.42953210672e-8,3.49600739469e-8,3.46923272332e-8,6.62487522618e-8,9.77710268302e-9,4.66017802125e-9,4.3585340892e-10],"dvar2":[4.87840523533e-8,0.000445418612799,0.0000122803303384,0.0000141465288834,0.00000843399357109,0.00000997901406663,0.0000174680426426,0.0000241479865508,0.0000752668638597,0.0000054202305364,0.00000122262838431,0.00000182786436653,0.00000617323939878,0.00000380395431421,0.00000118086677503,3.53513087248e-7,8.03167097274e-7,2.13565854779e-7,9.71517408743e-8,1.92788093045e-7,1.78572662435e-7,9.19761902196e-8,6.22004847628e-8,1.2820117945e-7,2.30518750755e-8,9.29882748579e-9,8.72752148329e-10],"max":[0.000978832365945,0.0770961120725,0.0239750109613,0.0266372188926,0.0272185709327,0.0432523488998,0.0441450551152,0.0489685945213,0.0871585533023,0.0527851469815,0.0234033446759,0.0175531134009,0.0285614971071,0.0229483768344,0.0177350509912,0.00788891222328,0.00907584745437,0.00595632568002,0.00321841822006,0.00200546067208,0.00278374436311,0.00314174918458,0.00886987429112,0.0081644449383,0.00229932926595,0.00184473546688,0.000343640480423],"mean":[0.0000699927404639,0.00522935343906,0.00161877390929,0.00211899168789,0.0026992035564,0.00224339403212,0.00229454878718,0.00218389043584,0.00439533917233,0.0011889237212,0.000555051490664,0.000662410515361,0.00128658686299,0.0010773036629,0.000646586122457,0.000517995213158,0.000826387200505,0.000448291859357,0.000277281942545,0.000238586522755,0.000259113730863,0.000187483019545,0.000143547091284,0.000130010856083,0.0000795750893303,0.0000455861299997,0.0000119674432426],"median":[0.00000502575358041,0.000670205859933,0.000956819800194,0.0011102190474,0.00194768467918,0.00132080027834,0.00132872536778,0.00101493636612,0.00157161999959,0.000726833357476,0.000285850488581,0.000326541485265,0.00055240013171,0.000441747397417,0.000339160353178,0.000391442765249,0.00056450185366,0.00026784450165,0.000193773332285,0.000165798177477,0.000177014764631,0.000110668392153,0.0000719240342733,0.0000569629519305,0.0000309350325551,0.00000964087303146,0.00000156227179104],"min":[9.11035158424e-9,6.53991278909e-8,3.01828312343e-10,7.16417203339e-11,1.73977096618e-10,1.40869108045e-10,5.8356222632e-11,7.67495927922e-11,1.28341420824e-10,5.33133745484e-11,4.30854622813e-11,1.32293204169e-10,1.21992749236e-10,1.02577404903e-10,1.05922284832e-10,9.40897429413e-11,1.09881603816e-10,2.38815578424e-10,2.64083865886e-10,3.20467347104e-10,8.82035833261e-10,8.58311866025e-10,9.22077358911e-10,2.15469642129e-9,3.5578993085e-9,9.1346521458e-9,1.43915777073e-8],"var":[2.54130458899e-8,0.000152084670844,0.00000441760448666,0.00000743775444789,0.00000724965047993,0.00000842422559799,0.0000107319783638,0.0000141833461385,0.0000646310072625,0.00000367315806216,9.99054009299e-7,0.00000119695414469,0.00000428064322477,0.00000276881996797,0.0000010822875538,2.81680200942e-7,7.08280992967e-7,2.7621456411e-7,7.31561939915e-8,6.37520756186e-8,7.23477739939e-8,5.37232516251e-8,7.41764623058e-8,1.21032059042e-7,1.91931750493e-8,9.2301570831e-9,7.87153120463e-10]},"barkbands_crest":{"dmean":3.32597112656,"dmean2":5.63163566589,"dvar":11.2576198578,"dvar2":28.7252845764,"max":25.704252243,"mean":9.15909290314,"median":7.69839191437,"min":2.44933867455,"var":20.4718532562},"barkbands_flatness_db":{"dmean":0.0221037920564,"dmean2":0.0367698334157,"dvar":0.000527110125404,"dvar2":0.00145042536315,"max":0.354656100273,"mean":0.107462897897,"median":0.100536517799,"min":0.0290586110204,"var":0.00158329424448},"barkbands_kurtosis":{"dmean":2.12249517441,"dmean2":3.67619943619,"dvar":14.5832233429,"dvar2":41.0077476501,"max":79.124130249,"mean":2.37368631363,"median":1.33426237106,"min":-1.79111015797,"var":15.6168060303},"barkbands_skewness":{"dmean":0.503424227238,"dmean2":0.849387526512,"dvar":0.362156659365,"dvar2":1.0080729723,"max":7.96674203873,"mean":1.31001603603,"median":1.21109223366,"min":-2.05075359344,"var":0.726679325104},"barkbands_spread":{"dmean":5.69899702072,"dmean2":9.46407794952,"dvar":32.6868362427,"dvar2":89.5117416382,"max":87.2809677124,"mean":21.8720493317,"median":20.7192630768,"min":2.45742750168,"var":74.9506607056},"dissonance":{"dmean":0.0163640454412,"dmean2":0.027699816972,"dvar":0.000227026306675,"dvar2":0.000616395496763,"max":0.500000178814,"mean":0.472986727953,"median":0.477784156799,"min":0.263560116291,"var":0.000458705064375},"dynamic_complexity":3.97839283943,"erbbands":{"dmean":[0.170189619064,1.4405579567,1.65014910698,2.98937249184,4.18364191055,4.53549098969,9.06380748749,9.31327629089,20.2412967682,21.2551136017,32.2197303772,58.8971366882,36.1213607788,14.2595767975,15.4528484344,14.4275054932,31.7350959778,31.7006320953,20.2775440216,14.1853599548,15.626906395,21.7804889679,11.5669546127,8.7242269516,6.04810571671,7.34817218781,6.45042419434,5.21042251587,3.37882637978,2.36253070831,1.8859231472,1.43646502495,1.10134911537,0.537482500076,0.282428890467,0.134810239077,0.0518322773278,0.0124114593491,0.00142236368265,0.0000822568545118],"dmean2":[0.28469017148,2.46740460396,2.9157538414,5.07741689682,7.0248503685,7.41024875641,15.0680332184,15.3301458359,33.7273292542,35.0499191284,53.1076507568,96.540512085,58.2303199768,23.2139110565,25.7565879822,24.2059001923,53.6054267883,52.9345703125,33.7074317932,23.7029705048,26.0900154114,36.738368988,19.3240585327,14.8835058212,10.4266119003,13.2045516968,11.5546770096,8.94186782837,5.69560432434,3.8863363266,2.88073086739,2.17272472382,1.66018044949,0.825187146664,0.428630918264,0.190275087953,0.0735484734178,0.0174369756132,0.00200113304891,0.000116430659546],"dvar":[0.132657155395,9.78570652008,11.179224968,18.8207092285,36.6065216064,37.9892044067,231.09588623,264.974975586,1524.56933594,1324.57446289,3608.06030273,18339.8945312,5628.17089844,560.393554688,754.69720459,979.65625,4465.51025391,4086.13525391,1521.08166504,480.093322754,493.998962402,879.553588867,257.367340088,169.922943115,82.8239593506,170.965499878,143.69367981,76.6834564209,48.452495575,28.4292888641,29.794342041,27.8747634888,19.0527095795,1.84110498428,0.450419425964,0.0856637582183,0.0188833530992,0.000997439376079,0.000011925835679,3.18694866053e-8],"dvar2":[0.320262521505,25.0701999664,31.3402729034,52.8879585266,101.038780212,99.9924926758,635.889404297,669.987182617,4198.49267578,3552.76757812,9689.08886719,46772.578125,14719.5380859,1354.5168457,2204.42993164,2658.34545898,12272.3691406,11045.4873047,4139.10986328,1243.30664062,1277.09191895,2368.24951172,654.628051758,448.815948486,224.236404419,483.91494751,407.561950684,206.665237427,129.446670532,66.8036956787,54.3557472229,53.8061294556,38.5490341187,3.97412228584,1.08819711208,0.169584333897,0.0411400534213,0.00198907381855,0.0000242101323238,6.46944613436e-8],"max":[2.13081479073,18.99659729,30.2961521149,64.6929168701,82.4957733154,107.107414246,313.938171387,505.70602417,702.30670166,599.445251465,901.987548828,2450.96337891,2006.32446289,799.944641113,917.602111816,715.029663086,1459.4074707,1376.67272949,778.534484863,461.884521484,582.768371582,439.95602417,346.351196289,259.179595947,154.833862305,103.435852051,159.704421997,113.44316864,115.70274353,202.146347046,269.774841309,193.814727783,148.314254761,34.0564727783,14.3885889053,5.77645969391,4.65895652771,1.09529531002,0.058393176645,0.00242746598087],"mean":[0.136978089809,1.21899521351,2.11660170555,4.76474189758,7.55594110489,8.93142604828,16.0889549255,16.9862346649,32.5149650574,36.095287323,52.9431915283,99.6331710815,63.5817298889,26.7581634521,27.5487823486,26.9521770477,55.8389320374,60.821395874,41.5140571594,28.4375991821,33.4815673828,46.3780403137,28.226650238,18.1927947998,11.5582389832,11.3400907516,10.4568834305,10.3784399033,6.98317146301,4.76160907745,3.98774886131,2.88421082497,2.08641576767,1.06266486645,0.486863106489,0.222683355212,0.0778517797589,0.0176780261099,0.00196212250739,0.000137037335662],"median":[0.0105066942051,0.209268882871,1.1437715292,3.04966378212,5.22234392166,6.28293561935,8.98751544952,11.149315834,17.710319519,21.8269042969,28.1701793671,36.4782867432,31.07289505,18.6072845459,15.856171608,14.8054504395,26.1584148407,24.9753742218,21.1776390076,19.5299453735,25.0931625366,31.9343662262,17.9038829803,12.3550195694,7.92588043213,7.70593547821,7.31010866165,7.11099767685,4.19319248199,2.69039916992,1.90569245815,1.31151878834,0.859051764011,0.447789996862,0.161509364843,0.0537183694541,0.0153344683349,0.00289309327491,0.000267955911113,0.0000627518020337],"min":[0.00000347677996615,0.00000956883923209,0.00000698758594808,0.00000157023453085,7.72467046772e-7,6.62206502966e-7,0.00000138275765948,0.00000122469236885,9.65290723798e-7,0.00000209545805774,0.00000377836363441,0.00000419605112256,0.00000397287612941,0.00000474062153444,0.00000398388328904,0.00000603439639235,0.00000534376749783,0.00000715573150956,0.0000074959207268,0.00000930193164095,0.00000882112180989,0.00001074618649,0.0000140921702041,0.0000141464206536,0.00001901822543,0.0000134393167173,0.0000310256837111,0.0000294228775601,0.0000338563913829,0.0000317022786476,0.0000273100631603,0.0000385755920433,0.0000431198241131,0.0000364450388588,0.0000233070695685,0.0000237597996602,0.0000166215741046,0.00000998848918243,0.00000176139565156,2.37167355976e-7],"var":[0.116043694317,7.90841913223,9.37874126434,28.9863586426,63.2276344299,87.3719329834,478.031646729,466.089263916,2448.86132812,2231.46240234,5845.65087891,39235.5429688,11716.9228516,1162.75634766,1678.70544434,1808.76062012,7977.19384766,8612.10449219,4002.86230469,1114.31591797,1246.04064941,2181.52246094,967.375976562,339.39239502,126.478881836,152.626800537,129.27947998,112.432884216,72.801651001,48.5265731812,62.3862075806,50.3778533936,33.7967643738,3.84786367416,0.806240737438,0.190903812647,0.0304522048682,0.00175004487392,0.0000211312981264,5.586286278e-8]},"erbbands_crest":{"dmean":2.45323514938,"dmean2":4.10086297989,"dvar":5.56810712814,"dvar2":14.8527603149,"max":31.1894779205,"mean":7.95078325272,"median":6.9309387207,"min":2.29694890976,"var":16.1117134094},"erbbands_flatness_db":{"dmean":0.015882762149,"dmean2":0.0234958734363,"dvar":0.000225724739721,"dvar2":0.000457047543023,"max":0.367180645466,"mean":0.143496364355,"median":0.141294494271,"min":0.0201562121511,"var":0.00184955284931},"erbbands_kurtosis":{"dmean":0.632326543331,"dmean2":1.05699586868,"dvar":0.903916418552,"dvar2":2.36445641518,"max":29.0164451599,"mean":0.0799383372068,"median":-0.189413309097,"min":-1.8057179451,"var":1.60861814022},"erbbands_skewness":{"dmean":0.33256265521,"dmean2":0.541638016701,"dvar":0.0914009436965,"dvar2":0.237431973219,"max":5.03799104691,"mean":0.44239962101,"median":0.440748512745,"min":-1.69697225094,"var":0.303872466087},"erbbands_spread":{"dmean":5.73264694214,"dmean2":9.0673866272,"dvar":29.884967804,"dvar2":70.1987380981,"max":127.111671448,"mean":36.5402984619,"median":34.2961387634,"min":5.3595995903,"var":244.173828125},"gfcc":{"cov":[[15006.9951172,1129.35314941,-1652.41015625,213.987884521,-804.126586914,-130.278625488,-784.758911133,-234.895202637,-489.89364624,-210.08001709,-318.425628662,-109.807235718,-180.232345581],[1129.35314941,1057.06726074,-304.14730835,282.339691162,-25.3154125214,-36.1420555115,38.8685836792,-16.437078476,101.034690857,-13.7772464752,29.3375511169,-63.618976593,51.2409057617],[-1652.41015625,-304.14730835,911.780700684,42.4014854431,190.473831177,-49.4261245728,35.8348083496,43.4267196655,-26.3474979401,94.5429382324,10.3407621384,113.881454468,24.2979984283],[213.987884521,282.339691162,42.4014854431,293.90335083,49.9726524353,54.7294769287,21.1871433258,12.2231912613,49.3506011963,7.4658164978,34.6547355652,-13.8958930969,46.974319458],[-804.126586914,-25.3154125214,190.473831177,49.9726524353,248.098892212,78.3392868042,151.430389404,77.3000030518,76.3660812378,65.2783355713,42.3974952698,42.0874252319,41.8109092712],[-130.278625488,-36.1420555115,-49.4261245728,54.7294769287,78.3392868042,223.595794678,109.962654114,79.1547088623,69.7250747681,18.0927410126,65.0874328613,-4.59721517563,4.49253511429],[-784.758911133,38.8685836792,35.8348083496,21.1871433258,151.430389404,109.962654114,228.31968689,110.10055542,95.1904602051,38.5637817383,49.2407646179,14.5068483353,30.8118495941],[-234.895202637,-16.437078476,43.4267196655,12.2231912613,77.3000030518,79.1547088623,110.10055542,109.645980835,74.6244735718,36.7454071045,29.2712745667,11.5011119843,16.1101493835],[-489.89364624,101.034690857,-26.3474979401,49.3506011963,76.3660812378,69.7250747681,95.1904602051,74.6244735718,150.261917114,50.450176239,55.3977470398,-8.84026241302,23.3758907318],[-210.08001709,-13.7772464752,94.5429382324,7.4658164978,65.2783355713,18.0927410126,38.5637817383,36.7454071045,50.450176239,80.2158966064,42.9856338501,32.6957359314,9.62044143677],[-318.425628662,29.3375511169,10.3407621384,34.6547355652,42.3974952698,65.0874328613,49.2407646179,29.2712745667,55.3977470398,42.9856338501,96.2944793701,33.8738174438,16.1829795837],[-109.807235718,-63.618976593,113.881454468,-13.8958930969,42.0874252319,-4.59721517563,14.5068483353,11.5011119843,-8.84026241302,32.6957359314,33.8738174438,82.0303726196,32.62292099],[-180.232345581,51.2409057617,24.2979984283,46.974319458,41.8109092712,4.49253511429,30.8118495941,16.1101493835,23.3758907318,9.62044143677,16.1829795837,32.62292099,77.7034378052]],"icov":[[0.000218243920244,-0.000276961509371,0.000497063680086,-0.000323517917423,0.0000675674746162,-0.000376383541152,0.000896131270565,-0.00102617184166,0.000888188544195,-0.000724249868654,0.00101434474345,-0.00101454905234,0.000608979084063],[-0.000276961509371,0.00225812615827,0.0000863223831402,-0.00162922230083,0.000270731106866,0.00198084698059,-0.00226185563952,0.00198991852812,-0.0019617730286,0.0007613322814,-0.00154542655218,0.00150475732516,-0.000763445161283],[0.000497063680086,0.0000863223831402,0.00327810808085,-0.00214712112211,-0.00121011666488,0.000445101148216,0.00217135134153,-0.00322526274249,0.00273279938847,-0.00289409351535,0.00292494846508,-0.004223191645,0.00250212429091],[-0.000323517917423,-0.00162922230083,-0.00214712112211,0.00749325193465,-0.00117241137195,-0.00202090316452,0.000990844098851,0.001454232377,-0.000907795212697,0.00184439425357,-0.00340775283985,0.00518750026822,-0.00490469252691],[0.0000675674746162,0.000270731106866,-0.00121011666488,-0.00117241137195,0.0104705281556,-0.00180093373638,-0.00591465597972,0.00275703822263,-0.00153081410099,-0.00457523437217,0.00343189458363,-0.00221411604434,-0.00144899392035],[-0.000376383541152,0.00198084698059,0.000445101148216,-0.00202090316452,-0.00180093373638,0.010650459677,-0.00292177498341,-0.00320095662028,-0.000712383945938,0.00400947127491,-0.00798153318465,0.00384340644814,0.000845322443638],[0.000896131270565,-0.00226185563952,0.00217135134153,0.000990844098851,-0.00591465597972,-0.00292177498341,0.0173542108387,-0.0133561883122,0.00348714203574,0.00059725518804,0.00126221368555,-0.0026026063133,0.00123808067292],[-0.00102617184166,0.00198991852812,-0.00322526274249,0.001454232377,0.00275703822263,-0.00320095662028,-0.0133561883122,0.0306537561119,-0.0122867329046,-0.00119159254245,0.00208743056282,0.000782086048275,-0.00284000439569],[0.000888188544195,-0.0019617730286,0.00273279938847,-0.000907795212697,-0.00153081410099,-0.000712383945938,0.00348714203574,-0.0122867329046,0.0219377055764,-0.0101033346727,-0.00323801883496,0.00616927444935,-0.00218687904999],[-0.000724249868654,0.0007613322814,-0.00289409351535,0.00184439425357,-0.00457523437217,0.00400947127491,0.00059725518804,-0.00119159254245,-0.0101033346727,0.0299860816449,-0.0105262463912,-0.00318473437801,0.00270450813696],[0.00101434474345,-0.00154542655218,0.00292494846508,-0.00340775283985,0.00343189458363,-0.00798153318465,0.00126221368555,0.00208743056282,-0.00323801883496,-0.0105262463912,0.0296047627926,-0.0178975593299,0.00582465995103],[-0.00101454905234,0.00150475732516,-0.004223191645,0.00518750026822,-0.00221411604434,0.00384340644814,-0.0026026063133,0.000782086048275,0.00616927444935,-0.00318473437801,-0.0178975593299,0.0362388789654,-0.0162705890834],[0.000608979084063,-0.000763445161283,0.00250212429091,-0.00490469252691,-0.00144899392035,0.000845322443638,0.00123808067292,-0.00284000439569,-0.00218687904999,0.00270450813696,0.00582465995103,-0.0162705890834,0.0237377174199]],"mean":[17.3043498993,78.8684616089,-123.803916931,20.7099742889,-60.2970619202,7.62544965744,-36.4374847412,7.92656230927,-17.1140518188,0.536095678806,-20.4109153748,-3.61743211746,-12.9129104614]},"hfc":{"dmean":7.2652220726,"dmean2":11.4468050003,"dvar":92.3514328003,"dvar2":222.745193481,"max":192.261123657,"mean":26.9461841583,"median":23.5131168365,"min":0.00059608835727,"var":342.74307251},"melbands":{"dmean":[0.00168136390857,0.00122916291002,0.000532175356057,0.00030680958298,0.000274221907603,0.000217684268137,0.000297034508549,0.000261593057076,0.000293572142255,0.000373116519768,0.000180653587449,0.0000618230042164,0.0000486172248202,0.0000486675089633,0.0000538466338185,0.0000768117170082,0.0000615577955614,0.0000373768634745,0.0000241095167439,0.0000172650288732,0.0000204063053388,0.0000259984662989,0.0000158920902322,0.0000098249029179,0.00000752690903028,0.00000498434837937,0.00000502228931509,0.00000489750209454,0.00000445534260507,0.00000348617936652,0.00000320006847687,0.00000216220860239,0.00000160291892826,0.00000130988905767,0.00000115953514523,0.00000109536983928,8.68937604537e-7,8.26694190437e-7,6.58460919567e-7,4.32784503346e-7],"dmean2":[0.00282004359178,0.00211822311394,0.000902311236132,0.000500730995554,0.000452888460131,0.000357534794603,0.000495008483995,0.000430558691733,0.000482453207951,0.000611044699326,0.000290982075967,0.000100630575616,0.0000805068339105,0.0000820044879219,0.0000908869114937,0.000129404186737,0.000102894664451,0.0000620722421445,0.000039941034629,0.0000291967426165,0.0000339117905241,0.0000439046089014,0.0000266545612249,0.0000165772089531,0.0000128176916405,0.00000851511686051,0.00000896634628589,0.00000875404202816,0.0000079625779108,0.0000061485425249,0.00000544519798495,0.00000366237304661,0.00000268398093795,0.00000214691885958,0.00000181274810984,0.00000168148073953,0.00000132800334995,0.00000126713200643,9.99987037176e-7,6.82530071572e-7],"dvar":[0.0000129618056235,0.0000065372842073,6.04104570812e-7,1.65676397046e-7,1.92812720456e-7,1.30535184439e-7,3.2684002349e-7,2.38099516991e-7,3.01327958141e-7,6.63770606479e-7,1.42400608638e-7,1.00012256254e-8,8.20547629843e-9,8.23575341258e-9,1.50959831302e-8,2.24426361939e-8,1.60874336075e-8,5.3914561704e-9,2.33022090512e-9,6.26878715604e-10,9.0145113596e-10,1.30350863436e-9,4.8865361757e-10,2.12403122868e-10,1.27064594957e-10,5.5572092067e-11,7.65489963084e-11,6.8204449033e-11,6.21177137505e-11,3.72690246719e-11,2.78667020015e-11,1.8935863294e-11,1.26032578471e-11,8.69934940056e-12,1.07525802498e-11,1.52547158933e-11,1.02699142593e-11,1.20189136421e-11,4.44799275537e-12,1.06701160494e-12],"dvar2":[0.0000317180420097,0.0000173854186869,0.00000170125088061,4.37453365976e-7,5.25459142864e-7,3.30748605393e-7,8.97994937077e-7,6.44788428872e-7,8.04420267286e-7,0.00000172288173417,3.70913681991e-7,2.4363464135e-8,2.33057431132e-8,2.29110828087e-8,4.02437549951e-8,6.08695387427e-8,4.39015259701e-8,1.46620688923e-8,6.16490680727e-9,1.66448632655e-9,2.26608398712e-9,3.53811935305e-9,1.29852650854e-9,5.45951894804e-10,3.37979727538e-10,1.50198575799e-10,2.1556605112e-10,1.92823604306e-10,1.76608255797e-10,1.03676331409e-10,7.51289586098e-11,5.13268628988e-11,3.28379302916e-11,1.9586896341e-11,2.24198229426e-11,2.93982026223e-11,2.10517055177e-11,2.5909692794e-11,8.48736185499e-12,2.59843166948e-12],"max":[0.0197303574532,0.0185875985771,0.00980783160776,0.0073910295032,0.00912383105606,0.0102309053764,0.0100800991058,0.00801154226065,0.00850762333721,0.013246123679,0.0100603569299,0.00326419319026,0.00334470183589,0.00204569031484,0.0024078018032,0.00259548029862,0.00289087556303,0.00146519381087,0.00163476273883,0.000541591085494,0.000953885610215,0.000603935040999,0.000432687927969,0.000293270859402,0.000231669167988,0.000170531042386,0.0000700806995155,0.0000723348784959,0.000107568514068,0.0000605829554843,0.0000702680627001,0.0000655503972666,0.0000977249583229,0.000118165640743,0.000165708333952,0.000180222894414,0.000124438010971,0.000134474626975,0.0000617983168922,0.0000207263838092],"mean":[0.00138757145032,0.00129669730086,0.000897061312571,0.000624638341833,0.000515199906658,0.000408164865803,0.000480694056023,0.000423461111495,0.000475386419566,0.000632396608125,0.000305458204821,0.000107297157228,0.0000839483982418,0.0000804064329714,0.000086967687821,0.000134563772008,0.000109530570626,0.0000691842287779,0.0000449472463515,0.0000328052265104,0.0000402948935516,0.0000501096583321,0.0000350076588802,0.0000198246834771,0.0000142997778312,0.00000943585473578,0.00000729354042051,0.00000750955632611,0.0000069773341238,0.00000551889161216,0.00000635942387817,0.00000426893802796,0.00000286379167846,0.00000253788107329,0.0000022989943318,0.00000211455358112,0.00000161749460403,0.00000150117807607,0.00000119868354886,8.15458065517e-7],"median":[0.000139529031003,0.000541610992514,0.000606243265793,0.000444946548669,0.00031739345286,0.000265130394837,0.000269444426522,0.000238770633587,0.000236196690821,0.000217587628867,0.000143431432662,0.0000714736816008,0.0000461095369246,0.000041080511437,0.0000402016921726,0.0000556329396204,0.0000413253146689,0.0000331224728143,0.0000240235385718,0.0000248673422902,0.000028695580113,0.0000336506418535,0.0000224296272791,0.0000113317755677,0.00000958262626227,0.00000645893715046,0.00000444030729341,0.00000516347972734,0.00000508284620082,0.00000336523430633,0.00000437867674918,0.000002493472266,0.00000156820829034,0.00000138802306537,0.0000010792083458,8.99145732092e-7,6.93243919159e-7,5.96350446358e-7,4.85639702674e-7,3.23031031257e-7],"min":[3.98107573574e-8,7.21723703023e-9,1.89032248188e-10,6.17051479357e-11,5.47637941939e-11,2.91206295189e-11,1.1895994606e-11,2.63944248402e-11,3.03771417742e-11,2.12948044614e-11,1.95079230547e-11,1.94135402198e-11,7.43321029728e-12,1.58999011873e-11,8.36115985475e-12,1.22726837373e-11,8.91881794113e-12,1.01144934442e-11,9.5497082464e-12,9.49939172462e-12,8.25383511538e-12,6.18979954098e-12,8.20203020085e-12,9.79495217573e-12,1.02395539964e-11,1.1887432011e-11,1.20227014108e-11,7.75313320489e-12,1.45892586206e-11,1.38182442919e-11,1.00502609707e-11,1.44652527803e-11,1.60040990876e-11,1.73928909469e-11,1.55051804729e-11,1.51511841268e-11,2.60042716527e-11,2.81981764327e-11,3.31347033145e-11,3.04408512286e-11],"var":[0.0000112235593406,0.00000531197792952,9.45381259498e-7,4.03752466127e-7,4.06770766403e-7,2.5402195547e-7,5.2327902722e-7,3.84539561082e-7,5.39466327609e-7,0.00000144118394019,2.91676201414e-7,1.98054124212e-8,1.8669679136e-8,1.65741287361e-8,2.57349661581e-8,4.57244730967e-8,3.08835623741e-8,1.2579205233e-8,5.48188294758e-9,1.07425368601e-9,2.236026031e-9,2.88111889901e-9,1.40316092079e-9,6.04322092368e-10,2.29895241732e-10,9.21957302169e-11,7.07447433967e-11,6.51203188595e-11,5.56858829881e-11,4.13667329557e-11,4.2416251067e-11,2.7632760663e-11,1.72558495271e-11,1.54848963513e-11,1.95242415985e-11,2.71580501143e-11,1.72532058085e-11,1.9103147883e-11,8.86416721274e-12,1.96782130521e-12]},"melbands_crest":{"dmean":3.83426165581,"dmean2":6.3717622757,"dvar":12.3566818237,"dvar2":31.2653102875,"max":34.8615150452,"mean":12.3707027435,"median":10.883272171,"min":3.54891037941,"var":29.9381599426},"melbands_flatness_db":{"dmean":0.0290455333889,"dmean2":0.0483172163367,"dvar":0.00107274856418,"dvar2":0.00287174852565,"max":0.374817490578,"mean":0.163888961077,"median":0.156480491161,"min":0.0283235907555,"var":0.0023105868604},"melbands_kurtosis":{"dmean":5.44393396378,"dmean2":9.28054237366,"dvar":126.663017273,"dvar2":344.429199219,"max":265.275909424,"mean":10.2495450974,"median":5.14390659332,"min":-1.55574989319,"var":525.139892578},"melbands_skewness":{"dmean":0.656580746174,"dmean2":1.08661603928,"dvar":0.637434780598,"dvar2":1.66308808327,"max":15.5222711563,"mean":2.19241762161,"median":1.88958835602,"min":-0.834494411945,"var":3.02674913406},"melbands_spread":{"dmean":7.48860788345,"dmean2":12.6908912659,"dvar":74.0284347534,"dvar2":201.146453857,"max":175.987243652,"mean":23.9743404388,"median":22.3739185333,"min":1.63956069946,"var":134.032119751},"mfcc":{"cov":[[12427.9228516,980.02520752,-443.04598999,-46.6296577454,-198.699142456,-178.999359131,-345.950256348,-248.949447632,-282.57421875,-312.811340332,-236.662628174,-156.761581421,-275.224853516],[980.02520752,751.169616699,-29.9560928345,196.673629761,-34.0245170593,-7.09827756882,-47.4911766052,-24.2298812866,51.4407501221,-12.5588159561,-16.0891590118,31.317029953,45.2867851257],[-443.04598999,-29.9560928345,407.82623291,115.364265442,75.805229187,-9.97650051117,2.19733190536,-24.4345760345,-16.9386081696,-25.2785263062,-43.7229042053,-0.820294141769,104.107902527],[-46.6296577454,196.673629761,115.364265442,259.692993164,56.0397109985,25.6490364075,4.83416843414,-10.3503875732,50.907409668,4.78376674652,-34.9223518372,0.671091854572,75.1151580811],[-198.699142456,-34.0245170593,75.805229187,56.0397109985,125.452285767,60.0196685791,31.8122844696,23.1499118805,27.4332828522,35.8990516663,20.8038311005,18.6656246185,26.508600235],[-178.999359131,-7.09827756882,-9.97650051117,25.6490364075,60.0196685791,108.191215515,69.5480422974,54.8228683472,35.6619415283,46.1749267578,46.0526390076,31.5995807648,7.47665596008],[-345.950256348,-47.4911766052,2.19733190536,4.83416843414,31.8122844696,69.5480422974,142.292648315,85.3806762695,48.7608566284,38.9523963928,43.925567627,33.6940574646,13.7440137863],[-248.949447632,-24.2298812866,-24.4345760345,-10.3503875732,23.1499118805,54.8228683472,85.3806762695,110.001174927,58.5838508606,54.9226760864,54.9287338257,33.9939460754,-4.72151041031],[-282.57421875,51.4407501221,-16.9386081696,50.907409668,27.4332828522,35.6619415283,48.7608566284,58.5838508606,112.386253357,63.1028251648,33.9953727722,19.8803539276,9.53896617889],[-312.811340332,-12.5588159561,-25.2785263062,4.78376674652,35.8990516663,46.1749267578,38.9523963928,54.9226760864,63.1028251648,110.765960693,65.9268112183,31.0374946594,-6.18876981735],[-236.662628174,-16.0891590118,-43.7229042053,-34.9223518372,20.8038311005,46.0526390076,43.925567627,54.9287338257,33.9953727722,65.9268112183,123.186698914,64.1966323853,-6.49390077591],[-156.761581421,31.317029953,-0.820294141769,0.671091854572,18.6656246185,31.5995807648,33.6940574646,33.9939460754,19.8803539276,31.0374946594,64.1966323853,82.0718460083,33.2189750671],[-275.224853516,45.2867851257,104.107902527,75.1151580811,26.508600235,7.47665596008,13.7440137863,-4.72151041031,9.53896617889,-6.18876981735,-6.49390077591,33.2189750671,99.8167572021]],"icov":[[0.000116627234092,-0.000184043834452,0.0000725565696484,0.0000151899985212,-0.000121485783893,0.00000541063627679,0.0000835189784993,-0.0000476793247799,0.000238903085119,0.000180048111361,0.000132597982883,-0.0000691950917826,0.000356060161721],[-0.000184043834452,0.00238391128369,0.000275319383945,-0.00194983847905,0.00143395853229,-0.000367916334653,0.000924172403757,0.00011450565944,-0.0012057783315,0.000330217822921,-0.00000908431320568,-0.00159065634944,-0.000219499808736],[0.0000725565696484,0.000275319383945,0.00437519373372,-0.00103158294223,-0.00255997595377,0.00198931153864,-0.000370988680515,-0.000630408234429,0.00163418368902,0.000133198846015,0.00018085083866,0.00122701644432,-0.0037042198237],[0.0000151899985212,-0.00194983847905,-0.00103158294223,0.00853950437158,-0.00213324395008,-0.00184635957703,-0.0000190006539924,0.00167165265884,-0.00337704271078,-0.000111502442451,0.00169395899866,0.00235676462762,-0.00399557547644],[-0.000121485783893,0.00143395853229,-0.00255997595377,-0.00213324395008,0.0149505482987,-0.00795190967619,0.00150127382949,0.00104815466329,-0.00128043419681,-0.0022045718506,-0.000033327993151,-0.00104211783037,0.0000881656669662],[0.00000541063627679,-0.000367916334653,0.00198931153864,-0.00184635957703,-0.00795190967619,0.020811567083,-0.0065538669005,-0.00252013746649,0.00270769372582,-0.00214189453982,-0.00197102711536,-0.000826306291856,0.000587808899581],[0.0000835189784993,0.000924172403757,-0.000370988680515,-0.0000190006539924,0.00150127382949,-0.0065538669005,0.0165210608393,-0.00987388566136,-0.00179704511538,0.0025593850296,0.00022031996923,-0.000653527094983,-0.00187519181054],[-0.0000476793247799,0.00011450565944,-0.000630408234429,0.00167165265884,0.00104815466329,-0.00252013746649,-0.00987388566136,0.0243657790124,-0.00678397668526,-0.00247468589805,-0.00154965394177,-0.00288089830428,0.00299145304598],[0.000238903085119,-0.0012057783315,0.00163418368902,-0.00337704271078,-0.00128043419681,0.00270769372582,-0.00179704511538,-0.00678397668526,0.0194566044956,-0.00759578822181,0.000463216740172,0.00188645254821,-0.000821533729322],[0.000180048111361,0.000330217822921,0.000133198846015,-0.000111502442451,-0.0022045718506,-0.00214189453982,0.0025593850296,-0.00247468589805,-0.00759578822181,0.0200043097138,-0.00699747027829,0.000493735657074,0.0019146814011],[0.000132597982883,-0.00000908431320568,0.00018085083866,0.00169395899866,-0.000033327993151,-0.00197102711536,0.00022031996923,-0.00154965394177,0.000463216740172,-0.00699747027829,0.022047676146,-0.0151564590633,0.00495952926576],[-0.0000691950917826,-0.00159065634944,0.00122701644432,0.00235676462762,-0.00104211783037,-0.000826306291856,-0.000653527094983,-0.00288089830428,0.00188645254821,0.000493735657074,-0.0151564590633,0.0314839333296,-0.0138436090201],[0.000356060161721,-0.000219499808736,-0.0037042198237,-0.00399557547644,0.0000881656669662,0.000587808899581,-0.00187519181054,0.00299145304598,-0.000821533729322,0.0019146814011,0.00495952926576,-0.0138436090201,0.0234292522073]],"mean":[-620.386230469,112.314704895,-9.34026813507,14.1557588577,-2.39162373543,0.118688367307,-8.26116466522,1.60041534901,3.6851773262,0.654154241085,1.78145515919,2.73498249054,-7.72310638428]},"pitch_salience":{"dmean":0.0865101590753,"dmean2":0.145247817039,"dvar":0.00716727506369,"dvar2":0.0180407837033,"max":0.853709161282,"mean":0.60038036108,"median":0.629302084446,"min":0.126776129007,"var":0.0174453593791},"silence_rate_20dB":{"dmean":0,"dmean2":0,"dvar":0,"dvar2":0,"max":1,"mean":1,"median":1,"min":1,"var":0},"silence_rate_30dB":{"dmean":0,"dmean2":0,"dvar":0,"dvar2":0,"max":1,"mean":1,"median":1,"min":1,"var":0},"silence_rate_60dB":{"dmean":0.00318705569953,"dmean2":0.00637489277869,"dvar":0.00317673152313,"dvar2":0.00731503311545,"max":1,"mean":0.0688809901476,"median":0,"min":0,"var":0.0641370564699},"spectral_centroid":{"dmean":247.409484863,"dmean2":419.159088135,"dvar":76836.5234375,"dvar2":219255.21875,"max":4242.05029297,"mean":1366.95922852,"median":1312.22998047,"min":416.939056396,"var":168698},"spectral_complexity":{"dmean":4.83819580078,"dmean2":7.90167951584,"dvar":28.6603088379,"dvar2":73.3815383911,"max":55,"mean":26.1783313751,"median":27,"min":0,"var":128.673522949},"spectral_contrast_coeffs":{"dmean":[0.0545395761728,0.0494687147439,0.0416680052876,0.0298554487526,0.0206272955984,0.017575789243],"dmean2":[0.0870559886098,0.0826726779342,0.0688617825508,0.0504334270954,0.0342294685543,0.0290051493794],"dvar":[0.00211537233554,0.00163463933859,0.00112422625534,0.000611959781963,0.000361167069059,0.000277641287539],"dvar2":[0.00487110810354,0.00442152097821,0.00304530910216,0.00165097066201,0.000940279162023,0.000747257785406],"max":[-0.300441712141,-0.343857944012,-0.361179828644,-0.515209913254,-0.581403493881,-0.620372891426],"mean":[-0.636592388153,-0.745811223984,-0.751399695873,-0.7844581604,-0.799482405186,-0.752442419529],"median":[-0.638448894024,-0.75280880928,-0.760156571865,-0.789515137672,-0.80467581749,-0.750089228153],"min":[-0.912105083466,-0.948950767517,-0.954735994339,-0.941333889961,-0.929493665695,-0.91672116518],"var":[0.0108616910875,0.00585345178843,0.00536033138633,0.00296434387565,0.00194785778876,0.00170023110695]},"spectral_contrast_valleys":{"dmean":[0.4792329669,0.327414721251,0.299312353134,0.26325327158,0.264662474394,0.2257489115],"dmean2":[0.745172798634,0.545794963837,0.495985418558,0.430764019489,0.437026947737,0.316527843475],"dvar":[0.199921950698,0.0742075145245,0.0676123127341,0.0624875240028,0.111409693956,0.081209987402],"dvar2":[0.408935636282,0.198147520423,0.170898020267,0.15768429637,0.286207288504,0.16023427248],"max":[-5.13841533661,-4.65586948395,-5.33853244781,-5.71736335754,-5.58509540558,-7.3308391571],"mean":[-7.52300024033,-6.36540842056,-7.02621555328,-7.27837848663,-7.22996091843,-9.90032958984],"median":[-7.23608112335,-6.0124168396,-6.73896837234,-6.99902439117,-6.94057273865,-9.67817592621],"min":[-13.4894723892,-13.7938671112,-14.2009706497,-14.2002401352,-13.4340848923,-14.6107959747],"var":[1.70366454124,1.7851806879,1.63699054718,1.6335246563,1.57693338394,1.3525301218]},"spectral_decrease":{"dmean":2.88552426397e-9,"dmean2":4.61292914977e-9,"dvar":1.27645151999e-17,"dvar2":3.10253709462e-17,"max":-1.05961822704e-13,"mean":-7.68164643006e-9,"median":-7.10761849376e-9,"min":-2.77149396766e-8,"var":2.28645641871e-17},"spectral_energy":{"dmean":0.0112598966807,"dmean2":0.0178736988455,"dvar":0.000184431250091,"dvar2":0.000445106416009,"max":0.106222055852,"mean":0.0314363315701,"median":0.0292854011059,"min":4.53991503946e-7,"var":0.000363304425264},"spectral_energyband_high":{"dmean":0.000439698866103,"dmean2":0.000703164027072,"dvar":6.91402021857e-7,"dvar2":0.00000158179989285,"max":0.0233019236475,"mean":0.000989512889646,"median":0.000667671614792,"min":3.16159471936e-8,"var":0.0000013842665112},"spectral_energyband_low":{"dmean":0.00748513732105,"dmean2":0.0124672399834,"dvar":0.000208775207284,"dvar2":0.000516175641678,"max":0.097275622189,"mean":0.00802384503186,"median":0.00349255907349,"min":2.49323306889e-7,"var":0.00019045638328},"spectral_energyband_middle_high":{"dmean":0.00220802007243,"dmean2":0.00363321253099,"dvar":0.00000762992840464,"dvar2":0.0000195597312995,"max":0.0484869033098,"mean":0.00730765331537,"median":0.00564012117684,"min":3.57990592725e-9,"var":0.0000359463083441},"spectral_energyband_middle_low":{"dmean":0.00572299212217,"dmean2":0.00941920280457,"dvar":0.0000470657832921,"dvar2":0.000125625476358,"max":0.0873803496361,"mean":0.0164279378951,"median":0.015052373521,"min":2.88998602826e-9,"var":0.000117004514323},"spectral_entropy":{"dmean":0.121372029185,"dmean2":0.191652178764,"dvar":0.0163126029074,"dvar2":0.0391433946788,"max":8.91949558258,"mean":7.79860591888,"median":7.80579185486,"min":5.78237962723,"var":0.0906638726592},"spectral_flux":{"dmean":0.0282763466239,"dmean2":0.0439951196313,"dvar":0.000948617991526,"dvar2":0.0021875044331,"max":0.286076039076,"mean":0.10032774508,"median":0.0971635580063,"min":0.00022175720369,"var":0.00253051985055},"spectral_kurtosis":{"dmean":0.947111010551,"dmean2":1.61317276955,"dvar":0.983114540577,"dvar2":2.91129279137,"max":18.0365123749,"mean":3.94682049751,"median":3.7453584671,"min":-0.596275568008,"var":2.5989716053},"spectral_rms":{"dmean":0.000905058870558,"dmean2":0.00139594485518,"dvar":9.30718385916e-7,"dvar2":0.00000213179987441,"max":0.0101799443364,"mean":0.00518590118736,"median":0.00534519646317,"min":0.0000210456291825,"var":0.0000037762276861},"spectral_rolloff":{"dmean":490.429718018,"dmean2":852.816894531,"dvar":477675.09375,"dvar2":1160667.5,"max":13479.7851562,"mean":1431.85754395,"median":1378.125,"min":43.06640625,"var":795470.625},"spectral_skewness":{"dmean":0.161150321364,"dmean2":0.271411299706,"dvar":0.0265046749264,"dvar2":0.0751757845283,"max":3.17590236664,"mean":1.51693975925,"median":1.49921584129,"min":0.338521808386,"var":0.0760520622134},"spectral_spread":{"dmean":396706.625,"dmean2":583211.0625,"dvar":207565258752,"dvar2":422011764736,"max":18072310,"mean":4724527,"median":4364401,"min":2372724.25,"var":3099683979260},"spectral_strongpeak":{"dmean":0.61770004034,"dmean2":1.04650568962,"dvar":0.684750318527,"dvar2":1.75953292847,"max":10.3903646469,"mean":1.02899193764,"median":0.556050181389,"min":0,"var":1.33140420914},"zerocrossingrate":{"dmean":0.00992950238287,"dmean2":0.0127156050876,"dvar":0.000109524939035,"dvar2":0.000187320722034,"max":0.32275390625,"mean":0.0661155804992,"median":0.060546875,"min":0.009765625,"var":0.000855188409332}},"metadata":{"audio_properties":{"analysis_sample_rate":44100,"bit_rate":0,"codec":"flac","downmix":"mix","equal_loudness":0,"length":189.42666626,"lossless":true,"md5_encoded":"8687ec2660305d34dcf8f4fd718b2990","replay_gain":-9.86139678955,"sample_rate":44100},"tags":{"album":["We Care a Lot"],"albumartist":["Faith No More"],"albumartistsort":["Faith No More"],"artist":["Faith No More"],"artistsort":["Faith No More"],"asin":["B0026Z8QPS"],"catalognumber":["MDR 1"],"date":["1985"],"discnumber":["1"],"disctotal":["1"],"encodedby":["-=udachee=-"],"file_name":"02. The Jungle.flac","genre":["Rock"],"label":["Mordam Records"],"language":["eng"],"media":["12\" Vinyl"],"musicbrainz_albumartistid":["b15ebd71-a252-417d-9e1c-3e6863da68f8"],"musicbrainz_albumid":["6f6282a9-6b8f-4215-b61f-358ba8ebb9d0"],"musicbrainz_artistid":["b15ebd71-a252-417d-9e1c-3e6863da68f8"],"musicbrainz_recordingid":["cd2d9d95-67fa-480c-9dd9-f0d8a1dbb543"],"musicbrainz_releasegroupid":["d1445e5e-1150-38bb-8767-f1c86b278976"],"musicip_puid":["0c766b80-a61f-6c09-01f8-153a07aef24c"],"originaldate":["1985"],"owner":["-=udachee=-"],"releasecountry":["US"],"releasestatus":["official"],"releasetype":["album"],"script":["Latn"],"title":["The Jungle"],"totaldiscs":["1"],"totaltracks":["10"],"tracknumber":["2"],"tracktotal":["10"]},"version":{"essentia":"2.1-beta2","essentia_build_sha":"70f2e5ece6736b2c40cc944ad0e695b16b925413","essentia_git_sha":"v2.1_beta2","extractor":"music 1.0"}},"rhythm":{"beats_count":453,"beats_loudness":{"dmean":0.0153108732775,"dmean2":0.0281078778207,"dvar":0.000186494347872,"dvar2":0.000586435489822,"max":0.0966451540589,"mean":0.0355877652764,"median":0.0365170650184,"min":9.93331809696e-7,"var":0.000294853118248},"beats_loudness_band_ratio":{"dmean":[0.249379530549,0.112090572715,0.142265871167,0.0825548544526,0.0713547840714,0.0458657257259],"dmean2":[0.477565586567,0.210768699646,0.254028439522,0.147374972701,0.131264537573,0.0883784070611],"dvar":[0.03727575019,0.00973302405328,0.0126016996801,0.00778598710895,0.00543342996389,0.000645471329335],"dvar