{"lowlevel":{"average_loudness":0.899800419807,"barkbands":{"dmean":[0.0000387642576243,0.00136002234649,0.000642831728328,0.00110003654845,0.00199932395481,0.00158826506231,0.00117919093464,0.000993545516394,0.00129769032355,0.000548958254512,0.000702097604517,0.000635553733446,0.000777411914896,0.000354515272193,0.000212278944673,0.000117436218716,0.000113268150017,0.0000837997795315,0.0000656131087453,0.0000343632164004,0.0000245408937189,0.0000251740275417,0.0000151471094796,0.0000140327510962,0.00000453734719486,0.0000024008231776,2.84995110178e-7],"dmean2":[0.0000627033150522,0.00218662014231,0.00106567132752,0.00172180135269,0.0031452907715,0.00233891769312,0.00175290100742,0.00160204921849,0.00203359266743,0.000838388397824,0.0010590357706,0.000967990315985,0.00120421592146,0.00056295649847,0.000320370105328,0.000179515627678,0.000177060355782,0.00012964301277,0.000101665857073,0.000052673756727,0.0000373340008082,0.0000357201715815,0.0000208926921914,0.0000195668781089,0.00000612445137449,0.0000034397694435,4.33692520119e-7],"dvar":[2.50014622338e-8,0.0000147198188643,0.00000203595436687,0.0000038102691633,0.0000109009142761,0.00000693846686772,0.0000045158726607,0.00000622880361334,0.000010683875189,0.00000202891351364,0.00000385976227335,0.00000370657699023,0.00000576598768021,0.00000121514415241,5.21856122759e-7,1.82155730499e-7,1.06454692173e-7,4.01649664639e-8,2.21822880064e-8,1.26329267047e-8,9.45960376697e-9,1.12698472776e-8,3.39384276238e-9,3.54771989564e-9,4.85431028707e-10,5.23931009688e-10,1.40911310398e-11],"dvar2":[5.29884367495e-8,0.0000334228607244,0.00000553258905711,0.00000966722927842,0.0000265670132649,0.0000164947850863,0.0000106193074316,0.0000153048040374,0.0000252534046012,0.000004438403721,0.00000854491372593,0.00000771122540755,0.000013262547327,0.00000292083882414,0.00000121109587781,3.89181423088e-7,2.60170367028e-7,9.31871539933e-8,5.14385973815e-8,3.00406028941e-8,2.1299801034e-8,2.42098039394e-8,6.80581591084e-9,7.32367677614e-9,1.09463971221e-9,1.30494981487e-9,3.51388640407e-11],"max":[0.00379621330649,0.0592793375254,0.0244597457349,0.0309562198818,0.0516549348831,0.0607666186988,0.0399829372764,0.0390105620027,0.0654943138361,0.0387527309358,0.0373164862394,0.0400666296482,0.0561878792942,0.0214335452765,0.0164160970598,0.0160341095179,0.013250734657,0.00786615721881,0.00403253501281,0.00555702950805,0.00484043639153,0.00396914035082,0.00197940226644,0.00203157728538,0.00116047065239,0.00100439949892,0.000205121876206],"mean":[0.0000383957849408,0.00316635519266,0.00157761876471,0.00266020838171,0.00579383876175,0.00552791589871,0.00292663578875,0.00156469165813,0.00239056814462,0.00107841333374,0.00114111695439,0.00109137757681,0.00125824415591,0.000542882888112,0.000390971399611,0.000200082053198,0.00024550256785,0.000169411403476,0.000141040873132,0.0000717765651643,0.000054410968005,0.0000491540195071,0.0000299027014989,0.0000256803778029,0.00000979142714641,0.00000385952125725,3.72859545905e-7],"median":[0.00000360284388989,0.000276248843875,0.000596579280682,0.00115409994032,0.00323048024438,0.00257212482393,0.00112486374564,0.000519005465321,0.000809477991425,0.000320038874634,0.000237229658524,0.000120158976642,0.000177530397195,0.000139537281939,0.0000874818360899,0.0000604527303949,0.000083395614638,0.000069049972808,0.0000552720885025,0.0000177399670065,0.00000755965174903,0.00000362722812497,0.00000129263946747,5.91006426021e-7,2.51285598551e-7,5.51112506741e-8,3.48730502253e-8],"min":[2.89489198509e-25,3.70328424816e-24,1.09927678396e-24,1.175374547e-24,4.07183178004e-24,6.49051678634e-24,6.83056987347e-24,1.01636105388e-23,1.71661607671e-23,1.83045264964e-23,2.13928459428e-23,2.75268942355e-23,4.10087763857e-23,4.85687775393e-23,6.2242185651e-23,3.97630356432e-23,8.54833342725e-23,8.71833105906e-23,1.20923188119e-22,1.96251894611e-22,2.62420928874e-22,3.58137751773e-22,3.75964013991e-22,5.43187657448e-22,9.22498334943e-22,1.29425735428e-21,2.00246390886e-21],"var":[2.77124829751e-8,0.0000473153486382,0.00000537103369425,0.0000131331744342,0.0000439421783085,0.0000587908943999,0.0000201436196221,0.0000102850590338,0.000024460034183,0.00000544026715943,0.00000839121003082,0.0000107105306597,0.0000134703614094,0.00000208609685615,0.00000111161591576,3.62700461665e-7,3.48005755768e-7,9.51648857495e-8,6.33730152799e-8,5.77453782569e-8,4.2790738064e-8,4.31888729224e-8,1.28128210264e-8,1.21648504603e-8,2.65979949177e-9,1.0787966076e-9,1.81830956542e-11]},"barkbands_crest":{"dmean":2.03358626366,"dmean2":3.25746488571,"dvar":4.11921405792,"dvar2":10.4393148422,"max":26.5277137756,"mean":11.0744609833,"median":10.234998703,"min":2.79571866989,"var":17.6631889343},"barkbands_flatness_db":{"dmean":0.0161588639021,"dmean2":0.0241375640035,"dvar":0.000320860097418,"dvar2":0.00064380292315,"max":0.457113623619,"mean":0.220690086484,"median":0.220552369952,"min":0.0370550937951,"var":0.00416971091181},"barkbands_kurtosis":{"dmean":2.74690389633,"dmean2":4.2441277504,"dvar":67.0331268311,"dvar2":170.230880737,"max":707.740966797,"mean":8.21102046967,"median":3.76604270935,"min":-1.91181838512,"var":748.907714844},"barkbands_skewness":{"dmean":0.41018640995,"dmean2":0.619958758354,"dvar":0.198800489306,"dvar2":0.478438764811,"max":20.9663295746,"mean":1.6388323307,"median":1.5578930378,"min":-3.79892444611,"var":2.78800821304},"barkbands_spread":{"dmean":2.01858258247,"dmean2":3.03290724754,"dvar":7.90232467651,"dvar2":18.1865272522,"max":134.067749023,"mean":10.1334314346,"median":8.35219097137,"min":0.250528126955,"var":81.3192977905},"dissonance":{"dmean":0.0278657414019,"dmean2":0.0464159585536,"dvar":0.000731559004635,"dvar2":0.00199017068371,"max":0.500000059605,"mean":0.423611283302,"median":0.433426141739,"min":0.160288289189,"var":0.00244800327346},"dynamic_complexity":3.53952717781,"erbbands":{"dmean":[0.0346520021558,0.322623282671,0.686838626862,1.90357387066,5.96600437164,7.83264923096,7.80573034286,15.5532207489,15.8387308121,18.8359355927,19.9232769012,32.7489089966,19.6304740906,15.875872612,28.8547210693,23.9745464325,33.5487174988,20.1885795593,13.3643884659,7.75041294098,5.24504375458,5.13009691238,5.07601833344,3.70781612396,2.35513877869,1.56588876247,1.14504218102,0.934015631676,1.04170823097,0.511048555374,0.456458508968,0.474884361029,0.108362413943,0.0578755922616,0.0295349564403,0.0127547299489,0.00437792297453,0.000695814727806,0.0000496119646414,0.00000797502980276],"dmean2":[0.0540858507156,0.529542088509,1.13601160049,3.03802514076,9.46615695953,12.2502260208,11.7991466522,23.1386928558,23.609910965,29.1757831573,32.2503814697,51.0481910706,29.7799282074,24.2181777954,43.6523857117,35.8936729431,51.6291656494,31.2655639648,20.2988815308,11.8484458923,7.95887231827,7.91325616837,7.65666151047,5.78439235687,3.59621977806,2.42496752739,1.76570188999,1.39285564423,1.48959410191,0.740354716778,0.623256921768,0.658599376678,0.146473541856,0.0805844888091,0.0413536839187,0.0176305603236,0.00663682771847,0.00109336245805,0.0000754249558668,0.0000119412261483],"dvar":[0.0191912725568,0.667690396309,1.96413373947,11.6378030777,114.127540588,183.04548645,159.751937866,747.076721191,860.949707031,1672.57775879,3179.98120117,7643.55029297,2454.52929688,2587.58764648,5953.11523438,5685.0390625,10499.5605469,4122.01708984,1617.98840332,718.375061035,422.462524414,146.798202515,113.872772217,81.0743255615,32.5050735474,24.6586265564,15.2778358459,17.8647212982,22.7770996094,4.15423631668,3.17350888252,4.10128355026,0.292117208242,0.083872422576,0.0207291953266,0.0059375744313,0.00290049938485,0.000113299851364,3.39980914532e-7,3.28676863504e-10],"dvar2":[0.0376927889884,1.67762887478,5.27653121948,31.1415615082,286.711975098,440.171478271,388.424468994,1821.69689941,2053.11816406,3798.73388672,7963.09570312,17863.6914062,5401.80322266,5766.92871094,12930.6933594,11462.4101562,24656.9316406,9462.08789062,3998.63061523,1671.49243164,946.191894531,340.876220703,249.918640137,191.400802612,71.8252105713,61.1873207092,36.1722450256,38.3578605652,47.7247695923,8.84171581268,6.36102771759,8.48932552338,0.595218360424,0.19436955452,0.046450342983,0.0130720259622,0.00761086307466,0.000303205015371,8.3667458739e-7,7.15234094173e-10],"max":[2.3769288063,13.7105503082,26.7648277283,54.7371139526,172.606185913,256.653533936,289.324829102,628.035827637,568.453369141,924.62890625,1149.78027344,1733.07263184,1330.43103027,1522.51831055,1706.3359375,1870.09057617,2414.44091797,1504.0814209,1112.18664551,734.9765625,656.737792969,380.41973877,340.900482178,227.242614746,208.707290649,257.872924805,150.361724854,228.58934021,212.221603394,79.392074585,61.4456634521,50.6325035095,30.8630905151,16.4346580505,6.20342731476,3.72514247894,2.26228761673,0.531583786011,0.0274573024362,0.000774581159931],"mean":[0.0508063025773,0.829519987106,1.98457419872,5.06365871429,14.2325687408,21.8302536011,25.5695648193,54.26171875,43.1605453491,38.419254303,33.1959228516,60.983543396,38.5338516235,32.276260376,53.850692749,45.845539093,57.2785568237,35.2050285339,26.4365882874,14.5625400543,9.7700881958,11.9648323059,11.7805376053,7.65626430511,5.40203237534,3.45696306229,2.60746026039,2.02875208855,2.00331020355,1.06050729752,0.888541936874,0.806301116943,0.233645960689,0.125155955553,0.0594414994121,0.0220399610698,0.00648860726506,0.000887693546247,0.0000799850386102,0.0000395594252041],"median":[0.00445660483092,0.0942140221596,0.739631772041,2.608522892,8.90078544617,11.1394615173,16.541513443,23.1822814941,18.6956939697,18.5797939301,13.7404022217,20.5815734863,15.0122623444,11.4222335815,12.0792598724,6.33619689941,9.53102302551,8.87719535828,7.64254570007,4.87109231949,2.90170145035,4.63052415848,4.77239227295,2.82121706009,2.09412622452,0.974710822105,0.474074244499,0.254506349564,0.140048801899,0.0662547275424,0.0370768457651,0.017066122964,0.00753390416503,0.00369692500681,0.00132143485826,0.000334366166499,0.000104041238956,0.0000253347134276,0.000023060314561,0.0000406173930969],"min":[1.11228617708e-22,5.67695710372e-22,2.69223116164e-21,8.24431771824e-21,8.29550113423e-21,9.44406887974e-21,3.18616627206e-20,6.03078385308e-20,1.16068393816e-19,1.21394428834e-19,2.45824662215e-19,3.70613155274e-19,7.48331792011e-19,7.13265279399e-19,1.04536624952e-18,1.59413575567e-18,2.14643835701e-18,2.44760695982e-18,3.40096425545e-18,3.50277447242e-18,2.42599293721e-18,4.73814803776e-18,5.56657024841e-18,5.51538389851e-18,6.5765677025e-18,9.00036282083e-18,9.46062596599e-18,1.20878235562e-17,1.26512857546e-17,1.11881463532e-17,1.01876085366e-17,1.00247540448e-17,9.46108339687e-18,9.0484013349e-18,6.64085369817e-18,4.21568008335e-18,2.37143934184e-18,1.05162914413e-18,2.5848936608e-19,2.4696658182e-20],"var":[0.0273381900042,2.96215367317,7.67692375183,38.6563987732,278.177703857,756.341064453,841.641235352,5927.89550781,4103.54589844,3722.10668945,4796.44775391,17274.2558594,6136.93896484,6013.72509766,15950.2353516,18161.8964844,24493.515625,8322.19433594,3621.2644043,1362.01647949,950.195068359,587.934997559,438.821716309,207.403213501,118.370552063,115.038330078,68.0484390259,75.0912322998,86.0341339111,16.8998146057,11.0378322601,10.5117607117,1.65726625919,0.46789970994,0.0953952819109,0.0186097882688,0.0047411005944,0.000135312220664,4.68376612162e-7,9.81660419619e-10]},"erbbands_crest":{"dmean":2.52344346046,"dmean2":3.99630069733,"dvar":6.35075235367,"dvar2":15.9736251831,"max":30.9898891449,"mean":11.6251726151,"median":10.6801586151,"min":2.47491836548,"var":25.9174289703},"erbbands_flatness_db":{"dmean":0.0152984838933,"dmean2":0.0218310598284,"dvar":0.000317884027027,"dvar2":0.000559622480068,"max":0.453835844994,"mean":0.245436027646,"median":0.249825894833,"min":0.0250227134675,"var":0.00446912646294},"erbbands_kurtosis":{"dmean":1.17954397202,"dmean2":1.80947494507,"dvar":3.18207073212,"dvar2":7.23076820374,"max":108.902458191,"mean":2.065710783,"median":0.790422320366,"min":-1.80424523354,"var":36.7806167603},"erbbands_skewness":{"dmean":0.337639451027,"dmean2":0.507239878178,"dvar":0.114389069378,"dvar2":0.268023252487,"max":9.63444042206,"mean":0.764292478561,"median":0.762814581394,"min":-2.73399591446,"var":1.11286342144},"erbbands_spread":{"dmean":4.30856847763,"dmean2":6.28554201126,"dvar":30.220664978,"dvar2":60.6147003174,"max":147.243362427,"mean":23.6969680786,"median":20.2671890259,"min":1.21092557907,"var":251.515457153},"gfcc":{"cov":[[21448.9394531,1032.46264648,-2945.74194336,1007.52868652,-1442.52319336,804.767211914,-261.6456604,2.26528596878,-125.657196045,-26.4866733551,110.576263428,54.9049034119,-68.8802261353],[1032.46264648,1767.22619629,-341.036834717,-336.099365234,428.285217285,-468.769470215,130.032546997,-74.5203094482,111.460716248,-68.0464935303,139.924362183,-104.09438324,43.5586662292],[-2945.74194336,-341.036834717,1479.66564941,356.742858887,9.00623703003,-28.9969787598,-184.231811523,61.190284729,-5.28840065002,58.6700592041,-96.4545059204,31.0067806244,-63.0647392273],[1007.52868652,-336.099365234,356.742858887,672.454833984,-131.458190918,104.43221283,-156.734115601,19.5143890381,37.8103218079,43.1158180237,-22.6740074158,22.2872066498,-1.10747170448],[-1442.52319336,428.285217285,9.00623703003,-131.458190918,472.873168945,-189.11807251,79.0642776489,-23.621295929,89.3554458618,20.3750476837,53.2679023743,-30.3607177734,45.1768455505],[804.767211914,-468.769470215,-28.9969787598,104.43221283,-189.11807251,526.311828613,104.787971497,1.10324525833,-65.9905166626,16.2659492493,25.8296127319,54.3230056763,-31.0627174377],[-261.6456604,130.032546997,-184.231811523,-156.734115601,79.0642776489,104.787971497,272.538604736,29.455411911,-4.36433315277,-8.67032718658,66.5729370117,6.40246915817,16.9219512939],[2.26528596878,-74.5203094482,61.190284729,19.5143890381,-23.621295929,1.10324525833,29.455411911,148.39175415,52.4469985962,22.3970088959,-20.1747894287,20.8575630188,11.3032464981],[-125.657196045,111.460716248,-5.28840065002,37.8103218079,89.3554458618,-65.9905166626,-4.36433315277,52.4469985962,157.693130493,48.0197677612,17.6146697998,-2.68747520447,35.9301109314],[-26.4866733551,-68.0464935303,58.6700592041,43.1158180237,20.3750476837,16.2659492493,-8.67032718658,22.3970088959,48.0197677612,102.878585815,31.4314403534,18.1967754364,3.503074646],[110.576263428,139.924362183,-96.4545059204,-22.6740074158,53.2679023743,25.8296127319,66.5729370117,-20.1747894287,17.6146697998,31.4314403534,131.316009521,38.6159248352,14.9884681702],[54.9049034119,-104.09438324,31.0067806244,22.2872066498,-30.3607177734,54.3230056763,6.40246915817,20.8575630188,-2.68747520447,18.1967754364,38.6159248352,87.6537628174,23.5578327179],[-68.8802261353,43.5586662292,-63.0647392273,-1.10747170448,45.1768455505,-31.0627174377,16.9219512939,11.3032464981,35.9301109314,3.503074646,14.9884681702,23.5578327179,80.0092544556]],"icov":[[0.000434760091593,-0.00110124400817,0.00116795348004,-0.00113193504512,0.00108930177521,-0.000921513361391,0.000914538395591,-0.000768955389503,0.000797029177193,-0.00116318673827,0.001019693329,-0.000989327323623,0.000614407996181],[-0.00110124400817,0.00401578750461,-0.00292310141958,0.00304859830067,-0.00309913093224,0.00318971043453,-0.00264214398339,0.00218733586371,-0.00264226994477,0.00409328890964,-0.00420058425516,0.00364602776244,-0.00143736659084],[0.00116795348004,-0.00292310141958,0.00412653200328,-0.00352851836942,0.00243068812415,-0.00234458013438,0.0027169091627,-0.0024395424407,0.00253281090409,-0.00358293298632,0.00352921825834,-0.00354478415102,0.00268997228704],[-0.00113193504512,0.00304859830067,-0.00352851836942,0.0052449516952,-0.00243124272674,0.00175715063233,-0.00107667630073,0.0018939008005,-0.00291621382348,0.00317636504769,-0.00360271357931,0.00345069239847,-0.00249828747474],[0.00108930177521,-0.00309913093224,0.00243068812415,-0.00243124272674,0.00649707345292,-0.00140114384703,0.000864812638611,-0.00047099989024,0.000398341479013,-0.00357856345363,0.00215361756273,-0.00169833563268,0.000252791156527],[-0.000921513361391,0.00318971043453,-0.00234458013438,0.00175715063233,-0.00140114384703,0.00580867612734,-0.00448292354122,0.00277605652809,-0.00174093479291,0.00226739514619,-0.00249707442708,0.000866821734235,0.000143757948535],[0.000914538395591,-0.00264214398339,0.0027169091627,-0.00107667630073,0.000864812638611,-0.00448292354122,0.00940003804862,-0.00512831704691,0.0031568473205,-0.00126557401381,-0.0013223264832,0.00024336167553,-0.000326173380017],[-0.000768955389503,0.00218733586371,-0.0024395424407,0.0018939008005,-0.00047099989024,0.00277605652809,-0.00512831704691,0.012128751725,-0.00598436361179,0.000947894412093,0.00221448554657,-0.00225255638361,-0.000140308780828],[0.000797029177193,-0.00264226994477,0.00253281090409,-0.00291621382348,0.000398341479013,-0.00174093479291,0.0031568473205,-0.00598436361179,0.0132440319285,-0.00652821781114,0.00106950395275,0.000631989794783,-0.00269051082432],[-0.00116318673827,0.00409328890964,-0.00358293298632,0.00317636504769,-0.00357856345363,0.00226739514619,-0.00126557401381,0.000947894412093,-0.00652821781114,0.0178302433342,-0.00789520796388,0.00290184351616,-0.000199746500584],[0.001019693329,-0.00420058425516,0.00352921825834,-0.00360271357931,0.00215361756273,-0.00249707442708,-0.0013223264832,0.00221448554657,0.00106950395275,-0.00789520796388,0.0185751691461,-0.0115380529314,0.0034608754795],[-0.000989327323623,0.00364602776244,-0.00354478415102,0.00345069239847,-0.00169833563268,0.000866821734235,0.00024336167553,-0.00225255638361,0.000631989794783,0.00290184351616,-0.0115380529314,0.0230626277626,-0.00906066223979],[0.000614407996181,-0.00143736659084,0.00268997228704,-0.00249828747474,0.000252791156527,0.000143757948535,-0.000326173380017,-0.000140308780828,-0.00269051082432,-0.000199746500584,0.0034608754795,-0.00906066223979,0.0191340744495]],"mean":[-77.2089691162,158.548706055,-130.483825684,10.2359256744,-51.6160163879,-15.0019187927,-32.4178466797,-7.18499994278,-21.1010494232,-10.1793022156,-7.96640062332,-9.28056144714,-8.18456077576]},"hfc":{"dmean":3.85949397087,"dmean2":5.70339488983,"dvar":31.8975601196,"dvar2":67.9327850342,"max":112.424743652,"mean":17.8986301422,"median":15.2675476074,"min":1.08151601925e-16,"var":197.002243042},"melbands":{"dmean":[0.000350553600583,0.000366317108274,0.000456082081655,0.000477012246847,0.000282921944745,0.00033157406142,0.000240094770561,0.000210529426113,0.000169153485331,0.000203903240617,0.0000977900199359,0.0000650187139399,0.0000982828569249,0.000076483891462,0.0000714590059943,0.0000741109543014,0.0000373570183001,0.0000241332909354,0.0000144433715832,0.00000976007413556,0.0000061265182012,0.00000526313488081,0.00000768923564465,0.00000330676652993,0.00000339380039804,0.00000222247740567,0.0000012649194332,0.00000110347343707,8.40770724153e-7,6.25418351774e-7,5.93419997585e-7,6.4349785589e-7,4.8149598797e-7,2.51710019938e-7,2.53143895179e-7,3.68461030575e-7,2.46188648134e-7,7.91638541386e-8,6.27312246593e-8,4.82349626907e-8],"dmean2":[0.00056008057436,0.000599435647018,0.000718927651178,0.000753173488192,0.00043013956747,0.000491625221912,0.000355993455742,0.000327747169649,0.000271317199804,0.00031916188891,0.000148193197674,0.0000992821733234,0.000148418606841,0.000115975628432,0.000109149099444,0.000112369656563,0.0000581795757171,0.00003714005652,0.0000215629825107,0.0000150380010382,0.00000938828270591,0.00000833856938698,0.0000115617367555,0.00000513674876856,0.00000536553534403,0.0000034325478282,0.00000197017789105,0.00000174064223302,0.00000130254466058,9.88158490145e-7,9.18341299894e-7,9.34949241582e-7,7.22769982531e-7,3.67699300341e-7,3.63856884178e-7,5.14096313964e-7,3.501514243e-7,1.12020032361e-7,9.16766182968e-8,6.92710315775e-8],"dvar":[0.00000129270358684,5.61875367566e-7,6.49863011404e-7,6.45195370907e-7,1.9918850569e-7,3.20173086266e-7,1.90768858488e-7,2.07827667964e-7,2.1374893322e-7,3.11190603952e-7,6.26077820698e-8,4.05365696565e-8,6.67263364562e-8,5.82186210352e-8,4.61702676091e-8,6.23865616944e-8,1.43371732264e-8,5.73095926271e-9,2.97413116357e-9,1.32869693026e-9,6.25012708255e-10,2.34994468329e-10,2.90185736551e-10,6.9342379061e-11,7.02985933354e-11,2.71136758878e-11,2.63462567734e-11,1.10505632422e-11,9.05467194279e-12,7.83147071498e-12,9.61539875499e-12,9.66404387071e-12,3.931100237e-12,1.00560597176e-12,1.03114576339e-12,2.69438876592e-12,1.11468017976e-12,1.87456969977e-13,1.26767384567e-13,5.45526047024e-14],"dvar2":[0.00000273859177469,0.00000141998327763,0.00000164375637723,0.00000152771735884,4.8390216989e-7,7.73777571794e-7,4.4961467438e-7,4.79253685626e-7,5.37290077318e-7,7.23927882973e-7,1.36457302347e-7,8.96505198966e-8,1.46971331105e-7,1.22491698562e-7,1.06318751136e-7,1.36812531082e-7,3.29659322063e-8,1.45732981238e-8,6.85121914756e-9,3.01491653865e-9,1.38454903098e-9,5.6723653552e-10,6.10413164459e-10,1.57632837339e-10,1.70534128485e-10,6.24439319696e-11,6.32152039048e-11,2.82216420372e-11,2.16367739697e-11,2.07489563725e-11,2.31286483021e-11,2.05844750967e-11,9.16702304343e-12,2.13025408945e-12,2.26324753209e-12,5.73584452504e-12,2.32961501652e-12,4.02494877705e-13,3.13936539525e-13,1.28681042059e-13],"max":[0.0188974570483,0.0137160401791,0.013609547168,0.0146524049342,0.00818699412048,0.0129064060748,0.00863169785589,0.00911776162684,0.0107587808743,0.0119196949527,0.00678505795076,0.0056440080516,0.00551026267931,0.00466584414244,0.0063040102832,0.00749884871766,0.00245785783045,0.00211366638541,0.00158747565001,0.00130945490673,0.000863283697981,0.000538861495443,0.000709302432369,0.000243090486038,0.000197986271814,0.00014409297728,0.000282531924313,0.000154736277182,0.000108312422526,0.000121544100693,0.000188033780432,0.000136059141369,0.0000612316289335,0.0000467526188004,0.0000397134426748,0.0000424820791523,0.0000362758364645,0.00002526116441,0.0000203361687454,0.0000114561589726],"mean":[0.000680950994138,0.00112416781485,0.00117443758063,0.00138226675335,0.00095962989144,0.00116048322525,0.000638104043901,0.000405681697885,0.000283262284938,0.000372350041289,0.000184238961083,0.000126696715597,0.000172649641172,0.000131436056108,0.000121360215417,0.000119332908071,0.000058130670368,0.0000428287748946,0.0000258992040472,0.0000160922136274,0.0000104939690573,0.0000104630908027,0.0000179878079507,0.00000612664189248,0.000006332243629,0.00000452129506812,0.00000264165350927,0.0000022095375698,0.00000177839581283,0.000001246027864,0.00000113946612146,0.00000117788749776,8.47027251893e-7,4.98763938594e-7,4.84999929995e-7,6.00985060828e-7,4.1915939164e-7,1.56861858613e-7,1.2685626416e-7,9.75061311692e-8],"median":[0.0000570644551772,0.000307173992041,0.000608990667388,0.000796575273853,0.00065899087349,0.000514965970069,0.00026014339528,0.000186239733011,0.000108784239274,0.000117789495562,0.000061555118009,0.0000377718824893,0.000037734174839,0.0000162362775882,0.0000164324737852,0.0000177740730578,0.000013751694496,0.0000115434268082,0.00000674630973663,0.00000475456545246,0.00000259262878899,0.00000388721764466,0.00000548513162357,0.00000220153674491,0.00000189907609638,0.00000177062065632,8.03033231023e-7,5.36326297151e-7,2.89549177523e-7,1.83220763006e-7,1.17978615322e-7,7.54374127609e-8,5.4856414522e-8,2.65750124129e-8,2.11673558681e-8,1.57754804775e-8,8.3511606519e-9,5.20401011173e-9,3.6367497902e-9,2.75911493652e-9],"min":[1.60752024228e-24,1.11902453621e-24,2.70776939591e-24,3.0793557679e-25,1.42655850885e-24,1.43159923142e-24,1.88026278658e-24,1.13420803788e-24,1.25851999337e-24,2.5801739055e-24,3.79614974279e-24,2.4870678083e-24,2.8156954285e-24,2.65528864925e-24,3.44700108943e-24,3.90933550547e-24,4.24420419872e-24,4.69428563275e-24,3.91507289083e-24,3.33496824696e-24,2.60480332625e-24,4.12677239222e-24,5.04395532874e-24,3.6348410983e-24,2.69863951422e-24,3.69382738363e-24,4.9541995238e-24,4.97502584613e-24,5.53043283278e-24,5.99739667905e-24,6.2282327627e-24,6.00779426021e-24,5.53342379891e-24,5.30891832401e-24,4.94596973241e-24,5.53369713921e-24,5.72058065424e-24,5.699084589e-24,5.73510673895e-24,7.1260945235e-24],"var":[0.00000267937002718,0.00000320456706504,0.00000212437385017,0.00000269950965048,0.00000106114237042,0.00000262255821326,9.58589225775e-7,4.37986102497e-7,3.32851527673e-7,7.14217208042e-7,1.58869099209e-7,9.80370131742e-8,1.70014828882e-7,1.45255029338e-7,1.23765275362e-7,1.43225790339e-7,2.60508894456e-8,1.07589750442e-8,5.26511589882e-9,2.36686048538e-9,1.50210821559e-9,6.85839496306e-10,1.59847501902e-9,1.52387852337e-10,1.70287950407e-10,6.99836785745e-11,9.83507442154e-11,4.29935843871e-11,3.32703378736e-11,2.48964009131e-11,2.67272974586e-11,3.44081672876e-11,1.02129129806e-11,4.24361717641e-12,3.66380840597e-12,5.44615047504e-12,3.21030571918e-12,8.72270680165e-13,5.7748288573e-13,2.66827169084e-13]},"melbands_crest":{"dmean":2.42309880257,"dmean2":3.83768701553,"dvar":6.10580587387,"dvar2":15.441031456,"max":33.9929656982,"mean":13.7618360519,"median":12.7377090454,"min":1.24958384037,"var":28.1267604828},"melbands_flatness_db":{"dmean":0.0175985898823,"dmean2":0.0259908549488,"dvar":0.000411386048654,"dvar2":0.000841002038214,"max":0.587211847305,"mean":0.293644279242,"median":0.29317677021,"min":0.000229064607993,"var":0.00652473745868},"melbands_kurtosis":{"dmean":4.07329368591,"dmean2":6.38001585007,"dvar":60.6407241821,"dvar2":162.741790771,"max":280.880645752,"mean":12.3275871277,"median":6.76117420197,"min":-1.62808644772,"var":530.07421875},"melbands_skewness":{"dmean":0.471897751093,"dmean2":0.713861227036,"dvar":0.254995435476,"dvar2":0.587691605091,"max":11.7594852448,"mean":2.07078385353,"median":1.93298268318,"min":-3.27760004997,"var":2.44537043571},"melbands_spread":{"dmean":2.67534375191,"dmean2":4.12535429001,"dvar":20.6605033875,"dvar2":49.2172584534,"max":180.4972229,"mean":13.1269674301,"median":10.135345459,"min":0.334070801735,"var":192.088378906},"mfcc":{"cov":[[10781.2783203,56.458366394,-738.436279297,250.714004517,-499.783752441,503.178771973,-9.16099452972,142.71975708,-116.904380798,3.49888968468,-34.5482330322,249.803192139,103.780166626],[56.458366394,2170.04443359,-508.123168945,96.3758163452,102.5338974,-206.610183716,37.8670501709,-76.7040863037,-20.1706581116,-4.99548912048,87.3510360718,15.6523513794,55.0314598083],[-738.436279297,-508.123168945,1214.78320312,216.955307007,113.862365723,8.19666290283,-107.736694336,19.5083866119,-22.235824585,30.6477127075,-21.5662117004,-69.2112579346,25.8876018524],[250.714004517,96.3758163452,216.955307007,505.241149902,172.713699341,-48.7821731567,-118.732757568,-63.6632652283,26.0164985657,45.1155395508,-5.52990579605,-41.2080421448,45.3254241943],[-499.783752441,102.5338974,113.862365723,172.713699341,261.600250244,-13.2204885483,-78.3438339233,-47.2984657288,20.9904575348,40.9904022217,4.54578924179,-22.7617816925,20.7790985107],[503.178771973,-206.610183716,8.19666290283,-48.7821731567,-13.2204885483,281.264892578,124.228820801,47.5934143066,-22.1286048889,-12.7988767624,9.86860275269,52.9155845642,20.4724903107],[-9.16099452972,37.8670501709,-107.736694336,-118.732757568,-78.3438339233,124.228820801,234.884933472,81.4524307251,-14.0056085587,-25.5408592224,24.1131267548,50.5443267822,12.1754703522],[142.71975708,-76.7040863037,19.5083866119,-63.6632652283,-47.2984657288,47.5934143066,81.4524307251,135.867141724,30.5086631775,-3.24517083168,4.15078163147,24.7335338593,4.30924987793],[-116.904380798,-20.1706581116,-22.235824585,26.0164985657,20.9904575348,-22.1286048889,-14.0056085587,30.5086631775,122.953956604,50.6150398254,6.43627214432,-5.16199350357,-4.68205165863],[3.49888968468,-4.99548912048,30.6477127075,45.1155395508,40.9904022217,-12.7988767624,-25.5408592224,-3.24517083168,50.6150398254,102.796325684,26.5692081451,-5.98402833939,2.87551045418],[-34.5482330322,87.3510360718,-21.5662117004,-5.52990579605,4.54578924179,9.86860275269,24.1131267548,4.15078163147,6.43627214432,26.5692081451,78.0897369385,34.3229980469,10.1972131729],[249.803192139,15.6523513794,-69.2112579346,-41.2080421448,-22.7617816925,52.9155845642,50.5443267822,24.7335338593,-5.16199350357,-5.98402833939,34.3229980469,119.876670837,52.8383293152],[103.780166626,55.0314598083,25.8876018524,45.3254241943,20.7790985107,20.4724903107,12.1754703522,4.30924987793,-4.68205165863,2.87551045418,10.1972131729,52.8383293152,103.445526123]],"icov":[[0.000175907625817,-0.0000621962462901,0.000140372067108,-0.000313095777528,0.000562596018426,-0.000508462544531,0.000523349619471,-0.000361389247701,0.000320710911183,-0.000327335961629,0.000263341993559,-0.000300134852296,0.0000507028962602],[-0.0000621962462901,0.00069819035707,0.000253625359619,-0.0000317934755003,-0.00057093705982,0.000852851080708,-0.000676249968819,0.000268218194833,0.000114949405543,0.000350569491275,-0.000861393404193,0.000392664776882,-0.000464445300167],[0.000140372067108,0.000253625359619,0.00127427792177,-0.000612516771071,0.000125373873743,-0.00037268109736,0.000788907927927,-0.00109380309004,0.000999571988359,-0.000432178698247,-0.000185420547496,0.000600617437158,-0.000556234735996],[-0.000313095777528,-0.0000317934755003,-0.000612516771071,0.00361585756764,-0.0022249291651,0.000766122306231,-0.000257522595348,0.00127262598835,-0.00113029056229,0.000352787552401,-0.000413161993492,0.00140946230385,-0.00156757840887],[0.000562596018426,-0.00057093705982,0.000125373873743,-0.0022249291651,0.00750057026744,-0.00267256214283,0.00287104491144,-0.000194919601199,0.00034026693902,-0.00210247677751,0.000743479991797,-0.000496520078741,-0.00037054598215],[-0.000508462544531,0.000852851080708,-0.00037268109736,0.000766122306231,-0.00267256214283,0.00721644796431,-0.00467503163964,0.000897199963219,0.000128735118778,0.000709935324267,-0.000538969645277,-0.000624201260507,-0.000206427794183],[0.000523349619471,-0.000676249968819,0.000788907927927,-0.000257522595348,0.00287104491144,-0.00467503163964,0.0100642591715,-0.00474545871839,0.00164473091718,-0.0001618975366,-0.000918876146898,-0.00083661644021,-0.000291391683277],[-0.000361389247701,0.000268218194833,-0.00109380309004,0.00127262598835,-0.000194919601199,0.000897199963219,-0.00474545871839,0.0123301846907,-0.0048238444142,0.00148543680552,0.00020231695089,-0.000582095235586,-0.000139765397762],[0.000320710911183,0.000114949405543,0.000999571988359,-0.00113029056229,0.00034026693902,0.000128735118778,0.00164473091718,-0.0048238444142,0.0127680962905,-0.0063221254386,0.0011950234184,-0.000612394011114,0.000724372686818],[-0.000327335961629,0.000350569491275,-0.000432178698247,0.000352787552401,-0.00210247677751,0.000709935324267,-0.0001618975366,0.00148543680552,-0.0063221254386,0.0155557524413,-0.00627410877496,0.00226446567103,-0.000922258070204],[0.000263341993559,-0.000861393404193,-0.000185420547496,-0.000413161993492,0.000743479991797,-0.000538969645277,-0.000918876146898,0.00020231695089,0.0011950234184,-0.00627410877496,0.0187344495207,-0.00656118383631,0.00221161101945],[-0.000300134852296,0.000392664776882,0.000600617437158,0.00140946230385,-0.000496520078741,-0.000624201260507,-0.00083661644021,-0.000582095235586,-0.000612394011114,0.00226446567103,-0.00656118383631,0.015831110999,-0.00785984192044],[0.0000507028962602,-0.000464445300167,-0.000556234735996,-0.00156757840887,-0.00037054598215,-0.000206427794183,-0.000291391683277,-0.000139765397762,0.000724372686818,-0.000922258070204,0.00221161101945,-0.00785984192044,0.0146996779367]],"mean":[-708.379272461,184.561889648,-17.4338111877,22.5028800964,-5.24528741837,-5.67480897903,-6.64826202393,-3.15743088722,-11.5140790939,-3.11492991447,-2.80256676674,-5.17159128189,-8.82283115387]},"pitch_salience":{"dmean":0.0582291632891,"dmean2":0.0935102254152,"dvar":0.00290769385174,"dvar2":0.00750823970884,"max":0.985553741455,"mean":0.578867912292,"median":0.586380422115,"min":0.114683061838,"var":0.0120006436482},"silence_rate_20dB":{"dmean":0,"dmean2":0,"dvar":0,"dvar2":0,"max":1,"mean":1,"median":1,"min":1,"var":0},"silence_rate_30dB":{"dmean":0,"dmean2":0,"dvar":0,"dvar2":0,"max":1,"mean":1,"median":1,"min":1,"var":0},"silence_rate_60dB":{"dmean":0.0110272085294,"dmean2":0.0220570601523,"dvar":0.010906056501,"dvar2":0.0244492739439,"max":1,"mean":0.0958772748709,"median":0,"min":0,"var":0.0866874530911},"spectral_centroid":{"dmean":99.6412124634,"dmean2":150.93838501,"dvar":35230.5039062,"dvar2":74030.453125,"max":11683.4013672,"mean":810.843566895,"median":660.351928711,"min":177.072631836,"var":875020.0625},"spectral_complexity":{"dmean":2.28526902199,"dmean2":3.60944628716,"dvar":8.15699577332,"dvar2":16.1499843597,"max":50,"mean":14.3708057404,"median":14,"min":0,"var":53.4227371216},"spectral_contrast_coeffs":{"dmean":[0.0423530414701,0.0427051372826,0.0377753190696,0.0292862374336,0.0195453520864,0.0142580242828],"dmean2":[0.0701254308224,0.0698305815458,0.0603541173041,0.0468479245901,0.0309418942779,0.0231257788837],"dvar":[0.00136091059539,0.00132263754494,0.00106834992766,0.00067763752304,0.000284332025331,0.000179350507096],"dvar2":[0.00357899605297,0.00346274906769,0.0025117136538,0.00158022705,0.000636984186713,0.00042154249968],"max":[-0.284012407064,-0.335239827633,-0.366787672043,-0.46319425106,-0.557501614094,-0.576035499573],"mean":[-0.571932256222,-0.680722653866,-0.717130303383,-0.754306197166,-0.782818198204,-0.761700570583],"median":[-0.573506593704,-0.683629751205,-0.724920928478,-0.766600847244,-0.788290143013,-0.754224538803],"min":[-0.974101424217,-0.995507121086,-0.994143784046,-0.984041273594,-0.977840006351,-0.96396446228],"var":[0.00978865753859,0.00780385732651,0.00779252778739,0.00632748845965,0.00302783888765,0.00239442801103]},"spectral_contrast_valleys":{"dmean":[0.357035249472,0.321463465691,0.289492696524,0.255187451839,0.195547267795,0.217983573675],"dmean2":[0.602075338364,0.525007843971,0.47499409318,0.405801832676,0.298918932676,0.30320379138],"dvar":[0.121591776609,0.121816180646,0.104881472886,0.098677046597,0.0886373221874,0.130589321256],"dvar2":[0.286847710609,0.269974112511,0.226654469967,0.197604358196,0.166676640511,0.229265168309],"max":[-5.25216579437,-4.52740812302,-5.40384292603,-5.77993679047,-6.02635574341,-8.00406455994],"mean":[-7.86993360519,-6.85119581223,-7.74836540222,-8.33396530151,-8.55010223389,-12.0257921219],"median":[-7.5886926651,-6.40918445587,-7.30611610413,-7.90898990631,-8.20953559875,-11.9878358841],"min":[-28.0194740295,-27.9524459839,-27.8120822906,-27.6731586456,-27.4936180115,-27.4488868713],"var":[4.21487665176,4.56654214859,4.53504180908,4.21905326843,4.04277324677,3.47660493851]},"spectral_decrease":{"dmean":1.48090106844e-9,"dmean2":2.26604557341e-9,"dvar":3.3918272184e-18,"dvar2":7.51225331832e-18,"max":3.57906285878e-18,"mean":-8.08820743714e-9,"median":-8.59963211752e-9,"min":-2.39654092127e-8,"var":2.39425509244e-17},"spectral_energy":{"dmean":0.00586083345115,"dmean2":0.00896480120718,"dvar":0.0000530971701664,"dvar2":0.000117160729133,"max":0.0917902216315,"mean":0.0321501009166,"median":0.0344200208783,"min":9.74509638364e-21,"var":0.000373756716726},"spectral_energyband_high":{"dmean":0.0000838118139654,"dmean2":0.000108981505036,"dvar":8.32717717003e-8,"dvar2":1.50692713419e-7,"max":0.0135942380875,"mean":0.000213730396354,"median":0.0000293275006698,"min":6.87204366127e-21,"var":5.7455673641e-7},"spectral_energyband_low":{"dmean":0.0019040274201,"dmean2":0.00299813481979,"dvar":0.0000187293408089,"dvar2":0.0000397399053327,"max":0.0714541450143,"mean":0.00563631812111,"median":0.00191023852676,"min":1.67054675762e-23,"var":0.0000728147133486},"spectral_energyband_middle_high":{"dmean":0.00198609544896,"dmean2":0.00300856749527,"dvar":0.0000128436367959,"dvar2":0.0000289095478365,"max":0.0583479292691,"mean":0.0061492100358,"median":0.00311106536537,"min":1.16584897426e-21,"var":0.0000649226858513},"spectral_energyband_middle_low":{"dmean":0.00476316409186,"dmean2":0.00728737702593,"dvar":0.0000368582877854,"dvar2":0.0000858652565512,"max":0.0797345340252,"mean":0.0211981777102,"median":0.0200532972813,"min":1.6406886879e-22,"var":0.000210676138522},"spectral_entropy":{"dmean":0.137505114079,"dmean2":0.2013220191,"dvar":0.0268987622112,"dvar2":0.0517192184925,"max":9.81600379944,"mean":6.76746225357,"median":6.77103757858,"min":4.31225967407,"var":0.435167014599},"spectral_flux":{"dmean":0.0197714623064,"dmean2":0.031085986644,"dvar":0.000537515385076,"dvar2":0.00122367404401,"max":0.245607614517,"mean":0.0687077715993,"median":0.0624610260129,"min":6.41438846483e-11,"var":0.00190661347006},"spectral_kurtosis":{"dmean":6.33959197998,"dmean2":11.1598815918,"dvar":51.0621528625,"dvar2":153.891525269,"max":153.256759644,"mean":14.7233552933,"median":10.8108663559,"min":-1.26354777813,"var":177.649597168},"spectral_rms":{"dmean":0.000509239907842,"dmean2":0.000767763354816,"dvar":3.74939872927e-7,"dvar2":7.66863308854e-7,"max":0.00946316216141,"mean":0.00519501138479,"median":0.00579486973584,"min":3.08340896218e-12,"var":0.00000437783410234},"spectral_rolloff":{"dmean":148.607467651,"dmean2":247.982345581,"dvar":131867.25,"dvar2":278025.75,"max":20327.34375,"mean":1018.34191895,"median":667.529296875,"min":107.666015625,"var":3929631.75},"spectral_skewness":{"dmean":0.498794138432,"dmean2":0.86607080698,"dvar":0.246795877814,"dvar2":0.735950350761,"max":9.63590335846,"mean":2.45821714401,"median":2.24416327477,"min":-0.0720162689686,"var":1.16524386406},"spectral_spread":{"dmean":315965.4375,"dmean2":488631.84375,"dvar":450702934016,"dvar2":889656770560,"max":42222124,"mean":2970593.75,"median":2258266,"min":632906.5,"var":12284331032600},"spectral_strongpeak":{"dmean":0.548573255539,"dmean2":0.89751458168,"dvar":0.874094486237,"dvar2":2.1102604866,"max":11.9174861908,"mean":1.45181465149,"median":0.955191493034,"min":0,"var":2.26015329361},"zerocrossingrate":{"dmean":0.00423645274714,"dmean2":0.0052342438139,"dvar":0.0000538729400432,"dvar2":0.0000915284326766,"max":0.57958984375,"mean":0.0387081094086,"median":0.0302734375,"min":0.0068359375,"var":0.00254534860142}},"metadata":{"audio_properties":{"analysis_sample_rate":44100,"bit_rate":0,"codec":"flac","downmix":"mix","equal_loudness":0,"length":193.706665039,"lossless":true,"md5_encoded":"2602d172c22ed80b3021019cbd5e94fd","replay_gain":-16.3319149017},"tags":{"album":["The White Stripes"],"albumartist":["The White Stripes"],"albumartistsort":["White Stripes, The"],"artist":["The White Stripes"],"artistsort":["White Stripes, The"],"asin":["B00005Q4Q2"],"barcode":["634904014926"],"catalognumber":["XLCD 149"],"composer":["Bob Dylan"],"date":["2001-11-26"],"discnumber":["1"],"disctotal":["1"],"engineer":["Jim Diamond"],"file_name":"13 One More Cup of Coffee.flac","genre":["Rock"],"isrc":["GBBKS0100402"],"label":["XL Recordings"],"lyricist":["Bob Dylan"],"media":["CD"],"musicbrainz_albumartistid":["11ae9fbb-f3d7-4a47-936f-4c0a04d3b3b5"],"musicbrainz_albumid":["e63a68de-41c7-37ca-a362-90afcf9c7700"],"musicbrainz_artistid":["11ae9fbb-f3d7-4a47-936f-4c0a04d3b3b5"],"musicbrainz_recordingid":["cd6550eb-cedf-4b3e-9b30-0d21f2c29f76"],"musicbrainz_releasegroupid":["5c5589a7-1561-3b45-9ea9-650888413b4e"],"musicbrainz_releasetrackid":["d98db34f-ffbb-3129-843d-32a42a9d8fa7"],"musicbrainz_workid":["946bc51b-7039-4c6f-92cb-1f09bdeaab04"],"originaldate":["1999-06-15"],"producer":["Jack White","Jim Diamond"],"releasecountry":["GB"],"releasestatus":["official"],"releasetype":["album"],"script":["Latn"],"title":["One More Cup of Coffee"],"totaldiscs":["1"],"totaltracks":["17"],"tracknumber":["13"],"tracktotal":["17"]},"version":{"essentia":"2.1-beta1","essentia_build_sha":"7598a69e7b456135ce4c070efb04a3d0ebb71fdd","essentia_git_sha":"v2.1_beta1-6-g5578087","extractor":"music 1.0"}},"rhythm":{"beats_count":455,"beats_loudness":{"dmean":0.0166238360107,"dmean2":0.0309272427112,"dvar":0.000201545859454,"dvar2":0.00067830045009,"max":0.08311740309,"mean":0.0398547276855,"median":0.0427687987685,"min":0,"var":0.00038856617175},"beats_loudness_band_ratio":{"dmean":[0.198716416955,0.17362914