{"lowlevel":{"average_loudness":0.832461178303,"barkbands":{"dmean":[0.000188910096767,0.00393923278898,0.00317981094122,0.00199551135302,0.00352391903289,0.00131760211661,0.00129064475186,0.0011154654203,0.000514811836183,0.000538605207112,0.000479227426695,0.000212807921343,0.000253258942394,0.000144690726302,0.0000831249635667,0.0000957550364546,0.0000964508508332,0.0000675519404467,0.000113521149615,0.0000715568676242,0.0000743958953535,0.000066829888965,0.0000497202745464,0.0000463439828309,0.0000172886720975,0.00000325635846821,4.22265742372e-7],"dmean2":[0.000300197774777,0.00661557540298,0.00539170624688,0.00342925172299,0.00554841430858,0.002079379512,0.00204016035423,0.00173249584623,0.000830359465908,0.000835034123156,0.000781558570452,0.000343238411006,0.000406145496527,0.000228675591643,0.000132736022351,0.000153603279614,0.00015808668104,0.000106098239485,0.000178415531991,0.000109366184915,0.000104950864625,0.0000949875538936,0.0000700654854882,0.0000629636269878,0.0000260752894974,0.00000517967419,6.97646896697e-7],"dvar":[1.97693680093e-7,0.0000525389878021,0.0000312775046041,0.0000112917095976,0.0000369096123904,0.0000113903006422,0.00000905864362721,0.00000711852362656,0.00000170922476173,0.00000139957035117,0.00000176797539098,1.57020295433e-7,3.55437265398e-7,1.23104783256e-7,3.2172906117e-8,3.70353987478e-8,1.26717921489e-7,1.76204189017e-8,6.14945534494e-8,4.10705318643e-8,1.0058095512e-7,1.33642075184e-7,7.78845361538e-8,7.58594467243e-8,5.3368243158e-9,8.48776188223e-11,1.43140610042e-12],"dvar2":[4.8604431413e-7,0.000145570666064,0.0000838455234771,0.000030568047805,0.0000874231918715,0.000027359552405,0.0000220718065975,0.0000151215936057,0.00000431189482697,0.00000342287535204,0.00000476066270494,3.80385159815e-7,9.21914022456e-7,3.03257166934e-7,8.00277391022e-8,8.85706583631e-8,3.48613866663e-7,4.12928073956e-8,1.42913862078e-7,8.38460891828e-8,1.88879099028e-7,2.46983006491e-7,1.48731999161e-7,1.1416415191e-7,1.08219584405e-8,1.8314880168e-10,3.7142801855e-12],"max":[0.00869004055858,0.116759985685,0.0990219637752,0.0469828993082,0.129191696644,0.121741220355,0.0707169920206,0.0729149580002,0.0279003027827,0.0290354881436,0.0491206608713,0.00774962548167,0.0113968318328,0.00882427580655,0.00390773359686,0.0043867174536,0.0180044453591,0.00311367120594,0.00520770251751,0.00810821913183,0.0110523281619,0.0136547060683,0.00838335510343,0.0147333396599,0.00257045938633,0.000324201158946,0.0000249152872129],"mean":[0.00039869218017,0.00694919424132,0.00400880910456,0.00229559163563,0.00527489883825,0.00197661295533,0.00209026876837,0.00190464162733,0.000789284764323,0.000957314739935,0.000767496123444,0.000366922118701,0.000412273802795,0.000237238986301,0.000148589577293,0.000178124857484,0.00016250788758,0.000136319329613,0.000211515536648,0.000146286300151,0.000130403481307,0.000106923696876,0.000078625518654,0.0000733515626052,0.000025423729312,0.00000403666263082,5.3909042208e-7],"median":[0.0000799541594461,0.0031142225489,0.00194822752383,0.001110348152,0.00210266630165,0.000772856641561,0.000766142213251,0.000374380353605,0.000243448885158,0.000266685907263,0.000180676710443,0.000159990449902,0.0000922415347304,0.0000635624601273,0.0000586671412748,0.0000812886864878,0.0000690265005687,0.0000550073891645,0.0000902549290913,0.0000729013845557,0.0000357255303243,0.0000142776552821,0.00000796579388407,0.00000938000994211,0.00000446616695626,8.7634822421e-7,1.96888024107e-7],"min":[1.43974683337e-25,3.31246125647e-24,2.01661271019e-25,5.52171079218e-26,6.00668946051e-24,8.93974885348e-24,7.34012905317e-24,7.57153429997e-24,1.99501613421e-23,1.7371976155e-23,1.13892960705e-23,1.76978893048e-23,3.22742560076e-23,3.53596203811e-23,4.92373844881e-23,4.12547211279e-23,7.15094521974e-23,8.8408764986e-23,1.30010348254e-22,1.54361954284e-22,1.96826500895e-22,2.538695252e-22,4.03419099796e-22,6.59156824325e-22,9.32936643415e-22,1.3533224121e-21,1.94025471653e-21],"var":[7.86659029473e-7,0.000097080876003,0.0000374010742235,0.0000130120615722,0.0000736096408218,0.0000204860079975,0.0000188954800251,0.0000229837096413,0.00000297974679597,0.00000351821086042,0.00000346226420334,3.47686608393e-7,7.98897929144e-7,2.49886909387e-7,7.63936611747e-8,8.9299874162e-8,1.243734431e-7,5.41372244811e-8,1.35471466933e-7,8.89421443162e-8,2.1738479461e-7,3.18570897662e-7,1.92203117422e-7,2.14027366496e-7,1.32665531893e-8,1.76345493763e-10,1.65278608941e-12]},"barkbands_crest":{"dmean":2.70932674408,"dmean2":4.51104307175,"dvar":5.24808645248,"dvar2":14.0265512466,"max":24.3062210083,"mean":10.1960468292,"median":9.43838882446,"min":2.79545259476,"var":14.9364881516},"barkbands_flatness_db":{"dmean":0.0237157456577,"dmean2":0.0376416482031,"dvar":0.000491437793244,"dvar2":0.0011685496429,"max":0.39393594861,"mean":0.157769158483,"median":0.155082002282,"min":0.0334068126976,"var":0.00210278411396},"barkbands_kurtosis":{"dmean":4.18126964569,"dmean2":6.92956161499,"dvar":48.3622055054,"dvar2":127.663314819,"max":273.661682129,"mean":7.51264190674,"median":4.51616287231,"min":-1.93190944195,"var":118.069038391},"barkbands_skewness":{"dmean":0.612181067467,"dmean2":0.979678153992,"dvar":0.374472051859,"dvar2":0.925626277924,"max":13.9055976868,"mean":1.93928277493,"median":1.8370411396,"min":-3.01302266121,"var":1.68827831745},"barkbands_spread":{"dmean":4.64605283737,"dmean2":7.16476249695,"dvar":44.5458145142,"dvar2":89.5177993774,"max":96.5946578979,"mean":15.0321187973,"median":12.3301677704,"min":0.703140497208,"var":145.728057861},"dissonance":{"dmean":0.0226810034364,"dmean2":0.0383160747588,"dvar":0.000427896360634,"dvar2":0.00120398937725,"max":0.500000059605,"mean":0.453949868679,"median":0.459741801023,"min":0.217889413238,"var":0.000952207366936},"dynamic_complexity":4.891518116,"erbbands":{"dmean":[0.117792792618,0.915761947632,3.19457173347,5.36750650406,8.53937625885,13.9220018387,11.0824117661,10.2444267273,16.6861686707,25.6772155762,16.4612884521,12.2191896439,13.7540779114,14.6118412018,20.9548454285,9.85813999176,11.8706216812,7.83080148697,4.2048368454,4.48215866089,5.14940500259,4.45045948029,3.45427942276,5.15309333801,4.95679759979,3.33546710014,3.11645269394,2.7799949646,2.57801532745,1.71143388748,1.49473714828,1.06347072124,0.759306848049,0.295886814594,0.0702260136604,0.0204052254558,0.00493117747828,0.000824843125883,0.0000765428339946,0.000013880527149],"dmean2":[0.181060239673,1.59254717827,5.41165971756,9.21601486206,13.9959001541,22.0673160553,17.585565567,16.1567573547,26.3918933868,39.6453971863,26.3523769379,19.5573101044,20.9979953766,23.391046524,33.9480056763,15.8056793213,18.8716773987,12.285941124,6.5913143158,7.09156227112,8.28736305237,7.1958656311,5.38701677322,8.08113574982,7.77959489822,5.09972858429,4.54153156281,3.80432391167,3.73100042343,2.3928976059,2.13243508339,1.49077498913,1.050370574,0.437045365572,0.106256015599,0.0315462015569,0.00805453024805,0.00136873300653,0.000123967751279,0.000021135141651],"dvar":[0.0435561239719,3.2287375927,35.4229431152,73.7417678833,241.401794434,681.251831055,573.528808594,765.157592773,1836.13537598,3680.61108398,1135.22753906,1047.40429688,855.931518555,1488.31750488,3685.60546875,341.308105469,777.805358887,390.032470703,87.095741272,63.6652641296,151.397094727,166.203903198,40.507484436,115.892082214,141.474395752,99.755569458,133.434051514,171.583709717,199.496826172,88.6311950684,74.4100036621,40.7216911316,23.4782924652,1.96529459953,0.0583363100886,0.00426496006548,0.000182079355,0.00000508940365762,4.32543458828e-8,3.71117858666e-10],"dvar2":[0.102341428399,9.33228778839,93.6594467163,201.110656738,614.477783203,1587.97509766,1449.1998291,1797.29650879,4417.40380859,8412.50292969,2729.96044922,2635.52050781,1965.05419922,3786.08862305,9714.26171875,810.528747559,2000.52185059,998.083435059,212.673614502,156.973724365,386.147491455,449.942657471,93.3751983643,261.207061768,342.430541992,202.494369507,262.268005371,303.636230469,405.317169189,160.786727905,146.206939697,75.4400100708,43.3860855103,3.92622303963,0.109703034163,0.00847521610558,0.000422156241257,0.0000134597794386,1.111585064e-7,8.44806391509e-10],"max":[3.0477437973,28.7933177948,114.439918518,113.931617737,231.131576538,787.96282959,663.690185547,1024.85925293,1139.84753418,1192.39196777,597.983276367,763.163024902,532.261535645,1132.12646484,2378.12548828,382.590270996,590.250610352,479.798187256,204.729431152,129.687454224,461.70199585,601.678344727,171.912567139,269.006256104,322.473693848,394.63369751,303.940643311,552.073913574,470.911071777,326.725280762,245.299911499,313.919128418,249.747589111,52.9372291565,12.5950460434,2.75534725189,0.395430058241,0.0301527604461,0.00343879219145,0.00059340428561],"mean":[0.256730675697,1.36339735985,4.13481998444,6.86568307877,11.5666322708,20.0413970947,16.5543575287,15.6732225418,26.833070755,46.8027954102,25.9548530579,19.3469085693,24.5165328979,26.7379703522,34.8786430359,18.1565322876,20.0998020172,13.3833379745,8.24591732025,8.82868766785,9.6699886322,8.20164299011,7.47506427765,9.91840744019,9.8799123764,6.9934129715,5.75333976746,4.79804039001,3.97637796402,2.74512934685,2.31367540359,1.68696570396,1.12831676006,0.442521959543,0.101660117507,0.0270159803331,0.00583187304437,0.000953345384914,0.000109265594801,0.0000386138381145],"median":[0.0920915827155,0.631389260292,2.16900277138,3.82889604568,4.84610748291,7.08280563354,6.40640115738,6.35770940781,9.20679855347,13.3145809174,7.79567050934,7.09156131744,7.7469124794,7.87644481659,9.81225681305,8.28578281403,5.48350667953,3.95762252808,3.21924209595,4.02247142792,4.54928588867,3.89400529861,3.34062290192,4.10951805115,4.87414073944,3.60732769966,2.07353639603,1.04275655746,0.567325651646,0.286449760199,0.226526901126,0.203661486506,0.146827876568,0.0661635696888,0.0230845566839,0.00556362746283,0.00139765557833,0.000266137067229,0.0000485133059556,0.0000321584338963],"min":[4.58194048025e-23,7.25306080267e-22,1.2064695806e-21,2.69814097937e-21,9.4579742382e-21,2.71119981056e-20,3.84454097046e-20,8.56137362365e-20,1.3591443419e-19,1.48156991599e-19,3.42704210654e-19,4.94605357747e-19,6.36187245753e-19,7.01480437212e-19,6.26860422455e-19,1.16861078412e-18,1.62537195676e-18,2.34767816515e-18,2.68604859563e-18,3.08648259427e-18,3.86848177458e-18,4.45142118126e-18,4.68824588576e-18,6.92907857876e-18,7.47923640417e-18,9.0170933759e-18,9.6971260021e-18,8.24403849955e-18,8.65188155493e-18,1.20472412481e-17,1.11463968933e-17,1.12787300749e-17,9.07226714994e-18,8.1781262668e-18,6.42015570689e-18,3.64264988683e-18,2.37061050687e-18,1.06624718331e-18,2.35402548389e-19,2.77469690857e-20],"var":[0.1444054842,4.19691419601,41.4201049805,87.4547348022,356.345458984,1470.07678223,996.901489258,1375.75500488,3470.56542969,11392.2021484,2241.14306641,1738.09619141,1983.28747559,3857.06030273,6831.07958984,820.588623047,1777.56994629,760.05065918,255.200515747,167.92489624,284.256378174,213.395950317,137.018005371,288.780761719,284.187255859,213.206832886,278.685333252,392.11907959,416.983673096,249.828887939,175.001052856,105.93561554,52.6073493958,4.91783809662,0.159384861588,0.0107822595164,0.000276701292023,0.00000552637175133,5.53198873376e-8,1.18433562957e-9]},"erbbands_crest":{"dmean":2.81430673599,"dmean2":4.6088552475,"dvar":6.27883386612,"dvar2":15.4245843887,"max":27.6345558167,"mean":9.22956562042,"median":8.28407478333,"min":2.45429992676,"var":17.694475174},"erbbands_flatness_db":{"dmean":0.0186242759228,"dmean2":0.0282960440964,"dvar":0.000315746525303,"dvar2":0.000710954598617,"max":0.33282455802,"mean":0.160143107176,"median":0.159679204226,"min":0.0359537191689,"var":0.0014648885699},"erbbands_kurtosis":{"dmean":1.20449018478,"dmean2":1.92591321468,"dvar":3.3625869751,"dvar2":8.17638015747,"max":29.720413208,"mean":0.935263991356,"median":0.199466228485,"min":-1.75547277927,"var":6.85292720795},"erbbands_skewness":{"dmean":0.406150102615,"dmean2":0.618706405163,"dvar":0.161230385303,"dvar2":0.356305837631,"max":4.47738075256,"mean":0.622243285179,"median":0.607172012329,"min":-4.85732269287,"var":0.654121875763},"erbbands_spread":{"dmean":8.58770084381,"dmean2":13.6224193573,"dvar":111.476730347,"dvar2":269.457794189,"max":136.629867554,"mean":35.828037262,"median":33.3321914673,"min":4.48975658417,"var":294.931152344},"gfcc":{"cov":[[29747.875,2423.24389648,-3015.29858398,1196.66516113,-1536.34887695,404.262664795,-534.374084473,357.432861328,-503.827392578,-65.3762054443,25.463312149,-163.864501953,40.3291625977],[2423.24389648,1170.16394043,-378.566101074,-102.328529358,115.865592957,-157.81980896,34.5493659973,23.0247612,-19.0598754883,-59.4982376099,75.733543396,-65.1431121826,57.4794845581],[-3015.29858398,-378.566101074,893.871643066,41.6320304871,47.7056541443,83.4383239746,-22.965133667,-65.2023468018,86.497215271,16.5018081665,-72.7382659912,65.1313095093,-7.84776973724],[1196.66516113,-102.328529358,41.6320304871,353.703155518,-63.2800712585,55.5140266418,-33.3595085144,12.7548618317,23.3623008728,-8.7997751236,-14.3813581467,19.6604537964,36.1115150452],[-1536.34887695,115.865592957,47.7056541443,-63.2800712585,333.063446045,-58.5836448669,58.1314315796,7.65713739395,28.8585395813,-16.0185031891,12.4887151718,0.075374647975,18.835308075],[404.262664795,-157.81980896,83.4383239746,55.5140266418,-58.5836448669,190.272888184,24.8170814514,8.07618713379,3.59215688705,19.1651973724,-15.4065818787,15.2674026489,-14.8588027954],[-534.374084473,34.5493659973,-22.965133667,-33.3595085144,58.1314315796,24.8170814514,148.876174927,30.0058135986,7.98242712021,10.3315267563,43.523765564,1.36354076862,12.7780199051],[357.432861328,23.0247612,-65.2023468018,12.7548618317,7.65713739395,8.07618713379,30.0058135986,84.1918945312,17.6761417389,7.00068664551,14.2460708618,5.22209978104,9.82762050629],[-503.827392578,-19.0598754883,86.497215271,23.3623008728,28.8585395813,3.59215688705,7.98242712021,17.6761417389,113.444198608,31.5646362305,-1.96031761169,0.0646734312177,8.78166866302],[-65.3762054443,-59.4982376099,16.5018081665,-8.7997751236,-16.0185031891,19.1651973724,10.3315267563,7.00068664551,31.5646362305,71.2781524658,17.9977149963,-2.8577067852,-4.86258840561],[25.463312149,75.733543396,-72.7382659912,-14.3813581467,12.4887151718,-15.4065818787,43.523765564,14.2460708618,-1.96031761169,17.9977149963,84.1300888062,12.3393650055,16.4644393921],[-163.864501953,-65.1431121826,65.1313095093,19.6604537964,0.075374647975,15.2674026489,1.36354076862,5.22209978104,0.0646734312177,-2.8577067852,12.3393650055,71.6641616821,24.3809566498],[40.3291625977,57.4794845581,-7.84776973724,36.1115150452,18.835308075,-14.8588027954,12.7780199051,9.82762050629,8.78166866302,-4.86258840561,16.4644393921,24.3809566498,78.6575622559]],"icov":[[0.000440634525148,-0.00119814521167,0.00106994027738,-0.00142520305235,0.00131612957921,-0.00142334471457,0.0013871928677,-0.0013475966407,0.00138098059688,-0.00125862320419,0.000977231306024,-0.000695747323334,0.000548788404558],[-0.00119814521167,0.00457022432238,-0.0025701452978,0.00417990610003,-0.00379798724316,0.00423231767491,-0.00359802460298,0.00363865424879,-0.00412525236607,0.00473322952166,-0.00376159208827,0.00320527143776,-0.00251494674012],[0.00106994027738,-0.0025701452978,0.00438520591706,-0.00343294464983,0.00282450090162,-0.00386153068393,0.00318191875704,-0.00167120201513,0.00190742663108,-0.00300613185391,0.00358235673048,-0.00330271362327,0.00150430342183],[-0.00142520305235,0.00417990610003,-0.00343294464983,0.00819275528193,-0.00376929878257,0.00348448962905,-0.003407162847,0.00381416012533,-0.00548478448763,0.00547398626804,-0.00350091094151,0.00262082391419,-0.00391857791692],[0.00131612957921,-0.00379798724316,0.00282450090162,-0.00376929878257,0.00780533626676,-0.00309342634864,0.00247595831752,-0.00407216791064,0.003095848253,-0.00263793766499,0.00320975156501,-0.00216345232911,0.00125603668857],[-0.00142334471457,0.00423231767491,-0.00386153068393,0.00348448962905,-0.00309342634864,0.011960413307,-0.00708235008642,0.00376767641865,-0.00369487260468,0.002233695006,-0.00110047613271,0.000788226025179,-0.000131454275106],[0.0013871928677,-0.00359802460298,0.00318191875704,-0.003407162847,0.00247595831752,-0.00708235008642,0.0144946305081,-0.00691404053941,0.00431461073458,-0.00318461307324,-0.00224409624934,-0.000138252857141,0.000212132596062],[-0.0013475966407,0.00363865424879,-0.00167120201513,0.00381416012533,-0.00407216791064,0.00376767641865,-0.00691404053941,0.0191122293472,-0.00737865176052,0.00364981824532,-0.00260029057972,-0.000139434996527,-0.00182678946294],[0.00138098059688,-0.00412525236607,0.00190742663108,-0.00548478448763,0.003095848253,-0.00369487260468,0.00431461073458,-0.00737865176052,0.0169546399266,-0.0101396655664,0.00447103753686,-0.000991566805169,0.000648296670988],[-0.00125862320419,0.00473322952166,-0.00300613185391,0.00547398626804,-0.00263793766499,0.002233695006,-0.00318461307324,0.00364981824532,-0.0101396655664,0.0241183973849,-0.00956943258643,0.00509324669838,-0.00146420975216],[0.000977231306024,-0.00376159208827,0.00358235673048,-0.00350091094151,0.00320975156501,-0.00110047613271,-0.00224409624934,-0.00260029057972,0.00447103753686,-0.00956943258643,0.0215050261468,-0.00730905588716,0.00059879431501],[-0.000695747323334,0.00320527143776,-0.00330271362327,0.00262082391419,-0.00216345232911,0.000788226025179,-0.000138252857141,-0.000139434996527,-0.000991566805169,0.00509324669838,-0.00730905588716,0.0214188825339,-0.00749502424151],[0.000548788404558,-0.00251494674012,0.00150430342183,-0.00391857791692,0.00125603668857,-0.000131454275106,0.000212132596062,-0.00182678946294,0.000648296670988,-0.00146420975216,0.00059879431501,-0.00749502424151,0.0181219987571]],"mean":[-57.1327629089,120.829917908,-102.223045349,34.2925300598,-53.7942085266,7.83430290222,-27.422826767,7.53795814514,-23.5931816101,-0.770095407963,-7.36172866821,-4.87949705124,-6.6070728302]},"hfc":{"dmean":4.49830055237,"dmean2":6.36738538742,"dvar":57.6556930542,"dvar2":96.1158218384,"max":242.727355957,"mean":14.127404213,"median":10.2243356705,"min":1.08303141413e-16,"var":269.511016846},"melbands":{"dmean":[0.00105019565672,0.00143807451241,0.000933531147894,0.000818531028926,0.000432652508607,0.000237676285906,0.000253850710578,0.000280753651168,0.000127819526824,0.0000711503525963,0.0000694673653925,0.0000604197812208,0.0000668576540193,0.0000350141563104,0.000029869381251,0.0000187835321412,0.0000159246865223,0.00000721052765584,0.00000577838090976,0.00000720898015061,0.00000665905827191,0.00000504219542563,0.00000430839918408,0.00000347229342879,0.00000456450698039,0.00000461834997623,0.00000282026485365,0.00000229313832278,0.00000215643535739,0.00000182677945304,0.00000161880541327,0.00000152424240696,0.00000131053366204,8.65141373652e-7,9.14628344617e-7,8.35513276343e-7,5.999920063e-7,5.82301879604e-7,4.26458370839e-7,2.06415279536e-7],"dmean2":[0.00170505885035,0.00244857301004,0.001576540526,0.00130650110077,0.000679989112541,0.000374075199943,0.000401371071348,0.000431042601122,0.000205576885492,0.000114148700959,0.000106288825918,0.0000969116445049,0.000108746149635,0.0000567264251004,0.0000474117332487,0.0000299149596685,0.0000251616966125,0.000011330264897,0.00000926524626266,0.0000114621307148,0.0000109491675175,0.00000830551653053,0.00000695719836585,0.00000546427281733,0.00000725958489056,0.00000738149583412,0.00000439833229393,0.00000357379849447,0.00000329310432789,0.00000264933123617,0.0000022629230898,0.00000225210669669,0.0000018855740791,0.00000126617408114,0.00000133897390242,0.00000119462208659,8.61047737999e-7,8.12598841549e-7,6.40451332856e-7,3.07665800392e-7],"dvar":[0.00000348359844793,0.00000719757781553,0.00000216545140574,0.0000020357606445,7.69506868892e-7,3.90124455407e-7,3.99316803623e-7,4.60356886833e-7,6.62307755306e-8,3.38870513872e-8,2.17014957116e-8,2.83274719237e-8,3.43655202073e-8,5.93177862385e-9,3.98581168071e-9,1.91295823626e-9,1.68185909644e-9,2.68952554672e-10,1.77473258312e-10,2.39983838357e-10,4.0753539432e-10,3.69692582103e-10,6.08280370518e-11,5.49101319969e-11,9.61890567197e-11,1.20619361721e-10,4.86474818762e-11,5.23976070865e-11,5.78286203645e-11,7.2201689072e-11,6.19284554193e-11,6.77465236687e-11,6.62904939275e-11,2.67889842254e-11,2.97988855813e-11,2.59282335185e-11,1.26951895177e-11,1.54153616955e-11,7.52280182592e-12,6.95657290453e-13],"dvar2":[0.00000908252059162,0.0000193907198991,0.0000057669076341,0.00000486351700602,0.00000189880017842,9.18998580346e-7,9.59439944381e-7,0.00000101817408904,1.62989934438e-7,8.51429149407e-8,5.00365899825e-8,7.23578637007e-8,9.20056137943e-8,1.49972105845e-8,1.01217292325e-8,4.97638108499e-9,4.18446211015e-9,6.53103293669e-10,4.4656089937e-10,5.66563795878e-10,1.0789449334e-9,1.02863262352e-9,1.48036083392e-10,1.29115343417e-10,2.22108706427e-10,2.85191370519e-10,1.15200946005e-10,1.06756686824e-10,1.18127660431e-10,1.50249201969e-10,1.0532764938e-10,1.43075939985e-10,1.30390406805e-10,5.76228890992e-11,6.12798006783e-11,5.57029145032e-11,2.16094208499e-11,2.90799606617e-11,1.64579131573e-11,1.31228491615e-12],"max":[0.0290704388171,0.0461762398481,0.0184434596449,0.0288513507694,0.0186414215714,0.0228866524994,0.0167044531554,0.015705710277,0.00479512568563,0.00423309858888,0.00262727611698,0.00494398688897,0.00681663677096,0.00238380930386,0.00116110488307,0.00103793328162,0.00109244696796,0.000309202790959,0.000347925408278,0.000433821318438,0.000869414710905,0.000979231786914,0.000197340807063,0.000164057084476,0.000253428908763,0.000282745808363,0.000214013125515,0.000280003849184,0.000198767651455,0.000234583116253,0.000378121010726,0.000259826949332,0.000369478337234,0.000157899208716,0.000160284529557,0.000202457260457,0.000177785739652,0.000236688792938,0.000117251336633,0.0000339162470482],"mean":[0.00206299312413,0.00204281136394,0.00129486818332,0.00119408953469,0.000664518098347,0.000363777857274,0.000410145439673,0.000516154570505,0.000191057653865,0.000112018358777,0.000120525728562,0.000106272666017,0.00011098071991,0.0000580623927817,0.0000503585470142,0.0000312783486152,0.0000253757698374,0.0000133352377816,0.0000100704655779,0.0000134854781209,0.0000111566032501,0.00000836162325868,0.0000077876566138,0.00000676633089824,0.00000805633499112,0.00000823773643788,0.00000551646735403,0.00000441395377493,0.00000382694042855,0.00000298774853036,0.00000267959990197,0.00000226687711802,0.00000194320000446,0.00000133932769586,0.00000135388268063,0.0000012217276435,9.34142065034e-7,8.40734401208e-7,6.04371848567e-7,2.94501660392e-7],"median":[0.000826523290016,0.00119515811093,0.000753469066694,0.000459811417386,0.000268013012828,0.000142583739944,0.000137047696626,0.000134563437314,0.0000590097042732,0.0000387182881241,0.0000350608243025,0.0000244801958615,0.0000279106388916,0.0000229158649745,0.0000157644790306,0.00000817173076939,0.00000614332793702,0.00000471217435916,0.0000041245302782,0.00000597528651269,0.00000447483898824,0.00000358618399332,0.00000354896087629,0.00000251506912718,0.00000310059613184,0.00000336713310389,0.00000301418208437,0.00000200967406272,0.00000133334810926,7.48366915104e-7,5.25478412783e-7,3.38650721687e-7,1.93821847461e-7,1.36362118042e-7,1.24653553257e-7,1.25184854483e-7,1.20046067309e-7,1.07770233626e-7,7.24764674942e-8,4.76632031621e-8],"min":[9.99510235527e-25,8.69597268996e-25,5.23843922277e-25,9.02001012577e-25,1.63012367101e-24,1.6589760614e-24,2.06706465451e-24,1.61809876841e-24,2.58063302255e-24,3.07555252157e-24,2.97373621668e-24,2.72475199347e-24,1.67383050946e-24,2.52348202212e-24,1.97564139484e-24,2.80843218893e-24,3.79562475585e-24,3.15847403005e-24,3.8668900556e-24,2.56137515291e-24,3.86248978947e-24,4.48832588331e-24,3.95909606251e-24,5.00125980997e-24,4.10773007883e-24,4.23952822571e-24,4.73811356135e-24,5.02545180735e-24,5.34854477944e-24,4.26534251554e-24,4.11593935984e-24,3.63645274113e-24,5.10965560923e-24,5.80379680227e-24,6.06610291402e-24,5.35447030813e-24,6.81129879041e-24,5.36998641327e-24,6.34350466805e-24,6.50795455665e-24],"var":[0.00000869461200637,0.00000856535552884,0.00000281690040538,0.00000390110972148,0.000001470376219,7.11255950137e-7,7.79679453444e-7,0.00000149702225372,1.13718250816e-7,5.75409693226e-8,4.97834165003e-8,7.23437736383e-8,7.09930816356e-8,1.16733627209e-8,8.97837892921e-9,4.13143208533e-9,3.20311910329e-9,7.41916306168e-10,3.57190221845e-10,5.45747780301e-10,5.70240632491e-10,3.43901379596e-10,1.5003395748e-10,1.5755102778e-10,2.15328740949e-10,2.35265751325e-10,9.74519076546e-11,1.03832810405e-10,1.11374555412e-10,1.3192665016e-10,1.41902628537e-10,1.32511154827e-10,1.3936900245e-10,6.2339987339e-11,6.43850250892e-11,5.2437013065e-11,3.40526704057e-11,3.17231345359e-11,1.39299006358e-11,1.84435843334e-12]},"melbands_crest":{"dmean":3.59089708328,"dmean2":5.96148300171,"dvar":8.52167797089,"dvar2":22.745639801,"max":33.4993896484,"mean":14.3110637665,"median":13.7323226929,"min":1.5224852562,"var":25.2216091156},"melbands_flatness_db":{"dmean":0.0285978354514,"dmean2":0.0448848009109,"dvar":0.000738541421015,"dvar2":0.00166339927819,"max":0.549000501633,"mean":0.241544112563,"median":0.241397231817,"min":0.00295042782091,"var":0.00449939724058},"melbands_kurtosis":{"dmean":8.72704601288,"dmean2":14.4391260147,"dvar":208.777359009,"dvar2":556.434875488,"max":303.063781738,"mean":16.5493450165,"median":10.414226532,"min":-1.82503211498,"var":462.078033447},"melbands_skewness":{"dmean":0.815389633179,"dmean2":1.31250274181,"dvar":0.714264273643,"dvar2":1.82297623158,"max":12.7869796753,"mean":2.79330134392,"median":2.61013579369,"min":-0.880407333374,"var":2.46893405914},"melbands_spread":{"dmean":5.488240242,"dmean2":8.37704277039,"dvar":108.350952148,"dvar2":182.827377319,"max":222.687103271,"mean":17.2798595428,"median":11.6736516953,"min":0.629807770252,"var":540.406311035},"mfcc":{"cov":[[14130.7119141,1349.10888672,-983.468200684,459.955871582,-286.491638184,-195.43157959,226.383529663,-18.7802906036,-83.7313766479,106.621711731,-61.70287323,8.44414901733,-124.159500122],[1349.10888672,1468.58325195,-310.622833252,93.5537872314,42.1257324219,-122.463516235,91.6166305542,-2.02688169479,-21.0167331696,22.9022712708,-13.7063560486,-22.0317649841,13.6540431976],[-983.468200684,-310.622833252,729.155822754,-16.0419006348,35.4394111633,139.429489136,-104.335517883,7.70489025116,28.2213764191,-30.6911315918,16.391330719,10.8114557266,-13.6190690994],[459.955871582,93.5537872314,-16.0419006348,264.992980957,62.6145477295,-11.3970403671,3.38549017906,14.8255252838,19.0624351501,4.81690120697,-34.7905883789,-1.35474705696,21.8075675964],[-286.491638184,42.1257324219,35.4394111633,62.6145477295,172.086425781,31.9865760803,-29.8541107178,13.7381267548,25.3212776184,-4.16087913513,-6.26344966888,-13.4183797836,1.6122635603],[-195.43157959,-122.463516235,139.429489136,-11.3970403671,31.9865760803,143.549682617,5.29102373123,16.9249515533,20.9249744415,3.25909304619,19.1297264099,5.29103755951,-10.9147863388],[226.383529663,91.6166305542,-104.335517883,3.38549017906,-29.8541107178,5.29102373123,144.476882935,31.5579586029,-13.9901781082,6.55658817291,0.47090691328,0.472831428051,9.66838550568],[-18.7802906036,-2.02688169479,7.70489025116,14.8255252838,13.7381267548,16.9249515533,31.5579586029,89.8626556396,19.9274044037,-8.23706245422,2.71057891846,1.32537770271,11.0025043488],[-83.7313766479,-21.0167331696,28.2213764191,19.0624351501,25.3212776184,20.9249744415,-13.9901781082,19.9274044037,76.3798599243,29.3695716858,0.663633882999,-0.966311633587,7.23646688461],[106.621711731,22.9022712708,-30.6911315918,4.81690120697,-4.16087913513,3.25909304619,6.55658817291,-8.23706245422,29.3695716858,73.6894989014,29.8836097717,2.10006761551,-5.3605837822],[-61.70287323,-13.7063560486,16.391330719,-34.7905883789,-6.26344966888,19.1297264099,0.47090691328,2.71057891846,0.663633882999,29.8836097717,78.9169387817,25.4439716339,-16.3210315704],[8.44414901733,-22.0317649841,10.8114557266,-1.35474705696,-13.4183797836,5.29103755951,0.472831428051,1.32537770271,-0.966311633587,2.10006761551,25.4439716339,64.4336471558,24.3003616333],[-124.159500122,13.6540431976,-13.6190690994,21.8075675964,1.6122635603,-10.9147863388,9.66838550568,11.0025043488,7.23646688461,-5.3605837822,-16.3210315704,24.3003616333,73.3510131836]],"icov":[[0.000100386423583,-0.0000740936302464,0.000106919338577,-0.000208547862712,0.000239106651861,-0.0000942987026065,0.0000289369600068,-0.000058464545873,0.0000834369493532,-0.000129926105728,0.000175454057171,-0.000192986655748,0.000336482975399],[-0.0000740936302464,0.000883689208422,0.0000840414140839,-0.0000337256824423,-0.000569614756387,0.000694304937497,-0.000536398903932,0.000172683197889,0.0000502970942762,-0.0000514594648848,-0.000312977615977,0.00036165714846,-0.000301821855828],[0.000106919338577,0.0000840414140839,0.00218056049198,-0.000353565847035,0.000525801326148,-0.00200170907192,0.0015079517616,-0.000222812755965,-0.000252905156231,0.000927868823055,-0.000227244163398,-0.000145194208017,0.000290857802611],[-0.000208547862712,-0.0000337256824423,-0.000353565847035,0.00515812309459,-0.00226195948198,0.000718015595339,-0.000295426230878,-0.000587728514802,-0.000175692272023,-0.00134276028257,0.00247631035745,-0.000936334603466,-0.000881852814928],[0.000239106651861,-0.000569614756387,0.000525801326148,-0.00226195948198,0.00832903850824,-0.00246081431396,0.0021770328749,-0.000743197859265,-0.00152979372069,0.00140698766336,-0.000860312138684,0.00184182357043,0.00000830057524581],[-0.0000942987026065,0.000694304937497,-0.00200170907192,0.000718015595339,-0.00246081431396,0.0107619082555,-0.00293544586748,-0.000145146885188,-0.00222819135524,0.00033197295852,-0.00163075246383,-0.00065742485458,0.00128921982832],[0.0000289369600068,-0.000536398903932,0.0015079517616,-0.000295426230878,0.0021770328749,-0.00293544586748,0.0103315925226,-0.00436309818178,0.00347416289151,-0.00222163833678,0.000885002955329,0.000466116704047,-0.00113796489313],[-0.000058464545873,0.000172683197889,-0.000222812755965,-0.000587728514802,-0.000743197859265,-0.000145146885188,-0.00436309818178,0.015197138302,-0.00628946674988,0.00592645583674,-0.00392977520823,0.00172444561031,-0.00209953007288],[0.0000834369493532,0.0000502970942762,-0.000252905156231,-0.000175692272023,-0.00152979372069,-0.00222819135524,0.00347416289151,-0.00628946674988,0.0213409475982,-0.0118050752208,0.00491968076676,-0.00073198589962,-0.00130628061015],[-0.000129926105728,-0.0000514594648848,0.000927868823055,-0.00134276028257,0.00140698766336,0.00033197295852,-0.00222163833678,0.00592645583674,-0.0118050752208,0.0244599543512,-0.0118156215176,0.00414487300441,-0.00126650568563],[0.000175454057171,-0.000312977615977,-0.000227244163398,0.00247631035745,-0.000860312138684,-0.00163075246383,0.000885002955329,-0.00392977520823,0.00491968076676,-0.0118156215176,0.024336649105,-0.0121476519853,0.00791646726429],[-0.000192986655748,0.00036165714846,-0.000145194208017,-0.000936334603466,0.00184182357043,-0.00065742485458,0.000466116704047,0.00172444561031,-0.00073198589962,0.00414487300441,-0.0121476519853,0.0249441023916,-0.0111924754456],[0.000336482975399,-0.000301821855828,0.000290857802611,-0.000881852814928,0.00000830057524581,0.00128921982832,-0.00113796489313,-0.00209953007288,-0.00130628061015,-0.00126650568563,0.00791646726429,-0.0111924754456,0.0207372903824]],"mean":[-690.402404785,143.561019897,11.2247667313,29.8705329895,1.26491713524,2.04905247688,8.18406295776,2.39882111549,-1.38405454159,0.782160997391,-3.1143989563,4.05456209183,1.68508255482]},"pitch_salience":{"dmean":0.0794346779585,"dmean2":0.132696554065,"dvar":0.00449346238747,"dvar2":0.0125485798344,"max":0.932563364506,"mean":0.563614428043,"median":0.566842615604,"min":0.17991822958,"var":0.0115959271789},"silence_rate_20dB":{"dmean":0,"dmean2":0,"dvar":0,"dvar2":0,"max":1,"mean":1,"median":1,"min":1,"var":0},"silence_rate_30dB":{"dmean":0.0144444443285,"dmean2":0.0288929026574,"dvar":0.0142353372648,"dvar2":0.0344495847821,"max":1,"mean":0.987501740456,"median":1,"min":0,"var":0.0123413708061},"silence_rate_60dB":{"dmean":0.0252777785063,"dmean2":0.0504236705601,"dvar":0.0246405918151,"dvar2":0.0539885945618,"max":1,"mean":0.125121504068,"median":0,"min":0,"var":0.109467633069},"spectral_centroid":{"dmean":238.579650879,"dmean2":362.529174805,"dvar":119651.421875,"dvar2":204500.515625,"max":11721.4707031,"mean":1104.9251709,"median":824.142456055,"min":168.281448364,"var":1885433.25},"spectral_complexity":{"dmean":2.76777768135,"dmean2":4.15807771683,"dvar":8.20888519287,"dvar2":16.9449443817,"max":48,"mean":14.2226076126,"median":14,"min":0,"var":67.9949035645},"spectral_contrast_coeffs":{"dmean":[0.055311050266,0.0480699911714,0.0374414622784,0.0266431681812,0.020406037569,0.0178202614188],"dmean2":[0.0917775705457,0.0785777568817,0.0608525201678,0.0433743707836,0.0330255478621,0.028172083199],"dvar":[0.00207260693423,0.00146702304482,0.000902075262275,0.000476871762658,0.000330552255036,0.000271112658083],"dvar2":[0.00547023676336,0.0038752714172,0.00232008099556,0.00118827691767,0.000798723078333,0.000606315210462],"max":[-0.340665191412,-0.387883245945,-0.517210125923,-0.56171476841,-0.614973425865,-0.594224631786],"mean":[-0.664693295956,-0.735035717487,-0.774123430252,-0.800384044647,-0.810390710831,-0.783830404282],"median":[-0.665711939335,-0.741808414459,-0.779252409935,-0.804914534092,-0.810374379158,-0.781215786934],"min":[-0.981790184975,-0.977753639221,-0.977054238319,-0.970593214035,-0.9691208601,-0.965393662453],"var":[0.00760822743177,0.00680187810212,0.00537492288277,0.00352654373273,0.00238025607541,0.00190129014663]},"spectral_contrast_valleys":{"dmean":[0.403950572014,0.38485121727,0.337212175131,0.296503931284,0.249713435769,0.351739764214],"dmean2":[0.651228427887,0.597707271576,0.527641892433,0.431079000235,0.346446543932,0.47577252984],"dvar":[0.158535420895,0.160473123193,0.159479424357,0.136192426085,0.112485066056,0.183338314295],"dvar2":[0.310377657413,0.278837203979,0.270727425814,0.205598965287,0.158287808299,0.322330534458],"max":[-4.93552541733,-4.7307305336,-5.54681682587,-6.19003582001,-5.65544176102,-7.32516241074],"mean":[-7.27489471436,-7.06090116501,-7.8110666275,-8.44235610962,-8.23527622223,-10.9498033524],"median":[-6.71453857422,-6.56084394455,-7.28836011887,-7.92752361298,-7.66336250305,-10.5677423477],"min":[-28.6336650848,-28.234708786,-28.0257167816,-27.6970767975,-27.4836711884,-27.4152622223],"var":[7.48360538483,7.38257455826,6.92347049713,6.55026435852,6.76756381989,5.36457395554]},"spectral_decrease":{"dmean":2.81878387298e-9,"dmean2":4.36297353801e-9,"dvar":1.56025702272e-17,"dvar2":3.66737009671e-17,"max":1.01532365067e-20,"mean":-7.56458717888e-9,"median":-6.08842221084e-9,"min":-5.32140767007e-8,"var":4.71452682003e-17},"spectral_energy":{"dmean":0.0109198754653,"dmean2":0.0168752092868,"dvar":0.000230198042118,"dvar2":0.000539910804946,"max":0.203569367528,"mean":0.0298318602145,"median":0.0244920477271,"min":1.00795301905e-20,"var":0.000714184250683},"spectral_energyband_high":{"dmean":0.00025025283685,"dmean2":0.000324363878462,"dvar":0.0000010231158285,"dvar2":0.00000141581062962,"max":0.0336464345455,"mean":0.000494986365084,"median":0.000135223031975,"min":7.13411289702e-21,"var":0.00000368326209355},"spectral_energyband_low":{"dmean":0.00669932505116,"dmean2":0.0111145693809,"dvar":0.000119723619719,"dvar2":0.000312458403641,"max":0.173039466143,"mean":0.0126130115241,"median":0.0081077022478,"min":1.96072624393e-23,"var":0.000216782893403},"spectral_energyband_middle_high":{"dmean":0.00126350601204,"dmean2":0.00194275914691,"dvar":0.00000442409782409,"dvar2":0.0000110343553388,"max":0.054675232619,"mean":0.003468147479,"median":0.0020409792196,"min":1.20127435724e-21,"var":0.0000173962907866},"spectral_energyband_middle_low":{"dmean":0.00666667707264,"dmean2":0.0102454228327,"dvar":0.0000901480234461,"dvar2":0.000209746402106,"max":0.14768089354,"mean":0.0147102661431,"median":0.0097665572539,"min":1.63041229155e-22,"var":0.000245238887146},"spectral_entropy":{"dmean":0.184521138668,"dmean2":0.28357899189,"dvar":0.0365867950022,"dvar2":0.0820913463831,"max":9.82304859161,"mean":7.39493846893,"median":7.36753940582,"min":5.35655546188,"var":0.233355417848},"spectral_flux":{"dmean":0.023105898872,"dmean2":0.0362550728023,"dvar":0.000697780633345,"dvar2":0.00151664379518,"max":0.347841501236,"mean":0.0821765288711,"median":0.0782751441002,"min":6.28451110596e-11,"var":0.00238443724811},"spectral_kurtosis":{"dmean":1.78664112091,"dmean2":3.01103115082,"dvar":4.07565116882,"dvar2":11.4696674347,"max":48.8979644775,"mean":5.24260807037,"median":4.68237543106,"min":-1.24781966209,"var":13.9695711136},"spectral_rms":{"dmean":0.000910435570404,"dmean2":0.0013695678208,"dvar":9.7904512586e-7,"dvar2":0.00000210987377613,"max":0.0140927024186,"mean":0.00476612290367,"median":0.00488821882755,"min":3.13587112007e-12,"var":0.00000638839583189},"spectral_rolloff":{"dmean":316.535430908,"dmean2":524.599609375,"dvar":609985.5625,"dvar2":1098360.875,"max":19466.015625,"mean":1133.67626953,"median":538.330078125,"min":64.599609375,"var":6098958},"spectral_skewness":{"dmean":0.248786479235,"dmean2":0.391554266214,"dvar":0.061317846179,"dvar2":0.145323947072,"max":5.4933552742,"mean":1.64725399017,"median":1.6359462738,"min":-0.150782763958,"var":0.365669429302},"spectral_spread":{"dmean":553722.4375,"dmean2":866785.125,"dvar":860235956224,"dvar2":1712747053060,"max":42839468,"mean":4618775.5,"median":3755165.25,"min":1512395.375,"var":20853246918700},"spectral_strongpeak":{"dmean":0.405759960413,"dmean2":0.682752072811,"dvar":0.468780428171,"dvar2":1.22374463081,"max":11.1817770004,"mean":0.678795158863,"median":0.318764269352,"min":0,"var":0.825932264328},"zerocrossingrate":{"dmean":0.00834676064551,"dmean2":0.00997486896813,"dvar":0.000231511439779,"dvar2":0.000314242701279,"max":0.52685546875,"mean":0.0466298088431,"median":0.033203125,"min":0.00244140625,"var":0.0040971590206}},"metadata":{"audio_properties":{"analysis_sample_rate":44100,"bit_rate":320050,"codec":"mp3","downmix":"mix","equal_loudness":0,"length":167.183670044,"lossless":false,"md5_encoded":"86b889ebf86c885b4880293b5ce8cd07","replay_gain":-11.5347766876,"sample_rate":44100},"tags":{"acoustid_id":["406d1bcc-d7a7-494f-8b9d-c38cad8e843a"],"album":["The Hope Six Demolition Project"],"albumartist":["PJ Harvey"],"albumartistsort":["Harvey, PJ"],"artist":["PJ Harvey"],"artistsort":["Harvey, PJ"],"barcode":["602547737595"],"catalognumber":["4773759"],"date":["2016-04-15"],"file_name":"07 - The Orange Monkey.mp3","isrc":["GBUM71507427"],"label":["Island Records"],"media":["CD"],"musicbrainz album release country":["XE"],"musicbrainz album status":["official"],"musicbrainz album type":["album"],"musicbrainz_albumartistid":["e795e03d-b5d5-4a5f-834d-162cfb308a2c"],"musicbrainz_albumid":["63ba5add-9d2c-4e13-9684-62be576df8f2"],"musicbrainz_artistid":["e795e03d-b5d5-4a5f-834d-162cfb308a2c"],"musicbrainz_recordingid":["cd6e4854-5229-4648-88b0-51ed3f3dd142"],"musicbrainz_releasegroupid":["805f6d35-5841-4339-9ee3-fa6ef9afa890"],"originaldate":["2016"],"script":["Latn"],"title":["The Orange Monkey"],"tracknumber":["7/11"]},"version":{"essentia":"2.1-beta2","essentia_build_sha":"70f2e5ece6736b2c40cc944ad0e695b16b925413","essentia_git_sha":"v2.1_beta2","extractor":"music 1.0"}},"rhythm":{"beats_count":330,"beats_loudness":{"dmean":0.0284781008959,"dmean2":0.0516720823944,"dvar":0.000664516875986,"dvar2":0.00217164377682,"max":0.163709267974,"mean":0.048019785434,"median":0.0433487594128,"min":0,"var":0.000983928795904},"beats_loudness_band_ratio":{"dmean":[0.2037460953,0.14329791069,0.130329325795,0.0497428104281,0.0191609952599,0.016041142866],"dmean2":[0.372630178928,0.255141764879,0.238943934441,0.0863527655602,0.0349900200963,0.0291299521923],"dvar":[0.0236720219254,0.0143919466063,0.0127135645598,0.0031377375