{"lowlevel":{"average_loudness":0.73769557476,"barkbands":{"dmean":[0.0000103549054984,0.00204978673719,0.0016177931102,0.0008141878061,0.000652538263239,0.000525200041011,0.000914727512281,0.000653386698104,0.000530666962732,0.000488303543534,0.000341231556376,0.000510979269166,0.000355809286702,0.000473835534649,0.0004632002383,0.000370095367543,0.000404600461479,0.000266924296739,0.000229410128668,0.000166936661117,0.00016134888574,0.00011311173148,0.000100798817584,0.000093362024927,0.0000680087759974,0.0000513915802003,0.00000350063919541],"dmean2":[0.0000168700171344,0.00333963590674,0.00262066931464,0.00133535056375,0.00110146624502,0.000830410630442,0.00149796193,0.00104906002525,0.000838853011373,0.00073486729525,0.000533989164978,0.000769281294197,0.000551493256353,0.000747605925426,0.000706324586645,0.000569938856643,0.000625417276751,0.000412236287957,0.00035328042577,0.000248469441431,0.000238687425735,0.000163653428899,0.000144031058881,0.00013455649605,0.0000960669131018,0.0000731866894057,0.00000555896076548],"dvar":[6.80312806089e-10,0.0000400666431233,0.0000248022297455,0.0000037131649151,0.0000033398036976,0.00000157377769483,0.00000549488959223,0.00000448318587587,0.00000355163183485,0.00000314311409966,0.00000141104465001,0.00000261369154941,0.00000201316674975,0.00000228466592489,0.00000172525233211,0.00000103933166429,0.00000111666975044,6.72954683978e-7,3.05579391124e-7,9.94235094254e-8,1.01314761025e-7,7.32977554208e-8,4.20735517537e-8,4.65210270306e-8,1.74363883332e-8,1.29110846459e-8,8.00852301142e-11],"dvar2":[1.53603374464e-9,0.000100212542748,0.0000574054647586,0.00000957640531851,0.00000903017462406,0.00000380414667234,0.0000136215703606,0.0000115269922389,0.00000884441942617,0.00000666608639222,0.00000292048230222,0.00000522041545992,0.00000462096340925,0.00000550496497453,0.00000381754534828,0.00000227594409807,0.00000252095492215,0.00000158135662787,7.31156774236e-7,2.14493326212e-7,2.21516245347e-7,1.44585413864e-7,8.04881139516e-8,9.485398067e-8,3.45163435611e-8,2.54430911895e-8,1.92915058927e-10],"max":[0.000649725436233,0.0715358629823,0.0589523762465,0.027215950191,0.0453219525516,0.029194964096,0.0360578708351,0.0470048114657,0.0804306045175,0.0430262237787,0.0308288894594,0.0401312038302,0.0627738460898,0.0413835905492,0.0217650905252,0.0200162008405,0.0327284708619,0.0210592616349,0.00957941543311,0.00811653956771,0.00571663258597,0.0166310369968,0.00450923200697,0.00472695752978,0.00263926875778,0.00131856754888,0.000146317892359],"mean":[0.0000116969786177,0.00241615879349,0.00173024483956,0.00105603015982,0.000746289792005,0.000774161773734,0.00117540103383,0.000734714092687,0.000696236209478,0.000699719064869,0.000433332083048,0.000818441971205,0.000496124033816,0.000650646979921,0.00066155946115,0.0005142238806,0.000584095832892,0.000390902016079,0.00034827957279,0.000285875663394,0.00025022707996,0.000215114545426,0.000164852011949,0.000150252628373,0.000104431499494,0.0000706266291672,0.00000385208795706],"median":[0.00000242711280407,0.000519596796948,0.000216844317038,0.000176092638867,0.000215172913158,0.000169213264599,0.000134456495289,0.00007832958363,0.0000706908322172,0.0000631432703813,0.000062073697336,0.000108033840661,0.0000877910206327,0.000117344708997,0.0000931054237299,0.000106208841316,0.000135206078994,0.0000843219313538,0.0000977316231001,0.00010122324602,0.0000912940668059,0.0000507931436005,0.0000531693985977,0.0000395804345317,0.0000275697602774,0.0000105530934889,3.04521478256e-7],"min":[5.40935481257e-25,7.07419378683e-24,2.61763296558e-24,6.43202196136e-24,1.53141630639e-23,1.51852868579e-23,1.03131343902e-23,1.24346527325e-23,1.9028708696e-23,1.95733934852e-23,2.67588182374e-23,2.68817069892e-23,3.56913679462e-23,3.81317722654e-23,7.31414918143e-23,5.66045249275e-23,6.43008727999e-23,1.18889239648e-22,1.88318453016e-22,1.86415442834e-22,2.79292177147e-22,3.78204252744e-22,3.68821402298e-22,6.49375352997e-22,1.00472475284e-21,1.40503563969e-21,2.06323280526e-21],"var":[9.7178620706e-10,0.0000355868724,0.0000247455736826,0.00000420717424277,0.00000291161381938,0.00000306230117531,0.00000965641356743,0.00000587626936976,0.00000636861341263,0.00000681960318616,0.00000243573526859,0.00000625390430287,0.00000329783165398,0.00000365543678527,0.00000328390251525,0.00000186232591659,0.00000210526559385,9.96983430923e-7,5.15344311225e-7,2.65116483433e-7,1.72006153321e-7,4.74879044532e-7,9.88305330907e-8,1.00254226254e-7,3.31908616147e-8,1.99907468357e-8,8.89122664383e-11]},"barkbands_crest":{"dmean":2.77671480179,"dmean2":4.43976449966,"dvar":6.36639642715,"dvar2":15.4397993088,"max":25.9403514862,"mean":8.96616840363,"median":8.2596616745,"min":2.07040977478,"var":15.8138742447},"barkbands_flatness_db":{"dmean":0.0238626431674,"dmean2":0.0357817523181,"dvar":0.000503810297232,"dvar2":0.00107559526805,"max":0.377680212259,"mean":0.106127522886,"median":0.100574597716,"min":0.0121366651729,"var":0.00192273815628},"barkbands_kurtosis":{"dmean":2.14158439636,"dmean2":3.363519907,"dvar":24.1564426422,"dvar2":51.967666626,"max":192.744766235,"mean":1.68477749825,"median":0.0913329124451,"min":-1.88896346092,"var":38.5680809021},"barkbands_skewness":{"dmean":0.604143619537,"dmean2":0.897325634956,"dvar":0.408249586821,"dvar2":0.8215097785,"max":9.78229904175,"mean":0.703349769115,"median":0.596461713314,"min":-5.28443193436,"var":1.53975212574},"barkbands_spread":{"dmean":8.39358329773,"dmean2":12.6398010254,"dvar":72.5914535522,"dvar2":158.18006897,"max":120.253814697,"mean":31.1517410278,"median":28.4023628235,"min":0.791567146778,"var":287.108947754},"dissonance":{"dmean":0.016132581979,"dmean2":0.0268577560782,"dvar":0.00030018016696,"dvar2":0.000793016806711,"max":0.500000059605,"mean":0.472184211016,"median":0.479318529367,"min":0.291872113943,"var":0.000614923017565},"dynamic_complexity":6.3955745697,"erbbands":{"dmean":[0.0212465673685,0.584350764751,1.95818793774,2.36392974854,2.10715508461,2.46172451973,2.96786808968,4.52352142334,12.0904026031,11.7780094147,14.6086454391,10.1030712128,14.2923555374,14.7110948563,14.3556127548,17.6841335297,15.26612854,19.0168590546,25.731306076,18.6591072083,22.0857257843,23.0031471252,14.4343919754,12.4730243683,9.69723892212,6.8797082901,6.05928182602,6.66217184067,4.66360712051,3.02065467834,2.98462247849,2.25563287735,1.40807127953,0.847479462624,0.472118675709,0.236845031381,0.0967437550426,0.0148310214281,0.000512382597663,0.0000215183335968],"dmean2":[0.0349743776023,0.9445348382,3.10654950142,3.82548928261,3.51537632942,4.20646905899,4.73268842697,7.21063375473,19.8198547363,19.0990085602,23.4241390228,15.9393663406,20.9791145325,21.7928619385,21.682012558,26.3488616943,22.8783245087,29.2851009369,39.2336578369,28.325252533,33.0718040466,34.9867134094,22.1171722412,19.1379928589,14.5927629471,10.2309131622,8.90667724609,9.94073581696,6.67504835129,4.31437444687,4.26421308517,3.31424975395,2.01489448547,1.22092735767,0.670098304749,0.336549937725,0.141196414828,0.0216344278306,0.000791820581071,0.0000305670764646],"dvar":[0.00288981944323,3.31694293022,38.2235183716,30.9084453583,34.1320610046,52.0192832947,59.3956108093,124.718963623,1033.88696289,861.21484375,2026.234375,1263.3692627,2600.38305664,2181.70336914,2634.41137695,3333.31787109,3371.59545898,3408.30297852,5408.78515625,2652.08935547,3589.63647461,3320.03637695,1641.88830566,1010.97613525,433.446594238,165.050094604,156.066253662,187.088912964,147.679031372,36.0058441162,37.0003318787,28.6808013916,10.2957191467,3.19952774048,0.7886916399,0.251799225807,0.0480312779546,0.0011909607565,0.00000188957790215,1.82552750694e-9],"dvar2":[0.00741989724338,8.18616294861,86.7513580322,79.3520126343,90.9602355957,143.521881104,143.141860962,301.117919922,2542.69628906,2120.78930664,5266.41894531,3210.15332031,5383.60595703,4430.12011719,5662.01855469,6954.75878906,7431.31298828,8433.15625,12329.4169922,5973.94042969,7587.66699219,7370.87109375,3863.14990234,2326.71044922,948.530517578,361.428314209,337.763366699,428.888122559,281.850708008,69.1783676147,71.5530700684,59.5259399414,21.6326026917,6.73478364944,1.57393527031,0.49681019783,0.0974882915616,0.00245404872112,0.00000448725177193,3.83134102222e-9],"max":[0.780488848686,20.0971508026,65.5244445801,76.6683502197,113.158500671,185.21244812,230.442764282,251.11164856,614.449890137,499.20135498,897.443969727,1450.31848145,1866.58959961,1474.52185059,1944.40112305,1804.90539551,2310.87353516,1562.24291992,1571.89794922,1258.57189941,1213.16906738,2060.24902344,922.527526855,565.274475098,485.231781006,274.799987793,377.448303223,350.608093262,769.308410645,174.52947998,152.876174927,125.403083801,71.4705581665,45.2615585327,12.9121522903,5.9815826416,2.38603973389,0.465534180403,0.0243968833238,0.000637881399598],"mean":[0.0287057142705,0.68067830801,2.13451075554,3.04034090042,2.50694322586,2.63948702812,4.4539308548,6.32636547089,15.5344572067,14.8433885574,17.0142593384,13.3811655045,21.3352737427,22.7052402496,21.4411964417,28.8211135864,23.9016361237,26.8456993103,38.542930603,26.5166854858,33.1999702454,35.7979393005,21.8635692596,19.356004715,17.1220645905,11.8393144608,9.96956348419,10.4867210388,8.56777667999,5.10834121704,4.78340387344,3.55949616432,2.23424196243,1.27212750912,0.704493701458,0.336880534887,0.127289429307,0.0191158503294,0.00059851486003,0.0000376907919417],"median":[0.00802163220942,0.143638595939,0.388219505548,0.57125300169,0.597264945507,0.781375110149,1.01235377789,1.62380588055,2.15118837357,2.42954134941,2.67669844627,1.74045872688,2.07490134239,3.52028298378,3.27064728737,4.87686395645,5.23975372314,6.6893825531,6.89361333847,6.03735113144,7.46912813187,9.20668411255,5.72951698303,4.99621391296,5.71966457367,4.32176494598,3.7569565773,3.52592539787,1.97694349289,1.59493374825,1.54010820389,0.967389881611,0.562157690525,0.31488019228,0.18389827013,0.063957311213,0.0161921419203,0.00206753239036,0.0000670063964208,0.0000207681732718],"min":[1.34394408025e-22,8.90231424808e-22,3.65757739172e-21,1.88037782617e-20,3.28929339934e-20,4.61666883583e-20,8.29531744197e-20,1.31930913305e-19,1.91651789643e-19,1.33587911169e-19,3.50618778152e-19,5.03056403571e-19,5.55022733085e-19,1.0202923372e-18,1.06853495809e-18,1.2809037576e-18,1.99665311207e-18,3.31564988105e-18,3.28785785324e-18,3.81666883537e-18,3.27648163827e-18,4.18479315928e-18,5.9901777119e-18,6.39676800225e-18,9.60048318242e-18,8.56362055639e-18,7.51362974686e-18,1.02276573131e-17,1.27918700627e-17,1.07082881265e-17,1.06971261513e-17,1.25918429014e-17,1.02702670408e-17,1.04264759636e-17,7.72441273773e-18,4.7188656305e-18,2.6947025592e-18,1.16961766972e-18,2.56171140715e-19,3.020588301e-20],"var":[0.0027596373111,3.00058174133,38.8251228333,32.6977119446,29.9608917236,41.1618995667,130.514770508,207.297409058,1646.47717285,1331.27563477,2459.94970703,2043.7644043,5800.49316406,5682.50146484,5757.88378906,7421.9375,6421.59179688,4782.01416016,9579.07421875,4053.53833008,7243.85791016,6974.60498047,2655.07128906,1777.20874023,1099.16015625,372.801422119,288.559906006,334.518218994,893.721679688,100.478759766,85.4450759888,60.5301780701,21.2886924744,5.77458906174,1.43541920185,0.408869385719,0.0697786286473,0.00169960106723,0.00000211241899706,2.74002220912e-9]},"erbbands_crest":{"dmean":3.28526163101,"dmean2":5.27748632431,"dvar":9.67014503479,"dvar2":23.1917667389,"max":30.6205062866,"mean":9.6439447403,"median":8.54539680481,"min":2.30460000038,"var":23.2070617676},"erbbands_flatness_db":{"dmean":0.0231542568654,"dmean2":0.0331306867301,"dvar":0.000476554821944,"dvar2":0.00090649840422,"max":0.328391700983,"mean":0.149271428585,"median":0.145159065723,"min":0.0319650806487,"var":0.0021957133431},"erbbands_kurtosis":{"dmean":1.15563893318,"dmean2":1.82468390465,"dvar":2.35334825516,"dvar2":5.22365093231,"max":24.5420207977,"mean":0.792694568634,"median":0.200967311859,"min":-1.73267173767,"var":4.96294355392},"erbbands_skewness":{"dmean":0.42896053195,"dmean2":0.650780320168,"dvar":0.162893354893,"dvar2":0.359986394644,"max":4.19568395615,"mean":-0.0755596905947,"median":-0.130450502038,"min":-4.23036670685,"var":0.675951063633},"erbbands_spread":{"dmean":10.0403623581,"dmean2":14.942489624,"dvar":108.507843018,"dvar2":229.175064087,"max":133.218215942,"mean":36.5249481201,"median":32.6706581116,"min":2.81045150757,"var":351.351745605},"gfcc":{"cov":[[32073.4257812,1625.25646973,-1480.26660156,537.946472168,-540.694152832,394.872192383,-452.279815674,377.654937744,-184.889297485,-59.1420211792,-411.640777588,-226.560821533,-254.88041687],[1625.25646973,2046.796875,35.7747573853,136.535110474,163.31678772,114.336784363,129.904083252,-58.4639091492,39.4417381287,-178.517242432,40.4259109497,-133.777984619,-8.27557373047],[-1480.26660156,35.7747573853,1041.50634766,227.097747803,225.447494507,81.4993972778,95.3787536621,-12.3611307144,-20.5658779144,26.8389453888,-85.6779785156,-17.3367595673,-57.174331665],[537.946472168,136.535110474,227.097747803,500.485687256,183.047912598,79.5933609009,14.5426216125,34.7307090759,9.41538619995,-57.3146362305,-55.6968040466,-37.0187072754,-25.5039272308],[-540.694152832,163.31678772,225.447494507,183.047912598,311.27432251,111.597358704,92.0326080322,17.6892528534,0.462992548943,-33.8155822754,-37.9481163025,-39.5063591003,-26.9381866455],[394.872192383,114.336784363,81.4993972778,79.5933609009,111.597358704,257.621612549,113.322044373,25.6854457855,0.0882490649819,-4.65972757339,-18.8987617493,-57.1779060364,-27.1224269867],[-452.279815674,129.904083252,95.3787536621,14.5426216125,92.0326080322,113.322044373,179.55380249,42.2057685852,10.2664022446,-14.9167919159,-7.84632587433,-33.171005249,-9.70006656647],[377.654937744,-58.4639091492,-12.3611307144,34.7307090759,17.6892528534,25.6854457855,42.2057685852,128.451965332,56.6787376404,6.72334241867,-16.1836338043,-6.03629827499,-17.5103988647],[-184.889297485,39.4417381287,-20.5658779144,9.41538619995,0.462992548943,0.0882490649819,10.2664022446,56.6787376404,120.799858093,30.229511261,12.3886575699,-6.81747484207,-7.44258403778],[-59.1420211792,-178.517242432,26.8389453888,-57.3146362305,-33.8155822754,-4.65972757339,-14.9167919159,6.72334241867,30.229511261,135.560913086,35.4379882812,15.0743045807,-18.2340888977],[-411.640777588,40.4259109497,-85.6779785156,-55.6968040466,-37.9481163025,-18.8987617493,-7.84632587433,-16.1836338043,12.3886575699,35.4379882812,126.868675232,36.0156555176,16.6153316498],[-226.560821533,-133.777984619,-17.3367595673,-37.0187072754,-39.5063591003,-57.1779060364,-33.171005249,-6.03629827499,-6.81747484207,15.0743045807,36.0156555176,113.402458191,41.9237327576],[-254.88041687,-8.27557373047,-57.174331665,-25.5039272308,-26.9381866455,-27.1224269867,-9.70006656647,-17.5103988647,-7.44258403778,-18.2340888977,16.6153316498,41.9237327576,96.4033584595]],"icov":[[0.0000623577216174,-0.000112487869046,0.000104891383671,-0.0000960273391684,0.000167038844666,-0.000199105619686,0.00027953000972,-0.000357130455086,0.000328287860611,-0.000224783638259,0.000300386716845,-0.0000918918231037,0.00011694974819],[-0.000112487869046,0.000914413889404,-0.000218496104935,0.000117179850349,-0.000422050361522,0.000340835948009,-0.000847652554512,0.00130257103592,-0.00125853309873,0.00147580809426,-0.00123295281082,0.000891922158189,-0.000181629613508],[0.000104891383671,-0.000218496104935,0.00156951171812,-0.000646459229756,-0.000325829343637,-0.0000883493048605,-0.000356348522473,0.000113795271318,0.000702836550772,-0.00130287883803,0.00149424211122,-0.00082981021842,0.000798448687419],[-0.0000960273391684,0.000117179850349,-0.000646459229756,0.00319752213545,-0.00167649996001,-0.000364102917956,0.00117072474677,-0.000476349960081,-0.000744283432141,0.00150364683941,-0.000355709082214,0.000382777187042,-0.000199146976229],[0.000167038844666,-0.000422050361522,-0.000325829343637,-0.00167649996001,0.00593772530556,-0.00143925007433,-0.00098814140074,-0.00055052357493,0.000728696351871,-0.0000761872724979,0.0010874576401,-0.000332169933245,0.000822357193101],[-0.000199105619686,0.000340835948009,-0.0000883493048605,-0.000364102917956,-0.00143925007433,0.00692385062575,-0.00425590062514,0.00114810653031,-0.00028631996247,-0.000363244791515,-0.000925328407902,0.00205650320277,-0.000145418205648],[0.00027953000972,-0.000847652554512,-0.000356348522473,0.00117072474677,-0.00098814140074,-0.00425590062514,0.0114038176835,-0.00524665182456,0.00202731881291,-0.00000540917244507,0.000237681568251,0.000771493301727,-0.00073534209514],[-0.000357130455086,0.00130257103592,0.000113795271318,-0.000476349960081,-0.00055052357493,0.00114810653031,-0.00524665182456,0.0146765317768,-0.00782371591777,0.00197412678972,0.000149359897478,-0.00106086069718,0.00162111606915],[0.000328287860611,-0.00125853309873,0.000702836550772,-0.000744283432141,0.000728696351871,-0.00028631996247,0.00202731881291,-0.00782371591777,0.0139629691839,-0.00459537003189,0.000687983934768,0.000670107838232,-0.000315366487484],[-0.000224783638259,0.00147580809426,-0.00130287883803,0.00150364683941,-0.0000761872724979,-0.000363244791515,-0.00000540917244507,0.00197412678972,-0.00459537003189,0.0124732386321,-0.00462145125493,0.000238393404288,0.00208932603709],[0.000300386716845,-0.00123295281082,0.00149424211122,-0.000355709082214,0.0010874576401,-0.000925328407902,0.000237681568251,0.000149359897478,0.000687983934768,-0.00462145125493,0.0127096436918,-0.00429203687236,0.000429997133324],[-0.0000918918231037,0.000891922158189,-0.00082981021842,0.000382777187042,-0.000332169933245,0.00205650320277,0.000771493301727,-0.00106086069718,0.000670107838232,0.000238393404288,-0.00429203687236,0.0141875557601,-0.0055198543705],[0.00011694974819,-0.000181629613508,0.000798448687419,-0.000199146976229,0.000822357193101,-0.000145418205648,-0.00073534209514,0.00162111606915,-0.000315366487484,0.00208932603709,0.000429997133324,-0.0055198543705,0.0141940824687]],"mean":[-60.6471290588,46.1063117981,-123.042434692,33.8302764893,-57.0359191895,17.2802295685,-41.5261917114,10.9062995911,-24.424943924,10.0908241272,-17.1327552795,4.26675748825,-14.5449352264]},"hfc":{"dmean":8.59867858887,"dmean2":11.5879278183,"dvar":162.959594727,"dvar2":286.614624023,"max":152.371765137,"mean":20.3454437256,"median":10.5730495453,"min":1.12539338471e-16,"var":545.769775391},"melbands":{"dmean":[0.000377050542738,0.000960533390753,0.000397346972022,0.000160125360708,0.0000986889644992,0.00010798357107,0.000186821402167,0.000134946429171,0.000114325295726,0.0000670984372846,0.0000740390387364,0.0000626920300419,0.000045259763283,0.0000547496347281,0.0000436381997133,0.0000361216079909,0.0000388289736293,0.0000459820876131,0.0000378046643164,0.0000218596342165,0.0000280940566881,0.0000278070019704,0.0000162493161042,0.0000121921484606,0.000010965826732,0.00000861498574523,0.00000677234129398,0.00000478963102069,0.00000419679872721,0.00000394361268263,0.00000412091185353,0.00000306671904582,0.00000193595406017,0.00000169475424627,0.00000187513444416,0.00000159949070166,0.00000137485494633,0.00000104253547306,9.20607931221e-7,6.51166374155e-7],"dmean2":[0.000615832395852,0.00150346674491,0.000644005078357,0.000270398217253,0.000159552044352,0.000171257022885,0.00030653050635,0.000217680251808,0.000183039854164,0.00010622816626,0.000108956992335,0.0000929827583604,0.0000691921668476,0.0000808427721495,0.000065741907747,0.0000552477758902,0.0000603558510193,0.0000709329979145,0.0000579764891881,0.0000343413812516,0.000042250216211,0.000042684845539,0.0000251482706517,0.0000189191141544,0.00001706473995,0.0000133458324854,0.0000101847845144,0.00000737442405807,0.0000063628431235,0.00000596052541368,0.00000622094876235,0.00000448509263151,0.00000283194071926,0.00000248688093052,0.00000274983790405,0.00000235738025367,0.0000020539785055,0.00000151986591845,0.00000135229322495,9.4803385764e-7],"dvar":[0.00000121134223718,0.00000885344434209,8.63383320393e-7,2.11630705849e-7,5.67111761995e-8,6.77621514455e-8,2.30489220598e-7,1.18357121437e-7,1.14810084995e-7,6.67307418212e-8,6.91092338911e-8,4.28185522594e-8,2.308324909e-8,3.47314674798e-8,3.16976631609e-8,2.5728937203e-8,1.50451029413e-8,2.03935250909e-8,1.28672112965e-8,4.1548515739e-9,6.57807275317e-9,5.47834710929e-9,2.42517206317e-9,1.8816566083e-9,8.09485756204e-10,5.06334751904e-10,2.10857012406e-10,8.45725225962e-11,8.70163038846e-11,6.85726683769e-11,7.81035028319e-11,9.63563465128e-11,2.57130480102e-11,1.17902033622e-11,1.43155470117e-11,1.49435464003e-11,1.14572578855e-11,5.90946649254e-12,4.30677845817e-12,1.8904318215e-12],"dvar2":[0.00000305835351355,0.0000202316332434,0.00000220307492782,5.72426699819e-7,1.41039464552e-7,1.63302161127e-7,5.69069641188e-7,2.96767780128e-7,2.99806430348e-7,1.67873793089e-7,1.4275877902e-7,8.82676047809e-8,4.83216489044e-8,6.61812791236e-8,6.86413983431e-8,5.93052433828e-8,3.7310162071e-8,4.77244910257e-8,2.86652497294e-8,1.01220480886e-8,1.42146747706e-8,1.20771481704e-8,5.92497650942e-9,4.52460424682e-9,1.90583815396e-9,1.24088606057e-9,4.44039166547e-10,1.94191801528e-10,1.96677549247e-10,1.52891324601e-10,1.83551604471e-10,1.90612498008e-10,5.64022648031e-11,2.3743089092e-11,2.92358047493e-11,3.17176181153e-11,2.49102301286e-11,1.26613112356e-11,9.73686409278e-12,4.01453002785e-12],"max":[0.01336618606,0.0326988212764,0.0116027193144,0.0117670288309,0.00603944947943,0.00574004743248,0.00806867238134,0.00604968843982,0.00765673117712,0.0118567943573,0.00912146270275,0.00651528500021,0.00470796739683,0.00597152160481,0.00871307961643,0.00832730904222,0.0034047155641,0.00355165055953,0.00229340442456,0.00142715102993,0.00144965096842,0.00237818085589,0.00138364732265,0.00149558996782,0.000545870978385,0.00058726221323,0.000512633356266,0.00014240766177,0.000327653135173,0.000223823662964,0.000260813132627,0.000693649752066,0.000253075006185,0.000102658203105,0.000089445951744,0.000109744629299,0.0000941991893342,0.0000551258672203,0.0000482418472529,0.0000338801946782],"mean":[0.000473287334898,0.00109333847649,0.000507573306095,0.000179999799002,0.000141520940815,0.000151252592332,0.00024298223434,0.000164835088071,0.00013267272152,0.0000889713628567,0.000109397478809,0.0000945810752455,0.0000633709641988,0.0000825521346997,0.0000695274138707,0.0000492057733936,0.0000509350757056,0.0000639031713945,0.0000531798359589,0.0000275597485597,0.0000392933798139,0.0000407236875617,0.0000220227484533,0.0000169153408933,0.0000157849190145,0.000012575996152,0.0000117472018246,0.0000071878421295,0.00000658376120555,0.00000577824675929,0.00000608896789345,0.00000556964459975,0.00000306599849864,0.00000266156735051,0.00000284338761958,0.00000244307875619,0.00000207156290344,0.00000161125410614,0.00000133823436954,9.48909303133e-7],"median":[0.000118715572171,0.000243462403887,0.00010231496708,0.0000495516214869,0.0000361522943422,0.0000352772221959,0.0000309431634378,0.0000231207886827,0.0000175036129804,0.00000813120277599,0.00000876164176589,0.0000120133827295,0.00000946361433307,0.00000927633391257,0.0000116990604511,0.00000783537143434,0.0000106078932731,0.00000936259766604,0.00000764183823776,0.00000628263251201,0.00000684821407049,0.00000869117684488,0.00000581480526307,0.00000371415490008,0.00000367711731997,0.00000376710863748,0.00000346707747667,0.00000237335711972,0.00000228902786148,0.00000198405405172,0.00000190135995126,0.00000105127230654,8.37745517401e-7,8.4044330606e-7,9.1363131105e-7,6.8120391461e-7,5.27905285708e-7,3.89962195868e-7,3.12071620101e-7,2.2310911163e-7],"min":[1.87713219208e-24,1.5983335626e-24,4.39112007599e-24,3.1953769432e-24,3.46083337097e-24,3.01095388533e-24,3.58559448414e-24,1.37907894311e-24,3.01303825306e-24,2.98454933033e-24,2.76691700329e-24,3.25659767704e-24,3.93482675676e-24,2.78922382032e-24,4.09416443227e-24,4.26574680675e-24,5.15390321183e-24,4.10486217501e-24,6.16534713792e-24,5.5243700423e-24,3.15213178559e-24,3.47841747498e-24,4.73584164195e-24,3.86710383691e-24,3.84613906949e-24,7.4705135613e-24,5.15022002027e-24,5.14678768647e-24,3.2000929509e-24,5.12899335103e-24,4.90298982928e-24,5.85648876643e-24,7.00818821716e-24,5.45403914829e-24,5.53054563989e-24,5.04291008804e-24,7.67513303607e-24,6.49236666517e-24,7.07722695701e-24,8.56045348619e-24],"var":[0.00000109067207177,0.00000897761492524,8.99719850622e-7,1.75901647026e-7,1.11453843488e-7,1.13954634173e-7,3.88582435562e-7,1.76705725607e-7,1.40891415867e-7,1.16750840107e-7,1.57373648335e-7,1.07688954643e-7,4.90351546034e-8,8.23258758942e-8,6.39919122136e-8,3.76199871255e-8,2.04459489339e-8,3.31043032986e-8,2.28772396582e-8,5.48968337455e-9,1.22593073471e-8,1.12686633358e-8,3.31866623071e-9,2.25807306187e-9,1.34310862432e-9,7.18172021852e-10,7.05440150739e-10,1.47478418366e-10,1.55079879494e-10,1.08119728448e-10,1.38513311931e-10,5.97051408313e-10,7.95160673417e-11,2.6101995565e-11,2.93757240755e-11,3.01968970662e-11,2.21901576974e-11,1.19593406359e-11,7.18278604997e-12,3.31629515515e-12]},"melbands_crest":{"dmean":3.71358823776,"dmean2":5.94197320938,"dvar":12.3515300751,"dvar2":28.9250831604,"max":32.1145896912,"mean":12.4940090179,"median":11.4913673401,"min":1.00209522247,"var":30.7952156067},"melbands_flatness_db":{"dmean":0.0296762529761,"dmean2":0.0435600541532,"dvar":0.000842049252242,"dvar2":0.00169675063808,"max":0.494990736246,"mean":0.144159793854,"median":0.139939084649,"min":-2.15716070784e-7,"var":0.00403236225247},"melbands_kurtosis":{"dmean":6.29530715942,"dmean2":9.81551837921,"dvar":207.444961548,"dvar2":474.443969727,"max":321.769348145,"mean":7.96162176132,"median":2.58209562302,"min":-1.88961482048,"var":309.039398193},"melbands_skewness":{"dmean":0.844132900238,"dmean2":1.24663388729,"dvar":0.945002913475,"dvar2":1.89750540257,"max":14.9076023102,"mean":1.87170994282,"median":1.54036808014,"min":-2.93095564842,"var":3.01796913147},"melbands_spread":{"dmean":13.8433599472,"dmean2":21.0797996521,"dvar":247.318130493,"dvar2":520.635681152,"max":265.499237061,"mean":43.0918884277,"median":35.6435127258,"min":0.521727144718,"var":923.999023438},"mfcc":{"cov":[[18142.2128906,1586.61071777,-327.180725098,310.301208496,240.333175659,97.7811126709,2.30963301659,220.275924683,107.613479614,239.201538086,14.6379947662,-20.406791687,-64.7887878418],[1586.61071777,1714.73669434,102.247329712,116.810325623,63.2739868164,153.074676514,95.0575485229,109.659568787,-11.247792244,23.9004192352,25.0500431061,-8.10305690765,-47.9841918945],[-327.180725098,102.247329712,600.389587402,177.709838867,132.655151367,122.476676941,76.5232467651,21.8056507111,57.7164497375,12.6497058868,14.951499939,12.350610733,-16.4697952271],[310.301208496,116.810325623,177.709838867,384.668823242,179.934677124,73.2239685059,34.7824478149,67.0437088013,46.9958000183,-7.44797182083,-1.91348338127,8.51806163788,-3.80616879463],[240.333175659,63.2739868164,132.655151367,179.934677124,230.321975708,103.148704529,58.0536270142,58.3872299194,46.9791107178,26.0205955505,8.83076000214,-0.159994468093,-3.4701333046],[97.7811126709,153.074676514,122.476676941,73.2239685059,103.148704529,219.432952881,115.996704102,51.3452568054,38.2045860291,39.9065132141,19.5761928558,-14.1383152008,-16.0522251129],[2.30963301659,95.0575485229,76.5232467651,34.7824478149,58.0536270142,115.996704102,188.911010742,62.9112739563,32.9766387939,34.1233024597,11.4617338181,-9.04489994049,-10.3563089371],[220.275924683,109.659568787,21.8056507111,67.0437088013,58.3872299194,51.3452568054,62.9112739563,160.051055908,65.6183395386,18.4395980835,15.8712825775,-0.109976351261,-7.17826652527],[107.613479614,-11.247792244,57.7164497375,46.9958000183,46.9791107178,38.2045860291,32.9766387939,65.6183395386,128.490982056,56.3865089417,15.1591930389,-10.155175209,-9.41217041016],[239.201538086,23.9004192352,12.6497058868,-7.44797182083,26.0205955505,39.9065132141,34.1233024597,18.4395980835,56.3865089417,118.049133301,52.0210876465,-4.34259080887,-4.73577451706],[14.6379947662,25.0500431061,14.951499939,-1.91348338127,8.83076000214,19.5761928558,11.4617338181,15.8712825775,15.1591930389,52.0210876465,106.008506775,44.2301864624,4.87323045731],[-20.406791687,-8.10305690765,12.350610733,8.51806163788,-0.159994468093,-14.1383152008,-9.04489994049,-0.109976351261,-10.155175209,-4.34259080887,44.2301864624,99.7915039062,43.7332763672],[-64.7887878418,-47.9841918945,-16.4697952271,-3.80616879463,-3.4701333046,-16.0522251129,-10.3563089371,-7.17826652527,-9.41217041016,-4.73577451706,4.87323045731,43.7332763672,85.7668457031]],"icov":[[0.0000657949640299,-0.0000593172990193,0.0000635715914541,-0.0000455241497548,-0.000049621819926,0.0000172372183442,0.0000552378114662,-0.0000433055647591,0.0000193731357285,-0.000196002059965,0.000116135677672,-0.0000681522215018,0.0000504228628415],[-0.0000593172990193,0.000730090774596,-0.000105940176581,-0.000142777935253,0.000258174783085,-0.000434562156443,-0.00000806074240245,-0.000501547474414,0.000573527766392,-0.0000991924098344,-0.0000428216117143,-0.0000527948141098,0.000309955648845],[0.0000635715914541,-0.000105940176581,0.00230548274703,-0.00070625427179,-0.000466935045552,-0.000693416863214,-0.000380321813282,0.000907453242689,-0.00101707130671,0.000420074968133,-0.0000685564300511,-0.000636504846625,0.00052151910495],[-0.0000455241497548,-0.000142777935253,-0.00070625427179,0.00465356791392,-0.00321522261947,0.000256274652202,0.000397914380301,-0.000647186825518,-0.000668724882416,0.00139413808938,0.000031412095268,-0.000294420722639,0.0000203191648325],[-0.000049621819926,0.000258174783085,-0.000466935045552,-0.00321522261947,0.00857608113438,-0.00250694784336,0.0000468148136861,-0.000961480138358,-0.00000725046629668,-0.00126053858548,0.000531323079485,-0.000129933570861,-0.000356760458089],[0.0000172372183442,-0.000434562156443,-0.000693416863214,0.000256274652202,-0.00250694784336,0.00865861494094,-0.00389071926475,0.000131849490572,-0.0000753775530029,-0.00058498227736,-0.00103368994314,0.00129935063887,0.0000640801008558],[0.0000552378114662,-0.00000806074240245,-0.000380321813282,0.000397914380301,0.0000468148136861,-0.00389071926475,0.00872306432575,-0.00262690079398,0.000841712055262,-0.00171546661295,0.00104293273762,-0.000261308072368,0.000160624957061],[-0.0000433055647591,-0.000501547474414,0.000907453242689,-0.000647186825518,-0.000961480138358,0.000131849490572,-0.00262690079398,0.0102163953707,-0.00540474429727,0.00276567670517,-0.00181583024096,0.0000652358430671,-0.0000146390411828],[0.0000193731357285,0.000573527766392,-0.00101707130671,-0.000668724882416,-0.00000725046629668,-0.0000753775530029,0.000841712055262,-0.00540474429727,0.0139872096479,-0.00700862985104,0.00204608985223,0.000211298669456,0.000669387460221],[-0.000196002059965,-0.0000991924098344,0.000420074968133,0.00139413808938,-0.00126053858548,-0.00058498227736,-0.00171546661295,0.00276567670517,-0.00700862985104,0.0168702043593,-0.00899179652333,0.00430268747732,-0.00171786220744],[0.000116135677672,-0.0000428216117143,-0.0000685564300511,0.000031412095268,0.000531323079485,-0.00103368994314,0.00104293273762,-0.00181583024096,0.00204608985223,-0.00899179652333,0.01769631356,-0.00956777948886,0.00345523143187],[-0.0000681522215018,-0.0000527948141098,-0.000636504846625,-0.000294420722639,-0.000129933570861,0.00129935063887,-0.000261308072368,0.0000652358430671,0.000211298669456,0.00430268747732,-0.00956777948886,0.018499776721,-0.00863327085972],[0.0000504228628415,0.000309955648845,0.00052151910495,0.0000203191648325,-0.000356760458089,0.0000640801008558,0.000160624957061,-0.0000146390411828,0.000669387460221,-0.00171786220744,0.00345523143187,-0.00863327085972,0.0161722581834]],"mean":[-692.099243164,77.8368835449,-6.86924028397,18.3462677002,4.01553535461,6.82328605652,-1.82674837112,0.272653251886,-1.6396727562,1.58886158466,-0.822740256786,4.62053012848,0.791976928711]},"pitch_salience":{"dmean":0.0791561380029,"dmean2":0.125896185637,"dvar":0.00549996318296,"dvar2":0.0133746098727,"max":0.996064543724,"mean":0.555283486843,"median":0.558459639549,"min":0.106674440205,"var":0.0136974630877},"silence_rate_20dB":{"dmean":0,"dmean2":0,"dvar":0,"dvar2":0,"max":1,"mean":1,"median":1,"min":1,"var":0},"silence_rate_30dB":{"dmean":0.000747384154238,"dmean2":0.00149495457299,"dvar":0.000746767560486,"dvar2":0.00223996466957,"max":1,"mean":0.999626338482,"median":1,"min":0,"var":0.000373545801267},"silence_rate_60dB":{"dmean":0.0677628293633,"dmean2":0.135542541742,"dvar":0.0631646588445,"dvar2":0.134370446205,"max":1,"mean":0.261800974607,"median":0,"min":0,"var":0.193255513906},"spectral_centroid":{"dmean":343.200378418,"dmean2":515.328857422,"dvar":140892.828125,"dvar2":274890.625,"max":11352.0107422,"mean":2023.36755371,"median":1959.62353516,"min":150.693664551,"var":923181.125},"spectral_complexity":{"dmean":4.40284013748,"dmean2":6.00797319412,"dvar":32.3891830444,"dvar2":52.7413139343,"max":59,"mean":13.7888898849,"median":12,"min":0,"var":124.304992676},"spectral_contrast_coeffs":{"dmean":[0.0488790981472,0.0549693256617,0.0427247062325,0.036296710372,0.0258595272899,0.0195204634219],"dmean2":[0.077873505652,0.088380433619,0.0670808181167,0.0572473406792,0.0401782952249,0.030370702967],"dvar":[0.00174929306377,0.00208164169453,0.00130057765637,0.000944025872741,0.000508352182806,0.000281837361399],"dvar2":[0.00414579594508,0.00512761808932,0.00281215086579,0.00216686283238,0.00110180524644,0.000652201182675],"max":[-0.309779912233,-0.3392393291,-0.430651277304,-0.534337282181,-0.589790701866,-0.560786962509],"mean":[-0.688674747944,-0.742628991604,-0.777446627617,-0.77169752121,-0.788835346699,-0.76879543066],"median":[-0.68874579668,-0.753937780857,-0.789636313915,-0.778725326061,-0.793704032898,-0.767517447472],"min":[-0.975579798222,-0.997254312038,-0.998371958733,-0.988733112812,-0.989346265793,-0.964937865734],"var":[0.00713446456939,0.00836906675249,0.00703813042492,0.00473738322034,0.00318180955946,0.00194847153034]},"spectral_contrast_valleys":{"dmean":[0.515240371227,0.494867146015,0.457652807236,0.393767416477,0.358200609684,0.434773445129],"dmean2":[0.773632109165,0.74339312315,0.667752325535,0.555672287941,0.477866381407,0.541608095169],"dvar":[0.261412739754,0.206749975681,0.182238921523,0.151036798954,0.141034349799,0.198865696788],"dvar2":[0.50304633379,0.417015731335,0.355663865805,0.251553267241,0.211208447814,0.304615318775],"max":[-5.43252468109,-4.63251781464,-5.20642328262,-5.54755926132,-5.34231901169,-7.65931272507],"mean":[-8.497797966,-7.71032476425,-8.27914619446,-8.26191139221,-7.98679971695,-10.2499027252],"median":[-7.89810419083,-7.30000209808,-7.88005113602,-7.85966396332,-7.59169816971,-9.92952823639],"min":[-27.7198886871,-27.6976318359,-27.5586280823,-27.6802177429,-27.4602127075,-27.3616542816],"var":[4.36953687668,3.86505699158,3.69026637077,3.63320302963,3.57132577896,3.28487348557]},"spectral_decrease":{"dmean":1.93347471367e-9,"dmean2":2.80219247806e-9,"dvar":1.20465679231e-17,"dvar2":2.50040850394e-17,"max":1.31446650755e-19,"mean":-3.79894427027e-9,"median":-2.31550467689e-9,"min":-3.4758080858e-8,"var":2.21036109631e-17},"spectral_energy":{"dmean":0.00796711817384,"dmean2":0.0114332875237,"dvar":0.000193386294995,"dvar2":0.000395879411371,"max":0.140128076077,"mean":0.0161835551262,"median":0.0100462781265,"min":1.03638783728e-20,"var":0.000375615258235},"spectral_energyband_high":{"dmean":0.000578067731112,"dmean2":0.000788721430581,"dvar":9.27389805838e-7,"dvar2":0.00000168408314494,"max":0.0171272549778,"mean":0.00109615724068,"median":0.000381876830943,"min":7.25051918119e-21,"var":0.00000270827445092},"spectral_energyband_low":{"dmean":0.00374391768128,"dmean2":0.00573311466724,"dvar":0.000108341853775,"dvar2":0.000241749468842,"max":0.11170437932,"mean":0.00484358239919,"median":0.00144248292781,"min":2.72269093659e-23,"var":0.000118487820146},"spectral_energyband_middle_high":{"dmean":0.00239878031425,"dmean2":0.00336372363381,"dvar":0.0000179191556526,"dvar2":0.0000332698691636,"max":0.0759115442634,"mean":0.00567212188616,"median":0.00208967365324,"min":1.29695245654e-21,"var":0.0000688002837705},"spectral_energyband_middle_low":{"dmean":0.00325210113078,"dmean2":0.00508231110871,"dvar":0.0000339811413141,"dvar2":0.0000835557439132,"max":0.0829422399402,"mean":0.00533524388447,"median":0.0027194917202,"min":1.72069054328e-22,"var":0.0000533333404746},"spectral_entropy":{"dmean":0.181856796145,"dmean2":0.261398464441,"dvar":0.0325131304562,"dvar2":0.0607431381941,"max":9.82228088379,"mean":7.83180427551,"median":7.84786748886,"min":5.72403287888,"var":0.164349794388},"spectral_flux":{"dmean":0.0255891829729,"dmean2":0.0392800234258,"dvar":0.00109705561772,"dvar2":0.00243051000871,"max":0.339140117168,"mean":0.0721669793129,"median":0.0597365871072,"min":6.54348450424e-11,"var":0.00305929314345},"spectral_kurtosis":{"dmean":1.02240145206,"dmean2":1.64128828049,"dvar":1.2112749815,"dvar2":3.1698589325,"max":28.5145149231,"mean":3.36004400253,"median":3.12905311584,"min":-1.24494743347,"var":3.00042200089},"spectral_rms":{"dmean":0.000843685760628,"dmean2":0.00114201637916,"dvar":0.00000127956536744,"dvar2":0.00000231098829317,"max":0.0116923190653,"mean":0.0032962623518,"median":0.00313069438562,"min":3.17979561952e-12,"var":0.00000492345589009},"spectral_rolloff":{"dmean":872.799438477,"dmean2":1384.02026367,"dvar":1562027,"dvar2":3133178,"max":19659.8144531,"mean":3063.57617188,"median":2325.5859375,"min":86.1328125,"var":7965668.5},"spectral_skewness":{"dmean":0.16960953176,"dmean2":0.26170283556,"dvar":0.0267053879797,"dvar2":0.0607273206115,"max":4.10703134537,"mean":1.37849080563,"median":1.36016011238,"min":-0.166234999895,"var":0.104974865913},"spectral_spread":{"dmean":659808.375,"dmean2":936565.5625,"dvar":741369905152,"dvar2":1379477749760,"max":41781864,"mean":5376153.5,"median":4994552.5,"min":2237461.25,"var":5483687575550},"spectral_strongpeak":{"dmean":0.75431907177,"dmean2":1.25452756882,"dvar":1.52642059326,"dvar2":3.72415709496,"max":25.9822807312,"mean":1.19522547722,"median":0.463709652424,"min":0,"var":3.20138978958},"zerocrossingrate":{"dmean":0.0172886718065,"dmean2":0.0195906199515,"dvar":0.000356677279342,"dvar2":0.000417072034907,"max":0.51708984375,"mean":0.106067165732,"median":0.0888671875,"min":0.0068359375,"var":0.0048733856529}},"metadata":{"audio_properties":{"analysis_sample_rate":44100,"bit_rate":128000,"codec":"mp3","downmix":"mix","equal_loudness":0,"length":186.409790039,"lossless":false,"md5_encoded":"d7249c2b5f3c0ea394799448d97a18c2","replay_gain":-11.5995597839,"sample_rate":44100},"tags":{"album":["Soulsation! (CD 3)"],"artist":["The Jackson 5"],"asin":["B000001A8H"],"barcode":["731453048928"],"bpm":["119"],"composer":["Fonce Mizell/Larry Mizell"],"date":["1976"],"discnumber":["3/4"],"encodedby":["iTunes v7.1.1.5"],"file_name":"copy5814164114480088946.mp3","genre":["R&B"],"initialkey":["Ebm"],"isrc":["USMO17682641"],"mood":["funk"],"musicbrainz_recordingid":["cd80fe55-50b8-4256-b90d-f968651ed35a"],"musicip_puid":["4fc848c0-bb89-9bf2-48e6-968bd82f6471"],"title":["Love Is The Thing You Need"],"tracknumber":["14/19"]},"version":{"essentia":"2.1-beta2","essentia_build_sha":"cead25079874084f62182a551b7393616cd33d87","essentia_git_sha":"v2.1_beta2-1-ge3940c0","extractor":"music 1.0"}},"rhythm":{"beats_count":367,"beats_loudness":{"dmean":0.0221774298698,"dmean2":0.0399187020957,"dvar":0.000329441740178,"dvar2":0.00103276025038,"max":0.0978832021356,"mean":0.032094899565,"median":0.0299073923379,"min":7.47916173438e-11,"var":0.000523295719177},"beats_loudness_band_ratio":{"dmean":[0.354107379913,0.072823703289,0.148202672601,0.127704128623,0.149382799864,0.0951785296202],"dmean2":[0.667777299881,0.127868071198,0.264864325523,0.23425231874,0.269615769386,0.17050909996],"dvar":[0.0596620962024,0.00762765528634,0.0159624423832,0.0163663309067,0.0158653985709,0.0131194591522],"dvar2":[0.203951776028,0.022066315636,0.0489227771759,0.0462266951799,0.0468896515667,0.0409433171153],"max":[0.8975510001