{"lowlevel":{"average_loudness":0.853443205357,"barkbands":{"dmean":[0.00000148758920204,0.000950174813624,0.000874157296494,0.000684898055624,0.00117141776718,0.000574500882067,0.000709700980224,0.000248214026215,0.000184486445505,0.0000720029129297,0.0000912907926249,0.0000695332128089,0.000053893912991,0.0000527930824319,0.0000833184021758,0.0000693839319865,0.0000849212883622,0.0000562038549106,0.000277864688542,0.000218404704356,0.0000463241558464,0.0000350390182575,0.00000775867192715,0.00000163590334523,1.80890594947e-7,1.55543045111e-8,3.41215988797e-9],"dmean2":[0.00000251079018199,0.00150716339704,0.00136101455428,0.00106676621363,0.00185265054461,0.000941126840189,0.00112948613241,0.000381744728656,0.000277898099739,0.00011081595585,0.000139330615639,0.000109522545245,0.0000829098571558,0.0000819694905658,0.000132372253574,0.000112521738629,0.000134529487696,0.0000871328593348,0.000413256755564,0.00032711197855,0.0000664460094413,0.0000498160698044,0.0000113358046292,0.00000238574989453,2.6723014912e-7,2.24335678922e-8,5.5333200244e-9],"dvar":[8.96168816239e-12,0.00000368879636881,0.00000268456369668,0.00000185587316537,0.00000364219499716,0.00000117563547519,0.00000277304638985,6.79334334563e-7,5.27394831806e-7,8.17234351302e-8,3.80850764259e-7,3.14385715683e-7,9.37078468155e-8,6.12181452198e-8,1.97765160692e-7,8.85907667225e-8,8.79017605371e-8,5.78989904909e-8,0.00000115910120257,8.18469800379e-7,2.58108485696e-8,1.56511514859e-8,5.48713074977e-10,2.82941673563e-11,4.79661178398e-13,3.56454757611e-15,2.64753663796e-17],"dvar2":[2.17326018292e-11,0.00000801912119641,0.00000628677116765,0.0000041706639422,0.00000903268482944,0.0000030979854273,0.00000630087606623,0.00000144171576721,0.00000115281670787,1.9402584428e-7,8.19061369839e-7,7.4037302511e-7,1.85832817579e-7,1.4007726179e-7,4.56793088688e-7,2.27633620398e-7,1.97194069074e-7,1.23458903545e-7,0.00000249858612733,0.00000175204718289,5.07390147675e-8,3.03515257372e-8,1.07945663519e-9,6.14794673504e-11,1.01567246367e-12,6.40157474217e-15,5.61151982192e-17],"max":[0.0000647099368507,0.0274322349578,0.0196638740599,0.0263065509498,0.0364770032465,0.0165408961475,0.0368960425258,0.0310691557825,0.024776391685,0.00733893411234,0.0232459940016,0.021941723302,0.014482925646,0.00982315838337,0.0147217903286,0.0121406316757,0.0127355447039,0.0124566433951,0.0334074012935,0.027308607474,0.00568193383515,0.00395478494465,0.000969068089034,0.000150665218825,0.0000223706920224,0.00000448959553978,1.63714673818e-7],"mean":[0.00000180482800261,0.0014425162226,0.00128251081333,0.00092978856992,0.0018046668265,0.000926971843001,0.00120223709382,0.000418983516283,0.000319773767842,0.000117632742331,0.000128580897581,0.000087469117716,0.0000847581904964,0.0000699690281181,0.000121633587696,0.000103349804704,0.000119568074297,0.0000857025734149,0.000522989605088,0.000399302050937,0.0000880545849213,0.0000649614012218,0.0000129970048874,0.00000277827962236,2.59998557794e-7,5.16431164499e-8,1.97981311345e-8],"median":[8.92398816177e-7,0.000247464049608,0.000316815916449,0.000248926808126,0.000910928472877,0.000402683624998,0.000297741295071,0.000123720266856,0.0000647458437015,0.0000241582984017,0.0000144997320604,0.0000064032337832,0.00000714172074368,0.00000638382653051,0.00000585689667787,0.00000577530408918,0.0000110389119072,0.00000390366312786,0.00000331181513502,0.00000142155602134,4.81640370253e-7,2.56536793586e-7,1.0696499686e-7,3.08846885844e-8,1.84029147476e-8,3.06706411379e-8,1.87620639025e-8],"min":[4.59237890469e-25,2.66745525099e-24,2.31340387641e-25,3.74748619544e-25,1.43056832827e-23,4.22603752093e-24,1.16070989888e-23,9.74991846947e-24,1.26520044223e-23,1.46823217665e-23,1.27969465696e-23,2.23082480258e-23,3.08026612325e-23,4.14979963647e-23,2.78521163431e-23,6.00742633548e-23,6.75668389891e-23,9.92851941831e-23,1.32271185743e-22,1.69327188392e-22,2.16784757527e-22,3.41631399001e-22,3.08102311417e-22,5.67762706751e-22,8.98867040961e-22,1.25200934683e-21,2.04220331338e-21],"var":[1.17383212525e-11,0.00000793948402134,0.00000470623717774,0.00000355758265869,0.00000593772665525,0.00000201764987651,0.00000662990896672,0.00000191723188436,0.00000131879664877,1.82399247706e-7,6.7666024961e-7,4.34517517078e-7,2.37043778384e-7,1.07640374836e-7,3.70765093294e-7,2.01573300274e-7,1.98614813485e-7,1.50286425082e-7,0.0000040143941078,0.00000236604591919,8.90347564564e-8,5.11347444387e-8,1.45977108179e-9,7.59896590097e-11,9.42433197454e-13,1.64793919071e-14,1.06107221733e-16]},"barkbands_crest":{"dmean":2.65210366249,"dmean2":4.37939310074,"dvar":5.09760904312,"dvar2":13.2976989746,"max":25.6609897614,"mean":10.7856912613,"median":10.2841033936,"min":2.97409820557,"var":12.5031051636},"barkbands_flatness_db":{"dmean":0.0263012684882,"dmean2":0.0394288673997,"dvar":0.000621129758656,"dvar2":0.00136711390223,"max":0.480498760939,"mean":0.234888255596,"median":0.235247910023,"min":0.0418444462121,"var":0.00512042827904},"barkbands_kurtosis":{"dmean":4.76112747192,"dmean2":7.60158491135,"dvar":89.7621154785,"dvar2":230.434936523,"max":305.879577637,"mean":8.45730781555,"median":5.70940446854,"min":-1.8813637495,"var":161.878356934},"barkbands_skewness":{"dmean":0.682281672955,"dmean2":1.06266856194,"dvar":0.483796030283,"dvar2":1.17103004456,"max":16.0892696381,"mean":1.75758755207,"median":1.72911512852,"min":-3.4051926136,"var":2.01657485962},"barkbands_spread":{"dmean":3.73758649826,"dmean2":5.77449274063,"dvar":33.0360412598,"dvar2":72.4268875122,"max":77.4864578247,"mean":11.8394622803,"median":5.80471324921,"min":0.466801404953,"var":164.913146973},"dissonance":{"dmean":0.0288229882717,"dmean2":0.0477427132428,"dvar":0.000822101021186,"dvar2":0.00216032192111,"max":0.5,"mean":0.435368835926,"median":0.447138726711,"min":0.159587919712,"var":0.00237714452669},"dynamic_complexity":5.83437108994,"erbbands":{"dmean":[0.00858466979116,0.276207745075,1.07689392567,1.32681310177,3.84913778305,3.37166643143,5.2772436142,4.30682897568,9.31478500366,9.1617898941,3.36045527458,4.3504858017,2.63833546638,2.01140856743,4.1821269989,2.20732307434,2.20380210876,2.38008928299,3.75026416779,3.37134313583,4.07576179504,4.07624483109,3.36011433601,5.93007898331,18.0722789764,8.66833305359,2.24926757813,1.77751135826,1.38420927525,0.50531733036,0.202867820859,0.0688528716564,0.0136131187901,0.0032706791535,0.000766654789913,0.000120354299725,0.0000288196733891,0.00000669609471515,0.00000248382207246,0.00000460580986328],"dmean2":[0.0143034476787,0.434654951096,1.65070950985,2.04403781891,6.18676614761,5.35417318344,8.41543865204,6.93833208084,15.0403499603,14.0094041824,5.30689525604,6.55252408981,4.02003002167,3.00842905045,6.16547012329,3.31370949745,3.39934420586,3.68985366821,5.70302724838,5.36919403076,6.45931720734,6.37463998795,5.19976949692,8.74112033844,26.9502735138,12.5862627029,3.16194176674,2.48544216156,1.98793649673,0.712692439556,0.295278131962,0.0990309342742,0.019760388881,0.00479949824512,0.00111534656025,0.00017043245316,0.0000416150942328,0.000010089926036,0.000003421595693,0.00000642155328023],"dvar":[0.000288018694846,0.306028217077,4.08557033539,5.65075731277,50.9712753296,29.4415206909,123.997505188,82.9487838745,578.417663574,773.739013672,104.758499146,375.307281494,106.872932434,66.1746139526,1083.47924805,149.456329346,145.733932495,96.9765014648,447.706390381,277.58013916,275.891906738,188.952194214,227.58265686,599.815979004,4830.63769531,1306.00610352,52.6814041138,44.4132957458,25.6840553284,2.53468418121,0.346254467964,0.0516124255955,0.00194649863988,0.000145954007166,0.00000794997140474,1.93780238078e-7,1.0110730031e-8,2.20315474198e-10,1.25996912556e-11,3.63104893375e-11],"dvar2":[0.000684614002239,0.665257811546,9.330493927,12.878153801,128.428817749,73.4142150879,306.305084229,205.6275177,1251.97619629,1720.92590332,261.448822021,831.371643066,247.54473877,149.702423096,2250.1394043,335.216186523,302.735992432,227.410964966,953.569641113,669.441894531,664.208618164,405.913269043,464.309112549,1368.26196289,10148.8027344,2654.07421875,100.175033569,80.6792907715,48.5878562927,4.89900112152,0.739556074142,0.111539267004,0.00413988996297,0.000302233471302,0.0000169513259607,3.52661402303e-7,2.11637729564e-8,4.11695455504e-10,2.27830011801e-11,6.97323379595e-11],"max":[0.257848054171,8.0090675354,24.2583827972,41.0542640686,127.505973816,86.3989257813,202.683700562,184.948394775,653.654785156,1091.28308105,256.634216309,768.84753418,337.454772949,336.739074707,1167.63464355,407.51159668,537.81842041,254.59262085,868.746582031,886.785949707,762.920043945,547.371582031,818.827941895,837.542053223,1857.23364258,1212.22021484,188.451004028,227.703674316,185.48348999,39.4356384277,15.6108808517,6.68483114243,1.12296164036,0.357921898365,0.0939017087221,0.026335246861,0.00730711827055,0.000650270259939,0.0000859412466525,0.0000880312800291],"mean":[0.0126584433019,0.423481762409,1.66721713543,2.01103925705,5.14020776749,5.19480609894,8.05106735229,7.3482542038,15.629275322,16.6332378387,6.03673553467,7.36968803406,4.93082332611,3.40108275414,5.9511256218,3.33471751213,3.70278573036,3.75933647156,5.84104537964,5.4522485733,6.49601650238,6.32716560364,5.23533582687,10.8248682022,35.8826293945,17.4246425629,4.58062458038,3.39967441559,2.60849523544,0.898472011089,0.335883826017,0.120203182101,0.0219048280269,0.00472895335406,0.00121389038395,0.000287870352622,0.0000969902685029,0.000028511041819,0.00000937106506171,0.0000126112317957],"median":[0.00437612365931,0.0699659213424,0.374357134104,0.820542812347,1.88440454006,2.72338366508,3.09034109116,3.3268289566,4.23230314255,4.4014134407,2.5258603096,1.54922199249,0.981726169586,0.758016943932,0.510151982307,0.279050201178,0.335991472006,0.44314467907,0.295926600695,0.336255580187,0.454150080681,0.584879696369,0.27011936903,0.186496734619,0.136278226972,0.0676948428154,0.0270159691572,0.0163440760225,0.0101130632684,0.00548553746194,0.00270449928939,0.00103467248846,0.00036037756945,0.00018889864441,0.000152789871208,0.000111345420009,0.0000618524791207,0.0000221509599214,0.00000655731855659,0.00000785744578025],"min":[8.66766283866e-23,6.13261477461e-22,1.08169021318e-21,4.67022902283e-21,1.02225855844e-20,3.98187880153e-20,6.10672226448e-20,3.49480577629e-20,1.65114051984e-19,1.34357176213e-19,3.89551455399e-19,3.71924417491e-19,6.53820409967e-19,5.50661164812e-19,6.08409900398e-19,1.17566539397e-18,1.67671019769e-18,2.13366503399e-18,3.13502858365e-18,3.60004594938e-18,3.68130031454e-18,4.52484214602e-18,5.38259121811e-18,6.9962200019e-18,8.02522937519e-18,9.86056200189e-18,9.22923046143e-18,1.04729891566e-17,1.19423911424e-17,1.14867006517e-17,9.66424970866e-18,1.06773565347e-17,1.09429526488e-17,7.76390647607e-18,6.66029202897e-18,4.29376386523e-18,2.28687873577e-18,1.06473468356e-18,2.34112094934e-19,2.67091595317e-20],"var":[0.00049559562467,0.660044193268,7.87275695801,10.4107112885,74.3446502686,47.4434776306,220.073806763,143.956619263,1258.78479004,2783.59155273,184.846664429,805.202575684,295.085235596,137.588531494,2044.41687012,304.69708252,417.693145752,204.053771973,1000.24810791,525.426025391,755.06817627,522.098815918,575.020568848,1688.9666748,17168.7636719,4114.59082031,217.529129028,146.840515137,84.2087860107,7.97265815735,0.904625356197,0.1404799968,0.00472152559087,0.000290274707368,0.000019770624931,8.48935769682e-7,4.00338286966e-8,1.03606134783e-9,7.73871938753e-11,1.79773418374e-10]},"erbbands_crest":{"dmean":3.09374547005,"dmean2":5.01981735229,"dvar":8.00697612762,"dvar2":20.3030738831,"max":30.1694889069,"mean":11.0405368805,"median":10.0905056,"min":2.1973259449,"var":22.8085823059},"erbbands_flatness_db":{"dmean":0.0203825421631,"dmean2":0.0311699453741,"dvar":0.000408226682339,"dvar2":0.000890469294973,"max":0.349725991488,"mean":0.227488592267,"median":0.237221866846,"min":0.0163378771394,"var":0.00267555983737},"erbbands_kurtosis":{"dmean":2.19253468513,"dmean2":3.451151371,"dvar":9.72574996948,"dvar2":23.5035552979,"max":76.1541748047,"mean":2.79771828651,"median":1.59178864956,"min":-1.86516189575,"var":22.3353843689},"erbbands_skewness":{"dmean":0.501456141472,"dmean2":0.768703818321,"dvar":0.227590173483,"dvar2":0.525934040546,"max":7.60461521149,"mean":0.878114700317,"median":1.06039595604,"min":-6.0199432373,"var":1.49457263947},"erbbands_spread":{"dmean":8.34357643127,"dmean2":12.7727870941,"dvar":89.0359344482,"dvar2":196.38230896,"max":122.842056274,"mean":28.1736564636,"median":22.5207443237,"min":2.11490035057,"var":377.5078125},"gfcc":{"cov":[[23973.375,1669.09338379,-4936.73632813,1505.59973145,-1780.85876465,-719.428649902,-15.0063753128,-615.683898926,66.7730407715,-455.504364014,180.42980957,-537.467224121,42.4159698486],[1669.09338379,2251.80541992,773.705200195,-918.588989258,483.038818359,-144.244720459,-76.2133026123,-1.59648871422,-60.402217865,-196.391174316,-97.9382247925,90.6687316895,-71.8037338257],[-4936.73632813,773.705200195,2093.26416016,-666.244934082,661.762512207,193.839248657,-57.9448127747,209.215652466,-45.2827911377,21.2157287598,-122.461936951,166.244140625,-43.339389801],[1505.59973145,-918.588989258,-666.244934082,978.946655273,-314.783172607,-5.82126522064,77.1148529053,-94.0585021973,34.7038345337,47.5869140625,60.8023872375,-121.887641907,47.4344558716],[-1780.85876465,483.038818359,661.762512207,-314.783172607,509.325073242,35.1440124512,-33.1744613647,67.5791015625,-17.0677261353,3.56718993187,-57.2705764771,64.2947616577,-22.6795902252],[-719.428649902,-144.244720459,193.839248657,-5.82126522064,35.1440124512,203.433883667,65.3523101807,46.0213356018,8.33702468872,1.33994734287,-4.05908441544,9.68221473694,-9.87354850769],[-15.0063753128,-76.2133026123,-57.9448127747,77.1148529053,-33.1744613647,65.3523101807,182.614944458,24.765001297,2.75117182732,-16.247713089,21.5169258118,-17.3601932526,-6.36065816879],[-615.683898926,-1.59648871422,209.215652466,-94.0585021973,67.5791015625,46.0213356018,24.765001297,116.392433167,21.3716850281,28.606760025,-13.6103610992,23.6864013672,-11.3342781067],[66.7730407715,-60.402217865,-45.2827911377,34.7038345337,-17.0677261353,8.33702468872,2.75117182732,21.3716850281,82.6199951172,36.3960037231,10.6393480301,-14.9611406326,3.79545974731],[-455.504364014,-196.391174316,21.2157287598,47.5869140625,3.56718993187,1.33994734287,-16.247713089,28.606760025,36.3960037231,109.377815247,15.6241054535,-0.750029861927,-3.0329682827],[180.42980957,-97.9382247925,-122.461936951,60.8023872375,-57.2705764771,-4.05908441544,21.5169258118,-13.6103610992,10.6393480301,15.6241054535,69.1184387207,6.01107501984,7.50802230835],[-537.467224121,90.6687316895,166.244140625,-121.887641907,64.2947616577,9.68221473694,-17.3601932526,23.6864013672,-14.9611406326,-0.750029861927,6.01107501984,88.7070083618,10.3003387451],[42.4159698486,-71.8037338257,-43.339389801,47.4344558716,-22.6795902252,-9.87354850769,-6.36065816879,-11.3342781067,3.79545974731,-3.0329682827,7.50802230835,10.3003387451,54.936050415]],"icov":[[0.00069759611506,-0.00218537123874,0.00166768778581,-0.00159509154037,0.00160631292965,-0.00113918934949,0.00133823335636,-0.00173203134909,0.000603541731834,-0.000232032529311,-0.000108459644252,0.00101336487569,-0.000675747636706],[-0.00218537123874,0.00806318875402,-0.00546118663624,0.0057986844331,-0.00559325842187,0.00477430783212,-0.00451744208112,0.00621183589101,-0.00280116568319,0.00268225744367,0.00038911140291,-0.00312522239983,0.00309296743944],[0.00166768778581,-0.00546118663624,0.00515990331769,-0.00376232736744,0.00299784191884,-0.00373309105635,0.00355725456029,-0.00513583840802,0.00213345675729,-0.00122480979189,0.000503108662087,0.00167137384415,-0.00178458495066],[-0.00159509154037,0.0057986844331,-0.00376232736744,0.00593570573255,-0.00363524258137,0.0030124457553,-0.00381387886591,0.00528014497831,-0.00174391979817,0.0006474199472,-0.0000144421719597,-0.000601098057814,0.00067676283652],[0.00160631292965,-0.00559325842187,0.00299784191884,-0.00363524258137,0.00755605800077,-0.00279485923238,0.00303943757899,-0.00410909019411,0.00162632449064,-0.00174036121462,0.000895833363757,0.00173936644569,-0.00158275826834],[-0.00113918934949,0.00477430783212,-0.00373309105635,0.0030124457553,-0.00279485923238,0.00967752188444,-0.00472963880748,0.00254685571417,-0.00272491620854,0.00276337680407,0.000370118330466,-0.00207123090513,0.00281557859853],[0.00133823335636,-0.00451744208112,0.00355725456029,-0.00381387886591,0.00303943757899,-0.00472963880748,0.0103687811643,-0.00650295149535,0.00211194087751,0.00141025218181,-0.00336783775128,0.0035931437742,-0.000856188416947],[-0.00173203134909,0.00621183589101,-0.00513583840802,0.00528014497831,-0.00410909019411,0.00254685571417,-0.00650295149535,0.0190758034587,-0.005709531717,-0.00174087705091,0.00344273075461,-0.00525862118229,0.00360351870768],[0.000603541731834,-0.00280116568319,0.00213345675729,-0.00174391979817,0.00162632449064,-0.00272491620854,0.00211194087751,-0.005709531717,0.0173977985978,-0.00593904638663,-0.00215236539952,0.00465289037675,-0.00379826361313],[-0.000232032529311,0.00268225744367,-0.00122480979189,0.0006474199472,-0.00174036121462,0.00276337680407,0.00141025218181,-0.00174087705091,-0.00593904638663,0.016210604459,-0.00350778573193,-0.000304876186419,0.00358384312131],[-0.000108459644252,0.00038911140291,0.000503108662087,-0.0000144421719597,0.000895833363757,0.000370118330466,-0.00336783775128,0.00344273075461,-0.00215236539952,-0.00350778573193,0.0203408729285,-0.00606487691402,0.0000706465725671],[0.00101336487569,-0.00312522239983,0.00167137384415,-0.000601098057814,0.00173936644569,-0.00207123090513,0.0035931437742,-0.00525862118229,0.00465289037675,-0.000304876186419,-0.00606487691402,0.0196756273508,-0.00655128154904],[-0.000675747636706,0.00309296743944,-0.00178458495066,0.00067676283652,-0.00158275826834,0.00281557859853,-0.000856188416947,0.00360351870768,-0.00379826361313,0.00358384312131,0.0000706465725671,-0.00655128154904,0.0229510683566]],"mean":[-176.664306641,156.395111084,-104.490982056,32.9519386292,-46.6120758057,-23.4331645966,-26.1179122925,-6.24842262268,-9.06927776337,-6.41290903091,-11.3435153961,-3.85312342644,-12.7857275009]},"hfc":{"dmean":2.89762020111,"dmean2":4.0235619545,"dvar":46.9880142212,"dvar2":86.1432495117,"max":165.720993042,"mean":7.96195936203,"median":2.1571354866,"min":1.10506743948e-16,"var":276.732299805},"melbands":{"dmean":[0.000167908074218,0.000497475906741,0.000303673208691,0.000267725699814,0.000169606908457,0.000103520898847,0.000139216965181,0.0000908744186745,0.0000264038881141,0.0000277918516076,0.000013270097952,0.00000816685951577,0.0000128528454297,0.0000086897134679,0.00000544049999007,0.00000533743286724,0.00000470934537589,0.00000619669435764,0.00000587251815887,0.00000433533523392,0.00000552187520952,0.00000474031594422,0.00000374820365323,0.00000269990687229,0.00000491270884595,0.000012659690583,0.0000134938154588,0.00000469102224088,0.00000156167550358,0.00000112354643989,0.00000110676705845,9.31951433358e-7,4.93935374379e-7,2.12388258092e-7,1.32517996576e-7,7.63323129149e-8,2.99545064308e-8,1.03249213623e-8,4.93975704785e-9,1.982056963e-9],"dmean2":[0.000271201191936,0.000762915587984,0.000468226906378,0.000425555132097,0.00026966756559,0.000167504782439,0.000223994429689,0.000138595234603,0.0000419097596023,0.0000418536365032,0.0000204165207833,0.0000123055633594,0.0000189602887986,0.0000129545460368,0.00000816988176666,0.00000829301643535,0.00000744221324567,0.00000928137615119,0.00000927511155169,0.00000679851018504,0.00000883002121554,0.00000744848694012,0.00000602226100455,0.00000421927097705,0.00000742054180591,0.0000189172842511,0.0000202947157959,0.00000687534111421,0.00000230860564443,0.00000160820820838,0.00000156537782914,0.00000134837398491,7.17467401046e-7,3.10184049113e-7,1.97031042148e-7,1.13068566066e-7,4.34852083231e-8,1.54457548973e-8,7.26877003032e-9,2.95834423625e-9],"dvar":[1.1347117379e-7,8.80719881025e-7,2.91444791856e-7,2.20089788172e-7,1.04571803661e-7,4.34526228332e-8,1.12788640649e-7,7.82820208656e-8,7.9160704658e-9,1.54328692048e-8,2.8268229979e-9,1.1267031752e-9,8.88056828074e-9,5.03328045909e-9,1.1005993894e-9,7.43153039107e-10,4.46463949144e-10,1.36298028419e-9,9.29241572578e-10,3.4077649036e-10,5.61163393531e-10,2.6783378293e-10,2.78006478949e-10,1.85872844893e-10,5.33128818869e-10,2.58126919839e-9,2.99017632877e-9,4.1530684447e-10,2.9877680191e-11,1.65064021479e-11,1.9722763353e-11,1.31334309747e-11,2.66269341645e-12,4.90217892321e-13,1.62341914542e-13,7.59993671186e-14,1.00897217895e-14,1.21306140063e-15,3.3607750071e-16,5.82444140555e-17],"dvar2":[2.50631444487e-7,0.0000019756207621,6.61440651584e-7,5.48233856534e-7,2.51861223433e-7,1.08786494479e-7,2.47971570388e-7,1.70440515035e-7,1.9846858379e-8,3.3590449533e-8,6.59192878061e-9,2.55209542388e-9,1.87796409534e-8,1.10402043063e-8,2.09500861104e-9,1.6571489736e-9,1.08655306974e-9,2.93681945429e-9,2.0681201196e-9,8.00799093703e-10,1.37247246901e-9,5.65242297412e-10,6.31470375989e-10,4.09737799245e-10,1.27040511444e-9,5.40075806299e-9,6.54786314058e-9,8.30104096572e-10,6.2930827216e-11,3.18249385178e-11,3.69204007644e-11,2.50200728191e-11,5.4949668947e-12,9.4449719313e-13,3.50473068535e-13,1.67250409485e-13,2.21488341448e-14,2.64696419588e-15,7.10226855998e-16,1.23916208563e-16],"max":[0.00503832753748,0.0127496412024,0.00915404595435,0.00945892184973,0.00569497700781,0.00445147184655,0.00884128734469,0.0108839748427,0.00252872961573,0.00470757111907,0.00163753936067,0.00117667461745,0.00314666959457,0.00282567040995,0.00201989617199,0.00126497237943,0.000578751147259,0.00160557730123,0.00129129784182,0.000619294878561,0.00115937762894,0.000769311503973,0.000623231579084,0.000801653193776,0.000795164960437,0.00154554168694,0.00128907989711,0.000590851705056,0.000157194997882,0.000210501719266,0.000140099073178,0.000129326668684,0.0000384490340366,0.0000256969142356,0.0000124864309328,0.0000100609277069,0.00000302266016661,0.00000106919662812,5.21849528923e-7,2.10844845583e-7],"mean":[0.000251210352872,0.000788596575148,0.000462219002657,0.000388553627999,0.000268987234449,0.000176421250217,0.00023697274446,0.000164083423442,0.0000437962480646,0.0000470004633826,0.0000237604672293,0.0000130542257466,0.0000186372944881,0.0000113237074402,0.00000843670659378,0.00000824263406685,0.00000656593510939,0.0000088445849542,0.00000870730764291,0.00000642204031465,0.00000817463387648,0.00000706828450348,0.00000490954926136,0.00000404140246246,0.00000778282083047,0.0000243292633968,0.0000257108822552,0.00000812217513158,0.00000279018308902,0.00000203796776077,0.00000196869223146,0.00000169971212927,8.3878614987e-7,3.47268098722e-7,1.99326521511e-7,1.28043822656e-7,4.95297385328e-8,1.51579140351e-8,6.71102329264e-9,2.69306799083e-9],"median":[0.0000549386531929,0.000165331366588,0.00019860471366,0.000173010121216,0.000120428972878,0.0000791702768765,0.0000648827262921,0.0000417908086092,0.0000167345297086,0.00000869516588864,0.00000448840683021,0.00000294890423902,0.00000180490269486,9.47580701904e-7,4.98181123021e-7,7.835493534e-7,7.35065157187e-7,3.96408694314e-7,4.68717502145e-7,3.71329065274e-7,5.69488122437e-7,6.69408734666e-7,3.02431203636e-7,1.7596040891e-7,1.37690150837e-7,1.12732145396e-7,7.0980036071e-8,3.55901903504e-8,1.66617759589e-8,1.10786437801e-8,8.38973512884e-9,5.99654592648e-9,3.98306498894e-9,2.62961075137e-9,1.6831198657e-9,9.47425693454e-10,5.07772657254e-10,2.63197852401e-10,1.67127783834e-10,1.47947196161e-10],"min":[1.25516654567e-24,9.20878651254e-25,1.26249259829e-24,1.97143282191e-24,2.14510863602e-24,9.2927114521e-25,2.39213628697e-24,1.42808416584e-24,3.49936725404e-24,1.92259089339e-24,2.42118017334e-24,1.6655364259e-24,1.82214010673e-24,2.28941081989e-24,3.34885850978e-24,3.2003442031e-24,3.43334748488e-24,4.26478321316e-24,2.25140330426e-24,4.22082591136e-24,3.58972890415e-24,4.55092712374e-24,3.42936965377e-24,4.09200492554e-24,5.22445025373e-24,5.50897739388e-24,4.20480493524e-24,6.09146084782e-24,5.42813532275e-24,4.00736330586e-24,5.20154173304e-24,4.9574492363e-24,6.30519521591e-24,5.21368545781e-24,5.31401515432e-24,5.63853675351e-24,5.75565853768e-24,6.37216398473e-24,5.80130991827e-24,5.71477739899e-24],"var":[2.32146803114e-7,0.00000178952632268,5.55809265279e-7,3.33583187739e-7,2.02145045591e-7,7.75026407496e-8,2.51680717156e-7,2.88342448584e-7,1.27374253367e-8,3.5086387129e-8,7.29550375667e-9,2.24942842131e-9,1.73145267013e-8,7.81819586848e-9,3.50964679541e-9,1.5888489413e-9,7.49575124193e-10,2.79427636585e-9,1.72603709103e-9,6.63546495527e-10,1.39861511261e-9,7.93726029347e-10,4.9215770348e-10,3.80825315727e-10,1.1865400884e-9,9.12533781872e-9,9.31280208505e-9,1.12136677721e-9,9.53318396446e-11,5.46442752158e-11,5.71610848932e-11,4.03928730741e-11,7.78841921512e-12,1.3045156318e-12,3.52322229551e-13,1.85904216283e-13,2.5870310668e-14,2.53205337692e-15,6.24825129668e-16,1.06017919314e-16]},"melbands_crest":{"dmean":3.68115186691,"dmean2":6.02502250671,"dvar":9.75709247589,"dvar2":24.8766040802,"max":32.9001693726,"mean":14.9525947571,"median":14.2487382889,"min":1.53810465336,"var":27.0296440125},"melbands_flatness_db":{"dmean":0.0331945307553,"dmean2":0.0481825880706,"dvar":0.00107315205969,"dvar2":0.00222322437912,"max":0.632426023483,"mean":0.318951129913,"median":0.332677811384,"min":0.00321583379991,"var":0.0123167093843},"melbands_kurtosis":{"dmean":8.53924655914,"dmean2":13.5755739212,"dvar":277.119293213,"dvar2":698.050964355,"max":561.645446777,"mean":15.9055671692,"median":10.0204792023,"min":-1.90178954601,"var":588.566345215},"melbands_skewness":{"dmean":0.835622012615,"dmean2":1.29897606373,"dvar":0.718645632267,"dvar2":1.72685205936,"max":16.0703334808,"mean":2.50032377243,"median":2.27113509178,"min":-1.63963711262,"var":2.61462306976},"melbands_spread":{"dmean":5.27802705765,"dmean2":8.0689163208,"dvar":96.3586273193,"dvar2":208.734298706,"max":165.740066528,"mean":16.3218574524,"median":6.10012483597,"min":0.383429050446,"var":629.030822754},"mfcc":{"cov":[[13551.9228516,-625.987365723,-2789.37792969,1412.27282715,-1779.32800293,311.741546631,-614.00769043,-60.2407112122,-498.641662598,277.619384766,-338.525787354,-169.742874146,133.763916016],[-625.987365723,3583.80004883,674.852172852,-581.826965332,679.202819824,-360.812866211,132.619598389,95.4870300293,120.485046387,-318.768188477,79.5879898071,29.6108093262,-102.449325562],[-2789.37792969,674.852172852,1131.27026367,-245.123840332,465.313812256,-51.4015350342,164.451477051,73.4053344727,134.608963013,-60.758972168,71.9708709717,34.2869033813,-40.2334022522],[1412.27282715,-581.826965332,-245.123840332,601.407592773,-180.867706299,130.287231445,-56.2377967834,-43.4953231812,-51.871635437,107.695663452,-65.699432373,-47.7348365784,63.3979454041],[-1779.32800293,679.202819824,465.313812256,-180.867706299,544.291748047,-68.3338165283,85.9965744019,1.93366992474,102.483589172,-85.0184173584,50.8302612305,34.4448127747,-48.5958213806],[311.741546631,-360.812866211,-51.4015350342,130.287231445,-68.3338165283,178.265289307,27.9864692688,27.3587093353,-6.64760637283,50.7252807617,-4.1268324852,-5.90354824066,10.4794816971],[-614.00769043,132.619598389,164.451477051,-56.2377967834,85.9965744019,27.9864692688,157.242111206,68.7809906006,41.7229003906,-14.1781539917,32.2761917114,3.3297894001,-7.40533447266],[-60.2407112122,95.4870300293,73.4053344727,-43.4953231812,1.93366992474,27.3587093353,68.7809906006,124.702697754,30.3577518463,-9.91059398651,14.1572942734,3.2357916832,-3.47072720528],[-498.641662598,120.485046387,134.608963013,-51.871635437,102.483589172,-6.64760637283,41.7229003906,30.3577518463,99.6793289185,12.3544607162,24.0564651489,9.89143180847,-10.8798761368],[277.619384766,-318.768188477,-60.758972168,107.695663452,-85.0184173584,50.7252807617,-14.1781539917,-9.91059398651,12.3544607162,150.677703857,15.5422992706,-18.8745307922,18.3898105621],[-338.525787354,79.5879898071,71.9708709717,-65.699432373,50.8302612305,-4.1268324852,32.2761917114,14.1572942734,24.0564651489,15.5422992706,78.0589904785,25.3399448395,-8.91805171967],[-169.742874146,29.6108093262,34.2869033813,-47.7348365784,34.4448127747,-5.90354824066,3.3297894001,3.2357916832,9.89143180847,-18.8745307922,25.3399448395,69.6877212524,11.6234636307],[133.763916016,-102.449325562,-40.2334022522,63.3979454041,-48.5958213806,10.4794816971,-7.40533447266,-3.47072720528,-10.8798761368,18.3898105621,-8.91805171967,11.6234636307,68.2640991211]],"icov":[[0.000519790686667,-0.000528840406332,0.000776028318796,-0.000830863427836,0.00104965106584,-0.000646540487651,0.000931614893489,-0.00069048331352,0.000521790178027,-0.000604666362051,0.000660888152197,-0.000653236347716,0.000772860657889],[-0.000528840406332,0.00105244386941,-0.000813406077214,0.000908875837922,-0.00147870427463,0.00138628575951,-0.000932414375711,0.00025627942523,-0.000525021925569,0.00122714461759,-0.000995829468593,0.001068790094,-0.000787673576269],[0.000776028318796,-0.000813406077214,0.00270309625193,-0.00103905680589,0.000495060347021,-0.000904330576304,0.000683493679389,-0.00137302814983,0.000343899591826,-0.00112515827641,0.000963560654782,-0.000960030069109,0.000959614233579],[-0.000830863427836,0.000908875837922,-0.00103905680589,0.00418001506478,-0.00184973923024,-0.000539606728125,-0.00124772824347,0.0017110707704,-0.000451851636171,-0.000170266066561,0.000430457206676,0.00219654035755,-0.0031285751611],[0.00104965106584,-0.00147870427463,0.000495060347021,-0.00184973923024,0.0063572851941,-0.00151148880832,0.00108005269431,0.000793507031631,-0.00159554788843,0.000154435896548,0.000714820751455,-0.00214490038343,0.00281151896343],[-0.000646540487651,0.00138628575951,-0.000904330576304,-0.000539606728125,-0.00151148880832,0.00993897952139,-0.00324706686661,-0.00143164256588,0.000326710607624,-0.000522160553373,-0.000558716419619,-0.000340294092894,0.000466444122139],[0.000931614893489,-0.000932414375711,0.000683493679389,-0.00124772824347,0.00108005269431,-0.00324706686661,0.0125987697393,-0.00560315651819,-0.000333045667503,0.000397906231228,-0.00213604117744,0.0012498073047,0.000033815347706],[-0.00069048331352,0.00025627942523,-0.00137302814983,0.0017110707704,0.000793507031631,-0.00143164256588,-0.00560315651819,0.0134421689436,-0.00393145019189,0.00197854754515,-0.000838363543153,0.000786408549175,-0.00120347109623],[0.000521790178027,-0.000525021925569,0.000343899591826,-0.000451851636171,-0.00159554788843,0.000326710607624,-0.000333045667503,-0.00393145019189,0.0163874272257,-0.00483690341935,0.000843083194923,-0.00221132440493,0.00179143471178],[-0.000604666362051,0.00122714461759,-0.00112515827641,-0.000170266066561,0.000154435896548,-0.000522160553373,0.000397906231228,0.00197854754515,-0.00483690341935,0.0125644663349,-0.00669603282586,0.00524746254086,-0.00306857540272],[0.000660888152197,-0.000995829468593,0.000963560654782,0.000430457206676,0.000714820751455,-0.000558716419619,-0.00213604117744,-0.000838363543153,0.000843083194923,-0.00669603282586,0.0210197847337,-0.0086249159649,0.00385173247196],[-0.000653236347716,0.001068790094,-0.000960030069109,0.00219654035755,-0.00214490038343,-0.000340294092894,0.0012498073047,0.000786408549175,-0.00221132440493,0.00524746254086,-0.0086249159649,0.0213468614966,-0.00754845188931],[0.000772860657889,-0.000787673576269,0.000959614233579,-0.0031285751611,0.00281151896343,0.000466444122139,0.000033815347706,-0.00120347109623,0.00179143471178,-0.00306857540272,0.00385173247196,-0.00754845188931,0.0201965607703]],"mean":[-806.735046387,173.409225464,6.63332033157,45.0564537048,1.7417743206,-5.10076475143,-10.959280014,-0.453953146935,-4.35004520416,1.79365336895,-1.7188423872,-2.27775478363,1.43638145924]},"pitch_salience":{"dmean":0.0829965770245,"dmean2":0.136135756969,"dvar":0.00512638827786,"dvar2":0.0134813450277,"max":0.946138441563,"mean":0.584057331085,"median":0.595041334629,"min":0.111513741314,"var":0.0129095679149},"silence_rate_20dB":{"dmean":0,"dmean2":0,"dvar":0,"dvar2":0,"max":1,"mean":1,"median":1,"min":1,"var":0},"silence_rate_30dB":{"dmean":0,"dmean2":0,"dvar":0,"dvar2":0,"max":1,"mean":1,"median":1,"min":1,"var":0},"silence_rate_60dB":{"dmean":0.0882193297148,"dmean2":0.176462605596,"dvar":0.0804394260049,"dvar2":0.166492909193,"max":1,"mean":0.306283086538,"median":0,"min":0,"var":0.212462067604},"spectral_centroid":{"dmean":206.747940063,"dmean2":310.457977295,"dvar":122089.492188,"dvar2":249845.328125,"max":11578.2958984,"mean":1043.43493652,"median":472.912445068,"min":125.582611084,"var":2009516.125},"spectral_complexity":{"dmean":2.00380015373,"dmean2":3.04275822639,"dvar":7.5052189827,"dvar2":16.2184391022,"max":41,"mean":8.24263763428,"median":7,"min":0,"var":46.5843582153},"spectral_contrast_coeffs":{"dmean":[0.0543293245137,0.0471669584513,0.0329480394721,0.0256657954305,0.0241396017373,0.0263889059424],"dmean2":[0.0894929021597,0.0775339528918,0.0538828931749,0.0417634993792,0.0376924648881,0.0379914604127],"dvar":[0.00207337853499,0.00150860392023,0.000738575472496,0.000465938239358,0.000514720974024,0.00107532774564],"dvar2":[0.00543549796566,0.00378582417034,0.00185430084821,0.00116798467934,0.00111957662739,0.00231092935428],"max":[-0.379927456379,-0.407762557268,-0.486290216446,-0.528462588787,-0.516756176949,-0.510627150536],"mean":[-0.641707420349,-0.738203346729,-0.806792855263,-0.83012509346,-0.803937494755,-0.743615210056],"median":[-0.631263911724,-0.742184817791,-0.812342762947,-0.843159675598,-0.82019329071,-0.765608966351],"min":[-0.981244385242,-0.979332566261,-0.984140396118,-0.99902009964,-0.965882062912,-0.96535140276],"var":[0.00760468561202,0.00688354996964,0.00390455918387,0.00339636858553,0.00474859029055,0.00766702881083]},"spectral_contrast_valleys":{"dmean":[0.463299095631,0.389053672552,0.403216362,0.407144516706,0.416055619717,0.248713865876],"dmean2":[0.728355467319,0.614961743355,0.596862077713,0.588414609432,0.550570905209,0.324375778437],"dvar":[0.169756382704,0.137525573373,0.161522328854,0.175208851695,0.244991227984,0.133689880371],"dvar2":[0.371413767338,0.277333259583,0.311733901501,0.350434839725,0.464261591434,0.1940536201],"max":[-5.55284070969,-5.2301902771,-5.84573316574,-6.29947280884,-5.80653619766,-9.62775039673],"mean":[-8.19968795776,-7.60926198959,-8.87903690338,-9.37026023865,-9.32595252991,-13.0720815659],"median":[-7.89894485474,-7.15304470062,-8.48240947723,-9.07999134064,-9.32325363159,-13.3274717331],"min":[-28.1511631012,-28.4593219757,-27.7345218658,-27.7246303558,-27.468214035,-27.3976325989],"var":[5.3191857338,5.90294599533,5.50295877457,5.29110431671,5.87165594101,3.49995350838]},"spectral_decrease":{"dmean":9.7864194526e-10,"dmean2":1.37199029915e-9,"dvar":1.57214908819e-18,"dvar2":3.08677810454e-18,"max":2.43655126906e-28,"mean":-2.5481106114e-9,"median":-1.72564906809e-9,"min":-1.62148889871e-8,"var":6.39361024026e-18},"spectral_energy":{"dmean":0.00390119291842,"dmean2":0.00546199502423,"dvar":0.0000249319018621,"dvar2":0.0000486704411742,"max":0.0628923773766,"mean":0.0103393020108,"median":0.00679513299838,"min":1.01286933148e-20,"var":0.000108841020847},"spectral_energyband_high":{"dmean":0.000124748345115,"dmean2":0.000174493150553,"dvar":1.74521247231e-7,"dvar2":3.07565358071e-7,"max":0.0142465131357,"mean":0.000260695582256,"median":0.00000151288259076,"min":7.21886982924e-21,"var":6.8767059247e-7},"spectral_energyband_low":{"dmean":0.00182119524106,"dmean2":0.00276976660825,"dvar":0.0000102643261926,"dvar2":0.0000228402750508,"max":0.0439118184149,"mean":0.00307163689286,"median":0.000945699750446,"min":2.22324952908e-23,"var":0.0000221972604777},"spectral_energyband_middle_high":{"dmean":0.000713767949492,"dmean2":0.00101841753349,"dvar":0.00000384765644412,"dvar2":0.00000750125536797,"max":0.0444766506553,"mean":0.00173390540294,"median":0.00015531021927,"min":1.13986124547e-21,"var":0.000019795170374},"spectral_energyband_middle_low":{"dmean":0.00252971914597,"dmean2":0.00378440599889,"dvar":0.0000126740760606,"dvar2":0.0000281792472379,"max":0.0507339425385,"mean":0.00564954709262,"median":0.0037459959276,"min":1.72934075021e-22,"var":0.0000369678127754},"spectral_entropy":{"dmean":0.24222843349,"dmean2":0.362560540438,"dvar":0.0681486278772,"dvar2":0.148947775364,"max":9.82698726654,"mean":6.76845502853,"median":6.75993585587,"min":4.89749240875,"var":0.537876427174},"spectral_flux":{"dmean":0.0168142579496,"dmean2":0.026320323348,"dvar":0.000333467905875,"dvar2":0.000728978135157,"max":0.218719303608,"mean":0.0487152524292,"median":0.0406596325338,"min":6.23723503401e-11,"var":0.0012583960779},"spectral_kurtosis":{"dmean":7.376475811,"dmean2":12.2542924881,"dvar":74.4507980347,"dvar2":194.459945679,"max":82.8030929565,"mean":15.7177505493,"median":9.64291763306,"min":-1.26026761532,"var":249.889694214},"spectral_rms":{"dmean":0.00058596098097,"dmean2":0.000792159407865,"dvar":3.76942949742e-7,"dvar2":6.5565808427e-7,"max":0.00783316139132,"mean":0.00271355267614,"median":0.00257476163097,"min":3.14350954121e-12,"var":0.00000272372403742},"spectral_rolloff":{"dmean":253.519577026,"dmean2":424.9269104,"dvar":398587.375,"dvar2":855001.125,"max":19659.8144531,"mean":1155.48144531,"median":430.6640625,"min":64.599609375,"var":5083355},"spectral_skewness":{"dmean":0.639445185661,"dmean2":1.0202767849,"dvar":0.455174028873,"dvar2":1.1012609005,"max":7.40090560913,"mean":2.3834104538,"median":2.19691610336,"min":-0.412413656712,"var":2.65119481087},"spectral_spread":{"dmean":383997.71875,"dmean2":600304.6875,"dvar":399605137408,"dvar2":839282589696,"max":42173092,"mean":3080858.5,"median":2545067,"min":923646.375,"var":17758444060700},"spectral_strongpeak":{"dmean":0.413359373808,"dmean2":0.682257473469,"dvar":1.37262535095,"dvar2":3.29833602905,"max":19.2654190063,"mean":0.696376144886,"median":0.308976143599,"min":0,"var":2.40911698341},"zerocrossingrate":{"dmean":0.00655707111582,"dmean2":0.00775125762448,"dvar":0.000100689627288,"dvar2":0.000128354920889,"max":0.5283203125,"mean":0.0403214693069,"median":0.0205078125,"min":0.0029296875,"var":0.00364366848953}},"metadata":{"audio_properties":{"analysis_sample_rate":44100,"bit_rate":0,"codec":"flac","downmix":"mix","equal_loudness":0,"length":171.066665649,"lossless":true,"md5_encoded":"507d1070c7c22ad06c4c01caaa3e6572","replay_gain":-13.6249370575,"sample_rate":44100},"tags":{"acoustid_id":["cfca2bde-ea49-44b0-a253-064f4dac0eae"],"album":["The Definitive Collection"],"albumartist":["John Lee Hooker"],"albumartistsort":["Hooker, John Lee"],"artist":["John Lee Hooker"],"artistsort":["Hooker, John Lee"],"asin":["B00004RIN4"],"barcode":["698458100528"],"catalognumber":["MTRM 5"],"date":["2000"],"discnumber":["1"],"disctotal":["1"],"file_name":"02 - Baby Lee .flac","genre":["Blues"],"media":["CD"],"musicbrainz_albumartistid":["b0122194-c49a-46a1-ade7-84d1d76bd8e9"],"musicbrainz_albumid":["fbe9bf20-5793-40d5-aeaf-503147f794d5"],"musicbrainz_artistid":["b0122194-c49a-46a1-ade7-84d1d76bd8e9"],"musicbrainz_recordingid":["cdef84bf-454d-4436-b37a-d2c2c96de8a1"],"musicbrainz_releasegroupid":["de6863ba-7f60-32b0-b8fb-0536b3912318"],"originaldate":["2000"],"releasecountry":["US"],"releasestatus":["official"],"releasetype":["album","compilation"],"script":["Latn"],"title":["Baby Lee"],"totaldiscs":["1"],"totaltracks":["24"],"tracknumber":["2"],"tracktotal":["24"]},"version":{"essentia":"2.1-beta2","essentia_build_sha":"2d9f1f26377add8aeb1075a9c2973f962c4f09fd","essentia_git_sha":"v2.1_beta2-1-ge3940c0","extractor":"music 1.0"}},"rhythm":{"beats_count":315,"beats_loudness":{"dmean":0.0116650955752,"dmean2":0.0205256324261,"dvar":0.0000830264980323,"dvar2":0.000247282121563,"max":0.0525649860501,"mean":0.0171754155308,"median":0.0172470901161,"min":0,"var":0.000137822746183},"beats_loudness_band_ratio":{"dmean":[0.379555344582,0.205683901906,0.141060501337,0.0318615622818,0.0463291071355,0.106043599546],"dmean2":[0.722977042198,0.354146510363,0.262341886759,0.058647