{"lowlevel":{"average_loudness":0.795034110546,"barkbands":{"dmean":[0.00239848135971,0.00263409968466,0.00166945415549,0.0016868110979,0.00256506865844,0.00113315787166,0.000915747252293,0.000602705811616,0.000757455592975,0.000638564873952,0.000725352379959,0.000321391475154,0.000388405460399,0.000260702276137,0.000214977742871,0.000144710400491,0.0000856555561768,0.000103340571513,0.000131478431285,0.000147782397107,0.0000679983713781,0.0000186790457519,0.00000280235167338,0.00000199806845558,0.00000201775469577,0.0000038621310523,0.00041311501991],"dmean2":[0.00435501243919,0.00437792530283,0.00262185069732,0.00288001238368,0.0040839491412,0.00176933209877,0.00144851254299,0.000987597508356,0.00124157697428,0.00101664371323,0.00112862035166,0.000539000611752,0.000640887534246,0.000425191450631,0.000350653892383,0.00022840728343,0.000135820999276,0.000154206500156,0.000193405154278,0.000222408853006,0.0000986312734312,0.0000269692664006,0.00000449917297374,0.00000331433625433,0.00000332370586875,0.00000609740163782,0.000560825748835],"dvar":[0.00000799498684501,0.00000943877512327,0.00000781679955253,0.00000686590647092,0.0000147773043864,0.00000536799507245,0.00000289544550469,0.00000238734560298,0.00000359566411134,0.00000231521062233,0.00000412283452533,5.84210340548e-7,5.24561130533e-7,3.06808260575e-7,2.50960312087e-7,1.89532869399e-7,5.70885809736e-8,8.697987397e-8,1.83958022149e-7,2.04165658602e-7,5.00123888969e-8,3.86511800343e-9,2.28983967204e-11,1.18518641082e-11,1.13442848865e-11,4.00749322615e-10,6.20705236543e-7],"dvar2":[0.0000234318940784,0.0000243468020926,0.0000192812749447,0.0000187440728041,0.0000340727856383,0.0000120779532153,0.00000711436496204,0.00000628096177024,0.00000943092982197,0.00000509811161464,0.00000923858988244,0.00000149871686972,0.00000134554056785,7.89853459082e-7,5.44868328234e-7,3.6155964267e-7,1.35979860261e-7,1.70151665202e-7,3.7447870227e-7,4.23977752462e-7,9.57698773618e-8,7.42590744451e-9,5.27487602209e-11,2.94203029994e-11,2.79231013312e-11,1.03460606748e-9,0.00000115972511594],"max":[0.0247140321881,0.0657913610339,0.0695002675056,0.0416829995811,0.0695637762547,0.070981502533,0.0429656282067,0.0587419643998,0.0553505420685,0.0410891324282,0.0540724284947,0.020951135084,0.012796449475,0.0117495981976,0.026823354885,0.0240865070373,0.00808105710894,0.0103225521743,0.0176370181143,0.01394270733,0.00797192938626,0.00221066479571,0.000135764406878,0.000066963963036,0.0000660054283799,0.00121479679365,0.0244651995599],"mean":[0.00264603481628,0.00400413991883,0.00249935686588,0.00246698060073,0.00523414136842,0.00209215679206,0.00165581644978,0.00095968315145,0.0013570577139,0.00114629603922,0.00126886588987,0.000568563642446,0.000703527242877,0.000469168007839,0.000411575398175,0.00027866588789,0.00014579440176,0.000175538734766,0.000220163201448,0.000252600439126,0.000111300592835,0.0000297219958156,0.00000342308635481,0.00000212291638491,0.00000223310075853,0.00000491082346343,0.00102307298221],"median":[0.00147431518417,0.00287152314559,0.00123948964756,0.00118943105917,0.00275146402419,0.000801483984105,0.000790781807154,0.000383972539566,0.000534591439646,0.000380278390367,0.000331998569891,0.000231940633967,0.000295504083624,0.000181675422937,0.000160993789905,0.0000931994436542,0.0000645431209705,0.0000640787329758,0.0000827680778457,0.0000822052534204,0.000031803316233,0.00000911005463422,0.00000147011166973,8.2400225665e-7,9.23469599456e-7,0.00000206510185308,0.000505122705363],"min":[4.30459850216e-25,1.54633875426e-24,9.26509934826e-25,3.8124244856e-25,5.96081877659e-24,4.29031311863e-24,5.57547126845e-24,4.57373703681e-24,9.39961768476e-24,8.32092533865e-24,1.45534424049e-23,1.19738246464e-23,2.79068759117e-23,3.19090575847e-23,2.80524491477e-23,5.62749451522e-23,6.03823166937e-23,9.71006111446e-23,1.11532827717e-22,1.81001963758e-22,2.73439359345e-22,3.34408891475e-22,3.45856790445e-22,5.80823517038e-22,8.84272533613e-22,1.2954217887e-21,1.92794394257e-21],"var":[0.00000962590365816,0.000017658512661,0.0000145152980622,0.0000130968428493,0.0000568972536712,0.0000167960170074,0.00000741312214814,0.00000449751269116,0.0000094166598501,0.00000645464797344,0.0000117198451335,0.00000133628952881,0.00000123242523387,6.80371556427e-7,7.36119432077e-7,7.54465190766e-7,8.8169045398e-8,1.77461572548e-7,3.33796975838e-7,3.83070357657e-7,9.38764017633e-8,8.05062772002e-9,3.22504384309e-11,1.33955199363e-11,1.33876130667e-11,4.26750607074e-10,0.00000230858222494]},"barkbands_crest":{"dmean":2.47996640205,"dmean2":4.10419082642,"dvar":4.65794610977,"dvar2":12.499874115,"max":26.2028751373,"mean":9.12872505188,"median":8.22993755341,"min":2.72850656509,"var":16.0395812988},"barkbands_flatness_db":{"dmean":0.023418975994,"dmean2":0.0363552197814,"dvar":0.000418412790168,"dvar2":0.00103054591455,"max":0.375657618046,"mean":0.147267237306,"median":0.138775035739,"min":0.0526203289628,"var":0.00232522701845},"barkbands_kurtosis":{"dmean":4.21765851974,"dmean2":6.71690130234,"dvar":49.0196037292,"dvar2":131.409591675,"max":221.495666504,"mean":9.12381362915,"median":5.28625965118,"min":-1.78436851501,"var":166.488769531},"barkbands_skewness":{"dmean":0.554572105408,"dmean2":0.87806558609,"dvar":0.29608041048,"dvar2":0.765454590321,"max":13.2964200974,"mean":2.18011331558,"median":2.0096642971,"min":-2.25961351395,"var":1.83443272114},"barkbands_spread":{"dmean":7.367166996,"dmean2":11.0419445038,"dvar":75.8075180054,"dvar2":161.084060669,"max":128.341262817,"mean":27.2261619568,"median":23.4662227631,"min":1.37716436386,"var":331.528320312},"dissonance":{"dmean":0.0203355066478,"dmean2":0.0343764871359,"dvar":0.000362065416994,"dvar2":0.000994721776806,"max":0.500000059605,"mean":0.463650465012,"median":0.470067232847,"min":0.284318059683,"var":0.000715113128535},"dynamic_complexity":3.4048576355,"erbbands":{"dmean":[0.116875633597,0.493682146072,1.53664839268,3.90027499199,9.08876895905,7.57067584991,8.31317806244,9.53715896606,10.5843515396,17.8185958862,12.1412143707,17.7549648285,18.4224395752,21.5014247894,24.5721893311,13.9622068405,17.1641178131,14.6977157593,9.3666009903,10.7330904007,6.25774383545,4.58337259293,4.95909452438,6.42507362366,7.3174290657,6.99806308746,4.08420848846,1.61343717575,0.77960819006,0.193242818117,0.0760200098157,0.0447131283581,0.0321150124073,0.0223065000027,0.0145443184301,0.00878625642508,0.0070583447814,0.0330099053681,0.0497483573854,0.00876176171005],"dmean2":[0.199508681893,0.7978053689,2.42014622688,6.39786100388,15.5217847824,11.6688156128,12.620095253,15.2363157272,16.7765083313,28.7789821625,19.6974906921,29.1912403107,29.8405971527,34.0231132507,38.4584617615,23.3195419312,28.2364311218,23.8722324371,15.2896528244,16.8118591309,9.73182201385,7.12080335617,7.34301328659,9.4263715744,10.8312606812,10.4681520462,6.02562761307,2.26734399796,1.10071158409,0.289993703365,0.12149336189,0.0740151703358,0.0532267093658,0.0368400886655,0.0238871853799,0.0143239200115,0.0109139801934,0.0445572249591,0.0677382871509,0.0119851632044],"dvar":[0.0188940726221,0.417990833521,6.04442930222,36.5710868835,196.432174683,190.770385742,354.837585449,400.156677246,386.495361328,1625.13989258,705.816345215,1990.74633789,2637.57495117,2244.34008789,5695.02783203,1060.6505127,1081.88696289,936.567199707,364.127716064,1307.75085449,256.464080811,167.097015381,226.319458008,373.117218018,529.660095215,493.223480225,179.586212158,30.3235149384,7.22121763229,0.162197440863,0.0166995450854,0.00589317036793,0.00303444545716,0.00141821766738,0.000577516562771,0.000200875438168,0.000481956260046,0.0304748695344,0.0172438751906,0.000211104183109],"dvar2":[0.0539724305272,1.03811097145,14.8232069016,94.1658554077,543.812866211,407.182403564,715.654602051,936.656066895,949.397277832,4169.16357422,1748.15441895,5179.80712891,6055.60693359,5030.70068359,12994.8515625,2709.41479492,2823.93994141,2400.10644531,969.306762695,2420.40722656,481.240447998,379.698577881,421.087493896,721.045959473,1081.1550293,1047.60412598,366.508514404,51.7698173523,13.630396843,0.340911835432,0.0384768135846,0.0146090090275,0.00752191897482,0.00350158195943,0.00141743791755,0.000487876852276,0.00116839807015,0.0561074055731,0.0345978215337,0.000389591266867],"max":[2.0967862606,13.8380174637,58.3065643311,112.193473816,277.652557373,362.034393311,671.315246582,771.990478516,425.215637207,940.390991211,743.135253906,1351.9765625,1569.0859375,1414.82458496,2151.58496094,965.714416504,581.945129395,605.42980957,490.430633545,2529.53491211,894.546020508,462.6378479,582.190795898,595.273498535,911.925476074,708.449035645,514.36920166,246.355743408,92.380607605,13.5852384567,3.02778148651,1.48051214218,1.07570588589,0.738431572914,0.469667077065,0.267995744944,1.14451694489,12.5596895218,4.54651403427,0.423883765936],"mean":[0.166154026985,0.741869926453,2.44658660889,6.39036655426,14.9045810699,15.7304954529,15.7895030975,17.3178882599,19.823682785,28.8930606842,22.5679321289,31.4824028015,34.7930488586,39.4206428528,45.924747467,27.1964378357,31.859664917,28.4677772522,19.6032581329,21.5981616974,13.0288648605,8.44913768768,8.7894115448,10.869228363,12.367061615,11.8969097137,6.85712575912,2.78533315659,1.2819621563,0.287713527679,0.0952149927616,0.0489008128643,0.0344108194113,0.024386048317,0.0163252316415,0.0102733718231,0.0101351784542,0.0565514266491,0.0923703014851,0.0283784680068],"median":[0.111913092434,0.466260969639,1.32922708988,3.37353801727,7.51689958572,7.1295042038,5.60465574265,6.97933912277,9.28455543518,12.3928918839,9.91447544098,12.6523599625,11.2563533783,14.4650411606,13.4784021378,12.2793483734,14.4395370483,11.6245479584,9.47906017303,8.01758480072,4.84907579422,3.79825425148,3.63880109787,3.86537671089,4.45984125137,3.98853635788,2.05459260941,0.847745895386,0.39936453104,0.114486597478,0.0422539785504,0.0201045740396,0.01348639559,0.00985423848033,0.0069207502529,0.00454926351085,0.00465578166768,0.0138863688335,0.0331064499915,0.0183569844812],"min":[6.23063863069e-23,3.93519791582e-22,1.71532641535e-21,4.9248370733e-21,1.00241430168e-20,2.15572961154e-20,2.05149209122e-20,5.28550413781e-20,1.02126943138e-19,1.9047671496e-19,2.26941395451e-19,2.37370540313e-19,2.42614968794e-19,7.35870367781e-19,9.66044385066e-19,9.78650720999e-19,1.34212339473e-18,1.84308454981e-18,1.97629950592e-18,2.94006294045e-18,2.98442794542e-18,3.98431146217e-18,5.42603226234e-18,5.84756929276e-18,6.01279572498e-18,8.58228175101e-18,8.75389194961e-18,1.07357496957e-17,1.10215496963e-17,1.05443467194e-17,9.70695538932e-18,9.09443807189e-18,9.59834078463e-18,8.35836809509e-18,6.43448454305e-18,4.17191726586e-18,2.47766546251e-18,9.59537575572e-19,2.51490565068e-19,2.47540923046e-20],"var":[0.0312819518149,0.791960537434,11.5808534622,77.916015625,557.118225098,781.147949219,1063.08422852,1283.91455078,1000.69683838,3296.02172852,1867.20629883,5017.81884766,8183.27587891,5958.29248047,16152.9423828,2569.61181641,2424.11376953,2199.94921875,882.504516602,4436.65917969,1089.55200195,287.516571045,467.103790283,754.227172852,968.317016602,876.654602051,314.887512207,66.9346008301,15.1922988892,0.302534788847,0.0238826405257,0.00677185319364,0.00345203978941,0.00164812617004,0.000692218251061,0.000252324418398,0.000645050138701,0.0708264261484,0.0375561006367,0.00103316246532]},"erbbands_crest":{"dmean":2.5314552784,"dmean2":4.10339021683,"dvar":5.37802934647,"dvar2":13.2776899338,"max":31.5768222809,"mean":8.79392147064,"median":7.76977920532,"min":2.4111456871,"var":17.2944431305},"erbbands_flatness_db":{"dmean":0.0211728289723,"dmean2":0.032532311976,"dvar":0.000307370588416,"dvar2":0.000729393272195,"max":0.324138253927,"mean":0.154004186392,"median":0.151829570532,"min":0.0312031973153,"var":0.00124897737987},"erbbands_kurtosis":{"dmean":0.903823077679,"dmean2":1.42958331108,"dvar":1.47540891171,"dvar2":3.35415101051,"max":40.1087341309,"mean":0.683065593243,"median":0.119047641754,"min":-1.71607196331,"var":4.25208616257},"erbbands_skewness":{"dmean":0.328312695026,"dmean2":0.50951385498,"dvar":0.0881808176637,"dvar2":0.198315143585,"max":5.32296848297,"mean":0.300054997206,"median":0.258523494005,"min":-3.04387450218,"var":0.52474796772},"erbbands_spread":{"dmean":6.37996959686,"dmean2":9.82036399841,"dvar":38.4354858398,"dvar2":83.8736953735,"max":117.921310425,"mean":29.7398281097,"median":28.1991767883,"min":3.14207744598,"var":153.576400757},"gfcc":{"cov":[[32464.1660156,2493.96557617,-2624.74804688,-369.569671631,-52.6335601807,-1295.54467773,594.055419922,-862.386779785,-334.275970459,-197.769348145,-199.568237305,-385.440551758,-4.0429983139],[2493.96557617,945.283508301,-93.94190979,-194.073013306,26.7636165619,-93.9812164307,47.9834823608,-96.189239502,-1.69444978237,-28.2544937134,20.3552627563,-82.0888366699,31.8083057404],[-2624.74804688,-93.94190979,586.222839355,106.140556335,-126.929908752,244.569503784,-159.743560791,171.464538574,4.6565413475,14.9575185776,13.0203437805,13.1246805191,-22.2207298279],[-369.569671631,-194.073013306,106.140556335,240.520935059,36.3647613525,-12.3022193909,46.243270874,2.50672650337,-6.8912730217,-3.18267536163,-17.855342865,21.9370555878,-26.2847156525],[-52.6335601807,26.7636165619,-126.929908752,36.3647613525,221.139022827,-51.2861671448,98.2549514771,-57.828918457,24.059928894,-18.573551178,2.39881443977,3.57568240166,-7.28257274628],[-1295.54467773,-93.9812164307,244.569503784,-12.3022193909,-51.2861671448,322.300964355,-148.58253479,127.131874084,-23.7147789001,1.77682220936,24.9728603363,4.43688344955,1.7973511219],[594.055419922,47.9834823608,-159.743560791,46.243270874,98.2549514771,-148.58253479,244.895980835,-79.9249191284,22.5545120239,-2.07342839241,-21.4045238495,12.9761323929,-13.0674495697],[-862.386779785,-96.189239502,171.464538574,2.50672650337,-57.828918457,127.131874084,-79.9249191284,166.833328247,44.477848053,9.4267206192,8.50373077393,-9.87513637543,-11.3033638],[-334.275970459,-1.69444978237,4.6565413475,-6.8912730217,24.059928894,-23.7147789001,22.5545120239,44.477848053,114.434486389,27.866312027,0.449759691954,10.6349630356,-22.158493042],[-197.769348145,-28.2544937134,14.9575185776,-3.18267536163,-18.573551178,1.77682220936,-2.07342839241,9.4267206192,27.866312027,67.6484909058,27.7967433929,9.00766181946,8.25893115997],[-199.568237305,20.3552627563,13.0203437805,-17.855342865,2.39881443977,24.9728603363,-21.4045238495,8.50373077393,0.449759691954,27.7967433929,67.0849075317,21.0532855988,15.0861415863],[-385.440551758,-82.0888366699,13.1246805191,21.9370555878,3.57568240166,4.43688344955,12.9761323929,-9.87513637543,10.6349630356,9.00766181946,21.0532855988,78.0893096924,18.2087364197],[-4.0429983139,31.8083057404,-22.2207298279,-26.2847156525,-7.28257274628,1.7973511219,-13.0674495697,-11.3033638,-22.158493042,8.25893115997,15.0861415863,18.2087364197,81.9592819214]],"icov":[[0.000105059916677,-0.000377961667255,0.000702460180037,-0.000462150928797,0.000373537885025,3.46407034613e-7,0.000133809415274,-0.000282358756522,0.000355536612915,-0.000158273382112,0.000264499714831,-0.000113061498269,0.000298186350847],[-0.000377961667255,0.00330909481272,-0.00346117792651,0.00318001839332,-0.00113727024291,0.000163255972438,-0.00130934000481,0.00311490916647,-0.00279936357401,0.00264446786605,-0.00306509411894,0.0033991090022,-0.00231954781339],[0.000702460180037,-0.00346117792651,0.00899730809033,-0.00590856000781,0.00384477991611,-0.00188897515181,0.00207552174106,-0.00443674670532,0.00271914247423,-0.00208153552376,0.0025622905232,-0.00253286492079,0.00306043913588],[-0.000462150928797,0.00318001839332,-0.00590856000781,0.00966302026063,-0.0037095581647,0.00173693266697,-0.00216023926623,0.00160632375628,0.000361777783837,0.00030386558501,-0.000107239902718,-0.0000461139716208,-0.000153330460307],[0.000373537885025,-0.00113727024291,0.00384477991611,-0.0037095581647,0.00919675827026,-0.00228986120783,-0.00177761120722,0.002445806982,-0.00354310101829,0.00419938750565,-0.00301605765708,0.00218726648018,-0.0000780409172876],[3.46407034613e-7,0.000163255972438,-0.00188897515181,0.00173693266697,-0.00228986120783,0.00733583699912,0.00209684157744,-0.00447499658912,0.00418685050681,-0.00125242967624,0.000248774478678,-0.00194445496891,0.000978737603873],[0.000133809415274,-0.00130934000481,0.00207552174106,-0.00216023926623,-0.00177761120722,0.00209684157744,0.00789107196033,-0.000957044423558,0.00103833863977,-0.00249205017462,0.00331309624016,-0.00312348431908,0.0019228302408],[-0.000282358756522,0.00311490916647,-0.00443674670532,0.00160632375628,0.002445806982,-0.00447499658912,-0.000957044423558,0.0179465040565,-0.0117494426668,0.00638024089858,-0.00572822336107,0.00804655253887,-0.00382540654391],[0.000355536612915,-0.00279936357401,0.00271914247423,0.000361777783837,-0.00354310101829,0.00418685050681,0.00103833863977,-0.0117494426668,0.0206225514412,-0.0114663876593,0.00755661120638,-0.0087231323123,0.00737372180447],[-0.000158273382112,0.00264446786605,-0.00208153552376,0.00030386558501,0.00419938750565,-0.00125242967624,-0.00249205017462,0.00638024089858,-0.0114663876593,0.0262655466795,-0.0138371791691,0.00687159132212,-0.00534426188096],[0.000264499714831,-0.00306509411894,0.0025622905232,-0.000107239902718,-0.00301605765708,0.000248774478678,0.00331309624016,-0.00572822336107,0.00755661120638,-0.0138371791691,0.0263797715306,-0.010537924245,0.00225053820759],[-0.000113061498269,0.0033991090022,-0.00253286492079,-0.0000461139716208,0.00218726648018,-0.00194445496891,-0.00312348431908,0.00804655253887,-0.0087231323123,0.00687159132212,-0.010537924245,0.0227555222809,-0.00734421284869],[0.000298186350847,-0.00231954781339,0.00306043913588,-0.000153330460307,-0.0000780409172876,0.000978737603873,0.0019228302408,-0.00382540654391,0.00737372180447,-0.00534426188096,0.00225053820759,-0.00734421284869,0.0173967573792]],"mean":[-37.6448287964,109.065681458,-87.9967575073,-8.94494438171,-7.71415138245,-29.5254859924,8.25551223755,-20.0383911133,-9.48855686188,-5.74651956558,-4.43793821335,-11.7823619843,-2.01317882538]},"hfc":{"dmean":50.3932533264,"dmean2":76.3421478271,"dvar":3388.22607422,"dvar2":7346.68652344,"max":1040.01342773,"mean":179.825897217,"median":158.133560181,"min":1.08153626863e-16,"var":16633.4316406},"melbands":{"dmean":[0.000892552896403,0.000697961717378,0.0007831378025,0.000582112930715,0.000302421714878,0.00021702281083,0.000164725686773,0.000179628084879,0.000111627865408,0.000106737730675,0.0000929347370402,0.0000868899587658,0.0000970166074694,0.0000425972539233,0.0000359074729204,0.0000354317235178,0.0000292914664897,0.0000157470130944,0.0000151509711941,0.0000131294536914,0.00000704046487954,0.00000506588730786,0.00000503549881614,0.00000472324518341,0.00000556490749659,0.00000505266052642,0.00000624310723651,0.00000451286905445,0.00000300151964439,0.00000155347754571,8.51438642258e-7,5.36886830105e-7,2.10307717907e-7,7.26722930722e-8,4.68794851827e-8,3.16741477491e-8,2.58583732204e-8,2.2784671927e-8,2.02962375795e-8,1.82932762272e-8],"dmean2":[0.00150665373076,0.00110330490861,0.00131865951698,0.000944794912357,0.000457492482383,0.000343852152582,0.000261142733507,0.000290943658911,0.000180537259439,0.000175141976797,0.00015049240028,0.000137922732392,0.00015100260498,0.0000705633501639,0.0000596861791564,0.0000578589533689,0.0000476167515444,0.0000258416603174,0.0000242872338276,0.0000203598447115,0.0000112179759526,0.0000080583822637,0.00000775425905886,0.00000709732285031,0.00000835192986415,0.00000749957553126,0.00000953359813138,0.00000687019610268,0.00000453712027593,0.00000228445946959,0.00000123085158066,7.76259184931e-7,3.1250272059e-7,1.14575193777e-7,7.4879480394e-8,5.22065235486e-8,4.29384101608e-8,3.77788396122e-8,3.35878738156e-8,3.01915434875e-8],"dvar":[0.00000102264198176,0.00000107119365111,0.00000126382497001,7.47719013816e-7,3.98200143081e-7,1.89781403037e-7,8.5341739009e-8,1.78289482733e-7,6.39976036609e-8,6.51350759995e-8,6.57204282106e-8,3.7874297476e-8,8.69983765028e-8,1.08914637309e-8,4.69506167278e-9,4.59615989712e-9,4.11355571828e-9,9.11645370305e-10,1.29067279087e-9,2.04437666795e-9,2.64632649127e-10,2.03705316504e-10,2.24708904262e-10,2.02675487504e-10,2.82350531844e-10,2.69810424003e-10,3.90498050562e-10,2.02998159948e-10,8.64875671081e-11,2.96210660167e-11,9.81585732834e-12,4.01253899898e-12,3.69824261276e-13,1.72800853758e-14,7.40856604986e-15,2.99283210045e-15,2.00440076693e-15,1.53399763154e-15,1.19470249089e-15,9.48213785661e-16],"dvar2":[0.0000028054937502,0.00000262847265731,0.00000352014603777,0.00000179718779236,7.96028018613e-7,4.45149851203e-7,2.11083801105e-7,4.65271455141e-7,1.59210415518e-7,1.69872564015e-7,1.50457864834e-7,8.41833411869e-8,1.91965881413e-7,2.77306089203e-8,1.2147082451e-8,1.15573159931e-8,1.0588760091e-8,2.43904807462e-9,2.69759947713e-9,3.60708662939e-9,5.74423841826e-10,4.90482710003e-10,4.66472693805e-10,4.06947447962e-10,5.66150071268e-10,5.70756775176e-10,8.48864367686e-10,4.3821155038e-10,1.88498550102e-10,5.74264177877e-11,1.79918181048e-11,7.72359693563e-12,7.76364920702e-13,3.90972925693e-14,1.67994500824e-14,7.25845063579e-15,4.98070238414e-15,3.80521758851e-15,2.95658650184e-15,2.33939382724e-15],"max":[0.0194829329848,0.0218013897538,0.0180173087865,0.0171817522496,0.0180626697838,0.0156882870942,0.00561023270711,0.0121448719874,0.00684445071965,0.00748605653644,0.00749722635373,0.0063797342591,0.00863741524518,0.00283731264062,0.00172764551826,0.00147038639989,0.0013795188861,0.000778101326432,0.00200821342878,0.0025474592112,0.000682341167703,0.000472250132589,0.00057030498283,0.000550520780962,0.00052990129916,0.00063375744503,0.000609139387961,0.000461749412352,0.000290982541628,0.000197785440832,0.000154583263793,0.0000748164311517,0.0000285908208753,0.00000285088367491,0.00000284379052573,0.0000015287827182,8.67750713951e-7,7.64314961543e-7,6.7668020165e-7,6.03921876063e-7],"mean":[0.00144403928425,0.00119598244783,0.00136071280576,0.00113596441224,0.000605990702752,0.00039973075036,0.000314306089422,0.000291597476462,0.000200344104087,0.000189676939044,0.000168004364241,0.000151690968778,0.000171570587554,0.0000796607055236,0.0000641669830657,0.0000656350021018,0.0000521960682818,0.0000302397547784,0.0000291967953672,0.0000256250568782,0.0000130455428007,0.00000849305070005,0.00000832372916193,0.00000781913058745,0.00000892559364729,0.00000803952025308,0.00000986859231489,0.00000740455288906,0.00000479680193166,0.00000251538790508,0.00000134617334879,8.38346295495e-7,3.14081034958e-7,9.32717298952e-8,5.68178606386e-8,3.51810918175e-8,2.72762434861e-8,2.42216717794e-8,2.18813624997e-8,2.00316545573e-8],"median":[0.00108151487075,0.000713888264727,0.000780056114309,0.000605929351877,0.000216949061723,0.0001593472698,0.000152363209054,0.000124351907289,0.0000799116241978,0.0000777932145866,0.0000510651880177,0.0000537530577276,0.0000432798369729,0.0000309664465021,0.0000321729457937,0.0000270192067546,0.0000184259206435,0.0000141844793689,0.0000117236513688,0.00000783702762419,0.00000471075691166,0.00000364121933671,0.00000326379904436,0.00000298198756354,0.00000295911149806,0.0000029615925996,0.00000307085110762,0.00000238108714257,0.00000140146346439,6.86801229222e-7,3.78220448738e-7,2.32487977314e-7,1.03869048473e-7,3.86500644822e-8,2.39145379055e-8,1.45780472138e-8,1.04388613309e-8,9.36268129692e-9,8.6266567223e-9,8.1322264478e-9],"min":[6.62499143967e-25,7.98195151186e-25,9.75769762407e-25,1.63272533427e-24,6.7019270716e-25,1.08697716055e-24,1.45455261857e-24,1.69197154927e-24,1.91842255237e-24,1.20579184022e-24,1.06251734489e-24,2.61557423584e-24,2.73560455016e-24,1.29909426517e-24,3.08299187434e-24,2.48938410113e-24,3.07093058553e-24,2.07144657962e-24,2.6042599983e-24,3.6103094963e-24,2.62929844344e-24,3.52870577996e-24,3.48194644424e-24,4.63243538791e-24,3.70371181077e-24,4.01493558168e-24,4.23708827893e-24,4.83878404577e-24,3.08281359177e-24,5.3016182052e-24,4.5376557223e-24,4.67963885232e-24,5.38661126242e-24,4.41657898398e-24,4.74099645353e-24,5.72699843213e-24,4.75789582627e-24,5.13311791027e-24,6.34625858147e-24,5.85363506211e-24],"var":[0.0000019517419787,0.00000220900801651,0.00000291014453069,0.00000260935348706,0.00000142595467878,6.09348603575e-7,2.35309357777e-7,3.52819654381e-7,1.75663245727e-7,1.67636514448e-7,1.985191318e-7,9.5615803275e-8,2.4365155582e-7,2.82237486715e-8,9.20528719917e-9,1.16876082146e-8,8.94084006831e-9,2.16287832089e-9,3.90493193336e-9,8.16925815883e-9,8.52204418145e-10,3.07851300008e-10,4.28549640219e-10,3.80169562497e-10,5.42591527264e-10,4.62606258855e-10,6.49898135308e-10,3.49567069735e-10,1.418371115e-10,5.67848754129e-11,1.96104972539e-11,8.14270005589e-12,7.52912489299e-13,2.4816611846e-14,1.06058850328e-14,3.64563700476e-15,2.25122637952e-15,1.73762562261e-15,1.37083134557e-15,1.10578637193e-15]},"melbands_crest":{"dmean":3.47095441818,"dmean2":5.84608650208,"dvar":8.99211406708,"dvar2":25.0143527985,"max":37.0174446106,"mean":13.9852705002,"median":13.0459213257,"min":1.00016546249,"var":33.2393417358},"melbands_flatness_db":{"dmean":0.0296232644469,"dmean2":0.0453503280878,"dvar":0.000624863430858,"dvar2":0.00147716328502,"max":0.498054116964,"mean":0.256340622902,"median":0.253397762775,"min":-2.50230584697e-7,"var":0.00440649501979},"melbands_kurtosis":{"dmean":4.92979860306,"dmean2":7.9752035141,"dvar":61.6443634033,"dvar2":159.622802734,"max":308.133422852,"mean":9.90715408325,"median":6.12634468079,"min":-1.81517279148,"var":155.23248291},"melbands_skewness":{"dmean":0.617800295353,"dmean2":0.988339245319,"dvar":0.335000514984,"dvar2":0.847888410091,"max":14.7336778641,"mean":2.31659007072,"median":2.15672802925,"min":-1.03031361103,"var":1.69945526123},"melbands_spread":{"dmean":4.94912862778,"dmean2":7.78690481186,"dvar":46.7335929871,"dvar2":103.2081604,"max":167.810958862,"mean":19.1346378326,"median":14.6983270645,"min":1.0057888031,"var":395.446777344},"mfcc":{"cov":[[10597.2871094,1859.81433105,-1393.22436523,778.484313965,-572.502868652,84.3502502441,116.048614502,-289.937133789,13.097817421,-93.8007507324,-115.865692139,-137.55796814,-92.1900100708],[1859.81433105,1440.50097656,-147.045166016,81.5592956543,-44.4175415039,18.5280303955,51.7413978577,-74.6255111694,20.1387481689,18.8581428528,-2.48188734055,-14.7862195969,-2.71427130699],[-1393.22436523,-147.045166016,718.172302246,-213.35925293,170.83215332,-48.8969764709,-24.2401504517,72.5525970459,-29.7576599121,66.441986084,12.9046392441,27.1237983704,5.30022144318],[778.484313965,81.5592956543,-213.35925293,422.452545166,-128.473144531,48.7977142334,29.6782665253,-17.4745140076,27.9033260345,-26.4073677063,20.7219142914,-32.1851615906,3.56465554237],[-572.502868652,-44.4175415039,170.83215332,-128.473144531,225.463165283,5.39082813263,-3.30731081963,48.9491882324,-16.7044124603,22.8356227875,-1.09180045128,27.7871570587,11.8017034531],[84.3502502441,18.5280303955,-48.8969764709,48.7977142334,5.39082813263,117.72605896,48.3931770325,6.26801347733,-4.12926435471,-22.3147277832,-4.27364969254,-11.9133443832,14.7808990479],[116.048614502,51.7413978577,-24.2401504517,29.6782665253,-3.30731081963,48.3931770325,110.005279541,8.23777580261,-5.59671545029,-7.34603261948,-21.4160747528,-9.38120937347,-0.0420055277646],[-289.937133789,-74.6255111694,72.5525970459,-17.4745140076,48.9491882324,6.26801347733,8.23777580261,107.132202148,24.1891670227,5.54058218002,26.4499282837,10.8328351974,7.99729633331],[13.097817421,20.1387481689,-29.7576599121,27.9033260345,-16.7044124603,-4.12926435471,-5.59671545029,24.1891670227,76.8576660156,19.8930282593,9.27049160004,5.24039983749,-6.08489131927],[-93.8007507324,18.8581428528,66.441986084,-26.4073677063,22.8356227875,-22.3147277832,-7.34603261948,5.54058218002,19.8930282593,77.2377090454,29.0211048126,4.55488491058,1.64325845242],[-115.865692139,-2.48188734055,12.9046392441,20.7219142914,-1.09180045128,-4.27364969254,-21.4160747528,26.4499282837,9.27049160004,29.0211048126,83.3642044067,28.4537582397,3.60161066055],[-137.55796814,-14.7862195969,27.1237983704,-32.1851615906,27.7871570587,-11.9133443832,-9.38120937347,10.8328351974,5.24039983749,4.55488491058,28.4537582397,61.0716094971,17.4607620239],[-92.1900100708,-2.71427130699,5.30022144318,3.56465554237,11.8017034531,14.7808990479,-0.0420055277646,7.99729633331,-6.08489131927,1.64325845242,3.60161066055,17.4607620239,56.0754890442]],"icov":[[0.000194185398868,-0.000218064960791,0.000279570551356,-0.000212226179428,0.000251205492532,-0.0000887528731255,0.000151796310092,-0.000179940310773,0.000417731964262,-0.000400475837523,0.000547356961761,-0.000305779656628,0.000409182655858],[-0.000218064960791,0.00100948917679,-0.000230736943195,0.00020454780315,-0.000442084536189,0.000222636590479,-0.000692375702783,0.000957206473686,-0.000904333603103,0.000398462172598,-0.000987425795756,0.00062406307552,-0.000644220446702],[0.000279570551356,-0.000230736943195,0.00251620868221,0.000136080823722,-0.00032914642361,0.000159192582942,0.000537507236004,-0.00167473033071,0.00203090114519,-0.00247222743928,0.00152655085549,-0.00088068889454,0.000937538570724],[-0.000212226179428,0.00020454780315,0.000136080823722,0.00380335375667,0.000771782593802,-0.00034879046143,-0.00109857460484,0.00081683654571,-0.00198253337294,0.00194287428167,-0.00312627712265,0.00275330641307,-0.00171004701406],[0.000251205492532,-0.000442084536189,-0.00032914642361,0.000771782593802,0.00785363651812,-0.00255567650311,0.00172821921296,-0.00421832641587,0.00363349495456,-0.0040000169538,0.00443640165031,-0.00460043735802,0.00165634322912],[-0.0000887528731255,0.000222636590479,0.000159192582942,-0.00034879046143,-0.00255567650311,0.0133806308731,-0.0062324651517,0.00194013887085,-0.00245042727329,0.00578929716721,-0.00509031163529,0.00573426904157,-0.00529264472425],[0.000151796310092,-0.000692375702783,0.000537507236004,-0.00109857460484,0.00172821921296,-0.0062324651517,0.013802677393,-0.0045011760667,0.00415778718889,-0.00491703348234,0.00761792063713,-0.00429854216054,0.00361090316437],[-0.000179940310773,0.000957206473686,-0.00167473033071,0.00081683654571,-0.00421832641587,0.00194013887085,-0.0045011760667,0.0168027635664,-0.00902482774109,0.00724171195179,-0.00989838503301,0.00576410302892,-0.00451704999432],[0.000417731964262,-0.000904333603103,0.00203090114519,-0.00198253337294,0.00363349495456,-0.00245042727329,0.00415778718889,-0.00902482774109,0.0212837923318,-0.0107289049774,0.00835485477,-0.00782894343138,0.00627358211204],[-0.000400475837523,0.000398462172598,-0.00247222743928,0.00194287428167,-0.0040000169538,0.00578929716721,-0.00491703348234,0.00724171195179,-0.0107289049774,0.0247804801911,-0.014482316561,0.00983931683004,-0.00627355324104],[0.000547356961761,-0.000987425795756,0.00152655085549,-0.00312627712265,0.00443640165031,-0.00509031163529,0.00761792063713,-0.00989838503301,0.00835485477,-0.014482316561,0.0273837316781,-0.0158853679895,0.00725054787472],[-0.000305779656628,0.00062406307552,-0.00088068889454,0.00275330641307,-0.00460043735802,0.00573426904157,-0.00429854216054,0.00576410302892,-0.00782894343138,0.00983931683004,-0.0158853679895,0.0297846384346,-0.0113247614354],[0.000409182655858,-0.000644220446702,0.000937538570724,-0.00171004701406,0.00165634322912,-0.00529264472425,0.00361090316437,-0.00451704999432,0.00627358211204,-0.00627355324104,0.00725054787472,-0.0113247614354,0.0241133384407]],"mean":[-692.797851562,177.170349121,-22.5542030334,36.5386924744,-7.25838136673,9.63297653198,12.0643758774,-5.06497859955,3.32085466385,2.18171858788,0.626245498657,-1.9870390892,0.560981929302]},"pitch_salience":{"dmean":0.063528880477,"dmean2":0.10496263206,"dvar":0.00274693826213,"dvar2":0.00744219962507,"max":0.996097028255,"mean":0.576223790646,"median":0.589407920837,"min":0.0912909656763,"var":0.0112926168367},"silence_rate_20dB":{"dmean":0,"dmean2":0,"dvar":0,"dvar2":0,"max":1,"mean":1,"median":1,"min":1,"var":0},"silence_rate_30dB":{"dmean":0.00462046219036,"dmean2":0.00924194045365,"dvar":0.0045992070809,"dvar2":0.0124569833279,"max":1,"mean":0.996920049191,"median":1,"min":0,"var":0.00307051860727},"silence_rate_60dB":{"dmean":0.00308030797169,"dmean2":0.00616129394621,"dvar":0.00307086785324,"dvar2":0.00766383949667,"max":1,"mean":0.0500494986773,"median":0,"min":0,"var":0.0475421138108},"spectral_centroid":{"dmean":222.313919067,"dmean2":332.350982666,"dvar":82923.46875,"dvar2":162555.203125,"max":11752.3945312,"mean":1159.55529785,"median":880.856567383,"min":189.650405884,"var":1961918},"spectral_complexity":{"dmean":3.21936202049,"dmean2":4.79590702057,"dvar":12.6243715286,"dvar2":23.7420635223,"max":65,"mean":18.3133869171,"median":17,"min":0,"var":113.271080017},"spectral_contrast_coeffs":{"dmean":[0.0538339093328,0.0449925623834,0.0371199063957,0.0275662764907,0.0207125283778,0.043421741575],"dmean2":[0.0900408327579,0.0747247561812,0.0620466098189,0.0460403338075,0.0338887497783,0.0660071894526],"dvar":[0.0018173904391,0.00125383259729,0.00087508908473,0.000473433086881,0.000302744854707,0.00158486305736],"dvar2":[0.00499528460205,0.00345309218392,0.00234211562201,0.00129052810371,0.000785341428127,0.00353684555739],"max":[-0.372561275959,-0.488023519516,-0.558529257774,-0.583439409733,-0.664236426353,-0.420700252056],"mean":[-0.65412157774,-0.772580087185,-0.791751861572,-0.805434048176,-0.819988310337,-0.759990811348],"median":[-0.653710961342,-0.777533590794,-0.794418931007,-0.805576741695,-0.816594779491,-0.766354501247],"min":[-0.980989217758,-0.99750494957,-0.998508512974,-0.986597061157,-0.987369060516,-0.966223418713],"var":[0.00834770034999,0.00430825492367,0.00340309692547,0.00230795377865,0.00150342483539,0.006465239916]},"spectral_contrast_valleys":{"dmean":[0.382195413113,0.324893385172,0.27770575881,0.248301059008,0.298430204391,0.622680664062],"dmean2":[0.640489816666,0.538273334503,0.456047654152,0.387974113226,0.409355252981,1.0030772686],"dvar":[0.102014690638,0.0778264179826,0.059836294502,0.0556610189378,0.097190387547,0.293845266104],"dvar2":[0.257509917021,0.188450187445,0.140158697963,0.115150421858,0.166106387973,0.714454829693],"max":[-5.46881580353,-4.64264440536,-5.20433855057,-5.76960706711,-5.13466978073,-8.93787193298],"mean":[-7.29003429413,-6.80847597122,-7.33389043808,-7.91044616699,-8.08940601349,-11.5573158264],"median":[-6.7930264473,-6.29538583755,-6.8106212616,-7.36202049255,-7.54997873306,-11.1966114044],"min":[-28.1640720367,-28.1322212219,-28.0183086395,-27.6246871948,-27.5238723755,-27.4462013245],"var":[8.02412128448,8.38067436218,7.97319126129,7.63279008865,7.63578224182,5.22093915939]},"spectral_decrease":{"dmean":2.08765893461e-9,"dmean2":3.40988681735e-9,"dvar":4.4336190137e-18,"dvar2":1.16365560002e-17,"max":4.79804329601e-9,"mean":-5.33974420236e-9,"median":-4.51290649295e-9,"min":-3.17666000171e-8,"var":1.82233927364e-17},"spectral_energy":{"dmean":0.00861485954374,"dmean2":0.013629055582,"dvar":0.0000742252159398,"dvar2":0.000181566181709,"max":0.14863935113,"mean":0.0364642292261,"median":0.0340402051806,"min":1.00241414012e-20,"var":0.000521113921423},"spectral_energyband_high":{"dmean":0.000458864291431,"dmean2":0.000607986177783,"dvar":9.82806227512e-7,"dvar2":0.00000179997630312,"max":0.026874192059,"mean":0.00100710394327,"median":0.000440616422566,"min":6.94932365623e-21,"var":0.00000289214585791},"spectral_energyband_low":{"dmean":0.00447976170108,"dmean2":0.00733499694616,"dvar":0.0000255156337516,"dvar2":0.0000660322693875,"max":0.0874523594975,"mean":0.00934602785856,"median":0.00758996605873,"min":1.06168111289e-23,"var":0.0000631818256807},"spectral_energyband_middle_high":{"dmean":0.00166603177786,"dmean2":0.00250096386299,"dvar":0.00000838622236188,"dvar2":0.000018539811208,"max":0.061400283128,"mean":0.00525150261819,"median":0.0029107471928,"min":1.17661262159e-21,"var":0.0000434980247519},"spectral_energyband_middle_low":{"dmean":0.00476274639368,"dmean2":0.00766840623692,"dvar":0.0000354107069143,"dvar2":0.0000876142948982,"max":0.119777433574,"mean":0.0142338909209,"median":0.0104572577402,"min":1.50792415485e-22,"var":0.000176860456122},"spectral_entropy":{"dmean":0.171768084168,"dmean2":0.256240338087,"dvar":0.0275819115341,"dvar2":0.0606925301254,"max":9.81941890717,"mean":7.38555812836,"median":7.39571428299,"min":5.60105276108,"var":0.216167956591},"spectral_flux":{"dmean":0.017205407843,"dmean2":0.0277143958956,"dvar":0.000239031549427,"dvar2":0.000588005466852,"max":0.251928716898,"mean":0.0978210121393,"median":0.0996331721544,"min":6.15487175115e-11,"var":0.00162158953026},"spectral_kurtosis":{"dmean":4.53202962875,"dmean2":7.08823442459,"dvar":23.8820838928,"dvar2":59.069026947,"max":72.7967224121,"mean":20.5668067932,"median":19.367805481,"min":-1.25723028183,"var":66.4841842651},"spectral_rms":{"dmean":0.000691630819347,"dmean2":0.00109126977623,"dvar":3.59303925279e-7,"dvar2":8.88038471203e-7,"max":0.0120421759784,"mean":0.00558014865965,"median":0.00576280802488,"min":3.12724325602e-12,"var":0.0000044369189709},"spectral_rolloff":{"dmean":4268.44335938,"dmean2":8220.22265625,"dvar":56618388,"dvar2":142036240,"max":22050,"mean":15935.8417969,"median":21231.7382812,"min":21.533203125,"var":78139336},"spectral_skewness":{"dmean":0.35326513648,"dmean2":0.534858226776,"dvar":0.131375566125,"dvar2":0.30364215374,"max":6.58627510071,"mean":3.04381275177,"median":2.97268462181,"min":-0.0753072500229,"var":0.627962291241},"spectral_spread":{"dmean":467948.53125,"dmean2":738407.375,"dvar":383620218880,"dvar2":877306904576,"max":42580256,"mean":4432598.5,"median":3762465,"min":1611532.625,"var":22630159614000},"spectral_strongpeak":{"dmean":4.54810285568,"dmean2":8.45730209351,"dvar":203.238510132,"dvar2":542.193725586,"max":160.519393921,"mean":3.66112828255,"median":0.374145299196,"min":0,"var":162.788162231},"zerocrossingrate":{"dmean":0.03669565171,"dmean2":0.0478205643594,"dvar":0.000946254527662,"dvar2":0.00158290285617,"max":0.73193359375,"mean":0.30542242527,"median":0.30224609375,"min":0,"var":0.00915766134858}},"metadata":{"audio_properties":{"analysis_sample_rate":44100,"bit_rate":128000,"codec":"mp3","downmix":"mix","equal_loudness":0,"length":211.069381714,"lossless":false,"md5_encoded":"d6f659e69a97a797e18a4e73325bfd77","replay_gain":-1.45493888855,"sample_rate":44100},"tags":{"acoustid_id":["2e483b85-23bf-44c7-b286-1a0517ad1bef"],"album":["Greatest Hits"],"albumartist":["Bee Gees"],"albumartistsort":["Bee Gees"],"artist":["Bee Gees"],"artistsort":["Bee Gees"],"barcode":["4607147861974"],"catalognumber":["16036-1/16036-2"],"date":["2008"],"discnumber":["1/2"],"file_name":"Bee Gees_Don' t Forget To Remember.mp3","genre":["genre"],"isrc":["GBA076925170"],"label":["Star Mark/Star Mark"],"length":["211147"],"media":["CD"],"musicbrainz album release country":["RU"],"musicbrainz album status":["bootleg"],"musicbrainz album type":["album/compilation"],"musicbrainz_albumartistid":["bf0f7e29-dfe1-416c-b5c6-f9ebc19ea810"],"musicbrainz_albumid":["084a82ee-cabf-4884-8ae5-dbe166a2391b"],"musicbrainz_artistid":["bf0f7e29-dfe1-416c-b5c6-f9ebc19ea810"],"musicbrainz_recordingid":["ce095b1f-c657-4f52-ac7d-1a1a6cc0b7ab"],"musicbrainz_releasegroupid":["2ac2dfb7-e337-4545-9f9d-b5ba3118b3fe"],"originaldate":["2008"],"script":["Latn"],"title":["Don't Forget to Remember"],"tracknumber":["12/23"]},"version":{"essentia":"2.1-beta1","essentia_build_sha":"ca57ba49d9b1854bd80e60cf9ccf267278fb7d6b","essentia_git_sha":"v2.1_beta1-28-g21ef5f4-dirty","extractor":"music 1.0"}},"rhythm":{"beats_count":578,"beats_loudness":{"dmean":0.0143864452839,"dmean2":0.0247440952808,"dvar":0.000199662608793,"dvar2":0.000573397439439,"max":0.122484482825,"mean":0.0441851094365,"median":0.0425531752408,"min":0,"var":0.000612116942648},"beats_loudness_band_ratio":{"dmean":[0.142055153847,0.109725192189,0.0655928105116,0.0532844513655,0.0252673495561,0.109285540879],"dmean2":[0.244805514812,0.187070026994,0.112176418304,0.091487698257,0.0446503683925,0.187179431319],"dvar":[0.01536