{"lowlevel":{"average_loudness":0.881675004959,"barkbands":{"dmean":[0.0000192634706764,0.00169025897048,0.00147931452375,0.00168175622821,0.00244709500112,0.000790386518929,0.000987299950793,0.000762005045544,0.000894801341929,0.000590307696257,0.000333347474225,0.000319066864904,0.000333765463438,0.000372480397345,0.000289964315016,0.000280804844806,0.000160887124366,0.000179238253622,0.0000747459343984,0.0000909131485969,0.000076208882092,0.0000433400418842,0.0000559230684303,0.000059882622736,0.0000392933761759,0.00000701332646713,9.18768450209e-10],"dmean2":[0.0000327087327605,0.00263121630996,0.00248878076673,0.00272870599292,0.00403752923012,0.00122717232443,0.00162070640363,0.00119915476535,0.00137729640119,0.000909349822905,0.00051570252981,0.000503700575791,0.000499607587699,0.000573883589823,0.000445434823632,0.000442291930085,0.000255258841207,0.000280218810076,0.000114074755402,0.000136972172186,0.000110269182187,0.0000614331220277,0.0000811883510323,0.0000910462767933,0.000060401554947,0.0000105851686385,1.69419933638e-9],"dvar":[1.71868153043e-9,0.0000111901281343,0.0000043483414629,0.00000853971960169,0.0000171773244801,0.00000141397902098,0.00000307083291773,0.00000226239558287,0.00000291412584374,0.00000136186611144,6.54074710837e-7,4.63261756067e-7,0.00000112850102596,0.00000168091969499,4.99177247093e-7,6.57300802231e-7,1.19957434208e-7,8.0754027465e-8,2.18275619801e-8,2.91144441888e-8,2.90692625526e-8,1.90591986637e-8,1.08431166268e-7,8.15266005816e-8,1.09160271933e-8,4.00093236319e-10,1.8498986569e-18],"dvar2":[4.49279013992e-9,0.000025760538847,0.000011472402548,0.0000199208043341,0.0000444925972261,0.00000369448912352,0.0000076425003499,0.0000050828834901,0.00000682297923049,0.00000327053680849,0.00000145213550695,0.00000106212507944,0.0000021989628749,0.00000347583932125,0.00000113119665457,0.00000177482559138,3.08596952436e-7,1.89422223684e-7,4.82477169328e-8,6.31574508247e-8,5.99289649017e-8,3.45288135861e-8,2.2947870093e-7,1.77533195256e-7,2.41622100106e-8,8.30239099692e-10,5.72444924884e-18],"max":[0.000627224973869,0.038394074887,0.0278755389154,0.0404975488782,0.0489356443286,0.0230188500136,0.0323790870607,0.0345796197653,0.0555806532502,0.0250751003623,0.0217983052135,0.022293554619,0.0360837727785,0.0363263227046,0.0165255405009,0.0206558220088,0.0114501621574,0.00570354191586,0.00432700710371,0.00319394981489,0.00537448376417,0.00496059283614,0.0168788507581,0.0119634084404,0.00253853201866,0.000731233449187,1.8010453573e-8],"mean":[0.0000204878051591,0.00293673551641,0.00204871036112,0.0025293645449,0.00382043607533,0.0015810924815,0.00161994784139,0.00133146718144,0.00237420992926,0.00118201621808,0.000609483744483,0.000591056188568,0.000582269276492,0.000637070334051,0.000527475844137,0.000602549815085,0.000446541031124,0.000411912129493,0.000158344832016,0.000198857611394,0.000185389406397,0.0000803719231044,0.000100763129012,0.0000879812141648,0.0000558619249205,0.00000882864151208,7.94867116571e-10],"median":[0.00000634436628388,0.000742116884794,0.00106502068229,0.00092819990823,0.00230287504382,0.000943132676184,0.000705673068296,0.000485545984702,0.000524121453054,0.000388768297853,0.00016126272385,0.000273853627732,0.000192961626453,0.000147635204485,0.00014907597506,0.000136388160172,0.000113689806312,0.000179539536475,0.0000595165911363,0.0000743857308407,0.0000372846661776,0.0000237903095694,0.000027628017051,0.0000195742231881,0.0000148371309479,0.00000222236326408,3.25423549219e-10],"min":[9.45797130364e-24,4.38320717002e-23,2.33322021026e-23,2.19667816944e-23,1.10567022155e-22,4.03027805854e-23,2.58019173376e-23,3.74713442264e-23,7.70648063295e-23,6.018120765e-23,9.46891201553e-23,9.476049629e-23,8.12677057712e-23,1.3008848966e-22,8.03019506966e-23,2.66107092869e-22,1.65318159406e-22,2.02408821448e-22,2.33643989871e-22,4.47086728707e-22,3.48659480712e-22,5.42362193396e-22,7.67960003983e-22,6.69334265962e-22,1.16955381848e-21,1.79485288422e-21,2.85431857591e-21],"var":[1.77660264278e-9,0.0000247443877015,0.0000074802051131,0.0000221711652557,0.0000210550151678,0.00000382817506761,0.00000647197703074,0.00000598980113864,0.0000270102900686,0.00000432165279562,0.00000176423964149,0.00000122183678286,0.00000301498721456,0.00000474648641102,0.00000119077287764,0.0000020853535716,0.00000123579104638,3.15840594567e-7,6.6885647243e-8,9.21705662904e-8,1.43781207385e-7,4.80837698547e-8,1.67663998241e-7,1.148396791e-7,1.68006870638e-8,6.1801541662e-10,1.51493848529e-18]},"barkbands_crest":{"dmean":2.43594932556,"dmean2":3.95798206329,"dvar":4.57417440414,"dvar2":11.7430114746,"max":23.8318805695,"mean":9.57605457306,"median":8.96713924408,"min":2.83603358269,"var":12.7404174805},"barkbands_flatness_db":{"dmean":0.0205821525306,"dmean2":0.0311969127506,"dvar":0.000381826102966,"dvar2":0.000864023400936,"max":0.327793449163,"mean":0.157890349627,"median":0.149755731225,"min":0.0373450741172,"var":0.00193788972683},"barkbands_kurtosis":{"dmean":2.42303490639,"dmean2":3.85744690895,"dvar":11.7620773315,"dvar2":29.9716243744,"max":49.6346855164,"mean":3.86371946335,"median":2.09785413742,"min":-1.88718485832,"var":29.3583889008},"barkbands_skewness":{"dmean":0.471669107676,"dmean2":0.726081371307,"dvar":0.227828651667,"dvar2":0.540716290474,"max":6.24260139465,"mean":1.52243232727,"median":1.44609236717,"min":-3.75483489037,"var":1.06242191792},"barkbands_spread":{"dmean":4.59540176392,"dmean2":6.99899721146,"dvar":38.0966186523,"dvar2":78.4170684814,"max":97.6577453613,"mean":17.8445682526,"median":15.2445116043,"min":1.85219275951,"var":134.940353394},"dissonance":{"dmean":0.0203740112484,"dmean2":0.0340487062931,"dvar":0.000347189983586,"dvar2":0.000916839984711,"max":0.5,"mean":0.456844598055,"median":0.461730241776,"min":0.188331097364,"var":0.000700360338669},"dynamic_complexity":3.68255662918,"erbbands":{"dmean":[0.035098336637,0.433245658875,1.42994630337,3.80351781845,7.96308279037,7.61315870285,7.20131111145,7.69012451172,9.94098091125,18.3795318604,15.7182950974,19.3374671936,19.449634552,14.996761322,10.1921386719,11.7853116989,14.012717247,16.050321579,14.8006505966,14.6372251511,15.0991792679,8.66869831085,9.65361213684,6.11296701431,2.68664264679,4.22292661667,3.84293866158,2.15590643883,1.45363974571,1.64138329029,1.62952673435,1.56532728672,0.790309548378,0.527572989464,0.225518792868,0.0541769713163,0.0100428145379,0.000246387935476,0.0000121267448776,0.00000821891717351],"dmean2":[0.0553770326078,0.673066616058,2.33534860611,6.09261131287,13.2817621231,12.7996664047,11.0860157013,11.9934911728,15.9560480118,30.2023620605,24.0868225098,29.7255783081,30.0652103424,22.6402130127,15.7395153046,18.4413032532,20.7320518494,23.9217395782,23.1401863098,22.4476547241,23.5646495819,13.4708442688,15.0888166428,9.27259349823,4.09664583206,6.3668346405,5.66596603394,3.08095145226,2.03156471252,2.39307999611,2.39266848564,2.39932870865,1.17306697369,0.803219497204,0.349027097225,0.0816513672471,0.0152991656214,0.000374541501515,0.0000172701693373,0.0000122646133605],"dvar":[0.00626854039729,0.689485430717,4.45258426666,48.1433792114,211.372512817,145.909240723,102.022323608,177.703201294,240.727874756,1557.52685547,976.22857666,1344.86193848,1215.32470703,1032.01855469,394.417572021,657.853210449,2210.04858398,3558.70141602,1451.43603516,1067.38439941,2430.79345703,348.899719238,248.683547974,122.534423828,23.2739772797,65.2902679443,68.0803604126,37.5487594604,23.2706680298,30.8816146851,117.255973816,86.775062561,8.7044467926,1.96940374374,0.429377943277,0.0233430955559,0.00101185648236,5.84900021749e-7,8.82085571252e-10,1.03462752254e-10],"dvar2":[0.0149223124608,1.57863020897,10.9243812561,106.891136169,540.624511719,388.021148682,226.153701782,476.356079102,583.374694824,3914.82763672,2150.04125977,3126.91796875,3011.75390625,2153.63183594,939.085632324,1500.95251465,4173.22949219,7257.34716797,3199.5793457,2519.82080078,6572.52832031,868.470031738,593.184020996,277.860839844,54.0345344543,142.722900391,144.077407837,74.3582000732,41.1517868042,55.9060745239,253.743606567,191.078094482,18.2533550262,4.43226718903,0.935608863831,0.0455033555627,0.00234927958809,0.00000136467394896,1.87228588189e-9,2.24044047203e-10],"max":[1.06346750259,9.08981227875,31.3306560516,109.24961853,163.408477783,149.123687744,208.886627197,266.424072266,428.971801758,743.524536133,718.260742188,1130.9765625,742.075378418,933.91784668,406.846832275,951.244262695,1885.28088379,1878.0333252,718.896850586,760.943847656,1368.18457031,680.364074707,337.05947876,318.758575439,90.5718917847,155.972930908,344.477142334,154.203933716,187.624328613,203.924484253,578.608947754,425.839263916,125.228347778,32.4175109863,22.0082740784,4.57745504379,1.48627901077,0.0342208370566,0.00108908931725,0.000192391875316],"mean":[0.0557505302131,0.767698943615,2.2145485878,6.48494386673,9.55652427673,11.8568372726,14.5178985596,14.8943338394,19.6138019562,28.5567131042,31.9421825409,49.134727478,47.7076873779,32.712146759,22.0069904327,22.7245063782,26.5485134125,31.0742721558,28.5190925598,29.9312000275,34.4477767944,25.615688324,22.8127059937,15.5558004379,6.13638687134,9.53492164612,9.84997558594,4.92040205002,2.75566363335,3.34128427505,2.79838323593,2.10365056992,1.29708373547,0.794969499111,0.295642137527,0.0712326169014,0.011622082442,0.000293821532978,0.0000268532076007,0.000031201125239],"median":[0.0119144478813,0.22066500783,1.27672612667,2.56724214554,5.04037475586,7.0075135231,8.09846973419,8.1238079071,10.9584846497,10.6979093552,11.5003156662,12.1276082993,15.135310173,11.8928089142,8.39484882355,10.9493646622,9.21937656403,7.6398768425,8.64497375488,9.47541332245,8.65716743469,7.06704378128,10.0451097488,5.69769716263,2.88712120056,3.56339764595,2.34583616257,1.05526769161,0.837885141373,1.05198645592,0.701225101948,0.420846879482,0.303818464279,0.224881544709,0.0686056315899,0.0175023041666,0.00274811801501,0.000075930460298,0.0000175951154233,0.0000279742034763],"min":[2.12761839541e-21,6.99961365253e-21,1.90353290565e-20,6.06661305206e-20,1.67242452324e-19,3.74529700378e-19,5.00423487682e-19,3.25074768752e-19,2.62156386982e-19,9.13616230276e-19,6.33765157522e-19,2.0472707753e-18,1.6148529077e-18,3.71493016952e-18,3.17452955982e-18,3.5943065567e-18,2.89388061967e-18,7.67448577032e-18,4.01374048041e-18,6.36558081161e-18,1.57172091883e-17,1.02247605266e-17,9.34185027465e-18,1.22281117337e-17,1.6390676482e-17,1.81299362164e-17,1.44154717496e-17,1.61038648395e-17,1.98113297039e-17,2.19115594772e-17,2.02779273982e-17,1.32375921999e-17,1.1858692045e-17,9.34782417304e-18,1.08047762634e-17,6.71474656947e-18,3.3064446016e-18,1.47473678374e-18,4.40467007041e-19,3.94705611333e-20],"var":[0.0114210015163,1.56628835201,8.04232597351,148.80809021,204.755752563,203.334640503,358.507080078,417.227355957,738.309020996,3169.10107422,3063.37524414,9191.24902344,6325.1796875,3660.08984375,1469.91162109,1793.27636719,6330.91357422,10816.9667969,3731.75561523,2891.671875,7160.55908203,3327.04882813,1082.35375977,595.361694336,67.270690918,213.81262207,338.645965576,152.395370483,58.6373786926,79.4667282104,165.543518066,112.76473999,14.5015287399,3.16230416298,0.611535966396,0.0392563641071,0.00123049586546,7.13784288564e-7,1.5276157006e-9,4.60458227103e-10]},"erbbands_crest":{"dmean":2.23831677437,"dmean2":3.6102938652,"dvar":4.56006813049,"dvar2":11.5439805984,"max":27.3609523773,"mean":8.43914604187,"median":7.69816446304,"min":2.5303273201,"var":11.6380815506},"erbbands_flatness_db":{"dmean":0.01649139449,"dmean2":0.0233688727021,"dvar":0.000257962237811,"dvar2":0.000497694883961,"max":0.309224188328,"mean":0.171197205782,"median":0.171260103583,"min":0.048919454217,"var":0.001043736469},"erbbands_kurtosis":{"dmean":0.707691729069,"dmean2":1.11887729168,"dvar":1.16036891937,"dvar2":2.44473004341,"max":32.9357795715,"mean":0.183126211166,"median":-0.248936474323,"min":-1.70737862587,"var":2.92407369614},"erbbands_skewness":{"dmean":0.33275821805,"dmean2":0.513045668602,"dvar":0.098880007863,"dvar2":0.214536845684,"max":2.88662219048,"mean":0.340981662273,"median":0.38447034359,"min":-4.92751550674,"var":0.423201948404},"erbbands_spread":{"dmean":6.53066253662,"dmean2":9.94209957123,"dvar":59.6695594788,"dvar2":138.432525635,"max":112.507575989,"mean":34.2818489075,"median":32.1627922058,"min":5.64263153076,"var":188.312683105},"gfcc":{"cov":[[9751.25976563,-1229.58508301,-1023.18835449,380.89364624,-778.141052246,86.7858810425,-163.693969727,266.719940186,81.7996749878,85.1194915771,-231.16494751,-238.259735107,7.41995429993],[-1229.58508301,1154.86499023,212.313095093,-216.185821533,433.035125732,-74.1969146729,115.035560608,-144.21963501,27.6299915314,-80.4422836304,167.451675415,-13.9451446533,34.7251472473],[-1023.18835449,212.313095093,539.893127441,70.900100708,163.4324646,50.713432312,-5.60915136337,-34.1192054749,-24.7302761078,30.8865566254,63.5463676453,47.5439567566,-38.4689903259],[380.89364624,-216.185821533,70.900100708,344.069091797,-15.0063371658,-27.1974010468,-9.34524822235,71.6211700439,52.3572654724,9.10398483276,13.1783885956,44.8786659241,32.0400657654],[-778.141052246,433.035125732,163.4324646,-15.0063371658,334.136749268,24.6475753784,70.6719818115,-9.81567764282,12.4079065323,1.60708153248,68.6273193359,21.5011043549,23.9147262573],[86.7858810425,-74.1969146729,50.713432312,-27.1974010468,24.6475753784,184.407577515,72.736366272,13.7626218796,-1.98021054268,49.6471443176,-5.15663099289,-19.5566291809,-6.25505495071],[-163.693969727,115.035560608,-5.60915136337,-9.34524822235,70.6719818115,72.736366272,148.708068848,19.6703014374,26.3594665527,6.80251741409,18.3095340729,-7.30933666229,17.3666706085],[266.719940186,-144.21963501,-34.1192054749,71.6211700439,-9.81567764282,13.7626218796,19.6703014374,145.813919067,54.8542060852,18.7695388794,-26.855506897,9.32479381561,19.1805019379],[81.7996749878,27.6299915314,-24.7302761078,52.3572654724,12.4079065323,-1.98021054268,26.3594665527,54.8542060852,109.579582214,12.020652771,5.90675830841,-3.70038819313,28.4506282806],[85.1194915771,-80.4422836304,30.8865566254,9.10398483276,1.60708153248,49.6471443176,6.80251741409,18.7695388794,12.020652771,95.5277786255,21.9804782867,1.55023372173,-5.75906896591],[-231.16494751,167.451675415,63.5463676453,13.1783885956,68.6273193359,-5.15663099289,18.3095340729,-26.855506897,5.90675830841,21.9804782867,113.772972107,37.8913154602,19.7356739044],[-238.259735107,-13.9451446533,47.5439567566,44.8786659241,21.5011043549,-19.5566291809,-7.30933666229,9.32479381561,-3.70038819313,1.55023372173,37.8913154602,102.349601746,29.459903717],[7.41995429993,34.7251472473,-38.4689903259,32.0400657654,23.9147262573,-6.25505495071,17.3666706085,19.1805019379,28.4506282806,-5.75906896591,19.7356739044,29.459903717,81.9095687866]],"icov":[[0.000212768834899,-0.000451657397207,0.00051254912978,-0.000633210584056,0.000634588650428,-0.000637718243524,0.000546724942978,-0.000452314619906,0.000390272500226,-0.000407183018979,0.000251361547271,0.000190083650523,0.000123516889289],[-0.000451657397207,0.00733182765543,-0.00285781407729,0.00536407064646,-0.00697441585362,0.0056063355878,-0.00421714968979,0.00426340382546,-0.00461839325726,0.00549680599943,-0.00620277924463,0.00335380574688,-0.00186866067816],[0.00051254912978,-0.00285781407729,0.00471336161718,-0.00356670096517,0.0015229980927,-0.00398537795991,0.00323055242188,-0.00134012824856,0.00206796987914,-0.00236637238413,0.00153965386562,-0.00189638533629,0.00308020366356],[-0.000633210584056,0.00536407064646,-0.00356670096517,0.00831356085837,-0.0047036986798,0.00527593214065,-0.00352249899879,0.00184037012514,-0.00465429807082,0.00413889950141,-0.00454484065995,0.000989029998891,-0.00240469747223],[0.000634588650428,-0.00697441585362,0.0015229980927,-0.0047036986798,0.011462919414,-0.00513030122966,0.00232936977409,-0.00466395355761,0.00440265610814,-0.00467796018347,0.00399872940034,-0.0022525631357,0.000302752450807],[-0.000637718243524,0.0056063355878,-0.00398537795991,0.00527593214065,-0.00513030122966,0.0139415198937,-0.00849900301546,0.00318611343391,-0.00213467958383,-0.000454938912299,-0.00253751082346,0.00324529432692,-0.00248242611997],[0.000546724942978,-0.00421714968979,0.00323055242188,-0.00352249899879,0.00232936977409,-0.00849900301546,0.0135915288702,-0.0036150785163,0.000995142501779,-0.00100069097243,0.00134234211873,-0.000746877747588,0.000798301771283],[-0.000452314619906,0.00426340382546,-0.00134012824856,0.00184037012514,-0.00466395355761,0.00318611343391,-0.0036150785163,0.013411141932,-0.00700475042686,0.000953342823777,0.000682642683387,-0.000694367918186,-0.00129936810117],[0.000390272500226,-0.00461839325726,0.00206796987914,-0.00465429807082,0.00440265610814,-0.00213467958383,0.000995142501779,-0.00700475042686,0.0164896957576,-0.00494430912659,0.00253893737681,0.00116047321353,-0.00240906048566],[-0.000407183018979,0.00549680599943,-0.00236637238413,0.00413889950141,-0.00467796018347,-0.000454938912299,-0.00100069097243,0.000953342823777,-0.00494430912659,0.0187711156905,-0.00923123490065,0.00259803351946,0.000623132567853],[0.000251361547271,-0.00620277924463,0.00153965386562,-0.00454484065995,0.00399872940034,-0.00253751082346,0.00134234211873,0.000682642683387,0.00253893737681,-0.00923123490065,0.0196282416582,-0.00720280176029,-0.000367641885532],[0.000190083650523,0.00335380574688,-0.00189638533629,0.000989029998891,-0.0022525631357,0.00324529432692,-0.000746877747588,-0.000694367918186,0.00116047321353,0.00259803351946,-0.00720280176029,0.0166009683162,-0.00594581477344],[0.000123516889289,-0.00186866067816,0.00308020366356,-0.00240469747223,0.000302752450807,-0.00248242611997,0.000798301771283,-0.00129936810117,-0.00240906048566,0.000623132567853,-0.000367641885532,-0.00594581477344,0.018341563642]],"mean":[-22.4146690369,116.899009705,-126.20866394,30.6220550537,-63.2826156616,13.9382715225,-46.4605484009,11.3945522308,-26.3636379242,-4.70555925369,-15.8530302048,-7.39140081406,-6.19986248016]},"hfc":{"dmean":4.50208044052,"dmean2":6.21384429932,"dvar":50.8755073547,"dvar2":98.081489563,"max":247.878250122,"mean":18.9223670959,"median":13.4206676483,"min":1.25204876548e-16,"var":322.700500488},"melbands":{"dmean":[0.00040101230843,0.00066703511402,0.000739369133953,0.000565165653825,0.000270461110631,0.000164617100381,0.000164656434208,0.000195076921955,0.000126465383801,0.000132159897476,0.0001028752813,0.0000675291375956,0.0000368233559129,0.0000364800980606,0.0000297012920782,0.0000370905290765,0.0000322378255078,0.0000277449726127,0.0000239718665398,0.0000198310062842,0.0000179561939149,0.00000997727784124,0.00000823686968943,0.00000948068282014,0.00000513003760716,0.00000193292612494,0.00000262747084889,0.00000312991278406,0.00000294136498269,0.00000180573681519,0.00000117399724786,8.05733179732e-7,9.41986399994e-7,9.47028524934e-7,9.49723244048e-7,0.00000111718952667,8.91759498245e-7,5.69289284158e-7,5.26398082457e-7,4.33322895788e-7],"dmean2":[0.000625418964773,0.00106162799057,0.0011961288983,0.000949068402406,0.000421081931563,0.000256331491983,0.000265584560111,0.00031732241041,0.000191644081497,0.000204485768336,0.000159701085067,0.000102029764093,0.0000558352003281,0.0000568398281757,0.0000457764399471,0.0000556926643185,0.0000490083730256,0.0000432858614658,0.0000365307605534,0.0000310228497256,0.0000282751552731,0.0000157309114002,0.0000129383633976,0.0000147607579493,0.00000782550614531,0.00000301805607705,0.00000406226445193,0.00000474669695905,0.00000442738564743,0.00000258969726019,0.0000017004408619,0.00000114345584734,0.00000137299684866,0.00000138322411658,0.00000137115296184,0.00000177104084287,0.00000139537860377,8.56846384067e-7,8.00367217835e-7,6.72791429679e-7],"dvar":[7.01186820606e-7,0.00000101454236301,0.00000135509640131,0.00000113954570224,1.3926673148e-7,7.21430453154e-8,6.5256706705e-8,1.58287321028e-7,6.84660079742e-8,6.44087876367e-8,3.34265450874e-8,1.91530702409e-8,6.17346707088e-9,5.22011855963e-9,6.77525813231e-9,1.80532939709e-8,1.7218429349e-8,6.33704599906e-9,4.29871693797e-9,2.08836281601e-9,3.26209526058e-9,5.25634480386e-10,2.33761954238e-10,2.35594294073e-10,9.91475929135e-11,1.24511937219e-11,2.61909452459e-11,3.84724405111e-11,4.17598629288e-11,1.78643350113e-11,1.52524798347e-11,6.84515335039e-12,1.03400257107e-11,1.05589911814e-11,3.64143992737e-11,5.2769812825e-11,2.90293310223e-11,4.7676567555e-12,2.4255246249e-12,1.33660357088e-12],"dvar2":[0.00000164443304129,0.00000237553513216,0.00000317897797686,0.00000299301905216,3.22516370943e-7,1.93328432374e-7,1.58113067528e-7,3.91245436049e-7,1.45951275954e-7,1.53685121518e-7,8.25073556143e-8,4.05523294944e-8,1.3995284931e-8,1.177482023e-8,1.36050770649e-8,3.42479111737e-8,3.40065753335e-8,1.40167042417e-8,9.99384219824e-9,5.34497379689e-9,8.48416803478e-9,1.31067134923e-9,5.58198431921e-10,5.92839721758e-10,2.23949303546e-10,3.09273787136e-11,6.01630620323e-11,8.56937576454e-11,9.12947425991e-11,3.57280247054e-11,3.19921172887e-11,1.2148922493e-11,1.98084552233e-11,1.9402673912e-11,7.89356705e-11,1.17974768843e-10,6.72709318805e-11,9.8705904561e-12,5.46056342504e-12,3.11814766715e-12],"max":[0.0104990359396,0.0127462213859,0.0158127676696,0.0123172998428,0.00693636899814,0.00528317783028,0.00653738481924,0.00735151022673,0.0055226017721,0.00847637280822,0.0038379766047,0.00357169029303,0.00162332947366,0.00196303101256,0.00320600066334,0.00435675540939,0.00415356457233,0.00155992177315,0.00179649039637,0.00123014510609,0.00152986857574,0.000842430337798,0.000372162408894,0.000296618440188,0.000303253298625,0.000077392309322,0.0000840036809677,0.000118385141832,0.00028605380794,0.000108696032839,0.0000989061009022,0.0000921390092117,0.00012555126159,0.000121547622257,0.000319417216815,0.000338653684594,0.000260528468061,0.0000902036408661,0.0000535425569979,0.0000264623977273],"mean":[0.000686915009283,0.00114282697905,0.00117915379815,0.000763170828577,0.000538610620424,0.000324152701069,0.000308720103931,0.000314042496029,0.000260818458628,0.000334289041348,0.000243365211645,0.000140245101647,0.0000727698352421,0.0000686306593707,0.0000520236426382,0.0000637915654806,0.0000577946193516,0.0000467484896944,0.0000425185826316,0.0000411838809669,0.0000377726610168,0.0000273642817774,0.000019690111003,0.0000206531130971,0.0000120643808259,0.00000426554197475,0.000004851718586,0.00000662750744596,0.00000686933026373,0.0000042485476115,0.00000230846330851,0.00000140429176554,0.0000017137543864,0.00000189188108379,0.0000016493233943,0.00000144308216932,0.00000120318281915,9.10295227641e-7,8.18436831196e-7,6.20300852461e-7],"median":[0.000160537631018,0.000626031833235,0.000557437422685,0.000440893170889,0.000313084980007,0.000187221114174,0.000167361125932,0.000115466522402,0.0000830295830383,0.0000732206171961,0.0000758111709729,0.0000484668598801,0.00002387690256,0.000030340255762,0.0000206537351914,0.0000178294612851,0.0000119797477964,0.0000133757275762,0.0000110599239633,0.0000109239526864,0.00000890184583113,0.00000656323163639,0.00000707738490746,0.00000904275839275,0.00000394904691348,0.00000172524528352,0.00000209148015529,0.00000213497514778,0.00000155461623308,7.59814213325e-7,4.35902308027e-7,3.92164508867e-7,4.85193822897e-7,5.79852780902e-7,4.07112906942e-7,2.52792005995e-7,2.34870341842e-7,2.0369692777e-7,2.03262970899e-7,1.66761850551e-7],"min":[1.6000991122e-23,9.50685228077e-24,1.26487203943e-23,1.95593596497e-23,1.9012562291e-23,7.3918491407e-24,3.76624323701e-24,9.72527445479e-24,5.79958152402e-24,1.25535182937e-23,7.50432098426e-24,1.44325573598e-23,1.10057992301e-23,1.24351994131e-23,6.00352612828e-24,8.44991592957e-24,1.52240861926e-23,6.33550206859e-24,6.06639518698e-24,1.39428593311e-23,1.84642392752e-23,1.05439827012e-23,8.43340270424e-24,9.38484232e-24,9.92376605804e-24,8.48855433671e-24,1.65699538944e-23,1.0683335769e-23,9.12687297108e-24,8.64954112594e-24,9.70064306189e-24,1.03352335396e-23,1.16327511677e-23,1.33066745655e-23,1.19720836304e-23,9.64320294393e-24,7.48655031465e-24,8.87476643641e-24,7.21402174886e-24,7.82921650352e-24],"var":[0.00000151235224166,0.00000201477450901,0.00000331979981638,0.00000112568886834,4.38588699581e-7,1.73777422674e-7,1.74810466547e-7,3.55318320544e-7,2.42069205569e-7,4.85320697408e-7,1.68432109149e-7,6.56957226397e-8,1.95528144786e-8,1.42022589245e-8,1.88669471157e-8,4.61946498831e-8,5.05847950194e-8,1.35907889387e-8,8.86880968665e-9,6.93081636527e-9,8.77763461915e-9,4.80891593213e-9,1.14947029672e-9,8.39463554225e-10,4.43024672503e-10,4.01954754203e-11,5.62580711183e-11,1.22368504218e-10,1.77100750731e-10,8.80599967945e-11,5.08705369495e-11,1.71345940908e-11,2.3079961553e-11,2.66007285643e-11,5.30540333887e-11,6.60914586947e-11,3.52875124954e-11,7.96121588792e-12,3.94655662317e-12,1.97044008714e-12]},"melbands_crest":{"dmean":3.19747805595,"dmean2":5.21349906921,"dvar":7.53854942322,"dvar2":19.1942672729,"max":29.7274971008,"mean":13.0245819092,"median":12.2356328964,"min":1.8381613493,"var":22.9534835815},"melbands_flatness_db":{"dmean":0.0256775207818,"dmean2":0.0378147773445,"dvar":0.000639510573819,"dvar2":0.00138736446388,"max":0.436567276716,"mean":0.20797470212,"median":0.195298671722,"min":0.00439771916717,"var":0.00450673233718},"melbands_kurtosis":{"dmean":4.76291370392,"dmean2":7.52790784836,"dvar":51.1473960876,"dvar2":127.249969482,"max":144.268722534,"mean":9.94201469421,"median":6.72423601151,"min":-1.86870396137,"var":125.639755249},"melbands_skewness":{"dmean":0.586525321007,"dmean2":0.909749686718,"dvar":0.358205765486,"dvar2":0.855711400509,"max":9.97956180573,"mean":2.33822464943,"median":2.25705122948,"min":-1.10623073578,"var":1.6310915947},"melbands_spread":{"dmean":5.76395511627,"dmean2":8.63589096069,"dvar":97.944694519,"dvar2":168.022216797,"max":232.738388062,"mean":21.0148792267,"median":17.1959476471,"min":1.60415327549,"var":346.592895508},"mfcc":{"cov":[[8853.70605469,-1307.90966797,-459.361236572,-156.686004639,-404.823120117,-311.886230469,-261.489379883,-71.6433105469,233.971282959,248.556549072,-16.3780593872,-63.8006095886,-48.6727027893],[-1307.90966797,1470.73474121,-109.412109375,-24.9948616028,216.250289917,110.497589111,142.391906738,-1.63354384899,-102.165878296,-47.4726219177,49.5214118958,-16.5419521332,10.0667448044],[-459.361236572,-109.412109375,382.509613037,72.6698226929,55.8854560852,64.7532348633,12.0022506714,-2.94681048393,-44.1583862305,-6.25021982193,11.5374822617,40.0005683899,8.77432823181],[-156.686004639,-24.9948616028,72.6698226929,302.202056885,103.876335144,-29.8814220428,-17.6013774872,41.0723381042,20.6890964508,-52.749797821,-8.67910194397,72.0658874512,39.5492858887],[-404.823120117,216.250289917,55.8854560852,103.876335144,201.054901123,29.4406604767,32.7297897339,9.3038854599,4.42169380188,-17.7315616608,14.1806364059,36.2070770264,18.4118385315],[-311.886230469,110.497589111,64.7532348633,-29.8814220428,29.4406604767,165.790634155,83.4337387085,2.45192193985,-13.146443367,21.4345474243,27.2331523895,-0.0989578291774,-13.8760099411],[-261.489379883,142.391906738,12.0022506714,-17.6013774872,32.7297897339,83.4337387085,149.837173462,16.4297389984,-1.87927091122,12.4918088913,23.7343444824,11.46438694,-0.137523517013],[-71.6433105469,-1.63354384899,-2.94681048393,41.0723381042,9.3038854599,2.45192193985,16.4297389984,106.944709778,45.5844345093,2.82768177986,2.03337240219,-1.34594261646,12.2560710907],[233.971282959,-102.165878296,-44.1583862305,20.6890964508,4.42169380188,-13.146443367,-1.87927091122,45.5844345093,135.346908569,48.4037971497,11.6663599014,-2.44320297241,-0.41814827919],[248.556549072,-47.4726219177,-6.25021982193,-52.749797821,-17.7315616608,21.4345474243,12.4918088913,2.82768177986,48.4037971497,123.447067261,36.3314094543,-15.1927118301,-14.9617042542],[-16.3780593872,49.5214118958,11.5374822617,-8.67910194397,14.1806364059,27.2331523895,23.7343444824,2.03337240219,11.6663599014,36.3314094543,79.3801116943,14.7374038696,-3.77625966072],[-63.8006095886,-16.5419521332,40.0005683899,72.0658874512,36.2070770264,-0.0989578291774,11.46438694,-1.34594261646,-2.44320297241,-15.1927118301,14.7374038696,94.9050369263,24.9139385223],[-48.6727027893,10.0667448044,8.77432823181,39.5492858887,18.4118385315,-13.8760099411,-0.137523517013,12.2560710907,-0.41814827919,-14.9617042542,-3.77625966072,24.9139385223,67.8309555054]],"icov":[[0.000160080540809,0.000107814208604,0.000179262438905,-0.0000329696595145,0.000118514108181,0.000126077458845,0.0000730761530576,0.000138460789458,-0.0000714892157703,-0.000270220480161,-0.0000150008127093,-0.0000216431944864,0.000010723792002],[0.000107814208604,0.00120143126696,0.000761600793339,0.000229717887123,-0.0013342135353,-0.00020271219546,-0.000495999003761,-0.000184546937817,0.00103934691288,0.00011360469216,-0.000667864864226,0.000550648139324,-0.000188336329302],[0.000179262438905,0.000761600793339,0.00383942015469,-0.000640380603727,-0.00101829448249,-0.00155926635489,0.000505906005856,-0.000246332609095,0.00188871088903,-0.000798605848104,-0.000304597866489,-0.000568018760532,-0.0000775437656557],[-0.0000329696595145,0.000229717887123,-0.000640380603727,0.00592927541584,-0.00260223099031,0.000741134572309,0.00083135382738,-0.00188336055726,-0.000843319518026,0.00188410666306,0.000374001800083,-0.00293676764704,-0.000722215452697],[0.000118514108181,-0.0013342135353,-0.00101829448249,-0.00260223099031,0.00860981270671,-0.000444652570877,-0.000451782951131,0.0012114654528,-0.00190848472994,0.0000574610639887,-0.000164889614098,-0.000869180716109,-0.000404798658565],[0.000126077458845,-0.00020271219546,-0.00155926635489,0.000741134572309,-0.000444652570877,0.0100410431623,-0.00463310442865,-0.0000316718396789,0.000414729904151,-0.00100670591928,-0.00113406660967,0.000489048077725,0.00159896886908],[0.0000730761530576,-0.000495999003761,0.000505906005856,0.00083135382738,-0.000451782951131,-0.00463310442865,0.0104513885453,-0.00166035501752,-0.0000672140231472,-0.000309333699988,-0.000587898131926,-0.00187043088954,-0.000342456565704],[0.000138460789458,-0.000184546937817,-0.000246332609095,-0.00188336055726,0.0012114654528,-0.0000316718396789,-0.00166035501752,0.0125476270914,-0.00470545189455,0.000818635046016,-0.000218594854232,0.00207242462784,-0.00197094166651],[-0.0000714892157703,0.00103934691288,0.00188871088903,-0.000843319518026,-0.00190848472994,0.000414729904151,-0.0000672140231472,-0.00470545189455,0.0124222412705,-0.00462627317756,-0.000407724699471,0.000167323669302,0.000466774479719],[-0.000270220480161,0.00011360469216,-0.000798605848104,0.00188410666306,0.0000574610639887,-0.00100670591928,-0.000309333699988,0.000818635046016,-0.00462627317756,0.0131608974189,-0.00497684534639,0.00139725219924,0.00050807808293],[-0.0000150008127093,-0.000667864864226,-0.000304597866489,0.000374001800083,-0.000164889614098,-0.00113406660967,-0.000587898131926,-0.000218594854232,-0.000407724699471,-0.00497684534639,0.0167928356677,-0.00383047619835,0.00100228388328],[-0.0000216431944864,0.000550648139324,-0.000568018760532,-0.00293676764704,-0.000869180716109,0.000489048077725,-0.00187043088954,0.00207242462784,0.000167323669302,0.00139725219924,-0.00383047619835,0.0155388591811,-0.00396511005238],[0.000010723792002,-0.000188336329302,-0.0000775437656557,-0.000722215452697,-0.000404798658565,0.00159896886908,-0.000342456565704,-0.00197094166651,0.000466774479719,0.00050807808293,0.00100228388328,-0.00396511005238,0.0176288094372]],"mean":[-657.52722168,138.883850098,-2.47336339951,15.9735240936,6.37819862366,-3.17520833015,-1.74590575695,2.26882505417,-0.744325876236,-0.941839694977,-4.57430362701,-2.4857275486,-4.52514362335]},"pitch_salience":{"dmean":0.0712331682444,"dmean2":0.117185682058,"dvar":0.00381965166889,"dvar2":0.010226264596,"max":0.947415351868,"mean":0.567158281803,"median":0.568691968918,"min":0.192632958293,"var":0.0090971859172},"silence_rate_20dB":{"dmean":0,"dmean2":0,"dvar":0,"dvar2":0,"max":1,"mean":1,"median":1,"min":1,"var":0},"silence_rate_30dB":{"dmean":0,"dmean2":0,"dvar":0,"dvar2":0,"max":1,"mean":1,"median":1,"min":1,"var":0},"silence_rate_60dB":{"dmean":0.0133991539478,"dmean2":0.0268030334264,"dvar":0.0132203176618,"dvar2":0.0317265577614,"max":1,"mean":0.0632822141051,"median":0,"min":0,"var":0.0592781938612},"spectral_centroid":{"dmean":214.446685791,"dmean2":318.18637085,"dvar":79631.6171875,"dvar2":136715.75,"max":11045.1503906,"mean":1113.75195313,"median":1005.58441162,"min":243.687698364,"var":394434.09375},"spectral_complexity":{"dmean":3.1667842865,"dmean2":4.59636735916,"dvar":10.8259429932,"dvar2":20.6786422729,"max":48,"mean":18.0937767029,"median":18,"min":0,"var":74.8211746216},"spectral_contrast_coeffs":{"dmean":[0.0580740831792,0.0467000901699,0.0383596345782,0.0305029265583,0.0236987229437,0.0173568259925],"dmean2":[0.0944576263428,0.0760672092438,0.0609967783093,0.047453686595,0.0367344096303,0.0268953964114],"dvar":[0.00235307123512,0.00135748053435,0.000957320211455,0.00059094838798,0.000392855436075,0.000229119890719],"dvar2":[0.00604991614819,0.00352542707697,0.00232390174642,0.00141841324512,0.000877320475411,0.000540433509741],"max":[-0.300210773945,-0.446313947439,-0.477657318115,-0.533200621605,-0.541831016541,-0.631662368774],"mean":[-0.614275217056,-0.729602873325,-0.743497669697,-0.766932427883,-0.764439821243,-0.784834325314],"median":[-0.618735492229,-0.731559097767,-0.755730330944,-0.775619328022,-0.771678209305,-0.78940230608],"min":[-0.978074789047,-0.98211824894,-0.963970541954,-0.953446984291,-0.960494101048,-0.958280563354],"var":[0.00766824698076,0.0046925470233,0.00590341258794,0.00388517091051,0.00306189036928,0.00179659714922]},"spectral_contrast_valleys":{"dmean":[0.440348625183,0.37678989768,0.326278865337,0.308057010174,0.302574872971,0.373459011316],"dmean2":[0.714704453945,0.603198945522,0.511326491833,0.449831873178,0.407805472612,0.470568031073],"dvar":[0.1363312006,0.122378095984,0.0938664525747,0.089475184679,0.100575983524,0.166602909565],"dvar2":[0.316917508841,0.252308368683,0.175341174006,0.150333672762,0.149836421013,0.25740981102],"max":[-5.59162855148,-4.81238222122,-5.47399568558,-5.89026880264,-6.15920972824,-7.3453578949],"mean":[-7.33335065842,-6.66646909714,-7.35794496536,-7.79433441162,-8.00064373016,-10.5308218002],"median":[-7.21775770187,-6.54536962509,-7.22476530075,-7.67073631287,-7.81695413589,-10.3286294937],"min":[-27.3039627075,-27.1530151367,-27.0841636658,-27.637342453,-27.2021369934,-27.3229217529],"var":[0.9466573596,0.945058703423,0.902534067631,0.940543413162,1.13199722767,1.36669993401]},"spectral_decrease":{"dmean":1.70865832594e-9,"dmean2":2.65199040506e-9,"dvar":4.37915868294e-18,"dvar2":1.0474030577e-17,"max":3.16905776976e-21,"mean":-6.09737416113e-9,"median":-5.5155484624e-9,"min":-2.41269493273e-8,"var":1.64724532117e-17},"spectral_energy":{"dmean":0.00669763702899,"dmean2":0.0103395301849,"dvar":0.0000659180805087,"dvar2":0.000155866669957,"max":0.0986249670386,"mean":0.0247292108834,"median":0.0224175285548,"min":1.11302636337e-20,"var":0.000270663702395},"spectral_energyband_high":{"dmean":0.000278848281596,"dmean2":0.000391431007301,"dvar":6.47829608624e-7,"dvar2":0.00000119631306461,"max":0.0325315780938,"mean":0.000642253144179,"median":0.000213662788155,"min":8.15719960543e-21,"var":0.00000166106542565},"spectral_energyband_low":{"dmean":0.00336240651086,"dmean2":0.00522188981995,"dvar":0.0000224173727474,"dvar2":0.0000505033749505,"max":0.0530026853085,"mean":0.0065563027747,"median":0.00349875190295,"min":8.68451669413e-23,"var":0.0000604389933869},"spectral_energyband_middle_high":{"dmean":0.00152536737733,"dmean2":0.0021528985817,"dvar":0.00000506827927893,"dvar2":0.00000914374868444,"max":0.0555978044868,"mean":0.00571373663843,"median":0.00309941242449,"min":1.67141253561e-21,"var":0.0000467797872261},"spectral_energyband_middle_low":{"dmean":0.00486232060939,"dmean2":0.00776804890484,"dvar":0.0000507263939653,"dvar2":0.000129150736029,"max":0.0832132697105,"mean":0.0135134141892,"median":0.0109668327495,"min":3.27340369598e-22,"var":0.000121401819342},"spectral_entropy":{"dmean":0.172760099173,"dmean2":0.245460212231,"dvar":0.0304623749107,"dvar2":0.0591000579298,"max":9.79808330536,"mean":7.34533023834,"median":7.34718990326,"min":5.87654972076,"var":0.134250968695},"spectral_flux":{"dmean":0.0217438824475,"dmean2":0.0347623750567,"dvar":0.000558727595489,"dvar2":0.00132548308466,"max":0.260249227285,"mean":0.0773386061192,"median":0.0721965879202,"min":1.05500067016e-10,"var":0.00149066606537},"spectral_kurtosis":{"dmean":2.08194255829,"dmean2":3.39250898361,"dvar":6.23531484604,"dvar2":15.0954017639,"max":43.5078811646,"mean":6.3235039711,"median":5.16974830627,"min":-1.20018863678,"var":18.8918819427},"spectral_rms":{"dmean":0.000665244064294,"dmean2":0.00101097417064,"dvar":5.37614425866e-7,"dvar2":0.00000120194044939,"max":0.00980915315449,"mean":0.00457746908069,"median":0.00467661814764,"min":3.29526835506e-12,"var":0.00000317281023854},"spectral_rolloff":{"dmean":352.398620605,"dmean2":582.698303223,"dvar":528781.9375,"dvar2":1038087.875,"max":19702.8808594,"mean":1262.24523926,"median":925.927734375,"min":86.1328125,"var":1458239.375},"spectral_skewness":{"dmean":0.243386030197,"dmean2":0.37519544363,"dvar":0.0582588762045,"dvar2":0.125829800963,"max":4.81048583984,"mean":1.86919987202,"median":1.80173158646,"min":-0.178198546171,"var":0.318351328373},"spectral_spread":{"dmean":511429.6875,"dmean2":745234.625,"dvar":601314689024,"dvar2":982511255552,"max":40123744,"mean":3947987.75,"median":3795623.75,"min":1251108.5,"var":1674485563390},"spectral_strongpeak":{"dmean":0.53488111496,"dmean2":0.895564973354,"dvar":0.89426702261,"dvar2":2.23398709297,"max":11.6019153595,"mean":1.03616440296,"median":0.540071606636,"min":0,"var":1.83005845547},"zerocrossingrate":{"dmean":0.00811466295272,"dmean2":0.0095006050542,"dvar":0.000161019794177,"dvar2":0.00016136065824,"max":0.513671875,"mean":0.0493623688817,"median":0.044921875,"min":0,"var":0.00104931171518}},"metadata":{"audio_properties":{"analysis_sample_rate":44100,"bit_rate":192000,"codec":"mp3","downmix":"mix","equal_loudness":0,"length":131.683258057,"lossless":false,"md5_encoded":"e09a0bc5abd34bb8f2a4f8d4ec32910b","replay_gain":-5.9292049408,"sample_rate":44100},"tags":{"acoustid_fingerprint":["AQADtFTGhFlGfFGOS5fwkWjOo9SGMzl-oYmJ8PnxKbgSoomUMEe4vvhynD36bYX7pfhDpG-RfCc2lB_eE38CJqgcDnGYHckfTPlyvDuuY3s0Ic-RHE0dvE5wvXjQhwk4ZTnyPA0SfiaqNjhuIZQybcyQfFmCWTcadjjxHOGPZNG2VHiPK0cv_bhgnMejZE2QTuoF5_gR_opRfXDVo-fxLBN6NMeoXriKRJHII3py9DiD50EpZWnR0CHxBMmDUIuDMMmSTIROB2F-o6R0PEpy-MJx7biWQkt17FkMKr4wUw8abdI4XMEo7QQTzgw0PjhxfDr2ByZ5ER-Ppzpy0UGyNFkSHhN-_NiP50JM5UHy1LiHHs2Pi9GDZzmRjIlCI8xx7MMfPDniRXmRfHlwOUfzSKh2PNaDXwi9KGGQKHEyPPiDB2OS4b9wR8i3HHqEd9CNfIeTmzj34MvxI4lyIbwOYnR0fHrwToav4ELMHYmto0m1VEd_XETDJStOpDeSnXjq4D2aT0L1_Eh6RH7m4tlR9fCkB93R90gY50eWPMfZYJ8eXBGa5QgP_UV04widQ-yRk4_wPJEUFPxw4pQJOzoeRhFiJEqVwzV--Aef44dPox6N1xaSSxnC5AGzPbjf4Okb9LjEww-mBz_uPHjhkMOP36jhIdmRbymcH784PDd-Cs6K3DmSJ8pxPSGOStSRLBKXI150XGkq49LRG0ZP5FmL5LiIJ2XQH00kR6GI5DxyZcV1PFKw_siPZNkVofiPWWkifDlxHjUfNE6Ia_iD5JR4hDlR5CpeBdp5eBceIcdNlEeX7IJ_PIg_iPOF3A_84Gjjoy-8jsJR8fjyIH6OkkfDSclxKTueo8RDaI-Rb8JzCyOT8HhynMzR02j-4Glw6sKvHg-lZJnR5ET2D8mxnbgUw3cEV6iO4zTy6Uj2Yz-s6NrwoHKCHpcY40e7C9EbaPqRqjr-wxUftIqQQ_uPhgpzXDv2GzrCG0zOHFd-7MeHZ7oQZtOCvtAl49Cy5eiRH32kIJ0UHT0NXcGOxw9CXQCvCdQUsWiZ4ydOheiOH9Uf7Ef4QzSfIj1OnLnROA-u9NhlTHkotDh1fEdPwSV6NA8qH09yRNSORLGwLxeOPtlx48ueDLXCKmhyPDnyFPoW2MlQ24L4LI2QX7gOZ57R68bMzOCF5MoRjRd-4WiX4aIUfHmQlKIRPWCy4zv2HN-DpmlQOcrxD6qOb0GT9rAmotKT4ibR3kiWK5ilzMiPbD06KEr0IU-OH8f94oddH0_0CE-Y4E8sI3dcKM-FIxt9PMkThIl4hE-WYydu4jmahySKZztxYnSOG4kShE6PS6uEORUqZ8GLH8mcHrmc0DBnPPh0_IOnZCGQXC4Rjzk-F_eIGz2soA93_McvnEGYKlEQHmc-HC9VnGfxC81Cmkj2IdeFXcfD40EzH0yVSYidI_GPakqWo-GJWnlxr_gYJGNd5FuO13ge4gQTL8lRdg_KqEGaf9By4sMFmTozhFmiY-JxBb_w5kjGXAnCVBneED8eHr9wHUcyL3KCWE9hhN2hdzFy--iPpjq-4dvC4Jl0lDsc6hHCs0higE-G0-IwWY-EJoyyGE9xy8hPNE2D0Bv6w0924TQV-EK7Y26OI3