{"lowlevel":{"average_loudness":0.923433840275,"barkbands":{"dmean":[0.000139106734423,0.00481686135754,0.00275557232089,0.00137256481685,0.00125675357413,0.0011777728796,0.000592055148445,0.000879370782059,0.000809465476777,0.000888630107511,0.000443880970124,0.00058717263164,0.000454792520031,0.000436821137555,0.000368707900634,0.000484613061417,0.000405783357564,0.000278128922218,0.000198288296815,0.000129530482809,0.000105793638795,0.0000988524334389,0.0000902219981072,0.0000929647430894,0.0000653225215501,0.0000321288462146,0.00000758730993766],"dmean2":[0.000230916280998,0.00850655697286,0.0048356265761,0.00233180867508,0.00207532360218,0.00198306771927,0.000973736983724,0.00139307358768,0.00130322971381,0.00140373769682,0.000732791435439,0.000952225527726,0.000748101854697,0.000712448556442,0.00060076842783,0.000807582517155,0.000667804037221,0.00045023241546,0.000320242572343,0.000211308739381,0.000171409337781,0.000156427035108,0.00014462947729,0.00014891034516,0.000101728917798,0.000048211117246,0.0000118385169117],"dvar":[1.46724161709e-7,0.0001414961298,0.0000270119926427,0.0000052229411267,0.00000311709572998,0.00000330937041326,9.84807456916e-7,0.0000040484433157,0.00000281153756987,0.00000306216543322,6.06386322488e-7,0.00000122866174479,6.21026970293e-7,4.46140489885e-7,3.02120326978e-7,5.00862824993e-7,4.42047394245e-7,2.21025970859e-7,7.149751724e-8,3.28389901938e-8,2.7105167888e-8,4.90692606547e-8,5.28300496683e-8,5.39877973438e-8,2.88293140471e-8,6.76240263786e-9,7.63276553073e-10],"dvar2":[3.85680863246e-7,0.000393812049879,0.0000773932770244,0.0000131391161631,0.00000809649372968,0.00000920036563912,0.00000252542872659,0.00000962011654337,0.00000691385776008,0.00000729112252884,0.00000156060968948,0.00000291889818982,0.00000158027035013,0.00000113200269425,7.50591652832e-7,0.00000127698194774,0.00000112148450171,5.43094017758e-7,1.75367617317e-7,8.43562091291e-8,6.71338682423e-8,1.0954799734e-7,1.22448881257e-7,1.33692310555e-7,6.96874451478e-8,1.40482070421e-8,1.47871415113e-9],"max":[0.00735392188653,0.109432280064,0.0553814209998,0.0365180149674,0.0427047759295,0.0298723652959,0.0380696468055,0.0439244695008,0.0454233624041,0.0485669150949,0.0241236966103,0.0281568914652,0.0209018364549,0.0172656867653,0.012234216556,0.0225936509669,0.0280427690595,0.0163604263216,0.00644579483196,0.00334966741502,0.00364531367086,0.00704727414995,0.00528520718217,0.00409653270617,0.0047500943765,0.00175484409556,0.00077480141772],"mean":[0.000156629947014,0.00504120113328,0.00400053616613,0.00186749268323,0.00230511906557,0.00211460073479,0.00109231239185,0.00152329832781,0.0014198187273,0.00172601593658,0.000804114213679,0.00107662018854,0.000864398782142,0.000853556208313,0.000720567244571,0.00101796141826,0.00088246766245,0.000643690756988,0.000455662811873,0.000315046898322,0.000266415416263,0.000227057244047,0.000189544516616,0.00019507909019,0.000138142975629,0.0000652045782772,0.0000102653157228],"median":[0.0000294010860671,0.00205337908119,0.00240332237445,0.000944622734096,0.00156965153292,0.00124945736025,0.000677878037095,0.00065043149516,0.000701802084222,0.00103952875361,0.000527810654603,0.000673043890856,0.000549231888726,0.000606265151873,0.000500646943692,0.000777441542596,0.000643803912681,0.000462048104964,0.000360287551302,0.000241583184106,0.000197262488655,0.000135234324262,0.0000981991979643,0.000111701163405,0.0000750470499042,0.0000344797081198,0.00000283132430923],"min":[2.57107912812e-23,3.16214704531e-23,1.98703696393e-23,5.6638079915e-23,6.75840109132e-23,1.66326367819e-23,2.33368043171e-23,2.30292306056e-23,5.86189475133e-23,8.32626971352e-23,5.25774972914e-23,1.28471413156e-22,1.2951525915e-22,1.30413740166e-22,1.60245998356e-22,8.49141111759e-23,1.93389844138e-22,2.34311378819e-22,3.21099507961e-22,3.43243199602e-22,3.7177093429e-22,3.81593830282e-22,4.63644830756e-22,1.19615860059e-21,1.01286700907e-21,1.80115327014e-21,2.45546626132e-21],"var":[1.88368261433e-7,0.000106841282104,0.0000271546214208,0.0000066984807745,0.00000652771223031,0.0000062489202719,0.00000209590598388,0.0000104879936771,0.0000065330777943,0.00000692597814123,0.0000013519896811,0.00000256656608144,0.00000130795615405,9.06202558326e-7,6.68425570893e-7,0.00000113539704216,0.00000145726471601,6.7574762852e-7,1.86708163596e-7,9.0826297594e-8,6.86774299652e-8,1.09730443398e-7,1.01653881757e-7,9.14328097679e-8,4.78881148069e-8,1.30169910406e-8,1.25275023688e-9]},"barkbands_crest":{"dmean":2.39591741562,"dmean2":4.03281354904,"dvar":6.51338577271,"dvar2":17.981180191,"max":23.7623577118,"mean":7.19926691055,"median":6.37097454071,"min":2.15080356598,"var":10.6025419235},"barkbands_flatness_db":{"dmean":0.0162884406745,"dmean2":0.0265519954264,"dvar":0.000307822047034,"dvar2":0.000829480879474,"max":0.3587885499,"mean":0.0824599191546,"median":0.0762770175934,"min":0.0141485324129,"var":0.00133091036696},"barkbands_kurtosis":{"dmean":1.11071825027,"dmean2":1.88265478611,"dvar":9.14039516449,"dvar2":20.1277484894,"max":205.856872559,"mean":0.546433925629,"median":-0.134723544121,"min":-1.88536345959,"var":30.6954841614},"barkbands_skewness":{"dmean":0.38505628705,"dmean2":0.628823041916,"dvar":0.218377992511,"dvar2":0.552128195763,"max":13.2241563797,"mean":0.872652649879,"median":0.807813405991,"min":-4.50825071335,"var":0.549546837807},"barkbands_spread":{"dmean":5.20961236954,"dmean2":8.35213947296,"dvar":29.0762557983,"dvar2":70.6322402954,"max":88.3960266113,"mean":30.3819923401,"median":29.0040588379,"min":2.38784241676,"var":112.721389771},"dissonance":{"dmean":0.0111581897363,"dmean2":0.0191884562373,"dvar":0.000118202791782,"dvar2":0.000337651028531,"max":0.500000059605,"mean":0.481889367104,"median":0.485021233559,"min":0.28985825181,"var":0.000187408819329},"dynamic_complexity":3.03126597404,"erbbands":{"dmean":[0.0981911420822,1.22451794147,3.1163687706,4.09143066406,3.26290082932,4.89238119125,7.77328205109,10.6773796082,8.28149032593,13.4685163498,17.3519439697,19.9640426636,27.4799118042,18.9944496155,20.1580314636,24.9697570801,21.2053394318,20.9058437347,17.3883590698,19.9119129181,24.0362186432,19.6033096313,16.033613205,10.4677562714,9.32643032074,6.05983734131,4.6666674614,4.09947347641,3.67151927948,3.10727143288,2.55775928497,2.15794467926,1.47113358974,0.890060067177,0.410355299711,0.176482021809,0.0545597448945,0.0113284215331,0.00133453460876,0.0000571785021748],"dmean2":[0.173900917172,2.16765165329,5.47412204742,7.02006864548,5.39904737473,8.21011924744,12.9613237381,18.074968338,13.6426963806,21.5766868591,27.5713062286,31.8449344635,43.5361785889,30.2949237823,33.0944061279,40.1037712097,34.8768501282,34.1114044189,28.2865505219,32.4960289001,39.8440628052,32.1967926025,26.1331253052,16.8986415863,15.126042366,9.85247325897,7.60228252411,6.6097035408,5.84793138504,4.9444270134,4.12769508362,3.49449419975,2.35019016266,1.41621387005,0.63356423378,0.270707160234,0.0813977196813,0.0169629510492,0.00209302618168,0.0000917792058317],"dvar":[0.0552840083838,9.23801708221,41.2192573547,38.662021637,25.644493103,54.8919525146,140.847747803,309.138122559,158.899276733,975.023376465,2021.31848145,1703.33642578,3566.86376953,1079.37854004,1314.25500488,2585.89453125,1313.3548584,997.732666016,682.218688965,942.868774414,1224.49169922,857.576416016,718.792663574,217.103103638,159.826309204,75.9498825073,48.9058647156,46.4632797241,63.6107063293,60.987575531,43.181427002,29.5492267609,13.1380834579,6.06637907028,0.955817937851,0.16554069519,0.0241671148688,0.00122209056281,0.0000243688664341,4.40071055152e-8],"dvar2":[0.153660938144,25.7458152771,117.307243347,105.340568542,63.0848731995,145.043136597,371.093719482,870.407714844,412.168457031,2452.62084961,4693.1796875,4175.8515625,8492.70117188,2719.68457031,3451.17724609,6082.77832031,3290.8918457,2525.83105469,1688.33312988,2227.96484375,3172.0300293,2223.60424805,1775.0378418,519.089416504,395.283691406,198.105682373,124.020782471,113.578239441,146.143493652,136.420272827,101.949768066,73.829536438,32.4594650269,15.2179489136,2.24769663811,0.366014450788,0.0491378009319,0.00244444888085,0.0000474018488603,9.10416702027e-8],"max":[2.04516386986,27.2791633606,65.0863189697,76.0878982544,111.314750671,193.661178589,222.977401733,349.498138428,198.005249023,977.264038086,1089.89379883,1352.13000488,1725.75854492,1067.86755371,981.99041748,1439.68701172,945.360107422,909.005371094,621.126281738,970.891540527,991.322937012,940.293884277,1004.4619751,553.314880371,210.75793457,211.031692505,101.238243103,195.300933838,252.548187256,233.047912598,131.549591064,120.47101593,72.8477478027,77.6982803345,22.0650539398,8.53981590271,3.49307489395,0.876540005207,0.139499112964,0.00639518443495],"mean":[0.0980727672577,1.29621052742,4.32808685303,6.44879388809,5.3524017334,8.05363464355,13.0152444839,18.2754936218,15.7929239273,25.2689189911,30.9660949707,36.7536430359,51.8210372925,38.2254600525,39.8565673828,48.4116363525,43.4617767334,43.2451782227,37.647026062,44.6822242737,54.9335327148,46.9363365173,39.302772522,25.8581752777,21.4239997864,15.1030483246,11.5277614594,10.0150518417,8.25893306732,6.72346353531,5.32126617432,4.36831855774,2.98939108849,1.75824558735,0.855158209801,0.360966354609,0.105252116919,0.0199949741364,0.00175279192626,0.0000991551059997],"median":[0.0311083178967,0.55194413662,2.57077336311,3.80154538155,3.24098539352,5.2832493782,8.34209442139,9.84157371521,9.84340858459,12.9581108093,13.8959522247,18.2502555847,27.6914596558,25.6251373291,26.3734359741,30.5800895691,28.5759716034,31.1787891388,27.5311584473,32.8629608154,42.5776557922,35.8876647949,28.9807395935,20.2589607239,16.7997245789,11.5318861008,8.83679103851,6.93050909042,4.97107505798,3.76228237152,2.72179365158,2.45411729813,1.67051434517,0.915640830994,0.470350861549,0.202081248164,0.0520975366235,0.0089161908254,0.000405547965784,0.0000556557934033],"min":[1.44425684465e-21,4.88099125018e-21,1.49394069285e-20,1.32595527078e-19,2.61588527492e-19,1.29194638613e-19,1.65028141523e-19,1.38044152848e-19,3.15244114913e-19,3.09127631271e-19,7.16434983807e-19,1.44705528794e-18,1.81763571788e-18,2.9834944721e-18,2.36591439573e-18,6.76619761716e-18,5.35932841774e-18,6.31400237811e-18,4.8338668967e-18,9.50888616447e-18,5.33218324517e-18,1.17447082109e-17,1.30073506123e-17,1.7715942246e-17,1.31838659919e-17,1.79912610411e-17,1.68062966895e-17,1.37348361087e-17,1.60517905112e-17,1.27963037508e-17,1.27612908499e-17,2.46289404337e-17,1.66272782613e-17,9.65851403829e-18,9.40455387381e-18,5.96952880227e-18,3.62567324552e-18,1.46994502985e-18,3.41329074584e-19,3.25361509619e-20],"var":[0.0450564175844,6.90486431122,37.2427864075,55.0941886902,47.4550132751,93.3988418579,241.825622559,564.158813477,337.231018066,2440.8659668,4896.54052734,4283.48535156,8058.84667969,2340.9699707,2964.33300781,5387.53662109,2947.90917969,2117.19848633,1631.6328125,2567.23901367,3378.83666992,2896.83007812,2281.38574219,775.914978027,364.2003479,223.21383667,114.081672668,118.593261719,136.612762451,123.564834595,81.8750610352,48.6648902893,21.8937778473,8.83268451691,1.73230624199,0.326386749744,0.043185159564,0.00213875598274,0.0000397511212213,6.48253148938e-8]},"erbbands_crest":{"dmean":1.97318124771,"dmean2":3.1904566288,"dvar":3.91756391525,"dvar2":9.51313781738,"max":25.3387050629,"mean":7.01352882385,"median":6.11175298691,"min":2.07003998756,"var":10.8679838181},"erbbands_flatness_db":{"dmean":0.0132459560409,"dmean2":0.0199611801654,"dvar":0.00019689500914,"dvar2":0.00038738414878,"max":0.368328124285,"mean":0.131783127785,"median":0.126380324364,"min":0.0281901005656,"var":0.00170287117362},"erbbands_kurtosis":{"dmean":0.519250094891,"dmean2":0.831939101219,"dvar":0.465063989162,"dvar2":1.08850932121,"max":18.2675056458,"mean":0.127386569977,"median":-0.146692156792,"min":-1.76505386829,"var":1.18362736702},"erbbands_skewness":{"dmean":0.257039099932,"dmean2":0.406786501408,"dvar":0.0518644563854,"dvar2":0.121870793402,"max":2.32417440414,"mean":-0.0111890621483,"median":-0.033283688128,"min":-3.76162171364,"var":0.237723082304},"erbbands_spread":{"dmean":5.87483167648,"dmean2":9.27293682098,"dvar":35.1225166321,"dvar2":82.34349823,"max":136.622390747,"mean":35.4944953918,"median":34.3838691711,"min":5.32993602753,"var":175.591079712},"gfcc":{"cov":[[14291.0488281,-582.29876709,-132.924057007,261.453430176,-561.87713623,353.537506104,-397.329833984,383.562683105,-62.0200538635,144.376983643,-202.457290649,108.207733154,-99.6979751587],[-582.29876709,1004.3293457,-452.992950439,-118.866203308,148.052261353,-196.824462891,141.86605835,-133.320739746,20.5202083588,-50.2570114136,60.095790863,-77.4603042603,17.1443748474],[-132.924057007,-452.992950439,541.441955566,93.5782318115,5.2211060524,140.627731323,-46.2323112488,100.215965271,7.75480127335,41.2168426514,-25.1297397614,60.4789428711,13.1539583206],[261.453430176,-118.866203308,93.5782318115,205.608383179,20.014755249,44.922492981,-28.9176368713,68.8462142944,5.79959344864,-1.18437981606,-35.361946106,19.4794139862,15.8630962372],[-561.87713623,148.052261353,5.2211060524,20.014755249,207.85760498,-2.80992245674,71.3110351562,-5.37786340714,12.7574386597,-0.229289501905,22.2439918518,-3.81265687943,13.8109235764],[353.537506104,-196.824462891,140.627731323,44.922492981,-2.80992245674,164.545059204,0.776955187321,66.0356369019,-7.45815467834,29.3861675262,-10.9070901871,28.5181369781,-4.90847301483],[-397.329833984,141.86605835,-46.2323112488,-28.9176368713,71.3110351562,0.776955187321,130.058486938,-13.2727518082,22.2552013397,2.04583954811,28.7058296204,-10.8452968597,0.434438288212],[383.562683105,-133.320739746,100.215965271,68.8462142944,-5.37786340714,66.0356369019,-13.2727518082,127.565689087,20.0439968109,25.8579463959,-21.1189746857,25.7713050842,10.4339389801],[-62.0200538635,20.5202083588,7.75480127335,5.79959344864,12.7574386597,-7.45815467834,22.2552013397,20.0439968109,72.2858810425,28.5371837616,13.7401065826,0.488176465034,1.73705160618],[144.376983643,-50.2570114136,41.2168426514,-1.18437981606,-0.229289501905,29.3861675262,2.04583954811,25.8579463959,28.5371837616,66.2213058472,28.2153148651,14.2157592773,-3.89559054375],[-202.457290649,60.095790863,-25.1297397614,-35.361946106,22.2439918518,-10.9070901871,28.7058296204,-21.1189746857,13.7401065826,28.2153148651,75.9332199097,18.28399086,-2.63103365898],[108.207733154,-77.4603042603,60.4789428711,19.4794139862,-3.81265687943,28.5181369781,-10.8452968597,25.7713050842,0.488176465034,14.2157592773,18.28399086,56.1295051575,21.1701564789],[-99.6979751587,17.1443748474,13.1539583206,15.8630962372,13.8109235764,-4.90847301483,0.434438288212,10.4339389801,1.73705160618,-3.89559054375,-2.63103365898,21.1701564789,49.1324996948]],"icov":[[0.00010609432502,-0.000068280423875,0.000149795858306,-0.0000641827791696,0.000191545346752,-0.000181500872714,0.000194563355763,-0.000199504502234,0.0000955682844506,-0.000314526143484,0.000343966414221,-0.000363003346138,0.000334912299877],[-0.000068280423875,0.00251218769699,0.00128660642076,0.000298966653645,-0.00127786467783,0.001189575647,-0.0011944322614,0.000285220856313,-0.000340050493833,0.000824026355986,-0.00131733121816,0.00198700884357,-0.00187745108269],[0.000149795858306,0.00128660642076,0.00379197229631,-0.000188397447346,-0.000911658804398,-0.00128803716507,0.00052705896087,-0.000516758416779,-0.00046923494665,-0.000871407100931,0.00109684187919,-0.00168364134151,-0.000135022157338],[-0.0000641827791696,0.000298966653645,-0.000188397447346,0.00694362912327,-0.00165309139993,-0.000363175815437,0.00129222963005,-0.00241429312155,-0.00105797278229,0.00146703969222,0.00186524505261,-0.00088510941714,-0.000861310458276],[0.000191545346752,-0.00127786467783,-0.000911658804398,-0.00165309139993,0.00744531396776,-0.000568947871216,-0.00265221437439,-0.000174810891622,0.000619854370598,-0.000435748021118,-0.000958005024586,0.000505486153997,-0.000802303431556],[-0.000181500872714,0.001189575647,-0.00128803716507,-0.000363175815437,-0.000568947871216,0.0116297407076,-0.00364240119234,-0.00269210943952,0.00391914462671,-0.00368521758355,0.00178055407014,-0.00247062789276,0.00233352999203],[0.000194563355763,-0.0011944322614,0.00052705896087,0.00129222963005,-0.00265221437439,-0.00364240119234,0.0129500450566,-0.00066007807618,-0.00370479701087,0.00240391422994,-0.00327536952682,0.00193672685418,-0.0000277315011772],[-0.000199504502234,0.000285220856313,-0.000516758416779,-0.00241429312155,-0.000174810891622,-0.00269210943952,-0.00066007807618,0.0145360985771,-0.00359770329669,-0.00326330657117,0.00454067951068,-0.00339971412905,-0.00131095189136],[0.0000955682844506,-0.000340050493833,-0.00046923494665,-0.00105797278229,0.000619854370598,0.00391914462671,-0.00370479701087,-0.00359770329669,0.0203346628696,-0.00959153752774,0.000160793817486,0.00153347512241,-0.000337678764481],[-0.000314526143484,0.000824026355986,-0.000871407100931,0.00146703969222,-0.000435748021118,-0.00368521758355,0.00240391422994,-0.00326330657117,-0.00959153752774,0.0288383271545,-0.0130335958675,0.00305227888748,-0.000127533392515],[0.000343966414221,-0.00131733121816,0.00109684187919,0.00186524505261,-0.000958005024586,0.00178055407014,-0.00327536952682,0.00454067951068,0.000160793817486,-0.0130335958675,0.0285229813308,-0.0168218687177,0.00751012843102],[-0.000363003346138,0.00198700884357,-0.00168364134151,-0.00088510941714,0.000505486153997,-0.00247062789276,0.00193672685418,-0.00339971412905,0.00153347512241,0.00305227888748,-0.0168218687177,0.0378614887595,-0.0174042154104],[0.000334912299877,-0.00187745108269,-0.000135022157338,-0.000861310458276,-0.000802303431556,0.00233352999203,-0.0000277315011772,-0.00131095189136,-0.000337678764481,-0.000127533392515,0.00751012843102,-0.0174042154104,0.0306424684823]],"mean":[33.7784118652,76.3616638184,-123.205581665,26.4062976837,-50.6939048767,16.4683475494,-37.9417381287,12.0790252686,-25.9162921906,2.1287176609,-18.7804164886,2.33019137383,-12.999707222]},"hfc":{"dmean":6.30239963531,"dmean2":9.68805027008,"dvar":90.3884506226,"dvar2":208.847763062,"max":165.639938354,"mean":29.183719635,"median":26.7146835327,"min":1.17133684882e-16,"var":348.168884277},"melbands":{"dmean":[0.00112544849981,0.00162277533673,0.000642426661216,0.000265172857326,0.000261175388005,0.000231593861827,0.000123391873785,0.000156853304361,0.000144503588672,0.000124051686726,0.000138706513098,0.0000816469764686,0.000062181330577,0.0000684281621943,0.0000610588758718,0.000037761805288,0.0000445315636171,0.0000297550359392,0.000028502810892,0.0000346579981851,0.0000307838927256,0.000021967865905,0.0000216140160774,0.0000129394693431,0.00000919320154935,0.00000774873569753,0.00000600656539973,0.00000410227721659,0.00000331042747348,0.00000286941281047,0.00000246893182521,0.00000231056878874,0.00000195193820218,0.00000182952328487,0.00000161802222465,0.00000146158276948,0.00000136681444474,0.00000111500935418,9.67729533841e-7,7.30597662368e-7],"dmean2":[0.00199209852144,0.00283570750616,0.00109545688611,0.000436323316535,0.000435194611782,0.000390005909139,0.00020264655177,0.000249846460065,0.000229545592447,0.000198192079552,0.000219729176024,0.000129821579321,0.000102593272459,0.000110645050881,0.0000992999121081,0.0000620778446319,0.0000730202882551,0.000048657078878,0.0000465774901386,0.000057485744037,0.0000509818673891,0.0000360704179911,0.0000359141777153,0.0000210703274206,0.0000150173391376,0.0000126249406094,0.00000981419270829,0.00000675838691677,0.00000544742806596,0.0000047155313041,0.00000399635928261,0.00000371544092559,0.0000031492695598,0.00000296483722195,0.0000026424859243,0.00000237563131122,0.00000223481401918,0.00000179624748853,0.00000156797557338,0.00000117788670195],"dvar":[0.00000773750798544,0.0000124680773297,9.62229819379e-7,1.45402907492e-7,1.47871944023e-7,1.3590835124e-7,3.40907391205e-8,1.29251233716e-7,1.40116654279e-7,6.12331021443e-8,9.10748738647e-8,2.06175041484e-8,1.22730856589e-8,1.52143648791e-8,1.12463371948e-8,3.5752905081e-9,4.75382311294e-9,2.16577045187e-9,1.9374881699e-9,3.03737213159e-9,2.4344433136e-9,1.26544641432e-9,1.39634481755e-9,4.34320079901e-10,1.74004394227e-10,1.13415957181e-10,6.62463278678e-11,3.68768765524e-11,2.45384476627e-11,1.96541428965e-11,1.70942374839e-11,2.212718897e-11,2.38529179047e-11,2.10418366758e-11,1.69213358603e-11,1.34322058684e-11,1.1573301345e-11,7.06315084545e-12,6.21471710899e-12,4.21851312563e-12],"dvar2":[0.0000215592881432,0.0000349593356077,0.0000025510512387,3.79581109655e-7,3.89307530213e-7,3.81025728302e-7,8.79532038311e-8,3.24006265373e-7,3.29947681621e-7,1.49132830529e-7,2.16249304685e-7,5.19410114919e-8,3.14940180601e-8,3.6247069346e-8,2.8000600949e-8,8.89449047747e-9,1.2033160246e-8,5.39740474537e-9,4.79189354863e-9,7.59961338304e-9,6.18350304293e-9,3.19357518208e-9,3.63279339943e-9,1.06615261064e-9,4.2055378624e-10,2.86628887292e-10,1.67966099363e-10,9.83709572133e-11,6.35451066766e-11,4.96900784408e-11,4.22141280265e-11,5.28452698267e-11,5.34259511631e-11,4.90796292496e-11,4.04850875046e-11,3.31816275845e-11,2.93564547671e-11,1.74970038458e-11,1.58742047285e-11,1.06048156367e-11],"max":[0.0256820842624,0.0327563323081,0.0136121492833,0.00772713078186,0.00829870533198,0.00700601795688,0.00430462509394,0.0113799702376,0.00865896418691,0.00740998750553,0.00883729662746,0.00445835432038,0.00325171463192,0.00297592533752,0.00270400731824,0.00145736336708,0.00192811340094,0.00107420224231,0.000957534764893,0.00231735222042,0.00156167463865,0.00145216879901,0.00111213920172,0.000698169984389,0.000487679295475,0.000169322884176,0.000168486207258,0.000150215797476,0.0000777257882874,0.000111797744466,0.0000889909933903,0.000135288632009,0.00016268483887,0.000125123304315,0.000093926792033,0.000072469614679,0.0000789103287389,0.0000580995765631,0.0000621637591394,0.000064624393417],"mean":[0.00115270272363,0.00217687897384,0.00106475676876,0.000463916163426,0.000455000175862,0.000408725143643,0.000235261337366,0.000289192394121,0.000252538447967,0.000223333452595,0.000255811290117,0.00015433995577,0.000117164541734,0.000128447383759,0.000118205607578,0.0000746968289604,0.0000837546758703,0.0000592041978962,0.0000553527715965,0.0000686061175657,0.0000637629782432,0.0000475827328046,0.0000455953268101,0.0000285997411993,0.0000200110389414,0.0000163242948474,0.0000130878552227,0.00000924780124478,0.00000727594351702,0.0000065128215283,0.00000547265017303,0.00000478613856103,0.00000407848165196,0.00000358878719453,0.00000313353689307,0.00000275561046692,0.00000263346896645,0.00000214731562664,0.00000181122209142,0.00000135782647703],"median":[0.000442096323241,0.00126939383335,0.000680599245243,0.000299797044136,0.000303060223814,0.000230984354857,0.000147936225403,0.000141220618389,0.000109908229206,0.000112490495667,0.000134149711812,0.0000983350182651,0.000076813812484,0.0000822356232675,0.0000782367278589,0.0000485771925014,0.0000583607543376,0.0000420501346525,0.0000389766646549,0.0000500069581904,0.0000464910408482,0.0000347188033629,0.0000320847466355,0.0000210233210964,0.0000150453179231,0.0000124406706163,0.00000996123344521,0.00000685598115524,0.00000548082925889,0.0000046072400437,0.00000358345619134,0.00000279227924693,0.00000229950023822,0.00000190902710528,0.00000154781969286,0.0000013865587789,0.00000148621757035,0.00000119321964576,9.4197719136e-7,6.83686266711e-7],"min":[1.08301080736e-23,7.69581539128e-24,2.66223263681e-23,1.4629501218e-23,5.80212481158e-24,3.78893915968e-24,4.50626734131e-24,3.52827900621e-24,5.84899734885e-24,9.35675177203e-24,9.32981769414e-24,1.24672587203e-23,6.13311073146e-24,1.60558863746e-23,1.67650660175e-23,1.11085562516e-23,1.15903924925e-23,6.6178913957e-24,1.47399732991e-23,8.29517534099e-24,5.40473297513e-24,1.38234857435e-23,1.0057650742e-23,1.11428164807e-23,1.5661711513e-23,8.87705649962e-24,1.04660038007e-23,1.19168428566e-23,9.63414129872e-24,1.00610388996e-23,7.5756639868e-24,9.33024210131e-24,6.17281843955e-24,8.2169866035e-24,5.40017966999e-24,1.44274865619e-23,1.40264344109e-23,1.13244611705e-23,1.01387764086e-23,7.48185028137e-24],"var":[0.00000589237060922,0.0000106223224066,0.00000137474546591,2.91808760267e-7,2.69769941497e-7,2.57301110196e-7,7.42798107467e-8,3.35551987973e-7,3.27383673948e-7,1.51570219487e-7,2.04461386488e-7,4.3796852367e-8,2.82568315413e-8,3.26381410787e-8,2.34759056639e-8,8.30025737031e-9,9.18442832898e-9,4.78824935257e-9,4.0069170204e-9,6.23426066326e-9,6.42380060256e-9,4.20765422504e-9,3.51496409756e-9,1.20856669117e-9,5.6031612683e-10,2.31173691301e-10,1.52590440283e-10,9.75268962811e-11,5.03137913277e-11,4.8517700274e-11,4.0259753864e-11,4.52002324458e-11,4.81390899365e-11,3.8169602895e-11,3.0572187143e-11,2.30362985632e-11,1.76634939314e-11,1.15329846367e-11,9.14306651223e-12,5.80818206031e-12]},"melbands_crest":{"dmean":3.35359501839,"dmean2":5.58992004395,"dvar":9.00402641296,"dvar2":23.6802806854,"max":34.4579658508,"mean":11.8463459015,"median":11.0941162109,"min":2.6173927784,"var":20.2501296997},"melbands_flatness_db":{"dmean":0.0227227751166,"dmean2":0.0366778746247,"dvar":0.000578861567192,"dvar2":0.00153020536527,"max":0.429655849934,"mean":0.144081279635,"median":0.138693779707,"min":0.00635536946356,"var":0.00196599564515},"melbands_kurtosis":{"dmean":3.63642239571,"dmean2":6.16673469543,"dvar":74.2406005859,"dvar2":200.297821045,"max":338.221740723,"mean":5.6392698288,"median":3.20527482033,"min":-1.88138341904,"var":171.437744141},"melbands_skewness":{"dmean":0.575030148029,"dmean2":0.939138352871,"dvar":0.549443662167,"dvar2":1.44938719273,"max":12.5240297318,"mean":1.90287733078,"median":1.72908902168,"min":-1.78581762314,"var":1.32883906364},"melbands_spread":{"dmean":7.58658123016,"dmean2":12.2590169907,"dvar":70.0335617065,"dvar2":169.196166992,"max":210.807769775,"mean":33.5154685974,"median":31.8304595947,"min":0.926299393177,"var":191.983474731},"mfcc":{"cov":[[9061.10351562,54.3014526367,198.635894775,181.479476929,100.505462646,-4.39112234116,-112.561271667,126.455055237,124.780258179,71.6763305664,12.2581167221,27.5312328339,-40.3907928467],[54.3014526367,940.128845215,-384.532348633,27.2732849121,-46.8179702759,-9.81858634949,61.6459693909,-54.6902351379,-27.711315155,-17.5128116608,-9.8889169693,15.1878852844,15.2981700897],[198.635894775,-384.532348633,419.076690674,-17.4895820618,54.0853843689,19.7457847595,-25.165517807,45.1423454285,31.6852550507,20.7780208588,2.45602226257,4.88933372498,4.03681755066],[181.479476929,27.2732849121,-17.4895820618,169.180786133,54.6273078918,-8.86653804779,-1.61788785458,22.9433097839,39.3422622681,5.04626703262,-14.2698850632,3.06894159317,4.99812459946],[100.505462646,-46.8179702759,54.0853843689,54.6273078918,130.230117798,21.6123886108,14.6000795364,26.7251720428,30.8224143982,9.35400390625,-8.9231300354,10.3797807693,11.4015169144],[-4.39112234116,-9.81858634949,19.7457847595,-8.86653804779,21.6123886108,85.2191467285,39.3122406006,14.4539403915,4.91588544846,9.43841552734,13.7529907227,3.12744045258,7.29230976105],[-112.561271667,61.6459693909,-25.165517807,-1.61788785458,14.6000795364,39.3122406006,94.8210601807,27.38996315,2.4540643692,5.72353792191,7.05533361435,8.22614192963,11.4845619202],[126.455055237,-54.6902351379,45.1423454285,22.9433097839,26.7251720428,14.4539403915,27.38996315,75.8368225098,36.6803703308,11.0430669785,2.7975924015,4.19335889816,5.80345010757],[124.780258179,-27.711315155,31.6852550507,39.3422622681,30.8224143982,4.91588544846,2.4540643692,36.6803703308,85.2180328369,27.0873451233,-5.17716407776,2.40353274345,1.32062721252],[71.6763305664,-17.5128116608,20.7780208588,5.04626703262,9.35400390625,9.43841552734,5.72353792191,11.0430669785,27.0873451233,60.1633071899,26.5968208313,5.99767494202,5.05876159668],[12.2581167221,-9.8889169693,2.45602226257,-14.2698850632,-8.9231300354,13.7529907227,7.05533361435,2.7975924015,-5.17716407776,26.5968208313,63.6496086121,24.6203918457,4.80509090424],[27.5312328339,15.1878852844,4.88933372498,3.06894159317,10.3797807693,3.12744045258,8.22614192963,4.19335889816,2.40353274345,5.99767494202,24.6203918457,57.5303001404,22.8973007202],[-40.3907928467,15.2981700897,4.03681755066,4.99812459946,11.4015169144,7.29230976105,11.4845619202,5.80345010757,1.32062721252,5.05876159668,4.80509090424,22.8973007202,45.8203125]],"icov":[[0.000123473175336,-0.000072849848948,-0.0000739184106351,-0.0000907376816031,-0.0000188031099242,-0.0000762920535635,0.00027605847572,-0.000269803073024,0.0000267936393357,-0.000127103645355,0.0000298081904475,-0.000122265060782,0.0002026084112],[-0.000072849848948,0.0018819590332,0.00155198061839,-0.000164530632901,0.000230220306548,0.000156762354891,-0.00124762789346,0.00111735588871,-0.000234949780861,-0.0000834894017316,0.000570875126868,-0.000572972465307,-0.000479934329633],[-0.0000739184106351,0.00155198061839,0.00429685460404,0.000908370595425,-0.00104691402521,-0.000675412127748,0.000949030567426,-0.00120274245273,-0.000146106423927,-0.000844243157189,0.000897333142348,-0.000738702365197,-0.000406042090617],[-0.0000907376816031,-0.000164530632901,0.000908370595425,0.00801170337945,-0.00313351210207,0.00130137929227,0.000707378902007,-0.00117278157268,-0.00248142541386,0.000361329701263,0.000677249161527,0.0000327924935846,-0.000490946928039],[-0.0000188031099242,0.000230220306548,-0.00104691402521,-0.00313351210207,0.0108922626823,-0.00248023471795,-0.000827902229503,-0.000574426492676,-0.00107900821604,-0.000844675931148,0.00273043545894,-0.00219965586439,-0.000757508852985],[-0.0000762920535635,0.000156762354891,-0.000675412127748,0.00130137929227,-0.00248023471795,0.0163123328239,-0.00675870524719,0.000943479826674,-0.000963806523941,0.00067697360646,-0.00414211908355,0.00283480458893,-0.00163565808907],[0.00027605847572,-0.00124762789346,0.000949030567426,0.000707378902007,-0.000827902229503,-0.00675870524719,0.017292348668,-0.00776096759364,0.00267355563119,-0.00160201045219,0.00113345705904,-0.00138354068622,-0.000898124300875],[-0.000269803073024,0.00111735588871,-0.00120274245273,-0.00117278157268,-0.000574426492676,0.000943479826674,-0.00776096759364,0.0221907272935,-0.00848275795579,0.0027671486605,-0.00266434974037,0.00144808599725,-0.00175483257044],[0.0000267936393357,-0.000234949780861,-0.000146106423927,-0.00248142541386,-0.00107900821604,-0.000963806523941,0.00267355563119,-0.00848275795579,0.0205118209124,-0.0102042164654,0.00638444628567,-0.00284258974716,0.00249815336429],[-0.000127103645355,-0.0000834894017316,-0.000844243157189,0.000361329701263,-0.000844675931148,0.00067697360646,-0.00160201045219,0.0027671486605,-0.0102042164654,0.0273049976677,-0.0141374319792,0.00544169126078,-0.00385294482112],[0.0000298081904475,0.000570875126868,0.000897333142348,0.000677249161527,0.00273043545894,-0.00414211908355,0.00113345705904,-0.00266434974037,0.00638444628567,-0.0141374319792,0.0284195300192,-0.0133771821856,0.00479726772755],[-0.000122265060782,-0.000572972465307,-0.000738702365197,0.0000327924935846,-0.00219965586439,0.00283480458893,-0.00138354068622,0.00144808599725,-0.00284258974716,0.00544169126078,-0.0133771821856,0.0283998921514,-0.0129034202546],[0.0002026084112,-0.000479934329633,-0.000406042090617,-0.000490946928039,-0.000757508852985,-0.00163565808907,-0.000898124300875,-0.00175483257044,0.00249815336429,-0.00385294482112,0.00479726772755,-0.0129034202546,0.0294471122324]],"mean":[-603.617370605,109.704742432,-11.5489912033,15.0609054565,7.37298965454,4.01213121414,1.80432856083,5.3611998558,1.22565495968,-0.24184641242,-2.3388106823,0.749591946602,-1.47732818127]},"pitch_salience":{"dmean":0.0730605348945,"dmean2":0.122981570661,"dvar":0.00518824160099,"dvar2":0.0147574869916,"max":0.947081148624,"mean":0.609652757645,"median":0.62041246891,"min":0.164358571172,"var":0.00916327536106},"silence_rate_20dB":{"dmean":0,"dmean2":0,"dvar":0,"dvar2":0,"max":1,"mean":1,"median":1,"min":1,"var":0},"silence_rate_30dB":{"dmean":0.000189483660506,"dmean2":0.000379003235139,"dvar":0.000189417580259,"dvar2":0.00056824053172,"max":1,"mean":0.999905288219,"median":1,"min":0,"var":0.0000947163425735},"silence_rate_60dB":{"dmean":0.00416864035651,"dmean2":0.00833807047457,"dvar":0.00415182253346,"dvar2":0.0095944730565,"max":1,"mean":0.0577870421112,"median":0,"min":0,"var":0.054449070245},"spectral_centroid":{"dmean":209.252151489,"dmean2":325.196594238,"dvar":43619.8945312,"dvar2":89022.0859375,"max":11069.2636719,"mean":1659.5378418,"median":1626.31152344,"min":308.397796631,"var":183687.5},"spectral_complexity":{"dmean":3.98919939995,"dmean2":6.29296970367,"dvar":14.5448074341,"dvar2":31.6767597198,"max":60,"mean":31.1316795349,"median":33,"min":0,"var":137.090072632},"spectral_contrast_coeffs":{"dmean":[0.0507635623217,0.0456961803138,0.0364198051393,0.0277485772967,0.0191699955612,0.0155680542812],"dmean2":[0.0853774249554,0.0771565362811,0.0604541786015,0.0467809475958,0.0321521088481,0.025676805526],"dvar":[0.00162804161664,0.00129894504789,0.000812450482044,0.000488086632686,0.000238713240833,0.000195941698621],"dvar2":[0.00449553364888,0.00366404093802,0.00225907657295,0.00132264953572,0.000650853442494,0.000499027140904],"max":[-0.327034205198,-0.502362132072,-0.526866853237,-0.608987867832,-0.641266584396,-0.565527677536],"mean":[-0.653486192226,-0.759794592857,-0.785252094269,-0.793010592461,-0.797133862972,-0.768509149551],"median":[-0.653699219227,-0.764620006084,-0.787140846252,-0.794829368591,-0.798519015312,-0.769161224365],"min":[-0.965319275856,-0.962225198746,-0.971103489399,-0.961009919643,-0.956007778645,-0.960681140423],"var":[0.00542227644473,0.00406537717208,0.0026149014011,0.00172422616743,0.00110324448906,0.00126643863041]},"spectral_contrast_valleys":{"dmean":[0.418062061071,0.322670847178,0.272383600473,0.227823704481,0.200554803014,0.225576817989],"dmean2":[0.701012849808,0.543601751328,0.455904513597,0.37175950408,0.307772636414,0.322370767593],"dvar":[0.127560213208,0.0762155354023,0.0592198260128,0.0472901575267,0.0542832389474,0.106629557908],"dvar2":[0.318596750498,0.185453474522,0.141131430864,0.0954015552998,0.0949011519551,0.205099016428],"max":[-5.2178235054,-4.58509254456,-5.10497617722,-5.68354892731,-5.59942102432,-7.43375301361],"mean":[-7.16822767258,-6.4535112381,-6.69572496414,-6.96956634521,-6.98974227905,-9.66121864319],"median":[-6.90406990051,-6.22178077698,-6.47252321243,-6.71147346497,-6.6834859848,-9.33568572998],"min":[-27.0351715088,-27.4666996002,-26.9960002899,-27.4820022583,-27.2988452911,-27.1946563721],"var":[1.41314506531,1.40211200714,1.29706394672,1.29678761959,1.35517907143,1.9478212595]},"spectral_decrease":{"dmean":2.3736301813e-9,"dmean2":4.00319111193e-9,"dvar":1.6466601736e-17,"dvar2":4.47180555853e-17,"max":9.07180336123e-30,"mean":-7.24010806863e-9,"median":-6.75449740584e-9,"min":-3.86071548064e-8,"var":2.46864642278e-17},"spectral_energy":{"dmean":0.00933103170246,"dmean2":0.0156629309058,"dvar":0.000243536545895,"dvar2":0.000658163800836,"max":0.150455251336,"mean":0.0299727451056,"median":0.0282346755266,"min":1.05901300418e-20,"var":0.000392673857277},"spectral_energyband_high":{"dmean":0.000432653294411,"dmean2":0.000652679125778,"dvar":9.20095885704e-7,"dvar2":0.00000212202462535,"max":0.0172060187906,"mean":0.00124334311113,"median":0.000859637453686,"min":7.60001591469e-21,"var":0.00000209471181734},"spectral_energyband_low":{"dmean":0.00723278010264,"dmean2":0.012548445724,"dvar":0.000229023920838,"dvar2":0.000631613773294,"max":0.124160647392,"mean":0.0104842456058,"median":0.00731284357607,"min":9.07984960361e-23,"var":0.000201700488105},"spectral_energyband_middle_high":{"dmean":0.00205802824348,"dmean2":0.00322722527198,"dvar":0.00000621047092864,"dvar2":0.0000147990431287,"max":0.0495627708733,"mean":0.00882601551712,"median":0.00794930011034,"min":1.70319214428e-21,"var":0.0000330888651661},"spectral_energyband_middle_low":{"dmean":0.00358863733709,"dmean2":0.00581786641851,"dvar":0.000018824255676,"dvar2":0.0000478203546663,"max":0.0681929737329,"mean":0.0111636472866,"median":0.00971617735922,"min":2.62087461592e-22,"var":0.0000696747010807},"spectral_entropy":{"dmean":0.0928079932928,"dmean2":0.140589624643,"dvar":0.0113507220522,"dvar2":0.0231976974756,"max":9.79287528992,"mean":7.91850376129,"median":7.93194150925,"min":6.45582580566,"var":0.068674467504},"spectral_flux":{"dmean":0.0216760262847,"dmean2":0.0342633761466,"dvar":0.00094800547231,"dvar2":0.00192196120042,"max":0.324071198702,"mean":0.0926897823811,"median":0.0880631506443,"min":1.02908355448e-10,"var":0.00222495244816},"spectral_kurtosis":{"dmean":1.08978426456,"dmean2":1.837677598,"dvar":3.73360419273,"dvar2":10.7026166916,"max":53.9771270752,"mean":4.35005950928,"median":3.97464847565,"min":-1.18957209587,"var":7.3048081398},"spectral_rms":{"dmean":0.000740850286093,"dmean2":0.00121870590374,"dvar":0.00000105771528069,"dvar2":0.00000276034143099,"max":0.0121155111119,"mean":0.00506129208952,"median":0.00524843065068,"min":3.21431705037e-12,"var":0.00000362495029549},"spectral_rolloff":{"dmean":499.116119385,"dmean2":828.346862793,"dvar":541047.6875,"dvar2":1228236.25,"max":18604.6875,"mean":1980.41113281,"median":1830.32226562,"min":43.06640625,"var":1276589.25},"spectral_skewness":{"dmean":0.146025404334,"dmean2":0.237958967686,"dvar":0.0326024517417,"dvar2":0.0867467820644,"max":4.94903039932,"mean":1.53859078884,"median":1.52479398251,"min":0.0094577409327,"var":0.0891230627894},"spectral_spread":{"dmean":424970.90625,"dmean2":644943.0625,"dvar":382642126848,"dvar2":715673829376,"max":40004840,"mean":4646850,"median":4506409.5,"min":1122627.375,"var":1813807104000},"spectral_strongpeak":{"dmean":0.532918512821,"dmean2":0.931747674942,"dvar":0.946035265923,"dvar2":2.44905543327,"max":17.234249115,"mean":0.779510319233,"median":0.392338365316,"min":0,"var":1.21402084827},"zerocrossingrate":{"dmean":0.00944318808615,"dmean2":0.0113229984418,"dvar":0.000125899823615,"dvar2":0.00016814567789,"max":0.509765625,"mean":0.0761497169733,"median":0.0703125,"min":0,"var":0.00089039147133}},"metadata":{"audio_properties":{"analysis_sample_rate":44100,"bit_rate":320000,"codec":"mp3","downmix":"mix","equal_loudness":0,"length":245.080810547,"lossless":false,"md5_encoded":"264ab145a49293f5fffc21855644fc2f","replay_gain":-12.1746826172,"sample_rate":44100},"tags":{"acoustid_id":["702f2977-f99e-4c43-bfaa-6dd6188f0e70"],"album":["Generation Swine"],"albumartist":["Mötley Crüe"],"albumartistsort":["Mötley Crüe"],"artist":["Mötley Crüe"],"asin":["B000002HLQ"],"barcode":["075596206624"],"bpm":["126"],"catalognumber":["62066-2"],"composer":["Nikki Sixx"],"contentgroup":["Rock"],"date":["1997"],"discnumber":["1/1"],"file_name":"Mötley Crüe - Afraid.mp3","genre":["Rock; Hard Rock; Heavy Metal; Glam Rock"],"isrc":["USBY29900243/USEE19790114"],"label":["Elektra Entertainment/Mötley Records"],"language":["eng"],"lyricist":["Nikki Sixx"],"media":["CD"],"mood":["Sexy"],"musicbrainz album release country":["XE"],"musicbrainz album status":["official"],"musicbrainz album type":["album"],"musicbrainz_albumartistid":["26f07661-e115-471d-a930-206f5c89d17c"],"musicbrainz_albumid":["f782adaa-95e9-4446-b4c3-68e99372917f"],"musicbrainz_artistid":["26f07661-e115-471d-a930-206f5c89d17c"],"musicbrainz_recordingid":["ce70fdc1-904b-4815-a35e-91f64907f4f1"],"musicbrainz_releasegroupid":["f7910ffc-852a-33d9-8448-359f32676992"],"musicbrainz_workid":["a7f1680f-4baa-4417-820a-ca26c38647df"],"originaldate":["1997"],"originalyear":["1997"],"script":["Latn"],"title":["Afraid"],"tracknumber":["2/13"],"work":["Afraid"]},"version":{"essentia":"2.1-beta2","essentia_build_sha":"70f2e5ece6736b2c40cc944ad0e695b16b925413","essentia_git_sha":"v2.1_beta2","extractor":"music 1.0"}},"rhythm":{"beats_count":504,"beats_loudness":{"dmean":0.0128680458292,"dmean2":0.0227651558816,"dvar":0.000150202962686,"dvar2":0.000456674344605,"max":0.0996458083391,"mean":0.0368444770575,"median":0.0380199179053,"min":1.56783985794e-