{"lowlevel":{"average_loudness":0.850726127625,"barkbands":{"dmean":[0.0000184424334293,0.00266395346262,0.00288438913412,0.00252376752906,0.00289201689884,0.00109764141962,0.00101207778789,0.000779323687311,0.00112617737614,0.000917663972359,0.000797553220764,0.000703043420799,0.000429073174018,0.000310176779749,0.000237392814597,0.000191528612049,0.000158351991558,0.0000918035875657,0.0000730964529794,0.0000613094089204,0.0000679190125084,0.000104765822471,0.0000855554608279,0.0000522919399373,0.000021470574211,0.00000794080006017,0.00000149143443195],"dmean2":[0.0000309899078275,0.0046382448636,0.00504349218681,0.0043085636571,0.00470309704542,0.00186453177594,0.0017092829803,0.00130232213996,0.00182735244744,0.00147476478014,0.00130506721325,0.00113546859939,0.000729213119484,0.000512930680998,0.00039251925773,0.00031504034996,0.000267983414233,0.000154402994667,0.00012439765851,0.000102794023405,0.000112100562546,0.000166808604263,0.000134768823045,0.0000810463025118,0.0000334094620484,0.000012414633602,0.00000247635489359],"dvar":[1.25021282216e-9,0.0000283418503386,0.000025520717827,0.0000234489834838,0.0000412407534895,0.0000035925741031,0.00000338335462402,0.00000288057572106,0.00000699837346474,0.00000485301370645,0.00000248060700869,0.00000182594249054,7.14549571512e-7,3.32032755068e-7,1.71717573494e-7,1.14471333745e-7,6.37574757434e-8,4.21477643897e-8,1.53568553429e-8,1.06132764799e-8,2.33457519982e-8,1.25225994907e-7,9.06077133322e-8,2.43308786452e-8,5.23828491694e-9,1.44569567428e-9,2.13165197299e-11],"dvar2":[3.24585913702e-9,0.0000828246484161,0.0000756138979341,0.0000632017545286,0.000101216945041,0.00000996072958515,0.00000886059024197,0.00000741232997825,0.000017101137928,0.0000113605656225,0.00000636617414784,0.00000418216905018,0.00000195165466721,8.1498109239e-7,4.43851433829e-7,2.93008952212e-7,1.7607513314e-7,1.12115223772e-7,4.60625741994e-8,2.85905112918e-8,5.80046517484e-8,2.95871501521e-7,2.00002347128e-7,4.62887115305e-8,9.88350024045e-9,3.621988931e-9,5.31148146299e-11],"max":[0.000442437478341,0.0547066405416,0.0612813532352,0.0518323257565,0.0745246931911,0.0258202701807,0.0225497074425,0.0245859660208,0.03207507357,0.0372363552451,0.0258832499385,0.0209856946021,0.0108235189691,0.0134006878361,0.00709494017065,0.00641766982153,0.00386467995122,0.00613978272304,0.00177256262396,0.000996872200631,0.00236387783661,0.00821478571743,0.00542466109619,0.00315631274134,0.00276117189787,0.0013705304591,0.0000663316823193],"mean":[0.0000189576458069,0.00390782626346,0.0047771204263,0.00327618792653,0.00404157210141,0.00197611586191,0.00152545503806,0.00115208723582,0.00166507344693,0.00135781196877,0.00136612856295,0.00138927868102,0.000763028394431,0.000595383520704,0.000427159393439,0.000374935101718,0.000325359083945,0.000174035943928,0.000160353592946,0.000130881060613,0.000122567536891,0.00015581936168,0.000143795419717,0.0000967832093011,0.0000392165093217,0.0000121115281217,0.00000202615933631],"median":[0.00000383339192922,0.0010698880069,0.00177429581527,0.000894154887646,0.00141949625686,0.000913128780667,0.000739460811019,0.000554625527002,0.000682062935084,0.000468144513434,0.000413959467551,0.000271143973805,0.000168921731529,0.000192507824977,0.000197823930648,0.000190469349036,0.000201675837161,0.0000981569537544,0.0000842699955683,0.0000726962171029,0.0000600008024776,0.0000564889414818,0.0000538691492693,0.0000427064951509,0.0000154674235091,0.00000443402359451,7.33219792437e-7],"min":[3.4289800166e-11,6.1158300646e-11,1.11305365966e-11,3.13812691111e-11,3.72845976315e-10,2.91073887215e-10,9.70516583765e-11,2.39423397774e-10,1.37556521729e-10,4.28353949533e-11,1.09094469569e-10,2.68050269481e-11,3.10232256551e-11,6.6823158118e-11,1.67030000942e-11,9.03523696832e-12,9.14170822375e-12,8.93146841208e-12,1.07664276799e-11,3.36838434749e-12,7.80310278198e-12,6.46576325466e-12,1.84731136638e-12,4.20746987598e-12,2.33976379937e-12,4.33063871222e-12,6.86321789331e-12],"var":[1.34162125853e-9,0.0000369287699868,0.0000443189455837,0.0000286451340799,0.0000582059001317,0.00000753385347707,0.00000538980793863,0.00000459352759208,0.0000101460227597,0.00000798958444648,0.00000560667194804,0.00000630936619928,0.00000179363200914,0.00000100083025245,3.66591109469e-7,2.68724562602e-7,1.41175036106e-7,5.99720451078e-8,4.27724913266e-8,2.37050397089e-8,3.83489116018e-8,1.950279227e-7,1.58564887442e-7,5.52053336378e-8,1.22018493087e-8,1.54286616816e-9,2.4505893842e-11]},"barkbands_crest":{"dmean":2.45736455917,"dmean2":4.06823778152,"dvar":5.17371606827,"dvar2":13.6165952682,"max":25.0742835999,"mean":8.89737224579,"median":8.2511177063,"min":2.65361404419,"var":12.7363853455},"barkbands_flatness_db":{"dmean":0.0204100515693,"dmean2":0.0318539142609,"dvar":0.000406841136282,"dvar2":0.000910287839361,"max":0.42988973856,"mean":0.147568702698,"median":0.133600860834,"min":0.0264605805278,"var":0.00341610098258},"barkbands_kurtosis":{"dmean":2.38483381271,"dmean2":3.7980465889,"dvar":24.1065006256,"dvar2":58.9452056885,"max":91.0132064819,"mean":3.56469631195,"median":1.53022384644,"min":-1.9076782465,"var":43.0114822388},"barkbands_skewness":{"dmean":0.467616260052,"dmean2":0.728401184082,"dvar":0.242065697908,"dvar2":0.557266831398,"max":8.44597530365,"mean":1.31182861328,"median":1.13556611538,"min":-1.10008871555,"var":1.08358192444},"barkbands_spread":{"dmean":4.11223268509,"dmean2":6.39354085922,"dvar":33.8080558777,"dvar2":64.4409866333,"max":84.6448669434,"mean":16.5478801727,"median":15.0439195633,"min":0.489774227142,"var":111.617347717},"dissonance":{"dmean":0.0193762201816,"dmean2":0.0330049097538,"dvar":0.000479543057736,"dvar2":0.00125962763559,"max":0.5,"mean":0.467812210321,"median":0.476838737726,"min":0.216920718551,"var":0.00115091493353},"dynamic_complexity":6.077064991,"erbbands":{"dmean":[0.0408919304609,0.730172276497,2.89248847961,5.84315538406,11.0070028305,9.43339824677,7.17281579971,10.645781517,14.2082548141,14.0412826538,19.3456439972,26.195142746,25.8544025421,27.4594917297,30.7194404602,25.3904094696,18.7157993317,16.4223308563,12.379899025,11.2096366882,9.22193813324,8.7058763504,5.21930932999,3.78472685814,3.48561286926,2.90055084229,2.60520148277,2.99964475632,3.76531291008,3.34636759758,2.30605459213,1.42324948311,0.711434304714,0.306683212519,0.122976012528,0.0477125160396,0.012766350992,0.00197926955298,0.000243992049946,0.0000217239557969],"dmean2":[0.0713997781277,1.26818370819,5.00152349472,10.1923465729,17.3687648773,16.5662918091,12.4053382874,18.2082614899,24.0337867737,23.5093479156,31.8061447144,42.7110481262,40.9782905579,43.6047401428,49.0362167358,40.599571228,30.7823677063,26.6918411255,20.4241809845,18.4185256958,15.1805295944,14.7007923126,8.7748374939,6.36202287674,5.90564012527,4.85832262039,4.32296180725,4.85846138,6.02874565125,5.28521203995,3.68738770485,2.20825695992,1.10325014591,0.478649914265,0.192833423615,0.0746504366398,0.0201000198722,0.00320701044984,0.000404061807785,0.0000353213472408],"dvar":[0.00892337970436,1.99623477459,25.0199890137,131.431747437,635.39050293,468.062835693,169.013656616,384.137939453,617.769104004,722.328552246,1759.65185547,4413.55419922,3664.76831055,4293.34912109,3512.76318359,2310.74829102,1294.19152832,959.920043945,466.02835083,372.17086792,254.870162964,202.231170654,107.560401917,56.9457321167,37.3263168335,25.0424041748,27.9593410492,56.4522247314,161.354293823,147.832962036,63.4363288879,18.356092453,5.20274305344,1.17240726948,0.149369269609,0.0458207800984,0.00400390382856,0.0000384400227631,5.77337914365e-7,2.88446910801e-9],"dvar2":[0.0246719848365,5.86348247528,73.1511764526,369.920959473,1364.05529785,1340.31164551,477.751617432,1074.3034668,1665.0333252,1755.58850098,4652.23779297,10954.7158203,8424.22558594,10403.4277344,8545.29882812,5290.98730469,3464.69775391,2318.74633789,1231.70812988,959.00592041,657.483398438,562.99597168,286.832885742,156.312103271,109.399971008,67.471534729,70.6557159424,138.890609741,379.333679199,331.536590576,143.25062561,37.2580223083,10.1287221909,2.039041996,0.327196061611,0.111994706094,0.0101775480434,0.0000901360544958,0.00000144955458836,7.2981074517e-9],"max":[0.915292859077,14.5002069473,61.3200378418,117.694038391,225.923736572,277.117919922,202.83644104,267.971954346,342.537445068,506.439483643,645.417053223,761.082641602,939.608276367,1288.43981934,879.949890137,889.703857422,498.568572998,609.927185059,312.255065918,347.231689453,297.982086182,208.947906494,319.624237061,202.895599365,88.988822937,61.5942153931,82.8335266113,114.039100647,346.766540527,223.013916016,138.740493774,84.8370819092,58.3109512329,44.8430519104,8.95869255066,7.49846076965,2.35571193695,0.126842767,0.0109262298793,0.000800039269961],"mean":[0.0475595593452,1.13326156139,5.22396469116,8.79278945923,14.4712963104,11.7026815414,11.2253541946,17.8429470062,22.0415325165,21.3062744141,29.7683238983,38.3637313843,42.8818778992,44.8196716309,61.91664505,53.3050079346,36.3053970337,33.2264022827,24.6964454651,22.1764221191,19.6387310028,18.2136478424,11.01496315,7.82112026215,7.79596757889,6.2729640007,5.18481016159,5.02955055237,5.53069210052,5.19357538223,3.8586139679,2.52752780914,1.30397713184,0.562338829041,0.208895072341,0.0728440582752,0.0192499440163,0.00306033575907,0.00034865894122,0.000054550691857],"median":[0.016943750903,0.326662540436,1.93983769417,4.53221893311,3.70370268822,4.40674686432,5.62839698792,7.93991708755,10.700176239,11.555109024,14.1094503403,15.6777496338,16.3690128326,16.8866958618,17.0521392822,11.2726278305,8.22676086426,10.0950937271,9.90850257874,11.3142461777,11.7552185059,11.644077301,6.68108844757,4.14308071136,4.0162935257,3.50442671776,2.92937088013,2.2541782856,2.03373503685,1.78308725357,1.51363623142,1.15598201752,0.535214483738,0.215949073434,0.0844636037946,0.0267844423652,0.00698437029496,0.00122675404418,0.000143855169881,0.0000476898312627],"min":[2.18528883877e-9,6.27525720276e-9,1.22483907461e-8,1.26913164422e-7,6.15846147412e-7,0.00000123766710658,0.0000015615354414,0.00000313431064569,0.00000335701884069,0.00000725145901015,0.00000351538619725,0.00000313871328217,0.0000023672291718,0.0000024674945962,0.00000348345156453,0.00000112222596726,0.00000143331214986,0.00000327173734149,0.00000182091150691,6.10336883256e-7,4.39486967707e-7,5.43374426343e-7,4.54785606507e-7,5.74299178879e-7,4.36946123727e-7,1.80805074024e-7,2.51380356531e-7,3.68349191149e-7,2.48860601459e-7,6.92874024821e-8,5.9329462232e-8,1.01632934957e-7,5.3184603388e-8,1.9849810684e-8,2.70417199744e-8,1.83806072585e-8,5.69021540997e-9,3.52333673348e-9,1.0065579481e-9,1.0818088092e-10],"var":[0.0080986795947,2.90216088295,53.5469703674,160.432434082,970.931091309,441.497528076,246.179794312,713.626647949,1018.59997559,1215.88293457,2756.50805664,5791.59326172,7871.51074219,6828.625,10624.7832031,9010.87597656,3748.25073242,3122.63427734,1264.60473633,887.115539551,623.880249023,441.733215332,188.98878479,104.079711914,108.942268372,54.7212753296,49.9686546326,87.7920684814,242.301055908,253.553222656,106.110832214,36.1515693665,11.766497612,3.04606103897,0.244810029864,0.0524461753666,0.00407507224008,0.0000527888041688,6.69753433158e-7,4.80964335026e-9]},"erbbands_crest":{"dmean":2.86648845673,"dmean2":4.68500423431,"dvar":7.85653591156,"dvar2":19.2396736145,"max":32.4200706482,"mean":9.7974319458,"median":8.60111808777,"min":2.29195404053,"var":22.5631942749},"erbbands_flatness_db":{"dmean":0.0168455764651,"dmean2":0.0252253133804,"dvar":0.000333698932081,"dvar2":0.00063671177486,"max":0.483730405569,"mean":0.190739661455,"median":0.165980070829,"min":0.061971295625,"var":0.00551186082885},"erbbands_kurtosis":{"dmean":0.976267814636,"dmean2":1.54784071445,"dvar":2.56885528564,"dvar2":5.05616426468,"max":59.4122467041,"mean":1.03746008873,"median":0.579920768738,"min":-1.81969988346,"var":6.13229131699},"erbbands_skewness":{"dmean":0.341482430696,"dmean2":0.540312826633,"dvar":0.115673936903,"dvar2":0.253550291061,"max":6.60881567001,"mean":0.571169137955,"median":0.538521885872,"min":-2.13180208206,"var":0.455382436514},"erbbands_spread":{"dmean":6.58655881882,"dmean2":9.94472980499,"dvar":72.9935302734,"dvar2":145.747756958,"max":126.465896606,"mean":29.2624206543,"median":24.081035614,"min":1.04638969898,"var":341.064483643},"gfcc":{"cov":[[23578.5195312,-1497.54187012,2730.83007812,3637.6315918,-810.377990723,1555.97949219,-885.129699707,37.1043395996,-481.120941162,121.493247986,-26.5372333527,122.404495239,-380.311096191],[-1497.54187012,1372.25500488,11.6198263168,-75.3249282837,490.658325195,-364.26953125,89.6459274292,-142.40385437,-42.7212867737,-99.3651123047,71.4267120361,-89.5076293945,18.9413871765],[2730.83007812,11.6198263168,2285.87524414,864.540405273,-205.12612915,447.634185791,-319.74130249,25.8045749664,-47.3154640198,147.594650269,28.7974414825,60.0724601746,-138.681930542],[3637.6315918,-75.3249282837,864.540405273,951.999328613,-130.24432373,204.784332275,-173.298233032,-66.6382980347,-106.488937378,10.8476686478,-24.4344673157,-16.5380039215,-77.5150222778],[-810.377990723,490.658325195,-205.12612915,-130.24432373,416.943664551,-77.0102615356,100.494316101,-17.1170520782,-26.2350063324,-56.1162185669,54.0751571655,-28.0013751984,10.8373613358],[1555.97949219,-364.26953125,447.634185791,204.784332275,-77.0102615356,391.220275879,-39.1694946289,74.9182510376,-4.5484161377,64.9702377319,27.2778644562,51.8432426453,-34.1100883484],[-885.129699707,89.6459274292,-319.74130249,-173.298233032,100.494316101,-39.1694946289,160.745361328,25.3108272552,33.1996765137,-15.9346046448,7.28761196136,-11.3001470566,29.4526863098],[37.1043395996,-142.40385437,25.8045749664,-66.6382980347,-17.1170520782,74.9182510376,25.3108272552,161.720657349,103.639511108,30.5351829529,8.76272392273,32.1726379395,21.8060207367],[-481.120941162,-42.7212867737,-47.3154640198,-106.488937378,-26.2350063324,-4.5484161377,33.1996765137,103.639511108,161.126113892,53.6368522644,10.5439682007,20.23188591,29.0879135132],[121.493247986,-99.3651123047,147.594650269,10.8476686478,-56.1162185669,64.9702377319,-15.9346046448,30.5351829529,53.6368522644,107.642532349,42.0443534851,26.0243835449,-6.63814687729],[-26.5372333527,71.4267120361,28.7974414825,-24.4344673157,54.0751571655,27.2778644562,7.28761196136,8.76272392273,10.5439682007,42.0443534851,102.561805725,42.6211204529,8.73118114471],[122.404495239,-89.5076293945,60.0724601746,-16.5380039215,-28.0013751984,51.8432426453,-11.3001470566,32.1726379395,20.23188591,26.0243835449,42.6211204529,75.9232177734,27.3164081573],[-380.311096191,18.9413871765,-138.681930542,-77.5150222778,10.8373613358,-34.1100883484,29.4526863098,21.8060207367,29.0879135132,-6.63814687729,8.73118114471,27.3164081573,70.7432022095]],"icov":[[0.000225580661208,-0.00031826007762,0.000447874248493,-0.000882403808646,0.000285944755888,-0.000786288641393,0.000790237565525,-0.000753389322199,0.000526185554918,-0.000298681581626,0.000290503085125,-0.000643782608677,0.000657691969536],[-0.00031826007762,0.00361493579112,-0.00191470840946,0.00130992627237,-0.00311159249395,0.00378043111414,-0.00218550208956,0.00311606912874,-0.0022204045672,0.00240448536351,-0.00333534344099,0.00379905570298,-0.00266486220062],[0.000447874248493,-0.00191470840946,0.00242431438528,-0.00236453860998,0.0013649876928,-0.00312185729854,0.00320243998431,-0.00251473789103,0.00154300255235,-0.00223634485155,0.00210513244383,-0.00310678733513,0.00290507706814],[-0.000882403808646,0.00130992627237,-0.00236453860998,0.00538143562153,-0.000864756992087,0.00252473936416,-0.00247616646811,0.00357281626202,-0.00176848622505,0.00190889055375,-0.00145902403165,0.00377267971635,-0.00292422156781],[0.000285944755888,-0.00311159249395,0.0013649876928,-0.000864756992087,0.00670636072755,-0.00302753364667,-0.00011646625353,-0.00300540216267,0.00233954703435,0.000781911599915,-0.00135475536808,-0.000467731879326,0.00204562395811],[-0.000786288641393,0.00378043111414,-0.00312185729854,0.00252473936416,-0.00302753364667,0.0098235020414,-0.00508448062465,0.00116486207116,-0.000445677986136,0.000630015798379,-0.00294769043103,0.00185503938701,-0.00174475403037],[0.000790237565525,-0.00218550208956,0.00320243998431,-0.00247616646811,-0.00011646625353,-0.00508448062465,0.0143250422552,-0.00381131703034,0.000850799668115,-0.00177646579687,0.00179919402581,-0.000618599413428,0.000675544608384],[-0.000753389322199,0.00311606912874,-0.00251473789103,0.00357281626202,-0.00300540216267,0.00116486207116,-0.00381131703034,0.0177063848823,-0.0119428690523,0.00506470212713,-0.00195792783052,0.00156835967209,-0.00372655456886],[0.000526185554918,-0.0022204045672,0.00154300255235,-0.00176848622505,0.00233954703435,-0.000445677986136,0.000850799668115,-0.0119428690523,0.0175280421972,-0.00922950170934,0.00354572106153,-0.00205164775252,-0.000454461871414],[-0.000298681581626,0.00240448536351,-0.00223634485155,0.00190889055375,0.000781911599915,0.000630015798379,-0.00177646579687,0.00506470212713,-0.00922950170934,0.0209159310907,-0.0109973903745,0.00431605055928,0.000268842442892],[0.000290503085125,-0.00333534344099,0.00210513244383,-0.00145902403165,-0.00135475536808,-0.00294769043103,0.00179919402581,-0.00195792783052,0.00354572106153,-0.0109973903745,0.022899268195,-0.0153234610334,0.00422441959381],[-0.000643782608677,0.00379905570298,-0.00310678733513,0.00377267971635,-0.000467731879326,0.00185503938701,-0.000618599413428,0.00156835967209,-0.00205164775252,0.00431605055928,-0.0153234610334,0.0329363793135,-0.0152725856751],[0.000657691969536,-0.00266486220062,0.00290507706814,-0.00292422156781,0.00204562395811,-0.00174475403037,0.000675544608384,-0.00372655456886,-0.000454461871414,0.000268842442892,0.00422441959381,-0.0152725856751,0.026176482439]],"mean":[-46.3136062622,101.726860046,-138.49432373,10.1873998642,-59.8043899536,9.98079204559,-32.5946884155,3.15732550621,-19.9637622833,-6.32689857483,-18.3641490936,-4.23484754562,-10.9064369202]},"hfc":{"dmean":4.15662479401,"dmean2":6.50517654419,"dvar":53.1052932739,"dvar2":122.729652405,"max":105.57975769,"mean":19.4129543304,"median":13.9379405975,"min":0.00000246524700742,"var":309.207824707},"melbands":{"dmean":[0.000559459906071,0.00127834954765,0.00113486475311,0.000708135543391,0.000268678355496,0.000229764686082,0.000213228529901,0.000152104650624,0.000167659920407,0.000165077057318,0.000132932895212,0.000116718387289,0.000107368105091,0.0000871213997016,0.0000566487542528,0.0000404956990678,0.0000317112644552,0.0000214573065023,0.0000178327754838,0.000014511554582,0.000011286220797,0.0000101802024801,0.00000704658577888,0.00000396374025513,0.00000332478111886,0.00000276482955996,0.00000228156864068,0.00000215561954064,0.00000175762704657,0.00000174570141098,0.0000018591507569,0.00000219314142669,0.00000218747300096,0.00000190599598682,0.00000148721483129,0.00000106637082808,8.78890830336e-7,5.62132584037e-7,3.90542226114e-7,2.32936187672e-7],"dmean2":[0.000978745985776,0.00219595222734,0.00189258949831,0.00116021861322,0.000469053687993,0.000391561887227,0.000359660130925,0.000252134457696,0.00027581944596,0.000270168820862,0.000211529768421,0.000185283744941,0.000175251479959,0.000140249598189,0.000092251735623,0.0000672522073728,0.0000521396068507,0.0000358334909834,0.0000293426273856,0.0000245128958341,0.0000187703335541,0.0000172150794242,0.0000119094938782,0.00000654561608826,0.00000563767434869,0.00000471445582662,0.00000383317319574,0.00000363587696484,0.00000293218045044,0.00000291091077997,0.00000304808759211,0.00000352067604581,0.00000351880112248,0.00000301781915368,0.00000239693622461,0.00000170619034634,0.0000013711533029,8.79993251601e-7,6.0891323983e-7,3.67325014849e-7],"dvar":[0.00000142126839364,0.00000480773269373,0.00000441293241238,0.00000259765147348,2.6831352784e-7,1.7174960476e-7,1.41791545616e-7,8.48573264989e-8,1.38276575967e-7,1.67728629208e-7,9.80166205977e-8,8.11861085026e-8,4.34916316294e-8,2.96734334881e-8,1.33199122843e-8,5.93777960134e-9,3.77177444832e-9,1.43895895199e-9,1.05478648038e-9,7.41319228226e-10,3.52184947872e-10,2.72755623643e-10,1.76531442242e-10,8.37787964003e-11,4.23076920719e-11,2.05391172819e-11,1.64895874732e-11,1.39110138339e-11,1.16939583017e-11,1.40809421414e-11,2.37473461034e-11,5.12990865065e-11,6.39376052103e-11,5.01344243897e-11,2.87109381408e-11,1.02969499247e-11,7.27683885371e-12,3.18535605878e-12,2.46690667026e-12,6.61227474684e-13],"dvar2":[0.00000407473726227,0.0000141047621582,0.0000115375032692,0.00000643754265184,7.71018562773e-7,4.81020776988e-7,3.76983024353e-7,2.04600326015e-7,3.6197531017e-7,4.15442144686e-7,2.28481681575e-7,1.97403963398e-7,1.09874569887e-7,6.89129038278e-8,3.41981163388e-8,1.58092667846e-8,9.17024767233e-9,3.78439191095e-9,2.66645594493e-9,1.92090032769e-9,9.40430067153e-10,7.68729802036e-10,4.75369132946e-10,2.19719825667e-10,1.18867124477e-10,6.00000257811e-11,4.68210019366e-11,3.72694757e-11,3.0148411545e-11,3.53889140214e-11,5.91034651776e-11,1.22225951582e-10,1.5716891677e-10,1.13357240261e-10,6.78198816551e-11,2.24503228508e-11,1.54621142279e-11,6.37370538292e-12,4.32460621133e-12,1.315234705e-12],"max":[0.0116517972201,0.028263868764,0.0228431746364,0.0190329104662,0.00824601855129,0.00586588261649,0.00496717495844,0.00595402671024,0.00517817679793,0.00478197773919,0.00476003158838,0.0057599763386,0.00339791504666,0.00293722562492,0.00196169014089,0.00113753776532,0.00124000408687,0.000541966757737,0.000622900144663,0.000485752156237,0.000270274380455,0.000245596806053,0.000398768635932,0.000280915090116,0.000158602721058,0.0000663568789605,0.0000554295838811,0.000047389883548,0.0000509206620336,0.0000593544064031,0.0000869600335136,0.000197546280106,0.000167351943674,0.000128902640427,0.0000932363036554,0.0000496747634315,0.0000624170352239,0.000043726999138,0.0000758971655159,0.0000310954092129],"mean":[0.00075288314838,0.00237718760036,0.00173947715666,0.000955162453465,0.000414916372392,0.000400465563871,0.0003341914271,0.000229531127843,0.000253477803199,0.000238209642703,0.000210923113627,0.000175367036718,0.00019937469915,0.000173436361365,0.000100543402368,0.0000726548096281,0.0000600122002652,0.0000399539603677,0.0000318785641866,0.000027261692594,0.0000219885241677,0.0000195424290723,0.0000138289778988,0.00000725478867025,0.00000618064404989,0.00000591052867094,0.00000462987827632,0.00000420607102569,0.00000331194337377,0.0000029486677704,0.0000028805736747,0.00000308731455334,0.00000308699759444,0.00000283602207674,0.00000230239265875,0.0000018326738882,0.00000145996955325,9.91680622064e-7,6.43073519768e-7,4.09356402997e-7],"median":[0.000237745480263,0.000948250934016,0.000865185866132,0.00028763449518,0.000212040758925,0.000181964307558,0.000163236021763,0.00012294021144,0.000114594418847,0.0000946410509641,0.000075888397987,0.000061762817495,0.0000586197566008,0.0000341733284586,0.0000193810137716,0.0000173956450453,0.0000182689709618,0.0000146288102769,0.0000152883676492,0.0000129371546791,0.0000128153751575,0.0000121545463116,0.00000857369377627,0.00000380388178201,0.00000309436109092,0.00000315525062433,0.00000214953979594,0.00000231203466683,0.00000188166870885,0.0000013573906017,0.00000123327561141,0.00000111479357656,0.00000100821500837,9.12375810458e-7,8.04807541499e-7,8.51081324527e-7,6.06195555974e-7,4.16363803879e-7,2.16525918972e-7,1.5843964718e-7],"min":[2.54910693248e-11,5.46062414036e-12,2.59459988217e-11,2.95731494848e-11,1.43680579587e-11,3.61712951258e-11,2.99294755646e-11,7.09535971644e-11,2.20984099075e-11,2.04223356975e-11,1.11382257584e-11,8.77416715672e-12,1.39993580964e-11,3.86002341202e-12,2.29939331464e-12,3.91912283876e-12,6.49063441882e-12,3.37421150048e-12,1.05045670513e-12,6.20994141526e-13,4.92165498894e-13,5.44857887107e-13,4.24205023322e-13,4.81000981233e-13,4.56648987287e-13,4.29492352056e-13,1.18552167866e-13,1.25536137475e-13,1.42606399237e-13,1.81121773395e-13,2.44866057769e-13,1.73244394091e-13,5.62128739823e-14,2.94275983247e-14,3.29510283805e-14,3.97043407538e-14,6.88504700301e-14,3.63983948776e-14,2.41879694035e-14,1.39691445463e-14],"var":[0.00000154056465362,0.0000104072760223,0.00000627095869277,0.0000034700942706,3.37519111326e-7,3.35965467002e-7,2.37245714629e-7,1.47024707076e-7,2.09503937754e-7,2.27864788371e-7,2.01468452588e-7,1.20042102481e-7,1.11048713336e-7,1.00464077946e-7,3.34661542922e-8,1.58709827502e-8,1.11077511633e-8,3.73452468949e-9,2.09122452688e-9,1.5780092788e-9,7.84650289187e-10,5.43688483123e-10,2.89017254573e-10,1.19806845e-10,6.99971469675e-11,5.71923793047e-11,4.06919879736e-11,2.7096743252e-11,1.9758691211e-11,2.27111020962e-11,3.40046359126e-11,7.28532928429e-11,9.4120503058e-11,8.19427511956e-11,4.35187406944e-11,1.7884398823e-11,1.31998726186e-11,6.63455748673e-12,5.58604291295e-12,1.39840352839e-12]},"melbands_crest":{"dmean":3.43130207062,"dmean2":5.66089010239,"dvar":8.86880397797,"dvar2":22.9302482605,"max":33.3528518677,"mean":13.4926786423,"median":12.7782449722,"min":3.15905070305,"var":25.1848506927},"melbands_flatness_db":{"dmean":0.0249937027693,"dmean2":0.0389904417098,"dvar":0.000559973705094,"dvar2":0.00128748011775,"max":0.472996771336,"mean":0.205337181687,"median":0.193985328078,"min":0.040145482868,"var":0.00450667832047},"melbands_kurtosis":{"dmean":5.06390094757,"dmean2":8.07350254059,"dvar":167.344390869,"dvar2":406.662353516,"max":427.019073486,"mean":9.05621528625,"median":4.19321298599,"min":-1.45613288879,"var":257.662231445},"melbands_skewness":{"dmean":0.619110882282,"dmean2":0.966349840164,"dvar":0.477100938559,"dvar2":1.06847965717,"max":16.9788818359,"mean":1.98132896423,"median":1.69644188881,"min":-0.963102936745,"var":2.10363221169},"melbands_spread":{"dmean":5.24168300629,"dmean2":8.14542675018,"dvar":41.9743652344,"dvar2":88.842590332,"max":140.342300415,"mean":20.0297908783,"median":17.7736148834,"min":0.787366390228,"var":160.394546509},"mfcc":{"cov":[[17876.4941406,7.68162584305,2076.01586914,1608.55297852,773.730712891,1152.03320312,204.104736328,255.707366943,-415.427032471,113.454452515,7.07759428024,123.858627319,3.5503180027],[7.68162584305,1087.41882324,-242.324890137,210.262680054,219.688796997,-103.67791748,112.171142578,-62.6654167175,-78.8654403687,-52.4082565308,-46.8698959351,-12.7220335007,7.27893877029],[2076.01586914,-242.324890137,1888.45666504,587.671447754,326.673828125,335.189605713,-51.754535675,57.3484153748,-95.0693435669,90.4981460571,97.8180389404,37.6343040466,7.10511255264],[1608.55297852,210.262680054,587.671447754,586.011474609,227.763687134,112.479187012,27.4227924347,-32.105506897,-97.2222824097,-4.99358654022,-15.0887184143,-15.3954792023,-2.25232338905],[773.730712891,219.688796997,326.673828125,227.763687134,309.174865723,101.646217346,85.4333572388,33.6346168518,-56.6196517944,16.106218338,-0.050296895206,12.5182447433,3.16940045357],[1152.03320312,-103.67791748,335.189605713,112.479187012,101.646217346,232.642974854,77.2848434448,31.8206520081,-44.1152763367,20.7467060089,26.345041275,18.4964370728,11.4160318375],[204.104736328,112.171142578,-51.754535675,27.4227924347,85.4333572388,77.2848434448,162.443939209,28.8582725525,-41.0032310486,-6.14059400558,-10.5460681915,-3.17723464966,1.92983067036],[255.707366943,-62.6654167175,57.3484153748,-32.105506897,33.6346168518,31.8206520081,28.8582725525,119.412460327,46.1367225647,34.3023033142,11.5876131058,11.4703426361,1.84401702881],[-415.427032471,-78.8654403687,-95.0693435669,-97.2222824097,-56.6196517944,-44.1152763367,-41.0032310486,46.1367225647,137.180938721,48.5638198853,13.8749694824,13.4673175812,-1.99820125103],[113.454452515,-52.4082565308,90.4981460571,-4.99358654022,16.106218338,20.7467060089,-6.14059400558,34.3023033142,48.5638198853,86.3049087524,42.1906280518,26.9395103455,10.3894519806],[7.07759428024,-46.8698959351,97.8180389404,-15.0887184143,-0.050296895206,26.345041275,-10.5460681915,11.5876131058,13.8749694824,42.1906280518,73.5622406006,37.3926506042,20.0673179626],[123.858627319,-12.7220335007,37.6343040466,-15.3954792023,12.5182447433,18.4964370728,-3.17723464966,11.4703426361,13.4673175812,26.9395103455,37.3926506042,72.7221832275,38.1933021545],[3.5503180027,7.27893877029,7.10511255264,-2.25232338905,3.16940045357,11.4160318375,1.92983067036,1.84401702881,-1.99820125103,10.3894519806,20.0673179626,38.1933021545,63.492805481]],"icov":[[0.000130380460178,-0.0000450239931524,0.000115121234558,-0.000342972401995,0.00010611765174,-0.000705558632035,0.000432393804658,-0.000477625435451,0.000420817814302,-0.000275762489764,0.000330778420903,-0.000406776904128,0.000293628079817],[-0.0000450239931524,0.00170218700077,0.000302270433167,-0.000482218281832,-0.00143840617966,0.00167395046446,-0.00119304505643,0.000920714694075,-0.00016361408052,0.000543319038115,-0.000525195151567,0.0000658116114209,-0.000430859741755],[0.000115121234558,0.000302270433167,0.0015296646161,-0.00132517179009,-0.00074046239024,-0.00184120296035,0.00198735366575,-0.00108164874837,0.00105699012056,-0.000669385131914,-0.000909253198188,-0.0001611065818,0.000606830755714],[-0.000342972401995,-0.000482218281832,-0.00132517179009,0.00460052816197,-0.00148810842074,0.00144669180736,-0.000818215135951,0.00251107476652,-0.000562505563721,0.000176770961843,0.000772824976593,0.00194440945052,-0.00130846223328],[0.00010611765174,-0.00143840617966,-0.00074046239024,-0.00148810842074,0.00751433707774,-0.00144972931594,-0.00153396977112,-0.0024823313579,0.00162955746055,-0.00183668523096,0.002009724034,-0.00229790317826,0.00129223673139],[-0.000705558632035,0.00167395046446,-0.00184120296035,0.00144669180736,-0.00144972931594,0.0132291326299,-0.00751370983198,0.00262271356769,-0.00129365199246,0.00155923026614,-0.00305254501291,0.00124679401051,-0.00213019619696],[0.000432393804658,-0.00119304505643,0.00198735366575,-0.000818215135951,-0.00153396977112,-0.00751370983198,0.0137053681538,-0.00502953212708,0.00471227616072,-0.00200422154739,0.00194088416174,-0.000249298493145,0.00103101064451],[-0.000477625435451,0.000920714694075,-0.00108164874837,0.00251107476652,-0.0024823313579,0.00262271356769,-0.00502953212708,0.0148493042216,-0.00655970210209,-0.000420472642872,-0.000339532882208,0.00158631405793,-0.00147933291737],[0.000420817814302,-0.00016361408052,0.00105699012056,-0.000562505563721,0.00162955746055,-0.00129365199246,0.00471227616072,-0.00655970210209,0.0157599635422,-0.00873662810773,0.00329092354514,-0.0029102913104,0.00269164144993],[-0.000275762489764,0.000543319038115,-0.000669385131914,0.000176770961843,-0.00183668523096,0.00155923026614,-0.00200422154739,-0.000420472642872,-0.00873662810773,0.02341712825,-0.0109724346548,-0.000277584127616,-0.000553084420972],[0.000330778420903,-0.000525195151567,-0.000909253198188,0.000772824976593,0.002009724034,-0.00305254501291,0.00194088416174,-0.000339532882208,0.00329092354514,-0.0109724346548,0.0266167651862,-0.00959208328277,-0.000173120133695],[-0.000406776904128,0.0000658116114209,-0.0001611065818,0.00194440945052,-0.00229790317826,0.00124679401051,-0.000249298493145,0.00158631405793,-0.0029102913104,-0.000277584127616,-0.00959208328277,0.0274788383394,-0.013589836657],[0.000293628079817,-0.000430859741755,0.000606830755714,-0.00130846223328,0.00129223673139,-0.00213019619696,0.00103101064451,-0.00147933291737,0.00269164144993,-0.000553084420972,-0.000173120133695,-0.013589836657,0.0244033243507]],"mean":[-674.91986084,126.826766968,-16.433095932,2.32297992706,-5.45448160172,1.39361822605,-4.74251651764,4.79519891739,0.80168068409,-0.230482205749,-6.78738927841,-0.104869619012,-2.38104510307]},"pitch_salience":{"dmean":0.076508410275,"dmean2":0.126044526696,"dvar":0.004581048619,"dvar2":0.0122944032773,"max":0.864937663078,"mean":0.615260362625,"median":0.628848195076,"min":0.165302619338,"var":0.0113053005189},"silence_rate_20dB":{"dmean":0,"dmean2":0,"dvar":0,"dvar2":0,"max":1,"mean":1,"median":1,"min":1,"var":0},"silence_rate_30dB":{"dmean":0.00233918125741,"dmean2":0.00467973109335,"dvar":0.002333590528,"dvar2":0.00699721183628,"max":1,"mean":0.998830735683,"median":1,"min":0,"var":0.0011679114541},"silence_rate_60dB":{"dmean":0.0274853799492,"dmean2":0.0549868382514,"dvar":0.0267298351973,"dvar2":0.0560564771295,"max":1,"mean":0.247296109796,"median":0,"min":0,"var":0.186142966151},"spectral_centroid":{"dmean":185.865783691,"dmean2":289.030426025,"dvar":47538.6015625,"dvar2":102538.773438,"max":3985.46655273,"mean":1150.10400391,"median":1118.3972168,"min":228.330825806,"var":226837.84375},"spectral_complexity":{"dmean":3.50701761246,"dmean2":5.47587013245,"dvar":13.1528892517,"dvar2":30.1458568573,"max":51,"mean":19.2043266296,"median":19,"min":0,"var":151.686340332},"spectral_contrast_coeffs":{"dmean":[0.0600791350007,0.047637924552,0.039669085294,0.0265608541667,0.0194638110697,0.0178525354713],"dmean2":[0.0992287322879,0.0794387981296,0.0654872655869,0.0435108467937,0.031829174608,0.0283475201577],"dvar":[0.00252935965545,0.00150133809075,0.00119740364607,0.000461575313238,0.000272606732324,0.000276273058262],"dvar2":[0.00646576751024,0.00403797905892,0.00292699085549,0.00112245301716,0.000643940642476,0.000668751832563],"max":[-0.312978386879,-0.444591581821,-0.460677415133,-0.546927928925,-0.621329307556,-0.611816346645],"mean":[-0.627302885056,-0.759497880936,-0.782738685608,-0.812111139297,-0.810143589973,-0.767821192741],"median":[-0.62521904707,-0.767052590847,-0.790614724159,-0.81639277935,-0.811505734921,-0.764946579933],"min":[-0.916495680809,-0.944233357906,-0.950680077076,-0.938481450081,-0.933840215206,-0.960774362087],"var":[0.00873263459653,0.0050342977047,0.00423312559724,0.00175645947456,0.00129168690182,0.00205431389622]},"spectral_contrast_valleys":{"dmean":[0.4384509027,0.383638322353,0.324235469103,0.295568734407,0.245436176658,0.25244730711],"dmean2":[0.724290132523,0.632133662701,0.518506765366,0.448319196701,0.372078090906,0.367100298405],"dvar":[0.121019586921,0.110555663705,0.0880310386419,0.0809712260962,0.0676254108548,0.103240661323],"dvar2":[0.315829604864,0.265592604876,0.193652316928,0.165679648519,0.144706204534,0.188302740455],"max":[-5.3605132103,-4.72047758102,-5.19502973557,-5.60177946091,-5.9731426239,-7.6875295639],"mean":[-8.12393188477,-6.79088878632,-6.94920396805,-7.52806043625,-7.85875082016,-10.778711319],"median":[-7.10123634338,-6.2453827858,-6.69159841537,-7.22303199768,-7.39409732819,-9.88434886932],"min":[-15.2175035477,-13.3740167618,-13.6873416901,-14.5359764099,-15.4999017715,-16.1214027405],"var":[4.01383733749,2.2786757946,1.6342061758,2.0440993309,2.47429656982,3.81388878822]},"spectral_decrease":{"dmean":2.10074801998e-9,"dmean2":3.33375882455e-9,"dvar":9.756137067e-18,"dvar2":2.42062428688e-17,"max":-1.40919156193e-15,"mean":-7.47605000129e-9,"median":-7.99488120151e-9,"min":-3.57138496554e-8,"var":4.45086101455e-17},"spectral_energy":{"dmean":0.008141589351,"dmean2":0.0128974989057,"dvar":0.000145664380398,"dvar2":0.000361452315701,"max":0.140449672937,"mean":0.0299772024155,"median":0.0323840007186,"min":5.54221868398e-9,"var":0.000698275689501},"spectral_energyband_high":{"dmean":0.000310081406496,"dmean2":0.000485716765979,"dvar":7.52798257508e-7,"dvar2":0.00000158530542649,"max":0.0129406088963,"mean":0.000649101682939,"median":0.000322163687088,"min":3.58750598672e-11,"var":0.00000170754753981},"spectral_energyband_low":{"dmean":0.00527538266033,"dmean2":0.00902082677931,"dvar":0.0000780781701906,"dvar2":0.000220312256715,"max":0.103122368455,"mean":0.0104071646929,"median":0.00659604463726,"min":1.23304491617e-10,"var":0.000161334028235},"spectral_energyband_middle_high":{"dmean":0.00167972478084,"dmean2":0.00260236975737,"dvar":0.00000689218177286,"dvar2":0.000014062916307,"max":0.0422969460487,"mean":0.00673957634717,"median":0.003107202705,"min":3.19401061155e-10,"var":0.0000576794627705},"spectral_energyband_middle_low":{"dmean":0.00600313115865,"dmean2":0.00951884128153,"dvar":0.000106009865704,"dvar2":0.000259167980403,"max":0.113347567618,"mean":0.0141200143844,"median":0.0107777593657,"min":4.87609908006e-9,"var":0.000250478071393},"spectral_entropy":{"dmean":0.144392043352,"dmean2":0.218942508101,"dvar":0.0288029816002,"dvar2":0.0560396313667,"max":8.59767723083,"mean":7.5239443779,"median":7.63323926926,"min":4.60420274734,"var":0.272016853094},"spectral_flux":{"dmean":0.0212403908372,"dmean2":0.0321783944964,"dvar":0.000692757545039,"dvar2":0.00154557835776,"max":0.308769136667,"mean":0.0868918150663,"median":0.0856241211295,"min":0.00012514066475,"var":0.0035696614068},"spectral_kurtosis":{"dmean":2.68955588341,"dmean2":4.59478330612,"dvar":21.3116912842,"dvar2":61.6968650818,"max":84.6242523193,"mean":7.70819616318,"median":4.63400316238,"min":-0.876267910004,"var":105.692054749},"spectral_rms":{"dmean":0.000623628962785,"dmean2":0.000975415576249,"dvar":5.8283370663e-7,"dvar2":0.00000141968018852,"max":0.0117057282478,"mean":0.00461484491825,"median":0.00562086701393,"min":0.00000232530487665,"var":0.00000794923835201},"spectral_rolloff":{"dmean":352.680511475,"dmean2":585.435241699,"dvar":617506.875,"dvar2":1277921.5,"max":17334.2285156,"mean":1363.49328613,"median":1162.79296875,"min":107.666015625,"var":1376576.75},"spectral_skewness":{"dmean":0.283277839422,"dmean2":0.466084599495,"dvar":0.121773250401,"dvar2":0.339480191469,"max":7.21199226379,"mean":1.83887565136,"median":1.68866634369,"min":0.0752840861678,"var":0.87932151556},"spectral_spread":{"dmean":442521.875,"dmean2":651671.625,"dvar":423936819200,"dvar2":678763429888,"max":27658764,"mean":3855557.25,"median":3818265,"min":991299.0625,"var":2556746268670},"spectral_strongpeak":{"dmean":0.412868410349,"dmean2":0.708500742912,"dvar":0.450683027506,"dvar2":1.18787813187,"max":8.21356201172,"mean":0.765399038792,"median":0.532643198967,"min":0.0000474768021377,"var":0.687558710575},"zerocrossingrate":{"dmean":0.00793699733913,"dmean2":0.00956797040999,"dvar":0.000117995579785,"dvar2":0.000126992803416,"max":0.26806640625,"mean":0.0539664253592,"median":0.05029296875,"min":0.005859375,"var":0.000756966066547}},"metadata":{"audio_properties":{"analysis_sample_rate":44100,"bit_rate":0,"codec":"flac","downmix":"mix","equal_loudness":0,"length":79.4000015259,"lossless":true,"md5_encoded":"c2860ccb2c83abda5095ad920dd94f69","replay_gain":-16.0363445282},"tags":{"acoustid_id":["187d570f-b488-4561-a263-5dcecfa5b371"],"album":["Rated R + Songs for the Deaf"],"albumartist":["Queens of the Stone Age"],"artist":["Queens of the Stone Age"],"date":["2010-05-11"],"discnumber":["2"],"disctotal":["2"],"file_name":"2-06 - Queens of the Stone Age - Six Shooter.flac","musicbrainz_albumartistid":["7dc8f5bd-9d0b-4087-9f73-dc164950bbd8"],"musicbrainz_albumid":["d9f0ba90-05f3-43cb-b19f-2cf93678f635"],"musicbrainz_artistid":["7dc8f5bd-9d0b-4087-9f73-dc164950bbd8"],"musicbrainz_recordingid":["cee0b9f8-7ffd-4582-ac5a-ed0a8dc05015"],"musicbrainz_releasegroupid":["488c4880-fcf5-4573-b6b2-4168fcdd84aa"],"replaygain_album_gain":["-11.62 dB"],"replaygain_album_peak":["0.999969"],"replaygain_track_gain":["-12.03 dB"],"replaygain_track_peak":["0.988525"],"title":["Six Shooter"],"tracknumber":["6"],"tracktotal":["15"]},"version":{"essentia":"2.1-beta1","essentia_build_sha":"46c2b6830b139c2e69ed9f3e0d9145e1b8fbae31","essentia_git_sha":"v2.1_beta1-6-g5578087","extractor":"music 1.0"}},"rhythm":{"beats_count":224,"beats_loudness":{"dmean":0.0130979586393,"dmean2":0.0239929687232,"dvar":0.000299038918456,"dvar2":0.000925852800719,"max":0.111602351069,"mean":0.0353917442262,"median":0.037775773555,"min":0.00000211120527638,"var":0.000905139488168},"beats_loudness_band_ratio":{"dmean":[0.143086239696,0.0961816608906,0.124617382884,0.123006567359,0.0418151021004,0.0289596356452],"dmean2":[0.252520382404,0.169134110212,0.21375015378,0.216240301728,0.0712530985475,0.0538035482168],"dvar":[0.0193538330495,0.00900466088206,0.0136403599754,0.0155047867447,0.00170785584487,0.00378829822876],"dvar2":[0.058211710304,0.0259093549103,0.0375047512352,0.04