{"lowlevel":{"average_loudness":0.615527451038,"barkbands":{"dmean":[0.00179532018956,0.0130167081952,0.00500537035987,0.00217295833863,0.00154309743084,0.000727662118152,0.000186124161701,0.000116863659059,0.000226495845709,0.000465534889372,0.000573605007958,0.00118894502521,0.000995638896711,0.000633159535937,0.000871660304256,0.000399350508815,0.000202548748348,0.0000998369068839,0.0000620747814537,0.0000250332559517,0.00000822712900117,0.0000033561204873,0.0000028370795917,0.00000248460742114,0.00000236839900936,0.00000237284621107,0.000047061330406],"dmean2":[0.00296075479127,0.0209143012762,0.00839405506849,0.00350816384889,0.00248258723877,0.00114970025606,0.000304032408167,0.00019447861996,0.00036040120176,0.000735110137612,0.000923290790524,0.00187758309767,0.00161133799702,0.0010342678288,0.00137935962994,0.000645407300908,0.000328541354975,0.000158747730893,0.0000971063127508,0.0000388085500163,0.000012928077922,0.00000568630912312,0.000004781680218,0.00000425594362241,0.00000406467597713,0.00000405066475651,0.0000725950740161],"dvar":[0.0000157615122589,0.000682887563016,0.0000918803489185,0.0000186670549738,0.00000701991939422,0.00000334006426783,1.54954364007e-7,9.27257133299e-8,3.21464682429e-7,0.00000143762929383,0.00000359648015547,0.0000100529068732,0.00000688723230269,0.00000180568440555,0.00000645013915346,7.9346733628e-7,2.22874803057e-7,3.60127501153e-8,1.22572521022e-8,1.75170800087e-9,1.82053261355e-10,4.13439837921e-11,2.85926698984e-11,2.56530473947e-11,2.34180678321e-11,2.27743119502e-11,7.35039895616e-9],"dvar2":[0.0000355922384188,0.00161121110432,0.000251871970249,0.0000431665030192,0.0000159594019351,0.00000748945240048,3.70252791981e-7,2.36311421986e-7,7.75827572852e-7,0.00000337008191309,0.00000877433376445,0.000020951127226,0.0000161451007443,0.00000446745116278,0.0000140001329783,0.00000188689671177,5.80040875775e-7,8.15298761836e-8,2.85738348538e-8,4.17437773237e-9,4.3527501048e-10,1.08452101466e-10,7.4737056821e-11,6.75060979338e-11,6.15699713435e-11,5.97899299515e-11,1.65259255169e-8],"max":[0.058463960886,0.387076824903,0.214250534773,0.107011549175,0.055804297328,0.0498679354787,0.0122657557949,0.00798736512661,0.0194581095129,0.0340123176575,0.0714475437999,0.0847961977124,0.0701875388622,0.0268332101405,0.0821207240224,0.0235147066414,0.020379960537,0.00593212014064,0.00288785272278,0.000956954143476,0.000302075408399,0.000117635885545,0.000102673569927,0.0000928271037992,0.000087864449597,0.0000887376081664,0.00227293046191],"mean":[0.00179460213985,0.0163053181022,0.00691854767501,0.00329922675155,0.00251356256194,0.00110760331154,0.000266340211965,0.000154696812388,0.000318626407534,0.000721712771337,0.000853185716551,0.00192122498993,0.00152343302034,0.00101292238105,0.00135909428354,0.000674546463415,0.000366546824807,0.000196582826902,0.000126778366393,0.0000503270748595,0.0000143707820826,0.00000384848362955,0.00000348124558514,0.00000232465004046,0.00000208247979572,0.00000243819954449,0.000105911109131],"median":[0.000496962922625,0.00650178547949,0.00296949688345,0.00110887154005,0.00113495253026,0.000332115625497,0.000095451316156,0.0000631677758065,0.000105212056951,0.000148773484398,0.000177177920705,0.000407108222134,0.000444437289843,0.000401815603254,0.000435142428614,0.000282110704575,0.000190763530554,0.000108818945591,0.0000640416401438,0.0000233210157603,0.00000689600346959,0.00000182474218491,0.00000174751312443,7.21577407603e-7,5.36805202955e-7,9.71813847173e-7,0.0000610680071986],"min":[9.90226216996e-12,3.2841729336e-11,1.03065420781e-11,1.36726012456e-11,5.57116019984e-11,6.28027014074e-12,9.20511822149e-13,1.38010121994e-12,4.95831023808e-12,2.1855358235e-12,6.55833113511e-12,5.01318171003e-12,2.24481492422e-11,9.9558937483e-12,3.10756975708e-11,4.22488294349e-11,4.47211712107e-12,1.5018401453e-11,6.4775979719e-12,3.51772500018e-11,1.72296430595e-11,2.2653262946e-11,5.11820759386e-11,1.26216493854e-11,3.60450189661e-12,5.41584867231e-11,1.02303603089e-10],"var":[0.0000174674987647,0.000835191749502,0.000139910494909,0.0000530550460098,0.0000180417900992,0.00000774480031396,3.13448708766e-7,1.11403956282e-7,5.76516299589e-7,0.00000318958655043,0.00000610148890701,0.0000259838107013,0.0000119481801448,0.00000331855198965,0.0000123242934933,0.00000139487588058,3.77817400476e-7,8.90800180287e-8,3.58515634957e-8,5.34369215544e-9,4.11138151302e-10,4.10298704734e-11,2.91674288888e-11,2.37950648768e-11,2.16795210256e-11,2.15062256198e-11,1.86775483968e-8]},"barkbands_crest":{"dmean":3.43325996399,"dmean2":5.63546514511,"dvar":8.50830364227,"dvar2":21.3251609802,"max":25.952413559,"mean":11.6012582779,"median":10.9176588058,"min":2.64837002754,"var":22.1846084595},"barkbands_flatness_db":{"dmean":0.0335796326399,"dmean2":0.0538750439882,"dvar":0.000815346371382,"dvar2":0.0021380961407,"max":0.402952075005,"mean":0.176242485642,"median":0.171400308609,"min":0.0234325211495,"var":0.00231729354709},"barkbands_kurtosis":{"dmean":5.3391494751,"dmean2":8.62918281555,"dvar":99.6016082764,"dvar2":246.456100464,"max":231.601791382,"mean":6.6068444252,"median":1.74152374268,"min":-1.69724500179,"var":180.386734009},"barkbands_skewness":{"dmean":0.852761089802,"dmean2":1.31766426563,"dvar":0.743678092957,"dvar2":1.71811044216,"max":14.2560520172,"mean":1.8367241621,"median":1.53580164909,"min":-2.12583804131,"var":3.06967449188},"barkbands_spread":{"dmean":6.05813026428,"dmean2":9.65386581421,"dvar":32.9678115845,"dvar2":76.0315551758,"max":72.2874526978,"mean":20.9252643585,"median":20.2568759918,"min":0.774395704269,"var":120.584350586},"dissonance":{"dmean":0.0135373175144,"dmean2":0.0232257470489,"dvar":0.000283274363028,"dvar2":0.000776658358518,"max":0.5,"mean":0.479824960232,"median":0.486068934202,"min":0.268652290106,"var":0.000420739757828},"dynamic_complexity":3.90504026413,"erbbands":{"dmean":[0.292812049389,3.26043963432,6.41944646835,5.85008811951,6.53652954102,5.02137756348,6.31075716019,4.99612426758,3.22925114632,1.90261864662,2.86794829369,4.52012014389,14.3820514679,10.7715644836,39.5126838684,39.295955658,42.210018158,25.6982288361,55.4821739197,22.2023696899,20.0771198273,10.7553768158,5.5358300209,4.14796304703,2.25201296806,1.12220621109,0.527115881443,0.218320295215,0.12323924154,0.101188890636,0.0779413282871,0.0558148361742,0.039488080889,0.0267807785422,0.0166877303272,0.00924346782267,0.00440554739907,0.00172269530594,0.00133145716973,0.00110176182352],"dmean2":[0.47526589036,5.25890254974,10.7001523972,9.40203762054,10.7467479706,7.99068260193,9.90778064728,8.024725914,5.2232131958,3.17437243462,4.74973630905,7.18169784546,22.609172821,17.1283283234,61.6714324951,62.0015182495,68.4311828613,40.9973640442,87.5634536743,35.4229888916,32.3706169128,17.1969947815,8.73674106598,6.44931936264,3.46830129623,1.72274434566,0.818479895592,0.351099997759,0.20807467401,0.170549377799,0.131776720285,0.0954602956772,0.0677518621087,0.045952219516,0.0286319926381,0.0158573053777,0.00752499327064,0.00287857325748,0.00195678742602,0.00168692367151],"dvar":[0.323328405619,44.9308280945,143.415252686,114.291564941,157.487503052,107.790466309,290.331604004,112.858879089,47.9635772705,16.1498699188,63.5038833618,130.400222778,1693.27233887,519.919372559,18566.3964844,7993.55126953,12124.3779297,2344.1574707,28300.5878906,2162.66699219,1910.7364502,468.911682129,113.034309387,57.6428070068,15.8712091446,3.46655464172,0.754787504673,0.129612892866,0.0547263287008,0.0357611775398,0.021980220452,0.0127328159288,0.00651146518067,0.00299330172129,0.00116214493755,0.000356511562131,0.0000787474200479,0.0000102662634163,0.00000446042940894,0.00000330969851348],"dvar2":[0.806519269943,106.312232971,386.901062012,281.081817627,380.028320312,223.776153564,609.180297852,269.530273438,109.475967407,42.2873458862,160.783996582,319.834869385,4025.85180664,1223.4753418,39498.2929688,18138.2070312,28352.9121094,5688.62060547,61298.7539062,5065.7421875,4481.01757812,1137.79370117,249.659301758,136.260421753,37.1308288574,7.91153430939,1.74537599087,0.318400859833,0.143439292908,0.0933684557676,0.057498857379,0.0335197374225,0.0171150378883,0.00786916073412,0.00305511523038,0.000936971569899,0.000207005388802,0.0000267110644927,0.00000948677643464,0.00000746609384805],"max":[9.95914077759,95.2616882324,236.465988159,202.542236328,286.101196289,294.278900146,451.734619141,261.052062988,217.587249756,106.856674194,242.799545288,454.950469971,1181.09277344,525.827697754,5220.59472656,1870.13049316,3019.85253906,1024.24243164,5792.29492188,922.828979492,1004.8805542,942.786193848,349.326721191,226.890930176,131.037796021,52.0691871643,19.4631156921,5.71551561356,4.35050725937,3.41934990883,2.80858063698,2.11132860184,1.46216416359,0.993380188942,0.619287371635,0.342567384243,0.165675610304,0.0605594180524,0.0990011096001,0.0372778810561],"mean":[0.349495559931,4.01214408875,8.72601222992,9.82127571106,10.205696106,8.02472400665,9.30199718475,7.61287498474,4.83664512634,2.80468320847,3.98848676682,6.83912801743,22.2225856781,19.1881046295,64.0592041016,67.4609146118,68.503326416,46.4481697083,86.7720718384,42.4266014099,35.8595199585,21.0319080353,11.4938135147,8.74615573883,4.72840118408,2.33767366409,1.0254805088,0.349225223064,0.14643342793,0.122771695256,0.094448313117,0.0573265701532,0.0350796729326,0.0235955622047,0.0147084053606,0.00820394512266,0.00463504903018,0.00235574669205,0.00335423182696,0.00261673144996],"median":[0.149531453848,1.51572501659,3.90070176125,4.38440418243,4.082862854,3.20169782639,2.81741452217,2.59784841537,1.8008711338,1.29746675491,1.64950025082,2.48019957542,4.32802200317,6.35126876831,10.6132087708,18.4010906219,21.3069877625,20.2645225525,26.1324577332,18.3873729706,15.9220046997,11.4065685272,6.67396020889,4.50464582443,2.40990781784,1.10802102089,0.477966934443,0.171093463898,0.0718872025609,0.0593149662018,0.0474546216428,0.0223108734936,0.00938568077981,0.00612413929775,0.00380952842534,0.00218592910096,0.00191505125258,0.00130470376462,0.00196870067157,0.00157940096688],"min":[2.0763044617e-9,1.538429939e-9,8.29852719875e-9,5.26596615202e-8,7.72708901309e-8,2.08937791513e-7,5.41385958286e-8,4.35717844027e-8,2.20537152984e-8,2.68277506876e-8,2.68246722612e-8,1.2810757255e-7,7.50111297521e-8,9.29145471673e-8,2.94840418746e-7,1.8022591064e-7,8.30582905564e-7,6.842460607e-7,9.19295075619e-7,0.00000183993029168,0.00000156402768425,3.90158305663e-7,4.52527530115e-7,3.12835283012e-7,7.7999095538e-7,0.00000166491417986,8.09152311376e-7,6.67410347432e-7,8.04166802482e-7,7.54029201744e-7,0.00000155934458235,7.32872535991e-7,7.07017875357e-8,4.58810340831e-8,2.73680651475e-8,3.1003736467e-8,1.48208300743e-7,5.10877455895e-8,1.67644760296e-8,1.41894762606e-9],"var":[0.357153117657,54.7147750854,190.463516235,289.766113281,365.878173828,316.195251465,631.07220459,238.91796875,103.692512512,23.8733692169,78.1473693848,240.143875122,3520.69970703,1200.52416992,43684.4726562,19036.5332031,21985.3730469,4949.82080078,56506.3476562,4941.19726562,3505.44873047,981.345275879,285.523193359,171.854187012,45.9919548035,10.930680275,2.11829996109,0.239605054259,0.0556347072124,0.0370589122176,0.0220260433853,0.0118917440996,0.00603387039155,0.00277265999466,0.00107678200584,0.000330699578626,0.0000741960539017,0.000011137914953,0.0000164377161127,0.00000913676376513]},"erbbands_crest":{"dmean":2.86017274857,"dmean2":4.70818376541,"dvar":6.99264574051,"dvar2":17.2081298828,"max":30.8756389618,"mean":9.53587341309,"median":8.51184463501,"min":2.80422925949,"var":17.5229244232},"erbbands_flatness_db":{"dmean":0.0293795187026,"dmean2":0.0467983223498,"dvar":0.00056521728402,"dvar2":0.00142773299012,"max":0.384290665388,"mean":0.195558771491,"median":0.192419275641,"min":0.068050891161,"var":0.00215748068877},"erbbands_kurtosis":{"dmean":1.7917689085,"dmean2":2.818328619,"dvar":6.07701683044,"dvar2":13.6316766739,"max":53.4417991638,"mean":1.98563861847,"median":0.865882635117,"min":-1.88758468628,"var":16.7456741333},"erbbands_skewness":{"dmean":0.441984474659,"dmean2":0.687766849995,"dvar":0.160912767053,"dvar2":0.367652595043,"max":2.45689845085,"mean":-0.973794460297,"median":-0.944243013859,"min":-5.48205900192,"var":0.601839840412},"erbbands_spread":{"dmean":8.06146144867,"dmean2":12.5080690384,"dvar":64.3371582031,"dvar2":140.5131073,"max":101.14907074,"mean":29.4541416168,"median":25.7390918732,"min":1.39845108986,"var":314.326293945},"gfcc":{"cov":[[3845.75146484,442.858428955,94.7652359009,-379.893371582,-251.014389038,203.415512085,-76.0439605713,213.632751465,-234.202758789,96.5407333374,-18.3152694702,-68.9525756836,189.482955933],[442.858428955,792.12121582,-44.1840286255,-269.235931396,81.9754104614,34.6181335449,56.3428726196,-97.8545608521,42.1048774719,-53.1642494202,28.0159683228,-8.88973712921,24.3783550262],[94.7652359009,-44.1840286255,420.708007812,203.148895264,-114.609336853,133.823348999,-109.961006165,134.791046143,-39.8518180847,78.6701202393,-50.7535552979,-12.6933393478,-34.0597000122],[-379.893371582,-269.235931396,203.148895264,479.649047852,105.83821106,-155.606994629,79.8418273926,88.3908615112,13.5265388489,21.9845581055,-1.2358109951,-36.9498939514,-58.6696929932],[-251.014389038,81.9754104614,-114.609336853,105.83821106,287.903503418,-31.6100616455,104.660667419,-39.3520278931,72.369720459,-54.3330001831,31.9228076935,-17.4229640961,-0.937156915665],[203.415512085,34.6181335449,133.823348999,-155.606994629,-31.6100616455,402.569885254,-89.3101348877,46.3527641296,-32.2423057556,50.4053764343,-43.6823883057,30.0653095245,11.2801303864],[-76.0439605713,56.3428726196,-109.961006165,79.8418273926,104.660667419,-89.3101348877,221.471572876,-6.29576778412,27.5376396179,-39.6316680908,28.1708755493,-10.6365690231,-16.9519138336],[213.632751465,-97.8545608521,134.791046143,88.3908615112,-39.3520278931,46.3527641296,-6.29576778412,166.543457031,2.55253481865,39.3513259888,-13.1253929138,-16.6114654541,7.57091140747],[-234.202758789,42.1048774719,-39.8518180847,13.5265388489,72.369720459,-32.2423057556,27.5376396179,2.55253481865,125.80846405,22.992816925,11.9128484726,4.9317150116,-7.66612815857],[96.5407333374,-53.1642494202,78.6701202393,21.9845581055,-54.3330001831,50.4053764343,-39.6316680908,39.3513259888,22.992816925,115.622200012,34.3254928589,0.621222138405,-3.3023750782],[-18.3152694702,28.0159683228,-50.7535552979,-1.2358109951,31.9228076935,-43.6823883057,28.1708755493,-13.1253929138,11.9128484726,34.3254928589,85.6251754761,32.1803627014,2.58211684227],[-68.9525756836,-8.88973712921,-12.6933393478,-36.9498939514,-17.4229640961,30.0653095245,-10.6365690231,-16.6114654541,4.9317150116,0.621222138405,32.1803627014,76.2832489014,29.3768558502],[189.482955933,24.3783550262,-34.0597000122,-58.6696929932,-0.937156915665,11.2801303864,-16.9519138336,7.57091140747,-7.66612815857,-3.3023750782,2.58211684227,29.3768558502,81.3542861938]],"icov":[[0.000576152000576,-0.000423708261224,-0.0000567595016037,0.00129242276307,-0.00146398739889,0.00124536338262,-0.00029716201243,-0.00161630706862,0.00267650396563,-0.00296847615391,0.0026379621122,-0.00145629886538,0.000166139012435],[-0.000423708261224,0.00772252772003,-0.0153045002371,0.0166787616909,-0.0118035115302,0.00887965317816,-0.00732537312433,0.00361371110193,0.00107237161137,-0.00279100495391,0.00210462301038,-0.00196827435866,0.00169532396831],[-0.0000567595016037,-0.0153045002371,0.0434984378517,-0.0496816262603,0.0405439697206,-0.0321266427636,0.0203863922507,-0.00313119916245,-0.0153381712735,0.0234753228724,-0.0231014490128,0.0199766214937,-0.0104110687971],[0.00129242276307,0.0166787616909,-0.0496816262603,0.0757965818048,-0.0719108954072,0.0564030595124,-0.0255295373499,-0.0127106271684,0.044205557555,-0.0648449212313,0.069014981389,-0.0576652213931,0.0332339033484],[-0.00146398739889,-0.0118035115302,0.0405439697206,-0.0719108954072,0.0824842378497,-0.0609138309956,0.0201842132956,0.0209660977125,-0.0585085451603,0.084429204464,-0.0925793871284,0.0784453973174,-0.0437619760633],[0.00124536338262,0.00887965317816,-0.0321266427636,0.0564030595124,-0.0609138309956,0.050311923027,-0.0163426585495,-0.0164721664041,0.0444939807057,-0.0654370933771,0.0724149793386,-0.0612545460463,0.0334711261094],[-0.00029716201243,-0.00732537312433,0.0203863922507,-0.0255295373499,0.0201842132956,-0.0163426585495,0.0163404140621,-0.000714055611752,-0.0106309968978,0.0174234583974,-0.0175861027092,0.0131636708975,-0.00550868734717],[-0.00161630706862,0.00361371110193,-0.00313119916245,-0.0127106271684,0.0209660977125,-0.0164721664041,-0.000714055611752,0.0231266971678,-0.0252079982311,0.0317518264055,-0.0370306707919,0.0329567044973,-0.0193829517812],[0.00267650396563,0.00107237161137,-0.0153381712735,0.044205557555,-0.0585085451603,0.0444939807057,-0.0106309968978,-0.0252079982311,0.0620933175087,-0.0772684887052,0.0831696763635,-0.0692972168326,0.0372881032526],[-0.00296847615391,-0.00279100495391,0.0234753228724,-0.0648449212313,0.084429204464,-0.0654370933771,0.0174234583974,0.0317518264055,-0.0772684887052,0.120484627783,-0.126759693027,0.102069832385,-0.0536882281303],[0.0026379621122,0.00210462301038,-0.0231014490128,0.069014981389,-0.0925793871284,0.0724149793386,-0.0175861027092,-0.0370306707919,0.0831696763635,-0.126759693027,0.153452038765,-0.121609412134,0.0637333542109],[-0.00145629886538,-0.00196827435866,0.0199766214937,-0.0576652213931,0.0784453973174,-0.0612545460463,0.0131636708975,0.0329567044973,-0.0692972168326,0.102069832385,-0.121609412134,0.116356931627,-0.060711286962],[0.000166139012435,0.00169532396831,-0.0104110687971,0.0332339033484,-0.0437619760633,0.0334711261094,-0.00550868734717,-0.0193829517812,0.0372881032526,-0.0536882281303,0.0637333542109,-0.060711286962,0.0477504655719]],"mean":[-37.196521759,122.963142395,-113.848014832,11.0185146332,20.6820964813,-0.412325710058,-12.2370567322,-14.9377765656,-9.63882541656,-13.6143112183,-2.77217912674,-5.80626773834,-5.86667966843]},"hfc":{"dmean":7.01548194885,"dmean2":10.3706998825,"dvar":124.626441956,"dvar2":257.355560303,"max":241.141998291,"mean":21.5610675812,"median":13.2907066345,"min":0.00000651515347272,"var":521.418457031},"melbands":{"dmean":[0.00317906890996,0.00374582759105,0.00101312168408,0.000388032232877,0.00021136860596,0.000116271046863,0.0000456189918623,0.0000208657347684,0.0000246978797804,0.0000316916884913,0.0000737348309485,0.0000436160335084,0.000102708654595,0.000138351038913,0.000130250002258,0.0000719037052477,0.0000479741902382,0.0000974871727522,0.0000449691906397,0.0000294149704132,0.0000225411131396,0.0000130690659716,0.00000699922338754,0.00000471671137348,0.00000358328998118,0.00000216192370317,0.00000128669330479,6.99646363955e-7,4.16272598613e-7,1.94265140863e-7,1.08789251385e-7,7.09659389031e-8,6.14472099869e-8,5.51221894796e-8,4.65315963538e-8,3.89816321444e-8,3.23773363675e-8,2.80897882732e-8,2.47131115572e-8,2.18505853411e-8],"dmean2":[0.00507418485358,0.0060851406306,0.0016301634023,0.000623767962679,0.000332288967911,0.000185621553101,0.0000737648151699,0.000034864009649,0.000040595405153,0.0000504608760821,0.000115925802675,0.0000698024305166,0.000160775322001,0.000215695268707,0.00020978001703,0.000116246192192,0.0000780500049586,0.000154326975462,0.0000719419840607,0.0000475124870718,0.0000366356507584,0.0000211890201172,0.000011180392903,0.00000751697962187,0.00000566993321627,0.00000344567229149,0.00000202276601158,0.00000108842232294,6.54389054944e-7,3.0927154171e-7,1.78905224857e-7,1.20332344977e-7,1.04155226666e-7,9.26915504351e-8,7.84643674479e-8,6.64273116513e-8,5.54571997213e-8,4.81982169731e-8,4.24063415494e-8,3.74936313108e-8],"dvar":[0.0000380718047381,0.0000504843337694,0.00000320150434163,4.74396586014e-7,2.34373487729e-7,6.49796163543e-8,9.21144316379e-9,2.05238093187e-9,4.90937512865e-9,6.38263486508e-9,4.38776339706e-8,9.21775544782e-9,1.14847843236e-7,1.54849544742e-7,1.39176890457e-7,2.49147085185e-8,8.63989502164e-9,8.72395347074e-8,1.13685132419e-8,4.49642145739e-9,2.23163310054e-9,8.12239608905e-10,1.90918336695e-10,8.76043820819e-11,4.44754857942e-11,1.54575033329e-11,5.32570558834e-12,1.36692697092e-12,4.87336787678e-13,1.13260116075e-13,3.34024054618e-14,1.82990270479e-14,1.36434104032e-14,1.02143897927e-14,7.60288811346e-15,5.81181026495e-15,4.35636032795e-15,3.29350804441e-15,2.54937117728e-15,1.99251329479e-15],"dvar2":[0.0000901688254089,0.000126649203594,0.00000778749836172,0.00000107234109237,5.03776675487e-7,1.5275823273e-7,2.11674180406e-8,5.3697171154e-9,1.22796093294e-8,1.56363082482e-8,1.04137782841e-7,2.15307593976e-8,2.52470357509e-7,3.15647127991e-7,3.35224882519e-7,5.9286392684e-8,2.14281321576e-8,1.89582195276e-7,2.55570355989e-8,1.09006732529e-8,5.38213118517e-9,2.09012918084e-9,4.45054493259e-10,2.04470690379e-10,1.09829340067e-10,3.71505638752e-11,1.34056125575e-11,3.22445520805e-12,1.16940756124e-12,2.77277305933e-13,8.50090465143e-14,4.80606257103e-14,3.57738944262e-14,2.6622985839e-14,1.98373456062e-14,1.53264004949e-14,1.14617542277e-14,8.6563878827e-15,6.70199488219e-15,5.2383981823e-15],"max":[0.0972591936588,0.12299785018,0.035669695586,0.0144136436284,0.0120411142707,0.00647859415039,0.00287999375723,0.00109190994408,0.00221710582264,0.00260882941075,0.00607513310388,0.00231705373153,0.0124514717609,0.0111577250063,0.00807206984609,0.00394454132766,0.00192436436191,0.010618519038,0.00339248147793,0.00175526866224,0.000994350295514,0.00120657333173,0.000485530908918,0.000305549037876,0.000183835305506,0.000114097128971,0.0000586460155318,0.0000336304765369,0.0000119667247418,0.00000855694270285,0.00000298060376736,0.00000255440727415,0.00000200455792765,0.00000188628177966,0.00000162809499216,0.0000014911930748,0.00000120439290185,0.00000103797890461,9.15674490898e-7,8.10733752132e-7],"mean":[0.00402062665671,0.00511160120368,0.00180025107693,0.000634981552139,0.000326439389028,0.000179836497409,0.0000679077347741,0.0000296231592074,0.0000336969969794,0.0000456511625089,0.000112999652629,0.0000722645127098,0.000164000724908,0.000224907606025,0.000190844220924,0.000115348877443,0.0000783928335295,0.00014685158385,0.0000756425652071,0.0000491729879286,0.0000384489467251,0.0000230904533964,0.0000126761369756,0.00000899625956663,0.00000700468990544,0.00000413201041738,0.00000243050135396,0.00000133732396534,7.57112047722e-7,3.19644158253e-7,1.51764112388e-7,7.94316221686e-8,7.02835194488e-8,6.74123583622e-8,5.64643904966e-8,4.47931860492e-8,3.07109075948e-8,2.47345255389e-8,2.17391562529e-8,1.92130471532e-8],"median":[0.00168518570717,0.00234483648092,0.000848617753945,0.000274878519122,0.000110812550702,0.0000591924763285,0.0000248839496635,0.0000133401126732,0.0000130094113047,0.0000153589353431,0.0000210171656363,0.0000228072094615,0.000029320250178,0.0000400158387492,0.0000484086558572,0.00004031611752,0.0000333679745381,0.0000413964226027,0.0000290782718366,0.0000200504910026,0.0000173076659848,0.0000119541346066,0.00000707663002686,0.00000477043113278,0.00000347545210388,0.00000206384083867,0.00000110717553525,6.19224522325e-7,3.31601512471e-7,1.50628011397e-7,7.1425823478e-8,3.62604026805e-8,3.24226476778e-8,3.26021698527e-8,2.83503656107e-8,2.14178310642e-8,9.80637793191e-9,6.42987707522e-9,5.6092464007e-9,4.9570161309e-9],"min":[1.74180236207e-11,3.08226317733e-12,9.157543647e-12,1.0093977737e-11,2.77666886879e-12,9.984206387e-13,3.35264991767e-13,3.19820450505e-13,2.33345569429e-13,8.36248008774e-13,3.49648586993e-13,3.14960107691e-13,9.88501706704e-13,6.44204904265e-13,4.35640781261e-13,2.61581446608e-12,1.10126382839e-12,1.2093459914e-12,2.80504981222e-12,1.72300531048e-12,1.95539960092e-12,3.95733711642e-13,8.04221259357e-14,4.23007305182e-13,2.04403131248e-13,2.48946100279e-13,1.28172169059e-12,9.64715720503e-13,5.06633363734e-13,4.72068781635e-13,3.34695026685e-13,4.56548698586e-13,4.49802657143e-13,3.63873997123e-13,6.25783604623e-13,1.38278266875e-12,1.32238959908e-13,3.52834386328e-14,3.7369297923e-14,3.75537410413e-14],"var":[0.0000466651727038,0.000066087966843,0.00000898976031749,0.0000012402934999,5.34179378064e-7,1.45166822563e-7,1.99053697969e-8,2.83107248755e-9,6.22024831642e-9,1.15541238799e-8,9.21501666085e-8,1.96698053401e-8,2.530614438e-7,4.0948563651e-7,2.24756746547e-7,4.73513530608e-8,1.5626067551e-8,1.77205379259e-7,2.29209966562e-8,7.89120857547e-9,3.92926136072e-9,1.43475331615e-9,3.97319788181e-10,2.04697744866e-10,1.17246851117e-10,3.92386435843e-11,1.32221447333e-11,3.76070832461e-12,1.25996305403e-12,2.21097920246e-13,4.98150511726e-14,1.82013827838e-14,1.35943036681e-14,1.0839274797e-14,7.7447398741e-15,5.5443634235e-15,4.04196795595e-15,3.05125196282e-15,2.36083434872e-15,1.84504252933e-15]},"melbands_crest":{"dmean":4.06252765656,"dmean2":6.69810295105,"dvar":11.5364723206,"dvar2":30.5251693726,"max":35.6994247437,"mean":16.803068161,"median":16.6917419434,"min":3.91014361382,"var":29.6049747467},"melbands_flatness_db":{"dmean":0.0422090776265,"dmean2":0.0674397721887,"dvar":0.00121320877224,"dvar2":0.00317170075141,"max":0.541324913502,"mean":0.292340785265,"median":0.289119064808,"min":0.0646702051163,"var":0.00405588606372},"melbands_kurtosis":{"dmean":12.6927757263,"dmean2":20.292224884,"dvar":496.536560059,"dvar2":1223.44506836,"max":409.755065918,"mean":18.9948635101,"median":7.00199508667,"min":-1.88735640049,"var":1050.15039062},"melbands_skewness":{"dmean":1.18784952164,"dmean2":1.83603978157,"dvar":1.4445527792,"dvar2":3.32046413422,"max":15.844499588,"mean":3.22009325027,"median":2.71072387695,"min":-3.18690419197,"var":6.21704292297},"melbands_spread":{"dmean":7.96534633636,"dmean2":12.7446603775,"dvar":74.5525360107,"dvar2":167.035476685,"max":166.951416016,"mean":22.1385574341,"median":17.9888515472,"min":0.517593324184,"var":283.424377441},"mfcc":{"cov":[[3533.2980957,579.488708496,12.0542812347,-312.626220703,-232.244049072,-90.6679534912,131.122940063,-71.4588317871,83.2629623413,-76.6034545898,-56.9936294556,1.49554264545,15.2049798965],[579.488708496,888.796386719,-133.425094604,-294.711700439,-24.2223587036,82.2114105225,-16.6420059204,7.15141010284,-16.0515632629,-29.1801891327,-43.9333648682,-4.97707843781,9.78233528137],[12.0542812347,-133.425094604,555.928527832,-25.8404808044,38.8221359253,1.24041986465,-15.0075178146,-23.5148220062,44.9388046265,-10.4311904907,65.137802124,26.8095054626,-15.2105855942],[-312.626220703,-294.711700439,-25.8404808044,682.296203613,12.7824382782,-138.531280518,62.1769676208,27.372833252,-6.43034696579,97.27784729,27.6837806702,23.6803665161,-14.2547464371],[-232.244049072,-24.2223587036,38.8221359253,12.7824382782,202.79850769,75.0307998657,-17.790813446,27.6816120148,30.4825191498,8.94056510925,20.9629955292,6.74341535568,13.2078380585],[-90.6679534912,82.2114105225,1.24041986465,-138.531280518,75.0307998657,179.155426025,32.2211341858,15.3796663284,17.3456783295,-8.0414018631,-5.71630382538,7.86951303482,24.1032085419],[131.122940063,-16.6420059204,-15.0075178146,62.1769676208,-17.790813446,32.2211341858,135.586257935,47.0052528381,3.95466899872,4.87320804596,1.14631855488,12.7885313034,4.58765506744],[-71.4588317871,7.15141010284,-23.5148220062,27.372833252,27.6816120148,15.3796663284,47.0052528381,110.682327271,42.8344573975,1.12984657288,-6.87968063354,-2.19336628914,4.46249294281],[83.2629623413,-16.0515632629,44.9388046265,-6.43034696579,30.4825191498,17.3456783295,3.95466899872,42.8344573975,98.0754928589,34.3250770569,1.09957933426,-0.994586467743,-0.269414424896],[-76.6034545898,-29.1801891327,-10.4311904907,97.27784729,8.94056510925,-8.0414018631,4.87320804596,1.12984657288,34.3250770569,92.1415176392,45.0636405945,7.56033992767,-3.39901995659],[-56.9936294556,-43.9333648682,65.137802124,27.6837806702,20.9629955292,-5.71630382538,1.14631855488,-6.87968063354,1.09957933426,45.0636405945,87.6331253052,44.1029129028,-0.690433204174],[1.49554264545,-4.97707843781,26.8095054626,23.6803665161,6.74341535568,7.86951303482,12.7885313034,-2.19336628914,-0.994586467743,7.56033992767,44.1029129028,71.2930221558,32.1703643799],[15.2049798965,9.78233528137,-15.2105855942,-14.2547464371,13.2078380585,24.1032085419,4.58765506744,4.46249294281,-0.269414424896,-3.39901995659,-0.690433204174,32.1703643799,62.9408493042]],"icov":[[0.000536903215107,-0.000443666242063,0.000135299444082,0.0000247342104558,0.000299120176351,0.000755728920922,-0.0012662759982,0.00146468367893,-0.00191963254474,0.00152806937695,-0.00109345896635,0.000900627986994,-0.000784193456639],[-0.000443666242063,0.0018804629799,-5.05521711602e-7,0.000894917349797,-0.000316257937811,-0.000735857407562,0.00125765125267,-0.00195833458565,0.0027993505355,-0.00308635970578,0.00312005681917,-0.00263447896577,0.00163888256066],[0.000135299444082,-5.05521711602e-7,0.00271751289256,-0.000482982897665,0.000242617839831,-0.000121968791063,-0.000487731187604,0.00216342322528,-0.00391834042966,0.00464036641642,-0.00506148161367,0.00208861171268,-0.000496536435094],[0.0000247342104558,0.000894917349797,-0.000482982897665,0.00382227753289,-0.00211194925942,0.00330857746303,-0.00176131003536,-0.0014680881286,0.00382719188929,-0.00733738625422,0.0066526546143,-0.00529241748154,0.00241068634205],[0.000299120176351,-0.000316257937811,0.000242617839831,-0.00211194925942,0.0085386801511,-0.00477696582675,0.00273734913208,-0.000574892445002,-0.00403971225023,0.00553857069463,-0.0071929092519,0.00488940859213,-0.00286017893814],[0.000755728920922,-0.000735857407562,-0.000121968791063,0.00330857746303,-0.00477696582675,0.012262952514,-0.00649598008022,0.00273397867568,-0.00129948125686,-0.0024924876634,0.00368407811038,-0.00196794117801,-0.00185628246982],[-0.0012662759982,0.00125765125267,-0.000487731187604,-0.00176131003536,0.00273734913208,-0.00649598008022,0.0147290462628,-0.00899852253497,0.00615675654262,-0.00341033074073,0.00246128439903,-0.00399999832734,0.00298496894538],[0.00146468367893,-0.00195833458565,0.00216342322528,-0.0014680881286,-0.000574892445002,0.00273397867568,-0.00899852253497,0.0202233362943,-0.0156542640179,0.0125891584903,-0.00965051259845,0.00830404367298,-0.00530079379678],[-0.00191963254474,0.0027993505355,-0.00391834042966,0.00382719188929,-0.00403971225023,-0.00129948125686,0.00615675654262,-0.0156542640179,0.0310402736068,-0.0257323160768,0.0217617154121,-0.0147467441857,0.00847430340946],[0.00152806937695,-0.00308635970578,0.00464036641642,-0.00733738625422,0.00553857069463,-0.0024924876634,-0.00341033074073,0.0125891584903,-0.0257323160768,0.0437233410776,-0.0365146771073,0.0240862816572,-0.0117420256138],[-0.00109345896635,0.00312005681917,-0.00506148161367,0.0066526546143,-0.0071929092519,0.00368407811038,0.00246128439903,-0.00965051259845,0.0217617154121,-0.0365146771073,0.0523577593267,-0.0369861982763,0.018266113475],[0.000900627986994,-0.00263447896577,0.00208861171268,-0.00529241748154,0.00488940859213,-0.00196794117801,-0.00399999832734,0.00830404367298,-0.0147467441857,0.0240862816572,-0.0369861982763,0.0464702770114,-0.0239916071296],[-0.000784193456639,0.00163888256066,-0.000496536435094,0.00241068634205,-0.00286017893814,-0.00185628246982,0.00298496894538,-0.00530079379678,0.00847430340946,-0.0117420256138,0.018266113475,-0.0239916071296,0.0295830853283]],"mean":[-695.339294434,177.991622925,-46.4822654724,32.2314796448,36.1138648987,25.0227489471,13.59719944,10.9004364014,-2.97302150726,4.43994998932,-4.69133329391,-0.698329031467,1.494997859]},"pitch_salience":{"dmean":0.100445821881,"dmean2":0.164052814245,"dvar":0.00731770321727,"dvar2":0.0190321728587,"max":0.81891566515,"mean":0.513744533062,"median":0.525039851665,"min":0.0594797842205,"var":0.016253804788},"silence_rate_20dB":{"dmean":0.000219587178435,"dmean2":0.000439222581917,"dvar":0.000219519948587,"dvar2":0.000658564968035,"max":1,"mean":0.999890208244,"median":1,"min":0,"var":0.000109764725494},"silence_rate_30dB":{"dmean":0.060166887939,"dmean2":0.120346985757,"dvar":0.0565482228994,"dvar2":0.125413671136,"max":1,"mean":0.922713816166,"median":1,"min":0,"var":0.0713151618838},"silence_rate_60dB":{"dmean":0.00966183561832,"dmean2":0.0193257927895,"dvar":0.00956727005541,"dvar2":0.0218046195805,"max":1,"mean":0.0555494576693,"median":0,"min":0,"var":0.0524607002735},"spectral_centroid":{"dmean":227.119888306,"dmean2":349.709503174,"dvar":53725.1757812,"dvar2":108689.65625,"max":10617.8515625,"mean":1192.28991699,"median":1126.92590332,"min":195.007324219,"var":262831.1875},"spectral_complexity":{"dmean":3.28853750229,"dmean2":5.09256601334,"dvar":9.14553070068,"dvar2":18.2481975555,"max":45,"mean":18.031288147,"median":18,"min":0,"var":80.3326263428},"spectral_contrast_coeffs":{"dmean":[0.0570497177541,0.0503401048481,0.0406473018229,0.0319362096488,0.027362363413,0.0404103510082],"dmean2":[0.0940475538373,0.0831650719047,0.0664223954082,0.0528026111424,0.0443954244256,0.0681732669473],"dvar":[0.00195675436407,0.00160177086946,0.00103381020017,0.000660407589749,0.000543327594642,0.00155144685414],"dvar2":[0.00531915482134,0.00433694850653,0.00266301189549,0.00172769150231,0.00138707086444,0.00412071309984],"max":[-0.340541422367,-0.403868496418,-0.466319143772,-0.576446294785,-0.576878130436,-0.512097597122],"mean":[-0.663691401482,-0.785383284092,-0.799314379692,-0.791295051575,-0.778225421906,-0.793225705624],"median":[-0.66664493084,-0.793930888176,-0.808743238449,-0.797583580017,-0.781477808952,-0.810539603233],"min":[-0.970710039139,-0.954230487347,-0.969270348549,-0.960287630558,-0.960543096066,-0.957391023636],"var":[0.00601209746674,0.00518638221547,0.00435556052253,0.00213705282658,0.0017041299725,0.00291380053386]},"spectral_contrast_valleys":{"dmean":[0.419462829828,0.457194119692,0.353846907616,0.261196523905,0.290689677,0.860755741596],"dmean2":[0.686765670776,0.74523127079,0.562377929688,0.410963863134,0.429752200842,1.42312753201],"dvar":[0.143031954765,0.173313841224,0.116225548089,0.0761135816574,0.105475112796,0.524670183659],"dvar2":[0.319834440947,0.410091876984,0.242091849446,0.135622933507,0.187609955668,1.39814293385],"max":[-4.88543176651,-5.15928840637,-5.19275379181,-5.12320423126,-6.14270544052,-8.78815364838],"mean":[-6.84576797485,-7.23262548447,-7.23503017426,-6.97835683823,-7.83988285065,-11.5155067444],"median":[-6.72742462158,-7.10406303406,-7.14507627487,-6.96652603149,-7.76999664307,-11.4251146317],"min":[-27.0330886841,-27.7493019104,-26.7808380127,-27.1841888428,-27.2350673676,-27.2229976654],"var":[0.681499421597,0.728341937065,0.730349183083,0.519132137299,0.519386053085,1.13448500633]},"spectral_decrease":{"dmean":5.06946973289e-9,"dmean2":7.87533505076e-9,"dvar":6.9837105495e-17,"dvar2":1.6225239036e-16,"max":-1.04652528672e-16,"mean":-1.05348814117e-8,"median":-7.12437753236e-9,"min":-1.36358536906e-7,"var":1.29703997926e-16},"spectral_energy":{"dmean":0.0195388309658,"dmean2":0.0302699320018,"dvar":0.0010199417593,"dvar2":0.00236350041814,"max":0.522196352482,"mean":0.0417167209089,"median":0.0286138951778,"min":9.85926451591e-10,"var":0.00195862329565},"spectral_energyband_high":{"dmean":0.000046746845328,"dmean2":0.0000718205919839,"dvar":4.25543422722e-9,"dvar2":9.51385725756e-9,"max":0.00162180047482,"mean":0.000109138702101,"median":0.000072362330684,"min":2.58160298694e-10,"var":1.33539037606e-8},"spectral_energyband_low":{"dmean":0.0172799024731,"dmean2":0.0274516325444,"dvar":0.000971956760623,"dvar2":0.00232118763961,"max":0.483997166157,"mean":0.0260579939932,"median":0.0138321556151,"min":1.06916614451e-10,"var":0.00137605378404},"spectral_energyband_middle_high":{"dmean":0.00326425279491,"dmean2":0.00492646778002,"dvar":0.0000394866074203,"dvar2":0.0000827718176879,"max":0.13684117794,"mean":0.008664756082,"median":0.00384314591065,"min":2.85787338239e-10,"var":0.000145341677126},"spectral_energyband_middle_low":{"dmean":0.00375950103626,"dmean2":0.00593584310263,"dvar":0.000033857737435,"dvar2":0.0000792862556409,"max":0.126630023122,"mean":0.0079755121842,"median":0.00469574565068,"min":1.60597452004e-10,"var":0.000114016111183},"spectral_entropy":{"dmean":0.170838400722,"dmean2":0.271952837706,"dvar":0.0226183887571,"dvar2":0.0564242117107,"max":9.80012989044,"mean":7.30223798752,"median":7.32748985291,"min":6.08123350143,"var":0.0746987462044},"spectral_flux":{"dmean":0.0334701053798,"dmean2":0.054228451103,"dvar":0.00156776839867,"dvar2":0.00396496430039,"max":0.52027118206,"mean":0.106044590473,"median":0.0941735208035,"min":0.0000458248396171,"var":0.00384844746441},"spectral_kurtosis":{"dmean":5.48476696014,"dmean2":8.8295173645,"dvar":32.3735046387,"dvar2":82.4164276123,"max":69.8813247681,"mean":19.7098331451,"median":17.4459819794,"min":-1.18262553215,"var":87.5900039673},"spectral_rms":{"dmean":0.00131897092797,"dmean2":0.00198149401695,"dvar":0.0000022783433451,"dvar2":0.0000048971915021,"max":0.0225712172687,"mean":0.00565934553742,"median":0.00528355920687,"min":9.80754521152e-7,"var":0.00000867107610247},"spectral_rolloff":{"dmean":370.727203369,"dmean2":633.597900391,"dvar":270772.28125,"dvar2":548439.5,"max":18217.0898438,"mean":1058.62976074,"median":1119.7265625,"min":43.06640625,"var":674299.875},"spectral_skewness":{"dmean":0.334958821535,"dmean2":0.519452214241,"dvar":0.0912211611867,"dvar2":0.2178914994,"max":5.42483186722,"mean":2.62845802307,"median":2.53795599937,"min":0.0556955039501,"var":0.501254200935},"spectral_spread":{"dmean":489520.40625,"dmean2":795946.5,"dvar":332995952640,"dvar2":649344974848,"max":40370820,"mean":2554923,"median":2447963,"min":1114784.875,"var":637473325056},"spectral_strongpeak":{"dmean":0.558238863945,"dmean2":0.959283769131,"dvar":1.50896239281,"dvar2":3.8204665184,"max":20.5710525513,"mean":0.767104446888,"median":0.364953577518,"min":0,"var":2.11698508263},"zerocrossingrate":{"dmean":0.0111049134284,"dmean2":0.0142705515027,"dvar":0.0000951866313699,"dvar2":0.000147282233229,"max":0.20751953125,"mean":0.0501207374036,"median":0.0458984375,"min":0.00341796875,"var":0.000645609106869}},"metadata":{"audio_properties":{"analysis_sample_rate":44100,"bit_rate":128000,"codec":"mp3","downmix":"mix","equal_loudness":0,"length":211.487350464,"lossless":false,"md5_encoded":"f9cb7ca1c15d12d746580d2b74fa1747","replay_gain":-2.44801139832,"sample_rate":44100},"tags":{"album":["Crash Landing"],"album artist credit":["Jimi Hendrix"],"albumartist":["Jimi Hendrix"],"albumartistsort":["Hendrix, Jimi"],"artist":["Jimi Hendrix"],"artist credit":["Jimi Hendrix"],"artistsort":["Hendrix, Jimi"],"bpm":["0"],"date":["1975-03"],"discnumber":["1/1"],"file_name":"02 - Jimi Hendrix - Somewhere Over the Rainbow.mp3","genre":["Rock - Classic Rock"],"label":["Warner Bros. Records"],"language":["eng"],"media":["Vinyl"],"musicbrainz album release country":["US"],"musicbrainz album status":["Official"],"musicbrainz album type":["album"],"musicbrainz_albumartistid":["06fb1c8b-566e-4cb2-985b-b467c90781d4"],"musicbrainz_albumid":["b42499f8-585d-3f36-9235-0a007ef2582e"],"musicbrainz_artistid":["06fb1c8b-566e-4cb2-985b-b467c90781d4"],"musicbrainz_recordingid":["cee5281f-cfe2-4431-9f00-1d0f720373fd"],"musicbrainz_releasegroupid":["ee86146e-ab9b-33b0-9bf7-65bc75e244fb"],"originaldate":["1975-03"],"replaygain_album_gain":["0.00 dB"],"replaygain_album_peak":["0.000000"],"replaygain_track_gain":["0.00 dB"],"replaygain_track_peak":["0.000000"],"script":["Latn"],"title":["Somewhere Over the Rainbow"],"tracknumber":["2/8"]},"version":{"essentia":"2.1-beta1","essentia_build_sha":"ca57ba49d9b1854bd80e60cf9ccf267278fb7d6b","essentia_git_sha":"v2.1_beta1-28-g21ef5f4-dirty","extractor":"music 1.0"}},"rhythm":{"beats_count":480,"beats_loudness":{"dmean":0.0538414679468,"dmean2":0.101344078779,"dvar":0.00212540780194,"dvar2":0.00678313011304,"max":0.28525018692,"mean":0.0661742463708,"median":0.0544998534024,"min":0.0000297839451378,"var":0.00258205691352},"beats_loudness_band_ratio":{"dmean":[0.226031601429,0.0859464108944,0.0281781591475,0.108918704093,0.0890985056758,0.0132886739448],"dmean2":[0.399398684502,0.160141915083,0.051364529877