{"lowlevel":{"average_loudness":0.325654834509,"barkbands":{"dmean":[0.00000242519263338,0.000340038794093,0.00129985017702,0.00208084541373,0.00411014817655,0.00193511019461,0.00114017538726,0.000755151791964,0.00065415201243,0.000340968836099,0.000135070833494,0.000127758452436,0.0000946460204432,0.000102360696474,0.000109139895358,0.000113079971925,0.000116611627163,0.0000556881022931,0.0000429967949458,0.0000576812053623,0.0000529229764652,0.0000649930007057,0.0000305227731587,0.0000251501787716,0.00000520438834428,9.5366523567e-8,1.80174932751e-8],"dmean2":[0.00000430879435953,0.000569599564187,0.00218176213093,0.00366783165373,0.00683513702825,0.00316192442551,0.00190043309703,0.00125063501764,0.00109833048191,0.000573255121708,0.000224296600209,0.000212460945477,0.000149900442921,0.000172274609213,0.000184176737093,0.00019107114349,0.000197120651137,0.0000946709187701,0.0000729474995751,0.0000979329779511,0.0000896139608813,0.000105119870568,0.0000492617400596,0.0000397410767619,0.00000845902650326,1.59410276979e-7,3.07868752714e-8],"dvar":[8.03312798225e-12,5.60780449632e-7,0.00000984805046755,0.0000210012149182,0.000075791060226,0.0000200356298592,0.00000910528433451,0.00000457457417724,0.00000372338786292,0.00000129206807742,1.64282411674e-7,1.77993115358e-7,2.84941336304e-7,9.48332825601e-8,9.06842103632e-8,1.32325013169e-7,2.06101759659e-7,2.27964118693e-8,8.16829093253e-9,1.53541019898e-8,1.17816769674e-8,1.39446045822e-8,2.8912048311e-9,1.81371329067e-9,7.59497048586e-11,1.6067484867e-14,2.40918722451e-16],"dvar2":[2.27798682695e-11,0.00000141114799135,0.0000249867298407,0.0000572073477088,0.000193377651158,0.0000472839492431,0.0000228152039199,0.0000106092493297,0.00000962481681199,0.00000339290295415,4.09231688536e-7,3.95027939248e-7,6.24467190846e-7,2.49906349836e-7,2.36985727042e-7,3.36107063958e-7,5.41448969216e-7,5.93985447495e-8,2.13785344982e-8,4.12716758547e-8,3.21059658859e-8,3.55069964542e-8,7.10773750967e-9,4.50857218226e-9,1.95526067559e-10,4.30217181866e-14,6.82823222572e-16],"max":[0.0000471741223009,0.0224567987025,0.0497590079904,0.0767740234733,0.140545397997,0.0830507427454,0.0618167929351,0.0649071484804,0.0512994192541,0.0615783669055,0.0146015007049,0.0216801464558,0.0311405323446,0.0106535255909,0.00777532393113,0.00850054994226,0.0169581286609,0.00754762254655,0.00218362803571,0.00249911774881,0.0016305091558,0.00237835780717,0.000819626729935,0.000716828217264,0.00020210412913,0.00000293422954201,2.78729288539e-7],"mean":[0.00000264002460426,0.000416758499341,0.00136159150861,0.00212407135405,0.00534534081817,0.00304337451234,0.00159097800497,0.000920080579817,0.000774549844209,0.000410647015087,0.000150148407556,0.000156240697834,0.000133944078698,0.000105603627162,0.000113641974167,0.000112762550998,0.000124145415612,0.0000643832463538,0.000052084960771,0.000062161932874,0.0000615130920778,0.0000770576589275,0.0000427405248047,0.0000414831592934,0.00000974490194494,3.54124125579e-7,4.3598074484e-8],"median":[0.00000180929907856,0.000102527039417,0.000174268730916,0.000403758895118,0.00117776263505,0.000516607542522,0.000176397763425,0.000104149235995,0.0000937704608077,0.00005482690176,0.0000285322930722,0.0000266900387942,0.0000174934430106,0.0000173005719262,0.0000230511777772,0.0000179952567123,0.0000208551846299,0.0000212826562347,0.0000199679088837,0.0000241895741055,0.0000283904828393,0.0000311293260893,0.0000220414276555,0.000024379001843,0.00000600181465416,3.35855276035e-7,4.11596303707e-8],"min":[6.07395633987e-23,2.07862844819e-23,1.39491276199e-23,9.09533352323e-24,4.16664276343e-23,2.43107272575e-23,3.84676282181e-23,5.61760977253e-23,3.76559723881e-23,1.25386525255e-22,4.24141857309e-23,9.03921948046e-23,1.76730831003e-22,1.94416549762e-22,8.31388712166e-23,1.3157388319e-22,1.26953354474e-22,1.727464271e-22,4.31956654224e-22,3.52550218427e-22,2.38432110509e-22,5.91688643436e-22,5.81625908486e-22,1.12624507711e-21,1.19255018672e-21,1.78877423763e-21,2.34597347839e-21],"var":[7.86827981242e-12,9.37754066399e-7,0.0000118426778499,0.0000223131428356,0.000104818340333,0.0000464393669972,0.000017942102204,0.00000711027496436,0.0000042553365347,0.00000144370483213,1.80464368782e-7,3.29685974521e-7,9.11325457764e-7,9.50966310143e-8,9.83917942676e-8,1.38038018349e-7,2.813665958e-7,2.26755574317e-8,9.65248680984e-9,1.37745059803e-8,1.02641593003e-8,1.5320939184e-8,3.63882635135e-9,2.77570899598e-9,1.39706718416e-10,2.03128987019e-14,3.70635518516e-16]},"barkbands_crest":{"dmean":3.33291244507,"dmean2":5.42726421356,"dvar":8.06627368927,"dvar2":20.0247688293,"max":26.7318687439,"mean":11.0641927719,"median":10.4419984818,"min":2.22418403625,"var":19.3107089996},"barkbands_flatness_db":{"dmean":0.0336695238948,"dmean2":0.0528852157295,"dvar":0.000927164393943,"dvar2":0.00223932345398,"max":0.425117969513,"mean":0.157172501087,"median":0.152016863227,"min":0.0321774855256,"var":0.00384672754444},"barkbands_kurtosis":{"dmean":7.54231119156,"dmean2":12.3432950974,"dvar":146.97479248,"dvar2":345.237030029,"max":420.643585205,"mean":9.80596065521,"median":5.25101804733,"min":-1.92753720284,"var":282.796203613},"barkbands_skewness":{"dmean":1.06230533123,"dmean2":1.67574238777,"dvar":1.12383878231,"dvar2":2.7031583786,"max":17.348815918,"mean":2.27086377144,"median":2.11894536018,"min":-3.25579094887,"var":2.67913222313},"barkbands_spread":{"dmean":11.0538787842,"dmean2":17.6680641174,"dvar":172.854003906,"dvar2":405.155578613,"max":105.57749176,"mean":23.0441818237,"median":14.863820076,"min":0.29147452116,"var":427.155548096},"dissonance":{"dmean":0.0251366719604,"dmean2":0.04197152704,"dvar":0.000637741293758,"dvar2":0.00161521160044,"max":0.500000059605,"mean":0.453217595816,"median":0.46649324894,"min":0.185572177172,"var":0.00185062154196},"dynamic_complexity":5.65341949463,"erbbands":{"dmean":[0.00380219542421,0.109939463437,1.10266196728,4.34387636185,12.9917621613,12.4796686172,15.188372612,14.7434358597,16.337469101,15.8694019318,13.8459854126,14.497045517,13.810341835,7.93154668808,5.17620563507,5.31075000763,4.37134933472,3.69705343246,7.02684116364,4.50844287872,7.54170322418,5.50764703751,3.40754532814,2.20674467087,2.35117077827,2.70476174355,2.30391001701,2.12656998634,2.31504201889,1.73840630054,0.788078188896,0.794525444508,0.263431727886,0.0952568426728,0.0204580333084,0.0011387335835,0.000156697191414,0.0000420228498115,0.00000513586928719,0.0000107190990093],"dmean2":[0.00632072146982,0.182660266757,1.82785904408,7.55691194534,22.2340354919,20.8956375122,24.846452713,24.3327693939,26.9665260315,26.5248661041,22.9017467499,24.3753299713,22.9881477356,13.1977396011,8.62870693207,8.74127006531,6.89357566833,6.08522510529,11.7305402756,7.5760307312,12.649977684,9.17606735229,5.72725248337,3.73194599152,3.96084856987,4.604388237,3.94309234619,3.5712864399,3.76843261719,2.81479167938,1.25892710686,1.24708473682,0.427453279495,0.155565440655,0.0323797464371,0.00183437869418,0.000262530666078,0.0000705748534529,0.00000818039279693,0.0000171614465216],"dvar":[0.0000554371254111,0.0583499409258,6.61909818649,87.1382064819,1017.24157715,719.641723633,1139.04394531,1563.99035645,1857.61181641,1999.58105469,1369.63928223,1929.45227051,1742.39086914,603.416564941,232.590164185,347.03036499,816.31439209,105.228126526,352.937713623,192.90524292,626.01763916,334.018157959,100.247367859,26.3676128387,25.4259738922,35.4368019104,24.0910015106,18.1539802551,18.2515983582,10.8441791534,1.98619043827,2.28773260117,0.153485864401,0.026692667976,0.00128088856582,0.00000288434239337,2.26678800175e-8,1.1931747812e-9,5.16720208288e-11,2.97137064953e-10],"dvar2":[0.000137288792757,0.147114977241,16.5378379822,234.5128479,2711.75048828,1797.49304199,2685.47973633,3707.19848633,4524.08007813,4965.70117188,3204.03149414,4939.25976563,4498.32958984,1517.27258301,587.65411377,745.274047852,1825.4777832,268.923950195,928.071838379,499.930175781,1599.83166504,839.952819824,252.152618408,69.5767745972,67.0193634033,95.8506011963,65.6664810181,49.0265846252,46.6930923462,27.669052124,4.85945177078,5.63024520874,0.39525577426,0.0702895224094,0.00310904555954,0.00000717730154065,6.13674302485e-8,3.32934013691e-9,1.26599800088e-10,7.35215777148e-10],"max":[0.300716936588,6.88516616821,42.0833015442,166.23387146,589.914489746,467.666809082,589.856872559,992.381591797,912.158996582,1033.03198242,1407.96960449,1384.30444336,2074.27856445,963.416809082,720.351074219,1049.82434082,1748.72424316,337.469299316,398.829650879,502.518981934,597.183166504,776.23626709,452.170806885,192.912536621,141.294326782,91.6136550903,78.8283920288,65.7069702148,86.0706710815,58.2858657837,27.9882278442,24.9162006378,7.08474731445,4.36893224716,1.05688881874,0.0316059812903,0.00330000696704,0.000434215704445,0.000110672968731,0.00023983119172],"mean":[0.0053227301687,0.136293947697,1.22965049744,4.78529119492,13.1662740707,16.9150543213,25.2068214417,22.7130241394,24.179933548,20.886472702,17.6097488403,17.5321712494,17.7140216827,9.15144062042,5.89080142975,6.83823728561,6.62768650055,4.20253181458,7.3102812767,4.77071380615,7.84463167191,6.12239265442,3.97969675064,2.6975941658,2.78201413155,2.94862699509,2.50064253807,2.53433656693,2.71699309349,2.10645842552,1.16316366196,1.18858170509,0.455484271049,0.173629373312,0.0395157709718,0.00283452495933,0.000715460744686,0.000174198998138,0.0000139289031722,0.0000201817892957],"median":[0.00194869702682,0.0317622721195,0.201811507344,0.98622661829,3.17910289764,3.12338900566,4.14715480804,3.56881093979,2.93729496002,2.55673456192,2.71761107445,2.28262424469,2.34090352058,1.55890917778,1.23854446411,1.19104993343,0.92362767458,0.827066957951,1.39818954468,1.02308917046,1.17185533047,1.22718465328,1.2152159214,1.02141964436,1.10655283928,1.14322543144,1.01682543755,1.222676754,1.08941817284,0.895692527294,0.621153652668,0.599722504616,0.300817012787,0.106895320117,0.0228919945657,0.00206735706888,0.000699696771335,0.000173130392795,0.0000099175304058,0.0000085501533249],"min":[3.58059976399e-22,5.88769105829e-21,1.49064424886e-20,2.02363565318e-20,9.08886863898e-20,1.67163366102e-19,6.14529925407e-20,2.28039529413e-19,5.15781698416e-19,7.16735767358e-19,1.34290797554e-18,9.33820530328e-19,2.99440932708e-18,2.90767943985e-18,1.81688546507e-18,5.23456145723e-18,6.96002754138e-18,8.06713020912e-18,8.6244357022e-18,4.41840137197e-18,7.67376364164e-18,7.68638393625e-18,6.61413865952e-18,2.15360839992e-17,2.22713747718e-17,1.53588282248e-17,1.13122135189e-17,1.11459361537e-17,1.91064493993e-17,1.73782192912e-17,1.78497387101e-17,2.07172413672e-17,1.99418439154e-17,1.32662970215e-17,8.86155446942e-18,5.83827840012e-18,3.8187839362e-18,1.50662862886e-18,3.0607112136e-19,3.25585074567e-20],"var":[0.000114199945529,0.0928571224213,8.50653743744,103.434753418,879.206787109,1287.17700195,3141.36816406,3557.51708984,4201.68408203,2984.4621582,2281.14941406,2311.22070313,2159.47192383,645.686889648,249.93939209,695.361938477,2744.64697266,125.106147766,349.266143799,196.917098999,705.597351074,470.379821777,108.727233887,27.9906196594,29.4640426636,32.1498794556,20.1906776428,16.3269615173,19.7398529053,11.5847787857,2.59441542625,3.04725694656,0.255952119827,0.0457977764308,0.00245085381903,0.00000520625962963,4.40178951067e-8,2.480930128e-9,1.03057368195e-10,6.0716853767e-10]},"erbbands_crest":{"dmean":3.06342077255,"dmean2":5.07020568848,"dvar":8.57404899597,"dvar2":21.3882331848,"max":33.2930107117,"mean":9.21757507324,"median":7.95567989349,"min":2.38629961014,"var":23.9355506897},"erbbands_flatness_db":{"dmean":0.0230282414705,"dmean2":0.0358809046447,"dvar":0.0005017449148,"dvar2":0.00112181133591,"max":0.429125517607,"mean":0.165426284075,"median":0.154513403773,"min":0.0450983121991,"var":0.00261814612895},"erbbands_kurtosis":{"dmean":2.06815099716,"dmean2":3.34504032135,"dvar":11.5642318726,"dvar2":25.8797473907,"max":111.368148804,"mean":1.56516599655,"median":0.084437713027,"min":-1.88296842575,"var":25.4763031006},"erbbands_skewness":{"dmean":0.69021320343,"dmean2":1.07662796974,"dvar":0.426605701447,"dvar2":1.01306664944,"max":9.43350601196,"mean":0.640207648277,"median":0.670812606812,"min":-4.02183294296,"var":1.48516273499},"erbbands_spread":{"dmean":17.210062027,"dmean2":27.3242816925,"dvar":287.904174805,"dvar2":707.957336426,"max":154.553894043,"mean":51.1526412964,"median":46.5480537415,"min":1.8056397438,"var":878.065917969},"gfcc":{"cov":[[4324.35888672,1361.2064209,-963.645874023,-317.404144287,-251.716567993,-430.708129883,-57.510383606,-353.810821533,202.080566406,-298.298309326,103.814682007,-231.244445801,97.8268280029],[1361.2064209,1477.25646973,-83.7179260254,-734.42791748,130.774612427,-435.121765137,56.744178772,-177.399658203,65.9848175049,-129.499633789,-17.2404708862,-96.6158065796,60.2956352234],[-963.645874023,-83.7179260254,758.295166016,172.414352417,-12.8333911896,170.026123047,27.945318222,37.0199546814,-82.8638000488,2.89022231102,-39.662361145,4.26803398132,-54.9945831299],[-317.404144287,-734.42791748,172.414352417,729.87701416,-57.5760574341,254.961624146,36.7082481384,41.3206520081,-45.9872665405,14.4414930344,1.21977305412,1.32077455521,-74.994720459],[-251.716567993,130.774612427,-12.8333911896,-57.5760574341,270.967193604,2.32956695557,47.6562805176,27.2623691559,-25.6302814484,26.6415290833,-18.8609962463,1.90126872063,-7.62627220154],[-430.708129883,-435.121765137,170.026123047,254.961624146,2.32956695557,347.854187012,18.2146205902,77.3330764771,-26.7316951752,24.6706924438,7.6525812149,11.2460021973,-35.8081550598],[-57.510383606,56.744178772,27.945318222,36.7082481384,47.6562805176,18.2146205902,144.634552002,31.3040390015,-1.86133301258,6.52890777588,-19.3662948608,3.98625946045,-23.0960330963],[-353.810821533,-177.399658203,37.0199546814,41.3206520081,27.2623691559,77.3330764771,31.3040390015,149.39276123,17.8983974457,44.8207168579,-1.17498636246,17.7181777954,-0.979882717133],[202.080566406,65.9848175049,-82.8638000488,-45.9872665405,-25.6302814484,-26.7316951752,-1.86133301258,17.8983974457,103.691963196,19.2275829315,10.5365333557,3.20921134949,12.5940608978],[-298.298309326,-129.499633789,2.89022231102,14.4414930344,26.6415290833,24.6706924438,6.52890777588,44.8207168579,19.2275829315,104.617912292,30.1073226929,33.3599395752,-3.82082843781],[103.814682007,-17.2404708862,-39.662361145,1.21977305412,-18.8609962463,7.6525812149,-19.3662948608,-1.17498636246,10.5365333557,30.1073226929,94.1831207275,27.1038188934,11.6065359116],[-231.244445801,-96.6158065796,4.26803398132,1.32077455521,1.90126872063,11.2460021973,3.98625946045,17.7181777954,3.20921134949,33.3599395752,27.1038188934,87.3500976563,25.22108078],[97.8268280029,60.2956352234,-54.9945831299,-74.994720459,-7.62627220154,-35.8081550598,-23.0960330963,-0.979882717133,12.5940608978,-3.82082843781,11.6065359116,25.22108078,76.8166122437]],"icov":[[0.00300221377984,-0.00585341034457,0.00467626797035,-0.00458350498229,0.00422354973853,-0.00286347954534,0.00228068325669,-0.000071948459663,-0.0000688558866386,0.00116886745673,-0.0015823028516,0.00179956061766,-0.000868842646014],[-0.00585341034457,0.0165600515902,-0.0109932040796,0.012736665085,-0.010869354941,0.00863986648619,-0.00858376733959,0.00389685458504,-0.00396489398554,0.00242125056684,-0.000604898203164,0.0013401004253,-0.000140626318171],[0.00467626797035,-0.0109932040796,0.00966726802289,-0.00851457752287,0.0078642135486,-0.00619212724268,0.00499693024904,-0.00165872590151,0.00257722497918,-0.0000809863340692,-0.00035541827674,0.000635768054053,0.0000758946698625],[-0.00458350498229,0.012736665085,-0.00851457752287,0.0118727227673,-0.00778096541762,0.00530286319554,-0.00687809102237,0.00296036829241,-0.00233925622888,0.0015580985928,-0.000290846888674,0.000591649732087,0.00131505576428],[0.00422354973853,-0.010869354941,0.0078642135486,-0.00778096541762,0.0118084754795,-0.00582697801292,0.00398746877909,-0.00244964240119,0.00381115591154,-0.00237837946042,0.000658093194943,0.000302353466395,-0.000131449312903],[-0.00286347954534,0.00863986648619,-0.00619212724268,0.00530286319554,-0.00582697801292,0.00923238135874,-0.00424603139982,0.000259748456301,-0.00198106793687,0.00191787083168,-0.00143849989399,0.00095276767388,0.000385597988497],[0.00228068325669,-0.00858376733959,0.00499693024904,-0.00687809102237,0.00398746877909,-0.00424603139982,0.0133826360106,-0.00461320299655,0.00268913223408,-0.00215825089253,0.00307413726114,-0.00401711510494,0.00338325393386],[-0.000071948459663,0.00389685458504,-0.00165872590151,0.00296036829241,-0.00244964240119,0.000259748456301,-0.00461320299655,0.012169492431,-0.00470754411072,-0.00000863247350935,-0.00133570516482,0.00329617410898,-0.0027274354361],[-0.0000688558866386,-0.00396489398554,0.00257722497918,-0.00233925622888,0.00381115591154,-0.00198106793687,0.00268913223408,-0.00470754411072,0.0154890250415,-0.00623326934874,0.00290826358832,-0.00292897550389,0.000637314456981],[0.00116886745673,0.00242125056684,-0.0000809863340692,0.0015580985928,-0.00237837946042,0.00191787083168,-0.00215825089253,-0.00000863247350935,-0.00623326934874,0.0191552396864,-0.00771989207715,0.000677560572512,0.00100164697506],[-0.0015823028516,-0.000604898203164,-0.00035541827674,-0.000290846888674,0.000658093194943,-0.00143849989399,0.00307413726114,-0.00133570516482,0.00290826358832,-0.00771989207715,0.0170744303614,-0.00734471995384,0.00122434704099],[0.00179956061766,0.0013401004253,0.000635768054053,0.000591649732087,0.000302353466395,0.00095276767388,-0.00401711510494,0.00329617410898,-0.00292897550389,0.000677560572512,-0.00734471995384,0.0216149818152,-0.00847563985735],[-0.000868842646014,-0.000140626318171,0.0000758946698625,0.00131505576428,-0.000131449312903,0.000385597988497,0.00338325393386,-0.0027274354361,0.000637314456981,0.00100164697506,0.00122434704099,-0.00847563985735,0.0192653462291]],"mean":[-75.4942398071,95.5256729126,-108.895111084,44.7919197083,-83.1704483032,8.01154518127,-46.7849655151,-3.71469593048,-22.5727176666,-11.0903692245,-15.851650238,-8.47455406189,-6.69011926651]},"hfc":{"dmean":4.28047513962,"dmean2":6.71725940704,"dvar":39.1653709412,"dvar2":93.1405487061,"max":71.1497955322,"mean":8.45191001892,"median":4.75114107132,"min":1.20166645168e-16,"var":85.1986541748},"melbands":{"dmean":[0.0000625621541985,0.000426406302722,0.000987077364698,0.000962536083534,0.000505610194523,0.000338892394211,0.000244463823037,0.000175648761797,0.0000988197571132,0.000100879631646,0.0000697919240338,0.0000338995705533,0.0000170401672221,0.0000148507997437,0.0000135254740599,0.00000796780568635,0.00000680160565025,0.0000123148811326,0.00000725840891391,0.00000567794359085,0.000010133791875,0.00000622568495601,0.00000467267273052,0.00000238545226239,0.00000175849959305,0.00000174192257418,0.00000172792022113,0.00000191386266124,0.000001567086656,0.00000124578059513,0.00000127393275307,0.00000129163970541,0.00000136778714932,8.1495932136e-7,4.35021178191e-7,5.06811261403e-7,4.98230178891e-7,2.14117733321e-7,1.39796910048e-7,6.89966626055e-8],"dmean2":[0.000104100443423,0.000707294093445,0.00170214590617,0.00162750377785,0.000824050104711,0.000556542596314,0.000404864287702,0.000291711272439,0.000164192431839,0.000170098312083,0.000116296920169,0.0000568123032281,0.0000283013941953,0.0000248421220022,0.000021930964067,0.0000126026798171,0.0000114196891445,0.0000207136399695,0.0000122421606648,0.00000965523577179,0.0000170551957126,0.0000104209175333,0.00000794038987806,0.00000405283526561,0.00000299429598272,0.00000296351549878,0.00000293651646643,0.00000326832173414,0.00000270108898803,0.00000213349562728,0.00000214250508179,0.00000212967279367,0.00000221077038987,0.00000134456479373,7.0306333555e-7,8.03438126695e-7,7.95771882167e-7,3.52161862338e-7,2.31335008039e-7,1.13467883978e-7],"dvar":[1.77516383815e-8,9.92281457002e-7,0.00000444252827947,0.00000475551996715,0.0000011695659623,7.18997853255e-7,4.0127551415e-7,2.36740604009e-7,6.43445190462e-8,9.85742403259e-8,4.52488784219e-8,1.18392700088e-8,2.36993780156e-9,2.0376043075e-9,1.90330484706e-9,2.87622059503e-9,3.94355520461e-10,1.17170961822e-9,4.38418135129e-10,3.60714597081e-10,1.24943999591e-9,4.80992634611e-10,4.8023701682e-10,3.53034650125e-11,1.8620171377e-11,1.62964017281e-11,1.34294702095e-11,1.97489594123e-11,1.23633412535e-11,7.92559854551e-12,6.3648808446e-12,5.90337067424e-12,7.65087646015e-12,2.3552869724e-12,6.34221841711e-13,8.72594043463e-13,9.97985331527e-13,1.13703005887e-13,7.64847441024e-14,1.39113497943e-14],"dvar2":[4.39957261733e-8,0.00000249755885307,0.0000119951482702,0.0000124632606457,0.00000276459559245,0.00000171253236658,9.92281911749e-7,5.73163390527e-7,1.52625972305e-7,2.53750926049e-7,1.17089030027e-7,3.00663600683e-8,5.91817839179e-9,4.95578866833e-9,4.32335012235e-9,6.24872908972e-9,1.04004138635e-9,3.08674374949e-9,1.11347731035e-9,9.39193389726e-10,3.23673043923e-9,1.19641452301e-9,1.22890631005e-9,9.19144066414e-11,4.92808745201e-11,4.31606902995e-11,3.60276392053e-11,5.368694031e-11,3.37708749854e-11,2.19548147024e-11,1.70978526476e-11,1.52771198469e-11,1.95508383788e-11,6.04073084956e-12,1.57532190417e-12,2.13600621565e-12,2.5049476382e-12,2.96485926088e-13,2.04083887918e-13,3.64477125239e-14],"max":[0.00465899379924,0.0179429985583,0.0345714129508,0.0373962000012,0.0182687565684,0.0191499497741,0.013885403052,0.0103269889951,0.0092655448243,0.00967201031744,0.0107747493312,0.00384725001641,0.00213246187195,0.00156283867545,0.00206246809103,0.00297139794566,0.000773185864091,0.000871632422786,0.00078602519352,0.000447627244284,0.00102755625267,0.00112825015094,0.00127074343618,0.000179877490154,0.000163323842571,0.000133350971737,0.0000875445912243,0.0000789380137576,0.0000675620540278,0.0000501856993651,0.0000372706745111,0.0000464601434942,0.0000623819069006,0.0000256215553236,0.0000145661042552,0.0000149742218127,0.000018220702259,0.00000812983034848,0.00000889393413672,0.00000347893433172],"mean":[0.0000810583806015,0.000483745738165,0.0010697117541,0.00111118005589,0.000857770675793,0.000532398466021,0.000359716737876,0.000228325065109,0.000124481681269,0.000118487965665,0.0000882642561919,0.0000377400210709,0.0000190156315512,0.0000175967270479,0.0000189342663361,0.000010902145732,0.00000722819959265,0.0000124348161989,0.00000773476222093,0.00000555151063963,0.0000103394195321,0.00000678942933519,0.00000482428049509,0.0000027901176054,0.0000020598190531,0.00000200694148589,0.00000191961521523,0.00000199641044674,0.00000161938396559,0.00000137745371376,0.00000149364132085,0.00000146157151448,0.00000159399633048,9.73255282588e-7,6.06418041116e-7,7.36611525554e-7,7.11564553058e-7,3.37032986408e-7,2.08668424762e-7,1.20327385389e-7],"median":[0.0000224569903367,0.0000812826110632,0.000255369610386,0.000250758777838,0.000144969657413,0.0000846083639772,0.0000421527402068,0.0000256609928329,0.0000191258059203,0.0000133841049319,0.0000110492619569,0.00000571907003177,0.0000039492488213,0.00000283487770503,0.0000028758533972,0.00000142536976,0.00000137697259106,0.00000210162556868,0.00000161485115768,0.00000100729801034,0.00000137350468776,0.00000119199899018,0.00000111374947664,9.23468576275e-7,7.36579011118e-7,7.23326024854e-7,7.79264951234e-7,7.15681892416e-7,6.05528839515e-7,5.71001692151e-7,7.04827982645e-7,5.59402963063e-7,5.8461654362e-7,4.16199185338e-7,3.00233637063e-7,3.8003042846e-7,3.42309391499e-7,2.14600134996e-7,1.11227507205e-7,7.14643562105e-8],"min":[6.87768853533e-24,8.54835788193e-24,5.99056159373e-24,9.65683051607e-24,3.48123015854e-24,5.82736441624e-24,8.0997516178e-24,9.37217005842e-24,1.09062583945e-23,4.8864967199e-24,1.56773104485e-23,1.25129732098e-23,6.32603337115e-24,7.45844872262e-24,1.91071072704e-23,1.44799631671e-23,1.57733100875e-23,1.75646380761e-23,4.08754943915e-24,7.01384908302e-24,9.02315038382e-24,7.4451011961e-24,5.77992666014e-24,7.95435587549e-24,1.90801187612e-23,1.4442719466e-23,1.63915861328e-23,9.04185506474e-24,6.53464842639e-24,6.71335460928e-24,7.01355326018e-24,1.06181845357e-23,1.17668756654e-23,8.65953993792e-24,1.11839642544e-23,1.00894923236e-23,1.31075589733e-23,1.36609330654e-23,1.33695310024e-23,1.00207549286e-23],"var":[3.31946985455e-8,0.00000128011492961,0.00000452519998362,0.00000516650152349,0.00000340896349371,0.00000166373490629,8.6133172772e-7,3.58482935781e-7,1.05876495127e-7,1.14779609817e-7,5.51199050847e-8,1.2273897454e-8,2.59964960669e-9,3.02321523371e-9,6.09459549494e-9,8.66745697436e-9,3.86742748937e-10,1.15178655502e-9,5.78408543284e-10,3.16516202137e-10,1.41895462047e-9,8.23073775802e-10,4.28762192417e-10,4.06544450882e-11,1.87660338657e-11,1.84999342234e-11,1.27586387635e-11,1.75240273681e-11,9.96599851255e-12,6.46577019356e-12,5.72800400861e-12,6.07417371609e-12,8.01733159028e-12,2.45324290396e-12,8.07100480199e-13,1.11183447431e-12,1.23947640346e-12,1.60478049035e-13,9.41128956451e-14,2.35800419988e-14]},"melbands_crest":{"dmean":4.08774709702,"dmean2":6.70465183258,"dvar":11.613073349,"dvar2":29.4459495544,"max":34.6503715515,"mean":15.1049098969,"median":14.5000162125,"min":1.88458538055,"var":28.119764328},"melbands_flatness_db":{"dmean":0.0435301437974,"dmean2":0.0677087083459,"dvar":0.00151170720346,"dvar2":0.00361871859059,"max":0.531454324722,"mean":0.211671277881,"median":0.209411665797,"min":0.0059553226456,"var":0.00617221370339},"melbands_kurtosis":{"dmean":19.4961185455,"dmean2":31.8523006439,"dvar":778.016418457,"dvar2":1909.73901367,"max":545.515686035,"mean":27.5654220581,"median":16.290807724,"min":-1.84678351879,"var":1236.29553223},"melbands_skewness":{"dmean":1.45054292679,"dmean2":2.29298424721,"dvar":2.12944412231,"dvar2":5.21614408493,"max":17.3883552551,"mean":3.73789715767,"median":3.29106664658,"min":-1.72691488266,"var":4.65294408798},"melbands_spread":{"dmean":13.9416484833,"dmean2":22.5497703552,"dvar":479.676513672,"dvar2":1162.29223633,"max":229.514892578,"mean":22.3805007935,"median":12.1181144714,"min":0.454999476671,"var":727.515625},"mfcc":{"cov":[[5001.26953125,902.65838623,-790.877990723,-82.0893249512,-377.867156982,-148.97505188,-413.02243042,-100.394134521,-172.344284058,-98.8920898438,-20.4674701691,-74.4483108521,-57.9670410156],[902.65838623,2086.46508789,-391.291473389,-295.677398682,-163.075592041,-279.209442139,-155.130020142,-149.96182251,-11.2873601913,-44.4832191467,-114.920967102,-69.1833114624,-40.4584388733],[-790.877990723,-391.291473389,769.467590332,90.5968399048,72.1992950439,128.070587158,96.6005859375,75.9015274048,-3.98347353935,-0.742822885513,42.9643173218,-9.41111469269,-35.2494163513],[-82.0893249512,-295.677398682,90.5968399048,328.602020264,7.70822715759,77.1647338867,51.8746833801,32.5835189819,0.199203565717,4.94541168213,25.9472637177,7.05128574371,-15.0214223862],[-377.867156982,-163.075592041,72.1992950439,7.70822715759,200.217330933,57.7955513,75.7467575073,17.0477180481,16.7534332275,17.2914791107,7.12237644196,16.4925270081,6.77552509308],[-148.97505188,-279.209442139,128.070587158,77.1647338867,57.7955513,192.755630493,75.5858612061,57.4282608032,-1.44312345982,11.3339796066,27.9191894531,4.73200416565,-3.03608942032],[-413.02243042,-155.130020142,96.6005859375,51.8746833801,75.7467575073,75.5858612061,182.189544678,54.723033905,24.2502002716,18.6188678741,20.2402667999,19.2169418335,6.42245483398],[-100.394134521,-149.96182251,75.9015274048,32.5835189819,17.0477180481,57.4282608032,54.723033905,109.893356323,36.6428146362,18.1918182373,16.2079486847,12.0366973877,-3.07495045662],[-172.344284058,-11.2873601913,-3.98347353935,0.199203565717,16.7534332275,-1.44312345982,24.2502002716,36.6428146362,101.258827209,40.4400520325,3.32025671005,1.8727196455,4.21985197067],[-98.8920898438,-44.4832191467,-0.742822885513,4.94541168213,17.2914791107,11.3339796066,18.6188678741,18.1918182373,40.4400520325,81.4273529053,25.225736618,9.47931289673,-2.14732789993],[-20.4674701691,-114.920967102,42.9643173218,25.9472637177,7.12237644196,27.9191894531,20.2402667999,16.2079486847,3.32025671005,25.225736618,83.2644195557,31.330947876,8.98223209381],[-74.4483108521,-69.1833114624,-9.41111469269,7.05128574371,16.4925270081,4.73200416565,19.2169418335,12.0366973877,1.8727196455,9.47931289673,31.330947876,80.641418457,33.9522438049],[-57.9670410156,-40.4584388733,-35.2494163513,-15.0214223862,6.77552509308,-3.03608942032,6.42245483398,-3.07495045662,4.21985197067,-2.14732789993,8.98223209381,33.9522438049,80.0262374878]],"icov":[[0.000343348481692,-0.0000930990645429,0.000321696454193,-0.0000672716778354,0.000271777389571,-0.000199889036594,0.000566859787796,-0.00038431872963,0.000480943446746,0.000156349502504,-0.000368572858861,0.000198595429538,0.000175801236765],[-0.0000930990645429,0.000755731598474,0.0000850721407915,0.000461665680632,0.00027881457936,0.000572093413211,-0.000317242258461,0.000590048613958,-0.00031449686503,0.0000802894646768,0.000501406379044,0.0000530396027898,0.000424951809691],[0.000321696454193,0.0000850721407915,0.00195889128372,-0.0000877417260199,-0.00000425044527219,-0.000569792056922,0.000162261203513,-0.000922009290662,0.000647389970254,0.0006495861453,-0.00102890469134,0.00068552675657,0.000860626925714],[-0.0000672716778354,0.000461665680632,-0.0000877417260199,0.00379736395553,0.000633901625406,-0.000784286879934,-0.00080947461538,0.000362027029041,-0.000275286263786,0.000297849270282,-0.000252817582805,-0.000322099571349,0.00104180409107],[0.000271777389571,0.00027881457936,-0.00000425044527219,0.000633901625406,0.00684314593673,-0.00141681695823,-0.00184819265269,0.00129358365666,-0.000477137684356,-0.000586335489061,0.000899623322766,-0.00106431730092,0.000379834091291],[-0.000199889036594,0.000572093413211,-0.000569792056922,-0.000784286879934,-0.00141681695823,0.00863347202539,-0.00184377783444,-0.00265957741067,0.00168066180777,-0.000491754151881,-0.00096332776593,0.00148215168156,-0.000382991507649],[0.000566859787796,-0.000317242258461,0.000162261203513,-0.00080947461538,-0.00184819265269,-0.00184377783444,0.00921771209687,-0.00301478197798,0.000147351805936,0.00000296441476166,-0.000799573550466,-0.000480751827126,-0.000313306110911],[-0.00038431872963,0.000590048613958,-0.000922009290662,0.000362027029041,0.00129358365666,-0.00265957741067,-0.00301478197798,0.0148353688419,-0.00565831223503,0.000239137632889,0.000584965455346,-0.00235730176792,0.00152256980073],[0.000480943446746,-0.00031449686503,0.000647389970254,-0.000275286263786,-0.000477137684356,0.00168066180777,0.000147351805936,-0.00565831223503,0.0154681336135,-0.00667153159156,0.000862680841237,0.00183383561671,-0.00157174677588],[0.000156349502504,0.0000802894646768,0.0006495861453,0.000297849270282,-0.000586335489061,-0.000491754151881,0.00000296441476166,0.000239137632889,-0.00667153159156,0.0176940336823,-0.00528836296871,-0.000387756939745,0.00212047295645],[-0.000368572858861,0.000501406379044,-0.00102890469134,-0.000252817582805,0.000899623322766,-0.00096332776593,-0.000799573550466,0.000584965455346,0.000862680841237,-0.00528836296871,0.0174489263445,-0.00618363404647,-0.0000625973552815],[0.000198595429538,0.0000530396027898,0.00068552675657,-0.000322099571349,-0.00106431730092,0.00148215168156,-0.000480751827126,-0.00235730176792,0.00183383561671,-0.000387756939745,-0.00618363404647,0.0186027474701,-0.00679900962859],[0.000175801236765,0.000424951809691,0.000860626925714,0.00104180409107,0.000379834091291,-0.000382991507649,-0.000313306110911,0.00152256980073,-0.00157174677588,0.00212047295645,-0.0000625973552815,-0.00679900962859,0.0164810568094]],"mean":[-711.975830078,110.265357971,25.4744224548,25.0581912994,-4.81416034698,1.27626872063,-11.8786668777,-1.38568365574,-6.45848035812,-3.68187522888,-10.3659963608,-4.2706990242,-8.32298088074]},"pitch_salience":{"dmean":0.0987962707877,"dmean2":0.162799730897,"dvar":0.00743174180388,"dvar2":0.0191014446318,"max":0.89646589756,"mean":0.592904806137,"median":0.611827433109,"min":0.0523276925087,"var":0.0164610482752},"silence_rate_20dB":{"dmean":0,"dmean2":0,"dvar":0,"dvar2":0,"max":1,"mean":1,"median":1,"min":1,"var":0},"silence_rate_30dB":{"dmean":0.000508647004608,"dmean2":0.00101735873614,"dvar":0.000508517143317,"dvar2":0.00152551860083,"max":1,"mean":0.999745666981,"median":1,"min":0,"var":0.000254204729572},"silence_rate_60dB":{"dmean":0.130722284317,"dmean2":0.261461168528,"dvar":0.11363273114,"dvar2":0.240143984556,"max":1,"mean":0.312861591578,"median":0,"min":0,"var":0.214992180467},"spectral_centroid":{"dmean":477.890319824,"dmean2":755.336486816,"dvar":331537.625,"dvar2":774502.0625,"max":10909.9521484,"mean":1159.72827148,"median":837.901916504,"min":155.156173706,"var":738452.4375},"spectral_complexity":{"dmean":3.24961853027,"dmean2":4.95924186707,"dvar":15.6320943832,"dvar2":33.3096961975,"max":46,"mean":8.28743076324,"median":7,"min":0,"var":44.3685531616},"spectral_contrast_coeffs":{"dmean":[0.0741292089224,0.0561366975307,0.0436843931675,0.0316396392882,0.0232955235988,0.0296145994216],"dmean2":[0.120384015143,0.0923567563295,0.071269415319,0.0516477040946,0.0379998497665,0.0458921268582],"dvar":[0.00400786008686,0.0021962323226,0.00133572181221,0.000733356107958,0.000437508308096,0.000743444077671],"dvar2":[0.0102911312133,0.00543120177463,0.00342642422765,0.00186326238327,0.0010943710804,0.00173436885234],"max":[-0.225844949484,-0.363897174597,-0.459273427725,-0.533031880856,-0.558048963547,-0.512026965618],"mean":[-0.584213078022,-0.744167268276,-0.79805535078,-0.826347827911,-0.831594944,-0.764721691608],"median":[-0.590082168579,-0.762751758099,-0.81096804142,-0.836040258408,-0.837697267532,-0.768943071365],"min":[-0.963354885578,-0.958201646805,-0.948876678944,-0.964968681335,-0.954952478409,-0.959039926529],"var":[0.0121518932283,0.00925353728235,0.00474747968838,0.00244710035622,0.0012962782057,0.0022890008986]},"spectral_contrast_valleys":{"dmean":[0.514678061008,0.625193715096,0.543522059917,0.495706379414,0.417726635933,0.245755851269],"dmean2":[0.831122875214,0.975113451481,0.842558085918,0.760002851486,0.640908420086,0.371324717999],"dvar":[0.168098464608,0.281685233116,0.214750573039,0.180460751057,0.145872935653,0.0512937530875],"dvar2":[0.416749566793,0.668853700161,0.503504514694,0.414419680834,0.327938050032,0.101826623082],"max":[-5.46926259995,-4.44816875458,-5.34423732758,-6.04597377777,-6.05500507355,-9.03943920135],"mean":[-8.10943508148,-7.11459875107,-7.97612380981,-8.48031520844,-8.15007686615,-10.5140743256],"median":[-8.1506652832,-7.13917684555,-8.02325439453,-8.48860549927,-8.12582206726,-10.3990354538],"min":[-27.242685318,-27.5045471191,-27.3889789581,-27.0414161682,-27.3581295013,-27.2092761993],"var":[0.672071099281,1.12968528271,0.89515042305,0.749115645885,0.579793572426,0.483707875013]},"spectral_decrease":{"dmean":2.4336348492e-9,"dmean2":3.91644672249e-9,"dvar":1.6127801792e-17,"dvar2":4.0194625023e-17,"max":-7.39013550057e-30,"mean":-4.38009317705e-9,"median":-1.62668312154e-9,"min":-5.60761428403e-8,"var":3.22397382599e-17},"spectral_energy":{"dmean":0.00951451528817,"dmean2":0.0152902845293,"dvar":0.000243276983383,"dvar2":0.000604683766142,"max":0.216600254178,"mean":0.0172980576754,"median":0.00658317096531,"min":1.092736043e-20,"var":0.000490929756779},"spectral_energyband_high":{"dmean":0.000184423450264,"dmean2":0.000297793041682,"dvar":8.77950370182e-8,"dvar2":2.27105331874e-7,"max":0.00371681898832,"mean":0.000269193784334,"median":0.000158166629262,"min":7.81211827156e-21,"var":1.05514018856e-7},"spectral_energyband_low":{"dmean":0.00218736752868,"dmean2":0.00366506166756,"dvar":0.0000225036637858,"dvar2":0.000057385830587,"max":0.0787014737725,"mean":0.00272668688558,"median":0.000562877103221,"min":4.9061089853e-23,"var":0.0000319213322655},"spectral_energyband_middle_high":{"dmean":0.000928046531044,"dmean2":0.00149540835992,"dvar":0.00000408633286497,"dvar2":0.000010088734598,"max":0.0597587488592,"mean":0.00136111769825,"median":0.000416690396378,"min":1.78117168847e-21,"var":0.00000662121192363},"spectral_energyband_middle_low":{"dmean":0.00817724876106,"dmean2":0.0133618218824,"dvar":0.000206957163755,"dvar2":0.000521187670529,"max":0.207127034664,"mean":0.0139755653217,"median":0.00445612240583,"min":2.41786675244e-22,"var":0.000381766323699},"spectral_entropy":{"dmean":0.284327566624,"dmean2":0.436861366034,"dvar":0.0671254843473,"dvar2":0.151709884405,"max":9.79800510406,"mean":7.4997010231,"median":7.60297679901,"min":4.89270305634,"var":0.396813631058},"spectral_flux":{"dmean":0.031550526619,"dmean2":0.0500409826636,"dvar":0.00141983095091,"dvar2":0.00304187252186,"max":0.426954686642,"mean":0.0709799528122,"median":0.0541438050568,"min":1.0453401339e-10,"var":0.00299310265109},"spectral_kurtosis":{"dmean":1.92446804047,"dmean2":3.11401486397,"dvar":7.98337554932,"dvar2":20.6787986755,"max":67.0863037109,"mean":3.79194450378,"median":1.94298744202,"min":-1.22712934017,"var":31.5115413666},"spectral_rms":{"dmean":0.00109721696936,"dmean2":0.00168995279819,"dvar":0.00000174198908098,"dvar2":0.00000406251319873,"max":0.0145367579535,"mean":0.00332615175284,"median":0.00253428611904,"min":3.26509414124e-12,"var":0.00000581287258683},"spectral_rolloff":{"dmean":1060.03771973,"dmean2":1818.43408203,"dvar":2745453,"dvar2":6215769.5,"max":18690.8203125,"mean":1706.73278809,"median":667.529296875,"min":64.599609375,"var":4443342},"spectral_skewness":{"dmean":0.360814720392,"dmean2":0.557243168354,"dvar":0.11085844785,"dvar2":0.258092880249,"max":6.60737991333,"mean":1.39228618145,"median":1.24202382565,"min":-0.244135841727,"var":0.67261326313},"spectral_spread":{"dmean":841111.6875,"dmean2":1292341.375,"dvar":682291363840,"dvar2":1498544603140,"max":40676052,"mean":5102373,"median":5177842,"min":1099586.125,"var":2676230193150},"spectral_strongpeak":{"dmean":0.324660897255,"dmean2":0.529652714729,"dvar":0.288820743561,"dvar2":0.708333432674,"max":10.805513382,"mean":0.618485569954,"median":0.326081931591,"min":0,"var":0.660580456257},"zerocrossingrate":{"dmean":0.0173980612308,"dmean2":0.0213047359139,"dvar":0.000349795212969,"dvar2":0.000507538265083,"max":0.49365234375,"mean":0.0696047097445,"median":0.05615234375,"min":0.00537109375,"var":0.00221250695176}},"metadata":{"audio_properties":{"analysis_sample_rate":44100,"bit_rate":128000,"codec":"mp3","downmix":"mix","equal_loudness":0,"length":365.191833496,"lossless":false,"md5_encoded":"358261cf231da502e6af8ffbdea7ccd9","replay_gain":-9.81594657898,"sample_rate":44100},"tags":{"acoustid_fingerprint":["AQADtEmiMLJUBY12aHaKuC0uJcf3YT-qD05yw1dyNI2O6w2S70N-YysVDw8uRvjxNDSYPoFxouKI8-CTHz92xGgU8tBULRWOJjmm77ilTBGk6xoOPbTwQ5GNJq5xZcaPWLpxM4LHbMPzY09RWRayJPmhi0d4_Ngp1M6R41O4bZCfoKLhM0akMsfPo0-OE92O68gt1NCiRnJwhPpyNNUR0D9qMfDzCMd3XN3xo95xQXuL_AYl5vhyHH5y_ME3pIcm6sJ79BQ3NJQWoJQt-Ohz5MJ__MCFI4x-VOcK8QxyHc9x2CJ-_Dmu4z1CmUefXNCV4keTQ1O0KMePPzi0M_CZoT-eukHcGvmDWi_8EPrxuwiV43xwoX5xFbcCOzV6JKWKoNPRPMc7CT2aN8KVI8yhqQmHH-GZozmPK8RRbYSfaQiXH7_QQxePsviP3vDWB_0OfdA9FI6TpfiHH57Ew1EW9NCexUNzXEc8Rkc_-MdD_EB648RxiA96q-iUwyeeHn_gS8Rx6JSOv7iHIz-u6fjhHH1wofrg87gu4deRPrggomQ-XNHxHz96NCP0BRf6I3gYJSR8VMqRKzQ-NDl6_Ch1mMM73MvhM8Shb4dXhN2s4IdrjD_yHxotI2VU9MPZ4Gh-1IqCypeRHrVa6Dt2PWjqGJWPwrvDQfYOTrfgKoEpqjjiTJINM6i-DnlaBefRQ8sHPjz-47lwfbhyaGlz9EU-MsFtfEnxCNULH8xD4j0RSq8S6FmOfCKeKNlxXUePLkcYxlagJ8txCmFygj_yH-qPj0Su5WgTHJVJpPqhiYrEKEaeFP_QnDkqMfgR_9AuR3BdPDqogz3EjDO6TEdsWsZ_XCeySMxhdTn0oHKu4kchxiHO4Ep24jxOhYeP6tCLX8gPejuqH2nV4nB6-C-hVThFdD-a4he6I43D44vhX6gV8K1Q9bA-9LTwJvtQ_0jz481QfcGPb_jxrEIWxYRj9DRy5UEbaxAf_Ij3ElXagz1ykdA-3EfY8eiVDM2Wx3j24Dv-HM2RZSL-QNeRP2ge48eNcJQElUKeiuif4DucL0H-Qz3aSUd-_LiOHI0zHZXzKNCFMv7gmHiz49eRH1evIGSEi6ioHI2eQE-CHD2P9Ce68PjCQ5Ua8C_CHxecJDIq_fgT9DS-LMGjlEj3gzn-XND24BcuCq1-XCOhHf6JkzrC0ce3IzsuodGF6sqhC5fAjxsOP7vwCw9xd8QUrYF8PLvgLHeKXMRxHiYX5DquH6ulGYcnHeIjodpRuWieHf8RioJJ9CGKNNvw4T_0wghf4xn6wjy6CZWTHXYi5Dzs4NAXlTjIMsYNT4PeiciL49KJw_nxHmH4BHKYksh-9GhcPDKq7shnGic1mMsFncd__Pjj4PMghjq04xn6qWieIf9w6ka_Bw-lBD5ygXkDnSf-4XnQY8sifYAYHc9TOA_CR0d0He-F5vlRK_giEt0TNOnB78iPUE8OHz7qLXhOaCt_NFdyXEMPSd1iHOZy4h