{"lowlevel":{"average_loudness":0.101687379181,"barkbands":{"dmean":[0.00000170770272234,0.0000147416440086,0.000217335051275,0.000360675127013,0.00247190194204,0.00130121211987,0.000435664143879,0.0000417708397435,0.000162224823725,0.0000368917608284,0.0000909678128664,0.0000828883203212,0.0000356883756467,0.0000614672753727,0.0000130054540932,0.00000576086222281,0.00000697022642271,0.000011248714145,0.0000549136457266,0.00000774828458816,0.00000723088442101,0.00000403085414291,9.59256453825e-7,0.00000224242080549,0.00000280179324363,5.98456040279e-7,5.75588998686e-8],"dmean2":[0.0000029475475003,0.0000237187632592,0.000353504176019,0.00059490458807,0.0038621108979,0.00210899347439,0.000676011608448,0.00006081886022,0.000211267135455,0.0000514405146532,0.000118070522149,0.000111237081001,0.0000509952369612,0.0000857790510054,0.0000196600612981,0.00000862517390487,0.0000106880697786,0.0000174478209374,0.0000689872686053,0.0000114926333481,0.00000978971820587,0.00000561209071748,0.00000155736552188,0.00000382474809157,0.00000477891262562,0.00000107513528746,1.08339783367e-7],"dvar":[6.50070622332e-12,9.4652718996e-10,3.15369589998e-7,6.79046081586e-7,0.000115767325042,0.0000277356430161,0.00000569709118281,2.30372627641e-8,0.00000147701268816,3.5414434052e-8,3.71791685438e-7,5.40639973678e-7,3.31337126624e-8,3.60806893696e-7,5.31068966581e-9,1.66268332435e-9,1.71977376784e-9,5.05684827345e-9,7.87735032759e-8,1.57216173413e-9,1.48384426968e-9,5.91429127894e-10,1.84639577933e-11,7.87593046336e-10,5.73712022334e-10,3.10520185953e-11,4.89508444629e-13],"dvar2":[1.67856926275e-11,2.30407093404e-9,7.07666458766e-7,0.00000179691426183,0.000278979190625,0.0000736500078347,0.0000132635605041,4.96009668893e-8,0.00000264278628492,6.80054910163e-8,6.80079040194e-7,9.74781187324e-7,5.96022822208e-8,7.25218967546e-7,1.03088044767e-8,3.71114317055e-9,4.2120351651e-9,1.28939188215e-8,1.30669064902e-7,3.55412699271e-9,3.10825143401e-9,1.2135568106e-9,4.4402641286e-11,2.28312391215e-9,1.37429045921e-9,8.57943716071e-11,1.43234317636e-12],"max":[0.0000554213147552,0.000659141282085,0.0132561763749,0.0134770013392,0.252573668957,0.089419990778,0.0451392233372,0.0036606893409,0.0445670336485,0.00629986589774,0.0171091612428,0.0222882144153,0.00621647946537,0.0217394176871,0.00246151466854,0.00149556132965,0.00119845091831,0.00189451896586,0.00850264541805,0.000830693577882,0.00101257453207,0.000518587708939,0.0000653685565339,0.000793876184616,0.000526375835761,0.000121342483908,0.0000201671646209],"mean":[0.00000225301369028,0.0000266237602773,0.000642470608,0.000823004578706,0.00473162764683,0.00234688376077,0.000779045862146,0.000102186531876,0.000451436644653,0.000105405051727,0.000273270154139,0.000226634714636,0.0000643502062303,0.000108142645331,0.0000273177411145,0.0000113881942525,0.0000115926332001,0.0000187160458154,0.0000915926211746,0.000010541310985,0.0000107209425551,0.00000558500596526,9.94455376713e-7,0.00000170729060756,0.00000218327295443,4.11495221897e-7,7.31471061499e-8],"median":[0.00000121790696994,0.0000098865457403,0.0000961258119787,0.000169218954397,0.000737760274205,0.000179369046236,0.0000967398373177,0.00000919324611459,0.000011990292478,0.0000150083060362,0.00000377216088054,0.00000419572052124,0.00000362801552001,0.00000272106058219,0.00000243324052462,8.23709456199e-7,7.04106355442e-7,8.80426910044e-7,0.00000121883158499,3.95123521457e-7,3.04947576524e-7,8.60524735913e-8,3.22298063793e-8,1.88642221843e-8,2.08295567461e-8,3.14671986246e-8,4.38033893602e-8],"min":[2.37289951936e-25,3.84351807913e-24,1.61411206261e-24,1.84975792981e-24,8.65816337564e-24,1.56741408054e-23,6.14611155361e-24,1.30470257317e-23,2.22709948585e-23,2.02477007429e-23,2.5251024213e-23,1.8914379085e-23,2.47411565887e-23,4.62504415566e-23,4.72750172557e-23,5.94759470681e-23,8.43012419832e-23,8.57341289315e-23,1.23001136095e-22,1.75182328601e-22,2.64731369937e-22,2.97220145624e-22,4.2899124404e-22,6.04752381975e-22,8.31081952559e-22,1.34038428546e-21,1.83913552171e-21],"var":[1.625024941e-11,2.57434784601e-9,0.00000241513725996,0.00000248911578637,0.000195631684619,0.0000561977067264,0.00000746352088754,9.01270169607e-8,0.00000512735186931,1.45876029478e-7,0.00000177233721388,0.00000235274615079,8.30473396718e-8,6.69286691846e-7,1.83923987152e-8,4.15126955033e-9,2.7158104654e-9,7.09603975579e-9,2.13668087667e-7,2.16600271052e-9,2.54664422883e-9,9.51429046658e-10,2.0501151124e-11,4.49417503212e-10,5.04961517045e-10,1.94942430254e-11,2.64296858054e-13]},"barkbands_crest":{"dmean":2.37690472603,"dmean2":3.82928943634,"dvar":4.62200498581,"dvar2":11.8074302673,"max":26.4815330505,"mean":13.7503299713,"median":12.9220123291,"min":3.09634447098,"var":23.199136734},"barkbands_flatness_db":{"dmean":0.0244556814432,"dmean2":0.0378044731915,"dvar":0.000720226380508,"dvar2":0.00153051363304,"max":0.461102545261,"mean":0.266328603029,"median":0.269716709852,"min":0.04418630898,"var":0.00537264486775},"barkbands_kurtosis":{"dmean":8.5737695694,"dmean2":13.654548645,"dvar":208.100708008,"dvar2":497.539398193,"max":338.698303223,"mean":22.4146747589,"median":11.9787511826,"min":-1.99369812012,"var":875.746520996},"barkbands_skewness":{"dmean":0.674167335033,"dmean2":1.07452833652,"dvar":0.66352045536,"dvar2":1.6485915184,"max":16.1655540466,"mean":2.76101088524,"median":2.5124835968,"min":-8.01933097839,"var":3.71720981598},"barkbands_spread":{"dmean":1.97029006481,"dmean2":3.08341240883,"dvar":27.3576774597,"dvar2":51.6587142944,"max":168.099853516,"mean":6.20770025253,"median":3.58534622192,"min":0.299446552992,"var":80.0307235718},"dissonance":{"dmean":0.0308662988245,"dmean2":0.0520313046873,"dvar":0.000833787722513,"dvar2":0.00218798406422,"max":0.500000059605,"mean":0.413094550371,"median":0.418688029051,"min":0.213454931974,"var":0.00248677865602},"dynamic_complexity":8.7876663208,"erbbands":{"dmean":[0.000287811708404,0.00666168425232,0.161365479231,0.823986232281,4.13426923752,10.6618309021,7.62359571457,12.6374664307,7.08717489243,2.82528781891,1.06931722164,4.11522912979,2.41860747337,1.37147843838,3.84671711922,4.04762172699,1.81375110149,2.66261291504,1.56605327129,0.522766888142,0.275515854359,0.374744921923,0.633369326591,2.69983386993,1.67440187931,0.406388700008,0.320613652468,0.212073728442,0.131511002779,0.114429153502,0.0313006825745,0.030211802572,0.0484982281923,0.0368600897491,0.0162356011569,0.00368723529391,0.000986200990155,0.000101501886093,0.0000120501445053,0.00000499083262184],"dmean2":[0.000462235242594,0.0107321934775,0.262579470873,1.3636906147,6.62046718597,16.7678432465,12.0590324402,20.7569999695,10.8890037537,4.38527297974,1.59425902367,5.32600307465,3.01998972893,1.97394883633,4.86142396927,5.13318300247,2.5311293602,3.71687912941,2.25236058235,0.804271876812,0.399608314037,0.573718369007,0.891790449619,3.43706607819,2.20393037796,0.573967635632,0.422423183918,0.298449903727,0.181913048029,0.160989329219,0.0492270328104,0.0479806140065,0.0853324383497,0.0629468634725,0.0278861764818,0.00654629524797,0.00174003932625,0.000184556440217,0.0000217297019844,0.00000760627017371],"dvar":[1.67938708273e-7,0.000234851060668,0.168169364333,3.14554142952,366.550689697,2108.66699219,900.230651855,2818.04345703,1045.58154297,299.937469482,14.1076726913,1101.43847656,164.497665405,55.0543670654,532.78704834,1352.64562988,88.0188217163,818.673461914,82.6012039185,14.3586940765,1.64762330055,6.09673786163,11.4781188965,220.940429688,93.2893447876,3.18731451035,2.06241631508,1.92658090591,0.663905262947,0.421219617128,0.0181545075029,0.0544749647379,0.48638227582,0.0849231332541,0.0239290427417,0.00138325430453,0.0000785237134551,0.00000128921499254,1.64124749347e-8,2.78645884144e-10],"dvar2":[3.39473018585e-7,0.000558126601391,0.377783864737,8.47641468048,939.180114746,5072.28417969,2273.86450195,7467.48095703,2423.35009766,695.978088379,32.5625648499,2030.03051758,265.837127686,110.950790405,949.733581543,2349.72363281,165.802749634,1535.85754395,183.14692688,34.8596801758,3.74793052673,14.9631328583,26.5730838776,344.183868408,182.036102295,6.47622966766,4.27625846863,4.05178070068,1.39258015156,0.849236309528,0.0438602678478,0.146988719702,1.42331111431,0.210324794054,0.0565307103097,0.00384126300924,0.00020815237076,0.00000360043463843,4.75493031615e-8,6.69757027616e-10],"max":[0.0117991222069,0.347577422857,9.16686153412,29.1546554565,490.560180664,1008.64801025,479.377441406,995.911010742,637.835449219,469.625061035,100.639282227,1271.44396973,411.366210938,210.00479126,575.863952637,1150.01940918,318.432006836,1040.23254395,278.159637451,107.811630249,34.4352378845,77.4904785156,82.7772598267,473.477264404,272.983520508,44.9244194031,31.2844219208,40.7851028442,17.8532390594,14.0969648361,2.04465484619,5.82145690918,19.9296970367,4.97848415375,3.84947395325,0.912300348282,0.23744058609,0.0341804362833,0.0037336256355,0.000355868367478],"mean":[0.000620732025709,0.015287309885,0.457498192787,2.29930663109,7.73775911331,18.6442699432,13.7714195251,23.8466396332,14.9849729538,4.71701669693,2.81883645058,11.5391864777,6.66505670547,4.11464309692,11.4052915573,11.5618057251,3.81408858299,5.00175905228,3.170773983,0.901370108128,0.558446109295,0.639305949211,1.13039708138,4.81659603119,2.48310542107,0.588716447353,0.492616295815,0.292609035969,0.175548404455,0.159101039171,0.0333682261407,0.0273460987955,0.0338430888951,0.0286382716149,0.01244929526,0.00251405336894,0.000704928650521,0.0000857953709783,0.0000156198912009,0.0000131146125568],"median":[0.000368855224224,0.00503668142483,0.0874854028225,0.535903632641,1.10573887825,2.53412222862,1.80613577366,1.56971251965,2.07264757156,0.809126019478,0.313134044409,0.380898654461,0.386544525623,0.47483676672,0.293675303459,0.275726795197,0.236153125763,0.242269217968,0.210703253746,0.0899683758616,0.0684679076076,0.0468331463635,0.0552257560194,0.0732853710651,0.0445203967392,0.0223964489996,0.0136533733457,0.00733483675867,0.00324968970381,0.00213511264883,0.000972915324382,0.000473857682664,0.00028896695585,0.000221271577175,0.000164489014423,0.000111780478619,0.0000681905221427,0.0000260132928815,0.00000619675483904,0.00000389766728404],"min":[1.39920359733e-22,8.83955676586e-22,3.74581227914e-21,4.87808521282e-21,1.17493477377e-20,4.26311245498e-20,5.61483608205e-20,1.12668616875e-19,1.48355760515e-19,2.03833187386e-19,3.18036107974e-19,4.58749973325e-19,6.15358114146e-19,6.34251126131e-19,9.93947255079e-19,1.16277285355e-18,1.4689190157e-18,2.58016306658e-18,3.4317752857e-18,3.12761063471e-18,3.63557170232e-18,6.09979403232e-18,5.20608948695e-18,4.76981871546e-18,5.57566220411e-18,9.58779257746e-18,9.01799748431e-18,9.53197029382e-18,1.25072066083e-17,1.21727758323e-17,1.26794479457e-17,9.77460635572e-18,1.05546401549e-17,7.71495558179e-18,6.05468497838e-18,3.98032858752e-18,2.38404350642e-18,8.99608857181e-19,2.58567818991e-19,2.55204767577e-20],"var":[8.15865632831e-7,0.000769683218095,1.07489645481,16.9871387482,540.257873535,3320.70996094,1632.07299805,6389.703125,1788.44128418,342.61618042,58.3703269958,3506.99243164,756.445007324,216.99067688,2422.85400391,6182.35253906,256.970855713,1650.61303711,173.501342773,21.0959815979,3.90184879303,9.71624565125,21.966594696,668.672973633,187.350357056,5.57169532776,3.88418722153,3.00784015656,0.981834352016,0.73404699564,0.02163470909,0.0403311401606,0.266513586044,0.071517303586,0.0213245656341,0.000866204150952,0.0000539347020094,7.86910163697e-7,9.45206402037e-9,6.69282351762e-10]},"erbbands_crest":{"dmean":2.28723549843,"dmean2":3.66137742996,"dvar":4.9500002861,"dvar2":12.5084218979,"max":28.3923339844,"mean":12.7495641708,"median":12.2067432404,"min":2.61875653267,"var":23.7583217621},"erbbands_flatness_db":{"dmean":0.0179280899465,"dmean2":0.0268125422299,"dvar":0.00037575972965,"dvar2":0.000776837463491,"max":0.410196572542,"mean":0.248934909701,"median":0.252144366503,"min":0.0344036407769,"var":0.0033202865161},"erbbands_kurtosis":{"dmean":2.164955616,"dmean2":3.32645726204,"dvar":11.4285421371,"dvar2":26.5043506622,"max":62.3072814941,"mean":5.44622421265,"median":2.14076662064,"min":-1.7697609663,"var":78.8218460083},"erbbands_skewness":{"dmean":0.405905723572,"dmean2":0.60847735405,"dvar":0.212889194489,"dvar2":0.512476086617,"max":6.76232719421,"mean":1.46785700321,"median":1.34719944,"min":-1.62180185318,"var":1.51194286346},"erbbands_spread":{"dmean":4.53387403488,"dmean2":7.10623407364,"dvar":55.1943206787,"dvar2":135.629058838,"max":108.234054565,"mean":19.5545501709,"median":15.5754785538,"min":1.56783854961,"var":172.125900269},"gfcc":{"cov":[[35092.6992188,4426.05273438,-6303.24462891,621.092590332,-2242.98339844,-694.042114258,-953.400390625,-1186.0135498,-1399.30627441,-669.114074707,167.873565674,-542.024658203,-279.94732666],[4426.05273438,1747.62805176,-318.175750732,-314.074645996,-89.9327087402,-205.072311401,-40.9337692261,-219.155715942,-161.372070312,-186.177200317,-96.3763504028,-70.9428329468,-57.7316627502],[-6303.24462891,-318.175750732,2297.01635742,-214.685134888,390.196685791,101.407859802,41.3689842224,327.789886475,204.758041382,113.058204651,-203.515533447,118.895889282,20.8845844269],[621.092590332,-314.074645996,-214.685134888,371.820037842,-24.8697719574,19.1651763916,-32.7601318359,-48.928565979,-48.1992225647,-7.60782146454,23.7759456635,-54.4750022888,-51.8965034485],[-2242.98339844,-89.9327087402,390.196685791,-24.8697719574,420.415039062,100.370201111,52.44298172,16.1425704956,50.6003494263,31.5107631683,-36.2689208984,17.2199783325,-42.5963821411],[-694.042114258,-205.072311401,101.407859802,19.1651763916,100.370201111,196.729202271,31.9790534973,30.4176101685,1.2419410944,8.09808635712,-3.25385475159,17.8315105438,7.01407766342],[-953.400390625,-40.9337692261,41.3689842224,-32.7601318359,52.44298172,31.9790534973,157.564819336,27.705947876,49.0713310242,-19.9988651276,0.302139222622,18.4750766754,16.0688037872],[-1186.0135498,-219.155715942,327.789886475,-48.928565979,16.1425704956,30.4176101685,27.705947876,189.701675415,74.4061050415,33.5654525757,-33.7894744873,45.2174606323,23.3782844543],[-1399.30627441,-161.372070312,204.758041382,-48.1992225647,50.6003494263,1.2419410944,49.0713310242,74.4061050415,152.890777588,54.0578765869,-8.94498157501,24.3328876495,14.8681707382],[-669.114074707,-186.177200317,113.058204651,-7.60782146454,31.5107631683,8.09808635712,-19.9988651276,33.5654525757,54.0578765869,147.303665161,19.7347202301,10.9291410446,-26.7554187775],[167.873565674,-96.3763504028,-203.515533447,23.7759456635,-36.2689208984,-3.25385475159,0.302139222622,-33.7894744873,-8.94498157501,19.7347202301,111.221511841,8.92912483215,4.36745691299],[-542.024658203,-70.9428329468,118.895889282,-54.4750022888,17.2199783325,17.8315105438,18.4750766754,45.2174606323,24.3328876495,10.9291410446,8.92912483215,102.650192261,37.4116249084],[-279.94732666,-57.7316627502,20.8845844269,-51.8965034485,-42.5963821411,7.01407766342,16.0688037872,23.3782844543,14.8681707382,-26.7554187775,4.36745691299,37.4116249084,106.022918701]],"icov":[[0.000650687201414,-0.00165863940492,0.00120735296514,-0.00141306535807,0.00189768197015,-0.00102796033025,0.00209126505069,-0.000945817970205,0.00158061261754,-0.000550243014004,0.000635013449937,-0.000470666360343,0.000386880186852],[-0.00165863940492,0.00579318637028,-0.00300620868802,0.0053839199245,-0.00469198729843,0.00363734504208,-0.00531281204894,0.00385864917189,-0.00325954239815,0.00281086447649,-0.000251429562923,0.00129034230486,0.000552615150809],[0.00120735296514,-0.00300620868802,0.00308295432478,-0.00238186609931,0.00289633101784,-0.00181389297359,0.00415765540674,-0.00264655891806,0.0027189438697,-0.00125221919734,0.0023139975965,-0.00124408246484,0.000661291240249],[-0.00141306535807,0.0053839199245,-0.00238186609931,0.00836941972375,-0.00380308413878,0.00268043787219,-0.00407472671941,0.00365021312609,-0.00232939445414,0.00307216728106,-0.000387893698644,0.00221036653966,0.00221178773791],[0.00189768197015,-0.00469198729843,0.00289633101784,-0.00380308413878,0.00933861173689,-0.00463147042319,0.00526445778087,-0.00110472424421,0.00379047123715,-0.00148505810648,0.00234005809762,-0.00193077209406,0.00320639554411],[-0.00102796033025,0.00363734504208,-0.00181389297359,0.00268043787219,-0.00463147042319,0.0087657738477,-0.00438874633983,0.00111952912994,-0.000361083628377,0.00108685053419,-0.000315801502438,0.000494057952892,-0.000923120707739],[0.00209126505069,-0.00531281204894,0.00415765540674,-0.00407472671941,0.00526445778087,-0.00438874633983,0.0151003170758,-0.00358540331945,0.00180275924504,0.000929002766497,0.00126390508376,-0.00199726014398,0.00135716726072],[-0.000945817970205,0.00385864917189,-0.00264655891806,0.00365021312609,-0.00110472424421,0.00111952912994,-0.00358540331945,0.0118303159252,-0.00435027386993,0.00136864790693,0.00191948993597,-0.00144163193181,0.000713745772373],[0.00158061261754,-0.00325954239815,0.0027189438697,-0.00232939445414,0.00379047123715,-0.000361083628377,0.00180275924504,-0.00435027386993,0.0153690949082,-0.00466179614887,0.00227767252363,-0.000513013685122,-0.000288888084469],[-0.000550243014004,0.00281086447649,-0.00125221919734,0.00307216728106,-0.00148505810648,0.00108685053419,0.000929002766497,0.00136864790693,-0.00466179614887,0.0119026908651,-0.00237002433278,-0.000204014082556,0.00454406486824],[0.000635013449937,-0.000251429562923,0.0023139975965,-0.000387893698644,0.00234005809762,-0.000315801502438,0.00126390508376,0.00191948993597,0.00227767252363,-0.00237002433278,0.0142739238217,-0.00292640528642,0.00076749373693],[-0.000470666360343,0.00129034230486,-0.00124408246484,0.00221036653966,-0.00193077209406,0.000494057952892,-0.00199726014398,-0.00144163193181,-0.000513013685122,-0.000204014082556,-0.00292640528642,0.0139122316614,-0.0041690771468],[0.000386880186852,0.000552615150809,0.000661291240249,0.00221178773791,0.00320639554411,-0.000923120707739,0.00135716726072,0.000713745772373,-0.000288888084469,0.00454406486824,0.00076749373693,-0.0041690771468,0.0153196854517]],"mean":[-240.117416382,147.54649353,-83.0306549072,3.03097891808,-48.0346069336,-24.2930164337,-35.7857704163,-17.2294807434,-35.1998710632,-8.14616394043,-12.5563058853,-6.11120605469,-12.0861730576]},"hfc":{"dmean":1.68455266953,"dmean2":2.39570426941,"dvar":31.6775951385,"dvar2":69.2517471313,"max":95.7623596191,"mean":4.37266159058,"median":0.887255191803,"min":1.05443683915e-16,"var":98.1815185547},"melbands":{"dmean":[0.00000287509578811,0.0000599669547228,0.000178974834853,0.000586439098697,0.000312095595291,0.000268024363322,0.000106666630018,0.0000242530823016,0.00000768185145716,0.000028339889468,0.0000113712012535,0.00000487848546982,0.0000130928383442,0.0000105141489257,0.00000657619420963,0.00000262828029918,0.00000592342576056,0.00000321563084071,7.4979556075e-7,5.91471007283e-7,2.85059115868e-7,4.31827487546e-7,4.48993660029e-7,6.38435381006e-7,0.00000246169361162,0.00000153415328441,5.62859497677e-7,2.14546773236e-7,2.13191725607e-7,1.70631878404e-7,1.12806752384e-7,6.73887754488e-8,9.13512891998e-8,4.50008279529e-8,1.83429325062e-8,1.36190676514e-8,2.02432808294e-8,3.84528675568e-8,2.16334825609e-8,3.75387116947e-8],"dmean2":[0.00000461233912574,0.0000973514834186,0.000294772937195,0.000923468032852,0.000491840939503,0.000438067771029,0.000163573145983,0.0000370020898117,0.0000121138864415,0.0000363944309356,0.0000142918570418,0.00000721254627933,0.0000170505209098,0.0000132294899231,0.00000911809001991,0.00000365065511687,0.00000831383658806,0.00000472046804134,0.00000117651052278,8.90926969532e-7,4.21092750003e-7,6.54363304875e-7,6.89751573191e-7,8.77293246049e-7,0.00000312346537612,0.00000206074219022,7.90817523466e-7,3.14304799076e-7,2.8325735002e-7,2.35678129457e-7,1.60474002087e-7,9.35728863283e-8,1.29154670958e-7,6.49905089745e-8,3.04311562616e-8,2.08179802286e-8,3.21776170153e-8,6.74175311133e-8,3.65752832465e-8,6.46980495844e-8],"dvar":[2.39243815731e-11,2.38292461319e-8,1.9406708418e-7,0.00000770109818404,0.0000014622874005,0.00000120804338621,2.64841816033e-7,2.19599609608e-8,8.12059197663e-10,5.20401677306e-8,3.77098086091e-9,7.1332401097e-10,8.10897571313e-9,6.25110141428e-9,2.29338459334e-9,1.5369870654e-10,4.35510338903e-9,3.85498188926e-10,1.90682226953e-11,2.25975141377e-11,1.497821615e-12,1.08370820998e-11,4.70841551511e-12,1.47567427028e-11,1.94833441047e-10,8.73124419987e-11,1.19743936988e-11,9.77859178179e-13,7.90718727474e-13,1.10230607194e-12,6.71397399482e-13,1.743778597e-13,3.3961098907e-13,6.26318184056e-14,6.98835385176e-15,5.36430031254e-15,2.87089383028e-14,3.33491643589e-13,4.2124029281e-14,1.11561421993e-13],"dvar2":[5.40581433783e-11,5.33450617013e-8,4.80303981476e-7,0.0000193094219867,0.00000335365916726,0.00000319879427479,6.19629076937e-7,5.08076425376e-8,2.00002436834e-9,9.51933643023e-8,6.11896000535e-9,1.44363654364e-9,1.48997090221e-8,1.08795576992e-8,4.63446570009e-9,2.7359500776e-10,8.1936120111e-9,9.09578357078e-10,4.40612685226e-11,5.16508641413e-11,3.54056714502e-12,2.64549371992e-11,1.12225576054e-11,3.0908844928e-11,2.99877511711e-10,1.68783806376e-10,2.69678255421e-11,1.96851020727e-12,1.64935990213e-12,2.29411953843e-12,1.36126429139e-12,3.77649951241e-13,6.48798180979e-13,1.36343681571e-13,1.87531383516e-14,1.09952965718e-14,7.80117141133e-14,9.77327268593e-13,1.17129925008e-13,2.73441181807e-13],"max":[0.000136563452543,0.0035142803099,0.00749155599624,0.0702909901738,0.0247104708105,0.0193841364235,0.0101452227682,0.00417876848951,0.000752746127546,0.00865647662431,0.00209001498297,0.000668924534693,0.00258925650269,0.00238918559626,0.00137506425381,0.000424314435804,0.00239352858625,0.000605656590778,0.000113234033051,0.000158347334946,0.0000284133038804,0.000105005470687,0.0000528823038621,0.000109736625745,0.000462007505121,0.00030324124964,0.0000757021043682,0.0000248737760558,0.0000156718688231,0.0000284185462078,0.0000222769522225,0.00000927892597247,0.000011996567082,0.00000523082599102,0.00000105959156826,0.00000153965868321,0.00000427544455306,0.0000166185145645,0.0000049444324759,0.0000064002219915],"mean":[0.00000564262381886,0.0001700562716,0.000464589567855,0.00105427240487,0.000591622956563,0.000497819681186,0.00021659975755,0.0000403880767408,0.0000202276150958,0.0000793624712969,0.0000307558730128,0.0000135943073474,0.0000399950076826,0.0000292188924504,0.0000171148240042,0.00000485803775518,0.000010881369235,0.00000605925060881,0.00000138677489758,0.00000111432245831,5.47042304788e-7,7.26399093764e-7,6.98375572483e-7,0.00000119384731079,0.00000439167615696,0.00000223177426051,7.76468709773e-7,3.02770388316e-7,3.2379571735e-7,2.46423127237e-7,1.48514459397e-7,8.6852665504e-8,1.28296989033e-7,6.0406115665e-8,1.75764185428e-8,1.45316638722e-8,1.75218470844e-8,2.66976076801e-8,1.60138728944e-8,2.92174568983e-8],"median":[0.00000279567780126,0.0000300034680549,0.000110747743747,0.000146161401062,0.000078137498349,0.0000318365273415,0.0000294324800052,0.00000591663501837,0.00000195321695173,0.00000214215970118,0.000001723049877,0.00000160384888659,6.95682786045e-7,7.49724904381e-7,5.19566185631e-7,3.2929474969e-7,2.81197714003e-7,3.16859427585e-7,1.36543661711e-7,7.38100283115e-8,5.85306452194e-8,3.75566564514e-8,3.70531942906e-8,4.5436948426e-8,6.12374009279e-8,3.33408394226e-8,1.91419040618e-8,1.03076631675e-8,7.53148299282e-9,5.8197802133e-9,2.74061506822e-9,1.60492308332e-9,1.47143186524e-9,8.85370055048e-10,5.54880086323e-10,2.86320661624e-10,2.5508564705e-10,2.01469188554e-10,1.65643512795e-10,1.83914133922e-10],"min":[1.76399297219e-24,1.58016718064e-24,1.03385447833e-24,2.07268942998e-24,2.64723595713e-24,2.76333143326e-24,2.36585380819e-24,2.25934299206e-24,2.24243868893e-24,2.97669365622e-24,2.72255580471e-24,2.21116449556e-24,3.08495574356e-24,2.29047282388e-24,3.83558805488e-24,3.00289862941e-24,3.69448450477e-24,5.14467787798e-24,3.68749677487e-24,3.7796396729e-24,3.2173776822e-24,4.40925125503e-24,4.68413969822e-24,3.07334785255e-24,3.41985954112e-24,4.08133479294e-24,4.55258215392e-24,5.83299451652e-24,6.06365705078e-24,4.34858035724e-24,4.6096029923e-24,6.70251408272e-24,5.73188700316e-24,5.77528500257e-24,6.07004603525e-24,6.76550699259e-24,5.57036063307e-24,6.84573572437e-24,6.39565429034e-24,5.96663820349e-24],"var":[9.88736384433e-11,1.5934129749e-7,7.38612300211e-7,0.0000108774411274,0.00000316815294354,0.00000266017605099,4.12686915752e-7,2.53228709113e-8,3.41572614637e-9,1.69478738599e-7,1.7641168526e-8,2.37780972689e-9,3.90604277811e-8,2.77854219632e-8,9.76314762369e-9,3.95230431716e-10,8.67365912427e-9,6.70593858221e-10,4.03213747113e-11,4.88973479762e-11,3.12690498494e-12,1.73341653531e-11,7.99122139988e-12,3.23206773845e-11,5.97816074421e-10,1.81227310936e-10,1.71581499009e-11,1.68596560324e-12,1.46168765026e-12,1.98741023638e-12,1.0655441373e-12,2.4525084112e-13,6.04440705387e-13,9.66636506624e-14,6.20508173313e-15,7.07765441781e-15,2.08043472179e-14,1.81738250751e-13,2.76666862841e-14,9.49698625947e-14]},"melbands_crest":{"dmean":2.77996182442,"dmean2":4.55254220963,"dvar":7.25915431976,"dvar2":18.3356571198,"max":38.9719734192,"mean":17.3483791351,"median":16.8602390289,"min":1.49352300167,"var":39.161693573},"melbands_flatness_db":{"dmean":0.0274106841534,"dmean2":0.0418296419084,"dvar":0.000928049208596,"dvar2":0.00200256635435,"max":0.593638777733,"mean":0.36392018199,"median":0.367975026369,"min":0.00270110485144,"var":0.0106052691117},"melbands_kurtosis":{"dmean":8.20851039886,"dmean2":12.9258308411,"dvar":212.864883423,"dvar2":479.802032471,"max":236.20401001,"mean":21.1004562378,"median":13.5179805756,"min":-1.41640520096,"var":619.37713623},"melbands_skewness":{"dmean":0.639666140079,"dmean2":1.00851273537,"dvar":0.612537205219,"dvar2":1.43498325348,"max":14.2629270554,"mean":2.84281134605,"median":2.59202170372,"min":-0.978969454765,"var":2.98392391205},"melbands_spread":{"dmean":2.21699094772,"dmean2":3.57587647438,"dvar":23.1874332428,"dvar2":53.8182067871,"max":155.455215454,"mean":9.44610500336,"median":4.20898008347,"min":0.43949624896,"var":448.413330078},"mfcc":{"cov":[[13477.6748047,2263.03198242,-3091.46777344,247.745147705,-1039.68286133,-175.719207764,167.86428833,-481.427001953,-951.343811035,-391.494873047,-167.636856079,-672.779724121,-284.305267334],[2263.03198242,2085.46850586,-107.395294189,-118.447380066,-66.7077026367,-58.7090187073,9.53360843658,-69.6773376465,-142.687713623,-119.410766602,-126.548576355,-124.382743835,-71.8080978394],[-3091.46777344,-107.395294189,1550.83752441,22.5291805267,223.989151001,0.677153289318,-103.637901306,128.26701355,255.514450073,66.6001052856,-18.8434238434,127.919319153,58.4139060974],[247.745147705,-118.447380066,22.5291805267,305.666564941,10.8236961365,6.9996137619,-3.49273538589,-30.358297348,-41.6286849976,-9.50811672211,20.7314720154,-12.9392805099,-26.4295501709],[-1039.68286133,-66.7077026367,223.989151001,10.8236961365,291.566101074,86.4245605469,20.2093906403,25.6524143219,45.2258720398,17.594127655,10.1451587677,73.1895370483,16.8240356445],[-175.719207764,-58.7090187073,0.677153289318,6.9996137619,86.4245605469,153.532562256,48.6711120605,1.81878530979,5.59438705444,-14.4495687485,11.5847015381,19.2401161194,8.83463859558],[167.86428833,9.53360843658,-103.637901306,-3.49273538589,20.2093906403,48.6711120605,120.442016602,17.6577911377,-37.8759155273,-8.32594203949,-7.379986763,-9.21315288544,-16.0397968292],[-481.427001953,-69.6773376465,128.26701355,-30.358297348,25.6524143219,1.81878530979,17.6577911377,143.317153931,77.4806442261,-11.3219413757,-13.8154335022,11.8334474564,5.40453767776],[-951.343811035,-142.687713623,255.514450073,-41.6286849976,45.2258720398,5.59438705444,-37.8759155273,77.4806442261,166.411849976,47.4491233826,-3.59975337982,39.2225914001,26.0591087341],[-391.494873047,-119.410766602,66.6001052856,-9.50811672211,17.594127655,-14.4495687485,-8.32594203949,-11.3219413757,47.4491233826,119.007743835,24.3657093048,-7.65460348129,6.18949270248],[-167.636856079,-126.548576355,-18.8434238434,20.7314720154,10.1451587677,11.5847015381,-7.379986763,-13.8154335022,-3.59975337982,24.3657093048,99.4119033813,33.0145645142,-6.4036860466],[-672.779724121,-124.382743835,127.919319153,-12.9392805099,73.1895370483,19.2401161194,-9.21315288544,11.8334474564,39.2225914001,-7.65460348129,33.0145645142,166.210357666,62.2850379944],[-284.305267334,-71.8080978394,58.4139060974,-26.4295501709,16.8240356445,8.83463859558,-16.0397968292,5.40453767776,26.0591087341,6.18949270248,-6.4036860466,62.2850379944,110.101516724]],"icov":[[0.000361882528523,-0.000270097400062,0.000449822779046,-0.000338713667588,0.000696001516189,-0.000171786305145,0.000106873427285,0.000103786274849,0.000697968353052,0.000241768895648,0.000215474356082,0.000424482714152,-0.0000501405484101],[-0.000270097400062,0.000824179907795,-0.000421003001975,0.00059660396073,-0.000607079593465,0.000330754177412,-0.0000564893161936,0.000234572566114,-0.000131629189127,0.000322382111335,0.000393653230276,-0.0000475388078485,0.00031595598557],[0.000449822779046,-0.000421003001975,0.00158443232067,-0.000737345311791,0.000286828581011,-0.0000491357495775,0.000720478070434,-0.000215849708184,-0.000250283570495,0.0000777754466981,0.000607595371548,0.000117192968901,-0.0000310748800985],[-0.000338713667588,0.00059660396073,-0.000737345311791,0.00411235447973,-0.000865917478222,0.0000561762026337,0.000263249094132,0.000391028064769,0.000630473077763,0.000251560239121,-0.000637932156678,-5.12173130574e-7,0.000839616579469],[0.000696001516189,-0.000607079593465,0.000286828581011,-0.000865917478222,0.00665236124769,-0.00333786546253,0.00022247742163,-0.000521029462107,0.00196780008264,-0.00114239228424,0.00119424064178,-0.00149724876974,0.000865494192112],[-0.000171786305145,0.000330754177412,-0.0000491357495775,0.0000561762026337,-0.00333786546253,0.0104325916618,-0.00501265656203,0.00265111331828,-0.00358461053111,0.00356658501551,-0.00238923728466,0.00152215757407,-0.00172792363446],[0.000106873427285,-0.0000564893161936,0.000720478070434,0.000263249094132,0.00022247742163,-0.00501265656203,0.0136391082779,-0.00528341624886,0.00629484560341,-0.00358905363828,0.00282167247497,-0.00161044555716,0.00232164841145],[0.000103786274849,0.000234572566114,-0.000215849708184,0.000391028064769,-0.000521029462107,0.00265111331828,-0.00528341624886,0.0129004716873,-0.00788839068264,0.00544936768711,-0.00081092788605,0.00196644407697,-0.000505575793795],[0.000697968353052,-0.000131629189127,-0.000250283570495,0.000630473077763,0.00196780008264,-0.00358461053111,0.00629484560341,-0.00788839068264,0.0173574872315,-0.0064517785795,0.00332662370056,-0.00194036518224,0.000837424478959],[0.000241768895648,0.000322382111335,0.0000777754466981,0.000251560239121,-0.00114239228424,0.00356658501551,-0.00358905363828,0.00544936768711,-0.0064517785795,0.0142438579351,-0.00439818203449,0.0045389845036,-0.00214554392733],[0.000215474356082,0.000393653230276,0.000607595371548,-0.000637932156678,0.00119424064178,-0.00238923728466,0.00282167247497,-0.00081092788605,0.00332662370056,-0.00439818203449,0.014398147352,-0.00462370319292,0.00371072045527],[0.000424482714152,-0.0000475388078485,0.000117192968901,-5.12173130574e-7,-0.00149724876974,0.00152215757407,-0.00161044555716,0.00196644407697,-0.00194036518224,0.0045389845036,-0.00462370319292,0.0116504579782,-0.00587725732476],[-0.0000501405484101,0.00031595598557,-0.0000310748800985,0.000839616579469,0.000865494192112,-0.00172792363446,0.00232164841145,-0.000505575793795,0.000837424478959,-0.00214554392733,0.00371072045527,-0.00587725732476,0.0132096204907]],"mean":[-869.636108398,172.984970093,21.8263702393,24.9110126495,-1.14916074276,-5.60663175583,-2.58845806122,-12.9289884567,-19.153131485,-11.2135152817,-8.28849887848,-13.5623788834,-8.77742958069]},"pitch_salience":{"dmean":0.0667442306876,"dmean2":0.108951970935,"dvar":0.00391692947596,"dvar2":0.00967734027654,"max":0.876783430576,"mean":0.522230744362,"median":0.527815103531,"min":0.106170728803,"var":0.0173434149474},"silence_rate_20dB":{"dmean":0,"dmean2":0,"dvar":0,"dvar2":0,"max":1,"mean":1,"median":1,"min":1,"var":0},"silence_rate_30dB":{"dmean":0.0144927538931,"dmean2":0.029003020376,"dvar":0.0142825730145,"dvar2":0.0293709579855,"max":1,"mean":0.984912514687,"median":1,"min":0,"var":0.0148596344516},"silence_rate_60dB":{"dmean":0.0507246367633,"dmean2":0.101510576904,"dvar":0.0481506884098,"dvar2":0.111748933792,"max":1,"mean":0.519613742828,"median":1,"min":0,"var":0.249615415931},"spectral_centroid":{"dmean":104.011161804,"dmean2":167.097305298,"dvar":83922.640625,"dvar2":201788.53125,"max":11692.8896484,"mean":752.890136719,"median":376.028961182,"min":167.77911377,"var":2945399.5},"spectral_complexity":{"dmean":0.962560415268,"dmean2":1.57039272785,"dvar":1.6350607872,"dvar2":3.3967192173,"max":24,"mean":5.0211224556,"median":4,"min":0,"var":16.4370422363},"spectral_contrast_coeffs":{"dmean":[0.0399999767542,0.0378954485059,0.0276166107506,0.0240448918194,0.0227855481207,0.0174300577492],"dmean2":[0.0654756724834,0.0601827017963,0.0430999994278,0.0378538966179,0.0325888842344,0.0258113592863],"dvar":[0.00133046519477,0.00127383868676,0.000795866711996,0.000596885278355,0.000661845493596,0.000400294491556],"dvar2":[0.00335088162683,0.0028916944284,0.00157690246124,0.00119562773034,0.00115496118087,0.000749410304707],"max":[-0.213531985879,-0.369622468948,-0.41852158308,-0.529659688473,-0.457793265581,-0.535826206207],"mean":[-0.541707515717,-0.694503962994,-0.769529283047,-0.794994652271,-0.798977434635,-0.803309500217],"median":[-0.539051890373,-0.70526099205,-0.782859861851,-0.797934472561,-0.812056660652,-0.810574114323],"min":[-0.978732943535,-0.982351124287,-0.975505948067,-0.968863725662,-0.969053983688,-0.963864684105],"var":[0.0165287926793,0.0109479278326,0.00875962898135,0.00648100301623,0.00773887615651,0.00479268329218]},"spectral_contrast_valleys":{"dmean":[0.378077298403,0.311916738749,0.313171744347,0.330677062273,0.332945734262,0.305846303701],"dmean2":[0.632618665695,0.509066641331,0.506011903286,0.527291059494,0.521070122719,0.465558350086],"dvar":[0.152782618999,0.139154106379,0.127347007394,0.1607824862,0.206187188625,0.204981774092],"dvar2":[0.360600352287,0.290266871452,0.274225473404,0.341189026833,0.43038842082,0.41755181551],"max":[-7.04865074158,-5.45628118515,-6.11332464218,-6.57164669037,-7.22861194611,-9.71960163116],"mean":[-9.59884643555,-8.72264480591,-9.73919582367,-10.634522438,-10.9320058823,-13.7066135406],"median":[-9.13979053497,-8.14109039307,-9.10079669952,-10.0811662674,-10.5272254944,-13.5904369354],"min":[-27.7506027222,-27.7283401489,-27.7542381287,-27.5658569336,-27.5147476196,-27.400428772],"var":[9.02530384064,10.4994239807,9.6750535965,8.7563791275,8.28196144104,5.56343889236]},"spectral_decrease":{"dmean":1.07530562232e-9,"dmean2":1.64072477826e-9,"dvar":1.38974151494e-17,"dvar2":3.35960894714e-17,"max":1.02615085415e-14,"mean":-2.77660894277e-9,"median":-7.43465566888e-10,"min":-8.34212201539e-8,"var":3.28792051217e-17},"spectral_energy":{"dmean":0.00420291908085,"dmean2":0.00639373017475,"dvar":0.000210419908399,"dvar2":0.000507766962983,"max":0.322609812021,"mean":0.0108761368319,"median":0.00290040904656,"min":9.93546586239e-21,"var":0.000503720541019},"spectral_energyband_high":{"dmean":0.0000200826216314,"dmean2":0.0000288355258817,"dvar":1.03273398722e-8,"dvar2":2.28211334274e-8,"max":0.00182575755753,"mean":0.0000263961719611,"median":7.44634292005e-7,"min":7.02304128156e-21,"var":1.44270719815e-8},"spectral_energyband_low":{"dmean":0.00038870627759,"dmean2":0.000651959853712,"dvar":7.31617774363e-7,"dvar2":0.00000185407941444,"max":0.0174077898264,"mean":0.00114656344522,"median":0.000238057022216,"min":2.46339819461e-23,"var":0.00000502729653817},"spectral_energyband_middle_high":{"dmean":0.000328573398292,"dmean2":0.000410161417676,"dvar":0.00000269242582362,"dvar2":0.000005247223271,"max":0.048685323447,"mean":0.000909880967811,"median":0.0000797876200522,"min":1.21120941032e-21,"var":0.0000104389346234},"spectral_energyband_middle_low":{"dmean":0.003931238316,"dmean2":0.00608499720693,"dvar":0.000194962325622,"dvar2":0.000475783803267,"max":0.31606054306,"mean":0.00929814297706,"median":0.00223853508942,"min":2.01542967718e-22,"var":0.000402818288421},"spectral_entropy":{"dmean":0.23761087656,"dmean2":0.372817456722,"dvar":0.0784568637609,"dvar2":0.17574763298,"max":9.82421588898,"mean":6.12826013565,"median":5.98193311691,"min":4.30359888077,"var":0.755666315556},"spectral_flux":{"dmean":0.0131431948394,"dmean2":0.0215159989893,"dvar":0.000817205233034,"dvar2":0.00199196720496,"max":0.452133536339,"mean":0.0281592104584,"median":0.0165577922016,"min":6.33071442491e-11,"var":0.00141490309034},"spectral_kurtosis":{"dmean":7.95365476608,"dmean2":13.3131113052,"dvar":109.495414734,"dvar2":265.853820801,"max":221.721511841,"mean":25.5617141724,"median":18.2039718628,"min":-1.28431594372,"var":662.614807129},"spectral_rms":{"dmean":0.000422447308665,"dmean2":0.000623467960395,"dvar":7.36537060675e-7,"dvar2":0.00000151143387939,"max":0.0177409499884,"mean":0.00233801617287,"median":0.00168216158636,"min":3.1133804302e-12,"var":0.00000514454768563},"spectral_rolloff":{"dmean":135.127929688,"dmean2":236.538574219,"dvar":330674.46875,"dvar2":663861.9375,"max":21856.2011719,"mean":1034.5291748,"median":387.59765625,"min":150.732421875,"var":9885475},"spectral_skewness":{"dmean":0.595520675182,"dmean2":0.982889294624,"dvar":0.400525093079,"dvar2":0.941978096962,"max":12.4021453857,"mean":3.55952382088,"median":3.30463624001,"min":-0.0949530676007,"var":3.25582575798},"spectral_spread":{"dmean":406968.1875,"dmean2":641372.3125,"dvar":613454512128,"dvar2":1249917272060,"max":42275200,"mean":3588295,"median":2393626.25,"min":614052.9375,"var":39588940742700},"spectral_strongpeak":{"dmean":0.190275162458,"dmean2":0.302519232035,"dvar":0.14050295949,"dvar2":0.305166810751,"max":7.16124677658,"mean":0.516690075397,"median":0.258229911327,"min":0,"var":0.548641681671},"zerocrossingrate":{"dmean":0.00481676496565,"dmean2":0.00639751693234,"dvar":0.000315675744787,"dvar2":0.000633999356069,"max":0.7841796875,"mean":0.0369540788233,"median":0.02001953125,"min":0.0068359375,"var":0.00692502036691}},"metadata":{"audio_properties":{"analysis_sample_rate":44100,"bit_rate":0,"codec":"flac","downmix":"mix","equal_loudness":0,"length":38.4399986267,"lossless":true,"md5_encoded":"aca5a66edbc372525fd2e41c2bf8c82b","replay_gain":-8.524269104,"sample_rate":44100},"tags":{"acoustid_id":["86936caf-1c0a-4358-8be3-5193fd796cca"],"album":["Songs From the Labyrinth"],"albumartist":["Sting & Edin Karamazov"],"albumartistsort":["Sting & Karamazov, Edin"],"artist":["Sting & Edin Karamazov"],"artists":["Sting","Edin Karamazov"],"artistsort":["Sting & Karamazov, Edin"],"asin":["B000G8OYZS"],"barcode":["0602517031395"],"catalognumber":["06025 170 3139"],"date":["2006-10-06"],"file_name":"01 - Walsingham.flac","isrc":["USUM70605008"],"label":["Deutsche Grammophon"],"media":["CD"],"musicbrainz_albumartistid":["7944ed53-2a58-4035-9b93-140a71e41c34","a472827c-096d-423a-998c-65e9b6440e14"],"musicbrainz_albumid":["f9863b24-bf95-4e91-a474-d463045331fa"],"musicbrainz_artistid":["7944ed53-2a58-4035-9b93-140a71e41c34","a472827c-096d-423a-998c-65e9b6440e14"],"musicbrainz_recordingid":["cf160e6e-165f-4e9d-ac4d-8e1fa3cac64a"],"musicbrainz_releasegroupid":["6903253d-3583-367e-bd94-0bb4c5abacf2"],"musicbrainz_releasetrackid":["ca32afc6-5e07-3857-a030-63173cfa72ae"],"originaldate":["2006"],"releasecountry":["DE"],"releasestatus":["official"],"releasetype":["album"],"script":["Latn"],"title":["Walsingham"],"totaltracks":["23"],"tracknumber":["1"],"tracktotal":["23"]},"version":{"essentia":"2.1-beta1","essentia_build_sha":"ca57ba49d9b1854bd80e60cf9ccf267278fb7d6b","essentia_git_sha":"v2.1_beta1-28-g21ef5f4-dirty","extractor":"music 1.0"}},"rhythm":{"beats_count":72,"beats_loudness":{"dmean":0.02210386842