{"lowlevel":{"average_loudness":0.894041180611,"barkbands":{"dmean":[0.00010792442481,0.00175813329406,0.00082169129746,0.000454764871392,0.00168561120518,0.000882935593836,0.000644363171887,0.00085115613183,0.000771219551098,0.000605900771916,0.000525954470504,0.000495290150866,0.000599012942985,0.000713950430509,0.000533389626071,0.000414230424212,0.000244910508627,0.000227763972362,0.000120608136058,0.000161111413036,0.0000759842878324,0.0000610453280387,0.0000586906608078,0.0000271919252555,0.0000100998477137,0.00000244111515713,1.42323884234e-7],"dmean2":[0.000161389805726,0.00259330379777,0.00139177427627,0.000748382648453,0.0027064550668,0.00134447985329,0.00100044463761,0.00130764918867,0.00118561938871,0.000938848301303,0.000845791015308,0.000757098139729,0.00094198883744,0.00114127341658,0.000836911669467,0.000637949851807,0.000380115205189,0.000355442549335,0.000187306577573,0.000250596640399,0.000117032839626,0.0000893142714631,0.0000872203381732,0.000037770569179,0.00001370784139,0.00000337449728249,2.10035054238e-7],"dvar":[3.70188963927e-8,0.0000129925902002,0.00000495286985824,7.83393375059e-7,0.00000658526369079,0.00000349539254785,0.00000194194012693,0.00000495037693327,0.00000458926615465,0.00000316251021104,0.00000212573900171,0.0000021770845251,0.00000260944216279,0.00000392100173485,0.00000217339675146,0.00000210895291275,6.26907592505e-7,2.88663528636e-7,7.93035326296e-8,2.21884135954e-7,3.60431009483e-8,3.33095115934e-8,2.01856202864e-8,4.13677891942e-9,5.51538925642e-10,3.09456973935e-11,1.81114671871e-13],"dvar2":[7.87923823964e-8,0.0000259733387793,0.0000136683183882,0.00000199458304451,0.0000162615797308,0.00000701412045601,0.00000454497148894,0.0000108159210868,0.0000107282912722,0.00000773322426539,0.00000542865291209,0.00000487831357532,0.00000658292492517,0.00000949558307184,0.00000522576783624,0.00000478694573758,0.0000011778715816,6.7099529133e-7,1.9228887993e-7,5.15463909778e-7,8.38757259203e-8,6.60890080439e-8,4.65173712882e-8,7.7456023817e-9,1.10540898657e-9,6.28873134123e-11,4.16667731134e-13],"max":[0.00347068696283,0.0422173365951,0.0690128058195,0.0196309182793,0.0407431647182,0.0493440441787,0.037038192153,0.0533566176891,0.0423199124634,0.0383772850037,0.0327531844378,0.0518579147756,0.0321109257638,0.0559036768973,0.0357122533023,0.0426744893193,0.0470706112683,0.015166467987,0.00956081412733,0.0143603505567,0.00393192050979,0.00545366061851,0.00329693360254,0.00194442039356,0.000480781978695,0.000179239723366,0.0000112048364826],"mean":[0.00030234825681,0.00291920220479,0.00146309984848,0.000746866280679,0.00303406803869,0.00173646048643,0.00110929401126,0.00138753384817,0.00122041604482,0.000988896470517,0.000878888065927,0.000745082739741,0.000985638587736,0.00117942411453,0.000867099501193,0.000634907919448,0.000401345198043,0.000412079389207,0.000206316297408,0.000266226037638,0.000123155376059,0.00010235542868,0.0000911824463401,0.000046513217967,0.0000161633943208,0.00000365253549717,2.06870936381e-7],"median":[0.000226092859521,0.00128398637753,0.000533065875061,0.000306024739984,0.00176019547507,0.000789605197497,0.00045005971333,0.000303886656184,0.000248513999395,0.000231255253311,0.000130121828988,0.000193727639271,0.000217418739339,0.000335244229063,0.000217578097363,0.000196405235329,0.000142816425068,0.000148836959852,0.0000827628828119,0.0000817665277282,0.0000466691635665,0.0000323588246829,0.0000297679071082,0.0000140767178891,0.00000403766944146,7.24527467355e-7,3.58044758286e-8],"min":[3.87721757605e-25,3.26253937738e-24,1.48108161639e-24,8.1564243713e-25,4.87925694895e-24,6.20651502755e-24,8.62664364931e-24,6.67689740255e-24,1.11959967498e-23,1.70461355803e-23,1.49905849424e-23,1.90422723704e-23,3.00349891312e-23,3.62544158396e-23,4.40059839754e-23,5.6511199527e-23,7.08518198815e-23,1.0125573717e-22,1.1500310888e-22,1.60365248881e-22,2.3415703976e-22,2.70319584859e-22,4.45337906122e-22,5.7514371852e-22,8.20800608474e-22,1.27975200714e-21,1.93057108919e-21],"var":[6.79591423136e-8,0.0000232586626225,0.00000754072198106,0.00000157889166985,0.0000139268895509,0.0000111573326649,0.00000408428240917,0.0000111371973617,0.0000100627821666,0.00000599245049671,0.00000552942401555,0.00000402528303312,0.00000467081827082,0.00000718939008948,0.00000368108771909,0.00000297683982353,0.00000120537038129,5.94080404426e-7,1.49091562207e-7,5.20974651863e-7,5.75646659229e-8,6.60608492353e-8,3.5718457525e-8,1.13575939764e-8,1.14272658003e-9,6.91089060978e-11,2.9705331619e-13]},"barkbands_crest":{"dmean":2.41897535324,"dmean2":3.86796355247,"dvar":4.92792654037,"dvar2":12.5155725479,"max":26.7045879364,"mean":9.56467151642,"median":8.65949249268,"min":2.37052226067,"var":15.8011875153},"barkbands_flatness_db":{"dmean":0.0180190205574,"dmean2":0.0261236950755,"dvar":0.000297122751363,"dvar2":0.000615318946075,"max":0.451938211918,"mean":0.145989120007,"median":0.129932433367,"min":0.0310340598226,"var":0.00477438792586},"barkbands_kurtosis":{"dmean":2.3646197319,"dmean2":3.72335219383,"dvar":125.826423645,"dvar2":294.34161377,"max":919.847167969,"mean":4.71479654312,"median":0.82633471489,"min":-1.93958246708,"var":1145.58850098},"barkbands_skewness":{"dmean":0.433873355389,"dmean2":0.655174612999,"dvar":0.276110261679,"dvar2":0.606928110123,"max":28.9375152588,"mean":1.07755756378,"median":0.940204620361,"min":-2.77073860168,"var":2.752389431},"barkbands_spread":{"dmean":4.38310623169,"dmean2":6.53438997269,"dvar":26.0028190613,"dvar2":50.5664367676,"max":110.497695923,"mean":20.4431171417,"median":19.1131267548,"min":0.559108972549,"var":139.920944214},"dissonance":{"dmean":0.0179289188236,"dmean2":0.0299442391843,"dvar":0.000404647289542,"dvar2":0.00111569522414,"max":0.500000059605,"mean":0.459434270859,"median":0.470155239105,"min":0,"var":0.00148452760186},"dynamic_complexity":3.69321036339,"erbbands":{"dmean":[0.0595022402704,0.392309814692,0.912488996983,1.13328659534,3.33667039871,7.20121717453,6.9682674408,6.98897266388,7.83283185959,14.2835645676,17.8674621582,18.8640842438,15.2542924881,19.1344623566,21.0092105865,18.4758205414,27.4934101105,30.6924438477,30.6708679199,24.3178100586,18.2798881531,13.0291051865,11.8854227066,7.50149297714,6.97279310226,7.66132974625,4.01704216003,2.53183507919,2.26191759109,2.07982611656,1.53016495705,0.571073830128,0.487731397152,0.159781485796,0.0558918379247,0.0181329790503,0.0029166508466,0.000366000866052,0.000023902313842,0.00000792314494902],"dmean2":[0.0804674476385,0.61138767004,1.53531861305,1.89893496037,5.44342088699,11.6240644455,10.8910274506,10.4842481613,12.3383588791,21.9174442291,26.8239440918,28.526676178,23.1904907227,29.57771492,33.5160598755,28.0821647644,42.904750824,47.6388549805,48.1225624084,37.6030464172,27.112985611,19.7658615112,18.2605133057,11.6402635574,10.7550649643,11.9697761536,6.23469734192,3.84300780296,3.29625248909,3.11549377441,2.26476073265,0.792147099972,0.686731219292,0.218780100346,0.0763628482819,0.0252781715244,0.00394403282553,0.000503224844579,0.0000326536573994,0.0000107651630969],"dvar":[0.0177353639156,0.615540802479,5.07574319839,5.68962335587,31.548828125,142.693511963,189.260467529,304.755279541,314.124145508,1321.55163574,2453.66113281,2894.92016602,2014.46142578,3600.30004883,3022.88842773,2856.56567383,5679.97998047,8249.59667969,6218.64746094,5601.42333984,4298.31005859,1905.20690918,770.355285645,348.821838379,308.390960693,664.531860352,108.604370117,42.670589447,44.1363334656,28.0131950378,13.9785346985,2.10849046707,1.33971846104,0.1324878335,0.017091460526,0.00164017931093,0.0000491355458507,9.80433469522e-7,3.69664454603e-9,9.7173075142e-11],"dvar2":[0.032548636198,1.37680470943,14.105588913,14.9548158646,79.934715271,359.320404053,423.784973145,604.26574707,738.673156738,3003.91748047,5057.26953125,6898.62255859,4260.00097656,8862.50976562,7638.84033203,6299.63671875,14628.4160156,19772.9199219,15210.9394531,12527.7753906,9245.77539062,3210.36206055,1740.08996582,843.816223145,732.28515625,1653.77783203,252.459701538,95.8036956787,88.1879730225,60.3747024536,31.9519138336,4.32278633118,2.62582421303,0.259152442217,0.0353100039065,0.00335876969621,0.0000968948588707,0.00000207088805837,8.2223641229e-9,1.78673270623e-10],"max":[1.66718745232,9.7172203064,69.0365753174,48.400844574,143.304153442,240.686065674,335.141662598,597.149963379,584.384094238,916.027832031,1330.05383301,1276.23669434,1307.83227539,1608.85266113,1304.78845215,1363.43347168,1381.68164062,3185.40942383,2356.25927734,1925.77282715,2155.0222168,2773.90551758,703.865234375,615.439697266,829.731933594,842.873901367,247.33972168,168.831771851,193.662750244,130.410049438,99.5670089722,57.6167526245,34.3842086792,8.78697776794,2.98787546158,0.937508523464,0.312618941069,0.0470346063375,0.0016164627159,0.000146805890836],"mean":[0.0878408402205,0.641249537468,1.75125265121,1.9768127203,5.57717561722,11.6921863556,13.5514717102,13.9125738144,13.710650444,24.6307296753,29.1617851257,31.8696975708,25.8590583801,33.6242599487,37.5782966614,30.5764923096,47.9318313599,53.1428604126,57.0094604492,42.1632957458,30.8063240051,23.6937904358,21.9446392059,13.8706407547,12.2175779343,12.5529994965,6.64976119995,4.15024757385,3.74079918861,3.34964990616,2.39216685295,1.04728102684,0.761814594269,0.254773914814,0.0876361653209,0.0273938961327,0.00443575251848,0.000554924132302,0.0000453331522294,0.0000277765648207],"median":[0.0232462268323,0.321200966835,0.890513181686,1.1372396946,2.95843076706,5.94057941437,6.61584377289,5.70572662354,6.3815984726,7.16696739197,7.69802093506,7.11451053619,7.5871181488,7.09322929382,7.61122322083,9.5498714447,12.3586387634,19.5530757904,14.9979496002,11.2175760269,10.0223884583,9.32836818695,8.28548812866,4.90196609497,4.70410776138,3.94614505768,2.42577600479,1.52871751785,1.17597174644,1.09189105034,0.793385863304,0.313004374504,0.223777234554,0.0720353648067,0.020717099309,0.00588047131896,0.000765799195506,0.0000850930009619,0.0000204307780223,0.0000230492405535],"min":[1.17174672558e-22,7.6702982969e-22,1.84171763385e-21,6.1804794717e-21,8.59866525211e-21,1.56030820452e-20,2.81996210577e-20,6.64224093176e-20,1.06867431218e-19,1.22288804947e-19,2.25019570545e-19,3.00649908872e-19,5.25288433497e-19,6.54033150481e-19,6.97036099178e-19,1.24219377288e-18,1.34770727746e-18,2.12122382399e-18,2.74668837916e-18,3.18713930788e-18,3.23217350197e-18,4.63111789753e-18,3.54135748492e-18,5.06261335534e-18,6.54110357451e-18,8.27476081468e-18,8.88892008562e-18,1.00479854123e-17,1.06716961377e-17,1.04567590458e-17,1.0648962733e-17,8.5854606061e-18,1.00539560019e-17,7.1058197787e-18,6.66314414773e-18,4.35082237029e-18,2.17728082012e-18,1.01363870315e-18,2.49209692077e-19,2.61751175111e-20],"var":[0.0330684520304,0.949599921703,7.72615909576,8.33457279205,58.0747833252,262.254394531,531.82043457,964.346435547,591.225891113,3115.71264648,5394.84716797,7365.97753906,3761.33813477,7576.40966797,8017.16357422,4975.85546875,10367.8496094,12862.6933594,13831.7910156,10135.5927734,7109.640625,4089.35253906,1580.44970703,725.601074219,611.761535645,1371.95617676,195.482070923,68.1260528564,87.1848144531,54.0465393066,24.7604598999,6.29827260971,2.85460591316,0.280535399914,0.0340128578246,0.00345652154647,0.000119980781164,0.0000022348483526,6.9656707069e-9,4.48269227293e-10]},"erbbands_crest":{"dmean":2.76754283905,"dmean2":4.41835546494,"dvar":7.19195079803,"dvar2":17.9962100983,"max":30.2166461945,"mean":9.73894691467,"median":8.90516090393,"min":2.61261820793,"var":19.4430046082},"erbbands_flatness_db":{"dmean":0.017289545387,"dmean2":0.0238862484694,"dvar":0.000252332247328,"dvar2":0.000475096108858,"max":0.412159413099,"mean":0.18783852458,"median":0.181634306908,"min":0.036815918982,"var":0.00305108679458},"erbbands_kurtosis":{"dmean":0.923574149609,"dmean2":1.45566296577,"dvar":2.04531860352,"dvar2":5.56999015808,"max":58.2231445312,"mean":0.630977809429,"median":-0.018633723259,"min":-1.71979629993,"var":7.24277734756},"erbbands_skewness":{"dmean":0.348393887281,"dmean2":0.526059269905,"dvar":0.101470477879,"dvar2":0.229572027922,"max":4.55316019058,"mean":0.141300782561,"median":0.108440220356,"min":-3.63909649849,"var":0.605654299259},"erbbands_spread":{"dmean":6.09685611725,"dmean2":9.10225772858,"dvar":43.0152282715,"dvar2":92.0079879761,"max":171.907562256,"mean":30.8754501343,"median":29.5166931152,"min":1.33884823322,"var":241.470611572},"gfcc":{"cov":[[28533.6269531,121.191619873,-4507.64013672,1344.1619873,-1620.56945801,927.146911621,-1009.88470459,355.046539307,-330.677337646,195.296173096,-235.950378418,-142.056655884,-169.44442749],[121.191619873,1666.49169922,129.808639526,-354.413604736,197.207763672,-302.222503662,163.496734619,-158.276168823,32.1302604675,-153.228805542,68.4837188721,-83.3368835449,25.4330329895],[-4507.64013672,129.808639526,1450.1048584,-111.121025085,209.362915039,-166.760726929,91.8321151733,-45.3910331726,2.79362893105,22.7478961945,11.8354034424,93.8255004883,-1.82847797871],[1344.1619873,-354.413604736,-111.121025085,549.901306152,-20.9763698578,109.513916016,-123.416900635,33.7815589905,26.7219009399,60.0794410706,-9.49060440063,10.9814004898,1.62872850895],[-1620.56945801,197.207763672,209.362915039,-20.9763698578,366.017120361,-10.7908468246,109.65952301,-27.8797798157,44.355266571,-18.5405521393,13.3885135651,0.722374558449,24.55701828],[927.146911621,-302.222503662,-166.760726929,109.513916016,-10.7908468246,278.506530762,9.20529937744,48.1723480225,-15.2782392502,47.5756988525,3.73471808434,0.985127091408,-19.9626502991],[-1009.88470459,163.496734619,91.8321151733,-123.416900635,109.65952301,9.20529937744,229.370361328,10.5338182449,-0.48693728447,-10.3220291138,26.5938796997,-14.8321113586,11.8364496231],[355.046539307,-158.276168823,-45.3910331726,33.7815589905,-27.8797798157,48.1723480225,10.5338182449,126.283004761,30.5658435822,23.2598552704,-8.20101451874,8.78152370453,-3.84846901894],[-330.677337646,32.1302604675,2.79362893105,26.7219009399,44.355266571,-15.2782392502,-0.48693728447,30.5658435822,120.951316833,13.7405385971,8.79790973663,-15.8757781982,-0.621958374977],[195.296173096,-153.228805542,22.7478961945,60.0794410706,-18.5405521393,47.5756988525,-10.3220291138,23.2598552704,13.7405385971,106.194206238,14.7243032455,12.6059780121,-10.5616197586],[-235.950378418,68.4837188721,11.8354034424,-9.49060440063,13.3885135651,3.73471808434,26.5938796997,-8.20101451874,8.79790973663,14.7243032455,96.7300720215,13.1152629852,4.7313117981],[-142.056655884,-83.3368835449,93.8255004883,10.9814004898,0.722374558449,0.985127091408,-14.8321113586,8.78152370453,-15.8757781982,12.6059780121,13.1152629852,93.8776473999,32.4976959229],[-169.44442749,25.4330329895,-1.82847797871,1.62872850895,24.55701828,-19.9626502991,11.8364496231,-3.84846901894,-0.621958374977,-10.5616197586,4.7313117981,32.4976959229,80.1110916138]],"icov":[[0.000456110545201,-0.00117828836665,0.0011072542984,-0.000906215398572,0.00113771576434,-0.00118849088904,0.00117625435814,-0.00144874618854,0.00145472236909,-0.0012840294512,0.00133479270153,-0.00103365059476,0.000676688214298],[-0.00117828836665,0.00415829429403,-0.00280140619725,0.00265280576423,-0.00323853967711,0.00389710371383,-0.00343647575937,0.00454375846311,-0.00405658269301,0.00414704997092,-0.0042202854529,0.00340335560031,-0.00185648514889],[0.0011072542984,-0.00280140619725,0.00365105341189,-0.00215224036947,0.00224028946832,-0.00217325449921,0.00249494519085,-0.00326858414337,0.00357644399628,-0.00356645486318,0.00344308000058,-0.00376034434885,0.0024841458071],[-0.000906215398572,0.00265280576423,-0.00215224036947,0.00434616953135,-0.00269795442,0.00172714539804,-0.000917686673347,0.0027892049402,-0.00328232371248,0.00187327503227,-0.00283173262142,0.0025030085817,-0.00199608458206],[0.00113771576434,-0.00323853967711,0.00224028946832,-0.00269795442,0.00691539468244,-0.00370853184722,0.00114389974624,-0.00237129372545,0.00175765890162,-0.0025477190502,0.00377536332235,-0.00286401133053,0.000830264179967],[-0.00118849088904,0.00389710371383,-0.00217325449921,0.00172714539804,-0.00370853184722,0.00879557151347,-0.00417190603912,0.00289942556992,-0.00251121656038,0.00222765025683,-0.00410353858024,0.00258458219469,-0.000283418310573],[0.00117625435814,-0.00343647575937,0.00249494519085,-0.000917686673347,0.00114389974624,-0.00417190603912,0.00998467672616,-0.00586218899116,0.00507380859926,-0.00365479569882,0.00181648717262,-0.000449495390058,0.000140031275805],[-0.00144874618854,0.00454375846311,-0.00326858414337,0.0027892049402,-0.00237129372545,0.00289942556992,-0.00586218899116,0.0156588237733,-0.00851149018854,0.00381452101283,-0.00283682299778,0.00134693831205,-0.00151236949023],[0.00145472236909,-0.00405658269301,0.00357644399628,-0.00328232371248,0.00175765890162,-0.00251121656038,0.00507380859926,-0.00851149018854,0.0155717562884,-0.00584296882153,0.00286274473183,-0.000507728196681,0.00157749699429],[-0.0012840294512,0.00414704997092,-0.00356645486318,0.00187327503227,-0.0025477190502,0.00222765025683,-0.00365479569882,0.00381452101283,-0.00584296882153,0.0161417238414,-0.00602629035711,0.00199193716981,-0.000462037365651],[0.00133479270153,-0.0042202854529,0.00344308000058,-0.00283173262142,0.00377536332235,-0.00410353858024,0.00181648717262,-0.00283682299778,0.00286274473183,-0.00602629035711,0.0161401666701,-0.0060820505023,0.00245646131225],[-0.00103365059476,0.00340335560031,-0.00376034434885,0.0025030085817,-0.00286401133053,0.00258458219469,-0.000449495390058,0.00134693831205,-0.000507728196681,0.00199193716981,-0.0060820505023,0.0189175549895,-0.00880657322705],[0.000676688214298,-0.00185648514889,0.0024841458071,-0.00199608458206,0.000830264179967,-0.000283418310573,0.000140031275805,-0.00151236949023,0.00157749699429,-0.000462037365651,0.00245646131225,-0.00880657322705,0.0175608433783]],"mean":[-48.5475234985,117.61113739,-131.546005249,33.6554718018,-54.1638870239,12.1576023102,-37.9243888855,-0.881284415722,-17.2338008881,-1.70268142223,-8.01350212097,-4.99465560913,-5.86261940002]},"hfc":{"dmean":5.94175338745,"dmean2":8.08846569061,"dvar":84.3626861572,"dvar2":156.107254028,"max":184.531311035,"mean":19.0316867828,"median":12.0512933731,"min":1.05727585536e-16,"var":389.731719971},"melbands":{"dmean":[0.000501100497786,0.000454825058114,0.000232351478189,0.000402083271183,0.000243662361754,0.000157845250214,0.000120001823234,0.000165932113305,0.000146643651533,0.000113306305138,0.0000774071449996,0.0000796416716184,0.0000754201319069,0.0000616350298515,0.0000475030756206,0.0000638346100459,0.0000613253214397,0.0000561319757253,0.0000392877882405,0.000031509433029,0.0000220544352487,0.0000148040917338,0.0000131957858684,0.0000108382519102,0.00000610322513239,0.00000434541789218,0.00000644998908683,0.00000523920925843,0.00000286551357931,0.00000200640488401,0.00000137141205414,0.00000140074939736,0.00000117715796932,0.00000129215447942,0.00000110318080715,4.5814385885e-7,3.21955980098e-7,3.70432957197e-7,2.54586723258e-7,1.04126314682e-7],"dmean2":[0.000707422266714,0.000745644792914,0.00038103866973,0.000650378118735,0.00037820142461,0.000237525222474,0.000187881174497,0.00025373545941,0.000221948706894,0.000171591964317,0.000118663090689,0.000123271543998,0.000121441022202,0.000093992712209,0.0000735975554562,0.0000990949411062,0.0000965705476119,0.000089342443971,0.0000622431471129,0.000048289221013,0.0000337163437507,0.0000229364322877,0.0000205937012652,0.0000172170839505,0.00000961933710641,0.00000680085759086,0.0000100187044154,0.00000838546930026,0.00000451971300208,0.00000316282353197,0.00000209836002796,0.00000209741688195,0.00000176862272383,0.00000197515123546,0.00000168265637512,6.66215044021e-7,4.5953481731e-7,5.33779541456e-7,3.63902501022e-7,1.46533892575e-7],"dvar":[0.00000116528235594,9.09734865218e-7,1.84280736448e-7,4.17680837472e-7,1.80688900286e-7,1.34897504722e-7,6.58100063333e-8,1.74545277787e-7,1.65538409647e-7,1.00443244833e-7,5.34068220759e-8,6.44098108182e-8,4.2947018386e-8,3.73485882221e-8,1.77983832117e-8,3.13701633559e-8,3.31010880927e-8,2.36990533864e-8,1.38780471559e-8,1.23652670325e-8,7.01428604089e-9,3.07026426505e-9,9.6093932811e-10,8.22803936096e-10,2.50454268436e-10,1.12995168777e-10,3.29187843651e-10,3.40865141668e-10,6.56457110892e-11,2.87954295825e-11,1.32612219816e-11,1.77130202866e-11,1.40794450751e-11,1.00123269051e-11,8.13411230732e-12,1.44390369886e-12,7.10496494537e-13,8.12610991951e-13,3.74685905132e-13,6.07449203785e-14],"dvar2":[0.0000022244671527,0.00000239206360675,4.80251287627e-7,0.00000105982053356,3.99485600155e-7,2.68839727369e-7,1.53724911911e-7,3.98891017994e-7,3.48289091789e-7,2.3513732117e-7,1.14416828012e-7,1.59451559512e-7,1.12716264766e-7,8.59975770595e-8,4.00082065255e-8,7.74729542741e-8,8.03245185921e-8,5.85362016636e-8,3.37116468074e-8,2.79738312514e-8,1.59250657106e-8,5.18374232428e-9,2.15888418253e-9,2.03120298359e-9,6.18426199139e-10,2.82890821879e-10,7.36986693894e-10,8.85120254868e-10,1.5420126287e-10,7.15011799768e-11,2.92710196359e-11,3.66697748555e-11,2.95959888541e-11,2.35161924655e-11,1.92858749803e-11,3.37082185081e-12,1.41914691804e-12,1.62281950031e-12,7.74032313938e-13,1.2252921117e-13],"max":[0.0132163213566,0.0271158069372,0.00760094774887,0.0108918249607,0.00932114291936,0.0116745699197,0.00748581020162,0.0100645497441,0.00939211063087,0.00719716679305,0.00645794579759,0.0065138200298,0.00502223614603,0.00673449179158,0.00447065709159,0.00421088142321,0.00548277748749,0.00536235654727,0.0034969705157,0.0041891480796,0.00338904792443,0.00375737575814,0.000631421571597,0.000883499858901,0.000499434710946,0.00039191430551,0.000682612939272,0.000511317863129,0.00023508045706,0.000101815501694,0.0000942982005654,0.000120188204164,0.000130578875542,0.0000686373459757,0.0000753092390369,0.0000476111017633,0.0000307839181914,0.0000301836644212,0.0000159360952239,0.00000494406094731],"mean":[0.000795806525275,0.000901640160009,0.000431875057984,0.000656302843709,0.000491033832077,0.000314308708766,0.000210031561437,0.000283713074168,0.000231713012909,0.000186710734852,0.000125441802084,0.00013492560538,0.000129822219606,0.0000939320816542,0.000075570133049,0.000106171799416,0.0000980973200058,0.0000983012505458,0.000063215920818,0.0000472758547403,0.0000343250139849,0.0000239765995502,0.0000227018172154,0.0000182231415238,0.0000104380806079,0.00000725741710994,0.0000103004904304,0.00000797807115305,0.00000442804775957,0.00000299774615087,0.00000217324236473,0.0000021782911972,0.0000018716118575,0.0000019092005914,0.0000015858978486,7.9939616171e-7,5.66022492876e-7,5.67763777326e-7,3.76068214791e-7,1.61643114893e-7],"median":[0.000303605367662,0.00056310731452,0.000261109817075,0.000351650174707,0.00025825103512,0.000133250956424,0.0000942967017181,0.0000766415323596,0.0000548079951841,0.0000374927367375,0.0000322335472447,0.0000271994140348,0.0000216038097278,0.0000246444833465,0.0000212940940401,0.0000276162136288,0.0000325485671056,0.0000212074646697,0.0000173135413206,0.0000110667924673,0.0000105055878521,0.00000892676507647,0.00000842752888275,0.00000585530870012,0.0000035035802739,0.00000289026456812,0.00000339597295351,0.00000224496034207,0.00000146470870277,0.00000109506208901,7.39593133403e-7,6.44105170977e-7,5.62045954666e-7,5.89644230331e-7,4.9734762797e-7,2.46623244493e-7,1.55100948973e-7,1.64365587807e-7,1.04981033644e-7,4.03262063742e-8],"min":[1.40172201211e-24,9.79466561824e-25,1.68040665118e-24,7.25239667645e-25,1.43468919959e-24,1.35841019575e-24,1.82002300128e-24,1.27330896598e-24,1.81745289245e-24,1.66723227964e-24,2.40475825866e-24,2.43537217546e-24,1.79968754765e-24,1.8695877236e-24,2.31290743638e-24,2.29787371968e-24,3.7325478323e-24,3.13095165914e-24,2.90042855605e-24,4.316569565e-24,3.03754046999e-24,3.98835451905e-24,2.87491718881e-24,3.36533939181e-24,3.69178462832e-24,4.33644018234e-24,4.45695091296e-24,4.89911691667e-24,3.95691565097e-24,5.42362224951e-24,5.14885095217e-24,5.3546564793e-24,4.08102634832e-24,4.68146585418e-24,4.93829332694e-24,4.12263087247e-24,5.23467625764e-24,6.01649539599e-24,6.2856578923e-24,5.15990249902e-24],"var":[0.00000212308214032,0.00000149189361309,3.17494794899e-7,7.14247562428e-7,5.47496199488e-7,4.35857458569e-7,1.31995690822e-7,3.98708749572e-7,3.41280781413e-7,2.54189188809e-7,9.92703803604e-8,1.33265828595e-7,1.14897176218e-7,6.70814017667e-8,2.94045321425e-8,5.50034400248e-8,4.91996985374e-8,5.33046922158e-8,2.16386890628e-8,1.78413319674e-8,1.05240873793e-8,6.03970606861e-9,1.9063983725e-9,1.40710898489e-9,4.63004412588e-10,1.962442292e-10,6.83036016635e-10,6.19667039903e-10,1.07569571306e-10,3.72702667339e-11,2.08250968553e-11,3.26059561295e-11,2.49266371433e-11,1.704090688e-11,1.19593614525e-11,3.51731729679e-12,2.0670778457e-12,1.69673010451e-12,6.86539367023e-13,1.19113567751e-13]},"melbands_crest":{"dmean":3.09983968735,"dmean2":4.9302854538,"dvar":8.1315279007,"dvar2":20.864566803,"max":38.525680542,"mean":13.065993309,"median":12.1157913208,"min":1.55199706554,"var":29.2304706573},"melbands_flatness_db":{"dmean":0.0221288632601,"dmean2":0.0321238636971,"dvar":0.000501498638187,"dvar2":0.00104614021257,"max":0.581952154636,"mean":0.207694962621,"median":0.186702251434,"min":0.0026727442164,"var":0.00908378791064},"melbands_kurtosis":{"dmean":4.7599978447,"dmean2":7.44302463531,"dvar":1127.18579102,"dvar2":2927.08105469,"max":2653.45141602,"mean":9.95671844482,"median":3.95507836342,"min":-1.77607405186,"var":1902.67614746},"melbands_skewness":{"dmean":0.55426043272,"dmean2":0.831296622753,"dvar":0.51187723875,"dvar2":1.1363505125,"max":44.8960571289,"mean":1.99738621712,"median":1.80263924599,"min":-1.29142475128,"var":2.8234577179},"melbands_spread":{"dmean":6.41397762299,"dmean2":9.72959423065,"dvar":75.1421813965,"dvar2":158.986282349,"max":207.406784058,"mean":26.6854515076,"median":22.3298492432,"min":0.285919874907,"var":478.790496826},"mfcc":{"cov":[[12805.9746094,-1170.40380859,-1689.84814453,-35.6332931519,-254.426864624,212.717285156,-166.54498291,109.097518921,-64.8313980103,310.879119873,63.8079833984,-9.09735679626,-65.5837554932],[-1170.40380859,1914.5925293,137.954391479,-25.9889984131,14.0718183517,-85.0439071655,78.6124572754,-21.3324127197,0.727836608887,-90.4342727661,-11.8495092392,6.38952636719,-4.57661724091],[-1689.84814453,137.954391479,903.712768555,103.784576416,51.1632766724,-38.6386871338,-6.44791460037,-51.8146438599,-19.194890976,-76.9288253784,-9.49358940125,32.7346153259,28.2446918488],[-35.6332931519,-25.9889984131,103.784576416,362.496704102,118.921218872,33.1067504883,-38.3858108521,-18.8775024414,20.9523468018,-17.0846977234,-4.95702075958,7.21461772919,16.5634651184],[-254.426864624,14.0718183517,51.1632766724,118.921218872,226.466384888,62.5148849487,-19.653345108,15.8060026169,16.7614631653,5.13359212875,-0.353889733553,3.31340932846,11.3643827438],[212.717285156,-85.0439071655,-38.6386871338,33.1067504883,62.5148849487,180.878799438,59.1330871582,9.62423324585,9.4740152359,15.5508527756,11.9147434235,4.1600522995,7.38659715652],[-166.54498291,78.6124572754,-6.44791460037,-38.3858108521,-19.653345108,59.1330871582,179.987182617,36.0618972778,4.92404747009,5.45581102371,-0.362200587988,8.02658843994,10.7606811523],[109.097518921,-21.3324127197,-51.8146438599,-18.8775024414,15.8060026169,9.62423324585,36.0618972778,103.397338867,24.9444446564,12.8206567764,4.83605337143,-2.93925786018,5.90423679352],[-64.8313980103,0.727836608887,-19.194890976,20.9523468018,16.7614631653,9.4740152359,4.92404747009,24.9444446564,103.740005493,24.9995594025,-7.04531764984,-4.19629812241,5.0577249527],[310.879119873,-90.4342727661,-76.9288253784,-17.0846977234,5.13359212875,15.5508527756,5.45581102371,12.8206567764,24.9995594025,115.758499146,33.3176765442,0.342112928629,0.139302536845],[63.8079833984,-11.8495092392,-9.49358940125,-4.95702075958,-0.353889733553,11.9147434235,-0.362200587988,4.83605337143,-7.04531764984,33.3176765442,80.0170440674,27.4745025635,-0.581936120987],[-9.09735679626,6.38952636719,32.7346153259,7.21461772919,3.31340932846,4.1600522995,8.02658843994,-2.93925786018,-4.19629812241,0.342112928629,27.4745025635,86.2207565308,34.5682983398],[-65.5837554932,-4.57661724091,28.2446918488,16.5634651184,11.3643827438,7.38659715652,10.7606811523,5.90423679352,5.0577249527,0.139302536845,-0.581936120987,34.5682983398,78.3887405396]],"icov":[[0.000126334591187,0.0000281977354462,0.00020043553377,-0.000107846441097,0.000230776524404,-0.000214484956814,0.000223565701162,-0.000174843662535,0.00021377907251,-0.000259589607595,0.00014314292639,-0.000147314276546,0.0000798396285973],[0.0000281977354462,0.000602218438871,0.0000281286938844,0.0000623885935056,-0.000226611256949,0.000439297931734,-0.000459470989881,0.000263801630354,-0.000169925653609,0.000467269244837,-0.000224378702114,0.0000140957690746,0.0000723463235772],[0.00020043553377,0.0000281286938844,0.0016128733987,-0.000410949811339,-0.0000012428881746,0.000137035865919,0.000034139437048,0.000381767487852,0.000301767489873,0.00036937056575,-0.00000100006059256,-0.000467938953079,-0.000184927892406],[-0.000107846441097,0.0000623885935056,-0.000410949811339,0.00370980496518,-0.00192039238755,-0.0000793474246166,0.000294386438327,0.000985751161352,-0.0010285860626,0.000897567893844,-0.000311759242322,0.000188390127732,-0.000571787764784],[0.000230776524404,-0.000226611256949,-0.0000012428881746,-0.00192039238755,0.00684566516429,-0.00293275434524,0.0020975258667,-0.00215910119005,0.000463345495518,-0.00122891133651,0.000972278474364,-0.000437249953393,-0.0000830043427413],[-0.000214484956814,0.000439297931734,0.000137035865919,-0.0000793474246166,-0.00293275434524,0.00829131342471,-0.00377492769621,0.00159938912839,-0.000817291962449,0.00068189308513,-0.001707151765,0.000682720565237,-0.000407020415878],[0.000223565701162,-0.000459470989881,0.000034139437048,0.000294386438327,0.0020975258667,-0.00377492769621,0.00822604168206,-0.00323977414519,0.000824074901175,-0.00110585591756,0.00147094612475,-0.00104822998401,-0.000325886940118],[-0.000174843662535,0.000263801630354,0.000381767487852,0.000985751161352,-0.00215910119005,0.00159938912839,-0.00323977414519,0.0124250361696,-0.00310892798007,0.000944732280914,-0.00188896013424,0.00141066208016,-0.0012427327456],[0.00021377907251,-0.000169925653609,0.000301767489873,-0.0010285860626,0.000463345495518,-0.000817291962449,0.000824074901175,-0.00310892798007,0.0117942243814,-0.00360397319309,0.00276134186424,-0.000383210019208,-0.00015665612591],[-0.000259589607595,0.000467269244837,0.00036937056575,0.000897567893844,-0.00122891133651,0.00068189308513,-0.00110585591756,0.000944732280914,-0.00360397319309,0.0124877383932,-0.0059926295653,0.00196523754857,-0.00101888435893],[0.00014314292639,-0.000224378702114,-0.00000100006059256,-0.000311759242322,0.000972278474364,-0.001707151765,0.00147094612475,-0.00188896013424,0.00276134186424,-0.0059926295653,0.0178324617445,-0.00687761185691,0.00313095445745],[-0.000147314276546,0.0000140957690746,-0.000467938953079,0.000188390127732,-0.000437249953393,0.000682720565237,-0.00104822998401,0.00141066208016,-0.000383210019208,0.00196523754857,-0.00687761185691,0.0170467030257,-0.00750410184264],[0.0000798396285973,0.0000723463235772,-0.000184927892406,-0.000571787764784,-0.0000830043427413,-0.000407020415878,-0.000325886940118,-0.0012427327456,-0.00015665612591,-0.00101888435893,0.00313095445745,-0.00750410184264,0.0165484938771]],"mean":[-670.442077637,135.546447754,-10.7561273575,21.4345760345,5.60312986374,9.44749736786,-4.41358947754,0.311577618122,-6.03448820114,2.57449746132,-1.74711930752,-0.273421853781,-2.07467365265]},"pitch_salience":{"dmean":0.0638243928552,"dmean2":0.10077598691,"dvar":0.00334664434195,"dvar2":0.00843974854797,"max":0.870723903179,"mean":0.572005331516,"median":0.576713204384,"min":0.0473465323448,"var":0.0113798845559},"silence_rate_20dB":{"dmean":0,"dmean2":0,"dvar":0,"dvar2":0,"max":1,"mean":1,"median":1,"min":1,"var":0},"silence_rate_30dB":{"dmean":0.00025274863583,"dmean2":0.000505561183672,"dvar":0.000252717931289,"dvar2":0.000505295291077,"max":1,"mean":0.999747276306,"median":1,"min":0,"var":0.000252686004387},"silence_rate_60dB":{"dmean":0.0128901805729,"dmean2":0.0257836189121,"dvar":0.0127255590633,"dvar2":0.0286616738886,"max":1,"mean":0.0756886526942,"median":0,"min":0,"var":0.0699567124248},"spectral_centroid":{"dmean":214.657424927,"dmean2":325.698272705,"dvar":87275.453125,"dvar2":188690.640625,"max":11785.9892578,"mean":1413.4831543,"median":1242.7956543,"min":138.132705688,"var":1897697.375},"spectral_complexity":{"dmean":3.5018324852,"dmean2":5.05889797211,"dvar":17.2220840454,"dvar2":31.7181396484,"max":59,"mean":18.6576957703,"median":17,"min":0,"var":114.965904236},"spectral_contrast_coeffs":{"dmean":[0.0487307868898,0.045706383884,0.0370339974761,0.0301143229008,0.0216049738228,0.0179978236556],"dmean2":[0.0797488167882,0.0734168663621,0.059322219342,0.0480928830802,0.034376963973,0.0280624795705],"dvar":[0.00164566095918,0.0014797069598,0.00106707692612,0.000655057490803,0.000348779314663,0.000311448558932],"dvar2":[0.00432110810652,0.00373795279302,0.0025378128048,0.00155638693832,0.0007996680215,0.000738573027775],"max":[-0.339555382729,-0.400543212891,-0.475834012032,-0.521266222,-0.571360111237,-0.600960016251],"mean":[-0.639172673225,-0.712273061275,-0.760938107967,-0.758354127407,-0.787446796894,-0.761230647564],"median":[-0.639098882675,-0.714246511459,-0.768693327904,-0.75930416584,-0.787639975548,-0.756810903549],"min":[-0.998938083649,-0.983122706413,-0.979678213596,-0.9840695858,-0.967977166176,-0.966069221497],"var":[0.00812293216586,0.00676241982728,0.00650266045704,0.0043640169315,0.00238741794601,0.00245286128484]},"spectral_contrast_valleys":{"dmean":[0.386057347059,0.345120877028,0.323082774878,0.281288534403,0.261256694794,0.310110509396],"dmean2":[0.620162010193,0.549124240875,0.494650125504,0.421582937241,0.363697439432,0.380372941494],"dvar":[0.140081629157,0.115750990808,0.105649918318,0.0890803858638,0.0938229784369,0.123695708811],"dvar2":[0.289145171642,0.239883586764,0.197241052985,0.15642786026,0.151056677103,0.189313575625],"max":[-5.40279340744,-4.86311721802,-4.93768978119,-5.32666397095,-5.44474601746,-8.11659145355],"mean":[-7.74336528778,-7.25097608566,-7.78584766388,-8.04492092133,-8.14971446991,-11.0129880905],"median":[-7.33994960785,-6.845079422,-7.39053821564,-7.58309078217,-7.59000682831,-10.4993095398],"min":[-28.1403656006,-28.0263595581,-27.8630466461,-27.658290863,-27.5586242676,-27.3739910126],"var":[6.94269990921,7.31578445435,7.20330524445,7.39234161377,7.61386632919,6.00074148178]},"spectral_decrease":{"dmean":1.54854218337e-9,"dmean2":2.17224016552e-9,"dvar":3.59713840952e-18,"dvar2":7.02510680325e-18,"max":2.20494182284e-28,"mean":-5.33675370562e-9,"median":-4.49483028575e-9,"min":-3.06011038731e-8,"var":1.56709185068e-17},"spectral_energy":{"dmean":0.00628678780049,"dmean2":0.00877453573048,"dvar":0.0000597209145781,"dvar2":0.000114985530672,"max":0.121653139591,"mean":0.0218683741987,"median":0.0182780530304,"min":9.89652132673e-21,"var":0.000268759613391},"spectral_energyband_high":{"dmean":0.000272692064755,"dmean2":0.000386642757803,"dvar":4.05443870477e-7,"dvar2":8.81177015799e-7,"max":0.0145747847855,"mean":0.000510972284246,"median":0.00019666418666,"min":6.95954547603e-21,"var":8.91285310445e-7},"spectral_energyband_low":{"dmean":0.00230711116455,"dmean2":0.00339315528981,"dvar":0.0000181558552868,"dvar2":0.0000396930663555,"max":0.0924067124724,"mean":0.00483174063265,"median":0.00292586558498,"min":8.83030229149e-24,"var":0.000037815712858},"spectral_energyband_middle_high":{"dmean":0.0025502780918,"dmean2":0.00367504660971,"dvar":0.0000190837326954,"dvar2":0.0000389759334212,"max":0.100816898048,"mean":0.00732501922175,"median":0.00324819330126,"min":1.05280886686e-21,"var":0.0000919181693462},"spectral_energyband_middle_low":{"dmean":0.00346887786873,"dmean2":0.0052275788039,"dvar":0.0000209580975934,"dvar2":0.0000463511823909,"max":0.0717597976327,"mean":0.00948270130903,"median":0.00718212826177,"min":1.32612743582e-22,"var":0.0000697838404449},"spectral_entropy":{"dmean":0.147370308638,"dmean2":0.206285580993,"dvar":0.0228879749775,"dvar2":0.0458128936589,"max":9.824177742,"mean":7.39881038666,"median":7.49547719955,"min":4.44493675232,"var":0.470585107803},"spectral_flux":{"dmean":0.0202084220946,"dmean2":0.030778804794,"dvar":0.000459001399577,"dvar2":0.00100852781907,"max":0.271389752626,"mean":0.0738339796662,"median":0.0667001157999,"min":6.40455327661e-11,"var":0.00210365932435},"spectral_kurtosis":{"dmean":2.88649368286,"dmean2":4.92319965363,"dvar":35.6587905884,"dvar2":107.111175537,"max":238.231750488,"mean":8.53287124634,"median":4.31131267548,"min":-1.27891659737,"var":293.309936523},"spectral_rms":{"dmean":0.000625693297479,"dmean2":0.000858394254465,"dvar":4.38367266042e-7,"dvar2":7.97304267053e-7,"max":0.0108943097293,"mean":0.0042564785108,"median":0.00422282423824,"min":3.10727268568e-12,"var":0.00000321738275488},"spectral_rolloff":{"dmean":331.484527588,"dmean2":541.496520996,"dvar":401981.96875,"dvar2":833633.4375,"max":19638.28125,"mean":1656.89916992,"median":1356.59179688,"min":21.533203125,"var":5712475},"spectral_skewness":{"dmean":0.279900699854,"dmean2":0.459748983383,"dvar":0.117066904902,"dvar2":0.342963755131,"max":11.6959981918,"mean":1.80220663548,"median":1.53458189964,"min":-0.085227958858,"var":1.58828985691},"spectral_spread":{"dmean":427272.46875,"dmean2":603913.375,"dvar":428580241408,"dvar2":899626041344,"max":42718664,"mean":4170024.5,"median":3522246.25,"min":353001.4375,"var":23252407681000},"spectral_strongpeak":{"dmean":0.657750487328,"dmean2":1.10170841217,"dvar":1.2825871706,"dvar2":3.26078104973,"max":17.5183391571,"mean":1.12669742107,"median":0.48759996891,"min":0,"var":2.20849537849},"zerocrossingrate":{"dmean":0.00763009628281,"dmean2":0.00901067722589,"dvar":0.000125280159409,"dvar2":0.000200746901101,"max":0.52685546875,"mean":0.0597928576171,"median":0.0517578125,"min":0,"var":0.00391933973879}},"metadata":{"audio_properties":{"analysis_sample_rate":44100,"bit_rate":0,"codec":"flac","downmix":"mix","equal_loudness":0,"length":183.733337402,"lossless":true,"md5_encoded":"4e6811bc1afd6e8cc4776105d64fa6f3","replay_gain":-7.47866249084,"sample_rate":44100},"tags":{"acoustid_id":["9e4b074d-825b-482e-8876-52baf5eda89a"],"album":["There Are But Four Small Faces"],"albumartist":["Small Faces"],"albumartistsort":["Small Faces"],"artist":["Small Faces"],"artistsort":["Small Faces"],"barcode":["074644789522"],"bpm":["120"],"catalognumber":["AK 47895"],"date":["1991"],"discnumber":["1"],"disctotal":["1"],"file_name":"Small Faces - Here Come the Nice.flac","genre":["Rock; Psychedelic; Pop"],"grouping":["Rock"],"label":["Sony Music"],"media":["CD"],"musicbrainz_albumartistid":["7771a68c-ef6a-400f-978d-64050d45a54c"],"musicbrainz_albumid":["1a5299c4-e56d-4982-aab8-eb264ab487c1"],"musicbrainz_artistid":["7771a68c-ef6a-400f-978d-64050d45a54c"],"musicbrainz_recordingid":["cf3e488c-28fc-4a7f-bd8d-07edcb8f285c"],"musicbrainz_releasegroupid":["39fcfe80-f986-366a-a93a-10de4c1432de"],"musicbrainz_releasetrackid":["42ff96ff-e041-4708-a00e-5d35f42fa05e"],"originaldate":["1967-06"],"originalyear":["1967"],"releasecountry":["US"],"releasestatus":["official"],"releasetype":["album"],"script":["Latn"],"title":["Here Come the Nice"],"totaldiscs":["1"],"totaltracks":["14"],"tracknumber":["10"],"tracktotal":["14"]},"version":{"essentia":"2.1-beta2","essentia_build_sha":"70f2e5ece6736b2c40cc944ad0e695b16b925413","essentia_git_sha":"v2.1_beta2","extractor":"music 1.0"}},"rhythm":{"beats_count":351,"beats_loudness":{"dmean":0.0153051419184,"dmean2":0.0274577699602,"dvar":0.000236381121795,"dvar2":0.000687859603204,"max":0.127791553736,"mean":0.0326841585338,"median":0.0339835993946,"min":0,"var":0.000370026566088},"beats_loudness_band_ratio":{"dmean":[0.24642898