{"lowlevel":{"average_loudness":0.946276605129,"barkbands":{"dmean":[0.00289931939915,0.0134033169597,0.00225244089961,0.00189134583343,0.00144238315988,0.000694600865245,0.000821383902803,0.000708744337317,0.000666432722937,0.000476883433294,0.000545115268324,0.000755483284593,0.000532097241376,0.000505194708239,0.000432890665252,0.000321718951454,0.000411309272749,0.00024906656472,0.000174199129106,0.000190057879081,0.000185433978913,0.000141901444294,0.000153188841068,0.000139108509757,0.000137926967,0.000161777672474,0.0000275917373074],"dmean2":[0.00465068500489,0.0214542150497,0.00416324287653,0.00330959889106,0.0023855920881,0.00112810055725,0.00134974916,0.00118536374066,0.00113855162635,0.000755640328862,0.000867595197633,0.00121588318143,0.000860016094521,0.000821151013952,0.000681718054693,0.000524365575984,0.000683718710206,0.000390770524973,0.000269229436526,0.000293844903354,0.000285168120172,0.000217409789911,0.000230630481383,0.000210015277844,0.000200404785573,0.000239787550527,0.0000407022780564],"dvar":[0.000055899086874,0.000391700683394,0.0000405553437304,0.0000314444150717,0.0000109987613541,0.00000194888525584,0.00000424699237556,0.00000303797014567,0.00000459420562038,0.00000187791761164,0.00000221846380555,0.000004195375368,0.00000187543082575,0.00000153820576543,0.00000103516083527,4.62673142465e-7,7.24167534827e-7,2.10353107377e-7,1.31944517534e-7,1.50583431946e-7,1.80794572202e-7,2.77675468396e-7,2.39651967604e-7,1.61349134942e-7,1.81943065058e-7,1.18642859093e-7,7.31497040718e-9],"dvar2":[0.000130011932924,0.000870847143233,0.000120844561025,0.0000865691690706,0.0000271653370874,0.0000048089059419,0.0000112644502224,0.00000819562319521,0.0000125029109768,0.00000472536657981,0.00000533379261469,0.00000985126553132,0.00000461586887468,0.00000376895354748,0.00000250837933891,0.00000116549551876,0.00000189434990716,4.84722932015e-7,2.94757114716e-7,3.27621052065e-7,3.77184477429e-7,6.10253209743e-7,5.38402503025e-7,3.37025454655e-7,4.52634509429e-7,2.83822458869e-7,1.84058013275e-8],"max":[0.0941460952163,0.20789155364,0.0802374780178,0.0545425228775,0.0557748042047,0.0201394166797,0.0430020131171,0.0372912995517,0.0462349951267,0.033313781023,0.0343192741275,0.0668482929468,0.0371441245079,0.0444022044539,0.0417318679392,0.0141861028969,0.0197094082832,0.00781810563058,0.00950862467289,0.00933686923236,0.0121943717822,0.0242624431849,0.0228880383074,0.0204772427678,0.0218601562083,0.0122399181128,0.0046803234145],"mean":[0.00371116329916,0.0193550474942,0.00185896095354,0.00158367317636,0.00164257967845,0.000925526313949,0.00101392052602,0.000857300881762,0.000688544416334,0.000614706135821,0.000699028780218,0.00100004940759,0.000652809685562,0.000691065506544,0.000680002151057,0.000420049473178,0.000494937528856,0.000336311379215,0.000237686253968,0.000242500187596,0.000221235692152,0.000174567147042,0.000186641918845,0.000170494531631,0.00017630115326,0.000176467117853,0.0000287682141789],"median":[0.000677546369843,0.00821009837091,0.000184276519576,0.000182056159247,0.000411632005125,0.000294597470202,0.000323867367115,0.000266713468591,0.000157950387802,0.000154284934979,0.000140909614856,0.000238823136897,0.000200350012165,0.000228157106903,0.000223662791541,0.000109490647446,0.000135101843625,0.000109431930468,0.0000781539201853,0.0000549867509108,0.0000535316103196,0.0000426589540439,0.00005258123565,0.0000478855909023,0.0000471974162792,0.000044692933443,0.00000399647115046],"min":[1.66534613786e-25,2.58860722301e-24,7.19619921164e-25,1.97159887713e-24,7.59394426056e-24,7.63873183846e-24,2.51048987744e-24,6.44897615994e-24,1.8550570635e-23,8.05628301534e-24,1.67937048238e-23,1.77645527845e-23,1.98566687031e-23,2.55204359894e-23,4.36935982123e-23,6.07139285748e-23,7.11637670378e-23,9.52591952217e-23,1.30157126869e-22,1.64431429262e-22,2.25208504574e-22,3.29669591861e-22,3.80550867813e-22,5.27869215602e-22,8.05634334742e-22,1.29127144633e-21,1.84872221382e-21],"var":[0.000077214812336,0.000735278299544,0.000026764917493,0.0000217905690079,0.0000106071656774,0.00000253807684203,0.00000425757207267,0.00000305205981022,0.00000358877468898,0.00000198383759198,0.00000306708125208,0.00000784601706982,0.00000249133358921,0.00000257402780335,0.00000168294991454,6.58768840367e-7,8.12798532479e-7,3.19459246612e-7,2.121365128e-7,2.47920240781e-7,2.87313980607e-7,3.96708429662e-7,3.778450548e-7,3.85801030234e-7,2.42648610538e-7,1.50820966383e-7,7.16153891744e-9]},"barkbands_crest":{"dmean":3.75783157349,"dmean2":6.17401742935,"dvar":11.4392719269,"dvar2":28.0944194794,"max":26.1881713867,"mean":12.9844636917,"median":12.7671146393,"min":1.85164511204,"var":34.6773109436},"barkbands_flatness_db":{"dmean":0.044499963522,"dmean2":0.063794285059,"dvar":0.0022033250425,"dvar2":0.00435049273074,"max":0.585927605629,"mean":0.150174275041,"median":0.129379540682,"min":0.0132751353085,"var":0.00791139621288},"barkbands_kurtosis":{"dmean":18.4791088104,"dmean2":29.4491004944,"dvar":3305.29638672,"dvar2":7733.51806641,"max":1197.89697266,"mean":21.6545944214,"median":2.3330821991,"min":-1.9260365963,"var":5039.27734375},"barkbands_skewness":{"dmean":1.35115003586,"dmean2":2.0503077507,"dvar":3.8291862011,"dvar2":7.97308397293,"max":29.2845134735,"mean":2.45647859573,"median":1.57304930687,"min":-4.63688325882,"var":10.717880249},"barkbands_spread":{"dmean":11.1976966858,"dmean2":17.4265060425,"dvar":186.132659912,"dvar2":429.501953125,"max":123.498794556,"mean":26.2543182373,"median":23.205827713,"min":0.188843011856,"var":382.408325195},"dissonance":{"dmean":0.0187905710191,"dmean2":0.0313772931695,"dvar":0.000437677139416,"dvar2":0.00112277676817,"max":0.5,"mean":0.469597518444,"median":0.477472901344,"min":0.23198223114,"var":0.000774983025622},"dynamic_complexity":3.74268484116,"erbbands":{"dmean":[0.716395199299,1.80075967312,2.09782981873,5.14779615402,5.5148062706,4.5402674675,4.72262811661,6.05748605728,9.48470115662,13.8932962418,16.6517467499,15.7984247208,14.5696601868,15.7063789368,20.9245624542,33.5288963318,23.8139743805,25.4311923981,23.4523963928,19.8548679352,18.4311580658,20.6224651337,15.0754995346,9.10596179962,8.95067691803,9.24143505096,8.20887851715,6.63830804825,4.69682216644,5.52652978897,3.95799350739,3.49249625206,2.05109453201,1.58064448833,0.939351975918,0.590642571449,0.343588203192,0.0629344433546,0.00407593743876,0.000087716471171],"dmean2":[1.13525974751,2.92919158936,3.69297862053,9.10594749451,9.30966663361,7.49108362198,7.7850651741,9.88611125946,15.7924795151,22.5908966064,28.0539875031,26.8328723907,23.0862312317,25.1932735443,33.2445907593,53.6201553345,38.1253318787,41.0587730408,36.9900054932,30.5256061554,30.2119541168,34.0002059937,23.8689975739,14.0896110535,13.4579401016,14.2829875946,13.2468442917,10.1986293793,7.17332410812,8.48204135895,5.93273878098,5.48295164108,3.03824067116,2.33091235161,1.35534071922,0.869722783566,0.516326844692,0.092549264431,0.00591890048236,0.000124685568153],"dvar":[1.40493941307,7.00764751434,23.9723472595,253.385437012,198.477661133,104.26424408,101.501983643,163.986419678,528.943115234,1233.40686035,1802.2199707,2578.60571289,1813.80712891,1674.37402344,2812.19555664,8881.04394531,3697.80541992,3557.92382813,3710.73120117,1543.64733887,1549.5144043,1832.79211426,780.175292969,314.260620117,376.248901367,368.955200195,323.198394775,326.408294678,511.765411377,255.048797607,195.401367188,84.6944656372,41.0449752808,26.7819461823,7.67423534393,2.46477437019,0.441579014063,0.0253487136215,0.000122524419567,3.47931674582e-8],"dvar2":[2.97827553749,17.6238574982,70.5219573975,711.511901855,512.073364258,262.872467041,251.640533447,418.845733643,1370.67675781,3261.32910156,4932.73974609,6998.15820313,4554.15136719,4162.24658203,6637.75292969,20549.7421875,9063.3671875,8225.33398438,9177.33398438,3455.7565918,3980.43676758,4722.95507813,1818.17321777,716.722473145,806.105895996,812.10357666,737.380371094,663.117126465,1171.06274414,560.082336426,450.09487915,189.492507935,85.6227416992,67.3016281128,18.6332950592,6.25132846832,1.03405976295,0.0607530586421,0.000290368974674,8.07565854188e-8],"max":[12.5745897293,29.7811985016,66.4395523071,160.196151733,172.394943237,174.694732666,138.416656494,205.590179443,413.887481689,781.43572998,926.575683594,1130.65136719,1131.20019531,903.829223633,1775.71166992,3400.32495117,1642.89379883,2439.10009766,2479.78320313,870.517028809,594.707946777,990.270996094,382.855682373,423.780609131,544.284118652,538.166687012,457.456878662,608.752380371,1248.49658203,699.528747559,736.398742676,389.483032227,357.646057129,267.010406494,131.416183472,68.2563934326,15.5333776474,7.23222064972,0.524640738964,0.00802319962531],"mean":[0.950126588345,2.76511764526,2.39935302734,4.28657627106,5.49819660187,5.25365018845,5.83154916763,7.80170536041,12.0855865479,16.86967659,20.4878730774,16.5678749084,18.6125621796,21.3373012543,29.025844574,45.4414367676,31.6546821594,35.6904258728,36.0216178894,32.4940414429,24.2703132629,25.3684139252,20.2796173096,12.7836351395,12.4592895508,11.8939580917,9.13534927368,8.22024154663,5.93668556213,6.50935935974,4.93591451645,3.91467952728,2.63389348984,1.98616158962,1.2060059309,0.686328291893,0.360585987568,0.0670304223895,0.00434561120346,0.00012285952107],"median":[0.317135214806,1.24141764641,0.554508447647,0.552456557751,1.07423424721,1.27052211761,1.54320514202,2.59143400192,4.22087669373,4.5722694397,6.60040855408,4.35405540466,5.15046596527,6.62954759598,8.26305770874,12.2444238663,11.407989502,13.0374622345,13.0395526886,9.01080989838,8.01233673096,7.65277671814,7.10026979446,4.80923080444,3.64703321457,2.730676651,1.94039297104,2.06755208969,1.33743333817,1.82290434837,1.44294691086,1.08426117897,0.681615591049,0.520066738129,0.323027551174,0.181245744228,0.0877938121557,0.011752743274,0.000635789881926,0.000058850600908],"min":[1.52023821048e-22,4.6070188733e-22,1.41809463245e-21,6.56796916004e-21,1.25967159193e-20,2.26996325413e-20,4.67303117794e-20,6.36657071416e-20,8.63331442625e-20,1.48313936195e-19,1.77395965096e-19,4.51327785086e-19,3.8048620212e-19,7.01382209514e-19,9.02980858948e-19,9.44616064503e-19,1.20411761531e-18,1.28598264656e-18,2.76020802589e-18,3.20519604026e-18,4.21464197168e-18,4.22501233502e-18,5.34069576085e-18,5.93392694871e-18,7.56981847151e-18,7.75231023107e-18,8.74104831624e-18,8.64785153098e-18,1.05811248238e-17,9.94586169384e-18,9.7932733406e-18,1.0689059486e-17,1.02760333169e-17,7.69078536429e-18,5.58283510079e-18,4.01270154156e-18,2.16958679966e-18,8.90861215408e-19,2.56754509842e-19,2.63568969131e-20],"var":[2.58798575401,13.1956949234,20.9419803619,168.691452026,164.558044434,105.37412262,119.461143494,197.601760864,591.947265625,1231.44030762,1717.76000977,2008.78796387,1911.83044434,2159.38671875,4519.81542969,15757.3271484,5166.61328125,6377.22558594,5535.26318359,3691.78466797,1850.94628906,2046.66223145,1098.80456543,473.370361328,666.085876465,592.446350098,448.236175537,517.684082031,625.270874023,406.406005859,293.000762939,170.802749634,96.5874328613,33.1693572998,11.5494852066,3.06408405304,0.555951416492,0.0284642856568,0.000139550902531,4.4562074919e-8]},"erbbands_crest":{"dmean":2.98503708839,"dmean2":4.73501443863,"dvar":9.79139614105,"dvar2":21.8217086792,"max":33.5409851074,"mean":9.20217514038,"median":7.77058410645,"min":2.28865885735,"var":26.845746994},"erbbands_flatness_db":{"dmean":0.0268742721528,"dmean2":0.0373764522374,"dvar":0.000700707023498,"dvar2":0.00143402419053,"max":0.368739783764,"mean":0.133234098554,"median":0.120616868138,"min":0.0409300178289,"var":0.00303873885423},"erbbands_kurtosis":{"dmean":1.73545205593,"dmean2":2.74184894562,"dvar":14.198225975,"dvar2":35.3065071106,"max":124.336273193,"mean":1.61842548847,"median":0.275707602501,"min":-1.90901482105,"var":35.4419059753},"erbbands_skewness":{"dmean":0.519337415695,"dmean2":0.790057837963,"dvar":0.319658249617,"dvar2":0.747747004032,"max":8.14392375946,"mean":0.0495457798243,"median":0.0335468798876,"min":-6.66365337372,"var":1.02683877945},"erbbands_spread":{"dmean":13.9396762848,"dmean2":20.8225078583,"dvar":313.843170166,"dvar2":689.394775391,"max":212.787826538,"mean":42.7966156006,"median":35.7340927124,"min":1.29801535606,"var":915.260437012},"gfcc":{"cov":[[26151.3476563,684.161437988,-2314.10205078,76.7369003296,-714.657165527,118.643821716,-656.888183594,563.26751709,-482.774078369,241.191421509,-353.495452881,12.5149431229,-363.343109131],[684.161437988,1913.75769043,-522.103027344,-199.255737305,101.866691589,-187.828216553,-60.9118118286,-102.926956177,14.8883161545,-139.926727295,53.1968917847,-66.9777145386,46.4058799744],[-2314.10205078,-522.103027344,1674.01403809,438.047912598,93.1889266968,208.439361572,129.270629883,-47.0678367615,-7.70518922806,5.88089990616,-37.6435012817,-5.18732786179,0.77831029892],[76.7369003296,-199.255737305,438.047912598,559.3046875,141.862548828,105.410392761,87.0763549805,52.2015304565,20.2325897217,25.9514904022,15.3121538162,1.4108530283,30.8675785065],[-714.657165527,101.866691589,93.1889266968,141.862548828,429.05255127,150.46534729,104.758033752,67.0660858154,102.705863953,39.8961677551,74.8507919312,6.34010982513,50.3813247681],[118.643821716,-187.828216553,208.439361572,105.410392761,150.46534729,327.593261719,147.417297363,100.057319641,75.1524658203,80.8842926025,33.1946716309,48.7219734192,12.1219806671],[-656.888183594,-60.9118118286,129.270629883,87.0763549805,104.758033752,147.417297363,286.450378418,132.648910522,64.7574920654,31.2970142365,73.3901443481,35.8171539307,50.9304847717],[563.26751709,-102.926956177,-47.0678367615,52.2015304565,67.0660858154,100.057319641,132.648910522,242.874145508,94.9198760986,56.3583526611,41.7789306641,40.8190917969,18.4003181458],[-482.774078369,14.8883161545,-7.70518922806,20.2325897217,102.705863953,75.1524658203,64.7574920654,94.9198760986,196.341873169,84.8949356079,46.5981063843,22.6476516724,44.5172386169],[241.191421509,-139.926727295,5.88089990616,25.9514904022,39.8961677551,80.8842926025,31.2970142365,56.3583526611,84.8949356079,142.038864136,63.1484794617,21.2228660583,7.04882097244],[-353.495452881,53.1968917847,-37.6435012817,15.3121538162,74.8507919312,33.1946716309,73.3901443481,41.7789306641,46.5981063843,63.1484794617,140.035003662,52.0609931946,24.3707237244],[12.5149431229,-66.9777145386,-5.18732786179,1.4108530283,6.34010982513,48.7219734192,35.8171539307,40.8190917969,22.6476516724,21.2228660583,52.0609931946,105.81073761,31.2953166962],[-363.343109131,46.4058799744,0.77831029892,30.8675785065,50.3813247681,12.1219806671,50.9304847717,18.4003181458,44.5172386169,7.04882097244,24.3707237244,31.2953166962,99.8493270874]],"icov":[[0.0000991591005004,-0.000124609505292,0.00013937393669,-0.000174904460437,0.000126441897009,-0.000192752690054,0.000288055394776,-0.000470300670713,0.000555898819584,-0.000575651647523,0.000439981464297,-0.000168681683135,0.00010934243619],[-0.000124609505292,0.000927331740968,0.0000100954148365,0.000339161837474,-0.000299803592497,0.000234665407334,-0.000190058897715,0.000836048915517,-0.00119093526155,0.00199339189567,-0.00153921474703,0.00100131938234,-0.000471602921607],[0.00013937393669,0.0000100954148365,0.00111406203359,-0.000865575042553,0.000233017970459,-0.000664904422592,-0.0000108190533865,0.0000693656984367,0.00053749413928,-0.000499178073369,0.000816179031972,-0.00020290914108,0.000377249991288],[-0.000174904460437,0.000339161837474,-0.000865575042553,0.00288061704487,-0.000899179431144,0.000342323648511,-0.00043423086754,0.000169411985553,-0.000377929362003,0.000778487650678,-0.000886681315023,0.000786861986853,-0.000992114190012],[0.000126441897009,-0.000299803592497,0.000233017970459,-0.000899179431144,0.00405924161896,-0.00224490044639,0.000926635344513,-0.000716683862265,-0.000684973085299,0.000944087514654,-0.0020073694177,0.00183874496724,-0.00108824146446],[-0.000192752690054,0.000234665407334,-0.000664904422592,0.000342323648511,-0.00224490044639,0.00687724491581,-0.00348012614995,0.000921851489693,-0.000862723623868,-0.00264722085558,0.00267980038188,-0.00324863288552,0.00192757567856],[0.000288055394776,-0.000190058897715,-0.0000108190533865,-0.00043423086754,0.000926635344513,-0.00348012614995,0.00841885991395,-0.00463129626587,0.00167110248003,0.00141992408317,-0.00336674181744,0.00221621477976,-0.00293314340524],[-0.000470300670713,0.000836048915517,0.0000693656984367,0.000169411985553,-0.000716683862265,0.000921851489693,-0.00463129626587,0.00971104111522,-0.00526261655614,0.00203044479713,-0.00073693000013,-0.00132663839031,0.00146822538227],[0.000555898819584,-0.00119093526155,0.00053749413928,-0.000377929362003,-0.000684973085299,-0.000862723623868,0.00167110248003,-0.00526261655614,0.0128567432985,-0.00875969324261,0.00378379644826,-0.00101358501706,-0.00246278289706],[-0.000575651647523,0.00199339189567,-0.000499178073369,0.000778487650678,0.000944087514654,-0.00264722085558,0.00141992408317,0.00203044479713,-0.00875969324261,0.0195186287165,-0.0112338596955,0.00491187907755,-0.000781439885031],[0.000439981464297,-0.00153921474703,0.000816179031972,-0.000886681315023,-0.0020073694177,0.00267980038188,-0.00336674181744,-0.00073693000013,0.00378379644826,-0.0112338596955,0.0182679463178,-0.008973560296,0.00258464366198],[-0.000168681683135,0.00100131938234,-0.00020290914108,0.000786861986853,0.00183874496724,-0.00324863288552,0.00221621477976,-0.00132663839031,-0.00101358501706,0.00491187907755,-0.008973560296,0.0165435634553,-0.00563001027331],[0.00010934243619,-0.000471602921607,0.000377249991288,-0.000992114190012,-0.00108824146446,0.00192757567856,-0.00293314340524,0.00146822538227,-0.00246278289706,-0.000781439885031,0.00258464366198,-0.00563001027331,0.014763484709]],"mean":[-23.644575119,58.3802833557,-93.3853759766,25.046875,-39.2034111023,27.4104270935,-30.2973861694,15.8727807999,-16.4106044769,15.4580574036,-11.5127773285,10.7303285599,-12.7795133591]},"hfc":{"dmean":13.8733167648,"dmean2":20.0765514374,"dvar":548.198242188,"dvar2":1203.11071777,"max":588.203369141,"mean":23.7913169861,"median":14.8119192123,"min":1.0378235452e-16,"var":969.176452637},"melbands":{"dmean":[0.00488951802254,0.00127386988606,0.000892254931387,0.000359718280379,0.00016476213932,0.000136031856528,0.000151278596604,0.000152157706907,0.000134258298203,0.0000974252543529,0.0000730131287128,0.0000634647731204,0.0000785364100011,0.0000860131331137,0.0000653143724776,0.0000532541780558,0.0000486624849145,0.0000410336797358,0.0000280117455986,0.0000226826196013,0.000024824128559,0.0000232978400163,0.0000178827649506,0.000012288983271,0.00000709277219357,0.00000712518931323,0.00000679648792357,0.00000585719499213,0.00000546378305444,0.00000449536764791,0.00000375805689146,0.00000266304459728,0.00000291031756205,0.00000317831108987,0.00000235996594711,0.0000022597480438,0.00000219596881834,0.00000150710900471,0.00000140353279221,0.000001341319944],"dmean2":[0.00776391057298,0.00211015227251,0.00155185558833,0.000598292623181,0.000269683863735,0.000220841844566,0.000250748969847,0.00024986625067,0.000227398893912,0.000165695470059,0.000115832655865,0.000102151425381,0.000123848934891,0.000137148614158,0.000104500351881,0.0000868210117915,0.0000789854384493,0.0000654014365864,0.0000437644448539,0.0000352905226464,0.0000413526067859,0.0000387608633901,0.0000291349970212,0.0000193579580809,0.0000111776116682,0.000011058608834,0.0000104490300146,0.00000917698253033,0.00000898109283298,0.00000702159832144,0.00000583924929742,0.00000412786539528,0.00000451048617833,0.00000488689192935,0.0000035435684822,0.00000360414219358,0.00000346646720573,0.0000022554311272,0.00000213082330447,0.00000199908936338],"dvar":[0.0000592406686337,0.00000433848344983,0.00000698347912476,7.29061184757e-7,1.1629433061e-7,7.75216264515e-8,1.36695575748e-7,1.45748401792e-7,1.20842898355e-7,1.02059104279e-7,4.72638781446e-8,2.80397856045e-8,4.13641636499e-8,5.78578074339e-8,2.61530086476e-8,1.92769231688e-8,1.38145548334e-8,1.18577201391e-8,3.3373377395e-9,2.02970729113e-9,3.14781578581e-9,2.39139152924e-9,1.30619559613e-9,6.27751350901e-10,2.11450412735e-10,2.57641602497e-10,2.44818137984e-10,1.47180045929e-10,1.40579076158e-10,1.38834443941e-10,1.23555887743e-10,2.10982634141e-10,7.06304806308e-11,9.82972800379e-11,9.05435171283e-11,3.79915335302e-11,3.43613644482e-11,2.44790576698e-11,1.6925183477e-11,2.21993274457e-11],"dvar2":[0.000126316997921,0.0000113705227704,0.0000194161657419,0.00000181530299415,2.89916187057e-7,1.94665560116e-7,3.57445458121e-7,3.86617699633e-7,3.32947962534e-7,2.77622518752e-7,1.18691460216e-7,6.97739253042e-8,9.65751993931e-8,1.34594429824e-7,6.28414653647e-8,4.8448924872e-8,3.29010525491e-8,2.97368014657e-8,7.98179566885e-9,4.51605863816e-9,8.19216872117e-9,6.2284972735e-9,3.20500759265e-9,1.51154433414e-9,4.96114260784e-10,5.87524418005e-10,5.42137224002e-10,3.29820420975e-10,3.30334759546e-10,3.14226700215e-10,2.68684158256e-10,4.86511830822e-10,1.57039950488e-10,2.22196108735e-10,2.16129600328e-10,8.69952582194e-11,7.95067414683e-11,4.97951298251e-11,4.00761472619e-11,5.73057087894e-11],"max":[0.0805291905999,0.0246795695275,0.0269297454506,0.0150056118146,0.0049442043528,0.00424920395017,0.0062990472652,0.00764535367489,0.00698669953272,0.00715308869258,0.00560173485428,0.00334400590509,0.00474575301632,0.00745724327862,0.004551357124,0.00436439504847,0.00433036545292,0.00411030696705,0.00174962426536,0.00135604070965,0.000770880200434,0.0011711063562,0.000455925764982,0.000613923184574,0.000336301774951,0.000492957187817,0.000485508673592,0.000318241014611,0.000264925824013,0.000436835049186,0.000388469110476,0.000820700020995,0.00028159309295,0.000473163643619,0.000531108584255,0.000226392177865,0.000263956491835,0.000303372886265,0.000162247582921,0.000258573127212],"mean":[0.00683249766007,0.00202971533872,0.000778789340984,0.000396099610953,0.000206009994145,0.000179592927452,0.000192219595192,0.000182087271241,0.000161385556567,0.0000991862689261,0.0000922653780435,0.0000835628306959,0.000100882112747,0.000114573274914,0.0000865365000209,0.0000664425970172,0.0000653337556287,0.0000587863723922,0.000045106629841,0.0000348919238604,0.0000290978223347,0.0000280337717413,0.0000210002945096,0.0000165138299053,0.00000931126578507,0.00000935366006161,0.00000895394623512,0.00000729908470021,0.00000564813262827,0.00000536278412255,0.00000448688206234,0.00000327198472405,0.00000341470445164,0.00000371462465409,0.00000299655266645,0.00000241301086135,0.00000241420525526,0.00000191339609046,0.0000017061993276,0.00000165696246768],"median":[0.00272112735547,0.000867739319801,0.000123178542708,0.0000904263870325,0.0000559939944651,0.0000601698629907,0.0000673625763739,0.0000509578821948,0.0000510232093802,0.0000227089403779,0.0000233574846789,0.0000241277084569,0.0000215114741877,0.0000261539171333,0.0000266489623755,0.0000221303671424,0.0000212564591493,0.0000184243581316,0.0000144887562783,0.00000842261579237,0.00000801695750852,0.00000739223287383,0.00000585267025599,0.00000494360210723,0.00000314582484862,0.00000254933706856,0.00000210502912523,0.00000151481367539,9.99296389637e-7,0.00000123523022921,0.00000112235557026,6.36117761132e-7,8.74106603987e-7,0.00000102050057649,9.11188237751e-7,5.7365525663e-7,6.5437336616e-7,4.85728946842e-7,4.20505358534e-7,4.20841473669e-7],"min":[2.17466153489e-24,9.68267103553e-25,1.3239149847e-24,1.27975415679e-24,1.95127269261e-24,1.57863777656e-24,1.54776974795e-24,1.625030785e-24,1.40776794069e-24,2.44696172545e-24,1.39665732788e-24,2.01683650017e-24,2.16333309786e-24,2.65625914538e-24,2.39578141599e-24,2.07843292902e-24,2.25491767959e-24,3.19665864495e-24,3.82675005173e-24,4.19150276823e-24,3.32316885997e-24,3.72232932257e-24,5.08883993652e-24,4.54038202559e-24,3.9951071684e-24,5.53835220741e-24,4.19006191378e-24,4.49595929586e-24,4.34017622759e-24,4.71287435112e-24,4.6361655167e-24,5.20727832954e-24,5.3513976949e-24,5.08674906069e-24,4.51191124666e-24,5.7659882768e-24,5.38919044315e-24,6.03186674516e-24,5.45157356353e-24,5.57461180449e-24],"var":[0.000110398992547,0.00000728522809368,0.00000483453504785,6.77850323427e-7,1.34740275826e-7,9.84650156965e-8,1.46340184415e-7,1.41180976243e-7,1.10532148767e-7,7.79824915753e-8,4.93922946987e-8,3.50153612771e-8,5.96287250687e-8,1.11842396677e-7,4.06401952091e-8,2.34526176257e-8,2.36888748617e-8,1.72986069913e-8,6.71830679977e-9,4.69769378952e-9,3.31188454439e-9,2.69193156655e-9,1.52084178584e-9,9.33350174925e-10,2.88790269476e-10,4.14405648685e-10,3.75519726425e-10,2.31362401459e-10,1.80839621056e-10,1.93152480121e-10,1.8033459448e-10,2.44654463355e-10,1.09881291566e-10,1.46434780968e-10,1.21094773098e-10,6.38987404655e-11,6.9192082619e-11,6.26085711053e-11,2.63751052249e-11,2.46206856985e-11]},"melbands_crest":{"dmean":5.06733942032,"dmean2":8.20927810669,"dvar":25.2738113403,"dvar2":59.1175422668,"max":39.4289283752,"mean":20.5702705383,"median":19.6365356445,"min":1.54273879528,"var":91.3239822388},"melbands_flatness_db":{"dmean":0.0529977232218,"dmean2":0.0765406340361,"dvar":0.00298461318016,"dvar2":0.00601022224873,"max":0.738315582275,"mean":0.229920655489,"median":0.212379187346,"min":0.00301052187569,"var":0.0123013742268},"melbands_kurtosis":{"dmean":69.7326965332,"dmean2":108.038955688,"dvar":66030.4921875,"dvar2":142313.640625,"max":7133.50146484,"mean":89.2162246704,"median":9.88876914978,"min":-1.90443134308,"var":110024.9375},"melbands_skewness":{"dmean":2.17322540283,"dmean2":3.28538107872,"dvar":13.9651260376,"dvar2":28.4174022675,"max":63.6914138794,"mean":4.71063327789,"median":2.88709807396,"min":-3.4760184288,"var":37.9466438293},"melbands_spread":{"dmean":12.2899608612,"dmean2":19.3467216492,"dvar":312.994415283,"dvar2":696.309936523,"max":256.03817749,"mean":26.7863082886,"median":19.3590717316,"min":0.0405564121902,"var":899.861022949},"mfcc":{"cov":[[13678.7871094,653.003234863,-1326.40087891,-110.238761902,-207.538406372,-516.282043457,-67.2692871094,-109.992355347,31.8311367035,2.15982437134,-6.14638757706,72.99243927,-112.466758728],[653.003234863,1739.78186035,-405.591217041,-98.6713790894,19.6678638458,-77.4512405396,-85.8884963989,-14.7884836197,-86.7145233154,-49.743598938,-5.78632688522,-69.6887130737,-36.8254013062],[-1326.40087891,-405.591217041,1312.00183105,271.610137939,112.90322876,210.591369629,123.214683533,39.7093963623,45.1905479431,13.6353139877,-38.2151641846,-2.4516146183,0.530035614967],[-110.238761902,-98.6713790894,271.610137939,423.098846436,142.375671387,61.7685317993,87.4494934082,39.8560066223,35.7734718323,21.1744728088,-15.9276914597,6.21681451797,21.4726734161],[-207.538406372,19.6678638458,112.90322876,142.375671387,337.490356445,148.954864502,52.3602371216,37.1146507263,48.2182273865,68.5388565063,34.1667366028,15.8702745438,39.2980079651],[-516.282043457,-77.4512405396,210.591369629,61.7685317993,148.954864502,270.411743164,104.312149048,49.2588195801,54.7040061951,46.133972168,39.4735679626,39.3753967285,35.7330856323],[-67.2692871094,-85.8884963989,123.214683533,87.4494934082,52.3602371216,104.312149048,239.013000488,104.895263672,54.2011222839,39.3777160645,36.651348114,53.635723114,30.9651889801],[-109.992355347,-14.7884836197,39.7093963623,39.8560066223,37.1146507263,49.2588195801,104.895263672,204.096786499,92.6384735107,45.9697952271,46.4681549072,42.2678146362,33.2991065979],[31.8311367035,-86.7145233154,45.1905479431,35.7734718323,48.2182273865,54.7040061951,54.2011222839,92.6384735107,178.490234375,85.1289672852,33.7098083496,29.8634910583,32.1332359314],[2.15982437134,-49.743598938,13.6353139877,21.1744728088,68.5388565063,46.133972168,39.3777160645,45.9697952271,85.1289672852,156.41519165,67.5304260254,21.5677547455,45.3026046753],[-6.14638757706,-5.78632688522,-38.2151641846,-15.9276914597,34.1667366028,39.4735679626,36.651348114,46.4681549072,33.7098083496,67.5304260254,133.911468506,81.2457046509,34.3675880432],[72.99243927,-69.6887130737,-2.4516146183,6.21681451797,15.8702745438,39.3753967285,53.635723114,42.2678146362,29.8634910583,21.5677547455,81.2457046509,140.375213623,49.6453361511],[-112.466758728,-36.8254013062,0.530035614967,21.4726734161,39.2980079651,35.7330856323,30.9651889801,33.2991065979,32.1332359314,45.3026046753,34.3675880432,49.6453361511,103.208686829]],"icov":[[0.000089881272288,-0.0000233943155763,0.0000774880900281,-0.000032664189348,-0.0000137873785206,0.000155015863129,-0.0000786874079495,0.0000898302023415,-0.0000905432098079,-0.0000680392986396,0.0000917106517591,-0.000171683088411,0.000152299064212],[-0.0000233943155763,0.000670011388138,0.000167424033862,0.0000571832642891,-0.000201002170797,-0.0000112885009003,0.000119404263387,-0.000246855837759,0.000295438076137,0.000217049004277,-0.000274804362562,0.000459731731098,0.000008190765584],[0.0000774880900281,0.000167424033862,0.0011376690818,-0.000600975065026,0.000165381963598,-0.000692999747116,-0.000109947017336,0.0000160022573255,0.00000317023295793,-0.000116442417493,0.000458523398265,-0.0000907016656129,0.000409221189329],[-0.000032664189348,0.0000571832642891,-0.000600975065026,0.00339861423708,-0.00149847439025,0.000806106312666,-0.000964905600995,-0.0000460225273855,-0.000160684241564,0.000155410671141,0.000772851868533,-0.000103295591543,-0.000349227979314],[-0.0000137873785206,-0.000201002170797,0.000165381963598,-0.00149847439025,0.00488981697708,-0.00257035042159,0.000666984298732,-0.0000950754110818,0.000155194822582,-0.00125379895326,-0.000326779525494,0.000452696986031,-0.00052413350204],[0.000155015863129,-0.0000112885009003,-0.000692999747116,0.000806106312666,-0.00257035042159,0.00683808093891,-0.00220731599256,0.000699466036167,-0.00105458975304,0.000446907797595,-0.000689460313879,-0.000440347066615,-0.000377910793759],[-0.0000786874079495,0.000119404263387,-0.000109947017336,-0.000964905600995,0.000666984298732,-0.00220731599256,0.00692789023742,-0.00296927127056,0.00072645675391,-0.000824842602015,0.000553295423742,-0.00149334210437,0.000217855951632],[0.0000898302023415,-0.000246855837759,0.0000160022573255,-0.0000460225273855,-0.0000950754110818,0.000699466036167,-0.00296927127056,0.00827309768647,-0.0038053940516,0.00112215464469,-0.00180595985148,0.000254142243648,-0.000793691142462],[-0.0000905432098079,0.000295438076137,0.00000317023295793,-0.000160684241564,0.000155194822582,-0.00105458975304,0.00072645675391,-0.0038053940516,0.00995338801295,-0.00495443772525,0.00210418901406,-0.00136355240829,0.000387020612834],[-0.0000680392986396,0.000217049004277,-0.000116442417493,0.000155410671141,-0.00125379895326,0.000446907797595,-0.000824842602015,0.00112215464469,-0.00495443772525,0.0130003048107,-0.00714433146641,0.00468396162614,-0.00385826523416],[0.0000917106517591,-0.000274804362562,0.000458523398265,0.000772851868533,-0.000326779525494,-0.000689460313879,0.000553295423742,-0.00180595985148,0.00210418901406,-0.00714433146641,0.016680309549,-0.00937902089208,0.00205645244569],[-0.000171683088411,0.000459731731098,-0.0000907016656129,-0.000103295591543,0.000452696986031,-0.000440347066615,-0.00149334210437,0.000254142243648,-0.00136355240829,0.00468396162614,-0.00937902089208,0.0148935066536,-0.00532734300941],[0.000152299064212,0.000008190765584,0.000409221189329,-0.000349227979314,-0.00052413350204,-0.000377910793759,0.000217855951632,-0.000793691142462,0.000387020612834,-0.00385826523416,0.00205645244569,-0.00532734300941,0.0139005007222]],"mean":[-670.93572998,102.908424377,7.55007982254,13.9539518356,15.0726261139,15.7544107437,5.56748437881,8.13869476318,3.32922077179,6.88700819016,6.9260802269,7.84399318695,6.59765005112]},"pitch_salience":{"dmean":0.109406106174,"dmean2":0.168154045939,"dvar":0.0114440862089,"dvar2":0.0252028983086,"max":0.998596549034,"mean":0.445017307997,"median":0.457638442516,"min":0.0158068165183,"var":0.0422853752971},"silence_rate_20dB":{"dmean":0,"dmean2":0,"dvar":0,"dvar2":0,"max":1,"mean":1,"median":1,"min":1,"var":0},"silence_rate_30dB":{"dmean":0.0606679618359,"dmean2":0.121348313987,"dvar":0.056989736855,"dvar2":0.140132769942,"max":1,"mean":0.946793317795,"median":1,"min":0,"var":0.0503813698888},"silence_rate_60dB":{"dmean":0.0339086912572,"dmean2":0.0678243115544,"dvar":0.0327596254647,"dvar2":0.0730252787471,"max":1,"mean":0.102328434587,"median":0,"min":0,"var":0.0918606519699},"spectral_centroid":{"dmean":393.781524658,"dmean2":581.444396973,"dvar":221620.703125,"dvar2":455217.46875,"max":11643.7705078,"mean":1732.45361328,"median":1557.47900391,"min":97.9310531616,"var":1703157.625},"spectral_complexity":{"dmean":5.69237041473,"dmean2":8.14647579193,"dvar":47.7769813538,"dvar2":83.3586959839,"max":60,"mean":16.9773292542,"median":15,"min":0,"var":159.010818481},"spectral_contrast_coeffs":{"dmean":[0.0574271678925,0.0494794473052,0.0441715829074,0.0389836654067,0.0309893265367,0.0217344239354],"dmean2":[0.0946827307343,0.0799415633082,0.0693650618196,0.060505528003,0.047668479383,0.033257830888],"dvar":[0.00265938183293,0.00177796371281,0.0014703348279,0.00110660702921,0.000702574732713,0.000369633344235],"dvar2":[0.00684199109674,0.00442999694496,0.00342055596411,0.00250428565778,0.00157616729848,0.000841646688059],"max":[-0.343475669622,-0.397953718901,-0.419698655605,-0.481434434652,-0.556788921356,-0.561158835888],"mean":[-0.712559461594,-0.759580850601,-0.777380049229,-0.77527576685,-0.78822863102,-0.78851121664],"median":[-0.725181698799,-0.763972759247,-0.784500598907,-0.776949882507,-0.789915144444,-0.794205248356],"min":[-0.984767794609,-0.996923029423,-0.997841119766,-0.992384910583,-0.981291055679,-0.981859028339],"var":[0.00887846481055,0.00651249289513,0.00634159846231,0.00484049227089,0.00339891039766,0.00212064571679]},"spectral_contrast_valleys":{"dmean":[0.548238515854,0.603484511375,0.582269310951,0.559625267982,0.576159179211,0.605079650879],"dmean2":[0.837103784084,0.899390399456,0.848734974861,0.786537528038,0.759552955627,0.733795464039],"dvar":[0.292240232229,0.382146894932,0.354896336794,0.32247120142,0.335695296526,0.308067500591],"dvar2":[0.557390332222,0.776847422123,0.720219194889,0.630289018154,0.656325638294,0.658790946007],"max":[-5.07067298889,-4.14635419846,-4.81494474411,-5.40189695358,-5.30317020416,-6.67629623413],"mean":[-7.61988401413,-7.40529441833,-7.88395500183,-8.08052635193,-8.15328884125,-10.1496953964],"median":[-7.19967508316,-6.9959359169,-7.51648902893,-7.69706630707,-7.82792329788,-9.80805587769],"min":[-28.027141571,-28.2435321808,-27.96276474,-27.9004116058,-27.4962730408,-27.4227294922],"var":[6.15767145157,6.23347139359,5.92639541626,5.83630657196,5.72813606262,4.90615367889]},"spectral_decrease":{"dmean":5.42517364366e-9,"dmean2":8.5246574244e-9,"dvar":5.33673141505e-17,"dvar2":1.12584720908e-16,"max":3.00160286192e-16,"mean":-9.71917124559e-9,"median":-6.58453291891e-9,"min":-6.97212527712e-8,"var":1.02271598467e-16},"spectral_energy":{"dmean":0.021260458976,"dmean2":0.0331903994083,"dvar":0.000791930011474,"dvar2":0.00166891177651,"max":0.264453500509,"mean":0.0388402566314,"median":0.0272180270404,"min":9.95683765679e-21,"var":0.00153055111878},"spectral_energyband_high":{"dmean":0.000958090939093,"dmean2":0.00139427033719,"dvar":0.00000477963476442,"dvar2":0.0000101322229966,"max":0.0660026818514,"mean":0.00123945262749,"median":0.000373530143406,"min":6.80593464354e-21,"var":0.00000890673163667},"spectral_energyband_low":{"dmean":0.0165184885263,"dmean2":0.026195300743,"dvar":0.000607820751611,"dvar2":0.00127349758986,"max":0.251799732447,"mean":0.0255095977336,"median":0.0129394596443,"min":2.15965882043e-23,"var":0.00117996206973},"spectral_energyband_middle_high":{"dmean":0.00312284845859,"dmean2":0.00481228623539,"dvar":0.0000296874131891,"dvar2":0.0000678920987411,"max":0.0760667994618,"mean":0.00587226822972,"median":0.0035489811562,"min":1.14829986097e-21,"var":0.0000556491577299},"spectral_energyband_middle_low":{"dmean":0.0052863266319,"dmean2":0.00850270874798,"dvar":0.000137099908898,"dvar2":0.000338448939146,"max":0.11414925009,"mean":0.00692915916443,"median":0.00331935938448,"min":1.53277693368e-22,"var":0.000134029600304},"spectral_entropy":{"dmean":0.251471281052,"dmean2":0.343687623739,"dvar":0.0645353272557,"dvar2":0.137239024043,"max":9.82363414764,"mean":7.79919099808,"median":7.82930088043,"min":4.57023572922,"var":0.308948785067},"spectral_flux":{"dmean":0.0429348833859,"dmean2":0.0659798756242,"dvar":0.00247656553984,"dvar2":0.00556652341038,"max":0.420927673578,"mean":0.103871293366,"median":0.09079503268,"min":6.3166472053e-11,"var":0.00477754464373},"spectral_kurtosis":{"dmean":1.94168674946,"dmean2":2.97042584419,"dvar":8.21816444397,"dvar2":20.7843933105,"max":73.8040924072,"mean":4.59340190887,"median":3.69328379631,"min":-1.36732721329,"var":19.7318172455},"spectral_rms":{"dmean":0.001568208565,"dmean2":0.00238338136114,"dvar":0.00000292940876534,"dvar2":0.0000059746671468,"max":0.0160624850541,"mean":0.00538137089461,"median":0.00515307392925,"min":3.11672714547e-12,"var":0.00000893393280421},"spectral_rolloff":{"dmean":926.232788086,"dmean2":1533.30200195,"dvar":2873476.5,"dvar2":6260509.5,"max":19530.6152344,"mean":1901.49938965,"median":1119.7265625,"min":43.06640625,"var":9342696},"spectral_skewness":{"dmean":0.2963719666,"dmean2":0.440414220095,"dvar":0.105688564479,"dvar2":0.245881602168,"max":7.33500623703,"mean":1.6361219883,"median":1.59555768967,"min":-0.132234573364,"var":0.382357299328},"spectral_spread":{"dmean":1130020.375,"dmean2":1602852.125,"dvar":1433760825340,"dvar2":2911979175940,"max":42625156,"mean":6414396.5,"median":5553211,"min":1060039.125,"var":19625972596700},"spectral_strongpeak":{"dmean":0.392723202705,"dmean2":0.668712794781,"dvar":0.79877781868,"dvar2":2.13709235191,"max":17.5061950684,"mean":0.572331249714,"median":0.30345261097,"min":0,"var":0.918889284134},"zerocrossingrate":{"dmean":0.0204715076834,"dmean2":0.0236543584615,"dvar":0.000567674927879,"dvar2":0.000668811495416,"max":0.6220703125,"mean":0.0755863040686,"median":0.0576171875,"min":0.00146484375,"var":0.00580498669297}},"metadata":{"audio_properties":{"analysis_sample_rate":44100,"bit_rate":188238,"codec":"mp3","downmix":"mix","equal_loudness":0,"length":227.343673706,"lossless":false,"md5_encoded":"e3d7e01cdf63fdec44e557d59bb16562","replay_gain":-2.01681900024,"sample_rate":44100},"tags":{"acoustid_fingerprint":["AQADtEwzSVooNM-O7_iI44nwBz0N8Tz8BSdObOFyvJmxB7UOfcmn4UmOP0TzCdOP_Ic-IXa2oRTc6HC-CuEa6fAIPesQLz6-XKiVhciPJlt2cB9DXAouNJuNsBx6Hs0k5JnBJC7kaA9SSqioA-URUzya4avwtkPzQpNzSDOP5kGvCxqaCl9kFM0YHprlodl8ZFREGrmOh0f5o_mIbw_0w9qLf4LE62jyEy13ZDmah2ijw07gSJLwLkb6ENovnEqG_Bcahzk-xMuO8MebNYj1Qfti_EOI98GDxsUTLYZzpI90aMelHrl8NGNGIqYONW9RlvhyXNKJHkySKTx0uMeXHBSDMy0ghkkqId-Lk8ihdTcaZsbLIz-c4weY_MYVCQ3yg3uh5ceV0YjWHGeOH7-F80EYRbpwG19maIl01MKZeZiUy4OW50EYRiR64VQ2NEe7jGjHo3lwOUKS5UIeTfgp4n7wRNnxhB32H3GqI1niSCit40_xX-iN5olx58SYJcKbHGFO9IZGL4eWJcOnTME_o8mLzhqesRku5fgxpQoRrg9-vKgUJRcuJUgPHbk0D5MVJcYVBU-khCh5oeGOS8H7IpeGJErSKEclEc8PvmnQG42TKMSY4vpxG9tv_MKZCs2WzGhDcTgRJs4MKeSNfJFMPLrQj0RTScezGKUQ5he0J0PTisPR3XAfOE2yE2KPHvmyC6UkIYwTGtehKd0RJj8uPLPB6gp6o7mU4R_e7HgeCw6NI7tToWkSHe30QdUbolFzlEeeRAuFS8e9wGc4PExkxMvxHboyeE8F_R4uHvnh5zgLf_iCnFCNvElxB5fQqh7OEz_sUBRqZ8ePZ9LxUYWLWyKew0uUSRKe6HiuIMyhnZORJ-KDL4mFH01MD-WSjEKeQ82R5sLj4_TwYMrRZog1B2IyBn0Q5vjxP3hOXBGmo7nw4NGRkx6qjxN24oG27UPp446O-IfPo9IuPA_OwNnxDU9koRn7oA-a3kGPJvoRVglU0QhNHY8UoleHS_nQ6Qjj5CHaOEWTo9kx_cFxMTmoMdGhxQifKMGJr0I35TiP5-BrXMkRnxA18Qh_485xww9y5YOerAhzVGICJtXRMbiYB-aLT0hu5AOv5UUZRWgiCU8D7xaekcSVIz-hOkiTacGjCX8aPGi8HRU1D0-Dy2FgV8WPPMa3Q0umootKSbhzlGhIhsYl8TiahMlK9GmRT-hx8mAqfUOvoone42jOC1l09KlgK0LtQ3pCZHuOn8RPXFuKK8H1ohdcbkXlIO_wF1r2QnuPi0G7lEO6x8T0SUIoh0UzZdAzFudyhA-FZkyUHLnYDFeTQ54SHemZYnQUHPmhfcgTrUOVqIlxi0TJHA0jPviSPPiR1D3SpFFwEY9cPEE_HU2oJcczBb_RN0bTGz_yEQ2To3wm4Wk-nPCkEI8iGXrRy2hE8ciPB1eOkgcTKsnxDj_6I0t-_Cka93gOKa4IPkecE_-C67hqnC7qCy6VFZWX4w3ip9D-oBn02DjLodnTGLuHWx0abYScJMqKczl-UkgVMkSuRA2uJtAlvUjVDF_SYXzwHP2QLyc0JzUukQhnHU1-4cvx5MFnfJwQ6jqa2ZAbHfkSNcNXNFN6uMvQC-HCSGgOPUpW