{"lowlevel":{"average_loudness":0.780101239681,"barkbands":{"dmean":[0.00795105099678,0.00795705895871,0.000693405454513,0.00125291012228,0.00332806259394,0.00153485289775,0.000521254201885,0.000395484617911,0.000492918887176,0.000479302951135,0.000183164098416,0.000142473800224,0.0000716658323654,0.0000941768958,0.0000800146517577,0.0000260873821389,0.0000103485317595,0.00000915467444429,0.0000123840864035,0.00000828022257338,0.0000051784995776,0.00000349997276317,0.00000249004028774,0.00000228954149861,0.0000021912894681,0.00000216945568354,0.00000479465052194],"dmean2":[0.0120149618015,0.0128035331145,0.00113372120541,0.00207920302637,0.00490882480517,0.002330531599,0.000824147602543,0.000625550397672,0.000771202496253,0.000750839943066,0.000295912992442,0.000227003547479,0.000116363422421,0.000151847358211,0.000129009829834,0.0000413618217863,0.0000164966822922,0.0000145372614497,0.0000183954143722,0.0000128938536363,0.00000834909496916,0.0000057874626691,0.00000421651066063,0.00000389706247006,0.00000373466400561,0.00000368863175026,0.0000073442502071],"dvar":[0.00034078740282,0.000221384281758,0.00000114267925255,0.00000545056809642,0.0000494291671203,0.0000202185910894,0.00000230696718972,0.00000161966090673,0.00000222908647629,0.00000232850698012,2.44303208774e-7,2.10919580468e-7,2.43537190414e-8,5.72967238099e-8,3.78147042568e-8,3.98191524198e-9,2.64296501351e-10,3.21169923989e-10,2.62248622818e-9,8.34089408652e-10,9.01113836327e-11,3.58832373537e-11,2.24939754323e-11,2.04843711438e-11,1.90524991617e-11,1.82310954527e-11,6.6613478622e-11],"dvar2":[0.000669057539199,0.000554077501874,0.00000286935141958,0.00001361437171,0.0000962319682003,0.0000459435650555,0.000005344897545,0.00000402952400691,0.00000537099776921,0.00000538017275176,5.97458324592e-7,4.98631095525e-7,6.3420401375e-8,1.38930587923e-7,9.61109947184e-8,9.14805209362e-9,6.61157073534e-10,7.9710293921e-10,5.3671818101e-9,1.85353632443e-9,2.14166379076e-10,9.34537655595e-11,5.95736515674e-11,5.43136820241e-11,5.05361343051e-11,4.83436381205e-11,1.39840139468e-10],"max":[0.297402232885,0.178355246782,0.0179338622838,0.0534709244967,0.182646393776,0.113016992807,0.0485887750983,0.0404905192554,0.0513291656971,0.0376258864999,0.0112034091726,0.0124699072912,0.00319184316322,0.00903030950576,0.00562535459176,0.00244427518919,0.000373942719307,0.000816834508441,0.0023529313039,0.00191207265016,0.00037720365799,0.0000881753003341,0.0000625908360234,0.0000548306925339,0.0000526059047843,0.0000519430323038,0.000327223184286],"mean":[0.0134152574465,0.0147698149085,0.000983834848739,0.001785860979,0.00686992611736,0.00265038246289,0.000865356763825,0.000608916103374,0.000792500912212,0.000748322694562,0.000273232115433,0.000230746038142,0.000115802853543,0.000165217075846,0.000144864345202,0.0000414954083681,0.0000136538792503,0.0000121590601339,0.0000195761549548,0.0000129380714498,0.00000773356532591,0.00000405319633501,0.00000252273844126,0.00000209380527849,0.00000196852988665,0.00000203800959753,0.00000994972742774],"median":[0.00251453462988,0.00493438681588,0.000478499627206,0.000664732477162,0.00169733399525,0.000332666852046,0.000162631316925,0.000081979073002,0.000117207266157,0.0000729480598238,0.0000579760999244,0.0000477638714074,0.0000371658825316,0.0000398746306018,0.0000249707773037,0.0000114720614874,0.00000659779198031,0.00000554501775696,0.00000579079005547,0.00000412495046476,0.00000297515589409,0.00000177194078788,8.85547592588e-7,5.20301966844e-7,4.47966613137e-7,5.5791684872e-7,0.00000407364859711],"min":[6.00239655835e-23,6.14989903259e-23,7.82196529408e-24,1.98459149512e-23,1.67911757358e-23,3.25952308882e-23,2.96339101589e-23,2.401184206e-23,9.03793395273e-23,6.65675036834e-23,7.43572337543e-23,4.09740254851e-23,3.66818301444e-23,9.28913313959e-23,7.37220429535e-23,2.465348101e-22,3.23858122992e-22,1.91957133895e-22,3.05580935259e-22,5.42382337748e-22,4.34679726338e-22,5.15294242658e-22,6.35818002102e-22,7.58856826816e-22,1.18494107424e-21,1.91651507723e-21,2.64345396073e-21],"var":[0.000859934778418,0.000555208011065,0.00000218437935473,0.00000995049049379,0.000197116256459,0.0000538876920473,0.00000580774803893,0.00000337909409609,0.00000488749537908,0.00000496354550705,4.54874253819e-7,4.37783938878e-7,5.39668931765e-8,1.60771293167e-7,1.02511712896e-7,1.03229726989e-8,4.18320961204e-10,5.59652990617e-10,7.50979722852e-9,2.29895436021e-9,1.84072285192e-10,4.47662740211e-11,2.27218903415e-11,1.98418781405e-11,1.83234052931e-11,1.77711872995e-11,2.76308892433e-10]},"barkbands_crest":{"dmean":2.88899755478,"dmean2":4.66201734543,"dvar":5.51930904388,"dvar2":13.5421543121,"max":26.4567584991,"mean":13.3044519424,"median":13.1752271652,"min":2.53517532349,"var":17.6865787506},"barkbands_flatness_db":{"dmean":0.0457822903991,"dmean2":0.0728142410517,"dvar":0.00162064819597,"dvar2":0.00433570239693,"max":0.598567962646,"mean":0.245741575956,"median":0.238664165139,"min":0.0584032610059,"var":0.00529806828126},"barkbands_kurtosis":{"dmean":13.9299106598,"dmean2":22.2158699036,"dvar":746.68560791,"dvar2":1945.13879395,"max":1018.40734863,"mean":25.2741184235,"median":11.2345952988,"min":-1.86986446381,"var":1499.56994629},"barkbands_skewness":{"dmean":1.00116074085,"dmean2":1.55227911472,"dvar":1.26602208614,"dvar2":3.08701348305,"max":26.9015789032,"mean":3.12806224823,"median":2.55170178413,"min":-2.5029900074,"var":5.01993608475},"barkbands_spread":{"dmean":2.45613121986,"dmean2":3.73411893845,"dvar":12.6307916641,"dvar2":26.2141342163,"max":134.100463867,"mean":6.67215013504,"median":5.01650238037,"min":0.224226087332,"var":45.187335968},"dissonance":{"dmean":0.0253896545619,"dmean2":0.0426580421627,"dvar":0.000587253831327,"dvar2":0.00160742353182,"max":0.500000119209,"mean":0.455383718014,"median":0.463154286146,"min":0.241998463869,"var":0.00112287944648},"dynamic_complexity":5.45484781265,"erbbands":{"dmean":[0.519877791405,0.8003693223,0.734671711922,2.32346153259,10.7396831512,9.74768257141,9.70142841339,13.9967880249,9.63160800934,7.42073917389,8.46959877014,11.5510292053,16.9368724823,8.60248374939,7.86974096298,4.76906251907,3.2578561306,4.31801795959,4.72569942474,2.51479482651,0.991950690746,0.581641793251,0.491266787052,0.551380574703,0.621388316154,0.380937248468,0.24125674367,0.181830018759,0.130124792457,0.0927863121033,0.068587243557,0.0510282218456,0.0365381389856,0.0247703138739,0.0154414093122,0.00854842364788,0.00403211358935,0.00158002506942,0.000518755579833,0.0000900852246559],"dmean2":[0.844681024551,1.26129078865,1.18919837475,3.79946374893,16.0267848969,14.6662387848,14.9812650681,21.4445381165,14.8555288315,11.8727502823,13.6039228439,17.9966430664,26.1837902069,13.4732847214,12.6353006363,7.50823497772,5.2333984375,6.93939161301,7.64440584183,3.97997331619,1.55446064472,0.91776061058,0.771787524223,0.841957032681,0.920158743858,0.588017821312,0.385666787624,0.293996304274,0.214554071426,0.155599936843,0.116142839193,0.086824759841,0.0622398778796,0.0422043465078,0.0263106077909,0.014560058713,0.00685609364882,0.00263737724163,0.000806695199572,0.000130946427817],"dvar":[1.03362751007,1.92450547218,1.28796935081,16.3048305511,676.103759766,450.305175781,720.391479492,2006.11621094,849.08972168,484.878448486,891.451049805,1410.6920166,3274.70141602,845.738647461,624.551940918,176.277359009,50.3217163086,134.115997314,142.986755371,39.3392066956,3.91707062721,0.802185356617,0.707429170609,3.0660135746,7.319835186,1.94649457932,0.225716069341,0.0940643325448,0.0484989397228,0.0286319218576,0.0172552336007,0.010022342205,0.00526524567977,0.00243344227783,0.000945761799812,0.000289366143988,0.0000625567408861,0.00000812096004665,0.00000104697767256,2.0998271566e-8],"dvar2":[2.6260573864,4.41894960403,3.23127627373,39.6429214478,1255.00317383,971.285095215,1610.88195801,4721.67431641,1996.16174316,1228.12231445,2199.27685547,3398.55957031,7784.43164062,1948.86193848,1520.35119629,398.525360107,128.293685913,323.111358643,373.546051025,88.6463394165,9.71727561951,1.96315073967,1.63044655323,6.91258478165,13.7743062973,4.48523283005,0.525368154049,0.225804001093,0.125448450446,0.0757273286581,0.0456743761897,0.0265772715211,0.0139614790678,0.00645379861817,0.00250815157779,0.000767394027207,0.000165835837834,0.0000214067331399,0.00000207269226848,4.05333793196e-8],"max":[11.3025121689,18.1196784973,17.1571502686,113.295303345,767.520446777,615.034301758,922.679138184,1078.3659668,921.330322266,606.575012207,968.041870117,1068.99914551,1798.04882812,1085.87646484,698.247558594,378.892211914,163.129119873,501.821807861,419.627044678,172.667175293,58.9653968811,24.3778972626,28.3236045837,121.382354736,101.868080139,96.9312362671,18.4725265503,11.4216375351,3.98753166199,2.17987537384,1.68234801292,1.21169471741,0.874883949757,0.594659686089,0.370874583721,0.205267727375,0.0959406644106,0.0367891602218,0.0500859059393,0.00670478306711],"mean":[0.962041556835,1.37460339069,1.1764639616,3.77369236946,20.6996059418,18.0276050568,15.6512737274,23.6216430664,17.0667209625,12.1127109528,13.4559545517,18.7920131683,26.9202728271,14.4626102448,12.5305166245,8.56472969055,5.93901395798,7.78992986679,8.87191772461,4.92388534546,1.68086624146,0.803993344307,0.665408015251,0.827671468258,1.00170886517,0.603298723698,0.368372350931,0.259153991938,0.153967648745,0.0997931435704,0.0685819089413,0.0476823560894,0.0330791547894,0.0222944971174,0.0138984192163,0.00772643415257,0.0038099726662,0.00177544460166,0.000869707379024,0.000247800489888],"median":[0.280765175819,0.491704314947,0.638067722321,1.77403414249,4.22656059265,4.89042711258,3.51305866241,2.7367682457,2.56976771355,2.22877860069,1.99120676517,2.84184789658,2.54264545441,2.44860601425,2.49933934212,2.03079009056,1.88408815861,2.02479362488,1.71719765663,1.07155358791,0.581832885742,0.407286077738,0.314858078957,0.303339004517,0.270207226276,0.198964953423,0.135299578309,0.107034429908,0.0691862031817,0.0395759604871,0.0231511685997,0.0130055649206,0.0078284246847,0.0051060365513,0.0031812004745,0.00179138104431,0.00107440608554,0.000756085792091,0.000357942917617,0.000127363644424],"min":[2.48932391893e-21,1.11146481763e-20,1.39870425469e-20,3.23760236587e-20,4.49417017258e-20,5.51443832768e-20,2.69458478936e-19,2.19029283645e-19,2.44376863499e-19,5.25871337335e-19,8.97307433922e-19,2.23135382356e-18,1.82838203481e-18,2.63112938643e-18,2.58342443294e-18,1.8602834959e-18,1.78498565833e-18,3.43544527928e-18,4.61372725233e-18,9.52833152631e-18,1.14258730982e-17,1.78098073932e-17,1.19851290831e-17,1.66159525044e-17,1.54921846288e-17,2.57345103357e-17,1.61460245809e-17,2.09438905094e-17,1.9043950941e-17,1.6575025262e-17,1.61317160107e-17,1.72198456367e-17,1.34368947511e-17,1.1372301573e-17,9.78518765012e-18,8.04950629899e-18,3.71500213423e-18,1.44871564622e-18,3.7838578375e-19,3.4491551e-20],"var":[2.49100708961,5.01717710495,2.58224773407,33.2696495056,2557.27368164,1268.69445801,1421.38195801,5113.16699219,2631.98657227,1095.94958496,1815.80029297,2930.7565918,7277.33935547,1775.37536621,1201.26843262,442.789367676,134.033126831,372.214782715,378.125488281,129.535675049,11.202246666,1.35187542439,1.2754253149,7.75079107285,22.6877326965,5.14381313324,0.491088360548,0.181215316057,0.0624760352075,0.0308733060956,0.0173282250762,0.00977925769985,0.00507928291336,0.0023425957188,0.000910550181288,0.000279002531897,0.0000612079529674,0.00000910661765374,0.00000339791949955,1.18732977228e-7]},"erbbands_crest":{"dmean":2.90656232834,"dmean2":4.7508058548,"dvar":6.58884763718,"dvar2":16.469499588,"max":29.108133316,"mean":9.44045639038,"median":8.52352809906,"min":2.09119939804,"var":18.4521160126},"erbbands_flatness_db":{"dmean":0.0358825810254,"dmean2":0.0571244508028,"dvar":0.000913591880817,"dvar2":0.00237869727425,"max":0.375309437513,"mean":0.176949888468,"median":0.173078611493,"min":0.0365255028009,"var":0.00325483293273},"erbbands_kurtosis":{"dmean":1.38010573387,"dmean2":2.20704746246,"dvar":3.90057301521,"dvar2":9.30115127563,"max":43.3801689148,"mean":1.23030495644,"median":0.316181182861,"min":-1.72890746593,"var":9.19792938232},"erbbands_skewness":{"dmean":0.452275633812,"dmean2":0.691657721996,"dvar":0.158835530281,"dvar2":0.3673363626,"max":5.24442434311,"mean":0.647279024124,"median":0.601960122585,"min":-3.18548321724,"var":0.771903216839},"erbbands_spread":{"dmean":7.08433103561,"dmean2":11.07791996,"dvar":48.0944366455,"dvar2":115.185897827,"max":139.514083862,"mean":27.93227005,"median":25.5947914124,"min":3.05047798157,"var":185.974655151},"gfcc":{"cov":[[9427.85839844,506.393188477,-525.088012695,-545.901062012,-315.277862549,-222.027832031,-255.26713562,-131.158935547,-69.6223983765,174.507507324,-32.5547790527,-125.373504639,266.043457031],[506.393188477,1075.81616211,-81.1788101196,-308.469055176,28.7356929779,-161.556869507,75.3143539429,-224.840316772,18.8803215027,-62.143081665,21.1107711792,-95.0682373047,48.5382614136],[-525.088012695,-81.1788101196,491.935333252,199.59085083,-72.1960449219,198.315490723,-92.4708480835,184.457778931,-38.9157142639,35.9602203369,5.81013631821,32.7257041931,-20.573102951],[-545.901062012,-308.469055176,199.59085083,364.050750732,136.195251465,70.4735107422,49.2516212463,100.841072083,22.4414081573,-0.945402860641,-0.223180830479,52.3093147278,-56.2605705261],[-315.277862549,28.7356929779,-72.1960449219,136.195251465,250.223754883,41.5310096741,139.749084473,-35.8311767578,32.8614845276,-31.2337341309,29.5316677094,11.6455068588,-9.87494087219],[-222.027832031,-161.556869507,198.315490723,70.4735107422,41.5310096741,306.645202637,16.0751171112,142.517471313,-62.1089935303,8.21636962891,14.7711410522,48.1376914978,2.79545402527],[-255.26713562,75.3143539429,-92.4708480835,49.2516212463,139.749084473,16.0751171112,219.686325073,-5.41664028168,48.020072937,-47.5375404358,8.28302955627,21.8703117371,8.02637863159],[-131.158935547,-224.840316772,184.457778931,100.841072083,-35.8311767578,142.517471313,-5.41664028168,215.024581909,27.9138565063,43.2202339172,11.6597251892,42.8007926941,7.6284942627],[-69.6223983765,18.8803215027,-38.9157142639,22.4414081573,32.8614845276,-62.1089935303,48.020072937,27.9138565063,139.884933472,72.6604309082,33.0365562439,14.7424783707,10.5638227463],[174.507507324,-62.143081665,35.9602203369,-0.945402860641,-31.2337341309,8.21636962891,-47.5375404358,43.2202339172,72.6604309082,122.850563049,60.5135955811,15.696557045,19.9901294708],[-32.5547790527,21.1107711792,5.81013631821,-0.223180830479,29.5316677094,14.7711410522,8.28302955627,11.6597251892,33.0365562439,60.5135955811,85.6608810425,40.3112297058,10.290602684],[-125.373504639,-95.0682373047,32.7257041931,52.3093147278,11.6455068588,48.1376914978,21.8703117371,42.8007926941,14.7424783707,15.696557045,40.3112297058,78.983039856,13.334897995],[266.043457031,48.5382614136,-20.573102951,-56.2605705261,-9.87494087219,2.79545402527,8.02637863159,7.6284942627,10.5638227463,19.9901294708,10.290602684,13.334897995,80.6896972656]],"icov":[[0.000205918753636,-0.000638431520201,0.00153476023115,-0.00170040968806,0.00144964968786,-0.000919740123209,0.000484034739202,-0.000275382044492,0.000246902724029,-0.000267342518782,-0.000378807773814,0.000770974205807,-0.00094722060021],[-0.000638431520201,0.00692447600886,-0.0139532200992,0.0178557690233,-0.0146683705971,0.0104673551396,-0.00498373480514,0.00196552393027,0.00145645672455,-0.00228975946084,0.00590201001614,-0.00641079666093,0.00566737959161],[0.00153476023115,-0.0139532200992,0.0438850782812,-0.0589437782764,0.0565194748342,-0.0421587489545,0.0172010399401,0.00533300824463,-0.0247197151184,0.0356471762061,-0.045699685812,0.0416262336075,-0.0270596258342],[-0.00170040968806,0.0178557690233,-0.0589437782764,0.0917303115129,-0.0906579419971,0.0659789964557,-0.0238822586834,-0.0184030104429,0.0482236370444,-0.0680679753423,0.0821512341499,-0.0730787366629,0.0466801077127],[0.00144964968786,-0.0146683705971,0.0565194748342,-0.0906579419971,0.101085789502,-0.0715783014894,0.0208151806146,0.0261018630117,-0.0603651739657,0.0831471309066,-0.0962656214833,0.082133539021,-0.0484362132847],[-0.000919740123209,0.0104673551396,-0.0421587489545,0.0659789964557,-0.0715783014894,0.059875421226,-0.0202468596399,-0.0227057114244,0.0522523932159,-0.0665436983109,0.071246214211,-0.0621105134487,0.0361398719251],[0.000484034739202,-0.00498373480514,0.0172010399401,-0.0238822586834,0.0208151806146,-0.0202468596399,0.0181835889816,0.00394709547982,-0.0212918352336,0.0286866594106,-0.0251123867929,0.0190196149051,-0.0140571109951],[-0.000275382044492,0.00196552393027,0.00533300824463,-0.0184030104429,0.0261018630117,-0.0227057114244,0.00394709547982,0.0244942680001,-0.029677817598,0.0332264378667,-0.0319289527833,0.0252826660872,-0.0149257984012],[0.000246902724029,0.00145645672455,-0.0247197151184,0.0482236370444,-0.0603651739657,0.0522523932159,-0.0212918352336,-0.029677817598,0.0748995542526,-0.0895060300827,0.0793085545301,-0.0629301443696,0.0340107195079],[-0.000267342518782,-0.00228975946084,0.0356471762061,-0.0680679753423,0.0831471309066,-0.0665436983109,0.0286866594106,0.0332264378667,-0.0895060300827,0.130350530148,-0.120691925287,0.0902740359306,-0.0497279055417],[-0.000378807773814,0.00590201001614,-0.045699685812,0.0821512341499,-0.0962656214833,0.071246214211,-0.0251123867929,-0.0319289527833,0.0793085545301,-0.120691925287,0.138461709023,-0.104498140514,0.0537219643593],[0.000770974205807,-0.00641079666093,0.0416262336075,-0.0730787366629,0.082133539021,-0.0621105134487,0.0190196149051,0.0252826660872,-0.0629301443696,0.0902740359306,-0.104498140514,0.0993962213397,-0.0483301728964],[-0.00094722060021,0.00566737959161,-0.0270596258342,0.0466801077127,-0.0484362132847,0.0361398719251,-0.0140571109951,-0.0149257984012,0.0340107195079,-0.0497279055417,0.0537219643593,-0.0483301728964,0.0423877388239]],"mean":[-97.8029403687,141.075836182,-73.5919494629,7.36204385757,-24.809381485,1.55817806721,-12.3829021454,-9.38339328766,-12.6470994949,-0.553144097328,-8.78730297089,-2.15100240707,-2.59886455536]},"hfc":{"dmean":2.38793706894,"dmean2":3.47459316254,"dvar":11.7473039627,"dvar2":25.2238826752,"max":86.3570556641,"mean":7.83969306946,"median":3.92799305916,"min":1.21422570036e-16,"var":89.9385910034},"melbands":{"dmean":[0.00356756453402,0.000524228671566,0.000627134053502,0.000756621884648,0.000353167270077,0.000306679983623,0.000135682377731,0.0000804861774668,0.0000687711581122,0.0000756460431148,0.0000844041860546,0.0000372055110347,0.0000268062976829,0.0000170670773514,0.0000111000335892,0.00000599846225668,0.00000888909562491,0.00000820774948807,0.00000508238281327,0.00000252290965363,9.87468638414e-7,6.17505918399e-7,5.24554195636e-7,4.19991664558e-7,4.58113163404e-7,5.17624187069e-7,3.84521484875e-7,2.3635554669e-7,1.5814867993e-7,1.33382044964e-7,1.0059525124e-7,7.7652352104e-8,6.0722399553e-8,4.82884985331e-8,4.03278797023e-8,3.47131958733e-8,2.98482802918e-8,2.6019609578e-8,2.28537277991e-8,2.02147152351e-8],"dmean2":[0.00562356552109,0.000830993463751,0.000983107835054,0.00112267700024,0.000541306508239,0.000465955206892,0.000209577134228,0.000128612853587,0.000110990542453,0.000117853523989,0.000131005042931,0.0000587052454648,0.0000433800378232,0.0000270484542853,0.0000177497986442,0.0000097053243735,0.0000143764054883,0.0000132942286655,0.00000816075498733,0.00000397915437134,0.00000157983890858,9.87304929367e-7,8.33604872241e-7,6.72556097925e-7,7.07991944182e-7,7.79236586368e-7,6.00592954925e-7,3.7533629893e-7,2.53417852036e-7,2.17058840235e-7,1.63852405421e-7,1.2806550842e-7,1.01542759978e-7,8.12734910483e-8,6.82937368879e-8,5.8978312012e-8,5.08227238072e-8,4.43165895092e-8,3.89353544961e-8,3.44462094404e-8],"dvar":[0.0000480444796267,6.29666430996e-7,0.00000148555068336,0.00000280876952274,7.74290867867e-7,8.83564212018e-7,1.67931105466e-7,5.39643068009e-8,5.33466639752e-8,6.08787260603e-8,8.04800492915e-8,1.76672614316e-8,5.95114624247e-9,3.18889870066e-9,8.0642947875e-10,1.45145576114e-10,6.24487628276e-10,4.56626458867e-10,1.52107465512e-10,4.34413963135e-11,4.22913006698e-12,9.55005280585e-13,7.81063690287e-13,7.37829827617e-13,2.23930075871e-12,6.077143129e-12,2.48270197803e-12,7.16058668523e-13,9.7370347191e-14,6.15524070515e-14,2.90254304695e-14,1.70976056799e-14,1.26663477341e-14,7.95337255934e-15,5.92452790386e-15,4.53188588341e-15,3.45761305465e-15,2.66486771953e-15,2.06961679816e-15,1.6211619805e-15],"dvar2":[0.00011516896484,0.00000148570552483,0.00000315582110488,0.00000541601912118,0.0000017146086293,0.00000205921560337,3.89173749227e-7,1.37276231271e-7,1.31006800075e-7,1.4565293327e-7,1.90628412611e-7,4.08950455721e-8,1.45846072996e-8,7.61123963855e-9,1.90260496247e-9,3.63803431824e-10,1.51841572649e-9,1.21679633036e-9,3.89932780509e-10,9.6524094273e-11,1.06040410827e-11,2.39363888953e-12,1.90741758326e-12,1.81789229937e-12,5.06878003112e-12,1.27733552902e-11,4.99675908289e-12,1.76174201096e-12,2.24588590455e-13,1.50411543572e-13,7.03986023122e-14,4.40491115534e-14,3.36691937351e-14,2.10487467164e-14,1.56751002423e-14,1.20218361294e-14,9.16798392438e-15,7.06654854532e-15,5.48915932172e-15,4.29971330553e-15],"max":[0.0730797573924,0.0106803132221,0.0367102846503,0.0450406335294,0.0245503913611,0.0229347161949,0.0124209336936,0.00649822643027,0.00670462753624,0.00728916702792,0.00866707228124,0.00497743254527,0.00166592188179,0.00178939464968,0.000725621939637,0.000293434743071,0.000977177289315,0.000794225663412,0.000375354808057,0.000225131123443,0.0000662643724354,0.0000279944997601,0.0000236242085521,0.0000346044544131,0.00010518986528,0.0000894260738278,0.0000795720116002,0.0000629030764685,0.0000101783971331,0.00000837287007016,0.00000637492712485,0.00000213524299397,0.00000316746195494,0.00000120050287933,0.00000100981037576,8.17955140064e-7,7.09927917342e-7,6.22296226993e-7,5.4824010931e-7,4.85345879042e-7],"mean":[0.00702603021637,0.00090942683164,0.00112809264101,0.00155578751583,0.000584654218983,0.000529877550434,0.000243371789111,0.000129621825181,0.000106900581159,0.000121994169604,0.000131946522743,0.0000583554719924,0.0000412600420532,0.0000274195790553,0.000018496039047,0.0000104077580545,0.0000150936539285,0.0000146410529851,0.00000926650227484,0.00000432096840086,0.00000145081003211,8.06119658137e-7,6.72504540944e-7,5.54632606509e-7,6.65963113988e-7,7.89609771346e-7,6.05978641488e-7,3.50528466697e-7,2.29667875828e-7,1.98450777589e-7,1.33358568633e-7,9.1038998562e-8,6.60892993665e-8,5.08344335515e-8,4.03853199771e-8,3.33240102179e-8,2.73769646952e-8,2.3514028058e-8,2.05622914251e-8,1.81643038388e-8],"median":[0.00220564729534,0.000446341990028,0.000408928375691,0.00036914696102,0.000139083524118,0.0000613519587205,0.0000380769488402,0.000022517358957,0.000016348232748,0.000017111427951,0.0000120356380648,0.00000934554554988,0.00000850579090184,0.00000550974300495,0.00000438989945906,0.00000363145659321,0.00000360317767445,0.00000282349174086,0.00000165636845395,9.91164029074e-7,5.58591295885e-7,3.92507018887e-7,3.22917088624e-7,2.5026636763e-7,2.37034797124e-7,2.0650647059e-7,1.66205580854e-7,1.17162500146e-7,8.47052774589e-8,6.8348839477e-8,5.75025183025e-8,4.02125834853e-8,2.660663867e-8,1.94957969768e-8,1.3725714787e-8,1.00773975831e-8,6.93671520224e-9,5.57200952045e-9,4.71575312133e-9,4.13172696057e-9],"min":[2.26677824275e-23,1.02189530756e-23,6.70215751759e-24,3.16010499997e-24,7.63030917057e-24,5.07887110126e-24,4.5131280646e-24,5.02888216899e-24,9.08379169933e-24,1.41712834726e-23,8.57409841327e-24,9.98068868324e-24,1.04585151442e-23,4.95505149358e-24,3.28816650996e-24,4.51927841865e-24,6.8375568145e-24,8.13098577648e-24,6.84017031068e-24,1.95265335697e-23,1.13608047812e-23,1.80128988192e-23,1.63648547922e-23,8.20180339766e-24,1.45353711793e-23,1.05043818838e-23,1.34050754971e-23,1.8658701377e-23,9.63587837043e-24,1.07051974713e-23,1.18770116918e-23,1.09887077697e-23,9.13174339831e-24,9.55535302695e-24,8.34900720916e-24,1.12889419193e-23,1.00551429532e-23,1.02239205327e-23,7.26762090306e-24,1.02821660777e-23],"var":[0.000126427345094,0.00000149775235059,0.00000446474359705,0.0000114752201625,0.00000167230848547,0.00000238731468016,5.25131440554e-7,1.24578434679e-7,1.09220103184e-7,1.26786460442e-7,1.77276575641e-7,3.4339652899e-8,1.13496989584e-8,6.63729915473e-9,1.84463744279e-9,4.01456728971e-10,1.5948763421e-9,1.11335352049e-9,3.99851401989e-10,1.25350896329e-10,8.77669898564e-12,1.47536063227e-12,1.12763064945e-12,1.26569165305e-12,5.28424092677e-12,1.55711103733e-11,7.50710344583e-12,1.54628491001e-12,2.07609442333e-13,1.27146746907e-13,4.89753636951e-14,2.2319673914e-14,1.36402153949e-14,8.37161371177e-15,5.963004799e-15,4.47378789356e-15,3.35440039596e-15,2.57000871153e-15,1.99262595017e-15,1.55955166265e-15]},"melbands_crest":{"dmean":4.09142351151,"dmean2":6.62149143219,"dvar":14.8262262344,"dvar2":33.9292526245,"max":39.6059265137,"mean":22.2839870453,"median":20.7715969086,"min":1.59021067619,"var":77.5129928589},"melbands_flatness_db":{"dmean":0.0516458563507,"dmean2":0.081887178123,"dvar":0.00193211867008,"dvar2":0.00511811021715,"max":0.746912837029,"mean":0.364922165871,"median":0.359869539738,"min":0.00277816480957,"var":0.00668241037056},"melbands_kurtosis":{"dmean":28.9335613251,"dmean2":47.3075828552,"dvar":5045.17285156,"dvar2":13712.5126953,"max":1562.52197266,"mean":48.9636421204,"median":17.7419624329,"min":-1.80281698704,"var":9845.85449219},"melbands_skewness":{"dmean":1.3315346241,"dmean2":2.10916185379,"dvar":2.99155020714,"dvar2":7.44502925873,"max":29.85105896,"mean":4.29304504395,"median":3.30365395546,"min":-0.686258494854,"var":11.9692993164},"melbands_spread":{"dmean":2.54898166656,"dmean2":3.84423208237,"dvar":16.0368385315,"dvar2":29.7221260071,"max":192.781326294,"mean":6.94478321075,"median":4.68536186218,"min":0.0634547248483,"var":106.426094055},"mfcc":{"cov":[[6593.32519531,544.481140137,-577.177429199,-198.577392578,-384.79006958,-82.4225921631,-285.953338623,-363.360321045,-59.5479049683,109.081787109,-123.849365234,-156.739089966,-39.2914543152],[544.481140137,1090.03967285,-85.325843811,-178.550338745,-127.838317871,-2.74673438072,-34.3253097534,-157.426956177,-65.9740066528,14.5702733994,-43.056602478,-105.692359924,-49.632850647],[-577.177429199,-85.325843811,567.111755371,-8.78902816772,118.692321777,-41.8087425232,34.8224258423,72.5455780029,19.5528888702,13.1417217255,36.833114624,58.6612701416,-6.78751945496],[-198.577392578,-178.550338745,-8.78902816772,302.496704102,70.8846511841,24.5190296173,-3.05235338211,45.5777549744,31.1100730896,11.5103130341,36.8160362244,25.8675765991,22.9400157928],[-384.79006958,-127.838317871,118.692321777,70.8846511841,173.272247314,60.156162262,62.8369750977,63.259601593,13.3617811203,-2.07575726509,32.4141578674,53.4419364929,29.7890892029],[-82.4225921631,-2.74673438072,-41.8087425232,24.5190296173,60.156162262,137.431488037,91.7451705933,47.0776329041,13.1545009613,-11.624048233,-1.48614561558,17.2461185455,18.7873706818],[-285.953338623,-34.3253097534,34.8224258423,-3.05235338211,62.8369750977,91.7451705933,169.371017456,123.199790955,24.9601325989,-16.8234119415,-5.89392805099,8.61749267578,14.5295009613],[-363.360321045,-157.426956177,72.5455780029,45.5777549744,63.259601593,47.0776329041,123.199790955,192.239105225,69.9018936157,-16.0349674225,17.0721473694,32.204574585,14.1695756912],[-59.5479049683,-65.9740066528,19.5528888702,31.1100730896,13.3617811203,13.1545009613,24.9601325989,69.9018936157,100.049263,40.5739593506,6.79046630859,18.8147163391,7.04091453552],[109.081787109,14.5702733994,13.1417217255,11.5103130341,-2.07575726509,-11.624048233,-16.8234119415,-16.0349674225,40.5739593506,86.4356536865,34.0991783142,2.30969262123,9.54200458527],[-123.849365234,-43.056602478,36.833114624,36.8160362244,32.4141578674,-1.48614561558,-5.89392805099,17.0721473694,6.79046630859,34.0991783142,84.9803771973,58.2031326294,20.8978328705],[-156.739089966,-105.692359924,58.6612701416,25.8675765991,53.4419364929,17.2461185455,8.61749267578,32.204574585,18.8147163391,2.30969262123,58.2031326294,109.99446106,48.6591491699],[-39.2914543152,-49.632850647,-6.78751945496,22.9400157928,29.7890892029,18.7873706818,14.5295009613,14.1695756912,7.04091453552,9.54200458527,20.8978328705,48.6591491699,65.5148544312]],"icov":[[0.000204059426324,-0.0000385119747079,0.000128491490614,0.0000367073989764,0.000247970107011,-0.000182122224942,0.000325986911776,-0.000120659016829,0.000307387061184,-0.00060814031167,0.000534682942089,-0.000255569873843,0.0000617439509369],[-0.0000385119747079,0.00129792408552,-0.000203310424695,0.000480736169266,0.000577664526645,-0.000454106833786,-0.000779742200393,0.00153206696268,-0.000601110747084,0.000642966595478,-0.00125002278946,0.00143815053161,-0.000218529428821],[0.000128491490614,-0.000203310424695,0.00287662190385,0.000349863403244,-0.00222295499407,0.00216918811202,-0.000215904641664,-0.0013569178991,0.00144141330384,-0.00230976659805,0.00194828957319,-0.00279320310801,0.00246323039755],[0.0000367073989764,0.000480736169266,0.000349863403244,0.00457214703783,-0.00174693972804,-0.00101311446633,0.00218920363113,-0.000830245378893,-0.00138913828414,0.00107178697363,-0.00258306693286,0.00257479143329,-0.00149479042739],[0.000247970107011,0.000577664526645,-0.00222295499407,-0.00174693972804,0.0116643980145,-0.00440860539675,-0.000990507658571,-0.000145579339005,0.00163053942379,-0.000731764943339,-0.000503379036672,-0.00169949850533,-0.00146642897744],[-0.000182122224942,-0.000454106833786,0.00216918811202,-0.00101311446633,-0.00440860539675,0.0161781143397,-0.0107307527214,0.00496814772487,-0.00361447664909,0.00283519038931,-0.000290941359708,-0.0020973298233,0.000422805082053],[0.000325986911776,-0.000779742200393,-0.000215904641664,0.00218920363113,-0.000990507658571,-0.0107307527214,0.0229929201305,-0.0167769696563,0.00926504191011,-0.00760850589722,0.00698463106528,0.0000280174444924,-0.00126357947011],[-0.000120659016829,0.00153206696268,-0.0013569178991,-0.000830245378893,-0.000145579339005,0.00496814772487,-0.0167769696563,0.0256827399135,-0.0203718580306,0.0178432688117,-0.0145419584587,0.00760177895427,-0.00337088876404],[0.000307387061184,-0.000601110747084,0.00144141330384,-0.00138913828414,0.00163053942379,-0.00361447664909,0.00926504191011,-0.0203718580306,0.0343271456659,-0.0277931466699,0.0213956944644,-0.0158609561622,0.0083253858611],[-0.00060814031167,0.000642966595478,-0.00230976659805,0.00107178697363,-0.000731764943339,0.00283519038931,-0.00760850589722,0.0178432688117,-0.0277931466699,0.0396737791598,-0.0284522883594,0.0202568713576,-0.0119051923975],[0.000534682942089,-0.00125002278946,0.00194828957319,-0.00258306693286,-0.000503379036672,-0.000290941359708,0.00698463106528,-0.0145419584587,0.0213956944644,-0.0284522883594,0.0408637598157,-0.0263043586165,0.0107350861654],[-0.000255569873843,0.00143815053161,-0.00279320310801,0.00257479143329,-0.00169949850533,-0.0020973298233,0.0000280174444924,0.00760177895427,-0.0158609561622,0.0202568713576,-0.0263043586165,0.0345536097884,-0.0190497059375],[0.0000617439509369,-0.000218529428821,0.00246323039755,-0.00149479042739,-0.00146642897744,0.000422805082053,-0.00126357947011,-0.00337088876404,0.0083253858611,-0.0119051923975,0.0107350861654,-0.0190497059375,0.0290321409702]],"mean":[-759.750061035,189.744445801,13.7842130661,24.9997253418,7.97875261307,17.9666919708,8.63200855255,1.64314877987,2.45344877243,4.96865701675,0.379954099655,-4.07288646698,-1.10283851624]},"pitch_salience":{"dmean":0.0903365015984,"dmean2":0.145926594734,"dvar":0.00665804231539,"dvar2":0.0154329277575,"max":0.980390667915,"mean":0.451548308134,"median":0.482318788767,"min":0.0289204530418,"var":0.0327463150024},"silence_rate_20dB":{"dmean":0,"dmean2":0,"dvar":0,"dvar2":0,"max":1,"mean":1,"median":1,"min":1,"var":0},"silence_rate_30dB":{"dmean":0.0497282072902,"dmean2":0.0994664281607,"dvar":0.047254409641,"dvar2":0.102052725852,"max":1,"mean":0.890186190605,"median":1,"min":0,"var":0.0977638587356},"silence_rate_60dB":{"dmean":0.0378498099744,"dmean2":0.0757072418928,"dvar":0.0364186540246,"dvar2":0.082463465631,"max":1,"mean":0.109310515225,"median":0,"min":0,"var":0.0973706543446},"spectral_centroid":{"dmean":132.795257568,"dmean2":197.822143555,"dvar":35481.2773438,"dvar2":62673.8164062,"max":11134.2666016,"mean":535.672546387,"median":441.582366943,"min":108.412765503,"var":169124.5},"spectral_complexity":{"dmean":2.09824848175,"dmean2":3.32608485222,"dvar":3.92837738991,"dvar2":8.93389987946,"max":33,"mean":8.91816806793,"median":8,"min":0,"var":31.5852203369},"spectral_contrast_coeffs":{"dmean":[0.0552358590066,0.0472529567778,0.0381022393703,0.031405441463,0.0275314766914,0.0379924438894],"dmean2":[0.089084982872,0.0784786343575,0.0633021891117,0.0511108599603,0.0446470752358,0.0622806549072],"dvar":[0.00194618850946,0.00141617655754,0.000991085777059,0.000640416168608,0.000536723178811,0.00168915023096],"dvar2":[0.00482710404322,0.0038368718233,0.00265978113748,0.00165058241691,0.0013246050803,0.00423574866727],"max":[-0.290093779564,-0.464194059372,-0.523320436478,-0.602014064789,-0.653371751308,-0.520238041878],"mean":[-0.68186289072,-0.783586978912,-0.81155693531,-0.833378970623,-0.869911074638,-0.811960041523],"median":[-0.695655584335,-0.795667886734,-0.824206292629,-0.83808529377,-0.865583360195,-0.831913709641],"min":[-0.969496428967,-0.971864163876,-0.977214992046,-0.986071944237,-0.977055430412,-0.954585254192],"var":[0.0118493624032,0.00564615940675,0.00439769867808,0.00284374179319,0.00163360487204,0.00306518469006]},"spectral_contrast_valleys":{"dmean":[0.388846516609,0.43480989337,0.415696769953,0.416538506746,0.553969144821,0.889805316925],"dmean2":[0.627820551395,0.695550501347,0.652319908142,0.635992228985,0.861845433712,1.44478237629],"dvar":[0.109941676259,0.147481054068,0.145895391703,0.154072850943,0.241393759847,0.558552503586],"dvar2":[0.252454251051,0.346378177404,0.334786593914,0.35796380043,0.618102788925,1.57359874249],"max":[-5.09351873398,-4.48057842255,-5.26875352859,-6.13426303864,-6.62856006622,-9.04748439789],"mean":[-6.92530298233,-7.01566743851,-7.62306928635,-8.2818775177,-8.78588199615,-11.6271600723],"median":[-6.82931852341,-6.95433998108,-7.54951143265,-8.16853141785,-8.66768836975,-11.5236444473],"min":[-27.1040363312,-27.2803192139,-27.3930606842,-27.0941162109,-27.2983455658,-27.4325428009],"var":[1.08407306671,1.29061496258,1.14460146427,1.04022574425,0.946914434433,1.39043056965]},"spectral_decrease":{"dmean":4.55547155553e-9,"dmean2":6.84711043419e-9,"dvar":5.69876752421e-17,"dvar2":1.20582300117e-16,"max":4.00510306045e-18,"mean":-1.16193472621e-8,"median":-6.79149669836e-9,"min":-1.08681661004e-7,"var":1.96832907478e-16},"spectral_energy":{"dmean":0.0173487402499,"dmean2":0.0260602515191,"dvar":0.000817662919872,"dvar2":0.00172901374754,"max":0.411854416132,"mean":0.044565141201,"median":0.0261807497591,"min":1.10735484474e-20,"var":0.00285652768798},"spectral_energyband_high":{"dmean":0.0000234630751947,"dmean2":0.0000382325160899,"dvar":1.68987113192e-9,"dvar2":4.21726120692e-9,"max":0.00105959083885,"mean":0.0000315554862027,"median":0.0000136403341457,"min":8.20482307517e-21,"var":2.76593747905e-9},"spectral_energyband_low":{"dmean":0.0126158529893,"dmean2":0.0195248834789,"dvar":0.000578423845582,"dvar2":0.00130632077344,"max":0.265693604946,"mean":0.0265908706933,"median":0.0099817160517,"min":1.04960644499e-22,"var":0.00164864899125},"spectral_energyband_middle_high":{"dmean":0.000657529220916,"dmean2":0.000999870127998,"dvar":0.00000197887925424,"dvar2":0.00000447240563517,"max":0.0410732999444,"mean":0.00153576233424,"median":0.000458095833892,"min":1.65757927273e-21,"var":0.00000776054457674},"spectral_energyband_middle_low":{"dmean":0.00536380661651,"dmean2":0.00796205736697,"dvar":0.0000885576664587,"dvar2":0.000181446695933,"max":0.212241232395,"mean":0.0139609659091,"median":0.00473546609282,"min":2.41759917082e-22,"var":0.000446492544143},"spectral_entropy":{"dmean":0.351955443621,"dmean2":0.553388953209,"dvar":0.0951987653971,"dvar2":0.242767319083,"max":9.79765224457,"mean":6.95389556885,"median":6.97729110718,"min":4.53286409378,"var":0.313271433115},"spectral_flux":{"dmean":0.0301383286715,"dmean2":0.0494822189212,"dvar":0.00146290985867,"dvar2":0.00381997856312,"max":0.411217093468,"mean":0.0847638398409,"median":0.0744018405676,"min":1.05230928138e-10,"var":0.00311025441624},"spectral_kurtosis":{"dmean":7.12792301178,"dmean2":11.8253860474,"dvar":79.6731796265,"dvar2":213.59324646,"max":102.397422791,"mean":15.9454221725,"median":12.5684862137,"min":-1.21901011467,"var":120.938400269},"spectral_rms":{"dmean":0.00115563673899,"dmean2":0.00168764498085,"dvar":0.00000196720225176,"dvar2":0.00000379464950129,"max":0.0200451798737,"mean":0.00560507690534,"median":0.00505392858759,"min":3.28686210194e-12,"var":0.0000120612448882},"spectral_rolloff":{"dmean":124.048957825,"dmean2":205.501266479,"dvar":109094.976562,"dvar2":246806.296875,"max":18776.953125,"mean":395.577697754,"median":215.33203125,"min":21.533203125,"var":1149264},"spectral_skewness":{"dmean":0.581050693989,"dmean2":0.925762057304,"dvar":0.342752218246,"dvar2":0.901351630688,"max":8.01056861877,"mean":2.88319468498,"median":2.73066544533,"min":-0.0125988898799,"var":0.825547516346},"spectral_spread":{"dmean":832076.0625,"dmean2":1356316.5,"dvar":601156878336,"dvar2":1462886989820,"max":41319340,"mean":3272127.75,"median":3132387.25,"min":806760.3125,"var":1583121301500},"spectral_strongpeak":{"dmean":0.261684864759,"dmean2":0.441939175129,"dvar":0.178341507912,"dvar2":0.432783007622,"max":6.94950628281,"mean":0.428711414337,"median":0.219635933638,"min":0,"var":0.387485086918},"zerocrossingrate":{"dmean":0.00345119577833,"dmean2":0.00418870896101,"dvar":0.0000344728468917,"dvar2":0.0000439457799075,"max":0.5166015625,"mean":0.0155648430809,"median":0.01220703125,"min":0,"var":0.000898849684745}},"metadata":{"audio_properties":{"analysis_sample_rate":44100,"bit_rate":142370,"codec":"mp3","downmix":"mix","equal_loudness":0,"length":230.66229248,"lossless":false,"md5_encoded":"27a5c2111d126fb2bd87ad55c067708a","replay_gain":-2.93315887451,"sample_rate":44100},"tags":{"album":["The Complete Columbia Album Collection"],"albumartist":["Johnny Cash"],"albumartistsort":["Cash, Johnny"],"artist":["Johnny Cash"],"artists":["Johnny Cash"],"artistsort":["Cash, Johnny"],"asin":["B008DDC874"],"barcode":["886979104723"],"catalognumber":["88697910472"],"date":["2012-12-04"],"discnumber":["12/63"],"file_name":"12 - Troublesome Waters.mp3","isrc":["USSM10414725"],"label":["Columbia","Legacy"],"media":["CD"],"musicbrainz album release country":["US"],"musicbrainz album status":["official"],"musicbrainz album type":["album","compilation"],"musicbrainz release track id":["565f1c9e-7188-3501-9233-9a3cfa733fc9"],"musicbrainz_albumartistid":["d43d12a1-2dc9-4257-a2fd-0a3bb1081b86"],"musicbrainz_albumid":["de36c451-000c-4488-9375-b6d40b6636e5"],"musicbrainz_artistid":["d43d12a1-2dc9-4257-a2fd-0a3bb1081b86"],"musicbrainz_recordingid":["cf7facb4-464d-4052-ae31-45d64715f28f"],"musicbrainz_releasegroupid":["30578604-ce5e-4d3d-a09c-6c06fc4c526b"],"originaldate":["2012"],"script":["Latn"],"title":["Troublesome Waters"],"tracknumber":["12/12"]},"version":{"essentia":"2.1-beta1","essentia_build_sha":"ca57ba49d9b1854bd80e60cf9ccf267278fb7d6b","essentia_git_sha":"v2.1_beta1-28-g21ef5f4-dirty","extractor":"music 1.0"}},"rhythm":{"beats_count":342,"beats_loudness":{"dmean":0.103912957013,"dmean2":0.197129413486,"dvar":0.00565508799627,"dvar2":0.0195053257048,"max":0.341188728809,"mean":0.111383549869,"median":0.0860549360514,"min":1.05069325684e-7,"var":0.00683569069952},"beats_loudness_band_ratio":{"dmean":[0.111340276897,0.105724707246,0.0293470863253,0.0158121529967,0.00440852856264,0.00193581415806],"dmean2":[0.194247171283,0.190839409828,0.0523558184505,0.0285499151796,0.00814256910235,0.00366526842117],"dva