{"lowlevel":{"average_loudness":0.790941536427,"barkbands":{"dmean":[0.0000161568495969,0.000102441605122,0.00144906376954,0.000478001544252,0.00422468176112,0.000938863318879,0.00170349131804,0.00131827942096,0.0017844105605,0.00075101479888,0.0000974850845523,0.000115524278954,0.00011586726032,0.000185723023606,0.00017449297593,0.0000250901175605,0.0000262085759459,0.0000597599319008,0.0000152298507601,0.0000257526462519,0.0000108047725007,0.00000924995219975,0.00000811836616776,0.00000724279470887,0.00000265509629571,6.93652737027e-7,2.37796626834e-8],"dmean2":[0.0000297776005027,0.000154366862262,0.00157538976055,0.000790047342889,0.00660574249923,0.00138134427834,0.00256219576113,0.00205953721888,0.00274777086452,0.00125062349252,0.00015733933833,0.000192794192117,0.000184686883586,0.000290591036901,0.00027526949998,0.0000395393908548,0.0000410325701523,0.0000932736729737,0.000023569111363,0.0000390306122426,0.0000169743743754,0.000013691868844,0.0000122412948258,0.0000108846088551,0.00000422514949605,0.00000116112266824,3.99194775014e-8],"dvar":[3.80041720316e-10,3.0369346149e-8,0.00000432020942753,6.45813031497e-7,0.0000457092464785,0.00000305034586745,0.000011999039998,0.000012056812011,0.0000189153724932,0.00000741269013815,1.44893789411e-7,7.01708131601e-8,9.30172916469e-8,2.41122307898e-7,2.64657415983e-7,3.81968989771e-9,4.01051369892e-9,1.86246058576e-8,9.19979370462e-10,4.61035121191e-9,3.2052691612e-9,9.85059145364e-10,1.47854539723e-9,5.55407675407e-9,1.34692934584e-9,1.18102277957e-10,4.10157917016e-14],"dvar2":[1.16278198181e-9,7.27002458234e-8,0.00000462922753286,0.0000018048418724,0.000105455561425,0.00000603860826232,0.0000269226984528,0.000029345477742,0.0000471007697342,0.0000209928566619,3.16660930366e-7,1.97364528276e-7,2.48674155046e-7,6.54820894397e-7,6.86822886564e-7,9.06024943959e-9,1.05013144847e-8,4.74492658498e-8,2.21496732067e-9,9.54029566458e-9,8.83092621251e-9,2.1784825055e-9,3.84652310004e-9,1.40376537061e-8,3.44835071608e-9,3.14817449887e-10,1.01896992905e-13],"max":[0.000451917876489,0.0029141351115,0.0542697310448,0.013671124354,0.127694502473,0.0571227930486,0.0630536302924,0.0602119863033,0.0703421458602,0.0506669282913,0.0111570619047,0.00563962152228,0.00534791033715,0.0142934117466,0.00939326919615,0.00126799673308,0.00202503474429,0.00254737935029,0.000749868631829,0.00319420243613,0.00243175053038,0.00103508832399,0.00199282797985,0.00393965281546,0.00190901919268,0.000556406856049,0.0000102246494862],"mean":[0.0000187721034308,0.00020901861717,0.0035836789757,0.000879879691638,0.00747640850022,0.00181579927448,0.00293304910883,0.00196756166406,0.00261953496374,0.00114696053788,0.000130784101202,0.000185548298759,0.000198759968043,0.000309631606797,0.000292609183816,0.0000483412841277,0.0000551640114281,0.000122783807456,0.0000343080355378,0.0000597817888774,0.0000206300410355,0.0000180405713763,0.0000169835184352,0.00000999698841042,0.00000293471953228,6.61599074192e-7,3.94767525336e-8],"median":[0.0000140362917591,0.000102565332782,0.00178008177318,0.0003973171697,0.00416703475639,0.000737566151656,0.000896643497981,0.000317782803904,0.000253277888987,0.000138784715091,0.0000226782358368,0.0000577066093683,0.0000425551661465,0.0000640829675831,0.0000220114980038,0.0000112446423373,0.0000170572948264,0.0000325618275383,0.000013166512872,0.0000262235735136,0.00000986629493127,0.00000646721855446,0.00000701894668964,0.00000240633562498,6.40244138594e-7,1.32178897161e-7,2.8743283309e-8],"min":[1.93474014019e-24,7.03463714559e-24,2.53016367398e-24,3.39938307861e-24,9.62376698895e-24,7.29367540104e-24,4.41364994344e-24,1.46470691503e-23,2.43740507001e-23,2.59424955063e-23,2.93708471351e-23,2.90866457945e-23,4.70208494275e-23,4.0663075449e-23,5.17094126632e-23,7.16815879578e-23,8.7403579488e-23,1.28459069061e-22,1.49099886014e-22,2.03450849906e-22,2.77766961919e-22,3.3175629935e-22,4.4744175398e-22,7.01555384299e-22,9.65835450068e-22,1.45496253279e-21,1.97977601679e-21],"var":[3.57710472354e-10,7.89853444871e-8,0.0000247581301664,0.00000171307135588,0.000101423735032,0.0000101398391052,0.0000255855447904,0.0000238993561652,0.000038785761717,0.0000134782258101,1.84625562838e-7,1.26723719518e-7,2.03886330041e-7,5.08952950895e-7,5.30767522378e-7,9.80799352845e-9,1.23215064818e-8,5.38588800225e-8,3.3738232208e-9,1.36978908216e-8,2.91039303768e-9,1.56381874117e-9,1.78572723275e-9,4.81337592007e-9,1.07434539043e-9,8.52289350206e-11,3.32833194057e-14]},"barkbands_crest":{"dmean":2.92423939705,"dmean2":4.77308654785,"dvar":6.06082820892,"dvar2":15.5898036957,"max":26.2292003632,"mean":12.3924942017,"median":11.815984726,"min":3.19423985481,"var":17.1882133484},"barkbands_flatness_db":{"dmean":0.0222520306706,"dmean2":0.0341501571238,"dvar":0.000384302198654,"dvar2":0.000912069866899,"max":0.45292955637,"mean":0.224747106433,"median":0.2217733711,"min":0.0310471970588,"var":0.00308477412909},"barkbands_kurtosis":{"dmean":5.8194565773,"dmean2":8.91616916656,"dvar":93.5310058594,"dvar2":214.044586182,"max":217.387451172,"mean":12.8328742981,"median":8.00126743317,"min":-1.74952554703,"var":234.635070801},"barkbands_skewness":{"dmean":0.658233523369,"dmean2":0.986648976803,"dvar":0.445224493742,"dvar2":0.992198288441,"max":11.7823619843,"mean":2.20097613335,"median":1.98669445515,"min":-2.1409869194,"var":2.31140184402},"barkbands_spread":{"dmean":2.26871943474,"dmean2":3.51160860062,"dvar":10.8637313843,"dvar2":24.7828903198,"max":102.847312927,"mean":7.62076234818,"median":5.9911031723,"min":0.530705153942,"var":46.7780075073},"dissonance":{"dmean":0.034692261368,"dmean2":0.0581229254603,"dvar":0.000959624536335,"dvar2":0.00266910600476,"max":0.499999374151,"mean":0.401506900787,"median":0.406239509583,"min":0.192762240767,"var":0.00264595681801},"dynamic_complexity":3.76903605461,"erbbands":{"dmean":[0.00126291438937,0.0549140423536,1.22580206394,1.59351098537,4.17065095901,18.5748729706,18.873790741,5.90192604065,20.6946220398,25.1890525818,29.7418479919,37.7369995117,28.6373405457,17.6874160767,3.44042229652,4.09463500977,3.71704053879,7.4792675972,11.5864915848,3.66734313965,1.14520585537,1.33056080341,3.45476746559,1.31669175625,0.501511633396,1.36589634418,0.541522979736,0.397113502026,0.397545665503,0.315238267183,0.186861217022,0.15925860405,0.106407038867,0.0458781421185,0.0123168295249,0.0043481416069,0.00101460167207,0.000103001388197,0.00000776435808802,0.00000874059696798],"dmean2":[0.00195712409914,0.0685764849186,1.32671201229,2.20674467087,6.46828603745,29.3937358856,28.1399936676,8.938788414,31.2144069672,38.2815933228,46.3468360901,57.0112571716,45.1550941467,29.5315761566,5.59540557861,6.82808256149,5.8414440155,11.6696157455,17.7165374756,5.82711744308,1.78313195705,2.02517676353,5.356508255,2.01812434196,0.720466315746,2.07230305672,0.847770631313,0.610216319561,0.592461168766,0.479834407568,0.281749367714,0.241551503539,0.157410591841,0.073403686285,0.0203259401023,0.00723647465929,0.00171451002825,0.000170688639628,0.000012628523109,0.000013052191207],"dvar":[0.00000407067864217,0.00673809694126,3.14049911499,4.68539810181,33.3911132813,1148.25610352,1659.79992676,113.10320282,2347.28564453,2994.83251953,5736.12939453,7761.86523438,6644.68554688,4227.20556641,49.8257751465,115.508522034,76.1849060059,297.275543213,931.119812012,112.620399475,9.49072170258,7.5951333046,63.8408164978,7.10766029358,2.14592289925,12.4796457291,3.66520905495,5.06069993973,2.45784187317,0.977932393551,1.24840641022,2.5709643364,1.00454592705,0.469351798296,0.0256933737546,0.00668243737891,0.0000915372584132,0.00000199996179617,3.00932767594e-9,1.17140505629e-10],"dvar2":[0.00000946654654399,0.0111277885735,3.32034730911,9.74556446075,84.4155578613,2590.24755859,3419.24487305,288.035064697,5078.31005859,7065.53027344,14010.0087891,18761.9765625,16287.5839844,12368.7255859,121.884307861,332.302337646,201.271942139,755.361572266,2375.07055664,293.986572266,24.0719871521,18.6855449677,161.953659058,17.4795894623,4.05549573898,27.8134765625,10.2870817184,13.3669595718,5.61285066605,2.30834579468,3.28883814812,6.69595003128,2.3349506855,1.2287017107,0.0720153152943,0.0180373992771,0.000242275171331,0.00000510002564624,7.86358267391e-9,2.56594578918e-10],"max":[0.0305005274713,1.65349578857,45.1749572754,49.4464111328,88.6586303711,749.627075195,1016.65100098,204.056594849,986.778503418,951.942260742,1634.39953613,1416.8236084,1604.78930664,1542.38708496,144.646942139,205.830535889,157.827667236,259.224975586,597.583251953,202.123092651,111.872276306,54.8654670715,142.541824341,58.8755264282,88.0939025879,135.198410034,87.779510498,94.3000640869,46.8257293701,42.9193725586,59.0620994568,84.7665405273,53.6945915222,35.4676208496,7.62320947647,4.19668722153,0.454225957394,0.072348035872,0.00274537620135,0.000186386576388],"mean":[0.00266100140288,0.133269682527,3.08099555969,3.8422563076,7.96199703217,30.6667861938,32.6725006104,13.1058273315,38.4255905151,40.0876350403,45.5734367371,55.2122802734,44.7216911316,28.2990131378,6.40801382065,6.93830919266,7.37593746185,14.0782880783,21.4945106506,7.19187879562,2.65589404106,3.1873755455,7.13742733002,3.32134437561,1.33156478405,3.12439990044,1.25537228584,0.720881581306,0.698429048061,0.676528871059,0.401347994804,0.229200139642,0.148949280381,0.051224630326,0.0127915339544,0.00415063137189,0.000988247920759,0.000132036351715,0.0000187870300579,0.0000275189067906],"median":[0.00165131723043,0.069187887013,1.49755680561,2.47224760056,4.60158443451,13.9374418259,8.80206680298,6.15509128571,11.7356119156,16.2494869232,9.97787284851,8.21993541718,6.83304166794,4.75548410416,2.28874611855,1.97158575058,2.12635660172,3.13348841667,2.71036863327,1.17573034763,0.76258289814,1.10874414444,1.90206599236,1.1382945776,0.633386671543,1.29281759262,0.604112863541,0.319215625525,0.23077853024,0.265580654144,0.158692330122,0.0646230205894,0.0354775898159,0.011533816345,0.00260785478167,0.00072764151264,0.000228205506573,0.0000642971208435,0.0000140508591358,0.000022521306164],"min":[3.40559280232e-22,1.53284544468e-21,5.14736198667e-21,9.57629256975e-21,8.99543244956e-21,3.42416132081e-20,5.5326408248e-20,9.91678143562e-20,7.93221940351e-20,7.52932428406e-20,3.17788600025e-19,4.98328601082e-19,4.71045702938e-19,1.17178684748e-18,1.80320762005e-18,1.01411691694e-18,2.45882993958e-18,2.45161030719e-18,3.60726847689e-18,3.18180978319e-18,3.92803546996e-18,4.77314646306e-18,7.09097684979e-18,5.09279552153e-18,8.72098256894e-18,1.01209841013e-17,1.14600480652e-17,1.1456250479e-17,1.17141339611e-17,1.07037998445e-17,1.31313797277e-17,1.01429788338e-17,1.06210065098e-17,9.08624981101e-18,6.54495079154e-18,4.84555785389e-18,2.689224142e-18,1.0433873233e-18,2.63576035709e-19,2.92045744161e-20],"var":[0.00000897036534298,0.0310937948525,18.1428337097,18.8966751099,88.2535705566,2652.87866211,4581.45654297,376.27557373,5285.21630859,5379.02001953,11467.3896484,15639.3691406,12918.4248047,8671.28417969,122.464538574,211.785568237,198.882827759,773.518371582,2376.45678711,257.146026611,30.8582267761,25.537229538,179.025085449,30.8828144073,7.02207326889,36.7507667542,5.0417714119,4.7562713623,3.41502285004,1.69007194042,1.40033888817,2.19726538658,0.996936321259,0.355271369219,0.0164730995893,0.00473139481619,0.0000669949586154,0.00000151567019202,2.33345431866e-9,4.72868855184e-10]},"erbbands_crest":{"dmean":3.67870426178,"dmean2":5.92991399765,"dvar":10.1323900223,"dvar2":24.7208843231,"max":31.5655441284,"mean":14.0330820084,"median":13.3419494629,"min":2.21366477013,"var":30.2674865723},"erbbands_flatness_db":{"dmean":0.0208962708712,"dmean2":0.0314054824412,"dvar":0.00033111430821,"dvar2":0.000777083623689,"max":0.374593168497,"mean":0.228038907051,"median":0.226855710149,"min":0.0365065187216,"var":0.00230718310922},"erbbands_kurtosis":{"dmean":2.67482924461,"dmean2":4.13918304443,"dvar":12.2958889008,"dvar2":28.4613170624,"max":83.7051773071,"mean":5.00385093689,"median":2.87559199333,"min":-1.73330938816,"var":52.1894950867},"erbbands_skewness":{"dmean":0.479261606932,"dmean2":0.736348628998,"dvar":0.199966818094,"dvar2":0.473476618528,"max":6.19346380234,"mean":1.48933839798,"median":1.38230407238,"min":-1.12943232059,"var":1.07325363159},"erbbands_spread":{"dmean":6.2528295517,"dmean2":9.42315387726,"dvar":49.3559341431,"dvar2":103.648445129,"max":130.281188965,"mean":22.2918300629,"median":19.1046829224,"min":2.05086612701,"var":222.783325195},"gfcc":{"cov":[[19457.7636719,1966.15771484,-3681.85791016,-209.611557007,-1004.57330322,37.811870575,-185.9662323,-131.497299194,85.6318130493,-483.888793945,-134.377151489,-623.334533691,-8.1683473587],[1966.15771484,877.053588867,-214.377731323,-274.545806885,-54.3856773376,-196.465805054,95.9409866333,-86.5915679932,17.3455181122,-101.34085083,-23.6221485138,-117.289871216,-63.1932868958],[-3681.85791016,-214.377731323,1502.68261719,280.926940918,64.2550430298,-73.067024231,-55.9961547852,15.9845628738,-106.514663696,149.996170044,37.411655426,187.325912476,-24.9695510864],[-209.611557007,-274.545806885,280.926940918,456.462890625,18.7379188538,63.582988739,-84.6126327515,24.1688976288,-17.7437744141,46.4552688599,22.0904846191,45.8288002014,36.9591445923],[-1004.57330322,-54.3856773376,64.2550430298,18.7379188538,234.072753906,41.3658447266,42.7071037292,8.25578975677,17.6402206421,16.609172821,-8.60877418518,5.65713691711,4.55977201462],[37.811870575,-196.465805054,-73.067024231,63.582988739,41.3658447266,212.384918213,22.7851142883,36.3138542175,0.144554764032,18.1559181213,-9.07092094421,-11.4848022461,-2.20962762833],[-185.9662323,95.9409866333,-55.9961547852,-84.6126327515,42.7071037292,22.7851142883,161.252868652,8.09272861481,1.73377835751,-13.5974063873,-6.86182546616,-24.2753200531,-22.0280036926],[-131.497299194,-86.5915679932,15.9845628738,24.1688976288,8.25578975677,36.3138542175,8.09272861481,97.9661865234,42.7034187317,14.7982330322,-13.28028965,-14.2985258102,-5.88438510895],[85.6318130493,17.3455181122,-106.514663696,-17.7437744141,17.6402206421,0.144554764032,1.73377835751,42.7034187317,115.291992188,12.3678665161,-19.9449481964,-48.6754722595,-8.15051937103],[-483.888793945,-101.34085083,149.996170044,46.4552688599,16.609172821,18.1559181213,-13.5974063873,14.7982330322,12.3678665161,101.491043091,15.7896928787,10.4802761078,-15.1820878983],[-134.377151489,-23.6221485138,37.411655426,22.0904846191,-8.60877418518,-9.07092094421,-6.86182546616,-13.28028965,-19.9449481964,15.7896928787,66.7010269165,30.0135173798,-6.73476552963],[-623.334533691,-117.289871216,187.325912476,45.8288002014,5.65713691711,-11.4848022461,-24.2753200531,-14.2985258102,-48.6754722595,10.4802761078,30.0135173798,121.841888428,16.9941444397],[-8.1683473587,-63.1932868958,-24.9695510864,36.9591445923,4.55977201462,-2.20962762833,-22.0280036926,-5.88438510895,-8.15051937103,-15.1820878983,-6.73476552963,16.9941444397,69.1408309937]],"icov":[[0.000561899505556,-0.00180073908996,0.00144967937376,-0.00123084662482,0.00170478119981,-0.00112995540258,0.00122763530817,-0.000936125405133,0.00112886249553,-0.000707921455614,0.000738740083762,-0.000331193761667,-0.000104072074464],[-0.00180073908996,0.00847948156297,-0.00480137113482,0.00449868943542,-0.00527457054704,0.00563836097717,-0.00497481273487,0.00488644698635,-0.00390439992771,0.00421084882692,-0.0023252046667,0.00334634911269,0.00217292830348],[0.00144967937376,-0.00480137113482,0.00501430500299,-0.00385925266892,0.00404681684449,-0.00210992735811,0.00312665733509,-0.00315830181353,0.00406563514844,-0.00351944146678,0.00283278641291,-0.00245725293644,0.000636135868262],[-0.00123084662482,0.00449868943542,-0.00385925266892,0.00605761865154,-0.0038053356111,0.00160384993069,-0.00143645633943,0.00194153771736,-0.00259475037456,0.00181684317067,-0.00282929162495,0.00163519091439,-0.00124016078189],[0.00170478119981,-0.00527457054704,0.00404681684449,-0.0038053356111,0.010201622732,-0.00430271495134,0.0020385987591,-0.00186808709987,0.00184531114064,-0.00241190264933,0.00277247605845,-0.00141844374593,-0.00113701377995],[-0.00112995540258,0.00563836097717,-0.00210992735811,0.00160384993069,-0.00430271495134,0.0101094031706,-0.00413677794859,0.000807144271675,-0.000351952912752,0.00105195539072,-0.000169741164427,0.00218770443462,0.00239335861988],[0.00122763530817,-0.00497481273487,0.00312665733509,-0.00143645633943,0.0020385987591,-0.00413677794859,0.011121775955,-0.00373183446936,0.00364593532868,-0.00109731906559,0.00111339206342,-0.000321077706758,0.000830488221254],[-0.000936125405133,0.00488644698635,-0.00315830181353,0.00194153771736,-0.00186808709987,0.000807144271675,-0.00373183446936,0.0169773939997,-0.00794739183038,0.00238799559884,0.0002848940494,0.00175499822944,0.00176591298077],[0.00112886249553,-0.00390439992771,0.00406563514844,-0.00259475037456,0.00184531114064,-0.000351952912752,0.00364593532868,-0.00794739183038,0.0165836196393,-0.00468390248716,0.00341613357887,0.00254672928713,0.000405581726227],[-0.000707921455614,0.00421084882692,-0.00351944146678,0.00181684317067,-0.00241190264933,0.00105195539072,-0.00109731906559,0.00238799559884,-0.00468390248716,0.0162680894136,-0.00452775927261,0.00279425061308,0.00346130202524],[0.000738740083762,-0.0023252046667,0.00283278641291,-0.00282929162495,0.00277247605845,-0.000169741164427,0.00111339206342,0.0002848940494,0.00341613357887,-0.00452775927261,0.0203676149249,-0.00537707237527,0.00340227549896],[-0.000331193761667,0.00334634911269,-0.00245725293644,0.00163519091439,-0.00141844374593,0.00218770443462,-0.000321077706758,0.00175499822944,0.00254672928713,0.00279425061308,-0.00537707237527,0.0156915746629,-0.00199842220172],[-0.000104072074464,0.00217292830348,0.000636135868262,-0.00124016078189,-0.00113701377995,0.00239335861988,0.000830488221254,0.00176591298077,0.000405581726227,0.00346130202524,0.00340227549896,-0.00199842220172,0.0195264127105]],"mean":[-92.7714538574,139.109512329,-108.139938354,23.7801475525,-73.2320327759,-9.16520214081,-37.7952651978,-8.8827457428,-19.9526538849,-13.0557413101,-14.9788541794,-16.1750125885,-14.6990861893]},"hfc":{"dmean":3.54810166359,"dmean2":5.31550216675,"dvar":24.8321800232,"dvar2":58.2554550171,"max":122.281326294,"mean":11.271273613,"median":8.08987045288,"min":1.07327081525e-16,"var":117.773338318},"melbands":{"dmean":[0.0000163759505085,0.000449343875516,0.000303491542581,0.00076629628893,0.00074987258995,0.000133081222884,0.000325310102198,0.000278660998447,0.000244016060606,0.000248697208008,0.000152275970322,0.0000824990856927,0.0000120802551464,0.0000142872640936,0.00000577165837967,0.0000134415786306,0.0000146666889123,0.0000210586222238,0.0000104112104964,0.00000214767237594,0.00000143853776535,0.00000146497734477,0.00000223829624701,0.00000364048742085,0.00000100650925106,3.79428200858e-7,6.2590544303e-7,0.00000104081902919,4.3573808739e-7,2.57954383187e-7,2.51274855145e-7,2.7858848739e-7,1.30397992848e-7,2.09801925166e-7,1.21744577086e-7,7.83136968607e-8,1.1453043669e-7,8.44843910386e-8,5.49799139549e-8,3.62818042277e-8],"dmean2":[0.0000256228886428,0.000490454956889,0.000429926236393,0.00121995096561,0.00113678851631,0.000201520684641,0.000487328623421,0.000427035440225,0.000378996366635,0.000377106596716,0.000242115711444,0.0001385579817,0.0000194810727407,0.0000238552529481,0.00000954801362241,0.0000210755297303,0.0000232240508922,0.000031982184737,0.0000167047091963,0.00000341868417308,0.00000227445434575,0.00000231611102208,0.0000034351476188,0.00000566771677768,0.00000157377974119,5.77918456202e-7,9.28598751671e-7,0.00000160073557254,6.97110692727e-7,4.02948444389e-7,3.93577380464e-7,4.24634123419e-7,1.98717415856e-7,3.21606279385e-7,1.85270238262e-7,1.23137141372e-7,1.74426901367e-7,1.26775702824e-7,8.73761223374e-8,6.00617440227e-8],"dvar":[7.72001407245e-10,4.18273316427e-7,1.57500195996e-7,0.00000154264535013,0.00000214551505451,5.29683212847e-8,5.19197214999e-7,3.7394914898e-7,3.42322834967e-7,3.69420746438e-7,1.86920345868e-7,9.55558192572e-8,1.14062304046e-9,1.25723742528e-9,1.26620214314e-10,1.20146892435e-9,1.22707610739e-9,3.18639159502e-9,1.4028538331e-9,2.87876649602e-11,2.33939811967e-11,1.20807218396e-11,1.71562521134e-11,9.03621344417e-11,4.23872568989e-12,6.36521705569e-13,4.39047149331e-12,6.58434548204e-12,1.32443383517e-12,2.32146355091e-12,1.74506795732e-12,1.17159895067e-12,1.61517473658e-13,3.66118593775e-13,4.06540279956e-13,5.18178327937e-13,1.14466389926e-12,4.2319086061e-13,6.59252763057e-13,2.99717824344e-13],"dvar2":[1.87084436831e-9,4.51245085742e-7,3.50133433358e-7,0.00000358221564056,0.00000466974779556,1.29993765086e-7,0.00000112500163141,8.93469007224e-7,8.3738569856e-7,9.06191075956e-7,4.63861425715e-7,2.81528627966e-7,2.53736831546e-9,3.5287399669e-9,3.35692473818e-10,3.1666003153e-9,3.13916315164e-9,8.0965394389e-9,3.74379949264e-9,6.88367904345e-11,6.10859210437e-11,3.05864153449e-11,4.1105403803e-11,2.33163099939e-10,1.04368033313e-11,1.25755851045e-12,8.68871554566e-12,1.49263795768e-11,3.6177532324e-12,6.43050933682e-12,4.49757679016e-12,2.64060149614e-12,3.6637313734e-13,8.67576626859e-13,1.04820167303e-12,1.45468760735e-12,2.8424313684e-12,8.9606870101e-13,1.68080729456e-12,8.13921792377e-13],"max":[0.000457020883914,0.0164997447282,0.0078491428867,0.0273343734443,0.0290045142174,0.00412038713694,0.0146115729585,0.0105903176591,0.0119266370311,0.0106545612216,0.00839088484645,0.00696066394448,0.000909349182621,0.000838600040879,0.000193022831809,0.000621750310529,0.000636107462924,0.00138097361196,0.000802425958682,0.000124138066894,0.000190220540389,0.0000781905837357,0.0000826475297799,0.000202478782739,0.0000507536278747,0.0000341108461726,0.000117560164654,0.0000894445547601,0.0000451713931398,0.0000662470847601,0.0000495038329973,0.0000290796251647,0.0000153742421389,0.0000255836093856,0.0000334041251335,0.0000372600079572,0.0000565192640352,0.000034129483538,0.0000425163816544,0.0000275662441709],"mean":[0.0000337586570822,0.00112399167847,0.000765148201026,0.00132098584436,0.00129077374004,0.000279086147202,0.000601534033194,0.000438046816271,0.000363997532986,0.000361740851076,0.000229418845265,0.000127211867948,0.0000186703455256,0.0000227080090553,0.00000986974646366,0.0000240088993451,0.0000249579661613,0.0000378867298423,0.0000166678873939,0.00000432845126852,0.00000288803448711,0.00000302895364257,0.00000473524096378,0.00000689268972565,0.00000225547501032,8.61793068907e-7,0.00000131040451379,0.00000227970690503,8.9816541049e-7,4.48586348512e-7,3.92147313732e-7,4.42640640586e-7,2.78370464457e-7,4.15327690462e-7,2.52105678555e-7,1.32143426868e-7,1.48720417315e-7,1.19977883628e-7,6.39463095808e-8,3.67451242766e-8],"median":[0.0000177826914296,0.000551980920136,0.000500694615766,0.000751651998144,0.000401104683988,0.000125499384012,0.000199381160201,0.000156287889695,0.0000542183879588,0.0000375037307094,0.0000299610146612,0.00001879919364,0.00000527647671333,0.00000666447203912,0.00000356882878805,0.00000479543905385,0.00000481636652694,0.00000460067531094,0.00000141191435432,0.00000103854267763,7.69157566083e-7,0.00000101551393072,0.00000148359515606,0.00000140974339047,7.96684673787e-7,3.49991410076e-7,5.31924513325e-7,8.48717945701e-7,3.89091752595e-7,1.99819069735e-7,1.5374135387e-7,1.26419251956e-7,1.05439347919e-7,1.54486315296e-7,9.515167676e-8,4.91439742234e-8,3.18189812276e-8,2.82401391161e-8,1.34374156247e-8,7.34224814281e-9],"min":[3.97146776808e-24,4.08023196539e-24,1.49141480678e-24,1.68118841234e-24,1.99007853548e-24,2.18952268827e-24,1.40224423803e-24,1.01082979787e-24,3.15161803992e-24,3.38757738073e-24,2.2120302704e-24,4.22761563718e-24,5.93584896236e-24,4.41139419568e-24,1.57458717303e-24,3.22395540164e-24,3.71861339327e-24,4.49652569799e-24,3.68178936622e-24,3.88019064489e-24,3.96609010329e-24,5.10176147815e-24,4.89390846254e-24,3.76966571005e-24,3.44518552605e-24,4.79158610338e-24,5.56754045533e-24,6.22397291381e-24,5.58837308855e-24,5.97529358534e-24,6.28031414853e-24,6.32132111053e-24,6.74600004012e-24,5.41504220387e-24,6.36221171555e-24,6.38709830496e-24,6.19681085512e-24,6.34356817135e-24,7.20078702945e-24,6.01993877384e-24],"var":[1.80563497487e-9,0.0000024067526283,6.88394834469e-7,0.00000347992249772,0.00000543726673641,1.7291976917e-7,0.0000011842347476,6.70807935421e-7,6.74742466344e-7,7.68900122239e-7,3.55606260882e-7,1.90016166357e-7,1.93143101512e-9,2.156362644e-9,2.68247590807e-10,2.92703905558e-9,2.7913953371e-9,8.08464850621e-9,2.37863551078e-9,8.14035852614e-11,6.81078665687e-11,3.21557225291e-11,5.73259495429e-11,2.28361010657e-10,1.50309313607e-11,2.56609447233e-12,1.03259839915e-11,2.01953835599e-11,2.33297387485e-12,1.97413938495e-12,1.70091371543e-12,1.63483701403e-12,2.91925582015e-13,6.38460259054e-13,5.02440103411e-13,4.24724979579e-13,1.03427477086e-12,4.96702342884e-13,5.20595448261e-13,2.09214305494e-13]},"melbands_crest":{"dmean":3.39709353447,"dmean2":5.49913692474,"dvar":8.67960548401,"dvar2":21.7594871521,"max":36.7466430664,"mean":15.5547380447,"median":14.7217578888,"min":1.65536189079,"var":26.8588848114},"melbands_flatness_db":{"dmean":0.0236654933542,"dmean2":0.0352059751749,"dvar":0.00044551389874,"dvar2":0.000991779030301,"max":0.595668017864,"mean":0.298297584057,"median":0.295383423567,"min":0.0043235369958,"var":0.00548618799075},"melbands_kurtosis":{"dmean":8.75715637207,"dmean2":13.4694423676,"dvar":223.395217896,"dvar2":525.439697266,"max":260.845489502,"mean":18.4294586182,"median":9.93380355835,"min":-1.39012992382,"var":612.905273438},"melbands_skewness":{"dmean":0.774012565613,"dmean2":1.1708022356,"dvar":0.635939836502,"dvar2":1.46674668789,"max":12.2714853287,"mean":2.4153881073,"median":2.0575697422,"min":-0.87715536356,"var":3.08735227585},"melbands_spread":{"dmean":2.53644990921,"dmean2":3.90926766396,"dvar":14.6229915619,"dvar2":32.7298583984,"max":163.188552856,"mean":9.73959541321,"median":7.15760946274,"min":0.760853230953,"var":171.546203613},"mfcc":{"cov":[[10488.3134766,804.292053223,-1726.4510498,-406.301727295,-391.415466309,-21.0781154633,-254.693786621,72.7729034424,-31.7249088287,267.196533203,-75.5652923584,-189.660675049,-378.571472168],[804.292053223,1305.83337402,-95.9576339722,-48.6839523315,-221.871246338,-116.890968323,-48.4520988464,-25.3916683197,-76.2324447632,9.22163105011,42.9948310852,-84.9714202881,-99.6398086548],[-1726.4510498,-95.9576339722,970.474182129,294.392700195,94.2181930542,-16.5135307312,35.0871124268,-56.7415161133,-18.8308258057,-112.769996643,-28.3629074097,109.844924927,137.21572876],[-406.301727295,-48.6839523315,294.392700195,316.777557373,88.4776687622,7.19198989868,5.88045549393,-28.1699962616,0.544773519039,-49.6269989014,-46.1454849243,45.4944648743,72.8925476074],[-391.415466309,-221.871246338,94.2181930542,88.4776687622,220.931716919,45.8894805908,2.35462880135,-2.6472697258,31.4598312378,11.1817111969,-16.2832832336,15.7906255722,26.3831977844],[-21.0781154633,-116.890968323,-16.5135307312,7.19198989868,45.8894805908,147.088882446,63.9047775269,18.1858520508,5.90834188461,3.77747035027,17.9044933319,-11.1872663498,-12.7845039368],[-254.693786621,-48.4520988464,35.0871124268,5.88045549393,2.35462880135,63.9047775269,139.643966675,26.9440975189,-9.53009223938,-10.6199703217,11.0692434311,-3.08461356163,-3.71694493294],[72.7729034424,-25.3916683197,-56.7415161133,-28.1699962616,-2.6472697258,18.1858520508,26.9440975189,99.9882278442,17.744260788,-5.22249555588,4.42808675766,-5.20738220215,-11.7097167969],[-31.7249088287,-76.2324447632,-18.8308258057,0.544773519039,31.4598312378,5.90834188461,-9.53009223938,17.744260788,114.652252197,53.1343269348,3.6003484726,1.34089076519,-5.52376413345],[267.196533203,9.22163105011,-112.769996643,-49.6269989014,11.1817111969,3.77747035027,-10.6199703217,-5.22249555588,53.1343269348,130.449462891,33.9927787781,-15.8810462952,-18.7640666962],[-75.5652923584,42.9948310852,-28.3629074097,-46.1454849243,-16.2832832336,17.9044933319,11.0692434311,4.42808675766,3.6003484726,33.9927787781,97.1019592285,9.49490261078,-16.5467300415],[-189.660675049,-84.9714202881,109.844924927,45.4944648743,15.7906255722,-11.1872663498,-3.08461356163,-5.20738220215,1.34089076519,-15.8810462952,9.49490261078,94.7983474731,46.0874824524],[-378.571472168,-99.6398086548,137.21572876,72.8925476074,26.3831977844,-12.7845039368,-3.71694493294,-11.7097167969,-5.52376413345,-18.7640666962,-16.5467300415,46.0874824524,111.52532959]],"icov":[[0.000174088519998,-0.0000516016007168,0.00025599510991,-0.000140819873195,0.000237835556618,-0.00021795759676,0.000318702834193,-0.000122490571812,0.000221875947318,-0.000359128142009,0.000421429082053,-0.000270919932518,0.000363474769983],[-0.0000516016007168,0.00117968290579,-0.000162283773534,-0.000457016431028,0.000880913343281,0.000823929032777,0.000109223074105,0.0000135253130793,0.000611147610471,-0.000203946969123,-0.000766019627918,0.000989693915471,0.000741601746995],[0.00025599510991,-0.000162283773534,0.00218523130752,-0.00126325909514,-0.0000186358556675,0.000099504723039,-0.000254748214502,0.000652778835502,-0.000142652177601,0.000729684077669,0.0000760656694183,-0.00118254846893,-0.000447427271865],[-0.000140819873195,-0.000457016431028,-0.00126325909514,0.00563964340836,-0.00183247611858,-0.00058149540564,-0.000377317104721,0.000904130516574,-0.000877662387211,0.00114125094842,0.00158247619402,-0.000691362773068,-0.00189988035709],[0.000237835556618,0.000880913343281,-0.0000186358556675,-0.00183247611858,0.00707095582038,-0.00199113087729,0.00146467995364,-0.000345400243532,-0.000161201445735,-0.00181426701602,0.00109501148108,-0.00000768557492847,0.00077894347487],[-0.00021795759676,0.000823929032777,0.000099504723039,-0.00058149540564,-0.00199113087729,0.0106371948496,-0.00457282550633,-0.0000993907960947,-0.000190275794012,0.000929118134081,-0.00295856781304,0.00203919480555,0.000646728265565],[0.000318702834193,0.000109223074105,-0.000254748214502,-0.000377317104721,0.00146467995364,-0.00457282550633,0.0104811321944,-0.00267114536837,0.00170923839323,-0.000941214617342,0.000395039154682,-0.0000593739787291,0.000947071355768],[-0.000122490571812,0.0000135253130793,0.000652778835502,0.000904130516574,-0.000345400243532,-0.0000993907960947,-0.00267114536837,0.012178930454,-0.00328222615644,0.00293922843412,-0.000725489982869,-0.0000393805785279,-0.000297171529382],[0.000221875947318,0.000611147610471,-0.000142652177601,-0.000877662387211,-0.000161201445735,-0.000190275794012,0.00170923839323,-0.00328222615644,0.0129107078537,-0.00643432000652,0.00160074187443,-0.000909645226784,0.00194728258066],[-0.000359128142009,-0.000203946969123,0.000729684077669,0.00114125094842,-0.00181426701602,0.000929118134081,-0.000941214617342,0.00293922843412,-0.00643432000652,0.0135387554765,-0.0049434537068,0.00199175719172,-0.00182934943587],[0.000421429082053,-0.000766019627918,0.0000760656694183,0.00158247619402,0.00109501148108,-0.00295856781304,0.000395039154682,-0.000725489982869,0.00160074187443,-0.0049434537068,0.0150041850284,-0.00477114925161,0.00240240897983],[-0.000270919932518,0.000989693915471,-0.00118254846893,-0.000691362773068,-0.00000768557492847,0.00203919480555,-0.0000593739787291,-0.0000393805785279,-0.000909645226784,0.00199175719172,-0.00477114925161,0.0160679649562,-0.00495698489249],[0.000363474769983,0.000741601746995,-0.000447427271865,-0.00189988035709,0.00077894347487,0.000646728265565,0.000947071355768,-0.000297171529382,0.00194728258066,-0.00182934943587,0.00240240897983,-0.00495698489249,0.0147389853373]],"mean":[-728.540466309,161.066574097,13.0186357498,25.7028808594,-10.9098043442,-3.70078611374,-12.5680656433,-3.83948397636,-12.4495258331,1.25153195858,-4.28780174255,-7.46235513687,-12.824213028]},"pitch_salience":{"dmean":0.0710401087999,"dmean2":0.115064926445,"dvar":0.00383894122206,"dvar2":0.00986933428794,"max":0.808364868164,"mean":0.513165354729,"median":0.516023814678,"min":0.11698512733,"var":0.0114288497716},"silence_rate_20dB":{"dmean":0,"dmean2":0,"dvar":0,"dvar2":0,"max":1,"mean":1,"median":1,"min":1,"var":0},"silence_rate_30dB":{"dmean":0.00242718448862,"dmean2":0.00485554756597,"dvar":0.00242128735408,"dvar2":0.00580312032253,"max":1,"mean":0.998058736324,"median":1,"min":0,"var":0.00193753896747},"silence_rate_60dB":{"dmean":0.0140776699409,"dmean2":0.0281621757895,"dvar":0.0138796484098,"dvar2":0.0331960171461,"max":1,"mean":0.0706139281392,"median":0,"min":0,"var":0.0656300336123},"spectral_centroid":{"dmean":97.8005447388,"dmean2":149.168212891,"dvar":26922.75,"dvar2":56232.6289063,"max":11491.4726563,"mean":651.669616699,"median":519.612243652,"min":183.723617554,"var":714564},"spectral_complexity":{"dmean":1.53640770912,"dmean2":2.44962358475,"dvar":2.41176438332,"dvar2":5.28412818909,"max":30,"mean":9.91482639313,"median":9,"min":0,"var":23.5619869232},"spectral_contrast_coeffs":{"dmean":[0.0519304312766,0.0480299666524,0.042728587985,0.0291895233095,0.0204432550818,0.0155972950161],"dmean2":[0.0864623934031,0.0761442109942,0.0650872588158,0.0449426434934,0.0318291820586,0.0244518853724],"dvar":[0.00179418758489,0.00152260262985,0.00121093983762,0.000620322476607,0.000285454792902,0.000191524726688],"dvar2":[0.00489240558818,0.00383914168924,0.00290625193156,0.00139641866554,0.000660305493511,0.000415669259382],"max":[-0.240509778261,-0.360997527838,-0.374245762825,-0.513940215111,-0.61163187027,-0.6405351758],"mean":[-0.497756630182,-0.633682966232,-0.693995773792,-0.751879632473,-0.776963114738,-0.764954268932],"median":[-0.492211133242,-0.632352352142,-0.699982583523,-0.757324874401,-0.776569902897,-0.759124994278],"min":[-0.981925189495,-0.976856470108,-0.973783016205,-0.967357635498,-0.96778601408,-0.964156508446],"var":[0.00881441868842,0.00756432674825,0.00983265321702,0.00666980724782,0.00301797734573,0.00215569045395]},"spectral_contrast_valleys":{"dmean":[0.474583119154,0.314081430435,0.300973623991,0.268708884716,0.222975417972,0.253139525652],"dmean2":[0.793497622013,0.503817021847,0.468834996223,0.413801401854,0.340517997742,0.364052444696],"dvar":[0.173656746745,0.093019336462,0.087436132133,0.0767567232251,0.0715854763985,0.0932910442352],"dvar2":[0.452532231808,0.206792846322,0.18775741756,0.162780314684,0.139708936214,0.183337986469],"max":[-6.07476615906,-5.30717134476,-6.13052654266,-6.74771976471,-6.51320886612,-7.8461933136],"mean":[-8.39977836609,-7.47953748703,-8.56550502777,-9.15371608734,-9.05376052856,-11.7335605621],"median":[-8.19373130798,-7.18363046646,-8.28286361694,-8.92640399933,-8.7953453064,-11.5837440491],"min":[-27.9117717743,-27.6234874725,-27.6494102478,-27.6506729126,-27.3952732086,-27.3593463898],"var":[3.05142521858,3.67213821411,3.50373697281,3.28139829636,3.07107496262,2.19318223]},"spectral_decrease":{"dmean":1.97000726843e-9,"dmean2":2.93641266857e-9,"dvar":5.6142323953e-18,"dvar2":1.20038316368e-17,"max":9.6089387528e-29,"mean":-6.12979844661e-9,"median":-5.01950969678e-9,"min":-3.43387576152e-8,"var":2.30889849047e-17},"spectral_energy":{"dmean":0.00772809470072,"dmean2":0.0115233948454,"dvar":0.0000864031244419,"dvar2":0.000185317083378,"max":0.132947340608,"mean":0.0241575781256,"median":0.0197354983538,"min":9.85245295648e-21,"var":0.000360564299626},"spectral_energyband_high":{"dmean":0.0000436563386756,"dmean2":0.0000640868020128,"dvar":6.37093293676e-8,"dvar2":1.64768692912e-7,"max":0.0130470953882,"mean":0.000103093349026,"median":0.0000477072462672,"min":7.13340365427e-21,"var":6.98211479744e-8},"spectral_energyband_low":{"dmean":0.00164990278427,"dmean2":0.0018808778841,"dvar":0.00000535086746822,"dvar2":0.00000660372916172,"max":0.0606486164033,"mean":0.00414336938411,"median":0.00222100596875,"min":3.58817642589e-23,"var":0.0000297139031318},"spectral_energyband_middle_high":{"dmean":0.000965115963481,"dmean2":0.00148959341459,"dvar":0.00000688024601914,"dvar2":0.000018726757844,"max":0.0566752739251,"mean":0.00246118567884,"median":0.000757584290113,"min":1.23857674955e-21,"var":0.0000244972034125},"spectral_energyband_middle_low":{"dmean":0.00710183009505,"dmean2":0.0108791738749,"dvar":0.0000784292642493,"dvar2":0.000175272565684,"max":0.129952818155,"mean":0.0179044622928,"median":0.0139201469719,"min":1.25558017305e-22,"var":0.00023894723563},"spectral_entropy":{"dmean":0.210939645767,"dmean2":0.320622503757,"dvar":0.0382358655334,"dvar2":0.0885660052299,"max":9.82184696198,"mean":6.56642198563,"median":6.58554267883,"min":4.40232133865,"var":0.362282365561},"spectral_flux":{"dmean":0.0206813495606,"dmean2":0.0346394069493,"dvar":0.000432624045061,"dvar2":0.00117726088502,"max":0.240613341331,"mean":0.0659871697426,"median":0.0628732889891,"min":6.52422768588e-11,"var":0.00128855893854},"spectral_kurtosis":{"dmean":3.90076231956,"dmean2":6.69782495499,"dvar":17.7309570313,"dvar2":51.4203262329,"max":73.8249816895,"mean":10.2975053787,"median":7.61027669907,"min":-1.25352370739,"var":76.633682251},"spectral_rms":{"dmean":0.000739530543797,"dmean2":0.00108614820056,"dvar":5.43379428564e-7,"dvar2":0.00000110949258669,"max":0.0113887982443,"mean":0.00444894516841,"median":0.00438795471564,"min":3.10034658536e-12,"var":0.00000377525657314},"spectral_rolloff":{"dmean":133.547424316,"dmean2":231.23588562,"dvar":135949.3125,"dvar2":270476.40625,"max":19379.8828125,"mean":736.995300293,"median":495.263671875,"min":64.599609375,"var":2561977.5},"spectral_skewness":{"dmean":0.358969837427,"dmean2":0.589288890362,"dvar":0.108880251646,"dvar2":0.28873026371,"max":7.24553346634,"mean":2.34632873535,"median":2.14550375938,"min":-0.072146512568,"var":0.843010008335},"spectral_spread":{"dmean":416679.53125,"dmean2":627053.625,"dvar":374671572992,"dvar2":712953430016,"max":42680256,"mean":3610493.75,"median":3173764.25,"min":1172940.375,"var":9218306342910},"spectral_strongpeak":{"dmean":0.566220760345,"dmean2":0.925884902477,"dvar":0.521368265152,"dvar2":1.3073964119,"max":7.97644853592,"mean":1.19587266445,"median":0.859594285488,"min":0,"var":1.12692332268},"zerocrossingrate":{"dmean":0.00433302205056,"dmean2":0.00545194046572,"dvar":0.0000383943406632,"dvar2":0.0000459376060462,"max":0.53564453125,"mean":0.0316541567445,"median":0.02587890625,"min":0.005859375,"var":0.00198781257495}},"metadata":{"audio_properties":{"analysis_sample_rate":44100,"bit_rate":127964,"codec":"aac","downmix":"mix","equal_loudness":0,"length":95.6662139893,"lossless":false,"md5_encoded":"ebb565fa373a44d7fb195087522160cd","replay_gain":-4.24216079712,"sample_rate":44100},"tags":{"album":["Unicorn"],"albumartistsort":["T. Rex"],"artist":["Tyrannosaurus Rex"],"artistsort":["T. Rex"],"bpm":["0"],"catalognumber":["BTS 7"],"date":["1969"],"discnumber":["1/1"],"encodedby":["iTunes v4.7.1.30, QuickTime 6.5.2"],"file_name":"06. Stones for Avalon_1-36.m4a","genre":["Album rock"],"label":["Blue Thumb Records"],"language":["English"],"media":["12\" Vinyl"],"musicbrainz_albumartistid":["c842d29f-a297-48cd-bb71-4f77fd672b16"],"musicbrainz_albumid":["38546307-4c8e-4770-9721-4531f9ea9c23"],"musicbrainz_artistid":["c842d29f-a297-48cd-bb71-4f77fd672b16"],"musicbrainz_recordingid":["cf806e4b-396f-4faf-b7d6-80ff35d7e919"],"musicbrainz_releasegroupid":["5dbec484-8961-309f-80a9-8e2cee8e65f2"],"script":["Latin"],"title":["Stones for Avalon"],"tracknumber":["6/16"]},"version":{"essentia":"2.1-beta2","essentia_build_sha":"2d9f1f26377add8aeb1075a9c2973f962c4f09fd","essentia_git_sha":"v2.1_beta2-1-ge3940c0","extractor":"music 1.0"}},"rhythm":{"beats_count":185,"beats_loudness":{"dmean":0.0176974516362,"dmean2":0.0305511076003,"dvar":0.000235934086959,"dvar2":0.000693902431522,"max":0.0931874662638,"mean":0.0310285389423,"median":0.026578783989,"min":2.30869297013e-8,"var":0.000412656168919},"beats_loudness_band_ratio":{"dmean":[0.191983312368,0.228101238608,0.211351558566,0.063708126545,0.0266395881772,0.00991032738239],"dmean2":[0.320208489895,0.402988731861,0.370093256235,0.114917829633,0.0490834899247,0.0180477015674],"dvar":[0.024715302512,0.031404864043,0.0328486151993,0.0104252509773,0.00138245