{"lowlevel":{"average_loudness":0.856731295586,"barkbands":{"dmean":[0.0000642801533104,0.00175832409877,0.00076924887253,0.00141767773312,0.00157850899268,0.00125566194765,0.00139203609433,0.000836898863781,0.00140697520692,0.000739968498237,0.000662937876768,0.000641292950604,0.000588068622164,0.000347750697983,0.000283644651063,0.000215331761865,0.000121676173876,0.000112407164124,0.000116134055133,0.0000724892452126,0.0000624994863756,0.0000903821419342,0.0000419264833909,0.0000280096701317,0.0000317209814966,0.0000179833514267,0.00000248654828283],"dmean2":[0.000104679129436,0.00288748997264,0.00129905994982,0.00230201007798,0.00250530452468,0.00202251272276,0.00220673205331,0.00127933837939,0.00218043196946,0.0011476384243,0.00102777348366,0.000986170722172,0.000889912713319,0.000552390702069,0.000443584838649,0.000334712327458,0.000190616541659,0.000173830499989,0.000181986993994,0.000113028363558,0.0000961737168836,0.000149687592057,0.0000646294793114,0.0000391941102862,0.0000436979389633,0.000022478567189,0.00000318552952194],"dvar":[1.79549282109e-8,0.0000123509080368,0.0000025616586754,0.0000086977470346,0.00000701577619111,0.00000495056656291,0.0000076744472608,0.00000607610400039,0.00000893048218131,0.00000497033852298,0.00000182728433629,0.00000248454330176,0.00000142927081015,6.09906408044e-7,4.42246431476e-7,4.93429467952e-7,8.65416538431e-8,7.93083714257e-8,4.47836825401e-8,3.29774820784e-8,1.25695747144e-8,6.58283454413e-8,1.04134825207e-8,3.90008780826e-9,1.06358681862e-8,2.76505396357e-9,5.21766935213e-11],"dvar2":[4.38786500467e-8,0.0000312031515932,0.00000689133639753,0.0000187627319974,0.0000165512155945,0.0000127049715957,0.0000189531892829,0.0000122535129776,0.0000196908567887,0.00000994059337245,0.00000416514512835,0.00000526872190676,0.00000270947771241,0.00000138383120429,0.00000105997196442,0.00000107786445369,1.90959610791e-7,1.92553926581e-7,1.08720243475e-7,8.09740825503e-8,2.91410344744e-8,1.80517176318e-7,2.66382507164e-8,7.49693196411e-9,2.11710968756e-8,3.99464195056e-9,8.86338363815e-11],"max":[0.00283822417259,0.044912148267,0.028723327443,0.0767088532448,0.0371296703815,0.0641846358776,0.0470314025879,0.0652342513204,0.119716152549,0.105702221394,0.032895848155,0.0530331395566,0.0456878915429,0.0310013182461,0.0297872629017,0.0274935942143,0.0121435299516,0.0116063570604,0.00572447106242,0.0100109642372,0.00339064397849,0.00541693950072,0.0022016398143,0.00187070621178,0.00520545337349,0.00163411756512,0.0001671276259],"mean":[0.0000702569741406,0.00284929806367,0.00113624182995,0.00187222729437,0.00265328492969,0.00229512830265,0.00229888549075,0.00141309562605,0.00259456573986,0.00144154718146,0.00119678443298,0.00114149914589,0.00116487347987,0.000619714905042,0.000531815050635,0.000394654227421,0.000230641817325,0.000221070906264,0.000246437441092,0.000149045416038,0.000118934163766,0.000113375397632,0.0000661667436361,0.0000514944404131,0.0000515855899721,0.000029819260817,0.00000356899431608],"median":[0.0000178961490747,0.00122666847892,0.00047257260303,0.000622366263997,0.0013907920802,0.00130040873773,0.00112721743062,0.000476346409414,0.00116183771752,0.00041021569632,0.000551481032744,0.00046984932851,0.000572376826312,0.000319104990922,0.000266877992544,0.000176794448635,0.0000932001348701,0.0000788266552263,0.000129611100419,0.0000901645980775,0.0000646544212941,0.0000355776464858,0.0000214511055674,0.000012659674212,0.00000873941553436,0.00000304691252495,2.27568889954e-7],"min":[5.03147554922e-24,1.11446316496e-23,3.22570746171e-24,1.02140112565e-24,1.54133007916e-23,2.39725930746e-23,7.43672270443e-24,1.52961013047e-23,1.54827852379e-23,3.22471034153e-23,2.39217462561e-23,4.97006320106e-23,6.32220960457e-23,7.97942145744e-23,9.71796865618e-23,9.35378817938e-23,1.0402743467e-22,1.15568488646e-22,1.87582553077e-22,1.89929824477e-22,2.75330378842e-22,4.60520487187e-22,5.06023751249e-22,6.43172104248e-22,9.38507490775e-22,1.35608577292e-21,2.15429779744e-21],"var":[2.10027284453e-8,0.0000175012610271,0.0000041834532567,0.000014149260096,0.0000129430636662,0.0000101322157207,0.0000126835857372,0.0000134306155815,0.0000271471635642,0.0000220833826461,0.00000451870164397,0.000005978925401,0.00000415595150116,0.00000135896425491,9.01216651528e-7,8.96690380614e-7,2.3674577676e-7,2.61809418589e-7,1.24736516227e-7,4.68798475595e-8,2.629352025e-8,5.63425750499e-8,1.48506282827e-8,1.13922284939e-8,2.90696835492e-8,8.26119350705e-9,1.2018713802e-10]},"barkbands_crest":{"dmean":2.3652381897,"dmean2":3.81187152863,"dvar":5.12500715256,"dvar2":12.5433244705,"max":26.0378799438,"mean":8.8181810379,"median":7.85873937607,"min":2.46986794472,"var":14.9517765045},"barkbands_flatness_db":{"dmean":0.0195661373436,"dmean2":0.0275033880025,"dvar":0.000348387286067,"dvar2":0.000668214284815,"max":0.458569407463,"mean":0.132997065783,"median":0.121546790004,"min":0.0254509504884,"var":0.0042067640461},"barkbands_kurtosis":{"dmean":1.57863843441,"dmean2":2.47901892662,"dvar":7.31571006775,"dvar2":17.1978130341,"max":79.1452255249,"mean":2.14352059364,"median":1.14264774323,"min":-1.80732882023,"var":15.6559762955},"barkbands_skewness":{"dmean":0.400132834911,"dmean2":0.606229960918,"dvar":0.162242174149,"dvar2":0.371797323227,"max":6.90579271317,"mean":1.05675292015,"median":1.00115776062,"min":-2.01059746742,"var":0.6057523489},"barkbands_spread":{"dmean":4.15014839172,"dmean2":6.28851509094,"dvar":26.8762702942,"dvar2":60.3596420288,"max":119.654968262,"mean":18.2956924438,"median":17.091884613,"min":0.338188737631,"var":92.9564590454},"dissonance":{"dmean":0.0202148985118,"dmean2":0.0339533127844,"dvar":0.000419571180828,"dvar2":0.00109507655725,"max":0.5,"mean":0.458250850439,"median":0.469610095024,"min":0,"var":0.00173780869227},"dynamic_complexity":3.86818146706,"erbbands":{"dmean":[0.0516236126423,0.409129559994,0.822719573975,2.73434782028,5.93381118774,4.63483524323,7.22946882248,12.8399524689,17.0612773895,20.2413845062,18.2044715881,31.4858169556,27.2387428284,19.4802589417,25.8391036987,23.5073471069,26.6894073486,16.0703220367,15.9052371979,13.4011745453,10.4511137009,6.81587076187,6.09997415543,5.66325092316,4.74475240707,3.41159582138,2.80636715889,2.36158394814,3.24656867981,1.91996133327,1.35490655899,0.659105062485,0.45452234149,0.326469540596,0.248452022672,0.109439641237,0.0264813620597,0.00480246637017,0.000434580259025,0.0000254387814493],"dmean2":[0.0833662077785,0.676360785961,1.38843798637,4.36081075668,9.73522472382,7.53813457489,11.5054531097,20.8007469177,27.1394748688,31.6532459259,27.7556476593,49.1558761597,41.9757423401,30.0986499786,39.778465271,35.7270088196,39.7992706299,25.2143440247,24.4548778534,20.7470703125,15.8765363693,10.5165119171,9.36968326569,8.72108364105,7.42010974884,5.30590724945,4.3508143425,3.70407009125,5.35550642014,3.09240674973,2.12039613724,0.961352229118,0.629305362701,0.446817100048,0.355223119259,0.141506403685,0.0332189872861,0.00606188131496,0.000554606376681,0.000032239844586],"dvar":[0.011861895211,0.647917926311,2.76751470566,36.452835083,146.783081055,71.2744750977,156.798873901,598.203063965,1181.36889648,2143.21020508,2875.52734375,4168.6796875,5761.72851562,2337.06176758,2819.06884766,4163.19238281,3105.79174805,1075.23779297,1340.68383789,732.722717285,1673.91601562,232.86857605,241.36289978,139.166427612,122.486404419,38.0903205872,29.9777297974,17.9057331085,74.3227233887,30.2679100037,11.6685209274,2.139285326,1.19786965847,1.5643581152,0.575097560883,0.0966296046972,0.00602259673178,0.000204624579055,0.00000163923471064,3.36412631086e-9],"dvar2":[0.0286877602339,1.7034393549,7.50409555435,74.2891540527,355.145233154,172.685958862,392.582977295,1558.0690918,3009.77978516,5090.44677734,5517.49462891,9648.86035156,11787.6152344,4347.99365234,6005.23095703,8829.8828125,5530.08789062,2302.46313477,2798.86157227,1618.39599609,3637.96557617,485.128143311,577.647399902,326.612457275,303.880706787,92.9852371216,64.992225647,43.7875976562,201.991546631,82.2641601562,30.4363002777,4.59566068649,2.2488451004,3.18399405479,1.16752231121,0.151475563645,0.00892093684524,0.000336103315931,0.00000283450799543,5.42426503714e-9],"max":[1.47218513489,9.62825298309,30.5846691132,198.110748291,167.062759399,218.050491333,263.500946045,796.991882324,713.062561035,1089.96142578,1655.50537109,1707.42114258,4645.92431641,3218.08056641,1951.63464355,2220.80664062,2353.78125,1063.82714844,1955.06970215,1208.00830078,1654.6619873,798.792480469,646.691650391,410.613739014,556.519592285,190.553039551,175.888824463,70.6098709106,173.164382935,118.458930969,67.6400680542,41.0975265503,53.3030128479,74.0414962769,34.8162536621,9.92807865143,2.66454672813,0.425505936146,0.0396048612893,0.00149402208626],"mean":[0.0740681514144,0.663648784161,1.29921686649,4.06611394882,7.21623182297,8.07827949524,13.5826129913,22.9915122986,29.7877502441,34.0834693909,33.0115089417,58.3820533752,55.4843139648,40.5051078796,51.6163978577,44.7229003906,55.141834259,32.4091110229,31.6987457275,27.7516307831,19.8046646118,14.029800415,12.5535297394,12.8546419144,9.87519931793,7.32011699677,5.82178068161,4.13363790512,4.1271648407,2.59048271179,2.00487828255,1.17531728745,0.823763489723,0.550035297871,0.382171839476,0.178042650223,0.043225184083,0.00735140452161,0.000637183722574,0.0000567940805922],"median":[0.0300264321268,0.275492936373,0.649858295918,1.70376431942,2.67526769638,4.06905269623,8.16730690002,12.6650085449,13.7208137512,14.9611740112,14.2569007874,27.5320606232,19.208398819,18.4594097137,26.5272502899,20.0700531006,27.9622745514,18.7901210785,16.830789566,14.6395015717,9.41629600525,5.9773645401,4.78314495087,5.99623537064,5.62903690338,4.52455759048,3.33750724792,2.04130482674,1.33747911453,0.844744086266,0.6295363307,0.332943201065,0.187464758754,0.0968433842063,0.0623057074845,0.0213261134923,0.00426475796849,0.00053315522382,0.0000565096961509,0.0000318610618706],"min":[3.81501262188e-22,1.20078927721e-21,8.5598402699e-21,7.70834991775e-21,2.24067217472e-20,3.34675207887e-20,1.48510520838e-19,2.3150624336e-19,2.45879618027e-19,4.85540750703e-19,2.47666483247e-19,5.08577110377e-19,1.38398979727e-18,9.32449788656e-19,9.90070052753e-19,1.3649508913e-18,3.12680247925e-18,3.57167241359e-18,4.87155531336e-18,4.13440048918e-18,5.48962135834e-18,6.07695019893e-18,6.70250553717e-18,1.02839014589e-17,8.91952990419e-18,9.87399458786e-18,1.01842998141e-17,1.21734276506e-17,1.66487138197e-17,1.49910637245e-17,1.50847253852e-17,1.10316206202e-17,1.11178790145e-17,8.05832404432e-18,7.82914869253e-18,4.12811887961e-18,2.36893133022e-18,1.0297386364e-18,2.88338902267e-19,3.07398184018e-20],"var":[0.0156313590705,0.909393012524,4.32803678513,65.149772644,163.033721924,158.471420288,301.360443115,1165.55175781,2215.80639648,4165.49658203,6671.65869141,13475.8984375,23868.4746094,9079.7578125,7209.51123047,9873.75097656,9302.171875,2474.15063477,3561.41601562,2054.00878906,2865.52514648,789.469238281,792.233154297,478.556182861,214.419219971,77.7508850098,67.4873657227,32.9004859924,67.69871521,28.0887928009,14.6240625381,5.00322771072,3.62794613838,3.76212882996,1.48115181923,0.284090101719,0.0172771383077,0.000518050685059,0.00000378583558813,8.65100169278e-9]},"erbbands_crest":{"dmean":2.48446774483,"dmean2":3.90417075157,"dvar":5.79217910767,"dvar2":13.364238739,"max":32.8497390747,"mean":9.55673885345,"median":8.17248153687,"min":2.22673559189,"var":23.3414936066},"erbbands_flatness_db":{"dmean":0.0196467172354,"dmean2":0.0258845761418,"dvar":0.000370121793821,"dvar2":0.000631647126283,"max":0.432636916637,"mean":0.17532043159,"median":0.169372528791,"min":0.0301623381674,"var":0.00337975984439},"erbbands_kurtosis":{"dmean":0.937624633312,"dmean2":1.44881749153,"dvar":2.78664445877,"dvar2":6.50352287292,"max":58.3709983826,"mean":1.02544617653,"median":0.325805187225,"min":-1.85389971733,"var":8.77450752258},"erbbands_skewness":{"dmean":0.321888566017,"dmean2":0.493122816086,"dvar":0.104883976281,"dvar2":0.237901434302,"max":5.30925369263,"mean":0.543450534344,"median":0.49328956008,"min":-4.06688594818,"var":0.460251808167},"erbbands_spread":{"dmean":5.90621805191,"dmean2":8.76340961456,"dvar":46.7654800415,"dvar2":101.253890991,"max":126.427330017,"mean":27.943441391,"median":25.8023452759,"min":0.944042742252,"var":180.065383911},"gfcc":{"cov":[[13256.4501953,-1203.28735352,-1294.14990234,571.258422852,-642.68145752,508.962097168,-108.7554245,387.74810791,-405.401062012,180.742156982,-117.234176636,186.356796265,17.39777565],[-1203.28735352,1600.42712402,-26.9539089203,-140.731140137,317.857025146,-288.283416748,35.6177024841,-162.070861816,151.65838623,-140.360946655,80.128868103,-122.124687195,54.8588409424],[-1294.14990234,-26.9539089203,948.415588379,-47.1021080017,68.5913696289,51.9460067749,-45.968547821,-8.38863945007,35.9863700867,36.3514556885,-58.6550140381,13.0261068344,-58.5282211304],[571.258422852,-140.731140137,-47.1021080017,295.375396729,-42.6458320618,107.597564697,47.9532814026,39.546257019,4.33584880829,11.0375185013,-8.17946434021,-2.80254101753,2.69489812851],[-642.68145752,317.857025146,68.5913696289,-42.6458320618,299.76651001,-34.1192970276,26.1982479095,-5.46166849136,50.9533882141,-7.36954689026,18.7675895691,-10.064458847,20.9410629272],[508.962097168,-288.283416748,51.9460067749,107.597564697,-34.1192970276,210.697296143,61.3717575073,67.7164993286,-12.195605278,46.278591156,-11.9751749039,31.7032585144,-11.4438562393],[-108.7554245,35.6177024841,-45.968547821,47.9532814026,26.1982479095,61.3717575073,146.246261597,52.8216018677,25.1255130768,5.35361433029,22.091878891,-9.01371765137,-2.46705174446],[387.74810791,-162.070861816,-8.38863945007,39.546257019,-5.46166849136,67.7164993286,52.8216018677,139.580535889,28.6028652191,15.2128610611,-5.03637123108,23.2213802338,-5.06927251816],[-405.401062012,151.65838623,35.9863700867,4.33584880829,50.9533882141,-12.195605278,25.1255130768,28.6028652191,121.556045532,9.30786418915,8.30531978607,-5.5800280571,9.83282375336],[180.742156982,-140.360946655,36.3514556885,11.0375185013,-7.36954689026,46.278591156,5.35361433029,15.2128610611,9.30786418915,114.256324768,41.1105613708,25.5573692322,9.69493198395],[-117.234176636,80.128868103,-58.6550140381,-8.17946434021,18.7675895691,-11.9751749039,22.091878891,-5.03637123108,8.30531978607,41.1105613708,105.51714325,30.3733234406,26.1018257141],[186.356796265,-122.124687195,13.0261068344,-2.80254101753,-10.064458847,31.7032585144,-9.01371765137,23.2213802338,-5.5800280571,25.5573692322,30.3733234406,85.6773605347,30.9388122559],[17.39777565,54.8588409424,-58.5282211304,2.69489812851,20.9410629272,-11.4438562393,-2.46705174446,-5.06927251816,9.83282375336,9.69493198395,26.1018257141,30.9388122559,80.4547271729]],"icov":[[0.000194950480363,-0.000318250909913,0.000322067469824,-0.000254927959759,0.000303630775306,-0.000359810655937,0.000543507165276,-0.000807016389444,0.000842113513499,-0.000746911566239,0.000695415190421,-0.000539372733328,0.000222174174269],[-0.000318250909913,0.00235571176745,-0.00069127313327,0.000591097341385,-0.00156428175978,0.00153932662215,-0.00156536721624,0.00282375724055,-0.00314500788227,0.00338388909586,-0.00311672384851,0.00289852917194,-0.00143096281681],[0.000322067469824,-0.00069127313327,0.00187940697651,-0.000211807375308,0.000168633050635,-0.00113015738316,0.00136035261676,-0.00100598647259,0.000939002726227,-0.00200904509984,0.00225407606922,-0.00186372071039,0.00166243023705],[-0.000254927959759,0.000591097341385,-0.000211807375308,0.00484080193564,0.0000372196482203,-0.002001644345,-0.000983594800346,0.0010669506155,-0.00178705947474,0.00165743427351,-0.0012736011995,0.00227314000949,-0.00136374321301],[0.000303630775306,-0.00156428175978,0.000168633050635,0.0000372196482203,0.00510568544269,-0.000867068767548,0.000376122829039,-0.0019600475207,0.00108456949238,-0.00187286071014,0.00152675341815,-0.00119647069369,-0.000383921578759],[-0.000359810655937,0.00153932662215,-0.00113015738316,-0.002001644345,-0.000867068767548,0.0107957208529,-0.00504885334522,0.000523184309714,-0.000455382833024,-0.00120050751138,0.00103627098724,-0.00190990744159,0.000511082471348],[0.000543507165276,-0.00156536721624,0.00136035261676,-0.000983594800346,0.000376122829039,-0.00504885334522,0.0126595804468,-0.00586809730157,0.00168716663029,-0.000896916782949,-0.00162664521486,0.00180805660784,0.000909125374164],[-0.000807016389444,0.00282375724055,-0.00100598647259,0.0010669506155,-0.0019600475207,0.000523184309714,-0.00586809730157,0.0152777843177,-0.00766235310584,0.00432367855683,-0.00217647757381,-0.000255826365901,0.0000687492938596],[0.000842113513499,-0.00314500788227,0.000939002726227,-0.00178705947474,0.00108456949238,-0.000455382833024,0.00168716663029,-0.00766235310584,0.0157172288746,-0.00652525899932,0.00477692484856,-0.00280509865843,0.000321525498293],[-0.000746911566239,0.00338388909586,-0.00200904509984,0.00165743427351,-0.00187286071014,-0.00120050751138,-0.000896916782949,0.00432367855683,-0.00652525899932,0.0180484745651,-0.0110307512805,0.00486837280914,-0.00277203856967],[0.000695415190421,-0.00311672384851,0.00225407606922,-0.0012736011995,0.00152675341815,0.00103627098724,-0.00162664521486,-0.00217647757381,0.00477692484856,-0.0110307512805,0.0204004459083,-0.0102161262184,0.00127573648933],[-0.000539372733328,0.00289852917194,-0.00186372071039,0.00227314000949,-0.00119647069369,-0.00190990744159,0.00180805660784,-0.000255826365901,-0.00280509865843,0.00486837280914,-0.0102161262184,0.0234550219029,-0.00916164088994],[0.000222174174269,-0.00143096281681,0.00166243023705,-0.00136374321301,-0.000383921578759,0.000511082471348,0.000909125374164,0.0000687492938596,0.000321525498293,-0.00277203856967,0.00127573648933,-0.00916164088994,0.0182208586484]],"mean":[-17.1067848206,109.397285461,-124.76449585,13.5553894043,-58.50365448,10.4084777832,-32.4892959595,3.31583380699,-22.1926288605,5.71369171143,-13.3452939987,-0.972458004951,-9.79901790619]},"hfc":{"dmean":5.37914466858,"dmean2":7.33703279495,"dvar":63.7657661438,"dvar2":115.912605286,"max":178.72428894,"mean":19.5757255554,"median":15.4145050049,"min":1.12591576581e-16,"var":303.386932373},"melbands":{"dmean":[0.000481921277242,0.000441032927483,0.000587710761465,0.000339740014169,0.000256511208136,0.000273711746559,0.000264992646407,0.00021482964803,0.000155519184773,0.00020551054331,0.000138672156027,0.000082891107013,0.0000952238406171,0.000069341964263,0.000069271249231,0.0000550400291104,0.0000298816521536,0.0000296088492178,0.000020187579139,0.0000164315715665,0.0000126881323013,0.00000777750938141,0.00000593432059759,0.00000560092166779,0.00000498604595123,0.00000485803775518,0.00000251919118455,0.00000249902336691,0.00000210250777855,0.00000144041689509,0.00000143939053032,0.00000159692046964,0.00000234016943068,6.90637818934e-7,8.4803076561e-7,5.60920113912e-7,3.93262951093e-7,3.38075523132e-7,3.19039713759e-7,2.76924026821e-7],"dmean2":[0.00078675156692,0.000728229875676,0.000948611181229,0.000546821102034,0.000407988234656,0.000441059615696,0.000420864816988,0.000334195618052,0.000240573834162,0.00031994029996,0.000213980354602,0.000128788815346,0.00014681436005,0.000107312713226,0.000104362465208,0.0000845434406074,0.0000475562992506,0.0000460866576759,0.0000313821110467,0.0000255362301687,0.0000194353087863,0.0000122253259178,0.00000914102292882,0.0000087037033154,0.00000780632944952,0.00000773534247855,0.00000396345012632,0.00000395935421693,0.0000033155008623,0.00000227690134125,0.0000023061995762,0.00000261430864157,0.00000394055086872,0.00000108857102532,0.00000134899573823,8.60302634464e-7,5.79552192903e-7,4.86513954456e-7,4.48690201438e-7,3.89466691786e-7],"dvar":[9.86131340142e-7,6.54225743801e-7,0.00000133040828132,3.66675152463e-7,1.8865750917e-7,2.55483854517e-7,2.71863285661e-7,2.4241521146e-7,1.898647497e-7,1.80771564828e-7,1.47342731793e-7,4.82792117396e-8,3.84992269176e-8,2.92324777718e-8,3.12081915865e-8,1.14453886368e-8,4.16841849926e-9,4.56176252328e-9,1.98198391033e-9,1.71596159504e-9,3.10265146908e-9,3.73650194119e-10,2.10402029133e-10,2.41744846363e-10,1.12097130189e-10,9.43823422195e-11,9.36459659817e-11,1.94013225624e-11,2.20751698171e-11,5.91478081791e-12,7.29678296951e-12,1.3381990828e-11,6.2040442228e-11,2.77668318026e-12,5.11791347149e-12,1.62925987805e-12,8.21867151158e-13,6.23660303088e-13,9.38713625061e-13,1.91391173743e-12],"dvar2":[0.00000245822002398,0.00000171431429408,0.00000294104643217,8.72997134138e-7,4.67187106779e-7,6.59627914956e-7,6.81909114064e-7,5.65644370454e-7,3.72649338942e-7,4.04117116659e-7,3.02774537886e-7,8.9314688978e-8,8.4853155613e-8,6.21582714189e-8,6.15102990764e-8,2.29523973161e-8,9.00070418197e-9,9.34483068704e-9,4.68705430023e-9,3.46862472078e-9,6.76450717663e-9,7.84232179196e-10,4.51779502697e-10,6.08035122251e-10,2.6702107192e-10,2.39193637119e-10,2.34204045046e-10,4.86963420976e-11,4.75348302387e-11,1.46292179759e-11,1.83254245112e-11,3.56625423636e-11,1.7307272282e-10,7.05826889991e-12,1.36888399921e-11,3.97731630616e-12,1.76672175153e-12,1.24114488218e-12,1.93789580737e-12,4.46650182118e-12],"max":[0.0132800657302,0.0125148491934,0.0283350553364,0.00882614310831,0.00841724127531,0.0155613319948,0.00967625342309,0.0108828935772,0.0118593135849,0.0136668365449,0.0223769787699,0.0147796627134,0.00502000609413,0.00611590594053,0.00710865389556,0.00395885575563,0.00230596470647,0.0037629455328,0.00155569706112,0.00279634469189,0.00225524348207,0.00114007573575,0.000546929892153,0.000746295554563,0.000351229158696,0.000220425063162,0.000628880341537,0.000135597234475,0.00016522599617,0.0000447052734671,0.0000446994781669,0.0000654456453049,0.000174728920683,0.0000306565816572,0.0000583131150051,0.0000279838350252,0.0000318535821862,0.0000320238250424,0.0000622708321316,0.000091188994702],"mean":[0.00075072736945,0.000768109865021,0.000827957759611,0.000516420754138,0.000486694974825,0.000504961353727,0.00045164488256,0.000367515225662,0.000275984784821,0.00037699090899,0.000275423022686,0.000163551914738,0.000182393327123,0.000122834957438,0.000127503255499,0.000107826504973,0.00005384740507,0.0000545480179426,0.0000382555954275,0.0000317078447551,0.0000210706730286,0.0000146410175148,0.0000112688758236,0.000010642759662,0.0000104464115793,0.00000927353357838,0.0000046882796596,0.00000496275970363,0.0000040837362576,0.00000261605282503,0.00000227915461437,0.00000214940610022,0.00000247059551839,0.00000106797699573,0.00000118284174278,9.00239740531e-7,6.76282922996e-7,5.87582121625e-7,5.2727301636e-7,4.37213259374e-7],"median":[0.000330351875164,0.000421045639087,0.00035257966374,0.000246533396421,0.000290493539069,0.00028484564973,0.000215090345591,0.000155632995302,0.000120427685033,0.000171790714376,0.0000875776167959,0.0000692646135576,0.0000879411018104,0.0000526862822881,0.0000514226812811,0.0000537215237273,0.000028462456612,0.0000267141695076,0.0000182694620889,0.0000155590969371,0.0000085125084297,0.00000567467668589,0.00000441086149294,0.00000360645367437,0.00000464263848698,0.00000493394281875,0.00000256662883658,0.00000291630180982,0.00000215613840737,0.00000146157844938,9.51780691594e-7,7.1562476478e-7,6.75815670093e-7,3.58751520935e-7,3.61886236533e-7,2.65572595026e-7,1.75988645879e-7,1.3493021811e-7,9.856366745e-8,7.17926269544e-8],"min":[4.79524326254e-24,3.40161200509e-24,1.50290259371e-24,2.57608129512e-24,4.77059135925e-24,4.70003090672e-24,3.4230067017e-24,6.36457080409e-24,2.00464406323e-24,2.30840619606e-24,6.31833290542e-24,3.72985347788e-24,2.91839722975e-24,4.00042645749e-24,3.77254741893e-24,6.41919981621e-24,6.71372064074e-24,7.7158761241e-24,5.67173754243e-24,5.17540124922e-24,6.5554913148e-24,5.15430158659e-24,5.94259056766e-24,6.2379677007e-24,7.8867023754e-24,7.71623426695e-24,5.44143551761e-24,6.63222657607e-24,5.81308879487e-24,7.08500275895e-24,6.22191122584e-24,8.4739051897e-24,8.01109627382e-24,5.75959534803e-24,9.22303827087e-24,6.15845722677e-24,6.71536147142e-24,6.74924620275e-24,7.17120316778e-24,5.63728680341e-24],"var":[0.00000133443472805,0.00000107718926756,0.00000209757445191,5.72281919631e-7,3.90062467659e-7,5.25430721154e-7,4.81580514133e-7,5.01486908888e-7,4.61877959879e-7,5.78529864015e-7,6.29433145605e-7,1.87568005572e-7,1.0312720633e-7,6.77558347206e-8,7.99542689833e-8,3.04123375372e-8,8.32535551609e-9,1.28772947861e-8,4.84758366781e-9,3.80873776962e-9,4.97369256891e-9,1.1206623407e-9,6.03702809965e-10,7.1836048221e-10,3.40896783024e-10,1.95333874076e-10,9.86615858456e-11,3.80661405175e-11,4.47495894507e-11,1.16244843612e-11,1.19529212916e-11,1.47951512153e-11,4.43881285894e-11,3.88021862904e-12,5.65444392697e-12,2.78383024098e-12,1.864949601e-12,1.77333505953e-12,2.27282363936e-12,3.39135338735e-12]},"melbands_crest":{"dmean":2.96142792702,"dmean2":4.74065589905,"dvar":7.53452205658,"dvar2":18.1522064209,"max":36.4256668091,"mean":11.5573625565,"median":10.5339813232,"min":1.73629105091,"var":21.3219852448},"melbands_flatness_db":{"dmean":0.0232464876026,"dmean2":0.0335506759584,"dvar":0.000503762857988,"dvar2":0.00102217833046,"max":0.593985140324,"mean":0.199820235372,"median":0.183754578233,"min":0.0039862236008,"var":0.00657059857622},"melbands_kurtosis":{"dmean":2.92908287048,"dmean2":4.53933668137,"dvar":22.0190906525,"dvar2":51.5617485046,"max":114.588676453,"mean":5.31930398941,"median":3.46642112732,"min":-1.77525436878,"var":48.5260353088},"melbands_skewness":{"dmean":0.490423113108,"dmean2":0.742999017239,"dvar":0.253030925989,"dvar2":0.567707598209,"max":8.61093044281,"mean":1.60934114456,"median":1.48965275288,"min":-1.40326809883,"var":0.987726926804},"melbands_spread":{"dmean":5.01886129379,"dmean2":7.78436279297,"dvar":31.3469848633,"dvar2":73.3073348999,"max":144.882781982,"mean":21.9576339722,"median":20.8384304047,"min":0.670351803303,"var":119.509674072},"mfcc":{"cov":[[11376.4091797,-904.913208008,-972.92980957,-21.3108940125,-380.808380127,-32.8815345764,211.513870239,160.453582764,5.52967405319,64.517250061,-86.0210876465,-114.699005127,-40.0239448547],[-904.913208008,1460.94506836,-113.580055237,106.02166748,109.370025635,-12.8782100677,-71.858215332,-61.2634124756,-32.8536262512,-17.77501297,-27.7546482086,24.4303607941,32.4845466614],[-972.92980957,-113.580055237,796.33380127,-7.40099048615,90.1145401001,58.2682876587,-32.7082824707,-14.6052083969,38.8172416687,-20.7547340393,46.5292282104,32.5059127808,-10.0426330566],[-21.3108940125,106.02166748,-7.40099048615,168.783721924,31.5506210327,30.4144649506,6.8364481926,16.479429245,16.0966949463,20.2590293884,-1.13585448265,4.94640350342,5.45688867569],[-380.808380127,109.370025635,90.1145401001,31.5506210327,184.522964478,32.5844955444,-0.073434330523,0.421019345522,30.2800006866,1.63799202442,4.05776882172,13.2166996002,18.1748867035],[-32.8815345764,-12.8782100677,58.2682876587,30.4144649506,32.5844955444,133.109451294,36.8638648987,8.55256748199,18.7814693451,18.7335186005,11.3310108185,10.4402370453,14.6072425842],[211.513870239,-71.858215332,-32.7082824707,6.8364481926,-0.073434330523,36.8638648987,135.624832153,35.2007064819,9.99396324158,25.9777317047,11.5793733597,7.08150053024,12.68009758],[160.453582764,-61.2634124756,-14.6052083969,16.479429245,0.421019345522,8.55256748199,35.2007064819,133.143890381,50.0226669312,13.2337188721,27.9010467529,2.58892059326,-6.925989151],[5.52967405319,-32.8536262512,38.8172416687,16.0966949463,30.2800006866,18.7814693451,9.99396324158,50.0226669312,95.2801132202,38.8102416992,13.0728302002,6.29808855057,5.43451976776],[64.517250061,-17.77501297,-20.7547340393,20.2590293884,1.63799202442,18.7335186005,25.9777317047,13.2337188721,38.8102416992,82.8311080933,32.8537864685,9.32595443726,8.37093067169],[-86.0210876465,-27.7546482086,46.5292282104,-1.13585448265,4.05776882172,11.3310108185,11.5793733597,27.9010467529,13.0728302002,32.8537864685,86.5949401855,33.400680542,-2.39537334442],[-114.699005127,24.4303607941,32.5059127808,4.94640350342,13.2166996002,10.4402370453,7.08150053024,2.58892059326,6.29808855057,9.32595443726,33.400680542,77.0825958252,32.1327171326],[-40.0239448547,32.4845466614,-10.0426330566,5.45688867569,18.1748867035,14.6072425842,12.68009758,-6.925989151,5.43451976776,8.37093067169,-2.39537334442,32.1327171326,76.6060791016]],"icov":[[0.000111765082693,0.000061744285631,0.000119245276437,-0.0000266141705652,0.00014266371727,-0.0000232901948038,-0.0000918163641472,-0.000070713365858,-0.0000299309012917,-0.0000255933246081,0.0000955655705184,0.000044055384933,0.0000185663666343],[0.000061744285631,0.000852614117321,0.00024215587473,-0.000496115593705,-0.000442583259428,0.0000830848148325,0.000359763595043,0.000171006904566,0.000266246759566,0.0000231414396694,0.0001533908071,-0.000262221466983,-0.00012376185623],[0.000119245276437,0.00024215587473,0.00172957696486,0.00000527893053004,-0.000453566142824,-0.000671386485919,0.000261755107203,0.00068133091554,-0.00112721719779,0.00130067451391,-0.00107112003025,-0.000305248628138,0.000472263229312],[-0.0000266141705652,-0.000496115593705,0.00000527893053004,0.00697308732197,-0.000816025654785,-0.00137095840182,0.000387928041164,-0.00133520958479,0.000544905138668,-0.00220424612053,0.00151019159239,-0.000631598057225,0.000484893011162],[0.00014266371727,-0.000442583259428,-0.000453566142824,-0.000816025654785,0.00704884529114,-0.000963233585935,-0.000400701013859,0.000723679957446,-0.00273223407567,0.00151712633669,-0.000447682890808,0.000260882807197,-0.00119142280892],[-0.0000232901948038,0.0000830848148325,-0.000671386485919,-0.00137095840182,-0.000963233585935,0.00931045226753,-0.00237730843946,0.000535580096766,-0.000648524728604,-0.000651302747428,-0.000449305400252,0.000211422462598,-0.00112817808986],[-0.0000918163641472,0.000359763595043,0.000261755107203,0.000387928041164,-0.000400701013859,-0.00237730843946,0.00964828114957,-0.00294412416406,0.00235659861937,-0.0031851446256,0.000905749213416,-0.000534063961823,-0.00107546441723],[-0.000070713365858,0.000171006904566,0.00068133091554,-0.00133520958479,0.000723679957446,0.000535580096766,-0.00294412416406,0.0122255375609,-0.00786606129259,0.00496814399958,-0.00523846643046,0.00132659939118,0.00068868760718],[-0.0000299309012917,0.000266246759566,-0.00112721719779,0.000544905138668,-0.00273223407567,-0.000648524728604,0.00235659861937,-0.00786606129259,0.0195533372462,-0.0104433400556,0.004625831265,-0.00134784728289,-0.000180448725587],[-0.0000255933246081,0.0000231414396694,0.00130067451391,-0.00220424612053,0.00151712633669,-0.000651302747428,-0.0031851446256,0.00496814399958,-0.0104433400556,0.0219647884369,-0.00981203280389,0.00282718311064,-0.00210698554292],[0.0000955655705184,0.0001533908071,-0.00107112003025,0.00151019159239,-0.000447682890808,-0.000449305400252,0.000905749213416,-0.00523846643046,0.004625831265,-0.00981203280389,0.0207252595574,-0.00943259522319,0.00465385708958],[0.000044055384933,-0.000262221466983,-0.000305248628138,-0.000631598057225,0.000260882807197,0.000211422462598,-0.000534063961823,0.00132659939118,-0.00134784728289,0.00282718311064,-0.00943259522319,0.0208291392773,-0.00899980776012],[0.0000185663666343,-0.00012376185623,0.000472263229312,0.000484893011162,-0.00119142280892,-0.00112817808986,-0.00107546441723,0.00068868760718,-0.000180448725587,-0.00210698554292,0.00465385708958,-0.00899980776012,0.0180449727923]],"mean":[-656.870666504,142.912536621,-9.30611038208,10.3736572266,-7.34247207642,6.63202619553,-1.38381493092,-1.83787727356,-3.86532688141,2.59001517296,-0.391932100058,-0.480955451727,-0.0331911966205]},"pitch_salience":{"dmean":0.0668466761708,"dmean2":0.108082681894,"dvar":0.00358122587204,"dvar2":0.00908777024597,"max":0.930004358292,"mean":0.585507035255,"median":0.594794690609,"min":0.0812080204487,"var":0.0108644962311},"silence_rate_20dB":{"dmean":0,"dmean2":0,"dvar":0,"dvar2":0,"max":1,"mean":1,"median":1,"min":1,"var":0},"silence_rate_30dB":{"dmean":0.00203139428049,"dmean2":0.00406316388398,"dvar":0.0020272731781,"dvar2":0.00478544225916,"max":1,"mean":0.997322499752,"median":1,"min":0,"var":0.00267042801715},"silence_rate_60dB":{"dmean":0.0145891048014,"dmean2":0.0291809029877,"dvar":0.0143769998103,"dvar2":0.0325800739229,"max":1,"mean":0.0658295601606,"median":0,"min":0,"var":0.0614963136613},"spectral_centroid":{"dmean":188.944458008,"dmean2":291.580169678,"dvar":50081.171875,"dvar2":112685.1875,"max":11590.4033203,"mean":1139.17346191,"median":1095.36560059,"min":159.231201172,"var":273371.9375},"spectral_complexity":{"dmean":3.14219760895,"dmean2":4.72933769226,"dvar":11.7933549881,"dvar2":22.7646865845,"max":55,"mean":19.7601337433,"median":20,"min":0,"var":87.1883926392},"spectral_contrast_coeffs":{"dmean":[0.0530371554196,0.0463673211634,0.0383444875479,0.0293488092721,0.020500363782,0.0197158455849],"dmean2":[0.0846318155527,0.0763827264309,0.0617120712996,0.0475317426026,0.0328700914979,0.0311734452844],"dvar":[0.00201322045177,0.00144786492456,0.00093934382312,0.000581410480663,0.000330000300892,0.000333699135808],"dvar2":[0.00487823598087,0.00386361405253,0.00242547085509,0.00145107856952,0.000768613477703,0.000817485852167],"max":[-0.280185341835,-0.416385263205,-0.463277757168,-0.54296040535,-0.558234989643,-0.617132127285],"mean":[-0.642795920372,-0.724503159523,-0.749020516872,-0.772825658321,-0.801298260689,-0.762731850147],"median":[-0.652608573437,-0.730177462101,-0.752369821072,-0.774214327335,-0.805946588516,-0.758272647858],"min":[-0.993265986443,-0.9783872962,-0.970482647419,-0.96300894022,-0.966366887093,-0.962512373924],"var":[0.00926176831126,0.00558310141787,0.00398649415001,0.0023119696416,0.00182487722486,0.00185430352576]},"spectral_contrast_valleys":{"dmean":[0.42042824626,0.358720719814,0.325175285339,0.28151255846,0.259388566017,0.381465435028],"dmean2":[0.684650659561,0.581517577171,0.512479543686,0.440000236034,0.37431409955,0.452833086252],"dvar":[0.154534369707,0.10581061244,0.0929400846362,0.0841596275568,0.086191855371,0.177742749453],"dvar2":[0.345354676247,0.24116550386,0.197760716081,0.174057111144,0.154483541846,0.28291875124],"max":[-5.43229579926,-4.49137306213,-4.85089015961,-5.40089464188,-5.93175983429,-7.9444565773],"mean":[-7.53171825409,-6.5773100853,-7.08896398544,-7.57645654678,-7.8386516571,-10.6368646622],"median":[-7.29673862457,-6.35495233536,-6.7878036499,-7.26167535782,-7.47432422638,-10.3891954422],"min":[-28.2142963409,-27.7831821442,-27.5862045288,-27.6344795227,-27.4881896973,-27.3425960541],"var":[1.56470072269,1.4450417757,1.73570454121,1.7739225626,1.94497227669,1.96729779243]},"spectral_decrease":{"dmean":1.78724546274e-9,"dmean2":2.63087041041e-9,"dvar":5.74607175006e-18,"dvar2":1.17258021708e-17,"max":4.96662665918e-29,"mean":-6.14175599267e-9,"median":-5.15366949116e-9,"min":-3.86095280192e-8,"var":2.09706531109e-17},"spectral_energy":{"dmean":0.00712774740532,"dmean2":0.0104118110612,"dvar":0.0000916883000173,"dvar2":0.000184518648894,"max":0.159033864737,"mean":0.02495601587,"median":0.021000392735,"min":1.03646966677e-20,"var":0.000346763263224},"spectral_energyband_high":{"dmean":0.000265166308964,"dmean2":0.000379986158805,"dvar":2.80286485577e-7,"dvar2":6.32610920093e-7,"max":0.00860255863518,"mean":0.000525903771631,"median":0.000248960917816,"min":7.06329282721e-21,"var":6.29325768386e-7},"spectral_energyband_low":{"dmean":0.00250550545752,"dmean2":0.003958130721,"dvar":0.0000180144215847,"dvar2":0.000040055019781,"max":0.0831438452005,"mean":0.00490922946483,"median":0.00300922431052,"min":4.62627414758e-23,"var":0.0000356412128895},"spectral_energyband_middle_high":{"dmean":0.00219158711843,"dmean2":0.00318119022995,"dvar":0.000013819927517,"dvar2":0.0000259599328274,"max":0.132855325937,"mean":0.00703589525074,"median":0.00485733058304,"min":1.48334526853e-21,"var":0.0000737488589948},"spectral_energyband_middle_low":{"dmean":0.00520949903876,"dmean2":0.00794580671936,"dvar":0.0000570174233872,"dvar2":0.000124799771584,"max":0.144571706653,"mean":0.013582393527,"median":0.0097516477108,"min":2.86092435829e-22,"var":0.000155807720148},"spectral_entropy":{"dmean":0.163488313556,"dmean2":0.225960925221,"dvar":0.0316356867552,"dvar2":0.0595540739596,"max":9.81438732147,"mean":7.44461154938,"median":7.54748725891,"min":3.87274909019,"var":0.383566886187},"spectral_flux":{"dmean":0.0219125319272,"dmean2":0.0336200110614,"dvar":0.000584302702919,"dvar2":0.00124687666539,"max":0.315524846315,"mean":0.077315993607,"median":0.0696833133698,"min":6.65679872336e-11,"var":0.00205168081447},"spectral_kurtosis":{"dmean":2.66542172432,"dmean2":4.28692007065,"dvar":22.6221008301,"dvar2":55.7981643677,"max":160.347747803,"mean":8.48487949371,"median":4.8138628006,"min":-1.23660087585,"var":247.999679565},"spectral_rms":{"dmean":0.000665812869556,"dmean2":0.000956246396527,"dvar":6.09414541941e-7,"dvar2":0.00000117265869903,"max":0.0124561227858,"mean":0.00454984325916,"median":0.00452638790011,"min":3.17992117013e-12,"var":0.00000364626703231},"spectral_rolloff":{"dmean":312.302734375,"dmean2":520.254333496,"dvar":504096.09375,"dvar2":1199285.5,"max":19745.9472656,"mean":1275.2376709,"median":1162.79296875,"min":21.533203125,"var":1062216.25},"spectral_skewness":{"dmean":0.278303921223,"dmean2":0.440373897552,"dvar":0.117131456733,"dvar2":0.276622861624,"max":10.8331565857,"mean":1.93638503551,"median":1.69345808029,"min":-0.0555888898671,"var":1.36057281494},"spectral_spread":{"dmean":565428.1875,"dmean2":742676.375,"dvar":448814350336,"dvar2":735560007680,"max":41089020,"mean":4037192,"median":3800554.25,"min":652078.25,"var":3537821499390},"spectral_strongpeak":{"dmean":0.602908670902,"dmean2":0.996873915195,"dvar":0.778341054916,"dvar2":1.78763103485,"max":13.1140050888,"mean":1.17694664001,"median":0.643900573254,"min":0,"var":2.00135040283},"zerocrossingrate":{"dmean":0.00787142757326,"dmean2":0.0093272132799,"dvar":0.000117738796689,"dvar2":0.000161981821293,"max":0.53271484375,"mean":0.0532050728798,"median":0.04931640625,"min":0.0009765625,"var":0.000830065691844}},"metadata":{"audio_properties":{"analysis_sample_rate":44100,"bit_rate":0,"codec":"flac","downmix":"mix","equal_loudness":0,"length":251.466659546,"lossless":true,"md5_encoded":"c82097e06eb66ee3fa1b3331e1a9175a","replay_gain":-11.2983055115,"sample_rate":44100},"tags":{"album":["Let It Bleed"],"albumartist":["The Rolling Stones"],"albumartistsort":["Rolling Stones, The"],"artist":["The Rolling Stones"],"artistsort":["Rolling Stones, The"],"asin":["B00006AW2G"],"barcode":["018771900429"],"catalognumber":["90042"],"date":["2002"],"discnumber":["1"],"disctotal":["1"],"file_name":"01-08 Monkey Man.flac","genre":["Rock"],"label":["ABKCO"],"labelno":["90042"],"media":["CD"],"musicbrainz_albumartistid":["b071f9fa-14b0-4217-8e97-eb41da73f598"],"musicbrainz_albumid":["834d89db-3f47-3653-bf6d-38f916ebcbcc"],"musicbrainz_artistid":["b071f9fa-14b0-4217-8e97-eb41da73f598"],"musicbrainz_recordingid":["cfe74868-7922-46e8-b1e7-fb52f1edd35c"],"musicbrainz_releasegroupid":["784c0edd-0f37-33a2-9ca5-dff87b4f999c"],"originaldate":["1969-11-29"],"producer":["Jimmy Miller"],"publisher":["ABKCO"],"release date":["2002"],"releasecountry":["US"],"releasestatus":["official"],"releasetype":["album"],"script":["Latn"],"title":["Monkey Man"],"totaldiscs":["1"],"totaltracks":["9"],"tracknumber":["8"],"tracktotal":["9"]},"version":{"essentia":"2.1-beta1","essentia_build_sha":"ca57ba49d9b1854bd80e60cf9ccf267278fb7d6b","essentia_git_sha":"v2.1_beta1-28-g21ef5f4-dirty","extractor":"music 1.0"}},"rhythm":{"beats_count":426,"beats_loudness":{"dmean":0.0222993418574,"dmean2":0.0404268540442,"dvar":0.000354684423655,"dvar2":0.00113332690671,"max":0.143586874008,"mean":0.040299706161,"median":0.0423301905394,"min":2.37984636442e-7,"var":0.000533098937012},"beats_loudness_band_ratio":{"dmean":[0.209088295698,0.130670905113,0.163712397218,0.116606794298,0.0471493937075,0.03268616274],"dmean2":[0.356787592173,0.232833877206,0.288599252701,0.198534503579,0.08111510