{"lowlevel":{"average_loudness":0.898105978966,"barkbands":{"dmean":[0.0000202082428586,0.000685865641572,0.000900047831237,0.000469682971016,0.00176982721314,0.000645076448563,0.0011413510656,0.00106349925045,0.0010240128031,0.000791777332779,0.000586778973229,0.000338286772603,0.000413013942307,0.000402864505304,0.000424852391006,0.000297403166769,0.000301119667711,0.000255701772403,0.000122209588881,0.000127471852466,0.0000703790647094,0.000139527328429,0.000113007663458,0.0000645435357001,0.0000367568572983,0.00000283486019725,1.09811452376e-7],"dmean2":[0.0000322637388308,0.00118447805289,0.00142133282498,0.000745544268284,0.00280336849391,0.00100048596505,0.00167072727345,0.00159243086819,0.00160662352573,0.00127407209948,0.000908136949874,0.00053085910622,0.00065205647843,0.000626263965387,0.000671734916978,0.000454043416539,0.000454901630292,0.000393994327169,0.000182802483323,0.000189091922948,0.0000973645801423,0.000204139112611,0.000159436531249,0.0000933576884563,0.0000534787177457,0.00000418109129896,1.64181940931e-7],"dvar":[1.11569764538e-9,0.00000101347507098,0.00000141979444379,5.5089418538e-7,0.00000816649571789,0.00000200805175155,0.00000635597962173,0.00000651078335068,0.0000086186300905,0.00000845949307404,0.0000053405797189,9.64140099313e-7,0.000001257442932,0.00000121702294109,0.00000113640192012,6.87578960878e-7,4.7468083153e-7,2.84278598883e-7,6.81621727949e-8,7.36876444307e-8,4.736318715e-8,3.11900777206e-7,2.20957176111e-7,1.00122022673e-7,8.42322123162e-9,4.31296977299e-11,1.07468186097e-13],"dvar2":[2.56095966655e-9,0.00000272250053968,0.00000325799783241,0.00000123752693071,0.0000207091252378,0.00000471907333122,0.0000136499966175,0.0000151770918819,0.0000221353147936,0.0000227267428272,0.0000135583832162,0.00000248006358561,0.00000314020394399,0.00000300498459183,0.00000277343474409,0.00000163059257829,0.0000010832834505,7.08185893927e-7,1.60358226253e-7,1.58936487082e-7,8.77986110481e-8,6.68371285428e-7,4.27839353279e-7,2.2851186543e-7,1.86535391578e-8,9.98369303895e-11,2.54156179609e-13],"max":[0.000540751789231,0.0191623028368,0.0228233262897,0.0105842780322,0.0398326925933,0.0406642109156,0.0608681887388,0.0558991767466,0.054837398231,0.0623927824199,0.0572730377316,0.0224680844694,0.0229435823858,0.0269652605057,0.0193038899451,0.0238724127412,0.0179942641407,0.0105385640636,0.00576846767217,0.0059090773575,0.00647586304694,0.0149961030111,0.0134528242052,0.0129699297249,0.00180384097621,0.000191765939235,0.00000907778849069],"mean":[0.0000422496123065,0.00104783743154,0.00219271774404,0.00109464977868,0.00338677526452,0.00135222985409,0.00219204137102,0.00170450715814,0.0015984660713,0.00111315993126,0.00087848608382,0.000537186919246,0.00060901028337,0.000663807091769,0.00063918059459,0.000533287471626,0.000597937265411,0.000486434495542,0.000255194318015,0.000252263067523,0.000108002350316,0.000185597600648,0.000148954990436,0.000082116064732,0.0000442187629233,0.00000323608537656,1.55802766244e-7],"median":[0.000029049198929,0.00064588902751,0.00107900926378,0.00047282667947,0.00176065322012,0.000758706009947,0.000704674399458,0.000412349530961,0.00044878263725,0.000211668404518,0.0000773783394834,0.000106671199319,0.000115481052489,0.000133753317641,0.000186589692021,0.000116658942716,0.000152826949488,0.000153072964167,0.0000944879429881,0.0000907603898668,0.0000305679095618,0.0000432113556599,0.0000223373353947,0.000019034017896,0.00000867932612891,7.31590375835e-7,5.95481388643e-8],"min":[1.51417043636e-26,1.67014435967e-24,1.02476561741e-24,7.80390412644e-25,8.42726063323e-24,4.67057247394e-24,7.14990944537e-24,6.04370636406e-24,1.10386631754e-23,1.45696503411e-23,1.4038950478e-23,2.23081770284e-23,1.78764732142e-23,1.82327259545e-23,2.54471934098e-23,5.98891524102e-23,7.30668213965e-23,8.54202569545e-23,1.28639598301e-22,1.49892104312e-22,2.28660837574e-22,2.9577704766e-22,4.02163081774e-22,5.85600000399e-22,8.2035132379e-22,1.16344477866e-21,1.888071656e-21],"var":[1.93901783518e-9,0.000001590593115,0.00000831685247249,0.00000216153034671,0.0000177348465513,0.00000493364041176,0.0000152273769345,0.0000121504635899,0.0000158584025485,0.0000129481604745,0.0000105295257526,0.00000185931980923,0.00000242288410846,0.00000275263914773,0.00000191457615983,0.00000191257277038,0.00000147161188124,7.92535161054e-7,1.77944642132e-7,1.90707140746e-7,8.5342470868e-8,4.00562754521e-7,3.70683977735e-7,1.26501191744e-7,1.15008189638e-8,5.28853454085e-11,1.29091371924e-13]},"barkbands_crest":{"dmean":2.38470888138,"dmean2":3.86630868912,"dvar":5.0810213089,"dvar2":12.6707792282,"max":23.7071304321,"mean":9.47232723236,"median":8.74312782288,"min":2.64901638031,"var":13.3633775711},"barkbands_flatness_db":{"dmean":0.0198211539537,"dmean2":0.0284331999719,"dvar":0.000318320817314,"dvar2":0.000643027189653,"max":0.329358309507,"mean":0.141148641706,"median":0.136597916484,"min":0.0357414856553,"var":0.00203977175988},"barkbands_kurtosis":{"dmean":1.96329832077,"dmean2":3.01702809334,"dvar":9.25082969666,"dvar2":19.5321178436,"max":148.308044434,"mean":3.46826219559,"median":1.75098204613,"min":-1.91348648071,"var":77.9996337891},"barkbands_skewness":{"dmean":0.443085759878,"dmean2":0.65239995718,"dvar":0.182936698198,"dvar2":0.382853239775,"max":9.89550590515,"mean":1.27373898029,"median":1.26070976257,"min":-3.11230254173,"var":1.50533795357},"barkbands_spread":{"dmean":5.21047353745,"dmean2":7.78850269318,"dvar":42.9606628418,"dvar2":89.6108016968,"max":92.8840408325,"mean":20.6357402802,"median":17.6884117126,"min":1.23167574406,"var":160.768051147},"dissonance":{"dmean":0.0192625764757,"dmean2":0.0320914424956,"dvar":0.000382595811971,"dvar2":0.00104192830622,"max":0.499754220247,"mean":0.45659121871,"median":0.463364392519,"min":0.286096096039,"var":0.000945707317442},"dynamic_complexity":3.57925319672,"erbbands":{"dmean":[0.0116865737364,0.191918224096,0.929729223251,1.25410997868,3.27252674103,7.42226743698,5.74471569061,5.33801031113,12.4669208527,21.001001358,22.8352489471,19.7488765717,25.2939510345,24.1987171173,19.605550766,14.1172857285,13.8289222717,21.4740886688,24.0810241699,16.8111534119,15.2688837051,14.9408445358,15.5014190674,6.53319835663,6.39067602158,6.01042556763,2.81801557541,3.20420789719,5.74820899963,3.49805212021,3.37441539764,1.80232989788,0.796092867851,0.379725396633,0.294069468975,0.0298295244575,0.00376486824825,0.000338430458214,0.0000234420640481,0.00000788939541962],"dmean2":[0.0190880987793,0.331446141005,1.48766577244,1.95345389843,5.35130214691,11.7753810883,8.71736717224,8.41900920868,18.1066131592,31.756816864,34.1505584717,30.7962589264,39.5708274841,38.6934738159,30.3221244812,22.2316551208,21.2958450317,33.5457420349,37.8218383789,25.93998909,22.8873729706,22.2498130798,23.4919376373,9.82743263245,9.39587211609,8.85300350189,3.93858337402,4.37959623337,8.54134750366,4.90628194809,4.81503582001,2.64260745049,1.12727475166,0.548686623573,0.435655802488,0.0442031286657,0.00548880081624,0.000490171834826,0.0000331998744514,0.000011433079635],"dvar":[0.000496345979627,0.0720858052373,1.44672584534,3.18354177475,31.6381168365,162.025787354,121.6954422,169.409866333,882.698181152,3012.16113281,3448.97949219,3507.78125,6410.05126953,7692.41015625,4806.64794922,1694.7980957,1248.62438965,3560.66210938,4107.484375,1815.30407715,1910.5447998,1105.13171387,1046.64916992,131.355987549,210.824523926,161.803085327,60.2985954285,110.423530579,424.692321777,320.465270996,161.108764648,100.338523865,9.3964176178,0.962932705879,0.742303609848,0.0053259562701,0.0000596151221544,6.46736282306e-7,3.60230623109e-9,1.09385896174e-10],"dvar2":[0.00114544678945,0.198768630624,3.32723879814,6.84711360931,84.3332748413,406.911376953,275.794891357,408.685791016,1854.42443848,6785.99072266,8164.03466797,8936.85742188,16469.8808594,20707.109375,11787.5742188,4399.29980469,3044.19677734,8722.12988281,10046.7753906,4315.34326172,4404.07958984,2461.98071289,2558.46948242,308.142791748,480.643096924,347.165985107,110.262184143,202.522537231,940.002197266,626.085632324,319.116210938,236.416290283,20.4197845459,2.07576704025,1.68756830692,0.0125159593299,0.000131604116177,0.00000145618014358,7.99084975966e-9,2.47645653983e-10],"max":[0.550686001778,4.78957128525,24.0055007935,30.507692337,84.9990768433,224.119003296,170.909286499,368.406829834,664.790527344,1116.18469238,1330.18713379,1074.39416504,1943.58703613,1902.43139648,1712.86572266,939.11517334,685.718200684,1450.49377441,1280.30786133,766.300842285,1633.12011719,701.486022949,654.794677734,231.984954834,287.104248047,277.127319336,210.079071045,332.872528076,485.173400879,552.290771484,355.691864014,416.224609375,118.845954895,26.0761699677,18.0543117523,2.57774782181,0.163445293903,0.0188212022185,0.00187525292858,0.000233632919844],"mean":[0.018037956208,0.309092819691,2.19767689705,3.52618718147,5.78991365433,13.1830043793,12.1091012955,11.0751514435,27.1497974396,34.9451675415,38.7363586426,32.2764015198,39.1769638062,37.4203720093,32.2611656189,23.7353668213,23.1057224274,37.9066886902,38.926700592,27.5846576691,30.6267719269,32.316619873,32.3108062744,15.0296678543,13.2878913879,12.0872373581,5.17190980911,4.81776046753,7.44782400131,4.870616436,4.32591772079,2.28437805176,1.03066420555,0.487703979015,0.326347321272,0.0335921645164,0.00450413953513,0.000442994059995,0.0000435597285104,0.0000288075825665],"median":[0.00831565074623,0.195245474577,1.11237025261,2.43594408035,3.26190471649,6.05409574509,5.85839080811,6.25681018829,9.48230552673,11.1757793427,10.2947950363,10.785533905,10.4315261841,5.97141551971,4.72285699844,4.8254442215,5.06033039093,8.15032196045,10.3338708878,8.26278972626,7.63365936279,8.39170646667,9.5593996048,6.53037548065,5.11407184601,4.34108924866,1.90450263023,1.24391686916,1.63277721405,1.01805484295,0.608131170273,0.464507937431,0.258183479309,0.117781922221,0.0427372604609,0.00665025087073,0.00113914068788,0.000138558272738,0.0000255438390013,0.000025580797228],"min":[9.47437282626e-23,2.38144081615e-22,2.22641821295e-21,3.68857445037e-21,7.39944481098e-21,2.85122920981e-20,3.75317434816e-20,3.50438588488e-20,1.24633228673e-19,1.21642350373e-19,1.08034046687e-19,2.73986232965e-19,4.1561932862e-19,7.39821189182e-19,8.04924180799e-19,1.03519389254e-18,1.41933088214e-18,1.7048692869e-18,2.36765974683e-18,2.94227461461e-18,2.48009695992e-18,5.45745313149e-18,4.32205509654e-18,5.57959337997e-18,7.16104152921e-18,7.2090155232e-18,8.14330609891e-18,9.05534468897e-18,1.17397939309e-17,1.05227870839e-17,9.48027646862e-18,1.05016799162e-17,9.73813265379e-18,7.859011567e-18,6.40990528473e-18,3.64082553998e-18,2.20131000333e-18,9.3156770393e-19,2.4129804556e-19,2.61063484292e-20],"var":[0.000816998071969,0.1223481372,8.274269104,13.7209558487,54.7895774841,334.979431152,322.632446289,381.49887085,2694.296875,5199.14599609,6714.71923828,6172.54101562,9214.64746094,13939.9345703,10753.0830078,3325.43310547,2598.96264648,8741.14257812,7489.54052734,3198.99243164,6446.49072266,3848.76342773,3398.90576172,423.395141602,516.932434082,436.772491455,128.721435547,190.737792969,532.722045898,475.023651123,273.908050537,120.705627441,13.280046463,1.47386276722,0.893342316151,0.00616739457473,0.0000853634046507,9.04726903173e-7,5.27673460482e-9,4.16168099981e-10]},"erbbands_crest":{"dmean":2.57302236557,"dmean2":4.12208986282,"dvar":6.32343244553,"dvar2":15.6811227798,"max":30.2571659088,"mean":9.26616668701,"median":8.35362625122,"min":2.24550962448,"var":18.6430912018},"erbbands_flatness_db":{"dmean":0.0202513076365,"dmean2":0.0284864474088,"dvar":0.000375531235477,"dvar2":0.000702479388565,"max":0.340958625078,"mean":0.179174914956,"median":0.177107483149,"min":0.028115529567,"var":0.00244388333522},"erbbands_kurtosis":{"dmean":0.89342212677,"dmean2":1.40641832352,"dvar":1.64195454121,"dvar2":3.92519211769,"max":24.7148113251,"mean":0.386827290058,"median":-0.232220888138,"min":-1.69909250736,"var":4.06467533112},"erbbands_skewness":{"dmean":0.366971075535,"dmean2":0.550529062748,"dvar":0.121672533453,"dvar2":0.266711264849,"max":4.23728275299,"mean":0.212080314755,"median":0.303266644478,"min":-3.25570654869,"var":0.686963677406},"erbbands_spread":{"dmean":7.78549861908,"dmean2":11.4832868576,"dvar":75.8964996338,"dvar2":162.711044312,"max":121.767074585,"mean":36.5313720703,"median":34.1345291138,"min":4.22721672058,"var":311.949645996},"gfcc":{"cov":[[37414.4609375,1607.54089355,-4219.68603516,1440.2052002,-2640.66943359,430.475952148,-1487.06335449,385.533630371,-593.56628418,-146.239700317,-444.327636719,-246.22366333,-371.394317627],[1607.54089355,1576.89440918,-543.825317383,-352.684539795,246.990386963,-258.043121338,99.9736785889,-96.4488601685,5.32020759583,-75.94165802,115.190185547,-124.919494629,66.9309463501],[-4219.68603516,-543.825317383,1103.40039062,106.820167542,156.297271729,184.485321045,69.8025817871,38.5148200989,51.7560501099,74.7868652344,-41.4471969604,75.409614563,2.12100052834],[1440.2052002,-352.684539795,106.820167542,503.926086426,-130.815078735,38.5202560425,-191.290588379,48.5209922791,31.2681503296,0.562330305576,-77.3992614746,34.0766525269,-24.4473361969],[-2640.66943359,246.990386963,156.297271729,-130.815078735,447.471588135,-96.2012023926,104.408210754,-37.3941421509,68.2247772217,-8.07000541687,45.6210517883,-4.47480678558,72.0558319092],[430.475952148,-258.043121338,184.485321045,38.5202560425,-96.2012023926,336.620361328,60.7335510254,47.4330482483,-69.3344955444,38.5864906311,-37.0122489929,8.16163539886,-41.0521125793],[-1487.06335449,99.9736785889,69.8025817871,-191.290588379,104.408210754,60.7335510254,319.547302246,-14.752702713,-29.2852020264,-0.228534370661,78.4789962769,-38.7504386902,-2.16133952141],[385.533630371,-96.4488601685,38.5148200989,48.5209922791,-37.3941421509,47.4330482483,-14.752702713,120.164505005,27.4494953156,13.3953561783,-27.5452461243,-8.39251804352,-3.95957422256],[-593.56628418,5.32020759583,51.7560501099,31.2681503296,68.2247772217,-69.3344955444,-29.2852020264,27.4494953156,136.733383179,16.495092392,0.967619776726,-3.89760184288,9.70259189606],[-146.239700317,-75.94165802,74.7868652344,0.562330305576,-8.07000541687,38.5864906311,-0.228534370661,13.3953561783,16.495092392,81.7526397705,7.52430391312,-3.08846497536,-12.6306219101],[-444.327636719,115.190185547,-41.4471969604,-77.3992614746,45.6210517883,-37.0122489929,78.4789962769,-27.5452461243,0.967619776726,7.52430391312,99.2790908813,-3.87121653557,-10.4691886902],[-246.22366333,-124.919494629,75.409614563,34.0766525269,-4.47480678558,8.16163539886,-38.7504386902,-8.39251804352,-3.89760184288,-3.08846497536,-3.87121653557,95.7792739868,14.1360092163],[-371.394317627,66.9309463501,2.12100052834,-24.4473361969,72.0558319092,-41.0521125793,-2.16133952141,-3.95957422256,9.70259189606,-12.6306219101,-10.4691886902,14.1360092163,88.3385848999]],"icov":[[0.000581876316573,-0.00117755017709,0.00178854016121,-0.00156330189202,0.00194443564396,-0.00140587019268,0.00117415911518,-0.00143610639498,0.00115800276399,-0.00083199783694,0.000844751077238,-0.000351156544639,0.000498095934745],[-0.00117755017709,0.0035606874153,-0.0032244771719,0.00362396123819,-0.00442807003856,0.00301508046687,-0.00207622442394,0.0031740644481,-0.00229796743952,0.00227433745749,-0.00247305608355,0.00194024248049,-0.00148962903768],[0.00178854016121,-0.0032244771719,0.00702792685479,-0.00504144467413,0.00511421589181,-0.00488246744499,0.00309239979833,-0.0042988806963,0.00309099210426,-0.00340139726177,0.00327515369281,-0.00192184571642,0.0017108626198],[-0.00156330189202,0.00362396123819,-0.00504144467413,0.007395749446,-0.00488632498309,0.00354028702714,-0.00148167996667,0.00353086926043,-0.00377660244703,0.00324680004269,-0.00208685104735,0.00123447272927,-0.000963347323705],[0.00194443564396,-0.00442807003856,0.00511421589181,-0.00488632498309,0.0104716503993,-0.00420841714367,0.00308247096837,-0.00396563345566,0.00218170927837,-0.00239957473241,0.00229369499721,-0.00111314747483,-0.000677543052007],[-0.00140587019268,0.00301508046687,-0.00488246744499,0.00354028702714,-0.00420841714367,0.00881148315966,-0.00456104427576,0.00182600796688,0.0000353383511538,-0.000127755236463,0.000320471182931,0.000224246061407,0.000379718054319],[0.00117415911518,-0.00207622442394,0.00309239979833,-0.00148167996667,0.00308247096837,-0.00456104427576,0.00865426007658,-0.00323376711458,0.00302431941964,0.000177887806785,-0.00296764518134,0.00209393841214,0.000464596931124],[-0.00143610639498,0.0031740644481,-0.0042988806963,0.00353086926043,-0.00396563345566,0.00182600796688,-0.00323376711458,0.0143104344606,-0.00618047546595,0.00170512939803,-0.000333893607603,0.0022958565969,-0.00220096949488],[0.00115800276399,-0.00229796743952,0.00309099210426,-0.00377660244703,0.00218170927837,0.0000353383511538,0.00302431941964,-0.00618047546595,0.0133195752278,-0.00421619508415,0.00145960052032,-0.000107438507257,0.00164842233062],[-0.00083199783694,0.00227433745749,-0.00340139726177,0.00324680004269,-0.00239957473241,-0.000127755236463,0.000177887806785,0.00170512939803,-0.00421619508415,0.0168416723609,-0.00503809517249,0.00270034815185,-0.000420271331677],[0.000844751077238,-0.00247305608355,0.00327515369281,-0.00208685104735,0.00229369499721,0.000320471182931,-0.00296764518134,-0.000333893607603,0.00145960052032,-0.00503809517249,0.0185087826103,-0.00412294082344,0.00493214419112],[-0.000351156544639,0.00194024248049,-0.00192184571642,0.00123447272927,-0.00111314747483,0.000224246061407,0.00209393841214,0.0022958565969,-0.000107438507257,0.00270034815185,-0.00412294082344,0.0145993651822,-0.00381921697408],[0.000498095934745,-0.00148962903768,0.0017108626198,-0.000963347323705,-0.000677543052007,0.000379718054319,0.000464596931124,-0.00220096949488,0.00164842233062,-0.000420271331677,0.00493214419112,-0.00381921697408,0.0158315021545]],"mean":[-49.9045715332,109.58921051,-128.988098145,34.4673919678,-60.930519104,6.10354423523,-42.5634269714,5.79227304459,-19.2230796814,-5.70102500916,-13.8101291656,-9.72087001801,-9.23802471161]},"hfc":{"dmean":6.43476009369,"dmean2":8.97353744507,"dvar":113.945770264,"dvar2":235.075637817,"max":277.166015625,"mean":20.1261310577,"median":14.061662674,"min":1.0564630346e-16,"var":397.120391846},"melbands":{"dmean":[0.000142289674841,0.000393074413296,0.000231977042858,0.000405094993766,0.000227049124078,0.000122138037113,0.000201273549465,0.000226021846174,0.000172933054273,0.000138258415973,0.000132333734655,0.000103071761259,0.0000793934450485,0.0000381831450795,0.0000348907196894,0.000039118265704,0.0000411077489844,0.0000423051751568,0.0000237983531406,0.0000218007262447,0.0000185262142622,0.0000146547763507,0.0000199220339709,0.0000120563154269,0.00000522841219208,0.00000525047153133,0.00000520635421708,0.0000040257841647,0.0000018947685021,0.0000018000023374,0.00000187637249383,0.00000362204173143,0.00000239858718487,0.00000187121236195,0.00000234079175243,0.00000128508145281,0.0000010392573131,6.3314956833e-7,3.51910870222e-7,3.11438412837e-7],"dmean2":[0.000241411296884,0.000639652018435,0.000366479420336,0.000649080320727,0.000346851797076,0.000191834595171,0.000291928561637,0.000341908453265,0.000261159351794,0.000215442516492,0.000207349046832,0.000165348887094,0.000122544006445,0.0000603913431405,0.0000547071977053,0.0000613560841884,0.0000644289611955,0.0000665187471895,0.0000365857267752,0.000033840406104,0.0000283096505882,0.0000222057205974,0.0000304342829622,0.0000187125533557,0.00000808523691376,0.00000795325468061,0.00000775345506554,0.00000607084211879,0.00000272490456155,0.00000256850785263,0.00000260054184764,0.00000547149147678,0.00000348270032191,0.00000267083737526,0.00000339802545568,0.00000186531417512,0.00000157604722517,9.07737614853e-7,5.1819898772e-7,4.63135393147e-7],"dvar":[5.42449498653e-8,2.39587791384e-7,9.84374324275e-8,4.69401754799e-7,1.66623792097e-7,8.90514399998e-8,2.03121345521e-7,3.11354966698e-7,2.05255091146e-7,1.64036222827e-7,1.68307977333e-7,1.52474399329e-7,9.09694648499e-8,1.1360424601e-8,1.168619157e-8,1.353676371e-8,1.52284727051e-8,1.27601547106e-8,3.72992570163e-9,3.66162256071e-9,3.0623474867e-9,1.06949393786e-9,2.2118074039e-9,6.42582098642e-10,8.85598261391e-11,1.74516456841e-10,1.46493692177e-10,7.41260386405e-11,2.54314312664e-11,3.19566491325e-11,4.38981559436e-11,1.53521570456e-10,1.44408832115e-10,1.01457113544e-10,6.80240794249e-11,4.98075226896e-11,3.51026811785e-11,6.07187564117e-12,1.44137631518e-12,5.77448516521e-13],"dvar2":[1.384403987e-7,5.82007544381e-7,2.31592977684e-7,0.00000120912841339,3.89810963952e-7,2.11258495142e-7,4.25606401677e-7,7.06687444563e-7,4.9343509545e-7,4.16902736333e-7,4.33816808254e-7,4.13501368257e-7,2.27651128171e-7,2.85142416345e-8,2.92072961372e-8,3.35954766228e-8,3.72211275135e-8,3.11450882862e-8,8.70707506095e-9,8.70435812317e-9,7.01998503772e-9,2.44944886596e-9,5.24924370637e-9,1.58282886797e-9,2.15121129243e-10,4.34557251294e-10,3.16427717362e-10,1.64615501785e-10,4.97792536358e-11,6.58192736425e-11,8.1608518554e-11,3.45782513733e-10,3.16508180775e-10,1.96764965432e-10,1.359790891e-10,1.17086340623e-10,8.47587833253e-11,1.34776721034e-11,3.19484196043e-12,1.27807063977e-12],"max":[0.00538428686559,0.00908187031746,0.00506952311844,0.00947827287018,0.00676561240107,0.00896876864135,0.00973204616457,0.0106746936217,0.00893390644342,0.00795942917466,0.0098266787827,0.00835477747023,0.00665845349431,0.00227641989477,0.00270195817575,0.00257068546489,0.00330197717994,0.00225785840303,0.00118616758846,0.00126010761596,0.00209545879625,0.00067568855593,0.00134403991979,0.000510102545377,0.000185652228538,0.000345262727933,0.000232669015531,0.000178316186066,0.000121647266496,0.000147971702972,0.000208294295589,0.000280540698441,0.000336259894539,0.000341644132277,0.000211884704186,0.000225000665523,0.000266531103989,0.0000937464355957,0.0000476544664707,0.0000194492949959],"mean":[0.000221403373871,0.000898523838259,0.000633478281088,0.000713740475476,0.000473052903544,0.000252035737503,0.000429799285484,0.000372470472939,0.000289233750664,0.00021789172024,0.000200289563509,0.000152463442646,0.00012250043801,0.0000622508741799,0.0000540277324035,0.0000611177456449,0.0000688398868078,0.0000650192378089,0.0000364946317859,0.0000352719471266,0.0000353962022928,0.0000296687740047,0.0000389896777051,0.0000228297067224,0.0000105402605186,0.00000984155667538,0.00000956154508458,0.00000765739605413,0.00000333545040121,0.00000249996037383,0.00000275057027466,0.00000453438588011,0.00000317588046528,0.00000255940153693,0.00000290693037641,0.0000015872003587,0.00000128504132135,7.89838054516e-7,4.61761544557e-7,3.78078908625e-7],"median":[0.000131562002935,0.000506089127157,0.000485717027914,0.000353398761945,0.000241455883952,0.000137470749905,0.000152461259859,0.000121594253869,0.0000696674906067,0.0000622104707872,0.000051719493058,0.0000218826644414,0.0000138162777148,0.0000131676515593,0.0000102641588455,0.0000114851727631,0.0000135483214763,0.0000149222087202,0.0000106213701656,0.00000902407555259,0.00000814862778498,0.00000786644068285,0.00000839132462715,0.00000739394818083,0.00000446533158538,0.00000329826821144,0.00000327136922351,0.00000247674552156,0.00000104365221887,6.14392206444e-7,6.46888508982e-7,8.92617094905e-7,7.57915927352e-7,4.46937406196e-7,3.48076071077e-7,2.58417912846e-7,2.70228895261e-7,1.90642268194e-7,1.20924553926e-7,8.28441670819e-8],"min":[1.02972074858e-24,8.12074764383e-25,1.73426534063e-24,9.59350411526e-25,1.2920706421e-24,8.31967223311e-25,2.10525183321e-24,1.31545178908e-24,7.50004673866e-25,1.57072175459e-24,1.49663647432e-24,2.77571063301e-24,2.43054355786e-24,2.50596615458e-24,1.44737437877e-24,1.5572359802e-24,2.42110523156e-24,3.73055477523e-24,2.04518658338e-24,2.9127842872e-24,1.90673163375e-24,4.13703350044e-24,3.75161420595e-24,3.24001089043e-24,3.28059423413e-24,4.95578040106e-24,4.35878506191e-24,4.20975858729e-24,4.76405012463e-24,4.9465097077e-24,3.94192295503e-24,4.95597406641e-24,5.98368154335e-24,5.01818008752e-24,3.87877542843e-24,5.7225760779e-24,5.22960467088e-24,6.19458981725e-24,5.92759156083e-24,6.19489273983e-24],"var":[8.31194597595e-8,0.00000116121736937,3.50654005388e-7,8.92239654604e-7,4.30259774475e-7,2.1255399929e-7,6.08199172802e-7,5.37212315521e-7,3.94649276814e-7,2.98537173649e-7,2.43364837615e-7,2.70476505193e-7,1.88612347074e-7,2.30578578453e-8,2.15569162521e-8,2.76336642457e-8,3.51311193469e-8,2.29468284374e-8,6.40433883703e-9,6.78123779352e-9,9.83423387169e-9,3.28568594554e-9,6.95986823729e-9,1.69887637291e-9,2.33726094034e-10,3.54816648285e-10,3.28264027072e-10,1.9137337548e-10,5.63500600348e-11,5.04751726527e-11,7.21594242692e-11,1.86716697659e-10,1.7556975318e-10,1.54052451351e-10,1.14315633348e-10,6.27227228489e-11,3.91061731608e-11,8.00760586311e-12,2.1068233963e-12,8.23302526414e-13]},"melbands_crest":{"dmean":3.05669116974,"dmean2":4.95975828171,"dvar":7.72589159012,"dvar2":19.5016078949,"max":31.0481891632,"mean":13.3083276749,"median":12.4739837646,"min":1.39755380154,"var":28.4080104828},"melbands_flatness_db":{"dmean":0.023752078414,"dmean2":0.033402826637,"dvar":0.000471396226203,"dvar2":0.000929590954911,"max":0.46324545145,"mean":0.197315752506,"median":0.193723887205,"min":0.00213486375287,"var":0.00455952621996},"melbands_kurtosis":{"dmean":4.59105873108,"dmean2":7.10317516327,"dvar":69.434387207,"dvar2":164.144134521,"max":528.627380371,"mean":10.4362754822,"median":5.68333768845,"min":-1.81619203091,"var":538.50604248},"melbands_skewness":{"dmean":0.57317173481,"dmean2":0.855060994625,"dvar":0.343469887972,"dvar2":0.738518893719,"max":17.2925376892,"mean":2.2270116806,"median":2.05854654312,"min":-1.05706357956,"var":2.56801962852},"melbands_spread":{"dmean":7.31500864029,"dmean2":10.8935852051,"dvar":142.186798096,"dvar2":281.755828857,"max":218.419006348,"mean":26.6847248077,"median":19.6583175659,"min":0.64305627346,"var":667.547058105},"mfcc":{"cov":[[12069.9375,327.24319458,-301.860412598,328.334320068,-353.471801758,-136.720947266,-360.754394531,111.262886047,-208.906402588,83.0835800171,114.03678894,-47.6267127991,-138.163757324],[327.24319458,1922.37475586,-469.686981201,-86.6598358154,36.530921936,-103.95451355,142.293273926,-69.318977356,-29.4488143921,39.5089683533,7.34439325333,-39.2846946716,3.45117926598],[-301.860412598,-469.686981201,699.43939209,49.8831558228,43.9153442383,128.681182861,-14.4257440567,42.8586654663,67.8891220093,-27.9058666229,12.3856067657,38.5476074219,4.77580118179],[328.334320068,-86.6598358154,49.8831558228,351.495178223,126.354942322,-45.3365440369,-128.808898926,-5.61035108566,14.6247959137,-11.9360990524,-37.5020980835,18.4865703583,29.8638858795],[-353.471801758,36.530921936,43.9153442383,126.354942322,292.229370117,-5.6058588028,-96.8877563477,-18.7556095123,66.3442001343,-21.5287246704,-40.2358207703,6.85193252563,14.9136734009],[-136.720947266,-103.95451355,128.681182861,-45.3365440369,-5.6058588028,176.948287964,88.5054473877,23.7015151978,9.45801544189,-11.063243866,24.7360744476,-0.344835758209,-11.8276348114],[-360.754394531,142.293273926,-14.4257440567,-128.808898926,-96.8877563477,88.5054473877,270.492126465,31.2907810211,-7.57411289215,29.9486293793,13.2340764999,-8.51150608063,-15.7844743729],[111.262886047,-69.318977356,42.8586654663,-5.61035108566,-18.7556095123,23.7015151978,31.2907810211,105.937355042,11.0602893829,-2.78059864044,5.23125886917,-1.48378360271,5.96571159363],[-208.906402588,-29.4488143921,67.8891220093,14.6247959137,66.3442001343,9.45801544189,-7.57411289215,11.0602893829,122.972251892,25.8312225342,-22.1755466461,-7.70819854736,-7.26648330688],[83.0835800171,39.5089683533,-27.9058666229,-11.9360990524,-21.5287246704,-11.063243866,29.9486293793,-2.78059864044,25.8312225342,130.747161865,21.228061676,-9.35380649567,-13.2910385132],[114.03678894,7.34439325333,12.3856067657,-37.5020980835,-40.2358207703,24.7360744476,13.2340764999,5.23125886917,-22.1755466461,21.228061676,110.66481781,19.6394710541,-8.62962722778],[-47.6267127991,-39.2846946716,38.5476074219,18.4865703583,6.85193252563,-0.344835758209,-8.51150608063,-1.48378360271,-7.70819854736,-9.35380649567,19.6394710541,78.2841339111,25.1254825592],[-138.163757324,3.45117926598,4.77580118179,29.8638858795,14.9136734009,-11.8276348114,-15.7844743729,5.96571159363,-7.26648330688,-13.2910385132,-8.62962722778,25.1254825592,74.4225158691]],"icov":[[0.000111135777843,-0.0000534726568731,0.0000282555920421,-0.000149797342601,0.000222623799345,-0.0000981767007033,0.000275661994237,-0.000223617549636,0.000136910995934,-0.000099126045825,-0.0000126176237245,-0.0000181672876352,0.000283609057078],[-0.0000534726568731,0.000741266761906,0.000358564197086,0.00013125249825,-0.000499583373312,0.000515935069416,-0.000792586884927,0.0004850657715,-0.0000739217721275,0.000105249549961,-0.000332741736202,0.000306763657136,-0.000364769715816],[0.0000282555920421,0.000358564197086,0.00214019208215,-0.000285391288344,0.000087166481535,-0.00138018850703,0.000269094976829,-0.000318288337439,-0.00105844892096,0.00032163693686,-0.00018910014478,-0.000819902808871,0.0000677546122461],[-0.000149797342601,0.00013125249825,-0.000285391288344,0.00424117408693,-0.00161817169283,0.000469859602163,0.00095847400371,-0.000157396178111,0.000529700424522,-0.000489383761305,0.00102928502019,-0.000559109670576,-0.00108047167305],[0.000222623799345,-0.000499583373312,0.000087166481535,-0.00161817169283,0.00589546887204,-0.00148549769074,0.0021798319649,0.000258501793724,-0.00251757958904,0.000559973297641,0.000956000236329,-0.000560522952583,0.000258599728113],[-0.0000981767007033,0.000515935069416,-0.00138018850703,0.000469859602163,-0.00148549769074,0.00933615770191,-0.00385287660174,-0.0000154324570758,-0.000152964101289,0.00159999588504,-0.0023139801342,0.00119329802692,0.000258968240814],[0.000275661994237,-0.000792586884927,0.000269094976829,0.00095847400371,0.0021798319649,-0.00385287660174,0.00739657878876,-0.00205037253909,0.000450713501777,-0.00180746696424,0.00161741126794,-0.000948762521148,0.00105967978016],[-0.000223617549636,0.0004850657715,-0.000318288337439,-0.000157396178111,0.000258501793724,-0.0000154324570758,-0.00205037253909,0.0111682796851,-0.00178124161903,0.00102249847259,-0.000938872806728,0.00116610818077,-0.00223228568211],[0.000136910995934,-0.0000739217721275,-0.00105844892096,0.000529700424522,-0.00251757958904,-0.000152964101289,0.000450713501777,-0.00178124161903,0.0116562796757,-0.00331278704107,0.00233922759071,0.000350966874976,0.00153076415882],[-0.000099126045825,0.000105249549961,0.00032163693686,-0.000489383761305,0.000559973297641,0.00159999588504,-0.00180746696424,0.00102249847259,-0.00331278704107,0.00958753749728,-0.00276970514096,0.00113290047739,0.000348723056959],[-0.0000126176237245,-0.000332741736202,-0.00018910014478,0.00102928502019,0.000956000236329,-0.0023139801342,0.00161741126794,-0.000938872806728,0.00233922759071,-0.00276970514096,0.0120160169899,-0.00399348558858,0.00192538578995],[-0.0000181672876352,0.000306763657136,-0.000819902808871,-0.000559109670576,-0.000560522952583,0.00119329802692,-0.000948762521148,0.00116610818077,0.000350966874976,0.00113290047739,-0.00399348558858,0.016368098557,-0.00551615096629],[0.000283609057078,-0.000364769715816,0.0000677546122461,-0.00108047167305,0.000258599728113,0.000258968240814,0.00105967978016,-0.00223228568211,0.00153076415882,0.000348723056959,0.00192538578995,-0.00551615096629,0.0170997492969]],"mean":[-666.986816406,128.159133911,-7.1016702652,22.957698822,4.05092382431,-2.12095999718,-7.86341047287,1.84398126602,-3.84062504768,1.89972925186,-0.362566828728,-4.51275777817,-4.92352867126]},"pitch_salience":{"dmean":0.0644593387842,"dmean2":0.103387609124,"dvar":0.00330072059296,"dvar2":0.00824875663966,"max":0.833967030048,"mean":0.567587852478,"median":0.568371295929,"min":0.150165379047,"var":0.0108371665701},"silence_rate_20dB":{"dmean":0,"dmean2":0,"dvar":0,"dvar2":0,"max":1,"mean":1,"median":1,"min":1,"var":0},"silence_rate_30dB":{"dmean":0,"dmean2":0,"dvar":0,"dvar2":0,"max":1,"mean":1,"median":1,"min":1,"var":0},"silence_rate_60dB":{"dmean":0.0143295805901,"dmean2":0.0286633521318,"dvar":0.0141248945147,"dvar2":0.0319388136268,"max":1,"mean":0.0788011699915,"median":0,"min":0,"var":0.0725897327065},"spectral_centroid":{"dmean":231.335800171,"dmean2":338.160888672,"dvar":100118.59375,"dvar2":193330.65625,"max":11771.5742188,"mean":1475.61633301,"median":1173.89758301,"min":166.192062378,"var":2504104.75},"spectral_complexity":{"dmean":3.0706243515,"dmean2":4.45685863495,"dvar":10.4336605072,"dvar2":19.3683280945,"max":52,"mean":16.8374271393,"median":16,"min":0,"var":69.0119171143},"spectral_contrast_coeffs":{"dmean":[0.0507648028433,0.0467759817839,0.0395035408437,0.0333546437323,0.0246799960732,0.021534845233],"dmean2":[0.0836151093245,0.0745219141245,0.0621390044689,0.0516992248595,0.0368673056364,0.0329612381756],"dvar":[0.00167793279979,0.00170860416256,0.00113894266542,0.000833692611195,0.000481085706269,0.000399336859118],"dvar2":[0.00444137072191,0.00413678353652,0.00259058899246,0.00188987900037,0.000947757973336,0.000892392941751],"max":[-0.34153175354,-0.40683016181,-0.390603840351,-0.4939699471,-0.54177993536,-0.614551305771],"mean":[-0.610301434994,-0.703540623188,-0.73311072588,-0.746521413326,-0.762698233128,-0.770406901836],"median":[-0.606784701347,-0.705580711365,-0.744407832623,-0.752102553844,-0.765944898129,-0.768035531044],"min":[-0.98121970892,-0.979742765427,-0.983850836754,-0.983721256256,-0.981729149818,-0.977287709713],"var":[0.00837810803205,0.00772239267826,0.00736638111994,0.00532935839146,0.00408719060943,0.00245391810313]},"spectral_contrast_valleys":{"dmean":[0.424149930477,0.351707369089,0.318423032761,0.296095490456,0.277459383011,0.443156182766],"dmean2":[0.710686087608,0.557738244534,0.49474593997,0.448897600174,0.38103595376,0.548862218857],"dvar":[0.148578718305,0.134621739388,0.112342990935,0.10991396755,0.108418464661,0.235911458731],"dvar2":[0.345255583525,0.275926798582,0.221952438354,0.209985345602,0.183749213815,0.455047100782],"max":[-5.78264379501,-5.04274368286,-5.6086268425,-6.24593877792,-5.81796741486,-7.29300737381],"mean":[-8.00622844696,-7.35297012329,-8.13121414185,-8.43239021301,-8.32306289673,-10.9427566528],"median":[-7.42880964279,-6.72865104675,-7.58734989166,-7.86584949493,-7.70061588287,-10.3928937912],"min":[-28.1774330139,-28.1708717346,-27.9637355804,-27.721036911,-27.5760231018,-27.4782524109],"var":[9.52097606659,10.3796787262,9.57342624664,9.32773971558,9.60078620911,7.99359178543]},"spectral_decrease":{"dmean":1.36069100432e-9,"dmean2":2.04535499648e-9,"dvar":2.67619501338e-18,"dvar2":6.43977849897e-18,"max":1.91764615858e-28,"mean":-5.27900834157e-9,"median":-4.77596895365e-9,"min":-2.09388719696e-8,"var":1.24353816885e-17},"spectral_energy":{"dmean":0.00555090419948,"dmean2":0.00829267688096,"dvar":0.0000441473421233,"dvar2":0.000105463550426,"max":0.0862140581012,"mean":0.021749669686,"median":0.0196107067168,"min":9.92093042494e-21,"var":0.000213579303818},"spectral_energyband_high":{"dmean":0.000427916907938,"dmean2":0.000571312790271,"dvar":0.00000192406264432,"dvar2":0.00000361545653504,"max":0.0361981913447,"mean":0.000686875544488,"median":0.000227425276535,"min":6.74632270948e-21,"var":0.00000342728480973},"spectral_energyband_low":{"dmean":0.00148328708019,"dmean2":0.00237006647512,"dvar":0.00000322095729643,"dvar2":0.00000765797449276,"max":0.0291647072881,"mean":0.00395909696817,"median":0.00299438228831,"min":1.44307035367e-23,"var":0.0000140035599543},"spectral_energyband_middle_high":{"dmean":0.00226512551308,"dmean2":0.00333159905858,"dvar":0.0000165053988894,"dvar2":0.0000406583385484,"max":0.0726996660233,"mean":0.00624231388792,"median":0.00291219167411,"min":1.16192259266e-21,"var":0.0000701646349626},"spectral_energyband_middle_low":{"dmean":0.00403507845476,"dmean2":0.00610297406092,"dvar":0.0000300185038213,"dvar2":0.0000725216887076,"max":0.0649796798825,"mean":0.0116517422721,"median":0.00911262538284,"min":1.21485702742e-22,"var":0.0000890311057447},"spectral_entropy":{"dmean":0.189556241035,"dmean2":0.258230894804,"dvar":0.0341480374336,"dvar2":0.0646655634046,"max":9.82434654236,"mean":7.42571020126,"median":7.36996555328,"min":5.53537034988,"var":0.326416254044},"spectral_flux":{"dmean":0.0185674466193,"dmean2":0.0291346721351,"dvar":0.000362852413673,"dvar2":0.000823306676466,"max":0.22599580884,"mean":0.0681469812989,"median":0.0641794502735,"min":6.33450999987e-11,"var":0.00142955721822},"spectral_kurtosis":{"dmean":2.15843510628,"dmean2":3.55365729332,"dvar":8.61648464203,"dvar2":25.05900383,"max":61.8124389648,"mean":5.1462225914,"median":4.06820106506,"min":-1.27259862423,"var":24.2875671387},"spectral_rms":{"dmean":0.000568433024455,"dmean2":0.000823926355224,"dvar":3.5127720821e-7,"dvar2":7.42143697607e-7,"max":0.00917122047395,"mean":0.00426125247031,"median":0.00437405984849,"min":3.11110208776e-12,"var":0.00000306099400404},"spectral_rolloff":{"dmean":415.017608643,"dmean2":678.162719727,"dvar":648738.1875,"dvar2":1247563.75,"max":19745.9472656,"mean":1867.7734375,"median":1227.39257812,"min":86.1328125,"var":8226533},"spectral_skewness":{"dmean":0.254562854767,"dmean2":0.398634880781,"dvar":0.067813359201,"dvar2":0.176391497254,"max":5.62585830688,"mean":1.54344892502,"median":1.50261902809,"min":-0.110639728606,"var":0.34803968668},"spectral_spread":{"dmean":649540.375,"dmean2":926904.375,"dvar":796427223040,"dvar2":1593571803140,"max":42806660,"mean":4817010,"median":3715581,"min":1062123.75,"var":31707700920300},"spectral_strongpeak":{"dmean":0.621499538422,"dmean2":1.03545856476,"dvar":1.1135661602,"dvar2":2.84921526909,"max":11.5428409576,"mean":1.18578982353,"median":0.558863818645,"min":0,"var":2.19688987732},"zerocrossingrate":{"dmean":0.0100568514317,"dmean2":0.0113406497985,"dvar":0.000184622709639,"dvar2":0.000229608704103,"max":0.53466796875,"mean":0.0664260983467,"median":0.05126953125,"min":0.0048828125,"var":0.00543366093189}},"metadata":{"audio_properties":{"analysis_sample_rate":44100,"bit_rate":0,"codec":"flac","downmix":"mix","equal_loudness":0,"length":158.800003052,"lossless":true,"md5_encoded":"5cf1ec55281dbe5f363250d225126183","replay_gain":-9.60486030579,"sample_rate":44100},"tags":{"acoustid_id":["19ae4439-bc50-4119-bd2b-6ff6e02b67a7"],"album":["Help!"],"albumartist":["The Beatles"],"albumartistsort":["Beatles, The"],"artist":["The Beatles"],"artists":["The Beatles"],"artistsort":["Beatles, The"],"catalognumber":["PMC 1255"],"date":["1965-08-06"],"discnumber":["1"],"disctotal":["1"],"file_name":"10 You Like Me Too Much.flac","genre":["Rock"],"isrc":["GBAYE0900669"],"label":["Parlophone"],"language":["eng"],"media":["Vinyl"],"musicbrainz_albumartistid":["b10bbbfc-cf9e-42e0-be17-e2c3e1d2600d"],"musicbrainz_albumid":["2c053984-4645-4699-9474-d2c35c227028"],"musicbrainz_artistid":["b10bbbfc-cf9e-42e0-be17-e2c3e1d2600d"],"musicbrainz_recordingid":["d03fa80e-c25b-45e0-b658-577dae54997f"],"musicbrainz_releasegroupid":["0d44e1cb-c6e0-3453-8b68-4d2082f05421"],"musicbrainz_releasetrackid":["e3f32f20-02fb-3b54-9a28-fcd2a639db5e"],"musicbrainz_workid":["d091ee97-b4b3-31d4-abde-bcf30c142016"],"originaldate":["1965-08-06"],"producer":["George Martin"],"releasecountry":["GB"],"releasestatus":["official"],"releasetype":["album","soundtrack"],"script":["Latn"],"title":["You Like Me Too Much"],"totaldiscs":["1"],"totaltracks":["14"],"tracknumber":["10"],"tracktotal":["14"],"work":["You Like Me Too Much"],"writer":["George Harrison"]},"version":{"essentia":"2.1-beta1","essentia_build_sha":"ca57ba49d9b1854bd80e60cf9ccf267278fb7d6b","essentia_git_sha":"v2.1_beta1-28-g21ef5f4-dirty","extractor":"music 1.0"}},"rhythm":{"beats_count":236,"beats_loudness":{"dmean":0.00887893792242,"dmean2":0.0158762000501,"dvar":0.0000735781432013,"dvar2":0.000197458910407,"max":0.0507485531271,"mean":0.0244229938835,"median":0.0244592819363,"min":0,