{"lowlevel":{"average_loudness":0.870595991611,"barkbands":{"dmean":[0.000376641692128,0.0178243070841,0.00231202389114,0.00036352337338,0.00216541229747,0.00104250526056,0.000399051175918,0.00032246945193,0.000340329599567,0.000253203354077,0.0002474358771,0.000223621624173,0.000204822339583,0.000627300469205,0.000413942208979,0.000425545440521,0.000338406622177,0.000176806555828,0.000111263856525,0.000191327751963,0.000112500107207,0.0000680004159221,0.0000593276126892,0.0000839773128973,0.0000404092388635,0.0000156130208779,0.00000570705969949],"dmean2":[0.000445795041742,0.029778232798,0.00414829188958,0.000660940888338,0.0036790529266,0.00144148676191,0.000650615431368,0.000533277227078,0.000454665365396,0.000402815843699,0.000345981447026,0.000362374674296,0.000303998735035,0.00109684676863,0.000621460261755,0.000716956914403,0.000544916605577,0.000291532371193,0.000174802145921,0.000319284474244,0.000174391505425,0.0000989154505078,0.0000804988158052,0.000125171805848,0.0000575989979552,0.0000209259251278,0.00000792739501776],"dvar":[0.00000108414531041,0.00251755467616,0.0000715116329957,0.00000111374879452,0.0000788622783148,0.0000134968631755,0.00000173468652065,0.00000129884813305,0.00000108182518943,6.17613807208e-7,7.14862324003e-7,2.08118692058e-7,2.88395114012e-7,0.00000394109019908,0.00000107753407974,0.00000175132106506,5.24664528712e-7,1.51120062242e-7,7.62916201325e-8,3.19799369208e-7,8.193899248e-8,3.20408055643e-8,1.93247746694e-8,5.79563419478e-8,1.13633653598e-8,1.35350974872e-9,1.44944556357e-10],"dvar2":[0.00000195569509742,0.00680976500735,0.00020259541634,0.00000318333559335,0.000210035417695,0.0000234519684454,0.00000436286973127,0.00000353005384568,0.00000173870580511,0.00000148719630033,0.00000144788748457,5.55213205189e-7,6.18195372226e-7,0.0000111472290882,0.00000246804097515,0.00000506115384269,0.00000137666768296,3.97607237801e-7,1.77005475166e-7,8.9932194669e-7,1.89776173443e-7,7.11307279744e-8,3.36703962489e-8,1.23873306279e-7,2.59793839774e-8,2.55277465833e-9,2.4640600671e-10],"max":[0.0142500288785,0.416895151138,0.079356521368,0.00875514559448,0.0935807079077,0.0415521487594,0.0197086557746,0.0203171633184,0.029588283971,0.0117828380316,0.0211894009262,0.0125774228945,0.0122309587896,0.0348897464573,0.0177159495652,0.0255189239979,0.0133324638009,0.007418313995,0.00538662821054,0.00882147438824,0.00419265078381,0.00235003558919,0.00192598975264,0.0054515209049,0.00143623829354,0.00052910647355,0.000203793082619],"mean":[0.000564176472835,0.017874782905,0.00171244051307,0.000275034457445,0.00179141841363,0.00116343249101,0.000385010411264,0.000310547067784,0.000632743525784,0.000361804210115,0.00033400618122,0.00036419054959,0.000340390804922,0.000723686884157,0.000697528477758,0.000698768300936,0.000541256100405,0.00028163389652,0.00015586160589,0.000275508122286,0.000167285004864,0.0000877516795299,0.0000938941593631,0.000137730035931,0.0000666450650897,0.0000261825771304,0.00000984672442428],"median":[0.000032954121707,0.0000654951800243,0.000018831638954,0.0000321536499541,0.0000740623872844,0.0000364185252693,0.0000233803693845,0.000049386129831,0.0000430362888437,0.0000953796552494,0.0000863991808728,0.000220343601541,0.00013251886412,0.000235406623688,0.000111398810986,0.0000510577774548,0.0000292985569104,0.0000197646604647,0.000018205075321,0.0000182189323823,0.0000182245439646,0.0000144385239764,0.0000138938894452,0.0000304532841255,0.0000190363789443,0.0000110561386464,0.00000444423403678],"min":[6.97208836442e-24,4.78543535491e-23,1.77799339944e-23,4.74920021252e-24,4.08943820881e-23,5.17849918488e-23,1.89513309075e-23,3.67772949357e-23,5.07519942707e-23,5.87538301063e-23,5.00362860149e-23,6.3524475897e-23,1.37113100383e-22,4.76093017975e-23,1.06801164276e-22,1.06889188532e-22,2.63252097968e-22,4.31623085968e-22,1.98170429576e-22,2.99213906365e-22,4.10856278462e-22,4.43837076162e-22,6.19310134716e-22,8.52578349117e-22,1.14557749567e-21,1.76264453912e-21,2.55991396952e-21],"var":[0.00000264746176981,0.0026839573402,0.0000467253230454,7.1138452995e-7,0.0000655843614368,0.0000204515727091,0.00000171687042894,0.00000118339482924,0.00000601195506533,0.00000118360230772,0.0000011470561958,2.78124957731e-7,8.13677900169e-7,0.00000429886495112,0.00000294754022434,0.00000388428770748,0.00000119234027807,3.42091539096e-7,1.28857209347e-7,4.53153717217e-7,1.4404349713e-7,4.4195054727e-8,4.36211458066e-8,1.19712197488e-7,2.11022861407e-8,2.44923192838e-9,3.08134268101e-10]},"barkbands_crest":{"dmean":4.31750965118,"dmean2":6.98895835876,"dvar":13.190700531,"dvar2":30.5522251129,"max":26.4797763824,"mean":12.2871017456,"median":10.9071369171,"min":2.37030434608,"var":39.1815452576},"barkbands_flatness_db":{"dmean":0.0345044434071,"dmean2":0.0535992458463,"dvar":0.00152031623293,"dvar2":0.00284758000635,"max":0.424731254578,"mean":0.121203273535,"median":0.098660454154,"min":0.0166565664113,"var":0.00513806054369},"barkbands_kurtosis":{"dmean":15.4242610931,"dmean2":26.2955951691,"dvar":2363.64306641,"dvar2":6577.30957031,"max":509.51751709,"mean":14.6227664948,"median":2.12350082397,"min":-1.8775395155,"var":2316.70483398},"barkbands_skewness":{"dmean":1.3030642271,"dmean2":1.95237660408,"dvar":3.90565466881,"dvar2":8.9439201355,"max":20.2004699707,"mean":1.70844697952,"median":0.671379208565,"min":-3.11628103256,"var":9.20828056335},"barkbands_spread":{"dmean":8.208527565,"dmean2":13.02389431,"dvar":86.016204834,"dvar2":188.159484863,"max":118.118080139,"mean":22.9202632904,"median":19.1279125214,"min":0.373704075813,"var":238.982391357},"dissonance":{"dmean":0.0248950179666,"dmean2":0.0423146635294,"dvar":0.000736862362828,"dvar2":0.00194143515546,"max":0.500000119209,"mean":0.462992191315,"median":0.473291486502,"min":0.27098274231,"var":0.00112764141522},"dynamic_complexity":8.18605613708,"erbbands":{"dmean":[0.508127987385,3.98300027847,3.61815285683,1.68422949314,2.68957495689,10.6876897812,4.77609205246,10.5043678284,9.35876178741,4.02814483643,8.32600593567,7.77702045441,8.71538162231,6.18946647644,9.35770130157,9.13354492188,8.9667224884,24.9316253662,21.908449173,25.0931491852,17.706193924,18.3502902985,9.3738079071,6.47823905945,6.88095903397,8.23603725433,6.99034357071,2.71361708641,2.33106184006,2.09711027145,1.61991453171,1.87207245827,1.30646514893,0.566850543022,0.236466497183,0.0809833556414,0.0253289714456,0.00675407750532,0.00121298246086,0.0000555851875106],"dmean2":[0.844890236855,6.67836856842,5.67491865158,2.97768449783,4.69738149643,18.4796924591,7.76125621796,14.9188299179,13.7857084274,6.13023853302,13.0941314697,10.8853063583,13.5374145508,8.77159500122,13.1232271194,14.9691209793,12.9264173508,42.4171066284,36.3223762512,39.749080658,28.6242523193,30.0961799622,14.9947538376,10.4704055786,11.0978832245,13.528842926,11.0690488815,4.06017398834,3.44429397583,2.84393596649,2.19979095459,2.82600331306,1.92990350723,0.826152563095,0.333102434874,0.110705301166,0.0340064093471,0.00880035851151,0.00175947509706,0.0000790710400906],"dvar":[1.74168741703,146.176834106,136.909744263,26.8892841339,69.4672698975,2224.05249023,290.419464111,1472.31396484,815.398193359,137.164260864,816.917236328,617.369445801,823.418945312,840.418334961,361.000183105,435.078491211,581.883544922,4690.65039062,3513.59594727,5368.16357422,2559.02050781,1677.57470703,387.085113525,310.833343506,312.100799561,558.888305664,437.041534424,43.3759536743,39.8485565186,25.124464035,14.3229665756,23.6236362457,16.0636787415,2.66358757019,0.252676665783,0.0391264073551,0.00408807443455,0.000177510650246,0.00000653297138342,9.12404907183e-9],"dvar2":[5.01509094238,375.566589355,329.86932373,76.0049591064,185.644195557,6025.02783203,681.911132812,2736.51757812,1695.23730469,319.973693848,2178.68798828,1173.29003906,1849.37133789,1536.44128418,769.432128906,1193.70837402,993.288818359,13124.6083984,9335.03710938,14239.7636719,7232.03369141,4808.64550781,1006.60858154,854.676269531,729.751281738,1543.35925293,1075.64819336,92.4944152832,90.1780853271,46.5986251831,24.9809741974,50.6623725891,33.8516693115,6.11990356445,0.589775145054,0.0746581032872,0.00778299383819,0.000263101508608,0.0000122645769807,1.69492420099e-8],"max":[9.92241954803,102.883613586,113.902107239,51.067024231,85.9651412964,514.114013672,170.688339233,410.032897949,400.470703125,168.907028198,549.110107422,579.657409668,501.475250244,692.33215332,433.435852051,632.138366699,682.642578125,1074.5369873,814.346313477,1830.8828125,945.374206543,480.675689697,468.000732422,275.394500732,367.146209717,392.211608887,298.503875732,75.4967193604,79.2217636108,75.8369674683,50.458404541,91.2549438477,96.0346221924,20.7639770508,6.93138074875,2.55543661118,0.905349493027,0.217459306121,0.0442712195218,0.00156323937699],"mean":[0.54753613472,3.74538660049,3.36349105835,1.32091736794,2.22842478752,8.50961208344,4.67864847183,11.3329963684,9.4085483551,4.28084135056,10.3753557205,14.3987474442,13.7953796387,8.75268173218,14.5953044891,16.2271175385,17.0583057404,31.403717041,33.077545166,48.0360183716,32.8838043213,28.8945941925,17.2478637695,8.87669658661,10.6119632721,12.436044693,10.6539812088,3.82299900055,2.9462826252,3.11127591133,2.55357503891,3.02427124977,2.07880473137,0.874998688698,0.397968292236,0.125174880028,0.0411217659712,0.0141202080995,0.00206572609022,0.000100426848803],"median":[0.00191728386562,0.0145697155967,0.027086827904,0.0770334526896,0.247401624918,0.19197177887,0.192369922996,0.320613354445,0.425502508879,0.445205330849,1.38960337639,1.23118984699,3.89078593254,2.26641845703,4.82794618607,10.2256603241,7.33230447769,13.728884697,9.69140720367,4.08425092697,2.52382540703,1.48915457726,1.09080517292,0.970225632191,0.916280090809,0.855068981647,0.648138701916,0.836506962776,0.510328352451,0.462239921093,0.399420291185,0.745172441006,0.373842716217,0.157456248999,0.166065245867,0.0340891741216,0.017349338159,0.00899722333997,0.000981026794761,0.0000496867287438],"min":[1.44971096584e-21,1.04290551968e-20,2.27651494464e-20,1.52139468814e-20,1.10457666495e-19,1.24109778442e-19,2.52766491163e-19,4.35018471743e-19,2.79508826776e-19,3.91476744124e-19,8.35252809657e-19,1.2581755227e-18,1.35653164023e-18,2.14074838837e-18,2.14004176933e-18,3.75129592438e-18,6.71720246871e-18,2.37144058261e-18,5.06020750053e-18,4.71590721904e-18,7.93987260778e-18,1.64512476095e-17,2.18962880687e-17,1.52320181282e-17,1.04572189583e-17,1.13855025484e-17,1.46193221397e-17,1.9866750805e-17,1.59872422993e-17,1.61034727558e-17,1.71961452578e-17,1.84865850637e-17,1.23711436693e-17,9.72843726983e-18,9.90887017685e-18,5.8709698187e-18,3.35413942213e-18,1.49091995204e-18,3.8011800335e-19,3.560043831e-20],"var":[2.31447076797,140.808364868,132.716461182,17.6845550537,57.7269096375,1760.27832031,313.640838623,2063.45654297,1040.23608398,152.154510498,1113.94006348,2886.4128418,2157.15405273,1400.62329102,683.059753418,486.136627197,2173.32324219,5051.97070312,5745.89599609,17863.8007812,5459.46875,2961.80200195,1101.41101074,394.264434814,649.095397949,832.942687988,744.702087402,63.8990287781,51.394405365,48.6586303711,32.5839195251,49.6166992188,32.1033668518,4.53434467316,0.490663409233,0.0717483833432,0.00688678771257,0.000414325273596,0.0000128326219055,1.92802467325e-8]},"erbbands_crest":{"dmean":4.12587022781,"dmean2":6.83588838577,"dvar":11.1829252243,"dvar2":29.7418823242,"max":28.3263683319,"mean":11.662902832,"median":10.5556697845,"min":2.30886507034,"var":27.1962852478},"erbbands_flatness_db":{"dmean":0.0202103406191,"dmean2":0.0300159435719,"dvar":0.000338406855008,"dvar2":0.000584935129154,"max":0.287385135889,"mean":0.153831750154,"median":0.152811065316,"min":0.0237258970737,"var":0.00188338942826},"erbbands_kurtosis":{"dmean":2.42558193207,"dmean2":3.77515721321,"dvar":7.36403799057,"dvar2":16.7824440002,"max":23.9884929657,"mean":3.7123901844,"median":2.14442825317,"min":-1.68279016018,"var":22.6053829193},"erbbands_skewness":{"dmean":0.575907289982,"dmean2":0.89837127924,"dvar":0.268421560526,"dvar2":0.706050515175,"max":3.30738735199,"mean":0.476925343275,"median":0.389517813921,"min":-3.79096722603,"var":1.13810360432},"erbbands_spread":{"dmean":10.7504758835,"dmean2":16.1051330566,"dvar":164.803833008,"dvar2":336.715026855,"max":143.363723755,"mean":29.9770450592,"median":21.3787441254,"min":3.87067651749,"var":496.125366211},"gfcc":{"cov":[[23839.3554688,557.100891113,-1958.31018066,1509.2121582,-634.29473877,-871.976135254,-700.809204102,437.499603271,157.930999756,-30.4157218933,-30.1337795258,-27.8721313477,183.79901123],[557.100891113,631.471740723,380.699249268,255.143234253,261.881134033,131.848648071,205.808288574,141.174682617,124.69719696,14.1836767197,42.9001960754,-24.0399665833,-1.84464204311],[-1958.31018066,380.699249268,1012.46844482,190.72492981,212.235916138,307.284423828,248.461105347,-31.0662479401,52.7590370178,49.394657135,111.200065613,9.31325626373,-50.4481086731],[1509.2121582,255.143234253,190.72492981,944.575500488,209.844085693,-82.6193695068,130.948257446,234.16696167,162.720367432,72.7229919434,137.00692749,58.5342750549,63.7520256042],[-634.29473877,261.881134033,212.235916138,209.844085693,548.14440918,346.844390869,313.676727295,191.272781372,158.343338013,91.8503952026,65.1651535034,-12.1493759155,-2.72797298431],[-871.976135254,131.848648071,307.284423828,-82.6193695068,346.844390869,503.597167969,299.688323975,88.2913589478,92.0567855835,83.8786697388,38.2268714905,-28.0154724121,-38.8536758423],[-700.809204102,205.808288574,248.461105347,130.948257446,313.676727295,299.688323975,340.455871582,161.61756897,110.882804871,53.9245643616,60.3146591187,-0.407799869776,-15.1973114014],[437.499603271,141.174682617,-31.0662479401,234.16696167,191.272781372,88.2913589478,161.61756897,241.620529175,150.911819458,58.0506782532,47.9756355286,15.2049255371,33.1970863342],[157.930999756,124.69719696,52.7590370178,162.720367432,158.343338013,92.0567855835,110.882804871,150.911819458,172.393600464,93.9723739624,46.4924201965,1.1396292448,23.8967037201],[-30.4157218933,14.1836767197,49.394657135,72.7229919434,91.8503952026,83.8786697388,53.9245643616,58.0506782532,93.9723739624,133.106369019,59.6096801758,-10.3540868759,14.7986688614],[-30.1337795258,42.9001960754,111.200065613,137.00692749,65.1651535034,38.2268714905,60.3146591187,47.9756355286,46.4924201965,59.6096801758,95.6011352539,49.8464202881,18.1596412659],[-27.8721313477,-24.0399665833,9.31325626373,58.5342750549,-12.1493759155,-28.0154724121,-0.407799869776,15.2049255371,1.1396292448,-10.3540868759,49.8464202881,97.9242248535,35.5274162292],[183.79901123,-1.84464204311,-50.4481086731,63.7520256042,-2.72797298431,-38.8536758423,-15.1973114014,33.1970863342,23.8967037201,14.7986688614,18.1596412659,35.5274162292,66.2547073364]],"icov":[[0.00010655944061,-0.000381217134418,0.000414185022237,-0.000320404622471,0.000357206357876,-0.00048204959603,0.000383612758014,0.0000185065237019,0.0000379261400667,0.0000447767342848,-0.000225370909902,0.00006541730545,0.000131201828481],[-0.000381217134418,0.0046329041943,-0.0027812696062,0.00128162512556,-0.00231544417329,0.00274862721562,-0.00168093922548,-0.000985808321275,-0.00184541277122,0.00245555583388,-0.000213287974475,0.00210334733129,-0.00149178132415],[0.000414185022237,-0.0027812696062,0.0042522395961,-0.00198865751736,0.00224124663509,-0.00342769734561,0.000320129853208,0.00360687542707,-0.00123600999359,0.00110375729855,-0.00340296886861,0.000386861560401,0.00119778409135],[-0.000320404622471,0.00128162512556,-0.00198865751736,0.00329951616004,-0.00206872727722,0.00332457665354,-0.00106237072032,-0.00204270309769,-0.000183610842214,0.00044569070451,-0.00168910366483,0.000753801839892,-0.00109487317968],[0.000357206357876,-0.00231544417329,0.00224124663509,-0.00206872727722,0.00673947716132,-0.00449377438053,-0.000724218669347,0.00046212572488,-0.000865728536155,-0.000153206696268,-0.000762295967434,0.000315450510243,0.000272525823675],[-0.00048204959603,0.00274862721562,-0.00342769734561,0.00332457665354,-0.00449377438053,0.0100982496515,-0.00607384648174,-0.000551199365873,0.0003881608136,-0.00337356934324,0.0032841807697,-0.000921730301343,0.000432334083598],[0.000383612758014,-0.00168093922548,0.000320129853208,-0.00106237072032,-0.000724218669347,-0.00607384648174,0.0137804662809,-0.00631068693474,0.00163022673223,0.00268750078976,-0.00399273307994,0.000987498206086,0.0022627862636],[0.0000185065237019,-0.000985808321275,0.00360687542707,-0.00204270309769,0.00046212572488,-0.000551199365873,-0.00631068693474,0.0186411831528,-0.0122466525063,0.00487624341622,-0.00336587126367,0.000984268845059,-0.0027361093089],[0.0000379261400667,-0.00184541277122,-0.00123600999359,-0.000183610842214,-0.000865728536155,0.0003881608136,0.00163022673223,-0.0122466525063,0.0239081531763,-0.0152328116819,0.00825428031385,-0.00468802312389,0.000811749137938],[0.0000447767342848,0.00245555583388,0.00110375729855,0.00044569070451,-0.000153206696268,-0.00337356934324,0.00268750078976,0.00487624341622,-0.0152328116819,0.0288208164275,-0.0233647041023,0.0160215850919,-0.00658618751913],[-0.000225370909902,-0.000213287974475,-0.00340296886861,-0.00168910366483,-0.000762295967434,0.0032841807697,-0.00399273307994,-0.00336587126367,0.00825428031385,-0.0233647041023,0.0419653989375,-0.0233927741647,0.00560180423781],[0.00006541730545,0.00210334733129,0.000386861560401,0.000753801839892,0.000315450510243,-0.000921730301343,0.000987498206086,0.000984268845059,-0.00468802312389,0.0160215850919,-0.0233927741647,0.0277982614934,-0.0117300217971],[0.000131201828481,-0.00149178132415,0.00119778409135,-0.00109487317968,0.000272525823675,0.000432334083598,0.0022627862636,-0.0027361093089,0.000811749137938,-0.00658618751913,0.00560180423781,-0.0117300217971,0.0247408747673]],"mean":[-76.1300506592,38.7449684143,-111.900436401,5.25546741486,-37.1465950012,29.6551494598,-32.5542984009,5.05890607834,-19.6978816986,5.29866600037,-13.0222234726,-1.2440662384,-9.33227825165]},"hfc":{"dmean":6.75877332687,"dmean2":9.46215248108,"dvar":129.05847168,"dvar2":227.225296021,"max":126.710243225,"mean":16.6236686707,"median":5.1075053215,"min":1.21655874673e-16,"var":462.069763184},"melbands":{"dmean":[0.0049133556895,0.00288154557347,0.000293720862828,0.00050380238099,0.000243574264459,0.000228817589232,0.000136484173709,0.0000466911551484,0.0000709676096449,0.0000473067411804,0.0000425201578764,0.0000245902301685,0.0000306335205096,0.0000263213860308,0.0000180410825124,0.0000222157577809,0.0000566489907214,0.0000424862300861,0.0000327586130879,0.0000376825628337,0.0000201652346732,0.000022198413717,0.0000128900164782,0.00000752083224143,0.00000525137829754,0.00000428846487921,0.00000636395452602,0.00000582815346206,0.00000490302318212,0.00000276974037661,0.00000142051567309,0.00000133913999889,0.0000013371110299,0.00000115653438115,9.24223456877e-7,0.00000103967306586,0.00000122599260521,0.0000010278353102,7.22379638773e-7,4.12675973394e-7],"dmean2":[0.00825268961489,0.00468908483163,0.000523812370375,0.000870076590218,0.000405512109865,0.000325841741869,0.000200247523026,0.0000719803647371,0.000105243932921,0.0000665625775582,0.0000668097854941,0.0000349295405613,0.000043663323595,0.0000419071147917,0.0000278987954516,0.0000331035371346,0.0000973291462287,0.0000719444942661,0.000051228045777,0.0000617698387941,0.0000324444954458,0.0000361225829693,0.0000209996342164,0.0000127248549688,0.00000857522354636,0.00000664067965772,0.0000106099842014,0.00000976790306595,0.00000787991939433,0.0000041475072976,0.00000217325236918,0.000002050287776,0.00000187622447356,0.00000161087029937,0.00000128075919292,0.00000151497090428,0.00000192201082427,0.00000152198674641,0.00000109783775315,6.07759488958e-7],"dvar":[0.000177609632374,0.0000807959804661,7.49695118429e-7,0.00000425634789281,9.35501645927e-7,6.8002776743e-7,1.72830780798e-7,1.81441777158e-8,5.21017256006e-8,2.13533688509e-8,1.97594420825e-8,1.30438637669e-8,8.55176462977e-9,2.04414374316e-9,1.92644811214e-9,3.17681059236e-9,2.65488964146e-8,1.7870322111e-8,7.68410401975e-9,1.24328156659e-8,3.46374595672e-9,2.69413491516e-9,7.34223182253e-10,3.10881598242e-10,2.2208572481e-10,1.30084179539e-10,2.78227413331e-10,4.11594369698e-10,2.5642951651e-10,4.47643588863e-11,1.36892632646e-11,1.36687718436e-11,1.11931262869e-11,7.62853929331e-12,4.79787607213e-12,6.88953061267e-12,1.05861066441e-11,9.95383463154e-12,5.0353120111e-12,1.54049049992e-12],"dvar2":[0.000504983880091,0.000178067333763,0.00000211996803046,0.00001144003636,0.00000242267674366,0.00000122719563933,3.57622042202e-7,4.30548503516e-8,1.2531732807e-7,4.26761346262e-8,4.45722392328e-8,2.45396716281e-8,1.85999891045e-8,5.44578382389e-9,4.50104398197e-9,7.30093807633e-9,7.46832711229e-8,4.99945365107e-8,1.97332035157e-8,3.69367789688e-8,9.55468948405e-9,7.55856977008e-9,1.92981985947e-9,8.98804197735e-10,6.10826556002e-10,2.77442652186e-10,7.60042639936e-10,1.18561194196e-9,6.59268861725e-10,9.79898523434e-11,3.10023777483e-11,3.25518882682e-11,2.28701953209e-11,1.45664851708e-11,8.79389443209e-12,1.42227826738e-11,2.33586067155e-11,2.02324944992e-11,1.15947485987e-11,3.85179648593e-12],"max":[0.108739703894,0.083145827055,0.00792995747179,0.0220041275024,0.00978177599609,0.00902837328613,0.00553331151605,0.00180091080256,0.00407382333651,0.00313910795376,0.00244898092933,0.00267888163216,0.00242896960117,0.00114889082033,0.000993471592665,0.00121915736236,0.00268766027875,0.00209075561725,0.00148220430128,0.00237495079637,0.0011218439322,0.000576377089601,0.000402732490329,0.000263882655418,0.000232256221352,0.000254752521869,0.000242940237513,0.000376748241251,0.00023121634149,0.0000769821344875,0.0000469703882118,0.0000431463340647,0.0000487375582452,0.0000407933039241,0.0000292931526928,0.0000431290100096,0.0000610025708738,0.0000767403253121,0.0000473293403047,0.0000171296851477],"mean":[0.00497642625123,0.0030050619971,0.000226503267186,0.000407428480685,0.000212440849282,0.000249270058703,0.000137599243317,0.000047585072025,0.000101132711279,0.000084199673438,0.0000654996183584,0.0000323809581459,0.0000447704696853,0.0000468286889372,0.000032692689274,0.0000347600689565,0.000066339634941,0.0000556001214136,0.0000559635482205,0.0000617593686911,0.0000338636309607,0.0000318664970109,0.0000219248631765,0.0000111042127173,0.00000649089042781,0.00000630360000287,0.00000908053789317,0.00000821695630293,0.0000072462225944,0.00000402875548389,0.00000173925639047,0.00000156909845828,0.00000181812060873,0.00000169684551565,0.00000137768211061,0.00000166185145645,0.00000193645723812,0.00000163003653597,0.00000103679076346,6.17751368281e-7],"median":[0.0000193945470528,0.0000168123733602,0.0000195385673578,0.0000164350003615,0.00000666350706524,0.00000765822733229,0.0000060571337599,0.00000508625271323,0.0000104304835986,0.00000683469443175,0.0000179062590178,0.00000668821985528,0.000012996224541,0.0000295989866572,0.0000173824264493,0.0000149711559061,0.00002609011608,0.0000155381785589,0.00000646966782369,0.00000413847055825,0.00000268901271738,0.0000016730130028,0.00000106137872535,8.7036852392e-7,6.97743701039e-7,7.02787588125e-7,6.59345687382e-7,5.36198740519e-7,4.17946068865e-7,3.69355689145e-7,4.12103730696e-7,2.68854307706e-7,2.48337698849e-7,2.47570369538e-7,1.95854354956e-7,2.86622025669e-7,5.15257227107e-7,3.11883013637e-7,1.23173151678e-7,1.30455987346e-7],"min":[1.32640129677e-23,1.27315547337e-23,5.2977973574e-24,9.37353557665e-24,7.93167375789e-24,9.56617225426e-24,4.20355340741e-24,5.24642712969e-24,6.0859999582e-24,8.16541876613e-24,7.13937894115e-24,9.05810165509e-24,6.2401410125e-24,7.92785488224e-24,1.42532508538e-23,1.0812915639e-23,3.3014495471e-24,7.57785465354e-24,8.09825514866e-24,5.27346099848e-24,1.1068899425e-23,1.68205150506e-23,2.01248419678e-23,1.902267391e-23,1.15381927775e-23,6.64841952387e-24,8.91806070061e-24,7.34083508368e-24,8.25629317583e-24,1.15261310943e-23,1.11024575679e-23,9.28358571193e-24,7.3333061952e-24,1.04389671709e-23,1.08654245874e-23,8.88768797804e-24,1.26478250372e-23,1.02490528523e-23,6.15881063646e-24,8.88605503596e-24],"var":[0.000196649038116,0.0000905173728825,4.85188877519e-7,0.00000348069147549,8.24594962978e-7,9.7387930964e-7,2.20964949449e-7,1.92172961988e-8,1.23218043768e-7,8.86074857931e-8,5.13763787069e-8,2.11729425104e-8,1.31911290779e-8,3.48356632429e-9,4.19195123058e-9,7.57929008444e-9,2.77625389344e-8,2.25338823157e-8,2.02246290826e-8,3.29593241588e-8,6.8103487294e-9,4.35425384637e-9,1.8430270643e-9,5.0945481167e-10,2.59469223884e-10,2.55199666954e-10,4.94061125345e-10,4.77103634378e-10,3.88416659947e-10,8.26714044444e-11,1.69212786144e-11,1.57547707519e-11,1.84230703609e-11,1.45702720722e-11,9.77522143092e-12,1.49250594522e-11,2.13043246239e-11,2.09791663208e-11,8.4388884769e-12,2.19956865222e-12]},"melbands_crest":{"dmean":4.64483451843,"dmean2":7.39460992813,"dvar":16.6482257843,"dvar2":34.8225517273,"max":35.9911804199,"mean":15.4688444138,"median":13.7937402725,"min":2.12586236,"var":64.3379745483},"melbands_flatness_db":{"dmean":0.0426841638982,"dmean2":0.0631325021386,"dvar":0.00251707457937,"dvar2":0.0043152817525,"max":0.559760212898,"mean":0.184982761741,"median":0.151477068663,"min":0.00507380533963,"var":0.0098680332303},"melbands_kurtosis":{"dmean":24.3986206055,"dmean2":39.3757400513,"dvar":2935.82397461,"dvar2":7042.04248047,"max":642.435974121,"mean":29.1670417786,"median":2.78893232346,"min":-1.58494257927,"var":5082.43945312},"melbands_skewness":{"dmean":1.57196068764,"dmean2":2.30221295357,"dvar":3.69015669823,"dvar2":6.62299203873,"max":19.9156589508,"mean":2.59507751465,"median":1.1302754879,"min":-2.03764748573,"var":13.7180757523},"melbands_spread":{"dmean":11.8380718231,"dmean2":18.6236476898,"dvar":182.678085327,"dvar2":381.451263428,"max":184.632980347,"mean":29.3868045807,"median":26.9923171997,"min":0.403010427952,"var":462.385375977},"mfcc":{"cov":[[19021.3066406,717.429077148,-1017.34564209,1173.38549805,191.986724854,-665.358947754,-585.419006348,-187.254226685,-51.4489517212,158.005493164,-343.651824951,88.7248382568,32.6149940491],[717.429077148,868.64630127,114.761566162,-182.566589355,131.811126709,199.065948486,153.47064209,88.1288452148,99.3646316528,74.7898864746,61.205909729,29.8083934784,-26.7765922546],[-1017.34564209,114.761566162,775.602416992,164.850585938,43.5945663452,162.163284302,105.139892578,38.0142250061,-32.2573471069,-18.5047988892,97.3815536499,21.752620697,33.0964393616],[1173.38549805,-182.566589355,164.850585938,816.985351562,194.798629761,-84.4178924561,34.5941696167,114.248771667,66.4338226318,75.3240509033,40.3307380676,84.3163604736,119.137542725],[191.986724854,131.811126709,43.5945663452,194.798629761,251.885391235,144.419555664,135.406478882,119.585235596,124.610298157,117.704963684,67.6400680542,86.4680252075,75.5724411011],[-665.358947754,199.065948486,162.163284302,-84.4178924561,144.419555664,342.846710205,227.864944458,116.958473206,89.4300384521,107.43157959,119.444984436,56.2148628235,20.1585826874],[-585.419006348,153.47064209,105.139892578,34.5941696167,135.406478882,227.864944458,280.317779541,174.189926147,113.916618347,96.5212173462,106.061088562,71.2538223267,52.8844108582],[-187.254226685,88.1288452148,38.0142250061,114.248771667,119.585235596,116.958473206,174.189926147,234.732513428,127.292427063,60.6691436768,95.4067382812,59.0579872131,59.6428184509],[-51.4489517212,99.3646316528,-32.2573471069,66.4338226318,124.610298157,89.4300384521,113.916618347,127.292427063,175.236022949,138.123519897,63.1555938721,63.459526062,44.9470252991],[158.005493164,74.7898864746,-18.5047988892,75.3240509033,117.704963684,107.43157959,96.5212173462,60.6691436768,138.123519897,211.214752197,89.4879302979,67.8961639404,37.8294296265],[-343.651824951,61.205909729,97.3815536499,40.3307380676,67.6400680542,119.444984436,106.061088562,95.4067382812,63.1555938721,89.4879302979,128.086380005,50.4317550659,26.7179336548],[88.7248382568,29.8083934784,21.752620697,84.3163604736,86.4680252075,56.2148628235,71.2538223267,59.0579872131,63.459526062,67.8961639404,50.4317550659,91.6566848755,59.7415847778],[32.6149940491,-26.7765922546,33.0964393616,119.137542725,75.5724411011,20.1585826874,52.8844108582,59.6428184509,44.9470252991,37.8294296265,26.7179336548,59.7415847778,104.745651245]],"icov":[[0.000101362878922,-0.000223988565267,0.000160756520927,-0.000245292729232,0.000130715037812,-0.000103704733192,0.000346505199559,-0.000280376960291,0.000466733356006,-0.000399599754019,0.000433978362707,-0.000280013133306,0.0000427809172834],[-0.000223988565267,0.00215957593173,-0.000782369810622,0.00128886359744,-0.00170083099511,0.000579334562644,-0.00118994317017,0.000346372282365,-0.00128807127476,0.000752221618313,-0.000651011243463,0.000423216290073,0.0011279725004],[0.000160756520927,-0.000782369810622,0.00238416832872,-0.00146849243902,0.00125477567781,-0.00179094565101,0.000450933701359,0.00103976682294,0.000249615201028,0.0011850008741,-0.0015090755187,0.000192046471057,-0.000973155896645],[-0.000245292729232,0.00128886359744,-0.00146849243902,0.00360627402551,-0.00369717762806,0.00327788060531,-0.00121449213475,-0.00126135791652,0.00102496403269,-0.000983144738711,-0.000399956159526,0.000354067829903,-0.0000485657474201],[0.000130715037812,-0.00170083099511,0.00125477567781,-0.00369717762806,0.0132722891867,-0.00627961661667,0.00200420781039,-0.000452636741102,-0.00313801690936,-0.000558651227038,0.00280165416189,-0.00339320884086,-0.00301920296624],[-0.000103704733192,0.000579334562644,-0.00179094565101,0.00327788060531,-0.00627961661667,0.0121283819899,-0.00722718425095,0.000853380886838,0.00197833753191,-0.00159921473823,-0.00368476845324,0.00116627523676,0.00238085072488],[0.000346505199559,-0.00118994317017,0.000450933701359,-0.00121449213475,0.00200420781039,-0.00722718425095,0.014385888353,-0.00761057902128,0.00225575594231,-0.00285077118315,0.00337002007291,-0.00326904351823,-0.00109151203651],[-0.000280376960291,0.000346372282365,0.00103976682294,-0.00126135791652,-0.000452636741102,0.000853380886838,-0.00761057902128,0.0197796486318,-0.0155353136361,0.0129649881274,-0.0127707449719,0.00446500862017,-0.00328107294627],[0.000466733356006,-0.00128807127476,0.000249615201028,0.00102496403269,-0.00313801690936,0.00197833753191,0.00225575594231,-0.0155353136361,0.0292436238378,-0.0186408106238,0.010947111994,-0.00479559600353,0.00199747318402],[-0.000399599754019,0.000752221618313,0.0011850008741,-0.000983144738711,-0.000558651227038,-0.00159921473823,-0.00285077118315,0.0129649881274,-0.0186408106238,0.0217600241303,-0.0138119515032,0.00135889812373,-0.00128350662999],[0.000433978362707,-0.000651011243463,-0.0015090755187,-0.000399956159526,0.00280165416189,-0.00368476845324,0.00337002007291,-0.0127707449719,0.010947111994,-0.0138119515032,0.0259490888566,-0.0078691765666,0.00304825557396],[-0.000280013133306,0.000423216290073,0.000192046471057,0.000354067829903,-0.00339320884086,0.00116627523676,-0.00326904351823,0.00446500862017,-0.00479559600353,0.00135889812373,-0.0078691765666,0.0261728074402,-0.0102896010503],[0.0000427809172834,0.0011279725004,-0.000973155896645,-0.0000485657474201,-0.00301920296624,0.00238085072488,-0.00109151203651,-0.00328107294627,0.00199747318402,-0.00128350662999,0.00304825557396,-0.0102896010503,0.0190216973424]],"mean":[-721.680419922,88.7577667236,-11.8503923416,-5.97268199921,14.3970317841,16.2113933563,7.06747722626,2.4549498558,2.31117343903,6.73970031738,-2.76159286499,6.0113492012,-0.923077583313]},"pitch_salience":{"dmean":0.104309611022,"dmean2":0.157163992524,"dvar":0.00926277600229,"dvar2":0.0170008223504,"max":0.905329048634,"mean":0.52361947298,"median":0.582040965557,"min":0.0375535786152,"var":0.0425749160349},"silence_rate_20dB":{"dmean":0.000571428565308,"dmean2":0.00114318379201,"dvar":0.000571125710849,"dvar2":0.00171356287319,"max":1,"mean":0.999714374542,"median":1,"min":0,"var":0.000285534333671},"silence_rate_30dB":{"dmean":0.0571428574622,"dmean2":0.11431837827,"dvar":0.0538775250316,"dvar2":0.114963956177,"max":1,"mean":0.90974009037,"median":1,"min":0,"var":0.0821139290929},"silence_rate_60dB":{"dmean":0.0862857177854,"dmean2":0.172620743513,"dvar":0.0788411274552,"dvar2":0.154251292348,"max":1,"mean":0.407597839832,"median":0,"min":0,"var":0.241465359926},"spectral_centroid":{"dmean":339.621643066,"dmean2":528.479003906,"dvar":187139.359375,"dvar2":408610.8125,"max":11346.1689453,"mean":1607.10473633,"median":1519.49645996,"min":131.673339844,"var":470990.4375},"spectral_complexity":{"dmean":4.17142868042,"dmean2":6.22063446045,"dvar":33.2966575623,"dvar2":61.796962738,"max":58,"mean":13.1465291977,"median":9,"min":0,"var":142.196960449},"spectral_contrast_coeffs":{"dmean":[0.075588516891,0.0491363480687,0.0460992082953,0.0403663292527,0.0233360920101,0.0191369764507],"dmean2":[0.125073492527,0.0811590254307,0.0721904411912,0.0653467699885,0.0373030900955,0.0305507294834],"dvar":[0.00432380381972,0.00169082533102,0.00135295256041,0.00111777742859,0.000517602195032,0.000364571693353],"dvar2":[0.0114380158484,0.00406717602164,0.00316834263504,0.00254179025069,0.0011764500523,0.000853972684126],"max":[-0.306706786156,-0.403308838606,-0.515363276005,-0.532883703709,-0.592199087143,-0.712556838989],"mean":[-0.681038439274,-0.784423112869,-0.767785191536,-0.762670040131,-0.818473339081,-0.814422667027],"median":[-0.691657721996,-0.798492193222,-0.767384231091,-0.761885762215,-0.831258654594,-0.81824272871],"min":[-0.948817074299,-0.955609500408,-0.97282242775,-0.968195021152,-0.968038678169,-0.959577798843],"var":[0.0107983034104,0.00676430528983,0.00448327558115,0.0043883738108,0.00341541343369,0.00134285818785]},"spectral_contrast_valleys":{"dmean":[0.610023319721,0.521479010582,0.448166191578,0.415447860956,0.437730818987,0.316332519054],"dmean2":[0.926553606987,0.827570557594,0.707391917706,0.655608892441,0.640184998512,0.446395158768],"dvar":[0.350342959166,0.281551092863,0.187637239695,0.173763468862,0.309866458178,0.158277794719],"dvar2":[0.604793012142,0.520244956017,0.340314328671,0.340000808239,0.636798620224,0.269697219133],"max":[-5.22905731201,-4.9185333252,-5.81799030304,-5.95913505554,-5.62027025223,-7.84025764465],"mean":[-8.67988491058,-7.98193311691,-8.10203933716,-8.21304607391,-8.35558605194,-10.3700895309],"median":[-8.61763381958,-7.79472064972,-7.7857837677,-7.96231031418,-8.20299243927,-10.2214241028],"min":[-28.0109176636,-27.2481880188,-27.0080375671,-27.3793621063,-27.3846607208,-27.203704834],"var":[2.44574546814,2.35221743584,2.16942548752,2.39591050148,2.88585352898,2.1449611187]},"spectral_decrease":{"dmean":5.86786486068e-9,"dmean2":9.22832299466e-9,"dvar":1.77377407713e-16,"dvar2":4.44021606033e-16,"max":9.28881729782e-29,"mean":-7.56861684437e-9,"median":-1.40440059582e-9,"min":-1.15737066153e-7,"var":2.36067473595e-16},"spectral_energy":{"dmean":0.0226317830384,"dmean2":0.0354266986251,"dvar":0.00255951564759,"dvar2":0.00638363324106,"max":0.439965873957,"mean":0.0300735644996,"median":0.00631816498935,"min":1.06839641503e-20,"var":0.00347445183434},"spectral_energyband_high":{"dmean":0.00042554695392,"dmean2":0.000617871643044,"dvar":9.35871128149e-7,"dvar2":0.00000202158526008,"max":0.01196852047,"mean":0.000736881687772,"median":0.000138944247738,"min":7.71704581549e-21,"var":0.00000188296144188},"spectral_energyband_low":{"dmean":0.018581295386,"dmean2":0.0301205758005,"dvar":0.00254945340566,"dvar2":0.00648936256766,"max":0.438199967146,"mean":0.020308310166,"median":0.00011537080718,"min":6.87327059872e-23,"var":0.003115613712},"spectral_energyband_middle_high":{"dmean":0.00180312700104,"dmean2":0.00268327258527,"dvar":0.00000921094670048,"dvar2":0.0000199659134523,"max":0.0417762696743,"mean":0.00449233781546,"median":0.00150594161823,"min":1.60699109962e-21,"var":0.000037893296394},"spectral_energyband_middle_low":{"dmean":0.00394337438047,"dmean2":0.00577185954899,"dvar":0.000131727487314,"dvar2":0.00027420965489,"max":0.133521258831,"mean":0.0047819474712,"median":0.000639120407868,"min":2.07695880831e-22,"var":0.000183708238183},"spectral_entropy":{"dmean":0.174786269665,"dmean2":0.279229313135,"dvar":0.0347579903901,"dvar2":0.0827976465225,"max":9.79511260986,"mean":7.77046871185,"median":7.76349067688,"min":6.22397089005,"var":0.110443070531},"spectral_flux":{"dmean":0.041138086468,"dmean2":0.0652057155967,"dvar":0.00382533855736,"dvar2":0.00875330157578,"max":0.526162922382,"mean":0.0882684290409,"median":0.0575487017632,"min":1.03363262394e-10,"var":0.00852983817458},"spectral_kurtosis":{"dmean":0.987716019154,"dmean2":1.53704881668,"dvar":0.933376133442,"dvar2":2.15037250519,"max":14.2241458893,"mean":4.43106937408,"median":4.6450176239,"min":-1.21238982677,"var":3.55718755722},"spectral_rms":{"dmean":0.00145461037755,"dmean2":0.00208771089092,"dvar":0.0000051334300224,"dvar2":0.0000105134695332,"max":0.0207179877907,"mean":0.00382813531905,"median":0.00248275324702,"min":3.22852595352e-12,"var":0.0000146854563354},"spectral_rolloff":{"dmean":722.345214844,"dmean2":1175.1673584,"dvar":1554089.75,"dvar2":3078192.25,"max":19013.8183594,"mean":1878.80737305,"median":1593.45703125,"min":64.599609375,"var":3197514.5},"spectral_skewness":{"dmean":0.197060897946,"dmean2":0.303425133228,"dvar":0.0437338724732,"dvar2":0.0949617251754,"max":2.66150927544,"mean":1.73538136482,"median":1.77954113483,"min":-0.00790214817971,"var":0.167931437492},"spectral_spread":{"dmean":608304.125,"dmean2":912345,"dvar":727259807744,"dvar2":1313233960960,"max":40381080,"mean":5700672,"median":5867159.5,"min":2375749.75,"var":2619192115200},"spectral_strongpeak":{"dmean":0.597665667534,"dmean2":0.983865916729,"dvar":0.658001959324,"dvar2":1.72831583023,"max":11.9463529587,"mean":1.0431227684,"median":0.717267751694,"min":0,"var":1.60290312767},"zerocrossingrate":{"dmean":0.0165871921927,"dmean2":0.0174264349043,"dvar":0.000329166970914,"dvar2":0.000295184290735,"max":0.5078125,"mean":0.0804980695248,"median":0.08251953125,"min":0.001953125,"var":0.0019506480312}},"metadata":{"audio_properties":{"analysis_sample_rate":44100,"bit_rate":192000,"codec":"mp3","downmix":"mix","equal_loudness":0,"length":81.2669372559,"lossless":false,"md5_encoded":"a92261da2dd540bf174ee9975861c365","replay_gain":-4.57641410828,"sample_rate":44100},"tags":{"album":["It Takes A Nation Of Millions To Hold Us Back"],"albumartist":["Public Enemy"],"artist":["Public Enemy"],"date":["1988"],"discnumber":["1"],"file_name":"2175557.mp3","genre":["Hip-Hop"],"musicbrainz_recordingid":["d063fae6-a4a8-4165-b444-cba8ff10dd63"],"title":["Mind Terrorist"],"tracknumber":["6"]},"version":{"essentia":"2.1-beta2","essentia_build_sha":"70f2e5ece6736b2c40cc944ad0e695b16b925413","essentia_git_sha":"v2.1_beta2","extractor":"music 1.0"}},"rhythm":{"beats_count":138,"beats_loudness":{"dmean":0.0392199642956,"dmean2":0.0656434521079,"dvar":0.00321031291969,"dvar2":0.00854832027107,"max":0.323984205723,"mean":0.0520312748849,"median":0.0544672086835,"min":2.11434937114e-7,"var":0.00327343423851},"beats_loudness_band_ratio":{"dmean":[0.613552033901,0.633677244186,0.0863445028663,0.125621452928,0.0712624117732,0.0649325400591],"dmean2":[1.22886765003,1.27133107185,0.154044091702,0.241009458899,0.123992905021,0.12801669538],"dvar":[0.144140824676,0.0685853511095,0.00501097086817,0.0474278964102,0.0103614842519,0.00166974181775],"dvar2":[0.438797354698,0.257382303476,0.0120628401637,0.128257006407,0.0284969098866,0.00532355578616],"max":[0.982288181782,0.86201775074,0.504196763039,0.828342199326,0.639953136444,0.166256904602],"mean":[0.329489797354,0.334399461746,0.0844069570303,0.162968590856,0.076196461916,0.0522143580019],"median":[0.0388152077794,0.0480023771524,0.0778623819351,0.0344481766224,0.0308359265327,0.0447652824223],"min":[0.00420696102083,0.000994167639874,0.00229516252875,0.00231385789812,0.00185950752348,0.00157647323795],"var":[0.166192829609,0.134159907699,0.00714538106695,0.0703053250909,0.00947830