{"lowlevel":{"average_loudness":0.842278242111,"barkbands":{"dmean":[0.000210286001675,0.00572308106348,0.00255775661208,0.00201763492078,0.00388928991742,0.000857622711919,0.000620707520284,0.000789971032646,0.000598070153501,0.000478818867123,0.000329828326358,0.00033830612665,0.000251568242675,0.000150114050484,0.000092179812782,0.0000677541320329,0.0000566599010199,0.0000312590818794,0.0000367093271052,0.0000346742272086,0.0000415371068812,0.0000471399034723,0.0000810147394077,0.0001372492261,0.000119448450278,0.000105825929495,0.0000182792064152],"dmean2":[0.000340900849551,0.0090722925961,0.00445596175268,0.00338755478151,0.0063633127138,0.00140563060995,0.000949107808992,0.00118136161473,0.000886082765646,0.00067332648905,0.000484042800963,0.000501014234032,0.00038012774894,0.000228741773753,0.000141837197589,0.000102368139778,0.0000849027128424,0.0000469804363092,0.0000548365896975,0.0000508550947416,0.0000597660146013,0.0000709415617166,0.00013161089737,0.000232105041505,0.000200135124032,0.000178447444341,0.0000296214038826],"dvar":[2.80374905515e-7,0.000249973410973,0.0000571660020796,0.0000126718014144,0.0000417646442656,0.00000305509024656,0.00000229956958719,0.00000886420002644,0.00000483521489514,0.00000209172958421,0.00000104837374693,0.00000154617896442,0.00000157774604759,7.56664746859e-7,6.48043041451e-8,3.23490780829e-8,2.45739020244e-8,8.61638760341e-9,1.04181339111e-8,9.49517797721e-9,1.75697749683e-8,1.63952371679e-8,3.97237300831e-8,1.32399534891e-7,9.10773962914e-8,7.65967342886e-8,2.10473460882e-9],"dvar2":[6.80491041294e-7,0.000572351331357,0.000163289747434,0.0000331675364578,0.000105072693259,0.00000840481061459,0.00000504313811689,0.0000189996426343,0.000010537023627,0.00000383502356271,0.00000222324115384,0.00000342022826771,0.00000308012158712,0.0000018664596837,1.46083507957e-7,6.88466883503e-8,5.36549613628e-8,1.85517308182e-8,2.33912427205e-8,1.95183371687e-8,3.52191307229e-8,3.57877176782e-8,9.62065271892e-8,3.48737501099e-7,2.35078360333e-7,1.98443046884e-7,4.98327512588e-9],"max":[0.00812443811446,0.165239676833,0.123453870416,0.0471502542496,0.120263963938,0.0532933473587,0.0389198251069,0.113967701793,0.11994292587,0.0626624152064,0.0317150875926,0.0515126623213,0.0914925336838,0.0645400881767,0.00909139122814,0.00873357243836,0.00601852778345,0.00511321844533,0.00291307084262,0.00175955938175,0.00306388200261,0.00247728195973,0.00333928642794,0.00309343077242,0.00289286626503,0.00217813020572,0.000617718731519],"mean":[0.000259521009866,0.00801045075059,0.0034750229679,0.0029863899108,0.00721407495439,0.00168489501812,0.00118272169493,0.00150651216973,0.00110799307004,0.0009586927481,0.000571125594433,0.000619254074991,0.00038313656114,0.000214983316255,0.000137824128615,0.00011048700253,0.000100965669844,0.0000500359128637,0.0000531800069439,0.0000492197214044,0.0000544175527466,0.000059942027292,0.0000792189894128,0.000112941619591,0.0000982828714768,0.0000796775348135,0.0000148620219989],"median":[0.0000233626305999,0.0034676627256,0.00175737636164,0.00160745310131,0.00337893050164,0.000843724468723,0.000375703035388,0.000214828076423,0.000251067627687,0.000149810453877,0.000086965286755,0.000122951343656,0.0000593552140344,0.0000458682770841,0.0000283503286482,0.000033002703276,0.0000245470400841,0.0000145220074046,0.0000112783382065,0.00000977999934548,0.00000878041646502,0.00000948559682001,0.00000812109283288,0.0000119194191939,0.000010738281162,0.00000609668495599,8.97882500794e-7],"min":[1.48568146433e-24,7.01491562296e-24,6.62776162334e-24,1.27082227919e-24,1.00576049881e-23,1.10841197073e-23,2.04997575794e-23,2.32249233304e-23,2.81948953391e-23,1.54126791692e-23,1.35035900247e-23,3.51383480527e-23,5.58106468669e-23,7.67141986778e-23,7.99906346289e-23,8.35429636376e-23,8.50993798927e-23,1.72233351967e-22,1.62329979541e-22,2.25983683476e-22,3.03663485767e-22,2.96756901257e-22,5.97973024951e-22,7.32476055967e-22,8.38114148969e-22,1.22149595458e-21,2.07441387992e-21],"var":[3.49233602037e-7,0.000267084804364,0.0000425256694143,0.0000163978256751,0.000110204819066,0.00000892898788152,0.00000511033977091,0.0000285245205305,0.0000142355038406,0.00000947137141338,0.0000023038423933,0.00000394755397792,0.00000372309045815,7.96732706476e-7,1.29907263613e-7,6.96582418414e-8,5.51684244954e-8,1.38158444685e-8,1.60257140891e-8,1.52552264154e-8,2.69641571293e-8,2.56111487573e-8,4.87532751947e-8,1.03432590493e-7,7.24594286794e-8,5.75150025384e-8,1.86995618989e-9]},"barkbands_crest":{"dmean":2.6988492012,"dmean2":4.43823862076,"dvar":6.35920524597,"dvar2":15.7360906601,"max":26.2174339294,"mean":11.3973817825,"median":10.5562572479,"min":3.24375915527,"var":17.166639328},"barkbands_flatness_db":{"dmean":0.0295604523271,"dmean2":0.0421086028218,"dvar":0.000741763040423,"dvar2":0.0014905501157,"max":0.434575557709,"mean":0.185196444392,"median":0.184033349156,"min":0.0282637476921,"var":0.003502368927},"barkbands_kurtosis":{"dmean":7.46235084534,"dmean2":11.6319122314,"dvar":135.746917725,"dvar2":314.51651001,"max":238.31880188,"mean":13.5432739258,"median":7.81103467941,"min":-1.91864299774,"var":309.628204346},"barkbands_skewness":{"dmean":0.805807948112,"dmean2":1.20440220833,"dvar":0.731388747692,"dvar2":1.59965586662,"max":13.4745759964,"mean":2.48748326302,"median":2.253241539,"min":-3.70990657806,"var":2.8140206337},"barkbands_spread":{"dmean":5.90340948105,"dmean2":9.24792385101,"dvar":108.389640808,"dvar2":254.742080688,"max":127.563545227,"mean":13.5036354065,"median":9.18244361877,"min":0.481748282909,"var":226.857147217},"dissonance":{"dmean":0.0278884358704,"dmean2":0.0458497181535,"dvar":0.000668569118716,"dvar2":0.00171370722819,"max":0.499995052814,"mean":0.434207588434,"median":0.442596256733,"min":0.204345807433,"var":0.00174619501922},"dynamic_complexity":3.75360202789,"erbbands":{"dmean":[0.162047371268,1.36666345596,3.12871575356,4.52707719803,10.0345096588,14.8610153198,12.7412290573,4.80363178253,7.46865463257,10.9450426102,19.0457057953,13.2174406052,13.2902507782,14.0625286102,12.4270381927,13.8772010803,11.4080286026,8.80880451202,4.79526996613,4.21636962891,3.42757296562,2.86370515823,1.76573419571,1.60485219955,1.98324167728,1.61252725124,1.52225589752,1.68871235847,1.63266515732,1.86692214012,2.72914814949,3.67235612869,1.61500346661,1.34979212284,0.808940649033,0.440958172083,0.20405164361,0.0390664003789,0.00321339163929,0.000127394217998],"dmean2":[0.257875561714,2.25168061256,5.49763584137,7.60173034668,16.7759971619,24.1119861603,20.7737483978,7.81702661514,11.5918159485,16.5110187531,28.1928062439,19.5182762146,18.5090065002,19.801574707,18.1499118805,20.3260803223,16.6165714264,13.216794014,7.29278230667,6.32764577866,5.09044265747,4.23768568039,2.62131857872,2.39276432991,2.92619681358,2.34066057205,2.20267724991,2.48112940788,2.4625852108,2.87115263939,4.52745437622,6.32961940765,2.66168904305,2.2745320797,1.3406547308,0.746253550053,0.341988027096,0.0654617324471,0.00521669210866,0.000202020673896],"dvar":[0.223307549953,15.1704797745,87.9222564697,79.4890441895,250.084854126,856.991027832,554.866149902,132.397598267,362.916320801,1058.69152832,5686.60498047,2633.09570312,1715.46813965,2007.22143555,1650.4128418,2306.19189453,3353.77978516,2417.31787109,196.853927612,138.931488037,68.1163406372,82.543006897,23.5448856354,21.3560333252,28.8128204346,22.311542511,22.7360534668,27.9449920654,20.3552875519,22.3313999176,48.3970527649,103.775215149,15.8607215881,11.7105741501,4.14319372177,1.3596804142,0.264137804508,0.0105981417,0.0000637005432509,9.44956610738e-8],"dvar2":[0.481707334518,37.9350204468,250.274078369,214.757980347,651.40814209,2123.6027832,1486.64819336,346.938873291,825.48638916,2260.02416992,12346.4511719,5594.61523438,3112.18066406,3724.06274414,3669.1496582,4723.01708984,5770.31152344,5717.65087891,459.920562744,294.373138428,143.361679077,179.425994873,47.4298591614,47.0364952087,63.6540527344,45.9783782959,43.0678367615,60.101852417,44.5519676208,47.8654212952,122.729530334,279.040924072,39.9728012085,30.4281711578,10.5692844391,3.49575448036,0.688108623028,0.0268850363791,0.000153224973474,2.2379146003e-7],"max":[5.42848587036,43.9002571106,136.849655151,142.543792725,291.987243652,680.537841797,582.755249023,530.58380127,685.197143555,881.279541016,3140.62695312,2879.09472656,1765.27099609,2291.27832031,1625.71044922,2476.46606445,4966.06640625,3525.38598633,541.176269531,551.27142334,314.368041992,369.706420898,244.771270752,141.381988525,140.056106567,90.3601455688,147.213027954,85.0997009277,75.0349731445,112.739433289,90.3532028198,91.349571228,53.6031074524,32.2782058716,19.4305515289,10.0976219177,3.93699765205,0.920378029346,0.101135760546,0.00374944065697],"mean":[0.216975390911,1.82914185524,4.21714115143,7.41928958893,15.319685936,27.506980896,23.392911911,9.96796798706,14.4568119049,20.6775379181,38.4046821594,25.6616725922,26.7164592743,29.1186389923,22.8140277863,26.4565696716,18.8252868652,13.9395532608,7.85511255264,6.90927791595,6.10486793518,5.16904830933,3.06413912773,2.43978571892,2.9735853672,2.28206205368,2.05948448181,2.1522667408,2.14286375046,2.15212488174,2.48047804832,2.90719223022,1.41894006729,1.11275708675,0.672273635864,0.330224245787,0.157480195165,0.0292772781104,0.00260046496987,0.000133811394335],"median":[0.0543688610196,0.88211452961,2.28385066986,4.51833343506,8.42427825928,9.37842178345,11.0139293671,5.13506603241,5.54124259949,5.39708805084,6.84611129761,6.05897951126,5.3450460434,5.8818655014,4.89042568207,5.71225404739,3.39231586456,3.12637972832,1.98316442966,1.88164544106,1.85413086414,1.3326022625,0.993750929832,0.679348945618,0.63841509819,0.475969493389,0.355618149042,0.327766448259,0.334186732769,0.298354715109,0.234410732985,0.261412709951,0.17341119051,0.120443738997,0.0723953396082,0.0228062272072,0.0119014615193,0.00165861390997,0.000194381267647,0.0000445914738521],"min":[1.19938285812e-22,1.94622552268e-21,7.70243363766e-21,8.399074002e-21,8.99111479295e-21,3.61689601912e-20,1.31844615103e-19,6.20477547881e-20,2.10374583369e-19,4.25023596703e-19,5.1490390469e-19,5.86711505364e-19,8.25494611669e-19,1.2198445935e-18,1.26482181552e-18,1.91696584058e-18,2.40360756868e-18,2.93364629364e-18,4.36513879874e-18,4.77952898867e-18,3.65007093769e-18,5.76888042827e-18,9.13554481244e-18,8.56617240858e-18,8.01940188778e-18,1.11719476753e-17,5.94605631162e-18,1.23296886857e-17,1.06667735859e-17,1.41597472089e-17,1.62177097072e-17,1.54637246527e-17,1.1076268521e-17,9.1046603699e-18,5.71996592992e-18,4.45878474307e-18,2.63146480817e-18,1.05182167042e-18,2.92719780038e-19,2.98118251521e-20],"var":[0.256389319897,13.8385477066,63.316318512,91.1875152588,381.25567627,2546.56445312,1298.74401855,529.167785645,709.656188965,2325.40722656,18630.5292969,8264.03808594,7329.16015625,8085.22167969,3736.47583008,6553.37158203,8223.79101562,3220.3046875,374.43347168,300.939697266,162.533416748,161.768234253,44.0956954956,33.5162696838,46.9856071472,34.776599884,37.7968177795,39.826210022,31.3549461365,39.8966751099,48.4826011658,76.1589660645,14.2014904022,9.27244377136,3.38722991943,1.03696906567,0.197841182351,0.00828633178025,0.0000554227044631,8.71533245572e-8]},"erbbands_crest":{"dmean":2.84596300125,"dmean2":4.55096197128,"dvar":7.13663673401,"dvar2":16.8732967377,"max":31.5949134827,"mean":10.7530956268,"median":9.69206619263,"min":2.5430419445,"var":24.2731285095},"erbbands_flatness_db":{"dmean":0.028076345101,"dmean2":0.0366908609867,"dvar":0.000686459243298,"dvar2":0.00115292042028,"max":0.456572055817,"mean":0.159587144852,"median":0.159739479423,"min":0.0343434996903,"var":0.00291976821609},"erbbands_kurtosis":{"dmean":1.90435159206,"dmean2":2.99461436272,"dvar":8.69566440582,"dvar2":19.1053009033,"max":117.663543701,"mean":2.45990300179,"median":1.18371701241,"min":-1.88555240631,"var":23.9009132385},"erbbands_skewness":{"dmean":0.482448101044,"dmean2":0.733845174313,"dvar":0.212014526129,"dvar2":0.47849008441,"max":9.22915363312,"mean":0.956341922283,"median":0.876931786537,"min":-2.9308359623,"var":0.978116452694},"erbbands_spread":{"dmean":13.3453445435,"dmean2":20.1992988586,"dvar":365.782470703,"dvar2":785.951965332,"max":185.435531616,"mean":36.3295631409,"median":27.9449729919,"min":1.58025085926,"var":700.90435791},"gfcc":{"cov":[[14704.21875,522.35748291,-39.5447883606,379.290924072,-568.931884766,227.159606934,-266.394805908,-26.0870380402,-357.094024658,97.7433700562,-193.604904175,43.1240882874,-136.019775391],[522.35748291,2028.99475098,-251.224594116,-44.3374977112,304.14151001,-87.0068054199,100.243675232,-80.3683319092,11.9458837509,-109.567550659,73.2274703979,-57.0129432678,66.7692718506],[-39.5447883606,-251.224594116,1187.63720703,290.766174316,131.065139771,170.451416016,-17.1313152313,-3.57782530785,7.30350017548,1.15547692776,-56.1962471008,57.0996856689,-38.7762336731],[379.290924072,-44.3374977112,290.766174316,492.077514648,91.106590271,47.1636543274,17.0289897919,-43.3949584961,28.7485179901,29.75715065,-7.21634626389,11.968170166,43.7111701965],[-568.931884766,304.14151001,131.065139771,91.106590271,425.260528564,86.460395813,91.6239700317,32.2686538696,64.1248855591,5.94858932495,3.71012067795,19.4846858978,-1.92258799076],[227.159606934,-87.0068054199,170.451416016,47.1636543274,86.460395813,222.056762695,84.5744476318,55.4748344421,31.8626976013,27.9877758026,-1.84831023216,6.81088733673,-10.6763563156],[-266.394805908,100.243675232,-17.1313152313,17.0289897919,91.6239700317,84.5744476318,219.052093506,58.1244850159,32.3010368347,31.8707942963,21.9512271881,9.71308517456,-8.2120256424],[-26.0870380402,-80.3683319092,-3.57782530785,-43.3949584961,32.2686538696,55.4748344421,58.1244850159,140.683853149,67.069229126,33.9897499084,1.49642825127,11.812787056,2.84802222252],[-357.094024658,11.9458837509,7.30350017548,28.7485179901,64.1248855591,31.8626976013,32.3010368347,67.069229126,145.095199585,57.0775642395,9.88127040863,2.31878805161,27.0675792694],[97.7433700562,-109.567550659,1.15547692776,29.75715065,5.94858932495,27.9877758026,31.8707942963,33.9897499084,57.0775642395,138.083251953,24.8845939636,16.9898338318,-2.3312728405],[-193.604904175,73.2274703979,-56.1962471008,-7.21634626389,3.71012067795,-1.84831023216,21.9512271881,1.49642825127,9.88127040863,24.8845939636,90.5032043457,19.5669765472,9.98701572418],[43.1240882874,-57.0129432678,57.0996856689,11.968170166,19.4846858978,6.81088733673,9.71308517456,11.812787056,2.31878805161,16.9898338318,19.5669765472,91.7796173096,16.5976257324],[-136.019775391,66.7692718506,-38.7762336731,43.7111701965,-1.92258799076,-10.6763563156,-8.2120256424,2.84802222252,27.0675792694,-2.3312728405,9.98701572418,16.5976257324,97.6197128296]],"icov":[[0.000125024846056,-0.000168163722265,0.0000975532311713,-0.000248184456723,0.000291039585136,-0.000367535219993,0.000326435168972,-0.000317318103043,0.000430918880738,-0.000313959026244,0.000423840654548,-0.000321787869325,0.000325727160089],[-0.000168163722265,0.000973783025984,-0.0000909606169444,0.000523098511621,-0.00101991463453,0.000884993409272,-0.000873401819263,0.000982567784376,-0.000720581039786,0.000971163390204,-0.00121340272017,0.00107276288327,-0.001031415537],[0.0000975532311713,-0.0000909606169444,0.00136356218718,-0.000906280009076,0.0000808300246717,-0.00121005030815,0.000783715862781,-0.000193455343833,0.00022200915555,0.0000615321987425,0.000943311257288,-0.00124234799296,0.00114103592932],[-0.000248184456723,0.000523098511621,-0.000906280009076,0.00344228791073,-0.00110931554809,0.000759178306907,-0.00119842519052,0.00230615679175,-0.00123238412198,-0.000087673048256,-0.000759431975894,0.00122766010463,-0.00250327470712],[0.000291039585136,-0.00101991463453,0.0000808300246717,-0.00110931554809,0.00422500260174,-0.00176459632348,0.000151906206156,-0.000827111245599,-0.00043150249985,-0.000255701073911,0.00151211337652,-0.00195018469822,0.00184949312825],[-0.000367535219993,0.000884993409272,-0.00121005030815,0.000759178306907,-0.00176459632348,0.0079453215003,-0.00309263146482,-0.00060919392854,-0.000969420128968,0.000544624112081,-0.00154643703718,0.00204716389999,-0.00125425192527],[0.000326435168972,-0.000873401819263,0.000783715862781,-0.00119842519052,0.000151906206156,-0.00309263146482,0.00755212455988,-0.00306511484087,0.00167091342155,-0.00157498556655,0.000279731495539,-0.00140657275915,0.00199925526977],[-0.000317318103043,0.000982567784376,-0.000193455343833,0.00230615679175,-0.000827111245599,-0.00060919392854,-0.00306511484087,0.0127826202661,-0.00612090015784,0.000812696875073,-0.000228311066166,-0.000259512657067,-0.00115328445099],[0.000430918880738,-0.000720581039786,0.00022200915555,-0.00123238412198,-0.00043150249985,-0.000969420128968,0.00167091342155,-0.00612090015784,0.013470270671,-0.00521879456937,0.00125005445443,0.00090473407181,-0.00220341212116],[-0.000313959026244,0.000971163390204,0.0000615321987425,-0.000087673048256,-0.000255701073911,0.000544624112081,-0.00157498556655,0.000812696875073,-0.00521879456937,0.0111998990178,-0.00353558175266,-0.000574793375563,0.00103426491842],[0.000423840654548,-0.00121340272017,0.000943311257288,-0.000759431975894,0.00151211337652,-0.00154643703718,0.000279731495539,-0.000228311066166,0.00125005445443,-0.00353558175266,0.0149964438751,-0.00436675408855,0.00080328428885],[-0.000321787869325,0.00107276288327,-0.00124234799296,0.00122766010463,-0.00195018469822,0.00204716389999,-0.00140657275915,-0.000259512657067,0.00090473407181,-0.000574793375563,-0.00436675408855,0.0145895229653,-0.00444897403941],[0.000325727160089,-0.001031415537,0.00114103592932,-0.00250327470712,0.00184949312825,-0.00125425192527,0.00199925526977,-0.00115328445099,-0.00220341212116,0.00103426491842,0.00080328428885,-0.00444897403941,0.0143882622942]],"mean":[-44.5141601562,104.451759338,-73.5488586426,12.0481901169,-50.7852020264,16.9858360291,-38.0594940186,3.27794146538,-26.3746528625,-4.1656036377,-17.691078186,-0.0067046736367,-11.5563764572]},"hfc":{"dmean":7.77719402313,"dmean2":11.9588451385,"dvar":225.936645508,"dvar2":550.344543457,"max":173.058181763,"mean":14.5167703629,"median":7.92157745361,"min":1.1335557383e-16,"var":341.749664307},"melbands":{"dmean":[0.00149780337233,0.00168429105543,0.000909591035452,0.00089598732302,0.000490829232149,0.000119320618978,0.000118729331007,0.000127473322209,0.000157729431521,0.0000803609727882,0.0000679752847645,0.0000587527174503,0.0000428162165917,0.0000392326437577,0.000030182494811,0.0000252965783147,0.0000165040310094,0.00000800789439381,0.00000676714535075,0.00000551628090761,0.00000404223465011,0.00000338601466865,0.0000020676047825,0.00000148655601606,0.00000131622800836,0.00000152870029524,0.00000140104043567,0.00000103898105408,8.52775372095e-7,0.00000114386273253,9.87232056104e-7,9.19242154396e-7,9.53377536916e-7,0.00000105280582829,0.00000156328871981,0.00000194715084945,0.00000220963420361,9.83534164334e-7,0.00000128175190639,0.00000111617021048],"dmean2":[0.00237171840854,0.00287232757546,0.00151917187031,0.00148108892608,0.000791909929831,0.000194543492398,0.000183350406587,0.000190584905795,0.000232747785049,0.000118778632896,0.0000949107270571,0.0000827206822578,0.0000627992631053,0.0000577667342441,0.0000443249882665,0.0000380941892217,0.0000249486693065,0.0000122423298308,0.0000104960663521,0.00000833076683193,0.00000610440429227,0.00000508359789819,0.00000317221315527,0.00000221694381253,0.00000201521493182,0.00000229510874306,0.00000208460710382,0.00000154121744345,0.00000125343456148,0.0000016917533685,0.00000149039226471,0.00000141091391015,0.00000144087300669,0.00000164527170909,0.00000260554793385,0.00000330662214765,0.00000380815072276,0.00000159990190696,0.00000218497007154,0.00000188834019355],"dvar":[0.0000178611917363,0.0000240236186073,0.00000261391960521,0.00000220610195356,8.4266741851e-7,7.13015992915e-8,8.49616483833e-8,1.58438169251e-7,3.82123744203e-7,1.08958808198e-7,4.59216167314e-8,3.61904284318e-8,1.71006870886e-8,2.34166748214e-8,1.06834763258e-8,1.99087857311e-8,1.15353868679e-8,6.34137964362e-10,4.31960550662e-10,2.19668450097e-10,1.01964992005e-10,1.13289981563e-10,4.56694855544e-11,1.60576794916e-11,1.54168396799e-11,2.19364804099e-11,1.4154938506e-11,1.01060878416e-11,6.84142326124e-12,1.48045083137e-11,9.32050183561e-12,6.55964562182e-12,7.52624264994e-12,7.42277593557e-12,1.62598580433e-11,2.67315718172e-11,3.77102862825e-11,5.69663977448e-12,1.09846238008e-11,8.13807788519e-12],"dvar2":[0.0000389242486563,0.0000655939657008,0.00000691046625434,0.00000571371083424,0.00000214918873098,1.88170929505e-7,1.92113020603e-7,3.32329591402e-7,8.35008904687e-7,2.31398203709e-7,8.36128322135e-8,6.6939200849e-8,3.78580153892e-8,5.20910568014e-8,2.30471268736e-8,3.82298459556e-8,2.8661339968e-8,1.47425482933e-9,9.61513424436e-10,4.70258998408e-10,2.19178647454e-10,2.53583959386e-10,9.14541914421e-11,3.41685221783e-11,3.50289207363e-11,5.13901456112e-11,3.08862206644e-11,2.1691004895e-11,1.32351560267e-11,3.1104521736e-11,2.11506975129e-11,1.48937338157e-11,1.67857620165e-11,1.59323006177e-11,4.11948947177e-11,7.05349043062e-11,1.01316038892e-10,1.38687195408e-11,2.89049201241e-11,2.11290880625e-11],"max":[0.0452351719141,0.0592887029052,0.0215214062482,0.024531474337,0.020189139992,0.0108854118735,0.00929351057857,0.0132819293067,0.0243601351976,0.020164726302,0.00871646031737,0.0102499937639,0.00428266497329,0.00661557959393,0.00388895301148,0.0103269871324,0.00804627779871,0.000835166138131,0.000781255715992,0.000461572868517,0.000401784462156,0.000404125545174,0.000372493872419,0.000161133721122,0.000108617670776,0.000194612992345,0.0000669308719807,0.0000617295954726,0.0000831032957649,0.0000962182748481,0.0000535853650945,0.0000522735972481,0.0000560789630981,0.0000785663942224,0.0000666356936563,0.0000458674949186,0.0000566056260141,0.0000542477719137,0.0000388857406506,0.0000284752495645],"mean":[0.00210173986852,0.00233078026213,0.0014831777662,0.0015851178905,0.0009271154413,0.0002422016114,0.000231952784816,0.000236773936194,0.000312884483719,0.000150531093823,0.000132052635308,0.000118636111438,0.0000740249524824,0.0000711253596819,0.0000531213809154,0.0000388703228964,0.0000239398596023,0.0000122587844089,0.0000100709685285,0.00000891468243935,0.00000682014069753,0.00000591235766478,0.00000331023488798,0.00000240483700509,0.00000183484655736,0.00000218993500312,0.0000020045963538,0.00000138106440772,0.00000116512774184,0.00000139343467254,0.00000120630454603,0.00000117265335575,0.00000118590310194,0.00000117599654459,0.00000140622046274,0.00000163406787124,0.0000017320421648,9.00680447558e-7,0.00000103529987427,9.1076407216e-7],"median":[0.000755789864343,0.00135263497941,0.000953553593718,0.000739609531593,0.000415456393966,0.000125967228087,0.0000843825328047,0.0000529806166014,0.0000536157313036,0.0000336956436513,0.0000230850164371,0.0000205841679417,0.0000136485114126,0.0000149403731484,0.00000920963157114,0.00000578288199904,0.00000502323200635,0.00000277507251667,0.00000204039315577,0.00000238971870203,0.00000174840579348,0.00000136064568323,8.56416704664e-7,6.56815927869e-7,4.21022150476e-7,4.26672670528e-7,3.90908894587e-7,2.4600336701e-7,2.01922148335e-7,1.99602453677e-7,1.74283570686e-7,1.78861483846e-7,1.76604459057e-7,1.47242374737e-7,1.18963342288e-7,1.50682836875e-7,1.46573427173e-7,1.13409186042e-7,1.09031319084e-7,8.794329176e-8],"min":[1.96813972206e-24,3.8483837732e-24,1.38048903198e-24,2.1205224054e-24,3.84238330272e-24,1.52972297702e-24,3.72195658579e-24,5.10287061658e-24,4.4444537785e-24,3.73928864874e-24,3.84591818844e-24,4.10075575956e-24,3.10326145808e-24,3.00586237983e-24,5.96943313768e-24,4.7749155003e-24,5.6700351806e-24,6.52205426204e-24,6.05416192649e-24,6.38846934521e-24,3.47440296183e-24,4.42746447561e-24,9.53204692036e-24,8.74457441033e-24,6.40096766297e-24,6.26131877236e-24,4.94070014156e-24,7.42930346762e-24,3.30778114194e-24,4.58273083999e-24,6.15487343168e-24,5.20059470552e-24,5.1960469224e-24,7.89632174528e-24,8.98284274701e-24,8.86613472038e-24,9.77308100337e-24,7.45397193698e-24,8.31735179875e-24,7.77416032322e-24],"var":[0.0000202582741622,0.0000188050689758,0.00000313445434585,0.00000568554196434,0.00000216053604163,2.56941319776e-7,1.80105999448e-7,3.7458113411e-7,0.00000119085484585,3.52444828877e-7,1.86550792591e-7,1.52107489271e-7,3.67115582378e-8,5.70775746667e-8,2.32757688678e-8,4.6884370164e-8,1.20981402674e-8,1.14101739168e-9,8.0784712253e-10,4.59106502815e-10,2.38291802956e-10,2.30251318012e-10,7.64361768324e-11,2.99507883772e-11,2.27809385939e-11,3.16052496674e-11,2.20320046929e-11,1.48398775907e-11,1.15526763503e-11,2.0679959481e-11,1.23380715367e-11,9.42506142576e-12,1.13763070145e-11,1.36290145836e-11,1.67375679289e-11,2.17377071204e-11,2.75754783591e-11,5.69034142722e-12,8.55698324698e-12,6.38634457817e-12]},"melbands_crest":{"dmean":3.18781161308,"dmean2":5.23172283173,"dvar":8.31147480011,"dvar2":20.7141094208,"max":32.6886940002,"mean":15.0985879898,"median":14.4180240631,"min":1.9198590517,"var":23.7868518829},"melbands_flatness_db":{"dmean":0.0338453538716,"dmean2":0.0481737367809,"dvar":0.0010396548314,"dvar2":0.00206985324621,"max":0.585847198963,"mean":0.28171262145,"median":0.281661242247,"min":0.00442102132365,"var":0.00588623760268},"melbands_kurtosis":{"dmean":15.9500360489,"dmean2":24.7925815582,"dvar":793.257629395,"dvar2":1856.66125488,"max":434.889221191,"mean":28.7004833221,"median":15.524766922,"min":-1.74911904335,"var":1528.66625977},"melbands_skewness":{"dmean":1.04329407215,"dmean2":1.5741802454,"dvar":1.57213461399,"dvar2":3.40233445168,"max":17.8768577576,"mean":3.37793040276,"median":2.96672415733,"min":-2.0127081871,"var":4.91211938858},"melbands_spread":{"dmean":4.25899267197,"dmean2":6.62582349777,"dvar":69.1646881104,"dvar2":161.914993286,"max":212.628448486,"mean":12.1108474731,"median":8.06461715698,"min":0.594507396221,"var":269.966949463},"mfcc":{"cov":[[9012.68945312,-5.32203388214,42.5608940125,63.8063850403,-189.935058594,84.66355896,40.6444969177,-26.5921840668,73.7753067017,62.2673873901,-19.2042484283,65.5616073608,48.664806366],[-5.32203388214,1904.92919922,-225.416793823,80.3121185303,151.565750122,54.5562362671,109.810348511,82.660987854,22.6349582672,-42.3835372925,18.1393451691,14.4672422409,-3.3047003746],[42.5608940125,-225.416793823,903.615234375,157.885910034,160.456817627,128.871856689,17.6484661102,39.6705360413,24.2606964111,-2.65727043152,-38.4228172302,-1.43830990791,4.71292829514],[63.8063850403,80.3121185303,157.885910034,408.011962891,118.980728149,130.089645386,24.8649730682,4.48777914047,31.7524375916,4.95722913742,-26.3491630554,14.6583681107,31.7408924103],[-189.935058594,151.565750122,160.456817627,118.980728149,317.169342041,112.263298035,23.7497997284,47.9174423218,54.128780365,26.0980243683,-9.53994083405,8.88105869293,15.694103241],[84.66355896,54.5562362671,128.871856689,130.089645386,112.263298035,218.104354858,83.9074325562,41.0143203735,47.6533546448,36.4986915588,15.8200712204,21.6236000061,21.5889434814],[40.6444969177,109.810348511,17.6484661102,24.8649730682,23.7497997284,83.9074325562,161.72769165,70.6518478394,14.2232818604,18.3677539825,33.1036872864,7.1133813858,7.76367378235],[-26.5921840668,82.660987854,39.6705360413,4.48777914047,47.9174423218,41.0143203735,70.6518478394,143.798492432,48.1046676636,10.7347574234,24.0019168854,1.37625432014,9.08364868164],[73.7753067017,22.6349582672,24.2606964111,31.7524375916,54.128780365,47.6533546448,14.2232818604,48.1046676636,140.423675537,58.7700958252,11.6060056686,21.8888549805,16.9547805786],[62.2673873901,-42.3835372925,-2.65727043152,4.95722913742,26.0980243683,36.4986915588,18.3677539825,10.7347574234,58.7700958252,121.348426819,43.0963935852,23.2575702667,17.7388191223],[-19.2042484283,18.1393451691,-38.4228172302,-26.3491630554,-9.53994083405,15.8200712204,33.1036872864,24.0019168854,11.6060056686,43.0963935852,109.960105896,34.2404632568,8.4607629776],[65.5616073608,14.4672422409,-1.43830990791,14.6583681107,8.88105869293,21.6236000061,7.1133813858,1.37625432014,21.8888549805,23.2575702667,34.2404632568,85.0396118164,36.1763496399],[48.664806366,-3.3047003746,4.71292829514,31.7408924103,15.694103241,21.5889434814,7.76367378235,9.08364868164,16.9547805786,17.7388191223,8.4607629776,36.1763496399,87.5026702881]],"icov":[[0.000116274830361,-0.0000102567528302,-0.0000151777549036,-0.0000101279629234,0.000126712751808,-0.0000656510019326,-0.0000180693587026,0.0000284634334093,-0.0000583765358897,-0.0000551540397282,0.0000875766854733,-0.0000775359512772,-0.0000223630777327],[-0.0000102567528302,0.000629806541838,0.000247444986599,-0.000119224612718,-0.000404151855037,0.000108464053483,-0.00040172872832,-0.000129999723868,-0.0000768299869378,0.000433274137322,-0.0000731994368834,-0.000158983646543,0.000154134089826],[-0.0000151777549036,0.000247444986599,0.00141638459172,-0.000274540943792,-0.000541755987797,-0.000537413405254,0.000140144591569,-0.000418008217821,0.000184367629117,0.00019118237833,0.000393202208215,-0.000132792483782,0.000244205904892],[-0.0000101279629234,-0.000119224612718,-0.000274540943792,0.00338692846708,-0.000499571149703,-0.00171514134854,0.000171822000993,0.000593518954702,-0.000237152140471,0.000357165030437,0.000726092723198,-0.000064896819822,-0.000846587179694],[0.000126712751808,-0.000404151855037,-0.000541755987797,-0.000499571149703,0.00477824034169,-0.00180930632632,0.00107004866004,-0.0010699062841,-0.000502274429891,-0.000748352671508,0.000711651227903,0.0000271828430414,-0.000100838558865],[-0.0000656510019326,0.000108464053483,-0.000537413405254,-0.00171514134854,-0.00180930632632,0.00875484757125,-0.00403690058738,0.000736330752261,-0.00116006215103,-0.000723280536477,-0.000359981757356,-0.000676415744238,-0.000176210596692],[-0.0000180693587026,-0.00040172872832,0.000140144591569,0.000171822000993,0.00107004866004,-0.00403690058738,0.0105240475386,-0.00452480651438,0.00184467190411,-0.000844228139613,-0.00136183295399,0.000458140071714,0.0000210373964364],[0.0000284634334093,-0.000129999723868,-0.000418008217821,0.000593518954702,-0.0010699062841,0.000736330752261,-0.00452480651438,0.0111358929425,-0.00414024572819,0.00220171338879,-0.00215311348438,0.00183412979823,-0.00115206011105],[-0.0000583765358897,-0.0000768299869378,0.000184367629117,-0.000237152140471,-0.000502274429891,-0.00116006215103,0.00184467190411,-0.00414024572819,0.01133330632,-0.00527700828388,0.00196047406644,-0.00201377854683,0.000264884380158],[-0.0000551540397282,0.000433274137322,0.00019118237833,0.000357165030437,-0.000748352671508,-0.000723280536477,-0.000844228139613,0.00220171338879,-0.00527700828388,0.0130545999855,-0.0047135706991,0.000439476105385,-0.00128371454775],[0.0000875766854733,-0.0000731994368834,0.000393202208215,0.000726092723198,0.000711651227903,-0.000359981757356,-0.00136183295399,-0.00215311348438,0.00196047406644,-0.0047135706991,0.0136105269194,-0.00530907139182,0.0014240849996],[-0.0000775359512772,-0.000158983646543,-0.000132792483782,-0.000064896819822,0.0000271828430414,-0.000676415744238,0.000458140071714,0.00183412979823,-0.00201377854683,0.000439476105385,-0.00530907139182,0.0171648859978,-0.00628328323364],[-0.0000223630777327,0.000154134089826,0.000244205904892,-0.000846587179694,-0.000100838558865,-0.000176210596692,0.0000210373964364,-0.00115206011105,0.000264884380158,-0.00128371454775,0.0014240849996,-0.00628328323364,0.0145886344835]],"mean":[-703.360168457,148.837692261,30.4801883698,9.00626564026,10.6202049255,7.82689332962,1.95077610016,4.4754781723,-2.06105566025,-2.81640434265,-5.1164355278,-2.06434488297,-3.03907251358]},"pitch_salience":{"dmean":0.0748465955257,"dmean2":0.122710742056,"dvar":0.00452111894265,"dvar2":0.0116299558431,"max":0.954007267952,"mean":0.534772694111,"median":0.539160132408,"min":0.102878943086,"var":0.0116699729115},"silence_rate_20dB":{"dmean":0,"dmean2":0,"dvar":0,"dvar2":0,"max":1,"mean":1,"median":1,"min":1,"var":0},"silence_rate_30dB":{"dmean":0.0326755382121,"dmean2":0.0653570741415,"dvar":0.0316082574427,"dvar2":0.0735698789358,"max":1,"mean":0.970172524452,"median":1,"min":0,"var":0.02893566899},"silence_rate_60dB":{"dmean":0.0172556210309,"dmean2":0.0345144122839,"dvar":0.0169603489339,"dvar2":0.0390132926404,"max":1,"mean":0.0658039674163,"median":0,"min":0,"var":0.0614769235253},"spectral_centroid":{"dmean":151.783599854,"dmean2":230.575271606,"dvar":54262.03125,"dvar2":110934.851562,"max":11510.4707031,"mean":669.540222168,"median":525.03137207,"min":146.511535645,"var":354520.9375},"spectral_complexity":{"dmean":2.43396043777,"dmean2":3.57426095009,"dvar":12.6084976196,"dvar2":23.2929668427,"max":56,"mean":11.2774410248,"median":10,"min":0,"var":46.2802658081},"spectral_contrast_coeffs":{"dmean":[0.0521579831839,0.0431425869465,0.0379880852997,0.0330564044416,0.0245016124099,0.0186634138227],"dmean2":[0.085705704987,0.0697309970856,0.0581440664828,0.0504393056035,0.0359162017703,0.0275615658611],"dvar":[0.00191826722585,0.0013921703212,0.00109991163481,0.000809425080661,0.000473977532238,0.000284410547465],"dvar2":[0.00486337207258,0.00341355032288,0.00245105428621,0.00174472888466,0.000901126128156,0.000570553296711],"max":[-0.217327699065,-0.377583682537,-0.367173910141,-0.473915427923,-0.537370562553,-0.610352039337],"mean":[-0.609575510025,-0.708456993103,-0.744838356972,-0.767093002796,-0.797090828419,-0.817374944687],"median":[-0.618426322937,-0.713987231255,-0.755127429962,-0.771353244781,-0.804712057114,-0.822292089462],"min":[-0.983566462994,-0.985031604767,-0.972975552082,-0.963541269302,-0.962703168392,-0.963017404079],"var":[0.0105021595955,0.00616596080363,0.00602374598384,0.00395028758794,0.00264981202781,0.00158083532006]},"spectral_contrast_valleys":{"dmean":[0.421788156033,0.351274102926,0.356204479933,0.367757558823,0.393559843302,0.590064048767],"dmean2":[0.674383997917,0.552410066128,0.531603515148,0.531108915806,0.513893127441,0.685012221336],"dvar":[0.168239697814,0.116233840585,0.111835069954,0.134301036596,0.159102067351,0.348232716322],"dvar2":[0.365382969379,0.250769376755,0.228543743491,0.265876054764,0.279557585716,0.601624190807],"max":[-4.80424451828,-4.67301464081,-5.20203304291,-5.83212471008,-5.68530845642,-7.68201398849],"mean":[-7.24616479874,-7.13883113861,-7.88452625275,-8.65120792389,-8.86062812805,-10.5610666275],"median":[-6.83436489105,-6.91241073608,-7.73422527313,-8.51640605927,-8.74780654907,-10.5327987671],"min":[-28.0656890869,-27.7604312897,-27.5099697113,-27.4652862549,-27.4223499298,-27.3965644836],"var":[2.90331172943,1.97609090805,1.67851054668,1.62281095982,1.66681647301,1.86926400661]},"spectral_decrease":{"dmean":3.29400862142e-9,"dmean2":5.05713337873e-9,"dvar":3.68662123655e-17,"dvar2":8.52057904039e-17,"max":1.35795475278e-19,"mean":-7.91132315214e-9,"median":-5.77807446334e-9,"min":-7.1028402715e-8,"var":6.22144442444e-17},"spectral_energy":{"dmean":0.0129702491686,"dmean2":0.0198465771973,"dvar":0.000555000617169,"dvar2":0.00128216855228,"max":0.274668574333,"mean":0.0311758480966,"median":0.0227024443448,"min":1.00330699435e-20,"var":0.000952992937528},"spectral_energyband_high":{"dmean":0.000541913614143,"dmean2":0.000868565693963,"dvar":0.00000179667995326,"dvar2":0.00000443452972831,"max":0.0124074444175,"mean":0.000521101581398,"median":0.0000794507432147,"min":7.37649943472e-21,"var":0.00000173706860096},"spectral_energyband_low":{"dmean":0.0081008290872,"dmean2":0.0127247842029,"dvar":0.000443975091912,"dvar2":0.00103708659299,"max":0.234763920307,"mean":0.0132395857945,"median":0.0073788636364,"min":1.99106867424e-23,"var":0.000493084837217},"spectral_energyband_middle_high":{"dmean":0.00118272576947,"dmean2":0.00161019165535,"dvar":0.00000708328661858,"dvar2":0.0000130493317556,"max":0.101875133812,"mean":0.00306578353047,"median":0.00111732527148,"min":1.30946871299e-21,"var":0.0000342112434737},"spectral_energyband_middle_low":{"dmean":0.00637503992766,"dmean2":0.0100611560047,"dvar":0.0000816504834802,"dvar2":0.000197350382223,"max":0.136612042785,"mean":0.0160158760846,"median":0.0108616966754,"min":2.06286243191e-22,"var":0.000252191704931},"spectral_entropy":{"dmean":0.323475629091,"dmean2":0.448538452387,"dvar":0.110178656876,"dvar2":0.211448103189,"max":9.81604194641,"mean":7.01359891891,"median":6.96245956421,"min":5.10022068024,"var":0.419744223356},"spectral_flux":{"dmean":0.0308282375336,"dmean2":0.047130048275,"dvar":0.00166313338559,"dvar2":0.00349831860512,"max":0.478551954031,"mean":0.0795179307461,"median":0.0641024261713,"min":6.72679204006e-11,"var":0.00362204317935},"spectral_kurtosis":{"dmean":3.64542102814,"dmean2":5.20045137405,"dvar":21.2246551514,"dvar2":43.3405189514,"max":95.5445098877,"mean":8.51152801514,"median":6.90446043015,"min":-1.23853325844,"var":54.1075973511},"spectral_rms":{"dmean":0.000997929018922,"dmean2":0.00147988391109,"dvar":0.00000177616016117,"dvar2":0.00000375737522518,"max":0.0163697693497,"mean":0.00495156506076,"median":0.00470624305308,"min":3.12863558845e-12,"var":0.00000589738192502},"spectral_rolloff":{"dmean":404.709869385,"dmean2":714.984130859,"dvar":1651408.75,"dvar2":4234604,"max":19336.8164062,"mean":964.461181641,"median":452.197265625,"min":64.599609375,"var":4333811},"spectral_skewness":{"dmean":0.437408089638,"dmean2":0.617294549942,"dvar":0.212384715676,"dvar2":0.415380388498,"max":7.9068403244,"mean":2.33237171173,"median":2.29873132706,"min":-0.076481744647,"var":0.728468060493},"spectral_spread":{"dmean":1426569.375,"dmean2":1949905.25,"dvar":3077905580030,"dvar2":5963629199360,"max":41301136,"mean":5359812.5,"median":4631216,"min":848007.25,"var":8029696688130},"spectral_strongpeak":{"dmean":0.381400048733,"dmean2":0.641328752041,"dvar":0.438277572393,"dvar2":1.03800308704,"max":15.1321077347,"mean":0.764707863331,"median":0.393857061863,"min":0,"var":1.0636677742},"zerocrossingrate":{"dmean":0.0122748846188,"dmean2":0.0150290587917,"dvar":0.00028459445457,"dvar2":0.000372232316295,"max":0.51611328125,"mean":0.0453499294817,"median":0.03271484375,"min":0.00244140625,"var":0.0026674317196}},"metadata":{"audio_properties":{"analysis_sample_rate":44100,"bit_rate":320033,"codec":"mp3","downmix":"mix","equal_loudness":0,"length":252.969802856,"lossless":false,"md5_encoded":"8a9223297baa9684aca6e602588213b6","replay_gain":-10.8892364502,"sample_rate":44100},"tags":{"album":["Chicago XXXVI: Now"],"albumartist":["Chicago"],"artist":["Chicago"],"discnumber":["1"],"file_name":"2094899.mp3","genre":["null"],"label":["网易云音乐"],"musicbrainz_recordingid":["d086e35b-9b3e-42d0-94e3-d427ffc3da9e"],"title":["Watching All The Colors"],"tracknumber":["8"]},"version":{"essentia":"2.1-beta2","essentia_build_sha":"70f2e5ece6736b2c40cc944ad0e695b16b925413","essentia_git_sha":"v2.1_beta2","extractor":"music 1.0"}},"rhythm":{"beats_count":369,"beats_loudness":{"dmean":0.037934564054,"dmean2":0.0717266127467,"dvar":0.00127480633091,"dvar2":0.00382696208544,"max":0.209174573421,"mean":0.0598159469664,"median":0.0522659868002,"min":4.43757142143e-10,"var":0.00169797299895},"beats_loudness_band_ratio":{"dmean":[0.345523715019,0.261326223612,0.100406110287,0.0737804248929,0.0256862360984,0.0633501112461],"dmean2":[0.667531549931,0.503479719162,0.180173456669,0.130804523826,0.0485643446445,0.122732535005],"dvar":[0.044209625572,0.0272103156894,0.0101818796247,0.0100085865706,0.000617859128397,0.00643970584497],"dvar2":[0.143201306462,0.0917101427913,0.0272377096117,0.0261628292501,0.00164440087974,0.0155919184908],"max":[0.977374255657,0.810601472855,0.720147550106,0.717743039131,0.258433043957,0.886813163757],"mean":[0.561435639858,0.263180524111,0.114019960165,0.0647774636745,0.0218587368727,0.0421048663557],"median":[0.571771800518,0.246703192592,0.072470203042,0.0283912364393,0.0129674542695,0.0120676504448],"min":[0.00000203296281143,0.000116390976473,0.00195752922446,0.000948659027927,0.0000464530494355,0.000158996204846],"var":[0.0740255042911,0.0363