{"lowlevel":{"average_loudness":0.792015969753,"barkbands":{"dmean":[0.000117938288895,0.00194368150551,0.00202514207922,0.00110080547165,0.000867752765771,0.000779146386776,0.00073594978312,0.000358557037544,0.000359435653081,0.000675605318975,0.00044129654998,0.000211894526728,0.000190794089576,0.000199868256459,0.000412201305153,0.000221417838475,0.000144902616739,0.000134200920002,0.000180372400791,0.000235510116909,0.000251742632827,0.000228020959185,0.00011382791854,0.000108352207462,0.0000438837378169,0.00000874657416716,4.85420855512e-7],"dmean2":[0.000159107235959,0.00309929694049,0.00286514218897,0.00177663052455,0.00146553420927,0.00118935608771,0.00112350797281,0.000562544097193,0.000542449008208,0.000935664633289,0.000598385871854,0.00029507605359,0.000277064042166,0.000301317166304,0.000612739531789,0.000331625895342,0.000231507277931,0.000202604409424,0.000265658367425,0.000326680281432,0.000346946937498,0.000308789574774,0.000154857712914,0.000147807833855,0.0000611540235695,0.0000124737325677,7.24986762179e-7],"dvar":[9.67514495187e-8,0.0000209632653423,0.0000193637206394,0.00000487582565256,0.00000696802089806,0.00000272891588793,0.00000402717660108,0.00000112830207399,7.29667760879e-7,0.00000306006177198,0.0000024464834496,6.58150497657e-7,4.80485653043e-7,2.06996531915e-7,0.00000132038996981,2.96213897855e-7,6.42385202809e-8,6.75232669778e-8,1.66705120819e-7,3.14521031441e-7,3.66631212501e-7,2.94927133382e-7,8.06471760484e-8,6.79619134303e-8,1.43493812388e-8,5.62529633985e-10,2.39623208428e-12],"dvar2":[1.68634954889e-7,0.0000550631848455,0.0000424446079705,0.0000125635733639,0.0000193888809008,0.00000588320790484,0.00000898883899936,0.00000266501615442,0.00000159706746672,0.00000520916591995,0.00000383367250834,0.0000010862762565,9.16794363093e-7,4.46653700692e-7,0.0000026193283702,6.21553226665e-7,1.5014971666e-7,1.4847643115e-7,3.32771406875e-7,5.87828481002e-7,7.06727746547e-7,5.47240006199e-7,1.52198524006e-7,1.2992965992e-7,3.1936071565e-8,1.22052490337e-9,5.20753535779e-12],"max":[0.00558911357075,0.0551682114601,0.0658244490623,0.0350139252841,0.0368168614805,0.0623597577214,0.0613469257951,0.034551396966,0.0152400713414,0.046592541039,0.0495150797069,0.0266040023416,0.0291457232088,0.0155921922997,0.0435933880508,0.0240952037275,0.00497603230178,0.00403059832752,0.00992023572326,0.0173056125641,0.00914853625,0.00793770421296,0.00390882743523,0.0035583677236,0.00308040971868,0.000534638878889,0.0000202584124054],"mean":[0.000152848282596,0.00267615751363,0.00335956481285,0.00172279367689,0.00117974705063,0.00165232748259,0.00135179643985,0.000711936503649,0.000621668354142,0.00126698310487,0.000964716309682,0.000385993917007,0.000340268452419,0.000376910233172,0.00077136332402,0.00042251762352,0.0002799029171,0.000244146009209,0.00033085278119,0.000439656898379,0.000367188535165,0.000320794584695,0.000152627559146,0.000143106648466,0.000055795233493,0.0000104050632217,4.75187562188e-7],"median":[0.0000150993573698,0.00133425754029,0.00151955895126,0.000889297167305,0.00053705018945,0.000692447239999,0.000349347596057,0.000160982570378,0.000131425156724,0.000188782520127,0.0000698667136021,0.0000454920300399,0.0000461345771328,0.0000912844116101,0.000248012423981,0.000151636282681,0.000138975694426,0.000102908765257,0.0000855841499288,0.0000821374997031,0.000060172569647,0.0000497603250551,0.0000170097409864,0.0000131568467623,0.00000573507077206,0.00000105297931441,2.58893688709e-8],"min":[5.9930906818e-25,2.27721305814e-24,1.04591675321e-24,1.49272027297e-24,9.68962740821e-24,4.36844032496e-24,6.09382545838e-24,6.67252790199e-24,1.62473665822e-23,1.57545509752e-23,1.02646928086e-23,2.39735617958e-23,2.75781828161e-23,2.87676935533e-23,5.16584080725e-23,4.7731313336e-23,6.61048904051e-23,8.36237429943e-23,1.23205255432e-22,1.80591655113e-22,2.45022039941e-22,3.00429055081e-22,3.73289005594e-22,6.15091988171e-22,8.89067091356e-22,1.27692765791e-21,1.91323139638e-21],"var":[1.97000758817e-7,0.0000218249642785,0.0000316952828143,0.00000720977368474,0.00000595050141783,0.00000864241246745,0.00001143616646,0.00000476625609735,0.00000189616639545,0.00000993815319816,0.0000125828282762,0.00000250952484748,0.00000141858265579,7.38487642593e-7,0.00000303391061607,8.61964792875e-7,1.52982750024e-7,1.51548178451e-7,4.2575126713e-7,0.00000105003516637,7.21773687928e-7,5.77611160679e-7,1.44720317508e-7,1.16799903083e-7,1.9786380534e-8,7.74121211577e-10,2.72479716741e-12]},"barkbands_crest":{"dmean":2.19376301765,"dmean2":3.42174816132,"dvar":4.45740318298,"dvar2":10.7047815323,"max":26.0813808441,"mean":8.91696166992,"median":8.30642127991,"min":2.13373017311,"var":13.3128061295},"barkbands_flatness_db":{"dmean":0.0213670153171,"dmean2":0.0303237531334,"dvar":0.000538985827006,"dvar2":0.000995313283056,"max":0.343100041151,"mean":0.136310845613,"median":0.135443806648,"min":0.020853376016,"var":0.00250101741403},"barkbands_kurtosis":{"dmean":2.6491663456,"dmean2":3.96026754379,"dvar":29.7134895325,"dvar2":60.7044563293,"max":115.814170837,"mean":3.71616172791,"median":0.725612044334,"min":-1.90200603008,"var":85.9291229248},"barkbands_skewness":{"dmean":0.553054451942,"dmean2":0.781868577003,"dvar":0.415436476469,"dvar2":0.817198395729,"max":8.39794540405,"mean":1.32437074184,"median":1.08028435707,"min":-2.37034893036,"var":1.97702896595},"barkbands_spread":{"dmean":6.56502485275,"dmean2":9.38780117035,"dvar":66.0768966675,"dvar2":134.102462769,"max":128.168914795,"mean":25.4899673462,"median":22.5020942688,"min":1.17015373707,"var":245.673019409},"dissonance":{"dmean":0.0177575480193,"dmean2":0.0290396213531,"dvar":0.000350378104486,"dvar2":0.000914465927053,"max":0.500000059605,"mean":0.462506085634,"median":0.469612598419,"min":0.301502972841,"var":0.000810342957266},"dynamic_complexity":4.17727613449,"erbbands":{"dmean":[0.0224690251052,0.564800858498,2.46365904808,2.93309044838,3.57037520409,2.29907155037,2.83459830284,7.34162855148,10.231089592,10.023645401,6.80909824371,8.42798614502,16.5592403412,19.0038833618,13.0987405777,9.28299331665,8.69710636139,10.3260860443,13.923116684,22.0671863556,9.11371517181,6.27439689636,6.9068312645,8.28140735626,10.1494684219,11.9540100098,9.37170219421,10.1163816452,8.0180015564,6.21162033081,2.74953985214,2.18476128578,1.79754650593,0.646045804024,0.242283269763,0.0662779137492,0.0112668387592,0.0012385668233,0.0000970418186625,0.000011725677723],"dmean2":[0.0345017239451,0.89953571558,3.56254291534,4.49778223038,6.03956747055,3.92998719215,4.47480201721,11.1636924744,15.4608678818,15.4977722168,10.3013734818,12.7321195602,23.5505161285,24.7512893677,16.8477230072,12.683465004,12.1916093826,15.2749547958,20.8401813507,32.0756645203,13.5238037109,9.67415332794,10.4294176102,12.380572319,14.6444454193,16.8321475983,13.0940656662,13.9282636642,10.9718532562,8.49610805511,3.71240401268,2.96804332733,2.51015114784,0.889394760132,0.35110861063,0.0954144448042,0.0159441847354,0.00177668314427,0.000141316413647,0.0000156138430611],"dvar":[0.00178623804823,1.8511505127,30.7335300446,32.6034431458,106.065437317,38.9146308899,34.6689796448,283.49508667,788.137023926,950.295593262,351.305023193,475.540802002,2046.57678223,3487.32202148,2084.46533203,1073.55749512,1039.79968262,618.347351074,1168.41845703,4439.80419922,372.265777588,133.693130493,157.739334106,340.603179932,643.723937988,859.67199707,524.793395996,596.535461426,380.194915771,237.987915039,46.6960296631,29.0077724457,19.204668045,2.71500301361,0.57051295042,0.0425283275545,0.00084016774781,0.0000121032880998,8.92175009426e-8,3.93639371099e-10],"dvar2":[0.00419151317328,4.76967048645,68.9701538086,77.6490249634,295.596557617,105.825523376,86.6933898926,608.811645508,1762.39050293,2126.99926758,761.352050781,1094.54223633,3623.44580078,5403.95556641,2941.55664063,1886.30786133,1911.99499512,1309.47314453,2610.3293457,8623.80566406,767.294433594,310.612365723,335.11932373,798.902954102,1260.20715332,1641.24194336,1006.45220947,1146.29956055,726.230102539,448.383789063,86.6191864014,54.8493385315,38.3056144714,5.64699172974,1.39308536053,0.101390443742,0.00171238393523,0.0000248320739047,1.90054393556e-7,7.50143225314e-10],"max":[0.472041785717,15.9875602722,78.3494338989,90.8350219727,144.321304321,94.3943252563,214.242874146,696.982971191,657.131713867,1073.1138916,904.875488281,477.022857666,1468.24353027,1896.92675781,1722.37036133,1074.1932373,1457.09240723,726.844909668,772.318603516,2753.73730469,787.914489746,297.526611328,225.824676514,599.840759277,852.379577637,930.075256348,394.50668335,371.633728027,295.600067139,224.555770874,110.490592957,87.3851699829,63.2972145081,29.2770061493,25.5891799927,7.60784196854,0.389764130116,0.0452598780394,0.00431599095464,0.000256368075497],"mean":[0.0312702804804,0.773367762566,3.92794656754,5.17904090881,4.84729480743,3.22393488884,5.68450832367,15.0584545135,19.6970424652,19.4255828857,13.5992822647,15.9118251801,33.7412033081,43.8683700562,27.0915393829,17.6601963043,15.6563453674,21.2736549377,29.7118701935,42.4001617432,18.3618240356,13.2105484009,13.9633569717,15.4695034027,18.4360046387,22.2540607452,15.0586509705,14.4922857285,11.4429569244,8.10469341278,3.81240177155,2.96358346939,2.29570412636,0.839712262154,0.290423303843,0.0801553875208,0.0132866958156,0.00140824250411,0.000105796912976,0.0000292263921438],"median":[0.014015128836,0.366071522236,1.76418566704,2.78564572334,1.95515203476,1.57617580891,2.50294184685,5.86723995209,6.8149433136,4.75033378601,3.70929336548,4.06480026245,7.09172344208,4.52264785767,3.46079111099,2.89157652855,3.02274847031,5.8913898468,10.0932216644,13.4341869354,7.96676301956,6.78448104858,6.71032619476,4.66979885101,4.43838357925,4.30051898956,2.5962638855,2.41827654839,1.86210799217,0.987523078918,0.438890904188,0.265474498272,0.211102515459,0.08447727561,0.0300819203258,0.00866104103625,0.00128353829496,0.000141878132126,0.0000145291032823,0.0000197124772967],"min":[1.1668531374e-22,5.29569166677e-22,2.06660756484e-21,7.12063405356e-21,1.15079079341e-20,1.84172619646e-20,3.16462629504e-20,4.37264150784e-20,7.01818870405e-20,1.8309423139e-19,2.18487351097e-19,2.91992378087e-19,4.17945929189e-19,9.02374121969e-19,1.04596161277e-18,1.25154825503e-18,1.54989317343e-18,2.63727533838e-18,2.69347543676e-18,3.41073739439e-18,2.99700026355e-18,4.19758302591e-18,4.81690886696e-18,5.49494716071e-18,7.38590727001e-18,7.96622079183e-18,9.89796131893e-18,9.13596171146e-18,8.4242009185e-18,1.14041877312e-17,1.07116539244e-17,1.17051780766e-17,1.01898328252e-17,7.97750518975e-18,6.42387843323e-18,3.86322710974e-18,2.29839019476e-18,9.4617860868e-19,2.54881643688e-19,2.58342528597e-20],"var":[0.00272471876815,1.98128330708,45.7168579102,57.8765945435,94.9989013672,37.5728874207,97.0426864624,812.12109375,1856.08740234,3333.67553711,1280.6217041,1265.9173584,7160.86572266,17521.1054688,8948.74511719,3934.11523438,2451.88208008,2367.11303711,3323.84277344,11371.1064453,1051.57946777,317.267059326,390.973114014,877.151550293,1636.78027344,2721.14697266,1174.98657227,1153.7644043,734.352661133,403.492492676,89.0606002808,53.4130783081,30.232213974,4.20810699463,0.633764922619,0.0509726256132,0.0011871913448,0.0000158624789037,1.06106355702e-7,9.4111318738e-10]},"erbbands_crest":{"dmean":2.64594364166,"dmean2":4.08583164215,"dvar":7.05161046982,"dvar2":15.397480011,"max":31.8587493896,"mean":10.4047327042,"median":8.94935894012,"min":2.41786432266,"var":32.0961494446},"erbbands_flatness_db":{"dmean":0.0164021514356,"dmean2":0.0230460427701,"dvar":0.000301016523736,"dvar2":0.000538614229299,"max":0.331133723259,"mean":0.166851967573,"median":0.160877138376,"min":0.0380046926439,"var":0.00226686126553},"erbbands_kurtosis":{"dmean":0.854140460491,"dmean2":1.29650235176,"dvar":1.57199001312,"dvar2":3.52776646614,"max":25.0251140594,"mean":0.292004913092,"median":-0.356091111898,"min":-1.82102525234,"var":4.51267433167},"erbbands_skewness":{"dmean":0.366099834442,"dmean2":0.530196607113,"dvar":0.130026236176,"dvar2":0.267664849758,"max":3.67277598381,"mean":0.00501306261867,"median":-0.0217385217547,"min":-4.03979253769,"var":0.693552494049},"erbbands_spread":{"dmean":8.82660675049,"dmean2":13.0175991058,"dvar":107.810012817,"dvar2":228.480377197,"max":146.894836426,"mean":41.3625602722,"median":38.6863021851,"min":3.69830012321,"var":432.250518799},"gfcc":{"cov":[[29387.0644531,1426.01623535,-3085.47460938,1252.51452637,-1782.42126465,529.201660156,-701.150695801,112.434799194,-563.562927246,36.178401947,-290.414337158,-122.058509827,-73.2279052734],[1426.01623535,1349.078125,-311.332550049,-74.4486923218,219.402786255,-136.722457886,30.4981975555,-52.8100967407,72.1012649536,-42.9909706116,34.6081352234,-7.54165124893,40.1492385864],[-3085.47460938,-311.332550049,976.47479248,186.568328857,220.855377197,127.484947205,78.7658004761,18.8341274261,54.6205940247,-15.7886190414,-59.5335769653,-56.0698165894,-66.3111953735],[1252.51452637,-74.4486923218,186.568328857,501.046234131,2.50960302353,85.6669006348,-20.2270927429,20.3699836731,-7.6555929184,-19.9814796448,-66.6488418579,-81.2184448242,-42.5183410645],[-1782.42126465,219.402786255,220.855377197,2.50960302353,368.547271729,10.7403669357,77.4962081909,-16.383769989,64.9267120361,-25.1120319366,-3.56607437134,-14.0993528366,1.30857086182],[529.201660156,-136.722457886,127.484947205,85.6669006348,10.7403669357,294.716430664,104.858894348,21.663860321,-50.5919570923,-22.9543704987,-45.8113899231,-55.2632484436,-58.9570884705],[-701.150695801,30.4981975555,78.7658004761,-20.2270927429,77.4962081909,104.858894348,266.593933105,15.1060752869,-47.7242469788,-41.0416221619,25.6791687012,-28.0372982025,-36.1881828308],[112.434799194,-52.8100967407,18.8341274261,20.3699836731,-16.383769989,21.663860321,15.1060752869,117.922950745,23.2614192963,3.49837207794,-11.1802225113,-12.5505533218,-3.32895231247],[-563.562927246,72.1012649536,54.6205940247,-7.6555929184,64.9267120361,-50.5919570923,-47.7242469788,23.2614192963,162.413406372,36.2430458069,-21.7251300812,-4.16197872162,5.32240009308],[36.178401947,-42.9909706116,-15.7886190414,-19.9814796448,-25.1120319366,-22.9543704987,-41.0416221619,3.49837207794,36.2430458069,84.2112197876,15.5359277725,1.22246301174,-1.59459626675],[-290.414337158,34.6081352234,-59.5335769653,-66.6488418579,-3.56607437134,-45.8113899231,25.6791687012,-11.1802225113,-21.7251300812,15.5359277725,106.520469666,38.6914596558,21.4337062836],[-122.058509827,-7.54165124893,-56.0698165894,-81.2184448242,-14.0993528366,-55.2632484436,-28.0372982025,-12.5505533218,-4.16197872162,1.22246301174,38.6914596558,115.461174011,49.8982696533],[-73.2279052734,40.1492385864,-66.3111953735,-42.5183410645,1.30857086182,-58.9570884705,-36.1881828308,-3.32895231247,5.32240009308,-1.59459626675,21.4337062836,49.8982696533,81.6034851074]],"icov":[[0.000273660261882,-0.000517603708431,0.0007046382525,-0.00082526251208,0.000946938525885,-0.000873292912729,0.000572993129026,-0.000342398998328,0.00063023524126,-0.000473089079605,0.000583992223255,-0.000496841559652,0.000336910190526],[-0.000517603708431,0.00208798469976,-0.000781103619374,0.00149849976879,-0.0025899684988,0.00199196767062,-0.00122716452461,0.00101736944634,-0.00171554775443,0.001582968398,-0.00136086856946,0.00140520755667,-0.000726714904886],[0.0007046382525,-0.000781103619374,0.00348874786869,-0.00257723708637,0.00125390966423,-0.00240089232102,0.00129519577604,-0.000817366351839,0.00110646628309,-0.00100952247158,0.00168189092074,-0.00140983297024,0.00162349292077],[-0.00082526251208,0.00149849976879,-0.00257723708637,0.0050685130991,-0.00267822411843,0.00226793414913,-0.00103702035267,0.000748758611735,-0.00155660696328,0.00196177419275,-0.00124860496726,0.00289221527055,-0.000979759613983],[0.000946938525885,-0.0025899684988,0.00125390966423,-0.00267822411843,0.00784585252404,-0.00320195639506,0.000848524214234,-0.000270594464382,0.000406607316108,-0.00072404689854,0.00180466996972,-0.00144060375169,0.0000397928743041],[-0.000873292912729,0.00199196767062,-0.00240089232102,0.00226793414913,-0.00320195639506,0.00815936364233,-0.00360902538523,0.000551265780814,-0.000499640707858,0.00111398648005,0.000284159497824,0.00193649320863,0.000630955153611],[0.000572993129026,-0.00122716452461,0.00129519577604,-0.00103702035267,0.000848524214234,-0.00360902538523,0.00735493563116,-0.00189455179498,0.0024037102703,0.00137616519351,-0.0016487268731,-0.0000992204950307,0.00255723716691],[-0.000342398998328,0.00101736944634,-0.000817366351839,0.000748758611735,-0.000270594464382,0.000551265780814,-0.00189455179498,0.0100358547643,-0.00320448726416,0.000836651015561,-0.000483828916913,0.00144217326306,-0.00163942435756],[0.00063023524126,-0.00171554775443,0.00110646628309,-0.00155660696328,0.000406607316108,-0.000499640707858,0.0024037102703,-0.00320448726416,0.0112568046898,-0.00560296187177,0.00420308671892,-0.00129371671937,0.000908824091312],[-0.000473089079605,0.001582968398,-0.00100952247158,0.00196177419275,-0.00072404689854,0.00111398648005,0.00137616519351,0.000836651015561,-0.00560296187177,0.0173387825489,-0.00570476939902,0.00236308644526,0.00121699937154],[0.000583992223255,-0.00136086856946,0.00168189092074,-0.00124860496726,0.00180466996972,0.000284159497824,-0.0016487268731,-0.000483828916913,0.00420308671892,-0.00570476939902,0.0154917845502,-0.00443223910406,-0.000409223430324],[-0.000496841559652,0.00140520755667,-0.00140983297024,0.00289221527055,-0.00144060375169,0.00193649320863,-0.0000992204950307,0.00144217326306,-0.00129371671937,0.00236308644526,-0.00443223910406,0.0149906668812,-0.00721054896712],[0.000336910190526,-0.000726714904886,0.00162349292077,-0.000979759613983,0.0000397928743041,0.000630955153611,0.00255723716691,-0.00163942435756,0.000908824091312,0.00121699937154,-0.000409223430324,-0.00721054896712,0.0197264403105]],"mean":[-50.7772445679,92.3208999634,-124.867164612,46.152557373,-58.3189506531,12.043794632,-37.4165229797,7.79654216766,-17.33852005,2.57853770256,-19.3203849792,-5.90367650986,-6.38341856003]},"hfc":{"dmean":7.81135129929,"dmean2":9.60588550568,"dvar":198.176589966,"dvar2":310.858856201,"max":195.191696167,"mean":19.9043369293,"median":10.9951467514,"min":1.08545743561e-16,"var":664.391601563},"melbands":{"dmean":[0.000350549031282,0.00112048990559,0.000501173664816,0.000222889400902,0.0000895464399946,0.000162718672073,0.000152383596287,0.000103949379991,0.0000528666314494,0.0000549493270228,0.0000837336920085,0.0000786650562077,0.0000555205879209,0.0000268651128863,0.0000193774067156,0.0000196328055608,0.0000207721132028,0.000020929495804,0.000030273138691,0.0000227496730076,0.000010933293197,0.00000699017255101,0.00000866832397151,0.00000618961757937,0.00000722041795598,0.00000728972281649,0.00000823212485557,0.000007744964023,0.0000060233592194,0.0000067187716013,0.00000598384121986,0.00000499167708767,0.00000414142914451,0.00000314875160257,0.000001661907163,0.00000121688503896,0.00000145998012613,0.00000154623046456,7.35955040909e-7,4.91447224249e-7],"dmean2":[0.000553837628104,0.00165532145184,0.000777774723247,0.000380207551643,0.000142187374877,0.00024822371779,0.000231662459555,0.000160796844284,0.000080179903307,0.0000820869827294,0.000119848147733,0.000103681493783,0.0000726542202756,0.0000357457356586,0.0000271950357273,0.0000281377451756,0.0000310325995088,0.0000316024343192,0.0000442664422735,0.000033676984458,0.0000164953999047,0.0000109459806481,0.0000138627628985,0.00000926332813833,0.0000110204455268,0.0000108492058644,0.0000117087874969,0.0000110603677967,0.00000874495981407,0.00000975785224,0.00000842127064971,0.00000705310822013,0.00000575020976612,0.00000440041276306,0.00000230670730161,0.00000169992767951,0.00000201970487979,0.0000021880712211,0.00000104685261704,6.87681449563e-7],"dvar":[5.73908437218e-7,0.00000651238951832,9.43436418765e-7,4.91935509217e-7,3.09173415758e-8,1.25321022892e-7,1.66309561678e-7,9.46950464709e-8,1.82200441401e-8,1.83815718202e-8,5.32260813202e-8,5.99512901545e-8,3.90728551736e-8,1.06441326864e-8,3.36966188286e-9,6.29613339242e-9,2.62418575758e-9,2.51729037615e-9,8.45910985703e-9,3.43511064038e-9,5.30495924966e-10,1.86437115746e-10,2.32296223923e-10,1.65217284298e-10,2.71894035064e-10,3.08545883287e-10,4.40924019518e-10,3.86702864175e-10,2.42685871399e-10,2.9207294916e-10,2.19370591137e-10,1.62533431158e-10,1.04233399689e-10,6.36325991898e-11,1.73322536878e-11,9.90111551774e-12,1.33023184481e-11,1.43050580062e-11,3.68928932543e-12,1.65881989134e-12],"dvar2":[0.00000150868720539,0.0000152442507897,0.00000231392459682,0.0000013700270074,7.69267813894e-8,2.70412982672e-7,3.72522663383e-7,2.16262861841e-7,3.90891443658e-8,4.13303631319e-8,9.47395335515e-8,9.25810184071e-8,5.7869854686e-8,1.56642929738e-8,6.47058806535e-9,1.19058576331e-8,5.71712321928e-9,5.55400703206e-9,1.67215752356e-8,6.99753899269e-9,1.12357145809e-9,4.3090903068e-10,5.63831037415e-10,3.54922202739e-10,6.67697508394e-10,6.33972763175e-10,8.80239436896e-10,7.61981866493e-10,4.87785423164e-10,6.22507712045e-10,4.42567316128e-10,3.35529298789e-10,1.96555535736e-10,1.26062105199e-10,3.32649671697e-11,1.96232786964e-11,2.62242050991e-11,2.88720714003e-11,8.02361128927e-12,3.53887644015e-12],"max":[0.00910599902272,0.0312382392585,0.0138752330095,0.00968954246491,0.00592940486968,0.0139960348606,0.0117657398805,0.0100830160081,0.00628920551389,0.00274326303042,0.00744143826887,0.00742051098496,0.00779929105192,0.00393975153565,0.00138460029848,0.00394136412069,0.00135530740954,0.0010985864792,0.00355384079739,0.00262859789655,0.00089330249466,0.000304849236272,0.00029237641138,0.000238811364397,0.00054482172709,0.000348276284058,0.000937639852054,0.000811843259726,0.000278266903479,0.000259929423919,0.000236063235207,0.00020514636708,0.000137906507007,0.000106049716123,0.0000751259794924,0.0000495767235407,0.0000582389293413,0.0000532659687451,0.0000316896112054,0.0000241126690526],"mean":[0.000493973493576,0.001740666572,0.000886318739504,0.000290958734695,0.000182581221452,0.000345792330336,0.000299958715914,0.000203090472496,0.000102332320239,0.0000989978943835,0.000164244702319,0.000173202570295,0.000117012430565,0.0000490468009957,0.0000308952185151,0.0000354865587724,0.0000403537196689,0.0000422829070885,0.000057239576563,0.0000425623329647,0.0000191850576812,0.000012834600966,0.0000165968322108,0.0000106410734588,0.0000125146480059,0.0000123134677779,0.0000147203400047,0.0000139918456625,0.00000929162888497,0.00000920680122363,0.0000082180777099,0.00000687063584337,0.00000547409263163,0.00000398146357838,0.00000227495797844,0.00000162837693551,0.00000189258832961,0.00000192322545445,9.2478762781e-7,6.26504743195e-7],"median":[0.000252199824899,0.000836059800349,0.000481179071357,0.000123285717564,0.0000864842295414,0.000138582545333,0.0000995040682028,0.0000461162235297,0.000025457215088,0.0000221163281822,0.0000287005241262,0.0000150010646394,0.0000103284965007,0.00000624599488219,0.00000563276898902,0.00000493149673275,0.00000894624463399,0.0000125577007566,0.0000184373166121,0.000013662436686,0.00000711827033228,0.00000556028680876,0.00000822920264909,0.00000372036674889,0.00000335436357091,0.00000285386386167,0.00000298830264001,0.00000260096226157,0.00000142389740176,0.00000145803164742,0.00000131404976855,0.00000103815182229,8.01938199402e-7,4.20306037086e-7,2.60203250946e-7,1.63925250263e-7,1.52353010208e-7,1.62745834587e-7,9.19586682357e-8,6.00874159318e-8],"min":[1.08894941142e-24,1.11532507439e-24,1.56165734836e-24,1.1145040674e-24,1.50787971438e-24,8.0946822004e-25,1.37397501306e-24,1.57266333849e-24,2.10634460278e-24,1.85694228329e-24,1.81488495299e-24,3.29630242691e-24,2.5392913863e-24,1.73869775284e-24,3.38485502174e-24,2.26802361746e-24,3.12812418444e-24,2.17003387961e-24,4.39275932895e-24,4.26138401152e-24,3.4202283336e-24,3.87685534099e-24,4.29361884025e-24,3.71752003206e-24,2.97650571011e-24,4.48139574026e-24,5.20271279705e-24,4.67525041911e-24,4.66404110008e-24,4.94656532239e-24,4.02877496298e-24,3.39391351152e-24,5.33373154936e-24,5.69032192207e-24,4.44916446139e-24,5.81152251155e-24,5.84203052376e-24,5.91754738936e-24,6.33913240648e-24,6.82153110521e-24],"var":[6.26906796697e-7,0.00000892258958629,0.00000160440436048,4.01576841114e-7,8.98830521123e-8,4.02638931973e-7,4.30897159731e-7,3.59238498504e-7,6.32211154539e-8,4.81910724659e-8,1.80314174258e-7,2.8740814173e-7,1.89978578646e-7,4.38888783094e-8,7.67284280556e-9,1.78329813139e-8,9.54593826208e-9,7.17246351201e-9,1.96509422068e-8,1.05726156718e-8,1.29370369972e-9,3.95213556326e-10,5.42421441097e-10,3.69583974535e-10,6.47132236686e-10,6.85011436463e-10,1.20989984698e-9,1.25966914677e-9,4.99426000555e-10,4.79158879241e-10,4.00016547664e-10,2.87771168006e-10,1.79559228597e-10,1.01292120525e-10,3.24363209903e-11,1.73341688225e-11,2.2555913734e-11,2.1749052212e-11,5.31252168992e-12,2.49219850486e-12]},"melbands_crest":{"dmean":3.28007411957,"dmean2":5.08254432678,"dvar":9.25677680969,"dvar2":22.0577163696,"max":31.0584316254,"mean":14.6570119858,"median":14.2797164917,"min":1.50296032429,"var":30.2073421478},"melbands_flatness_db":{"dmean":0.0286405961961,"dmean2":0.0393726788461,"dvar":0.00106160494033,"dvar2":0.00189871597104,"max":0.449317485094,"mean":0.191696152091,"median":0.195679992437,"min":0.00310862134211,"var":0.0053106280975},"melbands_kurtosis":{"dmean":8.26829719543,"dmean2":12.4180688858,"dvar":315.296966553,"dvar2":689.358032227,"max":305.151733398,"mean":15.1354026794,"median":5.39024353027,"min":-1.7862790823,"var":796.624084473},"melbands_skewness":{"dmean":0.805850028992,"dmean2":1.15598332882,"dvar":1.04557859898,"dvar2":2.18391513824,"max":14.0791654587,"mean":2.67266511917,"median":2.15870761871,"min":-1.27164280415,"var":4.38304662704},"melbands_spread":{"dmean":9.55968379974,"dmean2":13.7178430557,"dvar":188.424835205,"dvar2":375.974243164,"max":226.504486084,"mean":30.0437030792,"median":23.366071701,"min":0.714669823647,"var":656.153930664},"mfcc":{"cov":[[12854.9736328,102.619560242,-145.371459961,168.453964233,-452.580780029,86.2216262817,16.359418869,-34.9418373108,-119.047943115,36.7751312256,-108.877685547,-102.106643677,-91.5064086914],[102.619560242,1536.7722168,-325.441345215,118.860832214,104.244392395,6.73092651367,-58.2024612427,8.37215805054,27.0593032837,-35.0719718933,38.3602142334,-54.2316436768,55.4218559265],[-145.371459961,-325.441345215,607.542663574,110.175010681,116.765892029,128.26625061,61.15965271,45.1764450073,79.0054626465,22.5002880096,15.6401281357,79.3877410889,-66.3355636597],[168.453964233,118.860832214,110.175010681,362.521972656,120.555236816,38.67735672,-2.90420174599,11.0564451218,33.8301696777,22.3425159454,-26.9543247223,15.7644805908,8.29053401947],[-452.580780029,104.244392395,116.765892029,120.555236816,262.520294189,54.8687820435,-43.9749984741,9.85280323029,68.1972961426,19.6576404572,0.463540226221,14.0633440018,-10.8021736145],[86.2216262817,6.73092651367,128.26625061,38.67735672,54.8687820435,217.668548584,93.9477615356,56.7817306519,36.917137146,21.8834400177,23.7522525787,7.72888374329,-43.3403930664],[16.359418869,-58.2024612427,61.15965271,-2.90420174599,-43.9749984741,93.9477615356,277.674957275,92.6448440552,-11.7668457031,13.9571752548,4.34152936935,19.1077194214,-17.8334960938],[-34.9418373108,8.37215805054,45.1764450073,11.0564451218,9.85280323029,56.7817306519,92.6448440552,136.111557007,46.5780220032,4.3054060936,5.15656661987,13.1243019104,-4.60942745209],[-119.047943115,27.0593032837,79.0054626465,33.8301696777,68.1972961426,36.917137146,-11.7668457031,46.5780220032,122.813087463,40.3680915833,16.315990448,11.9076929092,-16.0749015808],[36.7751312256,-35.0719718933,22.5002880096,22.3425159454,19.6576404572,21.8834400177,13.9571752548,4.3054060936,40.3680915833,122.452232361,27.7150115967,12.9231014252,-24.1774559021],[-108.877685547,38.3602142334,15.6401281357,-26.9543247223,0.463540226221,23.7522525787,4.34152936935,5.15656661987,16.315990448,27.7150115967,83.5244064331,22.1288394928,-10.6844377518],[-102.106643677,-54.2316436768,79.3877410889,15.7644805908,14.0633440018,7.72888374329,19.1077194214,13.1243019104,11.9076929092,12.9231014252,22.1288394928,90.6148071289,8.57236003876],[-91.5064086914,55.4218559265,-66.3355636597,8.29053401947,-10.8021736145,-43.3403930664,-17.8334960938,-4.60942745209,-16.0749015808,-24.1774559021,-10.6844377518,8.57236003876,97.9274978638]],"icov":[[0.0000910091621336,-0.0000211279875657,-0.00000274224862551,-0.0000948653032538,0.000241186178755,-0.000104571357951,0.0000741286858101,-0.00000841671499074,0.0000441796473751,-0.0000743418786442,0.000145161742694,0.0000258624040725,0.0000990718035609],[-0.0000211279875657,0.00091529317433,0.000669684493914,-0.000398176722229,-0.0004577038344,-0.00016244474682,-0.0000325991131831,-0.0000262584671873,-0.00036188372178,0.000567022070754,-0.000876005156897,0.000303683715174,-0.00022152721067],[-0.00000274224862551,0.000669684493914,0.00302724982612,-0.000710081949364,-0.00073289766442,-0.000958343793172,-0.00032014484168,0.000341531733284,-0.00130870658904,0.00104084901977,-0.000227886499488,-0.00196797121316,0.00137153849937],[-0.0000948653032538,-0.000398176722229,-0.000710081949364,0.00384935270995,-0.00145267916378,-0.000113318164949,-0.00007628613821,0.0000181238137884,0.000237752814428,-0.00100447132718,0.00175188307185,-0.000376904761652,-0.000878456805367],[0.000241186178755,-0.0004577038344,-0.00073289766442,-0.00145267916378,0.00645793927833,-0.00139649317134,0.00138841965236,0.000285519752651,-0.00192077446263,-0.000285259389784,0.00104506860953,-0.000308195565594,0.000226797230425],[-0.000104571357951,-0.00016244474682,-0.000958343793172,-0.000113318164949,-0.00139649317134,0.0073104519397,-0.0021156470757,-0.00107833684888,-0.000315871817293,0.000115698232548,-0.00188597408123,0.00116747978609,0.00166873529088],[0.0000741286858101,-0.0000325991131831,-0.00032014484168,-0.00007628613821,0.00138841965236,-0.0021156470757,0.00624502124265,-0.00419780565426,0.00280986959115,-0.00133165263105,0.000821147928946,-0.000796803447884,0.000325627304846],[-0.00000841671499074,-0.0000262584671873,0.000341531733284,0.0000181238137884,0.000285519752651,-0.00107833684888,-0.00419780565426,0.0125102624297,-0.00591241614893,0.00191426696256,0.000298526661936,-0.000701024546288,-0.00078851741273],[0.0000441796473751,-0.00036188372178,-0.00130870658904,0.000237752814428,-0.00192077446263,-0.000315871817293,0.00280986959115,-0.00591241614893,0.0141807310283,-0.00416828785092,-0.000561304448638,0.000354865012923,0.000427546066931],[-0.0000743418786442,0.000567022070754,0.00104084901977,-0.00100447132718,-0.000285259389784,0.000115698232548,-0.00133165263105,0.00191426696256,-0.00416828785092,0.0110711213201,-0.00333061767742,-0.000853208766785,0.00202750344761],[0.000145161742694,-0.000876005156897,-0.000227886499488,0.00175188307185,0.00104506860953,-0.00188597408123,0.000821147928946,0.000298526661936,-0.000561304448638,-0.00333061767742,0.0160819943994,-0.00415455084294,0.000976791721769],[0.0000258624040725,0.000303683715174,-0.00196797121316,-0.000376904761652,-0.000308195565594,0.00116747978609,-0.000796803447884,-0.000701024546288,0.000354865012923,-0.000853208766785,-0.00415455084294,0.0146304676309,-0.00303068920039],[0.0000990718035609,-0.00022152721067,0.00137153849937,-0.000878456805367,0.000226797230425,0.00166873529088,0.000325627304846,-0.00078851741273,0.000427546066931,0.00202750344761,0.000976791721769,-0.00303068920039,0.0131614012644]],"mean":[-675.475830078,110.023826599,-3.70287060738,32.9919281006,3.85352134705,7.07329130173,-6.65014982224,0.168722108006,6.94179344177,4.31735467911,-2.33896279335,-4.32270956039,-0.213263377547]},"pitch_salience":{"dmean":0.066962108016,"dmean2":0.103827998042,"dvar":0.00406842632219,"dvar2":0.00968824326992,"max":0.88275963068,"mean":0.504879295826,"median":0.500065684319,"min":0.109187185764,"var":0.0131412521005},"silence_rate_20dB":{"dmean":0,"dmean2":0,"dvar":0,"dvar2":0,"max":1,"mean":1,"median":1,"min":1,"var":0},"silence_rate_30dB":{"dmean":0.000517263659276,"dmean2":0.00103466119617,"dvar":0.000516971806064,"dvar2":0.00155082368292,"max":1,"mean":0.999741375446,"median":1,"min":0,"var":0.000258558720816},"silence_rate_60dB":{"dmean":0.0310358200222,"dmean2":0.062079668045,"dvar":0.0300707966089,"dvar2":0.0698590874672,"max":1,"mean":0.106283940375,"median":0,"min":0,"var":0.0949833765626},"spectral_centroid":{"dmean":298.804016113,"dmean2":422.381835938,"dvar":146552.234375,"dvar2":263736.625,"max":11773.1083984,"mean":1676.4855957,"median":1376.8581543,"min":184.131256104,"var":1864385.875},"spectral_complexity":{"dmean":3.57687830925,"dmean2":5.06259679794,"dvar":27.4192390442,"dvar2":45.7863197327,"max":63,"mean":15.7660980225,"median":13,"min":0,"var":125.858192444},"spectral_contrast_coeffs":{"dmean":[0.0463006645441,0.0438964143395,0.0391182601452,0.0315801911056,0.0223099086434,0.0199437905103],"dmean2":[0.0754284337163,0.0707647949457,0.0605261698365,0.0501043610275,0.0349637046456,0.0298865642399],"dvar":[0.00159107684158,0.0013896508608,0.00115106068552,0.000743494543713,0.000385357212508,0.000360583391739],"dvar2":[0.00418204208836,0.0033858011011,0.00250023184344,0.0017034948105,0.000872288714163,0.000768785481341],"max":[-0.360818773508,-0.394114911556,-0.427006959915,-0.509345471859,-0.579471886158,-0.433069854975],"mean":[-0.656467854977,-0.711881697178,-0.74064707756,-0.748291790485,-0.780608534813,-0.741389930248],"median":[-0.654208898544,-0.712671399117,-0.748313546181,-0.748767912388,-0.782029390335,-0.735350847244],"min":[-0.98160469532,-0.979866743088,-0.978502929211,-0.970350205898,-0.96789264679,-0.965002059937],"var":[0.0061905272305,0.00783735979348,0.00772009463981,0.00485082156956,0.00277890800498,0.00269551714882]},"spectral_contrast_valleys":{"dmean":[0.417889863253,0.355901300907,0.349402099848,0.304230570793,0.29104295373,0.425547361374],"dmean2":[0.665188312531,0.563800811768,0.542041003704,0.451290726662,0.393965035677,0.509960770607],"dvar":[0.156966462731,0.121029727161,0.127551212907,0.118610188365,0.138140767813,0.265361577272],"dvar2":[0.354776710272,0.247818186879,0.252003341913,0.203217878938,0.210554018617,0.403649896383],"max":[-5.72691440582,-5.33755064011,-5.59951210022,-5.95358610153,-5.39283084869,-7.59304046631],"mean":[-7.92232561111,-7.52029085159,-8.21719264984,-8.42916107178,-8.14192008972,-10.7282066345],"median":[-7.43503284454,-7.0373840332,-7.82466268539,-8.03048706055,-7.78465890884,-10.5193729401],"min":[-28.4257659912,-27.9776363373,-27.8767871857,-27.7170238495,-27.5097541809,-27.3783798218],"var":[6.88669586182,7.00742483139,6.60049724579,6.48181915283,6.72675561905,5.73293733597]},"spectral_decrease":{"dmean":1.68698544023e-9,"dmean2":2.36164443557e-9,"dvar":7.17131511242e-18,"dvar2":1.5376319786e-17,"max":4.04080314172e-21,"mean":-4.90091700556e-9,"median":-3.73551056754e-9,"min":-3.43991288787e-8,"var":1.90885789894e-17},"spectral_energy":{"dmean":0.0068824836053,"dmean2":0.0094587225467,"dvar":0.000113060035801,"dvar2":0.000234629304032,"max":0.134955018759,"mean":0.0203025303781,"median":0.0153490323573,"min":9.93857182865e-21,"var":0.00032463792013},"spectral_energyband_high":{"dmean":0.000782080052886,"dmean2":0.001000547898,"dvar":0.00000319284117722,"dvar2":0.00000528519103682,"max":0.0244575496763,"mean":0.00122929958161,"median":0.000209896010347,"min":6.96977295038e-21,"var":0.00000753411131882},"spectral_energyband_low":{"dmean":0.00422220258042,"dmean2":0.0061393189244,"dvar":0.0000823873051559,"dvar2":0.000190830265637,"max":0.117888703942,"mean":0.00732237054035,"median":0.00419806316495,"min":2.01014333093e-23,"var":0.000123263642308},"spectral_energyband_middle_high":{"dmean":0.00175932887942,"dmean2":0.00225277827121,"dvar":0.0000082687683971,"dvar2":0.0000123490935948,"max":0.0551045462489,"mean":0.00536894239485,"median":0.00256885378622,"min":1.20951021656e-21,"var":0.0000552472411073},"spectral_energyband_middle_low":{"dmean":0.0028894029092,"dmean2":0.00445707794279,"dvar":0.0000216718144657,"dvar2":0.0000529484714207,"max":0.0637153461576,"mean":0.00778764113784,"median":0.0058177607134,"min":1.55360690055e-22,"var":0.0000585053821851},"spectral_entropy":{"dmean":0.171891853213,"dmean2":0.234880104661,"dvar":0.0391331501305,"dvar2":0.0669799223542,"max":9.8257818222,"mean":7.56404590607,"median":7.55682992935,"min":5.89632701874,"var":0.266776621342},"spectral_flux":{"dmean":0.0222852826118,"dmean2":0.0337419994175,"dvar":0.000696795468684,"dvar2":0.0015628185356,"max":0.287972390652,"mean":0.0679235458374,"median":0.0596748664975,"min":6.37049787922e-11,"var":0.00196659192443},"spectral_kurtosis":{"dmean":1.4061486721,"dmean2":2.33163523674,"dvar":2.33052802086,"dvar2":6.04222726822,"max":18.2282028198,"mean":3.53269505501,"median":2.92126321793,"min":-1.24596881866,"var":6.94671726227},"spectral_rms":{"dmean":0.000701030134223,"dmean2":0.000932895229198,"dvar":7.54870143282e-7,"dvar2":0.00000143432271216,"max":0.0114744687453,"mean":0.00399223342538,"median":0.00386971142143,"min":3.11386702014e-12,"var":0.0000038694952309},"spectral_rolloff":{"dmean":632.163146973,"dmean2":997.447570801,"dvar":1170202.125,"dvar2":2414029.5,"max":19681.3476563,"mean":2069.65136719,"median":1485.79101563,"min":107.666015625,"var":7197426.5},"spectral_skewness":{"dmean":0.210693538189,"dmean2":0.325564235449,"dvar":0.04405034706,"dvar2":0.0927895307541,"max":3.44492650032,"mean":1.28923368454,"median":1.25500917435,"min":-0.0969823598862,"var":0.222829014063},"spectral_spread":{"dmean":503170.59375,"dmean2":714728.75,"dvar":598863052800,"dvar2":1068619857920,"max":42948976,"mean":4977706.5,"median":4173185,"min":2371064,"var":20821124841500},"spectral_strongpeak":{"dmean":0.586653649807,"dmean2":0.992830276489,"dvar":1.22719430923,"dvar2":3.01566338539,"max":17.9600486755,"mean":1.10676002502,"median":0.436949551105,"min":0,"var":2.52626538277},"zerocrossingrate":{"dmean":0.0132240680978,"dmean2":0.0142339793965,"dvar":0.000251963268965,"dvar2":0.000307409209199,"max":0.52294921875,"mean":0.0723910704255,"median":0.0556640625,"min":0.00537109375,"var":0.00432292418554}},"metadata":{"audio_properties":{"analysis_sample_rate":44100,"bit_rate":201925,"codec":"mp3","downmix":"mix","equal_loudness":0,"length":179.539596558,"lossless":false,"md5_encoded":"2c916d19172debe602aa9db7c72ca98d","replay_gain":-8.39673233032,"sample_rate":44100},"tags":{"album":["With a Lot o' Soul"],"albumartist":["The Temptations"],"albumartistsort":["Temptations, The"],"artist":["The Temptations"],"artistsort":["Temptations, The"],"barcode":["731453093225"],"catalognumber":["530 932-2"],"contentgroup":["R&B"],"date":["1967"],"discnumber":["1/1"],"file_name":"06. The Temptations ~ Save My Love for a Rainy Day.mp3","genre":["Motown"],"label":["Motown Records"],"media":["CD"],"mood":["Funky"],"musicbrainz album release country":["US"],"musicbrainz album status":["official"],"musicbrainz album type":["album"],"musicbrainz_albumartistid":["d8df96ae-8fcf-4997-b3e6-e5d1aaf0f69e"],"musicbrainz_albumid":["0c53c1da-b9a5-4ab3-96d4-277cff99ff08"],"musicbrainz_artistid":["d8df96ae-8fcf-4997-b3e6-e5d1aaf0f69e"],"musicbrainz_recordingid":["d0be44cc-6e96-4497-97c8-c8ba72de5c4a"],"musicbrainz_releasegroupid":["762baf89-9d41-30ac-82a1-55e0ac2e7aae"],"originaldate":["1967-07-17"],"originalyear":["1967"],"script":["Latn"],"title":["Save My Love for a Rainy Day"],"tracknumber":["6/12"]},"version":{"essentia":"2.1-beta2","essentia_build_sha":"2d9f1f26377add8aeb1075a9c2973f962c4f09fd","essentia_git_sha":"v2.1_beta2-1-ge3940c0","extractor":"music 1.0"}},"rhythm":{"beats_count":390,"beats_loudness":{"dmean":0.0142163494602,"dmean2":0.0256558023393,"dvar":0.000172848929651,"dvar2":0.000479480222566,"max":0.104512155056,"mean":0.0331762470305,"median":0.0301351789385,"min":0,"var":0.000425418780651},"beats_loudness_band_ratio":{"dmean":[0.331194370985,0.0804808288813,0.104459933937,0