{"lowlevel":{"average_loudness":0.474508076906,"barkbands":{"dmean":[0.00663577625528,0.00769117753953,0.0018844952574,0.000953500508331,0.0018517980352,0.00129345664755,0.000838955689687,0.000647547480185,0.00086891913088,0.000770317798015,0.000474088796182,0.000365336920368,0.000375464762328,0.000204265670618,0.000243681977736,0.000103791004221,0.0000754111097194,0.0000669438377372,0.0000765253425925,0.0000734094064683,0.0000572014141653,0.0000206410968531,0.00000995094433165,0.00000555753103981,0.00000351188623426,0.00000808927143225,0.000160024734214],"dmean2":[0.010463279672,0.0125276884064,0.00325512280688,0.0016121561639,0.00304569699802,0.00205207918771,0.00133843312506,0.00106322055217,0.00140953052323,0.0012654659804,0.000784763949923,0.000587713904679,0.000613070675172,0.000331306335283,0.000388861139072,0.000168406011653,0.000119281045045,0.000103876518551,0.000114148497232,0.000109585860628,0.0000843284724397,0.0000308234157274,0.0000149266270455,0.00000845853355713,0.00000545960574527,0.0000119900523714,0.000231543614063],"dvar":[0.000278860912658,0.000278229068499,0.0000150312844198,0.00000408691448683,0.0000135591799335,0.00000735107232686,0.00000365508299183,0.0000043311238187,0.00000659625538901,0.00000477936464449,0.00000191489402823,8.00746192908e-7,8.21726757749e-7,2.77465773024e-7,4.46630281203e-7,6.77566589502e-8,3.60768410701e-8,3.92180048436e-8,3.39293642071e-8,2.57543497639e-8,1.82904837942e-8,2.58625365568e-9,7.57907070437e-10,6.63809673895e-10,1.83527817943e-10,1.53805168601e-9,2.73537267503e-7],"dvar2":[0.000634490686934,0.000726409431081,0.0000425867801823,0.0000110496894195,0.0000354967669409,0.0000178121790668,0.00000857613849803,0.0000114695239972,0.0000154182052938,0.0000117736053653,0.00000490317779622,0.0000019465871901,0.00000218404943553,6.51222308079e-7,0.00000113077442165,1.7373329797e-7,8.27913240187e-8,9.27954175722e-8,7.51657864839e-8,5.74351304294e-8,3.92865260324e-8,5.71156766327e-9,1.61769275753e-9,1.57092683306e-9,4.09851957928e-10,3.18672022104e-9,5.45318073364e-7],"max":[0.284867107868,0.299232244492,0.0715765208006,0.0452880561352,0.0854906514287,0.07157997787,0.0599702484906,0.0951919779181,0.0737343505025,0.0712619274855,0.0641077682376,0.0423700660467,0.0231349654496,0.0318867228925,0.017971618101,0.00743708433583,0.00676321983337,0.00693653151393,0.00424130586907,0.00365035049617,0.00302466121502,0.00194386404473,0.00180409173481,0.00185233703814,0.000794553721789,0.00372912734747,0.0199896432459],"mean":[0.00772440712899,0.0112613644451,0.0023705707863,0.00123730418272,0.00297151855193,0.0020802335348,0.00141066953074,0.000926011474803,0.00131746078841,0.00112588296179,0.000741022755392,0.000640321872197,0.000626716995612,0.00035854728776,0.000435714347987,0.000178358342964,0.000138126517413,0.000125377395307,0.000153467335622,0.00015463285672,0.00011942916899,0.0000438353745267,0.0000210484304262,0.0000107771829789,0.0000051175675253,0.0000181785126188,0.000456546549685],"median":[0.000860659172758,0.00214887526818,0.000779431080446,0.000344866100932,0.00114573026076,0.000783800554927,0.000437779119238,0.000234059320064,0.000394801492803,0.000332421099301,0.000206359967706,0.000182715273695,0.000160530107678,0.000100314951851,0.000116288247227,0.0000546456394659,0.0000327268317051,0.000021900927095,0.0000302122043649,0.0000379933408112,0.0000281178199657,0.0000102340245576,0.00000483478606839,0.00000191476465261,6.8205270054e-7,0.00000371750547856,0.000131154360133],"min":[7.00887630109e-25,4.25853898466e-24,1.33514195449e-24,1.97725500982e-24,8.66018680386e-24,7.1328037855e-24,8.3533506773e-24,1.20082268704e-23,1.49747935248e-23,1.6454917464e-23,1.71799942319e-23,2.50416116194e-23,3.19896854801e-23,2.09630918766e-23,4.29908114982e-23,4.65892983361e-23,6.36304483156e-23,1.04924786038e-22,1.22137402824e-22,1.67808157833e-22,2.77202238485e-22,3.5923973366e-22,4.26406304626e-22,5.38114007028e-22,8.6412222406e-22,1.4088109639e-21,1.95957229189e-21],"var":[0.000370295281755,0.00038985683932,0.0000198235939024,0.00000596471636527,0.0000261449968093,0.0000147015698531,0.00000928292956814,0.00000883310804056,0.000012104706002,0.00000772992643761,0.00000362331752513,0.00000189506374682,0.00000148376784637,6.15373210167e-7,0.00000104585524241,1.32152393917e-7,1.0019064689e-7,1.07218333767e-7,1.14744857171e-7,9.11790820624e-8,6.07000956165e-8,9.26882215424e-9,2.64547406204e-9,1.52610979409e-9,3.32429944683e-10,4.74467798384e-9,0.00000131223737299]},"barkbands_crest":{"dmean":2.77746844292,"dmean2":4.52501583099,"dvar":5.44089889526,"dvar2":14.2106437683,"max":24.0669689178,"mean":10.240981102,"median":9.80014038086,"min":2.3455824852,"var":14.2109746933},"barkbands_flatness_db":{"dmean":0.0260599479079,"dmean2":0.0410016700625,"dvar":0.000508795375936,"dvar2":0.00121912360191,"max":0.426741659641,"mean":0.15268021822,"median":0.144425481558,"min":0.0162137877196,"var":0.00304441340268},"barkbands_kurtosis":{"dmean":4.49911165237,"dmean2":7.2025270462,"dvar":45.436870575,"dvar2":114.013061523,"max":194.055984497,"mean":8.55887413025,"median":6.14833450317,"min":-1.77667891979,"var":95.4132385254},"barkbands_skewness":{"dmean":0.619795918465,"dmean2":0.970567464828,"dvar":0.364886730909,"dvar2":0.898488938808,"max":11.6984119415,"mean":2.16307544708,"median":2.05413675308,"min":-2.229596138,"var":1.30503952503},"barkbands_spread":{"dmean":5.47888898849,"dmean2":8.46064376831,"dvar":41.8075141907,"dvar2":85.137588501,"max":112.770011902,"mean":20.0401725769,"median":16.931180954,"min":0.502062380314,"var":205.632522583},"dissonance":{"dmean":0.0249863900244,"dmean2":0.0419673956931,"dvar":0.000628239824437,"dvar2":0.00169323838782,"max":0.5,"mean":0.45426312089,"median":0.466137826443,"min":0.196356698871,"var":0.00153654452879},"dynamic_complexity":6.70508337021,"erbbands":{"dmean":[0.464817553759,1.03618836403,1.92341339588,2.92607474327,3.13194108009,8.56227302551,8.63221931458,11.9119310379,9.88880634308,13.2420225143,14.4773979187,20.0670890808,18.1787185669,26.8703269958,16.8759937286,14.7695064545,16.0037307739,11.6617183685,11.1453943253,9.60677146912,4.53825855255,4.11298942566,3.80955576897,3.22192311287,4.18040561676,3.29793977737,2.84520602226,1.77307498455,0.820750713348,0.432241678238,0.277631491423,0.149043053389,0.078958965838,0.043025135994,0.0238080509007,0.0210379958153,0.0166997592896,0.0134647311643,0.0107556926087,0.00405558571219],"dmean2":[0.765193045139,1.7331533432,3.30062222481,5.00827026367,5.22802448273,14.1898889542,13.9022550583,18.923500061,15.8955955505,21.2378864288,23.694519043,32.4740753174,29.7066402435,44.0182266235,27.960767746,23.8149662018,26.0935554504,18.6801528931,17.6851482391,15.2046670914,7.23210525513,6.48351335526,5.8725476265,4.8063287735,6.26244688034,4.90135240555,4.18187999725,2.62159705162,1.22542822361,0.649823784828,0.42244464159,0.225309684873,0.12026296556,0.0661383271217,0.0371881090105,0.0328897051513,0.0243379361928,0.0193519424647,0.0144927715883,0.00572793325409],"dvar":[1.16530036926,4.73797702789,16.2331905365,33.4689559937,51.4319038391,316.822570801,339.525634766,750.076782227,613.88671875,874.348266602,2358.54492188,4053.24975586,3278.6730957,7528.06347656,2225.796875,1304.31616211,1390.17504883,975.408630371,968.514404297,575.371582031,144.391738892,115.982208252,134.265319824,62.378238678,108.004386902,51.9816055298,43.1614875793,18.8532714844,4.05164766312,1.26168239117,0.606698572636,0.325508475304,0.163730680943,0.0441888570786,0.00691233295947,0.0263151414692,0.00486243003979,0.00153409736231,0.000952475587837,0.000131314183818],"dvar2":[3.05666351318,12.8520174026,45.0357704163,95.8029632568,139.149169922,824.889343262,819.462646484,1818.62597656,1448.42895508,2100.14013672,6362.44677734,9260.56445312,8328.85058594,18684.5664062,5713.9375,3147.24023438,3673.44726562,2324.45654297,2494.03076172,1409.3626709,370.343414307,267.752685547,322.562225342,138.799621582,237.340652466,116.15422821,92.3919830322,41.799987793,9.0192937851,2.83730983734,1.36324965954,0.815767884254,0.334708929062,0.101252548397,0.0157665740699,0.0582701005042,0.00914219580591,0.00329941441305,0.00167427980341,0.000247260526521],"max":[18.1399250031,39.4271240234,76.2481918335,99.1681365967,198.696060181,402.343933105,480.833679199,921.417297363,1022.43878174,938.149475098,2436.48168945,2290.8659668,2513.43847656,4079.12695312,2970.17041016,2135.23828125,948.954711914,1795.62841797,910.985595703,800.521789551,496.544921875,394.238952637,453.764160156,262.585571289,276.252410889,155.728927612,148.390975952,114.226341248,75.6960601807,46.456401825,47.9907188416,43.8412590027,27.3054981232,13.6963644028,4.58195161819,11.9765758514,6.86113357544,3.3628513813,1.26976144314,0.414271742105],"mean":[0.608763098717,1.49282419682,2.59111785889,4.07227277756,4.78339910507,12.8121557236,13.7715015411,18.7122058868,16.943687439,22.1203613281,22.1264781952,30.6174106598,28.6859836578,41.4034996033,29.5464916229,27.3525619507,28.6395874023,22.381231308,21.1262893677,17.9274463654,8.7115278244,7.89823627472,7.21671485901,6.65887451172,8.45334339142,7.11506986618,5.96961307526,3.63686108589,1.75278484821,0.928342401981,0.56531727314,0.301513284445,0.144625931978,0.0645863488317,0.0338536649942,0.0358301177621,0.0381198376417,0.0357311926782,0.0288928039372,0.0147695755586],"median":[0.0928844735026,0.35691344738,0.976718604565,1.47563636303,1.77546739578,4.33297634125,5.35430955887,6.68928813934,5.81237316132,7.26290750504,6.28743553162,9.06669235229,9.67152786255,11.9610557556,8.73829841614,7.96628332138,8.06719684601,6.12390995026,5.93983650208,5.57354402542,2.82739830017,1.89135158062,1.31264936924,1.34995985031,1.73698759079,1.7499614954,1.45613801479,0.884741604328,0.425129264593,0.220558106899,0.130816683173,0.0608202032745,0.0231321081519,0.00879742577672,0.0048822700046,0.00532851880416,0.00768025685102,0.00851922202855,0.00769633008167,0.00568609498441],"min":[1.04929096374e-22,1.34653502763e-21,3.74668308061e-21,6.80878453925e-21,1.37704585513e-20,3.63332201663e-20,5.65779648265e-20,5.50883353279e-20,9.53754432793e-20,1.9900366753e-19,2.66026558273e-19,3.89331528753e-19,5.86407516489e-19,5.94113531076e-19,9.7135354043e-19,8.05774419071e-19,1.28253175244e-18,1.72820932526e-18,2.30701851573e-18,2.75186508223e-18,2.57366039299e-18,3.9687794918e-18,6.09909299675e-18,6.33347586409e-18,7.39698735432e-18,9.13077280748e-18,1.04850163627e-17,1.22615695351e-17,1.16324598018e-17,9.37430553317e-18,1.25524873022e-17,1.1069613853e-17,1.03654713934e-17,8.57432261915e-18,6.35931285052e-18,3.99654008675e-18,2.39651511531e-18,1.06109302092e-18,2.35321949978e-19,2.64692803853e-20],"var":[1.41600131989,6.36110305786,20.7509269714,48.6952705383,72.8935394287,588.475646973,694.518798828,1425.29516602,1364.2779541,2059.14575195,4997.18017578,7463.17236328,4985.64306641,11665.8193359,5343.56396484,3434.90014648,2746.87792969,2211.06616211,2270.93334961,1438.65332031,319.08114624,334.837554932,353.325469971,218.835083008,363.847351074,186.54850769,145.228530884,57.6267929077,14.1771297455,4.45763444901,1.94549369812,0.874592483044,0.35732331872,0.0710649639368,0.0123325288296,0.0436951071024,0.018445642665,0.00869274884462,0.00506107276306,0.000811178819276]},"erbbands_crest":{"dmean":2.71591305733,"dmean2":4.45418262482,"dvar":6.68179893494,"dvar2":17.0420303345,"max":29.7304954529,"mean":8.65774917603,"median":7.73848581314,"min":2.15184736252,"var":15.199341774},"erbbands_flatness_db":{"dmean":0.0208190083504,"dmean2":0.0317895300686,"dvar":0.000343324471032,"dvar2":0.000812787679024,"max":0.358699351549,"mean":0.152388572693,"median":0.146203264594,"min":0.0454759262502,"var":0.00188145949505},"erbbands_kurtosis":{"dmean":1.06509673595,"dmean2":1.72041869164,"dvar":2.3794066906,"dvar2":5.64084768295,"max":54.8574638367,"mean":0.976731359959,"median":0.461361408234,"min":-1.71415948868,"var":4.66974163055},"erbbands_skewness":{"dmean":0.358064323664,"dmean2":0.550407171249,"dvar":0.105980113149,"dvar2":0.240127876401,"max":4.91805887222,"mean":0.356431812048,"median":0.328138977289,"min":-2.85376524925,"var":0.49936825037},"erbbands_spread":{"dmean":5.94284057617,"dmean2":9.29240131378,"dvar":36.8028717041,"dvar2":85.031288147,"max":96.6358337402,"mean":26.7395534515,"median":24.3398323059,"min":1.79941749573,"var":151.537918091},"gfcc":{"cov":[[27646.890625,-1549.71875,-1508.69763184,1260.95239258,-126.543029785,121.87600708,671.697509766,-167.250473022,11.0498971939,454.646636963,42.7932929993,438.578094482,10.9121007919],[-1549.71875,1107.09399414,214.077636719,-419.864532471,61.6738739014,-19.7526454926,-70.7787017822,-34.9724349976,38.208820343,-70.3424682617,30.1818504333,-122.806236267,50.5318450928],[-1508.69763184,214.077636719,477.521820068,-51.2210769653,-29.4384098053,122.081939697,-76.5149307251,105.772186279,13.2201700211,-12.4462614059,17.6051940918,14.6008796692,15.1943979263],[1260.95239258,-419.864532471,-51.2210769653,440.091156006,37.2903442383,-33.7853813171,101.31086731,17.5216369629,-10.5992488861,38.5187683105,-3.31686639786,68.8975448608,-26.6830673218],[-126.543029785,61.6738739014,-29.4384098053,37.2903442383,236.074356079,36.2201042175,37.9607696533,1.65083193779,7.224173069,-7.08852386475,55.4814033508,8.80980968475,17.0008869171],[121.87600708,-19.7526454926,122.081939697,-33.7853813171,36.2201042175,216.639160156,-8.71023654938,66.0636672974,-7.98656702042,23.1158542633,13.649269104,26.837688446,21.5467987061],[671.697509766,-70.7787017822,-76.5149307251,101.31086731,37.9607696533,-8.71023654938,178.192260742,-16.5615348816,24.2812576294,13.2869939804,6.79889011383,24.3797569275,2.19566106796],[-167.250473022,-34.9724349976,105.772186279,17.5216369629,1.65083193779,66.0636672974,-16.5615348816,164.478042603,21.7395324707,24.1919689178,22.5759983063,11.7286777496,22.2798843384],[11.0498971939,38.208820343,13.2201700211,-10.5992488861,7.224173069,-7.98656702042,24.2812576294,21.7395324707,86.6941223145,33.5564918518,12.5423431396,8.35701656342,-1.59823429585],[454.646636963,-70.3424682617,-12.4462614059,38.5187683105,-7.08852386475,23.1158542633,13.2869939804,24.1919689178,33.5564918518,92.2252731323,32.9059753418,7.34802103043,13.6476545334],[42.7932929993,30.1818504333,17.6051940918,-3.31686639786,55.4814033508,13.649269104,6.79889011383,22.5759983063,12.5423431396,32.9059753418,80.4232330322,35.5729980469,15.2923812866],[438.578094482,-122.806236267,14.6008796692,68.8975448608,8.80980968475,26.837688446,24.3797569275,11.7286777496,8.35701656342,7.34802103043,35.5729980469,94.6446304321,16.9986896515],[10.9121007919,50.5318450928,15.1943979263,-26.6830673218,17.0008869171,21.5467987061,2.19566106796,22.2798843384,-1.59823429585,13.6476545334,15.2923812866,16.9986896515,73.0578460693]],"icov":[[0.0000679408112774,-0.000128822837723,0.000301947089611,-0.000200391077669,0.000138922856422,-0.000202406328754,-0.0000526180883753,-0.0000319845130434,0.000105969054857,-0.000307097798213,0.00014803330123,-0.000379591394449,0.000098691227322],[-0.000128822837723,0.00275448593311,-0.00183667289093,0.00167948368471,-0.000432551227277,0.000716952432413,-0.000326023437083,0.00140024709981,-0.00211654417217,0.00316388811916,-0.00319987535477,0.00456279423088,-0.00244776718318],[0.000301947089611,-0.00183667289093,0.00530028529465,-0.00242970813997,0.00226140860468,-0.00341032189317,0.0013453917345,-0.0015896721743,-0.000772276718635,0.000716976297554,-0.00077551312279,-0.00203613447957,0.000644692918286],[-0.000200391077669,0.00167948368471,-0.00242970813997,0.00681153917685,-0.00377675052732,0.00424385908991,-0.00247398135252,-0.00155524385627,0.0038380920887,-0.00494621833786,0.00548628997058,-0.00402349699289,0.00283300713636],[0.000138922856422,-0.000432551227277,0.00226140860468,-0.00377675052732,0.00895996112376,-0.00471673347056,0.00010820460011,0.0017898560036,-0.00436165044084,0.00778006622568,-0.0109370574355,0.00596275366843,-0.00346112647094],[-0.000202406328754,0.000716952432413,-0.00341032189317,0.00424385908991,-0.00471673347056,0.00997716374695,-0.00139530946035,-0.00299359927885,0.00542110437527,-0.00701793469489,0.00730336969718,-0.00540388375521,0.00206173141487],[-0.0000526180883753,-0.000326023437083,0.0013453917345,-0.00247398135252,0.00010820460011,-0.00139530946035,0.00803278759122,0.00117186410353,-0.00375032215379,0.00213567377068,-0.00132686935831,0.000516307598446,-0.00148587569129],[-0.0000319845130434,0.00140024709981,-0.0015896721743,-0.00155524385627,0.0017898560036,-0.00299359927885,0.00117186410353,0.0100127309561,-0.00515802484006,0.00416936445981,-0.00647062342614,0.00589587725699,-0.00473257200792],[0.000105969054857,-0.00211654417217,-0.000772276718635,0.0038380920887,-0.00436165044084,0.00542110437527,-0.00375032215379,-0.00515802484006,0.0220777876675,-0.0161342024803,0.0118915084749,-0.0120267448947,0.00791853200644],[-0.000307097798213,0.00316388811916,0.000716976297554,-0.00494621833786,0.00778006622568,-0.00701793469489,0.00213567377068,0.00416936445981,-0.0161342024803,0.0324407815933,-0.0240405797958,0.0191363859922,-0.0110079776496],[0.00014803330123,-0.00319987535477,-0.00077551312279,0.00548628997058,-0.0109370574355,0.00730336969718,-0.00132686935831,-0.00647062342614,0.0118915084749,-0.0240405797958,0.039138905704,-0.0241197124124,0.00893111061305],[-0.000379591394449,0.00456279423088,-0.00203613447957,-0.00402349699289,0.00596275366843,-0.00540388375521,0.000516307598446,0.00589587725699,-0.0120267448947,0.0191363859922,-0.0241197124124,0.0324141904712,-0.012083764188],[0.000098691227322,-0.00244776718318,0.000644692918286,0.00283300713636,-0.00346112647094,0.00206173141487,-0.00148587569129,-0.00473257200792,0.00791853200644,-0.0110079776496,0.00893111061305,-0.012083764188,0.0211236998439]],"mean":[-62.6176261902,109.251060486,-82.8386993408,-8.23481178284,-21.4498615265,-14.404088974,1.37030291557,-17.4849834442,-4.27595663071,-4.182533741,-4.2433757782,-4.91883134842,-1.78518080711]},"hfc":{"dmean":35.3613128662,"dmean2":54.7363815308,"dvar":3757.12646484,"dvar2":9301.36328125,"max":1443.73950195,"mean":132.313308716,"median":70.1061019897,"min":1.08750924057e-16,"var":24809.8535156},"melbands":{"dmean":[0.00327846012078,0.0010191713227,0.000464688724605,0.00041255535325,0.000311593583319,0.000253308622632,0.000161145042512,0.000139900716022,0.00012042337039,0.000133409295813,0.0000929777816054,0.000113865957246,0.0000597149446548,0.000042678329919,0.0000335309887305,0.00004010943303,0.0000215030722757,0.000017967846361,0.0000187242130778,0.00000941614234762,0.00000521676020071,0.00000465460925625,0.00000407582410844,0.00000324632446791,0.00000274621879726,0.00000325202972817,0.00000302677949549,0.00000229379884331,0.00000198669908968,0.00000164013601989,9.19298486224e-7,5.26190376604e-7,3.52341061216e-7,2.23285667289e-7,1.77348610464e-7,1.29433018969e-7,8.57897148876e-8,6.13621082834e-8,4.44694627788e-8,3.47934410172e-8],"dmean2":[0.00530833704397,0.00172262405977,0.000789428653661,0.000680006982293,0.000503595161717,0.00040175151662,0.000256904459093,0.000225362775382,0.000196818305994,0.000216466156417,0.000152064996655,0.000186432225746,0.000098926400824,0.0000685474151396,0.0000548952484678,0.0000657985365251,0.0000348611356458,0.0000289278432319,0.0000303588494717,0.0000150755950017,0.00000843904217618,0.00000744709723222,0.0000064011314862,0.00000507790127813,0.00000421322965849,0.00000494070536661,0.00000461937588625,0.00000351231392415,0.00000299263547276,0.00000247880166171,0.00000140609108712,7.93469098426e-7,5.46044304883e-7,3.42161257549e-7,2.76251171272e-7,1.99461652528e-7,1.31537873926e-7,9.38927016136e-8,6.90426205097e-8,5.39874811523e-8],"dvar":[0.000055211410654,0.00000422116181653,8.3569761955e-7,7.39915037684e-7,3.85996230534e-7,3.17234167824e-7,1.46345016105e-7,1.08028579859e-7,1.53680730364e-7,1.79998323802e-7,8.47203480703e-8,1.30325986447e-7,2.81196523844e-8,1.06875557293e-8,6.37973895934e-9,9.91509185866e-9,3.48094331137e-9,2.37782593615e-9,2.70561528737e-9,5.23880328007e-10,2.25064772374e-10,1.50091925e-10,1.64409874603e-10,8.66775262676e-11,4.77811679112e-11,6.47346828919e-11,5.87836099242e-11,2.60689195924e-11,2.06535691327e-11,1.70368615049e-11,5.25904536933e-12,1.67124636612e-12,8.71742023185e-13,3.43006764485e-13,2.45413254605e-13,2.21103693622e-13,1.11023203706e-13,8.71359055873e-14,8.95985759544e-14,2.1261270671e-14],"dvar2":[0.000140898366226,0.0000115073025881,0.0000023549546313,0.00000196559335564,9.4582338761e-7,7.73757847128e-7,3.47816296653e-7,2.59716017581e-7,4.15590619696e-7,4.13592943005e-7,2.16051674329e-7,3.21193653008e-7,7.2770902193e-8,2.57503138812e-8,1.62121782665e-8,2.62846668875e-8,8.21559265063e-9,6.18910878103e-9,6.82377265804e-9,1.32047217605e-9,5.92253579512e-10,3.55993068357e-10,4.01672639594e-10,2.16730425273e-10,1.12259826435e-10,1.4834568296e-10,1.34561597975e-10,6.17550247051e-11,4.57784678221e-11,3.86904154548e-11,1.22449056103e-11,3.83838013457e-12,2.10609893241e-12,7.81711230035e-13,5.6045511114e-13,5.57233133334e-13,2.86648661621e-13,1.69668153225e-13,2.09494314257e-13,4.93644804667e-14],"max":[0.120941229165,0.0342324264348,0.0168075207621,0.022443599999,0.0161054208875,0.0177494846284,0.0143929673359,0.0100216325372,0.0173761639744,0.0134115982801,0.0127923721448,0.0163563042879,0.0097334580496,0.00391729688272,0.00337691535242,0.00247105490416,0.00359835638665,0.00146464176942,0.0017268366646,0.000665407453198,0.000599623192102,0.000473312567919,0.000477426801808,0.000293469085591,0.000245857314439,0.000223707014811,0.000230982390349,0.000118450683658,0.000106385290565,0.0000871289521456,0.000064302017563,0.000046328332246,0.0000306997280859,0.000027435242373,0.0000242080986936,0.0000374882329197,0.0000231391713896,0.0000223668248509,0.0000227637046919,0.0000077999138739],"mean":[0.00463842600584,0.00154665880837,0.0006910332595,0.000629444548395,0.000518113432918,0.00040501577314,0.000278006657027,0.000231056736084,0.000178901536856,0.000198361347429,0.000141527460073,0.000169334336533,0.0000988002939266,0.0000755335204303,0.0000608261798334,0.0000650809597573,0.0000381366116926,0.0000318764505209,0.00003233906682,0.0000163103941304,0.00000890206138138,0.00000821856247057,0.00000719249283065,0.0000058311761677,0.00000518754586665,0.00000614749887973,0.00000573039778828,0.00000454047676612,0.00000390543846152,0.00000307986920234,0.0000017415155753,0.00000103469949408,6.83336793372e-7,4.45070384103e-7,3.37452291888e-7,2.47123267627e-7,1.60596698606e-7,1.09477227284e-7,6.8357500993e-8,4.91558260762e-8],"median":[0.000826147443149,0.000613909214735,0.000270810211077,0.000221151596634,0.000216367043322,0.000149029307067,0.0000933251139941,0.0000743217678973,0.0000484886440972,0.0000571149394091,0.0000460940427729,0.0000463506039523,0.0000281703669316,0.0000218142922677,0.0000177334641194,0.0000160183535627,0.0000100260785985,0.00000866562459123,0.00000876566355146,0.00000515373221788,0.00000251484721048,0.00000194383255803,0.00000127058694943,0.0000010268151982,9.90963485492e-7,0.00000116894648272,0.00000115635543807,0.00000108533458842,9.41791256537e-7,6.19442005245e-7,4.14574941487e-7,2.33651547887e-7,1.48589450077e-7,1.00655341839e-7,7.65870922237e-8,5.21364142969e-8,2.86973289576e-8,1.68087002095e-8,9.51004963667e-9,6.07255445928e-9],"min":[1.38163850093e-24,2.07016724445e-24,2.2954570443e-24,1.63966908518e-24,2.12527765893e-24,1.26918499838e-24,1.70698515002e-24,2.78051735972e-24,1.77243476996e-24,2.53536404229e-24,2.23285521223e-24,1.60669864364e-24,2.89588057572e-24,2.73030320766e-24,1.73982562672e-24,3.0978477029e-24,2.45423679793e-24,2.44997063816e-24,2.92640278743e-24,1.92273170506e-24,2.21853896452e-24,3.41392375724e-24,3.23778551382e-24,4.52714178415e-24,4.31101795638e-24,4.13524909707e-24,3.23745202287e-24,4.88557848581e-24,5.38908907452e-24,6.04293643581e-24,5.94923869293e-24,5.96226002547e-24,5.10928129473e-24,5.65602422206e-24,6.67709304005e-24,5.81929949678e-24,6.53456007397e-24,5.27366531345e-24,6.38924124561e-24,7.26831510066e-24],"var":[0.0000746137011447,0.00000588090233578,0.0000012952441466,0.00000129535465021,8.28260112939e-7,6.14075815975e-7,3.45892033238e-7,2.44159309659e-7,3.18731565585e-7,3.19227467571e-7,1.26447744719e-7,2.04377599289e-7,6.10078885188e-8,2.42836417641e-8,1.58511834769e-8,1.72579142088e-8,7.44322159463e-9,5.19518339459e-9,5.78595038547e-9,1.07362296831e-9,4.27544361026e-10,3.75545095022e-10,3.77303938093e-10,2.23674481714e-10,1.40268199833e-10,1.91622759327e-10,1.7702993238e-10,7.82757053619e-11,6.32901508979e-11,4.57122430186e-11,1.40394440865e-11,5.18195642646e-12,2.55853693266e-12,1.09005176847e-12,6.84623744415e-13,5.42470094452e-13,2.71583157439e-13,2.00101003475e-13,1.23940124114e-13,3.49696569716e-14]},"melbands_crest":{"dmean":4.5137052536,"dmean2":7.37937307358,"dvar":16.0661144257,"dvar2":40.3780479431,"max":37.8046875,"mean":16.5036964417,"median":15.3008317947,"min":1.59059977531,"var":46.0462799072},"melbands_flatness_db":{"dmean":0.0318886600435,"dmean2":0.0498024858534,"dvar":0.000741491268855,"dvar2":0.00177768792491,"max":0.610975980759,"mean":0.263269305229,"median":0.256088793278,"min":0.00335871754214,"var":0.00537879625335},"melbands_kurtosis":{"dmean":5.85318374634,"dmean2":9.46133708954,"dvar":121.617736816,"dvar2":313.204071045,"max":473.075866699,"mean":9.79715061188,"median":6.106133461,"min":-1.6928126812,"var":218.051971436},"melbands_skewness":{"dmean":0.728511154652,"dmean2":1.14772951603,"dvar":0.541093587875,"dvar2":1.37201714516,"max":17.6816730499,"mean":2.34398770332,"median":2.12682771683,"min":-1.52894449234,"var":1.86638069153},"melbands_spread":{"dmean":4.75286817551,"dmean2":7.4304022789,"dvar":35.8140144348,"dvar2":76.8525009155,"max":170.923355103,"mean":16.3289546967,"median":13.067609787,"min":0.310782521963,"var":224.544052124},"mfcc":{"cov":[[17713.9746094,-135.560791016,-2023.26220703,1334.11706543,-529.037109375,706.582702637,243.614532471,177.505508423,9.06214523315,295.287139893,-77.4643096924,228.830688477,152.009918213],[-135.560791016,1234.87023926,131.133865356,-237.484130859,67.0271759033,15.7432136536,20.2362804413,-51.5331382751,39.5568389893,31.0004825592,8.03814601898,-24.4969329834,45.8412742615],[-2023.26220703,131.133865356,635.106445312,-221.80480957,91.8106689453,-96.9749069214,-47.9140548706,21.3759059906,23.8463096619,-41.562461853,33.6763114929,-9.20145320892,-15.5962696075],[1334.11706543,-237.484130859,-221.80480957,467.625366211,-73.5207824707,54.7658576965,31.5024299622,33.5962524414,-9.57021617889,26.5865211487,-11.3980350494,35.0132102966,-3.10644507408],[-529.037109375,67.0271759033,91.8106689453,-73.5207824707,234.32749939,-14.584227562,43.8376426697,25.9332542419,8.53572845459,-41.2292098999,51.9938316345,15.1127796173,17.315656662],[706.582702637,15.7432136536,-96.9749069214,54.7658576965,-14.584227562,161.089157104,40.9909248352,17.585811615,-5.7076883316,11.088675499,-14.5587596893,7.562541008,7.54324674606],[243.614532471,20.2362804413,-47.9140548706,31.5024299622,43.8376426697,40.9909248352,129.619033813,35.8507080078,17.6018695831,-2.24127221107,13.8679065704,10.1437301636,15.7200317383],[177.505508423,-51.5331382751,21.3759059906,33.5962524414,25.9332542419,17.585811615,35.8507080078,118.392997742,23.2670383453,-19.7783508301,13.7187919617,21.977306366,1.79062783718],[9.06214523315,39.5568389893,23.8463096619,-9.57021617889,8.53572845459,-5.7076883316,17.6018695831,23.2670383453,80.4845123291,28.5040168762,8.85404014587,3.00178766251,5.46410322189],[295.287139893,31.0004825592,-41.562461853,26.5865211487,-41.2292098999,11.088675499,-2.24127221107,-19.7783508301,28.5040168762,97.685798645,11.2575063705,-5.59876728058,10.3637533188],[-77.4643096924,8.03814601898,33.6763114929,-11.3980350494,51.9938316345,-14.5587596893,13.8679065704,13.7187919617,8.85404014587,11.2575063705,80.6068191528,33.1989402771,9.77495861053],[228.830688477,-24.4969329834,-9.20145320892,35.0132102966,15.1127796173,7.562541008,10.1437301636,21.977306366,3.00178766251,-5.59876728058,33.1989402771,72.2090911865,21.7856063843],[152.009918213,45.8412742615,-15.5962696075,-3.10644507408,17.315656662,7.54324674606,15.7200317383,1.79062783718,5.46410322189,10.3637533188,9.77495861053,21.7856063843,61.0879707336]],"icov":[[0.000121422250231,-0.0000556760023755,0.000281014828943,-0.00015660963254,0.000123293604702,-0.000257865031017,0.0000437916169176,-0.00019576100749,-0.0000067093897087,-0.000145060883369,0.00000655453823128,-0.000220362882828,-0.00010247156024],[-0.0000556760023755,0.00100968999323,-0.000258935673628,0.000487258192152,-0.000199368121685,-0.000186677920283,-0.00020278392185,0.000553290825337,-0.000383243401302,-0.000161940333783,0.0000610906572547,0.000330676644808,-0.00061089504743],[0.000281014828943,-0.000258935673628,0.00289241480641,0.000406409148127,-0.000146196704009,0.000192556573893,0.000927809567656,-0.00117020821199,-0.000577533908654,0.000231220765272,-0.000538660853636,-0.000371021713363,0.00029831044958],[-0.00015660963254,0.000487258192152,0.000406409148127,0.00331221683882,0.000280489854049,0.000151168744196,-0.000577687576879,-0.000556650338694,0.000536663865205,-0.000832946563605,0.000654785952065,-0.00135660287924,0.000835388607811],[0.000123293604702,-0.000199368121685,-0.000146196704009,0.000280489854049,0.00674204435199,-0.000276140723145,-0.00168661342468,-0.000220201996854,-0.000753430766053,0.00334815424867,-0.00449712574482,0.00122036680114,-0.00183298299089],[-0.000257865031017,-0.000186677920283,0.000192556573893,0.000151168744196,-0.000276140723145,0.00844252482057,-0.00225389469415,-0.00093516591005,0.00168033526279,-0.00129088689573,0.00225891382433,-0.000880330044311,0.000502985145431],[0.0000437916169176,-0.00020278392185,0.000927809567656,-0.000577687576879,-0.00168661342468,-0.00225389469415,0.010590672493,-0.00218377634883,-0.00198145629838,0.000839160114992,-0.001387281809,0.00130385230295,-0.00186237168964],[-0.00019576100749,0.000553290825337,-0.00117020821199,-0.000556650338694,-0.000220201996854,-0.00093516591005,-0.00218377634883,0.0120229525492,-0.00417460827157,0.00365210953169,-0.0010232074419,-0.00153236894403,0.000596317520831],[-0.0000067093897087,-0.000383243401302,-0.000577533908654,0.000536663865205,-0.000753430766053,0.00168033526279,-0.00198145629838,-0.00417460827157,0.016953503713,-0.00691702729091,0.00167579192203,-0.00110630062409,0.00060591311194],[-0.000145060883369,-0.000161940333783,0.000231220765272,-0.000832946563605,0.00334815424867,-0.00129088689573,0.000839160114992,0.00365210953169,-0.00691702729091,0.0167874284089,-0.00660209357738,0.00471382960677,-0.0034674606286],[0.00000655453823128,0.0000610906572547,-0.000538660853636,0.000654785952065,-0.00449712574482,0.00225891382433,-0.001387281809,-0.0010232074419,0.00167579192203,-0.00660209357738,0.0210826378316,-0.0101878428832,0.00244630430825],[-0.000220362882828,0.000330676644808,-0.000371021713363,-0.00135660287924,0.00122036680114,-0.000880330044311,0.00130385230295,-0.00153236894403,-0.00110630062409,0.00471382960677,-0.0101878428832,0.0227730870247,-0.00758338300511],[-0.00010247156024,-0.00061089504743,0.00029831044958,0.000835388607811,-0.00183298299089,0.000502985145431,-0.00186237168964,0.000596317520831,0.00060591311194,-0.0034674606286,0.00244630430825,-0.00758338300511,0.0209681820124]],"mean":[-719.602355957,165.881408691,-1.32628524303,22.1620864868,-6.88393688202,15.2400512695,4.00215673447,0.701387345791,1.42808187008,6.34653759003,-2.75121665001,1.07993078232,0.517391145229]},"pitch_salience":{"dmean":0.0797062814236,"dmean2":0.130390018225,"dvar":0.00470661791041,"dvar2":0.0121834371239,"max":0.831308543682,"mean":0.553728401661,"median":0.569410026073,"min":0.0646131262183,"var":0.0138973621652},"silence_rate_20dB":{"dmean":0.000472515355796,"dmean2":0.00094510515919,"dvar":0.000472278450616,"dvar2":0.00125926360488,"max":1,"mean":0.999684989452,"median":1,"min":0,"var":0.000314882810926},"silence_rate_30dB":{"dmean":0.0590644180775,"dmean2":0.11813814193,"dvar":0.0555734485388,"dvar2":0.118672005832,"max":1,"mean":0.903063237667,"median":1,"min":0,"var":0.0875427648425},"silence_rate_60dB":{"dmean":0.016695542261,"dmean2":0.033393714577,"dvar":0.0164147801697,"dvar2":0.0370142273605,"max":1,"mean":0.217969924212,"median":0,"min":0,"var":0.170439317822},"spectral_centroid":{"dmean":192.044265747,"dmean2":283.99118042,"dvar":68046.4921875,"dvar2":120800.78125,"max":11751.5683594,"mean":1007.62353516,"median":794.430908203,"min":217.138595581,"var":877559.9375},"spectral_complexity":{"dmean":2.80658364296,"dmean2":4.25927400589,"dvar":10.43791008,"dvar2":20.2452850342,"max":60,"mean":15.8321914673,"median":14,"min":0,"var":143.449066162},"spectral_contrast_coeffs":{"dmean":[0.0512107685208,0.0459017306566,0.0372926406562,0.0272251926363,0.0211526378989,0.031287882477],"dmean2":[0.0848803967237,0.0760346353054,0.062201872468,0.0451725497842,0.0343486815691,0.048423320055],"dvar":[0.00164412742015,0.00138116837479,0.000898392754607,0.000461185380118,0.000322453386616,0.000827160140034],"dvar2":[0.00455145677552,0.00377477193251,0.00242512277327,0.00124926876742,0.000811166770291,0.00189178623259],"max":[-0.338357716799,-0.5028834939,-0.544109463692,-0.575699687004,-0.643065929413,-0.50375521183],"mean":[-0.696668207645,-0.774137318134,-0.800895154476,-0.815497517586,-0.834713876247,-0.758060753345],"median":[-0.698805570602,-0.78037571907,-0.805909514427,-0.819226682186,-0.834316670895,-0.751003563404],"min":[-0.982635378838,-0.972386598587,-0.97808855772,-0.970175862312,-0.965896248817,-0.964870095253],"var":[0.00637279124931,0.00413753185421,0.00284671643749,0.0019689030014,0.00166879128665,0.00620782142505]},"spectral_contrast_valleys":{"dmean":[0.371373414993,0.335666418076,0.296090453863,0.271534442902,0.323177784681,0.501907408237],"dmean2":[0.612292289734,0.548136770725,0.47290584445,0.420841753483,0.469409823418,0.778895676136],"dvar":[0.101707711816,0.0813810527325,0.0695143193007,0.0661035180092,0.116571560502,0.201594725251],"dvar2":[0.250602036715,0.190935507417,0.150670439005,0.131838589907,0.237255930901,0.501990139484],"max":[-4.67167663574,-4.49412298203,-5.06221389771,-5.44277143478,-5.44421577454,-8.0992603302],"mean":[-7.36768722534,-6.88930273056,-7.38121604919,-8.0449962616,-8.45247554779,-11.6269836426],"median":[-6.99186897278,-6.50742530823,-6.97961616516,-7.58784532547,-7.94779062271,-11.2864570618],"min":[-28.118970871,-27.9767227173,-27.9676876068,-27.7773857117,-27.5311088562,-27.4218559265],"var":[4.29601383209,3.75463366508,3.95845270157,3.97483801842,4.48204088211,3.3564081192]},"spectral_decrease":{"dmean":3.98329236262e-9,"dmean2":6.16375217533e-9,"dvar":6.12170761839e-17,"dvar2":1.42500111425e-16,"max":8.23310841724e-9,"mean":-7.88160381404e-9,"median":-3.3254701215e-9,"min":-1.17917785758e-7,"var":1.33273659464e-16},"spectral_energy":{"dmean":0.015688771382,"dmean2":0.0238464698195,"dvar":0.000918162928429,"dvar2":0.00207289517857,"max":0.491174846888,"mean":0.0417482480407,"median":0.0220519118011,"min":9.96007448561e-21,"var":0.0027583045885},"spectral_energyband_high":{"dmean":0.00020028410654,"dmean2":0.000270868447842,"dvar":2.08268460256e-7,"dvar2":3.79658729344e-7,"max":0.0162665843964,"mean":0.00056255114032,"median":0.000176529210876,"min":7.20327133546e-21,"var":0.00000131677757054},"spectral_energyband_low":{"dmean":0.012261566706,"dmean2":0.0195621103048,"dvar":0.000682884652633,"dvar2":0.0016767870402,"max":0.424110859632,"mean":0.0199479889125,"median":0.00583069724962,"min":2.49826537331e-23,"var":0.00110119709279},"spectral_energyband_middle_high":{"dmean":0.00153254019096,"dmean2":0.0023337083403,"dvar":0.0000103552592918,"dvar2":0.0000245162391366,"max":0.105799533427,"mean":0.00447302637622,"median":0.00189593876712,"min":1.13278537772e-21,"var":0.0000448668652098},"spectral_energyband_middle_low":{"dmean":0.00386524456553,"dmean2":0.00611404003575,"dvar":0.0000399095733883,"dvar2":0.0000988061292446,"max":0.115271665156,"mean":0.0101880887523,"median":0.00594706088305,"min":1.4997993924e-22,"var":0.000157609480084},"spectral_entropy":{"dmean":0.181842327118,"dmean2":0.274471312761,"dvar":0.0305698849261,"dvar2":0.0696047469974,"max":9.81787776947,"mean":7.34823894501,"median":7.41936063766,"min":5.54894161224,"var":0.247392475605},"spectral_flux":{"dmean":0.0242109391838,"dmean2":0.0388100445271,"dvar":0.00113952637184,"dvar2":0.00277595617808,"max":0.48651984334,"mean":0.0946754813194,"median":0.0811250284314,"min":6.36345628968e-11,"var":0.00558551773429},"spectral_kurtosis":{"dmean":5.82329940796,"dmean2":9.08390712738,"dvar":98.8443222046,"dvar2":260.559448242,"max":192.372238159,"mean":20.3964176178,"median":15.5296707153,"min":-1.27836084366,"var":243.961868286},"spectral_rms":{"dmean":0.000924609077629,"dmean2":0.0013829577947,"dvar":0.00000162020683092,"dvar2":0.0000035323969314,"max":0.0218905229121,"mean":0.00519396550953,"median":0.004638325423,"min":3.11723368472e-12,"var":0.0000137528577397},"spectral_rolloff":{"dmean":4211.72509766,"dmean2":8080.42529297,"dvar":56658180,"dvar2":135947776,"max":22050,"mean":11607.4716797,"median":18303.2226562,"min":43.06640625,"var":101125992},"spectral_skewness":{"dmean":0.440222144127,"dmean2":0.666759729385,"dvar":0.323432594538,"dvar2":0.808292031288,"max":11.2233476639,"mean":3.04326462746,"median":2.79381370544,"min":-0.0873099565506,"var":1.60696876049},"spectral_spread":{"dmean":463971.125,"dmean2":718927.625,"dvar":333580599296,"dvar2":675308306432,"max":42610196,"mean":3977764.25,"median":3821003,"min":895633.375,"var":7980300369920},"spectral_strongpeak":{"dmean":2.42573857307,"dmean2":4.48708486557,"dvar":108.232162476,"dvar2":294.399169922,"max":190.541900635,"mean":2.12989020348,"median":0.187541604042,"min":0,"var":97.1213760376},"zerocrossingrate":{"dmean":0.0375156365335,"dmean2":0.0468579269946,"dvar":0.000990104745142,"dvar2":0.00151688547339,"max":0.70068359375,"mean":0.262932389975,"median":0.25146484375,"min":0.00439453125,"var":0.0114491432905}},"metadata":{"audio_properties":{"analysis_sample_rate":44100,"bit_rate":254294,"codec":"mp3","downmix":"mix","equal_loudness":0,"length":294.845153809,"lossless":false,"md5_encoded":"f7c18c254f5984f664a01a96e4fb539e","replay_gain":-9.37155914307,"sample_rate":44100},"tags":{"album":["Battle Born"],"albumartist":["The Killers"],"albumartistsort":["Killers, The"],"artist":["The Killers"],"artistsort":["Killers, The"],"asin":["B008I3R2VG"],"barcode":["0602537118755"],"catalognumber":["B0017295-02"],"composer":[""],"contentgroup":[""],"date":["2012"],"discnumber":["1/1"],"encoding":["LAME 32bits version 3.99.5 (http://lame.sf.net)"],"file_name":"07 Miss Atomic Bomb.mp3","genre":["Rock"],"isrc":["USUM71208806"],"label":["Island Records"],"length":["294840"],"media":["CD"],"musicbrainz album release country":["US"],"musicbrainz album status":["official"],"musicbrainz album type":["album"],"musicbrainz_albumartistid":["95e1ead9-4d31-4808-a7ac-32c3614c116b"],"musicbrainz_albumid":["cf4dd58f-2e1f-4b7b-b2ed-9e890a71b786"],"musicbrainz_artistid":["95e1ead9-4d31-4808-a7ac-32c3614c116b"],"musicbrainz_recordingid":["d0c6f299-f195-44bf-bca6-204142cbddf0"],"musicbrainz_releasegroupid":["d3e8791c-702d-4faf-8916-07ff38ba54a4"],"originaldate":["2012"],"script":["Latn"],"title":["Miss Atomic Bomb"],"tracknumber":["7/15"]},"version":{"essentia":"2.1-beta1","essentia_build_sha":"9f04d4dd351e2d05498f0c7e4880499648f24ac0","essentia_git_sha":"v2.1_beta1-34-gf95df8b","extractor":"music 1.0"}},"rhythm":{"beats_count":651,"beats_loudness":{"dmean":0.0271046888083,"dmean2":0.0452601648867,"dvar":0.00137494178489,"dvar2":0.0035658904817,"max":0.405778408051,"mean":0.0665816813707,"median":0.0416163280606,"min":0,"var":0.00514730578288},"beats_loudness_band_ratio":{"dmean":[0.156778201461,0.100805193186,0.0805803760886,0.0555156581104,0.0180730689317,0.0713476240635],"dmean2":[0.263380110264,0.173173218966,0.139776974916,0.0985618978739,0.0304000768811,0.12033004