{"lowlevel":{"average_loudness":0.8001562953,"barkbands":{"dmean":[0.00909621827304,0.0141025641933,0.00349451648071,0.00089696131181,0.00147474021651,0.000538423075341,0.000858768238686,0.000360620761057,0.000432731787441,0.000401599565521,0.00036579312291,0.000610023271292,0.000435232999735,0.000321274477756,0.000234021485085,0.00028125703102,0.00025030906545,0.000236727966694,0.000140517047839,0.00012073518883,0.0000977787276497,0.0000750071121729,0.0000438275164925,0.00000776487286203,0.00000193945061255,0.0000150940213643,0.00029632661608],"dmean2":[0.0135388830677,0.0219818446785,0.00544221745804,0.0015267994022,0.00255078519695,0.000897858524695,0.00137053022627,0.000600148108788,0.000691909110174,0.000652569986414,0.000610527116805,0.000994141446427,0.000708810519427,0.000524742412381,0.00037339841947,0.0004673016374,0.000394717761083,0.000372634152882,0.000205906995689,0.000168640981428,0.000132218090585,0.000103506652522,0.0000617081605014,0.0000115820221254,0.0000032074583487,0.0000208640522033,0.000437636394054],"dvar":[0.000572656455915,0.0011352080619,0.00008836689085,0.00000605267632636,0.0000254992028204,0.00000223552456191,0.0000682056634105,0.0000039322808334,0.00000302202101921,0.00000253093003266,0.00000143642705552,0.0000030497244552,0.00000135065852191,5.72039141389e-7,2.84545052409e-7,4.82424866277e-7,4.01140084705e-7,3.20892979744e-7,1.09676882687e-7,7.75229693772e-8,4.93164229454e-8,3.09739647264e-8,1.22499175248e-8,4.27423457738e-10,2.67699352269e-11,1.47011358642e-9,3.24038580857e-7],"dvar2":[0.0011501875706,0.00258037843741,0.000190365404706,0.00001651851926,0.0000682849349687,0.00000631581042398,0.000182565650903,0.000011070108485,0.00000752739970267,0.00000634137222733,0.00000373266993847,0.00000772105158831,0.0000034057686662,0.0000014357163991,7.03639898347e-7,0.00000126025429381,9.71257577476e-7,7.78556795922e-7,2.30913329347e-7,1.56304025722e-7,9.33454629148e-8,6.02749068435e-8,2.33693029372e-8,8.9394153191e-10,6.1378249705e-11,2.64291077912e-9,7.41858343645e-7],"max":[0.464391469955,0.407598346472,0.110061459243,0.0448955222964,0.0868646800518,0.0470011755824,0.476722896099,0.0703896805644,0.0701727718115,0.0750354081392,0.0207426231354,0.0356793440878,0.0230546314269,0.0162935461849,0.0119068212807,0.010517552495,0.00858032051474,0.00655067386106,0.00463138846681,0.0071242172271,0.00397783098742,0.00276856939308,0.00158556795213,0.000308220827719,0.000139425741509,0.000633525720332,0.0123681658879],"mean":[0.0101171247661,0.0151810636744,0.00341988471337,0.000882984255441,0.00139553076588,0.000612836854998,0.00106600415893,0.000386684434488,0.000514196290169,0.000415977759985,0.000358194840373,0.000594143988565,0.000419265852543,0.000325037923176,0.000267504918156,0.000296378042549,0.000293070159387,0.000296687183436,0.000196318374947,0.000177195703145,0.000143553101225,0.0000965299332165,0.0000497031687701,0.00000850215201353,0.00000185389183116,0.0000183102165465,0.000413730827859],"median":[0.00186734634917,0.00337842409499,0.000528384465724,0.000254205660895,0.000350835325662,0.000180691538844,0.0000872772943694,0.0000584026711294,0.0000838554697111,0.000066458931542,0.0000394531016354,0.000101459459984,0.0000759335816838,0.0000655287440168,0.0000698908988852,0.0000578571780352,0.000049746959121,0.0000555125370738,0.000039598751755,0.0000315316028718,0.0000231813537539,0.00000896409437701,0.00000232852517001,7.7881247762e-7,3.37389963079e-7,0.0000015047519355,0.000150940657477],"min":[7.16140945965e-25,2.56999878311e-24,1.87452993717e-24,5.01737150509e-24,1.19186501369e-23,5.99095957406e-24,1.88446343146e-23,1.32361504006e-23,2.46376249058e-23,2.25683291554e-23,2.54713246648e-23,4.17194517089e-23,6.45317818532e-23,5.42110010342e-23,5.48032273148e-23,6.10762113678e-23,1.19458153511e-22,1.27111833474e-22,1.43755662615e-22,2.41595733039e-22,3.44129450119e-22,3.97751367695e-22,4.08586605731e-22,6.30974421387e-22,9.1732280156e-22,1.40606305214e-21,2.13847029419e-21],"var":[0.000744103977922,0.00131979677826,0.000100197692518,0.00000476605555377,0.0000197544250113,0.00000228631233767,0.0000914020929486,0.00000486712315251,0.00000575899775868,0.00000322015398524,0.00000127464136312,0.00000287523948828,0.00000127227644953,5.77919252009e-7,3.33847680167e-7,4.57717021618e-7,4.8065254532e-7,4.05230167644e-7,1.76860126544e-7,1.48287369939e-7,9.74397948994e-8,5.45457368162e-8,1.89586657484e-8,5.72871583504e-10,3.03493861986e-11,2.46004061566e-9,4.81456709167e-7]},"barkbands_crest":{"dmean":3.62428998947,"dmean2":5.86543464661,"dvar":9.65307426453,"dvar2":23.9337768555,"max":26.1699848175,"mean":12.1062030792,"median":11.7798938751,"min":2.15521621704,"var":27.0281047821},"barkbands_flatness_db":{"dmean":0.0414017252624,"dmean2":0.0615916736424,"dvar":0.00144499039743,"dvar2":0.00302248355001,"max":0.527329146862,"mean":0.160143435001,"median":0.147337645292,"min":0.0288067050278,"var":0.0048776967451},"barkbands_kurtosis":{"dmean":16.0305423737,"dmean2":25.0787582397,"dvar":1012.74029541,"dvar2":2425.07641602,"max":665.920043945,"mean":20.0335121155,"median":5.79211902618,"min":-1.76146018505,"var":1497.4810791},"barkbands_skewness":{"dmean":1.33625710011,"dmean2":1.99509775639,"dvar":2.27756929398,"dvar2":4.89097309113,"max":20.348072052,"mean":3.05019283295,"median":2.36128592491,"min":-2.03373408318,"var":6.46487283707},"barkbands_spread":{"dmean":11.4819526672,"dmean2":17.5997447968,"dvar":138.101974487,"dvar2":298.556030273,"max":122.679489136,"mean":28.2942066193,"median":24.8385009766,"min":0.306768715382,"var":435.093109131},"dissonance":{"dmean":0.0158356633037,"dmean2":0.0266031865031,"dvar":0.000310228118906,"dvar2":0.000807317788713,"max":0.500000178814,"mean":0.476981371641,"median":0.484458625317,"min":0.274452030659,"var":0.000553505669814},"dynamic_complexity":6.00974035263,"erbbands":{"dmean":[0.835327625275,1.85358858109,4.00455665588,3.08858633041,3.74729943275,5.40196084976,4.94067192078,4.88979053497,8.93882751465,14.0124778748,6.97318887711,8.99921894073,11.2360038757,13.7968549728,17.7685070038,23.0458621979,20.342420578,17.1530399323,13.9475069046,12.1870002747,15.5781326294,13.9839315414,12.7765207291,8.9149017334,6.55653095245,6.0163974762,5.05588674545,3.04927492142,2.83694505692,1.98754537106,1.1094878912,0.358156472445,0.0451771430671,0.0223341677338,0.0136888483539,0.00883842352778,0.0326702930033,0.0390121154487,0.017868347466,0.00595545396209],"dmean2":[1.34215319157,2.91077613831,6.21321153641,5.01180648804,6.50524282455,9.31824874878,8.39635753632,8.0487575531,14.0295610428,22.8174858093,11.2502737045,14.3906917572,18.0820770264,22.8522377014,29.2811050415,37.2995605469,32.839138031,27.7485351562,22.1785526276,19.5582065582,25.5667591095,21.8731040955,20.3233375549,13.3223133087,9.38691139221,8.44930934906,6.95452260971,4.15053319931,3.93851995468,2.82080173492,1.56034040451,0.510936081409,0.0693305879831,0.0367021523416,0.0225672610104,0.0138816088438,0.0451064184308,0.0517585016787,0.0226708948612,0.00881365686655],"dvar":[4.62898206711,17.0401077271,109.310325623,63.4539871216,138.885238647,348.586791992,265.1277771,197.713317871,6542.07080078,12852.6044922,769.063903809,1273.82751465,3681.23144531,1953.24194336,3262.56225586,4049.35058594,2781.48193359,1661.54016113,1036.89733887,640.628845215,1533.06652832,1250.89416504,1038.40429688,445.496917725,228.21711731,204.70223999,139.581634521,47.7624931335,46.0857048035,24.8821392059,7.91359806061,0.897921264172,0.0106441769749,0.00347692216747,0.00132215174381,0.000436995585915,0.0072859483771,0.00885294657201,0.00148898200132,0.00012370661716],"dvar2":[10.93562603,38.9711341858,237.007995605,159.355178833,380.967346191,934.139465332,702.490600586,538.926208496,16412.1230469,36179.7421875,2026.65722656,3146.1159668,8399.98535156,5134.88671875,8272.33105469,10136.6445312,6904.69726562,4109.25976562,2534.86254883,1570.53430176,3958.96826172,2980.26245117,2607.30078125,957.154174805,465.920928955,422.481628418,271.092193604,93.3341598511,90.6318435669,50.2070426941,14.9961929321,1.72435569763,0.022287286818,0.00794333964586,0.00302824401297,0.000964035978541,0.0130281290039,0.015156631358,0.00248789833859,0.000280280743027],"max":[25.3573532104,41.310962677,132.985946655,122.604568481,169.569900513,380.383544922,550.801940918,546.260742188,4063.69506836,6322.06542969,913.395812988,1144.20251465,2985.13598633,895.020141602,1068.2253418,1149.46520996,950.556518555,663.324279785,793.590759277,372.028900146,555.409729004,580.767089844,364.833312988,322.251556396,232.602035522,465.972869873,199.201400757,142.349609375,121.820899963,88.0860290527,41.9591255188,13.0792331696,2.34292864799,1.57993161678,0.980735361576,0.541937828064,1.43126809597,1.78762829304,0.725548803806,0.199959173799],"mean":[0.835123598576,1.96623599529,3.96482777596,3.29703092575,3.54087877274,4.87583208084,5.15117120743,5.70546245575,11.530122757,15.9918775558,8.21612358093,10.5187559128,13.3809232712,14.4596405029,17.6162452698,22.809513092,20.2469444275,17.2474689484,15.543510437,14.1243581772,16.5757598877,17.0639686584,15.5425567627,12.4825210571,9.44636917114,8.72541332245,7.29545879364,4.4834151268,3.67517137527,2.30325269699,1.24628508091,0.406012922525,0.0494648329914,0.0217910036445,0.013250650838,0.00960960518569,0.0396625809371,0.052856117487,0.0299449171871,0.00885882414877],"median":[0.156760439277,0.448024749756,0.664995670319,0.929475545883,0.88128477335,1.12388539314,1.33962488174,1.46396839619,1.13572621346,1.51297903061,1.46004104614,1.70210766792,2.16295289993,2.27691650391,2.516705513,4.13757514954,4.00190114975,3.21472740173,3.98401069641,3.56287264824,3.24680304527,3.07289171219,2.94965982437,2.43666267395,1.91346907616,1.51830768585,1.20682239532,0.698785007,0.363967776299,0.131095916033,0.0590183958411,0.0249684043229,0.00888976640999,0.00425975397229,0.00255032721907,0.00214194552973,0.00296213710681,0.00482726562768,0.0070207673125,0.00343725690618],"min":[2.13664755849e-22,5.12217003552e-22,1.86621417572e-21,9.18310228221e-21,2.58172633454e-20,2.76947274601e-20,2.49736764455e-20,7.50106895756e-20,2.44000573868e-19,3.24786392911e-19,3.97092602549e-19,6.91362674152e-19,7.56407349536e-19,6.92030519099e-19,1.26554497818e-18,2.08346034069e-18,3.11989862306e-18,2.88236543836e-18,2.74966416141e-18,4.08373236794e-18,4.71119394391e-18,7.02818805103e-18,6.56720608592e-18,6.90784692039e-18,7.64230099986e-18,9.3472583815e-18,1.35735590503e-17,1.02982315358e-17,1.37836116407e-17,1.26575830806e-17,1.15237666149e-17,1.30624706196e-17,9.09177868623e-18,9.99507480438e-18,6.99857002202e-18,3.40256733148e-18,2.63524295561e-18,1.09742723952e-18,2.56370413694e-19,3.04524506872e-20],"var":[4.92107868195,19.1137599945,121.734176636,62.4806632996,101.951400757,269.708221436,233.930297852,257.119476318,11095.0615234,14298.4697266,1448.88134766,2581.25976562,5671.96240234,1842.00976562,2927.88842773,3925.33618164,2728.39697266,1687.83166504,1241.96142578,775.988708496,1460.48852539,1554.22644043,1173.93859863,711.511169434,388.721191406,377.522918701,257.812835693,94.2915115356,78.7743530273,38.7378883362,11.995223999,1.34291613102,0.0146475834772,0.00397692853585,0.0015088574728,0.000558495579753,0.0121903428808,0.0174900256097,0.00359320314601,0.000211125472561]},"erbbands_crest":{"dmean":2.53575277328,"dmean2":4.18709182739,"dvar":5.99883365631,"dvar2":14.9845581055,"max":29.8301277161,"mean":7.19376468658,"median":6.31061077118,"min":2.13594651222,"var":11.6404943466},"erbbands_flatness_db":{"dmean":0.0253749042749,"dmean2":0.0388802103698,"dvar":0.000502240785863,"dvar2":0.00112549168989,"max":0.326703429222,"mean":0.134089797735,"median":0.129559576511,"min":0.0381442718208,"var":0.0016956301406},"erbbands_kurtosis":{"dmean":1.26021265984,"dmean2":2.0282356739,"dvar":3.19426560402,"dvar2":7.69997596741,"max":41.35679245,"mean":0.780353069305,"median":0.163968205452,"min":-1.70105326176,"var":5.12617301941},"erbbands_skewness":{"dmean":0.466526061296,"dmean2":0.710331916809,"dvar":0.182080596685,"dvar2":0.41594222188,"max":4.58957529068,"mean":-0.251562774181,"median":-0.303794682026,"min":-4.80276918411,"var":0.632336735725},"erbbands_spread":{"dmean":10.1098890305,"dmean2":15.6141252518,"dvar":92.0622558594,"dvar2":211.190429688,"max":116.791816711,"mean":35.3799171448,"median":33.6644363403,"min":1.57457816601,"var":272.48425293},"gfcc":{"cov":[[17346.9921875,977.221984863,-889.529052734,389.464691162,-32.4650192261,-585.383911133,486.876983643,-224.568893433,65.8419189453,-178.186172485,-91.3032150269,127.158805847,-165.131347656],[977.221984863,1480.40234375,143.666152954,-455.645202637,125.383392334,-27.2205657959,-72.4414672852,18.909488678,-56.641204834,14.4105701447,71.8932342529,-162.12902832,198.044967651],[-889.529052734,143.666152954,687.673828125,121.597961426,-165.29675293,213.210021973,-200.098449707,199.257629395,-24.876335144,82.8797988892,42.258266449,17.5741920471,31.0307312012],[389.464691162,-455.645202637,121.597961426,551.99017334,37.6178283691,-2.58626055717,100.65423584,13.6390457153,36.708480835,6.56662321091,-22.4345378876,135.398956299,-99.3737564087],[-32.4650192261,125.383392334,-165.29675293,37.6178283691,276.066345215,15.779583931,92.8687667847,-58.7413749695,7.67378473282,-11.924498558,3.89528203011,-9.72570705414,39.639377594],[-585.383911133,-27.2205657959,213.210021973,-2.58626055717,15.779583931,342.070007324,-93.5684280396,107.299621582,-40.8828010559,43.8339881897,12.7929649353,-6.58856058121,26.8685874939],[486.876983643,-72.4414672852,-200.098449707,100.65423584,92.8687667847,-93.5684280396,235.979629517,-70.5720596313,56.8092803955,-22.7874202728,-16.1790122986,34.046546936,-42.8223457336],[-224.568893433,18.909488678,199.257629395,13.6390457153,-58.7413749695,107.299621582,-70.5720596313,187.854705811,-4.45509672165,57.9255752563,24.7842845917,-10.7081518173,46.2646903992],[65.8419189453,-56.641204834,-24.876335144,36.708480835,7.67378473282,-40.8828010559,56.8092803955,-4.45509672165,115.546897888,20.5305156708,3.67525649071,23.1102218628,-36.6885375977],[-178.186172485,14.4105701447,82.8797988892,6.56662321091,-11.924498558,43.8339881897,-22.7874202728,57.9255752563,20.5305156708,94.7707824707,37.409614563,-7.34296894073,32.7665023804],[-91.3032150269,71.8932342529,42.258266449,-22.4345378876,3.89528203011,12.7929649353,-16.1790122986,24.7842845917,3.67525649071,37.409614563,61.800743103,19.2794189453,35.1006698608],[127.158805847,-162.12902832,17.5741920471,135.398956299,-9.72570705414,-6.58856058121,34.046546936,-10.7081518173,23.1102218628,-7.34296894073,19.2794189453,104.956306458,-18.6425571442],[-165.131347656,198.044967651,31.0307312012,-99.3737564087,39.639377594,26.8685874939,-42.8223457336,46.2646903992,-36.6885375977,32.7665023804,35.1006698608,-18.6425571442,130.047164917]],"icov":[[0.000101808735053,-0.000293512595817,0.000429489387898,-0.000382703176001,0.00040450875531,-0.000105620609247,0.000040837276174,-0.000113646114187,-0.0000225727508223,-0.0000186140023288,0.000130989545141,-0.000156131602125,0.0000743243872421],[-0.000293512595817,0.00251628295518,-0.002773467917,0.0024593770504,-0.0024970266968,0.00118826853577,-0.000924878637306,0.000665100931656,0.000227726661251,0.00100018444937,-0.00172592280433,0.00187942374032,-0.00114163954277],[0.000429489387898,-0.002773467917,0.00686236843467,-0.00482552917674,0.0049503413029,-0.00279304757714,0.00280440459028,-0.00181332998909,-0.00130024657119,-0.000232087564655,-0.000509104749653,-0.000197244473384,-0.000118320785987],[-0.000382703176001,0.0024593770504,-0.00482552917674,0.00839349627495,-0.00607989542186,0.00299467542209,-0.00209256215021,-0.00134882319253,0.00329176778905,-0.00369048072025,0.00450258841738,-0.00668322714046,0.00404439726844],[0.00040450875531,-0.0024970266968,0.0049503413029,-0.00607989542186,0.010755774565,-0.00423361267895,-0.000756579451263,0.00237336615101,-0.00316122733057,0.00294443476014,-0.00307956710458,0.00443423027173,-0.00517486128956],[-0.000105620609247,0.00118826853577,-0.00279304757714,0.00299467542209,-0.00423361267895,0.00594719639048,0.000298214668874,-0.00231842859648,0.00291556958109,-0.00251299655065,0.00224713748321,-0.0025751455687,0.00247582467273],[0.000040837276174,-0.000924878637306,0.00280440459028,-0.00209256215021,-0.000756579451263,0.000298214668874,0.00853598210961,-0.000312272080919,-0.0025206184946,-0.000484070449602,0.00106449949089,-0.00156484858599,0.00118221959565],[-0.000113646114187,0.000665100931656,-0.00181332998909,-0.00134882319253,0.00237336615101,-0.00231842859648,-0.000312272080919,0.0110519668087,-0.00239973445423,-0.000468747050036,-0.00232678325847,0.00448982883245,-0.00532144587487],[-0.0000225727508223,0.000227726661251,-0.00130024657119,0.00329176778905,-0.00316122733057,0.00291556958109,-0.0025206184946,-0.00239973445423,0.0145347267389,-0.0074040805921,0.00326487608254,-0.00625749723986,0.0070228362456],[-0.0000186140023288,0.00100018444937,-0.000232087564655,-0.00369048072025,0.00294443476014,-0.00251299655065,-0.000484070449602,-0.000468747050036,-0.0074040805921,0.0234875250608,-0.0154259651899,0.0114766694605,-0.00688027730212],[0.000130989545141,-0.00172592280433,-0.000509104749653,0.00450258841738,-0.00307956710458,0.00224713748321,0.00106449949089,-0.00232678325847,0.00326487608254,-0.0154259651899,0.0354756861925,-0.0174584295601,0.000739370880183],[-0.000156131602125,0.00187942374032,-0.000197244473384,-0.00668322714046,0.00443423027173,-0.0025751455687,-0.00156484858599,0.00448982883245,-0.00625749723986,0.0114766694605,-0.0174584295601,0.0266015063971,-0.00718374829739],[0.0000743243872421,-0.00114163954277,-0.000118320785987,0.00404439726844,-0.00517486128956,0.00247582467273,0.00118221959565,-0.00532144587487,0.0070228362456,-0.00688027730212,0.000739370880183,-0.00718374829739,0.0184748284519]],"mean":[-71.9000930786,86.7595443726,-95.005355835,16.3713779449,-2.19031000137,-13.7498111725,8.24419879913,-17.5552330017,1.43652367592,-5.52798938751,-3.73999786377,1.00746428967,-7.05537080765]},"hfc":{"dmean":21.7447681427,"dmean2":30.4378604889,"dvar":1956.83544922,"dvar2":4180.89355469,"max":1331.95605469,"mean":36.0295410156,"median":14.5068950653,"min":1.09593563021e-16,"var":5788.47949219},"melbands":{"dmean":[0.00570754846558,0.00205717375502,0.000566512870137,0.000313811033266,0.000199361500563,0.000108258369437,0.000149809595314,0.000137587965582,0.0000565688496863,0.0000598876322329,0.000056886990933,0.000056461958593,0.0000547880517843,0.0000679916047375,0.0000553752252017,0.0000408785963373,0.0000318470192724,0.0000238324682869,0.0000164317752933,0.0000182251824299,0.000018743061446,0.0000150350660988,0.0000133956245918,0.0000107694477265,0.00000716164277037,0.00000563750836591,0.00000424734480475,0.00000399097007175,0.00000356121745426,0.00000208416190617,0.00000178765378678,0.00000173984574303,0.00000134130380047,0.00000102245019207,6.88028649165e-7,4.5179555741e-7,1.19514282915e-7,2.81525984747e-8,2.07449044609e-8,1.79145285273e-8],"dmean2":[0.00880492478609,0.00311902561225,0.000909464550205,0.00054598209681,0.000339831720339,0.000177575158887,0.000235063722357,0.00022379848815,0.0000921723112697,0.0000958881355473,0.0000917290963116,0.0000939774254221,0.000090748158982,0.000111787383503,0.0000900850936887,0.0000667748245178,0.0000519707355124,0.0000383983388019,0.0000261312725343,0.0000302921707771,0.0000310360301228,0.0000237071126321,0.0000214451865759,0.0000169651630131,0.000010837246009,0.00000832009664009,0.00000618419744569,0.00000572828639633,0.00000501320164403,0.00000291719993584,0.00000251137521445,0.00000243681756729,0.00000194972903955,0.0000014782128801,9.86954205473e-7,6.42023678665e-7,1.7764865845e-7,4.49351276188e-8,3.42220722871e-8,2.96419475632e-8],"dvar":[0.000196087275981,0.0000211081023735,0.00000220185006583,0.00000104171169824,4.78845322505e-7,1.18492074819e-7,0.00000204550246963,0.00000113403405066,4.95452425753e-8,5.73267087134e-8,9.21678093846e-8,3.30441949359e-8,3.15290193953e-8,4.26957740274e-8,2.11667359196e-8,1.21620340465e-8,5.940197223e-9,3.15300074938e-9,1.3042849023e-9,1.85501836114e-9,2.27742646963e-9,1.44156131476e-9,1.1912577591e-9,6.31527274919e-10,3.0684316199e-10,1.7834632382e-10,9.95084431521e-11,9.30929777709e-11,7.4384214066e-11,2.07879911202e-11,1.82770257262e-11,1.75207955783e-11,1.14161536127e-11,7.01841709749e-12,3.17037390264e-12,1.44084126141e-12,1.06420853575e-13,4.72578570108e-15,3.02270144678e-15,2.29023944652e-15],"dvar2":[0.000433478766354,0.000045521876018,0.00000548802154299,0.00000281357347376,0.00000127103112391,3.20996520031e-7,0.00000532005424247,0.00000321362131217,1.33134889779e-7,1.41017935107e-7,2.09005236229e-7,8.77189734183e-8,8.07727786878e-8,1.09253768699e-7,5.32214734505e-8,3.06182457166e-8,1.49358712065e-8,7.85409248749e-9,3.16804560363e-9,4.85401407957e-9,5.90889248642e-9,3.46343487223e-9,2.9957021308e-9,1.53271495495e-9,6.80233924744e-10,3.85836251837e-10,2.14087733652e-10,1.96262034402e-10,1.49733586641e-10,3.99729277456e-11,3.85119922064e-11,3.5108103924e-11,2.40662628714e-11,1.44557508325e-11,6.22304638376e-12,2.7680498952e-12,2.21417624361e-13,1.04192845215e-14,6.9141207313e-15,5.25043579103e-15],"max":[0.16883200407,0.0529007650912,0.0231975968927,0.0179581977427,0.0200553312898,0.0158642251045,0.078001357615,0.0574727393687,0.00625751633197,0.008610076271,0.0148982731625,0.00382550782524,0.0033209240064,0.00395835144445,0.00355589529499,0.00191828084644,0.00150150980335,0.00135938171297,0.000584886001889,0.000680211582221,0.000615732918959,0.000603319203947,0.000437795912148,0.000317355064908,0.000278465187876,0.000204876851058,0.000158427108545,0.000331036280841,0.00015360537509,0.0000686986895744,0.000102084472019,0.0000732142507331,0.0000504620074935,0.0000512601254741,0.0000273437071883,0.0000153286546265,0.00000531959585715,0.0000016666999727,0.00000146014974689,0.00000128794317789],"mean":[0.00628074212,0.00219516037032,0.000613501761109,0.00029137902311,0.000201560076675,0.000125476319226,0.000190289021702,0.00015580058971,0.0000645474283374,0.0000698160292814,0.0000669321307214,0.0000579091138206,0.0000544478243683,0.0000643820603727,0.0000552554520254,0.0000389160013583,0.0000312603260681,0.0000258258660324,0.0000188269805221,0.0000197640110855,0.0000190729278984,0.0000177813053597,0.0000153178662003,0.0000134226402224,0.00000971404824668,0.00000752246842239,0.0000060486881921,0.00000558520878258,0.00000494518053529,0.00000307469372274,0.00000249370168603,0.00000224139034799,0.00000155862483098,0.00000114767590276,7.56196925522e-7,5.03621322423e-7,1.31497884581e-7,2.8803890828e-8,1.99701251091e-8,1.70719722803e-8],"median":[0.00142876675818,0.000492250430398,0.000172854342964,0.0000750000326661,0.0000510841564392,0.0000326098670484,0.0000181142131623,0.000015611120034,0.0000110840546768,0.0000108467284008,0.0000105181443359,0.00000898615508049,0.00000686744442646,0.00000976648789219,0.0000108517033368,0.00000666262531013,0.00000557092516829,0.00000612721396465,0.0000050327421377,0.00000412145755035,0.00000349723813997,0.00000310888503918,0.0000025320914574,0.00000253152120422,0.00000180858000931,0.00000148836920744,0.00000107899677459,9.29285931761e-7,8.02631689112e-7,5.31506316293e-7,3.52737089315e-7,2.2912239217e-7,9.92687319012e-8,5.67765532367e-8,3.52533398029e-8,2.18466951196e-8,1.06401767397e-8,5.07998176857e-9,3.66806740537e-9,3.07015479706e-9],"min":[1.56551014502e-24,1.4043305779e-24,2.19398428834e-24,2.894096764e-24,8.34219125372e-25,2.12824732581e-24,4.3218360004e-24,3.48723891205e-24,2.77691857628e-24,3.89765799749e-24,3.21074020654e-24,2.51332188809e-24,3.67856055853e-24,4.30584855087e-24,8.0170837281e-24,4.43732957566e-24,3.62657501931e-24,2.96197410337e-24,4.14436280711e-24,3.47576611348e-24,4.32159776441e-24,7.28723198517e-24,5.33149591755e-24,5.78980083209e-24,5.48972327134e-24,4.6051526335e-24,5.92420971413e-24,5.63712272034e-24,7.97667985025e-24,7.30802162546e-24,5.73590427732e-24,7.51300555396e-24,6.8561329111e-24,5.57004706086e-24,6.22873368938e-24,7.40440465086e-24,7.54228807077e-24,5.96507783662e-24,6.41232134354e-24,8.02984513096e-24],"var":[0.000240449226112,0.000024815879442,0.00000218813420361,7.83422933637e-7,4.02340077699e-7,1.42190600627e-7,0.00000307903678731,0.00000128163469526,8.72824372777e-8,1.11489292465e-7,1.40204150512e-7,3.01139664316e-8,2.83897669817e-8,3.87311906991e-8,2.08954720193e-8,1.11595150898e-8,5.80390757676e-9,3.68843600107e-9,1.50574752666e-9,1.87417037445e-9,2.08999684226e-9,1.76043601918e-9,1.29236132906e-9,8.18166867589e-10,4.62623134245e-10,2.68322669639e-10,1.70614342099e-10,1.63837915457e-10,1.25558258235e-10,4.26468513282e-11,3.19250841041e-11,2.93912776062e-11,1.70755579815e-11,1.03074970434e-11,4.53359572106e-12,2.13811390468e-12,1.43424402671e-13,5.87508913182e-15,3.4354392144e-15,2.59133996575e-15]},"melbands_crest":{"dmean":6.01240158081,"dmean2":9.46312522888,"dvar":25.2113056183,"dvar2":55.8799285889,"max":39.1226577759,"mean":21.2359523773,"median":20.5378341675,"min":1.8648750782,"var":79.3112411499},"melbands_flatness_db":{"dmean":0.0495385713875,"dmean2":0.074084572494,"dvar":0.00183391093742,"dvar2":0.00390572287142,"max":0.661922872066,"mean":0.26021233201,"median":0.251285016537,"min":0.00517485430464,"var":0.007693069987},"melbands_kurtosis":{"dmean":30.3671970367,"dmean2":49.0805091858,"dvar":4511.33056641,"dvar2":11384.1923828,"max":1341.3137207,"mean":36.2304000854,"median":11.731004715,"min":-1.79384970665,"var":5258.13134766},"melbands_skewness":{"dmean":1.83141720295,"dmean2":2.78290963173,"dvar":4.83007621765,"dvar2":10.9550390244,"max":30.3902893066,"mean":4.09630870819,"median":3.19679450989,"min":-3.44066476822,"var":11.4345932007},"melbands_spread":{"dmean":9.82306289673,"dmean2":15.279343605,"dvar":150.49105835,"dvar2":326.366821289,"max":154.544525146,"mean":21.1742191315,"median":15.1511993408,"min":0.0799249485135,"var":443.67010498},"mfcc":{"cov":[[13734.5839844,995.055480957,-1233.00085449,1236.42736816,-897.971984863,417.444122314,-350.209472656,455.515472412,-250.078475952,36.9087753296,-113.759010315,13.5309209824,-32.4581260681],[995.055480957,1792.52954102,-43.1235389709,-288.427246094,107.322372437,-144.945419312,111.989006042,-219.992584229,93.0310211182,-71.9757080078,33.2686653137,-77.7862091064,-14.4229745865],[-1233.00085449,-43.1235389709,893.31640625,-141.826004028,190.840759277,-98.1851348877,2.14589476585,8.82903289795,-9.33652496338,62.0819892883,25.5280475616,46.2728347778,28.9445114136],[1236.42736816,-288.427246094,-141.826004028,624.34576416,-141.289367676,113.837608337,-65.6200485229,134.191757202,-38.6015167236,-0.0400685593486,-5.61950826645,40.6189727783,21.4171295166],[-897.971984863,107.322372437,190.840759277,-141.289367676,297.030944824,5.45585584641,93.6411590576,-40.0861816406,50.7781257629,-6.52080440521,6.58981609344,8.96455287933,14.2556724548],[417.444122314,-144.945419312,-98.1851348877,113.837608337,5.45585584641,223.331100464,14.7209558487,87.4790802002,-25.1397075653,27.9290027618,-21.5269756317,15.1619758606,6.49754428864],[-350.209472656,111.989006042,2.14589476585,-65.6200485229,93.6411590576,14.7209558487,168.899627686,-30.6025848389,64.2386245728,-29.3861351013,17.1708889008,-10.1634473801,4.7557258606],[455.515472412,-219.992584229,8.82903289795,134.191757202,-40.0861816406,87.4790802002,-30.6025848389,168.53565979,-29.7506027222,33.8382873535,-24.4172115326,23.3360042572,12.6562690735],[-250.078475952,93.0310211182,-9.33652496338,-38.6015167236,50.7781257629,-25.1397075653,64.2386245728,-29.7506027222,105.994369507,9.10800457001,35.0304412842,-1.24104475975,2.52942657471],[36.9087753296,-71.9757080078,62.0819892883,-0.0400685593486,-6.52080440521,27.9290027618,-29.3861351013,33.8382873535,9.10800457001,83.5839614868,27.7451438904,21.5836315155,-3.52779603004],[-113.759010315,33.2686653137,25.5280475616,-5.61950826645,6.58981609344,-21.5269756317,17.1708889008,-24.4172115326,35.0304412842,27.7451438904,69.9927825928,20.6784820557,6.46033525467],[13.5309209824,-77.7862091064,46.2728347778,40.6189727783,8.96455287933,15.1619758606,-10.1634473801,23.3360042572,-1.24104475975,21.5836315155,20.6784820557,62.3976402283,26.2878170013],[-32.4581260681,-14.4229745865,28.9445114136,21.4171295166,14.2556724548,6.49754428864,4.7557258606,12.6562690735,2.52942657471,-3.52779603004,6.46033525467,26.2878170013,55.8685417175]],"icov":[[0.000153812899953,-0.000204129581107,0.000117265008157,-0.000200040769414,0.000273801881121,-0.0000996409726213,0.0000627122935839,-0.000311562791467,0.000167748410604,-0.00013784080511,0.00011756458116,-0.000166382742464,0.000107956395368],[-0.000204129581107,0.000988064217381,-0.000114842077892,0.000389154156437,-0.00044352398254,0.000230326360906,-0.000179727838258,0.000975177623332,-0.000456646375824,0.000391776877223,-0.000378250639187,0.000867239199579,-0.000391339912312],[0.000117265008157,-0.000114842077892,0.00185734510887,-0.000104597544123,-0.0011287345551,0.00139866338577,-0.000324673455907,-0.000725653429981,0.00148512539454,-0.00200862903148,0.000187412108062,-0.00055548409,-0.000520680157933],[-0.000200040769414,0.000389154156437,-0.000104597544123,0.00274779088795,0.000489520898554,-0.000927472254261,0.000831111625303,-0.00109318830073,-0.000815585488454,0.00234935758635,-0.00144971138798,-0.000773653096985,-0.000138131057611],[0.000273801881121,-0.00044352398254,-0.0011287345551,0.000489520898554,0.00628072954714,-0.00180639734026,-0.00161013426259,0.000525245268364,-0.00185012968723,0.000745151657611,0.00171961449087,-0.00181947101373,-0.000144684629049],[-0.0000996409726213,0.000230326360906,0.00139866338577,-0.000927472254261,-0.00180639734026,0.00820895377547,-0.00314697274007,-0.00197417824529,0.00312286498956,-0.00512342853472,0.00255717686377,-0.000330836628564,-0.000751111016143],[0.0000627122935839,-0.000179727838258,-0.000324673455907,0.000831111625303,-0.00161013426259,-0.00314697274007,0.0114007638767,-0.000910762057174,-0.0059161731042,0.00696214847267,-0.00374863715842,0.00118938763626,0.000433633947978],[-0.000311562791467,0.000975177623332,-0.000725653429981,-0.00109318830073,0.000525245268364,-0.00197417824529,-0.000910762057174,0.0118523649871,-0.000212383674807,-0.00446041347459,0.00526278978214,-0.000978686613962,-0.00206622551195],[0.000167748410604,-0.000456646375824,0.00148512539454,-0.000815585488454,-0.00185012968723,0.00312286498956,-0.0059161731042,-0.000212383674807,0.0171952135861,-0.00568099413067,-0.00435371138155,0.00172911398113,-0.00126397027634],[-0.00013784080511,0.000391776877223,-0.00200862903148,0.00234935758635,0.000745151657611,-0.00512342853472,0.00696214847267,-0.00446041347459,-0.00568099413067,0.0252315886319,-0.0111649902537,-0.00306876190007,0.00557004334405],[0.00011756458116,-0.000378250639187,0.000187412108062,-0.00144971138798,0.00171961449087,0.00255717686377,-0.00374863715842,0.00526278978214,-0.00435371138155,-0.0111649902537,0.0268642939627,-0.00779158808291,-0.00112816272303],[-0.000166382742464,0.000867239199579,-0.00055548409,-0.000773653096985,-0.00181947101373,-0.000330836628564,0.00118938763626,-0.000978686613962,0.00172911398113,-0.00306876190007,-0.00779158808291,0.0272039417177,-0.0108365593478],[0.000107956395368,-0.000391339912312,-0.000520680157933,-0.000138131057611,-0.000144684629049,-0.000751111016143,0.000433633947978,-0.00206622551195,-0.00126397027634,0.00557004334405,-0.00112816272303,-0.0108365593478,0.0243773199618]],"mean":[-730.347045898,143.821914673,-22.7665557861,44.6842803955,4.10618257523,25.0000286102,6.2513461113,10.7935390472,3.7227473259,4.60164546967,3.4679877758,5.21394252777,2.83180713654]},"pitch_salience":{"dmean":0.121216110885,"dmean2":0.189492851496,"dvar":0.0113007361069,"dvar2":0.0252054091543,"max":0.942802667618,"mean":0.46406891942,"median":0.491906702518,"min":0.0386791601777,"var":0.0332250781357},"silence_rate_20dB":{"dmean":0.00675071962178,"dmean2":0.0135027803481,"dvar":0.00670531392097,"dvar2":0.0188810210675,"max":1,"mean":0.996029376984,"median":1,"min":0,"var":0.00395468622446},"silence_rate_30dB":{"dmean":0.0833912417293,"dmean2":0.16679905355,"dvar":0.0764392018318,"dvar2":0.150102287531,"max":1,"mean":0.890510201454,"median":1,"min":0,"var":0.0974932014942},"silence_rate_60dB":{"dmean":0.058572422713,"dmean2":0.117156475782,"dvar":0.0551387891173,"dvar2":0.12169944495,"max":1,"mean":0.173813775182,"median":0,"min":0,"var":0.143604010344},"spectral_centroid":{"dmean":344.176696777,"dmean2":496.867340088,"dvar":121723.703125,"dvar2":219352.859375,"max":11664.1884766,"mean":1562.35205078,"median":1446.11938477,"min":121.184570312,"var":781820.6875},"spectral_complexity":{"dmean":5.5701379776,"dmean2":7.43526601791,"dvar":49.5559005737,"dvar2":68.6240005493,"max":63,"mean":13.6518764496,"median":9,"min":0,"var":178.398101807},"spectral_contrast_coeffs":{"dmean":[0.0540605336428,0.0473549440503,0.0395934395492,0.0299316477031,0.0229372866452,0.0535852797329],"dmean2":[0.0879259333014,0.0784044489264,0.0643718466163,0.0489535816014,0.0368660502136,0.0790900215507],"dvar":[0.00195356458426,0.00145476916805,0.000999918091111,0.000572541262954,0.000459397677332,0.00225831312127],"dvar2":[0.00500701274723,0.0039480291307,0.00260302517563,0.00148776255082,0.00114900537301,0.00461215339601],"max":[-0.394771665335,-0.387714087963,-0.588136970997,-0.66122084856,-0.661970734596,-0.405511856079],"mean":[-0.748183488846,-0.804729640484,-0.828432321548,-0.829824328423,-0.830721914768,-0.718544900417],"median":[-0.753202676773,-0.80935716629,-0.834326267242,-0.831668138504,-0.830516457558,-0.725049376488],"min":[-0.962794303894,-0.96990275383,-0.973647475243,-0.971219837666,-0.965337812901,-0.961377680302],"var":[0.00554223544896,0.00412861304358,0.00292629492469,0.00173724570777,0.0014960730914,0.00939597003162]},"spectral_contrast_valleys":{"dmean":[0.509240329266,0.539226591587,0.524872720242,0.517889559269,0.4480869174,0.716556429863],"dmean2":[0.765200972557,0.814187943935,0.746936738491,0.71236461401,0.565492331982,1.11535930634],"dvar":[0.205142334104,0.232525900006,0.229243859649,0.230654582381,0.225551664829,0.389649838209],"dvar2":[0.388406336308,0.48482260108,0.418488889933,0.414603859186,0.349260151386,0.936812400818],"max":[-4.61864995956,-4.03443098068,-4.56230258942,-5.08584403992,-5.28462076187,-8.57014846802],"mean":[-7.32692527771,-7.44991922379,-7.77407360077,-7.90812063217,-7.97555208206,-11.7457532883],"median":[-7.03017187119,-7.2303481102,-7.61422920227,-7.76049041748,-7.79944801331,-11.6203746796],"min":[-27.7954788208,-27.7583885193,-27.6072406769,-27.6834640503,-27.4043159485,-27.3441314697],"var":[2.44032144547,2.31235480309,2.19291138649,2.04539942741,2.24258732796,1.69705581665]},"spectral_decrease":{"dmean":6.98899382812e-9,"dmean2":9.9055910141e-9,"dvar":1.85983156578e-16,"dvar2":3.6191332909e-16,"max":1.95805333753e-11,"mean":-9.39282518431e-9,"median":-3.08877945443e-9,"min":-1.65393842622e-7,"var":3.09278807627e-16},"spectral_energy":{"dmean":0.0276299025863,"dmean2":0.038823094219,"dvar":0.00277327233925,"dvar2":0.00533494539559,"max":0.63773816824,"mean":0.0387185625732,"median":0.0143068619072,"min":9.81510381312e-21,"var":0.0048321550712},"spectral_energyband_high":{"dmean":0.000399023178034,"dmean2":0.00051044090651,"dvar":6.61767217025e-7,"dvar2":0.00000108283188638,"max":0.0116272671148,"mean":0.000631026457995,"median":0.000144625519169,"min":7.13904690012e-21,"var":0.00000152103018536},"spectral_energyband_low":{"dmean":0.0219326112419,"dmean2":0.0318910554051,"dvar":0.00216492731124,"dvar2":0.00438970047981,"max":0.561993718147,"mean":0.026526203379,"median":0.00708138896152,"min":2.5072012741e-23,"var":0.00316897477023},"spectral_energyband_middle_high":{"dmean":0.00277127162553,"dmean2":0.00420203944668,"dvar":0.00004019527114,"dvar2":0.0000907689536689,"max":0.0760133266449,"mean":0.00348828616552,"median":0.00102576659992,"min":1.37916625266e-21,"var":0.0000522644222656},"spectral_energyband_middle_low":{"dmean":0.00379672693089,"dmean2":0.0061749946326,"dvar":0.000153912522364,"dvar2":0.000396291346988,"max":0.537165462971,"mean":0.00497672148049,"median":0.00153965502977,"min":2.13142113411e-22,"var":0.000274959515082},"spectral_entropy":{"dmean":0.178323924541,"dmean2":0.26060628891,"dvar":0.0347729809582,"dvar2":0.0706166177988,"max":9.81021022797,"mean":7.67841959,"median":7.74149608612,"min":5.75335216522,"var":0.132734388113},"spectral_flux":{"dmean":0.0456394329667,"dmean2":0.0679942891002,"dvar":0.00350720295683,"dvar2":0.00774403708056,"max":0.574789166451,"mean":0.104200646281,"median":0.0724660977721,"min":6.37798355796e-11,"var":0.00872750207782},"spectral_kurtosis":{"dmean":4.80991172791,"dmean2":7.31212615967,"dvar":39.3181915283,"dvar2":91.7755508423,"max":97.8689880371,"mean":14.9731531143,"median":12.6581401825,"min":-1.27144551277,"var":81.4283218384},"spectral_rms":{"dmean":0.00175170833245,"dmean2":0.00230135512538,"dvar":0.00000502972670802,"dvar2":0.0000081753505583,"max":0.024943606928,"mean":0.0046994946897,"median":0.00373602937907,"min":3.09446457174e-12,"var":0.000015689050997},"spectral_rolloff":{"dmean":2331.0222168,"dmean2":4265.96923828,"dvar":26678900,"dvar2":62804380,"max":22050,"mean":4018.67529297,"median":1076.66015625,"min":21.533203125,"var":47827520},"spectral_skewness":{"dmean":0.428670018911,"dmean2":0.609614908695,"dvar":0.227001965046,"dvar2":0.479650914669,"max":8.04337120056,"mean":2.3840072155,"median":2.19612646103,"min":-0.0715083703399,"var":0.755711495876},"spectral_spread":{"dmean":548604.3125,"dmean2":859390.75,"dvar":480771342336,"dvar2":986420543488,"max":46946756,"mean":3958001.75,"median":3810694.25,"min":1487377.875,"var":2780140666880},"spectral_strongpeak":{"dmean":0.416887760162,"dmean2":0.747605979443,"dvar":7.10505342484,"dvar2":20.0986366272,"max":93.1327285767,"mean":0.368232667446,"median":0.105555377901,"min":0,"var":4.53072786331},"zerocrossingrate":{"dmean":0.0339648984373,"dmean2":0.0398714691401,"dvar":0.000934888958,"dvar2":0.00128397566732,"max":0.64306640625,"mean":0.143488958478,"median":0.123046875,"min":0.001953125,"var":0.00911866221577}},"metadata":{"audio_properties":{"analysis_sample_rate":44100,"bit_rate":320000,"codec":"mp3","downmix":"mix","equal_loudness":0,"length":233.874282837,"lossless":false,"md5_encoded":"97848e4ce3fde2069b491819a131cf90","replay_gain":1.34556770325,"sample_rate":44100},"tags":{"album":["Zenyattà Mondatta"],"artist":["The Police"],"date":["1980-10-03"],"file_name":"05 - The Police - Voices Inside My Head.mp3","musicbrainz_albumid":["cdc45f68-aae1-4cce-a30e-a5d3f23889d2"],"musicbrainz_artistid":["9e0e2b01-41db-4008-bd8b-988977d6019a"],"musicbrainz_recordingid":["d0cc590b-a478-45fd-ae4b-91c6861bdd10"],"title":["Voices Inside My Head"],"tracknumber":["05/11"]},"version":{"essentia":"2.1-beta1","essentia_build_sha":"ca57ba49d9b1854bd80e60cf9ccf267278fb7d6b","essentia_git_sha":"v2.1_beta1-28-g21ef5f4-dirty","extractor":"music 1.0"}},"rhythm":{"beats_count":423,"beats_loudness":{"dmean":0.13248334825,"dmean2":0.253830224276,"dvar":0.0114004723728,"dvar2":0.0372034199536,"max":0.600035250187,"mean":0.160214468837,"median":0.126754760742,"min":9.11972222184e-7,"var":0.014000441879},"beats_loudness_band_ratio":{"dmean":[0.275370687246,0.0413974374533,0.0508770123124,0.0703533291817,0.058927860111,0.0670608058572],"dmean2":[0.536693632603,0.0803675726056,0.101031266153,0.138017043471,0.114225797355,0.129818737507],"dvar":[0.0279393866658,0.00121884734835,0.0148630496114,0.00186269741971,0.0013823020272,0.0023447193671],"dvar2":[0.10000539571,0.00382372480817,0.0560713969171,0.00573730701581,0.00380889396183,0.00659152399749],"max":[0.994635939598,0.189874485135,0.714136958122,0.338318139315,0.465421915054,0.557554841042],"mean":[0.794517934322,0.0332774035633,0.0335525535047,0.0466273389757,0.041091889143,0.0533561147749],"median":[0.833718776703,0.0202062297612,0.0144523289055,0.03106347844,0.0240900311619,0.0388539209962],"min":[0.014883602