{"lowlevel":{"average_loudness":0.0638201758265,"barkbands":{"dmean":[0.0000129988175104,0.000101865356555,0.000491758226417,0.000595016113948,0.00223117298447,0.000662277860101,0.000460599985672,0.000218974164454,0.000321088125929,0.000240032430156,0.000292735174298,0.000135809517815,0.000139746320201,0.000168676197063,0.0000955213690759,0.0000285119713226,0.0000273335972452,0.0000479705086036,0.0000271548997262,0.0000549633150513,0.0000710958047421,0.0000743051132304,0.000046198045311,0.0000224428404181,0.00000789200021245,4.50893878678e-7,2.18849276479e-8],"dmean2":[0.000018543771148,0.000137457827805,0.000804900017101,0.000905176217202,0.00333244283684,0.000947513442952,0.000634118216112,0.000308956135996,0.00044454971794,0.000311583338771,0.00042431379552,0.000198293913854,0.000196090855752,0.00023641763255,0.000134059417178,0.0000430504078395,0.0000398084048356,0.0000668073407724,0.000040040435124,0.0000800529669505,0.000104520710011,0.000105534185423,0.0000655502008158,0.0000302202352032,0.0000110359396785,6.87420026679e-7,3.52299700523e-8],"dvar":[1.67832775455e-10,8.32653626048e-8,0.00000172809211563,0.00000248125252256,0.000031967418181,0.00000387463887819,0.00000386135161534,0.00000142377894008,0.00000329635463459,0.00000255352347267,0.00000450944844488,0.00000103424804365,0.0000013167916677,0.00000127209239054,4.36176577523e-7,6.0921500733e-8,3.69180419568e-8,7.31342524318e-8,4.77844430691e-8,2.44827987217e-7,2.44364542823e-7,3.09091859663e-7,1.49282328721e-7,5.23132150931e-8,2.19869313867e-8,2.96403214473e-11,4.76542938411e-15],"dvar2":[3.65211333397e-10,1.34357520665e-7,0.00000497386417919,0.00000591543948758,0.000071524445957,0.00000757860561862,0.00000719170520824,0.00000263240895038,0.00000661792591927,0.00000426425503974,0.00000762756008044,0.00000252842278314,0.000002351616331,0.00000241340762841,7.99204713076e-7,1.28542836819e-7,7.86815235188e-8,1.34727144996e-7,9.6432643204e-8,5.23661469742e-7,4.95235269682e-7,5.85067084558e-7,2.88540519477e-7,8.99829331047e-8,3.12145118642e-8,5.79195129358e-11,1.25420973181e-14],"max":[0.000230406309129,0.0113954646513,0.0326051935554,0.0384109802544,0.124025039375,0.0704358294606,0.0514713190496,0.0377655178308,0.0651208534837,0.0674377977848,0.132334947586,0.0539360679686,0.0468695648015,0.0450673401356,0.0261556860059,0.0158367343247,0.00988283753395,0.0140368938446,0.0106976851821,0.0255422648042,0.0157791264355,0.0246410481632,0.0144162904471,0.00947222672403,0.0103441113606,0.000333075062372,0.00000321364973388],"mean":[0.0000244455350185,0.000251172314165,0.00099245540332,0.00142675044481,0.00524330418557,0.00153112388216,0.0010064903181,0.000451628962765,0.00072226364864,0.000553861493245,0.000576854392421,0.000303617212921,0.000234923456446,0.000318570033414,0.000199091489776,0.0000448684695584,0.00004732843081,0.0000966930238064,0.0000453685570392,0.0000755908840802,0.0000933586852625,0.000098869066278,0.0000603615735599,0.0000282227138086,0.00000996328344627,6.95570349762e-7,1.25998383282e-7],"median":[0.0000183461907,0.0000349025649484,0.000320151506457,0.000337301637046,0.00119792786427,0.000345419131918,0.0000548877069377,0.0000110234632302,0.0000184049222298,0.00000872154123499,0.0000115134607768,0.0000120469831018,0.00000484888869323,0.00000484980864712,0.00000465345965495,0.00000381795143767,0.0000033976150462,0.00000421288814323,0.00000261296372628,0.00000477220100947,0.00000355501492777,0.00000235241304836,0.00000145076444369,7.27072745121e-7,2.85363768171e-7,1.66333933294e-7,1.1793927257e-7],"min":[1.5780748257e-25,1.50558245281e-24,3.42291282726e-25,4.90145214216e-25,4.06614488178e-24,9.93711358456e-24,2.91264308109e-24,4.97601704986e-24,1.07571542171e-23,1.53564507416e-23,1.42396303814e-23,1.43980052522e-23,1.95196310368e-23,3.07584282238e-23,4.48733302298e-23,4.20653798376e-23,7.05761918812e-23,8.24582609602e-23,1.10456834064e-22,1.57077705769e-22,2.23861836967e-22,2.91093031419e-22,3.32404780879e-22,5.66334325776e-22,7.01663780098e-22,1.17180705766e-21,1.9398118437e-21],"var":[4.88594997794e-10,4.57134035514e-7,0.00000436237905888,0.00000685124405209,0.0000944727071328,0.0000124509124362,0.0000135232949106,0.00000446321746495,0.00000996940798359,0.0000111249883048,0.0000242205915129,0.0000044702114792,0.0000033341652852,0.00000430726458944,0.00000205395213015,7.8618015209e-8,7.63266569948e-8,3.26297197262e-7,8.26955570687e-8,3.06575202558e-7,4.14558144257e-7,5.337998914e-7,2.33752444956e-7,8.4549888868e-8,3.96290751326e-8,5.04426153625e-11,5.8680418177e-15]},"barkbands_crest":{"dmean":2.36934685707,"dmean2":3.83358502388,"dvar":5.40944862366,"dvar2":13.8620405197,"max":26.1936283112,"mean":13.1274547577,"median":12.6543283463,"min":3.29469275475,"var":20.0063514709},"barkbands_flatness_db":{"dmean":0.0222004950047,"dmean2":0.0338202118874,"dvar":0.000582713983022,"dvar2":0.00126830779482,"max":0.445281773806,"mean":0.220782056451,"median":0.220791906118,"min":0.0448369905353,"var":0.00493623223156},"barkbands_kurtosis":{"dmean":9.14771556854,"dmean2":14.5802221298,"dvar":259.606018066,"dvar2":656.32635498,"max":333.994720459,"mean":23.5242919922,"median":14.7254085541,"min":-1.9417860508,"var":875.346313477},"barkbands_skewness":{"dmean":0.72408926487,"dmean2":1.09206819534,"dvar":0.746778488159,"dvar2":1.60753035545,"max":13.4927902222,"mean":2.83131885529,"median":2.89374351501,"min":-7.37193632126,"var":4.67282438278},"barkbands_spread":{"dmean":3.22966599464,"dmean2":4.99610567093,"dvar":53.9548912048,"dvar2":111.96282196,"max":127.715766907,"mean":10.1491241455,"median":5.35107088089,"min":0.257171183825,"var":175.681869507},"dissonance":{"dmean":0.0267319381237,"dmean2":0.0443677119911,"dvar":0.000744980527088,"dvar2":0.00186032929923,"max":0.5,"mean":0.420568615198,"median":0.426872462034,"min":0.00956592988223,"var":0.00268641579896},"dynamic_complexity":6.99711561203,"erbbands":{"dmean":[0.000837249855977,0.0379790216684,0.47122824192,1.17425394058,6.33098745346,7.13000631332,5.89724063873,4.96912336349,5.87837028503,5.93320894241,5.2289276123,7.90562868118,4.92836332321,9.24330043793,11.3318061829,5.84385442734,5.14287662506,8.94805717468,6.45000982285,2.09857821465,1.34528255463,1.52521574497,2.62879991531,1.29803621769,1.63958525658,2.67817974091,2.83216238022,2.79265236855,2.80004692078,1.93191623688,1.22005665302,0.658713400364,0.282513171434,0.131831094623,0.0320636257529,0.00499102985486,0.000498342036735,0.0000451295345556,0.00000637763014311,0.00000509691972184],"dmean2":[0.00126541790087,0.053575810045,0.750017523766,1.81328511238,9.45976829529,11.0926837921,8.73112487793,6.80433750153,8.23622322083,8.42848110199,7.49073696136,11.1411190033,6.48070859909,12.5054998398,15.6612167358,8.40855121613,7.19237089157,12.7036399841,8.65599822998,2.97514629364,2.01703238487,2.12707066536,3.80719351768,1.82096934319,2.32360577583,3.89505767822,3.92139220238,4.19870996475,4.03571557999,2.71908903122,1.78457164764,0.89832675457,0.387897223234,0.180810704827,0.0448258295655,0.00720184715465,0.000714607536793,0.0000692287212587,0.00000950729190663,0.00000727193219063],"dvar":[0.00000316717023452,0.0116213466972,1.65719354153,7.27964925766,391.858947754,340.811218262,255.35899353,321.573577881,560.146118164,861.691955566,864.780334473,2071.51977539,1145.93640137,3394.62011719,6785.90869141,2221.79785156,1492.66809082,4427.74169922,1740.93603516,141.858947754,166.557296753,108.536964417,238.060882568,58.4529190063,217.733016968,677.729797363,380.669006348,417.180450439,469.992462158,226.454803467,110.51914978,38.579788208,10.3380756378,5.46689653397,0.3534694314,0.00663951458409,0.0000317692611134,1.03540685359e-7,6.0733490459e-10,1.23209095704e-10],"dvar2":[0.00000595993469688,0.0212347507477,4.37928533554,17.5743789673,837.427429199,815.103149414,577.646484375,598.351013184,1002.89044189,1617.6628418,1501.50561523,4583.07958984,1670.9864502,5930.11474609,10929.1982422,5715.46826172,2540.86010742,8860.95898438,3133.72265625,276.688140869,339.62109375,233.238342285,479.985473633,107.208679199,409.850006104,1533.6607666,685.488769531,882.922546387,927.200073242,441.296051025,220.943435669,71.7476425171,16.2830429077,7.72380495071,0.524454176426,0.00968462601304,0.0000586119240324,2.23965983537e-7,1.10142706067e-9,2.20422680108e-10],"max":[0.0836005583405,4.08547019958,37.52576828,66.8778076172,509.091033936,598.070861816,488.482055664,730.721862793,606.975952148,1134.09118652,1133.34521484,1851.88562012,1327.74230957,3428.98242188,5294.49316406,2790.83398438,1645.79101562,2511.57836914,1655.97241211,519.260803223,837.328125,612.174560547,650.74230957,343.851654053,645.892211914,1436.49072266,817.459777832,505.797332764,992.158691406,542.162841797,355.526153564,231.543991089,148.472991943,159.260772705,42.0394134521,5.52032566071,0.341865986586,0.0133801419288,0.00112928345334,0.000322174484609],"mean":[0.00192562886514,0.0902420133352,0.971231162548,3.18520736694,12.4942092896,17.8750076294,14.1175174713,11.8796844482,13.8637113571,12.5411262512,11.9478883743,18.1427726746,12.1335306168,23.2643280029,23.1002883911,13.9122877121,10.8216428757,18.4057941437,14.4407167435,4.23702955246,2.26073765755,3.10504436493,5.42366886139,2.65353250504,2.6889770031,3.67636370659,3.94569659233,3.62369561195,3.65042972565,2.57984113693,1.5689496994,0.806651175022,0.370695710182,0.165081351995,0.040731292218,0.00686566904187,0.000861849053763,0.000138915856951,0.0000290769203275,0.000018421378627],"median":[0.000887855829205,0.0163659267128,0.309547036886,1.22460615635,2.6731300354,3.4037103653,3.48307013512,2.64998936653,1.24291837215,0.722332239151,0.496292114258,0.443592578173,0.383797705173,0.604971945286,0.645657658577,0.672256529331,0.328804254532,0.283140957355,0.374680995941,0.233113527298,0.192882925272,0.236437439919,0.254947125912,0.182093158364,0.167302563787,0.233568459749,0.193774923682,0.116487421095,0.0854886174202,0.0674773007631,0.0350093580782,0.0179664175957,0.0104642519727,0.00408505368978,0.00167403090745,0.000734834873583,0.000308862217935,0.000104330443719,0.0000224757732212,0.00000874138731888],"min":[6.02494977609e-23,4.21843003035e-22,1.88244032509e-21,5.30279156637e-21,1.3270451297e-20,1.55400240638e-20,5.24176340863e-20,7.13756249867e-20,7.55581409694e-20,1.21893231668e-19,1.344142646e-19,3.14980761286e-19,4.74878392607e-19,7.04812217322e-19,8.42178948022e-19,8.9558079779e-19,1.03449047883e-18,1.57491125105e-18,2.40014850615e-18,2.67980544996e-18,3.68338274173e-18,4.70430890608e-18,5.16776744994e-18,5.63500165971e-18,6.66728129156e-18,8.07444579446e-18,8.93058103717e-18,8.12512218751e-18,1.03368095852e-17,8.92372536426e-18,1.01083753872e-17,1.13730493442e-17,8.91598957117e-18,7.22164987988e-18,5.11636892822e-18,4.01371980089e-18,2.2565121083e-18,9.35271611918e-19,2.42536722678e-19,2.55616241464e-20],"var":[0.0000123435020214,0.0569485686719,4.93145465851,26.3112869263,819.973205566,1338.10864258,977.95916748,1038.95727539,1902.94494629,3285.44946289,3152.82128906,5572.9609375,4405.921875,22084.6933594,34664.3984375,10080.5390625,5116.19775391,14674.4814453,9104.37207031,458.181610107,222.475082397,287.526885986,1030.62121582,202.704910278,348.390228271,782.953369141,735.890991211,657.528747559,771.282592773,368.315002441,168.630477905,58.0452041626,18.4471321106,9.78591823578,0.622916698456,0.012308485806,0.0000537643718417,1.3609439975e-7,1.23228560689e-9,7.29658500287e-10]},"erbbands_crest":{"dmean":2.55510640144,"dmean2":4.08940982819,"dvar":6.91113948822,"dvar2":16.878911972,"max":31.3691864014,"mean":12.6334266663,"median":12.1361713409,"min":2.32488107681,"var":27.2667484283},"erbbands_flatness_db":{"dmean":0.0170699469745,"dmean2":0.0258111022413,"dvar":0.000378125085263,"dvar2":0.000803917529993,"max":0.390889972448,"mean":0.204042285681,"median":0.206473261118,"min":0.0255450308323,"var":0.00314445467666},"erbbands_kurtosis":{"dmean":3.04822444916,"dmean2":4.78555440903,"dvar":36.0746002197,"dvar2":85.4326171875,"max":163.390075684,"mean":5.717233181,"median":2.33645629883,"min":-1.88628351688,"var":105.245834351},"erbbands_skewness":{"dmean":0.494830071926,"dmean2":0.736298143864,"dvar":0.415573716164,"dvar2":0.819942414761,"max":10.9643211365,"mean":1.3564645052,"median":1.26093661785,"min":-6.05801296234,"var":2.67207241058},"erbbands_spread":{"dmean":7.13076925278,"dmean2":11.1216487885,"dvar":121.189758301,"dvar2":279.278289795,"max":148.074676514,"mean":29.3817615509,"median":23.8963546753,"min":1.65206837654,"var":450.162078857},"gfcc":{"cov":[[48888.9726562,5712.24121094,-6328.52929688,913.543151855,-3773.11889648,-388.1824646,-1617.86132812,-1104.88085938,-1092.52062988,-740.06451416,-549.244140625,-675.461486816,-311.121490479],[5712.24121094,1734.30187988,-405.691192627,-286.309692383,-260.532562256,-193.814804077,-186.573532104,-197.249145508,-169.979858398,-179.322692871,-63.6233863831,-109.534759521,-81.7426834106],[-6328.52929688,-405.691192627,1854.30383301,152.744812012,623.52923584,45.4632110596,112.282394409,124.523933411,63.9355964661,106.073562622,22.9495220184,99.8017120361,-35.5385551453],[913.543151855,-286.309692383,152.744812012,696.269836426,56.4669723511,7.91098880768,-91.0032272339,-27.4109153748,12.1991176605,47.8723678589,-30.5398750305,1.89125716686,-16.8995704651],[-3773.11889648,-260.532562256,623.52923584,56.4669723511,726.554748535,77.7778930664,47.7269096375,86.7156066895,35.5341644287,49.4064445496,16.9903278351,116.389335632,11.7038202286],[-388.1824646,-193.814804077,45.4632110596,7.91098880768,77.7778930664,228.231033325,84.3147506714,20.4951286316,2.3462228775,25.9626598358,-15.5491943359,-11.2550525665,-13.2599906921],[-1617.86132812,-186.573532104,112.282394409,-91.0032272339,47.7269096375,84.3147506714,269.666534424,62.5505142212,3.0414249897,19.175239563,28.1040649414,4.75622272491,-0.249149337411],[-1104.88085938,-197.249145508,124.523933411,-27.4109153748,86.7156066895,20.4951286316,62.5505142212,142.933486938,44.5077667236,14.8339824677,13.8759441376,24.9850616455,8.89551734924],[-1092.52062988,-169.979858398,63.9355964661,12.1991176605,35.5341644287,2.3462228775,3.0414249897,44.5077667236,189.766159058,46.6769866943,-11.3420505524,-52.4709014893,-12.8651285172],[-740.06451416,-179.322692871,106.073562622,47.8723678589,49.4064445496,25.9626598358,19.175239563,14.8339824677,46.6769866943,115.48928833,29.1607189178,-6.36311864853,8.20930099487],[-549.244140625,-63.6233863831,22.9495220184,-30.5398750305,16.9903278351,-15.5491943359,28.1040649414,13.8759441376,-11.3420505524,29.1607189178,101.376991272,48.390335083,11.0751504898],[-675.461486816,-109.534759521,99.8017120361,1.89125716686,116.389335632,-11.2550525665,4.75622272491,24.9850616455,-52.4709014893,-6.36311864853,48.390335083,160.876602173,42.1108779907],[-311.121490479,-81.7426834106,-35.5385551453,-16.8995704651,11.7038202286,-13.2599906921,-0.249149337411,8.89551734924,-12.8651285172,8.20930099487,11.0751504898,42.1108779907,114.834068298]],"icov":[[0.000620119681116,-0.00175583956297,0.00128196005244,-0.0016506658867,0.0018833046779,-0.00164704129566,0.0018107756041,-0.00125110906083,0.00175865064375,-0.000959503173362,0.00132643675897,-0.000755862507503,0.000717639515642],[-0.00175583956297,0.00610376847908,-0.00359894847497,0.00516903074458,-0.00544689269736,0.00538264401257,-0.00468953233212,0.00439592264593,-0.0041299876757,0.00357368146069,-0.00363428401761,0.00298294099048,-0.00140090321656],[0.00128196005244,-0.00359894847497,0.00348777091131,-0.00352323660627,0.00325402501039,-0.0031074245926,0.00346596026793,-0.00281405635178,0.0036890830379,-0.00250175991096,0.00298362737522,-0.00172976020258,0.00194602261763],[-0.0016506658867,0.00516903074458,-0.00352323660627,0.00626060226932,-0.00504847150296,0.00457687489688,-0.00403672782704,0.00391752179712,-0.00423250067979,0.00200831890106,-0.00277712428942,0.00206948351115,-0.00133970810566],[0.0018833046779,-0.00544689269736,0.00325402501039,-0.00504847150296,0.0080449860543,-0.00578388711438,0.00564256543294,-0.00431447802112,0.00479466142133,-0.00323474570177,0.00443189684302,-0.00393783627078,0.00213293870911],[-0.00164704129566,0.00538264401257,-0.0031074245926,0.00457687489688,-0.00578388711438,0.0104375015944,-0.00636492064223,0.00373425707221,-0.0034848281648,0.00151527137496,-0.00171106902417,0.00278956862167,-0.000783969997428],[0.0018107756041,-0.00468953233212,0.00346596026793,-0.00403672782704,0.00564256543294,-0.00636492064223,0.010595234111,-0.00517742848024,0.00596657255664,-0.00251473183744,0.00243562692776,-0.00119450117927,0.0022117246408],[-0.00125110906083,0.00439592264593,-0.00281405635178,0.00391752179712,-0.00431447802112,0.00373425707221,-0.00517742848024,0.0126193724573,-0.00556273525581,0.00310775451362,-0.00281967781484,0.000551458098926,-0.00144835957326],[0.00175865064375,-0.0041299876757,0.0036890830379,-0.00423250067979,0.00479466142133,-0.0034848281648,0.00596657255664,-0.00556273525581,0.0130992233753,-0.00489214528352,0.00454830657691,0.00128495984245,0.00280387699604],[-0.000959503173362,0.00357368146069,-0.00250175991096,0.00200831890106,-0.00323474570177,0.00151527137496,-0.00251473183744,0.00310775451362,-0.00489214528352,0.0147270541638,-0.00702812476084,0.00374516076408,-0.00257241236977],[0.00132643675897,-0.00363428401761,0.00298362737522,-0.00277712428942,0.00443189684302,-0.00171106902417,0.00243562692776,-0.00281967781484,0.00454830657691,-0.00702812476084,0.0172411892563,-0.00639446871355,0.00278991553932],[-0.000755862507503,0.00298294099048,-0.00172976020258,0.00206948351115,-0.00393783627078,0.00278956862167,-0.00119450117927,0.000551458098926,0.00128495984245,0.00374516076408,-0.00639446871355,0.0125447120517,-0.00358447735198],[0.000717639515642,-0.00140090321656,0.00194602261763,-0.00133970810566,0.00213293870911,-0.000783969997428,0.0022117246408,-0.00144835957326,0.00280387699604,-0.00257241236977,0.00278991553932,-0.00358447735198,0.0114129064605]],"mean":[-183.673431396,110.090194702,-83.141960144,28.5853939056,-58.5207290649,-4.55740594864,-36.7234115601,-18.421377182,-31.4870567322,-11.5914573669,-14.8452415466,-4.013194561,-9.92743682861]},"hfc":{"dmean":3.01179981232,"dmean2":4.08434915543,"dvar":132.393753052,"dvar2":220.201461792,"max":448.199645996,"mean":8.62381649017,"median":2.13098835945,"min":1.04111261384e-16,"var":505.094909668},"melbands":{"dmean":[0.0000157257127285,0.000175714551006,0.000331959483447,0.000527399533894,0.000218486966332,0.000113683352538,0.0000946710715652,0.0000601283900323,0.0000468636280857,0.0000472263745905,0.0000242572641582,0.0000374434202968,0.0000444800971309,0.0000179122853297,0.0000108709273263,0.0000154477165779,0.0000177366946446,0.0000112482848635,0.00000562379682378,0.00000211280166695,0.00000150637606566,0.00000135945447255,0.00000269591305369,0.00000228153839998,0.00000101087618987,0.00000107893424683,0.00000135639982091,0.00000205971014111,0.00000189664854133,0.00000162543722126,0.00000167341954693,0.00000161892319284,0.00000146075797147,0.00000101321234069,7.56441806971e-7,5.84809356496e-7,3.50666937265e-7,2.13863472709e-7,1.54116250428e-7,9.8827179329e-8],"dmean2":[0.0000215880154428,0.000276870268863,0.000498171721119,0.000799623376224,0.000327263551299,0.000156983398483,0.000131130524096,0.0000855172693264,0.0000668991851853,0.0000659759898554,0.0000317274971167,0.0000497268556501,0.0000614017699263,0.0000256798030023,0.0000160107119882,0.0000208762266993,0.0000256192161032,0.0000151642916535,0.00000773595456849,0.0000031837125789,0.00000235949255512,0.00000199238706955,0.00000379101606995,0.00000337630967806,0.00000144656769407,0.00000162006392657,0.00000192261131815,0.00000317171134157,0.00000273346790891,0.00000241857378569,0.00000257420651906,0.00000241388488575,0.0000021222945179,0.00000144054968132,0.00000113680482627,8.40454049467e-7,4.83051110223e-7,3.05631118636e-7,2.08976686622e-7,1.38896211865e-7],"dvar":[1.65330604762e-9,2.30607227536e-7,7.21381297808e-7,0.00000203327977033,2.95402827533e-7,1.4910075663e-7,1.47187321886e-7,8.32109350313e-8,6.88072674393e-8,7.10681860028e-8,3.05898915087e-8,6.08827903648e-8,1.06549912005e-7,1.38372930891e-8,6.5189085241e-9,1.6726316332e-8,1.83475545867e-8,6.03268812682e-9,1.44056067075e-9,2.87435741875e-10,1.68406011358e-10,8.46434519697e-11,3.4101230173e-10,1.85007800746e-10,4.30055713263e-11,9.941485829e-11,1.49319723253e-10,5.06790498456e-10,1.78685691243e-10,1.63995886315e-10,1.58378546389e-10,1.54229920502e-10,1.49199264055e-10,6.20984791366e-11,4.09328855533e-11,3.11146247656e-11,1.28118314568e-11,5.9403901069e-12,4.81421196311e-12,3.92770711788e-12],"dvar2":[2.69044231338e-9,5.94372465912e-7,0.00000155584234562,0.00000460463115814,6.44983742859e-7,2.76578390412e-7,2.67132918452e-7,1.58647040394e-7,1.1744371875e-7,1.51572351115e-7,4.39620322368e-8,1.03833876608e-7,1.7412234854e-7,3.08393239834e-8,1.47123175864e-8,2.96047897308e-8,3.72063446719e-8,1.14809557417e-8,2.69518030116e-9,6.6331662385e-10,3.26210336521e-10,1.79343234707e-10,6.23873341876e-10,3.73358316486e-10,8.18392159596e-11,1.98872168733e-10,2.68575273132e-10,1.24041421579e-9,3.52285589589e-10,3.35619698699e-10,3.48423734309e-10,3.26427967989e-10,2.89896828765e-10,1.22543350467e-10,8.55024245849e-11,6.44664183147e-11,2.41759112729e-11,9.56482115733e-12,7.96044133389e-12,5.90380825824e-12],"max":[0.00157889234833,0.0143228024244,0.0201334916055,0.031335696578,0.0153074953705,0.0157312098891,0.010044249706,0.010271451436,0.0101282270625,0.0101935137063,0.00639542145655,0.0135791907087,0.0220464579761,0.00545274931937,0.00455309310928,0.00550754135475,0.0055796415545,0.00291055324487,0.00126182148233,0.000955120252911,0.000793248938862,0.000543895293958,0.000997828668915,0.000562972563785,0.000286036200123,0.000459962320747,0.000524091243278,0.0011832092423,0.000563219655305,0.000503235671204,0.000315671641147,0.00048971385695,0.000570546428207,0.000278131337836,0.00019021537446,0.000208530560485,0.000155776069732,0.000108661137347,0.000129674488562,0.000137967872433],"mean":[0.0000394962335122,0.000367964763427,0.000790170044638,0.00118130317423,0.000554809113964,0.00026774907019,0.000219365902012,0.000123071178677,0.00010399792518,0.000107575418951,0.0000564294787182,0.0000910506714717,0.0000878172140801,0.0000383640654036,0.0000224616032938,0.0000289270337817,0.0000338182035193,0.0000229033103096,0.0000106415691334,0.00000324390975948,0.00000243929321186,0.00000251954452324,0.0000051231904763,0.00000440205076302,0.00000185272131148,0.00000177935589818,0.00000202100318347,0.00000259982402895,0.00000255522400039,0.00000210668554246,0.00000210588200389,0.00000207489074455,0.00000186333272723,0.00000129238719637,9.40950201311e-7,6.82837196564e-7,4.25738278409e-7,2.84503016701e-7,1.82585765174e-7,1.21575041589e-7],"median":[0.00000945609554037,0.000111734567326,0.000264831236564,0.00024167659285,0.000126788392663,0.0000552344972675,0.0000156259811774,0.00000602253112447,0.00000309248480335,0.00000251101164395,0.00000135007337576,0.00000179224480235,0.0000018404699631,0.00000165242329331,9.59376166065e-7,5.40641224234e-7,4.05958758165e-7,5.23939547747e-7,3.39907188618e-7,2.08596546258e-7,1.88279457802e-7,1.88311474858e-7,2.40591361944e-7,1.59992183058e-7,1.21531968489e-7,9.15015476721e-8,1.12544462638e-7,1.42097675848e-7,1.15147031465e-7,8.2494963749e-8,5.31518509206e-8,4.47894770161e-8,4.05437177164e-8,3.14955848069e-8,1.95083682542e-8,1.19467093995e-8,8.78001316096e-9,7.21933002268e-9,4.34129399096e-9,2.77735567877e-9],"min":[1.1111959792e-24,1.05908757489e-24,1.33207289114e-24,8.39898233637e-25,1.29246408648e-24,1.93004917882e-24,1.09170332484e-24,1.2712536875e-24,1.46529660828e-24,1.72402040405e-24,2.04331718025e-24,2.75578676756e-24,2.10946592817e-24,2.2747516149e-24,2.38531697887e-24,2.064426112e-24,2.45544316347e-24,3.24056861509e-24,3.45649542485e-24,2.54934916563e-24,3.7181448099e-24,3.25398496972e-24,3.46256058192e-24,3.69734333669e-24,3.49725586782e-24,3.56784274719e-24,4.16819508392e-24,4.04531382628e-24,5.19234992577e-24,4.34317271574e-24,4.49125334613e-24,5.39449553273e-24,4.68656031791e-24,5.01690844374e-24,4.39481904477e-24,5.89876382234e-24,5.21024720756e-24,5.5493938935e-24,5.53248742101e-24,4.90249955223e-24],"var":[9.15645337329e-9,7.24706126221e-7,0.00000189201875855,0.00000540851169717,0.00000131336150844,4.94652965699e-7,5.00770795497e-7,2.94983379945e-7,2.42055847366e-7,2.07835213928e-7,1.16880578105e-7,3.71594666149e-7,5.86529495195e-7,5.71617029266e-8,2.31149801522e-8,4.93456369099e-8,5.43518439144e-8,2.45378615205e-8,4.86022022628e-9,3.57296137121e-10,2.56939525212e-10,1.92401469756e-10,1.14441067733e-9,6.68170574425e-10,1.23696455856e-10,1.56575100108e-10,2.31519012295e-10,4.8933257446e-10,3.1555510982e-10,2.49334025648e-10,2.41925701694e-10,2.41646869181e-10,2.3050414355e-10,9.70645230858e-11,6.07223438198e-11,4.15100002982e-11,1.86519636541e-11,1.05955331314e-11,8.11757258634e-12,6.57652664965e-12]},"melbands_crest":{"dmean":2.92115974426,"dmean2":4.74187850952,"dvar":8.13904571533,"dvar2":21.83867836,"max":38.1731414795,"mean":17.4355869293,"median":17.2390403748,"min":1.49449253082,"var":40.4575080872},"melbands_flatness_db":{"dmean":0.0254259519279,"dmean2":0.0379776470363,"dvar":0.000856191443745,"dvar2":0.00174971634988,"max":0.579860150814,"mean":0.304225683212,"median":0.311004579067,"min":0.00239947554655,"var":0.0108152078465},"melbands_kurtosis":{"dmean":14.2413740158,"dmean2":22.7502422333,"dvar":589.632995605,"dvar2":1519.82995605,"max":501.238067627,"mean":36.4370536804,"median":23.4699306488,"min":-1.93678212166,"var":1935.79455566},"melbands_skewness":{"dmean":0.856092751026,"dmean2":1.30763995647,"dvar":1.07322478294,"dvar2":2.45269751549,"max":20.3247241974,"mean":3.55899262428,"median":3.35326337814,"min":-5.06847906113,"var":5.18501615524},"melbands_spread":{"dmean":4.63115310669,"dmean2":6.92489528656,"dvar":196.459152222,"dvar2":378.221252441,"max":219.605712891,"mean":16.0248889923,"median":5.13993501663,"min":0.381634384394,"var":1070.75061035},"mfcc":{"cov":[[16379.5371094,1972.82983398,-1528.38903809,-249.135162354,-1418.90148926,-121.718475342,-720.629882812,-332.41104126,-444.60244751,34.7387390137,-120.955383301,-268.014038086,-449.335571289],[1972.82983398,2367.60400391,168.165649414,-33.014541626,5.93306493759,-76.4353179932,1.06765222549,-48.9481391907,-153.514892578,-157.469116211,-109.331184387,-84.6617126465,-63.934337616],[-1528.38903809,168.165649414,945.764831543,289.718078613,176.091903687,80.4183349609,57.7591171265,-8.44664001465,24.4697418213,0.779992520809,-17.1890277863,38.5708694458,34.4128189087],[-249.135162354,-33.014541626,289.718078613,567.246582031,248.536819458,86.7762145996,16.0407924652,-7.77238512039,5.96482181549,-46.9078178406,-64.7111968994,44.5327796936,54.6764411926],[-1418.90148926,5.93306493759,176.091903687,248.536819458,552.424377441,100.110031128,43.826423645,22.4178752899,53.5339851379,-42.3888893127,-25.6177406311,37.3626823425,51.4519767761],[-121.718475342,-76.4353179932,80.4183349609,86.7762145996,100.110031128,226.95602417,68.3959579468,5.27793693542,24.6109580994,21.3110275269,11.9124708176,-0.617762386799,7.14146995544],[-720.629882812,1.06765222549,57.7591171265,16.0407924652,43.826423645,68.3959579468,253.632675171,64.0771331787,6.00875997543,-29.3539161682,-6.88476896286,3.95707821846,63.0146179199],[-332.41104126,-48.9481391907,-8.44664001465,-7.77238512039,22.4178752899,5.27793693542,64.0771331787,154.01739502,23.0844707489,-23.4658317566,10.0688829422,6.90450239182,16.5042705536],[-444.60244751,-153.514892578,24.4697418213,5.96482181549,53.5339851379,24.6109580994,6.00875997543,23.0844707489,130.636489868,56.015422821,3.87833809853,-6.84067440033,2.47540473938],[34.7387390137,-157.469116211,0.779992520809,-46.9078178406,-42.3888893127,21.3110275269,-29.3539161682,-23.4658317566,56.015422821,185.314682007,79.5905151367,-24.4063510895,-39.9799461365],[-120.955383301,-109.331184387,-17.1890277863,-64.7111968994,-25.6177406311,11.9124708176,-6.88476896286,10.0688829422,3.87833809853,79.5905151367,152.118026733,22.2678222656,-49.1804084778],[-268.014038086,-84.6617126465,38.5708694458,44.5327796936,37.3626823425,-0.617762386799,3.95707821846,6.90450239182,-6.84067440033,-24.4063510895,22.2678222656,107.073455811,23.9510154724],[-449.335571289,-63.934337616,34.4128189087,54.6764411926,51.4519767761,7.14146995544,63.0146179199,16.5042705536,2.47540473938,-39.9799461365,-49.1804084778,23.9510154724,132.458892822]],"icov":[[0.000169715945958,-0.000151833359268,0.000288826355245,-0.00025150727015,0.00043209164869,-0.000298781786114,0.000359772704542,0.0000162878932315,0.000272103177849,-0.000150616338942,0.000203653034987,0.0000285761270788,0.000226201213081],[-0.000151833359268,0.000673761009239,-0.000417041796027,0.000346376938978,-0.000505386095028,0.000426625018008,-0.000430218089605,0.0000930342212087,0.000291496427963,0.00044089340372,0.000100098986877,0.000393166788854,0.000235602885368],[0.000288826355245,-0.000417041796027,0.00183404784184,-0.00105450407136,0.000660166959278,-0.000629781396128,0.000349595822627,0.000167700418388,0.000198769179406,-0.000537956482731,0.000283769215457,-0.00032853972516,0.000326266745105],[-0.00025150727015,0.000346376938978,-0.00105450407136,0.00313856895082,-0.0015455695102,-0.000168963320903,-0.000189603655599,0.00000549205788047,0.000161264819326,0.000140838863445,0.000879978586454,-0.000763980380725,-0.000504227064084],[0.00043209164869,-0.000505386095028,0.000660166959278,-0.0015455695102,0.00371162476949,-0.00149255210999,0.0010006185621,-9.42534313708e-7,-0.000669354049023,0.000456467649201,0.00000560875514566,-0.000202574854484,0.0000401286197302],[-0.000298781786114,0.000426625018008,-0.000629781396128,-0.000168963320903,-0.00149255210999,0.0061720632948,-0.00234408816323,0.000488048011903,-0.000742234638892,-0.000317639147397,-0.000737770227715,0.0004676800163,0.000286583643174],[0.000359772704542,-0.000430218089605,0.000349595822627,-0.000189603655599,0.0010006185621,-0.00234408816323,0.00639404775575,-0.0019015801372,0.000683172838762,0.000329795613652,-0.000311728945235,0.000718476076145,-0.00222585047595],[0.0000162878932315,0.0000930342212087,0.000167700418388,0.00000549205788047,-9.42534313708e-7,0.000488048011903,-0.0019015801372,0.00809831172228,-0.00215699872933,0.00215553399175,-0.00170538423117,0.000328417721903,-0.000077689277532],[0.000272103177849,0.000291496427963,0.000198769179406,0.000161264819326,-0.000669354049023,-0.000742234638892,0.000683172838762,-0.00215699872933,0.0115152141079,-0.0045978249982,0.0029627464246,0.0000354270268872,0.000679982127622],[-0.000150616338942,0.00044089340372,-0.000537956482731,0.000140838863445,0.000456467649201,-0.000317639147397,0.000329795613652,0.00215553399175,-0.0045978249982,0.0105307940394,-0.00576476892456,0.00315568479709,-0.000248724099947],[0.000203653034987,0.000100098986877,0.000283769215457,0.000879978586454,0.00000560875514566,-0.000737770227715,-0.000311728945235,-0.00170538423117,0.0029627464246,-0.00576476892456,0.0123445764184,-0.00441497843713,0.0042869457975],[0.0000285761270788,0.000393166788854,-0.00032853972516,-0.000763980380725,-0.000202574854484,0.0004676800163,0.000718476076145,0.000328417721903,0.0000354270268872,0.00315568479709,-0.00441497843713,0.0123984022066,-0.00257110223174],[0.000226201213081,0.000235602885368,0.000326266745105,-0.000504227064084,0.0000401286197302,0.000286583643174,-0.00222585047595,-0.000077689277532,0.000679982127622,-0.000248724099947,0.0042869457975,-0.00257110223174,0.0115602957085]],"mean":[-811.218505859,140.157196045,24.6806049347,32.4638977051,-2.17031335831,9.77559280396,-3.83104395866,-5.45909452438,-13.8771362305,-12.4680051804,-12.5949869156,-6.63449335098,-6.68120241165]},"pitch_salience":{"dmean":0.0659941807389,"dmean2":0.106965482235,"dvar":0.00412233546376,"dvar2":0.0102782929316,"max":0.972859203815,"mean":0.511283934116,"median":0.505850493908,"min":0.0934188738465,"var":0.0177027732134},"silence_rate_20dB":{"dmean":0,"dmean2":0,"dvar":0,"dvar2":0,"max":1,"mean":1,"median":1,"min":1,"var":0},"silence_rate_30dB":{"dmean":0.00697593297809,"dmean2":0.0139542995021,"dvar":0.00692747207358,"dvar2":0.0162019580603,"max":1,"mean":0.987619876862,"median":1,"min":0,"var":0.012226767838},"silence_rate_60dB":{"dmean":0.0418555997312,"dmean2":0.0837257951498,"dvar":0.0401057712734,"dvar2":0.085441686213,"max":1,"mean":0.354838699102,"median":0,"min":0,"var":0.228930190206},"spectral_centroid":{"dmean":159.955764771,"dmean2":237.59928894,"dvar":163075.046875,"dvar2":286097.03125,"max":11891.0908203,"mean":1080.80212402,"median":438.098083496,"min":151.871292114,"var":4518548.5},"spectral_complexity":{"dmean":1.14230906963,"dmean2":1.82766437531,"dvar":3.51194930077,"dvar2":6.88530015945,"max":45,"mean":6.15972089767,"median":5,"min":0,"var":27.9265060425},"spectral_contrast_coeffs":{"dmean":[0.0408020950854,0.0378223322332,0.0323547199368,0.0255356226116,0.0205802414566,0.0155007475987],"dmean2":[0.0671556144953,0.0603848583996,0.0514045096934,0.0402562320232,0.0315879993141,0.0235540606081],"dvar":[0.00134840235114,0.00123907404486,0.000919173646253,0.000572020653635,0.000482376548462,0.000324131688103],"dvar2":[0.00330357672647,0.00287022278644,0.00202956330031,0.00129292998463,0.000945253123064,0.000628112873528],"max":[-0.249196201563,-0.300590574741,-0.403408735991,-0.497133135796,-0.509809315205,-0.536809206009],"mean":[-0.543873786926,-0.65990793705,-0.750080823898,-0.78606903553,-0.803057134151,-0.78667652607],"median":[-0.531632483006,-0.650374472141,-0.761641740799,-0.78701800108,-0.803575456142,-0.785261452198],"min":[-0.984572768211,-0.980430841446,-0.977684557438,-0.972897648811,-0.96865773201,-0.965351104736],"var":[0.0185398645699,0.0117342323065,0.0107504185289,0.00609788578004,0.00475593796,0.00470976391807]},"spectral_contrast_valleys":{"dmean":[0.381280332804,0.338889151812,0.311586856842,0.287034392357,0.245337247849,0.180847361684],"dmean2":[0.636556923389,0.555040895939,0.508036673069,0.454382032156,0.380891114473,0.265856415033],"dvar":[0.145282328129,0.13467772305,0.12259978056,0.119328357279,0.124568007886,0.0975200235844],"dvar2":[0.338265001774,0.300867855549,0.264423191547,0.250886589289,0.250209838152,0.167383044958],"max":[-5.93034744263,-5.19473028183,-5.98475170135,-6.03555583954,-5.70821237564,-7.04131984711],"mean":[-9.43040657043,-9.17824363708,-9.8836107254,-10.4055366516,-10.1881847382,-12.402056694],"median":[-8.712849617,-8.2802438736,-9.10493183136,-9.66636943817,-9.48348712921,-11.9624004364],"min":[-28.2091178894,-28.0721092224,-28.0467720032,-27.6759338379,-27.4925746918,-27.4105014801],"var":[14.0423307419,14.8462848663,13.6411819458,12.8969230652,12.9750432968,9.7180109024]},"spectral_decrease":{"dmean":1.01099417726e-9,"dmean2":1.45630396631e-9,"dvar":3.93590030323e-18,"dvar2":7.48269484631e-18,"max":5.02959881934e-19,"mean":-3.61815799543e-9,"median":-1.67940017448e-9,"min":-4.37478711035e-8,"var":2.82396119316e-17},"spectral_energy":{"dmean":0.00404631113634,"dmean2":0.00580840744078,"dvar":0.0000624002132099,"dvar2":0.00011771624122,"max":0.173256337643,"mean":0.0144379660487,"median":0.0066441311501,"min":9.69780976382e-21,"var":0.000461175601231},"spectral_energyband_high":{"dmean":0.000239148372202,"dmean2":0.000318189122481,"dvar":0.00000286029853669,"dvar2":0.0000048643091759,"max":0.0688671320677,"mean":0.000340904429322,"median":0.000014763467334,"min":6.80973935124e-21,"var":0.00000537453297511},"spectral_energyband_low":{"dmean":0.000727826729417,"dmean2":0.00114328879863,"dvar":0.00000281950497083,"dvar2":0.00000724624760551,"max":0.0432765372097,"mean":0.00184879114386,"median":0.000725718098693,"min":1.37091198449e-23,"var":0.0000102605517895},"spectral_energyband_middle_high":{"dmean":0.000742458680179,"dmean2":0.000998504925519,"dvar":0.0000106432507891,"dvar2":0.0000171562769538,"max":0.158940717578,"mean":0.00238971598446,"median":0.000168315978954,"min":1.1492314489e-21,"var":0.000114195274364},"spectral_energyband_middle_low":{"dmean":0.00330403400585,"dmean2":0.00483076553792,"dvar":0.0000502886905451,"dvar2":0.000101027500932,"max":0.157561048865,"mean":0.0104688694701,"median":0.00416167546064,"min":1.68272714864e-22,"var":0.000243590489845},"spectral_entropy":{"dmean":0.219605430961,"dmean2":0.336692363024,"dvar":0.0694993287325,"dvar2":0.147223606706,"max":9.82676124573,"mean":6.66336584091,"median":6.56372880936,"min":4.24984264374,"var":0.881712675095},"spectral_flux":{"dmean":0.0143929328769,"dmean2":0.0230441093445,"dvar":0.000467052595923,"dvar2":0.00114454946015,"max":0.330822348595,"mean":0.0375847183168,"median":0.0257384106517,"min":6.36462757497e-11,"var":0.00159448711202},"spectral_kurtosis":{"dmean":2.60967111588,"dmean2":4.33701562881,"dvar":10.4655151367,"dvar2":26.95753479,"max":90.1411361694,"mean":8.22850513458,"median":6.72462940216,"min":-1.27646517754,"var":55.4042778015},"spectral_rms":{"dmean":0.000461583287688,"dmean2":0.000665051513352,"dvar":4.20731225859e-7,"dvar2":7.79176275501e-7,"max":0.0130011765286,"mean":0.00298119452782,"median":0.00254599284381,"min":3.07591907674e-12,"var":0.0000051982401601},"spectral_rolloff":{"dmean":232.425811768,"dmean2":394.55847168,"dvar":585847.8125,"dvar2":1191544.875,"max":19638.28125,"mean":1490.37451172,"median":366.064453125,"min":43.06640625,"var":14221543},"spectral_skewness":{"dmean":0.308452367783,"dmean2":0.487922370434,"dvar":0.11720687151,"dvar2":0.250635266304,"max":8.14447307587,"mean":2.11789798737,"median":2.09498739243,"min":-0.474453389645,"var":1.05237960815},"spectral_spread":{"dmean":426599.21875,"dmean2":685168.3125,"dvar":686948089856,"dvar2":1478297780220,"max":43187724,"mean":5487467.5,"median":3795572.25,"min":1046723.375,"var":52038113165300},"spectral_strongpeak":{"dmean":0.29753702879,"dmean2":0.483247816563,"dvar":0.502172470093,"dvar2":1.2288326025,"max":14.9939603806,"mean":0.747020363808,"median":0.367008775473,"min":0,"var":1.63410019875},"zerocrossingrate":{"dmean":0.00709395855665,"dmean2":0.00846703350544,"dvar":0.000174690721906,"dvar2":0.000181794152013,"max":0.529296875,"mean":0.0526480413973,"median":0.0224609375,"min":0.0048828125,"var":0.0100045790896}},"metadata":{"audio_properties":{"analysis_sample_rate":44100,"bit_rate":0,"codec":"flac","downmix":"mix","equal_loudness":0,"length":133.133331299,"lossless":true,"md5_encoded":"a53513a6d0b42ae969fcffb8b2021e4b","replay_gain":-1.97158813477,"sample_rate":44100},"tags":{"acoustid_id":["918b181b-2111-49db-83ba-4bba6cb60a09"],"album":["Collected Works"],"albumartist":["Simon & Garfunkel"],"albumartistsort":["Simon & Garfunkel"],"artist":["Simon & Garfunkel"],"artistsort":["Simon & Garfunkel"],"asin":["B0000026VB"],"barcode":["0074644532227"],"bpm":["91.7"],"catalognumber":["C3K 45322"],"compilation":["1"],"date":["1990"],"discnumber":["2"],"disctotal":["3"],"file_name":"2-16 Overs.flac","genre":["Folk Rock"],"grouping":["Rock"],"label":["CBS"],"language":["eng"],"media":["CD"],"musicbrainz_albumartistid":["5d02f264-e225-41ff-83f7-d9b1f0b1874a"],"musicbrainz_albumid":["d5ab4092-cf98-4671-8bfe-b269a87bab87"],"musicbrainz_artistid":["5d02f264-e225-41ff-83f7-d9b1f0b1874a"],"musicbrainz_discid":["Mf9Wl5nID8rGUMhku.vqEscRpiQ-"],"musicbrainz_recordingid":["d0e3702d-ef1a-492f-b0dd-b0074a435da7"],"musicbrainz_releasegroupid":["ac8f1f79-5a29-3057-a497-112ceedb49d3"],"musicbrainz_releasetrackid":["a65bcdf1-22f6-31bf-88c3-91860fb2defb"],"originaldate":["1990"],"releasecountry":["US"],"releasestatus":["official"],"releasetype":["album","compilation"],"script":["Latn"],"title":["Overs"],"totaldiscs":["3"],"tracknumber":["16"],"tracktotal":["24"]},"version":{"essentia":"2.1-beta2","essentia_build_sha":"70f2e5ece6736b2c40cc944ad0e695b16b925413","essentia_git_sha":"v2.1_beta2","extractor":"music 1.0"}},"rhythm":{"beats_count":250,"beats_loudness":{"dmean":0.0166000593454,"dmean2":0.0296700727195,"dvar":0.000547213596292,"dvar2":0.00155169784557,"max":0.140115410089,"mean":0.017242342233