{"lowlevel":{"average_loudness":0.7079641819,"barkbands":{"dmean":[0.00347275473177,0.00794035568833,0.00255373911932,0.00127430388238,0.00188380281907,0.00185584556311,0.00135057221632,0.000796410662588,0.00139596103691,0.000618869438767,0.000420817261329,0.000284836220089,0.000209612509934,0.00018584166537,0.000118623080198,0.000104664053652,0.0000594943230681,0.0000507203149027,0.0000430671789218,0.0000272867855529,0.0000209354147955,0.0000143284014484,0.00000742381280361,0.00000258538238995,0.00000240025451603,0.0000147242590174,0.000104564212961],"dmean2":[0.00601959740743,0.0136294839904,0.00422381004319,0.00200985767879,0.00290225772187,0.00287473015487,0.00215432606637,0.00132166733965,0.00230107759126,0.00101392879151,0.00068938464392,0.000463182368549,0.000344579835655,0.000307914975565,0.000197490575374,0.000173552471097,0.0000968273525359,0.0000798945329734,0.0000673220056342,0.0000424565914727,0.0000315236975439,0.0000209796762647,0.0000107765945359,0.00000435888478023,0.0000040580816858,0.000021209818442,0.000149904721184],"dvar":[0.0000778728717705,0.000314703036565,0.0000174498200067,0.00000672963415127,0.00000954079314397,0.0000186065262824,0.00000946777709032,0.00000413925772591,0.0000100615443444,0.0000024561184091,8.99571091395e-7,8.4170142145e-7,2.04668964443e-7,1.14357398218e-7,5.95540079473e-8,4.17060590507e-8,1.74783050255e-8,1.6837256922e-8,9.64686908134e-9,3.00210523108e-9,2.77905121138e-9,1.85352000415e-9,2.75628075919e-10,2.0383965349e-11,1.82904923846e-11,1.77399739343e-9,4.02934254851e-8],"dvar2":[0.000211214108276,0.000885958375875,0.0000463872638647,0.0000159464543685,0.0000228510416491,0.0000440791627625,0.0000236692194449,0.0000110681885417,0.0000274267367786,0.00000611674568063,0.00000229481884162,0.00000201804687094,5.32450258106e-7,3.01882579379e-7,1.527346285e-7,1.10229116501e-7,4.34021849571e-8,3.76071369601e-8,2.31792594008e-8,6.70485755805e-9,5.76389203033e-9,3.86291887366e-9,5.6054805242e-10,5.29270759164e-11,4.76712662401e-11,3.78338427254e-9,7.42628856187e-8],"max":[0.148787051439,0.234675675631,0.0885521173477,0.0576855018735,0.058782197535,0.130433797836,0.11688387394,0.0568403564394,0.104000322521,0.0642952248454,0.0233010146767,0.0503906756639,0.00928533449769,0.00777645688504,0.0086112478748,0.0061816801317,0.00441229064018,0.00371653190814,0.00218806019984,0.00202398747206,0.00192129053175,0.0014517265372,0.00032649806235,0.0000600296189077,0.0000523538983543,0.000987102976069,0.00658785738051],"mean":[0.00364093482494,0.00993305817246,0.00375491450541,0.00213264417835,0.00360678485595,0.0030795854982,0.00249891239218,0.00123542512301,0.0022305061575,0.00103678030428,0.000714414345566,0.000515325053129,0.000366356980521,0.000354049174348,0.000233161976212,0.000212392027606,0.000115276001452,0.0000973192800302,0.000089186229161,0.0000640159487375,0.000048475470976,0.0000295700538118,0.0000120034046631,0.00000255383270087,0.00000229248871619,0.0000215875406866,0.000355910131475],"median":[0.000980914570391,0.00425395183265,0.0020462453831,0.000996466726065,0.00212189531885,0.00115725456271,0.000654035829939,0.000298640195979,0.000560917251278,0.000346116197761,0.000227508804528,0.000161031450261,0.000148193212226,0.0001773427648,0.0000996230592136,0.0000794419174781,0.0000518885717611,0.0000371025053028,0.0000383659098588,0.0000303721135424,0.0000218540499191,0.0000104719501905,0.00000369183180737,8.6105058017e-7,7.27821884539e-7,0.00000444305305791,0.00018783849373],"min":[1.36100610033e-23,1.84213347083e-23,1.94413066152e-23,7.80648567375e-25,4.95213870357e-23,1.33458730639e-23,6.63357552821e-23,3.02755917073e-23,7.75367470992e-23,3.93259688364e-23,4.46145459875e-23,7.35489542491e-23,4.76133754752e-23,6.12129682943e-23,8.72338166211e-23,1.60831459365e-22,1.39085656543e-22,2.04594862301e-22,2.90592401355e-22,3.19026886373e-22,2.81492960233e-22,6.38004042955e-22,5.34172428805e-22,6.83530934978e-22,1.15075848166e-21,1.32200334674e-21,2.6202971445e-21],"var":[0.0000759318791097,0.00029215743416,0.0000266211227427,0.0000132918448799,0.0000213160292333,0.0000345294320141,0.0000279088162642,0.00000747821286495,0.0000181379873538,0.00000531451723873,0.00000196435280486,0.00000251923415817,4.73869562256e-7,2.66613568556e-7,1.40248332059e-7,1.0883048418e-7,3.84830585176e-8,4.17327683522e-8,2.36402577514e-8,1.08946363042e-8,8.44592662474e-9,5.53731194231e-9,6.43854691784e-10,2.12590708926e-11,1.83472265158e-11,3.45779138655e-9,2.53320763477e-7]},"barkbands_crest":{"dmean":2.72271943092,"dmean2":4.45439147949,"dvar":5.72824668884,"dvar2":15.0759773254,"max":25.5916519165,"mean":10.5070400238,"median":9.7873916626,"min":2.91225361824,"var":16.2039432526},"barkbands_flatness_db":{"dmean":0.0315344110131,"dmean2":0.0498616881669,"dvar":0.000858903920744,"dvar2":0.00217199348845,"max":0.497765630484,"mean":0.1794885993,"median":0.163309037685,"min":0.03928572312,"var":0.00466960854828},"barkbands_kurtosis":{"dmean":7.66056966782,"dmean2":12.3358592987,"dvar":173.391296387,"dvar2":420.383575439,"max":327.114501953,"mean":16.4210300446,"median":9.32792663574,"min":-1.84456717968,"var":427.207275391},"barkbands_skewness":{"dmean":0.737229406834,"dmean2":1.17973506451,"dvar":0.650632977486,"dvar2":1.63021063805,"max":15.3034496307,"mean":2.67474865913,"median":2.31036543846,"min":-1.99620330334,"var":2.19681978226},"barkbands_spread":{"dmean":4.09962844849,"dmean2":6.374314785,"dvar":36.3059539795,"dvar2":74.7879333496,"max":126.823097229,"mean":14.2503919601,"median":11.7386741638,"min":0.285986989737,"var":158.456344604},"dissonance":{"dmean":0.0266760662198,"dmean2":0.0449702069163,"dvar":0.000646715227049,"dvar2":0.00177425181028,"max":0.499999970198,"mean":0.450795143843,"median":0.458986848593,"min":0.125056892633,"var":0.0012801020639},"dynamic_complexity":4.55922317505,"erbbands":{"dmean":[0.354535371065,1.43752467632,2.94270682335,3.35141444206,5.7033162117,5.60748767853,13.4354429245,15.4640245438,15.3332519531,23.6267261505,17.4257469177,28.5530414581,21.3545055389,19.7135391235,15.7844991684,10.3148365021,8.479637146,10.241560936,5.99134302139,6.70529747009,4.30272436142,3.19561481476,2.74312138557,2.36403775215,1.93524587154,1.22602045536,0.944007515907,0.791986227036,0.560911774635,0.289488583803,0.204501450062,0.0753712505102,0.039864320308,0.0270467903465,0.0169731937349,0.00992107018828,0.0282262042165,0.0317653492093,0.0114447632805,0.00235840491951],"dmean2":[0.623031258583,2.43646717072,4.90162038803,5.27164316177,9.05406570435,8.79910087585,20.5479068756,24.0785694122,24.6563358307,37.6718826294,28.9903831482,47.0789604187,34.7424049377,32.3805046082,25.7265853882,16.6798191071,13.9452266693,16.999256134,10.0193243027,11.0683774948,7.0555024147,5.17382478714,4.2615647316,3.7023627758,3.02897644043,1.8960300684,1.42731559277,1.18622934818,0.821741461754,0.419466197491,0.299120277166,0.121120721102,0.0674063265324,0.0457383543253,0.0286807492375,0.0166130773723,0.0412704013288,0.0422444120049,0.0152422264218,0.00359111465514],"dvar":[0.853996098042,8.28291034698,25.5020313263,37.6448898315,91.0419998169,109.784454346,866.609741211,1645.76000977,1488.16162109,3210.05224609,1943.13354492,4011.47485352,2262.29711914,3398.89453125,1253.06738281,1001.67706299,369.59576416,387.018737793,145.572631836,184.929214478,74.3338012695,47.7896347046,48.8216133118,34.3644561768,17.6040077209,6.03543901443,4.66602325439,4.94562244415,3.28850722313,0.422893732786,0.230618745089,0.0179054308683,0.0050614271313,0.00233258795924,0.00091019528918,0.000289479503408,0.00713289016858,0.00917539186776,0.000884464010596,0.0000148795243149],"dvar2":[2.46193146706,22.8771953583,68.1542434692,88.1957092285,221.544723511,266.312133789,1987.1472168,3893.8059082,3645.08837891,7918.64599609,5131.55029297,10992.8242188,5923.12304688,8746.38769531,3170.57788086,2424.47290039,945.150024414,1017.21282959,391.938873291,476.200836182,191.799163818,114.964752197,110.190124512,79.662902832,41.6470832825,13.2714061737,10.0772418976,10.0771884918,6.99742460251,0.829906046391,0.483386814594,0.0434308350086,0.0131791280583,0.00607708003372,0.00237240851857,0.000751123647206,0.0158323943615,0.0164090767503,0.00152635120321,0.0000324338325299],"max":[11.4221467972,36.4355697632,75.2168502808,137.547332764,196.597717285,187.473556519,588.74987793,1075.82202148,2012.8770752,1458.97900391,1316.62756348,1721.33410645,1624.7902832,2196.38378906,1041.30737305,1277.03259277,437.179412842,443.259552002,504.999725342,413.602630615,270.264129639,236.3543396,208.085159302,170.535049438,108.048828125,91.0462341309,69.3153457642,87.513671875,63.8466339111,17.5880241394,9.20887565613,2.8013420105,0.880142450333,0.593704998493,0.367902427912,0.207407802343,1.81404411793,3.42218565941,1.03840649128,0.12289634347],"mean":[0.379139393568,1.89243662357,4.40332126617,5.86131858826,10.4433317184,9.81676483154,21.1288509369,25.6316490173,28.0766620636,41.6480064392,29.4957561493,46.106086731,38.1252975464,35.4394226074,29.7091350555,20.1114997864,15.9704284668,19.7956218719,13.0835094452,13.8771114349,9.60317611694,6.62836313248,5.43356752396,4.83592796326,4.21319627762,2.94740557671,2.18723511696,1.7713637352,1.15618610382,0.570615231991,0.312240570784,0.0917903035879,0.0384977273643,0.025751106441,0.0164111424237,0.0106449816376,0.0401512123644,0.0638321861625,0.0302531365305,0.0101733375341],"median":[0.125201314688,0.888989329338,2.42141342163,3.35317707062,5.64525032043,5.38002634048,8.25521850586,8.94738006592,9.07113456726,9.03888702393,8.43062210083,12.4371156693,11.9095048904,12.5649709702,11.0429143906,7.25705528259,7.1493678093,9.08443450928,7.04823970795,5.26179218292,4.12810134888,3.13574695587,2.18707489967,1.9439406395,1.90582501888,1.4206032753,1.02368223667,0.734561383724,0.414119243622,0.199243634939,0.092907063663,0.0322339385748,0.0127041367814,0.008061603643,0.00536566693336,0.00403433991596,0.0080728828907,0.0156807433814,0.0126084731892,0.00671209068969],"min":[9.52749800128e-22,2.16815327465e-21,1.86104684144e-20,1.27805875066e-20,4.46833661119e-20,2.02249420856e-19,1.8174195911e-19,1.10458609998e-19,5.45957867548e-19,1.33422330289e-18,8.43509726531e-19,1.7127710331e-18,1.24964480904e-18,1.72181335796e-18,2.02264684923e-18,3.51098961668e-18,2.04694155741e-18,3.95177638072e-18,3.85683134924e-18,6.58421126495e-18,7.23165132066e-18,9.31586605007e-18,1.11560170038e-17,1.18377643755e-17,1.53034749526e-17,1.44913970037e-17,9.33043435502e-18,1.48187835096e-17,1.88138011704e-17,1.94978861544e-17,1.74042043429e-17,1.11974521351e-17,1.27519825864e-17,1.13226947244e-17,8.97749375843e-18,4.85044980003e-18,2.54201266954e-18,1.24086852614e-18,3.89890211709e-19,3.45739007074e-20],"var":[0.68727517128,8.71508026123,35.8267288208,71.6619338989,215.635971069,207.586151123,1474.25134277,3088.62890625,4414.67285156,9188.00097656,3749.07421875,7540.15185547,5139.19091797,7197.6328125,3108.18212891,2908.87841797,837.861572266,929.697753906,331.878936768,481.098083496,208.370223999,116.790840149,121.420295715,83.706817627,49.2134933472,22.5016822815,14.6090250015,14.1365795135,9.16528606415,1.47519540787,0.463404685259,0.0263843722641,0.00508413789794,0.00233328063041,0.000918199657463,0.000318677426549,0.0126991122961,0.0322676226497,0.00380415376276,0.000134937261464]},"erbbands_crest":{"dmean":2.62899065018,"dmean2":4.22854614258,"dvar":5.84874296188,"dvar2":14.5123414993,"max":28.3152580261,"mean":9.46050262451,"median":8.44052600861,"min":2.47339916229,"var":18.332950592},"erbbands_flatness_db":{"dmean":0.0262880474329,"dmean2":0.0407264791429,"dvar":0.000583475921303,"dvar2":0.00143737823237,"max":0.419579386711,"mean":0.160409286618,"median":0.157208517194,"min":0.0314765684307,"var":0.00194141687825},"erbbands_kurtosis":{"dmean":1.50456476212,"dmean2":2.38261175156,"dvar":6.22582483292,"dvar2":14.6217870712,"max":66.4480667114,"mean":2.14179110527,"median":0.822695493698,"min":-1.66249370575,"var":20.0336914062},"erbbands_skewness":{"dmean":0.382197260857,"dmean2":0.592826128006,"dvar":0.129313081503,"dvar2":0.294563174248,"max":6.53025102615,"mean":0.847904264927,"median":0.700338244438,"min":-2.55963993073,"var":0.845158159733},"erbbands_spread":{"dmean":6.00203847885,"dmean2":9.17370128632,"dvar":36.9109382629,"dvar2":79.8959197998,"max":120.661506653,"mean":25.8945617676,"median":23.3894062042,"min":2.30405688286,"var":167.147979736},"gfcc":{"cov":[[11982.1191406,-1220.07910156,-2199.13037109,-710.646240234,324.138336182,-506.714782715,676.960388184,-19.4456748962,635.529541016,259.209777832,119.803833008,239.960983276,-38.2881011963],[-1220.07910156,723.498718262,252.097564697,-95.4793395996,-26.6389770508,2.91095304489,-33.6598701477,-55.3378944397,-44.6953659058,-21.3369598389,8.32734012604,-86.153968811,68.8099212646],[-2199.13037109,252.097564697,727.346069336,278.085693359,-133.928649902,231.756668091,-228.55645752,77.1201400757,-192.01739502,-36.6655197144,-23.5896968842,-48.8197021484,8.18731117249],[-710.646240234,-95.4793395996,278.085693359,335.811584473,79.5631713867,75.5384521484,-31.9208087921,13.7004165649,-72.3846054077,-25.4181118011,-18.8628292084,31.9293060303,-46.2868995667],[324.138336182,-26.6389770508,-133.928649902,79.5631713867,229.10609436,-29.2589111328,146.995605469,-60.9064369202,52.0341110229,-10.6171684265,13.991191864,38.2136116028,-19.924200058],[-506.714782715,2.91095304489,231.756668091,75.5384521484,-29.2589111328,260.971435547,-101.040260315,102.081573486,-99.177696228,2.30730557442,17.763923645,-23.2175502777,32.718788147],[676.960388184,-33.6598701477,-228.55645752,-31.9208087921,146.995605469,-101.040260315,269.451171875,-44.3529205322,129.390136719,2.12139821053,1.23164415359,57.4376029968,-38.5906219482],[-19.4456748962,-55.3378944397,77.1201400757,13.7004165649,-60.9064369202,102.081573486,-44.3529205322,158.354324341,16.5653400421,36.2503814697,16.594581604,-25.2700634003,29.1655101776],[635.529541016,-44.6953659058,-192.01739502,-72.3846054077,52.0341110229,-99.177696228,129.390136719,16.5653400421,171.707427979,64.3411483765,14.3091459274,30.1580867767,-16.9075393677],[259.209777832,-21.3369598389,-36.6655197144,-25.4181118011,-10.6171684265,2.30730557442,2.12139821053,36.2503814697,64.3411483765,87.0611724854,44.8758277893,9.69822788239,10.3914375305],[119.803833008,8.32734012604,-23.5896968842,-18.8628292084,13.991191864,17.763923645,1.23164415359,16.594581604,14.3091459274,44.8758277893,74.1861801147,27.5189685822,20.1932239532],[239.960983276,-86.153968811,-48.8197021484,31.9293060303,38.2136116028,-23.2175502777,57.4376029968,-25.2700634003,30.1580867767,9.69822788239,27.5189685822,87.9211425781,-7.0360660553],[-38.2881011963,68.8099212646,8.18731117249,-46.2868995667,-19.924200058,32.718788147,-38.5906219482,29.1655101776,-16.9075393677,10.3914375305,20.1932239532,-7.0360660553,88.0163269043]],"icov":[[0.000223601004109,0.0000078149514593,0.000820046057925,-0.000141030890518,0.000156603797222,-0.0001535336487,-0.0000840600769152,-0.000218459463213,0.000217734661419,-0.000530503340997,0.000293936755043,-0.000314246426569,0.0000806703537819],[0.0000078149514593,0.00432675890625,-0.00470329448581,0.00402452843264,-0.00239219772629,0.00174392713234,-0.00144793838263,0.00234238663688,-0.000963493599556,0.00083603465464,-0.00249712727964,0.00405954616144,-0.00281242839992],[0.000820046057925,-0.00470329448581,0.0137450098991,-0.0118995541707,0.00996566005051,-0.00698690116405,0.000960343983024,0.00108195398934,-0.00203420501202,0.00126363500021,-0.000280031847069,-0.000669449800625,0.000883796426933],[-0.000141030890518,0.00402452843264,-0.0118995541707,0.0203056428581,-0.0174309015274,0.00920086912811,0.00144339341205,-0.00927204079926,0.0122788939625,-0.0100100021809,0.00982093159109,-0.00899778306484,0.00548499915749],[0.000156603797222,-0.00239219772629,0.00996566005051,-0.0174309015274,0.0237700529397,-0.0110884606838,-0.00553125934675,0.0132763227448,-0.014158626087,0.012618124485,-0.0131055070087,0.0103605464101,-0.0058516934514],[-0.0001535336487,0.00174392713234,-0.00698690116405,0.00920086912811,-0.0110884606838,0.0148320812732,0.0000605821696809,-0.0117815481499,0.014243574813,-0.00928346905857,0.00557777332142,-0.00522213010117,0.00210026837885],[-0.0000840600769152,-0.00144793838263,0.000960343983024,0.00144339341205,-0.00553125934675,0.0000605821696809,0.01194208581,-0.00214538746513,-0.00567095633596,0.00392179330811,0.00217903777957,-0.00603558216244,0.0039026143495],[-0.000218459463213,0.00234238663688,0.00108195398934,-0.00927204079926,0.0132763227448,-0.0117815481499,-0.00214538746513,0.024461209774,-0.0197409149259,0.0117046711966,-0.0134399430826,0.0153425475582,-0.00942831113935],[0.000217734661419,-0.000963493599556,-0.00203420501202,0.0122788939625,-0.014158626087,0.014243574813,-0.00567095633596,-0.0197409149259,0.0398721136153,-0.031286098063,0.0205531269312,-0.0151614639908,0.00847517047077],[-0.000530503340997,0.00083603465464,0.00126363500021,-0.0100100021809,0.012618124485,-0.00928346905857,0.00392179330811,0.0117046711966,-0.031286098063,0.044854041189,-0.0289081148803,0.0138473976403,-0.00568400509655],[0.000293936755043,-0.00249712727964,-0.000280031847069,0.00982093159109,-0.0131055070087,0.00557777332142,0.00217903777957,-0.0134399430826,0.0205531269312,-0.0289081148803,0.040047172457,-0.0211545750499,0.00412180647254],[-0.000314246426569,0.00405954616144,-0.000669449800625,-0.00899778306484,0.0103605464101,-0.00522213010117,-0.00603558216244,0.0153425475582,-0.0151614639908,0.0138473976403,-0.0211545750499,0.0311801265925,-0.00862502586097],[0.0000806703537819,-0.00281242839992,0.000883796426933,0.00548499915749,-0.0058516934514,0.00210026837885,0.0039026143495,-0.00942831113935,0.00847517047077,-0.00568400509655,0.00412180647254,-0.00862502586097,0.0197915229946]],"mean":[-37.5284996033,120.317955017,-73.8472366333,-2.64931774139,-18.1872501373,-19.6179103851,0.965876460075,-17.5913906097,-4.763422966,-6.22230958939,-10.4675045013,-2.71590662003,-7.01824712753]},"hfc":{"dmean":13.3156547546,"dmean2":20.6950836182,"dvar":417.100128174,"dvar2":1026.95678711,"max":459.049926758,"mean":63.725112915,"median":49.1118583679,"min":1.15007274842e-16,"var":4175.65136719},"melbands":{"dmean":[0.00269876304083,0.00158728589304,0.000602647778578,0.000402200152166,0.000411746179452,0.000342405866832,0.000236958367168,0.000237392261624,0.00015687989071,0.000189122452866,0.000110300970846,0.0000847253686516,0.0000605211207585,0.000037921447074,0.000020063640477,0.0000206176337088,0.0000192493025679,0.0000110283772301,0.00000899460610526,0.00000882681433723,0.00000498346935274,0.00000378633285436,0.00000269551856036,0.00000260591900769,0.0000020332213353,0.0000017184755734,0.00000125187364119,8.21305491172e-7,6.64568233333e-7,5.71843372654e-7,4.7101104883e-7,3.73215897298e-7,2.23132929023e-7,1.48714846659e-7,1.26703611159e-7,8.94334419854e-8,3.34820846604e-8,2.82523817674e-8,2.49039260325e-8,2.20848832555e-8],"dmean2":[0.00468756025657,0.0026419959031,0.0009447443299,0.00062785227783,0.000627398723736,0.000530725752469,0.000380957673769,0.000380486017093,0.000261790904915,0.000310401810566,0.000179163296707,0.000139070281875,0.0000993145513348,0.0000611020295764,0.0000330528819177,0.0000339283069479,0.000032012387237,0.0000185446097021,0.000014830067812,0.0000146699730976,0.00000818853641249,0.00000621704566584,0.00000428588782597,0.00000415753038396,0.00000324170696331,0.00000274798685496,0.000002007030389,0.0000012854114857,0.00000104330285922,8.71183601703e-7,7.20674847798e-7,5.60516127734e-7,3.32557789307e-7,2.19252527245e-7,1.8771662269e-7,1.37264478894e-7,5.64059483565e-8,4.78205599563e-8,4.2135873457e-8,3.73434438927e-8],"dvar":[0.0000438445276814,0.00000756581857786,0.00000104210312202,4.7606712883e-7,7.32100943424e-7,7.18787191545e-7,3.11738602932e-7,3.13912238425e-7,1.53502540456e-7,1.83364633699e-7,6.16147630694e-8,6.33341201706e-8,1.76803993668e-8,1.55466146623e-8,2.98545344002e-9,1.73755765331e-9,1.3097168905e-9,4.65197796951e-10,3.58418100754e-10,3.04697961306e-10,1.04837354076e-10,6.7585617658e-11,4.23234329527e-11,4.71471507668e-11,2.59269359454e-11,1.41774673598e-11,6.96744398287e-12,2.74097411435e-12,2.18412093966e-12,2.15989552632e-12,1.98605151422e-12,1.61621009544e-12,3.24568117608e-13,1.0603293959e-13,9.04581991994e-14,4.6108733151e-14,3.41496769861e-15,2.55794060961e-15,1.98312033468e-15,1.55359479757e-15],"dvar2":[0.000124901984236,0.0000200711274374,0.00000247003345066,0.00000115482544061,0.0000016641899947,0.00000169869929323,7.7674530985e-7,7.83939526627e-7,4.08363462157e-7,4.95843607951e-7,1.61419819733e-7,1.61358897799e-7,4.5248381042e-8,3.65181733741e-8,7.6150694639e-9,4.55458248894e-9,3.45898421017e-9,1.27726051957e-9,8.90800155862e-10,8.06737454617e-10,2.70460487339e-10,1.69734531985e-10,1.00692100491e-10,1.09261252823e-10,6.32986510429e-11,3.53161215549e-11,1.70390906246e-11,6.25979997004e-12,4.90207961029e-12,4.76472160338e-12,4.32136791628e-12,3.62056998965e-12,6.780339094e-13,2.20926074201e-13,1.92090253751e-13,1.07026197529e-13,8.87646398306e-15,6.66140209874e-15,5.16547457477e-15,4.04809623932e-15],"max":[0.0807492658496,0.0423288829625,0.0212332997471,0.0142530091107,0.0167723670602,0.0240799095482,0.026716183871,0.0129757812247,0.0145514067262,0.0145016675815,0.00859262607992,0.00998664367944,0.00350437266752,0.00727763725445,0.00192844599951,0.00106547330506,0.00081279699225,0.00091412756592,0.000775696826167,0.000483664858621,0.000309019407723,0.000288404640742,0.000218899411266,0.000183578129509,0.000135245805723,0.0000853149831528,0.000074695366493,0.0000652284506941,0.0000444268007413,0.00007653470675,0.0000637210978311,0.0000431736771134,0.0000172526106326,0.00000751629340812,0.00000590425270275,0.00000459208467873,7.15641078841e-7,6.25727409442e-7,5.48790353605e-7,4.83938947582e-7],"mean":[0.00326365721412,0.0024094088003,0.00118138827384,0.000746416917536,0.000670758308843,0.00058494519908,0.000440836884081,0.000413070432842,0.000248149473919,0.000303130946122,0.000189419835806,0.000144003512105,0.000105832645204,0.0000684477345203,0.0000362073005817,0.0000368222645193,0.0000359753830708,0.0000213084986171,0.0000177240217454,0.0000172930285771,0.00000982274832495,0.00000708031302565,0.00000507076902068,0.00000471805651614,0.00000380645019504,0.00000335782442562,0.0000025925924092,0.00000179822416158,0.00000140487838962,0.00000119555454603,9.66566631178e-7,7.13991482826e-7,4.33990891224e-7,2.66263526782e-7,1.89272384432e-7,1.17470172256e-7,3.33795142637e-8,2.65303246039e-8,2.34964403489e-8,2.09777031301e-8],"median":[0.00130590423942,0.00144868623465,0.000722069293261,0.000432318222011,0.000275836588116,0.000207708741073,0.000140850286698,0.0000884687979124,0.0000664978360874,0.0000788058969192,0.0000553903337277,0.0000472804495075,0.0000356744676537,0.0000205508295039,0.0000140960246426,0.0000155233428814,0.0000166284880834,0.0000110440387289,0.0000070869391493,0.00000606480307397,0.00000399528516937,0.00000314332260132,0.00000213236148738,0.0000016985561615,0.00000146635659348,0.00000144780381106,0.00000116269222872,8.3536741613e-7,6.43763428343e-7,5.17707121617e-7,3.75933296937e-7,2.42569427655e-7,1.51482140609e-7,8.86603999106e-8,5.47601111123e-8,3.35470744517e-8,1.14022293829e-8,8.00182586858e-9,7.17077730528e-9,6.54004184142e-9],"min":[9.90748870212e-24,7.16399297911e-24,2.78051025998e-24,8.35416320404e-24,7.64802777536e-24,2.38186847342e-24,1.00492304407e-23,1.35415310788e-23,8.03761856632e-24,1.05129110479e-23,5.86094346397e-24,6.13623264849e-24,6.47792853845e-24,8.1437803115e-24,5.06203247081e-24,5.67257886259e-24,6.44299580541e-24,6.1729032421e-24,6.59383113809e-24,9.37658215747e-24,7.21818614558e-24,9.99221551879e-24,8.61826515763e-24,9.51230725393e-24,9.13911924778e-24,1.18333506073e-23,1.15419942982e-23,9.29965401971e-24,5.82728513572e-24,6.73475877222e-24,7.88519643993e-24,1.08465503014e-23,1.20862475806e-23,8.84496406027e-24,1.12400751417e-23,6.55359134331e-24,7.55277518764e-24,9.37700262033e-24,7.35587235025e-24,1.02186462087e-23],"var":[0.0000381565259886,0.00000993032244878,0.0000023403342766,0.00000104658829514,0.00000133226774324,0.00000142278827298,8.8717052904e-7,8.50305866607e-7,2.85029074121e-7,3.3807998534e-7,1.3578299729e-7,1.31389185754e-7,3.99154025388e-8,4.70444305734e-8,6.75703626385e-9,3.72801078896e-9,3.04078873192e-9,9.03560670729e-10,8.57114712538e-10,7.52111706248e-10,2.53999266064e-10,1.41918921059e-10,9.44134076475e-11,1.0826713831e-10,5.4152345802e-11,3.27165412817e-11,1.88433244702e-11,8.988741175e-12,6.13818674708e-12,5.75555532054e-12,4.84184047023e-12,3.9191219714e-12,1.04108085e-12,3.1146106202e-13,1.76120836665e-13,7.00160280231e-14,3.56646187057e-15,2.54349276863e-15,1.97643999759e-15,1.55393625773e-15]},"melbands_crest":{"dmean":3.92329216003,"dmean2":6.52417802811,"dvar":13.3248033524,"dvar2":37.3168907166,"max":36.5060844421,"mean":15.7792310715,"median":14.9469814301,"min":1.77958297729,"var":34.5461807251},"melbands_flatness_db":{"dmean":0.0386838577688,"dmean2":0.0614629499614,"dvar":0.00122051523067,"dvar2":0.00308171426877,"max":0.659081459045,"mean":0.30274322629,"median":0.285710990429,"min":0.00418844679371,"var":0.00659966189414},"melbands_kurtosis":{"dmean":8.86032295227,"dmean2":14.3864936829,"dvar":213.493667603,"dvar2":551.135681152,"max":297.22869873,"mean":17.722700119,"median":8.96365833282,"min":-1.71657145023,"var":582.783569336},"melbands_skewness":{"dmean":0.800570309162,"dmean2":1.27732956409,"dvar":0.70475012064,"dvar2":1.80613350868,"max":14.0784215927,"mean":2.70746684074,"median":2.34542703629,"min":-0.915152549744,"var":2.94984960556},"melbands_spread":{"dmean":3.16528296471,"dmean2":5.03880405426,"dvar":21.7752075195,"dvar2":46.0075721741,"max":144.342895508,"mean":10.7587547302,"median":9.08135414124,"min":0.303752273321,"var":81.4392089844},"mfcc":{"cov":[[10622.2919922,-27.2482833862,-2697.36450195,-44.918548584,-886.256164551,61.8248672485,-418.782104492,145.302612305,151.967803955,242.200302124,238.506378174,185.35723877,284.479553223],[-27.2482833862,704.124572754,-42.7767677307,-109.60068512,-70.4373779297,-20.9124393463,-1.77639508247,-90.453453064,26.0839004517,18.3302192688,-8.87846565247,-18.9501533508,9.16333675385],[-2697.36450195,-42.7767677307,1108.21154785,-66.7185211182,321.33190918,-65.7349624634,142.808990479,-48.6859054565,-50.1636695862,-53.9912986755,-76.6461334229,-38.9389572144,-99.3670959473],[-44.918548584,-109.60068512,-66.7185211182,323.604095459,6.37476682663,91.7626800537,-11.1145200729,64.0626068115,-18.8051338196,-2.90940093994,14.3397932053,-12.7988300323,9.58350753784],[-886.256164551,-70.4373779297,321.33190918,6.37476682663,244.079116821,18.5636043549,100.707466125,-14.0671644211,-15.7186002731,-29.45063591,-24.7568187714,-8.09152412415,-31.6549263],[61.8248672485,-20.9124393463,-65.7349624634,91.7626800537,18.5636043549,143.491592407,41.7347602844,53.8627090454,-19.3982334137,-7.56808137894,0.220058530569,-3.70853066444,14.1032686234],[-418.782104492,-1.77639508247,142.808990479,-11.1145200729,100.707466125,41.7347602844,135.775726318,29.5749206543,-1.46057069302,-24.9303340912,-13.1995277405,-4.47416305542,-11.6352987289],[145.302612305,-90.453453064,-48.6859054565,64.0626068115,-14.0671644211,53.8627090454,29.5749206543,118.830482483,19.5404682159,9.25869464874,14.6367549896,7.19458198547,2.57080388069],[151.967803955,26.0839004517,-50.1636695862,-18.8051338196,-15.7186002731,-19.3982334137,-1.46057069302,19.5404682159,85.6328430176,47.8874588013,19.8113384247,5.2932677269,4.48628377914],[242.200302124,18.3302192688,-53.9912986755,-2.90940093994,-29.45063591,-7.56808137894,-24.9303340912,9.25869464874,47.8874588013,83.7331237793,35.2287635803,11.8254985809,9.8691701889],[238.506378174,-8.87846565247,-76.6461334229,14.3397932053,-24.7568187714,0.220058530569,-13.1995277405,14.6367549896,19.8113384247,35.2287635803,77.1183319092,46.6267433167,15.9650125504],[185.35723877,-18.9501533508,-38.9389572144,-12.7988300323,-8.09152412415,-3.70853066444,-4.47416305542,7.19458198547,5.2932677269,11.8254985809,46.6267433167,76.1331100464,38.8823928833],[284.479553223,9.16333675385,-99.3670959473,9.58350753784,-31.6549263,14.1032686234,-11.6352987289,2.57080388069,4.48628377914,9.8691701889,15.9650125504,38.8823928833,74.6774673462]],"icov":[[0.000282363820588,0.0000697272844263,0.000645971682388,0.000194980049855,0.000107974585262,0.000101871199149,0.0000528787131771,-0.000182080009836,0.000237357075093,-0.000483649055241,0.000161909018061,-0.000288581592031,-0.000043348318286],[0.0000697272844263,0.00189421419054,0.0000129787576952,0.000392045621993,0.00120778055862,-0.000734583183657,-0.000915324722882,0.00201004953124,-0.000899938691873,-0.000193176980247,-0.000165621691849,0.000552359619178,-0.000264807400526],[0.000645971682388,0.0000129787576952,0.00333925965242,0.000383605569368,-0.0017926391447,0.00167494523339,-0.000632512674201,-0.000735891575459,0.0018529552035,-0.00203923857771,0.00174842658453,-0.0014248181833,0.00130849750713],[0.000194980049855,0.000392045621993,0.000383605569368,0.00480062700808,-0.000910938542802,-0.00235429988243,0.00224770791829,-0.00198200112209,0.000817474559881,0.00044540426461,-0.00242576934397,0.00285825040191,-0.00149717193563],[0.000107974585262,0.00120778055862,-0.0017926391447,-0.000910938542802,0.0100038852543,-0.00184985960368,-0.00540090864524,0.00414932705462,-0.00172450975515,0.000173194799572,0.00103686400689,-0.00222836923786,0.00179689994548],[0.000101871199149,-0.000734583183657,0.00167494523339,-0.00235429988243,-0.00184985960368,0.0130847282708,-0.00375512521714,-0.00476386398077,0.00544133270159,-0.00251856935211,0.00065642996924,0.0015215735184,-0.00237004947849],[0.0000528787131771,-0.000915324722882,-0.000632512674201,0.00224770791829,-0.00540090864524,-0.00375512521714,0.0151635566726,-0.00477254623547,-0.00234578968957,0.00442871125415,-0.0014526990708,0.00116524158511,-0.00101302633993],[-0.000182080009836,0.00201004953124,-0.000735891575459,-0.00198200112209,0.00414932705462,-0.00476386398077,-0.00477254623547,0.0157098136842,-0.00543768936768,0.000546271621715,0.0000158324637596,-0.00235213059932,0.00257204356603],[0.000237357075093,-0.000899938691873,0.0018529552035,0.000817474559881,-0.00172450975515,0.00544133270159,-0.00234578968957,-0.00543768936768,0.0215157140046,-0.0119456276298,0.000140571210068,0.00146126840264,-0.00087478623027],[-0.000483649055241,-0.000193176980247,-0.00203923857771,0.00044540426461,0.000173194799572,-0.00251856935211,0.00442871125415,0.000546271621715,-0.0119456276298,0.0239135995507,-0.0102367484942,0.0049309367314,-0.00250582303852],[0.000161909018061,-0.000165621691849,0.00174842658453,-0.00242576934397,0.00103686400689,0.00065642996924,-0.0014526990708,0.0000158324637596,0.000140571210068,-0.0102367484942,0.0303924866021,-0.0209552571177,0.00788770336658],[-0.000288581592031,0.000552359619178,-0.0014248181833,0.00285825040191,-0.00222836923786,0.0015215735184,0.00116524158511,-0.00235213059932,0.00146126840264,0.0049309367314,-0.0209552571177,0.0341030992568,-0.0162165425718],[-0.000043348318286,-0.000264807400526,0.00130849750713,-0.00149717193563,0.00179689994548,-0.00237004947849,-0.00101302633993,0.00257204356603,-0.00087478623027,-0.00250582303852,0.00788770336658,-0.0162165425718,0.0236256103963]],"mean":[-706.248779297,181.596496582,0.452471733093,34.2758102417,-4.60133647919,15.0308151245,1.22862756252,3.6344845295,3.00253987312,3.46557974815,0.182719498873,-3.58232307434,0.362174838781]},"pitch_salience":{"dmean":0.0815857946873,"dmean2":0.134219527245,"dvar":0.00533140590414,"dvar2":0.0144487526268,"max":0.884893715382,"mean":0.563860535622,"median":0.581577420235,"min":0.0905633121729,"var":0.0135899158195},"silence_rate_20dB":{"dmean":0,"dmean2":0,"dvar":0,"dvar2":0,"max":1,"mean":1,"median":1,"min":1,"var":0},"silence_rate_30dB":{"dmean":0.0402481965721,"dmean2":0.0805031433702,"dvar":0.0386266894639,"dvar2":0.0886069685221,"max":1,"mean":0.95941978693,"median":1,"min":0,"var":0.03893398121},"silence_rate_60dB":{"dmean":0.00989434868097,"dmean2":0.0197903569788,"dvar":0.00979758240283,"dvar2":0.021414777264,"max":1,"mean":0.0723568350077,"median":0,"min":0,"var":0.0671334192157},"spectral_centroid":{"dmean":126.770866394,"dmean2":186.658599854,"dvar":39503.5742188,"dvar2":64350.5585938,"max":11068.0351562,"mean":678.305236816,"median":617.808654785,"min":138.078887939,"var":183028.578125},"spectral_complexity":{"dmean":2.38420248032,"dmean2":3.81232714653,"dvar":6.2116985321,"dvar2":14.1274528503,"max":56,"mean":15.0037727356,"median":15,"min":0,"var":83.4099349976},"spectral_contrast_coeffs":{"dmean":[0.0507782697678,0.0494969561696,0.0381727553904,0.0284763295203,0.0204959716648,0.0466900318861],"dmean2":[0.0840130448341,0.0811291262507,0.06267670542,0.047475617379,0.0337883234024,0.0751596465707],"dvar":[0.00162763055414,0.00150165997911,0.000884350272827,0.000511244230438,0.000316108227707,0.00185627979226],"dvar2":[0.00435852305964,0.00401444453746,0.00243063294329,0.001389395562,0.000816352490801,0.00467340135947],"max":[-0.379061937332,-0.426346868277,-0.534068048,-0.666702091694,-0.708097219467,-0.394627034664],"mean":[-0.668453991413,-0.751967549324,-0.785202026367,-0.827557504177,-0.846530199051,-0.758037745953],"median":[-0.672176480293,-0.758450746536,-0.789648532867,-0.824365377426,-0.838391840458,-0.76785993576],"min":[-0.973832070827,-0.965080678463,-0.962351083755,-0.987866401672,-0.97399276495,-0.959502279758],"var":[0.00582313118502,0.00467362860218,0.00382700935006,0.00218310463242,0.00174305203836,0.0066199968569]},"spectral_contrast_valleys":{"dmean":[0.398512274027,0.359514415264,0.312619239092,0.321352154016,0.343881189823,0.787870407104],"dmean2":[0.659572958946,0.589506626129,0.501733660698,0.509159147739,0.518137872219,1.27645611763],"dvar":[0.12484356761,0.101373650134,0.085218116641,0.123841457069,0.164964139462,0.421968638897],"dvar2":[0.288564145565,0.23088721931,0.182244822383,0.273710072041,0.368754059076,1.12890100479],"max":[-4.81103658676,-4.24047994614,-5.18513631821,-5.83769989014,-5.78586292267,-9.04905605316],"mean":[-6.80236721039,-6.54623508453,-7.23163318634,-7.84560680389,-8.12395477295,-11.4182786942],"median":[-6.66510009766,-6.34676170349,-6.90370512009,-7.47659778595,-7.78213596344,-11.2848243713],"min":[-28.3867740631,-27.6774196625,-27.2665500641,-27.4083843231,-27.1999263763,-27.3212413788],"var":[0.756199002266,1.19648075104,1.37512612343,1.54192197323,1.480006814,1.22922194004]},"spectral_decrease":{"dmean":3.66907770832e-9,"dmean2":6.04652505842e-9,"dvar":4.40604006762e-17,"dvar2":1.18719886424e-16,"max":5.28626087348e-10,"mean":-8.65390514804e-9,"median":-6.79838718654e-9,"min":-8.44530845256e-8,"var":6.7670024639e-17},"spectral_energy":{"dmean":0.014085682109,"dmean2":0.0230992082506,"dvar":0.000631806266028,"dvar2":0.00169431534596,"max":0.338400930166,"mean":0.038441862911,"median":0.0308707598597,"min":1.08124235223e-20,"var":0.0011883743573},"spectral_energyband_high":{"dmean":0.00013117112394,"dmean2":0.000174476430402,"dvar":9.09974104957e-8,"dvar2":1.50363177909e-7,"max":0.00925680808723,"mean":0.000384319835575,"median":0.000180779330549,"min":7.46565318732e-21,"var":4.4908594532e-7},"spectral_energyband_low":{"dmean":0.0113588785753,"dmean2":0.019270427525,"dvar":0.000554564641789,"dvar2":0.00153143319767,"max":0.286226212978,"mean":0.0172354932874,"median":0.0100125521421,"min":5.86275618744e-23,"var":0.000579113548156},"spectral_energyband_middle_high":{"dmean":0.0011412310414,"dmean2":0.0018085000338,"dvar":0.00000468329653813,"dvar2":0.0000116598357636,"max":0.0714188069105,"mean":0.00363393709995,"median":0.00196659495123,"min":1.41688364891e-21,"var":0.0000240375884459},"spectral_energyband_middle_low":{"dmean":0.00508707482368,"dmean2":0.00794325303286,"dvar":0.0000538567801414,"dvar2":0.000133461333462,"max":0.157231017947,"mean":0.0150184771046,"median":0.0105343693867,"min":3.17976578031e-22,"var":0.000226806238061},"spectral_entropy":{"dmean":0.246561259031,"dmean2":0.376047313213,"dvar":0.0727000162005,"dvar2":0.175062388182,"max":9.79298782349,"mean":7.11921548843,"median":7.25457572937,"min":4.2685880661,"var":0.318707823753},"spectral_flux":{"dmean":0.0257868673652,"dmean2":0.0423892885447,"dvar":0.00132303871214,"dvar2":0.00307795661502,"max":0.529798328876,"mean":0.096955023706,"median":0.0910445973277,"min":1.04819215807e-10,"var":0.0038951439783},"spectral_kurtosis":{"dmean":5.83941459656,"dmean2":9.42395114899,"dvar":86.5330352783,"dvar2":227.08694458,"max":228.045837402,"mean":18.9861049652,"median":16.9609146118,"min":-1.20424830914,"var":120.63583374},"spectral_rms":{"dmean":0.000971711764578,"dmean2":0.00154788454529,"dvar":0.00000162226456268,"dvar2":0.00000412643385062,"max":0.0181699544191,"mean":0.00553003279492,"median":0.0054879700765,"min":3.24787701074e-12,"var":0.0000069229949986},"spectral_rolloff":{"dmean":1722.25219727,"dmean2":3259.58129883,"dvar":23731178,"dvar2":61836708,"max":22028.4667969,"mean":2216.29321289,"median":667.529296875,"min":21.533203125,"var":26038392},"spectral_skewness":{"dmean":0.430614203215,"dmean2":0.675375699997,"dvar":0.347937166691,"dvar2":0.89843839407,"max":11.9484205246,"mean":3.06693053246,"median":2.9299659729,"min":0.0091390684247,"var":0.699527740479},"spectral_spread":{"dmean":585220.875,"dmean2":925868.3125,"dvar":472700977152,"dvar2":951068655616,"max":41287428,"mean":3627379.75,"median":3576456.75,"min":538401.5625,"var":935617036288},"spectral_strongpeak":{"dmean":0.47913479805,"dmean2":0.838883757591,"dvar":3.63289284706,"dvar2":10.978682518,"max":74.6496276855,"mean":0.66025865078,"median":0.304954081774,"min":0,"var":2.44924378395},"zerocrossingrate":{"dmean":0.023379156366,"dmean2":0.0305341407657,"dvar":0.000500304042362,"dvar2":0.00079124775948,"max":0.55224609375,"mean":0.139160975814,"median":0.14208984375,"min":0.00537109375,"var":0.00554178562015}},"metadata":{"audio_properties":{"analysis_sample_rate":44100,"bit_rate":320000,"codec":"mp3","downmix":"mix","equal_loudness":0,"length":276.899017334,"lossless":false,"md5_encoded":"d7df84a86a8dcee515e4eb684f7f109f","replay_gain":0.054817199707,"sample_rate":44100},"tags":{"album":["Shine On"],"artist":["Jet"],"date":["2006-09-29"],"file_name":"07 - Jet - Shine On.mp3","musicbrainz_albumid":["748eeed9-7a78-4eda-a356-19ee6b3070e0"],"musicbrainz_artistid":["4efa55ba-93cf-497f-baf3-2ca9da7e193e"],"musicbrainz_recordingid":["d10c795b-12ea-4e2a-b122-96f15814c2e2"],"title":["Shine On"],"tracknumber":["07/14"]},"version":{"essentia":"2.1-beta1","essentia_build_sha":"ca57ba49d9b1854bd80e60cf9ccf267278fb7d6b","essentia_git_sha":"v2.1_beta1-28-g21ef5f4-dirty","extractor":"music 1.0"}},"rhythm":{"beats_count":666,"beats_loudness":{"dmean":0.0222499798983,"dmean2":0.0401221401989,"dvar":0.000492399558425,"dvar2":0.00152660277672,"max":0.223297908902,"mean":0.0474806949496,"median":0.0426205769181,"min":0.0000345422085957,"var":0.00118835340254},"beats_loudness_band_ratio":{"dmean":[0.180820256472,0.131094917655,0.0893231481314,0.0350220948458,0.0145297702402,0.0338620729744],"dmean2":[0.319534510374,0.232678353786,0.155434757471,0.0598508641124,0.0253863818944,0.0572143234313],"dvar":[0.021291334182,0.0159703418612,0.0120091792196,0.00216487841681,0.000344398897141,0.00146069494076],"dvar2":[0.0560678131878,0.0478609539568,0.0321786701679,0.00534007279202,0.000962119782344,0.00420539919287],"max":[0.972743868828,0.806137084961,0.768805265427,0.450854837894,0.168329045177,0.401412934065],"mean":[0.606776833534,0.184223130345,0.114671804011,0.0539062730968,0.0199816040695,0.0635562837124],"median":[0.640874266624,0.141444474459,0.0657913833857,0.0374489352107,0.0144991204143,0.0539016574621],"min":[0.0389998629689,0.00614434573799,0.000907562556677,0.000304701767163,0.000115274538985,0.00173278537113],"var":[0.0482865795493,0.0217901784927,0.0168693978339,0.00334742339328,0.000408359221183,0.00243975548074]},"beats_position":[0.