{"lowlevel":{"average_loudness":0.821855902672,"barkbands":{"dmean":[0.0020226854831,0.0134975174442,0.00380756193772,0.00207789498381,0.00227104616351,0.00132639810909,0.00111383665353,0.000718236027751,0.000630938448012,0.000468702521175,0.000378771102987,0.000322542851791,0.000284294539597,0.00028746415046,0.000284518086119,0.000222524628043,0.000154393652338,0.000100563593151,0.000115104645374,0.0000998654068098,0.0000776843880885,0.0000572549579374,0.0000396155592171,0.0000445860532636,0.0000373296315956,0.0000225271869567,0.00000328942519445],"dmean2":[0.00322441919707,0.0223235823214,0.00650830520317,0.00352294836193,0.00374285993166,0.00212845066562,0.00182012049481,0.00112886657007,0.00102154770866,0.000751260842662,0.000617934565526,0.000531550322194,0.000469112826977,0.000476976914797,0.000468146114144,0.000363627303159,0.000254386715824,0.000164514189237,0.000187612851732,0.000166832178365,0.000131203400088,0.0000924020860111,0.0000622305597062,0.0000707830113242,0.0000611540526734,0.0000380670426239,0.00000580988671572],"dvar":[0.0000150505456986,0.00038246717304,0.0000464892182208,0.0000146494921864,0.0000100727847894,0.00000297655446957,0.00000287883881356,8.52622406455e-7,7.78839535087e-7,6.24069514288e-7,4.20961811187e-7,2.26376741352e-7,1.8105690458e-7,1.56241014793e-7,1.93530226511e-7,1.14522606509e-7,5.07038464548e-8,2.72148845681e-8,3.86901639615e-8,4.66570320157e-8,5.51605090493e-8,2.929471421e-8,9.70270175316e-9,1.54104711214e-8,1.36494824332e-8,5.05702013598e-9,1.24787319367e-10],"dvar2":[0.0000360305566574,0.00100955343805,0.000125352133182,0.0000397034054913,0.000026121535484,0.00000757897851145,0.00000768307381804,0.00000209929021366,0.00000201217653739,0.00000156573787535,0.00000107281300643,6.33707145425e-7,4.8249989959e-7,4.26817905463e-7,5.1241647725e-7,2.99375926716e-7,1.39917048614e-7,7.38520427035e-8,9.64642055123e-8,1.21794585084e-7,1.5402200404e-7,8.15207314986e-8,2.35582771069e-8,3.71161554824e-8,3.44343256131e-8,1.3279713329e-8,3.38033323555e-10],"max":[0.0748231187463,0.186268866062,0.101013883948,0.082764223218,0.0409013852477,0.0224016197026,0.0227600317448,0.0151391820982,0.0103740766644,0.0109195327386,0.0239235330373,0.00860209390521,0.00809842720628,0.00578466011211,0.00669603748247,0.00566156720743,0.00401695165783,0.00294481753372,0.00234462902881,0.00344564695843,0.00509262224659,0.0044161779806,0.00219571404159,0.00266398163512,0.00250964984298,0.00164222437888,0.000201289571123],"mean":[0.00777739519253,0.0243413001299,0.00453166430816,0.00238662422635,0.00395424850285,0.00260204216465,0.00183198449668,0.00126725202426,0.00104846793693,0.00079815951176,0.000620706006885,0.000638108467683,0.000556400162168,0.000555048580281,0.000547927047592,0.0004211277992,0.000302088097669,0.000207049728488,0.000204421085073,0.000147748971358,0.000122375102364,0.00010165405547,0.000074604729889,0.0000638619021629,0.0000439116738562,0.0000206688673643,0.00000241966336034],"median":[0.00138299237005,0.0150835532695,0.0015916848788,0.000933157629333,0.0026357343886,0.00180389964953,0.00104053434916,0.000815942825284,0.000607157766353,0.000410088774515,0.000370416004444,0.000441569893155,0.000367178115994,0.000363140105037,0.000345588981872,0.000265512848273,0.00019484454242,0.000122366313008,0.000103446822322,0.0000525437826582,0.0000288423561869,0.0000236526411754,0.0000156126443471,0.0000113792420962,0.00000660386831441,0.00000263959782387,1.21855222801e-7],"min":[3.01059889792e-24,3.30655024282e-23,1.38643897592e-23,2.96962565972e-24,7.64302718608e-23,3.84713011545e-23,8.25012822785e-23,1.29119415058e-22,4.68879105877e-23,2.2154019408e-23,5.3511016354e-23,1.2727966521e-22,4.44096346342e-23,1.95353754383e-22,2.01677010963e-22,1.03437764299e-22,1.63387785217e-22,1.93342083344e-22,3.10210879819e-22,3.19837204295e-22,5.05354898175e-22,6.16208257906e-22,5.39618270111e-22,9.2383533427e-22,1.11601497743e-21,1.74050493693e-21,2.35232455336e-21],"var":[0.000137179347803,0.000774478772655,0.0000625266038696,0.0000169176128111,0.0000195944012376,0.00000754218399379,0.00000546834553461,0.00000198427915166,0.00000159452008575,0.00000121981952361,8.03950911177e-7,5.68322775507e-7,4.46826390998e-7,4.03741353239e-7,4.67413315164e-7,2.67667360276e-7,1.30179415692e-7,6.35443981878e-8,7.09756378114e-8,5.94376388108e-8,6.05144094834e-8,3.86730540924e-8,1.93889668765e-8,2.03398595744e-8,1.3521535891e-8,4.07985512041e-9,8.57157678169e-11]},"barkbands_crest":{"dmean":2.91920256615,"dmean2":4.97998094559,"dvar":7.01589155197,"dvar2":19.9954376221,"max":23.549993515,"mean":11.1500921249,"median":10.9731760025,"min":2.785831213,"var":16.3679981232},"barkbands_flatness_db":{"dmean":0.0314908511937,"dmean2":0.048466719687,"dvar":0.000829474709462,"dvar2":0.00193390366621,"max":0.731058239937,"mean":0.185415461659,"median":0.157585009933,"min":0.0281999651343,"var":0.0124415792525},"barkbands_kurtosis":{"dmean":5.15390062332,"dmean2":8.4161605835,"dvar":92.3893508911,"dvar2":255.645446777,"max":212.006820679,"mean":10.1910562515,"median":4.37797451019,"min":-1.52284884453,"var":311.130004883},"barkbands_skewness":{"dmean":0.631561875343,"dmean2":1.00392496586,"dvar":0.449497550726,"dvar2":1.18973469734,"max":10.9461021423,"mean":2.25067949295,"median":2.00692558289,"min":-2.22183299065,"var":1.87372040749},"barkbands_spread":{"dmean":4.58443880081,"dmean2":7.34724378586,"dvar":31.544002533,"dvar2":77.961151123,"max":82.3079605103,"mean":14.1564369202,"median":13.6479940414,"min":0.262367099524,"var":73.2518157959},"dissonance":{"dmean":0.0146243004128,"dmean2":0.0245626475662,"dvar":0.000247125717578,"dvar2":0.00060559459962,"max":0.500000059605,"mean":0.474770069122,"median":0.47946190834,"min":0.000518354063388,"var":0.000465641758638},"dynamic_complexity":3.75296187401,"erbbands":{"dmean":[0.475620090961,2.9265525341,5.01728248596,4.85922861099,7.53838920593,7.45744752884,12.5925302505,10.8905935287,16.1014099121,12.6836709976,16.7568378448,15.1333303452,12.7161779404,14.400850296,13.6562232971,13.7088127136,12.7615785599,12.8469390869,14.8768539429,12.1828536987,11.5876846313,7.41561698914,5.77870702744,5.68762397766,5.63696718216,4.69994020462,3.17435574532,2.88277649879,2.21106290817,1.52631866932,1.10269391537,0.862219572067,0.815702080727,0.514676570892,0.218859747052,0.101848989725,0.0412877239287,0.00887795072049,0.000494380947202,0.0000248675369221],"dmean2":[0.784865021706,4.85671138763,8.53760147095,8.14914989471,12.7160825729,12.3849973679,20.3014202118,17.4773311615,26.4582748413,20.1616630554,26.5857048035,24.2926082611,20.7990894318,23.3101730347,22.2453575134,22.6142883301,20.9442996979,21.0409965515,24.765750885,19.8117847443,19.2190322876,12.0792541504,9.53903579712,9.22798633575,9.06416416168,7.81283330917,5.25207328796,4.88186502457,3.60215902328,2.41488909721,1.75768017769,1.36128938198,1.31483697891,0.838255941868,0.358114749193,0.168456375599,0.0710287541151,0.0152647923678,0.000886194524355,0.0000414170717704],"dvar":[0.569349944592,20.765460968,75.6585388184,68.8750076294,160.463790894,128.668365479,379.356109619,221.786193848,604.857727051,290.611633301,530.93951416,461.797119141,555.25390625,607.614624023,420.619140625,435.213806152,368.765808105,301.729309082,515.939208984,367.344055176,354.754852295,118.553764343,87.4674911499,90.7646865845,97.9044113159,103.25177002,61.8565826416,95.2028808594,42.0840187073,14.6543836594,7.88791704178,6.38640117645,5.23119115829,2.21955394745,0.543839633465,0.103043682873,0.0179669447243,0.000728299666662,0.00000312799306812,2.09353090419e-9],"dvar2":[1.59856557846,52.6528968811,199.431411743,176.757034302,428.111968994,332.352874756,945.267883301,562.071350098,1628.16455078,716.142456055,1335.69873047,1164.10205078,1436.28137207,1537.10693359,1103.15161133,1164.81433105,987.843383789,826.639526367,1327.78930664,933.806335449,936.77532959,317.316375732,239.313552856,234.639846802,240.486160278,269.955749512,165.991989136,269.500366211,116.47592926,38.3916778564,19.3077983856,15.0920763016,13.0665550232,5.49662256241,1.39522755146,0.262649029493,0.0482478961349,0.00191230233759,0.00000869401719683,5.62695756656e-9],"max":[8.21669960022,46.7993927002,117.83102417,141.433410645,281.414031982,150.474716187,346.594665527,197.412139893,364.959503174,208.461242676,372.260772705,250.447998047,320.19418335,633.636230469,401.322509766,416.822265625,349.890899658,279.568572998,399.286743164,405.209899902,337.434783936,210.583755493,152.38822937,144.671020508,126.837020874,160.817382813,167.582107544,206.804382324,136.401016235,90.2299118042,59.0833892822,65.3124313354,50.3574638367,28.585226059,16.7257328033,7.49378252029,2.97207689285,0.454435825348,0.0276142340153,0.000964508915786],"mean":[1.09572184086,3.82651042938,6.29968452454,6.63227891922,10.1603527069,12.1894197464,22.4875869751,20.0517292023,26.8931159973,23.0117053986,29.4011974335,26.2079143524,22.73046875,25.9968585968,25.5744304657,28.2623806,26.2770404816,26.8632392883,30.7975597382,24.8928146362,23.3402996063,16.122751236,12.2580833435,11.040719986,9.35964298248,6.96824789047,5.22049570084,4.42970752716,3.75390648842,2.96293449402,2.00090551376,1.36819839478,1.04893040657,0.612886548042,0.249359309673,0.104234866798,0.0351135656238,0.00720657641068,0.000369479705114,0.0000705975617166],"median":[0.455498814583,1.70919954777,2.37214970589,2.74426794052,5.17109727859,7.60880851746,12.6622047424,13.5411605835,15.8886089325,15.0722818375,18.8415184021,15.898815155,12.286907196,14.8057537079,17.2566394806,19.190290451,17.8353900909,19.210641861,20.755979538,16.6941547394,15.3512058258,11.020442009,7.43977737427,5.83502817154,4.37179708481,2.55800843239,1.34775316715,1.02167510986,0.842851817608,0.660031676292,0.433162033558,0.233516827226,0.193204596639,0.0972151681781,0.034239448607,0.016079807654,0.00370501331054,0.000541544752195,0.0000462600764877,0.0000554959224246],"min":[1.67460029098e-21,4.68333749294e-21,1.48085750668e-20,1.13333647469e-20,5.3061461715e-20,3.07935638159e-19,4.74324646886e-19,2.79454646446e-19,9.30829652028e-19,2.19963578977e-18,2.15360980613e-18,1.03763345496e-18,1.04724053739e-18,1.6364760293e-18,2.74608184897e-18,4.24492794904e-18,2.34749577183e-18,8.15369714177e-18,1.2818168616e-17,6.91190672283e-18,4.89046797088e-18,9.27878685193e-18,1.17458067068e-17,1.22522455552e-17,1.76562992151e-17,1.40383650714e-17,1.49723363554e-17,2.4022380471e-17,1.9613800628e-17,1.95071389968e-17,1.55671420816e-17,1.76293612513e-17,1.64517422635e-17,1.33066394472e-17,7.58218813039e-18,4.3256446468e-18,3.73769707511e-18,1.60797593488e-18,3.57056362968e-19,2.99135425181e-20],"var":[1.9007652998,30.3277950287,106.256729126,109.940910339,206.614471436,217.3621521,899.904174805,483.148071289,1123.30480957,637.517883301,1133.99060059,941.206787109,1027.49084473,1278.05859375,913.465698242,1128.88305664,961.34161377,834.608703613,1310.26379395,941.079406738,832.467041016,346.597137451,216.093002319,191.061325073,168.290466309,129.116378784,87.0495681763,92.4097976685,54.2498207092,28.958978653,14.3229351044,9.26531028748,6.02320671082,2.35588502884,0.503747284412,0.0916533470154,0.0134284058586,0.000559212290682,0.00000202011915462,4.30403401808e-9]},"erbbands_crest":{"dmean":2.04370474815,"dmean2":3.37570166588,"dvar":3.85815954208,"dvar2":9.57692432404,"max":33.1426010132,"mean":6.92021465302,"median":6.01587581635,"min":2.16082334518,"var":11.4694862366},"erbbands_flatness_db":{"dmean":0.0202877614647,"dmean2":0.0288561992347,"dvar":0.000406493520131,"dvar2":0.000799910456408,"max":0.372003287077,"mean":0.159251540899,"median":0.149343922734,"min":0.0543566383421,"var":0.00286416360177},"erbbands_kurtosis":{"dmean":0.565638124943,"dmean2":0.922614276409,"dvar":1.80547988415,"dvar2":4.34682846069,"max":46.9101791382,"mean":-0.0624775290489,"median":-0.467707723379,"min":-1.71403288841,"var":5.29096603394},"erbbands_skewness":{"dmean":0.309094876051,"dmean2":0.503738343716,"dvar":0.0900352969766,"dvar2":0.223486557603,"max":5.06723690033,"mean":0.315120369196,"median":0.235556080937,"min":-1.64749252796,"var":0.382399827242},"erbbands_spread":{"dmean":6.43037223816,"dmean2":9.82330989838,"dvar":43.0479240417,"dvar2":86.2583389282,"max":90.1046524048,"mean":35.8737411499,"median":33.5237312317,"min":1.4856762886,"var":167.931381226},"gfcc":{"cov":[[18221.953125,-3660.00805664,-813.49621582,823.865783691,-2501.99047852,791.659667969,-1175.89904785,528.54284668,-764.219360352,390.776062012,-350.130401611,508.797271729,-395.481170654],[-3660.00805664,1693.39147949,-234.456558228,-245.863861084,679.446350098,-318.075164795,339.72543335,-231.22416687,298.313140869,-162.344421387,199.442153931,-157.135345459,158.593536377],[-813.49621582,-234.456558228,898.966247559,164.01940918,267.096038818,197.236907959,96.98046875,64.4052429199,-19.7061710358,34.5651702881,-18.4737358093,26.8279190063,10.2925233841],[823.865783691,-245.863861084,164.01940918,230.440719604,-71.119354248,113.251060486,6.00164318085,18.2953548431,-46.9536972046,-2.44017529488,-28.275100708,24.7968673706,-18.37266922],[-2501.99047852,679.446350098,267.096038818,-71.119354248,581.655395508,-78.5120849609,262.296905518,-73.2088241577,160.976150513,-54.305267334,91.6873703003,-69.6940536499,95.1830978394],[791.659667969,-318.075164795,197.236907959,113.251060486,-78.5120849609,178.586700439,-33.0471916199,64.9267425537,-43.9080848694,38.3453674316,-30.0123634338,39.8877410889,-24.4281864166],[-1175.89904785,339.72543335,96.98046875,6.00164318085,262.296905518,-33.0471916199,209.562576294,-27.9675350189,87.9947662354,-43.1370506287,51.9249610901,-35.637008667,49.8870773315],[528.54284668,-231.22416687,64.4052429199,18.2953548431,-73.2088241577,64.9267425537,-27.9675350189,95.6618652344,-15.8232183456,44.1993904114,-20.8458633423,31.8409481049,-14.1182413101],[-764.219360352,298.313140869,-19.7061710358,-46.9536972046,160.976150513,-43.9080848694,87.9947662354,-15.8232183456,122.688011169,-3.46520996094,61.5628128052,-28.4523162842,46.1128845215],[390.776062012,-162.344421387,34.5651702881,-2.44017529488,-54.305267334,38.3453674316,-43.1370506287,44.1993904114,-3.46520996094,68.9431152344,11.4317741394,30.5022563934,-10.6634187698],[-350.130401611,199.442153931,-18.4737358093,-28.275100708,91.6873703003,-30.0123634338,51.9249610901,-20.8458633423,61.5628128052,11.4317741394,94.8653106689,14.1559829712,40.1750335693],[508.797271729,-157.135345459,26.8279190063,24.7968673706,-69.6940536499,39.8877410889,-35.637008667,31.8409481049,-28.4523162842,30.5022563934,14.1559829712,64.6594619751,6.12258052826],[-395.481170654,158.593536377,10.2925233841,-18.37266922,95.1830978394,-24.4281864166,49.8870773315,-14.1182413101,46.1128845215,-10.6634187698,40.1750335693,6.12258052826,59.4307289124]],"icov":[[0.000219257650315,0.0000118020925584,0.000306953821564,-0.000623654574156,0.000327553221723,-0.000368374690879,0.000406299979659,-0.000457322632428,0.000269107025815,-0.00021125638159,-0.000189344471437,-0.000292756390991,-0.0000326704939653],[0.0000118020925584,0.00348675320856,0.000770318321884,0.000936396245379,-0.00214324425906,0.000563265755773,0.000182557167136,0.00192788697314,-0.00236145220697,0.00416193017736,-0.00335357012227,0.00197068648413,-0.000458083493868],[0.000306953821564,0.000770318321884,0.00347634125501,-0.00201334594749,-0.00309750856832,-0.00252027274109,0.00125642633066,-0.00134899001569,0.00209065154195,-0.000922774022911,-0.00030982575845,-0.000194419641048,-0.000245870323852],[-0.000623654574156,0.000936396245379,-0.00201334594749,0.0105410926044,0.00151206413284,-0.0032137427479,-0.00477689690888,0.00510499672964,-0.00167089572642,0.00382923893631,0.000282207562122,-0.000185544136912,0.000250231329119],[0.000327553221723,-0.00214324425906,-0.00309750856832,0.00151206413284,0.0106638856232,-0.0000909083537408,-0.00570596894249,0.00195157306734,-0.00173185777385,-0.00293139973655,0.00148704193998,0.000966437859461,-0.00324722076766],[-0.000368374690879,0.000563265755773,-0.00252027274109,-0.0032137427479,-0.0000909083537408,0.0147128617391,-0.0000863156310515,-0.00319110555574,-0.00193268281873,-0.000774272484705,0.000916396267712,-0.0019742117729,0.00194058322813],[0.000406299979659,0.000182557167136,0.00125642633066,-0.00477689690888,-0.00570596894249,-0.0000863156310515,0.0161720123142,-0.00655856821686,-0.0014535386581,0.00730726821348,-0.00515280431136,0.00162101513706,0.00024743884569],[-0.000457322632428,0.00192788697314,-0.00134899001569,0.00510499672964,0.00195157306734,-0.00319110555574,-0.00655856821686,0.0262718964368,-0.00797090027481,-0.00836726371199,0.00917069427669,-0.00717718806118,0.000156528927619],[0.000269107025815,-0.00236145220697,0.00209065154195,-0.00167089572642,-0.00173185777385,-0.00193268281873,-0.0014535386581,-0.00797090027481,0.0283344630152,-0.00927138980478,-0.00894708093256,0.0141651937738,-0.010539942421],[-0.00021125638159,0.00416193017736,-0.000922774022911,0.00382923893631,-0.00293139973655,-0.000774272484705,0.00730726821348,-0.00836726371199,-0.00927138980478,0.0392696671188,-0.0137228574604,-0.00430007278919,0.0090459510684],[-0.000189344471437,-0.00335357012227,-0.00030982575845,0.000282207562122,0.00148704193998,0.000916396267712,-0.00515280431136,0.00917069427669,-0.00894708093256,-0.0137228574604,0.0318809226155,-0.0171191636473,-0.00297888624482],[-0.000292756390991,0.00197068648413,-0.000194419641048,-0.000185544136912,0.000966437859461,-0.0019742117729,0.00162101513706,-0.00717718806118,0.0141651937738,-0.00430007278919,-0.0171191636473,0.043043423444,-0.017279997468],[-0.0000326704939653,-0.000458083493868,-0.000245870323852,0.000250231329119,-0.00324722076766,0.00194058322813,0.00024743884569,0.000156528927619,-0.010539942421,0.0090459510684,-0.00297888624482,-0.017279997468,0.0373741164804]],"mean":[-23.3294372559,134.477874756,-112.990005493,29.0510578156,-36.474067688,13.7765197754,-28.6019001007,7.62365961075,-12.4531679153,4.65384864807,-7.64920330048,0.498145908117,-5.39209413528]},"hfc":{"dmean":4.67020225525,"dmean2":7.07412433624,"dvar":66.0995941162,"dvar2":159.185287476,"max":167.469909668,"mean":17.7948207855,"median":13.4149036407,"min":1.16527818096e-16,"var":267.751190186},"melbands":{"dmean":[0.00383840175346,0.00298286648467,0.000901432649698,0.000498726498336,0.000412092136685,0.00023743462225,0.000243500355282,0.000132664834382,0.000138702773256,0.000092145812232,0.0000646695625619,0.0000611157083767,0.0000486025201099,0.0000389808919863,0.0000312574120471,0.0000269475840469,0.0000265516573563,0.0000261442783085,0.0000201488201128,0.000016467010937,0.0000141657128552,0.00000878836908669,0.00000676040417602,0.00000480548033011,0.00000498032750329,0.00000459080865767,0.00000420341893914,0.00000299884140986,0.00000196528367269,0.00000199560122383,0.00000166953384451,0.00000136099845349,0.00000105117317162,8.31973522963e-7,6.77765399359e-7,5.93150616623e-7,5.17001353728e-7,5.70783925014e-7,5.68461416606e-7,4.06406314823e-7],"dmean2":[0.00632444396615,0.00491140410304,0.00149678403977,0.000833958853036,0.000664670486003,0.000380090699764,0.000399820448365,0.000209346209886,0.000221520487685,0.000147804064909,0.000105896382593,0.0000988245446933,0.0000792506034486,0.0000644645697321,0.0000508221564814,0.0000444735705969,0.0000440072071797,0.0000434854664491,0.0000328334353981,0.0000268131152552,0.00002370387665,0.0000144308141898,0.0000112080151666,0.00000798218025011,0.00000817985892354,0.00000749217952034,0.00000694318350725,0.00000507527829541,0.00000328649343828,0.00000335026493303,0.00000283423764813,0.0000022377616915,0.00000174168053491,0.00000132004004172,0.00000109022312245,9.59952217272e-7,8.23860034416e-7,9.22834885841e-7,9.19797855659e-7,6.62376407945e-7],"dvar":[0.0000317809281114,0.0000241622292378,0.00000233005334849,5.45537943708e-7,3.77977869448e-7,9.64655200164e-8,1.39578489211e-7,3.03033047544e-8,3.58963454516e-8,1.69401168648e-8,1.45859671008e-8,1.07130597726e-8,5.85895199023e-9,3.44483552794e-9,1.90182780635e-9,1.7670728214e-9,1.37114342103e-9,1.63432634093e-9,9.49013978513e-10,5.57737356299e-10,6.40203112745e-10,1.71951716754e-10,1.13203724172e-10,6.64258786864e-11,7.06217445634e-11,6.4212309081e-11,7.7528414244e-11,4.13573585101e-11,2.04598421538e-11,3.26010780871e-11,3.55861069778e-11,1.52523393221e-11,9.80776571069e-12,3.63714050197e-12,2.48259117257e-12,3.50263438045e-12,2.10857156388e-12,2.73015854715e-12,2.3875177009e-12,1.44515302503e-12],"dvar2":[0.0000858842249727,0.0000617119221715,0.00000603810985922,0.0000014358390672,9.56326857704e-7,2.46222100486e-7,3.75625688775e-7,7.4577378939e-8,9.20374745306e-8,4.3233225e-8,3.76001878521e-8,2.69233293437e-8,1.50056713721e-8,9.67614433023e-9,5.19672038735e-9,4.73238115362e-9,3.76425646209e-9,4.17993550883e-9,2.53360310509e-9,1.43529532703e-9,1.7247994144e-9,4.67592353726e-10,3.06188185917e-10,1.83937934328e-10,1.85258253182e-10,1.60711277619e-10,1.99292221614e-10,1.11004982983e-10,5.40874359189e-11,9.10413827659e-11,1.01382353901e-10,4.22457034632e-11,2.75812046813e-11,9.30249020176e-12,6.16236662393e-12,8.74487895292e-12,4.81185750967e-12,6.94465752266e-12,5.92518048514e-12,3.64616930398e-12],"max":[0.0552176721394,0.0636242032051,0.0329389087856,0.0107666617259,0.0100976265967,0.0040123402141,0.00539654679596,0.00193466374185,0.00274159270339,0.00142795522697,0.00160468823742,0.00236673140898,0.00234893755987,0.00109718076419,0.00087883049855,0.000832182588056,0.000585788569879,0.000631781062111,0.00054931291379,0.000374795665266,0.000500653812196,0.000226235293667,0.000205428092158,0.000156286347192,0.000129215710331,0.000105210470792,0.000148909268319,0.0000867474591359,0.0000812936050352,0.000130325744976,0.000134443180286,0.0000819261913421,0.0000885131667019,0.0000332888303092,0.0000271051558229,0.0000482769646624,0.0000383417136618,0.0000373212606064,0.0000285329260805,0.0000251306883001],"mean":[0.00846455618739,0.00400689570233,0.00128087610938,0.00078681280138,0.000743423704989,0.000448327045888,0.000408419786254,0.000243045127718,0.000238445019932,0.000154432913405,0.000112222820462,0.000105889579572,0.0000843291563797,0.0000753840868128,0.000065229847678,0.0000525894247403,0.0000504191302753,0.0000505272219016,0.0000388215084968,0.0000304724526359,0.0000264197988145,0.0000171495648829,0.000013297395526,0.00000937355980568,0.00000892923981155,0.00000737560503694,0.00000596217478233,0.00000424418431066,0.00000319109244629,0.00000297104156743,0.00000243702402258,0.00000217029082705,0.00000184419639027,0.0000015571079075,0.00000119014475786,9.36839910537e-7,7.88545833075e-7,7.39694826279e-7,6.64730748667e-7,4.67970721729e-7],"median":[0.0046490104869,0.00159722217359,0.000597188423853,0.000472901767353,0.000448667240562,0.000313926866511,0.00023726533982,0.000163378412253,0.000150809952174,0.0000920251331991,0.0000579155603191,0.0000584524968872,0.0000532677331648,0.0000509891615366,0.0000447182210337,0.0000348658104485,0.0000340748738381,0.0000329002941726,0.0000242177720793,0.0000196518558369,0.0000166495992744,0.0000114559434223,0.00000798323981144,0.00000542636007594,0.00000445959176432,0.00000364453580914,0.00000233812761508,0.00000148741742123,8.61661305862e-7,6.53577103549e-7,5.49979006337e-7,4.83726580569e-7,4.16915383994e-7,3.2742593703e-7,2.607883971e-7,1.67873380974e-7,1.31170537543e-7,1.30838728296e-7,1.14691893316e-7,6.92561314963e-8],"min":[1.11630215751e-23,6.90908914367e-24,2.8303573945e-24,1.13838190093e-23,1.71563520706e-23,6.90938654423e-24,1.47678910866e-23,2.74546251102e-23,1.457494202e-23,6.33953472554e-24,5.00939572691e-24,5.97445029304e-24,7.80382622642e-24,1.52577989523e-23,6.19886386563e-24,4.85020320181e-24,1.74494454513e-23,2.09360181703e-23,1.36650367198e-23,7.10820552475e-24,5.09454182315e-24,7.86444150952e-24,1.46939353767e-23,7.90528399402e-24,9.76773252643e-24,1.1755319642e-23,1.40140761159e-23,7.69963584464e-24,8.34823175889e-24,1.32082523347e-23,1.50332670505e-23,1.09633103929e-23,1.24962122821e-23,9.86219152008e-24,8.05676816479e-24,8.82723362257e-24,1.19800574364e-23,1.09728627096e-23,1.10736483677e-23,1.15068489672e-23],"var":[0.0000944685889408,0.0000372112444893,0.00000361165712093,9.25294386889e-7,8.64274170453e-7,2.19750546648e-7,2.62514760152e-7,6.86314649556e-8,7.45154764559e-8,3.50343576372e-8,2.65710244918e-8,2.21079829998e-8,1.19944090216e-8,7.97970134414e-9,5.6501727741e-9,4.10206890678e-9,3.20616644345e-9,3.80689391122e-9,2.42012876406e-9,1.32570199263e-9,1.27922739068e-9,4.14430489926e-10,2.80265893826e-10,1.34808900154e-10,1.35953900915e-10,1.02600400398e-10,9.67397759122e-11,4.95046226234e-11,3.13665933505e-11,3.59770130354e-11,3.1902758213e-11,1.88553981456e-11,1.30623272615e-11,7.99556514747e-12,4.75359595437e-12,4.61960678044e-12,3.11574290673e-12,3.07631481053e-12,2.59340660926e-12,1.45586494249e-12]},"melbands_crest":{"dmean":3.59737586975,"dmean2":6.00371217728,"dvar":9.6053981781,"dvar2":25.5886745453,"max":39.4390144348,"mean":19.100730896,"median":17.5319576263,"min":2.52534008026,"var":77.1514205933},"melbands_flatness_db":{"dmean":0.0366845466197,"dmean2":0.0571812912822,"dvar":0.00115859718062,"dvar2":0.00273359543644,"max":0.881035685539,"mean":0.275165855885,"median":0.242338314652,"min":0.00684119248763,"var":0.0165527239442},"melbands_kurtosis":{"dmean":22.9563846588,"dmean2":37.9556045532,"dvar":7913.34960938,"dvar2":20954.9179688,"max":3132.53100586,"mean":47.5537719727,"median":12.3431596756,"min":-1.32882893085,"var":23268.5488281},"melbands_skewness":{"dmean":1.02386188507,"dmean2":1.64575636387,"dvar":1.97437405586,"dvar2":5.14912939072,"max":35.4406585693,"mean":3.92273736,"median":3.09730935097,"min":-0.13699260354,"var":11.2834882736},"melbands_spread":{"dmean":4.6293296814,"dmean2":7.41634082794,"dvar":32.4170646667,"dvar2":72.081741333,"max":161.403427124,"mean":13.5048789978,"median":12.2570381165,"min":0.0261627677828,"var":107.447143555},"mfcc":{"cov":[[14587.7109375,-1906.67700195,-702.909240723,-58.537815094,-1001.73724365,-408.0703125,-423.581390381,-179.570556641,-373.817657471,-258.571899414,-179.117660522,-86.6117630005,-38.8288192749],[-1906.67700195,1203.43469238,-422.777099609,32.6073036194,153.842590332,0.0184982009232,0.615970849991,9.37788200378,2.53752422333,31.4027690887,59.5099906921,39.0805511475,36.1376190186],[-702.909240723,-422.777099609,757.452331543,80.6076965332,173.60597229,187.617736816,138.02545166,89.7993392944,72.4677429199,28.6552333832,1.03428089619,-4.93961811066,2.56844186783],[-58.537815094,32.6073036194,80.6076965332,126.190734863,50.6291999817,54.1257858276,47.0476875305,33.3459014893,19.4195899963,5.43828630447,3.00148153305,1.83663582802,9.51754188538],[-1001.73724365,153.842590332,173.60597229,50.6291999817,189.511657715,98.3977661133,74.3739624023,44.2773704529,50.8703804016,32.5468864441,23.3464813232,11.8378696442,13.0462703705],[-408.0703125,0.0184982009232,187.617736816,54.1257858276,98.3977661133,136.298919678,67.0406494141,50.5111999512,32.4158630371,20.5430679321,14.0073776245,8.30399036407,6.7335934639],[-423.581390381,0.615970849991,138.02545166,47.0476875305,74.3739624023,67.0406494141,104.787666321,53.0179748535,34.6636428833,14.7919979095,10.5326471329,6.458152771,8.52789497375],[-179.570556641,9.37788200378,89.7993392944,33.3459014893,44.2773704529,50.5111999512,53.0179748535,74.9439926147,36.6888694763,15.3325862885,5.54630756378,4.64273023605,8.47051620483],[-373.817657471,2.53752422333,72.4677429199,19.4195899963,50.8703804016,32.4158630371,34.6636428833,36.6888694763,72.3101730347,32.0813903809,9.34080028534,4.28445148468,-0.261312186718],[-258.571899414,31.4027690887,28.6552333832,5.43828630447,32.5468864441,20.5430679321,14.7919979095,15.3325862885,32.0813903809,48.4952201843,24.7704296112,9.24736022949,6.49041318893],[-179.117660522,59.5099906921,1.03428089619,3.00148153305,23.3464813232,14.0073776245,10.5326471329,5.54630756378,9.34080028534,24.7704296112,44.9194450378,24.9234657288,11.1192817688],[-86.6117630005,39.0805511475,-4.93961811066,1.83663582802,11.8378696442,8.30399036407,6.458152771,4.64273023605,4.28445148468,9.24736022949,24.9234657288,40.7512054443,20.4204158783],[-38.8288192749,36.1376190186,2.56844186783,9.51754188538,13.0462703705,6.7335934639,8.52789497375,8.47051620483,-0.261312186718,6.49041318893,11.1192817688,20.4204158783,41.7451400757]],"icov":[[0.000155895802891,0.000298380880849,0.000230033096159,-0.000331952702254,0.000347750552464,-0.000105604791315,0.000349889247445,-0.000393983646063,0.000434804096585,0.000142232514918,-0.000101746853034,0.0000608939371887,-0.000157023183419],[0.000298380880849,0.00251639937051,0.00225457712077,-0.000992226996459,-0.00247403001413,-0.000168815924553,0.000953671347816,-0.00169584387913,0.00170277105644,0.000286481546937,-0.00126001553144,0.000188450721907,-0.00065408408409],[0.000230033096159,0.00225457712077,0.00426555518061,-0.000597356876824,-0.00289847468957,-0.00234767515212,-0.000477457826491,-0.00140566111077,0.000881974468939,0.000295086734695,-0.000171591964317,0.000620064267423,-0.000494701729622],[-0.000331952702254,-0.000992226996459,-0.000597356876824,0.0111997388303,-0.000693648704328,-0.00238661724143,-0.00313357822597,-0.0000481949937239,-0.00173297699075,0.00132775807288,0.000405262660934,0.00134192826226,-0.00169650220778],[0.000347750552464,-0.00247403001413,-0.00289847468957,-0.000693648704328,0.0163324754685,-0.00508954003453,-0.00263655441813,0.00292991870083,-0.00425843987614,-0.000323121174006,-0.00104151433334,0.00125319662038,-0.00184959149919],[-0.000105604791315,-0.000168815924553,-0.00234767515212,-0.00238661724143,-0.00508954003453,0.017297282815,-0.00200657360256,-0.00458148401231,0.00269215903245,-0.00208180909976,-0.000511177699082,-0.00214862078428,0.00240424810909],[0.000349889247445,0.000953671347816,-0.000477457826491,-0.00313357822597,-0.00263655441813,-0.00200657360256,0.0209117121994,-0.00931548606604,-0.000355462078005,0.00282898009755,-0.00292996922508,0.000461788964458,-0.000877934740856],[-0.000393983646063,-0.00169584387913,-0.00140566111077,-0.0000481949937239,0.00292991870083,-0.00458148401231,-0.00931548606604,0.0275809504092,-0.0105004198849,0.000226016098168,0.00195824191906,0.000718861876521,-0.00364515930414],[0.000434804096585,0.00170277105644,0.000881974468939,-0.00173297699075,-0.00425843987614,0.00269215903245,-0.000355462078005,-0.0105004198849,0.0298845935613,-0.0170531850308,0.00681666610762,-0.00493417354301,0.00580748496577],[0.000142232514918,0.000286481546937,0.000295086734695,0.00132775807288,-0.000323121174006,-0.00208180909976,0.00282898009755,0.000226016098168,-0.0170531850308,0.0436153560877,-0.0242080539465,0.00964613258839,-0.00578201049939],[-0.000101746853034,-0.00126001553144,-0.000171591964317,0.000405262660934,-0.00104151433334,-0.000511177699082,-0.00292996922508,0.00195824191906,0.00681666610762,-0.0242080539465,0.0502494834363,-0.0269166752696,0.00511218886822],[0.0000608939371887,0.000188450721907,0.000620064267423,0.00134192826226,0.00125319662038,-0.00214862078428,0.000461788964458,0.000718861876521,-0.00493417354301,0.00964613258839,-0.0269166752696,0.0486918836832,-0.0189154986292],[-0.000157023183419,-0.00065408408409,-0.000494701729622,-0.00169650220778,-0.00184959149919,0.00240424810909,-0.000877934740856,-0.00364515930414,0.00580748496577,-0.00578201049939,0.00511218886822,-0.0189154986292,0.0347279980779]],"mean":[-660.497680664,156.603683472,-2.66800546646,23.1310482025,14.664481163,11.4854364395,2.75339126587,5.49274349213,2.85612010956,5.62651205063,3.94831347466,2.47459626198,4.23533153534]},"pitch_salience":{"dmean":0.0912788063288,"dmean2":0.153280690312,"dvar":0.00647781370208,"dvar2":0.0185044389218,"max":0.945735752583,"mean":0.502353668213,"median":0.527290046215,"min":0.0315072759986,"var":0.0281693544239},"silence_rate_20dB":{"dmean":0,"dmean2":0,"dvar":0,"dvar2":0,"max":1,"mean":1,"median":1,"min":1,"var":0},"silence_rate_30dB":{"dmean":0.0756143704057,"dmean2":0.151264473796,"dvar":0.0698967725039,"dvar2":0.152494296432,"max":1,"mean":0.861563920975,"median":1,"min":0,"var":0.119271054864},"silence_rate_60dB":{"dmean":0.0103969750926,"dmean2":0.0207988657057,"dvar":0.0102877980098,"dvar2":0.0227316822857,"max":1,"mean":0.0637845471501,"median":0,"min":0,"var":0.0597210265696},"spectral_centroid":{"dmean":232.176101685,"dmean2":362.42855835,"dvar":84480.0078125,"dvar2":184168.421875,"max":10584.3222656,"mean":940.546020508,"median":920.818603516,"min":77.7305984497,"var":193217.296875},"spectral_complexity":{"dmean":3.930529356,"dmean2":6.03167104721,"dvar":17.3562450409,"dvar2":39.7110748291,"max":60,"mean":22.7840766907,"median":23,"min":0,"var":147.255157471},"spectral_contrast_coeffs":{"dmean":[0.0530282519758,0.047302428633,0.033394407481,0.0249901860952,0.0187011379749,0.0185346901417],"dmean2":[0.0903996154666,0.0790754109621,0.0551847629249,0.0423823185265,0.0311812255532,0.029927637428],"dvar":[0.00168173876591,0.00131844682619,0.000674319569953,0.000370847119484,0.000213794133742,0.000307863665512],"dvar2":[0.00495763868093,0.00371926696971,0.00183667649981,0.00104647583794,0.000585858302657,0.000742355070543],"max":[-0.460585922003,-0.531432390213,-0.635302484035,-0.703409016132,-0.715086042881,-0.632337987423],"mean":[-0.708690881729,-0.75927644968,-0.813950121403,-0.820369124413,-0.811747074127,-0.772308886051],"median":[-0.710881352425,-0.759901881218,-0.814993739128,-0.819341301918,-0.811011552811,-0.770601212978],"min":[-0.976224958897,-0.955031394958,-0.975054740906,-0.957377791405,-0.957260012627,-0.961550712585],"var":[0.00511088687927,0.00366076361388,0.00213440298103,0.000978780561127,0.000692315923516,0.0012557801092]},"spectral_contrast_valleys":{"dmean":[0.397945970297,0.343148976564,0.300315231085,0.256423413754,0.299871474504,0.441728383303],"dmean2":[0.651302933693,0.567701280117,0.484814345837,0.403353452682,0.445312947035,0.585848271847],"dvar":[0.15974457562,0.126888200641,0.124840244651,0.102195091546,0.16271366179,0.244031563401],"dvar2":[0.306291669607,0.238814264536,0.212640851736,0.15754365921,0.273240864277,0.456772297621],"max":[-4.83020591736,-4.84976816177,-5.09369897842,-5.48398065567,-5.67066049576,-7.63761997223],"mean":[-6.54745292664,-6.42930078506,-6.9718337059,-7.28073167801,-7.78172969818,-10.9266796112],"median":[-6.34843015671,-6.09062194824,-6.66872930527,-6.92675828934,-7.44410657883,-10.3753967285],"min":[-26.7316513062,-27.2740325928,-26.8090991974,-27.4197692871,-27.3323192596,-27.1452121735],"var":[1.12468779087,1.49630844593,1.46398568153,1.58088171482,2.17066287994,3.88897371292]},"spectral_decrease":{"dmean":4.53430670788e-9,"dmean2":7.1441066396e-9,"dvar":3.63798103129e-17,"dvar2":8.76057259111e-17,"max":1.51261503835e-19,"mean":-1.4189676989e-8,"median":-1.14173941412e-8,"min":-7.21065873677e-8,"var":1.39677652061e-16},"spectral_energy":{"dmean":0.017271514982,"dmean2":0.0271079614758,"dvar":0.000520645990036,"dvar2":0.00125233305153,"max":0.27583694458,"mean":0.0551692023873,"median":0.0449638776481,"min":1.07140584997e-20,"var":0.00206619082019},"spectral_energyband_high":{"dmean":0.000284186069621,"dmean2":0.000454415334389,"dvar":6.20882190105e-7,"dvar2":0.00000157419901825,"max":0.0154728386551,"mean":0.00049525644863,"median":0.000117808267532,"min":7.73700073998e-21,"var":8.88862416559e-7},"spectral_energyband_low":{"dmean":0.0161225665361,"dmean2":0.0260769594461,"dvar":0.000524275004864,"dvar2":0.0012981769396,"max":0.250305354595,"mean":0.0370841808617,"median":0.0246690064669,"min":5.03284106745e-23,"var":0.00156424881425},"spectral_energyband_middle_high":{"dmean":0.00133772159461,"dmean2":0.00204255548306,"dvar":0.00000295238260151,"dvar2":0.00000716116892363,"max":0.0459134168923,"mean":0.00482322927564,"median":0.00374520593323,"min":1.61682164441e-21,"var":0.0000214526207856},"spectral_energyband_middle_low":{"dmean":0.00468981871381,"dmean2":0.0074928640388,"dvar":0.0000371375754185,"dvar2":0.0000933941919357,"max":0.121992148459,"mean":0.0133240846917,"median":0.0115731889382,"min":3.84444584267e-22,"var":0.000117966694233},"spectral_entropy":{"dmean":0.17426392436,"dmean2":0.264055401087,"dvar":0.0347242690623,"dvar2":0.0733171254396,"max":9.80293083191,"mean":7.48375844955,"median":7.54803466797,"min":4.84497976303,"var":0.262320697308},"spectral_flux":{"dmean":0.0277224052697,"dmean2":0.0458340607584,"dvar":0.000929432339035,"dvar2":0.00245457212441,"max":0.423508167267,"mean":0.106908604503,"median":0.0947573557496,"min":1.03508736304e-10,"var":0.00347052351572},"spectral_kurtosis":{"dmean":3.28274106979,"dmean2":5.59405469894,"dvar":30.188211441,"dvar2":86.2957077026,"max":111.251846313,"mean":8.42642879486,"median":5.5482506752,"min":-1.17904508114,"var":107.29750061},"spectral_rms":{"dmean":0.00106573838275,"dmean2":0.0016474070726,"dvar":0.00000132768730055,"dvar2":0.00000307249865727,"max":0.0164045486599,"mean":0.00664256606251,"median":0.0066232313402,"min":3.23306962799e-12,"var":0.00000969983375398},"spectral_rolloff":{"dmean":283.408294678,"dmean2":475.625671387,"dvar":275338.21875,"dvar2":575712.6875,"max":18776.953125,"mean":683.146850586,"median":473.73046875,"min":43.06640625,"var":798168.125},"spectral_skewness":{"dmean":0.309216558933,"dmean2":0.514742970467,"dvar":0.158068448305,"dvar2":0.428751081228,"max":8.46726036072,"mean":1.93589568138,"median":1.76231813431,"min":0.0654069632292,"var":0.613767921925},"spectral_spread":{"dmean":541609.75,"dmean2":772598.8125,"dvar":624761503744,"dvar2":1031535722500,"max":40803464,"mean":3518125.5,"median":3542003,"min":723164.75,"var":2137982107650},"spectral_strongpeak":{"dmean":0.231507718563,"dmean2":0.397914171219,"dvar":0.109652422369,"dvar2":0.294744580984,"max":4.26817512512,"mean":0.41375464201,"median":0.309736043215,"min":0,"var":0.148741930723},"zerocrossingrate":{"dmean":0.00681263115257,"dmean2":0.00908750109375,"dvar":0.000105398554297,"dvar2":0.000134451067424,"max":0.50830078125,"mean":0.0313798859715,"median":0.0302734375,"min":0.00146484375,"var":0.000631403818261}},"metadata":{"audio_properties":{"analysis_sample_rate":44100,"bit_rate":192051,"codec":"mp3","downmix":"mix","equal_loudness":0,"length":98.2465286255,"lossless":false,"md5_encoded":"be19134c98502215dc58db0312633899","replay_gain":-3.78746414185,"sample_rate":44100},"tags":{"acoustid_fingerprint":["AQADAlGWLInyES-ao9CO5h-OHqIMnPBxHHyhH2ZG6IWnIQe147thqkG9HT_CDk0XHb-hK2jeDW-Ca9LRPMPnWKh-iNNzPDqOuPtxFY2mCpwSeEyUCE9yHLVIDGmuZIS2iEcYKpdR6kuK7sGN-2hqzMtxnAb4oMmPbg8C_fjxZMOPhtDQXB3a4wm0HdSPw8fRoyf8QNchnkcR_UKPpsd39PB5PDii6wgbffiHU-iZcGgY5cGHT3HRD44R8tMOlUeuXENXEm9m3EN6XaAu6JVwhkH6_OiRv9CVI3zAPJLxLsczfNGI5tGCPujhf3ibgIlS5JE-6Men4zuuDs2PHtp-mA4uXbAM7ei1o5lEnB_KHzmNpwZ7-JnRBzx-hOmD_ngRrgeTHtdSRagnXMg7od8LXSXxMcc3WFMOqT_u8LguBGWLxmlxXIxYUFJOCrF-aCfCHH_x7LjkFI2SBZUfPFGMI_eF3KCcD7mNM4uP9s1APegPfXiJ_0bPo9FT4bxQ_pCULw8O30T5I-d89Mi07kMvAzp-_EeroxnJQ09u9MiVoNKPS8d1eBd-PMdzvLkQ6PTQM0eYucNx6kWfIr1klMwJXUefI4zy4BMYIeRxHo8OrT8apxSeZWiPJlfwcWh09AxWLfsQ_thC5XB__Ph0uOKH8Bl-6DuqRvnw43lGnHgNs4KnHUd-fMdDXImYwMf_Yu-W4Uxa5MeDEv0P1Ed-4n4RSqQPRbmFPCl6Nzhl9NlxdsaHPEclmYWOVMWPI8ULvQcevaDYHXcgCTmu48HhH_1xnNfwsrjywP9wPBPxkHESNLyII3xxfL_ww99x4-hm-DlqPugH_bC1g_eL_PBBHrVNXIrRwnuO8Ed1HSeJzx_aHTlRtQH147nx4zzSZ-h56Pnw5cPlo5tJnIF_XHjWA_7Ba8d15AXOS9h32Mfz4cqx_UduYvsFzcmp4WWGnA-aOJiq3uiZEp8u_Ag_Ekd_Q9Wi48cvDg_h4w98vEXO4D4-Dc7yGD9-7DhN4atw6jh-FLdXfPiNUGIOLU4_IphSHU8s-EfPDt_xHKF0CvKO9DgJv8eNT8jxQ8d5mMdPCJ6O58cnHGl89DgpC_-EH81zoz8eWTS-1ZFQTrMCH-GD4_rxGw03dA9-_Gieoz96mGoO_biQw8fvocbYXiiFZqkQ8T_6FWKpQ48owZtehCUqM4Zd_CJ-XMqRHn2JSzn042XRXQ9ew1WOX7gIkzvO4MmR8zgu_MNuw9-Jz8TTwMh1-KjFEA-P_BO6419E-Me-o0_wINLJC-IfhLrwBK20Y8qPp8eXIzwJcUb66GiHbzX6E_6JfsYZIeoP_eiPRorwHNolHq7Coz-eCHpglTFy7GKDqsk1hB2Pk3hMaFyP5sel4mjiDFn2BT3ho9IvfMc_xOKh-fBYkDq-vXhwQ5tOlIxy-IQmJiF2kQte9J8Q5jliOsd7NE-hiHwRTmKCbeRxEj4tPMH5GA2z46Rx5vCYnPg8I7nxH3mH7lhfGace3DiuBWGW0Ti3Q_PhJ8cZGunUE_3xRsFvVDq-HH2UHHd4hP8hrjnC40T1C816nPVwCQ0jiQgPjdKPMM-DX_hxpejSqIMvVDciWif0Fb5xRUe9QzyHPkR-dD0cJ9qxN8c54clwMkN-6Eeav-gZ49mOZumLfriWCleEMBMPHemPS5_Q4wSv5WBIwSjyE9pboVmzrQhhi0d