{"lowlevel":{"average_loudness":0.92257386446,"barkbands":{"dmean":[0.0042382129468,0.0136984717101,0.00286783417687,0.000860193627886,0.00126402964815,0.00137917173561,0.00142488651909,0.00125012628268,0.00146757508628,0.00143995322287,0.00208253739402,0.00105542421807,0.000594832003117,0.000301368098008,0.000236289881286,0.000135991023853,0.000137779512443,0.000118991774798,0.000117458839668,0.000104253434984,0.0000593925506109,0.0000288576920866,0.00000971710323938,0.00000431869830209,0.000003217599442,0.00000556104805582,0.000392700574594],"dmean2":[0.0070792012848,0.0235694069415,0.00512390723452,0.00149140879512,0.00211122119799,0.00232140719891,0.00238984311,0.00209358357824,0.00244410615414,0.00241988571361,0.00353688281029,0.00178339472041,0.001014643698,0.000517826469149,0.000400812714361,0.00022911374981,0.000231786092627,0.000203285890166,0.000192801104276,0.000172733969521,0.0000952895061346,0.0000453216198366,0.0000145566000356,0.00000686619387125,0.00000530974648427,0.00000854585687193,0.000625591201242],"dvar":[0.0000572961725993,0.000534659251571,0.0000175251843757,0.00000248614378506,0.00000477823186884,0.0000123439795061,0.00000759574641052,0.0000058206196627,0.00000876588546816,0.00000532205513082,0.00000681856818119,0.00000154908980221,4.79698485378e-7,1.20444852314e-7,8.29861335205e-8,5.2854385757e-8,5.60677122508e-8,4.78464308173e-8,4.01637088032e-8,3.05922753796e-8,9.30130106269e-9,3.17124726479e-9,3.30957455885e-10,4.77161955781e-11,2.90782311424e-11,6.3415779572e-11,1.6285480342e-7],"dvar2":[0.000147911618114,0.00149006163701,0.0000524414499523,0.00000700170812706,0.0000119329006338,0.0000312114461849,0.0000203404761123,0.0000155243033078,0.0000237635631493,0.0000144141404235,0.0000186601355381,0.00000409222093367,0.00000129620298139,3.40472610105e-7,2.31027797781e-7,1.39976819469e-7,1.45319916101e-7,1.3078609129e-7,1.02711339878e-7,8.15276024468e-8,2.41653328459e-8,7.29785121223e-9,6.66444677222e-10,1.1169977443e-10,7.15080286651e-11,1.36294503461e-10,3.89370740095e-7],"max":[0.0850484520197,0.247485280037,0.0580322742462,0.0234207157046,0.0410443469882,0.0624470710754,0.0495570637286,0.0421681106091,0.0393948405981,0.0395131595433,0.0378672778606,0.0187748931348,0.0112471319735,0.00609921431169,0.00371322198771,0.00462093716487,0.00376918562688,0.00278740748763,0.00309177488089,0.00397366145626,0.00168110814411,0.00105582771357,0.000386789441109,0.0000993268258753,0.0000703442565282,0.000123205245472,0.0100711677223],"mean":[0.00459517817944,0.0174708105624,0.00320144020952,0.0010452629067,0.00190204277169,0.00194078101777,0.00211363332346,0.00197579525411,0.00252007087693,0.00245538796298,0.00349804526195,0.00188747851644,0.00113572133705,0.000564949004911,0.000478041940369,0.00025658737286,0.000296792743029,0.000231320911553,0.000282775377855,0.000258608837612,0.000156238253112,0.0000707798462827,0.000020766943635,0.00000634056368654,0.00000343273495673,0.0000112845609692,0.00164502905682],"median":[0.00135632965248,0.00786708574742,0.00171806639992,0.000486313248985,0.00129866041243,0.000671454705298,0.000498489825986,0.000401188852265,0.000676197232679,0.00113532959949,0.00254154670984,0.00156741251703,0.000944611500017,0.000482248957269,0.000384113809559,0.000191613071365,0.000195701024495,0.000158168171765,0.000193576648599,0.000187473415281,0.00011536427337,0.0000409568383475,0.00000989805903373,0.0000027659987154,0.00000130181138047,0.00000621739400231,0.00155740382615],"min":[2.82074571602e-24,3.81457280037e-24,2.40800797116e-24,1.92860654944e-24,1.8028904807e-23,2.25677674864e-23,2.24328628053e-23,2.73883734159e-23,3.50850936307e-23,4.9883294331e-23,1.0416099671e-23,7.49292083977e-23,6.86977121175e-23,8.82399992394e-23,7.63104407339e-23,8.31763326433e-23,6.28203891401e-23,1.40940779713e-22,2.66432027831e-22,2.59622328062e-22,4.2873168987e-22,5.11406281734e-22,6.21606893775e-22,6.48516163564e-22,8.95210664355e-22,1.63801481546e-21,1.94139653273e-21],"var":[0.0000667529529892,0.000622441177256,0.0000176683224709,0.00000258901945926,0.00000576318507228,0.0000162118358276,0.0000140056363307,0.0000122507590277,0.0000202645187528,0.0000113228070404,0.0000121501061585,0.00000256644170804,8.63248146743e-7,1.86211877917e-7,1.78005421958e-7,8.32668405337e-8,1.53632441879e-7,8.04621720363e-8,1.15313206095e-7,9.18213132195e-8,2.95476461076e-8,1.06240838349e-8,1.05109576598e-9,8.71787086965e-11,3.39963612817e-11,2.05432754141e-10,9.61950831879e-7]},"barkbands_crest":{"dmean":3.19870781898,"dmean2":5.34066343307,"dvar":7.78364276886,"dvar2":21.115152359,"max":23.3714904785,"mean":9.72358608246,"median":8.80665016174,"min":2.88863277435,"var":16.6353111267},"barkbands_flatness_db":{"dmean":0.0241886898875,"dmean2":0.0393220223486,"dvar":0.000433854933362,"dvar2":0.00111328240018,"max":0.352764099836,"mean":0.135743245482,"median":0.129890739918,"min":0.0300624910742,"var":0.00202614534646},"barkbands_kurtosis":{"dmean":2.45710134506,"dmean2":4.13804960251,"dvar":16.3662471771,"dvar2":42.2299423218,"max":77.0742416382,"mean":3.88904356956,"median":2.83549976349,"min":-1.8788664341,"var":30.0488967896},"barkbands_skewness":{"dmean":0.500444352627,"dmean2":0.825777888298,"dvar":0.288525223732,"dvar2":0.757078111172,"max":7.48488807678,"mean":1.60088062286,"median":1.50199127197,"min":-2.03603672981,"var":0.781039953232},"barkbands_spread":{"dmean":8.81829833984,"dmean2":14.4011974335,"dvar":76.7031936646,"dvar2":199.393493652,"max":133.499984741,"mean":36.676990509,"median":32.3106002808,"min":1.43130326271,"var":369.634399414},"dissonance":{"dmean":0.0166660510004,"dmean2":0.0292489863932,"dvar":0.000517987180501,"dvar2":0.00145512307063,"max":0.500000238419,"mean":0.47757256031,"median":0.484449237585,"min":0.181153923273,"var":0.000611909083091},"dynamic_complexity":4.29596233368,"erbbands":{"dmean":[0.61795181036,2.49298119545,3.62471675873,2.7598092556,3.05918979645,5.08334064484,8.58727455139,11.9314651489,17.7137928009,24.2164955139,26.004743576,33.1443557739,41.017074585,53.4215393066,76.5141525269,32.6381835938,26.8170757294,16.5597629547,10.6689777374,10.305811882,7.17463588715,7.16048955917,6.34846687317,6.20274019241,5.24785661697,4.67391014099,2.92038464546,2.06702756882,1.11472606659,0.547308504581,0.239489838481,0.117708608508,0.0588413774967,0.0356980226934,0.0231462139636,0.0141665972769,0.0106566660106,0.0167757030576,0.0227867830545,0.0090562524274],"dmean2":[1.0619572401,4.31135892868,6.436627388,4.81875562668,5.22773313522,8.52307701111,14.3826990128,20.0235271454,29.4349632263,41.2578315735,43.4934501648,55.628364563,67.7149658203,90.765663147,129.696868896,54.8948287964,45.5500411987,28.4047031403,18.034620285,17.4388332367,12.0538511276,12.0562753677,10.8102550507,10.2372760773,8.53890419006,7.73038434982,4.7575712204,3.31963324547,1.74610841274,0.847133219242,0.362134993076,0.184422701597,0.0950037539005,0.0589655600488,0.0381377227604,0.0231422409415,0.0161713659763,0.0229435712099,0.0324564166367,0.0145353926346],"dvar":[1.18738150597,17.0229606628,28.7278804779,19.3432159424,25.7140541077,86.5291748047,514.606506348,1011.98895264,1514.7199707,2250.24243164,2665.87182617,4536.53662109,5497.96435547,5889.05957031,8789.06542969,1411.36108398,1038.62792969,360.66116333,164.418441772,168.859237671,181.803878784,155.819122314,148.569244385,123.495033264,74.7614822388,63.3288574219,20.7270774841,12.7411088943,4.64369106293,1.21423506737,0.19187887013,0.0413600280881,0.00881852768362,0.003664908465,0.00146688823588,0.00048741165665,0.000224461939069,0.000754726701416,0.00118614733219,0.0000802177382866],"dvar2":[3.30071949959,48.8454971313,84.7771453857,56.5965194702,68.928894043,220.375411987,1290.61633301,2586.37255859,3965.94921875,6217.33837891,7137.60791016,12592.5791016,14544.6191406,16056.0078125,23795.9179688,3689.62963867,2789.42529297,1002.57946777,462.96875,470.61227417,478.008209229,411.880554199,407.318206787,331.338043213,191.865066528,166.418807983,53.7876472473,32.2558174133,10.7903833389,2.54740571976,0.414201557636,0.0941674262285,0.021494736895,0.0090366974473,0.00360273662955,0.00119476206601,0.000475231645396,0.00121132668573,0.00233831210062,0.000195032189367],"max":[12.1309099197,53.332485199,65.4105911255,58.0357284546,106.645195007,210.012329102,391.058685303,639.242736816,724.636047363,730.433227539,750.806945801,1004.02728271,1311.01306152,1118.81420898,1667.61889648,609.585144043,622.722961426,357.821289062,180.286743164,170.368408203,325.883636475,220.720901489,155.06288147,196.136962891,174.451477051,180.876083374,78.4171600342,86.0576019287,48.1298866272,22.2625637054,7.59945440292,3.42156386375,1.21481001377,0.794798731804,0.496052354574,0.278200298548,0.186221078038,0.605463504791,0.923653960228,0.20241740346],"mean":[0.724890828133,3.03694272041,4.29744052887,3.58755731583,4.07822036743,7.11913394928,12.2760572433,15.9122400284,25.8804512024,38.7902297974,44.4181900024,56.384098053,73.6300201416,97.9292373657,138.426712036,69.0384140015,53.9224967957,34.7959518433,23.95728302,22.0851421356,15.1061353683,15.6231050491,12.7633275986,14.01699543,13.6132287979,11.7786283493,7.77758455276,5.19641780853,2.8089723587,1.29299986362,0.499805539846,0.196886375546,0.0769053995609,0.0385676063597,0.0251610167325,0.0177287999541,0.022755779326,0.0575444623828,0.0898638144135,0.0496381707489],"median":[0.256786108017,1.36060774326,2.32141113281,2.17899155617,2.72986459732,4.45694923401,4.97358798981,5.46079921722,6.71394443512,7.37901592255,10.7285261154,15.6103744507,28.8170814514,65.5991897583,103.116195679,58.7268409729,44.9341659546,30.3112640381,20.9568748474,18.1572341919,12.0064907074,11.2993431091,8.76656913757,9.79387569427,9.81002140045,8.50019454956,6.00543403625,3.71064090729,1.68204140663,0.666701257229,0.23588770628,0.0850613564253,0.0341701023281,0.0152400322258,0.010003298521,0.00912062637508,0.0127451801673,0.0383431464434,0.0713603049517,0.049769859761],"min":[9.14652475841e-23,1.06415261095e-21,3.40404976515e-21,6.22279210263e-21,2.45481421035e-20,5.29830217285e-20,1.29363680726e-19,2.14999518194e-19,2.68512597906e-19,3.69779951753e-19,8.29268933407e-19,8.68870722221e-19,1.15964042396e-18,1.17924015839e-18,1.53371269346e-18,3.04376636705e-18,2.92398316973e-18,4.15329453514e-18,2.38415310785e-18,5.43210335444e-18,4.48063099664e-18,4.469121192e-18,7.56440622876e-18,8.20332549698e-18,1.03375887893e-17,1.11359148606e-17,1.54219569948e-17,1.44199186726e-17,1.44460360732e-17,1.42425049748e-17,1.7547650696e-17,1.22086655447e-17,1.14329372206e-17,7.82612121149e-18,7.63834128627e-18,4.36413087916e-18,3.11398614284e-18,1.09977488149e-18,2.93991957971e-19,2.70450061695e-20],"var":[1.27356851101,19.1208648682,31.3580913544,20.1283454895,27.2777500153,95.4881515503,721.337280273,1191.54455566,2673.99121094,4672.42578125,5611.65576172,10043.1142578,12739.6552734,10745.0371094,17989.2832031,2836.3125,1904.08911133,629.657836914,335.076049805,375.140930176,272.794616699,334.511901855,243.847549438,283.17767334,248.091262817,197.426300049,69.2542724609,37.2915763855,15.6086072922,4.09527349472,0.573991239071,0.0881860032678,0.0129204569384,0.00425422051921,0.00173827249091,0.000638004683424,0.00079079286661,0.00504224607721,0.00834815017879,0.000577063416131]},"erbbands_crest":{"dmean":2.7922308445,"dmean2":4.7300658226,"dvar":6.01615047455,"dvar2":16.1756687164,"max":31.559337616,"mean":9.90752220154,"median":8.90786361694,"min":2.90985751152,"var":20.6959781647},"erbbands_flatness_db":{"dmean":0.0202271770686,"dmean2":0.032204426825,"dvar":0.000305175897665,"dvar2":0.000743193784729,"max":0.431620806456,"mean":0.170122236013,"median":0.15585026145,"min":0.0544213317335,"var":0.00324011151679},"erbbands_kurtosis":{"dmean":1.68863463402,"dmean2":2.73062825203,"dvar":11.7630786896,"dvar2":25.7386035919,"max":91.2273406982,"mean":3.07081103325,"median":1.47163200378,"min":-1.46791613102,"var":44.2373428345},"erbbands_skewness":{"dmean":0.35274797678,"dmean2":0.56979227066,"dvar":0.12427175045,"dvar2":0.285869896412,"max":3.43343639374,"mean":0.0290162209421,"median":0.12195456028,"min":-6.87883090973,"var":1.05883145332},"erbbands_spread":{"dmean":4.64106178284,"dmean2":7.57394647598,"dvar":17.3867454529,"dvar2":46.8008842468,"max":65.8540344238,"mean":20.825958252,"median":20.1261940002,"min":0.831260085106,"var":108.656745911},"gfcc":{"cov":[[21685.5703125,2863.41894531,-1261.41711426,46.4092712402,409.905273438,-652.059387207,1444.30627441,21.3847980499,678.731140137,442.891174316,361.662506104,-204.578979492,0.796164751053],[2863.41894531,1355.93237305,-163.323730469,-450.364959717,194.824142456,-88.100189209,164.756362915,-162.699493408,-5.32433176041,-31.9966125488,79.7361984253,-154.886077881,78.0741119385],[-1261.41711426,-163.323730469,314.559844971,116.372001648,-109.004463196,144.997497559,-100.410568237,58.5012512207,-68.9680252075,49.6260681152,-7.10473155975,19.3292121887,-16.5888061523],[46.4092712402,-450.364959717,116.372001648,619.737121582,-39.3315429688,-54.2830810547,149.338531494,125.35218811,116.059005737,135.742980957,12.1162433624,115.151275635,-80.3997116089],[409.905273438,194.824142456,-109.004463196,-39.3315429688,395.022613525,47.1105041504,43.2917060852,-51.3992767334,-50.4554214478,-85.8576202393,27.2308444977,-30.0714550018,82.900642395],[-652.059387207,-88.100189209,144.997497559,-54.2830810547,47.1105041504,246.130844116,-58.5196990967,22.5187931061,-103.745605469,-13.0512647629,-5.73618650436,-23.8951759338,25.7475261688],[1444.30627441,164.756362915,-100.410568237,149.338531494,43.2917060852,-58.5196990967,334.289703369,36.4383621216,138.218826294,99.5763015747,33.9593925476,4.90914201736,-44.6635093689],[21.3847980499,-162.699493408,58.5012512207,125.35218811,-51.3992767334,22.5187931061,36.4383621216,195.450942993,88.3596954346,92.1029129028,5.44877672195,6.32550477982,-13.6640548706],[678.731140137,-5.32433176041,-68.9680252075,116.059005737,-50.4554214478,-103.745605469,138.218826294,88.3596954346,186.87411499,94.4574508667,19.6675662994,31.5616474152,-39.9199905396],[442.891174316,-31.9966125488,49.6260681152,135.742980957,-85.8576202393,-13.0512647629,99.5763015747,92.1029129028,94.4574508667,158.165359497,47.6231651306,20.3163757324,-29.5881214142],[361.662506104,79.7361984253,-7.10473155975,12.1162433624,27.2308444977,-5.73618650436,33.9593925476,5.44877672195,19.6675662994,47.6231651306,74.0661621094,25.8862876892,18.8547534943],[-204.578979492,-154.886077881,19.3292121887,115.151275635,-30.0714550018,-23.8951759338,4.90914201736,6.32550477982,31.5616474152,20.3163757324,25.8862876892,91.8322753906,2.25481677055],[0.796164751053,78.0741119385,-16.5888061523,-80.3997116089,82.900642395,25.7475261688,-44.6635093689,-13.6640548706,-39.9199905396,-29.5881214142,18.8547534943,2.25481677055,77.2227172852]],"icov":[[0.000133895635372,-0.000392465211917,0.000801393762231,-0.000396930787247,0.000239662927925,-0.000331807124894,-0.0000311151816277,-0.000189705417142,0.000142099466757,-0.000198804569663,-0.0000739282259019,-0.0000110604059955,-0.0000282539767795],[-0.000392465211917,0.00358965271153,-0.00460035447031,0.00275773392059,-0.0011806730181,0.00305580766872,-0.00204891269095,0.00221973331645,-0.00157022417989,0.001386567601,-0.00280069909059,0.00412707496434,-0.00200301897712],[0.000801393762231,-0.00460035447031,0.0154525488615,-0.00603586249053,0.0038389659021,-0.00836903695017,0.00424226606265,-0.00297720055096,0.00435976404697,-0.00482618296519,0.00242692464963,-0.00376869249158,0.00219616852701],[-0.000396930787247,0.00275773392059,-0.00603586249053,0.00743911927566,-0.00396815408021,0.00500658992678,-0.00282503897324,-0.000850733777042,0.00157048401888,-0.00258313678205,0.00231221411377,-0.0047927973792,0.00386819429696],[0.000239662927925,-0.0011806730181,0.0038389659021,-0.00396815408021,0.00716970628127,-0.00368826603517,-0.00071381253656,0.000334739539539,-0.00121980416588,0.00545583013445,-0.00472243875265,0.00481563154608,-0.00646399334073],[-0.000331807124894,0.00305580766872,-0.00836903695017,0.00500658992678,-0.00368826603517,0.0122917164117,-0.00375652872026,-0.00166120450012,0.00467120483518,-0.000604737375397,-0.000258561514784,0.000806839496363,-0.0000541573062947],[-0.0000311151816277,-0.00204891269095,0.00424226606265,-0.00282503897324,-0.00071381253656,-0.00375652872026,0.00872530974448,0.00086893531261,-0.00298380828463,-0.00382435182109,0.00188756315038,-0.00136767735239,0.00383218750358],[-0.000189705417142,0.00221973331645,-0.00297720055096,-0.000850733777042,0.000334739539539,-0.00166120450012,0.00086893531261,0.0128211854026,-0.00891568791121,-0.00193791417405,-0.00066218979191,0.00759458448738,-0.00621334183961],[0.000142099466757,-0.00157022417989,0.00435976404697,0.00157048401888,-0.00121980416588,0.00467120483518,-0.00298380828463,-0.00891568791121,0.0210072137415,-0.00808605644852,0.00551878567785,-0.0107958922163,0.00733557762578],[-0.000198804569663,0.001386567601,-0.00482618296519,-0.00258313678205,0.00545583013445,-0.000604737375397,-0.00382435182109,-0.00193791417405,-0.00808605644852,0.0254198368639,-0.0175563916564,0.0103151304647,-0.00379108986817],[-0.0000739282259019,-0.00280069909059,0.00242692464963,0.00231221411377,-0.00472243875265,-0.000258561514784,0.00188756315038,-0.00066218979191,0.00551878567785,-0.0175563916564,0.0334509909153,-0.0174184478819,0.000358755380148],[-0.0000110604059955,0.00412707496434,-0.00376869249158,-0.0047927973792,0.00481563154608,0.000806839496363,-0.00136767735239,0.00759458448738,-0.0107958922163,0.0103151304647,-0.0174184478819,0.0326276943088,-0.0131863737479],[-0.0000282539767795,-0.00200301897712,0.00219616852701,0.00386819429696,-0.00646399334073,-0.0000541573062947,0.00383218750358,-0.00621334183961,0.00733557762578,-0.00379108986817,0.000358755380148,-0.0131863737479,0.0301853753626]],"mean":[-3.89447927475,92.8115234375,-101.904640198,-16.097366333,-7.86767196655,-12.421954155,17.6653156281,-20.3333358765,-5.59260559082,-11.4123859406,-0.947900593281,-2.21281719208,-0.734626710415]},"hfc":{"dmean":105.203536987,"dmean2":179.309295654,"dvar":25289.1347656,"dvar2":72559.140625,"max":2299.03198242,"mean":320.595367432,"median":273.089294434,"min":1.08401681785e-16,"var":52052.921875},"melbands":{"dmean":[0.00456890463829,0.00223634834401,0.000464715820272,0.000280084059341,0.000272906472674,0.000267033232376,0.000271914497716,0.000267294351943,0.000216405867832,0.000215903826756,0.000209887337405,0.000216638029087,0.000286811788101,0.000140980715514,0.0000692326575518,0.0000548169991816,0.0000316334298986,0.0000187725472642,0.0000203019644687,0.0000108247231765,0.00000919692683965,0.00000829989494378,0.00000665880634187,0.00000595304572926,0.00000551095672563,0.00000466988558401,0.0000044370044634,0.00000305963203573,0.00000222311359721,0.00000154826352627,0.00000122459857721,7.44845181089e-7,4.71408355907e-7,2.70586951956e-7,1.58270808015e-7,9.39082767104e-8,6.60295924604e-8,4.39048335465e-8,3.30266800574e-8,2.91994606272e-8],"dmean2":[0.00782928429544,0.00392856216058,0.00080581381917,0.000470663479064,0.000456404610304,0.000449259940069,0.000452099920949,0.000451554195024,0.000359590398148,0.000362424761988,0.000348150730133,0.000368430075468,0.000489747675601,0.000239822184085,0.000117360752483,0.0000929708621698,0.0000545420552953,0.000032072308386,0.0000346433953382,0.0000181459163286,0.0000155010693561,0.0000140362817547,0.0000112973812065,0.0000100954575828,0.00000919618832995,0.00000770361930336,0.00000743027885619,0.00000511349662702,0.00000369905501429,0.00000253641201198,0.00000198021120923,0.00000118836101137,7.52581456709e-7,4.20892774855e-7,2.43278378775e-7,1.48176411585e-7,1.04862728278e-7,7.09053580294e-8,5.4566250185e-8,4.82397162216e-8],"dvar":[0.0000624788517598,0.000011370591892,5.20774051438e-7,2.01893740837e-7,4.25630815926e-7,4.63238507109e-7,3.12833577709e-7,2.67635186901e-7,1.90502845498e-7,2.0000071288e-7,1.42037492878e-7,1.02425090631e-7,1.37847862902e-7,2.85030310465e-8,7.02376334871e-9,4.27576685169e-9,1.33471278474e-9,4.98263763582e-10,6.34570729297e-10,2.4452526115e-10,3.17138315609e-10,2.00805441719e-10,1.66775912525e-10,1.23267215879e-10,9.68366289933e-11,5.9466355451e-11,6.44509515202e-11,2.5283553029e-11,1.17234824279e-11,6.25860214348e-12,5.05494908085e-12,2.16489044573e-12,8.91248826042e-13,2.93296935133e-13,8.84234498772e-14,2.95184646312e-14,1.27463652426e-14,4.93690866318e-15,3.12794783158e-15,2.44553806696e-15],"dvar2":[0.000173110151081,0.0000333051575581,0.00000150018581735,5.29262592863e-7,0.0000010469833569,0.00000117929812404,8.28129145702e-7,7.30796557491e-7,5.02999057517e-7,5.4954244888e-7,3.76739194508e-7,2.81316602013e-7,3.70806674255e-7,7.55985851697e-8,1.89746369728e-8,1.16356222435e-8,3.75216302473e-9,1.41398059927e-9,1.77901648968e-9,6.60629051463e-10,8.32340141255e-10,5.14376374827e-10,4.70116501283e-10,3.3845717895e-10,2.62433796916e-10,1.50358864248e-10,1.7669876673e-10,6.66930816129e-11,3.09593149728e-11,1.66209025709e-11,1.27662810878e-11,5.27595632113e-12,2.05768041495e-12,6.05636146702e-13,1.99250853447e-13,6.89732152686e-14,2.96515233428e-14,1.20093474756e-14,7.7555014277e-15,6.02068604864e-15],"max":[0.0904341861606,0.0441340841353,0.00913352333009,0.00771773885936,0.0108357267454,0.0130741111934,0.00943505764008,0.00935589242727,0.00604998646304,0.00658559519798,0.00642701145262,0.0047603356652,0.00645729899406,0.00255803740583,0.00136028439738,0.000961366051342,0.00063788035186,0.000260035245446,0.000320649531204,0.000263348600129,0.000430116342613,0.000245612609433,0.00023226250778,0.000156021967996,0.000181869399967,0.000121032950119,0.000164762386703,0.000109317945316,0.0000576042766625,0.0000327840862155,0.0000558587089472,0.0000318864986184,0.0000214499868889,0.0000103988868432,0.00000535397612111,0.00000340566043633,0.00000177974322924,0.00000119497190099,7.33330807634e-7,6.48507352707e-7],"mean":[0.00580647913739,0.00288172136061,0.00064035365358,0.000400427496061,0.000404550693929,0.000369307992514,0.000405170198064,0.000427610881161,0.000365417392459,0.000361677288311,0.000364394538337,0.000376842072001,0.000494729320053,0.00025398802245,0.000133098903461,0.000104001774162,0.000059515281464,0.0000367052998627,0.0000382628568332,0.0000214048923226,0.0000177679903572,0.0000177018500835,0.0000120505974337,0.0000108981521407,0.000011331983842,0.000010761127669,0.00000962943613558,0.00000724478286429,0.00000527631800651,0.00000361969773621,0.00000279950268123,0.00000170996247562,0.00000103313402633,5.86112207657e-7,3.08704329655e-7,1.66655979683e-7,9.93632696122e-8,5.70713005743e-8,3.59189371579e-8,3.08258343296e-8],"median":[0.00251768855378,0.00163391849492,0.000406313192798,0.000267386902124,0.000197617046069,0.000125655846205,0.000105136583443,0.0000777703462518,0.0000907835492399,0.0000998387477011,0.000138683375553,0.000237498243223,0.000364863779396,0.0002018353116,0.000106915002107,0.0000859512656461,0.0000505815805809,0.0000312448428303,0.0000303427477775,0.000016341702576,0.0000127464354591,0.000011629121218,0.0000084648054326,0.00000686378734827,0.00000766540142649,0.00000740941823096,0.00000622726656729,0.00000509481060362,0.00000405431092076,0.00000254657788901,0.0000018755729343,9.9343014881e-7,5.42905127077e-7,2.81747190911e-7,1.40332502951e-7,7.65947163472e-8,3.99865349721e-8,2.43782452003e-8,1.4739983456e-8,1.14276570429e-8],"min":[1.661377354e-24,1.66024612746e-24,1.23945795846e-24,2.65206832182e-24,4.47303105365e-24,5.14513620616e-24,5.23843675758e-24,3.49487311346e-24,5.74804248007e-24,4.95631051559e-24,5.52605307704e-24,5.38932652165e-24,2.18688947057e-24,7.01928906782e-24,2.94808423498e-24,8.39503803184e-24,6.46576864203e-24,3.20011523622e-24,7.13662818317e-24,5.97946863168e-24,4.87290267436e-24,3.83107616494e-24,4.8847079778e-24,7.48683667115e-24,5.84233226306e-24,8.16535802384e-24,7.37809929512e-24,7.49206839668e-24,8.39243084655e-24,9.72581640223e-24,7.04966257926e-24,7.29148394545e-24,8.4124000715e-24,8.21979573719e-24,9.71816129601e-24,8.31645723049e-24,6.59342053599e-24,8.04777909478e-24,7.06945352165e-24,5.95042119543e-24],"var":[0.0000716550566722,0.0000132692775878,5.77884406994e-7,2.30058702755e-7,6.06021956173e-7,5.82364407364e-7,5.72468024984e-7,5.7649754126e-7,4.01081393875e-7,4.33979437275e-7,3.23192750784e-7,1.83690445965e-7,2.46976384233e-7,5.04406223456e-8,1.30267645559e-8,7.30708071828e-9,2.0759236552e-9,8.60543580838e-10,1.26558930003e-9,4.7458431629e-10,4.98060814813e-10,5.64061075625e-10,2.28840973948e-10,2.0422540048e-10,1.97720950723e-10,1.6999227026e-10,1.50339768412e-10,7.51487969075e-11,3.31966745759e-11,1.69038671949e-11,1.27693524157e-11,6.1712874394e-12,2.57243185087e-12,9.21171559171e-13,2.35176407428e-13,6.40780966699e-14,2.39855725749e-14,7.41256235131e-15,3.62383141208e-15,2.83122816675e-15]},"melbands_crest":{"dmean":4.71607875824,"dmean2":7.8533244133,"dvar":16.4649085999,"dvar2":44.4405059814,"max":35.024646759,"mean":15.8047132492,"median":15.0252723694,"min":2.05008983612,"var":40.8443031311},"melbands_flatness_db":{"dmean":0.0318713113666,"dmean2":0.0518526956439,"dvar":0.000728081271518,"dvar2":0.00192483514547,"max":0.460202723742,"mean":0.235373929143,"median":0.236449807882,"min":0.00534394942224,"var":0.00335418386385},"melbands_kurtosis":{"dmean":4.10795783997,"dmean2":6.96223163605,"dvar":51.3942680359,"dvar2":137.493774414,"max":134.651687622,"mean":4.74790859222,"median":2.18196964264,"min":-1.86874437332,"var":76.145401001},"melbands_skewness":{"dmean":0.758742809296,"dmean2":1.24923872948,"dvar":0.539854764938,"dvar2":1.43948984146,"max":10.2339324951,"mean":1.53357696533,"median":1.42257833481,"min":-6.70019674301,"var":2.09291195869},"melbands_spread":{"dmean":7.03304338455,"dmean2":11.5225229263,"dvar":80.8910751343,"dvar2":210.192001343,"max":217.843765259,"mean":25.7175102234,"median":22.2773971558,"min":1.90168881416,"var":415.970825195},"mfcc":{"cov":[[15600.7753906,2347.52978516,-753.49822998,1487.08081055,-1095.48596191,516.659057617,137.594970703,347.917724609,231.34147644,581.727111816,446.021789551,287.977661133,263.75894165],[2347.52978516,1845.15905762,-295.568267822,-237.132324219,-38.1792030334,135.621200562,167.509185791,-59.5891075134,-39.9630661011,-40.479095459,-58.2030067444,-74.6561508179,-39.5766716003],[-753.49822998,-295.568267822,426.920715332,-67.5919494629,-7.23770809174,-65.6281280518,-33.8071022034,-40.0396385193,-26.5945453644,21.4012908936,25.6762428284,-0.507461845875,-4.1235537529],[1487.08081055,-237.132324219,-67.5919494629,623.513061523,-154.533172607,62.2029914856,-29.6576118469,93.8268203735,67.4091415405,118.777206421,117.638916016,90.5920715332,89.6748046875],[-1095.48596191,-38.1792030334,-7.23770809174,-154.533172607,346.27520752,7.8349571228,95.8760070801,-21.7393188477,-13.338104248,-117.417709351,-85.1465682983,-39.0510559082,-22.8158760071],[516.659057617,135.621200562,-65.6281280518,62.2029914856,7.8349571228,180.898712158,92.8585891724,39.1325111389,-14.8593254089,-2.21154356003,-7.32093143463,-18.2129821777,-2.57384586334],[137.594970703,167.509185791,-33.8071022034,-29.6576118469,95.8760070801,92.8585891724,180.332000732,15.9863348007,10.2568044662,-2.56028795242,-2.29150056839,-35.4616966248,-8.97883033752],[347.917724609,-59.5891075134,-40.0396385193,93.8268203735,-21.7393188477,39.1325111389,15.9863348007,93.852180481,39.7220497131,29.3944129944,15.4317016602,28.4244327545,11.8623085022],[231.34147644,-39.9630661011,-26.5945453644,67.4091415405,-13.338104248,-14.8593254089,10.2568044662,39.7220497131,103.934768677,61.689868927,55.0669898987,27.6807575226,18.4954872131],[581.727111816,-40.479095459,21.4012908936,118.777206421,-117.417709351,-2.21154356003,-2.56028795242,29.3944129944,61.689868927,149.752151489,100.758499146,42.6554946899,24.0029811859],[446.021789551,-58.2030067444,25.6762428284,117.638916016,-85.1465682983,-7.32093143463,-2.29150056839,15.4317016602,55.0669898987,100.758499146,122.319000244,49.3144836426,33.2469978333],[287.977661133,-74.6561508179,-0.507461845875,90.5920715332,-39.0510559082,-18.2129821777,-35.4616966248,28.4244327545,27.6807575226,42.6554946899,49.3144836426,77.9938049316,41.8451766968],[263.75894165,-39.5766716003,-4.1235537529,89.6748046875,-22.8158760071,-2.57384586334,-8.97883033752,11.8623085022,18.4954872131,24.0029811859,33.2469978333,41.8451766968,65.7369232178]],"icov":[[0.000182597417734,-0.000263596710283,0.0000493400875712,-0.000328789057676,0.000331974471919,-0.00015383605205,-0.0000719702075003,-0.000205906573683,-0.0000123853114928,-0.000149165833136,0.0000137102661029,-0.000241589106736,-0.0000984037906164],[-0.000263596710283,0.001209954964,0.000500498106703,0.000848892785143,0.000184550415725,-0.000112805246317,-0.000820303859655,0.00123639998492,-0.000136729635415,0.000292913493467,0.000355498312274,-0.0000274057874776,0.0001531188027],[0.0000493400875712,0.000500498106703,0.00317735993303,0.000466368743218,0.000120408061775,0.00061583716888,-0.000316839839797,0.000566727481782,0.00154205155559,-0.000872339121997,-0.00107421656139,0.000349982408807,-0.000208002864383],[-0.000328789057676,0.000848892785143,0.000466368743218,0.00356189510785,-0.000051843959227,-0.000909612688702,0.000671393529046,-0.000996891641989,0.000144090590766,-0.000108706233732,-0.001399155939,0.00049905834021,-0.00239231227897],[0.000331974471919,0.000184550415725,0.000120408061775,-0.000051843959227,0.0069564729929,0.000379012897611,-0.00483992090449,0.00170223438181,-0.0028346858453,0.00417950376868,0.00252555916086,-0.0033543673344,0.000447811209597],[-0.00015383605205,-0.000112805246317,0.00061583716888,-0.000909612688702,0.000379012897611,0.0105320224538,-0.00489245448261,-0.00423346133903,0.00414418289438,0.000405621743994,-0.000455220666481,0.00203578616492,0.000088648077508],[-0.0000719702075003,-0.000820303859655,-0.000316839839797,0.000671393529046,-0.00483992090449,-0.00489245448261,0.0129696587101,-0.00272981845774,-0.000165282719536,-0.00253228796646,-0.00387335545383,0.00720854429528,-0.00240666535683],[-0.000205906573683,0.00123639998492,0.000566727481782,-0.000996891641989,0.00170223438181,-0.00423346133903,-0.00272981845774,0.0207929983735,-0.00806129537523,-0.000460355891846,0.00713982712477,-0.00945747829974,0.0041114334017],[-0.0000123853114928,-0.000136729635415,0.00154205155559,0.000144090590766,-0.0028346858453,0.00414418289438,-0.000165282719536,-0.00806129537523,0.0191075690091,-0.00509498873726,-0.00638836808503,0.00320327305235,-0.00184571032878],[-0.000149165833136,0.000292913493467,-0.000872339121997,-0.000108706233732,0.00417950376868,0.000405621743994,-0.00253228796646,-0.000460355891846,-0.00509498873726,0.0199264362454,-0.0101358145475,-0.00190279318485,0.00256724725477],[0.0000137102661029,0.000355498312274,-0.00107421656139,-0.001399155939,0.00252555916086,-0.000455220666481,-0.00387335545383,0.00713982712477,-0.00638836808503,-0.0101358145475,0.0258297733963,-0.0095952199772,-0.000415781105403],[-0.000241589106736,-0.0000274057874776,0.000349982408807,0.00049905834021,-0.0033543673344,0.00203578616492,0.00720854429528,-0.00945747829974,0.00320327305235,-0.00190279318485,-0.0095952199772,0.0320257022977,-0.0138390511274],[-0.0000984037906164,0.0001531188027,-0.000208002864383,-0.00239231227897,0.000447811209597,0.000088648077508,-0.00240666535683,0.0041114334017,-0.00184571032878,0.00256724725477,-0.000415781105403,-0.0138390511274,0.0266393553466]],"mean":[-663.953063965,163.155227661,-32.8208618164,18.9283332825,-12.1312093735,20.7291965485,14.6786184311,10.1863641739,2.78353309631,1.00722026825,-2.00777101517,1.38275337219,3.27999281883]},"pitch_salience":{"dmean":0.0840767845511,"dmean2":0.137503147125,"dvar":0.00516084395349,"dvar2":0.013975401409,"max":0.829237818718,"mean":0.564783632755,"median":0.575323820114,"min":0.153242021799,"var":0.0155100114644},"silence_rate_20dB":{"dmean":0,"dmean2":0,"dvar":0,"dvar2":0,"max":1,"mean":1,"median":1,"min":1,"var":0},"silence_rate_30dB":{"dmean":0.111138194799,"dmean2":0.222330570221,"dvar":0.098786495626,"dvar2":0.216293156147,"max":1,"mean":0.842105269432,"median":1,"min":0,"var":0.132963985205},"silence_rate_60dB":{"dmean":0.00584937864915,"dmean2":0.011701609008,"dvar":0.00581516325474,"dvar2":0.0130273820832,"max":1,"mean":0.0762670561671,"median":0,"min":0,"var":0.0704503953457},"spectral_centroid":{"dmean":174.594161987,"dmean2":276.452972412,"dvar":53319.2539062,"dvar2":105230.070312,"max":11124.8505859,"mean":1348.78820801,"median":1164.61706543,"min":241.366775513,"var":516904.3125},"spectral_complexity":{"dmean":3.37557888031,"dmean2":5.43344688416,"dvar":10.2910633087,"dvar2":24.6400127411,"max":59,"mean":25.4076519012,"median":26,"min":0,"var":127.855506897},"spectral_contrast_coeffs":{"dmean":[0.0525324381888,0.0502080321312,0.041484285146,0.027154725045,0.0183349847794,0.0387015081942],"dmean2":[0.0880293622613,0.0843375697732,0.0698423534632,0.0465004146099,0.0305941272527,0.0620590485632],"dvar":[0.00172915693838,0.00156707328279,0.00103674549609,0.000452755193692,0.000234093429754,0.00123586354312],"dvar2":[0.00479233125225,0.00441765645519,0.00291890976951,0.00127447559498,0.000603122345638,0.00325405062176],"max":[-0.390651136637,-0.438236445189,-0.542545378208,-0.627147912979,-0.615779399872,-0.511988162994],"mean":[-0.70234143734,-0.774433553219,-0.784458220005,-0.804337382317,-0.819257676601,-0.729038953781],"median":[-0.711793422699,-0.782486796379,-0.784744143486,-0.804526925087,-0.819355845451,-0.717265367508],"min":[-0.967873871326,-0.969685256481,-0.975418031216,-0.961939871311,-0.965566813946,-0.963021278381],"var":[0.00765784084797,0.00523522170261,0.00286816596054,0.00177857873496,0.00149673689157,0.0074913231656]},"spectral_contrast_valleys":{"dmean":[0.425012469292,0.384989947081,0.290863394737,0.227212592959,0.208110645413,0.576414942741],"dmean2":[0.704496085644,0.63303565979,0.481098592281,0.368464589119,0.329932183027,0.90706962347],"dvar":[0.1713552773,0.158699735999,0.113973431289,0.0950333476067,0.109898097813,0.294147849083],"dvar2":[0.359233766794,0.312745571136,0.203592985868,0.14398047328,0.170724749565,0.711210250854],"max":[-5.09736299515,-4.44599628448,-4.74766540527,-5.62858581543,-5.65143489838,-8.8994436264],"mean":[-7.1205663681,-6.67852401733,-6.41085004807,-7.23145580292,-7.60818147659,-11.1649074554],"median":[-6.58158540726,-6.33574962616,-6.0090007782,-6.78519773483,-7.00485134125,-10.9451684952],"min":[-28.045009613,-27.8737201691,-27.4338645935,-27.3757648468,-27.4452095032,-27.2724914551],"var":[3.22630763054,3.11374926567,2.92314815521,2.63904047012,2.57500100136,1.56128680706]},"spectral_decrease":{"dmean":5.55686074932e-9,"dmean2":9.40716748943e-9,"dvar":6.52739338673e-17,"dvar2":1.78830982424e-16,"max":1.56033337362e-8,"mean":-8.80015527116e-9,"median":-6.50505338484e-9,"min":-9.0052253654e-8,"var":9.21830125487e-17},"spectral_energy":{"dmean":0.0205974951386,"dmean2":0.0349904559553,"dvar":0.000814899336547,"dvar2":0.00227165967226,"max":0.35957890749,"mean":0.0622927732766,"median":0.0573447085917,"min":1.00981676037e-20,"var":0.00192255666479},"spectral_energyband_high":{"dmean":0.000263983354671,"dmean2":0.000362954742741,"dvar":1.11452564511e-7,"dvar2":2.10377820054e-7,"max":0.00772014586255,"mean":0.0011860904051,"median":0.00100457412191,"min":7.5729540224e-21,"var":0.00000107966559426},"spectral_energyband_low":{"dmean":0.0172183550894,"dmean2":0.0295418445021,"dvar":0.000763695163187,"dvar2":0.00213652686216,"max":0.315866619349,"mean":0.0246467422694,"median":0.0139490142465,"min":1.2759093079e-23,"var":0.00094674306456},"spectral_energyband_middle_high":{"dmean":0.00340205268003,"dmean2":0.00558694032952,"dvar":0.0000150874120664,"dvar2":0.000039064372686,"max":0.0600698031485,"mean":0.0108342980966,"median":0.00955521501601,"min":1.25973983029e-21,"var":0.0000495725835208},"spectral_energyband_middle_low":{"dmean":0.00463351840153,"dmean2":0.0077561866492,"dvar":0.0000405297469115,"dvar2":0.00010808249499,"max":0.0764960125089,"mean":0.0122721623629,"median":0.0076072900556,"min":2.52551130369e-22,"var":0.000140429518069},"spectral_entropy":{"dmean":0.118279948831,"dmean2":0.184436127543,"dvar":0.0139471376315,"dvar2":0.0302557870746,"max":9.81636333466,"mean":7.52517414093,"median":7.64659786224,"min":5.40457010269,"var":0.214284390211},"spectral_flux":{"dmean":0.0282688625157,"dmean2":0.0469841323793,"dvar":0.00113284005783,"dvar2":0.00270980386995,"max":0.486983925104,"mean":0.142360031605,"median":0.145633339882,"min":6.77321254638e-11,"var":0.00483920658007},"spectral_kurtosis":{"dmean":5.1263384819,"dmean2":8.1099653244,"dvar":58.2203292847,"dvar2":146.907592773,"max":102.43926239,"mean":24.9860038757,"median":19.0819606781,"min":-1.21873450279,"var":291.676239014},"spectral_rms":{"dmean":0.00113490747754,"dmean2":0.00190228177235,"dvar":0.00000171820113337,"dvar2":0.00000467463905807,"max":0.0187298879027,"mean":0.00716971140355,"median":0.00747970957309,"min":3.13876897563e-12,"var":0.00000936867400014},"spectral_rolloff":{"dmean":4396.27392578,"dmean2":8427.89746094,"dvar":56004648,"dvar2":135694624,"max":22050,"mean":17052.8691406,"median":21059.4726562,"min":64.599609375,"var":62024844},"spectral_skewness":{"dmean":0.357993900776,"dmean2":0.568703055382,"dvar":0.210631325841,"dvar2":0.508382678032,"max":8.47970867157,"mean":3.40009379387,"median":2.90362167358,"min":-0.0154724474996,"var":2.00944328308},"spectral_spread":{"dmean":380707.8125,"dmean2":595995.125,"dvar":556212158464,"dvar2":910342422528,"max":41314668,"mean":3964216,"median":3811077,"min":1143450.125,"var":2832983654400},"spectral_strongpeak":{"dmean":8.05024528503,"dmean2":15.1881198883,"dvar":512.391601562,"dvar2":1431.20068359,"max":197.859130859,"mean":5.58835792542,"median":0.393866658211,"min":0,"var":353.510101318},"zerocrossingrate":{"dmean":0.0413649082184,"dmean2":0.0521430112422,"dvar":0.00143159879372,"dvar2":0.0022563287057,"max":0.625,"mean":0.329994827509,"median":0.31884765625,"min":0.01220703125,"var":0.00948183704168}},"metadata":{"audio_properties":{"analysis_sample_rate":44100,"bit_rate":205879,"codec":"mp3","downmix":"mix","equal_loudness":0,"length":95.2696380615,"lossless":false,"md5_encoded":"52c669d3dfcb7b4945b20996b9e1e6f5","replay_gain":1.12332725525,"sample_rate":44100},"tags":{"acoustid_id":["27a586a7-c353-4cdb-a098-954c3e0478f7"],"album":["In Utero"],"albumartist":["Nirvana"],"artist":["Nirvana"],"date":["1993"],"discnumber":["1/1"],"file_name":"11 - Nirvana - tourette’s.mp3","musicbrainz_albumartistid":["5b11f4ce-a62d-471e-81fc-a69a8278c7da"],"musicbrainz_albumid":["6ddad044-c72c-3eb9-8ae7-45f783a92e0f"],"musicbrainz_artistid":["5b11f4ce-a62d-471e-81fc-a69a8278c7da"],"musicbrainz_recordingid":["d1571fc9-a88a-4f19-a00e-f34234b7d082"],"musicbrainz_releasegroupid":["2a0981fb-9593-3019-864b-ce934d97a16e"],"replaygain_album_gain":["+0.63 dB"],"replaygain_album_peak":["0.452049"],"replaygain_track_gain":["-0.46 dB"],"replaygain_track_peak":["0.433719"],"title":["tourette’s"],"tracknumber":["11/12"]},"version":{"essentia":"2.1-beta1","essentia_build_sha":"e76a03f03bb3900de42a1fa0d9be1e72f12def64","essentia_git_sha":"v2.1_beta1-28-g21ef5f4-dirty","extractor":"music 1.0"}},"rhythm":{"beats_count":140,"beats_loudness":{"dmean":0.03081134893,"dmean2":0.0542256720364,"dvar":0.00108426739462,"dvar2":0.00369434873573,"max":0.181836917996,"mean":0.0730532258749,"median":0.0798480138183,"min":1.06596978355e-7,"var":0.00185850716662},"beats_loudness_band_ratio":{"dmean":[0.17949230969,0.0486034974456,0.0770945027471,0.0862554982305,0.0230334661901,0.0904998779297],"dmean2":[0.326268076897,0.0841674730182,0.134691685438,0.157487556338,0.0399083942175,0.157325655222],"dvar":[0.0264107696712,0.00363272288814,0.00705669028684,0.00873029604554,0.00236488971859,0.0069925733842],"dvar2":[0.0911287590861,0.00869864877313,0.0183169413358,0.0289572644979,0.00619049742818,0.0213048532605],"max":[0.761993706226,0.626662254333,0.430677175522,0.494216680527,0.474289029837,0.612945795059]