{"lowlevel":{"average_loudness":0.892210304737,"barkbands":{"dmean":[0.00227695773356,0.00665791286156,0.00337241543457,0.00212715892121,0.00341420760378,0.00186185992789,0.00128310208675,0.000726775557268,0.000618528807536,0.000427703460446,0.000348912231857,0.000611350755207,0.000222791233682,0.00014742492931,0.000219848167035,0.000142881937791,0.000122641795315,0.000135853755637,0.000121876459161,0.000134913643706,0.000100989615021,0.0000783463256084,0.0000399489217671,0.0000074041327025,0.00000322578716805,0.0000305595458485,0.00062744243769],"dmean2":[0.00367982988246,0.01077277679,0.00567810796201,0.00347885047086,0.00552933290601,0.00296081020497,0.00205712718889,0.00118886830751,0.000990335014649,0.00069783302024,0.000562808651011,0.000964330742136,0.00035844874219,0.000236639054492,0.000354270654498,0.000225211231736,0.000190116465092,0.00020517646044,0.000179467810085,0.000194889187696,0.000142650504131,0.000109089400212,0.0000573792567593,0.000011285540495,0.0000052377654356,0.0000443346179964,0.000824856455438],"dvar":[0.0000174617180164,0.000102748745121,0.0000319651699101,0.0000128232568386,0.000027605698051,0.0000141431873999,0.00000887362239155,0.00000292493473353,0.00000308730932375,0.00000107536448013,7.75241915107e-7,0.00000238381653617,1.71854821929e-7,6.9234395994e-8,1.49178845277e-7,7.33956682097e-8,5.79167611647e-8,1.19480603189e-7,1.45082339031e-7,1.34966157361e-7,9.31685164574e-8,4.64546126011e-8,1.09589226582e-8,1.95582841589e-10,2.46050922692e-11,6.39825614712e-9,0.00000133173557515],"dvar2":[0.0000433760033047,0.000263904337771,0.0000828239135444,0.0000290646330541,0.000071114533057,0.0000328318528773,0.0000211741735257,0.00000746478099245,0.00000715046371624,0.00000268100302492,0.00000185626754501,0.00000548849538973,4.32849731169e-7,1.69037562614e-7,3.65715266071e-7,1.71165524421e-7,1.29402238258e-7,2.70191719665e-7,3.07240355824e-7,2.89627820393e-7,1.54501506699e-7,9.13306337225e-8,2.46627323008e-8,4.21887164093e-10,6.11053013744e-11,1.41134544052e-8,0.00000217859746954],"max":[0.0952825173736,0.203291505575,0.0951749011874,0.111156865954,0.124003402889,0.0806057825685,0.0758030191064,0.0718015581369,0.0507179051638,0.0386336147785,0.0213587135077,0.0445593222976,0.0131420604885,0.00565985497087,0.0113139515743,0.00609033601359,0.00717043597251,0.01534718927,0.0326040014625,0.0200128890574,0.0213922727853,0.00952889211476,0.002940146951,0.000507390825078,0.00010858780297,0.00226522306912,0.0224270094186],"mean":[0.00285003706813,0.0105818770826,0.00406775763258,0.00275711063296,0.00533960293978,0.00277547119185,0.0018421508139,0.000966298568528,0.000840561813675,0.000602098880336,0.000472679646919,0.000924649822991,0.000355886266334,0.0002405543637,0.000364359177183,0.0002431574394,0.000213079183595,0.000247372954618,0.000217407912714,0.000251307908911,0.000190088379895,0.000139876327012,0.0000671491361572,0.0000123058662211,0.0000037452559809,0.0000507978365931,0.00144353066571],"median":[0.00126124999952,0.00617149565369,0.0019842684269,0.00136891310103,0.00286848982796,0.00115041539539,0.000644575338811,0.000384450017009,0.000284781708615,0.000263835827354,0.000147971848492,0.000298190570902,0.000182106567081,0.000122231736896,0.00017869725707,0.0000962782360148,0.0000855979524204,0.000096905612736,0.0000701798853697,0.0000628704583505,0.0000474346525152,0.0000261040731857,0.0000120698805404,0.0000053398430282,0.00000176679202468,0.0000135051541292,0.000603572814725],"min":[8.94786497494e-26,1.12180635559e-24,6.52260271759e-25,5.24721628641e-25,5.62510324116e-24,3.38726144194e-24,5.21505255376e-24,6.69074980004e-24,1.52660883027e-23,1.3937801155e-23,1.28633765464e-23,2.15976894541e-23,2.7311134467e-23,2.34509461792e-23,4.23784124666e-23,4.93765143082e-23,6.27559928467e-23,8.61641906534e-23,1.21239111134e-22,1.69841449971e-22,1.80114564659e-22,2.61410101443e-22,3.7988835087e-22,5.27002604566e-22,8.02472327798e-22,1.21420682933e-21,1.9199845506e-21],"var":[0.0000218705208681,0.0001826499647,0.0000380215024052,0.000022554433599,0.0000547927629668,0.0000267613359028,0.0000158052898769,0.00000403066360377,0.00000466073015559,0.00000165229619142,0.0000012364015447,0.0000045793958634,2.87281750389e-7,1.23241377992e-7,2.84545023987e-7,1.50239557684e-7,1.21894473182e-7,2.21583192683e-7,3.08443134145e-7,3.34855002393e-7,2.6499222372e-7,1.08183762393e-7,1.90081017593e-8,4.8528359109e-10,3.03580181826e-11,1.0488856006e-8,0.00000462491016151]},"barkbands_crest":{"dmean":2.92746186256,"dmean2":4.79294729233,"dvar":5.97418880463,"dvar2":15.0534143448,"max":25.4394416809,"mean":10.5628232956,"median":9.7521686554,"min":2.72575330734,"var":17.7278518677},"barkbands_flatness_db":{"dmean":0.024094209075,"dmean2":0.0372416377068,"dvar":0.000448809907539,"dvar2":0.00101769482717,"max":0.362700879574,"mean":0.13361042738,"median":0.130335792899,"min":0.0304151698947,"var":0.0022889226675},"barkbands_kurtosis":{"dmean":6.24466466904,"dmean2":9.7701625824,"dvar":132.263931274,"dvar2":332.043640137,"max":347.701202393,"mean":12.4266347885,"median":7.64258909225,"min":-1.9158769846,"var":295.887512207},"barkbands_skewness":{"dmean":0.687438070774,"dmean2":1.06265842915,"dvar":0.48174649477,"dvar2":1.13817358017,"max":17.4627285004,"mean":2.65447211266,"median":2.50533056259,"min":-9.48876094818,"var":2.69838881493},"barkbands_spread":{"dmean":8.60496997833,"dmean2":12.8187379837,"dvar":84.8735351562,"dvar2":165.645111084,"max":136.857147217,"mean":29.3913936615,"median":23.57188797,"min":0.604421615601,"var":443.948547363},"dissonance":{"dmean":0.0187898855656,"dmean2":0.0316053144634,"dvar":0.000345597567502,"dvar2":0.000937027507462,"max":0.500000178814,"mean":0.466067969799,"median":0.473385334015,"min":0.223663598299,"var":0.00076679472113},"dynamic_complexity":2.59493374825,"erbbands":{"dmean":[0.261326104403,1.42206382751,3.6732878685,5.44286489487,10.0936231613,11.7543840408,11.9302215576,17.1133174896,18.5321598053,17.6626014709,13.5752649307,14.6589641571,11.298412323,12.9789686203,18.7870979309,22.7413921356,10.3189716339,7.35920143127,9.91898727417,9.40923976898,6.77910804749,6.57301855087,7.16134786606,6.39865159988,6.1993803978,6.69816493988,4.484603405,3.63154840469,2.79942369461,2.36273527145,0.916854262352,0.265451222658,0.0907026454806,0.0356086045504,0.0240757334977,0.0239276066422,0.0533922277391,0.105564050376,0.0543214157224,0.018429024145],"dmean2":[0.42729049921,2.30765628815,6.09524488449,8.92111873627,16.6158866882,19.0882530212,19.1463050842,27.1312160492,29.4750137329,28.402387619,22.1551113129,23.3963413239,18.142578125,21.1188354492,29.732421875,36.1764945984,16.4823932648,11.6991949081,15.7708330154,14.8760576248,10.406662941,10.0577440262,10.8121614456,9.40336513519,9.09455394745,9.77163505554,6.35729455948,5.09497022629,3.89811348915,3.40036916733,1.29207253456,0.381337970495,0.145013824105,0.0574995428324,0.0390005111694,0.0381752103567,0.0756023302674,0.144759967923,0.0711233690381,0.0252548214048],"dvar":[0.180257409811,4.94198608398,37.6868019104,77.1371383667,259.922637939,402.530548096,637.770446777,1325.00915527,1784.9230957,2121.16650391,1111.53271484,2215.52416992,734.680480957,1040.66955566,2389.98461914,3544.58129883,389.738739014,153.989257812,298.355987549,287.965789795,184.713500977,179.524078369,357.741241455,233.620803833,446.966125488,345.386962891,178.868881226,129.048400879,65.9890899658,40.5579528809,5.0357003212,0.316185206175,0.0201974138618,0.00292078475468,0.00136987166479,0.00127261888701,0.0157854966819,0.0860684588552,0.0127102080733,0.000879449245986],"dvar2":[0.48570895195,12.5812101364,96.0112686157,180.26802063,648.031005859,1036.55285645,1509.484375,3041.5715332,4199.64746094,5041.77001953,2913.50439453,5201.03662109,1733.17504883,2751.28051758,5446.64746094,8376.53808594,963.260253906,371.589447021,730.78137207,694.448913574,423.062591553,386.201385498,812.601623535,484.051635742,978.39440918,761.900146484,333.970672607,222.079971313,129.24206543,89.9073791504,10.9032802582,0.657313227654,0.0449892394245,0.00722058676183,0.00340505992062,0.0030003215652,0.0328430719674,0.181527450681,0.0214369762689,0.00154659408145],"max":[9.24664783478,34.3181800842,112.232933044,248.259521484,367.241821289,501.053436279,720.508239746,953.703491211,1173.90930176,1276.19604492,1768.33984375,1620.36132812,673.62902832,1332.67028809,1375.06848145,1856.80432129,714.178527832,294.830963135,426.349029541,439.577941895,439.59866333,465.289123535,994.187255859,857.102783203,1872.31848145,970.436157227,992.08416748,868.956542969,399.087799072,183.48614502,56.5651741028,17.4132804871,4.8669667244,1.15414738655,0.81374168396,0.837422430515,2.92950224876,8.61524963379,2.05900835991,0.482315152884],"mean":[0.355425864458,2.18586587906,4.81287431717,7.61013031006,14.678732872,17.0398769379,17.3346672058,25.2805347443,27.1402549744,25.4269256592,19.2665042877,20.1127357483,16.121799469,19.7750663757,28.4439735413,35.3725204468,17.969537735,13.0296983719,17.2895832062,16.8370265961,12.2935342789,11.9818439484,13.2086286545,11.8919420242,11.3934383392,12.3157215118,8.58911323547,6.69565105438,5.04803228378,3.86228561401,1.59616541862,0.473481565714,0.134241089225,0.0448708944023,0.0284901559353,0.0351924747229,0.0947462245822,0.179789870977,0.114445984364,0.0516003929079],"median":[0.191884607077,1.18007469177,2.50360608101,4.19046401978,7.66240310669,8.1536359787,7.74452495575,9.92010498047,10.5906620026,8.91858482361,8.53989219666,7.08266067505,6.56181335449,9.05969047546,8.51731586456,12.8444271088,9.47948074341,7.25559234619,8.94248104095,7.91796016693,4.99482679367,4.86939811707,5.27110528946,4.2950668335,3.39958429337,3.05028247833,2.17989873886,1.59770214558,0.993582606316,0.600646257401,0.312073081732,0.125954151154,0.0754193216562,0.0229821763933,0.0138863734901,0.0205705650151,0.0258024483919,0.0322320088744,0.0310019589961,0.0340481847525],"min":[6.79188981447e-23,2.51282743007e-22,1.52654950161e-21,1.9864928203e-21,4.19272003109e-21,1.94958570158e-20,4.22543534743e-20,5.03542288171e-20,9.04290583126e-20,1.65482780667e-19,2.13445039028e-19,3.71562862015e-19,5.24931608461e-19,5.76362286829e-19,1.00050741772e-18,9.13933971029e-19,1.42322049218e-18,1.39621811166e-18,2.83889689038e-18,3.08986328143e-18,3.55705447781e-18,4.56225180281e-18,4.44943594779e-18,6.20819315646e-18,8.02832633941e-18,8.15367811661e-18,8.43713554174e-18,9.16361684088e-18,9.42069547628e-18,1.0962042323e-17,1.09471108858e-17,8.85342411118e-18,8.42101461878e-18,8.41880770091e-18,5.40630193678e-18,4.09352287767e-18,1.96580527229e-18,8.81331681161e-19,2.3651477027e-19,2.60759075364e-20],"var":[0.257001519203,8.5002450943,48.4584922791,127.433876038,497.70223999,721.131652832,1025.32910156,2622.63500977,3055.0559082,3776.82226562,1467.74194336,3106.76904297,1181.98986816,1481.01452637,4434.05566406,6301.18310547,686.325378418,289.691467285,608.542358398,587.227233887,387.239807129,391.748352051,650.272949219,562.348571777,964.755249023,823.031005859,510.248291016,314.709777832,152.271743774,71.2713088989,9.8929567337,0.82721722126,0.0424334146082,0.00390660902485,0.00168410001788,0.00242753140628,0.03205389902,0.155195921659,0.0401345267892,0.00289239059202]},"erbbands_crest":{"dmean":2.85508751869,"dmean2":4.6262755394,"dvar":7.69028997421,"dvar2":18.9908218384,"max":29.9299850464,"mean":8.51259326935,"median":7.33539390564,"min":2.30868196487,"var":19.8899593353},"erbbands_flatness_db":{"dmean":0.0173403900117,"dmean2":0.0268108192831,"dvar":0.000238891661866,"dvar2":0.000539497996215,"max":0.290304541588,"mean":0.119205929339,"median":0.114327758551,"min":0.0304408445954,"var":0.000994827831164},"erbbands_kurtosis":{"dmean":1.1136713028,"dmean2":1.77636623383,"dvar":3.6296339035,"dvar2":9.12935733795,"max":72.2728271484,"mean":0.83472776413,"median":-0.0250502824783,"min":-1.59594905376,"var":7.53234910965},"erbbands_skewness":{"dmean":0.380342721939,"dmean2":0.577524662018,"dvar":0.123449355364,"dvar2":0.277405977249,"max":7.36478471756,"mean":0.531543195248,"median":0.434418231249,"min":-4.55328035355,"var":0.712251067162},"erbbands_spread":{"dmean":7.36980724335,"dmean2":11.3227319717,"dvar":45.7383155823,"dvar2":100.380081177,"max":140.74949646,"mean":36.948928833,"median":35.821182251,"min":3.69791841507,"var":198.191207886},"gfcc":{"cov":[[29507.2773438,1662.37731934,-2151.83105469,329.932861328,-148.795791626,-810.934692383,583.923950195,-786.465942383,248.879119873,-292.945495605,-102.534934998,195.812667847,-321.330291748],[1662.37731934,778.634460449,57.8032646179,-188.058914185,14.8406972885,-47.8860664368,-83.1216812134,-32.8452033997,-11.7342252731,-27.9521617889,34.9271697998,-104.948776245,36.8961448669],[-2151.83105469,57.8032646179,486.71206665,-31.3148593903,-29.8184089661,107.151809692,-176.802307129,110.637184143,-71.6512145996,36.4771957397,4.94771337509,-77.4814071655,38.1765174866],[329.932861328,-188.058914185,-31.3148593903,229.110733032,79.1677703857,-17.8708152771,108.638275146,-36.8591499329,42.7602539062,-8.26014137268,-16.2713909149,57.964225769,-27.3998451233],[-148.795791626,14.8406972885,-29.8184089661,79.1677703857,191.663925171,31.4540519714,76.2814331055,-18.3434181213,11.5010938644,-18.0975799561,3.4078912735,10.0379676819,15.0527467728],[-810.934692383,-47.8860664368,107.151809692,-17.8708152771,31.4540519714,195.889770508,-21.7036743164,83.8562164307,-55.1091194153,11.2637109756,11.4684028625,-13.2990131378,34.9326438904],[583.923950195,-83.1216812134,-176.802307129,108.638275146,76.2814331055,-21.7036743164,245.931015015,-34.2562904358,94.8830184937,-18.03033638,-1.79538547993,83.880065918,-32.8914451599],[-786.465942383,-32.8452033997,110.637184143,-36.8591499329,-18.3434181213,83.8562164307,-34.2562904358,142.902404785,3.62226080894,42.833946228,12.358294487,-23.3129196167,30.3161048889],[248.879119873,-11.7342252731,-71.6512145996,42.7602539062,11.5010938644,-55.1091194153,94.8830184937,3.62226080894,127.530586243,31.8757991791,11.0490369797,35.6012382507,-27.3968753815],[-292.945495605,-27.9521617889,36.4771957397,-8.26014137268,-18.0975799561,11.2637109756,-18.03033638,42.833946228,31.8757991791,68.6285934448,28.4119205475,7.85119056702,6.55300569534],[-102.534934998,34.9271697998,4.94771337509,-16.2713909149,3.4078912735,11.4684028625,-1.79538547993,12.358294487,11.0490369797,28.4119205475,59.9565086365,27.1499176025,14.0942764282],[195.812667847,-104.948776245,-77.4814071655,57.964225769,10.0379676819,-13.2990131378,83.880065918,-23.3129196167,35.6012382507,7.85119056702,27.1499176025,98.829864502,3.10730719566],[-321.330291748,36.8961448669,38.1765174866,-27.3998451233,15.0527467728,34.9326438904,-32.8914451599,30.3161048889,-27.3968753815,6.55300569534,14.0942764282,3.10730719566,73.3232345581]],"icov":[[0.000112165471364,-0.000529393204488,0.000626847147942,-0.000650976900943,0.000350898248143,-0.0000591404132138,0.000219586712774,-0.000153364264406,0.000286488328129,-0.000195252825506,0.000434792775195,-0.000395887735067,0.000364052917575],[-0.000529393204488,0.00509406719357,-0.00356963137165,0.00488653732464,-0.00205548363738,0.000914501491934,-0.001800453756,0.00238189916126,-0.00288120051846,0.00292786257342,-0.00542592070997,0.00562274409458,-0.00353842996992],[0.000626847147942,-0.00356963137165,0.00735880527645,-0.00551905715838,0.00219532009214,-0.00149053242058,0.00385536882095,-0.00297018513083,0.00201405049302,-0.00170967797749,0.00264397659339,-0.00181242404506,0.00234032957815],[-0.000650976900943,0.00488653732464,-0.00551905715838,0.0130897462368,-0.00552321784198,0.00135858298745,-0.00318919424899,0.00280587491579,-0.00258709629998,0.00081533723278,-0.000103923041024,-0.000496625551023,-0.00064932560781],[0.000350898248143,-0.00205548363738,0.00219532009214,-0.00552321784198,0.00977917294949,-0.00235340185463,-0.00210339669138,0.00153600960039,0.000244418974034,0.000716110225767,-0.00155981432181,0.00329526164569,-0.00291237933561],[-0.0000591404132138,0.000914501491934,-0.00149053242058,0.00135858298745,-0.00235340185463,0.010259299539,-0.00286100083031,-0.00527822598815,0.00602091709152,-0.000745557947084,-0.0018009027699,0.000319889688399,-0.000292335724225],[0.000219586712774,-0.001800453756,0.00385536882095,-0.00318919424899,-0.00210339669138,-0.00286100083031,0.0138759640977,-0.00233050948009,-0.00677087856457,0.00499097583815,0.00378079921938,-0.00908437184989,0.0043343952857],[-0.000153364264406,0.00238189916126,-0.00297018513083,0.00280587491579,0.00153600960039,-0.00527822598815,-0.00233050948009,0.0165667906404,-0.00528593594208,-0.00446029612795,-0.00166492292192,0.00679933978245,-0.00651602866128],[0.000286488328129,-0.00288120051846,0.00201405049302,-0.00258709629998,0.000244418974034,0.00602091709152,-0.00677087856457,-0.00528593594208,0.021642524749,-0.0121557423845,0.00283210841008,-0.00303278956562,0.00567661598325],[-0.000195252825506,0.00292786257342,-0.00170967797749,0.00081533723278,0.000716110225767,-0.000745557947084,0.00499097583815,-0.00446029612795,-0.0121557423845,0.0316088683903,-0.0137188239023,0.00190474360716,-0.0016534718452],[0.000434792775195,-0.00542592070997,0.00264397659339,-0.000103923041024,-0.00155981432181,-0.0018009027699,0.00378079921938,-0.00166492292192,0.00283210841008,-0.0137188239023,0.0344570502639,-0.0176716186106,0.00319266412407],[-0.000395887735067,0.00562274409458,-0.00181242404506,-0.000496625551023,0.00329526164569,0.000319889688399,-0.00908437184989,0.00679933978245,-0.00303278956562,0.00190474360716,-0.0176716186106,0.0308998506516,-0.0107374703512],[0.000364052917575,-0.00353842996992,0.00234032957815,-0.00064932560781,-0.00291237933561,-0.000292335724225,0.0043343952857,-0.00651602866128,0.00567661598325,-0.0016534718452,0.00319266412407,-0.0107374703512,0.023038784042]],"mean":[-4.88953304291,84.7329483032,-71.2833251953,4.13776636124,-14.4870977402,-20.3426456451,0.93414580822,-22.4530792236,-2.15650320053,-8.2856092453,-3.95075440407,-1.44408774376,-9.58246326447]},"hfc":{"dmean":300.843017578,"dmean2":468.484008789,"dvar":178483.375,"dvar2":406827.09375,"max":9283.38671875,"mean":701.326538086,"median":558.774902344,"min":1.08160456066e-16,"var":344177.9375},"melbands":{"dmean":[0.00204583676532,0.00182493950706,0.000998346600682,0.00080431700917,0.000421732460381,0.00037475512363,0.000273108133115,0.000185919256182,0.000109784305096,0.000091710149718,0.0000577544415137,0.0000554384496354,0.0000539355132787,0.0000731298277969,0.0000406735671277,0.0000192256648006,0.0000140606125569,0.0000157386439241,0.0000166361460288,0.0000118034049592,0.00000842380450194,0.00000750047502152,0.00000683741245666,0.00000685377608534,0.00000540349674338,0.00000487562965645,0.00000481330880575,0.000004677483048,0.00000310008044835,0.00000294506025966,0.00000195321331375,0.00000161548655342,0.00000166845700278,0.00000126065640416,5.9811537767e-7,3.01566757344e-7,1.16168926922e-7,6.93730797252e-8,4.00614474927e-8,2.81681842296e-8],"dmean2":[0.00329868961126,0.00299174501561,0.00162230536807,0.00130505929701,0.000676407187711,0.000591220159549,0.000433964654803,0.000299763487419,0.000178427188075,0.00014664545597,0.0000931518297875,0.0000907405337784,0.0000857935738168,0.000115057184303,0.0000651870359434,0.0000310938885377,0.000022505502784,0.0000252730678767,0.0000268552557827,0.0000189371421584,0.0000131679098558,0.0000117063545986,0.0000106086208689,0.0000105654398794,0.00000818804164737,0.00000736908123145,0.00000731797354092,0.00000695706103215,0.00000458052636532,0.00000430033242083,0.00000282373002847,0.00000231307353715,0.00000239963151216,0.00000187628097592,8.69685038651e-7,4.35476977145e-7,1.75858446028e-7,1.12174923572e-7,6.52179252825e-8,4.5732559073e-8],"dvar":[0.0000101220439319,0.00000844986607262,0.00000218360128201,0.00000166280028679,6.42436361886e-7,5.81577467074e-7,3.70714843712e-7,2.15084128286e-7,7.44380059814e-8,8.45791134907e-8,1.97122194123e-8,1.97996588014e-8,1.81522583631e-8,3.78407314372e-8,7.99389621164e-9,1.26387178501e-9,5.69904790026e-10,8.1023299181e-10,1.01624542115e-9,4.57295451506e-10,3.24486132408e-10,2.32984936899e-10,2.6314303514e-10,3.30659111203e-10,1.73030090256e-10,2.2658971921e-10,2.96073748851e-10,1.54857140999e-10,9.3363282383e-11,6.84744483337e-11,4.51491344311e-11,2.54382053616e-11,2.13148734773e-11,1.24054846257e-11,2.31758579342e-12,4.329403047e-13,7.16920216227e-14,1.54752970285e-14,3.83548080516e-15,1.90280869403e-15],"dvar2":[0.000026506571885,0.0000212640297832,0.00000509460051035,0.00000442659438704,0.00000150655080233,0.00000133192418161,8.79881099536e-7,5.17450871484e-7,1.91048982856e-7,1.99345052465e-7,4.66281555589e-8,5.22219956167e-8,4.23096082613e-8,8.71730208019e-8,1.97380014555e-8,3.15446269106e-9,1.39522238207e-9,2.02543026795e-9,2.49242604333e-9,1.11228759536e-9,7.8119793967e-10,5.29366050994e-10,5.7641019735e-10,7.96028409855e-10,3.79202669265e-10,4.73267369738e-10,7.21801896031e-10,3.44531625451e-10,2.07746944647e-10,1.28839897084e-10,8.30086763215e-11,5.25055658673e-11,4.53455190064e-11,2.89713097262e-11,5.19858375098e-12,9.25106670956e-13,1.62143857911e-13,3.52897507223e-14,9.49211717528e-15,4.71329323566e-15],"max":[0.0710064172745,0.0537950955331,0.0383043587208,0.0334552414715,0.019230319187,0.0187839977443,0.0156121449545,0.0119418194517,0.0123702799901,0.00957361143082,0.00409722747281,0.00528585165739,0.00338876317255,0.00645112339407,0.00241667334922,0.00112303695641,0.000555134844035,0.000638530938886,0.000923970947042,0.000398519652663,0.000605204200838,0.000501432281453,0.000862675660755,0.000780916248914,0.000725181249436,0.00113832065836,0.0014110977063,0.000569513067603,0.000714459514711,0.000545179704204,0.000515060732141,0.000278367544524,0.000172952059074,0.000106966130261,0.0000398204065277,0.0000138383511512,0.00000910056314751,0.0000049642931117,0.00000141188615999,9.49506784309e-7],"mean":[0.0032544080168,0.00271326256916,0.0015052856179,0.00121612160001,0.000634768046439,0.000564145389944,0.000402157980716,0.000262883491814,0.000151824700879,0.000122725687106,0.0000791142010712,0.0000802644935902,0.0000784275398473,0.000109498527308,0.0000630838403595,0.0000311071089527,0.0000228276348935,0.0000260556862486,0.0000271241297014,0.0000190754908544,0.0000136300768645,0.0000126547593027,0.0000116154578791,0.0000118331054182,0.0000093150210887,0.00000829179589346,0.00000825318056741,0.00000815483326733,0.00000540699920748,0.00000488907744511,0.00000344442378264,0.00000279294272332,0.00000269386328,0.00000193092046175,9.83530071608e-7,5.27884992607e-7,1.78956895525e-7,9.36049886491e-8,5.28414823009e-8,3.26652269678e-8],"median":[0.00192095409147,0.00155838555656,0.000904643326066,0.000621154264081,0.000298640836263,0.000229695855523,0.000154792360263,0.0000919523081393,0.000066002838139,0.0000405847858929,0.0000309493334498,0.0000353448231181,0.0000241226371145,0.0000321326369885,0.0000275628262898,0.0000164934426721,0.0000120967342809,0.0000129752224893,0.0000123372774397,0.00000808870117908,0.00000513571467309,0.00000495674794365,0.00000460984210804,0.00000453505072073,0.00000328522173731,0.00000249618938142,0.00000223608958549,0.00000190123330412,0.0000013171018054,0.00000115804800771,8.00813154456e-7,5.62037143936e-7,4.20541596213e-7,2.88815442673e-7,1.82897764489e-7,1.22990641671e-7,4.92776166539e-8,4.81572755007e-8,3.01290299376e-8,1.52519383789e-8],"min":[7.34537921831e-25,7.85927575249e-25,3.93339457979e-25,8.03492401468e-25,1.1032860709e-24,8.52856851727e-25,1.26737249184e-24,1.32938257963e-24,2.35008901464e-24,2.21003228295e-24,2.57753477134e-24,1.93634488049e-24,2.97626707968e-24,2.7132352159e-24,2.0360710984e-24,2.18242412342e-24,1.80296999788e-24,3.42682952165e-24,3.33743974818e-24,3.34427798893e-24,3.74468366847e-24,3.69399304442e-24,3.00892454065e-24,3.03685652758e-24,3.87417479163e-24,4.66782171596e-24,4.11325683833e-24,5.32742223984e-24,4.75103944172e-24,3.85457514801e-24,4.38775361207e-24,4.91647619532e-24,5.25213729935e-24,4.93363944203e-24,5.69340124061e-24,5.03169327483e-24,4.11098610221e-24,5.09510230882e-24,5.87504001391e-24,6.29136806196e-24],"var":[0.0000172755535459,0.0000125762990137,0.00000392871834265,0.00000311400140163,0.00000112168368105,0.00000116936791983,6.62208094582e-7,3.76235902877e-7,9.83865859894e-8,1.18023663731e-7,3.08922096792e-8,2.79668768144e-8,3.21285398286e-8,7.07349556706e-8,1.37877513851e-8,2.05787475949e-9,9.95157178885e-10,1.54571544453e-9,1.82440595964e-9,8.49377346235e-10,5.68487590336e-10,4.56745308242e-10,5.06154118618e-10,5.25305521304e-10,3.69758196284e-10,5.03802333185e-10,5.40584577102e-10,3.40743461225e-10,2.17086154608e-10,1.60125565585e-10,9.71854818843e-11,5.30202513838e-11,4.16296545847e-11,1.85554922122e-11,4.06851115298e-12,1.00659996831e-12,1.54933818596e-13,2.80915190469e-14,5.62846278374e-15,2.35309649099e-15]},"melbands_crest":{"dmean":4.03673458099,"dmean2":6.72774648666,"dvar":11.1403465271,"dvar2":30.7829608917,"max":35.7680091858,"mean":15.4353752136,"median":14.9525632858,"min":1.3665728569,"var":26.7336521149},"melbands_flatness_db":{"dmean":0.0308091714978,"dmean2":0.0473524779081,"dvar":0.000693134963512,"dvar2":0.00156317721121,"max":0.501609861851,"mean":0.245199263096,"median":0.248959720135,"min":0.00137556088157,"var":0.00486302282661},"melbands_kurtosis":{"dmean":8.74460124969,"dmean2":14.095489502,"dvar":158.79776001,"dvar2":393.428955078,"max":395.599182129,"mean":17.8404312134,"median":12.4130382538,"min":-1.88601243496,"var":386.660736084},"melbands_skewness":{"dmean":0.814888358116,"dmean2":1.30047094822,"dvar":0.550898790359,"dvar2":1.3436191082,"max":13.4565734863,"mean":3.07662606239,"median":2.92976427078,"min":-3.17449879646,"var":2.27512574196},"melbands_spread":{"dmean":5.12548494339,"dmean2":7.9682264328,"dvar":51.2309646606,"dvar2":112.736206055,"max":312.666870117,"mean":16.7893390656,"median":11.081943512,"min":0.425127178431,"var":472.289794922},"mfcc":{"cov":[[9395.32324219,1025.0201416,-824.699279785,854.544006348,-512.009399414,461.633483887,-193.549346924,342.009643555,-79.1898193359,80.3862228394,-92.5065765381,71.0924682617,164.772659302],[1025.0201416,1171.66674805,136.96484375,-52.7371177673,111.421234131,-54.1430206299,24.967086792,-96.4165344238,-11.581943512,-12.273100853,45.5198669434,-20.1563529968,-63.8787384033],[-824.699279785,136.96484375,444.712646484,-142.076522827,137.429077148,-116.85256958,31.657875061,-98.7034301758,3.74153733253,-16.1356754303,32.1303291321,-16.8638191223,-41.9311180115],[854.544006348,-52.7371177673,-142.076522827,328.192718506,-77.9901046753,120.714225769,-57.4254798889,80.1039505005,-9.81050109863,29.4869689941,-17.7227020264,6.28145599365,42.4438018799],[-512.009399414,111.421234131,137.429077148,-77.9901046753,213.961700439,-36.444934845,77.0203018188,-65.443359375,20.1135253906,-17.5779666901,10.4798135757,-22.984664917,-32.8792572021],[461.633483887,-54.1430206299,-116.85256958,120.714225769,-36.444934845,162.053100586,20.6575031281,84.278427124,-6.9646191597,12.4013376236,-29.4868183136,12.366517067,27.7164058685],[-193.549346924,24.967086792,31.657875061,-57.4254798889,77.0203018188,20.6575031281,124.759864807,18.7115783691,27.1347789764,-19.0666408539,-6.76266670227,-5.14280891418,-7.92223405838],[342.009643555,-96.4165344238,-98.7034301758,80.1039505005,-65.443359375,84.278427124,18.7115783691,127.437339783,23.0779628754,23.9570903778,-13.8731622696,21.547454834,32.5798301697],[-79.1898193359,-11.581943512,3.74153733253,-9.81050109863,20.1135253906,-6.9646191597,27.1347789764,23.0779628754,75.9365081787,25.6607952118,15.7053260803,2.26900339127,0.668740749359],[80.3862228394,-12.273100853,-16.1356754303,29.4869689941,-17.5779666901,12.4013376236,-19.0666408539,23.9570903778,25.6607952118,65.7725524902,24.0855941772,11.3368558884,8.34975147247],[-92.5065765381,45.5198669434,32.1303291321,-17.7227020264,10.4798135757,-29.4868183136,-6.76266670227,-13.8731622696,15.7053260803,24.0855941772,66.2814102173,19.0799236298,-0.593647003174],[71.0924682617,-20.1563529968,-16.8638191223,6.28145599365,-22.984664917,12.366517067,-5.14280891418,21.547454834,2.26900339127,11.3368558884,19.0799236298,66.5988464355,40.8615264893],[164.772659302,-63.8787384033,-41.9311180115,42.4438018799,-32.8792572021,27.7164058685,-7.92223405838,32.5798301697,0.668740749359,8.34975147247,-0.593647003174,40.8615264893,80.0456085205]],"icov":[[0.000222433271119,-0.00029864005046,0.000198289009859,-0.000344533007592,0.000312475342071,-0.000118381234643,0.0000349354741047,-0.000158503302373,0.0000407810475735,-0.0000146258807945,0.000194815103896,-0.0000173437019839,-0.000160844196216],[-0.00029864005046,0.00137667055242,-0.000358125020284,0.00029396370519,-0.000606284069363,0.0000546036571905,-0.000287096569082,0.000757777190302,0.000151849118993,0.0000482426548842,-0.00086625298718,-0.000140542702866,0.000824130955152],[0.000198289009859,-0.000358125020284,0.00361765478738,0.0000709870146238,-0.00132170983125,0.00145862775389,-0.000178352318471,0.000259167893091,0.000635008327663,-0.00035386410309,-0.000285055284621,-0.000187058773008,0.000117347160995],[-0.000344533007592,0.00029396370519,0.0000709870146238,0.00616798363626,-0.00109750940464,-0.00347740319557,0.00368895544671,-0.00147843686864,-0.00026429083664,-0.0000124017824419,-0.000979472650215,0.00228089420125,-0.00173754245043],[0.000312475342071,-0.000606284069363,-0.00132170983125,-0.00109750940464,0.0100880097598,-0.00117142614909,-0.00603412045166,0.0055225789547,-0.00199344498105,-0.000576535821892,0.0000965800354606,0.000731702137273,0.000170866696863],[-0.000118381234643,0.0000546036571905,0.00145862775389,-0.00347740319557,-0.00117142614909,0.014515013434,-0.00432680174708,-0.00552707258612,0.00455661350861,-0.00312891928479,0.0037766804453,-0.00177470222116,0.000431768887211],[0.0000349354741047,-0.000287096569082,-0.000178352318471,0.00368895544671,-0.00603412045166,-0.00432680174708,0.0172506514937,-0.00608376134187,-0.00475002918392,0.00661569507793,-0.000706689490471,0.000904737447854,-0.000264865579084],[-0.000158503302373,0.000757777190302,0.000259167893091,-0.00147843686864,0.0055225789547,-0.00552707258612,-0.00608376134187,0.0199283696711,-0.0052572870627,-0.0036598094739,0.00230653281324,-0.00271900394,-0.000849568867125],[0.0000407810475735,0.000151849118993,0.000635008327663,-0.00026429083664,-0.00199344498105,0.00455661350861,-0.00475002918392,-0.0052572870627,0.0205147564411,-0.00807922706008,-0.00200209254399,0.00141004368197,-0.000280157953966],[-0.0000146258807945,0.0000482426548842,-0.00035386410309,-0.0000124017824419,-0.000576535821892,-0.00312891928479,0.00661569507793,-0.0036598094739,-0.00807922706008,0.0250532943755,-0.00860396306962,0.000477473833598,0.000027354046324],[0.000194815103896,-0.00086625298718,-0.000285055284621,-0.000979472650215,0.0000965800354606,0.0037766804453,-0.000706689490471,0.00230653281324,-0.00200209254399,-0.00860396306962,0.0240953173488,-0.00891012884676,0.00264229858294],[-0.0000173437019839,-0.000140542702866,-0.000187058773008,0.00228089420125,0.000731702137273,-0.00177470222116,0.000904737447854,-0.00271900394,0.00141004368197,0.000477473833598,-0.00891012884676,0.0266683772206,-0.0130138900131],[-0.000160844196216,0.000824130955152,0.000117347160995,-0.00173754245043,0.000170866696863,0.000431768887211,-0.000264865579084,-0.000849568867125,-0.000280157953966,0.000027354046324,0.00264229858294,-0.0130138900131,0.0213670916855]],"mean":[-664.479431152,149.886688232,-2.49572587013,39.1124954224,-2.52951073647,19.3848743439,-1.15712916851,6.23014593124,-4.43886518478,2.41709780693,-0.171282634139,1.59814786911,2.31376099586]},"pitch_salience":{"dmean":0.0763709694147,"dmean2":0.124544546008,"dvar":0.00392602663487,"dvar2":0.0102687329054,"max":0.985356390476,"mean":0.560551643372,"median":0.564836978912,"min":0.0945144966245,"var":0.0113520752639},"silence_rate_20dB":{"dmean":0.00290942494757,"dmean2":0.005819295533,"dvar":0.00290095270611,"dvar2":0.00777618773282,"max":1,"mean":0.998086035252,"median":1,"min":0,"var":0.00191031408031},"silence_rate_30dB":{"dmean":0.10718934238,"dmean2":0.214395105839,"dvar":0.0956911221147,"dvar2":0.200287863612,"max":1,"mean":0.829046070576,"median":1,"min":0,"var":0.141721054912},"silence_rate_60dB":{"dmean":0.00137814867776,"dmean2":0.00275650853291,"dvar":0.00137625751086,"dvar2":0.00290208146907,"max":1,"mean":0.0331495925784,"median":0,"min":0,"var":0.0320506319404},"spectral_centroid":{"dmean":229.80267334,"dmean2":333.520294189,"dvar":74183.484375,"dvar2":137185.484375,"max":11834.8847656,"mean":1187.37817383,"median":806.975036621,"min":157.795394897,"var":2177066},"spectral_complexity":{"dmean":4.19064378738,"dmean2":5.79601860046,"dvar":23.5952911377,"dvar2":35.3050117493,"max":60,"mean":19.2389373779,"median":16,"min":0,"var":150.485229492},"spectral_contrast_coeffs":{"dmean":[0.0557993389666,0.051649607718,0.038217432797,0.027301453054,0.0189857184887,0.043340716511],"dmean2":[0.092100828886,0.08611536026,0.0633189156651,0.0454792752862,0.0308156404644,0.0655618309975],"dvar":[0.00191859772895,0.00172660115641,0.000953402253799,0.000469837104902,0.000242108944803,0.00144905725028],"dvar2":[0.00519953295588,0.00456406921148,0.00253828708082,0.00126390706282,0.000604979344644,0.00325048319064],"max":[-0.310112655163,-0.415494918823,-0.527911186218,-0.634325742722,-0.674683153629,-0.401767343283],"mean":[-0.668897032738,-0.758212566376,-0.808255434036,-0.819619357586,-0.826917171478,-0.720992445946],"median":[-0.67297077179,-0.764651119709,-0.813099265099,-0.819932103157,-0.825677394867,-0.729354381561],"min":[-0.980731904507,-0.983503520489,-0.978823721409,-0.979417979717,-0.976331889629,-0.967326939106],"var":[0.00835953187197,0.00538771366701,0.00302518089302,0.00159671937581,0.00122675928287,0.00804673228413]},"spectral_contrast_valleys":{"dmean":[0.399486511946,0.369974702597,0.337532252073,0.286357283592,0.284496337175,0.527139365673],"dmean2":[0.653013110161,0.595232844353,0.531746685505,0.433958739042,0.392751932144,0.83036005497],"dvar":[0.109782718122,0.101945400238,0.0950867459178,0.0828342810273,0.0974347293377,0.215979754925],"dvar2":[0.266149818897,0.235260680318,0.201074168086,0.156130313873,0.162342429161,0.527197778225],"max":[-4.90382957458,-4.52708101273,-5.05867624283,-5.6872959137,-4.90854644775,-8.77466869354],"mean":[-6.96790647507,-6.77623081207,-7.40201377869,-7.80114030838,-7.8780798912,-11.2050800323],"median":[-6.50020694733,-6.36878967285,-6.98232507706,-7.37661933899,-7.49786806107,-10.86759758],"min":[-28.3869476318,-28.3299827576,-27.8327407837,-27.6796512604,-27.5476894379,-27.4321689606],"var":[8.06777763367,8.14292430878,7.68679475784,7.41841936111,7.5462064743,5.16769742966]},"spectral_decrease":{"dmean":3.29897442697e-9,"dmean2":5.57337731522e-9,"dvar":2.24559138034e-17,"dvar2":6.56242878701e-17,"max":8.03950044315e-8,"mean":-1.21632370842e-9,"median":-8.87007356454e-10,"min":-5.33089377086e-8,"var":2.1869414625e-17},"spectral_energy":{"dmean":0.0246944148093,"dmean2":0.0371194221079,"dvar":0.000993596157059,"dvar2":0.00205566361547,"max":0.538600981236,"mean":0.0682032555342,"median":0.0564891472459,"min":9.79762800709e-21,"var":0.00262304209173},"spectral_energyband_high":{"dmean":0.00071715307422,"dmean2":0.000901746738236,"dvar":0.00000211475094147,"dvar2":0.0000033002654618,"max":0.0469226762652,"mean":0.00163442431949,"median":0.000522390182596,"min":6.95636842393e-21,"var":0.00000744944145481},"spectral_energyband_low":{"dmean":0.00986561365426,"dmean2":0.0157849304378,"dvar":0.000198379042558,"dvar2":0.000488906225655,"max":0.248991787434,"mean":0.0182402525097,"median":0.0124569330364,"min":1.08075111529e-23,"var":0.000389968248783},"spectral_energyband_middle_high":{"dmean":0.00155281100888,"dmean2":0.002226539189,"dvar":0.00000715120677341,"dvar2":0.0000146422253238,"max":0.0628364682198,"mean":0.00393130723387,"median":0.00215971004218,"min":1.10889619564e-21,"var":0.0000251257606578},"spectral_energyband_middle_low":{"dmean":0.00663478812203,"dmean2":0.0104093393311,"dvar":0.0000691048408044,"dvar2":0.000163683187566,"max":0.13767080009,"mean":0.0146651994437,"median":0.0108515378088,"min":1.57994336897e-22,"var":0.000185095719644},"spectral_entropy":{"dmean":0.176164403558,"dmean2":0.266153663397,"dvar":0.0303819607943,"dvar2":0.0653894543648,"max":9.8364906311,"mean":7.5351099968,"median":7.57333183289,"min":4.85095214844,"var":0.272851347923},"spectral_flux":{"dmean":0.0334944166243,"dmean2":0.0531305000186,"dvar":0.00135088607203,"dvar2":0.00290171662346,"max":0.529321491718,"mean":0.142595171928,"median":0.133443787694,"min":6.34343480521e-11,"var":0.00451303692535},"spectral_kurtosis":{"dmean":2.76167559624,"dmean2":4.24604511261,"dvar":7.56783151627,"dvar2":17.5626811981,"max":46.6713600159,"mean":15.3629741669,"median":14.7026510239,"min":-1.33222043514,"var":31.9656715393},"spectral_rms":{"dmean":0.00139310571831,"dmean2":0.00207713549025,"dvar":0.00000204846287488,"dvar2":0.00000410984694099,"max":0.0229230094701,"mean":0.00759859709069,"median":0.00742370262742,"min":3.09170852981e-12,"var":0.00000880132120074},"spectral_rolloff":{"dmean":108.579299927,"dmean2":198.219146729,"dvar":629796.5,"dvar2":2007707.875,"max":22050,"mean":21816.8261719,"median":21942.3339844,"min":215.33203125,"var":729216.8125},"spectral_skewness":{"dmean":0.261875122786,"dmean2":0.390320152044,"dvar":0.0649863556027,"dvar2":0.135720536113,"max":5.36594295502,"mean":2.7055273056,"median":2.72384953499,"min":-0.256465107203,"var":0.498413145542},"spectral_spread":{"dmean":460984.09375,"dmean2":725473.1875,"dvar":320709492736,"dvar2":748615041024,"max":42263604,"mean":5363375,"median":4692691,"min":2545006.5,"var":22589565042700},"spectral_strongpeak":{"dmean":32.4032058716,"dmean2":59.1463394165,"dvar":1741.39038086,"dvar2":4445.85351562,"max":396.464111328,"mean":27.4753913879,"median":0.852973520756,"min":0,"var":1844.99645996},"zerocrossingrate":{"dmean":0.0409875102341,"dmean2":0.0562665984035,"dvar":0.00125697208568,"dvar2":0.00232863472775,"max":0.802734375,"mean":0.472179025412,"median":0.4716796875,"min":0.09130859375,"var":0.00444706715643}},"metadata":{"audio_properties":{"analysis_sample_rate":44100,"bit_rate":160000,"codec":"mp3","downmix":"mix","equal_loudness":0,"length":303.255523682,"lossless":false,"md5_encoded":"2eb074f6d61e1ed61b62b9515f44bd45","replay_gain":-2.11541175842,"sample_rate":44100},"tags":{"album":["Wheels of Fire"],"album artist credit":["Cream"],"albumartist":["Cream"],"albumartistsort":["Cream"],"artist":["Cream"],"artist credit":["Cream"],"artistsort":["Cream"],"bpm":["0"],"catalognumber":["S 1113 0811"],"composer":["Jack Bruce & Pete Brown"],"date":["1968"],"discnumber":["1/2"],"encodedby":["iTunes v4.8.0.32"],"file_name":"01 - Cream - White Room.mp3","genre":["Rock - Classic Rock"],"label":["Supraphon"],"language":["eng"],"media":["Vinyl"],"musicbrainz album release country":["XC"],"musicbrainz album status":["Official"],"musicbrainz album type":["album"],"musicbrainz_albumartistid":["04cd0cfd-bfd1-4c36-bc38-95c35e2c045f"],"musicbrainz_albumid":["c83c9165-974c-3aa3-8602-01b0ab0948d1"],"musicbrainz_artistid":["04cd0cfd-bfd1-4c36-bc38-95c35e2c045f"],"musicbrainz_recordingid":["d15ba2bd-f227-415f-9c8a-4245a51a6d8f"],"musicbrainz_releasegroupid":["d4cd45f8-9a77-3449-a23c-0167e181fb5e"],"originaldate":["1968"],"replaygain_album_gain":["0.00 dB"],"replaygain_album_peak":["0.000000"],"replaygain_track_gain":["-0.41 dB"],"replaygain_track_peak":["0.947510"],"script":["Latn"],"title":["White Room"],"tracknumber":["1/13"]},"version":{"essentia":"2.1-beta1","essentia_build_sha":"5a811adb4c06fd6d02ca903f7349a26d851abfa8","essentia_git_sha":"v2.1_beta1-34-gf95df8b","extractor":"music 1.0"}},"rhythm":{"beats_count":556,"beats_loudness":{"dmean":0.054139751941,"dmean2":0.0949251502752,"dvar":0.00303637539037,"dvar2":0.00828817393631,"max":0.480160474777,"mean":0.106413207948,"median":0.0951938182116,"min":0,"var":0.00401489017531},"beats_loudness_band_ratio":{"dmean":[0.1220082715