{"lowlevel":{"average_loudness":0.799226045609,"barkbands":{"dmean":[0.000701930955984,0.0118498252705,0.005300687626,0.00143839709926,0.00180412421469,0.00239859591238,0.000882131571416,0.00109409808647,0.00135467050131,0.000890931289177,0.000369788933313,0.00030890974449,0.000192937077372,0.000148661390995,0.000167219215655,0.000135231646709,0.0000470291342936,0.0000465438424726,0.0000396823197661,0.0000431388507423,0.0000459198454337,0.0000563581997994,0.0000469138358312,0.0000135550162668,0.00000222906010094,0.00000385544990422,0.0000700946329744],"dmean2":[0.00122818211094,0.0194763690233,0.00865039788187,0.0024131773971,0.0028900608886,0.00373892276548,0.00140399637166,0.00176640599966,0.00214537070133,0.00142516882624,0.000581788015552,0.00049042806495,0.000309410039335,0.000234017032199,0.000262285640929,0.000205040370929,0.0000706533537596,0.0000682133177179,0.000057071873016,0.0000626586188446,0.0000651190348435,0.000079631441622,0.0000668140783091,0.0000196777964447,0.00000360997387361,0.00000589593400946,0.0000950050671236],"dvar":[0.00000150809273691,0.000655828975141,0.000152485925355,0.00000548273646928,0.00000784903113527,0.0000191595463548,0.00000840728262119,0.00000908677156986,0.0000240624467551,0.00000512314318257,8.92319917511e-7,3.48880291767e-7,1.31139813675e-7,7.00481379567e-8,1.36365514436e-7,1.06771231856e-7,7.37354444169e-9,9.18912856918e-9,1.01444070921e-8,1.40711051699e-8,3.54684850379e-8,4.55462405569e-8,1.49110377379e-8,1.66154967562e-9,1.59046890241e-11,6.86272982886e-11,3.34208039021e-8],"dvar2":[0.00000387571344618,0.00154386332724,0.000375389907276,0.0000139718094943,0.0000191769322555,0.0000475855340483,0.0000196795972442,0.0000243073081947,0.0000567829119973,0.0000119208525575,0.00000216719263335,8.73038686677e-7,3.33278620701e-7,1.73660424707e-7,3.0775504456e-7,2.38148587073e-7,1.69135425665e-8,2.1234658476e-8,2.23845564307e-8,3.07710301684e-8,7.04752594061e-8,7.94651242586e-8,2.65643436137e-8,3.2597606836e-9,3.79807157946e-11,1.43813599918e-10,6.33641690229e-8],"max":[0.0232598483562,0.393015503883,0.194797083735,0.0471277832985,0.0517796278,0.114837326109,0.0768786296248,0.079558968544,0.188071474433,0.0655473098159,0.0330170467496,0.0112405922264,0.00500221550465,0.00356983533129,0.0136316884309,0.00651364959776,0.00124426395632,0.00381508679129,0.00243426347151,0.0053599444218,0.00687931338325,0.0107499491423,0.00647302391008,0.00143176759593,0.0000914182091947,0.000333866017172,0.00713189691305],"mean":[0.000685477629304,0.0150444768369,0.00620808079839,0.00180686800741,0.00293409381993,0.00392142077908,0.00123575888574,0.00151173188351,0.00197554077022,0.00133091036696,0.00052528292872,0.000464618991828,0.000305672787363,0.000233931597904,0.000263412919594,0.000206700729905,0.0000731335094315,0.0000747034428059,0.0000608894551988,0.0000650570727885,0.000064179279434,0.0000755538931116,0.0000563252979191,0.00001732257806,0.00000252489849117,0.00000508418816025,0.0000991504348349],"median":[0.000272039149422,0.00705933803692,0.00182240246795,0.000830953824334,0.00182952964678,0.00187008990906,0.00041557586519,0.000387954001781,0.000439976953203,0.00039426778676,0.000130715838168,0.000128456667881,0.0000906970890355,0.000077418066212,0.0000817267573439,0.0000413947636844,0.000025235760404,0.000023305619834,0.0000196965083887,0.0000185684166354,0.0000145570720633,0.0000154780045705,0.00000961666773946,0.00000435494803241,8.98342932487e-7,0.00000200228032554,0.000028037939046],"min":[1.11865716885e-13,7.50024906548e-14,1.12588584967e-14,7.77216171874e-15,3.25056144111e-14,6.57588878641e-14,1.76206461531e-13,2.3156642077e-13,9.54962088681e-14,2.32703830164e-13,1.11376958546e-13,4.10643521005e-15,1.60349588018e-14,9.44443345551e-15,1.17879923555e-14,2.81555547377e-14,2.31292307355e-14,6.98798047964e-14,4.04446509378e-14,5.40099140813e-14,3.58924180524e-14,1.19011490116e-13,4.92562737017e-14,4.90463897794e-13,1.88622568628e-13,6.36995556129e-13,8.40315989535e-13],"var":[0.00000145098408666,0.000697048264556,0.000177602574695,0.00000854655081639,0.0000132805216708,0.0000364990519302,0.0000138545774462,0.0000155146353791,0.0000372561771655,0.00000844471287564,0.00000131779904677,6.73722183819e-7,2.66829061957e-7,1.37450925308e-7,2.64534065764e-7,2.00727512834e-7,1.45536569462e-8,2.51310225963e-8,1.85386905827e-8,2.74939981892e-8,6.56886456341e-8,1.03174556898e-7,3.30088383294e-8,3.34711947048e-9,2.10674776235e-11,1.21681276166e-10,5.82006123295e-8]},"barkbands_crest":{"dmean":3.11812090874,"dmean2":5.17146635056,"dvar":7.07998800278,"dvar2":18.312669754,"max":24.1972064972,"mean":11.4169130325,"median":10.76628685,"min":2.69074821472,"var":18.4445972443},"barkbands_flatness_db":{"dmean":0.034366376698,"dmean2":0.0519671998918,"dvar":0.000886822293978,"dvar2":0.0019857196603,"max":0.451856642962,"mean":0.17898029089,"median":0.170102909207,"min":0.0324368737638,"var":0.00383756821975},"barkbands_kurtosis":{"dmean":7.59235334396,"dmean2":12.3227491379,"dvar":187.561721802,"dvar2":494.056304932,"max":323.308074951,"mean":12.0901260376,"median":6.85711622238,"min":-1.80992627144,"var":315.830230713},"barkbands_skewness":{"dmean":0.855300188065,"dmean2":1.3221732378,"dvar":0.81589537859,"dvar2":2.01614236832,"max":13.6695871353,"mean":2.29294395447,"median":2.0136475563,"min":-2.16845273972,"var":2.51093316078},"barkbands_spread":{"dmean":5.01675987244,"dmean2":7.52432489395,"dvar":64.6029586792,"dvar2":126.973670959,"max":120.506698608,"mean":12.7289047241,"median":9.66236591339,"min":0.423900425434,"var":150.280349731},"dissonance":{"dmean":0.0300786197186,"dmean2":0.0498933456838,"dvar":0.000810802564956,"dvar2":0.00219427864067,"max":0.500000059605,"mean":0.447630852461,"median":0.457183688879,"min":0.194751188159,"var":0.00161582615692},"dynamic_complexity":3.62577462196,"erbbands":{"dmean":[0.193632304668,3.13388538361,7.34256839752,4.38101482391,4.28135251999,7.28522253036,16.2478752136,18.6020755768,13.2846155167,13.3450298309,27.101764679,30.9421062469,27.0207080841,23.1145572662,14.4684867859,11.9511928558,9.16588592529,6.88414382935,8.58973121643,7.75059700012,6.26305818558,2.60970592499,2.55621767044,2.06682729721,2.11685919762,1.95626699924,1.83163404465,1.92912173271,2.02507162094,1.77441096306,1.2892100811,0.504266262054,0.119201101363,0.0296510383487,0.0144226625562,0.00812545698136,0.0069628492929,0.01779586263,0.0122792758048,0.00102071359288],"dmean2":[0.325303852558,5.13806772232,11.9398097992,7.16928005219,7.03472805023,11.6876182556,25.9904575348,28.8412628174,20.7578201294,21.5601177216,43.5499000549,49.3039550781,42.8425865173,36.149143219,22.644449234,18.8781452179,14.5758934021,10.6698312759,13.4296245575,11.8776407242,9.49832057953,3.83172702789,3.75101065636,2.95891094208,3.02850198746,2.85810685158,2.60966539383,2.73247027397,2.87894916534,2.51506876945,1.85785007477,0.730501353741,0.17263494432,0.046669755131,0.0234482362866,0.0131813827902,0.0105351349339,0.0251903310418,0.0171697493643,0.0013580279192],"dvar":[0.137151300907,49.6729545593,320.43057251,54.8902664185,53.6685638428,143.572265625,1022.13140869,1570.24121094,2044.43811035,1460.23522949,7529.29003906,10616.7080078,5669.05371094,4103.00634766,947.633789062,535.141357422,300.580596924,140.603103638,292.92477417,336.526885986,233.669555664,23.3454780579,29.0636558533,22.3430175781,31.3144054413,29.1917953491,48.8236885071,77.5074539185,71.3424072266,27.3389930725,10.7933826447,2.33502912521,0.102239213884,0.00321865314618,0.000690563756507,0.000215261548874,0.000218590153963,0.00193187117111,0.000999158481136,0.00000918343903322],"dvar2":[0.356835335493,116.37071228,768.158752441,136.009689331,128.964996338,353.196075439,2620.98730469,3835.69311523,4702.68359375,3722.75463867,19762.2167969,26782.203125,12965.875,9667.48535156,2194.09667969,1348.53564453,756.141052246,341.693786621,691.446655273,752.409057617,531.859985352,51.2970085144,67.158782959,51.2761192322,68.5400924683,64.5942840576,94.8148193359,159.213256836,133.325515747,44.0911636353,20.0424804688,4.51948404312,0.196115210652,0.00711710099131,0.00166304246522,0.000518014072441,0.000435780064436,0.00375613989308,0.0020025074482,0.0000170806488313],"max":[4.41509103775,112.666366577,302.917755127,178.53793335,159.716339111,298.989318848,717.089538574,1143.7298584,1429.94897461,1086.51647949,2995.51098633,3468.30004883,2589.17822266,3728.17260742,875.600524902,388.970245361,260.645935059,182.359405518,418.347625732,468.785308838,278.667297363,80.580696106,243.002639771,132.73348999,136.449554443,240.571166992,418.771606445,332.317687988,383.080322266,306.289459229,162.660720825,63.0757446289,9.0297164917,1.37441849709,0.655312716961,0.368385761976,0.526376068592,1.31471741199,0.933003723621,0.135291785002],"mean":[0.251468062401,3.92392492294,8.67044258118,6.14320707321,6.21022987366,11.4352626801,25.4626045227,29.9756374359,19.2609519958,19.7855701447,39.3281135559,45.7998924255,43.084941864,34.3725776672,22.6851539612,18.9377441406,15.2741336823,11.6796150208,13.8341569901,12.9252500534,9.71322345734,4.3619556427,4.27940177917,3.22517514229,3.21046257019,2.96401453018,2.66949629784,2.59675860405,2.6917219162,2.25261235237,1.52957177162,0.633728265762,0.154461368918,0.0363284014165,0.015778971836,0.00910933315754,0.00949529372156,0.0226394869387,0.0156375430524,0.00156976142898],"median":[0.106415346265,1.77224111557,3.00782632828,2.74501228333,3.36344909668,6.41545248032,13.573843956,12.7850008011,6.55735683441,6.92190742493,9.60220718384,10.7799015045,11.6975450516,10.3582820892,6.21400880814,5.58419704437,4.62622594833,4.13680839539,4.60136795044,3.2180557251,2.25076198578,1.47613573074,1.3323764801,1.1182653904,1.00087189674,0.838467717171,0.674421668053,0.53213596344,0.549169957638,0.421807289124,0.261403977871,0.134039446712,0.0465426258743,0.0134984906763,0.00576806534082,0.00349939893931,0.00384188443422,0.00570624135435,0.00358664849773,0.000471266510431],"min":[3.981525179e-12,1.07564573568e-11,1.40722633199e-11,2.19049466066e-11,2.56796077458e-11,1.21702314893e-10,3.63533370074e-10,6.06470706987e-10,1.91101467983e-9,3.78277542623e-9,4.90736162817e-9,2.03940375698e-9,5.22340659614e-9,7.8896844613e-9,2.13226125645e-9,2.71575456567e-10,7.56990858886e-10,4.45880721234e-10,7.28193783051e-10,7.0953060094e-10,1.43961642607e-9,1.76137904262e-9,3.93719545855e-9,1.57512713983e-9,2.63957766755e-9,3.2805986816e-9,1.19315035629e-9,2.12779549535e-9,3.67108010657e-9,2.89184942659e-9,1.76641001826e-9,8.97796059718e-9,7.98949706393e-9,2.99209146348e-9,7.69201258244e-10,4.12832157348e-10,1.91688975804e-9,8.37388491881e-10,1.25970289755e-10,7.83874441052e-12],"var":[0.139896914363,52.7169113159,346.997070312,93.2300338745,87.4956741333,245.281616211,1543.79077148,2906.51196289,3445.72973633,2316.38354492,13736.8798828,16947.0683594,10612.3076172,5711.078125,1830.36279297,1088.9720459,645.102966309,314.818847656,554.567016602,699.97845459,422.797637939,51.1736717224,82.9141693115,41.4341773987,55.0185661316,57.497795105,103.488876343,126.421325684,143.048568726,71.5077972412,22.0560512543,4.74458885193,0.210922539234,0.00547424983233,0.000834200938698,0.000264030619292,0.000419375195634,0.00339497206733,0.00157843157649,0.0000161589796335]},"erbbands_crest":{"dmean":2.84969687462,"dmean2":4.60836172104,"dvar":6.34510850906,"dvar2":15.6695480347,"max":32.6384162903,"mean":9.16578865051,"median":8.38521385193,"min":2.32460570335,"var":14.8533763885},"erbbands_flatness_db":{"dmean":0.0276746414602,"dmean2":0.0400167442858,"dvar":0.000561789551284,"dvar2":0.00117643969133,"max":0.346199810505,"mean":0.16089490056,"median":0.15867574513,"min":0.0363233089447,"var":0.00223218067549},"erbbands_kurtosis":{"dmean":1.9730707407,"dmean2":3.08129763603,"dvar":9.38445186615,"dvar2":22.271566391,"max":51.8938140869,"mean":2.37232851982,"median":1.12893033028,"min":-1.80851960182,"var":18.6766872406},"erbbands_skewness":{"dmean":0.492168456316,"dmean2":0.740690171719,"dvar":0.217106446624,"dvar2":0.494113564491,"max":6.06676197052,"mean":0.815495431423,"median":0.764283537865,"min":-4.02192831039,"var":0.866027057171},"erbbands_spread":{"dmean":9.64961338043,"dmean2":13.8251047134,"dvar":127.658622742,"dvar2":263.115478516,"max":144.566802979,"mean":29.7219409943,"median":23.8653678894,"min":2.20550942421,"var":400.806335449},"gfcc":{"cov":[[7649.1796875,-346.521881104,-1347.37780762,-54.1234092712,47.0289154053,-169.836471558,528.888061523,-224.163894653,286.697967529,-103.831130981,39.4677696228,-16.0465259552,-26.4202671051],[-346.521881104,1047.27929688,94.7242202759,-327.62020874,50.097366333,74.2997283936,-134.193252563,125.456069946,-90.8086929321,108.02696228,-56.0488471985,-5.64877891541,69.4118347168],[-1347.37780762,94.7242202759,832.624755859,289.533294678,-111.117004395,28.3946971893,-122.43989563,56.655292511,-84.3663635254,46.8501853943,31.4194965363,50.1161422729,-24.3963508606],[-54.1234092712,-327.62020874,289.533294678,540.169921875,55.5895195007,-88.3424072266,90.3552017212,-81.5109405518,45.7954940796,-49.2992897034,75.224647522,7.98939561844,-70.4007034302],[47.0289154053,50.097366333,-111.117004395,55.5895195007,251.465957642,92.9393539429,22.4571590424,15.5838937759,17.2125511169,13.9975690842,-5.70070552826,-15.2199869156,6.26292943954],[-169.836471558,74.2997283936,28.3946971893,-88.3424072266,92.9393539429,225.196029663,-11.7458753586,73.0560684204,-35.8135147095,32.8850059509,-41.3794822693,8.79439067841,18.4648265839],[528.888061523,-134.193252563,-122.43989563,90.3552017212,22.4571590424,-11.7458753586,204.491424561,-47.2522773743,86.0815887451,-66.8513336182,21.6695518494,-15.1555938721,-15.8802051544],[-224.163894653,125.456069946,56.655292511,-81.5109405518,15.5838937759,73.0560684204,-47.2522773743,181.663848877,-34.9095153809,66.799041748,-42.5104026794,-1.99431180954,23.8107852936],[286.697967529,-90.8086929321,-84.3663635254,45.7954940796,17.2125511169,-35.8135147095,86.0815887451,-34.9095153809,150.999389648,-19.075094223,29.8271026611,-10.8273105621,-19.1139087677],[-103.831130981,108.02696228,46.8501853943,-49.2992897034,13.9975690842,32.8850059509,-66.8513336182,66.799041748,-19.075094223,106.574516296,8.55036354065,11.031914711,21.7729511261],[39.4677696228,-56.0488471985,31.4194965363,75.224647522,-5.70070552826,-41.3794822693,21.6695518494,-42.5104026794,29.8271026611,8.55036354065,74.5302124023,32.6600341797,-4.89531135559],[-16.0465259552,-5.64877891541,50.1161422729,7.98939561844,-15.2199869156,8.79439067841,-15.1555938721,-1.99431180954,-10.8273105621,11.031914711,32.6600341797,64.407333374,33.9845314026],[-26.4202671051,69.4118347168,-24.3963508606,-70.4007034302,6.26292943954,18.4648265839,-15.8802051544,23.8107852936,-19.1139087677,21.7729511261,-4.89531135559,33.9845314026,73.9192199707]],"icov":[[0.000249996402999,-0.000118650190416,0.000556410464924,-0.000328717025695,0.000312560994644,0.00000336250877808,-0.000504515192006,0.000198432055186,-0.0000428766070399,-0.000583515968174,0.00065926759271,-0.00087299675215,0.000477520457935],[-0.000118650190416,0.0018309187144,-0.0015219115885,0.00224345945753,-0.00192020297982,0.00137308775447,-0.000563212670386,-0.0000120200384117,0.000529261247721,-0.000694189278875,0.000201958770049,0.000534998078365,-0.000315991172101],[0.000556410464924,-0.0015219115885,0.00516538834199,-0.00497474474832,0.00456775538623,-0.00320160156116,0.00186422734987,-0.00070079904981,-0.000170861021616,-0.000436920876382,-0.000122492507217,-0.00158744305372,0.000440031173639],[-0.000328717025695,0.00224345945753,-0.00497474474832,0.00842507835478,-0.00628376193345,0.00506005203351,-0.00361950253136,0.000733795284759,0.00113433494698,-0.000304592773318,-0.000271420751233,-0.00151726219337,0.00347511330619],[0.000312560994644,-0.00192020297982,0.00456775538623,-0.00628376193345,0.0103492215276,-0.00681877508759,0.00287718162872,-0.000556687125936,-0.00135650276206,0.000523037277162,-0.00295540480874,0.00424731010571,-0.00359165202826],[0.00000336250877808,0.00137308775447,-0.00320160156116,0.00506005203351,-0.00681877508759,0.011116377078,-0.00485428376123,-0.0000159489700309,0.00169702782296,-0.00372900976799,0.00790573097765,-0.00799708627164,0.00497498549521],[-0.000504515192006,-0.000563212670386,0.00186422734987,-0.00361950253136,0.00287718162872,-0.00485428376123,0.0129669979215,-0.00238236575387,-0.00409793946892,0.00861267838627,-0.00826354883611,0.00829212740064,-0.00591754447669],[0.000198432055186,-0.0000120200384117,-0.00070079904981,0.000733795284759,-0.000556687125936,-0.0000159489700309,-0.00238236575387,0.010303851217,0.000100078927062,-0.00755338277668,0.00834240857512,-0.00338364392519,0.001128908596],[-0.0000428766070399,0.000529261247721,-0.000170861021616,0.00113433494698,-0.00135650276206,0.00169702782296,-0.00409793946892,0.000100078927062,0.0101643269882,-0.00135839660652,-0.00280147162266,0.000991590553895,0.00167702743784],[-0.000583515968174,-0.000694189278875,-0.000436920876382,-0.000304592773318,0.000523037277162,-0.00372900976799,0.00861267838627,-0.00755338277668,-0.00135839660652,0.0222685262561,-0.0156862027943,0.0105228470638,-0.00760763371363],[0.00065926759271,0.000201958770049,-0.000122492507217,-0.000271420751233,-0.00295540480874,0.00790573097765,-0.00826354883611,0.00834240857512,-0.00280147162266,-0.0156862027943,0.041446659714,-0.0291258469224,0.0135915791616],[-0.00087299675215,0.000534998078365,-0.00158744305372,-0.00151726219337,0.00424731010571,-0.00799708627164,0.00829212740064,-0.00338364392519,0.000991590553895,0.0105228470638,-0.0291258469224,0.0468199923635,-0.0245717931539],[0.000477520457935,-0.000315991172101,0.000440031173639,0.00347511330619,-0.00359165202826,0.00497498549521,-0.00591754447669,0.001128908596,0.00167702743784,-0.00760763371363,0.0135915791616,-0.0245717931539,0.0297487769276]],"mean":[-33.5921134949,118.386184692,-75.3089599609,8.42517566681,-36.7540931702,-2.13549852371,-9.72138118744,-13.27891922,-1.36978459358,-9.14488697052,-7.84417963028,-0.600761711597,-7.2834444046]},"hfc":{"dmean":6.04868173599,"dmean2":8.15824604034,"dvar":78.4981613159,"dvar2":150.273162842,"max":200.53717041,"mean":14.8452548981,"median":9.39546203613,"min":3.24041380395e-8,"var":252.566802979},"melbands":{"dmean":[0.00255389604717,0.00406411336735,0.000754839042202,0.000374463008484,0.000495115877129,0.000421452365117,0.000191649887711,0.000155638655997,0.000232393984334,0.000194326450583,0.000135618232889,0.0000993922585621,0.0000491910686833,0.0000375192939828,0.0000255504273809,0.0000173071603058,0.0000132182112793,0.0000144971163536,0.0000120279892144,0.000010257206668,0.00000706048558641,0.00000273893920166,0.00000265485891759,0.0000021553478291,0.00000170828036516,0.0000015379675915,0.00000169133011241,0.00000127283817619,0.00000120362017242,0.00000104900891529,0.00000121172308809,0.00000118976447538,0.00000110045561996,9.67836513155e-7,8.493264545e-7,4.90573881962e-7,2.42024555064e-7,9.41815514466e-8,3.83363811807e-8,2.03510452934e-8],"dmean2":[0.00421859975904,0.00660537043586,0.00122532795649,0.000602840853389,0.000790225516539,0.000652011949569,0.000300035841065,0.000250629993388,0.000370822002878,0.000310281058773,0.000215709093027,0.000156535665155,0.0000772075800342,0.0000591182615608,0.0000406762737839,0.000027508029234,0.0000208482233575,0.0000229341330851,0.0000188418252947,0.0000157786889758,0.0000110033233796,0.00000412447343479,0.00000401307215725,0.00000322443997902,0.00000250666698776,0.00000224496102419,0.00000250501557275,0.00000188370142951,0.00000177658034772,0.00000153421251525,0.0000017342853198,0.00000172435125023,0.00000159690318924,0.00000138252482884,0.00000124256666822,7.27050576188e-7,3.5403402876e-7,1.38174812037e-7,5.96185572022e-8,3.29998393056e-8],"dvar":[0.0000259858170466,0.0000946349027799,0.0000014798531538,3.36833721803e-7,8.48171964662e-7,7.14907514521e-7,3.92297039298e-7,1.87588668155e-7,6.95878384249e-7,3.79874279588e-7,1.43572989941e-7,7.1387965761e-8,1.25231238712e-8,5.63173108148e-9,2.31895525005e-9,1.05047626153e-9,5.31793553638e-10,8.0493661736e-10,9.42187328157e-10,6.09247874372e-10,3.31280086696e-10,2.68598754349e-11,2.93999442846e-11,2.19936655693e-11,1.64352888937e-11,1.68415229679e-11,2.02532678129e-11,1.29206393848e-11,2.32977283299e-11,1.87836447785e-11,3.49387983822e-11,2.84401946438e-11,1.59306647735e-11,7.46306228622e-12,4.57829260614e-12,2.14475464298e-12,5.97122015462e-13,6.97908256794e-14,8.80699288182e-15,1.33894637846e-15],"dvar2":[0.0000628915004199,0.00022250690381,0.00000360543185707,8.17225611627e-7,0.00000214966576095,0.00000176513970018,9.0806128128e-7,4.81529298213e-7,0.00000175294871951,9.54593360802e-7,3.25819229374e-7,1.69697429442e-7,2.94988460325e-8,1.38313529519e-8,5.91129101224e-9,2.6458910618e-9,1.32268551667e-9,1.96119831486e-9,2.09603978618e-9,1.37742028894e-9,7.77903297333e-10,6.1153263009e-11,6.80186323931e-11,5.16423917518e-11,3.90488370805e-11,3.70555149065e-11,4.75278739975e-11,2.88208155258e-11,4.89905442602e-11,3.95776293682e-11,7.47667205925e-11,5.66508055744e-11,2.96813511269e-11,1.25927393513e-11,8.9341156001e-12,4.26144276117e-12,1.2038657831e-12,1.38978536795e-13,1.86300102542e-14,3.21193072478e-15],"max":[0.0686976313591,0.167223230004,0.0252479091287,0.0107165165246,0.0197866391391,0.0230343714356,0.0186789203435,0.0112954583019,0.031622890383,0.0190694984049,0.0128132058308,0.0148213403299,0.00268730474636,0.00151683564764,0.00090330169769,0.000506844895426,0.000339663063642,0.00059839268215,0.00117500103079,0.000512406229973,0.000336910510669,0.0000897498248378,0.000204440148082,0.000179252834641,0.000111541921797,0.0000990945554804,0.000126000595628,0.000174030239577,0.000317933794577,0.000148087725393,0.000250415498158,0.000240183042479,0.000192066683667,0.000162488562637,0.0000981445118668,0.0000695519556757,0.0000267119230557,0.00000655108442515,0.00000326507370119,8.38664846015e-7],"mean":[0.00333499792032,0.00506284460425,0.0011049346067,0.00058806600282,0.000824405462481,0.000692626170348,0.000277164101135,0.000228191624046,0.000333062576829,0.000285884510959,0.000211590740946,0.00014148412447,0.0000735312423785,0.0000573472898395,0.0000406006984122,0.0000280397325696,0.0000207972061617,0.0000222499184019,0.0000189024285646,0.0000158971361088,0.0000102018784673,0.00000422055200033,0.00000428826297139,0.00000332250101565,0.00000251104938798,0.00000228709654948,0.00000236315645452,0.00000185237320238,0.00000171202657384,0.0000014410059066,0.00000154906274474,0.00000153556720761,0.00000142537476222,0.00000117488104934,9.75160332928e-7,5.87003171404e-7,3.01093223243e-7,1.17297538793e-7,4.77762824858e-8,2.26198775266e-8],"median":[0.00158205232583,0.00210144324228,0.000524967210367,0.000352012837538,0.000468963582534,0.000306758796796,0.0000924198757275,0.0000776772794779,0.0000786835662439,0.0000644620304229,0.0000568655959796,0.0000417114933953,0.0000189999555005,0.0000152786615217,0.0000122099172586,0.00000827904659673,0.0000070896012403,0.00000729543717171,0.00000536254628969,0.00000332405716108,0.00000232041611525,0.00000141683199217,0.00000126009172163,0.00000103231934645,8.54617837831e-7,6.83584062244e-7,7.04687863617e-7,4.83183953293e-7,4.20456728989e-7,3.3042749692e-7,2.85319941895e-7,2.97014139505e-7,2.79973392026e-7,1.98642709393e-7,1.54556460075e-7,1.07514381398e-7,6.65003483391e-8,3.23153450665e-8,1.55279202829e-8,7.86394771524e-9],"min":[3.35395841417e-14,9.6427221744e-15,3.80402750722e-15,4.18769616287e-15,1.16790749299e-14,1.39942336622e-14,3.1197138243e-14,4.42130090406e-14,3.76928204631e-14,1.14157052816e-14,2.67970036758e-14,3.32258702431e-14,1.11888054838e-14,5.01695391197e-16,9.97447787478e-16,1.58704995201e-15,7.67456107684e-16,1.20054098312e-15,8.12082144389e-16,1.83937227903e-15,1.342954856e-15,1.12009244077e-15,4.10569998545e-15,2.76268922527e-15,1.03146357185e-15,1.60947949033e-15,1.95356820219e-15,2.22416240631e-15,6.457763308e-16,6.71777118847e-16,1.42877348136e-15,1.93893909615e-15,2.76795925251e-15,1.1125297071e-15,8.40252554391e-16,1.52618947008e-15,7.49793226096e-15,6.14818822413e-15,4.33422354539e-15,1.73220408235e-15],"var":[0.0000276240261883,0.000101494697446,0.00000259015769188,5.7103625295e-7,0.00000136448545618,0.00000136556218422,6.84811425344e-7,3.09029729806e-7,0.00000123052973322,6.25414202204e-7,2.65687248202e-7,9.84530217352e-8,2.13919371106e-8,1.08331654758e-8,4.62175764326e-9,2.20653539884e-9,1.0600423872e-9,1.4386871694e-9,1.7438841482e-9,1.15736642492e-9,5.26541532597e-10,5.09221345646e-11,7.97766991356e-11,5.11830196281e-11,2.72197906576e-11,3.00766078709e-11,3.07267232491e-11,2.55925246273e-11,4.58594967556e-11,3.1704132375e-11,5.30032510937e-11,5.02020820747e-11,3.66687791242e-11,1.81673096705e-11,8.50610987896e-12,4.13852806191e-12,1.13467774673e-12,1.32628798352e-13,1.60975071028e-14,1.7331636648e-15]},"melbands_crest":{"dmean":3.72782254219,"dmean2":6.14082145691,"dvar":10.5946302414,"dvar2":26.681394577,"max":37.5612411499,"mean":15.387755394,"median":15.0031681061,"min":3.44627428055,"var":26.7728805542},"melbands_flatness_db":{"dmean":0.0417333319783,"dmean2":0.0621066354215,"dvar":0.00127397628967,"dvar2":0.00281437812373,"max":0.615165948868,"mean":0.290931999683,"median":0.282161682844,"min":0.0581231378019,"var":0.00603281101212},"melbands_kurtosis":{"dmean":13.9740076065,"dmean2":22.2693634033,"dvar":976.14074707,"dvar2":2594.19042969,"max":977.380187988,"mean":21.1429367065,"median":9.77844524384,"min":-1.89069569111,"var":1541.13037109},"melbands_skewness":{"dmean":1.06903803349,"dmean2":1.61253428459,"dvar":1.44319450855,"dvar2":3.41363739967,"max":24.7066440582,"mean":2.8810942173,"median":2.4105257988,"min":-1.13577818871,"var":4.49915075302},"melbands_spread":{"dmean":4.52133369446,"dmean2":7.00497865677,"dvar":71.9852828979,"dvar2":147.465164185,"max":213.484176636,"mean":11.3608379364,"median":8.50575256348,"min":0.328322261572,"var":149.643280029},"mfcc":{"cov":[[8142.35400391,-391.79989624,-1454.36706543,4.12654209137,-634.596740723,286.494293213,-199.719024658,266.091949463,-31.6520690918,194.800338745,-24.4487190247,71.1938705444,13.914773941],[-391.79989624,1236.13476562,-37.3821487427,-373.47479248,107.789535522,-117.943916321,45.830039978,-129.229492188,113.391105652,-24.5005168915,0.951201498508,-36.8309936523,26.6547927856],[-1454.36706543,-37.3821487427,872.047790527,220.53868103,80.8499298096,-54.2603797913,17.539396286,-26.1979942322,-74.1039657593,-52.1156044006,19.0738964081,-14.0275917053,-14.5799713135],[4.12654209137,-373.47479248,220.53868103,514.928527832,11.0456142426,55.0393028259,-15.9173660278,48.5505828857,-96.2205505371,0.51086717844,30.6096801758,29.8833179474,-11.3450450897],[-634.596740723,107.789535522,80.8499298096,11.0456142426,263.333465576,30.8229351044,65.8419113159,-30.2955703735,43.3156929016,-18.2601890564,17.5434837341,14.4706401825,31.586812973],[286.494293213,-117.943916321,-54.2603797913,55.0393028259,30.8229351044,181.491073608,27.5906410217,58.0321846008,-12.9365377426,19.9343719482,-13.0070924759,14.5132522583,14.4821748734],[-199.719024658,45.830039978,17.539396286,-15.9173660278,65.8419113159,27.5906410217,127.799530029,16.9750347137,42.9686584473,-16.768245697,3.25023460388,-4.17376327515,13.2428073883],[266.091949463,-129.229492188,-26.1979942322,48.5505828857,-30.2955703735,58.0321846008,16.9750347137,120.972000122,17.4362468719,33.243724823,-13.227437973,10.013168335,4.94055843353],[-31.6520690918,113.391105652,-74.1039657593,-96.2205505371,43.3156929016,-12.9365377426,42.9686584473,17.4362468719,124.659240723,30.929391861,7.59978294373,-1.16153872013,13.3589878082],[194.800338745,-24.5005168915,-52.1156044006,0.51086717844,-18.2601890564,19.9343719482,-16.768245697,33.243724823,30.929391861,88.6665115356,23.6736946106,12.0746707916,-6.84528684616],[-24.4487190247,0.951201498508,19.0738964081,30.6096801758,17.5434837341,-13.0070924759,3.25023460388,-13.227437973,7.59978294373,23.6736946106,68.3853149414,21.6686840057,0.153883188963],[71.1938705444,-36.8309936523,-14.0275917053,29.8833179474,14.4706401825,14.5132522583,-4.17376327515,10.013168335,-1.16153872013,12.0746707916,21.6686840057,58.8060951233,24.5122375488],[13.914773941,26.6547927856,-14.5799713135,-11.3450450897,31.586812973,14.4821748734,13.2428073883,4.94055843353,13.3589878082,-6.84528684616,0.153883188963,24.5122375488,59.7631759644]],"icov":[[0.000250731216511,-0.0000564777183172,0.000375063362299,-0.000141243552207,0.000511340156663,-0.000313254189678,0.000192522158613,-0.000232121543377,0.0000186222005141,-0.0000136393637149,-0.000184274351341,-0.0000266385486611,-0.000180646471563],[-0.0000564777183172,0.0012533509871,-0.000177658861503,0.000723630597349,-0.00040979127516,0.00041224816232,-0.0002245556243,0.000961492944043,-0.000481283670524,-0.000158154754899,0.000028437749279,0.000470445229439,-0.000468425278086],[0.000375063362299,-0.000177658861503,0.00207213591784,-0.000830115517601,0.000167992839124,0.000302634463878,-0.0000156109326781,-0.000650011061225,0.000900081475265,0.000302888278384,-0.000568401068449,0.000579261279199,-0.000167709164089],[-0.000141243552207,0.000723630597349,-0.000830115517601,0.0034463161137,-0.000900314305909,-0.0000660722653265,0.00000636397180642,-0.00110347126611,0.00193249329459,0.0000763804200687,-0.00142330082599,-0.000587436079513,0.000564899703022],[0.000511340156663,-0.00040979127516,0.000167992839124,-0.000900314305909,0.00688168173656,-0.00252813426778,-0.00128756125923,0.00211609574035,-0.00258933776058,0.00096759054577,-0.000951260095462,-0.00101895828266,-0.00187039340381],[-0.000313254189678,0.00041224816232,0.000302634463878,-0.0000660722653265,-0.00252813426778,0.00888013187796,-0.00241087912582,-0.00268648075871,0.00334227550775,-0.0028459422756,0.00249606533907,-0.000378654076485,-0.00103321601637],[0.000192522158613,-0.0002245556243,-0.0000156109326781,0.00000636397180642,-0.00128756125923,-0.00241087912582,0.0121009787545,-0.00282220635563,-0.00436414545402,0.00517954258248,-0.00312795583159,0.00203544343822,-0.000388661806937],[-0.000232121543377,0.000961492944043,-0.000650011061225,-0.00110347126611,0.00211609574035,-0.00268648075871,-0.00282220635563,0.0148424776271,-0.00338404276408,-0.00464319204912,0.0051409821026,-0.00197461177595,-0.000790636171587],[0.0000186222005141,-0.000481283670524,0.000900081475265,0.00193249329459,-0.00258933776058,0.00334227550775,-0.00436414545402,-0.00338404276408,0.0155366268009,-0.00622406881303,-0.000334809679771,0.00163499230985,-0.00225339527242],[-0.0000136393637149,-0.000158154754899,0.000302888278384,0.0000763804200687,0.00096759054577,-0.0028459422756,0.00517954258248,-0.00464319204912,-0.00622406881303,0.0197213161737,-0.00778494402766,-0.00130713975523,0.00378281157464],[-0.000184274351341,0.000028437749279,-0.000568401068449,-0.00142330082599,-0.000951260095462,0.00249606533907,-0.00312795583159,0.0051409821026,-0.000334809679771,-0.00778494402766,0.0225895531476,-0.00835820753127,0.00234054867178],[-0.0000266385486611,0.000470445229439,0.000579261279199,-0.000587436079513,-0.00101895828266,-0.000378654076485,0.00203544343822,-0.00197461177595,0.00163499230985,-0.00130713975523,-0.00835820753127,0.02666894719,-0.0112634031102],[-0.000180646471563,-0.000468425278086,-0.000167709164089,0.000564899703022,-0.00187039340381,-0.00103321601637,-0.000388661806937,-0.000790636171587,-0.00225339527242,0.00378281157464,0.00234054867178,-0.0112634031102,0.0239911563694]],"mean":[-696.713317871,167.803085327,16.8143177032,24.4974689484,-2.48063898087,17.6397094727,-5.01529598236,10.2570743561,-1.37884497643,8.13241195679,-3.84560608864,-0.615399718285,-1.12631487846]},"pitch_salience":{"dmean":0.0968878641725,"dmean2":0.159578040242,"dvar":0.00715141743422,"dvar2":0.0186324417591,"max":0.867503404617,"mean":0.542463243008,"median":0.55745100975,"min":0.0864625796676,"var":0.0173297878355},"silence_rate_20dB":{"dmean":0.00101048371289,"dmean2":0.00202122284099,"dvar":0.00100939848926,"dvar2":0.00277483859099,"max":1,"mean":0.999368548393,"median":1,"min":0,"var":0.000631149683613},"silence_rate_30dB":{"dmean":0.0613868907094,"dmean2":0.122789286077,"dvar":0.0576152093709,"dvar2":0.127163738012,"max":1,"mean":0.937863111496,"median":1,"min":0,"var":0.0582787059247},"silence_rate_60dB":{"dmean":0.0232411269099,"dmean2":0.0464881248772,"dvar":0.022698495537,"dvar2":0.050394769758,"max":1,"mean":0.0692093968391,"median":0,"min":0,"var":0.0644202753901},"spectral_centroid":{"dmean":180.929473877,"dmean2":258.678344727,"dvar":70506.515625,"dvar2":124755.09375,"max":4954.38330078,"mean":700.470153809,"median":594.688720703,"min":132.491378784,"var":225829.28125},"spectral_complexity":{"dmean":3.25982069969,"dmean2":4.62556838989,"dvar":12.3202753067,"dvar2":21.573764801,"max":49,"mean":14.1352615356,"median":13,"min":0,"var":69.2207489014},"spectral_contrast_coeffs":{"dmean":[0.0531707666814,0.0534792132676,0.0415911339223,0.0294805709273,0.0241131763905,0.0378299169242],"dmean2":[0.0880837962031,0.0867259129882,0.0674312859774,0.047949925065,0.0379415526986,0.0532280094922],"dvar":[0.00177852367051,0.00175226619467,0.00106398481876,0.000549486605451,0.000427962950198,0.00115583278239],"dvar2":[0.00477622775361,0.00462548807263,0.00279374257661,0.00141628179699,0.00100101612043,0.00221101357602],"max":[-0.347551673651,-0.400858044624,-0.528116166592,-0.680657505989,-0.693010509014,-0.511569201946],"mean":[-0.672528028488,-0.734524548054,-0.791377127171,-0.829039216042,-0.843878507614,-0.76054340601],"median":[-0.676659166813,-0.739265978336,-0.796054959297,-0.827464699745,-0.840789318085,-0.76080429554],"min":[-0.961249232292,-0.968394696712,-0.961425662041,-0.979781091213,-0.963841199875,-0.924481332302],"var":[0.00489294435829,0.00541793880984,0.00376109359786,0.00201094290242,0.00179100362584,0.00495696766302]},"spectral_contrast_valleys":{"dmean":[0.451898336411,0.417841166258,0.417626291513,0.432612806559,0.459231257439,0.518638312817],"dmean2":[0.728303968906,0.649399459362,0.607993662357,0.613271832466,0.599448621273,0.790040850639],"dvar":[0.157948791981,0.149445012212,0.161802843213,0.187358647585,0.181695386767,0.184646382928],"dvar2":[0.349379986525,0.303320884705,0.304494410753,0.37509611249,0.347198605537,0.430348753929],"max":[-4.86465072632,-4.42754507065,-4.86471700668,-5.58403110504,-5.86279201508,-8.7566204071],"mean":[-6.79596376419,-6.5465593338,-7.19625902176,-7.87993478775,-8.22301387787,-11.0826215744],"median":[-6.66554927826,-6.43517017365,-7.08449363708,-7.75610971451,-8.05128479004,-11.0522451401],"min":[-17.0599575043,-16.7464923859,-18.0916023254,-18.8511924744,-17.9900512695,-19.1907691956],"var":[0.69998049736,0.835887134075,1.11332440376,1.1263012886,1.00856494904,0.629332542419]},"spectral_decrease":{"dmean":5.24713561489e-9,"dmean2":8.24367418772e-9,"dvar":9.67614638566e-17,"dvar2":2.21329285601e-16,"max":-2.21933669872e-19,"mean":-1.00423829252e-8,"median":-7.06539360351e-9,"min":-1.61042208902e-7,"var":1.30107754709e-16},"spectral_energy":{"dmean":0.0201948788017,"dmean2":0.0316073298454,"dvar":0.00141254928894,"dvar2":0.00322156772017,"max":0.61524784565,"mean":0.0392488278449,"median":0.0278091877699,"min":3.77677793553e-12,"var":0.00193275336642},"spectral_energyband_high":{"dmean":0.000238545166212,"dmean2":0.000323868385749,"dvar":4.20702434667e-7,"dvar2":7.26786538507e-7,"max":0.0245686806738,"mean":0.000347060209606,"median":0.0000987615349004,"min":2.38663364245e-12,"var":9.93601702248e-7},"spectral_energyband_low":{"dmean":0.0166426971555,"dmean2":0.0269922986627,"dvar":0.00131095352117,"dvar2":0.00306648132391,"max":0.590854585171,"mean":0.0226812828332,"median":0.011270718649,"min":1.43999951394e-13,"var":0.00144735851791},"spectral_energyband_middle_high":{"dmean":0.00150423834566,"dmean2":0.0021399683319,"dvar":0.00000778948924562,"dvar2":0.0000170027797139,"max":0.0926094055176,"mean":0.00330497487448,"median":0.0013922713697,"min":5.50040373491e-13,"var":0.000022118932975},"spectral_energyband_middle_low":{"dmean":0.00592450750992,"dmean2":0.00891997013241,"dvar":0.0000807564065326,"dvar2":0.000189444093849,"max":0.19753010571,"mean":0.0138874780387,"median":0.00943424366415,"min":6.67047905627e-13,"var":0.000234523191466},"spectral_entropy":{"dmean":0.287867724895,"dmean2":0.406801789999,"dvar":0.0737491324544,"dvar2":0.146580427885,"max":8.91463470459,"mean":7.16829538345,"median":7.2520737648,"min":5.06492519379,"var":0.296040147543},"spectral_flux":{"dmean":0.037366297096,"dmean2":0.0602925270796,"dvar":0.00264517776668,"dvar2":0.00653989985585,"max":0.584365367889,"mean":0.100413836539,"median":0.0836991146207,"min":0.000481045397464,"var":0.00457665324211},"spectral_kurtosis":{"dmean":4.0785074234,"dmean2":6.12834692001,"dvar":28.8450565338,"dvar2":68.8090438843,"max":78.9668655396,"mean":11.6142702103,"median":9.5645904541,"min":0.103830814362,"var":60.587562561},"spectral_rms":{"dmean":0.00138393510133,"dmean2":0.00206182943657,"dvar":0.00000334918104272,"dvar2":0.00000671759789839,"max":0.0244998335838,"mean":0.00547183305025,"median":0.00520873442292,"min":6.07014101206e-8,"var":0.00000835042192193},"spectral_rolloff":{"dmean":320.267608643,"dmean2":535.485229492,"dvar":1202165.25,"dvar2":2666659.25,"max":18281.6894531,"mean":705.637634277,"median":452.197265625,"min":21.533203125,"var":1549253.5},"spectral_skewness":{"dmean":0.453215837479,"dmean2":0.627393126488,"dvar":0.226446941495,"dvar2":0.478714376688,"max":7.36382722855,"mean":2.48097252846,"median":2.35492825508,"min":0.224589049816,"var":0.793773710728},"spectral_spread":{"dmean":679020.4375,"dmean2":994520.8125,"dvar":403906134016,"dvar2":825719717888,"max":19367020,"mean":3824767.75,"median":3677659,"min":1129903,"var":1602915270660},"spectral_strongpeak":{"dmean":0.367420971394,"dmean2":0.613379001617,"dvar":0.333278536797,"dvar2":0.833853602409,"max":10.8243350983,"mean":0.611608684063,"median":0.389369904995,"min":0,"var":0.533586978912},"zerocrossingrate":{"dmean":0.0107768485323,"dmean2":0.0126214167103,"dvar":0.000235185332713,"dvar2":0.000270322925644,"max":0.4931640625,"mean":0.037396684289,"median":0.03076171875,"min":0.0029296875,"var":0.00102518615313}},"metadata":{"audio_properties":{"analysis_sample_rate":44100,"bit_rate":320000,"codec":"mp3","downmix":"mix","equal_loudness":0,"length":183.816955566,"lossless":false,"md5_encoded":"b9535f2e15ae6793d2ce2f4ee47ae0fd","replay_gain":-2.26283836365,"sample_rate":48000},"tags":{"album":["More Songs About Buildings and Food"],"albumartist":["Talking Heads"],"albumartistsort":["Talking Heads","Talking Heads"],"artist":["Talking Heads"],"artistsort":["Talking Heads"],"catalognumber":["SRK 6058"],"composer":["David Byrne"],"date":["1978"],"discnumber":["1/1"],"encoding":["LAME 32bits version 3.98.2 (http://www.mp3dev.org/)"],"file_name":"03. Talking Heads - The Good Thing.mp3","genre":["New Wave"],"label":["Sire Records"],"language":["eng"],"length":["183800"],"musicbrainz album release country":["US"],"musicbrainz album status":["official"],"musicbrainz album type":["album"],"musicbrainz_albumartistid":["a94a7155-c79d-4409-9fcf-220cb0e4dc3a"],"musicbrainz_albumid":["66c399b8-e67f-4031-82d5-fec6251fc6b0"],"musicbrainz_artistid":["a94a7155-c79d-4409-9fcf-220cb0e4dc3a"],"musicbrainz_recordingid":["d15e8090-3625-4dcf-a299-4d6440aae140"],"script":["Latn"],"title":["The Good Thing"],"tracknumber":["3/11"]},"version":{"essentia":"2.1-beta1","essentia_build_sha":"ca57ba49d9b1854bd80e60cf9ccf267278fb7d6b","essentia_git_sha":"v2.1_beta1-28-g21ef5f4-dirty","extractor":"music 1.0"}},"rhythm":{"beats_count":388,"beats_loudness":{"dmean":0.0426986031234,"dmean2":0.0771012157202,"dvar":0.00202371715568,"dvar2":0.006512013264,"max":0.357264280319,"mean":0.0654571652412,"median":0.0546319186687,"min":0.00000373195803149,"var":0.00198890548199},"beats_loudness_band_ratio":{"dmean":[0.289574891329,0.14623850584,0.147812873125,0.0675587356091,0.0196613948792,0.0181388501078],"dmean2":[0.53174418211,0.268428117037,0.274856388569