{"lowlevel":{"average_loudness":0.975967109203,"barkbands":{"dmean":[0.000157636095537,0.00566813629121,0.00270100473426,0.00137774203904,0.00114479847252,0.00116205529775,0.000589857343584,0.000267733790679,0.000952395494096,0.000336580967996,0.000196071181563,0.000171283070813,0.000251149613177,0.000413267523982,0.000442992459284,0.000367571832612,0.000751727202442,0.000397952913772,0.000375544273993,0.000324522639858,0.000282054737909,0.00022181343229,0.000195762768271,0.000133695473778,0.000104570412077,0.0000723956691218,0.0000236595133174],"dmean2":[0.000257252744632,0.0089995758608,0.00499463826418,0.00248444429599,0.00190435082186,0.00178275210783,0.000955132243689,0.000432932167314,0.00150448677596,0.00054304592777,0.000318787875585,0.000272086181212,0.000407403713325,0.00067089824006,0.000716568378266,0.00060974113876,0.00127173622604,0.000669297471177,0.000629534013569,0.000524110917468,0.000443032156909,0.000329575006617,0.000291476695566,0.000196544569917,0.000149898070958,0.000103541853605,0.0000334597352776],"dvar":[1.14252152628e-7,0.0000969694519881,0.0000322665073327,0.00000602077670919,0.00000350544723915,0.00000356660370926,5.37037692538e-7,2.04330433462e-7,0.00000143814270359,3.03635175669e-7,7.11656440444e-8,8.51788399814e-8,2.20850125743e-7,5.24941697222e-7,4.35304343682e-7,2.63038032244e-7,0.00000121270022646,1.9986786981e-7,1.92623119233e-7,1.79126871558e-7,1.44273229807e-7,9.4958295449e-8,7.92335228539e-8,5.1855803207e-8,4.20788985878e-8,1.50394896536e-8,2.5472504106e-9],"dvar2":[2.82268018736e-7,0.00022628219449,0.0000924183259485,0.0000165566762007,0.00000908566744329,0.0000081888265413,0.00000133723756335,4.99858458625e-7,0.00000342947328136,6.90182332619e-7,1.76238216909e-7,1.8868078655e-7,5.32518527052e-7,0.00000134263382279,0.00000106092954866,6.77541379446e-7,0.00000343477745446,5.48639491171e-7,5.15698388881e-7,4.35943178445e-7,3.39817745498e-7,1.99906921239e-7,1.76125197981e-7,1.06093096974e-7,9.23244485307e-8,3.13372652272e-8,5.22082999055e-9],"max":[0.00350859435275,0.0676009431481,0.0452101007104,0.0221400000155,0.0302657168359,0.0323225669563,0.0212042611092,0.0109373629093,0.0217213835567,0.0202631410211,0.00580645725131,0.0112887872383,0.0136621948332,0.0202537663281,0.0122294779867,0.0163257922977,0.031618680805,0.00991223845631,0.00797656178474,0.0109488572925,0.00453490018845,0.00475853122771,0.00739229470491,0.00646375445649,0.00776459276676,0.0022304484155,0.000902447383851],"mean":[0.000135020876769,0.00694576324895,0.00247688684613,0.00117326050531,0.0016487109242,0.00231059477665,0.00107541435864,0.000456902489532,0.00182663765736,0.000601769716013,0.000342973420629,0.000323421263602,0.000449772021966,0.000710975553375,0.000858277082443,0.00076429429464,0.00157819769811,0.000975047354586,0.000896853685845,0.000775190128479,0.000690539425705,0.000547983625438,0.000495584215969,0.000362653430784,0.000280328531517,0.000165963239851,0.0000487982724735],"median":[0.000014917446606,0.00281644961797,0.00107833882794,0.000434573797975,0.000953736715019,0.00121885584667,0.000814767670818,0.000303491688101,0.00132525991648,0.000409271975514,0.000249900622293,0.000212210696191,0.000290922296699,0.000451462285127,0.000614768941887,0.000581344240345,0.00116782728583,0.000838906271383,0.000758404494263,0.000631408998743,0.000502238399349,0.000354995252565,0.000356147123966,0.000272836827207,0.000196748849703,0.0000809555203887,0.0000153445653268],"min":[1.54182706153e-23,2.42171336443e-23,1.98259362599e-23,1.25812435991e-23,4.40496805586e-23,4.84957037759e-23,2.34194501187e-23,2.51909666546e-23,2.72716377792e-23,4.05990294098e-23,3.85205828729e-23,9.17586659755e-23,8.76267955697e-23,1.69786860797e-22,1.92755398022e-22,1.04346481575e-22,2.25987066111e-22,3.75538963114e-22,2.06487005136e-22,3.18245472315e-22,5.13547288096e-22,4.47633705926e-22,7.84599440746e-22,8.66609521427e-22,1.31916405333e-21,1.54455279684e-21,2.28738824995e-21],"var":[1.01248332385e-7,0.000111343077151,0.0000211381920963,0.0000044259754759,0.00000489444164486,0.0000102925896499,0.00000109019424599,3.94853941543e-7,0.00000313252598971,6.11645702975e-7,1.23010025277e-7,2.01536877853e-7,3.76711653871e-7,8.9163188477e-7,7.97311599854e-7,5.097557505e-7,0.00000229520878747,4.52769825188e-7,4.13347464701e-7,3.72918577796e-7,3.59760406354e-7,3.08256716153e-7,2.37250588953e-7,1.33884611841e-7,9.66255697676e-8,4.51731025919e-8,6.11054096211e-9]},"barkbands_crest":{"dmean":2.83074045181,"dmean2":4.40963506699,"dvar":9.39853954315,"dvar2":19.953212738,"max":25.1695041656,"mean":8.03132915497,"median":6.22088050842,"min":1.77404117584,"var":26.1233825684},"barkbands_flatness_db":{"dmean":0.0176660213619,"dmean2":0.0273226667196,"dvar":0.000378613302018,"dvar2":0.000862554879859,"max":0.385216295719,"mean":0.0742554217577,"median":0.0612799823284,"min":0.0136378426105,"var":0.00242036045529},"barkbands_kurtosis":{"dmean":2.48997879028,"dmean2":3.87365221977,"dvar":126.393081665,"dvar2":291.886993408,"max":449.700653076,"mean":3.93558096886,"median":-0.845986127853,"min":-1.86246347427,"var":882.362304688},"barkbands_skewness":{"dmean":0.548478603363,"dmean2":0.833548307419,"dvar":0.46895095706,"dvar2":1.04079389572,"max":19.7737121582,"mean":0.904303729534,"median":0.519010305405,"min":-1.8962829113,"var":3.78003740311},"barkbands_spread":{"dmean":7.61637973785,"dmean2":11.7368555069,"dvar":59.9181289673,"dvar2":136.159118652,"max":122.426734924,"mean":42.0989532471,"median":41.9659042358,"min":0.909166753292,"var":232.801361084},"dissonance":{"dmean":0.00760948844254,"dmean2":0.0128155173734,"dvar":0.000064535990532,"dvar2":0.000160442461492,"max":0.500000119209,"mean":0.484857469797,"median":0.487030297518,"min":0.182780832052,"var":0.000122602941701},"dynamic_complexity":1.97620868683,"erbbands":{"dmean":[0.16428399086,1.39903914928,3.31164264679,3.50966715813,5.09759235382,3.30990815163,5.27783060074,11.0949602127,7.76544761658,8.35472774506,8.13973331451,20.4162654877,16.4929141998,7.38377046585,6.38122987747,6.85597753525,11.2521190643,13.1234912872,22.6359786987,19.8321285248,21.0453834534,46.6245384216,20.4281139374,18.0784358978,16.7405834198,14.7456064224,13.5709667206,9.84611225128,8.68863582611,7.15706777573,5.36486911774,3.48540973663,2.01914834976,1.38487613201,0.667193949223,0.343355625868,0.13556535542,0.0337989665568,0.00398938264698,0.000144694262417],"dmean2":[0.251542448997,2.35202932358,6.05146598816,6.44288825989,8.8918428421,5.47267341614,8.42674636841,17.0471839905,12.3655424118,13.46342659,13.0434293747,32.5670280457,25.8081798553,11.808262825,10.2663822174,10.8308916092,18.06681633,20.8130702972,36.7887306213,32.5881881714,34.9924926758,79.1940841675,34.2615585327,30.3303928375,27.8002071381,23.9139614105,21.6985416412,15.3051319122,13.2110824585,10.6402759552,8.0072479248,5.22552013397,2.94003105164,2.03509664536,0.970572173595,0.499107807875,0.1970179528,0.048731572926,0.00560323614627,0.000200853246497],"dvar":[0.087625734508,6.30646944046,45.0530433655,42.9475250244,83.6925354004,34.0964241028,64.2779846191,429.002471924,131.348083496,105.648284912,165.088058472,772.882507324,670.103088379,152.298828125,88.4832382202,119.668632507,388.1484375,817.284851074,1221.88549805,1282.0234375,528.945678711,4787.68164062,553.366516113,393.278442383,454.89743042,376.797729492,291.640075684,214.939147949,149.746490479,103.995506287,59.7271881104,30.5462589264,13.3926687241,8.01690006256,1.42446208,0.305926293135,0.0568225644529,0.00465905992314,0.0000719722665963,9.03990198253e-8],"dvar2":[0.183996006846,16.3192157745,128.756332397,120.804756165,223.93862915,82.9063491821,151.944869995,1001.9944458,294.549255371,270.322906494,400.432556152,1866.75939941,1522.09985352,328.894958496,201.562240601,279.839141846,935.364562988,1938.28088379,3126.98510742,3360.10717773,1371.22558594,13563.2880859,1489.89160156,1065.7980957,1152.27990723,905.92791748,686.435546875,502.905944824,330.586364746,227.825897217,135.647979736,68.4973831177,26.265996933,17.42628479,3.1149418354,0.646917581558,0.119910359383,0.00980476010591,0.000148466700921,1.86457910445e-7],"max":[2.04344058037,17.7321777344,51.7867546082,54.907661438,108.465309143,185.108413696,174.507400513,363.894836426,370.965637207,200.886016846,355.405212402,426.763427734,576.319702148,796.31817627,252.949432373,387.949401855,522.802368164,689.443115234,1039.74145508,1112.37255859,374.266296387,2147.25805664,528.752563477,369.156188965,360.792297363,586.019287109,282.852783203,203.22013855,211.113235474,208.165328979,220.982727051,158.293899536,105.405220032,100.345596313,39.4948539734,9.04249477386,5.40060472488,1.30229258537,0.144410908222,0.00541555322707],"mean":[0.171817719936,1.63234329224,3.37722706795,3.06967782974,5.38138628006,4.9624209404,9.73605918884,21.1209831238,15.5499649048,15.8040866852,15.7469425201,37.9051246643,31.4611091614,14.9959487915,12.4033489227,13.9943161011,21.4595546722,25.5381259918,46.3099441528,42.0431175232,50.2708320618,97.2421951294,54.6838302612,47.9244804382,42.3009414673,36.2571716309,32.9176483154,23.5155220032,20.5917339325,17.4265537262,13.389670372,9.0905122757,5.33003997803,3.51521706581,1.70050680637,0.799524307251,0.296741992235,0.0704497992992,0.00832855887711,0.000340914790286],"median":[0.032686598599,0.755453824997,1.71070420742,1.26961636543,2.32404375076,2.81400632858,5.29619407654,10.1525840759,10.288807869,11.9023122787,10.4408693314,26.5222263336,20.769908905,11.6681375504,8.92941856384,9.83338260651,14.518535614,15.7540493011,34.1924247742,28.5165271759,41.6683807373,73.1954650879,46.8115692139,41.8734359741,35.2247924805,29.8841056824,25.5799407959,15.7074108124,13.5898551941,11.6561069489,9.68591022491,6.71272611618,3.99193477631,2.52238893509,1.11971449852,0.445260226727,0.132624164224,0.0249198973179,0.00269945291802,0.000145833007991],"min":[1.56786985913e-21,2.78827519142e-21,1.88266614379e-20,4.04841998882e-20,3.72050846878e-20,1.72510184034e-19,5.38839874979e-19,2.1281075952e-19,2.88952127444e-19,3.97378134957e-19,6.26473560422e-19,6.71326188367e-19,7.94477923638e-19,1.69531669499e-18,2.82808563977e-18,3.14412488205e-18,3.86819019342e-18,8.40684336053e-18,9.74739128639e-18,7.54840772853e-18,7.11594943248e-18,1.38759001817e-17,2.31130724042e-17,1.06787337904e-17,1.12036262112e-17,1.50286590833e-17,2.39473121761e-17,1.73014767826e-17,1.28016837335e-17,2.21512830362e-17,2.46223990894e-17,1.68536064574e-17,1.38719702466e-17,1.40329983236e-17,1.00289106273e-17,5.45778483092e-18,2.86710623081e-18,1.19227662824e-18,3.19679586605e-19,3.44651975427e-20],"var":[0.10410694778,6.05103397369,31.0089702606,28.3595046997,76.3598861694,59.1553344727,216.75201416,1054.37060547,333.217956543,211.763061523,351.326812744,1552.44287109,1400.03601074,266.80065918,208.084976196,262.279815674,705.037658691,1406.21374512,2156.51074219,2316.31103516,1302.83764648,8319.08789062,1484.15661621,998.275756836,995.033081055,791.109130859,697.941345215,511.596588135,434.446044922,322.903015137,171.133728027,80.9033279419,32.3156013489,16.4864330292,3.59596729279,0.930752635002,0.157505765557,0.0113287596032,0.000171699983184,2.30657519751e-7]},"erbbands_crest":{"dmean":1.87990641594,"dmean2":3.16511321068,"dvar":3.49407505989,"dvar2":9.55252361298,"max":29.0768585205,"mean":6.3180398941,"median":5.65706062317,"min":2.41928172112,"var":6.98722743988},"erbbands_flatness_db":{"dmean":0.0123945754021,"dmean2":0.018502721563,"dvar":0.000147594357259,"dvar2":0.000295352743706,"max":0.252888023853,"mean":0.113737814128,"median":0.11126408726,"min":0.0351569131017,"var":0.000874654913787},"erbbands_kurtosis":{"dmean":0.53924459219,"dmean2":0.871664166451,"dvar":0.478854387999,"dvar2":1.2584130764,"max":21.8168430328,"mean":-0.088781259954,"median":-0.316622853279,"min":-1.74500977993,"var":1.1291462183},"erbbands_skewness":{"dmean":0.235248312354,"dmean2":0.365265250206,"dvar":0.0429387018085,"dvar2":0.10248901695,"max":1.82077229023,"mean":-0.415693223476,"median":-0.43884408474,"min":-3.28600001335,"var":0.190744027495},"erbbands_spread":{"dmean":7.57035160065,"dmean2":12.0567951202,"dvar":59.7032966614,"dvar2":142.291046143,"max":165.553878784,"mean":43.531955719,"median":41.7180938721,"min":5.27972650528,"var":239.396942139},"gfcc":{"cov":[[19946.3476562,328.998291016,-1362.35424805,-103.558822632,-1020.29846191,-271.975616455,-771.535583496,-83.9986495972,-379.256439209,-50.8906402588,-281.819152832,52.1676635742,-156.04019165],[328.998291016,1010.02087402,-358.343658447,201.329437256,4.46132326126,-10.7992095947,-9.69127368927,60.7080459595,28.3895301819,-53.7159576416,72.6161346436,-72.9736557007,84.4345779419],[-1362.35424805,-358.343658447,647.988586426,-30.5506153107,164.938735962,86.8739471436,132.321228027,19.9740905762,35.8248939514,61.045753479,-12.8105869293,40.3976631165,-33.1012229919],[-103.558822632,201.329437256,-30.5506153107,260.679870605,-22.1812667847,69.6508407593,9.83818531036,21.7168750763,28.9112758636,-25.2001628876,18.3433513641,-23.346786499,29.1319465637],[-1020.29846191,4.46132326126,164.938735962,-22.1812667847,237.234786987,32.6776847839,92.5662612915,34.1965637207,24.1304035187,19.3297157288,11.8584299088,2.17172789574,-5.31097841263],[-271.975616455,-10.7992095947,86.8739471436,69.6508407593,32.6776847839,136.860198975,69.3693161011,52.5167198181,26.8598937988,14.5741071701,18.7241020203,-0.32715895772,0.134711489081],[-771.535583496,-9.69127368927,132.321228027,9.83818531036,92.5662612915,69.3693161011,138.850646973,49.2130661011,30.9779872894,10.5295763016,15.2855319977,-1.75529456139,-10.9400234222],[-83.9986495972,60.7080459595,19.9740905762,21.7168750763,34.1965637207,52.5167198181,49.2130661011,109.634147644,50.3699645996,23.8961219788,19.6103534698,-1.44628310204,11.0145206451],[-379.256439209,28.3895301819,35.8248939514,28.9112758636,24.1304035187,26.8598937988,30.9779872894,50.3699645996,86.5652770996,38.2695198059,21.4731407166,0.752961218357,11.2151174545],[-50.8906402588,-53.7159576416,61.045753479,-25.2001628876,19.3297157288,14.5741071701,10.5295763016,23.8961219788,38.2695198059,74.3903198242,31.6266975403,17.2595844269,1.7244874239],[-281.819152832,72.6161346436,-12.8105869293,18.3433513641,11.8584299088,18.7241020203,15.2855319977,19.6103534698,21.4731407166,31.6266975403,66.2907485962,20.0649280548,22.1639060974],[52.1676635742,-72.9736557007,40.3976631165,-23.346786499,2.17172789574,-0.32715895772,-1.75529456139,-1.44628310204,0.752961218357,17.2595844269,20.0649280548,54.0184783936,16.184885025],[-156.04019165,84.4345779419,-33.1012229919,29.1319465637,-5.31097841263,0.134711489081,-10.9400234222,11.0145206451,11.2151174545,1.7244874239,22.1639060974,16.184885025,63.4020881653]],"icov":[[0.000120072036225,-0.000180451519554,0.000169817809365,-0.0000617584082647,0.000305665511405,-0.000131006818265,0.000340040336596,-0.000373111281078,0.000598551647272,-0.000737340247724,0.000989055377431,-0.000840954016894,0.000585336820222],[-0.000180451519554,0.00247084000148,0.000529634940904,-0.000975501607172,-0.00113201944623,0.00127836782485,-0.000686860643327,-0.00043988096877,-0.000787402153946,0.00247248262167,-0.00431446358562,0.00433922000229,-0.00267693237402],[0.000169817809365,0.000529634940904,0.00337530858815,-0.000811765959952,-0.000985814956948,-0.00075954553904,-0.00154993624892,0.000339173246175,0.000805733085144,-0.00331495399587,0.00356257008389,-0.00286725349724,0.000874647404999],[-0.0000617584082647,-0.000975501607172,-0.000811765959952,0.00679504824802,0.00078036042396,-0.00417045876384,0.00142551085446,0.00162922986783,-0.00343588669784,0.00424999790266,-0.00202627154067,0.00228429003619,-0.00174432760105],[0.000305665511405,-0.00113201944623,-0.000985814956948,0.00078036042396,0.00736236572266,0.00033740469371,-0.00249614869244,-0.00125623506028,0.00157714483794,-0.00218607345596,0.00231495895423,-0.00170015590265,0.0011953500798],[-0.000131006818265,0.00127836782485,-0.00075954553904,-0.00417045876384,0.00033740469371,0.0142650073394,-0.00540956994519,-0.00440880889073,0.00180422666017,-0.000640950514935,-0.003224222688,0.00187343847938,-0.000327560381265],[0.000340040336596,-0.000686860643327,-0.00154993624892,0.00142551085446,-0.00249614869244,-0.00540956994519,0.0167029500008,-0.00386311369948,-0.0011701323092,0.00353448023088,-0.00183730409481,-0.000781620386988,0.00459566991776],[-0.000373111281078,-0.00043988096877,0.000339173246175,0.00162922986783,-0.00125623506028,-0.00440880889073,-0.00386311369948,0.0173940416425,-0.00869373232126,0.000441064505139,-0.0011779780034,0.00197344762273,-0.00325435819104],[0.000598551647272,-0.000787402153946,0.000805733085144,-0.00343588669784,0.00157714483794,0.00180422666017,-0.0011701323092,-0.00869373232126,0.0246175806969,-0.014530191198,0.00601704325527,-0.00211872998625,0.000435858528363],[-0.000737340247724,0.00247248262167,-0.00331495399587,0.00424999790266,-0.00218607345596,-0.000640950514935,0.00353448023088,0.000441064505139,-0.014530191198,0.033975802362,-0.0210340581834,0.00603225687519,-0.000980088952929],[0.000989055377431,-0.00431446358562,0.00356257008389,-0.00202627154067,0.00231495895423,-0.003224222688,-0.00183730409481,-0.0011779780034,0.00601704325527,-0.0210340581834,0.0399186350405,-0.0191694479436,0.00150585360825],[-0.000840954016894,0.00433922000229,-0.00286725349724,0.00228429003619,-0.00170015590265,0.00187343847938,-0.000781620386988,0.00197344762273,-0.00211872998625,0.00603225687519,-0.0191694479436,0.0377665348351,-0.0137478997931],[0.000585336820222,-0.00267693237402,0.000874647404999,-0.00174432760105,0.0011953500798,-0.000327560381265,0.00459566991776,-0.00325435819104,0.000435858528363,-0.000980088952929,0.00150585360825,-0.0137478997931,0.0264278110117]],"mean":[48.4757080078,43.1145591736,-113.093093872,40.9870223999,-51.9738426208,9.7962770462,-35.5671539307,18.3921756744,-14.9724683762,5.26118659973,-17.2782478333,1.33949625492,-10.1855134964]},"hfc":{"dmean":8.17461109161,"dmean2":11.9306945801,"dvar":95.2175064087,"dvar2":186.905303955,"max":194.510253906,"mean":42.3454170227,"median":40.0587234497,"min":1.12968109196e-16,"var":445.413269043},"melbands":{"dmean":[0.00147975119762,0.00175096245948,0.000688083877321,0.000288826442556,0.000165926627233,0.000236626394326,0.000123907680972,0.0000824390299385,0.0000897313657333,0.000127494946355,0.0000825984607218,0.0000312698939524,0.0000229461038543,0.0000194144358829,0.0000245590235863,0.0000242215701292,0.0000276191349258,0.0000423880228482,0.0000383295300708,0.0000225339499593,0.0000272037923423,0.0000554775178898,0.0000280863387161,0.000018697235646,0.0000158200582518,0.0000164570938068,0.0000119334963529,0.0000104902410385,0.0000100645747807,0.00000758320675232,0.00000584402141612,0.00000528967666469,0.00000439086852566,0.00000430639101978,0.00000365626920029,0.00000269606766778,0.00000220095171244,0.00000152826282829,0.00000144166938298,0.00000121987204693],"dmean2":[0.0022907233797,0.00310054188594,0.00124852545559,0.000484752119519,0.000263842957793,0.000362820137525,0.000197929417482,0.000132883709739,0.000144986552186,0.000202146664378,0.000129288499011,0.0000498734552821,0.0000373096117983,0.000031086292438,0.0000397335170419,0.0000384558989026,0.0000442686687165,0.0000696993083693,0.0000626926848781,0.0000369704684999,0.0000456289562862,0.0000938965531532,0.0000476254645037,0.0000316147488775,0.0000266503830062,0.0000277191047644,0.0000197163935809,0.0000171600986505,0.0000162656269822,0.0000122081928566,0.00000913434541872,0.00000818320040707,0.00000664219805913,0.00000657619602862,0.00000559146656087,0.00000418770059696,0.00000337476922141,0.00000228104477173,0.00000219143271352,0.00000183847373592],"dvar":[0.00000670254712531,0.0000112898651423,0.00000145733679346,2.36456017433e-7,5.85205413017e-8,1.78437886689e-7,2.80293548371e-8,1.06433910574e-8,1.87470305946e-8,2.80078396031e-8,1.67404596851e-8,2.78666378861e-9,1.05371922299e-9,1.39303046875e-9,1.35741207163e-9,2.81871770369e-9,3.33075611536e-9,4.85383777615e-9,3.54935503211e-9,2.06221084653e-9,9.0654161955e-10,6.77735556565e-9,1.49096723856e-9,6.20623885617e-10,2.97154051365e-10,4.04781180796e-10,2.93238489046e-10,1.86466578289e-10,1.56700707965e-10,1.18732523813e-10,7.70610172895e-11,5.71922890991e-11,3.80798968747e-11,3.98564029003e-11,2.89599663694e-11,1.58461421068e-11,1.32878803447e-11,7.4584722079e-12,7.46369979709e-12,6.17443813092e-12],"dvar2":[0.000014404184185,0.0000314370663546,0.00000404217234973,6.14035911894e-7,1.40249298397e-7,4.13435799373e-7,6.52396465739e-8,2.72681202063e-8,4.64767104802e-8,6.66253185955e-8,3.80745177608e-8,5.7884226301e-9,2.55917997904e-9,3.12483039444e-9,3.36422512071e-9,6.66758825929e-9,8.12358891267e-9,1.26679262635e-8,8.75839134551e-9,5.37004840595e-9,2.42230391301e-9,1.91756743817e-8,3.94027965811e-9,1.70111336129e-9,8.16801182246e-10,1.07825559592e-9,7.30040194963e-10,4.55994936255e-10,3.82293641188e-10,2.9656890832e-10,1.841598124e-10,1.326430632e-10,8.36710908891e-11,9.29712973274e-11,6.87768730856e-11,3.81341971889e-11,3.07224731766e-11,1.4980190699e-11,1.6216254034e-11,1.38830813165e-11],"max":[0.0179008264095,0.0235921610147,0.00929519813508,0.00774784106761,0.00453342171386,0.00753782363608,0.00517603009939,0.00228603417054,0.00325383408926,0.00287665636279,0.00293959793635,0.00342326844111,0.000858375860844,0.00161610799842,0.000789981218986,0.00178293127101,0.00131412956398,0.00225929217413,0.0011930721812,0.00160117715131,0.000439716619439,0.00271973735653,0.00140358228236,0.00057646969799,0.00031372482772,0.000411966786487,0.000397917785449,0.000378461263608,0.000208534154808,0.00019700093253,0.00014213094255,0.000121655946714,0.00011299909238,0.000120081713249,0.000149431405589,0.0000806129392004,0.000111040106276,0.0000793397121015,0.0000800399720902,0.0000926981156226],"mean":[0.00174156751018,0.00196914351545,0.000636668119114,0.000372443697415,0.00030795118073,0.000461800023913,0.000249062170042,0.000155944318976,0.00015941671154,0.000243606162257,0.000152573848027,0.0000595981255174,0.0000421831900894,0.0000361298079952,0.0000446810154244,0.0000432840715803,0.0000484476913698,0.0000763939533499,0.0000688559230184,0.0000460483279312,0.0000577494975005,0.000106202744064,0.0000644192114123,0.0000424849604315,0.0000381302561436,0.0000362997234333,0.0000259649877989,0.0000234291237575,0.0000222336311708,0.000016526410036,0.000012470504771,0.0000116409837574,0.0000100338638731,0.00000957764768827,0.00000808054846857,0.00000631209786661,0.00000525527821083,0.00000370797374671,0.00000338497216035,0.00000286195881927],"median":[0.000555346196052,0.00105421082117,0.000284715380985,0.000193974046852,0.000175663502887,0.00023141161364,0.00017732437118,0.000118097552331,0.0000979032556643,0.000174905813765,0.0000982473284239,0.0000458056820207,0.0000313095042657,0.0000227549098781,0.0000301152904285,0.0000254949954979,0.0000285087917291,0.0000534373830305,0.0000470150771434,0.00002944967855,0.0000477224020869,0.0000779345500632,0.0000516614454682,0.0000345659645973,0.0000331497103616,0.0000295918689517,0.0000204314674193,0.0000187503337656,0.0000170798375621,0.0000112237239591,0.0000078248722275,0.00000745675151848,0.00000645675481792,0.00000635595370113,0.00000563360845263,0.00000455445797343,0.00000380189726457,0.00000271081898973,0.00000246181002694,0.00000198616226044],"min":[1.11727616407e-23,7.14815265213e-24,6.12401398193e-24,6.58998938548e-24,1.61900416379e-23,5.62856791825e-24,4.68421621773e-24,4.71073890465e-24,5.15535944907e-24,3.85335635791e-24,3.90816207487e-24,6.75679165731e-24,7.21210481686e-24,1.10265328613e-23,7.1211751869e-24,1.13866652194e-23,1.4888127688e-23,1.6106223589e-23,1.1067010892e-23,7.69513144887e-24,7.92202677788e-24,1.19402396822e-23,2.45205721469e-23,1.47342445912e-23,7.79344008374e-24,8.19615830902e-24,7.7963304701e-24,1.04019956269e-23,1.4068277171e-23,1.33406744705e-23,9.86073212741e-24,6.92223314407e-24,8.36981578212e-24,1.40373143805e-23,1.62376541267e-23,1.0256926473e-23,9.85713176624e-24,9.08697001991e-24,1.1060545388e-23,1.23800675022e-23],"var":[0.00000820721379569,0.00000879271283338,0.00000102427486581,3.10976957962e-7,1.76595136736e-7,4.59189209323e-7,7.02806772779e-8,2.1636310521e-8,3.9325666279e-8,5.86979673756e-8,3.50093891655e-8,4.9589918838e-9,2.03555017286e-9,3.18379678177e-9,2.42454145649e-9,4.77613371075e-9,5.54087575821e-9,7.54511120249e-9,5.99958616121e-9,3.6771987677e-9,1.80657511173e-9,1.1011215939e-8,3.08864223086e-9,1.18044984898e-9,6.62818910868e-10,8.21944845519e-10,5.1416676472e-10,3.72280123395e-10,3.37553152097e-10,2.51122206363e-10,1.6906764877e-10,1.49471449107e-10,1.09964204409e-10,1.04806954782e-10,6.90840093465e-11,4.09253880784e-11,3.00115522711e-11,1.72437099322e-11,1.45436267196e-11,1.19609053564e-11]},"melbands_crest":{"dmean":3.94440197945,"dmean2":6.01957178116,"dvar":13.1552848816,"dvar2":27.587059021,"max":35.7847442627,"mean":13.3911828995,"median":11.8290863037,"min":2.46929001808,"var":45.497013092},"melbands_flatness_db":{"dmean":0.0278576277196,"dmean2":0.0417282469571,"dvar":0.000875681464095,"dvar2":0.00187797297258,"max":0.511811316013,"mean":0.122385129333,"median":0.105149567127,"min":0.00621461775154,"var":0.00499268667772},"melbands_kurtosis":{"dmean":9.7210817337,"dmean2":14.9274520874,"dvar":1678.02111816,"dvar2":3377.14306641,"max":1476.02648926,"mean":18.8619251251,"median":2.96083641052,"min":-1.56912267208,"var":9574.95117188},"melbands_skewness":{"dmean":0.840963840485,"dmean2":1.29643821716,"dvar":1.29149961472,"dvar2":2.74938058853,"max":30.9126091003,"mean":2.47388672829,"median":1.8203202486,"min":-0.769718706608,"var":8.15012645721},"melbands_spread":{"dmean":13.1612682343,"dmean2":19.884973526,"dvar":164.476211548,"dvar2":351.256713867,"max":153.292327881,"mean":49.1263427734,"median":47.2102622986,"min":0.313180059195,"var":643.72076416},"mfcc":{"cov":[[11272.6884766,219.478424072,-547.387084961,-25.1905059814,-299.171691895,-346.621368408,-488.982574463,-236.236557007,-234.268554688,-203.521347046,-261.211853027,-159.031509399,-133.882095337],[219.478424072,641.723999023,-155.841827393,96.7563018799,58.1760139465,-53.2582397461,37.739025116,11.8627471924,21.4019641876,22.6715049744,9.01829051971,7.61539983749,1.85232615471],[-547.387084961,-155.841827393,378.380981445,25.8906211853,31.8479919434,90.5989227295,46.2543144226,40.635181427,43.5876617432,30.0970420837,28.4364643097,25.2400341034,29.8180561066],[-25.1905059814,96.7563018799,25.8906211853,139.597427368,43.6463356018,22.808675766,8.65454006195,22.2118930817,14.8467874527,8.50546646118,2.53928875923,-4.7171049118,-2.51959753036],[-299.171691895,58.1760139465,31.8479919434,43.6463356018,114.909164429,31.7415752411,39.1348190308,22.7307548523,33.0915603638,25.4402294159,20.5254478455,12.5727968216,12.21925354],[-346.621368408,-53.2582397461,90.5989227295,22.808675766,31.7415752411,100.458274841,49.0491218567,30.2419300079,13.497174263,12.8425979614,16.2870426178,10.5039176941,5.64733552933],[-488.982574463,37.739025116,46.2543144226,8.65454006195,39.1348190308,49.0491218567,121.122879028,56.4254112244,29.4528236389,16.9749221802,31.1890773773,19.0421085358,13.2815732956],[-236.236557007,11.8627471924,40.635181427,22.2118930817,22.7307548523,30.2419300079,56.4254112244,90.9002761841,42.3180847168,23.2138004303,25.1465797424,12.6753177643,5.51962280273],[-234.268554688,21.4019641876,43.5876617432,14.8467874527,33.0915603638,13.497174263,29.4528236389,42.3180847168,73.2699890137,41.8159217834,25.2284412384,13.4889421463,8.66927814484],[-203.521347046,22.6715049744,30.0970420837,8.50546646118,25.4402294159,12.8425979614,16.9749221802,23.2138004303,41.8159217834,72.152015686,41.5525131226,19.1649742126,9.90061378479],[-261.211853027,9.01829051971,28.4364643097,2.53928875923,20.5254478455,16.2870426178,31.1890773773,25.1465797424,25.2284412384,41.5525131226,68.5079803467,33.4030075073,13.0651607513],[-159.031509399,7.61539983749,25.2400341034,-4.7171049118,12.5727968216,10.5039176941,19.0421085358,12.6753177643,13.4889421463,19.1649742126,33.4030075073,53.6374816895,27.2800045013],[-133.882095337,1.85232615471,29.8180561066,-2.51959753036,12.21925354,5.64733552933,13.2815732956,5.51962280273,8.66927814484,9.90061378479,13.0651607513,27.2800045013,47.5203552246]],"icov":[[0.000120627897559,-0.0000549843898625,0.0000445282821602,-0.00002793666863,0.000118285664939,0.000116127317597,0.000363314116839,-0.000109787499241,0.000128395433421,0.0000434918147221,0.000180763716344,-0.0000302039188682,0.000114721857244],[-0.0000549843898625,0.00243297428824,0.00096845702501,-0.00189017644152,-0.000636491400655,0.00170247978531,-0.00180025643203,0.00058006803738,-0.000241572910454,-0.000911610375624,0.00054196693236,-0.000736911024433,-0.000052499697631],[0.0000445282821602,0.00096845702501,0.00412956392393,-0.000980526558124,0.000330578099238,-0.00257281749509,-0.000123078760225,0.000255400547758,-0.00184867309872,-0.000156340000103,0.0000671204907121,-0.000197656452656,-0.00186517322436],[-0.00002793666863,-0.00189017644152,-0.000980526558124,0.0102307731286,-0.00298070302233,-0.00251791928895,0.00286860740744,-0.00270328926854,0.000461248069769,0.000741801050026,-0.000300511164824,0.00192672142293,0.000468454731163],[0.000118285664939,-0.000636491400655,0.000330578099238,-0.00298070302233,0.0129119707271,-0.00248644663952,-0.00201454712078,0.00209348578937,-0.0040276478976,-0.000801890331786,-0.00038477833732,0.000155550893396,-0.00179384229705],[0.000116127317597,0.00170247978531,-0.00257281749509,-0.00251791928895,-0.00248644663952,0.0176570881158,-0.00549112912267,-0.00138215592597,0.00354048842564,-0.00199006521143,0.00117648381274,-0.0016142106615,0.00234987819567],[0.000363314116839,-0.00180025643203,-0.000123078760225,0.00286860740744,-0.00201454712078,-0.00549112912267,0.017067020759,-0.00757192727178,-0.000144751989865,0.00367597397417,-0.00377775984816,0.00078350387048,-0.00154752656817],[-0.000109787499241,0.00058006803738,0.000255400547758,-0.00270328926854,0.00209348578937,-0.00138215592597,-0.00757192727178,0.0205837003887,-0.00964276865125,0.00111084291711,-0.00203752121888,-0.000386655156035,0.00102575018536],[0.000128395433421,-0.000241572910454,-0.00184867309872,0.000461248069769,-0.0040276478976,0.00354048842564,-0.000144751989865,-0.00964276865125,0.0283736120909,-0.0128846112639,0.00281587475911,-0.000581980799325,0.000399075972382],[0.0000434918147221,-0.000911610375624,-0.000156340000103,0.000741801050026,-0.000801890331786,-0.00199006521143,0.00367597397417,0.00111084291711,-0.0128846112639,0.0292981099337,-0.0148347662762,0.00206914031878,-0.0012809552718],[0.000180763716344,0.00054196693236,0.0000671204907121,-0.000300511164824,-0.00038477833732,0.00117648381274,-0.00377775984816,-0.00203752121888,0.00281587475911,-0.0148347662762,0.0322493202984,-0.0156265757978,0.00436295941472],[-0.0000302039188682,-0.000736911024433,-0.000197656452656,0.00192672142293,0.000155550893396,-0.0016142106615,0.00078350387048,-0.000386655156035,-0.000581980799325,0.00206914031878,-0.0156265757978,0.0368032306433,-0.0170086286962],[0.000114721857244,-0.000052499697631,-0.00186517322436,0.000468454731163,-0.00179384229705,0.00234987819567,-0.00154752656817,0.00102575018536,0.000399075972382,-0.0012809552718,0.00436295941472,-0.0170086286962,0.031818125397]],"mean":[-588.053771973,76.8748855591,-2.3399848938,29.5722446442,7.80119180679,-0.964625656605,-3.45048522949,6.55284357071,6.06182575226,7.58233261108,2.39907717705,2.25290727615,-1.3954000473]},"pitch_salience":{"dmean":0.0768862962723,"dmean2":0.117949202657,"dvar":0.00567230861634,"dvar2":0.0125067951158,"max":0.880613029003,"mean":0.580644190311,"median":0.615430891514,"min":0.067917495966,"var":0.0193311069161},"silence_rate_20dB":{"dmean":0,"dmean2":0,"dvar":0,"dvar2":0,"max":1,"mean":1,"median":1,"min":1,"var":0},"silence_rate_30dB":{"dmean":0,"dmean2":0,"dvar":0,"dvar2":0,"max":1,"mean":1,"median":1,"min":1,"var":0},"silence_rate_60dB":{"dmean":0.000218555345782,"dmean2":0.000437158480054,"dvar":0.000218507586396,"dvar2":0.00043701325194,"max":1,"mean":0.0472027957439,"median":0,"min":0,"var":0.0449746139348},"spectral_centroid":{"dmean":269.411315918,"dmean2":423.407989502,"dvar":73699.0234375,"dvar2":170534.53125,"max":11080.7167969,"mean":2322.54345703,"median":2353.0559082,"min":467.866729736,"var":292831},"spectral_complexity":{"dmean":4.32433605194,"dmean2":6.79344272614,"dvar":14.2977371216,"dvar2":31.9107246399,"max":63,"mean":37.4553108215,"median":39,"min":0,"var":124.360099792},"spectral_contrast_coeffs":{"dmean":[0.0560294985771,0.0450910851359,0.0375683605671,0.028340311721,0.0195895228535,0.01622858271],"dmean2":[0.0923356637359,0.0732200294733,0.0613236427307,0.0464329198003,0.033107791096,0.0262554455549],"dvar":[0.00224466109648,0.00125455192756,0.000878072693013,0.000482774776174,0.000234609047766,0.000208741243114],"dvar2":[0.00598705047742,0.00338313402608,0.00232285680249,0.00129438005388,0.000651659327559,0.00051761965733],"max":[-0.401118397713,-0.465851932764,-0.567566990852,-0.61989313364,-0.670076906681,-0.619523584843],"mean":[-0.68214827776,-0.744967937469,-0.775580525398,-0.786574184895,-0.792181134224,-0.755015254021],"median":[-0.684937953949,-0.747949004173,-0.775255084038,-0.786674261093,-0.790715873241,-0.75386595726],"min":[-0.982442617416,-0.964957594872,-0.979827702045,-0.96513479948,-0.957519054413,-0.961404323578],"var":[0.0050778305158,0.00439222436398,0.0026351865381,0.00157879083417,0.000995930633508,0.00143548718188]},"spectral_contrast_valleys":{"dmean":[0.435615181923,0.320001363754,0.294113188982,0.223679333925,0.16814135015,0.190304577351],"dmean2":[0.718378543854,0.527859270573,0.476750016212,0.364573419094,0.272600203753,0.260404586792],"dvar":[0.136905133724,0.0765566527843,0.0687078163028,0.0446837767959,0.0380327664316,0.0580940581858],"dvar2":[0.345597088337,0.17967300117,0.158021897078,0.0919847264886,0.0663368403912,0.0885302647948],"max":[-5.34153747559,-5.08060693741,-5.61264514923,-5.7021946907,-5.4341673851,-7.31185150146],"mean":[-7.27263402939,-6.65470600128,-7.16867399216,-7.22747325897,-6.59327888489,-9.16388893127],"median":[-7.06538963318,-6.3800110817,-6.90289878845,-6.96411323547,-6.32427740097,-8.86745452881],"min":[-27.4307823181,-27.1645584106,-27.4420757294,-27.0399360657,-27.4601573944,-27.2007465363],"var":[1.78569936752,2.0770072937,2.02716231346,1.99428236485,1.94917333126,1.81279873848]},"spectral_decrease":{"dmean":2.43723108362e-9,"dmean2":3.8970160432e-9,"dvar":1.136222155e-17,"dvar2":2.81352812953e-17,"max":-6.63310735853e-29,"mean":-6.64429045116e-9,"median":-5.77556402703e-9,"min":-2.6639353834e-8,"var":1.48500592085e-17},"spectral_energy":{"dmean":0.00942746177316,"dmean2":0.0150083601475,"dvar":0.000160474490258,"dvar2":0.000398392352508,"max":0.102393917739,"mean":0.0289179496467,"median":0.026141686365,"min":1.04968848148e-20,"var":0.000218985645915},"spectral_energyband_high":{"dmean":0.000885030312929,"dmean2":0.00123249250464,"dvar":0.00000141989357871,"dvar2":0.00000264952495854,"max":0.0217228177935,"mean":0.00300105661154,"median":0.0024022818543,"min":7.73988294743e-21,"var":0.00000561870592719},"spectral_energyband_low":{"dmean":0.00772402435541,"dmean2":0.0123542435467,"dvar":0.000175390523509,"dvar2":0.000425328151323,"max":0.0938784256577,"mean":0.0100612211972,"median":0.00483462866396,"min":6.89110011736e-23,"var":0.000195905711735},"spectral_energyband_middle_high":{"dmean":0.00170962756965,"dmean2":0.00273696612567,"dvar":0.00000338440850101,"dvar2":0.0000084975581558,"max":0.0389883294702,"mean":0.00772353075445,"median":0.0069812880829,"min":1.64286349537e-21,"var":0.0000181467239599},"spectral_energyband_middle_low":{"dmean":0.00347748189233,"dmean2":0.0056568197906,"dvar":0.0000179887556442,"dvar2":0.000046261557145,"max":0.045137565583,"mean":0.00875719636679,"median":0.0075019961223,"min":1.87456625633e-22,"var":0.0000325019100273},"spectral_entropy":{"dmean":0.0849370360374,"dmean2":0.128152504563,"dvar":0.00711486348882,"dvar2":0.0142458975315,"max":9.79522418976,"mean":8.07962989807,"median":8.08789634705,"min":6.85649871826,"var":0.0445409417152},"spectral_flux":{"dmean":0.0261479541659,"dmean2":0.0411688238382,"dvar":0.000964289472904,"dvar2":0.00193331530318,"max":0.266003042459,"mean":0.100412882864,"median":0.0924022495747,"min":1.02454308926e-10,"var":0.00196357653476},"spectral_kurtosis":{"dmean":0.678723454475,"dmean2":1.10129606724,"dvar":0.559559941292,"dvar2":1.56477987766,"max":13.9785366058,"mean":3.21105647087,"median":2.93654084206,"min":-1.15218698978,"var":1.86615717411},"spectral_rms":{"dmean":0.000776931818109,"dmean2":0.0012084847549,"dvar":8.37047139157e-7,"dvar2":0.00000199923306354,"max":0.00999482348561,"mean":0.00509324949235,"median":0.00505015719682,"min":3.2001348186e-12,"var":0.00000227131931752},"spectral_rolloff":{"dmean":858.603820801,"dmean2":1298.32373047,"dvar":906202.1875,"dvar2":1806779.5,"max":18410.8886719,"mean":3339.37109375,"median":3014.6484375,"min":64.599609375,"var":4986620.5},"spectral_skewness":{"dmean":0.120359703898,"dmean2":0.189090669155,"dvar":0.0129581512883,"dvar2":0.0319398529828,"max":2.42317175865,"mean":1.2718462944,"median":1.26924097538,"min":-0.0202639307827,"var":0.0591451264918},"spectral_spread":{"dmean":438258.9375,"dmean2":636316.375,"dvar":326640992256,"dvar2":518087639040,"max":39821720,"mean":5172707.5,"median":5066203,"min":1732773,"var":1797398724610},"spectral_strongpeak":{"dmean":0.501144468784,"dmean2":0.876093089581,"dvar":0.898375511169,"dvar2":2.35812425613,"max":13.7701702118,"mean":0.713457405567,"median":0.348660200834,"min":0,"var":1.01423811913},"zerocrossingrate":{"dmean":0.0164659786969,"dmean2":0.018093355,"dvar":0.000216733067646,"dvar2":0.000268439092906,"max":0.49755859375,"mean":0.113470703363,"median":0.1083984375,"min":0.00634765625,"var":0.00271940953098}},"metadata":{"audio_properties":{"analysis_sample_rate":44100,"bit_rate":1120888,"codec":"alac","downmix":"mix","equal_loudness":0,"length":212.466659546,"lossless":true,"md5_encoded":"f8343d3e4a23261662fcc24d06a1db0c","replay_gain":-16.0412082672,"sample_rate":44100},"tags":{"album":["Ace of Spades"],"artist":["Motorhead"],"artistsort":["Motorhead"],"bpm":["153"],"compilation":["0"],"date":["1980"],"discnumber":["1/1"],"encodedby":["refalac 0.50, Apple Lossless Encoder"],"file_name":"copy2943822654534838762.m4a","genre":["Heavy Metal"],"musicbrainz_recordingid":["d18247da-83b6-4d97-ad9c-fe86f6ec2e4b"],"title":["Jailbait"],"tracknumber":["8/24"]},"version":{"essentia":"2.1-beta2","essentia_build_sha":"cead25079874084f62182a551b7393616cd33d87","essentia_git_sha":"v2.1_beta2-1-ge3940c0","extractor":"music 1.0"}},"rhythm":{"beats_count":540,"beats_loudness":{"dmean":0.0123791713268,"dmean2":0.0237539745867,"dvar":0.0000894346667337,"dvar2":0.000294035533443,"max":0.0733210667968,"mean":0.0332952775061,"median":0.0321717374027,"min":9.43565364731e-11,"var":0.000138996852911},"beats_loudness_band_ratio":{"dmean":[0.359792709351,0.0828123539686,0.0666118860245,0.0476314015687,0.0768636316061,0.201204329729],"dmean2":[0.707012653351,0.15237519145,0.123869262636,0.089502364397,0.142134383321,0.396024733782],"dvar":[0.0331210941076,0.00592176290229,0.0037847335916,0.00349827227183,0.00374357425608,0.0133948707953],"dvar2":[0.108111172915,0.0179591290653,0.0115063646808,0.0102187758312,0.0112143149599,0.047474000603],"max":[0.996205687523,0.719736218452,0.599486172199,0.534232258797,0.607298195362,0.642312586308],"mean":[0.429158568382,0.102932468057,0.0918646976352,0.0555246472359,0.137109562755,0.206771954894],"median":[0.36889487505,0.0805249661207,0.0799059569836,0.0432950034738,0.120064109564,0.197639495134],"min":[0,0,0,0,0,0],"var":[0.0639638230205,0.00849438365549,0.00406569475308,0.00270755123347,0.00792334694415,0.0181468985975]},"beats_position":[0.452789098024,0.917188167572,1.38158726692,1.84598636627,2.31038546562,2.77478456497,3.16952371597,3.56426286697,3.97061228752,4.3653