{"lowlevel":{"average_loudness":0.673502385616,"barkbands":{"dmean":[0.0000583595647186,0.00111666915473,0.00217158091255,0.000973562942818,0.00367032503709,0.00257864198647,0.00160476157907,0.000774778309278,0.000899980193935,0.000258921296336,0.000193673447939,0.000131705499371,0.0000524806164321,0.0000358299948857,0.0000452653002867,0.0000210120342672,0.0000482072646264,0.0000225815656449,0.0000105027775135,0.00000695976541465,0.00000472330930279,0.00000215804971049,0.00000115237867249,7.65722063534e-7,3.99619040081e-7,9.41226687701e-8,1.32208395343e-8],"dmean2":[0.0000790625854279,0.00170520215761,0.00348328496329,0.00163493340369,0.00564893661067,0.00403178529814,0.00238535087556,0.00114707485773,0.00140297121834,0.000405838538427,0.000298435246805,0.000213708553929,0.000085931722424,0.0000570578376937,0.0000683442995069,0.0000328901587636,0.0000740965188015,0.0000359133482561,0.0000156476307893,0.0000107619171104,0.00000690991828378,0.0000031411202599,0.00000171146245975,0.00000116333103506,6.1283026298e-7,1.50681344735e-7,1.99096739095e-8],"dvar":[3.16133963452e-8,0.00000772535076976,0.0000256099574472,0.0000049924879022,0.000049907630455,0.0000177818747034,0.0000176492721948,0.00000361841239283,0.00000294749429486,3.26723494481e-7,2.39996808205e-7,1.09847533736e-7,3.00688753896e-8,5.22619858501e-9,9.19621001572e-9,2.03984651392e-9,1.56126809259e-8,3.15697445963e-9,7.43865191666e-10,2.35598346388e-10,1.30174843127e-10,3.34215190245e-11,1.04463226264e-11,4.86526053819e-12,1.50690386818e-12,9.80633217858e-14,7.1607429501e-16],"dvar2":[5.89911728355e-8,0.0000163754157256,0.0000626269247732,0.0000130592388814,0.000112999892735,0.0000433832792623,0.0000390832610719,0.00000641875476504,0.00000709700634616,7.36081801733e-7,5.73627289668e-7,2.9857710615e-7,8.61608029368e-8,1.31893456157e-8,2.20130864648e-8,4.60765425814e-9,3.00085858385e-8,8.57497539641e-9,1.57710566828e-9,5.3572446479e-10,2.6466048797e-10,6.84498152603e-11,2.29941257007e-11,1.0235635256e-11,3.44364901178e-12,2.48696815095e-13,1.78274304431e-15],"max":[0.00277434987947,0.0481357350945,0.0766536146402,0.0315684974194,0.127424180508,0.074331715703,0.118790909648,0.0436305738986,0.0384307429194,0.0140462107956,0.0140849361196,0.00569700822234,0.00672519952059,0.00110837793909,0.00209820293821,0.00127067661379,0.00363104837015,0.00131913286168,0.000566419563256,0.000449027575087,0.000212516708416,0.000195779502974,0.000057466339058,0.0000265937251243,0.0000238548036577,0.00000743737155062,8.32661498862e-7],"mean":[0.0000851944205351,0.00210217665881,0.00402540247887,0.00160224933643,0.00650761462748,0.00484548509121,0.00324353482574,0.00114355189726,0.00145320047159,0.000409378611948,0.000285975285806,0.00020398820925,0.000084327206423,0.0000502951552335,0.0000653019742458,0.000031489518733,0.0000837082843645,0.0000376809439331,0.0000192194747797,0.0000140196007123,0.0000078497805589,0.00000354240205525,0.00000154977726652,9.38834887165e-7,4.30042121025e-7,1.30719811864e-7,6.22385769589e-8],"median":[0.00000544682507098,0.000446119898697,0.00143365934491,0.000542470719665,0.00349992187694,0.00228063715622,0.000558816245757,0.000229042139836,0.000404842605349,0.000130048429128,0.0000887352944119,0.000047315210395,0.0000269625415967,0.0000215958298213,0.0000203028794203,0.000012405884263,0.0000322519481415,0.0000169315972016,0.00000645633144813,0.00000715659825801,0.00000257879264609,3.83525190273e-7,2.58788162455e-7,1.45009437347e-7,6.63584387439e-8,5.76522154461e-8,5.78699115295e-8],"min":[1.71116983525e-25,1.7118161342e-24,1.43081894938e-24,9.59863959975e-25,2.33271376156e-24,6.76285168678e-24,1.05192889883e-23,4.80156282725e-24,1.26365766696e-23,6.72131421581e-24,1.34604204005e-23,1.97251592793e-23,2.39237909835e-23,2.98083714812e-23,4.18096595311e-23,5.23052740148e-23,4.57544215966e-23,9.60473366857e-23,1.22232861304e-22,1.31079816449e-22,2.24438349139e-22,3.08668145568e-22,4.41498059402e-22,5.88056147227e-22,8.6462830673e-22,1.27750573518e-21,1.94010264939e-21],"var":[7.28111828607e-8,0.0000189459333342,0.0000466692181362,0.00000791492402641,0.0000965404178714,0.0000504568852193,0.0000507619151904,0.0000105425324364,0.00000640093685433,6.94972470683e-7,3.77774739491e-7,2.04351977118e-7,5.9453654444e-8,6.80328460234e-9,1.44561838056e-8,3.17620507673e-9,3.73833088929e-8,4.75198325134e-9,1.78933645678e-9,5.5838061952e-10,2.42001502171e-10,9.11767328304e-11,1.47513789378e-11,6.25610977953e-12,1.64895094107e-12,8.76547640895e-14,1.28172125606e-15]},"barkbands_crest":{"dmean":2.5937871933,"dmean2":4.18238639832,"dvar":5.31898021698,"dvar2":13.7535572052,"max":26.0240859985,"mean":11.7740364075,"median":11.2298851013,"min":4.04092121124,"var":14.2167615891},"barkbands_flatness_db":{"dmean":0.0239391587675,"dmean2":0.0348694324493,"dvar":0.000517940847203,"dvar2":0.00108603294939,"max":0.420493096113,"mean":0.251722455025,"median":0.253315776587,"min":0.0336306467652,"var":0.00332204508595},"barkbands_kurtosis":{"dmean":3.80138039589,"dmean2":6.08458900452,"dvar":30.0445213318,"dvar2":74.0399856567,"max":143.509368896,"mean":8.18887138367,"median":6.06831359863,"min":-1.85956525803,"var":63.8770179749},"barkbands_skewness":{"dmean":0.535940945148,"dmean2":0.830121457577,"dvar":0.261598229408,"dvar2":0.62325823307,"max":9.47875976563,"mean":1.71604967117,"median":1.66666150093,"min":-5.29014396667,"var":1.25167584419},"barkbands_spread":{"dmean":1.67049765587,"dmean2":2.63749861717,"dvar":8.26229667664,"dvar2":18.9386940002,"max":134.244354248,"mean":6.2543182373,"median":5.21477937698,"min":0.317821651697,"var":43.3095321655},"dissonance":{"dmean":0.0357327386737,"dmean2":0.0591297000647,"dvar":0.00103549589403,"dvar2":0.0027938906569,"max":0.500000059605,"mean":0.411721199751,"median":0.419550776482,"min":0.154785498977,"var":0.00276806764305},"dynamic_complexity":4.06477928162,"erbbands":{"dmean":[0.0157314538956,0.337709486485,2.25639462471,2.7572145462,5.98021793365,17.0904426575,17.1973266602,21.1131324768,21.2707195282,21.1008110046,15.2253065109,21.3587036133,11.157740593,10.1847667694,4.08704566956,5.50262498856,2.63686466217,1.91745817661,1.99692630768,1.87833452225,1.52467834949,2.31812357903,1.40693724155,0.631014049053,0.480383515358,0.285114467144,0.225828930736,0.145204842091,0.0830288678408,0.052968673408,0.0291574615985,0.0193251017481,0.011110807769,0.00581464078277,0.00213967938907,0.000656217976939,0.000128643092467,0.0000192151001102,0.00000534250693818,0.00000991734577838],"dmean2":[0.0240264460444,0.517848789692,3.56400537491,4.50508928299,9.66720485687,25.9623851776,27.8164596558,32.0999717712,31.634475708,30.4543170929,23.9150829315,33.3038673401,17.1432704926,15.9694776535,6.48010492325,8.90184593201,4.28660058975,3.03191018105,3.11582565308,2.7742061615,2.35007286072,3.4952352047,2.22092556953,0.944632709026,0.745708525181,0.435832172632,0.338447481394,0.210833191872,0.121528357267,0.0773960724473,0.0435565561056,0.029199918732,0.0170294716954,0.00889502000064,0.00333093502559,0.00104220805224,0.000207260571187,0.0000302517219097,0.00000756955842007,0.0000145043077282],"dvar":[0.00142450386193,0.70456969738,28.9687023163,35.9216156006,158.134475708,1217.99450684,837.400268555,1596.67077637,2089.9128418,3059.13183594,894.945983887,1903.01574707,504.566009521,583.67010498,61.0273094177,206.252426147,83.5427932739,12.4568061829,19.5187034607,14.033624649,7.52096796036,58.3058128357,14.1910533905,2.28673481941,1.44484591484,0.441079884768,0.30661213398,0.127696231008,0.0480760633945,0.0219072122127,0.00731692556292,0.0030582069885,0.00108296470717,0.000325582979713,0.0000431704029324,0.00000423048732046,2.2886916895e-7,4.16237222467e-9,5.80936791728e-11,1.8375392874e-10],"dvar2":[0.00346155744046,1.50297999382,67.4081878662,94.3064727783,415.632324219,2615.80712891,2227.84326172,3769.01025391,4660.29150391,6070.11816406,2242.38183594,4436.08007813,1115.36010742,1453.96179199,146.2449646,553.948242188,246.152770996,30.5220298767,48.7214851379,31.285697937,15.9036064148,108.92325592,38.0830421448,5.02759170532,3.33344650269,0.971490323544,0.64492559433,0.250207901001,0.0998392179608,0.0447361581028,0.0166183114052,0.00643280474469,0.0023745871149,0.000750284933019,0.0000992009881884,0.000010115076293,6.21178060101e-7,1.14472546997e-8,1.16471596256e-10,3.81883885625e-10],"max":[0.759628415108,13.9549818039,91.6866531372,99.5676040649,172.537521362,660.990356445,540.840332031,912.990661621,912.397644043,1482.95166016,425.718414307,1081.53417969,562.437561035,660.807861328,146.400558472,282.267120361,359.757324219,58.0704917908,97.8730239868,83.8799514771,70.3810958862,255.311447144,91.5317306519,33.2486038208,37.8735847473,21.2323493958,9.84273529053,11.5839662552,7.14019823074,5.60218715668,1.96626961231,0.737468898296,0.564535915852,0.375930696726,0.11707636714,0.0384441800416,0.0151856215671,0.00224721757695,0.0001677738328,0.000223900191486],"mean":[0.0297335498035,0.625765323639,3.96415901184,5.59175825119,9.70056533813,28.6658210754,31.925825119,39.9283676147,41.9222297668,42.6117248535,23.5766887665,35.4048194885,18.9345169067,15.3684511185,7.17610788345,8.66448783875,4.60385656357,3.06267261505,2.8790743351,2.93042016029,2.51220059395,4.29720211029,2.51235556602,1.20128667355,1.00513136387,0.588576674461,0.386840611696,0.244385093451,0.139809668064,0.0846564099193,0.0374538563192,0.0244874637574,0.0127539215609,0.00622880272567,0.00235202931799,0.000776914472226,0.000205094431294,0.0000513720915478,0.0000224267350859,0.0000299705206999],"median":[0.0071659386158,0.188292056322,1.56743764877,2.7262878418,4.00313282013,12.8413162231,18.4664173126,16.4703102112,11.9436254501,7.78191232681,8.48064422607,10.1835861206,7.00131607056,5.23692798615,3.4087395668,2.27752017975,1.65272843838,1.52089977264,1.03881978989,1.01901102066,1.23896861076,1.61558294296,1.13870406151,0.428227365017,0.476782500744,0.289792776108,0.155498087406,0.0661231055856,0.0171724297106,0.0109183117747,0.00645317789167,0.00381983304396,0.00184904155321,0.000890730880201,0.000444468256319,0.000231273501413,0.000114100199426,0.0000408883715863,0.0000198441048269,0.0000237111526076],"min":[4.95584287884e-23,6.37046656117e-22,1.5743989516e-21,4.14390345025e-21,5.33841162761e-21,1.45485382397e-20,3.41228643226e-20,5.63070179394e-20,1.35482801006e-19,1.96549564824e-19,2.07504434664e-19,3.84029973111e-19,5.29646537952e-19,5.29783281247e-19,6.27885299234e-19,1.1034184053e-18,1.13062913193e-18,1.83097607321e-18,2.17383251095e-18,2.81820786249e-18,3.69547198638e-18,3.87334104709e-18,4.98850624426e-18,6.53382397153e-18,6.77521016352e-18,5.72495176107e-18,9.63525454665e-18,8.82237836843e-18,9.86086309564e-18,1.05581871054e-17,1.19241666992e-17,1.01554312108e-17,9.83355290053e-18,7.33545587009e-18,6.29541521615e-18,4.14696743064e-18,2.24910201758e-18,9.50225383032e-19,2.50328014416e-19,2.56043741976e-20],"var":[0.00308494712226,1.57409286499,50.1691551208,65.0634384155,225.657669067,2455.72192383,1737.1184082,4657.37060547,5460.83935547,9636.65527344,1731.66247559,4294.87988281,1149.62719727,915.256286621,128.080993652,389.282012939,164.050994873,20.3558502197,26.4630222321,26.3929080963,16.1133327484,141.733963013,22.8925647736,6.03828382492,4.35724830627,0.988927543163,0.518710553646,0.293383538723,0.132697671652,0.0548929199576,0.00907878577709,0.00403705611825,0.00128000462428,0.000353727926267,0.0000464107070002,0.00000417756882598,1.76747860792e-7,3.50305628949e-9,2.24666271698e-10,6.76206923789e-10]},"erbbands_crest":{"dmean":3.24949574471,"dmean2":5.15139245987,"dvar":8.33739948273,"dvar2":19.5938663483,"max":29.5335254669,"mean":12.4577665329,"median":11.7330188751,"min":2.05366945267,"var":24.3215026855},"erbbands_flatness_db":{"dmean":0.0215079784393,"dmean2":0.0310858916491,"dvar":0.000380906654755,"dvar2":0.000788073288277,"max":0.433350533247,"mean":0.252556651831,"median":0.257412672043,"min":0.0250980760902,"var":0.00252225878648},"erbbands_kurtosis":{"dmean":2.05177330971,"dmean2":3.21222233772,"dvar":7.1221165657,"dvar2":16.7536849976,"max":49.0215911865,"mean":3.08835530281,"median":2.16870880127,"min":-1.78433179855,"var":14.1073045731},"erbbands_skewness":{"dmean":0.461358040571,"dmean2":0.719792723656,"dvar":0.174171715975,"dvar2":0.424437195063,"max":5.11413526535,"mean":1.23746621609,"median":1.1960568428,"min":-1.74284100533,"var":0.597332775593},"erbbands_spread":{"dmean":4.46330595016,"dmean2":6.73164129257,"dvar":18.5395126343,"dvar2":41.1049003601,"max":95.5070114136,"mean":18.0764141083,"median":15.9312744141,"min":1.36092877388,"var":94.9154052734},"gfcc":{"cov":[[33299.8945313,5261.56445313,-3262.08935547,827.039123535,-1252.27160645,-429.490478516,-472.884979248,-175.365875244,-196.078704834,-360.51940918,-107.573532104,-249.124923706,-3.96425199509],[5261.56445313,1394.05517578,-383.651397705,33.1887435913,64.8733901978,-214.415817261,21.1258335114,-7.98390436172,-31.9620227814,-90.8741226196,-40.6147117615,-77.2237243652,21.6270561218],[-3262.08935547,-383.651397705,746.102600098,59.6556663513,251.802963257,153.624511719,57.7300491333,23.7930831909,43.1179962158,3.44338154793,-20.3274211884,-32.0802001953,-15.5342712402],[827.039123535,33.1887435913,59.6556663513,278.627319336,50.8394851685,88.809211731,-0.019828774035,-22.4911327362,41.1740951538,-4.18423128128,-36.396938324,-22.8257350922,-10.4427890778],[-1252.27160645,64.8733901978,251.802963257,50.8394851685,387.77243042,-19.5521907806,50.0724067688,36.0672340393,36.1547088623,0.279512763023,-61.0832557678,-46.4261398315,27.600522995],[-429.490478516,-214.415817261,153.624511719,88.809211731,-19.5521907806,228.356918335,19.6078510284,-13.0730237961,38.9864387512,19.4582023621,18.3409805298,-0.569442093372,-21.0122261047],[-472.884979248,21.1258335114,57.7300491333,-0.019828774035,50.0724067688,19.6078510284,149.666381836,36.8376159668,15.2747621536,-0.602976322174,35.959854126,9.81033611298,2.95400047302],[-175.365875244,-7.98390436172,23.7930831909,-22.4911327362,36.0672340393,-13.0730237961,36.8376159668,110.16619873,-1.60644769669,-22.3105182648,9.52787780762,4.34534358978,6.38221359253],[-196.078704834,-31.9620227814,43.1179962158,41.1740951538,36.1547088623,38.9864387512,15.2747621536,-1.60644769669,110.319793701,37.6785774231,-13.18039608,-4.22438144684,-1.86948812008],[-360.51940918,-90.8741226196,3.44338154793,-4.18423128128,0.279512763023,19.4582023621,-0.602976322174,-22.3105182648,37.6785774231,91.5014343262,16.2375030518,-2.59066867828,4.79302883148],[-107.573532104,-40.6147117615,-20.3274211884,-36.396938324,-61.0832557678,18.3409805298,35.959854126,9.52787780762,-13.18039608,16.2375030518,136.628250122,60.9649200439,-2.66731333733],[-249.124923706,-77.2237243652,-32.0802001953,-22.8257350922,-46.4261398315,-0.569442093372,9.81033611298,4.34534358978,-4.22438144684,-2.59066867828,60.9649200439,85.2787246704,12.6514196396],[-3.96425199509,21.6270561218,-15.5342712402,-10.4427890778,27.600522995,-21.0122261047,2.95400047302,6.38221359253,-1.86948812008,4.79302883148,-2.66731333733,12.6514196396,59.1872367859]],"icov":[[0.000650120084174,-0.00222361250781,0.0014428421855,-0.00200157356448,0.00170018745121,-0.00118665688206,0.00167089374736,-0.00101815315429,0.000199540343601,0.000269711541478,-0.000419521064032,0.00107249733992,-0.000569827156141],[-0.00222361250781,0.0088705169037,-0.00419760262594,0.00651285517961,-0.00627253483981,0.00489184539765,-0.00611504400149,0.00408430024981,-0.00116242317017,0.000699855212588,0.00049722782569,-0.00179972348269,0.00149738497566],[0.0014428421855,-0.00419760262594,0.00587955722585,-0.00424207234755,0.00184676446952,-0.0039074011147,0.00338860368356,-0.00194524449762,0.000245012168307,0.00177460035775,-0.00150315964129,0.00342604937032,-0.000718636962119],[-0.00200157356448,0.00651285517961,-0.00424207234755,0.0109784267843,-0.00595724815503,0.00138587027323,-0.0049634706229,0.00400890503079,-0.0017299951287,0.00000691042396284,0.00227170949802,-0.00350875547156,0.00219239550643],[0.00170018745121,-0.00627253483981,0.00184676446952,-0.00595724815503,0.00925773754716,-0.00163157191128,0.00336193433031,-0.00369569379836,-0.000119398733659,-0.000137360999361,0.00023514937493,0.0035691105295,-0.00357109843753],[-0.00118665688206,0.00489184539765,-0.0039074011147,0.00138587027323,-0.00163157191128,0.00973705854267,-0.00386669277214,0.00251555908471,-0.00205250526778,-0.000168413025676,-0.000887151807547,-0.000333184754709,0.00147141865455],[0.00167089374736,-0.00611504400149,0.00338860368356,-0.0049634706229,0.00336193433031,-0.00386669277214,0.0129321906716,-0.00492588244379,-0.000558634288609,0.00091850530589,-0.00380559195764,0.00280974735506,-0.00155888602603],[-0.00101815315429,0.00408430024981,-0.00194524449762,0.00400890503079,-0.00369569379836,0.00251555908471,-0.00492588244379,0.0129714738578,-0.00154915114399,0.00369601673447,-0.000840959022753,-0.000356067845132,-0.000210283062188],[0.000199540343601,-0.00116242317017,0.000245012168307,-0.0017299951287,-0.000119398733659,-0.00205250526778,-0.000558634288609,-0.00154915114399,0.0129450149834,-0.00644231028855,0.00315009104088,-0.00278840004466,0.00138770032208],[0.000269711541478,0.000699855212588,0.00177460035775,0.00000691042396284,-0.000137360999361,-0.000168413025676,0.00091850530589,0.00369601673447,-0.00644231028855,0.0175446067005,-0.00545763783157,0.00634663598612,-0.00343762733974],[-0.000419521064032,0.00049722782569,-0.00150315964129,0.00227170949802,0.00023514937493,-0.000887151807547,-0.00380559195764,-0.000840959022753,0.00315009104088,-0.00545763783157,0.014826560393,-0.0112228719518,0.00326106580906],[0.00107249733992,-0.00179972348269,0.00342604937032,-0.00350875547156,0.0035691105295,-0.000333184754709,0.00280974735506,-0.000356067845132,-0.00278840004466,0.00634663598612,-0.0112228719518,0.0243594013155,-0.00718958722427],[-0.000569827156141,0.00149738497566,-0.000718636962119,0.00219239550643,-0.00357109843753,0.00147141865455,-0.00155888602603,-0.000210283062188,0.00138770032208,-0.00343762733974,0.00326106580906,-0.00718958722427,0.0208025407046]],"mean":[-137.788223267,175.082382202,-104.393730164,7.93292236328,-46.3330078125,-24.5840530396,-27.488615036,-4.95969867706,-19.4813098907,-11.1363382339,-10.8917713165,-6.21612453461,-3.8139564991]},"hfc":{"dmean":2.83345937729,"dmean2":4.12059783936,"dvar":13.2621803284,"dvar2":28.2754058838,"max":68.4983901978,"mean":8.93210315704,"median":7.19723129272,"min":1.03011018525e-16,"var":61.9151000977},"melbands":{"dmean":[0.000211469858186,0.000922106264625,0.000496423686855,0.000876999460161,0.00058679265203,0.000469468097435,0.000344065978425,0.000220733607421,0.000126779646962,0.000137450260809,0.0000533063866897,0.000040492057451,0.0000165927376656,0.0000153484488692,0.0000095756868177,0.00000559255477128,0.00000360425224244,0.00000313732425639,0.0000034694974147,0.00000190850619219,0.00000208449978345,0.00000292409185931,0.00000147271339301,0.00000102393198631,5.10029394718e-7,3.78944832846e-7,3.14391684242e-7,1.87322598322e-7,1.52379001861e-7,1.24128092693e-7,7.45690513781e-8,4.87667435323e-8,3.86291887366e-8,2.70437272576e-8,1.68080553919e-8,1.48815946233e-8,1.08734532489e-8,8.02164912272e-9,6.80742351378e-9,4.33031210889e-9],"dmean2":[0.000316839868901,0.00143975333776,0.000804704031907,0.00134729419369,0.000934241572395,0.000717607385013,0.000511106976774,0.000317341909977,0.000200948765269,0.000213383013033,0.0000818807748146,0.0000637851189822,0.0000258792842942,0.0000248282303801,0.0000156506303028,0.00000900115901459,0.00000574721252633,0.00000499342786497,0.00000526362373421,0.00000294207848128,0.00000330338139065,0.00000445763907919,0.00000227596865443,0.00000162053913755,7.70546137119e-7,5.90222555275e-7,4.94113351124e-7,2.92682784675e-7,2.32762474184e-7,1.85488687521e-7,1.09538873971e-7,7.28949203221e-8,5.70748568407e-8,4.04255509068e-8,2.56783181385e-8,2.2579806469e-8,1.65407350039e-8,1.2355995338e-8,1.0553107721e-8,6.68899291512e-9],"dvar":[2.45390168629e-7,0.00000468677671961,9.81005996437e-7,0.00000342963608091,8.22778588372e-7,7.01718477103e-7,6.08941320479e-7,3.1986274962e-7,6.77830627183e-8,7.8113885138e-8,1.24162502502e-8,9.00467611586e-9,1.25108978732e-9,1.26762988994e-9,8.7996671061e-10,3.84126730424e-10,4.74499224634e-11,5.47275315343e-11,5.4874348121e-11,1.69460313837e-11,1.71067639221e-11,8.48953893295e-11,1.30313477023e-11,7.60272053646e-12,1.68349936856e-12,1.41274654735e-12,3.73053503236e-13,2.65728709653e-13,1.50465794338e-13,9.38105658693e-14,3.70740967765e-14,1.74722398821e-14,1.13777006073e-14,6.01542936217e-15,2.64264962181e-15,1.88503921335e-15,9.6322755053e-16,5.75795739247e-16,4.32678987836e-16,1.92871374088e-16],"dvar2":[5.21496701822e-7,0.0000106729185063,0.00000253216967394,0.00000778929370426,0.00000208795199796,0.00000166568736404,0.0000013513193835,6.01180943249e-7,1.76250225081e-7,1.81638370123e-7,2.74549254442e-8,2.25440555113e-8,2.98100122365e-9,3.36126082523e-9,2.42172837339e-9,1.09516806734e-9,1.19646195729e-10,1.41633746398e-10,1.32578184542e-10,3.66405204788e-11,3.81363725321e-11,1.60849972231e-10,2.98028476897e-11,1.99372827275e-11,3.71876444569e-12,3.30833581016e-12,8.91201771668e-13,5.83827148952e-13,3.29464049358e-13,2.02142651034e-13,7.2601735008e-14,3.79824481329e-14,2.33124422679e-14,1.27723581426e-14,6.30546699584e-15,4.10968908711e-15,2.03798477626e-15,1.27933495249e-15,1.00139623156e-15,4.55771541198e-16],"max":[0.00885973032564,0.0360205695033,0.0138025321066,0.0341834612191,0.0156032880768,0.017986394465,0.0190798733383,0.0131810745224,0.00430533848703,0.00737873790786,0.00277072726749,0.0024804873392,0.000930022564717,0.000687746796757,0.000640310172457,0.000748084508814,0.000129172331071,0.000168222133652,0.000178143964149,0.000128163112095,0.000126327315229,0.000304607208818,0.000091645597422,0.0000616010293015,0.0000324944667227,0.0000377106116503,0.0000187958703464,0.0000194636413653,0.0000092929794846,0.0000054419206208,0.00000712135306458,0.0000037478705508,0.00000419293428422,0.00000265442577074,0.00000135018717629,5.35293565918e-7,4.00872750106e-7,4.46960314093e-7,2.79058383512e-7,3.34663781132e-7],"mean":[0.000424451107392,0.00169123802334,0.00102170801256,0.00142549409065,0.00115454534534,0.000885385496076,0.000692470872309,0.000423715187935,0.000187269717571,0.0002262989874,0.0000867200942594,0.0000595589517616,0.0000265827366093,0.0000243314425461,0.0000147691962411,0.00000881667801877,0.00000520271396454,0.00000417540468334,0.00000496361280966,0.00000292593381346,0.00000305658204525,0.00000511476855536,0.00000264260052063,0.00000172351224137,8.75046623605e-7,6.98854876191e-7,6.61313606543e-7,3.36983987381e-7,2.48029579097e-7,2.0122242006e-7,1.18591010789e-7,7.85413405424e-8,6.38506918449e-8,4.0178402827e-8,2.08091339715e-8,1.7939695951e-8,1.3723056469e-8,9.17590625704e-9,7.06729208488e-9,4.58368276668e-9],"median":[0.0000908054353204,0.000707101949956,0.00055051362142,0.000634963449556,0.000714952358976,0.000384864688385,0.000171052117366,0.0000725578720449,0.000058223355154,0.0000582105349167,0.0000275566490018,0.0000176901321538,0.0000101895639091,0.00000659664829072,0.00000346783599525,0.00000283964345726,0.00000236032065004,0.00000131438719109,0.00000153161499838,9.91739170786e-7,0.00000127329690258,0.00000179388007382,0.00000112985742362,6.97240693626e-7,2.5927224101e-7,2.59452150431e-7,3.1746122886e-7,1.46457495021e-7,9.46760820852e-8,6.64406627493e-8,2.34354828876e-8,8.47689207717e-9,5.45693445986e-9,5.92251270248e-9,3.51813889132e-9,2.71061728618e-9,2.07681805087e-9,1.29648225489e-9,9.32258381603e-10,6.63391452882e-10],"min":[7.12386756917e-25,8.67811090692e-25,9.59842759338e-25,5.41580818781e-25,1.63053476615e-24,1.5080937915e-24,2.19569749701e-24,2.40653102633e-24,1.51023830987e-24,1.99648526932e-24,2.75565581665e-24,8.32985741347e-25,1.67573738349e-24,1.32694046348e-24,2.68098677931e-24,2.13041551001e-24,2.26224166145e-24,2.91227310533e-24,3.05042631566e-24,3.03722926436e-24,3.35587739968e-24,2.92303080149e-24,3.48342082527e-24,3.90809304954e-24,4.2305016848e-24,4.85057514972e-24,4.36404676415e-24,2.96264562122e-24,4.11407804253e-24,5.32231909864e-24,4.60025459614e-24,4.67857665112e-24,5.40061078247e-24,4.42102500404e-24,6.1312383701e-24,5.42415985821e-24,5.27870968451e-24,6.4257678721e-24,6.03591084059e-24,5.43592729634e-24],"var":[6.66260689286e-7,0.00000835802256915,0.00000177015363079,0.00000628136967862,0.00000186866816421,0.00000203598688131,0.00000169541897321,0.00000101468174307,1.19472119309e-7,1.83261434472e-7,2.79151439742e-8,1.42828655569e-8,2.25559459999e-9,2.54440957193e-9,1.58647062154e-9,7.01909252943e-10,6.59756346777e-11,6.52713091909e-11,8.30348914627e-11,3.037516072e-11,3.21030285688e-11,2.05123473762e-10,2.6070026346e-11,1.19067047888e-11,4.24197656168e-12,3.01248500971e-12,1.40114677673e-12,4.5534301156e-13,2.38847000988e-13,1.60332549104e-13,8.51720495347e-14,4.04413034636e-14,3.77941256036e-14,1.15933916181e-14,2.96284544005e-15,2.33942940263e-15,1.26434988086e-15,6.66688303718e-16,4.64192954518e-16,1.99791474449e-16]},"melbands_crest":{"dmean":3.11334252357,"dmean2":5.10310125351,"dvar":7.81553173065,"dvar2":20.9084835052,"max":36.0639801025,"mean":14.2394142151,"median":13.748459816,"min":1.50632321835,"var":22.9885673523},"melbands_flatness_db":{"dmean":0.0263619124889,"dmean2":0.0380539372563,"dvar":0.000702736491803,"dvar2":0.00139378849417,"max":0.572949290276,"mean":0.344549924135,"median":0.347922623158,"min":0.00299331173301,"var":0.00651241280138},"melbands_kurtosis":{"dmean":4.85664701462,"dmean2":7.67878484726,"dvar":38.8770599365,"dvar2":92.1972198486,"max":170.051803589,"mean":10.9889650345,"median":7.75616645813,"min":-1.55505001545,"var":135.669692993},"melbands_skewness":{"dmean":0.585368692875,"dmean2":0.891419768333,"dvar":0.276842921972,"dvar2":0.657520353794,"max":9.87823295593,"mean":1.98748099804,"median":1.85526132584,"min":-1.11299574375,"var":1.39148342609},"melbands_spread":{"dmean":2.17377710342,"dmean2":3.48783898354,"dvar":14.7378110886,"dvar2":37.062713623,"max":180.017822266,"mean":9.62644290924,"median":6.54134511948,"min":0.740998864174,"var":362.577514648},"mfcc":{"cov":[[10404.5527344,2998.52563477,-656.425048828,728.404602051,-351.533508301,142.047531128,-196.41583252,67.8948898315,-14.6807107925,-2.94424295425,-41.0070152283,116.646713257,71.3516159058],[2998.52563477,2278.05712891,-182.095901489,395.604492188,89.2407989502,-132.783203125,75.3714523315,10.9234714508,80.1162643433,8.381524086,-89.2364730835,21.6273536682,-51.4103927612],[-656.425048828,-182.095901489,431.784606934,-37.6663246155,67.0492172241,100.709472656,14.0089216232,35.9912338257,-25.3462429047,23.3592433929,33.3484611511,-32.1327896118,-12.4543848038],[728.404602051,395.604492188,-37.6663246155,272.350952148,88.4784927368,29.6583213806,25.1472167969,18.3430957794,61.4185905457,12.6994638443,-1.23888242245,-9.45573806763,-31.4891414642],[-351.533508301,89.2407989502,67.0492172241,88.4784927368,259.87612915,48.2889480591,16.2351932526,-0.631074130535,77.4535369873,39.1436462402,2.65124535561,-35.7354698181,-59.5105171204],[142.047531128,-132.783203125,100.709472656,29.6583213806,48.2889480591,228.008758545,-29.1909217834,-5.24798107147,28.3137931824,37.5453147888,46.5315437317,-20.1954650879,6.87355804443],[-196.41583252,75.3714523315,14.0089216232,25.1472167969,16.2351932526,-29.1909217834,143.514816284,44.5664978027,-3.03981518745,11.4046821594,-25.6340694427,16.7321453094,12.2490653992],[67.8948898315,10.9234714508,35.9912338257,18.3430957794,-0.631074130535,-5.24798107147,44.5664978027,123.945869446,-6.06361865997,-11.1711492538,19.3382511139,7.48564100266,0.546907126904],[-14.6807107925,80.1162643433,-25.3462429047,61.4185905457,77.4535369873,28.3137931824,-3.03981518745,-6.06361865997,132.20161438,39.4006729126,0.531347930431,-11.090007782,-40.7723693848],[-2.94424295425,8.381524086,23.3592433929,12.6994638443,39.1436462402,37.5453147888,11.4046821594,-11.1711492538,39.4006729126,93.790725708,21.156211853,-29.2241954803,-0.704660177231],[-41.0070152283,-89.2364730835,33.3484611511,-1.23888242245,2.65124535561,46.5315437317,-25.6340694427,19.3382511139,0.531347930431,21.156211853,85.1210632324,0.824982583523,-7.95295763016],[116.646713257,21.6273536682,-32.1327896118,-9.45573806763,-35.7354698181,-20.1954650879,16.7321453094,7.48564100266,-11.090007782,-29.2241954803,0.824982583523,108.498657227,50.8617515564],[71.3516159058,-51.4103927612,-12.4543848038,-31.4891414642,-59.5105171204,6.87355804443,12.2490653992,0.546907126904,-40.7723693848,-0.704660177231,-7.95295763016,50.8617515564,109.53263855]],"icov":[[0.000322329666233,-0.000383364153095,0.000366603606381,-0.000508706492838,0.000635471078567,-0.000679932767525,0.000861601147335,-0.000596916419454,0.00057404441759,-0.000649605353829,0.000536014093086,-0.000457535265014,0.000260965229245],[-0.000383364153095,0.00112495629583,-0.000370693713194,-0.000410195585573,-0.000698217190802,0.00118040828966,-0.000950489018578,0.000661402591504,-0.000522972317412,0.000321630621329,-0.00000475802153233,0.000168047146872,-0.00000374830869987],[0.000366603606381,-0.000370693713194,0.00352145219222,0.0000942012411542,-0.00023026263807,-0.002124479739,0.000601504638325,-0.00158501556143,0.00202449481003,-0.00118970090989,0.000485030381242,-0.000243020898779,0.000857554899994],[-0.000508706492838,-0.000410195585573,0.0000942012411542,0.00702250562608,-0.00229743635282,-0.000255465420196,-0.00227701920085,0.000322913227137,-0.002372010611,0.002240706468,-0.00175478169695,0.00137670349795,-0.000445959420176],[0.000635471078567,-0.000698217190802,-0.00023026263807,-0.00229743635282,0.0071266265586,-0.00181653921027,0.0010844784556,-0.000790827791207,-0.000859840482008,-0.00230706809089,0.0017419931246,-0.00087533419719,0.00263835513033],[-0.000679932767525,0.00118040828966,-0.002124479739,-0.000255465420196,-0.00181653921027,0.00802203733474,-0.000907346897293,0.00202027661726,-0.00267905765213,0.000979299540631,-0.00384944025427,0.0021609722171,-0.00299093057401],[0.000861601147335,-0.000950489018578,0.000601504638325,-0.00227701920085,0.0010844784556,-0.000907346897293,0.0125854229555,-0.00593601400033,0.00323549169116,-0.00609720172361,0.00639355462044,-0.00400621537119,0.00116442644503],[-0.000596916419454,0.000661402591504,-0.00158501556143,0.000322913227137,-0.000790827791207,0.00202027661726,-0.00593601400033,0.0121033731848,-0.00219874852337,0.00487286644056,-0.00594795541838,0.00212209648453,-0.00154554774053],[0.00057404441759,-0.000522972317412,0.00202449481003,-0.002372010611,-0.000859840482008,-0.00267905765213,0.00323549169116,-0.00219874852337,0.014237887226,-0.00772709166631,0.00430802395567,-0.00474098138511,0.0060434541665],[-0.000649605353829,0.000321630621329,-0.00118970090989,0.002240706468,-0.00230706809089,0.000979299540631,-0.00609720172361,0.00487286644056,-0.00772709166631,0.0202683806419,-0.00859723612666,0.00846060737967,-0.00687323790044],[0.000536014093086,-0.00000475802153233,0.000485030381242,-0.00175478169695,0.0017419931246,-0.00384944025427,0.00639355462044,-0.00594795541838,0.00430802395567,-0.00859723612666,0.0197846014053,-0.0058649526909,0.00541022606194],[-0.000457535265014,0.000168047146872,-0.000243020898779,0.00137670349795,-0.00087533419719,0.0021609722171,-0.00400621537119,0.00212209648453,-0.00474098138511,0.00846060737967,-0.0058649526909,0.0164649747312,-0.00921044126153],[0.000260965229245,-0.00000374830869987,0.000857554899994,-0.000445959420176,0.00263835513033,-0.00299093057401,0.00116442644503,-0.00154554774053,0.0060434541665,-0.00687323790044,0.00541022606194,-0.00921044126153,0.0173009969294]],"mean":[-770.593688965,204.766494751,-1.08276045322,31.9918308258,-3.19646930695,-11.6053476334,-5.3324546814,-3.23832321167,-4.05512428284,-5.83966588974,-9.10706233978,-0.715572297573,-6.03912591934]},"pitch_salience":{"dmean":0.0692881643772,"dmean2":0.111110180616,"dvar":0.00380918150768,"dvar2":0.00965431798249,"max":0.995603561401,"mean":0.557275772095,"median":0.555177509785,"min":0.105863295496,"var":0.0124719562009},"silence_rate_20dB":{"dmean":0,"dmean2":0,"dvar":0,"dvar2":0,"max":1,"mean":1,"median":1,"min":1,"var":0},"silence_rate_30dB":{"dmean":0.00764940259978,"dmean2":0.0153012434021,"dvar":0.0075907157734,"dvar2":0.0179365687072,"max":1,"mean":0.991395771503,"median":1,"min":0,"var":0.00853012967855},"silence_rate_60dB":{"dmean":0.00956175290048,"dmean2":0.0191265549511,"dvar":0.00947045069188,"dvar2":0.0216300804168,"max":1,"mean":0.114882089198,"median":0,"min":0,"var":0.101686038077},"spectral_centroid":{"dmean":74.7219085693,"dmean2":117.606132507,"dvar":27571.8789063,"dvar2":58620.9453125,"max":11756.6015625,"mean":697.858642578,"median":452.527679443,"min":165.318115234,"var":2393943},"spectral_complexity":{"dmean":1.91458165646,"dmean2":2.902135849,"dvar":4.26141786575,"dvar2":8.64720344543,"max":32,"mean":9.64340305328,"median":10,"min":0,"var":23.1498298645},"spectral_contrast_coeffs":{"dmean":[0.0472974441946,0.0512845739722,0.0425948761404,0.0285113751888,0.0235279370099,0.0156496539712],"dmean2":[0.0777018591762,0.0810636952519,0.0672487542033,0.0464424975216,0.0355351604521,0.0243310537189],"dvar":[0.001671675127,0.00189500593115,0.00124925829004,0.000620510312729,0.000475586770335,0.000248995638685],"dvar2":[0.0044346624054,0.00448613241315,0.00299207400531,0.00155954773072,0.00104453181848,0.00056280818535],"max":[-0.294791340828,-0.339374870062,-0.450868219137,-0.566219031811,-0.612673401833,-0.605264127254],"mean":[-0.572667956352,-0.680358707905,-0.719784915447,-0.799362003803,-0.781863152981,-0.78177022934],"median":[-0.564577639103,-0.680110573769,-0.72194981575,-0.801185786724,-0.778575897217,-0.780669033527],"min":[-0.979914009571,-0.990013003349,-0.989899396896,-0.988404273987,-0.966718733311,-0.965921103954],"var":[0.00938113406301,0.0100465901196,0.00715968431905,0.00308948638849,0.00330438674428,0.00268372287974]},"spectral_contrast_valleys":{"dmean":[0.426994025707,0.388231009245,0.379891812801,0.393860220909,0.347605198622,0.274896025658],"dmean2":[0.683958649635,0.586507320404,0.568030655384,0.556126773357,0.474339127541,0.380846053362],"dvar":[0.17101791501,0.168674573302,0.157998889685,0.200434222817,0.164410546422,0.161667406559],"dvar2":[0.385827243328,0.328947037458,0.303305476904,0.355071306229,0.2870413661,0.295667260885],"max":[-5.28811407089,-4.68825101852,-5.92684030533,-6.27737379074,-6.9059343338,-9.60903930664],"mean":[-8.13217830658,-7.31355190277,-8.58285808563,-9.30126953125,-9.68857765198,-12.843791008],"median":[-7.46431732178,-6.64819335938,-7.97764968872,-8.84150886536,-9.21575927734,-12.612411499],"min":[-28.3719367981,-28.1235294342,-28.0333423615,-27.7441749573,-27.5266208649,-27.4735794067],"var":[9.99221897125,10.3828477859,9.14478492737,8.6427936554,8.13857841492,5.49386787415]},"spectral_decrease":{"dmean":2.30817631675e-9,"dmean2":3.38715944181e-9,"dvar":1.01253673314e-17,"dvar2":2.11444933885e-17,"max":9.1988750009e-19,"mean":-6.75584965748e-9,"median":-5.28683496981e-9,"min":-5.16660243477e-8,"var":3.60487891754e-17},"spectral_energy":{"dmean":0.00895049888641,"dmean2":0.0131282219663,"dvar":0.000151085929247,"dvar2":0.000315486133331,"max":0.200501680374,"mean":0.0263081323355,"median":0.0205713957548,"min":1.00699368341e-20,"var":0.000543254427612},"spectral_energyband_high":{"dmean":0.0000113563746709,"dmean2":0.0000164068023878,"dvar":7.36887606489e-10,"dvar2":1.43303990896e-9,"max":0.000555552018341,"mean":0.0000201491020562,"median":0.00000730150259187,"min":6.87058640167e-21,"var":1.50932599752e-9},"spectral_energyband_low":{"dmean":0.00339936558157,"dmean2":0.00524557428434,"dvar":0.0000539626307727,"dvar2":0.000121596865938,"max":0.117087207735,"mean":0.00710256397724,"median":0.0033844592981,"min":8.63398005573e-24,"var":0.000108278654807},"spectral_energyband_middle_high":{"dmean":0.000529101525899,"dmean2":0.000808569078799,"dvar":7.11575182777e-7,"dvar2":0.00000175123079771,"max":0.021362580359,"mean":0.0011726616649,"median":0.000734016532078,"min":1.15182911106e-21,"var":0.00000192108245756},"spectral_energyband_middle_low":{"dmean":0.00721717625856,"dmean2":0.0109369624406,"dvar":0.000102141370007,"dvar2":0.000229759913054,"max":0.173047572374,"mean":0.0189737603068,"median":0.0141114303842,"min":1.13260836996e-22,"var":0.000332714465912},"spectral_entropy":{"dmean":0.23488932848,"dmean2":0.339991301298,"dvar":0.0557513609529,"dvar2":0.111227437854,"max":9.82589149475,"mean":6.38776063919,"median":6.32940292358,"min":4.76141691208,"var":0.529166519642},"spectral_flux":{"dmean":0.0229819156229,"dmean2":0.0358136929572,"dvar":0.000711657688953,"dvar2":0.00159559317399,"max":0.302636116743,"mean":0.0646117255092,"median":0.0563919171691,"min":6.33750066314e-11,"var":0.00194182991982},"spectral_kurtosis":{"dmean":8.30163574219,"dmean2":14.1741437912,"dvar":64.9280548096,"dvar2":175.758453369,"max":102.983680725,"mean":20.0190353394,"median":17.2893562317,"min":-1.2855066061,"var":179.940155029},"spectral_rms":{"dmean":0.000784369534813,"dmean2":0.00113350665197,"dvar":7.7272039789e-7,"dvar2":0.00000157558031333,"max":0.0139861144125,"mean":0.0045251683332,"median":0.00447991676629,"min":3.13437839052e-12,"var":0.00000518945307704},"spectral_rolloff":{"dmean":123.102966309,"dmean2":218.265686035,"dvar":278483.75,"dvar2":629845.0625,"max":20348.8769531,"mean":942.172302246,"median":473.73046875,"min":21.533203125,"var":7718836.5},"spectral_skewness":{"dmean":0.621740877628,"dmean2":1.03748703003,"dvar":0.322912871838,"dvar2":0.847146034241,"max":8.67542934418,"mean":3.08215594292,"median":2.97156453133,"min":-0.0759291052818,"var":1.22344303131},"spectral_spread":{"dmean":361107.84375,"dmean2":577872.4375,"dvar":349993795584,"dvar2":703987580928,"max":42889228,"mean":3068184,"median":2060549.25,"min":828257.6875,"var":31868651044900},"spectral_strongpeak":{"dmean":0.410031199455,"dmean2":0.669153034687,"dvar":0.273158431053,"dvar2":0.624705076218,"max":6.25134181976,"mean":0.931863427162,"median":0.65351074934,"min":0,"var":0.685361087322},"zerocrossingrate":{"dmean":0.00331377610564,"dmean2":0.0043916516006,"dvar":0.0000719160452718,"dvar2":0.000137530238135,"max":0.5283203125,"mean":0.0324245654047,"median":0.02099609375,"min":0.00341796875,"var":0.00527678802609}},"metadata":{"audio_properties":{"analysis_sample_rate":44100,"bit_rate":0,"codec":"flac","downmix":"mix","equal_loudness":0,"length":145.693328857,"lossless":true,"md5_encoded":"8345d437498c895df22e3378ccb25511","replay_gain":-9.16899108887,"sample_rate":44100},"tags":{"acoustid_id":["b8213254-ac0c-44be-ab2f-7f9ecfcaf9c0"],"album":["Friends"],"albumartist":["The Beach Boys"],"albumartistsort":["Beach Boys, The"],"artist":["The Beach Boys"],"artistsort":["Beach Boys, The"],"asin":["B00005J4XC"],"catalognumber":["CP21-6014"],"composer":["Brian Wilson"],"date":["1989"],"discnumber":["1"],"disctotal":["1"],"file_name":"06 - Passing By.flac","genre":["Pop"],"label":["Capitol Records"],"media":["CD"],"musicbrainz_albumartistid":["ebfc1398-8d96-47e3-82c3-f782abcdb13d"],"musicbrainz_albumid":["932ec9d5-2ee2-3312-88e8-9f53534cc88a"],"musicbrainz_artistid":["ebfc1398-8d96-47e3-82c3-f782abcdb13d"],"musicbrainz_recordingid":["d1e02a48-a627-488b-ad6a-7b7479882472"],"musicbrainz_releasegroupid":["320eeca0-a5ff-383f-a66e-b2f559ed0ab6"],"musicbrainz_workid":["fa20c74b-b1de-3290-85aa-9e195a2e99ee"],"originaldate":["1968-06-10"],"performer":["Brian Wilson (lead vocals vocal)","Carl Wilson (lead vocals vocal)","Al Jardine (lead vocals vocal)"],"releasecountry":["JP"],"releasestatus":["official"],"releasetype":["album"],"script":["Latn"],"title":["Passing By"],"tracknumber":["6"],"tracktotal":["12"]},"version":{"essentia":"2.1-beta2","essentia_build_sha":"2d9f1f26377add8aeb1075a9c2973f962c4f09fd","essentia_git_sha":"v2.1_beta2-1-ge3940c0","extractor":"music 1.0"}},"rhythm":{"beats_count":278,"beats_loudness":{"dmean":0.0240127854049,"dmean2":0.0404082499444,"dvar":0.000499557878356,"dvar2":0.00