{"lowlevel":{"average_loudness":0.676816642284,"barkbands":{"dmean":[0.000726494763512,0.00162582017947,0.00168647535611,0.000733928696718,0.00175502209459,0.00113916175906,0.000967248575762,0.000867036695126,0.000634480209555,0.000280858832411,0.00029063000693,0.000235289073316,0.000205638774787,0.000133407273097,0.000114997674245,0.0000847552219057,0.0000920756647247,0.000112164911116,0.000130787972012,0.000133210152853,0.000135018475703,0.0000355821393896,0.00000719775289326,0.00000155041936978,0.00000161610410032,0.00000320468507198,0.000319901067996],"dmean2":[0.00131935870741,0.00262280390598,0.00257801869884,0.00115478574298,0.00268234568648,0.0017133919755,0.00152306584641,0.0014250583481,0.0010366581846,0.000460441864561,0.000491011654958,0.000384506914997,0.000344352360116,0.000221193942707,0.000187460740563,0.000139827927342,0.000148209830513,0.000168504775502,0.000194643856958,0.000190985883819,0.000192189138033,0.0000495734893775,0.0000100963743535,0.00000257581859842,0.00000266616984845,0.00000490947104481,0.000473505759146],"dvar":[6.96785093623e-7,0.00000469421729576,0.0000183455395018,0.00000412011195294,0.000016012299966,0.0000101092400655,0.00000454072778666,0.00000745924535295,0.0000028091758395,3.95627552052e-7,3.29995486936e-7,1.91289231566e-7,2.35660166936e-7,1.20057933373e-7,1.09865247566e-7,4.56285285111e-8,6.032547617e-8,1.40943441806e-7,3.25428629822e-7,3.94534197312e-7,6.65386551191e-7,4.74310439813e-8,1.9270487428e-9,1.09995918623e-11,1.07773096003e-11,1.04766167963e-10,4.99005636811e-7],"dvar2":[0.00000214719693759,0.0000119551568787,0.000037484573113,0.00000750469325794,0.0000351657836291,0.0000226621923503,0.0000115419006761,0.0000189785223483,0.00000702578108758,9.74195245362e-7,8.5682830786e-7,4.99753241456e-7,6.36510151253e-7,3.18525962939e-7,3.00222922078e-7,1.21198354464e-7,1.44289344917e-7,2.82592367284e-7,7.13908832495e-7,7.84883070537e-7,0.00000125613235014,8.91722820029e-8,2.7515163481e-9,2.79938849879e-11,2.70925330781e-11,1.69080000001e-10,0.00000112203872504],"max":[0.00931642949581,0.0307813044637,0.113424777985,0.104824542999,0.108900919557,0.140176862478,0.052305907011,0.0713590085506,0.0631650611758,0.0168202612549,0.0101174199954,0.0104295928031,0.0132070360705,0.0117815164849,0.00854654796422,0.00523227499798,0.00701045244932,0.0188424382359,0.0247238427401,0.0271893944591,0.0258188676089,0.0097526749596,0.0035306327045,0.0000458391732536,0.0000459277653135,0.000788224569988,0.0108306221664],"mean":[0.000805728195701,0.0026381702628,0.00277571659535,0.0011382898083,0.00310911657289,0.00198244000785,0.00184030889068,0.00127598817926,0.00101221527439,0.000436125701526,0.000447808444733,0.000389980938053,0.000325545435771,0.000221325273742,0.000188145553693,0.0001442523062,0.000140835443744,0.000177731621079,0.000191487910342,0.00020321541524,0.000198351612198,0.0000539394786756,0.0000109264601633,0.00000156456871991,0.00000167972791587,0.00000453400980405,0.000697854848113],"median":[0.000567270559259,0.00157984811813,0.000702084158547,0.000398098636651,0.00137175910641,0.000646296713967,0.000660820922349,0.000273722922429,0.000408502848586,0.000168820872204,0.000218116532778,0.000229479424888,0.000133835681481,0.0000603121879976,0.0000523907256138,0.0000342060084222,0.0000259006628767,0.000033690193959,0.00001986537427,0.0000148364688357,0.0000105479502963,0.00000338299491887,0.0000013155263332,4.45530758952e-7,5.12954329679e-7,0.00000128873659833,0.00017203882453],"min":[5.14035422996e-25,4.50249579732e-24,1.03495927802e-24,7.82346245347e-25,1.07928478064e-23,6.01451890499e-24,1.08613958748e-23,7.00333041171e-24,1.31272639298e-23,1.82386613439e-23,8.78805800115e-24,2.14661910743e-23,2.7533804657e-23,3.05895962129e-23,3.49868268054e-23,4.66897297957e-23,5.34072906113e-23,1.01539575635e-22,1.37378258622e-22,1.85527513621e-22,2.28755223204e-22,3.2955783867e-22,4.50620674101e-22,6.08191512599e-22,8.75807765799e-22,1.34232834165e-21,1.9886457921e-21],"var":[6.67039955715e-7,0.00000959799308475,0.000050184858992,0.00000990881926555,0.0000337380297424,0.0000260521246673,0.0000133245475809,0.0000123916124721,0.00000583321434533,7.79076401614e-7,5.41348356364e-7,2.92237700705e-7,3.86989938761e-7,2.48968206051e-7,1.94532702835e-7,9.39735897987e-8,1.06681817158e-7,2.80264401908e-7,5.79865684358e-7,9.42397036852e-7,0.00000135962943659,1.06419435042e-7,6.41838404647e-9,1.12884051065e-11,1.15607974582e-11,2.97071978128e-10,0.0000016328339143]},"barkbands_crest":{"dmean":2.59340500832,"dmean2":4.28531074524,"dvar":5.63887691498,"dvar2":14.0909643173,"max":26.1568088531,"mean":9.49481296539,"median":8.35357475281,"min":2.62864637375,"var":19.3927326202},"barkbands_flatness_db":{"dmean":0.0261202976108,"dmean2":0.0403555743396,"dvar":0.000532946316525,"dvar2":0.00122121861205,"max":0.430877327919,"mean":0.157197788358,"median":0.151838630438,"min":0.0395949333906,"var":0.00278379349038},"barkbands_kurtosis":{"dmean":5.20436286926,"dmean2":8.09282970428,"dvar":129.837585449,"dvar2":302.155944824,"max":372.246917725,"mean":11.336230278,"median":7.31848907471,"min":-1.6969666481,"var":377.54385376},"barkbands_skewness":{"dmean":0.601232290268,"dmean2":0.928689658642,"dvar":0.451548784971,"dvar2":0.979973018169,"max":15.0516719818,"mean":2.26555871964,"median":2.13570833206,"min":-2.42496991158,"var":2.4625852108},"barkbands_spread":{"dmean":6.88765907288,"dmean2":10.451830864,"dvar":72.5143280029,"dvar2":153.096710205,"max":101.111206055,"mean":23.7162837982,"median":17.4253845215,"min":0.290217399597,"var":319.92199707},"dissonance":{"dmean":0.0239075161517,"dmean2":0.0404684841633,"dvar":0.000529675744474,"dvar2":0.00150186149403,"max":0.499999940395,"mean":0.459714829922,"median":0.467084646225,"min":0.224017485976,"var":0.000989999272861},"dynamic_complexity":3.88447356224,"erbbands":{"dmean":[0.0521685108542,0.378845542669,1.61042451859,2.38666343689,2.89862537384,7.41344738007,8.03790473938,10.1790189743,12.7217187881,21.5416202545,12.3777656555,16.175737381,8.46211051941,8.53413677216,12.3384962082,10.0863342285,9.47725486755,7.36858701706,5.46953058243,5.41505479813,4.24145698547,4.96448469162,5.91810750961,5.91051006317,6.8428645134,6.23144674301,6.32537031174,4.05238676071,1.45523154736,0.550794839859,0.156774103642,0.0384698882699,0.0251149591058,0.017665233463,0.0117603652179,0.00728801777586,0.00547792715952,0.015274872072,0.0258606020361,0.00816869176924],"dmean2":[0.0845981761813,0.610650599003,2.46326041222,3.66702651978,4.58767127991,11.4179859161,12.2803182602,15.4353237152,19.1024074554,36.0341758728,20.0350208282,26.699678421,13.9098043442,14.2226171494,20.5806388855,16.4522781372,15.8373565674,12.2181615829,8.82470226288,8.86063861847,6.83936786652,7.79508066177,8.83284091949,8.97010612488,10.0775270462,8.75577926636,9.22511386871,5.61385726929,1.99994623661,0.77267062664,0.214609116316,0.0618960484862,0.0416272319853,0.0291972979903,0.0193550828844,0.011907082051,0.00831281207502,0.0212175305933,0.0369552820921,0.0120302550495],"dvar":[0.00515211885795,0.279817998409,14.6721754074,31.4758701324,35.3434906006,341.667236328,600.690307617,928.752807617,755.153503418,3306.62158203,1926.2980957,1837.6373291,411.547729492,279.440887451,620.633850098,364.697113037,539.578552246,349.183197021,236.840118408,242.982284546,113.076057434,177.348510742,378.187286377,397.58795166,1226.22912598,838.137695312,1340.54943848,608.570556641,82.5281677246,10.7934732437,1.17836856842,0.00903316773474,0.00282812071964,0.00133407430258,0.000553590070922,0.000196444190806,0.000185670593055,0.00259307445958,0.00372667680494,0.000325944711221],"dvar2":[0.0130078867078,0.699125349522,30.4939289093,62.1388931274,75.137512207,755.952331543,1328.68713379,1956.1784668,1744.00256348,8982.56054688,4422.34033203,4674.63330078,1065.57556152,688.001342773,1586.12341309,950.769104004,1448.37561035,931.916748047,621.709472656,676.030517578,282.377990723,404.605895996,782.383789062,864.131103516,2645.02416992,1584.45556641,2482.23876953,1180.85498047,155.301315308,18.7571735382,1.66153466702,0.019711336121,0.0071698804386,0.00336733856238,0.00138629425783,0.00048654639977,0.000315409444738,0.00421089632437,0.0076698330231,0.00074799353024],"max":[1.18097734451,8.94300174713,97.972076416,199.446792603,170.966537476,534.24597168,607.424926758,1761.68652344,721.11706543,1203.61743164,2290.16503906,1639.74365234,380.368530273,530.48651123,463.282012939,386.686035156,717.389587402,612.849060059,390.680358887,408.277496338,249.325927734,430.899291992,926.007629395,597.936340332,1856.13391113,1309.72912598,1127.94482422,926.650756836,395.055541992,166.041107178,89.8520431519,4.76011276245,0.746148526669,0.516142785549,0.337413877249,0.218534886837,0.963529407978,2.01971435547,1.14588367939,0.324372261763],"mean":[0.0797275155783,0.607143878937,2.73932242393,4.09024429321,5.18529224396,12.0427389145,12.6940250397,18.1750450134,25.4954166412,33.6213607788,21.4419841766,24.9742259979,13.8870201111,14.6136703491,19.9492282867,17.4409351349,15.7547702789,13.077372551,9.83549880981,9.52373790741,7.47859382629,7.87602472305,9.42920875549,9.42086219788,10.071349144,9.67393684387,9.65071201324,5.85139608383,2.21448159218,0.894731402397,0.235499665141,0.0440752878785,0.0258371476084,0.0182512924075,0.0123647274449,0.00791158247739,0.00790329650044,0.026226632297,0.0432181842625,0.0233265832067],"median":[0.0449257791042,0.339179456234,0.861804485321,1.40253174305,2.71217751503,4.51466178894,3.83284807205,6.09431838989,8.49109458923,10.1600999832,5.75057315826,10.0784225464,6.20779561996,7.5308303833,10.4016799927,10.4243583679,7.2088432312,4.41871643066,2.80447030067,2.6495757103,1.74389481544,1.5164744854,1.89076948166,1.33719396591,0.883383393288,0.699114561081,0.500792980194,0.310886323452,0.133322805166,0.0719420462847,0.0334413014352,0.0128860473633,0.00768660521135,0.00548467691988,0.00385587126948,0.00265002530068,0.00253614038229,0.00365003477782,0.00650863349438,0.01131744124],"min":[1.12697893232e-22,4.92755489476e-22,1.51046188883e-21,2.36588417618e-21,9.45293522193e-21,3.33754387845e-20,3.44895961396e-20,7.98653673542e-20,1.19595026659e-19,1.66725399818e-19,1.88705902214e-19,3.81172038245e-19,3.72533868657e-19,5.74122643622e-19,8.4467543081e-19,1.4100830029e-18,1.46821808353e-18,1.42226003209e-18,2.2757972039e-18,3.13157841331e-18,2.57021063624e-18,3.60569104347e-18,5.65434775988e-18,7.10747000402e-18,7.64746012534e-18,9.46170295515e-18,8.7051040099e-18,1.10122447416e-17,1.11527289609e-17,1.14740224544e-17,1.26823033732e-17,1.06321130639e-17,1.03088169661e-17,7.95150938464e-18,6.18003799636e-18,4.52017312505e-18,2.35833514658e-18,9.30568779943e-19,2.5137101162e-19,2.82681865757e-20],"var":[0.0101345879957,0.58431494236,40.4864501953,74.5407791138,78.9732894897,673.656677246,1061.8425293,2741.29785156,2602.61962891,5621.74121094,4127.55029297,3467.36645508,681.734069824,630.471618652,1023.53833008,593.432739258,890.897094727,715.377746582,464.740386963,450.862792969,247.141998291,334.42288208,724.85949707,802.399841309,2180.45996094,2123.55883789,2959.57128906,1205.26086426,176.914291382,32.0181655884,3.28777265549,0.0141397900879,0.00296212709509,0.00141072482802,0.000603759894148,0.000225541836699,0.000480650051031,0.00832295883447,0.00872335769236,0.00115998578258]},"erbbands_crest":{"dmean":2.51551938057,"dmean2":4.18570566177,"dvar":5.13353872299,"dvar2":13.5266265869,"max":28.6033496857,"mean":8.63168811798,"median":7.86294555664,"min":2.59454488754,"var":12.021191597},"erbbands_flatness_db":{"dmean":0.0242390129715,"dmean2":0.0380836650729,"dvar":0.000417608243879,"dvar2":0.00102007039823,"max":0.342691928148,"mean":0.166071489453,"median":0.164027750492,"min":0.051764331758,"var":0.00128436170053},"erbbands_kurtosis":{"dmean":1.14097857475,"dmean2":1.84884226322,"dvar":3.16769576073,"dvar2":8.25441741943,"max":50.5150947571,"mean":1.22007203102,"median":0.425107359886,"min":-1.86369633675,"var":7.90170288086},"erbbands_skewness":{"dmean":0.380191326141,"dmean2":0.590358734131,"dvar":0.131447941065,"dvar2":0.277091324329,"max":6.54867124557,"mean":0.453056275845,"median":0.406103551388,"min":-3.93944430351,"var":0.72972291708},"erbbands_spread":{"dmean":5.67092466354,"dmean2":8.86218833923,"dvar":32.1512489319,"dvar2":72.2360305786,"max":86.1154251099,"mean":25.3476676941,"median":23.1671409607,"min":1.91708123684,"var":128.632247925},"gfcc":{"cov":[[20954.2539062,490.609771729,-2122.11962891,20.0340518951,-295.54977417,-952.548400879,281.227416992,-196.874191284,-30.9752616882,24.8182373047,-129.521347046,-118.270339966,-11.3956851959],[490.609771729,1036.69726562,193.034820557,-326.035858154,47.3904953003,34.6525726318,-50.6329650879,-12.5309963226,5.08260154724,-57.8893470764,46.6625900269,-95.8799591064,41.1775817871],[-2122.11962891,193.034820557,686.867126465,-47.2097854614,-143.437271118,307.331573486,-213.405258179,139.617050171,-60.7089614868,12.5038347244,-12.4862527847,-40.0709648132,13.7872781754],[20.0340518951,-326.035858154,-47.2097854614,434.427429199,4.92689418793,-78.8681716919,95.6873550415,-78.2564926147,-27.8150978088,-11.9924249649,-71.2001876831,56.0009651184,-78.6869735718],[-295.54977417,47.3904953003,-143.437271118,4.92689418793,355.859710693,18.3573551178,111.94720459,-52.6063537598,4.17403078079,-57.21616745,46.2539176941,-2.97157216072,9.98721885681],[-952.548400879,34.6525726318,307.331573486,-78.8681716919,18.3573551178,343.442474365,-132.853591919,103.7550354,-72.5886764526,-9.59830570221,23.6683521271,-22.5198249817,14.6096096039],[281.227416992,-50.6329650879,-213.405258179,95.6873550415,111.94720459,-132.853591919,258.575195312,-74.0548782349,55.3317909241,-10.7593383789,-11.7519083023,30.9331302643,-15.7951412201],[-196.874191284,-12.5309963226,139.617050171,-78.2564926147,-52.6063537598,103.7550354,-74.0548782349,158.027542114,7.18692302704,29.5969467163,19.4797668457,-26.1837348938,25.5207099915],[-30.9752616882,5.08260154724,-60.7089614868,-27.8150978088,4.17403078079,-72.5886764526,55.3317909241,7.18692302704,114.280189514,49.5737686157,11.8410949707,11.0337162018,-2.75696134567],[24.8182373047,-57.8893470764,12.5038347244,-11.9924249649,-57.21616745,-9.59830570221,-10.7593383789,29.5969467163,49.5737686157,84.1315231323,19.0485687256,4.47388124466,7.20810842514],[-129.521347046,46.6625900269,-12.4862527847,-71.2001876831,46.2539176941,23.6683521271,-11.7519083023,19.4797668457,11.8410949707,19.0485687256,76.1377792358,18.7145080566,19.0471687317],[-118.270339966,-95.8799591064,-40.0709648132,56.0009651184,-2.97157216072,-22.5198249817,30.9331302643,-26.1837348938,11.0337162018,4.47388124466,18.7145080566,70.6063690186,4.79896688461],[-11.3956851959,41.1775817871,13.7872781754,-78.6869735718,9.98721885681,14.6096096039,-15.7951412201,25.5207099915,-2.75696134567,7.20810842514,19.0471687317,4.79896688461,71.2833709717]],"icov":[[0.000124186452013,-0.000300182262436,0.000723366916645,-0.000216958593228,0.000241665969952,-0.000129813779495,0.000117352523375,-0.000364217703464,0.000378667551558,-0.000389800698031,0.000365548185073,0.0000395786337322,-0.0000832782243378],[-0.000300182262436,0.00273979455233,-0.00292091118172,0.00152176932897,-0.000182859250344,0.000889715971425,-0.000789706187788,0.00257500540465,-0.00202140398324,0.0034229750745,-0.00336743635125,0.00294615258463,-0.000362358841812],[0.000723366916645,-0.00292091118172,0.00821070745587,-0.00285343662836,0.00264399894513,-0.00404172157869,0.00198860839009,-0.00327939051203,0.00126181088854,-0.002466914244,0.00325195444748,0.0000980584663921,-0.00143958302215],[-0.000216958593228,0.00152176932897,-0.00285343662836,0.00712175527588,-0.00288395141251,0.00272370548919,-0.00137922191061,0.0000938390585361,0.00421112822369,-0.00329007906839,0.00574182206765,-0.00658574514091,0.00641089677811],[0.000241665969952,-0.000182859250344,0.00264399894513,-0.00288395141251,0.00766669586301,-0.00364879798144,-0.00193993211724,0.00238525541499,-0.00400245795026,0.00685833813623,-0.00800326280296,0.00744709512219,-0.00437191454694],[-0.000129813779495,0.000889715971425,-0.00404172157869,0.00272370548919,-0.00364879798144,0.0085574304685,0.000632958952338,-0.00280766305514,0.00512757664546,-0.00221025105566,0.00121688679792,-0.00342657603323,0.00348376762122],[0.000117352523375,-0.000789706187788,0.00198860839009,-0.00137922191061,-0.00193993211724,0.000632958952338,0.00771132484078,-0.000398077681893,-0.00238574994728,-0.000341572915204,0.00309814815409,-0.00247505563311,-0.00015781269758],[-0.000364217703464,0.00257500540465,-0.00327939051203,0.0000938390585361,0.00238525541499,-0.00280766305514,-0.000398077681893,0.014198356308,-0.00646551838145,0.00418535945937,-0.0078899320215,0.00876470282674,-0.00489318370819],[0.000378667551558,-0.00202140398324,0.00126181088854,0.00421112822369,-0.00400245795026,0.00512757664546,-0.00238574994728,-0.00646551838145,0.023268211633,-0.0172197241336,0.00940755940974,-0.0101848114282,0.00774176325649],[-0.000389800698031,0.0034229750745,-0.002466914244,-0.00329007906839,0.00685833813623,-0.00221025105566,-0.000341572915204,0.00418535945937,-0.0172197241336,0.0311539061368,-0.0171360503882,0.0122478511184,-0.00733829196543],[0.000365548185073,-0.00336743635125,0.00325195444748,0.00574182206765,-0.00800326280296,0.00121688679792,0.00309814815409,-0.0078899320215,0.00940755940974,-0.0171360503882,0.0351384952664,-0.021021546796,0.00621872395277],[0.0000395786337322,0.00294615258463,0.0000980584663921,-0.00658574514091,0.00744709512219,-0.00342657603323,-0.00247505563311,0.00876470282674,-0.0101848114282,0.0122478511184,-0.021021546796,0.0342218242586,-0.0113309770823],[-0.0000832782243378,-0.000362358841812,-0.00143958302215,0.00641089677811,-0.00437191454694,0.00348376762122,-0.00015781269758,-0.00489318370819,0.00774176325649,-0.00733829196543,0.00621872395277,-0.0113309770823,0.0233377367258]],"mean":[-63.2753868103,115.205802917,-84.6186447144,-12.8920221329,-13.8596401215,-27.5943908691,3.47400999069,-20.4268932343,-5.89284420013,-8.1265001297,0.357518345118,-5.39722728729,-5.1497502327]},"hfc":{"dmean":45.1595993042,"dmean2":68.4081192017,"dvar":3298.87792969,"dvar2":7324.18994141,"max":1440.35559082,"mean":174.664260864,"median":141.318878174,"min":1.07994596427e-16,"var":23289.8320312},"melbands":{"dmean":[0.000449129845947,0.00069613091182,0.000397520139813,0.000343107734807,0.000313823926263,0.000231611658819,0.000191652346984,0.000234372841078,0.000098664961115,0.0000985386577668,0.0000419284078816,0.0000358386132575,0.0000420422657044,0.0000281738248304,0.0000238889988395,0.0000193329160538,0.0000149805764522,0.00000918159912544,0.00000762843592383,0.00000745743591324,0.00000514124758411,0.00000548898560737,0.00000532538751941,0.00000571302962271,0.00000486950739287,0.00000548428351976,0.00000456001816929,0.00000430469799539,0.00000424625159212,0.00000359126715921,0.00000200772842618,9.4127489092e-7,4.6152683808e-7,2.54077008321e-7,1.04386700173e-7,3.30662963677e-8,2.00107468373e-8,1.77253784983e-8,1.59273714218e-8,1.45219773984e-8],"dmean2":[0.000727707752958,0.00106540170964,0.000610966701061,0.000533247948624,0.000474732689327,0.000348110886989,0.000291923322948,0.000390305387555,0.000159755407367,0.000163300777785,0.0000688239888404,0.0000597227044636,0.0000710845852154,0.0000463612559543,0.0000397004405386,0.0000321490733768,0.0000249536478805,0.0000149217939907,0.0000124746829897,0.000012433007214,0.00000830689168652,0.0000088434353529,0.00000829257896839,0.00000876092053659,0.0000075353759712,0.00000831755824038,0.00000665267134536,0.00000619367847321,0.00000631186321698,0.00000521743731952,0.00000284121870209,0.00000133980108785,6.58443354951e-7,3.68732628431e-7,1.45949968555e-7,5.31545651938e-8,3.32923413282e-8,2.94396951261e-8,2.63863810801e-8,2.399437804e-8],"dvar":[3.50616062406e-7,0.00000207858283829,7.91973775449e-7,5.52437597889e-7,7.4173323128e-7,4.20336760953e-7,1.65847666267e-7,4.20476965246e-7,1.32330271185e-7,6.25148928179e-8,1.0506179926e-8,5.53716761331e-9,6.81334633157e-9,2.69230548966e-9,2.56877230598e-9,1.99189775785e-9,1.68937452916e-9,6.02044747389e-10,4.06672112652e-10,3.94638183243e-10,1.8528875656e-10,2.25785987129e-10,2.92018964565e-10,3.99052818567e-10,2.68208594223e-10,7.0029859689e-10,4.99214225513e-10,4.41980618771e-10,5.82479120492e-10,5.47161316256e-10,1.55813043023e-10,3.75712586043e-11,7.43526160779e-12,2.52180719883e-12,6.82199143096e-13,1.96750998333e-14,1.86074376732e-15,1.42364384983e-15,1.11553201538e-15,8.9369578056e-16],"dvar2":[9.01204316506e-7,0.00000434548974226,0.00000151832614392,0.00000126894485675,0.00000162022911354,9.04587068362e-7,3.94729880782e-7,0.00000113562191473,2.94927559708e-7,1.6167631145e-7,2.70698077287e-8,1.36388500493e-8,1.77379337885e-8,7.00572178047e-9,6.99433178042e-9,5.31497201806e-9,4.51172210703e-9,1.5782994911e-9,1.10509246198e-9,1.11049924811e-9,4.69119021407e-10,5.51023171536e-10,6.36515840036e-10,8.46201053673e-10,6.06365735401e-10,1.59691515567e-9,1.04149400215e-9,8.9830826111e-10,1.13279485792e-9,1.11708131634e-9,3.12881498488e-10,7.70772473624e-11,1.3308727384e-11,4.48084755064e-12,9.98191763621e-13,4.1042795112e-14,4.74613820874e-15,3.61560968678e-15,2.82394135406e-15,2.25347885189e-15],"max":[0.00897181686014,0.0363307520747,0.0349254012108,0.0231218375266,0.0234646350145,0.03419399634,0.00988346897066,0.014907062985,0.0210400857031,0.00880228634924,0.00195437739603,0.00237493403256,0.00148923462257,0.00143428589217,0.00105319183785,0.00114411814138,0.00141020596493,0.000616014178377,0.000472808256745,0.00049675750779,0.000346031272784,0.000356340198778,0.000767542107496,0.000937614066061,0.000498167413753,0.00120842270553,0.00125087436754,0.000974124355707,0.000734671426471,0.000854788348079,0.000444337783847,0.000257745239651,0.000104999053292,0.0000907602516236,0.0000670433000778,0.00000751914876673,5.95921449076e-7,5.29250428372e-7,4.73015489888e-7,4.22303457981e-7],"mean":[0.000744306656998,0.00123864645138,0.000723835080862,0.000600622093771,0.000507499556988,0.000418889801949,0.000385141960578,0.000359578203643,0.000169198974618,0.000150412030052,0.0000658385833958,0.0000575890408072,0.0000654671093798,0.0000480589442304,0.0000381033496524,0.0000310630020977,0.0000243267022597,0.000015457822883,0.0000127184894154,0.0000122669989651,0.00000808250570117,0.00000814193572296,0.00000811338304629,0.00000877146885614,0.00000735434605303,0.00000749767104935,0.00000666048481435,0.00000635628157397,0.00000630582007943,0.00000493660809298,0.0000028375131933,0.00000134671643082,7.087859899e-7,3.96152898929e-7,1.50907652596e-7,3.91996195503e-8,2.0089363062e-8,1.79253198951e-8,1.62569762097e-8,1.49814241013e-8],"median":[0.000459774688352,0.000502934330143,0.000302736996673,0.000286325841444,0.000160715339007,0.000140556745464,0.000134479487315,0.000102843143395,0.0000453387619928,0.0000614813470747,0.0000273141122307,0.0000270992204605,0.0000330840302922,0.0000283353128907,0.0000205483702302,0.0000126261447804,0.00000699438714946,0.00000413292127632,0.00000407863626606,0.00000270873351838,0.00000177283766334,0.00000145107298977,0.00000158012278462,0.00000162954108873,9.85765836958e-7,6.62476224988e-7,5.30826014256e-7,4.16099226186e-7,3.16015302815e-7,2.4277849775e-7,1.43785300111e-7,7.4730508004e-8,4.85119215909e-8,3.27722133875e-8,2.00401579775e-8,1.03031787546e-8,5.64452529161e-9,5.13719244921e-9,4.76717421094e-9,4.50220394299e-9],"min":[1.13884949823e-24,8.0605827017e-25,4.97586539135e-25,1.39891406171e-24,1.12364262656e-24,1.78241583256e-24,1.98819098855e-24,1.53096681345e-24,1.52834158297e-24,2.09745729582e-24,1.31412088213e-24,2.06088195717e-24,2.24161354043e-24,2.98626293343e-24,3.6066038222e-24,2.5704052437e-24,2.50063108827e-24,2.78580864425e-24,3.36233028189e-24,3.44996602314e-24,2.12708691142e-24,3.25717196778e-24,4.17864433547e-24,3.33895041681e-24,5.00477576302e-24,4.88540966958e-24,4.02482395313e-24,5.48788009783e-24,5.47176879714e-24,4.67182124075e-24,6.09193534765e-24,5.92070993273e-24,4.52064788118e-24,5.33332134169e-24,5.75782908846e-24,4.54506194291e-24,5.9193444145e-24,6.53673535792e-24,6.34193444041e-24,6.64228455261e-24],"var":[7.08972720531e-7,0.00000583868359172,0.00000196172709366,0.00000109178802177,0.00000141734960835,0.00000122155370263,5.76510956307e-7,6.94919492616e-7,3.05738836914e-7,1.14915962968e-7,1.69832095054e-8,1.19454695025e-8,1.11751345955e-8,4.3027079677e-9,3.49416739986e-9,3.4853708808e-9,3.23271143188e-9,1.16185161492e-9,7.52630124889e-10,7.36703864579e-10,3.29348742723e-10,3.69068775541e-10,5.12239528572e-10,7.34003358094e-10,4.91445384387e-10,1.11565812144e-9,1.02632657928e-9,9.95436177931e-10,1.24420806991e-9,9.40853950304e-10,3.01278529902e-10,7.05519601074e-11,1.83044187446e-11,7.61071674432e-12,1.81722681607e-12,2.54492031561e-14,1.89858411721e-15,1.46507614881e-15,1.16242555929e-15,9.46781029431e-16]},"melbands_crest":{"dmean":3.40752053261,"dmean2":5.58264875412,"dvar":9.00946331024,"dvar2":22.9363021851,"max":36.652923584,"mean":13.2953996658,"median":12.3069019318,"min":1.03965425491,"var":30.6530075073},"melbands_flatness_db":{"dmean":0.0337901115417,"dmean2":0.0507950186729,"dvar":0.000854322162922,"dvar2":0.00179207720794,"max":0.590265572071,"mean":0.267534822226,"median":0.270752936602,"min":0.00000419796288043,"var":0.00537464348599},"melbands_kurtosis":{"dmean":5.13430595398,"dmean2":8.04688549042,"dvar":108.224983215,"dvar2":238.135269165,"max":292.534454346,"mean":9.97004318237,"median":4.92191028595,"min":-1.84444916248,"var":379.254486084},"melbands_skewness":{"dmean":0.622951447964,"dmean2":0.975748598576,"dvar":0.43031835556,"dvar2":0.966532111168,"max":13.1228151321,"mean":2.11183929443,"median":1.84404444695,"min":-1.64015305042,"var":2.18927264214},"melbands_spread":{"dmean":5.3612613678,"dmean2":8.02329349518,"dvar":88.206993103,"dvar2":152.200973511,"max":165.292739868,"mean":18.5600719452,"median":12.0863933563,"min":0.318867117167,"var":490.64855957},"mfcc":{"cov":[[9683.4453125,201.059020996,-1626.1854248,1010.80181885,-894.278137207,-63.7795143127,-275.095031738,-109.22807312,100.9296875,2.0524225235,14.6174793243,-108.830505371,23.1720027924],[201.059020996,1407.38012695,133.525817871,-303.335113525,142.706665039,-84.5945510864,72.7884063721,-32.7860946655,4.83526086807,33.5868911743,-14.9912652969,16.0806236267,-2.23778581619],[-1626.1854248,133.525817871,934.841247559,-321.393005371,185.851455688,-59.703163147,-4.95486402512,-18.9875812531,-7.54892253876,27.0633850098,-20.0752563477,26.1739959717,-44.1927490234],[1010.80181885,-303.335113525,-321.393005371,565.44744873,-222.127456665,93.8954315186,-43.6943893433,16.6712341309,12.0687999725,-54.8561897278,21.3410167694,-33.099822998,0.576572179794],[-894.278137207,142.706665039,185.851455688,-222.127456665,340.970703125,17.3657016754,96.2921142578,31.5589618683,-28.6484222412,-2.2581243515,-16.302148819,24.2797222137,-15.1122303009],[-63.7795143127,-84.5945510864,-59.703163147,93.8954315186,17.3657016754,166.636749268,56.675201416,38.0705375671,-5.93700456619,-35.5389518738,3.04579114914,-12.4926300049,1.48517262936],[-275.095031738,72.7884063721,-4.95486402512,-43.6943893433,96.2921142578,56.675201416,145.966567993,54.1672897339,1.66197359562,-15.7634191513,-18.686214447,6.81358289719,-4.08056163788],[-109.22807312,-32.7860946655,-18.9875812531,16.6712341309,31.5589618683,38.0705375671,54.1672897339,88.7630081177,8.08482933044,-15.390873909,0.49014249444,-1.93444252014,6.5411529541],[100.9296875,4.83526086807,-7.54892253876,12.0687999725,-28.6484222412,-5.93700456619,1.66197359562,8.08482933044,72.0229949951,35.1830940247,-2.04854559898,-0.88158506155,5.45982027054],[2.0524225235,33.5868911743,27.0633850098,-54.8561897278,-2.2581243515,-35.5389518738,-15.7634191513,-15.390873909,35.1830940247,82.3869857788,20.5199108124,5.19960641861,15.1294775009],[14.6174793243,-14.9912652969,-20.0752563477,21.3410167694,-16.302148819,3.04579114914,-18.686214447,0.49014249444,-2.04854559898,20.5199108124,60.7375450134,24.9201183319,7.78136825562],[-108.830505371,16.0806236267,26.1739959717,-33.099822998,24.2797222137,-12.4926300049,6.81358289719,-1.93444252014,-0.88158506155,5.19960641861,24.9201183319,56.8395195007,21.8804798126],[23.1720027924,-2.23778581619,-44.1927490234,0.576572179794,-15.1122303009,1.48517262936,-4.08056163788,6.5411529541,5.45982027054,15.1294775009,7.78136825562,21.8804798126,61.312461853]],"icov":[[0.000203766292543,-0.00012550104293,0.000289055111352,-0.000196364067961,0.000278082210571,0.0000439433570136,0.000252254161751,-0.0000423639430664,0.00000600613657298,-0.000250736600719,0.000371041125618,-0.000221906608203,0.000310824339977],[-0.00012550104293,0.000938031298574,-0.000167846330442,0.000486530887429,-0.00027975460398,0.000429720268585,-0.000882740481757,0.000695126713254,-0.000348499132087,0.000518912624102,-0.000731649051886,0.000656688062008,-0.000494668958709],[0.000289055111352,-0.000167846330442,0.00191033084411,0.000380592769943,-0.00000241969496528,-0.000191075770999,0.0012549929088,-0.000398266856791,0.00004502406955,-0.000882097927388,0.00148483319208,-0.00159479107242,0.0019823666662],[-0.000196364067961,0.000486530887429,0.000380592769943,0.00377512001432,0.00126367097255,-0.00136180466507,0.000239593908191,-0.0000824981980259,-0.00128917535767,0.00264988699928,-0.0020067836158,0.00127092539333,-0.0000379572556994],[0.000278082210571,-0.00027975460398,-0.00000241969496528,0.00126367097255,0.00587272876874,-0.00104265066329,-0.00164787645917,-0.00143411918543,0.00259949592873,-0.00181546155363,0.00213144742884,-0.00287697790191,0.002359847771],[0.0000439433570136,0.000429720268585,-0.000191075770999,-0.00136180466507,-0.00104265066329,0.0098693491891,-0.0043752011843,0.000573710422032,-0.00155115814414,0.00466017052531,-0.00505534559488,0.00544813415036,-0.00328878127038],[0.000252254161751,-0.000882740481757,0.0012549929088,0.000239593908191,-0.00164787645917,-0.0043752011843,0.0143767194822,-0.00712579581887,0.000430559535744,-0.0028091003187,0.00741752143949,-0.00655099982396,0.00424291659147],[-0.0000423639430664,0.000695126713254,-0.000398266856791,-0.0000824981980259,-0.00143411918543,0.000573710422032,-0.00712579581887,0.0182917192578,-0.00543140340596,0.00678708823398,-0.00717255612835,0.00671224482358,-0.00571420835331],[0.00000600613657298,-0.000348499132087,0.00004502406955,-0.00128917535767,0.00259949592873,-0.00155115814414,0.000430559535744,-0.00543140340596,0.0225831288844,-0.0144802927971,0.00899829622358,-0.0061298077926,0.0039236722514],[-0.000250736600719,0.000518912624102,-0.000882097927388,0.00264988699928,-0.00181546155363,0.00466017052531,-0.0028091003187,0.00678708823398,-0.0144802927971,0.0279420781881,-0.0161770917475,0.0117620788515,-0.00976837426424],[0.000371041125618,-0.000731649051886,0.00148483319208,-0.0020067836158,0.00213144742884,-0.00505534559488,0.00741752143949,-0.00717255612835,0.00899829622358,-0.0161770917475,0.0336674973369,-0.0207547862083,0.00915330462158],[-0.000221906608203,0.000656688062008,-0.00159479107242,0.00127092539333,-0.00287697790191,0.00544813415036,-0.00655099982396,0.00671224482358,-0.0061298077926,0.0117620788515,-0.0207547862083,0.0358115024865,-0.0155492806807],[0.000310824339977,-0.000494668958709,0.0019823666662,-0.0000379572556994,0.002359847771,-0.00328878127038,0.00424291659147,-0.00571420835331,0.0039236722514,-0.00976837426424,0.00915330462158,-0.0155492806807,0.0256053172052]],"mean":[-724.912658691,182.128250122,-13.9320421219,29.3801822662,-5.85118579865,7.87239360809,5.79671525955,-0.178548693657,-2.57050561905,-3.0446023941,3.13483595848,2.43458032608,2.94938492775]},"pitch_salience":{"dmean":0.0686028525233,"dmean2":0.111485145986,"dvar":0.00351782259531,"dvar2":0.00890656746924,"max":0.995524525642,"mean":0.593982100487,"median":0.613365650177,"min":0.0857283398509,"var":0.0131330341101},"silence_rate_20dB":{"dmean":0,"dmean2":0,"dvar":0,"dvar2":0,"max":1,"mean":1,"median":1,"min":1,"var":0},"silence_rate_30dB":{"dmean":0.00571360532194,"dmean2":0.0114285713062,"dvar":0.00568131636828,"dvar2":0.0139165204018,"max":1,"mean":0.99297785759,"median":1,"min":0,"var":0.00697291688994},"silence_rate_60dB":{"dmean":0.0152362817898,"dmean2":0.0304761901498,"dvar":0.01500404533,"dvar2":0.0362146422267,"max":1,"mean":0.0891454443336,"median":0,"min":0,"var":0.0811894163489},"spectral_centroid":{"dmean":202.596008301,"dmean2":288.703216553,"dvar":101233.539062,"dvar2":150863.15625,"max":11700.1328125,"mean":1002.63867188,"median":650.147094727,"min":129.113952637,"var":1570688.375},"spectral_complexity":{"dmean":3.07606244087,"dmean2":4.66428565979,"dvar":14.1802225113,"dvar2":26.2975616455,"max":60,"mean":14.8636035919,"median":13,"min":0,"var":103.226768494},"spectral_contrast_coeffs":{"dmean":[0.0504530258477,0.0462778992951,0.0367698334157,0.028018662706,0.0228630118072,0.0469589829445],"dmean2":[0.0827741250396,0.0769212767482,0.0617340169847,0.0468992218375,0.0368796288967,0.0716063901782],"dvar":[0.00165204447694,0.00133816106245,0.000853992125485,0.000494290317874,0.00037239852827,0.00203015073203],"dvar2":[0.00428125727922,0.00369724491611,0.00239817146212,0.00136217544787,0.00090194772929,0.00429146876559],"max":[-0.381288170815,-0.462518513203,-0.581200182438,-0.634405910969,-0.623529851437,-0.348322272301],"mean":[-0.667699873447,-0.769536793232,-0.801560640335,-0.811992824078,-0.827256977558,-0.768758893013],"median":[-0.671569943428,-0.774147152901,-0.803094625473,-0.812707126141,-0.827694475651,-0.788884878159],"min":[-0.9761723876,-0.996513485909,-0.996157824993,-0.98558151722,-0.986346483231,-0.964417994022],"var":[0.00788582582027,0.00424718856812,0.00251391390339,0.00180323934183,0.00191026274115,0.00898277852684]},"spectral_contrast_valleys":{"dmean":[0.385976135731,0.332083374262,0.29590344429,0.286056756973,0.378066301346,0.70071130991],"dmean2":[0.640945851803,0.543444395065,0.47799706459,0.441071629524,0.532678246498,1.13481760025],"dvar":[0.122617892921,0.0932047218084,0.0820982158184,0.0929007902741,0.150319099426,0.375451803207],"dvar2":[0.275981754065,0.195279300213,0.16480115056,0.165442228317,0.25851598382,0.913591921329],"max":[-5.59099006653,-4.59228944778,-5.42047309875,-5.96685552597,-5.1950044632,-9.12861156464],"mean":[-7.43512058258,-6.84359264374,-7.43476963043,-8.17012500763,-8.42215061188,-11.7648191452],"median":[-7.08543777466,-6.47783946991,-7.03957080841,-7.83901548386,-8.18578147888,-11.4961233139],"min":[-28.1482906342,-27.9748516083,-27.8004245758,-27.7007694244,-27.5336818695,-27.3964996338],"var":[5.03534269333,5.54600048065,5.15858840942,4.95108413696,5.31758737564,3.77774477005]},"spectral_decrease":{"dmean":1.24061094731e-9,"dmean2":1.88720283845e-9,"dvar":4.40888010953e-18,"dvar2":9.55813649814e-18,"max":5.23532905916e-9,"mean":-3.04848124522e-9,"median":-1.07517383885e-9,"min":-3.93913524022e-8,"var":1.92250439381e-17},"spectral_energy":{"dmean":0.00703193247318,"dmean2":0.0105552114546,"dvar":0.0000810215424281,"dvar2":0.000175034074346,"max":0.200806617737,"mean":0.0273481719196,"median":0.02151709795,"min":1.01705402527e-20,"var":0.00052199640777},"spectral_energyband_high":{"dmean":0.000467128644232,"dmean2":0.000656353251543,"dvar":0.00000213294333662,"dvar2":0.00000377100627702,"max":0.0386876389384,"mean":0.000849579810165,"median":0.000119342039397,"min":7.18037685018e-21,"var":0.00000593639651925},"spectral_energyband_low":{"dmean":0.00318691204302,"dmean2":0.00487153232098,"dvar":0.0000283749359369,"dvar2":0.000059336063714,"max":0.126834914088,"mean":0.00649125594646,"median":0.0037007634528,"min":1.64626041247e-23,"var":0.0000831323195598},"spectral_energyband_middle_high":{"dmean":0.000955751922447,"dmean2":0.00145154178608,"dvar":0.00000314974522553,"dvar2":0.00000687576630298,"max":0.0499742478132,"mean":0.00268930080347,"median":0.0013890217524,"min":1.21545184116e-21,"var":0.0000129885038405},"spectral_energyband_middle_low":{"dmean":0.00363811478019,"dmean2":0.00549965212122,"dvar":0.0000448160317319,"dvar2":0.0000993156136246,"max":0.1529109478,"mean":0.0104915425181,"median":0.0057659484446,"min":1.48383007089e-22,"var":0.000191750470549},"spectral_entropy":{"dmean":0.211553066969,"dmean2":0.316405624151,"dvar":0.0380439385772,"dvar2":0.081577539444,"max":9.82219791412,"mean":7.23706626892,"median":7.24664115906,"min":4.93991374969,"var":0.241623565555},"spectral_flux":{"dmean":0.0156818777323,"dmean2":0.0256190951914,"dvar":0.000282947643427,"dvar2":0.000740214833058,"max":0.332047492266,"mean":0.0805381834507,"median":0.0769389569759,"min":6.40946185015e-11,"var":0.00164595374372},"spectral_kurtosis":{"dmean":7.57378864288,"dmean2":11.9558477402,"dvar":82.2642440796,"dvar2":204.297988892,"max":129.213302612,"mean":25.6491947174,"median":22.3881130219,"min":-1.25291657448,"var":198.252166748},"spectral_rms":{"dmean":0.000631722039543,"dmean2":0.000946966116317,"dvar":3.97599848156e-7,"dvar2":8.58621206135e-7,"max":0.0139967463911,"mean":0.00469553470612,"median":0.00458173453808,"min":3.14999653965e-12,"var":0.00000463309470433},"spectral_rolloff":{"dmean":1929.20910645,"dmean2":3677.6953125,"dvar":28747700,"dvar2":70535768,"max":22050,"mean":17394.2480469,"median":21791.6015625,"min":21.533203125,"var":68441760},"spectral_skewness":{"dmean":0.550796449184,"dmean2":0.839773416519,"dvar":0.339628756046,"dvar2":0.779373347759,"max":9.39175510406,"mean":3.50690960884,"median":3.37773561478,"min":-0.101691886783,"var":1.48046779633},"spectral_spread":{"dmean":552827.625,"dmean2":876740,"dvar":474337050624,"dvar2":1010609815550,"max":42152852,"mean":4052434.25,"median":3614256.5,"min":1558177,"var":15528957575200},"spectral_strongpeak":{"dmean":6.30476617813,"dmean2":11.6182193756,"dvar":222.291503906,"dvar2":587.197265625,"max":127.37223053,"mean":5.43181991577,"median":0.397321790457,"min":0,"var":216.951858521},"zerocrossingrate":{"dmean":0.0351628772914,"dmean2":0.0459141917527,"dvar":0.000881691812538,"dvar2":0.00157567567658,"max":0.7080078125,"mean":0.332110911608,"median":0.34521484375,"min":0,"var":0.0134261865169}},"metadata":{"audio_properties":{"analysis_sample_rate":44100,"bit_rate":112000,"codec":"mp3","downmix":"mix","equal_loudness":0,"length":195.05632019,"lossless":false,"md5_encoded":"e205693ab7cefdd13c42bba7e70ce82f","replay_gain":-1.83686828613,"sample_rate":44100},"tags":{"acoustid_fingerprint":["AQADtFykRErSRMEXVJRShPmgF3mu4zwetsnQ1MH0XMIPvPNRBk3xcMJTHkkRHs009Ae9RIdvPDtOHjG1QXTiiWBEdUb4HK_gLHlw5UTlpwhfOC4HbUo0XHgfVKcCN9OKUkqSHLePR0uhnTqaKbnwX3i2oGSG5slx4VmSR6ic6tBxxmjOBNc16EdT5UX4BawOL0ly_Mg-qHl-pGkk4nmAHa6yOHhKBjeNMLpyJJPC4lSKJ-mL3UVz5qjSPMWj4QneK7AbvBmqBg34IT80RUye4B8c7MfDF3qKp0g_3OhznLnwJ8GbI0xEBk-KfUN_PIoh9UsYtMmUEZ6UHpP8I06JH3dGPFeQE1PIoz8uN9A2PYOdRYV_5KFMNBWPHLzyQAuVbEFdkfjBm6gsiPKIj4GTrfjgCz2PK1BwhMrE4_Xhw0d7CedxV6iPH0mNMMmNSxlO4rxx6sW14T-SjbuEMPFxPyre8HiLS0Z-aEc67sTHB485oeKm4crxYh_CTBSqZGEu_MfPonyM5sRxmpigH2eO2DmsXPjxqfCo7egzYMd7PMTVknCV4TGeI0uuQ_uR58VzojyaZ3GFo6Lx5qgeHcceTBZjNDj6cGh23Pgu5MwktDqYJMd14lzeQcsoo6-Pa4f2PJjyLLhuXMdFPIuG5jTKvrgZC6tCE32CMHhRWUODx0V-_A-0PEOPZ-nR87gw8XhmfCPeGu-OMKEYq-iz4zp6HXZe9MU-_LLQH417nKmQXrGhS1mDPLoEhofTMA6-7Th-9Mfp45isjIKdC_7R58Jp5IWOJ1GVBNVHuNqhIy9-HDXWW8F3VPqR8vMgdTdyfOTgHyWPeHjyQPeNM0J2fDluNHyaYXTQlTnuHLmO54F2o_7xVMKjoyz0Cz6jHDkmIefxB-ch1hmQjglOI3sOjdQehHke7BeaaAl5lInwo7cQRj_07TiPZkfYKDkuGWFIYoLGo1FpvMcrKOqSwvnR4wkf1Id4OLqL8Md3PDeuCz2aMkE-5sLK4mJRmQ_SGi989OiR9tD-gpGjB6t6w-GG_LjwED5_VDrxTHuwyxV-lEcYOjmkvogfPBuuoOGTDT3xHDz842jGLOjXISfK_JCSJ8mMX0ST5-hzKMqSRwj5acGDJi864xcTlNsmRGoU6MX7oE8E6tAkycbvFSvDOAi5HR555IePPsdV6MfVHbtM_Gi-IcPnw1M-zMmLNKl-aHJ2BNcv7AlvNE-JHldncBmPPYvRdDfCC_8WPDr6EM3I44cu4GqUoza0yXj8I-eJWsyxOYGLkuZBL0evHdG0Ck9SqCKeNQn6VNB1XMejDGEqhMyOd5kO5U3Ad4hW_Pjx2-geFdUVRP_wg09yaLaIhmMunObQ_ERf_Dr2Q82uGSX5GFMWvng_PIzxnLgA5McVqcGMZ8F_fGkaND964kcuZTmSabCPPQlcWjizMEEPHteeocwubHmF3qjyHLlCYR9RNjr0PEd-4XdgNVEmfNuQP-jCrJCSLEc-scFxNA9KHo9SJsZzRCzzQo-DekJ0o9ETvHjRM3COkKWIUzCVQPeLykWq66h-nBnx4AF1PEvBH8fR9EGWH4-CapE6Qz7-uLiPiTi0aw-aLkqh64gt0WiSkGEwMeyS48efg7mYo