{"lowlevel":{"average_loudness":0.949699640274,"barkbands":{"dmean":[0.000337705918355,0.00683574331924,0.00378879951313,0.00181226874702,0.00278536905535,0.000911168113817,0.000769087695517,0.00103051587939,0.00176381773781,0.000795981730334,0.00060100184055,0.000563379900996,0.000513040286023,0.000586454640143,0.000583361368626,0.000482322298922,0.000379614968551,0.000268007221166,0.000215799256694,0.000141908720252,0.000146987629705,0.000172090250999,0.000121584555018,0.0000860054788063,0.0000388584157918,0.0000166242771229,0.00000514384191774],"dmean2":[0.000573513680138,0.0121302781627,0.00704309390858,0.00326694292016,0.00495731644332,0.00147833244409,0.0012792131165,0.00177463912405,0.0028455958236,0.00126812199596,0.000898136291653,0.000839060230646,0.000813212653156,0.00094524101587,0.000942220853176,0.00076732726302,0.000602788000833,0.000418260548031,0.000337683450198,0.000223899420234,0.00022907400853,0.000255146849668,0.000175541907083,0.00011856801575,0.0000544888098375,0.0000230706591537,0.00000717223929314],"dvar":[4.02216471684e-7,0.000218008106458,0.0000902352840058,0.0000134985966724,0.0000341637714882,0.00000211652991311,0.00000189465231415,0.00000436965956396,0.0000104352984636,0.00000309079246108,0.00000225011649491,0.00000202477190214,0.00000133357411869,0.00000107225889678,0.00000135968480208,8.1547955233e-7,3.31604837811e-7,1.51074601717e-7,7.33511242856e-8,3.91335852612e-8,4.54653275028e-8,8.67643876745e-8,7.26316784494e-8,7.19073440791e-8,1.29238921787e-8,1.05833963815e-9,8.55490817075e-11],"dvar2":[0.00000108166705104,0.000598745071329,0.00025906812516,0.00003824864325,0.0000954802599153,0.00000532569038114,0.00000496612301504,0.0000114991162263,0.0000245987539529,0.00000687851661496,0.00000452691529063,0.00000426332962888,0.00000307202435579,0.0000026037716907,0.00000342062867276,0.00000184817088211,7.82451650139e-7,3.5301400203e-7,1.75762536969e-7,9.72222835571e-8,1.09404354021e-7,1.80596885002e-7,1.36372534598e-7,1.31306208573e-7,2.7146834114e-8,2.13055884046e-9,1.88360438358e-10],"max":[0.00532625149935,0.116584427655,0.0899389535189,0.0445324033499,0.0616041757166,0.020071959123,0.0265837833285,0.0260828994215,0.0428841598332,0.034474465996,0.0288524255157,0.0278556868434,0.0188686605543,0.0185566805303,0.0173489488661,0.0165030080825,0.01072152704,0.00612847087905,0.00388923031278,0.00392507947981,0.00355931115337,0.00743970833719,0.00543434312567,0.00742641231045,0.0040020593442,0.000667841464747,0.000141088021337],"mean":[0.000356886477675,0.00707366317511,0.00360015057959,0.00221268669702,0.002978264587,0.00131571746897,0.00105467624962,0.00113281514496,0.00227569648996,0.00101253273897,0.000908521935344,0.000852840312291,0.000734364672098,0.000926254782826,0.000859079242218,0.000805240182672,0.00069935224019,0.000500752707012,0.000434793822933,0.000280556239886,0.000303140142933,0.000353368435754,0.000242686481215,0.000162647877005,0.0000757206362323,0.0000326500739902,0.00000965403887676],"median":[0.0000409647691413,0.00396114354953,0.00133988610469,0.00103248201776,0.0014608358033,0.000728115148377,0.000594535027631,0.000483077514218,0.00072138919495,0.000329239061102,0.000250921817496,0.000269195617875,0.000282872264506,0.000530077842996,0.000438337854575,0.000467810692498,0.000459547853097,0.000335982331308,0.000325272558257,0.000198181194719,0.000219926892896,0.000224015951972,0.000139519848744,0.0000722067416064,0.0000425071266363,0.0000143813222167,0.00000327378006659],"min":[1.10980393552e-24,2.06832150715e-24,4.45969299347e-24,1.13231940626e-24,5.80395181344e-24,6.88836734541e-24,1.01613504523e-23,9.13052776366e-24,1.35353858523e-23,1.76363155557e-23,2.49169132207e-23,3.17970330253e-23,3.2795942346e-23,4.78241054665e-23,3.6617654732e-23,7.81676023205e-23,8.38991564244e-23,1.10490092439e-22,1.62924717555e-22,2.23260207465e-22,2.41586443413e-22,3.38612724928e-22,4.06518881391e-22,5.4669797488e-22,9.00958923377e-22,1.17460293217e-21,1.98919852485e-21],"var":[4.02301509439e-7,0.000155713074491,0.0000563843859709,0.0000112004481707,0.0000252654117503,0.00000301951695292,0.00000226146130444,0.0000042392607611,0.0000157792965183,0.00000543633086636,0.00000504085528519,0.00000400475209972,0.00000219100479626,0.00000170233420249,0.00000184125099167,0.00000154236568051,6.94862080763e-7,3.10021135874e-7,1.56535890028e-7,8.4952830548e-8,8.96044696219e-8,2.09255460959e-7,1.70160930679e-7,1.57944143098e-7,2.06643111511e-8,2.31108199245e-9,1.79242801157e-10]},"barkbands_crest":{"dmean":2.83329224586,"dmean2":4.7433180809,"dvar":7.00673866272,"dvar2":18.9306602478,"max":25.8552875519,"mean":8.70065689087,"median":7.73190689087,"min":2.2967710495,"var":15.7908554077},"barkbands_flatness_db":{"dmean":0.0213155653328,"dmean2":0.0334539525211,"dvar":0.000474571279483,"dvar2":0.00117521826178,"max":0.412261158228,"mean":0.101072326303,"median":0.0893595069647,"min":0.0185263473541,"var":0.00237307930365},"barkbands_kurtosis":{"dmean":2.66783308983,"dmean2":4.35735416412,"dvar":50.8315696716,"dvar2":106.583114624,"max":383.424621582,"mean":3.72159695625,"median":0.172678470612,"min":-1.81974482536,"var":521.753295898},"barkbands_skewness":{"dmean":0.611550986767,"dmean2":0.978014171124,"dvar":0.487276047468,"dvar2":1.21759641171,"max":17.9979496002,"mean":1.16720712185,"median":0.945589601994,"min":-3.04886412621,"var":2.55531907082},"barkbands_spread":{"dmean":7.68699932098,"dmean2":12.2180318832,"dvar":67.7299041748,"dvar2":161.663330078,"max":124.678497314,"mean":30.1202640533,"median":28.5049571991,"min":0.636194944382,"var":208.718948364},"dissonance":{"dmean":0.0149199515581,"dmean2":0.0249025393277,"dvar":0.000230746300076,"dvar2":0.000607891473919,"max":0.49994084239,"mean":0.475049167871,"median":0.481044411659,"min":0.29817122221,"var":0.000500241934787},"dynamic_complexity":2.84157800674,"erbbands":{"dmean":[0.18156349659,1.62815988064,4.01962852478,5.80593490601,6.03977870941,12.2251663208,7.84626674652,8.12002849579,9.78191184998,15.1567029953,25.4777030945,39.901927948,36.0641975403,19.6659679413,24.9531021118,17.8945140839,21.0475540161,25.961397171,33.1162147522,19.7899398804,27.5802879333,20.1941051483,15.0245008469,12.0298318863,8.82311916351,6.51123762131,5.48806381226,6.21733283997,5.98624229431,5.41604280472,3.2613863945,2.3949432373,1.10269284248,0.54225474596,0.232053905725,0.0947785302997,0.0260364077985,0.00702159898356,0.000842363457195,0.0000503641531395],"dmean2":[0.321758717299,2.91134619713,7.4796628952,10.6077547073,10.7329711914,21.9762039185,13.385392189,13.1833486557,16.4165554047,25.4532699585,43.0227584839,65.1046295166,57.0575447083,30.2475757599,35.4226608276,26.8459720612,33.1666946411,40.7038879395,53.2037086487,31.0319709778,43.7766494751,31.8337535858,23.2737102509,18.8414726257,13.9638261795,10.1598310471,8.57654285431,9.70353317261,8.99295806885,8.02326583862,4.71013593674,3.34982919693,1.54153883457,0.766422629356,0.326009243727,0.133995741606,0.0362573489547,0.00983429607004,0.00118041445967,0.000072997296229],"dvar":[0.163962513208,12.6595945358,103.932571411,164.325408936,103.158401489,759.458129883,211.148117065,211.028915405,279.726287842,870.08770752,2706.9855957,6206.97998047,4788.79541016,2458.78881836,3832.10644531,1599.50732422,2086.11206055,2600.52026367,3928.39501953,1695.85070801,2665.07324219,867.127807617,481.266876221,243.031463623,133.786483765,89.6166152954,64.0162811279,92.663444519,109.852767944,96.4863357544,60.2305107117,53.2459449768,11.675617218,2.02814817429,0.502530872822,0.0457764230669,0.00255237985402,0.000151104759425,0.00000222447624765,6.62135768437e-9],"dvar2":[0.447359532118,35.32472229,297.770111084,467.79006958,283.063568115,2132.12841797,570.646972656,533.048583984,744.821350098,2272.95703125,7066.79492188,14996.7861328,10780.0869141,5420.65576172,7439.56738281,3343.14990234,4759.64404297,6064.21289062,9960.38378906,3847.32373047,6146.60888672,2082.70874023,1097.0880127,569.143676758,325.26574707,227.611999512,150.638015747,220.471725464,233.836013794,199.040649414,112.906524658,98.0919265747,22.7221126556,4.09257268906,1.05044162273,0.0935795605183,0.00528032612056,0.000322958134348,0.00000486829912916,1.55944146485e-8],"max":[3.35306549072,29.390127182,90.8705368042,147.322418213,135.464096069,334.606964111,155.490036011,240.934249878,305.539215088,492.054718018,724.155029297,1217.42260742,926.186218262,1353.63195801,1255.98327637,1064.80334473,876.358886719,1023.56689453,1166.27404785,894.719360352,1105.05432129,518.215576172,437.162658691,215.610153198,179.644989014,208.398834229,119.17565918,144.400650024,248.502975464,220.652297974,173.406707764,140.734207153,100.507537842,32.6485061646,26.6918315887,5.99976682663,1.17762172222,0.20352704823,0.0200559291989,0.00120491650887],"mean":[0.172320574522,1.69642806053,3.95175099373,6.69007253647,7.71643209457,11.6000919342,8.95510292053,11.7444887161,13.4434728622,19.3673629761,29.239616394,49.2717895508,45.9044685364,30.9025154114,43.45470047,29.6231899261,33.2536811829,42.903881073,53.878993988,35.1932106018,48.1930732727,40.77110672,30.0644855499,24.4477672577,18.5967502594,13.0165119171,11.2215099335,12.8010120392,11.9675683975,11.0957126617,6.38443946838,4.33010721207,2.1202673912,1.06520020962,0.441184252501,0.180442899466,0.0502299368382,0.0131221385673,0.00161589100026,0.000114164438855],"median":[0.0657748058438,1.00765037537,1.92229485512,3.74062395096,4.12475299835,4.58774900436,4.40832233429,6.07879972458,7.86360502243,9.96364212036,12.4523763657,15.7225885391,13.8365898132,14.2120199203,11.5235729218,11.6592264175,14.8831424713,24.5282154083,32.1204032898,19.6301689148,28.4994983673,28.0749721527,21.1343784332,17.9545726776,14.5266971588,9.35865783691,8.24071216583,8.95794677734,7.39805793762,7.1082444191,3.48231554031,1.80140352249,1.05189049244,0.608434140682,0.233076378703,0.0830166041851,0.0218055844307,0.00479038851336,0.000599373597652,0.0000728603845346],"min":[1.15155024558e-22,6.17629318251e-22,4.10676433322e-21,7.16818482188e-21,7.80608324582e-21,2.22925724383e-20,4.31201369259e-20,5.68657590562e-20,1.00806808117e-19,2.12702618579e-19,2.9926719893e-19,3.94189431244e-19,6.98746967179e-19,7.63736169763e-19,1.88618913833e-18,1.62740744145e-18,1.39935933004e-18,2.53615726478e-18,3.08354114001e-18,3.07152820277e-18,4.89472877822e-18,4.6390422878e-18,6.15192088657e-18,7.04890727102e-18,7.30063901093e-18,1.04616609181e-17,1.08784383513e-17,9.52709902719e-18,1.10930470525e-17,1.07372328305e-17,1.09074252415e-17,1.27188672378e-17,8.70950874666e-18,8.6405764775e-18,7.1189223196e-18,4.78249029526e-18,2.38341691711e-18,8.96096441505e-19,2.4302814551e-19,2.84734921575e-20],"var":[0.116361297667,8.78239345551,64.1575241089,114.130516052,101.314628601,535.260559082,191.263000488,291.974731445,315.750579834,1002.27374268,2779.48583984,8118.90332031,7599.90966797,4263.07128906,10348.7373047,3252.49121094,3711.82568359,4322.68017578,5600.59423828,3010.49414062,5216.71923828,2039.87731934,1085.43457031,526.947143555,267.756011963,181.893051147,124.406776428,187.641342163,249.457214355,228.415969849,136.41116333,112.18523407,24.708398819,3.77294945717,0.756321668625,0.0862497314811,0.00538264960051,0.000334540818585,0.0000047405001169,1.31025883476e-8]},"erbbands_crest":{"dmean":2.60510087013,"dmean2":4.26023483276,"dvar":6.78887176514,"dvar2":17.0811672211,"max":29.6198120117,"mean":7.86388015747,"median":6.68494129181,"min":2.51431679726,"var":16.2256908417},"erbbands_flatness_db":{"dmean":0.0164014436305,"dmean2":0.0242501739413,"dvar":0.00024851138005,"dvar2":0.000515676976647,"max":0.324688881636,"mean":0.138649329543,"median":0.131181940436,"min":0.0466696768999,"var":0.00191771402024},"erbbands_kurtosis":{"dmean":0.798721790314,"dmean2":1.26675879955,"dvar":1.22013258934,"dvar2":2.83804702759,"max":25.4442844391,"mean":0.214420288801,"median":-0.259421110153,"min":-1.65028834343,"var":2.73576617241},"erbbands_skewness":{"dmean":0.373604148626,"dmean2":0.574422240257,"dvar":0.123138569295,"dvar2":0.286146730185,"max":4.30339717865,"mean":-0.0356106683612,"median":-0.0998482257128,"min":-3.32796144485,"var":0.486562222242},"erbbands_spread":{"dmean":8.70403575897,"dmean2":13.6699304581,"dvar":83.08934021,"dvar2":201.610580444,"max":141.135406494,"mean":39.769405365,"median":38.1875953674,"min":5.30223417282,"var":286.009887695},"gfcc":{"cov":[[20922.4316406,667.0546875,-1039.57336426,261.231109619,-918.069030762,350.391601562,-557.749267578,96.7433242798,-251.011230469,-43.1143035889,-427.69430542,35.435962677,-196.586776733],[667.0546875,1389.6842041,-290.966308594,222.751083374,213.070373535,-139.428375244,133.857192993,-36.1013336182,82.8650665283,-54.0423583984,57.6571540833,-106.79573822,45.3447151184],[-1039.57336426,-290.966308594,893.843994141,151.965591431,205.702636719,198.476577759,30.9993057251,111.866958618,44.5944213867,81.3121261597,-11.5334882736,2.24811959267,-48.7766189575],[261.231109619,222.751083374,151.965591431,386.531402588,92.0182037354,51.0636863708,-19.3588027954,49.4012870789,62.4839363098,13.5407905579,30.8541870117,-34.4680213928,5.53683423996],[-918.069030762,213.070373535,205.702636719,92.0182037354,435.471435547,42.9652900696,112.53313446,71.1429290771,64.1137084961,38.1941986084,27.9831886292,-6.69658946991,-0.618060767651],[350.391601562,-139.428375244,198.476577759,51.0636863708,42.9652900696,314.735626221,68.4878158569,62.1139907837,15.5081510544,15.9543647766,6.24349927902,6.92163515091,-38.6690673828],[-557.749267578,133.857192993,30.9993057251,-19.3588027954,112.53313446,68.4878158569,190.978286743,38.8573760986,11.4222803116,-0.881942987442,23.44165802,-2.33267092705,-6.21381950378],[96.7433242798,-36.1013336182,111.866958618,49.4012870789,71.1429290771,62.1139907837,38.8573760986,113.251274109,46.322177887,17.5296134949,-4.3842048645,0.22692322731,-8.79729366302],[-251.011230469,82.8650665283,44.5944213867,62.4839363098,64.1137084961,15.5081510544,11.4222803116,46.322177887,103.123672485,28.9473114014,8.11613941193,-11.5739002228,9.73512268066],[-43.1143035889,-54.0423583984,81.3121261597,13.5407905579,38.1941986084,15.9543647766,-0.881942987442,17.5296134949,28.9473114014,75.284614563,21.5035839081,6.8212518692,-4.55514097214],[-427.69430542,57.6571540833,-11.5334882736,30.8541870117,27.9831886292,6.24349927902,23.44165802,-4.3842048645,8.11613941193,21.5035839081,79.4704666138,16.089761734,8.70820903778],[35.435962677,-106.79573822,2.24811959267,-34.4680213928,-6.69658946991,6.92163515091,-2.33267092705,0.22692322731,-11.5739002228,6.8212518692,16.089761734,69.0142211914,17.0840301514],[-196.586776733,45.3447151184,-48.7766189575,5.53683423996,-0.618060767651,-38.6690673828,-6.21381950378,-8.79729366302,9.73512268066,-4.55514097214,8.70820903778,17.0840301514,57.5338249207]],"icov":[[0.000148816397996,-0.000350791990058,0.00026529916795,-0.000166228564922,0.000274355203146,-0.00042023518472,0.000562529370654,-0.000649020948913,0.000742597156204,-0.000816339976154,0.00114108005073,-0.000828038726468,0.00059077644255],[-0.000350791990058,0.00233223591931,-0.00014426636335,-0.000448358798167,-0.00124409329146,0.00152586016338,-0.00244562188163,0.00252488953993,-0.00267862528563,0.00292526907288,-0.00330874393694,0.00370785919949,-0.00189714413136],[0.00026529916795,-0.00014426636335,0.00238725799136,-0.00107006996404,-0.000329206930473,-0.00131303234957,0.000943694729358,-0.00156390597112,0.00161742256023,-0.00272419163957,0.00281769270077,-0.00134950550273,0.00160870305263],[-0.000166228564922,-0.000448358798167,-0.00107006996404,0.00439812010154,-0.000449421117082,-0.000346989283571,0.00148714962415,-0.000798451248556,-0.00150832952932,0.00167431274895,-0.00334587600082,0.00241681351326,-0.0015680231154],[0.000274355203146,-0.00124409329146,-0.000329206930473,-0.000449421117082,0.00419708201662,-0.000384011800634,-0.000518139451742,-0.0020938036032,0.000694537011441,-0.00243560108356,0.00201170356013,-0.00223939679563,0.00114310753997],[-0.00042023518472,0.00152586016338,-0.00131303234957,-0.000346989283571,-0.000384011800634,0.00594523688778,-0.00358331715688,0.00104942172766,-0.00263520376757,0.00292077823542,-0.00357224326581,0.00159468385391,0.000791217724327],[0.000562529370654,-0.00244562188163,0.000943694729358,0.00148714962415,-0.000518139451742,-0.00358331715688,0.0108398925513,-0.00535375392064,0.00399634474888,-0.00199051154777,0.00178350426722,-0.00275125121698,0.0021578988526],[-0.000649020948913,0.00252488953993,-0.00156390597112,-0.000798451248556,-0.0020938036032,0.00104942172766,-0.00535375392064,0.0176168307662,-0.00916896667331,0.00391591107473,-0.00249954476021,0.00227401941083,-0.0010937146144],[0.000742597156204,-0.00267862528563,0.00161742256023,-0.00150832952932,0.000694537011441,-0.00263520376757,0.00399634474888,-0.00916896667331,0.0196964573115,-0.00982716213912,0.0061550932005,-0.00172368448693,-0.00109978741966],[-0.000816339976154,0.00292526907288,-0.00272419163957,0.00167431274895,-0.00243560108356,0.00292077823542,-0.00199051154777,0.00391591107473,-0.00982716213912,0.0240980274975,-0.0124167045578,0.00439883861691,-0.00110090570524],[0.00114108005073,-0.00330874393694,0.00281769270077,-0.00334587600082,0.00201170356013,-0.00357224326581,0.00178350426722,-0.00249954476021,0.0061550932005,-0.0124167045578,0.0264023337513,-0.011762784794,0.00412066979334],[-0.000828038726468,0.00370785919949,-0.00134950550273,0.00241681351326,-0.00223939679563,0.00159468385391,-0.00275125121698,0.00227401941083,-0.00172368448693,0.00439883861691,-0.011762784794,0.0262688938528,-0.0114099308848],[0.00059077644255,-0.00189714413136,0.00160870305263,-0.0015680231154,0.00114310753997,0.000791217724327,0.0021578988526,-0.0010937146144,-0.00109978741966,-0.00110090570524,0.00412066979334,-0.0114099308848,0.0258828308433]],"mean":[15.8864116669,74.6714553833,-122.683876038,36.2455291748,-51.6259765625,13.6038122177,-31.679189682,6.57451868057,-14.406873703,0.230617687106,-18.4960575104,-0.701335608959,-12.5598268509]},"hfc":{"dmean":8.23253250122,"dmean2":12.0343751907,"dvar":97.4147033691,"dvar2":215.940887451,"max":138.063034058,"mean":27.4283504486,"median":25.0928611755,"min":1.09111184375e-16,"var":339.086181641},"melbands":{"dmean":[0.00177936581895,0.00213512778282,0.000964099075645,0.000650602101814,0.000331082410412,0.000178255257197,0.000149038911331,0.000174312532181,0.000214761923417,0.000265341659542,0.000179362716153,0.0000810203782748,0.0000838080741232,0.0000690454398864,0.0000451317355328,0.000052446132031,0.0000499988709635,0.0000580833657295,0.0000423560049967,0.0000253476518992,0.0000362995524483,0.0000229968482017,0.0000198848028958,0.0000117675008369,0.000010658037354,0.00000787264252722,0.00000609882636127,0.00000416537113779,0.00000365843402506,0.00000385652401746,0.00000373347847926,0.00000346511728821,0.00000383460701414,0.00000286529120785,0.00000203384570341,0.00000171724150277,0.00000148927153987,9.09637890345e-7,5.35751951247e-7,4.55135818811e-7],"dmean2":[0.00316215283237,0.00391591992229,0.00175534095615,0.00116367673036,0.000576601363719,0.000288776122034,0.000249127711868,0.000294692843454,0.000358668359695,0.000430641171988,0.000283635163214,0.000125487116748,0.000120966062241,0.000100055702205,0.0000726750513422,0.0000822327783681,0.0000790026679169,0.0000941092293942,0.0000678511787555,0.0000396311115765,0.0000580084088142,0.0000366781896446,0.0000319306236634,0.0000184829095815,0.0000169208997249,0.0000126400127556,0.0000098064147096,0.00000659731176711,0.00000579818470214,0.00000614031796431,0.00000589370620219,0.00000534847049494,0.00000580925006943,0.00000429766578236,0.00000300382794194,0.00000247689081334,0.00000212583518078,0.00000131063188746,7.71745078509e-7,6.65166794533e-7],"dvar":[0.000014894018932,0.0000266076876869,0.00000417114915763,0.00000176259857199,4.3531477445e-7,9.22398442071e-8,6.40680042352e-8,1.11882854981e-7,1.90012926282e-7,2.65494378482e-7,1.19761452311e-7,4.54762592028e-8,4.31942055457e-8,2.95843438636e-8,1.42442990736e-8,1.54625130477e-8,9.42940836524e-9,1.21365584249e-8,7.93954324507e-9,3.16646175946e-9,4.81452078205e-9,1.37693667579e-9,7.87911125233e-10,3.43367112521e-10,1.98327840262e-10,9.98382626571e-11,7.5907294339e-11,3.82651861586e-11,3.05264841183e-11,3.06539758854e-11,3.72796446491e-11,3.70818688256e-11,4.91203779041e-11,2.99335313481e-11,2.26074766546e-11,2.26366148048e-11,2.50582020411e-11,1.00305415016e-11,2.02974659649e-12,1.41070759675e-12],"dvar2":[0.0000405138016504,0.0000755334986025,0.0000118417492558,0.00000488651039632,0.0000012085220078,2.33296660213e-7,1.69708755493e-7,2.9568045079e-7,4.9053545581e-7,6.3373249759e-7,2.67262208808e-7,9.91304673903e-8,8.37681071175e-8,5.99343437102e-8,3.38759917895e-8,3.55239642147e-8,2.19193285744e-8,3.08244736402e-8,1.97180636263e-8,6.92854262851e-9,1.12303339961e-8,3.32505734058e-9,1.89049864652e-9,8.221637815e-10,4.7086035071e-10,2.49149367804e-10,1.87640944449e-10,9.87887480153e-11,7.16347328678e-11,7.51692944001e-11,8.92673643338e-11,8.23321549825e-11,1.09697174955e-10,6.40404812513e-11,4.48066861392e-11,4.24786074371e-11,4.82246083344e-11,2.08999918067e-11,4.19161276868e-12,2.94586252093e-12],"max":[0.0312203858048,0.0435013994575,0.0217785891145,0.0135690597817,0.00712129939348,0.00477170525119,0.00391990551725,0.00473090726882,0.00588562199846,0.00723120709881,0.00447687413543,0.0055013676174,0.00453923270106,0.00336798140779,0.00264574098401,0.00245876796544,0.00177446124144,0.00212345365435,0.00148563389666,0.00110522285104,0.00143414794002,0.000758467765991,0.000454422668554,0.000467657198897,0.000194117514184,0.000150986947119,0.000153979301103,0.000112003253889,0.000100351629953,0.0000839809945319,0.000102572623291,0.000127066945424,0.000223101189476,0.000118850002764,0.000130284446641,0.000081050042354,0.000121863704408,0.000110807646706,0.0000378816512239,0.0000270636392088],"mean":[0.00182326592039,0.00222270097584,0.00118186569307,0.000702341611031,0.000361496990081,0.000259725929936,0.000209534206078,0.000214111729292,0.000243868256803,0.000330292095896,0.000223404582357,0.00011811076547,0.000140362142702,0.000107818814286,0.0000638937126496,0.0000788312972873,0.0000771946288296,0.0000885741610546,0.0000612872827332,0.0000415704853367,0.0000585633933952,0.0000409949388995,0.0000361443562724,0.0000212871782423,0.0000198843918042,0.0000154035133164,0.0000113198966574,0.00000775120861363,0.00000681558231008,0.00000733324941393,0.00000723279481463,0.00000643370003672,0.00000726146026864,0.00000560340458833,0.00000373096872863,0.00000307068216898,0.00000248761216426,0.00000160460331244,0.0000010271892279,8.53404571899e-7],"median":[0.000911088543944,0.0013432004489,0.000811901700217,0.000353971729055,0.000177425972652,0.000139193740324,0.000122279801872,0.000108592939796,0.0000971281624516,0.0000977547751972,0.0000631464426988,0.0000493144107168,0.0000367962384189,0.0000305800313072,0.0000272458000836,0.000032870695577,0.0000420068136009,0.0000505340613017,0.0000303770502796,0.0000226249503612,0.0000330524198944,0.0000263289603026,0.0000247245079663,0.0000139762842082,0.0000140565571201,0.0000118525686048,0.00000781513608672,0.0000054087386161,0.0000047506014198,0.00000525676250618,0.00000474153375762,0.00000378124923373,0.00000442333248429,0.00000349186689164,0.00000203609602067,0.00000137726317462,9.26088773667e-7,7.34252239454e-7,5.84733697906e-7,4.83467374579e-7],"min":[8.54102956134e-25,2.24606370201e-24,2.2842611359e-24,1.70208967645e-24,1.35309554122e-24,1.32217150349e-24,1.82855354589e-24,2.73775360448e-24,2.66078188216e-24,2.12369895105e-24,2.88781703676e-24,2.74414909706e-24,5.73015308689e-24,3.80953986779e-24,3.56915777832e-24,3.10545350532e-24,4.37802380167e-24,3.8185068497e-24,3.4631885152e-24,4.34081441606e-24,5.24766643017e-24,4.1998177566e-24,5.39288231218e-24,4.49702386365e-24,5.54503307042e-24,3.71083877462e-24,5.48003211512e-24,6.20497122676e-24,6.02720852152e-24,4.73736572122e-24,3.63131883436e-24,5.58875213622e-24,6.47603408898e-24,4.85752935303e-24,6.0633943601e-24,6.11080411164e-24,6.84772917588e-24,5.44705457384e-24,5.25758793377e-24,6.82718408246e-24],"var":[0.0000107583227873,0.0000169938903127,0.00000298971349366,0.00000133404353164,3.45150226622e-7,1.30242327145e-7,7.45703871985e-8,1.19697105561e-7,2.0301125403e-7,3.69224864016e-7,1.93208336441e-7,7.81759723623e-8,1.14571712118e-7,6.75400357864e-8,2.04746282151e-8,2.51711753663e-8,1.50627155193e-8,1.69186336052e-8,1.08243112251e-8,5.46704548299e-9,8.51121484402e-9,2.68561195504e-9,1.57289903324e-9,6.58692156374e-10,3.96709082251e-10,1.93505086954e-10,1.45846335009e-10,7.009286207e-11,5.60767959845e-11,5.58482253499e-11,7.11365202855e-11,7.70267738481e-11,1.00516657497e-10,6.49126655206e-11,4.77167680368e-11,4.64630729724e-11,4.85809066586e-11,1.86493286092e-11,3.80243969991e-12,2.4147251039e-12]},"melbands_crest":{"dmean":3.40043973923,"dmean2":5.57742786407,"dvar":9.5910949707,"dvar2":24.7530460358,"max":33.4649581909,"mean":12.478304863,"median":11.643491745,"min":1.56235265732,"var":23.9879989624},"melbands_flatness_db":{"dmean":0.0298747774214,"dmean2":0.0465495660901,"dvar":0.0010048947297,"dvar2":0.00240931450389,"max":0.562074482441,"mean":0.159232139587,"median":0.148078769445,"min":0.00394718069583,"var":0.0042150481604},"melbands_kurtosis":{"dmean":7.06927204132,"dmean2":11.7286863327,"dvar":198.684020996,"dvar2":495.340240479,"max":559.397827148,"mean":12.9298496246,"median":4.79282569885,"min":-1.82277333736,"var":1838.22912598},"melbands_skewness":{"dmean":0.846005260944,"dmean2":1.35719394684,"dvar":1.0591930151,"dvar2":2.71241688728,"max":19.0047988892,"mean":2.38738417625,"median":2.10010528564,"min":-1.27174925804,"var":4.05424356461},"melbands_spread":{"dmean":11.1405830383,"dmean2":17.5999393463,"dvar":179.309783936,"dvar2":401.194671631,"max":236.16229248,"mean":33.8426895142,"median":30.3377914429,"min":0.462974280119,"var":500.483459473},"mfcc":{"cov":[[10209.4580078,576.277832031,49.1964569092,-41.3333930969,-70.8647842407,119.078994751,-180.61895752,131.49659729,32.5121879578,0.367046922445,-50.4167289734,-98.4267196655,-89.2713851929],[576.277832031,1067.45751953,-235.162185669,236.026885986,67.9291610718,27.3517093658,58.8749961853,16.5835933685,57.0778427124,32.3874893188,29.9780082703,-2.47892141342,-5.28861427307],[49.1964569092,-235.162185669,604.702636719,44.6804733276,113.367645264,105.78364563,31.7206573486,45.1752700806,32.6468887329,63.5808639526,23.283241272,43.0722770691,21.2000999451],[-41.3333930969,236.026885986,44.6804733276,343.158355713,150.992965698,-2.29235005379,13.3732051849,-3.6750690937,44.3468513489,32.8596038818,10.7648506165,35.75365448,16.5259342194],[-70.8647842407,67.9291610718,113.367645264,150.992965698,289.322357178,72.0836181641,39.107093811,36.5830917358,61.9527854919,64.9939422607,24.8907604218,35.5691604614,34.698009491],[119.078994751,27.3517093658,105.78364563,-2.29235005379,72.0836181641,173.114349365,76.730140686,59.9844703674,23.2379817963,40.2625465393,35.2373352051,17.0060195923,16.3628101349],[-180.61895752,58.8749961853,31.7206573486,13.3732051849,39.107093811,76.730140686,167.269348145,64.0010299683,23.0701255798,18.6829738617,30.6023311615,20.8155918121,16.7525291443],[131.49659729,16.5835933685,45.1752700806,-3.6750690937,36.5830917358,59.9844703674,64.0010299683,124.224655151,44.136051178,27.4338531494,17.9849510193,14.0058660507,19.4704113007],[32.5121879578,57.0778427124,32.6468887329,44.3468513489,61.9527854919,23.2379817963,23.0701255798,44.136051178,100.75806427,45.7565841675,11.5971078873,11.4181451797,18.1550941467],[0.367046922445,32.3874893188,63.5808639526,32.8596038818,64.9939422607,40.2625465393,18.6829738617,27.4338531494,45.7565841675,94.3604354858,36.3119468689,14.7181167603,6.22713804245],[-50.4167289734,29.9780082703,23.283241272,10.7648506165,24.8907604218,35.2373352051,30.6023311615,17.9849510193,11.5971078873,36.3119468689,73.3055877686,21.7984466553,6.37430095673],[-98.4267196655,-2.47892141342,43.0722770691,35.75365448,35.5691604614,17.0060195923,20.8155918121,14.0058660507,11.4181451797,14.7181167603,21.7984466553,63.7796592712,28.0230484009],[-89.2713851929,-5.28861427307,21.2000999451,16.5259342194,34.698009491,16.3628101349,16.7525291443,19.4704113007,18.1550941467,6.22713804245,6.37430095673,28.0230484009,60.9844856262]],"icov":[[0.000114960639621,-0.0000915019700187,-0.0000451344130852,0.0000334363394359,0.0000339767502737,-0.000134903908474,0.000260444969172,-0.000221159920329,-0.00000213699240703,0.0000519589957548,0.0000661769518047,0.0000710175590939,0.000138687551953],[-0.0000915019700187,0.00146820861846,0.000742134521715,-0.00114194129128,0.00020636167028,-0.000435170513811,-0.000495489395689,0.000206797078135,-0.000468750251457,-0.000219915047637,-0.000376169657102,0.000371675327187,0.000144809630001],[-0.0000451344130852,0.000742134521715,0.00239820196293,-0.000563634559512,-0.000251391844358,-0.00124438724015,0.0000622000807198,-0.0000713903500582,-0.0000254841488641,-0.00097872922197,0.000395232345909,-0.000905784021597,0.00028239027597],[0.0000334363394359,-0.00114194129128,-0.000563634559512,0.00506060803309,-0.00235754973255,0.00140003510751,-0.0000712402979843,0.000777589099016,-0.000640068436041,0.000248508818913,0.000411101704231,-0.00197642296553,0.000541918620002],[0.0000339767502737,0.00020636167028,-0.000251391844358,-0.00235754973255,0.00605641817674,-0.00182426138781,0.0000667007479933,0.0000905671258806,-0.00121167628095,-0.00198570988141,0.000500566151459,-0.000163657532539,-0.00162341003306],[-0.000134903908474,-0.000435170513811,-0.00124438724015,0.00140003510751,-0.00182426138781,0.00997852440923,-0.00298517895862,-0.00190032855608,0.00128488242626,-0.00131024653092,-0.00186136178672,0.000606999034062,-0.00072776543675],[0.000260444969172,-0.000495489395689,0.0000622000807198,-0.0000712402979843,0.0000667007479933,-0.00298517895862,0.00943280942738,-0.00362817081623,-0.0000708862353349,0.0013804025948,-0.00166750431526,-0.000946780608501,0.000155620407895],[-0.000221159920329,0.000206797078135,-0.0000713903500582,0.000777589099016,0.0000905671258806,-0.00190032855608,-0.00362817081623,0.0129889687523,-0.00434888806194,-0.000320382241625,-0.0000268330113613,-0.000321969360812,-0.0017055264907],[-0.00000213699240703,-0.000468750251457,-0.0000254841488641,-0.000640068436041,-0.00121167628095,0.00128488242626,-0.0000708862353349,-0.00434888806194,0.0159664861858,-0.00643195584416,0.00181797612458,0.000905610446353,-0.00281149940565],[0.0000519589957548,-0.000219915047637,-0.00097872922197,0.000248508818913,-0.00198570988141,-0.00131024653092,0.0013804025948,-0.000320382241625,-0.00643195584416,0.0187578313053,-0.00725589739159,-0.0000432117813034,0.00231201946735],[0.0000661769518047,-0.000376169657102,0.000395232345909,0.000411101704231,0.000500566151459,-0.00186136178672,-0.00166750431526,-0.0000268330113613,0.00181797612458,-0.00725589739159,0.0199631601572,-0.00564562203363,0.00120400462765],[0.0000710175590939,0.000371675327187,-0.000905784021597,-0.00197642296553,-0.000163657532539,0.000606999034062,-0.000946780608501,-0.000321969360812,0.000905610446353,-0.0000432117813034,-0.00564562203363,0.0236863158643,-0.0092794355005],[0.000138687551953,0.000144809630001,0.00028239027597,0.000541918620002,-0.00162341003306,-0.00072776543675,0.000155620407895,-0.0017055264907,-0.00281149940565,0.00231201946735,0.00120400462765,-0.0092794355005,0.0227279290557]],"mean":[-616.193481445,102.646873474,-8.39133071899,24.4293251038,3.5063123703,10.1276130676,-5.4445400238,7.58463859558,2.91718292236,3.78691482544,3.65932226181,-1.81770861149,-2.89157509804]},"pitch_salience":{"dmean":0.0747708901763,"dmean2":0.122060008347,"dvar":0.0043321242556,"dvar2":0.0109695391729,"max":0.956438958645,"mean":0.58426451683,"median":0.592685759068,"min":0.0634941160679,"var":0.0123662902042},"silence_rate_20dB":{"dmean":0,"dmean2":0,"dvar":0,"dvar2":0,"max":1,"mean":1,"median":1,"min":1,"var":0},"silence_rate_30dB":{"dmean":0.00709975138307,"dmean2":0.0142020238563,"dvar":0.00704888487235,"dvar2":0.0193256605417,"max":1,"mean":0.995563447475,"median":1,"min":0,"var":0.00441690068692},"silence_rate_60dB":{"dmean":0.0124245649204,"dmean2":0.0248535424471,"dvar":0.0122695835307,"dvar2":0.0295606870204,"max":1,"mean":0.0534161478281,"median":0,"min":0,"var":0.0505631268024},"spectral_centroid":{"dmean":325.946044922,"dmean2":509.46270752,"dvar":122046.679688,"dvar2":269503.84375,"max":11393.3867188,"mean":1767.36340332,"median":1687.96899414,"min":225.318756104,"var":848596.3125},"spectral_complexity":{"dmean":4.90202331543,"dmean2":7.05379009247,"dvar":22.4155921936,"dvar2":43.7533607483,"max":56,"mean":25.3442764282,"median":26,"min":0,"var":123.598823547},"spectral_contrast_coeffs":{"dmean":[0.0598826482892,0.0511337034404,0.045764029026,0.0336764454842,0.0228110142052,0.0194838196039],"dmean2":[0.0996464192867,0.0840894728899,0.0734097138047,0.0535154156387,0.0366608537734,0.0301417801529],"dvar":[0.00282585248351,0.001726549468,0.00150530773681,0.000778593821451,0.00035882377415,0.000332942523528],"dvar2":[0.00782902818173,0.00454567046836,0.00354574760422,0.00186010124162,0.000876228383277,0.000743168347981],"max":[-0.313628435135,-0.388049423695,-0.430220991373,-0.538766741753,-0.602063059807,-0.524782121181],"mean":[-0.653805434704,-0.760772943497,-0.757248222828,-0.775842785835,-0.787775278091,-0.733526229858],"median":[-0.658378660679,-0.769497513771,-0.768725097179,-0.781379044056,-0.788279891014,-0.732021152973],"min":[-0.979629039764,-0.974042475224,-0.977931499481,-0.97205299139,-0.96893632412,-0.963144481182],"var":[0.00721553666517,0.00531997624785,0.00613630190492,0.00319689465687,0.00173782475758,0.00197676359676]},"spectral_contrast_valleys":{"dmean":[0.471687883139,0.449231237173,0.384327739477,0.319328576326,0.274831414223,0.265947371721],"dmean2":[0.744833707809,0.7171459198,0.603125751019,0.49812579155,0.402036935091,0.352592110634],"dvar":[0.226387172937,0.203454360366,0.155776068568,0.122482210398,0.118706986308,0.127536222339],"dvar2":[0.486457407475,0.441302835941,0.310357093811,0.224955677986,0.199200972915,0.206516891718],"max":[-5.01342201233,-4.53781461716,-5.17214918137,-5.80570840836,-5.55594968796,-7.63699197769],"mean":[-7.37575817108,-6.76318216324,-7.31936264038,-7.43705844879,-7.25542163849,-9.94538784027],"median":[-6.86518669128,-6.42566728592,-6.991106987,-7.10400009155,-6.90427732468,-9.50274944305],"min":[-28.2121009827,-27.6189994812,-27.7943172455,-27.4678535461,-27.505607605,-27.3653812408],"var":[4.32323265076,4.09714031219,3.80372262001,3.61007833481,3.63389348984,3.37348151207]},"spectral_decrease":{"dmean":4.24941504207e-9,"dmean2":7.30736982035e-9,"dvar":4.97057958603e-17,"dvar2":1.33134044611e-16,"max":1.73302856042e-28,"mean":-7.60607843375e-9,"median":-6.14389605857e-9,"min":-5.57651311794e-8,"var":4.64665102594e-17},"spectral_energy":{"dmean":0.0165810193866,"dmean2":0.0283469241112,"dvar":0.000729110441171,"dvar2":0.0019508972764,"max":0.214614644647,"mean":0.0311949606985,"median":0.0256029739976,"min":1.02120584187e-20,"var":0.000710403022822},"spectral_energyband_high":{"dmean":0.000512203958351,"dmean2":0.000701310054865,"dvar":7.19006550298e-7,"dvar2":0.00000130099681428,"max":0.0138010093942,"mean":0.00130402331706,"median":0.000914404692594,"min":7.18942979269e-21,"var":0.00000221023765334},"spectral_energyband_low":{"dmean":0.0108523108065,"dmean2":0.0194093268365,"dvar":0.000607669062447,"dvar2":0.00167755817529,"max":0.181874930859,"mean":0.0122554013506,"median":0.00786114390939,"min":2.1981609124e-23,"var":0.000422963610617},"spectral_energyband_middle_high":{"dmean":0.00260600424372,"dmean2":0.00377564155497,"dvar":0.00000967409596342,"dvar2":0.0000203034705919,"max":0.0420197658241,"mean":0.00763573218137,"median":0.00567383505404,"min":1.32071077606e-21,"var":0.0000435834117525},"spectral_energyband_middle_low":{"dmean":0.00702461786568,"dmean2":0.0119820553809,"dvar":0.000121956742078,"dvar2":0.000326151697664,"max":0.113920159638,"mean":0.0113879237324,"median":0.00852513313293,"min":1.68977678835e-22,"var":0.000124279424199},"spectral_entropy":{"dmean":0.123463787138,"dmean2":0.17914699018,"dvar":0.0144560355693,"dvar2":0.0283695757389,"max":9.81575202942,"mean":7.86622333527,"median":7.88128805161,"min":5.92506885529,"var":0.118126615882},"spectral_flux":{"dmean":0.0376455932856,"dmean2":0.058275192976,"dvar":0.00228426116519,"dvar2":0.00389374024235,"max":0.403655171394,"mean":0.109066076577,"median":0.0951885655522,"min":6.12946846057e-11,"var":0.00439390959218},"spectral_kurtosis":{"dmean":1.10250306129,"dmean2":1.81459212303,"dvar":2.07301092148,"dvar2":5.81785821915,"max":37.8938522339,"mean":3.36107707024,"median":3.06486034393,"min":-1.24954986572,"var":4.84092330933},"spectral_rms":{"dmean":0.00125212874264,"dmean2":0.00204460765235,"dvar":0.00000273809496321,"dvar2":0.00000705098500475,"max":0.014469973743,"mean":0.00506750866771,"median":0.0049978508614,"min":3.15641935332e-12,"var":0.00000475447677672},"spectral_rolloff":{"dmean":706.818786621,"dmean2":1156.9831543,"dvar":973942.875,"dvar2":2133181.5,"max":19552.1484375,"mean":2106.62084961,"median":1744.18945312,"min":64.599609375,"var":4072301.75},"spectral_skewness":{"dmean":0.172067731619,"dmean2":0.270940065384,"dvar":0.0322612114251,"dvar2":0.0791365802288,"max":4.60079908371,"mean":1.2876200676,"median":1.29014003277,"min":-0.140050828457,"var":0.119698941708},"spectral_spread":{"dmean":487787.65625,"dmean2":689733.75,"dvar":646381961216,"dvar2":1032242921470,"max":42390140,"mean":4856080,"median":4547987.5,"min":1413247.5,"var":9369202720770},"spectral_strongpeak":{"dmean":0.663642704487,"dmean2":1.1423188448,"dvar":1.24877631664,"dvar2":3.17812275887,"max":11.2838945389,"mean":0.915105760098,"median":0.380926042795,"min":0,"var":1.65753412247},"zerocrossingrate":{"dmean":0.0127416793257,"dmean2":0.0151008320972,"dvar":0.000201479691896,"dvar2":0.000236904306803,"max":0.5283203125,"mean":0.0786230713129,"median":0.07080078125,"min":0.00244140625,"var":0.00243467558175}},"metadata":{"audio_properties":{"analysis_sample_rate":44100,"bit_rate":0,"codec":"flac","downmix":"mix","equal_loudness":0,"length":130.813339233,"lossless":true,"md5_encoded":"664e40428526d96b71bd56db8c2646b7","replay_gain":-14.5216388702,"sample_rate":44100},"tags":{"album":["Whatever People Say I Am, That’s What I’m Not"],"albumartist":["Arctic Monkeys"],"albumartistsort":["Arctic Monkeys"],"artist":["Arctic Monkeys"],"artistsort":["Arctic Monkeys"],"barcode":["094636663623"],"catalognumber":["094636663623"],"date":["2006"],"discnumber":["1"],"disctotal":["1"],"file_name":"01-05 You Probably Couldn’t See for the Lights but You Were Staring Straight at Me.flac","genre":["Indie"],"isrc":["GBCEL0501184"],"label":["Domino"],"media":["CD"],"musicbrainz_albumartistid":["ada7a83c-e3e1-40f1-93f9-3e73dbc9298a"],"musicbrainz_albumid":["f06c983e-89c4-32d2-874a-9045343abbf3"],"musicbrainz_artistid":["ada7a83c-e3e1-40f1-93f9-3e73dbc9298a"],"musicbrainz_recordingid":["d235fada-ee9f-4002-b822-b7bf709026b5"],"musicbrainz_releasegroupid":["6c9c4985-3628-3070-b956-b538f30c9bea"],"originaldate":["2006-01-23"],"producer":["Jim Abbiss"],"releasecountry":["AR"],"releasestatus":["official"],"releasetype":["album"],"script":["Latn"],"title":["You Probably Couldn’t See for the Lights but You Were Staring Straight at Me"],"totaldiscs":["1"],"totaltracks":["13"],"tracknumber":["5"],"tracktotal":["13"]},"version":{"essentia":"2.1-beta1","essentia_build_sha":"ca57ba49d9b1854bd80e60cf9ccf267278fb7d6b","essentia_git_sha":"v2.1_beta1-28-g21ef5f4-dirty","extractor":"music 1.0"}},"rhythm":{"beats_count":229,"beats_loudness":{"dmean":0.0152376834303,"dmean2":0.0264904275537,"dvar":0.000395312468754,"dvar2":0.0010353170801,"max":0.161312818527,"mean":0.0354913808405,"median":0.0332758724689,"min":0,"var":0.000402460689656},"beats_loudness_band_ratio":{"dmean":[0.172026455402,0.0750530734658,0.113107681274,0.105889827013,0.0861