{"lowlevel":{"average_loudness":0.842673897743,"barkbands":{"dmean":[0.00457466067746,0.0096862912178,0.00252331676893,0.00157166458666,0.00142567441799,0.00159505777992,0.00109802454244,0.000538449792657,0.000704716425389,0.000611362338532,0.000390666129533,0.000408548337873,0.000278887251625,0.0003460291191,0.000306873349473,0.000162206255482,0.000136352973641,0.000176083514816,0.000123206889839,0.00008165188774,0.0000561667293368,0.0000271301214525,0.0000072060970524,0.000002378974159,0.00000233911146097,0.0000103123702502,0.000624085892923],"dmean2":[0.00749709038064,0.0155123453587,0.00430007744581,0.00263189524412,0.00232196203433,0.00255333911628,0.00174590852112,0.000882463820744,0.00113048101775,0.000998439849354,0.00061759352684,0.000666243664455,0.000459679693449,0.000561274180654,0.000490528298542,0.000260905537289,0.00021526151977,0.000270706310403,0.000187926052604,0.000124312602566,0.0000825688694022,0.0000391310531995,0.0000109387592602,0.00000388998114431,0.00000383130827686,0.0000157349331857,0.000856952567119],"dvar":[0.0000762665513321,0.000306105794152,0.0000205364140129,0.00000996681683318,0.00000577721857553,0.000022885908038,0.0000113662663352,0.00000367614302377,0.00000528424016011,0.00000450552533948,0.00000109270422399,7.27347639895e-7,3.1859397609e-7,7.76808406044e-7,7.4491020996e-7,1.53496571897e-7,1.34903658022e-7,4.79260791053e-7,2.67514337793e-7,4.48170638379e-8,1.37038638215e-8,3.77184727895e-9,3.04909236748e-10,1.91586971982e-11,1.81229146273e-11,7.31126215125e-10,0.00000114902127279],"dvar2":[0.000194753549295,0.000773316249251,0.0000560828739253,0.0000269848496828,0.0000146672446135,0.0000571346463403,0.0000271870940196,0.00000869298764883,0.0000122234523587,0.0000109775310193,0.0000026223324312,0.00000178838081411,8.2042674876e-7,0.00000197173380911,0.00000191753542822,3.94291816974e-7,3.20237063534e-7,0.00000116581338716,5.85221073379e-7,1.04420102787e-7,2.8636250704e-8,8.37695690592e-9,7.15724868261e-10,4.5902340956e-11,4.36532615611e-11,1.77439751781e-9,0.00000222062385546],"max":[0.181131750345,0.271990805864,0.0959205031395,0.0950038954616,0.0727889761329,0.168314158916,0.157819658518,0.102664485574,0.106697261333,0.131203711033,0.0330405570567,0.0208520758897,0.0181251000613,0.0310124326497,0.0280604921281,0.0198460891843,0.0180192980915,0.0630033165216,0.0282915327698,0.00742261717096,0.00282897939906,0.00217682612129,0.000546426745132,0.00012846327445,0.000113485606562,0.000638263416477,0.0452120155096],"mean":[0.00732772052288,0.0157904736698,0.00316443410702,0.0021572757978,0.00242165266536,0.00236258958466,0.0016958451597,0.000791074126028,0.00110900925938,0.000913552008569,0.000592667667661,0.000690362998284,0.000454112363514,0.000577744096518,0.000509950565174,0.00029008864658,0.00024939281866,0.00032894211472,0.000235982312006,0.000167051461176,0.000129374137032,0.000055551125115,0.0000110339060484,0.00000264154664364,0.00000257233591583,0.0000147668988575,0.00225391564891],"median":[0.00341113237664,0.00801928620785,0.0015443037264,0.000953739276156,0.00137894880027,0.000825703260489,0.000571413780563,0.000270845048362,0.000383454083931,0.00027204194339,0.000200493930606,0.000297963269986,0.000206360055017,0.00020823176601,0.000177593377884,0.000122911194921,0.0000884589535417,0.000106499792309,0.0000768381796661,0.0000637759803794,0.000053115963965,0.0000197577119252,0.00000378615186492,0.00000109051859454,0.00000101037846889,0.00000528433793079,0.00127313728444],"min":[4.27319000521e-25,1.37761787411e-24,8.69836491066e-25,8.67666236108e-25,6.9077244143e-24,8.49186203049e-24,9.47407984332e-24,6.09390631662e-24,1.50007896471e-23,1.39035787912e-23,1.4244436122e-23,2.16633794794e-23,1.70402680329e-23,3.95234932962e-23,3.99672654207e-23,4.46829339171e-23,4.98133349904e-23,8.63267527979e-23,1.13732007837e-22,1.66197329108e-22,2.06047287757e-22,3.523417572e-22,4.04683624894e-22,5.72124993961e-22,7.26795449656e-22,1.33508233238e-21,1.88115775086e-21],"var":[0.000126803672174,0.000511310179718,0.0000237952408497,0.0000148525195982,0.0000107019222924,0.0000336564517056,0.0000199212481675,0.00000620239143245,0.0000105150584204,0.00000779013225838,0.00000189566799236,0.0000014652422351,5.77222010634e-7,0.00000147319508415,0.00000133690070925,3.17618088275e-7,3.09269609033e-7,0.00000100573504369,6.08300069871e-7,8.98584033848e-8,4.06314555335e-8,8.61284643605e-9,4.40756126041e-10,2.23273153438e-11,2.13667764037e-11,8.90035378731e-10,0.00000806504976936]},"barkbands_crest":{"dmean":2.80006408691,"dmean2":4.51709699631,"dvar":6.12453651428,"dvar2":15.8297538757,"max":24.7351531982,"mean":10.5794639587,"median":9.90655136108,"min":2.5947830677,"var":17.2902927399},"barkbands_flatness_db":{"dmean":0.0258992444724,"dmean2":0.0399526841938,"dvar":0.000585236237384,"dvar2":0.00139348232187,"max":0.46506947279,"mean":0.158221825957,"median":0.14752727747,"min":0.0462304577231,"var":0.00333098252304},"barkbands_kurtosis":{"dmean":6.2236032486,"dmean2":9.75643539429,"dvar":155.30909729,"dvar2":378.512023926,"max":274.65335083,"mean":12.0512151718,"median":5.51009178162,"min":-1.880687356,"var":399.703460693},"barkbands_skewness":{"dmean":0.677814900875,"dmean2":1.0358351469,"dvar":0.564781844616,"dvar2":1.32760953903,"max":13.9320058823,"mean":2.54722213745,"median":2.27904486656,"min":-7.46967363358,"var":2.96020340919},"barkbands_spread":{"dmean":9.00165939331,"dmean2":13.5807199478,"dvar":86.1338882446,"dvar2":184.999221802,"max":127.0258255,"mean":36.246711731,"median":30.852306366,"min":0.580611407757,"var":640.631652832},"dissonance":{"dmean":0.0201687905937,"dmean2":0.0340334661305,"dvar":0.000409046770073,"dvar2":0.0011286183726,"max":0.500000119209,"mean":0.463905990124,"median":0.472145110369,"min":0.240916997194,"var":0.000885369314346},"dynamic_complexity":3.49169206619,"erbbands":{"dmean":[0.452000498772,1.73458957672,2.93217086792,4.13096857071,4.85399770737,4.46743631363,9.0358505249,14.3771858215,14.4093208313,16.3676490784,11.1768198013,17.0484752655,14.8850841522,17.2576885223,15.2261972427,16.6512107849,12.5645227432,16.0679512024,15.743979454,12.4173765182,7.27531671524,7.29589176178,9.23459720612,8.07803821564,4.95036077499,3.82830762863,2.85890436172,1.97891390324,1.11839103699,0.438025712967,0.172426357865,0.0628867819905,0.0364837832749,0.0255725905299,0.0170354358852,0.010771648027,0.0165951997042,0.0552706718445,0.051366943866,0.0152179840952],"dmean2":[0.729383111,2.79257464409,4.93030118942,6.834815979,8.13272857666,7.25895214081,14.3395681381,23.0915927887,23.1230278015,26.0203208923,18.2671813965,27.157913208,24.2744121552,27.79504776,23.9748001099,27.0534038544,20.5328159332,25.8692722321,25.0269794464,19.8686943054,11.5107822418,11.3329963684,14.3505249023,12.3815393448,7.45851278305,5.80853176117,4.27503681183,2.91902947426,1.60478210449,0.64912289381,0.260800719261,0.100584976375,0.0599564649165,0.0419660881162,0.0278389044106,0.0174577515572,0.0249071866274,0.0770703107119,0.0694571658969,0.0208313018084],"dvar":[0.756918311119,9.51997184753,26.2968120575,59.6057739258,75.7292175293,70.150428772,508.863830566,2729.72851562,1841.27502441,3454.14453125,1289.52734375,3210.21875,3533.87353516,2453.02807617,1409.23303223,1043.53491211,591.009521484,1591.16809082,1764.47045898,1212.21032715,286.427429199,397.734985352,1022.16912842,1232.81018066,398.33807373,97.3636627197,40.6470451355,16.8033180237,6.55029439926,1.22495722771,0.172535985708,0.012711497955,0.00476533640176,0.0022461193148,0.000931905116886,0.00033813380287,0.00175534572918,0.0182657334954,0.00922323577106,0.000687992433086],"dvar2":[1.98152434826,23.6851100922,70.2110900879,154.56803894,209.502487183,175.288711548,1241.33337402,6855.15966797,4498.79882812,8042.24316406,3243.2253418,7199.77880859,8413.51171875,6244.5390625,3368.10253906,2581.61523438,1539.27124023,4093.70092773,4411.96777344,3111.24902344,690.26965332,922.038269043,2500.55810547,2647.72485352,934.905212402,224.847503662,86.7642822266,37.4644126892,14.5574197769,2.89175701141,0.402355909348,0.0297859031707,0.011494117789,0.0054144943133,0.00224364548922,0.000811841688119,0.00419427454472,0.0411333180964,0.0181628745049,0.00132015929557],"max":[16.7334671021,47.2300643921,108.576644897,186.88671875,288.629852295,260.185852051,802.847595215,2011.42358398,1488.86437988,2860.97583008,1405.89782715,2759.70361328,3829.24731445,2440.93164062,1184.91638184,933.471984863,490.478057861,1492.25769043,1393.4161377,1286.67163086,690.520446777,904.700744629,2346.5246582,2680.01049805,1254.22961426,322.879272461,158.773284912,109.378074646,98.6373748779,29.9279727936,14.4307594299,2.96849060059,1.98976743221,1.30669641495,0.786586523056,0.412380635738,1.20957815647,3.97851514816,2.67645859718,1.24967873096],"mean":[0.721948385239,2.51680612564,3.95051693916,6.2549495697,7.26940965652,7.17401742935,13.9239959717,20.7672672272,22.0580024719,25.7252750397,17.6642875671,27.0141773224,22.9540977478,28.8221569061,26.2329025269,29.5860328674,22.5494709015,28.8325881958,27.7987041473,22.5264720917,14.1981754303,14.3814229965,17.8893623352,15.1580028534,9.91923618317,7.83302259445,6.30086231232,4.33570241928,2.31881904602,0.798739850521,0.259777247906,0.0771100670099,0.0395527221262,0.0278715100139,0.0190095212311,0.0128213930875,0.0264693051577,0.130543842912,0.168490603566,0.0596321262419],"median":[0.343595564365,1.08898162842,1.9910544157,2.99849319458,3.97672748566,3.88188195229,5.18189001083,7.02099084854,7.44365501404,8.06456851959,6.5638012886,9.04917240143,7.91611099243,9.6823348999,10.5913162231,13.6501350403,11.1406974792,11.4530181885,10.5149650574,9.04676532745,6.42003774643,5.29581308365,6.18154096603,4.72013139725,3.60058498383,2.99101233482,2.55748414993,1.7215116024,0.828375816345,0.278101027012,0.0927726998925,0.0336318872869,0.0152791906148,0.010793431662,0.00765303242952,0.00583882443607,0.0113900592551,0.0490487962961,0.0789837539196,0.0387570597231],"min":[9.83271194583e-23,4.32994315548e-22,1.75890627244e-21,5.38454148704e-21,1.03902221366e-20,1.44535821059e-20,5.66019272149e-20,9.03272892478e-20,1.00041892232e-19,1.50832546064e-19,2.85894195816e-19,3.18466474537e-19,5.41505567901e-19,7.50680416263e-19,8.60218464712e-19,1.32125962494e-18,1.75177022084e-18,2.18313725886e-18,2.01135624746e-18,3.01644893411e-18,3.50888485561e-18,3.44900090837e-18,5.16110657806e-18,5.93668849118e-18,6.15377459832e-18,8.77009559063e-18,8.60314324606e-18,1.02563513814e-17,1.28284008401e-17,8.40994859655e-18,1.13368957612e-17,9.20567566631e-18,9.91124335802e-18,7.42867250768e-18,6.32146602877e-18,4.64375845806e-18,2.14697747197e-18,9.24773862764e-19,2.51978885973e-19,2.42463132684e-20],"var":[1.13468575478,15.4238367081,33.1693229675,100.052810669,113.167106628,114.973220825,927.001525879,3679.11401367,3077.21582031,7231.96435547,2135.87280273,6510.71191406,6204.71240234,4789.58691406,2756.24780273,2309.57104492,1168.72790527,3241.59545898,3523.71142578,2236.44677734,706.586669922,1000.80078125,2333.23632812,2668.15625,799.692932129,197.264404297,105.704994202,45.5210227966,14.9772968292,2.01483011246,0.244359374046,0.0162406694144,0.00544569455087,0.0026113584172,0.00111356656998,0.000423119519837,0.00229125213809,0.0422824732959,0.0529531911016,0.00481864996254]},"erbbands_crest":{"dmean":2.50878858566,"dmean2":4.09122848511,"dvar":5.64372348785,"dvar2":14.2744884491,"max":30.8132209778,"mean":8.36051750183,"median":7.41244935989,"min":2.33844661713,"var":16.3825054169},"erbbands_flatness_db":{"dmean":0.0204948130995,"dmean2":0.0311893112957,"dvar":0.000332079915097,"dvar2":0.000747986603528,"max":0.334300875664,"mean":0.138395413756,"median":0.13177266717,"min":0.046059910208,"var":0.00152217748109},"erbbands_kurtosis":{"dmean":0.954085111618,"dmean2":1.5005004406,"dvar":1.91669762135,"dvar2":4.46060037613,"max":42.6360969543,"mean":0.801583588123,"median":0.0666069984436,"min":-1.91015434265,"var":7.11535072327},"erbbands_skewness":{"dmean":0.3436601758,"dmean2":0.530858635902,"dvar":0.0968154892325,"dvar2":0.219542369246,"max":5.07342338562,"mean":0.191321492195,"median":0.150132745504,"min":-5.70955753326,"var":0.694842040539},"erbbands_spread":{"dmean":6.5323266983,"dmean2":9.90732860565,"dvar":37.8901596069,"dvar2":78.1594696045,"max":214.585235596,"mean":33.2076377869,"median":31.3751468658,"min":3.04423737526,"var":241.036727905},"gfcc":{"cov":[[18728.7304688,446.068603516,-2026.03479004,92.9039916992,432.82824707,-888.274719238,843.508605957,-511.121826172,337.994384766,-118.833435059,-186.808197021,89.6965866089,-143.132507324],[446.068603516,926.899291992,130.139312744,-238.462081909,39.9457397461,90.7657165527,-62.3673629761,-9.90014076233,-5.48882722855,-5.01633548737,79.6321563721,-68.5074996948,68.5537948608],[-2026.03479004,130.139312744,661.988891602,94.4997711182,-183.361083984,277.608062744,-212.230255127,153.921920776,-87.198135376,39.4869346619,49.3266525269,-13.4926786423,21.4282684326],[92.9039916992,-238.462081909,94.4997711182,327.115356445,67.487449646,-97.0791473389,80.572593689,-10.5386276245,6.22465085983,-1.56776380539,-28.731924057,43.9998855591,-30.9025440216],[432.82824707,39.9457397461,-183.361083984,67.487449646,271.870880127,-72.1325683594,129.322052002,-46.5175743103,31.4603366852,-25.5187568665,0.0177758168429,1.61912608147,22.5023384094],[-888.274719238,90.7657165527,277.608062744,-97.0791473389,-72.1325683594,415.616119385,-136.609771729,131.61730957,-66.887840271,17.1206264496,50.172794342,-15.0575637817,36.685131073],[843.508605957,-62.3673629761,-212.230255127,80.572593689,129.322052002,-136.609771729,326.750793457,-94.2802886963,82.1747741699,-6.9976849556,-39.9112319946,55.5967788696,-39.9276771545],[-511.121826172,-9.90014076233,153.921920776,-10.5386276245,-46.5175743103,131.61730957,-94.2802886963,188.700286865,-5.11226940155,26.363658905,35.6068840027,-33.8429908752,41.3948440552],[337.994384766,-5.48882722855,-87.198135376,6.22465085983,31.4603366852,-66.887840271,82.1747741699,-5.11226940155,112.033447266,32.5709648132,-5.12203788757,16.6209983826,-22.6066265106],[-118.833435059,-5.01633548737,39.4869346619,-1.56776380539,-25.5187568665,17.1206264496,-6.9976849556,26.363658905,32.5709648132,76.3351516724,32.6486053467,2.07314324379,6.02476501465],[-186.808197021,79.6321563721,49.3266525269,-28.731924057,0.0177758168429,50.172794342,-39.9112319946,35.6068840027,-5.12203788757,32.6486053467,75.0119476318,12.2457675934,25.7296009064],[89.6965866089,-68.5074996948,-13.4926786423,43.9998855591,1.61912608147,-15.0575637817,55.5967788696,-33.8429908752,16.6209983826,2.07314324379,12.2457675934,82.1784439087,-0.676370799541],[-143.132507324,68.5537948608,21.4282684326,-30.9025440216,22.5023384094,36.685131073,-39.9276771545,41.3948440552,-22.6066265106,6.02476501465,25.7296009064,-0.676370799541,87.8855667114]],"icov":[[0.000135324647999,-0.000417334696976,0.000893379619811,-0.000741501804441,0.000488830031827,-0.00026349077234,0.0000196790242626,-0.000183799274964,0.0000899357619346,-0.000152669526869,0.000241664383793,-0.000148283696035,0.000109421111119],[-0.000417334696976,0.00381028163247,-0.00480222050101,0.00450608460233,-0.00235308031552,0.00130339991301,-0.000861844164319,0.00267853285186,-0.00228808098473,0.00287521863356,-0.00405296590179,0.00337935914285,-0.00206435006112],[0.000893379619811,-0.00480222050101,0.0117103112862,-0.00976108759642,0.00647273566574,-0.00451693683863,0.00157787255011,-0.00301604345441,0.00245206593536,-0.00298148393631,0.00247330078855,-0.00187218899373,0.00137568090577],[-0.000741501804441,0.00450608460233,-0.00976108759642,0.0134166367352,-0.00778739573434,0.00525022484362,-0.00115587422624,-0.000210781188798,0.00118521484546,-0.000334085169015,0.000973324582446,-0.00277147931047,0.00177300081123],[0.000488830031827,-0.00235308031552,0.00647273566574,-0.00778739573434,0.0108610857278,-0.00332997553051,-0.00200345320627,0.00150681275409,-0.00254698377103,0.00389026384801,-0.00426239287481,0.00490539241582,-0.00433183368295],[-0.00026349077234,0.00130339991301,-0.00451693683863,0.00525022484362,-0.00332997553051,0.00615213764831,-0.000155894929776,-0.00250781001523,0.0025825095363,-0.000828583550174,0.000360406906111,-0.00245580496266,0.00149323896039],[0.0000196790242626,-0.000861844164319,0.00157787255011,-0.00115587422624,-0.00200345320627,-0.000155894929776,0.00667244940996,-0.000249527103733,-0.00132276583463,-0.00202118605375,0.00406043184921,-0.00473634060472,0.00221324060112],[-0.000183799274964,0.00267853285186,-0.00301604345441,-0.000210781188798,0.00150681275409,-0.00250781001523,-0.000249527103733,0.0133565617725,-0.00742573523894,0.00470359157771,-0.00781786907464,0.00971917342395,-0.00733981840312],[0.0000899357619346,-0.00228808098473,0.00245206593536,0.00118521484546,-0.00254698377103,0.0025825095363,-0.00132276583463,-0.00742573523894,0.0202675629407,-0.0128230471164,0.00831597764045,-0.00882804580033,0.00781080266461],[-0.000152669526869,0.00287521863356,-0.00298148393631,-0.000334085169015,0.00389026384801,-0.000828583550174,-0.00202118605375,0.00470359157771,-0.0128230471164,0.0270124822855,-0.0165404304862,0.00965716131032,-0.00589930126444],[0.000241664383793,-0.00405296590179,0.00247330078855,0.000973324582446,-0.00426239287481,0.000360406906111,0.00406043184921,-0.00781786907464,0.00831597764045,-0.0165404304862,0.0316648893058,-0.0155273443088,0.00364533555694],[-0.000148283696035,0.00337935914285,-0.00187218899373,-0.00277147931047,0.00490539241582,-0.00245580496266,-0.00473634060472,0.00971917342395,-0.00882804580033,0.00965716131032,-0.0155273443088,0.0267698727548,-0.00853703171015],[0.000109421111119,-0.00206435006112,0.00137568090577,0.00177300081123,-0.00433183368295,0.00149323896039,0.00221324060112,-0.00733981840312,0.00781080266461,-0.00589930126444,0.00364533555694,-0.00853703171015,0.0196840055287]],"mean":[-17.2569160461,99.8315658569,-79.1816635132,-3.53913092613,-0.998406052589,-26.022644043,11.4828939438,-21.9154548645,0.330717086792,-3.98228049278,-2.94291043282,-2.53754782677,-3.85637664795]},"hfc":{"dmean":109.611473083,"dmean2":163.76701355,"dvar":26317.9042969,"dvar2":61193.4257812,"max":2621.39428711,"mean":299.786254883,"median":232.15725708,"min":1.09418922033e-16,"var":68604.828125},"melbands":{"dmean":[0.00335011165589,0.00170539843384,0.000688258965965,0.000328460126184,0.000278843304841,0.000313909346005,0.000217238979531,0.000163985037943,0.000101089528471,0.000102794852864,0.0000763610296417,0.0000744209028198,0.0000569483127038,0.0000473718137073,0.0000337476012646,0.0000274720023299,0.0000326968220179,0.0000267797404376,0.0000220301426452,0.0000141995633385,0.00000832613568491,0.00000784972689871,0.00000984980761132,0.00000848414128996,0.00000698628173268,0.00000444764236818,0.00000316278283208,0.00000270195414487,0.00000212535019273,0.00000140139502491,0.00000115076261409,7.60580462611e-7,3.98040128857e-7,2.05657784136e-7,1.12667422059e-7,5.86880446463e-8,3.13978212318e-8,2.57328629516e-8,2.30763230746e-8,2.10234425424e-8],"dmean2":[0.00534485094249,0.00278941146098,0.00113708688878,0.000539032451343,0.000441089941887,0.000502885202877,0.000347803637851,0.000261860608589,0.000164789686096,0.000164539145771,0.000125074540847,0.000120293479995,0.000089782748546,0.0000772427447373,0.0000546517767361,0.0000453827669844,0.0000528810996911,0.000043072290282,0.0000354747426172,0.0000230599925999,0.0000133998155434,0.0000125582782857,0.0000155094312504,0.0000133339453896,0.000010948489944,0.000006908335763,0.00000495809626955,0.00000417246701545,0.000003256887112,0.000002107686214,0.00000174652632268,0.00000112034581434,6.01647343501e-7,3.13735057489e-7,1.72793775732e-7,9.23178120615e-8,5.12684579235e-8,4.24041921576e-8,3.79599214284e-8,3.44905224381e-8],"dvar":[0.000038869016862,0.00000825612642075,0.0000015330451788,3.23316982076e-7,4.22693318569e-7,0.0000011157200106,4.30643638083e-7,3.47181270399e-7,1.08633344098e-7,1.08814745658e-7,9.534412726e-8,4.86000715227e-8,2.22125766669e-8,1.1571298586e-8,3.67087360509e-9,3.04543723573e-9,6.72370781274e-9,5.06104580467e-9,3.8396059665e-9,1.44216816267e-9,3.84300619105e-10,4.79346062843e-10,7.59713902898e-10,1.39509370722e-9,9.21767329132e-10,4.09176720284e-10,9.29273533123e-11,4.80794952462e-11,2.37251763374e-11,8.74549391239e-12,5.43099289499e-12,2.92480753158e-12,1.0688503034e-12,2.59548648849e-13,7.82355340993e-14,1.44725523205e-14,3.30611104764e-15,2.40652415293e-15,1.88286276219e-15,1.50495117772e-15],"dvar2":[0.0000992004715954,0.000021041765649,0.00000403022067985,8.42302199544e-7,0.00000103147033315,0.00000279889104604,0.00000104074433693,8.05557931471e-7,2.72183370953e-7,2.49681050946e-7,2.26405660442e-7,1.23534675822e-7,5.3294911595e-8,2.87928507703e-8,9.15579700944e-9,7.83572673413e-9,1.74002252606e-8,1.25378347704e-8,9.74330660597e-9,3.78572595494e-9,9.51701828455e-10,1.17639986641e-9,1.77104242383e-9,3.74380482171e-9,2.01980898673e-9,9.67556701426e-10,2.31559521557e-10,1.13924050749e-10,5.2639333864e-11,1.95566913358e-11,1.26310923526e-11,6.67441405963e-12,2.51916521497e-12,6.26173266884e-13,1.83475901572e-13,3.42595790875e-14,7.92007654122e-15,5.81015135092e-15,4.54224043767e-15,3.62733812849e-15],"max":[0.106857851148,0.0446826517582,0.0316704213619,0.0190726462752,0.021611822769,0.039596978575,0.0281767975539,0.0294240508229,0.0109626855701,0.014738753438,0.0204065721482,0.0107958773151,0.00476202834398,0.00287952972576,0.0018422557041,0.00166362163145,0.00320531614125,0.00297839543782,0.00177487370092,0.00182979763485,0.000622266787104,0.000884614186361,0.00116784253623,0.00336015271023,0.00212008412927,0.00109014229383,0.000460949086118,0.000201653048862,0.000129979031044,0.0000696180359228,0.0000619797647232,0.0000688695654389,0.0000324668762914,0.000012525528291,0.0000100980751085,0.00000322185087498,0.00000168946326085,0.00000141866269132,0.00000122316873785,0.00000106018069346],"mean":[0.00576451281086,0.00254234718159,0.00109857879579,0.000522800604813,0.000447704020189,0.000464553042548,0.000336407130817,0.000254588085227,0.000152719861944,0.000161278134328,0.000112882604299,0.000119133801491,0.0000901850580703,0.0000796884633019,0.0000593301410845,0.0000463922588096,0.0000548293646716,0.0000444330216851,0.0000368095134036,0.0000244342627411,0.0000147851951624,0.0000138720461109,0.0000176685589395,0.0000149041943587,0.0000121142447824,0.00000800761426945,0.00000584192821407,0.0000050629546422,0.00000424513837061,0.00000297461951959,0.00000231995659306,0.00000146889965436,7.01279134319e-7,3.33287545118e-7,1.62329882869e-7,7.31588087888e-8,3.48468063294e-8,2.72888147634e-8,2.47859635039e-8,2.29017462772e-8],"median":[0.00319723202847,0.00128874671645,0.000582953216508,0.000295069883578,0.000181112030987,0.000161170624779,0.000116468982014,0.0000787652679719,0.0000533088459633,0.0000545844886801,0.0000361680904462,0.0000372215145035,0.0000314275966957,0.000033108961361,0.000028867239962,0.0000214526462514,0.0000197212630155,0.0000161657935678,0.000013029861293,0.00000967276810115,0.00000643795010546,0.00000495284302815,0.0000054793331401,0.00000492803064844,0.00000351175754076,0.00000257127680925,0.00000214865281123,0.00000186897068488,0.00000166266431734,0.00000117369415875,8.94347351732e-7,4.99534394294e-7,2.31372723647e-7,1.06908444764e-7,5.33609565423e-8,2.77865161991e-8,1.43483793735e-8,1.00409147663e-8,9.35313870798e-9,8.86215723028e-9],"min":[1.12800266078e-24,8.81908133676e-25,9.86369193353e-25,8.56621098751e-25,1.41476020654e-24,2.16895550675e-24,1.65234765765e-24,1.32224969932e-24,2.6647405834e-24,2.09389026402e-24,2.42058438615e-24,2.65763018563e-24,2.25050972207e-24,2.719709989e-24,3.28525837423e-24,2.5113144343e-24,3.76927482947e-24,2.87569717503e-24,2.76427353039e-24,2.55920972973e-24,3.95340561437e-24,3.53839180859e-24,3.45739117641e-24,4.49431807075e-24,4.64498300947e-24,3.94698625875e-24,3.85124536613e-24,5.1972617682e-24,4.58529266578e-24,4.65718471552e-24,5.14824234598e-24,5.39329094213e-24,6.44407812258e-24,4.09881516174e-24,5.67423625935e-24,4.53793103475e-24,5.47477830149e-24,5.94316643612e-24,6.31173881712e-24,6.26880111804e-24],"var":[0.0000640427097096,0.0000127938337755,0.00000259425723925,5.20975788731e-7,8.11343056739e-7,0.00000155958923642,7.18997966942e-7,7.20633124729e-7,1.80941071903e-7,2.15300261175e-7,1.66227820841e-7,9.18274025707e-8,4.01779196579e-8,2.21122657962e-8,7.82548692513e-9,5.85094106498e-9,1.30638326823e-8,9.99337412821e-9,6.99195146225e-9,2.59725219109e-9,8.36642644053e-10,1.02442088146e-9,1.736570443e-9,2.53865839461e-9,1.846644615e-9,7.85637388478e-10,1.61382698871e-10,8.67628191514e-11,5.32284286092e-11,2.2940656319e-11,1.33611888914e-11,6.39525802107e-12,1.72009064978e-12,3.85971582386e-13,1.06746276857e-13,1.83197708848e-14,3.8552878236e-15,2.72724322577e-15,2.1610895802e-15,1.75465236128e-15]},"melbands_crest":{"dmean":4.1631026268,"dmean2":6.74320602417,"dvar":13.2385482788,"dvar2":34.1241073608,"max":37.1630363464,"mean":17.8562812805,"median":17.0215549469,"min":1.58385014534,"var":50.061870575},"melbands_flatness_db":{"dmean":0.0330503620207,"dmean2":0.0510438419878,"dvar":0.000855755235534,"dvar2":0.00206469441764,"max":0.630165457726,"mean":0.273424357176,"median":0.26578488946,"min":0.00330092129298,"var":0.0060099279508},"melbands_kurtosis":{"dmean":9.40949440002,"dmean2":14.7981319427,"dvar":296.769348145,"dvar2":711.852416992,"max":530.639648438,"mean":18.1078472137,"median":10.3594865799,"min":-1.95442163944,"var":749.211791992},"melbands_skewness":{"dmean":0.84842389822,"dmean2":1.31125998497,"dvar":0.755715489388,"dvar2":1.78010439873,"max":20.6839981079,"mean":3.09305667877,"median":2.80256390572,"min":-5.86101007462,"var":3.62691116333},"melbands_spread":{"dmean":4.83308410645,"dmean2":7.46726894379,"dvar":45.9986343384,"dvar2":106.168243408,"max":328.218994141,"mean":16.5993595123,"median":12.5211429596,"min":0.424728214741,"var":302.536987305},"mfcc":{"cov":[[8722.64648438,282.002655029,-1573.49401855,782.656799316,-479.212097168,183.387466431,-131.494979858,132.641281128,193.987548828,50.2279891968,117.503494263,-83.9035415649,-4.16569852829],[282.002655029,1106.15478516,73.4203338623,-209.921539307,107.572502136,5.83330202103,71.8521957397,-49.0716972351,12.8091917038,6.80206298828,16.7788448334,30.9658508301,-13.0101289749],[-1573.49401855,73.4203338623,893.767883301,-262.450408936,178.973419189,-47.7716178894,48.5670700073,-5.34524822235,-71.2158508301,24.1194019318,-30.2334785461,55.7961463928,11.4943094254],[782.656799316,-209.921539307,-262.450408936,589.108947754,-131.761657715,39.3564300537,-41.7879943848,19.9597930908,43.2452774048,-28.2820091248,23.0510044098,-29.1914787292,17.1477069855],[-479.212097168,107.572502136,178.973419189,-131.761657715,280.246765137,-45.1975479126,67.8576583862,-13.9446868896,-6.55611896515,7.33705472946,-25.2258911133,24.2180652618,-11.6058368683],[183.387466431,5.83330202103,-47.7716178894,39.3564300537,-45.1975479126,187.736755371,31.4087638855,53.0496482849,-1.4854644537,-2.65050172806,4.83171129227,-4.14159011841,23.76902771],[-131.494979858,71.8521957397,48.5670700073,-41.7879943848,67.8576583862,31.4087638855,143.091690063,27.0681095123,28.2703094482,-11.8063764572,-5.62271690369,20.356672287,2.20316290855],[132.641281128,-49.0716972351,-5.34524822235,19.9597930908,-13.9446868896,53.0496482849,27.0681095123,114.221435547,18.0113601685,13.9863138199,0.718064069748,-3.05621647835,15.4878673553],[193.987548828,12.8091917038,-71.2158508301,43.2452774048,-6.55611896515,-1.4854644537,28.2703094482,18.0113601685,92.2944412231,24.121553421,16.2812328339,0.42391371727,-5.76011705399],[50.2279891968,6.80206298828,24.1194019318,-28.2820091248,7.33705472946,-2.65050172806,-11.8063764572,13.9863138199,24.121553421,75.7261047363,34.5023574829,6.69326114655,-1.73324799538],[117.503494263,16.7788448334,-30.2334785461,23.0510044098,-25.2258911133,4.83171129227,-5.62271690369,0.718064069748,16.2812328339,34.5023574829,72.8785095215,24.1079654694,2.89444065094],[-83.9035415649,30.9658508301,55.7961463928,-29.1914787292,24.2180652618,-4.14159011841,20.356672287,-3.05621647835,0.42391371727,6.69326114655,24.1079654694,63.1185417175,21.4932155609],[-4.16569852829,-13.0101289749,11.4943094254,17.1477069855,-11.6058368683,23.76902771,2.20316290855,15.4878673553,-5.76011705399,-1.73324799538,2.89444065094,21.4932155609,55.9174232483]],"icov":[[0.000196813314687,-0.000120693141071,0.000296495418297,-0.000156299371156,0.000114379326988,-0.0000304793211399,0.0000954805800575,-0.000219275782001,-0.0000178588725248,-0.00025532770087,0.00010450364789,-0.000151070242282,0.000110136948933],[-0.000120693141071,0.00112473231275,-0.000151567946887,0.000450757128419,-0.000311732583214,-0.000245811213972,-0.000367233966244,0.000708129140548,-0.000283560628304,0.000349701032974,-0.000515374937095,0.0000506202995894,-0.00000740724863135],[0.000296495418297,-0.000151567946887,0.00203418591991,0.0000865796318976,-0.00032271631062,0.0002391673479,-0.000261559442151,-0.000493592582643,0.00129248748999,-0.00150072947145,0.00110921519808,-0.00139171991032,0.0000846515467856],[-0.000156299371156,0.000450757128419,0.0000865796318976,0.00253375573084,0.000179020644282,-0.000225140654948,0.000515656021889,0.0000919574158615,-0.00135389261413,0.002001904184,-0.00148316018749,0.0011435005581,-0.00105467252433],[0.000114379326988,-0.000311732583214,-0.00032271631062,0.000179020644282,0.00548360915855,0.00114071695134,-0.00246999063529,0.000335209129844,0.000720970274415,-0.00208898726851,0.00268401182257,-0.00174171372782,0.00114520848729],[-0.0000304793211399,-0.000245811213972,0.0002391673479,-0.000225140654948,0.00114071695134,0.00721865845844,-0.00228024716489,-0.00256212847307,0.00182268151548,-0.000355708034476,-0.000594725075644,0.00149499904364,-0.00243891589344],[0.0000954805800575,-0.000367233966244,-0.000261559442151,0.000515656021889,-0.00246999063529,-0.00228024716489,0.0113499779254,-0.00234648608603,-0.00487783364952,0.00458835996687,-0.00029518752126,-0.00297449622303,0.00127500575036],[-0.000219275782001,0.000708129140548,-0.000493592582643,0.0000919574158615,0.000335209129844,-0.00256212847307,-0.00234648608603,0.0120283123106,-0.00137250020634,-0.00270321476273,0.00107053702231,0.00172349147033,-0.0028018199373],[-0.0000178588725248,-0.000283560628304,0.00129248748999,-0.00135389261413,0.000720970274415,0.00182268151548,-0.00487783364952,-0.00137250020634,0.0161528829485,-0.00666833249852,0.000450961815659,-0.00043208169518,0.00162937352434],[-0.00025532770087,0.000349701032974,-0.00150072947145,0.002001904184,-0.00208898726851,-0.000355708034476,0.00458835996687,-0.00270321476273,-0.00666833249852,0.0231556426734,-0.0117420218885,0.00316551700234,-0.000535613333341],[0.00010450364789,-0.000515374937095,0.00110921519808,-0.00148316018749,0.00268401182257,-0.000594725075644,-0.00029518752126,0.00107053702231,0.000450961815659,-0.0117420218885,0.0246832855046,-0.011571300216,0.00349221238866],[-0.000151070242282,0.0000506202995894,-0.00139171991032,0.0011435005581,-0.00174171372782,0.00149499904364,-0.00297449622303,0.00172349147033,-0.00043208169518,0.00316551700234,-0.011571300216,0.0270786769688,-0.0111769903451],[0.000110136948933,-0.00000740724863135,0.0000846515467856,-0.00105467252433,0.00114520848729,-0.00243891589344,0.00127500575036,-0.0028018199373,0.00162937352434,-0.000535613333341,0.00349221238866,-0.0111769903451,0.0244628600776]],"mean":[-683.848754883,170.053771973,-18.0906505585,41.4314994812,-2.79564428329,19.4267292023,5.94496250153,2.20646905899,4.86396837234,0.247550830245,5.95590782166,1.96425044537,2.18073034286]},"pitch_salience":{"dmean":0.0730683207512,"dmean2":0.11844380945,"dvar":0.00419972883537,"dvar2":0.0109990416095,"max":0.872322559357,"mean":0.523753702641,"median":0.537591576576,"min":0.12460680306,"var":0.014680554159},"silence_rate_20dB":{"dmean":0.000119189513498,"dmean2":0.000238393229665,"dvar":0.000119173942949,"dvar2":0.000238330976572,"max":1,"mean":0.99988079071,"median":1,"min":0,"var":0.00011916684889},"silence_rate_30dB":{"dmean":0.0768772363663,"dmean2":0.153763636947,"dvar":0.0709637850523,"dvar2":0.153372660279,"max":1,"mean":0.873845398426,"median":1,"min":0,"var":0.11022746563},"silence_rate_60dB":{"dmean":0.00417163269594,"dmean2":0.00834376271814,"dvar":0.00415564281866,"dvar2":0.0097038783133,"max":1,"mean":0.0412967056036,"median":0,"min":0,"var":0.0395944975317},"spectral_centroid":{"dmean":193.652359009,"dmean2":289.898681641,"dvar":48323.03125,"dvar2":100506.351562,"max":11673.5947266,"mean":1170.33007812,"median":980.552734375,"min":145.184112549,"var":1142959.375},"spectral_complexity":{"dmean":3.2842669487,"dmean2":4.85726213455,"dvar":13.8195619583,"dvar2":24.4310531616,"max":58,"mean":18.7700366974,"median":17,"min":0,"var":123.995529175},"spectral_contrast_coeffs":{"dmean":[0.0502583645284,0.0491731986403,0.038223978132,0.0298539008945,0.0212796162814,0.0448413938284],"dmean2":[0.0837057605386,0.081473402679,0.0632297992706,0.0493150390685,0.0343502722681,0.0689860209823],"dvar":[0.0015918968711,0.00154419720639,0.000918371137232,0.000558454776183,0.000349796406226,0.00157197343651],"dvar2":[0.00439644325525,0.00421907147393,0.00250477669761,0.00150153040886,0.000852025928907,0.00358852255158],"max":[-0.391287773848,-0.394616276026,-0.515717744827,-0.56680816412,-0.49979326129,-0.43007838726],"mean":[-0.708456218243,-0.757983982563,-0.790411710739,-0.80534607172,-0.82256680727,-0.731285870075],"median":[-0.712456583977,-0.764236927032,-0.793701171875,-0.806192994118,-0.819767057896,-0.730129361153],"min":[-0.982216894627,-0.977348744869,-0.977006673813,-0.975609958172,-0.975009858608,-0.96456182003],"var":[0.00529450504109,0.00488441763446,0.00337860966101,0.00231201876886,0.00205061701126,0.00857143010944]},"spectral_contrast_valleys":{"dmean":[0.364363431931,0.356047689915,0.318434149027,0.289639055729,0.293211191893,0.624840915203],"dmean2":[0.600342094898,0.580556631088,0.50535595417,0.450038224459,0.418758422136,1.00358390808],"dvar":[0.105119295418,0.102548971772,0.0900491550565,0.0963620245457,0.131630524993,0.30409899354],"dvar2":[0.243831291795,0.231099694967,0.192128285766,0.189888671041,0.245441317558,0.735992491245],"max":[-4.86762666702,-4.52311182022,-5.28312158585,-5.32393884659,-5.44885444641,-8.64482021332],"mean":[-6.8119225502,-6.73541593552,-7.30311155319,-7.69343996048,-7.86736297607,-11.3592596054],"median":[-6.52106285095,-6.48568916321,-6.98951482773,-7.32930374146,-7.48411893845,-11.1514501572],"min":[-28.040140152,-27.9137363434,-28.0779743195,-27.719997406,-27.5374393463,-27.4764881134],"var":[3.95387649536,3.95115017891,3.8923368454,3.92561984062,4.06413459778,2.74764704704]},"spectral_decrease":{"dmean":4.19268042506e-9,"dmean2":6.63231158882e-9,"dvar":3.77570130933e-17,"dvar2":9.30674803818e-17,"max":1.67174096788e-8,"mean":-7.4898123259e-9,"median":-5.25011989438e-9,"min":-9.98719116296e-8,"var":7.62693942871e-17},"spectral_energy":{"dmean":0.0181419607252,"dmean2":0.0273194219917,"dvar":0.000694015005138,"dvar2":0.00161534466315,"max":0.461525082588,"mean":0.0554599873722,"median":0.0444596298039,"min":1.00763345591e-20,"var":0.00210816645995},"spectral_energyband_high":{"dmean":0.000530540419277,"dmean2":0.000698879826814,"dvar":0.00000105951812657,"dvar2":0.000001941863502,"max":0.0425400920212,"mean":0.00185596896335,"median":0.00092577416217,"min":6.92570215675e-21,"var":0.00000655299754726},"spectral_energyband_low":{"dmean":0.0131727801636,"dmean2":0.0208112392575,"dvar":0.000489416474011,"dvar2":0.00120725005399,"max":0.372182101011,"mean":0.0258215982467,"median":0.0168711636215,"min":1.02218647612e-23,"var":0.000963843951467},"spectral_energyband_middle_high":{"dmean":0.00161781918723,"dmean2":0.002398225246,"dvar":0.00000988982810668,"dvar2":0.0000217463893932,"max":0.140393182635,"mean":0.00482843676582,"median":0.00276977755129,"min":1.15230278102e-21,"var":0.0000405357131967},"spectral_energyband_middle_low":{"dmean":0.00452358229086,"dmean2":0.00711886258796,"dvar":0.0000613752345089,"dvar2":0.000151444648509,"max":0.184415251017,"mean":0.0107546821237,"median":0.00663319602609,"min":1.46142957663e-22,"var":0.000160675495863},"spectral_entropy":{"dmean":0.167122468352,"dmean2":0.252926498652,"dvar":0.0324030742049,"dvar2":0.073296546936,"max":9.82601261139,"mean":7.46510505676,"median":7.55285310745,"min":5.24885988235,"var":0.20923833549},"spectral_flux":{"dmean":0.0274464674294,"dmean2":0.0429014898837,"dvar":0.00106356036849,"dvar2":0.0023808919359,"max":0.521767795086,"mean":0.117757700384,"median":0.110488049686,"min":6.32673566314e-11,"var":0.00386554421857},"spectral_kurtosis":{"dmean":5.0096783638,"dmean2":7.70951843262,"dvar":54.8086776733,"dvar2":136.221603394,"max":141.474731445,"mean":21.3767318726,"median":19.1233100891,"min":-1.27640807629,"var":117.798233032},"spectral_rms":{"dmean":0.00108373689,"dmean2":0.00159124739002,"dvar":0.0000015356251879,"dvar2":0.00000334102946908,"max":0.0212195292115,"mean":0.00672508589923,"median":0.00658598914742,"min":3.13537390495e-12,"var":0.00000888064369065},"spectral_rolloff":{"dmean":3440.0168457,"dmean2":6594.88671875,"dvar":48124444,"dvar2":118576344,"max":22028.4667969,"mean":17305.4765625,"median":21425.5371094,"min":43.06640625,"var":64509724},"spectral_skewness":{"dmean":0.383852481842,"dmean2":0.575985610485,"dvar":0.236651137471,"dvar2":0.555810570717,"max":9.98738861084,"mean":3.22289633751,"median":3.0660598278,"min":-0.223263800144,"var":0.826142311096},"spectral_spread":{"dmean":486221.59375,"dmean2":743096.5,"dvar":401157652480,"dvar2":844328599552,"max":43286396,"mean":4645737.5,"median":4387281.5,"min":1282091.125,"var":10615791812600},"spectral_strongpeak":{"dmean":7.12494564056,"dmean2":13.4030179977,"dvar":437.853851318,"dvar2":1179.22460938,"max":263.351257324,"mean":5.43000221252,"median":0.222628682852,"min":0,"var":339.617218018},"zerocrossingrate":{"dmean":0.0452444665134,"dmean2":0.0572024136782,"dvar":0.00157055817544,"dvar2":0.0024720239453,"max":0.76123046875,"mean":0.333229392767,"median":0.32958984375,"min":0.00830078125,"var":0.0116799334064}},"metadata":{"audio_properties":{"analysis_sample_rate":44100,"bit_rate":144253,"codec":"mp3","downmix":"mix","equal_loudness":0,"length":389.616333008,"lossless":false,"md5_encoded":"b053f8ba42b2d26df6845c7fd0f707ec","replay_gain":-3.65156936646},"tags":{"album":["A Trick of the Tail"],"artist":["Genesis"],"date":["1994","1975"],"file_name":"03 - Genesis - Squonk.mp3","genre":["Progressive Rock"],"musicbrainz album artist":["Genesis"],"musicbrainz album artist sortname":["Genesis"],"musicbrainz album status":["official"],"musicbrainz album type":["album"],"musicbrainz non-album":["0"],"musicbrainz_albumartistid":["8e3fcd7d-bda1-4ca0-b987-b8528d2ee74e"],"musicbrainz_albumid":["42f9a44b-b325-4443-90da-9ef0a749b57f"],"musicbrainz_artistid":["8e3fcd7d-bda1-4ca0-b987-b8528d2ee74e"],"musicbrainz_recordingid":["d29b637b-9ad3-4c56-9d2e-461bd995f59a"],"musicip_puid":[""],"originaldate":["1975"],"title":["Squonk"],"tracknumber":["3/8"]},"version":{"essentia":"2.1-beta1","essentia_build_sha":"ab033649a6180e58ab3ffa3648ee50b8e9460706","essentia_git_sha":"v2.1_beta1-8-g0ed32f5-dirty","extractor":"music 1.0"}},"rhythm":{"beats_count":562,"beats_loudness":{"dmean":0.0434847436845,"dmean2":0.0764296650887,"dvar":0.00154395692516,"dvar2":0.00479960208759,"max":0.301583111286,"mean":0.0935148075223,"median":0.0860707387328,"min":0,"var":0.0029567789752},"beats_loudness_band_ratio":{"dmean":[0.205168783665,0.0755344927311,0.0509025938809,0.0302916001529,0.022835124284,0.149850934744],"dmean2":[0.37532889843,0.138480082154,0.0902099311352,0.0521052442491,0.0413074679673,0.275567114353],"dvar":[0.0230280086398,0.00551647180691,0.0041736299172,0.00103916029911,0.000607729598414,0.0144260562956],"dvar2":[0.0697954297066,0.0158391594887,0.0116398483515,0.00274650682695,0.0017533430364,0.0450165458024],"max":[0.926810324192,0.592042088509,0.503491282463,0.219773694873,0.2