{"lowlevel":{"average_loudness":0.81310236454,"barkbands":{"dmean":[0.00537694897503,0.0105335880071,0.00401600683108,0.0011376979528,0.00187813991215,0.00179623276927,0.00141620181967,0.000491607468575,0.000723618897609,0.000472321524285,0.000427896215115,0.000529079814442,0.00012159027392,0.000104060265585,0.0000845858594403,0.0000353431387339,0.0000380233432224,0.0000320925391861,0.0000279469240922,0.0000377520045731,0.0000373490474885,0.0000267083960352,0.00000818191620056,0.00000399346617996,0.00000267057657766,0.00000624577205599,0.0000921782047953],"dmean2":[0.00870533846319,0.016795437783,0.00678412849084,0.00183990155347,0.00301994197071,0.00273935077712,0.00215836148709,0.000762489391491,0.00110829190817,0.000737911730539,0.0006894923863,0.000847430841532,0.000197288958589,0.000172694359208,0.000139406343806,0.0000581343701924,0.0000626020555501,0.0000508622470079,0.0000427576705988,0.000054738487961,0.0000549109317944,0.0000414466885559,0.0000125913556985,0.00000622086145086,0.00000437646212958,0.00000924693904381,0.000142658027471],"dvar":[0.0000539606262464,0.000171032457729,0.0000300687643175,0.00000301872000819,0.0000173573080247,0.0000283602093987,0.0000187201167137,0.00000173994908437,0.00000636506683804,0.00000136021344588,0.00000102371075172,0.00000112969883048,5.07681079398e-8,7.58324958383e-8,2.59348826859e-8,3.7867811109e-9,4.80724526852e-9,4.83477125002e-9,1.24797416845e-8,1.01514373796e-7,8.53069010986e-8,1.13878321883e-7,4.84126960743e-10,4.80085277088e-11,2.20191954947e-11,1.80866391308e-10,2.48605935838e-8],"dvar2":[0.000132409972139,0.00042372950702,0.0000800802226877,0.00000773487317929,0.0000418019553763,0.0000641038059257,0.0000423659766966,0.00000365222786058,0.0000141701939356,0.00000319905871038,0.00000256759722106,0.00000286758722723,1.24430613369e-7,2.01057773097e-7,6.77862743714e-8,9.73814451299e-9,1.24091936726e-8,1.08055226988e-8,2.59402828107e-8,2.13692544548e-7,2.01124066734e-7,3.27060774907e-7,1.05345987489e-9,1.08440000035e-10,5.3547898754e-11,3.98824057113e-10,5.80325831834e-8],"max":[0.102662697434,0.187191456556,0.0896159932017,0.0273043513298,0.14454460144,0.13861104846,0.122587837279,0.0404995568097,0.0883448645473,0.032922565937,0.0288358591497,0.0180817190558,0.00645925058052,0.0130819799379,0.00406074151397,0.00184194615576,0.00208415626548,0.00374493701383,0.00529953511432,0.0213080476969,0.0196685679257,0.0257106237113,0.000950967369135,0.000125917882542,0.0000779176189099,0.00037813684321,0.00473254173994],"mean":[0.00897848978639,0.0184599179775,0.00539762340486,0.00170515663922,0.00301254866645,0.0026800299529,0.00259274896234,0.000804898212664,0.00142421771307,0.000782450661063,0.000679632241372,0.000911165960133,0.000215219333768,0.000179981812835,0.000153730245074,0.0000680325902067,0.0000742740012356,0.0000613196898485,0.000054212006944,0.0000645675318083,0.000060109734477,0.0000373754483007,0.0000124877815324,0.00000496450411447,0.00000276053674497,0.0000094662182164,0.00027765482082],"median":[0.00560786295682,0.0118441395462,0.00319129694253,0.000930407026317,0.00130271632224,0.000711013679393,0.000576600374188,0.000242708279984,0.000254436163232,0.000243924441747,0.000228146411246,0.000316670339089,0.0000976045921561,0.0000734870118322,0.0000850288924994,0.0000384364175261,0.0000394106573367,0.0000273615114565,0.0000193208343262,0.0000146771981235,0.0000130811704366,0.00000726212965674,0.00000342383464158,0.00000168471490269,9.72751649897e-7,0.00000279727919406,0.000171395920916],"min":[9.29050998459e-13,6.34212300732e-13,1.01129581055e-13,2.62824701239e-14,1.38172662873e-13,3.57116463137e-13,2.16460516503e-13,5.36695017042e-14,7.84393505552e-14,1.07029050336e-13,1.75209740922e-13,1.01208673603e-13,1.57638469335e-13,2.05796805378e-13,2.46537301208e-13,4.15926001323e-13,5.23163923207e-13,2.90673274296e-13,3.93189143353e-13,1.11870668978e-12,2.01309433533e-12,1.2164596587e-12,1.13636140428e-12,1.75722858573e-12,4.00337749062e-12,4.06300080386e-12,6.8134664577e-12],"var":[0.000107547130028,0.000372048147256,0.0000467312020191,0.00000554611369807,0.0000301981381199,0.0000525819596078,0.0000507948534505,0.00000432391152572,0.0000242281676037,0.00000283506733467,0.00000193092591871,0.00000223063398153,1.23855798506e-7,1.27347064449e-7,5.50394432253e-8,8.45046521647e-9,1.11484919074e-8,1.28133699207e-8,3.14768939802e-8,1.7917396633e-7,1.12517454909e-7,8.06976387935e-8,1.0591771904e-9,7.35004765384e-11,2.5043103008e-11,4.12384210113e-10,1.1107055542e-7]},"barkbands_crest":{"dmean":2.94876241684,"dmean2":4.80651569366,"dvar":5.82810306549,"dvar2":15.2353820801,"max":25.9336872101,"mean":12.0585222244,"median":11.6554908752,"min":2.75313830376,"var":16.5774517059},"barkbands_flatness_db":{"dmean":0.0300564430654,"dmean2":0.0466996058822,"dvar":0.000640864134766,"dvar2":0.00153167336248,"max":0.44405144453,"mean":0.192373678088,"median":0.186252504587,"min":0.0454580672085,"var":0.00303596444428},"barkbands_kurtosis":{"dmean":10.8437929153,"dmean2":17.1507740021,"dvar":250.546508789,"dvar2":599.452087402,"max":265.043365479,"mean":22.5505123138,"median":13.050075531,"min":-1.87275469303,"var":735.734619141},"barkbands_skewness":{"dmean":0.909286558628,"dmean2":1.41665029526,"dvar":0.769501149654,"dvar2":1.79226100445,"max":13.0950984955,"mean":3.4783706665,"median":3.07904028893,"min":-3.58862924576,"var":3.94469165802},"barkbands_spread":{"dmean":4.43956613541,"dmean2":6.90896224976,"dvar":30.2614173889,"dvar2":65.5906448364,"max":128.430511475,"mean":14.0552616119,"median":11.3222675323,"min":0.550377726555,"var":156.169921875},"dissonance":{"dmean":0.0266794469208,"dmean2":0.0455386266112,"dvar":0.000606675515883,"dvar2":0.00167357712053,"max":0.500000178814,"mean":0.452540099621,"median":0.460098922253,"min":0.111447863281,"var":0.00117335596588},"dynamic_complexity":4.70498561859,"erbbands":{"dmean":[0.473517924547,2.00209856033,4.88261795044,3.53339719772,5.43499422073,5.54232168198,13.1097307205,14.082736969,15.4502439499,23.3732643127,9.98171901703,15.8242549896,11.4181919098,16.3269939423,18.188867569,19.307390213,5.8316526413,4.45512533188,5.53700017929,2.79819917679,1.76635253429,1.91756284237,1.85236060619,1.23098540306,1.62009966373,1.74448978901,1.74142158031,1.36124622822,1.00632047653,0.474219024181,0.211882546544,0.103709429502,0.0580394156277,0.0303340870887,0.0189397484064,0.0130248656496,0.0127216074616,0.0147997839376,0.00629538670182,0.00323064462282],"dmean2":[0.743213117123,3.30721378326,8.19361019135,5.77375364304,8.93640995026,8.94950675964,20.9973430634,21.3673267365,23.41065979,35.4432373047,15.5642662048,24.345085144,17.8689613342,25.2744846344,28.9369697571,30.9531879425,9.3310251236,7.40847158432,9.04868793488,4.55507421494,2.89727449417,3.12947201729,2.95676994324,1.90561115742,2.45566606522,2.50760340691,2.55264472961,2.06907057762,1.56636822224,0.71363902092,0.326773315668,0.160295620561,0.0914088562131,0.0495902821422,0.0309821106493,0.0205151289701,0.018691746518,0.0211533382535,0.0086742406711,0.00484323967248],"dvar":[0.391177684069,6.25024604797,39.3689422607,25.5709514618,104.483001709,248.284927368,1446.06188965,1970.6673584,2780.13012695,5789.90380859,645.852661133,3119.26879883,1288.76843262,1312.38293457,1221.81628418,1505.65771484,114.096992493,150.467910767,110.564994812,22.9110736847,10.8422031403,14.3612136841,14.6709709167,13.5754652023,74.7270126343,246.291091919,186.200561523,107.062065125,196.037033081,3.30077314377,0.313752233982,0.0458383597434,0.00954022072256,0.00280730891973,0.00109738553874,0.000452659383882,0.000825710827485,0.00296559976414,0.000490208156407,0.000025777520932],"dvar2":[0.921798825264,16.6247825623,104.233261108,66.9386901855,268.353851318,584.266296387,3567.25976562,4157.56542969,6005.14941406,12984.2431641,1435.31848145,6904.81152344,2933.12426758,3033.37036133,3055.10791016,3762.89111328,278.491851807,422.698791504,274.811706543,57.2734489441,27.2404403687,36.4050254822,34.612663269,28.356798172,155.607666016,501.737518311,431.692687988,300.842895508,566.784118652,7.44237518311,0.714572370052,0.104047700763,0.0220298748463,0.00681632664055,0.00266404566355,0.00104780262336,0.00180552562233,0.00735152047127,0.00106175336987,0.0000573093893763],"max":[8.66629505157,28.8159198761,105.960258484,87.1798248291,162.859603882,723.95880127,865.623901367,1318.9029541,2028.18652344,2280.02807617,733.170288086,2259.15380859,1065.66833496,1048.19055176,586.786193848,838.639709473,248.02230835,724.570068359,324.688171387,114.670875549,117.702835083,125.737998962,134.184387207,166.386352539,601.706237793,1147.8338623,635.996459961,663.576782227,1080.35876465,56.6331939697,22.9180297852,8.34967041016,1.38954389095,0.878781974316,0.550733447075,0.312523216009,1.06615078449,3.06622099876,0.940726399422,0.108747012913],"mean":[0.850438475609,2.91074299812,6.759806633,5.64845180511,8.24081611633,8.41602039337,18.2580165863,21.6429462433,27.4894199371,42.4149131775,19.6077003479,31.6403846741,21.0239810944,30.1104602814,32.8484840393,34.0635070801,11.5501947403,8.5048789978,10.1757383347,5.65603160858,3.73210096359,4.0230345726,3.73483657837,2.53653287888,3.1059551239,3.02359604836,2.67523312569,2.19839835167,1.42002284527,0.704992830753,0.326426267624,0.142436414957,0.0665543377399,0.0320197679102,0.0199350435287,0.0154393268749,0.0194079633802,0.0270675458014,0.0171640459448,0.0122635141015],"median":[0.419960200787,1.96179521084,4.14579391479,3.59090566635,3.53783178329,3.51077747345,5.87601613998,5.4004368782,5.88969087601,8.70419025421,5.49025678635,5.45729446411,7.18450832367,12.7193698883,14.0647411346,13.4356737137,5.73316574097,3.99005889893,5.4324836731,3.12752914429,2.18690085411,2.13021612167,1.70277500153,1.1397664547,0.958839774132,0.705228805542,0.587827861309,0.44752830267,0.278989344835,0.159243643284,0.0914595872164,0.0475662127137,0.0210559349507,0.0119652366266,0.00730053009465,0.00572103913873,0.00553442165256,0.005660103634,0.00611621886492,0.00828580372036],"min":[3.03661609746e-11,1.02670989766e-10,1.446032738e-10,9.43311054269e-11,2.22780030534e-10,5.24179644135e-10,1.29137200933e-9,3.54919715839e-9,3.43755957033e-9,1.82389459091e-9,1.66350599962e-9,1.51219436972e-9,2.60067389846e-9,6.71545574704e-9,4.81029482913e-9,4.89308504825e-9,7.13092473958e-9,5.45168976629e-9,1.81937078736e-8,1.59978164049e-8,2.42352768964e-8,2.96924760335e-8,1.57418771352e-8,1.37828424229e-8,2.96171549508e-8,5.43963523114e-8,8.14667657778e-8,6.244617623e-8,3.88912866356e-8,4.8546837661e-8,2.60629153814e-8,4.05393372205e-8,2.84978245446e-8,3.14654080569e-8,2.81917937883e-8,1.72780385554e-8,7.75238984119e-9,4.1652521432e-9,1.30680910537e-9,6.89086010475e-11],"var":[1.03805196285,9.0242767334,63.3701858521,42.6488418579,191.110198975,356.255523682,2203.63842773,4083.14526367,7464.98291016,17967.4765625,2304.5637207,12749.4033203,3413.72680664,2886.12792969,2611.39428711,2910.86083984,297.559509277,208.467498779,245.04019165,60.4874992371,24.4520740509,34.4126968384,39.8470344543,36.0439109802,174.465270996,430.089385986,244.555160522,139.273040771,138.686050415,5.67182588577,0.711098730564,0.0837408006191,0.0130629204214,0.00321779958904,0.00125935801771,0.000621500075795,0.00176926201675,0.00551877403632,0.00167910486925,0.000140039686812]},"erbbands_crest":{"dmean":2.96261405945,"dmean2":4.75201749802,"dvar":7.04126167297,"dvar2":17.1443843842,"max":31.1450653076,"mean":9.94653129578,"median":8.82626914978,"min":2.50856566429,"var":22.0943813324},"erbbands_flatness_db":{"dmean":0.0226215627044,"dmean2":0.0348002910614,"dvar":0.000362576654879,"dvar2":0.000869045150466,"max":0.473898619413,"mean":0.147156730294,"median":0.144457697868,"min":0.0320388823748,"var":0.00181131600402},"erbbands_kurtosis":{"dmean":1.11188971996,"dmean2":1.76748263836,"dvar":2.55734729767,"dvar2":5.88886404037,"max":83.6144332886,"mean":1.13633179665,"median":0.428884744644,"min":-1.61006343365,"var":8.20621013641},"erbbands_skewness":{"dmean":0.380896836519,"dmean2":0.587386608124,"dvar":0.116771705449,"dvar2":0.266611754894,"max":4.10435152054,"mean":0.282716661692,"median":0.292884290218,"min":-6.70535087585,"var":0.649879574776},"erbbands_spread":{"dmean":6.45751190186,"dmean2":10.0214385986,"dvar":38.5829734802,"dvar2":90.1050949097,"max":126.558456421,"mean":29.3559207916,"median":27.2789478302,"min":0.584493935108,"var":198.914916992},"gfcc":{"cov":[[13459.1474609,764.436889648,-624.7109375,-223.98979187,-184.690124512,-479.598236084,85.946182251,-102.175598145,-1.7232323885,2.86483192444,32.221534729,-34.380695343,74.2192687988],[764.436889648,826.877319336,-66.7512435913,-233.758255005,124.844856262,-71.5042114258,23.2702560425,-33.2055625916,50.3007202148,-24.4306716919,86.0174179077,-68.8154983521,64.7409286499],[-624.7109375,-66.7512435913,263.902069092,129.200073242,-11.6186504364,109.113815308,-57.9462623596,65.5958938599,-19.5993423462,13.9893827438,-18.4331321716,7.69575595856,-7.00211286545],[-223.98979187,-233.758255005,129.200073242,286.133026123,30.3421077728,-11.6220254898,46.0220603943,16.4770298004,1.23454785347,9.42829990387,-39.4875183105,23.8854427338,-30.4197731018],[-184.690124512,124.844856262,-11.6186504364,30.3421077728,191.272705078,45.7504615784,76.8397674561,-23.1569709778,12.448474884,-35.0671691895,15.2464532852,-10.0245819092,11.4777202606],[-479.598236084,-71.5042114258,109.113815308,-11.6220254898,45.7504615784,246.386962891,-25.3277797699,58.6787986755,-43.3214988708,0.509222686291,0.960094749928,8.17109870911,7.4046292305],[85.946182251,23.2702560425,-57.9462623596,46.0220603943,76.8397674561,-25.3277797699,178.181549072,-37.3945236206,39.972114563,-21.4507369995,-1.15078794956,24.8682041168,-10.9468603134],[-102.175598145,-33.2055625916,65.5958938599,16.4770298004,-23.1569709778,58.6787986755,-37.3945236206,158.253738403,39.0045776367,38.8713951111,-0.640699326992,-33.7807006836,1.81192803383],[-1.7232323885,50.3007202148,-19.5993423462,1.23454785347,12.448474884,-43.3214988708,39.972114563,39.0045776367,126.949295044,41.6414489746,2.22452545166,-2.90012025833,-19.8529777527],[2.86483192444,-24.4306716919,13.9893827438,9.42829990387,-35.0671691895,0.509222686291,-21.4507369995,38.8713951111,41.6414489746,85.3962402344,32.0473365784,-2.20467448235,1.20699310303],[32.221534729,86.0174179077,-18.4331321716,-39.4875183105,15.2464532852,0.960094749928,-1.15078794956,-0.640699326992,2.22452545166,32.0473365784,76.9073562622,21.5019435883,16.4240036011],[-34.380695343,-68.8154983521,7.69575595856,23.8854427338,-10.0245819092,8.17109870911,24.8682041168,-33.7807006836,-2.90012025833,-2.20467448235,21.5019435883,88.2047653198,16.4605884552],[74.2192687988,64.7409286499,-7.00211286545,-30.4197731018,11.4777202606,7.4046292305,-10.9468603134,1.81192803383,-19.8529777527,1.20699310303,16.4240036011,16.4605884552,75.0982589722]],"icov":[[0.000103923455754,-0.000262619287241,0.000449264218332,-0.000287780625513,0.000238767723204,-0.0000453932661912,0.0000305118446704,-0.000152312859427,0.000234348626691,-0.000170553787029,0.000276544509688,-0.00024052853405,0.0000820514251245],[-0.000262619287241,0.00429294025525,-0.00406399089843,0.00407485570759,-0.00230229948647,0.00211375183426,-0.00107250816654,0.00161792268045,-0.0027931954246,0.00286916270852,-0.00494330516085,0.00469892891124,-0.00295494217426],[0.000449264218332,-0.00406399089843,0.0129623478279,-0.00956685654819,0.00480268569663,-0.00650831032544,0.00422712555155,-0.00162900646683,0.000032709329389,0.0007148644072,0.00199278839864,-0.00288409739733,0.00114954414312],[-0.000287780625513,0.00407485570759,-0.00956685654819,0.0146033791825,-0.00896818842739,0.00833299569786,-0.00408116495237,-0.00252281944267,0.00519040832296,-0.0072519807145,0.00562138622627,-0.00357288075611,0.00285230623558],[0.000238767723204,-0.00230229948647,0.00480268569663,-0.00896818842739,0.01612880826,-0.00856883171946,-0.00150953151751,0.00479940092191,-0.00803922582418,0.0115843536332,-0.00990449823439,0.00865057762712,-0.00543354917318],[-0.0000453932661912,0.00211375183426,-0.00650831032544,0.00833299569786,-0.00856883171946,0.0119505319744,-0.0017902739346,-0.00526148546487,0.00769026204944,-0.00682569481432,0.00532379141077,-0.00545422825962,0.00316239893436],[0.0000305118446704,-0.00107250816654,0.00422712555155,-0.00408116495237,-0.00150953151751,-0.0017902739346,0.0103957569227,0.000981861143373,-0.00368029251695,0.00263897515833,0.000183167852811,-0.00295925606042,0.0011275652796],[-0.000152312859427,0.00161792268045,-0.00162900646683,-0.00252281944267,0.00479940092191,-0.00526148546487,0.000981861143373,0.0139963030815,-0.00999176967889,0.00503759738058,-0.0077318334952,0.0109966909513,-0.0062691369094],[0.000234348626691,-0.0027931954246,0.000032709329389,0.00519040832296,-0.00803922582418,0.00769026204944,-0.00368029251695,-0.00999176967889,0.0239675249904,-0.0192565005273,0.0158915799111,-0.0134521536529,0.0105755086988],[-0.000170553787029,0.00286916270852,0.0007148644072,-0.0072519807145,0.0115843536332,-0.00682569481432,0.00263897515833,0.00503759738058,-0.0192565005273,0.0358853526413,-0.0255127325654,0.0154611151665,-0.00948679074645],[0.000276544509688,-0.00494330516085,0.00199278839864,0.00562138622627,-0.00990449823439,0.00532379141077,0.000183167852811,-0.0077318334952,0.0158915799111,-0.0255127325654,0.0378262996674,-0.0210174508393,0.00859844777733],[-0.00024052853405,0.00469892891124,-0.00288409739733,-0.00357288075611,0.00865057762712,-0.00545422825962,-0.00295925606042,0.0109966909513,-0.0134521536529,0.0154611151665,-0.0210174508393,0.0301232151687,-0.0128211528063],[0.0000820514251245,-0.00295494217426,0.00114954414312,0.00285230623558,-0.00543354917318,0.00316239893436,0.0011275652796,-0.0062691369094,0.0105755086988,-0.00948679074645,0.00859844777733,-0.0128211528063,0.0217569768429]],"mean":[-39.4028739929,115.732788086,-71.0437927246,-1.21258985996,-13.3150873184,-5.83824300766,5.25697088242,-13.3021564484,-2.10570645332,-7.30673599243,-1.13795590401,0.0124139441177,-4.23812198639]},"hfc":{"dmean":28.0568199158,"dmean2":43.9047660828,"dvar":1592.16259766,"dvar2":4029.09643555,"max":942.888427734,"mean":107.887702942,"median":86.4675445557,"min":3.23851224948e-7,"var":8513.6796875},"melbands":{"dmean":[0.0035091410391,0.00248846458271,0.000639174191747,0.000377879943699,0.000410509761423,0.000321697443724,0.000246492651058,0.000221740236157,0.0000921869504964,0.0000976977316895,0.0000589589144511,0.0000686832354404,0.0000661956146359,0.0000677651551086,0.0000236627165577,0.0000106629477159,0.00000878190439835,0.00000991951583273,0.00000523430207977,0.00000302329635815,0.00000224775499191,0.00000209688141695,0.00000233629498325,0.00000143206375469,0.00000104668129097,0.00000119009064292,0.00000125883559576,0.0000012737674524,0.00000118685545658,9.91894012259e-7,7.77730008394e-7,6.92367962074e-7,3.67355823983e-7,2.27495803529e-7,1.31477975174e-7,8.87266367045e-8,5.60830279994e-8,4.42940368828e-8,2.94819102464e-8,2.45299407453e-8],"dmean2":[0.00553471036255,0.00414047716185,0.00104489410296,0.000609821581747,0.000654418836348,0.000486993027152,0.000374763651052,0.000334192678565,0.000142651537317,0.000150646956172,0.0000925748099689,0.00010672830831,0.00010579048103,0.000109362903459,0.0000381641075364,0.0000172518211912,0.0000147080854731,0.0000162586638908,0.00000857911072671,0.00000495362883157,0.00000370312568521,0.00000344795830642,0.00000382900907425,0.00000229499369198,0.00000164302889516,0.00000185190697266,0.00000190939135791,0.00000187914838534,0.00000177566994353,0.00000149427432916,0.00000121600214698,0.000001107005005,5.57019063763e-7,3.47753740471e-7,2.05861994118e-7,1.37490474117e-7,8.7691319095e-8,6.96263029454e-8,4.77545469835e-8,4.0222563058e-8],"dvar":[0.0000198209945665,0.00000893286141945,8.35752359762e-7,6.97096709246e-7,0.00000131446449814,9.7355359685e-7,6.47005492738e-7,4.9189981155e-7,7.63459766517e-8,1.11781702117e-7,3.42817649823e-8,2.46083757816e-8,2.17399787061e-8,1.94472953297e-8,2.23624674334e-9,3.36875277673e-10,7.09555303402e-10,3.99853816724e-10,1.04436771731e-10,2.46431434286e-11,1.86297904187e-11,1.81754611361e-11,2.23203053262e-11,1.05887850571e-11,1.02953565811e-11,3.0395241879e-11,6.86569343045e-11,1.94051941182e-10,8.96828306063e-11,7.82968134772e-11,3.60079605022e-11,1.51159335049e-10,2.0252376165e-12,6.24787222826e-13,1.42391442604e-13,6.24977839121e-14,1.10105990691e-14,5.94377757462e-15,2.47895986948e-15,1.86799627517e-15],"dvar2":[0.0000476969435113,0.0000238919365074,0.00000220113793148,0.0000016225874333,0.00000325962218994,0.00000209193058254,0.00000141009797971,0.00000109435245577,1.70292850044e-7,2.50149355452e-7,7.82891902418e-8,5.6971344975e-8,5.43356470928e-8,5.05259443173e-8,5.45896261528e-9,8.32054813937e-10,2.01523064902e-9,9.59295642922e-10,2.65745009331e-10,6.39565483906e-11,4.66756182316e-11,4.63143516594e-11,5.60007491768e-11,2.45733104004e-11,2.27978226575e-11,7.00271646226e-11,1.53456455876e-10,4.2509912257e-10,2.0524656974e-10,1.98279476171e-10,1.03618245928e-10,4.40750186348e-10,4.57778736793e-12,1.36732617416e-12,3.34269883908e-13,1.52587361149e-13,2.50469201044e-14,1.36569985057e-14,5.96566914114e-15,4.54715619338e-15],"max":[0.0658160969615,0.0429859235883,0.0141549482942,0.0349590331316,0.0347655080259,0.0301935039461,0.0293760299683,0.0204595178366,0.010238148272,0.0120991477743,0.00559451058507,0.00467499624938,0.00289284484461,0.00206369278021,0.00100946950261,0.000435820460552,0.00161269039381,0.000744571443647,0.000293150864309,0.0000943889317568,0.000170818064362,0.00017514724459,0.000152478110977,0.000188188758329,0.00013096127077,0.000247672665864,0.00058034848189,0.00103726948146,0.000488357618451,0.000603398948442,0.000367743050447,0.000946543645114,0.0000517505468451,0.000029059845474,0.0000154541685333,0.0000148271074067,0.00000256762155004,0.00000112515851924,7.99587269285e-7,7.17834666375e-7],"mean":[0.00663357740268,0.00368528580293,0.001096086693,0.000600499392021,0.000583433720749,0.000501755275764,0.000447403028375,0.000399458454922,0.000172237108927,0.00019156941562,0.000102453734144,0.000121858603961,0.000110624387162,0.000114518225018,0.0000428469138569,0.0000192529569176,0.0000153696055349,0.0000173100761458,0.00000978092793957,0.00000556591612622,0.00000417444425693,0.00000404899583373,0.000004261250524,0.00000266798747361,0.00000192926131604,0.00000213063117371,0.00000222975609177,0.00000197366080101,0.0000017131221739,0.00000146263357692,0.0000012040521824,8.87391593096e-7,5.31888531441e-7,3.2704036812e-7,1.97963686333e-7,1.26872322426e-7,6.97343907063e-8,4.96108398806e-8,3.18704387325e-8,2.51782097394e-8],"median":[0.00413726642728,0.00251845177263,0.000711339933332,0.00024546351051,0.000198209978407,0.000126765895402,0.000100382123492,0.0000853445963003,0.0000401612924179,0.000034278316889,0.0000337629426213,0.0000479606969748,0.0000421212207584,0.0000389613996958,0.0000191879407794,0.00000915633063414,0.00000651968775855,0.00000849095522426,0.00000530708530277,0.00000299191469821,0.00000230835303228,0.00000218173522626,0.00000176876960722,0.00000126033751258,8.04834371593e-7,7.08472498445e-7,5.59248690024e-7,4.12989550114e-7,3.56786017619e-7,2.87580405711e-7,2.3263538651e-7,1.62551316407e-7,1.05692279817e-7,7.59557394758e-8,5.49281153894e-8,3.88598095924e-8,2.24436043084e-8,1.44268508251e-8,1.15577201143e-8,8.70444694101e-9],"min":[2.69266163186e-13,9.75746447616e-14,1.94063921833e-14,2.6862643647e-14,4.15154869304e-14,7.61560682138e-14,5.18973224312e-14,1.65098444356e-14,1.44347424638e-14,9.63223167135e-15,1.23449046599e-14,2.57277346942e-14,1.95924090889e-14,9.52126866119e-15,2.31008297208e-14,9.03315914907e-15,9.72459722611e-15,3.32156855189e-14,1.38739812417e-14,2.9386524003e-14,2.65202678476e-14,3.25037441623e-14,1.51267666877e-14,1.72049586356e-14,8.87587698923e-15,2.0122011357e-14,2.8613125324e-14,3.60578605277e-14,4.57358319782e-14,6.30210944194e-14,2.73148304919e-14,1.94313254452e-14,2.73209935036e-14,2.69006534035e-14,1.32065150441e-14,1.88803440655e-14,2.4812369905e-14,1.77781898767e-14,1.48533546167e-14,3.42656641722e-14],"var":[0.0000495169588248,0.0000141514337884,0.00000151901167555,0.00000124958535253,0.00000202159912988,0.00000208094957088,0.0000017057104742,0.00000153660585056,2.68652854629e-7,4.32860531419e-7,8.90398865749e-8,5.31364641176e-8,4.27011563886e-8,3.66141819086e-8,4.64580240944e-9,8.46407999244e-10,8.67742877553e-10,8.7778045943e-10,2.31405644646e-10,5.68706956527e-11,3.74765531108e-11,3.63826885286e-11,5.41032739443e-11,2.43992742677e-11,2.36689730315e-11,6.20426626741e-11,1.42786713009e-10,2.69658129159e-10,1.16314763376e-10,8.3199488965e-11,4.46853352931e-11,9.76178859968e-11,3.51791165643e-12,1.11888851049e-12,2.93739967246e-13,1.16704768679e-13,1.69984587793e-14,7.98585796693e-15,2.97437885241e-15,2.11468128029e-15]},"melbands_crest":{"dmean":4.38278913498,"dmean2":7.12691307068,"dvar":12.9348897934,"dvar2":32.3677139282,"max":37.8594551086,"mean":20.1158237457,"median":19.6472892761,"min":5.10062837601,"var":47.4228019714},"melbands_flatness_db":{"dmean":0.0362999103963,"dmean2":0.0563893653452,"dvar":0.000898934202269,"dvar2":0.00215892773122,"max":0.602821230888,"mean":0.316827386618,"median":0.310872763395,"min":0.0136284986511,"var":0.00453783664852},"melbands_kurtosis":{"dmean":13.0152664185,"dmean2":20.5607585907,"dvar":373.845092773,"dvar2":896.772094727,"max":605.356079102,"mean":24.9669876099,"median":14.0504026413,"min":-1.80208754539,"var":1051.9387207},"melbands_skewness":{"dmean":1.00784111023,"dmean2":1.57535493374,"dvar":0.910829722881,"dvar2":2.15588855743,"max":18.634393692,"mean":3.62808179855,"median":3.28099894524,"min":-3.63844799995,"var":4.59849452972},"melbands_spread":{"dmean":3.52657461166,"dmean2":5.54108428955,"dvar":26.2359580994,"dvar2":59.3092155457,"max":172.99911499,"mean":9.79417133331,"median":7.77257442474,"min":0.448788017035,"var":96.9211273193},"mfcc":{"cov":[[9647.74609375,1333.82592773,-679.22265625,306.385864258,-547.677368164,3.00928020477,-270.412506104,-23.9873390198,-137.48085022,-61.2444381714,-12.0593996048,48.2339096069,7.16822767258],[1333.82592773,1227.4263916,-223.127365112,-88.1171112061,-2.60610556602,-13.0642213821,-2.50575637817,-29.6815299988,-23.4097938538,5.49107408524,13.5597496033,21.6552314758,16.4722576141],[-679.22265625,-223.127365112,353.364105225,-16.5446681976,98.8349838257,-17.2456970215,18.4171028137,5.581782341,21.0310497284,9.69549942017,10.5970029831,-7.85528278351,-1.78217756748],[306.385864258,-88.1171112061,-16.5446681976,332.726287842,-55.9345703125,26.3100681305,-23.5390586853,23.2651367188,11.7370615005,14.1621208191,-2.97884345055,3.62404513359,-11.097369194],[-547.677368164,-2.60610556602,98.8349838257,-55.9345703125,185.041427612,13.2188997269,56.6184806824,13.1237649918,22.4558353424,12.8123884201,12.2670955658,-3.19150066376,2.8169939518],[3.00928020477,-13.0642213821,-17.2456970215,26.3100681305,13.2188997269,159.438934326,56.5533943176,50.3891983032,-4.75693273544,-21.4139480591,-27.9474620819,-3.90227675438,5.52361917496],[-270.412506104,-2.50575637817,18.4171028137,-23.5390586853,56.6184806824,56.5533943176,136.56111145,31.0856170654,4.92915344238,-18.7909183502,-21.2596797943,-4.26750135422,10.1254911423],[-23.9873390198,-29.6815299988,5.581782341,23.2651367188,13.1237649918,50.3891983032,31.0856170654,105.443008423,27.4456672668,11.1344976425,-10.4659519196,-3.81896162033,0.867803752422],[-137.48085022,-23.4097938538,21.0310497284,11.7370615005,22.4558353424,-4.75693273544,4.92915344238,27.4456672668,84.3416061401,41.9204711914,17.7291946411,2.70839166641,-10.6046190262],[-61.2444381714,5.49107408524,9.69549942017,14.1621208191,12.8123884201,-21.4139480591,-18.7909183502,11.1344976425,41.9204711914,96.2245559692,46.8302726746,12.947136879,-3.70590233803],[-12.0593996048,13.5597496033,10.5970029831,-2.97884345055,12.2670955658,-27.9474620819,-21.2596797943,-10.4659519196,17.7291946411,46.8302726746,87.9181137085,37.2960472107,0.701008379459],[48.2339096069,21.6552314758,-7.85528278351,3.62404513359,-3.19150066376,-3.90227675438,-4.26750135422,-3.81896162033,2.70839166641,12.947136879,37.2960472107,72.405166626,27.872674942],[7.16822767258,16.4722576141,-1.78217756748,-11.097369194,2.8169939518,5.52361917496,10.1254911423,0.867803752422,-10.6046190262,-3.70590233803,0.701008379459,27.872674942,60.7213745117]],"icov":[[0.000163432065165,-0.000169126360561,0.0000907208814169,-0.000118791977002,0.000332440191414,-0.0000419898206019,0.000193354979274,-0.000114020615001,0.000110005938041,0.000105023878859,-0.0000656439879094,-0.0000128950096041,-0.00000237842277784],[-0.000169126360561,0.00114626914728,0.000611836614553,0.000342578714481,-0.000666483188979,0.000120864919154,-0.000203703864827,0.000273193436442,0.0000702297184034,-0.000279627478449,0.0000471322782687,-0.000139049516292,-0.000101951925899],[0.0000907208814169,0.000611836614553,0.00396877108142,-0.0000930270689423,-0.00194565404672,0.000590903335251,0.000251719320659,-0.000102268219052,-0.000202104711207,0.00026826330577,-0.00031266908627,0.000370626861695,-0.000266648537945],[-0.000118791977002,0.000342578714481,-0.0000930270689423,0.0035140174441,0.000771340215579,-0.000691864173859,0.000361218990292,-0.000389318011003,-0.000338560726959,-0.000718467344996,0.000463859905722,-0.000574682315346,0.000688521831762],[0.000332440191414,-0.000666483188979,-0.00194565404672,0.000771340215579,0.00875731464475,-0.000513514212798,-0.00256651989184,-0.0000932316543185,-0.00100117898546,-0.000351210008375,-0.00164507399313,0.00101127976086,-0.00034632574534],[-0.0000419898206019,0.000120864919154,0.000590903335251,-0.000691864173859,-0.000513514212798,0.008959017694,-0.00271377176978,-0.00357727380469,0.00120049412362,0.000900314364117,0.00131049798802,-0.000742679694667,0.000165960780578],[0.000193354979274,-0.000203703864827,0.000251719320659,0.000361218990292,-0.00256651989184,-0.00271377176978,0.010825608857,-0.00154281395953,-0.000755133398343,0.00177303736564,0.00128675915767,-0.000234809922404,-0.00124212994706],[-0.000114020615001,0.000273193436442,-0.000102268219052,-0.000389318011003,-0.0000932316543185,-0.00357727380469,-0.00154281395953,0.0132025266066,-0.00397778255865,-0.0017633640673,0.00163514784072,0.000300839397823,-0.000695767288562],[0.000110005938041,0.0000702297184034,-0.000202104711207,-0.000338560726959,-0.00100117898546,0.00120049412362,-0.000755133398343,-0.00397778255865,0.0175102874637,-0.00669052964076,0.000422605517088,-0.00125742005184,0.00324221001938],[0.000105023878859,-0.000279627478449,0.00026826330577,-0.000718467344996,-0.000351210008375,0.000900314364117,0.00177303736564,-0.0017633640673,-0.00669052964076,0.0181342624128,-0.00862729456276,0.00208024890162,-0.00131303037051],[-0.0000656439879094,0.0000471322782687,-0.00031266908627,0.000463859905722,-0.00164507399313,0.00131049798802,0.00128675915767,0.00163514784072,0.000422605517088,-0.00862729456276,0.0217854045331,-0.0111868418753,0.00422054203227],[-0.0000128950096041,-0.000139049516292,0.000370626861695,-0.000574682315346,0.00101127976086,-0.000742679694667,-0.000234809922404,0.000300839397823,-0.00125742005184,0.00208024890162,-0.0111868418753,0.0235152766109,-0.0107570178807],[-0.00000237842277784,-0.000101951925899,-0.000266648537945,0.000688521831762,-0.00034632574534,0.000165960780578,-0.00124212994706,-0.000695767288562,0.00324221001938,-0.00131303037051,0.00422054203227,-0.0107570178807,0.0222077723593]],"mean":[-707.406005859,175.932434082,3.98137402534,27.346736908,1.57645916939,20.1822147369,8.71937274933,11.6801319122,3.05718398094,2.71740150452,1.08435809612,4.98659515381,4.86617851257]},"pitch_salience":{"dmean":0.0848969966173,"dmean2":0.138033643365,"dvar":0.00492056831717,"dvar2":0.0126073416322,"max":0.794304311275,"mean":0.474438667297,"median":0.487498521805,"min":0.0823449268937,"var":0.0156571585685},"silence_rate_20dB":{"dmean":0,"dmean2":0,"dvar":0,"dvar2":0,"max":1,"mean":1,"median":1,"min":1,"var":0},"silence_rate_30dB":{"dmean":0.0578912422061,"dmean2":0.115793466568,"dvar":0.0545437894762,"dvar2":0.129727944732,"max":1,"mean":0.92209148407,"median":1,"min":0,"var":0.0718341097236},"silence_rate_60dB":{"dmean":0.00436556898057,"dmean2":0.00873196683824,"dvar":0.00434652436525,"dvar2":0.00979471951723,"max":1,"mean":0.0640539005399,"median":0,"min":0,"var":0.059952635318},"spectral_centroid":{"dmean":137.479782104,"dmean2":211.097564697,"dvar":31123.6855469,"dvar2":53614.7929688,"max":4671.44384766,"mean":719.066040039,"median":622.614074707,"min":133.902816772,"var":216070.90625},"spectral_complexity":{"dmean":2.21182489395,"dmean2":3.5947227478,"dvar":4.50862026215,"dvar2":10.3871459961,"max":41,"mean":12.9606189728,"median":13,"min":0,"var":37.2955055237},"spectral_contrast_coeffs":{"dmean":[0.0521843768656,0.0495080724359,0.0387595258653,0.0292055308819,0.0233948100358,0.0357490293682],"dmean2":[0.0873250439763,0.0812488421798,0.0635860785842,0.0483858399093,0.0380351282656,0.0561922863126],"dvar":[0.00167160271667,0.00153493252583,0.000917334516998,0.000548299343791,0.000399991928134,0.00112936808728],"dvar2":[0.00463598128408,0.00403328798711,0.00243266811594,0.00145321490709,0.00100924097933,0.00276276306249],"max":[-0.415630400181,-0.397815614939,-0.516757726669,-0.66094326973,-0.647407889366,-0.42091819644],"mean":[-0.707696914673,-0.762379050255,-0.78048145771,-0.81213080883,-0.830606997013,-0.775258600712],"median":[-0.709903478622,-0.772440850735,-0.783384680748,-0.811418712139,-0.829038143158,-0.78924870491],"min":[-0.944005906582,-0.950225830078,-0.964123904705,-0.985770821571,-0.972404837608,-0.902437269688],"var":[0.00524480454624,0.00600785110146,0.00354298576713,0.00184849195648,0.00153656443581,0.00445347139612]},"spectral_contrast_valleys":{"dmean":[0.378707766533,0.380933046341,0.306568741798,0.290301084518,0.312082886696,0.647010445595],"dmean2":[0.622214853764,0.618108510971,0.494609296322,0.463064104319,0.477727115154,1.01336741447],"dvar":[0.0904545485973,0.0934389531612,0.0631348565221,0.0661180838943,0.0876009166241,0.291182637215],"dvar2":[0.238682642579,0.239774867892,0.154863238335,0.159219488502,0.201833963394,0.771058857441],"max":[-4.90759038925,-4.60597658157,-5.24612951279,-6.13290023804,-5.86835956573,-8.85273361206],"mean":[-6.65808582306,-6.73102235794,-7.23309373856,-8.06340789795,-8.34616565704,-11.2782764435],"median":[-6.41128921509,-6.53710508347,-7.00670528412,-7.81833744049,-8.13459777832,-11.0957717896],"min":[-17.6994953156,-16.9466304779,-17.2852573395,-17.4361515045,-16.5943412781,-18.1459293365],"var":[1.32991290092,1.50776207447,1.39084255695,1.27501618862,1.26692569256,1.31591320038]},"spectral_decrease":{"dmean":4.69639793721e-9,"dmean2":7.32224725297e-9,"dvar":2.61894778706e-17,"dvar2":6.45783212943e-17,"max":4.76160666452e-9,"mean":-1.14332312506e-8,"median":-1.01396233632e-8,"min":-7.09303265012e-8,"var":7.72563928114e-17},"spectral_energy":{"dmean":0.0180414114147,"dmean2":0.0280800163746,"dvar":0.000382096972317,"dvar2":0.000938188051805,"max":0.273252695799,"mean":0.052937336266,"median":0.0485944226384,"min":2.97225820345e-11,"var":0.00137065479066},"spectral_energyband_high":{"dmean":0.000131912631332,"dmean2":0.000186187229701,"dvar":4.36235097823e-7,"dvar2":0.0000011241379525,"max":0.0326867513359,"mean":0.000312434072839,"median":0.000123381993035,"min":2.11724509452e-11,"var":7.72255077663e-7},"spectral_energyband_low":{"dmean":0.0149792954326,"dmean2":0.0238189399242,"dvar":0.000292623008136,"dvar2":0.000730780942831,"max":0.25849121809,"mean":0.0311572160572,"median":0.024740319699,"min":1.17320790669e-12,"var":0.000716964248568},"spectral_energyband_middle_high":{"dmean":0.00114373629913,"dmean2":0.00177604681812,"dvar":0.00000348520507032,"dvar2":0.00000838842424855,"max":0.0374467559159,"mean":0.00314168329351,"median":0.00201809336431,"min":3.0965837533e-12,"var":0.0000122568771985},"spectral_energyband_middle_low":{"dmean":0.00497549353167,"dmean2":0.00757225649431,"dvar":0.0000805215895525,"dvar2":0.00018712398014,"max":0.18944375217,"mean":0.0123513378203,"median":0.00574356596917,"min":8.98280636073e-13,"var":0.000298764265608},"spectral_entropy":{"dmean":0.212092906237,"dmean2":0.332008391619,"dvar":0.0369213446975,"dvar2":0.0918488502502,"max":8.7296295166,"mean":7.22976160049,"median":7.22820854187,"min":4.57620716095,"var":0.152183502913},"spectral_flux":{"dmean":0.029872789979,"dmean2":0.0487836301327,"dvar":0.000897441175766,"dvar2":0.00223766942509,"max":0.379349291325,"mean":0.10870219022,"median":0.106901973486,"min":0.0000187601362995,"var":0.00275318883359},"spectral_kurtosis":{"dmean":5.52904701233,"dmean2":8.62631130219,"dvar":35.5918121338,"dvar2":89.8518829346,"max":101.723884583,"mean":19.2513370514,"median":17.6070518494,"min":2.79471158981,"var":88.5186386108},"spectral_rms":{"dmean":0.00118610693607,"dmean2":0.00181616633199,"dvar":0.00000121803566344,"dvar2":0.00000289509875984,"max":0.0163275226951,"mean":0.00662010116503,"median":0.00688543356955,"min":1.70286938328e-7,"var":0.00000782063489169},"spectral_rolloff":{"dmean":3770.57299805,"dmean2":7278.19726562,"dvar":54530972,"dvar2":131271584,"max":22050,"mean":5128.51220703,"median":710.595703125,"min":21.533203125,"var":71381616},"spectral_skewness":{"dmean":0.42068579793,"dmean2":0.645370006561,"dvar":0.174928560853,"dvar2":0.415152430534,"max":8.45505714417,"mean":3.11428546906,"median":3.06018972397,"min":0.304709345102,"var":0.656592011452},"spectral_spread":{"dmean":565397.5625,"dmean2":870333.3125,"dvar":234229006336,"dvar2":572293382144,"max":9537225,"mean":4035554.25,"median":3913896.5,"min":1466520,"var":1057962459140},"spectral_strongpeak":{"dmean":1.30750620365,"dmean2":2.43676543236,"dvar":59.0295372009,"dvar2":156.326553345,"max":134.831893921,"mean":1.27932798862,"median":0.239061415195,"min":0,"var":56.9870605469},"zerocrossingrate":{"dmean":0.0371753610671,"dmean2":0.0468238815665,"dvar":0.00101370818447,"dvar2":0.00153627223335,"max":0.7041015625,"mean":0.188588455319,"median":0.17822265625,"min":0.00634765625,"var":0.00700386147946}},"metadata":{"audio_properties":{"analysis_sample_rate":44100,"bit_rate":186454,"codec":"mp3","downmix":"mix","equal_loudness":0,"length":244.663925171,"lossless":false,"md5_encoded":"b1b3f5792029236b909d2d16802b2bde","replay_gain":-0.369695663452,"sample_rate":44100},"tags":{"album":["Parklife"],"artist":["Blur"],"date":["1994-04-25"],"file_name":"09 - Blur - To the End.mp3","musicbrainz_albumid":["23a46e92-b629-4869-94f6-ff984ea317c5"],"musicbrainz_artistid":["ba853904-ae25-4ebb-89d6-c44cfbd71bd2"],"musicbrainz_recordingid":["d2a482f1-124a-42a9-bae2-edfdc5fbd64d"],"title":["To the End"],"tracknumber":["09/16"]},"version":{"essentia":"2.1-beta1","essentia_build_sha":"ca57ba49d9b1854bd80e60cf9ccf267278fb7d6b","essentia_git_sha":"v2.1_beta1-28-g21ef5f4-dirty","extractor":"music 1.0"}},"rhythm":{"beats_count":391,"beats_loudness":{"dmean":0.0266390573233,"dmean2":0.0465553849936,"dvar":0.000609504408203,"dvar2":0.00167764583603,"max":0.201122760773,"mean":0.067050203681,"median":0.0628095567226,"min":2.76677667443e-8,"var":0.0013796184212},"beats_loudness_band_ratio":{"dmean":[0.161355003715,0.0954061672091,0.0752425342798,0.0461391955614,0.00673868088052,0.0465589538217],"dmean2":[0.288496553898,0.174537613988,0.134237989783,0.0833297669888,0.0118691017851,0.0811361446977],"dvar":[0.0164696965367,0.0109999412671,0.0120372530073,0.00208872603253,0.0000407146435464,0.00218786532059],"dvar2":[0.0458740182221,0.0323811732233,0.0331577770412,0.00550387939438,0.00011885677668,0.0062439693138],"max":[0.971676588058,0.68816614151,0.764389634132,0.257319033146,0.0417117662728,0.347976148129],"mean":[0.698880970478,0.105878181756,0.0797668993473,0.0505942478776,0.00881559122354,0.0773209929466],"median":[0.745949625969,0.0684792250395,0.0379412285984,0.0321875996888,0.00682490505278,0.0651168376207],"min":[0.110547587276,0.00411787023768,0.00225999695249,0.000976744689979,0.00042671