{"lowlevel":{"average_loudness":0.828739821911,"barkbands":{"dmean":[0.000262340385234,0.00462366919965,0.0032778729219,0.00196700170636,0.00187208293937,0.000389816850657,0.000215583146201,0.000321971485391,0.000685320992488,0.000494833628181,0.00033529222128,0.000405003811466,0.000215171399759,0.000236769643379,0.000259111024207,0.000269963784376,0.000279396830592,0.000312379910611,0.000241614325205,0.000177664784133,0.000233067490626,0.000176095345523,0.000128706422402,0.000127962353872,0.0000757023590268,0.0000685268314555,0.0000438928727817],"dmean2":[0.000422511220677,0.00774324452505,0.00531151425093,0.00321726547554,0.00311708822846,0.000678632524796,0.000349413050571,0.000503284623846,0.00104014971294,0.000759371032473,0.0005077769747,0.000630573602393,0.000342259736499,0.00038179627154,0.000413708941778,0.000435810856288,0.000451541651273,0.000507740129251,0.000399702141294,0.000297264923574,0.000394494418288,0.000301916297758,0.000208511366509,0.000212185535929,0.000113010210043,0.000102940808574,0.0000684045589878],"dvar":[2.45257695042e-7,0.000115167655167,0.0000261259865511,0.0000127789407998,0.00001891541433,0.00000162410424309,3.15908522452e-7,0.00000125796088923,0.00000288765863843,0.00000240043846134,0.00000206501499633,0.00000196125211005,4.56493609136e-7,4.5546966021e-7,4.02063847105e-7,3.63638548606e-7,2.91560894539e-7,2.36001554299e-7,1.18810355332e-7,9.57653298883e-8,1.97438211558e-7,1.91078413536e-7,8.43339336143e-8,1.2320843723e-7,2.20452331945e-8,1.76537255925e-8,1.12101021799e-8],"dvar2":[5.90904619457e-7,0.000285438174615,0.000067344699346,0.0000314122225973,0.0000505436946696,0.00000460747969555,7.35801734209e-7,0.0000028751321679,0.00000661934063828,0.00000530549641553,0.00000443815770268,0.00000469997758046,0.00000107656137516,0.00000113383350708,9.91345018519e-7,8.71009774528e-7,7.4473297218e-7,5.98309497946e-7,3.14613828323e-7,2.59502428435e-7,5.3485632634e-7,5.27207646428e-7,2.23397819354e-7,3.47308116488e-7,5.23986507517e-8,4.12836911323e-8,2.70733639951e-8],"max":[0.00713539961725,0.10938103497,0.0780154541135,0.0475020036101,0.0650620013475,0.0283183623105,0.0209872052073,0.0324442870915,0.0495458990335,0.0387563109398,0.0426478870213,0.0379936024547,0.0150204170495,0.0149708539248,0.0146980555728,0.0153047638014,0.0134425507858,0.0090459138155,0.00519437994808,0.00430931570008,0.00586944585666,0.00560421356931,0.00407558027655,0.00607343390584,0.00212493725121,0.00382509734482,0.00233707437292],"mean":[0.000366914464394,0.00608497811481,0.00589164858684,0.00345608172938,0.00285438704304,0.00047505449038,0.000346851971699,0.000500387919601,0.00142023852095,0.00101346487645,0.000524585950188,0.000718418043107,0.000330906128511,0.000364235631423,0.000413869332988,0.00046552211279,0.000569850904867,0.000648269953672,0.000538657244761,0.000363945495337,0.000479382259073,0.000283369299723,0.000229322686209,0.000227822194574,0.000177092675585,0.000148750288645,0.0000786906384747],"median":[0.00013753103849,0.00180849805474,0.0036816271022,0.00209620478563,0.00162140955217,0.000185680954019,0.000149060346303,0.000110293345642,0.000325492932461,0.000167343008798,0.0000740870746085,0.000124249025248,0.0000870218646014,0.000135770707857,0.000156282476382,0.000238563952735,0.00036568872747,0.000460304465378,0.000436235830421,0.000262852496235,0.000382060534321,0.000169776467374,0.000157085363753,0.000154845954967,0.000112274632556,0.0000712961336831,0.0000207322937058],"min":[3.0185849313e-24,4.07023552e-24,8.27753798887e-24,2.33235837972e-24,1.91545572539e-23,9.00721381581e-24,1.86669544398e-23,1.1309979262e-23,7.46732419666e-24,1.77195608916e-23,2.3361407311e-23,4.29310884168e-23,5.94124027444e-23,4.6470625257e-23,5.91317007908e-23,6.79232652787e-23,1.08774629204e-22,1.20617892637e-22,1.95069966405e-22,1.9791737562e-22,2.88447002616e-22,3.34896697815e-22,5.1869167094e-22,7.13970666552e-22,1.04046113634e-21,1.36471331114e-21,2.05696331744e-21],"var":[4.13444865899e-7,0.000154340130393,0.0000554315192858,0.000020384984964,0.0000196487108042,0.00000128057547499,6.27076076398e-7,0.0000026685481771,0.0000103955862869,0.00000999193980533,0.00000395437518819,0.00000552633264306,7.83090399636e-7,7.14909276667e-7,6.61345836761e-7,6.73023350828e-7,5.89331079937e-7,5.63958622024e-7,2.70476562036e-7,1.55736941565e-7,2.59252942669e-7,1.74545462528e-7,9.42364195566e-8,1.11642506795e-7,4.66569147761e-8,4.01682918039e-8,1.67253837446e-8]},"barkbands_crest":{"dmean":2.71673822403,"dmean2":4.37025594711,"dvar":6.49917125702,"dvar2":16.3537311554,"max":25.8015270233,"mean":10.0960235596,"median":9.07338905334,"min":2.20661640167,"var":20.0823822021},"barkbands_flatness_db":{"dmean":0.0197757873684,"dmean2":0.0297283418477,"dvar":0.000392946822103,"dvar2":0.000765993318055,"max":0.55920779705,"mean":0.116132579744,"median":0.0972623303533,"min":0.0197704955935,"var":0.0041017960757},"barkbands_kurtosis":{"dmean":2.49107909203,"dmean2":3.76506638527,"dvar":40.2097244263,"dvar2":72.1859054565,"max":275.895629883,"mean":3.5687186718,"median":0.82206851244,"min":-1.88346195221,"var":132.643890381},"barkbands_skewness":{"dmean":0.520702779293,"dmean2":0.782768428326,"dvar":0.324483901262,"dvar2":0.645701408386,"max":14.9425992966,"mean":1.44246411324,"median":1.2685571909,"min":-9.52191829681,"var":1.6416888237},"barkbands_spread":{"dmean":7.51599884033,"dmean2":11.848443985,"dvar":70.9001235962,"dvar2":173.096878052,"max":113.852279663,"mean":33.2719268799,"median":33.1924552917,"min":0.228046178818,"var":304.277374268},"dissonance":{"dmean":0.0123276552185,"dmean2":0.0204660724849,"dvar":0.000211708320421,"dvar2":0.000559039064683,"max":0.500000178814,"mean":0.477008104324,"median":0.484790980816,"min":0.282336473465,"var":0.000565145281143},"dynamic_complexity":4.37825250626,"erbbands":{"dmean":[0.154194131494,1.05159509182,3.28016042709,4.70997428894,7.73396921158,5.5604133606,3.37451124191,3.04563522339,2.94517421722,4.02311563492,8.48634719849,17.0945205688,13.4247531891,15.5301380157,13.226978302,16.7740650177,10.1950025558,10.3631401062,13.4417314529,12.6305437088,13.5212907791,14.5674343109,17.3182888031,13.7029085159,9.69398593903,8.52830410004,10.0022668839,8.04251194,6.57299995422,4.67913246155,3.63446211815,3.07736110687,1.88461387157,0.949424028397,0.581881225109,0.31090927124,0.127001419663,0.0362781248987,0.00673303380609,0.000473636639072],"dmean2":[0.253036022186,1.77499175072,5.27909708023,7.82650709152,12.7224359512,9.34943962097,5.76708316803,5.32888412476,4.79014921188,6.4496679306,12.9378700256,25.5048675537,20.4921512604,23.5058708191,19.8719959259,25.6558151245,15.9421920776,16.390127182,21.3172187805,20.1479263306,21.5784320831,23.3818683624,27.922750473,22.6219539642,15.9895906448,14.2221927643,16.9283809662,13.6327543259,11.253739357,7.8570766449,5.93499994278,5.1040763855,3.12166333199,1.47813761234,0.859215915203,0.464045166969,0.191937714815,0.0570442527533,0.010530767031,0.000735730398446],"dvar":[0.124140679836,6.13180494308,29.4334774017,48.114654541,362.956115723,120.44959259,63.0249023438,113.98764801,51.1312713623,212.43611145,771.65222168,1949.92053223,1938.01000977,3355.51416016,3199.77709961,3241.64892578,879.618774414,1060.24279785,975.244140625,964.194458008,745.846191406,743.489318848,688.220825195,392.48425293,247.613647461,208.385696411,347.329315186,286.354370117,251.151931763,126.16179657,71.5150146484,64.4517211914,26.4667472839,4.27007484436,1.05515551567,0.338273048401,0.0582087747753,0.00657303724438,0.000259394902969,0.00000129127124637],"dvar2":[0.283877462149,16.0157260895,75.0561447144,127.347953796,913.861450195,327.471252441,170.447769165,324.78302002,122.823448181,498.345458984,1749.41052246,4364.26660156,4237.53564453,7484.88183594,6977.79296875,7737.51513672,2001.45031738,2646.41088867,2381.2121582,2273.11547852,1733.33007813,1847.39440918,1733.46960449,1013.82971191,649.494812012,564.133544922,944.938476563,780.137573242,692.170532227,343.116577148,190.263778687,180.939239502,74.1753921509,10.9095849991,2.41417479515,0.789785981178,0.138945162296,0.0160473957658,0.000623058178462,0.00000312346196552],"max":[3.62039470673,24.6487598419,83.8459396362,94.9318466187,248.734725952,142.881729126,160.23866272,253.427337646,331.3359375,669.753051758,889.82989502,1077.11877441,1113.27539063,1614.17358398,1844.34460449,1785.50830078,769.18182373,754.245727539,653.709289551,652.44519043,843.992370605,802.064880371,529.870910645,425.632415771,311.339813232,191.516921997,285.460144043,206.589859009,210.036651611,136.206237793,124.572235107,143.466949463,107.249588013,31.38555336,20.9402484894,14.44739151,7.21922540665,1.68256878853,0.345517188311,0.0276318378747],"mean":[0.203172579408,1.3327974081,6.01484584808,9.15575695038,12.0380096436,9.00222301483,4.85497093201,3.70299530029,4.65958547592,6.43782663345,15.8007421494,37.2452507019,26.6493778229,31.5563926697,22.9196281433,31.1562156677,18.2280368805,17.2256469727,23.137556076,21.7814865112,26.3462867737,32.3260231018,37.94947052,30.266418457,21.9716587067,18.1069164276,20.7015647888,15.1037158966,10.6505346298,7.91971826553,6.42632722855,5.20219421387,3.44912910461,2.03898477554,1.31585597992,0.668333649635,0.263019919395,0.0692327618599,0.0119608445093,0.000839980144519],"median":[0.0438444316387,0.490795224905,3.74853944778,6.82795286179,7.15905666351,5.33129501343,2.20542383194,1.49935305119,1.98353111744,2.52106904984,3.58764886856,8.45983982086,6.47772979736,4.45488977432,3.85908985138,5.95089769363,5.13885164261,6.23190784454,10.0764398575,8.75237464905,14.8455247879,22.298160553,28.6705970764,23.5594844818,16.6683940887,13.5591421127,16.3485813141,11.3341741562,6.47541904449,5.05022621155,4.30974435806,3.48752593994,2.25839519501,1.27046513557,0.785480558872,0.331989109516,0.131599068642,0.0245545580983,0.00319952820428,0.000270205142442],"min":[1.76561118623e-22,6.99516361875e-22,1.00035782082e-20,8.99226751437e-21,3.84330601565e-20,3.94736275177e-20,8.02441966877e-20,9.87658950514e-20,1.82568222069e-19,5.52114676244e-19,3.81006886466e-19,2.62348034391e-19,5.14340232801e-19,1.03059828385e-18,1.40989637027e-18,1.82803213741e-18,2.26625795028e-18,2.74538039981e-18,4.2228844129e-18,5.13815397042e-18,5.0319299177e-18,5.94415090108e-18,5.91068689581e-18,1.15090833319e-17,9.30959850257e-18,7.79561230895e-18,8.29827094205e-18,1.16029410344e-17,1.33181645547e-17,1.28582587515e-17,1.37348691959e-17,1.22740285295e-17,1.12850373271e-17,8.97578563047e-18,6.50242130035e-18,4.08474773214e-18,2.89861788304e-18,1.07143236498e-18,2.74714255301e-19,2.93115521338e-20],"var":[0.193186029792,6.80686759949,59.1046829224,91.147354126,387.194488525,154.129394531,77.2807159424,83.9056243896,100.624633789,335.554321289,2088.41821289,7922.80810547,5655.32421875,12488.7470703,6346.21582031,9787.38085938,1917.66638184,1741.89624023,1754.78588867,1775.5567627,1603.39245605,1671.30639648,1716.78088379,941.987976074,537.369384766,348.084625244,469.653717041,321.192718506,234.229660034,125.083808899,78.0539093018,58.5983123779,25.1591777802,6.99189996719,2.55921626091,0.796998441219,0.124619305134,0.0109549341723,0.000387095380574,0.00000184284601801]},"erbbands_crest":{"dmean":2.21127843857,"dmean2":3.45748710632,"dvar":4.91181087494,"dvar2":11.3881826401,"max":31.9554481506,"mean":8.52754116058,"median":6.85348033905,"min":2.28145265579,"var":25.6894550323},"erbbands_flatness_db":{"dmean":0.0138435633853,"dmean2":0.0198396556079,"dvar":0.000197448127437,"dvar2":0.000385012594052,"max":0.378001660109,"mean":0.134796544909,"median":0.115285381675,"min":0.0293667223305,"var":0.00427693268284},"erbbands_kurtosis":{"dmean":0.865002095699,"dmean2":1.33322906494,"dvar":2.20115637779,"dvar2":4.32223367691,"max":76.30078125,"mean":0.536856293678,"median":-0.00951228570193,"min":-1.82656764984,"var":6.5205655098},"erbbands_skewness":{"dmean":0.315287172794,"dmean2":0.458296775818,"dvar":0.106093682349,"dvar2":0.199023634195,"max":6.92195224762,"mean":-0.114505283535,"median":-0.325557798147,"min":-2.83615708351,"var":0.90438991785},"erbbands_spread":{"dmean":8.79916191101,"dmean2":13.2864570618,"dvar":85.8610229492,"dvar2":189.187896729,"max":175.881896973,"mean":46.3850212097,"median":43.0752258301,"min":1.90335643291,"var":541.49597168},"gfcc":{"cov":[[21731.0214844,-3653.61230469,1021.83544922,1341.82141113,100.853729248,1849.2611084,-115.863082886,282.695770264,-810.879089355,-268.355133057,-245.906402588,574.256591797,-192.979431152],[-3653.61230469,2694.04833984,-997.225524902,-306.620300293,-210.856369019,-567.048095703,14.7991533279,-185.79335022,217.276641846,58.9280815125,147.233398438,-174.81362915,135.269241333],[1021.83544922,-997.225524902,1313.98449707,-2.18521142006,188.912368774,270.384796143,-119.390670776,-19.9363079071,-73.2689666748,9.09510135651,11.7803983688,142.685073853,-90.8608856201],[1341.82141113,-306.620300293,-2.18521142006,600.609802246,64.9559020996,155.281265259,32.8036575317,71.4317703247,-52.0012321472,-31.9116325378,-53.4035148621,-10.7136564255,20.4821071625],[100.853729248,-210.856369019,188.912368774,64.9559020996,223.751998901,64.067489624,30.5746555328,-7.4172911644,-5.98158740997,0.322825431824,-21.2036991119,9.202460289,-14.0129842758],[1849.2611084,-567.048095703,270.384796143,155.281265259,64.067489624,412.814819336,37.7744255066,44.4342155457,-121.046768188,-28.7343177795,0.188837781549,95.1920928955,-28.6720657349],[-115.863082886,14.7991533279,-119.390670776,32.8036575317,30.5746555328,37.7744255066,213.377426147,81.629989624,3.56136035919,-29.2484855652,-20.2767238617,-28.8013286591,16.0844554901],[282.695770264,-185.79335022,-19.9363079071,71.4317703247,-7.4172911644,44.4342155457,81.629989624,146.689102173,26.979013443,-18.3773555756,-41.7391700745,-14.1596603394,-2.4670009613],[-810.879089355,217.276641846,-73.2689666748,-52.0012321472,-5.98158740997,-121.046768188,3.56136035919,26.979013443,143.790786743,48.0777664185,-10.2217359543,-52.6822280884,19.051908493],[-268.355133057,58.9280815125,9.09510135651,-31.9116325378,0.322825431824,-28.7343177795,-29.2484855652,-18.3773555756,48.0777664185,77.6240234375,30.9525375366,-4.91164159775,-3.66680431366],[-245.906402588,147.233398438,11.7803983688,-53.4035148621,-21.2036991119,0.188837781549,-20.2767238617,-41.7391700745,-10.2217359543,30.9525375366,94.7313461304,40.3047065735,1.21658658981],[574.256591797,-174.81362915,142.685073853,-10.7136564255,9.202460289,95.1920928955,-28.8013286591,-14.1596603394,-52.6822280884,-4.91164159775,40.3047065735,104.405380249,7.64537096024],[-192.979431152,135.269241333,-90.8608856201,20.4821071625,-14.0129842758,-28.6720657349,16.0844554901,-2.4670009613,19.051908493,-3.66680431366,1.21658658981,7.64537096024,69.7811965942]],"icov":[[0.000103041224065,0.0000118278830996,0.0000547897470824,-0.00013021218183,0.000104479717265,-0.000285913120024,0.0000998324903776,-0.0000336535085808,0.00016855832655,-0.0000883716493263,0.000442669930635,-0.00046858904534,0.000243852540734],[0.0000118278830996,0.00101665803231,0.000430194922956,0.000105758983409,0.000205284173717,0.000279211264569,-0.000143722412759,0.00115400971845,-0.00112715561409,0.00112376257312,-0.00202329014428,0.00123633479234,-0.000912467949092],[0.0000547897470824,0.000430194922956,0.00149114138912,0.000101984347566,-0.000768547528423,-0.000517336186022,0.000682453915942,0.00038594668149,-0.000901110295672,0.00053026759997,-0.000267593219178,-0.00123781978618,0.00113286403939],[-0.00013021218183,0.000105758983409,0.000101984347566,0.00251349620521,-0.000940402329434,-0.000510899641085,0.000750672305003,-0.00131063640583,0.00103519472759,-0.0000588197362958,-0.000638709054329,0.00252734613605,-0.00233969883993],[0.000104479717265,0.000205284173717,-0.000768547528423,-0.000940402329434,0.00641183834523,-0.000453366781585,-0.00231921975501,0.00290753925219,-0.00139824766666,-0.000571124022827,0.00235981331207,-0.00141814723611,0.00137095758691],[-0.000285913120024,0.000279211264569,-0.000517336186022,-0.000510899641085,-0.000453366781585,0.00598836410791,-0.00162179861218,-0.000826545292512,0.00232439069077,-0.00116142001934,-0.000796237669419,-0.00188722764142,0.000383506005164],[0.0000998324903776,-0.000143722412759,0.000682453915942,0.000750672305003,-0.00231921975501,-0.00162179861218,0.00839191209525,-0.00530836964026,0.00156215706374,0.00200810073875,-0.00220763334073,0.00356576638296,-0.00270430068485],[-0.0000336535085808,0.00115400971845,0.00038594668149,-0.00131063640583,0.00290753925219,-0.000826545292512,-0.00530836964026,0.0147076370195,-0.00762874772772,0.00336421770044,0.0023638701532,-0.00234179501422,0.00301990099251],[0.00016855832655,-0.00112715561409,-0.000901110295672,0.00103519472759,-0.00139824766666,0.00232439069077,0.00156215706374,-0.00762874772772,0.0191328115761,-0.0117605170235,0.00384813500568,0.00391396414489,-0.00511916400865],[-0.0000883716493263,0.00112376257312,0.00053026759997,-0.0000588197362958,-0.000571124022827,-0.00116142001934,0.00200810073875,0.00336421770044,-0.0117605170235,0.0246954094619,-0.0109635433182,0.00309106498025,0.00171016063541],[0.000442669930635,-0.00202329014428,-0.000267593219178,-0.000638709054329,0.00235981331207,-0.000796237669419,-0.00220763334073,0.0023638701532,0.00384813500568,-0.0109635433182,0.025557467714,-0.0141137298197,0.00519851082936],[-0.00046858904534,0.00123633479234,-0.00123781978618,0.00252734613605,-0.00141814723611,-0.00188722764142,0.00356576638296,-0.00234179501422,0.00391396414489,0.00309106498025,-0.0141137298197,0.0271095559001,-0.0116412574425],[0.000243852540734,-0.000912467949092,0.00113286403939,-0.00233969883993,0.00137095758691,0.000383506005164,-0.00270430068485,0.00301990099251,-0.00511916400865,0.00171016063541,0.00519851082936,-0.0116412574425,0.0227708145976]],"mean":[-3.96210551262,62.031124115,-101.713249207,41.5939254761,-38.8957748413,5.65335083008,-26.4010162354,9.45576953888,-24.16106987,-5.88780021667,-24.8347873688,-7.51955652237,-14.5163354874]},"hfc":{"dmean":8.0071849823,"dmean2":12.118473053,"dvar":203.819046021,"dvar2":506.645721436,"max":184.044555664,"mean":28.1676101685,"median":24.9281005859,"min":1.12706706887e-16,"var":516.372253418},"melbands":{"dmean":[0.00132093229331,0.00148026458919,0.000893982942216,0.00048725810484,0.000127841383801,0.0000689784283168,0.0000443106073362,0.0000478048714285,0.0000801425412646,0.000104168990219,0.0000667718486511,0.0000648306304356,0.0000454555047327,0.0000457573332824,0.0000345673615811,0.0000193208834389,0.0000211878668779,0.0000226156225835,0.000018458797058,0.0000183477986866,0.0000174620981852,0.0000155935376824,0.0000208842047869,0.0000130286489366,0.0000124137086459,0.00000886901852937,0.00000640022517473,0.0000058928285398,0.00000644214514978,0.00000663210357743,0.00000452196081824,0.00000396602581532,0.00000351399989995,0.00000247196680903,0.00000219652929445,0.00000221748882723,0.00000186507099897,0.00000153260157276,9.21195294268e-7,8.42980398374e-7],"dmean2":[0.00221216515638,0.00238148728386,0.00146737217437,0.000807880191132,0.000216005500988,0.000120353484817,0.0000716413705959,0.0000764539581724,0.000122565266793,0.000156365524163,0.000102226935269,0.0000982608908089,0.0000677381176502,0.0000712984910933,0.0000533399033884,0.0000303946053464,0.0000338311474479,0.0000362266255252,0.0000295185927826,0.0000295127847494,0.0000281496159005,0.0000252799090958,0.0000337828605552,0.0000212539143831,0.0000206362419704,0.0000146720367411,0.0000106997749754,0.00000987248040474,0.0000109040702228,0.0000112411125883,0.00000770935184846,0.00000684341830492,0.0000060528755057,0.0000041327530198,0.00000363529670722,0.00000361927050108,0.00000315959641739,0.00000257895430877,0.00000150772223151,0.00000132070522341],"dvar":[0.00000948166052694,0.00000653040842735,0.00000219501839638,0.00000127110013182,6.98374762464e-8,5.61341586547e-8,1.07514033232e-8,2.82813683583e-8,5.96615592485e-8,7.23620630083e-8,4.93556839842e-8,5.75671350589e-8,3.74105475487e-8,2.9641931576e-8,1.20425092121e-8,3.47860296124e-9,4.61981430888e-9,2.85109780229e-9,2.38804487296e-9,2.3904200841e-9,1.18333742805e-9,1.05299835518e-9,1.15908460607e-9,4.49503156918e-10,3.15618392532e-10,1.95837429606e-10,1.24032228932e-10,1.02310507288e-10,1.43854830825e-10,1.3011686173e-10,9.20094833656e-11,9.27773483039e-11,7.20773440932e-11,3.24813925756e-11,2.51392621997e-11,2.58032761824e-11,2.38931339991e-11,1.83663327602e-11,4.69518521284e-12,3.16619820639e-12],"dvar2":[0.0000232991751545,0.0000162570886459,0.00000552149913347,0.00000336975062964,1.87517386507e-7,1.59255534982e-7,2.55304755115e-8,6.52015756941e-8,1.35219949016e-7,1.62407161497e-7,1.08049832193e-7,1.27562401531e-7,7.86672984532e-8,7.01536677639e-8,2.77879177446e-8,8.16333756148e-9,1.15504752429e-8,6.93902801885e-9,5.86379078626e-9,5.74230085704e-9,2.8232960414e-9,2.66321031894e-9,2.89325718938e-9,1.15310483384e-9,8.25782942027e-10,5.13346476438e-10,3.30245525371e-10,2.77851491814e-10,3.91741583616e-10,3.52688100946e-10,2.52393161926e-10,2.56799415066e-10,1.99763205977e-10,8.77536932009e-11,6.65500501928e-11,7.09651851172e-11,6.73409383811e-11,5.17736513383e-11,1.27256564661e-11,7.97026854238e-12],"max":[0.031867608428,0.040253367275,0.0184399094433,0.0168833918869,0.00481164269149,0.00553166866302,0.00470018852502,0.00651932926849,0.00676707690582,0.00743425823748,0.00567498244345,0.00690442370251,0.00696568796411,0.00515757501125,0.00274325232022,0.00148918177001,0.00162683601957,0.00141698634252,0.00140174396802,0.00146465341095,0.000910773582291,0.00102473923471,0.000826681090984,0.000544868060388,0.000349263835233,0.000275559781585,0.00020972857601,0.000145354439155,0.000201239367016,0.000175258843228,0.000125911305076,0.000125014936202,0.000121194352687,0.0000921996324905,0.0000709491941961,0.0000835604951135,0.0000832173536764,0.0000941998005146,0.0000393901900679,0.0000288886421913],"mean":[0.0017275759019,0.0026519226376,0.00178217992652,0.000787495693658,0.000200445079827,0.0000847016344778,0.0000710876265657,0.000073885807069,0.000157181624672,0.000219733090489,0.000124949627207,0.000127561521367,0.0000747115846025,0.0000792305945652,0.000061409373302,0.0000309830356855,0.0000320368417306,0.0000367930515495,0.0000298163995467,0.0000295537738566,0.0000316283039865,0.0000308461749228,0.0000414091446146,0.0000266807455773,0.0000247570496867,0.0000185193002835,0.0000127950852402,0.0000114028825919,0.0000122238961922,0.0000125875194499,0.00000751375910113,0.00000603574198976,0.00000533469983566,0.00000405517721447,0.00000364433435607,0.00000368812129636,0.00000296907069242,0.00000261717173089,0.00000178275718099,0.00000170870259808],"median":[0.000450044084573,0.00160191243049,0.00133134925272,0.000485917727929,0.000103988895717,0.0000329399190377,0.0000309541719616,0.0000269477804977,0.0000331399969582,0.0000497848013765,0.0000256243383774,0.0000164290213434,0.0000109625971163,0.0000134490892378,0.0000146412512549,0.00000840284337755,0.0000104362361526,0.000015845960661,0.0000107538598968,0.0000121162893265,0.0000179087383003,0.0000187654659385,0.0000306457695842,0.0000181643426913,0.0000187908663065,0.0000141112159326,0.00000875691148394,0.00000828259999253,0.00000900390114111,0.00000997003280645,0.00000512453243573,0.00000346544152308,0.00000321475999954,0.00000254615406448,0.00000226900988309,0.00000244090369961,0.00000187675232155,0.00000163983054335,0.00000115311763693,0.0000010028146562],"min":[2.12410915872e-24,4.11134976709e-24,1.89913352273e-24,4.36407319099e-24,2.4662974951e-24,2.15448247294e-24,3.06228664216e-24,4.79596585913e-24,2.84504677342e-24,1.30344562193e-24,2.6909767166e-24,3.59786245451e-24,3.39785544946e-24,4.85967426584e-24,5.13516027116e-24,4.55042501377e-24,4.44814209766e-24,7.36332629695e-24,4.47029922834e-24,5.19181507808e-24,5.37005583303e-24,6.6075762505e-24,2.89687256831e-24,6.5363957533e-24,8.12989635957e-24,6.5762576837e-24,5.70952437422e-24,3.78589100114e-24,4.82085284297e-24,6.36338948488e-24,6.98468726194e-24,6.62682209e-24,5.55529299535e-24,7.93088884129e-24,7.86816729957e-24,7.50711118528e-24,6.71254760457e-24,6.1887037316e-24,6.36660172649e-24,7.11396184278e-24],"var":[0.0000133194680529,0.0000114026315714,0.00000375621607418,0.0000013615356238,9.60667705385e-8,4.28869206814e-8,2.22452172238e-8,4.43208385548e-8,1.76995044399e-7,2.70013202908e-7,1.43736983205e-7,2.2328451621e-7,7.70326238353e-8,7.82666660371e-8,2.9710051308e-8,6.5330212351e-9,6.88477586053e-9,4.9385202594e-9,3.81801745775e-9,4.07318578866e-9,2.36089459094e-9,2.03924388487e-9,2.37669883774e-9,1.08627828954e-9,6.79601874776e-10,4.02785887976e-10,2.23697685375e-10,1.57126880951e-10,1.87713677935e-10,1.78801459749e-10,9.56755716319e-11,8.38104308176e-11,6.47169609569e-11,3.30302452056e-11,2.70848760087e-11,2.60633025578e-11,2.10018825247e-11,1.63597729114e-11,5.76992316773e-12,5.24104240909e-12]},"melbands_crest":{"dmean":3.36488986015,"dmean2":5.35550642014,"dvar":9.04048919678,"dvar2":22.1786556244,"max":32.1587257385,"mean":15.7396755219,"median":15.0653085709,"min":1.64587581158,"var":29.9611968994},"melbands_flatness_db":{"dmean":0.0260773934424,"dmean2":0.0395383648574,"dvar":0.00067070312798,"dvar2":0.00139794417191,"max":0.690626978874,"mean":0.189897954464,"median":0.173825532198,"min":0.00339770200662,"var":0.00551877915859},"melbands_kurtosis":{"dmean":8.8687210083,"dmean2":13.4831008911,"dvar":290.785125732,"dvar2":554.953491211,"max":751.948608398,"mean":17.7788887024,"median":8.63467788696,"min":-1.74447071552,"var":996.764831543},"melbands_skewness":{"dmean":0.84342700243,"dmean2":1.27741742134,"dvar":0.875370979309,"dvar2":1.85233664513,"max":20.196231842,"mean":3.15383410454,"median":2.70254039764,"min":-1.14493763447,"var":4.54460191727},"melbands_spread":{"dmean":8.64306545258,"dmean2":13.531504631,"dvar":103.041610718,"dvar2":246.494842529,"max":210.687301636,"mean":28.9513683319,"median":25.4491157532,"min":0.267798662186,"var":439.881011963},"mfcc":{"cov":[[15070.8271484,-2220.33740234,202.325576782,311.783843994,445.399627686,834.725769043,803.13494873,1004.13531494,186.158584595,-223.61479187,-310.552703857,55.7913627625,-91.4531936646],[-2220.33740234,1773.8092041,-389.29598999,-80.1372833252,-240.890808105,-225.394638062,-228.069610596,-273.796844482,-62.6984214783,14.0122394562,69.6293640137,-45.0384368896,47.8861923218],[202.325576782,-389.29598999,774.00793457,-103.300933838,226.559677124,99.840133667,22.5065364838,69.0346298218,-74.6637802124,3.81756258011,-38.8250694275,-0.909904837608,8.46741580963],[311.783843994,-80.1372833252,-103.300933838,457.323699951,40.6968574524,19.0370121002,35.8768882751,8.13448905945,104.865112305,15.0359277725,20.8367271423,27.4282436371,-33.4108314514],[445.399627686,-240.890808105,226.559677124,40.6968574524,249.572113037,107.097503662,13.7074594498,34.7301063538,-16.9553623199,-0.961490571499,-25.0695571899,3.0905828476,-8.7785577774],[834.725769043,-225.394638062,99.840133667,19.0370121002,107.097503662,203.505630493,123.350730896,81.3311691284,-1.75111937523,-25.5454349518,-28.6063213348,8.71594333649,0.535894274712],[803.13494873,-228.069610596,22.5065364838,35.8768882751,13.7074594498,123.350730896,215.792861938,142.608230591,26.2262134552,-28.3094387054,-16.8852729797,15.6920261383,-9.46707725525],[1004.13531494,-273.796844482,69.0346298218,8.13448905945,34.7301063538,81.3311691284,142.608230591,196.437225342,51.3195304871,-17.0354328156,-31.2237129211,5.54779434204,-7.12745094299],[186.158584595,-62.6984214783,-74.6637802124,104.865112305,-16.9553623199,-1.75111937523,26.2262134552,51.3195304871,133.616973877,50.3678436279,15.3885011673,5.92236280441,-16.8864841461],[-223.61479187,14.0122394562,3.81756258011,15.0359277725,-0.961490571499,-25.5454349518,-28.3094387054,-17.0354328156,50.3678436279,95.4720001221,46.4906425476,-0.367784917355,-15.2342891693],[-310.552703857,69.6293640137,-38.8250694275,20.8367271423,-25.0695571899,-28.6063213348,-16.8852729797,-31.2237129211,15.3885011673,46.4906425476,78.706237793,24.5664558411,-8.25116825104],[55.7913627625,-45.0384368896,-0.909904837608,27.4282436371,3.0905828476,8.71594333649,15.6920261383,5.54779434204,5.92236280441,-0.367784917355,24.5664558411,59.9902496338,23.2181472778],[-91.4531936646,47.8861923218,8.46741580963,-33.4108314514,-8.7785577774,0.535894274712,-9.46707725525,-7.12745094299,-16.8864841461,-15.2342891693,-8.25116825104,23.2181472778,70.7791137695]],"icov":[[0.000127941049868,0.0000550323857169,0.000100577817648,-0.0000703246478224,0.0000153604250954,-0.00035301753087,0.000200538008357,-0.000601881183684,0.000159351329785,-0.0000308665948978,0.000268431787845,-0.000184583608643,0.000176859481144],[0.0000550323857169,0.000935821270104,0.000286672322545,-0.0000111046811071,0.00033908613841,0.0000455836197943,0.000236849009525,0.000471236067824,0.000160395880812,0.000311786774546,-0.000770339625888,0.00116004468873,-0.000845688744448],[0.000100577817648,0.000286672322545,0.00223566731438,0.000248631375143,-0.00157904194202,-0.000132354092784,0.000349166366505,-0.00127872417215,0.00169263174757,-0.00140073429793,0.000737374066375,-0.000218866131036,-0.000230898585869],[-0.0000703246478224,-0.0000111046811071,0.000248631375143,0.0033891252242,-0.00138478446752,0.000650063098874,-0.00119996571448,0.00204229471274,-0.00353594380431,0.00177156552672,-0.000509138451889,-0.00130690541118,0.00126226223074],[0.0000153604250954,0.00033908613841,-0.00157904194202,-0.00138478446752,0.00832967273891,-0.0047277896665,0.00365722412243,-0.00144999055192,0.00181527051609,-0.00158790370915,0.00155054056086,-0.00106527423486,0.00135924038477],[-0.00035301753087,0.0000455836197943,-0.000132354092784,0.000650063098874,-0.0047277896665,0.0122376084328,-0.0076242685318,0.00344367208891,-0.000902891624719,0.000689261942171,0.000301784806652,0.000886239751708,-0.00183891470078],[0.000200538008357,0.000236849009525,0.000349166366505,-0.00119996571448,0.00365722412243,-0.0076242685318,0.0147357294336,-0.00950752198696,0.00219936692156,0.00114626216237,-0.00137141090818,-0.00204912154004,0.00229931715876],[-0.000601881183684,0.000471236067824,-0.00127872417215,0.00204229471274,-0.00144999055192,0.00344367208891,-0.00950752198696,0.017172312364,-0.00746087403968,0.00268747587688,0.000940645812079,0.00128141266759,-0.00124008418061],[0.000159351329785,0.000160395880812,0.00169263174757,-0.00353594380431,0.00181527051609,-0.000902891624719,0.00219936692156,-0.00746087403968,0.0176608581096,-0.0111139416695,0.00384423346259,-0.00197420502082,0.000917769095395],[-0.0000308665948978,0.000311786774546,-0.00140073429793,0.00177156552672,-0.00158790370915,0.000689261942171,0.00114626216237,0.00268747587688,-0.0111139416695,0.024002848193,-0.014427030459,0.00609084637836,-0.000190344711882],[0.000268431787845,-0.000770339625888,0.000737374066375,-0.000509138451889,0.00155054056086,0.000301784806652,-0.00137141090818,0.000940645812079,0.00384423346259,-0.014427030459,0.0289301797748,-0.0154145779088,0.00688183074817],[-0.000184583608643,0.00116004468873,-0.000218866131036,-0.00130690541118,-0.00106527423486,0.000886239751708,-0.00204912154004,0.00128141266759,-0.00197420502082,0.00609084637836,-0.0154145779088,0.0301239248365,-0.0127367042005],[0.000176859481144,-0.000845688744448,-0.000230898585869,0.00126226223074,0.00135924038477,-0.00183891470078,0.00229931715876,-0.00124008418061,0.000917769095395,-0.000190344711882,0.00688183074817,-0.0127367042005,0.0210761372]],"mean":[-649.1953125,94.851600647,1.69050836563,38.6571006775,10.2124557495,6.03574991226,5.82308387756,8.23946762085,6.52256202698,2.37305045128,-0.138740420341,-1.89254426956,-9.69861888885]},"pitch_salience":{"dmean":0.0718736350536,"dmean2":0.116219453514,"dvar":0.00425701448694,"dvar2":0.0106717674062,"max":0.856824338436,"mean":0.562954485416,"median":0.577865302563,"min":0.0523771680892,"var":0.0150223756209},"silence_rate_20dB":{"dmean":0,"dmean2":0,"dvar":0,"dvar2":0,"max":1,"mean":1,"median":1,"min":1,"var":0},"silence_rate_30dB":{"dmean":0.00283758970909,"dmean2":0.00567565299571,"dvar":0.00282920128666,"dvar2":0.00814605783671,"max":1,"mean":0.99841439724,"median":1,"min":0,"var":0.00158316409215},"silence_rate_60dB":{"dmean":0.00701051577926,"dmean2":0.014022202231,"dvar":0.00696163298562,"dvar2":0.0159972421825,"max":1,"mean":0.147792711854,"median":0,"min":0,"var":0.125954449177},"spectral_centroid":{"dmean":260.998413086,"dmean2":402.445983887,"dvar":84949.7734375,"dvar2":189196.734375,"max":11697.7841797,"mean":1790.22766113,"median":1859.30419922,"min":120.126121521,"var":567943.3125},"spectral_complexity":{"dmean":4.3019528389,"dmean2":6.51915550232,"dvar":24.0372257233,"dvar2":49.6638832092,"max":63,"mean":23.3554210663,"median":24,"min":0,"var":184.803894043},"spectral_contrast_coeffs":{"dmean":[0.0494686737657,0.0431741960347,0.0375008806586,0.028602514416,0.0194656420499,0.0175772812217],"dmean2":[0.0817878469825,0.0710983648896,0.0594367384911,0.0462964102626,0.0321442224085,0.0281884204596],"dvar":[0.00170334475115,0.00124831928406,0.000962543068454,0.000560808635782,0.000245787552558,0.000284759094939],"dvar2":[0.00461887102574,0.00330569269136,0.00237831496634,0.00139924581163,0.000649849127512,0.000685403356329],"max":[-0.33055922389,-0.437751352787,-0.389647454023,-0.518237113953,-0.579886078835,-0.57556116581],"mean":[-0.631258964539,-0.774136006832,-0.761945307255,-0.791150927544,-0.790907084942,-0.74972486496],"median":[-0.63365983963,-0.784653782845,-0.779335916042,-0.798583507538,-0.795523107052,-0.754132688046],"min":[-0.974917769432,-0.97186088562,-0.970585346222,-0.966819643974,-0.964201331139,-0.961875021458],"var":[0.00600877823308,0.00445833429694,0.00686959829181,0.003225853201,0.00188946258277,0.0026557603851]},"spectral_contrast_valleys":{"dmean":[0.379978001118,0.345500051975,0.308304816484,0.267379999161,0.209741577506,0.228896349669],"dmean2":[0.623594224453,0.565340518951,0.486879974604,0.412955522537,0.317629814148,0.322798103094],"dvar":[0.116683669388,0.0939341858029,0.081312417984,0.0758129879832,0.0645341202617,0.115737237036],"dvar2":[0.282047986984,0.224941387773,0.177815869451,0.157453522086,0.123746231198,0.237535133958],"max":[-5.09940576553,-4.97643661499,-4.93405675888,-5.72214078903,-5.31341743469,-7.35753440857],"mean":[-7.34948921204,-7.2666387558,-7.74269390106,-7.87641859055,-7.36353731155,-10.03814888],"median":[-6.93018245697,-7.06047821045,-7.43392896652,-7.56138515472,-6.74184131622,-9.15149879456],"min":[-27.6290740967,-27.9277133942,-27.5737876892,-27.6736488342,-27.4539661407,-27.3054447174],"var":[2.43258357048,1.65352201462,2.24599456787,2.06351828575,2.94291353226,3.85248804092]},"spectral_decrease":{"dmean":2.4371473728e-9,"dmean2":3.81425557805e-9,"dvar":1.29919468549e-17,"dvar2":2.98056269586e-17,"max":1.57589209287e-16,"mean":-6.99970792439e-9,"median":-5.69667379935e-9,"min":-4.19895727077e-8,"var":3.59888516682e-17},"spectral_energy":{"dmean":0.00959459878504,"dmean2":0.0149725107476,"dvar":0.000203581803362,"dvar2":0.00046150709386,"max":0.165311291814,"mean":0.0289734601974,"median":0.0241855401546,"min":1.04520094588e-20,"var":0.000584623543546},"spectral_energyband_high":{"dmean":0.000749318511225,"dmean2":0.00119213655125,"dvar":0.00000280161270894,"dvar2":0.00000741404164728,"max":0.0205539092422,"mean":0.00180925650056,"median":0.00144575384911,"min":7.39397281736e-21,"var":0.00000368295832232},"spectral_energyband_low":{"dmean":0.00705629773438,"dmean2":0.0112419612706,"dvar":0.000141364143929,"dvar2":0.000329883681843,"max":0.148039847612,"mean":0.0138389421627,"median":0.00868196133524,"min":2.19389822361e-23,"var":0.000286498776404},"spectral_energyband_middle_high":{"dmean":0.00161754654255,"dmean2":0.00241801724769,"dvar":0.00000790888043412,"dvar2":0.0000165785604622,"max":0.0566928610206,"mean":0.00561713473871,"median":0.00333133642562,"min":1.31567428414e-21,"var":0.0000474016887893},"spectral_energyband_middle_low":{"dmean":0.00396018661559,"dmean2":0.00631035445258,"dvar":0.0000551229859411,"dvar2":0.000135645081173,"max":0.103613190353,"mean":0.00939083006233,"median":0.00677761156112,"min":2.07754622569e-22,"var":0.0000989755280898},"spectral_entropy":{"dmean":0.116479203105,"dmean2":0.169748038054,"dvar":0.0189036652446,"dvar2":0.032804235816,"max":9.80730342865,"mean":7.74297714233,"median":7.93678283691,"min":4.0264081955,"var":0.368217289448},"spectral_flux":{"dmean":0.0233146194369,"dmean2":0.0359664522111,"dvar":0.000896805198863,"dvar2":0.00193713756744,"max":0.300936073065,"mean":0.0816815942526,"median":0.0739176943898,"min":6.57145518557e-11,"var":0.00292337895371},"spectral_kurtosis":{"dmean":1.49402248859,"dmean2":2.52616858482,"dvar":10.0322570801,"dvar2":28.995552063,"max":89.5050201416,"mean":4.98011445999,"median":3.23307156563,"min":-1.2354850769,"var":56.0437545776},"spectral_rms":{"dmean":0.000772311119363,"dmean2":0.00118312588893,"dvar":9.35617379128e-7,"dvar2":0.00000202127739612,"max":0.0126995788887,"mean":0.00474604638293,"median":0.00485753500834,"min":3.19328721451e-12,"var":0.00000574160549149},"spectral_rolloff":{"dmean":748.418518066,"dmean2":1261.71777344,"dvar":1253526.625,"dvar2":3074746.5,"max":21619.3359375,"mean":2112.44189453,"median":1787.25585938,"min":86.1328125,"var":4920336},"spectral_skewness":{"dmean":0.184718295932,"dmean2":0.30004543066,"dvar":0.0578200742602,"dvar2":0.150195851922,"max":7.46472787857,"mean":1.41548752785,"median":1.2839615345,"min":-0.0726856067777,"var":0.534281075001},"spectral_spread":{"dmean":490905.84375,"dmean2":699271.625,"dvar":414368956416,"dvar2":807341195264,"max":41720864,"mean":5147982,"median":5192618,"min":922707.4375,"var":4989074276350},"spectral_strongpeak":{"dmean":0.384689390659,"dmean2":0.652124345303,"dvar":0.564059734344,"dvar2":1.43159544468,"max":9.23854255676,"mean":0.701410651207,"median":0.35686814785,"min":0,"var":1.06162726879},"zerocrossingrate":{"dmean":0.0126413581893,"dmean2":0.0151855424047,"dvar":0.00019692144997,"dvar2":0.000252060766798,"max":0.82666015625,"mean":0.0865792781115,"median":0.08154296875,"min":0.0048828125,"var":0.00347308441997}},"metadata":{"audio_properties":{"analysis_sample_rate":44100,"bit_rate":0,"codec":"flac","downmix":"mix","equal_loudness":0,"length":278.200012207,"lossless":true,"md5_encoded":"fe5ee8033c3401c9f3e1b4b0836a49b4","replay_gain":-12.4685993195,"sample_rate":44100},"tags":{"acoustid_id":["9afd9dcd-2176-48ca-b79d-d7aac5bae5c0"],"album":["Cryptic Writings"],"albumartist":["Megadeth"],"albumartistsort":["Megadeth"],"artist":["Megadeth"],"artistsort":["Megadeth"],"barcode":["4988006729599"],"catalognumber":["TOCP-50211"],"date":["1997-05-28"],"discnumber":["1"],"disctotal":["1"],"file_name":"13 - One Thing.flac","genre":["Metal"],"grouping":["Metal"],"label":["Capitol Records"],"media":["HDCD"],"mood":["Angry"],"musicbrainz_albumartistid":["a9044915-8be3-4c7e-b11f-9e2d2ea0a91e"],"musicbrainz_albumid":["bf68669b-99aa-4437-815d-7dbfaf92fcb3"],"musicbrainz_artistid":["a9044915-8be3-4c7e-b11f-9e2d2ea0a91e"],"musicbrainz_recordingid":["d2aa7991-2c88-453a-a546-a7c02aaf08a3"],"musicbrainz_releasegroupid":["8f37e58c-0ab8-3393-88c0-fdb41488f233"],"musicbrainz_releasetrackid":["2f587724-e223-35bc-acd4-d1817fe53ce5"],"originaldate":["1997-05-28"],"originalyear":["1997"],"releasecountry":["JP"],"releasestatus":["official"],"releasetype":["album"],"script":["Latn"],"title":["One Thing"],"totaldiscs":["1"],"totaltracks":["13"],"tracknumber":["13"],"tracktotal":["13"]},"version":{"essentia":"2.1-beta2","essentia_build_sha":"2d9f1f26377add8aeb1075a9c2973f962c4f09fd","essentia_git_sha":"v2.1_beta2-1-ge3940c0","extractor":"music 1.0"}},"rhythm":{"beats_count":638,"beats_loudness":{"dmean":0.0228535868227,"dmean2":0.0417664758861,"dvar":0.000504766532686,"dvar2":0.00178972294088,"max":0.116542264819,"mean":0.0447646379471,"median":0.0463408157229,"min":1.65921232309e-9,"var":0.000905665045138},"beats_loudness_band_ratio":{"dmean":[0.2105512321,0.118438206613,0.0778066590428,0.0480614677072,0.0722795277834,0.060378