{"lowlevel":{"average_loudness":0.619164943695,"barkbands":{"dmean":[0.00313665135764,0.00756235606968,0.00192518043332,0.000908398244064,0.00095128006069,0.000959922443144,0.000537942396477,0.000399855169235,0.000833514437545,0.000783471856266,0.000681918638293,0.000766864104662,0.000745705561712,0.000527611176949,0.000584736291785,0.000394714530557,0.000239300425164,0.000217390246689,0.00011925472063,0.0000595498822804,0.0000408136584156,0.000038420817873,0.0000572780554648,0.0000134807360155,0.00000174379226792,0.00000246176932706,0.000035566969018],"dmean2":[0.00514087127522,0.0123904393986,0.00317919324152,0.00151509721763,0.00155588274356,0.00151853996795,0.000863152323291,0.000654117902741,0.00136023131199,0.00127682939637,0.0011197058484,0.00124184542801,0.00122199289035,0.000855456455611,0.000940380559769,0.00061607855605,0.000382137106499,0.000336964061717,0.00017779089103,0.0000834436359582,0.0000546683404536,0.0000492409672006,0.0000751664774725,0.0000180325369001,0.00000277112098956,0.00000350082223122,0.0000422544253524],"dvar":[0.000075370495324,0.000367594882846,0.0000130879907374,0.00000302132298202,0.00000298910117635,0.00000501873591929,0.00000226933821068,0.00000106738286831,0.00000307484333462,0.00000295212021229,0.00000358527086064,0.00000163442257417,0.00000163172239809,8.59023202793e-7,0.00000134527397222,7.19888419098e-7,2.74662767197e-7,2.21830248393e-7,4.51972219651e-8,1.29325075093e-8,9.03762664706e-9,4.13086498341e-9,1.13891074349e-8,5.79282677382e-10,1.36878104337e-11,1.75931821195e-11,2.99594571374e-9],"dvar2":[0.00018390607147,0.000926594249904,0.0000336663033522,0.0000080590007201,0.00000739505003367,0.0000117089693958,0.00000507855702381,0.00000247171942647,0.00000784324492997,0.00000770389578975,0.00000861838270794,0.00000422013135903,0.00000424256268161,0.00000215509203372,0.00000329848421643,0.00000169393558735,7.11356960892e-7,5.36495122105e-7,1.03850133826e-7,2.70936180158e-8,1.70435416891e-8,7.09824909961e-9,2.09842490051e-8,1.07094688673e-9,3.16043372028e-11,3.57019448727e-11,4.66396521404e-9],"max":[0.101599141955,0.247921660542,0.0611473321915,0.0362638905644,0.0336638055742,0.0627052932978,0.0668160989881,0.0367239564657,0.0338744968176,0.0683769211173,0.147016063333,0.0231842026114,0.0302180480212,0.0160007607192,0.0320115573704,0.0290629100055,0.0127093987539,0.0121871968731,0.00332315126434,0.00557178258896,0.00524596311152,0.00144061865285,0.00301719689742,0.00054026133148,0.0000735519206501,0.0000790257254266,0.00126157316845],"mean":[0.00258652912453,0.0075925141573,0.00243091234006,0.00115373113658,0.00141230539884,0.00134188740049,0.000730431231204,0.000534154940397,0.0011524601141,0.0010718149133,0.000966613995843,0.00117688474711,0.00112056476064,0.000855435268022,0.000895403092727,0.000618444522843,0.000369231740478,0.000348703470081,0.000194545209524,0.000103444355773,0.0000738532908144,0.0000539938555448,0.0000643749663141,0.000015453018932,0.00000190678792933,0.00000326369604409,0.0000581630447414],"median":[0.000201642600587,0.00166181090754,0.00085768068675,0.000457001442555,0.000642355065793,0.000447474099929,0.000255594291957,0.000211527032661,0.000458760536276,0.000455958710518,0.000436417525634,0.000673205184285,0.000614514225163,0.0004531465529,0.000384930375731,0.000227559969062,0.000130956599605,0.000113877147669,0.0000660246005282,0.0000406602739531,0.000028391390515,0.0000142947274071,0.00000697282439432,0.00000244709099206,6.56272220567e-7,0.00000117597664939,0.0000211721362575],"min":[2.93769976863e-25,1.44218337819e-24,2.65577937004e-25,2.33476894143e-25,4.07983635165e-24,7.00181658763e-24,6.57667775213e-24,3.25664165603e-24,6.35986485436e-24,1.38256125125e-23,1.34533506291e-23,1.66585745285e-23,3.27815819221e-23,2.64530368178e-23,3.17982068503e-23,5.56600438538e-23,7.17623546927e-23,1.06939145515e-22,1.19470611202e-22,1.59493526026e-22,1.93160228817e-22,3.07442142125e-22,3.88652709123e-22,5.02950450136e-22,7.45558626194e-22,1.20368875124e-21,1.89943872512e-21],"var":[0.0000647125489195,0.000328822789015,0.0000189710426639,0.00000410956636188,0.00000475243723486,0.00000853619440022,0.00000380014739676,0.00000156340036028,0.00000453666689282,0.00000394727294406,0.00000605043260293,0.00000262646790361,0.00000247613297688,0.00000155504608301,0.00000234593153436,0.0000012353935972,4.18051655515e-7,4.48705662848e-7,9.74204965587e-8,3.23247242306e-8,2.69948969844e-8,8.56348592038e-9,1.78095245218e-8,9.14392894735e-10,1.63140907034e-11,2.92909967115e-11,7.82079911943e-9]},"barkbands_crest":{"dmean":2.83610677719,"dmean2":4.60907697678,"dvar":6.73209857941,"dvar2":17.3571872711,"max":22.3858032227,"mean":8.11034202576,"median":7.24755048752,"min":2.20313453674,"var":12.1312541962},"barkbands_flatness_db":{"dmean":0.0233436189592,"dmean2":0.0346056558192,"dvar":0.000430394487921,"dvar2":0.000933246687055,"max":0.294549077749,"mean":0.113630488515,"median":0.112026385963,"min":0.0102963121608,"var":0.00133853673469},"barkbands_kurtosis":{"dmean":1.8586063385,"dmean2":3.06322932243,"dvar":11.4863376617,"dvar2":29.4239006042,"max":60.4764785767,"mean":1.23636066914,"median":0.114090919495,"min":-1.81719303131,"var":14.4095478058},"barkbands_skewness":{"dmean":0.570313036442,"dmean2":0.876181364059,"dvar":0.346585929394,"dvar2":0.796608150005,"max":6.86485052109,"mean":0.812901198864,"median":0.717491149902,"min":-2.21746921539,"var":1.04462087154},"barkbands_spread":{"dmean":5.81455802917,"dmean2":8.83177471161,"dvar":29.9711894989,"dvar2":67.320640564,"max":126.162246704,"mean":24.0500354767,"median":22.789440155,"min":2.33305740356,"var":111.283203125},"dissonance":{"dmean":0.0146818011999,"dmean2":0.0251405909657,"dvar":0.000218960267375,"dvar2":0.000599060207605,"max":0.500000238419,"mean":0.479585558176,"median":0.484631448984,"min":0.329673647881,"var":0.000317536148941},"dynamic_complexity":5.56852817535,"erbbands":{"dmean":[0.327804893255,1.3867739439,2.30329394341,2.61366653442,3.06865715981,3.2438120842,5.60178613663,8.36676120758,7.80868005753,8.26490211487,9.44015884399,18.85455513,22.2023181915,26.5836963654,23.9660644531,32.1132049561,34.2535362244,26.9358215332,25.7049674988,28.2305984497,18.0008277893,12.9761304855,12.5811672211,7.99447154999,4.34851503372,2.81058335304,1.65785169601,1.57641911507,1.24334740639,1.64297556877,1.73993170261,0.45064547658,0.178032964468,0.0273889154196,0.0112520176917,0.00616635382175,0.00429870188236,0.00810367707163,0.00635292008519,0.00051424477715],"dmean2":[0.544171392918,2.29682397842,3.82151579857,4.21376562119,5.1566119194,5.32616662979,8.87649059296,13.2939100266,12.5271205902,13.2723741531,15.3531303406,30.9765529633,35.8854980469,43.2910804749,38.6590652466,51.9381332397,55.9522705078,43.3193740845,41.1197128296,43.86693573,27.6031322479,20.326166153,19.4961280823,12.0324287415,6.2882437706,3.91026234627,2.24921369553,2.0914041996,1.59899091721,2.10506701469,2.32352352142,0.593632042408,0.241018384695,0.0398340038955,0.0182882826775,0.0100347111002,0.00611500814557,0.00994477421045,0.00778509676456,0.000607799971476],"dvar":[0.733681619167,12.6385307312,21.7612762451,21.3199481964,36.7142601013,41.0764045715,199.546279907,433.085479736,422.289367676,438.539611816,627.402893066,1850.96813965,2702.78027344,4436.71240234,2283.75610352,2934.31567383,3353.55859375,2089.10009766,2259.92407227,3401.48681641,1437.32104492,784.181335449,745.467285156,222.888839722,70.345123291,26.7071971893,16.0689582825,11.9395103455,4.0877866745,9.17291545868,10.8784780502,0.664196610451,0.0991973206401,0.00235461699776,0.000650221598335,0.000193306681467,0.0000530054785486,0.000182578325621,0.00011618132703,6.69361725159e-7],"dvar2":[1.91383707523,32.1844367981,57.1616516113,53.2660636902,98.7765960693,100.541610718,469.2237854,1030.42004395,951.003234863,1045.97155762,1468.80554199,4766.83789062,6989.63720703,11455.9072266,5530.25634766,7486.55761719,8693.35351562,5165.31396484,5645.02050781,7870.80078125,3359.93774414,2001.32897949,1813.47314453,529.135253906,160.44619751,55.1256484985,32.0988273621,22.853017807,6.98668813705,16.1905250549,20.5883350372,1.21764051914,0.185611158609,0.00497168395668,0.00150787131861,0.000448875158327,0.00010895953892,0.000298713654047,0.000191287879716,0.00000106191703253],"max":[8.904504776,48.7653579712,68.5373001099,83.2686691284,149.256729126,178.780990601,559.614685059,691.446533203,914.000305176,515.427001953,920.127075195,927.118347168,2852.34814453,3558.8527832,2549.19433594,1139.35656738,1559.24291992,788.675170898,1180.17126465,1473.55456543,1304.73718262,485.572174072,694.137634277,340.268707275,256.224945068,216.501998901,179.048141479,206.569992065,43.4682350159,100.595748901,80.990020752,22.8210048676,5.0839176178,0.992570281029,0.528398096561,0.28721126914,0.139792442322,0.266884684563,0.261995464563,0.0339506790042],"mean":[0.293407648802,1.41216683388,2.8169093132,3.69278526306,4.1398062706,4.60291337967,7.80681705475,11.1639900208,11.0343837738,11.2821989059,13.3396596909,25.7988986969,31.8490333557,38.8685188293,38.894985199,51.15467453,53.97133255,45.7303199768,43.0857009888,45.0616950989,29.9648208618,21.5589237213,20.3597164154,12.9885654449,7.5618481636,4.94072437286,3.17168259621,2.67171692848,1.83346235752,2.01803874969,1.90266942978,0.518391430378,0.200027287006,0.0328379757702,0.0116114392877,0.00639659026638,0.00578071177006,0.0105866743252,0.00848429650068,0.00100145838223],"median":[0.051635760814,0.329579591751,0.971315324306,1.54112696648,1.75209093094,1.94036698341,2.77165031433,3.54655170441,3.97158813477,4.41802978516,5.10161542892,9.90166473389,14.6561660767,17.891910553,20.1813201904,30.2151927948,31.4237136841,25.6356945038,21.7946510315,18.0192127228,11.1406641006,7.94323015213,6.8967795372,4.56423473358,2.61270594597,1.96663701534,1.27479076385,0.961119532585,0.539949536324,0.320235073566,0.181457653642,0.0754909291863,0.03058905527,0.0102542946115,0.0034526900854,0.00190552463755,0.00217366404831,0.00247020297684,0.00204962748103,0.000438831193605],"min":[5.23879655704e-23,3.71187202464e-22,1.71101764446e-21,5.40798365635e-21,6.47995278077e-21,1.03840328223e-20,4.16546669173e-20,5.50171460964e-20,9.72092186868e-20,1.5152751995e-19,2.76746844862e-19,2.90770244581e-19,3.4958338067e-19,5.29728273737e-19,9.93027637033e-19,7.08323392227e-19,1.72126700517e-18,1.53867815528e-18,1.70849481952e-18,2.38776871431e-18,3.29375337626e-18,4.64704153791e-18,4.62765242435e-18,5.78047046942e-18,6.33315905391e-18,8.02665543457e-18,8.16632818972e-18,8.92960082815e-18,1.06799737341e-17,1.09451504677e-17,9.93156056823e-18,1.01118627807e-17,8.59794110718e-18,7.46431985618e-18,5.27574512556e-18,4.06197627706e-18,2.05250000434e-18,9.80700060966e-19,2.26127268782e-19,2.55514152513e-20],"var":[0.588364601135,11.4362754822,25.1225776672,37.8861312866,46.8949661255,65.0872192383,355.626220703,666.683044434,726.893554688,630.79486084,946.665771484,2589.36621094,3552.00268555,6771.66064453,4735.97314453,4742.58496094,5164.82080078,3978.12890625,4027.46582031,6326.74023438,2671.86914062,1323.82995605,1487.20678711,433.878326416,159.848205566,68.5846405029,46.8917503357,33.4962768555,9.29401683807,15.8272438049,16.2612457275,1.05278539658,0.154143869877,0.0034878293518,0.000739678333048,0.000220601461479,0.0000885844929144,0.000354807125404,0.000225317140575,0.00000232905949815]},"erbbands_crest":{"dmean":2.30662679672,"dmean2":3.82997250557,"dvar":4.73138952255,"dvar2":12.1809024811,"max":26.8660030365,"mean":7.65312290192,"median":6.99744033813,"min":2.40074563026,"var":9.3772354126},"erbbands_flatness_db":{"dmean":0.0230635739863,"dmean2":0.0325315445662,"dvar":0.000395316135837,"dvar2":0.000739839568269,"max":0.311965972185,"mean":0.16655793786,"median":0.1655626297,"min":0.0389276556671,"var":0.00175127608236},"erbbands_kurtosis":{"dmean":0.915802061558,"dmean2":1.4791713953,"dvar":0.922099888325,"dvar2":2.31990337372,"max":16.787437439,"mean":0.901561617851,"median":0.617798566818,"min":-1.51655840874,"var":2.08278751373},"erbbands_skewness":{"dmean":0.357697546482,"dmean2":0.548409998417,"dvar":0.0915559828281,"dvar2":0.213577821851,"max":2.89617848396,"mean":-0.236015215516,"median":-0.261415719986,"min":-2.96303582191,"var":0.317387193441},"erbbands_spread":{"dmean":5.8253030777,"dmean2":8.69480705261,"dvar":32.2995948792,"dvar2":65.5280761719,"max":99.5559082031,"mean":24.1129055023,"median":22.2681446075,"min":3.70180130005,"var":120.726387024},"gfcc":{"cov":[[43343.0546875,3333.10961914,-4111.13085938,682.466125488,-296.886810303,-148.505569458,-39.0100593567,-474.901092529,75.8077316284,-391.6953125,-52.8214492798,-33.9956130981,-159.924560547],[3333.10961914,1215.11450195,-442.597991943,-208.031280518,139.035552979,-2.00017809868,-67.2596206665,0.235055208206,-95.5146255493,47.1773605347,-87.235244751,-29.719575882,14.707116127],[-4111.13085938,-442.597991943,828.512695312,82.7206192017,3.25145506859,145.461029053,-3.5335252285,58.5213088989,0.461280494928,25.9177474976,13.2184200287,13.1622390747,-30.1429347992],[682.466125488,-208.031280518,82.7206192017,327.758148193,16.1670131683,4.62260246277,82.368598938,-33.7518234253,65.8166503906,-57.3707504272,50.8189926147,-4.11726665497,-17.849319458],[-296.886810303,139.035552979,3.25145506859,16.1670131683,196.291549683,30.230884552,26.5132198334,40.6052284241,-24.1371555328,29.8456020355,-18.5528621674,-0.136349499226,22.5064373016],[-148.505569458,-2.00017809868,145.461029053,4.62260246277,30.230884552,218.060562134,0.0491861999035,37.5010757446,-15.0081548691,-3.85774493217,-4.81637382507,7.69034814835,-33.1054725647],[-39.0100593567,-67.2596206665,-3.5335252285,82.368598938,26.5132198334,0.0491861999035,144.17628479,-20.6189022064,52.8817634583,-29.0283946991,27.0091094971,-8.64518260956,1.96446228027],[-474.901092529,0.235055208206,58.5213088989,-33.7518234253,40.6052284241,37.5010757446,-20.6189022064,153.702407837,5.38821554184,65.1764678955,-18.5344753265,18.1295948029,18.1053676605],[75.8077316284,-95.5146255493,0.461280494928,65.8166503906,-24.1371555328,-15.0081548691,52.8817634583,5.38821554184,141.983901978,-13.2921524048,45.8983764648,2.54345536232,-15.1394681931],[-391.6953125,47.1773605347,25.9177474976,-57.3707504272,29.8456020355,-3.85774493217,-29.0283946991,65.1764678955,-13.2921524048,125.216552734,11.1037988663,17.2647609711,30.3481845856],[-52.8214492798,-87.235244751,13.2184200287,50.8189926147,-18.5528621674,-4.81637382507,27.0091094971,-18.5344753265,45.8983764648,11.1037988663,81.5549087524,32.8524551392,2.42936635017],[-33.9956130981,-29.719575882,13.1622390747,-4.11726665497,-0.136349499226,7.69034814835,-8.64518260956,18.1295948029,2.54345536232,17.2647609711,32.8524551392,54.2242851257,27.7842464447],[-159.924560547,14.707116127,-30.1429347992,-17.849319458,22.5064373016,-33.1054725647,1.96446228027,18.1053676605,-15.1394681931,30.3481845856,2.42936635017,27.7842464447,63.9219551086]],"icov":[[0.0000940823956626,-0.000200087277335,0.000464221317088,-0.000534759194124,0.000337367819156,-0.0002119357232,0.0000502246439282,0.000126020473544,-0.0000413263696828,-0.000171442821738,0.000480939954286,-0.000660040357616,0.000425438658567],[-0.000200087277335,0.00182625406887,-0.000234129183809,0.0016342937015,-0.00173245032784,0.0000830560456961,0.000230365272728,0.000257916573901,0.000155954403454,-0.000232818245422,-0.00016592987231,0.00138989079278,-0.000452312815469],[0.000464221317088,-0.000234129183809,0.00416789203882,-0.00290821259841,0.00138690590393,-0.00209372211248,0.000447469879873,0.000585633912124,0.0000085212814156,-0.00171503878664,0.0029691956006,-0.00363230681978,0.00289855781011],[-0.000534759194124,0.0016342937015,-0.00290821259841,0.00774081982672,-0.00318430713378,0.0013216866646,-0.00117788999341,-0.000909513095394,-0.00030106070335,0.0032134288922,-0.00590477045625,0.00571776041761,-0.00268210773356],[0.000337367819156,-0.00173245032784,0.00138690590393,-0.00318430713378,0.00851807184517,-0.00159351399634,-0.00195144023746,-0.00092108908575,0.00103380798828,-0.00180799432565,0.00287576415576,-0.00195252289996,-0.000653470226098],[-0.0002119357232,0.0000830560456961,-0.00209372211248,0.0013216866646,-0.00159351399634,0.00726508302614,-0.00122342573013,-0.00190270750318,0.00140965590253,0.00106829719152,-0.000544134352822,-0.00255118124187,0.00468885945156],[0.0000502246439282,0.000230365272728,0.000447469879873,-0.00117788999341,-0.00195144023746,-0.00122342573013,0.0109465671703,0.000373321119696,-0.00293335760944,0.00260023400187,-0.00409687403589,0.00601025484502,-0.00481989514083],[0.000126020473544,0.000257916573901,0.000585633912124,-0.000909513095394,-0.00092108908575,-0.00190270750318,0.000373321119696,0.0121030630544,-0.00375756132416,-0.00681756809354,0.0092599876225,-0.00776711991057,0.00154839945026],[-0.0000413263696828,0.000155954403454,0.0000085212814156,-0.00030106070335,0.00103380798828,0.00140965590253,-0.00293335760944,-0.00375756132416,0.0115174511448,0.00165879353881,-0.00707650650293,0.0026325462386,0.00236616213806],[-0.000171442821738,-0.000232818245422,-0.00171503878664,0.0032134288922,-0.00180799432565,0.00106829719152,0.00260023400187,-0.00681756809354,0.00165879353881,0.0158217810094,-0.0111290905625,0.00850416813046,-0.00763810286298],[0.000480939954286,-0.00016592987231,0.0029691956006,-0.00590477045625,0.00287576415576,-0.000544134352822,-0.00409687403589,0.0092599876225,-0.00707650650293,-0.0111290905625,0.0365156345069,-0.0290433820337,0.0120454076678],[-0.000660040357616,0.00138989079278,-0.00363230681978,0.00571776041761,-0.00195252289996,-0.00255118124187,0.00601025484502,-0.00776711991057,0.0026325462386,0.00850416813046,-0.0290433820337,0.0518837347627,-0.0255678426474],[0.000425438658567,-0.000452312815469,0.00289855781011,-0.00268210773356,-0.000653470226098,0.00468885945156,-0.00481989514083,0.00154839945026,0.00236616213806,-0.00763810286298,0.0120454076678,-0.0255678426474,0.0346407033503]],"mean":[-62.9808654785,103.699813843,-122.007751465,4.7612195015,-19.8992538452,3.33195948601,-7.13290166855,-14.6088256836,-1.69279575348,-11.3270015717,-3.81302881241,-1.93765997887,-9.4964466095]},"hfc":{"dmean":6.90596532822,"dmean2":9.2392244339,"dvar":108.629867554,"dvar2":217.967697144,"max":228.024093628,"mean":17.673822403,"median":12.0559949875,"min":1.08169111684e-16,"var":356.232391357},"melbands":{"dmean":[0.00260002119467,0.00138462672476,0.000448429665994,0.000210207392229,0.000181977404281,0.000184708856978,0.000118798350741,0.0000897458739928,0.0000847229821375,0.000124662285089,0.000112239904411,0.000110052067612,0.0000871892625582,0.0000851415024954,0.0000817818654468,0.0000716861031833,0.0000502716102346,0.0000414645546698,0.0000483916519443,0.0000321883053402,0.0000207848534046,0.0000144017067214,0.0000137218767122,0.00000965623257798,0.000006748863143,0.00000385508201362,0.00000278026868727,0.00000169453869603,0.00000101602904579,0.00000116924229587,8.75706177794e-7,6.69475866744e-7,8.23129084893e-7,9.67737150859e-7,0.00000117291392598,4.8440512046e-7,2.14113200059e-7,1.51514754521e-7,4.85775792924e-8,1.53420529614e-8],"dmean2":[0.00420776801184,0.00227511883713,0.000721254851669,0.000346767454175,0.000287807401037,0.000292450771667,0.00018972599355,0.000144119709148,0.00013806251809,0.000204603828024,0.000181766881724,0.000180018498213,0.000142184944707,0.000138306728331,0.00013245268201,0.000116845447337,0.0000816227911855,0.0000673015092616,0.0000777915774961,0.0000504900453961,0.0000321770457958,0.0000230582645599,0.0000215132276935,0.0000151139547597,0.0000103117690742,0.00000585038287682,0.00000398400925405,0.00000243107160713,0.00000143932459196,0.00000163760512351,0.0000011997412912,8.88611225491e-7,0.00000107455866782,0.00000126794293465,0.00000158451791776,6.50456058793e-7,2.91383798867e-7,2.08426186532e-7,6.70130759772e-8,2.47367299977e-8],"dvar":[0.0000436392547272,0.00000945396459429,6.16176066615e-7,1.54377431727e-7,1.67687204566e-7,1.94812741938e-7,1.01553581544e-7,4.77115698061e-8,4.5543732341e-8,7.6204557331e-8,6.89462993364e-8,7.24857187606e-8,4.44749304052e-8,2.12842063974e-8,1.77030887727e-8,1.54207828729e-8,7.59338725231e-9,6.1059646228e-9,1.07666373594e-8,5.20110043922e-9,2.01675209865e-9,1.00996722097e-9,9.33136568015e-10,4.40342540209e-10,1.57837534709e-10,5.75933849223e-11,3.26800982109e-11,9.87348657694e-12,6.53648185925e-12,8.07558273724e-12,3.42782833368e-12,1.21056604411e-12,2.1969531229e-12,3.48447919823e-12,5.06067930617e-12,8.37168279578e-13,1.60665250093e-13,7.66326834888e-14,6.78259430228e-15,1.15425042079e-15],"dvar2":[0.0001100018344,0.0000240494518948,0.00000155570887728,3.97485308667e-7,3.89524899447e-7,4.61339936919e-7,2.24596291787e-7,1.13586608563e-7,1.09986387997e-7,1.96518172402e-7,1.78014403218e-7,1.87648538486e-7,1.06118434928e-7,5.51824399508e-8,4.43159819952e-8,4.0020410097e-8,1.89377633575e-8,1.56859485401e-8,2.62966324271e-8,1.23520642603e-8,4.75551908963e-9,2.63281640933e-9,2.35528530013e-9,1.09209685739e-9,3.79734327316e-10,1.37316644166e-10,7.57604950996e-11,2.11940621303e-11,1.41001498671e-11,1.62908748991e-11,6.54985701093e-12,2.19306734231e-12,4.02719090714e-12,6.46125557571e-12,9.65654205903e-12,1.61905113882e-12,3.12700657468e-13,1.48226252778e-13,1.32069385606e-14,2.67222547123e-15],"max":[0.0740352720022,0.0416425913572,0.0138640999794,0.00753873260692,0.0144776692614,0.0138269998133,0.0147009296343,0.0051411674358,0.00651264935732,0.00525258807465,0.0140375616029,0.0133136129007,0.0153219746426,0.0026991434861,0.00338846747763,0.00339547893964,0.00146309030242,0.00165763183031,0.0026386724785,0.00300765410066,0.00156554195564,0.000631974544376,0.000764974218328,0.000421878969064,0.000266504241154,0.000173396096216,0.000272867357126,0.000132378467242,0.000096441275673,0.000147351835039,0.000100716257293,0.0000284002071567,0.0000336940211128,0.0000645810578135,0.0000562429959245,0.0000251756682701,0.00000914523570827,0.00000396673976866,0.00000148448032178,6.83483108332e-7],"mean":[0.0024940026924,0.00166190043092,0.000667265325319,0.00030582776526,0.000261684443103,0.000251136894803,0.000168552141986,0.000121852157463,0.000115320734039,0.000169284292497,0.000156540307216,0.000154283945449,0.000131425040308,0.000130434447783,0.000128187224618,0.000110324916022,0.0000804274750408,0.0000650567963021,0.0000718857118045,0.0000483043586428,0.0000325302353303,0.0000221559603233,0.0000208056371775,0.0000151650165208,0.0000102314261312,0.00000636576760371,0.00000441305610366,0.00000291035030386,0.00000187272382846,0.00000194014410226,0.0000014071295027,9.91451656773e-7,0.00000105380524928,0.00000114283409403,0.00000126916540921,5.3669521094e-7,2.42789269578e-7,1.65711256273e-7,5.75364680344e-8,1.61511906072e-8],"median":[0.000499827903695,0.000547189090867,0.000298694794765,0.000136150396429,0.000100684919744,0.0000813652659417,0.000060438302171,0.0000481964707433,0.000041552062612,0.0000663391620037,0.0000690161978127,0.0000674734183121,0.0000625882676104,0.0000738672315492,0.0000756077715778,0.0000595323945163,0.0000430702748417,0.0000315714132739,0.0000286273316306,0.0000181420964509,0.0000109966649688,0.00000775678563514,0.00000682570544086,0.00000493493553222,0.00000337756887347,0.00000207198922908,0.00000156715293542,0.00000116309161058,7.05597187789e-7,6.9516994472e-7,4.82968289361e-7,3.05430972958e-7,2.10252466104e-7,1.58231060254e-7,1.10534969622e-7,6.40254285145e-8,3.7401857611e-8,2.28174421579e-8,1.27594681487e-8,5.14206099922e-9],"min":[7.84846786505e-25,1.38964218506e-24,1.12969664097e-24,5.21040852961e-25,1.37669569571e-24,1.31471982477e-24,1.55275515165e-24,1.89684543167e-24,2.17443592067e-24,9.7414480755e-25,1.54190851142e-24,2.19250556857e-24,2.32523023258e-24,1.73392968031e-24,3.23831227569e-24,2.67369652126e-24,1.54690160652e-24,1.57012281195e-24,2.12155837698e-24,3.30341124695e-24,3.41356955869e-24,4.24085035658e-24,3.144819045e-24,3.71621683384e-24,3.47757576039e-24,3.80556203668e-24,3.8968525705e-24,4.55794956352e-24,4.86011563351e-24,4.15563917932e-24,4.95275196404e-24,4.76141217376e-24,5.3216852489e-24,4.69419136387e-24,5.58419291461e-24,6.246027887e-24,5.41084783044e-24,4.83396568336e-24,5.30942635044e-24,5.64620448151e-24],"var":[0.0000381205027224,0.0000100801134977,0.00000109433301532,2.24413241767e-7,3.11677268883e-7,3.11423207222e-7,1.78441823095e-7,6.89593733227e-8,6.73312428034e-8,1.06290073631e-7,8.97158969337e-8,1.07550256701e-7,8.10341589386e-8,3.4288941464e-8,2.92074666675e-8,2.43815829748e-8,1.36358098146e-8,9.62731405707e-9,1.79471566497e-8,8.318560063e-9,3.60788066089e-9,1.51647761015e-9,1.67718883226e-9,7.9678519338e-10,2.78019385291e-10,1.23997312418e-10,6.21633022835e-11,2.50758927511e-11,1.70456513487e-11,2.05991543267e-11,9.27196947692e-12,2.74031036578e-12,3.86191989846e-12,5.55725647791e-12,7.44073032355e-12,1.22739210288e-12,2.37918381827e-13,1.12407614683e-13,1.09261320965e-14,1.33220685494e-15]},"melbands_crest":{"dmean":4.3006477356,"dmean2":6.92378664017,"dvar":16.5728282928,"dvar2":39.9684333801,"max":35.9754943848,"mean":12.836306572,"median":11.9877920151,"min":1.52687823772,"var":35.1236457825},"melbands_flatness_db":{"dmean":0.0310426298529,"dmean2":0.0454435870051,"dvar":0.000792098173406,"dvar2":0.00168574077543,"max":0.412757128477,"mean":0.196771323681,"median":0.198576420546,"min":0.00296938093379,"var":0.00356721994467},"melbands_kurtosis":{"dmean":4.1697936058,"dmean2":6.77628612518,"dvar":58.6666717529,"dvar2":146.636230469,"max":124.317054749,"mean":4.40720367432,"median":1.59147405624,"min":-1.80202043056,"var":77.9043884277},"melbands_skewness":{"dmean":0.753218531609,"dmean2":1.15684115887,"dvar":0.644669830799,"dvar2":1.47491848469,"max":9.5977268219,"mean":1.63611757755,"median":1.41916203499,"min":-1.1769952774,"var":1.62307989597},"melbands_spread":{"dmean":8.28211021423,"dmean2":13.0273075104,"dvar":61.7137756348,"dvar2":145.854934692,"max":184.466461182,"mean":31.0520515442,"median":27.7029800415,"min":1.70706832409,"var":432.483673096},"mfcc":{"cov":[[18343.8183594,2575.56884766,-1524.61682129,934.448425293,-184.471252441,567.184265137,-315.068908691,501.68270874,-272.152557373,286.831787109,-137.636474609,111.613243103,-150.536865234],[2575.56884766,1839.3059082,-503.702270508,-58.2955627441,89.6797561646,76.0944290161,49.3123855591,-58.746799469,70.5820846558,-48.2378425598,0.758956074715,0.447616994381,-18.3383769989],[-1524.61682129,-503.702270508,631.511291504,-69.9322128296,51.139289856,35.9539489746,18.7001228333,44.749835968,-40.4586753845,33.0047149658,15.0458040237,-11.3147926331,20.2300662994],[934.448425293,-58.2955627441,-69.9322128296,309.350341797,-21.7879505157,37.3804359436,-10.8370437622,33.1916656494,-11.7471723557,22.2951583862,-2.23287987709,19.2962112427,-16.4244613647],[-184.471252441,89.6797561646,51.139289856,-21.7879505157,161.042297363,24.2734661102,39.4475631714,20.1850204468,23.8475036621,3.4770526886,15.9508275986,-6.18488407135,21.0064582825],[567.184265137,76.0944290161,35.9539489746,37.3804359436,24.2734661102,160.006729126,41.9219284058,58.717414856,-31.6015815735,26.4825954437,-9.26055049896,-1.08166527748,-5.78035259247],[-315.068908691,49.3123855591,18.7001228333,-10.8370437622,39.4475631714,41.9219284058,115.752250671,6.23602437973,27.8516597748,-17.3985309601,6.92715501785,-6.01099252701,6.32480716705],[501.68270874,-58.746799469,44.749835968,33.1916656494,20.1850204468,58.717414856,6.23602437973,137.017196655,-5.25611305237,43.8968582153,-7.71213722229,3.56289601326,5.57546138763],[-272.152557373,70.5820846558,-40.4586753845,-11.7471723557,23.8475036621,-31.6015815735,27.8516597748,-5.25611305237,104.427474976,6.11379146576,14.6948041916,7.93203306198,11.4424352646],[286.831787109,-48.2378425598,33.0047149658,22.2951583862,3.4770526886,26.4825954437,-17.3985309601,43.8968582153,6.11379146576,76.4682312012,23.9194583893,13.5150060654,6.62904405594],[-137.636474609,0.758956074715,15.0458040237,-2.23287987709,15.9508275986,-9.26055049896,6.92715501785,-7.71213722229,14.6948041916,23.9194583893,60.6524429321,25.3538131714,12.8625459671],[111.613243103,0.447616994381,-11.3147926331,19.2962112427,-6.18488407135,-1.08166527748,-6.01099252701,3.56289601326,7.93203306198,13.5150060654,25.3538131714,55.0694046021,20.793384552],[-150.536865234,-18.3383769989,20.2300662994,-16.4244613647,21.0064582825,-5.78035259247,6.32480716705,5.57546138763,11.4424352646,6.62904405594,12.8625459671,20.793384552,51.1245956421]],"icov":[[0.000169457212905,-0.000223605384235,0.000260514818365,-0.000323748216033,0.0000860616783029,-0.000219940455281,0.000342486688169,-0.000469764519949,0.000443364901002,-0.000475831067888,0.000307641021209,-0.000245023169555,0.000145020792843],[-0.000223605384235,0.00115407339763,0.000388609769288,0.000772179337218,-0.000709249521606,-0.000615692173596,-0.000229817422223,0.000954395451117,-0.00104724871926,0.0010502130026,-0.000626696273685,0.000190242411918,0.000174525746843],[0.000260514818365,0.000388609769288,0.00287846871652,0.000227692420594,-0.000771677237935,-0.000981024932116,0.000250876648352,-0.000811720616184,0.00141277071089,-0.00124453927856,-0.0000851329095894,0.00012591961422,-0.0000803630246082],[-0.000323748216033,0.000772179337218,0.000227692420594,0.00449903216213,-0.000253374659223,-0.000491006765515,-0.00049734005006,0.000446350342827,-0.000754229782615,0.000352383416612,-0.000196463399334,-0.00145689945202,0.00150551518891],[0.0000860616783029,-0.000709249521606,-0.000771677237935,-0.000253374659223,0.00848254282027,-0.000861919834279,-0.000896870624274,-0.00159232039005,-0.00118573126383,0.000954171875492,-0.0027727719862,0.0032606581226,-0.00356216449291],[-0.000219940455281,-0.000615692173596,-0.000981024932116,-0.000491006765515,-0.000861919834279,0.0121335377917,-0.00644304975867,-0.00189533235971,0.00465864827856,-0.00482861977071,0.00346239563078,-0.00165585346986,0.00147757795639],[0.000342486688169,-0.000229817422223,0.000250876648352,-0.00049734005006,-0.000896870624274,-0.00644304975867,0.0148199107498,-0.00161252508406,-0.00454348651692,0.00651933485642,-0.00419838866219,0.00243606162257,-0.00111350184307],[-0.000469764519949,0.000954395451117,-0.000811720616184,0.000446350342827,-0.00159232039005,-0.00189533235971,-0.00161252508406,0.0125962272286,-0.00136169511825,-0.00520683312789,0.00387270539068,-0.000475085951621,-0.00111173314508],[0.000443364901002,-0.00104724871926,0.00141277071089,-0.000754229782615,-0.00118573126383,0.00465864827856,-0.00454348651692,-0.00136169511825,0.0150330383331,-0.00583040248603,0.00163178110961,-0.00216251774691,-0.000286600086838],[-0.000475831067888,0.0010502130026,-0.00124453927856,0.000352383416612,0.000954171875492,-0.00482861977071,0.00651933485642,-0.00520683312789,-0.00583040248603,0.0262248683721,-0.0128295887262,0.00250793737359,-0.00148310547229],[0.000307641021209,-0.000626696273685,-0.0000851329095894,-0.000196463399334,-0.0027727719862,0.00346239563078,-0.00419838866219,0.00387270539068,0.00163178110961,-0.0128295887262,0.0290326755494,-0.0124820778146,0.00135009211954],[-0.000245023169555,0.000190242411918,0.00012591961422,-0.00145689945202,0.0032606581226,-0.00165585346986,0.00243606162257,-0.000475085951621,-0.00216251774691,0.00250793737359,-0.0124820778146,0.0296901799738,-0.011724030599],[0.000145020792843,0.000174525746843,-0.0000803630246082,0.00150551518891,-0.00356216449291,0.00147757795639,-0.00111350184307,-0.00111173314508,-0.000286600086838,-0.00148310547229,0.00135009211954,-0.011724030599,0.0271400213242]],"mean":[-693.125671387,148.459136963,-31.9186191559,14.8284130096,2.68288445473,21.3760242462,0.598953723907,12.5105371475,-3.03849506378,5.53344869614,-1.16379714012,2.58716106415,-1.39938986301]},"pitch_salience":{"dmean":0.0856287330389,"dmean2":0.139001682401,"dvar":0.00627754814923,"dvar2":0.0159310158342,"max":0.950430870056,"mean":0.60961407423,"median":0.624861836433,"min":0.163158118725,"var":0.0123932473361},"silence_rate_20dB":{"dmean":0,"dmean2":0,"dvar":0,"dvar2":0,"max":1,"mean":1,"median":1,"min":1,"var":0},"silence_rate_30dB":{"dmean":0.0493414960802,"dmean2":0.0986921414733,"dvar":0.0469110459089,"dvar2":0.105845399201,"max":1,"mean":0.956505596638,"median":1,"min":0,"var":0.041603140533},"silence_rate_60dB":{"dmean":0.0230012983084,"dmean2":0.0460068620741,"dvar":0.0224738568068,"dvar2":0.0540893152356,"max":1,"mean":0.153760552406,"median":0,"min":0,"var":0.130098834634},"spectral_centroid":{"dmean":233.420471191,"dmean2":337.934173584,"dvar":55720.1835938,"dvar2":112255.039062,"max":11772.2138672,"mean":1566.44946289,"median":1291.31030273,"min":236.968261719,"var":2336342},"spectral_complexity":{"dmean":4.29567813873,"dmean2":5.94249153137,"dvar":18.4056816101,"dvar2":30.7188854218,"max":58,"mean":21.4308643341,"median":22,"min":0,"var":149.933929443},"spectral_contrast_coeffs":{"dmean":[0.0508386269212,0.0465918704867,0.0370559059083,0.0278913117945,0.0220879223198,0.0314315147698],"dmean2":[0.0835404023528,0.0775333568454,0.0628127381206,0.0468317680061,0.0352989658713,0.0470528006554],"dvar":[0.00161602615844,0.0014092749916,0.000899350445252,0.000500037742313,0.000370906636817,0.000805652176496],"dvar2":[0.00424464000389,0.00387767609209,0.00249052094296,0.00134044582956,0.000917794182897,0.00182126706932],"max":[-0.364709734917,-0.495147138834,-0.579569220543,-0.622016310692,-0.649213910103,-0.473100572824],"mean":[-0.711719274521,-0.795289456844,-0.811993718147,-0.808043122292,-0.804627299309,-0.744210422039],"median":[-0.711427330971,-0.801102161407,-0.813322305679,-0.804940462112,-0.801760137081,-0.733454227448],"min":[-0.982281804085,-0.981492638588,-0.982106566429,-0.970857560635,-0.970303177834,-0.9654058218],"var":[0.00725087150931,0.00452347518876,0.00291945692152,0.00226536788978,0.00219962396659,0.00465520331636]},"spectral_contrast_valleys":{"dmean":[0.474310159683,0.389733761549,0.365373700857,0.342140316963,0.331115543842,0.528926789761],"dmean2":[0.72797870636,0.62034624815,0.568048834801,0.510908484459,0.422168582678,0.730752468109],"dvar":[0.172697260976,0.110607877374,0.10920137167,0.11096829921,0.120358981192,0.206363588572],"dvar2":[0.355897307396,0.257834136486,0.232464104891,0.219441756606,0.204448744655,0.436258345842],"max":[-4.80919027328,-4.70693778992,-4.71454572678,-4.96261882782,-5.66073322296,-8.91387367249],"mean":[-7.83658790588,-7.35564231873,-7.34114027023,-7.63872623444,-8.33669281006,-11.6479921341],"median":[-7.13606071472,-6.63573360443,-6.59278249741,-6.89066648483,-7.61367607117,-11.1687488556],"min":[-28.3625259399,-28.0104160309,-28.0021190643,-27.8353424072,-27.5524692535,-27.4305648804],"var":[10.7773923874,10.920211792,10.903383255,10.8143167496,10.1703510284,7.01815080643]},"spectral_decrease":{"dmean":3.87666476698e-9,"dmean2":5.66774982502e-9,"dvar":5.71312605616e-17,"dvar2":1.26625231686e-16,"max":1.89234028171e-28,"mean":-6.71013333786e-9,"median":-3.87729626183e-9,"min":-8.74998136169e-8,"var":8.38314595947e-17},"spectral_energy":{"dmean":0.0151357548311,"dmean2":0.021962961182,"dvar":0.000843928894028,"dvar2":0.00185542879626,"max":0.336698502302,"mean":0.0269286222756,"median":0.0158474631608,"min":9.91104303168e-21,"var":0.00128786498681},"spectral_energyband_high":{"dmean":0.000183513082447,"dmean2":0.000218834218686,"dvar":7.83042750641e-8,"dvar2":1.18228911106e-7,"max":0.00880295876414,"mean":0.000307522626827,"median":0.000113166104711,"min":7.03403454421e-21,"var":2.28193229646e-7},"spectral_energyband_low":{"dmean":0.0108463037759,"dmean2":0.0170584935695,"dvar":0.000613049778622,"dvar2":0.00146909069736,"max":0.2886492908,"mean":0.0125457206741,"median":0.00397638976574,"min":1.35257365057e-23,"var":0.000635856646113},"spectral_energyband_middle_high":{"dmean":0.0032374006696,"dmean2":0.00475006643683,"dvar":0.000027820617106,"dvar2":0.0000640144498902,"max":0.194631487131,"mean":0.00748511729762,"median":0.0048124268651,"min":1.06822570806e-21,"var":0.0000763756252127},"spectral_energyband_middle_low":{"dmean":0.00316173443571,"dmean2":0.00485602067783,"dvar":0.0000245070095843,"dvar2":0.0000564932452107,"max":0.092552497983,"mean":0.00665292982012,"median":0.00406083464622,"min":1.26033631011e-22,"var":0.000061518730945},"spectral_entropy":{"dmean":0.14589124918,"dmean2":0.19188465178,"dvar":0.0182862970978,"dvar2":0.0309967622161,"max":9.82479095459,"mean":7.67379045486,"median":7.64120006561,"min":6.45027446747,"var":0.182706728578},"spectral_flux":{"dmean":0.0294888392091,"dmean2":0.0452156364918,"dvar":0.00190449750517,"dvar2":0.00410443358123,"max":0.470910340548,"mean":0.0911356508732,"median":0.0767522081733,"min":6.32970065251e-11,"var":0.00481631886214},"spectral_kurtosis":{"dmean":2.81841135025,"dmean2":4.08034706116,"dvar":10.4227075577,"dvar2":24.0423755646,"max":47.3558158875,"mean":9.87216377258,"median":9.12629127502,"min":-1.26595759392,"var":27.163942337},"spectral_rms":{"dmean":0.00114190112799,"dmean2":0.00155736529268,"dvar":0.0000024953906177,"dvar2":0.00000482967061544,"max":0.0181241929531,"mean":0.00426999339834,"median":0.00393204018474,"min":3.10955146181e-12,"var":0.00000803905732027},"spectral_rolloff":{"dmean":398.617645264,"dmean2":631.880126953,"dvar":320330.28125,"dvar2":689780.1875,"max":19509.0820312,"mean":1916.74731445,"median":1399.65820312,"min":43.06640625,"var":8400595},"spectral_skewness":{"dmean":0.305764168501,"dmean2":0.432445257902,"dvar":0.0929163321853,"dvar2":0.200267285109,"max":4.99745512009,"mean":1.99138832092,"median":1.93489146233,"min":-0.0799664929509,"var":0.395115345716},"spectral_spread":{"dmean":506636.21875,"dmean2":695593.125,"dvar":372028506112,"dvar2":747729321984,"max":43006496,"mean":4026499.5,"median":3033500,"min":1210614.875,"var":32664094507000},"spectral_strongpeak":{"dmean":0.40778529644,"dmean2":0.705825984478,"dvar":0.571499168873,"dvar2":1.48446536064,"max":13.1755447388,"mean":0.506693184376,"median":0.208146125078,"min":0,"var":0.737233042717},"zerocrossingrate":{"dmean":0.0110367322341,"dmean2":0.0126720778644,"dvar":0.000117113697343,"dvar2":0.000158849157742,"max":0.78125,"mean":0.0704160630703,"median":0.05419921875,"min":0.0087890625,"var":0.00563607783988}},"metadata":{"audio_properties":{"analysis_sample_rate":44100,"bit_rate":320000,"codec":"mp3","downmix":"mix","equal_loudness":0,"length":250.343994141,"lossless":false,"md5_encoded":"e6d2a1f8dd4269c1134f5ce8857bb220","replay_gain":-2.26449775696,"sample_rate":48000},"tags":{"album":["Fear of Music"],"albumartist":["Talking Heads"],"albumartistsort":["Talking Heads","Talking Heads"],"artist":["Talking Heads"],"artistsort":["Talking Heads"],"catalognumber":["SRK 6076"],"composer":["Talking Heads"],"date":["1979"],"discnumber":["1/1"],"encodedby":["iTunes 8.2"],"file_name":"04. Talking Heads - Cities.mp3","genre":["New Wave"],"label":["Sire Records"],"language":["eng"],"musicbrainz album release country":["GB"],"musicbrainz album status":["official"],"musicbrainz album type":["album"],"musicbrainz_albumartistid":["a94a7155-c79d-4409-9fcf-220cb0e4dc3a"],"musicbrainz_albumid":["09bed046-f542-3daa-b16a-9567a9c810be"],"musicbrainz_artistid":["a94a7155-c79d-4409-9fcf-220cb0e4dc3a"],"musicbrainz_recordingid":["d2d5e7e3-be88-4b9d-b16d-7c75a01534e3"],"script":["Latn"],"title":["Cities"],"tracknumber":["4/11"]},"version":{"essentia":"2.1-beta1","essentia_build_sha":"ca57ba49d9b1854bd80e60cf9ccf267278fb7d6b","essentia_git_sha":"v2.1_beta1-28-g21ef5f4-dirty","extractor":"music 1.0"}},"rhythm":{"beats_count":544,"beats_loudness":{"dmean":0.0413286089897,"dmean2":0.0782992020249,"dvar":0.0016861759359,"dvar2":0.00529884314165,"max":0.254101186991,"mean":0.0606561340392,"median":0.053530216217,"min":0,"var":0.00204273429699},"beats_loudness_band_ratio":{"dmean":[0.190953150392,0.0605172142386,0.0657994225621,0.0900723859668,0.0643251985312,0.0201028138399],"dmean2":[0.327537924051,0.105564087629,0.116508297622,0.155275970697,0.119238875806,0.0342951714993],"dvar":[0.0216173510998,0.00420230999589,0.00527626276016,0.00522503908724,0.0029085946735,0.00051818921