{"lowlevel":{"average_loudness":0.617550253868,"barkbands":{"dmean":[0.0000931144386414,0.00257512228563,0.00203851284459,0.00279858359136,0.00247009494342,0.00192231731489,0.000557839928661,0.000234475024627,0.000109501299448,0.00010868388199,0.0000406777726312,0.0000607317342656,0.0000560361477255,0.000068454995926,0.0000672428723192,0.0000464483127871,0.0000538477579539,0.0000466979436169,0.000107773092168,0.0000661486992612,0.0000397360163333,0.0000382687576348,0.0000654961040709,0.0000649747671559,0.0000218893874262,0.00000680475568515,7.0287711651e-7],"dmean2":[0.000154375607963,0.00445809867233,0.0035421855282,0.00472953310236,0.00384782487527,0.00290072429925,0.000845195783768,0.000348445930285,0.000163144155522,0.000153808883624,0.0000606684989179,0.0000900100567378,0.0000814227387309,0.000108713385998,0.0000998756877379,0.000072100367106,0.0000796472959337,0.0000720981697668,0.000162052325322,0.000101843528682,0.000059065361711,0.0000535535036761,0.0000852449593367,0.0000863084569573,0.0000295277986879,0.00000970846667769,0.00000117052491078],"dvar":[4.39096936589e-8,0.0000962763515417,0.0000253901762335,0.0000379603297915,0.0000284180150629,0.0000233652863244,0.0000030577061807,2.36741826143e-7,8.56117807757e-8,1.39755158557e-7,1.08162083734e-8,2.32387389332e-8,2.17165752048e-8,3.75865951696e-8,2.51468073031e-8,2.01711429781e-8,2.4703473045e-8,2.53401708505e-8,1.47428423247e-7,8.41339726776e-8,1.6196674224e-8,5.2213703583e-8,2.05557640243e-7,1.61779212249e-7,1.06008259948e-8,1.45799627926e-9,1.17409476239e-11],"dvar2":[1.01646321582e-7,0.000260895816609,0.000071386784839,0.000112909263407,0.0000630693029962,0.0000464549375465,0.00000604467186349,5.24006679825e-7,1.78283741548e-7,2.7064837127e-7,2.24348237765e-8,4.91809295511e-8,4.54585311616e-8,9.2602164159e-8,5.6216048705e-8,4.6933767095e-8,5.34332187385e-8,5.76734286994e-8,3.25523785705e-7,2.01256824539e-7,3.69736739003e-8,1.08862579395e-7,3.93409010258e-7,2.89938157039e-7,1.7870297242e-8,2.87311197056e-9,3.1385359589e-11],"max":[0.00510746613145,0.142521560192,0.070802539587,0.162658542395,0.187080785632,0.177628442645,0.0777851715684,0.0127916727215,0.00754886353388,0.0165290236473,0.00399398524314,0.0060991467908,0.00553681980819,0.00488296756521,0.00543562276289,0.00364015228115,0.00513817789033,0.00538747105747,0.0132414046675,0.010479698889,0.00576568068936,0.0148524995893,0.0317397229373,0.03843536973,0.00603961432353,0.00347374239936,0.000210852944292],"mean":[0.000124899859657,0.00242399098352,0.00247996649705,0.00428325170651,0.00518168602139,0.00433959718794,0.00113076809794,0.000551447214093,0.000218237793888,0.00022247065499,0.0000721981341485,0.000115365852253,0.000108741573058,0.000100561490399,0.000113920665171,0.0000714380439604,0.000093348993687,0.000074953532021,0.000168538870639,0.0000909523223527,0.0000602810323471,0.0000638977799099,0.000121316275909,0.000125843987917,0.0000373941256839,0.000010854329048,6.72058035889e-7],"median":[0.0000601066130912,0.000509344565216,0.000931808142923,0.00186670699622,0.0022733733058,0.00108566333074,0.00033277325565,0.00025858785375,0.0000702550896676,0.0000631402799627,0.0000192581119336,0.0000405150422012,0.0000281320644717,0.0000219688263314,0.0000307818590954,0.0000155078232638,0.0000215226755245,0.0000139997191582,0.0000225092408073,0.0000141693944897,0.00000819570777821,0.00000331659543917,0.00000355250017492,0.00000559739100936,0.00000257874830822,5.66358437482e-7,2.7142199599e-8],"min":[4.31230498295e-24,1.56120148536e-23,2.54622937852e-23,2.10192698171e-23,2.69415089567e-23,2.08848037426e-23,8.58287480639e-23,4.74751512674e-23,7.32423524142e-23,1.32405595019e-22,3.18595139644e-23,1.0011147865e-22,4.42622091528e-23,1.39251329955e-22,1.14825217591e-22,2.82224291091e-22,2.20614759264e-22,2.82420206274e-22,3.92024515202e-22,3.11125983713e-22,5.31232211683e-22,4.56544577738e-22,5.66306456898e-22,6.99396656966e-22,1.21020512097e-21,1.58483968346e-21,2.6146967117e-21],"var":[5.67365674442e-8,0.0000690799570293,0.0000225862531806,0.000050250782806,0.0000792382925283,0.0000976984083536,0.0000099784874692,7.54255722768e-7,2.24689102879e-7,3.60648641617e-7,2.39123867374e-8,5.71380027736e-8,5.21340162152e-8,5.72805909371e-8,5.58845592025e-8,3.38571837233e-8,5.21723642066e-8,5.50205214722e-8,3.20235983509e-7,1.10216646476e-7,3.56081670816e-8,1.75025746785e-7,8.98310076991e-7,7.60058469496e-7,4.44363337238e-8,6.12587403026e-9,1.09844095625e-11]},"barkbands_crest":{"dmean":2.43162369728,"dmean2":3.99878239632,"dvar":5.72336673737,"dvar2":14.8624916077,"max":26.4937076569,"mean":10.8630313873,"median":10.017747879,"min":3.06968545914,"var":16.4992141724},"barkbands_flatness_db":{"dmean":0.0247936490923,"dmean2":0.0370858423412,"dvar":0.000634532829281,"dvar2":0.00135762232821,"max":0.428134888411,"mean":0.194884032011,"median":0.190799027681,"min":0.0387247689068,"var":0.00364681286737},"barkbands_kurtosis":{"dmean":6.30604887009,"dmean2":9.9696969986,"dvar":91.2352981567,"dvar2":221.769683838,"max":227.114654541,"mean":14.458322525,"median":9.42626094818,"min":-1.94342756271,"var":276.623931885},"barkbands_skewness":{"dmean":0.676209688187,"dmean2":1.04931735992,"dvar":0.541945159435,"dvar2":1.24480116367,"max":13.2920618057,"mean":2.6712706089,"median":2.55628228188,"min":-6.50237703323,"var":2.34773540497},"barkbands_spread":{"dmean":4.24178552628,"dmean2":6.50063276291,"dvar":47.6643562317,"dvar2":101.373176575,"max":108.061004639,"mean":12.6396665573,"median":8.44047641754,"min":0.484059751034,"var":170.871551514},"dissonance":{"dmean":0.0233198348433,"dmean2":0.0379780083895,"dvar":0.000494517269544,"dvar2":0.00123188272119,"max":0.499973803759,"mean":0.435590654612,"median":0.443115055561,"min":0.212705522776,"var":0.00159840134438},"dynamic_complexity":5.2814207077,"erbbands":{"dmean":[0.0483518280089,0.675727844238,2.08990573883,6.34762525558,7.02565002441,8.02288150787,19.7525882721,12.7228755951,9.67053985596,4.8211684227,5.03115844727,2.79655528069,3.01471686363,2.47634601593,1.7852448225,3.00542020798,2.65742373466,3.61094450951,3.78955459595,2.47718930244,2.39137506485,2.33995890617,2.45820999146,4.4516415596,5.78453922272,2.54091000557,1.82837462425,1.21052408218,1.33862423897,1.52616679668,2.04824757576,1.55052602291,0.980231165886,0.327623158693,0.121330626309,0.0439207553864,0.00966917444021,0.00163416354917,0.000118465068226,0.0000140512483995],"dmean2":[0.0828390866518,1.17832887173,3.65595602989,10.7490100861,11.3082056046,12.5634641647,30.0802898407,19.4172019958,14.6716136932,7.32480716705,7.44931077957,4.05453968048,4.28710269928,3.5771522522,2.59670805931,4.40853691101,3.79737591743,5.67574596405,5.63136005402,3.68312335014,3.59288024902,3.47299766541,3.70370316505,6.95339775085,8.52246952057,3.81829833984,2.73803591728,1.77585375309,1.89077270031,2.05738210678,2.73740267754,2.11760926247,1.34113574028,0.43616181612,0.163006961346,0.0606043823063,0.0138237020001,0.00260013062507,0.000191326849745,0.0000214366555156],"dvar":[0.0294419527054,6.70799207687,36.3022499084,167.766311646,217.528778076,400.643280029,3119.74755859,1143.53930664,1067.97717285,113.415657043,137.512969971,54.9383201599,133.530792236,67.7932434082,19.8394412994,57.7289199829,45.6340789795,88.813117981,75.0076599121,57.764919281,38.9304351807,49.3350334167,59.5185165405,275.940093994,472.857330322,88.745300293,36.360748291,22.1484870911,75.3838195801,86.1189193726,227.514541626,105.56917572,46.8485946655,2.80766654015,0.324283361435,0.0678319707513,0.00226246519014,0.0000549878859601,3.24685998976e-7,8.9656659874e-10],"dvar2":[0.0789737477899,18.2525959015,102.12386322,494.164367676,565.977966309,868.898681641,6154.91357422,2279.53051758,2027.32177734,245.323638916,313.600036621,112.589653015,262.635437012,134.885299683,40.5780143738,122.630523682,94.5230178833,218.248352051,170.746520996,118.003158569,86.6058959961,105.84602356,134.846878052,737.401367188,979.401672363,212.617156982,87.874961853,48.3722229004,168.286773682,159.513320923,467.051513672,203.597595215,98.7957687378,4.78353786469,0.553433060646,0.132945626974,0.00381766166538,0.00013314752141,8.65388983584e-7,2.1445034637e-9],"max":[2.11242461205,39.6371536255,95.6687545776,362.627929688,365.108978271,865.553771973,1993.37963867,900.501220703,1333.66149902,311.402923584,374.621643066,210.684814453,545.665710449,310.008087158,155.421646118,316.274597168,249.708099365,211.16116333,309.501464844,237.002563477,170.922821045,255.700561523,259.149963379,496.741851807,903.867614746,470.61605835,220.862350464,276.322692871,524.338134766,775.826721191,1102.60400391,722.94909668,688.41986084,125.143218994,32.9781951904,20.7671661377,4.86232757568,0.449776351452,0.0371065661311,0.00124270259403],"mean":[0.0471769422293,0.635604858398,2.43104100227,9.72081851959,13.1679162979,15.8826875687,42.9887161255,27.4270362854,20.281545639,10.0297164917,12.2038173676,6.23226356506,6.24535655975,5.15701436996,3.58893275261,6.04069471359,5.51263093948,5.80279779434,6.71921014786,4.11672735214,4.21242237091,4.08824825287,4.19907188416,6.84797334671,8.96140670776,3.78830218315,2.76756644249,1.88850533962,2.17663049698,2.72002673149,3.69236755371,3.07486915588,1.79105257988,0.580212295055,0.196719273925,0.072755150497,0.0147881852463,0.00184329028707,0.000130979780806,0.0000309537499561],"median":[0.0103786308318,0.141043454409,0.925446629524,4.83543777466,5.88812208176,6.62624549866,10.1063642502,7.51789712906,6.10483217239,4.63566064835,4.79647541046,2.52380990982,1.87683200836,1.68819439411,1.33491301537,2.23406839371,1.72211050987,1.75883734226,2.10935091972,1.13327741623,1.14888811111,1.01311922073,0.954577147961,1.13926553726,1.03007984161,0.729738414288,0.4954226017,0.181846141815,0.122190527618,0.101665452123,0.108637683094,0.110871002078,0.0842206478119,0.0381830781698,0.0136437248439,0.00435570254922,0.000703319907188,0.0000680825105519,0.0000169590621226,0.0000180372226168],"min":[4.98213498172e-22,3.64913716064e-21,2.35689993651e-20,6.37533947489e-20,5.69024651959e-20,1.01998768917e-19,8.55253313085e-20,2.92449860664e-19,1.11748161308e-18,1.13965656755e-18,8.28405460245e-19,1.76713820264e-18,3.39664120277e-18,3.109977212e-18,1.82471514315e-18,4.05191155696e-18,2.43854023313e-18,4.84288564692e-18,7.00174804993e-18,7.97965089626e-18,1.73131218313e-17,1.35120581718e-17,1.42872670264e-17,1.9649761478e-17,1.72772205384e-17,1.90859948771e-17,1.58928990417e-17,2.21553213319e-17,1.45715541137e-17,1.87082049478e-17,1.4515955996e-17,1.5202390173e-17,1.26923412099e-17,1.23510820579e-17,8.49963482728e-18,6.65656847545e-18,2.74783940098e-18,1.27628250631e-18,3.27330257638e-19,4.00694302033e-20],"var":[0.0225973818451,4.72428226471,27.771572113,213.480224609,460.019348145,976.185852051,12750.4365234,3768.81933594,3436.30761719,291.900360107,444.590423584,151.558380127,312.427490234,181.413375854,47.4683914185,145.823822021,118.701263428,140.085357666,170.282745361,116.157958984,77.7305221558,102.14214325,126.149238586,392.289001465,1083.26574707,125.763450623,56.5502662659,68.5234832764,211.528869629,367.717224121,889.04675293,473.710693359,161.746749878,11.8698806763,1.16587734222,0.266134947538,0.0109237022698,0.0000947139196796,3.41449378993e-7,1.85340587322e-9]},"erbbands_crest":{"dmean":2.53802227974,"dmean2":3.97044157982,"dvar":7.06688928604,"dvar2":16.0063266754,"max":32.7244644165,"mean":10.9037752151,"median":9.57787895203,"min":2.0650703907,"var":28.6591453552},"erbbands_flatness_db":{"dmean":0.0206662490964,"dmean2":0.0288683436811,"dvar":0.000542004243471,"dvar2":0.00102077110205,"max":0.380506336689,"mean":0.187672942877,"median":0.186933666468,"min":0.0368794314563,"var":0.00296259275638},"erbbands_kurtosis":{"dmean":1.84954440594,"dmean2":2.74403691292,"dvar":11.7265329361,"dvar2":24.0131874084,"max":101.45728302,"mean":2.65271902084,"median":0.489534854889,"min":-1.88599383831,"var":41.0009803772},"erbbands_skewness":{"dmean":0.441550433636,"dmean2":0.639530599117,"dvar":0.222130954266,"dvar2":0.430666178465,"max":8.80115318298,"mean":1.0746216774,"median":0.951812028885,"min":-6.10122299194,"var":1.61015796661},"erbbands_spread":{"dmean":8.97072505951,"dmean2":13.2828054428,"dvar":124.251976013,"dvar2":262.56652832,"max":158.477401733,"mean":37.5625267029,"median":34.3872756958,"min":1.58789360523,"var":433.785583496},"gfcc":{"cov":[[17936.1699219,-551.979064941,106.586418152,432.214172363,-1067.34130859,604.43939209,-800.823181152,396.208190918,-217.75352478,-91.2260742188,-62.6444511414,-77.21534729,-101.927734375],[-551.979064941,1883.18554688,-466.791168213,-317.96206665,480.813323975,-365.720397949,168.967178345,-178.147872925,34.4741630554,-108.754524231,143.230560303,-156.824768066,128.755157471],[106.586418152,-466.791168213,1082.92346191,51.2411193848,-248.638015747,373.096130371,-161.331314087,33.2107276917,-43.1800727844,-74.8647155762,-76.3494873047,43.1077308655,-33.5021324158],[432.214172363,-317.96206665,51.2411193848,366.715942383,-15.9854354858,-11.7623901367,1.06684648991,-14.0767154694,-2.89175629616,23.5416984558,-30.5488948822,4.40022325516,-31.0506649017],[-1067.34130859,480.813323975,-248.638015747,-15.9854354858,442.783966064,-142.743682861,131.674331665,-41.217792511,28.0657405853,38.5519332886,13.1619949341,-21.7726249695,19.5196762085],[604.43939209,-365.720397949,373.096130371,-11.7623901367,-142.743682861,374.306030273,-40.4980010986,87.1870269775,-11.7606258392,-19.1018695831,-61.8482589722,17.6368026733,-29.401758194],[-800.823181152,168.967178345,-161.331314087,1.06684648991,131.674331665,-40.4980010986,230.430374146,13.3476018906,18.6290874481,17.0539188385,-11.6729450226,-0.380225211382,15.779094696],[396.208190918,-178.147872925,33.2107276917,-14.0767154694,-41.217792511,87.1870269775,13.3476018906,200.683563232,18.0892162323,23.656785965,-14.7019872665,7.9522652626,-19.0153121948],[-217.75352478,34.4741630554,-43.1800727844,-2.89175629616,28.0657405853,-11.7606258392,18.6290874481,18.0892162323,107.236351013,35.6738777161,-0.00464112823829,-3.46528458595,-7.46205568314],[-91.2260742188,-108.754524231,-74.8647155762,23.5416984558,38.5519332886,-19.1018695831,17.0539188385,23.656785965,35.6738777161,133.949295044,11.6219911575,18.9226360321,-21.3410682678],[-62.6444511414,143.230560303,-76.3494873047,-30.5488948822,13.1619949341,-61.8482589722,-11.6729450226,-14.7019872665,-0.00464112823829,11.6219911575,107.160850525,4.57064151764,13.7319478989],[-77.21534729,-156.824768066,43.1077308655,4.40022325516,-21.7726249695,17.6368026733,-0.380225211382,7.9522652626,-3.46528458595,18.9226360321,4.57064151764,108.025039673,12.7971277237],[-101.927734375,128.755157471,-33.5021324158,-31.0506649017,19.5196762085,-29.401758194,15.779094696,-19.0153121948,-7.46205568314,-21.3410682678,13.7319478989,12.7971277237,89.9963760376]],"icov":[[0.000123314341181,-0.000279242987745,0.000212324608583,-0.000378674274543,0.000381569232559,-0.000357948389137,0.000516905507538,-0.000322040898027,0.000302960688714,-0.000185894634342,0.00026355747832,-0.000206315045943,0.0000993433422991],[-0.000279242987745,0.00242359470576,-0.000611094641499,0.00206734379753,-0.00223650713451,0.00158117187675,-0.00175428146031,0.00142713810783,-0.00135496328585,0.00188566267025,-0.00219289353117,0.00254069687799,-0.00137894006912],[0.000212324608583,-0.000611094641499,0.00206068600528,-0.00100424792618,0.000911428243853,-0.00217077392153,0.00169797579292,-0.00029482942773,0.000632911513094,0.000205811287742,0.000875583617017,-0.00104946212377,0.000385412102332],[-0.000378674274543,0.00206734379753,-0.00100424792618,0.00498245004565,-0.00190228165593,0.00216746493243,-0.00219935993664,0.00174601457547,-0.00112842943054,0.000895391975064,-0.000951792579144,0.00192284816876,-0.000175554450834],[0.000381569232559,-0.00223650713451,0.000911428243853,-0.00190228165593,0.0054316711612,-0.000969418731984,0.000528089876752,-0.0010244785808,0.0011794710299,-0.00242231367156,0.00222432799637,-0.00167247001082,0.000932774622925],[-0.000357948389137,0.00158117187675,-0.00217077392153,0.00216746493243,-0.000969418731984,0.00646737450734,-0.00219986820593,-0.000330898968969,-0.000949485343881,0.00100371195003,0.000166780795553,0.00138760602567,-0.000152350010467],[0.000516905507538,-0.00175428146031,0.00169797579292,-0.00219935993664,0.000528089876752,-0.00219986820593,0.00819134898484,-0.00219162856229,0.0011085360311,-0.00111826369539,0.00270137866028,-0.00198439811356,-0.0000672723617754],[-0.000322040898027,0.00142713810783,-0.00029482942773,0.00174601457547,-0.0010244785808,-0.000330898968969,-0.00219162856229,0.00714558642358,-0.00178847403731,0.000146919337567,-0.00119716173504,0.00116986304056,-0.0000028294441563],[0.000302960688714,-0.00135496328585,0.000632911513094,-0.00112842943054,0.0011794710299,-0.000949485343881,0.0011085360311,-0.00178847403731,0.0115472143516,-0.00362290861085,0.00159988249652,-0.000601558538619,0.000929397589061],[-0.000185894634342,0.00188566267025,0.000205811287742,0.000895391975064,-0.00242231367156,0.00100371195003,-0.00111826369539,0.000146919337567,-0.00362290861085,0.0112645002082,-0.00284059601836,-0.00031670962926,0.00140689685941],[0.00026355747832,-0.00219289353117,0.000875583617017,-0.000951792579144,0.00222432799637,0.000166780795553,0.00270137866028,-0.00119716173504,0.00159988249652,-0.00284059601836,0.0131332892925,-0.00280963093974,0.000133479465148],[-0.000206315045943,0.00254069687799,-0.00104946212377,0.00192284816876,-0.00167247001082,0.00138760602567,-0.00198439811356,0.00116986304056,-0.000601558538619,-0.00031670962926,-0.00280963093974,0.0130800241604,-0.00374083872885],[0.0000993433422991,-0.00137894006912,0.000385412102332,-0.000175554450834,0.000932774622925,-0.000152350010467,-0.0000672723617754,-0.0000028294441563,0.000929397589061,0.00140689685941,0.000133479465148,-0.00374083872885,0.0139611437917]],"mean":[-95.9413375854,126.529319763,-95.5436859131,35.0059890747,-56.4079284668,-1.12376332283,-46.0644416809,-0.770064592361,-28.6547584534,-2.62498092651,-7.44558906555,-11.853263855,-9.46233940125]},"hfc":{"dmean":3.83059859276,"dmean2":5.11151742935,"dvar":77.9433822632,"dvar2":121.608825684,"max":489.021453857,"mean":10.3618898392,"median":5.49553585052,"min":1.15625675068e-16,"var":415.869110107},"melbands":{"dmean":[0.000585757137742,0.00103456224315,0.00109806761611,0.000465046585305,0.000619367870968,0.000296905782307,0.000136148213642,0.0000485123600811,0.0000391972462239,0.0000168796686921,0.0000151620952238,0.0000106551497083,0.00000554987809664,0.00000701088265487,0.00000630586555417,0.00000547127774553,0.0000074158147072,0.00000592641936237,0.00000365523965229,0.0000039720030145,0.00000292605545837,0.00000288594242193,0.00000202803903449,0.00000282750124825,0.00000392871470467,0.00000429452302342,0.00000389704428017,0.00000118472587474,0.00000131487411181,8.90602279924e-7,6.83573944116e-7,7.35396895379e-7,8.71540237313e-7,9.11663448733e-7,0.00000124336975205,0.00000122431583804,9.27092287384e-7,7.94286279415e-7,4.74789828786e-7,2.271925581e-7],"dmean2":[0.00100586330518,0.00179044634569,0.00184320949484,0.000730887346435,0.000952669361141,0.000451401923783,0.000206376003916,0.0000734127024771,0.0000584787703701,0.0000245817809628,0.0000216509215534,0.0000155150501087,0.00000822881156637,0.0000102722542579,0.0000090883095254,0.00000814156646811,0.0000117834624689,0.0000088898013928,0.00000544287968296,0.00000608138634561,0.00000445493196821,0.00000433480045103,0.00000303127762891,0.00000437365906691,0.00000627024110145,0.00000635433934804,0.0000059989233705,0.00000178741299806,0.000002031641543,0.00000134500703552,0.00000102009289549,0.00000107894220491,0.00000124269672597,0.00000129450552322,0.00000169438180819,0.00000165404173913,0.00000130848025037,0.00000114273370855,6.70277813697e-7,3.10873616627e-7],"dvar":[0.00000477882167615,0.0000107624910015,0.00000480647577206,0.00000114437398224,0.00000266062693299,5.64181902973e-7,1.96682464093e-7,1.08290008072e-8,9.01454644264e-9,2.33355090806e-9,3.4048637243e-9,1.33967026361e-9,1.92175275693e-10,2.72915634536e-10,2.17210707754e-10,2.22731236232e-10,4.31101515597e-10,1.81163695157e-10,7.72889738321e-11,1.58730320554e-10,6.60036539313e-11,8.82714595862e-11,3.37185869503e-11,1.2047997322e-10,2.54560844626e-10,2.9456878603e-10,3.10569930884e-10,2.0090373809e-11,2.50838065596e-11,8.24271033373e-12,8.89848698199e-12,2.534292394e-11,2.68902122791e-11,3.5880833027e-11,9.26830071024e-11,9.60083609836e-11,3.26495878944e-11,3.41355901878e-11,8.46207739297e-12,1.26744426586e-12],"dvar2":[0.0000128672663777,0.0000296739508485,0.0000139163821586,0.00000250590619544,0.00000546940827917,0.0000011201336747,3.75343660153e-7,2.34620767259e-8,2.07156301002e-8,4.70937244756e-9,6.66595711962e-9,2.6654138896e-9,3.99503680137e-10,5.72747071992e-10,4.4284514944e-10,4.95956609115e-10,1.06857100945e-9,4.12100409353e-10,1.69844013853e-10,3.56136370394e-10,1.48257517374e-10,1.9157155029e-10,7.24754839476e-11,2.74530759237e-10,7.0596001267e-10,5.81626580232e-10,7.36158911607e-10,4.77466122195e-11,6.37592131869e-11,1.85936873537e-11,2.047031121e-11,6.16259335229e-11,5.3693126334e-11,7.47196540751e-11,2.13511749947e-10,2.16321890956e-10,6.19735304741e-11,7.59741089484e-11,1.7891606599e-11,2.22342326842e-12],"max":[0.0282459482551,0.0541120320559,0.056445222348,0.0537359192967,0.0537312366068,0.020088898018,0.0186499264091,0.00304525345564,0.00318630971014,0.0012156086741,0.00280234660022,0.00138015975244,0.000579220301006,0.000644122716039,0.000599692284595,0.000722003809642,0.000482015457237,0.000444058241555,0.000248619617196,0.000421669450589,0.00024124410993,0.000356085743988,0.000199802525458,0.000390338245779,0.000506266194861,0.000611000577919,0.000616115692537,0.000349407957401,0.000198806330445,0.000144373974763,0.000158405353432,0.000315081095323,0.000374976545572,0.000477154389955,0.000673072121572,0.000650783069432,0.000450102088507,0.000559330161195,0.000253331469139,0.0000661615631543],"mean":[0.000564300746191,0.00115551543422,0.0018193529686,0.000945440202486,0.00134718057234,0.000651371316053,0.000285208312562,0.000100242505141,0.0000925486019696,0.0000352810238837,0.0000308052440232,0.0000215805248445,0.0000101791447378,0.0000138483674164,0.0000133107359943,0.0000104358996396,0.0000109942875497,0.000010318072782,0.00000615343014942,0.00000605572131462,0.0000049761279115,0.00000475224987895,0.00000328214673573,0.00000447271031589,0.0000054650504353,0.00000675363071423,0.00000529534099769,0.00000175065451913,0.00000185726344171,0.00000131669366965,0.00000100694478533,0.00000113414228053,0.00000139795440646,0.00000155168254423,0.00000209362860915,0.00000220762376557,0.00000174528690877,0.00000138446614528,8.00327825345e-7,3.80857898108e-7],"median":[0.000126158425701,0.000390359258745,0.000954628165346,0.000462909723865,0.000368752836948,0.000177523179445,0.0000839902713778,0.0000486388962599,0.0000337138772011,0.0000115724051284,0.00000873467433848,0.00000612726489635,0.00000305361891151,0.00000561998467674,0.00000438425058746,0.00000304029708786,0.00000250225480158,0.00000324255915984,0.00000170298494595,0.00000120792162761,0.00000121578887047,0.00000100373961232,7.82466088367e-7,7.08330503585e-7,8.39878964598e-7,6.39680706627e-7,6.43600628791e-7,3.33287687226e-7,3.12328126029e-7,1.63041633527e-7,6.38606820758e-8,6.09573760357e-8,5.56533983342e-8,4.5017912953e-8,5.36582120958e-8,6.01010725632e-8,6.51430198673e-8,5.74109471074e-8,4.32035527353e-8,2.24412435301e-8],"min":[4.59802093649e-24,9.83244830851e-24,9.89256897582e-24,6.44624551791e-24,3.32621425749e-24,6.64866643733e-24,1.66382597825e-23,1.1608492906e-23,5.90249197898e-24,1.21280477422e-23,1.78130850851e-23,1.42135490621e-23,5.06747363891e-24,9.26455917576e-24,8.19459794215e-24,6.03805890884e-24,9.77274731521e-24,1.26743047312e-23,8.59348230343e-24,1.3796623452e-23,2.10550572809e-23,1.28841377877e-23,1.18330902832e-23,1.40349272874e-23,1.6660658699e-23,1.33470090236e-23,9.46416149516e-24,1.37838470607e-23,7.61749806947e-24,1.38198995818e-23,1.14827421668e-23,6.40649797234e-24,1.12697844323e-23,1.06037554809e-23,7.51592118387e-24,1.0419128108e-23,8.72783399306e-24,7.97541688394e-24,9.60424189269e-24,1.11195766384e-23],"var":[0.0000035323771499,0.00000808416643849,0.00000695740391166,0.00000287609145744,0.0000102108479041,0.0000019610374693,6.48618026844e-7,2.71576627853e-8,2.8118968487e-8,6.33549568363e-9,8.04728372827e-9,3.61767571455e-9,4.45185333042e-10,6.80742184844e-10,6.23216700468e-10,4.67914929025e-10,6.44904296632e-10,4.0515216182e-10,1.6832325811e-10,2.82740525437e-10,1.31500102474e-10,1.73262335035e-10,6.96545460199e-11,2.53396220673e-10,3.12052605977e-10,8.39612157577e-10,4.16157108774e-10,3.11092089589e-11,3.03270152047e-11,1.93821313166e-11,2.53188303656e-11,5.84166950923e-11,9.40373820479e-11,1.32978669742e-10,3.1553773483e-10,3.04226588366e-10,1.46847353721e-10,1.06359247798e-10,2.66792889864e-11,5.04033577028e-12]},"melbands_crest":{"dmean":3.32935500145,"dmean2":5.47574520111,"dvar":9.8207616806,"dvar2":25.6581192017,"max":39.5949211121,"mean":15.5213356018,"median":14.6117506027,"min":1.99538493156,"var":28.0762138367},"melbands_flatness_db":{"dmean":0.0292635019869,"dmean2":0.0436105951667,"dvar":0.000875948462635,"dvar2":0.00186924904119,"max":0.574092745781,"mean":0.282114505768,"median":0.280653387308,"min":0.00501652387902,"var":0.00568733317778},"melbands_kurtosis":{"dmean":12.4952487946,"dmean2":19.9764251709,"dvar":422.179931641,"dvar2":1008.05627441,"max":855.311279297,"mean":29.0392570496,"median":20.9678077698,"min":-1.91311168671,"var":947.700622559},"melbands_skewness":{"dmean":0.874673128128,"dmean2":1.36868822575,"dvar":0.975903570652,"dvar2":2.2771191597,"max":22.5617446899,"mean":3.61405611038,"median":3.4344727993,"min":-2.31692957878,"var":3.03228902817},"melbands_spread":{"dmean":4.67667150497,"dmean2":7.08139133453,"dvar":134.425582886,"dvar2":248.537948608,"max":257.515960693,"mean":12.8537502289,"median":7.22991132736,"min":0.436482846737,"var":479.127410889},"mfcc":{"cov":[[11984.1386719,-238.164505005,127.361419678,147.698516846,-113.555938721,-129.258148193,-191.498748779,40.5047264099,-134.324462891,90.2330780029,-213.598297119,72.7297668457,-117.509757996],[-238.164505005,2102.29907227,-569.032592773,69.0398788452,106.214103699,-91.5355148315,106.869346619,-81.781578064,-5.40353918076,-51.7456283569,37.1592025757,-45.6995010376,-8.0454864502],[127.361419678,-569.032592773,1194.90661621,-224.840606689,61.0289497375,105.557250977,-43.04088974,103.388641357,-40.2024421692,25.4566421509,-158.527526855,3.6744954586,-58.9559783936],[147.698516846,69.0398788452,-224.840606689,381.557373047,26.9277172089,9.12652683258,4.56675052643,-47.8335380554,-4.55545139313,-9.21536064148,45.6889801025,-20.2963886261,15.5451745987],[-113.555938721,106.214103699,61.0289497375,26.9277172089,207.805374146,30.3053474426,8.11770153046,-10.5148162842,-12.9653682709,10.6660785675,-5.2943148613,9.94909286499,-12.5387334824],[-129.258148193,-91.5355148315,105.557250977,9.12652683258,30.3053474426,196.458602905,12.6480016708,14.9075918198,31.6083126068,-7.82386445999,22.2427139282,-18.8223667145,-15.585442543],[-191.498748779,106.869346619,-43.04088974,4.56675052643,8.11770153046,12.6480016708,154.358108521,34.209564209,31.083656311,8.00100040436,4.6982421875,-4.56371307373,3.53613114357],[40.5047264099,-81.781578064,103.388641357,-47.8335380554,-10.5148162842,14.9075918198,34.209564209,141.337738037,49.343044281,10.1071739197,-9.67565250397,-2.32838439941,-1.4246929884],[-134.324462891,-5.40353918076,-40.2024421692,-4.55545139313,-12.9653682709,31.6083126068,31.083656311,49.343044281,151.592849731,27.0250072479,41.0990066528,-1.66711008549,-4.90934991837],[90.2330780029,-51.7456283569,25.4566421509,-9.21536064148,10.6660785675,-7.82386445999,8.00100040436,10.1071739197,27.0250072479,109.481239319,18.2043628693,9.59622192383,-12.9415578842],[-213.598297119,37.1592025757,-158.527526855,45.6889801025,-5.2943148613,22.2427139282,4.6982421875,-9.67565250397,41.0990066528,18.2043628693,143.158050537,24.9303131104,17.2217311859],[72.7297668457,-45.6995010376,3.6744954586,-20.2963886261,9.94909286499,-18.8223667145,-4.56371307373,-2.32838439941,-1.66711008549,9.59622192383,24.9303131104,108.487762451,33.6936569214],[-117.509757996,-8.0454864502,-58.9559783936,15.5451745987,-12.5387334824,-15.585442543,3.53613114357,-1.4246929884,-4.90934991837,-12.9415578842,17.2217311859,33.6936569214,97.0632629395]],"icov":[[0.0000948741289903,-0.00000483117719341,0.0000187493133126,-0.0000843947200337,0.0000825706738397,-1.40492659284e-7,0.000123865043861,-0.000102356571006,0.0000748175443732,-0.000115778864711,0.00018597872986,-0.000166831363458,0.000157254384249],[-0.00000483117719341,0.000628451292869,0.000283972505713,0.000136673465022,-0.000460956274765,0.000271907134447,-0.000420265918365,0.000233894374105,-0.0000301457239402,0.000323805375956,-0.0000302536809613,0.000293584249448,0.000144799618283],[0.0000187493133126,0.000283972505713,0.0014869698789,0.000550893950276,-0.000445556419436,-0.000817303662188,0.00035782015766,-0.000817008549348,0.000469242455438,-0.000401040771976,0.00139006006066,-0.000376200972823,0.000501588685438],[-0.0000843947200337,0.000136673465022,0.000550893950276,0.0032789898105,-0.000730649102479,-0.000245977571467,-0.000214808518649,0.000743770389818,0.000110867447802,0.000205253614695,-0.000700798816979,0.00107497000135,-0.000612358737271],[0.0000825706738397,-0.000460956274765,-0.000445556419436,-0.000730649102479,0.00568846985698,-0.00102547730785,-0.0000902612737264,0.000206007258384,0.000619749247562,-0.000902575964574,0.000443194556283,-0.00132375082467,0.000776521570515],[-1.40492659284e-7,0.000271907134447,-0.000817303662188,-0.000245977571467,-0.00102547730785,0.00652363663539,-0.000678631011397,0.000311788578983,-0.00130461493973,0.00147486489732,-0.00203272281215,0.00146386865526,0.00049282918917],[0.000123865043861,-0.000420265918365,0.00035782015766,-0.000214808518649,-0.0000902612737264,-0.000678631011397,0.00770255131647,-0.00206504948437,-0.000684756785631,-0.000801904359832,0.000833840225823,-0.00018308412109,-0.000290633557597],[-0.000102356571006,0.000233894374105,-0.000817008549348,0.000743770389818,0.000206007258384,0.000311788578983,-0.00206504948437,0.00967182870954,-0.00317332847044,0.000312759482767,0.000184153759619,0.000617008132394,-0.000791686412413],[0.0000748175443732,-0.0000301457239402,0.000469242455438,0.000110867447802,0.000619749247562,-0.00130461493973,-0.000684756785631,-0.00317332847044,0.0091448482126,-0.00185613404028,-0.0018508490175,0.0000669161017868,0.000724505400285],[-0.000115778864711,0.000323805375956,-0.000401040771976,0.000205253614695,-0.000902575964574,0.00147486489732,-0.000801904359832,0.000312759482767,-0.00185613404028,0.0107231978327,-0.00192558544222,-0.000453573215054,0.00159919401631],[0.00018597872986,-0.0000302536809613,0.00139006006066,-0.000700798816979,0.000443194556283,-0.00203272281215,0.000833840225823,0.000184153759619,-0.0018508490175,-0.00192558544222,0.0106703108177,-0.0028663049452,-0.000366195861716],[-0.000166831363458,0.000293584249448,-0.000376200972823,0.00107497000135,-0.00132375082467,0.00146386865526,-0.00018308412109,0.000617008132394,0.0000669161017868,-0.000453573215054,-0.0028663049452,0.012062846683,-0.00423444388434],[0.000157254384249,0.000144799618283,0.000501588685438,-0.000612358737271,0.000776521570515,0.00049282918917,-0.000290633557597,-0.000791686412413,0.000724505400285,0.00159919401631,-0.000366195861716,-0.00423444388434,0.0128708379343]],"mean":[-739.32824707,148.896560669,20.6146335602,31.4318122864,12.4715471268,-3.55657887459,0.178980842233,-9.15807914734,-12.7761135101,1.61523997784,-5.99347639084,-1.66529881954,-4.93749809265]},"pitch_salience":{"dmean":0.0727318227291,"dmean2":0.118304856122,"dvar":0.0050517837517,"dvar2":0.0127909453586,"max":0.851774334908,"mean":0.578503072262,"median":0.595520496368,"min":0.0398740507662,"var":0.0147755714133},"silence_rate_20dB":{"dmean":0,"dmean2":0,"dvar":0,"dvar2":0,"max":1,"mean":1,"median":1,"min":1,"var":0},"silence_rate_30dB":{"dmean":0.0106302201748,"dmean2":0.0212620552629,"dvar":0.0105171781033,"dvar2":0.0252165105194,"max":1,"mean":0.987396538258,"median":1,"min":0,"var":0.0124444859102},"silence_rate_60dB":{"dmean":0.0355353057384,"dmean2":0.0710760131478,"dvar":0.0342670530081,"dvar2":0.0769703686237,"max":1,"mean":0.168020650744,"median":0,"min":0,"var":0.139785513282},"spectral_centroid":{"dmean":190.83895874,"dmean2":285.435180664,"dvar":97977.1484375,"dvar2":181964.21875,"max":11335.1679688,"mean":797.981079102,"median":552.867797852,"min":168.007171631,"var":496545.6875},"spectral_complexity":{"dmean":2.04646921158,"dmean2":3.05824279785,"dvar":8.17871665955,"dvar2":15.2651329041,"max":41,"mean":9.70328712463,"median":9,"min":0,"var":36.1533851624},"spectral_contrast_coeffs":{"dmean":[0.0477485321462,0.0442713275552,0.0348615683615,0.0289379023015,0.0234156213701,0.0184681992978],"dmean2":[0.0773651227355,0.070584744215,0.0545278899372,0.0448999926448,0.0358315855265,0.0289902761579],"dvar":[0.00178205163684,0.00164906529244,0.00101244146936,0.000647265871521,0.000511461519636,0.000389142980566],"dvar2":[0.00445629190654,0.00387804489583,0.00229369010776,0.00146345910616,0.0010529627325,0.00089326268062],"max":[-0.274800002575,-0.323675870895,-0.476015657187,-0.548637628555,-0.522883296013,-0.579239249229],"mean":[-0.597719430923,-0.682292878628,-0.752664625645,-0.77278316021,-0.787598133087,-0.800387442112],"median":[-0.599929988384,-0.686580240726,-0.754456222057,-0.774054527283,-0.795676112175,-0.806902050972],"min":[-0.951566398144,-0.962091684341,-0.96268248558,-0.960181772709,-0.965991973877,-0.961326897144],"var":[0.009856027551,0.00791481509805,0.00481142383069,0.00326030957513,0.00311561720446,0.00201570289209]},"spectral_contrast_valleys":{"dmean":[0.411266833544,0.367529958487,0.379112094641,0.343175917864,0.329959213734,0.367733687162],"dmean2":[0.662163972855,0.575169742107,0.578522205353,0.511327028275,0.46425947547,0.456718206406],"dvar":[0.174543827772,0.14534586668,0.158781677485,0.151112273335,0.167936295271,0.253232270479],"dvar2":[0.368849009275,0.301393210888,0.319795668125,0.277815669775,0.289298176765,0.44534984231],"max":[-4.98682355881,-5.02331161499,-5.79375982285,-6.19223737717,-6.06010913849,-6.92038249969],"mean":[-7.6519112587,-7.42004585266,-8.70493507385,-9.04751491547,-8.8569726944,-11.3022470474],"median":[-7.41475105286,-7.14051675797,-8.49914741516,-8.90146064758,-8.70670986176,-11.0212469101],"min":[-27.5754699707,-27.6878261566,-27.480052948,-27.2854137421,-27.1377754211,-27.2516956329],"var":[1.88589811325,1.87183892727,1.70968639851,1.62715566158,1.68310010433,2.66788887978]},"spectral_decrease":{"dmean":2.45097253604e-9,"dmean2":3.84747611548e-9,"dvar":2.10453061612e-17,"dvar2":5.1475796935e-17,"max":-3.89695704306e-29,"mean":-5.6824025485e-9,"median":-3.53812978915e-9,"min":-7.54596669594e-8,"var":4.48550466209e-17},"spectral_energy":{"dmean":0.00952582713217,"dmean2":0.0148804755881,"dvar":0.000311454059556,"dvar2":0.00075856258627,"max":0.292142421007,"mean":0.0223865080625,"median":0.0141119537875,"min":1.06346717791e-20,"var":0.000677660573274},"spectral_energyband_high":{"dmean":0.000224475588766,"dmean2":0.00027384085115,"dvar":0.00000100607167042,"dvar2":0.00000139650114761,"max":0.0609805583954,"mean":0.000444990175311,"median":0.0000531336154381,"min":7.56541084607e-21,"var":0.00000584934787184},"spectral_energyband_low":{"dmean":0.00545592000708,"dmean2":0.00919277779758,"dvar":0.000196980050532,"dvar2":0.000528270669747,"max":0.208901152015,"mean":0.00719449622557,"median":0.00341556174681,"min":6.00278278465e-23,"var":0.000179737762664},"spectral_energyband_middle_high":{"dmean":0.000472639512736,"dmean2":0.000655040377751,"dvar":0.00000106400273125,"dvar2":0.0000021441910576,"max":0.0217998307198,"mean":0.00116669945419,"median":0.000575750367716,"min":1.82077356614e-21,"var":0.00000294899700748},"spectral_energyband_middle_low":{"dmean":0.00604435289279,"dmean2":0.00933980569243,"dvar":0.000112183755846,"dvar2":0.000260611297563,"max":0.225960895419,"mean":0.0157936066389,"median":0.009236715734,"min":2.95700660681e-22,"var":0.000390529196011},"spectral_entropy":{"dmean":0.239535436034,"dmean2":0.342379271984,"dvar":0.0685690268874,"dvar2":0.131497427821,"max":9.80340576172,"mean":6.86869573593,"median":6.86191225052,"min":4.88655948639,"var":0.430995970964},"spectral_flux":{"dmean":0.0256493706256,"dmean2":0.0404961965978,"dvar":0.00134366995189,"dvar2":0.00292276893742,"max":0.422968685627,"mean":0.0613055117428,"median":0.0463605038822,"min":1.03124543627e-10,"var":0.00292935105972},"spectral_kurtosis":{"dmean":3.28132367134,"dmean2":5.37764215469,"dvar":18.5606536865,"dvar2":46.3547058105,"max":84.2123565674,"mean":8.11529827118,"median":5.84446430206,"min":-1.2294396162,"var":59.1387863159},"spectral_rms":{"dmean":0.000843693269417,"dmean2":0.00126509845722,"dvar":0.00000143445117828,"dvar2":0.00000317917579196,"max":0.0168824456632,"mean":0.00399037962779,"median":0.00371049321257,"min":3.22106967834e-12,"var":0.0000059173680711},"spectral_rolloff":{"dmean":282.581939697,"dmean2":480.394042969,"dvar":647392.375,"dvar2":1326828.875,"max":18841.5527344,"mean":797.122192383,"median":387.59765625,"min":21.533203125,"var":1784305.375},"spectral_skewness":{"dmean":0.367360383272,"dmean2":0.57292342186,"dvar":0.153693005443,"dvar2":0.357391804457,"max":7.41545152664,"mean":2.04359555244,"median":1.90873420238,"min":-0.468501269817,"var":0.805846810341},"spectral_spread":{"dmean":604390.625,"dmean2":880528.5,"dvar":642715549696,"dvar2":1276280045570,"max":40628296,"mean":4268133.5,"median":3848406,"min":1072627.125,"var":3582260936700},"spectral_strongpeak":{"dmean":0.31102797389,"dmean2":0.513937532902,"dvar":0.398667871952,"dvar2":0.952018797398,"max":17.3929901123,"mean":0.706018209457,"median":0.466191530228,"min":0,"var":0.767088711262},"zerocrossingrate":{"dmean":0.00838015973568,"dmean2":0.00951675698161,"dvar":0.00017701939214,"dvar2":0.000159693416208,"max":0.513671875,"mean":0.0402365848422,"median":0.02978515625,"min":0,"var":0.00154759525321}},"metadata":{"audio_properties":{"analysis_sample_rate":44100,"bit_rate":746440,"codec":"alac","downmix":"mix","equal_loudness":0,"length":305.799987793,"lossless":true,"md5_encoded":"5b78ba8f3942491fce759bff1fdc3d8b","replay_gain":-6.28231048584,"sample_rate":44100},"tags":{"album":["Sally Can't Dance"],"artist":["Lou Reed"],"barcode":["886972450827"],"bpm":["83"],"composer":["Lou Reed"],"date":["1974"],"discnumber":["1/1"],"encodedby":["qaac 1.46, CoreAudioToolbox 7.9.8.5, Apple Lossless Encoder"],"file_name":"1.03. Baby Face.m4a","genre":["Rock"],"language":["deu"],"musicbrainz_recordingid":["d2f52e89-1bfb-4691-b77c-1d536dea48ce"],"title":["Baby Face"],"tracknumber":["3/8"]},"version":{"essentia":"2.1-beta2","essentia_build_sha":"cead25079874084f62182a551b7393616cd33d87","essentia_git_sha":"v2.1_beta2-1-ge3940c0","extractor":"music 1.0"}},"rhythm":{"beats_count":437,"beats_loudness":{"dmean":0.0222008489072,"dmean2":0.0376936644316,"dvar":0.000559986860026,"dvar2":0.00149697286543,"max":0.242673248053,"mean":0.0397988557816,"median":0.0345231406391,"min":1.54908141869e-9,"var":0.000875672732946},"beats_loudness_band_ratio":{"dmean":[0.222138553858,0.192222177982,0.0957686975598,0.0343221575022,0.0284723006189,0.0596182197332],"dmean2":[0.385365337133,0.326087862253,0.169789165258,0.0609291382134,0.0511786453426,0.115680702031],"dvar":[0.0307332631201,0.0251600965858,0.011520399712,0.00259205582552,0.00106554443482,0.00365403760225],"dvar2":[0.084278807044,0.0665857717395,0.0323463268578,0.0077075380832,0.00302977208048,0.0109884347767],"max":[0.985977947712,0.956974387169,0.644529342651,0.407980024815,0.305013567209,0.369273275137],"mean":[0.479184448719,0.364354103804,0.110908046365,0.0388571359217,0.0319036617875,0.0457208529