{"lowlevel":{"average_loudness":0.78099912405,"barkbands":{"dmean":[0.00000441218571723,0.0000369352565031,0.00018417762476,0.000305040972307,0.00215729395859,0.000539999280591,0.000771165767219,0.000773672072683,0.00162284716498,0.0014951255871,0.00149456085637,0.000256548053585,0.000581231317483,0.000215990454308,0.0000642785598757,0.0000332164490828,0.0000587130089116,0.0000416139373556,0.0000246010313276,0.0000319051396218,0.0000202274459298,0.0000547403215023,0.000113031557703,0.000141025782796,0.0000985767983366,0.00000891536274139,0.00000112837824418],"dmean2":[0.00000804097362561,0.0000666576161166,0.000320085644489,0.000469613063615,0.00302632548846,0.000762249750551,0.00121069420129,0.00118006649427,0.00251727364957,0.00243739783764,0.002409319859,0.000422805722337,0.000988591345958,0.000358996854629,0.000106325111119,0.0000541289846296,0.0000982042693067,0.000064141349867,0.0000401195538871,0.000051254130085,0.0000304853674606,0.0000827467811177,0.000160052630235,0.000169082253706,0.000124635582324,0.0000121341208796,0.00000161585546721],"dvar":[3.17362490454e-11,2.46454612274e-9,5.69046108012e-8,2.59165545913e-7,0.0000128583214973,8.47163164508e-7,0.00000372723548026,0.00000488970681545,0.00000996136986942,0.00000731352247385,0.00000529840554009,2.64944105766e-7,8.07473497844e-7,1.07584405384e-7,1.43682932219e-8,7.57499929449e-9,9.91891635493e-9,1.65679132635e-8,2.75513367676e-9,4.66743443894e-9,3.09630188156e-9,3.79469540235e-8,1.50325817572e-7,3.22629631455e-7,2.08992176454e-7,1.1337132344e-9,1.12751986567e-11],"dvar2":[9.75760444666e-11,7.56628537602e-9,2.15239751356e-7,7.26242490146e-7,0.0000266849947366,0.0000018330858893,0.00000867758080858,0.0000110893097371,0.0000223333063332,0.0000202332612389,0.0000128891770146,7.41316000585e-7,0.0000022454394184,2.97964447782e-7,3.61249767877e-8,1.61003761434e-8,2.66555222339e-8,3.93772801033e-8,6.67927668729e-9,1.11883275977e-8,6.25149620959e-9,7.86795695262e-8,2.52048494076e-7,4.24371989993e-7,2.89068083248e-7,2.02818939421e-9,2.12480224387e-11],"max":[0.000047319848818,0.000465882883873,0.0023170306813,0.0105941779912,0.0553865246475,0.0201855488122,0.0311698745936,0.0391232520342,0.069244608283,0.0392880253494,0.048878133297,0.00867804139853,0.010380375199,0.00548936799169,0.00239361915737,0.00263880565763,0.00214927294292,0.00300898542628,0.0013657027157,0.00165881798603,0.00109369191341,0.00364684825763,0.00866953376681,0.0164266247302,0.0120024289936,0.00126698764507,0.0000718525916454],"mean":[0.00000478661331726,0.0000519437999174,0.000246193405474,0.000871290743817,0.00608485983685,0.00181521009654,0.00149824470282,0.00148977513891,0.00305991922505,0.00245972513221,0.00292902160436,0.000458636728581,0.000907426874619,0.000372670212528,0.000115990413178,0.0000652869857731,0.000133861612994,0.0000858296334627,0.0000512492370035,0.0000720548996469,0.0000453089960502,0.000119752570754,0.000281058455585,0.000343660532963,0.000230488614761,0.000020728826712,0.0000030073410926],"median":[0.00000271765520665,0.0000400149074267,0.00015957832511,0.000658125907648,0.00345730502158,0.00102824775968,0.000294980069157,0.000385111605283,0.00121869926807,0.00123360066209,0.00179909740109,0.000123092409922,0.00044561130926,0.000238309527049,0.0000691109962645,0.0000357971694029,0.0000916251592571,0.0000246305644396,0.0000271433200396,0.0000254270053119,0.0000149960851559,0.0000106257257357,0.0000311336807499,0.000033520256693,0.0000158572347573,0.00000263552101387,3.46448501887e-7],"min":[4.57187345153e-25,5.90762075816e-24,4.76760068895e-25,2.0304652556e-24,1.05022401264e-23,1.15247963416e-23,6.78480726349e-24,4.87387060669e-24,3.06086266934e-23,2.09100835792e-23,1.92087835525e-23,2.20731958751e-23,2.86787920847e-23,4.88448820115e-23,5.86893643932e-23,4.46627075235e-23,5.61743559205e-23,6.9188131165e-23,1.50976516688e-22,1.78135369446e-22,2.12866630562e-22,3.11867033336e-22,4.69162262766e-22,6.12771904072e-22,9.79925490333e-22,1.44448736874e-21,2.08169028242e-21],"var":[3.46835650478e-11,2.85233459074e-9,7.01252957924e-8,7.74364536937e-7,0.0000630441354588,0.00000531345267518,0.00000928522695176,0.0000134264691951,0.0000243981139647,0.0000134611946123,0.0000163261083799,5.98250323947e-7,0.00000150360983753,2.11148943663e-7,2.82563306087e-8,1.89256983418e-8,2.8701945709e-8,4.50573658384e-8,6.66588739762e-9,1.85438260303e-8,1.11904814304e-8,1.59277476541e-7,7.99920542249e-7,0.00000169034535702,0.00000106779646103,5.28130339461e-9,5.19242079888e-11]},"barkbands_crest":{"dmean":2.10877203941,"dmean2":3.41057133675,"dvar":3.35701537132,"dvar2":8.3637714386,"max":21.8010005951,"mean":9.21012878418,"median":8.50359725952,"min":3.37163925171,"var":10.7288722992},"barkbands_flatness_db":{"dmean":0.0136686768383,"dmean2":0.0217460729182,"dvar":0.000121103003039,"dvar2":0.000292167620501,"max":0.240409046412,"mean":0.14685665071,"median":0.148991808295,"min":0.0259993635118,"var":0.00115632428788},"barkbands_kurtosis":{"dmean":1.24168646336,"dmean2":1.96277415752,"dvar":2.23918795586,"dvar2":5.24230241776,"max":25.7257785797,"mean":2.84775424004,"median":2.1614048481,"min":-1.93690371513,"var":7.41394615173},"barkbands_skewness":{"dmean":0.333434343338,"dmean2":0.523640751839,"dvar":0.0803254470229,"dvar2":0.188746139407,"max":3.58983063698,"mean":1.10823738575,"median":1.09478974342,"min":-2.159075737,"var":0.603222370148},"barkbands_spread":{"dmean":3.02220439911,"dmean2":4.46748495102,"dvar":29.4333515167,"dvar2":57.5573196411,"max":139.473144531,"mean":15.7724914551,"median":12.2715835571,"min":3.41533637047,"var":171.950027466},"dissonance":{"dmean":0.0339833199978,"dmean2":0.0571419410408,"dvar":0.000790136109572,"dvar2":0.00219787354581,"max":0.499999523163,"mean":0.41560292244,"median":0.417547404766,"min":0.264035671949,"var":0.00168858445249},"dynamic_complexity":6.28627204895,"erbbands":{"dmean":[0.00145844998769,0.00834697391838,0.124109618366,0.799638569355,1.5063970089,10.6771154404,8.39317131042,3.87116789818,6.82575893402,21.1882247925,13.6815299988,37.5833244324,58.1607055664,25.8036384583,48.1619110107,14.1599731445,26.9111404419,13.1160993576,4.13055276871,1.89230513573,1.99543631077,2.58584094048,2.17345404625,1.69138324261,0.962205827236,1.66813015938,0.962769508362,0.846043348312,1.54248094559,3.25344800949,3.34442877769,2.90164327621,2.61287689209,1.42446577549,0.552812993526,0.0865474864841,0.00824477616698,0.00100474420469,0.000232376434724,0.0000163422100741],"dmean2":[0.00256502721459,0.0154117243364,0.215295493603,1.22843647003,2.26266717911,15.3001174927,11.3843669891,5.64194726944,10.243475914,33.2756118774,20.8615684509,58.7514572144,94.8681259155,41.6228179932,78.5224075317,23.6217269897,45.3831672668,21.8504619598,6.80623531342,3.06767392159,3.31844353676,4.35158634186,3.39184546471,2.67282795906,1.5763181448,2.68492794037,1.45662176609,1.26981341839,2.23065137863,4.90127182007,4.82037305832,3.76022005081,3.42944550514,1.76998460293,0.700547456741,0.116535998881,0.0108665553853,0.0014362501679,0.000332425959641,0.0000230168989219],"dvar":[0.00000324948359776,0.000118185380416,0.0248175244778,0.868576467037,11.0776834488,366.935760498,210.378936768,45.1090278625,291.542388916,3005.72998047,1639.79248047,5496.99804688,10995.8603516,3166.9987793,5175.01367188,557.758422852,1807.47375488,419.529510498,55.7714271545,17.8467521667,12.8866033554,31.19805336,45.50522995,16.0190391541,6.77363014221,12.3279600143,5.83645296097,7.46629285812,32.090637207,117.026092529,153.962753296,142.205276489,134.614593506,42.0029983521,7.28051567078,0.136161401868,0.000756505993195,0.00000713564622856,4.86493888729e-7,2.25205276649e-9],"dvar2":[0.00000982132405625,0.000372595182853,0.0922911837697,2.37623238564,24.8662872314,778.533447266,416.253570557,104.801231384,630.618469238,6978.59960938,3801.390625,12161.6904297,29875.1972656,9008.8125,13013.0849609,1512.85998535,5060.74072266,1174.14208984,144.025985718,43.4997329712,30.5928459167,85.6191711426,119.692092896,33.7682723999,16.0372676849,29.5208301544,13.0527658463,14.6833629608,59.7031593323,254.695083618,277.535614014,236.475875854,246.841033936,57.1543121338,10.1985044479,0.236002981663,0.00116813427303,0.0000119057158372,8.84248038346e-7,3.93686860889e-9],"max":[0.0157890226692,0.0993845909834,1.5604082346,16.1284751892,66.9969940186,332.987762451,359.852539063,150.241516113,481.092315674,923.659912109,1042.5769043,1654.63452148,1947.60131836,1103.62683105,1398.02062988,290.924987793,518.313049316,322.395751953,153.57383728,103.137413025,64.9475021362,157.029968262,170.204528809,112.335906982,93.0774993896,94.4738922119,61.1979522705,56.2152442932,129.398178101,230.488342285,261.070983887,401.370483398,394.987518311,189.75050354,68.9189224243,11.8945560455,0.969203591347,0.0662076473236,0.0153113091365,0.00117777276319],"mean":[0.00219842349179,0.0124325575307,0.194089770317,1.79339051247,3.83235216141,28.1526374817,25.7061653137,13.6624975204,19.0870361328,38.6186714172,28.8660545349,71.1972885132,102.500831604,56.7346191406,96.1421966553,29.6409721375,43.0501441956,23.3477668762,9.85984420776,4.12302350998,4.80491638184,6.29620361328,4.74803972244,3.86814117432,2.17598485947,3.81001186371,2.31676435471,1.89646887779,3.59717965126,7.53650951385,7.98981142044,6.4423584938,5.9942407608,3.34896993637,1.2219606638,0.202384769917,0.0218304414302,0.00302853132598,0.000614122429397,0.0000620644714218],"median":[0.00160756381229,0.0100270127878,0.136323466897,1.43779873848,2.30290699005,14.738363266,14.5722894669,8.03522205353,3.85006761551,9.15785884857,10.6048078537,33.3152275085,60.2830238342,34.0473136902,62.5439872742,14.8500776291,20.799654007,16.4711074829,7.69880962372,2.91110014915,3.34223723412,3.9800632,1.78143203259,1.97094893456,1.14792227745,1.39508092403,0.809615790844,0.491657972336,0.379724770784,0.929323554039,0.733729302883,0.504712343216,0.621682286263,0.298578709364,0.0679898262024,0.0190661679953,0.00346377911046,0.000582941400353,0.0000658705466776,0.0000411652290495],"min":[2.68514443916e-22,3.46410381473e-22,2.39027792631e-21,6.74290655048e-21,1.39246792679e-20,3.80947142054e-20,7.4006363065e-20,5.46884387382e-20,8.62942086126e-20,8.87494228423e-20,3.07828802613e-19,5.94100399584e-19,5.09051291663e-19,9.34155435079e-19,1.18517755743e-18,9.9437004777e-19,1.47153466419e-18,2.2227848528e-18,3.38240356328e-18,2.96806569252e-18,4.33232950693e-18,3.6485431351e-18,2.86249283774e-18,6.40138367006e-18,7.27384084063e-18,9.90162407468e-18,1.06122127527e-17,1.17099591805e-17,1.08771893086e-17,1.23266545873e-17,1.2866097115e-17,1.21267432312e-17,1.0304795214e-17,9.36131962473e-18,7.26952461219e-18,3.94208430549e-18,2.38689004171e-18,1.02509784297e-18,2.6413063446e-19,2.85474472741e-20],"var":[0.00000486591579829,0.000147387676407,0.0361224636436,2.62470340729,34.43019104,1466.74438477,1232.16638184,301.546447754,1200.02832031,7923.88183594,3465.08447266,12486.7587891,19812.578125,7818.78710938,15972.7988281,1620.1340332,3285.54931641,833.053222656,139.125335693,38.3740119934,39.944026947,83.6349639893,122.618453979,47.7142295837,15.5286464691,49.7359962463,23.480178833,24.659954071,139.656158447,528.495361328,725.298950195,647.073242188,535.120544434,211.677932739,33.6831321716,0.638824045658,0.00428822543472,0.000044381878979,0.00000226319934882,1.21251213514e-8]},"erbbands_crest":{"dmean":3.55228352547,"dmean2":5.91794633865,"dvar":10.8504343033,"dvar2":29.513338089,"max":26.1026058197,"mean":10.9420166016,"median":10.0013256073,"min":2.47463107109,"var":20.0681228638},"erbbands_flatness_db":{"dmean":0.0153295882046,"dmean2":0.024933770299,"dvar":0.000172959582414,"dvar2":0.000432593689766,"max":0.301243662834,"mean":0.195703491569,"median":0.194630220532,"min":0.0198935680091,"var":0.0019019311294},"erbbands_kurtosis":{"dmean":1.36895310879,"dmean2":2.20893120766,"dvar":2.01813340187,"dvar2":4.72459936142,"max":23.8466644287,"mean":2.45597338676,"median":2.07835960388,"min":-1.78755664825,"var":6.65182828903},"erbbands_skewness":{"dmean":0.323968976736,"dmean2":0.511393964291,"dvar":0.0709914565086,"dvar2":0.168238863349,"max":4.12451267242,"mean":0.862124919891,"median":0.849830567837,"min":-1.05418395996,"var":0.32116240263},"erbbands_spread":{"dmean":5.65016508102,"dmean2":8.83871555328,"dvar":41.2038612366,"dvar2":76.8043823242,"max":140.64440918,"mean":25.1794147491,"median":20.8981113434,"min":4.76148939133,"var":296.861663818},"gfcc":{"cov":[[39196.6132813,635.281616211,-2401.99316406,-549.489624023,-3986.56713867,2129.01049805,-2305.64208984,-274.451538086,-827.333984375,-503.3125,165.870986938,-340.543457031,-490.74597168],[635.281616211,1589.95422363,-1056.02209473,123.051437378,322.853424072,-693.892578125,345.967193604,-38.4930038452,-83.3697891235,-27.8394470215,-177.476699829,-9.80689334869,104.866668701],[-2401.99316406,-1056.02209473,1009.68511963,-121.189323425,-26.9515647888,447.224639893,-184.517059326,41.4023017883,88.3982620239,47.8759727478,143.555770874,-1.51202428341,-43.5911865234],[-549.489624023,123.051437378,-121.189323425,188.977218628,131.23576355,-145.063430786,113.573143005,-11.6021270752,-1.28961193562,-3.41532039642,-39.3966560364,3.34440565109,37.013874054],[-3986.56713867,322.853424072,-26.9515647888,131.23576355,622.932128906,-420.781646729,369.579498291,24.7305793762,18.0410633087,31.6660614014,-83.5255432129,29.3496932983,84.1144638062],[2129.01049805,-693.892578125,447.224639893,-145.063430786,-420.781646729,635.802185059,-342.425872803,3.85313129425,-7.08890390396,-24.9551696777,137.813919067,-44.2620239258,-87.7706832886],[-2305.64208984,345.967193604,-184.517059326,113.573143005,369.579498291,-342.425872803,339.701965332,10.5350236893,28.7601299286,21.6921043396,-88.392364502,33.6705665588,58.4842567444],[-274.451538086,-38.4930038452,41.4023017883,-11.6021270752,24.7305793762,3.85313129425,10.5350236893,55.001625061,13.7980222702,4.94449472427,3.48198890686,-14.3738393784,-6.77633094788],[-827.333984375,-83.3697891235,88.3982620239,-1.28961193562,18.0410633087,-7.08890390396,28.7601299286,13.7980222702,101.882041931,27.3091220856,16.1008377075,16.7793235779,-12.3451328278],[-503.3125,-27.8394470215,47.8759727478,-3.41532039642,31.6660614014,-24.9551696777,21.6921043396,4.94449472427,27.3091220856,51.8445625305,7.30746459961,5.76176738739,-1.00325381756],[165.870986938,-177.476699829,143.555770874,-39.3966560364,-83.5255432129,137.813919067,-88.392364502,3.48198890686,16.1008377075,7.30746459961,89.8679504395,-15.3299388885,-21.4189891815],[-340.543457031,-9.80689334869,-1.51202428341,3.34440565109,29.3496932983,-44.2620239258,33.6705665588,-14.3738393784,16.7793235779,5.76176738739,-15.3299388885,76.5982437134,8.32126712799],[-490.74597168,104.866668701,-43.5911865234,37.013874054,84.1144638062,-87.7706832886,58.4842567444,-6.77633094788,-12.3451328278,-1.00325381756,-21.4189891815,8.32126712799,60.0208053589]],"icov":[[0.000327371642925,-0.000177759779035,0.000926320906729,-0.000294324854622,0.00126583338715,-0.000744255492464,0.000795703555923,-0.00021329979063,0.00123229832388,0.0000739380921004,0.000446646678029,-0.0000930969472392,0.000606775691267],[-0.000177759779035,0.00375048350543,0.00317930756137,0.00208633532748,-0.00241162488237,0.00126458075829,0.0000202297160286,0.00136750424281,-0.00127798644826,-0.0000704840858816,-0.000639350910205,0.00198065163568,-0.00238689593971],[0.000926320906729,0.00317930756137,0.00940497405827,0.00151083641686,-0.00119672133587,-0.004344698973,0.00491710891947,-0.0000431273838331,0.00065254594665,-0.0017986985622,0.000403273559641,0.00064820953412,-0.00139633915387],[-0.000294324854622,0.00208633532748,0.00151083641686,0.00864340085536,-0.00259594712406,0.00119403132703,-0.00176293763798,0.00276254815981,-0.00229090126231,0.000968938227743,-0.000195471438929,0.00238362513483,-0.0037260686513],[0.00126583338715,-0.00241162488237,-0.00119672133587,-0.00259594712406,0.0139514310285,0.00079344160622,-0.00413467921317,-0.00254687550478,0.00832114927471,0.00139791308902,0.000418867537519,-0.000261796725681,0.00256541883573],[-0.000744255492464,0.00126458075829,-0.004344698973,0.00119403132703,0.00079344160622,0.00946412794292,-0.00194640783593,0.000786927703302,-0.000680987141095,0.00308003206737,-0.00401084963232,0.00191749900114,0.000741068681236],[0.000795703555923,0.0000202297160286,0.00491710891947,-0.00176293763798,-0.00413467921317,-0.00194640783593,0.0157733466476,-0.00129016651772,-0.00157487753313,-0.00147800147533,0.00481640454382,-0.00159850833006,0.000153540662723],[-0.00021329979063,0.00136750424281,-0.0000431273838331,0.00276254815981,-0.00254687550478,0.000786927703302,-0.00129016651772,0.0226680021733,-0.00382760982029,0.000462526688352,0.000653274764773,0.00615333160385,0.00126864342019],[0.00123229832388,-0.00127798644826,0.00065254594665,-0.00229090126231,0.00832114927471,-0.000680987141095,-0.00157487753313,-0.00382760982029,0.0202830228955,-0.00378512148745,-0.00180866569281,-0.00341482902877,0.00657684961334],[0.0000739380921004,-0.0000704840858816,-0.0017986985622,0.000968938227743,0.00139791308902,0.00308003206737,-0.00147800147533,0.000462526688352,-0.00378512148745,0.0252699032426,-0.00283523183316,0.000427650898928,0.00143397692591],[0.000446646678029,-0.000639350910205,0.000403273559641,-0.000195471438929,0.000418867537519,-0.00401084963232,0.00481640454382,0.000653274764773,-0.00180866569281,-0.00283523183316,0.0206607859582,0.00210815109313,0.000772133702412],[-0.0000930969472392,0.00198065163568,0.00064820953412,0.00238362513483,-0.000261796725681,0.00191749900114,-0.00159850833006,0.00615333160385,-0.00341482902877,0.000427650898928,0.00210815109313,0.0172384548932,-0.00213051820174],[0.000606775691267,-0.00238689593971,-0.00139633915387,-0.0037260686513,0.00256541883573,0.000741068681236,0.000153540662723,0.00126864342019,0.00657684961334,0.00143397692591,0.000772133702412,-0.00213051820174,0.0265057533979]],"mean":[-70.5383605957,99.6547164917,-125.36592865,-8.86763763428,-74.626083374,4.23093223572,-36.6520881653,-4.30300617218,-36.5050811768,-15.6653442383,-18.7659568787,-3.46577382088,-6.39491510391]},"hfc":{"dmean":5.24356269836,"dmean2":7.04120635986,"dvar":137.852172852,"dvar2":166.410202026,"max":331.890625,"mean":23.1295013428,"median":17.2243862152,"min":1.0897162908e-16,"var":1172.94287109},"melbands":{"dmean":[0.0000113547521323,0.0000461431336589,0.000131355875055,0.000385691557312,0.000383236183552,0.0000916120479815,0.000115102775453,0.000224621529924,0.000144103178172,0.000236404521274,0.000290809024591,0.0000974434951786,0.000212913393625,0.0000396254326915,0.0000578955223318,0.0000409509484598,0.0000267087125394,0.00000716221666153,0.0000035362475046,0.00000261646096078,0.00000295434824693,0.00000314187218464,0.00000237726840169,0.000002202271844,0.0000014271334976,9.93976073005e-7,6.43901273634e-7,0.00000140052429742,7.33601950742e-7,4.74553957019e-7,5.75902049604e-7,8.28090776395e-7,0.00000134606079882,0.00000217604724639,0.00000228547742154,0.00000164730977303,0.00000195478355636,0.00000181968630386,0.00000182993517228,0.00000112560610432],"dmean2":[0.000020285944629,0.0000816398605821,0.000207107397728,0.000551911012735,0.00052921671886,0.000132534318254,0.000173909036675,0.000351336959284,0.000218181216042,0.000371320144041,0.000472081097541,0.000155650195666,0.000343993771821,0.0000671773013892,0.0000989853870124,0.0000689692533342,0.0000445401783509,0.0000117723939184,0.00000580721189181,0.00000422471748607,0.00000496754682899,0.00000523009157405,0.00000390517971027,0.00000336732227879,0.00000226965448746,0.00000164881316778,0.00000104530386125,0.00000228032536143,0.00000113092869469,7.33412264253e-7,9.07720561827e-7,0.00000123636334592,0.00000208733058571,0.00000331436149281,0.0000032778852983,0.00000238551479015,0.0000026216121114,0.0000025177275802,0.00000253423786489,0.00000148357219132],"dvar":[2.14411349786e-10,3.67875507834e-9,4.18307521954e-8,4.9828236115e-7,3.74187550278e-7,2.26298144668e-8,7.84095348649e-8,3.3880289152e-7,1.5039827872e-7,1.95335971398e-7,2.67992589897e-7,5.5623175399e-8,1.05699015762e-7,4.24003232524e-9,7.73023778322e-9,3.89298593362e-9,1.7184663692e-9,1.62640304002e-10,3.93234403373e-11,6.31873026125e-11,2.42766362568e-11,4.86963108726e-11,2.16153241139e-11,5.23493783045e-11,1.12520062712e-11,6.33499329383e-12,2.26520842014e-12,1.01763510812e-11,3.56641430797e-12,1.81298595928e-12,3.67974054005e-12,9.37329033834e-12,2.86852052528e-11,4.86678267131e-11,7.02948740883e-11,4.22487878016e-11,7.42895675532e-11,6.98062441185e-11,5.87460635693e-11,2.97641633562e-11],"dvar2":[6.50627440812e-10,1.38241249559e-8,1.15952502711e-7,0.00000103307093013,7.63565992656e-7,5.32400754594e-8,1.70455663806e-7,7.74922341407e-7,3.34437146421e-7,4.47335651188e-7,7.25949348634e-7,1.58973620046e-7,2.59929464619e-7,1.16414211604e-8,2.1474594547e-8,1.06849995518e-8,4.78915573865e-9,4.28051427637e-10,1.01327488067e-10,1.29177654684e-10,5.9937707575e-11,1.32651598039e-10,6.14318249048e-11,1.25949500829e-10,2.42100471615e-11,1.6437790365e-11,4.62508416982e-12,2.55084980916e-11,8.37344776849e-12,3.92024954166e-12,7.80219725632e-12,1.87806194207e-11,6.44239453451e-11,1.11665530989e-10,1.38925898563e-10,8.07323097263e-11,1.37778843889e-10,1.3357383255e-10,9.1838370242e-11,4.75420744439e-11],"max":[0.000136305723572,0.000598451064434,0.00433886982501,0.0131425270811,0.010629392229,0.00306650530547,0.00729294680059,0.0103188958019,0.00743118301034,0.00888511538506,0.00942866038531,0.00459237582982,0.00692379288375,0.00105519616045,0.00106066744775,0.000838120060507,0.000649747147691,0.000256416125922,0.000118756950542,0.000273959361948,0.0000821648209239,0.000177917987457,0.000109774933662,0.00019840420282,0.000098900476587,0.0000636153999949,0.0000555159713258,0.0000889607254067,0.0000386074934795,0.0000259528660536,0.0000379592456738,0.0000694079571986,0.000107111402031,0.000140035772347,0.000176221015863,0.000176630026544,0.000283516186755,0.000262713321717,0.000240870402195,0.000143885306898],"mean":[0.0000162486776389,0.0000677375064697,0.000339173624525,0.00100781174842,0.00115728902165,0.000317744590575,0.000296891405014,0.000415056798374,0.000275047001196,0.000451028783573,0.000500584312249,0.000200754890102,0.000411291082855,0.0000714604975656,0.0000956541407504,0.0000686181811034,0.0000431642802141,0.0000165750152519,0.00000663456830807,0.0000047355474635,0.00000635335891275,0.00000739176721254,0.00000449090202892,0.00000439942732555,0.00000300889655591,0.00000184476664344,0.00000132283309995,0.00000295335280498,0.00000159193291438,9.93305889097e-7,0.00000114171098176,0.00000174706667622,0.00000287772195406,0.0000047835519581,0.00000499366888107,0.0000036513761188,0.00000403079184252,0.00000401466422773,0.00000408966889154,0.0000024663881959],"median":[0.0000122117808132,0.0000465827833978,0.000265533453785,0.000540069362614,0.000674909504596,0.000170835468452,0.0000579300940444,0.0000946139771258,0.0000905447086552,0.000200432725251,0.000286820228212,0.000109272201371,0.000252811150858,0.0000325787623296,0.0000509680212417,0.0000380957353627,0.0000273153873422,0.0000130830221678,0.00000460186856799,0.00000249343975156,0.00000442900909547,0.00000403766625823,0.00000229160923482,0.00000126687461943,0.00000153772953126,7.23321932128e-7,8.62694435e-7,8.96307255971e-7,4.71924153089e-7,2.64872340949e-7,2.43149088419e-7,1.83198608283e-7,1.77587878625e-7,5.29115197878e-7,3.81070861977e-7,2.52469078532e-7,2.68475218945e-7,3.87087226272e-7,3.78426051384e-7,1.49062060473e-7],"min":[2.06644638478e-24,1.86091025364e-24,1.75150905115e-24,2.05089280874e-24,2.15576121646e-24,1.56822885552e-24,1.51747393931e-24,7.44505623103e-25,2.86236700345e-24,4.12856744521e-24,2.18357842413e-24,3.16132891767e-24,3.47552669419e-24,2.74962872212e-24,3.41150037654e-24,3.60648825408e-24,4.18157179829e-24,4.21786965512e-24,4.07980795266e-24,3.04562353326e-24,5.00170393866e-24,3.52524386388e-24,1.94375287603e-24,3.04532416054e-24,4.61457636587e-24,5.17490584457e-24,4.50061594178e-24,6.34904957135e-24,5.22605164136e-24,3.8850827658e-24,6.8320481988e-24,5.34218261624e-24,6.37524606429e-24,6.52576624703e-24,6.99992963235e-24,6.01977153533e-24,5.17826678646e-24,5.92990489544e-24,6.04093233468e-24,7.25116763116e-24],"var":[2.71272559971e-10,4.8332986502e-9,1.16632385527e-7,0.00000188429032733,0.00000224143923333,1.65403946539e-7,2.91008234399e-7,9.4879635526e-7,3.17448780152e-7,4.65236610125e-7,4.83973508381e-7,1.32978655643e-7,3.20097257145e-7,1.03002264495e-8,1.57262327605e-8,8.80559714034e-9,3.07360115137e-9,3.97989696754e-10,7.03569216776e-11,1.46558237768e-10,6.59017493354e-11,1.19291784784e-10,6.72899652665e-11,1.32161073751e-10,2.97138424976e-11,1.33121170337e-11,5.8830193321e-12,3.71551782397e-11,1.26407079248e-11,6.02507280179e-12,1.00241481782e-11,3.39463977761e-11,1.04924680056e-10,2.01607189276e-10,2.87914830865e-10,1.87909132698e-10,2.86449558518e-10,2.52823761926e-10,2.59618659904e-10,1.30367258655e-10]},"melbands_crest":{"dmean":2.36595892906,"dmean2":3.82186889648,"dvar":4.70830154419,"dvar2":12.1515007019,"max":28.696723938,"mean":10.8539514542,"median":10.1563558578,"min":1.65826106071,"var":13.6070480347},"melbands_flatness_db":{"dmean":0.0139349708334,"dmean2":0.0207846239209,"dvar":0.000146376522025,"dvar2":0.000303355569486,"max":0.316544681787,"mean":0.202609792352,"median":0.213696569204,"min":0.00358469295315,"var":0.00216962676495},"melbands_kurtosis":{"dmean":2.26103234291,"dmean2":3.62447738647,"dvar":8.8865442276,"dvar2":21.5715789795,"max":75.0656356812,"mean":5.16978311539,"median":3.51487183571,"min":-1.41885769367,"var":33.8946228027},"melbands_skewness":{"dmean":0.442050904036,"dmean2":0.699458420277,"dvar":0.138632953167,"dvar2":0.342356562614,"max":7.32952928543,"mean":1.4431732893,"median":1.33963346481,"min":-0.580762684345,"var":0.833160698414},"melbands_spread":{"dmean":3.63492512703,"dmean2":5.1421790123,"dvar":34.5388450623,"dvar2":53.4229507446,"max":158.663803101,"mean":21.2007808685,"median":16.5221786499,"min":4.9618678093,"var":411.022369385},"mfcc":{"cov":[[17137.8515625,626.616699219,1464.05212402,-2139.55737305,-267.148895264,188.770904541,-481.021392822,-48.7813911438,-931.531555176,-124.230194092,4.34493303299,125.549064636,-137.417221069],[626.616699219,1599.64770508,-866.884033203,491.279083252,-230.893615723,-184.616821289,92.0041656494,-70.4325180054,153.824295044,-75.7542114258,-98.7710800171,-104.934799194,-55.7092437744],[1464.05212402,-866.884033203,987.460144043,-739.274353027,191.285827637,154.420578003,-120.489105225,38.4493751526,-250.775787354,50.9439353943,58.2080879211,80.6847381592,10.5891618729],[-2139.55737305,491.279083252,-739.274353027,782.917907715,-101.397399902,-117.49823761,123.65020752,-32.9925880432,255.216400146,-27.4352531433,-64.4289016724,-83.8106002808,-1.04952907562],[-267.148895264,-230.893615723,191.285827637,-101.397399902,157.642608643,26.0900001526,37.2893371582,4.30300426483,-47.044670105,38.8529167175,-6.85388469696,2.56760668755,2.99429535866],[188.770904541,-184.616821289,154.420578003,-117.49823761,26.0900001526,122.626998901,-6.64461755753,26.7475776672,-35.1217193604,-2.1505022049,17.1333274841,9.74530124664,6.97192144394],[-481.021392822,92.0041656494,-120.489105225,123.65020752,37.2893371582,-6.64461755753,137.33493042,-0.684037685394,37.389541626,21.6801929474,-29.3207473755,-39.3383598328,-9.95544528961],[-48.7813911438,-70.4325180054,38.4493751526,-32.9925880432,4.30300426483,26.7475776672,-0.684037685394,70.2443008423,-3.18032073975,2.01541566849,8.3148355484,5.83799123764,-2.6683754921],[-931.531555176,153.824295044,-250.775787354,255.216400146,-47.044670105,-35.1217193604,37.389541626,-3.18032073975,144.121078491,-4.91999483109,-14.1566772461,-34.6290054321,1.93564033508],[-124.230194092,-75.7542114258,50.9439353943,-27.4352531433,38.8529167175,-2.1505022049,21.6801929474,2.01541566849,-4.91999483109,78.6202545166,11.9747772217,3.25791597366,4.21573925018],[4.34493303299,-98.7710800171,58.2080879211,-64.4289016724,-6.85388469696,17.1333274841,-29.3207473755,8.3148355484,-14.1566772461,11.9747772217,66.1502838135,33.0679626465,11.2868881226],[125.549064636,-104.934799194,80.6847381592,-83.8106002808,2.56760668755,9.74530124664,-39.3383598328,5.83799123764,-34.6290054321,3.25791597366,33.0679626465,74.584236145,8.76673412323],[-137.417221069,-55.7092437744,10.5891618729,-1.04952907562,2.99429535866,6.97192144394,-9.95544528961,-2.6683754921,1.93564033508,4.21573925018,11.2868881226,8.76673412323,45.257068634]],"icov":[[0.000167736623553,-0.000184757984243,-0.00008153343515,0.000348653033143,0.000562941597309,-0.000103973521618,0.0001064444441,0.000139497671626,0.000718629627954,-0.0000689189182594,0.000292141427053,0.000161816453328,0.00019093696028],[-0.000184757984243,0.00193170434795,0.00205937074497,0.000696680217516,0.00025841491879,0.000779607682489,-0.000328228954459,0.00055571924895,-0.000302418338833,0.000235823841649,0.000794205348939,0.000654813658912,0.000840567518026],[-0.00008153343515,0.00205937074497,0.0074511282146,0.00468330737203,-0.00312547688372,-0.00126607599668,0.00213195965625,0.000642145401798,0.000435340596596,-0.000730151543394,0.00148229475599,0.00103853770997,0.0010398379527],[0.000348653033143,0.000696680217516,0.00468330737203,0.00792026892304,-0.000050331284001,0.000374520168407,-0.000426754442742,0.00137765612453,-0.00365702086128,0.000362140475772,0.00284004257992,0.000851991935633,0.000186433229828],[0.000562941597309,0.00025841491879,-0.00312547688372,-0.000050331284001,0.0147193996236,0.000513449660502,-0.00477935746312,0.00103358423803,0.0045065372251,-0.00309637538157,0.00364605057985,0.000192156920093,-0.000136684830068],[-0.000103973521618,0.000779607682489,-0.00126607599668,0.000374520168407,0.000513449660502,0.0120521346107,-0.00239386456087,-0.00308725028299,-0.000516122498084,0.00266214902513,-0.0019926300738,0.00116516952403,-0.0016050216509],[0.0001064444441,-0.000328228954459,0.00213195965625,-0.000426754442742,-0.00477935746312,-0.00239386456087,0.0132143190131,-0.00059604877606,0.000798123364802,-0.00351927732117,0.00198718626052,0.00346389645711,0.00209421897307],[0.000139497671626,0.00055571924895,0.000642145401798,0.00137765612453,0.00103358423803,-0.00308725028299,-0.00059604877606,0.0164057686925,-0.00109860056546,-0.000182369607501,-0.000169152990566,-0.000544695649296,0.00244439067319],[0.000718629627954,-0.000302418338833,0.000435340596596,-0.00365702086128,0.0045065372251,-0.000516122498084,0.000798123364802,-0.00109860056546,0.0211803410202,-0.0019037820166,-0.000700929260347,0.00441915728152,0.000105470055132],[-0.0000689189182594,0.000235823841649,-0.000730151543394,0.000362140475772,-0.00309637538157,0.00266214902513,-0.00351927732117,-0.000182369607501,-0.0019037820166,0.01663110964,-0.00445354590192,0.0000546215233044,-0.00109755899757],[0.000292141427053,0.000794205348939,0.00148229475599,0.00284004257992,0.00364605057985,-0.0019926300738,0.00198718626052,-0.000169152990566,-0.000700929260347,-0.00445354590192,0.0241463761777,-0.00717888120562,-0.00210992456414],[0.000161816453328,0.000654813658912,0.00103853770997,0.000851991935633,0.000192156920093,0.00116516952403,0.00346389645711,-0.000544695649296,0.00441915728152,0.0000546215233044,-0.00717888120562,0.0209330096841,-0.000846856564749],[0.00019093696028,0.000840567518026,0.0010398379527,0.000186433229828,-0.000136684830068,-0.0016050216509,0.00209421897307,0.00244439067319,0.000105470055132,-0.00109755899757,-0.00210992456414,-0.000846856564749,0.0251205489039]],"mean":[-696.791687012,136.925445557,-4.32134389877,-12.8262662888,-16.1773777008,-9.04278469086,-0.64198744297,0.0978257656097,-9.1063747406,-10.2963476181,-14.2912044525,-10.9439048767,-12.1017313004]},"pitch_salience":{"dmean":0.0537206158042,"dmean2":0.087251059711,"dvar":0.00209041801281,"dvar2":0.00561983603984,"max":0.905913472176,"mean":0.554650425911,"median":0.550917267799,"min":0.270384222269,"var":0.00819318462163},"silence_rate_20dB":{"dmean":0,"dmean2":0,"dvar":0,"dvar2":0,"max":1,"mean":1,"median":1,"min":1,"var":0},"silence_rate_30dB":{"dmean":0,"dmean2":0,"dvar":0,"dvar2":0,"max":1,"mean":1,"median":1,"min":1,"var":0},"silence_rate_60dB":{"dmean":0.00882612541318,"dmean2":0.0176600441337,"dvar":0.008748463355,"dvar2":0.0244129374623,"max":1,"mean":0.211733564734,"median":0,"min":0,"var":0.166902258992},"spectral_centroid":{"dmean":115.109962463,"dmean2":168.383636475,"dvar":37999.4765625,"dvar2":69377.921875,"max":11562.015625,"mean":1114.40234375,"median":894.893066406,"min":423.665924072,"var":1971074},"spectral_complexity":{"dmean":1.51721096039,"dmean2":2.50949215889,"dvar":2.21527934074,"dvar2":5.47551441193,"max":38,"mean":13.0229377747,"median":14,"min":0,"var":44.4016227722},"spectral_contrast_coeffs":{"dmean":[0.0416355654597,0.034389320761,0.0361719951034,0.0284968968481,0.0184031799436,0.0142527073622],"dmean2":[0.0719877257943,0.055459741503,0.0605304315686,0.0478231608868,0.0304577182978,0.0225235782564],"dvar":[0.00108229892794,0.000823226408102,0.000816994172055,0.000523154390976,0.000231990110478,0.00015577673912],"dvar2":[0.00304756453261,0.00213124603033,0.00226644030772,0.00147758272942,0.000625185668468,0.000342901068507],"max":[-0.258724957705,-0.506828784943,-0.473337322474,-0.589523553848,-0.641176521778,-0.645977556705],"mean":[-0.510589599609,-0.691191613674,-0.675212681293,-0.73794311285,-0.769466817379,-0.767029106617],"median":[-0.482242971659,-0.685506820679,-0.665334284306,-0.730604112148,-0.767741501331,-0.768000006676],"min":[-0.980313062668,-0.978902280331,-0.976945221424,-0.971140980721,-0.964853942394,-0.965305864811],"var":[0.0145512595773,0.0051530264318,0.00683929026127,0.00379939633422,0.00223462516442,0.00332189700566]},"spectral_contrast_valleys":{"dmean":[0.419210791588,0.280865043402,0.257881611586,0.221197605133,0.174446448684,0.183895513415],"dmean2":[0.75170058012,0.469199955463,0.433030128479,0.360107332468,0.281718879938,0.265385687351],"dvar":[0.143964126706,0.108791589737,0.0925137326121,0.0806990638375,0.075504951179,0.0857357084751],"dvar2":[0.352425843477,0.20529358089,0.165783658624,0.137716040015,0.122653648257,0.117246933281],"max":[-7.36126232147,-5.19740915298,-5.18241453171,-6.62479972839,-6.22178983688,-7.05196905136],"mean":[-9.23160076141,-7.62149333954,-7.82204246521,-8.8624048233,-9.01293754578,-11.3946828842],"median":[-8.66888141632,-6.93984031677,-7.27175664902,-8.26213741302,-8.4832277298,-10.6023073196],"min":[-28.1967391968,-28.0940475464,-27.8212852478,-27.5794010162,-27.4508914948,-27.3788833618],"var":[7.23901510239,9.22831344604,8.73346042633,7.91092300415,7.5020236969,8.1108007431]},"spectral_decrease":{"dmean":1.08463826809e-9,"dmean2":1.64346181108e-9,"dvar":2.04436054711e-18,"dvar2":4.68940269785e-18,"max":1.69291781932e-28,"mean":-5.75482950183e-9,"median":-5.52011414356e-9,"min":-2.14177777735e-8,"var":2.2864403714e-17},"spectral_energy":{"dmean":0.00439418200403,"dmean2":0.00664344755933,"dvar":0.000032567371818,"dvar2":0.0000754015200073,"max":0.0877028629184,"mean":0.0238179825246,"median":0.0227150507271,"min":1.00816393395e-20,"var":0.000388635293348},"spectral_energyband_high":{"dmean":0.000375116098439,"dmean2":0.000434193876572,"dvar":0.00000183919519259,"dvar2":0.00000206045842788,"max":0.0355740785599,"mean":0.00109388190322,"median":0.000177201101906,"min":7.16986584029e-21,"var":0.0000126860568344},"spectral_energyband_low":{"dmean":0.000389409193303,"dmean2":0.000621596293058,"dvar":1.6562808014e-7,"dvar2":5.17470368777e-7,"max":0.00387649401091,"mean":0.00072338769678,"median":0.000560691929422,"min":2.74416278379e-23,"var":4.00909243581e-7},"spectral_energyband_middle_high":{"dmean":0.00213740812615,"dmean2":0.00346578285098,"dvar":0.00000868328424986,"dvar2":0.0000226844076678,"max":0.0602526478469,"mean":0.00669131195173,"median":0.00554479938,"min":1.06055560717e-21,"var":0.0000436144473497},"spectral_energyband_middle_low":{"dmean":0.00393135054037,"dmean2":0.00589228048921,"dvar":0.0000293567500194,"dvar2":0.0000654568357277,"max":0.0774033293128,"mean":0.0166263077408,"median":0.0142687261105,"min":1.51082817273e-22,"var":0.000222802715143},"spectral_entropy":{"dmean":0.116676241159,"dmean2":0.171374037862,"dvar":0.0138560188934,"dvar2":0.0246520526707,"max":9.8262834549,"mean":7.23040914536,"median":7.1147236824,"min":6.37883138657,"var":0.269155830145},"spectral_flux":{"dmean":0.0118063436821,"dmean2":0.0195922572166,"dvar":0.000162531156093,"dvar2":0.000463145464892,"max":0.172516435385,"mean":0.0584579370916,"median":0.0573575012386,"min":6.35024186013e-11,"var":0.00139399582986},"spectral_kurtosis":{"dmean":1.81012499332,"dmean2":3.01203131676,"dvar":4.01822566986,"dvar2":11.834903717,"max":24.7142429352,"mean":6.14996480942,"median":5.58712005615,"min":-1.44869065285,"var":15.7900466919},"spectral_rms":{"dmean":0.000393989408622,"dmean2":0.000598452694248,"dvar":1.75415152626e-7,"dvar2":4.05353915767e-7,"max":0.00925006903708,"mean":0.00417627301067,"median":0.00470754969865,"min":3.13619919964e-12,"var":0.00000579581637794},"spectral_rolloff":{"dmean":267.436004639,"dmean2":446.959350586,"dvar":844468.5625,"dvar2":1463743,"max":19616.7480469,"mean":1761.66540527,"median":990.52734375,"min":409.130859375,"var":9069378},"spectral_skewness":{"dmean":0.215572953224,"dmean2":0.33907520771,"dvar":0.0434025898576,"dvar2":0.104688815773,"max":3.77474451065,"mean":1.91397309303,"median":1.95298528671,"min":-0.0498116351664,"var":0.455307632685},"spectral_spread":{"dmean":434613.9375,"dmean2":643154.875,"dvar":880574595072,"dvar2":1612237635580,"max":42400660,"mean":5226072.5,"median":4380926.5,"min":2091447.25,"var":29296850632700},"spectral_strongpeak":{"dmean":0.597751438618,"dmean2":1.01632022858,"dvar":0.583272695541,"dvar2":1.4744310379,"max":8.43049049377,"mean":1.32737648487,"median":0.984215319157,"min":0,"var":1.43664824963},"zerocrossingrate":{"dmean":0.00767868570983,"dmean2":0.00827469676733,"dvar":0.00016252034402,"dvar2":0.000107056643174,"max":0.51611328125,"mean":0.0677498281002,"median":0.04638671875,"min":0.017578125,"var":0.00556079205126}},"metadata":{"audio_properties":{"analysis_sample_rate":44100,"bit_rate":234519,"codec":"mp3","downmix":"mix","equal_loudness":0,"length":52.6106109619,"lossless":false,"md5_encoded":"ddb5c913d918de5cbe9c0e07ff801d76","replay_gain":-5.04930305481,"sample_rate":44100},"tags":{"acoustid_fingerprint":["AQABjkmSSEoUrVGwo2-OHydaZYqE4zJsEbWJo_uxnbhx4PvhGj98Hjg-opV2HP0DW0T9DS1848dxDj_eoEcP5zyOw8XRH4XxA-6Lwz8O17nQF0cP2wc-wsePfzB_PIPdHB_6CoWt5eiPGj-MHw98vIFPHK8uvIeP08dxbD-O39gq4seJ_fBx-MHkBj9-NOcw6TgmO0YjHOET-EAabkH145qK5uiJH7rQOLVwnIO7Bflh80O9JQdzI82PSbrw0MFzQvPhTD76dfjxXGimHe1znBdG6-g2Hc8J1wfDp8KFJ4sO3UUotthmtLg2E_uD0A-oE5r1I3qPpmLGol9Q9keY7PgWfDW6iDCNED-AfnGM5hGOH6EOu9D8I__xXRrK9XB_fD58FOGjI-EON8pRLeoY4Tl-Cc0z1EerHp52_BjP5LCaZUdlIBd0TQjlKTY2aYmOf3hz3D_6o3zg_ygZ4hF5nDmq7vDRXUd0Hkd56M4JF7fgwUd78CVqmOrRPGaQ4w_CFxcnbPKIfhj9CG3EB-KYZUSPbMaPJg-FkhnxHB_Sijnea9CHsIlyhfhhMjeO63LwvEM_C7WOT7zhisirHP3wRziP-ngybNMbHH3wE0cX6WisDM8RNLyPPrg-HD3RXMpx7uhrofmC4Id2LR9-FXma49iO9ih7NP2Rb1AdeYhzqviPH09kFruD_mhwh8ePk0Jy5Iqk4o4S9LPwWMUzbM-LnsdfXEclPXCC-jneg0_QVDxyZTn0ZTFS7nD3FndxHW4aPDp-DpaJUYeRPxC943IQPsGJrkF8CqbcQM9CIqSOY0f5DA254kJ-_Kha7MMF49wB_IctfD1w4vLRa_jRX3hV-Md5nMeN_3hk4NPhWzhu47jx4-LxxTiOR4Fx4bgCH4drmCTwAz9-_PhxXMcHu8fx4wABHBCESlGEQBQIAYwAyDqzAGBWUGCAAgoIZB0jwhiLBAbALICwU8IAYYBzgBgLhKUeCQqUAgoAapGjwgDFIEASOUOFMNQhZIBDRAgCALCCKUMUE0QBQ6AyBACCBFGCCEaAIQQ5LAxBFAiKCJFEEMQAAAQQhABwDiCigAHOEMCUY9QQIYQBUgEEACECCGEQkQoJZBxwAhALnBCKMAUAIlRIYxQBBDCAlOAACEIQAARYZxgDSlEJDHPGAaGcMAMIYICgAgikpGALWAMQUAwQQZxSQAnCAQDAUKCEQMAQCphixBgEFECOOAGMMMoQAwwyzghuHGNKCgSAAcIJA5BSACEhkDHUCOAUUBRZyhAiTlEHrVLUCiOhQEAxy4UD3kAR"],"acoustid_id":["46335712-e51c-41e4-b8ec-c75e26990291"],"album":["T. Rex"],"albumartist":["T. Rex"],"albumartistsort":["T. Rex"],"artist":["T. Rex"],"artistsort":["T. Rex"],"catalognumber":["HIFLY 2"],"date":["1970"],"discnumber":["01/01"],"file_name":"01. The Children Of Rarn_0-53.mp3",