{"lowlevel":{"average_loudness":0.922953486443,"barkbands":{"dmean":[0.0000238496741076,0.0020205930341,0.00347583531402,0.0035091501195,0.00166065467056,0.00083686952712,0.000446035643108,0.000534358143341,0.00112259911839,0.000399253796786,0.000235209998209,0.000304584245896,0.000563590088859,0.000466099590994,0.000283623085124,0.000308386253892,0.000359036028385,0.000299381965306,0.000173155218363,0.000230487814406,0.0001894380257,0.000204924115678,0.00015235983301,0.0000708430234226,0.000044341380999,0.00000797582106316,2.85134348132e-7],"dmean2":[0.0000404788188462,0.00330505892634,0.00584804592654,0.00589167699218,0.00281353737228,0.00131656194571,0.000725670426618,0.000870247720741,0.00178364198655,0.000653120398056,0.000373102957383,0.000482245988678,0.000891717616469,0.000730359868612,0.000448006612714,0.000476948043797,0.000561809865758,0.000471222010674,0.00027014472289,0.000348679895978,0.000289964489639,0.000307591195451,0.000230892532272,0.00010882843344,0.0000666397390887,0.0000126528120745,4.94308494581e-7],"dvar":[2.00869076927e-9,0.0000128584470076,0.0000241610214289,0.0000240168883465,0.00000443789167548,0.00000187009152341,4.93012180414e-7,0.0000018981223775,0.00001003860325,0.00000136080132052,4.04754985084e-7,6.06380581303e-7,0.00000200056229005,0.00000127487726331,5.40890312095e-7,7.16536931122e-7,5.88407999658e-7,4.1146716967e-7,1.63928149277e-7,2.84192140043e-7,1.88142095681e-7,3.94966974682e-7,3.03364231513e-7,6.07431971389e-8,2.78992935421e-8,8.52151738062e-10,3.20419190313e-12],"dvar2":[5.28130428279e-9,0.0000299260045722,0.0000648729765089,0.0000676714698784,0.0000129807576741,0.00000451283767688,0.00000128156136725,0.00000470809209219,0.0000232952133956,0.00000338423137691,9.01513317331e-7,0.00000134185142997,0.0000049576588026,0.00000308554808726,0.00000123798758978,0.00000173220530542,0.00000136832011322,0.00000100118518276,3.87952184155e-7,5.90213403484e-7,4.28120216611e-7,8.33249771404e-7,6.97306120401e-7,1.44928009149e-7,6.06291905569e-8,2.0096670994e-9,9.76654260937e-12],"max":[0.000852412485983,0.0411448404193,0.0669809877872,0.0667186677456,0.0275396443903,0.0312030669302,0.0152119565755,0.0356994234025,0.0620767064393,0.0378704555333,0.0188878718764,0.0278921052814,0.027581397444,0.0257167574018,0.0198039412498,0.0240906234831,0.0139288734645,0.011680665426,0.0102955577895,0.0133714936674,0.00969331990927,0.0202680137008,0.0221536718309,0.00589453848079,0.004735797178,0.000704913923983,0.0000871378579177],"mean":[0.000023652717573,0.00243539572693,0.00575157953426,0.00666246796027,0.00317628588527,0.0014293177519,0.000867542694323,0.000805615971331,0.00165718304925,0.000628060544841,0.00033393673948,0.000457779940916,0.000891068193596,0.000699944619555,0.000416599446908,0.000478496134747,0.000638034020085,0.000499912828673,0.000291195960017,0.000421877979534,0.00037290493492,0.000372649665223,0.000237423664657,0.000113647460239,0.0000724834317225,0.0000121440762086,3.52041411134e-7],"median":[0.00000644031842967,0.00113923824392,0.00301266554743,0.00398549856618,0.00252568186261,0.000810255063698,0.000491957413033,0.000296496204101,0.000373218063032,0.000223977694986,0.0000967915984802,0.000210199315916,0.000238848791923,0.000197515968466,0.000142581877299,0.000169517661561,0.000230828562053,0.000181424271432,0.00013430583931,0.000157478760229,0.000155864865519,0.000117335621326,0.0000677670468576,0.0000428087369073,0.0000202799546969,0.00000392225865653,1.15219492614e-7],"min":[6.46618129023e-26,1.733055228e-24,8.80171357785e-25,1.08364471626e-24,8.13559982391e-24,3.07158750944e-24,7.33790209883e-24,1.12679645302e-23,1.33356431157e-23,1.08091937933e-23,1.68022040112e-23,2.37418354826e-23,3.17323716746e-23,4.41804926294e-23,5.38442816875e-23,6.47464971698e-23,6.70190729091e-23,9.98711285091e-23,1.50133924889e-22,1.57476377137e-22,2.54127211348e-22,2.1576612984e-22,4.15346651439e-22,5.88670878131e-22,8.04008650188e-22,1.24560940035e-21,1.91714030945e-21],"var":[2.58174503998e-9,0.000014899161215,0.0000570051852264,0.0000645068721497,0.00000756137205826,0.0000037170905216,0.000001211115773,0.00000327339557771,0.0000184987584362,0.00000236954178945,7.95484766059e-7,0.00000107020582618,0.00000441279780716,0.00000229958436648,9.15213718145e-7,0.000001138031962,0.00000129128534354,8.14547945538e-7,2.89016554689e-7,6.80819539411e-7,4.75819547319e-7,9.77022978077e-7,5.40713472219e-7,7.79653959171e-8,4.66958240963e-8,1.08900743978e-9,1.89457954533e-12]},"barkbands_crest":{"dmean":2.66247367859,"dmean2":4.35295057297,"dvar":6.14614772797,"dvar2":15.7704782486,"max":25.5902423859,"mean":10.1551885605,"median":9.26986980438,"min":2.43316745758,"var":18.3151912689},"barkbands_flatness_db":{"dmean":0.0218446478248,"dmean2":0.0336636193097,"dvar":0.000435423164163,"dvar2":0.000992434564978,"max":0.416935563087,"mean":0.137401893735,"median":0.126970469952,"min":0.0323290079832,"var":0.00280466163531},"barkbands_kurtosis":{"dmean":4.04748916626,"dmean2":6.31821155548,"dvar":54.6469993591,"dvar2":129.856567383,"max":191.112854004,"mean":6.1898560524,"median":2.02697443962,"min":-1.94702148438,"var":135.977355957},"barkbands_skewness":{"dmean":0.644603013992,"dmean2":0.991132259369,"dvar":0.452545553446,"dvar2":1.03705918789,"max":11.76541996,"mean":1.82115256786,"median":1.57429814339,"min":-2.15805125237,"var":2.34291505814},"barkbands_spread":{"dmean":6.3398938179,"dmean2":9.70449733734,"dvar":51.2548828125,"dvar2":107.913032532,"max":118.052139282,"mean":24.1389942169,"median":21.7440052032,"min":0.494537144899,"var":253.041946411},"dissonance":{"dmean":0.0131226647645,"dmean2":0.0214539542794,"dvar":0.000206252589123,"dvar2":0.000560105021577,"max":0.5,"mean":0.470459222794,"median":0.47596257925,"min":0.31180498004,"var":0.000481034483528},"dynamic_complexity":3.08014512062,"erbbands":{"dmean":[0.0399974547327,0.547255039215,3.17157530785,7.95603179932,8.45859146118,5.71009063721,5.21133947372,7.53383779526,5.84469890594,8.14240837097,14.1016578674,29.6488571167,14.2540225983,9.53292751312,10.3658189774,12.1693897247,23.9404735565,22.8954486847,19.019821167,15.4741306305,14.5023145676,19.7527065277,17.3516902924,7.37732315063,10.5510997772,10.9020328522,7.09653711319,8.17070293427,7.35217618942,5.79183721542,4.61265563965,1.5461037159,1.25345313549,0.57467597723,0.31269082427,0.071676582098,0.00800540018827,0.000780059490353,0.0000561987508263,0.0000111162498797],"dmean2":[0.0655675306916,0.90176820755,5.39846420288,13.4979476929,14.2602119446,9.39075660706,8.43319988251,11.8168506622,9.46042728424,13.3426294327,22.6911430359,46.7891960144,22.8936386108,15.3993387222,16.3088493347,19.0884666443,37.7137756348,35.5301742554,29.5117759705,23.9149112701,22.1539363861,30.6077766418,27.2226543427,11.5532541275,16.1262454987,16.4433021545,10.7154722214,12.5489702225,11.0598688126,8.65771102905,7.09997701645,2.37327575684,1.93538737297,0.86801981926,0.476649612188,0.11132799089,0.0126852579415,0.00127102527767,0.0000950765024754,0.0000174528031494],"dvar":[0.00746385147795,0.798064053059,18.7096538544,116.546051025,139.380706787,53.0111961365,61.552406311,175.269989014,77.6955490112,324.473449707,1245.40686035,8497.79199219,1763.25549316,543.415161133,727.008666992,806.209289551,3192.72265625,2667.60986328,2717.95019531,2006.2088623,1302.31152344,1728.48205566,1348.63110352,339.794433594,605.411499023,628.206420898,253.40852356,391.135375977,478.572357178,491.933135986,271.325164795,35.2686462402,17.9544029236,4.03610372543,1.59180796146,0.0754593983293,0.000846693408675,0.0000132167879201,8.9515552304e-8,2.11244702286e-10],"dvar2":[0.018495393917,1.89741671085,53.3901557922,340.219329834,413.099761963,143.701751709,151.9868927,425.878173828,200.817810059,855.750915527,3003.16430664,19550.4394531,4335.33007813,1325.34655762,1581.60668945,1760.35437012,7907.08007813,6281.16015625,6674.75048828,4807.77294922,3117.49072266,3909.18286133,3202.29638672,904.193664551,1322.76074219,1323.14489746,539.118896484,916.942077637,1029.36633301,1083.17675781,650.802612305,82.1540222168,43.573097229,8.67603778839,3.64019751549,0.174327597022,0.00206698267721,0.0000395074093831,2.69744049319e-7,5.38340427791e-10],"max":[0.930698215961,10.6740999222,54.528755188,151.423080444,163.340118408,95.5582046509,190.510070801,304.254333496,217.128433228,443.782470703,1055.54626465,1898.61169434,1264.98828125,519.673706055,1164.66748047,806.32019043,1397.2109375,1198.68981934,1602.50219727,1365.61694336,918.307861328,736.657653809,678.988525391,565.62097168,613.131103516,597.341796875,405.467895508,347.661590576,672.618530273,762.458862305,545.873840332,150.882949829,106.611961365,80.8166427612,43.0001983643,7.81145715714,0.777523636818,0.157301589847,0.0122680468485,0.000288259849185],"mean":[0.042248249054,0.725288450718,5.31743001938,15.424241066,16.6511440277,10.721159935,9.35139465332,12.9631090164,11.9890098572,13.1137056351,21.987783432,43.7413825989,22.7006931305,15.9835176468,16.0645503998,19.9786281586,38.9585876465,37.8895187378,30.382478714,24.6825275421,25.3881187439,37.3934173584,30.5817604065,13.5867509842,18.4991760254,20.1556282043,13.9265460968,15.8585653305,13.5538358688,9.86191272736,6.75708007813,2.48042154312,1.97786939144,0.926922738552,0.483225077391,0.111643321812,0.01275642775,0.00121047976427,0.0000872916789376,0.0000396136019845],"median":[0.0132710319012,0.411731541157,3.1664044857,10.5939178467,10.858048439,7.70038032532,6.59480810165,7.09886217117,6.85193967819,7.06664323807,8.16853427887,10.4679031372,8.86218738556,6.47086286545,6.26189994812,10.3635225296,12.953204155,11.3338699341,8.83484172821,9.63106060028,9.69192886353,13.4459724426,11.4264812469,6.91947460175,7.74644613266,7.75433921814,5.36885547638,6.35900115967,4.41700363159,2.803409338,1.94651055336,0.872495889664,0.732550024986,0.29247173667,0.122266717255,0.0340530537069,0.00428601866588,0.000432349334005,0.0000429266765423,0.0000395031674998],"min":[2.59533849423e-23,5.42900840244e-22,2.52017860397e-21,4.52109659789e-21,8.98206346603e-21,2.07237080843e-20,3.7801640237e-20,4.95780264409e-20,1.10663259651e-19,1.10045484981e-19,3.4385678344e-19,4.35488413729e-19,4.3215404868e-19,9.011397617e-19,9.10442131471e-19,1.08991230365e-18,1.9270427616e-18,1.75646364363e-18,2.55189644389e-18,2.95454066912e-18,4.41348171528e-18,5.45759706092e-18,6.08757037082e-18,6.60470259668e-18,9.11768019275e-18,7.37471386197e-18,1.00630500256e-17,7.61878673659e-18,9.32585425597e-18,1.15903066778e-17,1.07632501423e-17,1.13241712418e-17,7.63268833396e-18,8.61060027928e-18,5.78923362083e-18,4.11828039341e-18,2.36081337969e-18,9.91193260627e-19,2.52589060921e-19,2.82905333769e-20],"var":[0.0071110338904,0.970848619938,37.2098579407,245.305175781,332.274810791,105.087646484,104.807929993,332.061309814,237.935379028,450.978393555,2286.98828125,15317.0839844,3030.296875,1090.15344238,1527.24621582,1551.95056152,6559.85986328,5732.71386719,4851.38916016,3180.53564453,2487.27954102,4269.41699219,2900.60009766,467.06463623,1283.06359863,1530.05114746,709.714355469,918.388061523,1186.72558594,1023.6137085,414.435638428,50.2429161072,22.0644836426,7.02880144119,2.29652619362,0.0996776819229,0.00111939862836,0.0000105120507214,5.85059396485e-8,5.77617287334e-10]},"erbbands_crest":{"dmean":2.47802591324,"dmean2":4.03929281235,"dvar":6.11245918274,"dvar2":15.4237251282,"max":29.373041153,"mean":8.02251338959,"median":7.13394355774,"min":2.16876554489,"var":14.8992195129},"erbbands_flatness_db":{"dmean":0.0152710899711,"dmean2":0.0227284915745,"dvar":0.000193838975974,"dvar2":0.000411455606809,"max":0.317036598921,"mean":0.148245587945,"median":0.145114764571,"min":0.0248194076121,"var":0.00137214967981},"erbbands_kurtosis":{"dmean":0.954063296318,"dmean2":1.50876760483,"dvar":1.85624015331,"dvar2":4.41528272629,"max":28.1900405884,"mean":0.317544519901,"median":-0.251503705978,"min":-1.77861523628,"var":3.7998020649},"erbbands_skewness":{"dmean":0.398546695709,"dmean2":0.587568700314,"dvar":0.139452427626,"dvar2":0.287823706865,"max":4.59346818924,"mean":0.0695499479771,"median":0.0654532685876,"min":-3.51051950455,"var":0.759080648422},"erbbands_spread":{"dmean":9.54202747345,"dmean2":14.6834230423,"dvar":87.3321380615,"dvar2":196.682342529,"max":138.937850952,"mean":45.7555351257,"median":43.4503974915,"min":4.70796823502,"var":402.458587646},"gfcc":{"cov":[[24986.2050781,488.704528809,-2863.80981445,1361.76953125,-1442.20239258,649.0625,-691.584228516,93.0345993042,-452.434020996,-5.76376676559,-465.44732666,-226.254699707,-161.345123291],[488.704528809,1246.2232666,-35.5968437195,-280.469573975,145.751861572,-200.003051758,1.03573465347,-112.12436676,47.3605804443,-120.9923172,82.760383606,-90.633140564,-13.0265331268],[-2863.80981445,-35.5968437195,874.056335449,-77.8034896851,84.0105819702,-21.1492977142,47.4101371765,2.19407963753,22.4118709564,15.5466899872,61.1613540649,40.9555549622,4.57756567001],[1361.76953125,-280.469573975,-77.8034896851,427.150268555,-98.2863998413,35.0658721924,-43.072013855,23.060338974,-26.7284030914,6.31202220917,-15.3539152145,10.0213413239,19.917263031],[-1442.20239258,145.751861572,84.0105819702,-98.2863998413,342.717681885,-31.6510715485,12.3218278885,20.3654441833,57.5857849121,-25.6955051422,34.3226356506,21.4999389648,1.81099665165],[649.0625,-200.003051758,-21.1492977142,35.0658721924,-31.6510715485,210.597259521,25.5088844299,35.2587776184,-20.185049057,33.9326705933,-24.7274570465,9.31791114807,-14.7533798218],[-691.584228516,1.03573465347,47.4101371765,-43.072013855,12.3218278885,25.5088844299,164.232376099,1.41276049614,6.98587465286,16.464017868,8.24972724915,-7.915579319,9.43459892273],[93.0345993042,-112.12436676,2.19407963753,23.060338974,20.3654441833,35.2587776184,1.41276049614,108.49206543,22.8170166016,6.91251373291,-7.57286787033,25.910741806,3.90707421303],[-452.434020996,47.3605804443,22.4118709564,-26.7284030914,57.5857849121,-20.185049057,6.98587465286,22.8170166016,89.5607681274,8.41746330261,8.78659534454,-1.17813718319,9.03521537781],[-5.76376676559,-120.9923172,15.5466899872,6.31202220917,-25.6955051422,33.9326705933,16.464017868,6.91251373291,8.41746330261,87.8761978149,-0.287972420454,11.160243988,-0.581166088581],[-465.44732666,82.760383606,61.1613540649,-15.3539152145,34.3226356506,-24.7274570465,8.24972724915,-7.57286787033,8.78659534454,-0.287972420454,93.6881866455,23.1543159485,4.07859754562],[-226.254699707,-90.633140564,40.9555549622,10.0213413239,21.4999389648,9.31791114807,-7.915579319,25.910741806,-1.17813718319,11.160243988,23.1543159485,72.7778625488,20.3134994507],[-161.345123291,-13.0265331268,4.57756567001,19.917263031,1.81099665165,-14.7533798218,9.43459892273,3.90707421303,9.03521537781,-0.581166088581,4.07859754562,20.3134994507,55.4097938538]],"icov":[[0.000431385327829,-0.00114418927114,0.000955121708103,-0.00125661911443,0.00124562601559,-0.00142056820914,0.00126162916422,-0.00106317491736,0.00109577958938,-0.000887536618393,0.00130296882708,-0.000583384826314,0.000731101841666],[-0.00114418927114,0.00460672611371,-0.00236263312399,0.00412124302238,-0.00355066824704,0.00441326620057,-0.00324332877062,0.00360469869338,-0.00339846336283,0.00384524464607,-0.00488625559956,0.00331561989151,-0.00220708502457],[0.000955121708103,-0.00236263312399,0.00339537882246,-0.00256893201731,0.00257112062536,-0.00296899303794,0.00247396552004,-0.00218112836592,0.00226267706603,-0.00197797338478,0.00220550829545,-0.00173043785617,0.00180898304097],[-0.00125661911443,0.00412124302238,-0.00256893201731,0.00680727045983,-0.00310579780489,0.00408517429605,-0.00284691830166,0.00277310470119,-0.00286959274672,0.00327068241313,-0.0046484679915,0.00277245626785,-0.00361845688894],[0.00124562601559,-0.00355066824704,0.00257112062536,-0.00310579780489,0.00744819547981,-0.00412400113419,0.00342437531799,-0.00343781081028,0.000958400545642,-0.00128621316981,0.00333427474834,-0.00327385147102,0.00279918429442],[-0.00142056820914,0.00441326620057,-0.00296899303794,0.00408517429605,-0.00412400113419,0.0110499849543,-0.00528515735641,0.00196623126976,-0.0022318281699,0.00156437593978,-0.00347653240897,0.00167564314324,-0.000461961724795],[0.00126162916422,-0.00324332877062,0.00247396552004,-0.00284691830166,0.00342437531799,-0.00528515735641,0.0107191372663,-0.00342216063291,0.0034121950157,-0.00374184106477,0.00266108918004,0.000847201328725,-0.000474948901683],[-0.00106317491736,0.00360469869338,-0.00218112836592,0.00277310470119,-0.00343781081028,0.00196623126976,-0.00342216063291,0.0151846827939,-0.0070126070641,0.0037984685041,-0.00186107447371,-0.00294459192082,-0.000517287931871],[0.00109577958938,-0.00339846336283,0.00226267706603,-0.00286959274672,0.000958400545642,-0.0022318281699,0.0034121950157,-0.0070126070641,0.0179188139737,-0.00570285972208,0.00258622248657,0.00188172189519,-0.00133764045313],[-0.000887536618393,0.00384524464607,-0.00197797338478,0.00327068241313,-0.00128621316981,0.00156437593978,-0.00374184106477,0.0037984685041,-0.00570285972208,0.0167122948915,-0.00379961892031,-0.000222554168431,-0.00039830582682],[0.00130296882708,-0.00488625559956,0.00220550829545,-0.0046484679915,0.00333427474834,-0.00347653240897,0.00266108918004,-0.00186107447371,0.00258622248657,-0.00379961892031,0.0184327792376,-0.00861209165305,0.00411638850346],[-0.000583384826314,0.00331561989151,-0.00173043785617,0.00277245626785,-0.00327385147102,0.00167564314324,0.000847201328725,-0.00294459192082,0.00188172189519,-0.000222554168431,-0.00861209165305,0.0240372810513,-0.00964376237243],[0.000731101841666,-0.00220708502457,0.00180898304097,-0.00361845688894,0.00279918429442,-0.000461961724795,-0.000474948901683,-0.000517287931871,-0.00133764045313,-0.00039830582682,0.00411638850346,-0.00964376237243,0.0241578072309]],"mean":[-14.1448717117,95.3196258545,-115.114746094,47.8507385254,-60.7832946777,15.7451944351,-40.7685241699,1.97153019905,-26.4377727509,-4.5428571701,-20.8486499786,-9.27889728546,-14.8395442963]},"hfc":{"dmean":7.48558330536,"dmean2":10.7243509293,"dvar":169.19859314,"dvar2":362.574432373,"max":263.515655518,"mean":23.8664875031,"median":17.2651443481,"min":1.05530829047e-16,"var":569.055847168},"melbands":{"dmean":[0.000463687698357,0.00126645865384,0.00136942311656,0.000452249310911,0.000191947750864,0.000163065022207,0.0000867135167937,0.000092810150818,0.000131768596475,0.000178483445779,0.0000683916005073,0.0000415397807956,0.0000351592170773,0.0000373420843971,0.000034957734897,0.0000610478746239,0.0000426719016104,0.0000358508405043,0.0000189256697922,0.000021647212634,0.0000190293631022,0.0000201121165446,0.0000259715961874,0.0000100111474239,0.00000591824846197,0.00000716971635484,0.00000924535925151,0.00000733937940822,0.00000471397333968,0.0000047701969379,0.00000514167732035,0.00000448093032901,0.00000402846444558,0.00000304396712636,0.00000328345777234,0.00000135600487283,8.38212770304e-7,9.02948272596e-7,7.08089373802e-7,4.58306431028e-7],"dmean2":[0.000753285887185,0.00212443992496,0.0022967364639,0.000762348296121,0.000308594433591,0.000255239778198,0.000140694959555,0.000151731845108,0.000210813479498,0.00028076019953,0.000110623426735,0.0000675550036249,0.0000555957922188,0.0000592888973188,0.0000542036723346,0.0000971666377154,0.0000661703525111,0.0000560978005524,0.0000296401285595,0.0000335943950631,0.0000296380694635,0.0000315661054628,0.0000412939698435,0.0000159150549734,0.00000943896793615,0.0000112710895337,0.0000141263772093,0.0000113050564323,0.00000727041742721,0.00000744745057091,0.00000799343706603,0.00000679510867485,0.00000620081436864,0.00000460638193545,0.00000512942824571,0.00000209883182833,0.00000132500167638,0.0000014038748759,0.00000110088012661,7.06459047706e-7],"dvar":[8.25915265068e-7,0.00000281479833575,0.00000324295001519,3.32424320959e-7,6.39614015085e-8,7.65815499904e-8,1.67593476874e-8,4.20081995856e-8,1.04822589719e-7,2.91996457236e-7,4.40156711079e-8,1.16810960904e-8,9.01734331649e-9,9.93540982819e-9,5.6235975876e-9,2.63703867631e-8,1.0019378216e-8,1.08371649432e-8,2.49371368e-9,4.78523176639e-9,2.66655741932e-9,1.86876714103e-9,3.26147486795e-9,5.56544532682e-10,2.34117503162e-10,2.90622997889e-10,5.29013000072e-10,3.17585124865e-10,1.17076376371e-10,1.05882171086e-10,1.63481853055e-10,1.63378893747e-10,2.11253278759e-10,1.55529103485e-10,1.44774414679e-10,2.58793021735e-11,1.2703311493e-11,8.83576371791e-12,5.7533934214e-12,3.04064781166e-12],"dvar2":[0.00000193599998966,0.00000779675247031,0.00000933452793106,9.84559505923e-7,1.58795145921e-7,1.85555094845e-7,4.34777511771e-8,1.09114644431e-7,2.47993114044e-7,6.69874111736e-7,1.08009977851e-7,2.91239370398e-8,2.00252792126e-8,2.19352358499e-8,1.24103731736e-8,6.67053967618e-8,2.3228597712e-8,2.69365756367e-8,5.58332269307e-9,1.15377130072e-8,6.51005738206e-9,4.33084546003e-9,7.61958229845e-9,1.45741341218e-9,6.29803709185e-10,6.780832007e-10,1.12374975991e-9,6.961922705e-10,2.53414844664e-10,2.4487939454e-10,3.92161969565e-10,3.63638452683e-10,4.70586625223e-10,3.54624857257e-10,3.58485297003e-10,6.03109229225e-11,3.08820018169e-11,2.13253564113e-11,1.42673537915e-11,6.35195151685e-12],"max":[0.010039113462,0.0203662011772,0.0247846897691,0.00845611188561,0.00517249433324,0.00639771996066,0.00295105273835,0.0048391292803,0.00925559084862,0.0111445710063,0.00635809265077,0.00245531485416,0.00304546300322,0.00343311717734,0.00171009579208,0.00343141751364,0.00236844015308,0.00345062278211,0.00156006054021,0.00246237148531,0.00154993415345,0.000781024165917,0.00148183864076,0.000615252938587,0.000468325859401,0.000333064439474,0.000666677253321,0.000479579321109,0.000229435332585,0.000228688921197,0.000233107042732,0.000316959456541,0.000532486650627,0.000521486916114,0.000355920608854,0.000129610358272,0.000131178254378,0.0000709629821358,0.000055453449022,0.0000708172374289],"mean":[0.000529795943294,0.00217036018148,0.00289107905701,0.00092691386817,0.000369431567378,0.000285399670247,0.000173431049916,0.000144750869367,0.000197849905817,0.000261553213932,0.000105332124804,0.000065895881562,0.0000512176156917,0.0000554565922357,0.000054375603213,0.0000978583484539,0.0000653314928059,0.00005323422738,0.0000289444087684,0.0000317738995363,0.0000307507143589,0.0000359691912308,0.0000433391978731,0.0000164074208442,0.00000990690568869,0.0000119128644656,0.0000154668559844,0.0000127604344016,0.0000083299310063,0.00000884871678863,0.00000935402931646,0.00000790968260844,0.00000661203785057,0.00000491037280881,0.00000448896162197,0.00000206934396374,0.00000126771317355,0.00000140998281495,0.00000107330367882,7.0548298936e-7],"median":[0.000209692923818,0.00135503348429,0.00203094561584,0.00071433960693,0.000270269199973,0.000160447452799,0.000102112302557,0.0000719854942872,0.0000648065979476,0.0000580837477173,0.0000371420755982,0.0000237782896875,0.0000161351672432,0.0000244834427576,0.0000247198968282,0.0000265745675279,0.0000176841913344,0.0000130238458951,0.0000110582459456,0.0000112726120278,0.00001102358965,0.0000127218972921,0.0000141388554766,0.0000066643901846,0.00000484090969621,0.00000503379305883,0.00000568432733417,0.00000463289597974,0.00000279386608781,0.00000370571387975,0.0000034909983242,0.00000255423447015,0.00000180105735126,0.00000132467721414,0.00000119996661851,6.43210285034e-7,4.50622138715e-7,5.29803912741e-7,3.73865049141e-7,1.96060142343e-7],"min":[4.58410375379e-25,1.50588626287e-24,9.7941469422e-25,1.31926169143e-24,1.30622251092e-24,1.09955692819e-24,1.7243876188e-24,1.42981265869e-24,2.64236592433e-24,2.16011079828e-24,1.94263328519e-24,3.36915274543e-24,2.62531824574e-24,3.19306203087e-24,2.15458502485e-24,2.68592603466e-24,3.45392807704e-24,3.6168917517e-24,3.6508798238e-24,3.41433593706e-24,3.77378593055e-24,3.87310312409e-24,4.05529133901e-24,2.79423170656e-24,4.11568061346e-24,4.90257646617e-24,5.36224729336e-24,4.12231098937e-24,4.67732236228e-24,5.0187575337e-24,3.52669142364e-24,4.93541635122e-24,4.55461425961e-24,6.00054502292e-24,5.62596388841e-24,6.38658475651e-24,6.1130831308e-24,4.81864284914e-24,5.93910774676e-24,6.68491854023e-24],"var":[8.90022988642e-7,0.0000057444453887,0.00000833798549138,6.74495595376e-7,1.30016701405e-7,1.50651544573e-7,4.74474965984e-8,6.04878707122e-8,1.89087330682e-7,5.34524360774e-7,7.61739187283e-8,2.26964722572e-8,1.82453039343e-8,1.835833352e-8,1.04453476979e-8,5.91049769127e-8,1.96814102793e-8,1.83087287553e-8,4.12989642484e-9,6.79807454773e-9,4.42184777683e-9,4.1533372297e-9,6.87073908878e-9,8.89143925153e-10,2.86485557499e-10,5.40003763927e-10,1.09440112528e-9,7.06647962367e-10,2.92541352254e-10,2.64674199224e-10,3.47921885746e-10,3.78398978818e-10,4.37525404795e-10,2.94709673332e-10,1.94986984892e-10,4.19328217982e-11,1.48267995104e-11,1.09017612646e-11,6.95602343087e-12,5.53722215649e-12]},"melbands_crest":{"dmean":3.5754237175,"dmean2":5.87418603897,"dvar":9.76160526276,"dvar2":26.3658847809,"max":32.3472442627,"mean":15.683719635,"median":15.2581596375,"min":1.7077755928,"var":31.5915031433},"melbands_flatness_db":{"dmean":0.028207404539,"dmean2":0.0431655310094,"dvar":0.00072659237776,"dvar2":0.00163047923706,"max":0.539703130722,"mean":0.197490215302,"median":0.188435360789,"min":0.00309492251836,"var":0.00572678958997},"melbands_kurtosis":{"dmean":10.5602769852,"dmean2":16.7880458832,"dvar":323.851654053,"dvar2":788.699890137,"max":351.188354492,"mean":20.4990940094,"median":10.5123434067,"min":-1.80331265926,"var":803.602844238},"melbands_skewness":{"dmean":0.913084626198,"dmean2":1.42876136303,"dvar":0.912248969078,"dvar2":2.15990757942,"max":15.8524599075,"mean":3.31654453278,"median":2.96220588684,"min":-0.397272467613,"var":4.18441200256},"melbands_spread":{"dmean":8.59224128723,"dmean2":13.2967042923,"dvar":147.766448975,"dvar2":332.700561523,"max":201.812103271,"mean":25.9761810303,"median":19.364774704,"min":0.635269224644,"var":620.818359375},"mfcc":{"cov":[[12356.7109375,-274.476867676,-786.928161621,379.694152832,-300.925567627,294.470581055,-103.964622498,44.0793762207,100.489181519,1.9003111124,0.117150396109,-34.9248809814,-139.478683472],[-274.476867676,1435.4185791,-26.5796642303,-78.4362106323,105.691429138,-74.2348480225,-12.9947624207,-15.1854724884,-63.5070877075,-33.8012504578,9.04347896576,10.6442136765,-43.8020973206],[-786.928161621,-26.5796642303,623.229003906,38.4076042175,-32.0972595215,14.2235164642,28.405796051,-16.9644794464,-31.2508945465,4.52396583557,-26.7740859985,9.42627334595,35.2546768188],[379.694152832,-78.4362106323,38.4076042175,278.606628418,23.8190975189,-6.4190120697,-12.2282190323,-0.940459370613,-3.64197707176,-12.2073202133,-33.9212112427,-5.69251394272,32.3243904114],[-300.925567627,105.691429138,-32.0972595215,23.8190975189,260.106750488,-18.4043369293,-17.2285556793,42.5379943848,-2.48325443268,-8.2221326828,-11.0574331284,27.4287796021,16.1884346008],[294.470581055,-74.2348480225,14.2235164642,-6.4190120697,-18.4043369293,132.435836792,38.8625297546,-5.04762268066,19.997959137,7.57930278778,25.2234039307,2.53015995026,-15.7272520065],[-103.964622498,-12.9947624207,28.405796051,-12.2282190323,-17.2285556793,38.8625297546,109.106178284,28.8467254639,-2.68437218666,3.56960344315,16.1032810211,4.28061389923,7.27701711655],[44.0793762207,-15.1854724884,-16.9644794464,-0.940459370613,42.5379943848,-5.04762268066,28.8467254639,91.967880249,24.1043224335,-0.891743421555,1.16001188755,10.5675735474,14.2045898438],[100.489181519,-63.5070877075,-31.2508945465,-3.64197707176,-2.48325443268,19.997959137,-2.68437218666,24.1043224335,93.5385437012,27.950056076,8.12305259705,-6.95432329178,-7.93384695053],[1.9003111124,-33.8012504578,4.52396583557,-12.2073202133,-8.2221326828,7.57930278778,3.56960344315,-0.891743421555,27.950056076,66.0722427368,21.3923397064,-6.54777669907,-8.78717041016],[0.117150396109,9.04347896576,-26.7740859985,-33.9212112427,-11.0574331284,25.2234039307,16.1032810211,1.16001188755,8.12305259705,21.3923397064,70.0931930542,20.8030929565,-13.5546112061],[-34.9248809814,10.6442136765,9.42627334595,-5.69251394272,27.4287796021,2.53015995026,4.28061389923,10.5675735474,-6.95432329178,-6.54777669907,20.8030929565,60.2873687744,19.6033611298],[-139.478683472,-43.8020973206,35.2546768188,32.3243904114,16.1884346008,-15.7272520065,7.27701711655,14.2045898438,-7.93384695053,-8.78717041016,-13.5546112061,19.6033611298,64.6435623169]],"icov":[[0.000116073970275,-0.0000128304372993,0.000162603872013,-0.000213163730223,0.00022463001369,-0.000357307522791,0.000246643292485,-0.000275200582109,0.0000920017773751,-0.0000940254176385,0.000188974663615,-0.000175550958375,0.000240560286329],[-0.0000128304372993,0.000813041580841,-0.0000495273852721,0.000198230016395,-0.000419943738962,0.000586212438066,-0.000236425767071,0.000254167185631,0.000309529423248,0.000395664537791,-0.00025526038371,-0.0000546457267774,0.000724487472326],[0.000162603872013,-0.0000495273852721,0.00202586012892,-0.000423815421527,0.000588127353694,-0.000871715252288,-0.0000986844606814,-0.0000684858605382,0.00074147421401,-0.00096684001619,0.00138148188125,-0.000829289958347,-0.000408105988754],[-0.000213163730223,0.000198230016395,-0.000423815421527,0.0044845030643,-0.000819273525849,0.000333881645929,-0.0000659524885123,0.000817147258203,-0.000240196255618,0.00045182442409,0.000872491393238,0.00102569162846,-0.00231880648062],[0.00022463001369,-0.000419943738962,0.000588127353694,-0.000819273525849,0.00529599515721,-0.00108442245983,0.00185001560021,-0.00316446390934,0.00083102285862,-0.000908967165742,0.00175769568887,-0.00262177339755,0.000328104273649],[-0.000357307522791,0.000586212438066,-0.000871715252288,0.000333881645929,-0.00108442245983,0.0114263612777,-0.00491933850572,0.00334783550352,-0.00309674185701,0.00193555816077,-0.00328904320486,-0.0000311033036269,0.00200717500411],[0.000246643292485,-0.000236425767071,-0.0000986844606814,-0.0000659524885123,0.00185001560021,-0.00491933850572,0.0134955951944,-0.00614869501442,0.00298363924958,-0.000999274547212,-0.00169402791653,0.00109190354124,-0.00182545557618],[-0.000275200582109,0.000254167185631,-0.0000684858605382,0.000817147258203,-0.00316446390934,0.00334783550352,-0.00614869501442,0.0165868513286,-0.00565662095323,0.0022327946499,-0.00050040485803,-0.000742073869333,-0.00240906677209],[0.0000920017773751,0.000309529423248,0.00074147421401,-0.000240196255618,0.00083102285862,-0.00309674185701,0.00298363924958,-0.00565662095323,0.0151966540143,-0.00620651105419,0.000859553925693,0.00084371806588,0.00101537315641],[-0.0000940254176385,0.000395664537791,-0.00096684001619,0.00045182442409,-0.000908967165742,0.00193555816077,-0.000999274547212,0.0022327946499,-0.00620651105419,0.0208048708737,-0.00782738253474,0.00439811451361,-0.000221705951844],[0.000188974663615,-0.00025526038371,0.00138148188125,0.000872491393238,0.00175769568887,-0.00328904320486,-0.00169402791653,-0.00050040485803,0.000859553925693,-0.00782738253474,0.0237866472453,-0.0111890565604,0.00552761927247],[-0.000175550958375,-0.0000546457267774,-0.000829289958347,0.00102569162846,-0.00262177339755,-0.0000311033036269,0.00109190354124,-0.000742073869333,0.00084371806588,0.00439811451361,-0.0111890565604,0.0253718160093,-0.00912611652166],[0.000240560286329,0.000724487472326,-0.000408105988754,-0.00231880648062,0.000328104273649,0.00200717500411,-0.00182545557618,-0.00240906677209,0.00101537315641,-0.000221705951844,0.00552761927247,-0.00912611652166,0.0230235327035]],"mean":[-642.300537109,111.776298523,6.91709280014,30.1156368256,5.10129880905,10.8975372314,-2.36522364616,1.91221368313,-1.80019783974,-2.87563109398,-1.34359359741,-0.681412875652,-7.61326980591]},"pitch_salience":{"dmean":0.0802922621369,"dmean2":0.13026483357,"dvar":0.00525459786877,"dvar2":0.0137510942295,"max":0.940309524536,"mean":0.559532165527,"median":0.563535749912,"min":0.125529780984,"var":0.0148449642584},"silence_rate_20dB":{"dmean":0,"dmean2":0,"dvar":0,"dvar2":0,"max":1,"mean":1,"median":1,"min":1,"var":0},"silence_rate_30dB":{"dmean":0,"dmean2":0,"dvar":0,"dvar2":0,"max":1,"mean":1,"median":1,"min":1,"var":0},"silence_rate_60dB":{"dmean":0.0106433304027,"dmean2":0.0212891772389,"dvar":0.0105302892625,"dvar2":0.0229665245861,"max":1,"mean":0.0876197218895,"median":0,"min":0,"var":0.0799452364445},"spectral_centroid":{"dmean":293.552825928,"dmean2":444.005096436,"dvar":105983.164063,"dvar2":220782.171875,"max":11654.046875,"mean":1460.51989746,"median":1252.60803223,"min":179.476654053,"var":1558309.875},"spectral_complexity":{"dmean":4.26702928543,"dmean2":6.27273797989,"dvar":21.0230312347,"dvar2":40.7114830017,"max":71,"mean":20.5004138947,"median":20,"min":0,"var":123.900588989},"spectral_contrast_coeffs":{"dmean":[0.0550342462957,0.0431876406074,0.0383043847978,0.0305990725756,0.0239278413355,0.0193255543709],"dmean2":[0.0915783047676,0.070986546576,0.0615985058248,0.0489015951753,0.0376966968179,0.0298217628151],"dvar":[0.00207821698859,0.00130480679218,0.00103553093504,0.000651656417176,0.000409865460824,0.000311502662953],"dvar2":[0.00564803462476,0.00350255751982,0.00253551430069,0.00156421610154,0.000959029770456,0.000682825688273],"max":[-0.318581193686,-0.447141051292,-0.469190090895,-0.538011074066,-0.605115711689,-0.586823761463],"mean":[-0.592424929142,-0.746533453465,-0.773442268372,-0.793034434319,-0.79007768631,-0.745554387569],"median":[-0.584360420704,-0.748574793339,-0.784706830978,-0.803619801998,-0.792160332203,-0.746657550335],"min":[-0.980823099613,-0.984062552452,-0.974911928177,-0.972888112068,-0.967324495316,-0.96426820755],"var":[0.00784244202077,0.00461096456274,0.00530613400042,0.00381167070009,0.0024292266462,0.00301080779172]},"spectral_contrast_valleys":{"dmean":[0.448783963919,0.351066887379,0.356379806995,0.320804983377,0.267656266689,0.244715407491],"dmean2":[0.732666373253,0.577611386776,0.569034576416,0.490045815706,0.381541490555,0.34036847949],"dvar":[0.14996483922,0.11834743619,0.121079310775,0.11094468832,0.0965928658843,0.0951942354441],"dvar2":[0.360542327166,0.285408437252,0.279150635004,0.221091240644,0.18138666451,0.173581585288],"max":[-5.52285957336,-4.91183757782,-5.42244958878,-5.18428468704,-5.25830554962,-7.2430472374],"mean":[-7.41869306564,-6.99879932404,-7.64299154282,-7.82579135895,-7.6750459671,-10.2248048782],"median":[-7.0361456871,-6.60233926773,-7.24827718735,-7.41708612442,-7.22571611404,-9.84757900238],"min":[-28.186668396,-28.0234680176,-27.9118480682,-27.6071605682,-27.4533519745,-27.3574867249],"var":[5.214407444,5.37731552124,5.20111227036,5.24169063568,5.5004901886,4.54913377762]},"spectral_decrease":{"dmean":2.06971528804e-9,"dmean2":3.36365202358e-9,"dvar":4.70448054605e-18,"dvar2":1.26228282599e-17,"max":1.54909177848e-28,"mean":-7.30818205952e-9,"median":-7.47424788727e-9,"min":-2.59094772304e-8,"var":1.55791676333e-17},"spectral_energy":{"dmean":0.0081877540797,"dmean2":0.0132034439594,"dvar":0.0000716702634236,"dvar2":0.000190984646906,"max":0.0991369783878,"mean":0.0297475177795,"median":0.0307145919651,"min":9.99917896439e-21,"var":0.000249942590017},"spectral_energyband_high":{"dmean":0.000649383699056,"dmean2":0.000939700054005,"dvar":0.00000283037320514,"dvar2":0.00000580557525609,"max":0.037663847208,"mean":0.00138079666067,"median":0.000565890280996,"min":7.0396495173e-21,"var":0.00000777369677962},"spectral_energyband_low":{"dmean":0.00551087828353,"dmean2":0.00904031004757,"dvar":0.0000461732342956,"dvar2":0.000122139768791,"max":0.0908380448818,"mean":0.0113022150472,"median":0.00848679989576,"min":1.75909954967e-23,"var":0.000106030871393},"spectral_energyband_middle_high":{"dmean":0.00203162617981,"dmean2":0.00297948997468,"dvar":0.00000888773229235,"dvar2":0.0000196393721126,"max":0.0504337847233,"mean":0.00544275389984,"median":0.00337382545695,"min":1.23609924668e-21,"var":0.0000366445383406},"spectral_energyband_middle_low":{"dmean":0.00557522196323,"dmean2":0.00924219749868,"dvar":0.0000403927879233,"dvar2":0.000112446781714,"max":0.0867160707712,"mean":0.0148088792339,"median":0.012843189761,"min":1.34614443419e-22,"var":0.000118871183076},"spectral_entropy":{"dmean":0.157591551542,"dmean2":0.233333855867,"dvar":0.0274290554225,"dvar2":0.0573568865657,"max":9.82757663727,"mean":7.64041137695,"median":7.68446588516,"min":4.93735218048,"var":0.260126531124},"spectral_flux":{"dmean":0.0227334294468,"dmean2":0.0348832197487,"dvar":0.000527063501067,"dvar2":0.00113048020285,"max":0.228626310825,"mean":0.0861965864897,"median":0.0872247219086,"min":6.22645338066e-11,"var":0.00180767732672},"spectral_kurtosis":{"dmean":1.41156637669,"dmean2":2.28507590294,"dvar":7.56395769119,"dvar2":17.9785919189,"max":63.7874145508,"mean":4.10795259476,"median":2.75870585442,"min":-1.254327178,"var":39.9587669373},"spectral_rms":{"dmean":0.000736081856303,"dmean2":0.00117266667075,"dvar":5.49869923816e-7,"dvar2":0.00000140511463087,"max":0.00983458198607,"mean":0.00506361853331,"median":0.0054740710184,"min":3.12334706709e-12,"var":0.00000338166591973},"spectral_rolloff":{"dmean":518.156066895,"dmean2":851.940551758,"dvar":731361.4375,"dvar2":1532821,"max":19659.8144531,"mean":1683.87304688,"median":1119.7265625,"min":86.1328125,"var":5551093},"spectral_skewness":{"dmean":0.207702308893,"dmean2":0.317572712898,"dvar":0.0687699466944,"dvar2":0.14821010828,"max":6.68175458908,"mean":1.38235986233,"median":1.29348742962,"min":-0.0915046185255,"var":0.536374926567},"spectral_spread":{"dmean":480213.71875,"dmean2":736066.6875,"dvar":530456215552,"dvar2":1116007301120,"max":42917468,"mean":4990191.5,"median":4499106.5,"min":1204969,"var":15223416160300},"spectral_strongpeak":{"dmean":0.537800014019,"dmean2":0.929245352745,"dvar":1.13547158241,"dvar2":3.02076196671,"max":14.1203622818,"mean":0.845940470695,"median":0.488069534302,"min":0,"var":1.36508262157},"zerocrossingrate":{"dmean":0.0104158772156,"dmean2":0.0121723227203,"dvar":0.000161685282364,"dvar2":0.000208129524253,"max":0.52734375,"mean":0.0645475238562,"median":0.05322265625,"min":0.0068359375,"var":0.00351382466033}},"metadata":{"audio_properties":{"analysis_sample_rate":44100,"bit_rate":192025,"codec":"mp3","downmix":"mix","equal_loudness":0,"length":196.33631897,"lossless":false,"md5_encoded":"c251f9e752deb8be4ad1665a9c8cfd14","replay_gain":-6.08122825623,"sample_rate":44100},"tags":{"acoustid_fingerprint":["AQADtMmSaUmmCg-8o93xcEN5NMfDY0f5wj9O-AeOW8cR-MdxHOlx6If_okeP9ESIdp1x6MGFY9-RE0aOX_iDwzwEnCcOXwd0wjr24Mc_-PiK5zDeB9HI473ww_RxPD1-CumPHyfEH-tgH48OZycNHhceRxx8fIemMxce-cFjIE8mWFHD4WkmIhc84ruEX7haQUuzI_zxgMel5HgSizPuoPrgh8clpGYiJPvx6KjEnLCmJ7gPn9HxgzpevEfChFOmI6YenIWrDD2OZhJVTEqzFH_R9OiPN8c_jOXRNUciLeERPpi74xv-osmPPgv-T8gb5DwaMWHRP_jxcHgk4VH2oezhWGpQKxe6NkQaHjtE50MpHYxWC40iHU90oWJPYsqh8MJbfItONE0e_MbE_Mgt5NMS44oobFVw_Mf9SNAo6kgpCqV1PAWfHL8aNIpeVMuFM9GRB8kjo6TQLDvutHh29DuYXMGPHumPPmrRp-ByGR5-HT905MyLUyj4RfhRtWg0MUeiIz5O4mGJyY-UBPaOekqE5w--E_mR_DyavkLfZQl-Hj2LiuORF8-hHvUzDR6Pwe-gfbiOJzrO43sYBR22SYd9EfqQ44QflFkePKIoIU-DNzmaQ7uCmYnwg09koRl5oaKO_Beo48Kno2cMT9Fw2kjVZDH05UGYOMdPvMclGo1F1DuYP3hGROeg6VGwghU-SdlxaggPyjbO1EG1HWfT4zyJLxfe5UUtwkf4B4mePcVJoiexH2fyowlVBdeHH-e-BH1THWl9qF_w8Ah33ET-Qfse-Eh_VJpYIsd_lMwOHX_w4LyxH36WQ1v4o0fDHP_xUkdZHcfx4zr8I8elDDsr-MLu4seR9ofqw0ceHfhx5HgeQedwfC1--PhxBr8EHVZ4uMrRLhK09Wh0PBfWHv1hZscL4b3w7MWPFx4L5UMlKeiH-0g7yXiJPMPjgzW8c_jU43qhRza840XJDvpkPDm-HL0Cv8Z1_Higw9kYI3-M_niVo55yNM10PHhOfGfQ5Tt8xNTxJDrE9kiPE-eM6wyFKhfGW-jJozmxI_wJncOVHN89aMsF7ip6NLsheUeuHG-CNn4SlDeOG0nNHFmSXEeJl9iPZuQT9FMuXFNEJH-QH08YK2jqHtXFCD_ypUfS5_h73CyOHlOkHD96Hs1x5OvwHzp-hNfR1DGu4z_u_Ki5w-sQPjskR0I-nJnwH9-DSlyCJvGJ6MQl4n5Q-iy0vMdzXCdanZhlI_aFOwPVRviOWLrxp4IYfUMe-Da-44ePSnIu_HjYIe8eKHrQZGURGc_RNMnA3EV9BU18jvjxGTdzNNSRHPmPg7mU4ZIuXNKF-Rmc_UWeLhJ05MrROIyYGKEv6HnwI-aHj0ef5DD8EuXSYtyiHHmE2vCT4zk8HfkePIeZY16O_IX44EOYD_uD50f-Bn0laNFxeXiIK_NBR1fQkwpUNQLZD6d4RBTD4vjh8RipEP3RTRqy6A-S7_gptKsPV4mMK8d-fOgR_ZCiH_8x_biEUchNPPvxC96O-8TB90LR6MiQlAofoT82T4fbZCJuFuaynOhp5DdO5XgehHteobmD-_hxBx-Pi0JPhLmV4DpyNM-OSg-uIz8eaOfhP-h6XBn6FA0f7MeP8LxwWNtx_Dcu5DzE64iPBz_6owcf-Mi1Q3Xx9PgN7Uds_Li94EOjhsb7wVkGxkdOIVnAWJ3wR3g