{"lowlevel":{"average_loudness":0.790425121784,"barkbands":{"dmean":[0.000817761349026,0.00393254403025,0.0021694584284,0.0012800982222,0.00279460474849,0.00244273198768,0.000947869441006,0.000809844466858,0.000850156182423,0.000823275244329,0.000631790608168,0.000424893049058,0.000435428024502,0.000394747970859,0.00019145233091,0.0000974714930635,0.0000863825189299,0.0000766135344747,0.0000659807265038,0.0000403811245633,0.000028152277082,0.0000144846508192,0.00000345088005815,0.00000185772910299,0.00000181047835213,0.00000254350493378,0.000148559731315],"dmean2":[0.00140367343556,0.0066214571707,0.00364582729526,0.00216024438851,0.00453542172909,0.00389475957491,0.00147290341556,0.00130934116896,0.00137042964343,0.00132851814851,0.00102493225131,0.000690583314281,0.00070372276241,0.000641865306534,0.000310818344587,0.000158597147674,0.000135501410114,0.000119628988614,0.000100868332083,0.0000610128990957,0.0000414399946749,0.0000211797487282,0.00000536024572284,0.00000307477330352,0.00000300476904158,0.00000405658784075,0.00021665301756],"dvar":[0.00000149947072714,0.0000310252871714,0.0000145278918353,0.00000528978171133,0.0000390061068174,0.000026904477636,0.00000733881915949,0.00000368062410416,0.00000231193916989,0.00000236014625443,0.00000157217436936,7.30267800009e-7,6.02153420459e-7,4.49791514257e-7,7.3331229089e-8,2.75226366142e-8,3.33769989425e-8,3.81035292207e-8,1.82452701836e-8,3.97794819307e-9,3.0535463047e-9,1.38673461603e-9,2.75730879101e-11,1.11803318339e-11,1.0684460261e-11,1.37380141985e-11,3.92302830221e-8],"dvar2":[0.00000404631828133,0.0000817530308268,0.0000377073120035,0.0000134239580802,0.0000951424008235,0.0000668340362608,0.0000168283295352,0.00000925233598537,0.00000551566199647,0.00000586080250287,0.00000415508884544,0.00000175012758064,0.00000153041230533,0.00000121958771615,1.8195223106e-7,7.22478361581e-8,8.11458278349e-8,8.61792273099e-8,3.94660304437e-8,9.27991283817e-9,6.44642472736e-9,2.71468536539e-9,6.64288415941e-11,2.7972655442e-11,2.68085189464e-11,3.37331482192e-11,8.7112169922e-8],"max":[0.0166167207062,0.0566335618496,0.131548419595,0.0530125983059,0.156455948949,0.12824036181,0.111892133951,0.0417994819582,0.0242042765021,0.0386887639761,0.0326969586313,0.0386301241815,0.0194246936589,0.0278318226337,0.00536357285455,0.00416125589982,0.00500824768096,0.0115874726325,0.00496935797855,0.00141933432315,0.00178659218363,0.00172689510509,0.0000889128350536,0.0000633224262856,0.0000613637239439,0.0000607273468631,0.00379383098334],"mean":[0.000982499797828,0.00553160952404,0.00308788474649,0.00168840948027,0.00495088240132,0.00389325083233,0.00153337744996,0.00127982860431,0.00136695185211,0.00129053404089,0.00100781745277,0.000734455592465,0.00077403022442,0.000684049271513,0.000343314604834,0.000172326806933,0.000139095078339,0.00012732007599,0.00011733804422,0.0000726670477889,0.0000449832696177,0.0000215563613892,0.00000481610550196,0.00000198679958885,0.00000187291561815,0.00000348146659235,0.000333411502652],"median":[0.00050589867169,0.00307500478812,0.00159542320762,0.000747371348552,0.00215223291889,0.00157371384557,0.000409457832575,0.000384224927984,0.000654487754218,0.000548600801267,0.000476212240756,0.000369279412553,0.000371874397388,0.000419434567448,0.00023343754583,0.0000972754351096,0.0000740814430173,0.0000664468243485,0.0000636503100395,0.0000415107097069,0.0000208610235859,0.00000849744537845,0.00000245494402407,8.29024884297e-7,7.20675643606e-7,0.00000203560989576,0.000240445719101],"min":[6.85739676488e-25,1.07613742285e-24,4.66270585439e-25,1.20012249411e-24,8.20794625753e-24,5.61367501322e-24,1.16460513625e-23,7.44870155727e-24,1.62558215933e-23,2.11994346038e-23,2.392166737e-23,1.62912020049e-23,3.34352383791e-23,3.48058842019e-23,4.40311013066e-23,5.12028219671e-23,7.05663595189e-23,1.12147217833e-22,1.38104553391e-22,1.76556410702e-22,1.51426647031e-22,3.73041896493e-22,3.95093499668e-22,5.2097378874e-22,7.65422673902e-22,1.21951877885e-21,1.86539931395e-21],"var":[0.00000180670156169,0.0000445777914138,0.0000356653399649,0.00000885668214323,0.000093167713203,0.0000580311861995,0.000015835305021,0.00000765161439631,0.00000461856052425,0.0000043960540097,0.00000270659234047,0.00000178595780653,0.00000150153005052,8.84051644334e-7,1.54156765575e-7,6.0785296796e-8,4.67095588874e-8,5.58147981167e-8,3.55730698232e-8,8.56558912687e-9,5.85335424574e-9,2.97157054518e-9,4.32102617576e-11,1.22379493692e-11,1.1432876347e-11,1.93792395325e-11,1.04057306771e-7]},"barkbands_crest":{"dmean":2.77594971657,"dmean2":4.57979440689,"dvar":5.82740497589,"dvar2":15.3658180237,"max":24.3487854004,"mean":9.55984115601,"median":8.67499351501,"min":2.82560825348,"var":15.3274745941},"barkbands_flatness_db":{"dmean":0.0251868683845,"dmean2":0.0394233725965,"dvar":0.000485283409944,"dvar2":0.00115726049989,"max":0.416903376579,"mean":0.148393854499,"median":0.141592592001,"min":0.0570299886167,"var":0.00207511056215},"barkbands_kurtosis":{"dmean":3.72816872597,"dmean2":6.06612539291,"dvar":48.9895629883,"dvar2":135.138076782,"max":259.348114014,"mean":7.17776632309,"median":4.70908927917,"min":-1.60221397877,"var":96.8227386475},"barkbands_skewness":{"dmean":0.537565231323,"dmean2":0.852086007595,"dvar":0.284229367971,"dvar2":0.696744740009,"max":11.6278171539,"mean":1.91244709492,"median":1.80221867561,"min":-2.22790527344,"var":1.16143250465},"barkbands_spread":{"dmean":5.21850585938,"dmean2":8.08451747894,"dvar":27.2419242859,"dvar2":62.3780899048,"max":125.336967468,"mean":19.6285305023,"median":18.4189682007,"min":0.503094851971,"var":96.6727828979},"dissonance":{"dmean":0.0226512048393,"dmean2":0.0385039970279,"dvar":0.000432475644629,"dvar2":0.0012020082213,"max":0.500000059605,"mean":0.46077722311,"median":0.467624008656,"min":0.269690752029,"var":0.000843494257424},"dynamic_complexity":2.91906547546,"erbbands":{"dmean":[0.137874647975,0.8585896492,2.21800589561,3.50484871864,5.61217594147,11.4178600311,18.0315971375,20.2316684723,12.7171049118,15.3342752457,16.9686183929,20.1285076141,21.0822544098,26.3503570557,22.8245067596,16.8470516205,17.9922924042,20.4134941101,12.8619623184,6.51732063293,5.31045722961,4.65672588348,3.9510948658,3.77456784248,2.77113890648,1.90440773964,1.3735524416,0.953915417194,0.563604652882,0.231126263738,0.086018666625,0.0442466549575,0.0293641183525,0.0201225876808,0.0129741244018,0.00768015673384,0.00494515476748,0.00758917862549,0.0079486835748,0.00395906576887],"dmean2":[0.231915041804,1.45216417313,3.72336745262,5.9053144455,9.40683746338,18.5057506561,28.4387207031,32.1167564392,19.7388267517,23.846124649,27.5592784882,32.361907959,33.6120758057,42.9340667725,36.8276481628,27.1317005157,28.8968105316,32.8737487793,20.4609355927,10.4609193802,8.60966682434,7.21954965591,6.163626194,5.82174062729,4.23307991028,2.8635020256,2.03271102905,1.37380731106,0.819508910179,0.348140180111,0.134786307812,0.072662577033,0.0487430132926,0.0334467180073,0.0214882884175,0.0126264533028,0.00788743887097,0.0109866317362,0.0111630465835,0.00565919606015],"dvar":[0.0361147634685,1.7520018816,13.6129751205,32.712600708,216.607116699,714.313659668,2157.09960938,1554.21533203,1841.9654541,1199.40698242,1699.01367188,1376.71716309,2012.01000977,2385.0480957,2161.15356445,1226.90698242,1109.55993652,1205.04370117,315.465301514,86.613067627,85.3950119019,98.927116394,81.2488708496,70.5703048706,29.3088340759,8.78562545776,4.45359516144,6.16778898239,2.25554776192,0.17578561604,0.017519723624,0.00581952184439,0.00288017094135,0.0013504405506,0.000535752275027,0.000172511077835,0.0000523757698829,0.000133366978844,0.000125619350001,0.0000238984157477],"dvar2":[0.0969436839223,4.56176710129,34.9157180786,83.4550323486,586.155517578,1668.64807129,5515.04638672,3834.68676758,4144.98681641,2765.43164062,4356.81396484,3323.3034668,4981.69384766,6049.19580078,5711.5546875,2950.20458984,2815.06445312,3177.85180664,810.652770996,214.791000366,223.566375732,236.551452637,183.150970459,144.999084473,61.4498710632,20.3154716492,9.77786159515,12.4324522018,4.24794149399,0.378523737192,0.0424583666027,0.0145198972896,0.00722430134192,0.00339040672407,0.00134364364203,0.00043164982344,0.000128289044369,0.000288214097964,0.000252529483987,0.0000505020761921],"max":[2.47408080101,13.2701997757,115.0181427,111.48752594,617.129882812,670.641235352,1299.85339355,947.755371094,1924.6529541,755.934753418,1183.87011719,732.469970703,1026.12512207,861.554992676,1614.60449219,1793.30517578,851.371582031,1386.84887695,375.368774414,229.876876831,197.472671509,299.921539307,479.48449707,367.129638672,178.168624878,57.0942993164,37.7922554016,81.5722961426,65.8793182373,12.3776674271,2.07712817192,1.43619573116,1.04456758499,0.695820331573,0.430833995342,0.23973326385,0.116114452481,0.19680929184,0.154471948743,0.0799033120275],"mean":[0.209740012884,1.06721878052,3.15017199516,5.25983667374,8.46714782715,19.0613307953,28.2150726318,33.025642395,21.6830215454,26.1923332214,27.5058097839,32.8901023865,34.741317749,43.2500762939,39.8357467651,31.8912620544,33.9286422729,38.0909881592,24.713092804,12.964217186,9.55333518982,7.86741352081,6.856757164,6.51436710358,5.20442485809,3.43063688278,2.23963022232,1.51024854183,0.861242592335,0.329115003347,0.119867652655,0.0516095608473,0.0304317455739,0.0206532590091,0.0135886194184,0.00845003128052,0.00683322455734,0.0121144866571,0.0154597079381,0.0125339133665],"median":[0.105867147446,0.586118459702,1.77835965157,3.01113843918,3.87619161606,8.16786384583,9.89878082275,13.2944869995,6.65923261642,7.47757911682,10.4180927277,15.7468013763,15.229598999,20.8163223267,19.7501239777,16.6206016541,17.1632022858,23.5217018127,17.0180435181,8.93317985535,5.5155377388,4.34930706024,3.60651659966,3.59581971169,2.93642473221,1.9521586895,1.16802692413,0.620622336864,0.346480339766,0.143999546766,0.0620460361242,0.0249739699066,0.0118423122913,0.00785185955465,0.00537774059922,0.00370412552729,0.00402910262346,0.00620233267546,0.00933175347745,0.0105969263241],"min":[2.97760944484e-23,1.49886979871e-22,2.67082402627e-21,3.99254676572e-21,1.3554018343e-20,3.35345773483e-20,6.95944078598e-20,4.24089651631e-20,2.02106615878e-19,1.84080372852e-19,2.65657558172e-19,4.57927807495e-19,7.42250825436e-19,6.16264962591e-19,1.06923651065e-18,1.20801270542e-18,1.92156661915e-18,1.97511622406e-18,2.69146600826e-18,2.81656363422e-18,3.76696479313e-18,4.35591904363e-18,4.8479893513e-18,6.57376852331e-18,6.87580897449e-18,9.42858843368e-18,8.85843020824e-18,8.18372627954e-18,1.29534473877e-17,1.17440340587e-17,1.08672747218e-17,1.00196966625e-17,1.00635918289e-17,8.23810844174e-18,6.02426582495e-18,4.30552182404e-18,2.29774147837e-18,9.26237972448e-19,2.42281149718e-19,2.73694613025e-20],"var":[0.0738612636924,1.92930221558,30.2537822723,57.2801704407,463.873901367,1539.23596191,4085.78637695,3643.50366211,3856.92724609,2896.04443359,2902.08276367,2746.53808594,3744.52319336,4366.59228516,4202.578125,3236.44091797,2741.59521484,2714.31958008,757.845397949,198.109817505,167.146347046,141.105239868,134.112503052,121.65447998,63.6504898071,18.8656616211,8.8937253952,11.9491214752,5.0169801712,0.326624512672,0.0263009462506,0.00675350427628,0.00308455433697,0.00143423362169,0.000578653707635,0.000193413361558,0.0000737296286388,0.000251478137216,0.000298514263704,0.0000830642093206]},"erbbands_crest":{"dmean":2.48263406754,"dmean2":4.12211322784,"dvar":4.95117521286,"dvar2":12.6573314667,"max":24.3626689911,"mean":8.4248752594,"median":7.76471281052,"min":2.00790452957,"var":10.8680210114},"erbbands_flatness_db":{"dmean":0.0234773475677,"dmean2":0.0360455848277,"dvar":0.000401590805268,"dvar2":0.00095431227237,"max":0.333173185587,"mean":0.171425580978,"median":0.168636590242,"min":0.0248262044042,"var":0.00168184714857},"erbbands_kurtosis":{"dmean":0.853567063808,"dmean2":1.3807349205,"dvar":0.953276276588,"dvar2":2.39029932022,"max":13.7843456268,"mean":0.49148479104,"median":0.149694561958,"min":-1.7717666626,"var":2.13826704025},"erbbands_skewness":{"dmean":0.348409175873,"dmean2":0.543263912201,"dvar":0.0926661863923,"dvar2":0.220216110349,"max":2.96388196945,"mean":0.192113399506,"median":0.16177238524,"min":-2.41967225075,"var":0.445797681808},"erbbands_spread":{"dmean":5.58415794373,"dmean2":8.5393743515,"dvar":27.1138401031,"dvar2":61.8226470947,"max":116.802268982,"mean":25.4757595062,"median":23.7485771179,"min":5.11927175522,"var":115.585098267},"gfcc":{"cov":[[22786.0117188,1320.28198242,-2006.05749512,118.72203064,-137.122909546,-756.659179688,312.600341797,-436.307281494,-51.6546783447,-49.4770584106,25.0127067566,56.4820747375,-80.0965576172],[1320.28198242,842.221008301,-81.4624633789,-293.354370117,76.62525177,-48.3741493225,-0.243303671479,-123.626182556,39.5361099243,-69.463973999,-6.12373018265,-111.862327576,13.9437141418],[-2006.05749512,-81.4624633789,512.773803711,46.9829368591,-57.0578269958,197.034851074,-130.23399353,82.9629898071,-12.412402153,18.2251853943,-35.3692741394,-26.2811698914,11.548043251],[118.72203064,-293.354370117,46.9829368591,357.084838867,43.0967140198,-69.141166687,88.8556137085,8.32879734039,0.637729287148,16.698841095,-10.2382125854,77.8383178711,-21.8284454346],[-137.122909546,76.62525177,-57.0578269958,43.0967140198,233.941635132,9.50824737549,55.5944595337,-58.1069908142,-1.64074397087,-52.5466308594,-9.89358139038,-28.9033527374,9.74680328369],[-756.659179688,-48.3741493225,197.034851074,-69.141166687,9.50824737549,275.428649902,-82.9562759399,69.3055038452,-44.2772140503,6.480489254,-6.25188350677,-25.8528823853,24.8078022003],[312.600341797,-0.243303671479,-130.23399353,88.8556137085,55.5944595337,-82.9562759399,211.878890991,-24.4817256927,52.2073020935,0.484284549952,8.36093235016,51.6614227295,-18.1235713959],[-436.307281494,-123.626182556,82.9629898071,8.32879734039,-58.1069908142,69.3055038452,-24.4817256927,169.827590942,9.48971557617,47.9066619873,26.391746521,3.20888400078,11.5157756805],[-51.6546783447,39.5361099243,-12.412402153,0.637729287148,-1.64074397087,-44.2772140503,52.2073020935,9.48971557617,100.284301758,37.7152786255,3.14592313766,7.88997220993,-11.8706226349],[-49.4770584106,-69.463973999,18.2251853943,16.698841095,-52.5466308594,6.480489254,0.484284549952,47.9066619873,37.7152786255,91.5041732788,42.3806648254,24.1032371521,-0.388860315084],[25.0127067566,-6.12373018265,-35.3692741394,-10.2382125854,-9.89358139038,-6.25188350677,8.36093235016,26.391746521,3.14592313766,42.3806648254,68.4990234375,33.8452262878,9.56013965607],[56.4820747375,-111.862327576,-26.2811698914,77.8383178711,-28.9033527374,-25.8528823853,51.6614227295,3.20888400078,7.88997220993,24.1032371521,33.8452262878,100.47202301,18.0770320892],[-80.0965576172,13.9437141418,11.548043251,-21.8284454346,9.74680328369,24.8078022003,-18.1235713959,11.5157756805,-11.8706226349,-0.388860315084,9.56013965607,18.0770320892,56.6740875244]],"icov":[[0.000131541542942,-0.000465414108476,0.000810196448583,-0.00069885229459,0.000452531356132,-0.000367641216144,0.000295373552945,-0.0000129920845211,0.000136487578857,-0.00025182007812,0.000391775596654,-0.0000405470309488,0.0000200597223738],[-0.000465414108476,0.00429264362901,-0.00347231328487,0.00406818231568,-0.00143292080611,0.00189560267609,-0.00207997579128,0.00185119989328,-0.00214488944039,0.00303026475012,-0.00426367204636,0.00327148009092,-0.00181682757102],[0.000810196448583,-0.00347231328487,0.0091580459848,-0.00690614711493,0.00430122716352,-0.00553133198991,0.00404749112204,-0.000469985825475,-0.00138561078347,-0.000727820151951,0.00325181125663,0.000439426396042,-0.000439270050265],[-0.00069885229459,0.00406818231568,-0.00690614711493,0.0121316267177,-0.00704061239958,0.0062036155723,-0.00336625077762,-0.0014680881286,0.00380442081951,-0.00355135137215,0.00405332120135,-0.0064584617503,0.00395715655759],[0.000452531356132,-0.00143292080611,0.00430122716352,-0.00704061239958,0.011466851458,-0.0051760696806,-0.00106237805448,0.0038019947242,-0.00450439797714,0.00734670553356,-0.00735657708719,0.00927504058927,-0.00602521654218],[-0.000367641216144,0.00189560267609,-0.00553133198991,0.0062036155723,-0.0051760696806,0.009581184946,-0.00122873310465,-0.00273616239429,0.00502195535228,-0.00374312093481,0.00312802870758,-0.00293893157504,0.000825699535199],[0.000295373552945,-0.00207997579128,0.00404749112204,-0.00336625077762,-0.00106237805448,-0.00122873310465,0.0104676680639,-0.00141633336898,-0.00369351729751,0.000481785304146,0.00268840743229,-0.00621066894382,0.00392085593194],[-0.0000129920845211,0.00185119989328,-0.000469985825475,-0.0014680881286,0.0038019947242,-0.00273616239429,-0.00141633336898,0.0108503233641,-0.00374956498854,0.00168146926444,-0.00776688847691,0.0072301463224,-0.00482712266967],[0.000136487578857,-0.00214488944039,-0.00138561078347,0.00380442081951,-0.00450439797714,0.00502195535228,-0.00369351729751,-0.00374956498854,0.0219280831516,-0.016149578616,0.0129976347089,-0.00690620904788,0.00511784944683],[-0.00025182007812,0.00303026475012,-0.000727820151951,-0.00355135137215,0.00734670553356,-0.00374312093481,0.000481785304146,0.00168146926444,-0.016149578616,0.0328583270311,-0.0240677632391,0.00916566047817,-0.00415434455499],[0.000391775596654,-0.00426367204636,0.00325181125663,0.00405332120135,-0.00735657708719,0.00312802870758,0.00268840743229,-0.00776688847691,0.0129976347089,-0.0240677632391,0.0415576733649,-0.0201752334833,0.0068173664622],[-0.0000405470309488,0.00327148009092,0.000439426396042,-0.0064584617503,0.00927504058927,-0.00293893157504,-0.00621066894382,0.0072301463224,-0.00690620904788,0.00916566047817,-0.0201752334833,0.0314907580614,-0.0152279287577],[0.0000200597223738,-0.00181682757102,-0.000439270050265,0.00395715655759,-0.00602521654218,0.000825699535199,0.00392085593194,-0.00482712266967,0.00511784944683,-0.00415434455499,0.0068173664622,-0.0152279287577,0.027393816039]],"mean":[-33.3149795532,123.261222839,-95.8424606323,-13.6256322861,-10.3502750397,-19.8574142456,0.807752132416,-22.1047477722,-7.47236633301,-7.77817106247,-3.6822373867,-7.23377609253,-1.22920143604]},"hfc":{"dmean":55.8693885803,"dmean2":89.0625610352,"dvar":4054.59912109,"dvar2":9853.24316406,"max":999.023620605,"mean":167.608734131,"median":151.840682983,"min":1.05309872562e-16,"var":11328.8730469},"melbands":{"dmean":[0.00114051415585,0.00109912618063,0.000614974705968,0.000586933572777,0.000594644458033,0.000443070515757,0.000191088969586,0.000168406637385,0.000142162461998,0.000127321342006,0.000108218402602,0.000111482731882,0.0000784421645221,0.0000515847095812,0.0000441840602434,0.0000419123134634,0.0000411887340306,0.0000238050888584,0.0000126441700559,0.00000711727670932,0.00000643202156425,0.00000556073564439,0.00000393909522245,0.00000373881130145,0.00000320094909512,0.00000259569856098,0.00000163522850016,0.00000128414808387,9.32569889756e-7,6.92380808687e-7,5.62872003229e-7,3.68794559336e-7,2.00406276463e-7,9.97874636255e-8,5.1460069983e-8,3.48648114823e-8,2.46444180618e-8,2.08990815764e-8,1.83747328464e-8,1.64855329388e-8],"dmean2":[0.0019235155778,0.00183460547123,0.00103228085209,0.000962901627645,0.000932949245907,0.000702743185684,0.000295881502097,0.000262592278887,0.00023061381944,0.000204885800485,0.00017271838442,0.000181655123015,0.000126319209812,0.0000836648978293,0.0000719329400454,0.0000682253739797,0.0000668494903948,0.0000384003287763,0.0000205207852559,0.0000115649745567,0.0000105323724711,0.00000873835961102,0.00000626064820608,0.00000586340729569,0.00000501534714203,0.00000406627623306,0.00000253553025686,0.00000197676740754,0.00000140857366659,0.0000010327447626,8.25033907859e-7,5.49114531623e-7,3.04346201574e-7,1.53409089876e-7,8.09366156318e-8,5.71239553437e-8,4.07636555622e-8,3.4702640761e-8,3.05648697463e-8,2.73938631778e-8],"dvar":[0.00000240673830376,0.00000284168709186,0.00000110636688078,0.00000178035736553,0.00000198912675842,7.452756563e-7,3.52417316662e-7,1.42014087601e-7,1.08484925931e-7,5.50059162663e-8,5.24181125172e-8,4.29637552202e-8,2.55510830272e-8,8.62129123647e-9,9.30937282817e-9,5.0202744184e-9,5.5320974468e-9,1.10214681825e-9,3.34019728543e-10,1.3451106895e-10,1.26152546742e-10,1.75593622975e-10,6.64496790925e-11,8.86254819532e-11,4.98516262992e-11,2.7649616971e-11,7.81808472128e-12,4.4097108777e-12,2.13691954756e-12,1.82538814793e-12,2.44328255544e-12,1.10259750549e-12,2.25631199922e-13,2.82919812523e-14,6.28124778278e-15,3.52271981862e-15,1.9174193771e-15,1.45767318673e-15,1.14139701346e-15,9.01570328234e-16],"dvar2":[0.00000640446796751,0.00000726285452401,0.00000282883797809,0.00000452122731076,0.00000495453969052,0.00000182730514098,7.95650350938e-7,3.3113346376e-7,2.73009874263e-7,1.32733930513e-7,1.29617717448e-7,1.08786423425e-7,6.70482762644e-8,2.1082808388e-8,2.2329894378e-8,1.31306858719e-8,1.50449377401e-8,2.87322543535e-9,8.45491565649e-10,3.45676737235e-10,3.29235860796e-10,4.33100333375e-10,1.53060425445e-10,2.08821876457e-10,1.06448835857e-10,6.12458694871e-11,1.76427709248e-11,1.05265041475e-11,4.90775389078e-12,3.89751468946e-12,4.94120933406e-12,2.1808750552e-12,4.97874257013e-13,6.53374652559e-14,1.53281538531e-14,8.86516202244e-15,4.78923863322e-15,3.65149804924e-15,2.8688582407e-15,2.26320384891e-15],"max":[0.0173952039331,0.0413274914026,0.0262594539672,0.0397052243352,0.0359300412238,0.0214268993586,0.0262547340244,0.00810327287763,0.0101943137124,0.00472989398986,0.00525095965713,0.0037516055163,0.00470897788182,0.00251626223326,0.00392598705366,0.00127313216217,0.00303625920787,0.000747333862819,0.000384283834137,0.000293250428513,0.000176711764652,0.000433459004853,0.000382985774195,0.000528243428562,0.000306230125716,0.000175146080437,0.0000820176064735,0.0000429589708801,0.0000241968955379,0.0000394810740545,0.0000504543095303,0.0000469678998343,0.0000199262431124,0.00000343321130458,0.00000112727354917,0.00000108235030893,8.2551360947e-7,7.50290780616e-7,6.45667569188e-7,5.65867253499e-7],"mean":[0.00171561958268,0.0015819495311,0.00098387314938,0.000957388896495,0.00101306533907,0.000726482307073,0.000323639687849,0.000286640482955,0.000224018687732,0.000202808048925,0.0001715325634,0.000174967586645,0.000131452034111,0.0000923509069253,0.000079283156083,0.0000732135085855,0.0000715623100405,0.0000426248552685,0.0000225967542065,0.000013192690858,0.0000105815743154,0.00000856032056618,0.00000641477390673,0.00000595207166043,0.00000519814921063,0.00000443983071818,0.00000294453070637,0.00000210669782064,0.00000144852913309,0.00000105932292627,8.35791070131e-7,5.43318776636e-7,2.79020667904e-7,1.38053195542e-7,7.11880474569e-8,4.2506293596e-8,2.68608282283e-8,2.14360014184e-8,1.86705282346e-8,1.68995235583e-8],"median":[0.00097066455055,0.00100685085636,0.000569150550291,0.000448819599114,0.000387687090551,0.000289918622002,0.0000968897438725,0.0000806758616818,0.0000884888722794,0.000094672825071,0.0000715938804206,0.0000800396301202,0.0000636111653876,0.0000471577732242,0.0000353631185135,0.0000396665418521,0.0000423558885814,0.0000284175075649,0.000015095287381,0.00000796355016064,0.00000573433908357,0.00000438303504779,0.00000330542161464,0.00000298614213534,0.00000277532581094,0.00000235508605329,0.00000162443302543,0.00000112068232738,7.42233453366e-7,4.75429203561e-7,3.1192496408e-7,2.05871600656e-7,1.1511860265e-7,6.29766105931e-8,3.62544945176e-8,2.10583692706e-8,1.17444152181e-8,8.14506773139e-9,6.95550461671e-9,6.39287023319e-9],"min":[5.40127983513e-25,1.37207750676e-24,1.87362590257e-24,1.32241072556e-24,2.27190224931e-24,8.88261126368e-25,2.9164925251e-24,1.87866751262e-24,2.36237059286e-24,2.54161694825e-24,3.19485471728e-24,2.26474274495e-24,3.47947928176e-24,2.72499831529e-24,3.31233740531e-24,3.21700474821e-24,3.32787086539e-24,3.43944616854e-24,3.78929848583e-24,2.95172167262e-24,3.86074482915e-24,3.91694525219e-24,3.4181832117e-24,5.16767041235e-24,4.23147277257e-24,4.90165310448e-24,4.5505445262e-24,5.44013034724e-24,4.89806181521e-24,3.61775042679e-24,4.83729585968e-24,6.07126916409e-24,5.48851670858e-24,5.57343048528e-24,6.25420798016e-24,5.55636190188e-24,6.31750184046e-24,5.75780226719e-24,6.08788928007e-24,5.80672781496e-24],"var":[0.00000419711659561,0.00000514584689881,0.00000226073075282,0.00000333427556143,0.00000447872844234,0.00000175361458332,7.65396691804e-7,3.59872501576e-7,1.80915037618e-7,1.07584440912e-7,9.63531405773e-8,7.54911155809e-8,4.58831088679e-8,2.22876561651e-8,2.30006111934e-8,1.14161267106e-8,1.06438013958e-8,2.43325692928e-9,6.86057766153e-10,3.10655251523e-10,2.16830872701e-10,2.17113479972e-10,1.10823440702e-10,1.22442042616e-10,8.18440593076e-11,5.32321478564e-11,1.70814508371e-11,7.95387800762e-12,3.77393212167e-12,3.42952988057e-12,4.68145314181e-12,2.28784742887e-12,3.88539759177e-13,4.54522792288e-14,9.30421646846e-15,4.14954029322e-15,2.13117957628e-15,1.56138210085e-15,1.20580486937e-15,9.58258855262e-16]},"melbands_crest":{"dmean":3.71710801125,"dmean2":6.18985748291,"dvar":10.0592288971,"dvar2":27.1433143616,"max":32.1978340149,"mean":13.638882637,"median":12.7824325562,"min":1.5124143362,"var":27.6154403687},"melbands_flatness_db":{"dmean":0.0322567783296,"dmean2":0.050216473639,"dvar":0.000767456600443,"dvar2":0.00182899786159,"max":0.601478517056,"mean":0.261576443911,"median":0.255103886127,"min":0.00298474193551,"var":0.00402702577412},"melbands_kurtosis":{"dmean":4.47935438156,"dmean2":7.21301937103,"dvar":48.165435791,"dvar2":118.26222229,"max":209.798141479,"mean":7.37134361267,"median":4.34795808792,"min":-1.5920624733,"var":102.659606934},"melbands_skewness":{"dmean":0.635414063931,"dmean2":0.997355103493,"dvar":0.367151588202,"dvar2":0.886621832848,"max":12.461309433,"mean":2.04626989365,"median":1.88363623619,"min":-0.652833402157,"var":1.42713928223},"melbands_spread":{"dmean":4.751932621,"dmean2":7.51784706116,"dvar":25.75522995,"dvar2":61.6613464355,"max":173.413986206,"mean":17.7555904388,"median":15.2847003937,"min":0.528854429722,"var":228.346481323},"mfcc":{"cov":[[9173.22363281,1103.9510498,-1110.09790039,852.784912109,-502.178924561,68.8171005249,-32.6896591187,4.44129943848,-121.430244446,-55.4112701416,65.2092971802,19.8723506927,59.274723053],[1103.9510498,1379.1126709,-133.940078735,-172.533569336,48.0725708008,39.5275421143,2.02830457687,-72.7593994141,-8.26956176758,25.6535358429,-13.9310903549,-66.6603851318,-51.1152114868],[-1110.09790039,-133.940078735,578.382202148,-191.178497314,111.753593445,-13.5827684402,-20.0434913635,-10.8530569077,25.3628501892,22.1082000732,0.202895328403,2.71114993095,-25.2696781158],[852.784912109,-172.533569336,-191.178497314,505.710968018,-118.054550171,37.4391098022,-17.8269920349,46.2593727112,2.41008377075,-28.817653656,24.0664730072,19.4546699524,27.1733207703],[-502.178924561,48.0725708008,111.753593445,-118.054550171,241.41595459,29.8199367523,45.5182647705,-14.0469655991,12.7361888885,7.29707145691,-35.2027397156,-21.6647338867,-31.3130550385],[68.8171005249,39.5275421143,-13.5827684402,37.4391098022,29.8199367523,161.984817505,29.8477172852,23.4751224518,6.06918668747,-16.1536941528,-13.8945903778,-17.5048847198,-7.42321777344],[-32.6896591187,2.02830457687,-20.0434913635,-17.8269920349,45.5182647705,29.8477172852,112.341720581,36.7958259583,4.94556617737,-4.27645492554,-9.1997423172,-5.83473491669,6.95825099945],[4.44129943848,-72.7593994141,-10.8530569077,46.2593727112,-14.0469655991,23.4751224518,36.7958259583,84.5636291504,29.0295696259,-6.54982852936,1.85364174843,3.83989787102,6.12057924271],[-121.430244446,-8.26956176758,25.3628501892,2.41008377075,12.7361888885,6.06918668747,4.94556617737,29.0295696259,70.0216522217,27.3159770966,5.37656784058,6.26611185074,-1.55357384682],[-55.4112701416,25.6535358429,22.1082000732,-28.817653656,7.29707145691,-16.1536941528,-4.27645492554,-6.54982852936,27.3159770966,69.2484588623,32.4154319763,6.82541513443,3.26356339455],[65.2092971802,-13.9310903549,0.202895328403,24.0664730072,-35.2027397156,-13.8945903778,-9.1997423172,1.85364174843,5.37656784058,32.4154319763,74.774269104,28.8576889038,10.8836975098],[19.8723506927,-66.6603851318,2.71114993095,19.4546699524,-21.6647338867,-17.5048847198,-5.83473491669,3.83989787102,6.26611185074,6.82541513443,28.8576889038,60.1293296814,32.7301940918],[59.274723053,-51.1152114868,-25.2696781158,27.1733207703,-31.3130550385,-7.42321777344,6.95825099945,6.12057924271,-1.55357384682,3.26356339455,10.8836975098,32.7301940918,58.494556427]],"icov":[[0.000193874278921,-0.000181834722753,0.00019219868409,-0.00027067650808,0.000221334703383,-0.0000219583344006,-0.0000485023956571,-0.0000442013515567,0.000305560039124,-0.000131004911964,0.0000881522719283,-0.000234201594139,0.000109576030809],[-0.000181834722753,0.00106992013752,0.000176817644387,0.000608364818618,-0.000193105748622,-0.000286076101474,-0.0000303632878058,0.000838444335386,-0.000609115581028,-0.0000102848471215,-0.000357857439667,0.000957066251431,0.000204643147299],[0.00019219868409,0.000176817644387,0.00254119001329,0.000599781400524,-0.000695176306181,-0.000103605918412,0.000907485547941,-0.000260785251157,-0.00029611212085,-0.0000584209519729,-0.00043371776701,-0.000457551737782,0.000645083026029],[-0.00027067650808,0.000608364818618,0.000599781400524,0.00325760873966,0.00029184811865,-0.000735024339519,0.000949723063968,-0.0008394306642,-0.000967421394307,0.00143957452383,-0.00125701830257,0.000595780264121,-0.000615973433014],[0.000221334703383,-0.000193105748622,-0.000695176306181,0.00029184811865,0.00680338405073,-0.00104458711576,-0.00331524177454,0.00232938840054,-0.000696043774951,-0.00152194360271,0.00311307376251,-0.00170294218697,0.00327116833068],[-0.0000219583344006,-0.000286076101474,-0.000103605918412,-0.000735024339519,-0.00104458711576,0.00734494812787,-0.00104891776573,-0.00128926511388,-0.000686791841872,0.00175287749153,-0.000439995812485,0.00200672959909,-0.000455463974504],[-0.0000485023956571,-0.0000303632878058,0.000907485547941,0.000949723063968,-0.00331524177454,-0.00104891776573,0.0133171211928,-0.00704522524029,0.00212762178853,-0.000313416996505,-0.000429649546277,0.00190775375813,-0.00369485211559],[-0.0000442013515567,0.000838444335386,-0.000260785251157,-0.0008394306642,0.00232938840054,-0.00128926511388,-0.00704522524029,0.0207020305097,-0.0102440277115,0.0052455640398,-0.00203320547007,0.00114203302655,-0.0000154376357386],[0.000305560039124,-0.000609115581028,-0.00029611212085,-0.000967421394307,-0.000696043774951,-0.000686791841872,0.00212762178853,-0.0102440277115,0.0241358391941,-0.0123508572578,0.00523428851739,-0.00542307971045,0.00322926440276],[-0.000131004911964,-0.0000102848471215,-0.0000584209519729,0.00143957452383,-0.00152194360271,0.00175287749153,-0.000313416996505,0.0052455640398,-0.0123508572578,0.0267336573452,-0.0133869554847,0.00631042337045,-0.00453377701342],[0.0000881522719283,-0.000357857439667,-0.00043371776701,-0.00125701830257,0.00311307376251,-0.000439995812485,-0.000429649546277,-0.00203320547007,0.00523428851739,-0.0133869554847,0.0245307330042,-0.0125561729074,0.00521638104692],[-0.000234201594139,0.000957066251431,-0.000457551737782,0.000595780264121,-0.00170294218697,0.00200672959909,0.00190775375813,0.00114203302655,-0.00542307971045,0.00631042337045,-0.0125561729074,0.0327471457422,-0.0168874431401],[0.000109576030809,0.000204643147299,0.000645083026029,-0.000615973433014,0.00327116833068,-0.000455463974504,-0.00369485211559,-0.0000154376357386,0.00322926440276,-0.00453377701342,0.00521638104692,-0.0168874431401,0.0286800507456]],"mean":[-689.392272949,186.92527771,-24.4726543427,24.2097702026,-3.38351655006,14.9515514374,5.85419559479,-1.09633076191,-1.05965578556,0.81643217802,0.797301828861,-4.77375888824,-2.64426231384]},"pitch_salience":{"dmean":0.0737097859383,"dmean2":0.122869201005,"dvar":0.00405282201245,"dvar2":0.0108442939818,"max":0.890788435936,"mean":0.587262272835,"median":0.599084317684,"min":0.0971054136753,"var":0.0103279398754},"silence_rate_20dB":{"dmean":0,"dmean2":0,"dvar":0,"dvar2":0,"max":1,"mean":1,"median":1,"min":1,"var":0},"silence_rate_30dB":{"dmean":0.0110299186781,"dmean2":0.0220628790557,"dvar":0.0109085328877,"dvar2":0.0259896237403,"max":1,"mean":0.983043849468,"median":1,"min":0,"var":0.0166701376438},"silence_rate_60dB":{"dmean":0.00275747966953,"dmean2":0.00551571976393,"dvar":0.00274990173057,"dvar2":0.00603695865721,"max":1,"mean":0.0470085479319,"median":0,"min":0,"var":0.0447990447283},"spectral_centroid":{"dmean":176.465576172,"dmean2":269.773620605,"dvar":59985.9882812,"dvar2":123148.59375,"max":11696.1464844,"mean":960.093933105,"median":798.141113281,"min":140.815353394,"var":1224746.75},"spectral_complexity":{"dmean":3.24279618263,"dmean2":4.90843915939,"dvar":8.76008987427,"dvar2":18.5312633514,"max":49,"mean":18.5439758301,"median":19,"min":0,"var":54.6523208618},"spectral_contrast_coeffs":{"dmean":[0.055300462991,0.0506288334727,0.0383003130555,0.0284126475453,0.0220714695752,0.0450704656541],"dmean2":[0.0920501276851,0.0838872864842,0.0640800818801,0.0471382290125,0.036101911217,0.0695020034909],"dvar":[0.001964392839,0.00163963146042,0.000950900197495,0.000499730114825,0.000385830993764,0.00168652459979],"dvar2":[0.005328936968,0.00450730137527,0.00255899876356,0.00136604858562,0.000974421098363,0.00379336462356],"max":[-0.295683383942,-0.460532397032,-0.594776809216,-0.63714325428,-0.656701743603,-0.443019479513],"mean":[-0.662140488625,-0.749902784824,-0.789854168892,-0.801748096943,-0.825115263462,-0.761505544186],"median":[-0.666665911674,-0.752939581871,-0.793454289436,-0.801718831062,-0.822829604149,-0.766501128674],"min":[-0.980945765972,-0.978879630566,-0.983301639557,-0.976878404617,-0.971086859703,-0.963503718376],"var":[0.00877266004682,0.00486604077742,0.00290925521404,0.00176097359508,0.00150981510524,0.00603056745604]},"spectral_contrast_valleys":{"dmean":[0.41714322567,0.347161054611,0.299337416887,0.278346031904,0.34205186367,0.649525344372],"dmean2":[0.695829987526,0.564872920513,0.480310380459,0.426353931427,0.486255675554,1.04953253269],"dvar":[0.131558656693,0.0989931151271,0.0852973908186,0.0855101719499,0.138618811965,0.334829866886],"dvar2":[0.318593889475,0.219747647643,0.174335196614,0.160047188401,0.286720395088,0.844348490238],"max":[-5.19215679169,-4.40175008774,-5.26434803009,-5.86463832855,-6.06116056442,-8.97294330597],"mean":[-7.14062786102,-6.66780996323,-7.01658010483,-7.55778408051,-8.12826442719,-11.6092033386],"median":[-6.73767852783,-6.33162975311,-6.65393686295,-7.15209960938,-7.67663288116,-11.3335342407],"min":[-27.9893455505,-27.9994869232,-27.7040786743,-27.6187286377,-27.5145397186,-27.3831558228],"var":[5.34673118591,5.61809587479,5.3965754509,5.23149013519,5.24547863007,3.70124459267]},"spectral_decrease":{"dmean":2.30698304904e-9,"dmean2":3.68321195765e-9,"dvar":8.26109992686e-18,"dvar2":2.03275847048e-17,"max":4.90268003972e-9,"mean":-5.76044145717e-9,"median":-4.46865122683e-9,"min":-5.42033546935e-8,"var":2.88883928471e-17},"spectral_energy":{"dmean":0.0103884078562,"dmean2":0.0162004400045,"dvar":0.000154494206072,"dvar2":0.000361737591447,"max":0.220107093453,"mean":0.0369438938797,"median":0.0337746664882,"min":9.88217733636e-21,"var":0.00061900325818},"spectral_energyband_high":{"dmean":0.000136721660965,"dmean2":0.00019129231805,"dvar":3.76512652167e-8,"dvar2":7.45384198808e-8,"max":0.00336509896442,"mean":0.000278498890111,"median":0.000170864659594,"min":7.07878307665e-21,"var":1.00415057602e-7},"spectral_energyband_low":{"dmean":0.00574968894944,"dmean2":0.00952234491706,"dvar":0.0000550966979063,"dvar2":0.000143526107422,"max":0.147919312119,"mean":0.0102866850793,"median":0.00778758758679,"min":1.22142307961e-23,"var":0.00010653641948},"spectral_energyband_middle_high":{"dmean":0.00182713603135,"dmean2":0.00274726422504,"dvar":0.00000609169501331,"dvar2":0.0000142872240758,"max":0.0744368135929,"mean":0.00524905137718,"median":0.00380489742383,"min":1.09485805612e-21,"var":0.0000261489021796},"spectral_energyband_middle_low":{"dmean":0.00584916444495,"dmean2":0.00910018477589,"dvar":0.0000863699315232,"dvar2":0.000212366256164,"max":0.191103339195,"mean":0.0150860669091,"median":0.00974646024406,"min":1.62356207588e-22,"var":0.000285587768303},"spectral_entropy":{"dmean":0.185587912798,"dmean2":0.277194559574,"dvar":0.0293846949935,"dvar2":0.0666278377175,"max":9.81887531281,"mean":7.30644035339,"median":7.33946418762,"min":5.09441328049,"var":0.211995750666},"spectral_flux":{"dmean":0.0213005505502,"dmean2":0.0335916429758,"dvar":0.000463268050225,"dvar2":0.00110960344318,"max":0.308815777302,"mean":0.101352922618,"median":0.101350337267,"min":6.44633582625e-11,"var":0.00193028454669},"spectral_kurtosis":{"dmean":7.13133811951,"dmean2":11.2015390396,"dvar":128.750549316,"dvar2":336.451782227,"max":202.154266357,"mean":24.456155777,"median":20.0580978394,"min":-1.25826263428,"var":309.358398438},"spectral_rms":{"dmean":0.000804754381534,"dmean2":0.00123910466209,"dvar":6.45607542538e-7,"dvar2":0.00000145194644574,"max":0.0146539630368,"mean":0.00561087392271,"median":0.00574028724805,"min":3.10501993041e-12,"var":0.00000456104271507},"spectral_rolloff":{"dmean":4056.53686523,"dmean2":7877.43896484,"dvar":56368608,"dvar2":143713520,"max":22028.4667969,"mean":16553.9199219,"median":21705.46875,"min":43.06640625,"var":74802288},"spectral_skewness":{"dmean":0.479456245899,"dmean2":0.721105992794,"dvar":0.346290886402,"dvar2":0.875043332577,"max":12.0610551834,"mean":3.25934362411,"median":3.02867078781,"min":-0.0710902363062,"var":1.45213007927},"spectral_spread":{"dmean":478000.4375,"dmean2":750048.3125,"dvar":575915819008,"dvar2":1366453780480,"max":51916336,"mean":3637354.75,"median":3208642,"min":1050786.375,"var":15947356176400},"spectral_strongpeak":{"dmean":4.3805680275,"dmean2":8.29469394684,"dvar":184.334564209,"dvar2":514.253234863,"max":126.42351532,"mean":3.34031462669,"median":0.398830503225,"min":0,"var":134.881698608},"zerocrossingrate":{"dmean":0.0362472571433,"dmean2":0.0475698523223,"dvar":0.000986882369034,"dvar2":0.0016453693388,"max":0.681640625,"mean":0.278452515602,"median":0.2822265625,"min":0.0048828125,"var":0.00935228914022}},"metadata":{"audio_properties":{"analysis_sample_rate":44100,"bit_rate":320000,"codec":"mp3","downmix":"mix","equal_loudness":0,"length":168.411422729,"lossless":false,"md5_encoded":"9ff95d938ce0f4c98295c3d0357d0e8a","replay_gain":-5.59433364868,"sample_rate":44100},"tags":{"album":["Between the Buttons"],"albumartist":["The Rolling Stones"],"albumartistsort":["Rolling Stones, The","Rolling Stones, The"],"artist":["The Rolling Stones"],"artistsort":["Rolling Stones, The"],"asin":["B00006AW2D"],"date":["1967"],"discnumber":["1/1"],"file_name":"11. The Rolling Stones - Miss Amanda Jones.mp3","genre":["Classic Rock"],"musicbrainz album release country":["GB"],"musicbrainz album status":["official"],"musicbrainz album type":["album"],"musicbrainz_albumartistid":["b071f9fa-14b0-4217-8e97-eb41da73f598"],"musicbrainz_albumid":["638f6f31-cd4c-48b2-9e5e-8109d3b226f6"],"musicbrainz_artistid":["b071f9fa-14b0-4217-8e97-eb41da73f598"],"musicbrainz_recordingid":["d3db71e5-4f49-45c8-a93f-4caf21539f15"],"musicip_puid":["015e59b3-5132-fecd-e005-45549edc1c91"],"title":["Miss Amanda Jones"],"tracknumber":["11/12"]},"version":{"essentia":"2.1-beta1","essentia_build_sha":"ca57ba49d9b1854bd80e60cf9ccf267278fb7d6b","essentia_git_sha":"v2.1_beta1-28-g21ef5f4-dirty","extractor":"music 1.0"}},"rhythm":{"beats_count":443,"beats_loudness":{"dmean":0.0169595535845,"dmean2":0.028918441385,"dvar":0.000295056117466,"dvar2":0.000826561474241,"max":0.194826707244,"mean":0.0437330678105,"median":0.0415797159076,"min":0,"var":0.000669157772791},"beats_loudness_band_ratio":{"dmean":[0.176786065102,0.13231150806,0.107488743961,0.0689404681325,0.0238380003721,0.0859707593918],"dmean2":[0.312464118004,0.231679916382,0.200528040528,0.123820066452,0.0418973043561,0.152781546116],"dvar":[0.0166187826544,0.0143042234704,0.0168988890946,0.004613