{"lowlevel":{"average_loudness":0.950776994228,"barkbands":{"dmean":[0.0000880438892636,0.00537366745993,0.00486057065427,0.00242099608295,0.00529111176729,0.00127538235392,0.000661035533994,0.000501591304783,0.000463413685793,0.000414251437178,0.000446478632512,0.000654470408335,0.000622831168585,0.0005678650341,0.000488539342768,0.000255822757026,0.000140374235343,0.000107928717625,0.000099719632999,0.0000653132010484,0.0000428359599027,0.0000520013272762,0.000053051418945,0.0000323773965647,0.0000226008305617,0.0000155895140779,0.00000190052844573],"dmean2":[0.000135870024678,0.0086360713467,0.00845560990274,0.00416267057881,0.00891214143485,0.00216455431655,0.00108674308285,0.00080863450421,0.00073567731306,0.000650297675747,0.000712298147846,0.00101417291444,0.000980457174592,0.000902830157429,0.000792382634245,0.000408357824199,0.000220202389755,0.000173069784069,0.000159852163051,0.000102787722426,0.0000655072362861,0.0000783334035077,0.0000787104654592,0.0000449581384601,0.0000311292569677,0.0000204757343454,0.00000277645312963],"dvar":[2.43958702129e-8,0.000101410012576,0.0000686578350724,0.0000164655102708,0.000183912736247,0.00000625609936833,0.00000154461031343,0.00000116415321827,0.00000178640630111,5.95662925207e-7,7.17660270766e-7,0.00000144089324294,0.00000132444949941,0.00000112265115604,7.63673085658e-7,3.04950106056e-7,1.18421816353e-7,5.89703503806e-8,5.69572051745e-8,1.60609587851e-8,7.95444599078e-9,3.51567841506e-8,6.02646679226e-8,3.36254082356e-8,2.54289633794e-9,1.53934165414e-9,2.96183702564e-11],"dvar2":[5.45734231139e-8,0.00023985626467,0.00019545435498,0.0000453553548141,0.000483362557134,0.0000171000756382,0.0000038337989281,0.00000280876497527,0.00000462391744804,0.00000136876360557,0.0000016941122567,0.00000308911126012,0.00000314704311677,0.00000270471014119,0.0000019341598545,7.52645064495e-7,2.72785314337e-7,1.47144106677e-7,1.45628746395e-7,3.85050391571e-8,1.82362640544e-8,8.90546445476e-8,1.39427456247e-7,7.08818816975e-8,4.72312100541e-9,2.75247424852e-9,6.63468446849e-11],"max":[0.00306189781986,0.165987104177,0.126026690006,0.0507245585322,0.126647830009,0.0362949110568,0.0222424566746,0.0257890149951,0.0404764413834,0.0255415793508,0.0193486455828,0.0398390106857,0.0276969484985,0.0298396963626,0.0158518534154,0.0162244103849,0.0116398343816,0.00833537522703,0.00978845823556,0.00395573489368,0.00286414055154,0.0120950518176,0.0124016152695,0.0143643412739,0.00208483613096,0.0015185889788,0.000201249829843],"mean":[0.0000966496081674,0.00712049752474,0.00875710044056,0.00328066991642,0.00561049254611,0.00166079972405,0.000946207146626,0.00075077341171,0.000678924669046,0.000654917152133,0.000732392072678,0.00124484591652,0.00112029514275,0.000971282774117,0.000862325250637,0.000471746461699,0.000275110010989,0.000207080171094,0.000201562332222,0.000142659497214,0.0000965821673162,0.000108743915916,0.000110958593723,0.0000711738903192,0.0000503227274748,0.0000297509741358,0.00000288037085738],"median":[0.0000355702832167,0.00367124704644,0.00728754000738,0.00188853882719,0.00162698351778,0.000800715759397,0.0004181546974,0.000272545556072,0.000207401026273,0.00034020881867,0.000310110917781,0.000675105839036,0.000509805278853,0.000459877308458,0.00043327891035,0.000205269359867,0.0000906148343347,0.0000965909275692,0.000104965780338,0.0000796901877038,0.0000441608353867,0.0000356253585778,0.0000330192633555,0.0000214984756894,0.0000188085141417,0.00000941448251979,6.1991727307e-7],"min":[2.30952169468e-25,2.80954546888e-24,1.38015849926e-25,7.18722246758e-25,5.59889018214e-24,7.4605557701e-24,6.95986575355e-24,9.74414242992e-24,1.36082797554e-23,1.2853459776e-23,1.27297166878e-23,1.799323725e-23,2.13726227046e-23,3.30731228246e-23,3.93076293981e-23,5.94535560402e-23,6.02821376697e-23,7.59593850093e-23,1.17728440292e-22,1.58066028576e-22,2.28166467912e-22,3.09349999069e-22,4.18914448433e-22,5.5412195117e-22,7.96033455763e-22,1.33335012005e-21,1.85190855554e-21],"var":[2.86255961157e-8,0.00011681374599,0.0000740034593036,0.0000173022417584,0.000155930509209,0.00000680126777297,0.00000239967084781,0.00000218769423554,0.000002880372449,0.00000114466376999,0.00000165839912825,0.00000410531265516,0.00000342476596416,0.00000251787287198,0.00000173675937276,7.39034533126e-7,3.48918888449e-7,1.34983409339e-7,1.15100597498e-7,4.11049079219e-8,2.76789862141e-8,6.24207103783e-8,1.05007977425e-7,5.53174537288e-8,8.18459611196e-9,3.77834119547e-9,4.44789274856e-11]},"barkbands_crest":{"dmean":2.74113321304,"dmean2":4.51822423935,"dvar":6.24237585068,"dvar2":16.5441360474,"max":25.1098003387,"mean":10.6951026917,"median":10.2597742081,"min":2.95369267464,"var":13.3726673126},"barkbands_flatness_db":{"dmean":0.0221815556288,"dmean2":0.0345158576965,"dvar":0.00043955896399,"dvar2":0.00108977325726,"max":0.417952984571,"mean":0.144020333886,"median":0.140020847321,"min":0.0332343615592,"var":0.00202282494865},"barkbands_kurtosis":{"dmean":4.16488265991,"dmean2":6.4893579483,"dvar":76.9895629883,"dvar2":161.731170654,"max":253.15524292,"mean":5.92995691299,"median":1.62745928764,"min":-1.95929765701,"var":303.867462158},"barkbands_skewness":{"dmean":0.676478505135,"dmean2":1.03661167622,"dvar":0.538051128387,"dvar2":1.18229293823,"max":12.9940185547,"mean":1.66038632393,"median":1.43119549751,"min":-9.27217674255,"var":2.43622517586},"barkbands_spread":{"dmean":5.11229085922,"dmean2":7.87428426743,"dvar":31.921880722,"dvar2":68.4134902954,"max":116.754226685,"mean":20.8670158386,"median":19.2863082886,"min":0.542215526104,"var":140.501617432},"dissonance":{"dmean":0.0190760940313,"dmean2":0.0322325192392,"dvar":0.000361984595656,"dvar2":0.000962504651397,"max":0.500000119209,"mean":0.466526210308,"median":0.473861515522,"min":0.172698363662,"var":0.000747379963286},"dynamic_complexity":2.10178661346,"erbbands":{"dmean":[0.119951628149,1.39564657211,4.85528945923,6.73994922638,18.9232177734,13.3512468338,8.95091819763,10.5303945541,8.7719335556,10.38904953,10.4832077026,10.4965333939,10.0984420776,15.3509874344,20.7858772278,25.7869720459,29.8649349213,29.8352298737,24.2354507446,17.1752967834,10.9269933701,7.00389099121,6.15749788284,3.23941040039,5.88357591629,3.04245567322,2.38132071495,1.43388700485,1.80526530743,1.97841072083,1.44634962082,0.80971288681,0.489579737186,0.262058198452,0.160127863288,0.0837235301733,0.0251972656697,0.00440791342407,0.000302870845189,0.0000214522769966],"dmean2":[0.182909205556,2.31006598473,8.47416114807,11.5297241211,31.9803886414,22.9804134369,15.0979213715,18.0121955872,14.4863805771,17.0604000092,16.8401641846,16.6519069672,15.8196172714,24.2120704651,32.7863769531,39.5929641724,46.8325614929,47.3264503479,39.0469741821,27.6811599731,17.3733768463,10.8706979752,9.64838314056,5.14125585556,9.40598583221,4.81218957901,3.66774296761,2.15245199203,2.70316886902,3.04838728905,2.1581454277,1.11226093769,0.696842610836,0.36888858676,0.223363325,0.112768851221,0.0338172353804,0.00605972576886,0.000433641980635,0.0000322487358062],"dvar":[0.0479783006012,7.14927387238,73.9708023071,106.903694153,2381.94702148,1118.13952637,264.651641846,475.154724121,244.395492554,507.308898926,583.326782227,1037.70178223,732.932983398,747.35748291,1337.06958008,2311.97558594,3157.38012695,3222.89648438,1819.03857422,980.673156738,769.864624023,257.25680542,205.26499939,39.725933075,220.80809021,39.0290718079,27.2053470612,9.91090202332,36.9917144775,79.5083618164,51.4077453613,22.5770969391,4.67530536652,0.364108175039,0.158816233277,0.0471981354058,0.00407171715051,0.000132201530505,6.52534538403e-7,2.78337242143e-9],"dvar2":[0.0971514061093,17.7881145477,208.951950073,295.149749756,6279.62158203,3028.52075195,696.705871582,1293.51367188,614.704345703,1216.79272461,1400.17138672,2705.81811523,1710.77441406,1739.76550293,3116.69042969,4961.94140625,7507.37548828,7895.10205078,4544.95214844,2470.75366211,1863.42492676,601.952575684,480.134796143,98.6212768555,560.254699707,91.7225875854,61.1499481201,19.8871440887,89.9383773804,203.489624023,119.178733826,44.3247718811,10.5765094757,0.701200485229,0.294412821531,0.086620092392,0.00754324020818,0.000264373229584,0.00000138832103858,7.54045093032e-9],"max":[3.20147204399,42.9202728271,118.65977478,158.483276367,509.963470459,367.596313477,261.304046631,429.051971436,288.43560791,551.737243652,793.126403809,1183.23937988,1608.38208008,846.154541016,804.270507812,1427.10876465,1506.29125977,1701.64575195,990.667419434,739.117370605,1088.75280762,492.762542725,546.773498535,208.957290649,628.224487305,270.99810791,170.885391235,212.266448975,407.239593506,382.52053833,419.668426514,341.815429688,172.212753296,20.788236618,19.0126819611,11.7185134888,1.92538928986,0.300203740597,0.0195824280381,0.00367843545973],"mean":[0.154268339276,1.87679982185,8.83990955353,11.3420972824,19.6288814545,14.9574346542,12.0985393524,13.4659261703,13.1467199326,14.6846752167,16.1821594238,15.9927177429,16.1718196869,26.0744247437,38.7063293457,52.3945503235,58.9221534729,54.7790298462,45.8601264954,34.5577888489,21.2240123749,15.2709331512,12.6544628143,7.34525680542,11.6356801987,6.94099664688,5.58945083618,3.24666786194,3.85482001305,3.72043061256,3.01953005791,1.72089552879,1.09481549263,0.583579361439,0.337223321199,0.163647264242,0.0463249795139,0.00755869038403,0.000493527913932,0.0000543064561498],"median":[0.0722520798445,1.08599853516,7.36420059204,8.98320770264,6.00462341309,5.05650234222,5.8254404068,6.16632270813,6.34936475754,6.47127389908,6.48054695129,4.86379957199,7.62168598175,13.8142356873,21.6528453827,29.3235702515,31.1462478638,29.1391525269,26.0334472656,18.2571735382,9.23499965668,5.74777412415,5.50267219543,4.51352977753,5.96443080902,3.78950285912,2.72905778885,1.4176658392,1.2408657074,1.00944960117,0.928891062737,0.468270480633,0.368868291378,0.212488606572,0.125693082809,0.0578940287232,0.0131279751658,0.00184585805982,0.000131335022161,0.0000436121990788],"min":[7.02321980394e-23,4.68924821945e-22,9.22620816643e-22,6.28892818144e-21,1.00020506705e-20,2.22977552418e-20,2.64879598037e-20,9.47391927542e-20,8.47438718119e-20,1.75341351852e-19,2.48937032668e-19,2.82644254888e-19,4.7153627274e-19,7.4751133224e-19,8.95766913428e-19,9.98873736012e-19,1.30728771721e-18,1.89858278544e-18,1.70153130293e-18,2.0131723225e-18,3.39878587531e-18,3.62294437668e-18,4.89573297548e-18,5.08503077712e-18,7.26828549563e-18,8.18983335401e-18,6.9258811121e-18,9.88056819219e-18,1.03300614458e-17,1.14678682307e-17,1.13629461602e-17,1.02686689279e-17,1.05654017747e-17,8.11755265772e-18,5.51682856945e-18,3.84296366627e-18,2.33270164657e-18,8.89096528969e-19,2.48568627102e-19,2.61764665264e-20],"var":[0.0639741867781,7.43149137497,74.680305481,119.29788208,1927.53881836,965.556335449,336.664886475,496.93371582,382.319885254,853.688720703,1056.75646973,1613.57263184,1372.46728516,1638.63989258,3113.74560547,6677.14453125,8282.92480469,7149.16064453,4254.48632812,2495.2277832,1837.71057129,821.735107422,572.930236816,94.7103500366,426.896026611,103.086082458,101.078125,29.5010509491,78.8840789795,110.822669983,84.0166702271,41.8340415955,7.99725437164,1.16459262371,0.43536400795,0.111374571919,0.00939496327192,0.000264197587967,0.00000110001758458,2.67136446297e-9]},"erbbands_crest":{"dmean":2.82751536369,"dmean2":4.61650848389,"dvar":7.04494333267,"dvar2":17.6562385559,"max":30.9230232239,"mean":9.91129207611,"median":8.7903842926,"min":2.10351347923,"var":20.6104793549},"erbbands_flatness_db":{"dmean":0.0178684163839,"dmean2":0.0248880553991,"dvar":0.000284637673758,"dvar2":0.000559806474485,"max":0.341939270496,"mean":0.153653979301,"median":0.152371704578,"min":0.0276213940233,"var":0.0014950344339},"erbbands_kurtosis":{"dmean":1.18797123432,"dmean2":1.87464499474,"dvar":4.13043785095,"dvar2":10.0675554276,"max":74.6026306152,"mean":1.2684340477,"median":0.604162812233,"min":-1.87450313568,"var":8.71686840057},"erbbands_skewness":{"dmean":0.388185918331,"dmean2":0.590933203697,"dvar":0.164292484522,"dvar2":0.353187531233,"max":6.47972583771,"mean":-0.0806991010904,"median":-0.146223559976,"min":-6.48569107056,"var":0.780552148819},"erbbands_spread":{"dmean":8.12257289886,"dmean2":12.1314516068,"dvar":81.6875762939,"dvar2":171.989532471,"max":168.023620605,"mean":33.5929489136,"median":29.6125640869,"min":2.27533316612,"var":329.193267822},"gfcc":{"cov":[[23590.4082031,1668.51489258,-2454.6171875,522.967651367,-653.388244629,602.783508301,-857.79901123,-77.622505188,-596.170959473,73.6210021973,-335.1378479,-124.047920227,-291.788208008],[1668.51489258,1306.96179199,-348.6222229,-167.429595947,215.365371704,-114.716323853,-5.35805797577,-81.2380752563,-16.4853954315,-62.2153701782,50.8745727539,-119.505386353,11.6516180038],[-2454.6171875,-348.6222229,1096.95129395,7.41006803513,-79.5482177734,-33.8171348572,68.6547546387,-6.41702890396,61.7992897034,60.9860877991,-28.3977794647,67.5646820068,-45.0713500977],[522.967651367,-167.429595947,7.41006803513,330.614318848,-39.2933387756,75.4693984985,-28.421339035,-13.3043279648,-6.28322887421,-4.07588195801,-2.27125644684,-29.2125873566,7.62913322449],[-653.388244629,215.365371704,-79.5482177734,-39.2933387756,430.099395752,32.3498306274,55.6937026978,0.507079362869,-1.20260488987,43.1487579346,32.3885536194,-37.9948921204,6.73304033279],[602.783508301,-114.716323853,-33.8171348572,75.4693984985,32.3498306274,194.883560181,21.3389587402,-3.99127149582,-27.8340415955,32.8695640564,6.22760343552,-7.03216028214,-16.3012943268],[-857.79901123,-5.35805797577,68.6547546387,-28.421339035,55.6937026978,21.3389587402,156.218429565,50.5388145447,23.7693386078,10.9624881744,26.9865188599,2.22839450836,9.16589355469],[-77.622505188,-81.2380752563,-6.41702890396,-13.3043279648,0.507079362869,-3.99127149582,50.5388145447,124.217735291,47.8777160645,3.45281863213,-13.5213880539,19.405620575,-0.382210403681],[-596.170959473,-16.4853954315,61.7992897034,-6.28322887421,-1.20260488987,-27.8340415955,23.7693386078,47.8777160645,111.619377136,13.3804979324,0.215070977807,-0.284326523542,10.9713945389],[73.6210021973,-62.2153701782,60.9860877991,-4.07588195801,43.1487579346,32.8695640564,10.9624881744,3.45281863213,13.3804979324,106.990356445,16.32289505,2.18441843987,-17.6471157074],[-335.1378479,50.8745727539,-28.3977794647,-2.27125644684,32.3885536194,6.22760343552,26.9865188599,-13.5213880539,0.215070977807,16.32289505,93.3633880615,17.5164985657,6.90806865692],[-124.047920227,-119.505386353,67.5646820068,-29.2125873566,-37.9948921204,-7.03216028214,2.22839450836,19.405620575,-0.284326523542,2.18441843987,17.5164985657,93.9338302612,12.5441417694],[-291.788208008,11.6516180038,-45.0713500977,7.62913322449,6.73304033279,-16.3012943268,9.16589355469,-0.382210403681,10.9713945389,-17.6471157074,6.90806865692,12.5441417694,66.6290817261]],"icov":[[0.000352064147592,-0.000931187241804,0.000619786849711,-0.000751262006816,0.000859194959048,-0.00110712111928,0.00125311361626,-0.00106800871436,0.00133714755066,-0.00146261125337,0.0016231542686,-0.0013624036219,0.00115435454063],[-0.000931187241804,0.00374019751325,-0.00138945435174,0.00259182602167,-0.00274163647555,0.00352253136225,-0.00331346481107,0.00347720668651,-0.00368155888282,0.00460339942947,-0.00509259384125,0.00507534760982,-0.00295610935427],[0.000619786849711,-0.00138945435174,0.00244538066909,-0.00157830794342,0.00156610109843,-0.00132483383641,0.000947124324739,-0.000419094925746,0.00134701316711,-0.00311667099595,0.00388146890327,-0.00370519491844,0.00342488940805],[-0.000751262006816,0.00259182602167,-0.00157830794342,0.00570595217869,-0.00158892094623,0.000763696618378,-0.00133859296329,0.00192825577687,-0.00286126229912,0.00393113866448,-0.00471632322297,0.00557240191847,-0.00396939879283],[0.000859194959048,-0.00274163647555,0.00156610109843,-0.00158892094623,0.0050890785642,-0.00322118471377,0.0023108155001,-0.00289421202615,0.00360977626406,-0.00495227007195,0.00353924557567,-0.00241839210503,0.00202890741639],[-0.00110712111928,0.00352253136225,-0.00132483383641,0.000763696618378,-0.00322118471377,0.0106598902494,-0.00581947900355,0.00415744772181,-0.00267128599808,0.00275150709786,-0.00468472903594,0.00402517011389,-0.00179357605521],[0.00125311361626,-0.00331346481107,0.000947124324739,-0.00133859296329,0.0023108155001,-0.00581947900355,0.0145641304553,-0.00903967767954,0.00534256454557,-0.00438889255747,0.00166078144684,-0.00200374983251,0.00131136644632],[-0.00106800871436,0.00347720668651,-0.000419094925746,0.00192825577687,-0.00289421202615,0.00415744772181,-0.00903967767954,0.0173201113939,-0.0098909791559,0.004649261944,-0.000683910911903,-0.000299126491882,-0.000149657949805],[0.00133714755066,-0.00368155888282,0.00134701316711,-0.00286126229912,0.00360977626406,-0.00267128599808,0.00534256454557,-0.0098909791559,0.0179287344217,-0.00756725249812,0.00475491583347,-0.00238016853109,0.000927029526792],[-0.00146261125337,0.00460339942947,-0.00311667099595,0.00393113866448,-0.00495227007195,0.00275150709786,-0.00438889255747,0.004649261944,-0.00756725249812,0.0183069389313,-0.00934696756303,0.00630914978683,-0.00208852998912],[0.0016231542686,-0.00509259384125,0.00388146890327,-0.00471632322297,0.00353924557567,-0.00468472903594,0.00166078144684,-0.000683910911903,0.00475491583347,-0.00934696756303,0.0223347004503,-0.01216495689,0.00614434387535],[-0.0013624036219,0.00507534760982,-0.00370519491844,0.00557240191847,-0.00241839210503,0.00402517011389,-0.00200374983251,-0.000299126491882,-0.00238016853109,0.00630914978683,-0.01216495689,0.022505056113,-0.00940802134573],[0.00115435454063,-0.00295610935427,0.00342488940805,-0.00396939879283,0.00202890741639,-0.00179357605521,0.00131136644632,-0.000149657949805,0.000927029526792,-0.00208852998912,0.00614434387535,-0.00940802134573,0.0229552201927]],"mean":[-5.52922534943,98.0940093994,-104.429145813,29.1738414764,-39.5036010742,26.6838951111,-34.5807800293,1.57817733288,-28.952413559,5.59528875351,-14.4776268005,-2.06383538246,-15.5941448212]},"hfc":{"dmean":4.75270652771,"dmean2":7.04622459412,"dvar":38.4058113098,"dvar2":87.3796920776,"max":221.450866699,"mean":19.5106601715,"median":17.4955291748,"min":1.06518727544e-16,"var":154.836929321},"melbands":{"dmean":[0.00128419650719,0.00219501135871,0.00142141454853,0.00133262458257,0.000313639699016,0.000231626909226,0.000136455040774,0.00011087711755,0.0000846671973704,0.0000661619487801,0.000050343125622,0.00006253272295,0.0000671793241054,0.0000775372682256,0.0000625424509053,0.0000669076544,0.0000574125588173,0.0000379512384825,0.0000360408703273,0.0000192542993318,0.0000132882269099,0.00000747821468394,0.0000095635505204,0.00000420043625127,0.00000267686345978,0.00000479451637148,0.00000293566472465,0.00000223325923798,0.00000183556812772,0.00000101355965398,9.66349603004e-7,0.00000112933128094,0.00000102995375073,0.00000119512026231,9.14679446851e-7,6.95484800417e-7,4.84379256704e-7,3.77984122224e-7,3.15795944061e-7,2.14374722418e-7],"dmean2":[0.00201534852386,0.00375798321329,0.00240465509705,0.0022660207469,0.000532196019776,0.000395082024625,0.000224870367674,0.000180796734639,0.000135891896207,0.00010487002146,0.0000788012694102,0.0000987256353255,0.000106397346826,0.000120310549391,0.0000982296551229,0.000105543898826,0.0000913363182917,0.0000606907560723,0.000058135476138,0.0000311314179271,0.0000212052982533,0.00001173315286,0.0000149064762809,0.00000675818955642,0.00000428624935012,0.00000774814907345,0.00000464769482278,0.00000358676606993,0.00000286748786493,0.0000015827279185,0.00000148237927533,0.00000172035231571,0.00000159140370215,0.00000185590124602,0.00000139668827615,0.00000102771207366,6.87678550548e-7,5.56125257845e-7,4.67641228852e-7,3.06375170567e-7],"dvar":[0.00000572247745367,0.0000154122044478,0.00000544361228094,0.0000124359648908,3.28608393829e-7,2.19134932422e-7,6.06346759469e-8,5.57228361231e-8,4.07093203592e-8,4.19474233126e-8,1.8464255902e-8,1.31017010574e-8,1.65905031935e-8,2.34561774448e-8,1.24148868963e-8,1.49507055625e-8,1.18812035765e-8,4.54740556322e-9,4.28300639399e-9,1.70337710603e-9,1.43459732982e-9,3.43234551892e-10,6.61477372876e-10,9.23348134063e-11,2.91469799685e-11,1.68504946108e-10,3.10004626136e-11,2.21704564429e-11,1.95183470081e-11,4.50373245642e-12,5.83103617474e-12,1.36054110686e-11,1.76651783479e-11,2.85890165708e-11,2.12608264327e-11,1.05209434914e-11,1.1031083165e-11,4.28967061525e-12,6.36203112761e-13,2.40905602758e-13],"dvar2":[0.0000126696168081,0.000041784143832,0.0000147001292135,0.0000331055016431,8.79692379385e-7,5.98605765845e-7,1.51737495457e-7,1.35356827968e-7,9.94716984337e-8,1.10183421498e-7,4.33138644951e-8,3.02927247731e-8,3.87849112826e-8,5.07707760278e-8,2.8374495642e-8,3.5329239978e-8,2.88069887944e-8,1.09527551473e-8,1.06215249929e-8,4.32656444005e-9,3.41003536519e-9,8.2030060522e-10,1.46699263848e-9,2.33020908125e-10,7.22196816239e-11,4.35410901778e-10,7.57913870553e-11,5.24534859991e-11,4.47070123977e-11,1.13474949923e-11,1.17376967521e-11,3.22367930961e-11,4.80730941166e-11,7.14149572811e-11,5.18278024664e-11,2.03888989025e-11,2.47553418736e-11,1.01433349567e-11,1.39198461785e-12,4.80318096494e-13],"max":[0.0388948321342,0.0511250942945,0.0246524307877,0.0327138341963,0.00789590366185,0.0084566520527,0.00476944865659,0.00550128147006,0.00686189159751,0.00711081037298,0.00777562335134,0.00358346803114,0.00319002917968,0.00594149855897,0.00258863647468,0.00282350182533,0.00307133235037,0.0017758004833,0.00156013423111,0.00122500187717,0.00154708011542,0.000634510593954,0.000751875748392,0.000265264330665,0.000193555242731,0.000601866631769,0.000189970916836,0.000186583929462,0.000154947178089,0.0000593086951994,0.000177694048034,0.000250256009167,0.000227641285164,0.000187605590327,0.000276711798506,0.000168852158822,0.000252511032159,0.000176268920768,0.0000293669072562,0.0000194475032913],"mean":[0.00169168133289,0.0039669428952,0.00225496152416,0.00138018641155,0.000432764529251,0.000299807696138,0.000202509501833,0.000160534487804,0.000129127976834,0.0000979799006018,0.0000770710903453,0.00010040273628,0.000116714400065,0.000147244645632,0.000119969532534,0.000121969191241,0.0000974702707026,0.0000659312863718,0.0000651419031783,0.0000340932019753,0.0000230758560065,0.0000142228718687,0.0000176292160177,0.00000767980600358,0.00000523048720424,0.00000908160382096,0.00000587094518778,0.00000445157456852,0.00000395051029045,0.00000206866116059,0.00000192686684386,0.00000231554554375,0.00000188535409507,0.00000211639530789,0.00000176968126198,0.00000138862776566,9.41991572745e-7,7.73062708959e-7,6.72120847867e-7,4.31259451261e-7],"median":[0.000837515108287,0.00342853600159,0.00173565000296,0.000393379479647,0.000214437051909,0.000140825635754,0.0000955568975769,0.0000701440440025,0.0000507211079821,0.0000283616063825,0.0000334429387294,0.0000476328204968,0.0000570537304156,0.0000802613576525,0.0000649030698696,0.0000606913781667,0.0000461163872387,0.0000345667285728,0.0000322593623423,0.0000154683584697,0.00000805031231721,0.00000508311950398,0.00000539474694961,0.00000392919537262,0.00000313092095894,0.00000426059523306,0.00000318345018968,0.00000225038365897,0.00000187936507245,9.19471062844e-7,7.76610249886e-7,7.37320192457e-7,5.50402830868e-7,5.36893026037e-7,5.55940232516e-7,3.88536705032e-7,2.39148221226e-7,2.59874497033e-7,2.1377968551e-7,1.64366213085e-7],"min":[6.66058829498e-25,5.38902044362e-25,1.43042205374e-24,1.85531584932e-24,1.54060018561e-24,2.32395977209e-24,1.24189928575e-24,1.69864550974e-24,1.75903044545e-24,1.93897849262e-24,1.92041363729e-24,2.80517005187e-24,2.17780534282e-24,1.93042388775e-24,2.65398269002e-24,2.8472005609e-24,3.14149005198e-24,2.27592465107e-24,3.13345353151e-24,2.66254656401e-24,2.79046765675e-24,3.37908253207e-24,2.79052189094e-24,3.83916751124e-24,3.88513601391e-24,3.84004748558e-24,3.47659086755e-24,4.82099681008e-24,3.64722266464e-24,3.73924052822e-24,4.97475960558e-24,4.91829688629e-24,5.02260401948e-24,5.32565085268e-24,5.75245773456e-24,5.5224168227e-24,5.54623016684e-24,6.15270643077e-24,5.58980408223e-24,6.00159223577e-24],"var":[0.0000070919868449,0.0000156629976118,0.00000540286509931,0.0000101390360214,3.92449265973e-7,2.31918534155e-7,9.47167535514e-8,9.85371428897e-8,7.29175653191e-8,6.47979234714e-8,3.41507622181e-8,2.80110583617e-8,3.73252575514e-8,6.80578580159e-8,3.10814023408e-8,3.59264618055e-8,2.62475676749e-8,1.02363415522e-8,9.91637882919e-9,3.8141463321e-9,3.23889803866e-9,9.83370940233e-10,1.96019733778e-9,1.88423540659e-10,5.82138573457e-11,2.93401747342e-10,7.50648362913e-11,5.08541958544e-11,6.15714285113e-11,1.22595848404e-11,1.41038214094e-11,3.04823111197e-11,2.24358899514e-11,4.14405350313e-11,3.00166627665e-11,2.17427291449e-11,1.59827220902e-11,5.57248648267e-12,2.01504936868e-12,6.15745247758e-13]},"melbands_crest":{"dmean":3.39133048058,"dmean2":5.59458303452,"dvar":9.28736114502,"dvar2":23.6543579102,"max":33.1490058899,"mean":16.0315856934,"median":16.1106739044,"min":1.0008136034,"var":25.391576767},"melbands_flatness_db":{"dmean":0.0275741815567,"dmean2":0.0424609929323,"dvar":0.00069459725637,"dvar2":0.00165903370362,"max":0.569214880466,"mean":0.225113496184,"median":0.224716097116,"min":1.81202011618e-7,"var":0.00453015277162},"melbands_kurtosis":{"dmean":9.55664634705,"dmean2":14.9173173904,"dvar":366.591369629,"dvar2":748.718078613,"max":538.914001465,"mean":16.493478775,"median":6.93712759018,"min":-1.95015954971,"var":1372.98620605},"melbands_skewness":{"dmean":0.889238536358,"dmean2":1.37637317181,"dvar":0.929319441319,"dvar2":2.0580124855,"max":17.0572509766,"mean":2.83839702606,"median":2.50650835037,"min":-5.41936016083,"var":3.56252574921},"melbands_spread":{"dmean":7.10814285278,"dmean2":11.0133190155,"dvar":86.3130722046,"dvar2":187.31111145,"max":276.416107178,"mean":23.1119365692,"median":17.7246017456,"min":0.57051217556,"var":515.906555176},"mfcc":{"cov":[[8155.57226562,856.468688965,-625.163879395,-19.272518158,198.187988281,248.309631348,17.3926734924,-99.3971328735,-129.578994751,26.2551422119,-134.800430298,-77.8624343872,-72.1038894653],[856.468688965,1563.61572266,-327.4815979,4.8813996315,119.457695007,-3.36976027489,66.3582992554,-61.912563324,-29.840587616,16.2646331787,-24.2304801941,3.26276612282,44.8544883728],[-625.163879395,-327.4815979,895.557312012,64.3234786987,-109.007980347,10.5413293839,-87.1136627197,10.7334918976,-0.090277723968,-35.6969184875,48.1414451599,-12.2317266464,-2.56008577347],[-19.272518158,4.8813996315,64.3234786987,195.424423218,51.8463439941,12.3304262161,7.27882432938,-8.10354423523,15.1778564453,14.9244995117,-8.55822849274,10.4446716309,0.418438971043],[198.187988281,119.457695007,-109.007980347,51.8463439941,214.954147339,82.3637619019,44.4265213013,-24.2174606323,4.61876964569,24.9561023712,-10.8844881058,13.3244380951,19.4490356445],[248.309631348,-3.36976027489,10.5413293839,12.3304262161,82.3637619019,176.457397461,83.7794647217,-33.9998016357,-11.7511129379,23.0128059387,-2.15875792503,5.89249658585,21.9125041962],[17.3926734924,66.3582992554,-87.1136627197,7.27882432938,44.4265213013,83.7794647217,163.349334717,9.20059490204,-5.24078559875,23.6305465698,-2.43464446068,18.2585430145,31.8541660309],[-99.3971328735,-61.912563324,10.7334918976,-8.10354423523,-24.2174606323,-33.9998016357,9.20059490204,114.206809998,33.4903755188,-7.88264465332,9.57541751862,2.51257920265,0.664402246475],[-129.578994751,-29.840587616,-0.090277723968,15.1778564453,4.61876964569,-11.7511129379,-5.24078559875,33.4903755188,103.443916321,38.6938591003,9.58759784698,-0.0259947683662,-3.11107397079],[26.2551422119,16.2646331787,-35.6969184875,14.9244995117,24.9561023712,23.0128059387,23.6305465698,-7.88264465332,38.6938591003,92.9656066895,21.6174373627,4.09485912323,4.17290353775],[-134.800430298,-24.2304801941,48.1414451599,-8.55822849274,-10.8844881058,-2.15875792503,-2.43464446068,9.57541751862,9.58759784698,21.6174373627,79.1961517334,23.1090946198,6.13747596741],[-77.8624343872,3.26276612282,-12.2317266464,10.4446716309,13.3244380951,5.89249658585,18.2585430145,2.51257920265,-0.0259947683662,4.09485912323,23.1090946198,67.0104904175,30.6058444977],[-72.1038894653,44.8544883728,-2.56008577347,0.418438971043,19.4490356445,21.9125041962,31.8541660309,0.664402246475,-3.11107397079,4.17290353775,6.13747596741,30.6058444977,82.240447998]],"icov":[[0.000155997258844,-0.0000800742855063,0.000102817903098,-0.000019724093363,0.0000357239114237,-0.000377983262297,0.000253989099292,-0.000134043148137,0.000221128560952,-0.000121720338939,0.000176995556103,0.0000400100288971,0.000165154939168],[-0.0000800742855063,0.000794379680883,0.000147609214764,-0.00000785751490184,-0.000380188896088,0.000644496758468,-0.000438652874436,0.00050922902301,4.65705113584e-7,0.0000871396405273,-0.000166226760484,0.000305557681713,-0.000520564266481],[0.000102817903098,0.000147609214764,0.0016501568025,-0.000908724439796,0.000969993532635,-0.00128122977912,0.00115738913883,-0.00021687966364,0.0000784107178333,0.000679586490151,-0.00108967674896,0.000725351623259,-0.000489061989356],[-0.000019724093363,-0.00000785751490184,-0.000908724439796,0.00617654900998,-0.00188823672943,0.000952221336775,-0.000608889735304,0.000474010710604,-0.0007078476483,-0.0009148507379,0.00161023496184,-0.00159735896159,0.00084605650045],[0.0000357239114237,-0.000380188896088,0.000969993532635,-0.00188823672943,0.00715571921319,-0.0036186510697,0.000902498723008,0.000032820920751,-0.000389737077057,-0.000409600848798,0.000465629855171,-0.000696185743436,-0.000569058291148],[-0.000377983262297,0.000644496758468,-0.00128122977912,0.000952221336775,-0.0036186510697,0.0115101030096,-0.0058871791698,0.00334411207587,-0.000104773513158,-0.000621175742708,-0.00034931852133,0.000939955411013,-0.000981581979431],[0.000253989099292,-0.000438652874436,0.00115738913883,-0.000608889735304,0.000902498723008,-0.0058871791698,0.0107418773696,-0.00333805871196,0.00184562790673,-0.00214193365537,0.00110276998021,-0.00131716160104,-0.0016910667764],[-0.000134043148137,0.00050922902301,-0.00021687966364,0.000474010710604,0.000032820920751,0.00334411207587,-0.00333805871196,0.0120233781636,-0.00484013929963,0.00324460444972,-0.00175692338962,0.000503404939082,-0.00051136413822],[0.000221128560952,4.65705113584e-7,0.0000784107178333,-0.0007078476483,-0.000389737077057,-0.000104773513158,0.00184562790673,-0.00484013929963,0.0141890691593,-0.00681196991354,0.000931916118134,0.0000465102821181,0.000439526193077],[-0.000121720338939,0.0000871396405273,0.000679586490151,-0.0009148507379,-0.000409600848798,-0.000621175742708,-0.00214193365537,0.00324460444972,-0.00681196991354,0.0162802897394,-0.00531913060695,0.00173657713458,-0.000395703740651],[0.000176995556103,-0.000166226760484,-0.00108967674896,0.00161023496184,0.000465629855171,-0.00034931852133,0.00110276998021,-0.00175692338962,0.000931916118134,-0.00531913060695,0.0172194223851,-0.00674021150917,0.00130220677238],[0.0000400100288971,0.000305557681713,0.000725351623259,-0.00159735896159,-0.000696185743436,0.000939955411013,-0.00131716160104,0.000503404939082,0.0000465102821181,0.00173657713458,-0.00674021150917,0.0212209224701,-0.00716128898785],[0.000165154939168,-0.000520564266481,-0.000489061989356,0.00084605650045,-0.000569058291148,-0.000981581979431,-0.0016910667764,-0.00051136413822,0.000439526193077,-0.000395703740651,0.00130220677238,-0.00716128898785,0.0162285026163]],"mean":[-644.949584961,131.602050781,1.01996958256,17.3469696045,14.3259859085,21.4693622589,9.92224979401,1.32512450218,-5.18867492676,3.27759957314,-0.950495123863,-0.933335065842,2.25691270828]},"pitch_salience":{"dmean":0.0818313732743,"dmean2":0.134264022112,"dvar":0.00549240224063,"dvar2":0.0144048109651,"max":0.996086478233,"mean":0.511907160282,"median":0.505001187325,"min":0.127824902534,"var":0.0133248632774},"silence_rate_20dB":{"dmean":0,"dmean2":0,"dvar":0,"dvar2":0,"max":1,"mean":1,"median":1,"min":1,"var":0},"silence_rate_30dB":{"dmean":0.0123338960111,"dmean2":0.024669604376,"dvar":0.0121822115034,"dvar2":0.0340479277074,"max":1,"mean":0.992658913136,"median":1,"min":0,"var":0.00728679262102},"silence_rate_60dB":{"dmean":0.00734160467982,"dmean2":0.0146842878312,"dvar":0.00728723127395,"dvar2":0.0163756813854,"max":1,"mean":0.0500660687685,"median":0,"min":0,"var":0.0475558750331},"spectral_centroid":{"dmean":227.600906372,"dmean2":347.566497803,"dvar":77018.28125,"dvar2":155835.4375,"max":11787.0009766,"mean":1249.9107666,"median":1008.97937012,"min":139.201828003,"var":1749783.625},"spectral_complexity":{"dmean":2.96160340309,"dmean2":4.53524208069,"dvar":7.27658367157,"dvar2":15.7132101059,"max":48,"mean":18.2457790375,"median":18,"min":0,"var":58.1779518127},"spectral_contrast_coeffs":{"dmean":[0.0562785677612,0.0494402945042,0.0428712926805,0.0351783894002,0.0227495301515,0.015013307333],"dmean2":[0.0925493389368,0.0808184966445,0.0671493709087,0.0548595152795,0.0349642969668,0.0242704059929],"dvar":[0.0023209284991,0.0016312681837,0.00124972173944,0.000868835952133,0.000372098613298,0.000188082049135],"dvar2":[0.00626416411251,0.00428120791912,0.00298679992557,0.00203566276468,0.000839274085592,0.000460722163552],"max":[-0.267111033201,-0.388809502125,-0.431257665157,-0.52044159174,-0.548077344894,-0.602569878101],"mean":[-0.627700269222,-0.747287750244,-0.753165602684,-0.756406664848,-0.793272852898,-0.784269034863],"median":[-0.627305150032,-0.752950012684,-0.753472864628,-0.757989227772,-0.797323048115,-0.784002184868],"min":[-0.982555866241,-0.997105836868,-0.998877704144,-0.993419468403,-0.989197313786,-0.965746104717],"var":[0.00743233505636,0.00524187460542,0.0049988781102,0.00424325326458,0.00241481489502,0.00135052576661]},"spectral_contrast_valleys":{"dmean":[0.42545607686,0.435427457094,0.381728678942,0.357907831669,0.246212407947,0.278671860695],"dmean2":[0.679593086243,0.6874101758,0.578711152077,0.526410341263,0.3522310853,0.350001573563],"dvar":[0.158195108175,0.175358086824,0.146760001779,0.146055012941,0.097750723362,0.136725634336],"dvar2":[0.339822530746,0.376806646585,0.277675718069,0.253929018974,0.15640796721,0.223614811897],"max":[-5.10180568695,-4.72744035721,-5.44487953186,-5.56887960434,-6.10584592819,-7.72870349884],"mean":[-7.14846849442,-7.04710102081,-7.54393148422,-7.74595212936,-7.99249696732,-10.3847408295],"median":[-6.72472858429,-6.68879938126,-7.14608383179,-7.27432584763,-7.58169221878,-10.1141796112],"min":[-28.3179016113,-27.9510326385,-27.8778610229,-27.801820755,-27.5397930145,-27.3965053558],"var":[6.60742521286,6.60652017593,6.30983161926,6.4003663063,5.97765254974,4.82224655151]},"spectral_decrease":{"dmean":3.88619314506e-9,"dmean2":6.28026208815e-9,"dvar":3.3874644197e-17,"dvar2":8.60907148407e-17,"max":2.52788103369e-28,"mean":-9.13753250842e-9,"median":-7.88225662518e-9,"min":-5.9168975497e-8,"var":4.23415557592e-17},"spectral_energy":{"dmean":0.0149686764926,"dmean2":0.0241447612643,"dvar":0.000497325556353,"dvar2":0.00126273976639,"max":0.227417096496,"mean":0.0362567901611,"median":0.0315500795841,"min":1.00676927836e-20,"var":0.000633556803223},"spectral_energyband_high":{"dmean":0.000198852212634,"dmean2":0.000266403134447,"dvar":2.92172501304e-7,"dvar2":6.06665935265e-7,"max":0.0284510757774,"mean":0.000556371407583,"median":0.000265250680968,"min":6.80590071621e-21,"var":8.73969270287e-7},"spectral_energyband_low":{"dmean":0.00902861822397,"dmean2":0.0146542098373,"dvar":0.000234005477978,"dvar2":0.000585658301134,"max":0.18367895484,"mean":0.0176445972174,"median":0.0153735727072,"min":9.72757082889e-24,"var":0.000291501753964},"spectral_energyband_middle_high":{"dmean":0.00178679358214,"dmean2":0.00278599350713,"dvar":0.00000442193822892,"dvar2":0.0000106954439616,"max":0.0414929687977,"mean":0.00672102347016,"median":0.005780111067,"min":1.14295751821e-21,"var":0.0000250057237281},"spectral_energyband_middle_low":{"dmean":0.00867465976626,"dmean2":0.0143872881308,"dvar":0.000337848468916,"dvar2":0.000884027162101,"max":0.175850763917,"mean":0.0130921881646,"median":0.00806776806712,"min":1.43386500955e-22,"var":0.000317765545333},"spectral_entropy":{"dmean":0.161267772317,"dmean2":0.243143483996,"dvar":0.0252253562212,"dvar2":0.0565873794258,"max":9.82462406158,"mean":7.50684547424,"median":7.48963689804,"min":5.31045246124,"var":0.21033655107},"spectral_flux":{"dmean":0.0358732901514,"dmean2":0.0541557408869,"dvar":0.00159240432549,"dvar2":0.00326593848877,"max":0.390685081482,"mean":0.0986614972353,"median":0.085845567286,"min":6.26502183465e-11,"var":0.00333162746392},"spectral_kurtosis":{"dmean":1.58367800713,"dmean2":2.48691439629,"dvar":3.65345668793,"dvar2":9.28927326202,"max":39.5511550903,"mean":5.58358383179,"median":5.21839809418,"min":-1.27634239197,"var":12.5976686478},"spectral_rms":{"dmean":0.00108284514863,"dmean2":0.00168140733149,"dvar":0.00000169851625742,"dvar2":0.00000409456697525,"max":0.0148953124881,"mean":0.00559070752934,"median":0.00554802361876,"min":3.13402927742e-12,"var":0.00000411633527619},"spectral_rolloff":{"dmean":387.51965332,"dmean2":642.849731445,"dvar":464972.28125,"dvar2":957536,"max":19767.4804688,"mean":1468.04992676,"median":1098.19335938,"min":86.1328125,"var":5813442.5},"spectral_skewness":{"dmean":0.199399068952,"dmean2":0.304387569427,"dvar":0.0397571288049,"dvar2":0.0916017889977,"max":5.09612560272,"mean":1.77851641178,"median":1.80010724068,"min":-0.470357090235,"var":0.299564152956},"spectral_spread":{"dmean":585924.375,"dmean2":781771.3125,"dvar":665650003968,"dvar2":1079691706370,"max":43013860,"mean":5114325.5,"median":4297729.5,"min":1301324.625,"var":20675634921500},"spectral_strongpeak":{"dmean":0.456185102463,"dmean2":0.803148448467,"dvar":0.790992558002,"dvar2":2.13445782661,"max":11.0886058807,"mean":0.731240272522,"median":0.526122808456,"min":0,"var":0.836991727352},"zerocrossingrate":{"dmean":0.00852135196328,"dmean2":0.0102162994444,"dvar":0.000122449957416,"dvar2":0.000152825101395,"max":0.53564453125,"mean":0.0559755563736,"median":0.04345703125,"min":0.00390625,"var":0.00398512324318}},"metadata":{"audio_properties":{"analysis_sample_rate":44100,"bit_rate":320026,"codec":"mp3","downmix":"mix","equal_loudness":0,"length":316.26449585,"lossless":false,"md5_encoded":"f188383679fb8153194e08ee899269bb","replay_gain":-8.53029251099,"sample_rate":44100},"tags":{"album":["Fighting"],"albumartist":["Thin Lizzy"],"albumartistsort":["Thin Lizzy"],"artist":["Thin Lizzy"],"artistsort":["Thin Lizzy"],"barcode":["042284243322"],"catalognumber":["842 433-2"],"date":["1990"],"discnumber":["1/1"],"file_name":"03. Thin Lizzy - Suicide.mp3","label":["Vertigo"],"media":["CD"],"musicbrainz album release country":["DE"],"musicbrainz album status":["official"],"musicbrainz album type":["album"],"musicbrainz_albumartistid":["6a726ac6-019e-455c-8bbb-571a77bed52e"],"musicbrainz_albumid":["85dfbc75-c389-4c36-a0f2-4d7b41723478"],"musicbrainz_artistid":["6a726ac6-019e-455c-8bbb-571a77bed52e"],"musicbrainz_recordingid":["d3e3affe-0141-4ec2-a194-c4d9e155f6a9"],"musicbrainz_releasegroupid":["634a7c5f-b10b-3634-9261-eef34ad03eaf"],"originaldate":["1975"],"originalyear":["1975"],"script":["Latn"],"title":["Suicide"],"tracknumber":["3/10"]},"version":{"essentia":"2.1-beta2","essentia_build_sha":"70f2e5ece6736b2c40cc944ad0e695b16b925413","essentia_git_sha":"v2.1_beta2","extractor":"music 1.0"}},"rhythm":{"beats_count":748,"beats_loudness":{"dmean":0.0186439938843,"dmean2":0.0331594161689,"dvar":0.000354240415618,"dvar2":0.00108077703044,"max":0.145375475287,"mean":0.050972353667,"median":0.0502925589681,"min":0,"var":0.000463890872197},"beats_loudness_band_ratio":{"dmean":[0.160986363888,0.27338501811,0.0552717223763,0.065700314939,0.0332239232957,0.0325447358191],"dmean2":[0.292148917913,0.540519893169,0.100315444171,0.115709342062,0.0582277551293,0.0593365207314],"dvar":[0.0155924018472,0.0186446923763,0.00682504661381,0.00851404480636,0.00170222530141,0.00504866288975],"dvar2":[0.0464134588838,0.0641