{"lowlevel":{"average_loudness":0.767304480076,"barkbands":{"dmean":[0.00100579112768,0.00749431923032,0.00328349834308,0.00307615357451,0.00305240601301,0.00148395972792,0.000924979511183,0.000646315922495,0.000823661801405,0.000401066674385,0.000672134803608,0.000547308241948,0.000401133671403,0.000274180609267,0.000228732940741,0.000121166449389,0.0000615402968833,0.0000307208938466,0.0000145309331856,0.0000105943163362,0.00000646387161396,0.0000038392481656,0.00000247406683229,0.00000213582620745,0.00000217872843677,0.00000280366657535,0.000208939163713],"dmean2":[0.00171469547786,0.0124008636922,0.00545439403504,0.00493292184547,0.00491583021358,0.00234763044864,0.00144677527715,0.00103396596387,0.00131017505191,0.000642645813059,0.00103685946669,0.000866154150572,0.000644496583845,0.000441486597992,0.000361971906386,0.000194472755538,0.0000944869752857,0.000048890720791,0.0000232252587011,0.0000172099225892,0.0000102942221929,0.00000605085642746,0.00000397821895604,0.00000347700006387,0.00000352800952896,0.00000446280137112,0.000290536903776],"dvar":[0.00000610343658991,0.000277982297121,0.0000347604145645,0.00007622022531,0.0000722625773051,0.000033039610571,0.00000530766055817,0.00000287551574729,0.00000463559626951,0.00000223763959184,0.00000363418530469,0.00000169663428551,0.00000167471409895,6.86817713813e-7,5.03956471221e-7,1.36027281883e-7,4.66437342084e-8,1.65351359271e-8,5.66432589721e-9,2.7960667115e-9,1.23394627849e-9,2.58788851459e-10,3.72048572506e-11,2.05165537337e-11,2.04460129383e-11,3.16983002346e-11,2.70532495961e-7],"dvar2":[0.0000159300179803,0.000721441232599,0.0000894613694982,0.000174392087501,0.000172795320395,0.0000755019718781,0.0000120627209981,0.00000687757619744,0.0000110417013275,0.00000534690525456,0.00000824757808005,0.00000409301901527,0.00000433213381257,0.00000177764502496,0.00000126424583868,3.26200705558e-7,9.53036192186e-8,3.73240283125e-8,1.37526381394e-8,6.12494899244e-9,2.75677436434e-9,4.79965900357e-10,8.17020895383e-11,5.06400997524e-11,5.00347194232e-11,7.44226208438e-11,4.65545525685e-7],"max":[0.0418379642069,0.266258150339,0.123363822699,0.239804059267,0.44218558073,0.280684947968,0.114326491952,0.0639584064484,0.0792905837297,0.119611851871,0.0504687316716,0.0447682142258,0.046273548156,0.0259373299778,0.0323476456106,0.013450331986,0.0096461577341,0.00734517490491,0.00505919149145,0.00370790017769,0.00313269346952,0.00119521270972,0.000269368145382,0.0000840251886984,0.0000839533677208,0.000145424666698,0.017005931586],"mean":[0.000925463449676,0.00841545220464,0.00408009858802,0.00376937538385,0.0039990413934,0.00190389913041,0.00130180479027,0.000884146022145,0.00115226383787,0.000521658803336,0.000891193107236,0.00078648008639,0.000548256852198,0.000371572969016,0.000312546791974,0.000153922403115,0.0000864863177412,0.000041641847929,0.0000181062605407,0.0000127575385704,0.00000720482876204,0.00000427219038102,0.00000266083134193,0.00000218468130697,0.00000227077021009,0.00000319313562613,0.000386375555536],"median":[0.000207456789212,0.00265379529446,0.00144144659862,0.000908349233214,0.00126592162997,0.000406519538956,0.000332017341862,0.000226930758799,0.000253257516306,0.000103186539491,0.000124582686112,0.00015367908054,0.0000682468162267,0.0000413020752603,0.00003218834172,0.0000197073459276,0.0000102001513369,0.00000502398916069,0.00000258184809354,0.00000175875675268,0.00000119977812574,8.09295784165e-7,5.84816177707e-7,4.91796697588e-7,5.18275498962e-7,8.73947328728e-7,0.000042783212848],"min":[4.23695298928e-24,5.63317249936e-24,9.721065093e-24,1.41023354517e-23,6.98491145621e-23,4.44400341781e-23,2.16499909321e-23,2.70048008448e-23,6.23092451388e-23,6.9579349376e-23,2.14589193545e-23,8.13175870239e-23,6.78795497628e-23,8.90286455745e-23,1.02201657126e-22,9.34361818459e-23,1.26822756973e-22,2.49800971926e-22,2.23552426788e-22,2.74761717414e-22,3.43801309226e-22,3.6191390902e-22,6.94895883646e-22,6.11536484786e-22,1.15183102957e-21,1.43883331864e-21,2.1533110776e-21],"var":[0.00000514304338139,0.000276202597888,0.0000531848745595,0.00013255054364,0.0000953968046815,0.0000436065529357,0.0000088498381956,0.00000437756443716,0.00000799464578449,0.00000332740592057,0.0000062857766352,0.00000291103856398,0.00000256910243479,0.00000105469075606,6.8519375418e-7,1.6907290501e-7,7.07010912038e-8,2.10563992908e-8,6.05556493838e-9,4.87213069889e-9,1.68286451441e-9,4.17670231734e-10,5.22718673901e-11,2.27333048219e-11,2.32053647131e-11,4.08661923745e-11,8.15238081486e-7]},"barkbands_crest":{"dmean":3.54108405113,"dmean2":5.90518903732,"dvar":8.84548950195,"dvar2":23.6544647217,"max":26.0161495209,"mean":11.3943748474,"median":10.7372503281,"min":2.76109480858,"var":19.5727157593},"barkbands_flatness_db":{"dmean":0.0407664813101,"dmean2":0.0648453608155,"dvar":0.00117171101738,"dvar2":0.00295716198161,"max":0.488873302937,"mean":0.203756794333,"median":0.195866331458,"min":0.0418391041458,"var":0.00356094446033},"barkbands_kurtosis":{"dmean":12.8167762756,"dmean2":20.4844684601,"dvar":460.512817383,"dvar2":1157.48730469,"max":604.465637207,"mean":20.1932258606,"median":11.0129814148,"min":-1.927552104,"var":799.025939941},"barkbands_skewness":{"dmean":1.06308209896,"dmean2":1.67416965961,"dvar":1.20064294338,"dvar2":2.91327238083,"max":20.3625030518,"mean":2.99445414543,"median":2.58534002304,"min":-1.92072951794,"var":3.62899637222},"barkbands_spread":{"dmean":5.71702337265,"dmean2":8.76577758789,"dvar":56.0352363586,"dvar2":127.15763092,"max":139.955474854,"mean":14.2138204575,"median":9.7686882019,"min":0.254377275705,"var":205.223693848},"dissonance":{"dmean":0.0292265322059,"dmean2":0.0493941009045,"dvar":0.000786552554928,"dvar2":0.00211925338954,"max":0.500000178814,"mean":0.453144997358,"median":0.462304770947,"min":0.213282778859,"var":0.00136880052742},"dynamic_complexity":7.89656305313,"erbbands":{"dmean":[0.237952768803,1.66314816475,3.71721625328,7.05622816086,10.0988359451,11.24659729,11.4075183868,12.512304306,9.24738788605,18.7773513794,14.266711235,18.9619960785,12.6808052063,15.4782810211,25.5297527313,23.3219490051,18.6686382294,13.6489305496,12.8902931213,9.39798164368,5.36214542389,3.33765220642,1.89020466805,0.945987701416,0.640408992767,0.50158905983,0.322544664145,0.215850785375,0.144037976861,0.0971634685993,0.0675389021635,0.047695223242,0.0342499539256,0.0239845085889,0.0157401878387,0.0095096686855,0.00537337595597,0.00363190844655,0.00281341793016,0.00822638534009],"dmean2":[0.403465151787,2.76523995399,6.13981103897,11.2905578613,16.1726703644,18.3097248077,18.4841556549,19.787771225,14.6096487045,29.1726016998,22.6129131317,29.7991695404,20.30991745,24.4910621643,38.8454818726,36.7918205261,29.7030448914,21.805065155,20.2807693481,14.8947601318,8.43391227722,5.05534076691,2.95949482918,1.49712312222,1.03067243099,0.812130630016,0.513517022133,0.343601584435,0.227792054415,0.153814956546,0.108481600881,0.0773350968957,0.0557716861367,0.0389134660363,0.0254407264292,0.0152810122818,0.00851939246058,0.00541839655489,0.00396789237857,0.0105708613992],"dvar":[0.365894526243,12.2922134399,42.4491500854,339.923553467,912.344909668,1104.39685059,1343.90881348,3078.20263672,601.630981445,2296.86547852,1502.30859375,2501.65332031,2302.24975586,1934.22692871,4917.60839844,3029.41894531,3524.26708984,1776.77612305,1592.1550293,753.830688477,288.379241943,129.397613525,60.4600753784,17.4786510468,9.15439128876,7.07223939896,3.26464605331,1.08430147171,0.405262053013,0.093941859901,0.0266533214599,0.0103138890117,0.00526223890483,0.00252127205022,0.00105259311385,0.000372660404537,0.000119898984849,0.000858328014147,0.0000941285470617,0.000272698729532],"dvar2":[0.968562245369,31.9712333679,111.376800537,787.658874512,2111.47705078,2625.34912109,3313.33837891,6858.17871094,1416.64465332,5215.65087891,3654.79760742,5873.28417969,5194.74755859,4929.19873047,10825.5966797,7305.84082031,9116.89160156,4611.38427734,3948.23974609,1826.78930664,660.310241699,257.533447266,130.043014526,39.0648498535,21.1548194885,16.0438041687,7.19468069077,2.39952611923,0.755098938942,0.192951709032,0.0570143833756,0.0251534953713,0.012981262058,0.00619402434677,0.00256569474004,0.000898020225577,0.000273346347967,0.00116105854977,0.000156380789122,0.000440698757302],"max":[8.71747684479,55.2405929565,123.480018616,530.296081543,2131.35791016,754.491638184,1309.94238281,2743.60986328,809.303283691,1594.60717773,1595.50646973,1832.93200684,3637.43798828,2136.82739258,1766.42199707,1760.69750977,2295.8034668,1256.39379883,1600.80615234,944.401062012,659.463989258,478.627990723,447.899810791,273.711883545,168.77494812,201.71635437,171.012771606,71.0612945557,44.9045982361,16.7492599487,7.28296613693,2.03904652596,1.35913085938,0.937154233456,0.598573982716,0.397178977728,0.371191859245,3.81742095947,0.959912538528,0.330063909292],"mean":[0.234481811523,1.88092339039,4.79554843903,9.23282432556,13.1124458313,13.7501087189,14.0054540634,15.6639299393,12.9457426071,25.9915523529,20.813117981,26.9230136871,17.4479160309,21.9927062988,36.3265151978,34.7055931091,27.0053577423,19.8376674652,18.2787742615,12.8165607452,7.34189319611,4.88241291046,2.67002868652,1.28409969807,0.798702418804,0.602710366249,0.365048199892,0.240427106619,0.160766378045,0.106508694589,0.072539396584,0.0494670979679,0.0348814092577,0.0247528031468,0.0165830813348,0.0102792968974,0.0062423502095,0.00492961145937,0.00533790001646,0.0179680399597],"median":[0.0631239414215,0.567260861397,1.75977015495,2.89244580269,4.01621389389,3.58195543289,3.46800112724,3.33485412598,3.73938369751,6.29291152954,5.77425384521,5.73225212097,4.01580905914,4.45663881302,6.21044778824,6.90850782394,3.86936759949,2.49686670303,1.8446097374,1.5132522583,0.984417617321,0.586750268936,0.324563890696,0.185388803482,0.11122290045,0.0837940722704,0.0581421516836,0.0421505235136,0.0298925284296,0.021897578612,0.0160852987319,0.0113768614829,0.00773792061955,0.00558443181217,0.00385789736174,0.00250598043203,0.00174915173557,0.00139423878863,0.00170551810879,0.00437736138701],"min":[2.08254760383e-22,1.5598903733e-21,7.99635982831e-21,4.80930562957e-20,1.13285034452e-19,1.44054809071e-19,4.34584408717e-19,3.32041645763e-19,2.91882130421e-19,6.41812952797e-19,1.20264130471e-18,1.07137456574e-18,3.11588927863e-18,1.42042875761e-18,2.33199937023e-18,3.06922119604e-18,2.81276832278e-18,5.41064546217e-18,4.6799798699e-18,4.3235626332e-18,6.66060511684e-18,7.10337959589e-18,1.32727771544e-17,9.24387155828e-18,1.25271995637e-17,1.31470514916e-17,1.35542510005e-17,1.56586530727e-17,1.36889168314e-17,1.62822182144e-17,2.03630939141e-17,1.44378999247e-17,1.04692081141e-17,1.04878420117e-17,9.4669017853e-18,5.38522578836e-18,2.8436529721e-18,1.2072028956e-18,3.16171539476e-19,3.16251892318e-20],"var":[0.299679726362,13.0691261292,61.2833175659,580.466064453,1232.88977051,1454.21594238,1664.51318359,3842.44726562,939.603820801,3747.40869141,2312.31738281,4579.19189453,3923.36669922,2906.86035156,9044.46386719,5426.02392578,5499.56005859,2974.02392578,2337.80151367,1086.0723877,386.883636475,207.398803711,81.8760910034,22.0532550812,11.8327922821,11.5645465851,4.63201141357,1.46708106995,0.625753581524,0.143508777022,0.0386682860553,0.0119255930185,0.00580187048763,0.0028247195296,0.00120952329598,0.000442072603619,0.000168955637491,0.0024165075738,0.000231636950048,0.000985548365861]},"erbbands_crest":{"dmean":3.12189674377,"dmean2":5.12234544754,"dvar":7.67745494843,"dvar2":19.5502338409,"max":33.02551651,"mean":9.39827442169,"median":8.46437644958,"min":2.42482447624,"var":18.0090827942},"erbbands_flatness_db":{"dmean":0.0329826548696,"dmean2":0.0516015700996,"dvar":0.000805121089797,"dvar2":0.00191914907191,"max":0.414638459682,"mean":0.175275996327,"median":0.17662113905,"min":0.0273510087281,"var":0.00296447635628},"erbbands_kurtosis":{"dmean":1.65512835979,"dmean2":2.67733669281,"dvar":7.84462308884,"dvar2":18.9827880859,"max":68.5472793579,"mean":1.37669312954,"median":0.445210456848,"min":-1.88761913776,"var":13.1348295212},"erbbands_skewness":{"dmean":0.521590054035,"dmean2":0.80625885725,"dvar":0.225787773728,"dvar2":0.522302567959,"max":6.68952989578,"mean":0.36192458868,"median":0.272320628166,"min":-5.25232028961,"var":0.9009552598},"erbbands_spread":{"dmean":6.75221395493,"dmean2":10.665977478,"dvar":42.2238349915,"dvar2":101.169342041,"max":144.270812988,"mean":25.0450286865,"median":21.7551078796,"min":1.07909166813,"var":187.593231201},"gfcc":{"cov":[[23148.6230469,1865.8939209,-1755.83789062,-1656.93273926,191.727661133,-347.01272583,-336.678253174,-389.529663086,-67.5970840454,-168.133132935,249.545852661,-377.694915771,29.1275119781],[1865.8939209,1072.68811035,18.9650230408,-394.513793945,101.985168457,-130.836242676,1.11352372169,-112.434989929,64.4346923828,-84.6691741943,66.8615341187,-70.7873382568,46.4500007629],[-1755.83789062,18.9650230408,718.250244141,258.766021729,-206.977783203,135.824005127,-18.6126918793,86.5678939819,-58.2421798706,40.189239502,-37.2608032227,22.8673419952,-14.6864528656],[-1656.93273926,-394.513793945,258.766021729,686.488464355,-33.9876251221,70.9796981812,13.0992641449,73.4625244141,-103.37071228,22.1139945984,-97.9285125732,68.9594573975,-20.6300964355],[191.727661133,101.985168457,-206.977783203,-33.9876251221,347.476074219,-4.96223545074,69.836517334,-41.7254371643,69.1218185425,-54.6667938232,15.3637361526,-15.0155887604,10.0062599182],[-347.01272583,-130.836242676,135.824005127,70.9796981812,-4.96223545074,211.872695923,45.7241363525,51.4612731934,-36.7675132751,14.0809268951,-9.33527946472,13.2387056351,-0.289043426514],[-336.678253174,1.11352372169,-18.6126918793,13.0992641449,69.836517334,45.7241363525,177.475479126,24.7048377991,27.0472354889,-6.13623189926,14.1354093552,9.37654495239,-2.67779278755],[-389.529663086,-112.434989929,86.5678939819,73.4625244141,-41.7254371643,51.4612731934,24.7048377991,113.758750916,28.5329761505,31.7431869507,-8.17845821381,7.68164491653,-3.86125850677],[-67.5970840454,64.4346923828,-58.2421798706,-103.37071228,69.1218185425,-36.7675132751,27.0472354889,28.5329761505,141.733032227,45.1978530884,32.7868118286,-17.7594451904,-1.67337799072],[-168.133132935,-84.6691741943,40.189239502,22.1139945984,-54.6667938232,14.0809268951,-6.13623189926,31.7431869507,45.1978530884,97.537727356,40.8211250305,8.7470703125,-14.7427444458],[249.545852661,66.8615341187,-37.2608032227,-97.9285125732,15.3637361526,-9.33527946472,14.1354093552,-8.17845821381,32.7868118286,40.8211250305,89.2926712036,17.5350093842,2.90660953522],[-377.694915771,-70.7873382568,22.8673419952,68.9594573975,-15.0155887604,13.2387056351,9.37654495239,7.68164491653,-17.7594451904,8.7470703125,17.5350093842,69.7912216187,24.5917282104],[29.1275119781,46.4500007629,-14.6864528656,-20.6300964355,10.0062599182,-0.289043426514,-2.67779278755,-3.86125850677,-1.67337799072,-14.7427444458,2.90660953522,24.5917282104,57.2182693481]],"icov":[[0.0000848257914186,-0.000180933158845,0.000282844499452,0.0000214295105252,0.0000644671963528,-0.000124691345263,0.000160751442309,-0.000142008822877,0.000301221560221,-0.000129993932205,-0.000136096103233,0.000314327422529,0.0000171969513758],[-0.000180933158845,0.00236636889167,-0.00165096728597,0.000524750445038,-0.000406907609431,0.00129207829013,-0.000649206282105,0.00141976505984,-0.00121882266831,0.00225250306539,-0.00177177449223,0.00158791628201,-0.00196810206398],[0.000282844499452,-0.00165096728597,0.00384745793417,-0.00138070899993,0.00217948039062,-0.00257557886653,0.00105179823004,-0.00102923985105,-0.000100329540146,0.000167409409187,-0.00056127877906,0.000602742307819,0.001081276685],[0.0000214295105252,0.000524750445038,-0.00138070899993,0.00432117981836,-0.00283524091356,0.00199324381538,-0.00067227584077,-0.00192730943672,0.00462770322338,-0.00521210674196,0.00574846286327,-0.00392581010237,0.00129873002879],[0.0000644671963528,-0.000406907609431,0.00217948039062,-0.00283524091356,0.00746727501974,-0.0033286572434,-0.000314839067869,0.00330451596528,-0.00727920420468,0.00828135851771,-0.00492184329778,0.00232448475435,-0.0001078781861],[-0.000124691345263,0.00129207829013,-0.00257557886653,0.00199324381538,-0.0033286572434,0.00892734061927,-0.00240724650212,-0.00328877777793,0.00571597507223,-0.004494340159,0.00211553787813,-0.000137827330036,-0.00167430925649],[0.000160751442309,-0.000649206282105,0.00105179823004,-0.00067227584077,-0.000314839067869,-0.00240724650212,0.00767058413476,-0.00152357236948,-0.00171739025973,0.00270611420274,-0.00232397136278,-0.000797448039521,0.00187965331133],[-0.000142008822877,0.00141976505984,-0.00102923985105,-0.00192730943672,0.00330451596528,-0.00328877777793,-0.00152357236948,0.0159696303308,-0.00859470292926,0.00285393442027,-0.00068392540561,0.000839838583488,-0.00146970734932],[0.000301221560221,-0.00121882266831,-0.000100329540146,0.00462770322338,-0.00727920420468,0.00571597507223,-0.00171739025973,-0.00859470292926,0.0223607588559,-0.0168427247554,0.00573192583397,0.00122939574067,-0.00138490530662],[-0.000129993932205,0.00225250306539,0.000167409409187,-0.00521210674196,0.00828135851771,-0.004494340159,0.00270611420274,0.00285393442027,-0.0168427247554,0.0334178172052,-0.0189973134547,0.00401283986866,0.00260778446682],[-0.000136096103233,-0.00177177449223,-0.00056127877906,0.00574846286327,-0.00492184329778,0.00211553787813,-0.00232397136278,-0.00068392540561,0.00573192583397,-0.0189973134547,0.0295680630952,-0.0140945762396,0.00398114696145],[0.000314327422529,0.00158791628201,0.000602742307819,-0.00392581010237,0.00232448475435,-0.000137827330036,-0.000797448039521,0.000839838583488,0.00122939574067,0.00401283986866,-0.0140945762396,0.0302583165467,-0.014316461049],[0.0000171969513758,-0.00196810206398,0.001081276685,0.00129873002879,-0.0001078781861,-0.00167430925649,0.00187965331133,-0.00146970734932,-0.00138490530662,0.00260778446682,0.00398114696145,-0.014316461049,0.026393102482]],"mean":[-115.190254211,129.968460083,-65.3942184448,-16.1116867065,-9.39003658295,-2.7903842926,-9.98851585388,-11.9798126221,-4.76361179352,-11.0661830902,-6.13544273376,-8.11101436615,-4.23385000229]},"hfc":{"dmean":77.5131835938,"dmean2":106.277244568,"dvar":14725.0371094,"dvar2":29825.2304688,"max":1866.28039551,"mean":185.460083008,"median":98.0817718506,"min":1.16529909209e-16,"var":51332.3945312},"melbands":{"dmean":[0.00208964641206,0.00197765766643,0.00126091320999,0.000753455038648,0.000405768689234,0.000272617064184,0.000150825479068,0.000190081496839,0.000124237951241,0.000117632909678,0.0000638181663817,0.0000608255359111,0.0000981457997113,0.0000620373684797,0.0000558670762985,0.0000353216346412,0.0000259053813352,0.0000219226913032,0.0000161324423971,0.0000103902111732,0.00000576081265535,0.00000386965302823,0.00000238218626691,0.00000135442496685,7.52549112804e-7,5.15203055329e-7,4.27275182346e-7,3.19858230569e-7,2.15942165482e-7,1.60629753054e-7,1.18135652372e-7,8.59414441834e-8,6.55216609857e-8,4.97375793884e-8,3.9969101806e-8,3.30512150981e-8,2.76498770546e-8,2.42776643233e-8,2.17371241007e-8,1.96974401234e-8],"dmean2":[0.00348591990769,0.00324086542241,0.00199699751101,0.00120542861987,0.000655723444652,0.000430085259723,0.000237575863139,0.000295881152852,0.000196886481717,0.000185705386684,0.000102962425444,0.0000979198593996,0.000150529565872,0.0000967433297774,0.0000890339506441,0.000056896093156,0.0000418014715251,0.0000347898167092,0.0000255948034464,0.0000167679609149,0.00000915395321499,0.00000594789526076,0.00000373346460947,0.00000216017770072,0.00000119979893043,8.30462681733e-7,7.02870238456e-7,5.23621451975e-7,3.48586723931e-7,2.61519090827e-7,1.89682083374e-7,1.37125496735e-7,1.03354068415e-7,7.98079398123e-8,6.42392095074e-8,5.34058948176e-8,4.5061241849e-8,3.95674142339e-8,3.53363667216e-8,3.19400754734e-8],"dvar":[0.0000248934084084,0.0000121533221318,0.0000100436909634,0.00000446657168141,0.00000139900612339,0.00000131251545099,1.50764137175e-7,2.23010601985e-7,9.7187864867e-8,1.09405455362e-7,6.18587563395e-8,3.44672059782e-8,8.17533347686e-8,2.02671728289e-8,2.78502465534e-8,1.57947823709e-8,6.46366560275e-9,4.62202187634e-9,2.51200815704e-9,9.76377312334e-10,3.59196811184e-10,1.74152650634e-10,8.41342481794e-11,4.31277097368e-11,1.16286242788e-11,7.62185106695e-12,4.22785677995e-12,2.86582368079e-12,1.30067592981e-12,9.3979099676e-13,3.4623559987e-13,1.69089731366e-13,7.08100841417e-14,2.04532283444e-14,9.95526716754e-15,5.44773983411e-15,3.45591073018e-15,2.65423385615e-15,2.09978175899e-15,1.69269655987e-15],"dvar2":[0.0000650070433039,0.0000314409517159,0.0000229956640396,0.0000104946566353,0.00000347515560861,0.00000293210291602,3.49802377286e-7,5.09644678459e-7,2.3389632986e-7,2.60912031536e-7,1.40873311238e-7,9.02069530184e-8,1.79958291824e-7,4.5451031383e-8,7.29516074216e-8,4.25896935496e-8,1.68203104778e-8,1.14670379858e-8,6.28907859124e-9,2.36182162716e-9,8.16954115468e-10,3.55013851649e-10,1.82936152338e-10,1.03451761047e-10,2.73215686186e-11,1.8612505634e-11,9.54663171432e-12,6.45214350697e-12,2.82254514899e-12,2.36355683289e-12,7.86550349591e-13,3.35298412299e-13,1.39190091744e-13,4.49336748365e-14,2.06822287839e-14,1.28090143405e-14,8.52060426609e-15,6.55109977428e-15,5.17226523791e-15,4.15471439397e-15],"max":[0.0781844109297,0.0491128601134,0.100200653076,0.110235512257,0.0426988489926,0.0579522997141,0.0171551499516,0.0141135361046,0.0111053818837,0.0127725852653,0.0191050115973,0.00949527136981,0.00787364691496,0.00411029113457,0.00614889198914,0.00400724355131,0.00246343575418,0.00218871398829,0.00204094266519,0.00107624707744,0.000768947298639,0.000608256435953,0.000398030533688,0.000451832864201,0.000239349348703,0.00016373048129,0.000117917101306,0.000130618049297,0.000106721665361,0.0000801566202426,0.0000320878680213,0.0000292983477266,0.0000172733562067,0.00000772763087298,0.00000491793934998,0.00000241104498855,0.00000108991230263,9.65462390923e-7,8.57013105815e-7,7.66937375829e-7],"mean":[0.00224105082452,0.00258972099982,0.00175292626955,0.000982144381851,0.000512880273163,0.000348598143319,0.000214855463128,0.000264108763076,0.000176347675733,0.000163115080795,0.0000839216154418,0.0000827363546705,0.000131665612571,0.0000891581075848,0.0000800833659014,0.0000483153962705,0.0000352890310751,0.000029908704164,0.0000215551281144,0.000013166939425,0.0000075629445746,0.00000539323946214,0.00000321530387737,0.00000177970650839,9.57372662924e-7,6.17262458036e-7,5.03460682921e-7,3.73786576802e-7,2.39711994254e-7,1.73419095972e-7,1.28035168245e-7,9.44951779047e-8,7.18946537859e-8,5.37667013134e-8,4.2834873426e-8,3.48474138434e-8,2.82592633738e-8,2.45934046461e-8,2.22176144149e-8,2.036073532e-8],"median":[0.000685369945131,0.000953866401687,0.000600302999374,0.000300226500258,0.000133549619932,0.0000750552135287,0.0000611251962255,0.0000645916661597,0.0000446393387392,0.0000338406534865,0.0000173792032001,0.0000163341683219,0.0000186968609341,0.0000182922012755,0.0000130375192384,0.00000590573927184,0.00000408908499594,0.00000273314549304,0.00000232997263083,0.00000158811224082,9.83991185421e-7,6.1656953676e-7,3.68631418723e-7,2.1443244691e-7,1.38474888445e-7,8.540086327e-8,6.26404386139e-8,5.18652640835e-8,3.68891583946e-8,2.75631695246e-8,2.20344915647e-8,1.70083893636e-8,1.37158311375e-8,1.12517417605e-8,9.34496924287e-9,7.83870568455e-9,6.35753005795e-9,5.37568345393e-9,4.91542451186e-9,4.61093563331e-9],"min":[3.17668350354e-24,3.76696780575e-24,1.0311071519e-23,1.23075309531e-23,1.51338594377e-23,7.34479043226e-24,4.11960716862e-24,7.92154162842e-24,1.27849803385e-23,7.62552394032e-24,1.58149982309e-23,6.08725345818e-24,5.44956709582e-24,8.47931914209e-24,9.37971393526e-24,6.26241647231e-24,9.48008307481e-24,7.0002010005e-24,5.97832162793e-24,5.8896927108e-24,8.53159932086e-24,6.56046705496e-24,1.1981619381e-23,1.02002231511e-23,6.60653061537e-24,1.01139343899e-23,6.7401246041e-24,7.77971863716e-24,8.85816328094e-24,7.34455614057e-24,9.82603329163e-24,7.3466923759e-24,7.34567868964e-24,1.0201159529e-23,1.0772444708e-23,1.1042992444e-23,8.0020630276e-24,7.39657520638e-24,6.96588318454e-24,8.84607950959e-24],"var":[0.0000224767118198,0.000017078302335,0.0000184494329005,0.00000605368859397,0.00000182159874385,0.00000168908547948,2.45759849804e-7,3.65992718798e-7,1.58529886107e-7,1.85973874522e-7,1.01604626934e-7,4.61333655721e-8,1.44386774537e-7,3.82339280236e-8,4.02521393994e-8,2.21937792588e-8,1.00998116537e-8,6.84744128066e-9,3.3258669152e-9,1.23881993552e-9,4.72433703269e-10,2.70769767718e-10,1.11333886554e-10,4.91767217226e-11,1.32125126812e-11,8.01545548684e-12,6.52607481944e-12,4.7161142179e-12,1.86403193228e-12,1.12719176441e-12,4.21505441228e-13,2.36441454523e-13,1.16673015108e-13,2.79962939089e-14,1.50578198998e-14,6.80154412338e-15,3.83721468161e-15,2.9149294215e-15,2.32778460543e-15,1.90220603009e-15]},"melbands_crest":{"dmean":4.52714681625,"dmean2":7.50271224976,"dvar":13.3345880508,"dvar2":35.8055229187,"max":37.3468055725,"mean":16.6530189514,"median":16.080532074,"min":1.95205950737,"var":33.4564857483},"melbands_flatness_db":{"dmean":0.0495630763471,"dmean2":0.0786249935627,"dvar":0.00166521291249,"dvar2":0.00418068002909,"max":0.646173715591,"mean":0.33455953002,"median":0.328008919954,"min":0.00389542803168,"var":0.00538017088547},"melbands_kurtosis":{"dmean":13.5977430344,"dmean2":21.9506473541,"dvar":470.961791992,"dvar2":1182.55212402,"max":313.125091553,"mean":21.3846111298,"median":9.48115730286,"min":-1.89459979534,"var":1016.07537842},"melbands_skewness":{"dmean":1.08678293228,"dmean2":1.71466350555,"dvar":1.14991152287,"dvar2":2.8089325428,"max":14.9628286362,"mean":3.04278540611,"median":2.58569216728,"min":-2.28859233856,"var":4.36263084412},"melbands_spread":{"dmean":4.22542381287,"dmean2":6.68684482574,"dvar":32.7290802002,"dvar2":75.4391403198,"max":184.208343506,"mean":10.4916353226,"median":7.3977098465,"min":0.282981485128,"var":140.906921387},"mfcc":{"cov":[[18097.1367188,3605.88354492,-2786.09155273,-595.059082031,-335.613098145,-133.02885437,-341.320007324,-278.934326172,-376.118652344,-190.003204346,8.59212303162,42.9670181274,-41.9973640442],[3605.88354492,2044.03198242,-552.094116211,-367.375305176,-42.1863594055,-80.6493911743,-139.163345337,-85.2121963501,-76.9331893921,-68.4634933472,9.24750804901,42.580329895,14.5234584808],[-2786.09155273,-552.094116211,1134.89111328,178.289520264,-28.9223880768,24.8485851288,83.4350509644,37.5456809998,40.0218391418,23.1205654144,-11.3933677673,-9.92714309692,5.08161354065],[-595.059082031,-367.375305176,178.289520264,400.773468018,66.0247802734,26.143447876,42.6047363281,30.2440032959,18.4965858459,1.03283202648,-37.459186554,-29.3567810059,-10.4814538956],[-335.613098145,-42.1863594055,-28.9223880768,66.0247802734,196.820831299,51.1655044556,3.37185359001,25.7555370331,29.4288196564,0.132406324148,-12.6769771576,-3.20711898804,8.27968406677],[-133.02885437,-80.6493911743,24.8485851288,26.143447876,51.1655044556,128.652008057,79.8247909546,35.4126625061,14.4987783432,2.98165464401,-4.72942495346,-6.96259069443,0.559373557568],[-341.320007324,-139.163345337,83.4350509644,42.6047363281,3.37185359001,79.8247909546,144.605667114,75.7157592773,16.2316951752,-0.741701304913,-9.9448633194,-9.94987297058,-2.19019246101],[-278.934326172,-85.2121963501,37.5456809998,30.2440032959,25.7555370331,35.4126625061,75.7157592773,99.9994125366,52.996219635,1.56968057156,-11.9050483704,-6.42305707932,0.0230270810425],[-376.118652344,-76.9331893921,40.0218391418,18.4965858459,29.4288196564,14.4987783432,16.2316951752,52.996219635,90.2047958374,41.424331665,-0.486669778824,1.73365569115,4.25944375992],[-190.003204346,-68.4634933472,23.1205654144,1.03283202648,0.132406324148,2.98165464401,-0.741701304913,1.56968057156,41.424331665,76.3613357544,49.088634491,15.4449338913,5.26221179962],[8.59212303162,9.24750804901,-11.3933677673,-37.459186554,-12.6769771576,-4.72942495346,-9.9448633194,-11.9050483704,-0.486669778824,49.088634491,88.9640579224,49.9039001465,10.4770240784],[42.9670181274,42.580329895,-9.92714309692,-29.3567810059,-3.20711898804,-6.96259069443,-9.94987297058,-6.42305707932,1.73365569115,15.4449338913,49.9039001465,69.1443328857,39.6330413818],[-41.9973640442,14.5234584808,5.08161354065,-10.4814538956,8.27968406677,0.559373557568,-2.19019246101,0.0230270810425,4.25944375992,5.26221179962,10.4770240784,39.6330413818,59.7085838318]],"icov":[[0.00014467453002,-0.000190093895071,0.00027437924291,-0.000132563553052,0.00031972018769,-0.000273287529126,0.000275519501884,-0.000289029907435,0.000570290081669,-0.000360213307431,0.000344274245435,-0.000277958199149,0.000184974487638],[-0.000190093895071,0.000934585637879,-0.000144755191286,0.000651661073789,-0.000440771051217,0.000404414284276,-0.0000278010302281,0.000393848342355,-0.000620711944066,0.00090091774473,-0.000251921068411,-0.0000897358404472,-0.000109510052425],[0.00027437924291,-0.000144755191286,0.00160914706066,-0.000557626306545,0.000906099157874,-0.000300976069411,-0.000203161282116,0.000126394603285,0.000256144499872,-0.000245078321313,0.000392764079152,-0.000342041166732,0.0000244818711508],[-0.000132563553052,0.000651661073789,-0.000557626306545,0.00357180717401,-0.00152207340579,0.00068888842361,-0.000607522611972,-0.000262918736553,0.000792461796664,-0.0013835147256,0.00216933758929,-0.000707394210622,0.00075943802949],[0.00031972018769,-0.000440771051217,0.000906099157874,-0.00152207340579,0.0077583710663,-0.00465843267739,0.00406453106552,-0.00263696699403,-0.000217161592445,0.000365925458027,0.000347078515915,0.0000284767793346,-0.00099086004775],[-0.000273287529126,0.000404414284276,-0.000300976069411,0.00068888842361,-0.00465843267739,0.0154115809128,-0.0113926967606,0.00616715615615,-0.00486383028328,0.00331522314809,-0.00358518189751,0.00331264548004,-0.00157769478392],[0.000275519501884,-0.0000278010302281,-0.000203161282116,-0.000607522611972,0.00406453106552,-0.0113926967606,0.023335147649,-0.0205143671483,0.0143122095615,-0.00998795218766,0.00756148435175,-0.00482404511422,0.00225271657109],[-0.000289029907435,0.000393848342355,0.000126394603285,-0.000262918736553,-0.00263696699403,0.00616715615615,-0.0205143671483,0.0381846614182,-0.0304599907249,0.0232197605073,-0.0158049222082,0.0108576109633,-0.00512253073975],[0.000570290081669,-0.000620711944066,0.000256144499872,0.000792461796664,-0.000217161592445,-0.00486383028328,0.0143122095615,-0.0304599907249,0.0472306907177,-0.0398556739092,0.0302672833204,-0.0206090509892,0.00979385990649],[-0.000360213307431,0.00090091774473,-0.000245078321313,-0.0013835147256,0.000365925458027,0.00331522314809,-0.00998795218766,0.0232197605073,-0.0398556739092,0.0586119033396,-0.0460793524981,0.0300837885588,-0.0153573481366],[0.000344274245435,-0.000251921068411,0.000392764079152,0.00216933758929,0.000347078515915,-0.00358518189751,0.00756148435175,-0.0158049222082,0.0302672833204,-0.0460793524981,0.0600155033171,-0.0470822006464,0.0235426872969],[-0.000277958199149,-0.0000897358404472,-0.000342041166732,-0.000707394210622,0.0000284767793346,0.00331264548004,-0.00482404511422,0.0108576109633,-0.0206090509892,0.0300837885588,-0.0470822006464,0.0629310309887,-0.0351765491068],[0.000184974487638,-0.000109510052425,0.0000244818711508,0.00075943802949,-0.00099086004775,-0.00157769478392,0.00225271657109,-0.00512253073975,0.00979385990649,-0.0153573481366,0.0235426872969,-0.0351765491068,0.0371458530426]],"mean":[-782.343322754,189.943344116,10.1564350128,10.0281105042,15.9038648605,13.9531459808,5.77209377289,6.12837791443,4.51738214493,0.882060587406,-0.130928233266,2.22051501274,1.62358236313]},"pitch_salience":{"dmean":0.0947945713997,"dmean2":0.156435027719,"dvar":0.00621084310114,"dvar2":0.0167221743613,"max":0.841695308685,"mean":0.542596817017,"median":0.55788731575,"min":0.0697809681296,"var":0.014854118228},"silence_rate_20dB":{"dmean":0.000141622993397,"dmean2":0.000283266068436,"dvar":0.000141587777762,"dvar2":0.000283125147689,"max":1,"mean":0.999858379364,"median":1,"min":0,"var":0.000141577751492},"silence_rate_30dB":{"dmean":0.0710947439075,"dmean2":0.142199561,"dvar":0.0660440772772,"dvar2":0.149748027325,"max":1,"mean":0.924803495407,"median":1,"min":0,"var":0.0695463642478},"silence_rate_60dB":{"dmean":0.0409290455282,"dmean2":0.0818638876081,"dvar":0.0392454341054,"dvar2":0.082395426929,"max":1,"mean":0.241237699986,"median":0,"min":0,"var":0.183004140854},"spectral_centroid":{"dmean":146.591766357,"dmean2":225.428161621,"dvar":37618.2109375,"dvar2":74422.3671875,"max":11051.84375,"mean":583.713562012,"median":496.511871338,"min":101.340515137,"var":155835.578125},"spectral_complexity":{"dmean":2.70075058937,"dmean2":3.86304092407,"dvar":9.45909881592,"dvar2":17.6955356598,"max":51,"mean":11.3845500946,"median":11,"min":0,"var":80.4745788574},"spectral_contrast_coeffs":{"dmean":[0.0582054667175,0.0484648197889,0.0381181277335,0.0334030762315,0.0365364402533,0.0250939838588],"dmean2":[0.0945126712322,0.0796846598387,0.0623928010464,0.0529583208263,0.0580787919462,0.0403244420886],"dvar":[0.00228162505664,0.00157478044275,0.000964872189797,0.00079033873044,0.00105758372229,0.000837288214825],"dvar2":[0.00560053996742,0.00413282727823,0.00249318312854,0.00192446284927,0.0024713773746,0.00203562877141],"max":[-0.219460368156,-0.371867716312,-0.562823534012,-0.564806342125,-0.636945426464,-0.468842148781],"mean":[-0.68385976553,-0.792371451855,-0.820741832256,-0.826796412468,-0.850576877594,-0.844768822193],"median":[-0.685661673546,-0.798582017422,-0.824955165386,-0.829194664955,-0.859365046024,-0.853739440441],"min":[-0.998550534248,-0.993964552879,-0.981407940388,-0.991225004196,-0.988837301731,-0.957957744598],"var":[0.00912380684167,0.00555271981284,0.00356094283052,0.00352932023816,0.00426988722757,0.00177720957436]},"spectral_contrast_valleys":{"dmean":[0.465247064829,0.450918465853,0.430643647909,0.443924039602,0.578663468361,0.700302481651],"dmean2":[0.722679555416,0.688713550568,0.631611585617,0.654631018639,0.897666871548,1.09734916687],"dvar":[0.15998211503,0.159507244825,0.15792632103,0.191534176469,0.286486625671,0.344574451447],"dvar2":[0.337625682354,0.326167076826,0.296436697245,0.38648340106,0.668955504894,0.857282936573],"max":[-4.80633163452,-4.42514610291,-4.76521921158,-5.15120744705,-5.58831310272,-8.82226848602],"mean":[-7.28276824951,-7.15031051636,-7.6828546524,-8.38854217529,-9.18414306641,-11.7796907425],"median":[-6.90418958664,-6.61267518997,-7.19948911667,-8.02583503723,-8.89060974121,-11.5113897324],"min":[-27.2950611115,-27.095293045,-27.490152359,-27.3426456451,-27.5225715637,-27.2942733765],"var":[2.08288192749,2.67416524887,2.69574213028,2.66199231148,1.98046755791,1.99269127846]},"spectral_decrease":{"dmean":3.86274567887e-9,"dmean2":6.06033578876e-9,"dvar":4.23094379904e-17,"dvar2":1.02197979392e-16,"max":1.39136497879e-8,"mean":-5.6963957995e-9,"median":-2.12376338737e-9,"min":-1.52868366854e-7,"var":7.6447866776e-17},"spectral_energy":{"dmean":0.017187602818,"dmean2":0.0252204742283,"dvar":0.000689700769726,"dvar2":0.00156023423187,"max":0.599317848682,"mean":0.0383212603629,"median":0.0256943628192,"min":1.0603562841e-20,"var":0.00181664957199},"spectral_energyband_high":{"dmean":0.0000907152134459,"dmean2":0.000131027816678,"dvar":4.40027569937e-8,"dvar2":8.30592696843e-8,"max":0.00839607603848,"mean":0.00015767988225,"median":0.0000307325462927,"min":7.29831390316e-21,"var":1.17378668563e-7},"spectral_energyband_low":{"dmean":0.0109305353835,"dmean2":0.0175032969564,"dvar":0.000426847953349,"dvar2":0.00106648646761,"max":0.282676130533,"mean":0.0150701897219,"median":0.0062533468008,"min":3.87140431213e-23,"var":0.000577318889555},"spectral_energyband_middle_high":{"dmean":0.00190249446314,"dmean2":0.00278916093521,"dvar":0.0000175569985004,"dvar2":0.0000387892505387,"max":0.138501435518,"mean":0.00366691895761,"median":0.00087072030874,"min":1.28942664777e-21,"var":0.000045694221626},"spectral_energyband_middle_low":{"dmean":0.00711840391159,"dmean2":0.0108321150765,"dvar":0.000213637424167,"dvar2":0.000484841119032,"max":0.591325998306,"mean":0.0131511669606,"median":0.00670157978311,"min":3.51706679995e-22,"var":0.000444164819783},"spectral_entropy":{"dmean":0.325172811747,"dmean2":0.511115729809,"dvar":0.0867715030909,"dvar2":0.209967195988,"max":9.78838920593,"mean":6.95581674576,"median":6.98190164566,"min":4.01038694382,"var":0.282222747803},"spectral_flux":{"dmean":0.0311265029013,"dmean2":0.048888489604,"dvar":0.00147697492503,"dvar2":0.00327905663289,"max":0.477048188448,"mean":0.10229498893,"median":0.0960621982813,"min":1.02973601868e-10,"var":0.00576661154628},"spectral_kurtosis":{"dmean":13.7465610504,"dmean2":22.0951576233,"dvar":227.144882202,"dvar2":589.843017578,"max":204.196563721,"mean":31.5535812378,"median":26.10729599,"min":-1.13759601116,"var":440.343261719},"spectral_rms":{"dmean":0.00120486645028,"dmean2":0.00167778658215,"dvar":0.00000199463556783,"dvar2":0.00000404210686611,"max":0.0241805780679,"mean":0.00500768795609,"median":0.00500676268712,"min":3.21635513362e-12,"var":0.0000123096388052},"spectral_rolloff":{"dmean":3998.19213867,"dmean2":7832.31152344,"dvar":63056320,"dvar2":143279712,"max":22050,"mean":12986.3603516,"median":21382.4707031,"min":43.06640625,"var":107215152},"spectral_skewness":{"dmean":0.92239177227,"dmean2":1.46521484852,"dvar":0.810764849186,"dvar2":2.09611582756,"max":12.1404972076,"mean":4.12334775925,"median":3.89390325546,"min":-0.0337724611163,"var":2.09631490707},"spectral_spread":{"dmean":779485.0625,"dmean2":1243773,"dvar":548306976768,"dvar2":1292078546940,"max":39499328,"mean":3500300.5,"median":3242467.25,"min":672835.0625,"var":1805013352450},"spectral_strongpeak":{"dmean":6.44941568375,"dmean2":12.0059738159,"dvar":331.484375,"dvar2":878.462158203,"max":181.060577393,"mean":5.07237243652,"median":0.287443250418,"min":0,"var":279.778564453},"zerocrossingrate":{"dmean":0.0552101507783,"dmean2":0.0677354410291,"dvar":0.00233097956516,"dvar2":0.00354544189759,"max":0.7890625,"mean":0.273367255926,"median":0.279296875,"min":0.0107421875,"var":0.0197137519717}},"metadata":{"audio_properties":{"analysis_sample_rate":44100,"bit_rate":320000,"codec":"mp3","downmix":"mix","equal_loudness":0,"length":327.890045166,"lossless":false,"md5_encoded":"fc4b8ebc30e47734e378b83ead21386f","replay_gain":-5.09182548523,"sample_rate":44100},"tags":{"album":["Hooker 'n Heat"],"albumartist":["Canned Heat & John Lee Hooker"],"albumartistsort":["Canned Heat & Hooker, John Lee","Canned Heat & Hooker, John Lee"],"artist":["Canned Heat & John Lee Hooker"],"artistsort":["Canned Heat & Hooker, John Lee"],"catalognumber":["LST-35002"],"date":["1971"],"discnumber":["1/2"],"file_name":"09. Canned Heat & John Lee Hooker - Burning Hell.mp3","genre":["Blues"],"label":["Liberty Records"],"language":["eng"],"musicbrainz album release country":["US"],"musicbrainz album status":["official"],"musicbrainz album type":["album"],"musicbrainz_albumartistid":["815a0279-558c-4522-ac3b-6a1e259e95b5/b0122194-c49a-46a1-ade7-84d1d76bd8e9"],"musicbrainz_albumid":["fbc91a4b-b909-4ef1-8940-bdcc1f3a63e6"],"musicbrainz_artistid":["815a0279-558c-4522-ac3b-6a1e259e95b5/b0122194-c49a-46a1-ade7-84d1d76bd8e9"],"musicbrainz_recordingid":["d3e75181-6a44-4a2c-bfce-f1ce73dbfdbc"],"script":["Latn"],"title":["Burning Hell"],"tracknumber":["9/10"]},"version":{"essentia":"2.1-beta1","essentia_build_sha":"ca57ba49d9b1854bd80e60cf9ccf267278fb7d6b","essentia_git_sha":"v2.1_beta1-28-g21ef5f4-dirty","extractor":"music 1.0"}},"rhythm":{"beats_count":657,"beats_loudness":{"dmean":0.0292899142951,"dmean2":0.0510487034917,"dvar":0.00111707404722,"dvar2":0.00320108723827,"max":0.213083595037,"mean":0.0560049451888,"median":0.0521433241665,"min":1.01165014144e-8,"var":0.00220736232586},"beats_loudness_band_ratio":{"dmean":[0.221850633621,0.113369449973,0.0708588883281,0.053486276418,0.0188059397042,0.107326067984],"dmean2":[0.385833591223,0.199431